county,administered_date,total_doses,cumulative_total_doses,pfizer_doses,cumulative_pfizer_doses,moderna_doses,cumulative_moderna_doses,jj_doses,cumulative_jj_doses,partially_vaccinated,total_partially_vaccinated,fully_vaccinated,cumulative_fully_vaccinated,at_least_one_dose,cumulative_at_least_one_dose,california_flag
All CA Counties,2020-12-15,1132,1132,1132,1132,0,0,0,0,1132,1132,0,0,1132,1132,
All CA Counties,2020-12-16,8113,9245,8113,9245,0,0,0,0,8113,9245,0,0,8113,9245,
All CA Counties,2020-12-17,25704,34949,25704,34949,0,0,0,0,25706,34951,0,0,25706,34951,
All CA Counties,2020-12-18,43721,78670,43666,78615,55,55,0,0,43722,78673,0,0,43722,78673,
All CA Counties,2020-12-19,25187,103857,25164,103779,23,78,0,0,25186,103858,1,1,25186,103859,
All CA Counties,2020-12-20,18926,122783,18896,122675,30,108,0,0,18925,122782,1,2,18925,122784,
All CA Counties,2020-12-21,49520,172303,49438,172113,82,190,0,0,49522,172303,1,3,49522,172306,
All CA Counties,2020-12-22,49829,222132,47718,219831,2111,2301,0,0,49827,222129,1,4,49827,222133,
All CA Counties,2020-12-23,50193,272325,41494,261325,8699,11000,0,0,50189,272318,0,4,50189,272322,
All CA Counties,2020-12-24,24004,296329,16313,277638,7691,18691,0,0,24001,296318,1,5,24001,296323,
All CA Counties,2020-12-25,2331,298660,2011,279649,320,19011,0,0,2331,298649,0,5,2331,298654,
All CA Counties,2020-12-26,14600,313260,9428,289077,5172,24183,0,0,14599,313247,1,6,14599,313253,
All CA Counties,2020-12-27,9390,322650,5566,294643,3824,28007,0,0,9389,322635,1,7,9389,322642,
All CA Counties,2020-12-28,45619,368269,29247,323890,16372,44379,0,0,45616,368248,3,10,45616,368258,
All CA Counties,2020-12-29,50984,419253,28493,352383,22491,66870,0,0,50980,419225,3,13,50980,419238,
All CA Counties,2020-12-30,62859,482112,35623,388006,27236,94106,0,0,62853,482075,3,16,62853,482091,
All CA Counties,2020-12-31,29172,511284,10740,398746,18432,112538,0,0,29166,511237,4,20,29166,511257,
All CA Counties,2021-01-01,3900,515184,1723,400469,2177,114715,0,0,3895,515129,3,23,3895,515152,
All CA Counties,2021-01-02,18419,533603,10218,410687,8201,122916,0,0,18418,533547,0,23,18418,533570,
All CA Counties,2021-01-03,6122,539725,3470,414157,2652,125568,0,0,6093,539628,12,35,6093,539663,
All CA Counties,2021-01-04,43306,583031,21906,436063,21400,146968,0,0,43228,582813,43,78,43228,582891,
All CA Counties,2021-01-05,56132,639163,29553,465616,26579,173547,0,0,50700,628221,5377,5455,50785,633676,
All CA Counties,2021-01-06,72867,712030,40291,505907,32576,206123,0,0,57614,670786,15077,20532,57642,691318,
All CA Counties,2021-01-07,91613,803643,52117,558024,39496,245619,0,0,61196,701767,30258,50790,61239,752557,
All CA Counties,2021-01-08,106023,909666,63909,621933,42114,287733,0,0,65008,725947,40884,91674,65064,817621,
All CA Counties,2021-01-09,43570,953236,25035,646968,18535,306268,0,0,27484,737386,16067,107741,27506,845127,
All CA Counties,2021-01-10,24201,977437,14811,661779,9390,315658,0,0,12991,739199,11194,118935,13007,858134,
All CA Counties,2021-01-11,104071,1081508,69239,731018,34832,350490,0,0,60398,756107,43634,162569,60542,918676,
All CA Counties,2021-01-12,112456,1193964,66379,797397,46077,396567,0,0,71543,787037,40833,203402,71763,990439,
All CA Counties,2021-01-13,118357,1312321,61273,858670,57084,453651,0,0,84837,838511,33435,236837,84909,1075348,
All CA Counties,2021-01-14,122975,1435296,49260,907930,73715,527366,0,0,103500,922777,19373,256210,103639,1178987,
All CA Counties,2021-01-15,141466,1576762,51988,959918,89478,616844,0,0,126496,1034571,14878,271088,126672,1305659,
All CA Counties,2021-01-16,80301,1657063,27370,987288,52931,669775,0,0,72784,1099911,7492,278580,72832,1378491,
All CA Counties,2021-01-17,48013,1705076,16768,1004056,31245,701020,0,0,44387,1140723,3619,282199,44431,1422922,
All CA Counties,2021-01-18,87542,1792618,45538,1049594,42004,743024,0,0,68424,1190257,19038,301237,68572,1491494,
All CA Counties,2021-01-19,141300,1933918,73309,1122903,67991,811015,0,0,110278,1269911,30930,332167,110584,1602078,
All CA Counties,2021-01-20,157865,2091783,80057,1202960,77808,888823,0,0,124794,1362046,32894,365061,125029,1727107,
All CA Counties,2021-01-21,171901,2263684,76050,1279010,95851,984674,0,0,153102,1496861,18599,383660,153414,1880521,
All CA Counties,2021-01-22,168381,2432065,68643,1347653,99738,1084412,0,0,154211,1637187,14040,397700,154366,2034887,
All CA Counties,2021-01-23,110915,2542980,49373,1397026,61542,1145954,0,0,98405,1723251,12451,410151,98515,2133402,
All CA Counties,2021-01-24,60844,2603824,29459,1426485,31385,1177339,0,0,56225,1774939,4589,414740,56277,2189679,
All CA Counties,2021-01-25,143608,2747432,64769,1491254,78839,1256178,0,0,109015,1849784,34510,449250,109355,2299034,
All CA Counties,2021-01-26,167485,2914917,82268,1573522,85217,1341395,0,0,130470,1943612,36893,486143,130721,2429755,
All CA Counties,2021-01-27,179096,3094013,87740,1661262,91356,1432751,0,0,140256,2045616,38480,524623,140484,2570239,
All CA Counties,2021-01-28,186576,3280589,85873,1747135,100703,1533454,0,0,152842,2165231,33459,558082,153074,2723313,
All CA Counties,2021-01-29,182394,3462983,87799,1834934,94595,1628049,0,0,148081,2279759,33756,591838,148284,2871597,
All CA Counties,2021-01-30,122630,3585613,55102,1890036,67528,1695577,0,0,107683,2372808,14790,606628,107839,2979436,
All CA Counties,2021-01-31,69122,3654735,38857,1928893,30265,1725842,0,0,64089,2431956,4987,611615,64135,3043571,
All CA Counties,2021-02-01,157893,3812628,72714,2001607,85179,1811021,0,0,119894,2514118,37860,649475,120022,3163593,
All CA Counties,2021-02-02,185251,3997879,79363,2080970,105888,1916909,0,0,139670,2608767,45235,694710,139884,3303477,
All CA Counties,2021-02-03,209627,4207506,94739,2175709,114888,2031797,0,0,156081,2711996,53076,747786,156305,3459782,
All CA Counties,2021-02-04,227129,4434635,99660,2275369,127469,2159266,0,0,166863,2819462,59735,807521,167201,3626983,
All CA Counties,2021-02-05,244906,4679541,106146,2381515,138760,2298026,0,0,166823,2909484,77335,884856,167357,3794340,
All CA Counties,2021-02-06,154323,4833864,74623,2456138,79700,2377726,0,0,119794,2995398,34364,919220,120278,3914618,
All CA Counties,2021-02-07,66553,4900417,43016,2499154,23537,2401263,0,0,50200,3029770,16269,935489,50641,3965259,
All CA Counties,2021-02-08,179629,5080046,88161,2587315,91468,2492731,0,0,118720,3088749,60465,995954,119444,4084703,
All CA Counties,2021-02-09,209998,5290044,101509,2688824,108489,2601220,0,0,126195,3132687,83380,1079334,127318,4212021,
All CA Counties,2021-02-10,247342,5537386,119364,2808188,127978,2729198,0,0,138084,3163750,108458,1187792,139521,4351542,
All CA Counties,2021-02-11,262764,5800150,130136,2938324,132628,2861826,0,0,144647,3193046,117108,1304900,146404,4497946,
All CA Counties,2021-02-12,270349,6070499,118363,3056687,151986,3013812,0,0,146339,3218443,123264,1428164,148661,4646607,
All CA Counties,2021-02-13,166111,6236610,76979,3133666,89132,3102944,0,0,91834,3238345,73866,1502030,93768,4740375,
All CA Counties,2021-02-14,95096,6331706,47403,3181069,47693,3150637,0,0,51539,3248145,43412,1545442,53212,4793587,
All CA Counties,2021-02-15,141268,6472974,62131,3243200,79137,3229774,0,0,78337,3267078,62591,1608033,81524,4875111,
All CA Counties,2021-02-16,247094,6720068,117447,3360647,129647,3359421,0,0,132533,3288823,114221,1722254,135966,5011077,
All CA Counties,2021-02-17,256412,6976480,128002,3488649,128410,3487831,0,0,127995,3292539,127935,1850189,131651,5142728,
All CA Counties,2021-02-18,270268,7246748,141379,3630028,128889,3616720,0,0,131605,3290793,138046,1988235,136300,5279028,
All CA Counties,2021-02-19,249549,7496297,144682,3774710,104867,3721587,0,0,129523,3302894,119594,2107829,131695,5410723,
All CA Counties,2021-02-20,150518,7646815,96760,3871470,53758,3775345,0,0,83210,3321312,67081,2174910,85499,5496222,
All CA Counties,2021-02-21,71887,7718702,57995,3929465,13892,3789237,0,0,35473,3322886,36207,2211117,37781,5534003,
All CA Counties,2021-02-22,162293,7880995,108979,4038444,53314,3842551,0,0,81398,3326201,80593,2291710,83908,5617911,
All CA Counties,2021-02-23,221107,8102102,116340,4154784,104767,3947318,0,0,102535,3317662,118049,2409759,109510,5727421,
All CA Counties,2021-02-24,279965,8382067,141216,4296000,138749,4086067,0,0,133346,3313601,146046,2555805,141985,5869406,
All CA Counties,2021-02-25,314884,8696951,153979,4449979,160905,4246972,0,0,164591,3338004,149659,2705464,174062,6043468,
All CA Counties,2021-02-26,348847,9045798,162570,4612549,186277,4433249,0,0,195190,3387679,152828,2858292,202503,6245971,
All CA Counties,2021-02-27,245323,9291121,117222,4729771,128082,4561331,19,19,138911,3425313,105869,2964161,143503,6389474,
All CA Counties,2021-02-28,129305,9420426,77165,4806936,52137,4613468,3,22,75779,3451745,53165,3017326,79597,6469071,
All CA Counties,2021-03-01,235556,9655982,124818,4931754,110696,4724164,42,64,136207,3494118,98755,3116081,141128,6610199,
All CA Counties,2021-03-02,274415,9930397,133574,5065328,140826,4864990,15,79,163541,3555090,110441,3226522,171413,6781612,
All CA Counties,2021-03-03,326042,10256439,161002,5226330,165006,5029996,34,113,187350,3612595,138083,3364605,195588,6977200,
All CA Counties,2021-03-04,344112,10600551,172714,5399044,171317,5201313,81,194,201899,3680619,141550,3506155,209574,7186774,
All CA Counties,2021-03-05,330277,10930828,160458,5559502,168718,5370031,1101,1295,204761,3769289,124795,3630950,213465,7400239,
All CA Counties,2021-03-06,254498,11185326,129653,5689155,117072,5487103,7773,9068,157644,3843474,96485,3727435,170670,7570909,
All CA Counties,2021-03-07,123835,11309161,75338,5764493,44473,5531576,4024,13092,77010,3882428,46667,3774102,85621,7656530,
All CA Counties,2021-03-08,214190,11523351,103040,5867533,100807,5632383,10343,23435,139548,3963000,74323,3848425,154895,7811425,
All CA Counties,2021-03-09,264811,11788162,114614,5982147,134454,5766837,15743,39178,142853,4005806,121543,3969968,164349,7975774,
All CA Counties,2021-03-10,311989,12100151,153279,6135426,135062,5901899,23648,62826,167847,4059254,143583,4113551,197031,8172805,
All CA Counties,2021-03-11,370258,12470409,178581,6314007,159047,6060946,32630,95456,190642,4109181,178786,4292337,228713,8401518,
All CA Counties,2021-03-12,386897,12857306,172038,6486045,169156,6230102,45703,141159,188914,4150573,197277,4489614,238669,8640187,
All CA Counties,2021-03-13,277580,13134886,121369,6607414,125538,6355640,30673,171832,149898,4208155,127284,4616898,184866,8825053,
All CA Counties,2021-03-14,152280,13287166,81215,6688629,56300,6411940,14765,186597,82268,4237806,69765,4686663,99416,8924469,
All CA Counties,2021-03-15,286741,13573907,136428,6825057,130040,6541980,20273,206870,156690,4288787,129407,4816070,180388,9104857,
All CA Counties,2021-03-16,365645,13939552,170865,6995922,177719,6719699,17064,223934,214139,4373022,150863,4966933,235098,9339955,
All CA Counties,2021-03-17,377354,14316906,186302,7182224,172886,6892585,18166,242100,234456,4486427,142206,5109139,255611,9595566,
All CA Counties,2021-03-18,391544,14708450,199082,7381306,174800,7067385,17662,259762,234830,4586322,155747,5264886,255642,9851208,
All CA Counties,2021-03-19,401530,15109980,209622,7590928,170623,7238008,21285,281047,235606,4680650,165079,5429965,259407,10110615,
All CA Counties,2021-03-20,288804,15398784,151148,7742076,122009,7360017,15647,296694,185552,4781111,102675,5532640,203136,10313751,
All CA Counties,2021-03-21,140980,15539764,97001,7839077,36599,7396616,7380,304074,89075,4828694,51628,5584268,99211,10412962,
All CA Counties,2021-03-22,267795,15807559,156146,7995223,100833,7497449,10816,314890,177394,4930656,89799,5674067,191761,10604723,
All CA Counties,2021-03-23,350901,16158460,192497,8187720,147762,7645211,10642,325532,226542,5047090,123568,5797635,240002,10844725,
All CA Counties,2021-03-24,380500,16538960,218191,8405911,150295,7795506,12014,337546,224576,5132118,154848,5952483,239876,11084601,
All CA Counties,2021-03-25,407766,16946726,223801,8629712,169718,7965224,14247,351793,235291,5212520,171339,6123822,251741,11336342,
All CA Counties,2021-03-26,424880,17371606,226591,8856303,182571,8147795,15718,367511,235202,5277838,188610,6312432,253928,11590270,
All CA Counties,2021-03-27,305355,17676961,161981,9018284,132111,8279906,11263,378774,157179,5301080,147468,6459900,170710,11760980,
All CA Counties,2021-03-28,165690,17842651,105740,9124024,56386,8336292,3564,382338,90798,5322812,74541,6534441,96273,11857253,
All CA Counties,2021-03-29,305031,18147682,164435,9288459,132120,8468412,8476,390814,174201,5377775,130210,6664651,185173,12042426,
All CA Counties,2021-03-30,390439,18538121,196906,9485365,176316,8644728,17217,408031,238476,5483999,151306,6815957,257530,12299956,
All CA Counties,2021-03-31,417498,18955619,226908,9712273,169623,8814351,20967,428998,240307,5569986,176373,6992330,262360,12562316,
All CA Counties,2021-04-01,478137,19433756,244832,9957105,194885,9009236,38420,467418,265661,5663815,211555,7203885,305384,12867700,
All CA Counties,2021-04-02,460565,19894321,224680,10181785,194499,9203735,41386,508804,251696,5750808,207794,7411679,294787,13162487,
All CA Counties,2021-04-03,320882,20215203,162778,10344563,118126,9321861,39978,548782,161597,5795103,158739,7570418,203034,13365521,
All CA Counties,2021-04-04,130843,20346046,68253,10412816,43869,9365730,18721,567503,58428,5800310,72197,7642615,77404,13442925,
All CA Counties,2021-04-05,344285,20690331,178833,10591649,126906,9492636,38546,606049,172960,5843798,170796,7813411,214284,13657209,
All CA Counties,2021-04-06,450157,21140488,228543,10820192,157260,9649896,64354,670403,220305,5901967,229082,8042493,287251,13944460,
All CA Counties,2021-04-07,463898,21604386,241522,11061714,153695,9803591,68681,739084,227950,5965780,235143,8277636,298956,14243416,
All CA Counties,2021-04-08,489430,22093816,247664,11309378,159457,9963048,82309,821393,232387,6026858,256075,8533711,317153,14560569,
All CA Counties,2021-04-09,480331,22574147,239362,11548740,163063,10126111,77906,899299,223113,6075162,256317,8790028,304621,14865190,
All CA Counties,2021-04-10,357952,22932099,164420,11713160,121079,10247190,72453,971752,151420,6096131,205916,8995944,226885,15092075,
All CA Counties,2021-04-11,183444,23115543,102546,11815706,47515,10294705,33383,1005135,76002,6101956,107145,9103089,112970,15205045,
All CA Counties,2021-04-12,334154,23449697,172405,11988111,125004,10419709,36745,1041880,156200,6121354,177123,9280212,196521,15401566,
All CA Counties,2021-04-13,424645,23874342,236983,12225094,186767,10606476,895,1042775,237383,6177363,186386,9466598,242395,15643961,
All CA Counties,2021-04-14,440478,24314820,247483,12472577,192740,10799216,255,1043030,231680,6207682,207769,9674367,238088,15882049,
All CA Counties,2021-04-15,476218,24791038,277928,12750505,198082,10997298,208,1043238,268176,6274011,206788,9881155,273117,16155166,
All CA Counties,2021-04-16,463244,25254282,261441,13011946,201509,11198807,294,1043532,248580,6312534,213599,10094754,252122,16407288,
All CA Counties,2021-04-17,328816,25583098,185773,13197719,143009,11341816,34,1043566,186394,6361124,141768,10236522,190358,16597646,
All CA Counties,2021-04-18,150813,25733911,95346,13293065,55453,11397269,14,1043580,78780,6371869,71697,10308219,82442,16680088,
All CA Counties,2021-04-19,312636,26046547,180826,13473891,131714,11528983,96,1043676,148550,6360285,163333,10471552,151749,16831837,
All CA Counties,2021-04-20,398920,26445467,211901,13685792,186975,11715958,44,1043720,199425,6366812,198609,10670161,205136,17036973,
All CA Counties,2021-04-21,410258,26855725,232813,13918605,177194,11893152,251,1043971,198095,6360247,210972,10881133,204407,17241380,
All CA Counties,2021-04-22,422215,27277940,240853,14159458,181301,12074453,61,1044032,189939,6326542,231118,11112251,197413,17438793,
All CA Counties,2021-04-23,399115,27677055,228909,14388367,170126,12244579,80,1044112,179614,6298714,218352,11330603,190524,17629317,
All CA Counties,2021-04-24,272485,27949540,171585,14559952,100766,12345345,134,1044246,140800,6316118,131083,11461686,148487,17777804,
All CA Counties,2021-04-25,119322,28068862,76538,14636490,42756,12388101,28,1044274,63014,6325512,56057,11517743,65451,17843255,
All CA Counties,2021-04-26,224323,28293185,126323,14762813,96862,12484963,1138,1045412,97769,6307276,125886,11643629,107650,17950905,
All CA Counties,2021-04-27,254415,28547600,138628,14901441,111286,12596249,4501,1049913,98484,6262271,155245,11798874,110240,18061145,
All CA Counties,2021-04-28,147873,28695473,88635,14990076,57083,12653332,2155,1052068,54503,6231849,92962,11891836,62540,18123685,
All CA and Non-CA Counties,2020-12-15,1139,1139,1139,1139,0,0,0,0,1139,1139,0,0,1139,1139,
All CA and Non-CA Counties,2020-12-16,8381,9520,8381,9520,0,0,0,0,8381,9520,0,0,8381,9520,
All CA and Non-CA Counties,2020-12-17,27307,36827,27307,36827,0,0,0,0,27307,36827,0,0,27307,36827,
All CA and Non-CA Counties,2020-12-18,46301,83128,46239,83066,62,62,0,0,46301,83128,0,0,46301,83128,
All CA and Non-CA Counties,2020-12-19,26311,109439,26287,109353,24,86,0,0,26310,109437,1,1,26310,109438,
All CA and Non-CA Counties,2020-12-20,19626,129065,19594,128947,32,118,0,0,19625,129061,1,2,19625,129063,
All CA and Non-CA Counties,2020-12-21,51726,180791,51642,180589,84,202,0,0,51724,180784,1,3,51724,180787,
All CA and Non-CA Counties,2020-12-22,51902,232693,49718,230307,2184,2386,0,0,51900,232683,1,4,51900,232687,
All CA and Non-CA Counties,2020-12-23,51747,284440,42913,273220,8834,11220,0,0,51743,284426,0,4,51743,284430,
All CA and Non-CA Counties,2020-12-24,24811,309251,16928,290148,7883,19103,0,0,24808,309233,1,5,24808,309238,
All CA and Non-CA Counties,2020-12-25,2364,311615,2040,292188,324,19427,0,0,2364,311597,0,5,2364,311602,
All CA and Non-CA Counties,2020-12-26,14909,326524,9633,301821,5276,24703,0,0,14908,326504,1,6,14908,326510,
All CA and Non-CA Counties,2020-12-27,9577,336101,5638,307459,3939,28642,0,0,9576,336079,1,7,9576,336086,
All CA and Non-CA Counties,2020-12-28,47048,383149,30158,337617,16890,45532,0,0,47045,383121,3,10,47045,383131,
All CA and Non-CA Counties,2020-12-29,52543,435692,29515,367132,23028,68560,0,0,52539,435657,3,13,52539,435670,
All CA and Non-CA Counties,2020-12-30,64844,500536,36913,404045,27931,96491,0,0,64836,500490,3,16,64836,500506,
All CA and Non-CA Counties,2020-12-31,30300,530836,11338,415383,18962,115453,0,0,30291,530776,5,21,30291,530797,
All CA and Non-CA Counties,2021-01-01,4011,534847,1746,417129,2265,117718,0,0,4006,534779,3,24,4006,534803,
All CA and Non-CA Counties,2021-01-02,18661,553508,10351,427480,8310,126028,0,0,18659,553437,1,25,18659,553462,
All CA and Non-CA Counties,2021-01-03,6293,559801,3560,431040,2733,128761,0,0,6264,559689,12,37,6264,559726,
All CA and Non-CA Counties,2021-01-04,44458,604259,22418,453458,22040,150801,0,0,44375,604021,43,80,44375,604101,
All CA and Non-CA Counties,2021-01-05,57681,661940,30367,483825,27314,178115,0,0,52058,650598,5566,5646,52143,656244,
All CA and Non-CA Counties,2021-01-06,75616,737556,41923,525748,33693,211808,0,0,59601,694392,15835,21481,59629,715873,
All CA and Non-CA Counties,2021-01-07,95887,833443,54775,580523,41112,252920,0,0,63771,726253,31955,53436,63816,779689,
All CA and Non-CA Counties,2021-01-08,110582,944025,66862,647385,43720,296640,0,0,67662,751195,42779,96215,67721,847410,
All CA and Non-CA Counties,2021-01-09,44897,988922,25568,672953,19329,315969,0,0,28484,763310,16393,112608,28508,875918,
All CA and Non-CA Counties,2021-01-10,24503,1013425,14991,687944,9512,325481,0,0,13173,765185,11314,123922,13189,889107,
All CA and Non-CA Counties,2021-01-11,107407,1120832,71277,759221,36130,361611,0,0,62392,782746,44975,168897,62536,951643,
All CA and Non-CA Counties,2021-01-12,116347,1237179,68703,827924,47644,409255,0,0,73885,814475,42378,211275,74107,1025750,
All CA and Non-CA Counties,2021-01-13,122064,1359243,63085,891009,58979,468234,0,0,87369,867307,34611,245886,87443,1113193,
All CA and Non-CA Counties,2021-01-14,126765,1486008,50546,941555,76219,544453,0,0,106643,954083,20007,265893,106783,1219976,
All CA and Non-CA Counties,2021-01-15,145796,1631804,52985,994540,92811,637264,0,0,130355,1069278,15336,281229,130531,1350507,
All CA and Non-CA Counties,2021-01-16,83010,1714814,27758,1022298,55252,692516,0,0,75323,1136989,7660,288889,75371,1425878,
All CA and Non-CA Counties,2021-01-17,48512,1763326,16917,1039215,31595,724111,0,0,44837,1178202,3668,292557,44881,1470759,
All CA and Non-CA Counties,2021-01-18,88803,1852129,46368,1085583,42435,766546,0,0,69225,1228079,19497,312054,69374,1540133,
All CA and Non-CA Counties,2021-01-19,145389,1997518,74648,1160231,70741,837287,0,0,113471,1310033,31825,343879,113779,1653912,
All CA and Non-CA Counties,2021-01-20,162365,2159883,81541,1241772,80824,918111,0,0,128309,1404701,33877,377756,128545,1782457,
All CA and Non-CA Counties,2021-01-21,176120,2336003,77221,1318993,98899,1017010,0,0,156758,1542622,19149,396905,157070,1939527,
All CA and Non-CA Counties,2021-01-22,173065,2509068,69757,1388750,103308,1120318,0,0,158501,1686849,14430,411335,158657,2098184,
All CA and Non-CA Counties,2021-01-23,113187,2622255,49711,1438461,63476,1183794,0,0,100513,1774857,12615,423950,100623,2198807,
All CA and Non-CA Counties,2021-01-24,61451,2683706,29707,1468168,31744,1215538,0,0,56755,1826997,4667,428617,56807,2255614,
All CA and Non-CA Counties,2021-01-25,148102,2831808,66748,1534916,81354,1296892,0,0,112639,1904599,35378,463995,112980,2368594,
All CA and Non-CA Counties,2021-01-26,173551,3005359,85263,1620179,88288,1385180,0,0,135690,2002806,37741,501736,135948,2504542,
All CA and Non-CA Counties,2021-01-27,183938,3189297,90434,1710613,93504,1478684,0,0,144483,2108427,39091,540827,144712,2649254,
All CA and Non-CA Counties,2021-01-28,191913,3381210,88811,1799424,103102,1581786,0,0,157591,2232213,34039,574866,157825,2807079,
All CA and Non-CA Counties,2021-01-29,187365,3568575,90933,1890357,96432,1678218,0,0,152274,2350157,34535,609401,152479,2959558,
All CA and Non-CA Counties,2021-01-30,126989,3695564,57412,1947769,69577,1747795,0,0,111818,2447117,15014,624415,111974,3071532,
All CA and Non-CA Counties,2021-01-31,72316,3767880,41631,1989400,30685,1778480,0,0,67231,2509355,5040,629455,67278,3138810,
All CA and Non-CA Counties,2021-02-01,163419,3931299,75320,2064720,88099,1866579,0,0,124712,2595632,38563,668018,124840,3263650,
All CA and Non-CA Counties,2021-02-02,192094,4123393,81599,2146319,110495,1977074,0,0,145787,2695679,45954,713972,146001,3409651,
All CA and Non-CA Counties,2021-02-03,217015,4340408,96874,2243193,120141,2097215,0,0,162588,2804544,53948,767920,162813,3572464,
All CA and Non-CA Counties,2021-02-04,233992,4574400,101890,2345083,132102,2229317,0,0,172734,2916898,60718,828638,173072,3745536,
All CA and Non-CA Counties,2021-02-05,251752,4826152,108374,2453457,143378,2372695,0,0,172601,3011631,78402,907040,173135,3918671,
All CA and Non-CA Counties,2021-02-06,158797,4984949,76811,2530268,81986,2454681,0,0,123808,3101108,34818,941858,124295,4042966,
All CA and Non-CA Counties,2021-02-07,68733,5053682,44813,2575081,23920,2478601,0,0,52300,3137502,16349,958207,52743,4095709,
All CA and Non-CA Counties,2021-02-08,184923,5238605,91488,2666569,93435,2572036,0,0,122916,3199589,61553,1019760,123640,4219349,
All CA and Non-CA Counties,2021-02-09,214300,5452905,103429,2769998,110871,2682907,0,0,129175,3245208,84693,1104453,130312,4349661,
All CA and Non-CA Counties,2021-02-10,252916,5705821,121254,2891252,131662,2814569,0,0,141187,3276952,110922,1215375,142666,4492327,
All CA and Non-CA Counties,2021-02-11,267591,5973412,132370,3023622,135221,2949790,0,0,148114,3308381,118459,1333834,149888,4642215,
All CA and Non-CA Counties,2021-02-12,275633,6249045,120325,3143947,155308,3105098,0,0,149761,3335347,125121,1458955,152087,4794302,
All CA and Non-CA Counties,2021-02-13,168523,6417568,77676,3221623,90847,3195945,0,0,93703,3356584,74412,1533367,95649,4889951,
All CA and Non-CA Counties,2021-02-14,96429,6513997,47806,3269429,48623,3244568,0,0,52630,3367239,43650,1577017,54305,4944256,
All CA and Non-CA Counties,2021-02-15,143823,6657820,63681,3333110,80142,3324710,0,0,79564,3386092,63902,1640919,82755,5027011,
All CA and Non-CA Counties,2021-02-16,253648,6911468,120437,3453547,133211,3457921,0,0,135184,3406598,118115,1759034,138621,5165632,
All CA and Non-CA Counties,2021-02-17,262333,7173801,130949,3584496,131384,3589305,0,0,129835,3408083,132010,1891044,133495,5299127,
All CA and Non-CA Counties,2021-02-18,276739,7450540,145136,3729632,131603,3720908,0,0,133661,3403996,142444,2033488,138357,5437484,
All CA and Non-CA Counties,2021-02-19,255445,7705985,148808,3878440,106637,3827545,0,0,131995,3415152,123012,2156500,134168,5571652,
All CA and Non-CA Counties,2021-02-20,153769,7859754,99352,3977792,54417,3881962,0,0,84409,3432722,69129,2225629,86699,5658351,
All CA and Non-CA Counties,2021-02-21,73693,7933447,59585,4037377,14108,3896070,0,0,36096,3433740,37386,2263015,38404,5696755,
All CA and Non-CA Counties,2021-02-22,165761,8099208,111521,4148898,54240,3950310,0,0,83026,3436849,82432,2345447,85541,5782296,
All CA and Non-CA Counties,2021-02-23,227030,8326238,119635,4268533,107395,4057705,0,0,104863,3427062,121639,2467086,111852,5894148,
All CA and Non-CA Counties,2021-02-24,286356,8612594,144745,4413278,141611,4199316,0,0,135860,3421648,149918,2617004,144504,6038652,
All CA and Non-CA Counties,2021-02-25,321870,8934464,157546,4570824,164324,4363640,0,0,167752,3445422,153453,2770457,177227,6215879,
All CA and Non-CA Counties,2021-02-26,355697,9290161,166206,4737030,189491,4553131,0,0,198393,3494732,156397,2926854,205707,6421586,
All CA and Non-CA Counties,2021-02-27,250642,9540803,119794,4856824,130828,4683959,20,20,140770,3530780,109318,3036172,145366,6566952,
All CA and Non-CA Counties,2021-02-28,131742,9672545,78943,4935767,52796,4736755,3,23,76583,3556388,54794,3090966,80402,6647354,
All CA and Non-CA Counties,2021-03-01,240316,9912861,127775,5063542,112498,4849253,43,66,137532,3596665,102182,3193148,142459,6789813,
All CA and Non-CA Counties,2021-03-02,280625,10193486,135588,5199130,145022,4994275,15,81,165426,3655211,114754,3307902,173300,6963113,
All CA and Non-CA Counties,2021-03-03,333817,10527303,163973,5363103,169808,5164083,36,117,189956,3710171,143240,3451142,198200,7161313,
All CA and Non-CA Counties,2021-03-04,350887,10878190,175592,5538695,175210,5339293,85,202,204253,3776151,145954,3597096,211934,7373247,
All CA and Non-CA Counties,2021-03-05,335364,11213554,162919,5701614,171330,5510623,1115,1317,207377,3864987,127266,3724362,216102,7589349,
All CA and Non-CA Counties,2021-03-06,259134,11472688,131795,5833409,119407,5630030,7932,9249,160004,3939425,98759,3823121,173197,7762546,
All CA and Non-CA Counties,2021-03-07,125390,11598078,76320,5909729,44993,5675023,4077,13326,77942,3978744,47288,3870409,86607,7849153,
All CA and Non-CA Counties,2021-03-08,217192,11815270,104770,6014499,101830,5776853,10592,23918,141640,4060780,75205,3945614,157241,8006394,
All CA and Non-CA Counties,2021-03-09,269124,12084394,116661,6131160,136395,5913248,16068,39986,145291,4104477,123415,4069029,167112,8173506,
All CA and Non-CA Counties,2021-03-10,316110,12400504,155126,6286286,136825,6050073,24159,64145,170303,4159241,145241,4214270,200005,8373511,
All CA and Non-CA Counties,2021-03-11,376218,12776722,181501,6467787,161397,6211470,33320,97465,193787,4210195,181595,4395865,232549,8606060,
All CA and Non-CA Counties,2021-03-12,393110,13169832,175676,6643463,171000,6382470,46434,143899,192222,4252732,200172,4596037,242709,8848769,
All CA and Non-CA Counties,2021-03-13,281316,13451148,123514,6766977,126663,6509133,31139,175038,152493,4312243,128419,4724456,187930,9036699,
All CA and Non-CA Counties,2021-03-14,154050,13605198,82114,6849091,56844,6565977,15092,190130,83321,4342557,70483,4794939,100797,9137496,
All CA and Non-CA Counties,2021-03-15,290694,13895892,138472,6987563,131517,6697494,20705,210835,158796,4394236,131251,4926190,182930,9320426,
All CA and Non-CA Counties,2021-03-16,372936,14268828,175015,7162578,180486,6877980,17438,228273,218123,4479523,154168,5080358,239455,9559881,
All CA and Non-CA Counties,2021-03-17,385430,14654258,191382,7353960,175515,7053495,18533,246806,239187,4594687,145546,5225904,260710,9820591,
All CA and Non-CA Counties,2021-03-18,399539,15053797,203895,7557855,177453,7230948,18191,264997,239402,4696269,159161,5385065,260743,10081334,
All CA and Non-CA Counties,2021-03-19,408867,15462664,213969,7771824,173067,7404015,21831,286828,240051,4792696,167974,5553039,264401,10345735,
All CA and Non-CA Counties,2021-03-20,293549,15756213,154246,7926070,123565,7527580,15738,302566,189204,4895817,103759,5656798,206880,10552615,
All CA and Non-CA Counties,2021-03-21,143009,15899222,98367,8024437,37175,7564755,7467,310033,90705,4944722,52024,5708822,100929,10653544,
All CA and Non-CA Counties,2021-03-22,271052,16170274,158099,8182536,102048,7666803,10905,320938,179644,5048026,90796,5799618,194100,10847644,
All CA and Non-CA Counties,2021-03-23,356935,16527209,195561,8378097,150457,7817260,10917,331855,230797,5167222,125338,5924956,244534,11092178,
All CA and Non-CA Counties,2021-03-24,387790,16914999,221913,8600010,153438,7970698,12439,344294,229720,5255666,156999,6081955,245443,11337621,
All CA and Non-CA Counties,2021-03-25,415941,17330940,227523,8827533,173685,8144383,14733,359027,241429,5340660,173370,6255325,258364,11595985,
All CA and Non-CA Counties,2021-03-26,431529,17762469,230049,9057582,185589,8329972,15891,374918,239760,5408637,190681,6446006,258658,11854643,
All CA and Non-CA Counties,2021-03-27,310715,18073184,165036,9222618,134316,8464288,11363,386281,160636,5433533,149367,6595373,174263,12028906,
All CA and Non-CA Counties,2021-03-28,168750,18241934,107358,9329976,57671,8521959,3721,390002,92859,5456492,75532,6670905,98491,12127397,
All CA and Non-CA Counties,2021-03-29,310067,18552001,166645,9496621,134611,8656570,8811,398813,177256,5512868,132188,6803093,188564,12315961,
All CA and Non-CA Counties,2021-03-30,397181,18949182,200361,9696982,179062,8835632,17758,416571,242740,5621432,153779,6956872,262343,12578304,
All CA and Non-CA Counties,2021-03-31,423698,19372880,230557,9927539,171414,9007046,21727,438298,243883,5709131,178996,7135868,266695,12844999,
All CA and Non-CA Counties,2021-04-01,485349,19858229,249014,10176553,197294,9204340,39041,477339,269949,5804943,214474,7350342,310286,13155285,
All CA and Non-CA Counties,2021-04-02,468840,20327069,228921,10405474,197400,9401740,42519,519858,256183,5893769,211582,7561924,300408,13455693,
All CA and Non-CA Counties,2021-04-03,327046,20654115,166381,10571855,119539,9521279,41126,560984,164880,5939615,161619,7723543,207465,13663158,
All CA and Non-CA Counties,2021-04-04,132648,20786763,69144,10640999,44545,9565824,18959,579943,59443,5945287,72985,7796528,78657,13741815,
All CA and Non-CA Counties,2021-04-05,348249,21135012,180746,10821745,128307,9694131,39196,619139,174899,5989340,172821,7969349,216874,13958689,
All CA and Non-CA Counties,2021-04-06,456816,21591828,232007,11053752,158907,9853038,65902,685041,222970,6047741,233063,8202412,291464,14250153,
All CA and Non-CA Counties,2021-04-07,471685,22063513,245885,11299637,155460,10008498,70340,755381,231150,6111825,239722,8442134,303806,14553959,
All CA and Non-CA Counties,2021-04-08,497235,22560748,251703,11551340,161319,10169817,84213,839594,235561,6173350,260698,8702832,322223,14876182,
All CA and Non-CA Counties,2021-04-09,487794,23048542,243174,11794514,164784,10334601,79836,919430,226172,6222248,260715,8963547,309613,15185795,
All CA and Non-CA Counties,2021-04-10,364053,23412595,167508,11962022,122222,10456823,74323,993753,153158,6242465,210275,9173822,230492,15416287,
All CA and Non-CA Counties,2021-04-11,186298,23598893,104082,12066104,48197,10505020,34019,1027772,77045,6248160,108955,9282777,114650,15530937,
All CA and Non-CA Counties,2021-04-12,338118,23937011,174616,12240720,126237,10631257,37265,1065037,158058,6267834,179225,9462002,198899,15729836,
All CA and Non-CA Counties,2021-04-13,430230,24367241,240517,12481237,188791,10820048,922,1065959,240197,6323921,189152,9651154,245239,15975075,
All CA and Non-CA Counties,2021-04-14,445667,24812908,250753,12731990,194656,11014704,258,1066217,234510,6354719,210123,9861277,240921,16215996,
All CA and Non-CA Counties,2021-04-15,482191,25295099,281559,13013549,200417,11215121,215,1066432,271429,6421641,209456,10070733,276378,16492374,
All CA and Non-CA Counties,2021-04-16,469174,25764273,264875,13278424,203999,11419120,300,1066732,252017,6461124,216085,10286818,255568,16747942,
All CA and Non-CA Counties,2021-04-17,333994,26098267,188812,13467236,145147,11564267,35,1066767,189348,6510452,143985,10430803,193313,16941255,
All CA and Non-CA Counties,2021-04-18,152919,26251186,96511,13563747,56393,11620660,15,1066782,79790,6521119,72787,10503590,83454,17024709,
All CA and Non-CA Counties,2021-04-19,316775,26567961,182787,13746534,133891,11754551,97,1066879,150720,6509749,165292,10668882,153922,17178631,
All CA and Non-CA Counties,2021-04-20,404494,26972455,214543,13961077,189907,11944458,44,1066923,201933,6515726,201667,10870549,207644,17386275,
All CA and Non-CA Counties,2021-04-21,417129,27389584,235884,14196961,180992,12125450,253,1067176,200907,6507930,215019,11085568,207223,17593498,
All CA and Non-CA Counties,2021-04-22,430249,27819833,245209,14442170,184976,12310426,64,1067240,193680,6473691,235399,11320967,201160,17794658,
All CA and Non-CA Counties,2021-04-23,405959,28225792,232463,14674633,173415,12483841,81,1067321,182996,6445804,221798,11542765,193911,17988569,
All CA and Non-CA Counties,2021-04-24,277855,28503647,175323,14849956,102395,12586236,137,1067458,143563,6463374,133685,11676450,151255,18139824,
All CA and Non-CA Counties,2021-04-25,121595,28625242,77911,14927867,43652,12629888,32,1067490,64397,6473268,56945,11733395,66839,18206663,
All CA and Non-CA Counties,2021-04-26,227772,28853014,127928,15055795,98672,12728560,1172,1068662,99591,6455272,127505,11860900,109509,18316172,
All CA and Non-CA Counties,2021-04-27,259140,29112154,140316,15196111,114016,12842576,4808,1073470,100498,6409891,157949,12018849,112568,18428740,
All CA and Non-CA Counties,2021-04-28,150061,29262215,89378,15285489,58357,12900933,2326,1075796,55338,6379166,94312,12113161,63587,18492327,
Outside California,2020-12-15,7,7,7,7,0,0,0,0,7,7,0,0,7,7,Not in California
Outside California,2020-12-16,268,275,268,275,0,0,0,0,268,275,0,0,268,275,Not in California
Outside California,2020-12-17,1601,1876,1601,1876,0,0,0,0,1601,1876,0,0,1601,1876,Not in California
Outside California,2020-12-18,2570,4446,2563,4439,7,7,0,0,2570,4446,0,0,2570,4446,Not in California
Outside California,2020-12-19,1043,5489,1042,5481,1,8,0,0,1043,5489,0,0,1043,5489,Not in California
Outside California,2020-12-20,676,6165,674,6155,2,10,0,0,676,6165,0,0,676,6165,Not in California
Outside California,2020-12-21,2201,8366,2199,8354,2,12,0,0,2201,8366,0,0,2201,8366,Not in California
Outside California,2020-12-22,2070,10436,1997,10351,73,85,0,0,2070,10436,0,0,2070,10436,Not in California
Outside California,2020-12-23,1554,11990,1419,11770,135,220,0,0,1554,11990,0,0,1554,11990,Not in California
Outside California,2020-12-24,807,12797,615,12385,192,412,0,0,807,12797,0,0,807,12797,Not in California
Outside California,2020-12-25,33,12830,29,12414,4,416,0,0,33,12830,0,0,33,12830,Not in California
Outside California,2020-12-26,308,13138,204,12618,104,520,0,0,308,13138,0,0,308,13138,Not in California
Outside California,2020-12-27,187,13325,72,12690,115,635,0,0,187,13325,0,0,187,13325,Not in California
Outside California,2020-12-28,1425,14750,907,13597,518,1153,0,0,1425,14750,0,0,1425,14750,Not in California
Outside California,2020-12-29,1556,16306,1019,14616,537,1690,0,0,1556,16306,0,0,1556,16306,Not in California
Outside California,2020-12-30,1927,18233,1235,15851,692,2382,0,0,1927,18233,0,0,1927,18233,Not in California
Outside California,2020-12-31,1125,19358,598,16449,527,2909,0,0,1124,19356,1,1,1124,19357,Not in California
Outside California,2021-01-01,111,19469,23,16472,88,2997,0,0,111,19467,0,1,111,19468,Not in California
Outside California,2021-01-02,241,19710,133,16605,108,3105,0,0,240,19706,1,2,240,19708,Not in California
Outside California,2021-01-03,171,19881,90,16695,81,3186,0,0,171,19877,0,2,171,19879,Not in California
Outside California,2021-01-04,1149,21030,509,17204,640,3826,0,0,1145,21022,0,2,1145,21024,Not in California
Outside California,2021-01-05,1547,22577,814,18018,733,4559,0,0,1356,22189,189,191,1356,22380,Not in California
Outside California,2021-01-06,2718,25295,1603,19621,1115,5674,0,0,1981,23436,734,925,1981,24361,Not in California
Outside California,2021-01-07,4164,29459,2551,22172,1613,7287,0,0,2503,24282,1659,2584,2505,26866,Not in California
Outside California,2021-01-08,4533,33992,2932,25104,1601,8888,0,0,2649,25060,1874,4458,2652,29518,Not in California
Outside California,2021-01-09,1324,35316,531,25635,793,9681,0,0,996,25732,326,4784,998,30516,Not in California
Outside California,2021-01-10,302,35618,180,25815,122,9803,0,0,182,25794,120,4904,182,30698,Not in California
Outside California,2021-01-11,3314,38932,2016,27831,1298,11101,0,0,1976,26432,1338,6242,1976,32674,Not in California
Outside California,2021-01-12,3882,42814,2317,30148,1565,12666,0,0,2335,27224,1544,7786,2336,35010,Not in California
Outside California,2021-01-13,3696,46510,1801,31949,1895,14561,0,0,2520,28570,1176,8962,2522,37532,Not in California
Outside California,2021-01-14,3786,50296,1283,33232,2503,17064,0,0,3139,31076,634,9596,3140,40672,Not in California
Outside California,2021-01-15,4326,54622,994,34226,3332,20396,0,0,3855,34473,458,10054,3855,44527,Not in California
Outside California,2021-01-16,2702,57324,381,34607,2321,22717,0,0,2533,36839,167,10221,2533,47060,Not in California
Outside California,2021-01-17,496,57820,146,34753,350,23067,0,0,447,37237,49,10270,447,47507,Not in California
Outside California,2021-01-18,1206,59026,775,35528,431,23498,0,0,748,37529,457,10727,749,48256,Not in California
Outside California,2021-01-19,4066,63092,1317,36845,2749,26247,0,0,3172,39809,894,11621,3174,51430,Not in California
Outside California,2021-01-20,4421,67513,1405,38250,3016,29263,0,0,3488,42367,931,12552,3489,54919,Not in California
Outside California,2021-01-21,4159,71672,1113,39363,3046,32309,0,0,3594,45411,550,13102,3594,58513,Not in California
Outside California,2021-01-22,4644,76316,1079,40442,3565,35874,0,0,4250,49272,390,13492,4251,62764,Not in California
Outside California,2021-01-23,2259,78575,331,40773,1928,37802,0,0,2095,51203,164,13656,2095,64859,Not in California
Outside California,2021-01-24,605,79180,246,41019,359,38161,0,0,527,51652,78,13734,527,65386,Not in California
Outside California,2021-01-25,4473,83653,1961,42980,2512,40673,0,0,3606,54394,865,14599,3607,68993,Not in California
Outside California,2021-01-26,5967,89620,2900,45880,3067,43740,0,0,5118,58671,848,15447,5125,74118,Not in California
Outside California,2021-01-27,4825,94445,2677,48557,2148,45888,0,0,4211,62273,610,16057,4212,78330,Not in California
Outside California,2021-01-28,5182,99627,2786,51343,2396,48284,0,0,4651,66406,520,16577,4653,82983,Not in California
Outside California,2021-01-29,4823,104450,2987,54330,1836,50120,0,0,4041,69671,778,17355,4043,87026,Not in California
Outside California,2021-01-30,4349,108799,2302,56632,2047,52167,0,0,4122,73570,223,17578,4122,91148,Not in California
Outside California,2021-01-31,3178,111977,2758,59390,420,52587,0,0,3126,76645,52,17630,3127,94275,Not in California
Outside California,2021-02-01,5490,117467,2572,61962,2918,55505,0,0,4797,80756,686,18316,4797,99072,Not in California
Outside California,2021-02-02,6774,124241,2169,64131,4605,60110,0,0,6053,86095,714,19030,6053,105125,Not in California
Outside California,2021-02-03,7339,131580,2089,66220,5250,65360,0,0,6470,91705,861,19891,6471,111596,Not in California
Outside California,2021-02-04,6802,138382,2174,68394,4628,69988,0,0,5815,96542,978,20869,5815,117411,Not in California
Outside California,2021-02-05,6826,145208,2215,70609,4611,74599,0,0,5762,101244,1060,21929,5762,123173,Not in California
Outside California,2021-02-06,4455,149663,2174,72783,2281,76880,0,0,3999,104799,447,22376,4002,127175,Not in California
Outside California,2021-02-07,2172,151835,1789,74572,383,77263,0,0,2094,106817,78,22454,2096,129271,Not in California
Outside California,2021-02-08,5241,157076,3277,77849,1964,79227,0,0,4183,109952,1048,23502,4183,133454,Not in California
Outside California,2021-02-09,4282,161358,1901,79750,2381,81608,0,0,2975,111643,1298,24800,2989,136443,Not in California
Outside California,2021-02-10,5539,166897,1860,81610,3679,85287,0,0,3094,112341,2438,27238,3136,139579,Not in California
Outside California,2021-02-11,4734,171631,2142,83752,2592,87879,0,0,3424,114482,1300,28538,3441,143020,Not in California
Outside California,2021-02-12,5237,176868,1924,85676,3313,91192,0,0,3404,116066,1824,30362,3408,146428,Not in California
Outside California,2021-02-13,2397,179265,694,86370,1703,92895,0,0,1852,117385,545,30907,1864,148292,Not in California
Outside California,2021-02-14,1326,180591,402,86772,924,93819,0,0,1086,118236,237,31144,1088,149380,Not in California
Outside California,2021-02-15,2512,183103,1513,88285,999,94818,0,0,1199,118140,1299,32443,1203,150583,Not in California
Outside California,2021-02-16,6449,189552,2894,91179,3555,98373,0,0,2619,116943,3820,36263,2623,153206,Not in California
Outside California,2021-02-17,5911,195463,2939,94118,2972,101345,0,0,1836,114713,4070,40333,1840,155046,Not in California
Outside California,2021-02-18,6366,201829,3657,97775,2709,104054,0,0,2037,112439,4312,44645,2038,157084,Not in California
Outside California,2021-02-19,5699,207528,3935,101710,1764,105818,0,0,2414,111574,3280,47925,2415,159499,Not in California
Outside California,2021-02-20,3239,210767,2587,104297,652,106470,0,0,1194,110726,2043,49968,1195,160694,Not in California
Outside California,2021-02-21,1788,212555,1572,105869,216,106686,0,0,619,110180,1165,51133,619,161313,Not in California
Outside California,2021-02-22,3459,216014,2533,108402,926,107612,0,0,1622,109971,1836,52969,1627,162940,Not in California
Outside California,2021-02-23,5861,221875,3245,111647,2616,110228,0,0,2313,108755,3543,56512,2327,165267,Not in California
Outside California,2021-02-24,6348,228223,3494,115141,2854,113082,0,0,2500,107417,3843,60355,2505,167772,Not in California
Outside California,2021-02-25,6910,235133,3507,118648,3403,116485,0,0,3134,106810,3745,64100,3138,170910,Not in California
Outside California,2021-02-26,6811,241944,3612,122260,3199,119684,0,0,3179,106435,3555,67655,3180,174090,Not in California
Outside California,2021-02-27,5292,247236,2558,124818,2733,122417,1,1,1840,104838,3441,71096,1844,175934,Not in California
Outside California,2021-02-28,2420,249656,1765,126583,655,123072,0,1,794,104009,1624,72720,795,176729,Not in California
Outside California,2021-03-01,4717,254373,2931,129514,1785,124857,1,2,1302,101909,3408,76128,1308,178037,Not in California
Outside California,2021-03-02,6191,260564,2007,131521,4184,129041,0,2,1874,99478,4307,80435,1876,179913,Not in California
Outside California,2021-03-03,7762,268326,2964,134485,4796,133837,2,4,2596,96926,5154,85589,2602,182515,Not in California
Outside California,2021-03-04,6722,275048,2829,137314,3889,137726,4,8,2333,94892,4373,89962,2339,184854,Not in California
Outside California,2021-03-05,5056,280104,2448,139762,2594,140320,14,22,2582,95030,2465,92427,2603,187457,Not in California
Outside California,2021-03-06,4605,284709,2132,141894,2316,142636,157,179,2338,95268,2265,94692,2503,189960,Not in California
Outside California,2021-03-07,1546,286255,981,142875,512,143148,53,232,927,95631,618,95310,981,190941,Not in California
Outside California,2021-03-08,2969,289224,1707,144582,1015,144163,247,479,2084,97111,856,96166,2336,193277,Not in California
Outside California,2021-03-09,4274,293498,2015,146597,1938,146101,321,800,2428,98018,1842,98008,2749,196026,Not in California
Outside California,2021-03-10,4112,297610,1841,148438,1762,147863,509,1309,2451,99332,1653,99661,2967,198993,Not in California
Outside California,2021-03-11,5923,303533,2907,151345,2340,150203,676,1985,3130,100351,2788,102449,3807,202800,Not in California
Outside California,2021-03-12,6131,309664,3582,154927,1823,152026,726,2711,3292,101538,2832,105281,4019,206819,Not in California
Outside California,2021-03-13,3712,313376,2141,157068,1109,153135,462,3173,2587,103471,1119,106400,3052,209871,Not in California
Outside California,2021-03-14,1753,315129,890,157958,538,153673,325,3498,1046,104136,707,107107,1372,211243,Not in California
Outside California,2021-03-15,3923,319052,2033,159991,1460,155133,430,3928,2086,104825,1831,108938,2520,213763,Not in California
Outside California,2021-03-16,7229,326281,4129,164120,2729,157862,371,4299,3940,105848,3287,112225,4310,218073,Not in California
Outside California,2021-03-17,8029,334310,5065,169185,2598,160460,366,4665,4690,107569,3336,115561,5057,223130,Not in California
Outside California,2021-03-18,7954,342264,4793,173978,2632,163092,529,5194,4543,109239,3402,118963,5072,228202,Not in California
Outside California,2021-03-19,7309,349573,4328,178306,2435,165527,546,5740,4419,111320,2887,121850,4968,233170,Not in California
Outside California,2021-03-20,4712,354285,3084,181390,1537,167064,91,5831,3634,113974,1072,122922,3726,236896,Not in California
Outside California,2021-03-21,2006,356291,1349,182739,570,167634,87,5918,1611,115280,393,123315,1699,238595,Not in California
Outside California,2021-03-22,3223,359514,1935,184674,1200,168834,88,6006,2232,116615,985,124300,2320,240915,Not in California
Outside California,2021-03-23,6011,365525,3055,187729,2686,171520,270,6276,4239,119367,1759,126059,4511,245426,Not in California
Outside California,2021-03-24,7264,372789,3713,191442,3126,174646,425,6701,5112,122756,2146,128205,5535,250961,Not in California
Outside California,2021-03-25,8127,380916,3689,195131,3952,178598,486,7187,6099,127323,2017,130222,6584,257545,Not in California
Outside California,2021-03-26,6610,387526,3439,198570,3003,181601,168,7355,4531,129966,2055,132277,4698,262243,Not in California
Outside California,2021-03-27,5321,392847,3042,201612,2179,183780,100,7455,3432,131615,1879,134156,3528,265771,Not in California
Outside California,2021-03-28,3043,395890,1609,203221,1277,185057,157,7612,2051,132836,987,135143,2208,267979,Not in California
Outside California,2021-03-29,5000,400890,2195,205416,2471,187528,334,7946,3031,134236,1966,137109,3366,271345,Not in California
Outside California,2021-03-30,6707,407597,3435,208851,2731,190259,541,8487,4236,136561,2460,139569,4785,276130,Not in California
Outside California,2021-03-31,6162,413759,3625,212476,1777,192036,760,9247,3547,138255,2612,142181,4306,280436,Not in California
Outside California,2021-04-01,7183,420942,4168,216644,2394,194430,621,9868,4263,140218,2914,145095,4877,285313,Not in California
Outside California,2021-04-02,8212,429154,4225,220869,2863,197293,1124,10992,4452,142040,3755,148850,5577,290890,Not in California
Outside California,2021-04-03,6146,435300,3594,224463,1404,198697,1148,12140,3271,143589,2870,151720,4419,295309,Not in California
Outside California,2021-04-04,1789,437089,886,225349,665,199362,238,12378,1005,144049,783,152503,1243,296552,Not in California
Outside California,2021-04-05,3930,441019,1893,227242,1388,200750,649,13027,1917,144606,2010,154513,2567,299119,Not in California
Outside California,2021-04-06,6625,447644,3447,230689,1631,202381,1547,14574,2649,144839,3963,158476,4196,303315,Not in California
Outside California,2021-04-07,7744,455388,4334,235023,1752,204133,1658,16232,3168,145087,4569,163045,4817,308132,Not in California
Outside California,2021-04-08,7767,463155,4014,239037,1853,205986,1900,18132,3157,145534,4602,167647,5049,313181,Not in California
Outside California,2021-04-09,7421,470576,3787,242824,1704,207690,1930,20062,3032,146116,4383,172030,4965,318146,Not in California
Outside California,2021-04-10,6091,476667,3079,245903,1142,208832,1870,21932,1735,145368,4352,176382,3604,321750,Not in California
Outside California,2021-04-11,2840,479507,1526,247429,678,209510,636,22568,1038,145242,1801,178183,1675,323425,Not in California
Outside California,2021-04-12,3924,483431,2188,249617,1217,210727,519,23087,1841,145523,2079,180262,2360,325785,Not in California
Outside California,2021-04-13,5516,488947,3508,253125,1981,212708,27,23114,2786,145614,2725,182987,2816,328601,Not in California
Outside California,2021-04-14,5150,494097,3258,256383,1889,214597,3,23117,2817,146106,2328,185315,2820,331421,Not in California
Outside California,2021-04-15,5920,500017,3607,259990,2307,216904,6,23123,3229,146702,2640,187955,3236,334657,Not in California
Outside California,2021-04-16,5871,505888,3392,263382,2473,219377,6,23129,3399,147645,2465,190420,3408,338065,Not in California
Outside California,2021-04-17,5152,511040,3024,266406,2127,221504,1,23130,2945,148389,2201,192621,2945,341010,Not in California
Outside California,2021-04-18,2086,513126,1157,267563,928,222432,1,23131,1002,148315,1078,193699,1004,342014,Not in California
Outside California,2021-04-19,4100,517226,1936,269499,2163,224595,1,23132,2150,148527,1941,195640,2153,344167,Not in California
Outside California,2021-04-20,5550,522776,2625,272124,2925,227520,0,23132,2498,147981,3044,198684,2498,346665,Not in California
Outside California,2021-04-21,6776,529552,2996,275120,3778,231298,2,23134,2739,146699,4025,202709,2743,349408,Not in California
Outside California,2021-04-22,7667,537219,4186,279306,3478,234776,3,23137,3408,145864,4249,206958,3414,352822,Not in California
Outside California,2021-04-23,6497,543716,3400,282706,3096,237872,1,23138,3065,145517,3417,210375,3070,355892,Not in California
Outside California,2021-04-24,5009,548725,3529,286235,1477,239349,3,23141,2421,145360,2583,212958,2426,358318,Not in California
Outside California,2021-04-25,1957,550682,1177,287412,776,240125,4,23145,1086,145581,870,213828,1091,359409,Not in California
Outside California,2021-04-26,3156,553838,1413,288825,1709,241834,34,23179,1547,145564,1601,215429,1584,360993,Not in California
Outside California,2021-04-27,4418,558256,1511,290336,2623,244457,284,23463,1754,144952,2657,218086,2045,363038,Not in California
Outside California,2021-04-28,2182,560438,737,291073,1274,245731,171,23634,834,144653,1345,219431,1046,364084,Not in California
Unknown,2020-12-17,2,2,2,2,0,0,0,0,0,0,0,0,0,0,Not in California
Unknown,2020-12-18,10,12,10,12,0,0,0,0,9,9,0,0,9,9,Not in California
Unknown,2020-12-19,81,93,81,93,0,0,0,0,81,90,0,0,81,90,Not in California
Unknown,2020-12-20,24,117,24,117,0,0,0,0,24,114,0,0,24,114,Not in California
Unknown,2020-12-21,5,122,5,122,0,0,0,0,1,115,0,0,1,115,Not in California
Unknown,2020-12-22,3,125,3,125,0,0,0,0,3,118,0,0,3,118,Not in California
Unknown,2020-12-26,1,126,1,126,0,0,0,0,1,119,0,0,1,119,Not in California
Unknown,2020-12-28,4,130,4,130,0,0,0,0,4,123,0,0,4,123,Not in California
Unknown,2020-12-29,3,133,3,133,0,0,0,0,3,126,0,0,3,126,Not in California
Unknown,2020-12-30,58,191,55,188,3,3,0,0,56,182,0,0,56,182,Not in California
Unknown,2020-12-31,3,194,0,188,3,6,0,0,1,183,0,0,1,183,Not in California
Unknown,2021-01-02,1,195,0,188,1,7,0,0,1,184,0,0,1,184,Not in California
Unknown,2021-01-04,3,198,3,191,0,7,0,0,2,186,0,0,2,186,Not in California
Unknown,2021-01-05,2,200,0,191,2,9,0,0,2,188,0,0,2,188,Not in California
Unknown,2021-01-06,31,231,29,220,2,11,0,0,6,170,24,24,6,194,Not in California
Unknown,2021-01-07,110,341,107,327,3,14,0,0,72,204,38,62,72,266,Not in California
Unknown,2021-01-08,26,367,21,348,5,19,0,0,5,188,21,83,5,271,Not in California
Unknown,2021-01-09,3,370,2,350,1,20,0,0,4,192,0,83,4,275,Not in California
Unknown,2021-01-11,22,392,22,372,0,20,0,0,18,207,3,86,18,293,Not in California
Unknown,2021-01-12,9,401,7,379,2,22,0,0,7,214,1,87,8,301,Not in California
Unknown,2021-01-13,11,412,11,390,0,22,0,0,12,226,0,87,12,313,Not in California
Unknown,2021-01-14,4,416,3,393,1,23,0,0,4,230,0,87,4,317,Not in California
Unknown,2021-01-15,4,420,3,396,1,24,0,0,4,234,0,87,4,321,Not in California
Unknown,2021-01-16,7,427,7,403,0,24,0,0,6,239,1,88,6,327,Not in California
Unknown,2021-01-17,3,430,3,406,0,24,0,0,3,242,0,88,3,330,Not in California
Unknown,2021-01-18,55,485,55,461,0,24,0,0,53,293,2,90,53,383,Not in California
Unknown,2021-01-19,23,508,22,483,1,25,0,0,21,313,1,91,21,404,Not in California
Unknown,2021-01-20,79,587,79,562,0,25,0,0,27,288,52,143,27,431,Not in California
Unknown,2021-01-21,60,647,58,620,2,27,0,0,62,350,0,143,62,493,Not in California
Unknown,2021-01-22,40,687,35,655,5,32,0,0,40,390,0,143,40,533,Not in California
Unknown,2021-01-23,13,700,7,662,6,38,0,0,13,403,0,143,13,546,Not in California
Unknown,2021-01-24,2,702,2,664,0,38,0,0,3,406,0,143,3,549,Not in California
Unknown,2021-01-25,21,723,18,682,3,41,0,0,18,421,3,146,18,567,Not in California
Unknown,2021-01-26,99,822,95,777,4,45,0,0,102,523,0,146,102,669,Not in California
Unknown,2021-01-27,17,839,17,794,0,45,0,0,16,538,1,147,16,685,Not in California
Unknown,2021-01-28,155,994,152,946,3,48,0,0,98,576,60,207,98,783,Not in California
Unknown,2021-01-29,148,1142,147,1093,1,49,0,0,152,727,1,208,152,935,Not in California
Unknown,2021-01-30,10,1152,8,1101,2,51,0,0,13,739,1,209,13,948,Not in California
Unknown,2021-01-31,16,1168,16,1117,0,51,0,0,16,754,1,210,16,964,Not in California
Unknown,2021-02-01,36,1204,34,1151,2,53,0,0,21,758,17,227,21,985,Not in California
Unknown,2021-02-02,69,1273,67,1218,2,55,0,0,64,817,5,232,64,1049,Not in California
Unknown,2021-02-03,49,1322,46,1264,3,58,0,0,37,843,11,243,37,1086,Not in California
Unknown,2021-02-04,61,1383,56,1320,5,63,0,0,56,894,5,248,56,1142,Not in California
Unknown,2021-02-05,20,1403,13,1333,7,70,0,0,16,903,7,255,16,1158,Not in California
Unknown,2021-02-06,19,1422,14,1347,5,75,0,0,15,911,7,262,15,1173,Not in California
Unknown,2021-02-07,8,1430,8,1355,0,75,0,0,6,915,2,264,6,1179,Not in California
Unknown,2021-02-08,53,1483,50,1405,3,78,0,0,13,888,40,304,13,1192,Not in California
Unknown,2021-02-09,20,1503,19,1424,1,79,0,0,5,878,15,319,5,1197,Not in California
Unknown,2021-02-10,35,1538,30,1454,5,84,0,0,9,861,26,345,9,1206,Not in California
Unknown,2021-02-11,93,1631,92,1546,1,85,0,0,43,853,51,396,43,1249,Not in California
Unknown,2021-02-12,47,1678,38,1584,9,94,0,0,18,838,33,429,18,1267,Not in California
Unknown,2021-02-13,15,1693,3,1587,12,106,0,0,17,854,1,430,17,1284,Not in California
Unknown,2021-02-14,7,1700,1,1588,6,112,0,0,5,858,1,431,5,1289,Not in California
Unknown,2021-02-15,43,1743,37,1625,6,118,0,0,28,874,12,443,28,1317,Not in California
Unknown,2021-02-16,105,1848,96,1721,9,127,0,0,32,832,74,517,32,1349,Not in California
Unknown,2021-02-17,10,1858,8,1729,2,129,0,0,4,831,5,522,4,1353,Not in California
Unknown,2021-02-18,105,1963,100,1829,5,134,0,0,19,764,86,608,19,1372,Not in California
Unknown,2021-02-19,197,2160,191,2020,6,140,0,0,58,684,138,746,58,1430,Not in California
Unknown,2021-02-20,12,2172,5,2025,7,147,0,0,5,684,5,751,5,1435,Not in California
Unknown,2021-02-21,18,2190,18,2043,0,147,0,0,4,674,14,765,4,1439,Not in California
Unknown,2021-02-22,9,2199,9,2052,0,147,0,0,6,677,3,768,6,1445,Not in California
Unknown,2021-02-23,62,2261,50,2102,12,159,0,0,15,645,47,815,15,1460,Not in California
Unknown,2021-02-24,43,2304,35,2137,8,167,0,0,14,630,29,844,14,1474,Not in California
Unknown,2021-02-25,76,2380,60,2197,16,183,0,0,27,608,49,893,27,1501,Not in California
Unknown,2021-02-26,39,2419,24,2221,15,198,0,0,24,618,14,907,24,1525,Not in California
Unknown,2021-02-27,27,2446,14,2235,13,211,0,0,19,629,8,915,19,1544,Not in California
Unknown,2021-02-28,17,2463,13,2248,4,215,0,0,10,634,5,920,10,1554,Not in California
Unknown,2021-03-01,43,2506,26,2274,17,232,0,0,23,638,19,939,23,1577,Not in California
Unknown,2021-03-02,19,2525,7,2281,12,244,0,0,11,643,6,945,11,1588,Not in California
Unknown,2021-03-03,13,2538,7,2288,6,250,0,0,10,650,3,948,10,1598,Not in California
Unknown,2021-03-04,53,2591,49,2337,4,254,0,0,21,640,31,979,21,1619,Not in California
Unknown,2021-03-05,31,2622,13,2350,18,272,0,0,34,668,6,985,34,1653,Not in California
Unknown,2021-03-06,31,2653,10,2360,19,291,2,2,22,683,9,994,24,1677,Not in California
Unknown,2021-03-07,9,2662,1,2361,8,299,0,2,5,685,3,997,5,1682,Not in California
Unknown,2021-03-08,33,2695,23,2384,8,307,2,4,8,669,26,1023,10,1692,Not in California
Unknown,2021-03-09,39,2734,32,2416,3,310,4,8,10,653,30,1053,14,1706,Not in California
Unknown,2021-03-10,9,2743,6,2422,1,311,2,10,5,655,5,1058,7,1713,Not in California
Unknown,2021-03-11,37,2780,13,2435,10,321,14,24,15,663,21,1079,29,1742,Not in California
Unknown,2021-03-12,82,2862,56,2491,21,342,5,29,16,621,63,1142,21,1763,Not in California
Unknown,2021-03-13,24,2886,4,2495,16,358,4,33,8,617,16,1158,12,1775,Not in California
Unknown,2021-03-14,17,2903,9,2504,6,364,2,35,7,615,11,1169,9,1784,Not in California
Unknown,2021-03-15,30,2933,11,2515,17,381,2,37,20,624,13,1182,22,1806,Not in California
Unknown,2021-03-16,62,2995,21,2536,38,419,3,40,44,653,18,1200,47,1853,Not in California
Unknown,2021-03-17,47,3042,15,2551,31,450,1,41,41,691,4,1204,42,1895,Not in California
Unknown,2021-03-18,41,3083,20,2571,21,471,0,41,29,708,12,1216,29,1924,Not in California
Unknown,2021-03-19,28,3111,19,2590,9,480,0,41,26,726,8,1224,26,1950,Not in California
Unknown,2021-03-20,33,3144,14,2604,19,499,0,41,18,732,12,1236,18,1968,Not in California
Unknown,2021-03-21,23,3167,17,2621,6,505,0,41,19,748,3,1239,19,1987,Not in California
Unknown,2021-03-22,34,3201,18,2639,15,520,1,42,18,755,12,1251,19,2006,Not in California
Unknown,2021-03-23,23,3224,9,2648,9,529,5,47,16,765,11,1262,21,2027,Not in California
Unknown,2021-03-24,26,3250,9,2657,17,546,0,47,32,792,5,1267,32,2059,Not in California
Unknown,2021-03-25,48,3298,33,2690,15,561,0,47,39,817,14,1281,39,2098,Not in California
Unknown,2021-03-26,39,3337,19,2709,15,576,5,52,27,833,16,1297,32,2130,Not in California
Unknown,2021-03-27,39,3376,13,2722,26,602,0,52,25,838,20,1317,25,2155,Not in California
Unknown,2021-03-28,17,3393,9,2731,8,610,0,52,10,844,4,1321,10,2165,Not in California
Unknown,2021-03-29,36,3429,15,2746,20,630,1,53,24,857,12,1333,25,2190,Not in California
Unknown,2021-03-30,35,3464,20,2766,15,645,0,53,28,872,13,1346,28,2218,Not in California
Unknown,2021-03-31,38,3502,24,2790,14,659,0,53,29,890,11,1357,29,2247,Not in California
Unknown,2021-04-01,29,3531,14,2804,15,674,0,53,25,910,5,1362,25,2272,Not in California
Unknown,2021-04-02,63,3594,16,2820,38,712,9,62,35,921,33,1395,44,2316,Not in California
Unknown,2021-04-03,18,3612,9,2829,9,721,0,62,12,923,10,1405,12,2328,Not in California
Unknown,2021-04-04,16,3628,5,2834,11,732,0,62,10,928,5,1410,10,2338,Not in California
Unknown,2021-04-05,34,3662,20,2854,13,745,1,63,22,936,15,1425,23,2361,Not in California
Unknown,2021-04-06,34,3696,17,2871,16,761,1,64,16,935,18,1443,17,2378,Not in California
Unknown,2021-04-07,43,3739,29,2900,13,774,1,65,32,958,10,1453,33,2411,Not in California
Unknown,2021-04-08,38,3777,25,2925,9,783,4,69,17,958,21,1474,21,2432,Not in California
Unknown,2021-04-09,42,3819,25,2950,17,800,0,69,27,970,15,1489,27,2459,Not in California
Unknown,2021-04-10,10,3829,9,2959,1,801,0,69,3,966,7,1496,3,2462,Not in California
Unknown,2021-04-11,14,3843,10,2969,4,805,0,69,5,962,9,1505,5,2467,Not in California
Unknown,2021-04-12,40,3883,23,2992,16,821,1,70,17,957,23,1528,18,2485,Not in California
Unknown,2021-04-13,69,3952,26,3018,43,864,0,70,28,944,41,1569,28,2513,Not in California
Unknown,2021-04-14,39,3991,12,3030,27,891,0,70,13,931,26,1595,13,2526,Not in California
Unknown,2021-04-15,53,4044,24,3054,28,919,1,71,24,928,28,1623,25,2551,Not in California
Unknown,2021-04-16,59,4103,42,3096,17,936,0,71,38,945,21,1644,38,2589,Not in California
Unknown,2021-04-17,26,4129,15,3111,11,947,0,71,9,939,16,1660,10,2599,Not in California
Unknown,2021-04-18,20,4149,8,3119,12,959,0,71,8,935,12,1672,8,2607,Not in California
Unknown,2021-04-19,39,4188,25,3144,14,973,0,71,20,937,18,1690,20,2627,Not in California
Unknown,2021-04-20,24,4212,17,3161,7,980,0,71,10,933,14,1704,10,2637,Not in California
Unknown,2021-04-21,95,4307,75,3236,20,1000,0,71,73,984,22,1726,73,2710,Not in California
Unknown,2021-04-22,367,4674,170,3406,197,1197,0,71,333,1285,32,1758,333,3043,Not in California
Unknown,2021-04-23,347,5021,154,3560,193,1390,0,71,317,1573,29,1787,317,3360,Not in California
Unknown,2021-04-24,361,5382,209,3769,152,1542,0,71,342,1896,19,1806,342,3702,Not in California
Unknown,2021-04-25,316,5698,196,3965,120,1662,0,71,297,2175,18,1824,297,3999,Not in California
Unknown,2021-04-26,293,5991,192,4157,101,1763,0,71,275,2432,18,1842,275,4274,Not in California
Unknown,2021-04-27,307,6298,177,4334,107,1870,23,94,260,2668,47,1889,283,4557,Not in California
Unknown,2021-04-28,6,6304,6,4340,0,1870,0,94,1,2664,5,1894,1,4558,Not in California
Alameda,2020-12-15,36,36,36,36,0,0,0,0,36,36,0,0,36,36,California
Alameda,2020-12-16,203,239,203,239,0,0,0,0,203,239,0,0,203,239,California
Alameda,2020-12-17,396,635,396,635,0,0,0,0,396,635,0,0,396,635,California
Alameda,2020-12-18,1767,2402,1766,2401,1,1,0,0,1767,2402,0,0,1767,2402,California
Alameda,2020-12-19,1357,3759,1357,3758,0,1,0,0,1357,3759,0,0,1357,3759,California
Alameda,2020-12-20,1157,4916,1156,4914,1,2,0,0,1156,4914,1,1,1156,4915,California
Alameda,2020-12-21,1860,6776,1859,6773,1,3,0,0,1859,6773,0,1,1859,6774,California
Alameda,2020-12-22,2100,8876,2048,8821,52,55,0,0,2100,8873,0,1,2100,8874,California
Alameda,2020-12-23,1932,10808,1675,10496,257,312,0,0,1932,10805,0,1,1932,10806,California
Alameda,2020-12-24,1218,12026,758,11254,460,772,0,0,1218,12023,0,1,1218,12024,California
Alameda,2020-12-25,165,12191,128,11382,37,809,0,0,165,12188,0,1,165,12189,California
Alameda,2020-12-26,867,13058,323,11705,544,1353,0,0,867,13055,0,1,867,13056,California
Alameda,2020-12-27,500,13558,256,11961,244,1597,0,0,500,13555,0,1,500,13556,California
Alameda,2020-12-28,1883,15441,957,12918,926,2523,0,0,1883,15438,0,1,1883,15439,California
Alameda,2020-12-29,2428,17869,1022,13940,1406,3929,0,0,2427,17865,0,1,2427,17866,California
Alameda,2020-12-30,3124,20993,1361,15301,1763,5692,0,0,3126,20991,0,1,3126,20992,California
Alameda,2020-12-31,1790,22783,441,15742,1349,7041,0,0,1788,22778,1,2,1788,22780,California
Alameda,2021-01-01,171,22954,70,15812,101,7142,0,0,170,22947,1,3,170,22950,California
Alameda,2021-01-02,720,23674,521,16333,199,7341,0,0,719,23666,0,3,719,23669,California
Alameda,2021-01-03,341,24015,220,16553,121,7462,0,0,338,24001,3,6,338,24007,California
Alameda,2021-01-04,1649,25664,945,17498,704,8166,0,0,1637,25627,11,17,1637,25644,California
Alameda,2021-01-05,2200,27864,1265,18763,935,9101,0,0,1964,27358,233,250,1964,27608,California
Alameda,2021-01-06,3244,31108,1778,20541,1466,10567,0,0,2429,28977,812,1062,2431,30039,California
Alameda,2021-01-07,3775,34883,2112,22653,1663,12230,0,0,2688,30591,1078,2140,2692,32731,California
Alameda,2021-01-08,4725,39608,2696,25349,2029,14259,0,0,3102,32078,1619,3759,3106,35837,California
Alameda,2021-01-09,2032,41640,1388,26737,644,14903,0,0,1171,32388,861,4620,1171,37008,California
Alameda,2021-01-10,1061,42701,843,27580,218,15121,0,0,424,32174,638,5258,424,37432,California
Alameda,2021-01-11,4633,47334,3502,31082,1131,16252,0,0,2845,33237,1788,7046,2851,40283,California
Alameda,2021-01-12,4825,52159,3247,34329,1578,17830,0,0,3432,35280,1392,8438,3435,43718,California
Alameda,2021-01-13,5028,57187,2655,36984,2373,20203,0,0,3845,37948,1178,9616,3846,47564,California
Alameda,2021-01-14,5604,62791,2740,39724,2864,23067,0,0,4718,41792,877,10493,4721,52285,California
Alameda,2021-01-15,5828,68619,2309,42033,3519,26586,0,0,5061,46096,760,11253,5064,57349,California
Alameda,2021-01-16,3005,71624,1409,43442,1596,28182,0,0,2737,48566,268,11521,2738,60087,California
Alameda,2021-01-17,1867,73491,1084,44526,783,28965,0,0,1660,50021,206,11727,1661,61748,California
Alameda,2021-01-18,3192,76683,2049,46575,1143,30108,0,0,2598,52034,590,12317,2603,64351,California
Alameda,2021-01-19,5522,82205,3329,49904,2193,32301,0,0,4335,55186,1185,13502,4337,68688,California
Alameda,2021-01-20,6695,88900,4029,53933,2666,34967,0,0,5399,59305,1284,14786,5403,74091,California
Alameda,2021-01-21,7752,96652,3388,57321,4364,39331,0,0,6924,65410,822,15608,6927,81018,California
Alameda,2021-01-22,6838,103490,2032,59353,4806,44137,0,0,5700,69981,1131,16739,5702,86720,California
Alameda,2021-01-23,3283,106773,944,60297,2339,46476,0,0,2730,72160,553,17292,2732,89452,California
Alameda,2021-01-24,2049,108822,654,60951,1395,47871,0,0,1773,73661,272,17564,1773,91225,California
Alameda,2021-01-25,5218,114040,1986,62937,3232,51103,0,0,3633,75717,1577,19141,3633,94858,California
Alameda,2021-01-26,7244,121284,2287,65224,4957,56060,0,0,5383,79247,1854,20995,5384,100242,California
Alameda,2021-01-27,6671,127955,2076,67300,4595,60655,0,0,4828,82243,1832,22827,4828,105070,California
Alameda,2021-01-28,7882,135837,2542,69842,5340,65995,0,0,5643,85666,2223,25050,5646,110716,California
Alameda,2021-01-29,7918,143755,3181,73023,4737,70732,0,0,6093,89945,1815,26865,6094,116810,California
Alameda,2021-01-30,3411,147166,1666,74689,1745,72477,0,0,2710,91959,696,27561,2710,119520,California
Alameda,2021-01-31,1903,149069,963,75652,940,73417,0,0,1659,93377,241,27802,1659,121179,California
Alameda,2021-02-01,5959,155028,3356,79008,2603,76020,0,0,4323,96071,1630,29432,4324,125503,California
Alameda,2021-02-02,7451,162479,4243,83251,3208,79228,0,0,4664,97958,2777,32209,4664,130167,California
Alameda,2021-02-03,7077,169556,3728,86979,3349,82577,0,0,4405,99702,2666,34875,4410,134577,California
Alameda,2021-02-04,9505,179061,4130,91109,5375,87952,0,0,6450,103119,3038,37913,6455,141032,California
Alameda,2021-02-05,10325,189386,5391,96500,4934,92886,0,0,6459,105724,3860,41773,6465,147497,California
Alameda,2021-02-06,6999,196385,4439,100939,2560,95446,0,0,5879,110483,1120,42893,5879,153376,California
Alameda,2021-02-07,3581,199966,2892,103831,689,96135,0,0,2641,112188,937,43830,2642,156018,California
Alameda,2021-02-08,8084,208050,5779,109610,2305,98440,0,0,5540,115196,2534,46364,5542,161560,California
Alameda,2021-02-09,9707,217757,5856,115466,3851,102291,0,0,6058,117613,3643,50007,6060,167620,California
Alameda,2021-02-10,11454,229211,6774,122240,4680,106971,0,0,6635,119454,4802,54809,6643,174263,California
Alameda,2021-02-11,13923,243134,7982,130222,5941,112912,0,0,8376,122303,5530,60339,8379,182642,California
Alameda,2021-02-12,12524,255658,5693,135915,6831,119743,0,0,7754,125304,4756,65095,7757,190399,California
Alameda,2021-02-13,7808,263466,4066,139981,3742,123485,0,0,5848,129198,1956,67051,5850,196249,California
Alameda,2021-02-14,4025,267491,2535,142516,1490,124975,0,0,2868,130914,1154,68205,2870,199119,California
Alameda,2021-02-15,5707,273198,3221,145737,2486,127461,0,0,3698,132608,2007,70212,3701,202820,California
Alameda,2021-02-16,12531,285729,6952,152689,5579,133040,0,0,9319,138731,3201,73413,9324,212144,California
Alameda,2021-02-17,14099,299828,8351,161040,5748,138788,0,0,10482,145616,3599,77012,10484,222628,California
Alameda,2021-02-18,15854,315682,10060,171100,5794,144582,0,0,11513,152798,4337,81349,11519,234147,California
Alameda,2021-02-19,17633,333315,11429,182529,6204,150786,0,0,11687,158565,5924,87273,11691,245838,California
Alameda,2021-02-20,11856,345171,9609,192138,2247,153033,0,0,9144,165005,2709,89982,9149,254987,California
Alameda,2021-02-21,6195,351366,5264,197402,931,153964,0,0,3742,166304,2443,92425,3742,258729,California
Alameda,2021-02-22,10702,362068,7923,205325,2779,156743,0,0,6746,169118,3942,96367,6756,265485,California
Alameda,2021-02-23,12710,374778,7716,213041,4994,161737,0,0,7912,172249,4788,101155,7919,273404,California
Alameda,2021-02-24,14655,389433,8207,221248,6448,168185,0,0,9504,176668,5091,106246,9510,282914,California
Alameda,2021-02-25,15610,405043,9122,230370,6488,174673,0,0,9946,180988,5632,111878,9952,292866,California
Alameda,2021-02-26,18089,423132,10636,241006,7453,182126,0,0,11704,186351,6345,118223,11708,304574,California
Alameda,2021-02-27,14698,437830,10807,251813,3889,186015,2,2,9100,189880,5575,123798,9104,313678,California
Alameda,2021-02-28,9141,446971,7706,259519,1435,187450,0,2,6072,192904,3049,126847,6073,319751,California
Alameda,2021-03-01,13217,460188,9179,268698,4035,191485,3,5,8201,196141,4973,131820,8210,327961,California
Alameda,2021-03-02,13805,473993,9589,278287,4216,195701,0,5,8875,200112,4911,136731,8882,336843,California
Alameda,2021-03-03,15380,489373,9984,288271,5395,201096,1,6,10478,205717,4876,141607,10481,347324,California
Alameda,2021-03-04,17286,506659,11049,299320,6236,207332,1,7,10869,210204,6383,147990,10870,358194,California
Alameda,2021-03-05,15855,522514,10240,309560,5606,212938,9,16,10635,215674,5180,153170,10650,368844,California
Alameda,2021-03-06,14225,536739,9953,319513,4013,216951,259,275,9341,220435,4841,158011,9602,378446,California
Alameda,2021-03-07,9289,546028,8075,327588,1133,218084,81,356,6570,224394,2694,160705,6653,385099,California
Alameda,2021-03-08,11630,557658,7161,334749,4092,222176,377,733,8658,230506,2922,163627,9034,394133,California
Alameda,2021-03-09,11353,569011,7006,341755,3918,226094,429,1162,6279,232173,5043,168670,6710,400843,California
Alameda,2021-03-10,16661,585672,11315,353070,4789,230883,557,1719,7549,231187,9088,177758,8102,408945,California
Alameda,2021-03-11,19748,605420,11549,364619,6493,237376,1706,3425,6760,226692,12959,190717,8464,417409,California
Alameda,2021-03-12,21127,626547,12300,376919,7177,244553,1650,5075,7461,222152,13645,204362,9105,426514,California
Alameda,2021-03-13,15835,642382,10103,387022,4753,249306,979,6054,5114,217552,10688,215050,6088,432602,California
Alameda,2021-03-14,10691,653073,7810,394832,2096,251402,785,6839,4659,216974,6016,221066,5438,438040,California
Alameda,2021-03-15,14299,667372,9320,404152,4462,255864,517,7356,6358,215933,7913,228979,6872,444912,California
Alameda,2021-03-16,17139,684511,11091,415243,5515,261379,533,7889,7547,214473,9541,238520,8081,452993,California
Alameda,2021-03-17,17346,701857,9765,425008,6889,268268,692,8581,8159,214170,9153,247673,8850,461843,California
Alameda,2021-03-18,19035,720892,10314,435322,7844,276112,877,9458,8761,213565,10246,257919,9641,471484,California
Alameda,2021-03-19,19081,739973,10323,445645,6971,283083,1787,11245,7643,211598,11390,269309,9423,480907,California
Alameda,2021-03-20,15605,755578,10182,455827,4604,287687,819,12064,6535,209906,9042,278351,7350,488257,California
Alameda,2021-03-21,9050,764628,7096,462923,1423,289110,531,12595,3772,208941,5269,283620,4304,492561,California
Alameda,2021-03-22,14872,779500,9993,472916,3899,293009,980,13575,7183,209428,7671,291291,8158,500719,California
Alameda,2021-03-23,19060,798560,11490,484406,6777,299786,793,14368,10703,212612,8316,299607,11500,512219,California
Alameda,2021-03-24,18946,817506,11391,495797,6564,306350,991,15359,8581,211869,10306,309913,9563,521782,California
Alameda,2021-03-25,20331,837837,11211,507008,7740,314090,1380,16739,9560,212093,10707,320620,10931,532713,California
Alameda,2021-03-26,20635,858472,12362,519370,6743,320833,1530,18269,8842,210709,11748,332368,10364,543077,California
Alameda,2021-03-27,18134,876606,12307,531677,4872,325705,955,19224,7819,209197,10269,342637,8757,551834,California
Alameda,2021-03-28,10421,887027,8437,540114,1781,327486,203,19427,3833,206661,6578,349215,4042,555876,California
Alameda,2021-03-29,14562,901589,9273,549387,4295,331781,994,20421,6261,205647,8268,357483,7254,563130,California
Alameda,2021-03-30,18401,919990,9659,559046,7052,338833,1690,22111,10800,210560,7573,365056,12486,575616,California
Alameda,2021-03-31,19190,939180,10098,569144,7034,345867,2058,24169,9532,212491,9633,374689,11564,587180,California
Alameda,2021-04-01,22957,962137,9937,579081,7535,353402,5485,29654,10949,216936,11983,386672,16428,603608,California
Alameda,2021-04-02,23703,985840,9809,588890,8219,361621,5675,35329,11485,221896,12186,398858,17146,620754,California
Alameda,2021-04-03,20051,1005891,9713,598603,5651,367272,4687,40016,10259,227068,9772,408630,14944,635698,California
Alameda,2021-04-04,9901,1015792,3950,602553,2277,369549,3674,43690,3506,227857,6386,415016,7175,642873,California
Alameda,2021-04-05,17664,1033456,7405,609958,5499,375048,4760,48450,7173,229315,10474,425490,11932,654805,California
Alameda,2021-04-06,22019,1055475,10566,620524,5641,380689,5812,54262,9984,233102,12004,437494,15791,670596,California
Alameda,2021-04-07,22349,1077824,11445,631969,5474,386163,5430,59692,11322,238862,10987,448481,16747,687343,California
Alameda,2021-04-08,25256,1103080,11430,643399,5907,392070,7919,67611,10766,243120,14423,462904,18681,706024,California
Alameda,2021-04-09,23085,1126165,10466,653865,7445,399515,5174,72785,11895,249028,11167,474071,17075,723099,California
Alameda,2021-04-10,18761,1144926,7374,661239,5577,405092,5810,78595,8137,252361,10605,484676,13938,737037,California
Alameda,2021-04-11,10961,1155887,4765,666004,2263,407355,3933,82528,4478,254298,6467,491143,8404,745441,California
Alameda,2021-04-12,17769,1173656,11666,677670,4283,411638,1820,84348,10081,258538,7658,498801,11898,757339,California
Alameda,2021-04-13,22999,1196655,14626,692296,8320,419958,53,84401,16977,269601,5976,504777,17039,774378,California
Alameda,2021-04-14,22985,1219640,15176,707472,7806,427764,3,84404,15611,277878,7342,512119,15619,789997,California
Alameda,2021-04-15,23651,1243291,15184,722656,8465,436229,2,84406,15697,285677,7908,520027,15707,805704,California
Alameda,2021-04-16,24247,1267538,14321,736977,9922,446151,4,84410,15663,292822,8532,528559,15677,821381,California
Alameda,2021-04-17,20618,1288156,14198,751175,6420,452571,0,84410,14219,300685,6370,534929,14233,835614,California
Alameda,2021-04-18,9859,1298015,7523,758698,2336,454907,0,84410,6837,304531,2995,537924,6841,842455,California
Alameda,2021-04-19,15389,1313404,9586,768284,5803,460710,0,84410,8902,306982,6461,544385,8912,851367,California
Alameda,2021-04-20,18093,1331497,11030,779314,7061,467771,2,84412,9933,308817,8120,552505,9955,861322,California
Alameda,2021-04-21,19123,1350620,11186,790500,7931,475702,6,84418,11198,312170,7870,560375,11223,872545,California
Alameda,2021-04-22,20907,1371527,13468,803968,7436,483138,3,84421,11112,313552,9755,570130,11137,883682,California
Alameda,2021-04-23,20251,1391778,13144,817112,7106,490244,1,84422,11335,316031,8872,579002,11351,895033,California
Alameda,2021-04-24,15684,1407462,12047,829159,3630,493874,7,84429,8292,316986,7354,586356,8309,903342,California
Alameda,2021-04-25,6824,1414286,5306,834465,1517,495391,1,84430,4363,318899,2453,588809,4366,907708,California
Alameda,2021-04-26,11289,1425575,7662,842127,3609,499000,18,84448,7136,321931,4131,592940,7163,914871,California
Alameda,2021-04-27,11921,1437496,7059,849186,4576,503576,286,84734,5778,321897,6119,599059,6085,920956,California
Alameda,2021-04-28,8967,1446463,5637,854823,3158,506734,172,84906,2943,319088,6010,605069,3201,924157,California
Alpine,2020-12-18,2,2,2,2,0,0,0,0,2,2,0,0,2,2,California
Alpine,2020-12-19,2,4,2,4,0,0,0,0,2,4,0,0,2,4,California
Alpine,2020-12-21,2,6,2,6,0,0,0,0,2,6,0,0,2,6,California
Alpine,2020-12-30,14,20,0,6,14,14,0,0,14,20,0,0,14,20,California
Alpine,2020-12-31,1,21,0,6,1,15,0,0,1,21,0,0,1,21,California
Alpine,2021-01-01,1,22,0,6,1,16,0,0,1,22,0,0,1,22,California
Alpine,2021-01-02,1,23,1,7,0,16,0,0,1,23,0,0,1,23,California
Alpine,2021-01-04,10,33,0,7,10,26,0,0,10,33,0,0,10,33,California
Alpine,2021-01-05,9,42,1,8,8,34,0,0,9,42,0,0,9,42,California
Alpine,2021-01-06,31,73,0,8,31,65,0,0,31,73,0,0,31,73,California
Alpine,2021-01-07,8,81,0,8,8,73,0,0,8,81,0,0,8,81,California
Alpine,2021-01-08,4,85,2,10,2,75,0,0,2,81,2,2,2,83,California
Alpine,2021-01-09,2,87,2,12,0,75,0,0,0,79,2,4,0,83,California
Alpine,2021-01-11,32,119,1,13,31,106,0,0,31,109,1,5,31,114,California
Alpine,2021-01-13,35,154,0,13,35,141,0,0,35,144,0,5,35,149,California
Alpine,2021-01-14,1,155,0,13,1,142,0,0,1,145,0,5,1,150,California
Alpine,2021-01-15,1,156,0,13,1,143,0,0,1,146,0,5,1,151,California
Alpine,2021-01-20,21,177,0,13,21,164,0,0,21,167,0,5,21,172,California
Alpine,2021-01-21,1,178,0,13,1,165,0,0,1,168,0,5,1,173,California
Alpine,2021-01-22,32,210,0,13,32,197,0,0,32,200,0,5,32,205,California
Alpine,2021-01-23,1,211,1,14,0,197,0,0,0,199,1,6,0,205,California
Alpine,2021-01-25,16,227,0,14,16,213,0,0,16,215,0,6,16,221,California
Alpine,2021-01-27,1,228,1,15,0,213,0,0,0,214,1,7,0,221,California
Alpine,2021-01-28,1,229,0,15,1,214,0,0,0,213,1,8,0,221,California
Alpine,2021-01-29,1,230,0,15,1,215,0,0,1,214,0,8,1,222,California
Alpine,2021-02-01,25,255,0,15,25,240,0,0,7,203,18,26,7,229,California
Alpine,2021-02-03,34,289,0,15,34,274,0,0,10,189,24,50,10,239,California
Alpine,2021-02-04,8,297,0,15,8,282,0,0,3,187,5,55,3,242,California
Alpine,2021-02-05,31,328,0,15,31,313,0,0,12,180,19,74,12,254,California
Alpine,2021-02-06,1,329,1,16,0,313,0,0,1,181,0,74,1,255,California
Alpine,2021-02-07,1,330,1,17,0,313,0,0,1,182,0,74,1,256,California
Alpine,2021-02-08,32,362,0,17,32,345,0,0,4,158,28,102,4,260,California
Alpine,2021-02-10,34,396,0,17,34,379,0,0,0,124,34,136,0,260,California
Alpine,2021-02-11,6,402,0,17,6,385,0,0,3,124,3,139,3,263,California
Alpine,2021-02-12,1,403,0,17,1,386,0,0,0,123,1,140,0,263,California
Alpine,2021-02-17,23,426,0,17,23,409,0,0,3,106,20,160,3,266,California
Alpine,2021-02-18,2,428,0,17,2,411,0,0,1,106,1,161,1,267,California
Alpine,2021-02-19,34,462,1,18,33,444,0,0,2,76,32,193,2,269,California
Alpine,2021-02-22,27,489,0,18,27,471,0,0,8,65,19,212,8,277,California
Alpine,2021-02-24,1,490,1,19,0,471,0,0,1,66,0,212,1,278,California
Alpine,2021-02-25,6,496,1,20,5,476,0,0,6,72,0,212,6,284,California
Alpine,2021-02-26,29,525,1,21,28,504,0,0,28,99,1,213,28,312,California
Alpine,2021-02-27,1,526,0,21,1,505,0,0,1,100,0,213,1,313,California
Alpine,2021-03-01,35,561,0,21,35,540,0,0,25,115,10,223,25,338,California
Alpine,2021-03-02,1,562,1,22,0,540,0,0,0,114,1,224,0,338,California
Alpine,2021-03-03,30,592,1,23,29,569,0,0,18,120,12,236,18,356,California
Alpine,2021-03-04,11,603,1,24,10,579,0,0,11,131,0,236,11,367,California
Alpine,2021-03-05,30,633,0,24,30,609,0,0,22,145,8,244,22,389,California
Alpine,2021-03-08,31,664,0,24,31,640,0,0,29,172,2,246,29,418,California
Alpine,2021-03-10,72,736,0,24,72,712,0,0,72,244,0,246,72,490,California
Alpine,2021-03-11,36,772,0,24,36,748,0,0,32,272,4,250,32,522,California
Alpine,2021-03-12,19,791,0,24,19,767,0,0,17,287,2,252,17,539,California
Alpine,2021-03-15,21,812,1,25,20,787,0,0,20,306,1,253,20,559,California
Alpine,2021-03-17,23,835,0,25,22,809,1,1,19,322,4,257,20,579,California
Alpine,2021-03-18,38,873,3,28,35,844,0,1,35,354,3,260,35,614,California
Alpine,2021-03-19,2,875,1,29,1,845,0,1,1,354,1,261,1,615,California
Alpine,2021-03-22,24,899,0,29,24,869,0,1,15,360,9,270,15,630,California
Alpine,2021-03-24,19,918,0,29,19,888,0,1,9,359,10,280,9,639,California
Alpine,2021-03-25,35,953,1,30,33,921,1,2,28,381,7,287,29,668,California
Alpine,2021-03-27,1,954,0,30,1,922,0,2,0,380,1,288,0,668,California
Alpine,2021-03-28,1,955,1,31,0,922,0,2,1,381,0,288,1,669,California
Alpine,2021-03-29,20,975,0,31,19,941,1,3,3,368,17,305,4,673,California
Alpine,2021-04-01,16,991,0,31,16,957,0,3,7,366,9,314,7,680,California
Alpine,2021-04-02,100,1091,1,32,99,1056,0,3,46,359,53,367,46,726,California
Alpine,2021-04-05,4,1095,1,33,3,1059,0,3,0,355,4,371,0,726,California
Alpine,2021-04-06,3,1098,2,35,1,1060,0,3,2,356,1,372,2,728,California
Alpine,2021-04-07,115,1213,0,35,114,1174,1,4,29,301,85,457,30,758,California
Alpine,2021-04-08,38,1251,0,35,36,1210,2,6,10,285,28,485,12,770,California
Alpine,2021-04-09,1,1252,0,35,1,1211,0,6,1,286,0,485,1,771,California
Alpine,2021-04-14,47,1299,0,35,47,1258,0,6,10,259,37,522,10,781,California
Alpine,2021-04-15,35,1334,0,35,35,1293,0,6,3,230,32,554,3,784,California
Alpine,2021-04-16,1,1335,0,35,1,1294,0,6,1,231,0,554,1,785,California
Alpine,2021-04-19,1,1336,0,35,1,1295,0,6,1,232,0,554,1,786,California
Alpine,2021-04-21,31,1367,0,35,31,1326,0,6,15,231,16,570,15,801,California
Alpine,2021-04-22,24,1391,0,35,24,1350,0,6,1,209,23,593,1,802,California
Alpine,2021-04-24,2,1393,2,37,0,1350,0,6,0,208,2,595,1,803,California
Alpine,2021-04-25,1,1394,1,38,0,1350,0,6,0,207,1,596,0,803,California
Alpine,2021-04-26,1,1395,0,38,1,1351,0,6,0,206,1,597,0,803,California
Alpine,2021-04-27,1,1396,0,38,1,1352,0,6,1,207,0,597,1,804,California
Amador,2020-12-16,2,2,2,2,0,0,0,0,2,2,0,0,2,2,California
Amador,2020-12-17,5,7,5,7,0,0,0,0,5,7,0,0,5,7,California
Amador,2020-12-18,45,52,45,52,0,0,0,0,45,52,0,0,45,52,California
Amador,2020-12-19,17,69,17,69,0,0,0,0,17,69,0,0,17,69,California
Amador,2020-12-20,4,73,4,73,0,0,0,0,4,73,0,0,4,73,California
Amador,2020-12-21,31,104,31,104,0,0,0,0,31,104,0,0,31,104,California
Amador,2020-12-22,35,139,34,138,1,1,0,0,35,139,0,0,35,139,California
Amador,2020-12-23,39,178,38,176,1,2,0,0,39,178,0,0,39,178,California
Amador,2020-12-24,5,183,3,179,2,4,0,0,5,183,0,0,5,183,California
Amador,2020-12-26,5,188,4,183,1,5,0,0,5,188,0,0,5,188,California
Amador,2020-12-27,1,189,0,183,1,6,0,0,1,189,0,0,1,189,California
Amador,2020-12-28,31,220,27,210,4,10,0,0,31,220,0,0,31,220,California
Amador,2020-12-29,26,246,19,229,7,17,0,0,26,246,0,0,26,246,California
Amador,2020-12-30,124,370,78,307,46,63,0,0,124,370,0,0,124,370,California
Amador,2020-12-31,192,562,167,474,25,88,0,0,192,562,0,0,192,562,California
Amador,2021-01-01,1,563,0,474,1,89,0,0,1,563,0,0,1,563,California
Amador,2021-01-02,55,618,55,529,0,89,0,0,55,618,0,0,55,618,California
Amador,2021-01-03,65,683,17,546,48,137,0,0,65,683,0,0,65,683,California
Amador,2021-01-04,123,806,1,547,122,259,0,0,123,806,0,0,123,806,California
Amador,2021-01-05,33,839,3,550,30,289,0,0,31,836,2,2,32,838,California
Amador,2021-01-06,40,879,10,560,30,319,0,0,36,868,4,6,36,874,California
Amador,2021-01-07,227,1106,68,628,159,478,0,0,215,1071,12,18,215,1089,California
Amador,2021-01-08,84,1190,70,698,14,492,0,0,40,1068,44,62,41,1130,California
Amador,2021-01-09,11,1201,11,709,0,492,0,0,2,1061,9,71,2,1132,California
Amador,2021-01-10,7,1208,5,714,2,494,0,0,3,1060,4,75,3,1135,California
Amador,2021-01-11,125,1333,45,759,80,574,0,0,89,1114,36,111,90,1225,California
Amador,2021-01-12,64,1397,49,808,15,589,0,0,40,1130,24,135,40,1265,California
Amador,2021-01-13,38,1435,23,831,15,604,0,0,26,1144,12,147,26,1291,California
Amador,2021-01-14,147,1582,20,851,127,731,0,0,137,1271,10,157,137,1428,California
Amador,2021-01-15,55,1637,24,875,31,762,0,0,48,1312,7,164,48,1476,California
Amador,2021-01-16,19,1656,12,887,7,769,0,0,13,1320,6,170,14,1490,California
Amador,2021-01-17,25,1681,5,892,20,789,0,0,25,1345,0,170,25,1515,California
Amador,2021-01-18,31,1712,27,919,4,793,0,0,9,1332,22,192,9,1524,California
Amador,2021-01-19,119,1831,96,1015,23,816,0,0,75,1363,44,236,75,1599,California
Amador,2021-01-20,183,2014,34,1049,149,965,0,0,167,1515,15,251,167,1766,California
Amador,2021-01-21,252,2266,221,1270,31,996,0,0,144,1552,108,359,145,1911,California
Amador,2021-01-22,133,2399,72,1342,61,1057,0,0,126,1671,7,366,126,2037,California
Amador,2021-01-23,52,2451,32,1374,20,1077,0,0,50,1719,2,368,50,2087,California
Amador,2021-01-24,28,2479,12,1386,16,1093,0,0,25,1741,3,371,25,2112,California
Amador,2021-01-25,59,2538,28,1414,31,1124,0,0,42,1766,17,388,42,2154,California
Amador,2021-01-26,244,2782,16,1430,228,1352,0,0,234,1990,10,398,234,2388,California
Amador,2021-01-27,296,3078,30,1460,266,1618,0,0,249,2195,45,443,250,2638,California
Amador,2021-01-28,345,3423,76,1536,269,1887,0,0,284,2419,61,504,285,2923,California
Amador,2021-01-29,96,3519,31,1567,65,1952,0,0,81,2485,15,519,81,3004,California
Amador,2021-01-30,167,3686,33,1600,134,2086,0,0,162,2642,5,524,162,3166,California
Amador,2021-01-31,32,3718,28,1628,4,2090,0,0,31,2672,1,525,31,3197,California
Amador,2021-02-01,63,3781,23,1651,40,2130,0,0,36,2681,27,552,36,3233,California
Amador,2021-02-02,213,3994,66,1717,147,2277,0,0,127,2725,83,635,127,3360,California
Amador,2021-02-03,141,4135,38,1755,103,2380,0,0,90,2765,50,685,90,3450,California
Amador,2021-02-04,248,4383,72,1827,176,2556,0,0,163,2845,85,770,165,3615,California
Amador,2021-02-05,331,4714,63,1890,268,2824,0,0,315,3144,16,786,315,3930,California
Amador,2021-02-06,99,4813,80,1970,19,2843,0,0,95,3235,4,790,95,4025,California
Amador,2021-02-07,38,4851,35,2005,3,2846,0,0,35,3267,3,793,35,4060,California
Amador,2021-02-08,90,4941,62,2067,28,2874,0,0,73,3323,17,810,73,4133,California
Amador,2021-02-09,175,5116,83,2150,92,2966,0,0,110,3368,65,875,110,4243,California
Amador,2021-02-10,976,6092,79,2229,897,3863,0,0,943,4278,33,908,943,5186,California
Amador,2021-02-11,306,6398,118,2347,188,4051,0,0,200,4373,105,1013,200,5386,California
Amador,2021-02-12,324,6722,118,2465,206,4257,0,0,253,4555,71,1084,253,5639,California
Amador,2021-02-13,165,6887,81,2546,84,4341,0,0,139,4668,26,1110,139,5778,California
Amador,2021-02-14,123,7010,54,2600,69,4410,0,0,106,4757,17,1127,106,5884,California
Amador,2021-02-15,186,7196,60,2660,126,4536,0,0,169,4910,16,1143,169,6053,California
Amador,2021-02-16,462,7658,53,2713,409,4945,0,0,425,5299,37,1180,426,6479,California
Amador,2021-02-17,258,7916,80,2793,178,5123,0,0,163,5367,95,1275,163,6642,California
Amador,2021-02-18,398,8314,99,2892,299,5422,0,0,336,5642,62,1337,337,6979,California
Amador,2021-02-19,194,8508,77,2969,117,5539,0,0,112,5672,82,1419,112,7091,California
Amador,2021-02-20,91,8599,29,2998,62,5601,0,0,64,5709,27,1446,64,7155,California
Amador,2021-02-21,45,8644,34,3032,11,5612,0,0,15,5694,30,1476,15,7170,California
Amador,2021-02-22,63,8707,24,3056,39,5651,0,0,32,5696,30,1506,32,7202,California
Amador,2021-02-23,319,9026,55,3111,264,5915,0,0,139,5656,180,1686,140,7342,California
Amador,2021-02-24,393,9419,56,3167,337,6252,0,0,263,5793,126,1812,263,7605,California
Amador,2021-02-25,518,9937,114,3281,404,6656,0,0,279,5834,238,2050,279,7884,California
Amador,2021-02-26,608,10545,75,3356,533,7189,0,0,503,6233,105,2155,504,8388,California
Amador,2021-02-27,288,10833,91,3447,197,7386,0,0,100,6148,187,2342,102,8490,California
Amador,2021-02-28,103,10936,52,3499,51,7437,0,0,57,6162,46,2388,60,8550,California
Amador,2021-03-01,188,11124,66,3565,122,7559,0,0,119,6213,69,2457,120,8670,California
Amador,2021-03-02,379,11503,63,3628,316,7875,0,0,329,6493,50,2507,330,9000,California
Amador,2021-03-03,242,11745,79,3707,163,8038,0,0,167,6587,74,2581,168,9168,California
Amador,2021-03-04,494,12239,116,3823,378,8416,0,0,392,6877,102,2683,392,9560,California
Amador,2021-03-05,512,12751,77,3900,435,8851,0,0,294,6956,217,2900,296,9856,California
Amador,2021-03-06,99,12850,45,3945,53,8904,1,1,54,6966,45,2945,55,9911,California
Amador,2021-03-07,63,12913,42,3987,21,8925,0,1,20,6943,43,2988,20,9931,California
Amador,2021-03-08,152,13065,71,4058,80,9005,1,2,91,6974,61,3049,92,10023,California
Amador,2021-03-09,369,13434,49,4107,320,9325,0,2,291,7190,75,3124,291,10314,California
Amador,2021-03-10,507,13941,74,4181,431,9756,2,4,109,6904,398,3522,112,10426,California
Amador,2021-03-11,470,14411,115,4296,344,10100,11,15,299,7047,170,3692,313,10739,California
Amador,2021-03-12,567,14978,65,4361,494,10594,8,23,337,7168,229,3921,350,11089,California
Amador,2021-03-13,114,15092,18,4379,89,10683,7,30,74,7213,40,3961,85,11174,California
Amador,2021-03-14,89,15181,19,4398,67,10750,3,33,21,7169,68,4029,24,11198,California
Amador,2021-03-15,177,15358,25,4423,145,10895,7,40,53,7107,124,4153,62,11260,California
Amador,2021-03-16,448,15806,55,4478,383,11278,10,50,137,6945,309,4462,147,11407,California
Amador,2021-03-17,192,15998,42,4520,147,11425,3,53,116,6989,76,4538,120,11527,California
Amador,2021-03-18,471,16469,96,4616,371,11796,4,57,246,7018,225,4763,254,11781,California
Amador,2021-03-19,540,17009,57,4673,466,12262,17,74,391,7282,147,4910,411,12192,California
Amador,2021-03-20,110,17119,46,4719,63,12325,1,75,47,7270,62,4972,50,12242,California
Amador,2021-03-21,48,17167,36,4755,11,12336,1,76,31,7288,16,4988,34,12276,California
Amador,2021-03-22,114,17281,33,4788,52,12388,29,105,50,7303,64,5052,79,12355,California
Amador,2021-03-23,433,17714,48,4836,377,12765,8,113,276,7431,156,5208,284,12639,California
Amador,2021-03-24,341,18055,35,4871,55,12820,251,364,35,7412,305,5513,286,12925,California
Amador,2021-03-25,599,18654,82,4953,511,13331,6,370,388,7596,210,5723,394,13319,California
Amador,2021-03-26,738,19392,43,4996,689,14020,6,376,282,7434,453,6176,291,13610,California
Amador,2021-03-27,92,19484,15,5011,75,14095,2,378,28,7402,64,6240,32,13642,California
Amador,2021-03-28,68,19552,15,5026,51,14146,2,380,14,7366,53,6293,17,13659,California
Amador,2021-03-29,178,19730,26,5052,151,14297,1,381,80,7356,96,6389,86,13745,California
Amador,2021-03-30,532,20262,28,5080,503,14800,1,382,297,7420,234,6623,298,14043,California
Amador,2021-03-31,202,20464,57,5137,140,14940,5,387,46,7315,156,6779,51,14094,California
Amador,2021-04-01,614,21078,85,5222,529,15469,0,387,266,7237,346,7125,268,14362,California
Amador,2021-04-02,602,21680,34,5256,556,16025,12,399,383,7416,217,7342,396,14758,California
Amador,2021-04-03,82,21762,19,5275,43,16068,20,419,20,7395,62,7404,41,14799,California
Amador,2021-04-04,39,21801,4,5279,29,16097,6,425,16,7394,23,7427,22,14821,California
Amador,2021-04-05,142,21943,50,5329,74,16171,18,443,47,7366,94,7521,66,14887,California
Amador,2021-04-06,502,22445,38,5367,445,16616,19,462,222,7329,278,7799,241,15128,California
Amador,2021-04-07,100,22545,34,5401,47,16663,19,481,44,7338,54,7853,63,15191,California
Amador,2021-04-08,497,23042,84,5485,391,17054,22,503,223,7310,273,8126,245,15436,California
Amador,2021-04-09,482,23524,21,5506,442,17496,19,522,214,7274,267,8393,231,15667,California
Amador,2021-04-10,51,23575,14,5520,26,17522,11,533,22,7278,29,8422,33,15700,California
Amador,2021-04-11,48,23623,23,5543,21,17543,4,537,22,7278,26,8448,26,15726,California
Amador,2021-04-12,98,23721,27,5570,62,17605,9,546,43,7275,55,8503,52,15778,California
Amador,2021-04-13,343,24064,50,5620,293,17898,0,546,68,7069,274,8777,68,15846,California
Amador,2021-04-14,276,24340,26,5646,250,18148,0,546,176,7146,99,8876,176,16022,California
Amador,2021-04-15,329,24669,73,5719,256,18404,0,546,73,6968,251,9127,73,16095,California
Amador,2021-04-16,483,25152,29,5748,454,18858,0,546,384,7255,97,9224,384,16479,California
Amador,2021-04-17,63,25215,37,5785,26,18884,0,546,27,7246,36,9260,27,16506,California
Amador,2021-04-18,25,25240,5,5790,20,18904,0,546,11,7243,14,9274,11,16517,California
Amador,2021-04-19,69,25309,27,5817,42,18946,0,546,31,7239,37,9311,33,16550,California
Amador,2021-04-20,435,25744,54,5871,381,19327,0,546,112,7036,317,9628,114,16664,California
Amador,2021-04-21,86,25830,33,5904,53,19380,0,546,43,7037,42,9670,43,16707,California
Amador,2021-04-22,150,25980,70,5974,79,19459,1,547,66,7024,80,9750,67,16774,California
Amador,2021-04-23,355,26335,44,6018,311,19770,0,547,281,7234,73,9823,283,17057,California
Amador,2021-04-24,41,26376,19,6037,22,19792,0,547,22,7237,19,9842,22,17079,California
Amador,2021-04-25,34,26410,16,6053,18,19810,0,547,22,7247,12,9854,22,17101,California
Amador,2021-04-26,79,26489,25,6078,53,19863,1,548,39,7248,39,9893,40,17141,California
Amador,2021-04-27,56,26545,33,6111,23,19886,0,548,32,7257,24,9917,33,17174,California
Amador,2021-04-28,20,26565,16,6127,3,19889,1,549,11,7266,9,9926,18,17192,California
Butte,2020-12-16,3,3,3,3,0,0,0,0,3,3,0,0,3,3,California
Butte,2020-12-17,21,24,21,24,0,0,0,0,21,24,0,0,21,24,California
Butte,2020-12-18,50,74,50,74,0,0,0,0,50,74,0,0,50,74,California
Butte,2020-12-19,7,81,7,81,0,0,0,0,7,81,0,0,7,81,California
Butte,2020-12-20,10,91,10,91,0,0,0,0,10,91,0,0,10,91,California
Butte,2020-12-21,634,725,634,725,0,0,0,0,634,725,0,0,634,725,California
Butte,2020-12-22,618,1343,616,1341,2,2,0,0,618,1343,0,0,618,1343,California
Butte,2020-12-23,869,2212,853,2194,16,18,0,0,869,2212,0,0,869,2212,California
Butte,2020-12-24,159,2371,156,2350,3,21,0,0,159,2371,0,0,159,2371,California
Butte,2020-12-26,93,2464,91,2441,2,23,0,0,93,2464,0,0,93,2464,California
Butte,2020-12-27,35,2499,34,2475,1,24,0,0,35,2499,0,0,35,2499,California
Butte,2020-12-28,279,2778,273,2748,6,30,0,0,279,2778,0,0,279,2778,California
Butte,2020-12-29,204,2982,180,2928,24,54,0,0,204,2982,0,0,204,2982,California
Butte,2020-12-30,503,3485,291,3219,212,266,0,0,503,3485,0,0,503,3485,California
Butte,2020-12-31,211,3696,18,3237,193,459,0,0,211,3696,0,0,211,3696,California
Butte,2021-01-01,8,3704,1,3238,7,466,0,0,8,3704,0,0,8,3704,California
Butte,2021-01-02,41,3745,38,3276,3,469,0,0,41,3745,0,0,41,3745,California
Butte,2021-01-03,4,3749,1,3277,3,472,0,0,4,3749,0,0,4,3749,California
Butte,2021-01-04,209,3958,175,3452,34,506,0,0,209,3958,0,0,209,3958,California
Butte,2021-01-05,196,4154,151,3603,45,551,0,0,195,4152,1,1,195,4153,California
Butte,2021-01-06,624,4778,397,4000,227,778,0,0,619,4767,5,6,620,4773,California
Butte,2021-01-07,763,5541,371,4371,392,1170,0,0,743,5490,20,26,743,5516,California
Butte,2021-01-08,572,6113,529,4900,43,1213,0,0,526,5970,46,72,526,6042,California
Butte,2021-01-09,12,6125,7,4907,5,1218,0,0,7,5972,5,77,7,6049,California
Butte,2021-01-10,19,6144,5,4912,14,1232,0,0,14,5981,5,82,14,6063,California
Butte,2021-01-11,986,7130,950,5862,36,1268,0,0,357,5712,629,711,360,6423,California
Butte,2021-01-12,697,7827,652,6514,45,1313,0,0,274,5563,423,1134,274,6697,California
Butte,2021-01-13,1448,9275,954,7468,494,1807,0,0,614,5345,834,1968,616,7313,California
Butte,2021-01-14,1637,10912,896,8364,741,2548,0,0,1440,6589,196,2164,1440,8753,California
Butte,2021-01-15,1170,12082,926,9290,244,2792,0,0,1061,7540,110,2274,1061,9814,California
Butte,2021-01-16,586,12668,300,9590,286,3078,0,0,541,8036,45,2319,541,10355,California
Butte,2021-01-17,239,12907,64,9654,175,3253,0,0,202,8201,37,2356,202,10557,California
Butte,2021-01-18,342,13249,302,9956,40,3293,0,0,274,8408,67,2423,274,10831,California
Butte,2021-01-19,493,13742,429,10385,64,3357,0,0,220,8355,273,2696,220,11051,California
Butte,2021-01-20,1346,15088,665,11050,681,4038,0,0,1043,9095,303,2999,1043,12094,California
Butte,2021-01-21,1474,16562,866,11916,608,4646,0,0,1366,10354,107,3106,1366,13460,California
Butte,2021-01-22,995,17557,336,12252,659,5305,0,0,942,11243,53,3159,942,14402,California
Butte,2021-01-23,125,17682,83,12335,42,5347,0,0,99,11316,26,3185,99,14501,California
Butte,2021-01-24,9,17691,7,12342,2,5349,0,0,9,11325,0,3185,9,14510,California
Butte,2021-01-25,654,18345,336,12678,318,5667,0,0,491,11653,163,3348,491,15001,California
Butte,2021-01-26,1467,19812,377,13055,1090,6757,0,0,1330,12846,137,3485,1330,16331,California
Butte,2021-01-27,2085,21897,708,13763,1377,8134,0,0,1365,13492,719,4204,1365,17696,California
Butte,2021-01-28,2262,24159,261,14024,2001,10135,0,0,1951,15133,310,4514,1951,19647,California
Butte,2021-01-29,1683,25842,488,14512,1195,11330,0,0,1304,16059,378,4892,1304,20951,California
Butte,2021-01-30,32,25874,9,14521,23,11353,0,0,29,16085,3,4895,29,20980,California
Butte,2021-01-31,17,25891,15,14536,2,11355,0,0,16,16100,1,4896,16,20996,California
Butte,2021-02-01,1748,27639,406,14942,1342,12697,0,0,1359,17072,387,5283,1359,22355,California
Butte,2021-02-02,1931,29570,362,15304,1569,14266,0,0,1628,18396,304,5587,1628,23983,California
Butte,2021-02-03,2734,32304,772,16076,1962,16228,0,0,1843,19350,889,6476,1843,25826,California
Butte,2021-02-04,2960,35264,327,16403,2633,18861,0,0,2405,21202,553,7029,2405,28231,California
Butte,2021-02-05,1170,36434,664,17067,506,19367,0,0,539,21111,631,7660,540,28771,California
Butte,2021-02-06,143,36577,102,17169,41,19408,0,0,61,21090,82,7742,61,28832,California
Butte,2021-02-07,37,36614,33,17202,4,19412,0,0,13,21079,24,7766,13,28845,California
Butte,2021-02-08,689,37303,540,17742,149,19561,0,0,238,20866,451,8217,238,29083,California
Butte,2021-02-09,951,38254,457,18199,494,20055,0,0,724,21363,227,8444,724,29807,California
Butte,2021-02-10,1708,39962,1191,19390,517,20572,0,0,699,21055,1007,9451,699,30506,California
Butte,2021-02-11,2198,42160,1348,20738,850,21422,0,0,1004,20865,1194,10645,1004,31510,California
Butte,2021-02-12,870,43030,302,21040,568,21990,0,0,317,20630,552,11197,317,31827,California
Butte,2021-02-13,254,43284,45,21085,209,22199,0,0,151,20678,103,11300,151,31978,California
Butte,2021-02-14,160,43444,9,21094,151,22350,0,0,155,20828,5,11305,155,32133,California
Butte,2021-02-15,261,43705,48,21142,213,22563,0,0,198,20963,63,11368,198,32331,California
Butte,2021-02-16,729,44434,428,21570,301,22864,0,0,273,20779,457,11825,273,32604,California
Butte,2021-02-17,1513,45947,847,22417,666,23530,0,0,841,20950,670,12495,841,33445,California
Butte,2021-02-18,1552,47499,760,23177,792,24322,0,0,746,20890,806,13301,746,34191,California
Butte,2021-02-19,1167,48666,387,23564,780,25102,0,0,402,20534,758,14059,402,34593,California
Butte,2021-02-20,473,49139,28,23592,445,25547,0,0,120,20302,352,14411,120,34713,California
Butte,2021-02-21,16,49155,14,23606,2,25549,0,0,11,20308,5,14416,11,34724,California
Butte,2021-02-22,1497,50652,296,23902,1201,26750,0,0,382,19577,1113,15529,382,35106,California
Butte,2021-02-23,1633,52285,298,24200,1335,28085,0,0,463,18875,1165,16694,463,35569,California
Butte,2021-02-24,2133,54418,596,24796,1537,29622,0,0,730,18210,1395,18089,730,36299,California
Butte,2021-02-25,2073,56491,574,25370,1499,31121,0,0,652,17447,1416,19505,653,36952,California
Butte,2021-02-26,921,57412,311,25681,610,31731,0,0,398,17325,520,20025,398,37350,California
Butte,2021-02-27,233,57645,47,25728,186,31917,0,0,186,17466,45,20070,186,37536,California
Butte,2021-02-28,139,57784,16,25744,123,32040,0,0,131,17589,8,20078,131,37667,California
Butte,2021-03-01,1627,59411,178,25922,1448,33488,1,1,329,16624,1295,21373,330,37997,California
Butte,2021-03-02,1739,61150,194,26116,1545,35033,0,1,307,15503,1428,22801,307,38304,California
Butte,2021-03-03,2782,63932,846,26962,1936,36969,0,1,481,13684,2300,25101,481,38785,California
Butte,2021-03-04,3135,67067,672,27634,2463,39432,0,1,618,11786,2516,27617,618,39403,California
Butte,2021-03-05,1331,68398,604,28238,726,40158,1,2,725,11909,603,28220,726,40129,California
Butte,2021-03-06,247,68645,27,28265,197,40355,23,25,186,12058,60,28280,209,40338,California
Butte,2021-03-07,55,68700,3,28268,35,40390,17,42,30,12080,25,28305,47,40385,California
Butte,2021-03-08,1263,69963,129,28397,1057,41447,77,119,1098,13093,162,28467,1175,41560,California
Butte,2021-03-09,1897,71860,276,28673,1518,42965,103,222,1411,14123,484,28951,1514,43074,California
Butte,2021-03-10,2323,74183,968,29641,1255,44220,100,322,1583,15070,735,29686,1682,44756,California
Butte,2021-03-11,2802,76985,1314,30955,1363,45583,125,447,1979,16361,813,30499,2104,46860,California
Butte,2021-03-12,1140,78125,328,31283,466,46049,346,793,354,16281,780,31279,700,47560,California
Butte,2021-03-13,253,78378,68,31351,137,46186,48,841,65,16206,188,31467,113,47673,California
Butte,2021-03-14,166,78544,15,31366,109,46295,42,883,27,16137,138,31605,69,47742,California
Butte,2021-03-15,1719,80263,360,31726,1066,47361,293,1176,1126,16968,588,32193,1419,49161,California
Butte,2021-03-16,1624,81887,414,32140,1132,48493,78,1254,1084,17592,537,32730,1161,50322,California
Butte,2021-03-17,1951,83838,1358,33498,512,49005,81,1335,1132,17993,811,33541,1212,51534,California
Butte,2021-03-18,1798,85636,1455,34953,214,49219,129,1464,1058,18445,734,34275,1186,52720,California
Butte,2021-03-19,699,86335,314,35267,301,49520,84,1548,345,18529,345,34620,429,53149,California
Butte,2021-03-20,205,86540,32,35299,157,49677,16,1564,93,18526,112,34732,109,53258,California
Butte,2021-03-21,57,86597,26,35325,2,49679,29,1593,15,18528,42,34774,44,53302,California
Butte,2021-03-22,1462,88059,354,35679,1014,50693,94,1687,1197,19556,263,35037,1291,54593,California
Butte,2021-03-23,1796,89855,488,36167,1194,51887,114,1801,1451,20778,343,35380,1565,56158,California
Butte,2021-03-24,2246,92101,1263,37430,857,52744,126,1927,1698,22059,542,35922,1823,57981,California
Butte,2021-03-25,1482,93583,1199,38629,193,52937,90,2017,1020,22710,459,36381,1110,59091,California
Butte,2021-03-26,1209,94792,440,39069,523,53460,246,2263,569,22893,632,37013,815,59906,California
Butte,2021-03-27,301,95093,83,39152,193,53653,25,2288,132,22883,166,37179,156,60062,California
Butte,2021-03-28,224,95317,42,39194,174,53827,8,2296,100,22869,121,37300,107,60169,California
Butte,2021-03-29,1722,97039,381,39575,1271,55098,70,2366,1308,23836,411,37711,1378,61547,California
Butte,2021-03-30,1035,98074,466,40041,479,55577,90,2456,495,23887,534,38245,585,62132,California
Butte,2021-03-31,1776,99850,1304,41345,405,55982,67,2523,1086,24356,684,38929,1153,63285,California
Butte,2021-04-01,3283,103133,2666,44011,490,56472,127,2650,2214,25634,1064,39993,2342,65627,California
Butte,2021-04-02,996,104129,415,44426,461,56933,120,2770,561,25887,427,40420,680,66307,California
Butte,2021-04-03,346,104475,47,44473,224,57157,75,2845,166,25948,180,40600,241,66548,California
Butte,2021-04-04,185,104660,22,44495,140,57297,23,2868,107,26002,76,40676,130,66678,California
Butte,2021-04-05,1958,106618,419,44914,1369,58666,170,3038,601,25422,1350,42026,770,67448,California
Butte,2021-04-06,2187,108805,617,45531,1150,59816,420,3458,789,25237,1392,43418,1207,68655,California
Butte,2021-04-07,3001,111806,1312,46843,1295,61111,394,3852,689,24013,2307,45725,1083,69738,California
Butte,2021-04-08,2715,114521,1185,48028,1264,62375,266,4118,436,22439,2276,48001,702,70440,California
Butte,2021-04-09,1367,115888,348,48376,540,62915,479,4597,328,22209,1035,49036,805,71245,California
Butte,2021-04-10,217,116105,46,48422,74,62989,97,4694,95,22279,121,49157,191,71436,California
Butte,2021-04-11,110,116215,44,48466,56,63045,10,4704,81,22343,27,49184,91,71527,California
Butte,2021-04-12,1406,117621,316,48782,956,64001,134,4838,252,21575,1154,50338,386,71913,California
Butte,2021-04-13,1636,119257,571,49353,1059,65060,6,4844,349,20651,1280,51618,356,72269,California
Butte,2021-04-14,2828,122085,2337,51690,491,65551,0,4844,1315,20459,1508,53126,1316,73585,California
Butte,2021-04-15,611,122696,373,52063,238,65789,0,4844,462,20774,147,53273,462,74047,California
Butte,2021-04-16,808,123504,413,52476,395,66184,0,4844,475,20921,330,53603,477,74524,California
Butte,2021-04-17,338,123842,61,52537,277,66461,0,4844,236,21057,100,53703,236,74760,California
Butte,2021-04-18,38,123880,8,52545,30,66491,0,4844,34,21087,4,53707,34,74794,California
Butte,2021-04-19,1558,125438,381,52926,1177,67668,0,4844,449,20430,1106,54813,449,75243,California
Butte,2021-04-20,1971,127409,726,53652,1245,68913,0,4844,790,20044,1176,55989,790,76033,California
Butte,2021-04-21,2058,129467,1168,54820,889,69802,1,4845,488,18968,1564,57553,488,76521,California
Butte,2021-04-22,2153,131620,1881,56701,272,70074,0,4845,588,17994,1562,59115,588,77109,California
Butte,2021-04-23,938,132558,443,57144,495,70569,0,4845,492,18042,444,59559,492,77601,California
Butte,2021-04-24,248,132806,86,57230,162,70731,0,4845,130,18054,118,59677,130,77731,California
Butte,2021-04-25,141,132947,57,57287,84,70815,0,4845,54,18022,86,59763,54,77785,California
Butte,2021-04-26,1203,134150,354,57641,844,71659,5,4850,349,17524,852,60615,354,78139,California
Butte,2021-04-27,679,134829,479,58120,182,71841,18,4868,378,17623,297,60912,396,78535,California
Butte,2021-04-28,638,135467,515,58635,110,71951,13,4881,168,17336,469,61381,182,78717,California
Calaveras,2020-12-16,5,5,5,5,0,0,0,0,5,5,0,0,5,5,California
Calaveras,2020-12-17,3,8,3,8,0,0,0,0,3,8,0,0,3,8,California
Calaveras,2020-12-18,38,46,38,46,0,0,0,0,38,46,0,0,38,46,California
Calaveras,2020-12-19,3,49,3,49,0,0,0,0,3,49,0,0,3,49,California
Calaveras,2020-12-20,3,52,3,52,0,0,0,0,3,52,0,0,3,52,California
Calaveras,2020-12-21,55,107,48,100,7,7,0,0,55,107,0,0,55,107,California
Calaveras,2020-12-22,80,187,76,176,4,11,0,0,81,188,0,0,81,188,California
Calaveras,2020-12-23,76,263,74,250,2,13,0,0,76,264,0,0,76,264,California
Calaveras,2020-12-24,2,265,2,252,0,13,0,0,2,266,0,0,2,266,California
Calaveras,2020-12-26,3,268,3,255,0,13,0,0,3,269,0,0,3,269,California
Calaveras,2020-12-28,22,290,18,273,4,17,0,0,21,289,1,1,21,290,California
Calaveras,2020-12-29,168,458,148,421,20,37,0,0,168,457,0,1,168,458,California
Calaveras,2020-12-30,94,552,82,503,12,49,0,0,94,551,0,1,94,552,California
Calaveras,2020-12-31,35,587,25,528,10,59,0,0,35,586,0,1,35,587,California
Calaveras,2021-01-02,11,598,11,539,0,59,0,0,11,597,0,1,11,598,California
Calaveras,2021-01-03,9,607,4,543,5,64,0,0,9,606,0,1,9,607,California
Calaveras,2021-01-04,33,640,5,548,28,92,0,0,33,639,0,1,33,640,California
Calaveras,2021-01-05,41,681,10,558,31,123,0,0,33,669,8,9,38,678,California
Calaveras,2021-01-06,107,788,29,587,78,201,0,0,97,756,10,19,97,775,California
Calaveras,2021-01-07,104,892,25,612,79,280,0,0,92,838,11,30,93,868,California
Calaveras,2021-01-08,68,960,38,650,30,310,0,0,45,861,23,53,46,914,California
Calaveras,2021-01-09,5,965,5,655,0,310,0,0,2,860,3,56,2,916,California
Calaveras,2021-01-10,2,967,0,655,2,312,0,0,2,862,0,56,2,918,California
Calaveras,2021-01-11,64,1031,58,713,6,318,0,0,27,854,36,92,28,946,California
Calaveras,2021-01-12,86,1117,53,766,33,351,0,0,53,875,33,125,54,1000,California
Calaveras,2021-01-13,107,1224,43,809,64,415,0,0,74,917,33,158,75,1075,California
Calaveras,2021-01-14,136,1360,41,850,95,510,0,0,103,989,32,190,104,1179,California
Calaveras,2021-01-15,90,1450,28,878,62,572,0,0,71,1041,19,209,71,1250,California
Calaveras,2021-01-16,13,1463,2,880,11,583,0,0,12,1052,1,210,12,1262,California
Calaveras,2021-01-17,10,1473,1,881,9,592,0,0,10,1062,0,210,10,1272,California
Calaveras,2021-01-18,131,1604,19,900,112,704,0,0,118,1170,13,223,121,1393,California
Calaveras,2021-01-19,204,1808,174,1074,30,734,0,0,62,1092,141,364,63,1456,California
Calaveras,2021-01-20,375,2183,81,1155,294,1028,0,0,291,1308,83,447,299,1755,California
Calaveras,2021-01-21,461,2644,40,1195,421,1449,0,0,434,1721,27,474,440,2195,California
Calaveras,2021-01-22,401,3045,23,1218,378,1827,0,0,391,2109,10,484,398,2593,California
Calaveras,2021-01-23,22,3067,10,1228,12,1839,0,0,18,2123,4,488,18,2611,California
Calaveras,2021-01-24,13,3080,8,1236,5,1844,0,0,11,2132,2,490,11,2622,California
Calaveras,2021-01-25,85,3165,8,1244,77,1921,0,0,80,2207,5,495,80,2702,California
Calaveras,2021-01-26,47,3212,16,1260,31,1952,0,0,38,2236,9,504,38,2740,California
Calaveras,2021-01-27,133,3345,43,1303,90,2042,0,0,106,2316,26,530,106,2846,California
Calaveras,2021-01-28,163,3508,23,1326,140,2182,0,0,140,2436,23,553,143,2989,California
Calaveras,2021-01-29,386,3894,13,1339,373,2555,0,0,362,2782,24,577,370,3359,California
Calaveras,2021-01-30,27,3921,10,1349,17,2572,0,0,25,2807,0,577,25,3384,California
Calaveras,2021-01-31,5,3926,3,1352,2,2574,0,0,4,2810,1,578,4,3388,California
Calaveras,2021-02-01,24,3950,11,1363,13,2587,0,0,18,2822,6,584,18,3406,California
Calaveras,2021-02-02,109,4059,23,1386,86,2673,0,0,70,2858,35,619,71,3477,California
Calaveras,2021-02-03,430,4489,43,1429,387,3060,0,0,347,3124,82,701,348,3825,California
Calaveras,2021-02-04,377,4866,24,1453,353,3413,0,0,295,3337,82,783,295,4120,California
Calaveras,2021-02-05,79,4945,23,1476,56,3469,0,0,41,3341,38,821,42,4162,California
Calaveras,2021-02-06,22,4967,13,1489,9,3478,0,0,22,3363,0,821,22,4184,California
Calaveras,2021-02-07,4,4971,1,1490,3,3481,0,0,2,3363,2,823,2,4186,California
Calaveras,2021-02-08,38,5009,17,1507,21,3502,0,0,30,3387,6,829,30,4216,California
Calaveras,2021-02-09,189,5198,73,1580,116,3618,0,0,128,3460,55,884,128,4344,California
Calaveras,2021-02-10,511,5709,29,1609,482,4100,0,0,445,3840,66,950,446,4790,California
Calaveras,2021-02-11,581,6290,80,1689,501,4601,0,0,474,4211,104,1054,475,5265,California
Calaveras,2021-02-12,569,6859,325,2014,244,4845,0,0,494,4633,73,1127,495,5760,California
Calaveras,2021-02-13,193,7052,37,2051,156,5001,0,0,178,4796,15,1142,178,5938,California
Calaveras,2021-02-14,221,7273,71,2122,150,5151,0,0,206,4987,15,1157,206,6144,California
Calaveras,2021-02-15,381,7654,22,2144,359,5510,0,0,261,5131,117,1274,261,6405,California
Calaveras,2021-02-16,267,7921,143,2287,124,5634,0,0,231,5326,36,1310,231,6636,California
Calaveras,2021-02-17,509,8430,37,2324,472,6106,0,0,211,5247,291,1601,212,6848,California
Calaveras,2021-02-18,498,8928,91,2415,407,6513,0,0,99,4957,389,1990,99,6947,California
Calaveras,2021-02-19,438,9366,43,2458,395,6908,0,0,97,4723,331,2321,97,7044,California
Calaveras,2021-02-20,59,9425,15,2473,44,6952,0,0,48,4760,11,2332,48,7092,California
Calaveras,2021-02-21,22,9447,13,2486,9,6961,0,0,19,4776,3,2335,19,7111,California
Calaveras,2021-02-22,62,9509,38,2524,24,6985,0,0,33,4780,29,2364,33,7144,California
Calaveras,2021-02-23,123,9632,40,2564,83,7068,0,0,88,4834,35,2399,89,7233,California
Calaveras,2021-02-24,97,9729,48,2612,49,7117,0,0,66,4870,30,2429,66,7299,California
Calaveras,2021-02-25,549,10278,98,2710,451,7568,0,0,359,5042,187,2616,359,7658,California
Calaveras,2021-02-26,707,10985,47,2757,660,8228,0,0,371,5094,321,2937,373,8031,California
Calaveras,2021-02-27,202,11187,21,2778,181,8409,0,0,179,5250,23,2960,179,8210,California
Calaveras,2021-02-28,97,11284,15,2793,82,8491,0,0,92,5338,4,2964,92,8302,California
Calaveras,2021-03-01,226,11510,40,2833,186,8677,0,0,146,5406,79,3043,147,8449,California
Calaveras,2021-03-02,243,11753,91,2924,152,8829,0,0,201,5568,40,3083,202,8651,California
Calaveras,2021-03-03,511,12264,104,3028,407,9236,0,0,215,5491,292,3375,215,8866,California
Calaveras,2021-03-04,736,13000,63,3091,672,9908,1,1,349,5461,381,3756,351,9217,California
Calaveras,2021-03-05,456,13456,271,3362,181,10089,4,5,141,5294,312,4068,145,9362,California
Calaveras,2021-03-06,155,13611,43,3405,106,10195,6,11,121,5387,34,4102,127,9489,California
Calaveras,2021-03-07,76,13687,32,3437,36,10231,8,19,34,5387,42,4144,42,9531,California
Calaveras,2021-03-08,161,13848,26,3463,127,10358,8,27,127,5489,33,4177,135,9666,California
Calaveras,2021-03-09,360,14208,136,3599,218,10576,6,33,32,5202,325,4502,38,9704,California
Calaveras,2021-03-10,415,14623,27,3626,385,10961,3,36,57,4906,356,4858,60,9764,California
Calaveras,2021-03-11,841,15464,415,4041,413,11374,13,49,425,4930,414,5272,438,10202,California
Calaveras,2021-03-12,399,15863,210,4251,178,11552,11,60,326,5199,73,5345,342,10544,California
Calaveras,2021-03-13,177,16040,16,4267,153,11705,8,68,144,5321,32,5377,154,10698,California
Calaveras,2021-03-14,155,16195,10,4277,144,11849,1,69,17,5208,138,5515,25,10723,California
Calaveras,2021-03-15,330,16525,47,4324,257,12106,26,95,52,5013,277,5792,82,10805,California
Calaveras,2021-03-16,682,17207,547,4871,115,12221,20,115,542,5437,138,5930,562,11367,California
Calaveras,2021-03-17,278,17485,52,4923,213,12434,13,128,51,5277,225,6155,65,11432,California
Calaveras,2021-03-18,665,18150,569,5492,81,12515,15,143,551,5731,114,6269,568,12000,California
Calaveras,2021-03-19,229,18379,49,5541,107,12622,73,216,55,5688,170,6439,127,12127,California
Calaveras,2021-03-20,80,18459,20,5561,59,12681,1,217,24,5658,56,6495,26,12153,California
Calaveras,2021-03-21,48,18507,31,5592,6,12687,11,228,13,5647,35,6530,24,12177,California
Calaveras,2021-03-22,79,18586,36,5628,22,12709,21,249,25,5639,54,6584,46,12223,California
Calaveras,2021-03-23,292,18878,204,5832,78,12787,10,259,114,5593,170,6754,124,12347,California
Calaveras,2021-03-24,132,19010,50,5882,72,12859,10,269,42,5556,89,6843,52,12399,California
Calaveras,2021-03-25,736,19746,101,5983,632,13491,3,272,444,5714,289,7132,447,12846,California
Calaveras,2021-03-26,427,20173,27,6010,394,13885,6,278,88,5474,336,7468,96,12942,California
Calaveras,2021-03-27,212,20385,18,6028,190,14075,4,282,39,5349,170,7638,45,12987,California
Calaveras,2021-03-28,112,20497,12,6040,98,14173,2,284,8,5257,103,7741,11,12998,California
Calaveras,2021-03-29,175,20672,21,6061,152,14325,2,286,57,5201,117,7858,61,13059,California
Calaveras,2021-03-30,519,21191,22,6083,482,14807,15,301,345,5388,174,8032,361,13420,California
Calaveras,2021-03-31,321,21512,140,6223,171,14978,10,311,154,5386,167,8199,165,13585,California
Calaveras,2021-04-01,677,22189,438,6661,238,15216,1,312,181,5076,495,8694,185,13770,California
Calaveras,2021-04-02,388,22577,227,6888,153,15369,8,320,113,4925,273,8967,122,13892,California
Calaveras,2021-04-03,142,22719,31,6919,107,15476,4,324,39,4865,103,9070,43,13935,California
Calaveras,2021-04-04,79,22798,26,6945,53,15529,0,324,51,4888,28,9098,51,13986,California
Calaveras,2021-04-05,207,23005,78,7023,120,15649,9,333,97,4885,110,9208,107,14093,California
Calaveras,2021-04-06,645,23650,571,7594,60,15709,14,347,107,4471,535,9743,121,14214,California
Calaveras,2021-04-07,749,24399,651,8245,62,15771,36,383,612,4983,137,9880,649,14863,California
Calaveras,2021-04-08,940,25339,851,9096,69,15840,20,403,434,4934,505,10385,456,15319,California
Calaveras,2021-04-09,151,25490,58,9154,46,15886,47,450,56,4944,94,10479,104,15423,California
Calaveras,2021-04-10,188,25678,42,9196,127,16013,19,469,146,5068,42,10521,166,15589,California
Calaveras,2021-04-11,67,25745,43,9239,22,16035,2,471,46,5095,21,10542,48,15637,California
Calaveras,2021-04-12,101,25846,49,9288,38,16073,14,485,57,5123,44,10586,72,15709,California
Calaveras,2021-04-13,419,26265,363,9651,56,16129,0,485,362,5432,55,10641,364,16073,California
Calaveras,2021-04-14,177,26442,27,9678,150,16279,0,485,133,5522,44,10685,134,16207,California
Calaveras,2021-04-15,335,26777,285,9963,50,16329,0,485,250,5690,82,10767,250,16457,California
Calaveras,2021-04-16,97,26874,24,9987,73,16402,0,485,45,5687,48,10815,45,16502,California
Calaveras,2021-04-17,323,27197,123,10110,200,16602,0,485,282,5928,41,10856,282,16784,California
Calaveras,2021-04-18,19,27216,6,10116,13,16615,0,485,12,5933,7,10863,12,16796,California
Calaveras,2021-04-19,67,27283,24,10140,43,16658,0,485,41,5950,25,10888,42,16838,California
Calaveras,2021-04-20,252,27535,87,10227,165,16823,0,485,188,6076,62,10950,188,17026,California
Calaveras,2021-04-21,208,27743,142,10369,66,16889,0,485,83,6037,123,11073,84,17110,California
Calaveras,2021-04-22,533,28276,91,10460,442,17331,0,485,140,5788,392,11465,143,17253,California
Calaveras,2021-04-23,152,28428,78,10538,74,17405,0,485,60,5758,90,11555,60,17313,California
Calaveras,2021-04-24,157,28585,30,10568,127,17532,0,485,120,5842,36,11591,120,17433,California
Calaveras,2021-04-25,41,28626,29,10597,12,17544,0,485,19,5842,22,11613,22,17455,California
Calaveras,2021-04-26,90,28716,59,10656,31,17575,0,485,26,5806,64,11677,28,17483,California
Calaveras,2021-04-27,370,29086,54,10710,304,17879,12,497,41,5534,327,12004,55,17538,California
Calaveras,2021-04-28,186,29272,174,10884,2,17881,10,507,5,5533,181,12185,180,17718,California
Colusa,2020-12-18,1,1,1,1,0,0,0,0,1,1,0,0,1,1,California
Colusa,2020-12-21,2,3,2,3,0,0,0,0,2,3,0,0,2,3,California
Colusa,2020-12-22,10,13,10,13,0,0,0,0,10,13,0,0,10,13,California
Colusa,2020-12-23,10,23,10,23,0,0,0,0,10,23,0,0,10,23,California
Colusa,2020-12-24,2,25,1,24,1,1,0,0,2,25,0,0,2,25,California
Colusa,2020-12-27,1,26,1,25,0,1,0,0,1,26,0,0,1,26,California
Colusa,2020-12-28,7,33,3,28,4,5,0,0,7,33,0,0,7,33,California
Colusa,2020-12-29,11,44,8,36,3,8,0,0,11,44,0,0,11,44,California
Colusa,2020-12-30,50,94,13,49,37,45,0,0,50,94,0,0,50,94,California
Colusa,2020-12-31,18,112,1,50,17,62,0,0,18,112,0,0,18,112,California
Colusa,2021-01-04,4,116,0,50,4,66,0,0,4,116,0,0,4,116,California
Colusa,2021-01-05,67,183,1,51,66,132,0,0,67,183,0,0,67,183,California
Colusa,2021-01-06,15,198,9,60,6,138,0,0,15,198,0,0,15,198,California
Colusa,2021-01-07,38,236,4,64,34,172,0,0,37,234,1,1,37,235,California
Colusa,2021-01-08,9,245,7,71,2,174,0,0,8,241,1,2,8,243,California
Colusa,2021-01-09,2,247,1,72,1,175,0,0,2,243,0,2,2,245,California
Colusa,2021-01-10,1,248,0,72,1,176,0,0,1,244,0,2,1,246,California
Colusa,2021-01-11,12,260,6,78,6,182,0,0,7,246,5,7,7,253,California
Colusa,2021-01-12,11,271,9,87,2,184,0,0,6,247,5,12,6,259,California
Colusa,2021-01-13,21,292,13,100,8,192,0,0,13,252,8,20,13,272,California
Colusa,2021-01-14,35,327,28,128,7,199,0,0,33,283,2,22,33,305,California
Colusa,2021-01-15,41,368,5,133,36,235,0,0,39,320,2,24,39,344,California
Colusa,2021-01-16,12,380,1,134,11,246,0,0,11,330,1,25,11,355,California
Colusa,2021-01-17,3,383,2,136,1,247,0,0,2,331,1,26,2,357,California
Colusa,2021-01-18,4,387,0,136,4,251,0,0,4,335,0,26,4,361,California
Colusa,2021-01-19,9,396,8,144,1,252,0,0,5,336,4,30,5,366,California
Colusa,2021-01-20,115,511,101,245,14,266,0,0,102,425,13,43,102,468,California
Colusa,2021-01-21,56,567,41,286,15,281,0,0,55,479,1,44,55,523,California
Colusa,2021-01-22,40,607,17,303,23,304,0,0,35,509,5,49,35,558,California
Colusa,2021-01-23,35,642,6,309,29,333,0,0,35,544,0,49,35,593,California
Colusa,2021-01-25,7,649,0,309,7,340,0,0,7,551,0,49,7,600,California
Colusa,2021-01-26,8,657,5,314,3,343,0,0,5,553,3,52,5,605,California
Colusa,2021-01-27,109,766,31,345,78,421,0,0,107,658,2,54,107,712,California
Colusa,2021-01-28,79,845,46,391,33,454,0,0,72,723,7,61,72,784,California
Colusa,2021-01-29,41,886,7,398,34,488,0,0,40,762,1,62,40,824,California
Colusa,2021-01-30,27,913,4,402,23,511,0,0,27,789,0,62,27,851,California
Colusa,2021-01-31,7,920,7,409,0,511,0,0,7,796,0,62,7,858,California
Colusa,2021-02-01,27,947,10,419,17,528,0,0,22,813,5,67,22,880,California
Colusa,2021-02-02,42,989,8,427,34,562,0,0,36,843,6,73,36,916,California
Colusa,2021-02-03,69,1058,10,437,59,621,0,0,59,892,10,83,59,975,California
Colusa,2021-02-04,143,1201,81,518,62,683,0,0,115,979,28,111,115,1090,California
Colusa,2021-02-05,32,1233,8,526,24,707,0,0,29,1005,3,114,29,1119,California
Colusa,2021-02-06,284,1517,8,534,276,983,0,0,273,1267,11,125,273,1392,California
Colusa,2021-02-07,2,1519,1,535,1,984,0,0,0,1265,2,127,0,1392,California
Colusa,2021-02-08,40,1559,5,540,35,1019,0,0,37,1299,3,130,37,1429,California
Colusa,2021-02-09,231,1790,14,554,217,1236,0,0,176,1420,55,185,176,1605,California
Colusa,2021-02-10,116,1906,41,595,75,1311,0,0,73,1450,43,228,73,1678,California
Colusa,2021-02-11,97,2003,36,631,61,1372,0,0,72,1497,25,253,72,1750,California
Colusa,2021-02-12,117,2120,9,640,108,1480,0,0,79,1537,39,292,79,1829,California
Colusa,2021-02-13,60,2180,8,648,52,1532,0,0,52,1581,8,300,52,1881,California
Colusa,2021-02-14,20,2200,8,656,12,1544,0,0,14,1589,6,306,14,1895,California
Colusa,2021-02-15,45,2245,10,666,35,1579,0,0,38,1620,7,313,38,1933,California
Colusa,2021-02-16,67,2312,4,670,63,1642,0,0,66,1685,1,314,66,1999,California
Colusa,2021-02-17,206,2518,143,813,63,1705,0,0,60,1599,146,460,60,2059,California
Colusa,2021-02-18,135,2653,35,848,100,1805,0,0,112,1688,23,483,112,2171,California
Colusa,2021-02-19,155,2808,19,867,136,1941,0,0,129,1791,26,509,129,2300,California
Colusa,2021-02-20,28,2836,6,873,22,1963,0,0,12,1787,16,525,12,2312,California
Colusa,2021-02-21,1,2837,1,874,0,1963,0,0,0,1786,1,526,0,2312,California
Colusa,2021-02-22,43,2880,26,900,17,1980,0,0,29,1801,14,540,29,2341,California
Colusa,2021-02-23,22,2902,6,906,16,1996,0,0,18,1815,4,544,18,2359,California
Colusa,2021-02-24,300,3202,54,960,246,2242,0,0,158,1831,142,686,158,2517,California
Colusa,2021-02-25,102,3304,55,1015,47,2289,0,0,66,1861,36,722,66,2583,California
Colusa,2021-02-26,97,3401,12,1027,85,2374,0,0,58,1880,39,761,58,2641,California
Colusa,2021-02-27,55,3456,4,1031,51,2425,0,0,40,1905,15,776,40,2681,California
Colusa,2021-02-28,26,3482,14,1045,12,2437,0,0,18,1915,8,784,18,2699,California
Colusa,2021-03-01,46,3528,15,1060,31,2468,0,0,29,1927,17,801,29,2728,California
Colusa,2021-03-02,49,3577,13,1073,36,2504,0,0,26,1930,23,824,26,2754,California
Colusa,2021-03-03,242,3819,43,1116,199,2703,0,0,185,2058,57,881,185,2939,California
Colusa,2021-03-04,138,3957,58,1174,80,2783,0,0,80,2080,58,939,80,3019,California
Colusa,2021-03-05,98,4055,25,1199,64,2847,9,9,53,2097,45,984,62,3081,California
Colusa,2021-03-06,274,4329,9,1208,265,3112,0,9,37,1897,237,1221,37,3118,California
Colusa,2021-03-07,8,4337,5,1213,3,3115,0,9,6,1901,2,1223,6,3124,California
Colusa,2021-03-08,88,4425,20,1233,33,3148,35,44,44,1936,44,1267,79,3203,California
Colusa,2021-03-09,272,4697,70,1303,179,3327,23,67,83,1853,189,1456,106,3309,California
Colusa,2021-03-10,287,4984,35,1338,216,3543,36,103,201,2004,86,1542,237,3546,California
Colusa,2021-03-11,418,5402,59,1397,338,3881,21,124,337,2279,81,1623,356,3902,California
Colusa,2021-03-12,109,5511,18,1415,78,3959,13,137,19,2221,90,1713,32,3934,California
Colusa,2021-03-13,61,5572,16,1431,36,3995,9,146,18,2205,43,1756,27,3961,California
Colusa,2021-03-14,20,5592,0,1431,18,4013,2,148,6,2200,13,1769,8,3969,California
Colusa,2021-03-15,69,5661,26,1457,35,4048,8,156,14,2167,55,1824,22,3991,California
Colusa,2021-03-16,295,5956,15,1472,234,4282,46,202,188,2294,107,1931,234,4225,California
Colusa,2021-03-17,195,6151,49,1521,146,4428,0,202,111,2321,84,2015,111,4336,California
Colusa,2021-03-18,320,6471,33,1554,216,4644,71,273,198,2467,122,2137,268,4604,California
Colusa,2021-03-19,78,6549,20,1574,56,4700,2,275,55,2501,23,2160,57,4661,California
Colusa,2021-03-20,49,6598,7,1581,41,4741,1,276,36,2525,13,2173,37,4698,California
Colusa,2021-03-21,6,6604,4,1585,2,4743,0,276,4,2527,2,2175,4,4702,California
Colusa,2021-03-22,62,6666,10,1595,43,4786,9,285,40,2554,22,2197,49,4751,California
Colusa,2021-03-23,81,6747,16,1611,63,4849,2,287,54,2583,27,2224,56,4807,California
Colusa,2021-03-24,338,7085,57,1668,275,5124,6,293,70,2390,268,2492,75,4882,California
Colusa,2021-03-25,109,7194,60,1728,44,5168,5,298,52,2390,57,2549,57,4939,California
Colusa,2021-03-26,297,7491,46,1774,247,5415,4,302,244,2585,53,2602,248,5187,California
Colusa,2021-03-27,62,7553,5,1779,57,5472,0,302,25,2572,38,2640,25,5212,California
Colusa,2021-03-28,15,7568,6,1785,9,5481,0,302,7,2571,8,2648,7,5219,California
Colusa,2021-03-29,69,7637,19,1804,44,5525,6,308,30,2568,39,2687,36,5255,California
Colusa,2021-03-30,148,7785,78,1882,68,5593,2,310,76,2574,72,2759,78,5333,California
Colusa,2021-03-31,228,8013,36,1918,192,5785,0,310,68,2484,158,2917,68,5401,California
Colusa,2021-04-01,423,8436,67,1985,301,6086,55,365,300,2717,122,3039,355,5756,California
Colusa,2021-04-02,83,8519,14,1999,55,6141,14,379,39,2726,44,3083,53,5809,California
Colusa,2021-04-03,62,8581,10,2009,29,6170,23,402,14,2715,48,3131,37,5846,California
Colusa,2021-04-04,18,8599,0,2009,8,6178,10,412,3,2713,15,3146,13,5859,California
Colusa,2021-04-05,95,8694,25,2034,55,6233,15,427,39,2711,56,3202,54,5913,California
Colusa,2021-04-06,128,8822,33,2067,45,6278,50,477,43,2719,85,3287,93,6006,California
Colusa,2021-04-07,357,9179,40,2107,294,6572,23,500,133,2652,224,3511,157,6163,California
Colusa,2021-04-08,427,9606,33,2140,366,6938,28,528,122,2499,302,3813,149,6312,California
Colusa,2021-04-09,76,9682,21,2161,32,6970,23,551,28,2502,48,3861,51,6363,California
Colusa,2021-04-10,45,9727,9,2170,16,6986,20,571,13,2503,32,3893,33,6396,California
Colusa,2021-04-11,15,9742,2,2172,11,6997,2,573,7,2504,8,3901,9,6405,California
Colusa,2021-04-12,31,9773,3,2175,28,7025,0,573,24,2521,7,3908,24,6429,California
Colusa,2021-04-13,279,10052,23,2198,256,7281,0,573,95,2433,183,4091,95,6524,California
Colusa,2021-04-14,94,10146,19,2217,75,7356,0,573,33,2405,61,4152,33,6557,California
Colusa,2021-04-15,317,10463,42,2259,275,7631,0,573,129,2346,188,4340,129,6686,California
Colusa,2021-04-16,80,10543,11,2270,69,7700,0,573,36,2339,43,4383,36,6722,California
Colusa,2021-04-17,53,10596,7,2277,46,7746,0,573,31,2348,22,4405,31,6753,California
Colusa,2021-04-18,9,10605,2,2279,7,7753,0,573,7,2353,2,4407,7,6760,California
Colusa,2021-04-19,61,10666,22,2301,39,7792,0,573,17,2326,44,4451,17,6777,California
Colusa,2021-04-20,176,10842,32,2333,144,7936,0,573,128,2406,48,4499,128,6905,California
Colusa,2021-04-21,169,11011,59,2392,110,8046,0,573,109,2455,60,4559,109,7014,California
Colusa,2021-04-22,404,11415,26,2418,377,8423,1,574,204,2460,199,4758,204,7218,California
Colusa,2021-04-23,86,11501,20,2438,66,8489,0,574,37,2448,49,4807,37,7255,California
Colusa,2021-04-24,177,11678,10,2448,166,8655,1,575,155,2582,22,4829,156,7411,California
Colusa,2021-04-25,8,11686,4,2452,4,8659,0,575,5,2584,3,4832,5,7416,California
Colusa,2021-04-26,17,11703,4,2456,12,8671,1,576,5,2578,11,4843,5,7421,California
Colusa,2021-04-27,68,11771,15,2471,49,8720,4,580,26,2566,42,4885,30,7451,California
Colusa,2021-04-28,59,11830,15,2486,40,8760,4,584,21,2553,38,4923,25,7476,California
Contra Costa,2020-12-15,18,18,18,18,0,0,0,0,18,18,0,0,18,18,California
Contra Costa,2020-12-16,522,540,522,540,0,0,0,0,522,540,0,0,522,540,California
Contra Costa,2020-12-17,909,1449,909,1449,0,0,0,0,909,1449,0,0,909,1449,California
Contra Costa,2020-12-18,1591,3040,1590,3039,1,1,0,0,1591,3040,0,0,1591,3040,California
Contra Costa,2020-12-19,1101,4141,1100,4139,1,2,0,0,1101,4141,0,0,1101,4141,California
Contra Costa,2020-12-20,584,4725,583,4722,1,3,0,0,584,4725,0,0,584,4725,California
Contra Costa,2020-12-21,1654,6379,1652,6374,2,5,0,0,1654,6379,0,0,1654,6379,California
Contra Costa,2020-12-22,1665,8044,1561,7935,104,109,0,0,1665,8044,0,0,1665,8044,California
Contra Costa,2020-12-23,1583,9627,1335,9270,248,357,0,0,1583,9627,0,0,1583,9627,California
Contra Costa,2020-12-24,654,10281,336,9606,318,675,0,0,654,10281,0,0,654,10281,California
Contra Costa,2020-12-25,39,10320,17,9623,22,697,0,0,39,10320,0,0,39,10320,California
Contra Costa,2020-12-26,641,10961,131,9754,510,1207,0,0,641,10961,0,0,641,10961,California
Contra Costa,2020-12-27,240,11201,87,9841,153,1360,0,0,240,11201,0,0,240,11201,California
Contra Costa,2020-12-28,1829,13030,860,10701,969,2329,0,0,1829,13030,0,0,1829,13030,California
Contra Costa,2020-12-29,1826,14856,824,11525,1002,3331,0,0,1826,14856,0,0,1826,14856,California
Contra Costa,2020-12-30,2390,17246,1215,12740,1175,4506,0,0,2389,17245,0,0,2389,17245,California
Contra Costa,2020-12-31,915,18161,308,13048,607,5113,0,0,914,18159,0,0,914,18159,California
Contra Costa,2021-01-01,60,18221,23,13071,37,5150,0,0,60,18219,0,0,60,18219,California
Contra Costa,2021-01-02,334,18555,173,13244,161,5311,0,0,334,18553,0,0,334,18553,California
Contra Costa,2021-01-03,175,18730,117,13361,58,5369,0,0,174,18727,0,0,174,18727,California
Contra Costa,2021-01-04,1903,20633,1251,14612,652,6021,0,0,1882,20590,19,19,1882,20609,California
Contra Costa,2021-01-05,2100,22733,1258,15870,842,6863,0,0,1841,22174,258,277,1842,22451,California
Contra Costa,2021-01-06,3273,26006,2242,18112,1031,7894,0,0,2512,23934,755,1032,2515,24966,California
Contra Costa,2021-01-07,3088,29094,2057,20169,1031,8925,0,0,1877,24603,1208,2240,1877,26843,California
Contra Costa,2021-01-08,3382,32476,2390,22559,992,9917,0,0,1819,24867,1558,3798,1822,28665,California
Contra Costa,2021-01-09,1585,34061,1133,23692,452,10369,0,0,749,24783,835,4633,751,29416,California
Contra Costa,2021-01-10,360,34421,286,23978,74,10443,0,0,151,24725,209,4842,151,29567,California
Contra Costa,2021-01-11,3836,38257,3145,27123,691,11134,0,0,2231,25354,1605,6447,2234,31801,California
Contra Costa,2021-01-12,3906,42163,2929,30052,977,12111,0,0,2582,26614,1324,7771,2584,34385,California
Contra Costa,2021-01-13,4669,46832,2880,32932,1789,13900,0,0,3735,29420,930,8701,3736,38121,California
Contra Costa,2021-01-14,4302,51134,1553,34485,2749,16649,0,0,3920,32958,382,9083,3920,42041,California
Contra Costa,2021-01-15,5335,56469,2459,36944,2876,19525,0,0,5012,37652,322,9405,5016,47057,California
Contra Costa,2021-01-16,1716,58185,552,37496,1164,20689,0,0,1641,39218,75,9480,1641,48698,California
Contra Costa,2021-01-17,1637,59822,975,38471,662,21351,0,0,1514,40612,123,9603,1517,50215,California
Contra Costa,2021-01-18,3194,63016,1254,39725,1940,23291,0,0,2571,42567,617,10220,2572,52787,California
Contra Costa,2021-01-19,7060,70076,3157,42882,3903,27194,0,0,6057,47629,1000,11220,6062,58849,California
Contra Costa,2021-01-20,6609,76685,4053,46935,2556,29750,0,0,5375,51779,1230,12450,5380,64229,California
Contra Costa,2021-01-21,6954,83639,3092,50027,3862,33612,0,0,6230,57298,719,13169,6238,70467,California
Contra Costa,2021-01-22,6362,90001,2699,52726,3663,37275,0,0,5505,61958,848,14017,5508,75975,California
Contra Costa,2021-01-23,2024,92025,358,53084,1666,38941,0,0,1766,63470,256,14273,1768,77743,California
Contra Costa,2021-01-24,1582,93607,220,53304,1362,40303,0,0,1437,64766,145,14418,1441,79184,California
Contra Costa,2021-01-25,6648,100255,3016,56320,3632,43935,0,0,5085,68293,1561,15979,5088,84272,California
Contra Costa,2021-01-26,8076,108331,4677,60997,3399,47334,0,0,6239,72707,1829,17808,6243,90515,California
Contra Costa,2021-01-27,8236,116567,5499,66496,2737,50071,0,0,6339,77242,1816,19624,6351,96866,California
Contra Costa,2021-01-28,7433,124000,4078,70574,3355,53426,0,0,5833,81485,1594,21218,5837,102703,California
Contra Costa,2021-01-29,7440,131440,3890,74464,3550,56976,0,0,6130,86311,1306,22524,6132,108835,California
Contra Costa,2021-01-30,2082,133522,597,75061,1485,58461,0,0,1716,87669,359,22883,1717,110552,California
Contra Costa,2021-01-31,699,134221,480,75541,219,58680,0,0,572,88117,124,23007,572,111124,California
Contra Costa,2021-02-01,5518,139739,3761,79302,1757,60437,0,0,3889,90385,1624,24631,3892,115016,California
Contra Costa,2021-02-02,7753,147492,5275,84577,2478,62915,0,0,5904,94443,1847,26478,5905,120921,California
Contra Costa,2021-02-03,8267,155759,5458,90035,2809,65724,0,0,5632,97452,2624,29102,5633,126554,California
Contra Costa,2021-02-04,7442,163201,3535,93570,3907,69631,0,0,5723,101462,1715,30817,5725,132279,California
Contra Costa,2021-02-05,8425,171626,4819,98389,3606,73237,0,0,5717,104478,2701,33518,5717,137996,California
Contra Costa,2021-02-06,3468,175094,2154,100543,1314,74551,0,0,2817,106646,650,34168,2818,140814,California
Contra Costa,2021-02-07,981,176075,710,101253,271,74822,0,0,604,106874,376,34544,604,141418,California
Contra Costa,2021-02-08,5806,181881,3438,104691,2368,77190,0,0,4331,109736,1470,36014,4332,145750,California
Contra Costa,2021-02-09,8646,190527,4764,109455,3882,81072,0,0,5761,112618,2880,38894,5762,151512,California
Contra Costa,2021-02-10,8629,199156,4645,114100,3984,85056,0,0,5406,114820,3208,42102,5410,156922,California
Contra Costa,2021-02-11,9297,208453,4206,118306,5091,90147,0,0,5274,116081,4017,46119,5278,162200,California
Contra Costa,2021-02-12,10063,218516,4607,122913,5456,95603,0,0,5455,116938,4601,50720,5458,167658,California
Contra Costa,2021-02-13,4874,223390,1363,124276,3511,99114,0,0,3406,118880,1465,52185,3407,171065,California
Contra Costa,2021-02-14,2088,225478,864,125140,1224,100338,0,0,1226,119245,861,53046,1226,172291,California
Contra Costa,2021-02-15,4441,229919,2461,127601,1980,102318,0,0,2350,119512,2084,55130,2351,174642,California
Contra Costa,2021-02-16,10412,240331,4906,132507,5506,107824,0,0,4638,118387,5767,60897,4642,179284,California
Contra Costa,2021-02-17,12272,252603,6125,138632,6147,113971,0,0,5624,117379,6633,67530,5625,184909,California
Contra Costa,2021-02-18,11458,264061,5956,144588,5502,119473,0,0,5319,116572,6128,73658,5321,190230,California
Contra Costa,2021-02-19,11396,275457,7103,151691,4293,123766,0,0,5171,115534,6210,79868,5172,195402,California
Contra Costa,2021-02-20,6441,281898,2887,154578,3554,127320,0,0,4565,118241,1860,81728,4567,199969,California
Contra Costa,2021-02-21,1796,283694,1250,155828,546,127866,0,0,1083,118612,712,82440,1083,201052,California
Contra Costa,2021-02-22,7530,291224,5097,160925,2433,130299,0,0,3460,118015,4059,86499,3462,204514,California
Contra Costa,2021-02-23,11893,303117,7249,168174,4644,134943,0,0,5918,117977,5960,92459,5922,210436,California
Contra Costa,2021-02-24,10465,313582,7671,175845,2794,137737,0,0,5042,117614,5407,97866,5044,215480,California
Contra Costa,2021-02-25,11456,325038,7208,183053,4248,141985,0,0,5199,116580,6237,104103,5203,220683,California
Contra Costa,2021-02-26,10692,335730,6740,189793,3952,145937,0,0,5299,116502,5378,109481,5300,225983,California
Contra Costa,2021-02-27,6616,342346,4205,193998,2411,148348,0,0,4106,118105,2504,111985,4107,230090,California
Contra Costa,2021-02-28,3786,346132,3117,197115,669,149017,0,0,3190,120703,593,112578,3191,233281,California
Contra Costa,2021-03-01,8087,354219,6076,203191,2008,151025,3,3,4964,122563,3109,115687,4969,238250,California
Contra Costa,2021-03-02,10127,364346,6310,209501,3816,154841,1,4,5250,122953,4861,120548,5251,243501,California
Contra Costa,2021-03-03,11141,375487,6969,216470,4171,159012,1,5,6227,124282,4900,125448,6229,249730,California
Contra Costa,2021-03-04,11857,387344,7072,223542,4785,163797,0,5,6133,124710,5705,131153,6133,255863,California
Contra Costa,2021-03-05,11224,398568,6668,230210,4551,168348,5,10,6391,126288,4818,135971,6396,262259,California
Contra Costa,2021-03-06,7291,405859,4005,234215,2977,171325,309,319,4710,128736,2569,138540,5017,267276,California
Contra Costa,2021-03-07,3622,409481,2269,236484,1293,172618,60,379,2949,131073,672,139212,3009,270285,California
Contra Costa,2021-03-08,8042,417523,3755,240239,3984,176602,303,682,5361,134071,2670,141882,5668,275953,California
Contra Costa,2021-03-09,10182,427705,5000,245239,4888,181490,294,976,5028,134247,5147,147029,5323,281276,California
Contra Costa,2021-03-10,12113,439818,5953,251192,4666,186156,1494,2470,5463,134555,6641,153670,6949,288225,California
Contra Costa,2021-03-11,12461,452279,6566,257758,5336,191492,559,3029,6361,135399,6079,159749,6923,295148,California
Contra Costa,2021-03-12,12521,464800,5139,262897,6840,198332,542,3571,6256,135947,6249,165998,6797,301945,California
Contra Costa,2021-03-13,7751,472551,3067,265964,4260,202592,424,3995,3071,134773,4663,170661,3489,305434,California
Contra Costa,2021-03-14,4345,476896,2541,268505,1320,203912,484,4479,2076,135069,2263,172924,2559,307993,California
Contra Costa,2021-03-15,9376,486272,5057,273562,3566,207478,753,5232,4755,135972,4605,177529,5508,313501,California
Contra Costa,2021-03-16,14245,500517,8458,282020,5392,212870,395,5627,7265,136672,6960,184489,7660,321161,California
Contra Costa,2021-03-17,14972,515489,10334,292354,4427,217297,211,5838,8568,139074,6382,190871,8784,329945,California
Contra Costa,2021-03-18,15356,530845,8528,300882,6348,223645,480,6318,8785,141793,6544,197415,9263,339208,California
Contra Costa,2021-03-19,15486,546331,8885,309767,5212,228857,1389,7707,8303,144318,7171,204586,9696,348904,California
Contra Costa,2021-03-20,10607,556938,6328,316095,3974,232831,305,8012,5234,144499,5357,209943,5538,354442,California
Contra Costa,2021-03-21,4433,561371,3883,319978,463,233294,87,8099,2083,144323,2345,212288,2169,356611,California
Contra Costa,2021-03-22,11516,572887,8680,328658,2587,235881,249,8348,7085,147237,4419,216707,7333,363944,California
Contra Costa,2021-03-23,15569,588456,10726,339384,4673,240554,170,8518,9493,150853,6050,222757,9666,373610,California
Contra Costa,2021-03-24,14949,603405,11676,351060,3061,243615,212,8730,9199,154546,5719,228476,9412,383022,California
Contra Costa,2021-03-25,15226,618631,11862,362922,3079,246694,285,9015,9410,158458,5781,234257,9693,392715,California
Contra Costa,2021-03-26,14917,633548,10690,373612,3833,250527,394,9409,8805,161564,6090,240347,9196,401911,California
Contra Costa,2021-03-27,10416,643964,6739,380351,3167,253694,510,9919,5774,163207,4634,244981,6277,408188,California
Contra Costa,2021-03-28,4121,648085,2917,383268,1151,254845,53,9972,1768,162685,2343,247324,1821,410009,California
Contra Costa,2021-03-29,10818,658903,8443,391711,2260,257105,115,10087,7084,166165,3720,251044,7200,417209,California
Contra Costa,2021-03-30,16721,675624,9107,400818,6260,263365,1354,11441,11054,172916,5651,256695,12402,429611,California
Contra Costa,2021-03-31,17929,693553,12554,413372,3936,267301,1439,12880,11538,179535,6359,263054,12978,442589,California
Contra Costa,2021-04-01,17420,710973,12207,425579,3851,271152,1362,14242,11357,186211,6041,269095,12717,455306,California
Contra Costa,2021-04-02,17389,728362,12842,438421,3540,274692,1007,15249,11569,192977,5809,274904,12575,467881,California
Contra Costa,2021-04-03,10785,739147,6434,444855,2816,277508,1535,16784,6197,196134,4575,279479,7732,475613,California
Contra Costa,2021-04-04,3318,742465,1313,446168,1415,278923,590,17374,897,195205,2416,281895,1487,477100,California
Contra Costa,2021-04-05,12051,754516,7880,454048,3207,282130,964,18338,6609,197344,5433,287328,7572,484672,California
Contra Costa,2021-04-06,17258,771774,11986,466034,2999,285129,2273,20611,9759,201895,7480,294808,12031,496703,California
Contra Costa,2021-04-07,18442,790216,12501,478535,3151,288280,2790,23401,10488,207277,7935,302743,13317,510020,California
Contra Costa,2021-04-08,18630,808846,12448,490983,3281,291561,2901,26302,10041,211642,8565,311308,12930,522950,California
Contra Costa,2021-04-09,18682,827528,11960,502943,4250,295811,2472,28774,10013,215482,8645,319953,12485,535435,California
Contra Costa,2021-04-10,10499,838027,3814,506757,2144,297955,4541,33315,3295,216118,7191,327144,7827,543262,California
Contra Costa,2021-04-11,3323,841350,1989,508746,683,298638,651,33966,1130,215713,2188,329332,1783,545045,California
Contra Costa,2021-04-12,11848,853198,7854,516600,2964,301602,1030,34996,5605,216123,6230,335562,6640,551685,California
Contra Costa,2021-04-13,17797,870995,10885,527485,6907,308509,5,35001,11899,222155,5877,341439,11909,563594,California
Contra Costa,2021-04-14,17498,888493,10971,538456,6527,315036,0,35001,9699,224080,7777,349216,9702,573296,California
Contra Costa,2021-04-15,17387,905880,10658,549114,6728,321764,1,35002,8073,222887,9285,358501,8092,581388,California
Contra Costa,2021-04-16,16845,922725,10519,559633,6325,328089,1,35003,7610,221292,9211,367712,7616,589004,California
Contra Costa,2021-04-17,11358,934083,6240,565873,5118,333207,0,35003,6108,222169,5236,372948,6113,595117,California
Contra Costa,2021-04-18,2728,936811,2109,567982,619,333826,0,35003,1779,223006,942,373890,1779,596896,California
Contra Costa,2021-04-19,11310,948121,8462,576444,2848,336674,0,35003,3544,218809,7743,381633,3546,600442,California
Contra Costa,2021-04-20,16619,964740,10796,587240,5823,342497,0,35003,6267,214754,10326,391959,6271,606713,California
Contra Costa,2021-04-21,17293,982033,14109,601349,3184,345681,0,35003,6169,209841,11091,403050,6178,612891,California
Contra Costa,2021-04-22,16962,998995,13726,615075,3235,348916,1,35004,5924,204772,11008,414058,5939,618830,California
Contra Costa,2021-04-23,15864,1014859,12621,627696,3243,352159,0,35004,4896,198744,10932,424990,4904,623734,California
Contra Costa,2021-04-24,9112,1023971,7154,634850,1958,354117,0,35004,3227,196105,5868,430858,3229,626963,California
Contra Costa,2021-04-25,2400,1026371,1618,636468,780,354897,2,35006,1514,196741,883,431741,1519,628482,California
Contra Costa,2021-04-26,8283,1034654,6928,643396,1334,356231,21,35027,2523,193553,5742,437483,2554,631036,California
Contra Costa,2021-04-27,11456,1046110,8483,651879,2854,359085,119,35146,3059,188360,8377,445860,3184,634220,California
Contra Costa,2021-04-28,9966,1056076,8506,660385,1353,360438,107,35253,2142,182833,7804,453664,2277,636497,California
Del Norte,2020-12-21,23,23,23,23,0,0,0,0,23,23,0,0,23,23,California
Del Norte,2020-12-22,46,69,46,69,0,0,0,0,46,69,0,0,46,69,California
Del Norte,2020-12-23,58,127,48,117,10,10,0,0,57,126,0,0,57,126,California
Del Norte,2020-12-28,34,161,34,151,0,10,0,0,34,160,0,0,34,160,California
Del Norte,2020-12-29,4,165,4,155,0,10,0,0,4,164,0,0,4,164,California
Del Norte,2020-12-30,67,232,55,210,12,22,0,0,68,232,0,0,68,232,California
Del Norte,2020-12-31,16,248,13,223,3,25,0,0,16,248,0,0,16,248,California
Del Norte,2021-01-04,102,350,49,272,53,78,0,0,102,350,0,0,102,350,California
Del Norte,2021-01-05,32,382,0,272,32,110,0,0,32,382,0,0,32,382,California
Del Norte,2021-01-06,77,459,18,290,59,169,0,0,77,459,0,0,77,459,California
Del Norte,2021-01-07,21,480,1,291,20,189,0,0,21,480,0,0,21,480,California
Del Norte,2021-01-08,77,557,7,298,70,259,0,0,77,557,0,0,77,557,California
Del Norte,2021-01-11,40,597,21,319,19,278,0,0,18,554,22,22,19,576,California
Del Norte,2021-01-12,51,648,32,351,19,297,0,0,30,563,21,43,30,606,California
Del Norte,2021-01-13,85,733,40,391,45,342,0,0,52,582,33,76,52,658,California
Del Norte,2021-01-14,53,786,14,405,39,381,0,0,47,623,6,82,47,705,California
Del Norte,2021-01-15,107,893,18,423,89,470,0,0,95,706,12,94,95,800,California
Del Norte,2021-01-17,1,894,1,424,0,470,0,0,1,707,0,94,1,801,California
Del Norte,2021-01-18,2,896,0,424,2,472,0,0,2,709,0,94,2,803,California
Del Norte,2021-01-19,119,1015,56,480,63,535,0,0,77,744,42,136,77,880,California
Del Norte,2021-01-20,158,1173,84,564,74,609,0,0,96,778,62,198,96,976,California
Del Norte,2021-01-21,43,1216,40,604,3,612,0,0,32,799,11,209,32,1008,California
Del Norte,2021-01-22,19,1235,16,620,3,615,0,0,12,804,7,216,12,1020,California
Del Norte,2021-01-23,1,1236,0,620,1,616,0,0,1,805,0,216,1,1021,California
Del Norte,2021-01-24,1,1237,0,620,1,617,0,0,1,806,0,216,1,1022,California
Del Norte,2021-01-25,100,1337,82,702,18,635,0,0,56,818,44,260,56,1078,California
Del Norte,2021-01-26,18,1355,11,713,7,642,0,0,7,814,11,271,7,1085,California
Del Norte,2021-01-27,64,1419,21,734,43,685,0,0,61,872,3,274,61,1146,California
Del Norte,2021-01-28,291,1710,20,754,271,956,0,0,286,1153,5,279,286,1432,California
Del Norte,2021-01-29,54,1764,21,775,33,989,0,0,44,1187,10,289,44,1476,California
Del Norte,2021-01-30,8,1772,1,776,7,996,0,0,8,1195,0,289,8,1484,California
Del Norte,2021-02-01,41,1813,1,777,40,1036,0,0,26,1206,15,304,26,1510,California
Del Norte,2021-02-02,142,1955,34,811,108,1144,0,0,73,1211,68,372,73,1583,California
Del Norte,2021-02-03,126,2081,40,851,86,1230,0,0,71,1227,55,427,71,1654,California
Del Norte,2021-02-04,71,2152,29,880,42,1272,0,0,42,1240,29,456,42,1696,California
Del Norte,2021-02-05,184,2336,22,902,162,1434,0,0,120,1297,63,519,120,1816,California
Del Norte,2021-02-06,312,2648,6,908,306,1740,0,0,312,1609,0,519,312,2128,California
Del Norte,2021-02-07,2,2650,1,909,1,1741,0,0,2,1611,0,519,2,2130,California
Del Norte,2021-02-08,36,2686,1,910,35,1776,0,0,32,1639,4,523,32,2162,California
Del Norte,2021-02-09,8,2694,5,915,3,1779,0,0,2,1635,6,529,2,2164,California
Del Norte,2021-02-10,143,2837,20,935,123,1902,0,0,86,1665,56,585,86,2250,California
Del Norte,2021-02-11,176,3013,58,993,118,2020,0,0,63,1615,113,698,63,2313,California
Del Norte,2021-02-12,121,3134,14,1007,107,2127,0,0,67,1628,54,752,67,2380,California
Del Norte,2021-02-13,2,3136,1,1008,1,2128,0,0,2,1630,0,752,2,2382,California
Del Norte,2021-02-14,3,3139,1,1009,2,2130,0,0,2,1631,1,753,2,2384,California
Del Norte,2021-02-15,4,3143,0,1009,4,2134,0,0,2,1631,2,755,2,2386,California
Del Norte,2021-02-16,132,3275,1,1010,131,2265,0,0,13,1525,119,874,13,2399,California
Del Norte,2021-02-17,91,3366,20,1030,71,2336,0,0,24,1482,67,941,24,2423,California
Del Norte,2021-02-18,77,3443,24,1054,53,2389,0,0,51,1507,26,967,51,2474,California
Del Norte,2021-02-19,43,3486,17,1071,26,2415,0,0,33,1530,10,977,33,2507,California
Del Norte,2021-02-20,8,3494,5,1076,3,2418,0,0,6,1534,2,979,6,2513,California
Del Norte,2021-02-22,2,3496,0,1076,2,2420,0,0,2,1536,0,979,2,2515,California
Del Norte,2021-02-23,107,3603,88,1164,19,2439,0,0,32,1493,75,1054,32,2547,California
Del Norte,2021-02-24,152,3755,98,1262,54,2493,0,0,79,1499,73,1127,79,2626,California
Del Norte,2021-02-25,475,4230,131,1393,344,2837,0,0,212,1450,261,1388,212,2838,California
Del Norte,2021-02-26,212,4442,176,1569,36,2873,0,0,166,1570,46,1434,166,3004,California
Del Norte,2021-02-27,152,4594,145,1714,6,2879,1,1,141,1701,11,1445,142,3146,California
Del Norte,2021-02-28,4,4598,1,1715,3,2882,0,1,3,1703,1,1446,3,3149,California
Del Norte,2021-03-01,28,4626,2,1717,26,2908,0,1,4,1683,24,1470,4,3153,California
Del Norte,2021-03-02,220,4846,140,1857,80,2988,0,1,187,1837,33,1503,187,3340,California
Del Norte,2021-03-03,166,5012,98,1955,68,3056,0,1,125,1921,41,1544,125,3465,California
Del Norte,2021-03-04,120,5132,83,2038,37,3093,0,1,91,1984,28,1572,91,3556,California
Del Norte,2021-03-05,108,5240,9,2047,99,3192,0,1,60,1996,48,1620,60,3616,California
Del Norte,2021-03-06,466,5706,78,2125,338,3530,50,51,164,1865,302,1922,171,3787,California
Del Norte,2021-03-07,2,5708,1,2126,1,3531,0,51,1,1865,1,1923,1,3788,California
Del Norte,2021-03-08,28,5736,1,2127,25,3556,2,53,5,1849,23,1946,7,3795,California
Del Norte,2021-03-09,194,5930,112,2239,79,3635,3,56,183,2024,11,1957,186,3981,California
Del Norte,2021-03-10,226,6156,97,2336,101,3736,28,84,134,2094,92,2049,162,4143,California
Del Norte,2021-03-11,152,6308,55,2391,92,3828,5,89,104,2155,48,2097,109,4252,California
Del Norte,2021-03-12,177,6485,89,2480,88,3916,0,89,124,2226,53,2150,124,4376,California
Del Norte,2021-03-13,94,6579,93,2573,1,3917,0,89,91,2314,3,2153,91,4467,California
Del Norte,2021-03-14,1,6580,0,2573,1,3918,0,89,1,2314,1,2154,1,4468,California
Del Norte,2021-03-15,38,6618,0,2573,38,3956,0,89,34,2344,4,2158,34,4502,California
Del Norte,2021-03-16,281,6899,136,2709,145,4101,0,89,260,2583,21,2179,260,4762,California
Del Norte,2021-03-17,282,7181,95,2804,185,4286,2,91,168,2639,114,2293,170,4932,California
Del Norte,2021-03-18,285,7466,107,2911,175,4461,3,94,149,2656,135,2428,152,5084,California
Del Norte,2021-03-19,266,7732,159,3070,101,4562,6,100,91,2578,175,2603,97,5181,California
Del Norte,2021-03-20,158,7890,155,3225,3,4565,0,100,16,2452,142,2745,16,5197,California
Del Norte,2021-03-21,4,7894,2,3227,2,4567,0,100,2,2452,2,2747,2,5199,California
Del Norte,2021-03-22,42,7936,3,3230,38,4605,1,101,39,2489,3,2750,40,5239,California
Del Norte,2021-03-23,333,8269,163,3393,152,4757,18,119,164,2503,167,2917,181,5420,California
Del Norte,2021-03-24,396,8665,107,3500,248,5005,41,160,235,2618,161,3078,276,5696,California
Del Norte,2021-03-25,194,8859,90,3590,104,5109,0,160,86,2597,107,3185,86,5782,California
Del Norte,2021-03-26,230,9089,111,3701,119,5228,0,160,196,2759,34,3219,196,5978,California
Del Norte,2021-03-27,108,9197,87,3788,4,5232,17,177,17,2702,91,3310,34,6012,California
Del Norte,2021-03-28,4,9201,2,3790,2,5234,0,177,1,2700,3,3313,1,6013,California
Del Norte,2021-03-29,57,9258,6,3796,34,5268,17,194,32,2724,25,3338,49,6062,California
Del Norte,2021-03-30,336,9594,118,3914,207,5475,11,205,124,2647,212,3550,135,6197,California
Del Norte,2021-03-31,346,9940,100,4014,229,5704,17,222,190,2700,154,3704,207,6404,California
Del Norte,2021-04-01,166,10106,60,4074,72,5776,34,256,71,2711,94,3798,105,6509,California
Del Norte,2021-04-02,232,10338,79,4153,104,5880,49,305,59,2647,173,3971,109,6618,California
Del Norte,2021-04-03,105,10443,82,4235,2,5882,21,326,4,2572,100,4071,25,6643,California
Del Norte,2021-04-04,4,10447,0,4235,0,5882,4,330,0,2572,4,4075,4,6647,California
Del Norte,2021-04-05,53,10500,5,4240,44,5926,4,334,46,2615,7,4082,50,6697,California
Del Norte,2021-04-06,378,10878,119,4359,222,6148,37,371,145,2569,229,4311,183,6880,California
Del Norte,2021-04-07,427,11305,115,4474,251,6399,61,432,281,2766,145,4456,342,7222,California
Del Norte,2021-04-08,233,11538,54,4528,111,6510,68,500,111,2823,122,4578,179,7401,California
Del Norte,2021-04-09,202,11740,47,4575,80,6590,75,575,97,2889,104,4682,170,7571,California
Del Norte,2021-04-10,48,11788,27,4602,4,6594,17,592,27,2912,21,4703,44,7615,California
Del Norte,2021-04-11,12,11800,3,4605,2,6596,7,599,2,2911,10,4713,9,7624,California
Del Norte,2021-04-12,28,11828,1,4606,9,6605,18,617,1,2904,26,4739,19,7643,California
Del Norte,2021-04-13,297,12125,49,4655,248,6853,0,617,155,2917,142,4881,155,7798,California
Del Norte,2021-04-14,325,12450,23,4678,302,7155,0,617,136,2869,189,5070,141,7939,California
Del Norte,2021-04-15,163,12613,30,4708,133,7288,0,617,44,2795,119,5189,45,7984,California
Del Norte,2021-04-16,161,12774,40,4748,121,7409,0,617,59,2754,102,5291,61,8045,California
Del Norte,2021-04-17,100,12874,69,4817,31,7440,0,617,95,2844,5,5296,95,8140,California
Del Norte,2021-04-18,4,12878,3,4820,1,7441,0,617,3,2846,1,5297,3,8143,California
Del Norte,2021-04-19,50,12928,6,4826,44,7485,0,617,8,2812,42,5339,8,8151,California
Del Norte,2021-04-20,208,13136,40,4866,168,7653,0,617,74,2752,134,5473,74,8225,California
Del Norte,2021-04-21,290,13426,24,4890,266,7919,0,617,66,2598,223,5696,69,8294,California
Del Norte,2021-04-22,117,13543,18,4908,99,8018,0,617,63,2607,54,5750,63,8357,California
Del Norte,2021-04-23,154,13697,21,4929,133,8151,0,617,41,2535,113,5863,41,8398,California
Del Norte,2021-04-24,15,13712,9,4938,6,8157,0,617,11,2542,4,5867,11,8409,California
Del Norte,2021-04-25,2,13714,0,4938,2,8159,0,617,2,2544,0,5867,2,8411,California
Del Norte,2021-04-26,29,13743,1,4939,28,8187,0,617,7,2529,22,5889,7,8418,California
Del Norte,2021-04-27,127,13870,22,4961,103,8290,2,619,37,2478,90,5979,39,8457,California
Del Norte,2021-04-28,152,14022,1,4962,149,8439,2,621,31,2395,117,6096,34,8491,California
El Dorado,2020-12-15,12,12,12,12,0,0,0,0,12,12,0,0,12,12,California
El Dorado,2020-12-16,40,52,40,52,0,0,0,0,40,52,0,0,40,52,California
El Dorado,2020-12-17,30,82,30,82,0,0,0,0,30,82,0,0,30,82,California
El Dorado,2020-12-18,236,318,236,318,0,0,0,0,236,318,0,0,236,318,California
El Dorado,2020-12-19,116,434,116,434,0,0,0,0,116,434,0,0,116,434,California
El Dorado,2020-12-20,85,519,85,519,0,0,0,0,85,519,0,0,85,519,California
El Dorado,2020-12-21,308,827,307,826,1,1,0,0,308,827,0,0,308,827,California
El Dorado,2020-12-22,238,1065,214,1040,24,25,0,0,238,1065,0,0,238,1065,California
El Dorado,2020-12-23,189,1254,139,1179,50,75,0,0,189,1254,0,0,189,1254,California
El Dorado,2020-12-24,87,1341,66,1245,21,96,0,0,87,1341,0,0,87,1341,California
El Dorado,2020-12-25,8,1349,8,1253,0,96,0,0,8,1349,0,0,8,1349,California
El Dorado,2020-12-26,44,1393,26,1279,18,114,0,0,44,1393,0,0,44,1393,California
El Dorado,2020-12-27,37,1430,33,1312,4,118,0,0,37,1430,0,0,37,1430,California
El Dorado,2020-12-28,216,1646,169,1481,47,165,0,0,216,1646,0,0,216,1646,California
El Dorado,2020-12-29,456,2102,140,1621,316,481,0,0,456,2102,0,0,456,2102,California
El Dorado,2020-12-30,504,2606,136,1757,368,849,0,0,504,2606,0,0,504,2606,California
El Dorado,2020-12-31,109,2715,69,1826,40,889,0,0,109,2715,0,0,109,2715,California
El Dorado,2021-01-01,7,2722,4,1830,3,892,0,0,7,2722,0,0,7,2722,California
El Dorado,2021-01-02,151,2873,140,1970,11,903,0,0,151,2873,0,0,151,2873,California
El Dorado,2021-01-03,92,2965,17,1987,75,978,0,0,92,2965,0,0,92,2965,California
El Dorado,2021-01-04,189,3154,62,2049,127,1105,0,0,189,3154,0,0,189,3154,California
El Dorado,2021-01-05,205,3359,50,2099,155,1260,0,0,189,3327,16,16,189,3343,California
El Dorado,2021-01-06,262,3621,189,2288,73,1333,0,0,198,3461,64,80,198,3541,California
El Dorado,2021-01-07,328,3949,135,2423,193,1526,0,0,258,3649,70,150,258,3799,California
El Dorado,2021-01-08,975,4924,500,2923,475,2001,0,0,772,4219,203,353,773,4572,California
El Dorado,2021-01-09,193,5117,157,3080,36,2037,0,0,125,4276,68,421,125,4697,California
El Dorado,2021-01-10,180,5297,129,3209,51,2088,0,0,111,4318,69,490,111,4808,California
El Dorado,2021-01-11,659,5956,293,3502,366,2454,0,0,460,4580,198,688,460,5268,California
El Dorado,2021-01-12,692,6648,421,3923,271,2725,0,0,444,4776,248,936,444,5712,California
El Dorado,2021-01-13,698,7346,295,4218,403,3128,0,0,538,5154,160,1096,538,6250,California
El Dorado,2021-01-14,689,8035,219,4437,470,3598,0,0,594,5653,95,1191,594,6844,California
El Dorado,2021-01-15,679,8714,185,4622,494,4092,0,0,607,6188,72,1263,607,7451,California
El Dorado,2021-01-16,171,8885,103,4725,68,4160,0,0,144,6305,27,1290,144,7595,California
El Dorado,2021-01-17,99,8984,47,4772,52,4212,0,0,82,6370,17,1307,82,7677,California
El Dorado,2021-01-18,417,9401,138,4910,279,4491,0,0,349,6651,68,1375,349,8026,California
El Dorado,2021-01-19,649,10050,352,5262,297,4788,0,0,500,7003,149,1524,501,8527,California
El Dorado,2021-01-20,1009,11059,686,5948,323,5111,0,0,897,7789,111,1635,897,9424,California
El Dorado,2021-01-21,1154,12213,571,6519,583,5694,0,0,948,8572,165,1800,948,10372,California
El Dorado,2021-01-22,1099,13312,707,7226,392,6086,0,0,1046,9566,52,1852,1046,11418,California
El Dorado,2021-01-23,736,14048,617,7843,119,6205,0,0,625,10080,111,1963,625,12043,California
El Dorado,2021-01-24,126,14174,76,7919,50,6255,0,0,107,10168,19,1982,107,12150,California
El Dorado,2021-01-25,610,14784,204,8123,406,6661,0,0,522,10602,88,2070,522,12672,California
El Dorado,2021-01-26,673,15457,363,8486,310,6971,0,0,569,11068,104,2174,570,13242,California
El Dorado,2021-01-27,927,16384,329,8815,598,7569,0,0,591,11322,337,2511,591,13833,California
El Dorado,2021-01-28,1104,17488,452,9267,652,8221,0,0,743,11705,361,2872,744,14577,California
El Dorado,2021-01-29,973,18461,488,9755,485,8706,0,0,744,12222,228,3100,745,15322,California
El Dorado,2021-01-30,611,19072,359,10114,252,8958,0,0,450,12511,161,3261,450,15772,California
El Dorado,2021-01-31,209,19281,188,10302,21,8979,0,0,180,12662,29,3290,180,15952,California
El Dorado,2021-02-01,799,20080,368,10670,431,9410,0,0,655,13174,143,3433,655,16607,California
El Dorado,2021-02-02,839,20919,367,11037,472,9882,0,0,678,13691,161,3594,678,17285,California
El Dorado,2021-02-03,899,21818,475,11512,424,10306,0,0,686,14164,213,3807,686,17971,California
El Dorado,2021-02-04,1267,23085,724,12236,543,10849,0,0,872,14641,395,4202,872,18843,California
El Dorado,2021-02-05,1482,24567,598,12834,884,11733,0,0,867,14928,580,4782,867,19710,California
El Dorado,2021-02-06,638,25205,333,13167,305,12038,0,0,530,15351,108,4890,531,20241,California
El Dorado,2021-02-07,256,25461,176,13343,80,12118,0,0,192,15479,64,4954,192,20433,California
El Dorado,2021-02-08,878,26339,417,13760,461,12579,0,0,605,15811,273,5227,605,21038,California
El Dorado,2021-02-09,909,27248,487,14247,422,13001,0,0,487,15876,422,5649,487,21525,California
El Dorado,2021-02-10,1247,28495,730,14977,517,13518,0,0,656,15942,590,6239,656,22181,California
El Dorado,2021-02-11,2147,30642,890,15867,1257,14775,0,0,963,15723,1183,7422,964,23145,California
El Dorado,2021-02-12,1565,32207,822,16689,743,15518,0,0,678,15515,887,8309,679,23824,California
El Dorado,2021-02-13,977,33184,669,17358,308,15826,0,0,433,15407,541,8850,433,24257,California
El Dorado,2021-02-14,481,33665,153,17511,328,16154,0,0,398,15722,83,8933,398,24655,California
El Dorado,2021-02-15,1180,34845,387,17898,793,16947,0,0,827,16199,353,9286,830,25485,California
El Dorado,2021-02-16,1192,36037,529,18427,663,17610,0,0,676,16361,515,9801,677,26162,California
El Dorado,2021-02-17,898,36935,373,18800,525,18135,0,0,419,16303,479,10280,421,26583,California
El Dorado,2021-02-18,2085,39020,1012,19812,1073,19208,0,0,1353,16925,731,11011,1353,27936,California
El Dorado,2021-02-19,1164,40184,602,20414,562,19770,0,0,646,17054,518,11529,647,28583,California
El Dorado,2021-02-20,915,41099,435,20849,480,20250,0,0,667,17479,242,11771,667,29250,California
El Dorado,2021-02-21,282,41381,225,21074,57,20307,0,0,99,17396,182,11953,99,29349,California
El Dorado,2021-02-22,869,42250,434,21508,435,20742,0,0,285,17098,583,12536,285,29634,California
El Dorado,2021-02-23,840,43090,471,21979,369,21111,0,0,350,16959,489,13025,350,29984,California
El Dorado,2021-02-24,1015,44105,439,22418,576,21687,0,0,421,16787,594,13619,422,30406,California
El Dorado,2021-02-25,1631,45736,886,23304,745,22432,0,0,724,16612,901,14520,726,31132,California
El Dorado,2021-02-26,2351,48087,1481,24785,870,23302,0,0,1587,17437,762,15282,1587,32719,California
El Dorado,2021-02-27,1658,49745,439,25224,1219,24521,0,0,1219,18220,436,15718,1219,33938,California
El Dorado,2021-02-28,583,50328,204,25428,379,24900,0,0,432,18502,151,15869,433,34371,California
El Dorado,2021-03-01,1136,51464,452,25880,684,25584,0,0,624,18615,511,16380,624,34995,California
El Dorado,2021-03-02,898,52362,266,26146,632,26216,0,0,460,18639,436,16816,460,35455,California
El Dorado,2021-03-03,1677,54039,462,26608,1215,27431,0,0,1150,19271,520,17336,1152,36607,California
El Dorado,2021-03-04,2501,56540,1542,28150,959,28390,0,0,1219,19211,1279,18615,1219,37826,California
El Dorado,2021-03-05,1574,58114,422,28572,1147,29537,5,5,1044,19735,525,19140,1049,38875,California
El Dorado,2021-03-06,737,58851,210,28782,493,30030,34,39,391,19814,346,19486,425,39300,California
El Dorado,2021-03-07,402,59253,197,28979,187,30217,18,57,239,19910,161,19647,257,39557,California
El Dorado,2021-03-08,1322,60575,364,29343,888,31105,70,127,855,20371,464,20111,925,40482,California
El Dorado,2021-03-09,970,61545,227,29570,676,31781,67,194,571,20626,383,20494,638,41120,California
El Dorado,2021-03-10,937,62482,343,29913,539,32320,55,249,540,20830,391,20885,595,41715,California
El Dorado,2021-03-11,2987,65469,1824,31737,981,33301,182,431,1362,20764,1609,22494,1543,43258,California
El Dorado,2021-03-12,1775,67244,619,32356,910,34211,246,677,740,20732,1018,23512,986,44244,California
El Dorado,2021-03-13,1060,68304,345,32701,432,34643,283,960,372,20700,685,24197,653,44897,California
El Dorado,2021-03-14,794,69098,207,32908,475,35118,112,1072,281,20580,513,24710,393,45290,California
El Dorado,2021-03-15,1396,70494,300,33208,970,36088,126,1198,607,20529,785,25495,734,46024,California
El Dorado,2021-03-16,1209,71703,406,33614,659,36747,144,1342,568,20606,635,26130,712,46736,California
El Dorado,2021-03-17,1080,72783,351,33965,635,37382,94,1436,697,21014,383,26513,791,47527,California
El Dorado,2021-03-18,2968,75751,1748,35713,1176,38558,44,1480,1980,22057,981,27494,2024,49551,California
El Dorado,2021-03-19,1101,76852,360,36073,597,39155,144,1624,626,22353,475,27969,771,50322,California
El Dorado,2021-03-20,937,77789,267,36340,653,39808,17,1641,359,22162,567,28536,376,50698,California
El Dorado,2021-03-21,1026,78815,418,36758,603,40411,5,1646,936,23015,88,28624,941,51639,California
El Dorado,2021-03-22,1499,80314,488,37246,929,41340,82,1728,1191,23985,303,28927,1273,52912,California
El Dorado,2021-03-23,1144,81458,449,37695,603,41943,92,1820,735,24415,397,29324,827,53739,California
El Dorado,2021-03-24,1454,82912,620,38315,638,42581,196,2016,661,24506,766,30090,857,54596,California
El Dorado,2021-03-25,2473,85385,1666,39981,704,43285,103,2119,1369,24880,1098,31188,1472,56068,California
El Dorado,2021-03-26,1805,87190,698,40679,998,44283,109,2228,949,25103,836,32024,1059,57127,California
El Dorado,2021-03-27,1313,88503,188,40867,1121,45404,4,2232,336,24472,971,32995,340,57467,California
El Dorado,2021-03-28,615,89118,181,41048,425,45829,9,2241,198,24265,414,33409,207,57674,California
El Dorado,2021-03-29,1311,90429,432,41480,863,46692,16,2257,823,24619,485,33894,839,58513,California
El Dorado,2021-03-30,1347,91776,409,41889,846,47538,92,2349,692,24754,648,34542,783,59296,California
El Dorado,2021-03-31,1550,93326,579,42468,909,48447,62,2411,702,24671,846,35388,763,60059,California
El Dorado,2021-04-01,3208,96534,1749,44217,1376,49823,83,2494,1520,24591,1685,37073,1605,61664,California
El Dorado,2021-04-02,1873,98407,554,44771,1224,51047,95,2589,750,24317,1119,38192,845,62509,California
El Dorado,2021-04-03,735,99142,284,45055,331,51378,120,2709,216,24135,517,38709,335,62844,California
El Dorado,2021-04-04,266,99408,84,45139,135,51513,47,2756,95,24107,170,38879,142,62986,California
El Dorado,2021-04-05,1416,100824,422,45561,901,52414,93,2849,592,23972,820,39699,685,63671,California
El Dorado,2021-04-06,1406,102230,517,46078,668,53082,221,3070,447,23682,957,40656,667,64338,California
El Dorado,2021-04-07,1561,103791,552,46630,565,53647,444,3514,554,23674,1004,41660,996,65334,California
El Dorado,2021-04-08,2668,106459,1722,48352,710,54357,236,3750,1116,23480,1545,43205,1351,66685,California
El Dorado,2021-04-09,1405,107864,440,48792,747,55104,218,3968,556,23406,846,44051,772,67457,California
El Dorado,2021-04-10,815,108679,219,49011,487,55591,109,4077,472,23646,341,44392,581,68038,California
El Dorado,2021-04-11,695,109374,451,49462,228,55819,16,4093,204,23375,491,44883,220,68258,California
El Dorado,2021-04-12,1280,110654,499,49961,635,56454,146,4239,562,23372,711,45594,708,68966,California
El Dorado,2021-04-13,1116,111770,609,50570,507,56961,0,4239,509,23278,603,46197,509,69475,California
El Dorado,2021-04-14,1064,112834,434,51004,629,57590,1,4240,359,22946,692,46889,360,69835,California
El Dorado,2021-04-15,2480,115314,1671,52675,809,58399,0,4240,964,22398,1513,48402,965,70800,California
El Dorado,2021-04-16,1449,116763,513,53188,936,59335,0,4240,608,22171,836,49238,609,71409,California
El Dorado,2021-04-17,746,117509,195,53383,551,59886,0,4240,478,22382,267,49505,478,71887,California
El Dorado,2021-04-18,962,118471,75,53458,887,60773,0,4240,396,22213,565,50070,396,72283,California
El Dorado,2021-04-19,1696,120167,434,53892,1262,62035,0,4240,687,21897,1003,51073,687,72970,California
El Dorado,2021-04-20,1105,121272,354,54246,751,62786,0,4240,461,21718,640,51713,461,73431,California
El Dorado,2021-04-21,1119,122391,454,54700,662,63448,3,4243,565,21736,548,52261,566,73997,California
El Dorado,2021-04-22,2423,124814,1630,56330,793,64241,0,4243,984,21282,1438,53699,984,74981,California
El Dorado,2021-04-23,1268,126082,438,56768,830,65071,0,4243,619,21255,646,54345,619,75600,California
El Dorado,2021-04-24,756,126838,409,57177,347,65418,0,4243,584,21669,170,54515,584,76184,California
El Dorado,2021-04-25,529,127367,373,57550,156,65574,0,4243,380,21900,149,54664,380,76564,California
El Dorado,2021-04-26,873,128240,374,57924,487,66061,12,4255,427,21894,445,55109,439,77003,California
El Dorado,2021-04-27,739,128979,291,58215,423,66484,25,4280,341,21866,394,55503,366,77369,California
El Dorado,2021-04-28,221,129200,118,58333,102,66586,1,4281,125,21898,96,55599,128,77497,California
Fresno,2020-12-15,2,2,2,2,0,0,0,0,2,2,0,0,2,2,California
Fresno,2020-12-16,121,123,121,123,0,0,0,0,121,123,0,0,121,123,California
Fresno,2020-12-17,120,243,120,243,0,0,0,0,120,243,0,0,120,243,California
Fresno,2020-12-18,344,587,344,587,0,0,0,0,344,587,0,0,344,587,California
Fresno,2020-12-19,157,744,157,744,0,0,0,0,157,744,0,0,157,744,California
Fresno,2020-12-20,257,1001,255,999,2,2,0,0,257,1001,0,0,257,1001,California
Fresno,2020-12-21,925,1926,924,1923,1,3,0,0,957,1958,0,0,957,1958,California
Fresno,2020-12-22,901,2827,872,2795,29,32,0,0,905,2863,0,0,905,2863,California
Fresno,2020-12-23,1088,3915,1047,3842,41,73,0,0,1089,3952,0,0,1089,3952,California
Fresno,2020-12-24,581,4496,562,4404,19,92,0,0,581,4533,0,0,581,4533,California
Fresno,2020-12-25,2,4498,1,4405,1,93,0,0,2,4535,0,0,2,4535,California
Fresno,2020-12-26,722,5220,713,5118,9,102,0,0,722,5257,0,0,722,5257,California
Fresno,2020-12-27,300,5520,204,5322,96,198,0,0,300,5557,0,0,300,5557,California
Fresno,2020-12-28,1061,6581,774,6096,287,485,0,0,1061,6618,0,0,1061,6618,California
Fresno,2020-12-29,1769,8350,1040,7136,729,1214,0,0,1767,8384,1,1,1767,8385,California
Fresno,2020-12-30,981,9331,478,7614,503,1717,0,0,981,9365,0,1,981,9366,California
Fresno,2020-12-31,895,10226,310,7924,585,2302,0,0,894,10259,0,1,894,10260,California
Fresno,2021-01-01,9,10235,3,7927,6,2308,0,0,9,10268,0,1,9,10269,California
Fresno,2021-01-02,1031,11266,717,8644,314,2622,0,0,1031,11299,0,1,1031,11300,California
Fresno,2021-01-03,153,11419,128,8772,25,2647,0,0,153,11452,0,1,153,11453,California
Fresno,2021-01-04,612,12031,374,9146,238,2885,0,0,612,12064,0,1,612,12065,California
Fresno,2021-01-05,778,12809,312,9458,466,3351,0,0,704,12694,74,75,704,12769,California
Fresno,2021-01-06,974,13783,346,9804,628,3979,0,0,802,13324,172,247,802,13571,California
Fresno,2021-01-07,1887,15670,916,10720,971,4950,0,0,1633,14706,254,501,1636,15207,California
Fresno,2021-01-08,1780,17450,614,11334,1166,6116,0,0,1416,15760,362,863,1416,16623,California
Fresno,2021-01-09,628,18078,386,11720,242,6358,0,0,354,15840,274,1137,354,16977,California
Fresno,2021-01-10,515,18593,485,12205,30,6388,0,0,202,15729,313,1450,202,17179,California
Fresno,2021-01-11,2159,20752,1752,13957,407,6795,0,0,1466,16505,693,2143,1469,18648,California
Fresno,2021-01-12,2524,23276,1827,15784,697,7492,0,0,1677,17335,849,2992,1679,20327,California
Fresno,2021-01-13,3535,26811,2422,18206,1113,8605,0,0,2679,19160,856,3848,2681,23008,California
Fresno,2021-01-14,4147,30958,2198,20404,1949,10554,0,0,3677,22368,469,4317,3677,26685,California
Fresno,2021-01-15,3643,34601,2531,22935,1112,11666,0,0,3285,25299,358,4675,3289,29974,California
Fresno,2021-01-16,3150,37751,2308,25243,842,12508,0,0,2686,27523,463,5138,2687,32661,California
Fresno,2021-01-17,977,38728,555,25798,422,12930,0,0,779,28104,198,5336,779,33440,California
Fresno,2021-01-18,3072,41800,2367,28165,705,13635,0,0,2408,29852,662,5998,2410,35850,California
Fresno,2021-01-19,4325,46125,2540,30705,1785,15420,0,0,3676,32882,649,6647,3679,39529,California
Fresno,2021-01-20,2995,49120,1187,31892,1808,17228,0,0,2694,35277,302,6949,2697,42226,California
Fresno,2021-01-21,4348,53468,1999,33891,2349,19577,0,0,4001,38954,329,7278,4006,46232,California
Fresno,2021-01-22,3310,56778,1346,35237,1964,21541,0,0,2921,41504,372,7650,2922,49154,California
Fresno,2021-01-23,3043,59821,1969,37206,1074,22615,0,0,2320,43109,722,8372,2327,51481,California
Fresno,2021-01-24,552,60373,372,37578,180,22795,0,0,347,43254,205,8577,350,51831,California
Fresno,2021-01-25,2343,62716,864,38442,1479,24274,0,0,1856,44627,487,9064,1860,53691,California
Fresno,2021-01-26,2020,64736,585,39027,1435,25709,0,0,1316,45242,702,9766,1317,55008,California
Fresno,2021-01-27,2257,66993,1164,40191,1093,26802,0,0,1737,46463,519,10285,1740,56748,California
Fresno,2021-01-28,4490,71483,3053,43244,1437,28239,0,0,3472,48925,1014,11299,3476,60224,California
Fresno,2021-01-29,1701,73184,985,44229,716,28955,0,0,1404,50036,294,11593,1405,61629,California
Fresno,2021-01-30,1450,74634,551,44780,899,29854,0,0,1033,50653,417,12010,1034,62663,California
Fresno,2021-01-31,225,74859,216,44996,9,29863,0,0,71,50570,154,12164,71,62734,California
Fresno,2021-02-01,3330,78189,1664,46660,1666,31529,0,0,1817,50893,1512,13676,1835,64569,California
Fresno,2021-02-02,2716,80905,552,47212,2164,33693,0,0,1586,51379,1116,14792,1602,66171,California
Fresno,2021-02-03,3532,84437,2095,49307,1437,35130,0,0,1517,50896,2001,16793,1518,67689,California
Fresno,2021-02-04,4194,88631,1895,51202,2299,37429,0,0,1929,50595,2235,19028,1934,69623,California
Fresno,2021-02-05,5323,93954,2723,53925,2600,40029,0,0,2305,49889,3013,22041,2307,71930,California
Fresno,2021-02-06,2934,96888,2046,55971,888,40917,0,0,975,48910,1956,23997,977,72907,California
Fresno,2021-02-07,466,97354,286,56257,180,41097,0,0,272,48989,193,24190,272,73179,California
Fresno,2021-02-08,4275,101629,2293,58550,1982,43079,0,0,1812,48371,2439,26629,1821,75000,California
Fresno,2021-02-09,5329,106958,2082,60632,3247,46326,0,0,3119,49363,2135,28764,3127,78127,California
Fresno,2021-02-10,3878,110836,1235,61867,2643,48969,0,0,1986,49523,1837,30601,1997,80124,California
Fresno,2021-02-11,6442,117278,2089,63956,4353,53322,0,0,3380,49861,3047,33648,3385,83509,California
Fresno,2021-02-12,5374,122652,1383,65339,3991,57313,0,0,2742,49996,2613,36261,2748,86257,California
Fresno,2021-02-13,3731,126383,1547,66886,2184,59497,0,0,2080,50442,1640,37901,2086,88343,California
Fresno,2021-02-14,1562,127945,281,67167,1281,60778,0,0,849,50581,712,38613,851,89194,California
Fresno,2021-02-15,2887,130832,271,67438,2616,63394,0,0,1783,51268,1100,39713,1787,90981,California
Fresno,2021-02-16,6681,137513,2402,69840,4279,67673,0,0,4246,53103,2417,42130,4252,95233,California
Fresno,2021-02-17,5335,142848,2456,72296,2879,70552,0,0,2986,53788,2305,44435,2990,98223,California
Fresno,2021-02-18,6855,149703,2903,75199,3952,74504,0,0,2578,52149,4228,48663,2589,100812,California
Fresno,2021-02-19,3834,153537,1100,76299,2734,77238,0,0,1828,51984,1996,50659,1831,102643,California
Fresno,2021-02-20,4537,158074,2502,78801,2035,79273,0,0,3057,53574,1473,52132,3063,105706,California
Fresno,2021-02-21,188,158262,171,78972,17,79290,0,0,129,53657,46,52178,129,105835,California
Fresno,2021-02-22,2229,160491,1001,79973,1228,80518,0,0,1224,53889,996,53174,1228,107063,California
Fresno,2021-02-23,3883,164374,1474,81447,2409,82927,0,0,3024,56066,849,54023,3026,110089,California
Fresno,2021-02-24,4174,168548,1495,82942,2679,85606,0,0,3429,58764,734,54757,3432,113521,California
Fresno,2021-02-25,7478,176026,2519,85461,4959,90565,0,0,6021,63400,1392,56149,6028,119549,California
Fresno,2021-02-26,8319,184345,3037,88498,5282,95847,0,0,7039,69185,1259,57408,7044,126593,California
Fresno,2021-02-27,6292,190637,2201,90699,4091,99938,0,0,5606,74119,678,58086,5612,132205,California
Fresno,2021-02-28,1635,192272,530,91229,1105,101043,0,0,1549,75593,75,58161,1549,133754,California
Fresno,2021-03-01,4907,197179,1289,92518,3618,104661,0,0,3601,77906,1296,59457,3609,137363,California
Fresno,2021-03-02,8509,205688,2306,94824,6203,110864,0,0,7150,83744,1335,60792,7173,144536,California
Fresno,2021-03-03,6773,212461,1685,96509,5087,115951,1,1,5759,88618,1000,61792,5874,150410,California
Fresno,2021-03-04,8510,220971,2532,99041,5978,121929,0,1,6995,94132,1489,63281,7003,157413,California
Fresno,2021-03-05,7941,228912,2703,101744,5236,127165,2,3,6926,100251,884,64165,7003,164416,California
Fresno,2021-03-06,6464,235376,3541,105285,2806,129971,117,120,5518,104950,940,65105,5639,170055,California
Fresno,2021-03-07,1474,236850,676,105961,764,130735,34,154,1247,106007,225,65330,1282,171337,California
Fresno,2021-03-08,5042,241892,1998,107959,2892,133627,152,306,3869,108873,1166,66496,4032,175369,California
Fresno,2021-03-09,7067,248959,2385,110344,4412,138039,270,576,3955,110039,3094,69590,4260,179629,California
Fresno,2021-03-10,6614,255573,2742,113086,3480,141519,392,968,5219,114274,1385,70975,5620,185249,California
Fresno,2021-03-11,11345,266918,4541,117627,6235,147754,569,1537,6193,116002,5110,76085,6838,192087,California
Fresno,2021-03-12,11557,278475,4919,122546,6185,153939,453,1990,8567,122190,2973,79058,9161,201248,California
Fresno,2021-03-13,8158,286633,3898,126444,3237,157176,1023,3013,3916,122979,4223,83281,5012,206260,California
Fresno,2021-03-14,1747,288380,466,126910,1001,158177,280,3293,659,122837,1079,84360,937,207197,California
Fresno,2021-03-15,6945,295325,3025,129935,3750,161927,170,3463,4787,125833,2144,86504,5140,212337,California
Fresno,2021-03-16,10051,305376,4406,134341,5251,167178,394,3857,6044,128389,3978,90482,6534,218871,California
Fresno,2021-03-17,8521,313897,3869,138210,3957,171135,695,4552,5748,132457,2755,93237,6823,225694,California
Fresno,2021-03-18,12243,326140,6563,144773,5051,176186,629,5181,8019,137347,4181,97418,9071,234765,California
Fresno,2021-03-19,10746,336886,5625,150398,4507,180693,614,5795,7276,142087,3443,100861,8183,242948,California
Fresno,2021-03-20,7382,344268,4423,154821,2647,183340,312,6107,4523,144355,2836,103697,5104,248052,California
Fresno,2021-03-21,1772,346040,1200,156021,201,183541,371,6478,961,144881,807,104504,1333,249385,California
Fresno,2021-03-22,5636,351676,2887,158908,2154,185695,595,7073,3843,147741,1777,106281,4637,254022,California
Fresno,2021-03-23,10540,362216,5236,164144,4810,190505,494,7567,6074,150287,4449,110730,6995,261017,California
Fresno,2021-03-24,8597,370813,3632,167776,4136,194641,829,8396,4729,152062,3836,114566,5611,266628,California
Fresno,2021-03-25,12043,382856,5575,173351,5686,200327,782,9178,6183,153288,5821,120387,7047,273675,California
Fresno,2021-03-26,11995,394851,5324,178675,6028,206355,643,9821,5274,152547,6677,127064,5936,279611,California
Fresno,2021-03-27,9361,404212,4125,182800,4152,210507,1084,10905,2932,150172,6394,133458,4019,283630,California
Fresno,2021-03-28,3277,407489,1197,183997,1393,211900,687,11592,1255,150358,2015,135473,2201,285831,California
Fresno,2021-03-29,6000,413489,1977,185974,3481,215381,542,12134,2913,150763,3062,138535,3467,289298,California
Fresno,2021-03-30,10749,424238,4204,190178,5664,221045,881,13015,4456,149829,6270,144805,5336,294634,California
Fresno,2021-03-31,9215,433453,3310,193488,4927,225972,978,13993,3779,149186,5398,150203,4755,299389,California
Fresno,2021-04-01,11287,444740,4054,197542,6383,232355,850,14843,3912,146606,7301,157504,4721,304110,California
Fresno,2021-04-02,11484,456224,4394,201936,6305,238660,785,15628,4207,144479,7125,164629,4998,309108,California
Fresno,2021-04-03,6159,462383,3374,205310,2537,241197,248,15876,2218,143056,3927,168556,2504,311612,California
Fresno,2021-04-04,1488,463871,534,205844,911,242108,43,15919,564,142747,916,169472,607,312219,California
Fresno,2021-04-05,8233,472104,4445,210289,2994,245102,794,16713,2524,140434,5700,175172,3387,315606,California
Fresno,2021-04-06,9470,481574,3951,214240,4344,249446,1175,17888,3596,139376,5842,181014,4784,320390,California
Fresno,2021-04-07,10285,491859,5287,219527,3817,253263,1181,19069,3544,137422,6708,187722,4754,325144,California
Fresno,2021-04-08,10780,502639,5112,224639,4533,257796,1135,20204,3503,134865,7239,194961,4682,329826,California
Fresno,2021-04-09,10621,513260,5073,229712,4199,261995,1349,21553,3578,132810,7005,201966,4950,334776,California
Fresno,2021-04-10,7835,521095,5139,234851,2176,264171,520,22073,3727,132955,4103,206069,4248,339024,California
Fresno,2021-04-11,1388,522483,928,235779,370,264541,90,22163,450,132561,933,207002,539,339563,California
Fresno,2021-04-12,7094,529577,3757,239536,2432,266973,905,23068,2314,131021,4759,211761,3219,342782,California
Fresno,2021-04-13,8874,538451,4212,243748,4592,271565,70,23138,3500,129339,5344,217105,3662,346444,California
Fresno,2021-04-14,8800,547251,5129,248877,3671,275236,0,23138,3637,127890,5131,222236,3682,350126,California
Fresno,2021-04-15,7753,555004,3609,252486,4142,279378,2,23140,3001,126170,4726,226962,3006,353132,California
Fresno,2021-04-16,8915,563919,4225,256711,4688,284066,2,23142,3820,124941,5056,232018,3827,356959,California
Fresno,2021-04-17,5569,569488,3735,260446,1834,285900,0,23142,2720,124828,2834,234852,2721,359680,California
Fresno,2021-04-18,1018,570506,549,260995,469,286369,0,23142,474,124760,542,235394,474,360154,California
Fresno,2021-04-19,5406,575912,2928,263923,2474,288843,4,23146,2186,123764,3189,238583,2193,362347,California
Fresno,2021-04-20,6806,582718,3313,267236,3485,292328,8,23154,2543,122076,4240,242823,2552,364899,California
Fresno,2021-04-21,6162,588880,3397,270633,2757,295085,8,23162,2569,121089,3568,246391,2581,367480,California
Fresno,2021-04-22,6244,595124,3090,273723,3153,298238,1,23163,2300,119489,3903,250294,2303,369783,California
Fresno,2021-04-23,6595,601719,3611,277334,2961,301199,23,23186,2582,118107,3976,254270,2594,372377,California
Fresno,2021-04-24,3312,605031,2096,279430,1216,302415,0,23186,1578,117959,1726,255996,1578,373955,California
Fresno,2021-04-25,1088,606119,477,279907,610,303025,1,23187,512,117897,575,256571,513,374468,California
Fresno,2021-04-26,3311,609430,1601,281508,1678,304703,32,23219,1392,117422,1900,258471,1425,375893,California
Fresno,2021-04-27,3567,612997,1721,283229,1754,306457,92,23311,1352,116662,2203,260674,1443,377336,California
Fresno,2021-04-28,1948,614945,1030,284259,873,307330,45,23356,875,116519,1062,261736,919,378255,California
Glenn,2020-12-17,1,1,1,1,0,0,0,0,1,1,0,0,1,1,California
Glenn,2020-12-19,1,2,1,2,0,0,0,0,1,2,0,0,1,2,California
Glenn,2020-12-20,1,3,1,3,0,0,0,0,1,3,0,0,1,3,California
Glenn,2020-12-21,11,14,11,14,0,0,0,0,11,14,0,0,11,14,California
Glenn,2020-12-22,59,73,59,73,0,0,0,0,59,73,0,0,59,73,California
Glenn,2020-12-23,27,100,27,100,0,0,0,0,27,100,0,0,27,100,California
Glenn,2020-12-24,9,109,9,109,0,0,0,0,9,109,0,0,9,109,California
Glenn,2020-12-26,2,111,2,111,0,0,0,0,2,111,0,0,2,111,California
Glenn,2020-12-27,4,115,4,115,0,0,0,0,4,115,0,0,4,115,California
Glenn,2020-12-28,21,136,21,136,0,0,0,0,21,136,0,0,21,136,California
Glenn,2020-12-29,82,218,82,218,0,0,0,0,82,218,0,0,82,218,California
Glenn,2020-12-30,128,346,106,324,22,22,0,0,128,346,0,0,128,346,California
Glenn,2020-12-31,38,384,9,333,29,51,0,0,38,384,0,0,38,384,California
Glenn,2021-01-02,2,386,2,335,0,51,0,0,2,386,0,0,2,386,California
Glenn,2021-01-04,7,393,5,340,2,53,0,0,7,393,0,0,7,393,California
Glenn,2021-01-05,9,402,8,348,1,54,0,0,9,402,0,0,9,402,California
Glenn,2021-01-06,60,462,8,356,52,106,0,0,60,462,0,0,60,462,California
Glenn,2021-01-07,67,529,12,368,55,161,0,0,65,525,2,2,65,527,California
Glenn,2021-01-08,11,540,9,377,2,163,0,0,11,536,0,2,11,538,California
Glenn,2021-01-10,1,541,1,378,0,163,0,0,0,535,1,3,0,538,California
Glenn,2021-01-11,30,571,30,408,0,163,0,0,12,529,18,21,12,550,California
Glenn,2021-01-12,42,613,37,445,5,168,0,0,14,515,28,49,14,564,California
Glenn,2021-01-13,153,766,88,533,65,233,0,0,109,580,44,93,109,673,California
Glenn,2021-01-14,185,951,96,629,89,322,0,0,175,745,10,103,175,848,California
Glenn,2021-01-15,42,993,34,663,8,330,0,0,37,777,5,108,37,885,California
Glenn,2021-01-16,34,1027,14,677,20,350,0,0,24,791,10,118,24,909,California
Glenn,2021-01-17,4,1031,2,679,2,352,0,0,2,791,2,120,2,911,California
Glenn,2021-01-18,17,1048,16,695,1,353,0,0,9,792,8,128,9,920,California
Glenn,2021-01-19,31,1079,20,715,11,364,0,0,14,789,17,145,14,934,California
Glenn,2021-01-20,163,1242,94,809,69,433,0,0,82,790,81,226,82,1016,California
Glenn,2021-01-21,124,1366,98,907,26,459,0,0,30,726,94,320,30,1046,California
Glenn,2021-01-22,337,1703,63,970,274,733,0,0,330,1049,7,327,330,1376,California
Glenn,2021-01-23,14,1717,7,977,7,740,0,0,12,1059,2,329,12,1388,California
Glenn,2021-01-24,2,1719,2,979,0,740,0,0,2,1061,0,329,2,1390,California
Glenn,2021-01-25,27,1746,9,988,18,758,0,0,24,1082,3,332,24,1414,California
Glenn,2021-01-26,29,1775,13,1001,16,774,0,0,23,1099,6,338,23,1437,California
Glenn,2021-01-27,187,1962,13,1014,174,948,0,0,166,1244,21,359,166,1603,California
Glenn,2021-01-28,146,2108,8,1022,138,1086,0,0,116,1330,30,389,116,1719,California
Glenn,2021-01-29,296,2404,12,1034,284,1370,0,0,282,1598,14,403,282,2001,California
Glenn,2021-01-30,5,2409,0,1034,5,1375,0,0,5,1603,0,403,5,2006,California
Glenn,2021-01-31,1,2410,0,1034,1,1376,0,0,1,1604,0,403,1,2007,California
Glenn,2021-02-01,28,2438,10,1044,18,1394,0,0,16,1608,12,415,16,2023,California
Glenn,2021-02-02,28,2466,13,1057,15,1409,0,0,19,1618,9,424,19,2042,California
Glenn,2021-02-03,207,2673,58,1115,149,1558,0,0,112,1635,95,519,112,2154,California
Glenn,2021-02-04,150,2823,84,1199,66,1624,0,0,45,1575,105,624,45,2199,California
Glenn,2021-02-05,319,3142,24,1223,295,1919,0,0,300,1856,19,643,300,2499,California
Glenn,2021-02-06,14,3156,2,1225,12,1931,0,0,13,1868,1,644,13,2512,California
Glenn,2021-02-07,2,3158,2,1227,0,1931,0,0,2,1870,0,644,2,2514,California
Glenn,2021-02-08,21,3179,17,1244,4,1935,0,0,4,1857,17,661,4,2518,California
Glenn,2021-02-09,49,3228,20,1264,29,1964,0,0,36,1880,13,674,36,2554,California
Glenn,2021-02-10,138,3366,19,1283,119,2083,0,0,64,1870,74,748,64,2618,California
Glenn,2021-02-11,232,3598,132,1415,100,2183,0,0,149,1936,83,831,149,2767,California
Glenn,2021-02-12,420,4018,99,1514,321,2504,0,0,356,2228,64,895,356,3123,California
Glenn,2021-02-13,34,4052,7,1521,27,2531,0,0,16,2226,18,913,16,3139,California
Glenn,2021-02-14,1,4053,0,1521,1,2532,0,0,1,2227,0,913,1,3140,California
Glenn,2021-02-15,8,4061,0,1521,8,2540,0,0,8,2235,0,913,8,3148,California
Glenn,2021-02-16,39,4100,9,1530,30,2570,0,0,21,2238,18,931,21,3169,California
Glenn,2021-02-17,380,4480,15,1545,365,2935,0,0,302,2462,78,1009,302,3471,California
Glenn,2021-02-18,135,4615,100,1645,35,2970,0,0,111,2549,24,1033,111,3582,California
Glenn,2021-02-19,303,4918,17,1662,286,3256,0,0,29,2304,274,1307,29,3611,California
Glenn,2021-02-20,8,4926,0,1662,8,3264,0,0,0,2296,8,1315,0,3611,California
Glenn,2021-02-22,33,4959,14,1676,19,3283,0,0,17,2297,16,1331,17,3628,California
Glenn,2021-02-23,40,4999,10,1686,30,3313,0,0,28,2313,12,1343,28,3656,California
Glenn,2021-02-24,221,5220,15,1701,206,3519,0,0,47,2186,174,1517,47,3703,California
Glenn,2021-02-25,262,5482,148,1849,114,3633,0,0,118,2160,144,1661,118,3821,California
Glenn,2021-02-26,304,5786,24,1873,280,3913,0,0,20,1897,283,1944,20,3841,California
Glenn,2021-02-27,15,5801,5,1878,10,3923,0,0,5,1893,9,1953,5,3846,California
Glenn,2021-02-28,6,5807,3,1881,3,3926,0,0,3,1894,2,1955,3,3849,California
Glenn,2021-03-01,28,5835,6,1887,22,3948,0,0,12,1890,16,1971,12,3861,California
Glenn,2021-03-02,35,5870,7,1894,28,3976,0,0,17,1889,18,1989,17,3878,California
Glenn,2021-03-03,193,6063,37,1931,156,4132,0,0,101,1899,91,2080,101,3979,California
Glenn,2021-03-04,521,6584,176,2107,345,4477,0,0,376,2130,145,2225,376,4355,California
Glenn,2021-03-05,355,6939,47,2154,308,4785,0,0,34,1843,321,2546,34,4389,California
Glenn,2021-03-06,26,6965,3,2157,22,4807,1,1,9,1836,17,2563,10,4399,California
Glenn,2021-03-07,5,6970,0,2157,5,4812,0,1,3,1838,1,2564,3,4402,California
Glenn,2021-03-08,20,6990,2,2159,17,4829,1,2,18,1855,2,2566,19,4421,California
Glenn,2021-03-09,82,7072,11,2170,68,4897,3,5,54,1883,28,2594,56,4477,California
Glenn,2021-03-10,171,7243,68,2238,101,4998,2,7,95,1904,76,2670,97,4574,California
Glenn,2021-03-11,584,7827,170,2408,391,5389,23,30,454,2251,130,2800,477,5051,California
Glenn,2021-03-12,417,8244,14,2422,342,5731,61,91,41,1977,376,3176,102,5153,California
Glenn,2021-03-13,12,8256,1,2423,3,5734,8,99,1,1975,11,3187,9,5162,California
Glenn,2021-03-14,3,8259,1,2424,2,5736,0,99,2,1976,1,3188,2,5164,California
Glenn,2021-03-15,75,8334,15,2439,55,5791,5,104,60,2026,15,3203,65,5229,California
Glenn,2021-03-16,107,8441,33,2472,63,5854,11,115,66,2062,41,3244,77,5306,California
Glenn,2021-03-17,417,8858,97,2569,313,6167,7,122,116,1882,301,3545,121,5427,California
Glenn,2021-03-18,520,9378,214,2783,50,6217,256,378,145,1907,375,3920,400,5827,California
Glenn,2021-03-19,91,9469,16,2799,69,6286,6,384,70,1963,20,3940,76,5903,California
Glenn,2021-03-20,121,9590,1,2800,119,6405,1,385,119,2081,2,3942,120,6023,California
Glenn,2021-03-21,6,9596,5,2805,0,6405,1,386,3,2083,2,3944,4,6027,California
Glenn,2021-03-22,116,9712,53,2858,55,6460,8,394,96,2169,18,3962,104,6131,California
Glenn,2021-03-23,173,9885,66,2924,56,6516,51,445,100,2248,72,4034,151,6282,California
Glenn,2021-03-24,205,10090,100,3024,100,6616,5,450,133,2315,71,4105,138,6420,California
Glenn,2021-03-25,455,10545,226,3250,135,6751,94,544,326,2607,128,4233,420,6840,California
Glenn,2021-03-26,227,10772,35,3285,156,6907,36,580,177,2770,50,4283,213,7053,California
Glenn,2021-03-27,151,10923,21,3306,125,7032,5,585,140,2905,10,4293,145,7198,California
Glenn,2021-03-28,15,10938,10,3316,5,7037,0,585,10,2910,5,4298,10,7208,California
Glenn,2021-03-29,58,10996,19,3335,36,7073,3,588,44,2943,14,4312,47,7255,California
Glenn,2021-03-30,73,11069,41,3376,31,7104,1,589,42,2957,29,4341,43,7298,California
Glenn,2021-03-31,125,11194,35,3411,89,7193,1,590,54,2942,70,4411,55,7353,California
Glenn,2021-04-01,637,11831,182,3593,446,7639,9,599,226,2768,409,4820,235,7588,California
Glenn,2021-04-02,158,11989,25,3618,121,7760,12,611,122,2866,36,4856,134,7722,California
Glenn,2021-04-03,91,12080,4,3622,80,7840,7,618,80,2942,11,4867,87,7809,California
Glenn,2021-04-04,8,12088,3,3625,3,7843,2,620,4,2944,4,4871,6,7815,California
Glenn,2021-04-05,65,12153,25,3650,27,7870,13,633,28,2948,37,4908,41,7856,California
Glenn,2021-04-06,144,12297,52,3702,53,7923,39,672,38,2919,105,5013,76,7932,California
Glenn,2021-04-07,159,12456,46,3748,59,7982,54,726,73,2960,86,5099,127,8059,California
Glenn,2021-04-08,638,13094,188,3936,416,8398,34,760,137,2632,499,5598,171,8230,California
Glenn,2021-04-09,158,13252,58,3994,84,8482,16,776,101,2692,57,5655,117,8347,California
Glenn,2021-04-10,75,13327,1,3995,63,8545,11,787,63,2754,12,5667,74,8421,California
Glenn,2021-04-11,17,13344,8,4003,4,8549,5,792,7,2756,10,5677,12,8433,California
Glenn,2021-04-12,114,13458,24,4027,61,8610,29,821,20,2711,94,5771,49,8482,California
Glenn,2021-04-13,117,13575,63,4090,54,8664,0,821,31,2657,85,5856,31,8513,California
Glenn,2021-04-14,121,13696,46,4136,75,8739,0,821,66,2668,55,5911,66,8579,California
Glenn,2021-04-15,361,14057,274,4410,87,8826,0,821,124,2555,237,6148,124,8703,California
Glenn,2021-04-16,164,14221,40,4450,124,8950,0,821,81,2553,83,6231,81,8784,California
Glenn,2021-04-17,163,14384,16,4466,147,9097,0,821,35,2466,122,6353,35,8819,California
Glenn,2021-04-18,16,14400,3,4469,13,9110,0,821,13,2476,3,6356,13,8832,California
Glenn,2021-04-19,82,14482,17,4486,65,9175,0,821,27,2449,54,6410,27,8859,California
Glenn,2021-04-20,126,14608,81,4567,45,9220,0,821,57,2437,69,6479,57,8916,California
Glenn,2021-04-21,407,15015,304,4871,103,9323,0,821,282,2594,125,6604,282,9198,California
Glenn,2021-04-22,207,15222,47,4918,160,9483,0,821,44,2476,162,6766,44,9242,California
Glenn,2021-04-23,166,15388,24,4942,142,9625,0,821,46,2403,119,6885,46,9288,California
Glenn,2021-04-24,168,15556,20,4962,148,9773,0,821,39,2313,129,7014,39,9327,California
Glenn,2021-04-25,11,15567,7,4969,4,9777,0,821,8,2318,3,7017,8,9335,California
Glenn,2021-04-26,39,15606,6,4975,33,9810,0,821,17,2313,22,7039,17,9352,California
Glenn,2021-04-27,41,15647,32,5007,8,9818,1,822,23,2319,17,7056,23,9375,California
Glenn,2021-04-28,149,15796,103,5110,39,9857,7,829,64,2305,85,7141,71,9446,California
Humboldt,2020-12-15,2,2,2,2,0,0,0,0,2,2,0,0,2,2,California
Humboldt,2020-12-16,15,17,15,17,0,0,0,0,15,17,0,0,15,17,California
Humboldt,2020-12-17,117,134,117,134,0,0,0,0,117,134,0,0,117,134,California
Humboldt,2020-12-18,176,310,176,310,0,0,0,0,176,310,0,0,176,310,California
Humboldt,2020-12-19,10,320,10,320,0,0,0,0,10,320,0,0,10,320,California
Humboldt,2020-12-20,28,348,28,348,0,0,0,0,28,348,0,0,28,348,California
Humboldt,2020-12-21,165,513,165,513,0,0,0,0,165,513,0,0,165,513,California
Humboldt,2020-12-22,293,806,293,806,0,0,0,0,293,806,0,0,293,806,California
Humboldt,2020-12-23,310,1116,262,1068,48,48,0,0,311,1117,0,0,311,1117,California
Humboldt,2020-12-24,25,1141,2,1070,23,71,0,0,25,1142,0,0,25,1142,California
Humboldt,2020-12-25,2,1143,2,1072,0,71,0,0,2,1144,0,0,2,1144,California
Humboldt,2020-12-26,6,1149,5,1077,1,72,0,0,6,1150,0,0,6,1150,California
Humboldt,2020-12-28,154,1303,144,1221,10,82,0,0,154,1304,0,0,154,1304,California
Humboldt,2020-12-29,167,1470,124,1345,43,125,0,0,167,1471,0,0,167,1471,California
Humboldt,2020-12-30,223,1693,124,1469,99,224,0,0,223,1694,0,0,223,1694,California
Humboldt,2020-12-31,242,1935,79,1548,163,387,0,0,242,1936,0,0,242,1936,California
Humboldt,2021-01-01,2,1937,1,1549,1,388,0,0,2,1938,0,0,2,1938,California
Humboldt,2021-01-02,38,1975,1,1550,37,425,0,0,38,1976,0,0,38,1976,California
Humboldt,2021-01-04,217,2192,142,1692,75,500,0,0,218,2194,0,0,218,2194,California
Humboldt,2021-01-05,128,2320,18,1710,110,610,0,0,127,2320,1,1,127,2321,California
Humboldt,2021-01-06,302,2622,203,1913,99,709,0,0,230,2489,61,62,230,2551,California
Humboldt,2021-01-07,417,3039,305,2218,112,821,0,0,304,2695,98,160,304,2855,California
Humboldt,2021-01-08,419,3458,279,2497,140,961,0,0,284,2848,131,291,284,3139,California
Humboldt,2021-01-09,69,3527,45,2542,24,985,0,0,66,2912,3,294,67,3206,California
Humboldt,2021-01-10,84,3611,84,2626,0,985,0,0,4,2836,80,374,4,3210,California
Humboldt,2021-01-11,287,3898,276,2902,11,996,0,0,72,2697,211,585,72,3282,California
Humboldt,2021-01-12,480,4378,317,3219,163,1159,0,0,298,2835,160,745,298,3580,California
Humboldt,2021-01-13,481,4859,275,3494,206,1365,0,0,304,2966,174,919,305,3885,California
Humboldt,2021-01-14,518,5377,161,3655,357,1722,0,0,462,3373,56,975,463,4348,California
Humboldt,2021-01-15,374,5751,39,3694,335,2057,0,0,357,3713,17,992,357,4705,California
Humboldt,2021-01-16,170,5921,6,3700,164,2221,0,0,169,3881,1,993,169,4874,California
Humboldt,2021-01-17,6,5927,4,3704,2,2223,0,0,6,3887,0,993,6,4880,California
Humboldt,2021-01-18,292,6219,257,3961,35,2258,0,0,143,3881,149,1142,143,5023,California
Humboldt,2021-01-19,626,6845,372,4333,254,2512,0,0,499,4259,121,1263,499,5522,California
Humboldt,2021-01-20,911,7756,401,4734,510,3022,0,0,763,4885,139,1402,765,6287,California
Humboldt,2021-01-21,956,8712,260,4994,696,3718,0,0,915,5759,41,1443,915,7202,California
Humboldt,2021-01-22,675,9387,376,5370,299,4017,0,0,667,6418,8,1451,667,7869,California
Humboldt,2021-01-23,800,10187,271,5641,529,4546,0,0,791,7201,9,1460,792,8661,California
Humboldt,2021-01-24,226,10413,1,5642,225,4771,0,0,225,7425,1,1461,225,8886,California
Humboldt,2021-01-25,303,10716,232,5874,71,4842,0,0,149,7420,154,1615,149,9035,California
Humboldt,2021-01-26,526,11242,141,6015,385,5227,0,0,479,7852,47,1662,479,9514,California
Humboldt,2021-01-27,1260,12502,587,6602,673,5900,0,0,1195,8990,58,1720,1196,10710,California
Humboldt,2021-01-28,1454,13956,633,7235,821,6721,0,0,1319,10179,132,1852,1321,12031,California
Humboldt,2021-01-29,1131,15087,545,7780,586,7307,0,0,711,10472,420,2272,713,12744,California
Humboldt,2021-01-30,973,16060,458,8238,515,7822,0,0,961,11422,12,2284,962,13706,California
Humboldt,2021-01-31,311,16371,310,8548,1,7823,0,0,310,11731,1,2285,310,14016,California
Humboldt,2021-02-01,333,16704,192,8740,141,7964,0,0,189,11777,143,2428,189,14205,California
Humboldt,2021-02-02,443,17147,74,8814,369,8333,0,0,339,12017,101,2529,341,14546,California
Humboldt,2021-02-03,654,17801,259,9073,395,8728,0,0,504,12371,150,2679,504,15050,California
Humboldt,2021-02-04,638,18439,262,9335,376,9104,0,0,441,12618,194,2873,441,15491,California
Humboldt,2021-02-05,811,19250,94,9429,717,9821,0,0,625,13057,186,3059,625,16116,California
Humboldt,2021-02-06,1054,20304,444,9873,610,10431,0,0,1013,14031,40,3099,1014,17130,California
Humboldt,2021-02-07,377,20681,7,9880,370,10801,0,0,373,14401,4,3103,374,17504,California
Humboldt,2021-02-08,325,21006,142,10022,183,10984,0,0,184,14445,140,3243,184,17688,California
Humboldt,2021-02-09,495,21501,218,10240,277,11261,0,0,180,14310,315,3558,180,17868,California
Humboldt,2021-02-10,562,22063,369,10609,193,11454,0,0,232,14217,325,3883,232,18100,California
Humboldt,2021-02-11,1292,23355,392,11001,900,12354,0,0,511,13950,778,4661,511,18611,California
Humboldt,2021-02-12,1145,24500,733,11734,412,12766,0,0,705,14215,440,5101,705,19316,California
Humboldt,2021-02-13,1499,25999,552,12286,947,13713,0,0,911,14540,586,5687,911,20227,California
Humboldt,2021-02-14,112,26111,5,12291,107,13820,0,0,109,14647,2,5689,109,20336,California
Humboldt,2021-02-15,293,26404,78,12369,215,14035,0,0,196,14746,97,5786,196,20532,California
Humboldt,2021-02-16,535,26939,117,12486,418,14453,0,0,253,14718,282,6068,254,20786,California
Humboldt,2021-02-17,452,27391,280,12766,172,14625,0,0,137,14540,315,6383,137,20923,California
Humboldt,2021-02-18,967,28358,596,13362,371,14996,0,0,230,14034,736,7119,230,21153,California
Humboldt,2021-02-19,477,28835,435,13797,42,15038,0,0,91,13742,383,7502,91,21244,California
Humboldt,2021-02-20,1585,30420,978,14775,607,15645,0,0,475,13112,1107,8609,477,21721,California
Humboldt,2021-02-21,480,30900,472,15247,8,15653,0,0,184,13001,296,8905,185,21906,California
Humboldt,2021-02-22,125,31025,91,15338,34,15687,0,0,26,12930,97,9002,26,21932,California
Humboldt,2021-02-23,173,31198,70,15408,103,15790,0,0,40,12839,131,9133,40,21972,California
Humboldt,2021-02-24,1148,32346,690,16098,458,16248,0,0,570,12832,577,9710,570,22542,California
Humboldt,2021-02-25,830,33176,316,16414,514,16762,0,0,228,12460,600,10310,228,22770,California
Humboldt,2021-02-26,2143,35319,106,16520,2037,18799,0,0,455,11233,1682,11992,455,23225,California
Humboldt,2021-02-27,1689,37008,1073,17593,616,19415,0,0,868,11286,819,12811,872,24097,California
Humboldt,2021-02-28,122,37130,11,17604,111,19526,0,0,117,11398,5,12816,117,24214,California
Humboldt,2021-03-01,257,37387,47,17651,210,19736,0,0,182,11505,75,12891,182,24396,California
Humboldt,2021-03-02,286,37673,48,17699,238,19974,0,0,156,11531,130,13021,156,24552,California
Humboldt,2021-03-03,1646,39319,1096,18795,550,20524,0,0,1220,12332,420,13441,1221,25773,California
Humboldt,2021-03-04,886,40205,111,18906,775,21299,0,0,268,11984,618,14059,270,26043,California
Humboldt,2021-03-05,932,41137,182,19088,739,22038,11,11,378,11823,550,14609,389,26432,California
Humboldt,2021-03-06,1692,42829,837,19925,806,22844,49,60,710,11601,981,15590,759,27191,California
Humboldt,2021-03-07,363,43192,295,20220,50,22894,18,78,158,11572,205,15795,176,27367,California
Humboldt,2021-03-08,258,43450,7,20227,173,23067,78,156,164,11720,94,15889,242,27609,California
Humboldt,2021-03-09,458,43908,201,20428,112,23179,145,301,214,11837,242,16131,359,27968,California
Humboldt,2021-03-10,681,44589,466,20894,62,23241,153,454,412,12132,268,16399,563,28531,California
Humboldt,2021-03-11,1420,46009,461,21355,859,24100,100,554,601,12015,817,17216,700,29231,California
Humboldt,2021-03-12,1739,47748,1083,22438,435,24535,221,775,1049,12605,682,17898,1272,30503,California
Humboldt,2021-03-13,1568,49316,1021,23459,495,25030,52,827,679,12453,883,18781,731,31234,California
Humboldt,2021-03-14,148,49464,18,23477,121,25151,9,836,34,12382,114,18895,43,31277,California
Humboldt,2021-03-15,268,49732,51,23528,197,25348,20,856,51,12236,217,19112,71,31348,California
Humboldt,2021-03-16,632,50364,200,23728,172,25520,260,1116,258,12379,373,19485,516,31864,California
Humboldt,2021-03-17,728,51092,397,24125,223,25743,108,1224,335,12430,392,19877,443,32307,California
Humboldt,2021-03-18,1731,52823,1164,25289,524,26267,43,1267,1037,12821,689,20566,1080,33387,California
Humboldt,2021-03-19,1073,53896,58,25347,701,26968,314,1581,440,12945,630,21196,754,34141,California
Humboldt,2021-03-20,1372,55268,750,26097,609,27577,13,1594,426,12441,944,22140,440,34581,California
Humboldt,2021-03-21,247,55515,33,26130,185,27762,29,1623,200,12623,47,22187,229,34810,California
Humboldt,2021-03-22,111,55626,15,26145,47,27809,49,1672,56,12674,54,22241,105,34915,California
Humboldt,2021-03-23,408,56034,40,26185,325,28134,43,1715,318,12947,88,22329,361,35276,California
Humboldt,2021-03-24,1412,57446,389,26574,976,29110,47,1762,1038,13664,366,22695,1083,36359,California
Humboldt,2021-03-25,1828,59274,1203,27777,563,29673,62,1824,944,13788,882,23577,1006,37365,California
Humboldt,2021-03-26,2032,61306,434,28211,1543,31216,55,1879,1591,14997,436,24013,1645,39010,California
Humboldt,2021-03-27,1925,63231,1437,29648,320,31536,168,2047,1061,15366,860,24873,1229,40239,California
Humboldt,2021-03-28,265,63496,79,29727,115,31651,71,2118,83,15339,182,25055,155,40394,California
Humboldt,2021-03-29,467,63963,125,29852,247,31898,95,2213,198,15363,268,25323,292,40686,California
Humboldt,2021-03-30,932,64895,300,30152,518,32416,114,2327,558,15664,370,25693,671,41357,California
Humboldt,2021-03-31,1847,66742,516,30668,1235,33651,96,2423,1395,16709,448,26141,1493,42850,California
Humboldt,2021-04-01,2084,68826,694,31362,1301,34952,89,2512,1473,17667,604,26745,1562,44412,California
Humboldt,2021-04-02,1688,70514,1100,32462,485,35437,103,2615,597,17282,1085,27830,700,45112,California
Humboldt,2021-04-03,1650,72164,1494,33956,140,35577,16,2631,669,16996,971,28801,685,45797,California
Humboldt,2021-04-04,470,72634,360,34316,101,35678,9,2640,396,17328,74,28875,406,46203,California
Humboldt,2021-04-05,755,73389,454,34770,253,35931,48,2688,436,17495,317,29192,484,46687,California
Humboldt,2021-04-06,813,74202,311,35081,368,36299,134,2822,577,17975,230,29422,710,47397,California
Humboldt,2021-04-07,1475,75677,1054,36135,283,36582,138,2960,983,18606,490,29912,1121,48518,California
Humboldt,2021-04-08,1641,77318,1058,37193,458,37040,125,3085,704,18499,936,30848,829,49347,California
Humboldt,2021-04-09,1407,78725,431,37624,825,37865,151,3236,1134,19505,273,31121,1279,50626,California
Humboldt,2021-04-10,922,79647,134,37758,614,38479,174,3410,727,20211,194,31315,900,51526,California
Humboldt,2021-04-11,641,80288,136,37894,39,38518,466,3876,126,20287,515,31830,591,52117,California
Humboldt,2021-04-12,410,80698,222,38116,75,38593,113,3989,273,20536,137,31967,386,52503,California
Humboldt,2021-04-13,582,81280,321,38437,258,38851,3,3992,547,21053,32,31999,549,53052,California
Humboldt,2021-04-14,1409,82689,1029,39466,380,39231,0,3992,1309,22263,99,32098,1309,54361,California
Humboldt,2021-04-15,1796,84485,1194,40660,598,39829,4,3996,1238,22963,540,32638,1240,55601,California
Humboldt,2021-04-16,1112,85597,507,41167,605,40434,0,3996,534,22925,575,33213,537,56138,California
Humboldt,2021-04-17,1565,87162,1245,42412,320,40754,0,3996,1010,23386,549,33762,1010,57148,California
Humboldt,2021-04-18,473,87635,341,42753,132,40886,0,3996,91,23099,378,34140,91,57239,California
Humboldt,2021-04-19,147,87782,54,42807,93,40979,0,3996,67,23086,80,34220,67,57306,California
Humboldt,2021-04-20,456,88238,115,42922,341,41320,0,3996,220,23071,235,34455,220,57526,California
Humboldt,2021-04-21,1021,89259,351,43273,670,41990,0,3996,398,22856,614,35069,399,57925,California
Humboldt,2021-04-22,856,90115,508,43781,346,42336,2,3998,434,22871,420,35489,435,58360,California
Humboldt,2021-04-23,2118,92233,286,44067,1832,44168,0,3998,303,21363,1811,37300,303,58663,California
Humboldt,2021-04-24,784,93017,703,44770,76,44244,5,4003,299,21182,485,37785,304,58967,California
Humboldt,2021-04-25,330,93347,226,44996,104,44348,0,4003,164,21181,165,37950,164,59131,California
Humboldt,2021-04-26,215,93562,158,45154,56,44404,1,4004,62,21091,153,38103,63,59194,California
Humboldt,2021-04-27,533,94095,171,45325,346,44750,16,4020,112,20800,419,38522,128,59322,California
Humboldt,2021-04-28,714,94809,279,45604,427,45177,8,4028,190,20476,523,39045,199,59521,California
Imperial,2020-12-16,1,1,1,1,0,0,0,0,1,1,0,0,1,1,California
Imperial,2020-12-17,4,5,4,5,0,0,0,0,4,5,0,0,4,5,California
Imperial,2020-12-18,11,16,11,16,0,0,0,0,11,16,0,0,11,16,California
Imperial,2020-12-20,2,18,2,18,0,0,0,0,2,18,0,0,2,18,California
Imperial,2020-12-21,186,204,186,204,0,0,0,0,186,204,0,0,186,204,California
Imperial,2020-12-22,241,445,239,443,2,2,0,0,241,445,0,0,241,445,California
Imperial,2020-12-23,211,656,210,653,1,3,0,0,210,655,0,0,210,655,California
Imperial,2020-12-24,5,661,5,658,0,3,0,0,5,660,0,0,5,660,California
Imperial,2020-12-26,1,662,0,658,1,4,0,0,1,661,0,0,1,661,California
Imperial,2020-12-27,62,724,0,658,62,66,0,0,62,723,0,0,62,723,California
Imperial,2020-12-28,214,938,114,772,100,166,0,0,214,937,0,0,214,937,California
Imperial,2020-12-29,189,1127,36,808,153,319,0,0,189,1126,0,0,189,1126,California
Imperial,2020-12-30,366,1493,50,858,316,635,0,0,366,1492,0,0,366,1492,California
Imperial,2020-12-31,197,1690,26,884,171,806,0,0,197,1689,0,0,197,1689,California
Imperial,2021-01-01,46,1736,5,889,41,847,0,0,46,1735,0,0,46,1735,California
Imperial,2021-01-02,4,1740,0,889,4,851,0,0,4,1739,0,0,4,1739,California
Imperial,2021-01-03,90,1830,0,889,90,941,0,0,90,1829,0,0,90,1829,California
Imperial,2021-01-04,85,1915,5,894,80,1021,0,0,85,1914,0,0,85,1914,California
Imperial,2021-01-05,172,2087,13,907,159,1180,0,0,172,2086,0,0,172,2086,California
Imperial,2021-01-06,190,2277,25,932,165,1345,0,0,189,2274,1,1,189,2275,California
Imperial,2021-01-07,319,2596,9,941,310,1655,0,0,316,2587,3,4,316,2591,California
Imperial,2021-01-08,190,2786,50,991,140,1795,0,0,181,2759,9,13,181,2772,California
Imperial,2021-01-09,24,2810,21,1012,3,1798,0,0,24,2783,0,13,24,2796,California
Imperial,2021-01-10,1,2811,0,1012,1,1799,0,0,1,2784,0,13,1,2797,California
Imperial,2021-01-11,403,3214,244,1256,159,1958,0,0,175,2731,228,241,175,2972,California
Imperial,2021-01-12,403,3617,301,1557,102,2060,0,0,141,2611,261,502,141,3113,California
Imperial,2021-01-13,379,3996,132,1689,247,2307,0,0,280,2792,99,601,280,3393,California
Imperial,2021-01-14,260,4256,151,1840,109,2416,0,0,254,3041,5,606,254,3647,California
Imperial,2021-01-15,240,4496,182,2022,58,2474,0,0,233,3267,7,613,233,3880,California
Imperial,2021-01-16,76,4572,72,2094,4,2478,0,0,75,3341,1,614,75,3955,California
Imperial,2021-01-17,10,4582,2,2096,8,2486,0,0,10,3351,0,614,10,3965,California
Imperial,2021-01-18,1056,5638,401,2497,655,3141,0,0,957,4210,99,713,958,4923,California
Imperial,2021-01-19,164,5802,128,2625,36,3177,0,0,117,4280,47,760,117,5040,California
Imperial,2021-01-20,292,6094,195,2820,97,3274,0,0,254,4496,38,798,254,5294,California
Imperial,2021-01-21,415,6509,183,3003,232,3506,0,0,395,4871,20,818,395,5689,California
Imperial,2021-01-22,456,6965,189,3192,267,3773,0,0,447,5309,9,827,447,6136,California
Imperial,2021-01-23,1041,8006,290,3482,751,4524,0,0,1040,6348,1,828,1040,7176,California
Imperial,2021-01-24,10,8016,3,3485,7,4531,0,0,10,6358,0,828,10,7186,California
Imperial,2021-01-25,213,8229,5,3490,208,4739,0,0,34,6214,178,1006,34,7220,California
Imperial,2021-01-26,359,8588,184,3674,175,4914,0,0,216,6287,143,1149,216,7436,California
Imperial,2021-01-27,570,9158,162,3836,408,5322,0,0,237,6191,333,1482,237,7673,California
Imperial,2021-01-28,632,9790,159,3995,473,5795,0,0,525,6609,107,1589,525,8198,California
Imperial,2021-01-29,423,10213,296,4291,127,5922,0,0,373,6932,50,1639,373,8571,California
Imperial,2021-01-30,56,10269,31,4322,25,5947,0,0,39,6954,17,1656,39,8610,California
Imperial,2021-01-31,16,10285,6,4328,10,5957,0,0,15,6968,1,1657,15,8625,California
Imperial,2021-02-01,419,10704,53,4381,366,6323,0,0,208,6967,209,1866,208,8833,California
Imperial,2021-02-02,680,11384,54,4435,626,6949,0,0,499,7285,181,2047,499,9332,California
Imperial,2021-02-03,456,11840,47,4482,409,7358,0,0,263,7356,192,2239,263,9595,California
Imperial,2021-02-04,1717,13557,1197,5679,520,7878,0,0,1403,8447,312,2551,1403,10998,California
Imperial,2021-02-05,389,13946,241,5920,148,8026,0,0,153,8366,234,2785,153,11151,California
Imperial,2021-02-06,861,14807,838,6758,23,8049,0,0,824,9154,36,2821,824,11975,California
Imperial,2021-02-07,21,14828,9,6767,12,8061,0,0,20,9173,1,2822,20,11995,California
Imperial,2021-02-08,250,15078,42,6809,208,8269,0,0,182,9287,68,2890,182,12177,California
Imperial,2021-02-09,461,15539,145,6954,316,8585,0,0,304,9434,157,3047,304,12481,California
Imperial,2021-02-10,384,15923,56,7010,328,8913,0,0,94,9239,290,3337,95,12576,California
Imperial,2021-02-11,462,16385,258,7268,204,9117,0,0,89,8955,373,3710,89,12665,California
Imperial,2021-02-12,2129,18514,1411,8679,718,9835,0,0,1777,10381,351,4061,1777,14442,California
Imperial,2021-02-13,42,18556,18,8697,24,9859,0,0,34,10408,8,4069,35,14477,California
Imperial,2021-02-14,23,18579,11,8708,12,9871,0,0,21,10427,2,4071,21,14498,California
Imperial,2021-02-15,30,18609,10,8718,20,9891,0,0,23,10443,7,4078,23,14521,California
Imperial,2021-02-16,514,19123,266,8984,248,10139,0,0,293,10515,221,4299,293,14814,California
Imperial,2021-02-17,439,19562,285,9269,154,10293,0,0,83,10242,356,4655,83,14897,California
Imperial,2021-02-18,646,20208,308,9577,338,10631,0,0,140,9878,504,5159,140,15037,California
Imperial,2021-02-19,766,20974,381,9958,385,11016,0,0,192,9497,573,5732,192,15229,California
Imperial,2021-02-20,1039,22013,191,10149,848,11864,0,0,325,9111,713,6445,327,15556,California
Imperial,2021-02-21,588,22601,554,10703,34,11898,0,0,577,9678,10,6455,577,16133,California
Imperial,2021-02-22,809,23410,569,11272,240,12138,0,0,759,10387,50,6505,759,16892,California
Imperial,2021-02-23,937,24347,372,11644,565,12703,0,0,886,11222,51,6556,886,17778,California
Imperial,2021-02-24,700,25047,285,11929,415,13118,0,0,602,11727,97,6653,602,18380,California
Imperial,2021-02-25,816,25863,338,12267,478,13596,0,0,450,11817,365,7018,455,18835,California
Imperial,2021-02-26,1743,27606,1350,13617,393,13989,0,0,1569,13214,172,7190,1569,20404,California
Imperial,2021-02-27,858,28464,809,14426,49,14038,0,0,120,12597,738,7928,121,20525,California
Imperial,2021-02-28,29,28493,19,14445,10,14048,0,0,20,12608,9,7937,20,20545,California
Imperial,2021-03-01,492,28985,293,14738,198,14246,1,1,427,12974,63,8000,429,20974,California
Imperial,2021-03-02,673,29658,246,14984,427,14673,0,1,384,13071,289,8289,386,21360,California
Imperial,2021-03-03,922,30580,46,15030,875,15548,1,2,553,13270,366,8655,565,21925,California
Imperial,2021-03-04,746,31326,76,15106,669,16217,1,3,485,13526,259,8914,515,22440,California
Imperial,2021-03-05,2570,33896,1937,17043,633,16850,0,3,1245,13451,1322,10236,1247,23687,California
Imperial,2021-03-06,688,34584,236,17279,452,17302,0,3,647,14064,38,10274,651,24338,California
Imperial,2021-03-07,72,34656,39,17318,33,17335,0,3,52,14097,20,10294,53,24391,California
Imperial,2021-03-08,412,35068,329,17647,48,17383,35,38,360,14440,52,10346,395,24786,California
Imperial,2021-03-09,681,35749,310,17957,125,17508,246,284,397,14799,284,10630,643,25429,California
Imperial,2021-03-10,681,36430,312,18269,266,17774,103,387,318,14859,362,10992,422,25851,California
Imperial,2021-03-11,1787,38217,478,18747,1116,18890,193,580,1186,15649,600,11592,1390,27241,California
Imperial,2021-03-12,3699,41916,2538,21285,976,19866,185,765,2101,16340,1596,13188,2287,29528,California
Imperial,2021-03-13,1141,43057,90,21375,828,20694,223,988,856,17139,283,13471,1082,30610,California
Imperial,2021-03-14,168,43225,30,21405,126,20820,12,1000,138,17260,30,13501,151,30761,California
Imperial,2021-03-15,670,43895,214,21619,198,21018,258,1258,374,17598,294,13795,632,31393,California
Imperial,2021-03-16,1069,44964,276,21895,340,21358,453,1711,532,18048,535,14330,985,32378,California
Imperial,2021-03-17,1572,46536,691,22586,744,22102,137,1848,994,18605,575,14905,1132,33510,California
Imperial,2021-03-18,1780,48316,1177,23763,543,22645,60,1908,1251,19391,527,15432,1313,34823,California
Imperial,2021-03-19,3336,51652,2445,26208,887,23532,4,1912,1500,19067,1829,17261,1505,36328,California
Imperial,2021-03-20,863,52515,550,26758,308,23840,5,1917,419,19057,440,17701,430,36758,California
Imperial,2021-03-21,214,52729,33,26791,177,24017,4,1921,156,19163,58,17759,164,36922,California
Imperial,2021-03-22,1045,53774,339,27130,699,24716,7,1928,623,19373,421,18180,631,37553,California
Imperial,2021-03-23,1388,55162,410,27540,972,25688,6,1934,889,19774,496,18676,897,38450,California
Imperial,2021-03-24,1870,57032,542,28082,901,26589,427,2361,901,20134,967,19643,1327,39777,California
Imperial,2021-03-25,2859,59891,500,28582,874,27463,1485,3846,1003,20766,1852,21495,2484,42261,California
Imperial,2021-03-26,2477,62368,876,29458,730,28193,871,4717,770,20706,1701,23196,1641,43902,California
Imperial,2021-03-27,577,62945,264,29722,261,28454,52,4769,418,21020,156,23352,470,44372,California
Imperial,2021-03-28,209,63154,51,29773,156,28610,2,4771,172,21158,36,23388,174,44546,California
Imperial,2021-03-29,1198,64352,345,30118,391,29001,462,5233,314,21053,882,24270,777,45323,California
Imperial,2021-03-30,1779,66131,676,30794,591,29592,512,5745,675,21137,1104,25374,1188,46511,California
Imperial,2021-03-31,1532,67663,715,31509,812,30404,5,5750,1015,21641,515,25889,1019,47530,California
Imperial,2021-04-01,1805,69468,396,31905,1167,31571,242,5992,810,21702,990,26879,1051,48581,California
Imperial,2021-04-02,1258,70726,446,32351,738,32309,74,6066,743,22005,513,27392,816,49397,California
Imperial,2021-04-03,1493,72219,405,32756,1009,33318,79,6145,686,21967,803,28195,765,50162,California
Imperial,2021-04-04,83,72302,39,32795,28,33346,16,6161,24,21948,59,28254,40,50202,California
Imperial,2021-04-05,2108,74410,1278,34073,763,34109,67,6228,400,20715,1701,29955,468,50670,California
Imperial,2021-04-06,1292,75702,529,34602,574,34683,189,6417,681,20978,608,30563,871,51541,California
Imperial,2021-04-07,2149,77851,549,35151,1224,35907,376,6793,1539,22287,606,31169,1915,53456,California
Imperial,2021-04-08,2183,80034,1068,36219,822,36729,293,7086,1075,22549,1105,32274,1367,54823,California
Imperial,2021-04-09,2135,82169,628,36847,892,37621,615,7701,830,22693,1301,33575,1445,56268,California
Imperial,2021-04-10,1270,83439,182,37029,818,38439,270,7971,211,22115,1057,34632,479,56747,California
Imperial,2021-04-11,215,83654,29,37058,154,38593,32,8003,73,22078,142,34774,105,56852,California
Imperial,2021-04-12,1384,85038,761,37819,419,39012,204,8207,782,22468,599,35373,989,57841,California
Imperial,2021-04-13,2262,87300,1442,39261,819,39831,1,8208,1582,23376,675,36048,1583,59424,California
Imperial,2021-04-14,1973,89273,941,40202,1032,40863,0,8208,1396,24201,572,36620,1397,60821,California
Imperial,2021-04-15,1880,91153,873,41075,1007,41870,0,8208,1324,24972,554,37174,1325,62146,California
Imperial,2021-04-16,2024,93177,962,42037,1062,42932,0,8208,1155,25262,865,38039,1155,63301,California
Imperial,2021-04-17,1730,94907,861,42898,867,43799,2,8210,1364,26267,362,38401,1367,64668,California
Imperial,2021-04-18,246,95153,65,42963,181,43980,0,8210,87,26196,158,38559,87,64755,California
Imperial,2021-04-19,785,95938,251,43214,534,44514,0,8210,458,26332,326,38885,462,65217,California
Imperial,2021-04-20,1262,97200,514,43728,748,45262,0,8210,740,26553,519,39404,740,65957,California
Imperial,2021-04-21,1265,98465,324,44052,941,46203,0,8210,777,26845,485,39889,777,66734,California
Imperial,2021-04-22,1744,100209,772,44824,972,47175,0,8210,1248,27605,490,40379,1250,67984,California
Imperial,2021-04-23,1460,101669,407,45231,1053,48228,0,8210,818,27792,635,41014,822,68806,California
Imperial,2021-04-24,499,102168,288,45519,211,48439,0,8210,190,27676,307,41321,191,68997,California
Imperial,2021-04-25,256,102424,97,45616,159,48598,0,8210,131,27683,124,41445,131,69128,California
Imperial,2021-04-26,779,103203,372,45988,406,49004,1,8211,522,27950,256,41701,523,69651,California
Imperial,2021-04-27,801,104004,291,46279,506,49510,4,8215,421,27995,380,42081,425,70076,California
Imperial,2021-04-28,700,104704,264,46543,412,49922,24,8239,379,28089,318,42399,412,70488,California
Inyo,2020-12-19,85,85,85,85,0,0,0,0,85,85,0,0,85,85,California
Inyo,2020-12-20,58,143,58,143,0,0,0,0,58,143,0,0,58,143,California
Inyo,2020-12-21,88,231,85,228,3,3,0,0,88,231,0,0,88,231,California
Inyo,2020-12-22,105,336,105,333,0,3,0,0,105,336,0,0,105,336,California
Inyo,2020-12-23,70,406,67,400,3,6,0,0,70,406,0,0,70,406,California
Inyo,2020-12-24,16,422,16,416,0,6,0,0,16,422,0,0,16,422,California
Inyo,2020-12-25,1,423,0,416,1,7,0,0,1,423,0,0,1,423,California
Inyo,2020-12-26,74,497,74,490,0,7,0,0,74,497,0,0,74,497,California
Inyo,2020-12-28,48,545,36,526,12,19,0,0,48,545,0,0,48,545,California
Inyo,2020-12-29,20,565,20,546,0,19,0,0,20,565,0,0,20,565,California
Inyo,2020-12-30,56,621,54,600,2,21,0,0,56,621,0,0,56,621,California
Inyo,2020-12-31,29,650,0,600,29,50,0,0,29,650,0,0,29,650,California
Inyo,2021-01-01,1,651,0,600,1,51,0,0,1,651,0,0,1,651,California
Inyo,2021-01-03,1,652,0,600,1,52,0,0,1,652,0,0,1,652,California
Inyo,2021-01-04,1,653,1,601,0,52,0,0,1,653,0,0,1,653,California
Inyo,2021-01-05,34,687,0,601,34,86,0,0,34,687,0,0,34,687,California
Inyo,2021-01-06,68,755,0,601,68,154,0,0,68,755,0,0,68,755,California
Inyo,2021-01-07,31,786,1,602,30,184,0,0,31,786,0,0,31,786,California
Inyo,2021-01-08,9,795,8,610,1,185,0,0,4,786,5,5,5,791,California
Inyo,2021-01-09,87,882,86,696,1,186,0,0,1,701,86,91,1,792,California
Inyo,2021-01-10,52,934,52,748,0,186,0,0,0,649,52,143,0,792,California
Inyo,2021-01-11,97,1031,82,830,15,201,0,0,16,584,81,224,16,808,California
Inyo,2021-01-12,139,1170,118,948,21,222,0,0,28,501,111,335,28,836,California
Inyo,2021-01-13,86,1256,68,1016,18,240,0,0,21,458,65,400,22,858,California
Inyo,2021-01-14,59,1315,13,1029,46,286,0,0,49,497,10,410,49,907,California
Inyo,2021-01-15,163,1478,28,1057,135,421,0,0,163,660,0,410,163,1070,California
Inyo,2021-01-16,74,1552,73,1130,1,422,0,0,1,588,73,483,1,1071,California
Inyo,2021-01-18,58,1610,36,1166,22,444,0,0,19,568,39,522,19,1090,California
Inyo,2021-01-19,115,1725,72,1238,43,487,0,0,99,651,16,538,99,1189,California
Inyo,2021-01-20,145,1870,70,1308,75,562,0,0,91,688,54,592,91,1280,California
Inyo,2021-01-21,121,1991,57,1365,64,626,0,0,120,807,1,593,120,1400,California
Inyo,2021-01-22,62,2053,0,1365,62,688,0,0,61,867,1,594,61,1461,California
Inyo,2021-01-23,52,2105,52,1417,0,688,0,0,52,919,0,594,52,1513,California
Inyo,2021-01-25,49,2154,6,1423,43,731,0,0,37,944,12,606,37,1550,California
Inyo,2021-01-26,135,2289,54,1477,81,812,0,0,129,1067,6,612,129,1679,California
Inyo,2021-01-27,23,2312,2,1479,21,833,0,0,22,1088,1,613,22,1701,California
Inyo,2021-01-28,92,2404,2,1481,90,923,0,0,63,1122,29,642,63,1764,California
Inyo,2021-01-29,25,2429,3,1484,22,945,0,0,23,1143,2,644,23,1787,California
Inyo,2021-01-30,11,2440,1,1485,10,955,0,0,11,1154,0,644,11,1798,California
Inyo,2021-01-31,32,2472,4,1489,28,983,0,0,4,1130,28,672,4,1802,California
Inyo,2021-02-01,11,2483,9,1498,2,985,0,0,1,1121,10,682,1,1803,California
Inyo,2021-02-02,130,2613,14,1512,116,1101,0,0,104,1199,26,708,104,1907,California
Inyo,2021-02-03,116,2729,0,1512,116,1217,0,0,74,1231,42,750,74,1981,California
Inyo,2021-02-04,149,2878,31,1543,118,1335,0,0,90,1262,59,809,90,2071,California
Inyo,2021-02-05,117,2995,61,1604,56,1391,0,0,115,1375,2,811,115,2186,California
Inyo,2021-02-06,4,2999,2,1606,2,1393,0,0,3,1377,1,812,3,2189,California
Inyo,2021-02-07,4,3003,2,1608,2,1395,0,0,4,1381,0,812,4,2193,California
Inyo,2021-02-08,117,3120,7,1615,110,1505,0,0,97,1458,20,832,97,2290,California
Inyo,2021-02-09,194,3314,51,1666,143,1648,0,0,123,1510,71,903,123,2413,California
Inyo,2021-02-10,143,3457,18,1684,125,1773,0,0,109,1585,34,937,109,2522,California
Inyo,2021-02-11,220,3677,56,1740,164,1937,0,0,126,1617,94,1031,126,2648,California
Inyo,2021-02-12,299,3976,52,1792,247,2184,0,0,168,1654,131,1162,168,2816,California
Inyo,2021-02-13,60,4036,55,1847,5,2189,0,0,8,1610,52,1214,8,2824,California
Inyo,2021-02-14,1,4037,0,1847,1,2190,0,0,1,1611,0,1214,1,2825,California
Inyo,2021-02-15,29,4066,9,1856,20,2210,0,0,5,1592,24,1238,5,2830,California
Inyo,2021-02-16,181,4247,50,1906,131,2341,0,0,93,1597,88,1326,93,2923,California
Inyo,2021-02-17,37,4284,4,1910,33,2374,0,0,7,1574,30,1356,7,2930,California
Inyo,2021-02-18,123,4407,6,1916,117,2491,0,0,79,1609,44,1400,79,3009,California
Inyo,2021-02-19,52,4459,4,1920,48,2539,0,0,9,1575,43,1443,9,3018,California
Inyo,2021-02-20,504,4963,500,2420,4,2543,0,0,502,2075,2,1445,502,3520,California
Inyo,2021-02-21,267,5230,267,2687,0,2543,0,0,267,2342,0,1445,267,3787,California
Inyo,2021-02-22,61,5291,19,2706,42,2585,0,0,27,2335,34,1479,27,3814,California
Inyo,2021-02-23,198,5489,20,2726,178,2763,0,0,94,2326,103,1582,94,3908,California
Inyo,2021-02-24,116,5605,0,2726,116,2879,0,0,57,2324,59,1641,57,3965,California
Inyo,2021-02-25,130,5735,3,2729,127,3006,0,0,62,2318,68,1709,62,4027,California
Inyo,2021-02-26,103,5838,60,2789,43,3049,0,0,19,2253,84,1793,19,4046,California
Inyo,2021-02-27,15,5853,4,2793,11,3060,0,0,3,2244,12,1805,3,4049,California
Inyo,2021-02-28,3,5856,1,2794,2,3062,0,0,2,2245,1,1806,2,4051,California
Inyo,2021-03-01,20,5876,2,2796,18,3080,0,0,17,2259,3,1809,17,4068,California
Inyo,2021-03-02,195,6071,1,2797,194,3274,0,0,111,2286,84,1893,111,4179,California
Inyo,2021-03-03,83,6154,2,2799,81,3355,0,0,40,2283,43,1936,40,4219,California
Inyo,2021-03-04,128,6282,4,2803,124,3479,0,0,46,2247,82,2018,46,4265,California
Inyo,2021-03-05,142,6424,57,2860,85,3564,0,0,38,2181,104,2122,38,4303,California
Inyo,2021-03-06,31,6455,1,2861,30,3594,0,0,30,2210,1,2123,30,4333,California
Inyo,2021-03-07,7,6462,4,2865,3,3597,0,0,5,2213,2,2125,5,4338,California
Inyo,2021-03-08,182,6644,5,2870,177,3774,0,0,91,2213,91,2216,91,4429,California
Inyo,2021-03-09,186,6830,2,2872,184,3958,0,0,71,2169,115,2331,71,4500,California
Inyo,2021-03-10,70,6900,8,2880,61,4019,1,1,30,2160,40,2371,31,4531,California
Inyo,2021-03-11,203,7103,1,2881,197,4216,5,6,73,2108,130,2501,78,4609,California
Inyo,2021-03-12,174,7277,4,2885,165,4381,5,11,76,2091,98,2599,81,4690,California
Inyo,2021-03-13,576,7853,541,3426,25,4406,10,21,77,1680,498,3097,87,4777,California
Inyo,2021-03-14,433,8286,430,3856,3,4409,0,21,170,1588,262,3359,170,4947,California
Inyo,2021-03-15,51,8337,15,3871,34,4443,2,23,30,1599,21,3380,32,4979,California
Inyo,2021-03-16,164,8501,4,3875,154,4597,6,29,63,1568,100,3480,69,5048,California
Inyo,2021-03-17,107,8608,3,3878,97,4694,7,36,92,1652,15,3495,99,5147,California
Inyo,2021-03-18,182,8790,14,3892,161,4855,7,43,102,1681,80,3575,109,5256,California
Inyo,2021-03-19,45,8835,4,3896,37,4892,4,47,35,1710,10,3585,39,5295,California
Inyo,2021-03-20,20,8855,1,3897,10,4902,9,56,1,1701,19,3604,10,5305,California
Inyo,2021-03-22,59,8914,2,3899,52,4954,5,61,39,1725,20,3624,44,5349,California
Inyo,2021-03-23,195,9109,4,3903,187,5141,4,65,105,1744,90,3714,109,5458,California
Inyo,2021-03-24,140,9249,2,3905,134,5275,4,69,87,1782,53,3767,91,5549,California
Inyo,2021-03-25,325,9574,104,4009,217,5492,4,73,259,1979,66,3833,263,5812,California
Inyo,2021-03-26,91,9665,3,4012,84,5576,4,77,71,2034,20,3853,75,5887,California
Inyo,2021-03-27,52,9717,44,4056,5,5581,3,80,46,2077,6,3859,49,5936,California
Inyo,2021-03-28,4,9721,1,4057,2,5583,1,81,1,2076,3,3862,2,5938,California
Inyo,2021-03-29,109,9830,2,4059,102,5685,5,86,82,2137,26,3888,87,6025,California
Inyo,2021-03-30,212,10042,3,4062,204,5889,5,91,102,2134,110,3998,107,6132,California
Inyo,2021-03-31,147,10189,4,4066,138,6027,5,96,106,2204,41,4039,111,6243,California
Inyo,2021-04-01,164,10353,4,4070,159,6186,1,97,115,2271,49,4088,116,6359,California
Inyo,2021-04-02,81,10434,1,4071,78,6264,2,99,52,2296,29,4117,54,6413,California
Inyo,2021-04-03,93,10527,46,4117,33,6297,14,113,5,2228,86,4203,18,6431,California
Inyo,2021-04-04,5,10532,4,4121,0,6297,1,114,1,2226,4,4207,2,6433,California
Inyo,2021-04-05,117,10649,1,4122,112,6409,4,118,29,2171,88,4295,33,6466,California
Inyo,2021-04-06,235,10884,6,4128,166,6575,63,181,104,2207,131,4426,167,6633,California
Inyo,2021-04-07,200,11084,3,4131,71,6646,126,307,44,2221,156,4582,170,6803,California
Inyo,2021-04-08,176,11260,14,4145,145,6791,17,324,80,2222,96,4678,97,6900,California
Inyo,2021-04-09,123,11383,5,4150,95,6886,23,347,36,2195,86,4764,59,6959,California
Inyo,2021-04-10,42,11425,1,4151,24,6910,17,364,3,2176,39,4803,20,6979,California
Inyo,2021-04-11,3,11428,0,4151,3,6913,0,364,1,2175,2,4805,1,6980,California
Inyo,2021-04-12,79,11507,0,4151,74,6987,5,369,41,2183,38,4843,46,7026,California
Inyo,2021-04-13,119,11626,3,4154,113,7100,3,372,61,2190,57,4900,64,7090,California
Inyo,2021-04-14,121,11747,2,4156,119,7219,0,372,39,2147,82,4982,39,7129,California
Inyo,2021-04-15,261,12008,102,4258,159,7378,0,372,82,2050,179,5161,82,7211,California
Inyo,2021-04-16,48,12056,6,4264,42,7420,0,372,21,2044,27,5188,21,7232,California
Inyo,2021-04-17,2,12058,1,4265,1,7421,0,372,1,2044,1,5189,1,7233,California
Inyo,2021-04-19,130,12188,43,4308,87,7508,0,372,44,2002,86,5275,44,7277,California
Inyo,2021-04-20,162,12350,3,4311,159,7667,0,372,80,2000,82,5357,80,7357,California
Inyo,2021-04-21,114,12464,4,4315,110,7777,0,372,32,1950,82,5439,32,7389,California
Inyo,2021-04-22,198,12662,3,4318,195,7972,0,372,54,1860,144,5583,54,7443,California
Inyo,2021-04-23,96,12758,4,4322,92,8064,0,372,23,1810,73,5656,23,7466,California
Inyo,2021-04-24,309,13067,306,4628,3,8067,0,372,304,2109,5,5661,304,7770,California
Inyo,2021-04-25,120,13187,118,4746,2,8069,0,372,120,2229,0,5661,120,7890,California
Inyo,2021-04-26,67,13254,2,4748,64,8133,1,373,7,2178,59,5720,8,7898,California
Inyo,2021-04-27,143,13397,4,4752,134,8267,5,378,44,2128,99,5819,49,7947,California
Inyo,2021-04-28,5,13402,1,4753,4,8271,0,378,3,2129,2,5821,3,7950,California
Kern,2020-12-15,1,1,1,1,0,0,0,0,1,1,0,0,1,1,California
Kern,2020-12-16,18,19,18,19,0,0,0,0,18,19,0,0,18,19,California
Kern,2020-12-17,164,183,164,183,0,0,0,0,164,183,0,0,164,183,California
Kern,2020-12-18,320,503,320,503,0,0,0,0,320,503,0,0,320,503,California
Kern,2020-12-19,98,601,98,601,0,0,0,0,99,602,0,0,99,602,California
Kern,2020-12-20,61,662,61,662,0,0,0,0,61,663,0,0,61,663,California
Kern,2020-12-21,671,1333,670,1332,1,1,0,0,671,1334,0,0,671,1334,California
Kern,2020-12-22,530,1863,527,1859,3,4,0,0,530,1864,0,0,530,1864,California
Kern,2020-12-23,558,2421,418,2277,140,144,0,0,558,2422,0,0,558,2422,California
Kern,2020-12-24,122,2543,43,2320,79,223,0,0,122,2544,0,0,122,2544,California
Kern,2020-12-25,1,2544,1,2321,0,223,0,0,1,2545,0,0,1,2545,California
Kern,2020-12-26,33,2577,1,2322,32,255,0,0,33,2578,0,0,33,2578,California
Kern,2020-12-27,35,2612,3,2325,32,287,0,0,35,2613,0,0,35,2613,California
Kern,2020-12-28,825,3437,661,2986,164,451,0,0,825,3438,0,0,825,3438,California
Kern,2020-12-29,746,4183,453,3439,293,744,0,0,745,4182,1,1,745,4183,California
Kern,2020-12-30,1200,5383,908,4347,292,1036,0,0,1200,5382,0,1,1200,5383,California
Kern,2020-12-31,277,5660,99,4446,178,1214,0,0,277,5659,0,1,277,5660,California
Kern,2021-01-01,12,5672,6,4452,6,1220,0,0,12,5671,0,1,12,5672,California
Kern,2021-01-02,78,5750,18,4470,60,1280,0,0,78,5749,0,1,78,5750,California
Kern,2021-01-03,23,5773,4,4474,19,1299,0,0,23,5772,0,1,23,5773,California
Kern,2021-01-04,553,6326,360,4834,193,1492,0,0,553,6325,0,1,553,6326,California
Kern,2021-01-05,1132,7458,738,5572,394,1886,0,0,1120,7433,12,13,1120,7446,California
Kern,2021-01-06,1166,8624,455,6027,711,2597,0,0,1136,8539,30,43,1136,8582,California
Kern,2021-01-07,1407,10031,494,6521,913,3510,0,0,1238,9609,168,211,1238,9820,California
Kern,2021-01-08,1628,11659,767,7288,861,4371,0,0,1331,10643,298,509,1332,11152,California
Kern,2021-01-09,225,11884,76,7364,149,4520,0,0,191,10800,34,543,191,11343,California
Kern,2021-01-10,194,12078,147,7511,47,4567,0,0,153,10912,41,584,153,11496,California
Kern,2021-01-11,1555,13633,983,8494,572,5139,0,0,1000,11357,555,1139,1000,12496,California
Kern,2021-01-12,1869,15502,809,9303,1060,6199,0,0,1359,12206,510,1649,1359,13855,California
Kern,2021-01-13,1855,17357,869,10172,986,7185,0,0,1433,13217,422,2071,1433,15288,California
Kern,2021-01-14,2181,19538,645,10817,1536,8721,0,0,2136,15307,46,2117,2136,17424,California
Kern,2021-01-15,2702,22240,857,11674,1845,10566,0,0,2605,17818,95,2212,2606,20030,California
Kern,2021-01-16,670,22910,212,11886,458,11024,0,0,636,18420,34,2246,636,20666,California
Kern,2021-01-17,73,22983,7,11893,66,11090,0,0,71,18489,2,2248,71,20737,California
Kern,2021-01-18,1644,24627,659,12552,985,12075,0,0,1475,19795,169,2417,1475,22212,California
Kern,2021-01-19,1853,26480,1032,13584,821,12896,0,0,1384,20711,469,2886,1385,23597,California
Kern,2021-01-20,2447,28927,1513,15097,934,13830,0,0,1823,21917,619,3505,1825,25422,California
Kern,2021-01-21,2166,31093,920,16017,1246,15076,0,0,1969,23690,196,3701,1969,27391,California
Kern,2021-01-22,2706,33799,1289,17306,1417,16493,0,0,2430,25846,274,3975,2430,29821,California
Kern,2021-01-23,1245,35044,534,17840,711,17204,0,0,1199,26999,46,4021,1199,31020,California
Kern,2021-01-24,160,35204,18,17858,142,17346,0,0,154,27147,6,4027,154,31174,California
Kern,2021-01-25,2383,37587,1084,18942,1299,18645,0,0,1900,28566,482,4509,1901,33075,California
Kern,2021-01-26,2764,40351,1125,20067,1639,20284,0,0,1908,29619,855,5364,1908,34983,California
Kern,2021-01-27,3558,43909,1903,21970,1655,21939,0,0,2858,31780,697,6061,2858,37841,California
Kern,2021-01-28,2860,46769,1351,23321,1509,23448,0,0,2428,33783,428,6489,2431,40272,California
Kern,2021-01-29,3768,50537,1802,25123,1966,25414,0,0,3225,36468,540,7029,3225,43497,California
Kern,2021-01-30,1323,51860,496,25619,827,26241,0,0,1276,37699,45,7074,1276,44773,California
Kern,2021-01-31,402,52262,275,25894,127,26368,0,0,267,37831,135,7209,267,45040,California
Kern,2021-02-01,2407,54669,818,26712,1589,27957,0,0,1857,39142,547,7756,1858,46898,California
Kern,2021-02-02,2923,57592,973,27685,1950,29907,0,0,2060,40340,863,8619,2061,48959,California
Kern,2021-02-03,3653,61245,1548,29233,2105,32012,0,0,2686,42066,960,9579,2686,51645,California
Kern,2021-02-04,3801,65046,1450,30683,2351,34363,0,0,2586,43448,1204,10783,2586,54231,California
Kern,2021-02-05,4850,69896,1990,32673,2860,37223,0,0,3092,44801,1739,12522,3092,57323,California
Kern,2021-02-06,1735,71631,766,33439,969,38192,0,0,1512,46093,220,12742,1512,58835,California
Kern,2021-02-07,283,71914,150,33589,133,38325,0,0,267,46346,14,12756,267,59102,California
Kern,2021-02-08,2562,74476,788,34377,1774,40099,0,0,1256,46315,1288,14044,1257,60359,California
Kern,2021-02-09,3037,77513,986,35363,2051,42150,0,0,1467,46219,1563,15607,1467,61826,California
Kern,2021-02-10,3783,81296,1657,37020,2126,44276,0,0,1895,46243,1872,17479,1896,63722,California
Kern,2021-02-11,4257,85553,1538,38558,2719,46995,0,0,2227,46453,2017,19496,2227,65949,California
Kern,2021-02-12,4949,90502,1890,40448,3059,50054,0,0,2483,46484,2452,21948,2483,68432,California
Kern,2021-02-13,2009,92511,726,41174,1283,51337,0,0,1166,46809,841,22789,1166,69598,California
Kern,2021-02-14,351,92862,12,41186,339,51676,0,0,270,46999,80,22869,270,69868,California
Kern,2021-02-15,2738,95600,889,42075,1849,53525,0,0,1209,46687,1521,24390,1209,71077,California
Kern,2021-02-16,2946,98546,719,42794,2227,55752,0,0,1656,47064,1280,25670,1657,72734,California
Kern,2021-02-17,4064,102610,2075,44869,1989,57741,0,0,1929,46864,2130,27800,1930,74664,California
Kern,2021-02-18,3750,106360,1477,46346,2273,60014,0,0,1619,46365,2118,29918,1619,76283,California
Kern,2021-02-19,4196,110556,1916,48262,2280,62294,0,0,1740,45657,2448,32366,1740,78023,California
Kern,2021-02-20,2572,113128,968,49230,1604,63898,0,0,1340,45768,1229,33595,1340,79363,California
Kern,2021-02-21,247,113375,141,49371,106,64004,0,0,86,45695,159,33754,86,79449,California
Kern,2021-02-22,2656,116031,1148,50519,1508,65512,0,0,1424,45892,1227,34981,1424,80873,California
Kern,2021-02-23,3539,119570,1121,51640,2418,67930,0,0,1976,46308,1561,36542,1977,82850,California
Kern,2021-02-24,5161,124731,2267,53907,2894,70824,0,0,3077,47305,2080,38622,3077,85927,California
Kern,2021-02-25,5352,130083,2445,56352,2907,73731,0,0,3176,48323,2158,40780,3176,89103,California
Kern,2021-02-26,6884,136967,3518,59870,3366,77097,0,0,4357,50161,2520,43300,4358,93461,California
Kern,2021-02-27,3852,140819,1892,61762,1960,79057,0,0,2518,51352,1327,44627,2518,95979,California
Kern,2021-02-28,905,141724,497,62259,408,79465,0,0,688,51825,215,44842,688,96667,California
Kern,2021-03-01,3981,145705,1804,64063,2176,81641,1,1,2690,53233,1283,46125,2691,99358,California
Kern,2021-03-02,4371,150076,1373,65436,2997,84638,1,2,2866,54605,1494,47619,2866,102224,California
Kern,2021-03-03,5798,155874,2701,68137,3097,87735,0,2,3712,56246,2072,49691,3713,105937,California
Kern,2021-03-04,5552,161426,2159,70296,3390,91125,3,5,3560,57830,1978,51669,3562,109499,California
Kern,2021-03-05,6460,167886,2666,72962,3777,94902,17,22,4040,59474,2413,54082,4057,113556,California
Kern,2021-03-06,4710,172596,1910,74872,2699,97601,101,123,3445,61762,1257,55339,3545,117101,California
Kern,2021-03-07,2042,174638,1584,76456,410,98011,48,171,1852,63473,189,55528,1900,119001,California
Kern,2021-03-08,2802,177440,851,77307,1738,99749,213,384,1457,63799,1342,56870,1668,120669,California
Kern,2021-03-09,3620,181060,785,78092,2452,102201,383,767,2227,65019,1388,58258,2608,123277,California
Kern,2021-03-10,6018,187078,2463,80555,2484,104685,1071,1838,3500,67081,2507,60765,4569,127846,California
Kern,2021-03-11,6280,193358,2404,82959,2850,107535,1026,2864,3729,69293,2540,63305,4752,132598,California
Kern,2021-03-12,7657,201015,2918,85877,3387,110922,1352,4216,4152,71293,3495,66800,5495,138093,California
Kern,2021-03-13,4423,205438,2300,88177,1788,112710,335,4551,3005,73214,1413,68213,3334,141427,California
Kern,2021-03-14,2264,207702,1413,89590,611,113321,240,4791,1746,74682,515,68728,1983,143410,California
Kern,2021-03-15,4241,211943,1081,90671,2447,115768,713,5504,2174,75510,2056,70784,2884,146294,California
Kern,2021-03-16,4324,216267,1001,91672,2795,118563,528,6032,2321,76362,1994,72778,2846,149140,California
Kern,2021-03-17,7226,223493,3796,95468,2873,121436,557,6589,4292,78286,2924,75702,4848,153988,California
Kern,2021-03-18,6967,230460,3385,98853,3003,124439,579,7168,4142,80197,2806,78508,4717,158705,California
Kern,2021-03-19,8727,239187,4750,103603,3327,127766,650,7818,4527,81181,4186,82694,5170,163875,California
Kern,2021-03-20,5935,245122,3588,107191,2174,129940,173,7991,3813,83055,2113,84807,3987,167862,California
Kern,2021-03-21,2860,247982,1748,108939,235,130175,877,8868,1681,84439,1174,85981,2558,170420,California
Kern,2021-03-22,3918,251900,1517,110456,2044,132219,357,9225,1900,84686,2010,87991,2257,172677,California
Kern,2021-03-23,4686,256586,1645,112101,2843,135062,198,9423,2482,85188,2175,90166,2677,175354,California
Kern,2021-03-24,6983,263569,3499,115600,3011,138073,473,9896,3657,86004,3312,93478,4128,179482,California
Kern,2021-03-25,6613,270182,2878,118478,3407,141480,328,10224,3262,86257,3335,96813,3588,183070,California
Kern,2021-03-26,9464,279646,4147,122625,4061,145541,1256,11480,4662,87386,4786,101599,5915,188985,California
Kern,2021-03-27,5440,285086,3740,126365,1574,147115,126,11606,3305,88685,2132,103731,3431,192416,California
Kern,2021-03-28,4287,289373,3801,130166,472,147587,14,11620,2739,89891,1547,105278,2753,195169,California
Kern,2021-03-29,4186,293559,1634,131800,2274,149861,278,11898,2609,91211,1566,106844,2886,198055,California
Kern,2021-03-30,5476,299035,1814,133614,3307,153168,355,12253,3066,92224,2406,109250,3419,201474,California
Kern,2021-03-31,8050,307085,4237,137851,3168,156336,645,12898,4261,93348,3779,113029,4903,206377,California
Kern,2021-04-01,7574,314659,3628,141479,3651,159987,295,13193,4090,94257,3473,116502,4382,210759,California
Kern,2021-04-02,8113,322772,4181,145660,3328,163315,604,13797,4073,94905,4026,120528,4674,215433,California
Kern,2021-04-03,5666,328438,3374,149034,2111,165426,181,13978,2585,94593,3076,123604,2764,218197,California
Kern,2021-04-04,1333,329771,867,149901,382,165808,84,14062,551,94449,779,124383,635,218832,California
Kern,2021-04-05,5290,335061,2181,152082,2348,168156,761,14823,2862,95639,2416,126799,3606,222438,California
Kern,2021-04-06,6852,341913,2433,154515,3207,171363,1212,16035,3577,97170,3257,130056,4788,227226,California
Kern,2021-04-07,9213,351126,5370,159885,2892,174255,951,16986,4630,98182,4568,134624,5580,232806,California
Kern,2021-04-08,8553,359679,4730,164615,2926,177181,897,17883,3917,98378,4617,139241,4813,237619,California
Kern,2021-04-09,9794,369473,5079,169694,3734,180915,981,18864,4367,98317,5407,144648,5346,242965,California
Kern,2021-04-10,6523,375996,3430,173124,1856,182771,1237,20101,2305,97643,4210,148858,3536,246501,California
Kern,2021-04-11,3763,379759,2888,176012,357,183128,518,20619,1427,97260,2326,151184,1943,248444,California
Kern,2021-04-12,4345,384104,978,176990,2401,185529,966,21585,1572,97038,2758,153942,2536,250980,California
Kern,2021-04-13,4257,388361,1408,178398,2824,188353,25,21610,2126,97069,2121,156063,2152,253132,California
Kern,2021-04-14,6001,394362,2947,181345,3032,191385,22,21632,3054,97213,2931,158994,3075,256207,California
Kern,2021-04-15,5166,399528,2435,183780,2729,194114,2,21634,2495,97053,2657,161651,2497,258704,California
Kern,2021-04-16,6913,406441,3405,187185,3508,197622,0,21634,3032,96226,3860,165511,3033,261737,California
Kern,2021-04-17,5891,412332,3848,191033,2043,199665,0,21634,2257,94862,3622,169133,2258,263995,California
Kern,2021-04-18,3611,415943,3375,194408,236,199901,0,21634,1066,93388,2540,171673,1066,265061,California
Kern,2021-04-19,3799,419742,1726,196134,2072,201973,1,21635,1441,92489,2340,174013,1441,266502,California
Kern,2021-04-20,4266,424008,1527,197661,2738,204711,1,21636,1642,91525,2608,176621,1644,268146,California
Kern,2021-04-21,5766,429774,3088,200749,2674,207385,4,21640,2246,90274,3500,180121,2249,270395,California
Kern,2021-04-22,4715,434489,2287,203036,2428,209813,0,21640,1738,89054,2959,183080,1739,272134,California
Kern,2021-04-23,5514,440003,2872,205908,2641,212454,1,21641,1861,87293,3624,186704,1863,273997,California
Kern,2021-04-24,3496,443499,2544,208452,942,213396,10,21651,1309,86438,2174,188878,1319,275316,California
Kern,2021-04-25,996,444495,746,209198,250,213646,0,21651,551,86550,439,189317,551,275867,California
Kern,2021-04-26,2998,447493,1398,210596,1552,215198,48,21699,864,85336,2127,191444,913,276780,California
Kern,2021-04-27,3617,451110,1738,212334,1798,216996,81,21780,1119,84046,2487,193931,1197,277977,California
Kern,2021-04-28,3069,454179,1729,214063,1285,218281,55,21835,837,82713,2226,196157,893,278870,California
Kings,2020-12-16,1,1,1,1,0,0,0,0,1,1,0,0,1,1,California
Kings,2020-12-17,8,9,8,9,0,0,0,0,8,9,0,0,8,9,California
Kings,2020-12-18,12,21,12,21,0,0,0,0,12,21,0,0,12,21,California
Kings,2020-12-19,11,32,11,32,0,0,0,0,11,32,0,0,11,32,California
Kings,2020-12-20,13,45,13,45,0,0,0,0,13,45,0,0,13,45,California
Kings,2020-12-21,156,201,156,201,0,0,0,0,271,316,0,0,271,316,California
Kings,2020-12-22,143,344,143,344,0,0,0,0,140,456,0,0,140,456,California
Kings,2020-12-23,134,478,122,466,12,12,0,0,135,591,0,0,135,591,California
Kings,2020-12-24,11,489,9,475,2,14,0,0,11,602,0,0,11,602,California
Kings,2020-12-26,7,496,4,479,3,17,0,0,7,609,0,0,7,609,California
Kings,2020-12-27,4,500,4,483,0,17,0,0,4,613,0,0,4,613,California
Kings,2020-12-28,131,631,103,586,28,45,0,0,132,745,0,0,132,745,California
Kings,2020-12-29,78,709,51,637,27,72,0,0,79,824,0,0,79,824,California
Kings,2020-12-30,147,856,108,745,39,111,0,0,147,971,0,0,147,971,California
Kings,2020-12-31,44,900,6,751,38,149,0,0,44,1015,0,0,44,1015,California
Kings,2021-01-01,1,901,0,751,1,150,0,0,1,1016,0,0,1,1016,California
Kings,2021-01-02,10,911,9,760,1,151,0,0,10,1026,0,0,10,1026,California
Kings,2021-01-04,112,1023,42,802,70,221,0,0,112,1138,0,0,112,1138,California
Kings,2021-01-05,196,1219,39,841,157,378,0,0,196,1334,0,0,196,1334,California
Kings,2021-01-06,276,1495,177,1018,99,477,0,0,273,1604,3,3,273,1607,California
Kings,2021-01-07,178,1673,81,1099,97,574,0,0,170,1766,8,11,170,1777,California
Kings,2021-01-08,247,1920,54,1153,193,767,0,0,228,1975,19,30,228,2005,California
Kings,2021-01-09,63,1983,9,1162,54,821,0,0,55,2022,8,38,55,2060,California
Kings,2021-01-10,15,1998,3,1165,12,833,0,0,12,2031,3,41,12,2072,California
Kings,2021-01-11,520,2518,356,1521,164,997,0,0,276,2064,244,285,277,2349,California
Kings,2021-01-12,350,2868,253,1774,97,1094,0,0,216,2149,131,416,216,2565,California
Kings,2021-01-13,414,3282,267,2041,147,1241,0,0,323,2381,91,507,323,2888,California
Kings,2021-01-14,208,3490,31,2072,177,1418,0,0,198,2559,21,528,199,3087,California
Kings,2021-01-15,415,3905,29,2101,386,1804,0,0,403,2950,12,540,403,3490,California
Kings,2021-01-16,31,3936,12,2113,19,1823,0,0,30,2979,1,541,30,3520,California
Kings,2021-01-17,8,3944,5,2118,3,1826,0,0,6,2983,2,543,6,3526,California
Kings,2021-01-18,172,4116,40,2158,132,1958,0,0,146,3103,26,569,146,3672,California
Kings,2021-01-19,376,4492,158,2316,218,2176,0,0,248,3223,128,697,248,3920,California
Kings,2021-01-20,224,4716,134,2450,90,2266,0,0,119,3241,101,798,119,4039,California
Kings,2021-01-21,186,4902,32,2482,154,2420,0,0,172,3397,16,814,172,4211,California
Kings,2021-01-22,125,5027,38,2520,87,2507,0,0,125,3517,5,819,125,4336,California
Kings,2021-01-23,26,5053,14,2534,12,2519,0,0,20,3531,6,825,20,4356,California
Kings,2021-01-24,4,5057,4,2538,0,2519,0,0,2,3531,2,827,2,4358,California
Kings,2021-01-25,124,5181,26,2564,98,2617,0,0,90,3587,34,861,90,4448,California
Kings,2021-01-26,154,5335,35,2599,119,2736,0,0,115,3663,39,900,115,4563,California
Kings,2021-01-27,319,5654,34,2633,285,3021,0,0,249,3843,69,969,249,4812,California
Kings,2021-01-28,325,5979,46,2679,279,3300,0,0,271,4060,54,1023,271,5083,California
Kings,2021-01-29,86,6065,26,2705,60,3360,0,0,69,4112,17,1040,69,5152,California
Kings,2021-01-30,1556,7621,31,2736,1525,4885,0,0,1553,5664,3,1043,1555,6707,California
Kings,2021-02-01,199,7820,64,2800,135,5020,0,0,72,5611,125,1168,72,6779,California
Kings,2021-02-02,226,8046,14,2814,212,5232,0,0,82,5550,143,1311,82,6861,California
Kings,2021-02-03,358,8404,192,3006,166,5398,0,0,203,5599,154,1465,203,7064,California
Kings,2021-02-04,395,8799,98,3104,297,5695,0,0,199,5603,195,1660,199,7263,California
Kings,2021-02-05,257,9056,14,3118,243,5938,0,0,102,5552,153,1813,102,7365,California
Kings,2021-02-06,60,9116,10,3128,50,5988,0,0,27,5546,33,1846,27,7392,California
Kings,2021-02-07,5,9121,3,3131,2,5990,0,0,3,5547,2,1848,3,7395,California
Kings,2021-02-08,170,9291,29,3160,141,6131,0,0,68,5513,102,1950,68,7463,California
Kings,2021-02-09,253,9544,57,3217,196,6327,0,0,110,5482,141,2091,110,7573,California
Kings,2021-02-10,286,9830,112,3329,174,6501,0,0,173,5542,113,2204,173,7746,California
Kings,2021-02-11,429,10259,65,3394,364,6865,0,0,318,5750,110,2314,318,8064,California
Kings,2021-02-12,611,10870,36,3430,575,7440,0,0,340,5819,271,2585,340,8404,California
Kings,2021-02-13,103,10973,6,3436,97,7537,0,0,78,5872,25,2610,78,8482,California
Kings,2021-02-14,102,11075,4,3440,98,7635,0,0,94,5958,8,2618,94,8576,California
Kings,2021-02-15,246,11321,5,3445,241,7876,0,0,137,5987,108,2726,137,8713,California
Kings,2021-02-16,484,11805,33,3478,451,8327,0,0,250,6004,233,2959,250,8963,California
Kings,2021-02-17,378,12183,22,3500,356,8683,0,0,241,6109,137,3096,242,9205,California
Kings,2021-02-18,155,12338,23,3523,132,8815,0,0,98,6150,57,3153,98,9303,California
Kings,2021-02-19,157,12495,22,3545,135,8950,0,0,101,6198,53,3206,101,9404,California
Kings,2021-02-20,171,12666,40,3585,131,9081,0,0,134,6295,37,3243,134,9538,California
Kings,2021-02-21,3,12669,2,3587,1,9082,0,0,3,6298,0,3243,3,9541,California
Kings,2021-02-22,110,12779,19,3606,91,9173,0,0,51,6290,59,3302,51,9592,California
Kings,2021-02-23,296,13075,69,3675,227,9400,0,0,179,6352,117,3419,179,9771,California
Kings,2021-02-24,592,13667,154,3829,438,9838,0,0,380,6520,212,3631,380,10151,California
Kings,2021-02-25,662,14329,112,3941,550,10388,0,0,444,6748,216,3847,444,10595,California
Kings,2021-02-26,657,14986,129,4070,528,10916,0,0,594,7280,62,3909,594,11189,California
Kings,2021-02-27,1498,16484,62,4132,1436,12352,0,0,564,6911,933,4842,564,11753,California
Kings,2021-02-28,1170,17654,595,4727,575,12927,0,0,672,7088,495,5337,672,12425,California
Kings,2021-03-01,258,17912,79,4806,179,13106,0,0,213,7256,45,5382,213,12638,California
Kings,2021-03-02,470,18382,206,5012,264,13370,0,0,420,7627,50,5432,421,13059,California
Kings,2021-03-03,625,19007,302,5314,323,13693,0,0,438,7879,186,5618,438,13497,California
Kings,2021-03-04,714,19721,343,5657,371,14064,0,0,618,8402,96,5714,619,14116,California
Kings,2021-03-05,1007,20728,350,6007,648,14712,9,9,891,9187,116,5830,901,15017,California
Kings,2021-03-06,510,21238,184,6191,313,15025,13,22,481,9652,29,5859,494,15511,California
Kings,2021-03-07,366,21604,225,6416,137,15162,4,26,358,10006,8,5867,362,15873,California
Kings,2021-03-08,349,21953,97,6513,199,15361,53,79,240,10189,109,5976,292,16165,California
Kings,2021-03-09,516,22469,238,6751,223,15584,55,134,410,10549,106,6082,466,16631,California
Kings,2021-03-10,501,22970,123,6874,287,15871,91,225,319,10777,181,6263,409,17040,California
Kings,2021-03-11,1018,23988,305,7179,603,16474,110,335,613,11097,403,6666,723,17763,California
Kings,2021-03-12,1305,25293,391,7570,820,17294,94,429,904,11697,400,7066,1000,18763,California
Kings,2021-03-13,672,25965,332,7902,296,17590,44,473,545,12160,127,7193,590,19353,California
Kings,2021-03-14,671,26636,101,8003,184,17774,386,859,200,12275,471,7664,586,19939,California
Kings,2021-03-15,654,27290,219,8222,320,18094,115,974,418,12575,235,7899,535,20474,California
Kings,2021-03-16,1039,28329,439,8661,539,18633,61,1035,703,13003,336,8235,764,21238,California
Kings,2021-03-17,1087,29416,416,9077,610,19243,61,1096,769,13522,318,8553,837,22075,California
Kings,2021-03-18,1098,30514,466,9543,410,19653,222,1318,766,14182,331,8884,991,23066,California
Kings,2021-03-19,931,31445,468,10011,378,20031,85,1403,714,14777,217,9101,812,23878,California
Kings,2021-03-20,622,32067,255,10266,337,20368,30,1433,449,15092,171,9272,486,24364,California
Kings,2021-03-21,1400,33467,1085,11351,304,20672,11,1444,847,15397,553,9825,858,25222,California
Kings,2021-03-22,450,33917,203,11554,163,20835,84,1528,276,15587,174,9999,364,25586,California
Kings,2021-03-23,897,34814,492,12046,342,21177,63,1591,574,15906,321,10320,640,26226,California
Kings,2021-03-24,915,35729,474,12520,418,21595,23,1614,508,16034,405,10725,533,26759,California
Kings,2021-03-25,885,36614,440,12960,419,22014,26,1640,443,16063,440,11165,469,27228,California
Kings,2021-03-26,1281,37895,374,13334,822,22836,85,1725,528,15927,748,11913,612,27840,California
Kings,2021-03-27,616,38511,245,13579,359,23195,12,1737,169,15663,445,12358,181,28021,California
Kings,2021-03-28,547,39058,476,14055,64,23259,7,1744,341,15813,206,12564,356,28377,California
Kings,2021-03-29,456,39514,201,14256,195,23454,60,1804,251,15920,203,12767,310,28687,California
Kings,2021-03-30,832,40346,459,14715,335,23789,38,1842,415,15957,416,13183,453,29140,California
Kings,2021-03-31,721,41067,374,15089,283,24072,64,1906,413,16133,301,13484,477,29617,California
Kings,2021-04-01,747,41814,375,15464,293,24365,79,1985,342,16155,399,13883,421,30038,California
Kings,2021-04-02,973,42787,422,15886,429,24794,122,2107,425,16158,543,14426,546,30584,California
Kings,2021-04-03,471,43258,327,16213,136,24930,8,2115,159,16021,306,14732,169,30753,California
Kings,2021-04-04,156,43414,82,16295,68,24998,6,2121,44,15960,111,14843,50,30803,California
Kings,2021-04-05,1043,44457,320,16615,473,25471,250,2371,253,15674,789,15632,503,31306,California
Kings,2021-04-06,1178,45635,446,17061,425,25896,307,2678,295,15395,880,16512,601,31907,California
Kings,2021-04-07,1336,46971,638,17699,514,26410,184,2862,412,15069,922,17434,596,32503,California
Kings,2021-04-08,1592,48563,627,18326,713,27123,252,3114,363,14462,1222,18656,615,33118,California
Kings,2021-04-09,1103,49666,523,18849,406,27529,174,3288,237,14007,864,19520,409,33527,California
Kings,2021-04-10,590,50256,328,19177,160,27689,102,3390,178,13876,411,19931,280,33807,California
Kings,2021-04-11,322,50578,74,19251,242,27931,6,3396,190,13940,132,20063,196,34003,California
Kings,2021-04-12,691,51269,307,19558,186,28117,198,3594,189,13827,500,20563,387,34390,California
Kings,2021-04-13,874,52143,502,20060,372,28489,0,3594,282,13523,591,21154,287,34677,California
Kings,2021-04-14,1017,53160,563,20623,454,28943,0,3594,369,13245,648,21802,370,35047,California
Kings,2021-04-15,1017,54177,496,21119,520,29463,1,3595,454,13138,562,22364,455,35502,California
Kings,2021-04-16,766,54943,360,21479,406,29869,0,3595,269,12911,496,22860,269,35771,California
Kings,2021-04-17,454,55397,241,21720,213,30082,0,3595,198,12854,255,23115,198,35969,California
Kings,2021-04-18,547,55944,237,21957,310,30392,0,3595,69,12445,478,23593,69,36038,California
Kings,2021-04-19,523,56467,288,22245,233,30625,2,3597,285,12494,236,23829,285,36323,California
Kings,2021-04-20,727,57194,440,22685,287,30912,0,3597,242,12253,483,24312,242,36565,California
Kings,2021-04-21,628,57822,303,22988,325,31237,0,3597,220,12070,403,24715,220,36785,California
Kings,2021-04-22,554,58376,279,23267,275,31512,0,3597,211,11943,339,25054,212,36997,California
Kings,2021-04-23,635,59011,277,23544,358,31870,0,3597,316,11944,315,25369,316,37313,California
Kings,2021-04-24,192,59203,129,23673,62,31932,1,3598,97,11948,94,25463,98,37411,California
Kings,2021-04-25,146,59349,128,23801,18,31950,0,3598,114,12030,32,25495,114,37525,California
Kings,2021-04-26,260,59609,126,23927,130,32080,4,3602,163,12101,96,25591,167,37692,California
Kings,2021-04-27,335,59944,154,24081,161,32241,20,3622,136,12059,198,25789,156,37848,California
Kings,2021-04-28,244,60188,108,24189,130,32371,6,3628,130,12081,114,25903,136,37984,California
Lake,2020-12-17,4,4,4,4,0,0,0,0,4,4,0,0,4,4,California
Lake,2020-12-18,51,55,51,55,0,0,0,0,51,55,0,0,51,55,California
Lake,2020-12-19,3,58,3,58,0,0,0,0,3,58,0,0,3,58,California
Lake,2020-12-20,6,64,6,64,0,0,0,0,6,64,0,0,6,64,California
Lake,2020-12-21,86,150,86,150,0,0,0,0,86,150,0,0,86,150,California
Lake,2020-12-22,63,213,60,210,3,3,0,0,63,213,0,0,63,213,California
Lake,2020-12-23,123,336,114,324,9,12,0,0,123,336,0,0,123,336,California
Lake,2020-12-24,2,338,0,324,2,14,0,0,2,338,0,0,2,338,California
Lake,2020-12-26,2,340,2,326,0,14,0,0,2,340,0,0,2,340,California
Lake,2020-12-27,2,342,2,328,0,14,0,0,2,342,0,0,2,342,California
Lake,2020-12-28,52,394,43,371,9,23,0,0,52,394,0,0,52,394,California
Lake,2020-12-29,49,443,44,415,5,28,0,0,49,443,0,0,49,443,California
Lake,2020-12-30,124,567,117,532,7,35,0,0,124,567,0,0,124,567,California
Lake,2020-12-31,67,634,64,596,3,38,0,0,67,634,0,0,67,634,California
Lake,2021-01-01,1,635,0,596,1,39,0,0,1,635,0,0,1,635,California
Lake,2021-01-02,2,637,1,597,1,40,0,0,2,637,0,0,2,637,California
Lake,2021-01-04,87,724,21,618,66,106,0,0,87,724,0,0,87,724,California
Lake,2021-01-05,119,843,59,677,60,166,0,0,117,839,2,2,117,841,California
Lake,2021-01-06,105,948,65,742,40,206,0,0,103,940,2,4,103,944,California
Lake,2021-01-07,104,1052,83,825,21,227,0,0,95,1026,9,13,95,1039,California
Lake,2021-01-08,152,1204,124,949,28,255,0,0,100,1074,52,65,100,1139,California
Lake,2021-01-09,63,1267,61,1010,2,257,0,0,59,1129,4,69,59,1198,California
Lake,2021-01-10,3,1270,3,1013,0,257,0,0,0,1126,3,72,0,1198,California
Lake,2021-01-11,192,1462,151,1164,41,298,0,0,112,1158,80,152,112,1310,California
Lake,2021-01-12,80,1542,48,1212,32,330,0,0,56,1190,24,176,56,1366,California
Lake,2021-01-13,164,1706,112,1324,52,382,0,0,107,1240,57,233,107,1473,California
Lake,2021-01-14,147,1853,46,1370,101,483,0,0,125,1343,22,255,125,1598,California
Lake,2021-01-15,215,2068,92,1462,123,606,0,0,188,1504,27,282,188,1786,California
Lake,2021-01-16,134,2202,81,1543,53,659,0,0,132,1634,2,284,132,1918,California
Lake,2021-01-17,18,2220,6,1549,12,671,0,0,12,1640,6,290,12,1930,California
Lake,2021-01-18,244,2464,224,1773,20,691,0,0,126,1648,118,408,126,2056,California
Lake,2021-01-19,311,2775,117,1890,194,885,0,0,266,1870,45,453,267,2323,California
Lake,2021-01-20,421,3196,80,1970,341,1226,0,0,357,2164,63,516,357,2680,California
Lake,2021-01-21,433,3629,49,2019,384,1610,0,0,398,2527,35,551,398,3078,California
Lake,2021-01-22,318,3947,46,2065,272,1882,0,0,282,2773,36,587,282,3360,California
Lake,2021-01-23,122,4069,5,2070,117,1999,0,0,121,2893,1,588,121,3481,California
Lake,2021-01-24,4,4073,1,2071,3,2002,0,0,4,2897,0,588,4,3485,California
Lake,2021-01-25,257,4330,95,2166,162,2164,0,0,176,2992,81,669,176,3661,California
Lake,2021-01-26,428,4758,36,2202,392,2556,0,0,405,3374,23,692,405,4066,California
Lake,2021-01-27,357,5115,39,2241,318,2874,0,0,330,3678,27,719,331,4397,California
Lake,2021-01-28,500,5615,160,2401,340,3214,0,0,372,3922,128,847,372,4769,California
Lake,2021-01-29,637,6252,83,2484,554,3768,0,0,577,4439,60,907,577,5346,California
Lake,2021-01-30,556,6808,45,2529,511,4279,0,0,550,4983,6,913,550,5896,California
Lake,2021-01-31,14,6822,8,2537,6,4285,0,0,12,4993,2,915,12,5908,California
Lake,2021-02-01,179,7001,18,2555,161,4446,0,0,166,5146,13,928,166,6074,California
Lake,2021-02-02,564,7565,153,2708,411,4857,0,0,399,5380,165,1093,399,6473,California
Lake,2021-02-03,445,8010,33,2741,412,5269,0,0,340,5615,105,1198,340,6813,California
Lake,2021-02-04,119,8129,69,2810,50,5319,0,0,73,5642,46,1244,73,6886,California
Lake,2021-02-05,377,8506,69,2879,308,5627,0,0,288,5843,87,1331,288,7174,California
Lake,2021-02-06,275,8781,40,2919,235,5862,0,0,264,6096,11,1342,264,7438,California
Lake,2021-02-07,2,8783,1,2920,1,5863,0,0,2,6098,0,1342,2,7440,California
Lake,2021-02-08,279,9062,206,3126,73,5936,0,0,160,6139,119,1461,160,7600,California
Lake,2021-02-09,347,9409,25,3151,322,6258,0,0,303,6399,43,1504,303,7903,California
Lake,2021-02-10,350,9759,54,3205,296,6554,0,0,274,6597,76,1580,274,8177,California
Lake,2021-02-11,169,9928,18,3223,151,6705,0,0,56,6540,113,1693,56,8233,California
Lake,2021-02-12,375,10303,28,3251,347,7052,0,0,289,6743,86,1779,289,8522,California
Lake,2021-02-13,249,10552,9,3260,240,7292,0,0,238,6970,11,1790,238,8760,California
Lake,2021-02-14,19,10571,4,3264,15,7307,0,0,6,6963,13,1803,6,8766,California
Lake,2021-02-15,172,10743,13,3277,159,7466,0,0,8,6808,163,1966,8,8774,California
Lake,2021-02-16,420,11163,22,3299,398,7864,0,0,174,6736,246,2212,174,8948,California
Lake,2021-02-17,351,11514,54,3353,297,8161,0,0,70,6526,280,2492,70,9018,California
Lake,2021-02-18,456,11970,69,3422,387,8548,0,0,114,6298,342,2834,114,9132,California
Lake,2021-02-19,415,12385,25,3447,390,8938,0,0,90,6063,325,3159,90,9222,California
Lake,2021-02-20,294,12679,60,3507,234,9172,0,0,251,6272,42,3201,251,9473,California
Lake,2021-02-21,6,12685,6,3513,0,9172,0,0,0,6266,6,3207,0,9473,California
Lake,2021-02-22,140,12825,24,3537,116,9288,0,0,43,6212,97,3304,43,9516,California
Lake,2021-02-23,212,13037,15,3552,197,9485,0,0,26,6052,186,3490,26,9542,California
Lake,2021-02-24,958,13995,380,3932,578,10063,0,0,419,5933,538,4028,419,9961,California
Lake,2021-02-25,732,14727,463,4395,269,10332,0,0,471,6145,259,4287,471,10432,California
Lake,2021-02-26,994,15721,304,4699,690,11022,0,0,348,5850,643,4930,348,10780,California
Lake,2021-02-27,410,16131,97,4796,313,11335,0,0,328,6096,82,5012,328,11108,California
Lake,2021-02-28,18,16149,12,4808,6,11341,0,0,10,6098,8,5020,10,11118,California
Lake,2021-03-01,595,16744,52,4860,543,11884,0,0,442,6387,153,5173,442,11560,California
Lake,2021-03-02,744,17488,18,4878,726,12610,0,0,291,6224,454,5627,291,11851,California
Lake,2021-03-03,359,17847,196,5074,163,12773,0,0,135,6135,224,5851,135,11986,California
Lake,2021-03-04,577,18424,509,5583,68,12841,0,0,562,6682,15,5866,562,12548,California
Lake,2021-03-05,1037,19461,40,5623,997,13838,0,0,174,5997,859,6725,174,12722,California
Lake,2021-03-06,36,19497,11,5634,24,13862,1,1,21,6004,15,6740,22,12744,California
Lake,2021-03-07,7,19504,5,5639,2,13864,0,1,4,6005,3,6743,4,12748,California
Lake,2021-03-08,338,19842,267,5906,62,13926,9,10,298,6272,40,6783,307,13055,California
Lake,2021-03-09,917,20759,29,5935,871,14797,17,27,392,6157,524,7307,409,13464,California
Lake,2021-03-10,202,20961,60,5995,129,14926,13,40,135,6238,67,7374,148,13612,California
Lake,2021-03-11,584,21545,47,6042,62,14988,475,515,49,6227,535,7909,524,14136,California
Lake,2021-03-12,858,22403,205,6247,629,15617,24,539,365,6124,492,8401,389,14525,California
Lake,2021-03-13,278,22681,21,6268,20,15637,237,776,16,6115,261,8662,252,14777,California
Lake,2021-03-14,11,22692,2,6270,9,15646,0,776,7,6118,4,8666,7,14784,California
Lake,2021-03-15,642,23334,14,6284,611,16257,17,793,483,6459,159,8825,500,15284,California
Lake,2021-03-16,1115,24449,836,7120,262,16519,17,810,450,6264,661,9486,466,15750,California
Lake,2021-03-17,246,24695,121,7241,103,16622,22,832,89,6218,157,9643,111,15861,California
Lake,2021-03-18,751,25446,373,7614,341,16963,37,869,374,6252,376,10019,410,16271,California
Lake,2021-03-19,582,26028,315,7929,247,17210,20,889,479,6649,102,10121,499,16770,California
Lake,2021-03-20,249,26277,8,7937,238,17448,3,892,30,6465,217,10338,33,16803,California
Lake,2021-03-21,17,26294,11,7948,5,17453,1,893,12,6473,5,10343,13,16816,California
Lake,2021-03-22,320,26614,240,8188,66,17519,14,907,235,6637,85,10428,249,17065,California
Lake,2021-03-23,416,27030,18,8206,385,17904,13,920,355,6945,60,10488,368,17433,California
Lake,2021-03-24,413,27443,61,8267,344,18248,8,928,317,7176,95,10583,326,17759,California
Lake,2021-03-25,658,28101,468,8735,184,18432,6,934,174,6872,484,11067,180,17939,California
Lake,2021-03-26,71,28172,33,8768,37,18469,1,935,49,6900,22,11089,50,17989,California
Lake,2021-03-27,309,28481,7,8775,299,18768,3,938,17,6630,290,11379,20,18009,California
Lake,2021-03-28,16,28497,7,8782,9,18777,0,938,10,6634,6,11385,10,18019,California
Lake,2021-03-29,899,29396,269,9051,628,19405,2,940,193,6125,704,12089,195,18214,California
Lake,2021-03-30,452,29848,304,9355,146,19551,2,942,366,6408,85,12174,368,18582,California
Lake,2021-03-31,582,30430,60,9415,521,20072,1,943,416,6667,158,12332,417,18999,California
Lake,2021-04-01,429,30859,224,9639,193,20265,12,955,181,6615,245,12577,193,19192,California
Lake,2021-04-02,224,31083,43,9682,153,20418,28,983,101,6621,123,12700,129,19321,California
Lake,2021-04-03,30,31113,7,9689,20,20438,3,986,11,6616,19,12719,14,19335,California
Lake,2021-04-04,20,31133,10,9699,8,20446,2,988,15,6628,5,12724,17,19352,California
Lake,2021-04-05,634,31767,69,9768,546,20992,19,1007,396,6807,235,12959,414,19766,California
Lake,2021-04-06,472,32239,15,9783,431,21423,26,1033,300,6962,171,13130,326,20092,California
Lake,2021-04-07,515,32754,55,9838,410,21833,50,1083,350,7199,163,13293,400,20492,California
Lake,2021-04-08,597,33351,485,10323,45,21878,67,1150,102,6876,492,13785,169,20661,California
Lake,2021-04-09,283,33634,44,10367,170,22048,69,1219,49,6763,231,14016,118,20779,California
Lake,2021-04-10,253,33887,15,10382,14,22062,224,1443,11,6756,242,14258,235,21014,California
Lake,2021-04-11,22,33909,17,10399,3,22065,2,1445,7,6750,15,14273,9,21023,California
Lake,2021-04-12,1067,34976,231,10630,803,22868,33,1478,248,6213,818,15091,281,21304,California
Lake,2021-04-13,180,35156,109,10739,71,22939,0,1478,53,6139,127,15218,53,21357,California
Lake,2021-04-14,606,35762,36,10775,570,23509,0,1478,546,6625,60,15278,546,21903,California
Lake,2021-04-15,624,36386,176,10951,448,23957,0,1478,316,6633,308,15586,316,22219,California
Lake,2021-04-16,259,36645,25,10976,233,24190,1,1479,69,6514,189,15775,70,22289,California
Lake,2021-04-17,39,36684,10,10986,29,24219,0,1479,28,6531,11,15786,28,22317,California
Lake,2021-04-18,8,36692,5,10991,3,24222,0,1479,0,6523,8,15794,0,22317,California
Lake,2021-04-19,297,36989,40,11031,257,24479,0,1479,246,6718,51,15845,246,22563,California
Lake,2021-04-20,687,37676,274,11305,413,24892,0,1479,112,6257,574,16419,113,22676,California
Lake,2021-04-21,529,38205,62,11367,467,25359,0,1479,201,6131,327,16746,201,22877,California
Lake,2021-04-22,435,38640,44,11411,391,25750,0,1479,289,6274,146,16892,289,23166,California
Lake,2021-04-23,118,38758,63,11474,55,25805,0,1479,68,6292,50,16942,68,23234,California
Lake,2021-04-24,44,38802,12,11486,32,25837,0,1479,30,6308,14,16956,30,23264,California
Lake,2021-04-25,26,38828,14,11500,12,25849,0,1479,16,6315,9,16965,16,23280,California
Lake,2021-04-26,207,39035,58,11558,148,25997,1,1480,60,6229,147,17112,61,23341,California
Lake,2021-04-27,175,39210,17,11575,152,26149,6,1486,55,6170,120,17232,61,23402,California
Lake,2021-04-28,216,39426,21,11596,190,26339,5,1491,56,6072,159,17391,61,23463,California
Lassen,2020-12-16,8,8,8,8,0,0,0,0,8,8,0,0,8,8,California
Lassen,2020-12-17,6,14,6,14,0,0,0,0,6,14,0,0,6,14,California
Lassen,2020-12-18,1,15,1,15,0,0,0,0,1,15,0,0,1,15,California
Lassen,2020-12-19,5,20,5,20,0,0,0,0,5,20,0,0,5,20,California
Lassen,2020-12-20,2,22,2,22,0,0,0,0,2,22,0,0,2,22,California
Lassen,2020-12-21,11,33,11,33,0,0,0,0,11,33,0,0,11,33,California
Lassen,2020-12-22,23,56,23,56,0,0,0,0,23,56,0,0,23,56,California
Lassen,2020-12-23,6,62,6,62,0,0,0,0,6,62,0,0,6,62,California
Lassen,2020-12-24,11,73,11,73,0,0,0,0,11,73,0,0,11,73,California
Lassen,2020-12-28,3,76,2,75,1,1,0,0,3,76,0,0,3,76,California
Lassen,2020-12-29,35,111,35,110,0,1,0,0,35,111,0,0,35,111,California
Lassen,2020-12-30,37,148,36,146,1,2,0,0,37,148,0,0,37,148,California
Lassen,2020-12-31,49,197,42,188,7,9,0,0,49,197,0,0,49,197,California
Lassen,2021-01-02,1,198,0,188,1,10,0,0,1,198,0,0,1,198,California
Lassen,2021-01-04,15,213,1,189,14,24,0,0,15,213,0,0,15,213,California
Lassen,2021-01-05,194,407,53,242,141,165,0,0,194,407,0,0,194,407,California
Lassen,2021-01-06,93,500,42,284,51,216,0,0,85,485,8,8,86,493,California
Lassen,2021-01-07,43,543,7,291,36,252,0,0,37,516,6,14,37,530,California
Lassen,2021-01-08,50,593,2,293,48,300,0,0,50,566,0,14,50,580,California
Lassen,2021-01-09,12,605,6,299,6,306,0,0,12,578,0,14,12,592,California
Lassen,2021-01-11,27,632,5,304,22,328,0,0,27,605,0,14,27,619,California
Lassen,2021-01-12,49,681,29,333,20,348,0,0,30,616,19,33,30,649,California
Lassen,2021-01-13,161,842,18,351,143,491,0,0,146,747,15,48,146,795,California
Lassen,2021-01-14,163,1005,18,369,145,636,0,0,151,886,12,60,151,946,California
Lassen,2021-01-15,33,1038,6,375,27,663,0,0,33,919,0,60,33,979,California
Lassen,2021-01-16,34,1072,33,408,1,664,0,0,34,953,0,60,34,1013,California
Lassen,2021-01-17,1,1073,0,408,1,665,0,0,1,954,0,60,1,1014,California
Lassen,2021-01-18,5,1078,2,410,3,668,0,0,4,957,1,61,4,1018,California
Lassen,2021-01-19,185,1263,36,446,149,817,0,0,157,1086,28,89,157,1175,California
Lassen,2021-01-20,189,1452,101,547,88,905,0,0,105,1122,69,158,105,1280,California
Lassen,2021-01-21,144,1596,93,640,51,956,0,0,120,1224,18,176,120,1400,California
Lassen,2021-01-22,31,1627,18,658,13,969,0,0,21,1235,10,186,21,1421,California
Lassen,2021-01-23,2,1629,0,658,2,971,0,0,2,1237,0,186,2,1423,California
Lassen,2021-01-24,1,1630,0,658,1,972,0,0,1,1238,0,186,1,1424,California
Lassen,2021-01-25,11,1641,0,658,11,983,0,0,11,1249,0,186,11,1435,California
Lassen,2021-01-26,126,1767,12,670,114,1097,0,0,122,1367,4,190,122,1557,California
Lassen,2021-01-27,85,1852,33,703,52,1149,0,0,69,1420,16,206,69,1626,California
Lassen,2021-01-28,85,1937,14,717,71,1220,0,0,84,1503,1,207,84,1710,California
Lassen,2021-01-29,23,1960,7,724,16,1236,0,0,22,1524,1,208,22,1732,California
Lassen,2021-02-01,62,2022,4,728,58,1294,0,0,36,1534,26,234,36,1768,California
Lassen,2021-02-02,177,2199,12,740,165,1459,0,0,44,1445,133,367,44,1812,California
Lassen,2021-02-03,96,2295,21,761,75,1534,0,0,51,1451,45,412,51,1863,California
Lassen,2021-02-04,112,2407,15,776,97,1631,0,0,63,1465,49,461,63,1926,California
Lassen,2021-02-05,65,2472,12,788,53,1684,0,0,23,1446,42,503,23,1949,California
Lassen,2021-02-06,70,2542,35,823,35,1719,0,0,37,1451,32,535,37,1986,California
Lassen,2021-02-07,2,2544,2,825,0,1719,0,0,2,1453,0,535,2,1988,California
Lassen,2021-02-08,43,2587,4,829,39,1758,0,0,18,1446,25,560,18,2006,California
Lassen,2021-02-09,129,2716,8,837,121,1879,0,0,50,1417,79,639,50,2056,California
Lassen,2021-02-10,183,2899,21,858,162,2041,0,0,75,1384,108,747,75,2131,California
Lassen,2021-02-11,184,3083,16,874,168,2209,0,0,80,1361,103,850,80,2211,California
Lassen,2021-02-12,42,3125,11,885,31,2240,0,0,14,1347,28,878,14,2225,California
Lassen,2021-02-13,11,3136,3,888,8,2248,0,0,9,1354,2,880,9,2234,California
Lassen,2021-02-14,13,3149,0,888,13,2261,0,0,12,1365,1,881,12,2246,California
Lassen,2021-02-15,21,3170,2,890,19,2280,0,0,17,1378,4,885,17,2263,California
Lassen,2021-02-16,192,3362,4,894,188,2468,0,0,31,1250,159,1044,31,2294,California
Lassen,2021-02-17,184,3546,94,988,90,2558,0,0,11,1088,173,1217,11,2305,California
Lassen,2021-02-18,79,3625,22,1010,57,2615,0,0,20,1049,59,1276,20,2325,California
Lassen,2021-02-19,82,3707,62,1072,20,2635,0,0,18,1003,64,1340,18,2343,California
Lassen,2021-02-20,7,3714,0,1072,7,2642,0,0,5,1006,2,1342,5,2348,California
Lassen,2021-02-21,22,3736,2,1074,20,2662,0,0,18,1020,4,1346,18,2366,California
Lassen,2021-02-22,23,3759,8,1082,15,2677,0,0,5,1007,18,1364,5,2371,California
Lassen,2021-02-23,153,3912,10,1092,143,2820,0,0,41,936,112,1476,41,2412,California
Lassen,2021-02-24,166,4078,17,1109,149,2969,0,0,108,987,57,1533,108,2520,California
Lassen,2021-02-25,156,4234,19,1128,137,3106,0,0,99,1029,57,1590,99,2619,California
Lassen,2021-02-26,73,4307,16,1144,57,3163,0,0,36,1028,37,1627,36,2655,California
Lassen,2021-02-27,8,4315,7,1151,1,3164,0,0,3,1026,5,1632,3,2658,California
Lassen,2021-02-28,6,4321,1,1152,5,3169,0,0,3,1026,3,1635,3,2661,California
Lassen,2021-03-01,41,4362,4,1156,37,3206,0,0,8,1001,33,1668,8,2669,California
Lassen,2021-03-02,107,4469,9,1165,98,3304,0,0,80,1054,27,1695,80,2749,California
Lassen,2021-03-03,170,4639,12,1177,158,3462,0,0,113,1110,57,1752,113,2862,California
Lassen,2021-03-04,148,4787,15,1192,133,3595,0,0,98,1159,49,1801,98,2960,California
Lassen,2021-03-05,47,4834,7,1199,17,3612,23,23,11,1157,36,1837,34,2994,California
Lassen,2021-03-06,56,4890,5,1204,29,3641,22,45,6,1135,50,1887,28,3022,California
Lassen,2021-03-07,56,4946,1,1205,0,3641,55,100,1,1136,55,1942,56,3078,California
Lassen,2021-03-08,90,5036,2,1207,8,3649,80,180,3,1133,86,2028,83,3161,California
Lassen,2021-03-09,137,5173,11,1218,109,3758,17,197,88,1190,49,2077,106,3267,California
Lassen,2021-03-10,173,5346,10,1228,162,3920,1,198,79,1177,93,2170,80,3347,California
Lassen,2021-03-11,185,5531,16,1244,162,4082,7,205,113,1228,69,2239,120,3467,California
Lassen,2021-03-12,35,5566,18,1262,13,4095,4,209,12,1221,23,2262,16,3483,California
Lassen,2021-03-13,49,5615,0,1262,3,4098,46,255,1,1219,48,2310,46,3529,California
Lassen,2021-03-14,14,5629,2,1264,11,4109,1,256,2,1210,12,2322,3,3532,California
Lassen,2021-03-15,32,5661,1,1265,31,4140,0,256,16,1210,16,2338,16,3548,California
Lassen,2021-03-16,93,5754,2,1267,85,4225,6,262,75,1273,18,2356,81,3629,California
Lassen,2021-03-17,1086,6840,9,1276,1072,5297,5,267,1066,2324,20,2376,1071,4700,California
Lassen,2021-03-18,95,6935,9,1285,85,5382,1,268,81,2392,14,2390,82,4782,California
Lassen,2021-03-19,17,6952,11,1296,2,5384,4,272,7,2393,10,2400,11,4793,California
Lassen,2021-03-20,28,6980,3,1299,22,5406,3,275,22,2412,6,2406,25,4818,California
Lassen,2021-03-21,34,7014,0,1299,34,5440,0,275,14,2407,19,2425,14,4832,California
Lassen,2021-03-22,57,7071,1,1300,56,5496,0,275,54,2458,3,2428,54,4886,California
Lassen,2021-03-23,117,7188,9,1309,107,5603,1,276,66,2474,51,2479,67,4953,California
Lassen,2021-03-24,212,7400,13,1322,199,5802,0,276,107,2477,104,2583,107,5060,California
Lassen,2021-03-25,151,7551,20,1342,131,5933,0,276,69,2464,82,2665,69,5129,California
Lassen,2021-03-26,78,7629,12,1354,27,5960,39,315,19,2463,59,2724,58,5187,California
Lassen,2021-03-27,20,7649,4,1358,1,5961,15,330,3,2464,17,2741,18,5205,California
Lassen,2021-03-28,18,7667,3,1361,5,5966,10,340,4,2464,14,2755,14,5219,California
Lassen,2021-03-29,52,7719,0,1361,27,5993,25,365,20,2478,31,2786,45,5264,California
Lassen,2021-03-30,198,7917,10,1371,163,6156,25,390,51,2407,147,2933,76,5340,California
Lassen,2021-03-31,146,8063,12,1383,112,6268,22,412,62,2407,84,3017,84,5424,California
Lassen,2021-04-01,166,8229,16,1399,131,6399,19,431,49,2359,116,3133,68,5492,California
Lassen,2021-04-02,29,8258,4,1403,3,6402,22,453,2,2356,27,3160,24,5516,California
Lassen,2021-04-03,12,8270,0,1403,2,6404,10,463,0,2354,12,3172,10,5526,California
Lassen,2021-04-04,7,8277,2,1405,0,6404,5,468,1,2354,6,3178,6,5532,California
Lassen,2021-04-05,23,8300,4,1409,12,6416,7,475,11,2361,11,3189,18,5550,California
Lassen,2021-04-06,183,8483,8,1417,145,6561,30,505,52,2312,131,3320,82,5632,California
Lassen,2021-04-07,135,8618,5,1422,93,6654,37,542,32,2280,103,3423,71,5703,California
Lassen,2021-04-08,169,8787,8,1430,105,6759,56,598,33,2237,132,3555,89,5792,California
Lassen,2021-04-09,52,8839,6,1436,11,6770,35,633,9,2238,42,3597,43,5835,California
Lassen,2021-04-10,9,8848,0,1436,2,6772,7,640,0,2237,8,3605,7,5842,California
Lassen,2021-04-11,5,8853,2,1438,0,6772,3,643,2,2239,3,3608,5,5847,California
Lassen,2021-04-12,25,8878,2,1440,10,6782,13,656,1,2229,24,3632,14,5861,California
Lassen,2021-04-13,130,9008,6,1446,124,6906,0,656,41,2182,88,3720,41,5902,California
Lassen,2021-04-14,986,9994,16,1462,970,7876,0,656,50,1297,935,4655,50,5952,California
Lassen,2021-04-15,147,10141,14,1476,133,8009,0,656,19,1188,128,4783,19,5971,California
Lassen,2021-04-16,11,10152,4,1480,7,8016,0,656,5,1188,6,4789,6,5977,California
Lassen,2021-04-17,24,10176,3,1483,21,8037,0,656,4,1172,20,4809,4,5981,California
Lassen,2021-04-18,5,10181,2,1485,3,8040,0,656,2,1171,3,4812,2,5983,California
Lassen,2021-04-19,32,10213,0,1485,32,8072,0,656,16,1171,16,4828,16,5999,California
Lassen,2021-04-20,133,10346,7,1492,126,8198,0,656,48,1134,85,4913,48,6047,California
Lassen,2021-04-21,160,10506,9,1501,149,8347,2,658,32,1040,126,5039,32,6079,California
Lassen,2021-04-22,91,10597,15,1516,76,8423,0,658,31,1011,60,5099,31,6110,California
Lassen,2021-04-23,32,10629,2,1518,29,8452,1,659,23,1025,9,5108,23,6133,California
Lassen,2021-04-24,10,10639,6,1524,4,8456,0,659,3,1022,6,5114,3,6136,California
Lassen,2021-04-25,4,10643,0,1524,4,8460,0,659,2,1022,2,5116,2,6138,California
Lassen,2021-04-26,34,10677,0,1524,30,8490,4,663,7,1006,27,5143,11,6149,California
Lassen,2021-04-27,74,10751,4,1528,70,8560,0,663,38,1008,36,5179,38,6187,California
Lassen,2021-04-28,48,10799,4,1532,44,8604,0,663,7,974,41,5220,7,6194,California
Los Angeles,2020-12-15,391,391,391,391,0,0,0,0,391,391,0,0,391,391,California
Los Angeles,2020-12-16,3365,3756,3365,3756,0,0,0,0,3365,3756,0,0,3365,3756,California
Los Angeles,2020-12-17,10229,13985,10229,13985,0,0,0,0,10230,13986,0,0,10230,13986,California
Los Angeles,2020-12-18,14508,28493,14484,28469,24,24,0,0,14508,28494,0,0,14508,28494,California
Los Angeles,2020-12-19,7221,35714,7213,35682,8,32,0,0,7222,35716,0,0,7222,35716,California
Los Angeles,2020-12-20,4586,40300,4579,40261,7,39,0,0,4588,40304,0,0,4588,40304,California
Los Angeles,2020-12-21,13680,53980,13666,53927,14,53,0,0,13681,53984,1,1,13681,53985,California
Los Angeles,2020-12-22,11520,65500,11138,65065,382,435,0,0,11521,65504,1,2,11521,65506,California
Los Angeles,2020-12-23,11878,77378,10124,75189,1754,2189,0,0,11879,77383,0,2,11879,77385,California
Los Angeles,2020-12-24,7013,84391,4247,79436,2766,4955,0,0,7016,84399,0,2,7016,84401,California
Los Angeles,2020-12-25,524,84915,419,79855,105,5060,0,0,524,84923,0,2,524,84925,California
Los Angeles,2020-12-26,2524,87439,2178,82033,346,5406,0,0,2524,87446,1,3,2524,87449,California
Los Angeles,2020-12-27,1757,89196,1027,83060,730,6136,0,0,1757,89203,0,3,1757,89206,California
Los Angeles,2020-12-28,10272,99468,6373,89433,3899,10035,0,0,10270,99472,1,4,10270,99476,California
Los Angeles,2020-12-29,11585,111053,6065,95498,5520,15555,0,0,11587,111059,0,4,11587,111063,California
Los Angeles,2020-12-30,14856,125909,8082,103580,6774,22329,0,0,14855,125914,0,4,14855,125918,California
Los Angeles,2020-12-31,7915,133824,2749,106329,5166,27495,0,0,7913,133826,1,5,7913,133831,California
Los Angeles,2021-01-01,985,134809,266,106595,719,28214,0,0,985,134811,0,5,985,134816,California
Los Angeles,2021-01-02,4448,139257,1651,108246,2797,31011,0,0,4448,139259,0,5,4448,139264,California
Los Angeles,2021-01-03,929,140186,210,108456,719,31730,0,0,928,140186,1,6,928,140192,California
Los Angeles,2021-01-04,12670,152856,4858,113314,7812,39542,0,0,12656,152839,3,9,12656,152848,California
Los Angeles,2021-01-05,15975,168831,7054,120368,8921,48463,0,0,14076,165045,1872,1881,14078,166926,California
Los Angeles,2021-01-06,22510,191341,12055,132423,10455,58918,0,0,16922,176454,5520,7401,16929,183855,California
Los Angeles,2021-01-07,29351,220692,15801,148224,13550,72468,0,0,18857,184875,10448,17849,18869,202724,California
Los Angeles,2021-01-08,33051,253743,17884,166108,15167,87635,0,0,20843,193544,12182,30031,20851,223575,California
Los Angeles,2021-01-09,12346,266089,7063,173171,5283,92918,0,0,7486,196177,4859,34890,7492,231067,California
Los Angeles,2021-01-10,4649,270738,3627,176798,1022,93940,0,0,1922,195373,2727,37617,1923,232990,California
Los Angeles,2021-01-11,25776,296514,16233,193031,9543,103483,0,0,14847,199310,10918,48535,14855,247845,California
Los Angeles,2021-01-12,29200,325714,16070,209101,13130,116613,0,0,19073,208282,10109,58644,19081,266926,California
Los Angeles,2021-01-13,29237,354951,15614,224715,13623,130236,0,0,20298,219663,8922,67566,20303,287229,California
Los Angeles,2021-01-14,29219,384170,12703,237418,16516,146752,0,0,23720,237912,5480,73046,23729,310958,California
Los Angeles,2021-01-15,33763,417933,12341,249759,21422,168174,0,0,30194,264569,3544,76590,30201,341159,California
Los Angeles,2021-01-16,17548,435481,4964,254723,12584,180758,0,0,15770,278573,1770,78360,15774,356933,California
Los Angeles,2021-01-17,5184,440665,2303,257026,2881,183639,0,0,4939,283270,244,78604,4941,361874,California
Los Angeles,2021-01-18,15569,456234,10050,267076,5519,189158,0,0,10864,289443,4693,83297,10866,372740,California
Los Angeles,2021-01-19,38419,494653,20545,287621,17874,207032,0,0,30641,312354,7737,91034,30648,403388,California
Los Angeles,2021-01-20,45562,540215,23733,311354,21829,228861,0,0,38078,342986,7454,98488,38086,441474,California
Los Angeles,2021-01-21,48597,588812,22402,333756,26195,255056,0,0,44338,383141,4197,102685,44352,485826,California
Los Angeles,2021-01-22,47772,636584,22212,355968,25560,280616,0,0,44363,424148,3365,106050,44372,530198,California
Los Angeles,2021-01-23,33936,670520,15700,371668,18236,298852,0,0,31893,454041,2011,108061,31904,562102,California
Los Angeles,2021-01-24,15725,686245,12206,383874,3519,302371,0,0,15176,468676,542,108603,15177,577279,California
Los Angeles,2021-01-25,38645,724890,16404,400278,22241,324612,0,0,30188,490454,8428,117031,30206,607485,California
Los Angeles,2021-01-26,49175,774065,24405,424683,24770,349382,0,0,41014,523358,8128,125159,41032,648517,California
Los Angeles,2021-01-27,48448,822513,25793,450476,22655,372037,0,0,39259,553599,9054,134213,39295,687812,California
Los Angeles,2021-01-28,48533,871046,23080,473556,25453,397490,0,0,40149,585520,8265,142478,40186,727998,California
Los Angeles,2021-01-29,49209,920255,25375,498931,23834,421324,0,0,39169,615031,9689,152167,39200,767198,California
Los Angeles,2021-01-30,29972,950227,15397,514328,14575,435899,0,0,25835,636814,4062,156229,25845,793043,California
Los Angeles,2021-01-31,12999,963226,10364,524692,2635,438534,0,0,12079,647988,908,157137,12082,805125,California
Los Angeles,2021-02-01,37954,1001180,16153,540845,21801,460335,0,0,27706,665488,10216,167353,27716,832841,California
Los Angeles,2021-02-02,44160,1045340,17871,558716,26289,486624,0,0,32003,685375,12119,179472,32006,864847,California
Los Angeles,2021-02-03,51992,1097332,19454,578170,32538,519162,0,0,37326,708275,14432,193904,37332,902179,California
Los Angeles,2021-02-04,57115,1154447,20679,598849,36436,555598,0,0,39085,729647,17724,211628,39096,941275,California
Los Angeles,2021-02-05,61062,1215509,21011,619860,40051,595649,0,0,39234,747477,21410,233038,39240,980515,California
Los Angeles,2021-02-06,35445,1250954,13275,633135,22170,617819,0,0,27036,766198,8336,241374,27057,1007572,California
Los Angeles,2021-02-07,10790,1261744,8374,641509,2416,620235,0,0,8408,772245,2366,243740,8413,1015985,California
Los Angeles,2021-02-08,46677,1308421,21461,662970,25216,645451,0,0,30540,786783,16004,259744,30542,1046527,California
Los Angeles,2021-02-09,55684,1364105,24566,687536,31118,676569,0,0,28364,787900,27254,286998,28371,1074898,California
Los Angeles,2021-02-10,66809,1430914,29370,716906,37439,714008,0,0,30950,783368,35489,322487,30957,1105855,California
Los Angeles,2021-02-11,57910,1488824,30831,747737,27079,741087,0,0,28008,781913,29465,351952,28010,1133865,California
Los Angeles,2021-02-12,59459,1548283,29773,777510,29686,770773,0,0,25949,774700,33178,385130,25965,1159830,California
Los Angeles,2021-02-13,33773,1582056,19605,797115,14168,784941,0,0,15458,771962,18232,403362,15494,1175324,California
Los Angeles,2021-02-14,21861,1603917,14956,812071,6905,791846,0,0,8771,767706,13030,416392,8774,1184098,California
Los Angeles,2021-02-15,32383,1636300,15831,827902,16552,808398,0,0,17772,770933,14551,430943,17778,1201876,California
Los Angeles,2021-02-16,63901,1700201,32470,860372,31431,839829,0,0,29839,766802,33982,464925,29851,1231727,California
Los Angeles,2021-02-17,63928,1764129,34221,894593,29707,869536,0,0,26340,755727,37421,502346,26346,1258073,California
Los Angeles,2021-02-18,67972,1832101,34664,929257,33308,902844,0,0,28590,745117,39209,541555,28599,1286672,California
Los Angeles,2021-02-19,56931,1889032,34977,964234,21954,924798,0,0,28287,744868,28550,570105,28301,1314973,California
Los Angeles,2021-02-20,32082,1921114,23820,988054,8262,933060,0,0,15675,744186,16366,586471,15684,1330657,California
Los Angeles,2021-02-21,16626,1937740,14983,1003037,1643,934703,0,0,8479,744554,8114,594585,8482,1339139,California
Los Angeles,2021-02-22,34235,1971975,24925,1027962,9310,944013,0,0,17711,745824,16452,611037,17722,1356861,California
Los Angeles,2021-02-23,53493,2025468,22696,1050658,30797,974810,0,0,21081,734606,32310,643347,21092,1377953,California
Los Angeles,2021-02-24,63830,2089298,28038,1078696,35792,1010602,0,0,28000,726953,35670,679017,28017,1405970,California
Los Angeles,2021-02-25,73318,2162616,33671,1112367,39647,1050249,0,0,38541,730880,34625,713642,38552,1444522,California
Los Angeles,2021-02-26,82628,2245244,38526,1150893,44102,1094351,0,0,47328,743162,35074,748716,47356,1491878,California
Los Angeles,2021-02-27,58481,2303725,24854,1175747,33623,1127974,4,4,29876,744601,28464,777180,29903,1521781,California
Los Angeles,2021-02-28,26758,2330483,18464,1194211,8292,1136266,2,6,18838,755617,7831,785011,18847,1540628,California
Los Angeles,2021-03-01,55394,2385877,31029,1225240,24350,1160616,15,21,33590,767582,21655,806666,33620,1574248,California
Los Angeles,2021-03-02,70812,2456689,31382,1256622,39428,1200044,2,23,43288,783473,27408,834074,43299,1617547,California
Los Angeles,2021-03-03,82549,2539238,41504,1298126,41038,1241082,7,30,51915,804935,30482,864556,51944,1669491,California
Los Angeles,2021-03-04,89431,2628669,45676,1343802,43745,1284827,10,40,56472,828647,32788,897344,56500,1725991,California
Los Angeles,2021-03-05,87410,2716079,42581,1386383,44805,1329632,24,64,58284,858030,28958,926302,58341,1784332,California
Los Angeles,2021-03-06,65842,2781921,32995,1419378,31038,1360670,1809,1873,42328,878792,23381,949683,44143,1828475,California
Los Angeles,2021-03-07,25623,2807544,19270,1438648,5560,1366230,793,2666,19753,893490,5846,955529,20544,1849019,California
Los Angeles,2021-03-08,51236,2858780,26612,1465260,22685,1388915,1939,4605,38528,921339,12616,968145,40465,1889484,California
Los Angeles,2021-03-09,68597,2927377,26179,1491439,39150,1428065,3268,7873,40940,938025,27516,995661,44202,1933686,California
Los Angeles,2021-03-10,78684,3006061,37164,1528603,36874,1464939,4646,12519,49433,962967,29104,1024765,54046,1987732,California
Los Angeles,2021-03-11,91415,3097476,44473,1573076,40538,1505477,6404,18923,53682,985455,37567,1062332,60055,2047787,California
Los Angeles,2021-03-12,96474,3193950,42758,1615834,40005,1545482,13711,32634,56110,1015042,40190,1102522,69777,2117564,California
Los Angeles,2021-03-13,73612,3267562,34085,1649919,27642,1573124,11885,44519,43779,1040935,29733,1132255,55626,2173190,California
Los Angeles,2021-03-14,37979,3305541,25371,1675290,10198,1583322,2410,46929,25471,1056348,12450,1144705,27863,2201053,California
Los Angeles,2021-03-15,73332,3378873,35450,1710740,32568,1615890,5314,52243,44757,1078007,28399,1173104,50058,2251111,California
Los Angeles,2021-03-16,97892,3476765,42137,1752877,50001,1665891,5754,57997,63886,1113789,33830,1206934,69612,2320723,California
Los Angeles,2021-03-17,94931,3571696,42593,1795470,44149,1710040,8189,66186,63754,1154627,31000,1237934,71838,2392561,California
Los Angeles,2021-03-18,98480,3670176,46922,1842392,46381,1756421,5177,71363,62736,1187030,35497,1273431,67900,2460461,California
Los Angeles,2021-03-19,105887,3776063,54714,1897106,46510,1802931,4663,76026,65816,1217635,39834,1313265,70439,2530900,California
Los Angeles,2021-03-20,74439,3850502,36079,1933185,33864,1836795,4496,80522,51598,1251030,22685,1335950,56080,2586980,California
Los Angeles,2021-03-21,33519,3884021,24738,1957923,7938,1844733,843,81365,21783,1262014,11639,1347589,22623,2609603,California
Los Angeles,2021-03-22,67794,3951815,40137,1998060,25681,1870414,1976,83341,48335,1293071,19250,1366839,50307,2659910,California
Los Angeles,2021-03-23,93309,4045124,50386,2048446,40008,1910422,2915,86256,62019,1326925,31071,1397910,64925,2724835,California
Los Angeles,2021-03-24,101917,4147041,54169,2102615,44881,1955303,2867,89123,60450,1349053,41178,1439088,63306,2788141,California
Los Angeles,2021-03-25,107023,4254064,57221,2159836,46149,2001452,3653,92776,61512,1368941,45260,1484348,65148,2853289,California
Los Angeles,2021-03-26,111490,4365554,60826,2220662,46579,2048031,4085,96861,63534,1388835,47711,1532059,67605,2920894,California
Los Angeles,2021-03-27,80853,4446407,42393,2263055,36346,2084377,2114,98975,42201,1394720,38430,1570489,44315,2965209,California
Los Angeles,2021-03-28,40777,4487184,27275,2290330,12920,2097297,582,99557,20744,1396102,19944,1590433,21326,2986535,California
Los Angeles,2021-03-29,81094,4568278,45778,2336108,33728,2131025,1588,101145,46544,1409848,34383,1624816,48129,3034664,California
Los Angeles,2021-03-30,106001,4674279,49610,2385718,50681,2181706,5710,106855,65307,1440345,40499,1665315,70996,3105660,California
Los Angeles,2021-03-31,119266,4793545,59833,2445551,50940,2232646,8493,115348,69873,1469515,49159,1714474,78329,3183989,California
Los Angeles,2021-04-01,129630,4923175,60505,2506056,54377,2287023,14748,130096,70690,1496209,58702,1773176,85396,3269385,California
Los Angeles,2021-04-02,127651,5050826,56389,2562445,56449,2343472,14813,144909,68787,1521233,58565,1831741,83589,3352974,California
Los Angeles,2021-04-03,95057,5145883,42936,2605381,39118,2382590,13003,157912,47553,1534405,47350,1879091,60522,3413496,California
Los Angeles,2021-04-04,38838,5184721,20291,2625672,11982,2394572,6565,164477,16676,1535527,22101,1901192,23223,3436719,California
Los Angeles,2021-04-05,90447,5275168,43879,2669551,36668,2431240,9900,174377,44553,1544225,45735,1946927,54433,3491152,California
Los Angeles,2021-04-06,119526,5394694,56245,2725796,43227,2474467,20054,194431,55534,1555959,63782,2010709,75516,3566668,California
Los Angeles,2021-04-07,118306,5513000,53897,2779693,43570,2518037,20839,215270,54148,1566931,63943,2074652,74915,3641583,California
Los Angeles,2021-04-08,130261,5643261,57155,2836848,49335,2567372,23771,239041,59489,1579574,70533,2145185,83176,3724759,California
Los Angeles,2021-04-09,128770,5772031,55838,2892686,49475,2616847,23457,262498,55949,1586314,72580,2217765,79320,3804079,California
Los Angeles,2021-04-10,99317,5871348,42146,2934832,33450,2650297,23721,286219,36701,1584257,62415,2280180,60358,3864437,California
Los Angeles,2021-04-11,41098,5912446,22299,2957131,9573,2659870,9226,295445,14313,1581044,26723,2306903,23510,3887947,California
Los Angeles,2021-04-12,77823,5990269,38280,2995411,33344,2693214,6199,301644,32474,1574508,45172,2352075,38636,3926583,California
Los Angeles,2021-04-13,116527,6106796,58730,3054141,57388,2750602,409,302053,61833,1582494,54485,2406560,62471,3989054,California
Los Angeles,2021-04-14,116087,6222883,58625,3112766,57346,2807948,116,302169,63223,1593202,52625,2459185,63333,4052387,California
Los Angeles,2021-04-15,125728,6348611,67890,3180656,57683,2865631,155,302324,71642,1611151,53849,2513034,71798,4124185,California
Los Angeles,2021-04-16,127331,6475942,67898,3248554,59291,2924922,142,302466,67360,1618923,59735,2572769,67507,4191692,California
Los Angeles,2021-04-17,95357,6571299,50444,3298998,44891,2969813,22,302488,54206,1632199,40972,2613741,54248,4245940,California
Los Angeles,2021-04-18,33693,6604992,22326,3321324,11366,2981179,1,302489,18651,1635873,14984,2628725,18658,4264598,California
Los Angeles,2021-04-19,73753,6678745,39355,3360679,34371,3015550,27,302516,33123,1628556,40474,2669199,33157,4297755,California
Los Angeles,2021-04-20,100042,6778787,49003,3409682,51028,3066578,11,302527,49933,1628606,49905,2719104,49955,4347710,California
Los Angeles,2021-04-21,107166,6885953,51639,3461321,55338,3121916,189,302716,47866,1617624,59041,2778145,48059,4395769,California
Los Angeles,2021-04-22,108866,6994819,57340,3518661,51496,3173412,30,302746,48560,1606201,60057,2838202,48634,4444403,California
Los Angeles,2021-04-23,102391,7097210,56330,3574991,46044,3219456,17,302763,48156,1600409,53971,2892173,48179,4492582,California
Los Angeles,2021-04-24,77462,7174672,50908,3625899,26529,3245985,25,302788,44246,1611629,33053,2925226,44273,4536855,California
Los Angeles,2021-04-25,30450,7205122,19263,3645162,11185,3257170,2,302790,15672,1612590,14713,2939939,15674,4552529,California
Los Angeles,2021-04-26,57891,7263013,30155,3675317,27376,3284546,360,303150,28951,1613127,28797,2968736,29334,4581863,California
Los Angeles,2021-04-27,72298,7335311,33338,3708655,37466,3322012,1494,304644,27103,1596729,44994,3013730,28596,4610459,California
Los Angeles,2021-04-28,37480,7372791,19411,3728066,17227,3339239,842,305486,13453,1587151,23910,3037640,14332,4624791,California
Madera,2020-12-16,22,22,22,22,0,0,0,0,22,22,0,0,22,22,California
Madera,2020-12-17,13,35,13,35,0,0,0,0,13,35,0,0,13,35,California
Madera,2020-12-18,61,96,61,96,0,0,0,0,61,96,0,0,61,96,California
Madera,2020-12-19,5,101,5,101,0,0,0,0,5,101,0,0,5,101,California
Madera,2020-12-20,14,115,14,115,0,0,0,0,14,115,0,0,14,115,California
Madera,2020-12-21,60,175,60,175,0,0,0,0,60,175,0,0,60,175,California
Madera,2020-12-22,97,272,95,270,2,2,0,0,97,272,0,0,97,272,California
Madera,2020-12-23,68,340,68,338,0,2,0,0,68,340,0,0,68,340,California
Madera,2020-12-24,44,384,39,377,5,7,0,0,44,384,0,0,44,384,California
Madera,2020-12-26,28,412,26,403,2,9,0,0,28,412,0,0,28,412,California
Madera,2020-12-27,30,442,12,415,18,27,0,0,30,442,0,0,30,442,California
Madera,2020-12-28,105,547,36,451,69,96,0,0,105,547,0,0,105,547,California
Madera,2020-12-29,174,721,40,491,134,230,0,0,174,721,0,0,174,721,California
Madera,2020-12-30,218,939,86,577,132,362,0,0,218,939,0,0,218,939,California
Madera,2020-12-31,201,1140,80,657,121,483,0,0,201,1140,0,0,201,1140,California
Madera,2021-01-01,1,1141,1,658,0,483,0,0,1,1141,0,0,1,1141,California
Madera,2021-01-02,89,1230,34,692,55,538,0,0,89,1230,0,0,89,1230,California
Madera,2021-01-03,5,1235,5,697,0,538,0,0,5,1235,0,0,5,1235,California
Madera,2021-01-04,129,1364,65,762,64,602,0,0,129,1364,0,0,129,1364,California
Madera,2021-01-05,279,1643,143,905,136,738,0,0,275,1635,4,4,275,1639,California
Madera,2021-01-06,184,1827,27,932,157,895,0,0,164,1779,20,24,164,1803,California
Madera,2021-01-07,395,2222,113,1045,282,1177,0,0,373,2130,22,46,373,2176,California
Madera,2021-01-08,419,2641,72,1117,347,1524,0,0,364,2441,54,100,365,2541,California
Madera,2021-01-09,37,2678,14,1131,23,1547,0,0,28,2460,9,109,28,2569,California
Madera,2021-01-10,17,2695,14,1145,3,1550,0,0,5,2453,12,121,5,2574,California
Madera,2021-01-11,238,2933,190,1335,48,1598,0,0,195,2605,43,164,195,2769,California
Madera,2021-01-12,390,3323,157,1492,233,1831,0,0,284,2783,106,270,284,3053,California
Madera,2021-01-13,185,3508,91,1583,94,1925,0,0,129,2857,56,326,130,3183,California
Madera,2021-01-14,554,4062,82,1665,472,2397,0,0,520,3343,34,360,520,3703,California
Madera,2021-01-15,599,4661,159,1824,440,2837,0,0,579,3902,20,380,579,4282,California
Madera,2021-01-16,382,5043,47,1871,335,3172,0,0,353,4226,29,409,353,4635,California
Madera,2021-01-17,335,5378,15,1886,320,3492,0,0,331,4553,4,413,331,4966,California
Madera,2021-01-18,76,5454,60,1946,16,3508,0,0,57,4592,18,431,57,5023,California
Madera,2021-01-19,571,6025,135,2081,436,3944,0,0,544,5110,27,458,545,5568,California
Madera,2021-01-20,234,6259,80,2161,154,4098,0,0,206,5289,27,485,206,5774,California
Madera,2021-01-21,237,6496,130,2291,107,4205,0,0,204,5462,31,516,204,5978,California
Madera,2021-01-22,257,6753,83,2374,174,4379,0,0,243,5691,14,530,243,6221,California
Madera,2021-01-23,100,6853,52,2426,48,4427,0,0,76,5743,24,554,76,6297,California
Madera,2021-01-24,101,6954,82,2508,19,4446,0,0,78,5798,23,577,78,6375,California
Madera,2021-01-25,255,7209,124,2632,131,4577,0,0,142,5827,113,690,142,6517,California
Madera,2021-01-26,481,7690,189,2821,292,4869,0,0,292,5933,188,878,294,6811,California
Madera,2021-01-27,737,8427,63,2884,674,5543,0,0,601,6399,136,1014,602,7413,California
Madera,2021-01-28,539,8966,104,2988,435,5978,0,0,436,6732,103,1117,436,7849,California
Madera,2021-01-29,468,9434,95,3083,373,6351,0,0,412,7088,56,1173,412,8261,California
Madera,2021-01-30,504,9938,16,3099,488,6839,0,0,450,7484,54,1227,450,8711,California
Madera,2021-01-31,10,9948,7,3106,3,6842,0,0,9,7492,1,1228,9,8720,California
Madera,2021-02-01,256,10204,72,3178,184,7026,0,0,197,7630,59,1287,197,8917,California
Madera,2021-02-02,252,10456,87,3265,165,7191,0,0,161,7702,90,1377,162,9079,California
Madera,2021-02-03,592,11048,459,3724,133,7324,0,0,473,8059,117,1494,474,9553,California
Madera,2021-02-04,386,11434,121,3845,265,7589,0,0,110,7895,275,1769,111,9664,California
Madera,2021-02-05,974,12408,297,4142,677,8266,0,0,368,7663,601,2370,369,10033,California
Madera,2021-02-06,360,12768,325,4467,35,8301,0,0,321,7946,38,2408,321,10354,California
Madera,2021-02-07,35,12803,7,4474,28,8329,0,0,30,7971,5,2413,30,10384,California
Madera,2021-02-08,383,13186,307,4781,76,8405,0,0,270,8129,112,2525,270,10654,California
Madera,2021-02-09,479,13665,119,4900,360,8765,0,0,197,8048,279,2804,198,10852,California
Madera,2021-02-10,428,14093,148,5048,280,9045,0,0,322,8264,106,2910,322,11174,California
Madera,2021-02-11,936,15029,307,5355,629,9674,0,0,407,8144,528,3438,408,11582,California
Madera,2021-02-12,843,15872,119,5474,724,10398,0,0,310,7930,527,3965,313,11895,California
Madera,2021-02-13,484,16356,44,5518,440,10838,0,0,139,7727,344,4309,141,12036,California
Madera,2021-02-14,400,16756,75,5593,325,11163,0,0,137,7602,263,4572,138,12174,California
Madera,2021-02-15,244,17000,98,5691,146,11309,0,0,175,7709,68,4640,175,12349,California
Madera,2021-02-16,775,17775,183,5874,592,11901,0,0,230,7398,542,5182,231,12580,California
Madera,2021-02-17,608,18383,273,6147,335,12236,0,0,339,7475,264,5446,341,12921,California
Madera,2021-02-18,1297,19680,538,6685,759,12995,0,0,1121,8422,176,5622,1123,14044,California
Madera,2021-02-19,860,20540,545,7230,315,13310,0,0,718,9000,142,5764,720,14764,California
Madera,2021-02-20,1069,21609,978,8208,91,13401,0,0,998,9929,70,5834,999,15763,California
Madera,2021-02-21,965,22574,821,9029,144,13545,0,0,959,10882,6,5840,959,16722,California
Madera,2021-02-22,908,23482,832,9861,76,13621,0,0,854,11682,54,5894,854,17576,California
Madera,2021-02-23,769,24251,497,10358,272,13893,0,0,549,12012,219,6113,549,18125,California
Madera,2021-02-24,906,25157,300,10658,606,14499,0,0,377,11860,529,6642,377,18502,California
Madera,2021-02-25,1020,26177,308,10966,712,15211,0,0,591,12024,427,7069,591,19093,California
Madera,2021-02-26,1070,27247,185,11151,885,16096,0,0,695,12346,373,7442,695,19788,California
Madera,2021-02-27,870,28117,244,11395,626,16722,0,0,446,12374,421,7863,449,20237,California
Madera,2021-02-28,188,28305,29,11424,159,16881,0,0,182,12550,6,7869,182,20419,California
Madera,2021-03-01,373,28678,118,11542,255,17136,0,0,193,12565,178,8047,193,20612,California
Madera,2021-03-02,650,29328,268,11810,382,17518,0,0,538,12992,112,8159,539,21151,California
Madera,2021-03-03,1315,30643,704,12514,611,18129,0,0,916,13536,396,8555,940,22091,California
Madera,2021-03-04,1166,31809,504,13018,662,18791,0,0,922,14216,245,8800,925,23016,California
Madera,2021-03-05,1325,33134,406,13424,907,19698,12,12,1063,15042,260,9060,1086,24102,California
Madera,2021-03-06,803,33937,622,14046,149,19847,32,44,484,15240,319,9379,517,24619,California
Madera,2021-03-07,153,34090,27,14073,104,19951,22,66,103,15315,50,9429,125,24744,California
Madera,2021-03-08,595,34685,335,14408,201,20152,59,125,302,15385,293,9722,363,25107,California
Madera,2021-03-09,449,35134,158,14566,257,20409,34,159,275,15530,172,9894,317,25424,California
Madera,2021-03-10,1130,36264,507,15073,546,20955,77,236,704,15890,422,10316,782,26206,California
Madera,2021-03-11,1655,37919,842,15915,481,21436,332,568,748,16076,905,11221,1091,27297,California
Madera,2021-03-12,1528,39447,778,16693,596,22032,154,722,751,16231,775,11996,930,28227,California
Madera,2021-03-13,1812,41259,1268,17961,346,22378,198,920,747,16129,1063,13059,961,29188,California
Madera,2021-03-14,582,41841,448,18409,102,22480,32,952,294,16169,286,13345,326,29514,California
Madera,2021-03-15,728,42569,213,18622,469,22949,46,998,505,16526,220,13565,577,30091,California
Madera,2021-03-16,820,43389,420,19042,353,23302,47,1045,638,17049,179,13744,702,30793,California
Madera,2021-03-17,1416,44805,934,19976,420,23722,62,1107,862,17517,546,14290,1014,31807,California
Madera,2021-03-18,1870,46675,646,20622,1164,24886,60,1167,909,17617,953,15243,1053,32860,California
Madera,2021-03-19,1494,48169,588,21210,822,25708,84,1251,960,18197,528,15771,1108,33968,California
Madera,2021-03-20,1130,49299,772,21982,307,26015,51,1302,579,18323,550,16321,676,34644,California
Madera,2021-03-21,1071,50370,872,22854,154,26169,45,1347,355,18011,713,17034,401,35045,California
Madera,2021-03-22,1357,51727,852,23706,437,26606,68,1415,685,18137,669,17703,795,35840,California
Madera,2021-03-23,1395,53122,840,24546,464,27070,91,1506,737,18391,656,18359,910,36750,California
Madera,2021-03-24,902,54024,468,25014,403,27473,31,1537,598,18722,302,18661,633,37383,California
Madera,2021-03-25,1122,55146,488,25502,610,28083,24,1561,642,18932,469,19130,679,38062,California
Madera,2021-03-26,1438,56584,509,26011,797,28880,132,1693,675,18985,757,19887,810,38872,California
Madera,2021-03-27,826,57410,527,26538,278,29158,21,1714,371,18928,449,20336,392,39264,California
Madera,2021-03-28,420,57830,136,26674,223,29381,61,1775,230,19082,189,20525,343,39607,California
Madera,2021-03-29,681,58511,178,26852,476,29857,27,1802,490,19415,188,20713,521,40128,California
Madera,2021-03-30,1015,59526,561,27413,422,30279,32,1834,557,19550,455,21168,590,40718,California
Madera,2021-03-31,1313,60839,486,27899,697,30976,130,1964,446,19265,862,22030,577,41295,California
Madera,2021-04-01,1224,62063,535,28434,640,31616,49,2013,437,18968,782,22812,485,41780,California
Madera,2021-04-02,1514,63577,411,28845,1044,32660,59,2072,465,18454,1040,23852,526,42306,California
Madera,2021-04-03,872,64449,681,29526,171,32831,20,2092,380,18373,490,24342,409,42715,California
Madera,2021-04-04,184,64633,65,29591,117,32948,2,2094,85,18361,99,24441,87,42802,California
Madera,2021-04-05,733,65366,254,29845,422,33370,57,2151,340,18380,392,24833,411,43213,California
Madera,2021-04-06,1688,67054,878,30723,462,33832,348,2499,636,18312,1051,25884,983,44196,California
Madera,2021-04-07,1194,68248,371,31094,674,34506,149,2648,452,18179,739,26623,606,44802,California
Madera,2021-04-08,1679,69927,655,31749,773,35279,251,2899,561,17884,1114,27737,819,45621,California
Madera,2021-04-09,1607,71534,670,32419,790,36069,147,3046,940,18312,662,28399,1090,46711,California
Madera,2021-04-10,951,72485,676,33095,208,36277,67,3113,705,18840,245,28644,773,47484,California
Madera,2021-04-11,776,73261,628,33723,71,36348,77,3190,285,18712,489,29133,361,47845,California
Madera,2021-04-12,778,74039,266,33989,434,36782,78,3268,301,18615,477,29610,380,48225,California
Madera,2021-04-13,1234,75273,609,34598,584,37366,41,3309,731,18896,501,30111,782,49007,California
Madera,2021-04-14,1359,76632,837,35435,522,37888,0,3309,573,18692,783,30894,579,49586,California
Madera,2021-04-15,1080,77712,454,35889,625,38513,1,3310,428,18481,641,31535,430,50016,California
Madera,2021-04-16,1268,78980,518,36407,750,39263,0,3310,438,18101,819,32354,439,50455,California
Madera,2021-04-17,1265,80245,1065,37472,200,39463,0,3310,827,18491,437,32791,827,51282,California
Madera,2021-04-18,241,80486,205,37677,36,39499,0,3310,98,18447,142,32933,98,51380,California
Madera,2021-04-19,795,81281,233,37910,561,40060,1,3311,269,18196,521,33454,270,51650,California
Madera,2021-04-20,861,82142,421,38331,440,40500,0,3311,238,17816,620,34074,240,51890,California
Madera,2021-04-21,848,82990,448,38779,400,40900,0,3311,296,17566,548,34622,298,52188,California
Madera,2021-04-22,1050,84040,510,39289,540,41440,0,3311,391,17304,654,35276,392,52580,California
Madera,2021-04-23,882,84922,291,39580,590,42030,1,3312,307,17042,570,35846,308,52888,California
Madera,2021-04-24,643,85565,416,39996,227,42257,0,3312,274,16950,366,36212,274,53162,California
Madera,2021-04-25,191,85756,91,40087,98,42355,2,3314,76,16916,113,36325,79,53241,California
Madera,2021-04-26,450,86206,91,40178,354,42709,5,3319,104,16680,345,36670,109,53350,California
Madera,2021-04-27,443,86649,222,40400,213,42922,8,3327,248,16743,194,36864,257,53607,California
Madera,2021-04-28,187,86836,101,40501,80,43002,6,3333,115,16794,71,36935,122,53729,California
Marin,2020-12-15,2,2,2,2,0,0,0,0,2,2,0,0,2,2,California
Marin,2020-12-16,107,109,107,109,0,0,0,0,107,109,0,0,107,109,California
Marin,2020-12-17,260,369,260,369,0,0,0,0,260,369,0,0,260,369,California
Marin,2020-12-18,372,741,372,741,0,0,0,0,372,741,0,0,372,741,California
Marin,2020-12-19,350,1091,349,1090,1,1,0,0,350,1091,0,0,350,1091,California
Marin,2020-12-20,167,1258,166,1256,1,2,0,0,167,1258,0,0,167,1258,California
Marin,2020-12-21,238,1496,235,1491,3,5,0,0,238,1496,0,0,238,1496,California
Marin,2020-12-22,523,2019,319,1810,204,209,0,0,523,2019,0,0,523,2019,California
Marin,2020-12-23,730,2749,322,2132,408,617,0,0,730,2749,0,0,730,2749,California
Marin,2020-12-24,357,3106,159,2291,198,815,0,0,357,3106,0,0,357,3106,California
Marin,2020-12-25,27,3133,0,2291,27,842,0,0,27,3133,0,0,27,3133,California
Marin,2020-12-26,142,3275,93,2384,49,891,0,0,142,3275,0,0,142,3275,California
Marin,2020-12-27,92,3367,55,2439,37,928,0,0,92,3367,0,0,92,3367,California
Marin,2020-12-28,408,3775,99,2538,309,1237,0,0,408,3775,0,0,408,3775,California
Marin,2020-12-29,402,4177,88,2626,314,1551,0,0,402,4177,0,0,402,4177,California
Marin,2020-12-30,626,4803,388,3014,238,1789,0,0,626,4803,0,0,626,4803,California
Marin,2020-12-31,197,5000,33,3047,164,1953,0,0,197,5000,0,0,197,5000,California
Marin,2021-01-01,14,5014,5,3052,9,1962,0,0,14,5014,0,0,14,5014,California
Marin,2021-01-02,104,5118,98,3150,6,1968,0,0,104,5118,0,0,104,5118,California
Marin,2021-01-03,54,5172,36,3186,18,1986,0,0,51,5169,0,0,51,5169,California
Marin,2021-01-04,292,5464,189,3375,103,2089,0,0,291,5459,1,1,291,5460,California
Marin,2021-01-05,365,5829,222,3597,143,2232,0,0,322,5738,43,44,322,5782,California
Marin,2021-01-06,817,6646,316,3913,501,2733,0,0,640,6201,177,221,640,6422,California
Marin,2021-01-07,888,7534,501,4414,387,3120,0,0,541,6395,347,568,541,6963,California
Marin,2021-01-08,972,8506,515,4929,457,3577,0,0,595,6614,376,944,595,7558,California
Marin,2021-01-09,618,9124,223,5152,395,3972,0,0,487,6970,131,1075,487,8045,California
Marin,2021-01-10,128,9252,99,5251,29,4001,0,0,54,6950,74,1149,54,8099,California
Marin,2021-01-11,468,9720,327,5578,141,4142,0,0,248,6980,220,1369,250,8349,California
Marin,2021-01-12,936,10656,539,6117,397,4539,0,0,566,7179,367,1736,566,8915,California
Marin,2021-01-13,1175,11831,498,6615,677,5216,0,0,937,7878,238,1974,937,9852,California
Marin,2021-01-14,1067,12898,318,6933,749,5965,0,0,917,8647,148,2122,917,10769,California
Marin,2021-01-15,1153,14051,354,7287,799,6764,0,0,1023,9542,129,2251,1024,11793,California
Marin,2021-01-16,1117,15168,914,8201,203,6967,0,0,1043,10511,74,2325,1043,12836,California
Marin,2021-01-17,1233,16401,1114,9315,119,7086,0,0,1205,11692,27,2352,1208,14044,California
Marin,2021-01-18,360,16761,159,9474,201,7287,0,0,309,11950,51,2403,309,14353,California
Marin,2021-01-19,1155,17916,913,10387,242,7529,0,0,983,12762,171,2574,983,15336,California
Marin,2021-01-20,1785,19701,1204,11591,581,8110,0,0,1055,13098,719,3293,1055,16391,California
Marin,2021-01-21,1683,21384,1062,12653,621,8731,0,0,1331,14082,349,3642,1333,17724,California
Marin,2021-01-22,1698,23082,1088,13741,610,9341,0,0,1531,15446,167,3809,1531,19255,California
Marin,2021-01-23,1843,24925,1342,15083,501,9842,0,0,1757,17118,85,3894,1757,21012,California
Marin,2021-01-24,613,25538,166,15249,447,10289,0,0,581,17667,32,3926,581,21593,California
Marin,2021-01-25,1125,26663,227,15476,898,11187,0,0,693,17929,432,4358,694,22287,California
Marin,2021-01-26,1504,28167,781,16257,723,11910,0,0,1125,18676,378,4736,1125,23412,California
Marin,2021-01-27,1701,29868,873,17130,828,12738,0,0,1350,19678,349,5085,1351,24763,California
Marin,2021-01-28,2076,31944,1067,18197,1009,13747,0,0,1812,21229,263,5348,1814,26577,California
Marin,2021-01-29,2192,34136,1444,19641,748,14495,0,0,1988,23027,193,5541,1991,28568,California
Marin,2021-01-30,1722,35858,906,20547,816,15311,0,0,1643,24593,79,5620,1645,30213,California
Marin,2021-01-31,453,36311,316,20863,137,15448,0,0,428,24996,25,5645,428,30641,California
Marin,2021-02-01,1087,37398,416,21279,671,16119,0,0,888,25686,199,5844,889,31530,California
Marin,2021-02-02,1350,38748,462,21741,888,17007,0,0,723,25792,617,6461,723,32253,California
Marin,2021-02-03,1779,40527,428,22169,1351,18358,0,0,1255,26524,523,6984,1255,33508,California
Marin,2021-02-04,1535,42062,512,22681,1023,19381,0,0,935,26862,597,7581,935,34443,California
Marin,2021-02-05,2176,44238,683,23364,1493,20874,0,0,1338,27366,834,8415,1338,35781,California
Marin,2021-02-06,1426,45664,850,24214,576,21450,0,0,603,27147,822,9237,603,36384,California
Marin,2021-02-07,1287,46951,1005,25219,282,21732,0,0,489,26839,797,10034,489,36873,California
Marin,2021-02-08,1517,48468,753,25972,764,22496,0,0,725,26774,790,10824,725,37598,California
Marin,2021-02-09,1782,50250,1122,27094,660,23156,0,0,837,26666,945,11769,837,38435,California
Marin,2021-02-10,2335,52585,1489,28583,846,24002,0,0,1217,26768,1116,12885,1218,39653,California
Marin,2021-02-11,2868,55453,1646,30229,1222,25224,0,0,1453,26814,1410,14295,1456,41109,California
Marin,2021-02-12,3063,58516,1539,31768,1524,26748,0,0,1566,26886,1494,15789,1566,42675,California
Marin,2021-02-13,2333,60849,1242,33010,1091,27839,0,0,1128,26811,1203,16992,1128,43803,California
Marin,2021-02-14,810,61659,301,33311,509,28348,0,0,717,27436,93,17085,718,44521,California
Marin,2021-02-15,1214,62873,356,33667,858,29206,0,0,833,27890,380,17465,834,45355,California
Marin,2021-02-16,2464,65337,1057,34724,1407,30613,0,0,1504,28435,959,18424,1504,46859,California
Marin,2021-02-17,2096,67433,940,35664,1156,31769,0,0,1087,28516,1007,19431,1088,47947,California
Marin,2021-02-18,2415,69848,1581,37245,834,32603,0,0,1062,28226,1352,20783,1062,49009,California
Marin,2021-02-19,2756,72604,2154,39399,602,33205,0,0,1220,27923,1524,22307,1221,50230,California
Marin,2021-02-20,2566,75170,2112,41511,454,33659,0,0,1217,27798,1343,23650,1218,51448,California
Marin,2021-02-21,1281,76451,1089,42600,192,33851,0,0,907,28335,370,24020,907,52355,California
Marin,2021-02-22,1823,78274,1405,44005,418,34269,0,0,1212,28938,609,24629,1212,53567,California
Marin,2021-02-23,2832,81106,1614,45619,1218,35487,0,0,1908,29932,915,25544,1909,55476,California
Marin,2021-02-24,3507,84613,1606,47225,1901,37388,0,0,2254,30941,1246,26790,2255,57731,California
Marin,2021-02-25,3926,88539,1809,49034,2117,39505,0,0,2769,32561,1150,27940,2770,60501,California
Marin,2021-02-26,3484,92023,1882,50916,1602,41107,0,0,2530,34148,943,28883,2530,63031,California
Marin,2021-02-27,2608,94631,1495,52411,1113,42220,0,0,1774,35093,831,29714,1776,64807,California
Marin,2021-02-28,1379,96010,918,53329,461,42681,0,0,1043,35803,333,30047,1043,65850,California
Marin,2021-03-01,2476,98486,1536,54865,940,43621,0,0,1665,36662,806,30853,1665,67515,California
Marin,2021-03-02,2432,100918,1597,56462,834,44455,1,1,1685,37604,744,31597,1686,69201,California
Marin,2021-03-03,4296,105214,2384,58846,1910,46365,2,3,2786,38887,1505,33102,2788,71989,California
Marin,2021-03-04,3341,108555,1647,60493,1693,48058,1,4,2332,40221,1002,34104,2336,74325,California
Marin,2021-03-05,3025,111580,1133,61626,1880,49938,12,16,1775,40761,1247,35351,1787,76112,California
Marin,2021-03-06,3226,114806,2314,63940,833,50771,79,95,2654,42926,567,35918,2732,78844,California
Marin,2021-03-07,1369,116175,1152,65092,193,50964,24,119,980,43545,385,36303,1004,79848,California
Marin,2021-03-08,1873,118048,1367,66459,389,51353,117,236,1408,44608,462,36765,1525,81373,California
Marin,2021-03-09,2099,120147,1217,67676,775,52128,107,343,1425,45468,672,37437,1532,82905,California
Marin,2021-03-10,4397,124544,2457,70133,1660,53788,280,623,3174,47703,1220,38657,3455,86360,California
Marin,2021-03-11,4553,129097,1871,72004,2546,56334,136,759,3264,49821,1282,39939,3400,89760,California
Marin,2021-03-12,3971,133068,1535,73539,2080,58414,356,1115,1561,49339,2399,42338,1917,91677,California
Marin,2021-03-13,4089,137157,2855,76394,1163,59577,71,1186,2418,50154,1669,44007,2484,94161,California
Marin,2021-03-14,2271,139428,1095,77489,1060,60637,116,1302,726,49453,1543,45550,842,95003,California
Marin,2021-03-15,3227,142655,1762,79251,1418,62055,47,1349,1221,48724,1996,47546,1267,96270,California
Marin,2021-03-16,4295,146950,2309,81560,1622,63677,364,1713,1521,47836,2771,50317,1883,98153,California
Marin,2021-03-17,4174,151124,2263,83823,1867,65544,44,1757,2053,47822,2110,52427,2096,100249,California
Marin,2021-03-18,4472,155596,2249,86072,2150,67694,73,1830,2242,47919,2216,54643,2313,102562,California
Marin,2021-03-19,4459,160055,2276,88348,1966,69660,217,2047,2432,48548,2019,56662,2648,105210,California
Marin,2021-03-20,3578,163633,1982,90330,1482,71142,114,2161,2036,49164,1535,58197,2151,107361,California
Marin,2021-03-21,1530,165163,1126,91456,379,71521,25,2186,797,49255,731,58928,822,108183,California
Marin,2021-03-22,2465,167628,2132,93588,168,71689,165,2351,989,48938,1471,60399,1154,109337,California
Marin,2021-03-23,4235,171863,2191,95779,1914,73603,130,2481,1938,48715,2291,62690,2068,111405,California
Marin,2021-03-24,4415,176278,2895,98674,1416,75019,104,2585,1797,48007,2607,65297,1899,113304,California
Marin,2021-03-25,4642,180920,2833,101507,1741,76760,68,2653,2270,47983,2360,67657,2336,115640,California
Marin,2021-03-26,4285,185205,2324,103831,1747,78507,214,2867,2422,48772,1847,69504,2636,118276,California
Marin,2021-03-27,3691,188896,2648,106479,1025,79532,18,2885,1147,47403,2534,72038,1165,119441,California
Marin,2021-03-28,2375,191271,1718,108197,651,80183,6,2891,1100,47240,1269,73307,1106,120547,California
Marin,2021-03-29,2690,193961,2097,110294,568,80751,25,2916,1193,46964,1494,74801,1218,121765,California
Marin,2021-03-30,4653,198614,3649,113943,971,81722,33,2949,3065,48477,1585,76386,3098,124863,California
Marin,2021-03-31,5782,204396,4100,118043,1633,83355,49,2998,2572,47898,3200,79586,2621,127484,California
Marin,2021-04-01,4386,208782,2263,120306,1872,85227,251,3249,2110,47991,2268,81854,2361,129845,California
Marin,2021-04-02,3677,212459,1822,122128,1492,86719,363,3612,1961,48601,1710,83564,2320,132165,California
Marin,2021-04-03,3834,216293,2520,124648,945,87664,369,3981,1465,48076,2359,85923,1834,133999,California
Marin,2021-04-04,1633,217926,1227,125875,202,87866,204,4185,1193,49035,438,86361,1397,135396,California
Marin,2021-04-05,2185,220111,1518,127393,296,88162,371,4556,1260,49741,922,87283,1628,137024,California
Marin,2021-04-06,3932,224043,2102,129495,1283,89445,547,5103,2183,50724,1744,89027,2727,139751,California
Marin,2021-04-07,3900,227943,1967,131462,1295,90740,638,5741,1415,50299,2478,91505,2053,141804,California
Marin,2021-04-08,4988,232931,1950,133412,2432,93172,606,6347,2278,50474,2703,94208,2878,144682,California
Marin,2021-04-09,3938,236869,1530,134942,1683,94855,725,7072,1294,49851,2639,96847,2016,146698,California
Marin,2021-04-10,3183,240052,1461,136403,1289,96144,433,7505,1434,49977,1739,98586,1865,148563,California
Marin,2021-04-11,1056,241108,801,137204,93,96237,162,7667,474,50031,581,99167,635,149198,California
Marin,2021-04-12,1723,242831,1229,138433,341,96578,153,7820,921,50307,799,99966,1075,150273,California
Marin,2021-04-13,3708,246539,2273,140706,1428,98006,7,7827,1350,49316,2348,102314,1357,151630,California
Marin,2021-04-14,4145,250684,2477,143183,1666,99672,2,7829,1704,48587,2434,104748,1705,153335,California
Marin,2021-04-15,5542,256226,3924,147107,1618,101290,0,7829,3180,49420,2348,107096,3181,156516,California
Marin,2021-04-16,4235,260461,2230,149337,2002,103292,3,7832,2066,49332,2157,109253,2069,158585,California
Marin,2021-04-17,3518,263979,2151,151488,1367,104659,0,7832,1759,49337,1754,111007,1759,160344,California
Marin,2021-04-18,3202,267181,3101,154589,101,104760,0,7832,2563,51264,636,111643,2563,162907,California
Marin,2021-04-19,2012,269193,1843,156432,169,104929,0,7832,1163,51583,846,112489,1165,164072,California
Marin,2021-04-20,3699,272892,2559,158991,1140,106069,0,7832,1484,50857,2210,114699,1484,165556,California
Marin,2021-04-21,4012,276904,2949,161940,1061,107130,2,7834,1388,49637,2609,117308,1389,166945,California
Marin,2021-04-22,4116,281020,3104,165044,1012,108142,0,7834,1395,48322,2712,120020,1397,168342,California
Marin,2021-04-23,3095,284115,1762,166806,1333,109475,0,7834,1148,47529,1942,121962,1149,169491,California
Marin,2021-04-24,1495,285610,787,167593,706,110181,2,7836,708,47459,780,122742,710,170201,California
Marin,2021-04-25,1011,286621,908,168501,103,110284,0,7836,223,46898,784,123526,223,170424,California
Marin,2021-04-26,1319,287940,1121,169622,196,110480,2,7838,315,46213,1003,124529,318,170742,California
Marin,2021-04-27,2238,290178,1651,171273,549,111029,38,7876,681,45380,1550,126079,717,171459,California
Marin,2021-04-28,1160,291338,866,172139,283,111312,11,7887,357,44948,801,126880,369,171828,California
Mariposa,2020-12-17,37,37,37,37,0,0,0,0,39,39,0,0,39,39,California
Mariposa,2020-12-18,56,93,56,93,0,0,0,0,57,96,0,0,57,96,California
Mariposa,2020-12-20,2,95,2,95,0,0,0,0,2,98,0,0,2,98,California
Mariposa,2020-12-21,47,142,47,142,0,0,0,0,52,150,0,0,52,150,California
Mariposa,2020-12-22,5,147,5,147,0,0,0,0,5,155,0,0,5,155,California
Mariposa,2020-12-23,17,164,17,164,0,0,0,0,17,172,0,0,17,172,California
Mariposa,2020-12-24,1,165,0,164,1,1,0,0,0,172,0,0,0,172,California
Mariposa,2020-12-26,1,166,1,165,0,1,0,0,1,173,0,0,1,173,California
Mariposa,2020-12-27,1,167,0,165,1,2,0,0,1,174,0,0,1,174,California
Mariposa,2020-12-28,6,173,3,168,3,5,0,0,6,180,0,0,6,180,California
Mariposa,2020-12-29,33,206,3,171,30,35,0,0,33,213,0,0,33,213,California
Mariposa,2020-12-30,25,231,4,175,21,56,0,0,25,238,0,0,25,238,California
Mariposa,2020-12-31,17,248,0,175,17,73,0,0,17,255,0,0,17,255,California
Mariposa,2021-01-02,2,250,2,177,0,73,0,0,2,257,0,0,2,257,California
Mariposa,2021-01-04,8,258,1,178,7,80,0,0,8,265,0,0,8,265,California
Mariposa,2021-01-05,24,282,14,192,10,90,0,0,14,269,10,10,14,279,California
Mariposa,2021-01-06,6,288,3,195,3,93,0,0,3,269,3,13,3,282,California
Mariposa,2021-01-07,52,340,47,242,5,98,0,0,5,227,47,60,5,287,California
Mariposa,2021-01-08,109,449,80,322,29,127,0,0,34,186,75,135,34,321,California
Mariposa,2021-01-09,1,450,0,322,1,128,0,0,1,187,0,135,1,322,California
Mariposa,2021-01-11,31,481,10,332,21,149,0,0,23,202,8,143,23,345,California
Mariposa,2021-01-12,19,500,4,336,15,164,0,0,15,213,4,147,15,360,California
Mariposa,2021-01-13,21,521,4,340,17,181,0,0,18,228,3,150,18,378,California
Mariposa,2021-01-14,73,594,7,347,66,247,0,0,67,289,6,156,67,445,California
Mariposa,2021-01-15,67,661,27,374,40,287,0,0,57,336,10,166,57,502,California
Mariposa,2021-01-16,14,675,2,376,12,299,0,0,13,348,1,167,13,515,California
Mariposa,2021-01-17,2,677,0,376,2,301,0,0,2,350,0,167,2,517,California
Mariposa,2021-01-18,3,680,3,379,0,301,0,0,1,349,2,169,1,518,California
Mariposa,2021-01-19,8,688,4,383,4,305,0,0,5,352,2,171,5,523,California
Mariposa,2021-01-20,23,711,1,384,22,327,0,0,22,373,1,172,22,545,California
Mariposa,2021-01-21,64,775,8,392,56,383,0,0,59,427,5,177,59,604,California
Mariposa,2021-01-22,55,830,2,394,53,436,0,0,55,482,0,177,55,659,California
Mariposa,2021-01-23,116,946,2,396,114,550,0,0,115,596,1,178,115,774,California
Mariposa,2021-01-24,2,948,2,398,0,550,0,0,2,598,0,178,2,776,California
Mariposa,2021-01-25,4,952,1,399,3,553,0,0,0,594,4,182,0,776,California
Mariposa,2021-01-26,36,988,4,403,32,585,0,0,4,570,32,214,8,784,California
Mariposa,2021-01-27,22,1010,1,404,21,606,0,0,13,574,9,223,13,797,California
Mariposa,2021-01-28,127,1137,3,407,124,730,0,0,113,674,13,236,113,910,California
Mariposa,2021-01-29,84,1221,22,429,62,792,0,0,83,756,1,237,83,993,California
Mariposa,2021-01-30,9,1230,1,430,8,800,0,0,8,763,1,238,8,1001,California
Mariposa,2021-01-31,1,1231,0,430,1,801,0,0,1,764,0,238,1,1002,California
Mariposa,2021-02-01,87,1318,30,460,57,858,0,0,66,809,21,259,66,1068,California
Mariposa,2021-02-02,15,1333,3,463,12,870,0,0,9,812,6,265,9,1077,California
Mariposa,2021-02-03,20,1353,1,464,19,889,0,0,14,820,6,271,14,1091,California
Mariposa,2021-02-04,92,1445,8,472,84,973,0,0,87,904,4,275,88,1179,California
Mariposa,2021-02-05,189,1634,5,477,184,1157,0,0,162,1039,27,302,162,1341,California
Mariposa,2021-02-06,11,1645,4,481,7,1164,0,0,10,1048,1,303,10,1351,California
Mariposa,2021-02-08,40,1685,2,483,38,1202,0,0,21,1050,19,322,21,1372,California
Mariposa,2021-02-09,43,1728,25,508,18,1220,0,0,37,1081,6,328,37,1409,California
Mariposa,2021-02-10,28,1756,5,513,23,1243,0,0,17,1094,10,338,23,1432,California
Mariposa,2021-02-11,373,2129,5,518,368,1611,0,0,360,1443,13,351,362,1794,California
Mariposa,2021-02-12,183,2312,7,525,176,1787,0,0,140,1540,43,394,140,1934,California
Mariposa,2021-02-13,11,2323,3,528,8,1795,0,0,9,1547,2,396,9,1943,California
Mariposa,2021-02-14,8,2331,4,532,4,1799,0,0,5,1549,3,399,5,1948,California
Mariposa,2021-02-15,9,2340,3,535,6,1805,0,0,7,1554,2,401,7,1955,California
Mariposa,2021-02-16,57,2397,34,569,23,1828,0,0,34,1565,23,424,34,1989,California
Mariposa,2021-02-17,36,2433,8,577,28,1856,0,0,27,1585,8,432,28,2017,California
Mariposa,2021-02-18,55,2488,7,584,48,1904,0,0,20,1570,35,467,20,2037,California
Mariposa,2021-02-19,82,2570,3,587,79,1983,0,0,77,1642,5,472,77,2114,California
Mariposa,2021-02-20,251,2821,4,591,247,2230,0,0,222,1836,28,500,222,2336,California
Mariposa,2021-02-21,233,3054,2,593,231,2461,0,0,232,2067,1,501,232,2568,California
Mariposa,2021-02-22,24,3078,7,600,17,2478,0,0,21,2085,3,504,21,2589,California
Mariposa,2021-02-23,42,3120,36,636,6,2484,0,0,25,2093,17,521,25,2614,California
Mariposa,2021-02-24,19,3139,3,639,16,2500,0,0,7,2089,11,532,7,2621,California
Mariposa,2021-02-25,17,3156,8,647,9,2509,0,0,11,2094,6,538,11,2632,California
Mariposa,2021-02-26,421,3577,6,653,415,2924,0,0,360,2394,61,599,361,2993,California
Mariposa,2021-02-27,171,3748,5,658,166,3090,0,0,160,2543,11,610,160,3153,California
Mariposa,2021-02-28,2,3750,1,659,1,3091,0,0,0,2541,2,612,0,3153,California
Mariposa,2021-03-01,81,3831,25,684,56,3147,0,0,16,2493,64,676,16,3169,California
Mariposa,2021-03-02,21,3852,14,698,7,3154,0,0,11,2495,9,685,11,3180,California
Mariposa,2021-03-03,71,3923,5,703,66,3220,0,0,66,2557,5,690,67,3247,California
Mariposa,2021-03-04,32,3955,8,711,24,3244,0,0,20,2565,12,702,20,3267,California
Mariposa,2021-03-05,51,4006,8,719,43,3287,0,0,37,2593,14,716,42,3309,California
Mariposa,2021-03-06,15,4021,6,725,9,3296,0,0,7,2592,8,724,7,3316,California
Mariposa,2021-03-07,1,4022,1,726,0,3296,0,0,0,2591,1,725,0,3316,California
Mariposa,2021-03-08,38,4060,4,730,23,3319,11,11,9,2582,29,754,20,3336,California
Mariposa,2021-03-09,47,4107,18,748,19,3338,10,21,16,2577,31,785,26,3362,California
Mariposa,2021-03-10,30,4137,10,758,10,3348,10,31,10,2577,20,805,20,3382,California
Mariposa,2021-03-11,464,4601,6,764,440,3788,18,49,224,2583,239,1044,245,3627,California
Mariposa,2021-03-12,253,4854,6,770,219,4007,28,77,113,2583,140,1184,140,3767,California
Mariposa,2021-03-13,33,4887,7,777,11,4018,15,92,12,2588,21,1205,26,3793,California
Mariposa,2021-03-14,17,4904,2,779,4,4022,11,103,3,2588,14,1219,14,3807,California
Mariposa,2021-03-15,76,4980,7,786,31,4053,38,141,31,2612,45,1264,69,3876,California
Mariposa,2021-03-16,82,5062,32,818,15,4068,35,176,24,2613,58,1322,59,3935,California
Mariposa,2021-03-17,72,5134,11,829,53,4121,8,184,52,2654,19,1341,60,3995,California
Mariposa,2021-03-18,66,5200,15,844,41,4162,10,194,41,2680,25,1366,51,4046,California
Mariposa,2021-03-19,335,5535,8,852,322,4484,5,199,301,2952,34,1400,306,4352,California
Mariposa,2021-03-20,424,5959,5,857,417,4901,2,201,48,2627,376,1776,51,4403,California
Mariposa,2021-03-21,14,5973,8,865,5,4906,1,202,9,2633,4,1780,10,4413,California
Mariposa,2021-03-22,36,6009,7,872,21,4927,8,210,25,2656,11,1791,34,4447,California
Mariposa,2021-03-23,52,6061,32,904,10,4937,10,220,32,2678,20,1811,42,4489,California
Mariposa,2021-03-24,55,6116,5,909,48,4985,2,222,50,2725,5,1816,52,4541,California
Mariposa,2021-03-25,73,6189,15,924,50,5035,8,230,53,2766,20,1836,61,4602,California
Mariposa,2021-03-26,486,6675,9,933,476,5511,1,231,250,2781,236,2072,251,4853,California
Mariposa,2021-03-27,225,6900,8,941,217,5728,0,231,90,2738,135,2207,92,4945,California
Mariposa,2021-03-28,5,6905,0,941,2,5730,3,234,1,2738,4,2211,4,4949,California
Mariposa,2021-03-29,18,6923,5,946,13,5743,0,234,11,2742,7,2218,11,4960,California
Mariposa,2021-03-30,38,6961,14,960,8,5751,16,250,15,2750,23,2241,31,4991,California
Mariposa,2021-03-31,89,7050,17,977,68,5819,4,254,71,2807,18,2259,75,5066,California
Mariposa,2021-04-01,49,7099,8,985,33,5852,8,262,29,2824,20,2279,37,5103,California
Mariposa,2021-04-02,265,7364,10,995,253,6105,2,264,230,3022,34,2313,232,5335,California
Mariposa,2021-04-03,9,7373,6,1001,3,6108,0,264,4,3021,5,2318,4,5339,California
Mariposa,2021-04-04,2,7375,1,1002,0,6108,1,265,0,3020,2,2320,1,5340,California
Mariposa,2021-04-05,30,7405,22,1024,5,6113,3,268,14,3021,16,2336,17,5357,California
Mariposa,2021-04-06,44,7449,20,1044,8,6121,16,284,13,3020,30,2366,29,5386,California
Mariposa,2021-04-07,31,7480,5,1049,7,6128,19,303,2,3012,29,2395,21,5407,California
Mariposa,2021-04-08,218,7698,13,1062,186,6314,19,322,84,2985,132,2527,105,5512,California
Mariposa,2021-04-09,34,7732,9,1071,13,6327,12,334,10,2983,24,2551,22,5534,California
Mariposa,2021-04-10,200,7932,1,1072,189,6516,10,344,186,3165,13,2564,195,5729,California
Mariposa,2021-04-11,115,8047,4,1076,109,6625,2,346,48,3149,67,2631,51,5780,California
Mariposa,2021-04-12,36,8083,10,1086,24,6649,2,348,8,3131,28,2659,10,5790,California
Mariposa,2021-04-13,55,8138,46,1132,9,6658,0,348,36,3148,19,2678,36,5826,California
Mariposa,2021-04-14,111,8249,6,1138,105,6763,0,348,59,3155,52,2730,59,5885,California
Mariposa,2021-04-15,54,8303,16,1154,38,6801,0,348,40,3184,11,2741,40,5925,California
Mariposa,2021-04-16,371,8674,12,1166,359,7160,0,348,96,3005,275,3016,96,6021,California
Mariposa,2021-04-17,11,8685,6,1172,5,7165,0,348,8,3010,3,3019,8,6029,California
Mariposa,2021-04-18,6,8691,0,1172,6,7171,0,348,3,3010,3,3022,3,6032,California
Mariposa,2021-04-19,54,8745,24,1196,30,7201,0,348,29,3015,24,3046,29,6061,California
Mariposa,2021-04-20,62,8807,49,1245,13,7214,0,348,40,3036,19,3065,40,6101,California
Mariposa,2021-04-21,21,8828,13,1258,8,7222,0,348,10,3036,10,3075,10,6111,California
Mariposa,2021-04-22,45,8873,8,1266,37,7259,0,348,37,3066,7,3082,37,6148,California
Mariposa,2021-04-23,317,9190,70,1336,247,7506,0,348,148,3046,169,3251,149,6297,California
Mariposa,2021-04-24,103,9293,8,1344,95,7601,0,348,41,3026,61,3312,41,6338,California
Mariposa,2021-04-26,10,9303,7,1351,3,7604,0,348,2,3020,8,3320,2,6340,California
Mariposa,2021-04-27,15,9318,13,1364,2,7606,0,348,6,3018,8,3328,6,6346,California
Mariposa,2021-04-28,1,9319,1,1365,0,7606,0,348,0,3018,1,3329,1,6347,California
Mendocino,2020-12-17,70,70,70,70,0,0,0,0,70,70,0,0,70,70,California
Mendocino,2020-12-18,85,155,84,154,1,1,0,0,84,154,0,0,84,154,California
Mendocino,2020-12-19,4,159,4,158,0,1,0,0,4,158,0,0,4,158,California
Mendocino,2020-12-20,7,166,7,165,0,1,0,0,7,165,0,0,7,165,California
Mendocino,2020-12-21,244,410,244,409,0,1,0,0,77,242,0,0,77,242,California
Mendocino,2020-12-22,250,660,189,598,61,62,0,0,250,492,0,0,250,492,California
Mendocino,2020-12-23,270,930,47,645,223,285,0,0,269,761,0,0,269,761,California
Mendocino,2020-12-24,49,979,8,653,41,326,0,0,49,810,0,0,49,810,California
Mendocino,2020-12-25,1,980,0,653,1,327,0,0,1,811,0,0,1,811,California
Mendocino,2020-12-26,2,982,2,655,0,327,0,0,2,813,0,0,2,813,California
Mendocino,2020-12-27,1,983,0,655,1,328,0,0,1,814,0,0,1,814,California
Mendocino,2020-12-28,74,1057,9,664,65,393,0,0,74,888,0,0,74,888,California
Mendocino,2020-12-29,122,1179,61,725,61,454,0,0,122,1010,0,0,122,1010,California
Mendocino,2020-12-30,123,1302,68,793,55,509,0,0,123,1133,0,0,123,1133,California
Mendocino,2020-12-31,130,1432,95,888,35,544,0,0,130,1263,0,0,130,1263,California
Mendocino,2021-01-01,7,1439,5,893,2,546,0,0,7,1270,0,0,7,1270,California
Mendocino,2021-01-02,1,1440,1,894,0,546,0,0,1,1271,0,0,1,1271,California
Mendocino,2021-01-04,840,2280,19,913,821,1367,0,0,840,2111,0,0,840,2111,California
Mendocino,2021-01-05,71,2351,35,948,36,1403,0,0,58,2156,13,13,58,2169,California
Mendocino,2021-01-06,151,2502,129,1077,22,1425,0,0,141,2287,10,23,141,2310,California
Mendocino,2021-01-07,355,2857,235,1312,120,1545,0,0,292,2516,63,86,292,2602,California
Mendocino,2021-01-08,95,2952,82,1394,13,1558,0,0,41,2504,54,140,42,2644,California
Mendocino,2021-01-09,10,2962,6,1400,4,1562,0,0,8,2510,2,142,8,2652,California
Mendocino,2021-01-10,8,2970,8,1408,0,1562,0,0,1,2504,7,149,1,2653,California
Mendocino,2021-01-11,102,3072,92,1500,10,1572,0,0,44,2491,57,206,44,2697,California
Mendocino,2021-01-12,386,3458,376,1876,10,1582,0,0,270,2645,116,322,270,2967,California
Mendocino,2021-01-13,483,3941,145,2021,338,1920,0,0,442,3049,39,361,443,3410,California
Mendocino,2021-01-14,636,4577,20,2041,616,2536,0,0,627,3667,9,370,627,4037,California
Mendocino,2021-01-15,1857,6434,859,2900,998,3534,0,0,1853,5516,4,374,1853,5890,California
Mendocino,2021-01-16,791,7225,50,2950,741,4275,0,0,789,6303,2,376,789,6679,California
Mendocino,2021-01-17,554,7779,1,2951,553,4828,0,0,553,6855,1,377,553,7232,California
Mendocino,2021-01-18,488,8267,463,3414,25,4853,0,0,476,7319,12,389,476,7708,California
Mendocino,2021-01-19,333,8600,148,3562,185,5038,0,0,157,7300,176,565,157,7865,California
Mendocino,2021-01-20,553,9153,406,3968,147,5185,0,0,447,7644,104,669,448,8313,California
Mendocino,2021-01-21,536,9689,223,4191,313,5498,0,0,352,7813,183,852,352,8665,California
Mendocino,2021-01-22,149,9838,58,4249,91,5589,0,0,110,7884,39,891,110,8775,California
Mendocino,2021-01-23,155,9993,83,4332,72,5661,0,0,149,8027,6,897,149,8924,California
Mendocino,2021-01-24,5,9998,3,4335,2,5663,0,0,5,8032,0,897,5,8929,California
Mendocino,2021-01-25,191,10189,18,4353,173,5836,0,0,121,8083,70,967,121,9050,California
Mendocino,2021-01-26,157,10346,57,4410,100,5936,0,0,96,8118,61,1028,96,9146,California
Mendocino,2021-01-27,439,10785,369,4779,70,6006,0,0,174,8041,258,1286,181,9327,California
Mendocino,2021-01-28,588,11373,524,5303,64,6070,0,0,494,8441,94,1380,494,9821,California
Mendocino,2021-01-29,391,11764,350,5653,41,6111,0,0,362,8775,29,1409,363,10184,California
Mendocino,2021-01-30,48,11812,30,5683,18,6129,0,0,41,8809,7,1416,41,10225,California
Mendocino,2021-01-31,273,12085,2,5685,271,6400,0,0,3,8542,270,1686,3,10228,California
Mendocino,2021-02-01,381,12466,53,5738,328,6728,0,0,58,8277,323,2009,58,10286,California
Mendocino,2021-02-02,721,13187,502,6240,219,6947,0,0,363,8282,358,2367,363,10649,California
Mendocino,2021-02-03,391,13578,206,6446,185,7132,0,0,221,8335,168,2535,221,10870,California
Mendocino,2021-02-04,624,14202,528,6974,96,7228,0,0,499,8709,125,2660,499,11369,California
Mendocino,2021-02-05,1298,15500,1211,8185,87,7315,0,0,584,8580,713,3373,584,11953,California
Mendocino,2021-02-06,559,16059,158,8343,401,7716,0,0,544,9109,15,3388,544,12497,California
Mendocino,2021-02-07,32,16091,28,8371,4,7720,0,0,32,9141,0,3388,32,12529,California
Mendocino,2021-02-08,746,16837,715,9086,31,7751,0,0,284,8963,462,3850,284,12813,California
Mendocino,2021-02-09,141,16978,58,9144,83,7834,0,0,89,9000,52,3902,89,12902,California
Mendocino,2021-02-10,1480,18458,920,10064,560,8394,0,0,740,9006,734,4636,740,13642,California
Mendocino,2021-02-11,1133,19591,208,10272,925,9319,0,0,281,8435,852,5488,281,13923,California
Mendocino,2021-02-12,1401,20992,158,10430,1243,10562,0,0,636,8307,764,6252,636,14559,California
Mendocino,2021-02-13,496,21488,12,10442,484,11046,0,0,103,8023,392,6644,108,14667,California
Mendocino,2021-02-14,694,22182,3,10445,691,11737,0,0,134,7597,560,7204,134,14801,California
Mendocino,2021-02-15,329,22511,43,10488,286,12023,0,0,174,7616,155,7359,174,14975,California
Mendocino,2021-02-16,201,22712,51,10539,150,12173,0,0,131,7677,70,7429,131,15106,California
Mendocino,2021-02-17,1349,24061,1187,11726,162,12335,0,0,877,8084,470,7899,877,15983,California
Mendocino,2021-02-18,1780,25841,639,12365,1141,13476,0,0,1215,8735,564,8463,1215,17198,California
Mendocino,2021-02-19,749,26590,146,12511,603,14079,0,0,610,9206,139,8602,610,17808,California
Mendocino,2021-02-20,570,27160,544,13055,26,14105,0,0,540,9718,28,8630,540,18348,California
Mendocino,2021-02-21,326,27486,6,13061,320,14425,0,0,314,10021,11,8641,314,18662,California
Mendocino,2021-02-22,162,27648,30,13091,132,14557,0,0,70,10000,91,8732,70,18732,California
Mendocino,2021-02-23,673,28321,661,13752,12,14569,0,0,611,10550,61,8793,611,19343,California
Mendocino,2021-02-24,1838,30159,1759,15511,79,14648,0,0,1429,11576,405,9198,1431,20774,California
Mendocino,2021-02-25,1702,31861,531,16042,1171,15819,0,0,1284,12443,417,9615,1284,22058,California
Mendocino,2021-02-26,1401,33262,747,16789,654,16473,0,0,1038,13120,361,9976,1038,23096,California
Mendocino,2021-02-27,199,33461,151,16940,48,16521,0,0,76,13074,122,10098,76,23172,California
Mendocino,2021-02-28,34,33495,12,16952,22,16543,0,0,23,13086,11,10109,23,23195,California
Mendocino,2021-03-01,576,34071,533,17485,43,16586,0,0,539,13588,37,10146,539,23734,California
Mendocino,2021-03-02,70,34141,24,17509,46,16632,0,0,41,13601,28,10174,41,23775,California
Mendocino,2021-03-03,1705,35846,1327,18836,378,17010,0,0,1074,14046,629,10803,1074,24849,California
Mendocino,2021-03-04,1769,37615,147,18983,1622,18632,0,0,1552,15384,215,11018,1553,26402,California
Mendocino,2021-03-05,206,37821,145,19128,52,18684,9,9,117,15423,87,11105,126,26528,California
Mendocino,2021-03-06,242,38063,20,19148,197,18881,25,34,201,15609,40,11145,226,26754,California
Mendocino,2021-03-07,504,38567,7,19155,477,19358,20,54,117,15359,386,11531,136,26890,California
Mendocino,2021-03-08,124,38691,29,19184,59,19417,36,90,64,15401,58,11589,100,26990,California
Mendocino,2021-03-09,446,39137,229,19413,176,19593,41,131,351,15698,95,11684,392,27382,California
Mendocino,2021-03-10,1107,40244,978,20391,64,19657,65,196,267,15196,837,12521,335,27717,California
Mendocino,2021-03-11,820,41064,611,21002,156,19813,53,249,394,15219,424,12945,447,28164,California
Mendocino,2021-03-12,2015,43079,1029,22031,892,20705,94,343,1210,15725,798,13743,1304,29468,California
Mendocino,2021-03-13,653,43732,524,22555,72,20777,57,400,96,15325,553,14296,153,29621,California
Mendocino,2021-03-14,105,43837,2,22557,96,20873,7,407,12,15255,89,14385,19,29640,California
Mendocino,2021-03-15,596,44433,51,22608,488,21361,57,464,208,15133,387,14772,265,29905,California
Mendocino,2021-03-16,571,45004,374,22982,152,21513,45,509,139,14887,430,15202,184,30089,California
Mendocino,2021-03-17,1562,46566,1359,24341,56,21569,147,656,214,13910,1345,16547,368,30457,California
Mendocino,2021-03-18,1307,47873,248,24589,1021,22590,38,694,284,13216,1015,17562,321,30778,California
Mendocino,2021-03-19,1756,49629,857,25446,838,23428,61,755,334,12195,1418,18980,397,31175,California
Mendocino,2021-03-20,69,49698,11,25457,37,23465,21,776,13,12173,56,19036,34,31209,California
Mendocino,2021-03-21,8,49706,1,25458,2,23467,5,781,3,12176,5,19041,8,31217,California
Mendocino,2021-03-22,624,50330,580,26038,15,23482,29,810,146,11876,474,19515,174,31391,California
Mendocino,2021-03-23,166,50496,33,26071,103,23585,30,840,116,11972,50,19565,146,31537,California
Mendocino,2021-03-24,910,51406,839,26910,24,23609,47,887,115,11341,793,20358,162,31699,California
Mendocino,2021-03-25,1985,53391,50,26960,1916,25525,19,906,173,9723,1809,22167,191,31890,California
Mendocino,2021-03-26,505,53896,357,27317,123,25648,25,931,323,9889,182,22349,348,32238,California
Mendocino,2021-03-27,141,54037,12,27329,118,25766,11,942,82,9923,58,22407,92,32330,California
Mendocino,2021-03-28,26,54063,5,27334,17,25783,4,946,4,9909,22,22429,8,32338,California
Mendocino,2021-03-29,186,54249,97,27431,47,25830,42,988,95,9955,91,22520,137,32475,California
Mendocino,2021-03-30,682,54931,597,28028,48,25878,37,1025,413,10137,268,22788,450,32925,California
Mendocino,2021-03-31,864,55795,270,28298,535,26413,59,1084,410,10154,452,23240,469,33394,California
Mendocino,2021-04-01,1703,57498,393,28691,1232,27645,78,1162,378,9291,1318,24558,455,33849,California
Mendocino,2021-04-02,1282,58780,1054,29745,155,27800,73,1235,223,8531,1056,25614,296,34145,California
Mendocino,2021-04-03,703,59483,7,29752,675,28475,21,1256,87,8027,612,26226,108,34253,California
Mendocino,2021-04-04,69,59552,34,29786,29,28504,6,1262,54,8072,15,26241,60,34313,California
Mendocino,2021-04-05,209,59761,141,29927,44,28548,24,1286,129,8143,80,26321,151,34464,California
Mendocino,2021-04-06,382,60143,121,30048,180,28728,81,1367,106,8054,276,26597,187,34651,California
Mendocino,2021-04-07,475,60618,169,30217,63,28791,243,1610,114,8051,359,26956,356,35007,California
Mendocino,2021-04-08,1484,62102,910,31127,460,29251,114,1724,996,8680,482,27438,1111,36118,California
Mendocino,2021-04-09,750,62852,426,31553,170,29421,154,1878,395,8875,354,27792,549,36667,California
Mendocino,2021-04-10,386,63238,90,31643,251,29672,45,1923,192,8918,194,27986,237,36904,California
Mendocino,2021-04-11,122,63360,47,31690,19,29691,56,1979,58,8968,64,28050,114,37018,California
Mendocino,2021-04-12,615,63975,510,32200,46,29737,59,2038,411,9234,204,28254,470,37488,California
Mendocino,2021-04-13,286,64261,224,32424,62,29799,0,2038,220,9388,66,28320,220,37708,California
Mendocino,2021-04-14,509,64770,420,32844,89,29888,0,2038,408,9695,101,28421,408,38116,California
Mendocino,2021-04-15,653,65423,325,33169,328,30216,0,2038,394,9834,255,28676,394,38510,California
Mendocino,2021-04-16,121,65544,49,33218,72,30288,0,2038,73,9860,47,28723,73,38583,California
Mendocino,2021-04-17,195,65739,11,33229,184,30472,0,2038,70,9806,124,28847,70,38653,California
Mendocino,2021-04-18,7,65746,2,33231,5,30477,0,2038,4,9807,3,28850,4,38657,California
Mendocino,2021-04-19,530,66276,505,33736,25,30502,0,2038,433,10144,96,28946,433,39090,California
Mendocino,2021-04-20,403,66679,276,34012,127,30629,0,2038,262,10265,141,29087,262,39352,California
Mendocino,2021-04-21,178,66857,126,34138,52,30681,0,2038,110,10308,67,29154,110,39462,California
Mendocino,2021-04-22,458,67315,295,34433,163,30844,0,2038,320,10491,137,29291,320,39782,California
Mendocino,2021-04-23,733,68048,642,35075,91,30935,0,2038,613,10985,119,29410,613,40395,California
Mendocino,2021-04-24,66,68114,8,35083,58,30993,0,2038,63,11045,3,29413,63,40458,California
Mendocino,2021-04-25,52,68166,30,35113,19,31012,3,2041,19,11034,33,29446,22,40480,California
Mendocino,2021-04-26,227,68393,193,35306,29,31041,5,2046,162,11136,65,29511,167,40647,California
Mendocino,2021-04-27,128,68521,60,35366,55,31096,13,2059,63,11147,64,29575,75,40722,California
Mendocino,2021-04-28,61,68582,34,35400,19,31115,8,2067,44,11182,17,29592,52,40774,California
Merced,2020-12-16,3,3,3,3,0,0,0,0,3,3,0,0,3,3,California
Merced,2020-12-17,5,8,5,8,0,0,0,0,5,8,0,0,5,8,California
Merced,2020-12-18,145,153,145,153,0,0,0,0,145,153,0,0,145,153,California
Merced,2020-12-19,39,192,39,192,0,0,0,0,39,192,0,0,39,192,California
Merced,2020-12-20,17,209,17,209,0,0,0,0,17,209,0,0,17,209,California
Merced,2020-12-21,126,335,123,332,3,3,0,0,126,335,0,0,126,335,California
Merced,2020-12-22,153,488,153,485,0,3,0,0,153,488,0,0,153,488,California
Merced,2020-12-23,248,736,242,727,6,9,0,0,248,736,0,0,248,736,California
Merced,2020-12-24,71,807,71,798,0,9,0,0,71,807,0,0,71,807,California
Merced,2020-12-25,4,811,4,802,0,9,0,0,4,811,0,0,4,811,California
Merced,2020-12-26,6,817,3,805,3,12,0,0,6,817,0,0,6,817,California
Merced,2020-12-27,12,829,11,816,1,13,0,0,12,829,0,0,12,829,California
Merced,2020-12-28,122,951,98,914,24,37,0,0,122,951,0,0,122,951,California
Merced,2020-12-29,178,1129,123,1037,55,92,0,0,178,1129,0,0,178,1129,California
Merced,2020-12-30,215,1344,89,1126,126,218,0,0,215,1344,0,0,215,1344,California
Merced,2020-12-31,101,1445,34,1160,67,285,0,0,101,1445,0,0,101,1445,California
Merced,2021-01-01,2,1447,0,1160,2,287,0,0,2,1447,0,0,2,1447,California
Merced,2021-01-02,127,1574,117,1277,10,297,0,0,127,1574,0,0,127,1574,California
Merced,2021-01-03,9,1583,5,1282,4,301,0,0,9,1583,0,0,9,1583,California
Merced,2021-01-04,79,1662,41,1323,38,339,0,0,79,1662,0,0,79,1662,California
Merced,2021-01-05,317,1979,230,1553,87,426,0,0,311,1969,6,6,313,1975,California
Merced,2021-01-06,247,2226,98,1651,149,575,0,0,241,2204,6,12,241,2216,California
Merced,2021-01-07,183,2409,79,1730,104,679,0,0,173,2366,11,23,173,2389,California
Merced,2021-01-08,524,2933,393,2123,131,810,0,0,372,2587,151,174,372,2761,California
Merced,2021-01-09,23,2956,10,2133,13,823,0,0,17,2598,6,180,17,2778,California
Merced,2021-01-10,10,2966,6,2139,4,827,0,0,6,2600,4,184,6,2784,California
Merced,2021-01-11,224,3190,167,2306,57,884,0,0,101,2579,123,307,102,2886,California
Merced,2021-01-12,279,3469,156,2462,123,1007,0,0,229,2757,51,358,229,3115,California
Merced,2021-01-13,370,3839,173,2635,197,1204,0,0,220,2829,150,508,222,3337,California
Merced,2021-01-14,324,4163,200,2835,124,1328,0,0,159,2825,164,672,160,3497,California
Merced,2021-01-15,564,4727,125,2960,439,1767,0,0,526,3314,39,711,528,4025,California
Merced,2021-01-16,201,4928,122,3082,79,1846,0,0,196,3505,5,716,196,4221,California
Merced,2021-01-17,49,4977,12,3094,37,1883,0,0,48,3552,1,717,48,4269,California
Merced,2021-01-18,258,5235,126,3220,132,2015,0,0,236,3769,22,739,239,4508,California
Merced,2021-01-19,700,5935,578,3798,122,2137,0,0,530,4133,170,909,534,5042,California
Merced,2021-01-20,571,6506,466,4264,105,2242,0,0,515,4595,56,965,518,5560,California
Merced,2021-01-21,1003,7509,643,4907,360,2602,0,0,904,5403,99,1064,907,6467,California
Merced,2021-01-22,1297,8806,680,5587,617,3219,0,0,1271,6660,26,1090,1283,7750,California
Merced,2021-01-23,305,9111,183,5770,122,3341,0,0,200,6755,105,1195,200,7950,California
Merced,2021-01-24,32,9143,14,5784,18,3359,0,0,23,6770,8,1203,23,7973,California
Merced,2021-01-25,728,9871,242,6026,486,3845,0,0,668,7379,59,1262,668,8641,California
Merced,2021-01-26,906,10777,478,6504,428,4273,0,0,669,7839,210,1472,670,9311,California
Merced,2021-01-27,976,11753,583,7087,393,4666,0,0,814,8493,160,1632,814,10125,California
Merced,2021-01-28,1135,12888,591,7678,544,5210,0,0,1016,9391,119,1751,1017,11142,California
Merced,2021-01-29,846,13734,322,8000,524,5734,0,0,601,9756,238,1989,603,11745,California
Merced,2021-01-30,258,13992,27,8027,231,5965,0,0,243,9984,15,2004,243,11988,California
Merced,2021-01-31,45,14037,10,8037,35,6000,0,0,44,10027,1,2005,44,12032,California
Merced,2021-02-01,371,14408,52,8089,319,6319,0,0,324,10305,46,2051,324,12356,California
Merced,2021-02-02,290,14698,178,8267,112,6431,0,0,171,10360,117,2168,172,12528,California
Merced,2021-02-03,349,15047,71,8338,278,6709,0,0,169,10349,180,2348,169,12697,California
Merced,2021-02-04,369,15416,146,8484,223,6932,0,0,241,10464,127,2475,242,12939,California
Merced,2021-02-05,515,15931,174,8658,341,7273,0,0,275,10502,239,2714,277,13216,California
Merced,2021-02-06,388,16319,218,8876,170,7443,0,0,245,10606,142,2856,246,13462,California
Merced,2021-02-07,20,16339,12,8888,8,7451,0,0,13,10612,7,2863,13,13475,California
Merced,2021-02-08,278,16617,197,9085,81,7532,0,0,170,10675,108,2971,171,13646,California
Merced,2021-02-09,1211,17828,952,10037,259,7791,0,0,777,11027,426,3397,778,14424,California
Merced,2021-02-10,1848,19676,1431,11468,417,8208,0,0,1271,11729,569,3966,1271,15695,California
Merced,2021-02-11,2492,22168,1999,13467,493,8701,0,0,1811,12867,673,4639,1811,17506,California
Merced,2021-02-12,1709,23877,1010,14477,699,9400,0,0,752,12672,948,5587,753,18259,California
Merced,2021-02-13,355,24232,200,14677,155,9555,0,0,262,12844,92,5679,264,18523,California
Merced,2021-02-14,116,24348,26,14703,90,9645,0,0,95,12919,21,5700,96,18619,California
Merced,2021-02-15,272,24620,40,14743,232,9877,0,0,169,12991,98,5798,170,18789,California
Merced,2021-02-16,1208,25828,840,15583,368,10245,0,0,838,13478,353,6151,840,19629,California
Merced,2021-02-17,1870,27698,1627,17210,243,10488,0,0,1310,14243,547,6698,1312,20941,California
Merced,2021-02-18,1198,28896,809,18019,389,10877,0,0,396,13857,782,7480,396,21337,California
Merced,2021-02-19,1252,30148,405,18424,847,11724,0,0,529,13671,717,8197,531,21868,California
Merced,2021-02-20,274,30422,31,18455,243,11967,0,0,140,13679,132,8329,140,22008,California
Merced,2021-02-21,73,30495,59,18514,14,11981,0,0,29,13664,44,8373,29,22037,California
Merced,2021-02-22,825,31320,292,18806,533,12514,0,0,480,13800,344,8717,480,22517,California
Merced,2021-02-23,1071,32391,414,19220,657,13171,0,0,631,13995,436,9153,631,23148,California
Merced,2021-02-24,815,33206,303,19523,512,13683,0,0,446,14082,360,9513,447,23595,California
Merced,2021-02-25,1749,34955,860,20383,889,14572,0,0,1299,14936,447,9960,1301,24896,California
Merced,2021-02-26,2125,37080,1359,21742,766,15338,0,0,1717,16248,406,10366,1718,26614,California
Merced,2021-02-27,2501,39581,1087,22829,1413,16751,1,1,2217,18182,283,10649,2217,28831,California
Merced,2021-02-28,299,39880,72,22901,227,16978,0,1,251,18389,44,10693,251,29082,California
Merced,2021-03-01,1106,40986,277,23178,829,17807,0,1,771,18832,328,11021,771,29853,California
Merced,2021-03-02,1743,42729,900,24078,842,18649,1,2,1358,19813,378,11399,1359,31212,California
Merced,2021-03-03,2202,44931,1719,25797,482,19131,1,3,1449,20526,737,12136,1450,32662,California
Merced,2021-03-04,2876,47807,2264,28061,610,19741,2,5,1910,21490,949,13085,1913,34575,California
Merced,2021-03-05,2054,49861,1185,29246,846,20587,23,28,1518,22508,524,13609,1542,36117,California
Merced,2021-03-06,1150,51011,648,29894,480,21067,22,50,895,23171,254,13863,917,37034,California
Merced,2021-03-07,225,51236,63,29957,137,21204,25,75,196,23363,29,13892,221,37255,California
Merced,2021-03-08,1225,52461,630,30587,530,21734,65,140,1015,24233,209,14101,1079,38334,California
Merced,2021-03-09,1674,54135,991,31578,577,22311,106,246,1087,24845,582,14683,1194,39528,California
Merced,2021-03-10,2676,56811,1855,33433,621,22932,200,446,1609,25604,1055,15738,1814,41342,California
Merced,2021-03-11,1825,58636,615,34048,1004,23936,206,652,1218,26454,596,16334,1446,42788,California
Merced,2021-03-12,2180,60816,889,34937,1021,24957,270,922,1470,27499,707,17041,1752,44540,California
Merced,2021-03-13,721,61537,310,35247,169,25126,242,1164,415,27859,298,17339,658,45198,California
Merced,2021-03-14,248,61785,135,35382,83,25209,30,1194,150,27943,97,17436,181,45379,California
Merced,2021-03-15,1488,63273,489,35871,746,25955,253,1447,975,28664,506,17942,1227,46606,California
Merced,2021-03-16,1421,64694,680,36551,518,26473,223,1670,942,29357,470,18412,1163,47769,California
Merced,2021-03-17,1926,66620,1029,37580,719,27192,178,1848,1483,30584,436,18848,1663,49432,California
Merced,2021-03-18,1987,68607,1126,38706,715,27907,146,1994,1373,31509,606,19454,1531,50963,California
Merced,2021-03-19,2651,71258,1444,40150,1014,28921,193,2187,1379,31819,1263,20717,1573,52536,California
Merced,2021-03-20,2379,73637,1457,41607,533,29454,389,2576,960,31755,1417,22134,1353,53889,California
Merced,2021-03-21,556,74193,342,41949,201,29655,13,2589,437,32088,119,22253,452,54341,California
Merced,2021-03-22,1261,75454,628,42577,557,30212,76,2665,890,32691,364,22617,967,55308,California
Merced,2021-03-23,1810,77264,1090,43667,656,30868,64,2729,1335,33620,471,23088,1400,56708,California
Merced,2021-03-24,1316,78580,797,44464,485,31353,34,2763,891,34127,418,23506,925,57633,California
Merced,2021-03-25,3279,81859,2253,46717,1005,32358,21,2784,2061,35001,1210,24716,2084,59717,California
Merced,2021-03-26,1909,83768,1069,47786,806,33164,34,2818,881,34896,1020,25736,915,60632,California
Merced,2021-03-27,2856,86624,1607,49393,1192,34356,57,2875,1231,34569,1615,27351,1288,61920,California
Merced,2021-03-28,510,87134,211,49604,292,34648,7,2882,211,34490,298,27649,219,62139,California
Merced,2021-03-29,1584,88718,563,50167,860,35508,161,3043,657,34391,921,28570,822,62961,California
Merced,2021-03-30,2068,90786,786,50953,1223,36731,59,3102,926,34240,1136,29706,985,63946,California
Merced,2021-03-31,2099,92885,1394,52347,671,37402,34,3136,938,34067,1146,30852,973,64919,California
Merced,2021-04-01,2000,94885,886,53233,1007,38409,107,3243,844,33872,1148,32000,953,65872,California
Merced,2021-04-02,2245,97130,606,53839,1237,39646,402,3645,708,33465,1521,33521,1114,66986,California
Merced,2021-04-03,727,97857,342,54181,375,40021,10,3655,332,33415,394,33915,344,67330,California
Merced,2021-04-04,366,98223,141,54322,221,40242,4,3659,142,33340,223,34138,148,67478,California
Merced,2021-04-05,1206,99429,552,54874,444,40686,210,3869,395,33136,808,34946,604,68082,California
Merced,2021-04-06,2203,101632,710,55584,677,41363,816,4685,716,33185,1484,36430,1533,69615,California
Merced,2021-04-07,1597,103229,852,56436,638,42001,107,4792,562,32831,1024,37454,670,70285,California
Merced,2021-04-08,2181,105410,1099,57535,869,42870,213,5005,745,32381,1406,38860,956,71241,California
Merced,2021-04-09,1662,107072,463,57998,621,43491,578,5583,561,32438,1084,39944,1141,72382,California
Merced,2021-04-10,682,107754,363,58361,136,43627,183,5766,172,32286,506,40450,354,72736,California
Merced,2021-04-11,489,108243,279,58640,75,43702,135,5901,148,32231,339,40789,284,73020,California
Merced,2021-04-12,1387,109630,903,59543,365,44067,119,6020,806,32609,547,41336,925,73945,California
Merced,2021-04-13,2004,111634,1438,60981,563,44630,3,6023,934,32560,990,42326,941,74886,California
Merced,2021-04-14,1926,113560,1108,62089,818,45448,0,6023,896,32553,905,43231,898,75784,California
Merced,2021-04-15,2985,116545,1955,64044,1030,46478,0,6023,952,31697,1812,45043,956,76740,California
Merced,2021-04-16,2331,118876,1142,65186,1189,47667,0,6023,950,31358,1289,46332,950,77690,California
Merced,2021-04-17,1423,120299,781,65967,642,48309,0,6023,383,30707,1035,47367,384,78074,California
Merced,2021-04-18,468,120767,249,66216,219,48528,0,6023,192,30649,250,47617,192,78266,California
Merced,2021-04-19,1312,122079,737,66953,575,49103,0,6023,699,30828,520,48137,699,78965,California
Merced,2021-04-20,1407,123486,733,67686,674,49777,0,6023,784,31058,554,48691,784,79749,California
Merced,2021-04-21,1442,124928,870,68556,572,50349,0,6023,745,31218,586,49277,746,80495,California
Merced,2021-04-22,1548,126476,725,69281,823,51172,0,6023,775,31299,694,49971,775,81270,California
Merced,2021-04-23,1438,127914,535,69816,903,52075,0,6023,743,31395,648,50619,744,82014,California
Merced,2021-04-24,547,128461,379,70195,168,52243,0,6023,379,31611,164,50783,380,82394,California
Merced,2021-04-25,303,128764,173,70368,130,52373,0,6023,177,31664,124,50907,177,82571,California
Merced,2021-04-26,944,129708,373,70741,571,52944,0,6023,489,31728,426,51333,490,83061,California
Merced,2021-04-27,685,130393,304,71045,372,53316,9,6032,322,31710,353,51686,335,83396,California
Merced,2021-04-28,106,130499,97,71142,9,53325,0,6032,85,31784,21,51707,95,83491,California
Modoc,2020-12-16,1,1,1,1,0,0,0,0,1,1,0,0,1,1,California
Modoc,2020-12-21,100,101,100,101,0,0,0,0,100,101,0,0,100,101,California
Modoc,2020-12-22,14,115,14,115,0,0,0,0,14,115,0,0,14,115,California
Modoc,2020-12-23,4,119,4,119,0,0,0,0,4,119,0,0,4,119,California
Modoc,2020-12-24,1,120,1,120,0,0,0,0,1,120,0,0,1,120,California
Modoc,2020-12-28,2,122,2,122,0,0,0,0,2,122,0,0,2,122,California
Modoc,2020-12-29,10,132,1,123,9,9,0,0,10,132,0,0,10,132,California
Modoc,2020-12-30,7,139,0,123,7,16,0,0,7,139,0,0,7,139,California
Modoc,2021-01-02,2,141,0,123,2,18,0,0,2,141,0,0,2,141,California
Modoc,2021-01-04,8,149,0,123,8,26,0,0,8,149,0,0,8,149,California
Modoc,2021-01-05,2,151,1,124,1,27,0,0,2,151,0,0,2,151,California
Modoc,2021-01-06,3,154,2,126,1,28,0,0,2,152,1,1,2,153,California
Modoc,2021-01-07,72,226,0,126,72,100,0,0,72,224,0,1,72,225,California
Modoc,2021-01-08,105,331,0,126,105,205,0,0,105,329,0,1,105,330,California
Modoc,2021-01-10,1,332,1,127,0,205,0,0,0,328,1,2,0,330,California
Modoc,2021-01-11,91,423,82,209,9,214,0,0,19,275,72,74,19,349,California
Modoc,2021-01-12,94,517,25,234,69,283,0,0,68,317,26,100,68,417,California
Modoc,2021-01-13,24,541,4,238,20,303,0,0,22,337,2,102,22,439,California
Modoc,2021-01-14,129,670,6,244,123,426,0,0,124,456,5,107,124,563,California
Modoc,2021-01-15,6,676,1,245,5,431,0,0,6,462,0,107,6,569,California
Modoc,2021-01-16,1,677,1,246,0,431,0,0,1,463,0,107,1,570,California
Modoc,2021-01-18,1,678,1,247,0,431,0,0,1,464,0,107,1,571,California
Modoc,2021-01-19,5,683,3,250,2,433,0,0,3,465,2,109,3,574,California
Modoc,2021-01-20,11,694,1,251,10,443,0,0,11,476,0,109,11,585,California
Modoc,2021-01-21,157,851,2,253,155,598,0,0,157,633,0,109,157,742,California
Modoc,2021-01-22,2,853,0,253,2,600,0,0,2,635,0,109,2,744,California
Modoc,2021-01-25,11,864,0,253,11,611,0,0,11,646,0,109,11,755,California
Modoc,2021-01-26,65,929,1,254,64,675,0,0,65,711,0,109,65,820,California
Modoc,2021-01-27,41,970,2,256,39,714,0,0,25,720,16,125,25,845,California
Modoc,2021-01-28,144,1114,1,257,143,857,0,0,144,864,0,125,144,989,California
Modoc,2021-01-29,3,1117,1,258,2,859,0,0,3,867,0,125,3,992,California
Modoc,2021-02-01,25,1142,12,270,13,872,0,0,11,864,14,139,11,1003,California
Modoc,2021-02-02,170,1312,2,272,168,1040,0,0,167,1028,3,142,167,1170,California
Modoc,2021-02-03,18,1330,13,285,5,1045,0,0,11,1032,7,149,11,1181,California
Modoc,2021-02-04,155,1485,4,289,151,1196,0,0,27,931,128,277,27,1208,California
Modoc,2021-02-05,4,1489,3,292,1,1197,0,0,3,933,1,278,3,1211,California
Modoc,2021-02-08,9,1498,2,294,7,1204,0,0,8,940,1,279,8,1219,California
Modoc,2021-02-09,198,1696,13,307,185,1389,0,0,66,874,132,411,66,1285,California
Modoc,2021-02-10,5,1701,2,309,3,1392,0,0,4,877,1,412,4,1289,California
Modoc,2021-02-11,201,1902,3,312,198,1590,0,0,83,842,118,530,83,1372,California
Modoc,2021-02-12,4,1906,0,312,4,1594,0,0,2,842,2,532,2,1374,California
Modoc,2021-02-13,1,1907,0,312,1,1595,0,0,1,843,0,532,1,1375,California
Modoc,2021-02-16,147,2054,6,318,141,1736,0,0,143,982,4,536,143,1518,California
Modoc,2021-02-17,24,2078,1,319,23,1759,0,0,12,982,12,548,12,1530,California
Modoc,2021-02-18,188,2266,2,321,186,1945,0,0,25,846,162,710,26,1556,California
Modoc,2021-02-19,2,2268,2,323,0,1945,0,0,2,848,0,710,2,1558,California
Modoc,2021-02-20,1,2269,1,324,0,1945,0,0,1,849,0,710,1,1559,California
Modoc,2021-02-22,17,2286,9,333,8,1953,0,0,3,838,14,724,3,1562,California
Modoc,2021-02-23,20,2306,2,335,18,1971,0,0,1,820,19,743,1,1563,California
Modoc,2021-02-24,90,2396,1,336,89,2060,0,0,30,790,60,803,30,1593,California
Modoc,2021-02-25,169,2565,1,337,168,2228,0,0,13,647,156,959,13,1606,California
Modoc,2021-02-26,3,2568,0,337,3,2231,0,0,1,646,2,961,1,1607,California
Modoc,2021-02-27,5,2573,5,342,0,2231,0,0,2,645,3,964,2,1609,California
Modoc,2021-03-01,4,2577,0,342,4,2235,0,0,0,641,4,968,0,1609,California
Modoc,2021-03-02,193,2770,12,354,181,2416,0,0,26,500,167,1135,26,1635,California
Modoc,2021-03-03,12,2782,6,360,6,2422,0,0,2,492,10,1145,2,1637,California
Modoc,2021-03-04,175,2957,2,362,173,2595,0,0,148,613,27,1172,148,1785,California
Modoc,2021-03-05,4,2961,3,365,1,2596,0,0,2,613,2,1174,2,1787,California
Modoc,2021-03-06,11,2972,0,365,1,2597,10,10,1,614,10,1184,11,1798,California
Modoc,2021-03-07,6,2978,1,366,0,2597,5,15,1,615,5,1189,6,1804,California
Modoc,2021-03-08,7,2985,1,367,2,2599,4,19,1,614,6,1195,5,1809,California
Modoc,2021-03-09,126,3111,10,377,108,2707,8,27,61,618,65,1260,69,1878,California
Modoc,2021-03-10,9,3120,3,380,2,2709,4,31,4,621,5,1265,8,1886,California
Modoc,2021-03-11,207,3327,0,380,99,2808,108,139,22,566,185,1450,130,2016,California
Modoc,2021-03-12,10,3337,1,381,4,2812,5,144,4,569,6,1456,9,2025,California
Modoc,2021-03-13,4,3341,0,381,1,2813,3,147,1,570,3,1459,4,2029,California
Modoc,2021-03-15,12,3353,1,382,10,2823,1,148,10,579,2,1461,11,2040,California
Modoc,2021-03-16,173,3526,1,383,168,2991,4,152,42,493,131,1592,45,2085,California
Modoc,2021-03-17,10,3536,1,384,4,2995,5,157,2,492,8,1600,7,2092,California
Modoc,2021-03-18,66,3602,1,385,58,3053,7,164,34,501,32,1632,41,2133,California
Modoc,2021-03-19,5,3607,0,385,0,3053,5,169,0,501,5,1637,5,2138,California
Modoc,2021-03-20,6,3613,2,387,1,3054,3,172,1,500,5,1642,4,2142,California
Modoc,2021-03-21,4,3617,1,388,1,3055,2,174,2,502,2,1644,4,2146,California
Modoc,2021-03-22,18,3635,1,389,11,3066,6,180,12,514,6,1650,18,2164,California
Modoc,2021-03-23,35,3670,5,394,27,3093,3,183,27,536,8,1658,30,2194,California
Modoc,2021-03-24,29,3699,1,395,18,3111,10,193,2,521,27,1685,12,2206,California
Modoc,2021-03-25,76,3775,1,396,73,3184,2,195,44,535,32,1717,46,2252,California
Modoc,2021-03-26,7,3782,2,398,2,3186,3,198,2,535,5,1722,5,2257,California
Modoc,2021-03-27,2,3784,0,398,1,3187,1,199,1,536,1,1723,2,2259,California
Modoc,2021-03-28,2,3786,1,399,0,3187,1,200,0,535,2,1725,1,2260,California
Modoc,2021-03-29,14,3800,1,400,5,3192,8,208,5,539,9,1734,13,2273,California
Modoc,2021-03-30,56,3856,10,410,39,3231,7,215,22,534,34,1768,29,2302,California
Modoc,2021-03-31,9,3865,3,413,2,3233,4,219,3,535,6,1774,7,2309,California
Modoc,2021-04-01,170,4035,3,416,162,3395,5,224,35,440,135,1909,40,2349,California
Modoc,2021-04-02,4,4039,0,416,1,3396,3,227,0,440,3,1912,3,2352,California
Modoc,2021-04-03,5,4044,2,418,0,3396,3,230,2,442,2,1914,4,2356,California
Modoc,2021-04-05,9,4053,0,418,9,3405,0,230,9,451,0,1914,9,2365,California
Modoc,2021-04-06,24,4077,5,423,9,3414,10,240,6,449,18,1932,16,2381,California
Modoc,2021-04-07,11,4088,1,424,4,3418,6,246,3,450,8,1940,9,2390,California
Modoc,2021-04-08,97,4185,1,425,93,3511,3,249,26,408,71,2011,29,2419,California
Modoc,2021-04-09,11,4196,2,427,6,3517,3,252,2,403,9,2020,4,2423,California
Modoc,2021-04-10,5,4201,0,427,1,3518,4,256,0,402,5,2025,4,2427,California
Modoc,2021-04-11,2,4203,2,429,0,3518,0,256,1,402,1,2026,1,2428,California
Modoc,2021-04-12,14,4217,1,430,9,3527,4,260,1,396,11,2037,5,2433,California
Modoc,2021-04-13,28,4245,27,457,1,3528,0,260,21,410,7,2044,21,2454,California
Modoc,2021-04-14,2,4247,2,459,0,3528,0,260,1,410,1,2045,1,2455,California
Modoc,2021-04-15,99,4346,0,459,99,3627,0,260,26,363,73,2118,26,2481,California
Modoc,2021-04-16,4,4350,4,463,0,3627,0,260,3,365,1,2119,3,2484,California
Modoc,2021-04-17,2,4352,2,465,0,3627,0,260,2,367,0,2119,2,2486,California
Modoc,2021-04-18,1,4353,0,465,1,3628,0,260,1,368,0,2119,1,2487,California
Modoc,2021-04-19,7,4360,1,466,6,3634,0,260,2,365,5,2124,2,2489,California
Modoc,2021-04-20,27,4387,2,468,25,3659,0,260,9,356,18,2142,9,2498,California
Modoc,2021-04-21,2,4389,2,470,0,3659,0,260,0,354,2,2144,0,2498,California
Modoc,2021-04-22,91,4480,3,473,88,3747,0,260,33,330,58,2202,34,2532,California
Modoc,2021-04-23,4,4484,0,473,4,3751,0,260,3,332,1,2203,3,2535,California
Modoc,2021-04-24,1,4485,0,473,1,3752,0,260,1,333,0,2203,1,2536,California
Modoc,2021-04-25,1,4486,1,474,0,3752,0,260,1,334,0,2203,1,2537,California
Modoc,2021-04-26,7,4493,1,475,6,3758,0,260,3,333,4,2207,3,2540,California
Modoc,2021-04-27,6,4499,4,479,0,3758,2,262,0,328,6,2213,1,2541,California
Modoc,2021-04-28,3,4502,0,479,3,3761,0,262,0,325,3,2216,0,2541,California
Mono,2020-12-18,1,1,1,1,0,0,0,0,1,1,0,0,1,1,California
Mono,2020-12-19,5,6,5,6,0,0,0,0,5,6,0,0,5,6,California
Mono,2020-12-20,7,13,7,13,0,0,0,0,7,13,0,0,7,13,California
Mono,2020-12-21,24,37,17,30,7,7,0,0,24,37,0,0,24,37,California
Mono,2020-12-22,66,103,65,95,1,8,0,0,66,103,0,0,66,103,California
Mono,2020-12-23,70,173,42,137,28,36,0,0,70,173,0,0,70,173,California
Mono,2020-12-24,3,176,1,138,2,38,0,0,3,176,0,0,3,176,California
Mono,2020-12-26,3,179,3,141,0,38,0,0,3,179,0,0,3,179,California
Mono,2020-12-28,94,273,63,204,31,69,0,0,94,273,0,0,94,273,California
Mono,2020-12-29,29,302,29,233,0,69,0,0,29,302,0,0,29,302,California
Mono,2020-12-30,76,378,35,268,41,110,0,0,76,378,0,0,76,378,California
Mono,2020-12-31,4,382,1,269,3,113,0,0,4,382,0,0,4,382,California
Mono,2021-01-01,4,386,4,273,0,113,0,0,4,386,0,0,4,386,California
Mono,2021-01-02,2,388,2,275,0,113,0,0,2,388,0,0,2,388,California
Mono,2021-01-04,1,389,0,275,1,114,0,0,1,389,0,0,1,389,California
Mono,2021-01-05,45,434,2,277,43,157,0,0,44,432,1,1,44,433,California
Mono,2021-01-06,44,478,0,277,44,201,0,0,44,476,0,1,44,477,California
Mono,2021-01-07,55,533,3,280,52,253,0,0,54,529,1,2,54,531,California
Mono,2021-01-08,2,535,1,281,1,254,0,0,1,529,1,3,1,532,California
Mono,2021-01-09,4,539,4,285,0,254,0,0,0,525,4,7,0,532,California
Mono,2021-01-10,5,544,5,290,0,254,0,0,0,520,5,12,0,532,California
Mono,2021-01-11,8,552,5,295,3,257,0,0,4,520,4,16,4,536,California
Mono,2021-01-12,282,834,75,370,207,464,0,0,218,675,63,79,218,754,California
Mono,2021-01-13,233,1067,73,443,160,624,0,0,178,798,55,134,178,932,California
Mono,2021-01-14,73,1140,71,514,2,626,0,0,73,871,0,134,73,1005,California
Mono,2021-01-15,62,1202,2,516,60,686,0,0,62,933,0,134,62,1067,California
Mono,2021-01-16,4,1206,3,519,1,687,0,0,1,931,3,137,1,1068,California
Mono,2021-01-18,63,1269,54,573,9,696,0,0,2,872,61,198,2,1070,California
Mono,2021-01-19,209,1478,207,780,2,698,0,0,171,1006,38,236,172,1242,California
Mono,2021-01-20,230,1708,199,979,31,729,0,0,169,1114,61,297,169,1411,California
Mono,2021-01-21,3,1711,3,982,0,729,0,0,3,1117,0,297,3,1414,California
Mono,2021-01-22,4,1715,0,982,4,733,0,0,4,1121,0,297,4,1418,California
Mono,2021-01-23,595,2310,595,1577,0,733,0,0,594,1714,1,298,594,2012,California
Mono,2021-01-25,205,2515,167,1744,38,771,0,0,166,1841,39,337,166,2178,California
Mono,2021-01-26,507,3022,505,2249,2,773,0,0,501,2336,6,343,501,2679,California
Mono,2021-01-27,5,3027,1,2250,4,777,0,0,5,2341,0,343,5,2684,California
Mono,2021-01-28,7,3034,3,2253,4,781,0,0,3,2340,4,347,3,2687,California
Mono,2021-01-30,202,3236,200,2453,2,783,0,0,201,2540,1,348,201,2888,California
Mono,2021-01-31,243,3479,138,2591,105,888,0,0,139,2575,104,452,139,3027,California
Mono,2021-02-01,27,3506,27,2618,0,888,0,0,0,2548,27,479,0,3027,California
Mono,2021-02-02,5,3511,0,2618,5,893,0,0,2,2547,3,482,2,3029,California
Mono,2021-02-03,4,3515,2,2620,2,895,0,0,2,2547,2,484,2,3031,California
Mono,2021-02-04,211,3726,158,2778,53,948,0,0,90,2516,121,605,90,3121,California
Mono,2021-02-05,619,4345,613,3391,6,954,0,0,616,3129,3,608,616,3737,California
Mono,2021-02-06,139,4484,138,3529,1,955,0,0,137,3264,2,610,137,3874,California
Mono,2021-02-07,2,4486,0,3529,2,957,0,0,2,3266,0,610,2,3876,California
Mono,2021-02-08,171,4657,171,3700,0,957,0,0,15,3126,155,765,15,3891,California
Mono,2021-02-09,226,4883,6,3706,220,1177,0,0,14,2928,212,977,14,3905,California
Mono,2021-02-10,537,5420,187,3893,350,1527,0,0,195,2782,342,1319,196,4101,California
Mono,2021-02-11,7,5427,4,3897,3,1530,0,0,2,2779,5,1324,2,4103,California
Mono,2021-02-12,84,5511,20,3917,64,1594,0,0,26,2747,58,1382,26,4129,California
Mono,2021-02-13,586,6097,586,4503,0,1594,0,0,25,2212,560,1942,25,4154,California
Mono,2021-02-15,168,6265,166,4669,2,1596,0,0,3,2052,163,2105,3,4157,California
Mono,2021-02-16,518,6783,515,5184,3,1599,0,0,45,1627,470,2575,45,4202,California
Mono,2021-02-17,5,6788,1,5185,4,1603,0,0,1,1624,4,2579,1,4203,California
Mono,2021-02-18,3,6791,2,5187,1,1604,0,0,2,1625,1,2580,2,4205,California
Mono,2021-02-19,54,6845,53,5240,1,1605,0,0,54,1679,0,2580,54,4259,California
Mono,2021-02-20,4,6849,4,5244,0,1605,0,0,4,1683,0,2580,4,4263,California
Mono,2021-02-21,3,6852,3,5247,0,1605,0,0,3,1686,0,2580,3,4266,California
Mono,2021-02-22,285,7137,284,5531,1,1606,0,0,24,1450,260,2840,24,4290,California
Mono,2021-02-23,135,7272,115,5646,20,1626,0,0,22,1359,113,2953,22,4312,California
Mono,2021-02-24,8,7280,3,5649,5,1631,0,0,2,1355,6,2959,2,4314,California
Mono,2021-02-25,5,7285,2,5651,3,1634,0,0,3,1357,1,2960,3,4317,California
Mono,2021-02-26,600,7885,599,6250,1,1635,0,0,20,798,579,3539,20,4337,California
Mono,2021-02-27,141,8026,137,6387,4,1639,0,0,4,668,134,3673,4,4341,California
Mono,2021-03-01,2,8028,2,6389,0,1639,0,0,1,669,0,3673,1,4342,California
Mono,2021-03-02,5,8033,3,6392,2,1641,0,0,3,670,2,3675,3,4345,California
Mono,2021-03-03,82,8115,2,6394,80,1721,0,0,79,747,2,3677,79,4424,California
Mono,2021-03-04,4,8119,0,6394,4,1725,0,0,2,747,2,3679,2,4426,California
Mono,2021-03-05,37,8156,27,6421,10,1735,0,0,14,738,23,3702,14,4440,California
Mono,2021-03-06,510,8666,17,6438,493,2228,0,0,503,1236,5,3707,503,4943,California
Mono,2021-03-07,1,8667,0,6438,1,2229,0,0,0,1235,1,3708,0,4943,California
Mono,2021-03-08,540,9207,11,6449,526,2755,3,3,531,1760,9,3717,534,5477,California
Mono,2021-03-09,6,9213,2,6451,3,2758,1,4,3,1762,2,3719,4,5481,California
Mono,2021-03-10,286,9499,91,6542,192,2950,3,7,9,1499,275,3994,12,5493,California
Mono,2021-03-11,11,9510,0,6542,1,2951,10,17,0,1498,11,4005,10,5503,California
Mono,2021-03-12,7,9517,1,6543,1,2952,5,22,0,1496,7,4012,5,5508,California
Mono,2021-03-13,826,10343,389,6932,437,3389,0,22,818,2306,8,4020,818,6326,California
Mono,2021-03-14,4,10347,4,6936,0,3389,0,22,1,2304,3,4023,1,6327,California
Mono,2021-03-15,29,10376,23,6959,1,3390,5,27,12,2305,16,4039,17,6344,California
Mono,2021-03-16,16,10392,6,6965,4,3394,6,33,8,2311,8,4047,14,6358,California
Mono,2021-03-17,32,10424,3,6968,21,3415,8,41,21,2329,11,4058,29,6387,California
Mono,2021-03-18,21,10445,2,6970,11,3426,8,49,9,2334,12,4070,17,6404,California
Mono,2021-03-19,21,10466,1,6971,17,3443,3,52,17,2351,3,4073,20,6424,California
Mono,2021-03-20,5,10471,3,6974,1,3444,1,53,4,2355,1,4074,5,6429,California
Mono,2021-03-21,1,10472,1,6975,0,3444,0,53,1,2356,0,4074,1,6430,California
Mono,2021-03-22,11,10483,0,6975,6,3450,5,58,5,2360,6,4080,10,6440,California
Mono,2021-03-23,42,10525,5,6980,32,3482,5,63,19,2361,23,4103,24,6464,California
Mono,2021-03-24,12,10537,1,6981,6,3488,5,68,6,2366,6,4109,11,6475,California
Mono,2021-03-25,18,10555,2,6983,12,3500,4,72,12,2376,6,4115,16,6491,California
Mono,2021-03-26,19,10574,3,6986,11,3511,5,77,10,2383,8,4123,15,6506,California
Mono,2021-03-27,354,10928,351,7337,3,3514,0,77,328,2685,26,4149,328,6834,California
Mono,2021-03-28,1,10929,1,7338,0,3514,0,77,1,2686,0,4149,1,6835,California
Mono,2021-03-29,10,10939,3,7341,6,3520,1,78,8,2693,2,4151,9,6844,California
Mono,2021-03-30,15,10954,0,7341,11,3531,4,82,10,2702,5,4156,14,6858,California
Mono,2021-03-31,125,11079,7,7348,117,3648,1,83,46,2671,78,4234,47,6905,California
Mono,2021-04-01,8,11087,0,7348,7,3655,1,84,3,2670,5,4239,4,6909,California
Mono,2021-04-02,17,11104,2,7350,15,3670,0,84,6,2665,11,4250,6,6915,California
Mono,2021-04-03,849,11953,366,7716,483,4153,0,84,35,1887,813,5063,35,6950,California
Mono,2021-04-05,530,12483,17,7733,512,4665,1,85,31,1421,498,5561,32,6982,California
Mono,2021-04-06,20,12503,2,7735,5,4670,13,98,2,1418,18,5579,15,6997,California
Mono,2021-04-07,23,12526,2,7737,2,4672,19,117,3,1420,20,5599,22,7019,California
Mono,2021-04-08,21,12547,2,7739,2,4674,17,134,3,1422,18,5617,20,7039,California
Mono,2021-04-09,37,12584,4,7743,4,4678,29,163,7,1428,30,5647,36,7075,California
Mono,2021-04-10,446,13030,2,7745,437,5115,7,170,28,1045,418,6065,35,7110,California
Mono,2021-04-11,1,13031,1,7746,0,5115,0,170,0,1044,1,6066,0,7110,California
Mono,2021-04-12,6,13037,0,7746,3,5118,3,173,3,1047,3,6069,6,7116,California
Mono,2021-04-13,18,13055,2,7748,15,5133,1,174,12,1054,6,6075,13,7129,California
Mono,2021-04-14,26,13081,1,7749,25,5158,0,174,7,1042,19,6094,7,7136,California
Mono,2021-04-15,18,13099,3,7752,15,5173,0,174,9,1042,9,6103,9,7145,California
Mono,2021-04-16,14,13113,1,7753,13,5186,0,174,5,1038,9,6112,5,7150,California
Mono,2021-04-17,51,13164,2,7755,49,5235,0,174,44,1075,7,6119,44,7194,California
Mono,2021-04-18,2,13166,1,7756,1,5236,0,174,2,1077,0,6119,2,7196,California
Mono,2021-04-19,527,13693,320,8076,207,5443,0,174,200,952,325,6444,200,7396,California
Mono,2021-04-20,16,13709,2,8078,14,5457,0,174,11,958,5,6449,11,7407,California
Mono,2021-04-21,10,13719,1,8079,9,5466,0,174,3,954,7,6456,3,7410,California
Mono,2021-04-22,31,13750,16,8095,15,5481,0,174,12,947,19,6475,12,7422,California
Mono,2021-04-23,23,13773,2,8097,21,5502,0,174,13,950,10,6485,13,7435,California
Mono,2021-04-24,34,13807,19,8116,15,5517,0,174,20,956,14,6499,20,7455,California
Mono,2021-04-25,3,13810,2,8118,1,5518,0,174,3,959,0,6499,3,7458,California
Mono,2021-04-26,15,13825,5,8123,10,5528,0,174,7,958,8,6507,7,7465,California
Mono,2021-04-27,44,13869,23,8146,16,5544,5,179,31,981,13,6520,36,7501,California
Mono,2021-04-28,26,13895,22,8168,4,5548,0,179,23,1001,3,6523,23,7524,California
Monterey,2020-12-16,4,4,4,4,0,0,0,0,4,4,0,0,4,4,California
Monterey,2020-12-17,83,87,83,87,0,0,0,0,83,87,0,0,83,87,California
Monterey,2020-12-18,481,568,481,568,0,0,0,0,481,568,0,0,481,568,California
Monterey,2020-12-19,579,1147,579,1147,0,0,0,0,579,1147,0,0,579,1147,California
Monterey,2020-12-20,422,1569,422,1569,0,0,0,0,422,1569,0,0,422,1569,California
Monterey,2020-12-21,719,2288,719,2288,0,0,0,0,719,2288,0,0,719,2288,California
Monterey,2020-12-22,533,2821,520,2808,13,13,0,0,533,2821,0,0,533,2821,California
Monterey,2020-12-23,436,3257,261,3069,175,188,0,0,436,3257,0,0,436,3257,California
Monterey,2020-12-24,84,3341,10,3079,74,262,0,0,84,3341,0,0,84,3341,California
Monterey,2020-12-25,6,3347,0,3079,6,268,0,0,6,3347,0,0,6,3347,California
Monterey,2020-12-26,92,3439,5,3084,87,355,0,0,92,3439,0,0,92,3439,California
Monterey,2020-12-27,7,3446,4,3088,3,358,0,0,7,3446,0,0,7,3446,California
Monterey,2020-12-28,475,3921,25,3113,450,808,0,0,475,3921,0,0,475,3921,California
Monterey,2020-12-29,900,4821,167,3280,733,1541,0,0,900,4821,0,0,900,4821,California
Monterey,2020-12-30,568,5389,98,3378,470,2011,0,0,568,5389,0,0,568,5389,California
Monterey,2020-12-31,34,5423,11,3389,23,2034,0,0,34,5423,0,0,34,5423,California
Monterey,2021-01-01,12,5435,2,3391,10,2044,0,0,12,5435,0,0,12,5435,California
Monterey,2021-01-02,137,5572,134,3525,3,2047,0,0,137,5572,0,0,137,5572,California
Monterey,2021-01-03,30,5602,29,3554,1,2048,0,0,30,5602,0,0,30,5602,California
Monterey,2021-01-04,410,6012,18,3572,392,2440,0,0,410,6012,0,0,410,6012,California
Monterey,2021-01-05,751,6763,326,3898,425,2865,0,0,737,6735,14,14,737,6749,California
Monterey,2021-01-06,655,7418,172,4070,483,3348,0,0,633,7346,22,36,633,7382,California
Monterey,2021-01-07,746,8164,572,4642,174,3522,0,0,422,7446,322,358,422,7804,California
Monterey,2021-01-08,1086,9250,733,5375,353,3875,0,0,394,7148,692,1050,394,8198,California
Monterey,2021-01-09,962,10212,934,6309,28,3903,0,0,312,6810,650,1700,312,8510,California
Monterey,2021-01-10,273,10485,270,6579,3,3906,0,0,8,6553,265,1965,8,8518,California
Monterey,2021-01-11,1065,11550,984,7563,81,3987,0,0,362,6212,703,2668,362,8880,California
Monterey,2021-01-12,464,12014,387,7950,77,4064,0,0,203,6154,261,2929,203,9083,California
Monterey,2021-01-13,1217,13231,591,8541,626,4690,0,0,1172,7281,45,2974,1172,10255,California
Monterey,2021-01-14,1047,14278,93,8634,954,5644,0,0,1029,8295,18,2992,1032,11287,California
Monterey,2021-01-15,1045,15323,44,8678,1001,6645,0,0,1032,9314,13,3005,1032,12319,California
Monterey,2021-01-16,361,15684,298,8976,63,6708,0,0,356,9665,5,3010,356,12675,California
Monterey,2021-01-17,309,15993,288,9264,21,6729,0,0,296,9948,13,3023,296,12971,California
Monterey,2021-01-18,402,16395,50,9314,352,7081,0,0,381,10308,21,3044,381,13352,California
Monterey,2021-01-19,577,16972,396,9710,181,7262,0,0,418,10569,157,3201,418,13770,California
Monterey,2021-01-20,530,17502,268,9978,262,7524,0,0,324,10687,206,3407,324,14094,California
Monterey,2021-01-21,840,18342,93,10071,747,8271,0,0,730,11311,110,3517,734,14828,California
Monterey,2021-01-22,1048,19390,191,10262,857,9128,0,0,1009,12281,39,3556,1009,15837,California
Monterey,2021-01-23,240,19630,174,10436,66,9194,0,0,117,12277,122,3678,118,15955,California
Monterey,2021-01-24,56,19686,38,10474,18,9212,0,0,22,12265,34,3712,22,15977,California
Monterey,2021-01-25,782,20468,173,10647,609,9821,0,0,156,11802,619,4331,156,16133,California
Monterey,2021-01-26,927,21395,223,10870,704,10525,0,0,235,11345,692,5023,235,16368,California
Monterey,2021-01-27,857,22252,307,11177,550,11075,0,0,377,11242,480,5503,377,16745,California
Monterey,2021-01-28,2021,24273,736,11913,1285,12360,0,0,1680,12583,341,5844,1682,18427,California
Monterey,2021-01-29,1228,25501,705,12618,523,12883,0,0,1112,13581,115,5959,1113,19540,California
Monterey,2021-01-30,440,25941,293,12911,147,13030,0,0,183,13509,257,6216,185,19725,California
Monterey,2021-01-31,493,26434,71,12982,422,13452,0,0,483,13983,10,6226,484,20209,California
Monterey,2021-02-01,1661,28095,1147,14129,514,13966,0,0,1099,14521,561,6787,1099,21308,California
Monterey,2021-02-02,2153,30248,454,14583,1699,15665,0,0,1546,15461,606,7393,1546,22854,California
Monterey,2021-02-03,2327,32575,1046,15629,1281,16946,0,0,1551,16240,772,8165,1551,24405,California
Monterey,2021-02-04,2703,35278,2019,17648,684,17630,0,0,2441,18421,260,8425,2441,26846,California
Monterey,2021-02-05,3641,38919,2820,20468,821,18451,0,0,3208,21201,428,8853,3208,30054,California
Monterey,2021-02-06,1095,40014,378,20846,717,19168,0,0,754,21616,339,9192,754,30808,California
Monterey,2021-02-07,314,40328,270,21116,44,19212,0,0,95,21492,219,9411,95,30903,California
Monterey,2021-02-08,515,40843,289,21405,226,19438,0,0,429,21835,86,9497,429,31332,California
Monterey,2021-02-09,860,41703,673,22078,187,19625,0,0,550,22077,310,9807,552,31884,California
Monterey,2021-02-10,2011,43714,1040,23118,971,20596,0,0,1162,22391,849,10656,1163,33047,California
Monterey,2021-02-11,2498,46212,971,24089,1527,22123,0,0,1544,22985,952,11608,1546,34593,California
Monterey,2021-02-12,2584,48796,426,24515,2158,24281,0,0,1522,23446,1061,12669,1522,36115,California
Monterey,2021-02-13,1068,49864,50,24565,1018,25299,0,0,977,24332,91,12760,977,37092,California
Monterey,2021-02-14,589,50453,73,24638,516,25815,0,0,516,24775,73,12833,516,37608,California
Monterey,2021-02-15,1368,51821,160,24798,1208,27023,0,0,993,25396,373,13206,994,38602,California
Monterey,2021-02-16,1088,52909,243,25041,845,27868,0,0,866,26040,222,13428,866,39468,California
Monterey,2021-02-17,1934,54843,1161,26202,773,28641,0,0,1635,27381,297,13725,1638,41106,California
Monterey,2021-02-18,2224,57067,1177,27379,1047,29688,0,0,908,26985,1306,15031,910,42016,California
Monterey,2021-02-19,2936,60003,1531,28910,1405,31093,0,0,1345,26739,1591,16622,1345,43361,California
Monterey,2021-02-20,1003,61006,603,29513,400,31493,0,0,950,27637,52,16674,950,44311,California
Monterey,2021-02-21,1239,62245,1211,30724,28,31521,0,0,1170,28740,67,16741,1170,45481,California
Monterey,2021-02-22,975,63220,844,31568,131,31652,0,0,642,29051,331,17072,642,46123,California
Monterey,2021-02-23,949,64169,617,32185,332,31984,0,0,299,28702,649,17721,300,46423,California
Monterey,2021-02-24,2458,66627,1312,33497,1146,33130,0,0,1847,29944,606,18327,1848,48271,California
Monterey,2021-02-25,4343,70970,2377,35874,1966,35096,0,0,1449,28507,2887,21214,1450,49721,California
Monterey,2021-02-26,5242,76212,3079,38953,2163,37259,0,0,2619,28507,2620,23834,2620,52341,California
Monterey,2021-02-27,995,77207,182,39135,813,38072,0,0,805,29127,185,24019,805,53146,California
Monterey,2021-02-28,1527,78734,81,39216,1446,39518,0,0,1065,29735,457,24476,1065,54211,California
Monterey,2021-03-01,1277,80011,137,39353,1137,40655,3,3,742,29949,532,25008,746,54957,California
Monterey,2021-03-02,2728,82739,1718,41071,1010,41665,0,3,1878,30981,846,25854,1878,56835,California
Monterey,2021-03-03,3200,85939,1242,42313,1958,43623,0,3,1304,30392,1894,27748,1305,58140,California
Monterey,2021-03-04,4548,90487,1468,43781,3080,46703,0,3,2976,31800,1568,29316,2976,61116,California
Monterey,2021-03-05,3580,94067,1622,45403,1681,48384,277,280,2950,34398,629,29945,3227,64343,California
Monterey,2021-03-06,5014,99081,1065,46468,3646,52030,303,583,4110,37908,901,30846,4411,68754,California
Monterey,2021-03-07,521,99602,108,46576,168,52198,245,828,234,38098,287,31133,477,69231,California
Monterey,2021-03-08,1653,101255,325,46901,941,53139,387,1215,1116,39063,537,31670,1502,70733,California
Monterey,2021-03-09,1902,103157,675,47576,951,54090,276,1491,1414,40264,487,32157,1688,72421,California
Monterey,2021-03-10,3108,106265,1015,48591,1607,55697,486,1977,1412,40472,1690,33847,1898,74319,California
Monterey,2021-03-11,4100,110365,1403,49994,2325,58022,372,2349,2339,41429,1754,35601,2711,77030,California
Monterey,2021-03-12,4264,114629,2016,52010,2131,60153,117,2466,2602,42488,1659,37260,2718,79748,California
Monterey,2021-03-13,5236,119865,961,52971,3928,64081,347,2813,3930,45459,1306,38566,4277,84025,California
Monterey,2021-03-14,2147,122012,1326,54297,796,64877,25,2838,576,44500,1560,40126,601,84626,California
Monterey,2021-03-15,3942,125954,1266,55563,2386,67263,290,3128,2255,45361,1683,41809,2544,87170,California
Monterey,2021-03-16,3487,129441,571,56134,2542,69805,374,3502,2077,46400,1409,43218,2448,89618,California
Monterey,2021-03-17,5676,135117,2307,58441,3118,72923,251,3753,4086,49160,1582,44800,4342,93960,California
Monterey,2021-03-18,4353,139470,2154,60595,2032,74955,167,3920,3006,51031,1341,46141,3212,97172,California
Monterey,2021-03-19,5386,144856,2558,63153,2686,77641,142,4062,4116,54025,1265,47406,4259,101431,California
Monterey,2021-03-20,3300,148156,421,63574,2184,79825,695,4757,2221,55866,1075,48481,2916,104347,California
Monterey,2021-03-21,622,148778,200,63774,414,80239,8,4765,556,56364,65,48546,563,104910,California
Monterey,2021-03-22,2452,151230,1430,65204,961,81200,61,4826,2247,58469,202,48748,2307,107217,California
Monterey,2021-03-23,3961,155191,2345,67549,1574,82774,42,4868,2506,59567,1450,50198,2548,109765,California
Monterey,2021-03-24,4975,160166,2084,69633,2580,85354,311,5179,3624,62152,1347,51545,3932,113697,California
Monterey,2021-03-25,5206,165372,1213,70846,3636,88990,357,5536,2609,62530,2589,54134,2967,116664,California
Monterey,2021-03-26,5290,170662,2604,73450,2620,91610,66,5602,2652,62621,2629,56763,2720,119384,California
Monterey,2021-03-27,4748,175410,1415,74865,3077,94687,256,5858,3038,64208,1707,58470,3294,122678,California
Monterey,2021-03-28,1110,176520,334,75199,767,95454,9,5867,628,64367,477,58947,636,123314,California
Monterey,2021-03-29,3164,179684,1402,76601,1748,97202,14,5881,1950,65127,1207,60154,1967,125281,California
Monterey,2021-03-30,4435,184119,2130,78731,2264,99466,41,5922,2749,66247,1675,61829,2795,128076,California
Monterey,2021-03-31,5278,189397,2375,81106,2112,101578,791,6713,3331,68417,1944,63773,4114,132190,California
Monterey,2021-04-01,6014,195411,2057,83163,3550,105128,407,7120,3013,68848,2987,66760,3418,135608,California
Monterey,2021-04-02,4660,200071,2241,85404,2358,107486,61,7181,3167,70588,1491,68251,3231,138839,California
Monterey,2021-04-03,5712,205783,1091,86495,3606,111092,1015,8196,1180,68262,4517,72768,2191,141030,California
Monterey,2021-04-04,752,206535,155,86650,583,111675,14,8210,483,68492,269,73037,499,141529,California
Monterey,2021-04-05,3962,210497,2458,89108,1277,112952,227,8437,1485,67732,2472,75509,1712,143241,California
Monterey,2021-04-06,3153,213650,1308,90416,1374,114326,471,8908,1120,67295,2028,77537,1591,144832,California
Monterey,2021-04-07,5489,219139,1401,91817,3579,117905,509,9417,2655,67635,2823,80360,3163,147995,California
Monterey,2021-04-08,6443,225582,3455,95272,2188,120093,800,10217,3170,68339,3267,83627,3971,151966,California
Monterey,2021-04-09,5512,231094,3369,98641,1514,121607,629,10846,2232,67922,3276,86903,2859,154825,California
Monterey,2021-04-10,9873,240967,4925,103566,2800,124407,2148,12994,4923,70051,4942,91845,7071,161896,California
Monterey,2021-04-11,5432,246399,4267,107833,567,124974,598,13592,4394,74010,1032,92877,4991,166887,California
Monterey,2021-04-12,4048,250447,1844,109677,1894,126868,310,13902,901,72212,3009,95886,1211,168098,California
Monterey,2021-04-13,3110,253557,712,110389,2393,129261,5,13907,1488,72105,1601,97487,1494,169592,California
Monterey,2021-04-14,6559,260116,3113,113502,3444,132705,2,13909,1798,69158,4747,102234,1800,171392,California
Monterey,2021-04-15,5712,265828,3861,117363,1851,134556,0,13909,3811,71098,1871,104105,3811,175203,California
Monterey,2021-04-16,4660,270488,2390,119753,2256,136812,14,13923,2173,70809,2476,106581,2187,177390,California
Monterey,2021-04-17,4795,275283,1330,121083,3465,140277,0,13923,3368,72759,1418,107999,3368,180758,California
Monterey,2021-04-18,833,276116,254,121337,579,140856,0,13923,236,72402,593,108592,236,180994,California
Monterey,2021-04-19,3672,279788,1286,122623,2386,143242,0,13923,1753,72244,1911,110503,1753,182747,California
Monterey,2021-04-20,3743,283531,1572,124195,2171,145413,0,13923,1547,71617,2175,112678,1548,184295,California
Monterey,2021-04-21,5681,289212,3105,127300,2576,147989,0,13923,2766,71504,2881,115559,2768,187063,California
Monterey,2021-04-22,4547,293759,956,128256,3591,151580,0,13923,1836,70663,2677,118236,1836,188899,California
Monterey,2021-04-23,5442,299201,2540,130796,2901,154481,1,13924,2081,69403,3342,121578,2082,190981,California
Monterey,2021-04-24,3306,302507,421,131217,2885,157366,0,13924,1365,68847,1921,123499,1365,192346,California
Monterey,2021-04-25,1028,303535,455,131672,573,157939,0,13924,614,69051,410,123909,614,192960,California
Monterey,2021-04-26,2839,306374,1684,133356,1139,159078,16,13940,725,67703,2089,125998,741,193701,California
Monterey,2021-04-27,2145,308519,715,134071,1321,160399,109,14049,909,67490,1231,127229,1018,194719,California
Monterey,2021-04-28,1477,309996,698,134769,723,161122,56,14105,1146,68367,327,127556,1204,195923,California
Napa,2020-12-16,12,12,12,12,0,0,0,0,12,12,0,0,12,12,California
Napa,2020-12-17,44,56,44,56,0,0,0,0,44,56,0,0,44,56,California
Napa,2020-12-18,102,158,102,158,0,0,0,0,102,158,0,0,102,158,California
Napa,2020-12-19,221,379,221,379,0,0,0,0,221,379,0,0,221,379,California
Napa,2020-12-20,188,567,188,567,0,0,0,0,188,567,0,0,188,567,California
Napa,2020-12-21,310,877,310,877,0,0,0,0,311,878,0,0,311,878,California
Napa,2020-12-22,340,1217,331,1208,9,9,0,0,340,1218,0,0,340,1218,California
Napa,2020-12-23,428,1645,319,1527,109,118,0,0,428,1646,0,0,428,1646,California
Napa,2020-12-24,139,1784,78,1605,61,179,0,0,139,1785,0,0,139,1785,California
Napa,2020-12-25,1,1785,1,1606,0,179,0,0,1,1786,0,0,1,1786,California
Napa,2020-12-26,39,1824,11,1617,28,207,0,0,39,1825,0,0,39,1825,California
Napa,2020-12-27,32,1856,16,1633,16,223,0,0,32,1857,0,0,32,1857,California
Napa,2020-12-28,251,2107,185,1818,66,289,0,0,280,2137,0,0,280,2137,California
Napa,2020-12-29,273,2380,214,2032,59,348,0,0,307,2444,0,0,307,2444,California
Napa,2020-12-30,630,3010,486,2518,144,492,0,0,638,3082,0,0,638,3082,California
Napa,2020-12-31,461,3471,373,2891,88,580,0,0,461,3543,0,0,461,3543,California
Napa,2021-01-01,1,3472,1,2892,0,580,0,0,1,3544,0,0,1,3544,California
Napa,2021-01-02,98,3570,93,2985,5,585,0,0,98,3642,0,0,98,3642,California
Napa,2021-01-03,13,3583,11,2996,2,587,0,0,9,3651,0,0,9,3651,California
Napa,2021-01-04,107,3690,64,3060,43,630,0,0,107,3758,0,0,107,3758,California
Napa,2021-01-05,157,3847,85,3145,72,702,0,0,140,3874,24,24,140,3898,California
Napa,2021-01-06,457,4304,114,3259,343,1045,0,0,393,4205,62,86,393,4291,California
Napa,2021-01-07,496,4800,234,3493,262,1307,0,0,396,4502,99,185,396,4687,California
Napa,2021-01-08,442,5242,226,3719,216,1523,0,0,262,4585,179,364,262,4949,California
Napa,2021-01-09,325,5567,300,4019,25,1548,0,0,189,4638,136,500,189,5138,California
Napa,2021-01-10,184,5751,101,4120,83,1631,0,0,109,4672,75,575,109,5247,California
Napa,2021-01-11,881,6632,426,4546,455,2086,0,0,508,4807,374,949,509,5756,California
Napa,2021-01-12,1312,7944,371,4917,941,3027,0,0,996,5487,316,1265,996,6752,California
Napa,2021-01-13,1313,9257,264,5181,1049,4076,0,0,1151,6478,161,1426,1152,7904,California
Napa,2021-01-14,1052,10309,173,5354,879,4955,0,0,934,7296,116,1542,934,8838,California
Napa,2021-01-15,1454,11763,384,5738,1070,6025,0,0,1306,8447,156,1698,1307,10145,California
Napa,2021-01-16,356,12119,134,5872,222,6247,0,0,338,8767,18,1716,338,10483,California
Napa,2021-01-17,340,12459,175,6047,165,6412,0,0,330,9087,10,1726,330,10813,California
Napa,2021-01-18,1081,13540,197,6244,884,7296,0,0,990,9986,91,1817,990,11803,California
Napa,2021-01-19,1009,14549,406,6650,603,7899,0,0,766,10510,242,2059,766,12569,California
Napa,2021-01-20,825,15374,185,6835,640,8539,0,0,643,10973,180,2239,643,13212,California
Napa,2021-01-21,1335,16709,374,7209,961,9500,0,0,1080,11800,254,2493,1081,14293,California
Napa,2021-01-22,1539,18248,411,7620,1128,10628,0,0,1212,12687,326,2819,1213,15506,California
Napa,2021-01-23,398,18646,318,7938,80,10708,0,0,336,12961,62,2881,336,15842,California
Napa,2021-01-24,266,18912,189,8127,77,10785,0,0,208,13111,58,2939,208,16050,California
Napa,2021-01-25,1522,20434,231,8358,1291,12076,0,0,1432,14453,90,3029,1432,17482,California
Napa,2021-01-26,882,21316,285,8643,597,12673,0,0,787,15147,95,3124,789,18271,California
Napa,2021-01-27,626,21942,220,8863,406,13079,0,0,470,15462,156,3280,471,18742,California
Napa,2021-01-28,390,22332,177,9040,213,13292,0,0,198,15470,190,3470,198,18940,California
Napa,2021-01-29,254,22586,65,9105,189,13481,0,0,159,15534,95,3565,159,19099,California
Napa,2021-01-30,804,23390,695,9800,109,13590,0,0,640,16010,164,3729,640,19739,California
Napa,2021-01-31,655,24045,625,10425,30,13620,0,0,629,16613,26,3755,629,20368,California
Napa,2021-02-01,315,24360,110,10535,205,13825,0,0,163,16624,152,3907,163,20531,California
Napa,2021-02-02,600,24960,281,10816,319,14144,0,0,297,16621,300,4207,297,20828,California
Napa,2021-02-03,742,25702,309,11125,433,14577,0,0,432,16743,310,4517,432,21260,California
Napa,2021-02-04,789,26491,374,11499,415,14992,0,0,441,16838,346,4863,441,21701,California
Napa,2021-02-05,708,27199,314,11813,394,15386,0,0,341,16812,367,5230,341,22042,California
Napa,2021-02-06,434,27633,145,11958,289,15675,0,0,329,17036,105,5335,329,22371,California
Napa,2021-02-07,175,27808,162,12120,13,15688,0,0,71,17003,104,5439,71,22442,California
Napa,2021-02-08,834,28642,191,12311,643,16331,0,0,272,16716,559,5998,272,22714,California
Napa,2021-02-09,1077,29719,443,12754,634,16965,0,0,437,16513,640,6638,437,23151,California
Napa,2021-02-10,1720,31439,192,12946,1528,18493,0,0,452,15701,1265,7903,453,23604,California
Napa,2021-02-11,1491,32930,194,13140,1297,19790,0,0,406,15035,1073,8976,407,24011,California
Napa,2021-02-12,2158,35088,837,13977,1321,21111,0,0,722,14324,1433,10409,722,24733,California
Napa,2021-02-13,495,35583,52,14029,443,21554,0,0,312,14453,183,10592,312,25045,California
Napa,2021-02-14,356,35939,90,14119,266,21820,0,0,195,14487,161,10753,195,25240,California
Napa,2021-02-15,872,36811,182,14301,690,22510,0,0,220,14057,650,11403,220,25460,California
Napa,2021-02-16,1287,38098,598,14899,689,23199,0,0,612,13995,674,12077,612,26072,California
Napa,2021-02-17,1048,39146,532,15431,516,23715,0,0,479,13907,567,12644,479,26551,California
Napa,2021-02-18,1898,41044,485,15916,1413,25128,0,0,659,13330,1236,13880,659,27210,California
Napa,2021-02-19,1482,42526,587,16503,895,26023,0,0,676,13201,805,14685,676,27886,California
Napa,2021-02-20,820,43346,595,17098,225,26248,0,0,272,12925,548,15233,272,28158,California
Napa,2021-02-21,797,44143,735,17833,62,26310,0,0,195,12518,602,15835,195,28353,California
Napa,2021-02-22,443,44586,187,18020,256,26566,0,0,138,12351,305,16140,138,28491,California
Napa,2021-02-23,1125,45711,301,18321,824,27390,0,0,307,11840,818,16958,307,28798,California
Napa,2021-02-24,1163,46874,643,18964,520,27910,0,0,574,11828,587,17545,575,29373,California
Napa,2021-02-25,2542,49416,1213,20177,1329,29239,0,0,1829,12945,712,18257,1829,31202,California
Napa,2021-02-26,1499,50915,524,20701,975,30214,0,0,585,12618,912,19169,585,31787,California
Napa,2021-02-27,1118,52033,378,21079,740,30954,0,0,866,13234,250,19419,866,32653,California
Napa,2021-02-28,560,52593,459,21538,101,31055,0,0,461,13598,97,19516,461,33114,California
Napa,2021-03-01,1101,53694,814,22352,287,31342,0,0,832,14162,268,19784,832,33946,California
Napa,2021-03-02,1485,55179,1025,23377,460,31802,0,0,1149,14976,335,20119,1149,35095,California
Napa,2021-03-03,1547,56726,685,24062,862,32664,0,0,1361,16152,185,20304,1361,36456,California
Napa,2021-03-04,1707,58433,783,24845,924,33588,0,0,1469,17386,235,20539,1469,37925,California
Napa,2021-03-05,1890,60323,782,25627,1104,34692,4,4,1475,18452,413,20952,1479,39404,California
Napa,2021-03-06,648,60971,281,25908,336,35028,31,35,536,18909,110,21062,567,39971,California
Napa,2021-03-07,521,61492,320,26228,186,35214,15,50,370,19143,151,21213,385,40356,California
Napa,2021-03-08,706,62198,331,26559,322,35536,53,103,529,19550,175,21388,582,40938,California
Napa,2021-03-09,1633,63831,570,27129,1017,36553,46,149,1203,20372,427,21815,1249,42187,California
Napa,2021-03-10,1476,65307,918,28047,466,37019,92,241,776,20543,697,22512,868,43055,California
Napa,2021-03-11,1841,67148,1045,29092,668,37687,128,369,949,20728,892,23404,1077,44132,California
Napa,2021-03-12,1499,68647,911,30003,493,38180,95,464,797,20919,700,24104,891,45023,California
Napa,2021-03-13,1164,69811,300,30303,840,39020,24,488,828,21437,334,24438,852,45875,California
Napa,2021-03-14,611,70422,328,30631,135,39155,148,636,227,21428,383,24821,374,46249,California
Napa,2021-03-15,947,71369,407,31038,471,39626,69,705,479,21510,466,25287,548,46797,California
Napa,2021-03-16,1835,73204,387,31425,1322,40948,126,831,1375,22556,456,25743,1502,48299,California
Napa,2021-03-17,2491,75695,1848,33273,464,41412,179,1010,1583,23410,908,26651,1762,50061,California
Napa,2021-03-18,2101,77796,915,34188,1176,42588,10,1020,1290,23901,809,27460,1300,51361,California
Napa,2021-03-19,1431,79227,859,35047,544,43132,28,1048,713,23926,716,28176,741,52102,California
Napa,2021-03-20,997,80224,527,35574,317,43449,153,1201,424,23931,572,28748,577,52679,California
Napa,2021-03-21,702,80926,680,36254,20,43469,2,1203,351,23934,350,29098,353,53032,California
Napa,2021-03-22,1088,82014,911,37165,166,43635,11,1214,478,23816,607,29705,489,53521,California
Napa,2021-03-23,1511,83525,820,37985,674,44309,17,1231,1001,24327,507,30212,1018,54539,California
Napa,2021-03-24,1704,85229,943,38928,753,45062,8,1239,822,24276,881,31093,830,55369,California
Napa,2021-03-25,1622,86851,1045,39973,523,45585,54,1293,746,24202,874,31967,800,56169,California
Napa,2021-03-26,1276,88127,826,40799,444,46029,6,1299,576,24087,697,32664,582,56751,California
Napa,2021-03-27,947,89074,431,41230,489,46518,27,1326,313,23793,634,33298,340,57091,California
Napa,2021-03-28,482,89556,372,41602,103,46621,7,1333,182,23683,299,33597,189,57280,California
Napa,2021-03-29,1187,90743,866,42468,316,46937,5,1338,725,23952,461,34058,730,58010,California
Napa,2021-03-30,2401,93144,929,43397,1468,48405,4,1342,1617,24789,784,34842,1621,59631,California
Napa,2021-03-31,1958,95102,955,44352,934,49339,69,1411,804,24509,1151,35993,871,60502,California
Napa,2021-04-01,1718,96820,820,45172,783,50122,115,1526,476,23863,1237,37230,591,61093,California
Napa,2021-04-02,1830,98650,823,45995,865,50987,142,1668,456,23090,1371,38601,598,61691,California
Napa,2021-04-03,624,99274,362,46357,203,51190,59,1727,209,22942,415,39016,267,61958,California
Napa,2021-04-04,351,99625,142,46499,151,51341,58,1785,122,22894,228,39244,180,62138,California
Napa,2021-04-05,1262,100887,753,47252,291,51632,218,2003,573,22997,688,39932,791,62929,California
Napa,2021-04-06,2214,103101,559,47811,1400,53032,255,2258,525,22091,1686,41618,780,63709,California
Napa,2021-04-07,1712,104813,691,48502,800,53832,221,2479,521,21647,1186,42804,742,64451,California
Napa,2021-04-08,1841,106654,1058,49560,413,54245,370,2849,975,22129,862,43666,1344,65795,California
Napa,2021-04-09,1522,108176,916,50476,305,54550,301,3150,675,22259,845,44511,975,66770,California
Napa,2021-04-10,1028,109204,346,50822,582,55132,100,3250,237,21806,790,45301,337,67107,California
Napa,2021-04-11,384,109588,301,51123,62,55194,21,3271,157,21757,227,45528,178,67285,California
Napa,2021-04-12,786,110374,303,51426,360,55554,123,3394,296,21685,489,46017,417,67702,California
Napa,2021-04-13,2518,112892,840,52266,1678,57232,0,3394,918,21007,1596,47613,918,68620,California
Napa,2021-04-14,2053,114945,976,53242,1077,58309,0,3394,1010,20981,1036,48649,1010,69630,California
Napa,2021-04-15,1598,116543,521,53763,1077,59386,0,3394,862,21112,731,49380,862,70492,California
Napa,2021-04-16,2811,119354,1498,55261,1313,60699,0,3394,2118,22539,691,50071,2118,72610,California
Napa,2021-04-17,1111,120465,264,55525,847,61546,0,3394,821,23071,290,50361,822,73432,California
Napa,2021-04-18,263,120728,171,55696,92,61638,0,3394,118,23045,144,50505,118,73550,California
Napa,2021-04-19,605,121333,336,56032,269,61907,0,3394,264,22969,340,50845,264,73814,California
Napa,2021-04-20,2917,124250,1946,57978,971,62878,0,3394,1972,23998,944,51789,1973,75787,California
Napa,2021-04-21,2745,126995,2017,59995,728,63606,0,3394,1707,24672,1033,52822,1707,77494,California
Napa,2021-04-22,1441,128436,1014,61009,427,64033,0,3394,657,24550,779,53601,657,78151,California
Napa,2021-04-23,1374,129810,1043,62052,329,64362,2,3396,929,25036,443,54044,929,79080,California
Napa,2021-04-24,369,130179,210,62262,159,64521,0,3396,211,25090,157,54201,211,79291,California
Napa,2021-04-25,192,130371,146,62408,46,64567,0,3396,101,25102,89,54290,101,79392,California
Napa,2021-04-26,446,130817,238,62646,208,64775,0,3396,235,25127,210,54500,235,79627,California
Napa,2021-04-27,875,131692,343,62989,523,65298,9,3405,300,24863,573,55073,309,79936,California
Napa,2021-04-28,486,132178,224,63213,255,65553,7,3412,159,24702,327,55400,166,80102,California
Nevada,2020-12-16,3,3,3,3,0,0,0,0,3,3,0,0,3,3,California
Nevada,2020-12-17,6,9,6,9,0,0,0,0,6,9,0,0,6,9,California
Nevada,2020-12-18,52,61,52,61,0,0,0,0,52,61,0,0,52,61,California
Nevada,2020-12-19,55,116,55,116,0,0,0,0,55,116,0,0,55,116,California
Nevada,2020-12-20,12,128,12,128,0,0,0,0,12,128,0,0,12,128,California
Nevada,2020-12-21,69,197,69,197,0,0,0,0,69,197,0,0,69,197,California
Nevada,2020-12-22,91,288,89,286,2,2,0,0,91,288,0,0,91,288,California
Nevada,2020-12-23,234,522,202,488,32,34,0,0,234,522,0,0,234,522,California
Nevada,2020-12-24,13,535,11,499,2,36,0,0,13,535,0,0,13,535,California
Nevada,2020-12-25,3,538,3,502,0,36,0,0,3,538,0,0,3,538,California
Nevada,2020-12-26,6,544,4,506,2,38,0,0,6,544,0,0,6,544,California
Nevada,2020-12-27,88,632,88,594,0,38,0,0,88,632,0,0,88,632,California
Nevada,2020-12-28,170,802,93,687,77,115,0,0,170,802,0,0,170,802,California
Nevada,2020-12-29,100,902,74,761,26,141,0,0,100,902,0,0,100,902,California
Nevada,2020-12-30,86,988,66,827,20,161,0,0,86,988,0,0,86,988,California
Nevada,2020-12-31,39,1027,9,836,30,191,0,0,39,1027,0,0,39,1027,California
Nevada,2021-01-01,1,1028,0,836,1,192,0,0,1,1028,0,0,1,1028,California
Nevada,2021-01-02,1,1029,1,837,0,192,0,0,1,1029,0,0,1,1029,California
Nevada,2021-01-03,129,1158,126,963,3,195,0,0,129,1158,0,0,129,1158,California
Nevada,2021-01-04,71,1229,47,1010,24,219,0,0,71,1229,0,0,71,1229,California
Nevada,2021-01-05,271,1500,130,1140,141,360,0,0,270,1498,1,1,270,1499,California
Nevada,2021-01-06,91,1591,43,1183,48,408,0,0,83,1573,8,9,83,1582,California
Nevada,2021-01-07,215,1806,43,1226,172,580,0,0,208,1776,6,15,209,1791,California
Nevada,2021-01-08,222,2028,128,1354,94,674,0,0,170,1894,52,67,170,1961,California
Nevada,2021-01-09,63,2091,56,1410,7,681,0,0,15,1861,48,115,15,1976,California
Nevada,2021-01-10,17,2108,9,1419,8,689,0,0,9,1862,8,123,9,1985,California
Nevada,2021-01-11,185,2293,131,1550,54,743,0,0,57,1791,128,251,57,2042,California
Nevada,2021-01-12,597,2890,451,2001,146,889,0,0,531,2256,66,317,531,2573,California
Nevada,2021-01-13,259,3149,146,2147,113,1002,0,0,124,2245,135,452,124,2697,California
Nevada,2021-01-14,239,3388,127,2274,112,1114,0,0,221,2449,17,469,221,2918,California
Nevada,2021-01-15,394,3782,169,2443,225,1339,0,0,296,2647,98,567,296,3214,California
Nevada,2021-01-16,296,4078,15,2458,281,1620,0,0,292,2935,4,571,292,3506,California
Nevada,2021-01-17,35,4113,31,2489,4,1624,0,0,33,2966,2,573,33,3539,California
Nevada,2021-01-18,150,4263,40,2529,110,1734,0,0,141,3098,9,582,141,3680,California
Nevada,2021-01-19,244,4507,85,2614,159,1893,0,0,225,3304,19,601,225,3905,California
Nevada,2021-01-20,259,4766,153,2767,106,1999,0,0,246,3537,13,614,246,4151,California
Nevada,2021-01-21,339,5105,207,2974,132,2131,0,0,326,3850,13,627,326,4477,California
Nevada,2021-01-22,347,5452,209,3183,138,2269,0,0,316,4135,31,658,316,4793,California
Nevada,2021-01-23,177,5629,104,3287,73,2342,0,0,177,4312,0,658,177,4970,California
Nevada,2021-01-24,105,5734,98,3385,7,2349,0,0,66,4339,39,697,66,5036,California
Nevada,2021-01-25,267,6001,137,3522,130,2479,0,0,206,4484,61,758,206,5242,California
Nevada,2021-01-26,401,6402,141,3663,260,2739,0,0,299,4681,102,860,299,5541,California
Nevada,2021-01-27,416,6818,247,3910,169,2908,0,0,392,5049,24,884,392,5933,California
Nevada,2021-01-28,467,7285,317,4227,150,3058,0,0,424,5431,42,926,424,6357,California
Nevada,2021-01-29,602,7887,392,4619,210,3268,0,0,577,5985,24,950,578,6935,California
Nevada,2021-01-30,231,8118,104,4723,127,3395,0,0,228,6210,3,953,228,7163,California
Nevada,2021-01-31,103,8221,87,4810,16,3411,0,0,102,6312,1,954,103,7266,California
Nevada,2021-02-01,290,8511,71,4881,219,3630,0,0,276,6574,14,968,276,7542,California
Nevada,2021-02-02,512,9023,174,5055,338,3968,0,0,324,6710,188,1156,324,7866,California
Nevada,2021-02-03,810,9833,570,5625,240,4208,0,0,758,7417,51,1207,758,8624,California
Nevada,2021-02-04,738,10571,392,6017,346,4554,0,0,488,7656,249,1456,488,9112,California
Nevada,2021-02-05,642,11213,364,6381,278,4832,0,0,453,7922,187,1643,453,9565,California
Nevada,2021-02-06,268,11481,82,6463,186,5018,0,0,241,8136,27,1670,241,9806,California
Nevada,2021-02-07,245,11726,192,6655,53,5071,0,0,191,8273,54,1724,191,9997,California
Nevada,2021-02-08,651,12377,408,7063,243,5314,0,0,552,8726,99,1823,552,10549,California
Nevada,2021-02-09,601,12978,337,7400,264,5578,0,0,463,9051,138,1961,463,11012,California
Nevada,2021-02-10,647,13625,322,7722,325,5903,0,0,418,9241,229,2190,419,11431,California
Nevada,2021-02-11,871,14496,504,8226,367,6270,0,0,541,9453,329,2519,541,11972,California
Nevada,2021-02-12,929,15425,434,8660,495,6765,0,0,612,9749,316,2835,612,12584,California
Nevada,2021-02-13,597,16022,235,8895,362,7127,0,0,389,9935,204,3039,390,12974,California
Nevada,2021-02-14,229,16251,119,9014,110,7237,0,0,201,10108,28,3067,201,13175,California
Nevada,2021-02-15,708,16959,438,9452,270,7507,0,0,534,10468,174,3241,534,13709,California
Nevada,2021-02-16,621,17580,197,9649,424,7931,0,0,451,10750,169,3410,451,14160,California
Nevada,2021-02-17,1186,18766,763,10412,423,8354,0,0,858,11280,328,3738,858,15018,California
Nevada,2021-02-18,1008,19774,548,10960,460,8814,0,0,602,11477,405,4143,602,15620,California
Nevada,2021-02-19,1009,20783,629,11589,380,9194,0,0,651,11771,358,4501,652,16272,California
Nevada,2021-02-20,296,21079,104,11693,192,9386,0,0,173,11822,122,4623,173,16445,California
Nevada,2021-02-21,88,21167,83,11776,5,9391,0,0,8,11751,79,4702,8,16453,California
Nevada,2021-02-22,494,21661,327,12103,167,9558,0,0,346,11950,147,4849,346,16799,California
Nevada,2021-02-23,469,22130,220,12323,249,9807,0,0,206,11896,260,5109,206,17005,California
Nevada,2021-02-24,474,22604,235,12558,239,10046,0,0,249,11922,225,5334,251,17256,California
Nevada,2021-02-25,862,23466,465,13023,397,10443,0,0,432,11926,428,5762,432,17688,California
Nevada,2021-02-26,1234,24700,880,13903,354,10797,0,0,407,11509,824,6586,407,18095,California
Nevada,2021-02-27,352,25052,110,14013,242,11039,0,0,182,11521,170,6756,182,18277,California
Nevada,2021-02-28,265,25317,153,14166,112,11151,0,0,124,11505,140,6896,124,18401,California
Nevada,2021-03-01,815,26132,423,14589,392,11543,0,0,350,11391,464,7360,350,18751,California
Nevada,2021-03-02,705,26837,261,14850,444,11987,0,0,479,11648,222,7582,479,19230,California
Nevada,2021-03-03,963,27800,490,15340,472,12459,1,1,492,11671,470,8052,493,19723,California
Nevada,2021-03-04,1099,28899,612,15952,487,12946,0,1,466,11507,630,8682,466,20189,California
Nevada,2021-03-05,814,29713,456,16408,348,13294,10,11,360,11425,452,9134,370,20559,California
Nevada,2021-03-06,356,30069,119,16527,210,13504,27,38,144,11384,212,9346,171,20730,California
Nevada,2021-03-07,209,30278,110,16637,80,13584,19,57,68,11330,141,9487,87,20817,California
Nevada,2021-03-08,804,31082,538,17175,221,13805,45,102,358,11289,445,9932,404,21221,California
Nevada,2021-03-09,665,31747,316,17491,299,14104,50,152,362,11399,301,10233,411,21632,California
Nevada,2021-03-10,955,32702,603,18094,295,14399,57,209,319,11143,632,10865,376,22008,California
Nevada,2021-03-11,1093,33795,718,18812,350,14749,25,234,540,11163,545,11410,565,22573,California
Nevada,2021-03-12,1187,34982,720,19532,437,15186,30,264,502,11011,683,12093,531,23104,California
Nevada,2021-03-13,265,35247,52,19584,208,15394,5,269,94,10939,170,12263,98,23202,California
Nevada,2021-03-14,156,35403,21,19605,129,15523,6,275,34,10857,122,12385,40,23242,California
Nevada,2021-03-15,836,36239,454,20059,370,15893,12,287,354,10744,479,12864,366,23608,California
Nevada,2021-03-16,994,37233,465,20524,468,16361,61,348,647,11106,346,13210,708,24316,California
Nevada,2021-03-17,1012,38245,449,20973,553,16914,10,358,582,11271,427,13637,592,24908,California
Nevada,2021-03-18,969,39214,525,21498,421,17335,23,381,475,11279,490,14127,498,25406,California
Nevada,2021-03-19,750,39964,437,21935,281,17616,32,413,351,11266,396,14523,383,25789,California
Nevada,2021-03-20,822,40786,93,22028,306,17922,423,836,235,11340,581,15104,655,26444,California
Nevada,2021-03-21,57,40843,31,22059,25,17947,1,837,39,11363,17,15121,40,26484,California
Nevada,2021-03-22,798,41641,514,22573,279,18226,5,842,540,11652,256,15377,545,27029,California
Nevada,2021-03-23,848,42489,381,22954,441,18667,26,868,639,12111,206,15583,665,27694,California
Nevada,2021-03-24,1016,43505,539,23493,470,19137,7,875,649,12404,363,15946,656,28350,California
Nevada,2021-03-25,895,44400,449,23942,421,19558,25,900,492,12518,402,16348,516,28866,California
Nevada,2021-03-26,1143,45543,433,24375,673,20231,37,937,832,13078,308,16656,868,29734,California
Nevada,2021-03-27,565,46108,70,24445,478,20709,17,954,383,13296,182,16838,400,30134,California
Nevada,2021-03-28,174,46282,50,24495,111,20820,13,967,39,13215,133,16971,52,30186,California
Nevada,2021-03-29,820,47102,501,24996,297,21117,22,989,393,13205,424,17395,414,30600,California
Nevada,2021-03-30,1039,48141,470,25466,535,21652,34,1023,537,13282,494,17889,571,31171,California
Nevada,2021-03-31,1174,49315,663,26129,494,22146,17,1040,700,13533,465,18354,716,31887,California
Nevada,2021-04-01,1227,50542,718,26847,456,22602,53,1093,548,13459,675,19029,601,32488,California
Nevada,2021-04-02,1277,51819,653,27500,588,23190,36,1129,761,13743,513,19542,797,33285,California
Nevada,2021-04-03,284,52103,86,27586,160,23350,38,1167,79,13656,204,19746,117,33402,California
Nevada,2021-04-04,128,52231,42,27628,79,23429,7,1174,78,13691,50,19796,85,33487,California
Nevada,2021-04-05,937,53168,615,28243,303,23732,19,1193,625,14027,308,20104,644,34131,California
Nevada,2021-04-06,1067,54235,662,28905,262,23994,143,1336,470,14049,591,20695,613,34744,California
Nevada,2021-04-07,1137,55372,811,29716,244,24238,82,1418,603,14206,527,21222,684,35428,California
Nevada,2021-04-08,1271,56643,891,30607,297,24535,83,1501,706,14433,562,21784,789,36217,California
Nevada,2021-04-09,1235,57878,845,31452,321,24856,69,1570,840,14947,395,22179,909,37126,California
Nevada,2021-04-10,261,58139,80,31532,105,24961,76,1646,115,14993,145,22324,191,37317,California
Nevada,2021-04-11,100,58239,31,31563,65,25026,4,1650,39,14975,61,22385,43,37360,California
Nevada,2021-04-12,734,58973,537,32100,180,25206,17,1667,312,14885,419,22804,329,37689,California
Nevada,2021-04-13,875,59848,349,32449,526,25732,0,1667,468,14948,405,23209,468,38157,California
Nevada,2021-04-14,1046,60894,563,33012,483,26215,0,1667,538,14986,500,23709,538,38695,California
Nevada,2021-04-15,1057,61951,703,33715,354,26569,0,1667,615,15169,432,24141,615,39310,California
Nevada,2021-04-16,898,62849,696,34411,202,26771,0,1667,531,15334,366,24507,531,39841,California
Nevada,2021-04-17,191,63040,49,34460,142,26913,0,1667,84,15311,107,24614,84,39925,California
Nevada,2021-04-18,180,63220,17,34477,163,27076,0,1667,100,15331,80,24694,100,40025,California
Nevada,2021-04-19,750,63970,481,34958,269,27345,0,1667,304,15197,438,25132,304,40329,California
Nevada,2021-04-20,798,64768,307,35265,491,27836,0,1667,301,15006,492,25624,301,40630,California
Nevada,2021-04-21,899,65667,494,35759,405,28241,0,1667,266,14647,625,26249,266,40896,California
Nevada,2021-04-22,977,66644,603,36362,374,28615,0,1667,323,14325,645,26894,323,41219,California
Nevada,2021-04-23,1187,67831,526,36888,661,29276,0,1667,373,13892,806,27700,373,41592,California
Nevada,2021-04-24,470,68301,63,36951,407,29683,0,1667,134,13691,335,28035,134,41726,California
Nevada,2021-04-25,101,68402,59,37010,41,29724,1,1668,42,13676,58,28093,43,41769,California
Nevada,2021-04-26,617,69019,468,37478,141,29865,8,1676,170,13415,439,28532,178,41947,California
Nevada,2021-04-27,504,69523,278,37756,223,30088,3,1679,238,13394,262,28794,241,42188,California
Nevada,2021-04-28,327,69850,148,37904,179,30267,0,1679,161,13393,162,28956,161,42349,California
Orange,2020-12-15,16,16,16,16,0,0,0,0,16,16,0,0,16,16,California
Orange,2020-12-16,365,381,365,381,0,0,0,0,365,381,0,0,365,381,California
Orange,2020-12-17,3725,4106,3725,4106,0,0,0,0,3724,4105,0,0,3724,4105,California
Orange,2020-12-18,5048,9154,5041,9147,7,7,0,0,5047,9152,0,0,5047,9152,California
Orange,2020-12-19,2231,11385,2224,11371,7,14,0,0,2230,11382,0,0,2230,11382,California
Orange,2020-12-20,1983,13368,1981,13352,2,16,0,0,1984,13366,0,0,1984,13366,California
Orange,2020-12-21,4247,17615,4241,17593,6,22,0,0,4246,17612,0,0,4246,17612,California
Orange,2020-12-22,3981,21596,3946,21539,35,57,0,0,3981,21593,0,0,3981,21593,California
Orange,2020-12-23,3562,25158,3200,24739,362,419,0,0,3564,25157,0,0,3564,25157,California
Orange,2020-12-24,1378,26536,1079,25818,299,718,0,0,1378,26535,0,0,1378,26535,California
Orange,2020-12-25,18,26554,12,25830,6,724,0,0,18,26553,0,0,18,26553,California
Orange,2020-12-26,1020,27574,422,26252,598,1322,0,0,1020,27573,0,0,1020,27573,California
Orange,2020-12-27,582,28156,275,26527,307,1629,0,0,582,28155,0,0,582,28155,California
Orange,2020-12-28,3536,31692,2564,29091,972,2601,0,0,3536,31691,0,0,3536,31691,California
Orange,2020-12-29,3567,35259,2562,31653,1005,3606,0,0,3566,35256,1,1,3566,35257,California
Orange,2020-12-30,5124,40383,3558,35211,1566,5172,0,0,5124,40380,0,1,5124,40381,California
Orange,2020-12-31,1458,41841,759,35970,699,5871,0,0,1458,41838,0,1,1458,41839,California
Orange,2021-01-01,501,42342,271,36241,230,6101,0,0,500,42337,1,2,500,42339,California
Orange,2021-01-02,1404,43746,895,37136,509,6610,0,0,1404,43741,0,2,1404,43743,California
Orange,2021-01-03,575,44321,315,37451,260,6870,0,0,575,44316,0,2,575,44318,California
Orange,2021-01-04,2727,47048,1556,39007,1171,8041,0,0,2728,47043,1,3,2728,47046,California
Orange,2021-01-05,3511,50559,2287,41294,1224,9265,0,0,3104,49747,403,406,3107,50153,California
Orange,2021-01-06,4979,55538,3459,44753,1520,10785,0,0,3611,52002,1356,1762,3611,53764,California
Orange,2021-01-07,9245,64783,5159,49912,4086,14871,0,0,5677,54128,3555,5317,5681,59445,California
Orange,2021-01-08,9394,74177,5250,55162,4144,19015,0,0,5641,56028,3743,9060,5643,65088,California
Orange,2021-01-09,4988,79165,1733,56895,3255,22270,0,0,3709,58458,1279,10339,3709,68797,California
Orange,2021-01-10,4232,83397,1042,57937,3190,25460,0,0,3352,60935,879,11218,3356,72153,California
Orange,2021-01-11,9432,92829,4896,62833,4536,29996,0,0,5813,63127,3622,14840,5814,77967,California
Orange,2021-01-12,8805,101634,4718,67551,4087,34083,0,0,5341,65007,3462,18302,5342,83309,California
Orange,2021-01-13,10225,111859,4899,72450,5326,39409,0,0,7027,68847,3194,21496,7034,90343,California
Orange,2021-01-14,9953,121812,3769,76219,6184,45593,0,0,8363,75628,1588,23084,8369,98712,California
Orange,2021-01-15,10155,131967,2618,78837,7537,53130,0,0,9283,84036,880,23964,9288,108000,California
Orange,2021-01-16,8705,140672,2096,80933,6609,59739,0,0,8309,91954,396,24360,8314,116314,California
Orange,2021-01-17,8152,148824,1485,82418,6667,66406,0,0,8006,99823,146,24506,8015,124329,California
Orange,2021-01-18,9745,158569,4455,86873,5290,71696,0,0,7504,105086,2243,26749,7506,131835,California
Orange,2021-01-19,7487,166056,5416,92289,2071,73767,0,0,4856,107312,2631,29380,4857,136692,California
Orange,2021-01-20,8272,174328,5816,98105,2456,76223,0,0,5216,109478,3057,32437,5223,141915,California
Orange,2021-01-21,10851,185179,4814,102919,6037,82260,0,0,10056,118749,794,33231,10065,151980,California
Orange,2021-01-22,13594,198773,5083,108002,8511,90771,0,0,12756,130683,830,34061,12764,164744,California
Orange,2021-01-23,13115,211888,6174,114176,6941,97712,0,0,12143,141864,970,35031,12151,176895,California
Orange,2021-01-24,9811,221699,4287,118463,5524,103236,0,0,9493,151045,315,35346,9496,186391,California
Orange,2021-01-25,10423,232122,5848,124311,4575,107811,0,0,7711,156055,2707,38053,7717,194108,California
Orange,2021-01-26,11880,244002,7714,132025,4166,111977,0,0,9731,163644,2145,40198,9734,203842,California
Orange,2021-01-27,13409,257411,7996,140021,5413,117390,0,0,10728,171706,2670,42868,10732,214574,California
Orange,2021-01-28,13019,270430,7195,147216,5824,123214,0,0,11163,181036,1843,44711,11173,225747,California
Orange,2021-01-29,13584,284014,8403,155619,5181,128395,0,0,10707,188896,2864,47575,10724,236471,California
Orange,2021-01-30,12928,296942,4444,160063,8484,136879,0,0,12195,200376,719,48294,12199,248670,California
Orange,2021-01-31,13712,310654,4943,165006,8769,145648,0,0,13269,213212,438,48732,13274,261944,California
Orange,2021-02-01,14028,324682,5776,170782,8252,153900,0,0,12034,223275,1975,50707,12038,273982,California
Orange,2021-02-02,15407,340089,8360,179142,7047,160947,0,0,12664,233307,2635,53342,12667,286649,California
Orange,2021-02-03,16737,356826,12570,191712,4167,165114,0,0,13732,244117,2927,56269,13737,300386,California
Orange,2021-02-04,19806,376632,12943,204655,6863,171977,0,0,14730,253810,5045,61314,14738,315124,California
Orange,2021-02-05,20737,397369,12006,216661,8731,180708,0,0,14466,262046,6232,67546,14468,329592,California
Orange,2021-02-06,16315,413684,10784,227445,5531,186239,0,0,11065,268094,5235,72781,11283,340875,California
Orange,2021-02-07,11521,425205,8102,235547,3419,189658,0,0,7548,271854,3958,76739,7718,348593,California
Orange,2021-02-08,14820,440025,8470,244017,6350,196008,0,0,8825,274715,5965,82704,8826,357419,California
Orange,2021-02-09,17642,457667,12015,256032,5627,201635,0,0,10740,278629,6830,89534,10744,368163,California
Orange,2021-02-10,20891,478558,11174,267206,9717,211352,0,0,12674,283186,8124,97658,12681,380844,California
Orange,2021-02-11,21993,500551,11396,278602,10597,221949,0,0,12384,286105,9483,107141,12402,393246,California
Orange,2021-02-12,24741,525292,11889,290491,12852,234801,0,0,14622,290671,10061,117202,14627,407873,California
Orange,2021-02-13,22008,547300,11911,302402,10097,244898,0,0,11142,291792,10662,127864,11783,419656,California
Orange,2021-02-14,16184,563484,6568,308970,9616,254514,0,0,9550,294733,6610,134474,9551,429207,California
Orange,2021-02-15,17216,580700,7389,316359,9827,264341,0,0,8880,295329,8293,142767,8889,438096,California
Orange,2021-02-16,19902,600602,8973,325332,10929,275270,0,0,10703,296902,9154,151921,10727,448823,California
Orange,2021-02-17,17787,618389,9315,334647,8472,283742,0,0,9162,297512,8583,160504,9193,458016,California
Orange,2021-02-18,14875,633264,9831,344478,5044,288786,0,0,6789,296270,8039,168543,6797,464813,California
Orange,2021-02-19,17840,651104,10724,355202,7116,295902,0,0,6882,292250,10913,179456,6893,471706,California
Orange,2021-02-20,7392,658496,5567,360769,1825,297727,0,0,3746,292381,3625,183081,3756,475462,California
Orange,2021-02-21,4322,662818,3643,364412,679,298406,0,0,775,289642,3514,186595,775,476237,California
Orange,2021-02-22,9605,672423,7840,372252,1765,300171,0,0,3883,287841,5698,192293,3897,480134,California
Orange,2021-02-23,13245,685668,7234,379486,6011,306182,0,0,3485,281634,9702,201995,3495,483629,California
Orange,2021-02-24,21093,706761,12785,392271,8308,314490,0,0,5353,271328,15678,217673,5372,489001,California
Orange,2021-02-25,22583,729344,12233,404504,10350,324840,0,0,7964,264758,14550,232223,7980,496981,California
Orange,2021-02-26,27670,757014,14013,418517,13657,338497,0,0,11143,259511,16414,248637,11167,508148,California
Orange,2021-02-27,24939,781953,10058,428575,14879,353376,2,2,7242,249175,17595,266232,7259,515407,California
Orange,2021-02-28,19002,800955,7351,435926,11651,365027,0,2,4797,239890,14099,280331,4814,520221,California
Orange,2021-03-01,18322,819277,8342,444268,9976,375003,4,6,7070,235793,11183,291514,7086,527307,California
Orange,2021-03-02,18747,838024,8855,453123,9889,384892,3,9,9155,235425,9552,301066,9184,536491,California
Orange,2021-03-03,20306,858330,9472,462595,10831,395723,3,12,10944,237103,9291,310357,10969,547460,California
Orange,2021-03-04,22245,880575,12816,475411,9416,405139,13,25,11547,238024,10664,321021,11585,559045,California
Orange,2021-03-05,20658,901233,10702,486113,9912,415051,44,69,12654,242816,7965,328986,12757,571802,California
Orange,2021-03-06,23845,925078,13092,499205,9891,424942,862,931,12614,245120,11198,340184,13502,585304,California
Orange,2021-03-07,14803,939881,8302,507507,6115,431057,386,1317,8637,248033,6131,346315,9044,594348,California
Orange,2021-03-08,16145,956026,7382,514889,7501,438558,1262,2579,10374,253966,5729,352044,11662,606010,California
Orange,2021-03-09,19667,975693,8554,523443,8685,447243,2428,5007,11278,259324,8352,360396,13710,619720,California
Orange,2021-03-10,23933,999626,11709,535152,9069,456312,3155,8162,12099,262796,11779,372175,15251,634971,California
Orange,2021-03-11,28827,1028453,15671,550823,9042,465354,4114,12276,13402,264970,15340,387515,17514,652485,California
Orange,2021-03-12,29135,1057588,14194,565017,11120,476474,3821,16097,14641,269040,14416,401931,18486,670971,California
Orange,2021-03-13,27656,1085244,10126,575143,13613,490087,3917,20014,14001,273354,13604,415535,17918,688889,California
Orange,2021-03-14,18764,1104008,8129,583272,8123,498210,2512,22526,11850,280826,6884,422419,14356,703245,California
Orange,2021-03-15,22922,1126930,10081,593353,12086,510296,755,23281,14319,287356,8539,430958,15069,718314,California
Orange,2021-03-16,26253,1153183,11087,604440,14944,525240,222,23503,17089,295586,9089,440047,17319,735633,California
Orange,2021-03-17,27117,1180300,13509,617949,13135,538375,473,23976,19385,307773,7669,447716,19856,755489,California
Orange,2021-03-18,27586,1207886,13853,631802,13461,551836,272,24248,21523,323569,6002,453718,21798,777287,California
Orange,2021-03-19,33251,1241137,18244,650046,14578,566414,429,24677,24807,340474,8341,462059,25246,802533,California
Orange,2021-03-20,25656,1266793,13470,663516,11978,578392,208,24885,21971,359024,3627,465686,22177,824710,California
Orange,2021-03-21,18409,1285202,10646,674162,7036,585428,727,25612,15667,372700,2718,468404,16394,841104,California
Orange,2021-03-22,22609,1307811,11676,685838,10614,596042,319,25931,19150,388787,3389,471793,19476,860580,California
Orange,2021-03-23,25832,1333643,13392,699230,11810,607852,630,26561,20782,405221,4980,476773,21414,881994,California
Orange,2021-03-24,28850,1362493,16097,715327,11873,619725,880,27441,21898,421118,6880,483653,22777,904771,California
Orange,2021-03-25,32081,1394574,17079,732406,14336,634061,666,28107,24126,438029,7880,491533,24791,929562,California
Orange,2021-03-26,34602,1429176,17947,750353,15808,649869,847,28954,24947,454263,9557,501090,25791,955353,California
Orange,2021-03-27,28267,1457443,13514,763867,14439,664308,314,29268,19749,465894,8434,509524,20065,975418,California
Orange,2021-03-28,24664,1482107,12753,776620,11844,676152,67,29335,18608,478578,5995,515519,18679,994097,California
Orange,2021-03-29,26323,1508430,12028,788648,13746,689898,549,29884,17910,488694,8344,523863,18460,1012557,California
Orange,2021-03-30,30399,1538829,13772,802420,16244,706142,383,30267,21275,501291,9062,532925,21659,1034216,California
Orange,2021-03-31,36729,1575558,19276,821696,16861,723003,592,30859,23998,513243,12643,545568,24595,1058811,California
Orange,2021-04-01,39690,1615248,20936,842632,17213,740216,1541,32400,25968,527108,13638,559206,27503,1086314,California
Orange,2021-04-02,39454,1654702,19925,862557,17875,758091,1654,34054,22460,534322,16907,576113,24121,1110435,California
Orange,2021-04-03,29567,1684269,15427,877984,12532,770623,1608,35662,14077,534583,15425,591538,15686,1126121,California
Orange,2021-04-04,18193,1702462,10617,888601,6889,777512,687,36349,8150,533421,9997,601535,8835,1134956,California
Orange,2021-04-05,29260,1731722,13882,902483,12153,789665,3225,39574,13784,535008,15415,616950,17002,1151958,California
Orange,2021-04-06,33028,1764750,15499,917982,14224,803889,3305,42879,14337,534031,18608,635558,17631,1169589,California
Orange,2021-04-07,35623,1800373,19954,937936,11239,815128,4430,47309,15753,534396,19799,655357,20164,1189753,California
Orange,2021-04-08,38232,1838605,21286,959222,11622,826750,5324,52633,18712,538980,19432,674789,24016,1213769,California
Orange,2021-04-09,40240,1878845,23479,982701,11727,838477,5034,57667,17848,539539,22308,697097,22867,1236636,California
Orange,2021-04-10,33859,1912704,17944,1000645,11793,850270,4122,61789,14099,538061,19682,716779,18204,1254840,California
Orange,2021-04-11,25303,1938007,14251,1014896,7831,858101,3221,65010,9703,535419,15555,732334,12913,1267753,California
Orange,2021-04-12,30124,1968131,15279,1030175,11392,869493,3453,68463,11864,532512,18210,750544,15303,1283056,California
Orange,2021-04-13,32171,2000302,18090,1048265,14019,883512,62,68525,15026,530518,17080,767624,15086,1298142,California
Orange,2021-04-14,34005,2034307,19823,1068088,14152,897664,30,68555,14927,526479,18998,786622,14959,1313101,California
Orange,2021-04-15,39393,2073700,23989,1092077,15393,913057,11,68566,18184,523556,21120,807742,18197,1331298,California
Orange,2021-04-16,40759,2114459,23891,1115968,16843,929900,25,68591,18329,519573,22343,830085,18360,1349658,California
Orange,2021-04-17,29568,2144027,17161,1133129,12404,942304,3,68594,12740,515562,16758,846843,12747,1362405,California
Orange,2021-04-18,21254,2165281,12822,1145951,8431,950735,1,68595,8401,511158,12809,859652,8405,1370810,California
Orange,2021-04-19,32265,2197546,17764,1163715,14499,965234,2,68597,14826,508625,17364,877016,14831,1385641,California
Orange,2021-04-20,34925,2232471,18105,1181820,16817,982051,3,68600,17464,508699,17392,894408,17466,1403107,California
Orange,2021-04-21,39883,2272354,22764,1204584,17109,999160,10,68610,18686,506283,21112,915520,18696,1421803,California
Orange,2021-04-22,38632,2310986,20407,1224991,18220,1017380,5,68615,16104,499989,22415,937935,16121,1437924,California
Orange,2021-04-23,37432,2348418,19349,1244340,18078,1035458,5,68620,16384,495433,20952,958887,16396,1454320,California
Orange,2021-04-24,28764,2377182,14957,1259297,13776,1049234,31,68651,11680,490124,17022,975909,11713,1466033,California
Orange,2021-04-25,19227,2396409,10622,1269919,8595,1057829,10,68661,8005,486960,11184,987093,8020,1474053,California
Orange,2021-04-26,20411,2416820,10024,1279943,10247,1068076,140,68801,9446,485659,10890,997983,9589,1483642,California
Orange,2021-04-27,21296,2438116,9923,1289866,10939,1079015,434,69235,8131,481180,13053,1011036,8574,1492216,California
Orange,2021-04-28,13160,2451276,5763,1295629,7182,1086197,215,69450,5442,479186,7679,1018715,5685,1497901,California
Placer,2020-12-15,29,29,29,29,0,0,0,0,29,29,0,0,29,29,California
Placer,2020-12-16,54,83,54,83,0,0,0,0,54,83,0,0,54,83,California
Placer,2020-12-17,139,222,139,222,0,0,0,0,139,222,0,0,139,222,California
Placer,2020-12-18,331,553,331,553,0,0,0,0,331,553,0,0,331,553,California
Placer,2020-12-19,251,804,251,804,0,0,0,0,251,804,0,0,251,804,California
Placer,2020-12-20,234,1038,234,1038,0,0,0,0,234,1038,0,0,234,1038,California
Placer,2020-12-21,492,1530,491,1529,1,1,0,0,492,1530,0,0,492,1530,California
Placer,2020-12-22,676,2206,669,2198,7,8,0,0,676,2206,0,0,676,2206,California
Placer,2020-12-23,743,2949,658,2856,85,93,0,0,743,2949,0,0,743,2949,California
Placer,2020-12-24,398,3347,346,3202,52,145,0,0,398,3347,0,0,398,3347,California
Placer,2020-12-26,158,3505,113,3315,45,190,0,0,158,3505,0,0,158,3505,California
Placer,2020-12-27,186,3691,163,3478,23,213,0,0,186,3691,0,0,186,3691,California
Placer,2020-12-28,664,4355,537,4015,127,340,0,0,664,4355,0,0,664,4355,California
Placer,2020-12-29,761,5116,513,4528,248,588,0,0,761,5116,0,0,761,5116,California
Placer,2020-12-30,730,5846,454,4982,276,864,0,0,728,5844,0,0,728,5844,California
Placer,2020-12-31,528,6374,343,5325,185,1049,0,0,528,6372,0,0,528,6372,California
Placer,2021-01-01,15,6389,11,5336,4,1053,0,0,15,6387,0,0,15,6387,California
Placer,2021-01-02,184,6573,152,5488,32,1085,0,0,184,6571,0,0,184,6571,California
Placer,2021-01-03,154,6727,79,5567,75,1160,0,0,154,6725,0,0,154,6725,California
Placer,2021-01-04,618,7345,179,5746,439,1599,0,0,618,7343,0,0,618,7343,California
Placer,2021-01-05,725,8070,159,5905,566,2165,0,0,642,7904,82,82,643,7986,California
Placer,2021-01-06,760,8830,244,6149,516,2681,0,0,618,8380,142,224,618,8604,California
Placer,2021-01-07,982,9812,366,6515,616,3297,0,0,777,8952,205,429,777,9381,California
Placer,2021-01-08,1182,10994,529,7044,653,3950,0,0,855,9483,324,753,855,10236,California
Placer,2021-01-09,449,11443,321,7365,128,4078,0,0,233,9501,215,968,233,10469,California
Placer,2021-01-10,329,11772,186,7551,143,4221,0,0,164,9500,165,1133,164,10633,California
Placer,2021-01-11,1427,13199,809,8360,618,4839,0,0,838,9750,589,1722,839,11472,California
Placer,2021-01-12,1645,14844,874,9234,771,5610,0,0,1043,10191,602,2324,1043,12515,California
Placer,2021-01-13,1627,16471,818,10052,809,6419,0,0,1207,10982,418,2742,1209,13724,California
Placer,2021-01-14,1756,18227,652,10704,1104,7523,0,0,1401,12032,352,3094,1402,15126,California
Placer,2021-01-15,1909,20136,723,11427,1186,8709,0,0,1558,13241,350,3444,1559,16685,California
Placer,2021-01-16,1471,21607,719,12146,752,9461,0,0,1350,14471,121,3565,1351,18036,California
Placer,2021-01-17,563,22170,397,12543,166,9627,0,0,431,14770,132,3697,431,18467,California
Placer,2021-01-18,977,23147,540,13083,437,10064,0,0,747,15288,230,3927,748,19215,California
Placer,2021-01-19,2584,25731,1947,15030,637,10701,0,0,2133,16970,451,4378,2133,21348,California
Placer,2021-01-20,2244,27975,1694,16724,550,11251,0,0,1916,18559,328,4706,1917,23265,California
Placer,2021-01-21,2539,30514,1113,17837,1426,12677,0,0,2145,20312,393,5099,2146,25411,California
Placer,2021-01-22,2293,32807,591,18428,1702,14379,0,0,2120,22262,171,5270,2121,27532,California
Placer,2021-01-23,1189,33996,380,18808,809,15188,0,0,1034,23141,155,5425,1034,28566,California
Placer,2021-01-24,508,34504,265,19073,243,15431,0,0,432,23498,76,5501,433,28999,California
Placer,2021-01-25,1670,36174,802,19875,868,16299,0,0,1383,24595,287,5788,1384,30383,California
Placer,2021-01-26,1848,38022,1027,20902,821,17120,0,0,1584,25915,264,6052,1584,31967,California
Placer,2021-01-27,1840,39862,1154,22056,686,17806,0,0,1597,27272,241,6293,1598,33565,California
Placer,2021-01-28,1799,41661,1113,23169,686,18492,0,0,1552,28579,245,6538,1552,35117,California
Placer,2021-01-29,1889,43550,1172,24341,717,19209,0,0,1697,30087,191,6729,1699,36816,California
Placer,2021-01-30,1724,45274,971,25312,753,19962,0,0,1604,31572,119,6848,1604,38420,California
Placer,2021-01-31,780,46054,624,25936,156,20118,0,0,712,32217,68,6916,713,39133,California
Placer,2021-02-01,2068,48122,1088,27024,980,21098,0,0,1754,33657,314,7230,1754,40887,California
Placer,2021-02-02,2368,50490,1536,28560,832,21930,0,0,1882,35056,483,7713,1882,42769,California
Placer,2021-02-03,2912,53402,1872,30432,1040,22970,0,0,2291,36730,617,8330,2291,45060,California
Placer,2021-02-04,2756,56158,1186,31618,1570,24540,0,0,1934,37846,819,9149,1935,46995,California
Placer,2021-02-05,2726,58884,1202,32820,1524,26064,0,0,1400,37925,1321,10470,1400,48395,California
Placer,2021-02-06,1945,60829,1308,34128,637,26701,0,0,1395,38770,550,11020,1395,49790,California
Placer,2021-02-07,1220,62049,910,35038,310,27011,0,0,938,39427,281,11301,938,50728,California
Placer,2021-02-08,3299,65348,1767,36805,1532,28543,0,0,1975,40087,1316,12617,1976,52704,California
Placer,2021-02-09,3545,68893,2173,38978,1372,29915,0,0,1641,39826,1902,14519,1641,54345,California
Placer,2021-02-10,3745,72638,2190,41168,1555,31470,0,0,1744,39574,1998,16517,1746,56091,California
Placer,2021-02-11,3643,76281,1902,43070,1741,33211,0,0,1583,39107,2051,18568,1584,57675,California
Placer,2021-02-12,2768,79049,1317,44387,1451,34662,0,0,1656,39674,1090,19658,1657,59332,California
Placer,2021-02-13,2533,81582,1484,45871,1049,35711,0,0,1882,40905,651,20309,1882,61214,California
Placer,2021-02-14,1078,82660,676,46547,402,36113,0,0,737,41304,338,20647,737,61951,California
Placer,2021-02-15,2194,84854,1043,47590,1151,37264,0,0,1526,42162,669,21316,1527,63478,California
Placer,2021-02-16,3549,88403,1779,49369,1770,39034,0,0,1584,41791,1956,23272,1585,65063,California
Placer,2021-02-17,3541,91944,1962,51331,1579,40613,0,0,1510,41274,2027,25299,1510,66573,California
Placer,2021-02-18,3766,95710,2042,53373,1724,42337,0,0,1624,40766,2133,27432,1625,68198,California
Placer,2021-02-19,3568,99278,1911,55284,1657,43994,0,0,1318,39839,2246,29678,1319,69517,California
Placer,2021-02-20,1971,101249,1230,56514,741,44735,0,0,887,39651,1078,30756,890,70407,California
Placer,2021-02-21,971,102220,729,57243,242,44977,0,0,279,39242,689,31445,280,70687,California
Placer,2021-02-22,2514,104734,1768,59011,746,45723,0,0,602,37933,1911,33356,602,71289,California
Placer,2021-02-23,2533,107267,1566,60577,967,46690,0,0,876,37153,1656,35012,876,72165,California
Placer,2021-02-24,3268,110535,1173,61750,2095,48785,0,0,1782,37461,1476,36488,1784,73949,California
Placer,2021-02-25,3498,114033,1423,63173,2075,50860,0,0,1856,37683,1635,38123,1857,75806,California
Placer,2021-02-26,4090,118123,2372,65545,1718,52578,0,0,2350,38297,1736,39859,2350,78156,California
Placer,2021-02-27,2815,120938,1492,67037,1323,53901,0,0,1450,38391,1359,41218,1453,79609,California
Placer,2021-02-28,1393,122331,791,67828,602,54503,0,0,583,38170,804,42022,583,80192,California
Placer,2021-03-01,2990,125321,1985,69813,1005,55508,0,0,1542,38269,1443,43465,1542,81734,California
Placer,2021-03-02,2867,128188,1761,71574,1106,56614,0,0,1878,39163,984,44449,1878,83612,California
Placer,2021-03-03,3318,131506,1424,72998,1894,58508,0,0,1815,39482,1497,45946,1816,85428,California
Placer,2021-03-04,3599,135105,1447,74445,2152,60660,0,0,1871,39638,1716,47662,1872,87300,California
Placer,2021-03-05,2997,138102,1026,75471,1949,62609,22,22,1800,40265,1195,48857,1822,89122,California
Placer,2021-03-06,2402,140504,1481,76952,825,63434,96,118,923,39812,1472,50329,1019,90141,California
Placer,2021-03-07,1296,141800,756,77708,502,63936,38,156,527,39611,766,51095,565,90706,California
Placer,2021-03-08,2910,144710,1829,79537,968,64904,113,269,1652,40120,1256,52351,1765,92471,California
Placer,2021-03-09,3165,147875,1679,81216,1396,66300,90,359,1814,40676,1348,53699,1904,94375,California
Placer,2021-03-10,3272,151147,1315,82531,1850,68150,107,466,1705,40926,1562,55261,1812,96187,California
Placer,2021-03-11,3551,154698,1587,84118,1840,69990,124,590,1708,40925,1835,57096,1834,98021,California
Placer,2021-03-12,3667,158365,1481,85599,1406,71396,780,1370,1250,40545,2411,59507,2031,100052,California
Placer,2021-03-13,2103,160468,737,86336,1248,72644,118,1488,1129,40822,971,60478,1248,101300,California
Placer,2021-03-14,1637,162105,672,87008,816,73460,149,1637,890,41115,746,61224,1039,102339,California
Placer,2021-03-15,3173,165278,1528,88536,1514,74974,131,1768,1758,41592,1413,62637,1890,104229,California
Placer,2021-03-16,3551,168829,1910,90446,1508,76482,133,1901,2278,42741,1263,63900,2412,106641,California
Placer,2021-03-17,3399,172228,1727,92173,1573,78055,99,2000,2202,43849,1195,65095,2303,108944,California
Placer,2021-03-18,3957,176185,2196,94369,1723,79778,38,2038,2819,45574,1131,66226,2856,111800,California
Placer,2021-03-19,3413,179598,2061,96430,1088,80866,264,2302,2177,46785,1229,67455,2440,114240,California
Placer,2021-03-20,2135,181733,896,97326,1142,82008,97,2399,1303,47356,828,68283,1399,115639,California
Placer,2021-03-21,1246,182979,572,97898,665,82673,9,2408,939,48000,304,68587,948,116587,California
Placer,2021-03-22,3263,186242,2098,99996,1078,83751,87,2495,2191,49211,1068,69655,2279,118866,California
Placer,2021-03-23,3517,189759,2090,102086,1336,85087,91,2586,2519,50829,993,70648,2611,121477,California
Placer,2021-03-24,3771,193530,1999,104085,1675,86762,97,2683,1945,51063,1808,72456,2042,123519,California
Placer,2021-03-25,3775,197305,1796,105881,1882,88644,97,2780,1728,50849,2038,74494,1824,125343,California
Placer,2021-03-26,3750,201055,1656,107537,1862,90506,232,3012,1583,50509,2155,76649,1815,127158,California
Placer,2021-03-27,1595,202650,470,108007,1105,91611,20,3032,651,50243,937,77586,671,127829,California
Placer,2021-03-28,1095,203745,526,108533,559,92170,10,3042,367,49897,723,78309,377,128206,California
Placer,2021-03-29,3551,207296,1984,110517,1533,93703,34,3076,1724,49838,1818,80127,1759,129965,California
Placer,2021-03-30,3988,211284,2113,112630,1831,95534,44,3120,2108,50122,1867,81994,2151,132116,California
Placer,2021-03-31,4068,215352,1830,114460,2164,97698,74,3194,1683,49500,2378,84372,1756,133872,California
Placer,2021-04-01,2873,218225,1367,115827,1461,99159,45,3239,1596,49866,1275,85647,1641,135513,California
Placer,2021-04-02,2801,221026,1440,117267,1297,100456,64,3303,1565,50265,1229,86876,1628,137141,California
Placer,2021-04-03,1855,222881,984,118251,741,101197,130,3433,892,50330,956,87832,1021,138162,California
Placer,2021-04-04,706,223587,360,118611,293,101490,53,3486,284,50247,420,88252,337,138499,California
Placer,2021-04-05,2990,226577,1894,120505,914,102404,182,3668,1744,50931,1242,89494,1926,140425,California
Placer,2021-04-06,4264,230841,2466,122971,1500,103904,298,3966,1519,50008,2740,92234,1817,142242,California
Placer,2021-04-07,4488,235329,2564,125535,1464,105368,460,4426,2052,50087,2430,94664,2509,144751,California
Placer,2021-04-08,4672,240001,2590,128125,1538,106906,544,4970,1571,49112,3090,97754,2115,146866,California
Placer,2021-04-09,4063,244064,2240,130365,1210,108116,613,5583,1210,48091,2846,100600,1825,148691,California
Placer,2021-04-10,1980,246044,854,131219,947,109063,179,5762,847,47986,1130,101730,1025,149716,California
Placer,2021-04-11,1314,247358,501,131720,780,109843,33,5795,426,47560,884,102614,458,150174,California
Placer,2021-04-12,4101,251459,2652,134372,1069,110912,380,6175,2468,48783,1624,104238,2847,153021,California
Placer,2021-04-13,4333,255792,2985,137357,1347,112259,1,6176,2184,48823,2145,106383,2185,155206,California
Placer,2021-04-14,4060,259852,2508,139865,1551,113810,1,6177,1796,48364,2255,108638,1796,157002,California
Placer,2021-04-15,4386,264238,2422,142287,1963,115773,1,6178,2281,48549,2097,110735,2282,159284,California
Placer,2021-04-16,3651,267889,2171,144458,1480,117253,0,6178,1427,47759,2218,112953,1428,160712,California
Placer,2021-04-17,2341,270230,794,145252,1547,118800,0,6178,1453,48328,884,113837,1453,162165,California
Placer,2021-04-18,1148,271378,226,145478,922,119722,0,6178,398,47979,747,114584,398,162563,California
Placer,2021-04-19,2905,274283,1777,147255,1128,120850,0,6178,1145,47368,1757,116341,1146,163709,California
Placer,2021-04-20,3765,278048,2437,149692,1328,122178,0,6178,2398,48407,1359,117700,2398,166107,California
Placer,2021-04-21,3612,281660,2366,152058,1245,123423,1,6179,2354,49509,1253,118953,2355,168462,California
Placer,2021-04-22,3514,285174,2133,154191,1381,124804,0,6179,1714,49428,1797,120750,1716,170178,California
Placer,2021-04-23,3273,288447,2146,156337,1126,125930,1,6180,1286,48734,1981,122731,1287,171465,California
Placer,2021-04-24,1442,289889,780,157117,662,126592,0,6180,833,48965,602,123333,833,172298,California
Placer,2021-04-25,707,290596,369,157486,338,126930,0,6180,440,49140,265,123598,440,172738,California
Placer,2021-04-26,1911,292507,1033,158519,858,127788,20,6200,935,49123,971,124569,954,173692,California
Placer,2021-04-27,1872,294379,1039,159558,797,128585,36,6236,1029,49353,837,125406,1067,174759,California
Placer,2021-04-28,1292,295671,874,160432,417,129002,1,6237,679,49425,609,126015,681,175440,California
Plumas,2020-12-18,4,4,4,4,0,0,0,0,4,4,0,0,4,4,California
Plumas,2020-12-19,1,5,1,5,0,0,0,0,1,5,0,0,1,5,California
Plumas,2020-12-21,45,50,45,50,0,0,0,0,45,50,0,0,45,50,California
Plumas,2020-12-22,92,142,92,142,0,0,0,0,92,142,0,0,92,142,California
Plumas,2020-12-23,50,192,50,192,0,0,0,0,50,192,0,0,50,192,California
Plumas,2020-12-24,6,198,6,198,0,0,0,0,6,198,0,0,6,198,California
Plumas,2020-12-28,8,206,0,198,8,8,0,0,8,206,0,0,8,206,California
Plumas,2020-12-29,32,238,22,220,10,18,0,0,32,238,0,0,32,238,California
Plumas,2020-12-30,22,260,1,221,21,39,0,0,22,260,0,0,22,260,California
Plumas,2020-12-31,4,264,1,222,3,42,0,0,4,264,0,0,4,264,California
Plumas,2021-01-04,10,274,4,226,6,48,0,0,10,274,0,0,10,274,California
Plumas,2021-01-05,22,296,2,228,20,68,0,0,22,296,0,0,22,296,California
Plumas,2021-01-06,124,420,5,233,119,187,0,0,124,420,0,0,124,420,California
Plumas,2021-01-07,53,473,2,235,51,238,0,0,52,471,1,1,52,472,California
Plumas,2021-01-08,12,485,5,240,7,245,0,0,8,475,4,5,8,480,California
Plumas,2021-01-09,2,487,2,242,0,245,0,0,1,475,1,6,1,481,California
Plumas,2021-01-11,59,546,50,292,9,254,0,0,12,440,47,53,12,493,California
Plumas,2021-01-12,155,701,86,378,69,323,0,0,71,427,84,137,71,564,California
Plumas,2021-01-13,56,757,50,428,6,329,0,0,10,391,46,183,10,574,California
Plumas,2021-01-14,96,853,14,442,82,411,0,0,91,477,5,188,91,665,California
Plumas,2021-01-15,62,915,7,449,55,466,0,0,60,535,2,190,60,725,California
Plumas,2021-01-16,58,973,1,450,57,523,0,0,58,593,0,190,58,783,California
Plumas,2021-01-18,2,975,1,451,1,524,0,0,2,595,0,190,2,785,California
Plumas,2021-01-19,36,1011,5,456,31,555,0,0,32,623,4,194,32,817,California
Plumas,2021-01-20,121,1132,3,459,118,673,0,0,119,740,2,196,119,936,California
Plumas,2021-01-21,113,1245,2,461,111,784,0,0,113,853,0,196,113,1049,California
Plumas,2021-01-22,4,1249,0,461,4,788,0,0,4,857,0,196,4,1053,California
Plumas,2021-01-23,92,1341,1,462,91,879,0,0,92,949,0,196,92,1145,California
Plumas,2021-01-24,1,1342,1,463,0,879,0,0,1,950,0,196,1,1146,California
Plumas,2021-01-25,10,1352,7,470,3,882,0,0,7,954,3,199,7,1153,California
Plumas,2021-01-26,60,1412,2,472,58,940,0,0,52,998,8,207,52,1205,California
Plumas,2021-01-27,25,1437,20,492,5,945,0,0,5,983,20,227,5,1210,California
Plumas,2021-01-28,23,1460,0,492,23,968,0,0,21,1002,2,229,21,1231,California
Plumas,2021-01-29,8,1468,2,494,6,974,0,0,7,1008,1,230,7,1238,California
Plumas,2021-01-30,8,1476,4,498,4,978,0,0,7,1014,1,231,7,1245,California
Plumas,2021-01-31,3,1479,3,501,0,978,0,0,3,1017,0,231,3,1248,California
Plumas,2021-02-01,15,1494,2,503,13,991,0,0,7,1016,8,239,7,1255,California
Plumas,2021-02-02,20,1514,1,504,19,1010,0,0,1,998,19,258,1,1256,California
Plumas,2021-02-03,128,1642,8,512,120,1130,0,0,13,897,114,372,13,1269,California
Plumas,2021-02-04,101,1743,8,520,93,1223,0,0,23,842,78,450,23,1292,California
Plumas,2021-02-05,24,1767,11,531,13,1236,0,0,9,836,15,465,9,1301,California
Plumas,2021-02-06,7,1774,0,531,7,1243,0,0,7,843,0,465,7,1308,California
Plumas,2021-02-08,16,1790,7,538,9,1252,0,0,4,835,12,477,4,1312,California
Plumas,2021-02-09,171,1961,1,539,170,1422,0,0,111,886,60,537,111,1423,California
Plumas,2021-02-10,89,2050,9,548,80,1502,0,0,80,958,9,546,81,1504,California
Plumas,2021-02-11,322,2372,7,555,315,1817,0,0,263,1162,59,605,263,1767,California
Plumas,2021-02-12,122,2494,3,558,119,1936,0,0,118,1276,4,609,118,1885,California
Plumas,2021-02-13,73,2567,4,562,69,2005,0,0,14,1231,59,668,14,1899,California
Plumas,2021-02-14,8,2575,5,567,3,2008,0,0,8,1239,0,668,8,1907,California
Plumas,2021-02-15,28,2603,5,572,23,2031,0,0,25,1261,3,671,25,1932,California
Plumas,2021-02-16,76,2679,4,576,72,2103,0,0,14,1213,62,733,14,1946,California
Plumas,2021-02-17,136,2815,5,581,131,2234,0,0,12,1101,124,857,12,1958,California
Plumas,2021-02-18,128,2943,6,587,122,2356,0,0,19,1011,109,966,19,1977,California
Plumas,2021-02-19,41,2984,4,591,37,2393,0,0,6,982,35,1001,6,1983,California
Plumas,2021-02-20,103,3087,6,597,97,2490,0,0,11,901,92,1093,11,1994,California
Plumas,2021-02-21,6,3093,5,602,1,2491,0,0,2,899,4,1097,2,1996,California
Plumas,2021-02-22,3,3096,1,603,2,2493,0,0,0,896,3,1100,0,1996,California
Plumas,2021-02-23,24,3120,4,607,20,2513,0,0,16,904,8,1108,16,2012,California
Plumas,2021-02-24,456,3576,6,613,450,2963,0,0,443,1334,13,1121,443,2455,California
Plumas,2021-02-25,231,3807,9,622,222,3185,0,0,171,1445,60,1181,171,2626,California
Plumas,2021-02-26,264,4071,8,630,256,3441,0,0,256,1694,8,1189,257,2883,California
Plumas,2021-02-27,41,4112,4,634,37,3478,0,0,34,1721,7,1196,34,2917,California
Plumas,2021-02-28,1,4113,0,634,1,3479,0,0,1,1722,0,1196,1,2918,California
Plumas,2021-03-01,12,4125,3,637,9,3488,0,0,7,1725,4,1200,7,2925,California
Plumas,2021-03-02,8,4133,0,637,8,3496,0,0,6,1729,2,1202,6,2931,California
Plumas,2021-03-03,152,4285,10,647,142,3638,0,0,136,1849,16,1218,136,3067,California
Plumas,2021-03-04,252,4537,9,656,243,3881,0,0,230,2057,22,1240,230,3297,California
Plumas,2021-03-05,399,4936,6,662,388,4269,5,5,388,2439,11,1251,393,3690,California
Plumas,2021-03-06,19,4955,2,664,9,4278,8,13,3,2434,16,1267,11,3701,California
Plumas,2021-03-07,13,4968,2,666,2,4280,9,22,3,2436,10,1277,12,3713,California
Plumas,2021-03-08,29,4997,3,669,2,4282,24,46,3,2437,26,1303,27,3740,California
Plumas,2021-03-09,132,5129,1,670,116,4398,15,61,18,2356,114,1417,33,3773,California
Plumas,2021-03-10,255,5384,3,673,238,4636,14,75,108,2332,146,1563,122,3895,California
Plumas,2021-03-11,181,5565,8,681,168,4804,5,80,146,2448,35,1598,151,4046,California
Plumas,2021-03-12,595,6160,3,684,304,5108,288,368,23,2187,572,2170,311,4357,California
Plumas,2021-03-13,25,6185,4,688,10,5118,11,379,5,2183,20,2190,16,4373,California
Plumas,2021-03-14,12,6197,3,691,4,5122,5,384,1,2179,10,2200,6,4379,California
Plumas,2021-03-15,34,6231,1,692,26,5148,7,391,7,2166,27,2227,14,4393,California
Plumas,2021-03-16,59,6290,2,694,56,5204,1,392,49,2206,10,2237,50,4443,California
Plumas,2021-03-17,74,6364,10,704,63,5267,1,393,59,2252,14,2251,60,4503,California
Plumas,2021-03-18,59,6423,6,710,36,5303,17,410,10,2230,49,2300,27,4530,California
Plumas,2021-03-19,165,6588,6,716,157,5460,2,412,156,2382,7,2307,159,4689,California
Plumas,2021-03-20,694,7282,4,720,689,6149,1,413,673,3037,19,2326,674,5363,California
Plumas,2021-03-21,2,7284,1,721,1,6150,0,413,1,3038,0,2326,1,5364,California
Plumas,2021-03-22,182,7466,2,723,180,6330,0,413,175,3206,7,2333,175,5539,California
Plumas,2021-03-23,27,7493,2,725,25,6355,0,413,13,3205,14,2347,13,5552,California
Plumas,2021-03-24,653,8146,7,732,645,7000,1,414,223,3000,429,2776,224,5776,California
Plumas,2021-03-25,292,8438,5,737,285,7285,2,416,152,3012,140,2916,152,5928,California
Plumas,2021-03-26,307,8745,7,744,300,7585,0,416,45,2796,261,3177,45,5973,California
Plumas,2021-03-27,12,8757,1,745,10,7595,1,417,2,2789,10,3187,3,5976,California
Plumas,2021-03-28,5,8762,3,748,1,7596,1,418,3,2791,2,3189,4,5980,California
Plumas,2021-03-29,13,8775,4,752,8,7604,1,419,5,2789,8,3197,6,5986,California
Plumas,2021-03-30,151,8926,3,755,147,7751,1,420,24,2687,127,3324,25,6011,California
Plumas,2021-03-31,287,9213,2,757,284,8035,1,421,268,2937,19,3343,269,6280,California
Plumas,2021-04-01,293,9506,12,769,280,8315,1,422,59,2764,232,3575,59,6339,California
Plumas,2021-04-02,373,9879,4,773,368,8683,1,423,27,2458,334,3909,28,6367,California
Plumas,2021-04-03,16,9895,2,775,6,8689,8,431,3,2456,13,3922,11,6378,California
Plumas,2021-04-04,3,9898,1,776,1,8690,1,432,0,2454,3,3925,1,6379,California
Plumas,2021-04-05,13,9911,4,780,8,8698,1,433,6,2454,7,3932,7,6386,California
Plumas,2021-04-06,120,10031,6,786,86,8784,28,461,13,2386,107,4039,39,6425,California
Plumas,2021-04-07,281,10312,7,793,99,8883,175,636,27,2334,254,4293,202,6627,California
Plumas,2021-04-08,149,10461,3,796,131,9014,15,651,34,2268,114,4407,48,6675,California
Plumas,2021-04-09,50,10511,9,805,25,9039,16,667,19,2271,31,4438,34,6709,California
Plumas,2021-04-10,23,10534,2,807,5,9044,16,683,4,2272,19,4457,20,6729,California
Plumas,2021-04-11,4,10538,3,810,0,9044,1,684,3,2275,1,4458,4,6733,California
Plumas,2021-04-12,10,10548,4,814,4,9048,2,686,6,2279,4,4462,8,6741,California
Plumas,2021-04-13,207,10755,5,819,202,9250,0,686,138,2348,69,4531,138,6879,California
Plumas,2021-04-14,108,10863,7,826,101,9351,0,686,54,2348,54,4585,54,6933,California
Plumas,2021-04-15,50,10913,3,829,47,9398,0,686,33,2364,17,4602,33,6966,California
Plumas,2021-04-16,144,11057,4,833,140,9538,0,686,4,2228,140,4742,4,6970,California
Plumas,2021-04-17,666,11723,1,834,665,10203,0,686,20,1604,644,5386,20,6990,California
Plumas,2021-04-18,3,11726,2,836,1,10204,0,686,1,1603,2,5388,1,6991,California
Plumas,2021-04-19,38,11764,3,839,35,10239,0,686,5,1575,33,5421,5,6996,California
Plumas,2021-04-20,40,11804,4,843,36,10275,0,686,25,1585,15,5436,25,7021,California
Plumas,2021-04-21,294,12098,6,849,285,10560,3,689,18,1328,275,5711,18,7039,California
Plumas,2021-04-22,269,12367,9,858,260,10820,0,689,131,1321,138,5849,131,7170,California
Plumas,2021-04-23,70,12437,4,862,66,10886,0,689,14,1279,56,5905,14,7184,California
Plumas,2021-04-24,166,12603,3,865,163,11049,0,689,142,1398,23,5928,142,7326,California
Plumas,2021-04-25,1,12604,0,865,1,11050,0,689,1,1399,0,5928,1,7327,California
Plumas,2021-04-26,21,12625,2,867,19,11069,0,689,5,1388,16,5944,5,7332,California
Plumas,2021-04-27,42,12667,3,870,39,11108,0,689,24,1394,18,5962,24,7356,California
Plumas,2021-04-28,125,12792,2,872,123,11231,0,689,12,1294,113,6075,13,7369,California
Riverside,2020-12-15,4,4,4,4,0,0,0,0,4,4,0,0,4,4,California
Riverside,2020-12-16,64,68,64,68,0,0,0,0,64,68,0,0,64,68,California
Riverside,2020-12-17,805,873,805,873,0,0,0,0,805,873,0,0,805,873,California
Riverside,2020-12-18,1725,2598,1724,2597,1,1,0,0,1725,2598,0,0,1725,2598,California
Riverside,2020-12-19,1026,3624,1023,3620,3,4,0,0,1024,3621,1,1,1024,3622,California
Riverside,2020-12-20,1084,4708,1083,4703,1,5,0,0,1084,4705,0,1,1084,4706,California
Riverside,2020-12-21,2273,6981,2271,6974,2,7,0,0,2273,6978,0,1,2273,6979,California
Riverside,2020-12-22,2251,9232,2212,9186,39,46,0,0,2250,9228,0,1,2250,9229,California
Riverside,2020-12-23,2128,11360,1791,10977,337,383,0,0,2129,11357,0,1,2129,11358,California
Riverside,2020-12-24,826,12186,624,11601,202,585,0,0,826,12183,0,1,826,12184,California
Riverside,2020-12-25,28,12214,5,11606,23,608,0,0,28,12211,0,1,28,12212,California
Riverside,2020-12-26,400,12614,257,11863,143,751,0,0,400,12611,0,1,400,12612,California
Riverside,2020-12-27,361,12975,243,12106,118,869,0,0,361,12972,0,1,361,12973,California
Riverside,2020-12-28,1626,14601,1126,13232,500,1369,0,0,1626,14598,0,1,1626,14599,California
Riverside,2020-12-29,1736,16337,972,14204,764,2133,0,0,1736,16334,0,1,1736,16335,California
Riverside,2020-12-30,2575,18912,1683,15887,892,3025,0,0,2574,18908,0,1,2574,18909,California
Riverside,2020-12-31,1022,19934,394,16281,628,3653,0,0,1024,19932,0,1,1024,19933,California
Riverside,2021-01-01,107,20041,42,16323,65,3718,0,0,107,20039,0,1,107,20040,California
Riverside,2021-01-02,830,20871,691,17014,139,3857,0,0,830,20869,0,1,830,20870,California
Riverside,2021-01-03,345,21216,300,17314,45,3902,0,0,344,21213,0,1,344,21214,California
Riverside,2021-01-04,1258,22474,792,18106,466,4368,0,0,1258,22471,0,1,1258,22472,California
Riverside,2021-01-05,1979,24453,1363,19469,616,4984,0,0,1885,24268,88,89,1885,24357,California
Riverside,2021-01-06,2474,26927,1103,20572,1371,6355,0,0,2168,26134,302,391,2168,26525,California
Riverside,2021-01-07,2767,29694,1814,22386,953,7308,0,0,1704,26781,1059,1450,1706,28231,California
Riverside,2021-01-08,4046,33740,2936,25322,1110,8418,0,0,2234,27207,1808,3258,2234,30465,California
Riverside,2021-01-09,2068,35808,845,26167,1223,9641,0,0,1722,28584,345,3603,1722,32187,California
Riverside,2021-01-10,1663,37471,734,26901,929,10570,0,0,1060,29041,603,4206,1060,33247,California
Riverside,2021-01-11,4509,41980,3094,29995,1415,11985,0,0,2777,30089,1730,5936,2778,36025,California
Riverside,2021-01-12,3403,45383,2731,32726,672,12657,0,0,1716,30123,1682,7618,1716,37741,California
Riverside,2021-01-13,4383,49766,2868,35594,1515,14172,0,0,2780,31303,1600,9218,2780,40521,California
Riverside,2021-01-14,5463,55229,1866,37460,3597,17769,0,0,4877,35594,586,9804,4877,45398,California
Riverside,2021-01-15,6142,61371,2094,39554,4048,21817,0,0,5854,41161,287,10091,5854,51252,California
Riverside,2021-01-16,3611,64982,1018,40572,2593,24410,0,0,3366,44283,245,10336,3367,54619,California
Riverside,2021-01-17,3592,68574,582,41154,3010,27420,0,0,3396,47484,195,10531,3396,58015,California
Riverside,2021-01-18,3719,72293,2019,43173,1700,29120,0,0,2714,49193,1005,11536,2714,60729,California
Riverside,2021-01-19,7401,79694,2637,45810,4764,33884,0,0,6283,54359,1118,12654,6284,67013,California
Riverside,2021-01-20,7957,87651,2873,48683,5084,38968,0,0,6474,59363,1474,14128,6478,73491,California
Riverside,2021-01-21,8217,95868,3379,52062,4838,43806,0,0,7603,66351,615,14743,7603,81094,California
Riverside,2021-01-22,8705,104573,2964,55026,5741,49547,0,0,8277,74203,426,15169,8278,89372,California
Riverside,2021-01-23,5922,110495,2393,57419,3529,53076,0,0,5194,78670,728,15897,5195,94567,California
Riverside,2021-01-24,3033,113528,1430,58849,1603,54679,0,0,2820,81281,210,16107,2821,97388,California
Riverside,2021-01-25,7875,121403,4536,63385,3339,58018,0,0,6751,86910,1123,17230,6752,104140,California
Riverside,2021-01-26,9119,130522,5735,69120,3384,61402,0,0,7607,93008,1510,18740,7608,111748,California
Riverside,2021-01-27,10846,141368,6364,75484,4482,65884,0,0,9282,100732,1561,20301,9285,121033,California
Riverside,2021-01-28,11415,152783,6720,82204,4695,70579,0,0,10257,109842,1150,21451,10260,131293,California
Riverside,2021-01-29,11884,164667,7249,89453,4635,75214,0,0,10516,119023,1341,22792,10522,141815,California
Riverside,2021-01-30,9045,173712,4607,94060,4438,79652,0,0,8583,127148,459,23251,8584,150399,California
Riverside,2021-01-31,5149,178861,4242,98302,907,80559,0,0,5017,132038,131,23382,5021,155420,California
Riverside,2021-02-01,10844,189705,6700,105002,4144,84703,0,0,9067,139337,1771,25153,9070,164490,California
Riverside,2021-02-02,9503,199208,4850,109852,4653,89356,0,0,8020,145883,1476,26629,8022,172512,California
Riverside,2021-02-03,11994,211202,4975,114827,7019,96375,0,0,9766,153431,2218,28847,9766,182278,California
Riverside,2021-02-04,13547,224749,6046,120873,7501,103876,0,0,11457,162807,2083,30930,11459,193737,California
Riverside,2021-02-05,14314,239063,5397,126270,8917,112793,0,0,11277,171059,3029,33959,11281,205018,California
Riverside,2021-02-06,7254,246317,4283,130553,2971,115764,0,0,5614,175044,1632,35591,5617,210635,California
Riverside,2021-02-07,2163,248480,793,131346,1370,117134,0,0,1847,176577,315,35906,1848,212483,California
Riverside,2021-02-08,12447,260927,5531,136877,6916,124050,0,0,10164,184478,2266,38172,10167,222650,California
Riverside,2021-02-09,9640,270567,4522,141399,5118,129168,0,0,7725,190301,1907,40079,7730,230380,California
Riverside,2021-02-10,12050,282617,6975,148374,5075,134243,0,0,8898,196067,3140,43219,8906,239286,California
Riverside,2021-02-11,16551,299168,9035,157409,7516,141759,0,0,12173,203898,4356,47575,12187,251473,California
Riverside,2021-02-12,17666,316834,10815,168224,6851,148610,0,0,12828,211941,4795,52370,12838,264311,California
Riverside,2021-02-13,6323,323157,2127,170351,4196,152806,0,0,3095,211847,3210,55580,3116,267427,California
Riverside,2021-02-14,4926,328083,1122,171473,3804,156610,0,0,2175,211276,2747,58327,2176,269603,California
Riverside,2021-02-15,9810,337893,4995,176468,4815,161425,0,0,5402,212285,4400,62727,5409,275012,California
Riverside,2021-02-16,16102,353995,10108,186576,5994,167419,0,0,9249,214694,6847,69574,9256,284268,California
Riverside,2021-02-17,14998,368993,8192,194768,6806,174225,0,0,7440,214597,7546,77120,7449,291717,California
Riverside,2021-02-18,15468,384461,8939,203707,6529,180754,0,0,8053,215265,7398,84518,8066,299783,California
Riverside,2021-02-19,15239,399700,8213,211920,7026,187780,0,0,7211,214475,8009,92527,7219,307002,California
Riverside,2021-02-20,8057,407757,4252,216172,3805,191585,0,0,2087,210610,5955,98482,2090,309092,California
Riverside,2021-02-21,3412,411169,2896,219068,516,192101,0,0,1026,209264,2372,100854,1026,310118,California
Riverside,2021-02-22,12326,423495,7740,226808,4586,196687,0,0,5099,207158,7210,108064,5104,315222,California
Riverside,2021-02-23,11074,434569,7550,234358,3524,200211,0,0,5384,206883,5663,113727,5388,320610,California
Riverside,2021-02-24,14789,449358,8094,242452,6695,206906,0,0,6301,204752,8449,122176,6318,326928,California
Riverside,2021-02-25,17301,466659,7374,249826,9927,216833,0,0,8036,203569,9244,131420,8061,334989,California
Riverside,2021-02-26,18564,485223,6701,256527,11863,228696,0,0,9278,203649,9230,140650,9310,344299,California
Riverside,2021-02-27,11365,496588,4912,261439,6453,235149,0,0,5669,203680,5664,146314,5695,349994,California
Riverside,2021-02-28,4613,501201,2948,264387,1665,236814,0,0,2372,203829,2230,148544,2379,352373,California
Riverside,2021-03-01,14279,515480,6082,270469,8196,245010,1,1,8419,206448,5828,154372,8447,360820,California
Riverside,2021-03-02,15265,530745,7436,277905,7828,252838,1,2,8968,209170,6275,160647,8997,369817,California
Riverside,2021-03-03,16826,547571,8334,286239,8492,261330,0,2,7263,207043,9515,170162,7388,377205,California
Riverside,2021-03-04,18621,566192,7412,293651,11205,272535,4,6,8866,206352,9712,179874,9021,386226,California
Riverside,2021-03-05,18688,584880,7494,301145,11150,283685,44,50,9252,206537,9386,189260,9571,395797,California
Riverside,2021-03-06,9382,594262,4968,306113,3935,287620,479,529,4654,206987,4714,193974,5164,400961,California
Riverside,2021-03-07,4172,598434,2697,308810,1087,288707,388,917,1961,207139,2201,196175,2353,403314,California
Riverside,2021-03-08,11912,610346,4736,313546,6771,295478,405,1322,5307,206309,6589,202764,5759,409073,California
Riverside,2021-03-09,14637,624983,6760,320306,7381,302859,496,1818,5774,203872,8845,211609,6408,415481,California
Riverside,2021-03-10,15569,640552,8362,328668,6330,309189,877,2695,5995,201357,9540,221149,7025,422506,California
Riverside,2021-03-11,19152,659704,9419,338087,7898,317087,1835,4530,7548,199379,11571,232720,9593,432099,California
Riverside,2021-03-12,21087,680791,7911,345998,8489,325576,4687,9217,7087,197515,13969,246689,12105,444204,California
Riverside,2021-03-13,8343,689134,2501,348499,4669,330245,1173,10390,4282,199008,4041,250730,5534,449738,California
Riverside,2021-03-14,4599,693733,1577,350076,1733,331978,1289,11679,2040,199785,2549,253279,3326,453064,California
Riverside,2021-03-15,18616,712349,7831,357907,9115,341093,1670,13349,9154,201286,9424,262703,10925,463989,California
Riverside,2021-03-16,20855,733204,10114,368021,9928,351021,813,14162,11366,204107,9452,272155,12273,476262,California
Riverside,2021-03-17,21237,754441,10887,378908,9303,360324,1047,15209,12754,209519,8451,280606,13863,490125,California
Riverside,2021-03-18,22528,776969,11704,390612,9171,369495,1653,16862,12506,213708,9977,290583,14166,504291,California
Riverside,2021-03-19,23991,800960,12570,403182,10472,379967,949,17811,14034,219147,9906,300489,15345,519636,California
Riverside,2021-03-20,10575,811535,6832,410014,2580,382547,1163,18974,6810,223381,3740,304229,7974,527610,California
Riverside,2021-03-21,3672,815207,2867,412881,552,383099,253,19227,2523,225022,1136,305365,2777,530387,California
Riverside,2021-03-22,16606,831813,9906,422787,6148,389247,552,19779,10591,230187,5974,311339,11139,541526,California
Riverside,2021-03-23,18518,850331,10481,433268,7616,396863,421,20200,11944,236044,6523,317862,12380,553906,California
Riverside,2021-03-24,18636,868967,10386,443654,8131,404994,119,20319,12825,243226,5768,323630,12950,566856,California
Riverside,2021-03-25,21078,890045,11637,455291,9264,414258,177,20496,14181,250757,6832,330462,14363,581219,California
Riverside,2021-03-26,24036,914081,11861,467152,12003,426261,172,20668,15009,257002,8939,339401,15184,596403,California
Riverside,2021-03-27,9237,923318,4849,472001,3333,429594,1055,21723,4773,258383,4448,343849,5829,602232,California
Riverside,2021-03-28,4725,928043,3107,475108,1526,431120,92,21815,2842,259443,1875,345724,2935,605167,California
Riverside,2021-03-29,17531,945574,8425,483533,8990,440110,116,21931,10898,263864,6603,352327,11024,616191,California
Riverside,2021-03-30,18283,963857,9535,493068,8545,448655,203,22134,11784,269387,6466,358793,11989,628180,California
Riverside,2021-03-31,17961,981818,8369,501437,9291,457946,301,22435,11437,274647,6485,365278,11745,639925,California
Riverside,2021-04-01,25270,1007088,12370,513807,12158,470104,742,23177,16378,282925,8841,374119,17119,657044,California
Riverside,2021-04-02,25938,1033026,14014,527821,10997,481101,927,24104,16331,290854,9557,383676,17486,674530,California
Riverside,2021-04-03,9136,1042162,5801,533622,2775,483876,560,24664,5912,294116,3209,386885,6471,681001,California
Riverside,2021-04-04,3335,1045497,2039,535661,1078,484954,218,24882,1742,294487,1589,388474,1960,682961,California
Riverside,2021-04-05,18186,1063683,9363,545024,7006,491960,1817,26699,9839,297831,8316,396790,11660,694621,California
Riverside,2021-04-06,23551,1087234,12249,557273,9215,501175,2087,28786,13121,302651,10384,407174,15204,709825,California
Riverside,2021-04-07,24483,1111717,13194,570467,8836,510011,2453,31239,13661,307983,10782,417956,16114,725939,California
Riverside,2021-04-08,26884,1138601,14801,585268,9172,519183,2911,34150,16406,316870,10417,428373,19304,745243,California
Riverside,2021-04-09,25937,1164538,15305,600573,8247,527430,2385,36535,15857,325096,10037,438410,18263,763506,California
Riverside,2021-04-10,11824,1176362,6698,607271,3744,531174,1382,37917,5144,324981,6638,445048,6523,770029,California
Riverside,2021-04-11,4548,1180910,2724,609995,1237,532411,587,38504,2162,325355,2375,447423,2749,772778,California
Riverside,2021-04-12,19945,1200855,8890,618885,8481,540892,2574,41078,10040,328105,9866,457289,12616,785394,California
Riverside,2021-04-13,19853,1220708,11131,630016,8694,549586,28,41106,11356,331036,8455,465744,11386,796780,California
Riverside,2021-04-14,21927,1242635,12070,642086,9842,559428,15,41121,10756,330697,11112,476856,10773,807553,California
Riverside,2021-04-15,21502,1264137,12091,654177,9404,568832,7,41128,11274,331809,10171,487027,11283,818836,California
Riverside,2021-04-16,24804,1288941,14370,668547,10428,579260,6,41134,11564,330197,13190,500217,11578,830414,California
Riverside,2021-04-17,9817,1298758,6464,675011,3353,582613,0,41134,4975,330350,4828,505045,4981,835395,California
Riverside,2021-04-18,3841,1302599,2797,677808,1037,583650,7,41141,1834,330198,1995,507040,1843,837238,California
Riverside,2021-04-19,19234,1321833,11404,689212,7828,591478,2,41143,6853,324713,12344,519384,6859,844097,California
Riverside,2021-04-20,18632,1340465,9783,698995,8839,600317,10,41153,7611,321351,10986,530370,7624,851721,California
Riverside,2021-04-21,19351,1359816,11014,710009,8330,608647,7,41160,7626,317322,11669,542039,7640,859361,California
Riverside,2021-04-22,22259,1382075,12767,722776,9489,618136,3,41163,8153,311443,14039,556078,8160,867521,California
Riverside,2021-04-23,20824,1402899,12633,735409,8181,626317,10,41173,7882,306451,12893,568971,7901,875422,California
Riverside,2021-04-24,8662,1411561,6074,741483,2586,628903,2,41175,3779,305377,4858,573829,3784,879206,California
Riverside,2021-04-25,3153,1414714,2029,743512,1124,630027,0,41175,1590,305417,1552,575381,1592,880798,California
Riverside,2021-04-26,13116,1427830,8106,751618,4979,635006,31,41206,4425,301211,8667,584048,4461,885259,California
Riverside,2021-04-27,13975,1441805,7910,759528,5924,640930,141,41347,4744,296903,9198,593246,4890,890149,California
Riverside,2021-04-28,8786,1450591,4934,764462,3811,644741,41,41388,2478,293180,6280,599526,2557,892706,California
Sacramento,2020-12-15,315,315,315,315,0,0,0,0,315,315,0,0,315,315,California
Sacramento,2020-12-16,643,958,643,958,0,0,0,0,643,958,0,0,643,958,California
Sacramento,2020-12-17,645,1603,645,1603,0,0,0,0,645,1603,0,0,645,1603,California
Sacramento,2020-12-18,972,2575,972,2575,0,0,0,0,972,2575,0,0,972,2575,California
Sacramento,2020-12-19,612,3187,612,3187,0,0,0,0,612,3187,0,0,612,3187,California
Sacramento,2020-12-20,633,3820,633,3820,0,0,0,0,633,3820,0,0,633,3820,California
Sacramento,2020-12-21,1679,5499,1678,5498,1,1,0,0,1680,5500,0,0,1680,5500,California
Sacramento,2020-12-22,2092,7591,2062,7560,30,31,0,0,2092,7592,0,0,2092,7592,California
Sacramento,2020-12-23,2248,9839,2080,9640,168,199,0,0,2248,9840,0,0,2248,9840,California
Sacramento,2020-12-24,1044,10883,833,10473,211,410,0,0,1044,10884,0,0,1044,10884,California
Sacramento,2020-12-25,1,10884,0,10473,1,411,0,0,1,10885,0,0,1,10885,California
Sacramento,2020-12-26,509,11393,291,10764,218,629,0,0,509,11394,0,0,509,11394,California
Sacramento,2020-12-27,350,11743,247,11011,103,732,0,0,350,11744,0,0,350,11744,California
Sacramento,2020-12-28,1902,13645,1323,12334,579,1311,0,0,1901,13644,1,1,1901,13645,California
Sacramento,2020-12-29,1952,15597,1189,13523,763,2074,0,0,1952,15596,0,1,1952,15597,California
Sacramento,2020-12-30,2558,18155,1456,14979,1102,3176,0,0,2559,18155,0,1,2559,18156,California
Sacramento,2020-12-31,1229,19384,695,15674,534,3710,0,0,1230,19385,0,1,1230,19386,California
Sacramento,2021-01-01,79,19463,69,15743,10,3720,0,0,79,19464,0,1,79,19465,California
Sacramento,2021-01-02,563,20026,362,16105,201,3921,0,0,563,20027,0,1,563,20028,California
Sacramento,2021-01-03,410,20436,221,16326,189,4110,0,0,410,20437,0,1,410,20438,California
Sacramento,2021-01-04,1958,22394,845,17171,1113,5223,0,0,1956,22392,1,2,1956,22394,California
Sacramento,2021-01-05,2212,24606,986,18157,1226,6449,0,0,1858,23903,354,356,1865,24259,California
Sacramento,2021-01-06,2736,27342,1623,19780,1113,7562,0,0,1962,25094,771,1127,1962,26221,California
Sacramento,2021-01-07,2826,30168,1503,21283,1323,8885,0,0,1967,26205,856,1983,1967,28188,California
Sacramento,2021-01-08,3295,33463,2094,23377,1201,10086,0,0,2258,27431,1033,3016,2259,30447,California
Sacramento,2021-01-09,1287,34750,796,24173,491,10577,0,0,897,27940,388,3404,897,31344,California
Sacramento,2021-01-10,1246,35996,711,24884,535,11112,0,0,774,28244,471,3875,775,32119,California
Sacramento,2021-01-11,4347,40343,2957,27841,1390,12502,0,0,2412,28731,1934,5809,2421,34540,California
Sacramento,2021-01-12,4424,44767,3034,30875,1390,13892,0,0,2458,29228,1965,7774,2462,37002,California
Sacramento,2021-01-13,3780,48547,2167,33042,1613,15505,0,0,2371,30192,1409,9183,2373,39375,California
Sacramento,2021-01-14,4602,53149,2365,35407,2237,17742,0,0,3679,32952,919,10102,3679,43054,California
Sacramento,2021-01-15,4409,57558,2263,37670,2146,19888,0,0,3685,35916,723,10825,3687,46741,California
Sacramento,2021-01-16,2093,59651,1293,38963,800,20688,0,0,1876,37575,217,11042,1876,48617,California
Sacramento,2021-01-17,1637,61288,952,39915,685,21373,0,0,1459,38859,178,11220,1462,50079,California
Sacramento,2021-01-18,2857,64145,1764,41679,1093,22466,0,0,2332,40668,524,11744,2333,52412,California
Sacramento,2021-01-19,4945,69090,3053,44732,1892,24358,0,0,3678,43081,1267,13011,3680,56092,California
Sacramento,2021-01-20,4773,73863,2823,47555,1950,26308,0,0,3556,45423,1219,14230,3561,59653,California
Sacramento,2021-01-21,5186,79049,2989,50544,2197,28505,0,0,4223,48690,957,15187,4224,63877,California
Sacramento,2021-01-22,4977,84026,2652,53196,2325,30830,0,0,4675,53065,301,15488,4676,68553,California
Sacramento,2021-01-23,3729,87755,1560,54756,2169,32999,0,0,3272,55880,457,15945,3272,71825,California
Sacramento,2021-01-24,1583,89338,992,55748,591,33590,0,0,1343,56984,240,16185,1344,73169,California
Sacramento,2021-01-25,4360,93698,2110,57858,2250,35840,0,0,2943,58512,1417,17602,2945,76114,California
Sacramento,2021-01-26,4722,98420,2136,59994,2586,38426,0,0,3519,60832,1201,18803,3521,79635,California
Sacramento,2021-01-27,5802,104222,3050,63044,2752,41178,0,0,4196,63427,1603,20406,4198,83833,California
Sacramento,2021-01-28,5355,109577,2707,65751,2648,43826,0,0,4260,66594,1094,21500,4261,88094,California
Sacramento,2021-01-29,5391,114968,2935,68686,2456,46282,0,0,4367,69946,1015,22515,4367,92461,California
Sacramento,2021-01-30,4508,119476,2204,70890,2304,48586,0,0,4074,73588,432,22947,4074,96535,California
Sacramento,2021-01-31,2298,121774,2003,72893,295,48881,0,0,2023,75340,273,23220,2025,98560,California
Sacramento,2021-02-01,5909,127683,3011,75904,2898,51779,0,0,4249,77934,1655,24875,4249,102809,California
Sacramento,2021-02-02,6928,134611,3759,79663,3169,54948,0,0,4846,80718,2064,26939,4848,107657,California
Sacramento,2021-02-03,7089,141700,3551,83214,3538,58486,0,0,5229,84099,1850,28789,5231,112888,California
Sacramento,2021-02-04,7705,149405,3629,86843,4076,62562,0,0,5490,87384,2205,30994,5490,118378,California
Sacramento,2021-02-05,7762,157167,4411,91254,3351,65913,0,0,4843,89334,2896,33890,4846,123224,California
Sacramento,2021-02-06,8427,165594,3447,94701,4980,70893,0,0,7098,95108,1325,35215,7099,130323,California
Sacramento,2021-02-07,4058,169652,2174,96875,1884,72777,0,0,2838,96736,1212,36427,2840,133163,California
Sacramento,2021-02-08,6192,175844,3199,100074,2993,75770,0,0,3884,98316,2304,38731,3884,137047,California
Sacramento,2021-02-09,6804,182648,3594,103668,3210,78980,0,0,4012,99546,2783,41514,4013,141060,California
Sacramento,2021-02-10,7662,190310,4181,107849,3481,82461,0,0,4540,100980,3108,44622,4542,145602,California
Sacramento,2021-02-11,9532,199842,5718,113567,3814,86275,0,0,5529,102520,3991,48613,5531,151133,California
Sacramento,2021-02-12,10595,210437,4138,117705,6457,92732,0,0,6385,104744,4164,52777,6388,157521,California
Sacramento,2021-02-13,7603,218040,2992,120697,4611,97343,0,0,6020,109183,1581,54358,6020,163541,California
Sacramento,2021-02-14,3121,221161,1931,122628,1190,98533,0,0,2069,110206,1050,55408,2073,165614,California
Sacramento,2021-02-15,5953,227114,2033,124661,3920,102453,0,0,4150,112563,1795,57203,4152,169766,California
Sacramento,2021-02-16,9004,236118,4200,128861,4804,107257,0,0,5288,114147,3708,60911,5292,175058,California
Sacramento,2021-02-17,8812,244930,4969,133830,3843,111100,0,0,5128,115605,3672,64583,5130,180188,California
Sacramento,2021-02-18,9495,254425,5708,139538,3787,114887,0,0,5739,117599,3748,68331,5742,185930,California
Sacramento,2021-02-19,9995,264420,6132,145670,3863,118750,0,0,5909,119440,4073,72404,5914,191844,California
Sacramento,2021-02-20,7343,271763,5363,151033,1980,120730,0,0,4292,120689,3044,75448,4293,196137,California
Sacramento,2021-02-21,2903,274666,2311,153344,592,121322,0,0,1014,119822,1881,77329,1014,197151,California
Sacramento,2021-02-22,6169,280835,3735,157079,2434,123756,0,0,2672,119011,3487,80816,2676,199827,California
Sacramento,2021-02-23,7129,287964,4429,161508,2700,126456,0,0,3471,118843,3642,84458,3474,203301,California
Sacramento,2021-02-24,9615,297579,5286,166794,4329,130785,0,0,5268,119785,4331,88789,5273,208574,California
Sacramento,2021-02-25,10042,307621,5396,172190,4646,135431,0,0,5565,120887,4463,93252,5565,214139,California
Sacramento,2021-02-26,13882,321503,6451,178641,7431,142862,0,0,9557,126154,4294,97546,9561,223700,California
Sacramento,2021-02-27,10789,332292,6711,185352,4075,146937,3,3,7931,131250,2839,100385,7935,231635,California
Sacramento,2021-02-28,5595,337887,2207,187559,3388,150325,0,3,2585,130841,2995,103380,2586,234221,California
Sacramento,2021-03-01,7995,345882,3429,190988,4566,154891,0,3,4314,131496,3661,107041,4316,238537,California
Sacramento,2021-03-02,9218,355100,4003,194991,5214,160105,1,4,5654,133605,3549,110590,5658,244195,California
Sacramento,2021-03-03,10878,365978,4988,199979,5887,165992,3,7,6481,135712,4379,114969,6486,250681,California
Sacramento,2021-03-04,13117,379095,5884,205863,7229,173221,4,11,7361,137359,5725,120694,7372,258053,California
Sacramento,2021-03-05,10551,389646,4872,210735,5649,178870,30,41,7016,140891,3515,124209,7047,265100,California
Sacramento,2021-03-06,8072,397718,3094,213829,4856,183726,122,163,4089,141135,3966,128175,4210,269310,California
Sacramento,2021-03-07,7564,405282,2187,216016,5292,189018,85,248,3714,141086,3846,132021,3797,273107,California
Sacramento,2021-03-08,9077,414359,4226,220242,4627,193645,224,472,5943,144130,3121,135142,6165,279272,California
Sacramento,2021-03-09,9513,423872,4521,224763,4722,198367,270,742,5475,145852,4023,139165,5745,285017,California
Sacramento,2021-03-10,11630,435502,7470,232233,3832,202199,328,1070,6797,148181,4798,143963,7127,292144,California
Sacramento,2021-03-11,13847,449349,8878,241111,4180,206379,789,1859,8217,151595,5591,149554,9005,301149,California
Sacramento,2021-03-12,17240,466589,8300,249411,8108,214487,832,2691,8140,151528,9048,158602,8981,310130,California
Sacramento,2021-03-13,12929,479518,3567,252978,8941,223428,421,3112,8143,155318,4773,163375,8563,318693,California
Sacramento,2021-03-14,8361,487879,3452,256430,4282,227710,627,3739,4476,156558,3862,167237,5102,323795,California
Sacramento,2021-03-15,12122,500001,4806,261236,6674,234384,642,4381,7058,159216,5043,172280,7701,331496,California
Sacramento,2021-03-16,13932,513933,6190,267426,7105,241489,637,5018,8609,163170,5289,177569,9243,340739,California
Sacramento,2021-03-17,13533,527466,6558,273984,6364,247853,611,5629,8716,167713,4788,182357,9331,350070,California
Sacramento,2021-03-18,13997,541463,6585,280569,6850,254703,562,6191,9277,172860,4690,187047,9837,359907,California
Sacramento,2021-03-19,15023,556486,7451,288020,6204,260907,1368,7559,7603,174433,7397,194444,8970,368877,California
Sacramento,2021-03-20,12883,569369,7536,295556,5008,265915,339,7898,8172,178265,4681,199125,8513,377390,California
Sacramento,2021-03-21,5598,574967,2748,298304,2811,268726,39,7937,4952,182624,634,199759,4993,382383,California
Sacramento,2021-03-22,9239,584206,4769,303073,3703,272429,767,8704,6250,186680,2963,202722,7019,389402,California
Sacramento,2021-03-23,11276,595482,6720,309793,3749,276178,807,9511,7290,190828,3949,206671,8097,397499,California
Sacramento,2021-03-24,11811,607293,7246,317039,3934,280112,631,10142,6750,193220,4991,211662,7383,404882,California
Sacramento,2021-03-25,12516,619809,6821,323860,4888,285000,807,10949,7268,196086,5206,216868,8072,412954,California
Sacramento,2021-03-26,17547,637356,8292,332152,8767,293767,488,11437,8594,196281,8889,225757,9084,422038,California
Sacramento,2021-03-27,9632,646988,3545,335697,5802,299569,285,11722,5195,197351,4407,230164,5477,427515,California
Sacramento,2021-03-28,6490,653478,3213,338910,3029,302598,248,11970,3123,197369,3357,233521,3375,430890,California
Sacramento,2021-03-29,10943,664421,5879,344789,4713,307311,351,12321,5202,197210,5714,239235,5555,436445,California
Sacramento,2021-03-30,11756,676177,6050,350839,5338,312649,368,12689,6022,197887,5712,244947,6389,442834,California
Sacramento,2021-03-31,13310,689487,7802,358641,5112,317761,396,13085,5626,196245,7659,252606,6017,448851,California
Sacramento,2021-04-01,15516,705003,8693,367334,6603,324364,220,13305,5850,192688,9634,262240,6077,454928,California
Sacramento,2021-04-02,15961,720964,8667,376001,6571,330935,723,14028,7930,193340,8004,270244,8656,463584,California
Sacramento,2021-04-03,10342,731306,6163,382164,3632,334567,547,14575,6354,196281,3958,274202,6899,470483,California
Sacramento,2021-04-04,3638,734944,1509,383673,1940,336507,189,14764,1423,195679,2211,276413,1609,472092,California
Sacramento,2021-04-05,11969,746913,7515,391188,3625,340132,829,15593,5348,195264,6588,283001,6173,478265,California
Sacramento,2021-04-06,15462,762375,8804,399992,5335,345467,1323,16916,6846,194846,8586,291587,8168,486433,California
Sacramento,2021-04-07,14649,777024,7932,407924,5144,350611,1573,18489,7114,196022,7503,299090,8679,495112,California
Sacramento,2021-04-08,14855,791879,6685,414609,5224,355835,2946,21435,5920,195973,8903,307993,8854,503966,California
Sacramento,2021-04-09,15739,807618,7645,422254,5933,361768,2161,23596,6107,194639,9595,317588,8261,512227,California
Sacramento,2021-04-10,11617,819235,3106,425360,7461,369229,1050,24646,4586,193264,7004,324592,5629,517856,California
Sacramento,2021-04-11,9471,828706,3090,428450,6160,375389,221,24867,2598,189230,6851,331443,2817,520673,California
Sacramento,2021-04-12,12845,841551,4972,433422,6024,381413,1849,26716,4916,188103,7880,339323,6753,527426,California
Sacramento,2021-04-13,14208,855759,7906,441328,6298,387711,4,26720,5559,185048,8622,347945,5567,532993,California
Sacramento,2021-04-14,14067,869826,7121,448449,6944,394655,2,26722,5089,181196,8947,356892,5095,538088,California
Sacramento,2021-04-15,15109,884935,7424,455873,7683,402338,2,26724,6307,178737,8771,365663,6312,544400,California
Sacramento,2021-04-16,15934,900869,8232,464105,7702,410040,0,26724,7079,177005,8816,374479,7084,551484,California
Sacramento,2021-04-17,11912,912781,4391,468496,7521,417561,0,26724,7893,180897,4004,378483,7896,559380,California
Sacramento,2021-04-18,7214,919995,1916,470412,5298,422859,0,26724,3434,180566,3766,382249,3435,562815,California
Sacramento,2021-04-19,10497,930492,5679,476091,4816,427675,2,26726,4707,179506,5771,388020,4711,567526,California
Sacramento,2021-04-20,11072,941564,6724,482815,4345,432020,3,26729,5909,180275,5147,393167,5916,573442,California
Sacramento,2021-04-21,11370,952934,6564,489379,4803,436823,3,26732,6163,181257,5185,398352,6167,579609,California
Sacramento,2021-04-22,12079,965013,7249,496628,4827,441650,3,26735,6486,182181,5568,403920,6492,586101,California
Sacramento,2021-04-23,12384,977397,7329,503957,5055,446705,0,26735,5765,181358,6588,410508,5765,591866,California
Sacramento,2021-04-24,7562,984959,4189,508146,3372,450077,1,26736,4394,182609,3146,413654,4397,596263,California
Sacramento,2021-04-25,5443,990402,2929,511075,2514,452591,0,26736,2922,183020,2511,416165,2922,599185,California
Sacramento,2021-04-26,8616,999018,5293,516368,3301,455892,22,26758,3898,182242,4698,420863,3920,603105,California
Sacramento,2021-04-27,8716,1007734,5837,522205,2773,458665,106,26864,4043,181741,4652,425515,4151,607256,California
Sacramento,2021-04-28,5292,1013026,3338,525543,1880,460545,74,26938,2606,181758,2671,428186,2688,609944,California
San Benito,2020-12-16,2,2,2,2,0,0,0,0,2,2,0,0,2,2,California
San Benito,2020-12-17,8,10,8,10,0,0,0,0,8,10,0,0,8,10,California
San Benito,2020-12-18,32,42,32,42,0,0,0,0,32,42,0,0,32,42,California
San Benito,2020-12-19,47,89,47,89,0,0,0,0,47,89,0,0,47,89,California
San Benito,2020-12-20,22,111,21,110,1,1,0,0,22,111,0,0,22,111,California
San Benito,2020-12-21,48,159,48,158,0,1,0,0,48,159,0,0,48,159,California
San Benito,2020-12-22,65,224,65,223,0,1,0,0,65,224,0,0,65,224,California
San Benito,2020-12-23,48,272,36,259,12,13,0,0,48,272,0,0,48,272,California
San Benito,2020-12-24,12,284,4,263,8,21,0,0,12,284,0,0,12,284,California
San Benito,2020-12-25,4,288,4,267,0,21,0,0,4,288,0,0,4,288,California
San Benito,2020-12-26,13,301,4,271,9,30,0,0,13,301,0,0,13,301,California
San Benito,2020-12-27,8,309,7,278,1,31,0,0,8,309,0,0,8,309,California
San Benito,2020-12-28,63,372,36,314,27,58,0,0,63,372,0,0,63,372,California
San Benito,2020-12-29,49,421,20,334,29,87,0,0,49,421,0,0,49,421,California
San Benito,2020-12-30,59,480,37,371,22,109,0,0,59,480,0,0,59,480,California
San Benito,2020-12-31,19,499,2,373,17,126,0,0,19,499,0,0,19,499,California
San Benito,2021-01-02,24,523,23,396,1,127,0,0,24,523,0,0,24,523,California
San Benito,2021-01-03,3,526,1,397,2,129,0,0,3,526,0,0,3,526,California
San Benito,2021-01-04,62,588,23,420,39,168,0,0,62,588,0,0,62,588,California
San Benito,2021-01-05,118,706,36,456,82,250,0,0,115,700,3,3,115,703,California
San Benito,2021-01-06,97,803,42,498,55,305,0,0,83,769,14,17,83,786,California
San Benito,2021-01-07,80,883,43,541,37,342,0,0,52,793,28,45,52,838,California
San Benito,2021-01-08,129,1012,66,607,63,405,0,0,86,836,43,88,86,924,California
San Benito,2021-01-09,44,1056,31,638,13,418,0,0,30,852,14,102,30,954,California
San Benito,2021-01-10,15,1071,13,651,2,420,0,0,5,847,10,112,5,959,California
San Benito,2021-01-11,102,1173,59,710,43,463,0,0,49,843,53,165,49,1008,California
San Benito,2021-01-12,156,1329,53,763,103,566,0,0,120,927,36,201,120,1128,California
San Benito,2021-01-13,190,1519,35,798,155,721,0,0,163,1063,27,228,163,1291,California
San Benito,2021-01-14,116,1635,23,821,93,814,0,0,99,1145,17,245,99,1390,California
San Benito,2021-01-15,215,1850,21,842,194,1008,0,0,201,1332,14,259,201,1591,California
San Benito,2021-01-16,27,1877,9,851,18,1026,0,0,21,1347,6,265,21,1612,California
San Benito,2021-01-17,11,1888,5,856,6,1032,0,0,8,1352,3,268,8,1620,California
San Benito,2021-01-18,36,1924,23,879,13,1045,0,0,21,1358,15,283,21,1641,California
San Benito,2021-01-19,151,2075,64,943,87,1132,0,0,125,1457,26,309,125,1766,California
San Benito,2021-01-20,261,2336,80,1023,181,1313,0,0,215,1627,45,354,215,1981,California
San Benito,2021-01-21,124,2460,31,1054,93,1406,0,0,100,1703,24,378,100,2081,California
San Benito,2021-01-22,230,2690,19,1073,211,1617,0,0,220,1913,10,388,220,2301,California
San Benito,2021-01-23,30,2720,16,1089,14,1631,0,0,13,1909,17,405,13,2314,California
San Benito,2021-01-24,11,2731,3,1092,8,1639,0,0,7,1912,4,409,7,2321,California
San Benito,2021-01-25,67,2798,25,1117,42,1681,0,0,22,1889,45,454,22,2343,California
San Benito,2021-01-26,134,2932,41,1158,93,1774,0,0,81,1917,53,507,81,2424,California
San Benito,2021-01-27,230,3162,69,1227,161,1935,0,0,190,2067,40,547,190,2614,California
San Benito,2021-01-28,155,3317,32,1259,123,2058,0,0,123,2159,31,578,123,2737,California
San Benito,2021-01-29,284,3601,31,1290,253,2311,0,0,261,2398,22,600,261,2998,California
San Benito,2021-01-30,50,3651,31,1321,19,2330,0,0,28,2404,22,622,28,3026,California
San Benito,2021-01-31,16,3667,5,1326,11,2341,0,0,11,2410,5,627,11,3037,California
San Benito,2021-02-01,133,3800,28,1354,105,2446,0,0,89,2455,44,671,89,3126,California
San Benito,2021-02-02,226,4026,49,1403,177,2623,0,0,136,2501,90,761,136,3262,California
San Benito,2021-02-03,336,4362,42,1445,294,2917,0,0,272,2709,64,825,272,3534,California
San Benito,2021-02-04,162,4524,24,1469,138,3055,0,0,118,2783,44,869,118,3652,California
San Benito,2021-02-05,289,4813,40,1509,249,3304,0,0,227,2948,62,931,227,3879,California
San Benito,2021-02-06,49,4862,9,1518,40,3344,0,0,32,2963,17,948,32,3911,California
San Benito,2021-02-07,15,4877,7,1525,8,3352,0,0,14,2976,1,949,14,3925,California
San Benito,2021-02-08,138,5015,15,1540,123,3475,0,0,92,3022,46,995,92,4017,California
San Benito,2021-02-09,326,5341,64,1604,262,3737,0,0,194,3084,132,1127,194,4211,California
San Benito,2021-02-10,318,5659,88,1692,230,3967,0,0,124,3014,194,1321,124,4335,California
San Benito,2021-02-11,296,5955,32,1724,264,4231,0,0,198,3114,98,1419,198,4533,California
San Benito,2021-02-12,412,6367,30,1754,382,4613,0,0,207,3117,204,1623,207,4740,California
San Benito,2021-02-13,57,6424,8,1762,49,4662,0,0,43,3146,14,1637,43,4783,California
San Benito,2021-02-14,40,6464,5,1767,35,4697,0,0,30,3166,10,1647,30,4813,California
San Benito,2021-02-15,106,6570,9,1776,97,4794,0,0,95,3250,11,1658,95,4908,California
San Benito,2021-02-16,205,6775,11,1787,194,4988,0,0,101,3247,104,1762,101,5009,California
San Benito,2021-02-17,327,7102,30,1817,297,5285,0,0,278,3476,49,1811,278,5287,California
San Benito,2021-02-18,291,7393,38,1855,253,5538,0,0,70,3325,221,2032,70,5357,California
San Benito,2021-02-19,338,7731,45,1900,293,5831,0,0,173,3333,165,2197,173,5530,California
San Benito,2021-02-20,45,7776,26,1926,19,5850,0,0,36,3360,9,2206,36,5566,California
San Benito,2021-02-21,23,7799,8,1934,15,5865,0,0,14,3365,9,2215,14,5580,California
San Benito,2021-02-22,132,7931,36,1970,96,5961,0,0,98,3430,33,2248,98,5678,California
San Benito,2021-02-23,374,8305,92,2062,282,6243,0,0,262,3580,112,2360,262,5940,California
San Benito,2021-02-24,375,8680,63,2125,312,6555,0,0,236,3677,139,2499,236,6176,California
San Benito,2021-02-25,390,9070,63,2188,327,6882,0,0,270,3825,122,2621,270,6446,California
San Benito,2021-02-26,641,9711,73,2261,568,7450,0,0,398,3980,243,2864,398,6844,California
San Benito,2021-02-27,98,9809,36,2297,62,7512,0,0,83,4048,15,2879,83,6927,California
San Benito,2021-02-28,248,10057,24,2321,224,7736,0,0,239,4278,9,2888,239,7166,California
San Benito,2021-03-01,224,10281,59,2380,165,7901,0,0,155,4363,70,2958,155,7321,California
San Benito,2021-03-02,274,10555,90,2470,184,8085,0,0,204,4497,70,3028,204,7525,California
San Benito,2021-03-03,391,10946,58,2528,333,8418,0,0,215,4538,174,3202,215,7740,California
San Benito,2021-03-04,610,11556,124,2652,471,8889,15,15,429,4790,181,3383,433,8173,California
San Benito,2021-03-05,582,12138,305,2957,264,9153,13,28,373,4968,208,3591,386,8559,California
San Benito,2021-03-06,189,12327,66,3023,109,9262,14,42,138,5069,51,3642,152,8711,California
San Benito,2021-03-07,647,12974,603,3626,22,9284,22,64,615,5674,32,3674,637,9348,California
San Benito,2021-03-08,288,13262,65,3691,177,9461,46,110,167,5766,121,3795,213,9561,California
San Benito,2021-03-09,423,13685,84,3775,240,9701,99,209,137,5690,285,4080,209,9770,California
San Benito,2021-03-10,402,14087,114,3889,193,9894,95,304,232,5847,170,4250,327,10097,California
San Benito,2021-03-11,467,14554,119,4008,196,10090,152,456,207,5946,260,4510,359,10456,California
San Benito,2021-03-12,511,15065,117,4125,300,10390,94,550,229,5990,280,4790,324,10780,California
San Benito,2021-03-13,201,15266,102,4227,81,10471,18,568,128,6065,71,4861,146,10926,California
San Benito,2021-03-14,232,15498,40,4267,172,10643,20,588,180,6214,51,4912,200,11126,California
San Benito,2021-03-15,323,15821,99,4366,205,10848,19,607,189,6288,134,5046,208,11334,California
San Benito,2021-03-16,495,16316,217,4583,247,11095,31,638,348,6519,147,5193,378,11712,California
San Benito,2021-03-17,785,17101,475,5058,289,11384,21,659,559,6869,222,5415,572,12284,California
San Benito,2021-03-18,786,17887,523,5581,207,11591,56,715,571,7274,213,5628,618,12902,California
San Benito,2021-03-19,778,18665,404,5985,351,11942,23,738,581,7681,197,5825,604,13506,California
San Benito,2021-03-20,237,18902,146,6131,79,12021,12,750,181,7818,56,5881,193,13699,California
San Benito,2021-03-21,108,19010,56,6187,47,12068,5,755,81,7877,27,5908,86,13785,California
San Benito,2021-03-22,343,19353,170,6357,148,12216,25,780,220,7999,123,6031,245,14030,California
San Benito,2021-03-23,475,19828,197,6554,268,12484,10,790,215,7963,260,6291,224,14254,California
San Benito,2021-03-24,573,20401,304,6858,262,12746,7,797,358,8114,214,6505,365,14619,California
San Benito,2021-03-25,741,21142,440,7298,297,13043,4,801,445,8269,294,6799,449,15068,California
San Benito,2021-03-26,996,22138,517,7815,476,13519,3,804,328,7933,667,7466,331,15399,California
San Benito,2021-03-27,331,22469,182,7997,116,13635,33,837,214,8064,116,7582,247,15646,California
San Benito,2021-03-28,691,23160,570,8567,116,13751,5,842,126,7630,565,8147,131,15777,California
San Benito,2021-03-29,350,23510,113,8680,216,13967,21,863,154,7608,196,8343,174,15951,California
San Benito,2021-03-30,570,24080,267,8947,209,14176,94,957,287,7706,283,8626,381,16332,California
San Benito,2021-03-31,577,24657,354,9301,199,14375,24,981,330,7815,245,8871,354,16686,California
San Benito,2021-04-01,930,25587,374,9675,518,14893,38,1019,554,8026,375,9246,586,17272,California
San Benito,2021-04-02,537,26124,262,9937,140,15033,135,1154,265,8154,272,9518,400,17672,California
San Benito,2021-04-03,251,26375,86,10023,104,15137,61,1215,75,8114,176,9694,136,17808,California
San Benito,2021-04-04,143,26518,108,10131,30,15167,5,1220,106,8188,37,9731,111,17919,California
San Benito,2021-04-05,351,26869,171,10302,138,15305,42,1262,143,8164,208,9939,184,18103,California
San Benito,2021-04-06,455,27324,158,10460,122,15427,175,1437,158,8200,297,10236,333,18436,California
San Benito,2021-04-07,923,28247,521,10981,212,15639,190,1627,254,7976,668,10904,444,18880,California
San Benito,2021-04-08,848,29095,424,11405,172,15811,252,1879,216,7812,631,11535,467,19347,California
San Benito,2021-04-09,856,29951,515,11920,250,16061,91,1970,307,7661,549,12084,398,19745,California
San Benito,2021-04-10,343,30294,214,12134,71,16132,58,2028,197,7770,146,12230,255,20000,California
San Benito,2021-04-11,503,30797,303,12437,167,16299,33,2061,277,7853,226,12456,309,20309,California
San Benito,2021-04-12,553,31350,313,12750,129,16428,111,2172,303,8015,249,12705,411,20720,California
San Benito,2021-04-13,782,32132,323,13073,436,16864,23,2195,554,8366,227,12932,578,21298,California
San Benito,2021-04-14,861,32993,684,13757,177,17041,0,2195,426,8362,430,13362,426,21724,California
San Benito,2021-04-15,920,33913,718,14475,201,17242,1,2196,452,8348,467,13829,453,22177,California
San Benito,2021-04-16,693,34606,362,14837,322,17564,9,2205,290,8247,400,14229,299,22476,California
San Benito,2021-04-17,308,34914,225,15062,83,17647,0,2205,125,8189,183,14412,125,22601,California
San Benito,2021-04-18,492,35406,411,15473,81,17728,0,2205,241,8180,251,14663,242,22843,California
San Benito,2021-04-19,726,36132,585,16058,141,17869,0,2205,410,8276,315,14978,411,23254,California
San Benito,2021-04-20,738,36870,391,16449,346,18215,1,2206,467,8477,266,15244,467,23721,California
San Benito,2021-04-21,934,37804,690,17139,244,18459,0,2206,508,8573,412,15656,508,24229,California
San Benito,2021-04-22,835,38639,661,17800,174,18633,0,2206,522,8790,305,15961,522,24751,California
San Benito,2021-04-23,544,39183,327,18127,216,18849,1,2207,283,8862,212,16173,284,25035,California
San Benito,2021-04-24,202,39385,77,18204,125,18974,0,2207,112,8893,81,16254,112,25147,California
San Benito,2021-04-25,111,39496,48,18252,63,19037,0,2207,45,8872,66,16320,45,25192,California
San Benito,2021-04-26,338,39834,249,18501,89,19126,0,2207,145,8884,133,16453,145,25337,California
San Benito,2021-04-27,361,40195,154,18655,199,19325,8,2215,253,9047,98,16551,261,25598,California
San Benito,2021-04-28,176,40371,98,18753,76,19401,2,2217,123,9122,52,16603,127,25725,California
San Bernardino,2020-12-15,13,13,13,13,0,0,0,0,13,13,0,0,13,13,California
San Bernardino,2020-12-16,107,120,107,120,0,0,0,0,107,120,0,0,107,120,California
San Bernardino,2020-12-17,2349,2469,2349,2469,0,0,0,0,2349,2469,0,0,2349,2469,California
San Bernardino,2020-12-18,3142,5611,3139,5608,3,3,0,0,3143,5612,0,0,3143,5612,California
San Bernardino,2020-12-19,1068,6679,1067,6675,1,4,0,0,1069,6681,0,0,1069,6681,California
San Bernardino,2020-12-20,1174,7853,1172,7847,2,6,0,0,1174,7855,0,0,1174,7855,California
San Bernardino,2020-12-21,2452,10305,2447,10294,5,11,0,0,2452,10307,0,0,2452,10307,California
San Bernardino,2020-12-22,2266,12571,2140,12434,126,137,0,0,2267,12574,0,0,2267,12574,California
San Bernardino,2020-12-23,2646,15217,1454,13888,1192,1329,0,0,2645,15219,0,0,2645,15219,California
San Bernardino,2020-12-24,1161,16378,585,14473,576,1905,0,0,1163,16382,0,0,1163,16382,California
San Bernardino,2020-12-25,74,16452,14,14487,60,1965,0,0,74,16456,0,0,74,16456,California
San Bernardino,2020-12-26,462,16914,254,14741,208,2173,0,0,462,16918,0,0,462,16918,California
San Bernardino,2020-12-27,343,17257,160,14901,183,2356,0,0,343,17261,0,0,343,17261,California
San Bernardino,2020-12-28,1565,18822,711,15612,854,3210,0,0,1566,18827,0,0,1566,18827,California
San Bernardino,2020-12-29,2210,21032,1042,16654,1168,4378,0,0,2210,21037,0,0,2210,21037,California
San Bernardino,2020-12-30,2891,23923,1459,18113,1432,5810,0,0,2892,23929,0,0,2892,23929,California
San Bernardino,2020-12-31,1358,25281,440,18553,918,6728,0,0,1356,25285,0,0,1356,25285,California
San Bernardino,2021-01-01,281,25562,150,18703,131,6859,0,0,280,25565,0,0,280,25565,California
San Bernardino,2021-01-02,476,26038,339,19042,137,6996,0,0,476,26041,0,0,476,26041,California
San Bernardino,2021-01-03,134,26172,85,19127,49,7045,0,0,134,26175,0,0,134,26175,California
San Bernardino,2021-01-04,2119,28291,1286,20413,833,7878,0,0,2118,28293,0,0,2118,28293,California
San Bernardino,2021-01-05,2329,30620,1458,21871,871,8749,0,0,2219,30403,109,109,2219,30512,California
San Bernardino,2021-01-06,3431,34051,2353,24224,1078,9827,0,0,2938,32855,487,596,2939,33451,California
San Bernardino,2021-01-07,5409,39460,4499,28723,910,10737,0,0,2479,32423,2911,3507,2479,35930,California
San Bernardino,2021-01-08,5363,44823,4442,33165,921,11658,0,0,2289,31643,3070,6577,2290,38220,California
San Bernardino,2021-01-09,1400,46223,1101,34266,299,11957,0,0,904,32051,496,7073,904,39124,California
San Bernardino,2021-01-10,1020,47243,597,34863,423,12380,0,0,573,32177,447,7520,573,39697,California
San Bernardino,2021-01-11,4980,52223,4075,38938,905,13285,0,0,2767,32734,2210,9730,2767,42464,California
San Bernardino,2021-01-12,4227,56450,3218,42156,1009,14294,0,0,2514,33536,1712,11442,2514,44978,California
San Bernardino,2021-01-13,4552,61002,2849,45005,1703,15997,0,0,3328,35654,1211,12653,3329,48307,California
San Bernardino,2021-01-14,4743,65745,2774,47779,1969,17966,0,0,4160,39235,579,13232,4160,52467,California
San Bernardino,2021-01-15,5977,71722,2974,50753,3003,20969,0,0,5581,44433,386,13618,5584,58051,California
San Bernardino,2021-01-16,2257,73979,1292,52045,965,21934,0,0,2116,46408,141,13759,2116,60167,California
San Bernardino,2021-01-17,1190,75169,515,52560,675,22609,0,0,1100,47421,89,13848,1102,61269,California
San Bernardino,2021-01-18,4267,79436,2638,55198,1629,24238,0,0,3648,50454,618,14466,3651,64920,California
San Bernardino,2021-01-19,6300,85736,3706,58904,2594,26832,0,0,5209,54576,1089,15555,5211,70131,California
San Bernardino,2021-01-20,6800,92536,3732,62636,3068,29900,0,0,4872,57530,1920,17475,4874,75005,California
San Bernardino,2021-01-21,5981,98517,3074,65710,2907,32807,0,0,4866,61292,1106,18581,4868,79873,California
San Bernardino,2021-01-22,6500,105017,3035,68745,3465,36272,0,0,5779,66353,719,19300,5780,85653,California
San Bernardino,2021-01-23,3105,108122,1889,70634,1216,37488,0,0,2717,68683,387,19687,2717,88370,California
San Bernardino,2021-01-24,1195,109317,461,71095,734,38222,0,0,1095,69678,100,19787,1095,89465,California
San Bernardino,2021-01-25,6868,116185,3397,74492,3471,41693,0,0,5020,72856,1846,21633,5024,94489,California
San Bernardino,2021-01-26,7106,123291,3568,78060,3538,45231,0,0,5011,75773,2095,23728,5012,99501,California
San Bernardino,2021-01-27,8398,131689,4150,82210,4248,49479,0,0,5694,78771,2696,26424,5694,105195,California
San Bernardino,2021-01-28,8586,140275,4078,86288,4508,53987,0,0,6261,82717,2320,28744,6266,111461,California
San Bernardino,2021-01-29,8179,148454,3767,90055,4412,58399,0,0,6214,86993,1952,30696,6228,117689,California
San Bernardino,2021-01-30,3092,151546,1902,91957,1190,59589,0,0,2806,89515,285,30981,2807,120496,California
San Bernardino,2021-01-31,922,152468,492,92449,430,60019,0,0,869,90332,52,31033,869,121365,California
San Bernardino,2021-02-01,7538,160006,4231,96680,3307,63326,0,0,4920,92637,2615,33648,4920,126285,California
San Bernardino,2021-02-02,10404,170410,3654,100334,6750,70076,0,0,8355,98948,2045,35693,8356,134641,California
San Bernardino,2021-02-03,8978,179388,4145,104479,4833,74909,0,0,6488,102955,2482,38175,6489,141130,California
San Bernardino,2021-02-04,10511,189899,5195,109674,5316,80225,0,0,7443,107341,3057,41232,7443,148573,California
San Bernardino,2021-02-05,10977,200876,5909,115583,5068,85293,0,0,7456,111288,3510,44742,7457,156030,California
San Bernardino,2021-02-06,5252,206128,2206,117789,3046,88339,0,0,3616,113296,1611,46353,3619,159649,California
San Bernardino,2021-02-07,844,206972,491,118280,353,88692,0,0,467,113390,374,46727,468,160117,California
San Bernardino,2021-02-08,7276,214248,3880,122160,3396,92088,0,0,5609,117336,1663,48390,5609,165726,California
San Bernardino,2021-02-09,9909,224157,5822,127982,4087,96175,0,0,6683,120798,3224,51614,6686,172412,California
San Bernardino,2021-02-10,12010,236167,6533,134515,5477,101652,0,0,7845,124490,4154,55768,7846,180258,California
San Bernardino,2021-02-11,12323,248490,7105,141620,5218,106870,0,0,7883,127958,4418,60186,7886,188144,California
San Bernardino,2021-02-12,10345,258835,5928,147548,4417,111287,0,0,5690,129007,4641,64827,5690,193834,California
San Bernardino,2021-02-13,6014,264849,3996,151544,2018,113305,0,0,3777,130568,2221,67048,3782,197616,California
San Bernardino,2021-02-14,1549,266398,649,152193,900,114205,0,0,872,130771,669,67717,872,198488,California
San Bernardino,2021-02-15,5455,271853,2996,155189,2459,116664,0,0,3053,131436,2388,70105,3053,201541,California
San Bernardino,2021-02-16,12595,284448,7374,162563,5221,121885,0,0,7968,134791,4614,74719,7969,209510,California
San Bernardino,2021-02-17,11784,296232,6455,169018,5329,127214,0,0,7140,137305,4628,79347,7142,216652,California
San Bernardino,2021-02-18,12452,308684,7587,176605,4865,132079,0,0,7710,140289,4727,84074,7711,224363,California
San Bernardino,2021-02-19,11467,320151,5905,182510,5562,137641,0,0,6783,142407,4665,88739,6783,231146,California
San Bernardino,2021-02-20,4497,324648,3451,185961,1046,138687,0,0,2041,141995,2454,91193,2042,233188,California
San Bernardino,2021-02-21,1021,325669,564,186525,457,139144,0,0,323,141621,697,91890,323,233511,California
San Bernardino,2021-02-22,8617,334286,5320,191845,3297,142441,0,0,4026,141068,4580,96470,4027,237538,California
San Bernardino,2021-02-23,9079,343365,5414,197259,3665,146106,0,0,4562,141145,4485,100955,4562,242100,California
San Bernardino,2021-02-24,12334,355699,7136,204395,5198,151304,0,0,6076,140988,6234,107189,6077,248177,California
San Bernardino,2021-02-25,12988,368687,6266,210661,6722,158026,0,0,7557,143135,5413,112602,7560,255737,California
San Bernardino,2021-02-26,13546,382233,6373,217034,7173,165199,0,0,7542,144736,5943,118545,7544,263281,California
San Bernardino,2021-02-27,6605,388838,3672,220706,2932,168131,1,1,4785,147711,1811,120356,4786,268067,California
San Bernardino,2021-02-28,1736,390574,710,221416,1026,169157,0,1,1121,148222,610,120966,1121,269188,California
San Bernardino,2021-03-01,8387,398961,4323,225739,4062,173219,2,3,3822,147511,4543,125509,3832,273020,California
San Bernardino,2021-03-02,13638,412599,5357,231096,8281,181500,0,3,6423,146749,7188,132697,6426,279446,California
San Bernardino,2021-03-03,12651,425250,6424,237520,6225,187725,2,5,5858,145840,6774,139471,5865,285311,California
San Bernardino,2021-03-04,13646,438896,6861,244381,6785,194510,0,5,5929,144076,7697,147168,5933,291244,California
San Bernardino,2021-03-05,14128,453024,7306,251687,6821,201331,1,6,6836,143668,7263,154431,6855,298099,California
San Bernardino,2021-03-06,9556,462580,5307,256994,4034,205365,215,221,4443,143226,5099,159530,4657,302756,California
San Bernardino,2021-03-07,1570,464150,927,257921,588,205953,55,276,1000,143713,568,160098,1055,303811,California
San Bernardino,2021-03-08,7961,472111,3489,261410,4312,210265,160,436,3504,142929,4451,164549,3667,307478,California
San Bernardino,2021-03-09,12585,484696,7019,268429,5321,215586,245,681,4850,140304,7721,172270,5096,312574,California
San Bernardino,2021-03-10,13980,498676,7678,276107,5779,221365,523,1204,6189,139257,7764,180034,6717,319291,California
San Bernardino,2021-03-11,15157,513833,7115,283222,6535,227900,1507,2711,7254,140132,7883,187917,8758,328049,California
San Bernardino,2021-03-12,15226,529059,6796,290018,6416,234316,2014,4725,7276,141547,7922,195839,9337,337386,California
San Bernardino,2021-03-13,8268,537327,4496,294514,3270,237586,502,5227,4904,143601,3354,199193,5408,342794,California
San Bernardino,2021-03-14,3210,540537,1607,296121,1035,238621,568,5795,1838,144635,1366,200559,2400,345194,California
San Bernardino,2021-03-15,11268,551805,5313,301434,3956,242577,1999,7794,5528,146428,5731,206290,7524,352718,California
San Bernardino,2021-03-16,16007,567812,7911,309345,7153,249730,943,8737,9761,150905,6223,212513,10700,363418,California
San Bernardino,2021-03-17,16933,584745,8466,317811,7719,257449,748,9485,10143,155023,6774,219287,10892,374310,California
San Bernardino,2021-03-18,16272,601017,8068,325879,7820,265269,384,9869,9559,158281,6686,225973,9944,384254,California
San Bernardino,2021-03-19,16764,617781,8296,334175,7881,273150,587,10456,9587,161356,7152,233125,10227,394481,California
San Bernardino,2021-03-20,9388,627169,5907,340082,2895,276045,586,11042,5577,163730,3786,236911,6160,400641,California
San Bernardino,2021-03-21,2748,629917,2239,342321,462,276507,47,11089,2226,165493,510,237421,2273,402914,California
San Bernardino,2021-03-22,9544,639461,4484,346805,4627,281134,433,11522,6931,170260,2598,240019,7365,410279,California
San Bernardino,2021-03-23,15386,654847,8739,355544,6025,287159,622,12144,9630,174773,5738,245757,10251,420530,California
San Bernardino,2021-03-24,14937,669784,7756,363300,6883,294042,298,12442,9962,180093,4941,250698,10261,430791,California
San Bernardino,2021-03-25,16829,686613,8281,371581,8254,302296,294,12736,10698,184996,6085,256783,10988,441779,California
San Bernardino,2021-03-26,17868,704481,8581,380162,8520,310816,767,13503,10851,189629,6985,263768,11618,453397,California
San Bernardino,2021-03-27,10693,715174,6890,387052,3054,313870,749,14252,6135,191969,4542,268310,6882,460279,California
San Bernardino,2021-03-28,3520,718694,2469,389521,938,314808,113,14365,2482,193532,1031,269341,2594,462873,California
San Bernardino,2021-03-29,11607,730301,6072,395593,5138,319946,397,14762,7922,198179,3672,273013,8319,471192,California
San Bernardino,2021-03-30,16761,747062,9403,404996,6650,326596,708,15470,10786,203725,5942,278955,11488,482680,California
San Bernardino,2021-03-31,16163,763225,9143,414139,6412,333008,608,16078,10841,209874,5297,284252,11446,494126,California
San Bernardino,2021-04-01,19395,782620,10260,424399,7783,340791,1352,17430,12523,216902,6842,291094,13870,507996,California
San Bernardino,2021-04-02,18470,801090,9282,433681,7920,348711,1268,18698,11180,222126,7264,298358,12488,520484,California
San Bernardino,2021-04-03,10904,811994,6818,440499,2963,351674,1123,19821,5973,224302,4917,303275,7093,527577,California
San Bernardino,2021-04-04,2447,814441,1484,441983,717,352391,246,20067,1255,224613,1188,304463,1499,529076,California
San Bernardino,2021-04-05,11665,826106,5246,447229,4695,357086,1724,21791,5991,226672,5653,310116,7712,536788,California
San Bernardino,2021-04-06,19570,845676,11000,458229,6481,363567,2089,23880,10394,230012,9141,319257,12481,549269,California
San Bernardino,2021-04-07,20760,866436,11111,469340,7202,370769,2447,26327,11377,234471,9354,328611,13813,563082,California
San Bernardino,2021-04-08,21553,887989,11046,480386,7923,378692,2584,28911,11941,239408,9583,338194,14520,577602,California
San Bernardino,2021-04-09,21434,909423,10882,491268,8023,386715,2529,31440,11684,243898,9717,347911,14207,591809,California
San Bernardino,2021-04-10,15483,924906,8013,499281,3792,390507,3678,35118,7695,247494,7767,355678,11363,603172,California
San Bernardino,2021-04-11,4330,929236,2541,501822,882,391389,907,36025,2008,248092,2316,357994,2914,606086,California
San Bernardino,2021-04-12,13257,942493,6152,507974,5495,396884,1610,37635,6293,249049,6944,364938,7901,613987,California
San Bernardino,2021-04-13,19115,961608,10920,518894,8176,405060,19,37654,10945,251868,8145,373083,10964,624951,California
San Bernardino,2021-04-14,18813,980421,10241,529135,8570,413630,2,37656,10769,254627,8013,381096,10772,635723,California
San Bernardino,2021-04-15,19845,1000266,11153,540288,8689,422319,3,37659,10579,255982,9230,390326,10585,646308,California
San Bernardino,2021-04-16,18416,1018682,10490,550778,7923,430242,3,37662,9122,255850,9256,399582,9124,655432,California
San Bernardino,2021-04-17,11761,1030443,7745,558523,4016,434258,0,37662,6164,256446,5568,405150,6164,661596,California
San Bernardino,2021-04-18,2790,1033233,1887,560410,903,435161,0,37662,1270,256207,1509,406659,1270,662866,California
San Bernardino,2021-04-19,12403,1045636,6611,567021,5792,440953,0,37662,4808,253443,7576,414235,4812,667678,California
San Bernardino,2021-04-20,17401,1063037,9727,576748,7671,448624,3,37665,7974,252016,9405,423640,7978,675656,California
San Bernardino,2021-04-21,17738,1080775,10209,586957,7528,456152,1,37666,7886,250106,9797,433437,7887,683543,California
San Bernardino,2021-04-22,18641,1099416,10758,597715,7881,464033,2,37668,7725,246974,10863,444300,7731,691274,California
San Bernardino,2021-04-23,16463,1115879,9582,607297,6879,470912,2,37670,7097,244752,9323,453623,7101,698375,California
San Bernardino,2021-04-24,10351,1126230,7736,615033,2613,473525,2,37672,5799,246018,4536,458159,5802,704177,California
San Bernardino,2021-04-25,2839,1129069,1807,616840,1032,474557,0,37672,1397,245983,1433,459592,1398,705575,California
San Bernardino,2021-04-26,8632,1137701,4595,621435,3964,478521,73,37745,3781,245014,4824,464416,3855,709430,California
San Bernardino,2021-04-27,12543,1150244,7356,628791,5042,483563,145,37890,5042,242732,7469,471885,5187,714617,California
San Bernardino,2021-04-28,7255,1157499,4655,633446,2512,486075,88,37978,2178,239942,5064,476949,2274,716891,California
San Diego,2020-12-15,119,119,119,119,0,0,0,0,119,119,0,0,119,119,California
San Diego,2020-12-16,1102,1221,1102,1221,0,0,0,0,1102,1221,0,0,1102,1221,California
San Diego,2020-12-17,2349,3570,2349,3570,0,0,0,0,2349,3570,0,0,2349,3570,California
San Diego,2020-12-18,3671,7241,3670,7240,1,1,0,0,3671,7241,0,0,3671,7241,California
San Diego,2020-12-19,2309,9550,2309,9549,0,1,0,0,2309,9550,0,0,2309,9550,California
San Diego,2020-12-20,1183,10733,1182,10731,1,2,0,0,1183,10733,0,0,1183,10733,California
San Diego,2020-12-21,3522,14255,3521,14252,1,3,0,0,3522,14255,0,0,3522,14255,California
San Diego,2020-12-22,4056,18311,3413,17665,643,646,0,0,4056,18311,0,0,4056,18311,California
San Diego,2020-12-23,3178,21489,1976,19641,1202,1848,0,0,3178,21489,0,0,3178,21489,California
San Diego,2020-12-24,2736,24225,2219,21860,517,2365,0,0,2736,24225,0,0,2736,24225,California
San Diego,2020-12-25,874,25099,873,22733,1,2366,0,0,874,25099,0,0,874,25099,California
San Diego,2020-12-26,3294,28393,2143,24876,1151,3517,0,0,3294,28393,0,0,3294,28393,California
San Diego,2020-12-27,2509,30902,1617,26493,892,4409,0,0,2508,30900,1,1,2508,30901,California
San Diego,2020-12-28,5900,36802,4212,30705,1688,6097,0,0,5900,36800,0,1,5900,36801,California
San Diego,2020-12-29,5590,42392,3014,33719,2576,8673,0,0,5590,42390,0,1,5590,42391,California
San Diego,2020-12-30,5944,48336,3100,36819,2844,11517,0,0,5944,48334,0,1,5944,48335,California
San Diego,2020-12-31,2987,51323,1004,37823,1983,13500,0,0,2987,51321,0,1,2987,51322,California
San Diego,2021-01-01,1006,52329,452,38275,554,14054,0,0,1005,52326,0,1,1005,52327,California
San Diego,2021-01-02,3762,56091,1321,39596,2441,16495,0,0,3762,56088,0,1,3762,56089,California
San Diego,2021-01-03,859,56950,632,40228,227,16722,0,0,858,56946,0,1,858,56947,California
San Diego,2021-01-04,3703,60653,2052,42280,1651,18373,0,0,3696,60642,0,1,3696,60643,California
San Diego,2021-01-05,4310,64963,2122,44402,2188,20561,0,0,3693,63734,613,614,3705,64348,California
San Diego,2021-01-06,4946,69909,2299,46701,2647,23208,0,0,3711,66237,1212,1826,3715,68063,California
San Diego,2021-01-07,5608,75517,2981,49682,2627,25835,0,0,3452,67546,2149,3975,3458,71521,California
San Diego,2021-01-08,7721,83238,4958,54640,2763,28598,0,0,3935,67728,3769,7744,3951,75472,California
San Diego,2021-01-09,2956,86194,1554,56194,1402,30000,0,0,1788,68366,1158,8902,1796,77268,California
San Diego,2021-01-10,1882,88076,1293,57487,589,30589,0,0,779,68063,1091,9993,788,78056,California
San Diego,2021-01-11,10327,98403,5858,63345,4469,35058,0,0,6802,71362,3518,13511,6817,84873,California
San Diego,2021-01-12,11204,109607,5316,68661,5888,40946,0,0,7831,75942,3364,16875,7944,92817,California
San Diego,2021-01-13,11478,121085,5025,73686,6453,47399,0,0,8933,82366,2532,19407,8956,101773,California
San Diego,2021-01-14,12367,133452,4753,78439,7614,55013,0,0,10199,90440,2159,21566,10233,112006,California
San Diego,2021-01-15,15123,148575,5354,83793,9769,64782,0,0,12481,100350,2623,24189,12533,124539,California
San Diego,2021-01-16,10768,159343,3595,87388,7173,71955,0,0,9322,108262,1441,25630,9353,133892,California
San Diego,2021-01-17,8683,168026,2499,89887,6184,78139,0,0,7844,115286,839,26469,7863,141755,California
San Diego,2021-01-18,12500,180526,5941,95828,6559,84698,0,0,9671,122220,2790,29259,9724,151479,California
San Diego,2021-01-19,14751,195277,5823,101651,8928,93626,0,0,11624,130989,3113,32372,11882,163361,California
San Diego,2021-01-20,18325,213602,6384,108035,11941,105567,0,0,15036,142925,3270,35642,15206,178567,California
San Diego,2021-01-21,17404,231006,5898,113933,11506,117073,0,0,16012,157704,1381,37023,16160,194727,California
San Diego,2021-01-22,17677,248683,4753,118686,12924,129997,0,0,15623,171383,2041,39064,15720,210447,California
San Diego,2021-01-23,14478,263161,5271,123957,9207,139204,0,0,12118,181208,2347,41411,12172,222619,California
San Diego,2021-01-24,11916,275077,3360,127317,8556,147760,0,0,10940,191209,974,42385,10975,233594,California
San Diego,2021-01-25,12223,287300,5751,133068,6472,154232,0,0,9211,197567,3005,45390,9363,242957,California
San Diego,2021-01-26,14945,302245,7646,140714,7299,161531,0,0,11671,206153,3269,48659,11855,254812,California
San Diego,2021-01-27,20763,323008,8128,148842,12635,174166,0,0,17674,220891,3075,51734,17813,272625,California
San Diego,2021-01-28,21304,344312,7647,156489,13657,187823,0,0,19039,237754,2255,53989,19118,291743,California
San Diego,2021-01-29,19704,364016,6461,162950,13243,201066,0,0,17279,252664,2415,56404,17325,309068,California
San Diego,2021-01-30,15903,379919,3667,166617,12236,213302,0,0,13224,263317,2669,59073,13322,322390,California
San Diego,2021-01-31,14794,394713,5754,172371,9040,222342,0,0,14437,277427,353,59426,14463,336853,California
San Diego,2021-02-01,20522,415235,7232,179603,13290,235632,0,0,17332,291660,3176,62602,17409,354262,California
San Diego,2021-02-02,23199,438434,8689,188292,14510,250142,0,0,19670,307977,3519,66121,19836,374098,California
San Diego,2021-02-03,27450,465884,11561,199853,15889,266031,0,0,23275,327275,4157,70278,23455,397553,California
San Diego,2021-02-04,24380,490264,10029,209882,14351,280382,0,0,19678,342550,4685,74963,19960,417513,California
San Diego,2021-02-05,25025,515289,8987,218869,16038,296420,0,0,18481,355000,6521,81484,18971,436484,California
San Diego,2021-02-06,20794,536083,8569,227438,12225,308645,0,0,17599,369633,3189,84673,17822,454306,California
San Diego,2021-02-07,12130,548213,5375,232813,6755,315400,0,0,10265,378305,1845,86518,10517,464823,California
San Diego,2021-02-08,20105,568318,8519,241332,11586,326986,0,0,12690,384284,7398,93916,13377,478200,California
San Diego,2021-02-09,20396,588714,8238,249570,12158,339144,0,0,13197,391370,7179,101095,14265,492465,California
San Diego,2021-02-10,22985,611699,9359,258929,13626,352770,0,0,13886,397556,9055,110150,15241,507706,California
San Diego,2021-02-11,23782,635481,10142,269071,13640,366410,0,0,12738,400952,11017,121167,14413,522119,California
San Diego,2021-02-12,23844,659325,7460,276531,16384,382794,0,0,11920,403221,11906,133073,14175,536294,California
San Diego,2021-02-13,20020,679345,9014,285545,11006,393800,0,0,10895,406193,9118,142191,12090,548384,California
San Diego,2021-02-14,11189,690534,7431,292976,3758,397558,0,0,6335,409328,4850,147041,7985,556369,California
San Diego,2021-02-15,15192,705726,7683,300659,7509,405067,0,0,7847,412985,7326,154367,10983,567352,California
San Diego,2021-02-16,19282,725008,11252,311911,8030,413097,0,0,9234,415526,10037,164404,12578,579930,California
San Diego,2021-02-17,23399,748407,10985,322896,12414,425511,0,0,8145,411988,15243,179647,11705,591635,California
San Diego,2021-02-18,23573,771980,12021,334917,11552,437063,0,0,7793,408617,15772,195419,12401,604036,California
San Diego,2021-02-19,15910,787890,10921,345838,4989,442052,0,0,6632,408087,9259,204678,8729,612765,California
San Diego,2021-02-20,10260,798150,6362,352200,3898,445950,0,0,5819,411705,4438,209116,8056,620821,California
San Diego,2021-02-21,11529,809679,10117,362317,1412,447362,0,0,5201,412893,6301,215417,7489,628310,California
San Diego,2021-02-22,12445,822124,10584,372901,1861,449223,0,0,5802,414506,6636,222053,8249,636559,California
San Diego,2021-02-23,25901,848025,14524,387425,11377,460600,0,0,9665,414853,16230,238283,16577,653136,California
San Diego,2021-02-24,28951,876976,12761,400186,16190,476790,0,0,6867,408198,22066,260349,15411,668547,California
San Diego,2021-02-25,33189,910165,14711,414897,18478,495268,0,0,10172,404733,22999,283348,19534,688081,California
San Diego,2021-02-26,33462,943627,12395,427292,21067,516335,0,0,12150,402775,21286,304634,19328,707409,California
San Diego,2021-02-27,21245,964872,9677,436969,11568,527903,0,0,11456,408893,9785,314419,15903,723312,California
San Diego,2021-02-28,15246,980118,9945,446914,5301,533204,0,0,9500,416419,5745,320164,13271,736583,California
San Diego,2021-03-01,24164,1004282,14240,461154,9923,543127,1,1,14679,426449,9411,329575,19441,756024,California
San Diego,2021-03-02,26079,1030361,13995,475149,12084,555211,0,1,12729,433524,13343,342918,20418,776442,California
San Diego,2021-03-03,33955,1064316,15883,491032,18069,573280,3,4,14062,435562,19878,362796,21916,798358,California
San Diego,2021-03-04,28281,1092597,14068,505100,14213,587493,0,4,12648,439934,15614,378410,19986,818344,California
San Diego,2021-03-05,28918,1121515,14821,519921,14015,601508,82,86,13494,445191,15410,393820,20667,839011,California
San Diego,2021-03-06,23364,1144879,9525,529446,13137,614645,702,788,10302,448384,13049,406869,16242,855253,California
San Diego,2021-03-07,18200,1163079,9295,538741,8335,622980,570,1358,6910,449157,11284,418153,12057,867310,California
San Diego,2021-03-08,23036,1186115,11166,549907,10971,633951,899,2257,11433,454819,11592,429745,17254,884564,California
San Diego,2021-03-09,25849,1211964,11940,561847,12154,646105,1755,4012,10106,456554,15732,445477,17467,902031,California
San Diego,2021-03-10,25259,1237223,10732,572579,12134,658239,2393,6405,9878,458882,15370,460847,17698,919729,California
San Diego,2021-03-11,28668,1265891,10997,583576,14073,672312,3598,10003,10015,459023,18635,479482,18776,938505,California
San Diego,2021-03-12,27064,1292955,9448,593024,14482,686794,3134,13137,9963,458564,17087,496569,16628,955133,California
San Diego,2021-03-13,25976,1318931,7298,600322,17074,703868,1604,14741,10075,458536,15898,512467,15870,971003,California
San Diego,2021-03-14,13704,1332635,5358,605680,7610,711478,736,15477,4787,457574,8910,521377,7948,978951,California
San Diego,2021-03-15,22007,1354642,10156,615836,11073,722551,778,16255,9047,457578,12943,534320,12947,991898,California
San Diego,2021-03-16,29896,1384538,15697,631533,13786,736337,413,16668,15654,463140,14218,548538,19780,1011678,California
San Diego,2021-03-17,26241,1410779,12148,643681,13384,749721,709,17377,16717,473546,9512,558050,19918,1031596,California
San Diego,2021-03-18,31373,1442152,17695,661376,12783,762504,895,18272,16929,479564,14410,572460,20428,1052024,California
San Diego,2021-03-19,30164,1472316,14294,675670,14893,777397,977,19249,19291,490704,10857,583317,21997,1074021,California
San Diego,2021-03-20,27788,1500104,8366,684036,17631,795028,1791,21040,21369,509066,6410,589727,24772,1098793,California
San Diego,2021-03-21,16484,1516588,12008,696044,3760,798788,716,21756,7684,511399,8788,598515,11121,1109914,California
San Diego,2021-03-22,22456,1539044,13094,709138,9121,807909,241,21997,14305,521113,8139,606654,17853,1127767,California
San Diego,2021-03-23,25940,1564984,13604,722742,12076,819985,260,22257,17146,532012,8780,615434,19679,1147446,California
San Diego,2021-03-24,29474,1594458,19701,742443,9409,829394,364,22621,17080,540315,12385,627819,20688,1168134,California
San Diego,2021-03-25,30282,1624740,18200,760643,11425,840819,657,23278,17986,548824,12281,640100,20790,1188924,California
San Diego,2021-03-26,32099,1656839,17864,778507,13679,854498,556,23834,17576,555444,14496,654596,21116,1210040,California
San Diego,2021-03-27,25451,1682290,10976,789483,14082,868580,393,24227,15732,564133,9703,664299,18392,1228432,California
San Diego,2021-03-28,15033,1697323,9170,798653,5807,874387,56,24283,9285,569208,5741,670040,10816,1239248,California
San Diego,2021-03-29,26591,1723914,12844,811497,13150,887537,597,24880,16415,578483,10167,680207,19442,1258690,California
San Diego,2021-03-30,33202,1757116,17871,829368,14560,902097,771,25651,22049,592014,11140,691347,24671,1283361,California
San Diego,2021-03-31,30248,1787364,18723,848091,10886,912983,639,26290,20556,604662,9674,701021,22322,1305683,California
San Diego,2021-04-01,34117,1821481,20114,868205,12651,925634,1352,27642,23196,619653,10894,711915,25885,1331568,California
San Diego,2021-04-02,35503,1856984,20672,888877,12255,937889,2576,30218,24161,636465,11324,723239,28136,1359704,California
San Diego,2021-04-03,30720,1887704,14483,903360,11761,949650,4476,34694,19742,651157,10965,734204,25657,1385361,California
San Diego,2021-04-04,8912,1896616,5089,908449,2924,952574,899,35593,4714,652836,4193,738397,5872,1391233,California
San Diego,2021-04-05,29669,1926285,15441,923890,11681,964255,2547,38140,19463,667389,10193,748590,24746,1415979,California
San Diego,2021-04-06,38546,1964831,20380,944270,12397,976652,5769,43909,22384,682073,16146,764736,30830,1446809,California
San Diego,2021-04-07,35468,2000299,21899,966169,9147,985799,4422,48331,20315,694097,15129,779865,27153,1473962,California
San Diego,2021-04-08,34902,2035201,21259,987428,9653,995452,3990,52321,21245,708319,13637,793502,27859,1501821,California
San Diego,2021-04-09,37940,2073141,22715,1010143,10228,1005680,4997,57318,20727,720600,17146,810648,29427,1531248,California
San Diego,2021-04-10,28501,2101642,11705,1021848,12866,1018546,3930,61248,14626,728499,13863,824511,21762,1553010,California
San Diego,2021-04-11,16104,2117746,9988,1031836,3855,1022401,2261,63509,7227,732773,8874,833385,13148,1566158,California
San Diego,2021-04-12,30511,2148257,12774,1044610,13444,1035845,4293,67802,17027,744271,13469,846854,24967,1591125,California
San Diego,2021-04-13,37066,2185323,17681,1062291,19350,1055195,35,67837,24734,760447,12315,859169,28491,1619616,California
San Diego,2021-04-14,32760,2218083,18764,1081055,13985,1069180,11,67848,17737,769221,15009,874178,23783,1643399,California
San Diego,2021-04-15,38948,2257031,20223,1101278,18723,1087903,2,67850,23636,782221,15286,889464,28286,1671685,California
San Diego,2021-04-16,33199,2290230,18483,1119761,14715,1102618,1,67851,19210,790397,13921,903385,22097,1693782,California
San Diego,2021-04-17,27612,2317842,13473,1133234,14139,1116757,0,67851,12250,791209,15263,918648,16075,1709857,California
San Diego,2021-04-18,14228,2332070,8882,1142116,5343,1122100,3,67854,6676,793947,7544,926192,10282,1720139,California
San Diego,2021-04-19,26274,2358344,13413,1155529,12860,1134960,1,67855,12490,795664,13769,939961,15486,1735625,California
San Diego,2021-04-20,38396,2396740,17258,1172787,21138,1156098,0,67855,19706,802257,18671,958632,25264,1760889,California
San Diego,2021-04-21,34758,2431498,20749,1193536,14009,1170107,0,67855,16839,807168,17890,976522,22801,1783690,California
San Diego,2021-04-22,44255,2475753,22634,1216170,21615,1191722,6,67861,22024,814203,22193,998715,29228,1812918,California
San Diego,2021-04-23,41927,2517680,25864,1242034,16061,1207783,2,67863,15488,813971,26412,1025127,26180,1839098,California
San Diego,2021-04-24,34183,2551863,18645,1260679,15527,1223310,11,67874,15364,818006,18789,1043916,22824,1861922,California
San Diego,2021-04-25,12094,2563957,7335,1268014,4759,1228069,0,67874,5733,819739,6356,1050272,8089,1870011,California
San Diego,2021-04-26,29435,2593392,14302,1282316,15041,1243110,92,67966,9806,818630,19623,1069895,18514,1888525,California
San Diego,2021-04-27,24602,2617994,14164,1296480,10255,1253365,183,68149,9714,820796,14877,1084772,17043,1905568,California
San Diego,2021-04-28,7027,2625021,5991,1302471,1024,1254389,12,68161,2350,822890,4666,1089438,6760,1912328,California
San Francisco,2020-12-15,7,7,7,7,0,0,0,0,7,7,0,0,7,7,California
San Francisco,2020-12-16,229,236,229,236,0,0,0,0,229,236,0,0,229,236,California
San Francisco,2020-12-17,394,630,394,630,0,0,0,0,394,630,0,0,394,630,California
San Francisco,2020-12-18,877,1507,876,1506,1,1,0,0,877,1507,0,0,877,1507,California
San Francisco,2020-12-19,602,2109,602,2108,0,1,0,0,602,2109,0,0,602,2109,California
San Francisco,2020-12-20,483,2592,483,2591,0,1,0,0,483,2592,0,0,483,2592,California
San Francisco,2020-12-21,1162,3754,1162,3753,0,1,0,0,1162,3754,0,0,1162,3754,California
San Francisco,2020-12-22,1399,5153,1365,5118,34,35,0,0,1399,5153,0,0,1399,5153,California
San Francisco,2020-12-23,1333,6486,1043,6161,290,325,0,0,1333,6486,0,0,1333,6486,California
San Francisco,2020-12-24,841,7327,503,6664,338,663,0,0,841,7327,0,0,841,7327,California
San Francisco,2020-12-25,34,7361,29,6693,5,668,0,0,34,7361,0,0,34,7361,California
San Francisco,2020-12-26,245,7606,151,6844,94,762,0,0,245,7606,0,0,245,7606,California
San Francisco,2020-12-27,273,7879,60,6904,213,975,0,0,273,7879,0,0,273,7879,California
San Francisco,2020-12-28,1269,9148,685,7589,584,1559,0,0,1269,9148,0,0,1269,9148,California
San Francisco,2020-12-29,1242,10390,621,8210,621,2180,0,0,1242,10390,0,0,1242,10390,California
San Francisco,2020-12-30,1486,11876,780,8990,706,2886,0,0,1486,11876,0,0,1486,11876,California
San Francisco,2020-12-31,963,12839,411,9401,552,3438,0,0,962,12838,0,0,962,12838,California
San Francisco,2021-01-01,78,12917,66,9467,12,3450,0,0,78,12916,0,0,78,12916,California
San Francisco,2021-01-02,335,13252,303,9770,32,3482,0,0,335,13251,0,0,335,13251,California
San Francisco,2021-01-03,293,13545,101,9871,192,3674,0,0,292,13542,1,1,292,13543,California
San Francisco,2021-01-04,1839,15384,1358,11229,481,4155,0,0,1836,15375,3,4,1836,15379,California
San Francisco,2021-01-05,2235,17619,1415,12644,820,4975,0,0,2200,17542,35,39,2202,17581,California
San Francisco,2021-01-06,1868,19487,1161,13805,707,5682,0,0,1603,18883,263,302,1604,19185,California
San Francisco,2021-01-07,2061,21548,1203,15008,858,6540,0,0,1604,20033,454,756,1604,20789,California
San Francisco,2021-01-08,2328,23876,1630,16638,698,7238,0,0,1492,20694,831,1587,1492,22281,California
San Francisco,2021-01-09,1387,25263,892,17530,495,7733,0,0,883,21075,504,2091,885,23166,California
San Francisco,2021-01-10,920,26183,542,18072,378,8111,0,0,460,21076,459,2550,460,23626,California
San Francisco,2021-01-11,2501,28684,1870,19942,631,8742,0,0,1402,21378,1100,3650,1402,25028,California
San Francisco,2021-01-12,3086,31770,2057,21999,1029,9771,0,0,1895,22083,1191,4841,1896,26924,California
San Francisco,2021-01-13,2818,34588,1598,23597,1220,10991,0,0,1989,23243,829,5670,1989,28913,California
San Francisco,2021-01-14,2435,37023,1097,24694,1338,12329,0,0,1875,24558,560,6230,1875,30788,California
San Francisco,2021-01-15,2740,39763,1145,25839,1595,13924,0,0,2349,26520,389,6619,2351,33139,California
San Francisco,2021-01-16,2250,42013,964,26803,1286,15210,0,0,2085,28441,165,6784,2086,35225,California
San Francisco,2021-01-17,1919,43932,533,27336,1386,16596,0,0,1704,29930,215,6999,1704,36929,California
San Francisco,2021-01-18,1371,45303,587,27923,784,17380,0,0,1109,30780,261,7260,1111,38040,California
San Francisco,2021-01-19,2571,47874,1473,29396,1098,18478,0,0,1825,31860,746,8006,1826,39866,California
San Francisco,2021-01-20,2703,50577,1084,30480,1619,20097,0,0,1955,33071,745,8751,1956,41822,California
San Francisco,2021-01-21,3292,53869,929,31409,2363,22460,0,0,2471,34723,819,9570,2471,44293,California
San Francisco,2021-01-22,3172,57041,634,32043,2538,24998,0,0,2730,37013,440,10010,2730,47023,California
San Francisco,2021-01-23,3090,60131,609,32652,2481,27479,0,0,2723,39371,366,10376,2724,49747,California
San Francisco,2021-01-24,2424,62555,361,33013,2063,29542,0,0,2196,41342,225,10601,2196,51943,California
San Francisco,2021-01-25,4579,67134,1779,34792,2800,32342,0,0,3031,42828,1546,12147,3032,54975,California
San Francisco,2021-01-26,4664,71798,2136,36928,2528,34870,0,0,3074,44317,1587,13734,3076,58051,California
San Francisco,2021-01-27,4423,76221,2073,39001,2350,37220,0,0,3075,46048,1344,15078,3075,61126,California
San Francisco,2021-01-28,3751,79972,1552,40553,2199,39419,0,0,2590,47482,1156,16234,2590,63716,California
San Francisco,2021-01-29,4714,84686,1678,42231,3036,42455,0,0,3448,49671,1259,17493,3448,67164,California
San Francisco,2021-01-30,3772,88458,1841,44072,1931,44386,0,0,3325,52553,446,17939,3328,70492,California
San Francisco,2021-01-31,2352,90810,823,44895,1529,45915,0,0,2201,54605,150,18089,2202,72694,California
San Francisco,2021-02-01,3782,94592,1521,46416,2261,48176,0,0,2882,56588,900,18989,2883,75577,California
San Francisco,2021-02-02,4644,99236,1963,48379,2681,50857,0,0,2879,57708,1759,20748,2879,78456,California
San Francisco,2021-02-03,5055,104291,2370,50749,2685,53542,0,0,3753,60163,1299,22047,3754,82210,California
San Francisco,2021-02-04,5016,109307,2431,53180,2585,56127,0,0,3855,62859,1159,23206,3855,86065,California
San Francisco,2021-02-05,5923,115230,3193,56373,2730,58857,0,0,4585,66110,1335,24541,4586,90651,California
San Francisco,2021-02-06,5470,120700,3649,60022,1821,60678,0,0,4570,69783,898,25439,4571,95222,California
San Francisco,2021-02-07,4324,125024,3173,63195,1151,61829,0,0,3747,72957,576,26015,3750,98972,California
San Francisco,2021-02-08,6693,131717,4609,67804,2084,63913,0,0,5484,77251,1192,27207,5486,104458,California
San Francisco,2021-02-09,5913,137630,3983,71787,1930,65843,0,0,4362,80066,1548,28755,4363,108821,California
San Francisco,2021-02-10,6855,144485,4173,75960,2682,68525,0,0,5091,83404,1756,30511,5094,113915,California
San Francisco,2021-02-11,6700,151185,3973,79933,2727,71252,0,0,4891,86490,1806,32317,4892,118807,California
San Francisco,2021-02-12,5308,156493,2664,82597,2644,73896,0,0,3479,88141,1828,34145,3479,122286,California
San Francisco,2021-02-13,4357,160850,2547,85144,1810,75706,0,0,3034,89854,1323,35468,3036,125322,California
San Francisco,2021-02-14,3412,164262,2239,87383,1173,76879,0,0,2288,91020,1123,36591,2289,127611,California
San Francisco,2021-02-15,2771,167033,1505,88888,1266,78145,0,0,1678,91607,1091,37682,1678,129289,California
San Francisco,2021-02-16,4981,172014,2724,91612,2257,80402,0,0,2951,92541,2023,39705,2957,132246,California
San Francisco,2021-02-17,5395,177409,2678,94290,2717,83119,0,0,2960,93077,2426,42131,2962,135208,California
San Francisco,2021-02-18,5370,182779,2628,96918,2742,85861,0,0,2808,93326,2562,44693,2811,138019,California
San Francisco,2021-02-19,5629,188408,2644,99562,2985,88846,0,0,2929,93563,2694,47387,2931,140950,California
San Francisco,2021-02-20,4516,192924,2179,101741,2337,91183,0,0,1701,92458,2807,50194,1702,142652,California
San Francisco,2021-02-21,2736,195660,1367,103108,1369,92552,0,0,1140,92007,1592,51786,1141,143793,California
San Francisco,2021-02-22,5094,200754,3172,106280,1922,94474,0,0,2562,92047,2524,54310,2564,146357,California
San Francisco,2021-02-23,5447,206201,3081,109361,2366,96840,0,0,2757,92120,2684,56994,2757,149114,California
San Francisco,2021-02-24,8962,215163,5074,114435,3888,100728,0,0,4778,92724,4175,61169,4779,153893,California
San Francisco,2021-02-25,9749,224912,6851,121286,2898,103626,0,0,6294,95568,3452,64621,6296,160189,California
San Francisco,2021-02-26,11903,236815,7725,129011,4178,107804,0,0,7054,97772,4851,69472,7055,167244,California
San Francisco,2021-02-27,8896,245711,5660,134671,3235,111039,1,1,4506,97903,4377,73849,4508,171752,California
San Francisco,2021-02-28,7704,253415,5526,140197,2178,113217,0,1,3827,97856,3875,77724,3828,175580,California
San Francisco,2021-03-01,10673,264088,7166,147363,3505,116722,2,3,5162,97530,5493,83217,5167,180747,California
San Francisco,2021-03-02,8852,272940,5649,153012,3203,119925,0,3,5133,98953,3711,86928,5134,185881,California
San Francisco,2021-03-03,11005,283945,6320,159332,4684,124609,1,4,6013,99990,4980,91908,6017,191898,California
San Francisco,2021-03-04,8623,292568,5424,164756,3199,127808,0,4,4855,101083,3762,95670,4855,196753,California
San Francisco,2021-03-05,8664,301232,5130,169886,3531,131339,3,7,5444,103327,3204,98874,5448,202201,California
San Francisco,2021-03-06,6860,308092,4415,174301,2238,133577,207,214,4209,105077,2663,101537,4413,206614,California
San Francisco,2021-03-07,5120,313212,3974,178275,1089,134666,57,271,2880,105760,2254,103791,2937,209551,California
San Francisco,2021-03-08,7125,320337,5154,183429,1785,136451,186,457,5574,109937,1583,105374,5760,215311,California
San Francisco,2021-03-09,6704,327041,3933,187362,2397,138848,374,831,4577,112750,2134,107508,4947,220258,California
San Francisco,2021-03-10,10381,337422,5873,193235,4011,142859,497,1328,6345,115577,4017,111525,6844,227102,California
San Francisco,2021-03-11,10026,347448,6343,199578,2724,145583,959,2287,6582,119683,3428,114953,7534,234636,California
San Francisco,2021-03-12,10707,358155,6244,205822,3154,148737,1309,3596,5952,122210,4731,119684,7258,241894,California
San Francisco,2021-03-13,6572,364727,3836,209658,1684,150421,1052,4648,4072,124841,2492,122176,5123,247017,California
San Francisco,2021-03-14,7480,372207,4841,214499,2403,152824,236,4884,4039,125687,3429,125605,4275,251292,California
San Francisco,2021-03-15,11905,384112,9079,223578,1892,154716,934,5818,8243,131208,3649,129254,9170,260462,California
San Francisco,2021-03-16,12037,396149,8173,231751,3407,158123,457,6275,8758,137158,3264,132518,9214,269676,California
San Francisco,2021-03-17,13147,409296,8119,239870,4486,162609,542,6817,9502,143579,3619,136137,10040,279716,California
San Francisco,2021-03-18,9946,419242,6731,246601,2594,165203,621,7438,5661,145598,4260,140397,6279,285995,California
San Francisco,2021-03-19,12008,431250,8692,255293,2853,168056,463,7901,6393,146859,5591,145988,6852,292847,California
San Francisco,2021-03-20,8693,439943,6375,261668,1859,169915,459,8360,5181,149017,3483,149471,5641,298488,California
San Francisco,2021-03-21,6445,446388,5894,267562,417,170332,134,8494,3682,150083,2750,152221,3816,302304,California
San Francisco,2021-03-22,9702,456090,6816,274378,2045,172377,841,9335,5109,151458,4571,156792,5946,308250,California
San Francisco,2021-03-23,11121,467211,7347,281725,3127,175504,647,9982,6697,154405,4394,161186,7341,315591,California
San Francisco,2021-03-24,12276,479487,9392,291117,2349,177853,535,10517,6350,155400,5887,167073,6882,322473,California
San Francisco,2021-03-25,11765,491252,8633,299750,2570,180423,562,11079,5891,156039,5810,172883,6449,328922,California
San Francisco,2021-03-26,11833,503085,8182,307932,3421,183844,230,11309,6102,156668,5700,178583,6329,335251,California
San Francisco,2021-03-27,8608,511693,5737,313669,2526,186370,345,11654,3907,156236,4683,183266,4251,339502,California
San Francisco,2021-03-28,6570,518263,5240,318909,1288,187658,42,11696,3160,156048,3387,186653,3199,342701,California
San Francisco,2021-03-29,11362,529625,7861,326770,3318,190976,183,11879,5130,155153,6207,192860,5312,348013,California
San Francisco,2021-03-30,11490,541115,7171,333941,4029,195005,290,12169,6878,157734,4586,197446,7167,355180,California
San Francisco,2021-03-31,12090,553205,8023,341964,3772,198777,295,12464,5560,157083,6501,203947,5850,361030,California
San Francisco,2021-04-01,13663,566868,7263,349227,4766,203543,1634,14098,5940,156959,7695,211642,7571,368601,California
San Francisco,2021-04-02,14570,581438,6418,355645,6344,209887,1808,15906,6865,157943,7686,219328,8670,377271,California
San Francisco,2021-04-03,10364,591802,4767,360412,3811,213698,1786,17692,4798,158970,5554,224882,6581,383852,California
San Francisco,2021-04-04,8983,600785,4749,365161,2582,216280,1652,19344,3609,158870,5362,230244,5262,389114,California
San Francisco,2021-04-05,15884,616669,9732,374893,4278,220558,1874,21218,6356,157591,9507,239751,8228,397342,California
San Francisco,2021-04-06,15917,632586,9424,384317,4440,224998,2053,23271,6247,156235,9651,249402,8295,405637,California
San Francisco,2021-04-07,16617,649203,9967,394284,4433,229431,2217,25488,6974,155789,9624,259026,9178,414815,California
San Francisco,2021-04-08,14028,663231,6691,400975,2963,232394,4374,29862,4619,155383,9382,268408,8976,423791,California
San Francisco,2021-04-09,15674,678905,7584,408559,4757,237151,3333,33195,6682,156420,8964,277372,10001,433792,California
San Francisco,2021-04-10,13051,691956,5655,414214,5777,242928,1619,34814,7100,159204,5927,283299,8711,442503,California
San Francisco,2021-04-11,9958,701914,7452,421666,1338,244266,1168,35982,5195,160813,4751,288050,6360,448863,California
San Francisco,2021-04-12,10551,712465,6869,428535,2555,246821,1127,37109,4880,161170,5647,293697,6004,454867,California
San Francisco,2021-04-13,10654,723119,7260,435795,3383,250204,11,37120,5412,161376,5220,298917,5426,460293,California
San Francisco,2021-04-14,13253,736372,7991,443786,5261,255465,1,37121,6443,161041,6779,305696,6444,466737,California
San Francisco,2021-04-15,13560,749932,9403,453189,4156,259621,1,37122,8008,163528,5526,311222,8013,474750,California
San Francisco,2021-04-16,12904,762836,8675,461864,4186,263807,43,37165,7667,166034,5210,316432,7716,482466,California
San Francisco,2021-04-17,9925,772761,7237,469101,2688,266495,0,37165,7022,170171,2888,319320,7025,489491,California
San Francisco,2021-04-18,6545,779306,4999,474100,1545,268040,1,37166,4061,171770,2465,321785,4064,493555,California
San Francisco,2021-04-19,10774,790080,8098,482198,2671,270711,5,37171,6947,174920,3812,325597,6962,500517,California
San Francisco,2021-04-20,12285,802365,7179,489377,5105,275816,1,37172,8510,179677,3756,329353,8513,509030,California
San Francisco,2021-04-21,10533,812898,7544,496921,2985,278801,4,37176,6479,182135,4028,333381,6486,515516,California
San Francisco,2021-04-22,10509,823407,7807,504728,2702,281503,0,37176,6151,183956,4336,337717,6157,521673,California
San Francisco,2021-04-23,9775,833182,5722,510450,4053,285556,0,37176,5846,185907,3900,341617,5851,527524,California
San Francisco,2021-04-24,6379,839561,4332,514782,2047,287603,0,37176,3899,187359,2461,344078,3913,531437,California
San Francisco,2021-04-25,3990,843551,3504,518286,484,288087,2,37178,2539,188459,1445,345523,2545,533982,California
San Francisco,2021-04-26,6394,849945,4474,522760,1911,289998,9,37187,3216,188535,3159,348682,3235,537217,California
San Francisco,2021-04-27,6356,856301,4214,526974,2020,292018,122,37309,3064,188455,3272,351954,3192,540409,California
San Francisco,2021-04-28,5236,861537,3557,530531,1660,293678,19,37328,2688,188649,2526,354480,2720,543129,California
San Joaquin,2020-12-15,12,12,12,12,0,0,0,0,12,12,0,0,12,12,California
San Joaquin,2020-12-16,305,317,305,317,0,0,0,0,305,317,0,0,305,317,California
San Joaquin,2020-12-17,311,628,311,628,0,0,0,0,311,628,0,0,311,628,California
San Joaquin,2020-12-18,519,1147,515,1143,4,4,0,0,519,1147,0,0,519,1147,California
San Joaquin,2020-12-19,189,1336,189,1332,0,4,0,0,189,1336,0,0,189,1336,California
San Joaquin,2020-12-20,112,1448,111,1443,1,5,0,0,112,1448,0,0,112,1448,California
San Joaquin,2020-12-21,497,1945,496,1939,1,6,0,0,497,1945,0,0,497,1945,California
San Joaquin,2020-12-22,963,2908,843,2782,120,126,0,0,962,2907,0,0,962,2907,California
San Joaquin,2020-12-23,956,3864,898,3680,58,184,0,0,954,3861,0,0,954,3861,California
San Joaquin,2020-12-24,214,4078,186,3866,28,212,0,0,213,4074,0,0,213,4074,California
San Joaquin,2020-12-25,14,4092,14,3880,0,212,0,0,14,4088,0,0,14,4088,California
San Joaquin,2020-12-26,101,4193,29,3909,72,284,0,0,101,4189,0,0,101,4189,California
San Joaquin,2020-12-27,41,4234,29,3938,12,296,0,0,41,4230,0,0,41,4230,California
San Joaquin,2020-12-28,619,4853,419,4357,200,496,0,0,619,4849,0,0,619,4849,California
San Joaquin,2020-12-29,794,5647,668,5025,126,622,0,0,794,5643,0,0,794,5643,California
San Joaquin,2020-12-30,1004,6651,713,5738,291,913,0,0,1002,6645,0,0,1002,6645,California
San Joaquin,2020-12-31,451,7102,202,5940,249,1162,0,0,452,7097,0,0,452,7097,California
San Joaquin,2021-01-01,17,7119,10,5950,7,1169,0,0,17,7114,0,0,17,7114,California
San Joaquin,2021-01-02,261,7380,239,6189,22,1191,0,0,261,7375,0,0,261,7375,California
San Joaquin,2021-01-03,37,7417,19,6208,18,1209,0,0,36,7410,1,1,36,7411,California
San Joaquin,2021-01-04,470,7887,335,6543,135,1344,0,0,468,7877,1,2,468,7879,California
San Joaquin,2021-01-05,972,8859,643,7186,329,1673,0,0,805,8550,168,170,841,8720,California
San Joaquin,2021-01-06,1212,10071,700,7886,512,2185,0,0,911,9167,297,467,914,9634,California
San Joaquin,2021-01-07,1063,11134,667,8553,396,2581,0,0,776,9660,284,751,777,10411,California
San Joaquin,2021-01-08,1192,12326,817,9370,375,2956,0,0,710,9893,481,1232,714,11125,California
San Joaquin,2021-01-09,376,12702,300,9670,76,3032,0,0,247,10011,129,1361,247,11372,California
San Joaquin,2021-01-10,222,12924,114,9784,108,3140,0,0,170,10129,52,1413,170,11542,California
San Joaquin,2021-01-11,1514,14438,1311,11095,203,3343,0,0,855,10383,658,2071,912,12454,California
San Joaquin,2021-01-12,1416,15854,1014,12109,402,3745,0,0,651,10343,761,2832,721,13175,California
San Joaquin,2021-01-13,1459,17313,834,12943,625,4370,0,0,941,10772,517,3349,946,14121,California
San Joaquin,2021-01-14,1642,18955,871,13814,771,5141,0,0,1307,11779,315,3664,1322,15443,California
San Joaquin,2021-01-15,1590,20545,619,14433,971,6112,0,0,1378,12967,198,3862,1386,16829,California
San Joaquin,2021-01-16,1134,21679,191,14624,943,7055,0,0,1107,14048,26,3888,1107,17936,California
San Joaquin,2021-01-17,1610,23289,131,14755,1479,8534,0,0,1573,15586,37,3925,1575,19511,California
San Joaquin,2021-01-18,735,24024,237,14992,498,9032,0,0,616,16087,115,4040,616,20127,California
San Joaquin,2021-01-19,1849,25873,884,15876,965,9997,0,0,1171,16590,674,4714,1177,21304,California
San Joaquin,2021-01-20,2068,27941,1276,17152,792,10789,0,0,1424,17379,640,5354,1429,22733,California
San Joaquin,2021-01-21,1953,29894,883,18035,1070,11859,0,0,1562,18562,384,5738,1567,24300,California
San Joaquin,2021-01-22,1952,31846,911,18946,1041,12900,0,0,1809,20236,138,5876,1812,26112,California
San Joaquin,2021-01-23,888,32734,402,19348,486,13386,0,0,605,20562,282,6158,608,26720,California
San Joaquin,2021-01-24,337,33071,132,19480,205,13591,0,0,317,20861,18,6176,317,27037,California
San Joaquin,2021-01-25,1971,35042,1129,20609,842,14433,0,0,1415,21727,553,6729,1419,28456,California
San Joaquin,2021-01-26,2140,37182,1112,21721,1028,15461,0,0,1537,22667,601,7330,1541,29997,California
San Joaquin,2021-01-27,1714,38896,762,22483,952,16413,0,0,1228,23418,483,7813,1234,31231,California
San Joaquin,2021-01-28,2010,40906,752,23235,1258,17671,0,0,1375,24163,633,8446,1378,32609,California
San Joaquin,2021-01-29,2127,43033,1034,24269,1093,18764,0,0,1784,25616,338,8784,1791,34400,California
San Joaquin,2021-01-30,2153,45186,347,24616,1806,20570,0,0,1978,27423,173,8957,1980,36380,California
San Joaquin,2021-01-31,1553,46739,176,24792,1377,21947,0,0,1493,28861,56,9013,1494,37874,California
San Joaquin,2021-02-01,2479,49218,1308,26100,1171,23118,0,0,1750,29886,728,9741,1753,39627,California
San Joaquin,2021-02-02,2574,51792,1161,27261,1413,24531,0,0,1964,31303,551,10292,1968,41595,California
San Joaquin,2021-02-03,3042,54834,1203,28464,1839,26370,0,0,2185,32641,851,11143,2189,43784,California
San Joaquin,2021-02-04,3421,58255,1703,30167,1718,28088,0,0,2618,34464,797,11940,2620,46404,California
San Joaquin,2021-02-05,3202,61457,1853,32020,1349,29437,0,0,2348,35967,848,12788,2351,48755,California
San Joaquin,2021-02-06,1118,62575,786,32806,332,29769,0,0,944,36741,172,12960,946,49701,California
San Joaquin,2021-02-07,612,63187,486,33292,126,29895,0,0,411,36959,194,13154,412,50113,California
San Joaquin,2021-02-08,1767,64954,1029,34321,738,30633,0,0,1440,38096,306,13460,1443,51556,California
San Joaquin,2021-02-09,2083,67037,1132,35453,951,31584,0,0,1556,39196,457,13917,1557,53113,California
San Joaquin,2021-02-10,2546,69583,1251,36704,1295,32879,0,0,1333,39345,1184,15101,1333,54446,California
San Joaquin,2021-02-11,2915,72498,1496,38200,1419,34298,0,0,1706,39876,1180,16281,1711,56157,California
San Joaquin,2021-02-12,2791,75289,1120,39320,1671,35969,0,0,1582,40265,1197,17478,1586,57743,California
San Joaquin,2021-02-13,2103,77392,394,39714,1709,37678,0,0,844,39866,1249,18727,850,58593,California
San Joaquin,2021-02-14,1893,79285,259,39973,1634,39312,0,0,686,39368,1185,19912,687,59280,California
San Joaquin,2021-02-15,1965,81250,831,40804,1134,40446,0,0,1194,39822,744,20656,1198,60478,California
San Joaquin,2021-02-16,3139,84389,1367,42171,1772,42218,0,0,1742,40185,1385,22041,1748,62226,California
San Joaquin,2021-02-17,3251,87640,1259,43430,1992,44210,0,0,1855,40660,1384,23425,1859,64085,California
San Joaquin,2021-02-18,3308,90948,1362,44792,1946,46156,0,0,1890,41164,1393,24818,1897,65982,California
San Joaquin,2021-02-19,4148,95096,2310,47102,1838,47994,0,0,2367,41785,1747,26565,2368,68350,California
San Joaquin,2021-02-20,1529,96625,646,47748,883,48877,0,0,1056,42369,472,27037,1056,69406,California
San Joaquin,2021-02-21,630,97255,476,48224,154,49031,0,0,398,42539,229,27266,399,69805,California
San Joaquin,2021-02-22,3498,100753,2466,50690,1032,50063,0,0,2511,44098,957,28223,2516,72321,California
San Joaquin,2021-02-23,4242,104995,2568,53258,1674,51737,0,0,2611,45106,1607,29830,2615,74936,California
San Joaquin,2021-02-24,5653,110648,3360,56618,2293,54030,0,0,4080,47636,1554,31384,4084,79020,California
San Joaquin,2021-02-25,6258,116906,3863,60481,2395,56425,0,0,4042,49501,2187,33571,4052,83072,California
San Joaquin,2021-02-26,5388,122294,2831,63312,2557,58982,0,0,3718,51583,1644,35215,3726,86798,California
San Joaquin,2021-02-27,5407,127701,1606,64918,3801,62783,0,0,2595,51425,2767,37982,2609,89407,California
San Joaquin,2021-02-28,3033,130734,1087,66005,1946,64729,0,0,1994,52397,1025,39007,1997,91404,California
San Joaquin,2021-03-01,4040,134774,1773,67778,2267,66996,0,0,2283,52947,1742,40749,2292,93696,California
San Joaquin,2021-03-02,4138,138912,1649,69427,2489,69485,0,0,2595,54073,1526,42275,2652,96348,California
San Joaquin,2021-03-03,5670,144582,3389,72816,2279,71764,2,2,4085,56596,1564,43839,4087,100435,California
San Joaquin,2021-03-04,5633,150215,2235,75051,3395,75159,3,5,3683,58347,1940,45779,3691,104126,California
San Joaquin,2021-03-05,4381,154596,1856,76907,2522,77681,3,8,3024,60032,1345,47124,3030,107156,California
San Joaquin,2021-03-06,3270,157866,2159,79066,982,78663,129,137,2694,62284,574,47698,2826,109982,California
San Joaquin,2021-03-07,1199,159065,550,79616,604,79267,45,182,921,62975,262,47960,953,110935,California
San Joaquin,2021-03-08,3060,162125,1244,80860,1692,80959,124,306,2060,64167,991,48951,2183,113118,California
San Joaquin,2021-03-09,3944,166069,1774,82634,2044,83003,126,432,2612,65590,1318,50269,2741,115859,California
San Joaquin,2021-03-10,4606,170675,2442,85076,2026,85029,138,570,3395,67925,1198,51467,3533,119392,California
San Joaquin,2021-03-11,4889,175564,2314,87390,1981,87010,594,1164,2909,69464,1969,53436,3508,122900,California
San Joaquin,2021-03-12,6217,181781,3103,90493,2783,89793,331,1495,4136,71874,2063,55499,4473,127373,California
San Joaquin,2021-03-13,3043,184824,1438,91931,1478,91271,127,1622,2286,73544,749,56248,2419,129792,California
San Joaquin,2021-03-14,2149,186973,667,92598,1180,92451,302,1924,1038,73781,1107,57355,1344,131136,California
San Joaquin,2021-03-15,6010,192983,3460,96058,2148,94599,402,2326,3157,74519,2833,60188,3571,134707,California
San Joaquin,2021-03-16,6760,199743,3836,99894,2672,97271,252,2578,3998,76026,2751,62939,4258,138965,California
San Joaquin,2021-03-17,7700,207443,4616,104510,3014,100285,70,2648,4289,77011,3384,66323,4369,143334,California
San Joaquin,2021-03-18,7563,215006,4448,108958,2613,102898,502,3150,3742,77477,3785,70108,4251,147585,California
San Joaquin,2021-03-19,7859,222865,4603,113561,2713,105611,543,3693,4760,79745,3081,73189,5349,152934,California
San Joaquin,2021-03-20,3635,226500,2102,115663,1292,106903,241,3934,1815,80006,1807,74996,2068,155002,California
San Joaquin,2021-03-21,2093,228593,1487,117150,400,107303,206,4140,1189,80546,898,75894,1438,156440,California
San Joaquin,2021-03-22,3923,232516,2006,119156,1502,108805,415,4555,2329,81711,1584,77478,2749,159189,California
San Joaquin,2021-03-23,5325,237841,2610,121766,2550,111355,165,4720,3697,83965,1613,79091,3867,163056,California
San Joaquin,2021-03-24,6764,244605,4192,125958,2485,113840,87,4807,3017,83352,3725,82816,3112,166168,California
San Joaquin,2021-03-25,5473,250078,3234,129192,2198,116038,41,4848,3263,84472,2191,85007,3311,169479,California
San Joaquin,2021-03-26,6102,256180,2514,131706,3439,119477,149,4997,3227,85011,2855,87862,3394,172873,California
San Joaquin,2021-03-27,4577,260757,2601,134307,1933,121410,43,5040,1804,84117,2756,90618,1862,174735,California
San Joaquin,2021-03-28,2673,263430,1768,136075,880,122290,25,5065,1283,84140,1373,91991,1396,176131,California
San Joaquin,2021-03-29,3968,267398,2125,138200,1821,124111,22,5087,2011,84252,1948,93939,2060,178191,California
San Joaquin,2021-03-30,6090,273488,3104,141304,2923,127034,63,5150,3403,85080,2663,96602,3491,181682,California
San Joaquin,2021-03-31,6507,279995,4099,145403,2349,129383,59,5209,3347,85367,3147,99749,3434,185116,California
San Joaquin,2021-04-01,6231,286226,2906,148309,3246,132629,79,5288,2762,84815,3459,103208,2907,188023,California
San Joaquin,2021-04-02,6239,292465,2836,151145,2915,135544,488,5776,2479,84081,3741,106949,3007,191030,California
San Joaquin,2021-04-03,4097,296562,2318,153463,1455,136999,324,6100,1983,84301,2098,109047,2318,193348,California
San Joaquin,2021-04-04,2240,298802,1328,154791,710,137709,202,6302,1526,85329,709,109756,1737,195085,California
San Joaquin,2021-04-05,4302,303104,2716,157507,1419,139128,167,6469,2522,86261,1773,111529,2705,197790,California
San Joaquin,2021-04-06,6912,310016,4429,161936,2224,141352,259,6728,3280,86199,3612,115141,3550,201340,California
San Joaquin,2021-04-07,8176,318192,4413,166349,2195,143547,1568,8296,3403,86426,4760,119901,4987,206327,California
San Joaquin,2021-04-08,8565,326757,4623,170972,1935,145482,2007,10303,3267,86427,5278,125179,5279,211606,California
San Joaquin,2021-04-09,8526,335283,4019,174991,2964,148446,1543,11846,3048,85581,5458,130637,4612,216218,California
San Joaquin,2021-04-10,5108,340391,1598,176589,1623,150069,1887,13733,1697,85758,3406,134043,3583,219801,California
San Joaquin,2021-04-11,3976,344367,1524,178113,1297,151366,1155,14888,1685,86317,2277,136320,2836,222637,California
San Joaquin,2021-04-12,5497,349864,2248,180361,2031,153397,1218,16106,2200,86461,3280,139600,3424,226061,California
San Joaquin,2021-04-13,7315,357179,4226,184587,3086,156483,3,16109,4467,88107,2832,142432,4478,230539,California
San Joaquin,2021-04-14,7011,364190,3481,188068,3530,160013,0,16109,4125,89372,2868,145300,4133,234672,California
San Joaquin,2021-04-15,7295,371485,4171,192239,3124,163137,0,16109,3969,90052,3294,148594,3974,238646,California
San Joaquin,2021-04-16,6850,378335,3472,195711,3375,166512,3,16112,3985,91211,2839,151433,3998,242644,California
San Joaquin,2021-04-17,4886,383221,2563,198274,2323,168835,0,16112,3417,93184,1461,152894,3434,246078,California
San Joaquin,2021-04-18,2414,385635,1330,199604,1084,169919,0,16112,1292,93375,1108,154002,1299,247377,California
San Joaquin,2021-04-19,4844,390479,2503,202107,2341,172260,0,16112,2503,93570,2318,156320,2513,249890,California
San Joaquin,2021-04-20,5982,396461,3076,205183,2906,175166,0,16112,2869,93359,3091,159411,2880,252770,California
San Joaquin,2021-04-21,5216,401677,2746,207929,2469,177635,1,16113,2860,93917,2309,161720,2867,255637,California
San Joaquin,2021-04-22,5088,406765,2970,210899,2118,179753,0,16113,2929,94724,2131,163851,2938,258575,California
San Joaquin,2021-04-23,5588,412353,2638,213537,2950,182703,0,16113,3527,96212,2046,165897,3534,262109,California
San Joaquin,2021-04-24,4351,416704,2876,216413,1474,184177,1,16114,2868,97617,1470,167367,2875,264984,California
San Joaquin,2021-04-25,2258,418962,1841,218254,417,184594,0,16114,1515,98405,731,168098,1519,266503,California
San Joaquin,2021-04-26,3040,422002,1921,220175,1119,185713,0,16114,1543,98468,1485,169583,1548,268051,California
San Joaquin,2021-04-27,2773,424775,1762,221937,964,186677,47,16161,1144,98054,1618,171201,1204,269255,California
San Joaquin,2021-04-28,1344,426119,805,222742,537,187214,2,16163,696,98604,646,171847,1196,270451,California
San Luis Obispo,2020-12-16,4,4,4,4,0,0,0,0,4,4,0,0,4,4,California
San Luis Obispo,2020-12-17,196,200,196,200,0,0,0,0,196,200,0,0,196,200,California
San Luis Obispo,2020-12-18,224,424,224,424,0,0,0,0,224,424,0,0,224,424,California
San Luis Obispo,2020-12-19,162,586,162,586,0,0,0,0,162,586,0,0,162,586,California
San Luis Obispo,2020-12-20,215,801,215,801,0,0,0,0,215,801,0,0,215,801,California
San Luis Obispo,2020-12-21,549,1350,549,1350,0,0,0,0,549,1350,0,0,549,1350,California
San Luis Obispo,2020-12-22,307,1657,303,1653,4,4,0,0,307,1657,0,0,307,1657,California
San Luis Obispo,2020-12-23,680,2337,367,2020,313,317,0,0,680,2337,0,0,680,2337,California
San Luis Obispo,2020-12-24,194,2531,19,2039,175,492,0,0,194,2531,0,0,194,2531,California
San Luis Obispo,2020-12-25,2,2533,1,2040,1,493,0,0,2,2533,0,0,2,2533,California
San Luis Obispo,2020-12-26,90,2623,12,2052,78,571,0,0,90,2623,0,0,90,2623,California
San Luis Obispo,2020-12-27,76,2699,0,2052,76,647,0,0,76,2699,0,0,76,2699,California
San Luis Obispo,2020-12-28,879,3578,430,2482,449,1096,0,0,879,3578,0,0,879,3578,California
San Luis Obispo,2020-12-29,903,4481,502,2984,401,1497,0,0,903,4481,0,0,903,4481,California
San Luis Obispo,2020-12-30,1174,5655,681,3665,493,1990,0,0,1174,5655,0,0,1174,5655,California
San Luis Obispo,2020-12-31,106,5761,4,3669,102,2092,0,0,106,5761,0,0,106,5761,California
San Luis Obispo,2021-01-01,13,5774,8,3677,5,2097,0,0,13,5774,0,0,13,5774,California
San Luis Obispo,2021-01-02,33,5807,8,3685,25,2122,0,0,33,5807,0,0,33,5807,California
San Luis Obispo,2021-01-03,16,5823,6,3691,10,2132,0,0,16,5823,0,0,16,5823,California
San Luis Obispo,2021-01-04,676,6499,524,4215,152,2284,0,0,676,6499,0,0,676,6499,California
San Luis Obispo,2021-01-05,974,7473,756,4971,218,2502,0,0,972,7469,2,2,972,7471,California
San Luis Obispo,2021-01-06,724,8197,480,5451,244,2746,0,0,716,8178,7,9,716,8187,California
San Luis Obispo,2021-01-07,1127,9324,949,6400,178,2924,0,0,685,8421,442,451,685,8872,California
San Luis Obispo,2021-01-08,881,10205,804,7204,77,3001,0,0,512,8565,368,819,512,9384,California
San Luis Obispo,2021-01-09,205,10410,196,7400,9,3010,0,0,28,8416,177,996,28,9412,California
San Luis Obispo,2021-01-10,12,10422,8,7408,4,3014,0,0,8,8420,4,1000,8,9420,California
San Luis Obispo,2021-01-11,526,10948,475,7883,51,3065,0,0,265,8425,260,1260,265,9685,California
San Luis Obispo,2021-01-12,597,11545,379,8262,218,3283,0,0,320,8468,277,1537,320,10005,California
San Luis Obispo,2021-01-13,882,12427,254,8516,628,3911,0,0,644,8876,236,1773,644,10649,California
San Luis Obispo,2021-01-14,730,13157,244,8760,486,4397,0,0,605,9369,112,1885,605,11254,California
San Luis Obispo,2021-01-15,729,13886,287,9047,442,4839,0,0,554,9753,170,2055,554,11808,California
San Luis Obispo,2021-01-16,99,13985,81,9128,18,4857,0,0,94,9842,5,2060,94,11902,California
San Luis Obispo,2021-01-17,67,14052,61,9189,6,4863,0,0,67,9909,0,2060,67,11969,California
San Luis Obispo,2021-01-18,1372,15424,389,9578,983,5846,0,0,1110,10757,262,2322,1110,13079,California
San Luis Obispo,2021-01-19,1585,17009,418,9996,1167,7013,0,0,1177,11526,408,2730,1177,14256,California
San Luis Obispo,2021-01-20,1883,18892,596,10592,1287,8300,0,0,1293,12232,588,3318,1294,15550,California
San Luis Obispo,2021-01-21,1570,20462,466,11058,1104,9404,0,0,1197,13061,369,3687,1198,16748,California
San Luis Obispo,2021-01-22,1521,21983,508,11566,1013,10417,0,0,1206,13954,313,4000,1206,17954,California
San Luis Obispo,2021-01-23,311,22294,293,11859,18,10435,0,0,295,14233,16,4016,295,18249,California
San Luis Obispo,2021-01-24,245,22539,238,12097,7,10442,0,0,239,14466,6,4022,239,18488,California
San Luis Obispo,2021-01-25,2071,24610,606,12703,1465,11907,0,0,1243,14881,828,4850,1243,19731,California
San Luis Obispo,2021-01-26,2003,26613,703,13406,1300,13207,0,0,1136,15150,867,5717,1136,20867,California
San Luis Obispo,2021-01-27,1612,28225,283,13689,1329,14536,0,0,1151,15840,461,6178,1151,22018,California
San Luis Obispo,2021-01-28,1484,29709,342,14031,1142,15678,0,0,1224,16805,259,6437,1224,23242,California
San Luis Obispo,2021-01-29,1734,31443,681,14712,1053,16731,0,0,1450,17971,284,6721,1450,24692,California
San Luis Obispo,2021-01-30,37,31480,18,14730,19,16750,0,0,26,17987,10,6731,26,24718,California
San Luis Obispo,2021-01-31,26,31506,20,14750,6,16756,0,0,23,18007,3,6734,23,24741,California
San Luis Obispo,2021-02-01,1665,33171,704,15454,961,17717,0,0,1396,19135,268,7002,1396,26137,California
San Luis Obispo,2021-02-02,1895,35066,676,16130,1219,18936,0,0,1521,20282,374,7376,1521,27658,California
San Luis Obispo,2021-02-03,1701,36767,727,16857,974,19910,0,0,1289,21159,412,7788,1289,28947,California
San Luis Obispo,2021-02-04,1656,38423,800,17657,856,20766,0,0,1089,21681,567,8355,1089,30036,California
San Luis Obispo,2021-02-05,1604,40027,717,18374,887,21653,0,0,1060,22197,545,8900,1061,31097,California
San Luis Obispo,2021-02-06,159,40186,92,18466,67,21720,0,0,93,22224,66,8966,93,31190,California
San Luis Obispo,2021-02-07,144,40330,99,18565,45,21765,0,0,74,22229,70,9036,75,31265,California
San Luis Obispo,2021-02-08,853,41183,468,19033,385,22150,0,0,495,22367,357,9393,495,31760,California
San Luis Obispo,2021-02-09,1122,42305,448,19481,674,22824,0,0,541,22340,575,9968,548,32308,California
San Luis Obispo,2021-02-10,1428,43733,486,19967,942,23766,0,0,521,21960,904,10872,524,32832,California
San Luis Obispo,2021-02-11,1330,45063,844,20811,486,24252,0,0,655,21943,672,11544,655,33487,California
San Luis Obispo,2021-02-12,787,45850,363,21174,424,24676,0,0,417,21990,370,11914,417,33904,California
San Luis Obispo,2021-02-13,390,46240,124,21298,266,24942,0,0,284,22169,105,12019,284,34188,California
San Luis Obispo,2021-02-14,317,46557,42,21340,275,25217,0,0,280,22413,37,12056,281,34469,California
San Luis Obispo,2021-02-15,724,47281,137,21477,587,25804,0,0,467,22626,254,12310,467,34936,California
San Luis Obispo,2021-02-16,2960,50241,1194,22671,1766,27570,0,0,1358,22388,1596,13906,1358,36294,California
San Luis Obispo,2021-02-17,2773,53014,1237,23908,1536,29106,0,0,1029,21682,1735,15641,1029,37323,California
San Luis Obispo,2021-02-18,2810,55824,1445,25353,1365,30471,0,0,1121,21123,1681,17322,1122,38445,California
San Luis Obispo,2021-02-19,1452,57276,1332,26685,120,30591,0,0,1129,21930,322,17644,1129,39574,California
San Luis Obispo,2021-02-20,249,57525,79,26764,170,30761,0,0,213,22107,36,17680,213,39787,California
San Luis Obispo,2021-02-21,48,57573,45,26809,3,30764,0,0,29,22117,19,17699,29,39816,California
San Luis Obispo,2021-02-22,2402,59975,1858,28667,544,31308,0,0,1460,22636,942,18641,1461,41277,California
San Luis Obispo,2021-02-23,1856,61831,1740,30407,116,31424,0,0,1365,23511,490,19131,1365,42642,California
San Luis Obispo,2021-02-24,2644,64475,1301,31708,1343,32767,0,0,836,22541,1806,20937,836,43478,California
San Luis Obispo,2021-02-25,2130,66605,1243,32951,887,33654,0,0,1206,22831,917,21854,1207,44685,California
San Luis Obispo,2021-02-26,2644,69249,1149,34100,1495,35149,0,0,1325,22844,1312,23166,1325,46010,California
San Luis Obispo,2021-02-27,566,69815,340,34440,226,35375,0,0,520,23318,46,23212,520,46530,California
San Luis Obispo,2021-02-28,196,70011,72,34512,124,35499,0,0,163,23452,29,23241,163,46693,California
San Luis Obispo,2021-03-01,2955,72966,1842,36354,1112,36611,1,1,2034,24566,922,24163,2036,48729,California
San Luis Obispo,2021-03-02,2986,75952,1886,38240,1100,37711,0,1,1841,25267,1141,25304,1842,50571,California
San Luis Obispo,2021-03-03,2270,78222,330,38570,1940,39651,0,1,824,24652,1440,26744,825,51396,California
San Luis Obispo,2021-03-04,2174,80396,1147,39717,1027,40678,0,1,1166,24814,1006,27750,1168,52564,California
San Luis Obispo,2021-03-05,2292,82688,1017,40734,1205,41883,70,71,1287,25181,990,28740,1357,53921,California
San Luis Obispo,2021-03-06,831,83519,308,41042,416,42299,107,178,611,25673,220,28960,712,54633,California
San Luis Obispo,2021-03-07,199,83718,32,41074,83,42382,84,262,70,25700,128,29088,155,54788,California
San Luis Obispo,2021-03-08,2724,86442,752,41826,1658,44040,314,576,1541,26374,1180,30268,1854,56642,California
San Luis Obispo,2021-03-09,2915,89357,956,42782,1723,45763,236,812,1513,26725,1399,31667,1750,58392,California
San Luis Obispo,2021-03-10,3177,92534,1241,44023,1666,47429,270,1082,1814,27449,1360,33027,2084,60476,California
San Luis Obispo,2021-03-11,3093,95627,1271,45294,1520,48949,302,1384,1700,28066,1384,34411,2001,62477,California
San Luis Obispo,2021-03-12,3185,98812,1282,46576,1564,50513,339,1723,1577,28384,1600,36011,1918,64395,California
San Luis Obispo,2021-03-13,789,99601,259,46835,421,50934,109,1832,428,28560,360,36371,536,64931,California
San Luis Obispo,2021-03-14,513,100114,54,46889,348,51282,111,1943,135,28429,377,36748,246,65177,California
San Luis Obispo,2021-03-15,3046,103160,1096,47985,1852,53134,98,2041,1527,28538,1516,38264,1625,66802,California
San Luis Obispo,2021-03-16,2844,106004,1510,49495,1234,54368,100,2141,1448,28695,1390,39654,1547,68349,California
San Luis Obispo,2021-03-17,3422,109426,1448,50943,1712,56080,262,2403,1978,29498,1436,41090,2239,70588,California
San Luis Obispo,2021-03-18,2784,112210,1445,52388,1146,57226,193,2596,1334,29579,1446,42536,1527,72115,California
San Luis Obispo,2021-03-19,2585,114795,1565,53953,698,57924,322,2918,961,29244,1619,44155,1284,73399,California
San Luis Obispo,2021-03-20,827,115622,493,54446,298,58222,36,2954,381,29215,446,44601,417,73816,California
San Luis Obispo,2021-03-21,186,115808,45,54491,138,58360,3,2957,157,29346,29,44630,160,73976,California
San Luis Obispo,2021-03-22,2681,118489,1170,55661,1464,59824,47,3004,1863,30442,814,45444,1910,75886,California
San Luis Obispo,2021-03-23,3359,121848,2213,57874,1128,60952,18,3022,2265,31635,1090,46534,2283,78169,California
San Luis Obispo,2021-03-24,3480,125328,2128,60002,1282,62234,70,3092,2616,33461,859,47393,2685,80854,California
San Luis Obispo,2021-03-25,3657,128985,2282,62284,1363,63597,12,3104,2634,35086,1020,48413,2645,83499,California
San Luis Obispo,2021-03-26,3134,132119,1758,64042,955,64552,421,3525,1753,35884,1376,49789,2174,85673,California
San Luis Obispo,2021-03-27,993,133112,506,64548,392,64944,95,3620,450,35887,541,50330,544,86217,California
San Luis Obispo,2021-03-28,441,133553,151,64699,234,65178,56,3676,240,35982,201,50531,296,86513,California
San Luis Obispo,2021-03-29,2574,136127,1271,65970,1169,66347,134,3810,1656,36865,906,51437,1789,88302,California
San Luis Obispo,2021-03-30,3495,139622,1905,67875,1447,67794,143,3953,2343,38202,1147,52584,2484,90786,California
San Luis Obispo,2021-03-31,3808,143430,2444,70319,1217,69011,147,4100,2446,39442,1353,53937,2593,93379,California
San Luis Obispo,2021-04-01,3800,147230,2424,72743,1282,70293,94,4194,2686,41116,1105,55042,2779,96158,California
San Luis Obispo,2021-04-02,1714,148944,682,73425,721,71014,311,4505,917,41548,795,55837,1227,97385,California
San Luis Obispo,2021-04-03,1087,150031,552,73977,408,71422,127,4632,472,41537,610,56447,599,97984,California
San Luis Obispo,2021-04-04,378,150409,130,74107,208,71630,40,4672,231,41661,147,56594,271,98255,California
San Luis Obispo,2021-04-05,3595,154004,1946,76053,1539,73169,110,4782,2045,42267,1547,58141,2153,100408,California
San Luis Obispo,2021-04-06,3995,157999,2136,78189,1550,74719,309,5091,1938,42463,2051,60192,2247,102655,California
San Luis Obispo,2021-04-07,4250,162249,2334,80523,1576,76295,340,5431,2462,43490,1773,61965,2800,105455,California
San Luis Obispo,2021-04-08,3990,166239,2187,82710,1413,77708,390,5821,2168,44233,1815,63780,2558,108013,California
San Luis Obispo,2021-04-09,3595,169834,1709,84419,1145,78853,741,6562,1523,44430,2063,65843,2260,110273,California
San Luis Obispo,2021-04-10,1565,171399,556,84975,347,79200,662,7224,481,44488,1083,66926,1141,111414,California
San Luis Obispo,2021-04-11,312,171711,63,85038,186,79386,63,7287,125,44491,185,67111,188,111602,California
San Luis Obispo,2021-04-12,3346,175057,1694,86732,1489,80875,163,7450,1391,44090,1955,69066,1554,113156,California
San Luis Obispo,2021-04-13,3623,178680,2094,88826,1528,82403,1,7451,1957,44385,1664,70730,1959,115115,California
San Luis Obispo,2021-04-14,2817,181497,1676,90502,1138,83541,3,7454,1655,44891,1151,71881,1657,116772,California
San Luis Obispo,2021-04-15,3609,185106,2362,92864,1246,84787,1,7455,1927,45154,1665,73546,1928,118700,California
San Luis Obispo,2021-04-16,3597,188703,2190,95054,1404,86191,3,7458,1793,45149,1800,75346,1795,120495,California
San Luis Obispo,2021-04-17,1097,189800,432,95486,663,86854,2,7460,717,45489,379,75725,719,121214,California
San Luis Obispo,2021-04-18,317,190117,96,95582,220,87074,1,7461,108,45391,207,75932,109,121323,California
San Luis Obispo,2021-04-19,3056,193173,1285,96867,1733,88807,38,7499,1132,44641,1920,77852,1170,122493,California
San Luis Obispo,2021-04-20,3544,196717,1927,98794,1617,90424,0,7499,1376,43860,2157,80009,1376,123869,California
San Luis Obispo,2021-04-21,3551,200268,1578,100372,1973,92397,0,7499,1515,43354,2021,82030,1515,125384,California
San Luis Obispo,2021-04-22,3812,204080,1713,102085,2099,94496,0,7499,1330,42219,2468,84498,1333,126717,California
San Luis Obispo,2021-04-23,1327,205407,746,102831,577,95073,4,7503,588,42082,737,85235,600,127317,California
San Luis Obispo,2021-04-24,763,206170,247,103078,506,95579,10,7513,360,42053,399,85634,370,127687,California
San Luis Obispo,2021-04-25,315,206485,148,103226,167,95746,0,7513,102,41942,213,85847,102,127789,California
San Luis Obispo,2021-04-26,803,207288,288,103514,507,96253,8,7521,313,41777,485,86332,320,128109,California
San Luis Obispo,2021-04-27,2760,210048,1429,104943,1280,97533,51,7572,1050,41171,1707,88039,1101,129210,California
San Luis Obispo,2021-04-28,1385,211433,689,105632,686,98219,10,7582,462,40730,914,88953,473,129683,California
San Mateo,2020-12-15,26,26,26,26,0,0,0,0,26,26,0,0,26,26,California
San Mateo,2020-12-16,110,136,110,136,0,0,0,0,110,136,0,0,110,136,California
San Mateo,2020-12-17,163,299,163,299,0,0,0,0,163,299,0,0,163,299,California
San Mateo,2020-12-18,740,1039,738,1037,2,2,0,0,740,1039,0,0,740,1039,California
San Mateo,2020-12-19,510,1549,510,1547,0,2,0,0,510,1549,0,0,510,1549,California
San Mateo,2020-12-20,508,2057,507,2054,1,3,0,0,508,2057,0,0,508,2057,California
San Mateo,2020-12-21,1154,3211,1154,3208,0,3,0,0,1154,3211,0,0,1154,3211,California
San Mateo,2020-12-22,1516,4727,1509,4717,7,10,0,0,1516,4727,0,0,1516,4727,California
San Mateo,2020-12-23,1571,6298,1384,6101,187,197,0,0,1571,6298,0,0,1571,6298,California
San Mateo,2020-12-24,866,7164,609,6710,257,454,0,0,866,7164,0,0,866,7164,California
San Mateo,2020-12-25,114,7278,110,6820,4,458,0,0,114,7278,0,0,114,7278,California
San Mateo,2020-12-26,560,7838,417,7237,143,601,0,0,560,7838,0,0,560,7838,California
San Mateo,2020-12-27,306,8144,175,7412,131,732,0,0,306,8144,0,0,306,8144,California
San Mateo,2020-12-28,1049,9193,703,8115,346,1078,0,0,1049,9193,0,0,1049,9193,California
San Mateo,2020-12-29,1130,10323,705,8820,425,1503,0,0,1130,10323,0,0,1130,10323,California
San Mateo,2020-12-30,1263,11586,760,9580,503,2006,0,0,1263,11586,0,0,1263,11586,California
San Mateo,2020-12-31,717,12303,232,9812,485,2491,0,0,716,12301,1,1,716,12302,California
San Mateo,2021-01-01,45,12348,35,9847,10,2501,0,0,45,12346,0,1,45,12347,California
San Mateo,2021-01-02,398,12746,269,10116,129,2630,0,0,398,12744,0,1,398,12745,California
San Mateo,2021-01-03,281,13027,206,10322,75,2705,0,0,278,13019,3,4,278,13023,California
San Mateo,2021-01-04,1056,14083,682,11004,374,3079,0,0,1056,14075,0,4,1056,14079,California
San Mateo,2021-01-05,1200,15283,706,11710,494,3573,0,0,1171,15218,29,33,1172,15251,California
San Mateo,2021-01-06,1448,16731,951,12661,497,4070,0,0,1267,16307,179,212,1268,16519,California
San Mateo,2021-01-07,1451,18182,805,13466,646,4716,0,0,1162,17188,282,494,1163,17682,California
San Mateo,2021-01-08,1837,20019,1190,14656,647,5363,0,0,1140,17639,690,1184,1141,18823,California
San Mateo,2021-01-09,1180,21199,776,15432,404,5767,0,0,723,17905,457,1641,723,19546,California
San Mateo,2021-01-10,700,21899,571,16003,129,5896,0,0,266,17737,434,2075,266,19812,California
San Mateo,2021-01-11,2591,24490,1483,17486,1108,7004,0,0,1526,18199,1066,3141,1528,21340,California
San Mateo,2021-01-12,3280,27770,1770,19256,1510,8514,0,0,2099,19122,1179,4320,2102,23442,California
San Mateo,2021-01-13,3476,31246,1749,21005,1727,10241,0,0,2443,20535,1033,5353,2446,25888,California
San Mateo,2021-01-14,3777,35023,1582,22587,2195,12436,0,0,3093,22949,684,6037,3098,28986,California
San Mateo,2021-01-15,4332,39355,1710,24297,2622,15058,0,0,3804,26229,526,6563,3806,32792,California
San Mateo,2021-01-16,3085,42440,776,25073,2309,17367,0,0,2766,28676,319,6882,2766,35558,California
San Mateo,2021-01-17,1309,43749,308,25381,1001,18368,0,0,1101,29569,208,7090,1101,36659,California
San Mateo,2021-01-18,1364,45113,532,25913,832,19200,0,0,990,30192,371,7461,994,37653,California
San Mateo,2021-01-19,2795,47908,1783,27696,1012,20212,0,0,2004,31408,788,8249,2004,39657,California
San Mateo,2021-01-20,2658,50566,1403,29099,1255,21467,0,0,1812,32378,843,9092,1813,41470,California
San Mateo,2021-01-21,2825,53391,1280,30379,1545,23012,0,0,2244,34045,580,9672,2247,43717,California
San Mateo,2021-01-22,2788,56179,1130,31509,1658,24670,0,0,2489,36238,297,9969,2490,46207,California
San Mateo,2021-01-23,2881,59060,1688,33197,1193,25863,0,0,2518,38394,363,10332,2519,48726,California
San Mateo,2021-01-24,1518,60578,373,33570,1145,27008,0,0,1210,39297,307,10639,1210,49936,California
San Mateo,2021-01-25,4430,65008,3147,36717,1283,28291,0,0,3534,41939,894,11533,3536,53472,California
San Mateo,2021-01-26,4296,69304,2982,39699,1314,29605,0,0,3392,44428,903,12436,3392,56864,California
San Mateo,2021-01-27,2778,72082,1462,41161,1316,30921,0,0,1785,45228,986,13422,1786,58650,California
San Mateo,2021-01-28,2796,74878,1349,42510,1447,32368,0,0,1948,46345,833,14255,1950,60600,California
San Mateo,2021-01-29,2978,77856,1337,43847,1641,34009,0,0,2144,47662,831,15086,2148,62748,California
San Mateo,2021-01-30,3375,81231,1473,45320,1902,35911,0,0,2918,50125,456,15542,2919,65667,California
San Mateo,2021-01-31,1682,82913,898,46218,784,36695,0,0,1519,51483,161,15703,1519,67186,California
San Mateo,2021-02-01,2923,85836,1344,47562,1579,38274,0,0,2215,52995,704,16407,2216,69402,California
San Mateo,2021-02-02,3168,89004,1726,49288,1442,39716,0,0,2155,54140,1010,17417,2155,71557,California
San Mateo,2021-02-03,4875,93879,1944,51232,2931,42647,0,0,3823,56915,1049,18466,3824,75381,California
San Mateo,2021-02-04,6284,100163,2587,53819,3697,46344,0,0,4925,60490,1353,19819,4928,80309,California
San Mateo,2021-02-05,6789,106952,2552,56371,4237,50581,0,0,4963,63644,1809,21628,4963,85272,California
San Mateo,2021-02-06,3282,110234,1917,58288,1365,51946,0,0,2618,65601,663,22291,2620,87892,California
San Mateo,2021-02-07,1898,112132,1343,59631,555,52501,0,0,1711,67125,187,22478,1711,89603,California
San Mateo,2021-02-08,5277,117409,2245,61876,3032,55533,0,0,3102,68116,2111,24589,3102,92705,California
San Mateo,2021-02-09,6179,123588,3219,65095,2960,58493,0,0,3336,68613,2839,27428,3336,96041,California
San Mateo,2021-02-10,6499,130087,3271,68366,3228,61721,0,0,3542,69207,2948,30376,3542,99583,California
San Mateo,2021-02-11,7050,137137,3578,71944,3472,65193,0,0,3814,69798,3226,33602,3817,103400,California
San Mateo,2021-02-12,6618,143755,2952,74896,3666,68859,0,0,4705,72596,1909,35511,4707,108107,California
San Mateo,2021-02-13,6089,149844,3992,78888,2097,70956,0,0,2638,71787,3447,38958,2638,110745,California
San Mateo,2021-02-14,4627,154471,3015,81903,1612,72568,0,0,1977,71118,2647,41605,1978,112723,California
San Mateo,2021-02-15,3165,157636,1458,83361,1707,74275,0,0,1788,71534,1373,42978,1789,114512,California
San Mateo,2021-02-16,7147,164783,1872,85233,5275,79550,0,0,5284,74958,1862,44840,5286,119798,California
San Mateo,2021-02-17,7052,171835,1934,87167,5118,84668,0,0,5066,78045,1981,46821,5068,124866,California
San Mateo,2021-02-18,6684,178519,4623,91790,2061,86729,0,0,4444,80255,2236,49057,4446,129312,California
San Mateo,2021-02-19,7810,186329,5611,97401,2199,88928,0,0,5822,84095,1982,51039,5822,135134,California
San Mateo,2021-02-20,3730,190059,2414,99815,1316,90244,0,0,2306,84984,1417,52456,2306,137440,California
San Mateo,2021-02-21,2305,192364,1464,101279,841,91085,0,0,1259,85201,1042,53498,1259,138699,California
San Mateo,2021-02-22,4415,196779,3192,104471,1223,92308,0,0,2782,86356,1627,55125,2782,141481,California
San Mateo,2021-02-23,4285,201064,3041,107512,1244,93552,0,0,2480,87037,1799,56924,2480,143961,California
San Mateo,2021-02-24,7266,208330,3248,110760,4018,97570,0,0,4846,89468,2415,59339,4846,148807,California
San Mateo,2021-02-25,9076,217406,4005,114765,5071,102641,0,0,6011,92429,3050,62389,6011,154818,California
San Mateo,2021-02-26,9746,227152,3706,118471,6040,108681,0,0,6831,96360,2902,65291,6833,161651,California
San Mateo,2021-02-27,6680,233832,3412,121883,3267,111948,1,1,3631,96953,3044,68335,3637,165288,California
San Mateo,2021-02-28,4124,237956,2505,124388,1619,113567,0,1,2554,97943,1565,69900,2555,167843,California
San Mateo,2021-03-01,5623,243579,3513,127901,2110,115677,0,1,2781,97891,2833,72733,2781,170624,California
San Mateo,2021-03-02,5772,249351,3968,131869,1803,117480,1,2,3324,98777,2440,75173,3326,173950,California
San Mateo,2021-03-03,8314,257665,3890,135759,4423,121903,1,3,3597,97669,4706,79879,3598,177548,California
San Mateo,2021-03-04,8372,266037,3924,139683,4446,126349,2,5,3790,96897,4566,84445,3794,181342,California
San Mateo,2021-03-05,9069,275106,5975,145658,3091,129440,3,8,6408,100671,2641,87086,6415,187757,California
San Mateo,2021-03-06,7835,282941,5428,151086,2231,131671,176,184,5729,104478,2097,89183,5904,193661,California
San Mateo,2021-03-07,3465,286406,2311,153397,1087,132758,67,251,2004,105092,1457,90640,2071,195732,California
San Mateo,2021-03-08,4423,290829,2468,155865,1739,134497,216,467,3205,107304,1210,91850,3422,199154,California
San Mateo,2021-03-09,4536,295365,2112,157977,2151,136648,273,740,2996,109039,1533,93383,3268,202422,California
San Mateo,2021-03-10,6912,302277,2638,160615,3990,140638,284,1024,4564,111550,2336,95719,4847,207269,California
San Mateo,2021-03-11,9111,311388,5718,166333,3000,143638,393,1417,3700,110257,5385,101104,4092,211361,California
San Mateo,2021-03-12,10488,321876,6607,172940,3506,147144,375,1792,3496,107150,6978,108082,3871,215232,California
San Mateo,2021-03-13,8093,329969,3409,176349,3058,150202,1626,3418,3906,108502,4176,112258,5528,220760,California
San Mateo,2021-03-14,4933,334902,3299,179648,1527,151729,107,3525,2904,109490,2023,114281,3011,223771,California
San Mateo,2021-03-15,7117,342019,4571,184219,2370,154099,176,3701,3763,110081,3348,117629,3939,227710,California
San Mateo,2021-03-16,11898,353917,4355,188574,7420,161519,123,3824,4852,108027,7031,124660,4977,232687,California
San Mateo,2021-03-17,10780,364697,4355,192929,6301,167820,124,3948,4884,107166,5873,130533,5012,237699,California
San Mateo,2021-03-18,7218,371915,4022,196951,3013,170833,183,4131,4298,108729,2916,133449,4479,242178,California
San Mateo,2021-03-19,7352,379267,4711,201662,1974,172807,667,4798,3604,109261,3739,137188,4271,246449,California
San Mateo,2021-03-20,8276,387543,6432,208094,1510,174317,334,5132,5403,112140,2858,140046,5737,252186,California
San Mateo,2021-03-21,4142,391685,3120,211214,791,175108,231,5363,2342,112920,1790,141836,2570,254756,California
San Mateo,2021-03-22,5217,396902,3541,214755,1258,176366,418,5781,2864,113862,2340,144176,3282,258038,California
San Mateo,2021-03-23,9761,406663,4432,219187,5133,181499,196,5977,4650,113626,5082,149258,4846,262884,California
San Mateo,2021-03-24,9428,416091,5429,224616,3857,185356,142,6119,4100,112601,5264,154522,4239,267123,California
San Mateo,2021-03-25,9979,426070,4855,229471,4856,190212,268,6387,4398,111789,5481,160003,4669,271792,California
San Mateo,2021-03-26,11110,437180,7652,237123,3295,193507,163,6550,4441,109761,6633,166636,4605,276397,California
San Mateo,2021-03-27,10402,447582,7953,245076,2345,195852,104,6654,4672,108822,5712,172348,4773,281170,California
San Mateo,2021-03-28,4196,451778,2697,247773,1388,197240,111,6765,2089,108924,2099,174447,2201,283371,California
San Mateo,2021-03-29,6003,457781,3745,251518,2006,199246,252,7017,2849,108888,3137,177584,3101,286472,California
San Mateo,2021-03-30,7045,464826,3988,255506,2905,202151,152,7169,4457,110922,2575,180159,4609,291081,California
San Mateo,2021-03-31,7168,471994,4537,260043,2494,204645,137,7306,4039,111983,3115,183274,4176,295257,California
San Mateo,2021-04-01,10368,482362,5091,265134,4099,208744,1178,8484,5566,113959,4767,188041,6743,302000,California
San Mateo,2021-04-02,10589,492951,5057,270191,3973,212717,1559,10043,5545,116035,5026,193067,7102,309102,California
San Mateo,2021-04-03,9612,502563,5453,275644,2430,215147,1729,11772,4842,117841,4766,197833,6572,315674,California
San Mateo,2021-04-04,5372,507935,2584,278228,1543,216690,1245,13017,1697,117118,3665,201498,2942,318616,California
San Mateo,2021-04-05,8911,516846,4733,282961,2444,219134,1734,14751,3838,117627,5062,206560,5571,324187,California
San Mateo,2021-04-06,13044,529890,8161,291122,3035,222169,1848,16599,7444,121339,5588,212148,9300,333487,California
San Mateo,2021-04-07,11281,541171,5225,296347,4388,226557,1668,18267,4785,121310,6476,218624,6447,339934,California
San Mateo,2021-04-08,9971,551142,4983,301330,2435,228992,2553,20820,4423,122745,5535,224159,6970,346904,California
San Mateo,2021-04-09,11187,562329,5422,306752,3297,232289,2468,23288,5031,124097,6143,230302,7495,354399,California
San Mateo,2021-04-10,11090,573419,5647,312399,4028,236317,1415,24703,4594,123631,6473,236775,6007,360406,California
San Mateo,2021-04-11,6601,580020,3271,315670,883,237200,2447,27150,2325,124130,4270,241045,4769,365175,California
San Mateo,2021-04-12,7284,587304,4458,320128,1871,239071,955,28105,3542,124901,3727,244772,4498,369673,California
San Mateo,2021-04-13,8086,595390,5054,325182,3025,242096,7,28112,4286,125402,3795,248567,4296,373969,California
San Mateo,2021-04-14,8250,603640,5344,330526,2904,245000,2,28114,4311,125790,3929,252496,4317,378286,California
San Mateo,2021-04-15,10924,614564,7265,337791,3658,248658,1,28115,7167,129229,3731,256227,7170,385456,California
San Mateo,2021-04-16,9925,624489,6865,344656,3044,251702,16,28131,6318,131978,3591,259818,6340,391796,California
San Mateo,2021-04-17,9424,633913,6244,350900,3177,254879,3,28134,6037,134641,3379,263197,6042,397838,California
San Mateo,2021-04-18,5318,639231,2511,353411,2807,257686,0,28134,3597,136532,1712,264909,3603,401441,California
San Mateo,2021-04-19,8254,647485,5398,358809,2856,260542,0,28134,5347,138988,2898,267807,5354,406795,California
San Mateo,2021-04-20,10199,657684,5636,364445,4563,265105,0,28134,6560,141935,3623,271430,6570,413365,California
San Mateo,2021-04-21,8900,666584,5984,370429,2916,268021,0,28134,5534,144120,3356,274786,5541,418906,California
San Mateo,2021-04-22,8970,675554,6066,376495,2903,270924,1,28135,5145,145473,3798,278584,5151,424057,California
San Mateo,2021-04-23,8627,684181,5600,382095,3027,273951,0,28135,4985,146854,3619,282203,5000,429057,California
San Mateo,2021-04-24,9081,693262,6510,388605,2571,276522,0,28135,4886,147558,4187,286390,4891,433948,California
San Mateo,2021-04-25,4131,697393,2844,391449,1286,277808,1,28136,2899,149238,1226,287616,2906,436854,California
San Mateo,2021-04-26,5095,702488,3666,395115,1423,279231,6,28142,3004,150171,2087,289703,3020,439874,California
San Mateo,2021-04-27,9012,711500,6558,401673,2353,281584,101,28243,3272,147827,5721,295424,3377,443251,California
San Mateo,2021-04-28,4038,715538,2403,404076,1627,283211,8,28251,2022,147874,2008,297432,2055,445306,California
Santa Barbara,2020-12-15,2,2,2,2,0,0,0,0,2,2,0,0,2,2,California
Santa Barbara,2020-12-16,2,4,2,4,0,0,0,0,2,4,0,0,2,4,California
Santa Barbara,2020-12-17,53,57,53,57,0,0,0,0,53,57,0,0,53,57,California
Santa Barbara,2020-12-18,377,434,376,433,1,1,0,0,377,434,0,0,377,434,California
Santa Barbara,2020-12-19,325,759,325,758,0,1,0,0,325,759,0,0,325,759,California
Santa Barbara,2020-12-20,235,994,235,993,0,1,0,0,235,994,0,0,235,994,California
Santa Barbara,2020-12-21,651,1645,649,1642,2,3,0,0,651,1645,0,0,651,1645,California
Santa Barbara,2020-12-22,243,1888,241,1883,2,5,0,0,243,1888,0,0,243,1888,California
Santa Barbara,2020-12-23,320,2208,202,2085,118,123,0,0,320,2208,0,0,320,2208,California
Santa Barbara,2020-12-24,87,2295,40,2125,47,170,0,0,87,2295,0,0,87,2295,California
Santa Barbara,2020-12-26,326,2621,66,2191,260,430,0,0,326,2621,0,0,326,2621,California
Santa Barbara,2020-12-27,62,2683,1,2192,61,491,0,0,62,2683,0,0,62,2683,California
Santa Barbara,2020-12-28,355,3038,222,2414,133,624,0,0,355,3038,0,0,355,3038,California
Santa Barbara,2020-12-29,554,3592,361,2775,193,817,0,0,554,3592,0,0,554,3592,California
Santa Barbara,2020-12-30,587,4179,405,3180,182,999,0,0,587,4179,0,0,587,4179,California
Santa Barbara,2020-12-31,239,4418,113,3293,126,1125,0,0,239,4418,0,0,239,4418,California
Santa Barbara,2021-01-01,110,4528,108,3401,2,1127,0,0,110,4528,0,0,110,4528,California
Santa Barbara,2021-01-02,587,5115,223,3624,364,1491,0,0,587,5115,0,0,587,5115,California
Santa Barbara,2021-01-03,23,5138,15,3639,8,1499,0,0,23,5138,0,0,23,5138,California
Santa Barbara,2021-01-04,308,5446,245,3884,63,1562,0,0,307,5445,0,0,307,5445,California
Santa Barbara,2021-01-05,751,6197,378,4262,373,1935,0,0,724,6142,27,27,724,6169,California
Santa Barbara,2021-01-06,654,6851,275,4537,379,2314,0,0,595,6679,58,85,595,6764,California
Santa Barbara,2021-01-07,1030,7881,708,5245,322,2636,0,0,525,6703,501,586,525,7289,California
Santa Barbara,2021-01-08,1201,9082,839,6084,362,2998,0,0,708,6918,493,1079,708,7997,California
Santa Barbara,2021-01-09,566,9648,293,6377,273,3271,0,0,320,6992,246,1325,320,8317,California
Santa Barbara,2021-01-10,62,9710,50,6427,12,3283,0,0,46,7022,16,1341,46,8363,California
Santa Barbara,2021-01-11,837,10547,668,7095,169,3452,0,0,614,7414,222,1563,614,8977,California
Santa Barbara,2021-01-12,1426,11973,634,7729,792,4244,0,0,1270,8528,156,1719,1270,10247,California
Santa Barbara,2021-01-13,1228,13201,281,8010,947,5191,0,0,1102,9504,126,1845,1102,11349,California
Santa Barbara,2021-01-14,1250,14451,134,8144,1116,6307,0,0,1196,10648,53,1898,1197,12546,California
Santa Barbara,2021-01-15,1800,16251,419,8563,1381,7688,0,0,1719,12287,80,1978,1719,14265,California
Santa Barbara,2021-01-16,1273,17524,203,8766,1070,8758,0,0,1234,13483,38,2016,1234,15499,California
Santa Barbara,2021-01-17,123,17647,20,8786,103,8861,0,0,120,13600,3,2019,120,15619,California
Santa Barbara,2021-01-18,1152,18799,417,9203,735,9596,0,0,967,14382,185,2204,967,16586,California
Santa Barbara,2021-01-19,1638,20437,569,9772,1069,10665,0,0,1360,15465,277,2481,1360,17946,California
Santa Barbara,2021-01-20,1997,22434,445,10217,1552,12217,0,0,1703,16875,293,2774,1703,19649,California
Santa Barbara,2021-01-21,3087,25521,1819,12036,1268,13485,0,0,2931,19651,156,2930,2932,22581,California
Santa Barbara,2021-01-22,3000,28521,1851,13887,1149,14634,0,0,2855,22364,142,3072,2855,25436,California
Santa Barbara,2021-01-23,1735,30256,1106,14993,629,15263,0,0,1225,23080,509,3581,1225,26661,California
Santa Barbara,2021-01-24,844,31100,752,15745,92,15355,0,0,835,23906,9,3590,835,27496,California
Santa Barbara,2021-01-25,1240,32340,499,16244,741,16096,0,0,1001,24669,239,3829,1002,28498,California
Santa Barbara,2021-01-26,2043,34383,466,16710,1577,17673,0,0,1656,25940,385,4214,1656,30154,California
Santa Barbara,2021-01-27,1159,35542,398,17108,761,18434,0,0,902,26587,256,4470,903,31057,California
Santa Barbara,2021-01-28,896,36438,297,17405,599,19033,0,0,682,27059,211,4681,683,31740,California
Santa Barbara,2021-01-29,1332,37770,538,17943,794,19827,0,0,980,27692,349,5030,982,32722,California
Santa Barbara,2021-01-30,1890,39660,1418,19361,472,20299,0,0,1486,28777,401,5431,1486,34208,California
Santa Barbara,2021-01-31,1456,41116,1218,20579,238,20537,0,0,1417,30155,39,5470,1417,35625,California
Santa Barbara,2021-02-01,939,42055,517,21096,422,20959,0,0,551,30318,388,5858,551,36176,California
Santa Barbara,2021-02-02,1821,43876,699,21795,1122,22081,0,0,1046,30591,773,6631,1046,37222,California
Santa Barbara,2021-02-03,1943,45819,1079,22874,864,22945,0,0,1500,31658,433,7064,1500,38722,California
Santa Barbara,2021-02-04,2776,48595,1861,24735,915,23860,0,0,2481,33849,290,7354,2481,41203,California
Santa Barbara,2021-02-05,2906,51501,2060,26795,846,24706,0,0,2263,35470,642,7996,2263,43466,California
Santa Barbara,2021-02-06,1208,52709,339,27134,869,25575,0,0,796,35854,412,8408,796,44262,California
Santa Barbara,2021-02-07,299,53008,262,27396,37,25612,0,0,264,36084,34,8442,264,44526,California
Santa Barbara,2021-02-08,955,53963,311,27707,644,26256,0,0,669,36467,286,8728,669,45195,California
Santa Barbara,2021-02-09,2439,56402,314,28021,2125,28381,0,0,1121,36279,1309,10037,1121,46316,California
Santa Barbara,2021-02-10,2761,59163,1497,29518,1264,29645,0,0,804,35135,1948,11985,804,47120,California
Santa Barbara,2021-02-11,4181,63344,2806,32324,1375,31020,0,0,624,32209,3550,15535,624,47744,California
Santa Barbara,2021-02-12,3307,66651,948,33272,2359,33379,0,0,773,30453,2529,18064,773,48517,California
Santa Barbara,2021-02-13,1237,67888,341,33613,896,34275,0,0,562,30343,672,18736,562,49079,California
Santa Barbara,2021-02-14,331,68219,34,33647,297,34572,0,0,285,30582,46,18782,285,49364,California
Santa Barbara,2021-02-15,964,69183,337,33984,627,35199,0,0,491,30604,469,19251,491,49855,California
Santa Barbara,2021-02-16,2109,71292,396,34380,1713,36912,0,0,716,29931,1389,20640,716,50571,California
Santa Barbara,2021-02-17,1436,72728,322,34702,1114,38026,0,0,521,29539,913,21553,521,51092,California
Santa Barbara,2021-02-18,3252,75980,2647,37349,605,38631,0,0,1519,29359,1699,23252,1519,52611,California
Santa Barbara,2021-02-19,3603,79583,2648,39997,955,39586,0,0,2334,30427,1266,24518,2334,54945,California
Santa Barbara,2021-02-20,2219,81802,1432,41429,787,40373,0,0,1667,31551,543,25061,1667,56612,California
Santa Barbara,2021-02-21,125,81927,97,41526,28,40401,0,0,58,31542,67,25128,58,56670,California
Santa Barbara,2021-02-22,935,82862,244,41770,691,41092,0,0,262,31137,667,25795,262,56932,California
Santa Barbara,2021-02-23,3182,86044,1044,42814,2138,43230,0,0,419,28795,2761,28556,419,57351,California
Santa Barbara,2021-02-24,3196,89240,1087,43901,2109,45339,0,0,721,27051,2465,31021,721,58072,California
Santa Barbara,2021-02-25,3452,92692,1916,45817,1536,46875,0,0,984,25575,2461,33482,985,59057,California
Santa Barbara,2021-02-26,3666,96358,2176,47993,1490,48365,0,0,1982,25880,1677,35159,1982,61039,California
Santa Barbara,2021-02-27,1527,97885,561,48554,966,49331,0,0,846,26053,675,35834,848,61887,California
Santa Barbara,2021-02-28,1083,98968,220,48774,863,50194,0,0,892,26759,187,36021,893,62780,California
Santa Barbara,2021-03-01,1624,100592,461,49235,1163,51357,0,0,1080,27306,534,36555,1081,63861,California
Santa Barbara,2021-03-02,2611,103203,411,49646,2200,53557,0,0,2117,28941,483,37038,2118,65979,California
Santa Barbara,2021-03-03,4628,107831,2099,51745,2528,56085,1,1,4034,32395,584,37622,4038,70017,California
Santa Barbara,2021-03-04,3416,111247,2282,54027,1134,57219,0,1,2861,34708,548,38170,2861,72878,California
Santa Barbara,2021-03-05,3804,115051,2155,56182,1590,58809,59,60,3082,37133,716,38886,3141,76019,California
Santa Barbara,2021-03-06,2437,117488,726,56908,1492,60301,219,279,1671,38260,762,39648,1889,77908,California
Santa Barbara,2021-03-07,557,118045,122,57030,307,60608,128,407,381,38595,175,39823,510,78418,California
Santa Barbara,2021-03-08,1572,119617,376,57406,854,61462,342,749,792,38955,774,40597,1134,79552,California
Santa Barbara,2021-03-09,2767,122384,324,57730,1673,63135,770,1519,718,38393,2046,42643,1484,81036,California
Santa Barbara,2021-03-10,2752,125136,545,58275,1160,64295,1047,2566,1034,38761,1713,44356,2081,83117,California
Santa Barbara,2021-03-11,5574,130710,3032,61307,1428,65723,1114,3680,2279,38867,3283,47639,3389,86506,California
Santa Barbara,2021-03-12,3656,134366,2095,63402,1133,66856,428,4108,2172,39989,1476,49115,2598,89104,California
Santa Barbara,2021-03-13,3471,137837,1922,65324,1340,68196,209,4317,2695,42119,775,49890,2905,92009,California
Santa Barbara,2021-03-14,777,138614,367,65691,353,68549,57,4374,459,42317,318,50208,516,92525,California
Santa Barbara,2021-03-15,2102,140716,694,66385,1117,69666,291,4665,1266,43039,833,51041,1555,94080,California
Santa Barbara,2021-03-16,3725,144441,1170,67555,2214,71880,341,5006,2742,45142,980,52021,3083,97163,California
Santa Barbara,2021-03-17,3297,147738,970,68525,1922,73802,405,5411,2307,46864,988,53009,2710,99873,California
Santa Barbara,2021-03-18,5116,152854,2796,71321,2120,75922,200,5611,3897,49754,1207,54216,4097,103970,California
Santa Barbara,2021-03-19,4435,157289,2762,74083,1341,77263,332,5943,3045,51744,1386,55602,3376,107346,California
Santa Barbara,2021-03-20,2159,159448,825,74908,1324,78587,10,5953,1324,52245,833,56435,1334,108680,California
Santa Barbara,2021-03-21,1162,160610,382,75290,751,79338,29,5982,838,52789,323,56758,867,109547,California
Santa Barbara,2021-03-22,2778,163388,1914,77204,820,80158,44,6026,2226,54514,545,57303,2270,111817,California
Santa Barbara,2021-03-23,4471,167859,2246,79450,2129,82287,96,6122,3712,57572,750,58053,3808,115625,California
Santa Barbara,2021-03-24,5385,173244,3154,82604,1498,83785,733,6855,2955,58848,2411,60464,3687,119312,California
Santa Barbara,2021-03-25,5535,178779,3278,85882,2071,85856,186,7041,2766,59046,2754,63218,2952,122264,California
Santa Barbara,2021-03-26,5073,183852,3216,89098,1559,87415,298,7339,2234,58755,2823,66041,2532,124796,California
Santa Barbara,2021-03-27,2927,186779,1222,90320,1662,89077,43,7382,1595,59064,1327,67368,1636,126432,California
Santa Barbara,2021-03-28,2778,189557,1653,91973,1097,90174,28,7410,1896,60110,878,68246,1924,128356,California
Santa Barbara,2021-03-29,4041,193598,2087,94060,1885,92059,69,7479,3235,62613,801,69047,3304,131660,California
Santa Barbara,2021-03-30,6783,200381,3502,97562,3133,95192,148,7627,4557,65105,2211,71258,4703,136363,California
Santa Barbara,2021-03-31,8625,209006,5498,103060,3063,98255,64,7691,5045,66652,3563,74821,5110,141473,California
Santa Barbara,2021-04-01,6896,215902,5083,108143,1555,99810,258,7949,4049,68123,2834,77655,4305,145778,California
Santa Barbara,2021-04-02,6596,222498,4526,112669,1478,101288,592,8541,3385,68895,3204,80859,3976,149754,California
Santa Barbara,2021-04-03,3781,226279,2100,114769,1613,102901,68,8609,2491,70167,1286,82145,2558,152312,California
Santa Barbara,2021-04-04,894,227173,442,115211,412,103313,40,8649,496,70307,396,82541,536,152848,California
Santa Barbara,2021-04-05,3437,230610,2265,117476,914,104227,258,8907,2145,71425,1286,83827,2404,155252,California
Santa Barbara,2021-04-06,5448,236058,2816,120292,2097,106324,535,9442,3335,73194,2099,85926,3868,159120,California
Santa Barbara,2021-04-07,5988,242046,3288,123580,2159,108483,541,9983,4083,75922,1894,87820,4622,163742,California
Santa Barbara,2021-04-08,7376,249422,5027,128607,636,109119,1713,11696,3411,77081,3963,91783,5122,168864,California
Santa Barbara,2021-04-09,7285,256707,4865,133472,1076,110195,1344,13040,3301,77747,3975,95758,4641,173505,California
Santa Barbara,2021-04-10,6634,263341,4599,138071,1420,111615,615,13655,4519,80769,2111,97869,5133,178638,California
Santa Barbara,2021-04-11,2661,266002,1947,140018,415,112030,299,13954,1840,82088,816,98685,2135,180773,California
Santa Barbara,2021-04-12,4446,270448,2865,142883,1027,113057,554,14508,1940,82080,2500,101185,2492,183265,California
Santa Barbara,2021-04-13,6297,276745,4136,147019,2155,115212,6,14514,2610,81011,3684,104869,2615,185880,California
Santa Barbara,2021-04-14,6739,283484,4418,151437,2319,117531,2,14516,4226,82735,2503,107372,4227,190107,California
Santa Barbara,2021-04-15,6933,290417,4094,155531,2838,120369,1,14517,3848,83512,3073,110445,3850,193957,California
Santa Barbara,2021-04-16,6375,296792,3749,159280,2615,122984,11,14528,4395,85952,1965,112410,4405,198362,California
Santa Barbara,2021-04-17,5306,302098,3872,163152,1434,124418,0,14528,4101,88856,1197,113607,4101,202463,California
Santa Barbara,2021-04-18,2120,304218,1471,164623,649,125067,0,14528,370,87480,1747,115354,371,202834,California
Santa Barbara,2021-04-19,3197,307415,2217,166840,975,126042,5,14533,1003,86298,2191,117545,1009,203843,California
Santa Barbara,2021-04-20,5879,313294,3956,170796,1922,127964,1,14534,1666,83763,4201,121746,1666,205509,California
Santa Barbara,2021-04-21,5487,318781,3640,174436,1847,129811,0,14534,1761,81810,3714,125460,1761,207270,California
Santa Barbara,2021-04-22,4930,323711,2422,176858,2507,132318,1,14535,1445,79789,3468,128928,1447,208717,California
Santa Barbara,2021-04-23,5222,328933,3801,180659,1421,133739,0,14535,1729,78036,3482,132410,1729,210446,California
Santa Barbara,2021-04-24,2946,331879,1607,182266,1334,135073,5,14540,1321,77742,1620,134030,1326,211772,California
Santa Barbara,2021-04-25,1057,332936,679,182945,378,135451,0,14540,217,77122,837,134867,217,211989,California
Santa Barbara,2021-04-26,2726,335662,1719,184664,989,136440,18,14558,415,75249,2306,137173,433,212422,California
Santa Barbara,2021-04-27,2952,338614,1870,186534,1003,137443,79,14637,884,74151,2060,139233,962,213384,California
Santa Barbara,2021-04-28,2487,341101,1644,188178,815,138258,28,14665,501,72701,1980,141213,530,213914,California
Santa Clara,2020-12-15,65,65,65,65,0,0,0,0,65,65,0,0,65,65,California
Santa Clara,2020-12-16,136,201,136,201,0,0,0,0,136,201,0,0,136,201,California
Santa Clara,2020-12-17,391,592,391,592,0,0,0,0,391,592,0,0,391,592,California
Santa Clara,2020-12-18,1674,2266,1674,2266,0,0,0,0,1674,2266,0,0,1674,2266,California
Santa Clara,2020-12-19,2073,4339,2073,4339,0,0,0,0,2072,4338,0,0,2072,4338,California
Santa Clara,2020-12-20,1898,6237,1892,6231,6,6,0,0,1895,6233,0,0,1895,6233,California
Santa Clara,2020-12-21,2668,8905,2668,8899,0,6,0,0,2666,8899,0,0,2666,8899,California
Santa Clara,2020-12-22,3126,12031,3117,12016,9,15,0,0,3123,12022,0,0,3123,12022,California
Santa Clara,2020-12-23,3260,15291,3074,15090,186,201,0,0,3258,15280,0,0,3258,15280,California
Santa Clara,2020-12-24,1899,17190,1712,16802,187,388,0,0,1893,17172,1,1,1893,17173,California
Santa Clara,2020-12-25,343,17533,342,17144,1,389,0,0,343,17515,0,1,343,17516,California
Santa Clara,2020-12-26,1263,18796,1031,18175,232,621,0,0,1262,18777,0,1,1262,18778,California
Santa Clara,2020-12-27,648,19444,508,18683,140,761,0,0,648,19425,0,1,648,19426,California
Santa Clara,2020-12-28,2331,21775,1729,20412,602,1363,0,0,2331,21756,0,1,2331,21757,California
Santa Clara,2020-12-29,2326,24101,1466,21878,860,2223,0,0,2324,24080,0,1,2324,24081,California
Santa Clara,2020-12-30,2989,27090,1900,23778,1089,3312,0,0,2987,27065,2,3,2987,27068,California
Santa Clara,2020-12-31,1211,28301,387,24165,824,4136,0,0,1210,28274,1,4,1210,28278,California
Santa Clara,2021-01-01,140,28441,9,24174,131,4267,0,0,139,28412,1,5,139,28417,California
Santa Clara,2021-01-02,1081,29522,812,24986,269,4536,0,0,1081,29493,0,5,1081,29498,California
Santa Clara,2021-01-03,584,30106,369,25355,215,4751,0,0,579,30069,3,8,579,30077,California
Santa Clara,2021-01-04,2466,32572,1667,27022,799,5550,0,0,2464,32533,0,8,2464,32541,California
Santa Clara,2021-01-05,3059,35631,2004,29026,1055,6605,0,0,2871,35223,187,195,2877,35418,California
Santa Clara,2021-01-06,3320,38951,1954,30980,1366,7971,0,0,2745,37398,571,766,2746,38164,California
Santa Clara,2021-01-07,4212,43163,2554,33534,1658,9629,0,0,3146,39493,1056,1822,3151,41315,California
Santa Clara,2021-01-08,5841,49004,3821,37355,2020,11649,0,0,3788,41232,2049,3871,3788,45103,California
Santa Clara,2021-01-09,2970,51974,1863,39218,1107,12756,0,0,1686,41637,1284,5155,1689,46792,California
Santa Clara,2021-01-10,1954,53928,1511,40729,443,13199,0,0,741,41166,1212,6367,741,47533,California
Santa Clara,2021-01-11,5933,59861,3734,44463,2199,15398,0,0,3374,41987,2558,8925,3379,50912,California
Santa Clara,2021-01-12,6801,66662,3399,47862,3402,18800,0,0,4556,44301,2243,11168,4557,55469,California
Santa Clara,2021-01-13,7362,74024,3043,50905,4319,23119,0,0,5193,47328,2167,13335,5194,60663,California
Santa Clara,2021-01-14,8227,82251,2790,53695,5437,28556,0,0,6489,52085,1733,15068,6490,67153,California
Santa Clara,2021-01-15,9446,91697,2681,56376,6765,35321,0,0,8131,58909,1312,16380,8136,75289,California
Santa Clara,2021-01-16,4296,95993,1225,57601,3071,38392,0,0,3464,61545,828,17208,3464,78753,California
Santa Clara,2021-01-17,3214,99207,602,58203,2612,41004,0,0,2717,63765,497,17705,2717,81470,California
Santa Clara,2021-01-18,5086,104293,1149,59352,3937,44941,0,0,4534,67748,552,18257,4535,86005,California
Santa Clara,2021-01-19,8468,112761,2663,62015,5805,50746,0,0,6792,72870,1673,19930,6795,92800,California
Santa Clara,2021-01-20,7985,120746,4014,66029,3971,54717,0,0,6445,77780,1535,21465,6445,99245,California
Santa Clara,2021-01-21,8545,129291,3636,69665,4909,59626,0,0,7396,84031,1147,22612,7398,106643,California
Santa Clara,2021-01-22,8583,137874,3202,72867,5381,65007,0,0,8020,91491,562,23174,8022,114665,California
Santa Clara,2021-01-23,3780,141654,1687,74554,2093,67100,0,0,2823,93358,957,24131,2824,117489,California
Santa Clara,2021-01-24,2824,144478,1421,75975,1403,68503,0,0,2337,95211,484,24615,2337,119826,California
Santa Clara,2021-01-25,8368,152846,3782,79757,4586,73089,0,0,6308,99471,2052,26667,6312,126138,California
Santa Clara,2021-01-26,8231,161077,3761,83518,4470,77559,0,0,6120,103492,2101,28768,6122,132260,California
Santa Clara,2021-01-27,8706,169783,3824,87342,4882,82441,0,0,6785,108379,1900,30668,6787,139047,California
Santa Clara,2021-01-28,9450,179233,3790,91132,5660,88101,0,0,7495,113950,1935,32603,7506,146553,California
Santa Clara,2021-01-29,9501,188734,3936,95068,5565,93666,0,0,7335,119131,2157,34760,7338,153891,California
Santa Clara,2021-01-30,4175,192909,2069,97137,2106,95772,0,0,2967,120902,1201,35961,2972,156863,California
Santa Clara,2021-01-31,2171,195080,1303,98440,868,96640,0,0,1580,121894,588,36549,1580,158443,California
Santa Clara,2021-02-01,7828,202908,3482,101922,4346,100986,0,0,6142,126358,1679,38228,6143,164586,California
Santa Clara,2021-02-02,8386,211294,2872,104794,5514,106500,0,0,6393,130767,1987,40215,6396,170982,California
Santa Clara,2021-02-03,9191,220485,3480,108274,5711,112211,0,0,6919,135426,2266,42481,6925,177907,California
Santa Clara,2021-02-04,10884,231369,4109,112383,6775,118986,0,0,8605,141765,2269,44750,8608,186515,California
Santa Clara,2021-02-05,11905,243274,4345,116728,7560,126546,0,0,8449,146774,3441,48191,8450,194965,California
Santa Clara,2021-02-06,5174,248448,2809,119537,2365,128911,0,0,4014,149634,1156,49347,4016,198981,California
Santa Clara,2021-02-07,3471,251919,2347,121884,1124,130035,0,0,3020,152205,450,49797,3021,202002,California
Santa Clara,2021-02-08,10005,261924,3480,125364,6525,136560,0,0,7294,156803,2697,52494,7295,209297,California
Santa Clara,2021-02-09,11132,273056,3809,129173,7323,143883,0,0,7653,160990,3469,55963,7656,216953,California
Santa Clara,2021-02-10,12622,285678,4897,134070,7725,151608,0,0,6907,162197,5702,61665,6909,223862,California
Santa Clara,2021-02-11,13461,299139,4702,138772,8759,160367,0,0,7673,164097,5774,67439,7674,231536,California
Santa Clara,2021-02-12,14531,313670,4478,143250,10053,170420,0,0,7012,163612,7499,74938,7014,238550,California
Santa Clara,2021-02-13,6062,319732,1448,144698,4614,175034,0,0,2209,161976,3847,78785,2211,240761,California
Santa Clara,2021-02-14,4612,324344,1140,145838,3472,178506,0,0,1468,160303,3143,81928,1470,242231,California
Santa Clara,2021-02-15,6245,330589,2795,148633,3450,181956,0,0,2702,159468,3537,85465,2702,244933,California
Santa Clara,2021-02-16,13751,344340,3992,152625,9759,191715,0,0,6918,159570,6816,92281,6918,251851,California
Santa Clara,2021-02-17,14054,358394,5485,158110,8569,200284,0,0,7040,159620,6995,99276,7045,258896,California
Santa Clara,2021-02-18,13880,372274,8352,166462,5528,205812,0,0,7108,159988,6743,106019,7111,266007,California
Santa Clara,2021-02-19,14779,387053,9517,175979,5262,211074,0,0,8593,162414,6171,112190,8597,274604,California
Santa Clara,2021-02-20,6807,393860,5093,181072,1714,212788,0,0,3673,162962,3125,115315,3673,278277,California
Santa Clara,2021-02-21,3240,397100,2424,183496,816,213604,0,0,1163,162058,2069,117384,1165,279442,California
Santa Clara,2021-02-22,10147,407247,6077,189573,4070,217674,0,0,4736,161394,5401,122785,4737,284179,California
Santa Clara,2021-02-23,11858,419105,7700,197273,4158,221832,0,0,6729,163010,5117,127902,6733,290912,California
Santa Clara,2021-02-24,14118,433223,9089,206362,5029,226861,0,0,8742,166392,5360,133262,8742,299654,California
Santa Clara,2021-02-25,14577,447800,9227,215589,5350,232211,0,0,7871,167580,6688,139950,7876,307530,California
Santa Clara,2021-02-26,14552,462352,8435,224024,6117,238328,0,0,8001,169059,6525,146475,8004,315534,California
Santa Clara,2021-02-27,8044,470396,5489,229513,2554,240882,1,1,4452,169937,3582,150057,4460,319994,California
Santa Clara,2021-02-28,4715,475111,3068,232581,1647,242529,0,1,2204,169639,2502,152559,2204,322198,California
Santa Clara,2021-03-01,14057,489168,7969,240550,6085,248614,3,4,8696,172998,5340,157899,8699,330897,California
Santa Clara,2021-03-02,15822,504990,9384,249934,6438,255052,0,4,10189,177579,5609,163508,10190,341087,California
Santa Clara,2021-03-03,18403,523393,9028,258962,9374,264426,1,5,11439,182098,6927,170435,11446,352533,California
Santa Clara,2021-03-04,16356,539749,8918,267880,7435,271861,3,8,9535,184883,6755,177190,9540,362073,California
Santa Clara,2021-03-05,16437,556186,9121,277001,7191,279052,125,133,9119,186832,7299,184489,9248,371321,California
Santa Clara,2021-03-06,9344,565530,6263,283264,2646,281698,435,568,7040,192016,2291,186780,7475,378796,California
Santa Clara,2021-03-07,6715,572245,4406,287670,2078,283776,231,799,5351,196241,1356,188136,5581,384377,California
Santa Clara,2021-03-08,12834,585079,6682,294352,5590,289366,562,1361,8221,200429,4596,192732,8784,393161,California
Santa Clara,2021-03-09,14862,599941,6211,300563,7325,296691,1326,2687,6587,200083,8257,200989,7911,401072,California
Santa Clara,2021-03-10,14933,614874,6465,307028,6413,303104,2055,4742,6101,199412,8807,209796,8136,409208,California
Santa Clara,2021-03-11,16907,631781,7727,314755,7677,310781,1503,6245,5977,195978,10902,220698,7468,416676,California
Santa Clara,2021-03-12,17617,649398,9056,323811,6990,317771,1571,7816,5945,191846,11632,232330,7500,424176,California
Santa Clara,2021-03-13,10671,660069,6179,329990,3005,320776,1487,9303,4767,192203,5881,238211,6238,430414,California
Santa Clara,2021-03-14,6477,666546,3346,333336,1830,322606,1301,10604,3201,193436,3261,241472,4494,434908,California
Santa Clara,2021-03-15,12738,679284,6515,339851,5955,328561,268,10872,5965,192917,6753,248225,6234,441142,California
Santa Clara,2021-03-16,18115,697399,10246,350097,7662,336223,207,11079,8774,192582,9314,257539,8979,450121,California
Santa Clara,2021-03-17,19788,717187,11208,361305,8412,344635,168,11247,10214,193433,9526,267065,10377,460498,California
Santa Clara,2021-03-18,18951,736138,8858,370163,8935,353570,1158,12405,9083,193857,9814,276879,10238,470736,California
Santa Clara,2021-03-19,19140,755278,9841,380004,8301,361871,998,13403,9953,195668,9131,286010,10942,481678,California
Santa Clara,2021-03-20,11444,766722,6280,386284,4337,366208,827,14230,6724,198524,4691,290701,7547,489225,California
Santa Clara,2021-03-21,8241,774963,3721,390005,3120,369328,1400,15630,5527,202736,2704,293405,6916,496141,California
Santa Clara,2021-03-22,16230,791193,9049,399054,6837,376165,344,15974,9275,205423,6932,300337,9619,505760,California
Santa Clara,2021-03-23,19130,810323,12170,411224,6447,382612,513,16487,11225,209301,7859,308196,11737,517497,California
Santa Clara,2021-03-24,22487,832810,14487,425711,7589,390201,411,16898,14603,216475,7842,316038,15016,532513,California
Santa Clara,2021-03-25,22797,855607,13054,438765,8760,398961,983,17881,14715,224143,8019,324057,15687,548200,California
Santa Clara,2021-03-26,21787,877394,13879,452644,7525,406486,383,18264,13475,229721,8275,332332,13853,562053,California
Santa Clara,2021-03-27,15594,892988,10374,463018,4457,410943,763,19027,8412,231749,7144,339476,9172,571225,California
Santa Clara,2021-03-28,11984,904972,8283,471301,2988,413931,713,19740,6484,233465,5476,344952,7192,578417,California
Santa Clara,2021-03-29,20496,925468,12577,483878,7195,421126,724,20464,11160,236049,9296,354248,11880,590297,California
Santa Clara,2021-03-30,25455,950923,15159,499037,8363,429489,1933,22397,16285,245126,9135,363383,18212,608509,California
Santa Clara,2021-03-31,20274,971197,11762,510799,7390,436879,1122,23519,12534,251067,7707,371090,13648,622157,California
Santa Clara,2021-04-01,31360,1002557,19619,530418,8753,445632,2988,26507,19805,262352,11497,382587,22782,644939,California
Santa Clara,2021-04-02,24863,1027420,14210,544628,8541,454173,2112,28619,16226,272079,8605,391192,18332,663271,California
Santa Clara,2021-04-03,15063,1042483,9141,553769,3441,457614,2481,31100,8358,276223,6686,397878,10830,674101,California
Santa Clara,2021-04-04,7565,1050048,4008,557777,2403,460017,1154,32254,3935,277690,3622,401500,5089,679190,California
Santa Clara,2021-04-05,21484,1071532,14323,572100,4709,464726,2452,34706,13990,286660,7470,408970,16440,695630,California
Santa Clara,2021-04-06,29112,1100644,16000,588100,7703,472429,5409,40115,17429,297847,11643,420613,22830,718460,California
Santa Clara,2021-04-07,30428,1131072,15689,603789,8315,480744,6424,46539,18560,310998,11815,432428,24966,743426,California
Santa Clara,2021-04-08,29037,1160109,16038,619827,5916,486660,7083,53622,16029,321153,12937,445365,23092,766518,California
Santa Clara,2021-04-09,27503,1187612,13597,633424,6750,493410,7156,60778,13993,328824,13458,458823,21129,787647,California
Santa Clara,2021-04-10,21137,1208749,12220,645644,3728,497138,5189,65967,11307,335496,9798,468621,16470,804117,California
Santa Clara,2021-04-11,15886,1224635,9497,655141,2631,499769,3758,69725,8212,339818,7641,476262,11963,816080,California
Santa Clara,2021-04-12,26664,1251299,18778,673919,5485,505254,2401,72126,18197,352000,8414,484676,20596,836676,California
Santa Clara,2021-04-13,33611,1284910,26771,700690,6814,512068,26,72152,26045,370607,7489,492165,26096,862772,California
Santa Clara,2021-04-14,36319,1321229,27571,728261,8745,520813,3,72155,25849,386077,10409,502574,25879,888651,California
Santa Clara,2021-04-15,43033,1364262,33916,762177,9117,529930,0,72155,33370,409906,9565,512139,33394,922045,California
Santa Clara,2021-04-16,37763,1402025,26146,788323,11615,541545,2,72157,27329,426897,10364,522503,27355,949400,California
Santa Clara,2021-04-17,21416,1423441,14869,803192,6546,548091,1,72158,14897,435334,6477,528980,14914,964314,California
Santa Clara,2021-04-18,16257,1439698,10522,813714,5735,553826,0,72158,10172,439464,6052,535032,10182,974496,California
Santa Clara,2021-04-19,28488,1468186,20570,834284,7917,561743,1,72159,17091,445254,11330,546362,17120,991616,California
Santa Clara,2021-04-20,35695,1503881,21538,855822,14157,575900,0,72159,21589,452864,14007,560369,21617,1013233,California
Santa Clara,2021-04-21,35415,1539296,20385,876207,15030,590930,0,72159,23103,463759,12241,572610,23136,1036369,California
Santa Clara,2021-04-22,32540,1571836,21189,897396,11350,602280,1,72160,14861,461064,17600,590210,14905,1051274,California
Santa Clara,2021-04-23,29780,1601616,17971,915367,11809,614089,0,72160,14003,459414,15692,605902,14042,1065316,California
Santa Clara,2021-04-24,16200,1617816,11327,926694,4872,618961,1,72161,9528,462337,6630,612532,9553,1074869,California
Santa Clara,2021-04-25,10425,1628241,7414,934108,3010,621971,1,72162,6664,465274,3742,616274,6679,1081548,California
Santa Clara,2021-04-26,11246,1639487,7143,941251,4045,626016,58,72220,4178,462516,7005,623279,4247,1085795,California
Santa Clara,2021-04-27,12086,1651573,7070,948321,4755,630771,261,72481,4724,460200,7317,630596,5001,1090796,California
Santa Clara,2021-04-28,8191,1659764,5512,953833,2602,633373,77,72558,2850,457885,5316,635912,3001,1093797,California
Santa Cruz,2020-12-15,2,2,2,2,0,0,0,0,2,2,0,0,2,2,California
Santa Cruz,2020-12-16,57,59,57,59,0,0,0,0,57,59,0,0,57,59,California
Santa Cruz,2020-12-17,389,448,389,448,0,0,0,0,389,448,0,0,389,448,California
Santa Cruz,2020-12-18,464,912,464,912,0,0,0,0,464,912,0,0,464,912,California
Santa Cruz,2020-12-19,178,1090,177,1089,1,1,0,0,178,1090,0,0,178,1090,California
Santa Cruz,2020-12-20,95,1185,95,1184,0,1,0,0,95,1185,0,0,95,1185,California
Santa Cruz,2020-12-21,435,1620,435,1619,0,1,0,0,435,1620,0,0,435,1620,California
Santa Cruz,2020-12-22,424,2044,423,2042,1,2,0,0,424,2044,0,0,424,2044,California
Santa Cruz,2020-12-23,372,2416,329,2371,43,45,0,0,372,2416,0,0,372,2416,California
Santa Cruz,2020-12-24,125,2541,49,2420,76,121,0,0,125,2541,0,0,125,2541,California
Santa Cruz,2020-12-25,11,2552,11,2431,0,121,0,0,11,2552,0,0,11,2552,California
Santa Cruz,2020-12-26,64,2616,45,2476,19,140,0,0,64,2616,0,0,64,2616,California
Santa Cruz,2020-12-27,32,2648,27,2503,5,145,0,0,32,2648,0,0,32,2648,California
Santa Cruz,2020-12-28,485,3133,108,2611,377,522,0,0,485,3133,0,0,485,3133,California
Santa Cruz,2020-12-29,800,3933,370,2981,430,952,0,0,800,3933,0,0,800,3933,California
Santa Cruz,2020-12-30,356,4289,164,3145,192,1144,0,0,356,4289,0,0,356,4289,California
Santa Cruz,2020-12-31,313,4602,11,3156,302,1446,0,0,313,4602,0,0,313,4602,California
Santa Cruz,2021-01-01,33,4635,1,3157,32,1478,0,0,33,4635,0,0,33,4635,California
Santa Cruz,2021-01-02,71,4706,57,3214,14,1492,0,0,71,4706,0,0,71,4706,California
Santa Cruz,2021-01-03,15,4721,7,3221,8,1500,0,0,15,4721,0,0,15,4721,California
Santa Cruz,2021-01-04,281,5002,123,3344,158,1658,0,0,279,5000,0,0,279,5000,California
Santa Cruz,2021-01-05,566,5568,428,3772,138,1796,0,0,264,4962,302,302,264,5264,California
Santa Cruz,2021-01-06,802,6370,669,4441,133,1929,0,0,464,5089,337,639,464,5728,California
Santa Cruz,2021-01-07,541,6911,212,4653,329,2258,0,0,388,5325,153,792,389,6117,California
Santa Cruz,2021-01-08,933,7844,560,5213,373,2631,0,0,486,5365,447,1239,487,6604,California
Santa Cruz,2021-01-09,463,8307,123,5336,340,2971,0,0,409,5720,54,1293,409,7013,California
Santa Cruz,2021-01-10,80,8387,70,5406,10,2981,0,0,21,5682,59,1352,21,7034,California
Santa Cruz,2021-01-11,724,9111,590,5996,134,3115,0,0,191,5341,533,1885,192,7226,California
Santa Cruz,2021-01-12,736,9847,532,6528,204,3319,0,0,493,5591,243,2128,493,7719,California
Santa Cruz,2021-01-13,523,10370,228,6756,295,3614,0,0,439,5949,81,2209,439,8158,California
Santa Cruz,2021-01-14,555,10925,101,6857,454,4068,0,0,489,6372,66,2275,489,8647,California
Santa Cruz,2021-01-15,1460,12385,77,6934,1383,5451,0,0,1395,7705,64,2339,1397,10044,California
Santa Cruz,2021-01-16,426,12811,54,6988,372,5823,0,0,407,8093,19,2358,407,10451,California
Santa Cruz,2021-01-17,297,13108,41,7029,256,6079,0,0,272,8340,25,2383,272,10723,California
Santa Cruz,2021-01-18,1015,14123,105,7134,910,6989,0,0,953,9231,62,2445,953,11676,California
Santa Cruz,2021-01-19,1622,15745,524,7658,1098,8087,0,0,1269,10150,351,2796,1270,12946,California
Santa Cruz,2021-01-20,1235,16980,183,7841,1052,9139,0,0,1038,10994,194,2990,1038,13984,California
Santa Cruz,2021-01-21,1712,18692,200,8041,1512,10651,0,0,1604,12492,108,3098,1606,15590,California
Santa Cruz,2021-01-22,1797,20489,532,8573,1265,11916,0,0,1695,14089,99,3197,1696,17286,California
Santa Cruz,2021-01-23,402,20891,147,8720,255,12171,0,0,342,14372,59,3256,342,17628,California
Santa Cruz,2021-01-24,116,21007,21,8741,95,12266,0,0,98,14452,18,3274,98,17726,California
Santa Cruz,2021-01-25,1063,22070,361,9102,702,12968,0,0,552,14493,511,3785,552,18278,California
Santa Cruz,2021-01-26,1696,23766,248,9350,1448,14416,0,0,1183,15163,513,4298,1183,19461,California
Santa Cruz,2021-01-27,1653,25419,449,9799,1204,15620,0,0,1269,16050,382,4680,1269,20730,California
Santa Cruz,2021-01-28,1750,27169,293,10092,1457,17077,0,0,1473,17247,277,4957,1474,22204,California
Santa Cruz,2021-01-29,1733,28902,489,10581,1244,18321,0,0,1603,18721,129,5086,1603,23807,California
Santa Cruz,2021-01-30,1059,29961,308,10889,751,19072,0,0,926,19514,133,5219,926,24733,California
Santa Cruz,2021-01-31,221,30182,113,11002,108,19180,0,0,207,19707,14,5233,207,24940,California
Santa Cruz,2021-02-01,1234,31416,760,11762,474,19654,0,0,827,20127,407,5640,827,25767,California
Santa Cruz,2021-02-02,1010,32426,128,11890,882,20536,0,0,855,20828,154,5794,855,26622,California
Santa Cruz,2021-02-03,2237,34663,960,12850,1277,21813,0,0,1922,22439,311,6105,1922,28544,California
Santa Cruz,2021-02-04,1855,36518,773,13623,1082,22895,0,0,1518,23621,336,6441,1518,30062,California
Santa Cruz,2021-02-05,3173,39691,793,14416,2380,25275,0,0,2852,26153,320,6761,2852,32914,California
Santa Cruz,2021-02-06,2588,42279,164,14580,2424,27699,0,0,2240,28045,348,7109,2240,35154,California
Santa Cruz,2021-02-07,909,43188,122,14702,787,28486,0,0,891,28918,18,7127,891,36045,California
Santa Cruz,2021-02-08,715,43903,202,14904,513,28999,0,0,515,29234,199,7326,515,36560,California
Santa Cruz,2021-02-09,2373,46276,1056,15960,1317,30316,0,0,2110,31085,259,7585,2110,38670,California
Santa Cruz,2021-02-10,2202,48478,579,16539,1623,31939,0,0,1502,31897,691,8276,1503,40173,California
Santa Cruz,2021-02-11,1856,50334,317,16856,1539,33478,0,0,1329,32701,525,8801,1329,41502,California
Santa Cruz,2021-02-12,3226,53560,422,17278,2804,36282,0,0,1816,33117,1402,10203,1818,43320,California
Santa Cruz,2021-02-13,1711,55271,124,17402,1587,37869,0,0,1297,34000,414,10617,1297,44617,California
Santa Cruz,2021-02-14,1406,56677,70,17472,1336,39205,0,0,1142,34878,264,10881,1142,45759,California
Santa Cruz,2021-02-15,1583,58260,280,17752,1303,40508,0,0,566,34428,1017,11898,567,46326,California
Santa Cruz,2021-02-16,1697,59957,207,17959,1490,41998,0,0,538,33829,1137,13035,538,46864,California
Santa Cruz,2021-02-17,2922,62879,976,18935,1946,43944,0,0,1221,33365,1688,14723,1224,48088,California
Santa Cruz,2021-02-18,2883,65762,639,19574,2244,46188,0,0,1231,32948,1648,16371,1231,49319,California
Santa Cruz,2021-02-19,3266,69028,1145,20719,2121,48309,0,0,2009,33702,1255,17626,2009,51328,California
Santa Cruz,2021-02-20,2387,71415,1499,22218,888,49197,0,0,1893,35101,494,18120,1893,53221,California
Santa Cruz,2021-02-21,826,72241,360,22578,466,49663,0,0,700,35677,124,18244,700,53921,California
Santa Cruz,2021-02-22,1258,73499,967,23545,291,49954,0,0,535,35491,721,18965,535,54456,California
Santa Cruz,2021-02-23,2100,75599,939,24484,1161,51115,0,0,711,34814,1388,20353,711,55167,California
Santa Cruz,2021-02-24,3183,78782,1664,26148,1519,52634,0,0,1203,34041,1976,22329,1203,56370,California
Santa Cruz,2021-02-25,3239,82021,1431,27579,1808,54442,0,0,1781,34371,1451,23780,1781,58151,California
Santa Cruz,2021-02-26,2722,84743,763,28342,1959,56401,0,0,1549,34753,1169,24949,1551,59702,California
Santa Cruz,2021-02-27,2635,87378,930,29272,1705,58106,0,0,1836,35791,798,25747,1836,61538,California
Santa Cruz,2021-02-28,1296,88674,359,29631,937,59043,0,0,1084,36666,209,25956,1084,62622,California
Santa Cruz,2021-03-01,1828,90502,1255,30886,573,59616,0,0,689,36219,1136,27092,689,63311,California
Santa Cruz,2021-03-02,1530,92032,359,31245,1171,60787,0,0,855,36404,673,27765,858,64169,California
Santa Cruz,2021-03-03,2361,94393,623,31868,1738,62525,0,0,1290,36626,1068,28833,1290,65459,California
Santa Cruz,2021-03-04,3013,97406,1409,33277,1603,64128,1,1,2028,37682,974,29807,2030,67489,California
Santa Cruz,2021-03-05,2615,100021,486,33763,2111,66239,18,19,1134,37356,1478,31285,1152,68641,California
Santa Cruz,2021-03-06,3872,103893,1348,35111,2419,68658,105,124,2160,37907,1712,32997,2263,70904,California
Santa Cruz,2021-03-07,1346,105239,128,35239,1144,69802,74,198,555,37746,790,33787,629,71533,California
Santa Cruz,2021-03-08,1081,106320,219,35458,733,70535,129,327,650,38095,430,34217,779,72312,California
Santa Cruz,2021-03-09,1776,108096,242,35700,1387,71922,147,474,702,37872,1072,35289,849,73161,California
Santa Cruz,2021-03-10,3864,111960,2091,37791,1623,73545,150,624,1998,38158,1864,37153,2150,75311,California
Santa Cruz,2021-03-11,2806,114766,1218,39009,1413,74958,175,799,1549,38628,1256,38409,1726,77037,California
Santa Cruz,2021-03-12,2757,117523,891,39900,1574,76532,292,1091,909,37983,1845,40254,1200,78237,California
Santa Cruz,2021-03-13,2311,119834,1334,41234,933,77465,44,1135,1179,38077,1130,41384,1224,79461,California
Santa Cruz,2021-03-14,903,120737,215,41449,674,78139,14,1149,440,38070,461,41845,454,79915,California
Santa Cruz,2021-03-15,1354,122091,484,41933,835,78974,35,1184,583,37921,768,42613,619,80534,California
Santa Cruz,2021-03-16,2318,124409,1088,43021,1189,80163,41,1225,1343,38332,972,43585,1383,81917,California
Santa Cruz,2021-03-17,3870,128279,2235,45256,1625,81788,10,1235,2524,39527,1342,44927,2537,84454,California
Santa Cruz,2021-03-18,3868,132147,2095,47351,1653,83441,120,1355,2071,39924,1794,46721,2191,86645,California
Santa Cruz,2021-03-19,3284,135431,1325,48676,1734,85175,225,1580,1656,40182,1623,48344,1881,88526,California
Santa Cruz,2021-03-20,2168,137599,1615,50291,516,85691,37,1617,1095,40244,1070,49414,1132,89658,California
Santa Cruz,2021-03-21,826,138425,438,50729,266,85957,122,1739,444,40431,380,49794,567,90225,California
Santa Cruz,2021-03-22,1373,139798,849,51578,502,86459,22,1761,942,40968,428,50222,965,91190,California
Santa Cruz,2021-03-23,2570,142368,1444,53022,1076,87535,50,1811,1715,41880,853,51075,1765,92955,California
Santa Cruz,2021-03-24,3022,145390,2032,55054,968,88503,22,1833,1993,42870,1024,52099,2014,94969,California
Santa Cruz,2021-03-25,2642,148032,1330,56384,1277,89780,35,1868,1357,42985,1277,53376,1392,96361,California
Santa Cruz,2021-03-26,3036,151068,1828,58212,1181,90961,27,1895,2054,44091,975,54351,2081,98442,California
Santa Cruz,2021-03-27,3239,154307,2015,60227,1199,92160,25,1920,1530,43948,1699,56050,1556,99998,California
Santa Cruz,2021-03-28,927,155234,569,60796,344,92504,14,1934,492,44023,431,56481,506,100504,California
Santa Cruz,2021-03-29,1960,157194,880,61676,1012,93516,68,2002,1261,44656,696,57177,1329,101833,California
Santa Cruz,2021-03-30,2709,159903,818,62494,1728,95244,163,2165,1737,45585,970,58147,1899,103732,California
Santa Cruz,2021-03-31,4069,163972,2726,65220,1295,96539,48,2213,2088,45744,1977,60124,2136,105868,California
Santa Cruz,2021-04-01,4024,167996,2154,67374,1763,98302,107,2320,2027,45886,1992,62116,2134,108002,California
Santa Cruz,2021-04-02,3148,171144,1428,68802,1538,99840,182,2502,1740,46405,1403,63519,1922,109924,California
Santa Cruz,2021-04-03,2263,173407,1235,70037,894,100734,134,2636,891,46060,1369,64888,1024,110948,California
Santa Cruz,2021-04-04,937,174344,492,70529,390,101124,55,2691,552,46282,385,65273,607,111555,California
Santa Cruz,2021-04-05,2264,176608,799,71328,1294,102418,171,2862,1395,46980,868,66141,1566,113121,California
Santa Cruz,2021-04-06,3391,179999,1670,72998,1340,103758,381,3243,1988,47953,1393,67534,2366,115487,California
Santa Cruz,2021-04-07,4157,184156,1644,74642,2151,105909,362,3605,1871,47903,2282,69816,2232,117719,California
Santa Cruz,2021-04-08,4274,188430,2351,76993,1406,107315,517,4122,2516,49183,1748,71564,3028,120747,California
Santa Cruz,2021-04-09,3585,192015,1526,78519,1658,108973,401,4523,1982,49969,1598,73162,2384,123131,California
Santa Cruz,2021-04-10,2267,194282,1103,79622,914,109887,250,4773,1077,50109,1186,74348,1326,124457,California
Santa Cruz,2021-04-11,1002,195284,527,80149,383,110270,92,4865,487,50174,514,74862,579,125036,California
Santa Cruz,2021-04-12,2307,197591,834,80983,1038,111308,435,5300,1105,50526,1187,76049,1539,126575,California
Santa Cruz,2021-04-13,2903,200494,1461,82444,1440,112748,2,5302,1635,50901,1262,77311,1637,128212,California
Santa Cruz,2021-04-14,4642,205136,2261,84705,2381,115129,0,5302,2386,51041,2247,79558,2387,130599,California
Santa Cruz,2021-04-15,4820,209956,3008,87713,1812,116941,0,5302,3139,52510,1670,81228,3139,133738,California
Santa Cruz,2021-04-16,4426,214382,2543,90256,1881,118822,2,5304,2470,53034,1949,83177,2473,136211,California
Santa Cruz,2021-04-17,2256,216638,895,91151,1361,120183,0,5304,1496,53772,758,83935,1496,137707,California
Santa Cruz,2021-04-18,1072,217710,512,91663,560,120743,0,5304,597,53896,473,84408,597,138304,California
Santa Cruz,2021-04-19,2436,220146,1527,93190,908,121651,1,5305,1504,54471,929,85337,1504,139808,California
Santa Cruz,2021-04-20,3129,223275,1698,94888,1431,123082,0,5305,1782,54917,1337,86674,1783,141591,California
Santa Cruz,2021-04-21,4230,227505,2878,97766,1352,124434,0,5305,2370,55443,1845,88519,2371,143962,California
Santa Cruz,2021-04-22,4206,231711,2838,100604,1368,125802,0,5305,2330,55906,1868,90387,2331,146293,California
Santa Cruz,2021-04-23,2906,234617,1688,102292,1217,127019,1,5306,1296,55601,1602,91989,1297,147590,California
Santa Cruz,2021-04-24,1904,236521,938,103230,966,127985,0,5306,530,54766,1365,93354,530,148120,California
Santa Cruz,2021-04-25,879,237400,543,103773,334,128319,2,5308,386,54666,488,93842,388,148508,California
Santa Cruz,2021-04-26,1403,238803,763,104536,625,128944,15,5323,546,54380,848,94690,562,149070,California
Santa Cruz,2021-04-27,2086,240889,632,105168,1404,130348,50,5373,1048,54445,1035,95725,1100,150170,California
Santa Cruz,2021-04-28,1847,242736,1106,106274,735,131083,6,5379,829,54271,1016,96741,842,151012,California
Shasta,2020-12-16,131,131,131,131,0,0,0,0,131,131,0,0,131,131,California
Shasta,2020-12-17,417,548,417,548,0,0,0,0,417,548,0,0,417,548,California
Shasta,2020-12-18,166,714,166,714,0,0,0,0,166,714,0,0,166,714,California
Shasta,2020-12-19,1,715,1,715,0,0,0,0,1,715,0,0,1,715,California
Shasta,2020-12-21,80,795,80,795,0,0,0,0,80,795,0,0,80,795,California
Shasta,2020-12-22,191,986,186,981,5,5,0,0,191,986,0,0,191,986,California
Shasta,2020-12-23,174,1160,170,1151,4,9,0,0,174,1160,0,0,174,1160,California
Shasta,2020-12-24,18,1178,18,1169,0,9,0,0,18,1178,0,0,18,1178,California
Shasta,2020-12-26,4,1182,1,1170,3,12,0,0,4,1182,0,0,4,1182,California
Shasta,2020-12-27,1,1183,0,1170,1,13,0,0,1,1183,0,0,1,1183,California
Shasta,2020-12-28,40,1223,31,1201,9,22,0,0,40,1223,0,0,40,1223,California
Shasta,2020-12-29,186,1409,185,1386,1,23,0,0,186,1409,0,0,186,1409,California
Shasta,2020-12-30,178,1587,168,1554,10,33,0,0,178,1587,0,0,178,1587,California
Shasta,2020-12-31,83,1670,2,1556,81,114,0,0,83,1670,0,0,83,1670,California
Shasta,2021-01-02,2,1672,0,1556,2,116,0,0,2,1672,0,0,2,1672,California
Shasta,2021-01-03,1,1673,1,1557,0,116,0,0,1,1673,0,0,1,1673,California
Shasta,2021-01-04,369,2042,306,1863,63,179,0,0,371,2044,0,0,371,2044,California
Shasta,2021-01-05,335,2377,314,2177,21,200,0,0,254,2217,81,81,254,2298,California
Shasta,2021-01-06,462,2839,395,2572,67,267,0,0,200,2156,261,342,200,2498,California
Shasta,2021-01-07,122,2961,35,2607,87,354,0,0,101,2236,21,363,101,2599,California
Shasta,2021-01-08,523,3484,447,3054,76,430,0,0,315,2343,208,571,315,2914,California
Shasta,2021-01-09,72,3556,63,3117,9,439,0,0,70,2411,2,573,70,2984,California
Shasta,2021-01-10,5,3561,0,3117,5,444,0,0,4,2415,1,574,5,2989,California
Shasta,2021-01-11,399,3960,185,3302,214,658,0,0,363,2742,36,610,363,3352,California
Shasta,2021-01-12,482,4442,327,3629,155,813,0,0,308,2876,174,784,308,3660,California
Shasta,2021-01-13,595,5037,268,3897,327,1140,0,0,425,3131,170,954,425,4085,California
Shasta,2021-01-14,495,5532,51,3948,444,1584,0,0,477,3590,18,972,477,4562,California
Shasta,2021-01-15,690,6222,136,4084,554,2138,0,0,688,4276,2,974,688,5250,California
Shasta,2021-01-16,898,7120,54,4138,844,2982,0,0,895,5168,3,977,895,6145,California
Shasta,2021-01-17,27,7147,6,4144,21,3003,0,0,23,5187,4,981,23,6168,California
Shasta,2021-01-18,598,7745,129,4273,469,3472,0,0,590,5769,8,989,590,6758,California
Shasta,2021-01-19,1056,8801,397,4670,659,4131,0,0,908,6529,148,1137,908,7666,California
Shasta,2021-01-20,677,9478,409,5079,268,4399,0,0,493,6843,179,1316,493,8159,California
Shasta,2021-01-21,630,10108,277,5356,353,4752,0,0,607,7427,23,1339,607,8766,California
Shasta,2021-01-22,446,10554,171,5527,275,5027,0,0,440,7861,6,1345,440,9206,California
Shasta,2021-01-23,68,10622,5,5532,63,5090,0,0,67,7927,1,1346,67,9273,California
Shasta,2021-01-24,25,10647,2,5534,23,5113,0,0,24,7950,1,1347,24,9297,California
Shasta,2021-01-25,750,11397,491,6025,259,5372,0,0,464,8129,285,1632,464,9761,California
Shasta,2021-01-26,710,12107,333,6358,377,5749,0,0,476,8373,232,1864,476,10237,California
Shasta,2021-01-27,459,12566,179,6537,280,6029,0,0,410,8734,49,1913,410,10647,California
Shasta,2021-01-28,887,13453,576,7113,311,6340,0,0,665,9177,222,2135,665,11312,California
Shasta,2021-01-29,831,14284,330,7443,501,6841,0,0,641,9629,190,2325,642,11954,California
Shasta,2021-01-30,616,14900,14,7457,602,7443,0,0,607,10227,9,2334,607,12561,California
Shasta,2021-01-31,28,14928,4,7461,24,7467,0,0,26,10251,2,2336,26,12587,California
Shasta,2021-02-01,529,15457,148,7609,381,7848,0,0,386,10496,143,2479,388,12975,California
Shasta,2021-02-02,980,16437,494,8103,486,8334,0,0,888,11294,90,2569,888,13863,California
Shasta,2021-02-03,713,17150,210,8313,503,8837,0,0,482,11548,231,2800,485,14348,California
Shasta,2021-02-04,1084,18234,663,8976,421,9258,0,0,889,12243,194,2994,889,15237,California
Shasta,2021-02-05,1237,19471,163,9139,1074,10332,0,0,1033,13074,203,3197,1034,16271,California
Shasta,2021-02-06,1733,21204,41,9180,1692,12024,0,0,1710,14761,23,3220,1710,17981,California
Shasta,2021-02-07,26,21230,3,9183,23,12047,0,0,24,14783,2,3222,24,18005,California
Shasta,2021-02-08,557,21787,167,9350,390,12437,0,0,304,14841,253,3475,311,18316,California
Shasta,2021-02-09,1044,22831,651,10001,393,12830,0,0,685,15169,359,3834,687,19003,California
Shasta,2021-02-10,1096,23927,782,10783,314,13144,0,0,595,15264,502,4336,597,19600,California
Shasta,2021-02-11,863,24790,186,10969,677,13821,0,0,344,15096,514,4850,346,19946,California
Shasta,2021-02-12,1721,26511,1143,12112,578,14399,0,0,1175,15725,546,5396,1175,21121,California
Shasta,2021-02-13,1383,27894,367,12479,1016,15415,0,0,571,15483,813,6209,571,21692,California
Shasta,2021-02-14,149,28043,4,12483,145,15560,0,0,125,15584,24,6233,125,21817,California
Shasta,2021-02-15,380,28423,90,12573,290,15850,0,0,211,15626,169,6402,211,22028,California
Shasta,2021-02-16,1187,29610,515,13088,672,16522,0,0,417,15274,769,7171,417,22445,California
Shasta,2021-02-17,1032,30642,438,13526,594,17116,0,0,412,15066,620,7791,412,22857,California
Shasta,2021-02-18,922,31564,442,13968,480,17596,0,0,436,15016,486,8277,436,23293,California
Shasta,2021-02-19,1332,32896,936,14904,396,17992,0,0,864,15412,468,8745,864,24157,California
Shasta,2021-02-20,802,33698,89,14993,713,18705,0,0,303,15216,499,9244,303,24460,California
Shasta,2021-02-21,31,33729,2,14995,29,18734,0,0,9,15203,22,9266,9,24469,California
Shasta,2021-02-22,424,34153,74,15069,350,19084,0,0,175,15130,248,9514,175,24644,California
Shasta,2021-02-23,903,35056,467,15536,436,19520,0,0,318,14863,585,10099,318,24962,California
Shasta,2021-02-24,886,35942,504,16040,382,19902,0,0,270,14518,615,10714,270,25232,California
Shasta,2021-02-25,515,36457,159,16199,356,20258,0,0,161,14326,353,11067,161,25393,California
Shasta,2021-02-26,791,37248,95,16294,696,20954,0,0,331,14199,458,11525,331,25724,California
Shasta,2021-02-27,831,38079,27,16321,804,21758,0,0,190,13750,639,12164,190,25914,California
Shasta,2021-02-28,176,38255,4,16325,172,21930,0,0,126,13826,50,12214,126,26040,California
Shasta,2021-03-01,584,38839,59,16384,525,22455,0,0,295,13833,288,12502,295,26335,California
Shasta,2021-03-02,1017,39856,465,16849,552,23007,0,0,332,13482,683,13185,332,26667,California
Shasta,2021-03-03,664,40520,167,17016,497,23504,0,0,243,13304,421,13606,243,26910,California
Shasta,2021-03-04,2290,42810,1685,18701,605,24109,0,0,1260,13536,1029,14635,1261,28171,California
Shasta,2021-03-05,1540,44350,162,18863,1349,25458,29,29,793,13610,748,15383,822,28993,California
Shasta,2021-03-06,2717,47067,386,19249,2284,27742,47,76,859,12659,1857,17240,906,29899,California
Shasta,2021-03-07,91,47158,3,19252,56,27798,32,108,37,12674,54,17294,69,29968,California
Shasta,2021-03-08,569,47727,47,19299,383,28181,139,247,156,12558,411,17705,295,30263,California
Shasta,2021-03-09,705,48432,48,19347,479,28660,178,425,327,12684,378,18083,504,30767,California
Shasta,2021-03-10,798,49230,256,19603,340,29000,202,627,133,12354,664,18747,334,31101,California
Shasta,2021-03-11,1119,50349,173,19776,673,29673,273,900,659,12827,459,19206,932,32033,California
Shasta,2021-03-12,1522,51871,835,20611,439,30112,248,1148,396,12344,1125,20331,642,32675,California
Shasta,2021-03-13,757,52628,425,21036,232,30344,100,1248,474,12635,282,20613,573,33248,California
Shasta,2021-03-14,961,53589,8,21044,931,31275,22,1270,823,13342,138,20751,845,34093,California
Shasta,2021-03-15,496,54085,35,21079,361,31636,100,1370,209,13363,287,21038,308,34401,California
Shasta,2021-03-16,1128,55213,146,21225,915,32551,67,1437,846,13994,282,21320,913,35314,California
Shasta,2021-03-17,731,55944,190,21415,483,33034,58,1495,393,14113,332,21652,451,35765,California
Shasta,2021-03-18,1184,57128,236,21651,845,33879,103,1598,810,14656,370,22022,913,36678,California
Shasta,2021-03-19,643,57771,197,21848,391,34270,55,1653,408,14885,234,22256,463,37141,California
Shasta,2021-03-20,748,58519,490,22338,244,34514,14,1667,600,15351,148,22404,614,37755,California
Shasta,2021-03-21,312,58831,297,22635,4,34518,11,1678,286,15623,25,22429,297,38052,California
Shasta,2021-03-22,348,59179,37,22672,276,34794,35,1713,201,15713,146,22575,236,38288,California
Shasta,2021-03-23,816,59995,158,22830,600,35394,58,1771,625,16210,186,22761,683,38971,California
Shasta,2021-03-24,608,60603,156,22986,415,35809,37,1808,366,16375,241,23002,406,39377,California
Shasta,2021-03-25,875,61478,194,23180,664,36473,17,1825,639,16802,233,23235,660,40037,California
Shasta,2021-03-26,1533,63011,1099,24279,404,36877,30,1855,1176,17652,357,23592,1207,41244,California
Shasta,2021-03-27,1589,64600,405,24684,316,37193,868,2723,572,18074,1015,24607,1437,42681,California
Shasta,2021-03-28,404,65004,299,24983,95,37288,10,2733,302,18286,100,24707,312,42993,California
Shasta,2021-03-29,417,65421,41,25024,364,37652,12,2745,163,18208,253,24960,175,43168,California
Shasta,2021-03-30,648,66069,186,25210,455,38107,7,2752,434,18439,211,25171,442,43610,California
Shasta,2021-03-31,622,66691,208,25418,409,38516,5,2757,387,18601,230,25401,392,44002,California
Shasta,2021-04-01,893,67584,245,25663,636,39152,12,2769,576,18873,316,25717,588,44590,California
Shasta,2021-04-02,751,68335,202,25865,497,39649,52,2821,411,18999,337,26054,463,45053,California
Shasta,2021-04-03,518,68853,366,26231,133,39782,19,2840,394,19288,124,26178,413,45466,California
Shasta,2021-04-04,292,69145,178,26409,94,39876,20,2860,218,19452,74,26252,238,45704,California
Shasta,2021-04-05,439,69584,67,26476,309,40185,63,2923,253,19582,186,26438,316,46020,California
Shasta,2021-04-06,838,70422,171,26647,493,40678,174,3097,389,19697,447,26885,562,46582,California
Shasta,2021-04-07,649,71071,211,26858,275,40953,163,3260,254,19724,390,27275,417,46999,California
Shasta,2021-04-08,1134,72205,260,27118,721,41674,153,3413,229,19203,903,28178,382,47381,California
Shasta,2021-04-09,2576,74781,2060,29178,307,41981,209,3622,2015,20869,556,28734,2222,49603,California
Shasta,2021-04-10,876,75657,594,29772,154,42135,128,3750,264,20649,612,29346,392,49995,California
Shasta,2021-04-11,1197,76854,396,30168,781,42916,20,3770,143,19764,1051,30397,166,50161,California
Shasta,2021-04-12,333,77187,8,30176,265,43181,60,3830,96,19683,236,30633,155,50316,California
Shasta,2021-04-13,1048,78235,162,30338,884,44065,2,3832,293,19224,753,31386,294,50610,California
Shasta,2021-04-14,602,78837,143,30481,457,44522,2,3834,225,19075,376,31762,227,50837,California
Shasta,2021-04-15,1061,79898,259,30740,802,45324,0,3834,305,18626,754,32516,305,51142,California
Shasta,2021-04-16,2327,82225,1833,32573,494,45818,0,3834,950,18443,1376,33892,1193,52335,California
Shasta,2021-04-17,642,82867,410,32983,232,46050,0,3834,197,18195,445,34337,197,52532,California
Shasta,2021-04-18,266,83133,241,33224,25,46075,0,3834,33,17997,231,34568,33,52565,California
Shasta,2021-04-19,383,83516,31,33255,352,46427,0,3834,165,17944,218,34786,165,52730,California
Shasta,2021-04-20,1011,84527,257,33512,754,47181,0,3834,382,17698,628,35414,382,53112,California
Shasta,2021-04-21,593,85120,214,33726,379,47560,0,3834,302,17709,291,35705,302,53414,California
Shasta,2021-04-22,934,86054,289,34015,645,48205,0,3834,305,17387,627,36332,305,53719,California
Shasta,2021-04-23,643,86697,265,34280,378,48583,0,3834,316,17376,327,36659,316,54035,California
Shasta,2021-04-24,304,87001,87,34367,217,48800,0,3834,78,17228,226,36885,78,54113,California
Shasta,2021-04-25,98,87099,67,34434,31,48831,0,3834,36,17202,62,36947,36,54149,California
Shasta,2021-04-26,377,87476,54,34488,318,49149,5,3839,273,17376,103,37050,277,54426,California
Shasta,2021-04-27,310,87786,80,34568,213,49362,17,3856,171,17425,137,37187,186,54612,California
Shasta,2021-04-28,201,87987,49,34617,143,49505,9,3865,59,17351,142,37329,68,54680,California
Sierra,2020-12-18,1,1,1,1,0,0,0,0,1,1,0,0,1,1,California
Sierra,2020-12-21,2,3,2,3,0,0,0,0,2,3,0,0,2,3,California
Sierra,2020-12-22,12,15,12,15,0,0,0,0,12,15,0,0,12,15,California
Sierra,2020-12-23,4,19,4,19,0,0,0,0,4,19,0,0,4,19,California
Sierra,2020-12-28,1,20,0,19,1,1,0,0,1,20,0,0,1,20,California
Sierra,2020-12-29,49,69,7,26,42,43,0,0,49,69,0,0,49,69,California
Sierra,2020-12-30,2,71,0,26,2,45,0,0,2,71,0,0,2,71,California
Sierra,2020-12-31,13,84,0,26,13,58,0,0,13,84,0,0,13,84,California
Sierra,2021-01-01,1,85,1,27,0,58,0,0,1,85,0,0,1,85,California
Sierra,2021-01-05,64,149,2,29,62,120,0,0,64,149,0,0,64,149,California
Sierra,2021-01-06,1,150,1,30,0,120,0,0,1,150,0,0,1,150,California
Sierra,2021-01-07,21,171,1,31,20,140,0,0,20,169,1,1,20,170,California
Sierra,2021-01-08,1,172,1,32,0,140,0,0,1,170,0,1,1,171,California
Sierra,2021-01-11,3,175,3,35,0,140,0,0,0,167,3,4,0,171,California
Sierra,2021-01-12,40,215,12,47,28,168,0,0,28,183,12,16,28,199,California
Sierra,2021-01-13,4,219,3,50,1,169,0,0,1,181,3,19,1,200,California
Sierra,2021-01-14,35,254,2,52,33,202,0,0,35,216,0,19,35,235,California
Sierra,2021-01-15,3,257,1,53,2,204,0,0,3,219,0,19,3,238,California
Sierra,2021-01-18,2,259,0,53,2,206,0,0,2,221,0,19,2,240,California
Sierra,2021-01-19,32,291,0,53,32,238,0,0,32,253,0,19,32,272,California
Sierra,2021-01-20,1,292,1,54,0,238,0,0,1,254,0,19,1,273,California
Sierra,2021-01-21,53,345,0,54,53,291,0,0,53,307,0,19,53,326,California
Sierra,2021-01-22,2,347,0,54,2,293,0,0,2,309,0,19,2,328,California
Sierra,2021-01-23,2,349,0,54,2,295,0,0,2,311,0,19,2,330,California
Sierra,2021-01-26,62,411,0,54,62,357,0,0,24,297,38,57,24,354,California
Sierra,2021-01-27,4,415,4,58,0,357,0,0,0,293,4,61,0,354,California
Sierra,2021-01-28,53,468,0,58,53,410,0,0,43,326,10,71,43,397,California
Sierra,2021-01-29,2,470,0,58,2,412,0,0,2,328,0,71,2,399,California
Sierra,2021-01-30,3,473,3,61,0,412,0,0,2,329,1,72,2,401,California
Sierra,2021-02-01,1,474,0,61,1,413,0,0,0,328,1,73,0,401,California
Sierra,2021-02-02,58,532,1,62,57,470,0,0,19,308,39,112,19,420,California
Sierra,2021-02-03,6,538,5,67,1,471,0,0,5,312,1,113,5,425,California
Sierra,2021-02-04,105,643,6,73,99,570,0,0,56,319,49,162,56,481,California
Sierra,2021-02-05,6,649,4,77,2,572,0,0,5,323,1,163,5,486,California
Sierra,2021-02-09,51,700,0,77,51,623,0,0,48,368,3,166,48,534,California
Sierra,2021-02-10,5,705,2,79,3,626,0,0,4,371,1,167,4,538,California
Sierra,2021-02-11,196,901,1,80,195,821,0,0,134,443,62,229,134,672,California
Sierra,2021-02-12,21,922,0,80,21,842,0,0,20,462,1,230,20,692,California
Sierra,2021-02-13,1,923,1,81,0,842,0,0,1,463,0,230,1,693,California
Sierra,2021-02-14,1,924,0,81,1,843,0,0,1,464,0,230,1,694,California
Sierra,2021-02-15,2,926,2,83,0,843,0,0,0,462,2,232,0,694,California
Sierra,2021-02-16,43,969,0,83,43,886,0,0,10,439,33,265,10,704,California
Sierra,2021-02-17,4,973,0,83,4,890,0,0,1,437,3,268,1,705,California
Sierra,2021-02-18,141,1114,0,83,141,1031,0,0,91,478,50,318,91,796,California
Sierra,2021-02-19,2,1116,1,84,1,1032,0,0,1,478,1,319,1,797,California
Sierra,2021-02-20,2,1118,2,86,0,1032,0,0,0,476,2,321,0,797,California
Sierra,2021-02-22,1,1119,1,87,0,1032,0,0,1,477,0,321,1,798,California
Sierra,2021-02-23,4,1123,0,87,4,1036,0,0,4,481,0,321,4,802,California
Sierra,2021-02-24,4,1127,3,90,1,1037,0,0,3,483,1,322,3,805,California
Sierra,2021-02-25,125,1252,2,92,123,1160,0,0,58,475,66,388,58,863,California
Sierra,2021-02-26,11,1263,6,98,5,1165,0,0,4,472,7,395,4,867,California
Sierra,2021-02-27,2,1265,2,100,0,1165,0,0,0,470,2,397,0,867,California
Sierra,2021-03-01,2,1267,2,102,0,1165,0,0,0,468,2,399,0,867,California
Sierra,2021-03-02,56,1323,0,102,56,1221,0,0,38,488,18,417,38,905,California
Sierra,2021-03-03,2,1325,2,104,0,1221,0,0,1,488,1,418,1,906,California
Sierra,2021-03-04,108,1433,0,104,108,1329,0,0,58,496,50,468,58,964,California
Sierra,2021-03-05,13,1446,1,105,12,1341,0,0,11,505,2,470,11,975,California
Sierra,2021-03-07,1,1447,1,106,0,1341,0,0,0,504,1,471,0,975,California
Sierra,2021-03-08,2,1449,2,108,0,1341,0,0,2,506,0,471,2,977,California
Sierra,2021-03-09,56,1505,0,108,56,1397,0,0,12,474,44,515,12,989,California
Sierra,2021-03-10,6,1511,0,108,6,1403,0,0,4,476,2,517,4,993,California
Sierra,2021-03-11,175,1686,0,108,175,1578,0,0,43,388,131,648,43,1036,California
Sierra,2021-03-12,20,1706,1,109,19,1597,0,0,0,368,20,668,0,1036,California
Sierra,2021-03-13,28,1734,0,109,28,1625,0,0,28,396,0,668,28,1064,California
Sierra,2021-03-14,1,1735,0,109,0,1625,1,1,0,396,1,669,1,1065,California
Sierra,2021-03-15,2,1737,1,110,1,1626,0,1,0,394,2,671,0,1065,California
Sierra,2021-03-16,36,1773,0,110,35,1661,1,2,23,405,13,684,24,1089,California
Sierra,2021-03-17,4,1777,3,113,1,1662,0,2,1,403,3,687,1,1090,California
Sierra,2021-03-18,158,1935,0,113,158,1820,0,2,65,375,93,780,65,1155,California
Sierra,2021-03-19,4,1939,2,115,2,1822,0,2,1,373,3,783,1,1156,California
Sierra,2021-03-20,1,1940,0,115,1,1823,0,2,1,374,0,783,1,1157,California
Sierra,2021-03-23,22,1962,0,115,22,1845,0,2,13,378,9,792,13,1170,California
Sierra,2021-03-24,3,1965,1,116,2,1847,0,2,1,377,2,794,1,1171,California
Sierra,2021-03-25,100,2065,1,117,99,1946,0,2,51,379,49,843,51,1222,California
Sierra,2021-03-26,12,2077,1,118,11,1957,0,2,9,385,3,846,9,1231,California
Sierra,2021-03-27,2,2079,1,119,1,1958,0,2,0,383,2,848,0,1231,California
Sierra,2021-03-29,1,2080,1,120,0,1958,0,2,0,382,1,849,0,1231,California
Sierra,2021-03-30,55,2135,1,121,54,2012,0,2,22,371,33,882,22,1253,California
Sierra,2021-03-31,8,2143,0,121,8,2020,0,2,8,379,0,882,8,1261,California
Sierra,2021-04-01,60,2203,2,123,58,2078,0,2,6,331,54,936,6,1267,California
Sierra,2021-04-02,3,2206,2,125,1,2079,0,2,2,332,1,937,2,1269,California
Sierra,2021-04-05,1,2207,1,126,0,2079,0,2,1,333,0,937,1,1270,California
Sierra,2021-04-06,10,2217,0,126,10,2089,0,2,0,323,10,947,0,1270,California
Sierra,2021-04-07,15,2232,3,129,6,2095,6,8,3,321,11,958,9,1279,California
Sierra,2021-04-08,54,2286,2,131,52,2147,0,8,17,301,37,995,17,1296,California
Sierra,2021-04-09,2,2288,2,133,0,2147,0,8,1,301,1,996,1,1297,California
Sierra,2021-04-10,27,2315,0,133,27,2174,0,8,0,274,27,1023,0,1297,California
Sierra,2021-04-13,46,2361,0,133,46,2220,0,8,5,238,41,1064,5,1302,California
Sierra,2021-04-14,2,2363,1,134,1,2221,0,8,2,240,0,1064,2,1304,California
Sierra,2021-04-15,49,2412,1,135,48,2269,0,8,2,195,47,1111,2,1306,California
Sierra,2021-04-16,1,2413,0,135,1,2270,0,8,1,196,0,1111,1,1307,California
Sierra,2021-04-17,2,2415,1,136,1,2271,0,8,1,196,1,1112,1,1308,California
Sierra,2021-04-19,1,2416,1,137,0,2271,0,8,0,195,1,1113,0,1308,California
Sierra,2021-04-20,34,2450,1,138,33,2304,0,8,7,175,27,1140,7,1315,California
Sierra,2021-04-21,2,2452,1,139,1,2305,0,8,1,175,1,1141,1,1316,California
Sierra,2021-04-22,64,2516,2,141,62,2367,0,8,3,118,60,1201,3,1319,California
Sierra,2021-04-23,12,2528,0,141,12,2379,0,8,4,114,8,1209,4,1323,California
Sierra,2021-04-24,4,2532,0,141,4,2383,0,8,4,118,0,1209,4,1327,California
Sierra,2021-04-27,22,2554,1,142,21,2404,0,8,2,100,20,1229,2,1329,California
Sierra,2021-04-28,5,2559,0,142,5,2409,0,8,0,96,4,1233,0,1329,California
Siskiyou,2020-12-16,2,2,2,2,0,0,0,0,2,2,0,0,2,2,California
Siskiyou,2020-12-17,4,6,4,6,0,0,0,0,4,6,0,0,4,6,California
Siskiyou,2020-12-18,2,8,2,8,0,0,0,0,2,8,0,0,2,8,California
Siskiyou,2020-12-19,4,12,4,12,0,0,0,0,4,12,0,0,4,12,California
Siskiyou,2020-12-20,1,13,1,13,0,0,0,0,1,13,0,0,1,13,California
Siskiyou,2020-12-21,132,145,132,145,0,0,0,0,132,145,0,0,132,145,California
Siskiyou,2020-12-22,159,304,159,304,0,0,0,0,159,304,0,0,159,304,California
Siskiyou,2020-12-23,142,446,142,446,0,0,0,0,142,446,0,0,142,446,California
Siskiyou,2020-12-24,5,451,5,451,0,0,0,0,5,451,0,0,5,451,California
Siskiyou,2020-12-26,2,453,0,451,2,2,0,0,2,453,0,0,2,453,California
Siskiyou,2020-12-27,2,455,0,451,2,4,0,0,2,455,0,0,2,455,California
Siskiyou,2020-12-28,3,458,1,452,2,6,0,0,3,458,0,0,3,458,California
Siskiyou,2020-12-29,6,464,2,454,4,10,0,0,6,464,0,0,6,464,California
Siskiyou,2020-12-30,98,562,3,457,95,105,0,0,98,562,0,0,98,562,California
Siskiyou,2020-12-31,12,574,0,457,12,117,0,0,12,574,0,0,12,574,California
Siskiyou,2021-01-02,1,575,1,458,0,117,0,0,1,575,0,0,1,575,California
Siskiyou,2021-01-03,1,576,0,458,1,118,0,0,1,576,0,0,1,576,California
Siskiyou,2021-01-04,130,706,3,461,127,245,0,0,130,706,0,0,130,706,California
Siskiyou,2021-01-05,117,823,4,465,113,358,0,0,116,821,1,1,116,822,California
Siskiyou,2021-01-06,59,882,6,471,53,411,0,0,55,872,4,5,55,877,California
Siskiyou,2021-01-07,177,1059,4,475,173,584,0,0,176,1047,1,6,176,1053,California
Siskiyou,2021-01-08,41,1100,3,478,38,622,0,0,39,1084,2,8,39,1092,California
Siskiyou,2021-01-09,2,1102,2,480,0,622,0,0,0,1082,2,10,0,1092,California
Siskiyou,2021-01-11,226,1328,65,545,161,783,0,0,163,1182,63,73,163,1255,California
Siskiyou,2021-01-12,322,1650,274,819,48,831,0,0,88,1037,234,307,89,1344,California
Siskiyou,2021-01-13,157,1807,137,956,20,851,0,0,23,926,134,441,23,1367,California
Siskiyou,2021-01-14,26,1833,1,957,25,876,0,0,25,950,1,442,25,1392,California
Siskiyou,2021-01-15,35,1868,3,960,32,908,0,0,35,985,0,442,35,1427,California
Siskiyou,2021-01-16,7,1875,2,962,5,913,0,0,7,992,0,442,7,1434,California
Siskiyou,2021-01-17,1,1876,1,963,0,913,0,0,0,991,1,443,0,1434,California
Siskiyou,2021-01-18,76,1952,4,967,72,985,0,0,74,1063,2,445,74,1508,California
Siskiyou,2021-01-19,21,1973,1,968,20,1005,0,0,20,1082,1,446,20,1528,California
Siskiyou,2021-01-20,46,2019,34,1002,12,1017,0,0,42,1120,4,450,42,1570,California
Siskiyou,2021-01-21,42,2061,1,1003,41,1058,0,0,42,1162,0,450,42,1612,California
Siskiyou,2021-01-22,1329,3390,1177,2180,152,1210,0,0,1329,2491,0,450,1329,2941,California
Siskiyou,2021-01-23,5,3395,1,2181,4,1214,0,0,2,2490,3,453,2,2943,California
Siskiyou,2021-01-25,182,3577,8,2189,174,1388,0,0,178,2664,4,457,178,3121,California
Siskiyou,2021-01-26,148,3725,3,2192,145,1533,0,0,140,2796,8,465,140,3261,California
Siskiyou,2021-01-27,181,3906,1,2193,180,1713,0,0,126,2867,55,520,126,3387,California
Siskiyou,2021-01-28,232,4138,118,2311,114,1827,0,0,226,3087,6,526,226,3613,California
Siskiyou,2021-01-29,248,4386,2,2313,246,2073,0,0,246,3331,2,528,246,3859,California
Siskiyou,2021-01-30,3,4389,2,2315,1,2074,0,0,3,3334,0,528,3,3862,California
Siskiyou,2021-02-01,195,4584,3,2318,192,2266,0,0,105,3349,90,618,105,3967,California
Siskiyou,2021-02-02,289,4873,45,2363,244,2510,0,0,147,3354,142,760,147,4114,California
Siskiyou,2021-02-03,313,5186,1,2364,312,2822,0,0,264,3569,49,809,264,4378,California
Siskiyou,2021-02-04,320,5506,7,2371,313,3135,0,0,200,3649,120,929,200,4578,California
Siskiyou,2021-02-05,512,6018,4,2375,508,3643,0,0,347,3831,165,1094,347,4925,California
Siskiyou,2021-02-06,15,6033,0,2375,15,3658,0,0,15,3846,0,1094,15,4940,California
Siskiyou,2021-02-07,3,6036,2,2377,1,3659,0,0,3,3849,0,1094,3,4943,California
Siskiyou,2021-02-08,221,6257,5,2382,216,3875,0,0,216,4060,5,1099,216,5159,California
Siskiyou,2021-02-09,196,6453,4,2386,192,4067,0,0,163,4190,33,1132,163,5322,California
Siskiyou,2021-02-10,369,6822,39,2425,330,4397,0,0,316,4454,52,1184,316,5638,California
Siskiyou,2021-02-11,191,7013,1,2426,190,4587,0,0,175,4613,16,1200,175,5813,California
Siskiyou,2021-02-12,1692,8705,1200,3626,492,5079,0,0,501,3923,1191,2391,501,6314,California
Siskiyou,2021-02-13,36,8741,2,3628,34,5113,0,0,32,3951,4,2395,32,6346,California
Siskiyou,2021-02-14,5,8746,1,3629,4,5117,0,0,5,3956,0,2395,5,6351,California
Siskiyou,2021-02-15,107,8853,10,3639,97,5214,0,0,105,4059,2,2397,105,6456,California
Siskiyou,2021-02-16,114,8967,2,3641,112,5326,0,0,99,4143,15,2412,99,6555,California
Siskiyou,2021-02-17,184,9151,15,3656,169,5495,0,0,170,4299,14,2426,170,6725,California
Siskiyou,2021-02-18,221,9372,89,3745,132,5627,0,0,98,4274,123,2549,98,6823,California
Siskiyou,2021-02-19,70,9442,33,3778,37,5664,0,0,34,4272,36,2585,34,6857,California
Siskiyou,2021-02-20,21,9463,3,3781,18,5682,0,0,17,4285,4,2589,17,6874,California
Siskiyou,2021-02-21,1,9464,1,3782,0,5682,0,0,1,4286,0,2589,1,6875,California
Siskiyou,2021-02-22,124,9588,1,3783,123,5805,0,0,18,4198,106,2695,18,6893,California
Siskiyou,2021-02-23,195,9783,15,3798,180,5985,0,0,51,4105,144,2839,51,6944,California
Siskiyou,2021-02-24,147,9930,4,3802,143,6128,0,0,35,4028,112,2951,35,6979,California
Siskiyou,2021-02-25,300,10230,24,3826,276,6404,0,0,154,4036,146,3097,154,7133,California
Siskiyou,2021-02-26,667,10897,9,3835,658,7062,0,0,365,4099,302,3399,365,7498,California
Siskiyou,2021-02-27,33,10930,5,3840,28,7090,0,0,28,4122,5,3404,28,7526,California
Siskiyou,2021-02-28,5,10935,4,3844,1,7091,0,0,4,4125,1,3405,4,7530,California
Siskiyou,2021-03-01,280,11215,6,3850,274,7365,0,0,50,3945,230,3635,50,7580,California
Siskiyou,2021-03-02,190,11405,1,3851,189,7554,0,0,70,3895,120,3755,70,7650,California
Siskiyou,2021-03-03,343,11748,7,3858,336,7890,0,0,153,3858,190,3945,153,7803,California
Siskiyou,2021-03-04,784,12532,612,4470,172,8062,0,0,628,4330,156,4101,628,8431,California
Siskiyou,2021-03-05,324,12856,6,4476,307,8369,11,11,104,4228,217,4318,115,8546,California
Siskiyou,2021-03-06,42,12898,2,4478,33,8402,7,18,27,4247,15,4333,34,8580,California
Siskiyou,2021-03-07,12,12910,4,4482,0,8402,8,26,3,4249,9,4342,11,8591,California
Siskiyou,2021-03-08,361,13271,31,4513,295,8697,35,61,59,4041,302,4644,94,8685,California
Siskiyou,2021-03-09,162,13433,0,4513,109,8806,53,114,56,4044,106,4750,109,8794,California
Siskiyou,2021-03-10,221,13654,7,4520,184,8990,30,144,31,3915,190,4940,61,8855,California
Siskiyou,2021-03-11,469,14123,203,4723,219,9209,47,191,270,4034,198,5138,317,9172,California
Siskiyou,2021-03-12,646,14769,141,4864,466,9675,39,230,184,3797,460,5598,223,9395,California
Siskiyou,2021-03-13,428,15197,381,5245,24,9699,23,253,382,4156,46,5644,405,9800,California
Siskiyou,2021-03-14,21,15218,1,5246,4,9703,16,269,3,4157,18,5662,19,9819,California
Siskiyou,2021-03-15,453,15671,257,5503,176,9879,20,289,321,4366,132,5794,341,10160,California
Siskiyou,2021-03-16,255,15926,32,5535,206,10085,17,306,140,4409,114,5908,157,10317,California
Siskiyou,2021-03-17,201,16127,9,5544,184,10269,8,314,34,4284,167,6075,42,10359,California
Siskiyou,2021-03-18,925,17052,787,6331,126,10395,12,326,809,4989,116,6191,821,11180,California
Siskiyou,2021-03-19,66,17118,9,6340,44,10439,13,339,20,4976,46,6237,33,11213,California
Siskiyou,2021-03-20,30,17148,7,6347,18,10457,5,344,6,4963,24,6261,11,11224,California
Siskiyou,2021-03-21,10,17158,4,6351,1,10458,5,349,4,4966,6,6267,9,11233,California
Siskiyou,2021-03-22,207,17365,21,6372,164,10622,22,371,144,5072,60,6327,166,11399,California
Siskiyou,2021-03-23,195,17560,19,6391,166,10788,10,381,141,5169,54,6381,151,11550,California
Siskiyou,2021-03-24,141,17701,48,6439,93,10881,0,381,116,5260,25,6406,116,11666,California
Siskiyou,2021-03-25,568,18269,318,6757,247,11128,3,384,398,5491,170,6576,401,12067,California
Siskiyou,2021-03-26,300,18569,32,6789,268,11396,0,384,101,5395,197,6773,101,12168,California
Siskiyou,2021-03-27,37,18606,4,6793,28,11424,5,389,9,5381,28,6801,14,12182,California
Siskiyou,2021-03-28,7,18613,7,6800,0,11424,0,389,4,5382,3,6804,4,12186,California
Siskiyou,2021-03-29,98,18711,11,6811,85,11509,2,391,47,5381,50,6854,49,12235,California
Siskiyou,2021-03-30,98,18809,3,6814,94,11603,1,392,38,5360,60,6914,39,12274,California
Siskiyou,2021-03-31,189,18998,22,6836,165,11768,2,394,50,5275,138,7052,53,12327,California
Siskiyou,2021-04-01,824,19822,668,7504,156,11924,0,394,216,4883,608,7660,216,12543,California
Siskiyou,2021-04-02,343,20165,196,7700,143,12067,4,398,64,4673,278,7938,68,12611,California
Siskiyou,2021-04-03,25,20190,4,7704,14,12081,7,405,5,4665,20,7958,12,12623,California
Siskiyou,2021-04-04,2,20192,2,7706,0,12081,0,405,1,4665,1,7959,1,12624,California
Siskiyou,2021-04-05,436,20628,330,8036,79,12160,27,432,24,4305,411,8370,51,12675,California
Siskiyou,2021-04-06,216,20844,32,8068,131,12291,53,485,123,4388,92,8462,175,12850,California
Siskiyou,2021-04-07,116,20960,11,8079,63,12354,42,527,66,4446,50,8512,108,12958,California
Siskiyou,2021-04-08,346,21306,183,8262,122,12476,41,568,60,4261,286,8798,101,13059,California
Siskiyou,2021-04-09,547,21853,380,8642,130,12606,37,605,84,3921,462,9260,122,13181,California
Siskiyou,2021-04-10,45,21898,6,8648,2,12608,37,642,6,3925,39,9299,43,13224,California
Siskiyou,2021-04-11,8,21906,5,8653,1,12609,2,644,2,3923,6,9305,4,13228,California
Siskiyou,2021-04-12,129,22035,25,8678,103,12712,1,645,49,3893,80,9385,50,13278,California
Siskiyou,2021-04-13,204,22239,36,8714,167,12879,1,646,78,3846,126,9511,79,13357,California
Siskiyou,2021-04-14,158,22397,66,8780,92,12971,0,646,86,3862,70,9581,86,13443,California
Siskiyou,2021-04-15,1116,23513,955,9735,161,13132,0,646,437,3620,679,10260,437,13880,California
Siskiyou,2021-04-16,287,23800,197,9932,90,13222,0,646,257,3850,29,10289,259,14139,California
Siskiyou,2021-04-17,12,23812,9,9941,3,13225,0,646,8,3854,4,10293,8,14147,California
Siskiyou,2021-04-18,5,23817,3,9944,2,13227,0,646,2,3853,3,10296,2,14149,California
Siskiyou,2021-04-19,125,23942,22,9966,103,13330,0,646,43,3814,82,10378,43,14192,California
Siskiyou,2021-04-20,238,24180,4,9970,234,13564,0,646,95,3766,143,10521,95,14287,California
Siskiyou,2021-04-21,94,24274,12,9982,82,13646,0,646,26,3724,68,10589,26,14313,California
Siskiyou,2021-04-22,411,24685,299,10281,112,13758,0,646,49,3411,362,10951,49,14362,California
Siskiyou,2021-04-23,154,24839,16,10297,138,13896,0,646,132,3523,20,10971,132,14494,California
Siskiyou,2021-04-24,14,24853,3,10300,11,13907,0,646,9,3527,5,10976,9,14503,California
Siskiyou,2021-04-25,2,24855,0,10300,2,13909,0,646,2,3529,0,10976,2,14505,California
Siskiyou,2021-04-26,78,24933,7,10307,66,13975,5,651,17,3490,61,11037,22,14527,California
Siskiyou,2021-04-27,64,24997,2,10309,61,14036,1,652,53,3534,10,11047,54,14581,California
Siskiyou,2021-04-28,45,25042,3,10312,42,14078,0,652,23,3535,22,11069,23,14604,California
Solano,2020-12-15,4,4,4,4,0,0,0,0,4,4,0,0,4,4,California
Solano,2020-12-16,71,75,71,75,0,0,0,0,71,75,0,0,71,75,California
Solano,2020-12-17,153,228,153,228,0,0,0,0,153,228,0,0,153,228,California
Solano,2020-12-18,445,673,444,672,1,1,0,0,445,673,0,0,445,673,California
Solano,2020-12-19,516,1189,516,1188,0,1,0,0,516,1189,0,0,516,1189,California
Solano,2020-12-20,354,1543,352,1540,2,3,0,0,354,1543,0,0,354,1543,California
Solano,2020-12-21,573,2116,571,2111,2,5,0,0,573,2116,0,0,573,2116,California
Solano,2020-12-22,662,2778,629,2740,33,38,0,0,662,2778,0,0,662,2778,California
Solano,2020-12-23,858,3636,772,3512,86,124,0,0,857,3635,0,0,857,3635,California
Solano,2020-12-24,421,4057,170,3682,251,375,0,0,421,4056,0,0,421,4056,California
Solano,2020-12-25,10,4067,2,3684,8,383,0,0,10,4066,0,0,10,4066,California
Solano,2020-12-26,175,4242,48,3732,127,510,0,0,175,4241,0,0,175,4241,California
Solano,2020-12-27,104,4346,29,3761,75,585,0,0,104,4345,0,0,104,4345,California
Solano,2020-12-28,864,5210,421,4182,443,1028,0,0,864,5209,0,0,864,5209,California
Solano,2020-12-29,892,6102,374,4556,518,1546,0,0,892,6101,0,0,892,6101,California
Solano,2020-12-30,1210,7312,599,5155,611,2157,0,0,1210,7311,0,0,1210,7311,California
Solano,2020-12-31,535,7847,135,5290,400,2557,0,0,535,7846,0,0,535,7846,California
Solano,2021-01-01,14,7861,13,5303,1,2558,0,0,14,7860,0,0,14,7860,California
Solano,2021-01-02,212,8073,164,5467,48,2606,0,0,212,8072,0,0,212,8072,California
Solano,2021-01-03,58,8131,41,5508,17,2623,0,0,53,8125,0,0,53,8125,California
Solano,2021-01-04,449,8580,245,5753,204,2827,0,0,439,8561,3,3,439,8564,California
Solano,2021-01-05,711,9291,377,6130,334,3161,0,0,557,8969,149,152,557,9121,California
Solano,2021-01-06,833,10124,436,6566,397,3558,0,0,571,9280,260,412,571,9692,California
Solano,2021-01-07,1060,11184,683,7249,377,3935,0,0,604,9431,454,866,605,10297,California
Solano,2021-01-08,1132,12316,775,8024,357,4292,0,0,539,9397,575,1441,541,10838,California
Solano,2021-01-09,885,13201,763,8787,122,4414,0,0,428,9371,454,1895,428,11266,California
Solano,2021-01-10,254,13455,194,8981,60,4474,0,0,153,9423,101,1996,153,11419,California
Solano,2021-01-11,1328,14783,1117,10098,211,4685,0,0,812,9719,516,2512,812,12231,California
Solano,2021-01-12,1561,16344,1165,11263,396,5081,0,0,1013,10186,547,3059,1014,13245,California
Solano,2021-01-13,1464,17808,1005,12268,459,5540,0,0,1204,11132,258,3317,1204,14449,California
Solano,2021-01-14,1869,19677,798,13066,1071,6611,0,0,1555,12373,314,3631,1555,16004,California
Solano,2021-01-15,1687,21364,1056,14122,631,7242,0,0,1389,13464,298,3929,1389,17393,California
Solano,2021-01-16,1290,22654,903,15025,387,7629,0,0,1115,14404,175,4104,1115,18508,California
Solano,2021-01-17,1042,23696,760,15785,282,7911,0,0,1024,15410,18,4122,1024,19532,California
Solano,2021-01-18,1407,25103,857,16642,550,8461,0,0,1288,16581,119,4241,1290,20822,California
Solano,2021-01-19,1644,26747,1336,17978,308,8769,0,0,1373,17684,270,4511,1373,22195,California
Solano,2021-01-20,2029,28776,1418,19396,611,9380,0,0,1545,18748,481,4992,1545,23740,California
Solano,2021-01-21,3153,31929,999,20395,2154,11534,0,0,2810,21216,343,5335,2811,26551,California
Solano,2021-01-22,1752,33681,843,21238,909,12443,0,0,1562,22588,190,5525,1562,28113,California
Solano,2021-01-23,732,34413,238,21476,494,12937,0,0,529,22914,204,5729,530,28643,California
Solano,2021-01-24,401,34814,60,21536,341,13278,0,0,335,23183,66,5795,335,28978,California
Solano,2021-01-25,1637,36451,622,22158,1015,14293,0,0,1086,23719,551,6346,1087,30065,California
Solano,2021-01-26,1770,38221,736,22894,1034,15327,0,0,1140,24231,629,6975,1141,31206,California
Solano,2021-01-27,1770,39991,726,23620,1044,16371,0,0,1177,24828,580,7555,1177,32383,California
Solano,2021-01-28,1900,41891,703,24323,1197,17568,0,0,1310,25550,589,8144,1311,33694,California
Solano,2021-01-29,1698,43589,782,25105,916,18484,0,0,1345,26544,351,8495,1345,35039,California
Solano,2021-01-30,710,44299,220,25325,490,18974,0,0,549,26932,161,8656,549,35588,California
Solano,2021-01-31,486,44785,394,25719,92,19066,0,0,231,26909,255,8911,232,35820,California
Solano,2021-02-01,1504,46289,985,26704,519,19585,0,0,763,26934,738,9649,763,36583,California
Solano,2021-02-02,3335,49624,1111,27815,2224,21809,0,0,2532,28667,799,10448,2532,39115,California
Solano,2021-02-03,2253,51877,1303,29118,950,22759,0,0,1171,28760,1078,11526,1171,40286,California
Solano,2021-02-04,1768,53645,907,30025,861,23620,0,0,1050,29097,713,12239,1050,41336,California
Solano,2021-02-05,3073,56718,1408,31433,1665,25285,0,0,2077,30187,987,13226,2077,43413,California
Solano,2021-02-06,3045,59763,1169,32602,1876,27161,0,0,2230,31606,811,14037,2230,45643,California
Solano,2021-02-07,848,60611,784,33386,64,27225,0,0,231,31220,617,14654,231,45874,California
Solano,2021-02-08,1714,62325,1232,34618,482,27707,0,0,683,30874,1029,15683,683,46557,California
Solano,2021-02-09,1904,64229,1473,36091,431,28138,0,0,682,30335,1221,16904,682,47239,California
Solano,2021-02-10,2257,66486,1496,37587,761,28899,0,0,829,29736,1428,18332,829,48068,California
Solano,2021-02-11,2452,68938,1445,39032,1007,29906,0,0,1172,29638,1270,19602,1172,49240,California
Solano,2021-02-12,4147,73085,1599,40631,2548,32454,0,0,2835,31168,1305,20907,2835,52075,California
Solano,2021-02-13,2819,75904,244,40875,2575,35029,0,0,2432,33216,384,21291,2432,54507,California
Solano,2021-02-14,690,76594,201,41076,489,35518,0,0,412,33352,276,21567,412,54919,California
Solano,2021-02-15,1295,77889,323,41399,972,36490,0,0,671,33400,623,22190,671,55590,California
Solano,2021-02-16,2493,80382,1325,42724,1168,37658,0,0,1646,34200,846,23036,1646,57236,California
Solano,2021-02-17,2919,83301,1432,44156,1487,39145,0,0,1937,35159,979,24015,1938,59174,California
Solano,2021-02-18,2735,86036,844,45000,1891,41036,0,0,820,34072,1908,25923,821,59995,California
Solano,2021-02-19,2353,88389,1404,46404,949,41985,0,0,1143,34011,1206,27129,1145,61140,California
Solano,2021-02-20,2546,90935,381,46785,2165,44150,0,0,2075,35614,472,27601,2075,63215,California
Solano,2021-02-21,2140,93075,1860,48645,280,44430,0,0,1856,37190,280,27881,1856,65071,California
Solano,2021-02-22,1688,94763,1022,49667,666,45096,0,0,892,37288,795,28676,893,65964,California
Solano,2021-02-23,2816,97579,1081,50748,1735,46831,0,0,1917,38309,896,29572,1917,67881,California
Solano,2021-02-24,2460,100039,1231,51979,1229,48060,0,0,1382,38615,1076,30648,1382,69263,California
Solano,2021-02-25,2371,102410,1427,53406,944,49004,0,0,1295,38840,1070,31718,1295,70558,California
Solano,2021-02-26,2870,105280,1757,55163,1113,50117,0,0,1561,39098,1303,33021,1561,72119,California
Solano,2021-02-27,3643,108923,1374,56537,2268,52385,1,1,2952,41368,683,33704,2953,75072,California
Solano,2021-02-28,1355,110278,1039,57576,316,52701,0,1,1080,42176,272,33976,1080,76152,California
Solano,2021-03-01,2419,112697,1051,58627,1367,54068,1,2,1816,43395,598,34574,1817,77969,California
Solano,2021-03-02,2130,114827,1362,59989,768,54836,0,2,1268,43801,862,35436,1268,79237,California
Solano,2021-03-03,2199,117026,1247,61236,952,55788,0,2,1371,44352,820,36256,1371,80608,California
Solano,2021-03-04,4332,121358,3397,64633,933,56721,2,4,3159,46349,1167,37423,3164,83772,California
Solano,2021-03-05,4881,126239,1660,66293,3217,59938,4,8,3940,49362,931,38354,3944,87716,California
Solano,2021-03-06,3811,130050,826,67119,2946,62884,39,47,2628,50855,1174,39528,2667,90383,California
Solano,2021-03-07,3495,133545,734,67853,2751,65635,10,57,1926,51233,1559,41087,1937,92320,California
Solano,2021-03-08,2096,135641,1304,69157,521,66156,271,328,1584,52578,509,41596,1854,94174,California
Solano,2021-03-09,3117,138758,1500,70657,1565,67721,52,380,2258,54026,859,42455,2307,96481,California
Solano,2021-03-10,2356,141114,1707,72364,563,68284,86,466,1242,54241,1110,43565,1325,97806,California
Solano,2021-03-11,5966,147080,1718,74082,3994,72278,254,720,4924,58377,1041,44606,5177,102983,California
Solano,2021-03-12,5938,153018,1551,75633,4214,76492,173,893,3170,58955,2765,47371,3343,106326,California
Solano,2021-03-13,4571,157589,805,76438,3682,80174,84,977,2241,58959,2323,49694,2327,108653,California
Solano,2021-03-14,3987,161576,3110,79548,424,80598,453,1430,1653,58732,2330,52024,2103,110756,California
Solano,2021-03-15,3985,165561,2432,81980,1237,81835,316,1746,2511,60091,1468,53492,2827,113583,California
Solano,2021-03-16,3049,168610,1316,83296,1498,83333,235,1981,1556,60393,1488,54980,1790,115373,California
Solano,2021-03-17,6214,174824,1652,84948,4472,87805,90,2071,4806,63885,1404,56384,4896,120269,California
Solano,2021-03-18,5139,179963,1810,86758,3292,91097,37,2108,3797,66384,1334,57718,3833,124102,California
Solano,2021-03-19,2936,182899,2023,88781,840,91937,73,2181,1598,66723,1333,59051,1672,125774,California
Solano,2021-03-20,5482,188381,1663,90444,3765,95702,54,2235,2816,66936,2657,61708,2870,128644,California
Solano,2021-03-21,1666,190047,1565,92009,77,95779,24,2259,853,67000,811,62519,875,129519,California
Solano,2021-03-22,2594,192641,1971,93980,574,96353,49,2308,1619,67698,968,63487,1666,131185,California
Solano,2021-03-23,3426,196067,1599,95579,1785,98138,42,2350,1427,67173,1994,65481,1469,132654,California
Solano,2021-03-24,2794,198861,1748,97327,1012,99150,34,2384,1355,67129,1433,66914,1389,134043,California
Solano,2021-03-25,4621,203482,3751,101078,835,99985,35,2419,2072,66692,2545,69459,2108,136151,California
Solano,2021-03-26,3069,206551,1952,103030,1081,101066,36,2455,1621,66910,1439,70898,1657,137808,California
Solano,2021-03-27,4176,210727,1147,104177,2993,104059,36,2491,1797,66370,2373,73271,1833,139641,California
Solano,2021-03-28,1411,212138,1101,105278,292,104351,18,2509,567,66116,840,74111,586,140227,California
Solano,2021-03-29,3297,215435,1886,107164,1394,105745,17,2526,1471,65786,1818,75929,1488,141715,California
Solano,2021-03-30,2811,218246,1840,109004,881,106626,90,2616,1730,66527,1079,77008,1820,143535,California
Solano,2021-03-31,2943,221189,1950,110954,835,107461,158,2774,1680,67103,1260,78268,1836,145371,California
Solano,2021-04-01,5385,226574,1975,112929,3266,110727,144,2918,3411,68697,1962,80230,3556,148927,California
Solano,2021-04-02,6341,232915,2085,115014,4090,114817,166,3084,2430,67402,3890,84120,2595,151522,California
Solano,2021-04-03,1512,234427,954,115968,406,115223,152,3236,549,67142,961,85081,701,152223,California
Solano,2021-04-04,778,235205,287,116255,190,115413,301,3537,239,67147,535,85616,540,152763,California
Solano,2021-04-05,2844,238049,1902,118157,736,116149,206,3743,1400,67310,1442,87058,1605,154368,California
Solano,2021-04-06,5631,243680,1562,119719,3579,119728,490,4233,1546,65264,4081,91139,2035,156403,California
Solano,2021-04-07,5356,249036,4037,123756,925,120653,394,4627,3049,66407,2299,93438,3442,159845,California
Solano,2021-04-08,6187,255223,1664,125420,3667,124320,856,5483,1686,64468,4476,97914,2537,162382,California
Solano,2021-04-09,5960,261183,1541,126961,3650,127970,769,6252,1423,62141,4519,102433,2192,164574,California
Solano,2021-04-10,1700,262883,944,127905,444,128414,312,6564,787,62328,912,103345,1099,165673,California
Solano,2021-04-11,1182,264065,741,128646,314,128728,127,6691,611,62498,568,103913,738,166411,California
Solano,2021-04-12,3239,267304,1665,130311,1215,129943,359,7050,1376,62373,1858,105771,1733,168144,California
Solano,2021-04-13,2518,269822,1089,131400,1428,131371,1,7051,1314,62488,1200,106971,1315,169459,California
Solano,2021-04-14,6224,276046,1883,133283,4341,135712,0,7051,1866,60009,4345,111316,1866,171325,California
Solano,2021-04-15,5169,281215,1912,135195,3257,138969,0,7051,1633,58115,3527,114843,1633,172958,California
Solano,2021-04-16,3526,284741,2437,137632,1087,140056,2,7053,2266,59130,1255,116098,2270,175228,California
Solano,2021-04-17,3200,287941,1057,138689,2143,142199,0,7053,1121,58180,2072,118170,1122,176350,California
Solano,2021-04-18,991,288932,596,139285,395,142594,0,7053,528,58246,462,118632,528,176878,California
Solano,2021-04-19,2049,290981,1155,140440,894,143488,0,7053,1137,58479,906,119538,1139,178017,California
Solano,2021-04-20,2855,293836,1694,142134,1161,144649,0,7053,1679,58984,1174,120712,1679,179696,California
Solano,2021-04-21,3245,297081,2086,144220,1159,145808,0,7053,1735,59214,1505,122217,1735,181431,California
Solano,2021-04-22,2773,299854,1383,145603,1390,147198,0,7053,1679,59804,1089,123306,1679,183110,California
Solano,2021-04-23,3262,303116,1600,147203,1662,148860,0,7053,1965,60478,1292,124598,1966,185076,California
Solano,2021-04-24,1805,304921,1149,148352,654,149514,2,7055,1350,61381,449,125047,1352,186428,California
Solano,2021-04-25,1038,305959,802,149154,236,149750,0,7055,803,61958,226,125273,803,187231,California
Solano,2021-04-26,2011,307970,1318,150472,689,150439,4,7059,1167,62292,837,126110,1171,188402,California
Solano,2021-04-27,1828,309798,1033,151505,773,151212,22,7081,1026,62541,800,126910,1049,189451,California
Solano,2021-04-28,2036,311834,1599,153104,431,151643,6,7087,1319,63155,712,127622,1326,190777,California
Sonoma,2020-12-15,4,4,4,4,0,0,0,0,4,4,0,0,4,4,California
Sonoma,2020-12-16,27,31,27,31,0,0,0,0,27,31,0,0,27,31,California
Sonoma,2020-12-17,103,134,103,134,0,0,0,0,103,134,0,0,103,134,California
Sonoma,2020-12-18,421,555,421,555,0,0,0,0,421,555,0,0,421,555,California
Sonoma,2020-12-19,111,666,110,665,1,1,0,0,111,666,0,0,111,666,California
Sonoma,2020-12-20,174,840,174,839,0,1,0,0,174,840,0,0,174,840,California
Sonoma,2020-12-21,910,1750,908,1747,2,3,0,0,909,1749,0,0,909,1749,California
Sonoma,2020-12-22,1356,3106,1264,3011,92,95,0,0,1356,3105,0,0,1356,3105,California
Sonoma,2020-12-23,1605,4711,1229,4240,376,471,0,0,1606,4711,0,0,1606,4711,California
Sonoma,2020-12-24,305,5016,101,4341,204,675,0,0,305,5016,0,0,305,5016,California
Sonoma,2020-12-25,8,5024,2,4343,6,681,0,0,8,5024,0,0,8,5024,California
Sonoma,2020-12-26,266,5290,255,4598,11,692,0,0,266,5290,0,0,266,5290,California
Sonoma,2020-12-27,93,5383,80,4678,13,705,0,0,93,5383,0,0,93,5383,California
Sonoma,2020-12-28,987,6370,552,5230,435,1140,0,0,958,6341,0,0,958,6341,California
Sonoma,2020-12-29,1129,7499,776,6006,353,1493,0,0,1095,7436,0,0,1095,7436,California
Sonoma,2020-12-30,1093,8592,479,6485,614,2107,0,0,1085,8521,0,0,1085,8521,California
Sonoma,2020-12-31,518,9110,71,6556,447,2554,0,0,519,9040,0,0,519,9040,California
Sonoma,2021-01-01,10,9120,5,6561,5,2559,0,0,10,9050,0,0,10,9050,California
Sonoma,2021-01-02,132,9252,126,6687,6,2565,0,0,132,9182,0,0,132,9182,California
Sonoma,2021-01-03,25,9277,11,6698,14,2579,0,0,25,9207,0,0,25,9207,California
Sonoma,2021-01-04,340,9617,105,6803,235,2814,0,0,339,9546,0,0,339,9546,California
Sonoma,2021-01-05,437,10054,102,6905,335,3149,0,0,413,9944,15,15,413,9959,California
Sonoma,2021-01-06,948,11002,434,7339,514,3663,0,0,836,10675,105,120,836,10795,California
Sonoma,2021-01-07,1028,12030,535,7874,493,4156,0,0,858,11364,169,289,858,11653,California
Sonoma,2021-01-08,1784,13814,1228,9102,556,4712,0,0,1313,12208,469,758,1313,12966,California
Sonoma,2021-01-09,637,14451,400,9502,237,4949,0,0,589,12749,48,806,589,13555,California
Sonoma,2021-01-10,472,14923,461,9963,11,4960,0,0,279,12835,193,999,279,13834,California
Sonoma,2021-01-11,1381,16304,1235,11198,146,5106,0,0,413,12284,964,1963,413,14247,California
Sonoma,2021-01-12,1547,17851,1294,12492,253,5359,0,0,395,11529,1150,3113,395,14642,California
Sonoma,2021-01-13,2071,19922,1427,13919,644,6003,0,0,1209,11879,859,3972,1209,15851,California
Sonoma,2021-01-14,1530,21452,808,14727,722,6725,0,0,1300,12949,230,4202,1300,17151,California
Sonoma,2021-01-15,1564,23016,634,15361,930,7655,0,0,1344,14083,211,4413,1345,18496,California
Sonoma,2021-01-16,1144,24160,615,15976,529,8184,0,0,899,14741,241,4654,899,19395,California
Sonoma,2021-01-17,668,24828,548,16524,120,8304,0,0,587,15247,81,4735,587,19982,California
Sonoma,2021-01-18,1105,25933,932,17456,173,8477,0,0,614,15371,491,5226,615,20597,California
Sonoma,2021-01-19,2093,28026,1004,18460,1089,9566,0,0,1384,16049,707,5933,1385,21982,California
Sonoma,2021-01-20,2073,30099,624,19084,1449,11015,0,0,1412,16810,652,6585,1413,23395,California
Sonoma,2021-01-21,2235,32334,621,19705,1614,12629,0,0,2016,18610,217,6802,2017,25412,California
Sonoma,2021-01-22,2729,35063,1037,20742,1692,14321,0,0,2581,21044,147,6949,2581,27993,California
Sonoma,2021-01-23,767,35830,592,21334,175,14496,0,0,660,21598,106,7055,660,28653,California
Sonoma,2021-01-24,850,36680,714,22048,136,14632,0,0,834,22416,16,7071,834,29487,California
Sonoma,2021-01-25,2171,38851,520,22568,1651,16283,0,0,1684,23613,487,7558,1684,31171,California
Sonoma,2021-01-26,2009,40860,296,22864,1713,17996,0,0,1553,24711,455,8013,1553,32724,California
Sonoma,2021-01-27,3694,44554,1278,24142,2416,20412,0,0,3121,27264,571,8584,3124,35848,California
Sonoma,2021-01-28,4114,48668,1843,25985,2271,22683,0,0,3444,30043,667,9251,3446,39294,California
Sonoma,2021-01-29,2961,51629,1408,27393,1553,24236,0,0,2129,31343,830,10081,2130,41424,California
Sonoma,2021-01-30,2579,54208,2391,29784,188,24424,0,0,2242,33252,337,10418,2246,43670,California
Sonoma,2021-01-31,777,54985,665,30449,112,24536,0,0,579,33634,197,10615,579,44249,California
Sonoma,2021-02-01,2500,57485,881,31330,1619,26155,0,0,2096,35328,402,11017,2096,46345,California
Sonoma,2021-02-02,3445,60930,1367,32697,2078,28233,0,0,2880,37645,563,11580,2880,49225,California
Sonoma,2021-02-03,4030,64960,1322,34019,2708,30941,0,0,3101,39819,927,12507,3101,52326,California
Sonoma,2021-02-04,4196,69156,1708,35727,2488,33429,0,0,3417,42459,777,13284,3417,55743,California
Sonoma,2021-02-05,4806,73962,1735,37462,3071,36500,0,0,3793,45244,1009,14293,3794,59537,California
Sonoma,2021-02-06,2654,76616,2294,39756,360,36860,0,0,2096,46783,557,14850,2096,61633,California
Sonoma,2021-02-07,1533,78149,1399,41155,134,36994,0,0,1282,47814,251,15101,1282,62915,California
Sonoma,2021-02-08,3254,81403,1033,42188,2221,39215,0,0,2674,49909,579,15680,2674,65589,California
Sonoma,2021-02-09,3552,84955,1696,43884,1856,41071,0,0,3073,52506,477,16157,3074,68663,California
Sonoma,2021-02-10,4406,89361,2360,46244,2046,43117,0,0,3373,54853,1027,17184,3374,72037,California
Sonoma,2021-02-11,5340,94701,2792,49036,2548,45665,0,0,4162,57839,1176,18360,4162,76199,California
Sonoma,2021-02-12,5629,100330,2973,52009,2656,48321,0,0,4212,60641,1413,19773,4215,80414,California
Sonoma,2021-02-13,1983,102313,1152,53161,831,49152,0,0,1205,61071,775,20548,1205,81619,California
Sonoma,2021-02-14,2316,104629,1821,54982,495,49647,0,0,1570,61896,745,21293,1570,83189,California
Sonoma,2021-02-15,2134,106763,788,55770,1346,50993,0,0,1604,62971,529,21822,1604,84793,California
Sonoma,2021-02-16,4613,111376,2050,57820,2563,53556,0,0,3363,65088,1246,23068,3363,88156,California
Sonoma,2021-02-17,5323,116699,2889,60709,2434,55990,0,0,3327,66428,1988,25056,3328,91484,California
Sonoma,2021-02-18,6785,123484,3003,63712,3782,59772,0,0,3876,67403,2901,27957,3876,95360,California
Sonoma,2021-02-19,5369,128853,1663,65375,3706,63478,0,0,3274,68588,2090,30047,3275,98635,California
Sonoma,2021-02-20,3105,131958,2824,68199,281,63759,0,0,1223,67935,1876,31923,1223,99858,California
Sonoma,2021-02-21,517,132475,413,68612,104,63863,0,0,128,67677,386,32309,128,99986,California
Sonoma,2021-02-22,2715,135190,1354,69966,1361,65224,0,0,1042,67051,1668,33977,1042,101028,California
Sonoma,2021-02-23,3094,138284,2067,72033,1027,66251,0,0,1351,66663,1739,35716,1351,102379,California
Sonoma,2021-02-24,5449,143733,2537,74570,2912,69163,0,0,2731,66683,2713,38429,2733,105112,California
Sonoma,2021-02-25,5649,149382,2227,76797,3422,72585,0,0,2974,67003,2654,41083,2974,108086,California
Sonoma,2021-02-26,6020,155402,2746,79543,3274,75859,0,0,3743,68474,2272,43355,3743,111829,California
Sonoma,2021-02-27,4000,159402,1903,81446,2097,77956,0,0,2664,69804,1334,44689,2664,114493,California
Sonoma,2021-02-28,2331,161733,1847,83293,484,78440,0,0,612,68706,1710,46399,612,115105,California
Sonoma,2021-03-01,3667,165400,1129,84422,2538,80978,0,0,1811,68672,1846,48245,1812,116917,California
Sonoma,2021-03-02,4215,169615,1462,85884,2753,83731,0,0,2479,69423,1728,49973,2479,119396,California
Sonoma,2021-03-03,4840,174455,2511,88395,2329,86060,0,0,2248,69086,2585,52558,2248,121644,California
Sonoma,2021-03-04,5686,180141,2441,90836,3245,89305,0,0,2564,68542,3108,55666,2564,124208,California
Sonoma,2021-03-05,6160,186301,2551,93387,3594,92899,15,15,2704,67819,3443,59109,2720,126928,California
Sonoma,2021-03-06,2761,189062,1209,94596,1418,94317,134,149,1897,68991,858,59967,2030,128958,California
Sonoma,2021-03-07,1681,190743,1393,95989,253,94570,35,184,356,68059,1323,61290,391,129349,California
Sonoma,2021-03-08,3882,194625,653,96642,3055,97625,174,358,2216,68791,1656,62946,2388,131737,California
Sonoma,2021-03-09,5434,200059,3001,99643,2191,99816,242,600,2679,68964,2748,65694,2921,134658,California
Sonoma,2021-03-10,5933,205992,3166,102809,2442,102258,325,925,2394,68156,3526,69220,2718,137376,California
Sonoma,2021-03-11,7494,213486,2975,105784,3698,105956,821,1746,2651,66792,4835,74055,3471,140847,California
Sonoma,2021-03-12,7391,220877,2261,108045,3768,109724,1362,3108,2104,64985,5268,79323,3461,144308,California
Sonoma,2021-03-13,3241,224118,1541,109586,1465,111189,235,3343,1847,65671,1393,80716,2079,146387,California
Sonoma,2021-03-14,1376,225494,381,109967,854,112043,141,3484,848,66134,525,81241,988,147375,California
Sonoma,2021-03-15,5214,230708,1498,111465,3331,115374,385,3869,2192,65695,3014,84255,2575,149950,California
Sonoma,2021-03-16,6262,236970,2232,113697,3798,119172,232,4101,3165,65999,3092,87347,3396,153346,California
Sonoma,2021-03-17,6733,243703,3520,117217,3033,122205,180,4281,3536,66527,3188,90535,3716,157062,California
Sonoma,2021-03-18,7102,250805,2932,120149,3558,125763,612,4893,3175,66390,3921,94456,3784,160846,California
Sonoma,2021-03-19,7473,258278,3227,123376,4015,129778,231,5124,3317,65805,4137,98593,3552,164398,California
Sonoma,2021-03-20,3629,261907,1744,125120,1054,130832,831,5955,1971,66953,1651,100244,2799,167197,California
Sonoma,2021-03-21,1376,263283,600,125720,743,131575,33,5988,1211,68034,163,100407,1244,168441,California
Sonoma,2021-03-22,4489,267772,3086,128806,1302,132877,101,6089,3545,70740,940,101347,3646,172087,California
Sonoma,2021-03-23,5788,273560,3598,132404,2114,134991,76,6165,4666,74368,1114,102461,4742,176829,California
Sonoma,2021-03-24,6588,280148,4263,136667,2259,137250,66,6231,4155,76172,2416,104877,4220,181049,California
Sonoma,2021-03-25,6969,287117,4189,140856,2675,139925,105,6336,4340,78011,2607,107484,4446,185495,California
Sonoma,2021-03-26,7270,294387,3446,144302,3736,143661,88,6424,4019,78882,3236,110720,4107,189602,California
Sonoma,2021-03-27,3786,298173,1498,145800,1927,145588,361,6785,1127,77718,2652,113372,1488,191090,California
Sonoma,2021-03-28,1503,299676,946,146746,530,146118,27,6812,944,78133,556,113928,971,192061,California
Sonoma,2021-03-29,2838,302514,1083,147829,1722,147840,33,6845,1638,78608,1196,115124,1671,193732,California
Sonoma,2021-03-30,5661,308175,3121,150950,2478,150318,62,6907,3067,79149,2588,117712,3129,196861,California
Sonoma,2021-03-31,5500,313675,3344,154294,1943,152261,213,7120,3285,80442,2206,119918,3499,200360,California
Sonoma,2021-04-01,6677,320352,3973,158267,2370,154631,334,7454,3583,81274,3080,122998,3912,204272,California
Sonoma,2021-04-02,5904,326256,3537,161804,2258,156889,109,7563,3558,82602,2340,125338,3668,207940,California
Sonoma,2021-04-03,3363,329619,1645,163449,1499,158388,219,7782,1476,82422,1875,127213,1695,209635,California
Sonoma,2021-04-04,1059,330678,689,164138,280,158668,90,7872,669,82795,386,127599,759,210394,California
Sonoma,2021-04-05,4350,335028,582,164720,3431,162099,337,8209,1790,82368,2554,130153,2127,212521,California
Sonoma,2021-04-06,6820,341848,3455,168175,2966,165065,399,8608,3960,83878,2847,133000,4357,216878,California
Sonoma,2021-04-07,6740,348588,3805,171980,2103,167168,832,9440,3272,84518,3460,136460,4100,220978,California
Sonoma,2021-04-08,7470,356058,4086,176066,2618,169786,766,10206,4073,85969,3386,139846,4837,225815,California
Sonoma,2021-04-09,6748,362806,3748,179814,2116,171902,884,11090,3458,87029,3277,143123,4337,230152,California
Sonoma,2021-04-10,3816,366622,1679,181493,1583,173485,554,11644,1110,85991,2697,145820,1659,231811,California
Sonoma,2021-04-11,1277,367899,602,182095,594,174079,81,11725,434,85665,841,146661,515,232326,California
Sonoma,2021-04-12,4932,372831,2051,184146,2400,176479,481,12206,1850,84915,3075,149736,2325,234651,California
Sonoma,2021-04-13,7778,380609,4609,188755,3167,179646,2,12208,2959,83065,4811,154547,2961,237612,California
Sonoma,2021-04-14,6353,386962,3591,192346,2743,182389,19,12227,2506,81758,3832,158379,2525,240137,California
Sonoma,2021-04-15,7077,394039,4021,196367,3056,185445,0,12227,3502,81697,3563,161942,3502,243639,California
Sonoma,2021-04-16,6783,400822,3412,199779,3370,188815,1,12228,3850,82621,2927,164869,3851,247490,California
Sonoma,2021-04-17,3069,403891,1493,201272,1576,190391,0,12228,1489,82537,1574,166443,1490,248980,California
Sonoma,2021-04-18,1199,405090,808,202080,391,190782,0,12228,368,82077,828,167271,368,249348,California
Sonoma,2021-04-19,3275,408365,1873,203953,1402,192184,0,12228,1446,81697,1826,169097,1446,250794,California
Sonoma,2021-04-20,6242,414607,3438,207391,2804,194988,0,12228,2368,80204,3862,172959,2369,253163,California
Sonoma,2021-04-21,6304,420911,4167,211558,2135,197123,2,12230,2907,79727,3385,176344,2908,256071,California
Sonoma,2021-04-22,5947,426858,4312,215870,1635,198758,0,12230,2443,78679,3491,179835,2443,258514,California
Sonoma,2021-04-23,6743,433601,4437,220307,2300,201058,6,12236,3266,78481,3471,183306,3273,261787,California
Sonoma,2021-04-24,1981,435582,1058,221365,910,201968,13,12249,1205,78926,773,184079,1218,263005,California
Sonoma,2021-04-25,798,436380,539,221904,259,202227,0,12249,371,78872,425,184504,371,263376,California
Sonoma,2021-04-26,2378,438758,1120,223024,1232,203459,26,12275,1285,79095,1088,185592,1311,264687,California
Sonoma,2021-04-27,3524,442282,2633,225657,808,204267,83,12358,1444,78551,2071,187663,1527,266214,California
Sonoma,2021-04-28,2614,444896,1782,227439,816,205083,16,12374,1185,78332,1422,189085,1203,267417,California
Stanislaus,2020-12-15,3,3,3,3,0,0,0,0,3,3,0,0,3,3,California
Stanislaus,2020-12-16,38,41,38,41,0,0,0,0,38,41,0,0,38,41,California
Stanislaus,2020-12-17,74,115,74,115,0,0,0,0,74,115,0,0,74,115,California
Stanislaus,2020-12-18,335,450,329,444,6,6,0,0,335,450,0,0,335,450,California
Stanislaus,2020-12-19,133,583,133,577,0,6,0,0,133,583,0,0,133,583,California
Stanislaus,2020-12-20,86,669,86,663,0,6,0,0,86,669,0,0,86,669,California
Stanislaus,2020-12-21,996,1665,994,1657,2,8,0,0,995,1664,0,0,995,1664,California
Stanislaus,2020-12-22,796,2461,784,2441,12,20,0,0,796,2460,0,0,796,2460,California
Stanislaus,2020-12-23,446,2907,429,2870,17,37,0,0,445,2905,0,0,445,2905,California
Stanislaus,2020-12-24,97,3004,88,2958,9,46,0,0,97,3002,0,0,97,3002,California
Stanislaus,2020-12-26,50,3054,8,2966,42,88,0,0,50,3052,0,0,50,3052,California
Stanislaus,2020-12-27,11,3065,6,2972,5,93,0,0,11,3063,0,0,11,3063,California
Stanislaus,2020-12-28,490,3555,395,3367,95,188,0,0,490,3553,0,0,490,3553,California
Stanislaus,2020-12-29,494,4049,417,3784,77,265,0,0,494,4047,0,0,494,4047,California
Stanislaus,2020-12-30,535,4584,279,4063,256,521,0,0,534,4580,1,1,534,4581,California
Stanislaus,2020-12-31,276,4860,156,4219,120,641,0,0,276,4856,0,1,276,4857,California
Stanislaus,2021-01-01,11,4871,4,4223,7,648,0,0,11,4867,0,1,11,4868,California
Stanislaus,2021-01-02,31,4902,24,4247,7,655,0,0,31,4898,0,1,31,4899,California
Stanislaus,2021-01-03,90,4992,87,4334,3,658,0,0,90,4988,0,1,90,4989,California
Stanislaus,2021-01-04,111,5103,33,4367,78,736,0,0,111,5099,0,1,111,5100,California
Stanislaus,2021-01-05,832,5935,340,4707,492,1228,0,0,809,5892,22,23,815,5915,California
Stanislaus,2021-01-06,949,6884,547,5254,402,1630,0,0,880,6707,66,89,881,6796,California
Stanislaus,2021-01-07,1074,7958,701,5955,373,2003,0,0,958,7552,114,203,959,7755,California
Stanislaus,2021-01-08,1279,9237,722,6677,557,2560,0,0,938,8156,338,541,942,8697,California
Stanislaus,2021-01-09,285,9522,141,6818,144,2704,0,0,195,8261,90,631,195,8892,California
Stanislaus,2021-01-10,48,9570,21,6839,27,2731,0,0,29,8271,19,650,29,8921,California
Stanislaus,2021-01-11,1519,11089,1243,8082,276,3007,0,0,595,7964,918,1568,611,9532,California
Stanislaus,2021-01-12,1460,12549,862,8944,598,3605,0,0,824,8163,632,2200,831,10363,California
Stanislaus,2021-01-13,1415,13964,664,9608,751,4356,0,0,1101,8957,314,2514,1108,11471,California
Stanislaus,2021-01-14,2215,16179,281,9889,1934,6290,0,0,2061,10922,152,2666,2117,13588,California
Stanislaus,2021-01-15,2799,18978,1139,11028,1660,7950,0,0,2663,13520,132,2798,2730,16318,California
Stanislaus,2021-01-16,467,19445,50,11078,417,8367,0,0,452,13960,14,2812,454,16772,California
Stanislaus,2021-01-17,243,19688,201,11279,42,8409,0,0,237,14192,5,2817,237,17009,California
Stanislaus,2021-01-18,2178,21866,1020,12299,1158,9567,0,0,1807,15693,366,3183,1867,18876,California
Stanislaus,2021-01-19,1245,23111,719,13018,526,10093,0,0,802,16055,441,3624,803,19679,California
Stanislaus,2021-01-20,997,24108,482,13500,515,10608,0,0,707,16473,289,3913,707,20386,California
Stanislaus,2021-01-21,3629,27737,2938,16438,691,11299,0,0,3324,19581,303,4216,3411,23797,California
Stanislaus,2021-01-22,1060,28797,308,16746,752,12051,0,0,1017,20563,39,4255,1021,24818,California
Stanislaus,2021-01-23,339,29136,38,16784,301,12352,0,0,283,20795,55,4310,287,25105,California
Stanislaus,2021-01-24,292,29428,100,16884,192,12544,0,0,226,20957,66,4376,228,25333,California
Stanislaus,2021-01-25,3127,32555,218,17102,2909,15453,0,0,2821,23604,306,4682,2953,28286,California
Stanislaus,2021-01-26,1712,34267,738,17840,974,16427,0,0,1292,24495,416,5098,1307,29593,California
Stanislaus,2021-01-27,1816,36083,976,18816,840,17267,0,0,1160,25008,648,5746,1161,30754,California
Stanislaus,2021-01-28,2190,38273,1497,20313,693,17960,0,0,1714,26302,468,6214,1762,32516,California
Stanislaus,2021-01-29,2421,40694,1184,21497,1237,19197,0,0,1904,27776,473,6687,1947,34463,California
Stanislaus,2021-01-30,284,40978,123,21620,161,19358,0,0,221,27945,52,6739,221,34684,California
Stanislaus,2021-01-31,364,41342,311,21931,53,19411,0,0,350,28284,11,6750,350,35034,California
Stanislaus,2021-02-01,1246,42588,545,22476,701,20112,0,0,912,28871,325,7075,912,35946,California
Stanislaus,2021-02-02,1232,43820,375,22851,857,20969,0,0,779,29210,444,7519,783,36729,California
Stanislaus,2021-02-03,2454,46274,1075,23926,1379,22348,0,0,1790,30345,660,8179,1795,38524,California
Stanislaus,2021-02-04,2078,48352,719,24645,1359,23707,0,0,1569,31417,501,8680,1573,40097,California
Stanislaus,2021-02-05,2826,51178,1453,26098,1373,25080,0,0,1591,31829,1183,9863,1595,41692,California
Stanislaus,2021-02-06,876,52054,294,26392,582,25662,0,0,686,32328,188,10051,687,42379,California
Stanislaus,2021-02-07,212,52266,188,26580,24,25686,0,0,42,32202,169,10220,43,42422,California
Stanislaus,2021-02-08,2005,54271,1310,27890,695,26381,0,0,1097,32426,876,11096,1100,43522,California
Stanislaus,2021-02-09,1821,56092,773,28663,1048,27429,0,0,1042,32708,763,11859,1045,44567,California
Stanislaus,2021-02-10,1927,58019,530,29193,1397,28826,0,0,1013,32827,896,12755,1015,45582,California
Stanislaus,2021-02-11,5347,63366,3250,32443,2097,30923,0,0,1227,30106,3952,16707,1231,46813,California
Stanislaus,2021-02-12,3277,66643,909,33352,2368,33291,0,0,1456,29798,1765,18472,1457,48270,California
Stanislaus,2021-02-13,1342,67985,648,34000,694,33985,0,0,977,30418,361,18833,981,49251,California
Stanislaus,2021-02-14,420,68405,169,34169,251,34236,0,0,353,30706,65,18898,353,49604,California
Stanislaus,2021-02-15,1788,70193,217,34386,1571,35807,0,0,580,30180,1111,20009,585,50189,California
Stanislaus,2021-02-16,1349,71542,415,34801,934,36741,0,0,575,29989,768,20777,577,50766,California
Stanislaus,2021-02-17,2719,74261,1657,36458,1062,37803,0,0,1938,31156,778,21555,1945,52711,California
Stanislaus,2021-02-18,3328,77589,1879,38337,1449,39252,0,0,1793,31497,1462,23017,1803,54514,California
Stanislaus,2021-02-19,2694,80283,1039,39376,1655,40907,0,0,1518,31880,1144,24161,1527,56041,California
Stanislaus,2021-02-20,741,81024,373,39749,368,41275,0,0,484,32120,246,24407,486,56527,California
Stanislaus,2021-02-21,872,81896,658,40407,214,41489,0,0,525,32324,332,24739,536,57063,California
Stanislaus,2021-02-22,2324,84220,1677,42084,647,42136,0,0,1631,33288,669,25408,1633,58696,California
Stanislaus,2021-02-23,3681,87901,680,42764,3001,45137,0,0,1736,33222,1809,27217,1743,60439,California
Stanislaus,2021-02-24,4133,92034,2823,45587,1310,46447,0,0,3125,35359,992,28209,3129,63568,California
Stanislaus,2021-02-25,3850,95884,2625,48212,1225,47672,0,0,3057,37643,776,28985,3060,66628,California
Stanislaus,2021-02-26,4138,100022,1189,49401,2949,50621,0,0,2801,39158,1295,30280,2810,69438,California
Stanislaus,2021-02-27,2061,102083,695,50096,1365,51986,1,1,1836,40794,201,30481,1837,71275,California
Stanislaus,2021-02-28,799,102882,256,50352,543,52529,0,1,753,41509,39,30520,754,72029,California
Stanislaus,2021-03-01,2712,105594,1586,51938,1126,53655,0,1,1596,42007,1103,31623,1601,73630,California
Stanislaus,2021-03-02,2357,107951,1401,53339,955,54610,1,2,1643,42943,708,32331,1644,75274,California
Stanislaus,2021-03-03,3685,111636,2213,55552,1470,56080,2,4,2886,45045,784,33115,2886,78160,California
Stanislaus,2021-03-04,5378,117014,3062,58614,2301,58381,15,19,4188,48075,1169,34284,4199,82359,California
Stanislaus,2021-03-05,4000,121014,1106,59720,2878,61259,16,35,3043,50191,942,35226,3058,85417,California
Stanislaus,2021-03-06,3549,124563,2204,61924,1251,62510,94,129,2700,52142,845,36071,2796,88213,California
Stanislaus,2021-03-07,840,125403,379,62303,424,62934,37,166,651,52647,182,36253,687,88900,California
Stanislaus,2021-03-08,1965,127368,842,63145,1035,63969,88,254,1310,53399,645,36898,1397,90297,California
Stanislaus,2021-03-09,2143,129511,879,64024,1172,65141,92,346,1616,54591,520,37418,1712,92009,California
Stanislaus,2021-03-10,5017,134528,2468,66492,2329,67470,220,566,3711,57242,1291,38709,3942,95951,California
Stanislaus,2021-03-11,5697,140225,3129,69621,2091,69561,477,1043,4129,60435,1415,40124,4608,100559,California
Stanislaus,2021-03-12,5732,145957,1217,70838,2601,72162,1914,2957,2914,62457,2804,42928,4826,105385,California
Stanislaus,2021-03-13,3340,149297,2148,72986,1124,73286,68,3025,2671,64537,664,43592,2744,108129,California
Stanislaus,2021-03-14,971,150268,576,73562,344,73630,51,3076,481,64584,488,44080,535,108664,California
Stanislaus,2021-03-15,3662,153930,1957,75519,1350,74980,355,3431,1600,64576,1970,46050,1962,110626,California
Stanislaus,2021-03-16,4876,158806,2431,77950,2034,77014,414,3845,3517,67162,1357,47407,3943,114569,California
Stanislaus,2021-03-17,4688,163494,2840,80790,1673,78687,175,4020,2872,68416,1799,49206,3053,117622,California
Stanislaus,2021-03-18,5392,168886,3402,84192,1922,80609,68,4088,2963,69169,2284,51490,3037,120659,California
Stanislaus,2021-03-19,5890,174776,1517,85709,2851,83460,1522,5610,3093,71011,2772,54262,4614,125273,California
Stanislaus,2021-03-20,3815,178591,2978,88687,768,84228,69,5679,3346,73964,462,54724,3415,128688,California
Stanislaus,2021-03-21,977,179568,877,89564,35,84263,65,5744,748,74549,228,54952,813,129501,California
Stanislaus,2021-03-22,2788,182356,1303,90867,759,85022,726,6470,1234,74966,1541,56493,1958,131459,California
Stanislaus,2021-03-23,3911,186267,2004,92871,1649,86671,258,6728,2798,76940,1097,57590,3071,134530,California
Stanislaus,2021-03-24,4489,190756,3185,96056,1236,87907,68,6796,2615,77791,1835,59425,2686,137216,California
Stanislaus,2021-03-25,4199,194955,2894,98950,1289,89196,16,6812,1802,77285,2325,61750,1819,139035,California
Stanislaus,2021-03-26,4668,199623,1324,100274,3269,92465,75,6887,2347,77431,2289,64039,2435,141470,California
Stanislaus,2021-03-27,4267,203890,2673,102947,1568,94033,26,6913,1373,75965,2878,66917,1412,142882,California
Stanislaus,2021-03-28,1093,204983,435,103382,554,94587,104,7017,349,75694,736,67653,465,143347,California
Stanislaus,2021-03-29,2924,207907,1794,105176,1091,95678,39,7056,1959,76740,959,68612,2005,145352,California
Stanislaus,2021-03-30,3604,211511,2027,107203,1549,97227,28,7084,2198,77574,1401,70013,2235,147587,California
Stanislaus,2021-03-31,5344,216855,3789,110992,1439,98666,116,7200,2733,77842,2597,72610,2865,150452,California
Stanislaus,2021-04-01,5605,222460,3748,114740,1768,100434,89,7289,2532,77427,3061,75671,2646,153098,California
Stanislaus,2021-04-02,4894,227354,1194,115934,3553,103987,147,7436,2170,77120,2642,78313,2335,155433,California
Stanislaus,2021-04-03,4439,231793,3210,119144,1192,105179,37,7473,2160,77069,2271,80584,2220,157653,California
Stanislaus,2021-04-04,1296,233089,464,119608,803,105982,29,7502,641,77100,650,81234,681,158334,California
Stanislaus,2021-04-05,3559,236648,2477,122085,832,106814,250,7752,2304,78412,1248,82482,2560,160894,California
Stanislaus,2021-04-06,5594,242242,4082,126167,1235,108049,277,8029,2947,79009,2634,85116,3231,164125,California
Stanislaus,2021-04-07,6264,248506,3549,129716,2300,110349,415,8444,2778,78734,3473,88589,3198,167323,California
Stanislaus,2021-04-08,5570,254076,3233,132949,1908,112257,429,8873,2677,78969,2877,91466,3112,170435,California
Stanislaus,2021-04-09,4742,258818,2047,134996,2328,114585,367,9240,2132,78890,2593,94059,2514,172949,California
Stanislaus,2021-04-10,6394,265212,3902,138898,858,115443,1634,10874,1944,78031,4432,98491,3573,176522,California
Stanislaus,2021-04-11,1499,266711,836,139734,529,115972,134,11008,651,77969,847,99338,785,177307,California
Stanislaus,2021-04-12,3473,270184,1998,141732,1100,117072,375,11383,1840,78566,1625,100963,2222,179529,California
Stanislaus,2021-04-13,5106,275290,3344,145076,1749,118821,13,11396,2870,79236,2205,103168,2875,182404,California
Stanislaus,2021-04-14,4572,279862,3192,148268,1380,120201,0,11396,2214,79129,2327,105495,2220,184624,California
Stanislaus,2021-04-15,5348,285210,3296,151564,2050,122251,2,11398,3225,80272,2086,107581,3229,187853,California
Stanislaus,2021-04-16,4217,289427,963,152527,3254,125505,0,11398,1785,79665,2394,109975,1787,189640,California
Stanislaus,2021-04-17,3095,292522,2055,154582,1040,126545,0,11398,1798,80182,1286,111261,1803,191443,California
Stanislaus,2021-04-18,519,293041,209,154791,310,126855,0,11398,397,80464,117,111378,399,191842,California
Stanislaus,2021-04-19,3426,296467,2434,157225,992,127847,0,11398,1646,80370,1748,113126,1654,193496,California
Stanislaus,2021-04-20,3939,300406,2388,159613,1551,129398,0,11398,1746,79950,2168,115294,1748,195244,California
Stanislaus,2021-04-21,3769,304175,2510,162123,1258,130656,1,11399,1626,79473,2110,117404,1633,196877,California
Stanislaus,2021-04-22,3889,308064,2380,164503,1509,132165,0,11399,1572,78799,2276,119680,1602,198479,California
Stanislaus,2021-04-23,3524,311588,812,165315,2712,134877,0,11399,1447,78280,1985,121665,1466,199945,California
Stanislaus,2021-04-24,3614,315202,2841,168156,773,135650,0,11399,1703,78116,1897,123562,1733,201678,California
Stanislaus,2021-04-25,892,316094,460,168616,432,136082,0,11399,657,78548,233,123795,665,202343,California
Stanislaus,2021-04-26,3043,319137,2146,170762,892,136974,5,11404,909,77376,2120,125915,948,203291,California
Stanislaus,2021-04-27,3169,322306,2263,173025,870,137844,36,11440,824,75923,2339,128254,886,204177,California
Stanislaus,2021-04-28,1048,323354,975,174000,59,137903,14,11454,471,76244,577,128831,898,205075,California
Sutter,2020-12-15,1,1,1,1,0,0,0,0,1,1,0,0,1,1,California
Sutter,2020-12-16,4,5,4,5,0,0,0,0,4,5,0,0,4,5,California
Sutter,2020-12-17,2,7,2,7,0,0,0,0,2,7,0,0,2,7,California
Sutter,2020-12-18,20,27,20,27,0,0,0,0,20,27,0,0,20,27,California
Sutter,2020-12-19,44,71,44,71,0,0,0,0,44,71,0,0,44,71,California
Sutter,2020-12-20,42,113,42,113,0,0,0,0,42,113,0,0,42,113,California
Sutter,2020-12-21,100,213,100,213,0,0,0,0,100,213,0,0,100,213,California
Sutter,2020-12-22,172,385,172,385,0,0,0,0,172,385,0,0,172,385,California
Sutter,2020-12-23,116,501,111,496,5,5,0,0,116,501,0,0,116,501,California
Sutter,2020-12-24,17,518,11,507,6,11,0,0,17,518,0,0,17,518,California
Sutter,2020-12-26,39,557,35,542,4,15,0,0,39,557,0,0,39,557,California
Sutter,2020-12-27,24,581,23,565,1,16,0,0,24,581,0,0,24,581,California
Sutter,2020-12-28,83,664,55,620,28,44,0,0,83,664,0,0,83,664,California
Sutter,2020-12-29,101,765,14,634,87,131,0,0,101,765,0,0,101,765,California
Sutter,2020-12-30,136,901,34,668,102,233,0,0,136,901,0,0,136,901,California
Sutter,2020-12-31,70,971,6,674,64,297,0,0,70,971,0,0,70,971,California
Sutter,2021-01-01,3,974,3,677,0,297,0,0,3,974,0,0,3,974,California
Sutter,2021-01-02,133,1107,131,808,2,299,0,0,133,1107,0,0,133,1107,California
Sutter,2021-01-03,1,1108,0,808,1,300,0,0,1,1108,0,0,1,1108,California
Sutter,2021-01-04,248,1356,139,947,109,409,0,0,248,1356,0,0,248,1356,California
Sutter,2021-01-05,99,1455,56,1003,43,452,0,0,97,1451,2,2,97,1453,California
Sutter,2021-01-06,205,1660,51,1054,154,606,0,0,200,1646,5,7,200,1653,California
Sutter,2021-01-07,252,1912,151,1205,101,707,0,0,243,1881,8,15,243,1896,California
Sutter,2021-01-08,147,2059,40,1245,107,814,0,0,130,1994,17,32,130,2026,California
Sutter,2021-01-09,45,2104,43,1288,2,816,0,0,4,1957,41,73,4,2030,California
Sutter,2021-01-10,394,2498,37,1325,357,1173,0,0,356,2276,37,110,356,2386,California
Sutter,2021-01-11,132,2630,114,1439,18,1191,0,0,26,2196,106,216,26,2412,California
Sutter,2021-01-12,201,2831,164,1603,37,1228,0,0,58,2111,143,359,58,2470,California
Sutter,2021-01-13,161,2992,98,1701,63,1291,0,0,71,2093,89,448,71,2541,California
Sutter,2021-01-14,144,3136,49,1750,95,1386,0,0,125,2199,19,467,125,2666,California
Sutter,2021-01-15,435,3571,132,1882,303,1689,0,0,420,2604,15,482,420,3086,California
Sutter,2021-01-16,386,3957,42,1924,344,2033,0,0,354,2927,31,513,354,3440,California
Sutter,2021-01-17,26,3983,24,1948,2,2035,0,0,10,2921,16,529,10,3450,California
Sutter,2021-01-18,116,4099,61,2009,55,2090,0,0,69,2943,47,576,69,3519,California
Sutter,2021-01-19,104,4203,43,2052,61,2151,0,0,79,2997,25,601,79,3598,California
Sutter,2021-01-20,255,4458,190,2242,65,2216,0,0,235,3212,20,621,235,3833,California
Sutter,2021-01-21,435,4893,267,2509,168,2384,0,0,416,3609,19,640,416,4249,California
Sutter,2021-01-22,268,5161,81,2590,187,2571,0,0,259,3859,9,649,259,4508,California
Sutter,2021-01-23,398,5559,40,2630,358,2929,0,0,371,4203,27,676,371,4879,California
Sutter,2021-01-24,17,5576,14,2644,3,2932,0,0,15,4216,2,678,15,4894,California
Sutter,2021-01-25,304,5880,196,2840,108,3040,0,0,151,4215,152,830,151,5045,California
Sutter,2021-01-26,243,6123,103,2943,140,3180,0,0,144,4261,98,928,144,5189,California
Sutter,2021-01-27,386,6509,256,3199,130,3310,0,0,321,4517,65,993,321,5510,California
Sutter,2021-01-28,525,7034,302,3501,223,3533,0,0,395,4783,129,1122,395,5905,California
Sutter,2021-01-29,419,7453,146,3647,273,3806,0,0,254,4872,165,1287,254,6159,California
Sutter,2021-01-30,775,8228,39,3686,736,4542,0,0,764,5625,11,1298,764,6923,California
Sutter,2021-01-31,27,8255,27,3713,0,4542,0,0,27,5652,0,1298,27,6950,California
Sutter,2021-02-01,164,8419,49,3762,115,4657,0,0,133,5754,31,1329,133,7083,California
Sutter,2021-02-02,242,8661,26,3788,216,4873,0,0,211,5934,31,1360,211,7294,California
Sutter,2021-02-03,445,9106,38,3826,407,5280,0,0,210,5909,235,1595,210,7504,California
Sutter,2021-02-04,669,9775,366,4192,303,5583,0,0,620,6480,49,1644,620,8124,California
Sutter,2021-02-05,286,10061,32,4224,254,5837,0,0,137,6468,149,1793,137,8261,California
Sutter,2021-02-06,734,10795,28,4252,706,6543,0,0,713,7160,21,1814,713,8974,California
Sutter,2021-02-07,23,10818,20,4272,3,6546,0,0,19,7175,4,1818,19,8993,California
Sutter,2021-02-08,134,10952,29,4301,105,6651,0,0,98,7237,36,1854,98,9091,California
Sutter,2021-02-09,245,11197,45,4346,200,6851,0,0,184,7360,61,1915,184,9275,California
Sutter,2021-02-10,814,12011,379,4725,435,7286,0,0,177,6901,636,2551,177,9452,California
Sutter,2021-02-11,602,12613,273,4998,329,7615,0,0,373,7045,229,2780,373,9825,California
Sutter,2021-02-12,631,13244,67,5065,564,8179,0,0,311,7036,320,3100,311,10136,California
Sutter,2021-02-13,898,14142,49,5114,849,9028,0,0,781,7700,117,3217,781,10917,California
Sutter,2021-02-14,90,14232,25,5139,65,9093,0,0,80,7770,10,3227,80,10997,California
Sutter,2021-02-15,197,14429,72,5211,125,9218,0,0,120,7813,77,3304,120,11117,California
Sutter,2021-02-16,288,14717,45,5256,243,9461,0,0,205,7936,82,3386,205,11322,California
Sutter,2021-02-17,826,15543,430,5686,396,9857,0,0,129,7368,697,4083,129,11451,California
Sutter,2021-02-18,700,16243,55,5741,645,10502,0,0,490,7649,209,4292,490,11941,California
Sutter,2021-02-19,663,16906,377,6118,286,10788,0,0,462,7912,199,4491,462,12403,California
Sutter,2021-02-20,617,17523,52,6170,565,11353,0,0,513,8322,103,4594,513,12916,California
Sutter,2021-02-21,29,17552,26,6196,3,11356,0,0,6,8305,23,4617,6,12922,California
Sutter,2021-02-22,206,17758,122,6318,84,11440,0,0,87,8273,119,4736,87,13009,California
Sutter,2021-02-23,222,17980,32,6350,190,11630,0,0,98,8247,124,4860,98,13107,California
Sutter,2021-02-24,956,18936,348,6698,608,12238,0,0,189,7670,766,5626,189,13296,California
Sutter,2021-02-25,774,19710,490,7188,284,12522,0,0,595,8089,176,5802,595,13891,California
Sutter,2021-02-26,368,20078,59,7247,309,12831,0,0,152,8027,214,6016,152,14043,California
Sutter,2021-02-27,864,20942,43,7290,821,13652,0,0,710,8581,156,6172,710,14753,California
Sutter,2021-02-28,84,21026,38,7328,46,13698,0,0,65,8628,18,6190,65,14818,California
Sutter,2021-03-01,247,21273,61,7389,186,13884,0,0,151,8683,96,6286,151,14969,California
Sutter,2021-03-02,334,21607,57,7446,277,14161,0,0,160,8670,173,6459,160,15129,California
Sutter,2021-03-03,1387,22994,516,7962,871,15032,0,0,649,8587,732,7191,649,15778,California
Sutter,2021-03-04,1254,24248,866,8828,388,15420,0,0,952,9241,298,7489,952,16730,California
Sutter,2021-03-05,337,24585,76,8904,260,15680,1,1,203,9312,133,7622,204,16934,California
Sutter,2021-03-06,1025,25610,46,8950,974,16654,5,6,863,10018,162,7784,868,17802,California
Sutter,2021-03-07,63,25673,23,8973,39,16693,1,7,43,10042,20,7804,44,17846,California
Sutter,2021-03-08,225,25898,77,9050,135,16828,13,20,157,10143,68,7872,169,18015,California
Sutter,2021-03-09,385,26283,135,9185,237,17065,13,33,182,10136,202,8074,195,18210,California
Sutter,2021-03-10,1566,27849,679,9864,826,17891,61,94,523,9680,1040,9114,584,18794,California
Sutter,2021-03-11,892,28741,439,10303,434,18325,19,113,647,10104,242,9356,666,19460,California
Sutter,2021-03-12,670,29411,108,10411,380,18705,182,295,197,10011,470,9826,377,19837,California
Sutter,2021-03-13,982,30393,749,11160,216,18921,17,312,782,10612,198,10024,799,20636,California
Sutter,2021-03-14,127,30520,20,11180,96,19017,11,323,42,10580,85,10109,53,20689,California
Sutter,2021-03-15,318,30838,66,11246,203,19220,49,372,151,10614,166,10275,200,20889,California
Sutter,2021-03-16,385,31223,85,11331,254,19474,46,418,208,10691,177,10452,254,21143,California
Sutter,2021-03-17,1496,32719,564,11895,913,20387,19,437,311,9844,1177,11629,330,21473,California
Sutter,2021-03-18,960,33679,166,12061,595,20982,199,636,572,10227,387,12016,770,22243,California
Sutter,2021-03-19,462,34141,164,12225,269,21251,29,665,283,10362,177,12193,312,22555,California
Sutter,2021-03-20,954,35095,116,12341,827,22078,11,676,866,11151,88,12281,877,23432,California
Sutter,2021-03-21,66,35161,46,12387,17,22095,3,679,37,11162,29,12310,40,23472,California
Sutter,2021-03-22,289,35450,122,12509,141,22236,26,705,213,11325,76,12386,239,23711,California
Sutter,2021-03-23,375,35825,115,12624,228,22464,32,737,252,11486,123,12509,284,23995,California
Sutter,2021-03-24,1686,37511,775,13399,841,23305,70,807,318,10520,1354,13863,388,24383,California
Sutter,2021-03-25,1040,38551,677,14076,322,23627,41,848,371,10265,667,14530,412,24795,California
Sutter,2021-03-26,484,39035,172,14248,295,23922,17,865,294,10389,187,14717,311,25106,California
Sutter,2021-03-27,936,39971,63,14311,871,24793,2,867,828,11114,105,14822,830,25936,California
Sutter,2021-03-28,126,40097,71,14382,55,24848,0,867,78,11146,46,14868,78,26014,California
Sutter,2021-03-29,423,40520,141,14523,227,25075,55,922,224,11228,197,15065,279,26293,California
Sutter,2021-03-30,474,40994,157,14680,307,25382,10,932,316,11396,158,15223,326,26619,California
Sutter,2021-03-31,1252,42246,176,14856,1059,26441,17,949,450,11070,792,16015,466,27085,California
Sutter,2021-04-01,1368,43614,724,15580,455,26896,189,1138,410,10718,951,16966,599,27684,California
Sutter,2021-04-02,508,44122,93,15673,297,27193,118,1256,200,10726,307,17273,315,27999,California
Sutter,2021-04-03,912,45034,77,15750,209,27402,626,1882,120,10682,790,18063,746,28745,California
Sutter,2021-04-04,117,45151,22,15772,89,27491,6,1888,56,10683,61,18124,62,28807,California
Sutter,2021-04-05,364,45515,142,15914,186,27677,36,1924,174,10706,187,18311,210,29017,California
Sutter,2021-04-06,502,46017,191,16105,255,27932,56,1980,268,10797,233,18544,324,29341,California
Sutter,2021-04-07,1478,47495,869,16974,534,28466,75,2055,616,10632,856,19400,691,30032,California
Sutter,2021-04-08,1027,48522,578,17552,340,28806,109,2164,562,10842,459,19859,669,30701,California
Sutter,2021-04-09,555,49077,245,17797,247,29053,63,2227,233,10818,320,20179,296,30997,California
Sutter,2021-04-10,818,49895,105,17902,87,29140,626,2853,103,10828,713,20892,723,31720,California
Sutter,2021-04-11,109,50004,26,17928,41,29181,42,2895,30,10821,79,20971,72,31792,California
Sutter,2021-04-12,336,50340,90,18018,192,29373,54,2949,136,10811,200,21171,190,31982,California
Sutter,2021-04-13,426,50766,123,18141,303,29676,0,2949,211,10809,213,21384,211,32193,California
Sutter,2021-04-14,1295,52061,159,18300,1135,30811,1,2950,214,9950,1075,22459,216,32409,California
Sutter,2021-04-15,468,52529,172,18472,296,31107,0,2950,180,9844,286,22745,180,32589,California
Sutter,2021-04-16,387,52916,115,18587,272,31379,0,2950,176,9810,210,22955,176,32765,California
Sutter,2021-04-17,572,53488,82,18669,490,31869,0,2950,500,10241,69,23024,500,33265,California
Sutter,2021-04-18,68,53556,8,18677,60,31929,0,2950,43,10260,24,23048,43,33308,California
Sutter,2021-04-19,289,53845,110,18787,179,32108,0,2950,121,10215,166,23214,121,33429,California
Sutter,2021-04-20,389,54234,135,18922,254,32362,0,2950,203,10233,185,23399,203,33632,California
Sutter,2021-04-21,1242,55476,427,19349,815,33177,0,2950,478,9956,755,24154,478,34110,California
Sutter,2021-04-22,456,55932,155,19504,301,33478,0,2950,241,9983,214,24368,241,34351,California
Sutter,2021-04-23,386,56318,110,19614,276,33754,0,2950,182,9964,201,24569,182,34533,California
Sutter,2021-04-24,264,56582,59,19673,205,33959,0,2950,144,9988,120,24689,144,34677,California
Sutter,2021-04-25,108,56690,56,19729,52,34011,0,2950,56,9995,49,24738,56,34733,California
Sutter,2021-04-26,228,56918,49,19778,177,34188,2,2952,98,9969,126,24864,100,34833,California
Sutter,2021-04-27,354,57272,182,19960,170,34358,2,2954,171,9962,180,25044,173,35006,California
Sutter,2021-04-28,610,57882,228,20188,376,34734,6,2960,160,9682,446,25490,166,35172,California
Tehama,2020-12-15,1,1,1,1,0,0,0,0,1,1,0,0,1,1,California
Tehama,2020-12-16,2,3,2,3,0,0,0,0,2,3,0,0,2,3,California
Tehama,2020-12-17,12,15,12,15,0,0,0,0,12,15,0,0,12,15,California
Tehama,2020-12-18,2,17,2,17,0,0,0,0,3,18,0,0,3,18,California
Tehama,2020-12-21,33,50,33,50,0,0,0,0,33,51,0,0,33,51,California
Tehama,2020-12-22,68,118,62,112,6,6,0,0,68,119,0,0,68,119,California
Tehama,2020-12-23,48,166,40,152,8,14,0,0,48,167,0,0,48,167,California
Tehama,2020-12-24,5,171,3,155,2,16,0,0,5,172,0,0,5,172,California
Tehama,2020-12-26,3,174,2,157,1,17,0,0,3,175,0,0,3,175,California
Tehama,2020-12-27,2,176,2,159,0,17,0,0,2,177,0,0,2,177,California
Tehama,2020-12-28,56,232,43,202,13,30,0,0,56,233,0,0,56,233,California
Tehama,2020-12-29,31,263,31,233,0,30,0,0,31,264,0,0,31,264,California
Tehama,2020-12-30,54,317,38,271,16,46,0,0,53,317,0,0,53,317,California
Tehama,2020-12-31,14,331,4,275,10,56,0,0,14,331,0,0,14,331,California
Tehama,2021-01-01,2,333,0,275,2,58,0,0,2,333,0,0,2,333,California
Tehama,2021-01-04,31,364,8,283,23,81,0,0,31,364,0,0,31,364,California
Tehama,2021-01-05,70,434,43,326,27,108,0,0,67,428,3,3,67,431,California
Tehama,2021-01-06,72,506,21,347,51,159,0,0,63,483,8,11,63,494,California
Tehama,2021-01-07,57,563,7,354,50,209,0,0,56,538,1,12,56,550,California
Tehama,2021-01-08,31,594,24,378,7,216,0,0,26,559,5,17,26,576,California
Tehama,2021-01-09,7,601,5,383,2,218,0,0,5,562,2,19,5,581,California
Tehama,2021-01-10,1,602,0,383,1,219,0,0,1,563,0,19,1,582,California
Tehama,2021-01-11,48,650,46,429,2,221,0,0,15,545,33,52,15,597,California
Tehama,2021-01-12,116,766,96,525,20,241,0,0,71,571,45,97,71,668,California
Tehama,2021-01-13,72,838,55,580,17,258,0,0,26,551,46,143,26,694,California
Tehama,2021-01-14,225,1063,50,630,175,433,0,0,223,772,2,145,223,917,California
Tehama,2021-01-15,247,1310,74,704,173,606,0,0,243,1011,4,149,243,1160,California
Tehama,2021-01-16,272,1582,27,731,245,851,0,0,269,1277,3,152,269,1429,California
Tehama,2021-01-17,13,1595,9,740,4,855,0,0,11,1286,2,154,11,1440,California
Tehama,2021-01-18,10,1605,6,746,4,859,0,0,5,1286,5,159,5,1445,California
Tehama,2021-01-19,288,1893,62,808,226,1085,0,0,233,1464,55,214,233,1678,California
Tehama,2021-01-20,301,2194,87,895,214,1299,0,0,251,1666,49,263,251,1929,California
Tehama,2021-01-21,214,2408,11,906,203,1502,0,0,204,1860,10,273,204,2133,California
Tehama,2021-01-22,214,2622,12,918,202,1704,0,0,211,2068,3,276,211,2344,California
Tehama,2021-01-23,261,2883,10,928,251,1955,0,0,260,2327,1,277,260,2604,California
Tehama,2021-01-25,31,2914,13,941,18,1973,0,0,14,2324,17,294,14,2618,California
Tehama,2021-01-26,325,3239,42,983,283,2256,0,0,288,2575,37,331,288,2906,California
Tehama,2021-01-27,299,3538,21,1004,278,2534,0,0,279,2834,20,351,279,3185,California
Tehama,2021-01-28,340,3878,29,1033,311,2845,0,0,325,3144,15,366,325,3510,California
Tehama,2021-01-29,321,4199,19,1052,302,3147,0,0,304,3431,17,383,304,3814,California
Tehama,2021-01-30,103,4302,2,1054,101,3248,0,0,102,3532,1,384,102,3916,California
Tehama,2021-01-31,1,4303,0,1054,1,3249,0,0,1,3533,0,384,1,3917,California
Tehama,2021-02-01,78,4381,22,1076,56,3305,0,0,36,3527,42,426,36,3953,California
Tehama,2021-02-02,344,4725,63,1139,281,3586,0,0,247,3680,94,520,247,4200,California
Tehama,2021-02-03,380,5105,12,1151,368,3954,0,0,335,3970,45,565,335,4535,California
Tehama,2021-02-04,467,5572,99,1250,368,4322,0,0,388,4280,79,644,389,4924,California
Tehama,2021-02-05,165,5737,74,1324,91,4413,0,0,106,4327,59,703,106,5030,California
Tehama,2021-02-06,28,5765,13,1337,15,4428,0,0,16,4331,12,715,16,5046,California
Tehama,2021-02-07,5,5770,4,1341,1,4429,0,0,2,4330,3,718,2,5048,California
Tehama,2021-02-08,35,5805,14,1355,21,4450,0,0,27,4349,8,726,27,5075,California
Tehama,2021-02-09,77,5882,34,1389,43,4493,0,0,43,4358,34,760,43,5118,California
Tehama,2021-02-10,233,6115,62,1451,171,4664,0,0,158,4441,75,835,158,5276,California
Tehama,2021-02-11,220,6335,16,1467,204,4868,0,0,80,4383,138,973,80,5356,California
Tehama,2021-02-12,356,6691,57,1524,299,5167,0,0,174,4375,182,1155,174,5530,California
Tehama,2021-02-13,386,7077,13,1537,373,5540,0,0,147,4283,239,1394,147,5677,California
Tehama,2021-02-14,33,7110,0,1537,33,5573,0,0,32,4314,1,1395,32,5709,California
Tehama,2021-02-15,51,7161,9,1546,42,5615,0,0,45,4353,6,1401,45,5754,California
Tehama,2021-02-16,241,7402,16,1562,225,5840,0,0,59,4230,182,1583,59,5813,California
Tehama,2021-02-17,280,7682,12,1574,268,6108,0,0,54,4058,226,1809,54,5867,California
Tehama,2021-02-18,368,8050,32,1606,336,6444,0,0,144,3978,224,2033,144,6011,California
Tehama,2021-02-19,213,8263,18,1624,195,6639,0,0,42,3849,171,2204,42,6053,California
Tehama,2021-02-20,271,8534,6,1630,265,6904,0,0,26,3630,245,2449,26,6079,California
Tehama,2021-02-22,37,8571,13,1643,24,6928,0,0,24,3641,13,2462,24,6103,California
Tehama,2021-02-23,46,8617,19,1662,27,6955,0,0,26,3647,20,2482,26,6129,California
Tehama,2021-02-24,299,8916,12,1674,287,7242,0,0,26,3400,273,2755,26,6155,California
Tehama,2021-02-25,377,9293,61,1735,316,7558,0,0,37,3097,340,3095,37,6192,California
Tehama,2021-02-26,455,9748,19,1754,436,7994,0,0,70,2782,385,3480,70,6262,California
Tehama,2021-02-27,294,10042,5,1759,289,8283,0,0,34,2556,260,3740,34,6296,California
Tehama,2021-02-28,23,10065,2,1761,21,8304,0,0,20,2573,3,3743,20,6316,California
Tehama,2021-03-01,64,10129,8,1769,56,8360,0,0,30,2569,34,3777,30,6346,California
Tehama,2021-03-02,125,10254,18,1787,107,8467,0,0,29,2502,96,3873,29,6375,California
Tehama,2021-03-03,136,10390,33,1820,103,8570,0,0,47,2460,89,3962,47,6422,California
Tehama,2021-03-04,607,10997,35,1855,572,9142,0,0,222,2303,379,4341,222,6644,California
Tehama,2021-03-05,389,11386,18,1873,371,9513,0,0,215,2345,173,4514,215,6859,California
Tehama,2021-03-06,299,11685,17,1890,282,9795,0,0,81,2210,217,4731,82,6941,California
Tehama,2021-03-07,5,11690,1,1891,4,9799,0,0,3,2212,1,4732,3,6944,California
Tehama,2021-03-08,58,11748,12,1903,31,9830,15,15,27,2224,30,4762,42,6986,California
Tehama,2021-03-09,360,12108,5,1908,336,10166,19,34,305,2493,55,4817,324,7310,California
Tehama,2021-03-10,350,12458,12,1920,317,10483,21,55,68,2301,281,5098,89,7399,California
Tehama,2021-03-11,483,12941,15,1935,422,10905,46,101,341,2546,142,5240,387,7786,California
Tehama,2021-03-12,304,13245,19,1954,220,11125,65,166,179,2665,125,5365,244,8030,California
Tehama,2021-03-13,45,13290,8,1962,31,11156,6,172,6,2638,39,5404,12,8042,California
Tehama,2021-03-14,53,13343,3,1965,39,11195,11,183,12,2620,41,5445,23,8065,California
Tehama,2021-03-15,153,13496,21,1986,112,11307,20,203,86,2659,67,5512,106,8171,California
Tehama,2021-03-16,408,13904,14,2000,356,11663,38,241,309,2908,98,5610,347,8518,California
Tehama,2021-03-17,423,14327,22,2022,369,12032,32,273,338,3195,83,5693,370,8888,California
Tehama,2021-03-18,485,14812,25,2047,436,12468,24,297,306,3348,177,5870,330,9218,California
Tehama,2021-03-19,313,15125,23,2070,277,12745,13,310,271,3590,42,5912,284,9502,California
Tehama,2021-03-20,41,15166,8,2078,31,12776,2,312,29,3609,12,5924,31,9533,California
Tehama,2021-03-21,12,15178,5,2083,7,12783,0,312,12,3621,0,5924,12,9545,California
Tehama,2021-03-22,90,15268,7,2090,66,12849,17,329,49,3646,41,5965,66,9611,California
Tehama,2021-03-23,85,15353,24,2114,54,12903,7,336,66,3700,19,5984,73,9684,California
Tehama,2021-03-24,85,15438,16,2130,66,12969,3,339,55,3728,30,6014,58,9742,California
Tehama,2021-03-25,514,15952,351,2481,150,13119,13,352,467,4162,46,6060,480,10222,California
Tehama,2021-03-26,476,16428,368,2849,96,13215,12,364,401,4500,75,6135,413,10635,California
Tehama,2021-03-27,441,16869,348,3197,68,13283,25,389,374,4833,66,6201,399,11034,California
Tehama,2021-03-28,34,16903,13,3210,21,13304,0,389,22,4843,12,6213,22,11056,California
Tehama,2021-03-29,122,17025,32,3242,90,13394,0,389,77,4876,44,6257,77,11133,California
Tehama,2021-03-30,364,17389,212,3454,150,13544,2,391,250,5014,114,6371,252,11385,California
Tehama,2021-03-31,379,17768,278,3732,98,13642,3,394,306,5250,72,6443,308,11693,California
Tehama,2021-04-01,522,18290,244,3976,272,13914,6,400,389,5512,133,6576,395,12088,California
Tehama,2021-04-02,442,18732,204,4180,232,14146,6,406,257,5590,185,6761,263,12351,California
Tehama,2021-04-03,61,18793,3,4183,53,14199,5,411,30,5594,31,6792,35,12386,California
Tehama,2021-04-04,34,18827,6,4189,27,14226,1,412,22,5605,12,6804,23,12409,California
Tehama,2021-04-05,114,18941,20,4209,68,14294,26,438,59,5635,55,6859,85,12494,California
Tehama,2021-04-06,482,19423,105,4314,326,14620,51,489,135,5474,347,7206,186,12680,California
Tehama,2021-04-07,418,19841,279,4593,95,14715,44,533,304,5709,112,7318,347,13027,California
Tehama,2021-04-08,597,20438,172,4765,387,15102,38,571,228,5607,368,7686,266,13293,California
Tehama,2021-04-09,418,20856,185,4950,201,15303,32,603,207,5637,209,7895,239,13532,California
Tehama,2021-04-10,73,20929,9,4959,37,15340,27,630,39,5669,34,7929,66,13598,California
Tehama,2021-04-11,35,20964,7,4966,17,15357,11,641,8,5661,27,7956,19,13617,California
Tehama,2021-04-12,113,21077,6,4972,88,15445,19,660,44,5655,69,8025,63,13680,California
Tehama,2021-04-13,296,21373,57,5029,239,15684,0,660,62,5483,234,8259,62,13742,California
Tehama,2021-04-14,464,21837,48,5077,416,16100,0,660,51,5122,412,8671,51,13793,California
Tehama,2021-04-15,493,22330,192,5269,301,16401,0,660,84,4797,409,9080,84,13877,California
Tehama,2021-04-16,583,22913,331,5600,252,16653,0,660,95,4411,488,9568,102,13979,California
Tehama,2021-04-17,344,23257,266,5866,78,16731,0,660,50,4169,293,9861,51,14030,California
Tehama,2021-04-18,16,23273,2,5868,14,16745,0,660,12,4177,4,9865,12,14042,California
Tehama,2021-04-19,93,23366,7,5875,86,16831,0,660,41,4166,52,9917,41,14083,California
Tehama,2021-04-20,499,23865,412,6287,87,16918,0,660,149,3969,348,10265,151,14234,California
Tehama,2021-04-21,508,24373,438,6725,69,16987,1,661,182,3825,326,10591,182,14416,California
Tehama,2021-04-22,507,24880,358,7083,149,17136,0,661,151,3621,355,10946,151,14567,California
Tehama,2021-04-23,429,25309,332,7415,97,17233,0,661,199,3591,230,11176,200,14767,California
Tehama,2021-04-24,100,25409,13,7428,87,17320,0,661,29,3549,71,11247,29,14796,California
Tehama,2021-04-25,24,25433,14,7442,10,17330,0,661,11,3547,13,11260,11,14807,California
Tehama,2021-04-26,63,25496,6,7448,57,17387,0,661,36,3556,27,11287,36,14843,California
Tehama,2021-04-27,181,25677,148,7596,32,17419,1,662,61,3498,120,11407,62,14905,California
Tehama,2021-04-28,167,25844,126,7722,36,17455,5,667,29,3394,138,11545,34,14939,California
Trinity,2020-12-17,4,4,4,4,0,0,0,0,4,4,0,0,4,4,California
Trinity,2020-12-18,2,6,2,6,0,0,0,0,2,6,0,0,2,6,California
Trinity,2020-12-21,38,44,38,44,0,0,0,0,38,44,0,0,38,44,California
Trinity,2020-12-22,5,49,5,49,0,0,0,0,5,49,0,0,5,49,California
Trinity,2020-12-23,5,54,5,54,0,0,0,0,5,54,0,0,5,54,California
Trinity,2020-12-28,30,84,30,84,0,0,0,0,30,84,0,0,30,84,California
Trinity,2020-12-29,8,92,7,91,1,1,0,0,8,92,0,0,8,92,California
Trinity,2020-12-30,10,102,8,99,2,3,0,0,10,102,0,0,10,102,California
Trinity,2020-12-31,2,104,1,100,1,4,0,0,2,104,0,0,2,104,California
Trinity,2021-01-04,27,131,0,100,27,31,0,0,25,129,0,0,25,129,California
Trinity,2021-01-05,2,133,1,101,1,32,0,0,2,131,0,0,2,131,California
Trinity,2021-01-06,23,156,4,105,19,51,0,0,19,146,4,4,19,150,California
Trinity,2021-01-08,49,205,2,107,47,98,0,0,48,192,2,6,48,198,California
Trinity,2021-01-11,41,246,38,145,3,101,0,0,4,159,37,43,4,202,California
Trinity,2021-01-12,9,255,7,152,2,103,0,0,4,158,5,48,4,206,California
Trinity,2021-01-13,7,262,4,156,3,106,0,0,4,159,3,51,4,210,California
Trinity,2021-01-14,4,266,1,157,3,109,0,0,4,163,0,51,4,214,California
Trinity,2021-01-15,5,271,0,157,5,114,0,0,5,168,0,51,5,219,California
Trinity,2021-01-16,4,275,0,157,4,118,0,0,4,172,0,51,4,223,California
Trinity,2021-01-18,31,306,31,188,0,118,0,0,1,143,30,81,1,224,California
Trinity,2021-01-19,96,402,14,202,82,200,0,0,82,211,14,95,82,306,California
Trinity,2021-01-20,19,421,3,205,16,216,0,0,17,226,2,97,17,323,California
Trinity,2021-01-21,17,438,7,212,10,226,0,0,17,243,0,97,17,340,California
Trinity,2021-01-22,5,443,1,213,4,230,0,0,5,248,0,97,5,345,California
Trinity,2021-01-23,7,450,3,216,4,234,0,0,7,255,0,97,7,352,California
Trinity,2021-01-25,14,464,1,217,13,247,0,0,13,267,1,98,13,365,California
Trinity,2021-01-26,10,474,1,218,9,256,0,0,9,275,1,99,9,374,California
Trinity,2021-01-27,12,486,0,218,12,268,0,0,12,287,0,99,12,386,California
Trinity,2021-01-28,13,499,3,221,10,278,0,0,10,294,3,102,10,396,California
Trinity,2021-01-29,3,502,1,222,2,280,0,0,2,295,1,103,2,398,California
Trinity,2021-01-30,12,514,11,233,1,281,0,0,12,307,0,103,12,410,California
Trinity,2021-02-01,2,516,1,234,1,282,0,0,1,307,1,104,1,411,California
Trinity,2021-02-02,13,529,3,237,10,292,0,0,13,320,0,104,13,424,California
Trinity,2021-02-03,6,535,1,238,5,297,0,0,3,320,3,107,3,427,California
Trinity,2021-02-04,41,576,32,270,9,306,0,0,35,349,6,113,35,462,California
Trinity,2021-02-05,349,925,0,270,349,655,0,0,319,638,30,143,319,781,California
Trinity,2021-02-06,210,1135,5,275,205,860,0,0,203,834,7,150,203,984,California
Trinity,2021-02-07,1,1136,0,275,1,861,0,0,1,835,0,150,1,985,California
Trinity,2021-02-08,24,1160,0,275,24,885,0,0,15,841,9,159,15,1000,California
Trinity,2021-02-09,23,1183,2,277,21,906,0,0,8,834,15,174,8,1008,California
Trinity,2021-02-10,123,1306,10,287,113,1019,0,0,103,917,20,194,103,1111,California
Trinity,2021-02-11,339,1645,2,289,337,1356,0,0,332,1242,7,201,332,1443,California
Trinity,2021-02-12,14,1659,6,295,8,1364,0,0,9,1246,5,206,9,1452,California
Trinity,2021-02-13,12,1671,5,300,7,1371,0,0,5,1244,7,213,5,1457,California
Trinity,2021-02-14,2,1673,2,302,0,1371,0,0,2,1246,0,213,2,1459,California
Trinity,2021-02-15,46,1719,0,302,46,1417,0,0,46,1292,0,213,46,1505,California
Trinity,2021-02-16,7,1726,2,304,5,1422,0,0,4,1293,3,216,4,1509,California
Trinity,2021-02-17,94,1820,2,306,92,1514,0,0,84,1367,10,226,84,1593,California
Trinity,2021-02-18,4,1824,0,306,4,1518,0,0,1,1365,3,229,1,1594,California
Trinity,2021-02-19,300,2124,2,308,298,1816,0,0,286,1637,14,243,286,1880,California
Trinity,2021-02-20,141,2265,14,322,127,1943,0,0,113,1722,28,271,113,1993,California
Trinity,2021-02-22,8,2273,0,322,8,1951,0,0,5,1724,3,274,5,1998,California
Trinity,2021-02-23,11,2284,4,326,7,1958,0,0,6,1725,5,279,6,2004,California
Trinity,2021-02-24,30,2314,8,334,22,1980,0,0,7,1709,23,302,7,2011,California
Trinity,2021-02-25,36,2350,23,357,13,1993,0,0,5,1683,31,333,5,2016,California
Trinity,2021-02-26,11,2361,1,358,10,2003,0,0,5,1682,6,339,5,2021,California
Trinity,2021-02-27,9,2370,7,365,2,2005,0,0,4,1681,5,344,4,2025,California
Trinity,2021-03-01,8,2378,0,365,8,2013,0,0,5,1683,3,347,5,2030,California
Trinity,2021-03-02,9,2387,3,368,6,2019,0,0,2,1678,7,354,2,2032,California
Trinity,2021-03-03,5,2392,0,368,5,2024,0,0,4,1681,1,355,4,2036,California
Trinity,2021-03-04,20,2412,15,383,5,2029,0,0,13,1687,7,362,13,2049,California
Trinity,2021-03-05,385,2797,1,384,384,2413,0,0,117,1540,264,626,117,2166,California
Trinity,2021-03-06,200,2997,7,391,193,2606,0,0,27,1394,173,799,27,2193,California
Trinity,2021-03-07,4,3001,3,394,1,2607,0,0,3,1396,1,800,3,2196,California
Trinity,2021-03-08,3,3004,0,394,2,2609,1,1,1,1396,2,802,2,2198,California
Trinity,2021-03-09,93,3097,0,394,91,2700,2,3,89,1483,4,806,91,2289,California
Trinity,2021-03-10,127,3224,3,397,121,2821,3,6,38,1435,89,895,41,2330,California
Trinity,2021-03-11,11,3235,3,400,6,2827,2,8,4,1434,7,902,6,2336,California
Trinity,2021-03-12,383,3618,5,405,372,3199,6,14,88,1233,295,1197,94,2430,California
Trinity,2021-03-13,13,3631,8,413,3,3202,2,16,8,1238,5,1202,10,2440,California
Trinity,2021-03-14,3,3634,0,413,3,3205,0,16,3,1241,0,1202,3,2443,California
Trinity,2021-03-15,66,3700,0,413,65,3270,1,17,14,1204,52,1254,15,2458,California
Trinity,2021-03-16,115,3815,7,420,108,3378,0,17,101,1291,14,1268,101,2559,California
Trinity,2021-03-17,100,3915,3,423,97,3475,0,17,26,1243,74,1342,26,2585,California
Trinity,2021-03-18,10,3925,2,425,5,3480,3,20,5,1246,5,1347,8,2593,California
Trinity,2021-03-19,455,4380,4,429,341,3821,110,130,36,973,419,1766,146,2739,California
Trinity,2021-03-20,104,4484,7,436,97,3918,0,130,69,1007,35,1801,69,2808,California
Trinity,2021-03-21,4,4488,0,436,3,3921,1,131,3,1010,1,1802,4,2812,California
Trinity,2021-03-22,2,4490,0,436,2,3923,0,131,2,1012,0,1802,2,2814,California
Trinity,2021-03-23,95,4585,1,437,94,4017,0,131,78,1073,17,1819,78,2892,California
Trinity,2021-03-24,12,4597,1,438,11,4028,0,131,9,1079,3,1822,9,2901,California
Trinity,2021-03-25,109,4706,7,445,96,4124,6,137,83,1142,26,1848,89,2990,California
Trinity,2021-03-26,78,4784,5,450,73,4197,0,137,71,1206,7,1855,71,3061,California
Trinity,2021-03-27,16,4800,4,454,3,4200,9,146,5,1209,11,1866,14,3075,California
Trinity,2021-03-28,5,4805,3,457,2,4202,0,146,1,1206,4,1870,1,3076,California
Trinity,2021-03-29,4,4809,0,457,4,4206,0,146,1,1204,3,1873,1,3077,California
Trinity,2021-03-30,76,4885,4,461,72,4278,0,146,67,1262,9,1882,67,3144,California
Trinity,2021-03-31,56,4941,5,466,19,4297,32,178,21,1279,35,1917,52,3196,California
Trinity,2021-04-01,40,4981,11,477,18,4315,11,189,20,1290,20,1937,31,3227,California
Trinity,2021-04-02,237,5218,6,483,157,4472,74,263,69,1268,167,2104,145,3372,California
Trinity,2021-04-03,19,5237,14,497,5,4477,0,263,9,1267,10,2114,9,3381,California
Trinity,2021-04-04,10,5247,8,505,2,4479,0,263,8,1273,2,2116,8,3389,California
Trinity,2021-04-05,59,5306,6,511,52,4531,1,264,55,1325,4,2120,56,3445,California
Trinity,2021-04-06,110,5416,13,524,94,4625,3,267,22,1262,88,2208,25,3470,California
Trinity,2021-04-07,21,5437,12,536,4,4629,5,272,13,1272,8,2216,18,3488,California
Trinity,2021-04-08,87,5524,10,546,75,4704,2,274,50,1287,37,2253,52,3540,California
Trinity,2021-04-09,161,5685,20,566,136,4840,5,279,84,1299,77,2330,89,3629,California
Trinity,2021-04-10,11,5696,7,573,4,4844,0,279,10,1308,1,2331,10,3639,California
Trinity,2021-04-11,10,5706,5,578,3,4847,2,281,4,1308,6,2337,6,3645,California
Trinity,2021-04-12,77,5783,5,583,71,4918,1,282,64,1360,12,2349,64,3709,California
Trinity,2021-04-13,96,5879,4,587,92,5010,0,282,10,1284,86,2435,10,3719,California
Trinity,2021-04-14,10,5889,5,592,5,5015,0,282,6,1286,4,2439,6,3725,California
Trinity,2021-04-15,43,5932,10,602,33,5048,0,282,14,1271,29,2468,14,3739,California
Trinity,2021-04-16,142,6074,12,614,130,5178,0,282,70,1272,72,2540,73,3812,California
Trinity,2021-04-17,11,6085,5,619,6,5184,0,282,9,1279,2,2542,9,3821,California
Trinity,2021-04-18,1,6086,1,620,0,5184,0,282,0,1278,1,2543,0,3821,California
Trinity,2021-04-19,3,6089,0,620,3,5187,0,282,3,1281,0,2543,3,3824,California
Trinity,2021-04-20,92,6181,8,628,84,5271,0,282,20,1229,72,2615,20,3844,California
Trinity,2021-04-21,23,6204,10,638,13,5284,0,282,10,1226,13,2628,10,3854,California
Trinity,2021-04-22,93,6297,7,645,86,5370,0,282,17,1167,76,2704,17,3871,California
Trinity,2021-04-23,169,6466,6,651,163,5533,0,282,104,1206,65,2769,104,3975,California
Trinity,2021-04-24,22,6488,14,665,8,5541,0,282,8,1200,14,2783,8,3983,California
Trinity,2021-04-25,9,6497,8,673,1,5542,0,282,2,1196,6,2789,2,3985,California
Trinity,2021-04-26,44,6541,5,678,39,5581,0,282,40,1232,4,2793,40,4025,California
Trinity,2021-04-27,87,6628,8,686,79,5660,0,282,24,1193,63,2856,24,4049,California
Trinity,2021-04-28,13,6641,1,687,12,5672,0,282,5,1191,8,2864,6,4055,California
Tulare,2020-12-15,1,1,1,1,0,0,0,0,1,1,0,0,1,1,California
Tulare,2020-12-16,3,4,3,4,0,0,0,0,3,4,0,0,3,4,California
Tulare,2020-12-17,110,114,110,114,0,0,0,0,110,114,0,0,110,114,California
Tulare,2020-12-18,289,403,289,403,0,0,0,0,289,403,0,0,289,403,California
Tulare,2020-12-19,328,731,328,731,0,0,0,0,328,731,0,0,328,731,California
Tulare,2020-12-20,166,897,165,896,1,1,0,0,166,897,0,0,166,897,California
Tulare,2020-12-21,422,1319,422,1318,0,1,0,0,442,1339,0,0,442,1339,California
Tulare,2020-12-22,469,1788,467,1785,2,3,0,0,468,1807,0,0,468,1807,California
Tulare,2020-12-23,328,2116,320,2105,8,11,0,0,326,2133,0,0,326,2133,California
Tulare,2020-12-24,18,2134,16,2121,2,13,0,0,18,2151,0,0,18,2151,California
Tulare,2020-12-26,8,2142,7,2128,1,14,0,0,8,2159,0,0,8,2159,California
Tulare,2020-12-27,16,2158,12,2140,4,18,0,0,16,2175,0,0,16,2175,California
Tulare,2020-12-28,483,2641,471,2611,12,30,0,0,482,2657,0,0,482,2657,California
Tulare,2020-12-29,546,3187,478,3089,68,98,0,0,546,3203,0,0,546,3203,California
Tulare,2020-12-30,474,3661,435,3524,39,137,0,0,474,3677,0,0,474,3677,California
Tulare,2020-12-31,94,3755,22,3546,72,209,0,0,94,3771,0,0,94,3771,California
Tulare,2021-01-01,2,3757,1,3547,1,210,0,0,2,3773,0,0,2,3773,California
Tulare,2021-01-02,28,3785,17,3564,11,221,0,0,28,3801,0,0,28,3801,California
Tulare,2021-01-03,23,3808,9,3573,14,235,0,0,23,3824,0,0,23,3824,California
Tulare,2021-01-04,92,3900,16,3589,76,311,0,0,92,3916,0,0,92,3916,California
Tulare,2021-01-05,460,4360,278,3867,182,493,0,0,458,4372,2,2,458,4374,California
Tulare,2021-01-06,865,5225,636,4503,229,722,0,0,855,5217,10,12,855,5229,California
Tulare,2021-01-07,782,6007,584,5087,198,920,0,0,676,5787,106,118,676,5905,California
Tulare,2021-01-08,1267,7274,575,5662,692,1612,0,0,929,6379,337,455,929,6834,California
Tulare,2021-01-09,742,8016,204,5866,538,2150,0,0,554,6745,188,643,554,7388,California
Tulare,2021-01-10,50,8066,44,5910,6,2156,0,0,11,6717,39,682,11,7399,California
Tulare,2021-01-11,1267,9333,767,6677,500,2656,0,0,832,7114,435,1117,832,8231,California
Tulare,2021-01-12,1404,10737,488,7165,916,3572,0,0,997,7706,406,1523,998,9229,California
Tulare,2021-01-13,458,11195,228,7393,230,3802,0,0,383,8014,75,1598,383,9612,California
Tulare,2021-01-14,492,11687,141,7534,351,4153,0,0,466,8465,15,1613,466,10078,California
Tulare,2021-01-15,1620,13307,151,7685,1469,5622,0,0,1611,10067,9,1622,1611,11689,California
Tulare,2021-01-16,1901,15208,114,7799,1787,7409,0,0,1887,11940,14,1636,1887,13576,California
Tulare,2021-01-17,141,15349,122,7921,19,7428,0,0,131,12061,10,1646,131,13707,California
Tulare,2021-01-18,695,16044,662,8583,33,7461,0,0,295,11956,400,2046,295,14002,California
Tulare,2021-01-19,1006,17050,683,9266,323,7784,0,0,578,12106,428,2474,578,14580,California
Tulare,2021-01-20,2377,19427,564,9830,1813,9597,0,0,1991,13711,386,2860,1991,16571,California
Tulare,2021-01-21,1512,20939,150,9980,1362,10959,0,0,1486,15176,21,2881,1486,18057,California
Tulare,2021-01-22,1054,21993,185,10165,869,11828,0,0,1030,16183,23,2904,1030,19087,California
Tulare,2021-01-23,438,22431,156,10321,282,12110,0,0,417,16579,21,2925,417,19504,California
Tulare,2021-01-24,30,22461,27,10348,3,12113,0,0,28,16605,2,2927,28,19532,California
Tulare,2021-01-25,1324,23785,979,11327,345,12458,0,0,1295,17871,29,2956,1295,20827,California
Tulare,2021-01-26,1498,25283,1099,12426,399,12857,0,0,1173,18720,324,3280,1173,22000,California
Tulare,2021-01-27,1456,26739,1070,13496,386,13243,0,0,878,19020,578,3858,878,22878,California
Tulare,2021-01-28,1203,27942,769,14265,434,13677,0,0,808,19433,395,4253,808,23686,California
Tulare,2021-01-29,1129,29071,719,14984,410,14087,0,0,819,19942,310,4563,819,24505,California
Tulare,2021-01-30,1673,30744,1579,16563,94,14181,0,0,1649,21568,24,4587,1650,26155,California
Tulare,2021-01-31,51,30795,47,16610,4,14185,0,0,48,21613,3,4590,48,26203,California
Tulare,2021-02-01,1183,31978,916,17526,267,14452,0,0,831,22093,351,4941,831,27034,California
Tulare,2021-02-02,676,32654,328,17854,348,14800,0,0,445,22310,229,5170,446,27480,California
Tulare,2021-02-03,613,33267,287,18141,326,15126,0,0,336,22371,275,5445,336,27816,California
Tulare,2021-02-04,552,33819,165,18306,387,15513,0,0,266,22353,285,5730,267,28083,California
Tulare,2021-02-05,1230,35049,233,18539,997,16510,0,0,414,21953,814,6544,414,28497,California
Tulare,2021-02-06,834,35883,158,18697,676,17186,0,0,266,21653,566,7110,266,28763,California
Tulare,2021-02-07,78,35961,66,18763,12,17198,0,0,23,21621,55,7165,23,28786,California
Tulare,2021-02-08,941,36902,327,19090,614,17812,0,0,244,21171,694,7859,244,29030,California
Tulare,2021-02-09,1406,38308,327,19417,1079,18891,0,0,361,20492,1040,8899,361,29391,California
Tulare,2021-02-10,2470,40778,1987,21404,483,19374,0,0,2070,22165,397,9296,2070,31461,California
Tulare,2021-02-11,1322,42100,376,21780,946,20320,0,0,938,22719,384,9680,938,32399,California
Tulare,2021-02-12,2776,44876,576,22356,2200,22520,0,0,1213,22376,1556,11236,1213,33612,California
Tulare,2021-02-13,2479,47355,157,22513,2322,24842,0,0,666,21232,1810,13046,666,34278,California
Tulare,2021-02-14,333,47688,36,22549,297,25139,0,0,300,21499,33,13079,300,34578,California
Tulare,2021-02-15,915,48603,291,22840,624,25763,0,0,658,21901,256,13335,658,35236,California
Tulare,2021-02-16,2831,51434,1595,24435,1236,26999,0,0,1077,21225,1753,15088,1077,36313,California
Tulare,2021-02-17,2699,54133,509,24944,2190,29189,0,0,462,19455,2232,17320,462,36775,California
Tulare,2021-02-18,2299,56432,456,25400,1843,31032,0,0,632,18428,1659,18979,632,37407,California
Tulare,2021-02-19,2295,58727,855,26255,1440,32472,0,0,942,18019,1351,20330,942,38349,California
Tulare,2021-02-20,2989,61716,1892,28147,1097,33569,0,0,1267,17569,1717,22047,1267,39616,California
Tulare,2021-02-21,95,61811,91,28238,4,33573,0,0,60,17594,35,22082,60,39676,California
Tulare,2021-02-22,1105,62916,701,28939,404,33977,0,0,212,16914,892,22974,212,39888,California
Tulare,2021-02-23,1946,64862,940,29879,1006,34983,0,0,1457,17883,488,23462,1457,41345,California
Tulare,2021-02-24,2476,67338,1551,31430,925,35908,0,0,2098,19605,377,23839,2099,43444,California
Tulare,2021-02-25,3483,70821,1948,33378,1535,37443,0,0,3069,22264,410,24249,3069,46513,California
Tulare,2021-02-26,3837,74658,1879,35257,1958,39401,0,0,3375,25179,460,24709,3375,49888,California
Tulare,2021-02-27,2898,77556,1390,36647,1508,40909,0,0,2766,27824,121,24830,2766,52654,California
Tulare,2021-02-28,1305,78861,1034,37681,271,41180,0,0,1285,29091,18,24848,1285,53939,California
Tulare,2021-03-01,1738,80599,773,38454,965,42145,0,0,1554,30463,182,25030,1554,55493,California
Tulare,2021-03-02,2681,83280,1193,39647,1488,43633,0,0,2515,32815,164,25194,2516,58009,California
Tulare,2021-03-03,3914,87194,2597,42244,1317,44950,0,0,1963,32832,1948,27142,1965,59974,California
Tulare,2021-03-04,2876,90070,1297,43541,1579,46529,0,0,2560,35079,313,27455,2560,62534,California
Tulare,2021-03-05,3281,93351,1692,45233,1574,48103,15,15,2777,37373,500,27955,2794,65328,California
Tulare,2021-03-06,3058,96409,1431,46664,1568,49671,59,74,2811,39997,244,28199,2868,68196,California
Tulare,2021-03-07,1093,97502,683,47347,389,50060,21,95,1053,41031,40,28239,1074,69270,California
Tulare,2021-03-08,1665,99167,978,48325,519,50579,168,263,1351,42239,310,28549,1518,70788,California
Tulare,2021-03-09,3182,102349,2184,50509,851,51430,147,410,2786,44774,396,28945,2931,73719,California
Tulare,2021-03-10,2786,105135,1384,51893,1227,52657,175,585,2407,46983,371,29316,2580,76299,California
Tulare,2021-03-11,4135,109270,1961,53854,1873,54530,301,886,3200,49548,935,30251,3500,79799,California
Tulare,2021-03-12,4334,113604,2377,56231,1609,56139,348,1234,3066,51704,1260,31511,3416,83215,California
Tulare,2021-03-13,4005,117609,1846,58077,2054,58193,105,1339,3068,53946,931,32442,3173,86388,California
Tulare,2021-03-14,1803,119412,973,59050,611,58804,219,1558,1275,54912,527,32969,1493,87881,California
Tulare,2021-03-15,2723,122135,1605,60655,1003,59807,115,1673,1951,56209,770,33739,2067,89948,California
Tulare,2021-03-16,3421,125556,2115,62770,1229,61036,77,1750,1873,56617,1545,35284,1953,91901,California
Tulare,2021-03-17,4009,129565,2605,65375,1327,62363,77,1827,2267,57232,1736,37020,2351,94252,California
Tulare,2021-03-18,4581,134146,3337,68712,1172,63535,72,1899,2435,57601,2141,39161,2510,96762,California
Tulare,2021-03-19,5054,139200,3311,72023,1547,65082,196,2095,2711,58183,2327,41488,2909,99671,California
Tulare,2021-03-20,4428,143628,2746,74769,1310,66392,372,2467,2093,58323,2328,43816,2468,102139,California
Tulare,2021-03-21,1903,145531,1623,76392,254,66646,26,2493,974,58396,926,44742,999,103138,California
Tulare,2021-03-22,2485,148016,1697,78089,677,67323,111,2604,1666,59362,813,45555,1779,104917,California
Tulare,2021-03-23,3720,151736,2137,80226,1531,68854,52,2656,2079,59868,1631,47186,2137,107054,California
Tulare,2021-03-24,3175,154911,1969,82195,1164,70018,42,2698,1812,60366,1356,48542,1854,108908,California
Tulare,2021-03-25,3403,158314,1750,83945,1480,71498,173,2871,1665,60473,1732,50274,1839,110747,California
Tulare,2021-03-26,5180,163494,3088,87033,1983,73481,109,2980,2552,60524,2610,52884,2661,113408,California
Tulare,2021-03-27,3468,166962,1774,88807,1597,75078,97,3077,954,59071,2507,55391,1054,114462,California
Tulare,2021-03-28,1451,168413,1048,89855,372,75450,31,3108,671,59000,779,56170,708,115170,California
Tulare,2021-03-29,2863,171276,1640,91495,1111,76561,112,3220,1226,58706,1633,57803,1339,116509,California
Tulare,2021-03-30,4705,175981,2698,94193,1777,78338,230,3450,1496,57228,3202,61005,1724,118233,California
Tulare,2021-03-31,3723,179704,2176,96369,1436,79774,111,3561,1501,56628,2214,63219,1614,119847,California
Tulare,2021-04-01,4339,184043,2351,98720,1923,81697,65,3626,1520,55403,2811,66030,1586,121433,California
Tulare,2021-04-02,5206,189249,2971,101691,2118,83815,117,3743,1662,53655,3528,69558,1780,123213,California
Tulare,2021-04-03,3461,192710,2006,103697,1124,84939,331,4074,854,52269,2570,72128,1184,124397,California
Tulare,2021-04-04,1618,194328,1133,104830,478,85417,7,4081,392,51444,1224,73352,399,124796,California
Tulare,2021-04-05,3296,197624,2317,107147,716,86133,263,4344,858,50138,2428,75780,1122,125918,California
Tulare,2021-04-06,3383,201007,1464,108611,1428,87561,491,4835,928,49112,2451,78231,1425,127343,California
Tulare,2021-04-07,3740,204747,1805,110416,1516,89077,419,5254,1234,48257,2498,80729,1643,128986,California
Tulare,2021-04-08,4654,209401,2586,113002,1612,90689,456,5710,1508,47081,3138,83867,1962,130948,California
Tulare,2021-04-09,4726,214127,2922,115924,1390,92079,414,6124,1810,46397,2909,86776,2225,133173,California
Tulare,2021-04-10,3792,217919,2043,117967,1434,93513,315,6439,976,44878,2809,89585,1290,134463,California
Tulare,2021-04-11,1576,219495,1034,119001,470,93983,72,6511,594,44565,979,90564,666,135129,California
Tulare,2021-04-12,3368,222863,2104,121105,670,94653,594,7105,1083,43975,2268,92832,1678,136807,California
Tulare,2021-04-13,2392,225255,1578,122683,804,95457,10,7115,911,43425,1473,94305,923,137730,California
Tulare,2021-04-14,2808,228063,1663,124346,1145,96602,0,7115,908,42435,1898,96203,908,138638,California
Tulare,2021-04-15,3175,231238,2070,126416,1105,97707,0,7115,1435,42139,1731,97934,1435,140073,California
Tulare,2021-04-16,3610,234848,2208,128624,1402,99109,0,7115,1466,41471,2135,100069,1467,141540,California
Tulare,2021-04-17,2151,236999,1262,129886,889,99998,0,7115,1166,41656,982,101051,1167,142707,California
Tulare,2021-04-18,1503,238502,1175,131061,328,100326,0,7115,815,41784,687,101738,815,143522,California
Tulare,2021-04-19,2103,240605,1211,132272,890,101216,2,7117,896,41476,1206,102944,898,144420,California
Tulare,2021-04-20,2282,242887,1265,133537,1017,102233,0,7117,989,41185,1280,104224,989,145409,California
Tulare,2021-04-21,2153,245040,1304,134841,849,103082,0,7117,824,40715,1294,105518,824,146233,California
Tulare,2021-04-22,2090,247130,1168,136009,922,104004,0,7117,743,40129,1329,106847,743,146976,California
Tulare,2021-04-23,2434,249564,1535,137544,898,104902,1,7118,969,39643,1455,108302,969,147945,California
Tulare,2021-04-24,1515,251079,989,138533,524,105426,2,7120,785,39705,725,109027,787,148732,California
Tulare,2021-04-25,490,251569,373,138906,117,105543,0,7120,202,39620,287,109314,202,148934,California
Tulare,2021-04-26,1215,252784,708,139614,488,106031,19,7139,509,39446,700,110014,526,149460,California
Tulare,2021-04-27,1230,254014,534,140148,663,106694,33,7172,568,39387,659,110673,600,150060,California
Tulare,2021-04-28,780,254794,443,140591,319,107013,18,7190,260,39149,518,111191,280,150340,California
Tuolumne,2020-12-16,45,45,45,45,0,0,0,0,45,45,0,0,45,45,California
Tuolumne,2020-12-17,17,62,17,62,0,0,0,0,17,62,0,0,17,62,California
Tuolumne,2020-12-18,101,163,100,162,1,1,0,0,101,163,0,0,101,163,California
Tuolumne,2020-12-19,5,168,5,167,0,1,0,0,5,168,0,0,5,168,California
Tuolumne,2020-12-20,1,169,1,168,0,1,0,0,1,169,0,0,1,169,California
Tuolumne,2020-12-21,112,281,98,266,14,15,0,0,112,281,0,0,112,281,California
Tuolumne,2020-12-22,169,450,169,435,0,15,0,0,169,450,0,0,169,450,California
Tuolumne,2020-12-23,186,636,184,619,2,17,0,0,186,636,0,0,186,636,California
Tuolumne,2020-12-26,3,639,3,622,0,17,0,0,3,639,0,0,3,639,California
Tuolumne,2020-12-28,77,716,75,697,2,19,0,0,77,716,0,0,77,716,California
Tuolumne,2020-12-29,102,818,39,736,63,82,0,0,102,818,0,0,102,818,California
Tuolumne,2020-12-30,77,895,22,758,55,137,0,0,77,895,0,0,77,895,California
Tuolumne,2020-12-31,27,922,20,778,7,144,0,0,27,922,0,0,27,922,California
Tuolumne,2021-01-01,6,928,5,783,1,145,0,0,6,928,0,0,6,928,California
Tuolumne,2021-01-02,118,1046,115,898,3,148,0,0,118,1046,0,0,118,1046,California
Tuolumne,2021-01-03,3,1049,2,900,1,149,0,0,3,1049,0,0,3,1049,California
Tuolumne,2021-01-04,68,1117,25,925,43,192,0,0,68,1117,0,0,68,1117,California
Tuolumne,2021-01-05,91,1208,26,951,65,257,0,0,89,1204,2,2,89,1206,California
Tuolumne,2021-01-06,111,1319,51,1002,60,317,0,0,68,1229,43,45,68,1274,California
Tuolumne,2021-01-07,119,1438,62,1064,57,374,0,0,64,1238,55,100,64,1338,California
Tuolumne,2021-01-08,103,1541,79,1143,24,398,0,0,26,1189,76,176,27,1365,California
Tuolumne,2021-01-09,1,1542,0,1143,1,399,0,0,1,1190,0,176,1,1366,California
Tuolumne,2021-01-10,3,1545,1,1144,2,401,0,0,3,1193,0,176,3,1369,California
Tuolumne,2021-01-11,114,1659,88,1232,26,427,0,0,33,1145,81,257,33,1402,California
Tuolumne,2021-01-12,101,1760,85,1317,16,443,0,0,17,1078,84,341,17,1419,California
Tuolumne,2021-01-13,230,1990,125,1442,105,548,0,0,181,1211,49,390,182,1601,California
Tuolumne,2021-01-14,130,2120,90,1532,40,588,0,0,43,1168,86,476,43,1644,California
Tuolumne,2021-01-15,476,2596,74,1606,402,990,0,0,413,1520,62,538,414,2058,California
Tuolumne,2021-01-16,7,2603,3,1609,4,994,0,0,6,1525,1,539,6,2064,California
Tuolumne,2021-01-17,7,2610,4,1613,3,997,0,0,6,1531,0,539,6,2070,California
Tuolumne,2021-01-18,46,2656,38,1651,8,1005,0,0,9,1504,36,575,9,2079,California
Tuolumne,2021-01-19,473,3129,72,1723,401,1406,0,0,428,1887,45,620,428,2507,California
Tuolumne,2021-01-20,76,3205,58,1781,18,1424,0,0,24,1860,51,671,24,2531,California
Tuolumne,2021-01-21,56,3261,22,1803,34,1458,0,0,41,1886,15,686,41,2572,California
Tuolumne,2021-01-22,166,3427,16,1819,150,1608,0,0,159,2038,7,693,159,2731,California
Tuolumne,2021-01-23,665,4092,147,1966,518,2126,0,0,552,2487,113,806,562,3293,California
Tuolumne,2021-01-24,523,4615,1,1967,522,2648,0,0,519,3004,3,809,520,3813,California
Tuolumne,2021-01-25,48,4663,27,1994,21,2669,0,0,22,3001,26,835,23,3836,California
Tuolumne,2021-01-26,80,4743,68,2062,12,2681,0,0,40,3002,40,875,41,3877,California
Tuolumne,2021-01-27,60,4803,4,2066,56,2737,0,0,7,2957,52,927,7,3884,California
Tuolumne,2021-01-28,27,4830,7,2073,20,2757,0,0,18,2966,9,936,18,3902,California
Tuolumne,2021-01-29,72,4902,6,2079,66,2823,0,0,34,2962,38,974,34,3936,California
Tuolumne,2021-01-30,709,5611,552,2631,157,2980,0,0,687,3643,22,996,703,4639,California
Tuolumne,2021-01-31,8,5619,2,2633,6,2986,0,0,5,3645,3,999,5,4644,California
Tuolumne,2021-02-01,24,5643,6,2639,18,3004,0,0,21,3663,3,1002,21,4665,California
Tuolumne,2021-02-02,645,6288,36,2675,609,3613,0,0,635,4289,9,1011,635,5300,California
Tuolumne,2021-02-03,238,6526,108,2783,130,3743,0,0,85,4221,153,1164,85,5385,California
Tuolumne,2021-02-04,125,6651,13,2796,112,3855,0,0,62,4220,63,1227,62,5447,California
Tuolumne,2021-02-05,99,6750,12,2808,87,3942,0,0,36,4194,62,1289,36,5483,California
Tuolumne,2021-02-06,852,7602,580,3388,272,4214,0,0,849,5040,3,1292,849,6332,California
Tuolumne,2021-02-07,7,7609,4,3392,3,4217,0,0,3,5039,4,1296,3,6335,California
Tuolumne,2021-02-08,91,7700,40,3432,51,4268,0,0,67,5082,24,1320,67,6402,California
Tuolumne,2021-02-09,864,8564,53,3485,811,5079,0,0,826,5870,38,1358,826,7228,California
Tuolumne,2021-02-10,87,8651,15,3500,72,5151,0,0,27,5838,59,1417,27,7255,California
Tuolumne,2021-02-11,142,8793,66,3566,76,5227,0,0,75,5846,67,1484,75,7330,California
Tuolumne,2021-02-12,640,9433,19,3585,621,5848,0,0,203,5613,436,1920,203,7533,California
Tuolumne,2021-02-13,146,9579,42,3627,104,5952,0,0,115,5703,25,1945,115,7648,California
Tuolumne,2021-02-14,148,9727,12,3639,136,6088,0,0,147,5849,1,1946,147,7795,California
Tuolumne,2021-02-15,184,9911,10,3649,174,6262,0,0,175,6015,9,1955,175,7970,California
Tuolumne,2021-02-16,525,10436,17,3666,508,6770,0,0,123,5740,400,2355,125,8095,California
Tuolumne,2021-02-17,108,10544,63,3729,45,6815,0,0,62,5757,45,2400,62,8157,California
Tuolumne,2021-02-18,675,11219,26,3755,649,7464,0,0,627,6336,48,2448,627,8784,California
Tuolumne,2021-02-19,142,11361,23,3778,119,7583,0,0,43,6280,99,2547,43,8827,California
Tuolumne,2021-02-20,904,12265,342,4120,562,8145,0,0,386,6161,506,3053,387,9214,California
Tuolumne,2021-02-21,975,13240,36,4156,939,9084,0,0,471,6131,501,3554,471,9685,California
Tuolumne,2021-02-22,77,13317,56,4212,21,9105,0,0,46,6147,30,3584,46,9731,California
Tuolumne,2021-02-23,46,13363,23,4235,23,9128,0,0,25,6152,20,3604,25,9756,California
Tuolumne,2021-02-24,102,13465,58,4293,44,9172,0,0,43,6137,58,3662,43,9799,California
Tuolumne,2021-02-25,1053,14518,36,4329,1017,10189,0,0,1022,7128,31,3693,1022,10821,California
Tuolumne,2021-02-26,143,14661,10,4339,133,10322,0,0,121,7227,22,3715,121,10942,California
Tuolumne,2021-02-27,947,15608,576,4915,371,10693,0,0,246,6789,685,4400,247,11189,California
Tuolumne,2021-02-28,55,15663,4,4919,51,10744,0,0,52,6839,2,4402,52,11241,California
Tuolumne,2021-03-01,111,15774,21,4940,90,10834,0,0,76,6883,33,4435,77,11318,California
Tuolumne,2021-03-02,705,16479,73,5013,632,11466,0,0,106,6391,598,5033,106,11424,California
Tuolumne,2021-03-03,88,16567,20,5033,68,11534,0,0,64,6431,24,5057,64,11488,California
Tuolumne,2021-03-04,1166,17733,73,5106,1093,12627,0,0,1103,7471,63,5120,1103,12591,California
Tuolumne,2021-03-05,85,17818,10,5116,75,12702,0,0,48,7484,36,5156,49,12640,California
Tuolumne,2021-03-06,1051,18869,604,5720,445,13147,2,2,204,6844,846,6002,206,12846,California
Tuolumne,2021-03-07,40,18909,12,5732,14,13161,14,16,18,6854,22,6024,32,12878,California
Tuolumne,2021-03-08,197,19106,89,5821,101,13262,7,23,141,6946,56,6080,148,13026,California
Tuolumne,2021-03-09,854,19960,16,5837,827,14089,11,34,66,6238,786,6866,78,13104,California
Tuolumne,2021-03-10,74,20034,12,5849,51,14140,11,45,51,6277,23,6889,62,13166,California
Tuolumne,2021-03-11,1275,21309,35,5884,1234,15374,6,51,1250,7510,25,6914,1258,14424,California
Tuolumne,2021-03-12,296,21605,33,5917,248,15622,15,66,191,7615,104,7018,209,14633,California
Tuolumne,2021-03-13,112,21717,12,5929,100,15722,0,66,91,7686,21,7039,92,14725,California
Tuolumne,2021-03-14,142,21859,8,5937,125,15847,9,75,8,7574,134,7173,22,14747,California
Tuolumne,2021-03-15,292,22151,79,6016,211,16058,2,77,101,7493,191,7364,110,14857,California
Tuolumne,2021-03-16,803,22954,38,6054,754,16812,11,88,666,8033,137,7501,677,15534,California
Tuolumne,2021-03-17,152,23106,31,6085,108,16920,13,101,79,8052,72,7573,91,15625,California
Tuolumne,2021-03-18,946,24052,28,6113,905,17825,13,114,319,7758,627,8200,333,15958,California
Tuolumne,2021-03-19,131,24183,16,6129,83,17908,32,146,70,7800,59,8259,101,16059,California
Tuolumne,2021-03-20,89,24272,6,6135,73,17981,10,156,37,7795,51,8310,46,16105,California
Tuolumne,2021-03-21,833,25105,390,6525,434,18415,9,165,40,7053,791,9101,49,16154,California
Tuolumne,2021-03-22,163,25268,72,6597,72,18487,19,184,97,7103,66,9167,116,16270,California
Tuolumne,2021-03-23,706,25974,637,7234,55,18542,14,198,670,7750,36,9203,683,16953,California
Tuolumne,2021-03-24,107,26081,19,7253,70,18612,18,216,75,7812,31,9234,93,17046,California
Tuolumne,2021-03-25,1292,27373,23,7276,1266,19878,3,219,322,7168,969,10203,325,17371,California
Tuolumne,2021-03-26,267,27640,15,7291,229,20107,23,242,110,7154,147,10350,133,17504,California
Tuolumne,2021-03-27,577,28217,56,7347,521,20628,0,242,315,7209,261,10611,316,17820,California
Tuolumne,2021-03-28,51,28268,8,7355,43,20671,0,242,11,7183,38,10649,12,17832,California
Tuolumne,2021-03-29,200,28468,81,7436,119,20790,0,242,105,7195,93,10742,105,17937,California
Tuolumne,2021-03-30,161,28629,13,7449,147,20937,1,243,118,7272,42,10784,119,18056,California
Tuolumne,2021-03-31,91,28720,14,7463,75,21012,2,245,34,7254,56,10840,38,18094,California
Tuolumne,2021-04-01,1231,29951,28,7491,1203,22215,0,245,215,6456,1014,11854,216,18310,California
Tuolumne,2021-04-02,163,30114,12,7503,125,22340,26,271,90,6500,72,11926,116,18426,California
Tuolumne,2021-04-03,415,30529,34,7537,380,22720,1,272,230,6548,185,12111,233,18659,California
Tuolumne,2021-04-04,33,30562,2,7539,31,22751,0,272,21,6559,10,12121,21,18680,California
Tuolumne,2021-04-05,128,30690,20,7559,102,22853,6,278,57,6551,71,12192,63,18743,California
Tuolumne,2021-04-06,634,31324,507,8066,100,22953,27,305,503,6951,131,12323,531,19274,California
Tuolumne,2021-04-07,122,31446,38,8104,68,23021,16,321,44,6933,78,12401,60,19334,California
Tuolumne,2021-04-08,1417,32863,31,8135,1372,24393,14,335,232,5996,1183,13584,246,19580,California
Tuolumne,2021-04-09,270,33133,42,8177,184,24577,44,379,129,6032,139,13723,175,19755,California
Tuolumne,2021-04-10,59,33192,3,8180,34,24611,22,401,24,6044,34,13757,46,19801,California
Tuolumne,2021-04-11,17,33209,2,8182,12,24623,3,404,12,6054,5,13762,15,19816,California
Tuolumne,2021-04-12,161,33370,67,8249,88,24711,6,410,87,6079,68,13830,93,19909,California
Tuolumne,2021-04-13,782,34152,36,8285,746,25457,0,410,167,5638,608,14438,167,20076,California
Tuolumne,2021-04-14,138,34290,27,8312,111,25568,0,410,66,5636,69,14507,67,20143,California
Tuolumne,2021-04-15,336,34626,21,8333,315,25883,0,410,58,5421,273,14780,58,20201,California
Tuolumne,2021-04-16,234,34860,50,8383,184,26067,0,410,133,5459,95,14875,133,20334,California
Tuolumne,2021-04-17,46,34906,7,8390,39,26106,0,410,29,5471,17,14892,29,20363,California
Tuolumne,2021-04-18,7,34913,2,8392,5,26111,0,410,3,5470,4,14896,3,20366,California
Tuolumne,2021-04-19,167,35080,77,8469,90,26201,0,410,90,5486,74,14970,90,20456,California
Tuolumne,2021-04-20,709,35789,614,9083,95,26296,0,410,77,4937,626,15596,77,20533,California
Tuolumne,2021-04-21,105,35894,25,9108,80,26376,0,410,59,4955,41,15637,59,20592,California
Tuolumne,2021-04-22,688,36582,46,9154,642,27018,0,410,418,5113,260,15897,418,21010,California
Tuolumne,2021-04-23,155,36737,30,9184,125,27143,0,410,81,5122,72,15969,81,21091,California
Tuolumne,2021-04-24,72,36809,12,9196,60,27203,0,410,47,5144,25,15994,47,21138,California
Tuolumne,2021-04-25,21,36830,5,9201,16,27219,0,410,18,5159,3,15997,18,21156,California
Tuolumne,2021-04-26,112,36942,55,9256,57,27276,0,410,53,5154,58,16055,53,21209,California
Tuolumne,2021-04-27,88,37030,14,9270,72,27348,2,412,38,5144,50,16105,40,21249,California
Tuolumne,2021-04-28,20,37050,3,9273,17,27365,0,412,6,5139,14,16119,9,21258,California
Ventura,2020-12-15,5,5,5,5,0,0,0,0,5,5,0,0,5,5,California
Ventura,2020-12-16,72,77,72,77,0,0,0,0,72,77,0,0,72,77,California
Ventura,2020-12-17,250,327,250,327,0,0,0,0,250,327,0,0,250,327,California
Ventura,2020-12-18,1411,1738,1411,1738,0,0,0,0,1411,1738,0,0,1411,1738,California
Ventura,2020-12-19,910,2648,910,2648,0,0,0,0,910,2648,0,0,910,2648,California
Ventura,2020-12-20,429,3077,429,3077,0,0,0,0,429,3077,0,0,429,3077,California
Ventura,2020-12-21,1470,4547,1470,4547,0,0,0,0,1470,4547,0,0,1470,4547,California
Ventura,2020-12-22,1103,5650,1098,5645,5,5,0,0,1103,5650,0,0,1103,5650,California
Ventura,2020-12-23,1027,6677,980,6625,47,52,0,0,1027,6677,0,0,1027,6677,California
Ventura,2020-12-24,477,7154,379,7004,98,150,0,0,477,7154,0,0,477,7154,California
Ventura,2020-12-25,11,7165,7,7011,4,154,0,0,11,7165,0,0,11,7165,California
Ventura,2020-12-26,112,7277,91,7102,21,175,0,0,112,7277,0,0,112,7277,California
Ventura,2020-12-27,58,7335,27,7129,31,206,0,0,58,7335,0,0,58,7335,California
Ventura,2020-12-28,1068,8403,929,8058,139,345,0,0,1068,8403,0,0,1068,8403,California
Ventura,2020-12-29,1168,9571,763,8821,405,750,0,0,1168,9571,0,0,1168,9571,California
Ventura,2020-12-30,1983,11554,1518,10339,465,1215,0,0,1983,11554,0,0,1983,11554,California
Ventura,2020-12-31,479,12033,162,10501,317,1532,0,0,479,12033,0,0,479,12033,California
Ventura,2021-01-01,22,12055,6,10507,16,1548,0,0,22,12055,0,0,22,12055,California
Ventura,2021-01-02,172,12227,79,10586,93,1641,0,0,172,12227,0,0,172,12227,California
Ventura,2021-01-03,15,12242,8,10594,7,1648,0,0,15,12242,0,0,15,12242,California
Ventura,2021-01-04,1081,13323,550,11144,531,2179,0,0,1080,13322,0,0,1080,13322,California
Ventura,2021-01-05,1371,14694,775,11919,596,2775,0,0,1330,14611,41,41,1330,14652,California
Ventura,2021-01-06,2058,16752,1180,13099,878,3653,0,0,1627,15818,422,463,1629,16281,California
Ventura,2021-01-07,2068,18820,1327,14426,741,4394,0,0,1181,16114,885,1348,1181,17462,California
Ventura,2021-01-08,2198,21018,1476,15902,722,5116,0,0,905,15729,1291,2639,906,18368,California
Ventura,2021-01-09,721,21739,500,16402,221,5337,0,0,319,15646,402,3041,319,18687,California
Ventura,2021-01-10,340,22079,326,16728,14,5351,0,0,126,15558,214,3255,126,18813,California
Ventura,2021-01-11,2445,24524,1488,18216,957,6308,0,0,1492,16100,953,4208,1495,20308,California
Ventura,2021-01-12,3037,27561,1607,19823,1430,7738,0,0,2014,17091,1023,5231,2014,22322,California
Ventura,2021-01-13,2924,30485,1423,21246,1501,9239,0,0,2041,18253,880,6111,2042,24364,California
Ventura,2021-01-14,2729,33214,1059,22305,1670,10909,0,0,2284,20094,444,6555,2285,26649,California
Ventura,2021-01-15,2888,36102,970,23275,1918,12827,0,0,2675,22557,213,6768,2676,29325,California
Ventura,2021-01-16,484,36586,187,23462,297,13124,0,0,404,22881,80,6848,404,29729,California
Ventura,2021-01-17,260,36846,137,23599,123,13247,0,0,254,23129,6,6854,254,29983,California
Ventura,2021-01-18,2218,39064,1672,25271,546,13793,0,0,1668,24249,549,7403,1669,31652,California
Ventura,2021-01-19,3035,42099,2116,27387,919,14712,0,0,2144,25504,891,8294,2146,33798,California
Ventura,2021-01-20,4060,46159,3109,30496,951,15663,0,0,3024,27496,1033,9327,3025,36823,California
Ventura,2021-01-21,3836,49995,2670,33166,1166,16829,0,0,3165,29994,668,9995,3166,39989,California
Ventura,2021-01-22,3608,53603,2490,35656,1118,17947,0,0,3447,33280,161,10156,3447,43436,California
Ventura,2021-01-23,1184,54787,650,36306,534,18481,0,0,1083,34265,100,10256,1085,44521,California
Ventura,2021-01-24,451,55238,137,36443,314,18795,0,0,438,34690,13,10269,438,44959,California
Ventura,2021-01-25,3150,58388,2030,38473,1120,19915,0,0,2598,36738,551,10820,2599,47558,California
Ventura,2021-01-26,3707,62095,2201,40674,1506,21421,0,0,2711,38455,995,11815,2712,50270,California
Ventura,2021-01-27,3459,65554,1558,42232,1901,23322,0,0,2719,40439,736,12551,2720,52990,California
Ventura,2021-01-28,3865,69419,1987,44219,1878,25200,0,0,3251,43095,597,13148,3253,56243,California
Ventura,2021-01-29,4262,73681,2521,46740,1741,26941,0,0,3761,46371,488,13636,3764,60007,California
Ventura,2021-01-30,3033,76714,1962,48702,1071,28012,0,0,2864,49070,166,13802,2865,62872,California
Ventura,2021-01-31,831,77545,444,49146,387,28399,0,0,746,49731,85,13887,746,63618,California
Ventura,2021-02-01,3937,81482,2109,51255,1828,30227,0,0,3167,52132,767,14654,3168,66786,California
Ventura,2021-02-02,4399,85881,2371,53626,2028,32255,0,0,3377,54492,1018,15672,3378,70164,California
Ventura,2021-02-03,4452,90333,2089,55715,2363,34618,0,0,3441,56928,1006,16678,3442,73606,California
Ventura,2021-02-04,4770,95103,2286,58001,2484,37102,0,0,3517,59201,1246,17924,3519,77125,California
Ventura,2021-02-05,4828,99931,2310,60311,2518,39620,0,0,3338,61064,1477,19401,3340,80465,California
Ventura,2021-02-06,2834,102765,1514,61825,1320,40940,0,0,2432,63095,401,19802,2432,82897,California
Ventura,2021-02-07,710,103475,241,62066,469,41409,0,0,584,63554,126,19928,585,83482,California
Ventura,2021-02-08,3496,106971,1623,63689,1873,43282,0,0,2426,64915,1065,20993,2426,85908,California
Ventura,2021-02-09,4716,111687,1973,65662,2743,46025,0,0,2467,65136,2248,23241,2469,88377,California
Ventura,2021-02-10,4711,116398,2235,67897,2476,48501,0,0,2402,65241,2298,25539,2403,90780,California
Ventura,2021-02-11,4658,121056,1862,69759,2796,51297,0,0,2446,65485,2205,27744,2449,93229,California
Ventura,2021-02-12,6300,127356,2657,72416,3643,54940,0,0,3223,65633,3075,30819,3223,96452,California
Ventura,2021-02-13,3293,130649,1826,74242,1467,56407,0,0,1842,66030,1447,32266,1844,98296,California
Ventura,2021-02-14,1227,131876,124,74366,1103,57510,0,0,1010,66824,217,32483,1011,99307,California
Ventura,2021-02-15,3986,135862,1795,76161,2191,59701,0,0,2115,67071,1868,34351,2115,101422,California
Ventura,2021-02-16,5534,141396,2702,78863,2832,62533,0,0,3008,67560,2519,36870,3008,104430,California
Ventura,2021-02-17,5230,146626,1920,80783,3310,65843,0,0,3264,68867,1957,38827,3264,107694,California
Ventura,2021-02-18,5779,152405,1831,82614,3948,69791,0,0,3638,70375,2130,40957,3638,111332,California
Ventura,2021-02-19,6449,158854,3769,86383,2680,72471,0,0,3011,69957,3431,44388,3013,114345,California
Ventura,2021-02-20,4927,163781,3162,89545,1765,74236,0,0,2771,70577,2152,46540,2772,117117,California
Ventura,2021-02-21,1043,164824,755,90300,288,74524,0,0,428,70395,610,47150,428,117545,California
Ventura,2021-02-22,5364,170188,2407,92707,2957,77481,0,0,3450,71940,1905,49055,3450,120995,California
Ventura,2021-02-23,5924,176112,2963,95670,2961,80442,0,0,3415,72864,2493,51548,3417,124412,California
Ventura,2021-02-24,6996,183108,2609,98279,4387,84829,0,0,4249,74382,2733,54281,4251,128663,California
Ventura,2021-02-25,7487,190595,2572,100851,4915,89744,0,0,4574,76059,2899,57180,4576,133239,California
Ventura,2021-02-26,9334,199929,2760,103611,6574,96318,0,0,6160,79072,3149,60329,6162,139401,California
Ventura,2021-02-27,9987,209916,5267,108878,4720,101038,0,0,7368,83844,2604,62933,7376,146777,California
Ventura,2021-02-28,2565,212481,1631,110509,933,101971,1,1,2096,85477,463,63396,2096,148873,California
Ventura,2021-03-01,6934,219415,2807,113316,4127,106098,0,1,4621,87807,2304,65700,4634,153507,California
Ventura,2021-03-02,7477,226892,3936,117252,3539,109637,2,3,5255,90849,2213,67913,5255,158762,California
Ventura,2021-03-03,8513,235405,3899,121151,4614,114251,0,3,6073,94499,2427,70340,6077,164839,California
Ventura,2021-03-04,8093,243498,3868,125019,4225,118476,0,3,5469,97360,2609,72949,5470,170309,California
Ventura,2021-03-05,9966,253464,4797,129816,5159,123635,10,13,7080,101586,2872,75821,7098,177407,California
Ventura,2021-03-06,7235,260699,4398,134214,2684,126319,153,166,5324,105160,1905,77726,5479,182886,California
Ventura,2021-03-07,1650,262349,601,134815,948,127267,101,267,1234,106079,416,78142,1335,184221,California
Ventura,2021-03-08,6737,269086,3414,138229,3169,130436,154,421,4633,108771,2098,80240,4790,189011,California
Ventura,2021-03-09,6520,275606,2806,141035,3517,133953,197,618,3657,109776,2851,83091,3856,192867,California
Ventura,2021-03-10,6796,282402,2966,144001,3592,137545,238,856,4481,112189,2306,85397,4719,197586,California
Ventura,2021-03-11,6272,288674,2886,146887,3167,140712,219,1075,3416,112978,2845,88242,3634,201220,California
Ventura,2021-03-12,8496,297170,3033,149920,4620,145332,843,1918,4089,113520,4390,92632,4932,206152,California
Ventura,2021-03-13,6677,303847,2495,152415,3342,148674,840,2758,3752,115194,2917,95549,4591,210743,California
Ventura,2021-03-14,2130,305977,477,152892,1158,149832,495,3253,730,115021,1399,96948,1226,211969,California
Ventura,2021-03-15,6911,312888,2047,154939,3514,153346,1350,4603,2969,115420,3917,100865,4316,216285,California
Ventura,2021-03-16,7899,320787,2453,157392,4332,157678,1114,5717,3980,116605,3906,104771,5091,221376,California
Ventura,2021-03-17,7449,328236,2762,160154,4341,162019,346,6063,4454,118433,2974,107745,4802,226178,California
Ventura,2021-03-18,7215,335451,3267,163421,3795,165814,153,6216,4700,120782,2502,110247,4851,231029,California
Ventura,2021-03-19,8323,343774,3765,167186,4448,170262,110,6326,4953,122490,3353,113600,5061,236090,California
Ventura,2021-03-20,8136,351910,5241,172427,2873,173135,22,6348,3889,122175,4227,117827,3912,240002,California
Ventura,2021-03-21,2777,354687,1508,173935,898,174033,371,6719,1316,122411,1450,119277,1686,241688,California
Ventura,2021-03-22,7327,362014,3683,177618,3542,177575,102,6821,4839,124880,2474,121751,4943,246631,California
Ventura,2021-03-23,8174,370188,3876,181494,4227,181802,71,6892,4662,126125,3487,125238,4732,251363,California
Ventura,2021-03-24,8841,379029,3407,184901,5360,187162,74,6966,4408,126202,4405,129643,4482,255845,California
Ventura,2021-03-25,8775,387804,3906,188807,4769,191931,100,7066,4436,126415,4323,133966,4536,260381,California
Ventura,2021-03-26,9671,397475,3335,192142,5683,197614,653,7719,3764,124952,5879,139845,4416,264797,California
Ventura,2021-03-27,8107,405582,3900,196042,4167,201781,40,7759,2397,121698,5692,145537,2438,267235,California
Ventura,2021-03-28,2511,408093,1396,197438,1106,202887,9,7768,1374,121949,1132,146669,1383,268618,California
Ventura,2021-03-29,8446,416539,4260,201698,4142,207029,44,7812,4216,122007,4202,150871,4260,272878,California
Ventura,2021-03-30,8914,425453,4394,206092,4395,211424,125,7937,4532,122292,4370,155241,4655,277533,California
Ventura,2021-03-31,10639,436092,4806,210898,5206,216630,627,8564,4609,121516,6010,161251,5234,282767,California
Ventura,2021-04-01,10616,446708,5177,216075,4567,221197,872,9436,5349,122483,5250,166501,6217,288984,California
Ventura,2021-04-02,11382,458090,4577,220652,5550,226747,1255,10691,5366,123116,5991,172492,6624,295608,California
Ventura,2021-04-03,8008,466098,3948,224600,2927,229674,1133,11824,3366,122981,4632,177124,4497,300105,California
Ventura,2021-04-04,1712,467810,962,225562,621,230295,129,11953,1157,123717,550,177674,1286,301391,California
Ventura,2021-04-05,9207,477017,4867,230429,3285,233580,1055,13008,4683,124938,4516,182190,5737,307128,California
Ventura,2021-04-06,10793,487810,5539,235968,3794,237374,1460,14468,5546,126715,5226,187416,7003,314131,California
Ventura,2021-04-07,11222,499032,5424,241392,4329,241703,1469,15937,5116,127204,6090,193506,6579,320710,California
Ventura,2021-04-08,10196,509228,5288,246680,3983,245686,925,16862,5096,128134,5084,198590,6014,326724,California
Ventura,2021-04-09,10989,520217,4330,251010,4971,250657,1688,18550,4821,128492,6146,204736,6504,333228,California
Ventura,2021-04-10,9110,529327,3487,254497,3475,254132,2148,20698,2992,127526,6102,210838,5136,338364,California
Ventura,2021-04-11,2415,531742,865,255362,992,255124,558,21256,687,127049,1721,212559,1244,339608,California
Ventura,2021-04-12,8871,540613,4463,259825,3612,258736,796,22052,3737,126461,5116,217675,4528,344136,California
Ventura,2021-04-13,8760,549373,4437,264262,4317,263053,6,22058,3745,125234,4978,222653,3751,347887,California
Ventura,2021-04-14,8645,558018,4052,268314,4578,267631,15,22073,3364,123373,5242,227895,3381,351268,California
Ventura,2021-04-15,9225,567243,4472,272786,4746,272377,7,22080,4049,122273,5156,233051,4056,355324,California
Ventura,2021-04-16,10045,577288,4449,277235,5596,277973,0,22080,4857,121955,5177,238228,4859,360183,California
Ventura,2021-04-17,8516,585804,5290,282525,3225,281198,1,22081,4987,123425,3519,241747,4989,365172,California
Ventura,2021-04-18,2119,587923,1011,283536,1108,282306,0,22081,905,123122,1208,242955,905,366077,California
Ventura,2021-04-19,8002,595925,4841,288377,3160,285466,1,22082,4629,124396,3356,246311,4630,370707,California
Ventura,2021-04-20,9188,605113,4894,293271,4294,289760,0,22082,4332,123892,4838,251149,4334,375041,California
Ventura,2021-04-21,8824,613937,4537,297808,4285,294045,2,22084,4195,123480,4610,255759,4198,379239,California
Ventura,2021-04-22,9909,623846,5462,303270,4447,298492,0,22084,4438,122461,5457,261216,4438,383677,California
Ventura,2021-04-23,10233,634079,5272,308542,4961,303453,0,22084,5256,122766,4951,266167,5256,388933,California
Ventura,2021-04-24,9394,643473,5578,314120,3816,307269,0,22084,5698,124780,3684,269851,5698,394631,California
Ventura,2021-04-25,2190,645663,1453,315573,737,308006,0,22084,947,124488,1239,271090,947,395578,California
Ventura,2021-04-26,5959,651622,3405,318978,2528,310534,26,22110,2480,123532,3467,274557,2511,398089,California
Ventura,2021-04-27,6614,658236,3634,322612,2837,313371,143,22253,2456,121984,4148,278705,2600,400689,California
Ventura,2021-04-28,2918,661154,1509,324121,1310,314681,99,22352,1137,121454,1771,280476,1241,401930,California
Yolo,2020-12-15,39,39,39,39,0,0,0,0,39,39,0,0,39,39,California
Yolo,2020-12-16,78,117,78,117,0,0,0,0,78,117,0,0,78,117,California
Yolo,2020-12-17,102,219,102,219,0,0,0,0,102,219,0,0,102,219,California
Yolo,2020-12-18,210,429,210,429,0,0,0,0,210,429,0,0,210,429,California
Yolo,2020-12-19,87,516,87,516,0,0,0,0,87,516,0,0,87,516,California
Yolo,2020-12-20,101,617,101,617,0,0,0,0,101,617,0,0,101,617,California
Yolo,2020-12-21,253,870,253,870,0,0,0,0,253,870,0,0,253,870,California
Yolo,2020-12-22,382,1252,381,1251,1,1,0,0,382,1252,0,0,382,1252,California
Yolo,2020-12-23,430,1682,412,1663,18,19,0,0,430,1682,0,0,430,1682,California
Yolo,2020-12-24,150,1832,94,1757,56,75,0,0,150,1832,0,0,150,1832,California
Yolo,2020-12-25,1,1833,1,1758,0,75,0,0,1,1833,0,0,1,1833,California
Yolo,2020-12-26,75,1908,25,1783,50,125,0,0,75,1908,0,0,75,1908,California
Yolo,2020-12-27,46,1954,19,1802,27,152,0,0,46,1954,0,0,46,1954,California
Yolo,2020-12-28,346,2300,179,1981,167,319,0,0,346,2300,0,0,346,2300,California
Yolo,2020-12-29,487,2787,268,2249,219,538,0,0,487,2787,0,0,487,2787,California
Yolo,2020-12-30,622,3409,255,2504,367,905,0,0,622,3409,0,0,622,3409,California
Yolo,2020-12-31,184,3593,95,2599,89,994,0,0,184,3593,0,0,184,3593,California
Yolo,2021-01-01,57,3650,56,2655,1,995,0,0,57,3650,0,0,57,3650,California
Yolo,2021-01-02,68,3718,25,2680,43,1038,0,0,68,3718,0,0,68,3718,California
Yolo,2021-01-03,44,3762,19,2699,25,1063,0,0,44,3762,0,0,44,3762,California
Yolo,2021-01-04,193,3955,43,2742,150,1213,0,0,193,3955,0,0,193,3955,California
Yolo,2021-01-05,610,4565,235,2977,375,1588,0,0,549,4443,61,61,549,4504,California
Yolo,2021-01-06,481,5046,183,3160,298,1886,0,0,350,4662,131,192,350,4854,California
Yolo,2021-01-07,710,5756,234,3394,476,2362,0,0,520,4993,189,381,520,5374,California
Yolo,2021-01-08,631,6387,311,3705,320,2682,0,0,414,5191,216,597,414,5788,California
Yolo,2021-01-09,411,6798,68,3773,343,3025,0,0,365,5510,46,643,365,6153,California
Yolo,2021-01-10,393,7191,80,3853,313,3338,0,0,323,5763,70,713,323,6476,California
Yolo,2021-01-11,561,7752,324,4177,237,3575,0,0,292,5788,269,982,294,6770,California
Yolo,2021-01-12,481,8233,364,4541,117,3692,0,0,173,5654,308,1290,174,6944,California
Yolo,2021-01-13,768,9001,310,4851,458,4150,0,0,519,5924,249,1539,519,7463,California
Yolo,2021-01-14,375,9376,181,5032,194,4344,0,0,271,6091,104,1643,271,7734,California
Yolo,2021-01-15,625,10001,321,5353,304,4648,0,0,546,6559,79,1722,547,8281,California
Yolo,2021-01-16,738,10739,95,5448,643,5291,0,0,707,7235,31,1753,707,8988,California
Yolo,2021-01-17,186,10925,117,5565,69,5360,0,0,179,7407,7,1760,179,9167,California
Yolo,2021-01-18,478,11403,303,5868,175,5535,0,0,379,7687,99,1859,379,9546,California
Yolo,2021-01-19,553,11956,372,6240,181,5716,0,0,378,7890,175,2034,378,9924,California
Yolo,2021-01-20,659,12615,381,6621,278,5994,0,0,474,8180,184,2218,474,10398,California
Yolo,2021-01-21,646,13261,382,7003,264,6258,0,0,458,8450,188,2406,458,10856,California
Yolo,2021-01-22,745,14006,250,7253,495,6753,0,0,628,8963,115,2521,628,11484,California
Yolo,2021-01-23,613,14619,124,7377,489,7242,0,0,566,9482,47,2568,566,12050,California
Yolo,2021-01-24,207,14826,124,7501,83,7325,0,0,166,9607,41,2609,166,12216,California
Yolo,2021-01-25,727,15553,153,7654,574,7899,0,0,513,9906,214,2823,513,12729,California
Yolo,2021-01-26,817,16370,326,7980,491,8390,0,0,429,9947,388,3211,429,13158,California
Yolo,2021-01-27,554,16924,223,8203,331,8721,0,0,381,10155,173,3384,381,13539,California
Yolo,2021-01-28,1048,17972,566,8769,482,9203,0,0,925,10958,122,3506,925,14464,California
Yolo,2021-01-29,867,18839,263,9032,604,9807,0,0,785,11662,81,3587,785,15249,California
Yolo,2021-01-30,1516,20355,916,9948,600,10407,0,0,1408,12968,102,3689,1408,16657,California
Yolo,2021-01-31,249,20604,211,10159,38,10445,0,0,214,13148,34,3723,214,16871,California
Yolo,2021-02-01,842,21446,359,10518,483,10928,0,0,612,13533,227,3950,612,17483,California
Yolo,2021-02-02,1322,22768,746,11264,576,11504,0,0,931,14074,391,4341,932,18415,California
Yolo,2021-02-03,1513,24281,396,11660,1117,12621,0,0,1183,14930,327,4668,1183,19598,California
Yolo,2021-02-04,1786,26067,281,11941,1505,14126,0,0,1237,15630,538,5206,1238,20836,California
Yolo,2021-02-05,1592,27659,899,12840,693,14819,0,0,1194,16427,398,5604,1195,22031,California
Yolo,2021-02-06,1920,29579,1247,14087,673,15492,0,0,1559,17626,361,5965,1560,23591,California
Yolo,2021-02-07,517,30096,248,14335,269,15761,0,0,170,17450,346,6311,170,23761,California
Yolo,2021-02-08,947,31043,331,14666,616,16377,0,0,604,17714,340,6651,604,24365,California
Yolo,2021-02-09,860,31903,388,15054,472,16849,0,0,578,18010,282,6933,578,24943,California
Yolo,2021-02-10,1456,33359,476,15530,980,17829,0,0,819,18194,637,7570,821,25764,California
Yolo,2021-02-11,1561,34920,795,16325,766,18595,0,0,1183,18999,378,7948,1183,26947,California
Yolo,2021-02-12,1905,36825,747,17072,1158,19753,0,0,1438,19974,463,8411,1438,28385,California
Yolo,2021-02-13,2048,38873,710,17782,1338,21091,0,0,1385,20696,663,9074,1385,29770,California
Yolo,2021-02-14,567,39440,152,17934,415,21506,0,0,442,21014,124,9198,442,30212,California
Yolo,2021-02-15,528,39968,189,18123,339,21845,0,0,265,21017,263,9461,266,30478,California
Yolo,2021-02-16,1121,41089,425,18548,696,22541,0,0,808,21512,313,9774,808,31286,California
Yolo,2021-02-17,1384,42473,701,19249,683,23224,0,0,991,22110,393,10167,991,32277,California
Yolo,2021-02-18,2496,44969,815,20064,1681,24905,0,0,1728,23070,768,10935,1728,34005,California
Yolo,2021-02-19,1737,46706,744,20808,993,25898,0,0,1117,23569,618,11553,1117,35122,California
Yolo,2021-02-20,2433,49139,942,21750,1491,27389,0,0,1361,23864,1067,12620,1362,36484,California
Yolo,2021-02-21,282,49421,225,21975,57,27446,0,0,73,23729,208,12828,73,36557,California
Yolo,2021-02-22,1360,50781,599,22574,761,28207,0,0,693,23756,666,13494,693,37250,California
Yolo,2021-02-23,1121,51902,841,23415,280,28487,0,0,438,23513,681,14175,438,37688,California
Yolo,2021-02-24,2090,53992,590,24005,1500,29987,0,0,1382,24189,706,14881,1382,39070,California
Yolo,2021-02-25,1338,55330,444,24449,894,30881,0,0,873,24598,464,15345,873,39943,California
Yolo,2021-02-26,2573,57903,992,25441,1581,32462,0,0,1374,24776,1196,16541,1374,41317,California
Yolo,2021-02-27,1650,59553,765,26206,885,33347,0,0,1200,25526,450,16991,1200,42517,California
Yolo,2021-02-28,1772,61325,1489,27695,283,33630,0,0,680,25116,1090,18081,680,43197,California
Yolo,2021-03-01,1089,62414,355,28050,734,34364,0,0,659,25347,428,18509,659,43856,California
Yolo,2021-03-02,1459,63873,680,28730,779,35143,0,0,929,25746,530,19039,929,44785,California
Yolo,2021-03-03,1836,65709,628,29358,1208,36351,0,0,831,25574,1003,20042,831,45616,California
Yolo,2021-03-04,2884,68593,1440,30798,1444,37795,0,0,1559,25810,1323,21365,1559,47175,California
Yolo,2021-03-05,2343,70936,1394,32192,938,38733,11,11,1470,26420,871,22236,1481,48656,California
Yolo,2021-03-06,1473,72409,1121,33313,323,39056,29,40,840,26659,630,22866,869,49525,California
Yolo,2021-03-07,903,73312,670,33983,219,39275,14,54,770,27310,133,22999,784,50309,California
Yolo,2021-03-08,1082,74394,483,34466,556,39831,43,97,755,27783,326,23325,799,51108,California
Yolo,2021-03-09,1245,75639,671,35137,514,40345,60,157,757,28114,486,23811,817,51925,California
Yolo,2021-03-10,1789,77428,1044,36181,454,40799,291,448,747,28107,1040,24851,1033,52958,California
Yolo,2021-03-11,2281,79709,1537,37718,677,41476,67,515,1570,29035,710,25561,1638,54596,California
Yolo,2021-03-12,2888,82597,1341,39059,1468,42944,79,594,1370,28973,1510,27071,1448,56044,California
Yolo,2021-03-13,1841,84438,730,39789,934,43878,177,771,1007,29327,830,27901,1184,57228,California
Yolo,2021-03-14,1007,85445,213,40002,644,44522,150,921,526,29519,480,28381,672,57900,California
Yolo,2021-03-15,1319,86764,773,40775,370,44892,176,1097,703,29782,614,28995,877,58777,California
Yolo,2021-03-16,1870,88634,718,41493,1080,45972,72,1169,1107,30198,763,29758,1179,59956,California
Yolo,2021-03-17,2482,91116,967,42460,1443,47415,72,1241,1701,31224,778,30536,1804,61760,California
Yolo,2021-03-18,2883,93999,896,43356,1764,49179,223,1464,1173,30912,1708,32244,1396,63156,California
Yolo,2021-03-19,2038,96037,817,44173,1154,50333,67,1531,1074,31095,958,33202,1141,64297,California
Yolo,2021-03-20,2745,98782,815,44988,1889,52222,41,1572,1113,30625,1626,34828,1156,65453,California
Yolo,2021-03-21,317,99099,216,45204,93,52315,8,1580,229,30776,86,34914,237,65690,California
Yolo,2021-03-22,1391,100490,487,45691,852,53167,52,1632,917,31273,471,35385,968,66658,California
Yolo,2021-03-23,1724,102214,931,46622,737,53904,56,1688,1065,31736,658,36043,1121,67779,California
Yolo,2021-03-24,2842,105056,1389,48011,1404,55308,49,1737,1419,31792,1412,37455,1468,69247,California
Yolo,2021-03-25,2419,107475,1296,49307,1096,56404,27,1764,1156,31722,1253,38708,1183,70430,California
Yolo,2021-03-26,2383,109858,1240,50547,1124,57528,19,1783,1024,31412,1352,40060,1042,71472,California
Yolo,2021-03-27,1636,111494,455,51002,1165,58693,16,1799,754,31301,881,40941,770,72242,California
Yolo,2021-03-28,1103,112597,860,51862,225,58918,18,1817,273,30766,826,41767,291,72533,California
Yolo,2021-03-29,2007,114604,821,52683,1160,60078,26,1843,989,30767,1014,42781,1015,73548,California
Yolo,2021-03-30,2274,116878,1068,53751,1182,61260,24,1867,1190,30902,1079,43860,1214,74762,California
Yolo,2021-03-31,2332,119210,1205,54956,1091,62351,36,1903,1190,30987,1141,45001,1226,75988,California
Yolo,2021-04-01,3750,122960,1767,56723,1508,63859,475,2378,1567,30849,2180,47181,2042,78030,California
Yolo,2021-04-02,3352,126312,1486,58209,1723,65582,143,2521,2069,31784,1277,48458,2212,80242,California
Yolo,2021-04-03,1789,128101,1081,59290,493,66075,215,2736,800,31811,988,49446,1015,81257,California
Yolo,2021-04-04,385,128486,151,59441,171,66246,63,2799,143,31775,242,49688,206,81463,California
Yolo,2021-04-05,1895,130381,722,60163,1075,67321,98,2897,1012,32006,879,50567,1110,82573,California
Yolo,2021-04-06,2560,132941,1298,61461,1092,68413,170,3067,1308,32242,1243,51810,1479,84052,California
Yolo,2021-04-07,2971,135912,1515,62976,1105,69518,351,3418,1925,33478,1039,52849,2275,86327,California
Yolo,2021-04-08,2408,138320,994,63970,944,70462,470,3888,1023,33587,1382,54231,1491,87818,California
Yolo,2021-04-09,2427,140747,878,64848,1055,71517,494,4382,804,33264,1620,55851,1297,89115,California
Yolo,2021-04-10,1681,142428,790,65638,720,72237,171,4553,997,33751,680,56531,1167,90282,California
Yolo,2021-04-11,866,143294,261,65899,560,72797,45,4598,344,33620,519,57050,388,90670,California
Yolo,2021-04-12,1752,145046,515,66414,1095,73892,142,4740,1086,34185,663,57713,1228,91898,California
Yolo,2021-04-13,1931,146977,873,67287,1058,74950,0,4740,1000,34256,929,58642,1000,92898,California
Yolo,2021-04-14,2734,149711,736,68023,1998,76948,0,4740,1351,34229,1378,60020,1351,94249,California
Yolo,2021-04-15,3198,152909,1041,69064,2157,79105,0,4740,2247,35529,947,60967,2247,96496,California
Yolo,2021-04-16,2905,155814,1847,70911,1058,80163,0,4740,1834,36297,1066,62033,1834,98330,California
Yolo,2021-04-17,1514,157328,420,71331,1094,81257,0,4740,746,36280,763,62796,746,99076,California
Yolo,2021-04-18,591,157919,263,71594,328,81585,0,4740,349,36390,239,63035,349,99425,California
Yolo,2021-04-19,1666,159585,718,72312,947,82532,1,4741,770,36270,891,63926,771,100196,California
Yolo,2021-04-20,1998,161583,1010,73322,988,83520,0,4741,1077,36428,919,64845,1077,101273,California
Yolo,2021-04-21,1991,163574,1000,74322,991,84511,0,4741,1097,36634,891,65736,1097,102370,California
Yolo,2021-04-22,1734,165308,736,75058,998,85509,0,4741,903,36713,825,66561,904,103274,California
Yolo,2021-04-23,1827,167135,900,75958,927,86436,0,4741,1051,36998,768,67329,1053,104327,California
Yolo,2021-04-24,769,167904,357,76315,410,86846,2,4743,322,36882,440,67769,324,104651,California
Yolo,2021-04-25,675,168579,284,76599,391,87237,0,4743,518,37244,156,67925,518,105169,California
Yolo,2021-04-26,907,169486,367,76966,536,87773,4,4747,395,37133,510,68435,399,105568,California
Yolo,2021-04-27,1134,170620,535,77501,590,88363,9,4756,447,36905,685,69120,457,106025,California
Yolo,2021-04-28,873,171493,315,77816,552,88915,6,4762,326,36694,544,69664,333,106358,California
Yuba,2020-12-16,4,4,4,4,0,0,0,0,4,4,0,0,4,4,California
Yuba,2020-12-17,4,8,4,8,0,0,0,0,4,8,0,0,4,8,California
Yuba,2020-12-18,8,16,8,16,0,0,0,0,8,16,0,0,8,16,California
Yuba,2020-12-19,12,28,12,28,0,0,0,0,12,28,0,0,12,28,California
Yuba,2020-12-20,20,48,20,48,0,0,0,0,20,48,0,0,20,48,California
Yuba,2020-12-21,40,88,40,88,0,0,0,0,40,88,0,0,40,88,California
Yuba,2020-12-22,86,174,86,174,0,0,0,0,86,174,0,0,86,174,California
Yuba,2020-12-23,63,237,61,235,2,2,0,0,63,237,0,0,63,237,California
Yuba,2020-12-24,20,257,10,245,10,12,0,0,20,257,0,0,20,257,California
Yuba,2020-12-26,15,272,13,258,2,14,0,0,15,272,0,0,15,272,California
Yuba,2020-12-27,15,287,15,273,0,14,0,0,15,287,0,0,15,287,California
Yuba,2020-12-28,51,338,35,308,16,30,0,0,51,338,0,0,51,338,California
Yuba,2020-12-29,75,413,10,318,65,95,0,0,75,413,0,0,75,413,California
Yuba,2020-12-30,63,476,20,338,43,138,0,0,63,476,0,0,63,476,California
Yuba,2020-12-31,36,512,6,344,30,168,0,0,36,512,0,0,36,512,California
Yuba,2021-01-02,23,535,22,366,1,169,0,0,23,535,0,0,23,535,California
Yuba,2021-01-03,10,545,6,372,4,173,0,0,10,545,0,0,10,545,California
Yuba,2021-01-04,90,635,21,393,69,242,0,0,90,635,0,0,90,635,California
Yuba,2021-01-05,68,703,36,429,32,274,0,0,67,701,1,1,67,702,California
Yuba,2021-01-06,153,856,76,505,77,351,0,0,147,842,6,7,147,849,California
Yuba,2021-01-07,75,931,19,524,56,407,0,0,72,910,4,11,72,921,California
Yuba,2021-01-08,73,1004,25,549,48,455,0,0,66,969,7,18,66,987,California
Yuba,2021-01-09,19,1023,16,565,3,458,0,0,11,972,8,26,11,998,California
Yuba,2021-01-10,117,1140,22,587,95,553,0,0,95,1045,22,48,95,1093,California
Yuba,2021-01-11,72,1212,50,637,22,575,0,0,32,1037,40,88,32,1125,California
Yuba,2021-01-12,107,1319,77,714,30,605,0,0,42,1014,65,153,42,1167,California
Yuba,2021-01-13,118,1437,71,785,47,652,0,0,54,1005,63,216,54,1221,California
Yuba,2021-01-14,109,1546,43,828,66,718,0,0,97,1090,12,228,97,1318,California
Yuba,2021-01-15,206,1752,88,916,118,836,0,0,195,1274,11,239,195,1513,California
Yuba,2021-01-16,184,1936,21,937,163,999,0,0,172,1433,13,252,172,1685,California
Yuba,2021-01-17,13,1949,9,946,4,1003,0,0,7,1434,6,258,7,1692,California
Yuba,2021-01-18,60,2009,32,978,28,1031,0,0,35,1444,25,283,35,1727,California
Yuba,2021-01-19,80,2089,29,1007,51,1082,0,0,65,1494,15,298,65,1792,California
Yuba,2021-01-20,132,2221,87,1094,45,1127,0,0,109,1580,23,321,109,1901,California
Yuba,2021-01-21,210,2431,95,1189,115,1242,0,0,202,1774,8,329,202,2103,California
Yuba,2021-01-22,103,2534,6,1195,97,1339,0,0,94,1859,9,338,94,2197,California
Yuba,2021-01-23,200,2734,7,1202,193,1532,0,0,197,2053,3,341,197,2394,California
Yuba,2021-01-24,10,2744,7,1209,3,1535,0,0,8,2059,2,343,8,2402,California
Yuba,2021-01-25,83,2827,27,1236,56,1591,0,0,52,2081,30,373,52,2454,California
Yuba,2021-01-26,148,2975,39,1275,109,1700,0,0,92,2117,56,429,92,2546,California
Yuba,2021-01-27,182,3157,128,1403,54,1754,0,0,115,2165,67,496,115,2661,California
Yuba,2021-01-28,215,3372,79,1482,136,1890,0,0,174,2298,41,537,174,2835,California
Yuba,2021-01-29,159,3531,56,1538,103,1993,0,0,112,2363,47,584,112,2947,California
Yuba,2021-01-30,410,3941,23,1561,387,2380,0,0,399,2751,11,595,399,3346,California
Yuba,2021-01-31,17,3958,12,1573,5,2385,0,0,15,2764,2,597,15,3361,California
Yuba,2021-02-01,155,4113,75,1648,80,2465,0,0,131,2873,23,620,132,3493,California
Yuba,2021-02-02,123,4236,23,1671,100,2565,0,0,101,2952,22,642,101,3594,California
Yuba,2021-02-03,225,4461,29,1700,196,2761,0,0,113,2954,111,753,113,3707,California
Yuba,2021-02-04,295,4756,120,1820,175,2936,0,0,252,3163,43,796,252,3959,California
Yuba,2021-02-05,146,4902,32,1852,114,3050,0,0,70,3157,76,872,70,4029,California
Yuba,2021-02-06,448,5350,26,1878,422,3472,0,0,440,3589,8,880,440,4469,California
Yuba,2021-02-07,18,5368,11,1889,7,3479,0,0,15,3601,3,883,15,4484,California
Yuba,2021-02-08,96,5464,35,1924,61,3540,0,0,66,3637,30,913,66,4550,California
Yuba,2021-02-09,153,5617,55,1979,98,3638,0,0,84,3652,69,982,84,4634,California
Yuba,2021-02-10,352,5969,172,2151,180,3818,0,0,114,3529,237,1219,114,4748,California
Yuba,2021-02-11,398,6367,64,2215,334,4152,0,0,302,3737,94,1313,302,5050,California
Yuba,2021-02-12,264,6631,27,2242,237,4389,0,0,151,3775,113,1426,151,5201,California
Yuba,2021-02-13,435,7066,35,2277,400,4789,0,0,387,4114,48,1474,387,5588,California
Yuba,2021-02-14,54,7120,11,2288,43,4832,0,0,49,4158,5,1479,49,5637,California
Yuba,2021-02-15,88,7208,36,2324,52,4884,0,0,69,4208,19,1498,69,5706,California
Yuba,2021-02-16,198,7406,53,2377,145,5029,0,0,140,4291,57,1555,140,5846,California
Yuba,2021-02-17,370,7776,155,2532,215,5244,0,0,99,4120,270,1825,99,5945,California
Yuba,2021-02-18,317,8093,46,2578,271,5515,0,0,194,4191,123,1948,194,6139,California
Yuba,2021-02-19,226,8319,84,2662,142,5657,0,0,143,4251,83,2031,143,6282,California
Yuba,2021-02-20,390,8709,30,2692,360,6017,0,0,336,4533,54,2085,336,6618,California
Yuba,2021-02-21,16,8725,14,2706,2,6019,0,0,6,4529,10,2095,6,6624,California
Yuba,2021-02-22,128,8853,79,2785,49,6068,0,0,38,4478,89,2184,38,6662,California
Yuba,2021-02-23,113,8966,25,2810,88,6156,0,0,46,4458,66,2250,46,6708,California
Yuba,2021-02-24,479,9445,135,2945,344,6500,0,0,106,4191,373,2623,106,6814,California
Yuba,2021-02-25,332,9777,133,3078,199,6699,0,0,204,4267,128,2751,204,7018,California
Yuba,2021-02-26,256,10033,67,3145,189,6888,0,0,143,4299,111,2862,143,7161,California
Yuba,2021-02-27,471,10504,46,3191,425,7313,0,0,382,4594,87,2949,382,7543,California
Yuba,2021-02-28,65,10569,21,3212,44,7357,0,0,44,4617,21,2970,44,7587,California
Yuba,2021-03-01,154,10723,40,3252,114,7471,0,0,78,4620,75,3045,78,7665,California
Yuba,2021-03-02,158,10881,35,3287,123,7594,0,0,78,4618,80,3125,78,7743,California
Yuba,2021-03-03,620,11501,159,3446,461,8055,0,0,200,4399,419,3544,200,7943,California
Yuba,2021-03-04,468,11969,271,3717,197,8252,0,0,326,4584,141,3685,326,8269,California
Yuba,2021-03-05,315,12284,59,3776,255,8507,1,1,248,4766,67,3752,249,8518,California
Yuba,2021-03-06,475,12759,35,3811,436,8943,4,5,369,5033,106,3858,373,8891,California
Yuba,2021-03-07,49,12808,27,3838,21,8964,1,6,33,5051,16,3874,34,8925,California
Yuba,2021-03-08,160,12968,49,3887,95,9059,16,22,101,5109,59,3933,117,9042,California
Yuba,2021-03-09,175,13143,46,3933,110,9169,19,41,83,5119,92,4025,102,9144,California
Yuba,2021-03-10,735,13878,232,4165,473,9642,30,71,231,4877,503,4528,261,9405,California
Yuba,2021-03-11,428,14306,186,4351,230,9872,12,83,295,5051,133,4661,307,9712,California
Yuba,2021-03-12,462,14768,86,4437,322,10194,54,137,149,4941,313,4974,203,9915,California
Yuba,2021-03-13,452,15220,332,4769,105,10299,15,152,358,5221,93,5067,373,10288,California
Yuba,2021-03-14,107,15327,21,4790,76,10375,10,162,46,5217,60,5127,56,10344,California
Yuba,2021-03-15,194,15521,49,4839,128,10503,17,179,99,5238,95,5222,116,10460,California
Yuba,2021-03-16,290,15811,71,4910,194,10697,25,204,177,5328,112,5334,202,10662,California
Yuba,2021-03-17,738,16549,161,5071,548,11245,29,233,191,5003,545,5879,220,10882,California
Yuba,2021-03-18,565,17114,148,5219,304,11549,113,346,342,5234,223,6102,454,11336,California
Yuba,2021-03-19,325,17439,120,5339,156,11705,49,395,186,5331,138,6240,235,11571,California
Yuba,2021-03-20,552,17991,80,5419,454,12159,18,413,472,5742,79,6319,490,12061,California
Yuba,2021-03-21,59,18050,35,5454,24,12183,0,413,47,5777,12,6331,47,12108,California
Yuba,2021-03-22,190,18240,70,5524,113,12296,7,420,148,5890,42,6373,155,12263,California
Yuba,2021-03-23,264,18504,79,5603,158,12454,27,447,178,6011,84,6457,205,12468,California
Yuba,2021-03-24,763,19267,252,5855,430,12884,81,528,186,5702,575,7032,266,12734,California
Yuba,2021-03-25,497,19764,263,6118,212,13096,22,550,247,5721,250,7282,269,13003,California
Yuba,2021-03-26,387,20151,143,6261,217,13313,27,577,221,5804,165,7447,248,13251,California
Yuba,2021-03-27,461,20612,27,6288,431,13744,3,580,407,6160,53,7500,409,13660,California
Yuba,2021-03-28,98,20710,40,6328,54,13798,4,584,37,6140,61,7561,41,13701,California
Yuba,2021-03-29,293,21003,85,6413,177,13975,31,615,180,6238,113,7674,211,13912,California
Yuba,2021-03-30,272,21275,67,6480,197,14172,8,623,191,6356,81,7755,199,14111,California
Yuba,2021-03-31,672,21947,113,6593,547,14719,12,635,244,6185,427,8182,256,14367,California
Yuba,2021-04-01,615,22562,283,6876,303,15022,29,664,282,6163,333,8515,311,14678,California
Yuba,2021-04-02,487,23049,90,6966,314,15336,83,747,181,6121,305,8820,263,14941,California
Yuba,2021-04-03,653,23702,56,7022,115,15451,482,1229,87,6125,565,9385,569,15510,California
Yuba,2021-04-04,58,23760,11,7033,41,15492,6,1235,33,6139,25,9410,39,15549,California
Yuba,2021-04-05,245,24005,79,7112,147,15639,19,1254,124,6162,119,9529,142,15691,California
Yuba,2021-04-06,351,24356,114,7226,177,15816,60,1314,168,6208,182,9711,228,15919,California
Yuba,2021-04-07,771,25127,398,7624,320,16136,53,1367,348,6188,420,10131,400,16319,California
Yuba,2021-04-08,730,25857,297,7921,171,16307,262,1629,262,6245,467,10598,524,16843,California
Yuba,2021-04-09,391,26248,170,8091,157,16464,64,1693,159,6237,231,10829,223,17066,California
Yuba,2021-04-10,593,26841,72,8163,74,16538,447,2140,70,6233,521,11350,517,17583,California
Yuba,2021-04-11,98,26939,22,8185,64,16602,12,2152,39,6225,59,11409,51,17634,California
Yuba,2021-04-12,209,27148,46,8231,135,16737,28,2180,81,6207,127,11536,109,17743,California
Yuba,2021-04-13,394,27542,100,8331,294,17031,0,2180,202,6218,191,11727,202,17945,California
Yuba,2021-04-14,690,28232,107,8438,583,17614,0,2180,117,5763,572,12299,117,18062,California
Yuba,2021-04-15,294,28526,123,8561,171,17785,0,2180,124,5717,170,12469,124,18186,California
Yuba,2021-04-16,330,28856,102,8663,228,18013,0,2180,178,5743,152,12621,178,18364,California
Yuba,2021-04-17,392,29248,55,8718,337,18350,0,2180,321,5994,70,12691,321,18685,California
Yuba,2021-04-18,51,29299,9,8727,42,18392,0,2180,24,5991,27,12718,24,18709,California
Yuba,2021-04-19,244,29543,102,8829,142,18534,0,2180,103,5953,141,12859,103,18812,California
Yuba,2021-04-20,303,29846,79,8908,224,18758,0,2180,177,6006,125,12984,178,18990,California
Yuba,2021-04-21,700,30546,284,9192,416,19174,0,2180,301,5908,399,13383,301,19291,California
Yuba,2021-04-22,294,30840,104,9296,190,19364,0,2180,157,5928,137,13520,157,19448,California
Yuba,2021-04-23,314,31154,98,9394,216,19580,0,2180,154,5922,160,13680,154,19602,California
Yuba,2021-04-24,169,31323,38,9432,131,19711,0,2180,91,5935,78,13758,91,19693,California
Yuba,2021-04-25,58,31381,20,9452,38,19749,0,2180,31,5939,27,13785,31,19724,California
Yuba,2021-04-26,182,31563,41,9493,137,19886,4,2184,82,5925,100,13885,86,19810,California
Yuba,2021-04-27,294,31857,121,9614,166,20052,7,2191,139,5917,154,14039,146,19956,California
Yuba,2021-04-28,286,32143,108,9722,175,20227,3,2194,77,5790,207,14246,80,20036,California
