county,administered_date,total_doses,cumulative_total_doses,pfizer_doses,cumulative_pfizer_doses,moderna_doses,cumulative_moderna_doses,jj_doses,cumulative_jj_doses,partially_vaccinated,total_partially_vaccinated,fully_vaccinated,cumulative_fully_vaccinated,at_least_one_dose,cumulative_at_least_one_dose,california_flag
All CA Counties,2020-12-15,1135,1135,1135,1135,0,0,0,0,1135,1135,0,0,1135,1135,
All CA Counties,2020-12-16,8124,9259,8124,9259,0,0,0,0,8124,9259,0,0,8124,9259,
All CA Counties,2020-12-17,25736,34995,25736,34995,0,0,0,0,25738,34997,0,0,25738,34997,
All CA Counties,2020-12-18,43774,78769,43718,78713,56,56,0,0,43775,78772,0,0,43775,78772,
All CA Counties,2020-12-19,25216,103985,25193,103906,23,79,0,0,25215,103986,1,1,25215,103987,
All CA Counties,2020-12-20,18954,122939,18927,122833,27,106,0,0,18953,122938,1,2,18953,122940,
All CA Counties,2020-12-21,49560,172499,49478,172311,82,188,0,0,49563,172500,1,3,49563,172503,
All CA Counties,2020-12-22,49881,222380,47769,220080,2112,2300,0,0,49879,222378,1,4,49879,222382,
All CA Counties,2020-12-23,50289,272669,41572,261652,8717,11017,0,0,50285,272663,0,4,50285,272667,
All CA Counties,2020-12-24,24028,296697,16327,277979,7701,18718,0,0,24025,296687,1,5,24025,296692,
All CA Counties,2020-12-25,2335,299032,2014,279993,321,19039,0,0,2335,299022,0,5,2335,299027,
All CA Counties,2020-12-26,14614,313646,9438,289431,5176,24215,0,0,14613,313634,1,6,14613,313640,
All CA Counties,2020-12-27,9395,323041,5568,294999,3827,28042,0,0,9394,323027,1,7,9394,323034,
All CA Counties,2020-12-28,45701,368742,29305,324304,16396,44438,0,0,45699,368723,3,10,45699,368733,
All CA Counties,2020-12-29,51057,419799,28514,352818,22543,66981,0,0,51053,419773,3,13,51053,419786,
All CA Counties,2020-12-30,62967,482766,35647,388465,27320,94301,0,0,62961,482731,3,16,62961,482747,
All CA Counties,2020-12-31,29318,512084,10853,399318,18465,112766,0,0,29310,512036,5,21,29310,512057,
All CA Counties,2021-01-01,4046,516130,1793,401111,2253,115019,0,0,4042,516075,3,24,4042,516099,
All CA Counties,2021-01-02,18477,534607,10241,411352,8236,123255,0,0,18476,534551,0,24,18476,534575,
All CA Counties,2021-01-03,6163,540770,3491,414843,2672,125927,0,0,6134,540673,12,36,6134,540709,
All CA Counties,2021-01-04,43548,584318,22083,436926,21465,147392,0,0,43469,584100,42,78,43469,584178,
All CA Counties,2021-01-05,56401,640719,29708,466634,26693,174085,0,0,50957,629759,5388,5466,51047,635225,
All CA Counties,2021-01-06,73280,713999,40455,507089,32825,206910,0,0,57973,672634,15129,20595,58004,693229,
All CA Counties,2021-01-07,91837,805836,52212,559301,39625,246535,0,0,61295,703598,30377,50972,61341,754570,
All CA Counties,2021-01-08,106484,912320,63990,623291,42494,289029,0,0,65415,728135,40938,91910,65475,820045,
All CA Counties,2021-01-09,44201,956521,25463,648754,18738,307767,0,0,27712,739405,16467,108377,27737,847782,
All CA Counties,2021-01-10,24280,980801,14834,663588,9446,317213,0,0,13055,741268,11209,119586,13072,860854,
All CA Counties,2021-01-11,104323,1085124,69430,733018,34893,352106,0,0,60582,758316,43702,163288,60750,921604,
All CA Counties,2021-01-12,112713,1197837,66584,799602,46129,398235,0,0,71749,789408,40885,204173,71977,993581,
All CA Counties,2021-01-13,118715,1316552,61475,861077,57240,455475,0,0,85075,841007,33555,237728,85154,1078735,
All CA Counties,2021-01-14,123456,1440008,49581,910658,73875,529350,0,0,103916,925639,19437,257165,104069,1182804,
All CA Counties,2021-01-15,141784,1581792,52103,962761,89681,619031,0,0,126761,1037669,14931,272096,126961,1309765,
All CA Counties,2021-01-16,80382,1662174,27392,990153,52990,672021,0,0,72851,1103063,7505,279601,72899,1382664,
All CA Counties,2021-01-17,48067,1710241,16794,1006947,31273,703294,0,0,44433,1143916,3626,283227,44479,1427143,
All CA Counties,2021-01-18,88093,1798334,46030,1052977,42063,745357,0,0,68904,1193873,19109,302336,69066,1496209,
All CA Counties,2021-01-19,141441,1939775,73259,1126236,68182,813539,0,0,110285,1273412,31063,333399,110602,1606811,
All CA Counties,2021-01-20,159564,2099339,81614,1207850,77950,891489,0,0,125961,1366238,33388,366787,126214,1733025,
All CA Counties,2021-01-21,172981,2272320,76842,1284692,96139,987628,0,0,153940,1501678,18836,385623,154276,1887301,
All CA Counties,2021-01-22,169182,2441502,69147,1353839,100035,1087663,0,0,154944,1642656,14108,399731,155086,2042387,
All CA Counties,2021-01-23,111097,2552599,49468,1403307,61629,1149292,0,0,98538,1728812,12501,412232,98657,2141044,
All CA Counties,2021-01-24,60916,2613515,29488,1432795,31428,1180720,0,0,56278,1780538,4606,416838,56332,2197376,
All CA Counties,2021-01-25,144263,2757778,65218,1498013,79045,1259765,0,0,109333,1855414,34808,451646,109684,2307060,
All CA Counties,2021-01-26,168038,2925816,82689,1580702,85349,1345114,0,0,130779,1949319,37134,488780,131039,2438099,
All CA Counties,2021-01-27,179623,3105439,87864,1668566,91759,1436873,0,0,140456,2051216,38766,527546,140663,2578762,
All CA Counties,2021-01-28,187179,3292618,86242,1754808,100937,1537810,0,0,153268,2171051,33626,561172,153461,2732223,
All CA Counties,2021-01-29,182807,3475425,88034,1842842,94773,1632583,0,0,148352,2285669,33891,595063,148509,2880732,
All CA Counties,2021-01-30,122810,3598235,55204,1898046,67606,1700189,0,0,107797,2378752,14851,609914,107934,2988666,
All CA Counties,2021-01-31,69271,3667506,38970,1937016,30301,1730490,0,0,64185,2437953,5038,614952,64239,3052905,
All CA Counties,2021-02-01,159052,3826558,73642,2010658,85410,1815900,0,0,120318,2519815,38586,653538,120448,3173353,
All CA Counties,2021-02-02,185658,4012216,79306,2089964,106352,1922252,0,0,139934,2614605,45362,698900,140152,3313505,
All CA Counties,2021-02-03,210589,4222805,95489,2185453,115100,2037352,0,0,156404,2717568,53680,752580,156643,3470148,
All CA Counties,2021-02-04,227676,4450481,99932,2285385,127744,2165096,0,0,167018,2824823,60114,812694,167369,3637517,
All CA Counties,2021-02-05,245648,4696129,106456,2391841,139192,2304288,0,0,166986,2914415,77903,890597,167495,3805012,
All CA Counties,2021-02-06,154618,4850747,74802,2466643,79816,2384104,0,0,119939,3000329,34512,925109,120426,3925438,
All CA Counties,2021-02-07,66780,4917527,43207,2509850,23573,2407677,0,0,50307,3034692,16393,941502,50756,3976194,
All CA Counties,2021-02-08,180225,5097752,88556,2598406,91669,2499346,0,0,118974,3093591,60803,1002305,119702,4095896,
All CA Counties,2021-02-09,210788,5308540,101820,2700226,108968,2608314,0,0,126465,3137316,83871,1086176,127596,4223492,
All CA Counties,2021-02-10,248147,5556687,119764,2819990,128383,2736697,0,0,137945,3167356,109365,1195541,139405,4362897,
All CA Counties,2021-02-11,264272,5820959,131095,2951085,133177,2869874,0,0,145085,3196102,118113,1313654,146859,4509756,
All CA Counties,2021-02-12,271621,6092580,119114,3070199,152507,3022381,0,0,146717,3221096,124071,1437725,149065,4658821,
All CA Counties,2021-02-13,166591,6259171,77218,3147417,89373,3111754,0,0,92114,3241101,74055,1511780,94060,4752881,
All CA Counties,2021-02-14,95334,6354505,47537,3194954,47797,3159551,0,0,51651,3250762,43526,1555306,53187,4806068,
All CA Counties,2021-02-15,142076,6496581,62422,3257376,79654,3239205,0,0,78640,3269455,63060,1618366,81753,4887821,
All CA Counties,2021-02-16,248361,6744942,117839,3375215,130522,3369727,0,0,133152,3290835,114839,1733205,136219,5024040,
All CA Counties,2021-02-17,258316,7003258,128618,3503833,129698,3499425,0,0,128807,3293851,128976,1862181,131992,5156032,
All CA Counties,2021-02-18,272054,7275312,141980,3645813,130074,3629499,0,0,132044,3290766,139301,2001482,136216,5292248,
All CA Counties,2021-02-19,251901,7527213,146173,3791986,105728,3735227,0,0,130223,3301856,121189,2122671,132279,5424527,
All CA Counties,2021-02-20,152303,7679516,97658,3889644,54645,3789872,0,0,83897,3319565,68147,2190818,85856,5510383,
All CA Counties,2021-02-21,73435,7752951,59436,3949080,13999,3803871,0,0,35828,3319561,37364,2228182,37360,5547743,
All CA Counties,2021-02-22,162971,7915922,109312,4058392,53659,3857530,0,0,81656,3321920,80992,2309174,83351,5631094,
All CA Counties,2021-02-23,222111,8138033,116750,4175142,105361,3962891,0,0,103070,3312478,118471,2427645,109029,5740123,
All CA Counties,2021-02-24,281302,8419335,141962,4317104,139340,4102231,0,0,134074,3307463,146604,2574249,141589,5881712,
All CA Counties,2021-02-25,317499,8736834,155564,4472668,161935,4264166,0,0,166478,3332088,150347,2724596,174972,6056684,
All CA Counties,2021-02-26,351057,9087891,163307,4635975,187750,4451916,0,0,196740,3382648,153404,2878000,203964,6260648,
All CA Counties,2021-02-27,246822,9334713,118429,4754404,128375,4580291,18,18,139389,3419592,106848,2984848,143792,6404440,
All CA Counties,2021-02-28,130072,9464785,77748,4832152,52321,4632612,3,21,75982,3444758,53650,3038498,78816,6483256,
All CA Counties,2021-03-01,236908,9701693,125612,4957764,111227,4743839,69,90,137003,3486572,99226,3137724,141040,6624296,
All CA Counties,2021-03-02,276012,9977705,134269,5092033,141726,4885565,17,107,164324,3546552,111212,3248936,171192,6795488,
All CA Counties,2021-03-03,327934,10305639,161866,5253899,166025,5051590,43,150,188403,3603382,138872,3387808,195702,6991190,
All CA Counties,2021-03-04,346932,10652571,174589,5428488,172256,5223846,87,237,202995,3670234,143211,3531019,210063,7201253,
All CA Counties,2021-03-05,332434,10985005,161349,5589837,169969,5393815,1116,1353,205985,3758873,125664,3656683,214303,7415556,
All CA Counties,2021-03-06,255674,11240679,130375,5720212,117505,5511320,7794,9147,158369,3832809,96898,3753581,170834,7586390,
All CA Counties,2021-03-07,124507,11365186,75668,5795880,44771,5556091,4068,13215,77426,3871053,46905,3800486,85149,7671539,
All CA Counties,2021-03-08,215585,11580771,103705,5899585,101508,5657599,10372,23587,140588,3952337,74623,3875109,155907,7827446,
All CA Counties,2021-03-09,266995,11847766,115988,6015573,135181,5792780,15826,39413,144154,3993993,122372,3997481,164028,7991474,
All CA Counties,2021-03-10,314050,12161816,154007,6169580,135723,5928503,24320,63733,168549,4046159,144862,4142343,197028,8188502,
All CA Counties,2021-03-11,374525,12536341,181129,6350709,160172,6088675,33224,96957,192595,4095184,181015,4323358,230040,8418542,
All CA Counties,2021-03-12,389891,12926232,173106,6523815,170769,6259444,46016,142973,190840,4137780,198288,4521646,240884,8659426,
All CA Counties,2021-03-13,278830,13205062,122106,6645921,125755,6385199,30969,173942,150106,4194822,128286,4649932,185328,8844754,
All CA Counties,2021-03-14,152719,13357781,81531,6727452,56316,6441515,14872,188814,82280,4224068,70172,4720104,99418,8944172,
All CA Counties,2021-03-15,287885,13645666,137033,6864485,130485,6572000,20367,209181,157136,4274903,130040,4850144,180875,9125047,
All CA Counties,2021-03-16,367229,14012895,171943,7036428,178173,6750173,17113,226294,214854,4358395,151668,5001812,235160,9360207,
All CA Counties,2021-03-17,379798,14392693,187336,7223764,174107,6924280,18355,244649,235894,4472040,143136,5144948,256781,9616988,
All CA Counties,2021-03-18,396939,14789632,202649,7426413,176525,7100805,17765,262414,238022,4572025,157873,5302821,257858,9874846,
All CA Counties,2021-03-19,404763,15194395,211678,7638091,171712,7272517,21373,283787,237506,4666554,166325,5469146,260854,10135700,
All CA Counties,2021-03-20,290164,15484559,152061,7790152,122415,7394932,15688,299475,186358,4766860,103178,5572324,203484,10339184,
All CA Counties,2021-03-21,141368,15625927,97252,7887404,36728,7431660,7388,306863,89233,4813020,51808,5624132,97968,10437152,
All CA Counties,2021-03-22,270632,15896559,157304,8044708,102364,7534024,10964,317827,178674,4914394,91259,5715391,192633,10629785,
All CA Counties,2021-03-23,354318,16250877,194464,8239172,149028,7683052,10826,328653,227654,5029622,125812,5841203,241040,10870825,
All CA Counties,2021-03-24,383640,16634517,219539,8458711,151937,7834989,12164,340817,226156,5113706,156328,5997531,240412,11111237,
All CA Counties,2021-03-25,413501,17048018,227441,8686152,171652,8006641,14408,355225,238443,5194880,173834,6171365,255008,11366245,
All CA Counties,2021-03-26,429088,17477106,228831,8914983,184472,8191113,15785,371010,237299,5260146,190654,6362019,255920,11622165,
All CA Counties,2021-03-27,307866,17784972,163320,9078303,133122,8324235,11424,382434,158541,5283791,148558,6510577,172203,11794368,
All CA Counties,2021-03-28,166327,17951299,106186,9184489,56570,8380805,3571,386005,90891,5305147,75009,6585586,96365,11890733,
All CA Counties,2021-03-29,306825,18258124,165332,9349821,132940,8513745,8553,394558,174760,5359569,131368,6716954,185790,12076523,
All CA Counties,2021-03-30,394268,18652392,199219,9549040,177290,8691035,17759,412317,239661,5464878,153896,6870850,259205,12335728,
All CA Counties,2021-03-31,420805,19073197,228469,9777509,171118,8862153,21218,433535,241612,5550477,178282,7049132,263881,12599609,
All CA Counties,2021-04-01,485058,19558255,248636,10026145,197281,9059434,39141,472676,269477,5645897,214482,7263614,309902,12909511,
All CA Counties,2021-04-02,465955,20024210,227231,10253376,196765,9256199,41959,514635,254418,5733625,210408,7474022,298136,13207647,
All CA Counties,2021-04-03,324691,20348901,164875,10418251,119375,9375574,40441,555076,163290,5777755,160821,7634843,204951,13412598,
All CA Counties,2021-04-04,131789,20480690,68719,10486970,44166,9419740,18904,573980,58836,5782973,72695,7707538,77913,13490511,
All CA Counties,2021-04-05,349598,20830288,180011,10666981,130433,9550173,39154,613134,173865,5823301,175123,7882661,215451,13705962,
All CA Counties,2021-04-06,454164,21284452,230492,10897473,158701,9708874,64971,678105,221994,5880867,231329,8113990,288895,13994857,
All CA Counties,2021-04-07,467114,21751566,242897,11140370,155026,9863900,69191,747296,229433,5943693,236824,8350814,299650,14294507,
All CA Counties,2021-04-08,493464,22245030,249418,11389788,160709,10024609,83337,830633,233790,6004414,258647,8609461,319368,14613875,
All CA Counties,2021-04-09,487511,22732541,242832,11632620,165783,10190392,78896,909529,226121,6052035,260432,8869893,308053,14921928,
All CA Counties,2021-04-10,362409,23094950,166289,11798909,122944,10313336,73176,982705,153546,6073215,208200,9078093,229380,15151308,
All CA Counties,2021-04-11,185989,23280939,104395,11903304,47719,10361055,33875,1016580,77853,6079936,107824,9185917,114545,15265853,
All CA Counties,2021-04-12,336493,23617432,172946,12076250,125901,10486956,37646,1054226,156930,6099305,178697,9364614,198066,15463919,
All CA Counties,2021-04-13,429156,24046588,240326,12316576,187907,10674863,923,1055149,240626,6156201,187629,9552243,244525,15708444,
All CA Counties,2021-04-14,445554,24492142,250463,12567039,194817,10869680,274,1055423,234081,6184576,210425,9762668,238800,15947244,
All CA Counties,2021-04-15,487259,24979401,283955,12850994,203068,11072748,236,1055659,274078,6249784,211859,9974527,277067,16224311,
All CA Counties,2021-04-16,470273,25449674,265578,13116572,204392,11277140,303,1055962,252057,6287395,217131,10191658,254742,16479053,
All CA Counties,2021-04-17,337247,25786921,189108,13305680,148098,11425238,41,1056003,192437,6338858,144120,10335778,195583,16674636,
All CA Counties,2021-04-18,153223,25940144,97401,13403081,55807,11481045,15,1056018,79451,6347884,73413,10409191,82439,16757075,
All CA Counties,2021-04-19,315764,26255908,182647,13585728,133032,11614077,85,1056103,149895,6334663,165055,10574246,151834,16908909,
All CA Counties,2021-04-20,403382,26659290,215192,13800920,188134,11802211,56,1056159,201460,6338231,200983,10775229,204551,17113460,
All CA Counties,2021-04-21,416702,27075992,236786,14037706,179661,11981872,255,1056414,201198,6328517,214233,10989462,204519,17317979,
All CA Counties,2021-04-22,442306,27518298,252867,14290573,189365,12171237,74,1056488,197832,6286399,243173,11232635,201055,17519034,
All CA Counties,2021-04-23,433196,27951494,247914,14538487,185199,12356436,83,1056571,197140,6252106,234776,11467411,200483,17719517,
All CA Counties,2021-04-24,319981,28271475,202682,14741169,117141,12473577,158,1056729,163203,6262761,155909,11623320,166564,17886081,
All CA Counties,2021-04-25,148602,28420077,98149,14839318,50388,12523965,65,1056794,79961,6275944,68244,11691564,81427,17967508,
All CA Counties,2021-04-26,277909,28697986,163531,15002849,112943,12636908,1435,1058229,120630,6245904,156425,11847989,126385,18093893,
All CA Counties,2021-04-27,346299,29044285,193193,15196042,147748,12784656,5358,1063587,139603,6188176,205684,12053673,147956,18241849,
All CA Counties,2021-04-28,344586,29388871,197712,15393754,139136,12923792,7738,1071325,140135,6134814,203511,12257184,150149,18391998,
All CA Counties,2021-04-29,353285,29742156,204239,15597993,141301,13065093,7745,1079070,127456,6047032,224802,12481986,137020,18529018,
All CA Counties,2021-04-30,366708,30108864,211012,15809005,146996,13212089,8700,1087770,139002,5970013,226616,12708602,149597,18678615,
All CA Counties,2021-05-01,244624,30353488,156581,15965586,82049,13294138,5994,1093764,89030,5912308,154936,12863538,97231,18775846,
All CA Counties,2021-05-02,115139,30468627,80202,16045788,31122,13325260,3815,1097579,40648,5883010,74128,12937666,44830,18820676,
All CA Counties,2021-05-03,249613,30718240,154373,16200161,86633,13411893,8607,1106186,75528,5794701,173322,13110988,85013,18905689,
All CA Counties,2021-05-04,322767,31041007,196923,16397084,116233,13528126,9611,1115797,95231,5674119,226567,13337555,105985,19011674,
All CA Counties,2021-05-05,326011,31367018,202977,16600061,113143,13641269,9891,1125688,91624,5543314,233276,13570831,102471,19114145,
All CA Counties,2021-05-06,344251,31711269,225352,16825413,108606,13749875,10293,1135981,87832,5388994,254927,13825758,100607,19214752,
All CA Counties,2021-05-07,339744,32051013,213500,17038913,116535,13866410,9709,1145690,92503,5246433,245991,14071749,103430,19318182,
All CA Counties,2021-05-08,221882,32272895,140775,17179688,74458,13940868,6649,1152339,60993,5155562,159897,14231646,69026,19387208,
All CA Counties,2021-05-09,92872,32365767,69772,17249460,20125,13960993,2975,1155314,25475,5117476,66960,14298606,28874,19416082,
All CA Counties,2021-05-10,197283,32563050,112856,17362316,76787,14037780,7640,1162954,49217,5028355,147226,14445832,58105,19474187,
All CA Counties,2021-05-11,254550,32817600,143229,17505545,103398,14141178,7923,1170877,67162,4918531,186548,14632380,76724,19550911,
All CA Counties,2021-05-12,245359,33062959,141649,17647194,95723,14236901,7987,1178864,66934,4816938,177519,14809899,75926,19626837,
All CA Counties,2021-05-13,275617,33338576,177028,17824222,92160,14329061,6429,1185293,101602,4753885,173105,14983004,110052,19736889,
All CA Counties,2021-05-14,246609,33585185,154264,17978486,85298,14414359,7047,1192340,89724,4695526,156071,15139075,97712,19834601,
All CA Counties,2021-05-15,164778,33749963,117607,18096093,43396,14457755,3775,1196115,62918,4661494,101414,15240489,67382,19901983,
All CA and Non-CA Counties,2020-12-15,1142,1142,1142,1142,0,0,0,0,1142,1142,0,0,1142,1142,
All CA and Non-CA Counties,2020-12-16,8392,9534,8392,9534,0,0,0,0,8392,9534,0,0,8392,9534,
All CA and Non-CA Counties,2020-12-17,27336,36870,27336,36870,0,0,0,0,27336,36870,0,0,27336,36870,
All CA and Non-CA Counties,2020-12-18,46337,83207,46274,83144,63,63,0,0,46337,83207,0,0,46337,83207,
All CA and Non-CA Counties,2020-12-19,26334,109541,26310,109454,24,87,0,0,26333,109539,1,1,26333,109540,
All CA and Non-CA Counties,2020-12-20,19651,129192,19621,129075,30,117,0,0,19650,129188,1,2,19650,129190,
All CA and Non-CA Counties,2020-12-21,51746,180938,51661,180736,85,202,0,0,51744,180931,1,3,51744,180934,
All CA and Non-CA Counties,2020-12-22,51941,232879,49756,230492,2185,2387,0,0,51939,232869,1,4,51939,232873,
All CA and Non-CA Counties,2020-12-23,51805,284684,42954,273446,8851,11238,0,0,51801,284670,0,4,51801,284674,
All CA and Non-CA Counties,2020-12-24,24831,309515,16938,290384,7893,19131,0,0,24828,309497,1,5,24828,309502,
All CA and Non-CA Counties,2020-12-25,2368,311883,2043,292427,325,19456,0,0,2368,311865,0,5,2368,311870,
All CA and Non-CA Counties,2020-12-26,14921,326804,9642,302069,5279,24735,0,0,14920,326784,1,6,14920,326790,
All CA and Non-CA Counties,2020-12-27,9584,336388,5641,307710,3943,28678,0,0,9583,336366,1,7,9583,336373,
All CA and Non-CA Counties,2020-12-28,47117,383505,30202,337912,16915,45593,0,0,47114,383477,3,10,47114,383487,
All CA and Non-CA Counties,2020-12-29,52608,436113,29532,367444,23076,68669,0,0,52604,436078,3,13,52604,436091,
All CA and Non-CA Counties,2020-12-30,64944,501057,36931,404375,28013,96682,0,0,64936,501011,3,16,64936,501027,
All CA and Non-CA Counties,2020-12-31,30437,531494,11451,415826,18986,115668,0,0,30427,531432,6,22,30427,531454,
All CA and Non-CA Counties,2021-01-01,4157,535651,1816,417642,2341,118009,0,0,4153,535582,3,25,4153,535607,
All CA and Non-CA Counties,2021-01-02,18715,554366,10372,428014,8343,126352,0,0,18713,554294,1,26,18713,554320,
All CA and Non-CA Counties,2021-01-03,6331,560697,3580,431594,2751,129103,0,0,6302,560584,12,38,6302,560622,
All CA and Non-CA Counties,2021-01-04,44701,605398,22601,454195,22100,151203,0,0,44616,605157,43,81,44616,605238,
All CA and Non-CA Counties,2021-01-05,57942,663340,30520,484715,27422,178625,0,0,52308,651979,5577,5658,52399,657637,
All CA and Non-CA Counties,2021-01-06,76016,739356,42079,526794,33937,212562,0,0,59953,696081,15882,21540,59984,717621,
All CA and Non-CA Counties,2021-01-07,96083,835439,54849,581643,41234,253796,0,0,63852,727917,32064,53604,63900,781521,
All CA and Non-CA Counties,2021-01-08,111021,946460,66928,648571,44093,297889,0,0,68055,753210,42825,96429,68118,849639,
All CA and Non-CA Counties,2021-01-09,45521,991981,25992,674563,19529,317418,0,0,28708,765154,16791,113220,28735,878374,
All CA and Non-CA Counties,2021-01-10,24584,1016565,15016,689579,9568,326986,0,0,13238,767079,11330,124550,13255,891629,
All CA and Non-CA Counties,2021-01-11,107645,1124210,71459,761038,36186,363172,0,0,62572,784786,45033,169583,62740,954369,
All CA and Non-CA Counties,2021-01-12,116598,1240808,68904,829942,47694,410866,0,0,74094,816690,42420,212003,74324,1028693,
All CA and Non-CA Counties,2021-01-13,122415,1363223,63292,893234,59123,469989,0,0,87602,869645,34729,246732,87684,1116377,
All CA and Non-CA Counties,2021-01-14,127188,1490411,50855,944089,76333,546322,0,0,107009,956746,20063,266795,107164,1223541,
All CA and Non-CA Counties,2021-01-15,146048,1636459,53099,997188,92949,639271,0,0,130559,1072121,15384,282179,130759,1354300,
All CA and Non-CA Counties,2021-01-16,83080,1719539,27779,1024967,55301,694572,0,0,75380,1139877,7672,289851,75428,1429728,
All CA and Non-CA Counties,2021-01-17,48565,1768104,16947,1041914,31618,726190,0,0,44882,1181130,3675,293526,44928,1474656,
All CA and Non-CA Counties,2021-01-18,89346,1857450,46854,1088768,42492,768682,0,0,69698,1231424,19567,313093,69861,1544517,
All CA and Non-CA Counties,2021-01-19,145498,2002948,74602,1163370,70896,839578,0,0,113448,1313236,31956,345049,113768,1658285,
All CA and Non-CA Counties,2021-01-20,164031,2166979,83102,1246472,80929,920507,0,0,129445,1408566,34369,379418,129699,1787984,
All CA and Non-CA Counties,2021-01-21,177165,2344144,78021,1324493,99144,1019651,0,0,157563,1547081,19384,398802,157899,1945883,
All CA and Non-CA Counties,2021-01-22,173835,2517979,70257,1394750,103578,1123229,0,0,159202,1691927,14499,413301,159345,2105228,
All CA and Non-CA Counties,2021-01-23,113356,2631335,49805,1444555,63551,1186780,0,0,100635,1780018,12663,425964,100754,2205982,
All CA and Non-CA Counties,2021-01-24,61521,2692856,29735,1474290,31786,1218566,0,0,56807,1832196,4683,430647,56861,2262843,
All CA and Non-CA Counties,2021-01-25,148746,2841602,67197,1541487,81549,1300115,0,0,112944,1909816,35676,466323,113296,2376139,
All CA and Non-CA Counties,2021-01-26,174070,3015672,85670,1627157,88400,1388515,0,0,135968,2008072,37979,504302,136235,2512374,
All CA and Non-CA Counties,2021-01-27,184457,3200129,90557,1717714,93900,1482415,0,0,144673,2113574,39379,543681,144881,2657255,
All CA and Non-CA Counties,2021-01-28,192616,3392745,89271,1806985,103345,1585760,0,0,158120,2237684,34203,577884,158313,2815568,
All CA and Non-CA Counties,2021-01-29,187889,3580634,91272,1898257,96617,1682377,0,0,152655,2355828,34670,612554,152814,2968382,
All CA and Non-CA Counties,2021-01-30,127319,3707953,57669,1955926,69650,1752027,0,0,112082,2452972,15076,627630,112220,3080602,
All CA and Non-CA Counties,2021-01-31,72448,3780401,41729,1997655,30719,1782746,0,0,67305,2515237,5095,632725,67360,3147962,
All CA and Non-CA Counties,2021-02-01,164565,3944966,76243,2073898,88322,1871068,0,0,125122,2601200,39289,672014,125252,3273214,
All CA and Non-CA Counties,2021-02-02,192483,4137449,81543,2155441,110940,1982008,0,0,146028,2701361,46085,718099,146246,3419460,
All CA and Non-CA Counties,2021-02-03,217961,4355410,97621,2253062,120340,2102348,0,0,162894,2809942,54553,772652,163134,3582594,
All CA and Non-CA Counties,2021-02-04,234544,4589954,102172,2355234,132372,2234720,0,0,172889,2922081,61102,833754,173241,3755835,
All CA and Non-CA Counties,2021-02-05,252484,4842438,108704,2463938,143780,2378500,0,0,172750,3016366,78974,912728,173259,3929094,
All CA and Non-CA Counties,2021-02-06,159111,5001549,77009,2540947,82102,2460602,0,0,123965,3105848,34973,947701,124455,4053549,
All CA and Non-CA Counties,2021-02-07,69049,5070598,45091,2586038,23958,2484560,0,0,52497,3142324,16472,964173,52948,4106497,
All CA and Non-CA Counties,2021-02-08,185703,5256301,92064,2678102,93639,2578199,0,0,123351,3204510,61893,1026066,124079,4230576,
All CA and Non-CA Counties,2021-02-09,215155,5471456,103815,2781917,111340,2689539,0,0,129510,3249983,85182,1111248,130655,4361231,
All CA and Non-CA Counties,2021-02-10,253805,5725261,121749,2903666,132056,2821595,0,0,141136,3280798,111824,1223072,142639,4503870,
All CA and Non-CA Counties,2021-02-11,269244,5994505,133468,3037134,135776,2957371,0,0,148685,3311800,119475,1342547,150477,4654347,
All CA and Non-CA Counties,2021-02-12,276916,6271421,121106,3158240,155810,3113181,0,0,150164,3338400,125916,1468463,152516,4806863,
All CA and Non-CA Counties,2021-02-13,169039,6440460,77950,3236190,91089,3204270,0,0,94019,3359776,74601,1543064,95977,4902840,
All CA and Non-CA Counties,2021-02-14,96687,6537147,47960,3284150,48727,3252997,0,0,52761,3370310,43765,1586829,54299,4957139,
All CA and Non-CA Counties,2021-02-15,144679,6681826,64005,3348155,80674,3333671,0,0,79906,3388951,64382,1651211,83023,5040162,
All CA and Non-CA Counties,2021-02-16,254914,6936740,120834,3468989,134080,3467751,0,0,135816,3409123,118717,1769928,138889,5179051,
All CA and Non-CA Counties,2021-02-17,264286,7201026,131618,3600607,132668,3600419,0,0,130679,3409923,133068,1902996,133868,5312919,
All CA and Non-CA Counties,2021-02-18,278605,7479631,145808,3746415,132797,3733216,0,0,134135,3404488,143743,2046739,138308,5451227,
All CA and Non-CA Counties,2021-02-19,257836,7737467,150340,3896755,107496,3840712,0,0,132708,3414620,124633,2171372,134765,5585992,
All CA and Non-CA Counties,2021-02-20,155622,7893089,100317,3997072,55305,3896017,0,0,85104,3431431,70253,2241625,87064,5673056,
All CA and Non-CA Counties,2021-02-21,75263,7968352,61048,4058120,14215,3910232,0,0,36461,3430869,38555,2280180,37993,5711049,
All CA and Non-CA Counties,2021-02-22,166433,8134785,111845,4169965,54588,3964820,0,0,83274,3433009,82834,2363014,84974,5796023,
All CA and Non-CA Counties,2021-02-23,228004,8362789,120028,4289993,107976,4072796,0,0,105386,3422328,122040,2485054,111359,5907382,
All CA and Non-CA Counties,2021-02-24,287659,8650448,145465,4435458,142194,4214990,0,0,136566,3415950,150464,2635518,144086,6051468,
All CA and Non-CA Counties,2021-02-25,324469,8974917,159103,4594561,165366,4380356,0,0,169628,3439940,154136,2789654,178126,6229594,
All CA and Non-CA Counties,2021-02-26,357899,9332816,166935,4761496,190964,4571320,0,0,199927,3490113,156979,2946633,207152,6436746,
All CA and Non-CA Counties,2021-02-27,252155,9584971,121018,4882514,131118,4702438,19,19,141248,3525457,110311,3056944,145655,6582401,
All CA and Non-CA Counties,2021-02-28,132519,9717490,79533,4962047,52982,4755420,4,23,76782,3549782,55293,3112237,79618,6662019,
All CA and Non-CA Counties,2021-03-01,241694,9959184,128582,5090629,113042,4868462,70,93,138329,3589477,102677,3214914,142372,6804391,
All CA and Non-CA Counties,2021-03-02,282232,10241416,136301,5226930,145914,5014376,17,110,166215,3647034,115528,3330442,173085,6977476,
All CA and Non-CA Counties,2021-03-03,335707,10577123,164843,5391773,170819,5185195,45,155,191000,3701304,144035,3474477,198305,7175781,
All CA and Non-CA Counties,2021-03-04,353731,10930854,177491,5569264,176149,5361344,91,246,205296,3765981,147693,3622170,212370,7388151,
All CA and Non-CA Counties,2021-03-05,337500,11268354,163806,5733070,172564,5533908,1130,1376,208594,3854793,128121,3750291,216933,7605084,
All CA and Non-CA Counties,2021-03-06,260279,11528633,132499,5865569,119829,5653737,7951,9327,160704,3928961,99166,3849457,173334,7778418,
All CA and Non-CA Counties,2021-03-07,126067,11654700,76648,5942217,45298,5699035,4121,13448,78366,3967580,47524,3896981,86143,7864561,
All CA and Non-CA Counties,2021-03-08,218629,11873329,105478,6047695,102533,5801568,10618,24066,142712,4050349,75515,3972496,158284,8022845,
All CA and Non-CA Counties,2021-03-09,271313,12144642,118037,6165732,137127,5938695,16149,40215,146595,4092895,124246,4096742,166792,8189637,
All CA and Non-CA Counties,2021-03-10,318260,12462902,155940,6321672,137489,6076184,24831,65046,171088,4146455,146525,4243267,200085,8389722,
All CA and Non-CA Counties,2021-03-11,380696,12843598,184265,6505937,162515,6238699,33916,98962,195910,4196640,183863,4427130,234048,8623770,
All CA and Non-CA Counties,2021-03-12,396295,13239893,176938,6682875,172612,6411311,46745,145707,194335,4240562,201187,4628317,245109,8868879,
All CA and Non-CA Counties,2021-03-13,282571,13522464,124253,6807128,126883,6538194,31435,177142,152697,4299521,129429,4757746,188388,9057267,
All CA and Non-CA Counties,2021-03-14,154489,13676953,82437,6889565,56853,6595047,15199,192341,83330,4329425,70891,4828637,100795,9158062,
All CA and Non-CA Counties,2021-03-15,291834,13968787,139061,7028626,131961,6727008,20812,213153,159220,4380931,131902,4960539,183408,9341470,
All CA and Non-CA Counties,2021-03-16,374735,14343522,176305,7204931,180946,6907954,17484,230637,219059,4465698,154966,5115505,239733,9581203,
All CA and Non-CA Counties,2021-03-17,388172,14731694,192717,7397648,176732,7084686,18723,249360,240932,4581421,146465,5261970,262188,9843391,
All CA and Non-CA Counties,2021-03-18,405115,15136809,207657,7605305,179169,7263855,18289,267649,242764,4683246,161299,5423269,263124,10106515,
All CA and Non-CA Counties,2021-03-19,412045,15548854,215986,7821291,174149,7438004,21910,289559,241902,4779826,169210,5592479,265790,10372305,
All CA and Non-CA Counties,2021-03-20,294877,15843731,155135,7976426,123969,7561973,15773,305332,189982,4882760,104259,5696738,207193,10579498,
All CA and Non-CA Counties,2021-03-21,143391,15987122,98619,8075045,37297,7599270,7475,312807,90855,4930231,52206,5748944,99677,10679175,
All CA and Non-CA Counties,2021-03-22,273888,16261010,159263,8234308,103574,7702844,11051,323858,180924,5032948,92253,5841197,194970,10874145,
All CA and Non-CA Counties,2021-03-23,360318,16621328,197517,8431825,151698,7854542,11103,334961,231862,5150884,127590,5968787,245526,11119671,
All CA and Non-CA Counties,2021-03-24,390910,17012238,223272,8655097,155051,8009593,12587,347548,231256,5238326,158491,6127278,245933,11365604,
All CA and Non-CA Counties,2021-03-25,421740,17433978,231294,8886391,175551,8185144,14895,362443,244494,5323863,176009,6303287,261546,11627150,
All CA and Non-CA Counties,2021-03-26,435700,17869678,232307,9118698,187432,8372576,15961,378404,241803,5391727,192735,6496022,260599,11887749,
All CA and Non-CA Counties,2021-03-27,313205,18182883,166375,9285073,135298,8507874,11532,389936,161985,5417032,150448,6646470,175753,12063502,
All CA and Non-CA Counties,2021-03-28,169364,18352247,107791,9392864,57844,8565718,3729,393665,92924,5439581,76007,6722477,98556,12162058,
All CA and Non-CA Counties,2021-03-29,311905,18664152,167585,9560449,135434,8701152,8886,402551,177772,5495286,133432,6855909,189137,12351195,
All CA and Non-CA Counties,2021-03-30,401063,19065215,202794,9763243,179966,8881118,18303,420854,243880,5602799,156462,7012371,263975,12615170,
All CA and Non-CA Counties,2021-03-31,427041,19492256,232207,9995450,172853,9053971,21981,442835,245119,5689941,181006,7193377,268148,12883318,
All CA and Non-CA Counties,2021-04-01,492458,19984714,253084,10248534,199611,9253582,39763,482598,273791,5787214,217560,7410937,314833,13198151,
All CA and Non-CA Counties,2021-04-02,474311,20459025,231640,10480174,199579,9453161,43092,525690,258792,5876473,214384,7625321,303643,13501794,
All CA and Non-CA Counties,2021-04-03,330779,20789804,168488,10648662,120705,9573866,41586,567276,166485,5922058,163708,7789029,209293,13711087,
All CA and Non-CA Counties,2021-04-04,133580,20923384,69591,10718253,44848,9618714,19141,586417,59834,5927717,73487,7862516,79146,13790233,
All CA and Non-CA Counties,2021-04-05,353671,21277055,182030,10900283,131836,9750550,39805,626222,175839,5968577,177217,8039733,218077,14008310,
All CA and Non-CA Counties,2021-04-06,461085,21738140,234223,11134506,160333,9910883,66529,692751,224815,6026431,235416,8275149,293270,14301580,
All CA and Non-CA Counties,2021-04-07,474889,22213029,247218,11381724,156815,10067698,70856,763607,232623,6089518,241408,8516557,304495,14606075,
All CA and Non-CA Counties,2021-04-08,501305,22714334,253500,11635224,162566,10230264,85239,848846,236999,6150716,263274,8779831,324472,14930547,
All CA and Non-CA Counties,2021-04-09,494784,23209118,246518,11881742,167454,10397718,80812,929658,229022,6198789,264799,9044630,312872,15243419,
All CA and Non-CA Counties,2021-04-10,368473,23577591,169350,12051092,124101,10521819,75022,1004680,155287,6219229,212523,9257153,232963,15476382,
All CA and Non-CA Counties,2021-04-11,188813,23766404,105930,12157022,48374,10570193,34509,1039189,78872,6225802,109626,9366779,116199,15592581,
All CA and Non-CA Counties,2021-04-12,340392,24106796,175057,12332079,127153,10697346,38182,1077371,158687,6245325,180835,9547614,200358,15792939,
All CA and Non-CA Counties,2021-04-13,434730,24541526,243848,12575927,189936,10887282,946,1078317,243431,6302282,190396,9738010,247353,16040292,
All CA and Non-CA Counties,2021-04-14,450682,24992208,253642,12829569,196763,11084045,277,1078594,236851,6331077,212778,9950788,241573,16281865,
All CA and Non-CA Counties,2021-04-15,493154,25485362,287516,13117085,205395,11289440,243,1078837,277255,6396797,214532,10165320,280252,16562117,
All CA and Non-CA Counties,2021-04-16,476147,25961509,268919,13386004,206918,11496358,310,1079147,255370,6435175,219686,10385006,258064,16820181,
All CA and Non-CA Counties,2021-04-17,342451,26303960,192183,13578187,150226,11646584,42,1079189,195401,6487371,146352,10531358,198548,17018729,
All CA and Non-CA Counties,2021-04-18,155316,26459276,98565,13676752,56735,11703319,16,1079205,80450,6496307,74504,10605862,83440,17102169,
All CA and Non-CA Counties,2021-04-19,319956,26779232,184659,13861411,135211,11838530,86,1079291,152111,6483327,167033,10772895,154053,17256222,
All CA and Non-CA Counties,2021-04-20,408761,27187993,217654,14079065,191051,12029581,56,1079347,203705,6486008,204115,10977010,206796,17463018,
All CA and Non-CA Counties,2021-04-21,423047,27611040,239430,14318495,183359,12212940,258,1079605,203500,6474553,218280,11195290,206825,17669843,
All CA and Non-CA Counties,2021-04-22,449348,28060388,256622,14575117,192649,12405589,77,1079682,200674,6431056,247398,11442688,203901,17873744,
All CA and Non-CA Counties,2021-04-23,439298,28499686,251106,14826223,188108,12593697,84,1079766,199880,6396128,238154,11680842,203226,18076970,
All CA and Non-CA Counties,2021-04-24,324914,28824600,206116,15032339,118636,12712333,162,1079928,165442,6406340,158598,11839440,168810,18245780,
All CA and Non-CA Counties,2021-04-25,150788,28975388,99447,15131786,51274,12763607,67,1079995,81102,6419627,69285,11908725,82572,18328352,
All CA and Non-CA Counties,2021-04-26,281606,29256994,165211,15296997,114938,12878545,1457,1081452,122342,6389343,158403,12067128,128119,18456471,
All CA and Non-CA Counties,2021-04-27,351586,29608580,195092,15492089,150846,13029391,5648,1087100,141634,6330692,208933,12276061,150282,18606753,
All CA and Non-CA Counties,2021-04-28,349534,29958114,199856,15691945,141543,13170934,8135,1095235,142167,6276856,206416,12482477,152580,18759333,
All CA and Non-CA Counties,2021-04-29,358254,30316368,206538,15898483,143538,13314472,8178,1103413,129437,6188520,227771,12710248,139435,18898768,
All CA and Non-CA Counties,2021-04-30,371707,30688075,213479,16111962,149097,13463569,9131,1112544,141001,6110943,229605,12939853,152028,19050796,
All CA and Non-CA Counties,2021-05-01,247878,30935953,158509,16270471,82946,13546515,6423,1118967,90412,6053184,156800,13096653,99041,19149837,
All CA and Non-CA Counties,2021-05-02,117023,31052976,81300,16351771,31784,13578299,3939,1122906,41516,6023864,75142,13171795,45822,19195659,
All CA and Non-CA Counties,2021-05-03,252625,31305601,156139,16507910,87599,13665898,8887,1131793,76805,5935382,175052,13346847,86570,19282229,
All CA and Non-CA Counties,2021-05-04,327017,31632618,199353,16707263,117607,13783505,10057,1141850,96999,5814537,229043,13575890,108198,19390427,
All CA and Non-CA Counties,2021-05-05,330638,31963256,205704,16912967,114675,13898180,10259,1152109,93550,5683337,235968,13811858,104768,19495195,
All CA and Non-CA Counties,2021-05-06,348764,32312020,228200,17141167,109936,14008116,10628,1162737,89715,5528609,257552,14069410,102824,19598019,
All CA and Non-CA Counties,2021-05-07,344560,32656580,216373,17357540,118100,14126216,10087,1172824,94450,5385517,248848,14318258,105756,19703775,
All CA and Non-CA Counties,2021-05-08,225457,32882037,143238,17500778,75322,14201538,6897,1179721,62538,5294473,161864,14480122,70820,19774595,
All CA and Non-CA Counties,2021-05-09,94264,32976301,70667,17571445,20494,14222032,3103,1182824,26070,5256332,67737,14547859,29596,19804191,
All CA and Non-CA Counties,2021-05-10,199937,33176238,114076,17685521,77896,14299928,7965,1190789,50265,5166999,148813,14696672,59480,19863671,
All CA and Non-CA Counties,2021-05-11,257480,33433718,144699,17830220,104577,14404505,8204,1198993,68400,5057005,188238,14884910,78244,19941915,
All CA and Non-CA Counties,2021-05-12,248432,33682150,143158,17973378,96970,14501475,8304,1207297,68269,4955330,179252,15064162,77577,20019492,
All CA and Non-CA Counties,2021-05-13,279071,33961221,179136,18152514,93291,14594766,6644,1213941,103152,4892147,175001,15239163,111818,20131310,
All CA and Non-CA Counties,2021-05-14,249689,34210910,156082,18308596,86333,14681099,7274,1221215,91027,4833543,157845,15397008,99241,20230551,
All CA and Non-CA Counties,2021-05-15,166787,34377697,119017,18427613,43885,14724984,3885,1225100,63556,4798894,102779,15499787,68130,20298681,
Outside California,2020-12-15,7,7,7,7,0,0,0,0,7,7,0,0,7,7,Not in California
Outside California,2020-12-16,268,275,268,275,0,0,0,0,268,275,0,0,268,275,Not in California
Outside California,2020-12-17,1598,1873,1598,1873,0,0,0,0,1598,1873,0,0,1598,1873,Not in California
Outside California,2020-12-18,2554,4427,2547,4420,7,7,0,0,2554,4427,0,0,2554,4427,Not in California
Outside California,2020-12-19,1037,5464,1036,5456,1,8,0,0,1037,5464,0,0,1037,5464,Not in California
Outside California,2020-12-20,673,6137,670,6126,3,11,0,0,673,6137,0,0,673,6137,Not in California
Outside California,2020-12-21,2181,8318,2178,8304,3,14,0,0,2181,8318,0,0,2181,8318,Not in California
Outside California,2020-12-22,2056,10374,1983,10287,73,87,0,0,2056,10374,0,0,2056,10374,Not in California
Outside California,2020-12-23,1516,11890,1382,11669,134,221,0,0,1516,11890,0,0,1516,11890,Not in California
Outside California,2020-12-24,803,12693,611,12280,192,413,0,0,803,12693,0,0,803,12693,Not in California
Outside California,2020-12-25,33,12726,29,12309,4,417,0,0,33,12726,0,0,33,12726,Not in California
Outside California,2020-12-26,306,13032,203,12512,103,520,0,0,306,13032,0,0,306,13032,Not in California
Outside California,2020-12-27,189,13221,73,12585,116,636,0,0,189,13221,0,0,189,13221,Not in California
Outside California,2020-12-28,1412,14633,893,13478,519,1155,0,0,1412,14633,0,0,1412,14633,Not in California
Outside California,2020-12-29,1548,16181,1015,14493,533,1688,0,0,1548,16181,0,0,1548,16181,Not in California
Outside California,2020-12-30,1918,18099,1228,15721,690,2378,0,0,1918,18099,0,0,1918,18099,Not in California
Outside California,2020-12-31,1117,19216,598,16319,519,2897,0,0,1116,19214,1,1,1116,19215,Not in California
Outside California,2021-01-01,111,19327,23,16342,88,2985,0,0,111,19325,0,1,111,19326,Not in California
Outside California,2021-01-02,237,19564,131,16473,106,3091,0,0,236,19560,1,2,236,19562,Not in California
Outside California,2021-01-03,168,19732,89,16562,79,3170,0,0,168,19728,0,2,168,19730,Not in California
Outside California,2021-01-04,1150,20882,515,17077,635,3805,0,0,1145,20872,1,3,1145,20875,Not in California
Outside California,2021-01-05,1540,22422,812,17889,728,4533,0,0,1349,22033,189,192,1350,22225,Not in California
Outside California,2021-01-06,2706,25128,1596,19485,1110,5643,0,0,1973,23276,730,922,1973,24198,Not in California
Outside California,2021-01-07,4136,29264,2530,22015,1606,7249,0,0,2485,24114,1649,2571,2487,26685,Not in California
Outside California,2021-01-08,4511,33775,2917,24932,1594,8843,0,0,2635,24886,1866,4437,2638,29323,Not in California
Outside California,2021-01-09,1317,35092,527,25459,790,9633,0,0,992,25556,324,4761,994,30317,Not in California
Outside California,2021-01-10,304,35396,182,25641,122,9755,0,0,183,25618,121,4882,183,30500,Not in California
Outside California,2021-01-11,3299,38695,2006,27647,1293,11048,0,0,1972,26263,1327,6209,1972,32472,Not in California
Outside California,2021-01-12,3875,42570,2312,29959,1563,12611,0,0,2337,27067,1534,7743,2338,34810,Not in California
Outside California,2021-01-13,3689,46259,1806,31765,1883,14494,0,0,2515,28411,1174,8917,2518,37328,Not in California
Outside California,2021-01-14,3728,49987,1271,33036,2457,16951,0,0,3089,30876,626,9543,3091,40419,Not in California
Outside California,2021-01-15,4259,54246,992,34028,3267,20218,0,0,3793,34216,453,9996,3793,44212,Not in California
Outside California,2021-01-16,2691,56937,380,34408,2311,22529,0,0,2523,36573,166,10162,2523,46735,Not in California
Outside California,2021-01-17,495,57432,150,34558,345,22874,0,0,446,36970,49,10211,446,47181,Not in California
Outside California,2021-01-18,1199,58631,770,35328,429,23303,0,0,742,37257,456,10667,743,47924,Not in California
Outside California,2021-01-19,4032,62663,1319,36647,2713,26016,0,0,3142,39512,890,11557,3145,51069,Not in California
Outside California,2021-01-20,4387,67050,1408,38055,2979,28995,0,0,3455,42039,929,12486,3456,54525,Not in California
Outside California,2021-01-21,4124,71174,1121,39176,3003,31998,0,0,3562,45054,547,13033,3562,58087,Not in California
Outside California,2021-01-22,4615,75789,1077,40253,3538,35536,0,0,4220,48884,391,13424,4221,62308,Not in California
Outside California,2021-01-23,2248,78037,332,40585,1916,37452,0,0,2086,50808,162,13586,2086,64394,Not in California
Outside California,2021-01-24,603,78640,245,40830,358,37810,0,0,526,51257,77,13663,526,64920,Not in California
Outside California,2021-01-25,4462,83102,1961,42791,2501,40311,0,0,3594,53987,865,14528,3595,68515,Not in California
Outside California,2021-01-26,5934,89036,2887,45678,3047,43358,0,0,5088,58237,845,15373,5095,73610,Not in California
Outside California,2021-01-27,4817,93853,2676,48354,2141,45499,0,0,4201,61827,612,15985,4202,77812,Not in California
Outside California,2021-01-28,5282,99135,2877,51231,2405,47904,0,0,4754,66064,517,16502,4754,82566,Not in California
Outside California,2021-01-29,4936,104071,3093,54324,1843,49747,0,0,4153,69441,778,17280,4155,86721,Not in California
Outside California,2021-01-30,4499,108570,2457,56781,2042,51789,0,0,4272,73490,224,17504,4273,90994,Not in California
Outside California,2021-01-31,3161,111731,2743,59524,418,52207,0,0,3104,76539,56,17560,3105,94099,Not in California
Outside California,2021-02-01,5476,117207,2566,62090,2910,55117,0,0,4782,80635,686,18246,4782,98881,Not in California
Outside California,2021-02-02,6755,123962,2169,64259,4586,59703,0,0,6031,85949,717,18963,6031,104912,Not in California
Outside California,2021-02-03,7323,131285,2087,66346,5236,64939,0,0,6453,91541,862,19825,6454,111366,Not in California
Outside California,2021-02-04,6806,138091,2183,68529,4623,69562,0,0,5815,96375,982,20807,5816,117182,Not in California
Outside California,2021-02-05,6813,144904,2232,70761,4581,74143,0,0,5745,101056,1064,21871,5745,122927,Not in California
Outside California,2021-02-06,4474,149378,2193,72954,2281,76424,0,0,4011,104616,454,22325,4014,126941,Not in California
Outside California,2021-02-07,2261,151639,1876,74830,385,76809,0,0,2184,106725,77,22402,2186,129127,Not in California
Outside California,2021-02-08,5425,157064,3458,78288,1967,78776,0,0,4363,110037,1051,23453,4363,133490,Not in California
Outside California,2021-02-09,4348,161412,1977,80265,2371,81147,0,0,3041,111796,1296,24749,3055,136545,Not in California
Outside California,2021-02-10,5623,167035,1955,82220,3668,84815,0,0,3182,112588,2433,27182,3225,139770,Not in California
Outside California,2021-02-11,4879,171914,2281,84501,2598,87413,0,0,3557,114852,1311,28493,3575,143345,Not in California
Outside California,2021-02-12,5254,177168,1959,86460,3295,90708,0,0,3431,116471,1816,30309,3435,146780,Not in California
Outside California,2021-02-13,2433,179601,729,87189,1704,92412,0,0,1888,117826,545,30854,1900,148680,Not in California
Outside California,2021-02-14,1346,180947,422,87611,924,93336,0,0,1105,118695,238,31092,1107,149787,Not in California
Outside California,2021-02-15,2559,183506,1545,89156,1014,94350,0,0,1237,118627,1309,32401,1241,151028,Not in California
Outside California,2021-02-16,6448,189954,2899,92055,3549,97899,0,0,2632,117460,3805,36206,2638,153666,Not in California
Outside California,2021-02-17,5960,195914,2992,95047,2968,100867,0,0,1868,115245,4087,40293,1872,155538,Not in California
Outside California,2021-02-18,6446,202360,3728,98775,2718,103585,0,0,2072,112962,4356,44649,2073,157611,Not in California
Outside California,2021-02-19,5740,208100,3978,102753,1762,105347,0,0,2427,112082,3308,47957,2428,160039,Not in California
Outside California,2021-02-20,3308,211408,2654,105407,654,106001,0,0,1203,111185,2101,50058,1204,161243,Not in California
Outside California,2021-02-21,1810,213218,1594,107001,216,106217,0,0,629,110637,1177,51235,629,161872,Not in California
Outside California,2021-02-22,3453,216671,2524,109525,929,107146,0,0,1612,110415,1839,53074,1617,163489,Not in California
Outside California,2021-02-23,5830,222501,3227,112752,2603,109749,0,0,2301,109208,3522,56596,2315,165804,Not in California
Outside California,2021-02-24,6314,228815,3468,116220,2846,112595,0,0,2477,107858,3832,60428,2482,168286,Not in California
Outside California,2021-02-25,6895,235710,3480,119700,3415,116010,0,0,3123,107244,3741,64169,3127,171413,Not in California
Outside California,2021-02-26,6802,242512,3603,123303,3199,119209,0,0,3163,106848,3560,67729,3164,174577,Not in California
Outside California,2021-02-27,5304,247816,2573,125876,2730,121939,1,1,1838,105235,3455,71184,1842,176419,Not in California
Outside California,2021-02-28,2430,250246,1772,127648,657,122596,1,2,790,104389,1638,72822,792,177211,Not in California
Outside California,2021-03-01,4741,254987,2943,130591,1797,124393,1,3,1302,102266,3431,76253,1308,178519,Not in California
Outside California,2021-03-02,6201,261188,2025,132616,4176,128569,0,3,1879,99836,4311,80564,1881,180400,Not in California
Outside California,2021-03-03,7760,268948,2970,135586,4788,133357,2,5,2588,97270,5160,85724,2594,182994,Not in California
Outside California,2021-03-04,6746,275694,2853,138439,3889,137246,4,9,2279,95104,4451,90175,2285,185279,Not in California
Outside California,2021-03-05,5033,280727,2442,140881,2577,139823,14,23,2574,95248,2451,92626,2595,187874,Not in California
Outside California,2021-03-06,4573,285300,2113,142994,2305,142128,155,178,2312,95464,2259,94885,2475,190349,Not in California
Outside California,2021-03-07,1550,286850,979,143973,518,142646,53,231,933,95835,616,95501,987,191336,Not in California
Outside California,2021-03-08,3012,289862,1750,145723,1018,143664,244,475,2116,97335,867,96368,2367,193703,Not in California
Outside California,2021-03-09,4279,294141,2017,147740,1943,145607,319,794,2432,98243,1843,98211,2751,196454,Not in California
Outside California,2021-03-10,4201,298342,1927,149667,1765,147372,509,1303,2534,99635,1658,99869,3050,199504,Not in California
Outside California,2021-03-11,6134,304476,3123,152790,2333,149705,678,1981,3301,100788,2827,102696,3980,203484,Not in California
Outside California,2021-03-12,6322,310798,3776,156566,1822,151527,724,2705,3480,102158,2835,105531,4205,207689,Not in California
Outside California,2021-03-13,3717,314515,2143,158709,1112,152639,462,3167,2583,104079,1127,106658,3048,210737,Not in California
Outside California,2021-03-14,1752,316267,896,159605,531,153170,325,3492,1044,104740,708,107366,1369,212106,Not in California
Outside California,2021-03-15,3919,320186,2017,161622,1459,154629,443,3935,2064,105402,1849,109215,2511,214617,Not in California
Outside California,2021-03-16,7444,327630,4340,165962,2737,157366,367,4302,4163,106650,3279,112494,4527,219144,Not in California
Outside California,2021-03-17,8327,335957,5367,171329,2593,159959,367,4669,4998,108691,3325,115819,5366,224510,Not in California
Outside California,2021-03-18,8136,344093,4988,176317,2624,162583,524,5193,4714,110515,3414,119233,5238,229748,Not in California
Outside California,2021-03-19,7253,351346,4289,180606,2427,165010,537,5730,4372,112550,2877,122110,4912,234660,Not in California
Outside California,2021-03-20,4680,356026,3059,183665,1536,166546,85,5815,3604,115170,1069,123179,3689,238349,Not in California
Outside California,2021-03-21,2000,358026,1350,185015,563,167109,87,5902,1603,116465,395,123574,1690,240039,Not in California
Outside California,2021-03-22,3220,361246,1940,186955,1194,168303,86,5988,2232,117801,982,124556,2318,242357,Not in California
Outside California,2021-03-23,5977,367223,3044,189999,2661,170964,272,6260,4197,120504,1767,126323,4470,246827,Not in California
Outside California,2021-03-24,7244,374467,3724,193723,3097,174061,423,6683,5079,123846,2158,128481,5500,252327,Not in California
Outside California,2021-03-25,8191,382658,3819,197542,3885,177946,487,7170,6019,128191,2161,130642,6506,258833,Not in California
Outside California,2021-03-26,6575,389233,3456,200998,2948,180894,171,7341,4483,130779,2065,132707,4653,263486,Not in California
Outside California,2021-03-27,5299,394532,3041,204039,2150,183044,108,7449,3420,132435,1870,134577,3526,267012,Not in California
Outside California,2021-03-28,3021,397553,1596,205635,1267,184311,158,7607,2022,133621,994,135571,2180,269192,Not in California
Outside California,2021-03-29,5041,402594,2235,207870,2474,186785,332,7939,2987,134890,2052,137623,3321,272513,Not in California
Outside California,2021-03-30,6753,409347,3550,211420,2659,189444,544,8483,4192,137082,2551,140174,4743,277256,Not in California
Outside California,2021-03-31,6201,415548,3717,215137,1721,191165,763,9246,3484,138614,2712,142886,4244,281500,Not in California
Outside California,2021-04-01,7372,422920,4434,219571,2316,193481,622,9868,4292,140451,3072,145958,4909,286409,Not in California
Outside California,2021-04-02,8293,431213,4393,223964,2776,196257,1124,10992,4345,141978,3942,149900,5469,291878,Not in California
Outside California,2021-04-03,6069,437282,3604,227568,1320,197577,1145,12137,3184,143432,2877,152777,4331,296209,Not in California
Outside California,2021-04-04,1774,439056,868,228436,669,198246,237,12374,988,143869,786,153563,1223,297432,Not in California
Outside California,2021-04-05,4039,443095,1999,230435,1390,199636,650,13024,1956,144397,2079,155642,2607,300039,Not in California
Outside California,2021-04-06,6886,449981,3713,234148,1616,201252,1557,14581,2804,144686,4068,159710,4357,304396,Not in California
Outside California,2021-04-07,7736,457717,4294,238442,1777,203029,1665,16246,3152,144917,4576,164286,4807,309203,Not in California
Outside California,2021-04-08,7803,465520,4059,242501,1846,204875,1898,18144,3190,145393,4605,168891,5081,314284,Not in California
Outside California,2021-04-09,7233,472753,3661,246162,1656,206531,1916,20060,2874,145832,4353,173244,4792,319076,Not in California
Outside California,2021-04-10,6054,478807,3052,249214,1156,207687,1846,21906,1734,145092,4316,177560,3576,322652,Not in California
Outside California,2021-04-11,2809,481616,1524,250738,651,208338,634,22540,1014,144948,1793,179353,1649,324301,Not in California
Outside California,2021-04-12,3860,485476,2089,252827,1236,209574,535,23075,1739,145106,2115,181468,2273,326574,Not in California
Outside California,2021-04-13,5507,490983,3496,256323,1988,211562,23,23098,2773,145174,2728,184196,2796,329370,Not in California
Outside California,2021-04-14,5092,496075,3169,259492,1920,213482,3,23101,2760,145610,2327,186523,2763,332133,Not in California
Outside California,2021-04-15,5853,501928,3544,263036,2303,215785,6,23107,3158,146131,2644,189167,3165,335298,Not in California
Outside California,2021-04-16,5822,507750,3303,266339,2512,218297,7,23114,3281,146887,2534,191701,3290,338588,Not in California
Outside California,2021-04-17,5177,512927,3060,269399,2116,220413,1,23115,2957,147631,2213,193914,2957,341545,Not in California
Outside California,2021-04-18,2073,515000,1156,270555,916,221329,1,23116,989,147543,1079,194993,991,342536,Not in California
Outside California,2021-04-19,4156,519156,1990,272545,2165,223494,1,23117,2186,147772,1960,196953,2189,344725,Not in California
Outside California,2021-04-20,5353,524509,2447,274992,2906,226400,0,23117,2234,146894,3112,200065,2234,346959,Not in California
Outside California,2021-04-21,6307,530816,2628,277620,3676,230076,3,23120,2270,145147,4021,204086,2274,349233,Not in California
Outside California,2021-04-22,7019,537835,3741,281361,3275,233351,3,23123,2803,143747,4207,208293,2807,352040,Not in California
Outside California,2021-04-23,6068,543903,3177,284538,2890,236241,1,23124,2690,143075,3365,211658,2693,354733,Not in California
Outside California,2021-04-24,4892,548795,3411,287949,1477,237718,4,23128,2211,142617,2676,214334,2218,356951,Not in California
Outside California,2021-04-25,2163,550958,1289,289238,872,238590,2,23130,1129,142720,1030,215364,1133,358084,Not in California
Outside California,2021-04-26,3649,554607,1641,290879,1986,240576,22,23152,1678,142456,1964,217328,1700,359784,Not in California
Outside California,2021-04-27,5223,559830,1851,292730,3082,243658,290,23442,1986,141507,3230,220558,2281,362065,Not in California
Outside California,2021-04-28,4899,564729,2103,294833,2400,246058,396,23838,2011,141039,2877,223435,2409,364474,Not in California
Outside California,2021-04-29,4933,569662,2278,297111,2222,248280,433,24271,1969,140497,2945,226380,2403,366877,Not in California
Outside California,2021-04-30,4969,574631,2453,299564,2090,250370,426,24697,1984,139934,2974,229354,2411,369288,Not in California
Outside California,2021-05-01,3219,577850,1901,301465,890,251260,428,25125,1361,139872,1850,231204,1788,371076,Not in California
Outside California,2021-05-02,1870,579720,1091,302556,656,251916,123,25248,862,139851,1006,232210,985,372061,Not in California
Outside California,2021-05-03,2986,582706,1747,304303,961,252877,278,25526,1269,139686,1712,233922,1547,373608,Not in California
Outside California,2021-05-04,4228,586934,2418,306721,1368,254245,442,25968,1763,139431,2459,236381,2204,375812,Not in California
Outside California,2021-05-05,4595,591529,2713,309434,1515,255760,367,26335,1909,139033,2677,239058,2279,378091,Not in California
Outside California,2021-05-06,4491,596020,2836,312270,1322,257082,333,26668,1874,138627,2612,241670,2206,380297,Not in California
Outside California,2021-05-07,4787,600807,2857,315127,1554,258636,376,27044,1936,138101,2839,244509,2313,382610,Not in California
Outside California,2021-05-08,3559,604366,2453,317580,860,259496,246,27290,1538,137927,1959,246468,1785,384395,Not in California
Outside California,2021-05-09,1374,605740,890,318470,360,259856,124,27414,587,137870,767,247235,710,385105,Not in California
Outside California,2021-05-10,2630,608370,1203,319673,1103,260959,324,27738,1045,137674,1567,248802,1371,386476,Not in California
Outside California,2021-05-11,2823,611193,1400,321073,1153,262112,270,28008,1151,137426,1670,250472,1422,387898,Not in California
Outside California,2021-05-12,2799,613992,1305,322378,1205,263317,289,28297,1123,137166,1671,252143,1411,389309,Not in California
Outside California,2021-05-13,3125,617117,1853,324231,1063,264380,209,28506,1281,136820,1836,253979,1490,390799,Not in California
Outside California,2021-05-14,2965,620082,1738,325969,1004,265384,223,28729,1232,136544,1731,255710,1455,392254,Not in California
Outside California,2021-05-15,2009,622091,1410,327379,489,265873,110,28839,638,135927,1365,257075,748,393002,Not in California
Unknown,2020-12-17,2,2,2,2,0,0,0,0,0,0,0,0,0,0,Not in California
Unknown,2020-12-18,9,11,9,11,0,0,0,0,8,8,0,0,8,8,Not in California
Unknown,2020-12-19,81,92,81,92,0,0,0,0,81,89,0,0,81,89,Not in California
Unknown,2020-12-20,24,116,24,116,0,0,0,0,24,113,0,0,24,113,Not in California
Unknown,2020-12-21,5,121,5,121,0,0,0,0,0,113,0,0,0,113,Not in California
Unknown,2020-12-22,4,125,4,125,0,0,0,0,4,117,0,0,4,117,Not in California
Unknown,2020-12-26,1,126,1,126,0,0,0,0,1,118,0,0,1,118,Not in California
Unknown,2020-12-28,4,130,4,130,0,0,0,0,3,121,0,0,3,121,Not in California
Unknown,2020-12-29,3,133,3,133,0,0,0,0,3,124,0,0,3,124,Not in California
Unknown,2020-12-30,59,192,56,189,3,3,0,0,57,181,0,0,57,181,Not in California
Unknown,2020-12-31,2,194,0,189,2,5,0,0,1,182,0,0,1,182,Not in California
Unknown,2021-01-02,1,195,0,189,1,6,0,0,1,183,0,0,1,183,Not in California
Unknown,2021-01-04,3,198,3,192,0,6,0,0,2,185,0,0,2,185,Not in California
Unknown,2021-01-05,1,199,0,192,1,7,0,0,2,187,0,0,2,187,Not in California
Unknown,2021-01-06,30,229,28,220,2,9,0,0,7,171,23,23,7,194,Not in California
Unknown,2021-01-07,110,339,107,327,3,12,0,0,72,205,38,61,72,266,Not in California
Unknown,2021-01-08,26,365,21,348,5,17,0,0,5,189,21,82,5,271,Not in California
Unknown,2021-01-09,3,368,2,350,1,18,0,0,4,193,0,82,4,275,Not in California
Unknown,2021-01-11,23,391,23,373,0,18,0,0,18,207,4,86,18,293,Not in California
Unknown,2021-01-12,10,401,8,381,2,20,0,0,8,215,1,87,9,302,Not in California
Unknown,2021-01-13,11,412,11,392,0,20,0,0,12,227,0,87,12,314,Not in California
Unknown,2021-01-14,4,416,3,395,1,21,0,0,4,231,0,87,4,318,Not in California
Unknown,2021-01-15,5,421,4,399,1,22,0,0,5,236,0,87,5,323,Not in California
Unknown,2021-01-16,7,428,7,406,0,22,0,0,6,241,1,88,6,329,Not in California
Unknown,2021-01-17,3,431,3,409,0,22,0,0,3,244,0,88,3,332,Not in California
Unknown,2021-01-18,54,485,54,463,0,22,0,0,52,294,2,90,52,384,Not in California
Unknown,2021-01-19,25,510,24,487,1,23,0,0,21,312,3,93,21,405,Not in California
Unknown,2021-01-20,80,590,80,567,0,23,0,0,29,289,52,145,29,434,Not in California
Unknown,2021-01-21,60,650,58,625,2,25,0,0,61,349,1,146,61,495,Not in California
Unknown,2021-01-22,38,688,33,658,5,30,0,0,38,387,0,146,38,533,Not in California
Unknown,2021-01-23,11,699,5,663,6,36,0,0,11,398,0,146,11,544,Not in California
Unknown,2021-01-24,2,701,2,665,0,36,0,0,3,401,0,146,3,547,Not in California
Unknown,2021-01-25,21,722,18,683,3,39,0,0,17,415,3,149,17,564,Not in California
Unknown,2021-01-26,98,820,94,777,4,43,0,0,101,516,0,149,101,665,Not in California
Unknown,2021-01-27,17,837,17,794,0,43,0,0,16,531,1,150,16,681,Not in California
Unknown,2021-01-28,155,992,152,946,3,46,0,0,98,569,60,210,98,779,Not in California
Unknown,2021-01-29,146,1138,145,1091,1,47,0,0,150,718,1,211,150,929,Not in California
Unknown,2021-01-30,10,1148,8,1099,2,49,0,0,13,730,1,212,13,942,Not in California
Unknown,2021-01-31,16,1164,16,1115,0,49,0,0,16,745,1,213,16,958,Not in California
Unknown,2021-02-01,37,1201,35,1150,2,51,0,0,22,750,17,230,22,980,Not in California
Unknown,2021-02-02,70,1271,68,1218,2,53,0,0,63,807,6,236,63,1043,Not in California
Unknown,2021-02-03,49,1320,45,1263,4,57,0,0,37,833,11,247,37,1080,Not in California
Unknown,2021-02-04,62,1382,57,1320,5,62,0,0,56,883,6,253,56,1136,Not in California
Unknown,2021-02-05,23,1405,16,1336,7,69,0,0,19,895,7,260,19,1155,Not in California
Unknown,2021-02-06,19,1424,14,1350,5,74,0,0,15,903,7,267,15,1170,Not in California
Unknown,2021-02-07,8,1432,8,1358,0,74,0,0,6,907,2,269,6,1176,Not in California
Unknown,2021-02-08,53,1485,50,1408,3,77,0,0,14,882,39,308,14,1190,Not in California
Unknown,2021-02-09,19,1504,18,1426,1,78,0,0,4,871,15,323,4,1194,Not in California
Unknown,2021-02-10,35,1539,30,1456,5,83,0,0,9,854,26,349,9,1203,Not in California
Unknown,2021-02-11,93,1632,92,1548,1,84,0,0,43,846,51,400,43,1246,Not in California
Unknown,2021-02-12,41,1673,33,1581,8,92,0,0,16,833,29,429,16,1262,Not in California
Unknown,2021-02-13,15,1688,3,1584,12,104,0,0,17,849,1,430,17,1279,Not in California
Unknown,2021-02-14,7,1695,1,1585,6,110,0,0,5,853,1,431,5,1284,Not in California
Unknown,2021-02-15,44,1739,38,1623,6,116,0,0,29,869,13,444,29,1313,Not in California
Unknown,2021-02-16,105,1844,96,1719,9,125,0,0,32,828,73,517,32,1345,Not in California
Unknown,2021-02-17,10,1854,8,1727,2,127,0,0,4,827,5,522,4,1349,Not in California
Unknown,2021-02-18,105,1959,100,1827,5,132,0,0,19,760,86,608,19,1368,Not in California
Unknown,2021-02-19,195,2154,189,2016,6,138,0,0,58,682,136,744,58,1426,Not in California
Unknown,2021-02-20,11,2165,5,2021,6,144,0,0,4,681,5,749,4,1430,Not in California
Unknown,2021-02-21,18,2183,18,2039,0,144,0,0,4,671,14,763,4,1434,Not in California
Unknown,2021-02-22,9,2192,9,2048,0,144,0,0,6,674,3,766,6,1440,Not in California
Unknown,2021-02-23,63,2255,51,2099,12,156,0,0,15,642,47,813,15,1455,Not in California
Unknown,2021-02-24,43,2298,35,2134,8,164,0,0,15,629,28,841,15,1470,Not in California
Unknown,2021-02-25,75,2373,59,2193,16,180,0,0,27,608,48,889,27,1497,Not in California
Unknown,2021-02-26,40,2413,25,2218,15,195,0,0,24,617,15,904,24,1521,Not in California
Unknown,2021-02-27,29,2442,16,2234,13,208,0,0,21,630,8,912,21,1542,Not in California
Unknown,2021-02-28,17,2459,13,2247,4,212,0,0,10,635,5,917,10,1552,Not in California
Unknown,2021-03-01,45,2504,27,2274,18,230,0,0,24,639,20,937,24,1576,Not in California
Unknown,2021-03-02,19,2523,7,2281,12,242,0,0,12,646,5,942,12,1588,Not in California
Unknown,2021-03-03,13,2536,7,2288,6,248,0,0,9,652,3,945,9,1597,Not in California
Unknown,2021-03-04,53,2589,49,2337,4,252,0,0,22,643,31,976,22,1619,Not in California
Unknown,2021-03-05,33,2622,15,2352,18,270,0,0,35,672,6,982,35,1654,Not in California
Unknown,2021-03-06,32,2654,11,2363,19,289,2,2,23,688,9,991,25,1679,Not in California
Unknown,2021-03-07,10,2664,1,2364,9,298,0,2,7,692,3,994,7,1686,Not in California
Unknown,2021-03-08,32,2696,23,2387,7,305,2,4,8,677,25,1019,10,1696,Not in California
Unknown,2021-03-09,39,2735,32,2419,3,308,4,8,9,659,31,1050,13,1709,Not in California
Unknown,2021-03-10,9,2744,6,2425,1,309,2,10,5,661,5,1055,7,1716,Not in California
Unknown,2021-03-11,37,2781,13,2438,10,319,14,24,14,668,21,1076,28,1744,Not in California
Unknown,2021-03-12,82,2863,56,2494,21,340,5,29,15,624,64,1140,20,1764,Not in California
Unknown,2021-03-13,24,2887,4,2498,16,356,4,33,8,620,16,1156,12,1776,Not in California
Unknown,2021-03-14,18,2905,10,2508,6,362,2,35,6,617,11,1167,8,1784,Not in California
Unknown,2021-03-15,30,2935,11,2519,17,379,2,37,20,626,13,1180,22,1806,Not in California
Unknown,2021-03-16,62,2997,22,2541,36,415,4,41,42,653,19,1199,46,1852,Not in California
Unknown,2021-03-17,47,3044,14,2555,32,447,1,42,40,690,4,1203,41,1893,Not in California
Unknown,2021-03-18,40,3084,20,2575,20,467,0,42,28,706,12,1215,28,1921,Not in California
Unknown,2021-03-19,29,3113,19,2594,10,477,0,42,24,722,8,1223,24,1945,Not in California
Unknown,2021-03-20,33,3146,15,2609,18,495,0,42,20,730,12,1235,20,1965,Not in California
Unknown,2021-03-21,23,3169,17,2626,6,501,0,42,19,746,3,1238,19,1984,Not in California
Unknown,2021-03-22,36,3205,19,2645,16,517,1,43,18,753,12,1250,19,2003,Not in California
Unknown,2021-03-23,23,3228,9,2654,9,526,5,48,11,758,11,1261,16,2019,Not in California
Unknown,2021-03-24,26,3254,9,2663,17,543,0,48,21,774,5,1266,21,2040,Not in California
Unknown,2021-03-25,48,3302,34,2697,14,557,0,48,32,792,14,1280,32,2072,Not in California
Unknown,2021-03-26,37,3339,20,2717,12,569,5,53,21,802,16,1296,26,2098,Not in California
Unknown,2021-03-27,40,3379,14,2731,26,595,0,53,24,806,20,1316,24,2122,Not in California
Unknown,2021-03-28,16,3395,9,2740,7,602,0,53,11,813,4,1320,11,2133,Not in California
Unknown,2021-03-29,39,3434,18,2758,20,622,1,54,25,827,12,1332,26,2159,Not in California
Unknown,2021-03-30,42,3476,25,2783,17,639,0,54,27,839,15,1347,27,2186,Not in California
Unknown,2021-03-31,35,3511,21,2804,14,653,0,54,23,850,12,1359,23,2209,Not in California
Unknown,2021-04-01,28,3539,14,2818,14,667,0,54,22,866,6,1365,22,2231,Not in California
Unknown,2021-04-02,63,3602,16,2834,38,705,9,63,29,870,34,1399,38,2269,Not in California
Unknown,2021-04-03,19,3621,9,2843,10,715,0,63,11,871,10,1409,11,2280,Not in California
Unknown,2021-04-04,17,3638,4,2847,13,728,0,63,10,875,6,1415,10,2290,Not in California
Unknown,2021-04-05,34,3672,20,2867,13,741,1,64,18,879,15,1430,19,2309,Not in California
Unknown,2021-04-06,35,3707,18,2885,16,757,1,65,17,878,19,1449,18,2327,Not in California
Unknown,2021-04-07,39,3746,27,2912,12,769,0,65,38,908,8,1457,38,2365,Not in California
Unknown,2021-04-08,38,3784,23,2935,11,780,4,69,19,909,22,1479,23,2388,Not in California
Unknown,2021-04-09,40,3824,25,2960,15,795,0,69,27,922,14,1493,27,2415,Not in California
Unknown,2021-04-10,10,3834,9,2969,1,796,0,69,7,922,7,1500,7,2422,Not in California
Unknown,2021-04-11,15,3849,11,2980,4,800,0,69,5,918,9,1509,5,2427,Not in California
Unknown,2021-04-12,39,3888,22,3002,16,816,1,70,18,914,23,1532,19,2446,Not in California
Unknown,2021-04-13,67,3955,26,3028,41,857,0,70,32,907,39,1571,32,2478,Not in California
Unknown,2021-04-14,36,3991,10,3038,26,883,0,70,10,891,26,1597,10,2488,Not in California
Unknown,2021-04-15,42,4033,17,3055,24,907,1,71,19,882,29,1626,20,2508,Not in California
Unknown,2021-04-16,52,4085,38,3093,14,921,0,71,32,893,21,1647,32,2540,Not in California
Unknown,2021-04-17,27,4112,15,3108,12,933,0,71,7,882,19,1666,8,2548,Not in California
Unknown,2021-04-18,20,4132,8,3116,12,945,0,71,10,880,12,1678,10,2558,Not in California
Unknown,2021-04-19,36,4168,22,3138,14,959,0,71,30,892,18,1696,30,2588,Not in California
Unknown,2021-04-20,26,4194,15,3153,11,970,0,71,11,883,20,1716,11,2599,Not in California
Unknown,2021-04-21,38,4232,16,3169,22,992,0,71,32,889,26,1742,32,2631,Not in California
Unknown,2021-04-22,23,4255,14,3183,9,1001,0,71,39,910,18,1760,39,2670,Not in California
Unknown,2021-04-23,34,4289,15,3198,19,1020,0,71,50,947,13,1773,50,2720,Not in California
Unknown,2021-04-24,41,4330,23,3221,18,1038,0,71,28,962,13,1786,28,2748,Not in California
Unknown,2021-04-25,23,4353,9,3230,14,1052,0,71,12,963,11,1797,12,2760,Not in California
Unknown,2021-04-26,48,4401,39,3269,9,1061,0,71,34,983,14,1811,34,2794,Not in California
Unknown,2021-04-27,64,4465,48,3317,16,1077,0,71,45,1009,19,1830,45,2839,Not in California
Unknown,2021-04-28,49,4514,41,3358,7,1084,1,72,21,1003,28,1858,22,2861,Not in California
Unknown,2021-04-29,36,4550,21,3379,15,1099,0,72,12,991,24,1882,12,2873,Not in California
Unknown,2021-04-30,30,4580,14,3393,11,1110,5,77,15,996,15,1897,20,2893,Not in California
Unknown,2021-05-01,35,4615,27,3420,7,1117,1,78,21,1004,14,1911,22,2915,Not in California
Unknown,2021-05-02,14,4629,7,3427,6,1123,1,79,6,1003,8,1919,7,2922,Not in California
Unknown,2021-05-03,26,4655,19,3446,5,1128,2,81,8,995,18,1937,10,2932,Not in California
Unknown,2021-05-04,22,4677,12,3458,6,1134,4,85,5,987,17,1954,9,2941,Not in California
Unknown,2021-05-05,32,4709,14,3472,17,1151,1,86,17,990,15,1969,18,2959,Not in California
Unknown,2021-05-06,22,4731,12,3484,8,1159,2,88,9,988,13,1982,11,2970,Not in California
Unknown,2021-05-07,29,4760,16,3500,11,1170,2,90,11,983,18,2000,13,2983,Not in California
Unknown,2021-05-08,16,4776,10,3510,4,1174,2,92,7,984,8,2008,9,2992,Not in California
Unknown,2021-05-09,18,4794,5,3515,9,1183,4,96,8,986,10,2018,12,3004,Not in California
Unknown,2021-05-10,24,4818,17,3532,6,1189,1,97,3,970,20,2038,4,3008,Not in California
Unknown,2021-05-11,107,4925,70,3602,26,1215,11,108,87,1048,20,2058,98,3106,Not in California
Unknown,2021-05-12,274,5199,204,3806,42,1257,28,136,212,1226,62,2120,240,3346,Not in California
Unknown,2021-05-13,329,5528,255,4061,68,1325,6,142,269,1442,60,2180,276,3622,Not in California
Unknown,2021-05-14,115,5643,80,4141,31,1356,4,146,71,1473,43,2223,74,3696,Not in California
Alameda,2020-12-15,36,36,36,36,0,0,0,0,36,36,0,0,36,36,California
Alameda,2020-12-16,206,242,206,242,0,0,0,0,206,242,0,0,206,242,California
Alameda,2020-12-17,397,639,397,639,0,0,0,0,397,639,0,0,397,639,California
Alameda,2020-12-18,1777,2416,1776,2415,1,1,0,0,1777,2416,0,0,1777,2416,California
Alameda,2020-12-19,1355,3771,1355,3770,0,1,0,0,1355,3771,0,0,1355,3771,California
Alameda,2020-12-20,1162,4933,1161,4931,1,2,0,0,1161,4931,1,1,1161,4932,California
Alameda,2020-12-21,1863,6796,1861,6792,2,4,0,0,1862,6793,0,1,1862,6794,California
Alameda,2020-12-22,2100,8896,2047,8839,53,57,0,0,2100,8893,0,1,2100,8894,California
Alameda,2020-12-23,1946,10842,1688,10527,258,315,0,0,1947,10840,0,1,1947,10841,California
Alameda,2020-12-24,1220,12062,760,11287,460,775,0,0,1220,12060,0,1,1220,12061,California
Alameda,2020-12-25,166,12228,129,11416,37,812,0,0,166,12226,0,1,166,12227,California
Alameda,2020-12-26,870,13098,326,11742,544,1356,0,0,870,13096,0,1,870,13097,California
Alameda,2020-12-27,498,13596,256,11998,242,1598,0,0,498,13594,0,1,498,13595,California
Alameda,2020-12-28,1886,15482,960,12958,926,2524,0,0,1886,15480,0,1,1886,15481,California
Alameda,2020-12-29,2432,17914,1025,13983,1407,3931,0,0,2431,17911,0,1,2431,17912,California
Alameda,2020-12-30,3132,21046,1364,15347,1768,5699,0,0,3134,21045,0,1,3134,21046,California
Alameda,2020-12-31,1796,22842,443,15790,1353,7052,0,0,1794,22838,1,2,1794,22840,California
Alameda,2021-01-01,172,23014,70,15860,102,7154,0,0,171,23008,1,3,171,23011,California
Alameda,2021-01-02,727,23741,524,16384,203,7357,0,0,726,23734,0,3,726,23737,California
Alameda,2021-01-03,343,24084,222,16606,121,7478,0,0,340,24071,3,6,340,24077,California
Alameda,2021-01-04,1650,25734,945,17551,705,8183,0,0,1638,25698,11,17,1638,25715,California
Alameda,2021-01-05,2215,27949,1271,18822,944,9127,0,0,1979,27444,233,250,1979,27694,California
Alameda,2021-01-06,3252,31201,1786,20608,1466,10593,0,0,2429,29055,820,1070,2431,30125,California
Alameda,2021-01-07,3778,34979,2114,22722,1664,12257,0,0,2687,30664,1082,2152,2691,32816,California
Alameda,2021-01-08,4740,39719,2705,25427,2035,14292,0,0,3111,32154,1625,3777,3115,35931,California
Alameda,2021-01-09,2035,41754,1388,26815,647,14939,0,0,1173,32465,862,4639,1173,37104,California
Alameda,2021-01-10,1069,42823,846,27661,223,15162,0,0,429,32253,641,5280,429,37533,California
Alameda,2021-01-11,4655,47478,3520,31181,1135,16297,0,0,2860,33326,1794,7074,2867,40400,California
Alameda,2021-01-12,4835,52313,3255,34436,1580,17877,0,0,3443,35381,1391,8465,3446,43846,California
Alameda,2021-01-13,5046,57359,2668,37104,2378,20255,0,0,3853,38047,1189,9654,3855,47701,California
Alameda,2021-01-14,5638,62997,2775,39879,2863,23118,0,0,4751,41923,878,10532,4754,52455,California
Alameda,2021-01-15,5846,68843,2315,42194,3531,26649,0,0,5078,46244,761,11293,5082,57537,California
Alameda,2021-01-16,3008,71851,1409,43603,1599,28248,0,0,2738,48713,270,11563,2739,60276,California
Alameda,2021-01-17,1869,73720,1083,44686,786,29034,0,0,1662,50170,206,11769,1663,61939,California
Alameda,2021-01-18,3204,76924,2057,46743,1147,30181,0,0,2608,52191,592,12361,2613,64552,California
Alameda,2021-01-19,5533,82457,3335,50078,2198,32379,0,0,4339,55340,1192,13553,4341,68893,California
Alameda,2021-01-20,6781,89238,4112,54190,2669,35048,0,0,5485,59546,1283,14836,5489,74382,California
Alameda,2021-01-21,7789,97027,3411,57601,4378,39426,0,0,6951,65670,832,15668,6956,81338,California
Alameda,2021-01-22,6856,103883,2043,59644,4813,44239,0,0,5717,70257,1132,16800,5719,87057,California
Alameda,2021-01-23,3290,107173,947,60591,2343,46582,0,0,2735,72439,555,17355,2737,89794,California
Alameda,2021-01-24,2053,109226,657,61248,1396,47978,0,0,1776,73942,273,17628,1776,91570,California
Alameda,2021-01-25,5222,114448,1985,63233,3237,51215,0,0,3632,75993,1582,19210,3633,95203,California
Alameda,2021-01-26,7260,121708,2296,65529,4964,56179,0,0,5394,79529,1859,21069,5395,100598,California
Alameda,2021-01-27,6670,128378,2078,67607,4592,60771,0,0,4818,82509,1838,22907,4818,105416,California
Alameda,2021-01-28,7906,136284,2556,70163,5350,66121,0,0,5664,85948,2226,25133,5665,111081,California
Alameda,2021-01-29,7928,144212,3185,73348,4743,70864,0,0,6105,90241,1813,26946,6106,117187,California
Alameda,2021-01-30,3430,147642,1682,75030,1748,72612,0,0,2724,92265,700,27646,2724,119911,California
Alameda,2021-01-31,1906,149548,965,75995,941,73553,0,0,1662,93686,241,27887,1662,121573,California
Alameda,2021-02-01,5983,155531,3377,79372,2606,76159,0,0,4335,96380,1642,29529,4336,125909,California
Alameda,2021-02-02,7481,163012,4262,83634,3219,79378,0,0,4677,98265,2792,32321,4677,130586,California
Alameda,2021-02-03,7087,170099,3735,87369,3352,82730,0,0,4410,100009,2671,34992,4415,135001,California
Alameda,2021-02-04,9568,179667,4172,91541,5396,88126,0,0,6437,103339,3112,38104,6442,141443,California
Alameda,2021-02-05,10355,190022,5407,96948,4948,93074,0,0,6478,105952,3871,41975,6484,147927,California
Alameda,2021-02-06,6998,197020,4438,101386,2560,95634,0,0,5874,110702,1124,43099,5874,153801,California
Alameda,2021-02-07,3587,200607,2895,104281,692,96326,0,0,2640,112399,944,44043,2641,156442,California
Alameda,2021-02-08,8107,208714,5795,110076,2312,98638,0,0,5549,115403,2547,46590,5551,161993,California
Alameda,2021-02-09,9721,218435,5863,115939,3858,102496,0,0,6071,117832,3644,50234,6073,168066,California
Alameda,2021-02-10,11476,229911,6789,122728,4687,107183,0,0,6574,119530,4884,55118,6582,174648,California
Alameda,2021-02-11,13950,243861,8002,130730,5948,113131,0,0,8385,122372,5546,60664,8388,183036,California
Alameda,2021-02-12,12549,256410,5703,136433,6846,119977,0,0,7760,125360,4775,65439,7763,190799,California
Alameda,2021-02-13,7825,264235,4073,140506,3752,123729,0,0,5857,129256,1963,67402,5859,196658,California
Alameda,2021-02-14,4036,268271,2539,143045,1497,125226,0,0,2873,130973,1159,68561,2876,199534,California
Alameda,2021-02-15,5723,273994,3231,146276,2492,127718,0,0,3708,132674,2010,70571,3711,203245,California
Alameda,2021-02-16,12564,286558,6979,153255,5585,133303,0,0,9337,138800,3217,73788,9343,212588,California
Alameda,2021-02-17,14187,300745,8424,161679,5763,139066,0,0,10553,145741,3614,77402,10555,223143,California
Alameda,2021-02-18,15915,316660,10101,171780,5814,144880,0,0,11551,152943,4355,81757,11557,234700,California
Alameda,2021-02-19,17673,334333,11461,183241,6212,151092,0,0,11706,158710,5944,87701,11711,246411,California
Alameda,2021-02-20,11876,346209,9619,192860,2257,153349,0,0,9141,165127,2730,90431,9147,255558,California
Alameda,2021-02-21,6257,352466,5325,198185,932,154281,0,0,3777,166435,2469,92900,3777,259335,California
Alameda,2021-02-22,10719,363185,7934,206119,2785,157066,0,0,6752,169243,3953,96853,6761,266096,California
Alameda,2021-02-23,12742,375927,7732,213851,5010,162076,0,0,7925,172370,4805,101658,7932,274028,California
Alameda,2021-02-24,14678,390605,8221,222072,6457,168533,0,0,9513,176784,5104,106762,9518,283546,California
Alameda,2021-02-25,15655,406260,9144,231216,6511,175044,0,0,9965,181100,5657,112419,9973,293519,California
Alameda,2021-02-26,18117,424377,10647,241863,7470,182514,0,0,11710,186450,6364,118783,11714,305233,California
Alameda,2021-02-27,14731,439108,10832,252695,3897,186411,2,2,9121,189987,5588,124371,9125,314358,California
Alameda,2021-02-28,9165,448273,7724,260419,1441,187852,0,2,6080,193006,3062,127433,6081,320439,California
Alameda,2021-03-01,13289,461562,9227,269646,4055,191907,7,9,8233,196241,5011,132444,8246,328685,California
Alameda,2021-03-02,13862,475424,9634,279280,4227,196134,1,10,8910,200227,4932,137376,8918,337603,California
Alameda,2021-03-03,15456,490880,10028,289308,5427,201561,1,11,10528,205860,4900,142276,10533,348136,California
Alameda,2021-03-04,17366,508246,11100,300408,6264,207825,2,13,10914,210360,6416,148692,10916,359052,California
Alameda,2021-03-05,15890,524136,10256,310664,5625,213450,9,22,10653,215832,5196,153888,10668,369720,California
Alameda,2021-03-06,14285,538421,9995,320659,4026,217476,264,286,9379,220615,4862,158750,9645,379365,California
Alameda,2021-03-07,9424,547845,8160,328819,1183,218659,81,367,6638,224579,2757,161507,6721,386086,California
Alameda,2021-03-08,11691,559536,7187,336006,4125,222784,379,746,8678,230673,2963,164470,9057,395143,California
Alameda,2021-03-09,11448,570984,7079,343085,3938,226722,431,1177,6307,232307,5105,169575,6739,401882,California
Alameda,2021-03-10,16705,587689,11346,354431,4801,231523,558,1735,7527,231236,9152,178727,8081,409963,California
Alameda,2021-03-11,19793,607482,11574,366005,6514,238037,1705,3440,6757,226686,13006,191733,8456,418419,California
Alameda,2021-03-12,21177,628659,12329,378334,7193,245230,1655,5095,7475,222131,13677,205410,9122,427541,California
Alameda,2021-03-13,15847,644506,10100,388434,4759,249989,988,6083,5104,217513,10708,216118,6090,433631,California
Alameda,2021-03-14,10708,655214,7822,396256,2100,252089,786,6869,4640,216880,6050,222168,5417,439048,California
Alameda,2021-03-15,14337,669551,9341,405597,4478,256567,518,7387,6384,215856,7923,230091,6899,445947,California
Alameda,2021-03-16,17193,686744,11125,416722,5534,262101,534,7921,7579,214408,9562,239653,8114,454061,California
Alameda,2021-03-17,17401,704145,9799,426521,6906,269007,696,8617,8182,214106,9179,248832,8877,462938,California
Alameda,2021-03-18,19100,723245,10359,436880,7863,276870,878,9495,8786,213492,10282,259114,9668,472606,California
Alameda,2021-03-19,19138,742383,10365,447245,6988,283858,1785,11280,7662,211504,11428,270542,9440,482046,California
Alameda,2021-03-20,15643,758026,10204,457449,4615,288473,824,12104,6546,209803,9068,279610,7367,489413,California
Alameda,2021-03-21,9067,767093,7107,464556,1427,289900,533,12637,3778,208836,5279,284889,4312,493725,California
Alameda,2021-03-22,14901,781994,10016,474572,3906,293806,979,13616,7175,209285,7700,292589,8149,501874,California
Alameda,2021-03-23,19133,801127,11526,486098,6816,300622,791,14407,10725,212443,8364,300953,11522,513396,California
Alameda,2021-03-24,19031,820158,11460,497558,6577,307199,994,15401,8586,211632,10382,311335,9571,522967,California
Alameda,2021-03-25,20396,840554,11275,508833,7737,314936,1384,16785,9574,211824,10754,322089,10946,533913,California
Alameda,2021-03-26,20707,861261,12400,521233,6772,321708,1535,18320,8874,210438,11786,333875,10400,544313,California
Alameda,2021-03-27,18211,879472,12350,533583,4900,326608,961,19281,7853,208922,10313,344188,8797,553110,California
Alameda,2021-03-28,10451,889923,8463,542046,1784,328392,204,19485,3828,206352,6610,350798,4040,557150,California
Alameda,2021-03-29,14611,904534,9300,551346,4314,332706,997,20482,6281,205334,8295,359093,7277,564427,California
Alameda,2021-03-30,18482,923016,9703,561049,7081,339787,1698,22180,10833,210240,7619,366712,12525,576952,California
Alameda,2021-03-31,19272,942288,10150,571199,7053,346840,2069,24249,9543,212141,9703,376415,11604,588556,California
Alameda,2021-04-01,23171,965459,10028,581227,7632,354472,5511,29760,11082,216677,12054,388469,16590,605146,California
Alameda,2021-04-02,23898,989357,9912,591139,8288,362760,5698,35458,11624,221754,12239,400708,17316,622462,California
Alameda,2021-04-03,20181,1009538,9757,600896,5699,368459,4725,40183,10334,226984,9828,410536,15058,637520,California
Alameda,2021-04-04,9946,1019484,3973,604869,2290,370749,3683,43866,3502,227732,6431,416967,7179,644699,California
Alameda,2021-04-05,17795,1037279,7513,612382,5516,376265,4766,48632,7258,229237,10516,427483,12021,656720,California
Alameda,2021-04-06,22177,1059456,10707,623089,5647,381912,5823,54455,10103,233110,12039,439522,15912,672632,California
Alameda,2021-04-07,22485,1081941,11548,634637,5500,387412,5437,59892,11421,238938,11021,450543,16849,689481,California
Alameda,2021-04-08,25433,1107374,11503,646140,5968,393380,7962,67854,10867,243258,14496,465039,18816,708297,California
Alameda,2021-04-09,23304,1130678,10643,656783,7452,400832,5209,73063,12035,249264,11238,476277,17244,725541,California
Alameda,2021-04-10,18856,1149534,7432,664215,5599,406431,5825,78888,8191,252624,10640,486917,14000,739541,California
Alameda,2021-04-11,10994,1160528,4794,669009,2268,408699,3932,82820,4502,254573,6475,493392,8424,747965,California
Alameda,2021-04-12,17956,1178484,11716,680725,4308,413007,1932,84752,10131,258841,7790,501182,12058,760023,California
Alameda,2021-04-13,23021,1201505,14601,695326,8365,421372,55,84807,16960,269853,6014,507196,17026,777049,California
Alameda,2021-04-14,23042,1224547,15195,710521,7846,429218,1,84808,15613,278077,7397,514593,15621,792670,California
Alameda,2021-04-15,24100,1248647,15391,725912,8707,437925,2,84810,16007,286053,8040,522633,16016,808686,California
Alameda,2021-04-16,24391,1273038,14426,740338,9960,447885,5,84815,15728,293185,8613,531246,15745,824431,California
Alameda,2021-04-17,20781,1293819,14336,754674,6445,454330,0,84815,14321,301094,6427,537673,14336,838767,California
Alameda,2021-04-18,9920,1303739,7579,762253,2341,456671,0,84815,6866,304939,3026,540699,6871,845638,California
Alameda,2021-04-19,15665,1319404,9744,771997,5920,462591,1,84816,9081,307485,6545,547244,9091,854729,California
Alameda,2021-04-20,18183,1337587,11143,783140,7039,469630,1,84817,9984,309334,8156,555400,10005,864734,California
Alameda,2021-04-21,19175,1356762,11261,794401,7906,477536,8,84825,11200,312640,7921,563321,11227,875961,California
Alameda,2021-04-22,21400,1378162,13788,808189,7609,485145,3,84828,11346,314036,9977,573298,11373,887334,California
Alameda,2021-04-23,21672,1399834,14058,822247,7612,492757,2,84830,12092,316657,9499,582797,12120,899454,California
Alameda,2021-04-24,18971,1418805,14392,836639,4572,497329,7,84837,10023,317788,8909,591706,10040,909494,California
Alameda,2021-04-25,8812,1427617,6868,843507,1943,499272,1,84838,5722,320446,3075,594781,5733,915227,California
Alameda,2021-04-26,13746,1441363,9579,853086,4145,503417,22,84860,8522,323805,5194,599975,8553,923780,California
Alameda,2021-04-27,15683,1457046,9318,862404,6060,509477,305,85165,7344,323183,8295,608270,7673,931453,California
Alameda,2021-04-28,15959,1473005,10154,872558,5341,514818,464,85629,6218,320165,9714,617984,6696,938149,California
Alameda,2021-04-29,16689,1489694,10032,882590,6334,521152,323,85952,5989,315842,10656,628640,6333,944482,California
Alameda,2021-04-30,19437,1509131,12008,894598,7090,528242,339,86291,7866,312579,11503,640143,8240,952722,California
Alameda,2021-05-01,13953,1523084,9304,903902,4445,532687,204,86495,5185,309260,8740,648883,5421,958143,California
Alameda,2021-05-02,7042,1530126,4896,908798,1975,534662,171,86666,2869,308147,4158,653041,3045,961188,California
Alameda,2021-05-03,14412,1544538,10911,919709,3182,537844,319,86985,2823,299773,11548,664589,3174,964362,California
Alameda,2021-05-04,18230,1562768,13073,932782,4799,542643,358,87343,3645,289282,14523,679112,4032,968394,California
Alameda,2021-05-05,18306,1581074,13295,946077,4502,547145,509,87852,3732,279024,14512,693624,4254,972648,California
Alameda,2021-05-06,18512,1599586,13995,960072,3825,550970,692,88544,3594,268478,14845,708469,4299,976947,California
Alameda,2021-05-07,19077,1618663,12846,972918,5818,556788,413,88957,4349,258599,14660,723129,4781,981728,California
Alameda,2021-05-08,16449,1635112,11250,984168,4986,561774,213,89170,3096,248607,13314,736443,3322,985050,California
Alameda,2021-05-09,8503,1643615,6945,991113,1412,563186,146,89316,1461,243195,7022,743465,1610,986660,California
Alameda,2021-05-10,9957,1653572,6766,997879,2863,566049,328,89644,2482,238564,7447,750912,2816,989476,California
Alameda,2021-05-11,14887,1668459,7953,1005832,6643,572692,291,89935,2699,229441,12147,763059,3024,992500,California
Alameda,2021-05-12,12366,1680825,8098,1013930,3858,576550,410,90345,2550,222652,9777,772836,2988,995488,California
Alameda,2021-05-13,16090,1696915,11447,1025377,4154,580704,489,90834,5032,217180,11024,783860,5552,1001040,California
Alameda,2021-05-14,16861,1713776,11139,1036516,5373,586077,349,91183,5493,211725,11312,795172,5857,1006897,California
Alameda,2021-05-15,12065,1725841,8258,1044774,3642,589719,165,91348,4390,208641,7642,802814,4558,1011455,California
Alpine,2020-12-18,2,2,2,2,0,0,0,0,2,2,0,0,2,2,California
Alpine,2020-12-19,2,4,2,4,0,0,0,0,2,4,0,0,2,4,California
Alpine,2020-12-21,2,6,2,6,0,0,0,0,2,6,0,0,2,6,California
Alpine,2020-12-30,14,20,0,6,14,14,0,0,14,20,0,0,14,20,California
Alpine,2020-12-31,1,21,0,6,1,15,0,0,1,21,0,0,1,21,California
Alpine,2021-01-01,1,22,0,6,1,16,0,0,1,22,0,0,1,22,California
Alpine,2021-01-02,1,23,1,7,0,16,0,0,1,23,0,0,1,23,California
Alpine,2021-01-04,10,33,0,7,10,26,0,0,10,33,0,0,10,33,California
Alpine,2021-01-05,9,42,1,8,8,34,0,0,9,42,0,0,9,42,California
Alpine,2021-01-06,31,73,0,8,31,65,0,0,31,73,0,0,31,73,California
Alpine,2021-01-07,8,81,0,8,8,73,0,0,8,81,0,0,8,81,California
Alpine,2021-01-08,4,85,2,10,2,75,0,0,2,81,2,2,2,83,California
Alpine,2021-01-09,2,87,2,12,0,75,0,0,0,79,2,4,0,83,California
Alpine,2021-01-11,32,119,1,13,31,106,0,0,31,109,1,5,31,114,California
Alpine,2021-01-13,35,154,0,13,35,141,0,0,35,144,0,5,35,149,California
Alpine,2021-01-14,1,155,0,13,1,142,0,0,1,145,0,5,1,150,California
Alpine,2021-01-15,1,156,0,13,1,143,0,0,1,146,0,5,1,151,California
Alpine,2021-01-20,21,177,0,13,21,164,0,0,21,167,0,5,21,172,California
Alpine,2021-01-21,1,178,0,13,1,165,0,0,1,168,0,5,1,173,California
Alpine,2021-01-22,32,210,0,13,32,197,0,0,32,200,0,5,32,205,California
Alpine,2021-01-23,1,211,1,14,0,197,0,0,0,199,1,6,0,205,California
Alpine,2021-01-25,16,227,0,14,16,213,0,0,16,215,0,6,16,221,California
Alpine,2021-01-27,1,228,1,15,0,213,0,0,0,214,1,7,0,221,California
Alpine,2021-01-28,1,229,0,15,1,214,0,0,0,213,1,8,0,221,California
Alpine,2021-01-29,1,230,0,15,1,215,0,0,1,214,0,8,1,222,California
Alpine,2021-02-01,25,255,0,15,25,240,0,0,7,203,18,26,7,229,California
Alpine,2021-02-03,34,289,0,15,34,274,0,0,10,189,24,50,10,239,California
Alpine,2021-02-04,8,297,0,15,8,282,0,0,3,187,5,55,3,242,California
Alpine,2021-02-05,31,328,0,15,31,313,0,0,12,180,19,74,12,254,California
Alpine,2021-02-07,1,329,1,16,0,313,0,0,1,181,0,74,1,255,California
Alpine,2021-02-08,32,361,0,16,32,345,0,0,4,157,28,102,4,259,California
Alpine,2021-02-10,34,395,0,16,34,379,0,0,0,123,34,136,0,259,California
Alpine,2021-02-11,6,401,0,16,6,385,0,0,3,123,3,139,3,262,California
Alpine,2021-02-12,1,402,0,16,1,386,0,0,0,122,1,140,0,262,California
Alpine,2021-02-17,23,425,0,16,23,409,0,0,3,105,20,160,3,265,California
Alpine,2021-02-18,2,427,0,16,2,411,0,0,1,105,1,161,1,266,California
Alpine,2021-02-19,34,461,1,17,33,444,0,0,2,75,32,193,2,268,California
Alpine,2021-02-22,27,488,0,17,27,471,0,0,8,64,19,212,8,276,California
Alpine,2021-02-24,1,489,1,18,0,471,0,0,1,65,0,212,1,277,California
Alpine,2021-02-25,6,495,1,19,5,476,0,0,6,71,0,212,6,283,California
Alpine,2021-02-26,30,525,1,20,29,505,0,0,29,99,1,213,29,312,California
Alpine,2021-02-27,1,526,0,20,1,506,0,0,1,100,0,213,1,313,California
Alpine,2021-03-01,36,562,0,20,36,542,0,0,26,116,10,223,26,339,California
Alpine,2021-03-03,30,592,1,21,29,571,0,0,18,122,12,235,18,357,California
Alpine,2021-03-04,11,603,1,22,10,581,0,0,11,133,0,235,11,368,California
Alpine,2021-03-05,30,633,0,22,30,611,0,0,22,147,8,243,22,390,California
Alpine,2021-03-08,31,664,0,22,31,642,0,0,29,174,2,245,29,419,California
Alpine,2021-03-10,73,737,0,22,73,715,0,0,73,247,0,245,73,492,California
Alpine,2021-03-11,35,772,0,22,35,750,0,0,31,274,4,249,31,523,California
Alpine,2021-03-12,19,791,0,22,19,769,0,0,17,289,2,251,17,540,California
Alpine,2021-03-15,21,812,1,23,20,789,0,0,20,308,1,252,20,560,California
Alpine,2021-03-17,23,835,0,23,22,811,1,1,19,324,4,256,20,580,California
Alpine,2021-03-18,38,873,3,26,35,846,0,1,35,356,3,259,35,615,California
Alpine,2021-03-19,2,875,1,27,1,847,0,1,1,356,1,260,1,616,California
Alpine,2021-03-22,24,899,0,27,24,871,0,1,15,362,9,269,15,631,California
Alpine,2021-03-24,19,918,0,27,19,890,0,1,8,359,11,280,8,639,California
Alpine,2021-03-25,35,953,1,28,33,923,1,2,28,381,7,287,29,668,California
Alpine,2021-03-27,1,954,0,28,1,924,0,2,0,380,1,288,0,668,California
Alpine,2021-03-28,1,955,1,29,0,924,0,2,1,381,0,288,1,669,California
Alpine,2021-03-29,19,974,0,29,18,942,1,3,2,367,17,305,3,672,California
Alpine,2021-04-01,18,992,0,29,18,960,0,3,8,365,10,315,8,680,California
Alpine,2021-04-02,101,1093,1,30,100,1060,0,3,46,357,54,369,46,726,California
Alpine,2021-04-05,4,1097,1,31,3,1063,0,3,0,353,4,373,0,726,California
Alpine,2021-04-06,3,1100,2,33,1,1064,0,3,2,354,1,374,2,728,California
Alpine,2021-04-07,117,1217,0,33,116,1180,1,4,30,299,86,460,31,759,California
Alpine,2021-04-08,37,1254,0,33,35,1215,2,6,10,284,27,487,12,771,California
Alpine,2021-04-09,1,1255,0,33,1,1216,0,6,1,285,0,487,1,772,California
Alpine,2021-04-14,47,1302,0,33,47,1263,0,6,10,258,37,524,10,782,California
Alpine,2021-04-15,35,1337,0,33,35,1298,0,6,3,229,32,556,3,785,California
Alpine,2021-04-16,1,1338,0,33,1,1299,0,6,1,230,0,556,1,786,California
Alpine,2021-04-19,1,1339,0,33,1,1300,0,6,1,231,0,556,1,787,California
Alpine,2021-04-21,31,1370,0,33,31,1331,0,6,15,230,16,572,15,802,California
Alpine,2021-04-22,24,1394,0,33,24,1355,0,6,1,208,23,595,1,803,California
Alpine,2021-04-24,2,1396,2,35,0,1355,0,6,0,207,2,597,1,804,California
Alpine,2021-04-25,1,1397,1,36,0,1355,0,6,0,206,1,598,0,804,California
Alpine,2021-04-27,2,1399,1,37,1,1356,0,6,1,206,1,599,1,805,California
Alpine,2021-04-28,36,1435,0,37,36,1392,0,6,6,182,30,629,6,811,California
Alpine,2021-04-29,7,1442,1,38,6,1398,0,6,1,177,6,635,1,812,California
Alpine,2021-04-30,2,1444,1,39,0,1398,1,7,1,178,1,636,2,814,California
Alpine,2021-05-02,1,1445,0,39,0,1398,1,8,0,178,1,637,1,815,California
Alpine,2021-05-05,17,1462,0,39,17,1415,0,8,4,169,13,650,4,819,California
Alpine,2021-05-06,7,1469,0,39,7,1422,0,8,0,162,7,657,0,819,California
Alpine,2021-05-07,1,1470,0,39,1,1423,0,8,0,161,1,658,0,819,California
Alpine,2021-05-10,1,1471,0,39,1,1424,0,8,1,162,0,658,1,820,California
Alpine,2021-05-12,1,1472,0,39,0,1424,1,9,0,162,1,659,1,821,California
Alpine,2021-05-13,3,1475,0,39,3,1427,0,9,0,159,3,662,0,821,California
Amador,2020-12-16,2,2,2,2,0,0,0,0,2,2,0,0,2,2,California
Amador,2020-12-17,5,7,5,7,0,0,0,0,5,7,0,0,5,7,California
Amador,2020-12-18,45,52,45,52,0,0,0,0,45,52,0,0,45,52,California
Amador,2020-12-19,17,69,17,69,0,0,0,0,17,69,0,0,17,69,California
Amador,2020-12-20,4,73,4,73,0,0,0,0,4,73,0,0,4,73,California
Amador,2020-12-21,31,104,31,104,0,0,0,0,31,104,0,0,31,104,California
Amador,2020-12-22,35,139,34,138,1,1,0,0,35,139,0,0,35,139,California
Amador,2020-12-23,39,178,38,176,1,2,0,0,39,178,0,0,39,178,California
Amador,2020-12-24,5,183,3,179,2,4,0,0,5,183,0,0,5,183,California
Amador,2020-12-26,5,188,4,183,1,5,0,0,5,188,0,0,5,188,California
Amador,2020-12-27,1,189,0,183,1,6,0,0,1,189,0,0,1,189,California
Amador,2020-12-28,31,220,27,210,4,10,0,0,31,220,0,0,31,220,California
Amador,2020-12-29,26,246,19,229,7,17,0,0,26,246,0,0,26,246,California
Amador,2020-12-30,124,370,78,307,46,63,0,0,124,370,0,0,124,370,California
Amador,2020-12-31,191,561,166,473,25,88,0,0,191,561,0,0,191,561,California
Amador,2021-01-01,2,563,0,473,2,90,0,0,2,563,0,0,2,563,California
Amador,2021-01-02,56,619,56,529,0,90,0,0,56,619,0,0,56,619,California
Amador,2021-01-03,65,684,17,546,48,138,0,0,65,684,0,0,65,684,California
Amador,2021-01-04,124,808,1,547,123,261,0,0,124,808,0,0,124,808,California
Amador,2021-01-05,33,841,3,550,30,291,0,0,31,838,2,2,32,840,California
Amador,2021-01-06,40,881,10,560,30,321,0,0,36,870,4,6,36,876,California
Amador,2021-01-07,230,1111,69,629,161,482,0,0,218,1076,12,18,218,1094,California
Amador,2021-01-08,84,1195,70,699,14,496,0,0,40,1073,44,62,41,1135,California
Amador,2021-01-09,11,1206,11,710,0,496,0,0,2,1066,9,71,2,1137,California
Amador,2021-01-10,6,1212,4,714,2,498,0,0,2,1064,4,75,2,1139,California
Amador,2021-01-11,124,1336,44,758,80,578,0,0,87,1115,37,112,88,1227,California
Amador,2021-01-12,64,1400,49,807,15,593,0,0,40,1131,24,136,40,1267,California
Amador,2021-01-13,38,1438,23,830,15,608,0,0,26,1145,12,148,26,1293,California
Amador,2021-01-14,147,1585,20,850,127,735,0,0,137,1273,10,158,138,1431,California
Amador,2021-01-15,56,1641,25,875,31,766,0,0,48,1313,8,166,48,1479,California
Amador,2021-01-16,19,1660,12,887,7,773,0,0,13,1321,6,172,14,1493,California
Amador,2021-01-17,26,1686,6,893,20,793,0,0,26,1347,0,172,26,1519,California
Amador,2021-01-18,32,1718,28,921,4,797,0,0,10,1335,22,194,10,1529,California
Amador,2021-01-19,121,1839,96,1017,25,822,0,0,77,1368,44,238,77,1606,California
Amador,2021-01-20,184,2023,34,1051,150,972,0,0,168,1521,15,253,168,1774,California
Amador,2021-01-21,255,2278,224,1275,31,1003,0,0,145,1557,110,363,146,1920,California
Amador,2021-01-22,135,2413,73,1348,62,1065,0,0,128,1678,7,370,128,2048,California
Amador,2021-01-23,52,2465,32,1380,20,1085,0,0,50,1726,2,372,50,2098,California
Amador,2021-01-24,28,2493,12,1392,16,1101,0,0,25,1748,3,375,25,2123,California
Amador,2021-01-25,59,2552,28,1420,31,1132,0,0,42,1773,17,392,42,2165,California
Amador,2021-01-26,245,2797,17,1437,228,1360,0,0,235,1998,10,402,235,2400,California
Amador,2021-01-27,299,3096,32,1469,267,1627,0,0,252,2206,45,447,253,2653,California
Amador,2021-01-28,367,3463,97,1566,270,1897,0,0,286,2412,81,528,287,2940,California
Amador,2021-01-29,97,3560,31,1597,66,1963,0,0,82,2479,15,543,82,3022,California
Amador,2021-01-30,169,3729,36,1633,133,2096,0,0,164,2638,5,548,164,3186,California
Amador,2021-01-31,32,3761,28,1661,4,2100,0,0,31,2668,1,549,31,3217,California
Amador,2021-02-01,63,3824,23,1684,40,2140,0,0,36,2677,27,576,36,3253,California
Amador,2021-02-02,212,4036,63,1747,149,2289,0,0,126,2720,83,659,126,3379,California
Amador,2021-02-03,141,4177,38,1785,103,2392,0,0,90,2760,50,709,90,3469,California
Amador,2021-02-04,250,4427,74,1859,176,2568,0,0,164,2840,86,795,166,3635,California
Amador,2021-02-05,331,4758,63,1922,268,2836,0,0,315,3139,16,811,315,3950,California
Amador,2021-02-06,99,4857,80,2002,19,2855,0,0,95,3230,4,815,95,4045,California
Amador,2021-02-07,39,4896,35,2037,4,2859,0,0,35,3262,4,819,36,4081,California
Amador,2021-02-08,90,4986,62,2099,28,2887,0,0,73,3318,17,836,73,4154,California
Amador,2021-02-09,175,5161,83,2182,92,2979,0,0,110,3363,65,901,110,4264,California
Amador,2021-02-10,978,6139,80,2262,898,3877,0,0,945,4275,33,934,945,5209,California
Amador,2021-02-11,307,6446,119,2381,188,4065,0,0,201,4372,104,1038,201,5410,California
Amador,2021-02-12,328,6774,120,2501,208,4273,0,0,255,4554,73,1111,255,5665,California
Amador,2021-02-13,166,6940,82,2583,84,4357,0,0,140,4668,26,1137,140,5805,California
Amador,2021-02-14,123,7063,54,2637,69,4426,0,0,106,4757,17,1154,106,5911,California
Amador,2021-02-15,186,7249,60,2697,126,4552,0,0,169,4910,16,1170,169,6080,California
Amador,2021-02-16,464,7713,53,2750,411,4963,0,0,425,5297,39,1209,426,6506,California
Amador,2021-02-17,263,7976,84,2834,179,5142,0,0,166,5366,97,1306,166,6672,California
Amador,2021-02-18,398,8374,99,2933,299,5441,0,0,336,5641,62,1368,337,7009,California
Amador,2021-02-19,195,8569,77,3010,118,5559,0,0,112,5670,83,1451,112,7121,California
Amador,2021-02-20,95,8664,33,3043,62,5621,0,0,67,5709,28,1479,67,7188,California
Amador,2021-02-21,45,8709,34,3077,11,5632,0,0,15,5694,30,1509,15,7203,California
Amador,2021-02-22,65,8774,26,3103,39,5671,0,0,32,5694,32,1541,32,7235,California
Amador,2021-02-23,320,9094,54,3157,266,5937,0,0,140,5655,180,1721,141,7376,California
Amador,2021-02-24,393,9487,56,3213,337,6274,0,0,262,5790,127,1848,262,7638,California
Amador,2021-02-25,521,10008,116,3329,405,6679,0,0,279,5828,241,2089,279,7917,California
Amador,2021-02-26,613,10621,75,3404,538,7217,0,0,505,6226,108,2197,506,8423,California
Amador,2021-02-27,293,10914,93,3497,200,7417,0,0,103,6142,189,2386,105,8528,California
Amador,2021-02-28,103,11017,52,3549,51,7468,0,0,57,6155,46,2432,59,8587,California
Amador,2021-03-01,188,11205,66,3615,122,7590,0,0,119,6206,69,2501,120,8707,California
Amador,2021-03-02,381,11586,64,3679,317,7907,0,0,331,6488,50,2551,332,9039,California
Amador,2021-03-03,243,11829,79,3758,164,8071,0,0,167,6581,75,2626,168,9207,California
Amador,2021-03-04,497,12326,116,3874,381,8452,0,0,394,6873,102,2728,394,9601,California
Amador,2021-03-05,513,12839,77,3951,436,8888,0,0,295,6953,217,2945,297,9898,California
Amador,2021-03-06,99,12938,45,3996,53,8941,1,1,54,6963,45,2990,55,9953,California
Amador,2021-03-07,63,13001,42,4038,21,8962,0,1,20,6940,43,3033,20,9973,California
Amador,2021-03-08,152,13153,71,4109,80,9042,1,2,91,6971,61,3094,92,10065,California
Amador,2021-03-09,370,13523,50,4159,320,9362,0,2,292,7188,75,3169,292,10357,California
Amador,2021-03-10,512,14035,77,4236,433,9795,2,4,111,6901,401,3570,114,10471,California
Amador,2021-03-11,474,14509,118,4354,345,10140,11,15,299,7040,174,3744,313,10784,California
Amador,2021-03-12,570,15079,66,4420,496,10636,8,23,338,7160,231,3975,351,11135,California
Amador,2021-03-13,114,15193,18,4438,89,10725,7,30,74,7205,40,4015,85,11220,California
Amador,2021-03-14,89,15282,19,4457,67,10792,3,33,21,7161,68,4083,24,11244,California
Amador,2021-03-15,178,15460,25,4482,146,10938,7,40,55,7102,123,4206,64,11308,California
Amador,2021-03-16,450,15910,54,4536,386,11324,10,50,138,6940,310,4516,148,11456,California
Amador,2021-03-17,192,16102,42,4578,147,11471,3,53,116,6984,76,4592,120,11576,California
Amador,2021-03-18,477,16579,100,4678,373,11844,4,57,251,7017,226,4818,259,11835,California
Amador,2021-03-19,540,17119,56,4734,467,12311,17,74,391,7281,147,4965,411,12246,California
Amador,2021-03-20,110,17229,45,4779,64,12375,1,75,46,7267,63,5028,49,12295,California
Amador,2021-03-21,48,17277,36,4815,11,12386,1,76,31,7285,16,5044,34,12329,California
Amador,2021-03-22,115,17392,33,4848,53,12439,29,105,51,7301,64,5108,80,12409,California
Amador,2021-03-23,435,17827,47,4895,380,12819,8,113,276,7428,158,5266,285,12694,California
Amador,2021-03-24,342,18169,35,4930,54,12873,253,366,34,7408,307,5573,287,12981,California
Amador,2021-03-25,606,18775,84,5014,516,13389,6,372,394,7597,211,5784,400,13381,California
Amador,2021-03-26,742,19517,44,5058,692,14081,6,378,280,7426,460,6244,289,13670,California
Amador,2021-03-27,91,19608,15,5073,74,14155,2,380,27,7393,64,6308,31,13701,California
Amador,2021-03-28,69,19677,15,5088,52,14207,2,382,13,7354,55,6363,16,13717,California
Amador,2021-03-29,180,19857,26,5114,153,14360,1,383,81,7344,97,6460,87,13804,California
Amador,2021-03-30,534,20391,28,5142,505,14865,1,384,294,7400,239,6699,295,14099,California
Amador,2021-03-31,199,20590,57,5199,137,15002,5,389,43,7292,156,6855,48,14147,California
Amador,2021-04-01,615,21205,87,5286,528,15530,0,389,263,7208,349,7204,265,14412,California
Amador,2021-04-02,605,21810,38,5324,555,16085,12,401,380,7377,224,7428,393,14805,California
Amador,2021-04-03,84,21894,20,5344,44,16129,20,421,21,7357,63,7491,43,14848,California
Amador,2021-04-04,38,21932,3,5347,29,16158,6,427,15,7355,23,7514,21,14869,California
Amador,2021-04-05,144,22076,52,5399,75,16233,17,444,49,7329,94,7608,68,14937,California
Amador,2021-04-06,502,22578,38,5437,445,16678,19,463,222,7292,278,7886,241,15178,California
Amador,2021-04-07,99,22677,34,5471,46,16724,19,482,43,7300,54,7940,62,15240,California
Amador,2021-04-08,494,23171,84,5555,389,17113,21,503,221,7270,272,8212,242,15482,California
Amador,2021-04-09,482,23653,21,5576,442,17555,19,522,212,7230,269,8481,229,15711,California
Amador,2021-04-10,50,23703,14,5590,27,17582,9,531,22,7233,28,8509,31,15742,California
Amador,2021-04-11,50,23753,25,5615,21,17603,4,535,23,7234,26,8535,27,15769,California
Amador,2021-04-12,97,23850,25,5640,62,17665,10,545,41,7229,56,8591,51,15820,California
Amador,2021-04-13,344,24194,50,5690,294,17959,0,545,68,7022,275,8866,68,15888,California
Amador,2021-04-14,278,24472,26,5716,252,18211,0,545,177,7099,100,8966,177,16065,California
Amador,2021-04-15,329,24801,72,5788,257,18468,0,545,72,6919,252,9218,72,16137,California
Amador,2021-04-16,482,25283,29,5817,453,18921,0,545,384,7207,96,9314,384,16521,California
Amador,2021-04-17,60,25343,34,5851,26,18947,0,545,26,7199,34,9348,26,16547,California
Amador,2021-04-18,26,25369,6,5857,20,18967,0,545,11,7196,14,9362,11,16558,California
Amador,2021-04-19,69,25438,27,5884,42,19009,0,545,31,7192,37,9399,33,16591,California
Amador,2021-04-20,436,25874,54,5938,382,19391,0,545,111,6987,318,9717,113,16704,California
Amador,2021-04-21,85,25959,33,5971,52,19443,0,545,43,6989,41,9758,43,16747,California
Amador,2021-04-22,496,26455,77,6048,418,19861,1,546,104,6709,385,10143,105,16852,California
Amador,2021-04-23,358,26813,46,6094,312,20173,0,546,286,6926,71,10214,288,17140,California
Amador,2021-04-24,47,26860,23,6117,24,20197,0,546,26,6932,20,10234,26,17166,California
Amador,2021-04-25,41,26901,19,6136,22,20219,0,546,29,6949,12,10246,29,17195,California
Amador,2021-04-26,86,26987,26,6162,59,20278,1,547,41,6947,44,10290,42,17237,California
Amador,2021-04-27,487,27474,37,6199,450,20728,0,547,85,6633,400,10690,86,17323,California
Amador,2021-04-28,67,27541,29,6228,34,20762,4,551,39,6648,28,10718,43,17366,California
Amador,2021-04-29,221,27762,69,6297,44,20806,108,659,64,6662,157,10875,171,17537,California
Amador,2021-04-30,338,28100,26,6323,308,21114,4,663,96,6520,242,11117,100,17637,California
Amador,2021-05-01,42,28142,16,6339,22,21136,4,667,22,6528,18,11135,26,17663,California
Amador,2021-05-02,26,28168,14,6353,9,21145,3,670,9,6524,17,11152,13,17676,California
Amador,2021-05-03,67,28235,33,6386,24,21169,10,680,27,6521,40,11192,37,17713,California
Amador,2021-05-04,465,28700,25,6411,433,21602,7,687,68,6199,397,11589,75,17788,California
Amador,2021-05-05,202,28902,153,6564,40,21642,9,696,163,6332,39,11628,172,17960,California
Amador,2021-05-06,108,29010,54,6618,49,21691,5,701,63,6357,43,11671,68,18028,California
Amador,2021-05-07,127,29137,30,6648,90,21781,7,708,68,6373,59,11730,75,18103,California
Amador,2021-05-08,41,29178,7,6655,30,21811,4,712,19,6374,22,11752,23,18126,California
Amador,2021-05-09,15,29193,0,6655,9,21820,6,718,4,6373,11,11763,10,18136,California
Amador,2021-05-10,62,29255,15,6670,44,21864,3,721,26,6366,36,11799,29,18165,California
Amador,2021-05-11,101,29356,33,6703,42,21906,26,747,45,6381,56,11855,71,18236,California
Amador,2021-05-12,62,29418,20,6723,41,21947,1,748,28,6376,34,11889,29,18265,California
Amador,2021-05-13,71,29489,39,6762,28,21975,4,752,35,6380,35,11924,39,18304,California
Amador,2021-05-14,69,29558,28,6790,37,22012,4,756,43,6401,26,11950,47,18351,California
Amador,2021-05-15,12,29570,2,6792,9,22021,1,757,5,6400,7,11957,6,18357,California
Butte,2020-12-16,3,3,3,3,0,0,0,0,3,3,0,0,3,3,California
Butte,2020-12-17,21,24,21,24,0,0,0,0,21,24,0,0,21,24,California
Butte,2020-12-18,50,74,50,74,0,0,0,0,50,74,0,0,50,74,California
Butte,2020-12-19,7,81,7,81,0,0,0,0,7,81,0,0,7,81,California
Butte,2020-12-20,10,91,10,91,0,0,0,0,10,91,0,0,10,91,California
Butte,2020-12-21,634,725,634,725,0,0,0,0,634,725,0,0,634,725,California
Butte,2020-12-22,618,1343,616,1341,2,2,0,0,618,1343,0,0,618,1343,California
Butte,2020-12-23,870,2213,854,2195,16,18,0,0,870,2213,0,0,870,2213,California
Butte,2020-12-24,159,2372,155,2350,4,22,0,0,159,2372,0,0,159,2372,California
Butte,2020-12-26,93,2465,91,2441,2,24,0,0,93,2465,0,0,93,2465,California
Butte,2020-12-27,35,2500,34,2475,1,25,0,0,35,2500,0,0,35,2500,California
Butte,2020-12-28,279,2779,273,2748,6,31,0,0,279,2779,0,0,279,2779,California
Butte,2020-12-29,203,2982,179,2927,24,55,0,0,203,2982,0,0,203,2982,California
Butte,2020-12-30,513,3495,291,3218,222,277,0,0,513,3495,0,0,513,3495,California
Butte,2020-12-31,211,3706,18,3236,193,470,0,0,211,3706,0,0,211,3706,California
Butte,2021-01-01,8,3714,1,3237,7,477,0,0,8,3714,0,0,8,3714,California
Butte,2021-01-02,41,3755,38,3275,3,480,0,0,41,3755,0,0,41,3755,California
Butte,2021-01-03,4,3759,1,3276,3,483,0,0,4,3759,0,0,4,3759,California
Butte,2021-01-04,208,3967,175,3451,33,516,0,0,208,3967,0,0,208,3967,California
Butte,2021-01-05,197,4164,152,3603,45,561,0,0,196,4162,1,1,196,4163,California
Butte,2021-01-06,624,4788,397,4000,227,788,0,0,619,4777,5,6,620,4783,California
Butte,2021-01-07,761,5549,369,4369,392,1180,0,0,741,5498,20,26,741,5524,California
Butte,2021-01-08,668,6217,529,4898,139,1319,0,0,622,6074,46,72,622,6146,California
Butte,2021-01-09,12,6229,7,4905,5,1324,0,0,7,6076,5,77,7,6153,California
Butte,2021-01-10,19,6248,5,4910,14,1338,0,0,14,6085,5,82,14,6167,California
Butte,2021-01-11,985,7233,949,5859,36,1374,0,0,357,5817,628,710,360,6527,California
Butte,2021-01-12,698,7931,653,6512,45,1419,0,0,274,5667,424,1134,274,6801,California
Butte,2021-01-13,1451,9382,957,7469,494,1913,0,0,616,5450,835,1969,618,7419,California
Butte,2021-01-14,1635,11017,894,8363,741,2654,0,0,1439,6694,195,2164,1439,8858,California
Butte,2021-01-15,1167,12184,925,9288,242,2896,0,0,1058,7642,110,2274,1058,9916,California
Butte,2021-01-16,586,12770,300,9588,286,3182,0,0,541,8138,45,2319,541,10457,California
Butte,2021-01-17,239,13009,64,9652,175,3357,0,0,202,8303,37,2356,202,10659,California
Butte,2021-01-18,344,13353,302,9954,42,3399,0,0,276,8512,67,2423,276,10935,California
Butte,2021-01-19,497,13850,433,10387,64,3463,0,0,224,8463,273,2696,224,11159,California
Butte,2021-01-20,1370,15220,689,11076,681,4144,0,0,1067,9227,303,2999,1067,12226,California
Butte,2021-01-21,1474,16694,866,11942,608,4752,0,0,1366,10486,107,3106,1366,13592,California
Butte,2021-01-22,1136,17830,477,12419,659,5411,0,0,1083,11516,53,3159,1083,14675,California
Butte,2021-01-23,129,17959,87,12506,42,5453,0,0,103,11593,26,3185,103,14778,California
Butte,2021-01-24,9,17968,7,12513,2,5455,0,0,9,11602,0,3185,9,14787,California
Butte,2021-01-25,655,18623,335,12848,320,5775,0,0,492,11931,163,3348,492,15279,California
Butte,2021-01-26,1468,20091,377,13225,1091,6866,0,0,1331,13125,137,3485,1331,16610,California
Butte,2021-01-27,2093,22184,706,13931,1387,8253,0,0,1363,13759,729,4214,1363,17973,California
Butte,2021-01-28,2261,24445,260,14191,2001,10254,0,0,1951,15401,309,4523,1951,19924,California
Butte,2021-01-29,1686,26131,487,14678,1199,11453,0,0,1307,16330,378,4901,1307,21231,California
Butte,2021-01-30,32,26163,9,14687,23,11476,0,0,29,16356,3,4904,29,21260,California
Butte,2021-01-31,16,26179,14,14701,2,11478,0,0,15,16370,1,4905,15,21275,California
Butte,2021-02-01,1750,27929,406,15107,1344,12822,0,0,1362,17346,386,5291,1362,22637,California
Butte,2021-02-02,1931,29860,363,15470,1568,14390,0,0,1628,18670,304,5595,1628,24265,California
Butte,2021-02-03,2739,32599,775,16245,1964,16354,0,0,1848,19629,889,6484,1848,26113,California
Butte,2021-02-04,2961,35560,327,16572,2634,18988,0,0,2404,21478,555,7039,2404,28517,California
Butte,2021-02-05,1271,36831,668,17240,603,19591,0,0,550,21308,721,7760,551,29068,California
Butte,2021-02-06,144,36975,103,17343,41,19632,0,0,62,21288,82,7842,62,29130,California
Butte,2021-02-07,37,37012,33,17376,4,19636,0,0,13,21277,24,7866,13,29143,California
Butte,2021-02-08,693,37705,544,17920,149,19785,0,0,239,21062,454,8320,239,29382,California
Butte,2021-02-09,953,38658,459,18379,494,20279,0,0,723,21555,230,8550,723,30105,California
Butte,2021-02-10,1706,40364,1190,19569,516,20795,0,0,675,21201,1029,9579,675,30780,California
Butte,2021-02-11,2202,42566,1349,20918,853,21648,0,0,1006,21011,1196,10775,1006,31786,California
Butte,2021-02-12,1001,43567,433,21351,568,22216,0,0,330,20671,670,11445,330,32116,California
Butte,2021-02-13,252,43819,44,21395,208,22424,0,0,150,20719,102,11547,150,32266,California
Butte,2021-02-14,161,43980,9,21404,152,22576,0,0,156,20870,5,11552,156,32422,California
Butte,2021-02-15,263,44243,47,21451,216,22792,0,0,198,21003,65,11617,198,32620,California
Butte,2021-02-16,733,44976,433,21884,300,23092,0,0,275,20819,459,12076,275,32895,California
Butte,2021-02-17,1516,46492,849,22733,667,23759,0,0,842,20989,672,12748,842,33737,California
Butte,2021-02-18,1557,48049,763,23496,794,24553,0,0,747,20926,810,13558,747,34484,California
Butte,2021-02-19,1166,49215,387,23883,779,25332,0,0,401,20569,758,14316,401,34885,California
Butte,2021-02-20,478,49693,32,23915,446,25778,0,0,125,20342,352,14668,125,35010,California
Butte,2021-02-21,16,49709,14,23929,2,25780,0,0,11,20348,5,14673,11,35021,California
Butte,2021-02-22,1501,51210,298,24227,1203,26983,0,0,379,19608,1119,15792,379,35400,California
Butte,2021-02-23,1634,52844,297,24524,1337,28320,0,0,462,18903,1167,16959,462,35862,California
Butte,2021-02-24,2135,54979,596,25120,1539,29859,0,0,727,18230,1400,18359,727,36589,California
Butte,2021-02-25,2078,57057,580,25700,1498,31357,0,0,656,17470,1417,19776,657,37246,California
Butte,2021-02-26,920,57977,311,26011,609,31966,0,0,396,17345,521,20297,396,37642,California
Butte,2021-02-27,236,58213,48,26059,188,32154,0,0,186,17483,48,20345,186,37828,California
Butte,2021-02-28,140,58353,16,26075,124,32278,0,0,132,17607,8,20353,132,37960,California
Butte,2021-03-01,1629,59982,178,26253,1450,33728,1,1,329,16640,1297,21650,330,38290,California
Butte,2021-03-02,1746,61728,197,26450,1549,35277,0,1,312,15522,1430,23080,312,38602,California
Butte,2021-03-03,2785,64513,849,27299,1936,37213,0,1,481,13700,2303,25383,481,39083,California
Butte,2021-03-04,3143,67656,678,27977,2465,39678,0,1,622,11802,2520,27903,622,39705,California
Butte,2021-03-05,1347,69003,615,28592,731,40409,1,2,734,11927,610,28513,735,40440,California
Butte,2021-03-06,247,69250,27,28619,197,40606,23,25,186,12076,60,28573,209,40649,California
Butte,2021-03-07,55,69305,3,28622,35,40641,17,42,30,12098,25,28598,47,40696,California
Butte,2021-03-08,1265,70570,129,28751,1059,41700,77,119,1100,13113,162,28760,1177,41873,California
Butte,2021-03-09,1899,72469,279,29030,1517,43217,103,222,1411,14142,485,29245,1514,43387,California
Butte,2021-03-10,2321,74790,966,29996,1254,44471,101,323,1579,15084,737,29982,1679,45066,California
Butte,2021-03-11,2808,77598,1316,31312,1366,45837,126,449,1982,16377,815,30797,2108,47174,California
Butte,2021-03-12,1146,78744,329,31641,468,46305,349,798,357,16300,783,31580,706,47880,California
Butte,2021-03-13,254,78998,67,31708,138,46443,49,847,62,16218,192,31772,110,47990,California
Butte,2021-03-14,161,79159,15,31723,104,46547,42,889,21,16142,139,31911,63,48053,California
Butte,2021-03-15,1722,80881,360,32083,1069,47616,293,1182,1127,16974,588,32499,1420,49473,California
Butte,2021-03-16,1632,82513,417,32500,1137,48753,78,1260,1092,17606,537,33036,1169,50642,California
Butte,2021-03-17,1953,84466,1358,33858,514,49267,81,1341,1135,18011,810,33846,1215,51857,California
Butte,2021-03-18,1806,86272,1464,35322,213,49480,129,1470,1062,18463,738,34584,1190,53047,California
Butte,2021-03-19,699,86971,313,35635,302,49782,84,1554,346,18549,344,34928,430,53477,California
Butte,2021-03-20,205,87176,32,35667,157,49939,16,1570,93,18546,112,35040,109,53586,California
Butte,2021-03-21,58,87234,27,35694,2,49941,29,1599,15,18547,43,35083,44,53630,California
Butte,2021-03-22,1463,88697,353,36047,1016,50957,94,1693,1198,19576,263,35346,1292,54922,California
Butte,2021-03-23,1805,90502,493,36540,1198,52155,114,1807,1455,20798,347,35693,1569,56491,California
Butte,2021-03-24,2250,92752,1269,37809,855,53010,126,1933,1702,22081,544,36237,1827,58318,California
Butte,2021-03-25,1485,94237,1202,39011,191,53201,92,2025,1021,22734,460,36697,1113,59431,California
Butte,2021-03-26,1211,95448,441,39452,524,53725,246,2271,566,22909,637,37334,812,60243,California
Butte,2021-03-27,300,95748,84,39536,192,53917,24,2295,134,22902,163,37497,156,60399,California
Butte,2021-03-28,227,95975,44,39580,175,54092,8,2303,102,22889,122,37619,109,60508,California
Butte,2021-03-29,1720,97695,381,39961,1269,55361,70,2373,1305,23854,410,38029,1375,61883,California
Butte,2021-03-30,1041,98736,471,40432,480,55841,90,2463,497,23903,538,38567,587,62470,California
Butte,2021-03-31,1779,100515,1305,41737,407,56248,67,2530,1089,24375,684,39251,1156,63626,California
Butte,2021-04-01,3287,103802,2670,44407,490,56738,127,2657,2218,25657,1064,40315,2346,65972,California
Butte,2021-04-02,999,104801,417,44824,462,57200,120,2777,561,25906,430,40745,679,66651,California
Butte,2021-04-03,347,105148,47,44871,225,57425,75,2852,167,25968,180,40925,242,66893,California
Butte,2021-04-04,185,105333,23,44894,139,57564,23,2875,106,26021,77,41002,130,67023,California
Butte,2021-04-05,1955,107288,421,45315,1363,58927,171,3046,594,25432,1352,42354,763,67786,California
Butte,2021-04-06,2190,109478,618,45933,1152,60079,420,3466,793,25251,1391,43745,1210,68996,California
Butte,2021-04-07,3008,112486,1312,47245,1304,61383,392,3858,699,24039,2303,46048,1091,70087,California
Butte,2021-04-08,2720,115206,1189,48434,1266,62649,265,4123,438,22463,2279,48327,703,70790,California
Butte,2021-04-09,1365,116571,349,48783,536,63185,480,4603,325,22228,1037,49364,802,71592,California
Butte,2021-04-10,220,116791,48,48831,75,63260,97,4700,96,22297,123,49487,192,71784,California
Butte,2021-04-11,107,116898,45,48876,52,63312,10,4710,83,22368,22,49509,93,71877,California
Butte,2021-04-12,1407,118305,314,49190,960,64272,133,4843,252,21598,1155,50664,385,72262,California
Butte,2021-04-13,1641,119946,571,49761,1064,65336,6,4849,350,20670,1284,51948,356,72618,California
Butte,2021-04-14,2827,122773,2337,52098,490,65826,0,4849,1311,20471,1511,53459,1312,73930,California
Butte,2021-04-15,640,123413,395,52493,245,66071,0,4849,483,20800,154,53613,483,74413,California
Butte,2021-04-16,809,124222,415,52908,394,66465,0,4849,474,20942,332,53945,474,74887,California
Butte,2021-04-17,341,124563,62,52970,279,66744,0,4849,239,21081,100,54045,239,75126,California
Butte,2021-04-18,41,124604,11,52981,30,66774,0,4849,37,21114,4,54049,37,75163,California
Butte,2021-04-19,1558,126162,380,53361,1178,67952,0,4849,446,20452,1108,55157,446,75609,California
Butte,2021-04-20,1966,128128,714,54075,1252,69204,0,4849,774,20040,1186,56343,774,76383,California
Butte,2021-04-21,2050,130178,1166,55241,884,70088,0,4849,481,18958,1563,57906,481,76864,California
Butte,2021-04-22,2212,132390,1934,57175,278,70366,0,4849,635,18020,1573,59479,635,77499,California
Butte,2021-04-23,946,133336,446,57621,500,70866,0,4849,491,18057,454,59933,491,77990,California
Butte,2021-04-24,345,133681,138,57759,207,71073,0,4849,191,18094,154,60087,191,78181,California
Butte,2021-04-25,172,133853,67,57826,105,71178,0,4849,63,18048,109,60196,63,78244,California
Butte,2021-04-26,1485,135338,426,58252,1054,72232,5,4854,417,17405,1065,61261,422,78666,California
Butte,2021-04-27,934,136272,638,58890,269,72501,27,4881,562,17626,368,61629,589,79255,California
Butte,2021-04-28,1390,137662,935,59825,431,72932,24,4905,499,17263,886,62515,523,79778,California
Butte,2021-04-29,878,138540,541,60366,312,73244,25,4930,296,17006,578,63093,321,80099,California
Butte,2021-04-30,892,139432,387,60753,484,73728,21,4951,452,17042,436,63529,472,80571,California
Butte,2021-05-01,239,139671,64,60817,156,73884,19,4970,72,16967,166,63695,91,80662,California
Butte,2021-05-02,147,139818,61,60878,73,73957,13,4983,42,16917,105,63800,55,80717,California
Butte,2021-05-03,605,140423,249,61127,325,74282,31,5014,157,16666,439,64239,188,80905,California
Butte,2021-05-04,814,141237,314,61441,468,74750,32,5046,210,16309,598,64837,241,81146,California
Butte,2021-05-05,1339,142576,1091,62532,212,74962,36,5082,276,15562,1059,65896,312,81458,California
Butte,2021-05-06,927,143503,671,63203,219,75181,37,5119,366,15408,557,66453,403,81861,California
Butte,2021-05-07,563,144066,291,63494,235,75416,37,5156,288,15461,272,66725,325,82186,California
Butte,2021-05-08,169,144235,36,63530,124,75540,9,5165,90,15482,78,66803,99,82285,California
Butte,2021-05-09,94,144329,20,63550,71,75611,3,5168,50,15491,44,66847,53,82338,California
Butte,2021-05-10,520,144849,307,63857,170,75781,43,5211,214,15445,303,67150,257,82595,California
Butte,2021-05-11,858,145707,639,64496,162,75943,57,5268,272,15191,583,67733,329,82924,California
Butte,2021-05-12,724,146431,469,64965,210,76153,45,5313,319,15154,401,68134,364,83288,California
Butte,2021-05-13,831,147262,556,65521,216,76369,59,5372,282,14955,538,68672,339,83627,California
Butte,2021-05-14,561,147823,337,65858,204,76573,20,5392,158,14731,402,69074,178,83805,California
Butte,2021-05-15,165,147988,25,65883,133,76706,7,5399,40,14653,125,69199,47,83852,California
Calaveras,2020-12-16,5,5,5,5,0,0,0,0,5,5,0,0,5,5,California
Calaveras,2020-12-17,3,8,3,8,0,0,0,0,3,8,0,0,3,8,California
Calaveras,2020-12-18,38,46,38,46,0,0,0,0,38,46,0,0,38,46,California
Calaveras,2020-12-19,3,49,3,49,0,0,0,0,3,49,0,0,3,49,California
Calaveras,2020-12-20,3,52,3,52,0,0,0,0,3,52,0,0,3,52,California
Calaveras,2020-12-21,55,107,48,100,7,7,0,0,55,107,0,0,55,107,California
Calaveras,2020-12-22,82,189,78,178,4,11,0,0,83,190,0,0,83,190,California
Calaveras,2020-12-23,76,265,74,252,2,13,0,0,76,266,0,0,76,266,California
Calaveras,2020-12-24,2,267,2,254,0,13,0,0,2,268,0,0,2,268,California
Calaveras,2020-12-26,3,270,3,257,0,13,0,0,3,271,0,0,3,271,California
Calaveras,2020-12-28,21,291,17,274,4,17,0,0,20,290,1,1,20,291,California
Calaveras,2020-12-29,167,458,147,421,20,37,0,0,167,457,0,1,167,458,California
Calaveras,2020-12-30,94,552,82,503,12,49,0,0,94,551,0,1,94,552,California
Calaveras,2020-12-31,36,588,25,528,11,60,0,0,36,587,0,1,36,588,California
Calaveras,2021-01-02,11,599,11,539,0,60,0,0,11,598,0,1,11,599,California
Calaveras,2021-01-03,10,609,4,543,6,66,0,0,10,608,0,1,10,609,California
Calaveras,2021-01-04,33,642,5,548,28,94,0,0,33,641,0,1,33,642,California
Calaveras,2021-01-05,40,682,9,557,31,125,0,0,31,668,9,10,36,678,California
Calaveras,2021-01-06,107,789,30,587,77,202,0,0,97,755,10,20,97,775,California
Calaveras,2021-01-07,105,894,26,613,79,281,0,0,92,837,11,31,93,868,California
Calaveras,2021-01-08,68,962,38,651,30,311,0,0,45,860,23,54,46,914,California
Calaveras,2021-01-09,5,967,5,656,0,311,0,0,2,859,3,57,2,916,California
Calaveras,2021-01-10,2,969,0,656,2,313,0,0,2,861,0,57,2,918,California
Calaveras,2021-01-11,65,1034,59,715,6,319,0,0,27,853,37,94,29,947,California
Calaveras,2021-01-12,85,1119,52,767,33,352,0,0,52,873,33,127,53,1000,California
Calaveras,2021-01-13,109,1228,44,811,65,417,0,0,75,915,34,161,76,1076,California
Calaveras,2021-01-14,138,1366,41,852,97,514,0,0,105,989,32,193,106,1182,California
Calaveras,2021-01-15,91,1457,29,881,62,576,0,0,71,1040,20,213,71,1253,California
Calaveras,2021-01-16,13,1470,2,883,11,587,0,0,12,1051,1,214,12,1265,California
Calaveras,2021-01-17,9,1479,1,884,8,595,0,0,9,1060,0,214,9,1274,California
Calaveras,2021-01-18,133,1612,20,904,113,708,0,0,119,1168,14,228,122,1396,California
Calaveras,2021-01-19,205,1817,175,1079,30,738,0,0,62,1089,142,370,63,1459,California
Calaveras,2021-01-20,377,2194,82,1161,295,1033,0,0,291,1305,85,455,301,1760,California
Calaveras,2021-01-21,462,2656,40,1201,422,1455,0,0,432,1715,30,485,440,2200,California
Calaveras,2021-01-22,401,3057,23,1224,378,1833,0,0,390,2102,11,496,398,2598,California
Calaveras,2021-01-23,22,3079,10,1234,12,1845,0,0,18,2116,4,500,18,2616,California
Calaveras,2021-01-24,13,3092,8,1242,5,1850,0,0,11,2125,2,502,11,2627,California
Calaveras,2021-01-25,86,3178,8,1250,78,1928,0,0,81,2201,5,507,81,2708,California
Calaveras,2021-01-26,47,3225,15,1265,32,1960,0,0,39,2232,8,515,39,2747,California
Calaveras,2021-01-27,133,3358,43,1308,90,2050,0,0,105,2310,27,542,105,2852,California
Calaveras,2021-01-28,165,3523,25,1333,140,2190,0,0,140,2429,25,567,144,2996,California
Calaveras,2021-01-29,387,3910,11,1344,376,2566,0,0,362,2775,25,592,371,3367,California
Calaveras,2021-01-30,27,3937,10,1354,17,2583,0,0,25,2800,0,592,25,3392,California
Calaveras,2021-01-31,6,3943,4,1358,2,2585,0,0,5,2804,1,593,5,3397,California
Calaveras,2021-02-01,25,3968,11,1369,14,2599,0,0,17,2813,8,601,17,3414,California
Calaveras,2021-02-02,109,4077,22,1391,87,2686,0,0,71,2852,33,634,72,3486,California
Calaveras,2021-02-03,429,4506,42,1433,387,3073,0,0,345,3116,83,717,347,3833,California
Calaveras,2021-02-04,381,4887,25,1458,356,3429,0,0,296,3330,85,802,299,4132,California
Calaveras,2021-02-05,78,4965,22,1480,56,3485,0,0,40,3333,38,840,41,4173,California
Calaveras,2021-02-06,21,4986,12,1492,9,3494,0,0,21,3354,0,840,21,4194,California
Calaveras,2021-02-07,4,4990,1,1493,3,3497,0,0,2,3354,2,842,2,4196,California
Calaveras,2021-02-08,39,5029,18,1511,21,3518,0,0,31,3379,6,848,31,4227,California
Calaveras,2021-02-09,193,5222,77,1588,116,3634,0,0,131,3457,54,902,132,4359,California
Calaveras,2021-02-10,513,5735,31,1619,482,4116,0,0,442,3832,71,973,446,4805,California
Calaveras,2021-02-11,583,6318,81,1700,502,4618,0,0,472,4200,108,1081,476,5281,California
Calaveras,2021-02-12,570,6888,325,2025,245,4863,0,0,494,4622,74,1155,496,5777,California
Calaveras,2021-02-13,201,7089,45,2070,156,5019,0,0,186,4793,15,1170,186,5963,California
Calaveras,2021-02-14,221,7310,71,2141,150,5169,0,0,206,4985,14,1184,206,6169,California
Calaveras,2021-02-15,383,7693,23,2164,360,5529,0,0,263,5131,117,1301,263,6432,California
Calaveras,2021-02-16,268,7961,144,2308,124,5653,0,0,230,5325,38,1339,232,6664,California
Calaveras,2021-02-17,510,8471,38,2346,472,6125,0,0,210,5246,291,1630,212,6876,California
Calaveras,2021-02-18,499,8970,91,2437,408,6533,0,0,99,4959,386,2016,99,6975,California
Calaveras,2021-02-19,440,9410,43,2480,397,6930,0,0,98,4725,332,2348,98,7073,California
Calaveras,2021-02-20,59,9469,15,2495,44,6974,0,0,48,4762,11,2359,48,7121,California
Calaveras,2021-02-21,23,9492,14,2509,9,6983,0,0,19,4777,4,2363,19,7140,California
Calaveras,2021-02-22,62,9554,38,2547,24,7007,0,0,33,4781,29,2392,33,7173,California
Calaveras,2021-02-23,125,9679,40,2587,85,7092,0,0,89,4835,36,2428,90,7263,California
Calaveras,2021-02-24,96,9775,47,2634,49,7141,0,0,66,4872,29,2457,66,7329,California
Calaveras,2021-02-25,550,10325,99,2733,451,7592,0,0,359,5045,186,2643,359,7688,California
Calaveras,2021-02-26,706,11031,46,2779,660,8252,0,0,370,5097,320,2963,372,8060,California
Calaveras,2021-02-27,204,11235,22,2801,182,8434,0,0,180,5253,24,2987,180,8240,California
Calaveras,2021-02-28,99,11334,16,2817,83,8517,0,0,93,5341,5,2992,93,8333,California
Calaveras,2021-03-01,229,11563,41,2858,188,8705,0,0,146,5408,80,3072,147,8480,California
Calaveras,2021-03-02,249,11812,96,2954,153,8858,0,0,203,5569,43,3115,204,8684,California
Calaveras,2021-03-03,510,12322,103,3057,407,9265,0,0,213,5491,291,3406,213,8897,California
Calaveras,2021-03-04,742,13064,66,3123,675,9940,1,1,351,5461,382,3788,352,9249,California
Calaveras,2021-03-05,455,13519,271,3394,180,10120,4,5,140,5294,311,4099,144,9393,California
Calaveras,2021-03-06,155,13674,42,3436,107,10227,6,11,115,5375,40,4139,121,9514,California
Calaveras,2021-03-07,75,13749,32,3468,36,10263,7,18,34,5375,41,4180,41,9555,California
Calaveras,2021-03-08,162,13911,27,3495,127,10390,8,26,128,5478,33,4213,136,9691,California
Calaveras,2021-03-09,360,14271,136,3631,218,10608,6,32,32,5193,323,4536,38,9729,California
Calaveras,2021-03-10,417,14688,29,3660,385,10993,3,35,57,4898,355,4891,60,9789,California
Calaveras,2021-03-11,849,15537,421,4081,415,11408,13,48,432,4932,412,5303,446,10235,California
Calaveras,2021-03-12,401,15938,213,4294,178,11586,10,58,326,5200,74,5377,342,10577,California
Calaveras,2021-03-13,177,16115,16,4310,153,11739,8,66,142,5318,34,5411,152,10729,California
Calaveras,2021-03-14,156,16271,11,4321,144,11883,1,67,18,5206,138,5549,26,10755,California
Calaveras,2021-03-15,331,16602,48,4369,257,12140,26,93,52,5010,278,5827,82,10837,California
Calaveras,2021-03-16,685,17287,550,4919,115,12255,20,113,545,5437,138,5965,565,11402,California
Calaveras,2021-03-17,279,17566,52,4971,213,12468,14,127,50,5276,226,6191,65,11467,California
Calaveras,2021-03-18,666,18232,570,5541,80,12548,16,143,549,5726,117,6308,567,12034,California
Calaveras,2021-03-19,231,18463,50,5591,107,12655,74,217,56,5684,171,6479,129,12163,California
Calaveras,2021-03-20,80,18543,21,5612,58,12713,1,218,23,5652,57,6536,25,12188,California
Calaveras,2021-03-21,48,18591,31,5643,6,12719,11,229,12,5639,36,6572,23,12211,California
Calaveras,2021-03-22,80,18671,36,5679,23,12742,21,250,26,5632,54,6626,47,12258,California
Calaveras,2021-03-23,294,18965,204,5883,80,12822,10,260,116,5589,169,6795,126,12384,California
Calaveras,2021-03-24,132,19097,50,5933,72,12894,10,270,43,5554,88,6883,53,12437,California
Calaveras,2021-03-25,741,19838,102,6035,636,13530,3,273,447,5713,291,7174,450,12887,California
Calaveras,2021-03-26,426,20264,28,6063,392,13922,6,279,88,5474,335,7509,96,12983,California
Calaveras,2021-03-27,212,20476,19,6082,189,14111,4,283,37,5345,172,7681,43,13026,California
Calaveras,2021-03-28,111,20587,12,6094,97,14208,2,285,8,5254,102,7783,11,13037,California
Calaveras,2021-03-29,179,20766,23,6117,153,14361,3,288,58,5197,119,7902,62,13099,California
Calaveras,2021-03-30,532,21298,24,6141,491,14852,17,305,356,5395,175,8077,373,13472,California
Calaveras,2021-03-31,322,21620,140,6281,172,15024,10,315,156,5396,166,8243,167,13639,California
Calaveras,2021-04-01,685,22305,442,6723,242,15266,1,316,187,5090,497,8740,191,13830,California
Calaveras,2021-04-02,395,22700,232,6955,155,15421,8,324,118,4943,274,9014,127,13957,California
Calaveras,2021-04-03,144,22844,34,6989,106,15527,4,328,39,4881,105,9119,43,14000,California
Calaveras,2021-04-04,78,22922,25,7014,53,15580,0,328,49,4901,29,9148,49,14049,California
Calaveras,2021-04-05,209,23131,79,7093,121,15701,9,337,99,4900,110,9258,109,14158,California
Calaveras,2021-04-06,650,23781,573,7666,64,15765,13,350,111,4488,536,9794,124,14282,California
Calaveras,2021-04-07,753,24534,657,8323,60,15825,36,386,617,5006,136,9930,654,14936,California
Calaveras,2021-04-08,945,25479,854,9177,70,15895,21,407,435,4957,507,10437,458,15394,California
Calaveras,2021-04-09,154,25633,58,9235,48,15943,48,455,57,4967,96,10533,106,15500,California
Calaveras,2021-04-10,189,25822,42,9277,129,16072,18,473,147,5092,41,10574,166,15666,California
Calaveras,2021-04-11,69,25891,44,9321,23,16095,2,475,48,5121,21,10595,50,15716,California
Calaveras,2021-04-12,103,25994,46,9367,38,16133,19,494,54,5146,49,10644,74,15790,California
Calaveras,2021-04-13,422,26416,367,9734,55,16188,0,494,363,5453,58,10702,365,16155,California
Calaveras,2021-04-14,182,26598,28,9762,154,16342,0,494,136,5544,46,10748,137,16292,California
Calaveras,2021-04-15,336,26934,287,10049,49,16391,0,494,253,5717,80,10828,253,16545,California
Calaveras,2021-04-16,99,27033,25,10074,74,16465,0,494,47,5716,48,10876,47,16592,California
Calaveras,2021-04-17,330,27363,128,10202,202,16667,0,494,287,5960,43,10919,287,16879,California
Calaveras,2021-04-18,18,27381,5,10207,13,16680,0,494,11,5964,7,10926,11,16890,California
Calaveras,2021-04-19,69,27450,27,10234,42,16722,0,494,42,5981,26,10952,43,16933,California
Calaveras,2021-04-20,260,27710,93,10327,167,16889,0,494,194,6111,64,11016,194,17127,California
Calaveras,2021-04-21,215,27925,147,10474,68,16957,0,494,85,6069,128,11144,86,17213,California
Calaveras,2021-04-22,543,28468,97,10571,446,17403,0,494,142,5815,399,11543,145,17358,California
Calaveras,2021-04-23,159,28627,81,10652,78,17481,0,494,65,5788,92,11635,65,17423,California
Calaveras,2021-04-24,172,28799,36,10688,136,17617,0,494,129,5876,42,11677,130,17553,California
Calaveras,2021-04-25,43,28842,28,10716,15,17632,0,494,22,5879,21,11698,24,17577,California
Calaveras,2021-04-26,96,28938,59,10775,37,17669,0,494,28,5840,68,11766,29,17606,California
Calaveras,2021-04-27,424,29362,58,10833,352,18021,14,508,58,5548,364,12130,72,17678,California
Calaveras,2021-04-28,641,30003,573,11406,37,18058,31,539,52,5051,589,12719,92,17770,California
Calaveras,2021-04-29,509,30512,439,11845,51,18109,19,558,74,4715,434,13153,98,17868,California
Calaveras,2021-04-30,148,30660,60,11905,83,18192,5,563,67,4712,81,13234,78,17946,California
Calaveras,2021-05-01,197,30857,109,12014,86,18278,2,565,130,4782,66,13300,136,18082,California
Calaveras,2021-05-02,52,30909,35,12049,16,18294,1,566,20,4773,31,13331,22,18104,California
Calaveras,2021-05-03,92,31001,70,12119,17,18311,5,571,29,4748,63,13394,38,18142,California
Calaveras,2021-05-04,413,31414,328,12447,48,18359,37,608,42,4458,370,13764,80,18222,California
Calaveras,2021-05-05,110,31524,56,12503,22,18381,32,640,48,4476,61,13825,79,18301,California
Calaveras,2021-05-06,253,31777,194,12697,36,18417,23,663,47,4342,205,14030,71,18372,California
Calaveras,2021-05-07,84,31861,24,12721,54,18471,6,669,54,4372,30,14060,60,18432,California
Calaveras,2021-05-08,289,32150,140,12861,147,18618,2,671,92,4271,195,14255,94,18526,California
Calaveras,2021-05-09,28,32178,12,12873,13,18631,3,674,12,4270,16,14271,15,18541,California
Calaveras,2021-05-10,52,32230,23,12896,28,18659,1,675,23,4267,28,14299,25,18566,California
Calaveras,2021-05-11,127,32357,85,12981,30,18689,12,687,88,4330,38,14337,101,18667,California
Calaveras,2021-05-12,155,32512,35,13016,120,18809,0,687,41,4258,113,14450,41,18708,California
Calaveras,2021-05-13,108,32620,58,13074,34,18843,16,703,53,4273,54,14504,69,18777,California
Calaveras,2021-05-14,128,32748,84,13158,42,18885,2,705,95,4337,33,14537,97,18874,California
Calaveras,2021-05-15,196,32944,72,13230,123,19008,1,706,79,4305,112,14649,80,18954,California
Colusa,2020-12-18,1,1,1,1,0,0,0,0,1,1,0,0,1,1,California
Colusa,2020-12-21,2,3,2,3,0,0,0,0,2,3,0,0,2,3,California
Colusa,2020-12-22,10,13,10,13,0,0,0,0,10,13,0,0,10,13,California
Colusa,2020-12-23,10,23,10,23,0,0,0,0,10,23,0,0,10,23,California
Colusa,2020-12-24,2,25,1,24,1,1,0,0,2,25,0,0,2,25,California
Colusa,2020-12-27,1,26,1,25,0,1,0,0,1,26,0,0,1,26,California
Colusa,2020-12-28,7,33,3,28,4,5,0,0,7,33,0,0,7,33,California
Colusa,2020-12-29,11,44,8,36,3,8,0,0,11,44,0,0,11,44,California
Colusa,2020-12-30,50,94,13,49,37,45,0,0,50,94,0,0,50,94,California
Colusa,2020-12-31,18,112,1,50,17,62,0,0,18,112,0,0,18,112,California
Colusa,2021-01-04,4,116,0,50,4,66,0,0,4,116,0,0,4,116,California
Colusa,2021-01-05,67,183,1,51,66,132,0,0,67,183,0,0,67,183,California
Colusa,2021-01-06,15,198,9,60,6,138,0,0,15,198,0,0,15,198,California
Colusa,2021-01-07,38,236,4,64,34,172,0,0,37,234,1,1,37,235,California
Colusa,2021-01-08,9,245,7,71,2,174,0,0,8,241,1,2,8,243,California
Colusa,2021-01-09,2,247,1,72,1,175,0,0,2,243,0,2,2,245,California
Colusa,2021-01-10,1,248,0,72,1,176,0,0,1,244,0,2,1,246,California
Colusa,2021-01-11,12,260,6,78,6,182,0,0,7,246,5,7,7,253,California
Colusa,2021-01-12,11,271,9,87,2,184,0,0,6,247,5,12,6,259,California
Colusa,2021-01-13,21,292,13,100,8,192,0,0,13,252,8,20,13,272,California
Colusa,2021-01-14,35,327,28,128,7,199,0,0,33,283,2,22,33,305,California
Colusa,2021-01-15,42,369,5,133,37,236,0,0,40,321,2,24,40,345,California
Colusa,2021-01-16,12,381,1,134,11,247,0,0,11,331,1,25,11,356,California
Colusa,2021-01-17,3,384,2,136,1,248,0,0,2,332,1,26,2,358,California
Colusa,2021-01-18,4,388,0,136,4,252,0,0,4,336,0,26,4,362,California
Colusa,2021-01-19,9,397,8,144,1,253,0,0,5,337,4,30,5,367,California
Colusa,2021-01-20,115,512,101,245,14,267,0,0,102,426,13,43,102,469,California
Colusa,2021-01-21,56,568,41,286,15,282,0,0,55,480,1,44,55,524,California
Colusa,2021-01-22,40,608,17,303,23,305,0,0,35,510,5,49,35,559,California
Colusa,2021-01-23,35,643,6,309,29,334,0,0,35,545,0,49,35,594,California
Colusa,2021-01-25,7,650,0,309,7,341,0,0,7,552,0,49,7,601,California
Colusa,2021-01-26,8,658,5,314,3,344,0,0,5,554,3,52,5,606,California
Colusa,2021-01-27,109,767,31,345,78,422,0,0,107,659,2,54,107,713,California
Colusa,2021-01-28,79,846,46,391,33,455,0,0,72,724,7,61,72,785,California
Colusa,2021-01-29,41,887,7,398,34,489,0,0,40,763,1,62,40,825,California
Colusa,2021-01-30,27,914,4,402,23,512,0,0,27,790,0,62,27,852,California
Colusa,2021-01-31,7,921,7,409,0,512,0,0,7,797,0,62,7,859,California
Colusa,2021-02-01,27,948,10,419,17,529,0,0,22,814,5,67,22,881,California
Colusa,2021-02-02,42,990,8,427,34,563,0,0,36,844,6,73,36,917,California
Colusa,2021-02-03,69,1059,10,437,59,622,0,0,59,893,10,83,59,976,California
Colusa,2021-02-04,143,1202,81,518,62,684,0,0,115,980,28,111,115,1091,California
Colusa,2021-02-05,32,1234,8,526,24,708,0,0,29,1006,3,114,29,1120,California
Colusa,2021-02-06,284,1518,8,534,276,984,0,0,273,1268,11,125,273,1393,California
Colusa,2021-02-07,2,1520,1,535,1,985,0,0,0,1266,2,127,0,1393,California
Colusa,2021-02-08,40,1560,5,540,35,1020,0,0,37,1300,3,130,37,1430,California
Colusa,2021-02-09,231,1791,14,554,217,1237,0,0,176,1421,55,185,176,1606,California
Colusa,2021-02-10,116,1907,41,595,75,1312,0,0,73,1451,43,228,73,1679,California
Colusa,2021-02-11,98,2005,36,631,62,1374,0,0,73,1499,25,253,73,1752,California
Colusa,2021-02-12,118,2123,9,640,109,1483,0,0,79,1538,40,293,79,1831,California
Colusa,2021-02-13,60,2183,8,648,52,1535,0,0,52,1582,8,301,52,1883,California
Colusa,2021-02-14,20,2203,8,656,12,1547,0,0,14,1590,6,307,14,1897,California
Colusa,2021-02-15,45,2248,10,666,35,1582,0,0,38,1621,7,314,38,1935,California
Colusa,2021-02-16,67,2315,4,670,63,1645,0,0,66,1686,1,315,66,2001,California
Colusa,2021-02-17,206,2521,143,813,63,1708,0,0,60,1600,146,461,60,2061,California
Colusa,2021-02-18,135,2656,35,848,100,1808,0,0,112,1689,23,484,112,2173,California
Colusa,2021-02-19,155,2811,19,867,136,1944,0,0,129,1792,26,510,129,2302,California
Colusa,2021-02-20,28,2839,6,873,22,1966,0,0,12,1788,16,526,12,2314,California
Colusa,2021-02-21,1,2840,1,874,0,1966,0,0,0,1787,1,527,0,2314,California
Colusa,2021-02-22,43,2883,26,900,17,1983,0,0,29,1802,14,541,29,2343,California
Colusa,2021-02-23,22,2905,6,906,16,1999,0,0,18,1816,4,545,18,2361,California
Colusa,2021-02-24,300,3205,54,960,246,2245,0,0,158,1832,142,687,158,2519,California
Colusa,2021-02-25,102,3307,55,1015,47,2292,0,0,66,1862,36,723,66,2585,California
Colusa,2021-02-26,99,3406,14,1029,85,2377,0,0,60,1883,39,762,60,2645,California
Colusa,2021-02-27,55,3461,4,1033,51,2428,0,0,40,1908,15,777,40,2685,California
Colusa,2021-02-28,26,3487,14,1047,12,2440,0,0,18,1918,8,785,18,2703,California
Colusa,2021-03-01,46,3533,15,1062,31,2471,0,0,29,1930,17,802,29,2732,California
Colusa,2021-03-02,49,3582,13,1075,36,2507,0,0,26,1933,23,825,26,2758,California
Colusa,2021-03-03,242,3824,43,1118,199,2706,0,0,185,2061,57,882,185,2943,California
Colusa,2021-03-04,137,3961,57,1175,80,2786,0,0,79,2082,58,940,79,3022,California
Colusa,2021-03-05,98,4059,25,1200,64,2850,9,9,53,2099,45,985,62,3084,California
Colusa,2021-03-06,274,4333,9,1209,265,3115,0,9,37,1899,237,1222,37,3121,California
Colusa,2021-03-07,8,4341,5,1214,3,3118,0,9,6,1903,2,1224,6,3127,California
Colusa,2021-03-08,89,4430,21,1235,33,3151,35,44,45,1939,44,1268,80,3207,California
Colusa,2021-03-09,274,4704,72,1307,179,3330,23,67,83,1854,191,1459,106,3313,California
Colusa,2021-03-10,289,4993,37,1344,216,3546,36,103,203,2007,86,1545,239,3552,California
Colusa,2021-03-11,420,5413,60,1404,339,3885,21,124,339,2284,81,1626,358,3910,California
Colusa,2021-03-12,109,5522,18,1422,78,3963,13,137,19,2226,90,1716,32,3942,California
Colusa,2021-03-13,61,5583,16,1438,36,3999,9,146,18,2210,43,1759,27,3969,California
Colusa,2021-03-14,20,5603,0,1438,18,4017,2,148,6,2205,13,1772,8,3977,California
Colusa,2021-03-15,69,5672,26,1464,35,4052,8,156,14,2172,55,1827,22,3999,California
Colusa,2021-03-16,296,5968,16,1480,234,4286,46,202,189,2300,107,1934,235,4234,California
Colusa,2021-03-17,195,6163,49,1529,146,4432,0,202,110,2325,85,2019,110,4344,California
Colusa,2021-03-18,324,6487,37,1566,216,4648,71,273,201,2474,123,2142,272,4616,California
Colusa,2021-03-19,78,6565,20,1586,56,4704,2,275,53,2504,25,2167,55,4671,California
Colusa,2021-03-20,49,6614,7,1593,41,4745,1,276,36,2528,13,2180,37,4708,California
Colusa,2021-03-21,6,6620,4,1597,2,4747,0,276,4,2530,2,2182,4,4712,California
Colusa,2021-03-22,62,6682,10,1607,43,4790,9,285,40,2557,22,2204,49,4761,California
Colusa,2021-03-23,81,6763,16,1623,63,4853,2,287,54,2586,27,2231,56,4817,California
Colusa,2021-03-24,337,7100,57,1680,274,5127,6,293,69,2392,268,2499,74,4891,California
Colusa,2021-03-25,109,7209,60,1740,44,5171,5,298,53,2394,56,2555,58,4949,California
Colusa,2021-03-26,298,7507,47,1787,247,5418,4,302,245,2590,53,2608,249,5198,California
Colusa,2021-03-27,63,7570,5,1792,58,5476,0,302,25,2577,38,2646,25,5223,California
Colusa,2021-03-28,16,7586,7,1799,9,5485,0,302,8,2577,8,2654,8,5231,California
Colusa,2021-03-29,71,7657,20,1819,45,5530,6,308,31,2574,40,2694,37,5268,California
Colusa,2021-03-30,147,7804,78,1897,67,5597,2,310,75,2579,72,2766,77,5345,California
Colusa,2021-03-31,234,8038,42,1939,192,5789,0,310,74,2494,159,2925,74,5419,California
Colusa,2021-04-01,428,8466,70,2009,304,6093,54,364,306,2732,121,3046,359,5778,California
Colusa,2021-04-02,81,8547,12,2021,55,6148,14,378,37,2739,44,3090,51,5829,California
Colusa,2021-04-03,61,8608,10,2031,28,6176,23,401,13,2727,48,3138,36,5865,California
Colusa,2021-04-04,18,8626,0,2031,8,6184,10,411,3,2725,15,3153,13,5878,California
Colusa,2021-04-05,96,8722,26,2057,55,6239,15,426,39,2722,57,3210,54,5932,California
Colusa,2021-04-06,128,8850,33,2090,45,6284,50,476,43,2730,85,3295,93,6025,California
Colusa,2021-04-07,355,9205,40,2130,292,6576,23,499,129,2657,226,3521,153,6178,California
Colusa,2021-04-08,428,9633,34,2164,367,6943,27,526,123,2505,302,3823,150,6328,California
Colusa,2021-04-09,76,9709,21,2185,32,6975,23,549,28,2508,48,3871,51,6379,California
Colusa,2021-04-10,44,9753,9,2194,15,6990,20,569,12,2508,32,3903,32,6411,California
Colusa,2021-04-11,16,9769,3,2197,11,7001,2,571,8,2510,8,3911,10,6421,California
Colusa,2021-04-12,31,9800,3,2200,28,7029,0,571,24,2527,7,3918,24,6445,California
Colusa,2021-04-13,277,10077,23,2223,254,7283,0,571,92,2435,184,4102,92,6537,California
Colusa,2021-04-14,95,10172,19,2242,76,7359,0,571,34,2408,61,4163,34,6571,California
Colusa,2021-04-15,323,10495,47,2289,276,7635,0,571,130,2345,193,4356,130,6701,California
Colusa,2021-04-16,80,10575,11,2300,69,7704,0,571,36,2338,43,4399,36,6737,California
Colusa,2021-04-17,53,10628,7,2307,46,7750,0,571,31,2347,22,4421,31,6768,California
Colusa,2021-04-18,9,10637,2,2309,7,7757,0,571,7,2352,2,4423,7,6775,California
Colusa,2021-04-19,61,10698,22,2331,39,7796,0,571,17,2325,44,4467,17,6792,California
Colusa,2021-04-20,176,10874,32,2363,144,7940,0,571,128,2405,48,4515,128,6920,California
Colusa,2021-04-21,170,11044,59,2422,111,8051,0,571,110,2455,60,4575,110,7030,California
Colusa,2021-04-22,418,11462,27,2449,390,8441,1,572,215,2468,202,4777,215,7245,California
Colusa,2021-04-23,91,11553,17,2466,74,8515,0,572,37,2451,54,4831,37,7282,California
Colusa,2021-04-24,237,11790,19,2485,217,8732,1,573,204,2623,33,4864,205,7487,California
Colusa,2021-04-25,12,11802,6,2491,6,8738,0,573,8,2627,4,4868,8,7495,California
Colusa,2021-04-26,23,11825,5,2496,17,8755,1,574,7,2619,15,4883,7,7502,California
Colusa,2021-04-27,94,11919,23,2519,67,8822,4,578,43,2615,51,4934,47,7549,California
Colusa,2021-04-28,188,12107,27,2546,158,8980,3,581,138,2707,49,4983,141,7690,California
Colusa,2021-04-29,317,12424,27,2573,286,9266,4,585,48,2492,267,5250,52,7742,California
Colusa,2021-04-30,65,12489,18,2591,47,9313,0,585,41,2509,24,5274,41,7783,California
Colusa,2021-05-01,19,12508,8,2599,8,9321,3,588,9,2511,10,5284,12,7795,California
Colusa,2021-05-02,3,12511,0,2599,2,9323,1,589,2,2513,1,5285,3,7798,California
Colusa,2021-05-03,21,12532,7,2606,14,9337,0,589,6,2504,15,5300,6,7804,California
Colusa,2021-05-04,86,12618,44,2650,41,9378,1,590,63,2545,23,5323,64,7868,California
Colusa,2021-05-05,67,12685,16,2666,50,9428,1,591,32,2543,35,5358,33,7901,California
Colusa,2021-05-06,253,12938,16,2682,235,9663,2,593,110,2512,143,5501,112,8013,California
Colusa,2021-05-07,67,13005,5,2687,58,9721,4,597,30,2509,37,5538,34,8047,California
Colusa,2021-05-08,18,13023,5,2692,13,9734,0,597,9,2509,9,5547,9,8056,California
Colusa,2021-05-09,13,13036,5,2697,5,9739,3,600,6,2511,7,5554,9,8065,California
Colusa,2021-05-10,16,13052,7,2704,9,9748,0,600,6,2507,10,5564,6,8071,California
Colusa,2021-05-11,93,13145,34,2738,59,9807,0,600,50,2514,43,5607,50,8121,California
Colusa,2021-05-12,74,13219,32,2770,37,9844,5,605,21,2487,53,5660,26,8147,California
Colusa,2021-05-13,221,13440,15,2785,205,10049,1,606,67,2401,154,5814,68,8215,California
Colusa,2021-05-14,43,13483,7,2792,33,10082,3,609,17,2395,26,5840,20,8235,California
Colusa,2021-05-15,15,13498,3,2795,10,10092,2,611,6,2394,9,5849,8,8243,California
Contra Costa,2020-12-15,18,18,18,18,0,0,0,0,18,18,0,0,18,18,California
Contra Costa,2020-12-16,521,539,521,539,0,0,0,0,521,539,0,0,521,539,California
Contra Costa,2020-12-17,909,1448,909,1448,0,0,0,0,909,1448,0,0,909,1448,California
Contra Costa,2020-12-18,1591,3039,1590,3038,1,1,0,0,1591,3039,0,0,1591,3039,California
Contra Costa,2020-12-19,1104,4143,1103,4141,1,2,0,0,1104,4143,0,0,1104,4143,California
Contra Costa,2020-12-20,584,4727,583,4724,1,3,0,0,584,4727,0,0,584,4727,California
Contra Costa,2020-12-21,1652,6379,1650,6374,2,5,0,0,1652,6379,0,0,1652,6379,California
Contra Costa,2020-12-22,1668,8047,1563,7937,105,110,0,0,1668,8047,0,0,1668,8047,California
Contra Costa,2020-12-23,1591,9638,1343,9280,248,358,0,0,1591,9638,0,0,1591,9638,California
Contra Costa,2020-12-24,656,10294,336,9616,320,678,0,0,656,10294,0,0,656,10294,California
Contra Costa,2020-12-25,39,10333,17,9633,22,700,0,0,39,10333,0,0,39,10333,California
Contra Costa,2020-12-26,642,10975,132,9765,510,1210,0,0,642,10975,0,0,642,10975,California
Contra Costa,2020-12-27,240,11215,87,9852,153,1363,0,0,240,11215,0,0,240,11215,California
Contra Costa,2020-12-28,1834,13049,863,10715,971,2334,0,0,1834,13049,0,0,1834,13049,California
Contra Costa,2020-12-29,1829,14878,823,11538,1006,3340,0,0,1829,14878,0,0,1829,14878,California
Contra Costa,2020-12-30,2391,17269,1213,12751,1178,4518,0,0,2390,17268,0,0,2390,17268,California
Contra Costa,2020-12-31,915,18184,308,13059,607,5125,0,0,914,18182,0,0,914,18182,California
Contra Costa,2021-01-01,61,18245,23,13082,38,5163,0,0,61,18243,0,0,61,18243,California
Contra Costa,2021-01-02,335,18580,173,13255,162,5325,0,0,335,18578,0,0,335,18578,California
Contra Costa,2021-01-03,175,18755,117,13372,58,5383,0,0,174,18752,0,0,174,18752,California
Contra Costa,2021-01-04,1904,20659,1250,14622,654,6037,0,0,1884,20618,18,18,1884,20636,California
Contra Costa,2021-01-05,2102,22761,1256,15878,846,6883,0,0,1843,22204,258,276,1844,22480,California
Contra Costa,2021-01-06,3279,26040,2247,18125,1032,7915,0,0,2519,23972,754,1030,2522,25002,California
Contra Costa,2021-01-07,3093,29133,2059,20184,1034,8949,0,0,1880,24642,1210,2240,1880,26882,California
Contra Costa,2021-01-08,3385,32518,2393,22577,992,9941,0,0,1823,24911,1557,3797,1826,28708,California
Contra Costa,2021-01-09,1585,34103,1134,23711,451,10392,0,0,748,24825,836,4633,750,29458,California
Contra Costa,2021-01-10,362,34465,286,23997,76,10468,0,0,153,24769,209,4842,153,29611,California
Contra Costa,2021-01-11,3836,38301,3144,27141,692,11160,0,0,2232,25400,1604,6446,2235,31846,California
Contra Costa,2021-01-12,3913,42214,2938,30079,975,12135,0,0,2586,26662,1327,7773,2589,34435,California
Contra Costa,2021-01-13,4727,46941,2936,33015,1791,13926,0,0,3783,29506,940,8713,3784,38219,California
Contra Costa,2021-01-14,4307,51248,1557,34572,2750,16676,0,0,3925,33049,382,9095,3925,42144,California
Contra Costa,2021-01-15,5335,56583,2459,37031,2876,19552,0,0,5012,37743,322,9417,5016,47160,California
Contra Costa,2021-01-16,1720,58303,555,37586,1165,20717,0,0,1645,39313,75,9492,1645,48805,California
Contra Costa,2021-01-17,1637,59940,975,38561,662,21379,0,0,1514,40707,123,9615,1517,50322,California
Contra Costa,2021-01-18,3202,63142,1261,39822,1941,23320,0,0,2578,42668,618,10233,2579,52901,California
Contra Costa,2021-01-19,7065,70207,3161,42983,3904,27224,0,0,6060,47731,1002,11235,6065,58966,California
Contra Costa,2021-01-20,6666,76873,4105,47088,2561,29785,0,0,5433,51940,1229,12464,5438,64404,California
Contra Costa,2021-01-21,6983,83856,3118,50206,3865,33650,0,0,6254,57478,724,13188,6262,70666,California
Contra Costa,2021-01-22,6373,90229,2708,52914,3665,37315,0,0,5515,62147,849,14037,5518,76184,California
Contra Costa,2021-01-23,2031,92260,363,53277,1668,38983,0,0,1773,63666,256,14293,1775,77959,California
Contra Costa,2021-01-24,1580,93840,217,53494,1363,40346,0,0,1435,64960,145,14438,1439,79398,California
Contra Costa,2021-01-25,6668,100508,3029,56523,3639,43985,0,0,5105,68507,1561,15999,5108,84506,California
Contra Costa,2021-01-26,8092,108600,4687,61210,3405,47390,0,0,6249,72926,1835,17834,6254,90760,California
Contra Costa,2021-01-27,8245,116845,5502,66712,2743,50133,0,0,6340,77446,1824,19658,6344,97104,California
Contra Costa,2021-01-28,7446,124291,4085,70797,3361,53494,0,0,5840,81690,1600,21258,5844,102948,California
Contra Costa,2021-01-29,7440,131731,3890,74687,3550,57044,0,0,6127,86510,1309,22567,6129,109077,California
Contra Costa,2021-01-30,2083,133814,598,75285,1485,58529,0,0,1717,87868,359,22926,1717,110794,California
Contra Costa,2021-01-31,698,134512,479,75764,219,58748,0,0,572,88317,123,23049,572,111366,California
Contra Costa,2021-02-01,5537,140049,3773,79537,1764,60512,0,0,3897,90583,1634,24683,3900,115266,California
Contra Costa,2021-02-02,7756,147805,5269,84806,2487,62999,0,0,5893,94616,1861,26544,5894,121160,California
Contra Costa,2021-02-03,8288,156093,5479,90285,2809,65808,0,0,5613,97568,2662,29206,5614,126774,California
Contra Costa,2021-02-04,7445,163538,3537,93822,3908,69716,0,0,5711,101552,1730,30936,5714,132488,California
Contra Costa,2021-02-05,8436,171974,4828,98650,3608,73324,0,0,5724,104571,2705,33641,5724,138212,California
Contra Costa,2021-02-06,3474,175448,2157,100807,1317,74641,0,0,2821,106741,652,34293,2822,141034,California
Contra Costa,2021-02-07,983,176431,712,101519,271,74912,0,0,605,106969,377,34670,605,141639,California
Contra Costa,2021-02-08,5830,182261,3453,104972,2377,77289,0,0,4348,109841,1477,36147,4349,145988,California
Contra Costa,2021-02-09,8666,190927,4780,109752,3886,81175,0,0,5771,112723,2890,39037,5772,151760,California
Contra Costa,2021-02-10,8633,199560,4648,114400,3985,85160,0,0,5355,114819,3263,42300,5359,157119,California
Contra Costa,2021-02-11,9313,208873,4218,118618,5095,90255,0,0,5262,116041,4045,46345,5267,162386,California
Contra Costa,2021-02-12,10074,218947,4617,123235,5457,95712,0,0,5452,116881,4615,50960,5455,167841,California
Contra Costa,2021-02-13,4880,223827,1368,124603,3512,99224,0,0,3400,118805,1477,52437,3401,171242,California
Contra Costa,2021-02-14,2091,225918,867,125470,1224,100448,0,0,1229,119174,860,53297,1229,172471,California
Contra Costa,2021-02-15,4458,230376,2469,127939,1989,102437,0,0,2338,119400,2113,55410,2339,174810,California
Contra Costa,2021-02-16,10418,240794,4910,132849,5508,107945,0,0,4644,118282,5766,61176,4648,179458,California
Contra Costa,2021-02-17,12290,253084,6144,138993,6146,114091,0,0,5635,117278,6640,67816,5636,185094,California
Contra Costa,2021-02-18,11478,264562,5975,144968,5503,119594,0,0,5327,116470,6137,73953,5329,190423,California
Contra Costa,2021-02-19,11409,275971,7110,152078,4299,123893,0,0,5177,115433,6215,80168,5178,195601,California
Contra Costa,2021-02-20,6449,282420,2897,154975,3552,127445,0,0,4568,118138,1865,82033,4570,200171,California
Contra Costa,2021-02-21,1813,284233,1264,156239,549,127994,0,0,1094,118514,718,82751,1094,201265,California
Contra Costa,2021-02-22,7547,291780,5105,161344,2442,130436,0,0,3465,117911,4070,86821,3467,204732,California
Contra Costa,2021-02-23,11919,303699,7262,168606,4657,135093,0,0,5933,117876,5972,92793,5937,210669,California
Contra Costa,2021-02-24,10492,314191,7684,176290,2808,137901,0,0,5044,117491,5431,98224,5046,215715,California
Contra Costa,2021-02-25,11480,325671,7221,183511,4259,142160,0,0,5215,116465,6245,104469,5219,220934,California
Contra Costa,2021-02-26,10710,336381,6756,190267,3954,146114,0,0,5308,116387,5387,109856,5309,226243,California
Contra Costa,2021-02-27,6625,343006,4211,194478,2414,148528,0,0,4110,117991,2507,112363,4111,230354,California
Contra Costa,2021-02-28,3794,346800,3122,197600,672,149200,0,0,3194,120590,596,112959,3195,233549,California
Contra Costa,2021-03-01,8110,354910,6085,203685,2020,151220,5,5,4974,122451,3120,116079,4981,238530,California
Contra Costa,2021-03-02,10158,365068,6332,210017,3825,155045,1,6,5260,122830,4882,120961,5261,243791,California
Contra Costa,2021-03-03,11187,376255,6989,217006,4197,159242,1,7,6268,124195,4905,125866,6270,250061,California
Contra Costa,2021-03-04,11889,388144,7104,224110,4785,164027,0,7,6161,124647,5709,131575,6161,256222,California
Contra Costa,2021-03-05,11243,399387,6672,230782,4565,168592,6,13,6405,126236,4822,136397,6411,262633,California
Contra Costa,2021-03-06,7304,406691,4016,234798,2978,171570,310,323,4722,128696,2570,138967,5030,267663,California
Contra Costa,2021-03-07,3658,410349,2291,237089,1306,172876,61,384,2983,131066,674,139641,3044,270707,California
Contra Costa,2021-03-08,8065,418414,3770,240859,3991,176867,304,688,5374,134068,2680,142321,5682,276389,California
Contra Costa,2021-03-09,10229,428643,5025,245884,4909,181776,295,983,5056,134254,5165,147486,5351,281740,California
Contra Costa,2021-03-10,12157,440800,5971,251855,4688,186464,1498,2481,5472,134543,6672,154158,6961,288701,California
Contra Costa,2021-03-11,12473,453273,6566,258421,5344,191808,563,3044,6363,135384,6086,160244,6927,295628,California
Contra Costa,2021-03-12,12554,465827,5155,263576,6853,198661,546,3590,6274,135937,6265,166509,6818,302446,California
Contra Costa,2021-03-13,7761,473588,3074,266650,4263,202924,424,4014,3076,134763,4668,171177,3494,305940,California
Contra Costa,2021-03-14,4352,477940,2548,269198,1319,204243,485,4499,2069,135041,2275,173452,2553,308493,California
Contra Costa,2021-03-15,9393,487333,5070,274268,3570,207813,753,5252,4753,135923,4623,178075,5505,313998,California
Contra Costa,2021-03-16,14258,501591,8468,282736,5393,213206,397,5649,7264,136611,6972,185047,7660,321658,California
Contra Costa,2021-03-17,14996,516587,10344,293080,4439,217645,213,5862,8579,139013,6396,191443,8798,330456,California
Contra Costa,2021-03-18,15373,531960,8546,301626,6347,223992,480,6342,8785,141718,6558,198001,9263,339719,California
Contra Costa,2021-03-19,15498,547458,8904,310530,5204,229196,1390,7732,8296,144220,7189,205190,9691,349410,California
Contra Costa,2021-03-20,10615,558073,6342,316872,3970,233166,303,8035,5241,144408,5357,210547,5545,354955,California
Contra Costa,2021-03-21,4445,562518,3891,320763,466,233632,88,8123,2084,144225,2354,212901,2171,357126,California
Contra Costa,2021-03-22,11534,574052,8692,329455,2593,236225,249,8372,7095,147141,4427,217328,7343,364469,California
Contra Costa,2021-03-23,15606,589658,10752,340207,4684,240909,170,8542,9498,150731,6080,223408,9670,374139,California
Contra Costa,2021-03-24,14981,604639,11679,351886,3090,243999,212,8754,9200,154396,5749,229157,9414,383553,California
Contra Costa,2021-03-25,15270,619909,11893,363779,3093,247092,284,9038,9427,158300,5806,234963,9710,393263,California
Contra Costa,2021-03-26,14929,634838,10697,374476,3837,250929,395,9433,8809,161404,6095,241058,9199,402462,California
Contra Costa,2021-03-27,10431,645269,6755,381231,3166,254095,510,9943,5764,163013,4658,245716,6267,408729,California
Contra Costa,2021-03-28,4129,649398,2925,384156,1152,255247,52,9995,1754,162455,2364,248080,1806,410535,California
Contra Costa,2021-03-29,10832,660230,8448,392604,2269,257516,115,10110,7070,165898,3744,251824,7187,417722,California
Contra Costa,2021-03-30,16725,676955,9125,401729,6249,263765,1351,11461,11027,172594,5683,257507,12379,430101,California
Contra Costa,2021-03-31,17948,694903,12555,414284,3953,267718,1440,12901,11521,179158,6393,263900,12957,443058,California
Contra Costa,2021-04-01,17512,712415,12258,426542,3884,271602,1370,14271,11416,185874,6074,269974,12790,455848,California
Contra Costa,2021-04-02,17400,729815,12837,439379,3557,275159,1006,15277,11560,192611,5829,275803,12566,468414,California
Contra Costa,2021-04-03,10751,740566,6410,445789,2805,277964,1536,16813,6159,195725,4579,280382,7693,476107,California
Contra Costa,2021-04-04,3324,743890,1315,447104,1415,279379,594,17407,890,194782,2427,282809,1484,477591,California
Contra Costa,2021-04-05,12043,755933,7855,454959,3213,282592,975,18382,6563,196853,5467,288276,7538,485129,California
Contra Costa,2021-04-06,17285,773218,11978,466937,3022,285614,2285,20667,9746,201364,7519,295795,12030,497159,California
Contra Costa,2021-04-07,18448,791666,12476,479413,3169,288783,2803,23470,10464,206703,7965,303760,13304,510463,California
Contra Costa,2021-04-08,18597,810263,12395,491808,3293,292076,2909,26379,9986,211001,8584,312344,12882,523345,California
Contra Costa,2021-04-09,18649,828912,11901,503709,4276,296352,2472,28851,9958,214763,8665,321009,12427,535772,California
Contra Costa,2021-04-10,10503,839415,3800,507509,2157,298509,4546,33397,3287,215382,7200,328209,7819,543591,California
Contra Costa,2021-04-11,3317,842732,1982,509491,681,299190,654,34051,1121,214966,2190,330399,1774,545365,California
Contra Costa,2021-04-12,11862,854594,7843,517334,2966,302156,1053,35104,5590,215355,6258,336657,6647,552012,California
Contra Costa,2021-04-13,17767,872361,10893,528227,6868,309024,6,35110,11861,221343,5885,342542,11873,563885,California
Contra Costa,2021-04-14,17542,889903,11009,539236,6532,315556,1,35111,9717,223259,7805,350347,9721,573606,California
Contra Costa,2021-04-15,17477,907380,10720,549956,6757,322313,0,35111,8104,222038,9344,359691,8123,581729,California
Contra Costa,2021-04-16,16833,924213,10503,560459,6328,328641,2,35113,7588,220411,9222,368913,7595,589324,California
Contra Costa,2021-04-17,11420,935633,6268,566727,5152,333793,0,35113,6139,221287,5269,374182,6145,595469,California
Contra Costa,2021-04-18,2730,938363,2110,568837,620,334413,0,35113,1774,222114,947,375129,1774,597243,California
Contra Costa,2021-04-19,11354,949717,8491,577328,2863,337276,0,35113,3563,217914,7765,382894,3565,600808,California
Contra Costa,2021-04-20,16615,966332,10795,588123,5820,343096,0,35113,6226,213789,10355,393249,6230,607038,California
Contra Costa,2021-04-21,17299,983631,14121,602244,3178,346274,0,35113,6153,208838,11112,404361,6161,613199,California
Contra Costa,2021-04-22,17142,1000773,13885,616129,3256,349530,1,35114,6073,203883,11038,415399,6083,619282,California
Contra Costa,2021-04-23,16955,1017728,13486,629615,3469,352999,0,35114,5480,197928,11443,426842,5488,624770,California
Contra Costa,2021-04-24,10893,1028621,8411,638026,2482,355481,0,35114,4169,195396,6705,433547,4173,628943,California
Contra Costa,2021-04-25,3225,1031846,2173,640199,1050,356531,2,35116,2034,196246,1189,434736,2039,630982,California
Contra Costa,2021-04-26,9788,1041634,8203,648402,1561,358092,24,35140,2875,192258,6897,441633,2909,633891,California
Contra Costa,2021-04-27,14431,1056065,10585,658987,3694,361786,152,35292,3872,185754,10538,452171,4034,637925,California
Contra Costa,2021-04-28,13829,1069894,10757,669744,2785,364571,287,35579,3461,179170,10336,462507,3752,641677,California
Contra Costa,2021-04-29,12994,1082888,10052,679796,2772,367343,170,35749,2826,172028,10143,472650,3001,644678,California
Contra Costa,2021-04-30,13637,1096525,10754,690550,2633,369976,250,35999,3093,164857,10518,483168,3347,648025,California
Contra Costa,2021-05-01,7992,1104517,5839,696389,1836,371812,317,36316,1908,161018,6065,489233,2226,650251,California
Contra Costa,2021-05-02,2323,1106840,1578,697967,666,372478,79,36395,989,160762,1324,490557,1068,651319,California
Contra Costa,2021-05-03,9102,1115942,8009,705976,918,373396,175,36570,1923,155701,7164,497721,2103,653422,California
Contra Costa,2021-05-04,14054,1129996,12127,718103,1600,374996,327,36897,2295,146587,11736,509457,2622,656044,California
Contra Costa,2021-05-05,12476,1142472,10757,728860,1519,376515,200,37097,2399,139138,10050,519507,2601,658645,California
Contra Costa,2021-05-06,10253,1152725,8527,737387,1400,377915,326,37423,1940,133123,8289,527796,2274,660919,California
Contra Costa,2021-05-07,9585,1162310,7700,745087,1661,379576,224,37647,2213,128218,7339,535135,2434,663353,California
Contra Costa,2021-05-08,5266,1167576,3962,749049,1137,380713,167,37814,1245,125630,4004,539139,1416,664769,California
Contra Costa,2021-05-09,2102,1169678,1774,750823,269,380982,59,37873,462,124518,1636,540775,524,665293,California
Contra Costa,2021-05-10,4917,1174595,3938,754761,761,381743,218,38091,1345,122529,3551,544326,1562,666855,California
Contra Costa,2021-05-11,8638,1183233,4489,759250,3922,385665,227,38318,1692,117527,6927,551253,1925,668780,California
Contra Costa,2021-05-12,8932,1192165,4520,763770,4164,389829,248,38566,1536,111944,7373,558626,1790,670570,California
Contra Costa,2021-05-13,11073,1203238,7283,771053,3617,393446,173,38739,3752,108574,7294,565920,3924,674494,California
Contra Costa,2021-05-14,10754,1213992,7017,778070,3501,396947,236,38975,4045,106165,6690,572610,4281,678775,California
Contra Costa,2021-05-15,7609,1221601,5474,783544,2054,399001,81,39056,3112,104874,4487,577097,3196,681971,California
Del Norte,2020-12-21,23,23,23,23,0,0,0,0,23,23,0,0,23,23,California
Del Norte,2020-12-22,45,68,45,68,0,0,0,0,45,68,0,0,45,68,California
Del Norte,2020-12-23,58,126,48,116,10,10,0,0,56,124,0,0,56,124,California
Del Norte,2020-12-28,34,160,34,150,0,10,0,0,34,158,0,0,34,158,California
Del Norte,2020-12-29,4,164,4,154,0,10,0,0,4,162,0,0,4,162,California
Del Norte,2020-12-30,67,231,55,209,12,22,0,0,68,230,0,0,68,230,California
Del Norte,2020-12-31,16,247,13,222,3,25,0,0,16,246,0,0,16,246,California
Del Norte,2021-01-04,102,349,49,271,53,78,0,0,102,348,0,0,102,348,California
Del Norte,2021-01-05,33,382,0,271,33,111,0,0,32,380,1,1,33,381,California
Del Norte,2021-01-06,77,459,18,289,59,170,0,0,77,457,0,1,77,458,California
Del Norte,2021-01-07,21,480,1,290,20,190,0,0,21,478,0,1,21,479,California
Del Norte,2021-01-08,78,558,7,297,71,261,0,0,78,556,0,1,78,557,California
Del Norte,2021-01-11,40,598,21,318,19,280,0,0,18,553,22,23,19,576,California
Del Norte,2021-01-12,50,648,31,349,19,299,0,0,30,563,20,43,30,606,California
Del Norte,2021-01-13,86,734,40,389,46,345,0,0,53,583,33,76,53,659,California
Del Norte,2021-01-14,52,786,14,403,38,383,0,0,46,623,6,82,46,705,California
Del Norte,2021-01-15,107,893,18,421,89,472,0,0,95,706,12,94,95,800,California
Del Norte,2021-01-17,1,894,1,422,0,472,0,0,1,707,0,94,1,801,California
Del Norte,2021-01-18,2,896,0,422,2,474,0,0,2,709,0,94,2,803,California
Del Norte,2021-01-19,119,1015,56,478,63,537,0,0,77,744,42,136,77,880,California
Del Norte,2021-01-20,159,1174,84,562,75,612,0,0,96,778,62,198,96,976,California
Del Norte,2021-01-21,43,1217,40,602,3,615,0,0,32,799,11,209,32,1008,California
Del Norte,2021-01-22,20,1237,17,619,3,618,0,0,13,805,7,216,13,1021,California
Del Norte,2021-01-23,1,1238,0,619,1,619,0,0,1,806,0,216,1,1022,California
Del Norte,2021-01-24,1,1239,0,619,1,620,0,0,1,807,0,216,1,1023,California
Del Norte,2021-01-25,100,1339,82,701,18,638,0,0,56,819,44,260,56,1079,California
Del Norte,2021-01-26,18,1357,11,712,7,645,0,0,7,815,11,271,7,1086,California
Del Norte,2021-01-27,64,1421,21,733,43,688,0,0,61,873,3,274,61,1147,California
Del Norte,2021-01-28,291,1712,20,753,271,959,0,0,286,1154,5,279,286,1433,California
Del Norte,2021-01-29,55,1767,21,774,34,993,0,0,44,1187,11,290,44,1477,California
Del Norte,2021-01-30,8,1775,1,775,7,1000,0,0,8,1195,0,290,8,1485,California
Del Norte,2021-02-01,41,1816,1,776,40,1040,0,0,26,1206,15,305,26,1511,California
Del Norte,2021-02-02,142,1958,34,810,108,1148,0,0,73,1211,68,373,73,1584,California
Del Norte,2021-02-03,126,2084,40,850,86,1234,0,0,71,1227,55,428,71,1655,California
Del Norte,2021-02-04,71,2155,29,879,42,1276,0,0,42,1240,29,457,42,1697,California
Del Norte,2021-02-05,184,2339,22,901,162,1438,0,0,119,1295,64,521,119,1816,California
Del Norte,2021-02-06,312,2651,6,907,306,1744,0,0,312,1607,0,521,312,2128,California
Del Norte,2021-02-07,2,2653,1,908,1,1745,0,0,2,1609,0,521,2,2130,California
Del Norte,2021-02-08,36,2689,1,909,35,1780,0,0,32,1637,4,525,32,2162,California
Del Norte,2021-02-09,8,2697,5,914,3,1783,0,0,2,1633,6,531,2,2164,California
Del Norte,2021-02-10,143,2840,20,934,123,1906,0,0,86,1663,56,587,86,2250,California
Del Norte,2021-02-11,177,3017,59,993,118,2024,0,0,64,1614,113,700,64,2314,California
Del Norte,2021-02-12,121,3138,14,1007,107,2131,0,0,67,1627,54,754,67,2381,California
Del Norte,2021-02-13,2,3140,1,1008,1,2132,0,0,2,1629,0,754,2,2383,California
Del Norte,2021-02-14,3,3143,1,1009,2,2134,0,0,2,1630,1,755,2,2385,California
Del Norte,2021-02-15,4,3147,0,1009,4,2138,0,0,2,1630,2,757,2,2387,California
Del Norte,2021-02-16,132,3279,1,1010,131,2269,0,0,13,1524,119,876,13,2400,California
Del Norte,2021-02-17,91,3370,20,1030,71,2340,0,0,24,1481,67,943,24,2424,California
Del Norte,2021-02-18,77,3447,24,1054,53,2393,0,0,51,1506,26,969,51,2475,California
Del Norte,2021-02-19,43,3490,17,1071,26,2419,0,0,33,1529,10,979,33,2508,California
Del Norte,2021-02-20,8,3498,5,1076,3,2422,0,0,6,1533,2,981,6,2514,California
Del Norte,2021-02-22,2,3500,0,1076,2,2424,0,0,2,1535,0,981,2,2516,California
Del Norte,2021-02-23,107,3607,89,1165,18,2442,0,0,31,1491,76,1057,32,2548,California
Del Norte,2021-02-24,152,3759,98,1263,54,2496,0,0,79,1497,73,1130,79,2627,California
Del Norte,2021-02-25,476,4235,131,1394,345,2841,0,0,213,1449,261,1391,213,2840,California
Del Norte,2021-02-26,213,4448,176,1570,37,2878,0,0,167,1570,46,1437,167,3007,California
Del Norte,2021-02-27,152,4600,145,1715,6,2884,1,1,141,1701,11,1448,142,3149,California
Del Norte,2021-02-28,4,4604,1,1716,3,2887,0,1,3,1703,1,1449,3,3152,California
Del Norte,2021-03-01,29,4633,2,1718,27,2914,0,1,4,1683,24,1473,4,3156,California
Del Norte,2021-03-02,220,4853,141,1859,79,2993,0,1,187,1837,33,1506,187,3343,California
Del Norte,2021-03-03,167,5020,99,1958,68,3061,0,1,126,1922,41,1547,126,3469,California
Del Norte,2021-03-04,120,5140,83,2041,37,3098,0,1,91,1985,28,1575,91,3560,California
Del Norte,2021-03-05,120,5260,10,2051,110,3208,0,1,72,2009,48,1623,72,3632,California
Del Norte,2021-03-06,465,5725,78,2129,338,3546,49,50,164,1879,301,1924,171,3803,California
Del Norte,2021-03-07,2,5727,1,2130,1,3547,0,50,1,1879,1,1925,1,3804,California
Del Norte,2021-03-08,28,5755,1,2131,25,3572,2,52,5,1863,23,1948,7,3811,California
Del Norte,2021-03-09,193,5948,112,2243,78,3650,3,55,182,2037,11,1959,185,3996,California
Del Norte,2021-03-10,233,6181,96,2339,109,3759,28,83,134,2100,99,2058,162,4158,California
Del Norte,2021-03-11,151,6332,55,2394,91,3850,5,88,103,2160,48,2106,108,4266,California
Del Norte,2021-03-12,178,6510,89,2483,89,3939,0,88,125,2232,53,2159,125,4391,California
Del Norte,2021-03-13,94,6604,93,2576,1,3940,0,88,91,2320,3,2162,91,4482,California
Del Norte,2021-03-14,1,6605,0,2576,1,3941,0,88,1,2320,1,2163,1,4483,California
Del Norte,2021-03-15,39,6644,0,2576,39,3980,0,88,35,2351,4,2167,35,4518,California
Del Norte,2021-03-16,281,6925,135,2711,146,4126,0,88,260,2590,21,2188,260,4778,California
Del Norte,2021-03-17,283,7208,95,2806,186,4312,2,90,169,2647,114,2302,171,4949,California
Del Norte,2021-03-18,285,7493,107,2913,175,4487,3,93,149,2664,135,2437,152,5101,California
Del Norte,2021-03-19,266,7759,159,3072,101,4588,6,99,91,2586,175,2612,97,5198,California
Del Norte,2021-03-20,157,7916,154,3226,3,4591,0,99,15,2459,142,2754,15,5213,California
Del Norte,2021-03-21,4,7920,2,3228,2,4593,0,99,2,2459,2,2756,2,5215,California
Del Norte,2021-03-22,43,7963,3,3231,39,4632,1,100,39,2496,3,2759,40,5255,California
Del Norte,2021-03-23,335,8298,164,3395,153,4785,18,118,165,2510,168,2927,182,5437,California
Del Norte,2021-03-24,397,8695,107,3502,249,5034,41,159,236,2626,161,3088,277,5714,California
Del Norte,2021-03-25,192,8887,89,3591,103,5137,0,159,84,2603,107,3195,84,5798,California
Del Norte,2021-03-26,232,9119,112,3703,120,5257,0,159,197,2765,35,3230,197,5995,California
Del Norte,2021-03-27,108,9227,87,3790,4,5261,17,176,17,2708,91,3321,34,6029,California
Del Norte,2021-03-28,4,9231,2,3792,2,5263,0,176,1,2706,3,3324,1,6030,California
Del Norte,2021-03-29,57,9288,6,3798,34,5297,17,193,32,2730,25,3349,49,6079,California
Del Norte,2021-03-30,339,9627,118,3916,210,5507,11,204,128,2658,211,3560,139,6218,California
Del Norte,2021-03-31,353,9980,100,4016,236,5743,17,221,198,2720,153,3713,215,6433,California
Del Norte,2021-04-01,164,10144,58,4074,72,5815,34,255,69,2729,94,3807,103,6536,California
Del Norte,2021-04-02,230,10374,78,4152,103,5918,49,304,47,2643,183,3990,97,6633,California
Del Norte,2021-04-03,108,10482,83,4235,2,5920,23,327,5,2569,102,4092,28,6661,California
Del Norte,2021-04-04,4,10486,0,4235,0,5920,4,331,0,2569,4,4096,4,6665,California
Del Norte,2021-04-05,47,10533,5,4240,38,5958,4,335,40,2606,7,4103,44,6709,California
Del Norte,2021-04-06,378,10911,119,4359,222,6180,37,372,145,2560,229,4332,183,6892,California
Del Norte,2021-04-07,436,11347,115,4474,260,6440,61,433,289,2764,146,4478,350,7242,California
Del Norte,2021-04-08,227,11574,54,4528,105,6545,68,501,105,2815,122,4600,173,7415,California
Del Norte,2021-04-09,205,11779,47,4575,81,6626,77,578,98,2882,106,4706,173,7588,California
Del Norte,2021-04-10,47,11826,26,4601,4,6630,17,595,27,2906,20,4726,44,7632,California
Del Norte,2021-04-11,12,11838,3,4604,2,6632,7,602,2,2905,10,4736,9,7641,California
Del Norte,2021-04-12,28,11866,1,4605,9,6641,18,620,1,2898,26,4762,19,7660,California
Del Norte,2021-04-13,298,12164,50,4655,248,6889,0,620,155,2910,143,4905,155,7815,California
Del Norte,2021-04-14,328,12492,23,4678,305,7194,0,620,138,2863,190,5095,143,7958,California
Del Norte,2021-04-15,164,12656,31,4709,133,7327,0,620,45,2790,119,5214,46,8004,California
Del Norte,2021-04-16,161,12817,40,4749,121,7448,0,620,59,2748,102,5316,60,8064,California
Del Norte,2021-04-17,102,12919,70,4819,32,7480,0,620,97,2840,5,5321,97,8161,California
Del Norte,2021-04-18,5,12924,4,4823,1,7481,0,620,4,2843,1,5322,4,8165,California
Del Norte,2021-04-19,50,12974,6,4829,44,7525,0,620,8,2809,42,5364,8,8173,California
Del Norte,2021-04-20,209,13183,40,4869,169,7694,0,620,74,2748,135,5499,74,8247,California
Del Norte,2021-04-21,288,13471,23,4892,265,7959,0,620,64,2591,224,5723,67,8314,California
Del Norte,2021-04-22,114,13585,15,4907,99,8058,0,620,62,2601,52,5775,62,8376,California
Del Norte,2021-04-23,152,13737,21,4928,131,8189,0,620,39,2528,112,5887,39,8415,California
Del Norte,2021-04-24,25,13762,14,4942,11,8200,0,620,20,2543,5,5892,20,8435,California
Del Norte,2021-04-25,2,13764,0,4942,2,8202,0,620,2,2545,0,5892,2,8437,California
Del Norte,2021-04-26,30,13794,0,4942,30,8232,0,620,8,2531,22,5914,8,8445,California
Del Norte,2021-04-27,181,13975,19,4961,157,8389,5,625,49,2453,132,6046,54,8499,California
Del Norte,2021-04-28,352,14327,101,5062,246,8635,5,630,63,2235,287,6333,69,8568,California
Del Norte,2021-04-29,92,14419,5,5067,83,8718,4,634,26,2199,66,6399,30,8598,California
Del Norte,2021-04-30,83,14502,6,5073,67,8785,10,644,44,2214,39,6438,54,8652,California
Del Norte,2021-05-01,8,14510,3,5076,5,8790,0,644,6,2218,2,6440,6,8658,California
Del Norte,2021-05-02,8,14518,0,5076,8,8798,0,644,8,2226,0,6440,8,8666,California
Del Norte,2021-05-03,40,14558,3,5079,34,8832,3,647,2,2194,37,6477,5,8671,California
Del Norte,2021-05-04,221,14779,36,5115,180,9012,5,652,47,2072,174,6651,52,8723,California
Del Norte,2021-05-05,231,15010,19,5134,204,9216,8,660,56,1961,175,6826,64,8787,California
Del Norte,2021-05-06,112,15122,24,5158,75,9291,13,673,27,1916,85,6911,40,8827,California
Del Norte,2021-05-07,151,15273,29,5187,118,9409,4,677,32,1833,119,7030,36,8863,California
Del Norte,2021-05-08,64,15337,55,5242,7,9416,2,679,7,1785,57,7087,9,8872,California
Del Norte,2021-05-09,9,15346,3,5245,3,9419,3,682,2,1783,7,7094,5,8877,California
Del Norte,2021-05-10,25,15371,3,5248,18,9437,4,686,15,1792,10,7104,19,8896,California
Del Norte,2021-05-11,168,15539,49,5297,117,9554,2,688,31,1688,137,7241,33,8929,California
Del Norte,2021-05-12,147,15686,23,5320,114,9668,10,698,26,1604,120,7361,36,8965,California
Del Norte,2021-05-13,54,15740,29,5349,25,9693,0,698,31,1612,23,7384,31,8996,California
Del Norte,2021-05-14,57,15797,23,5372,33,9726,1,699,27,1610,30,7414,28,9024,California
Del Norte,2021-05-15,4,15801,3,5375,1,9727,0,699,0,1606,4,7418,0,9024,California
El Dorado,2020-12-15,12,12,12,12,0,0,0,0,12,12,0,0,12,12,California
El Dorado,2020-12-16,40,52,40,52,0,0,0,0,40,52,0,0,40,52,California
El Dorado,2020-12-17,31,83,31,83,0,0,0,0,31,83,0,0,31,83,California
El Dorado,2020-12-18,236,319,236,319,0,0,0,0,236,319,0,0,236,319,California
El Dorado,2020-12-19,116,435,116,435,0,0,0,0,116,435,0,0,116,435,California
El Dorado,2020-12-20,85,520,85,520,0,0,0,0,85,520,0,0,85,520,California
El Dorado,2020-12-21,309,829,308,828,1,1,0,0,309,829,0,0,309,829,California
El Dorado,2020-12-22,238,1067,214,1042,24,25,0,0,238,1067,0,0,238,1067,California
El Dorado,2020-12-23,189,1256,140,1182,49,74,0,0,189,1256,0,0,189,1256,California
El Dorado,2020-12-24,87,1343,66,1248,21,95,0,0,87,1343,0,0,87,1343,California
El Dorado,2020-12-25,8,1351,8,1256,0,95,0,0,8,1351,0,0,8,1351,California
El Dorado,2020-12-26,44,1395,26,1282,18,113,0,0,44,1395,0,0,44,1395,California
El Dorado,2020-12-27,37,1432,33,1315,4,117,0,0,37,1432,0,0,37,1432,California
El Dorado,2020-12-28,215,1647,168,1483,47,164,0,0,215,1647,0,0,215,1647,California
El Dorado,2020-12-29,459,2106,142,1625,317,481,0,0,459,2106,0,0,459,2106,California
El Dorado,2020-12-30,506,2612,136,1761,370,851,0,0,506,2612,0,0,506,2612,California
El Dorado,2020-12-31,110,2722,70,1831,40,891,0,0,110,2722,0,0,110,2722,California
El Dorado,2021-01-01,7,2729,4,1835,3,894,0,0,7,2729,0,0,7,2729,California
El Dorado,2021-01-02,153,2882,141,1976,12,906,0,0,153,2882,0,0,153,2882,California
El Dorado,2021-01-03,92,2974,17,1993,75,981,0,0,92,2974,0,0,92,2974,California
El Dorado,2021-01-04,190,3164,62,2055,128,1109,0,0,190,3164,0,0,190,3164,California
El Dorado,2021-01-05,208,3372,51,2106,157,1266,0,0,192,3340,16,16,192,3356,California
El Dorado,2021-01-06,261,3633,189,2295,72,1338,0,0,197,3473,64,80,197,3553,California
El Dorado,2021-01-07,330,3963,136,2431,194,1532,0,0,259,3661,71,151,259,3812,California
El Dorado,2021-01-08,977,4940,502,2933,475,2007,0,0,774,4233,203,354,775,4587,California
El Dorado,2021-01-09,193,5133,156,3089,37,2044,0,0,125,4290,68,422,125,4712,California
El Dorado,2021-01-10,180,5313,129,3218,51,2095,0,0,110,4331,70,492,111,4823,California
El Dorado,2021-01-11,659,5972,293,3511,366,2461,0,0,459,4592,199,691,460,5283,California
El Dorado,2021-01-12,698,6670,423,3934,275,2736,0,0,449,4792,249,940,449,5732,California
El Dorado,2021-01-13,700,7370,296,4230,404,3140,0,0,539,5170,161,1101,539,6271,California
El Dorado,2021-01-14,694,8064,220,4450,474,3614,0,0,599,5674,95,1196,599,6870,California
El Dorado,2021-01-15,686,8750,185,4635,501,4115,0,0,614,6216,72,1268,614,7484,California
El Dorado,2021-01-16,173,8923,104,4739,69,4184,0,0,146,6335,27,1295,146,7630,California
El Dorado,2021-01-17,100,9023,47,4786,53,4237,0,0,83,6401,17,1312,83,7713,California
El Dorado,2021-01-18,423,9446,140,4926,283,4520,0,0,354,6686,69,1381,354,8067,California
El Dorado,2021-01-19,655,10101,355,5281,300,4820,0,0,505,7042,150,1531,506,8573,California
El Dorado,2021-01-20,1012,11113,687,5968,325,5145,0,0,901,7833,110,1641,901,9474,California
El Dorado,2021-01-21,1162,12275,576,6544,586,5731,0,0,954,8620,167,1808,954,10428,California
El Dorado,2021-01-22,1108,13383,713,7257,395,6126,0,0,1054,9621,53,1861,1054,11482,California
El Dorado,2021-01-23,738,14121,617,7874,121,6247,0,0,627,10137,111,1972,627,12109,California
El Dorado,2021-01-24,126,14247,76,7950,50,6297,0,0,107,10225,19,1991,107,12216,California
El Dorado,2021-01-25,612,14859,206,8156,406,6703,0,0,524,10661,88,2079,524,12740,California
El Dorado,2021-01-26,676,15535,366,8522,310,7013,0,0,572,11130,104,2183,573,13313,California
El Dorado,2021-01-27,987,16522,388,8910,599,7612,0,0,650,11442,338,2521,650,13963,California
El Dorado,2021-01-28,1107,17629,453,9363,654,8266,0,0,746,11827,361,2882,746,14709,California
El Dorado,2021-01-29,976,18605,490,9853,486,8752,0,0,746,12345,229,3111,747,15456,California
El Dorado,2021-01-30,611,19216,359,10212,252,9004,0,0,451,12636,160,3271,451,15907,California
El Dorado,2021-01-31,210,19426,189,10401,21,9025,0,0,181,12788,29,3300,181,16088,California
El Dorado,2021-02-01,796,20222,367,10768,429,9454,0,0,652,13296,144,3444,652,16740,California
El Dorado,2021-02-02,839,21061,368,11136,471,9925,0,0,675,13807,164,3608,675,17415,California
El Dorado,2021-02-03,900,21961,475,11611,425,10350,0,0,688,14283,212,3820,688,18103,California
El Dorado,2021-02-04,1267,23228,724,12335,543,10893,0,0,871,14759,395,4215,871,18974,California
El Dorado,2021-02-05,1484,24712,597,12932,887,11780,0,0,868,15046,581,4796,868,19842,California
El Dorado,2021-02-06,640,25352,335,13267,305,12085,0,0,530,15467,110,4906,531,20373,California
El Dorado,2021-02-07,258,25610,176,13443,82,12167,0,0,194,15597,64,4970,194,20567,California
El Dorado,2021-02-08,882,26492,417,13860,465,12632,0,0,608,15931,274,5244,608,21175,California
El Dorado,2021-02-09,912,27404,489,14349,423,13055,0,0,488,15995,424,5668,488,21663,California
El Dorado,2021-02-10,1257,28661,736,15085,521,13576,0,0,665,16069,591,6259,665,22328,California
El Dorado,2021-02-11,2154,30815,891,15976,1263,14839,0,0,960,15839,1191,7450,961,23289,California
El Dorado,2021-02-12,1573,32388,827,16803,746,15585,0,0,679,15626,893,8343,680,23969,California
El Dorado,2021-02-13,978,33366,668,17471,310,15895,0,0,434,15519,541,8884,434,24403,California
El Dorado,2021-02-14,486,33852,155,17626,331,16226,0,0,400,15833,86,8970,400,24803,California
El Dorado,2021-02-15,1182,35034,385,18011,797,17023,0,0,823,16300,359,9329,826,25629,California
El Dorado,2021-02-16,1204,36238,532,18543,672,17695,0,0,678,16454,525,9854,679,26308,California
El Dorado,2021-02-17,907,37145,376,18919,531,18226,0,0,419,16387,488,10342,421,26729,California
El Dorado,2021-02-18,2084,39229,1012,19931,1072,19298,0,0,1344,16992,739,11081,1344,28073,California
El Dorado,2021-02-19,1171,40400,604,20535,567,19865,0,0,649,17120,521,11602,649,28722,California
El Dorado,2021-02-20,924,41324,440,20975,484,20349,0,0,672,17546,246,11848,672,29394,California
El Dorado,2021-02-21,283,41607,226,21201,57,20406,0,0,99,17462,183,12031,99,29493,California
El Dorado,2021-02-22,870,42477,435,21636,435,20841,0,0,284,17161,585,12616,284,29777,California
El Dorado,2021-02-23,845,43322,473,22109,372,21213,0,0,348,17013,496,13112,348,30125,California
El Dorado,2021-02-24,1027,44349,438,22547,589,21802,0,0,428,16843,599,13711,429,30554,California
El Dorado,2021-02-25,1649,45998,898,23445,751,22553,0,0,716,16634,927,14638,718,31272,California
El Dorado,2021-02-26,2355,48353,1481,24926,874,23427,0,0,1589,17460,763,15401,1589,32861,California
El Dorado,2021-02-27,1661,50014,439,25365,1222,24649,0,0,1221,18244,437,15838,1221,34082,California
El Dorado,2021-02-28,591,50605,205,25570,386,25035,0,0,437,18528,154,15992,438,34520,California
El Dorado,2021-03-01,1138,51743,453,26023,684,25719,1,1,627,18648,508,16500,628,35148,California
El Dorado,2021-03-02,919,52662,266,26289,653,26372,0,1,480,18691,437,16937,480,35628,California
El Dorado,2021-03-03,1684,54346,462,26751,1222,27594,0,1,1151,19318,526,17463,1153,36781,California
El Dorado,2021-03-04,2513,56859,1550,28301,963,28557,0,1,1219,19246,1291,18754,1219,38000,California
El Dorado,2021-03-05,1578,58437,424,28725,1149,29706,5,6,1043,19765,529,19283,1048,39048,California
El Dorado,2021-03-06,738,59175,209,28934,494,30200,35,41,391,19844,347,19630,426,39474,California
El Dorado,2021-03-07,406,59581,198,29132,190,30390,18,59,242,19942,162,19792,260,39734,California
El Dorado,2021-03-08,1329,60910,366,29498,891,31281,72,131,859,20405,467,20259,930,40664,California
El Dorado,2021-03-09,982,61892,226,29724,689,31970,67,198,582,20670,384,20643,649,41313,California
El Dorado,2021-03-10,947,62839,343,30067,548,32518,56,254,546,20876,395,21038,601,41914,California
El Dorado,2021-03-11,3019,65858,1834,31901,1003,33521,182,436,1375,20807,1625,22663,1556,43470,California
El Dorado,2021-03-12,1779,67637,620,32521,913,34434,246,682,744,20779,1018,23681,990,44460,California
El Dorado,2021-03-13,1065,68702,344,32865,438,34872,283,965,374,20746,688,24369,655,45115,California
El Dorado,2021-03-14,794,69496,208,33073,474,35346,112,1077,280,20624,514,24883,392,45507,California
El Dorado,2021-03-15,1402,70898,303,33376,973,36319,126,1203,613,20579,785,25668,740,46247,California
El Dorado,2021-03-16,1215,72113,409,33785,662,36981,144,1347,571,20656,638,26306,715,46962,California
El Dorado,2021-03-17,1111,73224,350,34135,667,37648,94,1441,726,21091,385,26691,820,47782,California
El Dorado,2021-03-18,2996,76220,1772,35907,1179,38827,45,1486,1996,22140,992,27683,2041,49823,California
El Dorado,2021-03-19,1114,77334,363,36270,606,39433,145,1631,639,22449,475,28158,784,50607,California
El Dorado,2021-03-20,949,78283,270,36540,662,40095,17,1648,369,22267,568,28726,386,50993,California
El Dorado,2021-03-21,1025,79308,418,36958,602,40697,5,1653,935,23119,88,28814,940,51933,California
El Dorado,2021-03-22,1504,80812,489,37447,933,41630,82,1735,1193,24088,306,29120,1275,53208,California
El Dorado,2021-03-23,1142,81954,449,37896,601,42231,92,1827,731,24512,399,29519,823,54031,California
El Dorado,2021-03-24,1455,83409,621,38517,638,42869,196,2023,663,24607,764,30283,859,54890,California
El Dorado,2021-03-25,2507,85916,1683,40200,721,43590,103,2126,1383,24975,1118,31401,1486,56376,California
El Dorado,2021-03-26,1819,87735,697,40897,1012,44602,110,2236,947,25183,850,32251,1058,57434,California
El Dorado,2021-03-27,1315,89050,188,41085,1123,45725,4,2240,334,24546,975,33226,338,57772,California
El Dorado,2021-03-28,634,89684,182,41267,443,46168,9,2249,203,24332,427,33653,213,57985,California
El Dorado,2021-03-29,1316,91000,431,41698,869,47037,16,2265,827,24689,486,34139,843,58828,California
El Dorado,2021-03-30,1362,92362,411,42109,858,47895,93,2358,688,24802,666,34805,779,59607,California
El Dorado,2021-03-31,1558,93920,582,42691,913,48808,63,2421,700,24707,856,35661,761,60368,California
El Dorado,2021-04-01,3231,97151,1765,44456,1383,50191,83,2504,1534,24631,1695,37356,1619,61987,California
El Dorado,2021-04-02,1883,99034,561,45017,1227,51418,95,2599,749,24347,1128,38484,844,62831,California
El Dorado,2021-04-03,748,99782,294,45311,333,51751,121,2720,229,24179,517,39001,349,63180,California
El Dorado,2021-04-04,271,100053,85,45396,139,51890,47,2767,98,24152,172,39173,145,63325,California
El Dorado,2021-04-05,1417,101470,424,45820,899,52789,94,2861,587,24007,825,39998,680,64005,California
El Dorado,2021-04-06,1413,102883,523,46343,668,53457,222,3083,452,23721,958,40956,672,64677,California
El Dorado,2021-04-07,1577,104460,554,46897,576,54033,447,3530,556,23703,1018,41974,1000,65677,California
El Dorado,2021-04-08,2664,107124,1716,48613,713,54746,235,3765,1108,23497,1547,43521,1341,67018,California
El Dorado,2021-04-09,1422,108546,450,49063,752,55498,220,3985,568,23430,851,44372,784,67802,California
El Dorado,2021-04-10,818,109364,224,49287,484,55982,110,4095,472,23668,343,44715,581,68383,California
El Dorado,2021-04-11,703,110067,454,49741,233,56215,16,4111,208,23398,494,45209,224,68607,California
El Dorado,2021-04-12,1276,111343,498,50239,630,56845,148,4259,558,23392,711,45920,705,69312,California
El Dorado,2021-04-13,1118,112461,607,50846,511,57356,0,4259,511,23300,603,46523,511,69823,California
El Dorado,2021-04-14,1086,113547,459,51305,626,57982,1,4260,387,23002,686,47209,388,70211,California
El Dorado,2021-04-15,2494,116041,1673,52978,821,58803,0,4260,960,22432,1531,48740,961,71172,California
El Dorado,2021-04-16,1471,117512,519,53497,952,59755,0,4260,609,22184,858,49598,610,71782,California
El Dorado,2021-04-17,785,118297,200,53697,585,60340,0,4260,485,22372,297,49895,485,72267,California
El Dorado,2021-04-18,998,119295,88,53785,910,61250,0,4260,402,22179,595,50490,402,72669,California
El Dorado,2021-04-19,1712,121007,437,54222,1275,62525,0,4260,690,21853,1016,51506,690,73359,California
El Dorado,2021-04-20,1108,122115,358,54580,750,63275,0,4260,459,21668,644,52150,459,73818,California
El Dorado,2021-04-21,1151,123266,463,55043,684,63959,4,4264,586,21697,558,52708,587,74405,California
El Dorado,2021-04-22,2549,125815,1681,56724,868,64827,0,4264,1070,21289,1478,54186,1070,75475,California
El Dorado,2021-04-23,1403,127218,497,57221,906,65733,0,4264,715,21320,685,54871,716,76191,California
El Dorado,2021-04-24,964,128182,512,57733,452,66185,0,4264,733,21824,229,55100,733,76924,California
El Dorado,2021-04-25,651,128833,447,58180,204,66389,0,4264,463,22099,188,55288,463,77387,California
El Dorado,2021-04-26,1129,129962,447,58627,666,67055,16,4280,530,22047,598,55886,546,77933,California
El Dorado,2021-04-27,1047,131009,373,59000,646,67701,28,4308,471,21976,570,56456,499,78432,California
El Dorado,2021-04-28,1030,132039,346,59346,644,68345,40,4348,401,21789,628,57084,441,78873,California
El Dorado,2021-04-29,1931,133970,1306,60652,593,68938,32,4380,541,20975,1387,58471,573,79446,California
El Dorado,2021-04-30,2116,136086,1327,61979,748,69686,41,4421,1358,21628,745,59216,1398,80844,California
El Dorado,2021-05-01,615,136701,282,62261,306,69992,27,4448,277,21601,331,59547,304,81148,California
El Dorado,2021-05-02,298,136999,212,62473,57,70049,29,4477,101,21536,194,59741,129,81277,California
El Dorado,2021-05-03,820,137819,402,62875,368,70417,50,4527,275,21320,543,60284,327,81604,California
El Dorado,2021-05-04,877,138696,432,63307,387,70804,58,4585,309,21123,564,60848,367,81971,California
El Dorado,2021-05-05,872,139568,430,63737,369,71173,73,4658,414,21154,456,61304,487,82458,California
El Dorado,2021-05-06,1111,140679,481,64218,583,71756,47,4705,475,21040,632,61936,518,82976,California
El Dorado,2021-05-07,976,141655,371,64589,547,72303,58,4763,400,20921,576,62512,457,83433,California
El Dorado,2021-05-08,484,142139,147,64736,299,72602,38,4801,186,20849,296,62808,224,83657,California
El Dorado,2021-05-09,217,142356,78,64814,112,72714,27,4828,100,20860,116,62924,127,83784,California
El Dorado,2021-05-10,827,143183,274,65088,494,73208,59,4887,241,20582,576,63500,298,84082,California
El Dorado,2021-05-11,659,143842,286,65374,319,73527,54,4941,288,20557,368,63868,343,84425,California
El Dorado,2021-05-12,578,144420,315,65689,229,73756,34,4975,234,20482,344,64212,269,84694,California
El Dorado,2021-05-13,1071,145491,696,66385,338,74094,37,5012,342,20135,725,64937,378,85072,California
El Dorado,2021-05-14,847,146338,485,66870,295,74389,67,5079,324,20009,517,65454,391,85463,California
El Dorado,2021-05-15,252,146590,109,66979,99,74488,44,5123,106,20013,146,65600,150,85613,California
Fresno,2020-12-15,2,2,2,2,0,0,0,0,2,2,0,0,2,2,California
Fresno,2020-12-16,121,123,121,123,0,0,0,0,121,123,0,0,121,123,California
Fresno,2020-12-17,121,244,121,244,0,0,0,0,121,244,0,0,121,244,California
Fresno,2020-12-18,344,588,344,588,0,0,0,0,344,588,0,0,344,588,California
Fresno,2020-12-19,159,747,159,747,0,0,0,0,159,747,0,0,159,747,California
Fresno,2020-12-20,258,1005,256,1003,2,2,0,0,258,1005,0,0,258,1005,California
Fresno,2020-12-21,926,1931,925,1928,1,3,0,0,957,1962,0,0,957,1962,California
Fresno,2020-12-22,902,2833,873,2801,29,32,0,0,906,2868,0,0,906,2868,California
Fresno,2020-12-23,1087,3920,1046,3847,41,73,0,0,1088,3956,0,0,1088,3956,California
Fresno,2020-12-24,583,4503,563,4410,20,93,0,0,583,4539,0,0,583,4539,California
Fresno,2020-12-25,2,4505,1,4411,1,94,0,0,2,4541,0,0,2,4541,California
Fresno,2020-12-26,723,5228,714,5125,9,103,0,0,723,5264,0,0,723,5264,California
Fresno,2020-12-27,300,5528,204,5329,96,199,0,0,300,5564,0,0,300,5564,California
Fresno,2020-12-28,1065,6593,777,6106,288,487,0,0,1066,6630,0,0,1066,6630,California
Fresno,2020-12-29,1782,8375,1037,7143,745,1232,0,0,1780,8409,1,1,1780,8410,California
Fresno,2020-12-30,987,9362,479,7622,508,1740,0,0,987,9396,0,1,987,9397,California
Fresno,2020-12-31,899,10261,309,7931,590,2330,0,0,898,10294,0,1,898,10295,California
Fresno,2021-01-01,9,10270,3,7934,6,2336,0,0,9,10303,0,1,9,10304,California
Fresno,2021-01-02,1030,11300,717,8651,313,2649,0,0,1030,11333,0,1,1030,11334,California
Fresno,2021-01-03,153,11453,128,8779,25,2674,0,0,153,11486,0,1,153,11487,California
Fresno,2021-01-04,619,12072,376,9155,243,2917,0,0,619,12105,0,1,619,12106,California
Fresno,2021-01-05,779,12851,311,9466,468,3385,0,0,705,12736,74,75,705,12811,California
Fresno,2021-01-06,979,13830,346,9812,633,4018,0,0,807,13371,172,247,807,13618,California
Fresno,2021-01-07,1889,15719,916,10728,973,4991,0,0,1635,14755,254,501,1638,15256,California
Fresno,2021-01-08,1788,17507,614,11342,1174,6165,0,0,1424,15817,362,863,1424,16680,California
Fresno,2021-01-09,630,18137,388,11730,242,6407,0,0,355,15897,275,1138,355,17035,California
Fresno,2021-01-10,517,18654,487,12217,30,6437,0,0,204,15788,313,1451,204,17239,California
Fresno,2021-01-11,2206,20860,1798,14015,408,6845,0,0,1513,16611,693,2144,1516,18755,California
Fresno,2021-01-12,2529,23389,1830,15845,699,7544,0,0,1680,17442,851,2995,1682,20437,California
Fresno,2021-01-13,3538,26927,2421,18266,1117,8661,0,0,2680,19267,858,3853,2683,23120,California
Fresno,2021-01-14,4156,31083,2201,20467,1955,10616,0,0,3685,22482,470,4323,3685,26805,California
Fresno,2021-01-15,3651,34734,2530,22997,1121,11737,0,0,3294,25423,357,4680,3298,30103,California
Fresno,2021-01-16,3153,37887,2310,25307,843,12580,0,0,2688,27648,464,5144,2689,32792,California
Fresno,2021-01-17,979,38866,558,25865,421,13001,0,0,781,28231,198,5342,781,33573,California
Fresno,2021-01-18,3077,41943,2370,28235,707,13708,0,0,2411,29980,664,6006,2413,35986,California
Fresno,2021-01-19,4406,46349,2614,30849,1792,15500,0,0,3697,32972,709,6715,3701,39687,California
Fresno,2021-01-20,3022,49371,1211,32060,1811,17311,0,0,2698,35351,322,7037,2701,42388,California
Fresno,2021-01-21,4389,53760,2031,34091,2358,19669,0,0,4034,39058,333,7370,4040,46428,California
Fresno,2021-01-22,3314,57074,1348,35439,1966,21635,0,0,2919,41600,378,7748,2920,49348,California
Fresno,2021-01-23,3045,60119,1971,37410,1074,22709,0,0,2321,43205,723,8471,2328,51676,California
Fresno,2021-01-24,553,60672,373,37783,180,22889,0,0,348,43351,205,8676,351,52027,California
Fresno,2021-01-25,2346,63018,867,38650,1479,24368,0,0,1856,44721,490,9166,1860,53887,California
Fresno,2021-01-26,2023,65041,584,39234,1439,25807,0,0,1312,45325,709,9875,1313,55200,California
Fresno,2021-01-27,2284,67325,1166,40400,1118,26925,0,0,1753,46552,529,10404,1756,56956,California
Fresno,2021-01-28,4508,71833,3066,43466,1442,28367,0,0,3483,49017,1021,11425,3486,60442,California
Fresno,2021-01-29,1707,73540,983,44449,724,29091,0,0,1409,50132,295,11720,1410,61852,California
Fresno,2021-01-30,1453,74993,552,45001,901,29992,0,0,1035,50749,418,12138,1035,62887,California
Fresno,2021-01-31,227,75220,218,45219,9,30001,0,0,73,50668,154,12292,73,62960,California
Fresno,2021-02-01,3344,78564,1670,46889,1674,31675,0,0,1786,50915,1557,13849,1804,64764,California
Fresno,2021-02-02,2724,81288,554,47443,2170,33845,0,0,1581,51384,1128,14977,1597,66361,California
Fresno,2021-02-03,3551,84839,2099,49542,1452,35297,0,0,1533,50917,2001,16978,1534,67895,California
Fresno,2021-02-04,4199,89038,1898,51440,2301,37598,0,0,1931,50615,2238,19216,1936,69831,California
Fresno,2021-02-05,5337,94375,2725,54165,2612,40210,0,0,2309,49905,3023,22239,2313,72144,California
Fresno,2021-02-06,2937,97312,2048,56213,889,41099,0,0,977,48926,1957,24196,978,73122,California
Fresno,2021-02-07,470,97782,289,56502,181,41280,0,0,275,49007,194,24390,275,73397,California
Fresno,2021-02-08,4278,102060,2292,58794,1986,43266,0,0,1813,48388,2441,26831,1822,75219,California
Fresno,2021-02-09,5335,107395,2087,60881,3248,46514,0,0,3118,49373,2142,28973,3127,78346,California
Fresno,2021-02-10,3888,111283,1236,62117,2652,49166,0,0,1994,49541,1838,30811,2006,80352,California
Fresno,2021-02-11,6459,117742,2097,64214,4362,53528,0,0,3364,49831,3079,33890,3369,83721,California
Fresno,2021-02-12,5393,123135,1384,65598,4009,57537,0,0,2743,49951,2630,36520,2750,86471,California
Fresno,2021-02-13,3748,126883,1558,67156,2190,59727,0,0,2094,50409,1642,38162,2100,88571,California
Fresno,2021-02-14,1563,128446,283,67439,1280,61007,0,0,849,50546,714,38876,851,89422,California
Fresno,2021-02-15,2892,131338,272,67711,2620,63627,0,0,1787,51236,1101,39977,1791,91213,California
Fresno,2021-02-16,6699,138037,2407,70118,4292,67919,0,0,4254,53069,2427,42404,4260,95473,California
Fresno,2021-02-17,5345,143382,2457,72575,2888,70807,0,0,2986,53746,2314,44718,2991,98464,California
Fresno,2021-02-18,6866,150248,2905,75480,3961,74768,0,0,2572,52084,4244,48962,2582,101046,California
Fresno,2021-02-19,3842,154090,1104,76584,2738,77506,0,0,1835,51925,1997,50959,1838,102884,California
Fresno,2021-02-20,4540,158630,2502,79086,2038,79544,0,0,3059,53516,1474,52433,3065,105949,California
Fresno,2021-02-21,193,158823,174,79260,19,79563,0,0,130,53596,50,52483,130,106079,California
Fresno,2021-02-22,2235,161058,1005,80265,1230,80793,0,0,1226,53825,999,53482,1228,107307,California
Fresno,2021-02-23,3915,164973,1504,81769,2411,83204,0,0,3050,56023,854,54336,3052,110359,California
Fresno,2021-02-24,4192,169165,1501,83270,2691,85895,0,0,3440,58724,740,55076,3441,113800,California
Fresno,2021-02-25,7529,176694,2561,85831,4968,90863,0,0,6062,63389,1404,56480,6069,119869,California
Fresno,2021-02-26,8373,185067,3066,88897,5307,96170,0,0,7080,69207,1268,57748,7086,126955,California
Fresno,2021-02-27,6322,191389,2224,91121,4098,100268,0,0,5628,74156,680,58428,5629,132584,California
Fresno,2021-02-28,1653,193042,535,91656,1118,101386,0,0,1562,75641,78,58506,1563,134147,California
Fresno,2021-03-01,4954,197996,1315,92971,3639,105025,0,0,3637,77975,1307,59813,3641,137788,California
Fresno,2021-03-02,8686,206682,2325,95296,6361,111386,0,0,7312,83959,1350,61163,7334,145122,California
Fresno,2021-03-03,6893,213575,1692,96988,5200,116586,1,1,5879,88951,1002,62165,5994,151116,California
Fresno,2021-03-04,8665,222240,2556,99544,6109,122695,0,1,7130,94583,1506,63671,7138,158254,California
Fresno,2021-03-05,8081,230321,2718,102262,5361,128056,2,3,7052,100816,896,64567,7129,165383,California
Fresno,2021-03-06,6524,236845,3550,105812,2856,130912,118,121,5564,105549,953,65520,5686,171069,California
Fresno,2021-03-07,1484,238329,679,106491,769,131681,36,157,1254,106612,228,65748,1291,172360,California
Fresno,2021-03-08,5087,243416,2023,108514,2911,134592,153,310,3906,109510,1172,66920,4070,176430,California
Fresno,2021-03-09,7208,250624,2441,110955,4497,139089,270,580,4001,110627,3189,70109,4306,180736,California
Fresno,2021-03-10,6645,257269,2762,113717,3490,142579,393,973,5239,114872,1397,71506,5642,186378,California
Fresno,2021-03-11,11465,268734,4561,118278,6338,148917,566,1539,6216,116526,5204,76710,6858,193236,California
Fresno,2021-03-12,11772,280506,5030,123308,6289,155206,453,1992,8770,122906,2984,79694,9364,202600,California
Fresno,2021-03-13,8180,288686,3906,127214,3242,158448,1032,3024,3923,123697,4235,83929,5026,207626,California
Fresno,2021-03-14,1762,290448,472,127686,1000,159448,290,3314,662,123559,1089,85018,951,208577,California
Fresno,2021-03-15,7083,297531,3150,130836,3762,163210,171,3485,4917,126683,2150,87168,5274,213851,California
Fresno,2021-03-16,10103,307634,4431,135267,5277,168487,395,3880,6060,129223,4011,91179,6551,220402,California
Fresno,2021-03-17,8605,316239,3884,139151,4029,172516,692,4572,5823,133358,2761,93940,6896,227298,California
Fresno,2021-03-18,12279,328518,6580,145731,5067,177583,632,5204,8003,138191,4227,98167,9060,236358,California
Fresno,2021-03-19,10909,339427,5646,151377,4649,182232,614,5818,7402,143024,3478,101645,8311,244669,California
Fresno,2021-03-20,7391,346818,4427,155804,2652,184884,312,6130,4508,145262,2858,104503,5096,249765,California
Fresno,2021-03-21,1777,348595,1204,157008,203,185087,370,6500,961,145782,812,105315,1332,251097,California
Fresno,2021-03-22,5651,354246,2890,159898,2166,187253,595,7095,3850,148642,1785,107100,4645,255742,California
Fresno,2021-03-23,10536,364782,5242,165140,4801,192054,493,7588,6052,151152,4463,111563,6973,262715,California
Fresno,2021-03-24,8717,373499,3734,168874,4155,196209,828,8416,4838,153026,3844,115407,5718,268433,California
Fresno,2021-03-25,12070,385569,5579,174453,5708,201917,783,9199,6173,154210,5852,121259,7036,275469,California
Fresno,2021-03-26,12048,397617,5340,179793,6063,207980,645,9844,5276,153429,6721,127980,5940,281409,California
Fresno,2021-03-27,9379,406996,4138,183931,4158,212138,1083,10927,2934,151044,6408,134388,4023,285432,California
Fresno,2021-03-28,3378,410374,1293,185224,1397,213535,688,11615,1266,151171,2104,136492,2231,287663,California
Fresno,2021-03-29,5979,416353,1980,187204,3455,216990,544,12159,2886,151547,3068,139560,3444,291107,California
Fresno,2021-03-30,10801,427154,4220,191424,5694,222684,887,13046,4450,150559,6325,145885,5337,296444,California
Fresno,2021-03-31,9365,436519,3327,194751,5054,227738,984,14030,3803,149820,5523,151408,4784,301228,California
Fresno,2021-04-01,11735,448254,4090,198841,6784,234522,861,14891,3936,146882,7698,159106,4760,305988,California
Fresno,2021-04-02,11628,459882,4430,203271,6412,240934,786,15677,4214,144630,7261,166367,5009,310997,California
Fresno,2021-04-03,6241,466123,3398,206669,2590,243524,253,15930,2210,143120,4016,170383,2506,313503,California
Fresno,2021-04-04,1488,467611,534,207203,910,244434,44,15974,556,142796,924,171307,600,314103,California
Fresno,2021-04-05,8298,475909,4468,211671,3033,247467,797,16771,2529,140435,5754,177061,3393,317496,California
Fresno,2021-04-06,9562,485471,4019,215690,4369,251836,1174,17945,3616,139332,5910,182971,4807,322303,California
Fresno,2021-04-07,10322,495793,5313,221003,3819,255655,1190,19135,3565,137396,6718,189689,4782,327085,California
Fresno,2021-04-08,10827,506620,5130,226133,4552,260207,1145,20280,3513,134825,7271,196960,4700,331785,California
Fresno,2021-04-09,11096,517716,5299,231432,4421,264628,1376,21656,3622,132411,7435,204395,5021,336806,California
Fresno,2021-04-10,7871,525587,5159,236591,2191,266819,521,22177,3746,132563,4114,208509,4266,341072,California
Fresno,2021-04-11,1388,526975,929,237520,370,267189,89,22266,449,132168,934,209443,539,341611,California
Fresno,2021-04-12,7144,534119,3770,241290,2458,269647,916,23182,2327,130614,4796,214239,3242,344853,California
Fresno,2021-04-13,8913,543032,4241,245531,4602,274249,70,23252,3503,128903,5375,219614,3664,348517,California
Fresno,2021-04-14,9289,552321,5578,251109,3710,277959,1,23253,3730,127161,5519,225133,3777,352294,California
Fresno,2021-04-15,8112,560433,3914,255023,4195,282154,3,23256,3141,125362,4946,230079,3147,355441,California
Fresno,2021-04-16,9345,569778,4626,259649,4717,286871,2,23258,3893,123847,5415,235494,3900,359341,California
Fresno,2021-04-17,5570,575348,3729,263378,1840,288711,1,23259,2708,123713,2845,238339,2711,362052,California
Fresno,2021-04-18,1023,576371,557,263935,466,289177,0,23259,476,123646,543,238882,476,362528,California
Fresno,2021-04-19,5515,581886,3025,266960,2486,291663,4,23263,2262,122702,3213,242095,2269,364797,California
Fresno,2021-04-20,6830,588716,3322,270282,3500,295163,8,23271,2549,121002,4258,246353,2558,367355,California
Fresno,2021-04-21,6259,594975,3411,273693,2839,298002,9,23280,2574,119939,3649,250002,2586,369941,California
Fresno,2021-04-22,6327,601302,3139,276832,3187,301189,1,23281,2336,118340,3939,253941,2340,372281,California
Fresno,2021-04-23,7019,608321,3766,280598,3235,304424,18,23299,2719,116804,4261,258202,2725,375006,California
Fresno,2021-04-24,4155,612476,2482,283080,1673,306097,0,23299,1956,116575,2185,260387,1956,376962,California
Fresno,2021-04-25,1382,613858,567,283647,813,306910,2,23301,694,116586,684,261071,695,377657,California
Fresno,2021-04-26,3916,617774,1963,285610,1910,308820,43,23344,1658,116052,2233,263304,1699,379356,California
Fresno,2021-04-27,4518,622292,2286,287896,2122,310942,110,23454,1781,115226,2717,266021,1891,381247,California
Fresno,2021-04-28,4698,626990,2623,290519,1948,312890,127,23581,1920,114515,2758,268779,2047,383294,California
Fresno,2021-04-29,4718,631708,2645,293164,1941,314831,132,23713,1738,113434,2951,271730,1870,385164,California
Fresno,2021-04-30,5306,637014,3227,296391,1949,316780,130,23843,2097,112484,3176,274906,2226,387390,California
Fresno,2021-05-01,4179,641193,3466,299857,577,317357,136,23979,1212,110878,2953,277859,1347,388737,California
Fresno,2021-05-02,1241,642434,776,300633,414,317771,51,24030,600,110898,630,278489,650,389387,California
Fresno,2021-05-03,3976,646410,2675,303308,1116,318887,185,24215,1308,109745,2642,281131,1489,390876,California
Fresno,2021-05-04,4685,651095,2373,305681,2164,321051,148,24363,1515,108260,3150,284281,1665,392541,California
Fresno,2021-05-05,4759,655854,2834,308515,1700,322751,225,24588,1458,106658,3278,287559,1676,394217,California
Fresno,2021-05-06,3977,659831,2401,310916,1471,324222,105,24693,1336,105483,2616,290175,1441,395658,California
Fresno,2021-05-07,4931,664762,3235,314151,1536,325758,160,24853,1526,103783,3384,293559,1684,397342,California
Fresno,2021-05-08,3880,668642,2485,316636,1251,327009,144,24997,1168,102402,2694,296253,1313,398655,California
Fresno,2021-05-09,706,669348,375,317011,287,327296,44,25041,345,102435,355,296608,388,399043,California
Fresno,2021-05-10,2934,672282,1593,318604,1201,328497,140,25181,929,101506,1998,298606,1069,400112,California
Fresno,2021-05-11,3562,675844,1840,320444,1634,330131,88,25269,1114,100274,2435,301041,1203,401315,California
Fresno,2021-05-12,3457,679301,2112,322556,1201,331332,144,25413,1193,99371,2241,303282,1338,402653,California
Fresno,2021-05-13,3557,682858,1925,324481,1530,332862,102,25515,1568,99089,1952,305234,1670,404323,California
Fresno,2021-05-14,3558,686416,2001,326482,1390,334252,167,25682,1313,98344,2222,307456,1477,405800,California
Fresno,2021-05-15,1807,688223,1515,327997,190,334442,102,25784,863,98368,940,308396,964,406764,California
Glenn,2020-12-17,1,1,1,1,0,0,0,0,1,1,0,0,1,1,California
Glenn,2020-12-19,1,2,1,2,0,0,0,0,1,2,0,0,1,2,California
Glenn,2020-12-20,1,3,1,3,0,0,0,0,1,3,0,0,1,3,California
Glenn,2020-12-21,11,14,11,14,0,0,0,0,11,14,0,0,11,14,California
Glenn,2020-12-22,59,73,59,73,0,0,0,0,59,73,0,0,59,73,California
Glenn,2020-12-23,27,100,27,100,0,0,0,0,27,100,0,0,27,100,California
Glenn,2020-12-24,9,109,9,109,0,0,0,0,9,109,0,0,9,109,California
Glenn,2020-12-26,2,111,2,111,0,0,0,0,2,111,0,0,2,111,California
Glenn,2020-12-27,4,115,4,115,0,0,0,0,4,115,0,0,4,115,California
Glenn,2020-12-28,21,136,21,136,0,0,0,0,21,136,0,0,21,136,California
Glenn,2020-12-29,82,218,82,218,0,0,0,0,82,218,0,0,82,218,California
Glenn,2020-12-30,129,347,106,324,23,23,0,0,129,347,0,0,129,347,California
Glenn,2020-12-31,38,385,9,333,29,52,0,0,38,385,0,0,38,385,California
Glenn,2021-01-02,2,387,2,335,0,52,0,0,2,387,0,0,2,387,California
Glenn,2021-01-04,7,394,5,340,2,54,0,0,7,394,0,0,7,394,California
Glenn,2021-01-05,9,403,8,348,1,55,0,0,9,403,0,0,9,403,California
Glenn,2021-01-06,60,463,8,356,52,107,0,0,60,463,0,0,60,463,California
Glenn,2021-01-07,67,530,12,368,55,162,0,0,65,526,2,2,65,528,California
Glenn,2021-01-08,12,542,9,377,3,165,0,0,12,538,0,2,12,540,California
Glenn,2021-01-10,1,543,1,378,0,165,0,0,0,537,1,3,0,540,California
Glenn,2021-01-11,30,573,30,408,0,165,0,0,12,531,18,21,12,552,California
Glenn,2021-01-12,42,615,37,445,5,170,0,0,14,517,28,49,14,566,California
Glenn,2021-01-13,152,767,87,532,65,235,0,0,108,581,44,93,108,674,California
Glenn,2021-01-14,185,952,96,628,89,324,0,0,175,746,10,103,175,849,California
Glenn,2021-01-15,42,994,34,662,8,332,0,0,37,778,5,108,37,886,California
Glenn,2021-01-16,34,1028,14,676,20,352,0,0,24,792,10,118,24,910,California
Glenn,2021-01-17,4,1032,2,678,2,354,0,0,2,792,2,120,2,912,California
Glenn,2021-01-18,17,1049,16,694,1,355,0,0,9,793,8,128,9,921,California
Glenn,2021-01-19,31,1080,20,714,11,366,0,0,14,790,17,145,14,935,California
Glenn,2021-01-20,163,1243,94,808,69,435,0,0,82,791,81,226,82,1017,California
Glenn,2021-01-21,124,1367,98,906,26,461,0,0,30,727,94,320,30,1047,California
Glenn,2021-01-22,339,1706,65,971,274,735,0,0,332,1052,7,327,332,1379,California
Glenn,2021-01-23,14,1720,7,978,7,742,0,0,12,1062,2,329,12,1391,California
Glenn,2021-01-24,2,1722,2,980,0,742,0,0,2,1064,0,329,2,1393,California
Glenn,2021-01-25,27,1749,9,989,18,760,0,0,24,1085,3,332,24,1417,California
Glenn,2021-01-26,29,1778,13,1002,16,776,0,0,23,1102,6,338,23,1440,California
Glenn,2021-01-27,188,1966,13,1015,175,951,0,0,166,1246,22,360,166,1606,California
Glenn,2021-01-28,146,2112,8,1023,138,1089,0,0,116,1332,30,390,116,1722,California
Glenn,2021-01-29,296,2408,12,1035,284,1373,0,0,282,1600,14,404,282,2004,California
Glenn,2021-01-30,4,2412,0,1035,4,1377,0,0,4,1604,0,404,4,2008,California
Glenn,2021-01-31,1,2413,0,1035,1,1378,0,0,1,1605,0,404,1,2009,California
Glenn,2021-02-01,28,2441,10,1045,18,1396,0,0,16,1609,12,416,16,2025,California
Glenn,2021-02-02,28,2469,13,1058,15,1411,0,0,19,1619,9,425,19,2044,California
Glenn,2021-02-03,206,2675,57,1115,149,1560,0,0,111,1636,95,520,112,2156,California
Glenn,2021-02-04,150,2825,84,1199,66,1626,0,0,45,1576,105,625,45,2201,California
Glenn,2021-02-05,319,3144,24,1223,295,1921,0,0,299,1855,20,645,299,2500,California
Glenn,2021-02-06,14,3158,2,1225,12,1933,0,0,13,1867,1,646,13,2513,California
Glenn,2021-02-07,2,3160,2,1227,0,1933,0,0,2,1869,0,646,2,2515,California
Glenn,2021-02-08,21,3181,17,1244,4,1937,0,0,4,1856,17,663,4,2519,California
Glenn,2021-02-09,49,3230,20,1264,29,1966,0,0,36,1879,13,676,36,2555,California
Glenn,2021-02-10,139,3369,19,1283,120,2086,0,0,65,1870,74,750,65,2620,California
Glenn,2021-02-11,233,3602,133,1416,100,2186,0,0,150,1937,83,833,150,2770,California
Glenn,2021-02-12,420,4022,99,1515,321,2507,0,0,354,2225,66,899,354,3124,California
Glenn,2021-02-13,34,4056,7,1522,27,2534,0,0,16,2223,18,917,16,3140,California
Glenn,2021-02-14,1,4057,0,1522,1,2535,0,0,1,2224,0,917,1,3141,California
Glenn,2021-02-15,8,4065,0,1522,8,2543,0,0,8,2232,0,917,8,3149,California
Glenn,2021-02-16,39,4104,9,1531,30,2573,0,0,21,2235,18,935,21,3170,California
Glenn,2021-02-17,380,4484,14,1545,366,2939,0,0,302,2459,78,1013,302,3472,California
Glenn,2021-02-18,135,4619,100,1645,35,2974,0,0,111,2546,24,1037,111,3583,California
Glenn,2021-02-19,303,4922,17,1662,286,3260,0,0,29,2301,274,1311,29,3612,California
Glenn,2021-02-20,8,4930,0,1662,8,3268,0,0,0,2293,8,1319,0,3612,California
Glenn,2021-02-22,33,4963,14,1676,19,3287,0,0,17,2294,16,1335,17,3629,California
Glenn,2021-02-23,40,5003,10,1686,30,3317,0,0,28,2310,12,1347,28,3657,California
Glenn,2021-02-24,229,5232,23,1709,206,3523,0,0,47,2175,182,1529,47,3704,California
Glenn,2021-02-25,262,5494,148,1857,114,3637,0,0,118,2157,136,1665,118,3822,California
Glenn,2021-02-26,304,5798,24,1881,280,3917,0,0,20,1894,283,1948,20,3842,California
Glenn,2021-02-27,15,5813,5,1886,10,3927,0,0,5,1890,9,1957,5,3847,California
Glenn,2021-02-28,6,5819,3,1889,3,3930,0,0,3,1891,2,1959,3,3850,California
Glenn,2021-03-01,28,5847,6,1895,22,3952,0,0,12,1887,16,1975,12,3862,California
Glenn,2021-03-02,35,5882,7,1902,28,3980,0,0,17,1886,18,1993,17,3879,California
Glenn,2021-03-03,192,6074,37,1939,155,4135,0,0,101,1898,89,2082,101,3980,California
Glenn,2021-03-04,521,6595,175,2114,346,4481,0,0,375,2127,146,2228,375,4355,California
Glenn,2021-03-05,356,6951,48,2162,308,4789,0,0,35,1841,321,2549,35,4390,California
Glenn,2021-03-06,26,6977,3,2165,22,4811,1,1,9,1834,17,2566,10,4400,California
Glenn,2021-03-07,5,6982,0,2165,5,4816,0,1,3,1836,1,2567,3,4403,California
Glenn,2021-03-08,20,7002,2,2167,17,4833,1,2,18,1853,2,2569,19,4422,California
Glenn,2021-03-09,82,7084,11,2178,68,4901,3,5,54,1881,28,2597,56,4478,California
Glenn,2021-03-10,172,7256,69,2247,101,5002,2,7,95,1901,77,2674,97,4575,California
Glenn,2021-03-11,584,7840,170,2417,391,5393,23,30,454,2248,130,2804,477,5052,California
Glenn,2021-03-12,418,8258,14,2431,342,5735,62,92,41,1974,377,3181,103,5155,California
Glenn,2021-03-13,12,8270,1,2432,3,5738,8,100,1,1972,11,3192,9,5164,California
Glenn,2021-03-14,3,8273,1,2433,2,5740,0,100,2,1973,1,3193,2,5166,California
Glenn,2021-03-15,75,8348,15,2448,55,5795,5,105,60,2023,15,3208,65,5231,California
Glenn,2021-03-16,107,8455,33,2481,63,5858,11,116,66,2059,41,3249,77,5308,California
Glenn,2021-03-17,416,8871,97,2578,312,6170,7,123,115,1878,301,3550,120,5428,California
Glenn,2021-03-18,521,9392,215,2793,50,6220,256,379,145,1902,376,3926,400,5828,California
Glenn,2021-03-19,92,9484,16,2809,70,6290,6,385,71,1959,20,3946,77,5905,California
Glenn,2021-03-20,121,9605,1,2810,119,6409,1,386,119,2077,2,3948,120,6025,California
Glenn,2021-03-21,6,9611,5,2815,0,6409,1,387,3,2079,2,3950,4,6029,California
Glenn,2021-03-22,117,9728,54,2869,55,6464,8,395,97,2166,18,3968,105,6134,California
Glenn,2021-03-23,173,9901,66,2935,56,6520,51,446,100,2245,72,4040,151,6285,California
Glenn,2021-03-24,205,10106,99,3034,101,6621,5,451,133,2312,71,4111,138,6423,California
Glenn,2021-03-25,458,10564,229,3263,135,6756,94,545,330,2609,127,4238,424,6847,California
Glenn,2021-03-26,229,10793,37,3300,156,6912,36,581,178,2772,51,4289,214,7061,California
Glenn,2021-03-27,151,10944,22,3322,124,7036,5,586,141,2908,10,4299,146,7207,California
Glenn,2021-03-28,15,10959,10,3332,5,7041,0,586,10,2913,5,4304,10,7217,California
Glenn,2021-03-29,60,11019,20,3352,37,7078,3,589,46,2948,14,4318,49,7266,California
Glenn,2021-03-30,74,11093,42,3394,31,7109,1,590,42,2961,30,4348,43,7309,California
Glenn,2021-03-31,125,11218,35,3429,89,7198,1,591,54,2946,70,4418,55,7364,California
Glenn,2021-04-01,646,11864,188,3617,449,7647,9,600,234,2779,410,4828,243,7607,California
Glenn,2021-04-02,159,12023,25,3642,122,7769,12,612,123,2878,36,4864,135,7742,California
Glenn,2021-04-03,91,12114,4,3646,80,7849,7,619,80,2954,11,4875,87,7829,California
Glenn,2021-04-04,8,12122,3,3649,3,7852,2,621,4,2956,4,4879,6,7835,California
Glenn,2021-04-05,65,12187,25,3674,27,7879,13,634,28,2960,37,4916,41,7876,California
Glenn,2021-04-06,144,12331,52,3726,53,7932,39,673,38,2931,105,5021,76,7952,California
Glenn,2021-04-07,159,12490,46,3772,59,7991,54,727,73,2972,86,5107,127,8079,California
Glenn,2021-04-08,641,13131,189,3961,418,8409,34,761,139,2645,500,5607,173,8252,California
Glenn,2021-04-09,157,13288,57,4018,84,8493,16,777,101,2706,56,5663,117,8369,California
Glenn,2021-04-10,73,13361,1,4019,61,8554,11,788,61,2766,12,5675,72,8441,California
Glenn,2021-04-11,17,13378,8,4027,4,8558,5,793,7,2768,10,5685,12,8453,California
Glenn,2021-04-12,114,13492,25,4052,60,8618,29,822,20,2723,94,5779,49,8502,California
Glenn,2021-04-13,118,13610,63,4115,55,8673,0,822,31,2668,86,5865,31,8533,California
Glenn,2021-04-14,123,13733,47,4162,76,8749,0,822,69,2683,54,5919,69,8602,California
Glenn,2021-04-15,361,14094,275,4437,86,8835,0,822,124,2570,237,6156,124,8726,California
Glenn,2021-04-16,164,14258,40,4477,124,8959,0,822,78,2562,86,6242,78,8804,California
Glenn,2021-04-17,166,14424,18,4495,148,9107,0,822,36,2475,123,6365,36,8840,California
Glenn,2021-04-18,16,14440,3,4498,13,9120,0,822,13,2485,3,6368,13,8853,California
Glenn,2021-04-19,82,14522,17,4515,65,9185,0,822,27,2458,54,6422,27,8880,California
Glenn,2021-04-20,125,14647,81,4596,44,9229,0,822,56,2445,69,6491,56,8936,California
Glenn,2021-04-21,412,15059,309,4905,103,9332,0,822,286,2605,126,6617,286,9222,California
Glenn,2021-04-22,208,15267,48,4953,160,9492,0,822,43,2484,164,6781,43,9265,California
Glenn,2021-04-23,178,15445,24,4977,154,9646,0,822,48,2403,129,6910,48,9313,California
Glenn,2021-04-24,179,15624,32,5009,147,9793,0,822,44,2312,135,7045,44,9357,California
Glenn,2021-04-25,28,15652,16,5025,12,9805,0,822,21,2326,7,7052,21,9378,California
Glenn,2021-04-26,46,15698,11,5036,35,9840,0,822,19,2318,27,7079,19,9397,California
Glenn,2021-04-27,58,15756,45,5081,8,9848,5,827,28,2321,29,7108,32,9429,California
Glenn,2021-04-28,255,16011,177,5258,67,9915,11,838,127,2331,128,7236,138,9567,California
Glenn,2021-04-29,181,16192,22,5280,157,10072,2,840,43,2238,138,7374,45,9612,California
Glenn,2021-04-30,156,16348,35,5315,119,10191,2,842,46,2176,110,7484,48,9660,California
Glenn,2021-05-01,108,16456,13,5328,94,10285,1,843,30,2129,78,7562,31,9691,California
Glenn,2021-05-02,30,16486,12,5340,9,10294,9,852,15,2138,15,7577,24,9715,California
Glenn,2021-05-03,36,16522,23,5363,12,10306,1,853,14,2131,22,7599,15,9730,California
Glenn,2021-05-04,57,16579,33,5396,19,10325,5,858,28,2135,29,7628,33,9763,California
Glenn,2021-05-05,122,16701,35,5431,77,10402,10,868,51,2125,71,7699,61,9824,California
Glenn,2021-05-06,106,16807,41,5472,60,10462,5,873,40,2104,66,7765,45,9869,California
Glenn,2021-05-07,120,16927,33,5505,78,10540,9,882,31,2056,88,7853,40,9909,California
Glenn,2021-05-08,66,16993,12,5517,50,10590,4,886,21,2037,44,7897,25,9934,California
Glenn,2021-05-09,17,17010,11,5528,6,10596,0,886,13,2046,4,7901,13,9947,California
Glenn,2021-05-10,36,17046,15,5543,16,10612,5,891,15,2045,21,7922,20,9967,California
Glenn,2021-05-11,76,17122,53,5596,14,10626,9,900,16,2010,60,7982,25,9992,California
Glenn,2021-05-12,327,17449,245,5841,68,10694,14,914,46,1789,281,8263,60,10052,California
Glenn,2021-05-13,122,17571,31,5872,73,10767,18,932,39,1763,83,8346,57,10109,California
Glenn,2021-05-14,82,17653,9,5881,72,10839,1,933,30,1743,51,8397,31,10140,California
Glenn,2021-05-15,31,17684,5,5886,24,10863,2,935,13,1740,17,8414,14,10154,California
Humboldt,2020-12-15,2,2,2,2,0,0,0,0,2,2,0,0,2,2,California
Humboldt,2020-12-16,15,17,15,17,0,0,0,0,15,17,0,0,15,17,California
Humboldt,2020-12-17,117,134,117,134,0,0,0,0,117,134,0,0,117,134,California
Humboldt,2020-12-18,177,311,177,311,0,0,0,0,177,311,0,0,177,311,California
Humboldt,2020-12-19,10,321,10,321,0,0,0,0,10,321,0,0,10,321,California
Humboldt,2020-12-20,28,349,28,349,0,0,0,0,28,349,0,0,28,349,California
Humboldt,2020-12-21,166,515,166,515,0,0,0,0,166,515,0,0,166,515,California
Humboldt,2020-12-22,297,812,297,812,0,0,0,0,297,812,0,0,297,812,California
Humboldt,2020-12-23,310,1122,262,1074,48,48,0,0,312,1124,0,0,312,1124,California
Humboldt,2020-12-24,25,1147,2,1076,23,71,0,0,25,1149,0,0,25,1149,California
Humboldt,2020-12-25,2,1149,2,1078,0,71,0,0,2,1151,0,0,2,1151,California
Humboldt,2020-12-26,6,1155,5,1083,1,72,0,0,6,1157,0,0,6,1157,California
Humboldt,2020-12-28,157,1312,145,1228,12,84,0,0,157,1314,0,0,157,1314,California
Humboldt,2020-12-29,171,1483,124,1352,47,131,0,0,171,1485,0,0,171,1485,California
Humboldt,2020-12-30,224,1707,124,1476,100,231,0,0,224,1709,0,0,224,1709,California
Humboldt,2020-12-31,242,1949,79,1555,163,394,0,0,242,1951,0,0,242,1951,California
Humboldt,2021-01-01,2,1951,1,1556,1,395,0,0,2,1953,0,0,2,1953,California
Humboldt,2021-01-02,38,1989,1,1557,37,432,0,0,38,1991,0,0,38,1991,California
Humboldt,2021-01-04,217,2206,142,1699,75,507,0,0,219,2210,0,0,219,2210,California
Humboldt,2021-01-05,130,2336,18,1717,112,619,0,0,129,2338,1,1,129,2339,California
Humboldt,2021-01-06,302,2638,204,1921,98,717,0,0,229,2506,61,62,229,2568,California
Humboldt,2021-01-07,423,3061,311,2232,112,829,0,0,309,2716,99,161,309,2877,California
Humboldt,2021-01-08,420,3481,281,2513,139,968,0,0,285,2870,131,292,285,3162,California
Humboldt,2021-01-09,69,3550,45,2558,24,992,0,0,66,2934,3,295,67,3229,California
Humboldt,2021-01-10,84,3634,84,2642,0,992,0,0,4,2858,80,375,4,3233,California
Humboldt,2021-01-11,289,3923,278,2920,11,1003,0,0,72,2717,213,588,72,3305,California
Humboldt,2021-01-12,483,4406,320,3240,163,1166,0,0,299,2854,162,750,299,3604,California
Humboldt,2021-01-13,492,4898,277,3517,215,1381,0,0,315,2996,174,924,316,3920,California
Humboldt,2021-01-14,522,5420,164,3681,358,1739,0,0,466,3407,56,980,467,4387,California
Humboldt,2021-01-15,375,5795,39,3720,336,2075,0,0,358,3748,17,997,358,4745,California
Humboldt,2021-01-16,170,5965,6,3726,164,2239,0,0,169,3916,1,998,169,4914,California
Humboldt,2021-01-17,6,5971,4,3730,2,2241,0,0,6,3922,0,998,6,4920,California
Humboldt,2021-01-18,294,6265,259,3989,35,2276,0,0,144,3916,150,1148,144,5064,California
Humboldt,2021-01-19,625,6890,372,4361,253,2529,0,0,498,4293,121,1269,498,5562,California
Humboldt,2021-01-20,917,7807,406,4767,511,3040,0,0,768,4922,141,1410,770,6332,California
Humboldt,2021-01-21,959,8766,261,5028,698,3738,0,0,917,5797,42,1452,917,7249,California
Humboldt,2021-01-22,676,9442,376,5404,300,4038,0,0,667,6456,9,1461,668,7917,California
Humboldt,2021-01-23,814,10256,272,5676,542,4580,0,0,805,7253,9,1470,806,8723,California
Humboldt,2021-01-24,227,10483,1,5677,226,4806,0,0,226,7478,1,1471,226,8949,California
Humboldt,2021-01-25,305,10788,233,5910,72,4878,0,0,149,7471,156,1627,149,9098,California
Humboldt,2021-01-26,525,11313,141,6051,384,5262,0,0,475,7896,50,1677,475,9573,California
Humboldt,2021-01-27,1260,12573,587,6638,673,5935,0,0,1194,9033,59,1736,1196,10769,California
Humboldt,2021-01-28,1457,14030,634,7272,823,6758,0,0,1320,10221,134,1870,1322,12091,California
Humboldt,2021-01-29,1131,15161,546,7818,585,7343,0,0,703,10497,428,2298,704,12795,California
Humboldt,2021-01-30,974,16135,457,8275,517,7860,0,0,961,11446,13,2311,962,13757,California
Humboldt,2021-01-31,313,16448,312,8587,1,7861,0,0,312,11757,1,2312,312,14069,California
Humboldt,2021-02-01,333,16781,192,8779,141,8002,0,0,187,11799,145,2457,187,14256,California
Humboldt,2021-02-02,444,17225,74,8853,370,8372,0,0,339,12038,102,2559,341,14597,California
Humboldt,2021-02-03,658,17883,257,9110,401,8773,0,0,508,12396,150,2709,508,15105,California
Humboldt,2021-02-04,638,18521,262,9372,376,9149,0,0,440,12641,195,2904,440,15545,California
Humboldt,2021-02-05,814,19335,94,9466,720,9869,0,0,626,13079,188,3092,626,16171,California
Humboldt,2021-02-06,1057,20392,446,9912,611,10480,0,0,1014,14052,42,3134,1015,17186,California
Humboldt,2021-02-07,378,20770,9,9921,369,10849,0,0,373,14422,4,3138,374,17560,California
Humboldt,2021-02-08,324,21094,142,10063,182,11031,0,0,183,14465,140,3278,183,17743,California
Humboldt,2021-02-09,494,21588,220,10283,274,11305,0,0,179,14329,315,3593,179,17922,California
Humboldt,2021-02-10,564,22152,371,10654,193,11498,0,0,233,14236,326,3919,233,18155,California
Humboldt,2021-02-11,1297,23449,395,11049,902,12400,0,0,500,13943,794,4713,501,18656,California
Humboldt,2021-02-12,1146,24595,736,11785,410,12810,0,0,706,14209,440,5153,706,19362,California
Humboldt,2021-02-13,1505,26100,557,12342,948,13758,0,0,916,14538,587,5740,916,20278,California
Humboldt,2021-02-14,112,26212,5,12347,107,13865,0,0,109,14645,2,5742,109,20387,California
Humboldt,2021-02-15,292,26504,78,12425,214,14079,0,0,195,14744,96,5838,195,20582,California
Humboldt,2021-02-16,534,27038,118,12543,416,14495,0,0,253,14717,281,6119,254,20836,California
Humboldt,2021-02-17,453,27491,281,12824,172,14667,0,0,137,14539,315,6434,137,20973,California
Humboldt,2021-02-18,969,28460,596,13420,373,15040,0,0,228,14028,739,7173,228,21201,California
Humboldt,2021-02-19,476,28936,434,13854,42,15082,0,0,89,13733,384,7557,89,21290,California
Humboldt,2021-02-20,1596,30532,983,14837,613,15695,0,0,475,13092,1118,8675,477,21767,California
Humboldt,2021-02-21,479,31011,471,15308,8,15703,0,0,183,12980,296,8971,184,21951,California
Humboldt,2021-02-22,127,31138,92,15400,35,15738,0,0,28,12911,97,9068,28,21979,California
Humboldt,2021-02-23,172,31310,70,15470,102,15840,0,0,40,12821,130,9198,40,22019,California
Humboldt,2021-02-24,1165,32475,705,16175,460,16300,0,0,587,12831,577,9775,587,22606,California
Humboldt,2021-02-25,832,33307,317,16492,515,16815,0,0,228,12457,602,10377,228,22834,California
Humboldt,2021-02-26,2145,35452,106,16598,2039,18854,0,0,451,11221,1688,12065,452,23286,California
Humboldt,2021-02-27,1693,37145,1075,17673,618,19472,0,0,869,11272,822,12887,873,24159,California
Humboldt,2021-02-28,121,37266,10,17683,111,19583,0,0,116,11383,5,12892,116,24275,California
Humboldt,2021-03-01,259,37525,47,17730,212,19795,0,0,184,11492,75,12967,184,24459,California
Humboldt,2021-03-02,287,37812,48,17778,239,20034,0,0,157,11519,130,13097,157,24616,California
Humboldt,2021-03-03,1656,39468,1098,18876,558,20592,0,0,1221,12313,428,13525,1222,25838,California
Humboldt,2021-03-04,899,40367,112,18988,787,21379,0,0,280,11976,619,14144,282,26120,California
Humboldt,2021-03-05,945,41312,183,19171,751,22130,11,11,388,11822,553,14697,399,26519,California
Humboldt,2021-03-06,1699,43011,841,20012,809,22939,49,60,714,11601,984,15681,763,27282,California
Humboldt,2021-03-07,364,43375,296,20308,50,22989,18,78,157,11569,207,15888,175,27457,California
Humboldt,2021-03-08,273,43648,7,20315,188,23177,78,156,179,11732,94,15982,257,27714,California
Humboldt,2021-03-09,481,44129,203,20518,130,23307,148,304,232,11865,247,16229,380,28094,California
Humboldt,2021-03-10,690,44819,467,20985,70,23377,153,457,420,12167,269,16498,571,28665,California
Humboldt,2021-03-11,1447,46266,463,21448,885,24262,99,556,629,12079,815,17313,727,29392,California
Humboldt,2021-03-12,1745,48011,1082,22530,441,24703,222,778,1053,12673,684,17997,1278,30670,California
Humboldt,2021-03-13,1570,49581,1022,23552,496,25199,52,830,676,12513,888,18885,728,31398,California
Humboldt,2021-03-14,142,49723,18,23570,115,25314,9,839,28,12436,114,18999,37,31435,California
Humboldt,2021-03-15,275,49998,51,23621,204,25518,20,859,59,12299,216,19215,79,31514,California
Humboldt,2021-03-16,635,50633,200,23821,174,25692,261,1120,260,12444,374,19589,519,32033,California
Humboldt,2021-03-17,732,51365,397,24218,227,25919,108,1228,339,12499,392,19981,447,32480,California
Humboldt,2021-03-18,1735,53100,1166,25384,526,26445,43,1271,1041,12894,689,20670,1084,33564,California
Humboldt,2021-03-19,1073,54173,58,25442,701,27146,314,1585,439,13015,631,21301,752,34316,California
Humboldt,2021-03-20,1375,55548,751,26193,611,27757,13,1598,428,12512,945,22246,442,34758,California
Humboldt,2021-03-21,248,55796,32,26225,187,27944,29,1627,203,12698,45,22291,231,34989,California
Humboldt,2021-03-22,115,55911,15,26240,50,27994,50,1677,58,12751,55,22346,108,35097,California
Humboldt,2021-03-23,410,56321,41,26281,326,28320,43,1720,319,13024,89,22435,362,35459,California
Humboldt,2021-03-24,1414,57735,389,26670,977,29297,48,1768,1037,13738,369,22804,1083,36542,California
Humboldt,2021-03-25,1832,59567,1207,27877,563,29860,62,1830,946,13862,884,23688,1008,37550,California
Humboldt,2021-03-26,2038,61605,437,28314,1545,31405,56,1886,1596,15076,437,24125,1651,39201,California
Humboldt,2021-03-27,1965,63570,1437,29751,359,31764,169,2055,1092,15469,868,24993,1261,40462,California
Humboldt,2021-03-28,267,63837,81,29832,115,31879,71,2126,85,15444,182,25175,157,40619,California
Humboldt,2021-03-29,468,64305,126,29958,247,32126,95,2221,199,15469,268,25443,293,40912,California
Humboldt,2021-03-30,939,65244,304,30262,521,32647,114,2335,564,15776,370,25813,677,41589,California
Humboldt,2021-03-31,1856,67100,517,30779,1243,33890,96,2431,1403,16828,450,26263,1502,43091,California
Humboldt,2021-04-01,2099,69199,705,31484,1302,35192,92,2523,1475,17777,617,26880,1566,44657,California
Humboldt,2021-04-02,1706,70905,1098,32582,504,35696,104,2627,607,17396,1093,27973,712,45369,California
Humboldt,2021-04-03,1663,72568,1503,34085,144,35840,16,2643,669,17097,984,28957,685,46054,California
Humboldt,2021-04-04,481,73049,370,34455,102,35942,9,2652,405,17436,76,29033,415,46469,California
Humboldt,2021-04-05,773,73822,458,34913,267,36209,48,2700,440,17593,331,29364,488,46957,California
Humboldt,2021-04-06,838,74660,317,35230,387,36596,134,2834,587,18067,245,29609,719,47676,California
Humboldt,2021-04-07,1486,76146,1056,36286,291,36887,139,2973,983,18688,501,30110,1122,48798,California
Humboldt,2021-04-08,1727,77873,1085,37371,484,37371,158,3131,735,18591,990,31100,893,49691,California
Humboldt,2021-04-09,1432,79305,432,37803,847,38218,153,3284,1148,19601,284,31384,1294,50985,California
Humboldt,2021-04-10,929,80234,136,37939,617,38835,176,3460,730,20308,197,31581,904,51889,California
Humboldt,2021-04-11,638,80872,137,38076,35,38870,466,3926,127,20389,511,32092,592,52481,California
Humboldt,2021-04-12,430,81302,222,38298,83,38953,125,4051,273,20630,157,32249,398,52879,California
Humboldt,2021-04-13,581,81883,322,38620,256,39209,3,4054,546,21147,31,32280,548,53427,California
Humboldt,2021-04-14,1414,83297,1025,39645,389,39598,0,4054,1303,22340,110,32390,1303,54730,California
Humboldt,2021-04-15,1811,85108,1195,40840,612,40210,4,4058,1244,23037,549,32939,1246,55976,California
Humboldt,2021-04-16,1122,86230,518,41358,604,40814,0,4058,540,22998,579,33518,540,56516,California
Humboldt,2021-04-17,1599,87829,1276,42634,323,41137,0,4058,1012,23429,581,34099,1012,57528,California
Humboldt,2021-04-18,615,88444,342,42976,272,41409,1,4059,93,23006,516,34615,93,57621,California
Humboldt,2021-04-19,185,88629,82,43058,103,41512,0,4059,70,22963,113,34728,70,57691,California
Humboldt,2021-04-20,473,89102,129,43187,344,41856,0,4059,231,22953,241,34969,231,57922,California
Humboldt,2021-04-21,1082,90184,375,43562,707,42563,0,4059,427,22736,645,35614,428,58350,California
Humboldt,2021-04-22,873,91057,520,44082,351,42914,2,4061,439,22743,432,36046,439,58789,California
Humboldt,2021-04-23,2153,93210,302,44384,1851,44765,0,4061,314,21221,1836,37882,314,59103,California
Humboldt,2021-04-24,1037,94247,875,45259,157,44922,5,4066,349,20889,686,38568,354,59457,California
Humboldt,2021-04-25,371,94618,236,45495,135,45057,0,4066,191,20903,177,38745,191,59648,California
Humboldt,2021-04-26,304,94922,210,45705,90,45147,4,4070,86,20775,216,38961,88,59736,California
Humboldt,2021-04-27,685,95607,225,45930,442,45589,18,4088,136,20383,546,39507,154,59890,California
Humboldt,2021-04-28,1526,97133,792,46722,690,46279,44,4132,397,19697,1127,40634,441,60331,California
Humboldt,2021-04-29,1722,98855,579,47301,1105,47384,38,4170,278,18573,1440,42074,316,60647,California
Humboldt,2021-04-30,1239,100094,387,47688,818,48202,34,4204,195,17762,1038,43112,227,60874,California
Humboldt,2021-05-01,457,100551,378,48066,57,48259,22,4226,284,17896,172,43284,306,61180,California
Humboldt,2021-05-02,227,100778,182,48248,36,48295,9,4235,113,17906,113,43397,123,61303,California
Humboldt,2021-05-03,608,101386,377,48625,207,48502,24,4259,96,17516,510,43907,120,61423,California
Humboldt,2021-05-04,804,102190,481,49106,279,48781,44,4303,245,17248,556,44463,288,61711,California
Humboldt,2021-05-05,1678,103868,1074,50180,547,49328,57,4360,178,15988,1493,45956,233,61944,California
Humboldt,2021-05-06,1649,105517,1041,51221,356,49684,252,4612,134,14862,1512,47468,386,62330,California
Humboldt,2021-05-07,1426,106943,304,51525,1063,50747,59,4671,237,13969,1187,48655,294,62624,California
Humboldt,2021-05-08,697,107640,105,51630,570,51317,22,4693,88,13471,608,49263,110,62734,California
Humboldt,2021-05-09,907,108547,855,52485,43,51360,9,4702,48,12669,859,50122,57,62791,California
Humboldt,2021-05-10,205,108752,36,52521,133,51493,36,4738,79,12658,126,50248,115,62906,California
Humboldt,2021-05-11,484,109236,144,52665,270,51763,70,4808,183,12610,301,50549,253,63159,California
Humboldt,2021-05-12,557,109793,117,52782,401,52164,39,4847,197,12486,360,50909,236,63395,California
Humboldt,2021-05-13,453,110246,224,53006,207,52371,22,4869,211,12478,241,51150,233,63628,California
Humboldt,2021-05-14,548,110794,71,53077,377,52748,100,4969,139,12310,406,51556,238,63866,California
Humboldt,2021-05-15,481,111275,468,53545,11,52759,2,4971,29,11889,452,52008,31,63897,California
Imperial,2020-12-16,1,1,1,1,0,0,0,0,1,1,0,0,1,1,California
Imperial,2020-12-17,4,5,4,5,0,0,0,0,4,5,0,0,4,5,California
Imperial,2020-12-18,12,17,12,17,0,0,0,0,12,17,0,0,12,17,California
Imperial,2020-12-20,2,19,2,19,0,0,0,0,2,19,0,0,2,19,California
Imperial,2020-12-21,186,205,186,205,0,0,0,0,186,205,0,0,186,205,California
Imperial,2020-12-22,241,446,239,444,2,2,0,0,241,446,0,0,241,446,California
Imperial,2020-12-23,210,656,209,653,1,3,0,0,209,655,0,0,209,655,California
Imperial,2020-12-24,5,661,5,658,0,3,0,0,5,660,0,0,5,660,California
Imperial,2020-12-26,1,662,0,658,1,4,0,0,1,661,0,0,1,661,California
Imperial,2020-12-27,62,724,0,658,62,66,0,0,62,723,0,0,62,723,California
Imperial,2020-12-28,214,938,114,772,100,166,0,0,214,937,0,0,214,937,California
Imperial,2020-12-29,189,1127,36,808,153,319,0,0,189,1126,0,0,189,1126,California
Imperial,2020-12-30,366,1493,50,858,316,635,0,0,366,1492,0,0,366,1492,California
Imperial,2020-12-31,197,1690,26,884,171,806,0,0,197,1689,0,0,197,1689,California
Imperial,2021-01-01,47,1737,5,889,42,848,0,0,47,1736,0,0,47,1736,California
Imperial,2021-01-02,4,1741,0,889,4,852,0,0,4,1740,0,0,4,1740,California
Imperial,2021-01-03,90,1831,0,889,90,942,0,0,90,1830,0,0,90,1830,California
Imperial,2021-01-04,85,1916,5,894,80,1022,0,0,85,1915,0,0,85,1915,California
Imperial,2021-01-05,173,2089,14,908,159,1181,0,0,173,2088,0,0,173,2088,California
Imperial,2021-01-06,190,2279,25,933,165,1346,0,0,189,2276,1,1,189,2277,California
Imperial,2021-01-07,321,2600,10,943,311,1657,0,0,318,2591,3,4,318,2595,California
Imperial,2021-01-08,192,2792,52,995,140,1797,0,0,182,2763,10,14,182,2777,California
Imperial,2021-01-09,24,2816,21,1016,3,1800,0,0,24,2787,0,14,24,2801,California
Imperial,2021-01-10,1,2817,0,1016,1,1801,0,0,1,2788,0,14,1,2802,California
Imperial,2021-01-11,402,3219,243,1259,159,1960,0,0,174,2734,228,242,174,2976,California
Imperial,2021-01-12,404,3623,302,1561,102,2062,0,0,142,2615,261,503,142,3118,California
Imperial,2021-01-13,379,4002,132,1693,247,2309,0,0,280,2796,99,602,280,3398,California
Imperial,2021-01-14,260,4262,151,1844,109,2418,0,0,254,3045,5,607,254,3652,California
Imperial,2021-01-15,241,4503,182,2026,59,2477,0,0,234,3272,7,614,234,3886,California
Imperial,2021-01-16,77,4580,73,2099,4,2481,0,0,76,3347,1,615,76,3962,California
Imperial,2021-01-17,10,4590,2,2101,8,2489,0,0,10,3357,0,615,10,3972,California
Imperial,2021-01-18,1053,5643,399,2500,654,3143,0,0,955,4215,98,713,956,4928,California
Imperial,2021-01-19,165,5808,129,2629,36,3179,0,0,118,4286,47,760,118,5046,California
Imperial,2021-01-20,292,6100,195,2824,97,3276,0,0,254,4502,38,798,254,5300,California
Imperial,2021-01-21,415,6515,183,3007,232,3508,0,0,395,4877,20,818,395,5695,California
Imperial,2021-01-22,457,6972,189,3196,268,3776,0,0,448,5316,9,827,448,6143,California
Imperial,2021-01-23,1040,8012,290,3486,750,4526,0,0,1039,6354,1,828,1039,7182,California
Imperial,2021-01-24,11,8023,4,3490,7,4533,0,0,11,6365,0,828,11,7193,California
Imperial,2021-01-25,213,8236,5,3495,208,4741,0,0,34,6221,178,1006,34,7227,California
Imperial,2021-01-26,360,8596,185,3680,175,4916,0,0,217,6295,143,1149,217,7444,California
Imperial,2021-01-27,570,9166,162,3842,408,5324,0,0,237,6199,333,1482,237,7681,California
Imperial,2021-01-28,633,9799,160,4002,473,5797,0,0,525,6616,108,1590,525,8206,California
Imperial,2021-01-29,424,10223,296,4298,128,5925,0,0,374,6940,50,1640,374,8580,California
Imperial,2021-01-30,56,10279,31,4329,25,5950,0,0,39,6962,17,1657,39,8619,California
Imperial,2021-01-31,17,10296,7,4336,10,5960,0,0,16,6977,1,1658,16,8635,California
Imperial,2021-02-01,420,10716,54,4390,366,6326,0,0,209,6977,209,1867,209,8844,California
Imperial,2021-02-02,680,11396,54,4444,626,6952,0,0,499,7295,181,2048,499,9343,California
Imperial,2021-02-03,457,11853,48,4492,409,7361,0,0,264,7367,192,2240,264,9607,California
Imperial,2021-02-04,1724,13577,1203,5695,521,7882,0,0,1408,8461,314,2554,1408,11015,California
Imperial,2021-02-05,389,13966,241,5936,148,8030,0,0,152,8378,235,2789,152,11167,California
Imperial,2021-02-06,860,14826,838,6774,22,8052,0,0,823,9165,36,2825,823,11990,California
Imperial,2021-02-07,21,14847,9,6783,12,8064,0,0,20,9184,1,2826,20,12010,California
Imperial,2021-02-08,249,15096,42,6825,207,8271,0,0,181,9297,68,2894,181,12191,California
Imperial,2021-02-09,463,15559,146,6971,317,8588,0,0,305,9444,158,3052,305,12496,California
Imperial,2021-02-10,386,15945,56,7027,330,8918,0,0,96,9251,290,3342,97,12593,California
Imperial,2021-02-11,466,16411,260,7287,206,9124,0,0,90,8965,376,3718,90,12683,California
Imperial,2021-02-12,2130,18541,1411,8698,719,9843,0,0,1778,10392,351,4069,1778,14461,California
Imperial,2021-02-13,42,18583,18,8716,24,9867,0,0,34,10419,8,4077,35,14496,California
Imperial,2021-02-14,24,18607,12,8728,12,9879,0,0,21,10437,3,4080,21,14517,California
Imperial,2021-02-15,32,18639,11,8739,21,9900,0,0,25,10455,7,4087,25,14542,California
Imperial,2021-02-16,514,19153,267,9006,247,10147,0,0,293,10527,221,4308,293,14835,California
Imperial,2021-02-17,439,19592,285,9291,154,10301,0,0,83,10254,356,4664,83,14918,California
Imperial,2021-02-18,646,20238,308,9599,338,10639,0,0,140,9890,504,5168,140,15058,California
Imperial,2021-02-19,767,21005,382,9981,385,11024,0,0,192,9508,574,5742,192,15250,California
Imperial,2021-02-20,1038,22043,191,10172,847,11871,0,0,325,9123,712,6454,327,15577,California
Imperial,2021-02-21,588,22631,554,10726,34,11905,0,0,577,9690,10,6464,577,16154,California
Imperial,2021-02-22,806,23437,567,11293,239,12144,0,0,757,10398,49,6513,757,16911,California
Imperial,2021-02-23,961,24398,395,11688,566,12710,0,0,908,11253,53,6566,908,17819,California
Imperial,2021-02-24,718,25116,302,11990,416,13126,0,0,621,11778,96,6662,621,18440,California
Imperial,2021-02-25,818,25934,339,12329,479,13605,0,0,452,11870,365,7027,457,18897,California
Imperial,2021-02-26,1745,27679,1351,13680,394,13999,0,0,1570,13268,173,7200,1571,20468,California
Imperial,2021-02-27,860,28539,811,14491,49,14048,0,0,121,12651,739,7939,122,20590,California
Imperial,2021-02-28,32,28571,20,14511,12,14060,0,0,22,12663,10,7949,22,20612,California
Imperial,2021-03-01,495,29066,295,14806,199,14259,1,1,429,13030,64,8013,431,21043,California
Imperial,2021-03-02,676,29742,247,15053,429,14688,0,1,386,13129,289,8302,388,21431,California
Imperial,2021-03-03,927,30669,49,15102,877,15565,1,2,558,13333,366,8668,570,22001,California
Imperial,2021-03-04,747,31416,77,15179,669,16234,1,3,484,13586,261,8929,514,22515,California
Imperial,2021-03-05,2590,34006,1939,17118,651,16885,0,3,1265,13531,1322,10251,1267,23782,California
Imperial,2021-03-06,690,34696,238,17356,452,17337,0,3,649,14146,38,10289,653,24435,California
Imperial,2021-03-07,75,34771,41,17397,34,17371,0,3,54,14180,21,10310,55,24490,California
Imperial,2021-03-08,415,35186,331,17728,49,17420,35,38,362,14525,52,10362,397,24887,California
Imperial,2021-03-09,681,35867,310,18038,124,17544,247,285,397,14884,284,10646,643,25530,California
Imperial,2021-03-10,684,36551,313,18351,266,17810,105,390,320,14946,363,11009,425,25955,California
Imperial,2021-03-11,1786,38337,478,18829,1116,18926,192,582,1185,15734,600,11609,1388,27343,California
Imperial,2021-03-12,3705,42042,2540,21369,979,19905,186,768,2105,16427,1598,13207,2291,29634,California
Imperial,2021-03-13,1144,43186,93,21462,828,20733,223,991,858,17228,284,13491,1085,30719,California
Imperial,2021-03-14,169,43355,31,21493,126,20859,12,1003,139,17350,30,13521,152,30871,California
Imperial,2021-03-15,671,44026,214,21707,198,21057,259,1262,374,17688,295,13816,633,31504,California
Imperial,2021-03-16,1069,45095,275,21982,341,21398,453,1715,533,18139,534,14350,985,32489,California
Imperial,2021-03-17,1571,46666,689,22671,745,22143,137,1852,992,18693,576,14926,1130,33619,California
Imperial,2021-03-18,1781,48447,1177,23848,544,22687,60,1912,1251,19478,528,15454,1313,34932,California
Imperial,2021-03-19,3337,51784,2446,26294,888,23575,3,1915,1501,19155,1828,17282,1505,36437,California
Imperial,2021-03-20,865,52649,550,26844,310,23885,5,1920,421,19147,440,17722,432,36869,California
Imperial,2021-03-21,217,52866,35,26879,178,24063,4,1924,159,19256,58,17780,167,37036,California
Imperial,2021-03-22,1047,53913,339,27218,701,24764,7,1931,622,19463,424,18204,631,37667,California
Imperial,2021-03-23,1390,55303,411,27629,972,25736,7,1938,890,19865,497,18701,899,38566,California
Imperial,2021-03-24,1870,57173,542,28171,901,26637,427,2365,899,20222,968,19669,1325,39891,California
Imperial,2021-03-25,2931,60104,509,28680,884,27521,1538,3903,1022,20868,1905,21574,2551,42442,California
Imperial,2021-03-26,2488,62592,880,29560,737,28258,871,4774,776,20811,1705,23279,1648,44090,California
Imperial,2021-03-27,597,63189,282,29842,263,28521,52,4826,436,21141,158,23437,488,44578,California
Imperial,2021-03-28,210,63399,51,29893,157,28678,2,4828,172,21278,37,23474,174,44752,California
Imperial,2021-03-29,1214,64613,348,30241,391,29069,475,5303,317,21176,895,24369,793,45545,California
Imperial,2021-03-30,1900,66513,675,30916,593,29662,632,5935,675,21259,1225,25594,1308,46853,California
Imperial,2021-03-31,1524,68037,712,31628,807,30469,5,5940,1007,21755,515,26109,1011,47864,California
Imperial,2021-04-01,1921,69958,401,32029,1278,31747,242,6182,841,21763,1074,27183,1082,48946,California
Imperial,2021-04-02,1268,71226,450,32479,744,32491,74,6256,750,22072,515,27698,824,49770,California
Imperial,2021-04-03,1498,72724,411,32890,1008,33499,79,6335,688,22032,807,28505,767,50537,California
Imperial,2021-04-04,85,72809,40,32930,28,33527,17,6352,25,22014,60,28565,42,50579,California
Imperial,2021-04-05,2118,74927,1286,34216,765,34292,67,6419,405,20783,1705,30270,474,51053,California
Imperial,2021-04-06,1294,76221,526,34742,579,34871,189,6608,681,21044,610,30880,871,51924,California
Imperial,2021-04-07,2149,78370,549,35291,1224,36095,376,6984,1540,22354,606,31486,1916,53840,California
Imperial,2021-04-08,2185,80555,1071,36362,820,36915,294,7278,1077,22618,1105,32591,1369,55209,California
Imperial,2021-04-09,2168,82723,634,36996,918,37833,616,7894,836,22740,1328,33919,1450,56659,California
Imperial,2021-04-10,1276,83999,184,37180,821,38654,271,8165,215,22165,1059,34978,484,57143,California
Imperial,2021-04-11,219,84218,30,37210,157,38811,32,8197,76,22130,143,35121,108,57251,California
Imperial,2021-04-12,1416,85634,765,37975,431,39242,220,8417,798,22534,614,35735,1018,58269,California
Imperial,2021-04-13,2743,88377,1891,39866,850,40092,2,8419,2037,23869,702,36437,2037,60306,California
Imperial,2021-04-14,2007,90384,940,40806,1067,41159,0,8419,1419,24706,583,37020,1420,61726,California
Imperial,2021-04-15,1966,92350,908,41714,1058,42217,0,8419,1379,25503,584,37604,1381,63107,California
Imperial,2021-04-16,2354,94704,1186,42900,1168,43385,0,8419,1433,26024,912,38516,1433,64540,California
Imperial,2021-04-17,1813,96517,934,43834,877,44262,2,8421,1429,27077,379,38895,1432,65972,California
Imperial,2021-04-18,250,96767,69,43903,181,44443,0,8421,90,27008,159,39054,90,66062,California
Imperial,2021-04-19,828,97595,264,44167,564,45007,0,8421,489,27163,338,39392,493,66555,California
Imperial,2021-04-20,1315,98910,520,44687,795,45802,0,8421,772,27397,539,39931,773,67328,California
Imperial,2021-04-21,1363,100273,336,45023,1027,46829,0,8421,822,27681,538,40469,822,68150,California
Imperial,2021-04-22,2041,102314,786,45809,1255,48084,0,8421,1438,28526,595,41064,1440,69590,California
Imperial,2021-04-23,1691,104005,420,46229,1271,49355,0,8421,894,28651,773,41837,898,70488,California
Imperial,2021-04-24,534,104539,315,46544,219,49574,0,8421,206,28531,326,42163,206,70694,California
Imperial,2021-04-25,263,104802,96,46640,167,49741,0,8421,135,28539,127,42290,135,70829,California
Imperial,2021-04-26,1128,105930,459,47099,666,50407,3,8424,690,28798,434,42724,693,71522,California
Imperial,2021-04-27,1021,106951,339,47438,673,51080,9,8433,520,28829,498,43222,529,72051,California
Imperial,2021-04-28,1389,108340,613,48051,747,51827,29,8462,661,28795,724,43946,690,72741,California
Imperial,2021-04-29,1760,110100,852,48903,862,52689,46,8508,811,28711,942,44888,858,73599,California
Imperial,2021-04-30,1435,111535,736,49639,667,53356,32,8540,1035,29383,395,45283,1067,74666,California
Imperial,2021-05-01,302,111837,116,49755,184,53540,2,8542,154,29392,148,45431,157,74823,California
Imperial,2021-05-02,83,111920,25,49780,56,53596,2,8544,53,29418,30,45461,56,74879,California
Imperial,2021-05-03,1564,113484,542,50322,975,54571,47,8591,361,28632,1195,46656,409,75288,California
Imperial,2021-05-04,1609,115093,856,51178,727,55298,26,8617,479,28012,1125,47781,505,75793,California
Imperial,2021-05-05,1471,116564,888,52066,562,55860,21,8638,436,27443,1027,48808,458,76251,California
Imperial,2021-05-06,1609,118173,1110,53176,465,56325,34,8672,529,26930,1076,49884,563,76814,California
Imperial,2021-05-07,1536,119709,920,54096,573,56898,43,8715,629,26701,901,50785,672,77486,California
Imperial,2021-05-08,455,120164,323,54419,124,57022,8,8723,150,26562,297,51082,158,77644,California
Imperial,2021-05-09,92,120256,61,54480,30,57052,1,8724,30,26534,59,51141,31,77675,California
Imperial,2021-05-10,577,120833,199,54679,285,57337,93,8817,225,26503,348,51489,317,77992,California
Imperial,2021-05-11,969,121802,391,55070,560,57897,18,8835,366,26292,597,52086,386,78378,California
Imperial,2021-05-12,671,122473,254,55324,379,58276,38,8873,254,26171,413,52499,292,78670,California
Imperial,2021-05-13,1248,123721,819,56143,374,58650,55,8928,519,26021,724,53223,574,79244,California
Imperial,2021-05-14,1069,124790,631,56774,399,59049,39,8967,773,26538,295,53518,812,80056,California
Imperial,2021-05-15,751,125541,126,56900,608,59657,17,8984,152,26112,595,54113,169,80225,California
Inyo,2020-12-19,85,85,85,85,0,0,0,0,85,85,0,0,85,85,California
Inyo,2020-12-20,58,143,58,143,0,0,0,0,58,143,0,0,58,143,California
Inyo,2020-12-21,88,231,85,228,3,3,0,0,88,231,0,0,88,231,California
Inyo,2020-12-22,105,336,105,333,0,3,0,0,105,336,0,0,105,336,California
Inyo,2020-12-23,70,406,67,400,3,6,0,0,70,406,0,0,70,406,California
Inyo,2020-12-24,16,422,16,416,0,6,0,0,16,422,0,0,16,422,California
Inyo,2020-12-25,1,423,0,416,1,7,0,0,1,423,0,0,1,423,California
Inyo,2020-12-26,74,497,74,490,0,7,0,0,74,497,0,0,74,497,California
Inyo,2020-12-28,48,545,36,526,12,19,0,0,48,545,0,0,48,545,California
Inyo,2020-12-29,19,564,19,545,0,19,0,0,19,564,0,0,19,564,California
Inyo,2020-12-30,56,620,54,599,2,21,0,0,56,620,0,0,56,620,California
Inyo,2020-12-31,29,649,0,599,29,50,0,0,29,649,0,0,29,649,California
Inyo,2021-01-01,1,650,0,599,1,51,0,0,1,650,0,0,1,650,California
Inyo,2021-01-03,1,651,0,599,1,52,0,0,1,651,0,0,1,651,California
Inyo,2021-01-04,2,653,1,600,1,53,0,0,2,653,0,0,2,653,California
Inyo,2021-01-05,34,687,0,600,34,87,0,0,34,687,0,0,34,687,California
Inyo,2021-01-06,68,755,0,600,68,155,0,0,68,755,0,0,68,755,California
Inyo,2021-01-07,31,786,1,601,30,185,0,0,31,786,0,0,31,786,California
Inyo,2021-01-08,9,795,8,609,1,186,0,0,4,786,5,5,5,791,California
Inyo,2021-01-09,87,882,86,695,1,187,0,0,1,701,86,91,1,792,California
Inyo,2021-01-10,52,934,52,747,0,187,0,0,0,649,52,143,0,792,California
Inyo,2021-01-11,97,1031,82,829,15,202,0,0,16,584,81,224,16,808,California
Inyo,2021-01-12,139,1170,118,947,21,223,0,0,28,501,111,335,28,836,California
Inyo,2021-01-13,86,1256,68,1015,18,241,0,0,21,458,65,400,22,858,California
Inyo,2021-01-14,59,1315,13,1028,46,287,0,0,49,497,10,410,49,907,California
Inyo,2021-01-15,163,1478,28,1056,135,422,0,0,163,660,0,410,163,1070,California
Inyo,2021-01-16,74,1552,73,1129,1,423,0,0,1,588,73,483,1,1071,California
Inyo,2021-01-18,58,1610,36,1165,22,445,0,0,19,568,39,522,19,1090,California
Inyo,2021-01-19,114,1724,72,1237,42,487,0,0,97,648,17,539,97,1187,California
Inyo,2021-01-20,147,1871,71,1308,76,563,0,0,93,687,54,593,93,1280,California
Inyo,2021-01-21,121,1992,57,1365,64,627,0,0,120,806,1,594,120,1400,California
Inyo,2021-01-22,62,2054,0,1365,62,689,0,0,61,866,1,595,61,1461,California
Inyo,2021-01-23,52,2106,52,1417,0,689,0,0,52,918,0,595,52,1513,California
Inyo,2021-01-25,49,2155,6,1423,43,732,0,0,37,943,12,607,37,1550,California
Inyo,2021-01-26,135,2290,54,1477,81,813,0,0,129,1066,6,613,129,1679,California
Inyo,2021-01-27,24,2314,2,1479,22,835,0,0,23,1088,1,614,23,1702,California
Inyo,2021-01-28,92,2406,2,1481,90,925,0,0,63,1122,29,643,63,1765,California
Inyo,2021-01-29,25,2431,3,1484,22,947,0,0,23,1143,2,645,23,1788,California
Inyo,2021-01-30,11,2442,1,1485,10,957,0,0,11,1154,0,645,11,1799,California
Inyo,2021-01-31,32,2474,4,1489,28,985,0,0,4,1130,28,673,4,1803,California
Inyo,2021-02-01,10,2484,9,1498,1,986,0,0,0,1120,10,683,0,1803,California
Inyo,2021-02-02,130,2614,14,1512,116,1102,0,0,104,1198,26,709,104,1907,California
Inyo,2021-02-03,116,2730,0,1512,116,1218,0,0,74,1230,42,751,74,1981,California
Inyo,2021-02-04,149,2879,31,1543,118,1336,0,0,90,1261,59,810,90,2071,California
Inyo,2021-02-05,117,2996,61,1604,56,1392,0,0,115,1374,2,812,115,2186,California
Inyo,2021-02-06,4,3000,2,1606,2,1394,0,0,3,1376,1,813,3,2189,California
Inyo,2021-02-07,4,3004,2,1608,2,1396,0,0,4,1380,0,813,4,2193,California
Inyo,2021-02-08,117,3121,7,1615,110,1506,0,0,97,1457,20,833,97,2290,California
Inyo,2021-02-09,195,3316,52,1667,143,1649,0,0,124,1510,71,904,124,2414,California
Inyo,2021-02-10,143,3459,18,1685,125,1774,0,0,109,1585,34,938,109,2523,California
Inyo,2021-02-11,220,3679,56,1741,164,1938,0,0,126,1617,94,1032,126,2649,California
Inyo,2021-02-12,299,3978,51,1792,248,2186,0,0,167,1652,132,1164,167,2816,California
Inyo,2021-02-13,60,4038,55,1847,5,2191,0,0,8,1608,52,1216,8,2824,California
Inyo,2021-02-14,1,4039,0,1847,1,2192,0,0,1,1609,0,1216,1,2825,California
Inyo,2021-02-15,29,4068,9,1856,20,2212,0,0,5,1590,24,1240,5,2830,California
Inyo,2021-02-16,179,4247,50,1906,129,2341,0,0,92,1596,86,1326,92,2922,California
Inyo,2021-02-17,38,4285,4,1910,34,2375,0,0,8,1574,30,1356,8,2930,California
Inyo,2021-02-18,123,4408,6,1916,117,2492,0,0,79,1609,44,1400,79,3009,California
Inyo,2021-02-19,52,4460,4,1920,48,2540,0,0,9,1575,43,1443,9,3018,California
Inyo,2021-02-20,504,4964,500,2420,4,2544,0,0,502,2075,2,1445,502,3520,California
Inyo,2021-02-21,267,5231,267,2687,0,2544,0,0,267,2342,0,1445,267,3787,California
Inyo,2021-02-22,61,5292,19,2706,42,2586,0,0,27,2335,34,1479,27,3814,California
Inyo,2021-02-23,198,5490,20,2726,178,2764,0,0,94,2326,103,1582,94,3908,California
Inyo,2021-02-24,118,5608,0,2726,118,2882,0,0,57,2322,61,1643,57,3965,California
Inyo,2021-02-25,130,5738,3,2729,127,3009,0,0,62,2316,68,1711,62,4027,California
Inyo,2021-02-26,103,5841,60,2789,43,3052,0,0,19,2251,84,1795,19,4046,California
Inyo,2021-02-27,15,5856,4,2793,11,3063,0,0,3,2242,12,1807,3,4049,California
Inyo,2021-02-28,3,5859,1,2794,2,3065,0,0,2,2243,1,1808,2,4051,California
Inyo,2021-03-01,19,5878,2,2796,17,3082,0,0,17,2258,2,1810,17,4068,California
Inyo,2021-03-02,196,6074,1,2797,195,3277,0,0,111,2284,85,1895,111,4179,California
Inyo,2021-03-03,84,6158,3,2800,81,3358,0,0,40,2280,44,1939,40,4219,California
Inyo,2021-03-04,128,6286,4,2804,124,3482,0,0,46,2244,82,2021,46,4265,California
Inyo,2021-03-05,141,6427,56,2860,85,3567,0,0,38,2179,103,2124,38,4303,California
Inyo,2021-03-06,31,6458,1,2861,30,3597,0,0,30,2208,1,2125,30,4333,California
Inyo,2021-03-07,7,6465,4,2865,3,3600,0,0,5,2211,2,2127,5,4338,California
Inyo,2021-03-08,182,6647,5,2870,177,3777,0,0,91,2211,91,2218,91,4429,California
Inyo,2021-03-09,187,6834,2,2872,185,3962,0,0,71,2166,116,2334,71,4500,California
Inyo,2021-03-10,70,6904,8,2880,61,4023,1,1,30,2157,40,2374,31,4531,California
Inyo,2021-03-11,204,7108,1,2881,198,4221,5,6,74,2106,130,2504,79,4610,California
Inyo,2021-03-12,175,7283,4,2885,166,4387,5,11,77,2090,98,2602,82,4692,California
Inyo,2021-03-13,576,7859,541,3426,25,4412,10,21,77,1679,498,3100,87,4779,California
Inyo,2021-03-14,431,8290,430,3856,1,4413,0,21,168,1585,262,3362,168,4947,California
Inyo,2021-03-15,51,8341,15,3871,34,4447,2,23,30,1596,21,3383,32,4979,California
Inyo,2021-03-16,163,8504,4,3875,153,4600,6,29,63,1566,99,3482,69,5048,California
Inyo,2021-03-17,108,8612,3,3878,98,4698,7,36,92,1649,16,3498,99,5147,California
Inyo,2021-03-18,184,8796,15,3893,162,4860,7,43,103,1678,81,3579,110,5257,California
Inyo,2021-03-19,46,8842,4,3897,38,4898,4,47,36,1708,10,3589,40,5297,California
Inyo,2021-03-20,20,8862,1,3898,10,4908,9,56,1,1699,19,3608,10,5307,California
Inyo,2021-03-22,59,8921,2,3900,52,4960,5,61,39,1723,20,3628,44,5351,California
Inyo,2021-03-23,194,9115,4,3904,186,5146,4,65,104,1741,90,3718,108,5459,California
Inyo,2021-03-24,140,9255,3,3907,133,5279,4,69,87,1779,53,3771,91,5550,California
Inyo,2021-03-25,325,9580,104,4011,217,5496,4,73,259,1976,66,3837,263,5813,California
Inyo,2021-03-26,91,9671,3,4014,84,5580,4,77,71,2031,20,3857,75,5888,California
Inyo,2021-03-27,52,9723,44,4058,5,5585,3,80,46,2074,6,3863,49,5937,California
Inyo,2021-03-28,4,9727,1,4059,2,5587,1,81,1,2073,3,3866,2,5939,California
Inyo,2021-03-29,109,9836,2,4061,102,5689,5,86,82,2134,26,3892,87,6026,California
Inyo,2021-03-30,212,10048,2,4063,205,5894,5,91,101,2129,111,4003,106,6132,California
Inyo,2021-03-31,149,10197,4,4067,140,6034,5,96,108,2201,41,4044,113,6245,California
Inyo,2021-04-01,164,10361,4,4071,159,6193,1,97,115,2268,49,4093,116,6361,California
Inyo,2021-04-02,80,10441,1,4072,77,6270,2,99,51,2292,29,4122,53,6414,California
Inyo,2021-04-03,94,10535,47,4119,33,6303,14,113,6,2225,86,4208,19,6433,California
Inyo,2021-04-04,5,10540,4,4123,0,6303,1,114,1,2223,4,4212,2,6435,California
Inyo,2021-04-05,117,10657,1,4124,112,6415,4,118,29,2168,88,4300,33,6468,California
Inyo,2021-04-06,236,10893,6,4130,167,6582,63,181,105,2205,131,4431,168,6636,California
Inyo,2021-04-07,201,11094,2,4132,73,6655,126,307,46,2221,156,4587,172,6808,California
Inyo,2021-04-08,178,11272,15,4147,146,6801,17,324,80,2220,98,4685,97,6905,California
Inyo,2021-04-09,125,11397,7,4154,95,6896,23,347,38,2195,86,4771,61,6966,California
Inyo,2021-04-10,42,11439,1,4155,24,6920,17,364,3,2176,39,4810,20,6986,California
Inyo,2021-04-11,1,11440,0,4155,1,6921,0,364,1,2177,0,4810,1,6987,California
Inyo,2021-04-12,80,11520,0,4155,75,6996,5,369,41,2184,39,4849,46,7033,California
Inyo,2021-04-13,119,11639,3,4158,113,7109,3,372,61,2191,57,4906,64,7097,California
Inyo,2021-04-14,127,11766,2,4160,125,7234,0,372,42,2148,85,4991,42,7139,California
Inyo,2021-04-15,273,12039,115,4275,158,7392,0,372,83,2041,190,5181,83,7222,California
Inyo,2021-04-16,49,12088,6,4281,43,7435,0,372,21,2034,28,5209,21,7243,California
Inyo,2021-04-17,2,12090,1,4282,1,7436,0,372,1,2034,1,5210,1,7244,California
Inyo,2021-04-19,130,12220,43,4325,87,7523,0,372,44,1992,86,5296,44,7288,California
Inyo,2021-04-20,164,12384,3,4328,161,7684,0,372,81,1990,83,5379,81,7369,California
Inyo,2021-04-21,113,12497,4,4332,109,7793,0,372,32,1941,81,5460,32,7401,California
Inyo,2021-04-22,196,12693,1,4333,195,7988,0,372,52,1849,144,5604,52,7453,California
Inyo,2021-04-23,95,12788,4,4337,91,8079,0,372,22,1798,73,5677,22,7475,California
Inyo,2021-04-24,310,13098,309,4646,1,8080,0,372,305,2098,5,5682,305,7780,California
Inyo,2021-04-25,136,13234,135,4781,1,8081,0,372,136,2234,0,5682,136,7916,California
Inyo,2021-04-26,91,13325,0,4781,90,8171,1,373,10,2164,81,5763,11,7927,California
Inyo,2021-04-27,178,13503,7,4788,166,8337,5,378,49,2089,129,5892,54,7981,California
Inyo,2021-04-28,121,13624,2,4790,117,8454,2,380,20,2010,101,5993,22,8003,California
Inyo,2021-04-29,172,13796,56,4846,116,8570,0,380,79,1997,92,6085,79,8082,California
Inyo,2021-04-30,85,13881,5,4851,79,8649,1,381,24,1961,61,6146,25,8107,California
Inyo,2021-05-01,11,13892,3,4854,8,8657,0,381,9,1968,2,6148,9,8116,California
Inyo,2021-05-02,7,13899,3,4857,2,8659,2,383,4,1971,3,6151,6,8122,California
Inyo,2021-05-03,38,13937,1,4858,33,8692,4,387,5,1947,33,6184,9,8131,California
Inyo,2021-05-04,121,14058,2,4860,115,8807,4,391,23,1876,98,6282,27,8158,California
Inyo,2021-05-05,35,14093,0,4860,33,8840,2,393,11,1865,24,6306,13,8171,California
Inyo,2021-05-06,93,14186,5,4865,80,8920,8,401,13,1806,80,6386,21,8192,California
Inyo,2021-05-07,48,14234,4,4869,36,8956,8,409,24,1815,23,6409,32,8224,California
Inyo,2021-05-08,11,14245,2,4871,4,8960,5,414,4,1817,7,6416,9,8233,California
Inyo,2021-05-09,1,14246,0,4871,1,8961,0,414,0,1816,1,6417,0,8233,California
Inyo,2021-05-10,69,14315,1,4872,66,9027,2,416,30,1810,39,6456,33,8266,California
Inyo,2021-05-11,87,14402,1,4873,83,9110,3,419,20,1766,67,6523,23,8289,California
Inyo,2021-05-12,43,14445,2,4875,39,9149,2,421,10,1746,32,6555,12,8301,California
Inyo,2021-05-13,74,14519,1,4876,72,9221,1,422,11,1696,62,6617,12,8313,California
Inyo,2021-05-14,9,14528,3,4879,2,9223,4,426,2,1695,7,6624,6,8319,California
Inyo,2021-05-15,362,14890,362,5241,0,9223,0,426,73,1479,289,6913,73,8392,California
Kern,2020-12-15,1,1,1,1,0,0,0,0,1,1,0,0,1,1,California
Kern,2020-12-16,18,19,18,19,0,0,0,0,18,19,0,0,18,19,California
Kern,2020-12-17,163,182,163,182,0,0,0,0,163,182,0,0,163,182,California
Kern,2020-12-18,322,504,322,504,0,0,0,0,322,504,0,0,322,504,California
Kern,2020-12-19,98,602,98,602,0,0,0,0,99,603,0,0,99,603,California
Kern,2020-12-20,61,663,61,663,0,0,0,0,61,664,0,0,61,664,California
Kern,2020-12-21,671,1334,670,1333,1,1,0,0,671,1335,0,0,671,1335,California
Kern,2020-12-22,530,1864,527,1860,3,4,0,0,530,1865,0,0,530,1865,California
Kern,2020-12-23,555,2419,417,2277,138,142,0,0,555,2420,0,0,555,2420,California
Kern,2020-12-24,122,2541,43,2320,79,221,0,0,122,2542,0,0,122,2542,California
Kern,2020-12-25,1,2542,1,2321,0,221,0,0,1,2543,0,0,1,2543,California
Kern,2020-12-26,33,2575,1,2322,32,253,0,0,33,2576,0,0,33,2576,California
Kern,2020-12-27,35,2610,3,2325,32,285,0,0,35,2611,0,0,35,2611,California
Kern,2020-12-28,827,3437,663,2988,164,449,0,0,827,3438,0,0,827,3438,California
Kern,2020-12-29,745,4182,452,3440,293,742,0,0,744,4181,1,1,744,4182,California
Kern,2020-12-30,1203,5385,910,4350,293,1035,0,0,1203,5384,0,1,1203,5385,California
Kern,2020-12-31,277,5662,99,4449,178,1213,0,0,277,5661,0,1,277,5662,California
Kern,2021-01-01,13,5675,6,4455,7,1220,0,0,13,5674,0,1,13,5675,California
Kern,2021-01-02,78,5753,18,4473,60,1280,0,0,78,5752,0,1,78,5753,California
Kern,2021-01-03,23,5776,4,4477,19,1299,0,0,23,5775,0,1,23,5776,California
Kern,2021-01-04,555,6331,361,4838,194,1493,0,0,555,6330,0,1,555,6331,California
Kern,2021-01-05,1134,7465,739,5577,395,1888,0,0,1122,7440,12,13,1122,7453,California
Kern,2021-01-06,1167,8632,455,6032,712,2600,0,0,1137,8547,30,43,1137,8590,California
Kern,2021-01-07,1406,10038,493,6525,913,3513,0,0,1238,9618,167,210,1238,9828,California
Kern,2021-01-08,1628,11666,768,7293,860,4373,0,0,1330,10650,299,509,1331,11159,California
Kern,2021-01-09,226,11892,77,7370,149,4522,0,0,192,10808,34,543,192,11351,California
Kern,2021-01-10,194,12086,148,7518,46,4568,0,0,153,10920,41,584,153,11504,California
Kern,2021-01-11,1556,13642,984,8502,572,5140,0,0,1001,11366,555,1139,1001,12505,California
Kern,2021-01-12,1868,15510,810,9312,1058,6198,0,0,1357,12212,511,1650,1357,13862,California
Kern,2021-01-13,1852,17362,869,10181,983,7181,0,0,1432,13224,420,2070,1432,15294,California
Kern,2021-01-14,2185,19547,645,10826,1540,8721,0,0,2140,15318,46,2116,2140,17434,California
Kern,2021-01-15,2705,22252,858,11684,1847,10568,0,0,2608,17832,95,2211,2609,20043,California
Kern,2021-01-16,671,22923,213,11897,458,11026,0,0,636,18433,35,2246,636,20679,California
Kern,2021-01-17,73,22996,7,11904,66,11092,0,0,71,18502,2,2248,71,20750,California
Kern,2021-01-18,1645,24641,659,12563,986,12078,0,0,1477,19811,168,2416,1477,22227,California
Kern,2021-01-19,1855,26496,1035,13598,820,12898,0,0,1388,20733,467,2883,1389,23616,California
Kern,2021-01-20,2557,29053,1622,15220,935,13833,0,0,1856,21895,696,3579,1858,25474,California
Kern,2021-01-21,2168,31221,922,16142,1246,15079,0,0,1972,23672,195,3774,1972,27446,California
Kern,2021-01-22,2711,33932,1293,17435,1418,16497,0,0,2433,25828,277,4051,2433,29879,California
Kern,2021-01-23,1244,35176,535,17970,709,17206,0,0,1198,26980,46,4097,1198,31077,California
Kern,2021-01-24,160,35336,18,17988,142,17348,0,0,154,27128,6,4103,154,31231,California
Kern,2021-01-25,2385,37721,1086,19074,1299,18647,0,0,1900,28545,484,4587,1901,33132,California
Kern,2021-01-26,2770,40491,1129,20203,1641,20288,0,0,1912,29600,857,5444,1912,35044,California
Kern,2021-01-27,3564,44055,1907,22110,1657,21945,0,0,2863,31765,698,6142,2863,37907,California
Kern,2021-01-28,2865,46920,1354,23464,1511,23456,0,0,2431,33770,429,6571,2434,40341,California
Kern,2021-01-29,3788,50708,1808,25272,1980,25436,0,0,3241,36467,544,7115,3241,43582,California
Kern,2021-01-30,1325,52033,497,25769,828,26264,0,0,1277,37698,46,7161,1277,44859,California
Kern,2021-01-31,403,52436,276,26045,127,26391,0,0,268,37831,135,7296,268,45127,California
Kern,2021-02-01,2425,54861,820,26865,1605,27996,0,0,1871,39152,551,7847,1872,46999,California
Kern,2021-02-02,2923,57784,973,27838,1950,29946,0,0,2060,40350,863,8710,2061,49060,California
Kern,2021-02-03,3662,61446,1551,29389,2111,32057,0,0,2693,42081,962,9672,2693,51753,California
Kern,2021-02-04,3804,65250,1452,30841,2352,34409,0,0,2589,43466,1204,10876,2589,54342,California
Kern,2021-02-05,4850,70100,1989,32830,2861,37270,0,0,3090,44815,1741,12617,3090,57432,California
Kern,2021-02-06,1736,71836,767,33597,969,38239,0,0,1512,46106,221,12838,1512,58944,California
Kern,2021-02-07,283,72119,151,33748,132,38371,0,0,267,46359,14,12852,267,59211,California
Kern,2021-02-08,2563,74682,788,34536,1775,40146,0,0,1254,46323,1291,14143,1255,60466,California
Kern,2021-02-09,3040,77722,988,35524,2052,42198,0,0,1467,46226,1564,15707,1467,61933,California
Kern,2021-02-10,3788,81510,1660,37184,2128,44326,0,0,1873,46201,1899,17606,1874,63807,California
Kern,2021-02-11,4262,85772,1536,38720,2726,47052,0,0,2223,46399,2026,19632,2224,66031,California
Kern,2021-02-12,4951,90723,1892,40612,3059,50111,0,0,2478,46418,2459,22091,2478,68509,California
Kern,2021-02-13,2010,92733,728,41340,1282,51393,0,0,1165,46740,843,22934,1165,69674,California
Kern,2021-02-14,351,93084,12,41352,339,51732,0,0,270,46930,80,23014,270,69944,California
Kern,2021-02-15,2740,95824,894,42246,1846,53578,0,0,1209,46617,1522,24536,1209,71153,California
Kern,2021-02-16,2943,98767,720,42966,2223,55801,0,0,1649,46984,1283,25819,1650,72803,California
Kern,2021-02-17,4070,102837,2079,45045,1991,57792,0,0,1927,46775,2137,27956,1928,74731,California
Kern,2021-02-18,3753,106590,1484,46529,2269,60061,0,0,1618,46271,2122,30078,1618,76349,California
Kern,2021-02-19,4200,110790,1917,48446,2283,62344,0,0,1739,45558,2452,32530,1739,78088,California
Kern,2021-02-20,2569,113359,967,49413,1602,63946,0,0,1339,45670,1227,33757,1339,79427,California
Kern,2021-02-21,249,113608,143,49556,106,64052,0,0,86,45595,161,33918,86,79513,California
Kern,2021-02-22,2656,116264,1148,50704,1508,65560,0,0,1422,45788,1229,35147,1422,80935,California
Kern,2021-02-23,3549,119813,1127,51831,2422,67982,0,0,1975,46192,1572,36719,1976,82911,California
Kern,2021-02-24,5165,124978,2268,54099,2897,70879,0,0,3074,47179,2087,38806,3074,85985,California
Kern,2021-02-25,5360,130338,2452,56551,2908,73787,0,0,3179,48196,2162,40968,3179,89164,California
Kern,2021-02-26,6889,137227,3521,60072,3368,77155,0,0,4349,50013,2533,43501,4350,93514,California
Kern,2021-02-27,3857,141084,1896,61968,1961,79116,0,0,2522,51207,1328,44829,2522,96036,California
Kern,2021-02-28,912,141996,501,62469,410,79526,1,1,691,51680,219,45048,692,96728,California
Kern,2021-03-01,3992,145988,1809,64278,2180,81706,3,4,2680,53059,1304,46352,2683,99411,California
Kern,2021-03-02,4375,150363,1376,65654,2998,84704,1,5,2867,54429,1497,47849,2867,102278,California
Kern,2021-03-03,5803,156166,2698,68352,3105,87809,0,5,3713,56067,2076,49925,3714,105992,California
Kern,2021-03-04,5554,161720,2163,70515,3388,91197,3,8,3558,57645,1982,51907,3560,109552,California
Kern,2021-03-05,6476,168196,2671,73186,3786,94983,19,27,4046,59288,2422,54329,4065,113617,California
Kern,2021-03-06,4716,172912,1912,75098,2703,97686,101,128,3446,61572,1262,55591,3546,117163,California
Kern,2021-03-07,2046,174958,1586,76684,411,98097,49,177,1855,63286,190,55781,1904,119067,California
Kern,2021-03-08,2817,177775,858,77542,1746,99843,213,390,1471,63628,1340,57121,1682,120749,California
Kern,2021-03-09,3632,181407,790,78332,2459,102302,383,773,2237,64858,1388,58509,2618,123367,California
Kern,2021-03-10,6030,187437,2469,80801,2490,104792,1071,1844,3505,66920,2512,61021,4574,127941,California
Kern,2021-03-11,6299,193736,2411,83212,2862,107654,1026,2870,3742,69141,2545,63566,4766,132707,California
Kern,2021-03-12,7670,201406,2925,86137,3393,111047,1352,4222,4161,71149,3496,67062,5504,138211,California
Kern,2021-03-13,4429,205835,2303,88440,1791,112838,335,4557,3011,73077,1412,68474,3340,141551,California
Kern,2021-03-14,2185,208020,1412,89852,534,113372,239,4796,1670,74469,515,68989,1907,143458,California
Kern,2021-03-15,4249,212269,1087,90939,2448,115820,714,5510,2182,75304,2055,71044,2890,146348,California
Kern,2021-03-16,4333,216602,1009,91948,2796,118616,528,6038,2333,76171,1991,73035,2858,149206,California
Kern,2021-03-17,7241,223843,3811,95759,2873,121489,557,6595,4305,78107,2925,75960,4861,154067,California
Kern,2021-03-18,6991,230834,3409,99168,3003,124492,579,7174,4163,80037,2808,78768,4738,158805,California
Kern,2021-03-19,8751,239585,4771,103939,3332,127824,648,7822,4551,81045,4186,82954,5194,163999,California
Kern,2021-03-20,5939,245524,3595,107534,2170,129994,174,7996,3814,82918,2116,85070,3989,167988,California
Kern,2021-03-21,2866,248390,1753,109287,236,130230,877,8873,1684,84302,1176,86246,2560,170548,California
Kern,2021-03-22,3949,252339,1545,110832,2047,132277,357,9230,1919,84559,2019,88265,2276,172824,California
Kern,2021-03-23,4699,257038,1653,112485,2848,135125,198,9428,2494,85073,2176,90441,2690,175514,California
Kern,2021-03-24,6998,264036,3508,115993,3017,138142,473,9901,3666,85893,3318,93759,4138,179652,California
Kern,2021-03-25,6636,270672,2885,118878,3420,141562,331,10232,3267,86137,3351,97110,3595,183247,California
Kern,2021-03-26,9600,280272,4155,123033,4191,145753,1254,11486,4747,87300,4836,101946,5999,189246,California
Kern,2021-03-27,5438,285710,3741,126774,1569,147322,128,11614,3301,88593,2135,104081,3428,192674,California
Kern,2021-03-28,4345,290055,3857,130631,474,147796,14,11628,2773,89809,1571,105652,2787,195461,California
Kern,2021-03-29,4201,294256,1634,132265,2289,150085,278,11906,2616,91126,1574,107226,2891,198352,California
Kern,2021-03-30,5537,299793,1825,134090,3328,153413,384,12290,3080,92136,2452,109678,3462,201814,California
Kern,2021-03-31,8125,307918,4284,138374,3195,156608,646,12936,4292,93253,3820,113498,4937,206751,California
Kern,2021-04-01,7628,315546,3645,142019,3685,160293,298,13234,4118,94172,3495,116993,4414,211165,California
Kern,2021-04-02,8154,323700,4200,146219,3349,163642,605,13839,4090,94814,4049,121042,4691,215856,California
Kern,2021-04-03,5716,329416,3418,149637,2115,165757,183,14022,2626,94539,3083,124125,2808,218664,California
Kern,2021-04-04,1330,330746,867,150504,379,166136,84,14106,546,94387,782,124907,630,219294,California
Kern,2021-04-05,5326,336072,2192,152696,2368,168504,766,14872,2886,95584,2430,127337,3627,222921,California
Kern,2021-04-06,7066,343138,2459,155155,3245,171749,1362,16234,3604,97107,3440,130777,4963,227884,California
Kern,2021-04-07,9281,352419,5404,160559,2922,174671,955,17189,4670,98138,4593,135370,5624,233508,California
Kern,2021-04-08,8594,361013,4757,165316,2934,177605,903,18092,3926,98316,4645,140015,4823,238331,California
Kern,2021-04-09,10136,371149,5093,170409,4060,181665,983,19075,4457,98098,5655,145670,5437,243768,California
Kern,2021-04-10,6523,377672,3425,173834,1859,183524,1239,20314,2295,97405,4220,149890,3527,247295,California
Kern,2021-04-11,3762,381434,2888,176722,356,183880,518,20832,1429,97027,2322,152212,1944,249239,California
Kern,2021-04-12,4376,385810,984,177706,2422,186302,970,21802,1577,96789,2784,154996,2546,251785,California
Kern,2021-04-13,4272,390082,1409,179115,2838,189140,25,21827,2128,96808,2135,157131,2154,253939,California
Kern,2021-04-14,6026,396108,2963,182078,3041,192181,22,21849,3066,96950,2945,160076,3087,257026,California
Kern,2021-04-15,5254,401362,2462,184540,2790,194971,2,21851,2535,96783,2704,162780,2537,259563,California
Kern,2021-04-16,7244,408606,3437,187977,3806,198777,1,21852,3082,95726,4141,166921,3084,262647,California
Kern,2021-04-17,5893,414499,3854,191831,2039,200816,0,21852,2257,94360,3624,170545,2258,264905,California
Kern,2021-04-18,3703,418202,3466,195297,237,201053,0,21852,1082,92828,2614,173159,1082,265987,California
Kern,2021-04-19,3800,422002,1724,197021,2075,203128,1,21853,1442,91931,2339,175498,1442,267429,California
Kern,2021-04-20,4311,426313,1545,198566,2765,205893,1,21854,1668,90969,2632,178130,1670,269099,California
Kern,2021-04-21,5849,432162,3120,201686,2724,208617,5,21859,2246,89635,3584,181714,2250,271349,California
Kern,2021-04-22,4780,436942,2311,203997,2469,211086,0,21859,1769,88414,2991,184705,1770,273119,California
Kern,2021-04-23,6043,442985,2936,206933,3106,214192,1,21860,2000,86407,4009,188714,2002,275121,California
Kern,2021-04-24,3930,446915,2729,209662,1191,215383,10,21870,1482,85467,2432,191146,1492,276613,California
Kern,2021-04-25,1341,448256,1063,210725,278,215661,0,21870,772,85675,564,191710,772,277385,California
Kern,2021-04-26,3771,452027,1817,212542,1902,217563,52,21922,1041,84050,2720,194430,1095,278480,California
Kern,2021-04-27,4635,456662,2277,214819,2257,219820,101,22023,1413,82352,3209,197639,1511,279991,California
Kern,2021-04-28,6244,462906,3672,218491,2449,222269,123,22146,1781,79803,4450,202089,1901,281892,California
Kern,2021-04-29,5506,468412,3062,221553,2344,224613,100,22246,1634,77686,3852,205941,1735,283627,California
Kern,2021-04-30,5575,473987,3118,224671,2299,226912,158,22404,1624,75529,3938,209879,1781,285408,California
Kern,2021-05-01,2568,476555,1796,226467,713,227625,59,22463,956,74937,1606,211485,1014,286422,California
Kern,2021-05-02,1885,478440,1601,228068,263,227888,21,22484,695,74468,1185,212670,716,287138,California
Kern,2021-05-03,2425,480865,951,229019,1343,229231,131,22615,752,73694,1659,214329,885,288023,California
Kern,2021-05-04,3527,484392,1228,230247,2193,231424,106,22721,1234,72753,2279,216608,1338,289361,California
Kern,2021-05-05,4128,488520,2128,232375,1849,233273,151,22872,1358,71505,2756,219364,1508,290869,California
Kern,2021-05-06,3525,492045,1566,233941,1817,235090,142,23014,1084,70308,2422,221786,1225,292094,California
Kern,2021-05-07,4549,496594,2281,236222,2095,237185,173,23187,1276,68507,3248,225034,1447,293541,California
Kern,2021-05-08,2850,499444,1798,238020,937,238122,115,23302,896,67576,1941,226975,1010,294551,California
Kern,2021-05-09,1299,500743,1124,239144,145,238267,30,23332,450,67214,842,227817,480,295031,California
Kern,2021-05-10,2147,502890,810,239954,1240,239507,97,23429,620,66420,1509,229326,715,295746,California
Kern,2021-05-11,2551,505441,870,240824,1558,241065,123,23552,927,65855,1616,230942,1051,296797,California
Kern,2021-05-12,3429,508870,1375,242199,1906,242971,148,23700,1073,64730,2346,233288,1221,298018,California
Kern,2021-05-13,3176,512046,1663,243862,1370,244341,143,23843,1469,64642,1697,234985,1609,299627,California
Kern,2021-05-14,3471,515517,2135,245997,1160,245501,176,24019,1554,64471,1900,236885,1729,301356,California
Kern,2021-05-15,1800,517317,1292,247289,476,245977,32,24051,904,64517,890,237775,936,302292,California
Kings,2020-12-16,1,1,1,1,0,0,0,0,1,1,0,0,1,1,California
Kings,2020-12-17,8,9,8,9,0,0,0,0,8,9,0,0,8,9,California
Kings,2020-12-18,12,21,12,21,0,0,0,0,12,21,0,0,12,21,California
Kings,2020-12-19,11,32,11,32,0,0,0,0,11,32,0,0,11,32,California
Kings,2020-12-20,13,45,13,45,0,0,0,0,13,45,0,0,13,45,California
Kings,2020-12-21,156,201,156,201,0,0,0,0,269,314,0,0,269,314,California
Kings,2020-12-22,143,344,143,344,0,0,0,0,140,454,0,0,140,454,California
Kings,2020-12-23,135,479,123,467,12,12,0,0,136,590,0,0,136,590,California
Kings,2020-12-24,11,490,9,476,2,14,0,0,11,601,0,0,11,601,California
Kings,2020-12-26,7,497,4,480,3,17,0,0,7,608,0,0,7,608,California
Kings,2020-12-27,4,501,4,484,0,17,0,0,4,612,0,0,4,612,California
Kings,2020-12-28,131,632,103,587,28,45,0,0,132,744,0,0,132,744,California
Kings,2020-12-29,78,710,51,638,27,72,0,0,79,823,0,0,79,823,California
Kings,2020-12-30,148,858,109,747,39,111,0,0,148,971,0,0,148,971,California
Kings,2020-12-31,45,903,6,753,39,150,0,0,45,1016,0,0,45,1016,California
Kings,2021-01-01,1,904,0,753,1,151,0,0,1,1017,0,0,1,1017,California
Kings,2021-01-02,10,914,9,762,1,152,0,0,10,1027,0,0,10,1027,California
Kings,2021-01-04,112,1026,42,804,70,222,0,0,112,1139,0,0,112,1139,California
Kings,2021-01-05,196,1222,39,843,157,379,0,0,196,1335,0,0,196,1335,California
Kings,2021-01-06,277,1499,178,1021,99,478,0,0,274,1606,3,3,274,1609,California
Kings,2021-01-07,178,1677,81,1102,97,575,0,0,170,1768,8,11,170,1779,California
Kings,2021-01-08,247,1924,54,1156,193,768,0,0,228,1977,19,30,228,2007,California
Kings,2021-01-09,63,1987,9,1165,54,822,0,0,55,2024,8,38,55,2062,California
Kings,2021-01-10,15,2002,3,1168,12,834,0,0,12,2033,3,41,12,2074,California
Kings,2021-01-11,518,2520,354,1522,164,998,0,0,276,2068,242,283,277,2351,California
Kings,2021-01-12,350,2870,253,1775,97,1095,0,0,216,2153,131,414,216,2567,California
Kings,2021-01-13,416,3286,270,2045,146,1241,0,0,324,2385,92,506,324,2891,California
Kings,2021-01-14,210,3496,32,2077,178,1419,0,0,200,2565,21,527,201,3092,California
Kings,2021-01-15,418,3914,30,2107,388,1807,0,0,406,2959,12,539,406,3498,California
Kings,2021-01-16,31,3945,12,2119,19,1826,0,0,30,2988,1,540,30,3528,California
Kings,2021-01-17,9,3954,6,2125,3,1829,0,0,7,2993,2,542,7,3535,California
Kings,2021-01-18,172,4126,40,2165,132,1961,0,0,146,3113,26,568,146,3681,California
Kings,2021-01-19,378,4504,159,2324,219,2180,0,0,249,3233,129,697,249,3930,California
Kings,2021-01-20,237,4741,146,2470,91,2271,0,0,127,3255,105,802,127,4057,California
Kings,2021-01-21,190,4931,35,2505,155,2426,0,0,174,3411,18,820,174,4231,California
Kings,2021-01-22,126,5057,40,2545,86,2512,0,0,126,3532,5,825,126,4357,California
Kings,2021-01-23,26,5083,14,2559,12,2524,0,0,20,3546,6,831,20,4377,California
Kings,2021-01-24,4,5087,4,2563,0,2524,0,0,2,3546,2,833,2,4379,California
Kings,2021-01-25,124,5211,26,2589,98,2622,0,0,90,3602,34,867,90,4469,California
Kings,2021-01-26,154,5365,35,2624,119,2741,0,0,115,3678,39,906,115,4584,California
Kings,2021-01-27,319,5684,34,2658,285,3026,0,0,249,3858,69,975,249,4833,California
Kings,2021-01-28,326,6010,46,2704,280,3306,0,0,271,4074,55,1030,271,5104,California
Kings,2021-01-29,86,6096,26,2730,60,3366,0,0,69,4126,17,1047,69,5173,California
Kings,2021-01-30,1556,7652,31,2761,1525,4891,0,0,1553,5678,3,1050,1555,6728,California
Kings,2021-02-01,199,7851,64,2825,135,5026,0,0,72,5625,125,1175,72,6800,California
Kings,2021-02-02,232,8083,14,2839,218,5244,0,0,82,5558,149,1324,82,6882,California
Kings,2021-02-03,357,8440,191,3030,166,5410,0,0,201,5604,155,1479,201,7083,California
Kings,2021-02-04,396,8836,99,3129,297,5707,0,0,198,5605,197,1676,198,7281,California
Kings,2021-02-05,258,9094,15,3144,243,5950,0,0,101,5551,155,1831,101,7382,California
Kings,2021-02-06,61,9155,10,3154,51,6001,0,0,28,5546,33,1864,28,7410,California
Kings,2021-02-07,5,9160,3,3157,2,6003,0,0,3,5547,2,1866,3,7413,California
Kings,2021-02-08,171,9331,29,3186,142,6145,0,0,68,5512,103,1969,68,7481,California
Kings,2021-02-09,253,9584,57,3243,196,6341,0,0,110,5481,141,2110,110,7591,California
Kings,2021-02-10,286,9870,113,3356,173,6514,0,0,169,5533,117,2227,169,7760,California
Kings,2021-02-11,430,10300,65,3421,365,6879,0,0,316,5736,113,2340,316,8076,California
Kings,2021-02-12,623,10923,36,3457,587,7466,0,0,347,5808,275,2615,347,8423,California
Kings,2021-02-13,104,11027,6,3463,98,7564,0,0,78,5860,26,2641,78,8501,California
Kings,2021-02-14,102,11129,4,3467,98,7662,0,0,94,5946,8,2649,94,8595,California
Kings,2021-02-15,246,11375,5,3472,241,7903,0,0,137,5975,108,2757,137,8732,California
Kings,2021-02-16,486,11861,33,3505,453,8356,0,0,251,5992,234,2991,251,8983,California
Kings,2021-02-17,380,12241,23,3528,357,8713,0,0,243,6099,137,3128,244,9227,California
Kings,2021-02-18,155,12396,23,3551,132,8845,0,0,98,6140,57,3185,98,9325,California
Kings,2021-02-19,159,12555,24,3575,135,8980,0,0,103,6190,53,3238,103,9428,California
Kings,2021-02-20,171,12726,40,3615,131,9111,0,0,134,6287,37,3275,134,9562,California
Kings,2021-02-21,3,12729,2,3617,1,9112,0,0,3,6290,0,3275,3,9565,California
Kings,2021-02-22,110,12839,19,3636,91,9203,0,0,51,6282,59,3334,51,9616,California
Kings,2021-02-23,296,13135,69,3705,227,9430,0,0,179,6344,117,3451,179,9795,California
Kings,2021-02-24,592,13727,154,3859,438,9868,0,0,380,6512,212,3663,380,10175,California
Kings,2021-02-25,667,14394,115,3974,552,10420,0,0,449,6745,216,3879,449,10624,California
Kings,2021-02-26,658,15052,129,4103,529,10949,0,0,596,7279,62,3941,596,11220,California
Kings,2021-02-27,1499,16551,62,4165,1437,12386,0,0,564,6909,934,4875,564,11784,California
Kings,2021-02-28,1171,17722,597,4762,574,12960,0,0,674,7089,494,5369,674,12458,California
Kings,2021-03-01,261,17983,80,4842,181,13141,0,0,216,7260,45,5414,216,12674,California
Kings,2021-03-02,475,18458,209,5051,266,13407,0,0,425,7636,50,5464,426,13100,California
Kings,2021-03-03,630,19088,304,5355,326,13733,0,0,440,7888,188,5652,440,13540,California
Kings,2021-03-04,718,19806,342,5697,376,14109,0,0,622,8415,96,5748,623,14163,California
Kings,2021-03-05,1059,20865,349,6046,701,14810,9,9,942,9250,117,5865,952,15115,California
Kings,2021-03-06,511,21376,184,6230,314,15124,13,22,481,9714,30,5895,494,15609,California
Kings,2021-03-07,365,21741,224,6454,137,15261,4,26,357,10067,8,5903,361,15970,California
Kings,2021-03-08,370,22111,96,6550,221,15482,53,79,262,10273,108,6011,314,16284,California
Kings,2021-03-09,524,22635,239,6789,230,15712,55,134,417,10640,106,6117,473,16757,California
Kings,2021-03-10,506,23141,125,6914,290,16002,91,225,322,10869,183,6300,412,17169,California
Kings,2021-03-11,1023,24164,305,7219,608,16610,110,335,618,11194,403,6703,728,17897,California
Kings,2021-03-12,1359,25523,441,7660,824,17434,94,429,958,11848,400,7103,1054,18951,California
Kings,2021-03-13,670,26193,331,7991,295,17729,44,473,544,12311,126,7229,589,19540,California
Kings,2021-03-14,671,26864,101,8092,184,17913,386,859,200,12426,471,7700,586,20126,California
Kings,2021-03-15,703,27567,266,8358,322,18235,115,974,466,12773,236,7936,583,20709,California
Kings,2021-03-16,1039,28606,438,8796,540,18775,61,1035,703,13201,336,8272,764,21473,California
Kings,2021-03-17,1089,29695,417,9213,611,19386,61,1096,770,13720,319,8591,838,22311,California
Kings,2021-03-18,1100,30795,466,9679,412,19798,222,1318,768,14382,331,8922,993,23304,California
Kings,2021-03-19,949,31744,468,10147,396,20194,85,1403,731,14993,218,9140,829,24133,California
Kings,2021-03-20,624,32368,255,10402,338,20532,31,1434,450,15309,172,9312,488,24621,California
Kings,2021-03-21,1400,33768,1085,11487,304,20836,11,1445,846,15612,554,9866,857,25478,California
Kings,2021-03-22,450,34218,203,11690,164,21000,83,1528,276,15801,174,10040,363,25841,California
Kings,2021-03-23,899,35117,493,12183,343,21343,63,1591,576,16122,321,10361,642,26483,California
Kings,2021-03-24,923,36040,479,12662,421,21764,23,1614,512,16249,410,10771,537,27020,California
Kings,2021-03-25,894,36934,445,13107,423,22187,26,1640,447,16277,445,11216,473,27493,California
Kings,2021-03-26,1282,38216,374,13481,823,23010,85,1725,530,16144,747,11963,614,28107,California
Kings,2021-03-27,616,38832,245,13726,359,23369,12,1737,169,15880,445,12408,181,28288,California
Kings,2021-03-28,549,39381,478,14204,64,23433,7,1744,342,16030,207,12615,357,28645,California
Kings,2021-03-29,459,39840,202,14406,196,23629,61,1805,251,16135,206,12821,311,28956,California
Kings,2021-03-30,842,40682,463,14869,341,23970,38,1843,420,16172,421,13242,458,29414,California
Kings,2021-03-31,740,41422,374,15243,302,24272,64,1907,416,16335,317,13559,480,29894,California
Kings,2021-04-01,758,42180,380,15623,295,24567,83,1990,342,16350,410,13969,425,30319,California
Kings,2021-04-02,985,43165,430,16053,433,25000,122,2112,390,16271,590,14559,511,30830,California
Kings,2021-04-03,475,43640,330,16383,137,25137,8,2120,161,16133,308,14867,170,31000,California
Kings,2021-04-04,156,43796,82,16465,68,25205,6,2126,43,16070,112,14979,49,31049,California
Kings,2021-04-05,1045,44841,323,16788,472,25677,250,2376,233,15741,811,15790,482,31531,California
Kings,2021-04-06,1188,46029,448,17236,433,26110,307,2683,292,15447,893,16683,599,32130,California
Kings,2021-04-07,1340,47369,641,17877,514,26624,185,2868,415,15125,922,17605,600,32730,California
Kings,2021-04-08,1590,48959,626,18503,713,27337,251,3119,361,14515,1222,18827,612,33342,California
Kings,2021-04-09,1143,50102,538,19041,428,27765,177,3296,242,14032,899,19726,416,33758,California
Kings,2021-04-10,589,50691,327,19368,160,27925,102,3398,177,13901,410,20136,279,34037,California
Kings,2021-04-11,328,51019,74,19442,248,28173,6,3404,196,13971,132,20268,202,34239,California
Kings,2021-04-12,697,51716,310,19752,187,28360,200,3604,190,13855,506,20774,390,34629,California
Kings,2021-04-13,896,52612,508,20260,388,28748,0,3604,296,13557,599,21373,301,34930,California
Kings,2021-04-14,1023,53635,566,20826,457,29205,0,3604,371,13277,652,22025,372,35302,California
Kings,2021-04-15,1048,54683,521,21347,526,29731,1,3605,466,13163,581,22606,467,35769,California
Kings,2021-04-16,765,55448,360,21707,405,30136,0,3605,266,12931,498,23104,266,36035,California
Kings,2021-04-17,457,55905,244,21951,213,30349,0,3605,200,12875,256,23360,200,36235,California
Kings,2021-04-18,550,56455,240,22191,310,30659,0,3605,69,12463,481,23841,69,36304,California
Kings,2021-04-19,526,56981,289,22480,237,30896,0,3605,287,12513,237,24078,287,36591,California
Kings,2021-04-20,732,57713,442,22922,290,31186,0,3605,245,12272,486,24564,245,36836,California
Kings,2021-04-21,636,58349,304,23226,332,31518,0,3605,220,12082,410,24974,220,37056,California
Kings,2021-04-22,550,58899,276,23502,274,31792,0,3605,201,11938,346,25320,202,37258,California
Kings,2021-04-23,664,59563,290,23792,374,32166,0,3605,330,11937,331,25651,330,37588,California
Kings,2021-04-24,246,59809,178,23970,67,32233,1,3606,122,11937,123,25774,123,37711,California
Kings,2021-04-25,195,60004,176,24146,19,32252,0,3606,159,12060,36,25810,159,37870,California
Kings,2021-04-26,295,60299,153,24299,139,32391,3,3609,184,12137,110,25920,187,38057,California
Kings,2021-04-27,399,60698,178,24477,202,32593,19,3628,166,12090,232,26152,185,38242,California
Kings,2021-04-28,505,61203,253,24730,232,32825,20,3648,265,12135,240,26392,285,38527,California
Kings,2021-04-29,285,61488,112,24842,162,32987,11,3659,133,12129,150,26542,144,38671,California
Kings,2021-04-30,366,61854,163,25005,186,33173,17,3676,152,12087,211,26753,169,38840,California
Kings,2021-05-01,229,62083,166,25171,53,33226,10,3686,74,12018,153,26906,84,38924,California
Kings,2021-05-02,168,62251,146,25317,22,33248,0,3686,126,12102,42,26948,126,39050,California
Kings,2021-05-03,469,62720,255,25572,201,33449,13,3699,122,11891,346,27294,135,39185,California
Kings,2021-05-04,509,63229,255,25827,234,33683,20,3719,158,11718,351,27645,178,39363,California
Kings,2021-05-05,535,63764,276,26103,239,33922,20,3739,134,11471,401,28046,154,39517,California
Kings,2021-05-06,533,64297,264,26367,246,34168,23,3762,121,11205,410,28456,144,39661,California
Kings,2021-05-07,366,64663,211,26578,141,34309,14,3776,148,11152,215,28671,162,39823,California
Kings,2021-05-08,229,64892,166,26744,52,34361,11,3787,74,11082,155,28826,85,39908,California
Kings,2021-05-09,193,65085,64,26808,129,34490,0,3787,40,10969,153,28979,40,39948,California
Kings,2021-05-10,331,65416,254,27062,67,34557,10,3797,113,10875,216,29195,122,40070,California
Kings,2021-05-11,366,65782,228,27290,111,34668,27,3824,115,10767,251,29446,143,40213,California
Kings,2021-05-12,355,66137,128,27418,214,34882,13,3837,149,10724,205,29651,162,40375,California
Kings,2021-05-13,363,66500,136,27554,222,35104,5,3842,148,10662,215,29866,153,40528,California
Kings,2021-05-14,255,66755,152,27706,74,35178,29,3871,130,10696,123,29989,157,40685,California
Kings,2021-05-15,96,66851,49,27755,37,35215,10,3881,25,10660,71,30060,35,40720,California
Lake,2020-12-17,4,4,4,4,0,0,0,0,4,4,0,0,4,4,California
Lake,2020-12-18,51,55,51,55,0,0,0,0,51,55,0,0,51,55,California
Lake,2020-12-19,3,58,3,58,0,0,0,0,3,58,0,0,3,58,California
Lake,2020-12-20,6,64,6,64,0,0,0,0,6,64,0,0,6,64,California
Lake,2020-12-21,86,150,86,150,0,0,0,0,86,150,0,0,86,150,California
Lake,2020-12-22,63,213,60,210,3,3,0,0,63,213,0,0,63,213,California
Lake,2020-12-23,123,336,114,324,9,12,0,0,123,336,0,0,123,336,California
Lake,2020-12-24,2,338,0,324,2,14,0,0,2,338,0,0,2,338,California
Lake,2020-12-26,2,340,2,326,0,14,0,0,2,340,0,0,2,340,California
Lake,2020-12-27,2,342,2,328,0,14,0,0,2,342,0,0,2,342,California
Lake,2020-12-28,52,394,43,371,9,23,0,0,52,394,0,0,52,394,California
Lake,2020-12-29,50,444,45,416,5,28,0,0,50,444,0,0,50,444,California
Lake,2020-12-30,125,569,118,534,7,35,0,0,125,569,0,0,125,569,California
Lake,2020-12-31,67,636,64,598,3,38,0,0,67,636,0,0,67,636,California
Lake,2021-01-01,1,637,0,598,1,39,0,0,1,637,0,0,1,637,California
Lake,2021-01-02,2,639,1,599,1,40,0,0,2,639,0,0,2,639,California
Lake,2021-01-04,87,726,21,620,66,106,0,0,87,726,0,0,87,726,California
Lake,2021-01-05,120,846,59,679,61,167,0,0,118,842,2,2,118,844,California
Lake,2021-01-06,105,951,65,744,40,207,0,0,103,943,2,4,103,947,California
Lake,2021-01-07,108,1059,85,829,23,230,0,0,99,1033,9,13,99,1046,California
Lake,2021-01-08,152,1211,124,953,28,258,0,0,100,1081,52,65,100,1146,California
Lake,2021-01-09,63,1274,61,1014,2,260,0,0,59,1136,4,69,59,1205,California
Lake,2021-01-10,3,1277,3,1017,0,260,0,0,0,1133,3,72,0,1205,California
Lake,2021-01-11,192,1469,151,1168,41,301,0,0,112,1165,80,152,112,1317,California
Lake,2021-01-12,81,1550,48,1216,33,334,0,0,57,1198,24,176,57,1374,California
Lake,2021-01-13,165,1715,112,1328,53,387,0,0,108,1249,57,233,108,1482,California
Lake,2021-01-14,147,1862,46,1374,101,488,0,0,125,1352,22,255,125,1607,California
Lake,2021-01-15,215,2077,92,1466,123,611,0,0,188,1513,27,282,188,1795,California
Lake,2021-01-16,134,2211,81,1547,53,664,0,0,132,1643,2,284,132,1927,California
Lake,2021-01-17,18,2229,6,1553,12,676,0,0,12,1649,6,290,12,1939,California
Lake,2021-01-18,246,2475,227,1780,19,695,0,0,126,1655,120,410,126,2065,California
Lake,2021-01-19,311,2786,117,1897,194,889,0,0,266,1877,45,455,267,2332,California
Lake,2021-01-20,422,3208,80,1977,342,1231,0,0,358,2172,63,518,358,2690,California
Lake,2021-01-21,433,3641,49,2026,384,1615,0,0,398,2535,35,553,398,3088,California
Lake,2021-01-22,318,3959,46,2072,272,1887,0,0,282,2781,36,589,282,3370,California
Lake,2021-01-23,122,4081,5,2077,117,2004,0,0,121,2901,1,590,121,3491,California
Lake,2021-01-24,5,4086,2,2079,3,2007,0,0,5,2906,0,590,5,3496,California
Lake,2021-01-25,257,4343,95,2174,162,2169,0,0,176,3001,81,671,176,3672,California
Lake,2021-01-26,429,4772,36,2210,393,2562,0,0,406,3384,23,694,406,4078,California
Lake,2021-01-27,359,5131,41,2251,318,2880,0,0,331,3688,28,722,332,4410,California
Lake,2021-01-28,498,5629,161,2412,337,3217,0,0,368,3926,130,852,368,4778,California
Lake,2021-01-29,636,6265,83,2495,553,3770,0,0,576,4442,60,912,576,5354,California
Lake,2021-01-30,554,6819,44,2539,510,4280,0,0,548,4984,6,918,548,5902,California
Lake,2021-01-31,14,6833,8,2547,6,4286,0,0,12,4994,2,920,12,5914,California
Lake,2021-02-01,179,7012,18,2565,161,4447,0,0,166,5147,13,933,166,6080,California
Lake,2021-02-02,563,7575,151,2716,412,4859,0,0,397,5378,166,1099,397,6477,California
Lake,2021-02-03,445,8020,33,2749,412,5271,0,0,340,5613,105,1204,340,6817,California
Lake,2021-02-04,119,8139,68,2817,51,5322,0,0,72,5638,47,1251,72,6889,California
Lake,2021-02-05,379,8518,70,2887,309,5631,0,0,288,5837,89,1340,288,7177,California
Lake,2021-02-06,276,8794,41,2928,235,5866,0,0,265,6091,11,1351,265,7442,California
Lake,2021-02-07,2,8796,1,2929,1,5867,0,0,2,6093,0,1351,2,7444,California
Lake,2021-02-08,279,9075,207,3136,72,5939,0,0,159,6132,120,1471,159,7603,California
Lake,2021-02-09,345,9420,25,3161,320,6259,0,0,301,6390,43,1514,301,7904,California
Lake,2021-02-10,352,9772,54,3215,298,6557,0,0,274,6586,78,1592,274,8178,California
Lake,2021-02-11,174,9946,18,3233,156,6713,0,0,58,6528,116,1708,58,8236,California
Lake,2021-02-12,376,10322,29,3262,347,7060,0,0,288,6730,87,1795,289,8525,California
Lake,2021-02-13,247,10569,7,3269,240,7300,0,0,236,6955,11,1806,236,8761,California
Lake,2021-02-14,20,10589,5,3274,15,7315,0,0,6,6947,14,1820,6,8767,California
Lake,2021-02-15,172,10761,13,3287,159,7474,0,0,8,6792,163,1983,8,8775,California
Lake,2021-02-16,423,11184,23,3310,400,7874,0,0,176,6721,247,2230,176,8951,California
Lake,2021-02-17,351,11535,54,3364,297,8171,0,0,70,6511,280,2510,70,9021,California
Lake,2021-02-18,457,11992,69,3433,388,8559,0,0,114,6282,343,2853,114,9135,California
Lake,2021-02-19,418,12410,25,3458,393,8952,0,0,93,6050,325,3178,93,9228,California
Lake,2021-02-20,294,12704,60,3518,234,9186,0,0,251,6259,42,3220,251,9479,California
Lake,2021-02-21,6,12710,6,3524,0,9186,0,0,0,6253,6,3226,0,9479,California
Lake,2021-02-22,140,12850,23,3547,117,9303,0,0,43,6199,97,3323,43,9522,California
Lake,2021-02-23,214,13064,14,3561,200,9503,0,0,28,6041,186,3509,28,9550,California
Lake,2021-02-24,955,14019,377,3938,578,10081,0,0,416,5919,538,4047,416,9966,California
Lake,2021-02-25,732,14751,465,4403,267,10348,0,0,472,6134,257,4304,472,10438,California
Lake,2021-02-26,995,15746,304,4707,691,11039,0,0,350,5842,642,4946,350,10788,California
Lake,2021-02-27,411,16157,98,4805,313,11352,0,0,328,6087,83,5029,328,11116,California
Lake,2021-02-28,18,16175,12,4817,6,11358,0,0,10,6089,8,5037,10,11126,California
Lake,2021-03-01,595,16770,53,4870,542,11900,0,0,442,6378,153,5190,442,11568,California
Lake,2021-03-02,745,17515,18,4888,727,12627,0,0,289,6211,456,5646,289,11857,California
Lake,2021-03-03,358,17873,195,5083,163,12790,0,0,135,6123,223,5869,135,11992,California
Lake,2021-03-04,578,18451,509,5592,69,12859,0,0,561,6667,17,5886,561,12553,California
Lake,2021-03-05,1036,19487,40,5632,996,13855,0,0,174,5983,858,6744,174,12727,California
Lake,2021-03-06,34,19521,9,5641,24,13879,1,1,21,5992,13,6757,22,12749,California
Lake,2021-03-07,7,19528,5,5646,2,13881,0,1,4,5993,3,6760,4,12753,California
Lake,2021-03-08,339,19867,267,5913,63,13944,9,10,299,6261,40,6800,308,13061,California
Lake,2021-03-09,915,20782,29,5942,869,14813,17,27,393,6150,521,7321,410,13471,California
Lake,2021-03-10,203,20985,60,6002,130,14943,13,40,135,6230,68,7389,148,13619,California
Lake,2021-03-11,583,21568,47,6049,62,15005,474,514,48,6217,535,7924,522,14141,California
Lake,2021-03-12,851,22419,202,6251,625,15630,24,538,362,6115,488,8412,386,14527,California
Lake,2021-03-13,277,22696,21,6272,20,15650,236,774,16,6106,260,8672,251,14778,California
Lake,2021-03-14,11,22707,2,6274,9,15659,0,774,7,6109,4,8676,7,14785,California
Lake,2021-03-15,642,23349,14,6288,611,16270,17,791,483,6450,159,8835,500,15285,California
Lake,2021-03-16,1113,24462,834,7122,262,16532,17,808,446,6249,663,9498,462,15747,California
Lake,2021-03-17,248,24710,121,7243,105,16637,22,830,92,6207,156,9654,114,15861,California
Lake,2021-03-18,748,25458,373,7616,338,16975,37,867,372,6240,375,10029,408,16269,California
Lake,2021-03-19,580,26038,313,7929,247,17222,20,887,473,6627,106,10135,493,16762,California
Lake,2021-03-20,248,26286,8,7937,237,17459,3,890,29,6442,217,10352,32,16794,California
Lake,2021-03-21,16,26302,11,7948,4,17463,1,891,11,6449,5,10357,12,16806,California
Lake,2021-03-22,325,26627,245,8193,66,17529,14,905,239,6616,86,10443,253,17059,California
Lake,2021-03-23,419,27046,21,8214,385,17914,13,918,353,6917,65,10508,366,17425,California
Lake,2021-03-24,413,27459,61,8275,344,18258,8,926,317,7148,95,10603,326,17751,California
Lake,2021-03-25,660,28119,469,8744,185,18443,6,932,175,6844,485,11088,181,17932,California
Lake,2021-03-26,68,28187,33,8777,34,18477,1,933,44,6865,24,11112,45,17977,California
Lake,2021-03-27,309,28496,7,8784,299,18776,3,936,17,6595,290,11402,20,17997,California
Lake,2021-03-28,17,28513,8,8792,9,18785,0,936,11,6600,6,11408,11,18008,California
Lake,2021-03-29,899,29412,268,9060,629,19414,2,938,193,6091,704,12112,195,18203,California
Lake,2021-03-30,452,29864,303,9363,147,19561,2,940,366,6374,85,12197,368,18571,California
Lake,2021-03-31,582,30446,60,9423,522,20083,0,940,417,6634,157,12354,417,18988,California
Lake,2021-04-01,424,30870,219,9642,193,20276,12,952,179,6583,242,12596,191,19179,California
Lake,2021-04-02,221,31091,41,9683,152,20428,28,980,98,6586,123,12719,126,19305,California
Lake,2021-04-03,32,31123,6,9689,23,20451,3,983,13,6583,19,12738,16,19321,California
Lake,2021-04-04,20,31143,11,9700,7,20458,2,985,15,6595,5,12743,17,19338,California
Lake,2021-04-05,638,31781,70,9770,549,21007,19,1004,399,6776,236,12979,417,19755,California
Lake,2021-04-06,475,32256,16,9786,433,21440,26,1030,302,6932,172,13151,328,20083,California
Lake,2021-04-07,517,32773,56,9842,410,21850,51,1081,350,7168,165,13316,401,20484,California
Lake,2021-04-08,597,33370,486,10328,45,21895,66,1147,102,6844,492,13808,168,20652,California
Lake,2021-04-09,281,33651,39,10367,173,22068,69,1216,47,6729,231,14039,116,20768,California
Lake,2021-04-10,251,33902,14,10381,13,22081,224,1440,9,6720,242,14281,233,21001,California
Lake,2021-04-11,22,33924,17,10398,3,22084,2,1442,7,6714,15,14296,9,21010,California
Lake,2021-04-12,1069,34993,232,10630,804,22888,33,1475,248,6175,820,15116,281,21291,California
Lake,2021-04-13,179,35172,109,10739,70,22958,0,1475,53,6102,126,15242,53,21344,California
Lake,2021-04-14,612,35784,38,10777,574,23532,0,1475,548,6587,63,15305,548,21892,California
Lake,2021-04-15,640,36424,192,10969,448,23980,0,1475,331,6609,309,15614,331,22223,California
Lake,2021-04-16,263,36687,29,10998,233,24213,1,1476,73,6494,189,15803,74,22297,California
Lake,2021-04-17,41,36728,12,11010,29,24242,0,1476,31,6515,10,15813,31,22328,California
Lake,2021-04-18,8,36736,5,11015,3,24245,0,1476,0,6507,8,15821,0,22328,California
Lake,2021-04-19,295,37031,38,11053,257,24502,0,1476,245,6702,50,15871,245,22573,California
Lake,2021-04-20,692,37723,278,11331,414,24916,0,1476,113,6238,578,16449,114,22687,California
Lake,2021-04-21,532,38255,64,11395,468,25384,0,1476,204,6114,328,16777,204,22891,California
Lake,2021-04-22,461,38716,50,11445,411,25795,0,1476,314,6282,146,16923,314,23205,California
Lake,2021-04-23,113,38829,58,11503,55,25850,0,1476,67,6303,46,16969,67,23272,California
Lake,2021-04-24,53,38882,9,11512,44,25894,0,1476,39,6328,14,16983,39,23311,California
Lake,2021-04-25,35,38917,18,11530,17,25911,0,1476,23,6339,12,16995,23,23334,California
Lake,2021-04-26,286,39203,78,11608,207,26118,1,1477,83,6220,203,17198,84,23418,California
Lake,2021-04-27,240,39443,22,11630,200,26318,18,1495,82,6162,158,17356,100,23518,California
Lake,2021-04-28,507,39950,47,11677,445,26763,15,1510,117,5905,388,17744,131,23649,California
Lake,2021-04-29,212,40162,83,11760,113,26876,16,1526,115,5939,97,17841,131,23780,California
Lake,2021-04-30,289,40451,46,11806,212,27088,31,1557,150,5981,139,17980,181,23961,California
Lake,2021-05-01,47,40498,26,11832,19,27107,2,1559,32,6000,15,17995,34,23995,California
Lake,2021-05-02,18,40516,9,11841,8,27115,1,1560,9,6001,9,18004,10,24005,California
Lake,2021-05-03,409,40925,26,11867,348,27463,35,1595,63,5754,345,18349,98,24103,California
Lake,2021-05-04,405,41330,216,12083,141,27604,48,1643,125,5648,279,18628,173,24276,California
Lake,2021-05-05,631,41961,45,12128,574,28178,12,1655,89,5208,540,19168,100,24376,California
Lake,2021-05-06,141,42102,19,12147,93,28271,29,1684,72,5239,69,19237,100,24476,California
Lake,2021-05-07,164,42266,28,12175,116,28387,20,1704,103,5303,59,19296,123,24599,California
Lake,2021-05-08,43,42309,8,12183,35,28422,0,1704,36,5332,7,19303,36,24635,California
Lake,2021-05-09,17,42326,2,12185,10,28432,5,1709,10,5340,7,19310,15,24650,California
Lake,2021-05-10,243,42569,12,12197,204,28636,27,1736,58,5241,184,19494,85,24735,California
Lake,2021-05-11,193,42762,27,12224,151,28787,15,1751,117,5298,76,19570,133,24868,California
Lake,2021-05-12,542,43304,33,12257,490,29277,19,1770,57,4888,485,20055,75,24943,California
Lake,2021-05-13,301,43605,61,12318,229,29506,11,1781,71,4742,228,20283,82,25025,California
Lake,2021-05-14,185,43790,45,12363,129,29635,11,1792,119,4807,65,20348,130,25155,California
Lake,2021-05-15,24,43814,7,12370,15,29650,2,1794,12,4809,12,20360,14,25169,California
Lassen,2020-12-16,8,8,8,8,0,0,0,0,8,8,0,0,8,8,California
Lassen,2020-12-17,6,14,6,14,0,0,0,0,6,14,0,0,6,14,California
Lassen,2020-12-18,1,15,1,15,0,0,0,0,1,15,0,0,1,15,California
Lassen,2020-12-19,5,20,5,20,0,0,0,0,5,20,0,0,5,20,California
Lassen,2020-12-20,2,22,2,22,0,0,0,0,2,22,0,0,2,22,California
Lassen,2020-12-21,11,33,11,33,0,0,0,0,11,33,0,0,11,33,California
Lassen,2020-12-22,23,56,23,56,0,0,0,0,23,56,0,0,23,56,California
Lassen,2020-12-23,6,62,6,62,0,0,0,0,6,62,0,0,6,62,California
Lassen,2020-12-24,11,73,11,73,0,0,0,0,11,73,0,0,11,73,California
Lassen,2020-12-28,3,76,2,75,1,1,0,0,3,76,0,0,3,76,California
Lassen,2020-12-29,35,111,35,110,0,1,0,0,35,111,0,0,35,111,California
Lassen,2020-12-30,36,147,35,145,1,2,0,0,36,147,0,0,36,147,California
Lassen,2020-12-31,49,196,42,187,7,9,0,0,49,196,0,0,49,196,California
Lassen,2021-01-02,1,197,0,187,1,10,0,0,1,197,0,0,1,197,California
Lassen,2021-01-04,15,212,1,188,14,24,0,0,15,212,0,0,15,212,California
Lassen,2021-01-05,194,406,53,241,141,165,0,0,194,406,0,0,194,406,California
Lassen,2021-01-06,95,501,44,285,51,216,0,0,87,486,8,8,88,494,California
Lassen,2021-01-07,43,544,7,292,36,252,0,0,37,517,6,14,37,531,California
Lassen,2021-01-08,50,594,2,294,48,300,0,0,50,567,0,14,50,581,California
Lassen,2021-01-09,12,606,6,300,6,306,0,0,12,579,0,14,12,593,California
Lassen,2021-01-11,27,633,5,305,22,328,0,0,27,606,0,14,27,620,California
Lassen,2021-01-12,49,682,29,334,20,348,0,0,30,617,19,33,30,650,California
Lassen,2021-01-13,161,843,18,352,143,491,0,0,146,748,15,48,146,796,California
Lassen,2021-01-14,163,1006,18,370,145,636,0,0,151,887,12,60,151,947,California
Lassen,2021-01-15,33,1039,6,376,27,663,0,0,33,920,0,60,33,980,California
Lassen,2021-01-16,34,1073,33,409,1,664,0,0,34,954,0,60,34,1014,California
Lassen,2021-01-17,1,1074,0,409,1,665,0,0,1,955,0,60,1,1015,California
Lassen,2021-01-18,5,1079,2,411,3,668,0,0,4,958,1,61,4,1019,California
Lassen,2021-01-19,185,1264,36,447,149,817,0,0,157,1087,28,89,157,1176,California
Lassen,2021-01-20,188,1452,100,547,88,905,0,0,105,1124,68,157,105,1281,California
Lassen,2021-01-21,145,1597,93,640,52,957,0,0,121,1227,18,175,121,1402,California
Lassen,2021-01-22,31,1628,18,658,13,970,0,0,21,1238,10,185,21,1423,California
Lassen,2021-01-23,2,1630,0,658,2,972,0,0,2,1240,0,185,2,1425,California
Lassen,2021-01-24,1,1631,0,658,1,973,0,0,1,1241,0,185,1,1426,California
Lassen,2021-01-25,11,1642,0,658,11,984,0,0,11,1252,0,185,11,1437,California
Lassen,2021-01-26,126,1768,12,670,114,1098,0,0,122,1370,4,189,122,1559,California
Lassen,2021-01-27,87,1855,35,705,52,1150,0,0,69,1421,18,207,69,1628,California
Lassen,2021-01-28,85,1940,15,720,70,1220,0,0,84,1504,1,208,84,1712,California
Lassen,2021-01-29,23,1963,7,727,16,1236,0,0,22,1525,1,209,22,1734,California
Lassen,2021-02-01,62,2025,4,731,58,1294,0,0,36,1535,26,235,36,1770,California
Lassen,2021-02-02,177,2202,12,743,165,1459,0,0,44,1446,133,368,44,1814,California
Lassen,2021-02-03,96,2298,21,764,75,1534,0,0,51,1452,45,413,51,1865,California
Lassen,2021-02-04,112,2410,15,779,97,1631,0,0,63,1466,49,462,63,1928,California
Lassen,2021-02-05,65,2475,12,791,53,1684,0,0,23,1447,42,504,23,1951,California
Lassen,2021-02-06,69,2544,34,825,35,1719,0,0,36,1451,32,536,36,1987,California
Lassen,2021-02-07,2,2546,2,827,0,1719,0,0,2,1453,0,536,2,1989,California
Lassen,2021-02-08,44,2590,4,831,40,1759,0,0,18,1445,26,562,18,2007,California
Lassen,2021-02-09,129,2719,8,839,121,1880,0,0,50,1416,79,641,50,2057,California
Lassen,2021-02-10,184,2903,21,860,163,2043,0,0,76,1384,108,749,76,2133,California
Lassen,2021-02-11,184,3087,16,876,168,2211,0,0,80,1361,103,852,80,2213,California
Lassen,2021-02-12,42,3129,11,887,31,2242,0,0,14,1347,28,880,14,2227,California
Lassen,2021-02-13,12,3141,3,890,9,2251,0,0,10,1355,2,882,10,2237,California
Lassen,2021-02-14,13,3154,0,890,13,2264,0,0,12,1366,1,883,12,2249,California
Lassen,2021-02-15,21,3175,2,892,19,2283,0,0,17,1379,4,887,17,2266,California
Lassen,2021-02-16,192,3367,4,896,188,2471,0,0,31,1251,159,1046,31,2297,California
Lassen,2021-02-17,183,3550,94,990,89,2560,0,0,10,1088,173,1219,10,2307,California
Lassen,2021-02-18,80,3630,22,1012,58,2618,0,0,20,1048,60,1279,20,2327,California
Lassen,2021-02-19,82,3712,62,1074,20,2638,0,0,18,1002,64,1343,18,2345,California
Lassen,2021-02-20,8,3720,0,1074,8,2646,0,0,6,1006,2,1345,6,2351,California
Lassen,2021-02-21,22,3742,2,1076,20,2666,0,0,18,1020,4,1349,18,2369,California
Lassen,2021-02-22,24,3766,10,1086,14,2680,0,0,6,1008,18,1367,6,2375,California
Lassen,2021-02-23,153,3919,10,1096,143,2823,0,0,41,937,112,1479,41,2416,California
Lassen,2021-02-24,165,4084,16,1112,149,2972,0,0,107,987,57,1536,107,2523,California
Lassen,2021-02-25,156,4240,19,1131,137,3109,0,0,99,1029,57,1593,99,2622,California
Lassen,2021-02-26,73,4313,16,1147,57,3166,0,0,36,1028,37,1630,36,2658,California
Lassen,2021-02-27,8,4321,7,1154,1,3167,0,0,3,1026,5,1635,3,2661,California
Lassen,2021-02-28,6,4327,1,1155,5,3172,0,0,3,1026,3,1638,3,2664,California
Lassen,2021-03-01,42,4369,4,1159,38,3210,0,0,8,1001,33,1671,8,2672,California
Lassen,2021-03-02,106,4475,8,1167,98,3308,0,0,80,1055,26,1697,80,2752,California
Lassen,2021-03-03,170,4645,12,1179,158,3466,0,0,113,1111,57,1754,113,2865,California
Lassen,2021-03-04,150,4795,17,1196,133,3599,0,0,100,1162,49,1803,100,2965,California
Lassen,2021-03-05,47,4842,7,1203,17,3616,23,23,11,1160,36,1839,34,2999,California
Lassen,2021-03-06,55,4897,4,1207,29,3645,22,45,5,1137,50,1889,27,3026,California
Lassen,2021-03-07,56,4953,1,1208,0,3645,55,100,1,1138,55,1944,56,3082,California
Lassen,2021-03-08,89,5042,2,1210,7,3652,80,180,3,1135,86,2030,83,3165,California
Lassen,2021-03-09,137,5179,11,1221,109,3761,17,197,88,1192,49,2079,106,3271,California
Lassen,2021-03-10,175,5354,10,1231,163,3924,2,199,79,1178,95,2174,81,3352,California
Lassen,2021-03-11,185,5539,16,1247,162,4086,7,206,113,1229,69,2243,120,3472,California
Lassen,2021-03-12,35,5574,18,1265,13,4099,4,210,12,1222,23,2266,16,3488,California
Lassen,2021-03-13,49,5623,0,1265,3,4102,46,256,1,1220,48,2314,46,3534,California
Lassen,2021-03-14,14,5637,2,1267,11,4113,1,257,2,1211,12,2326,3,3537,California
Lassen,2021-03-15,33,5670,2,1269,31,4144,0,257,16,1210,17,2343,16,3553,California
Lassen,2021-03-16,93,5763,2,1271,85,4229,6,263,74,1271,19,2362,80,3633,California
Lassen,2021-03-17,1083,6846,9,1280,1069,5298,5,268,1064,2321,19,2381,1069,4702,California
Lassen,2021-03-18,95,6941,9,1289,85,5383,1,269,81,2389,14,2395,82,4784,California
Lassen,2021-03-19,17,6958,11,1300,2,5385,4,273,7,2390,10,2405,11,4795,California
Lassen,2021-03-20,29,6987,3,1303,23,5408,3,276,22,2408,7,2412,25,4820,California
Lassen,2021-03-21,34,7021,0,1303,34,5442,0,276,14,2403,19,2431,14,4834,California
Lassen,2021-03-22,57,7078,1,1304,56,5498,0,276,54,2454,3,2434,54,4888,California
Lassen,2021-03-23,119,7197,11,1315,107,5605,1,277,67,2470,52,2486,68,4956,California
Lassen,2021-03-24,213,7410,13,1328,199,5804,1,278,107,2473,105,2591,108,5064,California
Lassen,2021-03-25,153,7563,22,1350,131,5935,0,278,70,2460,83,2674,70,5134,California
Lassen,2021-03-26,78,7641,13,1363,26,5961,39,317,19,2459,58,2732,57,5191,California
Lassen,2021-03-27,20,7661,4,1367,1,5962,15,332,3,2460,17,2749,18,5209,California
Lassen,2021-03-28,18,7679,3,1370,5,5967,10,342,4,2460,14,2763,14,5223,California
Lassen,2021-03-29,52,7731,0,1370,27,5994,25,367,20,2474,31,2794,45,5268,California
Lassen,2021-03-30,198,7929,10,1380,163,6157,25,392,51,2403,147,2941,76,5344,California
Lassen,2021-03-31,146,8075,12,1392,112,6269,22,414,62,2403,84,3025,84,5428,California
Lassen,2021-04-01,165,8240,15,1407,131,6400,19,433,48,2354,116,3141,67,5495,California
Lassen,2021-04-02,29,8269,4,1411,3,6403,22,455,2,2351,27,3168,24,5519,California
Lassen,2021-04-03,12,8281,0,1411,2,6405,10,465,0,2349,12,3180,10,5529,California
Lassen,2021-04-04,7,8288,2,1413,0,6405,5,470,1,2349,6,3186,6,5535,California
Lassen,2021-04-05,22,8310,4,1417,11,6416,7,477,11,2356,11,3197,18,5553,California
Lassen,2021-04-06,184,8494,9,1426,145,6561,30,507,53,2308,131,3328,83,5636,California
Lassen,2021-04-07,135,8629,6,1432,92,6653,37,544,32,2276,103,3431,71,5707,California
Lassen,2021-04-08,168,8797,9,1441,103,6756,56,600,32,2232,132,3563,88,5795,California
Lassen,2021-04-09,52,8849,6,1447,11,6767,35,635,9,2233,42,3605,43,5838,California
Lassen,2021-04-10,9,8858,0,1447,2,6769,7,642,0,2232,8,3613,7,5845,California
Lassen,2021-04-11,5,8863,2,1449,0,6769,3,645,2,2234,3,3616,5,5850,California
Lassen,2021-04-12,30,8893,2,1451,15,6784,13,658,2,2221,28,3644,15,5865,California
Lassen,2021-04-13,129,9022,6,1457,123,6907,0,658,40,2173,88,3732,40,5905,California
Lassen,2021-04-14,987,10009,16,1473,971,7878,0,658,51,1289,935,4667,51,5956,California
Lassen,2021-04-15,147,10156,14,1487,133,8011,0,658,19,1180,128,4795,19,5975,California
Lassen,2021-04-16,11,10167,4,1491,7,8018,0,658,5,1179,6,4801,5,5980,California
Lassen,2021-04-17,23,10190,2,1493,21,8039,0,658,3,1162,20,4821,3,5983,California
Lassen,2021-04-18,5,10195,2,1495,3,8042,0,658,2,1161,3,4824,2,5985,California
Lassen,2021-04-19,33,10228,0,1495,33,8075,0,658,17,1162,16,4840,17,6002,California
Lassen,2021-04-20,138,10366,7,1502,131,8206,0,658,52,1128,86,4926,52,6054,California
Lassen,2021-04-21,163,10529,10,1512,153,8359,0,658,32,1031,129,5055,32,6086,California
Lassen,2021-04-22,102,10631,16,1528,86,8445,0,658,33,995,69,5124,33,6119,California
Lassen,2021-04-23,28,10659,3,1531,25,8470,0,658,22,1011,6,5130,22,6141,California
Lassen,2021-04-24,10,10669,6,1537,4,8474,0,658,4,1009,6,5136,4,6145,California
Lassen,2021-04-25,5,10674,0,1537,4,8478,1,659,3,1011,2,5138,4,6149,California
Lassen,2021-04-26,42,10716,1,1538,37,8515,4,663,9,991,33,5171,13,6162,California
Lassen,2021-04-27,122,10838,10,1548,109,8624,3,666,70,1012,52,5223,73,6235,California
Lassen,2021-04-28,84,10922,8,1556,74,8698,2,668,31,992,53,5276,33,6268,California
Lassen,2021-04-29,67,10989,7,1563,57,8755,3,671,22,973,44,5320,25,6293,California
Lassen,2021-04-30,11,11000,7,1570,1,8756,3,674,3,971,8,5328,6,6299,California
Lassen,2021-05-01,4,11004,0,1570,3,8759,1,675,3,974,1,5329,4,6303,California
Lassen,2021-05-02,12,11016,8,1578,4,8763,0,675,8,978,4,5333,8,6311,California
Lassen,2021-05-03,19,11035,1,1579,11,8774,7,682,4,974,15,5348,11,6322,California
Lassen,2021-05-04,72,11107,4,1583,60,8834,8,690,20,950,52,5400,28,6350,California
Lassen,2021-05-05,81,11188,4,1587,67,8901,10,700,26,932,54,5454,36,6386,California
Lassen,2021-05-06,84,11272,21,1608,41,8942,22,722,24,918,60,5514,46,6432,California
Lassen,2021-05-07,47,11319,32,1640,10,8952,5,727,39,954,8,5522,44,6476,California
Lassen,2021-05-08,11,11330,0,1640,5,8957,6,733,4,957,7,5529,10,6486,California
Lassen,2021-05-09,3,11333,1,1641,0,8957,2,735,0,956,3,5532,2,6488,California
Lassen,2021-05-10,13,11346,1,1642,9,8966,3,738,7,960,6,5538,10,6498,California
Lassen,2021-05-11,70,11416,1,1643,60,9026,9,747,19,937,51,5589,28,6526,California
Lassen,2021-05-12,41,11457,4,1647,32,9058,5,752,12,925,29,5618,17,6543,California
Lassen,2021-05-13,33,11490,8,1655,20,9078,5,757,11,919,22,5640,16,6559,California
Lassen,2021-05-14,7,11497,1,1656,3,9081,3,760,1,917,6,5646,4,6563,California
Lassen,2021-05-15,4,11501,2,1658,1,9082,1,761,1,916,3,5649,2,6565,California
Los Angeles,2020-12-15,393,393,393,393,0,0,0,0,393,393,0,0,393,393,California
Los Angeles,2020-12-16,3364,3757,3364,3757,0,0,0,0,3364,3757,0,0,3364,3757,California
Los Angeles,2020-12-17,10239,13996,10239,13996,0,0,0,0,10240,13997,0,0,10240,13997,California
Los Angeles,2020-12-18,14528,28524,14505,28501,23,23,0,0,14528,28525,0,0,14528,28525,California
Los Angeles,2020-12-19,7230,35754,7222,35723,8,31,0,0,7231,35756,0,0,7231,35756,California
Los Angeles,2020-12-20,4596,40350,4588,40311,8,39,0,0,4598,40354,0,0,4598,40354,California
Los Angeles,2020-12-21,13705,54055,13690,54001,15,54,0,0,13705,54058,1,1,13705,54059,California
Los Angeles,2020-12-22,11530,65585,11149,65150,381,435,0,0,11531,65588,1,2,11531,65590,California
Los Angeles,2020-12-23,11896,77481,10139,75289,1757,2192,0,0,11897,77485,0,2,11897,77487,California
Los Angeles,2020-12-24,7023,84504,4256,79545,2767,4959,0,0,7026,84511,0,2,7026,84513,California
Los Angeles,2020-12-25,525,85029,419,79964,106,5065,0,0,525,85036,0,2,525,85038,California
Los Angeles,2020-12-26,2527,87556,2180,82144,347,5412,0,0,2527,87562,1,3,2527,87565,California
Los Angeles,2020-12-27,1761,89317,1028,83172,733,6145,0,0,1761,89323,0,3,1761,89326,California
Los Angeles,2020-12-28,10298,99615,6388,89560,3910,10055,0,0,10296,99618,1,4,10296,99622,California
Los Angeles,2020-12-29,11605,111220,6082,95642,5523,15578,0,0,11607,111225,0,4,11607,111229,California
Los Angeles,2020-12-30,14873,126093,8092,103734,6781,22359,0,0,14872,126097,0,4,14872,126101,California
Los Angeles,2020-12-31,7944,134037,2758,106492,5186,27545,0,0,7941,134036,2,6,7941,134042,California
Los Angeles,2021-01-01,1007,135044,273,106765,734,28279,0,0,1007,135043,0,6,1007,135049,California
Los Angeles,2021-01-02,4474,139518,1662,108427,2812,31091,0,0,4474,139517,0,6,4474,139523,California
Los Angeles,2021-01-03,952,140470,217,108644,735,31826,0,0,951,140467,1,7,951,140474,California
Los Angeles,2021-01-04,12721,153191,4890,113534,7831,39657,0,0,12706,153170,3,10,12706,153180,California
Los Angeles,2021-01-05,16060,169251,7092,120626,8968,48625,0,0,14156,165453,1877,1887,14160,167340,California
Los Angeles,2021-01-06,22698,191949,12083,132709,10615,59240,0,0,17102,177035,5528,7415,17110,184450,California
Los Angeles,2021-01-07,29387,221336,15822,148531,13565,72805,0,0,18871,185450,10470,17885,18885,203335,California
Los Angeles,2021-01-08,33137,254473,17911,166442,15226,88031,0,0,20905,194158,12206,30091,20914,224249,California
Los Angeles,2021-01-09,12380,266853,7086,173528,5294,93325,0,0,7507,196800,4871,34962,7513,231762,California
Los Angeles,2021-01-10,4682,271535,3633,177161,1049,94374,0,0,1949,196017,2733,37695,1950,233712,California
Los Angeles,2021-01-11,25826,297361,16267,193428,9559,103933,0,0,14879,199968,10937,48632,14888,248600,California
Los Angeles,2021-01-12,29258,326619,16099,209527,13159,117092,0,0,19118,208976,10122,58754,19130,267730,California
Los Angeles,2021-01-13,29291,355910,15649,225176,13642,130734,0,0,20342,220391,8932,67686,20347,288077,California
Los Angeles,2021-01-14,29307,385217,12757,237933,16550,147284,0,0,23790,238694,5497,73183,23800,311877,California
Los Angeles,2021-01-15,33842,419059,12381,250314,21461,168745,0,0,30263,265411,3554,76737,30271,342148,California
Los Angeles,2021-01-16,17571,436630,4970,255284,12601,181346,0,0,15794,279440,1769,78506,15798,357946,California
Los Angeles,2021-01-17,5199,441829,2315,257599,2884,184230,0,0,4952,284148,246,78752,4954,362900,California
Los Angeles,2021-01-18,15600,457429,10074,267673,5526,189756,0,0,10892,290347,4695,83447,10894,373794,California
Los Angeles,2021-01-19,38520,495949,20622,288295,17898,207654,0,0,30715,313309,7764,91211,30726,404520,California
Los Angeles,2021-01-20,45879,541828,24001,312296,21878,229532,0,0,38382,344234,7467,98678,38392,442912,California
Los Angeles,2021-01-21,48771,590599,22484,334780,26287,255819,0,0,44491,384523,4216,102894,44505,487417,California
Los Angeles,2021-01-22,48023,638622,22304,357084,25719,281538,0,0,44589,425733,3389,106283,44599,532016,California
Los Angeles,2021-01-23,33997,672619,15721,372805,18276,299814,0,0,31942,455665,2022,108305,31954,563970,California
Los Angeles,2021-01-24,15749,688368,12222,385027,3527,303341,0,0,15201,470327,540,108845,15202,579172,California
Los Angeles,2021-01-25,38949,727317,16610,401637,22339,325680,0,0,30332,492087,8588,117433,30348,609520,California
Los Angeles,2021-01-26,49349,776666,24522,426159,24827,350507,0,0,41141,525075,8173,125606,41161,650681,California
Los Angeles,2021-01-27,48610,825276,25862,452021,22748,373255,0,0,39356,555335,9116,134722,39376,690057,California
Los Angeles,2021-01-28,48695,873971,23168,475189,25527,398782,0,0,40260,587296,8313,143035,40274,730331,California
Los Angeles,2021-01-29,49321,923292,25436,500625,23885,422667,0,0,39246,616837,9721,152756,39262,769593,California
Los Angeles,2021-01-30,30038,953330,15433,516058,14605,437272,0,0,25880,638640,4081,156837,25884,795477,California
Los Angeles,2021-01-31,13039,966369,10396,526454,2643,439915,0,0,12106,649831,919,157756,12110,807587,California
Los Angeles,2021-02-01,38166,1004535,16300,542754,21866,461781,0,0,27828,667364,10305,168061,27838,835425,California
Los Angeles,2021-02-02,44290,1048825,17921,560675,26369,488150,0,0,32078,687277,12168,180229,32081,867506,California
Los Angeles,2021-02-03,52203,1101028,19610,580285,32593,520743,0,0,37282,709887,14678,194907,37288,904794,California
Los Angeles,2021-02-04,57254,1158282,20748,601033,36506,557249,0,0,39100,731154,17847,212754,39114,943908,California
Los Angeles,2021-02-05,61339,1219621,21149,622182,40190,597439,0,0,39376,748994,21545,234299,39385,983293,California
Los Angeles,2021-02-06,35590,1255211,13369,635551,22221,619660,0,0,27137,767777,8377,242676,27160,1010453,California
Los Angeles,2021-02-07,10873,1266084,8448,643999,2425,622085,0,0,8466,773858,2392,245068,8473,1018926,California
Los Angeles,2021-02-08,46826,1312910,21583,665582,25243,647328,0,0,30629,788428,16061,261129,30631,1049557,California
Los Angeles,2021-02-09,55852,1368762,24630,690212,31222,678550,0,0,28389,789438,27386,288515,28396,1077953,California
Los Angeles,2021-02-10,66975,1435737,29457,719669,37518,716068,0,0,30847,784548,35747,324262,30857,1108810,California
Los Angeles,2021-02-11,58281,1494018,31134,750803,27147,743215,0,0,28202,783118,29636,353898,28206,1137016,California
Los Angeles,2021-02-12,59676,1553694,29916,780719,29760,772975,0,0,26014,775829,33319,387217,26030,1163046,California
Los Angeles,2021-02-13,33849,1587543,19663,800382,14186,787161,0,0,15501,773106,18262,405479,15539,1178585,California
Los Angeles,2021-02-14,21928,1609471,15007,815389,6921,794082,0,0,8809,768860,13058,418537,8812,1187397,California
Los Angeles,2021-02-15,32793,1642264,15940,831329,16853,810935,0,0,18028,772194,14700,433237,18034,1205431,California
Los Angeles,2021-02-16,64244,1706508,32631,863960,31613,842548,0,0,30011,768077,34140,467377,30023,1235454,California
Los Angeles,2021-02-17,64832,1771340,34532,898492,30300,872848,0,0,26592,756612,38064,505441,26599,1262053,California
Los Angeles,2021-02-18,68542,1839882,34825,933317,33717,906565,0,0,28690,745649,39664,545105,28701,1290754,California
Los Angeles,2021-02-19,58245,1898127,35990,969307,22255,928820,0,0,28585,744691,29557,574662,28599,1319353,California
Los Angeles,2021-02-20,32822,1930949,23882,993189,8940,937760,0,0,15767,743464,17002,591664,15775,1335128,California
Los Angeles,2021-02-21,16838,1947787,15177,1008366,1661,939421,0,0,8531,743737,8261,599925,8534,1343662,California
Los Angeles,2021-02-22,34384,1982171,25015,1033381,9369,948790,0,0,17757,744951,16554,616479,17768,1361430,California
Los Angeles,2021-02-23,53762,2035933,22822,1056203,30940,979730,0,0,21155,733621,32496,648975,21166,1382596,California
Los Angeles,2021-02-24,64368,2100301,28460,1084663,35908,1015638,0,0,28326,726096,35869,684844,28344,1410940,California
Los Angeles,2021-02-25,73976,2174277,33815,1118478,40161,1055799,0,0,38922,730137,34894,719738,38935,1449875,California
Los Angeles,2021-02-26,83553,2257830,38652,1157130,44901,1100700,0,0,47969,742799,35338,755076,48000,1497875,California
Los Angeles,2021-02-27,58825,2316655,25118,1182248,33703,1134403,4,4,30035,744219,28642,783718,30062,1527937,California
Los Angeles,2021-02-28,26859,2343514,18533,1200781,8325,1142728,1,5,18833,755155,7904,791622,18840,1546777,California
Los Angeles,2021-03-01,55726,2399240,31228,1232009,24476,1167204,22,27,33755,767139,21808,813430,33792,1580569,California
Los Angeles,2021-03-02,71163,2470403,31599,1263608,39562,1206766,2,29,43492,783096,27548,840978,43505,1624074,California
Los Angeles,2021-03-03,83033,2553436,41684,1305292,41339,1248105,10,39,52236,804730,30634,871612,52268,1676342,California
Los Angeles,2021-03-04,89824,2643260,45813,1351105,44000,1292105,11,50,56474,828063,33170,904782,56503,1732845,California
Los Angeles,2021-03-05,88188,2731448,42750,1393855,45409,1337514,29,79,58850,857822,29153,933935,58912,1791757,California
Los Angeles,2021-03-06,66269,2797717,33312,1427167,31139,1368653,1818,1897,42639,878801,23481,957416,44460,1836217,California
Los Angeles,2021-03-07,25783,2823500,19377,1446544,5599,1374252,807,2704,19864,893576,5891,963307,20666,1856883,California
Los Angeles,2021-03-08,51547,2875047,26741,1473285,22858,1397110,1948,4652,38759,921599,12681,975988,40704,1897587,California
Los Angeles,2021-03-09,69120,2944167,26566,1499851,39277,1436387,3277,7929,41311,938524,27654,1003642,44579,1942166,California
Los Angeles,2021-03-10,79470,3023637,37419,1537270,37182,1473569,4869,12798,49756,963568,29544,1033186,54588,1996754,California
Los Angeles,2021-03-11,92411,3116048,45022,1582292,40712,1514281,6677,19475,54116,986210,38110,1071296,60752,2057506,California
Los Angeles,2021-03-12,97477,3213525,43322,1625614,40324,1554605,13831,33306,56737,1016180,40548,1111844,70518,2128024,California
Los Angeles,2021-03-13,74071,3287596,34488,1660102,27685,1582290,11898,45204,44006,1042089,29950,1141794,55859,2183883,California
Los Angeles,2021-03-14,38116,3325712,25427,1685529,10225,1592515,2464,47668,25497,1057473,12556,1154350,27940,2211823,California
Los Angeles,2021-03-15,73659,3399371,35573,1721102,32753,1625268,5333,53001,44746,1078808,28721,1183071,50056,2261879,California
Los Angeles,2021-03-16,98533,3497904,42676,1763778,50090,1675358,5767,58768,64303,1114797,34043,1217114,70032,2331911,California
Los Angeles,2021-03-17,95809,3593713,43038,1806816,44559,1719917,8212,66980,64409,1156106,31204,1248318,72513,2404424,California
Los Angeles,2021-03-18,100215,3693928,47448,1854264,47559,1767476,5208,72188,63874,1189104,36071,1284389,69069,2473493,California
Los Angeles,2021-03-19,106841,3800769,55185,1909449,46977,1814453,4679,76867,66453,1220073,40118,1324507,71087,2544580,California
Los Angeles,2021-03-20,75152,3875921,36633,1946082,34005,1848458,4514,81381,52064,1253729,22907,1347414,56563,2601143,California
Los Angeles,2021-03-21,33603,3909524,24802,1970884,7956,1856414,845,82226,21815,1264714,11675,1359089,22660,2623803,California
Los Angeles,2021-03-22,69601,3979125,40630,2011514,26972,1883386,1999,84225,49425,1296204,19931,1379020,51421,2675224,California
Los Angeles,2021-03-23,94982,4074107,50950,2062464,40967,1924353,3065,87290,62886,1330284,31856,1410876,65936,2741160,California
Los Angeles,2021-03-24,103646,4177753,54789,2117253,45900,1970253,2957,90247,61513,1352914,41829,1452705,64459,2805619,California
Los Angeles,2021-03-25,108983,4286736,58038,2175291,47254,2017507,3691,93938,62438,1372752,46274,1498979,66112,2871731,California
Los Angeles,2021-03-26,113171,4399907,61492,2236783,47575,2065082,4104,98042,64158,1392242,48750,1547729,68240,2939971,California
Los Angeles,2021-03-27,82104,4482011,43014,2279797,36959,2102041,2131,100173,42930,1398369,38936,1586665,45063,2985034,California
Los Angeles,2021-03-28,40942,4522953,27388,2307185,12971,2115012,583,100756,20764,1399663,20052,1606717,21346,3006380,California
Los Angeles,2021-03-29,81544,4604497,45973,2353158,33971,2148983,1600,102356,46732,1413364,34626,1641343,48327,3054707,California
Los Angeles,2021-03-30,107144,4711641,50535,2403693,50848,2199831,5761,108117,65622,1443417,41304,1682647,71357,3126064,California
Los Angeles,2021-03-31,120313,4831954,60372,2464065,51423,2251254,8518,116635,70324,1472502,49717,1732364,78802,3204866,California
Los Angeles,2021-04-01,130865,4962819,61060,2525125,54946,2306200,14859,131494,71206,1499152,59381,1791745,86031,3290897,California
Los Angeles,2021-04-02,129114,5091933,57040,2582165,57150,2363350,14924,146418,69181,1523642,59620,1851365,84110,3375007,California
Los Angeles,2021-04-03,96633,5188566,44025,2626190,39531,2402881,13077,159495,48199,1536621,48265,1899630,61244,3436251,California
Los Angeles,2021-04-04,38998,5227564,20379,2646569,12026,2414907,6593,166088,16732,1537715,22197,1921827,23291,3459542,California
Los Angeles,2021-04-05,93348,5320912,44158,2690727,39044,2453951,10146,176234,44919,1544478,48244,1970071,55007,3514549,California
Los Angeles,2021-04-06,120297,5441209,56613,2747340,43522,2497473,20162,196396,55887,1556242,64181,2034252,75945,3590494,California
Los Angeles,2021-04-07,118953,5560162,54063,2801403,43960,2541433,20930,217326,54404,1567144,64317,2098569,75219,3665713,California
Los Angeles,2021-04-08,131477,5691639,57886,2859289,49678,2591111,23913,241239,59967,1579641,71249,2169818,83746,3749459,California
Los Angeles,2021-04-09,130134,5821773,56244,2915533,50098,2641209,23792,265031,56469,1586377,73393,2243211,80129,3829588,California
Los Angeles,2021-04-10,100680,5922453,42738,2958271,34042,2675251,23900,288931,37335,1584371,63130,2306341,61124,3890712,California
Los Angeles,2021-04-11,41607,5964060,22492,2980763,9601,2684852,9514,298445,14504,1581306,27034,2333375,23969,3914681,California
Los Angeles,2021-04-12,78409,6042469,38324,3019087,33815,2718667,6270,304715,32633,1574572,45583,2378958,38849,3953530,California
Los Angeles,2021-04-13,116739,6159208,58733,3077820,57584,2776251,422,305137,61818,1582107,54711,2433669,62246,4015776,California
Los Angeles,2021-04-14,117054,6276262,58786,3136606,58139,2834390,129,305266,63549,1592518,53264,2486933,63675,4079451,California
Los Angeles,2021-04-15,129124,6405386,69764,3206370,59190,2893580,170,305436,74087,1611855,54784,2541717,74121,4153572,California
Los Angeles,2021-04-16,128489,6533875,68272,3274642,60077,2953657,140,305576,67941,1619569,60301,2602018,68015,4221587,California
Los Angeles,2021-04-17,96741,6630616,50610,3325252,46106,2999763,25,305601,55042,1633119,41515,2643533,55065,4276652,California
Los Angeles,2021-04-18,33783,6664399,22400,3347652,11382,3011145,1,305602,18653,1636714,15064,2658597,18659,4295311,California
Los Angeles,2021-04-19,74501,6738900,39554,3387206,34937,3046082,10,305612,33349,1629093,40989,2699586,33368,4328679,California
Los Angeles,2021-04-20,101267,6840167,49757,3436963,51491,3097573,19,305631,50361,1628784,50690,2750276,50381,4379060,California
Los Angeles,2021-04-21,108853,6949020,52462,3489425,56202,3153775,189,305820,48486,1617385,60076,2810352,48677,4427737,California
Los Angeles,2021-04-22,114363,7063383,59031,3548456,55298,3209073,34,305854,50220,1603795,63849,2874201,50259,4477996,California
Los Angeles,2021-04-23,113290,7176673,62160,3610616,51112,3260185,18,305872,53973,1598749,59037,2933238,53991,4531987,California
Los Angeles,2021-04-24,87546,7264219,56289,3666905,31231,3291416,26,305898,48832,1609110,38504,2971742,48865,4580852,California
Los Angeles,2021-04-25,37762,7301981,25093,3691998,12664,3304080,5,305903,20407,1612261,17261,2989003,20412,4601264,California
Los Angeles,2021-04-26,68929,7370910,37100,3729098,31382,3335462,447,306350,33975,1611908,34770,3023773,34417,4635681,California
Los Angeles,2021-04-27,85966,7456876,41648,3770746,42640,3378102,1678,308028,32800,1593453,52925,3076698,34470,4670151,California
Los Angeles,2021-04-28,84270,7541146,40763,3811509,41496,3419598,2011,310039,32843,1577129,51170,3127868,34846,4704997,California
Los Angeles,2021-04-29,90571,7631717,45302,3856811,43165,3462763,2104,312143,32111,1553212,58133,3186001,34216,4739213,California
Los Angeles,2021-04-30,98363,7730080,48863,3905674,47132,3509895,2368,314511,35786,1529127,62227,3248228,38142,4777355,California
Los Angeles,2021-05-01,74699,7804779,42070,3947744,31136,3541031,1493,316004,28283,1512700,46198,3294426,29771,4807126,California
Los Angeles,2021-05-02,27903,7832682,17898,3965642,9274,3550305,731,316735,10093,1505819,17703,3312129,10822,4817948,California
Los Angeles,2021-05-03,60191,7892873,29607,3995249,28427,3578732,2157,318892,21166,1490319,38810,3350939,23310,4841258,California
Los Angeles,2021-05-04,84888,7977761,46810,4042059,35878,3614610,2200,321092,25947,1459794,58660,3409599,28135,4869393,California
Los Angeles,2021-05-05,87720,8065481,51266,4093325,34133,3648743,2321,323413,23923,1422519,63510,3473109,26235,4895628,California
Los Angeles,2021-05-06,95206,8160687,57584,4150909,35167,3683910,2455,325868,22695,1375501,72153,3545262,25135,4920763,California
Los Angeles,2021-05-07,94387,8255074,56308,4207217,35756,3719666,2323,328191,25609,1334958,68456,3613718,27913,4948676,California
Los Angeles,2021-05-08,63105,8318179,41651,4248868,19846,3739512,1608,329799,17025,1307958,45624,3659342,18624,4967300,California
Los Angeles,2021-05-09,23698,8341877,17889,4266757,5079,3744591,730,330529,6057,1297306,17435,3676777,6783,4974083,California
Los Angeles,2021-05-10,47830,8389707,25192,4291949,20815,3765406,1823,332352,14295,1280179,33237,3710014,16110,4990193,California
Los Angeles,2021-05-11,66173,8455880,35622,4327571,28594,3794000,1957,334309,16845,1249864,49098,3759112,18783,5008976,California
Los Angeles,2021-05-12,65236,8521116,35468,4363039,27853,3821853,1915,336224,18347,1223500,46610,3805722,20246,5029222,California
Los Angeles,2021-05-13,66618,8587734,40577,4403616,24628,3846481,1413,337637,23387,1205379,42912,3848634,24791,5054013,California
Los Angeles,2021-05-14,67415,8655149,43139,4446755,22848,3869329,1428,339065,22878,1185363,44312,3892946,24296,5078309,California
Los Angeles,2021-05-15,47523,8702672,36256,4483011,10342,3879671,925,339990,16967,1172843,30412,3923358,17892,5096201,California
Madera,2020-12-16,22,22,22,22,0,0,0,0,22,22,0,0,22,22,California
Madera,2020-12-17,13,35,13,35,0,0,0,0,13,35,0,0,13,35,California
Madera,2020-12-18,60,95,60,95,0,0,0,0,60,95,0,0,60,95,California
Madera,2020-12-19,5,100,5,100,0,0,0,0,5,100,0,0,5,100,California
Madera,2020-12-20,14,114,14,114,0,0,0,0,14,114,0,0,14,114,California
Madera,2020-12-21,60,174,60,174,0,0,0,0,60,174,0,0,60,174,California
Madera,2020-12-22,98,272,96,270,2,2,0,0,98,272,0,0,98,272,California
Madera,2020-12-23,67,339,67,337,0,2,0,0,67,339,0,0,67,339,California
Madera,2020-12-24,45,384,40,377,5,7,0,0,45,384,0,0,45,384,California
Madera,2020-12-26,28,412,26,403,2,9,0,0,28,412,0,0,28,412,California
Madera,2020-12-27,30,442,12,415,18,27,0,0,30,442,0,0,30,442,California
Madera,2020-12-28,107,549,37,452,70,97,0,0,107,549,0,0,107,549,California
Madera,2020-12-29,175,724,40,492,135,232,0,0,175,724,0,0,175,724,California
Madera,2020-12-30,218,942,86,578,132,364,0,0,218,942,0,0,218,942,California
Madera,2020-12-31,200,1142,80,658,120,484,0,0,200,1142,0,0,200,1142,California
Madera,2021-01-01,1,1143,1,659,0,484,0,0,1,1143,0,0,1,1143,California
Madera,2021-01-02,89,1232,33,692,56,540,0,0,89,1232,0,0,89,1232,California
Madera,2021-01-03,5,1237,5,697,0,540,0,0,5,1237,0,0,5,1237,California
Madera,2021-01-04,129,1366,65,762,64,604,0,0,129,1366,0,0,129,1366,California
Madera,2021-01-05,279,1645,143,905,136,740,0,0,275,1637,4,4,275,1641,California
Madera,2021-01-06,184,1829,27,932,157,897,0,0,164,1781,20,24,164,1805,California
Madera,2021-01-07,396,2225,113,1045,283,1180,0,0,374,2133,22,46,374,2179,California
Madera,2021-01-08,418,2643,72,1117,346,1526,0,0,363,2443,54,100,364,2543,California
Madera,2021-01-09,37,2680,14,1131,23,1549,0,0,28,2462,9,109,28,2571,California
Madera,2021-01-10,17,2697,14,1145,3,1552,0,0,5,2455,12,121,5,2576,California
Madera,2021-01-11,237,2934,189,1334,48,1600,0,0,195,2608,42,163,195,2771,California
Madera,2021-01-12,391,3325,158,1492,233,1833,0,0,285,2787,106,269,285,3056,California
Madera,2021-01-13,185,3510,91,1583,94,1927,0,0,129,2861,56,325,130,3186,California
Madera,2021-01-14,554,4064,82,1665,472,2399,0,0,520,3347,34,359,520,3706,California
Madera,2021-01-15,599,4663,160,1825,439,2838,0,0,578,3904,21,380,578,4284,California
Madera,2021-01-16,382,5045,47,1872,335,3173,0,0,353,4228,29,409,353,4637,California
Madera,2021-01-17,335,5380,15,1887,320,3493,0,0,331,4555,4,413,331,4968,California
Madera,2021-01-18,77,5457,61,1948,16,3509,0,0,58,4595,18,431,58,5026,California
Madera,2021-01-19,575,6032,139,2087,436,3945,0,0,544,5109,31,462,545,5571,California
Madera,2021-01-20,235,6267,80,2167,155,4100,0,0,207,5289,27,489,207,5778,California
Madera,2021-01-21,238,6505,131,2298,107,4207,0,0,205,5463,31,520,205,5983,California
Madera,2021-01-22,257,6762,83,2381,174,4381,0,0,243,5692,14,534,243,6226,California
Madera,2021-01-23,100,6862,52,2433,48,4429,0,0,76,5744,24,558,76,6302,California
Madera,2021-01-24,101,6963,82,2515,19,4448,0,0,78,5799,23,581,78,6380,California
Madera,2021-01-25,255,7218,124,2639,131,4579,0,0,141,5826,114,695,141,6521,California
Madera,2021-01-26,483,7701,189,2828,294,4873,0,0,294,5933,188,883,295,6816,California
Madera,2021-01-27,737,8438,63,2891,674,5547,0,0,600,6398,137,1020,602,7418,California
Madera,2021-01-28,543,8981,107,2998,436,5983,0,0,440,6735,103,1123,440,7858,California
Madera,2021-01-29,467,9448,95,3093,372,6355,0,0,412,7092,55,1178,412,8270,California
Madera,2021-01-30,505,9953,16,3109,489,6844,0,0,451,7489,54,1232,451,8721,California
Madera,2021-01-31,9,9962,6,3115,3,6847,0,0,8,7496,1,1233,8,8729,California
Madera,2021-02-01,331,10293,147,3262,184,7031,0,0,206,7577,125,1358,206,8935,California
Madera,2021-02-02,253,10546,88,3350,165,7196,0,0,162,7651,89,1447,163,9098,California
Madera,2021-02-03,595,11141,461,3811,134,7330,0,0,474,8007,119,1566,475,9573,California
Madera,2021-02-04,390,11531,122,3933,268,7598,0,0,113,7845,276,1842,114,9687,California
Madera,2021-02-05,975,12506,297,4230,678,8276,0,0,369,7614,601,2443,370,10057,California
Madera,2021-02-06,359,12865,324,4554,35,8311,0,0,320,7896,38,2481,320,10377,California
Madera,2021-02-07,35,12900,7,4561,28,8339,0,0,30,7921,5,2486,30,10407,California
Madera,2021-02-08,384,13284,308,4869,76,8415,0,0,270,8078,113,2599,270,10677,California
Madera,2021-02-09,480,13764,119,4988,361,8776,0,0,198,7998,279,2878,199,10876,California
Madera,2021-02-10,431,14195,149,5137,282,9058,0,0,325,8217,106,2984,325,11201,California
Madera,2021-02-11,936,15131,307,5444,629,9687,0,0,407,8097,528,3512,408,11609,California
Madera,2021-02-12,843,15974,120,5564,723,10410,0,0,311,7885,526,4038,314,11923,California
Madera,2021-02-13,484,16458,43,5607,441,10851,0,0,138,7680,345,4383,140,12063,California
Madera,2021-02-14,399,16857,75,5682,324,11175,0,0,137,7556,262,4645,138,12201,California
Madera,2021-02-15,244,17101,98,5780,146,11321,0,0,175,7663,68,4713,175,12376,California
Madera,2021-02-16,774,17875,183,5963,591,11912,0,0,229,7350,543,5256,230,12606,California
Madera,2021-02-17,610,18485,274,6237,336,12248,0,0,340,7427,265,5521,342,12948,California
Madera,2021-02-18,1299,19784,540,6777,759,13007,0,0,1120,8369,179,5700,1121,14069,California
Madera,2021-02-19,860,20644,544,7321,316,13323,0,0,718,8946,142,5842,719,14788,California
Madera,2021-02-20,1071,21715,980,8301,91,13414,0,0,999,9875,71,5913,1000,15788,California
Madera,2021-02-21,962,22677,819,9120,143,13557,0,0,957,10827,5,5918,957,16745,California
Madera,2021-02-22,909,23586,833,9953,76,13633,0,0,855,11628,54,5972,855,17600,California
Madera,2021-02-23,770,24356,497,10450,273,13906,0,0,543,11947,224,6196,543,18143,California
Madera,2021-02-24,906,25262,299,10749,607,14513,0,0,377,11796,528,6724,377,18520,California
Madera,2021-02-25,1017,26279,306,11055,711,15224,0,0,586,11953,429,7153,586,19106,California
Madera,2021-02-26,1074,27353,185,11240,889,16113,0,0,698,12277,374,7527,698,19804,California
Madera,2021-02-27,872,28225,245,11485,627,16740,0,0,449,12309,420,7947,452,20256,California
Madera,2021-02-28,189,28414,29,11514,160,16900,0,0,183,12486,6,7953,183,20439,California
Madera,2021-03-01,375,28789,120,11634,255,17155,0,0,195,12503,178,8131,195,20634,California
Madera,2021-03-02,656,29445,269,11903,387,17542,0,0,543,12934,113,8244,544,21178,California
Madera,2021-03-03,1331,30776,707,12610,624,18166,0,0,929,13488,399,8643,953,22131,California
Madera,2021-03-04,1181,31957,507,13117,674,18840,0,0,936,14181,246,8889,939,23070,California
Madera,2021-03-05,1330,33287,408,13525,909,19749,13,13,1065,15007,263,9152,1089,24159,California
Madera,2021-03-06,802,34089,621,14146,149,19898,32,45,484,15207,317,9469,517,24676,California
Madera,2021-03-07,153,34242,27,14173,104,20002,22,67,103,15282,50,9519,125,24801,California
Madera,2021-03-08,597,34839,336,14509,202,20204,59,126,304,15354,293,9812,365,25166,California
Madera,2021-03-09,457,35296,160,14669,263,20467,34,160,279,15499,176,9988,321,25487,California
Madera,2021-03-10,1136,36432,511,15180,547,21014,78,238,707,15860,425,10413,786,26273,California
Madera,2021-03-11,1661,38093,844,16024,485,21499,332,570,749,16042,910,11323,1092,27365,California
Madera,2021-03-12,1528,39621,777,16801,596,22095,155,725,752,16200,774,12097,932,28297,California
Madera,2021-03-13,1814,41435,1270,18071,346,22441,198,923,747,16097,1064,13161,961,29258,California
Madera,2021-03-14,583,42018,448,18519,102,22543,33,956,293,16136,287,13448,326,29584,California
Madera,2021-03-15,738,42756,222,18741,469,23012,47,1003,514,16501,221,13669,586,30170,California
Madera,2021-03-16,825,43581,422,19163,356,23368,47,1050,642,17027,180,13849,706,30876,California
Madera,2021-03-17,1416,44997,932,20095,421,23789,63,1113,862,17496,546,14395,1015,31891,California
Madera,2021-03-18,1875,46872,649,20744,1166,24955,60,1173,911,17594,957,15352,1055,32946,California
Madera,2021-03-19,1522,48394,587,21331,851,25806,84,1257,987,18202,529,15881,1137,34083,California
Madera,2021-03-20,1132,49526,772,22103,309,26115,51,1308,582,18335,548,16429,681,34764,California
Madera,2021-03-21,1073,50599,872,22975,156,26271,45,1353,357,18025,713,17142,403,35167,California
Madera,2021-03-22,1359,51958,851,23826,440,26711,68,1421,686,18151,670,17812,796,35963,California
Madera,2021-03-23,1396,53354,839,24665,466,27177,91,1512,734,18398,660,18472,907,36870,California
Madera,2021-03-24,908,54262,472,25137,405,27582,31,1543,603,18733,303,18775,638,37508,California
Madera,2021-03-25,1128,55390,492,25629,612,28194,24,1567,648,18949,469,19244,685,38193,California
Madera,2021-03-26,1441,56831,512,26141,797,28991,132,1699,674,18997,761,20005,809,39002,California
Madera,2021-03-27,831,57662,530,26671,279,29270,22,1721,373,18941,452,20457,396,39398,California
Madera,2021-03-28,420,58082,137,26808,222,29492,61,1782,230,19096,189,20646,344,39742,California
Madera,2021-03-29,681,58763,179,26987,475,29967,27,1809,489,19428,188,20834,520,40262,California
Madera,2021-03-30,1018,59781,562,27549,424,30391,32,1841,557,19560,458,21292,590,40852,California
Madera,2021-03-31,1322,61103,488,28037,699,31090,135,1976,446,19273,870,22162,583,41435,California
Madera,2021-04-01,1254,62357,540,28577,662,31752,52,2028,442,18960,807,22969,494,41929,California
Madera,2021-04-02,1538,63895,409,28986,1070,32822,59,2087,470,18434,1057,24026,531,42460,California
Madera,2021-04-03,885,64780,689,29675,176,32998,20,2107,386,18353,497,24523,416,42876,California
Madera,2021-04-04,187,64967,65,29740,120,33118,2,2109,88,18344,99,24622,90,42966,California
Madera,2021-04-05,737,65704,256,29996,423,33541,58,2167,341,18362,395,25017,413,43379,California
Madera,2021-04-06,1691,67395,878,30874,464,34005,349,2516,634,18288,1056,26073,982,44361,California
Madera,2021-04-07,1199,68594,371,31245,679,34684,149,2665,456,18158,740,26813,610,44971,California
Madera,2021-04-08,1696,70290,655,31900,784,35468,257,2922,567,17866,1122,27935,830,45801,California
Madera,2021-04-09,1619,71909,680,32580,790,36258,149,3071,938,18281,675,28610,1090,46891,California
Madera,2021-04-10,955,72864,679,33259,209,36467,67,3138,710,18813,246,28856,778,47669,California
Madera,2021-04-11,793,73657,641,33900,74,36541,78,3216,303,18705,487,29343,379,48048,California
Madera,2021-04-12,782,74439,270,34170,434,36975,78,3294,304,18610,478,29821,383,48431,California
Madera,2021-04-13,1231,75670,608,34778,582,37557,41,3335,725,18882,504,30325,776,49207,California
Madera,2021-04-14,1370,77040,845,35623,525,38082,0,3335,583,18682,789,31114,589,49796,California
Madera,2021-04-15,1140,78180,486,36109,653,38735,1,3336,453,18462,675,31789,455,50251,California
Madera,2021-04-16,1297,79477,532,36641,765,39500,0,3336,445,18067,841,32630,446,50697,California
Madera,2021-04-17,1262,80739,1063,37704,199,39699,0,3336,822,18449,440,33070,822,51519,California
Madera,2021-04-18,244,80983,207,37911,37,39736,0,3336,99,18404,144,33214,99,51618,California
Madera,2021-04-19,802,81785,236,38147,565,40301,1,3337,274,18157,522,33736,275,51893,California
Madera,2021-04-20,869,82654,427,38574,442,40743,0,3337,237,17767,629,34365,239,52132,California
Madera,2021-04-21,852,83506,445,39019,407,41150,0,3337,297,17511,555,34920,299,52431,California
Madera,2021-04-22,1058,84564,509,39528,549,41699,0,3337,392,17242,662,35582,393,52824,California
Madera,2021-04-23,962,85526,306,39834,655,42354,1,3338,348,16982,609,36191,349,53173,California
Madera,2021-04-24,703,86229,463,40297,240,42594,0,3338,281,16846,418,36609,282,53455,California
Madera,2021-04-25,265,86494,161,40458,101,42695,3,3341,118,16825,143,36752,122,53577,California
Madera,2021-04-26,516,87010,97,40555,413,43108,6,3347,111,16539,403,37155,117,53694,California
Madera,2021-04-27,567,87577,268,40823,278,43386,21,3368,304,16603,262,37417,326,54020,California
Madera,2021-04-28,472,88049,196,41019,257,43643,19,3387,235,16621,235,37652,253,54273,California
Madera,2021-04-29,518,88567,240,41259,251,43894,27,3414,253,16643,258,37910,280,54553,California
Madera,2021-04-30,919,89486,503,41762,400,44294,16,3430,261,16267,653,38563,277,54830,California
Madera,2021-05-01,958,90444,865,42627,80,44374,13,3443,390,16102,568,39131,403,55233,California
Madera,2021-05-02,398,90842,350,42977,44,44418,4,3447,149,16006,249,39380,153,55386,California
Madera,2021-05-03,504,91346,202,43179,262,44680,40,3487,102,15749,399,39779,142,55528,California
Madera,2021-05-04,873,92219,428,43607,405,45085,40,3527,212,15340,661,40440,252,55780,California
Madera,2021-05-05,992,93211,471,44078,462,45547,59,3586,273,14955,717,41157,332,56112,California
Madera,2021-05-06,689,93900,243,44321,415,45962,31,3617,153,14608,531,41688,184,56296,California
Madera,2021-05-07,804,94704,279,44600,504,46466,21,3638,193,14215,606,42294,213,56509,California
Madera,2021-05-08,967,95671,755,45355,202,46668,10,3648,187,13633,779,43073,197,56706,California
Madera,2021-05-09,145,95816,19,45374,115,46783,11,3659,34,13568,110,43183,45,56751,California
Madera,2021-05-10,342,96158,73,45447,257,47040,12,3671,101,13441,240,43423,113,56864,California
Madera,2021-05-11,515,96673,176,45623,331,47371,8,3679,163,13262,350,43773,171,57035,California
Madera,2021-05-12,465,97138,217,45840,212,47583,36,3715,117,13068,347,44120,153,57188,California
Madera,2021-05-13,478,97616,287,46127,161,47744,30,3745,155,12933,320,44440,185,57373,California
Madera,2021-05-14,384,98000,190,46317,181,47925,13,3758,161,12886,221,44661,174,57547,California
Madera,2021-05-15,416,98416,382,46699,27,47952,7,3765,265,13008,150,44811,272,57819,California
Marin,2020-12-15,2,2,2,2,0,0,0,0,2,2,0,0,2,2,California
Marin,2020-12-16,107,109,107,109,0,0,0,0,107,109,0,0,107,109,California
Marin,2020-12-17,261,370,261,370,0,0,0,0,261,370,0,0,261,370,California
Marin,2020-12-18,373,743,373,743,0,0,0,0,373,743,0,0,373,743,California
Marin,2020-12-19,348,1091,347,1090,1,1,0,0,348,1091,0,0,348,1091,California
Marin,2020-12-20,167,1258,166,1256,1,2,0,0,167,1258,0,0,167,1258,California
Marin,2020-12-21,238,1496,235,1491,3,5,0,0,238,1496,0,0,238,1496,California
Marin,2020-12-22,521,2017,317,1808,204,209,0,0,521,2017,0,0,521,2017,California
Marin,2020-12-23,730,2747,321,2129,409,618,0,0,730,2747,0,0,730,2747,California
Marin,2020-12-24,357,3104,159,2288,198,816,0,0,357,3104,0,0,357,3104,California
Marin,2020-12-25,27,3131,0,2288,27,843,0,0,27,3131,0,0,27,3131,California
Marin,2020-12-26,143,3274,93,2381,50,893,0,0,143,3274,0,0,143,3274,California
Marin,2020-12-27,92,3366,55,2436,37,930,0,0,92,3366,0,0,92,3366,California
Marin,2020-12-28,408,3774,99,2535,309,1239,0,0,408,3774,0,0,408,3774,California
Marin,2020-12-29,402,4176,88,2623,314,1553,0,0,402,4176,0,0,402,4176,California
Marin,2020-12-30,626,4802,388,3011,238,1791,0,0,626,4802,0,0,626,4802,California
Marin,2020-12-31,197,4999,34,3045,163,1954,0,0,197,4999,0,0,197,4999,California
Marin,2021-01-01,17,5016,7,3052,10,1964,0,0,17,5016,0,0,17,5016,California
Marin,2021-01-02,108,5124,102,3154,6,1970,0,0,108,5124,0,0,108,5124,California
Marin,2021-01-03,54,5178,36,3190,18,1988,0,0,51,5175,0,0,51,5175,California
Marin,2021-01-04,296,5474,192,3382,104,2092,0,0,295,5469,1,1,295,5470,California
Marin,2021-01-05,369,5843,222,3604,147,2239,0,0,326,5752,43,44,326,5796,California
Marin,2021-01-06,819,6662,318,3922,501,2740,0,0,641,6215,178,222,641,6437,California
Marin,2021-01-07,890,7552,503,4425,387,3127,0,0,543,6411,347,569,543,6980,California
Marin,2021-01-08,970,8522,514,4939,456,3583,0,0,594,6630,375,944,594,7574,California
Marin,2021-01-09,620,9142,224,5163,396,3979,0,0,488,6986,132,1076,488,8062,California
Marin,2021-01-10,129,9271,100,5263,29,4008,0,0,55,6967,74,1150,55,8117,California
Marin,2021-01-11,468,9739,326,5589,142,4150,0,0,248,6997,220,1370,250,8367,California
Marin,2021-01-12,936,10675,540,6129,396,4546,0,0,569,7202,364,1734,569,8936,California
Marin,2021-01-13,1177,11852,499,6628,678,5224,0,0,939,7903,238,1972,939,9875,California
Marin,2021-01-14,1068,12920,318,6946,750,5974,0,0,918,8673,148,2120,918,10793,California
Marin,2021-01-15,1157,14077,354,7300,803,6777,0,0,1027,9572,129,2249,1028,11821,California
Marin,2021-01-16,1121,15198,914,8214,207,6984,0,0,1047,10545,74,2323,1047,12868,California
Marin,2021-01-17,1232,16430,1113,9327,119,7103,0,0,1203,11723,28,2351,1206,14074,California
Marin,2021-01-18,360,16790,159,9486,201,7304,0,0,309,11981,51,2402,309,14383,California
Marin,2021-01-19,1154,17944,912,10398,242,7546,0,0,982,12792,171,2573,982,15365,California
Marin,2021-01-20,1792,19736,1210,11608,582,8128,0,0,1062,13135,719,3292,1062,16427,California
Marin,2021-01-21,1687,21423,1062,12670,625,8753,0,0,1333,14119,351,3643,1335,17762,California
Marin,2021-01-22,1700,23123,1088,13758,612,9365,0,0,1532,15483,168,3811,1532,19294,California
Marin,2021-01-23,1844,24967,1342,15100,502,9867,0,0,1755,17150,88,3899,1755,21049,California
Marin,2021-01-24,615,25582,166,15266,449,10316,0,0,583,17701,32,3931,583,21632,California
Marin,2021-01-25,1129,26711,229,15495,900,11216,0,0,694,17961,435,4366,695,22327,California
Marin,2021-01-26,1505,28216,783,16278,722,11938,0,0,1130,18717,374,4740,1130,23457,California
Marin,2021-01-27,1714,29930,886,17164,828,12766,0,0,1352,19710,360,5100,1353,24810,California
Marin,2021-01-28,2080,32010,1071,18235,1009,13775,0,0,1816,21264,263,5363,1817,26627,California
Marin,2021-01-29,2195,34205,1446,19681,749,14524,0,0,1990,23062,193,5556,1991,28618,California
Marin,2021-01-30,1721,35926,906,20587,815,15339,0,0,1642,24626,79,5635,1643,30261,California
Marin,2021-01-31,458,36384,321,20908,137,15476,0,0,432,25032,26,5661,432,30693,California
Marin,2021-02-01,1092,37476,417,21325,675,16151,0,0,893,25727,199,5860,894,31587,California
Marin,2021-02-02,1352,38828,464,21789,888,17039,0,0,722,25830,619,6479,722,32309,California
Marin,2021-02-03,1782,40610,431,22220,1351,18390,0,0,1256,26561,525,7004,1256,33565,California
Marin,2021-02-04,1540,42150,513,22733,1027,19417,0,0,937,26898,600,7604,937,34502,California
Marin,2021-02-05,2181,44331,684,23417,1497,20914,0,0,1343,27407,834,8438,1343,35845,California
Marin,2021-02-06,1427,45758,851,24268,576,21490,0,0,605,27191,821,9259,605,36450,California
Marin,2021-02-07,1290,47048,1008,25276,282,21772,0,0,488,26878,801,10060,488,36938,California
Marin,2021-02-08,1521,48569,754,26030,767,22539,0,0,726,26811,793,10853,726,37664,California
Marin,2021-02-09,1781,50350,1122,27152,659,23198,0,0,835,26700,946,11799,835,38499,California
Marin,2021-02-10,2340,52690,1493,28645,847,24045,0,0,1217,26797,1121,12920,1218,39717,California
Marin,2021-02-11,2872,55562,1646,30291,1226,25271,0,0,1452,26838,1414,14334,1455,41172,California
Marin,2021-02-12,3064,58626,1540,31831,1524,26795,0,0,1563,26903,1498,15832,1563,42735,California
Marin,2021-02-13,2338,60964,1243,33074,1095,27890,0,0,1130,26827,1206,17038,1130,43865,California
Marin,2021-02-14,812,61776,302,33376,510,28400,0,0,719,27454,93,17131,720,44585,California
Marin,2021-02-15,1215,62991,355,33731,860,29260,0,0,835,27911,379,17510,836,45421,California
Marin,2021-02-16,2465,65456,1057,34788,1408,30668,0,0,1504,28455,960,18470,1504,46925,California
Marin,2021-02-17,2102,67558,944,35732,1158,31826,0,0,1088,28532,1012,19482,1089,48014,California
Marin,2021-02-18,2418,69976,1583,37315,835,32661,0,0,1059,28233,1358,20840,1059,49073,California
Marin,2021-02-19,2762,72738,2157,39472,605,33266,0,0,1220,27925,1529,22369,1221,50294,California
Marin,2021-02-20,2566,75304,2112,41584,454,33720,0,0,1217,27801,1342,23711,1218,51512,California
Marin,2021-02-21,1285,76589,1092,42676,193,33913,0,0,908,28336,373,24084,908,52420,California
Marin,2021-02-22,1830,78419,1410,44086,420,34333,0,0,1216,28940,612,24696,1216,53636,California
Marin,2021-02-23,2836,81255,1615,45701,1221,35554,0,0,1907,29929,919,25615,1908,55544,California
Marin,2021-02-24,3510,84765,1609,47310,1901,37455,0,0,2250,30927,1253,26868,2251,57795,California
Marin,2021-02-25,3934,88699,1811,49121,2123,39578,0,0,2776,32553,1151,28019,2777,60572,California
Marin,2021-02-26,3495,92194,1890,51011,1605,41183,0,0,2536,34143,947,28966,2537,63109,California
Marin,2021-02-27,2611,94805,1494,52505,1117,42300,0,0,1777,35091,831,29797,1779,64888,California
Marin,2021-02-28,1380,96185,919,53424,461,42761,0,0,1043,35800,334,30131,1043,65931,California
Marin,2021-03-01,2497,98682,1550,54974,947,43708,0,0,1679,36667,812,30943,1679,67610,California
Marin,2021-03-02,2452,101134,1612,56586,839,44547,1,1,1699,37617,750,31693,1700,69310,California
Marin,2021-03-03,4320,105454,2402,58988,1914,46461,4,5,2798,38903,1516,33209,2802,72112,California
Marin,2021-03-04,3353,108807,1651,60639,1701,48162,1,6,2340,40241,1006,34215,2344,74456,California
Marin,2021-03-05,3039,111846,1142,61781,1885,50047,12,18,1781,40780,1254,35469,1793,76249,California
Marin,2021-03-06,3219,115065,2306,64087,835,50882,78,96,2645,42933,569,36038,2722,78971,California
Marin,2021-03-07,1373,116438,1153,65240,196,51078,24,120,983,43554,386,36424,1007,79978,California
Marin,2021-03-08,1875,118313,1370,66610,388,51466,117,237,1406,44611,466,36890,1523,81501,California
Marin,2021-03-09,2101,120414,1220,67830,774,52240,107,344,1429,45477,670,37560,1536,83037,California
Marin,2021-03-10,4405,124819,2460,70290,1662,53902,283,627,3174,47709,1227,38787,3459,86496,California
Marin,2021-03-11,4567,129386,1876,72166,2556,56458,135,762,3272,49828,1288,40075,3407,89903,California
Marin,2021-03-12,3979,133365,1539,73705,2084,58542,356,1118,1566,49348,2402,42477,1922,91825,California
Marin,2021-03-13,4095,137460,2858,76563,1165,59707,72,1190,2420,50162,1673,44150,2487,94312,California
Marin,2021-03-14,2274,139734,1096,77659,1061,60768,117,1307,726,49458,1546,45696,842,95154,California
Marin,2021-03-15,3232,142966,1765,79424,1419,62187,48,1355,1219,48722,2002,47698,1266,96420,California
Marin,2021-03-16,4304,147270,2316,81740,1624,63811,364,1719,1524,47831,2777,50475,1886,98306,California
Marin,2021-03-17,4176,151446,2265,84005,1866,65677,45,1764,2055,47820,2110,52585,2099,100405,California
Marin,2021-03-18,4486,155932,2259,86264,2152,67829,75,1839,2250,47922,2220,54805,2322,102727,California
Marin,2021-03-19,4468,160400,2283,88547,1966,69795,219,2058,2429,48539,2029,56834,2646,105373,California
Marin,2021-03-20,3575,163975,1981,90528,1480,71275,114,2172,2032,49150,1536,58370,2147,107520,California
Marin,2021-03-21,1536,165511,1131,91659,380,71655,25,2197,800,49241,734,59104,825,108345,California
Marin,2021-03-22,2468,167979,2134,93793,169,71824,165,2362,993,48928,1471,60575,1158,109503,California
Marin,2021-03-23,4248,172227,2200,95993,1918,73742,130,2492,1929,48674,2313,62888,2059,111562,California
Marin,2021-03-24,4422,176649,2900,98893,1418,75160,104,2596,1801,47967,2610,65498,1903,113465,California
Marin,2021-03-25,4644,181293,2836,101729,1740,76900,68,2664,2269,47940,2362,67860,2335,115800,California
Marin,2021-03-26,4290,185583,2329,104058,1747,78647,214,2878,2421,48723,1852,69712,2635,118435,California
Marin,2021-03-27,3708,189291,2661,106719,1028,79675,19,2897,1152,47356,2546,72258,1179,119614,California
Marin,2021-03-28,2381,191672,1720,108439,655,80330,6,2903,1105,47197,1270,73528,1111,120725,California
Marin,2021-03-29,2687,194359,2092,110531,570,80900,25,2928,1185,46908,1500,75028,1211,121936,California
Marin,2021-03-30,4654,199013,3644,114175,977,81877,33,2961,3054,48398,1597,76625,3087,125023,California
Marin,2021-03-31,5803,204816,4107,118282,1647,83524,49,3010,2578,47814,3213,79838,2629,127652,California
Marin,2021-04-01,4414,209230,2278,120560,1885,85409,251,3261,2124,47909,2281,82119,2376,130028,California
Marin,2021-04-02,3705,212935,1841,122401,1500,86909,364,3625,1983,48540,1715,83834,2346,132374,California
Marin,2021-04-03,3861,216796,2532,124933,958,87867,371,3996,1480,48026,2369,86203,1855,134229,California
Marin,2021-04-04,1644,218440,1234,126167,207,88074,203,4199,1200,48987,442,86645,1403,135632,California
Marin,2021-04-05,2196,220636,1526,127693,299,88373,371,4570,1267,49699,924,87569,1636,137268,California
Marin,2021-04-06,3949,224585,2109,129802,1290,89663,550,5120,2193,50688,1751,89320,2740,140008,California
Marin,2021-04-07,3921,228506,1986,131788,1296,90959,639,5759,1434,50281,2480,91800,2073,142081,California
Marin,2021-04-08,4998,233504,1957,133745,2434,93393,607,6366,2283,50455,2706,94506,2880,144961,California
Marin,2021-04-09,3955,237459,1544,135289,1686,95079,725,7091,1304,49835,2646,97152,2026,146987,California
Marin,2021-04-10,3185,240644,1461,136750,1292,96371,432,7523,1435,49960,1740,98892,1865,148852,California
Marin,2021-04-11,1058,241702,803,137553,93,96464,162,7685,474,50013,582,99474,635,149487,California
Marin,2021-04-12,1735,243437,1235,138788,340,96804,160,7845,925,50292,807,100281,1086,150573,California
Marin,2021-04-13,3711,247148,2272,141060,1432,98236,7,7852,1347,49292,2354,102635,1354,151927,California
Marin,2021-04-14,4160,251308,2481,143541,1676,99912,3,7855,1712,48566,2439,105074,1713,153640,California
Marin,2021-04-15,5556,256864,3935,147476,1621,101533,0,7855,3180,49383,2364,107438,3181,156821,California
Marin,2021-04-16,4241,261105,2236,149712,2002,103535,3,7858,2062,49282,2167,109605,2066,158887,California
Marin,2021-04-17,3523,264628,2153,151865,1370,104905,0,7858,1761,49287,1756,111361,1761,160648,California
Marin,2021-04-18,3178,267806,3075,154940,103,105008,0,7858,2541,51194,634,111995,2541,163189,California
Marin,2021-04-19,2016,269822,1847,156787,169,105177,0,7858,1159,51501,854,112849,1161,164350,California
Marin,2021-04-20,3693,273515,2553,159340,1140,106317,0,7858,1473,50761,2214,115063,1474,165824,California
Marin,2021-04-21,4002,277517,2943,162283,1056,107373,3,7861,1377,49529,2610,117673,1378,167202,California
Marin,2021-04-22,4212,281729,3211,165494,1001,108374,0,7861,1485,48298,2719,120392,1488,168690,California
Marin,2021-04-23,3227,284956,1828,167322,1399,109773,0,7861,1235,47547,1987,122379,1236,169926,California
Marin,2021-04-24,2522,287478,1692,169014,829,110602,1,7862,926,46887,1587,123966,927,170853,California
Marin,2021-04-25,1387,288865,1269,170283,118,110720,0,7862,311,46128,1070,125036,311,171164,California
Marin,2021-04-26,1548,290413,1348,171631,197,110917,3,7865,349,45284,1197,126233,353,171517,California
Marin,2021-04-27,2967,293380,2169,173800,760,111677,38,7903,970,44300,1988,128221,1004,172521,California
Marin,2021-04-28,2295,295675,1583,175383,664,112341,48,7951,723,43501,1569,129790,770,173291,California
Marin,2021-04-29,2871,298546,1967,177350,842,113183,62,8013,787,42273,2077,131867,849,174140,California
Marin,2021-04-30,1949,300495,1274,178624,587,113770,88,8101,698,41814,1245,133112,786,174926,California
Marin,2021-05-01,1809,302304,1003,179627,783,114553,23,8124,523,41081,1279,134391,546,175472,California
Marin,2021-05-02,724,303028,587,180214,108,114661,29,8153,200,40789,520,134911,228,175700,California
Marin,2021-05-03,1213,304241,988,181202,170,114831,55,8208,263,40159,947,135858,317,176017,California
Marin,2021-05-04,2916,307157,1959,183161,867,115698,90,8298,468,38276,2441,138299,558,176575,California
Marin,2021-05-05,2716,309873,1994,185155,600,116298,122,8420,441,36570,2269,140568,563,177138,California
Marin,2021-05-06,3253,313126,2529,187684,636,116934,88,8508,426,34264,2819,143387,513,177651,California
Marin,2021-05-07,2026,315152,1540,189224,400,117334,86,8594,378,33086,1640,145027,462,178113,California
Marin,2021-05-08,2463,317615,1858,191082,483,117817,122,8716,338,31429,2117,147144,460,178573,California
Marin,2021-05-09,987,318602,901,191983,65,117882,21,8737,118,30704,865,148009,140,178713,California
Marin,2021-05-10,1404,320006,1149,193132,186,118068,69,8806,200,29772,1200,149209,268,178981,California
Marin,2021-05-11,2282,322288,1835,194967,393,118461,54,8860,292,28129,1988,151197,345,179326,California
Marin,2021-05-12,1381,323669,1023,195990,289,118750,69,8929,268,27356,1108,152305,335,179661,California
Marin,2021-05-13,2408,326077,2094,198084,262,119012,52,8981,1276,27557,1126,153431,1327,180988,California
Marin,2021-05-14,1485,327562,824,198908,594,119606,67,9048,593,27333,884,154315,660,181648,California
Marin,2021-05-15,996,328558,668,199576,263,119869,65,9113,398,27199,597,154912,463,182111,California
Mariposa,2020-12-17,37,37,37,37,0,0,0,0,39,39,0,0,39,39,California
Mariposa,2020-12-18,55,92,55,92,0,0,0,0,56,95,0,0,56,95,California
Mariposa,2020-12-20,2,94,2,94,0,0,0,0,2,97,0,0,2,97,California
Mariposa,2020-12-21,48,142,48,142,0,0,0,0,53,150,0,0,53,150,California
Mariposa,2020-12-22,5,147,5,147,0,0,0,0,5,155,0,0,5,155,California
Mariposa,2020-12-23,16,163,16,163,0,0,0,0,16,171,0,0,16,171,California
Mariposa,2020-12-24,1,164,0,163,1,1,0,0,0,171,0,0,0,171,California
Mariposa,2020-12-26,1,165,1,164,0,1,0,0,1,172,0,0,1,172,California
Mariposa,2020-12-27,1,166,0,164,1,2,0,0,1,173,0,0,1,173,California
Mariposa,2020-12-28,6,172,3,167,3,5,0,0,6,179,0,0,6,179,California
Mariposa,2020-12-29,33,205,3,170,30,35,0,0,33,212,0,0,33,212,California
Mariposa,2020-12-30,25,230,4,174,21,56,0,0,25,237,0,0,25,237,California
Mariposa,2020-12-31,16,246,0,174,16,72,0,0,16,253,0,0,16,253,California
Mariposa,2021-01-02,1,247,1,175,0,72,0,0,1,254,0,0,1,254,California
Mariposa,2021-01-04,8,255,1,176,7,79,0,0,8,262,0,0,8,262,California
Mariposa,2021-01-05,24,279,14,190,10,89,0,0,14,266,10,10,14,276,California
Mariposa,2021-01-06,6,285,3,193,3,92,0,0,3,266,3,13,3,279,California
Mariposa,2021-01-07,51,336,46,239,5,97,0,0,5,225,46,59,5,284,California
Mariposa,2021-01-08,108,444,79,318,29,126,0,0,33,183,75,134,33,317,California
Mariposa,2021-01-09,1,445,0,318,1,127,0,0,1,184,0,134,1,318,California
Mariposa,2021-01-11,31,476,10,328,21,148,0,0,23,199,8,142,23,341,California
Mariposa,2021-01-12,20,496,5,333,15,163,0,0,16,211,4,146,16,357,California
Mariposa,2021-01-13,21,517,4,337,17,180,0,0,18,226,3,149,18,375,California
Mariposa,2021-01-14,73,590,7,344,66,246,0,0,67,287,6,155,67,442,California
Mariposa,2021-01-15,67,657,26,370,41,287,0,0,57,334,10,165,57,499,California
Mariposa,2021-01-16,14,671,2,372,12,299,0,0,13,346,1,166,13,512,California
Mariposa,2021-01-17,2,673,0,372,2,301,0,0,2,348,0,166,2,514,California
Mariposa,2021-01-18,3,676,3,375,0,301,0,0,1,347,2,168,1,515,California
Mariposa,2021-01-19,8,684,4,379,4,305,0,0,5,350,2,170,5,520,California
Mariposa,2021-01-20,23,707,1,380,22,327,0,0,22,371,1,171,22,542,California
Mariposa,2021-01-21,65,772,7,387,58,385,0,0,61,428,4,175,61,603,California
Mariposa,2021-01-22,56,828,2,389,54,439,0,0,56,484,0,175,56,659,California
Mariposa,2021-01-23,116,944,2,391,114,553,0,0,115,598,1,176,115,774,California
Mariposa,2021-01-24,2,946,2,393,0,553,0,0,2,600,0,176,2,776,California
Mariposa,2021-01-25,4,950,1,394,3,556,0,0,0,596,4,180,0,776,California
Mariposa,2021-01-26,36,986,4,398,32,588,0,0,4,572,32,212,8,784,California
Mariposa,2021-01-27,23,1009,1,399,22,610,0,0,13,575,10,222,13,797,California
Mariposa,2021-01-28,126,1135,3,402,123,733,0,0,113,676,12,234,113,910,California
Mariposa,2021-01-29,84,1219,22,424,62,795,0,0,83,758,1,235,83,993,California
Mariposa,2021-01-30,9,1228,1,425,8,803,0,0,8,765,1,236,8,1001,California
Mariposa,2021-01-31,1,1229,0,425,1,804,0,0,1,766,0,236,1,1002,California
Mariposa,2021-02-01,87,1316,30,455,57,861,0,0,66,811,21,257,66,1068,California
Mariposa,2021-02-02,15,1331,3,458,12,873,0,0,9,814,6,263,9,1077,California
Mariposa,2021-02-03,20,1351,1,459,19,892,0,0,14,822,6,269,14,1091,California
Mariposa,2021-02-04,97,1448,8,467,89,981,0,0,92,911,4,273,93,1184,California
Mariposa,2021-02-05,190,1638,5,472,185,1166,0,0,164,1049,26,299,164,1348,California
Mariposa,2021-02-06,11,1649,4,476,7,1173,0,0,10,1058,1,300,10,1358,California
Mariposa,2021-02-07,1,1650,0,476,1,1174,0,0,1,1059,0,300,1,1359,California
Mariposa,2021-02-08,40,1690,2,478,38,1212,0,0,21,1061,19,319,21,1380,California
Mariposa,2021-02-09,43,1733,25,503,18,1230,0,0,37,1092,6,325,37,1417,California
Mariposa,2021-02-10,28,1761,5,508,23,1253,0,0,17,1105,10,335,23,1440,California
Mariposa,2021-02-11,375,2136,5,513,370,1623,0,0,361,1455,14,349,364,1804,California
Mariposa,2021-02-12,185,2321,8,521,177,1800,0,0,141,1552,44,393,141,1945,California
Mariposa,2021-02-13,11,2332,3,524,8,1808,0,0,9,1559,2,395,9,1954,California
Mariposa,2021-02-14,8,2340,4,528,4,1812,0,0,5,1561,3,398,5,1959,California
Mariposa,2021-02-15,9,2349,3,531,6,1818,0,0,7,1566,2,400,7,1966,California
Mariposa,2021-02-16,57,2406,34,565,23,1841,0,0,34,1577,23,423,34,2000,California
Mariposa,2021-02-17,36,2442,8,573,28,1869,0,0,27,1597,8,431,28,2028,California
Mariposa,2021-02-18,57,2499,7,580,50,1919,0,0,20,1580,37,468,20,2048,California
Mariposa,2021-02-19,82,2581,3,583,79,1998,0,0,77,1652,5,473,77,2125,California
Mariposa,2021-02-20,252,2833,4,587,248,2246,0,0,222,1845,29,502,222,2347,California
Mariposa,2021-02-21,236,3069,3,590,233,2479,0,0,235,2079,1,503,235,2582,California
Mariposa,2021-02-22,23,3092,7,597,16,2495,0,0,21,2098,2,505,21,2603,California
Mariposa,2021-02-23,42,3134,36,633,6,2501,0,0,25,2106,17,522,25,2628,California
Mariposa,2021-02-24,20,3154,3,636,17,2518,0,0,8,2103,11,533,8,2636,California
Mariposa,2021-02-25,17,3171,8,644,9,2527,0,0,11,2108,6,539,11,2647,California
Mariposa,2021-02-26,421,3592,7,651,414,2941,0,0,360,2408,61,600,361,3008,California
Mariposa,2021-02-27,171,3763,5,656,166,3107,0,0,160,2557,11,611,160,3168,California
Mariposa,2021-02-28,2,3765,1,657,1,3108,0,0,0,2555,2,613,0,3168,California
Mariposa,2021-03-01,82,3847,26,683,56,3164,0,0,17,2508,64,677,17,3185,California
Mariposa,2021-03-02,21,3868,14,697,7,3171,0,0,11,2510,9,686,11,3196,California
Mariposa,2021-03-03,70,3938,5,702,65,3236,0,0,66,2573,4,690,67,3263,California
Mariposa,2021-03-04,37,3975,9,711,28,3264,0,0,20,2577,17,707,21,3284,California
Mariposa,2021-03-05,55,4030,9,720,46,3310,0,0,38,2603,17,724,43,3327,California
Mariposa,2021-03-06,15,4045,6,726,9,3319,0,0,7,2602,8,732,7,3334,California
Mariposa,2021-03-07,1,4046,1,727,0,3319,0,0,0,2601,1,733,0,3334,California
Mariposa,2021-03-08,38,4084,4,731,23,3342,11,11,9,2592,29,762,20,3354,California
Mariposa,2021-03-09,45,4129,18,749,17,3359,10,21,14,2585,31,793,24,3378,California
Mariposa,2021-03-10,30,4159,9,758,11,3370,10,31,9,2583,21,814,19,3397,California
Mariposa,2021-03-11,468,4627,6,764,443,3813,19,50,226,2590,241,1055,248,3645,California
Mariposa,2021-03-12,254,4881,8,772,219,4032,27,77,114,2590,140,1195,140,3785,California
Mariposa,2021-03-13,32,4913,6,778,11,4043,15,92,11,2594,21,1216,25,3810,California
Mariposa,2021-03-14,17,4930,2,780,4,4047,11,103,3,2594,14,1230,14,3824,California
Mariposa,2021-03-15,76,5006,7,787,31,4078,38,141,31,2618,45,1275,69,3893,California
Mariposa,2021-03-16,82,5088,32,819,15,4093,35,176,24,2619,58,1333,59,3952,California
Mariposa,2021-03-17,71,5159,10,829,53,4146,8,184,51,2659,19,1352,59,4011,California
Mariposa,2021-03-18,66,5225,15,844,41,4187,10,194,41,2685,25,1377,51,4062,California
Mariposa,2021-03-19,338,5563,11,855,322,4509,5,199,303,2958,35,1412,308,4370,California
Mariposa,2021-03-20,425,5988,5,860,418,4927,2,201,46,2628,379,1791,49,4419,California
Mariposa,2021-03-21,14,6002,8,868,5,4932,1,202,9,2634,4,1795,10,4429,California
Mariposa,2021-03-22,36,6038,7,875,21,4953,8,210,24,2655,12,1807,33,4462,California
Mariposa,2021-03-23,53,6091,33,908,10,4963,10,220,32,2676,21,1828,42,4504,California
Mariposa,2021-03-24,55,6146,5,913,48,5011,2,222,50,2723,5,1833,52,4556,California
Mariposa,2021-03-25,75,6221,15,928,52,5063,8,230,53,2764,20,1853,61,4617,California
Mariposa,2021-03-26,488,6709,9,937,478,5541,1,231,252,2781,236,2089,253,4870,California
Mariposa,2021-03-27,226,6935,8,945,218,5759,0,231,90,2738,136,2225,93,4963,California
Mariposa,2021-03-28,5,6940,0,945,2,5761,3,234,1,2738,4,2229,4,4967,California
Mariposa,2021-03-29,19,6959,6,951,13,5774,0,234,12,2743,7,2236,12,4979,California
Mariposa,2021-03-30,36,6995,13,964,7,5781,16,250,13,2749,23,2259,29,5008,California
Mariposa,2021-03-31,89,7084,16,980,66,5847,7,257,69,2805,20,2279,76,5084,California
Mariposa,2021-04-01,53,7137,9,989,36,5883,8,265,33,2826,20,2299,41,5125,California
Mariposa,2021-04-02,347,7484,11,1000,334,6217,2,267,307,3096,39,2338,309,5434,California
Mariposa,2021-04-03,10,7494,7,1007,3,6220,0,267,5,3096,5,2343,5,5439,California
Mariposa,2021-04-04,2,7496,1,1008,0,6220,1,268,0,3095,2,2345,1,5440,California
Mariposa,2021-04-05,32,7528,23,1031,6,6226,3,271,16,3098,16,2361,19,5459,California
Mariposa,2021-04-06,44,7572,20,1051,8,6234,16,287,14,3099,29,2390,30,5489,California
Mariposa,2021-04-07,97,7669,6,1057,72,6306,19,306,28,3077,69,2459,47,5536,California
Mariposa,2021-04-08,276,7945,13,1070,244,6550,19,325,141,3105,133,2592,161,5697,California
Mariposa,2021-04-09,37,7982,9,1079,13,6563,15,340,10,3103,27,2619,25,5722,California
Mariposa,2021-04-10,201,8183,3,1082,188,6751,10,350,186,3285,13,2632,195,5917,California
Mariposa,2021-04-11,124,8307,4,1086,118,6869,2,352,57,3278,67,2699,60,5977,California
Mariposa,2021-04-12,42,8349,13,1099,27,6896,2,354,13,3264,29,2728,15,5992,California
Mariposa,2021-04-13,53,8402,45,1144,8,6904,0,354,34,3279,19,2747,34,6026,California
Mariposa,2021-04-14,112,8514,7,1151,105,7009,0,354,58,3284,53,2800,58,6084,California
Mariposa,2021-04-15,56,8570,16,1167,40,7049,0,354,41,3313,12,2812,41,6125,California
Mariposa,2021-04-16,381,8951,11,1178,370,7419,0,354,106,3144,275,3087,106,6231,California
Mariposa,2021-04-17,10,8961,5,1183,5,7424,0,354,7,3148,3,3090,7,6238,California
Mariposa,2021-04-18,6,8967,0,1183,6,7430,0,354,3,3148,3,3093,3,6241,California
Mariposa,2021-04-19,56,9023,25,1208,31,7461,0,354,29,3152,25,3118,29,6270,California
Mariposa,2021-04-20,62,9085,49,1257,13,7474,0,354,39,3170,21,3139,39,6309,California
Mariposa,2021-04-21,89,9174,13,1270,76,7550,0,354,41,3164,47,3186,41,6350,California
Mariposa,2021-04-22,47,9221,8,1278,39,7589,0,354,37,3192,9,3195,37,6387,California
Mariposa,2021-04-23,314,9535,69,1347,245,7834,0,354,145,3169,169,3364,146,6533,California
Mariposa,2021-04-24,105,9640,10,1357,95,7929,0,354,42,3149,62,3426,42,6575,California
Mariposa,2021-04-26,15,9655,10,1367,5,7934,0,354,5,3144,10,3436,5,6580,California
Mariposa,2021-04-27,31,9686,16,1383,14,7948,1,355,15,3148,12,3448,16,6596,California
Mariposa,2021-04-28,73,9759,13,1396,53,8001,7,362,28,3138,45,3493,35,6631,California
Mariposa,2021-04-29,84,9843,12,1408,71,8072,1,363,79,3213,5,3498,80,6711,California
Mariposa,2021-04-30,209,10052,5,1413,199,8271,5,368,63,3135,146,3644,68,6779,California
Mariposa,2021-05-01,1,10053,1,1414,0,8271,0,368,0,3134,1,3645,0,6779,California
Mariposa,2021-05-02,3,10056,2,1416,0,8271,1,369,0,3132,3,3648,1,6780,California
Mariposa,2021-05-03,15,10071,12,1428,2,8273,1,370,7,3133,7,3655,8,6788,California
Mariposa,2021-05-04,50,10121,31,1459,15,8288,4,374,36,3159,14,3669,40,6828,California
Mariposa,2021-05-05,54,10175,8,1467,44,8332,2,376,17,3141,37,3706,19,6847,California
Mariposa,2021-05-06,54,10229,34,1501,14,8346,6,382,37,3167,17,3723,43,6890,California
Mariposa,2021-05-07,23,10252,7,1508,13,8359,3,385,13,3173,10,3733,16,6906,California
Mariposa,2021-05-08,281,10533,4,1512,277,8636,0,385,34,2962,247,3980,36,6942,California
Mariposa,2021-05-09,2,10535,1,1513,1,8637,0,385,0,2960,2,3982,0,6942,California
Mariposa,2021-05-10,18,10553,8,1521,8,8645,2,387,3,2950,15,3997,5,6947,California
Mariposa,2021-05-11,28,10581,19,1540,9,8654,0,387,20,2963,7,4004,20,6967,California
Mariposa,2021-05-12,9,10590,4,1544,2,8656,3,390,1,2959,8,4012,4,6971,California
Mariposa,2021-05-13,16,10606,8,1552,6,8662,2,392,8,2961,8,4020,10,6981,California
Mariposa,2021-05-14,181,10787,120,1672,54,8716,7,399,107,3001,74,4094,114,7095,California
Mariposa,2021-05-15,5,10792,4,1676,1,8717,0,399,1,2998,4,4098,1,7096,California
Mendocino,2020-12-17,70,70,70,70,0,0,0,0,70,70,0,0,70,70,California
Mendocino,2020-12-18,85,155,84,154,1,1,0,0,84,154,0,0,84,154,California
Mendocino,2020-12-19,4,159,4,158,0,1,0,0,4,158,0,0,4,158,California
Mendocino,2020-12-20,7,166,7,165,0,1,0,0,7,165,0,0,7,165,California
Mendocino,2020-12-21,241,407,241,406,0,1,0,0,77,242,0,0,77,242,California
Mendocino,2020-12-22,251,658,190,596,61,62,0,0,251,493,0,0,251,493,California
Mendocino,2020-12-23,270,928,47,643,223,285,0,0,269,762,0,0,269,762,California
Mendocino,2020-12-24,49,977,8,651,41,326,0,0,49,811,0,0,49,811,California
Mendocino,2020-12-25,1,978,0,651,1,327,0,0,1,812,0,0,1,812,California
Mendocino,2020-12-26,2,980,2,653,0,327,0,0,2,814,0,0,2,814,California
Mendocino,2020-12-27,1,981,0,653,1,328,0,0,1,815,0,0,1,815,California
Mendocino,2020-12-28,74,1055,9,662,65,393,0,0,74,889,0,0,74,889,California
Mendocino,2020-12-29,122,1177,61,723,61,454,0,0,122,1011,0,0,122,1011,California
Mendocino,2020-12-30,123,1300,68,791,55,509,0,0,123,1134,0,0,123,1134,California
Mendocino,2020-12-31,132,1432,97,888,35,544,0,0,132,1266,0,0,132,1266,California
Mendocino,2021-01-01,8,1440,6,894,2,546,0,0,8,1274,0,0,8,1274,California
Mendocino,2021-01-04,839,2279,19,913,820,1366,0,0,839,2113,0,0,839,2113,California
Mendocino,2021-01-05,72,2351,36,949,36,1402,0,0,59,2159,13,13,59,2172,California
Mendocino,2021-01-06,155,2506,133,1082,22,1424,0,0,145,2294,10,23,145,2317,California
Mendocino,2021-01-07,358,2864,238,1320,120,1544,0,0,295,2526,63,86,295,2612,California
Mendocino,2021-01-08,95,2959,82,1402,13,1557,0,0,41,2514,54,140,42,2654,California
Mendocino,2021-01-09,10,2969,6,1408,4,1561,0,0,8,2520,2,142,8,2662,California
Mendocino,2021-01-10,8,2977,8,1416,0,1561,0,0,1,2514,7,149,1,2663,California
Mendocino,2021-01-11,101,3078,92,1508,9,1570,0,0,43,2500,57,206,43,2706,California
Mendocino,2021-01-12,385,3463,375,1883,10,1580,0,0,269,2653,116,322,269,2975,California
Mendocino,2021-01-13,487,3950,145,2028,342,1922,0,0,445,3059,40,362,446,3421,California
Mendocino,2021-01-14,639,4589,20,2048,619,2541,0,0,630,3680,9,371,630,4051,California
Mendocino,2021-01-15,1859,6448,861,2909,998,3539,0,0,1854,5530,5,376,1855,5906,California
Mendocino,2021-01-16,791,7239,50,2959,741,4280,0,0,789,6317,2,378,789,6695,California
Mendocino,2021-01-17,553,7792,1,2960,552,4832,0,0,552,6868,1,379,552,7247,California
Mendocino,2021-01-18,487,8279,462,3422,25,4857,0,0,475,7331,12,391,475,7722,California
Mendocino,2021-01-19,334,8613,148,3570,186,5043,0,0,158,7313,176,567,158,7880,California
Mendocino,2021-01-20,554,9167,407,3977,147,5190,0,0,448,7658,104,671,449,8329,California
Mendocino,2021-01-21,538,9705,225,4202,313,5503,0,0,352,7825,185,856,352,8681,California
Mendocino,2021-01-22,149,9854,58,4260,91,5594,0,0,110,7896,39,895,110,8791,California
Mendocino,2021-01-23,156,10010,84,4344,72,5666,0,0,150,8040,6,901,150,8941,California
Mendocino,2021-01-24,5,10015,3,4347,2,5668,0,0,5,8045,0,901,5,8946,California
Mendocino,2021-01-25,191,10206,18,4365,173,5841,0,0,121,8096,70,971,121,9067,California
Mendocino,2021-01-26,155,10361,55,4420,100,5941,0,0,95,8131,60,1031,95,9162,California
Mendocino,2021-01-27,441,10802,371,4791,70,6011,0,0,175,8047,259,1290,175,9337,California
Mendocino,2021-01-28,590,11392,526,5317,64,6075,0,0,495,8448,94,1384,495,9832,California
Mendocino,2021-01-29,392,11784,351,5668,41,6116,0,0,363,8783,29,1413,364,10196,California
Mendocino,2021-01-30,49,11833,31,5699,18,6134,0,0,42,8818,7,1420,42,10238,California
Mendocino,2021-01-31,273,12106,2,5701,271,6405,0,0,3,8551,270,1690,3,10241,California
Mendocino,2021-02-01,381,12487,52,5753,329,6734,0,0,59,8288,322,2012,59,10300,California
Mendocino,2021-02-02,733,13220,513,6266,220,6954,0,0,374,8303,359,2371,374,10674,California
Mendocino,2021-02-03,390,13610,205,6471,185,7139,0,0,221,8357,167,2538,221,10895,California
Mendocino,2021-02-04,624,14234,529,7000,95,7234,0,0,500,8733,124,2662,500,11395,California
Mendocino,2021-02-05,1301,15535,1213,8213,88,7322,0,0,583,8600,716,3378,583,11978,California
Mendocino,2021-02-06,559,16094,158,8371,401,7723,0,0,544,9129,15,3393,544,12522,California
Mendocino,2021-02-07,32,16126,28,8399,4,7727,0,0,32,9161,0,3393,32,12554,California
Mendocino,2021-02-08,746,16872,714,9113,32,7759,0,0,285,8985,461,3854,285,12839,California
Mendocino,2021-02-09,141,17013,58,9171,83,7842,0,0,89,9022,52,3906,89,12928,California
Mendocino,2021-02-10,1489,18502,924,10095,565,8407,0,0,744,9028,738,4644,744,13672,California
Mendocino,2021-02-11,1189,19691,208,10303,981,9388,0,0,298,8435,891,5535,298,13970,California
Mendocino,2021-02-12,1445,21136,163,10466,1282,10670,0,0,654,8305,790,6325,660,14630,California
Mendocino,2021-02-13,496,21632,12,10478,484,11154,0,0,103,8021,392,6717,108,14738,California
Mendocino,2021-02-14,693,22325,3,10481,690,11844,0,0,134,7596,559,7276,134,14872,California
Mendocino,2021-02-15,330,22655,42,10523,288,12132,0,0,175,7616,155,7431,175,15047,California
Mendocino,2021-02-16,201,22856,51,10574,150,12282,0,0,130,7675,71,7502,130,15177,California
Mendocino,2021-02-17,1351,24207,1189,11763,162,12444,0,0,876,8078,473,7975,876,16053,California
Mendocino,2021-02-18,1791,25998,645,12408,1146,13590,0,0,1225,8738,565,8540,1225,17278,California
Mendocino,2021-02-19,752,26750,146,12554,606,14196,0,0,613,9212,139,8679,613,17891,California
Mendocino,2021-02-20,571,27321,545,13099,26,14222,0,0,540,9723,29,8708,540,18431,California
Mendocino,2021-02-21,325,27646,6,13105,319,14541,0,0,313,10025,11,8719,313,18744,California
Mendocino,2021-02-22,162,27808,30,13135,132,14673,0,0,69,10003,91,8810,69,18813,California
Mendocino,2021-02-23,679,28487,666,13801,13,14686,0,0,605,10536,72,8882,605,19418,California
Mendocino,2021-02-24,1839,30326,1759,15560,80,14766,0,0,1431,11566,403,9285,1433,20851,California
Mendocino,2021-02-25,1707,32033,532,16092,1175,15941,0,0,1287,12434,419,9704,1287,22138,California
Mendocino,2021-02-26,1402,33435,748,16840,654,16595,0,0,1039,13112,361,10065,1039,23177,California
Mendocino,2021-02-27,199,33634,151,16991,48,16643,0,0,76,13066,122,10187,76,23253,California
Mendocino,2021-02-28,36,33670,14,17005,22,16665,0,0,24,13078,12,10199,24,23277,California
Mendocino,2021-03-01,578,34248,534,17539,44,16709,0,0,539,13580,37,10236,539,23816,California
Mendocino,2021-03-02,73,34321,26,17565,47,16756,0,0,41,13590,31,10267,41,23857,California
Mendocino,2021-03-03,1715,36036,1331,18896,384,17140,0,0,1081,14039,632,10899,1081,24938,California
Mendocino,2021-03-04,1770,37806,147,19043,1623,18763,0,0,1552,15377,215,11114,1553,26491,California
Mendocino,2021-03-05,211,38017,151,19194,51,18814,9,9,120,15418,88,11202,129,26620,California
Mendocino,2021-03-06,244,38261,21,19215,198,19012,25,34,203,15606,40,11242,228,26848,California
Mendocino,2021-03-07,505,38766,8,19223,477,19489,20,54,118,15357,386,11628,137,26985,California
Mendocino,2021-03-08,125,38891,30,19253,58,19547,37,91,64,15399,59,11687,101,27086,California
Mendocino,2021-03-09,576,39467,236,19489,299,19846,41,132,478,15820,98,11785,519,27605,California
Mendocino,2021-03-10,1111,40578,981,20470,65,19911,65,197,267,15314,841,12626,335,27940,California
Mendocino,2021-03-11,825,41403,611,21081,160,20071,54,251,394,15334,428,13054,448,28388,California
Mendocino,2021-03-12,2023,43426,1032,22113,896,20967,95,346,1213,15839,803,13857,1308,29696,California
Mendocino,2021-03-13,655,44081,525,22638,73,21040,57,403,98,15441,553,14410,155,29851,California
Mendocino,2021-03-14,104,44185,2,22640,95,21135,7,410,11,15370,89,14499,18,29869,California
Mendocino,2021-03-15,597,44782,50,22690,489,21624,58,468,208,15247,388,14887,265,30134,California
Mendocino,2021-03-16,571,45353,374,23064,151,21775,46,514,139,15002,430,15317,185,30319,California
Mendocino,2021-03-17,1562,46915,1359,24423,55,21830,148,662,213,14024,1346,16663,368,30687,California
Mendocino,2021-03-18,1310,48225,247,24670,1025,22855,38,700,284,13329,1018,17681,323,31010,California
Mendocino,2021-03-19,1757,49982,857,25527,839,23694,61,761,330,12299,1423,19104,393,31403,California
Mendocino,2021-03-20,68,50050,10,25537,37,23731,21,782,12,12276,56,19160,33,31436,California
Mendocino,2021-03-21,8,50058,1,25538,2,23733,5,787,3,12279,5,19165,8,31444,California
Mendocino,2021-03-22,624,50682,580,26118,15,23748,29,816,146,11979,474,19639,174,31618,California
Mendocino,2021-03-23,165,50847,33,26151,102,23850,30,846,115,12074,50,19689,145,31763,California
Mendocino,2021-03-24,913,51760,840,26991,26,23876,47,893,114,11438,797,20486,161,31924,California
Mendocino,2021-03-25,1990,53750,50,27041,1920,25796,20,913,175,9820,1811,22297,193,32117,California
Mendocino,2021-03-26,509,54259,359,27400,125,25921,25,938,324,9984,185,22482,349,32466,California
Mendocino,2021-03-27,143,54402,13,27413,118,26039,12,950,81,10015,61,22543,92,32558,California
Mendocino,2021-03-28,25,54427,5,27418,16,26055,4,954,3,10001,21,22564,7,32565,California
Mendocino,2021-03-29,187,54614,99,27517,46,26101,42,996,96,10048,91,22655,138,32703,California
Mendocino,2021-03-30,686,55300,601,28118,48,26149,37,1033,411,10222,274,22929,448,33151,California
Mendocino,2021-03-31,871,56171,274,28392,537,26686,60,1093,405,10224,464,23393,466,33617,California
Mendocino,2021-04-01,1711,57882,400,28792,1232,27918,79,1172,385,9371,1318,24711,465,34082,California
Mendocino,2021-04-02,1287,59169,1057,29849,157,28075,73,1245,225,8611,1058,25769,298,34380,California
Mendocino,2021-04-03,706,59875,9,29858,676,28751,21,1266,84,8099,618,26387,106,34486,California
Mendocino,2021-04-04,69,59944,34,29892,29,28780,6,1272,54,8144,15,26402,60,34546,California
Mendocino,2021-04-05,212,60156,142,30034,46,28826,24,1296,132,8217,80,26482,153,34699,California
Mendocino,2021-04-06,396,60552,121,30155,180,29006,95,1391,107,8130,289,26771,202,34901,California
Mendocino,2021-04-07,484,61036,176,30331,63,29069,245,1636,119,8130,363,27134,363,35264,California
Mendocino,2021-04-08,1489,62525,911,31242,463,29532,115,1751,1000,8762,483,27617,1115,36379,California
Mendocino,2021-04-09,756,63281,425,31667,170,29702,161,1912,395,8958,360,27977,556,36935,California
Mendocino,2021-04-10,404,63685,91,31758,267,29969,46,1958,100,8800,304,28281,146,37081,California
Mendocino,2021-04-11,122,63807,47,31805,19,29988,56,2014,59,8852,63,28344,115,37196,California
Mendocino,2021-04-12,621,64428,513,32318,48,30036,60,2074,415,9121,206,28550,475,37671,California
Mendocino,2021-04-13,289,64717,226,32544,63,30099,0,2074,222,9276,67,28617,222,37893,California
Mendocino,2021-04-14,514,65231,424,32968,90,30189,0,2074,412,9586,102,28719,412,38305,California
Mendocino,2021-04-15,656,65887,326,33294,330,30519,0,2074,395,9724,257,28976,395,38700,California
Mendocino,2021-04-16,124,66011,51,33345,72,30591,1,2075,77,9755,46,29022,77,38777,California
Mendocino,2021-04-17,198,66209,12,33357,186,30777,0,2075,70,9699,126,29148,70,38847,California
Mendocino,2021-04-18,9,66218,4,33361,5,30782,0,2075,6,9702,3,29151,6,38853,California
Mendocino,2021-04-19,538,66756,513,33874,24,30806,1,2076,432,10030,105,29256,433,39286,California
Mendocino,2021-04-20,417,67173,290,34164,127,30933,0,2076,261,10135,156,29412,261,39547,California
Mendocino,2021-04-21,192,67365,133,34297,58,30991,1,2077,114,10172,77,29489,114,39661,California
Mendocino,2021-04-22,489,67854,314,34611,174,31165,1,2078,321,10327,166,29655,321,39982,California
Mendocino,2021-04-23,848,68702,706,35317,142,31307,0,2078,691,10863,155,29810,691,40673,California
Mendocino,2021-04-24,108,68810,14,35331,94,31401,0,2078,101,10957,7,29817,101,40774,California
Mendocino,2021-04-25,56,68866,32,35363,20,31421,4,2082,18,10941,38,29855,22,40796,California
Mendocino,2021-04-26,293,69159,227,35590,61,31482,5,2087,192,11038,100,29955,197,40993,California
Mendocino,2021-04-27,201,69360,89,35679,85,31567,27,2114,92,11048,108,30063,118,41111,California
Mendocino,2021-04-28,219,69579,147,35826,53,31620,19,2133,126,11100,93,30156,145,41256,California
Mendocino,2021-04-29,1137,70716,840,36666,282,31902,15,2148,106,10192,1029,31185,121,41377,California
Mendocino,2021-04-30,608,71324,386,37052,212,32114,10,2158,229,10052,379,31564,239,41616,California
Mendocino,2021-05-01,470,71794,434,37486,30,32144,6,2164,366,10321,103,31667,372,41988,California
Mendocino,2021-05-02,56,71850,47,37533,6,32150,3,2167,9,10287,46,31713,12,42000,California
Mendocino,2021-05-03,134,71984,75,37608,38,32188,21,2188,39,10253,94,31807,60,42060,California
Mendocino,2021-05-04,377,72361,252,37860,92,32280,33,2221,140,10189,237,32044,173,42233,California
Mendocino,2021-05-05,869,73230,785,38645,69,32349,15,2236,219,9774,649,32693,234,42467,California
Mendocino,2021-05-06,628,73858,380,39025,226,32575,22,2258,152,9474,474,33167,174,42641,California
Mendocino,2021-05-07,179,74037,36,39061,119,32694,24,2282,117,9554,61,33228,141,42782,California
Mendocino,2021-05-08,124,74161,4,39065,119,32813,1,2283,109,9649,15,33243,110,42892,California
Mendocino,2021-05-09,20,74181,5,39070,14,32827,1,2284,3,9636,17,33260,4,42896,California
Mendocino,2021-05-10,232,74413,149,39219,78,32905,5,2289,142,9693,90,33350,147,43043,California
Mendocino,2021-05-11,273,74686,141,39360,115,33020,17,2306,129,9694,144,33494,145,43188,California
Mendocino,2021-05-12,125,74811,79,39439,38,33058,8,2314,36,9651,87,33581,44,43232,California
Mendocino,2021-05-13,1175,75986,1085,40524,76,33134,14,2328,290,9070,885,34466,304,43536,California
Mendocino,2021-05-14,559,76545,433,40957,73,33207,53,2381,116,8800,439,34905,169,43705,California
Mendocino,2021-05-15,17,76562,6,40963,11,33218,0,2381,5,8793,12,34917,5,43710,California
Merced,2020-12-16,3,3,3,3,0,0,0,0,3,3,0,0,3,3,California
Merced,2020-12-17,5,8,5,8,0,0,0,0,5,8,0,0,5,8,California
Merced,2020-12-18,143,151,143,151,0,0,0,0,143,151,0,0,143,151,California
Merced,2020-12-19,39,190,39,190,0,0,0,0,39,190,0,0,39,190,California
Merced,2020-12-20,17,207,17,207,0,0,0,0,17,207,0,0,17,207,California
Merced,2020-12-21,125,332,122,329,3,3,0,0,125,332,0,0,125,332,California
Merced,2020-12-22,152,484,152,481,0,3,0,0,152,484,0,0,152,484,California
Merced,2020-12-23,248,732,242,723,6,9,0,0,248,732,0,0,248,732,California
Merced,2020-12-24,72,804,72,795,0,9,0,0,72,804,0,0,72,804,California
Merced,2020-12-25,4,808,4,799,0,9,0,0,4,808,0,0,4,808,California
Merced,2020-12-26,6,814,3,802,3,12,0,0,6,814,0,0,6,814,California
Merced,2020-12-27,12,826,11,813,1,13,0,0,12,826,0,0,12,826,California
Merced,2020-12-28,123,949,98,911,25,38,0,0,123,949,0,0,123,949,California
Merced,2020-12-29,180,1129,124,1035,56,94,0,0,180,1129,0,0,180,1129,California
Merced,2020-12-30,214,1343,89,1124,125,219,0,0,214,1343,0,0,214,1343,California
Merced,2020-12-31,103,1446,34,1158,69,288,0,0,103,1446,0,0,103,1446,California
Merced,2021-01-01,4,1450,0,1158,4,292,0,0,4,1450,0,0,4,1450,California
Merced,2021-01-02,128,1578,117,1275,11,303,0,0,128,1578,0,0,128,1578,California
Merced,2021-01-03,9,1587,5,1280,4,307,0,0,9,1587,0,0,9,1587,California
Merced,2021-01-04,80,1667,42,1322,38,345,0,0,80,1667,0,0,80,1667,California
Merced,2021-01-05,319,1986,231,1553,88,433,0,0,313,1976,6,6,315,1982,California
Merced,2021-01-06,254,2240,104,1657,150,583,0,0,248,2218,6,12,248,2230,California
Merced,2021-01-07,185,2425,81,1738,104,687,0,0,175,2382,11,23,175,2405,California
Merced,2021-01-08,527,2952,393,2131,134,821,0,0,376,2608,150,173,376,2781,California
Merced,2021-01-09,23,2975,10,2141,13,834,0,0,17,2619,6,179,17,2798,California
Merced,2021-01-10,11,2986,7,2148,4,838,0,0,7,2622,4,183,7,2805,California
Merced,2021-01-11,226,3212,167,2315,59,897,0,0,102,2602,124,307,104,2909,California
Merced,2021-01-12,292,3504,169,2484,123,1020,0,0,242,2793,51,358,242,3151,California
Merced,2021-01-13,372,3876,173,2657,199,1219,0,0,221,2866,151,509,224,3375,California
Merced,2021-01-14,324,4200,200,2857,124,1343,0,0,159,2862,164,673,160,3535,California
Merced,2021-01-15,578,4778,127,2984,451,1794,0,0,540,3365,39,712,542,4077,California
Merced,2021-01-16,203,4981,122,3106,81,1875,0,0,198,3558,5,717,198,4275,California
Merced,2021-01-17,50,5031,12,3118,38,1913,0,0,49,3606,1,718,49,4324,California
Merced,2021-01-18,261,5292,126,3244,135,2048,0,0,239,3826,22,740,242,4566,California
Merced,2021-01-19,711,6003,587,3831,124,2172,0,0,539,4197,172,912,543,5109,California
Merced,2021-01-20,571,6574,466,4297,105,2277,0,0,514,4657,57,969,517,5626,California
Merced,2021-01-21,1007,7581,647,4944,360,2637,0,0,908,5469,99,1068,911,6537,California
Merced,2021-01-22,1305,8886,686,5630,619,3256,0,0,1278,6732,27,1095,1290,7827,California
Merced,2021-01-23,307,9193,185,5815,122,3378,0,0,202,6829,105,1200,202,8029,California
Merced,2021-01-24,32,9225,14,5829,18,3396,0,0,23,6844,8,1208,23,8052,California
Merced,2021-01-25,727,9952,241,6070,486,3882,0,0,668,7455,58,1266,669,8721,California
Merced,2021-01-26,916,10868,486,6556,430,4312,0,0,675,7917,214,1480,676,9397,California
Merced,2021-01-27,979,11847,582,7138,397,4709,0,0,812,8564,165,1645,812,10209,California
Merced,2021-01-28,1139,12986,593,7731,546,5255,0,0,1017,9460,122,1767,1018,11227,California
Merced,2021-01-29,846,13832,321,8052,525,5780,0,0,600,9824,239,2006,603,11830,California
Merced,2021-01-30,261,14093,28,8080,233,6013,0,0,244,10051,17,2023,244,12074,California
Merced,2021-01-31,46,14139,10,8090,36,6049,0,0,45,10095,1,2024,45,12119,California
Merced,2021-02-01,374,14513,52,8142,322,6371,0,0,325,10373,48,2072,326,12445,California
Merced,2021-02-02,295,14808,181,8323,114,6485,0,0,176,10433,117,2189,177,12622,California
Merced,2021-02-03,347,15155,71,8394,276,6761,0,0,168,10422,179,2368,168,12790,California
Merced,2021-02-04,372,15527,147,8541,225,6986,0,0,241,10534,130,2498,242,13032,California
Merced,2021-02-05,512,16039,172,8713,340,7326,0,0,272,10569,239,2737,274,13306,California
Merced,2021-02-06,389,16428,219,8932,170,7496,0,0,246,10674,142,2879,247,13553,California
Merced,2021-02-07,21,16449,13,8945,8,7504,0,0,14,10681,7,2886,14,13567,California
Merced,2021-02-08,280,16729,197,9142,83,7587,0,0,170,10743,109,2995,171,13738,California
Merced,2021-02-09,1215,17944,955,10097,260,7847,0,0,772,11081,435,3430,773,14511,California
Merced,2021-02-10,1852,19796,1431,11528,421,8268,0,0,1273,11785,569,3999,1273,15784,California
Merced,2021-02-11,2503,22299,2007,13535,496,8764,0,0,1815,12921,679,4678,1815,17599,California
Merced,2021-02-12,1716,24015,1015,14550,701,9465,0,0,748,12712,959,5637,750,18349,California
Merced,2021-02-13,361,24376,206,14756,155,9620,0,0,262,12878,98,5735,264,18613,California
Merced,2021-02-14,117,24493,26,14782,91,9711,0,0,96,12954,21,5756,97,18710,California
Merced,2021-02-15,272,24765,40,14822,232,9943,0,0,168,13025,98,5854,169,18879,California
Merced,2021-02-16,1214,25979,843,15665,371,10314,0,0,836,13503,360,6214,838,19717,California
Merced,2021-02-17,1875,27854,1630,17295,245,10559,0,0,1314,14272,548,6762,1317,21034,California
Merced,2021-02-18,1209,29063,819,18114,390,10949,0,0,406,13896,782,7544,406,21440,California
Merced,2021-02-19,1262,30325,413,18527,849,11798,0,0,537,13716,719,8263,539,21979,California
Merced,2021-02-20,276,30601,31,18558,245,12043,0,0,142,13726,132,8395,142,22121,California
Merced,2021-02-21,77,30678,62,18620,15,12058,0,0,32,13714,44,8439,32,22153,California
Merced,2021-02-22,831,31509,293,18913,538,12596,0,0,483,13851,346,8785,483,22636,California
Merced,2021-02-23,1080,32589,421,19334,659,13255,0,0,638,14052,437,9222,638,23274,California
Merced,2021-02-24,817,33406,303,19637,514,13769,0,0,445,14135,363,9585,446,23720,California
Merced,2021-02-25,1762,35168,870,20507,892,14661,0,0,1310,14998,449,10034,1312,25032,California
Merced,2021-02-26,2149,37317,1376,21883,773,15434,0,0,1737,16326,410,10444,1738,26770,California
Merced,2021-02-27,2527,39844,1102,22985,1425,16859,0,0,2242,18284,284,10728,2242,29012,California
Merced,2021-02-28,307,40151,72,23057,235,17094,0,0,252,18485,51,10779,252,29264,California
Merced,2021-03-01,1117,41268,281,23338,835,17929,1,1,776,18930,332,11111,777,30041,California
Merced,2021-03-02,1750,43018,907,24245,842,18771,1,2,1362,19914,379,11490,1363,31404,California
Merced,2021-03-03,2215,45233,1728,25973,486,19257,1,3,1458,20634,740,12230,1460,32864,California
Merced,2021-03-04,2881,48114,2267,28240,612,19869,2,5,1911,21595,953,13183,1914,34778,California
Merced,2021-03-05,2065,50179,1194,29434,847,20716,24,29,1526,22619,527,13710,1551,36329,California
Merced,2021-03-06,1165,51344,662,30096,481,21197,22,51,909,23295,255,13965,931,37260,California
Merced,2021-03-07,229,51573,65,30161,139,21336,25,76,200,23491,29,13994,225,37485,California
Merced,2021-03-08,1387,52960,789,30950,533,21869,65,141,1175,24518,212,14206,1239,38724,California
Merced,2021-03-09,1691,54651,996,31946,588,22457,107,248,1097,25134,589,14795,1205,39929,California
Merced,2021-03-10,2688,57339,1861,33807,627,23084,200,448,1616,25896,1058,15853,1820,41749,California
Merced,2021-03-11,1937,59276,690,34497,1043,24127,204,652,1220,26640,702,16555,1446,43195,California
Merced,2021-03-12,2196,61472,900,35397,1028,25155,268,920,1482,27692,710,17265,1762,44957,California
Merced,2021-03-13,720,62192,309,35706,168,25323,243,1163,412,28048,300,17565,656,45613,California
Merced,2021-03-14,249,62441,136,35842,83,25406,30,1193,149,28129,99,17664,180,45793,California
Merced,2021-03-15,1501,63942,493,36335,753,26159,255,1448,985,28859,509,18173,1239,47032,California
Merced,2021-03-16,1442,65384,695,37030,521,26680,226,1674,958,29567,475,18648,1183,48215,California
Merced,2021-03-17,1959,67343,1057,38087,724,27404,178,1852,1511,30818,440,19088,1691,49906,California
Merced,2021-03-18,2040,69383,1171,39258,722,28126,147,1999,1390,31730,638,19726,1550,51456,California
Merced,2021-03-19,2660,72043,1449,40707,1018,29144,193,2192,1383,32041,1266,20992,1577,53033,California
Merced,2021-03-20,2413,74456,1485,42192,533,29677,395,2587,956,31942,1454,22446,1355,54388,California
Merced,2021-03-21,556,75012,343,42535,200,29877,13,2600,436,32273,120,22566,451,54839,California
Merced,2021-03-22,1262,76274,629,43164,557,30434,76,2676,887,32870,368,22934,965,55804,California
Merced,2021-03-23,1827,78101,1101,44265,662,31096,64,2740,1345,33802,478,23412,1410,57214,California
Merced,2021-03-24,1431,79532,898,45163,498,31594,35,2775,954,34320,472,23884,990,58204,California
Merced,2021-03-25,3304,82836,2272,47435,1011,32605,21,2796,2079,35206,1217,25101,2103,60307,California
Merced,2021-03-26,1930,84766,1084,48519,812,33417,34,2830,889,35095,1033,26134,922,61229,California
Merced,2021-03-27,3222,87988,1869,50388,1205,34622,148,2978,1487,35008,1723,27857,1636,62865,California
Merced,2021-03-28,517,88505,213,50601,297,34919,7,2985,213,34928,302,28159,222,63087,California
Merced,2021-03-29,1797,90302,754,51355,878,35797,165,3150,667,34641,1123,29282,836,63923,California
Merced,2021-03-30,2145,92447,800,52155,1286,37083,59,3209,990,34540,1151,30433,1050,64973,California
Merced,2021-03-31,2125,94572,1401,53556,686,37769,38,3247,953,34375,1157,31590,992,65965,California
Merced,2021-04-01,2182,96754,1020,54576,1037,38806,125,3372,999,34324,1177,32767,1126,67091,California
Merced,2021-04-02,2331,99085,636,55212,1292,40098,403,3775,783,33981,1531,34298,1188,68279,California
Merced,2021-04-03,903,99988,426,55638,464,40562,13,3788,496,34090,403,34701,512,68791,California
Merced,2021-04-04,369,100357,143,55781,222,40784,4,3792,141,34010,227,34928,147,68938,California
Merced,2021-04-05,1264,101621,600,56381,453,41237,211,4003,417,33797,840,35768,627,69565,California
Merced,2021-04-06,2419,104040,897,57278,695,41932,827,4830,904,34016,1511,37279,1730,71295,California
Merced,2021-04-07,1650,105690,886,58164,657,42589,107,4937,585,33658,1052,38331,694,71989,California
Merced,2021-04-08,2274,107964,1169,59333,890,43479,215,5152,813,33253,1431,39762,1026,73015,California
Merced,2021-04-09,1680,109644,473,59806,632,44111,575,5727,562,33290,1102,40864,1139,74154,California
Merced,2021-04-10,694,110338,362,60168,144,44255,188,5915,176,33139,513,41377,362,74516,California
Merced,2021-04-11,488,110826,281,60449,72,44327,135,6050,147,33083,339,41716,283,74799,California
Merced,2021-04-12,1415,112241,928,61377,364,44691,123,6173,813,33452,567,42283,936,75735,California
Merced,2021-04-13,2027,114268,1450,62827,574,45265,3,6176,938,33395,1001,43284,944,76679,California
Merced,2021-04-14,2041,116309,1208,64035,833,46098,0,6176,903,33293,1007,44291,905,77584,California
Merced,2021-04-15,3015,119324,1974,66009,1041,47139,0,6176,957,32422,1832,46123,961,78545,California
Merced,2021-04-16,2357,121681,1149,67158,1208,48347,0,6176,965,32091,1296,47419,965,79510,California
Merced,2021-04-17,1455,123136,809,67967,646,48993,0,6176,361,31364,1089,48508,362,79872,California
Merced,2021-04-18,465,123601,246,68213,219,49212,0,6176,188,31302,250,48758,188,80060,California
Merced,2021-04-19,1323,124924,743,68956,580,49792,0,6176,702,31477,527,49285,702,80762,California
Merced,2021-04-20,1408,126332,732,69688,676,50468,0,6176,783,31703,558,49843,784,81546,California
Merced,2021-04-21,1463,127795,880,70568,583,51051,0,6176,748,31847,604,50447,748,82294,California
Merced,2021-04-22,1603,129398,739,71307,864,51915,0,6176,773,31871,749,51196,773,83067,California
Merced,2021-04-23,1628,131026,667,71974,961,52876,0,6176,882,32054,700,51896,883,83950,California
Merced,2021-04-24,568,131594,398,72372,170,53046,0,6176,388,32267,176,52072,389,84339,California
Merced,2021-04-25,325,131919,185,72557,140,53186,0,6176,191,32326,132,52204,191,84530,California
Merced,2021-04-26,1177,133096,512,73069,665,53851,0,6176,613,32410,531,52735,615,85145,California
Merced,2021-04-27,1553,134649,695,73764,848,54699,10,6186,629,32192,858,53593,640,85785,California
Merced,2021-04-28,1362,136011,674,74438,679,55378,9,6195,780,32421,561,54154,790,86575,California
Merced,2021-04-29,1389,137400,588,75026,776,56154,25,6220,647,32363,732,54886,674,87249,California
Merced,2021-04-30,1423,138823,603,75629,776,56930,44,6264,727,32442,693,55579,772,88021,California
Merced,2021-05-01,555,139378,240,75869,311,57241,4,6268,257,32408,295,55874,261,88282,California
Merced,2021-05-02,291,139669,117,75986,159,57400,15,6283,128,32389,163,56037,144,88426,California
Merced,2021-05-03,773,140442,530,76516,196,57596,47,6330,270,32230,497,56534,338,88764,California
Merced,2021-05-04,1004,141446,536,77052,416,58012,52,6382,364,32010,636,57170,416,89180,California
Merced,2021-05-05,1150,142596,712,77764,362,58374,76,6458,484,31913,657,57827,560,89740,California
Merced,2021-05-06,895,143491,463,78227,383,58757,49,6507,300,31672,590,58417,349,90089,California
Merced,2021-05-07,867,144358,259,78486,567,59324,41,6548,358,31568,505,58922,401,90490,California
Merced,2021-05-08,396,144754,200,78686,160,59484,36,6584,181,31571,214,59136,217,90707,California
Merced,2021-05-09,215,144969,107,78793,100,59584,8,6592,103,31571,111,59247,111,90818,California
Merced,2021-05-10,687,145656,350,79143,301,59885,36,6628,190,31301,496,59743,226,91044,California
Merced,2021-05-11,1094,146750,649,79792,398,60283,47,6675,420,31099,669,60412,467,91511,California
Merced,2021-05-12,833,147583,497,80289,299,60582,37,6712,235,30777,594,61006,272,91783,California
Merced,2021-05-13,694,148277,358,80647,295,60877,41,6753,242,30611,450,61456,284,92067,California
Merced,2021-05-14,561,148838,338,80985,185,61062,38,6791,283,30660,272,61728,321,92388,California
Merced,2021-05-15,226,149064,116,81101,105,61167,5,6796,87,30613,139,61867,92,92480,California
Modoc,2020-12-16,1,1,1,1,0,0,0,0,1,1,0,0,1,1,California
Modoc,2020-12-21,99,100,99,100,0,0,0,0,99,100,0,0,99,100,California
Modoc,2020-12-22,14,114,14,114,0,0,0,0,14,114,0,0,14,114,California
Modoc,2020-12-23,4,118,4,118,0,0,0,0,4,118,0,0,4,118,California
Modoc,2020-12-24,1,119,1,119,0,0,0,0,1,119,0,0,1,119,California
Modoc,2020-12-28,2,121,2,121,0,0,0,0,2,121,0,0,2,121,California
Modoc,2020-12-29,10,131,1,122,9,9,0,0,10,131,0,0,10,131,California
Modoc,2020-12-30,7,138,0,122,7,16,0,0,7,138,0,0,7,138,California
Modoc,2021-01-02,3,141,1,123,2,18,0,0,3,141,0,0,3,141,California
Modoc,2021-01-04,8,149,0,123,8,26,0,0,8,149,0,0,8,149,California
Modoc,2021-01-05,2,151,1,124,1,27,0,0,2,151,0,0,2,151,California
Modoc,2021-01-06,3,154,2,126,1,28,0,0,2,152,1,1,2,153,California
Modoc,2021-01-07,72,226,0,126,72,100,0,0,72,224,0,1,72,225,California
Modoc,2021-01-08,105,331,0,126,105,205,0,0,105,329,0,1,105,330,California
Modoc,2021-01-10,1,332,1,127,0,205,0,0,0,328,1,2,0,330,California
Modoc,2021-01-11,90,422,81,208,9,214,0,0,19,276,71,73,19,349,California
Modoc,2021-01-12,94,516,25,233,69,283,0,0,68,318,26,99,68,417,California
Modoc,2021-01-13,24,540,4,237,20,303,0,0,22,338,2,101,22,439,California
Modoc,2021-01-14,129,669,6,243,123,426,0,0,124,457,5,106,124,563,California
Modoc,2021-01-15,6,675,1,244,5,431,0,0,6,463,0,106,6,569,California
Modoc,2021-01-16,1,676,1,245,0,431,0,0,1,464,0,106,1,570,California
Modoc,2021-01-18,1,677,1,246,0,431,0,0,1,465,0,106,1,571,California
Modoc,2021-01-19,5,682,3,249,2,433,0,0,3,466,2,108,3,574,California
Modoc,2021-01-20,11,693,1,250,10,443,0,0,11,477,0,108,11,585,California
Modoc,2021-01-21,157,850,2,252,155,598,0,0,157,634,0,108,157,742,California
Modoc,2021-01-22,2,852,0,252,2,600,0,0,2,636,0,108,2,744,California
Modoc,2021-01-25,11,863,0,252,11,611,0,0,11,647,0,108,11,755,California
Modoc,2021-01-26,65,928,1,253,64,675,0,0,65,712,0,108,65,820,California
Modoc,2021-01-27,41,969,2,255,39,714,0,0,25,721,16,124,25,845,California
Modoc,2021-01-28,145,1114,2,257,143,857,0,0,144,864,1,125,144,989,California
Modoc,2021-01-29,3,1117,1,258,2,859,0,0,3,867,0,125,3,992,California
Modoc,2021-02-01,26,1143,13,271,13,872,0,0,12,865,14,139,12,1004,California
Modoc,2021-02-02,170,1313,2,273,168,1040,0,0,167,1029,3,142,167,1171,California
Modoc,2021-02-03,18,1331,13,286,5,1045,0,0,11,1033,7,149,11,1182,California
Modoc,2021-02-04,155,1486,4,290,151,1196,0,0,27,932,128,277,27,1209,California
Modoc,2021-02-05,4,1490,3,293,1,1197,0,0,3,934,1,278,3,1212,California
Modoc,2021-02-08,9,1499,2,295,7,1204,0,0,8,941,1,279,8,1220,California
Modoc,2021-02-09,197,1696,13,308,184,1388,0,0,65,874,132,411,65,1285,California
Modoc,2021-02-10,5,1701,2,310,3,1391,0,0,4,877,1,412,4,1289,California
Modoc,2021-02-11,201,1902,3,313,198,1589,0,0,83,842,118,530,83,1372,California
Modoc,2021-02-12,4,1906,0,313,4,1593,0,0,2,842,2,532,2,1374,California
Modoc,2021-02-13,1,1907,0,313,1,1594,0,0,1,843,0,532,1,1375,California
Modoc,2021-02-16,147,2054,6,319,141,1735,0,0,143,982,4,536,143,1518,California
Modoc,2021-02-17,24,2078,1,320,23,1758,0,0,12,982,12,548,12,1530,California
Modoc,2021-02-18,188,2266,2,322,186,1944,0,0,25,846,162,710,26,1556,California
Modoc,2021-02-19,2,2268,2,324,0,1944,0,0,2,848,0,710,2,1558,California
Modoc,2021-02-20,1,2269,1,325,0,1944,0,0,0,847,1,711,0,1558,California
Modoc,2021-02-22,17,2286,9,334,8,1952,0,0,3,836,14,725,3,1561,California
Modoc,2021-02-23,20,2306,2,336,18,1970,0,0,1,818,19,744,1,1562,California
Modoc,2021-02-24,90,2396,1,337,89,2059,0,0,30,788,60,804,30,1592,California
Modoc,2021-02-25,169,2565,1,338,168,2227,0,0,13,645,156,960,13,1605,California
Modoc,2021-02-26,3,2568,0,338,3,2230,0,0,1,644,2,962,1,1606,California
Modoc,2021-02-27,5,2573,5,343,0,2230,0,0,2,643,3,965,2,1608,California
Modoc,2021-03-01,5,2578,0,343,5,2235,0,0,0,639,4,969,0,1608,California
Modoc,2021-03-02,193,2771,12,355,181,2416,0,0,26,498,167,1136,26,1634,California
Modoc,2021-03-03,12,2783,6,361,6,2422,0,0,2,490,10,1146,2,1636,California
Modoc,2021-03-04,175,2958,2,363,173,2595,0,0,148,611,27,1173,148,1784,California
Modoc,2021-03-05,4,2962,3,366,1,2596,0,0,2,611,2,1175,2,1786,California
Modoc,2021-03-06,11,2973,0,366,1,2597,10,10,1,612,10,1185,11,1797,California
Modoc,2021-03-07,6,2979,1,367,0,2597,5,15,1,613,5,1190,6,1803,California
Modoc,2021-03-08,8,2987,1,368,3,2600,4,19,1,612,6,1196,5,1808,California
Modoc,2021-03-09,126,3113,10,378,108,2708,8,27,61,616,65,1261,69,1877,California
Modoc,2021-03-10,9,3122,3,381,2,2710,4,31,4,619,5,1266,8,1885,California
Modoc,2021-03-11,207,3329,0,381,99,2809,108,139,22,564,185,1451,130,2015,California
Modoc,2021-03-12,10,3339,1,382,4,2813,5,144,4,567,6,1457,9,2024,California
Modoc,2021-03-13,4,3343,0,382,1,2814,3,147,1,568,3,1460,4,2028,California
Modoc,2021-03-15,12,3355,1,383,10,2824,1,148,10,577,2,1462,11,2039,California
Modoc,2021-03-16,173,3528,1,384,168,2992,4,152,42,491,131,1593,45,2084,California
Modoc,2021-03-17,10,3538,1,385,4,2996,5,157,2,490,8,1601,7,2091,California
Modoc,2021-03-18,67,3605,2,387,58,3054,7,164,35,500,32,1633,42,2133,California
Modoc,2021-03-19,5,3610,0,387,0,3054,5,169,0,500,5,1638,5,2138,California
Modoc,2021-03-20,5,3615,2,389,0,3054,3,172,0,498,5,1643,3,2141,California
Modoc,2021-03-21,4,3619,1,390,1,3055,2,174,2,500,2,1645,4,2145,California
Modoc,2021-03-22,18,3637,1,391,11,3066,6,180,12,512,6,1651,18,2163,California
Modoc,2021-03-23,37,3674,7,398,27,3093,3,183,28,534,9,1660,31,2194,California
Modoc,2021-03-24,29,3703,1,399,18,3111,10,193,2,519,27,1687,12,2206,California
Modoc,2021-03-25,77,3780,1,400,74,3185,2,195,45,534,32,1719,47,2253,California
Modoc,2021-03-26,7,3787,2,402,2,3187,3,198,2,534,5,1724,5,2258,California
Modoc,2021-03-27,2,3789,0,402,1,3188,1,199,1,535,1,1725,2,2260,California
Modoc,2021-03-28,2,3791,1,403,0,3188,1,200,0,534,2,1727,1,2261,California
Modoc,2021-03-29,14,3805,1,404,5,3193,8,208,5,538,9,1736,13,2274,California
Modoc,2021-03-30,55,3860,10,414,38,3231,7,215,21,532,34,1770,28,2302,California
Modoc,2021-03-31,9,3869,3,417,2,3233,4,219,3,533,6,1776,7,2309,California
Modoc,2021-04-01,167,4036,2,419,160,3393,5,224,32,435,135,1911,37,2346,California
Modoc,2021-04-02,5,4041,0,419,2,3395,3,227,1,436,3,1914,4,2350,California
Modoc,2021-04-03,5,4046,2,421,0,3395,3,230,2,438,2,1916,4,2354,California
Modoc,2021-04-05,9,4055,0,421,9,3404,0,230,9,447,0,1916,9,2363,California
Modoc,2021-04-06,24,4079,5,426,9,3413,10,240,6,445,18,1934,16,2379,California
Modoc,2021-04-07,12,4091,1,427,4,3417,7,247,3,446,9,1943,10,2389,California
Modoc,2021-04-08,97,4188,1,428,93,3510,3,250,26,404,71,2014,29,2418,California
Modoc,2021-04-09,11,4199,2,430,6,3516,3,253,2,399,9,2023,4,2422,California
Modoc,2021-04-10,5,4204,0,430,1,3517,4,257,0,398,5,2028,4,2426,California
Modoc,2021-04-11,2,4206,2,432,0,3517,0,257,1,398,1,2029,1,2427,California
Modoc,2021-04-12,14,4220,0,432,10,3527,4,261,1,392,11,2040,5,2432,California
Modoc,2021-04-13,30,4250,29,461,1,3528,0,261,21,404,9,2049,21,2453,California
Modoc,2021-04-14,2,4252,2,463,0,3528,0,261,1,404,1,2050,1,2454,California
Modoc,2021-04-15,100,4352,0,463,100,3628,0,261,27,358,73,2123,27,2481,California
Modoc,2021-04-16,4,4356,4,467,0,3628,0,261,3,360,1,2124,3,2484,California
Modoc,2021-04-17,2,4358,2,469,0,3628,0,261,2,362,0,2124,2,2486,California
Modoc,2021-04-18,1,4359,0,469,1,3629,0,261,1,363,0,2124,1,2487,California
Modoc,2021-04-19,6,4365,0,469,6,3635,0,261,1,359,5,2129,1,2488,California
Modoc,2021-04-20,27,4392,2,471,25,3660,0,261,9,350,18,2147,9,2497,California
Modoc,2021-04-21,4,4396,4,475,0,3660,0,261,1,348,3,2150,1,2498,California
Modoc,2021-04-22,98,4494,4,479,94,3754,0,261,41,332,57,2207,41,2539,California
Modoc,2021-04-23,5,4499,1,480,4,3758,0,261,4,335,1,2208,4,2543,California
Modoc,2021-04-24,3,4502,1,481,1,3759,1,262,2,337,1,2209,3,2546,California
Modoc,2021-04-25,1,4503,1,482,0,3759,0,262,1,338,0,2209,1,2547,California
Modoc,2021-04-26,8,4511,1,483,7,3766,0,262,3,336,5,2214,3,2550,California
Modoc,2021-04-27,6,4517,4,487,1,3767,1,263,1,333,5,2219,2,2552,California
Modoc,2021-04-28,5,4522,1,488,3,3770,1,264,1,331,4,2223,2,2554,California
Modoc,2021-04-29,65,4587,2,490,63,3833,0,264,24,314,41,2264,24,2578,California
Modoc,2021-04-30,5,4592,4,494,1,3834,0,264,3,315,2,2266,3,2581,California
Modoc,2021-05-01,1,4593,1,495,0,3834,0,264,0,314,1,2267,0,2581,California
Modoc,2021-05-02,4,4597,3,498,1,3835,0,264,3,316,1,2268,3,2584,California
Modoc,2021-05-03,10,4607,0,498,9,3844,1,265,0,307,10,2278,1,2585,California
Modoc,2021-05-04,11,4618,3,501,6,3850,2,267,5,308,6,2284,7,2592,California
Modoc,2021-05-05,27,4645,24,525,2,3852,1,268,8,298,19,2303,9,2601,California
Modoc,2021-05-06,54,4699,3,528,49,3901,2,270,21,288,33,2336,23,2624,California
Modoc,2021-05-07,8,4707,3,531,3,3904,2,272,2,286,6,2342,4,2628,California
Modoc,2021-05-08,3,4710,2,533,0,3904,1,273,1,286,2,2344,2,2630,California
Modoc,2021-05-09,2,4712,2,535,0,3904,0,273,1,286,1,2345,1,2631,California
Modoc,2021-05-10,2,4714,0,535,1,3905,1,274,1,287,1,2346,2,2633,California
Modoc,2021-05-11,2,4716,1,536,0,3905,1,275,0,286,2,2348,1,2634,California
Modoc,2021-05-12,3,4719,1,537,0,3905,2,277,1,287,2,2350,3,2637,California
Modoc,2021-05-13,43,4762,2,539,37,3942,4,281,13,274,30,2380,17,2654,California
Modoc,2021-05-14,1,4763,1,540,0,3942,0,281,0,273,1,2381,0,2654,California
Mono,2020-12-18,1,1,1,1,0,0,0,0,1,1,0,0,1,1,California
Mono,2020-12-19,5,6,5,6,0,0,0,0,5,6,0,0,5,6,California
Mono,2020-12-20,7,13,7,13,0,0,0,0,7,13,0,0,7,13,California
Mono,2020-12-21,24,37,17,30,7,7,0,0,24,37,0,0,24,37,California
Mono,2020-12-22,66,103,65,95,1,8,0,0,66,103,0,0,66,103,California
Mono,2020-12-23,70,173,42,137,28,36,0,0,70,173,0,0,70,173,California
Mono,2020-12-24,3,176,1,138,2,38,0,0,3,176,0,0,3,176,California
Mono,2020-12-26,3,179,3,141,0,38,0,0,3,179,0,0,3,179,California
Mono,2020-12-28,94,273,63,204,31,69,0,0,94,273,0,0,94,273,California
Mono,2020-12-29,29,302,29,233,0,69,0,0,29,302,0,0,29,302,California
Mono,2020-12-30,77,379,36,269,41,110,0,0,77,379,0,0,77,379,California
Mono,2020-12-31,4,383,1,270,3,113,0,0,4,383,0,0,4,383,California
Mono,2021-01-01,4,387,4,274,0,113,0,0,4,387,0,0,4,387,California
Mono,2021-01-02,2,389,2,276,0,113,0,0,2,389,0,0,2,389,California
Mono,2021-01-04,1,390,0,276,1,114,0,0,1,390,0,0,1,390,California
Mono,2021-01-05,45,435,2,278,43,157,0,0,44,433,1,1,44,434,California
Mono,2021-01-06,44,479,0,278,44,201,0,0,44,477,0,1,44,478,California
Mono,2021-01-07,55,534,3,281,52,253,0,0,54,530,1,2,54,532,California
Mono,2021-01-08,2,536,1,282,1,254,0,0,1,530,1,3,1,533,California
Mono,2021-01-09,4,540,4,286,0,254,0,0,0,526,4,7,0,533,California
Mono,2021-01-10,5,545,5,291,0,254,0,0,0,521,5,12,0,533,California
Mono,2021-01-11,8,553,5,296,3,257,0,0,4,521,4,16,4,537,California
Mono,2021-01-12,282,835,75,371,207,464,0,0,218,676,63,79,218,755,California
Mono,2021-01-13,233,1068,73,444,160,624,0,0,178,799,55,134,178,933,California
Mono,2021-01-14,73,1141,71,515,2,626,0,0,73,872,0,134,73,1006,California
Mono,2021-01-15,62,1203,2,517,60,686,0,0,62,934,0,134,62,1068,California
Mono,2021-01-16,4,1207,3,520,1,687,0,0,1,932,3,137,1,1069,California
Mono,2021-01-18,64,1271,55,575,9,696,0,0,2,872,62,199,2,1071,California
Mono,2021-01-19,210,1481,208,783,2,698,0,0,172,1007,38,237,173,1244,California
Mono,2021-01-20,230,1711,198,981,32,730,0,0,169,1115,61,298,169,1413,California
Mono,2021-01-21,3,1714,3,984,0,730,0,0,3,1118,0,298,3,1416,California
Mono,2021-01-22,4,1718,0,984,4,734,0,0,4,1122,0,298,4,1420,California
Mono,2021-01-23,595,2313,595,1579,0,734,0,0,594,1715,1,299,594,2014,California
Mono,2021-01-25,202,2515,164,1743,38,772,0,0,163,1839,39,338,163,2177,California
Mono,2021-01-26,505,3020,503,2246,2,774,0,0,499,2332,6,344,499,2676,California
Mono,2021-01-27,5,3025,1,2247,4,778,0,0,5,2337,0,344,5,2681,California
Mono,2021-01-28,6,3031,2,2249,4,782,0,0,2,2335,4,348,2,2683,California
Mono,2021-01-30,202,3233,200,2449,2,784,0,0,201,2535,1,349,201,2884,California
Mono,2021-01-31,243,3476,138,2587,105,889,0,0,139,2570,104,453,139,3023,California
Mono,2021-02-01,27,3503,27,2614,0,889,0,0,0,2543,27,480,0,3023,California
Mono,2021-02-02,5,3508,0,2614,5,894,0,0,2,2542,3,483,2,3025,California
Mono,2021-02-03,4,3512,2,2616,2,896,0,0,2,2542,2,485,2,3027,California
Mono,2021-02-04,211,3723,158,2774,53,949,0,0,90,2511,121,606,90,3117,California
Mono,2021-02-05,617,4340,611,3385,6,955,0,0,614,3122,3,609,614,3731,California
Mono,2021-02-06,138,4478,137,3522,1,956,0,0,137,3258,1,610,137,3868,California
Mono,2021-02-07,2,4480,0,3522,2,958,0,0,2,3260,0,610,2,3870,California
Mono,2021-02-08,172,4652,172,3694,0,958,0,0,15,3119,156,766,15,3885,California
Mono,2021-02-09,226,4878,6,3700,220,1178,0,0,14,2921,212,978,14,3899,California
Mono,2021-02-10,536,5414,186,3886,350,1528,0,0,194,2774,342,1320,195,4094,California
Mono,2021-02-11,7,5421,4,3890,3,1531,0,0,2,2771,5,1325,2,4096,California
Mono,2021-02-12,84,5505,20,3910,64,1595,0,0,26,2739,58,1383,26,4122,California
Mono,2021-02-13,586,6091,586,4496,0,1595,0,0,25,2204,560,1943,25,4147,California
Mono,2021-02-15,166,6257,164,4660,2,1597,0,0,3,2046,161,2104,3,4150,California
Mono,2021-02-16,516,6773,513,5173,3,1600,0,0,45,1623,468,2572,45,4195,California
Mono,2021-02-17,7,6780,2,5175,5,1605,0,0,2,1620,5,2577,2,4197,California
Mono,2021-02-18,3,6783,2,5177,1,1606,0,0,2,1621,1,2578,2,4199,California
Mono,2021-02-19,54,6837,53,5230,1,1607,0,0,54,1675,0,2578,54,4253,California
Mono,2021-02-20,4,6841,4,5234,0,1607,0,0,4,1679,0,2578,4,4257,California
Mono,2021-02-21,5,6846,5,5239,0,1607,0,0,3,1680,2,2580,3,4260,California
Mono,2021-02-22,285,7131,284,5523,1,1608,0,0,24,1444,260,2840,24,4284,California
Mono,2021-02-23,136,7267,116,5639,20,1628,0,0,22,1352,114,2954,22,4306,California
Mono,2021-02-24,10,7277,3,5642,7,1635,0,0,4,1350,6,2960,4,4310,California
Mono,2021-02-25,5,7282,2,5644,3,1638,0,0,3,1352,1,2961,3,4313,California
Mono,2021-02-26,598,7880,596,6240,2,1640,0,0,21,797,576,3537,21,4334,California
Mono,2021-02-27,140,8020,136,6376,4,1644,0,0,4,667,134,3671,4,4338,California
Mono,2021-03-01,3,8023,2,6378,1,1645,0,0,2,669,0,3671,2,4340,California
Mono,2021-03-02,5,8028,3,6381,2,1647,0,0,3,670,2,3673,3,4343,California
Mono,2021-03-03,82,8110,2,6383,80,1727,0,0,79,747,2,3675,79,4422,California
Mono,2021-03-04,5,8115,1,6384,4,1731,0,0,3,748,2,3677,3,4425,California
Mono,2021-03-05,37,8152,27,6411,10,1741,0,0,14,739,23,3700,14,4439,California
Mono,2021-03-06,508,8660,17,6428,491,2232,0,0,500,1234,6,3706,501,4940,California
Mono,2021-03-07,1,8661,0,6428,1,2233,0,0,0,1233,1,3707,0,4940,California
Mono,2021-03-08,538,9199,11,6439,524,2757,3,3,529,1756,9,3716,532,5472,California
Mono,2021-03-09,6,9205,2,6441,3,2760,1,4,3,1758,2,3718,4,5476,California
Mono,2021-03-10,286,9491,90,6531,193,2953,3,7,9,1495,275,3993,12,5488,California
Mono,2021-03-11,10,9501,0,6531,1,2954,9,16,0,1494,10,4003,9,5497,California
Mono,2021-03-12,7,9508,1,6532,1,2955,5,21,0,1492,7,4010,5,5502,California
Mono,2021-03-13,823,10331,386,6918,437,3392,0,21,815,2299,8,4018,815,6317,California
Mono,2021-03-14,4,10335,4,6922,0,3392,0,21,1,2297,3,4021,1,6318,California
Mono,2021-03-15,31,10366,23,6945,3,3395,5,26,14,2300,16,4037,19,6337,California
Mono,2021-03-16,16,10382,6,6951,4,3399,6,32,8,2306,8,4045,14,6351,California
Mono,2021-03-17,34,10416,5,6956,21,3420,8,40,22,2324,12,4057,30,6381,California
Mono,2021-03-18,21,10437,2,6958,11,3431,8,48,9,2329,12,4069,17,6398,California
Mono,2021-03-19,21,10458,1,6959,17,3448,3,51,17,2346,3,4072,20,6418,California
Mono,2021-03-20,5,10463,3,6962,1,3449,1,52,4,2350,1,4073,5,6423,California
Mono,2021-03-21,1,10464,1,6963,0,3449,0,52,1,2351,0,4073,1,6424,California
Mono,2021-03-22,11,10475,0,6963,6,3455,5,57,5,2355,6,4079,10,6434,California
Mono,2021-03-23,41,10516,5,6968,31,3486,5,62,18,2355,23,4102,23,6457,California
Mono,2021-03-24,13,10529,1,6969,7,3493,5,67,5,2357,8,4110,10,6467,California
Mono,2021-03-25,19,10548,3,6972,12,3505,4,71,12,2366,7,4117,16,6483,California
Mono,2021-03-26,19,10567,3,6975,11,3516,5,76,10,2373,8,4125,15,6498,California
Mono,2021-03-27,350,10917,347,7322,3,3519,0,76,324,2671,26,4151,324,6822,California
Mono,2021-03-28,1,10918,1,7323,0,3519,0,76,1,2672,0,4151,1,6823,California
Mono,2021-03-29,10,10928,3,7326,6,3525,1,77,8,2679,2,4153,9,6832,California
Mono,2021-03-30,12,10940,0,7326,8,3533,4,81,7,2685,5,4158,11,6843,California
Mono,2021-03-31,127,11067,7,7333,119,3652,1,82,47,2654,79,4237,48,6891,California
Mono,2021-04-01,8,11075,0,7333,7,3659,1,83,3,2653,5,4242,4,6895,California
Mono,2021-04-02,18,11093,2,7335,16,3675,0,83,7,2649,11,4253,7,6902,California
Mono,2021-04-03,868,11961,372,7707,496,4171,0,83,50,1889,816,5069,56,6958,California
Mono,2021-04-05,528,12489,17,7724,510,4681,1,84,30,1423,497,5566,31,6989,California
Mono,2021-04-06,19,12508,1,7725,5,4686,13,97,1,1419,18,5584,14,7003,California
Mono,2021-04-07,25,12533,3,7728,3,4689,19,116,4,1421,21,5605,23,7026,California
Mono,2021-04-08,22,12555,3,7731,2,4691,17,133,4,1424,18,5623,21,7047,California
Mono,2021-04-09,37,12592,4,7735,4,4695,29,162,7,1430,30,5653,36,7083,California
Mono,2021-04-10,446,13038,2,7737,437,5132,7,169,28,1047,418,6071,35,7118,California
Mono,2021-04-11,1,13039,1,7738,0,5132,0,169,0,1046,1,6072,0,7118,California
Mono,2021-04-12,6,13045,0,7738,3,5135,3,172,3,1049,3,6075,6,7124,California
Mono,2021-04-13,19,13064,2,7740,16,5151,1,173,13,1057,6,6081,14,7138,California
Mono,2021-04-14,26,13090,1,7741,25,5176,0,173,7,1045,19,6100,7,7145,California
Mono,2021-04-15,18,13108,3,7744,15,5191,0,173,9,1045,9,6109,9,7154,California
Mono,2021-04-16,16,13124,1,7745,15,5206,0,173,5,1039,11,6120,5,7159,California
Mono,2021-04-17,51,13175,2,7747,49,5255,0,173,44,1076,7,6127,44,7203,California
Mono,2021-04-18,1,13176,0,7747,1,5256,0,173,1,1077,0,6127,1,7204,California
Mono,2021-04-19,527,13703,319,8066,208,5464,0,173,201,954,324,6451,201,7405,California
Mono,2021-04-20,17,13720,2,8068,15,5479,0,173,12,961,5,6456,12,7417,California
Mono,2021-04-21,9,13729,1,8069,8,5487,0,173,4,960,5,6461,4,7421,California
Mono,2021-04-22,27,13756,13,8082,14,5501,0,173,13,959,14,6475,13,7434,California
Mono,2021-04-23,22,13778,2,8084,20,5521,0,173,12,961,10,6485,12,7446,California
Mono,2021-04-24,33,13811,20,8104,13,5534,0,173,18,964,15,6500,18,7464,California
Mono,2021-04-25,3,13814,2,8106,1,5535,0,173,3,967,0,6500,3,7467,California
Mono,2021-04-26,10,13824,1,8107,9,5544,0,173,2,961,8,6508,2,7469,California
Mono,2021-04-27,66,13890,40,8147,19,5563,7,180,50,1002,16,6524,57,7526,California
Mono,2021-04-28,63,13953,41,8188,18,5581,4,184,48,1041,13,6537,52,7578,California
Mono,2021-04-29,8,13961,1,8189,4,5585,3,187,2,1040,6,6543,5,7583,California
Mono,2021-04-30,16,13977,3,8192,10,5595,3,190,8,1043,8,6551,11,7594,California
Mono,2021-05-01,110,14087,4,8196,106,5701,0,190,98,1129,12,6563,98,7692,California
Mono,2021-05-03,1,14088,0,8196,1,5702,0,190,0,1128,1,6564,0,7692,California
Mono,2021-05-04,19,14107,0,8196,13,5715,6,196,10,1135,9,6573,16,7708,California
Mono,2021-05-05,53,14160,8,8204,41,5756,4,200,45,1176,8,6581,49,7757,California
Mono,2021-05-06,13,14173,3,8207,9,5765,1,201,9,1182,4,6585,10,7767,California
Mono,2021-05-07,29,14202,22,8229,7,5772,0,201,25,1203,4,6589,25,7792,California
Mono,2021-05-08,50,14252,5,8234,45,5817,0,201,22,1197,28,6617,22,7814,California
Mono,2021-05-10,16,14268,1,8235,11,5828,4,205,9,1203,7,6624,13,7827,California
Mono,2021-05-11,15,14283,2,8237,10,5838,3,208,5,1201,10,6634,8,7835,California
Mono,2021-05-12,12,14295,0,8237,11,5849,1,209,4,1198,8,6642,5,7840,California
Mono,2021-05-13,46,14341,35,8272,11,5860,0,209,38,1228,8,6650,38,7878,California
Mono,2021-05-14,3,14344,1,8273,1,5861,1,210,1,1228,2,6652,2,7880,California
Mono,2021-05-15,62,14406,26,8299,33,5894,3,213,19,1207,43,6695,22,7902,California
Monterey,2020-12-16,4,4,4,4,0,0,0,0,4,4,0,0,4,4,California
Monterey,2020-12-17,83,87,83,87,0,0,0,0,83,87,0,0,83,87,California
Monterey,2020-12-18,482,569,482,569,0,0,0,0,482,569,0,0,482,569,California
Monterey,2020-12-19,580,1149,580,1149,0,0,0,0,580,1149,0,0,580,1149,California
Monterey,2020-12-20,422,1571,422,1571,0,0,0,0,422,1571,0,0,422,1571,California
Monterey,2020-12-21,718,2289,718,2289,0,0,0,0,718,2289,0,0,718,2289,California
Monterey,2020-12-22,533,2822,520,2809,13,13,0,0,533,2822,0,0,533,2822,California
Monterey,2020-12-23,437,3259,262,3071,175,188,0,0,437,3259,0,0,437,3259,California
Monterey,2020-12-24,84,3343,10,3081,74,262,0,0,84,3343,0,0,84,3343,California
Monterey,2020-12-25,6,3349,0,3081,6,268,0,0,6,3349,0,0,6,3349,California
Monterey,2020-12-26,92,3441,5,3086,87,355,0,0,92,3441,0,0,92,3441,California
Monterey,2020-12-27,7,3448,4,3090,3,358,0,0,7,3448,0,0,7,3448,California
Monterey,2020-12-28,475,3923,25,3115,450,808,0,0,475,3923,0,0,475,3923,California
Monterey,2020-12-29,898,4821,167,3282,731,1539,0,0,898,4821,0,0,898,4821,California
Monterey,2020-12-30,567,5388,98,3380,469,2008,0,0,567,5388,0,0,567,5388,California
Monterey,2020-12-31,33,5421,11,3391,22,2030,0,0,33,5421,0,0,33,5421,California
Monterey,2021-01-01,12,5433,2,3393,10,2040,0,0,12,5433,0,0,12,5433,California
Monterey,2021-01-02,137,5570,134,3527,3,2043,0,0,137,5570,0,0,137,5570,California
Monterey,2021-01-03,30,5600,29,3556,1,2044,0,0,30,5600,0,0,30,5600,California
Monterey,2021-01-04,411,6011,18,3574,393,2437,0,0,411,6011,0,0,411,6011,California
Monterey,2021-01-05,752,6763,327,3901,425,2862,0,0,738,6735,14,14,738,6749,California
Monterey,2021-01-06,656,7419,172,4073,484,3346,0,0,634,7347,22,36,634,7383,California
Monterey,2021-01-07,745,8164,571,4644,174,3520,0,0,422,7448,321,357,422,7805,California
Monterey,2021-01-08,1087,9251,734,5378,353,3873,0,0,394,7149,693,1050,394,8199,California
Monterey,2021-01-09,964,10215,936,6314,28,3901,0,0,312,6809,652,1702,312,8511,California
Monterey,2021-01-10,274,10489,271,6585,3,3904,0,0,9,6553,265,1967,9,8520,California
Monterey,2021-01-11,1064,11553,984,7569,80,3984,0,0,362,6213,702,2669,362,8882,California
Monterey,2021-01-12,465,12018,388,7957,77,4061,0,0,204,6156,261,2930,204,9086,California
Monterey,2021-01-13,1217,13235,593,8550,624,4685,0,0,1171,7281,46,2976,1171,10257,California
Monterey,2021-01-14,1119,14354,165,8715,954,5639,0,0,1100,8366,19,2995,1104,11361,California
Monterey,2021-01-15,1046,15400,45,8760,1001,6640,0,0,1033,9386,13,3008,1033,12394,California
Monterey,2021-01-16,363,15763,300,9060,63,6703,0,0,358,9739,5,3013,358,12752,California
Monterey,2021-01-17,309,16072,288,9348,21,6724,0,0,296,10022,13,3026,296,13048,California
Monterey,2021-01-18,401,16473,50,9398,351,7075,0,0,380,10381,21,3047,380,13428,California
Monterey,2021-01-19,578,17051,396,9794,182,7257,0,0,419,10643,157,3204,419,13847,California
Monterey,2021-01-20,532,17583,270,10064,262,7519,0,0,326,10763,206,3410,326,14173,California
Monterey,2021-01-21,840,18423,92,10156,748,8267,0,0,730,11387,110,3520,734,14907,California
Monterey,2021-01-22,1048,19471,193,10349,855,9122,0,0,1009,12357,39,3559,1009,15916,California
Monterey,2021-01-23,241,19712,175,10524,66,9188,0,0,118,12354,122,3681,119,16035,California
Monterey,2021-01-24,56,19768,38,10562,18,9206,0,0,22,12342,34,3715,22,16057,California
Monterey,2021-01-25,782,20550,173,10735,609,9815,0,0,157,11881,618,4333,157,16214,California
Monterey,2021-01-26,927,21477,224,10959,703,10518,0,0,235,11424,692,5025,235,16449,California
Monterey,2021-01-27,860,22337,311,11270,549,11067,0,0,382,11328,478,5503,382,16831,California
Monterey,2021-01-28,2023,24360,739,12009,1284,12351,0,0,1682,12671,341,5844,1684,18515,California
Monterey,2021-01-29,1229,25589,707,12716,522,12873,0,0,1112,13668,116,5960,1113,19628,California
Monterey,2021-01-30,442,26031,294,13010,148,13021,0,0,186,13598,256,6216,186,19814,California
Monterey,2021-01-31,493,26524,71,13081,422,13443,0,0,483,14072,10,6226,484,20298,California
Monterey,2021-02-01,1652,28176,1140,14221,512,13955,0,0,1089,14599,562,6788,1089,21387,California
Monterey,2021-02-02,2160,30336,463,14684,1697,15652,0,0,1553,15546,606,7394,1553,22940,California
Monterey,2021-02-03,2327,32663,1045,15729,1282,16934,0,0,1552,16327,771,8165,1552,24492,California
Monterey,2021-02-04,2772,35435,2088,17817,684,17618,0,0,2463,18483,307,8472,2463,26955,California
Monterey,2021-02-05,3643,39078,2821,20638,822,18440,0,0,3207,21259,431,8903,3207,30162,California
Monterey,2021-02-06,1097,40175,379,21017,718,19158,0,0,755,21674,340,9243,755,30917,California
Monterey,2021-02-07,315,40490,270,21287,45,19203,0,0,96,21551,219,9462,96,31013,California
Monterey,2021-02-08,515,41005,290,21577,225,19428,0,0,426,21888,89,9551,426,31439,California
Monterey,2021-02-09,863,41868,675,22252,188,19616,0,0,553,22133,310,9861,555,31994,California
Monterey,2021-02-10,2085,43953,1113,23365,972,20588,0,0,1235,22519,850,10711,1236,33230,California
Monterey,2021-02-11,2500,46453,971,24336,1529,22117,0,0,1545,23113,953,11664,1547,34777,California
Monterey,2021-02-12,2585,49038,429,24765,2156,24273,0,0,1517,23564,1067,12731,1518,36295,California
Monterey,2021-02-13,1068,50106,50,24815,1018,25291,0,0,977,24450,91,12822,977,37272,California
Monterey,2021-02-14,592,50698,73,24888,519,25810,0,0,519,24896,73,12895,519,37791,California
Monterey,2021-02-15,1366,52064,160,25048,1206,27016,0,0,981,25495,383,13278,982,38773,California
Monterey,2021-02-16,1091,53155,245,25293,846,27862,0,0,867,26138,224,13502,867,39640,California
Monterey,2021-02-17,1937,55092,1164,26457,773,28635,0,0,1638,27481,297,13799,1640,41280,California
Monterey,2021-02-18,2226,57318,1177,27634,1049,29684,0,0,909,27089,1303,15102,911,42191,California
Monterey,2021-02-19,2937,60255,1534,29168,1403,31087,0,0,1346,26846,1590,16692,1347,43538,California
Monterey,2021-02-20,1008,61263,608,29776,400,31487,0,0,952,27743,55,16747,952,44490,California
Monterey,2021-02-21,1240,62503,1212,30988,28,31515,0,0,1170,28845,68,16815,1170,45660,California
Monterey,2021-02-22,975,63478,843,31831,132,31647,0,0,643,29158,330,17145,643,46303,California
Monterey,2021-02-23,953,64431,621,32452,332,31979,0,0,302,28811,650,17795,303,46606,California
Monterey,2021-02-24,2463,66894,1314,33766,1149,33128,0,0,1850,30054,608,18403,1851,48457,California
Monterey,2021-02-25,4404,71298,2414,36180,1990,35118,0,0,1472,28602,2925,21328,1473,49930,California
Monterey,2021-02-26,5247,76545,3080,39260,2167,37285,0,0,2623,28605,2621,23949,2624,52554,California
Monterey,2021-02-27,996,77541,182,39442,814,38099,0,0,805,29224,186,24135,805,53359,California
Monterey,2021-02-28,1527,79068,80,39522,1447,39546,0,0,1065,29832,457,24592,1065,54424,California
Monterey,2021-03-01,1282,80350,139,39661,1140,40686,3,3,745,30048,533,25125,749,55173,California
Monterey,2021-03-02,2776,83126,1721,41382,1055,41741,0,3,1924,31124,848,25973,1924,57097,California
Monterey,2021-03-03,3204,86330,1241,42623,1963,43704,0,3,1265,30453,1937,27910,1266,58363,California
Monterey,2021-03-04,4550,90880,1467,44090,3083,46787,0,3,2950,31807,1596,29506,2950,61313,California
Monterey,2021-03-05,3588,94468,1619,45709,1692,48479,277,280,2956,34409,631,30137,3233,64546,California
Monterey,2021-03-06,5043,99511,1068,46777,3672,52151,303,583,4139,37948,901,31038,4440,68986,California
Monterey,2021-03-07,520,100031,108,46885,167,52318,245,828,233,38137,287,31325,476,69462,California
Monterey,2021-03-08,1657,101688,326,47211,942,53260,389,1217,1118,39103,539,31864,1505,70967,California
Monterey,2021-03-09,1907,103595,679,47890,952,54212,276,1493,1416,40303,490,32354,1690,72657,California
Monterey,2021-03-10,3124,106719,1022,48912,1614,55826,488,1981,1418,40509,1699,34053,1905,74562,California
Monterey,2021-03-11,4109,110828,1409,50321,2327,58153,373,2354,2348,41476,1754,35807,2721,77283,California
Monterey,2021-03-12,4315,115143,2047,52368,2133,60286,135,2489,2632,42562,1680,37487,2766,80049,California
Monterey,2021-03-13,5249,120392,959,53327,3943,64229,347,2836,3941,45543,1308,38795,4289,84338,California
Monterey,2021-03-14,2147,122539,1325,54652,797,65026,25,2861,577,44586,1559,40354,602,84940,California
Monterey,2021-03-15,3938,126477,1266,55918,2383,67409,289,3150,2253,45447,1680,42034,2541,87481,California
Monterey,2021-03-16,3488,129965,574,56492,2539,69948,375,3525,2077,46485,1410,43444,2448,89929,California
Monterey,2021-03-17,5705,135670,2336,58828,3116,73064,253,3778,4109,49263,1589,45033,4367,94296,California
Monterey,2021-03-18,4355,140025,2154,60982,2033,75097,168,3946,3000,51119,1349,46382,3205,97501,California
Monterey,2021-03-19,5392,145417,2559,63541,2689,77786,144,4090,4118,54113,1269,47651,4263,101764,California
Monterey,2021-03-20,3310,148727,419,63960,2196,79982,695,4785,2232,55965,1075,48726,2927,104691,California
Monterey,2021-03-21,623,149350,200,64160,415,80397,8,4793,557,56465,64,48790,564,105255,California
Monterey,2021-03-22,2459,151809,1434,65594,963,81360,62,4855,2250,58570,205,48995,2310,107565,California
Monterey,2021-03-23,3974,155783,2350,67944,1581,82941,43,4898,2518,59679,1451,50446,2560,110125,California
Monterey,2021-03-24,4992,160775,2088,70032,2594,85535,310,5208,3635,62268,1353,51799,3942,114067,California
Monterey,2021-03-25,5212,165987,1210,71242,3645,89180,357,5565,2589,62600,2616,54415,2948,117015,California
Monterey,2021-03-26,5291,171278,2601,73843,2624,91804,66,5631,2655,62696,2627,57042,2723,119738,California
Monterey,2021-03-27,4788,176066,1424,75267,3108,94912,256,5887,3075,64318,1710,58752,3332,123070,California
Monterey,2021-03-28,1106,177172,332,75599,765,95677,9,5896,621,64469,480,59232,631,123701,California
Monterey,2021-03-29,3169,180341,1404,77003,1751,97428,14,5910,1950,65225,1212,60444,1968,125669,California
Monterey,2021-03-30,4437,184778,2131,79134,2263,99691,43,5953,2722,66289,1705,62149,2769,128438,California
Monterey,2021-03-31,5293,190071,2377,81511,2126,101817,790,6743,3332,68445,1958,64107,4114,132552,California
Monterey,2021-04-01,6086,196157,2110,83621,3565,105382,411,7154,3062,68910,3009,67116,3474,136026,California
Monterey,2021-04-02,4663,200820,2241,85862,2361,107743,61,7215,3164,70640,1498,68614,3228,139254,California
Monterey,2021-04-03,5790,206610,1109,86971,3660,111403,1021,8236,1197,68270,4581,73195,2211,141465,California
Monterey,2021-04-04,758,207368,156,87127,588,111991,14,8250,490,68508,268,73463,506,141971,California
Monterey,2021-04-05,3979,211347,2468,89595,1282,113273,229,8479,1465,67693,2509,75972,1694,143665,California
Monterey,2021-04-06,3339,214686,1321,90916,1546,114819,472,8951,1116,67058,2221,78193,1586,145251,California
Monterey,2021-04-07,5481,220167,1365,92281,3605,118424,511,9462,2640,67375,2830,81023,3147,148398,California
Monterey,2021-04-08,6468,226635,3450,95731,2216,120640,802,10264,3169,68054,3293,84316,3972,152370,California
Monterey,2021-04-09,5506,232141,3356,99087,1517,122157,633,10897,2216,67615,3287,87603,2848,155218,California
Monterey,2021-04-10,10019,242160,4871,103958,3001,125158,2147,13044,4894,69539,5115,92718,7039,162257,California
Monterey,2021-04-11,5406,247566,4239,108197,566,125724,601,13645,4363,73463,1037,93755,4961,167218,California
Monterey,2021-04-12,4061,251627,1844,110041,1904,127628,313,13958,907,71667,3016,96771,1220,168438,California
Monterey,2021-04-13,3095,254722,720,110761,2370,129998,5,13963,1469,71536,1607,98378,1476,169914,California
Monterey,2021-04-14,6567,261289,3115,113876,3449,133447,3,13966,1799,68583,4755,103133,1802,171716,California
Monterey,2021-04-15,5743,267032,3887,117763,1856,135303,0,13966,3828,70526,1886,105019,3829,175545,California
Monterey,2021-04-16,4666,271698,2391,120154,2261,137564,14,13980,2174,70232,2482,107501,2188,177733,California
Monterey,2021-04-17,5522,277220,1347,121501,4175,141739,0,13980,3697,72117,1812,109313,3697,181430,California
Monterey,2021-04-18,832,278052,251,121752,581,142320,0,13980,235,71759,593,109906,235,181665,California
Monterey,2021-04-19,3671,281723,1286,123038,2385,144705,0,13980,1752,71600,1911,111817,1752,183417,California
Monterey,2021-04-20,3760,285483,1578,124616,2182,146887,0,13980,1548,70958,2191,114008,1549,184966,California
Monterey,2021-04-21,5774,291257,3149,127765,2625,149512,0,13980,2829,70879,2910,116918,2831,187797,California
Monterey,2021-04-22,4701,295958,1017,128782,3684,153196,0,13980,1952,70120,2711,119629,1952,189749,California
Monterey,2021-04-23,5626,301584,2627,131409,2998,156194,1,13981,2210,68936,3398,123027,2214,191963,California
Monterey,2021-04-24,4133,305717,584,131993,3549,159743,0,13981,1525,67872,2589,125616,1525,193488,California
Monterey,2021-04-25,1236,306953,604,132597,632,160375,0,13981,790,68225,437,126053,790,194278,California
Monterey,2021-04-26,3465,310418,2171,134768,1277,161652,17,13998,874,66550,2566,128619,891,195169,California
Monterey,2021-04-27,2561,312979,899,135667,1545,163197,117,14115,1117,66344,1439,130058,1233,196402,California
Monterey,2021-04-28,3492,316471,1355,137022,1999,165196,138,14253,2170,67340,1309,131367,2305,198707,California
Monterey,2021-04-29,4376,320847,2405,139427,1895,167091,76,14329,1628,66307,2738,134105,1705,200412,California
Monterey,2021-04-30,3074,323921,1653,141080,1345,168436,76,14405,760,64836,2305,136410,834,201246,California
Monterey,2021-05-01,5601,329522,4227,145307,1334,169770,40,14445,678,60644,4908,141318,716,201962,California
Monterey,2021-05-02,4349,333871,3923,149230,399,170169,27,14472,324,56983,4012,145330,351,202313,California
Monterey,2021-05-03,2516,336387,1561,150791,839,171008,116,14588,584,55761,1922,147252,700,203013,California
Monterey,2021-05-04,1725,338112,586,151377,1049,172057,90,14678,629,55398,1083,148335,720,203733,California
Monterey,2021-05-05,3239,341351,1183,152560,1971,174028,85,14763,1050,54358,2176,150511,1136,204869,California
Monterey,2021-05-06,4120,345471,2739,155299,1164,175192,217,14980,1142,52755,2962,153473,1359,206228,California
Monterey,2021-05-07,1914,347385,932,156231,883,176075,99,15079,700,52346,1207,154680,798,207026,California
Monterey,2021-05-08,2571,349956,1366,157597,883,176958,322,15401,915,51935,1645,156325,1234,208260,California
Monterey,2021-05-09,394,350350,113,157710,255,177213,26,15427,143,51854,250,156575,169,208429,California
Monterey,2021-05-10,2583,352933,1854,159564,682,177895,47,15474,342,50012,2232,158807,390,208819,California
Monterey,2021-05-11,1722,354655,885,160449,773,178668,64,15538,735,49838,973,159780,799,209618,California
Monterey,2021-05-12,3523,358178,1939,162388,1514,180182,70,15608,776,47950,2735,162515,847,210465,California
Monterey,2021-05-13,2173,360351,1277,163665,855,181037,41,15649,1213,48256,945,163460,1251,211716,California
Monterey,2021-05-14,1236,361587,203,163868,973,182010,60,15709,427,47943,800,164260,487,212203,California
Monterey,2021-05-15,1293,362880,202,164070,964,182974,127,15836,135,47052,1153,165413,262,212465,California
Napa,2020-12-16,12,12,12,12,0,0,0,0,12,12,0,0,12,12,California
Napa,2020-12-17,44,56,44,56,0,0,0,0,44,56,0,0,44,56,California
Napa,2020-12-18,102,158,102,158,0,0,0,0,102,158,0,0,102,158,California
Napa,2020-12-19,221,379,221,379,0,0,0,0,221,379,0,0,221,379,California
Napa,2020-12-20,190,569,190,569,0,0,0,0,190,569,0,0,190,569,California
Napa,2020-12-21,312,881,312,881,0,0,0,0,313,882,0,0,313,882,California
Napa,2020-12-22,340,1221,331,1212,9,9,0,0,340,1222,0,0,340,1222,California
Napa,2020-12-23,429,1650,319,1531,110,119,0,0,429,1651,0,0,429,1651,California
Napa,2020-12-24,139,1789,78,1609,61,180,0,0,139,1790,0,0,139,1790,California
Napa,2020-12-25,1,1790,1,1610,0,180,0,0,1,1791,0,0,1,1791,California
Napa,2020-12-26,39,1829,11,1621,28,208,0,0,39,1830,0,0,39,1830,California
Napa,2020-12-27,32,1861,16,1637,16,224,0,0,32,1862,0,0,32,1862,California
Napa,2020-12-28,252,2113,186,1823,66,290,0,0,281,2143,0,0,281,2143,California
Napa,2020-12-29,274,2387,215,2038,59,349,0,0,307,2450,0,0,307,2450,California
Napa,2020-12-30,628,3015,485,2523,143,492,0,0,636,3086,0,0,636,3086,California
Napa,2020-12-31,459,3474,371,2894,88,580,0,0,459,3545,0,0,459,3545,California
Napa,2021-01-01,1,3475,1,2895,0,580,0,0,1,3546,0,0,1,3546,California
Napa,2021-01-02,98,3573,93,2988,5,585,0,0,98,3644,0,0,98,3644,California
Napa,2021-01-03,13,3586,11,2999,2,587,0,0,9,3653,0,0,9,3653,California
Napa,2021-01-04,107,3693,64,3063,43,630,0,0,107,3760,0,0,107,3760,California
Napa,2021-01-05,162,3855,85,3148,77,707,0,0,145,3881,24,24,145,3905,California
Napa,2021-01-06,460,4315,115,3263,345,1052,0,0,396,4215,62,86,396,4301,California
Napa,2021-01-07,498,4813,235,3498,263,1315,0,0,397,4512,100,186,397,4698,California
Napa,2021-01-08,444,5257,228,3726,216,1531,0,0,262,4593,181,367,262,4960,California
Napa,2021-01-09,325,5582,300,4026,25,1556,0,0,189,4646,136,503,189,5149,California
Napa,2021-01-10,186,5768,103,4129,83,1639,0,0,109,4678,77,580,109,5258,California
Napa,2021-01-11,882,6650,426,4555,456,2095,0,0,509,4815,374,954,511,5769,California
Napa,2021-01-12,1314,7964,372,4927,942,3037,0,0,997,5495,317,1271,997,6766,California
Napa,2021-01-13,1311,9275,264,5191,1047,4084,0,0,1149,6484,161,1432,1150,7916,California
Napa,2021-01-14,1054,10329,173,5364,881,4965,0,0,936,7304,116,1548,936,8852,California
Napa,2021-01-15,1455,11784,384,5748,1071,6036,0,0,1306,8454,157,1705,1307,10159,California
Napa,2021-01-16,358,12142,134,5882,224,6260,0,0,340,8776,18,1723,340,10499,California
Napa,2021-01-17,341,12483,176,6058,165,6425,0,0,331,9097,10,1733,331,10830,California
Napa,2021-01-18,1081,13564,197,6255,884,7309,0,0,990,9996,91,1824,990,11820,California
Napa,2021-01-19,1009,14573,404,6659,605,7914,0,0,767,10522,241,2065,767,12587,California
Napa,2021-01-20,825,15398,185,6844,640,8554,0,0,642,10983,181,2246,642,13229,California
Napa,2021-01-21,1336,16734,374,7218,962,9516,0,0,1081,11811,254,2500,1082,14311,California
Napa,2021-01-22,1541,18275,412,7630,1129,10645,0,0,1214,12700,326,2826,1215,15526,California
Napa,2021-01-23,398,18673,318,7948,80,10725,0,0,336,12974,62,2888,336,15862,California
Napa,2021-01-24,265,18938,188,8136,77,10802,0,0,208,13125,57,2945,208,16070,California
Napa,2021-01-25,1521,20459,231,8367,1290,12092,0,0,1431,14466,90,3035,1431,17501,California
Napa,2021-01-26,880,21339,286,8653,594,12686,0,0,786,15159,94,3129,787,18288,California
Napa,2021-01-27,626,21965,221,8874,405,13091,0,0,470,15474,156,3285,471,18759,California
Napa,2021-01-28,389,22354,176,9050,213,13304,0,0,197,15481,190,3475,197,18956,California
Napa,2021-01-29,256,22610,65,9115,191,13495,0,0,161,15547,95,3570,161,19117,California
Napa,2021-01-30,805,23415,696,9811,109,13604,0,0,641,16024,164,3734,641,19758,California
Napa,2021-01-31,656,24071,625,10436,31,13635,0,0,630,16628,26,3760,630,20388,California
Napa,2021-02-01,315,24386,110,10546,205,13840,0,0,163,16639,152,3912,163,20551,California
Napa,2021-02-02,608,24994,280,10826,328,14168,0,0,297,16628,308,4220,297,20848,California
Napa,2021-02-03,745,25739,309,11135,436,14604,0,0,430,16744,314,4534,430,21278,California
Napa,2021-02-04,789,26528,373,11508,416,15020,0,0,441,16839,346,4880,441,21719,California
Napa,2021-02-05,711,27239,310,11818,401,15421,0,0,344,16816,367,5247,344,22063,California
Napa,2021-02-06,434,27673,146,11964,288,15709,0,0,328,17038,106,5353,328,22391,California
Napa,2021-02-07,176,27849,163,12127,13,15722,0,0,71,17004,105,5458,71,22462,California
Napa,2021-02-08,836,28685,191,12318,645,16367,0,0,274,16719,559,6017,274,22736,California
Napa,2021-02-09,1081,29766,447,12765,634,17001,0,0,441,16520,640,6657,441,23177,California
Napa,2021-02-10,1720,31486,193,12958,1527,18528,0,0,452,15708,1265,7922,453,23630,California
Napa,2021-02-11,1496,32982,195,13153,1301,19829,0,0,407,15039,1076,8998,407,24037,California
Napa,2021-02-12,2164,35146,842,13995,1322,21151,0,0,724,14327,1436,10434,724,24761,California
Napa,2021-02-13,501,35647,53,14048,448,21599,0,0,315,14456,186,10620,315,25076,California
Napa,2021-02-14,357,36004,89,14137,268,21867,0,0,195,14489,162,10782,195,25271,California
Napa,2021-02-15,877,36881,183,14320,694,22561,0,0,222,14058,653,11435,222,25493,California
Napa,2021-02-16,1288,38169,597,14917,691,23252,0,0,612,13996,674,12109,612,26105,California
Napa,2021-02-17,1050,39219,534,15451,516,23768,0,0,481,13910,567,12676,481,26586,California
Napa,2021-02-18,1902,41121,486,15937,1416,25184,0,0,659,13329,1240,13916,659,27245,California
Napa,2021-02-19,1482,42603,587,16524,895,26079,0,0,676,13200,805,14721,676,27921,California
Napa,2021-02-20,823,43426,597,17121,226,26305,0,0,274,12925,549,15270,274,28195,California
Napa,2021-02-21,798,44224,735,17856,63,26368,0,0,196,12519,602,15872,196,28391,California
Napa,2021-02-22,444,44668,187,18043,257,26625,0,0,138,12351,306,16178,138,28529,California
Napa,2021-02-23,1124,45792,300,18343,824,27449,0,0,308,11843,816,16994,308,28837,California
Napa,2021-02-24,1163,46955,644,18987,519,27968,0,0,577,11836,584,17578,577,29414,California
Napa,2021-02-25,2556,49511,1224,20211,1332,29300,0,0,1846,12973,709,18287,1846,31260,California
Napa,2021-02-26,1506,51017,529,20740,977,30277,0,0,594,12657,910,19197,594,31854,California
Napa,2021-02-27,1122,52139,380,21120,742,31019,0,0,870,13277,250,19447,870,32724,California
Napa,2021-02-28,560,52699,459,21579,101,31120,0,0,461,13641,97,19544,461,33185,California
Napa,2021-03-01,1102,53801,816,22395,286,31406,0,0,832,14204,269,19813,832,34017,California
Napa,2021-03-02,1484,55285,1024,23419,460,31866,0,0,1142,15005,341,20154,1142,35159,California
Napa,2021-03-03,1555,56840,690,24109,865,32731,0,0,1370,16191,184,20338,1370,36529,California
Napa,2021-03-04,1709,58549,785,24894,924,33655,0,0,1471,17427,235,20573,1471,38000,California
Napa,2021-03-05,1895,60444,788,25682,1103,34758,4,4,1475,18488,418,20991,1479,39479,California
Napa,2021-03-06,647,61091,280,25962,336,35094,31,35,535,18944,110,21101,566,40045,California
Napa,2021-03-07,521,61612,318,26280,188,35282,15,50,372,19182,149,21250,387,40432,California
Napa,2021-03-08,708,62320,330,26610,325,35607,53,103,531,19591,175,21425,584,41016,California
Napa,2021-03-09,1637,63957,573,27183,1018,36625,46,149,1205,20413,429,21854,1251,42267,California
Napa,2021-03-10,1478,65435,917,28100,468,37093,93,242,777,20585,697,22551,869,43136,California
Napa,2021-03-11,1878,67313,1060,29160,688,37781,130,372,985,20807,893,23444,1115,44251,California
Napa,2021-03-12,1506,68819,914,30074,496,38277,96,468,801,21000,703,24147,896,45147,California
Napa,2021-03-13,1166,69985,301,30375,840,39117,25,493,827,21515,337,24484,852,45999,California
Napa,2021-03-14,612,70597,330,30705,134,39251,148,641,228,21507,383,24867,375,46374,California
Napa,2021-03-15,950,71547,409,31114,472,39723,69,710,481,21590,467,25334,550,46924,California
Napa,2021-03-16,1841,73388,389,31503,1326,41049,126,836,1379,22638,458,25792,1506,48430,California
Napa,2021-03-17,2502,75890,1851,33354,472,41521,179,1015,1589,23493,913,26705,1768,50198,California
Napa,2021-03-18,2110,78000,921,34275,1179,42700,10,1025,1284,23963,824,27529,1294,51492,California
Napa,2021-03-19,1443,79443,872,35147,543,43243,28,1053,710,23971,730,28259,738,52230,California
Napa,2021-03-20,1008,80451,529,35676,326,43569,153,1206,434,23985,573,28832,587,52817,California
Napa,2021-03-21,702,81153,680,36356,20,43589,2,1208,350,23986,351,29183,352,53169,California
Napa,2021-03-22,1295,82448,1119,37475,165,43754,11,1219,493,23693,797,29980,504,53673,California
Napa,2021-03-23,1869,84317,1177,38652,675,44429,17,1236,1024,23893,841,30821,1041,54714,California
Napa,2021-03-24,1706,86023,945,39597,753,45182,8,1244,820,23836,885,31706,828,55542,California
Napa,2021-03-25,1916,87939,1052,40649,810,45992,54,1298,767,23514,1143,32849,821,56363,California
Napa,2021-03-26,1299,89238,831,41480,462,46454,6,1304,593,23411,702,33551,599,56962,California
Napa,2021-03-27,952,90190,432,41912,493,46947,27,1331,318,23122,634,34185,345,57307,California
Napa,2021-03-28,484,90674,374,42286,103,47050,7,1338,184,23014,299,34484,191,57498,California
Napa,2021-03-29,1195,91869,871,43157,319,47369,5,1343,735,23295,459,34943,740,58238,California
Napa,2021-03-30,2550,94419,931,44088,1615,48984,4,1347,1762,24274,788,35731,1767,60005,California
Napa,2021-03-31,1965,96384,958,45046,938,49922,69,1416,803,23985,1159,36890,870,60875,California
Napa,2021-04-01,1741,98125,839,45885,785,50707,117,1533,477,23321,1258,38148,594,61469,California
Napa,2021-04-02,1849,99974,825,46710,883,51590,141,1674,468,22559,1378,39526,616,62085,California
Napa,2021-04-03,628,100602,364,47074,205,51795,59,1733,212,22413,416,39942,270,62355,California
Napa,2021-04-04,354,100956,144,47218,152,51947,58,1791,124,22366,229,40171,182,62537,California
Napa,2021-04-05,1266,102222,756,47974,291,52238,219,2010,572,22464,693,40864,791,63328,California
Napa,2021-04-06,2232,104454,560,48534,1418,53656,254,2264,528,21545,1701,42565,782,64110,California
Napa,2021-04-07,1726,106180,704,49238,801,54457,221,2485,526,21096,1195,43760,746,64856,California
Napa,2021-04-08,1847,108027,1058,50296,419,54876,370,2855,957,21536,886,44646,1326,66182,California
Napa,2021-04-09,1530,109557,919,51215,309,55185,302,3157,676,21661,852,45498,977,67159,California
Napa,2021-04-10,1031,110588,346,51561,584,55769,101,3258,239,21209,791,46289,339,67498,California
Napa,2021-04-11,384,110972,299,51860,62,55831,23,3281,155,21158,229,46518,178,67676,California
Napa,2021-04-12,784,111756,302,52162,358,56189,124,3405,290,21076,493,47011,411,68087,California
Napa,2021-04-13,2526,114282,844,53006,1682,57871,0,3405,924,20403,1597,48608,924,69011,California
Napa,2021-04-14,2066,116348,981,53987,1085,58956,0,3405,1007,20360,1050,49658,1007,70018,California
Napa,2021-04-15,2057,118405,529,54516,1528,60484,0,3405,880,20068,1172,50830,880,70898,California
Napa,2021-04-16,2892,121297,1568,56084,1324,61808,0,3405,2181,21540,709,51539,2181,73079,California
Napa,2021-04-17,1127,122424,265,56349,862,62670,0,3405,828,22071,297,51836,828,73907,California
Napa,2021-04-18,264,122688,172,56521,92,62762,0,3405,117,22042,146,51982,117,74024,California
Napa,2021-04-19,609,123297,339,56860,270,63032,0,3405,266,21966,342,52324,266,74290,California
Napa,2021-04-20,3029,126326,2055,58915,974,64006,0,3405,2077,23093,951,53275,2078,76368,California
Napa,2021-04-21,2912,129238,2152,61067,760,64766,0,3405,1858,23903,1049,54324,1859,78227,California
Napa,2021-04-22,1631,130869,1130,62197,501,65267,0,3405,833,23943,793,55117,833,79060,California
Napa,2021-04-23,1624,132493,1246,63443,376,65643,2,3407,1152,24627,468,55585,1152,80212,California
Napa,2021-04-24,555,133048,316,63759,239,65882,0,3407,284,24643,268,55853,284,80496,California
Napa,2021-04-25,249,133297,191,63950,58,65940,0,3407,129,24653,119,55972,129,80625,California
Napa,2021-04-26,509,133806,264,64214,245,66185,0,3407,264,24676,241,56213,264,80889,California
Napa,2021-04-27,1518,135324,438,64652,1069,67254,11,3418,633,24438,882,57095,644,81533,California
Napa,2021-04-28,971,136295,426,65078,528,67782,17,3435,319,24123,651,57746,336,81869,California
Napa,2021-04-29,637,136932,324,65402,294,68076,19,3454,198,23905,434,58180,216,82085,California
Napa,2021-04-30,599,137531,300,65702,235,68311,64,3518,248,23866,350,58530,311,82396,California
Napa,2021-05-01,320,137851,265,65967,44,68355,11,3529,117,23791,203,58733,128,82524,California
Napa,2021-05-02,237,138088,193,66160,38,68393,6,3535,99,23759,137,58870,105,82629,California
Napa,2021-05-03,623,138711,497,66657,91,68484,35,3570,102,23380,517,59387,138,82767,California
Napa,2021-05-04,1125,139836,717,67374,299,68783,109,3679,297,22962,824,60211,406,83173,California
Napa,2021-05-05,1019,140855,687,68061,296,69079,36,3715,256,22494,760,60971,292,83465,California
Napa,2021-05-06,712,141567,315,68376,374,69453,23,3738,368,22549,336,61307,391,83856,California
Napa,2021-05-07,554,142121,352,68728,158,69611,44,3782,174,22389,377,61684,217,84073,California
Napa,2021-05-08,249,142370,158,68886,80,69691,11,3793,88,22328,160,61844,99,84172,California
Napa,2021-05-09,108,142478,77,68963,31,69722,0,3793,50,22320,58,61902,50,84222,California
Napa,2021-05-10,411,142889,137,69100,255,69977,19,3812,105,22139,305,62207,124,84346,California
Napa,2021-05-11,2145,145034,1767,70867,353,70330,25,3837,370,20765,1769,63976,395,84741,California
Napa,2021-05-12,2149,147183,1344,72211,751,71081,54,3891,305,19284,1840,65816,359,85100,California
Napa,2021-05-13,1738,148921,1062,73273,640,71721,36,3927,695,18979,1036,66852,731,85831,California
Napa,2021-05-14,1545,150466,821,74094,651,72372,73,4000,367,18247,1173,68025,441,86272,California
Napa,2021-05-15,553,151019,146,74240,399,72771,8,4008,99,17901,453,68478,107,86379,California
Nevada,2020-12-16,3,3,3,3,0,0,0,0,3,3,0,0,3,3,California
Nevada,2020-12-17,6,9,6,9,0,0,0,0,6,9,0,0,6,9,California
Nevada,2020-12-18,52,61,52,61,0,0,0,0,52,61,0,0,52,61,California
Nevada,2020-12-19,55,116,55,116,0,0,0,0,55,116,0,0,55,116,California
Nevada,2020-12-20,12,128,12,128,0,0,0,0,12,128,0,0,12,128,California
Nevada,2020-12-21,69,197,69,197,0,0,0,0,69,197,0,0,69,197,California
Nevada,2020-12-22,91,288,89,286,2,2,0,0,91,288,0,0,91,288,California
Nevada,2020-12-23,233,521,202,488,31,33,0,0,233,521,0,0,233,521,California
Nevada,2020-12-24,13,534,11,499,2,35,0,0,13,534,0,0,13,534,California
Nevada,2020-12-25,3,537,3,502,0,35,0,0,3,537,0,0,3,537,California
Nevada,2020-12-26,6,543,4,506,2,37,0,0,6,543,0,0,6,543,California
Nevada,2020-12-27,88,631,88,594,0,37,0,0,88,631,0,0,88,631,California
Nevada,2020-12-28,170,801,93,687,77,114,0,0,170,801,0,0,170,801,California
Nevada,2020-12-29,99,900,73,760,26,140,0,0,99,900,0,0,99,900,California
Nevada,2020-12-30,86,986,66,826,20,160,0,0,86,986,0,0,86,986,California
Nevada,2020-12-31,39,1025,9,835,30,190,0,0,39,1025,0,0,39,1025,California
Nevada,2021-01-01,2,1027,0,835,2,192,0,0,2,1027,0,0,2,1027,California
Nevada,2021-01-02,1,1028,1,836,0,192,0,0,1,1028,0,0,1,1028,California
Nevada,2021-01-03,129,1157,126,962,3,195,0,0,129,1157,0,0,129,1157,California
Nevada,2021-01-04,71,1228,47,1009,24,219,0,0,71,1228,0,0,71,1228,California
Nevada,2021-01-05,273,1501,132,1141,141,360,0,0,272,1499,1,1,272,1500,California
Nevada,2021-01-06,91,1592,43,1184,48,408,0,0,83,1574,8,9,83,1583,California
Nevada,2021-01-07,215,1807,43,1227,172,580,0,0,208,1777,6,15,209,1792,California
Nevada,2021-01-08,221,2028,129,1356,92,672,0,0,168,1893,53,68,169,1961,California
Nevada,2021-01-09,64,2092,56,1412,8,680,0,0,16,1861,48,116,16,1977,California
Nevada,2021-01-10,18,2110,9,1421,9,689,0,0,10,1863,8,124,10,1987,California
Nevada,2021-01-11,185,2295,131,1552,54,743,0,0,57,1792,128,252,57,2044,California
Nevada,2021-01-12,597,2892,451,2003,146,889,0,0,531,2257,66,318,531,2575,California
Nevada,2021-01-13,260,3152,147,2150,113,1002,0,0,125,2247,135,453,125,2700,California
Nevada,2021-01-14,238,3390,127,2277,111,1113,0,0,220,2450,17,470,220,2920,California
Nevada,2021-01-15,395,3785,170,2447,225,1338,0,0,297,2649,98,568,297,3217,California
Nevada,2021-01-16,296,4081,15,2462,281,1619,0,0,292,2937,4,572,292,3509,California
Nevada,2021-01-17,35,4116,31,2493,4,1623,0,0,33,2968,2,574,33,3542,California
Nevada,2021-01-18,155,4271,45,2538,110,1733,0,0,143,3099,12,586,143,3685,California
Nevada,2021-01-19,244,4515,85,2623,159,1892,0,0,225,3305,19,605,225,3910,California
Nevada,2021-01-20,266,4781,161,2784,105,1997,0,0,253,3545,13,618,253,4163,California
Nevada,2021-01-21,338,5119,207,2991,131,2128,0,0,325,3857,13,631,325,4488,California
Nevada,2021-01-22,363,5482,226,3217,137,2265,0,0,333,4160,30,661,333,4821,California
Nevada,2021-01-23,178,5660,105,3322,73,2338,0,0,178,4338,0,661,178,4999,California
Nevada,2021-01-24,105,5765,98,3420,7,2345,0,0,66,4365,39,700,66,5065,California
Nevada,2021-01-25,267,6032,137,3557,130,2475,0,0,206,4510,61,761,206,5271,California
Nevada,2021-01-26,402,6434,141,3698,261,2736,0,0,298,4704,104,865,298,5569,California
Nevada,2021-01-27,419,6853,248,3946,171,2907,0,0,395,5075,24,889,395,5964,California
Nevada,2021-01-28,470,7323,319,4265,151,3058,0,0,426,5458,43,932,426,6390,California
Nevada,2021-01-29,603,7926,392,4657,211,3269,0,0,576,6009,26,958,577,6967,California
Nevada,2021-01-30,232,8158,105,4762,127,3396,0,0,229,6235,3,961,229,7196,California
Nevada,2021-01-31,103,8261,86,4848,17,3413,0,0,101,6336,1,962,102,7298,California
Nevada,2021-02-01,291,8552,71,4919,220,3633,0,0,277,6599,14,976,277,7575,California
Nevada,2021-02-02,521,9073,184,5103,337,3970,0,0,322,6722,199,1175,322,7897,California
Nevada,2021-02-03,812,9885,572,5675,240,4210,0,0,758,7427,53,1228,758,8655,California
Nevada,2021-02-04,738,10623,391,6066,347,4557,0,0,488,7666,249,1477,488,9143,California
Nevada,2021-02-05,644,11267,367,6433,277,4834,0,0,455,7934,187,1664,455,9598,California
Nevada,2021-02-06,269,11536,83,6516,186,5020,0,0,242,8149,27,1691,242,9840,California
Nevada,2021-02-07,245,11781,192,6708,53,5073,0,0,190,8284,55,1746,190,10030,California
Nevada,2021-02-08,651,12432,407,7115,244,5317,0,0,551,8735,100,1846,551,10581,California
Nevada,2021-02-09,602,13034,337,7452,265,5582,0,0,463,9059,139,1985,463,11044,California
Nevada,2021-02-10,648,13682,323,7775,325,5907,0,0,417,9246,231,2216,418,11462,California
Nevada,2021-02-11,871,14553,505,8280,366,6273,0,0,542,9460,328,2544,542,12004,California
Nevada,2021-02-12,937,15490,437,8717,500,6773,0,0,616,9758,318,2862,616,12620,California
Nevada,2021-02-13,600,16090,236,8953,364,7137,0,0,388,9939,208,3070,389,13009,California
Nevada,2021-02-14,229,16319,119,9072,110,7247,0,0,201,10112,28,3098,201,13210,California
Nevada,2021-02-15,709,17028,438,9510,271,7518,0,0,535,10473,174,3272,535,13745,California
Nevada,2021-02-16,624,17652,199,9709,425,7943,0,0,454,10758,169,3441,454,14199,California
Nevada,2021-02-17,1188,18840,766,10475,422,8365,0,0,858,11286,330,3771,858,15057,California
Nevada,2021-02-18,1008,19848,549,11024,459,8824,0,0,601,11482,405,4176,601,15658,California
Nevada,2021-02-19,1015,20863,630,11654,385,9209,0,0,653,11775,361,4537,654,16312,California
Nevada,2021-02-20,298,21161,106,11760,192,9401,0,0,173,11824,124,4661,173,16485,California
Nevada,2021-02-21,90,21251,85,11845,5,9406,0,0,8,11751,81,4742,8,16493,California
Nevada,2021-02-22,494,21745,327,12172,167,9573,0,0,346,11950,147,4889,346,16839,California
Nevada,2021-02-23,469,22214,220,12392,249,9822,0,0,206,11896,260,5149,206,17045,California
Nevada,2021-02-24,474,22688,236,12628,238,10060,0,0,249,11922,225,5374,251,17296,California
Nevada,2021-02-25,861,23549,467,13095,394,10454,0,0,432,11927,427,5801,432,17728,California
Nevada,2021-02-26,1237,24786,881,13976,356,10810,0,0,408,11509,826,6627,408,18136,California
Nevada,2021-02-27,354,25140,110,14086,244,11054,0,0,184,11523,170,6797,184,18320,California
Nevada,2021-02-28,265,25405,152,14238,113,11167,0,0,123,11505,141,6938,123,18443,California
Nevada,2021-03-01,825,26230,428,14666,397,11564,0,0,359,11400,464,7402,359,18802,California
Nevada,2021-03-02,709,26939,263,14929,446,12010,0,0,481,11657,224,7626,481,19283,California
Nevada,2021-03-03,965,27904,491,15420,473,12483,1,1,494,11682,470,8096,495,19778,California
Nevada,2021-03-04,1103,29007,616,16036,487,12970,0,1,465,11512,635,8731,465,20243,California
Nevada,2021-03-05,821,29828,460,16496,351,13321,10,11,363,11429,456,9187,373,20616,California
Nevada,2021-03-06,359,30187,121,16617,211,13532,27,38,145,11387,214,9401,172,20788,California
Nevada,2021-03-07,211,30398,109,16726,83,13615,19,57,70,11335,141,9542,89,20877,California
Nevada,2021-03-08,807,31205,538,17264,224,13839,45,102,360,11295,446,9988,406,21283,California
Nevada,2021-03-09,672,31877,321,17585,301,14140,50,152,369,11412,301,10289,418,21701,California
Nevada,2021-03-10,961,32838,606,18191,299,14439,56,208,321,11153,636,10925,377,22078,California
Nevada,2021-03-11,1105,33943,725,18916,355,14794,25,233,550,11181,547,11472,575,22653,California
Nevada,2021-03-12,1193,35136,723,19639,440,15234,30,263,507,11033,684,12156,536,23189,California
Nevada,2021-03-13,272,35408,53,19692,214,15448,5,268,101,10968,170,12326,105,23294,California
Nevada,2021-03-14,155,35563,21,19713,128,15576,6,274,33,10885,122,12448,39,23333,California
Nevada,2021-03-15,842,36405,456,20169,374,15950,12,286,358,10774,481,12929,370,23703,California
Nevada,2021-03-16,994,37399,466,20635,467,16417,61,347,646,11135,346,13275,707,24410,California
Nevada,2021-03-17,1017,38416,451,21086,556,16973,10,357,586,11303,428,13703,596,25006,California
Nevada,2021-03-18,974,39390,529,21615,422,17395,23,380,478,11312,492,14195,501,25507,California
Nevada,2021-03-19,758,40148,438,22053,283,17678,37,417,352,11299,402,14597,389,25896,California
Nevada,2021-03-20,820,40968,92,22145,304,17982,424,841,233,11371,581,15178,653,26549,California
Nevada,2021-03-21,58,41026,32,22177,25,18007,1,842,40,11395,17,15195,41,26590,California
Nevada,2021-03-22,797,41823,516,22693,276,18283,5,847,536,11677,259,15454,541,27131,California
Nevada,2021-03-23,851,42674,382,23075,443,18726,26,873,640,12135,208,15662,666,27797,California
Nevada,2021-03-24,1021,43695,542,23617,472,19198,7,880,649,12424,366,16028,655,28452,California
Nevada,2021-03-25,901,44596,453,24070,423,19621,25,905,494,12536,406,16434,518,28970,California
Nevada,2021-03-26,1138,45734,433,24503,667,20288,38,943,827,13092,308,16742,864,29834,California
Nevada,2021-03-27,568,46302,71,24574,481,20769,16,959,386,13312,182,16924,402,30236,California
Nevada,2021-03-28,175,46477,50,24624,112,20881,13,972,38,13229,134,17058,51,30287,California
Nevada,2021-03-29,821,47298,501,25125,298,21179,22,994,392,13216,426,17484,413,30700,California
Nevada,2021-03-30,1042,48340,475,25600,533,21712,34,1028,537,13290,497,17981,571,31271,California
Nevada,2021-03-31,1175,49515,659,26259,499,22211,17,1045,693,13527,473,18454,710,31981,California
Nevada,2021-04-01,1235,50750,720,26979,462,22673,53,1098,548,13449,679,19133,601,32582,California
Nevada,2021-04-02,1283,52033,656,27635,591,23264,36,1134,760,13726,519,19652,796,33378,California
Nevada,2021-04-03,288,52321,89,27724,161,23425,38,1172,83,13643,204,19856,121,33499,California
Nevada,2021-04-04,128,52449,42,27766,79,23504,7,1179,77,13676,51,19907,84,33583,California
Nevada,2021-04-05,929,53378,611,28377,299,23803,19,1198,618,14005,308,20215,637,34220,California
Nevada,2021-04-06,1072,54450,663,29040,265,24068,144,1342,472,14027,593,20808,615,34835,California
Nevada,2021-04-07,1145,55595,817,29857,246,24314,82,1424,607,14184,531,21339,688,35523,California
Nevada,2021-04-08,1278,56873,889,30746,306,24620,83,1507,704,14400,571,21910,787,36310,California
Nevada,2021-04-09,1243,58116,847,31593,327,24947,69,1576,843,14913,399,22309,912,37222,California
Nevada,2021-04-10,262,58378,76,31669,110,25057,76,1652,107,14942,154,22463,183,37405,California
Nevada,2021-04-11,100,58478,31,31700,65,25122,4,1656,39,14924,61,22524,43,37448,California
Nevada,2021-04-12,741,59219,539,32239,185,25307,17,1673,314,14832,423,22947,331,37779,California
Nevada,2021-04-13,882,60101,350,32589,532,25839,0,1673,474,14900,406,23353,474,38253,California
Nevada,2021-04-14,1048,61149,566,33155,482,26321,0,1673,537,14934,503,23856,537,38790,California
Nevada,2021-04-15,1072,62221,706,33861,366,26687,0,1673,622,15116,440,24296,622,39412,California
Nevada,2021-04-16,893,63114,691,34552,202,26889,0,1673,522,15268,370,24666,522,39934,California
Nevada,2021-04-17,196,63310,50,34602,146,27035,0,1673,85,15243,110,24776,85,40019,California
Nevada,2021-04-18,184,63494,21,34623,163,27198,0,1673,102,15263,82,24858,102,40121,California
Nevada,2021-04-19,747,64241,480,35103,267,27465,0,1673,303,15130,436,25294,303,40424,California
Nevada,2021-04-20,796,65037,308,35411,488,27953,0,1673,298,14935,493,25787,298,40722,California
Nevada,2021-04-21,900,65937,493,35904,407,28360,0,1673,268,14580,623,26410,268,40990,California
Nevada,2021-04-22,994,66931,621,36525,373,28733,0,1673,339,14276,643,27053,339,41329,California
Nevada,2021-04-23,1217,68148,539,37064,678,29411,0,1673,394,13858,812,27865,394,41723,California
Nevada,2021-04-24,521,68669,73,37137,448,29859,0,1673,170,13679,349,28214,170,41893,California
Nevada,2021-04-25,116,68785,61,37198,50,29909,5,1678,51,13671,64,28278,56,41949,California
Nevada,2021-04-26,704,69489,527,37725,169,30078,8,1686,198,13380,497,28775,206,42155,California
Nevada,2021-04-27,774,70263,348,38073,421,30499,5,1691,403,13425,363,29138,408,42563,California
Nevada,2021-04-28,983,71246,580,38653,398,30897,5,1696,387,13226,591,29729,392,42955,California
Nevada,2021-04-29,1012,72258,709,39362,299,31196,4,1700,277,12774,733,30462,281,43236,California
Nevada,2021-04-30,1221,73479,723,40085,489,31685,9,1709,199,11962,1020,31482,208,43444,California
Nevada,2021-05-01,142,73621,64,40149,74,31759,4,1713,63,11952,77,31559,67,43511,California
Nevada,2021-05-02,53,73674,29,40178,20,31779,4,1717,19,11941,34,31593,23,43534,California
Nevada,2021-05-03,606,74280,404,40582,182,31961,20,1737,178,11713,425,32018,197,43731,California
Nevada,2021-05-04,584,74864,169,40751,397,32358,18,1755,331,11813,249,32267,349,44080,California
Nevada,2021-05-05,732,75596,381,41132,337,32695,14,1769,321,11745,403,32670,335,44415,California
Nevada,2021-05-06,799,76395,561,41693,227,32922,11,1780,196,11357,595,33265,207,44622,California
Nevada,2021-05-07,879,77274,487,42180,357,33279,35,1815,193,10902,683,33948,228,44850,California
Nevada,2021-05-08,172,77446,20,42200,132,33411,20,1835,82,10914,90,34038,102,44952,California
Nevada,2021-05-09,42,77488,8,42208,32,33443,2,1837,19,10912,23,34061,21,44973,California
Nevada,2021-05-10,386,77874,245,42453,117,33560,24,1861,74,10698,312,34373,98,45071,California
Nevada,2021-05-11,510,78384,150,42603,347,33907,13,1874,127,10463,375,34748,140,45211,California
Nevada,2021-05-12,538,78922,227,42830,299,34206,12,1886,151,10248,378,35126,163,45374,California
Nevada,2021-05-13,785,79707,528,43358,251,34457,6,1892,403,10284,373,35499,409,45783,California
Nevada,2021-05-14,674,80381,542,43900,120,34577,12,1904,384,10393,287,35786,396,46179,California
Nevada,2021-05-15,54,80435,11,43911,42,34619,1,1905,15,10370,39,35825,16,46195,California
Orange,2020-12-15,16,16,16,16,0,0,0,0,16,16,0,0,16,16,California
Orange,2020-12-16,366,382,366,382,0,0,0,0,366,382,0,0,366,382,California
Orange,2020-12-17,3727,4109,3727,4109,0,0,0,0,3726,4108,0,0,3726,4108,California
Orange,2020-12-18,5060,9169,5052,9161,8,8,0,0,5059,9167,0,0,5059,9167,California
Orange,2020-12-19,2234,11403,2227,11388,7,15,0,0,2233,11400,0,0,2233,11400,California
Orange,2020-12-20,1988,13391,1985,13373,3,18,0,0,1989,13389,0,0,1989,13389,California
Orange,2020-12-21,4254,17645,4248,17621,6,24,0,0,4254,17643,0,0,4254,17643,California
Orange,2020-12-22,3984,21629,3949,21570,35,59,0,0,3984,21627,0,0,3984,21627,California
Orange,2020-12-23,3565,25194,3202,24772,363,422,0,0,3567,25194,0,0,3567,25194,California
Orange,2020-12-24,1381,26575,1079,25851,302,724,0,0,1381,26575,0,0,1381,26575,California
Orange,2020-12-25,17,26592,12,25863,5,729,0,0,17,26592,0,0,17,26592,California
Orange,2020-12-26,1024,27616,423,26286,601,1330,0,0,1024,27616,0,0,1024,27616,California
Orange,2020-12-27,582,28198,275,26561,307,1637,0,0,582,28198,0,0,582,28198,California
Orange,2020-12-28,3543,31741,2568,29129,975,2612,0,0,3543,31741,0,0,3543,31741,California
Orange,2020-12-29,3575,35316,2563,31692,1012,3624,0,0,3574,35314,1,1,3574,35315,California
Orange,2020-12-30,5130,40446,3555,35247,1575,5199,0,0,5130,40444,0,1,5130,40445,California
Orange,2020-12-31,1500,41946,802,36049,698,5897,0,0,1500,41944,0,1,1500,41945,California
Orange,2021-01-01,547,42493,299,36348,248,6145,0,0,546,42489,1,2,546,42491,California
Orange,2021-01-02,1416,43909,904,37252,512,6657,0,0,1416,43905,0,2,1416,43907,California
Orange,2021-01-03,584,44493,324,37576,260,6917,0,0,584,44489,0,2,584,44491,California
Orange,2021-01-04,2746,47239,1561,39137,1185,8102,0,0,2747,47235,1,3,2747,47238,California
Orange,2021-01-05,3526,50765,2297,41434,1229,9331,0,0,3118,49952,404,407,3121,50359,California
Orange,2021-01-06,5015,55780,3468,44902,1547,10878,0,0,3647,52243,1356,1763,3647,54006,California
Orange,2021-01-07,9278,65058,5173,50075,4105,14983,0,0,5705,54392,3560,5323,5709,59715,California
Orange,2021-01-08,9427,74485,5271,55346,4156,19139,0,0,5661,56300,3756,9079,5664,65379,California
Orange,2021-01-09,5012,79497,1743,57089,3269,22408,0,0,3731,58750,1281,10360,3731,69110,California
Orange,2021-01-10,4239,83736,1043,58132,3196,25604,0,0,3359,61234,879,11239,3363,72473,California
Orange,2021-01-11,9449,93185,4909,63041,4540,30144,0,0,5824,63431,3628,14867,5825,78298,California
Orange,2021-01-12,8828,102013,4731,67772,4097,34241,0,0,5362,65330,3464,18331,5363,83661,California
Orange,2021-01-13,10271,112284,4929,72701,5342,39583,0,0,7064,69198,3203,21534,7071,90732,California
Orange,2021-01-14,9976,122260,3781,76482,6195,45778,0,0,8385,76000,1589,23123,8391,99123,California
Orange,2021-01-15,10183,132443,2632,79114,7551,53329,0,0,9304,84423,887,24010,9310,108433,California
Orange,2021-01-16,8709,141152,2094,81208,6615,59944,0,0,8313,92346,395,24405,8318,116751,California
Orange,2021-01-17,8162,149314,1485,82693,6677,66621,0,0,8015,100224,147,24552,8025,124776,California
Orange,2021-01-18,9769,159083,4471,87164,5298,71919,0,0,7517,105489,2255,26807,7520,132296,California
Orange,2021-01-19,7499,166582,5417,92581,2082,74001,0,0,4867,107725,2632,29439,4868,137164,California
Orange,2021-01-20,8406,174988,5942,98523,2464,76465,0,0,5338,110001,3069,32508,5345,142509,California
Orange,2021-01-21,11019,186007,4908,103431,6111,82576,0,0,10207,119408,811,33319,10218,152727,California
Orange,2021-01-22,13675,199682,5151,108582,8524,91100,0,0,12819,131386,849,34168,12827,165554,California
Orange,2021-01-23,13147,212829,6191,114773,6956,98056,0,0,12161,142572,984,35152,12170,177724,California
Orange,2021-01-24,9822,222651,4294,119067,5528,103584,0,0,9491,151738,328,35480,9494,187218,California
Orange,2021-01-25,10466,233117,5878,124945,4588,108172,0,0,7730,156743,2730,38210,7735,194953,California
Orange,2021-01-26,11909,245026,7723,132668,4186,112358,0,0,9738,164317,2167,40377,9741,204694,California
Orange,2021-01-27,13444,258470,8012,140680,5432,117790,0,0,10736,172361,2697,43074,10741,215435,California
Orange,2021-01-28,13062,271532,7228,147908,5834,123624,0,0,11178,181678,1869,44943,11186,226621,California
Orange,2021-01-29,13655,285187,8461,156369,5194,128818,0,0,10755,189552,2885,47828,10759,237380,California
Orange,2021-01-30,12940,298127,4448,160817,8492,137310,0,0,12192,201014,733,48561,12195,249575,California
Orange,2021-01-31,13722,311849,4946,165763,8776,146086,0,0,13259,213823,457,49018,13266,262841,California
Orange,2021-02-01,14183,326032,5893,171656,8290,154376,0,0,12086,223839,2076,51094,12092,274933,California
Orange,2021-02-02,15448,341480,8385,180041,7063,161439,0,0,12685,233872,2655,53749,12688,287621,California
Orange,2021-02-03,16779,358259,12594,192635,4185,165624,0,0,13741,244659,2960,56709,13747,301368,California
Orange,2021-02-04,19888,378147,13003,205638,6885,172509,0,0,14791,254392,5066,61775,14799,316167,California
Orange,2021-02-05,20781,398928,12032,217670,8749,181258,0,0,14476,262610,6263,68038,14481,330648,California
Orange,2021-02-06,16348,415276,10803,228473,5545,186803,0,0,11085,268665,5248,73286,11303,341951,California
Orange,2021-02-07,11534,426810,8110,236583,3424,190227,0,0,7555,272426,3963,77249,7724,349675,California
Orange,2021-02-08,14986,441796,8617,245200,6369,196596,0,0,8959,275389,5997,83246,8960,358635,California
Orange,2021-02-09,17688,459484,12043,257243,5645,202241,0,0,10710,279201,6903,90149,10715,369350,California
Orange,2021-02-10,20943,480427,11212,268455,9731,211972,0,0,12685,283734,8161,98310,12694,382044,California
Orange,2021-02-11,22156,502583,11537,279992,10619,222591,0,0,12413,286554,9611,107921,12431,394475,California
Orange,2021-02-12,24813,527396,11925,291917,12888,235479,0,0,14635,291078,10117,118038,14641,409116,California
Orange,2021-02-13,22032,549428,11929,303846,10103,245582,0,0,11155,292201,10674,128712,11797,420913,California
Orange,2021-02-14,16203,565631,6577,310423,9626,255208,0,0,9553,295131,6624,135336,9554,430467,California
Orange,2021-02-15,17255,582886,7400,317823,9855,265063,0,0,8892,295712,8320,143656,8901,439368,California
Orange,2021-02-16,19967,602853,8999,326822,10968,276031,0,0,10740,297298,9178,152834,10764,450132,California
Orange,2021-02-17,17933,620786,9352,336174,8581,284612,0,0,9212,297870,8672,161506,9244,459376,California
Orange,2021-02-18,15055,635841,9887,346061,5168,289780,0,0,6789,296457,8211,169717,6798,466174,California
Orange,2021-02-19,18208,654049,10900,356961,7308,297088,0,0,6940,292192,11217,180934,6952,473126,California
Orange,2021-02-20,7530,661579,5620,362581,1910,298998,0,0,3781,292256,3727,184661,3791,476917,California
Orange,2021-02-21,4394,665973,3708,366289,686,299684,0,0,795,289491,3560,188221,795,477712,California
Orange,2021-02-22,9669,675642,7888,374177,1781,301465,0,0,3899,287667,5738,193959,3914,481626,California
Orange,2021-02-23,13291,688933,7267,381444,6024,307489,0,0,3495,281438,9735,203694,3506,485132,California
Orange,2021-02-24,21188,710121,12854,394298,8334,315823,0,0,5395,271136,15715,219409,5413,490545,California
Orange,2021-02-25,22707,732828,12314,406612,10393,326216,0,0,8001,264524,14629,234038,8017,498562,California
Orange,2021-02-26,27845,760673,14097,420709,13748,339964,0,0,11244,259328,16465,250503,11269,509831,California
Orange,2021-02-27,25027,785700,10114,430823,14911,354875,2,2,7265,248955,17655,268158,7282,517113,California
Orange,2021-02-28,19104,804804,7419,438242,11685,366560,0,2,4827,239643,14156,282314,4844,521957,California
Orange,2021-03-01,18474,823278,8421,446663,10046,376606,7,9,7148,235570,11241,293555,7168,529125,California
Orange,2021-03-02,18889,842167,8928,455591,9958,386564,3,12,9199,235161,9639,303194,9230,538355,California
Orange,2021-03-03,20557,862724,9672,465263,10882,397446,3,15,11024,236758,9453,312647,11050,549405,California
Orange,2021-03-04,22378,885102,12883,478146,9481,406927,14,29,11559,237577,10780,323427,11599,561004,California
Orange,2021-03-05,20844,905946,10785,488931,10013,416940,46,75,12773,242429,8027,331454,12879,573883,California
Orange,2021-03-06,23992,929938,13157,502088,9971,426911,864,939,12681,244726,11271,342725,13568,587451,California
Orange,2021-03-07,14885,944823,8327,510415,6155,433066,403,1342,8688,247678,6159,348884,9111,596562,California
Orange,2021-03-08,16269,961092,7447,517862,7558,440624,1264,2606,10445,253638,5775,354659,11735,608297,California
Orange,2021-03-09,19768,980860,8598,526460,8733,449357,2437,5043,11348,259046,8376,363035,13784,622081,California
Orange,2021-03-10,24358,1005218,11788,538248,9118,458475,3452,8495,12168,262533,12127,375162,15614,637695,California
Orange,2021-03-11,28991,1034209,15695,553943,9080,467555,4216,12711,13435,264724,15457,390619,17648,655343,California
Orange,2021-03-12,29272,1063481,14239,568182,11176,478731,3857,16568,14692,268793,14501,405120,18570,673913,California
Orange,2021-03-13,27732,1091213,10169,578351,13631,492362,3932,20500,14028,273108,13643,418763,17958,691871,California
Orange,2021-03-14,18807,1110020,8152,586503,8130,500492,2525,23025,11865,280576,6912,425675,14380,706251,California
Orange,2021-03-15,23004,1133024,10126,596629,12119,512611,759,23784,14352,287109,8573,434248,15106,721357,California
Orange,2021-03-16,26367,1159391,11147,607776,14992,527603,228,24012,17145,295349,9139,443387,17379,738736,California
Orange,2021-03-17,27332,1186723,13555,621331,13184,540787,593,24605,19447,307571,7815,451202,20037,758773,California
Orange,2021-03-18,27735,1214458,13935,635266,13522,554309,278,24883,21597,323382,6068,457270,21879,780652,California
Orange,2021-03-19,33478,1247936,18381,653647,14656,568965,441,25324,24922,340310,8445,465715,25373,806025,California
Orange,2021-03-20,25756,1273692,13553,667200,11997,580962,206,25530,22033,358891,3661,469376,22242,828267,California
Orange,2021-03-21,18479,1292171,10672,677872,7080,588042,727,26257,15716,372600,2734,472110,16443,844710,California
Orange,2021-03-22,22713,1314884,11740,689612,10651,598693,322,26579,19192,388687,3436,475546,19523,864233,California
Orange,2021-03-23,25974,1340858,13480,703092,11860,610553,634,27213,20865,405162,5028,480574,21503,885736,California
Orange,2021-03-24,29062,1369920,16202,719294,11948,622501,912,28125,21996,421092,6980,487554,22910,908646,California
Orange,2021-03-25,32281,1402201,17188,736482,14389,636890,704,28829,24210,438025,7981,495535,24914,933560,California
Orange,2021-03-26,34781,1436982,18004,754486,15914,652804,863,29692,24980,454177,9693,505228,25845,959405,California
Orange,2021-03-27,28367,1465349,13570,768056,14483,667287,314,30006,19787,465796,8486,513714,20105,979510,California
Orange,2021-03-28,24716,1490065,12785,780841,11863,679150,68,30074,18623,478470,6020,519734,18694,998204,California
Orange,2021-03-29,26468,1516533,12070,792911,13832,692982,566,30640,17961,488572,8426,528160,18528,1016732,California
Orange,2021-03-30,30793,1547326,13867,806778,16293,709275,633,31273,21315,501117,9403,537563,21948,1038680,California
Orange,2021-03-31,37040,1584366,19409,826187,16921,726196,710,31983,24095,513080,12846,550409,24809,1063489,California
Orange,2021-04-01,40266,1624632,21114,847301,17303,743499,1849,33832,26112,526997,14037,564446,27954,1091443,California
Orange,2021-04-02,39932,1664564,20116,867417,18034,761533,1782,35614,22635,534230,17197,581643,24430,1115873,California
Orange,2021-04-03,30050,1694614,15651,883068,12700,774233,1699,37313,14247,534442,15730,597373,15942,1131815,California
Orange,2021-04-04,18403,1713017,10686,893754,6957,781190,760,38073,8220,533307,10129,607502,8994,1140809,California
Orange,2021-04-05,29867,1742884,13941,907695,12543,793733,3383,41456,13869,534616,15928,623430,17237,1158046,California
Orange,2021-04-06,33256,1776140,15564,923259,14273,808006,3419,44875,14372,533595,18793,642223,17772,1175818,California
Orange,2021-04-07,35872,1812012,20005,943264,11295,819301,4572,49447,15793,533930,20001,662224,20336,1196154,California
Orange,2021-04-08,38527,1850539,21438,964702,11656,830957,5433,54880,18767,538436,19662,681886,24168,1220322,California
Orange,2021-04-09,40548,1891087,23602,988304,11797,842754,5149,60029,17970,539037,22490,704376,23091,1243413,California
Orange,2021-04-10,34086,1925173,18083,1006387,11801,854555,4202,64231,14146,537503,19856,724232,18322,1261735,California
Orange,2021-04-11,25455,1950628,14383,1020770,7814,862369,3258,67489,9788,534916,15619,739851,13032,1274767,California
Orange,2021-04-12,30342,1980970,15355,1036125,11450,873819,3537,71026,11953,532047,18333,758184,15464,1290231,California
Orange,2021-04-13,32272,2013242,18148,1054273,14057,887876,67,71093,15060,530026,17146,775330,15125,1305356,California
Orange,2021-04-14,34330,2047572,20091,1074364,14208,902084,31,71124,15074,525967,19167,794497,15108,1320464,California
Orange,2021-04-15,39877,2087449,24330,1098694,15531,917615,16,71140,18540,523283,21237,815734,18553,1339017,California
Orange,2021-04-16,41171,2128620,24197,1122891,16945,934560,29,71169,18608,519459,22465,838199,18641,1357658,California
Orange,2021-04-17,30125,2158745,17257,1140148,12865,947425,3,71172,13223,515863,16827,855026,13231,1370889,California
Orange,2021-04-18,21379,2180124,12934,1153082,8445,955870,0,71172,8480,511495,12851,867877,8483,1379372,California
Orange,2021-04-19,32413,2212537,17889,1170971,14522,970392,2,71174,14902,508979,17424,885301,14908,1394280,California
Orange,2021-04-20,35124,2247661,18248,1189219,16872,987264,4,71178,17567,509069,17481,902782,17571,1411851,California
Orange,2021-04-21,40566,2288227,23376,1212595,17180,1004444,10,71188,19230,507070,21240,924022,19241,1431092,California
Orange,2021-04-22,39179,2327406,20712,1233307,18458,1022902,9,71197,16294,500615,22764,946786,16309,1447401,California
Orange,2021-04-23,39940,2367346,20575,1253882,19359,1042261,6,71203,17763,496314,22073,968859,17772,1465173,California
Orange,2021-04-24,31797,2399143,16654,1270536,15108,1057369,35,71238,13366,491362,18356,987215,13404,1478577,California
Orange,2021-04-25,22983,2422126,12986,1283522,9984,1067353,13,71251,9873,488198,13055,1000270,9891,1488468,California
Orange,2021-04-26,26006,2448132,12690,1296212,13126,1080479,190,71441,11436,485338,14486,1014756,11626,1500094,California
Orange,2021-04-27,28466,2476598,13313,1309525,14656,1095135,497,71938,10931,479383,17388,1032144,11433,1511527,California
Orange,2021-04-28,30516,2507114,15167,1324692,14477,1109612,872,72810,12086,474010,18327,1050471,12954,1524481,California
Orange,2021-04-29,31413,2538527,17172,1341864,13283,1122895,958,73768,11224,466083,20103,1070574,12176,1536657,California
Orange,2021-04-30,29358,2567885,16679,1358543,11742,1134637,937,74705,12382,462504,16892,1087466,13313,1549970,California
Orange,2021-05-01,21736,2589621,14635,1373178,6113,1140750,988,75693,8653,459126,13013,1100479,9635,1559605,California
Orange,2021-05-02,15374,2604995,10221,1383399,4509,1145259,644,76337,5368,455193,9943,1110422,6010,1565615,California
Orange,2021-05-03,20473,2625468,12488,1395887,7229,1152488,756,77093,6415,448369,13992,1124414,7168,1572783,California
Orange,2021-05-04,23465,2648933,13383,1409270,9177,1161665,905,77998,8113,442121,15254,1139668,9006,1581789,California
Orange,2021-05-05,24672,2673605,13765,1423035,10013,1171678,894,78892,8061,434584,16490,1156158,8953,1590742,California
Orange,2021-05-06,26229,2699834,15897,1438932,9335,1181013,997,79889,7249,423966,18856,1175014,8238,1598980,California
Orange,2021-05-07,27990,2727824,16592,1455524,10352,1191365,1046,80935,7940,413095,19853,1194867,8982,1607962,California
Orange,2021-05-08,18330,2746154,12104,1467628,5455,1196820,771,81706,5393,406388,12868,1207735,6161,1614123,California
Orange,2021-05-09,10972,2757126,8331,1475959,2265,1199085,376,82082,2902,401645,8020,1215755,3277,1617400,California
Orange,2021-05-10,18920,2776046,11519,1487478,6626,1205711,775,82857,4267,392122,14566,1230321,5043,1622443,California
Orange,2021-05-11,21100,2797146,11656,1499134,8806,1214517,638,83495,5013,381778,15993,1246314,5649,1628092,California
Orange,2021-05-12,22351,2819497,13751,1512885,7861,1222378,739,84234,6250,372774,15992,1262306,6988,1635080,California
Orange,2021-05-13,19263,2838760,11695,1524580,7055,1229433,513,84747,7000,368101,12188,1274494,7515,1642595,California
Orange,2021-05-14,18941,2857701,11738,1536318,6497,1235930,706,85453,7066,364069,11796,1286290,7764,1650359,California
Orange,2021-05-15,11700,2869401,9489,1545807,1847,1237777,364,85817,4419,361604,7250,1293540,4785,1655144,California
Placer,2020-12-15,29,29,29,29,0,0,0,0,29,29,0,0,29,29,California
Placer,2020-12-16,55,84,55,84,0,0,0,0,55,84,0,0,55,84,California
Placer,2020-12-17,140,224,140,224,0,0,0,0,140,224,0,0,140,224,California
Placer,2020-12-18,332,556,332,556,0,0,0,0,332,556,0,0,332,556,California
Placer,2020-12-19,252,808,252,808,0,0,0,0,252,808,0,0,252,808,California
Placer,2020-12-20,234,1042,234,1042,0,0,0,0,234,1042,0,0,234,1042,California
Placer,2020-12-21,493,1535,492,1534,1,1,0,0,493,1535,0,0,493,1535,California
Placer,2020-12-22,674,2209,667,2201,7,8,0,0,674,2209,0,0,674,2209,California
Placer,2020-12-23,749,2958,662,2863,87,95,0,0,749,2958,0,0,749,2958,California
Placer,2020-12-24,398,3356,346,3209,52,147,0,0,398,3356,0,0,398,3356,California
Placer,2020-12-26,156,3512,111,3320,45,192,0,0,156,3512,0,0,156,3512,California
Placer,2020-12-27,186,3698,163,3483,23,215,0,0,186,3698,0,0,186,3698,California
Placer,2020-12-28,664,4362,537,4020,127,342,0,0,664,4362,0,0,664,4362,California
Placer,2020-12-29,764,5126,515,4535,249,591,0,0,764,5126,0,0,764,5126,California
Placer,2020-12-30,728,5854,454,4989,274,865,0,0,726,5852,0,0,726,5852,California
Placer,2020-12-31,529,6383,343,5332,186,1051,0,0,529,6381,0,0,529,6381,California
Placer,2021-01-01,15,6398,11,5343,4,1055,0,0,15,6396,0,0,15,6396,California
Placer,2021-01-02,185,6583,153,5496,32,1087,0,0,185,6581,0,0,185,6581,California
Placer,2021-01-03,154,6737,79,5575,75,1162,0,0,154,6735,0,0,154,6735,California
Placer,2021-01-04,619,7356,180,5755,439,1601,0,0,619,7354,0,0,619,7354,California
Placer,2021-01-05,726,8082,159,5914,567,2168,0,0,643,7916,82,82,644,7998,California
Placer,2021-01-06,763,8845,246,6160,517,2685,0,0,620,8393,143,225,620,8618,California
Placer,2021-01-07,986,9831,368,6528,618,3303,0,0,781,8969,205,430,781,9399,California
Placer,2021-01-08,1184,11015,528,7056,656,3959,0,0,855,9498,326,756,855,10254,California
Placer,2021-01-09,450,11465,321,7377,129,4088,0,0,234,9517,215,971,234,10488,California
Placer,2021-01-10,329,11794,186,7563,143,4231,0,0,164,9516,165,1136,164,10652,California
Placer,2021-01-11,1424,13218,806,8369,618,4849,0,0,835,9763,589,1725,836,11488,California
Placer,2021-01-12,1649,14867,877,9246,772,5621,0,0,1048,10210,601,2326,1048,12536,California
Placer,2021-01-13,1634,16501,821,10067,813,6434,0,0,1210,11001,422,2748,1213,13749,California
Placer,2021-01-14,1775,18276,652,10719,1123,7557,0,0,1419,12068,353,3101,1420,15169,California
Placer,2021-01-15,1936,20212,721,11440,1215,8772,0,0,1586,13306,349,3450,1587,16756,California
Placer,2021-01-16,1471,21683,720,12160,751,9523,0,0,1350,14536,121,3571,1351,18107,California
Placer,2021-01-17,563,22246,397,12557,166,9689,0,0,430,14833,133,3704,430,18537,California
Placer,2021-01-18,989,23235,552,13109,437,10126,0,0,752,15349,237,3941,753,19290,California
Placer,2021-01-19,2618,25853,1954,15063,664,10790,0,0,2163,17057,455,4396,2163,21453,California
Placer,2021-01-20,2274,28127,1704,16767,570,11360,0,0,1944,18672,330,4726,1945,23398,California
Placer,2021-01-21,2555,30682,1113,17880,1442,12802,0,0,2162,20443,392,5118,2163,25561,California
Placer,2021-01-22,2342,33024,636,18516,1706,14508,0,0,2167,22438,173,5291,2168,27729,California
Placer,2021-01-23,1188,34212,380,18896,808,15316,0,0,1033,23316,155,5446,1033,28762,California
Placer,2021-01-24,507,34719,265,19161,242,15558,0,0,431,23672,76,5522,432,29194,California
Placer,2021-01-25,1676,36395,807,19968,869,16427,0,0,1383,24763,293,5815,1384,30578,California
Placer,2021-01-26,1857,38252,1033,21001,824,17251,0,0,1593,26092,264,6079,1593,32171,California
Placer,2021-01-27,1841,40093,1153,22154,688,17939,0,0,1597,27448,242,6321,1598,33769,California
Placer,2021-01-28,1808,41901,1118,23272,690,18629,0,0,1560,28762,246,6567,1560,35329,California
Placer,2021-01-29,1894,43795,1171,24443,723,19352,0,0,1702,30275,191,6758,1704,37033,California
Placer,2021-01-30,1726,45521,972,25415,754,20106,0,0,1605,31760,120,6878,1605,38638,California
Placer,2021-01-31,781,46302,624,26039,157,20263,0,0,713,32406,68,6946,714,39352,California
Placer,2021-02-01,2070,48372,1090,27129,980,21243,0,0,1756,33848,314,7260,1756,41108,California
Placer,2021-02-02,2380,50752,1541,28670,839,22082,0,0,1888,35247,489,7749,1888,42996,California
Placer,2021-02-03,2920,53672,1877,30547,1043,23125,0,0,2295,36921,621,8370,2295,45291,California
Placer,2021-02-04,2763,56435,1191,31738,1572,24697,0,0,1937,38037,822,9192,1938,47229,California
Placer,2021-02-05,2733,59168,1208,32946,1525,26222,0,0,1405,38119,1323,10515,1405,48634,California
Placer,2021-02-06,1953,61121,1312,34258,641,26863,0,0,1402,38970,551,11066,1402,50036,California
Placer,2021-02-07,1227,62348,917,35175,310,27173,0,0,940,39624,286,11352,940,50976,California
Placer,2021-02-08,3302,65650,1767,36942,1535,28708,0,0,1945,40221,1349,12701,1946,52922,California
Placer,2021-02-09,3550,69200,2179,39121,1371,30079,0,0,1645,39963,1903,14604,1645,54567,California
Placer,2021-02-10,3751,72951,2191,41312,1560,31639,0,0,1745,39707,2003,16607,1747,56314,California
Placer,2021-02-11,3693,76644,1905,43217,1788,33427,0,0,1588,39204,2092,18699,1589,57903,California
Placer,2021-02-12,2851,79495,1325,44542,1526,34953,0,0,1669,39729,1145,19844,1670,59573,California
Placer,2021-02-13,2544,82039,1487,46029,1057,36010,0,0,1892,40969,652,20496,1892,61465,California
Placer,2021-02-14,1081,83120,677,46706,404,36414,0,0,736,41363,342,20838,736,62201,California
Placer,2021-02-15,2247,85367,1047,47753,1200,37614,0,0,1531,42179,716,21554,1532,63733,California
Placer,2021-02-16,3577,88944,1782,49535,1795,39409,0,0,1590,41792,1978,23532,1591,65324,California
Placer,2021-02-17,3544,92488,1964,51499,1580,40989,0,0,1511,41274,2029,25561,1511,66835,California
Placer,2021-02-18,3797,96285,2047,53546,1750,42739,0,0,1625,40737,2163,27724,1626,68461,California
Placer,2021-02-19,3585,99870,1912,55458,1673,44412,0,0,1328,39814,2252,29976,1329,69790,California
Placer,2021-02-20,2003,101873,1259,56717,744,45156,0,0,913,39646,1084,31060,916,70706,California
Placer,2021-02-21,973,102846,730,57447,243,45399,0,0,280,39237,690,31750,281,70987,California
Placer,2021-02-22,2523,105369,1775,59222,748,46147,0,0,604,37923,1918,33668,604,71591,California
Placer,2021-02-23,2556,107925,1582,60804,974,47121,0,0,884,37136,1671,35339,884,72475,California
Placer,2021-02-24,3292,111217,1179,61983,2113,49234,0,0,1794,37444,1488,36827,1796,74271,California
Placer,2021-02-25,3631,114848,1519,63502,2112,51346,0,0,1967,37757,1656,38483,1969,76240,California
Placer,2021-02-26,4098,118946,2374,65876,1724,53070,0,0,2353,38370,1740,40223,2353,78593,California
Placer,2021-02-27,2824,121770,1495,67371,1329,54399,0,0,1454,38463,1364,41587,1457,80050,California
Placer,2021-02-28,1404,123174,797,68168,607,55006,0,0,588,38241,810,42397,588,80638,California
Placer,2021-03-01,3001,126175,1991,70159,1010,56016,0,0,1553,38351,1443,43840,1553,82191,California
Placer,2021-03-02,2872,129047,1764,71923,1108,57124,0,0,1875,39234,992,44832,1875,84066,California
Placer,2021-03-03,3324,132371,1423,73346,1901,59025,0,0,1817,39551,1501,46333,1818,85884,California
Placer,2021-03-04,3628,135999,1457,74803,2171,61196,0,0,1894,39724,1722,48055,1895,87779,California
Placer,2021-03-05,3012,139011,1034,75837,1956,63152,22,22,1808,40352,1202,49257,1830,89609,California
Placer,2021-03-06,2418,141429,1490,77327,832,63984,96,118,926,39890,1484,50741,1022,90631,California
Placer,2021-03-07,1297,142726,751,78078,508,64492,38,156,531,39696,763,51504,569,91200,California
Placer,2021-03-08,2907,145633,1825,79903,969,65461,113,269,1647,40198,1258,52762,1760,92960,California
Placer,2021-03-09,3171,148804,1679,81582,1401,66862,91,360,1814,40749,1354,54116,1905,94865,California
Placer,2021-03-10,3283,152087,1323,82905,1853,68715,107,467,1708,40994,1570,55686,1815,96680,California
Placer,2021-03-11,3636,155723,1646,84551,1865,70580,125,592,1746,40987,1881,57567,1874,98554,California
Placer,2021-03-12,3677,159400,1485,86036,1411,71991,781,1373,1255,40608,2416,59983,2037,100591,California
Placer,2021-03-13,2112,161512,743,86779,1250,73241,119,1492,1115,40850,992,60975,1234,101825,California
Placer,2021-03-14,1639,163151,671,87450,819,74060,149,1641,891,41142,748,61723,1040,102865,California
Placer,2021-03-15,3182,166333,1533,88983,1517,75577,132,1773,1765,41624,1416,63139,1898,104763,California
Placer,2021-03-16,3566,169899,1917,90900,1516,77093,133,1906,2288,42779,1267,64406,2422,107185,California
Placer,2021-03-17,3428,173327,1732,92632,1597,78690,99,2005,2211,43878,1213,65619,2312,109497,California
Placer,2021-03-18,4093,177420,2326,94958,1729,80419,38,2043,2865,45559,1221,66840,2902,112399,California
Placer,2021-03-19,3439,180859,2070,97028,1105,81524,264,2307,2197,46785,1234,68074,2460,114859,California
Placer,2021-03-20,2137,182996,897,97925,1143,82667,97,2404,1301,47351,831,68905,1397,116256,California
Placer,2021-03-21,1254,184250,575,98500,670,83337,9,2413,946,48001,305,69210,955,117211,California
Placer,2021-03-22,3269,187519,2101,100601,1078,84415,90,2503,2191,49208,1074,70284,2281,119492,California
Placer,2021-03-23,3528,191047,2099,102700,1338,85753,91,2594,2524,50825,999,71283,2616,122108,California
Placer,2021-03-24,3789,194836,1998,104698,1694,87447,97,2691,1952,51060,1815,73098,2050,124158,California
Placer,2021-03-25,3854,198690,1866,106564,1891,89338,97,2788,1787,50887,2056,75154,1883,126041,California
Placer,2021-03-26,3763,202453,1663,108227,1869,91207,231,3019,1585,50538,2165,77319,1816,127857,California
Placer,2021-03-27,1593,204046,468,108695,1105,92312,20,3039,648,50268,938,78257,668,128525,California
Placer,2021-03-28,1109,205155,528,109223,571,92883,10,3049,364,49902,740,78997,374,128899,California
Placer,2021-03-29,3560,208715,1988,111211,1538,94421,34,3083,1723,49832,1828,80825,1758,130657,California
Placer,2021-03-30,3974,212689,2096,113307,1835,96256,43,3126,2092,50098,1868,82693,2134,132791,California
Placer,2021-03-31,4094,216783,1830,115137,2189,98445,75,3201,1693,49472,2394,85087,1768,134559,California
Placer,2021-04-01,2974,219757,1433,116570,1495,99940,46,3247,1660,49867,1313,86400,1708,136267,California
Placer,2021-04-02,2843,222600,1453,118023,1326,101266,64,3311,1592,50279,1244,87644,1656,137923,California
Placer,2021-04-03,1852,224452,985,119008,739,102005,128,3439,889,50340,956,88600,1017,138940,California
Placer,2021-04-04,711,225163,361,119369,297,102302,53,3492,286,50258,421,89021,339,139279,California
Placer,2021-04-05,2998,228161,1897,121266,917,103219,184,3676,1745,50938,1249,90270,1929,141208,California
Placer,2021-04-06,4280,232441,2472,123738,1509,104728,299,3975,1524,50010,2751,93021,1823,143031,California
Placer,2021-04-07,4511,236952,2572,126310,1478,106206,461,4436,2063,50089,2442,95463,2521,145552,California
Placer,2021-04-08,4686,241638,2591,128901,1550,107756,545,4981,1569,49096,3106,98569,2113,147665,California
Placer,2021-04-09,4106,245744,2263,131164,1225,108981,618,5599,1226,48070,2872,101441,1846,149511,California
Placer,2021-04-10,2024,247768,879,132043,960,109941,185,5784,865,47963,1156,102597,1049,150560,California
Placer,2021-04-11,1352,249120,531,132574,788,110729,33,5817,454,47555,894,103491,486,151046,California
Placer,2021-04-12,4097,253217,2645,135219,1072,111801,380,6197,2462,48772,1624,105115,2841,153887,California
Placer,2021-04-13,4345,257562,2994,138213,1350,113151,1,6198,2190,48812,2151,107266,2191,156078,California
Placer,2021-04-14,4119,261681,2564,140777,1554,114705,1,6199,1843,48388,2267,109533,1843,157921,California
Placer,2021-04-15,4491,266172,2508,143285,1982,116687,1,6200,2347,48603,2133,111666,2348,160269,California
Placer,2021-04-16,3675,269847,2185,145470,1490,118177,0,6200,1433,47800,2236,113902,1433,161702,California
Placer,2021-04-17,2417,272264,840,146310,1577,119754,0,6200,1514,48415,899,114801,1514,163216,California
Placer,2021-04-18,1181,273445,255,146565,926,120680,0,6200,411,48058,768,115569,411,163627,California
Placer,2021-04-19,2933,276378,1803,148368,1130,121810,0,6200,1164,47457,1766,117335,1165,164792,California
Placer,2021-04-20,3779,280157,2456,150824,1323,123133,0,6200,2407,48500,1364,118699,2407,167199,California
Placer,2021-04-21,3655,283812,2396,153220,1258,124391,1,6201,2381,49612,1270,119969,2382,169581,California
Placer,2021-04-22,3660,287472,2263,155483,1397,125788,0,6201,1746,49447,1911,121880,1746,171327,California
Placer,2021-04-23,3497,290969,2321,157804,1175,126963,1,6202,1373,48703,2118,123998,1374,172701,California
Placer,2021-04-24,2082,293051,1262,159066,819,127782,1,6203,1217,49063,857,124855,1217,173918,California
Placer,2021-04-25,913,293964,504,159570,409,128191,0,6203,565,49280,348,125203,565,174483,California
Placer,2021-04-26,2351,296315,1248,160818,1080,129271,23,6226,1153,49267,1188,126391,1175,175658,California
Placer,2021-04-27,2637,298952,1369,162187,1233,130504,35,6261,1518,49708,1113,127504,1554,177212,California
Placer,2021-04-28,2910,301862,1802,163989,1071,131575,37,6298,1518,49880,1383,128887,1555,178767,California
Placer,2021-04-29,3261,305123,2074,166063,1135,132710,52,6350,1317,49311,1938,130825,1369,180136,California
Placer,2021-04-30,2982,308105,1804,167867,1129,133839,49,6399,1189,48761,1788,132613,1238,181374,California
Placer,2021-05-01,1331,309436,933,168800,374,134213,24,6423,607,48673,718,133331,630,182004,California
Placer,2021-05-02,715,310151,553,169353,141,134354,21,6444,333,48647,380,133711,354,182358,California
Placer,2021-05-03,1610,311761,992,170345,553,134907,65,6509,438,47983,1167,134878,503,182861,California
Placer,2021-05-04,2296,314057,1295,171640,835,135742,166,6675,864,47586,1427,136305,1030,183891,California
Placer,2021-05-05,3666,317723,2473,174113,1086,136828,107,6782,967,45967,2693,138998,1074,184965,California
Placer,2021-05-06,3091,320814,1894,176007,1121,137949,76,6858,813,44603,2253,141251,889,185854,California
Placer,2021-05-07,2799,323613,1883,177890,824,138773,92,6950,785,43476,2004,143255,877,186731,California
Placer,2021-05-08,1329,324942,707,178597,581,139354,41,6991,392,42972,935,144190,431,187162,California
Placer,2021-05-09,438,325380,202,178799,215,139569,21,7012,217,42988,221,144411,237,187399,California
Placer,2021-05-10,1907,327287,1030,179829,785,140354,92,7104,426,42028,1478,145889,518,187917,California
Placer,2021-05-11,2745,330032,1985,181814,655,141009,105,7209,546,40490,2189,148078,651,188568,California
Placer,2021-05-12,2705,332737,1896,183710,767,141776,42,7251,618,39070,2080,150158,660,189228,California
Placer,2021-05-13,2548,335285,1662,185372,845,142621,41,7292,842,38249,1703,151861,882,190110,California
Placer,2021-05-14,1790,337075,1122,186494,546,143167,122,7414,845,38276,937,152798,964,191074,California
Placer,2021-05-15,1233,338308,758,187252,466,143633,9,7423,515,38083,717,153515,524,191598,California
Plumas,2020-12-18,4,4,4,4,0,0,0,0,4,4,0,0,4,4,California
Plumas,2020-12-19,1,5,1,5,0,0,0,0,1,5,0,0,1,5,California
Plumas,2020-12-21,45,50,45,50,0,0,0,0,45,50,0,0,45,50,California
Plumas,2020-12-22,92,142,92,142,0,0,0,0,92,142,0,0,92,142,California
Plumas,2020-12-23,50,192,50,192,0,0,0,0,50,192,0,0,50,192,California
Plumas,2020-12-24,6,198,6,198,0,0,0,0,6,198,0,0,6,198,California
Plumas,2020-12-28,8,206,0,198,8,8,0,0,8,206,0,0,8,206,California
Plumas,2020-12-29,32,238,22,220,10,18,0,0,32,238,0,0,32,238,California
Plumas,2020-12-30,23,261,1,221,22,40,0,0,23,261,0,0,23,261,California
Plumas,2020-12-31,4,265,1,222,3,43,0,0,4,265,0,0,4,265,California
Plumas,2021-01-04,10,275,4,226,6,49,0,0,10,275,0,0,10,275,California
Plumas,2021-01-05,22,297,2,228,20,69,0,0,22,297,0,0,22,297,California
Plumas,2021-01-06,123,420,5,233,118,187,0,0,123,420,0,0,123,420,California
Plumas,2021-01-07,53,473,2,235,51,238,0,0,52,471,1,1,52,472,California
Plumas,2021-01-08,12,485,5,240,7,245,0,0,8,475,4,5,8,480,California
Plumas,2021-01-09,2,487,2,242,0,245,0,0,1,475,1,6,1,481,California
Plumas,2021-01-11,59,546,50,292,9,254,0,0,12,440,47,53,12,493,California
Plumas,2021-01-12,155,701,86,378,69,323,0,0,71,427,84,137,71,564,California
Plumas,2021-01-13,56,757,50,428,6,329,0,0,10,391,46,183,10,574,California
Plumas,2021-01-14,96,853,14,442,82,411,0,0,91,477,5,188,91,665,California
Plumas,2021-01-15,62,915,7,449,55,466,0,0,60,535,2,190,60,725,California
Plumas,2021-01-16,58,973,1,450,57,523,0,0,58,593,0,190,58,783,California
Plumas,2021-01-18,2,975,1,451,1,524,0,0,2,595,0,190,2,785,California
Plumas,2021-01-19,36,1011,5,456,31,555,0,0,32,623,4,194,32,817,California
Plumas,2021-01-20,121,1132,3,459,118,673,0,0,119,740,2,196,119,936,California
Plumas,2021-01-21,112,1244,2,461,110,783,0,0,112,852,0,196,112,1048,California
Plumas,2021-01-22,5,1249,1,462,4,787,0,0,5,857,0,196,5,1053,California
Plumas,2021-01-23,93,1342,2,464,91,878,0,0,93,950,0,196,93,1146,California
Plumas,2021-01-24,1,1343,1,465,0,878,0,0,1,951,0,196,1,1147,California
Plumas,2021-01-25,10,1353,7,472,3,881,0,0,7,955,3,199,7,1154,California
Plumas,2021-01-26,60,1413,2,474,58,939,0,0,52,999,8,207,52,1206,California
Plumas,2021-01-27,25,1438,20,494,5,944,0,0,5,984,20,227,5,1211,California
Plumas,2021-01-28,23,1461,0,494,23,967,0,0,21,1003,2,229,21,1232,California
Plumas,2021-01-29,8,1469,2,496,6,973,0,0,7,1009,1,230,7,1239,California
Plumas,2021-01-30,8,1477,4,500,4,977,0,0,7,1015,1,231,7,1246,California
Plumas,2021-01-31,3,1480,3,503,0,977,0,0,3,1018,0,231,3,1249,California
Plumas,2021-02-01,15,1495,2,505,13,990,0,0,7,1017,8,239,7,1256,California
Plumas,2021-02-02,21,1516,2,507,19,1009,0,0,2,1000,19,258,2,1258,California
Plumas,2021-02-03,127,1643,8,515,119,1128,0,0,13,900,113,371,13,1271,California
Plumas,2021-02-04,102,1745,8,523,94,1222,0,0,23,844,79,450,23,1294,California
Plumas,2021-02-05,24,1769,11,534,13,1235,0,0,9,838,15,465,9,1303,California
Plumas,2021-02-06,7,1776,0,534,7,1242,0,0,7,845,0,465,7,1310,California
Plumas,2021-02-08,16,1792,7,541,9,1251,0,0,4,837,12,477,4,1314,California
Plumas,2021-02-09,171,1963,1,542,170,1421,0,0,111,888,60,537,111,1425,California
Plumas,2021-02-10,89,2052,9,551,80,1501,0,0,80,960,9,546,81,1506,California
Plumas,2021-02-11,322,2374,7,558,315,1816,0,0,263,1164,59,605,263,1769,California
Plumas,2021-02-12,123,2497,4,562,119,1935,0,0,118,1277,5,610,118,1887,California
Plumas,2021-02-13,74,2571,5,567,69,2004,0,0,14,1231,60,670,14,1901,California
Plumas,2021-02-14,8,2579,5,572,3,2007,0,0,8,1239,0,670,8,1909,California
Plumas,2021-02-15,27,2606,5,577,22,2029,0,0,24,1260,3,673,24,1933,California
Plumas,2021-02-16,76,2682,4,581,72,2101,0,0,14,1212,62,735,14,1947,California
Plumas,2021-02-17,136,2818,5,586,131,2232,0,0,12,1100,124,859,12,1959,California
Plumas,2021-02-18,128,2946,6,592,122,2354,0,0,19,1011,109,968,20,1979,California
Plumas,2021-02-19,41,2987,4,596,37,2391,0,0,6,982,35,1003,6,1985,California
Plumas,2021-02-20,104,3091,7,603,97,2488,0,0,12,902,92,1095,12,1997,California
Plumas,2021-02-21,5,3096,5,608,0,2488,0,0,1,899,4,1099,1,1998,California
Plumas,2021-02-22,3,3099,1,609,2,2490,0,0,0,896,3,1102,0,1998,California
Plumas,2021-02-23,25,3124,5,614,20,2510,0,0,17,905,8,1110,17,2015,California
Plumas,2021-02-24,457,3581,7,621,450,2960,0,0,444,1336,13,1123,444,2459,California
Plumas,2021-02-25,230,3811,10,631,220,3180,0,0,169,1444,61,1184,169,2628,California
Plumas,2021-02-26,267,4078,8,639,259,3439,0,0,259,1696,8,1192,260,2888,California
Plumas,2021-02-27,40,4118,4,643,36,3475,0,0,33,1722,7,1199,33,2921,California
Plumas,2021-02-28,1,4119,0,643,1,3476,0,0,1,1723,0,1199,1,2922,California
Plumas,2021-03-01,13,4132,3,646,10,3486,0,0,8,1727,4,1203,8,2930,California
Plumas,2021-03-02,9,4141,0,646,9,3495,0,0,7,1732,2,1205,7,2937,California
Plumas,2021-03-03,151,4292,9,655,142,3637,0,0,135,1851,16,1221,135,3072,California
Plumas,2021-03-04,252,4544,9,664,243,3880,0,0,230,2059,22,1243,230,3302,California
Plumas,2021-03-05,400,4944,7,671,388,4268,5,5,389,2442,11,1254,394,3696,California
Plumas,2021-03-06,19,4963,2,673,9,4277,8,13,3,2437,16,1270,11,3707,California
Plumas,2021-03-07,13,4976,2,675,2,4279,9,22,3,2439,10,1280,12,3719,California
Plumas,2021-03-08,29,5005,3,678,2,4281,24,46,3,2440,26,1306,27,3746,California
Plumas,2021-03-09,133,5138,2,680,116,4397,15,61,18,2358,115,1421,33,3779,California
Plumas,2021-03-10,254,5392,3,683,237,4634,14,75,107,2333,146,1567,121,3900,California
Plumas,2021-03-11,179,5571,8,691,166,4800,5,80,144,2447,35,1602,149,4049,California
Plumas,2021-03-12,595,6166,4,695,303,5103,288,368,23,2186,572,2174,311,4360,California
Plumas,2021-03-13,25,6191,4,699,10,5113,11,379,5,2182,20,2194,16,4376,California
Plumas,2021-03-14,12,6203,3,702,4,5117,5,384,1,2178,10,2204,6,4382,California
Plumas,2021-03-15,31,6234,0,702,24,5141,7,391,5,2164,26,2230,12,4394,California
Plumas,2021-03-16,60,6294,3,705,56,5197,1,392,49,2203,11,2241,50,4444,California
Plumas,2021-03-17,73,6367,9,714,63,5260,1,393,58,2248,14,2255,59,4503,California
Plumas,2021-03-18,60,6427,6,720,38,5298,16,409,12,2228,48,2303,28,4531,California
Plumas,2021-03-19,164,6591,6,726,156,5454,2,411,155,2379,7,2310,158,4689,California
Plumas,2021-03-20,691,7282,4,730,686,6140,1,412,671,3033,18,2328,672,5361,California
Plumas,2021-03-21,2,7284,1,731,1,6141,0,412,1,3034,0,2328,1,5362,California
Plumas,2021-03-22,183,7467,2,733,181,6322,0,412,176,3203,7,2335,176,5538,California
Plumas,2021-03-23,27,7494,2,735,25,6347,0,412,13,3202,14,2349,13,5551,California
Plumas,2021-03-24,653,8147,6,741,646,6993,1,413,223,2997,429,2778,224,5775,California
Plumas,2021-03-25,301,8448,7,748,292,7285,2,415,158,3012,143,2921,158,5933,California
Plumas,2021-03-26,315,8763,9,757,306,7591,0,415,46,2790,268,3189,46,5979,California
Plumas,2021-03-27,13,8776,1,758,11,7602,1,416,3,2784,10,3199,4,5983,California
Plumas,2021-03-28,5,8781,3,761,1,7603,1,417,3,2786,2,3201,4,5987,California
Plumas,2021-03-29,12,8793,4,765,7,7610,1,418,4,2783,8,3209,5,5992,California
Plumas,2021-03-30,151,8944,3,768,147,7757,1,419,24,2681,127,3336,25,6017,California
Plumas,2021-03-31,288,9232,2,770,285,8042,1,420,267,2928,21,3357,268,6285,California
Plumas,2021-04-01,299,9531,11,781,287,8329,1,421,61,2753,236,3593,61,6346,California
Plumas,2021-04-02,375,9906,5,786,369,8698,1,422,29,2448,335,3928,30,6376,California
Plumas,2021-04-03,16,9922,3,789,5,8703,8,430,4,2448,12,3940,12,6388,California
Plumas,2021-04-04,3,9925,1,790,1,8704,1,431,0,2446,3,3943,1,6389,California
Plumas,2021-04-05,10,9935,3,793,6,8710,1,432,3,2443,7,3950,4,6393,California
Plumas,2021-04-06,120,10055,6,799,88,8798,26,458,13,2375,107,4057,39,6432,California
Plumas,2021-04-07,281,10336,7,806,99,8897,175,633,28,2325,253,4310,203,6635,California
Plumas,2021-04-08,150,10486,3,809,132,9029,15,648,34,2258,115,4425,48,6683,California
Plumas,2021-04-09,51,10537,10,819,25,9054,16,664,19,2260,32,4457,34,6717,California
Plumas,2021-04-10,24,10561,2,821,6,9060,16,680,5,2262,19,4476,21,6738,California
Plumas,2021-04-11,4,10565,3,824,0,9060,1,681,3,2265,1,4477,4,6742,California
Plumas,2021-04-12,11,10576,5,829,3,9063,3,684,7,2271,4,4481,10,6752,California
Plumas,2021-04-13,207,10783,5,834,202,9265,0,684,139,2342,68,4549,139,6891,California
Plumas,2021-04-14,109,10892,8,842,101,9366,0,684,55,2343,54,4603,55,6946,California
Plumas,2021-04-15,50,10942,2,844,48,9414,0,684,32,2357,18,4621,32,6978,California
Plumas,2021-04-16,142,11084,2,846,140,9554,0,684,2,2219,140,4761,2,6980,California
Plumas,2021-04-17,666,11750,2,848,664,10218,0,684,21,1597,643,5404,21,7001,California
Plumas,2021-04-18,4,11754,3,851,1,10219,0,684,1,1595,3,5407,1,7002,California
Plumas,2021-04-19,38,11792,3,854,35,10254,0,684,5,1567,33,5440,5,7007,California
Plumas,2021-04-20,42,11834,5,859,37,10291,0,684,26,1578,15,5455,26,7033,California
Plumas,2021-04-21,312,12146,5,864,306,10597,1,685,18,1302,294,5749,18,7051,California
Plumas,2021-04-22,272,12418,8,872,264,10861,0,685,129,1288,143,5892,129,7180,California
Plumas,2021-04-23,73,12491,6,878,67,10928,0,685,16,1247,57,5949,16,7196,California
Plumas,2021-04-24,171,12662,5,883,166,11094,0,685,146,1369,24,5973,146,7342,California
Plumas,2021-04-26,29,12691,4,887,25,11119,0,685,9,1359,19,5992,9,7351,California
Plumas,2021-04-27,87,12778,3,890,84,11203,0,685,51,1374,36,6028,51,7402,California
Plumas,2021-04-28,283,13061,4,894,279,11482,0,685,37,1166,245,6273,37,7439,California
Plumas,2021-04-29,171,13232,68,962,103,11585,0,685,118,1231,53,6326,118,7557,California
Plumas,2021-04-30,23,13255,11,973,12,11597,0,685,7,1222,16,6342,7,7564,California
Plumas,2021-05-01,2,13257,1,974,0,11597,1,686,0,1221,2,6344,1,7565,California
Plumas,2021-05-02,3,13260,3,977,0,11597,0,686,1,1220,2,6346,1,7566,California
Plumas,2021-05-03,16,13276,6,983,4,11601,6,692,5,1220,11,6357,11,7577,California
Plumas,2021-05-04,27,13303,3,986,18,11619,6,698,16,1231,11,6368,22,7599,California
Plumas,2021-05-05,47,13350,6,992,40,11659,1,699,21,1227,26,6394,22,7621,California
Plumas,2021-05-06,56,13406,2,994,49,11708,5,704,15,1206,41,6435,20,7641,California
Plumas,2021-05-07,22,13428,5,999,16,11724,1,705,8,1201,14,6449,9,7650,California
Plumas,2021-05-08,6,13434,0,999,4,11728,2,707,4,1205,2,6451,6,7656,California
Plumas,2021-05-10,49,13483,1,1000,25,11753,23,730,22,1223,27,6478,45,7701,California
Plumas,2021-05-11,164,13647,3,1003,142,11895,19,749,14,1106,150,6628,33,7734,California
Plumas,2021-05-12,97,13744,2,1005,87,11982,8,757,36,1089,61,6689,44,7778,California
Plumas,2021-05-13,41,13785,5,1010,34,12016,2,759,18,1086,23,6712,20,7798,California
Plumas,2021-05-14,8,13793,0,1010,7,12023,1,760,3,1085,5,6717,4,7802,California
Plumas,2021-05-15,4,13797,2,1012,2,12025,0,760,1,1083,3,6720,1,7803,California
Riverside,2020-12-15,5,5,5,5,0,0,0,0,5,5,0,0,5,5,California
Riverside,2020-12-16,63,68,63,68,0,0,0,0,63,68,0,0,63,68,California
Riverside,2020-12-17,805,873,805,873,0,0,0,0,805,873,0,0,805,873,California
Riverside,2020-12-18,1723,2596,1722,2595,1,1,0,0,1723,2596,0,0,1723,2596,California
Riverside,2020-12-19,1027,3623,1024,3619,3,4,0,0,1025,3620,1,1,1025,3621,California
Riverside,2020-12-20,1084,4707,1083,4702,1,5,0,0,1084,4704,0,1,1084,4705,California
Riverside,2020-12-21,2275,6982,2273,6975,2,7,0,0,2275,6979,0,1,2275,6980,California
Riverside,2020-12-22,2258,9240,2219,9194,39,46,0,0,2257,9236,0,1,2257,9237,California
Riverside,2020-12-23,2130,11370,1793,10987,337,383,0,0,2131,11367,0,1,2131,11368,California
Riverside,2020-12-24,828,12198,626,11613,202,585,0,0,828,12195,0,1,828,12196,California
Riverside,2020-12-25,28,12226,5,11618,23,608,0,0,28,12223,0,1,28,12224,California
Riverside,2020-12-26,401,12627,257,11875,144,752,0,0,401,12624,0,1,401,12625,California
Riverside,2020-12-27,362,12989,243,12118,119,871,0,0,362,12986,0,1,362,12987,California
Riverside,2020-12-28,1627,14616,1126,13244,501,1372,0,0,1627,14613,0,1,1627,14614,California
Riverside,2020-12-29,1739,16355,973,14217,766,2138,0,0,1739,16352,0,1,1739,16353,California
Riverside,2020-12-30,2583,18938,1688,15905,895,3033,0,0,2582,18934,0,1,2582,18935,California
Riverside,2020-12-31,1021,19959,394,16299,627,3660,0,0,1023,19957,0,1,1023,19958,California
Riverside,2021-01-01,116,20075,45,16344,71,3731,0,0,116,20073,0,1,116,20074,California
Riverside,2021-01-02,834,20909,694,17038,140,3871,0,0,834,20907,0,1,834,20908,California
Riverside,2021-01-03,343,21252,298,17336,45,3916,0,0,342,21249,0,1,342,21250,California
Riverside,2021-01-04,1265,22517,797,18133,468,4384,0,0,1265,22514,0,1,1265,22515,California
Riverside,2021-01-05,1987,24504,1366,19499,621,5005,0,0,1892,24317,89,90,1892,24407,California
Riverside,2021-01-06,2498,27002,1114,20613,1384,6389,0,0,2191,26205,303,393,2191,26598,California
Riverside,2021-01-07,2765,29767,1812,22425,953,7342,0,0,1704,26855,1056,1449,1706,28304,California
Riverside,2021-01-08,4059,33826,2938,25363,1121,8463,0,0,2248,27296,1807,3256,2248,30552,California
Riverside,2021-01-09,2072,35898,843,26206,1229,9692,0,0,1725,28675,346,3602,1725,32277,California
Riverside,2021-01-10,1668,37566,736,26942,932,10624,0,0,1064,29135,604,4206,1064,33341,California
Riverside,2021-01-11,4528,42094,3103,30045,1425,12049,0,0,2793,30196,1733,5939,2794,36135,California
Riverside,2021-01-12,3414,45508,2735,32780,679,12728,0,0,1722,30231,1687,7626,1722,37857,California
Riverside,2021-01-13,4394,49902,2874,35654,1520,14248,0,0,2787,31414,1604,9230,2787,40644,California
Riverside,2021-01-14,5496,55398,1896,37550,3600,17848,0,0,4908,35734,588,9818,4908,45552,California
Riverside,2021-01-15,6164,61562,2102,39652,4062,21910,0,0,5875,41321,288,10106,5875,51427,California
Riverside,2021-01-16,3609,65171,1017,40669,2592,24502,0,0,3363,44439,246,10352,3364,54791,California
Riverside,2021-01-17,3592,68763,582,41251,3010,27512,0,0,3395,47639,195,10547,3395,58186,California
Riverside,2021-01-18,3737,72500,2029,43280,1708,29220,0,0,2731,49364,1006,11553,2731,60917,California
Riverside,2021-01-19,7414,79914,2647,45927,4767,33987,0,0,6297,54545,1117,12670,6298,67215,California
Riverside,2021-01-20,8220,88134,3139,49066,5081,39068,0,0,6537,59415,1671,14341,6541,73756,California
Riverside,2021-01-21,8373,96507,3531,52597,4842,43910,0,0,7714,66470,660,15001,7715,81471,California
Riverside,2021-01-22,8730,105237,2981,55578,5749,49659,0,0,8299,74341,429,15430,8300,89771,California
Riverside,2021-01-23,5926,111163,2393,57971,3533,53192,0,0,5197,78810,729,16159,5198,94969,California
Riverside,2021-01-24,3035,114198,1430,59401,1605,54797,0,0,2821,81421,211,16370,2822,97791,California
Riverside,2021-01-25,7884,122082,4540,63941,3344,58141,0,0,6757,87053,1126,17496,6758,104549,California
Riverside,2021-01-26,9122,131204,5731,69672,3391,61532,0,0,7608,93151,1511,19007,7609,112158,California
Riverside,2021-01-27,10912,142116,6391,76063,4521,66053,0,0,9299,100844,1609,20616,9302,121460,California
Riverside,2021-01-28,11501,153617,6789,82852,4712,70765,0,0,10341,110034,1152,21768,10342,131802,California
Riverside,2021-01-29,11927,165544,7279,90131,4648,75413,0,0,10556,119249,1345,23113,10560,142362,California
Riverside,2021-01-30,9053,174597,4607,94738,4446,79859,0,0,8590,127380,460,23573,8591,150953,California
Riverside,2021-01-31,5168,179765,4257,98995,911,80770,0,0,5035,132287,132,23705,5039,155992,California
Riverside,2021-02-01,10918,190683,6752,105747,4166,84936,0,0,9099,139577,1812,25517,9102,165094,California
Riverside,2021-02-02,9518,200201,4854,110601,4664,89600,0,0,8021,146111,1490,27007,8024,173118,California
Riverside,2021-02-03,12132,212333,5104,115705,7028,96628,0,0,9796,153581,2326,29333,9796,182914,California
Riverside,2021-02-04,13556,225889,6048,121753,7508,104136,0,0,11441,162917,2107,31440,11443,194357,California
Riverside,2021-02-05,14342,240231,5403,127156,8939,113075,0,0,11282,171151,3052,34492,11286,205643,California
Riverside,2021-02-06,7264,247495,4292,131448,2972,116047,0,0,5617,175132,1639,36131,5620,211263,California
Riverside,2021-02-07,2169,249664,799,132247,1370,117417,0,0,1849,176664,318,36449,1850,213113,California
Riverside,2021-02-08,12462,262126,5538,137785,6924,124341,0,0,10143,184509,2302,38751,10147,223260,California
Riverside,2021-02-09,9674,271800,4549,142334,5125,129466,0,0,7728,190304,1938,40689,7733,230993,California
Riverside,2021-02-10,12080,283880,6983,149317,5097,134563,0,0,8904,196053,3164,43853,8913,239906,California
Riverside,2021-02-11,16607,300487,9060,158377,7547,142110,0,0,12093,203669,4492,48345,12108,252014,California
Riverside,2021-02-12,17685,318172,10811,169188,6874,148984,0,0,12808,211656,4833,53178,12820,264834,California
Riverside,2021-02-13,6333,324505,2133,171321,4200,153184,0,0,3104,211570,3211,56389,3125,267959,California
Riverside,2021-02-14,4932,329437,1126,172447,3806,156990,0,0,2181,211005,2747,59136,2182,270141,California
Riverside,2021-02-15,9828,339265,4999,177446,4829,161819,0,0,5409,212011,4410,63546,5416,275557,California
Riverside,2021-02-16,16113,355378,10108,187554,6005,167824,0,0,9248,214409,6858,70404,9256,284813,California
Riverside,2021-02-17,15024,370402,8211,195765,6813,174637,0,0,7449,214306,7562,77966,7459,292272,California
Riverside,2021-02-18,15535,385937,8993,204758,6542,181179,0,0,8012,214832,7500,85466,8026,300298,California
Riverside,2021-02-19,15297,401234,8226,212984,7071,188250,0,0,7223,214008,8055,93521,7231,307529,California
Riverside,2021-02-20,8310,409544,4496,217480,3814,192064,0,0,2166,210050,6127,99648,2169,309698,California
Riverside,2021-02-21,4368,413912,3848,221328,520,192584,0,0,1217,208130,3137,102785,1217,310915,California
Riverside,2021-02-22,12358,426270,7758,229086,4600,197184,0,0,5101,205997,7239,110024,5106,316021,California
Riverside,2021-02-23,11101,437371,7567,236653,3534,200718,0,0,5392,205713,5680,115704,5396,321417,California
Riverside,2021-02-24,14803,452174,8097,244750,6706,207424,0,0,6293,203552,8471,124175,6310,327727,California
Riverside,2021-02-25,17348,469522,7397,252147,9951,217375,0,0,8056,202363,9270,133445,8081,335808,California
Riverside,2021-02-26,18610,488132,6719,258866,11891,229266,0,0,9295,202435,9256,142701,9328,345136,California
Riverside,2021-02-27,12048,500180,5579,264445,6469,235735,0,0,5752,201953,6261,148962,5779,350915,California
Riverside,2021-02-28,4881,505061,3217,267662,1664,237399,0,0,2411,201913,2458,151420,2418,353333,California
Riverside,2021-03-01,14331,519392,6105,273767,8224,245623,2,2,8438,204522,5858,157278,8467,361800,California
Riverside,2021-03-02,15298,534690,7444,281211,7853,253476,1,3,8980,207236,6294,163572,9008,370808,California
Riverside,2021-03-03,16867,551557,8350,289561,8517,261993,0,3,7284,205114,9533,173105,7411,378219,California
Riverside,2021-03-04,18741,570298,7458,297019,11278,273271,5,8,8895,204363,9801,182906,9050,387269,California
Riverside,2021-03-05,18778,589076,7538,304557,11196,284467,44,52,9299,204556,9429,192335,9622,396891,California
Riverside,2021-03-06,9462,598538,5028,309585,3953,288420,481,533,4703,205025,4745,197080,5214,402105,California
Riverside,2021-03-07,4180,602718,2702,312287,1089,289509,389,922,1960,205168,2210,199290,2353,404458,California
Riverside,2021-03-08,11941,614659,4741,317028,6790,296299,410,1332,5316,204333,6606,205896,5771,410229,California
Riverside,2021-03-09,14663,629322,6765,323793,7398,303697,500,1832,5788,201899,8856,214752,6422,416651,California
Riverside,2021-03-10,15648,644970,8394,332187,6365,310062,889,2721,6017,199367,9590,224342,7058,423709,California
Riverside,2021-03-11,19234,664204,9448,341635,7940,318002,1846,4567,7587,197401,11610,235952,9644,433353,California
Riverside,2021-03-12,21157,685361,7926,349561,8496,326498,4735,9302,7096,195531,14028,249980,12158,445511,California
Riverside,2021-03-13,8396,693757,2509,352070,4683,331181,1204,10506,4301,197037,4076,254056,5582,451093,California
Riverside,2021-03-14,4614,698371,1584,353654,1739,332920,1291,11797,2051,197824,2552,256608,3339,454432,California
Riverside,2021-03-15,18688,717059,7852,361506,9164,342084,1672,13469,9205,199362,9440,266048,10978,465410,California
Riverside,2021-03-16,20895,737954,10139,371645,9941,352025,815,14284,11388,202190,9468,275516,12296,477706,California
Riverside,2021-03-17,21290,759244,10921,382566,9321,361346,1048,15332,12789,207620,8465,283981,13895,491601,California
Riverside,2021-03-18,22581,781825,11748,394314,9177,370523,1656,16988,12539,211829,9994,293975,14203,505804,California
Riverside,2021-03-19,24017,805842,12574,406888,10492,381015,951,17939,14032,217249,9930,303905,15350,521154,California
Riverside,2021-03-20,10607,816449,6845,413733,2596,383611,1166,19105,6832,221502,3745,307650,7998,529152,California
Riverside,2021-03-21,3682,820131,2877,416610,553,384164,252,19357,2526,223141,1140,308790,2779,531931,California
Riverside,2021-03-22,16642,836773,9927,426537,6162,390326,553,19910,10594,228287,5998,314788,11144,543075,California
Riverside,2021-03-23,18557,855330,10503,437040,7631,397957,423,20333,11964,234151,6537,321325,12401,555476,California
Riverside,2021-03-24,18694,874024,10421,447461,8153,406110,120,20453,12842,241315,5804,327129,12968,568444,California
Riverside,2021-03-25,21111,895135,11653,459114,9278,415388,180,20633,14169,248796,6875,334004,14356,582800,California
Riverside,2021-03-26,24102,919237,11896,471010,12033,427421,173,20806,15038,255045,8964,342968,15213,598013,California
Riverside,2021-03-27,9284,928521,4874,475884,3356,430777,1054,21860,4809,256455,4454,347422,5864,603877,California
Riverside,2021-03-28,4722,933243,3104,478988,1526,432303,92,21952,2837,257513,1872,349294,2930,606807,California
Riverside,2021-03-29,17642,950885,8442,487430,9084,441387,116,22068,10965,261969,6638,355932,11094,617901,California
Riverside,2021-03-30,18328,969213,9540,496970,8583,449970,205,22273,11805,267496,6485,362417,12012,629913,California
Riverside,2021-03-31,18044,987257,8392,505362,9351,459321,301,22574,11486,272780,6515,368932,11799,641712,California
Riverside,2021-04-01,25426,1012683,12433,517795,12230,471551,763,23337,16450,281078,8918,377850,17216,658928,California
Riverside,2021-04-02,26040,1038723,14027,531822,11074,482625,939,24276,16355,288966,9633,387483,17521,676449,California
Riverside,2021-04-03,9297,1048020,5914,537736,2803,485428,580,24856,6029,292326,3250,390733,6610,683059,California
Riverside,2021-04-04,3378,1051398,2052,539788,1087,486515,239,25095,1755,292707,1615,392348,1996,685055,California
Riverside,2021-04-05,18368,1069766,9422,549210,7110,493625,1836,26931,9895,296001,8438,400786,11732,696787,California
Riverside,2021-04-06,23671,1093437,12314,561524,9240,502865,2117,29048,13190,300869,10432,411218,15300,712087,California
Riverside,2021-04-07,24522,1117959,13182,574706,8859,511724,2481,31529,13652,306177,10826,422044,16134,728221,California
Riverside,2021-04-08,26929,1144888,14788,589494,9203,520927,2938,34467,16400,315027,10470,432514,19320,747541,California
Riverside,2021-04-09,26054,1170942,15328,604822,8304,529231,2422,36889,15924,323304,10088,442602,18365,765906,California
Riverside,2021-04-10,11936,1182878,6705,611527,3842,533073,1389,38278,5238,323267,6656,449258,6619,772525,California
Riverside,2021-04-11,4599,1187477,2730,614257,1249,534322,620,38898,2177,323652,2411,451669,2796,775321,California
Riverside,2021-04-12,20063,1207540,8910,623167,8518,542840,2635,41533,10075,326410,9950,461619,12708,788029,California
Riverside,2021-04-13,19890,1227430,11129,634296,8735,551575,26,41559,11359,329308,8489,470108,11387,799416,California
Riverside,2021-04-14,22027,1249457,12100,646396,9913,561488,14,41573,10798,328962,11162,481270,10816,810232,California
Riverside,2021-04-15,21666,1271123,12167,658563,9491,570979,8,41581,11348,330067,10252,491522,11357,821589,California
Riverside,2021-04-16,24923,1296046,14420,672983,10497,581476,6,41587,11605,328416,13269,504791,11618,833207,California
Riverside,2021-04-17,9851,1305897,6492,679475,3359,584835,0,41587,4971,328530,4864,509655,4978,838185,California
Riverside,2021-04-18,3853,1309750,2812,682287,1034,585869,7,41594,1836,328369,2006,511661,1845,840030,California
Riverside,2021-04-19,19473,1329223,11596,693883,7874,593743,3,41597,6975,322894,12458,524119,6983,847013,California
Riverside,2021-04-20,18841,1348064,9940,703823,8892,602635,9,41606,7717,319537,11087,535206,7730,854743,California
Riverside,2021-04-21,19452,1367516,11076,714899,8368,611003,8,41614,7664,315488,11728,546934,7679,862422,California
Riverside,2021-04-22,23208,1390724,13537,728436,9668,620671,3,41617,8662,309677,14481,561415,8670,871092,California
Riverside,2021-04-23,23307,1414031,13731,742167,9562,630233,14,41631,9174,304798,14075,575490,9196,880288,California
Riverside,2021-04-24,10466,1424497,7311,749478,3153,633386,2,41633,4848,304065,5584,581074,4851,885139,California
Riverside,2021-04-25,4201,1428698,2813,752291,1387,634773,1,41634,2190,304259,1998,583072,2192,887331,California
Riverside,2021-04-26,16468,1445166,10351,762642,6072,640845,45,41679,5523,298920,10911,593983,5572,892903,California
Riverside,2021-04-27,17636,1462802,10110,772752,7364,648209,162,41841,6091,293669,11504,605487,6253,899156,California
Riverside,2021-04-28,16390,1479192,8827,781579,7305,655514,258,42099,5522,288638,10811,616298,5780,904936,California
Riverside,2021-04-29,18624,1497816,11419,792998,6868,662382,337,42436,5384,281179,13179,629477,5720,910656,California
Riverside,2021-04-30,19645,1517461,11313,804311,7954,670336,378,42814,6283,274532,13311,642788,6664,917320,California
Riverside,2021-05-01,6749,1524210,4868,809179,1713,672049,168,42982,2317,272605,4410,647198,2483,919803,California
Riverside,2021-05-02,3347,1527557,2181,811360,958,673007,208,43190,1063,271612,2270,649468,1277,921080,California
Riverside,2021-05-03,17950,1545507,11013,822373,6450,679457,487,43677,4141,262488,13750,663218,4626,925706,California
Riverside,2021-05-04,17154,1562661,10907,833280,5831,685288,416,44093,4842,255489,12256,675474,5257,930963,California
Riverside,2021-05-05,15696,1578357,8902,842182,6440,691728,354,44447,4517,249233,11127,686601,4871,935834,California
Riverside,2021-05-06,17645,1596002,9937,852119,7309,699037,399,44846,4474,241004,13104,699705,4875,940709,California
Riverside,2021-05-07,20187,1616189,11552,863671,8208,707245,427,45273,5292,231903,14820,714525,5719,946428,California
Riverside,2021-05-08,6785,1622974,4518,868189,2042,709287,225,45498,2543,230461,4209,718734,2767,949195,California
Riverside,2021-05-09,2311,1625285,1517,869706,639,709926,155,45653,856,230028,1444,720178,1011,950206,California
Riverside,2021-05-10,9964,1635249,5110,874816,4479,714405,375,46028,2819,226129,7093,727271,3194,953400,California
Riverside,2021-05-11,13380,1648629,8068,882884,4824,719229,488,46516,3625,220571,9672,736943,4114,957514,California
Riverside,2021-05-12,11721,1660350,5676,888560,5775,725004,270,46786,3465,216095,8209,745152,3733,961247,California
Riverside,2021-05-13,13085,1673435,7712,896272,5114,730118,259,47045,4492,212299,8552,753704,4756,966003,California
Riverside,2021-05-14,13940,1687375,8675,904947,4659,734777,606,47651,4927,208863,8970,762674,5534,971537,California
Riverside,2021-05-15,4999,1692374,3786,908733,929,735706,284,47935,2349,208863,2633,765307,2633,974170,California
Sacramento,2020-12-15,315,315,315,315,0,0,0,0,315,315,0,0,315,315,California
Sacramento,2020-12-16,645,960,645,960,0,0,0,0,645,960,0,0,645,960,California
Sacramento,2020-12-17,648,1608,648,1608,0,0,0,0,648,1608,0,0,648,1608,California
Sacramento,2020-12-18,970,2578,970,2578,0,0,0,0,970,2578,0,0,970,2578,California
Sacramento,2020-12-19,612,3190,612,3190,0,0,0,0,612,3190,0,0,612,3190,California
Sacramento,2020-12-20,634,3824,634,3824,0,0,0,0,634,3824,0,0,634,3824,California
Sacramento,2020-12-21,1677,5501,1677,5501,0,0,0,0,1678,5502,0,0,1678,5502,California
Sacramento,2020-12-22,2097,7598,2064,7565,33,33,0,0,2097,7599,0,0,2097,7599,California
Sacramento,2020-12-23,2250,9848,2081,9646,169,202,0,0,2250,9849,0,0,2250,9849,California
Sacramento,2020-12-24,1046,10894,834,10480,212,414,0,0,1046,10895,0,0,1046,10895,California
Sacramento,2020-12-25,1,10895,0,10480,1,415,0,0,1,10896,0,0,1,10896,California
Sacramento,2020-12-26,509,11404,291,10771,218,633,0,0,509,11405,0,0,509,11405,California
Sacramento,2020-12-27,351,11755,247,11018,104,737,0,0,351,11756,0,0,351,11756,California
Sacramento,2020-12-28,1904,13659,1325,12343,579,1316,0,0,1903,13658,1,1,1903,13659,California
Sacramento,2020-12-29,1955,15614,1189,13532,766,2082,0,0,1955,15613,0,1,1955,15614,California
Sacramento,2020-12-30,2562,18176,1457,14989,1105,3187,0,0,2563,18176,0,1,2563,18177,California
Sacramento,2020-12-31,1229,19405,695,15684,534,3721,0,0,1230,19406,0,1,1230,19407,California
Sacramento,2021-01-01,81,19486,70,15754,11,3732,0,0,81,19487,0,1,81,19488,California
Sacramento,2021-01-02,564,20050,363,16117,201,3933,0,0,564,20051,0,1,564,20052,California
Sacramento,2021-01-03,412,20462,223,16340,189,4122,0,0,412,20463,0,1,412,20464,California
Sacramento,2021-01-04,1958,22420,846,17186,1112,5234,0,0,1956,22418,1,2,1956,22420,California
Sacramento,2021-01-05,2212,24632,986,18172,1226,6460,0,0,1858,23929,354,356,1865,24285,California
Sacramento,2021-01-06,2735,27367,1623,19795,1112,7572,0,0,1960,25117,772,1128,1960,26245,California
Sacramento,2021-01-07,2837,30204,1507,21302,1330,8902,0,0,1975,26233,859,1987,1975,28220,California
Sacramento,2021-01-08,3302,33506,2096,23398,1206,10108,0,0,2267,27470,1031,3018,2268,30488,California
Sacramento,2021-01-09,1291,34797,799,24197,492,10600,0,0,902,27985,387,3405,902,31390,California
Sacramento,2021-01-10,1246,36043,710,24907,536,11136,0,0,775,28291,470,3875,776,32166,California
Sacramento,2021-01-11,4353,40396,2963,27870,1390,12526,0,0,2413,28777,1939,5814,2425,34591,California
Sacramento,2021-01-12,4453,44849,3089,30959,1364,13890,0,0,2485,29299,1967,7781,2489,37080,California
Sacramento,2021-01-13,3793,48642,2172,33131,1621,15511,0,0,2382,30272,1410,9191,2383,39463,California
Sacramento,2021-01-14,4634,53276,2370,35501,2264,17775,0,0,3711,33064,919,10110,3711,43174,California
Sacramento,2021-01-15,4427,57703,2265,37766,2162,19937,0,0,3705,36049,721,10831,3706,46880,California
Sacramento,2021-01-16,2093,59796,1292,39058,801,20738,0,0,1876,37708,217,11048,1876,48756,California
Sacramento,2021-01-17,1647,61443,954,40012,693,21431,0,0,1469,39002,178,11226,1472,50228,California
Sacramento,2021-01-18,2871,64314,1777,41789,1094,22525,0,0,2337,40807,533,11759,2338,52566,California
Sacramento,2021-01-19,5007,69321,3057,44846,1950,24475,0,0,3734,43270,1273,13032,3736,56302,California
Sacramento,2021-01-20,4813,74134,2852,47698,1961,26436,0,0,3591,45642,1224,14256,3596,59898,California
Sacramento,2021-01-21,5200,79334,2995,50693,2205,28641,0,0,4234,48917,960,15216,4235,64133,California
Sacramento,2021-01-22,4996,84330,2664,53357,2332,30973,0,0,4695,53313,300,15516,4696,68829,California
Sacramento,2021-01-23,3733,88063,1562,54919,2171,33144,0,0,3274,56128,459,15975,3274,72103,California
Sacramento,2021-01-24,1600,89663,998,55917,602,33746,0,0,1359,57247,241,16216,1360,73463,California
Sacramento,2021-01-25,4422,94085,2171,58088,2251,35997,0,0,2947,58721,1475,17691,2949,76412,California
Sacramento,2021-01-26,4726,98811,2139,60227,2587,38584,0,0,3523,61045,1201,18892,3525,79937,California
Sacramento,2021-01-27,5813,104624,3055,63282,2758,41342,0,0,4205,63647,1605,20497,4207,84144,California
Sacramento,2021-01-28,5379,110003,2725,66007,2654,43996,0,0,4285,66840,1093,21590,4286,88430,California
Sacramento,2021-01-29,5400,115403,2939,68946,2461,46457,0,0,4370,70189,1021,22611,4370,92800,California
Sacramento,2021-01-30,4512,119915,2206,71152,2306,48763,0,0,4076,73831,434,23045,4076,96876,California
Sacramento,2021-01-31,2315,122230,2021,73173,294,49057,0,0,2038,75596,275,23320,2040,98916,California
Sacramento,2021-02-01,5919,128149,3021,76194,2898,51955,0,0,4252,78186,1662,24982,4252,103168,California
Sacramento,2021-02-02,6938,135087,3768,79962,3170,55125,0,0,4798,80865,2121,27103,4800,107968,California
Sacramento,2021-02-03,7149,142236,3606,83568,3543,58668,0,0,5284,84296,1855,28958,5286,113254,California
Sacramento,2021-02-04,7724,149960,3645,87213,4079,62747,0,0,5499,87580,2215,31173,5499,118753,California
Sacramento,2021-02-05,7858,157818,4494,91707,3364,66111,0,0,4911,89570,2924,34097,4914,123667,California
Sacramento,2021-02-06,8443,166261,3455,95162,4988,71099,0,0,7113,95358,1326,35423,7114,130781,California
Sacramento,2021-02-07,4083,170344,2197,97359,1886,72985,0,0,2856,96997,1219,36642,2858,133639,California
Sacramento,2021-02-08,6200,176544,3208,100567,2992,75977,0,0,3886,98573,2310,38952,3886,137525,California
Sacramento,2021-02-09,6801,183345,3586,104153,3215,79192,0,0,4005,99792,2787,41739,4006,141531,California
Sacramento,2021-02-10,7665,191010,4178,108331,3487,82679,0,0,4530,101202,3122,44861,4532,146063,California
Sacramento,2021-02-11,9611,200621,5748,114079,3863,86542,0,0,5547,102702,4049,48910,5549,151612,California
Sacramento,2021-02-12,10667,211288,4144,118223,6523,93065,0,0,6400,104899,4206,53116,6403,158015,California
Sacramento,2021-02-13,7678,218966,2992,121215,4686,97751,0,0,6086,109397,1589,54705,6087,164102,California
Sacramento,2021-02-14,3171,222137,1951,123166,1220,98971,0,0,2088,110409,1080,55785,2092,166194,California
Sacramento,2021-02-15,5992,228129,2046,125212,3946,102917,0,0,4164,112755,1820,57605,4166,170360,California
Sacramento,2021-02-16,9232,237361,4202,129414,5030,107947,0,0,5318,114170,3907,61512,5322,175682,California
Sacramento,2021-02-17,8838,246199,4989,134403,3849,111796,0,0,5138,115622,3688,65200,5140,180822,California
Sacramento,2021-02-18,9562,255761,5721,140124,3841,115637,0,0,5755,117581,3799,68999,5758,186580,California
Sacramento,2021-02-19,10012,265773,6141,146265,3871,119508,0,0,5915,119418,4084,73083,5921,192501,California
Sacramento,2021-02-20,7747,273520,5724,151989,2023,121531,0,0,4695,121070,3044,76127,4696,197197,California
Sacramento,2021-02-21,2942,276462,2337,154326,605,122136,0,0,1025,120184,1911,78038,1025,198222,California
Sacramento,2021-02-22,6194,282656,3750,158076,2444,124580,0,0,2687,119379,3496,81534,2691,200913,California
Sacramento,2021-02-23,7144,289800,4442,162518,2702,127282,0,0,3467,119189,3661,85195,3471,204384,California
Sacramento,2021-02-24,9653,299453,5296,167814,4357,131639,0,0,5251,120059,4385,89580,5255,209639,California
Sacramento,2021-02-25,10922,310375,6227,174041,4695,136334,0,0,6408,121969,4498,94078,6408,216047,California
Sacramento,2021-02-26,13919,324294,6480,180521,7439,143773,0,0,9585,127255,4302,98380,9588,225635,California
Sacramento,2021-02-27,10818,335112,6722,187243,4093,147866,3,3,7950,132363,2845,101225,7953,233588,California
Sacramento,2021-02-28,5619,340731,2229,189472,3390,151256,0,3,2589,131938,3015,104240,2590,236178,California
Sacramento,2021-03-01,8054,348785,3476,192948,4577,155833,1,4,4354,132616,3679,107919,4357,240535,California
Sacramento,2021-03-02,9258,358043,4023,196971,5234,161067,1,5,5691,134760,3551,111470,5695,246230,California
Sacramento,2021-03-03,10939,368982,5009,201980,5927,166994,3,8,6525,136896,4394,115864,6530,252760,California
Sacramento,2021-03-04,13418,382400,6170,208150,7244,174238,4,12,7462,138444,5924,121788,7472,260232,California
Sacramento,2021-03-05,10581,392981,4883,213033,5668,179906,30,42,7034,141982,3526,125314,7064,267296,California
Sacramento,2021-03-06,8100,401081,3108,216141,4870,184776,122,164,4099,142219,3983,129297,4220,271516,California
Sacramento,2021-03-07,7593,408674,2202,218343,5304,190080,87,251,3733,142182,3855,133152,3818,275334,California
Sacramento,2021-03-08,9103,417777,4247,222590,4632,194712,224,475,5963,145239,3128,136280,6185,281519,California
Sacramento,2021-03-09,9558,427335,4527,227117,4739,199451,292,767,5493,146975,4049,140329,5785,287304,California
Sacramento,2021-03-10,11726,439061,7481,234598,3890,203341,355,1122,6853,149346,4838,145167,7209,294513,California
Sacramento,2021-03-11,14997,454058,9964,244562,4237,207578,796,1918,8923,153029,6035,151202,9718,304231,California
Sacramento,2021-03-12,17968,472026,8311,252873,8823,216401,834,2752,8841,153638,9074,160276,9683,313914,California
Sacramento,2021-03-13,12951,484977,3570,256443,8957,225358,424,3176,7857,156833,5083,165359,8278,322192,California
Sacramento,2021-03-14,8377,493354,3464,259907,4283,229641,630,3806,4476,158061,3877,169236,5105,327297,California
Sacramento,2021-03-15,12166,505520,4822,264729,6693,236334,651,4457,7077,160722,5068,174304,7729,335026,California
Sacramento,2021-03-16,13981,519501,6210,270939,7132,243466,639,5096,8640,164687,5308,179612,9273,344299,California
Sacramento,2021-03-17,13641,533142,6573,277512,6457,249923,611,5707,8811,169311,4803,184415,9427,353726,California
Sacramento,2021-03-18,15634,548776,8218,285730,6852,256775,564,6271,10106,174484,5497,189912,10670,364396,California
Sacramento,2021-03-19,15585,564361,7960,293690,6254,263029,1371,7642,8117,176528,7441,197353,9485,373881,California
Sacramento,2021-03-20,12892,577253,7531,301221,5022,268051,339,7981,8163,180334,4698,202051,8504,382385,California
Sacramento,2021-03-21,5594,582847,2750,303971,2805,270856,39,8020,4942,184677,640,202691,4983,387368,California
Sacramento,2021-03-22,9373,592220,4799,308770,3721,274577,853,8873,6285,188754,3062,205753,7139,394507,California
Sacramento,2021-03-23,11323,603543,6749,315519,3765,278342,809,9682,7316,192907,3969,209722,8122,402629,California
Sacramento,2021-03-24,11847,615390,7270,322789,3947,282289,630,10312,6748,195268,5018,214740,7379,410008,California
Sacramento,2021-03-25,14101,629491,8325,331114,4966,287255,810,11122,8565,199149,5492,220232,9373,419381,California
Sacramento,2021-03-26,18247,647738,8938,340052,8821,296076,488,11610,9237,199934,8942,229174,9727,429108,California
Sacramento,2021-03-27,9685,657423,3565,343617,5831,301907,289,11899,5216,200997,4438,233612,5501,434609,California
Sacramento,2021-03-28,6522,663945,3215,346832,3059,304966,248,12147,3129,200994,3383,236995,3380,437989,California
Sacramento,2021-03-29,11010,674955,5895,352727,4745,309711,370,12517,5216,200816,5766,242761,5588,443577,California
Sacramento,2021-03-30,11845,686800,6082,358809,5371,315082,392,12909,6057,201499,5765,248526,6448,450025,California
Sacramento,2021-03-31,13411,700211,7840,366649,5175,320257,396,13305,5679,199861,7705,256231,6067,456092,California
Sacramento,2021-04-01,17322,717533,10415,377064,6686,326943,221,13526,7311,197429,9975,266206,7543,463635,California
Sacramento,2021-04-02,17044,734577,9663,386727,6651,333594,730,14256,8971,199092,8042,274248,9705,473340,California
Sacramento,2021-04-03,10360,744937,6175,392902,3636,337230,549,14805,6363,202035,3969,278217,6912,480252,California
Sacramento,2021-04-04,3694,748631,1523,394425,1982,339212,189,14994,1452,201436,2237,280454,1638,481890,California
Sacramento,2021-04-05,12009,760640,7534,401959,3644,342856,831,15825,5365,201015,6610,287064,6189,488079,California
Sacramento,2021-04-06,15535,776175,8835,410794,5374,348230,1326,17151,6874,200582,8629,295693,8196,496275,California
Sacramento,2021-04-07,14698,790873,7955,418749,5163,353393,1580,18731,7105,201698,7559,303252,8675,504950,California
Sacramento,2021-04-08,14905,805778,6686,425435,5270,358663,2949,21680,5921,201604,8951,312203,8857,513807,California
Sacramento,2021-04-09,18095,823873,9253,434688,6659,365322,2183,23863,7319,200359,10739,322942,9494,523301,California
Sacramento,2021-04-10,12549,836422,3819,438507,7526,372848,1204,25067,5089,199193,7434,330376,6268,529569,California
Sacramento,2021-04-11,10711,847133,4316,442823,6171,379019,224,25291,3790,196311,6895,337271,4013,533582,California
Sacramento,2021-04-12,12882,860015,5005,447828,6015,385034,1862,27153,4927,195184,7901,345172,6774,540356,California
Sacramento,2021-04-13,16206,876221,9921,457749,6281,391315,4,27157,7537,194086,8643,353815,7545,547901,California
Sacramento,2021-04-14,14881,891102,7939,465688,6940,398255,2,27159,5886,191012,8965,362780,5891,553792,California
Sacramento,2021-04-15,16282,907384,8384,474072,7896,406151,2,27161,6602,187977,9643,372423,6608,560400,California
Sacramento,2021-04-16,17373,924757,9611,483683,7762,413913,0,27161,7874,186393,9460,381883,7876,568276,California
Sacramento,2021-04-17,15234,939991,6122,489805,9112,423025,0,27161,11027,193236,4188,386071,11031,579307,California
Sacramento,2021-04-18,8429,948420,3063,492868,5366,428391,0,27161,3742,192307,4672,390743,3743,583050,California
Sacramento,2021-04-19,10573,958993,5712,498580,4857,433248,4,27165,4700,191159,5854,396597,4706,587756,California
Sacramento,2021-04-20,11094,970087,6744,505324,4347,437595,3,27168,5907,191905,5168,401765,5914,593670,California
Sacramento,2021-04-21,11457,981544,6625,511949,4830,442425,2,27170,6221,192920,5209,406974,6224,599894,California
Sacramento,2021-04-22,14774,996318,9869,521818,4902,447327,3,27173,6811,191799,7937,414911,6816,606710,California
Sacramento,2021-04-23,15806,1012124,9998,531816,5808,453135,0,27173,7339,190708,8431,423342,7340,614050,California
Sacramento,2021-04-24,11312,1023436,7008,538824,4303,457438,1,27174,5934,191303,5341,428683,5936,619986,California
Sacramento,2021-04-25,7974,1031410,4480,543304,3494,460932,0,27174,4156,191655,3805,432488,4157,624143,California
Sacramento,2021-04-26,10199,1041609,6404,549708,3770,464702,25,27199,4677,190866,5492,437980,4703,628846,California
Sacramento,2021-04-27,11606,1053215,7631,557339,3856,468558,119,27318,5619,190645,5960,443940,5739,634585,California
Sacramento,2021-04-28,9988,1063203,5695,563034,4092,472650,201,27519,5347,191583,4615,448555,5553,640138,California
Sacramento,2021-04-29,10156,1073359,6789,569823,3062,475712,305,27824,5339,192445,4783,453338,5645,645783,California
Sacramento,2021-04-30,12402,1085761,7790,577613,4350,480062,262,28086,5861,192074,6495,459833,6124,651907,California
Sacramento,2021-05-01,7552,1093313,5463,583076,1916,481978,173,28259,2748,190225,4770,464603,2921,654828,California
Sacramento,2021-05-02,3809,1097122,3159,586235,542,482520,108,28367,2160,190860,1631,466234,2266,657094,California
Sacramento,2021-05-03,9081,1106203,7268,593503,1535,484055,278,28645,3939,189953,5119,471353,4212,661306,California
Sacramento,2021-05-04,9357,1115560,5683,599186,3367,487422,307,28952,3792,188528,5523,476876,4098,665404,California
Sacramento,2021-05-05,10941,1126501,5907,605093,4583,492005,451,29403,4412,186897,6490,483366,4859,670263,California
Sacramento,2021-05-06,11154,1137655,6208,611301,4649,496654,297,29700,4657,185652,6197,489563,4952,675215,California
Sacramento,2021-05-07,10580,1148235,6163,617464,4043,500697,374,30074,4461,184420,6068,495631,4836,680051,California
Sacramento,2021-05-08,8148,1156383,3815,621279,4104,504801,229,30303,2700,181932,5413,501044,2925,682976,California
Sacramento,2021-05-09,3167,1159550,1655,622934,1400,506201,112,30415,1193,181277,1960,503004,1305,684281,California
Sacramento,2021-05-10,8049,1167599,3724,626658,4057,510258,268,30683,1983,177492,6037,509041,2252,686533,California
Sacramento,2021-05-11,8051,1175650,5027,631685,2784,513042,240,30923,2781,175271,5240,514281,3019,689552,California
Sacramento,2021-05-12,7960,1183610,4734,636419,2995,516037,231,31154,2687,172949,5240,519521,2918,692470,California
Sacramento,2021-05-13,10421,1194031,6547,642966,3652,519689,222,31376,3734,170253,6656,526177,3960,696430,California
Sacramento,2021-05-14,9655,1203686,5300,648266,4106,523795,249,31625,3538,167964,6075,532252,3786,700216,California
Sacramento,2021-05-15,6519,1210205,3770,652036,2644,526439,105,31730,3069,167715,3426,535678,3177,703393,California
San Benito,2020-12-16,2,2,2,2,0,0,0,0,2,2,0,0,2,2,California
San Benito,2020-12-17,8,10,8,10,0,0,0,0,8,10,0,0,8,10,California
San Benito,2020-12-18,32,42,32,42,0,0,0,0,32,42,0,0,32,42,California
San Benito,2020-12-19,47,89,47,89,0,0,0,0,47,89,0,0,47,89,California
San Benito,2020-12-20,23,112,23,112,0,0,0,0,23,112,0,0,23,112,California
San Benito,2020-12-21,48,160,48,160,0,0,0,0,48,160,0,0,48,160,California
San Benito,2020-12-22,65,225,65,225,0,0,0,0,65,225,0,0,65,225,California
San Benito,2020-12-23,48,273,36,261,12,12,0,0,48,273,0,0,48,273,California
San Benito,2020-12-24,12,285,4,265,8,20,0,0,12,285,0,0,12,285,California
San Benito,2020-12-25,4,289,4,269,0,20,0,0,4,289,0,0,4,289,California
San Benito,2020-12-26,13,302,4,273,9,29,0,0,13,302,0,0,13,302,California
San Benito,2020-12-27,8,310,7,280,1,30,0,0,8,310,0,0,8,310,California
San Benito,2020-12-28,63,373,36,316,27,57,0,0,63,373,0,0,63,373,California
San Benito,2020-12-29,50,423,21,337,29,86,0,0,50,423,0,0,50,423,California
San Benito,2020-12-30,59,482,37,374,22,108,0,0,59,482,0,0,59,482,California
San Benito,2020-12-31,19,501,2,376,17,125,0,0,19,501,0,0,19,501,California
San Benito,2021-01-02,25,526,24,400,1,126,0,0,25,526,0,0,25,526,California
San Benito,2021-01-03,3,529,1,401,2,128,0,0,3,529,0,0,3,529,California
San Benito,2021-01-04,62,591,23,424,39,167,0,0,62,591,0,0,62,591,California
San Benito,2021-01-05,119,710,37,461,82,249,0,0,116,704,3,3,116,707,California
San Benito,2021-01-06,97,807,42,503,55,304,0,0,83,773,14,17,83,790,California
San Benito,2021-01-07,80,887,43,546,37,341,0,0,52,797,28,45,52,842,California
San Benito,2021-01-08,131,1018,67,613,64,405,0,0,87,840,44,89,87,929,California
San Benito,2021-01-09,43,1061,30,643,13,418,0,0,30,857,13,102,30,959,California
San Benito,2021-01-10,16,1077,14,657,2,420,0,0,5,851,11,113,5,964,California
San Benito,2021-01-11,100,1177,59,716,41,461,0,0,47,845,53,166,47,1011,California
San Benito,2021-01-12,157,1334,53,769,104,565,0,0,121,930,36,202,121,1132,California
San Benito,2021-01-13,191,1525,35,804,156,721,0,0,164,1067,27,229,164,1296,California
San Benito,2021-01-14,116,1641,23,827,93,814,0,0,99,1149,17,246,99,1395,California
San Benito,2021-01-15,214,1855,21,848,193,1007,0,0,200,1335,14,260,200,1595,California
San Benito,2021-01-16,27,1882,9,857,18,1025,0,0,21,1350,6,266,21,1616,California
San Benito,2021-01-17,11,1893,5,862,6,1031,0,0,8,1355,3,269,8,1624,California
San Benito,2021-01-18,36,1929,23,885,13,1044,0,0,21,1361,15,284,21,1645,California
San Benito,2021-01-19,152,2081,65,950,87,1131,0,0,125,1459,27,311,125,1770,California
San Benito,2021-01-20,275,2356,94,1044,181,1312,0,0,229,1643,45,356,229,1999,California
San Benito,2021-01-21,125,2481,32,1076,93,1405,0,0,100,1718,25,381,100,2099,California
San Benito,2021-01-22,231,2712,19,1095,212,1617,0,0,221,1929,10,391,221,2320,California
San Benito,2021-01-23,31,2743,17,1112,14,1631,0,0,13,1924,18,409,13,2333,California
San Benito,2021-01-24,11,2754,3,1115,8,1639,0,0,7,1927,4,413,7,2340,California
San Benito,2021-01-25,67,2821,25,1140,42,1681,0,0,21,1902,46,459,21,2361,California
San Benito,2021-01-26,134,2955,41,1181,93,1774,0,0,81,1930,53,512,81,2442,California
San Benito,2021-01-27,230,3185,69,1250,161,1935,0,0,190,2080,40,552,190,2632,California
San Benito,2021-01-28,155,3340,32,1282,123,2058,0,0,123,2172,31,583,123,2755,California
San Benito,2021-01-29,284,3624,31,1313,253,2311,0,0,261,2411,22,605,261,3016,California
San Benito,2021-01-30,51,3675,32,1345,19,2330,0,0,28,2416,23,628,28,3044,California
San Benito,2021-01-31,16,3691,5,1350,11,2341,0,0,11,2422,5,633,11,3055,California
San Benito,2021-02-01,133,3824,28,1378,105,2446,0,0,89,2467,44,677,89,3144,California
San Benito,2021-02-02,226,4050,49,1427,177,2623,0,0,136,2513,90,767,136,3280,California
San Benito,2021-02-03,336,4386,42,1469,294,2917,0,0,272,2721,64,831,272,3552,California
San Benito,2021-02-04,162,4548,24,1493,138,3055,0,0,118,2795,44,875,118,3670,California
San Benito,2021-02-05,291,4839,40,1533,251,3306,0,0,228,2960,63,938,228,3898,California
San Benito,2021-02-06,49,4888,9,1542,40,3346,0,0,32,2975,17,955,32,3930,California
San Benito,2021-02-07,15,4903,7,1549,8,3354,0,0,14,2988,1,956,14,3944,California
San Benito,2021-02-08,138,5041,15,1564,123,3477,0,0,92,3034,46,1002,92,4036,California
San Benito,2021-02-09,327,5368,64,1628,263,3740,0,0,194,3095,133,1135,194,4230,California
San Benito,2021-02-10,320,5688,88,1716,232,3972,0,0,111,2998,208,1343,111,4341,California
San Benito,2021-02-11,297,5985,33,1749,264,4236,0,0,199,3099,98,1441,199,4540,California
San Benito,2021-02-12,411,6396,30,1779,381,4617,0,0,207,3103,203,1644,207,4747,California
San Benito,2021-02-13,57,6453,8,1787,49,4666,0,0,43,3132,14,1658,43,4790,California
San Benito,2021-02-14,40,6493,5,1792,35,4701,0,0,30,3152,10,1668,30,4820,California
San Benito,2021-02-15,105,6598,9,1801,96,4797,0,0,94,3235,11,1679,94,4914,California
San Benito,2021-02-16,205,6803,11,1812,194,4991,0,0,101,3232,104,1783,101,5015,California
San Benito,2021-02-17,327,7130,30,1842,297,5288,0,0,278,3461,49,1832,278,5293,California
San Benito,2021-02-18,293,7423,38,1880,255,5543,0,0,72,3312,221,2053,72,5365,California
San Benito,2021-02-19,342,7765,45,1925,297,5840,0,0,177,3324,165,2218,177,5542,California
San Benito,2021-02-20,45,7810,26,1951,19,5859,0,0,36,3351,9,2227,36,5578,California
San Benito,2021-02-21,23,7833,8,1959,15,5874,0,0,14,3356,9,2236,14,5592,California
San Benito,2021-02-22,133,7966,36,1995,97,5971,0,0,99,3422,33,2269,99,5691,California
San Benito,2021-02-23,374,8340,92,2087,282,6253,0,0,262,3572,112,2381,262,5953,California
San Benito,2021-02-24,377,8717,63,2150,314,6567,0,0,237,3669,140,2521,237,6190,California
San Benito,2021-02-25,393,9110,63,2213,330,6897,0,0,272,3818,123,2644,272,6462,California
San Benito,2021-02-26,640,9750,72,2285,568,7465,0,0,397,3972,243,2887,397,6859,California
San Benito,2021-02-27,98,9848,36,2321,62,7527,0,0,83,4040,15,2902,83,6942,California
San Benito,2021-02-28,249,10097,24,2345,225,7752,0,0,240,4271,9,2911,240,7182,California
San Benito,2021-03-01,224,10321,59,2404,165,7917,0,0,155,4356,70,2981,155,7337,California
San Benito,2021-03-02,276,10597,90,2494,186,8103,0,0,206,4492,70,3051,206,7543,California
San Benito,2021-03-03,396,10993,58,2552,338,8441,0,0,220,4538,174,3225,220,7763,California
San Benito,2021-03-04,610,11603,124,2676,471,8912,15,15,429,4790,181,3406,433,8196,California
San Benito,2021-03-05,582,12185,305,2981,265,9177,12,27,373,4967,208,3614,385,8581,California
San Benito,2021-03-06,191,12376,67,3048,110,9287,14,41,139,5068,52,3666,153,8734,California
San Benito,2021-03-07,647,13023,603,3651,22,9309,22,63,615,5673,32,3698,637,9371,California
San Benito,2021-03-08,288,13311,66,3717,176,9485,46,109,167,5765,121,3819,213,9584,California
San Benito,2021-03-09,423,13734,84,3801,240,9725,99,208,137,5689,285,4104,209,9793,California
San Benito,2021-03-10,402,14136,114,3915,193,9918,95,303,232,5846,170,4274,327,10120,California
San Benito,2021-03-11,467,14603,119,4034,196,10114,152,455,206,5943,261,4535,358,10478,California
San Benito,2021-03-12,513,15116,117,4151,301,10415,95,550,230,5988,281,4816,326,10804,California
San Benito,2021-03-13,201,15317,101,4252,82,10497,18,568,127,6062,71,4887,145,10949,California
San Benito,2021-03-14,232,15549,40,4292,172,10669,20,588,180,6211,51,4938,200,11149,California
San Benito,2021-03-15,325,15874,100,4392,206,10875,19,607,191,6287,134,5072,210,11359,California
San Benito,2021-03-16,499,16373,219,4611,249,11124,31,638,352,6522,147,5219,382,11741,California
San Benito,2021-03-17,785,17158,476,5087,288,11412,21,659,559,6872,222,5441,572,12313,California
San Benito,2021-03-18,786,17944,525,5612,206,11618,55,714,572,7278,212,5653,618,12931,California
San Benito,2021-03-19,777,18721,404,6016,350,11968,23,737,577,7678,200,5853,600,13531,California
San Benito,2021-03-20,240,18961,148,6164,80,12048,12,749,184,7818,56,5909,196,13727,California
San Benito,2021-03-21,108,19069,56,6220,47,12095,5,754,81,7877,27,5936,86,13813,California
San Benito,2021-03-22,345,19414,170,6390,150,12245,25,779,221,7999,124,6060,246,14059,California
San Benito,2021-03-23,476,19890,198,6588,268,12513,10,789,216,7964,260,6320,225,14284,California
San Benito,2021-03-24,575,20465,305,6893,263,12776,7,796,360,8117,214,6534,367,14651,California
San Benito,2021-03-25,742,21207,441,7334,297,13073,4,800,442,8267,296,6830,446,15097,California
San Benito,2021-03-26,1002,22209,518,7852,481,13554,3,803,333,7935,668,7498,336,15433,California
San Benito,2021-03-27,332,22541,184,8036,115,13669,33,836,215,8067,116,7614,248,15681,California
San Benito,2021-03-28,694,23235,571,8607,118,13787,5,841,125,7628,569,8183,130,15811,California
San Benito,2021-03-29,344,23579,109,8716,215,14002,20,861,149,7601,195,8378,168,15979,California
San Benito,2021-03-30,573,24152,269,8985,210,14212,94,955,288,7698,285,8663,382,16361,California
San Benito,2021-03-31,584,24736,358,9343,203,14415,23,978,334,7808,247,8910,357,16718,California
San Benito,2021-04-01,933,25669,374,9717,521,14936,38,1016,557,8022,375,9285,589,17307,California
San Benito,2021-04-02,541,26210,264,9981,142,15078,135,1151,267,8150,274,9559,402,17709,California
San Benito,2021-04-03,253,26463,87,10068,104,15182,62,1213,75,8109,178,9737,137,17846,California
San Benito,2021-04-04,144,26607,109,10177,30,15212,5,1218,107,8184,37,9774,112,17958,California
San Benito,2021-04-05,352,26959,170,10347,140,15352,42,1260,143,8159,209,9983,184,18142,California
San Benito,2021-04-06,458,27417,160,10507,123,15475,175,1435,155,8186,303,10286,330,18472,California
San Benito,2021-04-07,924,28341,522,11029,213,15688,189,1624,255,7963,667,10953,444,18916,California
San Benito,2021-04-08,853,29194,427,11456,176,15864,250,1874,221,7803,631,11584,471,19387,California
San Benito,2021-04-09,836,30030,496,11952,250,16114,90,1964,288,7633,548,12132,378,19765,California
San Benito,2021-04-10,327,30357,199,12151,71,16185,57,2021,181,7725,146,12278,238,20003,California
San Benito,2021-04-11,470,30827,270,12421,167,16352,33,2054,263,7794,207,12485,276,20279,California
San Benito,2021-04-12,529,31356,286,12707,131,16483,112,2166,279,7932,249,12734,387,20666,California
San Benito,2021-04-13,753,32109,290,12997,440,16923,23,2189,523,8250,229,12963,547,21213,California
San Benito,2021-04-14,829,32938,651,13648,178,17101,0,2189,395,8216,429,13392,395,21608,California
San Benito,2021-04-15,940,33878,732,14380,207,17308,1,2190,467,8212,472,13864,468,22076,California
San Benito,2021-04-16,700,34578,367,14747,324,17632,9,2199,295,8114,402,14266,304,22380,California
San Benito,2021-04-17,314,34892,225,14972,89,17721,0,2199,127,8052,189,14455,127,22507,California
San Benito,2021-04-18,491,35383,410,15382,81,17802,0,2199,241,8044,250,14705,242,22749,California
San Benito,2021-04-19,729,36112,588,15970,141,17943,0,2199,410,8137,318,15023,411,23160,California
San Benito,2021-04-20,748,36860,400,16370,347,18290,1,2200,474,8342,269,15292,474,23634,California
San Benito,2021-04-21,952,37812,701,17071,251,18541,0,2200,520,8444,418,15710,520,24154,California
San Benito,2021-04-22,894,38706,692,17763,202,18743,0,2200,568,8694,318,16028,568,24722,California
San Benito,2021-04-23,626,39332,395,18158,230,18973,1,2201,339,8796,238,16266,340,25062,California
San Benito,2021-04-24,354,39686,201,18359,153,19126,0,2201,164,8809,151,16417,164,25226,California
San Benito,2021-04-25,200,39886,123,18482,77,19203,0,2201,89,8806,92,16509,89,25315,California
San Benito,2021-04-26,480,40366,384,18866,96,19299,0,2201,254,8894,166,16675,254,25569,California
San Benito,2021-04-27,537,40903,278,19144,252,19551,7,2208,402,9178,125,16800,409,25978,California
San Benito,2021-04-28,541,41444,384,19528,148,19699,9,2217,378,9406,158,16958,386,26364,California
San Benito,2021-04-29,621,42065,230,19758,381,20080,10,2227,248,9308,373,17331,275,26639,California
San Benito,2021-04-30,369,42434,204,19962,158,20238,7,2234,198,9344,169,17500,205,26844,California
San Benito,2021-05-01,194,42628,143,20105,43,20281,8,2242,65,9290,127,17627,73,26917,California
San Benito,2021-05-02,189,42817,161,20266,24,20305,4,2246,58,9221,131,17758,62,26979,California
San Benito,2021-05-03,356,43173,281,20547,66,20371,9,2255,84,9044,272,18030,95,27074,California
San Benito,2021-05-04,391,43564,243,20790,142,20513,6,2261,148,8958,241,18271,155,27229,California
San Benito,2021-05-05,600,44164,423,21213,161,20674,16,2277,210,8796,388,18659,226,27455,California
San Benito,2021-05-06,610,44774,484,21697,111,20785,15,2292,220,8645,386,19045,235,27690,California
San Benito,2021-05-07,447,45221,284,21981,153,20938,10,2302,172,8557,273,19318,185,27875,California
San Benito,2021-05-08,275,45496,224,22205,46,20984,5,2307,158,8603,117,19435,163,28038,California
San Benito,2021-05-09,100,45596,75,22280,22,21006,3,2310,47,8600,53,19488,50,28088,California
San Benito,2021-05-10,406,46002,320,22600,62,21068,24,2334,51,8321,355,19843,76,28164,California
San Benito,2021-05-11,804,46806,405,23005,385,21453,14,2348,177,7888,625,20468,192,28356,California
San Benito,2021-05-12,479,47285,388,23393,80,21533,11,2359,114,7650,364,20832,126,28482,California
San Benito,2021-05-13,649,47934,552,23945,85,21618,12,2371,158,7330,489,21321,169,28651,California
San Benito,2021-05-14,437,48371,302,24247,128,21746,7,2378,174,7249,262,21583,181,28832,California
San Benito,2021-05-15,52,48423,33,24280,13,21759,6,2384,26,7255,26,21609,32,28864,California
San Bernardino,2020-12-15,13,13,13,13,0,0,0,0,13,13,0,0,13,13,California
San Bernardino,2020-12-16,107,120,107,120,0,0,0,0,107,120,0,0,107,120,California
San Bernardino,2020-12-17,2358,2478,2358,2478,0,0,0,0,2358,2478,0,0,2358,2478,California
San Bernardino,2020-12-18,3143,5621,3140,5618,3,3,0,0,3144,5622,0,0,3144,5622,California
San Bernardino,2020-12-19,1069,6690,1068,6686,1,4,0,0,1070,6692,0,0,1070,6692,California
San Bernardino,2020-12-20,1178,7868,1175,7861,3,7,0,0,1178,7870,0,0,1178,7870,California
San Bernardino,2020-12-21,2451,10319,2446,10307,5,12,0,0,2451,10321,0,0,2451,10321,California
San Bernardino,2020-12-22,2269,12588,2143,12450,126,138,0,0,2270,12591,0,0,2270,12591,California
San Bernardino,2020-12-23,2649,15237,1456,13906,1193,1331,0,0,2647,15238,0,0,2647,15238,California
San Bernardino,2020-12-24,1158,16395,581,14487,577,1908,0,0,1160,16398,0,0,1160,16398,California
San Bernardino,2020-12-25,75,16470,14,14501,61,1969,0,0,75,16473,0,0,75,16473,California
San Bernardino,2020-12-26,462,16932,254,14755,208,2177,0,0,462,16935,0,0,462,16935,California
San Bernardino,2020-12-27,343,17275,160,14915,183,2360,0,0,343,17278,0,0,343,17278,California
San Bernardino,2020-12-28,1570,18845,713,15628,857,3217,0,0,1571,18849,0,0,1571,18849,California
San Bernardino,2020-12-29,2213,21058,1044,16672,1169,4386,0,0,2213,21062,0,0,2213,21062,California
San Bernardino,2020-12-30,2896,23954,1460,18132,1436,5822,0,0,2897,23959,0,0,2897,23959,California
San Bernardino,2020-12-31,1357,25311,439,18571,918,6740,0,0,1355,25314,0,0,1355,25314,California
San Bernardino,2021-01-01,283,25594,151,18722,132,6872,0,0,282,25596,0,0,282,25596,California
San Bernardino,2021-01-02,475,26069,339,19061,136,7008,0,0,475,26071,0,0,475,26071,California
San Bernardino,2021-01-03,136,26205,86,19147,50,7058,0,0,136,26207,0,0,136,26207,California
San Bernardino,2021-01-04,2123,28328,1289,20436,834,7892,0,0,2122,28329,0,0,2122,28329,California
San Bernardino,2021-01-05,2336,30664,1462,21898,874,8766,0,0,2226,30446,109,109,2226,30555,California
San Bernardino,2021-01-06,3439,34103,2353,24251,1086,9852,0,0,2945,32904,488,597,2946,33501,California
San Bernardino,2021-01-07,5421,39524,4507,28758,914,10766,0,0,2483,32468,2919,3516,2483,35984,California
San Bernardino,2021-01-08,5368,44892,4446,33204,922,11688,0,0,2292,31689,3072,6588,2293,38277,California
San Bernardino,2021-01-09,1402,46294,1100,34304,302,11990,0,0,906,32099,496,7084,906,39183,California
San Bernardino,2021-01-10,1025,47319,597,34901,428,12418,0,0,576,32226,449,7533,576,39759,California
San Bernardino,2021-01-11,4982,52301,4074,38975,908,13326,0,0,2769,32785,2210,9743,2769,42528,California
San Bernardino,2021-01-12,4233,56534,3218,42193,1015,14341,0,0,2519,33591,1713,11456,2519,45047,California
San Bernardino,2021-01-13,4564,61098,2848,45041,1716,16057,0,0,3342,35725,1209,12665,3343,48390,California
San Bernardino,2021-01-14,4796,65894,2820,47861,1976,18033,0,0,4214,39361,578,13243,4214,52604,California
San Bernardino,2021-01-15,5989,71883,2977,50838,3012,21045,0,0,5592,44569,387,13630,5595,58199,California
San Bernardino,2021-01-16,2260,74143,1294,52132,966,22011,0,0,2118,46545,142,13772,2118,60317,California
San Bernardino,2021-01-17,1192,75335,517,52649,675,22686,0,0,1102,47560,89,13861,1104,61421,California
San Bernardino,2021-01-18,4271,79606,2639,55288,1632,24318,0,0,3649,50591,621,14482,3652,65073,California
San Bernardino,2021-01-19,6316,85922,3713,59001,2603,26921,0,0,5224,54727,1090,15572,5226,70299,California
San Bernardino,2021-01-20,6827,92749,3757,62758,3070,29991,0,0,4880,57670,1939,17511,4882,75181,California
San Bernardino,2021-01-21,5994,98743,3081,65839,2913,32904,0,0,4874,61436,1111,18622,4877,80058,California
San Bernardino,2021-01-22,6527,105270,3055,68894,3472,36376,0,0,5803,66518,722,19344,5804,85862,California
San Bernardino,2021-01-23,3110,108380,1892,70786,1218,37594,0,0,2720,68849,389,19733,2720,88582,California
San Bernardino,2021-01-24,1195,109575,462,71248,733,38327,0,0,1094,69842,101,19834,1094,89676,California
San Bernardino,2021-01-25,6884,116459,3406,74654,3478,41805,0,0,5026,73016,1855,21689,5029,94705,California
San Bernardino,2021-01-26,7112,123571,3571,78225,3541,45346,0,0,5015,75935,2097,23786,5016,99721,California
San Bernardino,2021-01-27,8494,132065,4146,82371,4348,49694,0,0,5696,78841,2790,26576,5696,105417,California
San Bernardino,2021-01-28,8594,140659,4084,86455,4510,54204,0,0,6270,82792,2319,28895,6270,111687,California
San Bernardino,2021-01-29,8192,148851,3774,90229,4418,58622,0,0,6221,87057,1957,30852,6222,117909,California
San Bernardino,2021-01-30,3094,151945,1903,92132,1191,59813,0,0,2806,89576,287,31139,2806,120715,California
San Bernardino,2021-01-31,924,152869,494,92626,430,60243,0,0,870,90393,53,31192,870,121585,California
San Bernardino,2021-02-01,7558,160427,4240,96866,3318,63561,0,0,4932,92703,2623,33815,4933,126518,California
San Bernardino,2021-02-02,10437,170864,3656,100522,6781,70342,0,0,8371,99013,2062,35877,8372,134890,California
San Bernardino,2021-02-03,9002,179866,4152,104674,4850,75192,0,0,6504,103028,2490,38367,6505,141395,California
San Bernardino,2021-02-04,10531,190397,5201,109875,5330,80522,0,0,7421,107350,3099,41466,7421,148816,California
San Bernardino,2021-02-05,11001,201398,5914,115789,5087,85609,0,0,7473,111307,3517,44983,7474,156290,California
San Bernardino,2021-02-06,5264,206662,2213,118002,3051,88660,0,0,3624,113319,1615,46598,3627,159917,California
San Bernardino,2021-02-07,844,207506,490,118492,354,89014,0,0,466,113411,375,46973,467,160384,California
San Bernardino,2021-02-08,7281,214787,3880,122372,3401,92415,0,0,5609,117351,1669,48642,5609,165993,California
San Bernardino,2021-02-09,10037,224824,5813,128185,4224,96639,0,0,6800,120921,3233,51875,6803,172796,California
San Bernardino,2021-02-10,12156,236980,6540,134725,5616,102255,0,0,7978,124733,4167,56042,7979,180775,California
San Bernardino,2021-02-11,12421,249401,7127,141852,5294,107549,0,0,7923,128184,4475,60517,7926,188701,California
San Bernardino,2021-02-12,10405,259806,5945,147797,4460,112009,0,0,5687,129169,4702,65219,5687,194388,California
San Bernardino,2021-02-13,6037,265843,4013,151810,2024,114033,0,0,3793,130739,2228,67447,3798,198186,California
San Bernardino,2021-02-14,1552,267395,651,152461,901,114934,0,0,873,130941,671,68118,873,199059,California
San Bernardino,2021-02-15,5462,272857,2994,155455,2468,117402,0,0,3056,131605,2392,70510,3056,202115,California
San Bernardino,2021-02-16,12612,285469,7382,162837,5230,122632,0,0,7966,134939,4633,75143,7967,210082,California
San Bernardino,2021-02-17,11795,297264,6458,169295,5337,127969,0,0,7142,137447,4636,79779,7144,217226,California
San Bernardino,2021-02-18,12478,309742,7592,176887,4886,132855,0,0,7705,140395,4758,84537,7706,224932,California
San Bernardino,2021-02-19,11514,321256,5940,182827,5574,138429,0,0,6810,142521,4684,89221,6810,231742,California
San Bernardino,2021-02-20,4521,325777,3470,186297,1051,139480,0,0,2040,142085,2478,91699,2042,233784,California
San Bernardino,2021-02-21,1039,326816,583,186880,456,139936,0,0,330,141706,709,92408,330,234114,California
San Bernardino,2021-02-22,8646,335462,5333,192213,3313,143249,0,0,4033,141138,4602,97010,4034,238148,California
San Bernardino,2021-02-23,9102,344564,5427,197640,3675,146924,0,0,4578,141223,4493,101503,4578,242726,California
San Bernardino,2021-02-24,12422,356986,7164,204804,5258,152182,0,0,6146,141120,6250,107753,6147,248873,California
San Bernardino,2021-02-25,13060,370046,6280,211084,6780,158962,0,0,7606,143293,5436,113189,7609,256482,California
San Bernardino,2021-02-26,13584,383630,6372,217456,7212,166174,0,0,7572,144918,5949,119138,7574,264056,California
San Bernardino,2021-02-27,6638,390268,3702,221158,2935,169109,1,1,4792,147877,1834,120972,4793,268849,California
San Bernardino,2021-02-28,1756,392024,727,221885,1029,170138,0,1,1131,148388,620,121592,1131,269980,California
San Bernardino,2021-03-01,8415,400439,4340,226225,4073,174211,2,3,3832,147671,4559,126151,3842,273822,California
San Bernardino,2021-03-02,13671,414110,5379,231604,8292,182503,0,3,6425,146884,7215,133366,6428,280250,California
San Bernardino,2021-03-03,12786,426896,6454,238058,6329,188832,3,6,5964,146056,6801,140167,5973,286223,California
San Bernardino,2021-03-04,13714,440610,6877,244935,6837,195669,0,6,5954,144275,7739,147906,5958,292181,California
San Bernardino,2021-03-05,14221,454831,7374,252309,6846,202515,1,7,6891,143885,7300,155206,6910,299091,California
San Bernardino,2021-03-06,9661,464492,5408,257717,4038,206553,215,222,4522,143497,5123,160329,4735,303826,California
San Bernardino,2021-03-07,1580,466072,933,258650,592,207145,55,277,1009,143992,569,160898,1064,304890,California
San Bernardino,2021-03-08,8016,474088,3517,262167,4340,211485,159,436,3539,143223,4470,165368,3701,308591,California
San Bernardino,2021-03-09,12611,486699,7039,269206,5328,216813,244,680,4856,140583,7741,173109,5101,313692,California
San Bernardino,2021-03-10,14034,500733,7691,276897,5791,222604,552,1232,6198,139529,7808,180917,6754,320446,California
San Bernardino,2021-03-11,15519,516252,7156,284053,6777,229381,1586,2818,7365,140343,8133,189050,8947,329393,California
San Bernardino,2021-03-12,15437,531689,6834,290887,6558,235939,2045,4863,7307,141640,8100,197150,9397,338790,California
San Bernardino,2021-03-13,8292,539981,4502,295389,3278,239217,512,5375,4905,143683,3376,200526,5419,344209,California
San Bernardino,2021-03-14,3221,543202,1613,297002,1034,240251,574,5949,1836,144709,1378,201904,2404,346613,California
San Bernardino,2021-03-15,11349,554551,5339,302341,3976,244227,2034,7983,5552,146504,5784,207688,7579,354192,California
San Bernardino,2021-03-16,16146,570697,7985,310326,7216,251443,945,8928,9875,151075,6245,213933,10816,365008,California
San Bernardino,2021-03-17,17305,588002,8596,318922,7959,259402,750,9678,10491,155521,6795,220728,11241,376249,California
San Bernardino,2021-03-18,16574,604576,8195,327117,7994,267396,385,10063,9839,159034,6709,227437,10222,386471,California
San Bernardino,2021-03-19,16879,621455,8340,335457,7951,275347,588,10651,9702,162224,7153,234590,10343,396814,California
San Bernardino,2021-03-20,9394,630849,5918,341375,2888,278235,588,11239,5567,164572,3803,238393,6151,402965,California
San Bernardino,2021-03-21,2759,633608,2241,343616,470,278705,48,11287,2229,166331,518,238911,2277,405242,California
San Bernardino,2021-03-22,9585,643193,4498,348114,4652,283357,435,11722,6948,171096,2618,241529,7383,412625,California
San Bernardino,2021-03-23,15460,658653,8770,356884,6071,289428,619,12341,9676,175626,5764,247293,10294,422919,California
San Bernardino,2021-03-24,15098,673751,7793,364677,7004,296432,301,12642,10064,180992,5000,252293,10366,433285,California
San Bernardino,2021-03-25,16972,690723,8312,372989,8363,304795,297,12939,10786,185934,6137,258430,11079,444364,California
San Bernardino,2021-03-26,18072,708795,8593,381582,8711,313506,768,13707,10938,190537,7104,265534,11707,456071,California
San Bernardino,2021-03-27,10770,719565,6938,388520,3080,316586,752,14459,6178,192896,4569,270103,6928,462999,California
San Bernardino,2021-03-28,3532,723097,2467,390987,952,317538,113,14572,2490,194463,1035,271138,2602,465601,California
San Bernardino,2021-03-29,11731,734828,6083,397070,5251,322789,397,14969,7987,199121,3726,274864,8384,473985,California
San Bernardino,2021-03-30,16914,751742,9437,406507,6765,329554,712,15681,10873,204689,6008,280872,11576,485561,California
San Bernardino,2021-03-31,16381,768123,9181,415688,6569,336123,631,16312,10911,210791,5442,286314,11544,497105,California
San Bernardino,2021-04-01,19491,787614,10269,425957,7857,343980,1365,17677,12565,217826,6888,293202,13923,511028,California
San Bernardino,2021-04-02,18650,806264,9363,435320,8012,351992,1275,18952,11285,223088,7341,300543,12603,523631,California
San Bernardino,2021-04-03,11014,817278,6870,442190,3021,355013,1123,20075,6039,225291,4959,305502,7162,530793,California
San Bernardino,2021-04-04,2474,819752,1488,443678,738,355751,248,20323,1269,225609,1200,306702,1518,532311,California
San Bernardino,2021-04-05,11725,831477,5266,448944,4732,360483,1727,22050,6002,227628,5704,312406,7723,540034,California
San Bernardino,2021-04-06,19639,851116,11045,459989,6489,366972,2105,24155,10430,230986,9172,321578,12530,552564,California
San Bernardino,2021-04-07,20821,871937,11141,471130,7219,374191,2461,26616,11392,235426,9401,330979,13841,566405,California
San Bernardino,2021-04-08,21693,893630,11085,482215,8018,382209,2590,29206,11947,240235,9720,340699,14529,580934,California
San Bernardino,2021-04-09,21596,915226,10974,493189,8075,390284,2547,31753,11799,244807,9762,350461,14334,595268,California
San Bernardino,2021-04-10,15566,930792,8059,501248,3813,394097,3694,35447,7741,248423,7806,358267,11422,606690,California
San Bernardino,2021-04-11,4403,935195,2568,503816,885,394982,950,36397,2043,249058,2354,360621,2989,609679,California
San Bernardino,2021-04-12,13337,948532,6178,509994,5519,400501,1640,38037,6329,250034,6988,367609,7964,617643,California
San Bernardino,2021-04-13,19217,967749,10950,520944,8248,408749,19,38056,11016,252895,8175,375784,11036,628679,California
San Bernardino,2021-04-14,19165,986914,10249,531193,8913,417662,3,38059,10849,255462,8286,384070,10853,639532,California
San Bernardino,2021-04-15,20228,1007142,11309,542502,8913,426575,6,38065,10757,256792,9435,393505,10765,650297,California
San Bernardino,2021-04-16,18535,1025677,10523,553025,8011,434586,1,38066,9143,256584,9351,402856,9143,659440,California
San Bernardino,2021-04-17,11909,1037586,7840,560865,4069,438655,0,38066,6258,257222,5620,408476,6258,665698,California
San Bernardino,2021-04-18,2880,1040466,1975,562840,905,439560,0,38066,1316,256983,1555,410031,1316,667014,California
San Bernardino,2021-04-19,12519,1052985,6676,569516,5843,445403,0,38066,4874,254238,7623,417654,4878,671892,California
San Bernardino,2021-04-20,17566,1070551,9805,579321,7758,453161,3,38069,8048,252792,9497,427151,8051,679943,California
San Bernardino,2021-04-21,18022,1088573,10299,589620,7721,460882,2,38071,7972,250772,9994,437145,7974,687917,California
San Bernardino,2021-04-22,19113,1107686,10916,600536,8193,469075,4,38075,7847,247409,11214,448359,7851,695768,California
San Bernardino,2021-04-23,18386,1126072,10521,611057,7864,476939,1,38076,8092,245255,10249,458608,8095,703863,California
San Bernardino,2021-04-24,12778,1138850,9458,620515,3318,480257,2,38078,6886,246266,5877,464485,6888,710751,California
San Bernardino,2021-04-25,3407,1142257,2235,622750,1172,481429,0,38078,1689,246252,1704,466189,1690,712441,California
San Bernardino,2021-04-26,10453,1152710,5600,628350,4764,486193,89,38167,4424,244770,5994,472183,4512,716953,California
San Bernardino,2021-04-27,15847,1168557,9562,637912,6116,492309,169,38336,6480,242092,9326,481509,6648,723601,California
San Bernardino,2021-04-28,14634,1183191,8689,646601,5675,497984,270,38606,5255,238262,9346,490855,5516,729117,California
San Bernardino,2021-04-29,16081,1199272,9268,655869,6544,504528,269,38875,5335,233160,10703,501558,5601,734718,California
San Bernardino,2021-04-30,16488,1215760,10422,666291,5787,510315,279,39154,6047,229089,10394,511952,6323,741041,California
San Bernardino,2021-05-01,10682,1226442,8394,674685,1980,512295,308,39462,3637,226022,7009,518961,3942,744983,California
San Bernardino,2021-05-02,2916,1229358,2112,676797,673,512968,131,39593,1039,225321,1871,520832,1170,746153,California
San Bernardino,2021-05-03,9950,1239308,5753,682550,3794,516762,403,39996,2827,221453,7098,527930,3230,749383,California
San Bernardino,2021-05-04,15614,1254922,9501,692051,5664,522426,449,40445,4512,215352,11060,538990,4959,754342,California
San Bernardino,2021-05-05,15208,1270130,8792,700843,6020,528446,396,40841,4275,209135,10884,549874,4667,759009,California
San Bernardino,2021-05-06,15609,1285739,8952,709795,6248,534694,409,41250,4230,202436,11337,561211,4638,763647,California
San Bernardino,2021-05-07,15313,1301052,8636,718431,6312,541006,365,41615,4579,196700,10676,571887,4940,768587,California
San Bernardino,2021-05-08,9142,1310194,6095,724526,2804,543810,243,41858,3099,194032,6009,577896,3341,771928,California
San Bernardino,2021-05-09,1830,1312024,1132,725658,606,544416,92,41950,734,193770,1087,578983,825,772753,California
San Bernardino,2021-05-10,7350,1319374,3385,729043,3657,548073,308,42258,2238,191249,5064,584047,2543,775296,California
San Bernardino,2021-05-11,11811,1331185,6521,735564,4980,553053,310,42568,3713,187212,8063,592110,4026,779322,California
San Bernardino,2021-05-12,11878,1343063,6346,741910,5234,558287,298,42866,3369,182408,8467,600577,3663,782985,California
San Bernardino,2021-05-13,12196,1355259,7320,749230,4562,562849,314,43180,4654,179869,7502,608079,4963,787948,California
San Bernardino,2021-05-14,10319,1365578,6745,755975,3266,566115,308,43488,3822,177545,6454,614533,4130,792078,California
San Bernardino,2021-05-15,7100,1372678,5748,761723,1234,567349,118,43606,2273,175125,4808,619341,2388,794466,California
San Diego,2020-12-15,119,119,119,119,0,0,0,0,119,119,0,0,119,119,California
San Diego,2020-12-16,1103,1222,1103,1222,0,0,0,0,1103,1222,0,0,1103,1222,California
San Diego,2020-12-17,2349,3571,2349,3571,0,0,0,0,2349,3571,0,0,2349,3571,California
San Diego,2020-12-18,3671,7242,3670,7241,1,1,0,0,3671,7242,0,0,3671,7242,California
San Diego,2020-12-19,2311,9553,2311,9552,0,1,0,0,2311,9553,0,0,2311,9553,California
San Diego,2020-12-20,1184,10737,1183,10735,1,2,0,0,1184,10737,0,0,1184,10737,California
San Diego,2020-12-21,3522,14259,3521,14256,1,3,0,0,3522,14259,0,0,3522,14259,California
San Diego,2020-12-22,4058,18317,3415,17671,643,646,0,0,4058,18317,0,0,4058,18317,California
San Diego,2020-12-23,3180,21497,1977,19648,1203,1849,0,0,3180,21497,0,0,3180,21497,California
San Diego,2020-12-24,2737,24234,2219,21867,518,2367,0,0,2737,24234,0,0,2737,24234,California
San Diego,2020-12-25,875,25109,874,22741,1,2368,0,0,875,25109,0,0,875,25109,California
San Diego,2020-12-26,3293,28402,2144,24885,1149,3517,0,0,3293,28402,0,0,3293,28402,California
San Diego,2020-12-27,2507,30909,1617,26502,890,4407,0,0,2506,30907,1,1,2506,30908,California
San Diego,2020-12-28,5909,36818,4222,30724,1687,6094,0,0,5909,36816,0,1,5909,36817,California
San Diego,2020-12-29,5574,42392,3000,33724,2574,8668,0,0,5574,42390,0,1,5574,42391,California
San Diego,2020-12-30,5943,48335,3098,36822,2845,11513,0,0,5943,48333,0,1,5943,48334,California
San Diego,2020-12-31,3038,51373,1055,37877,1983,13496,0,0,3038,51371,0,1,3038,51372,California
San Diego,2021-01-01,1006,52379,452,38329,554,14050,0,0,1006,52377,0,1,1006,52378,California
San Diego,2021-01-02,3745,56124,1302,39631,2443,16493,0,0,3745,56122,0,1,3745,56123,California
San Diego,2021-01-03,859,56983,632,40263,227,16720,0,0,858,56980,0,1,858,56981,California
San Diego,2021-01-04,3702,60685,2049,42312,1653,18373,0,0,3695,60675,0,1,3695,60676,California
San Diego,2021-01-05,4371,65056,2182,44494,2189,20562,0,0,3755,63830,612,613,3767,64443,California
San Diego,2021-01-06,4947,70003,2292,46786,2655,23217,0,0,3713,66336,1211,1824,3717,68160,California
San Diego,2021-01-07,5663,75666,2982,49768,2681,25898,0,0,3505,67696,2151,3975,3511,71671,California
San Diego,2021-01-08,7869,83535,4941,54709,2928,28826,0,0,4083,68026,3769,7744,4099,75770,California
San Diego,2021-01-09,3501,87036,1940,56649,1561,30387,0,0,1951,68450,1538,9282,1962,77732,California
San Diego,2021-01-10,1882,88918,1293,57942,589,30976,0,0,780,68149,1090,10372,789,78521,California
San Diego,2021-01-11,10334,99252,5862,63804,4472,35448,0,0,6805,71450,3522,13894,6823,85344,California
San Diego,2021-01-12,11199,110451,5312,69116,5887,41335,0,0,7823,76019,3367,17261,7936,93280,California
San Diego,2021-01-13,11503,121954,5048,74164,6455,47790,0,0,8958,82469,2532,19793,8982,102262,California
San Diego,2021-01-14,12375,134329,4758,78922,7617,55407,0,0,10207,90551,2160,21953,10242,112504,California
San Diego,2021-01-15,15134,149463,5354,84276,9780,65187,0,0,12490,100470,2625,24578,12544,125048,California
San Diego,2021-01-16,10773,160236,3595,87871,7178,72365,0,0,9327,108387,1441,26019,9358,134406,California
San Diego,2021-01-17,8679,168915,2496,90367,6183,78548,0,0,7839,115406,840,26859,7859,142265,California
San Diego,2021-01-18,12869,181784,6309,96676,6560,85108,0,0,10029,122693,2801,29660,10088,152353,California
San Diego,2021-01-19,14430,196214,5500,102176,8930,94038,0,0,11309,131158,3108,32768,11573,163926,California
San Diego,2021-01-20,18330,214544,6389,108565,11941,105979,0,0,15009,143050,3300,36068,15192,179118,California
San Diego,2021-01-21,17452,231996,5939,114504,11513,117492,0,0,16060,157873,1383,37451,16206,195324,California
San Diego,2021-01-22,17612,249608,4691,119195,12921,130413,0,0,15580,171514,2018,39469,15659,210983,California
San Diego,2021-01-23,14493,264101,5282,124477,9211,139624,0,0,12136,181363,2346,41815,12195,223178,California
San Diego,2021-01-24,11902,276003,3344,127821,8558,148182,0,0,10931,191361,969,42784,10967,234145,California
San Diego,2021-01-25,12271,288274,5799,133620,6472,154654,0,0,9253,197759,3011,45795,9409,243554,California
San Diego,2021-01-26,15155,303429,7857,141477,7298,161952,0,0,11767,206329,3386,49181,11956,255510,California
San Diego,2021-01-27,20574,324003,7938,149415,12636,174588,0,0,17554,221019,3011,52192,17701,273211,California
San Diego,2021-01-28,21309,345312,7651,157066,13658,188246,0,0,19041,237882,2258,54450,19121,292332,California
San Diego,2021-01-29,19726,365038,6480,163546,13246,201492,0,0,17288,252787,2428,56878,17333,309665,California
San Diego,2021-01-30,15906,380944,3667,167213,12239,213731,0,0,13224,263436,2672,59550,13321,322986,California
San Diego,2021-01-31,14812,395756,5764,172977,9048,222779,0,0,14450,277559,358,59908,14481,337467,California
San Diego,2021-02-01,20923,416679,7625,180602,13298,236077,0,0,17466,291658,3443,63351,17542,355009,California
San Diego,2021-02-02,22964,439643,8448,189050,14516,250593,0,0,19606,308084,3349,66700,19775,374784,California
San Diego,2021-02-03,27661,467304,11766,200816,15895,266488,0,0,23351,327333,4292,70992,23541,398325,California
San Diego,2021-02-04,24262,491566,9907,210723,14355,280843,0,0,19627,342623,4618,75610,19908,418233,California
San Diego,2021-02-05,24974,516540,8933,219656,16041,296884,0,0,18286,354693,6664,82274,18734,436967,California
San Diego,2021-02-06,20780,537320,8554,228210,12226,309110,0,0,17529,369195,3248,85522,17750,454717,California
San Diego,2021-02-07,12137,549457,5377,233587,6760,315870,0,0,10253,377833,1873,87395,10511,465228,California
San Diego,2021-02-08,20128,569585,8537,242124,11591,327461,0,0,12678,383757,7439,94834,13363,478591,California
San Diego,2021-02-09,20483,590068,8320,250444,12163,339624,0,0,13195,390754,7268,102102,14265,492856,California
San Diego,2021-02-10,22982,613050,9343,259787,13639,353263,0,0,13866,396930,9059,111161,15235,508091,California
San Diego,2021-02-11,23834,636884,10175,269962,13659,366922,0,0,12757,400324,11048,122209,14442,522533,California
San Diego,2021-02-12,23848,660732,7454,277416,16394,383316,0,0,11903,402563,11926,134135,14165,536698,California
San Diego,2021-02-13,20055,680787,9044,286460,11011,394327,0,0,10913,405542,9136,143271,12115,548813,California
San Diego,2021-02-14,11187,691974,7432,293892,3755,398082,0,0,6329,408527,4854,148125,7839,556652,California
San Diego,2021-02-15,15283,707257,7773,301665,7510,405592,0,0,7847,412023,7414,155539,10910,567562,California
San Diego,2021-02-16,19290,726547,11262,312927,8028,413620,0,0,9240,414195,10038,165577,12210,579772,California
San Diego,2021-02-17,23400,749947,10984,323911,12416,426036,0,0,8114,410120,15272,180849,11197,590969,California
San Diego,2021-02-18,23572,773519,12010,335921,11562,437598,0,0,7788,406209,15773,196622,11862,602831,California
San Diego,2021-02-19,15918,789437,10925,346846,4993,442591,0,0,6634,405554,9264,205886,8609,611440,California
San Diego,2021-02-20,10267,799704,6369,353215,3898,446489,0,0,5817,408826,4448,210334,7720,619160,California
San Diego,2021-02-21,11548,811252,10135,363350,1413,447902,0,0,5174,409166,6344,216678,6684,625844,California
San Diego,2021-02-22,12457,823709,10598,373948,1859,449761,0,0,5762,409875,6688,223366,7397,633241,California
San Diego,2021-02-23,25895,849604,14520,388468,11375,461136,0,0,9658,409196,16229,239595,15550,648791,California
San Diego,2021-02-24,28953,878557,12761,401229,16192,477328,0,0,6861,401414,22071,261666,14289,663080,California
San Diego,2021-02-25,33203,911760,14727,415956,18476,495804,0,0,10157,396924,23026,284692,18536,681616,California
San Diego,2021-02-26,33476,945236,12405,428361,21071,516875,0,0,12140,394838,21306,305998,19220,700836,California
San Diego,2021-02-27,21240,966476,9680,438041,11560,528435,0,0,11448,400760,9788,315786,15710,716546,California
San Diego,2021-02-28,15267,981743,9969,448010,5298,533733,0,0,9509,407300,5757,321543,12297,728843,California
San Diego,2021-03-01,24251,1005994,14315,462325,9934,543667,2,2,14738,416454,9437,330980,18591,747434,California
San Diego,2021-03-02,26161,1032155,14076,476401,12085,555752,0,2,12762,422509,13389,344369,19444,766878,California
San Diego,2021-03-03,34004,1066159,15923,492324,18078,573830,3,5,14072,423570,19910,364279,20971,787849,California
San Diego,2021-03-04,28320,1094479,14105,506429,14215,588045,0,5,12654,427308,15644,379923,19382,807231,California
San Diego,2021-03-05,28934,1123413,14833,521262,14019,602064,82,87,13476,432116,15435,395358,20243,827474,California
San Diego,2021-03-06,23363,1146776,9527,530789,13136,615200,700,787,10295,434719,13054,408412,15657,843131,California
San Diego,2021-03-07,18206,1164982,9299,540088,8336,623536,571,1358,6905,434552,11293,419705,11126,854257,California
San Diego,2021-03-08,23089,1188071,11219,551307,10971,634507,899,2257,11456,440162,11613,431318,17223,871480,California
San Diego,2021-03-09,25892,1213963,11981,563288,12156,646663,1755,4012,10127,440214,15750,447068,15802,887282,California
San Diego,2021-03-10,25313,1239276,10785,574073,12133,658796,2395,6407,9919,441212,15378,462446,16376,903658,California
San Diego,2021-03-11,28712,1267988,11035,585108,14078,672874,3599,10006,10042,440160,18648,481094,17596,921254,California
San Diego,2021-03-12,27079,1295067,9457,594565,14485,687359,3137,13143,9967,439695,17096,498190,16631,937885,California
San Diego,2021-03-13,26167,1321234,7303,601868,17075,704434,1789,14932,10081,439649,16083,514273,16037,953922,California
San Diego,2021-03-14,13840,1335074,5493,607361,7610,712044,737,15669,4798,438470,9034,523307,7855,961777,California
San Diego,2021-03-15,22026,1357100,10170,617531,11077,723121,779,16448,9031,438387,12981,536288,12898,974675,California
San Diego,2021-03-16,30004,1387104,15793,633324,13799,736920,412,16860,15749,443358,14231,550519,19202,993877,California
San Diego,2021-03-17,26327,1413431,12219,645543,13389,750309,719,17579,16776,453364,9536,560055,19542,1013419,California
San Diego,2021-03-18,31508,1444939,17798,663341,12794,763103,916,18495,17017,458366,14459,574514,19461,1032880,California
San Diego,2021-03-19,30276,1475215,14364,677705,14895,777998,1017,19512,19361,469034,10895,585409,21563,1054443,California
San Diego,2021-03-20,27850,1503065,8430,686135,17626,795624,1794,21306,21401,486893,6438,591847,24297,1078740,California
San Diego,2021-03-21,16535,1519600,12057,698192,3761,799385,717,22023,7700,487800,8821,600668,9728,1088468,California
San Diego,2021-03-22,22526,1542126,13150,711342,9117,808502,259,22282,14339,496972,8175,608843,17347,1105815,California
San Diego,2021-03-23,25985,1568111,13641,724983,12080,820582,264,22546,17156,507593,8814,617657,19435,1125250,California
San Diego,2021-03-24,29549,1597660,19765,744748,9421,830003,363,22909,17119,514702,12421,630078,19530,1144780,California
San Diego,2021-03-25,30323,1627983,18282,763030,11382,841385,659,23568,17989,523143,12317,642395,20758,1165538,California
San Diego,2021-03-26,32096,1660079,17906,780936,13632,855017,558,24126,17564,529571,14507,656902,20935,1186473,California
San Diego,2021-03-27,25446,1685525,10993,791929,14060,869077,393,24519,15727,538220,9703,666605,18352,1204825,California
San Diego,2021-03-28,15040,1700565,9196,801125,5787,874864,57,24576,9284,543273,5750,672355,10803,1215628,California
San Diego,2021-03-29,26674,1727239,12906,814031,13172,888036,596,25172,16447,552523,10218,682573,19468,1235096,California
San Diego,2021-03-30,33219,1760458,17899,831930,14548,902584,772,25944,22039,565973,11169,693742,24619,1259715,California
San Diego,2021-03-31,30397,1790855,18758,850688,10962,913546,677,26621,20602,578563,9778,703520,22368,1282083,California
San Diego,2021-04-01,34301,1825156,20047,870735,12791,926337,1463,28084,23237,593529,11039,714559,26005,1308088,California
San Diego,2021-04-02,35740,1860896,20654,891389,12321,938658,2765,30849,24107,610198,11614,726173,28283,1336371,California
San Diego,2021-04-03,30807,1891703,14421,905810,11788,950446,4598,35447,19682,624557,11113,737286,25472,1361843,California
San Diego,2021-04-04,9061,1900764,5204,911014,2929,953375,928,36375,4823,626250,4233,741519,5926,1367769,California
San Diego,2021-04-05,29718,1930482,15400,926414,11700,965075,2618,38993,19393,640422,10310,751829,24482,1392251,California
San Diego,2021-04-06,38704,1969186,20396,946810,12447,977522,5861,44854,22354,654387,16336,768165,30301,1422552,California
San Diego,2021-04-07,35783,2004969,21975,968785,9283,986805,4525,49379,20456,665251,15303,783468,26167,1448719,California
San Diego,2021-04-08,35161,2040130,21360,990145,9704,996509,4097,53476,21325,679397,13817,797285,27963,1476682,California
San Diego,2021-04-09,38228,2078358,22812,1012957,10287,1006796,5129,58605,20840,691299,17319,814604,29221,1505903,California
San Diego,2021-04-10,29177,2107535,11783,1024740,13393,1020189,4001,62606,15178,699469,13989,828593,22159,1528062,California
San Diego,2021-04-11,16251,2123786,10073,1034813,3865,1024054,2313,64919,7297,703091,8950,837543,12572,1540634,California
San Diego,2021-04-12,30678,2154464,12824,1047637,13560,1037614,4294,69213,17179,714704,13485,851028,25098,1565732,California
San Diego,2021-04-13,37184,2191648,17781,1065418,19368,1056982,35,69248,24797,729977,12367,863395,27640,1593372,California
San Diego,2021-04-14,33066,2224714,18926,1084344,14128,1071110,12,69260,17918,737096,15132,878527,22251,1615623,California
San Diego,2021-04-15,39427,2264141,20341,1104685,19082,1090192,4,69264,24018,748540,15388,893915,26832,1642455,California
San Diego,2021-04-16,33798,2297939,18575,1123260,15221,1105413,2,69266,19625,756417,14113,908028,21990,1664445,California
San Diego,2021-04-17,27877,2325816,13536,1136796,14341,1119754,0,69266,12412,756479,15367,923395,15429,1679874,California
San Diego,2021-04-18,14315,2340131,8920,1145716,5392,1125146,3,69269,6623,758354,7679,931074,9554,1689428,California
San Diego,2021-04-19,26522,2366653,13563,1159279,12957,1138103,2,69271,12477,758540,14028,945102,14214,1703642,California
San Diego,2021-04-20,39007,2405660,17768,1177047,21239,1159342,0,69271,19941,762368,19045,964147,22873,1726515,California
San Diego,2021-04-21,34944,2440604,20898,1197945,14046,1173388,0,69271,16945,764317,17964,982111,19913,1746428,California
San Diego,2021-04-22,44593,2485197,22951,1220896,21636,1195024,6,69277,22374,767511,22177,1004288,25371,1771799,California
San Diego,2021-04-23,42097,2527294,26017,1246913,16078,1211102,2,69279,15682,759932,26383,1030671,18804,1790603,California
San Diego,2021-04-24,34384,2561678,18848,1265761,15521,1226623,15,69294,15485,759684,18866,1049537,18618,1809221,California
San Diego,2021-04-25,12447,2574125,7671,1273432,4776,1231399,0,69294,5851,760281,6587,1056124,7184,1816405,California
San Diego,2021-04-26,30879,2605004,15472,1288904,15281,1246680,126,69420,10525,754837,20344,1076468,14900,1831305,California
San Diego,2021-04-27,42341,2647345,23374,1312278,18568,1265248,399,69819,18622,753082,23687,1100155,21932,1853237,California
San Diego,2021-04-28,38130,2685475,22554,1334832,14935,1280183,641,70460,17294,752409,20802,1120957,20129,1873366,California
San Diego,2021-04-29,37981,2723456,24207,1359039,13155,1293338,619,71079,15360,747479,22586,1143543,17656,1891022,California
San Diego,2021-04-30,37914,2761370,23091,1382130,13837,1307175,986,72065,14814,741994,23066,1166609,17581,1908603,California
San Diego,2021-05-01,24260,2785630,10695,1392825,12920,1320095,645,72710,9513,739532,14737,1181346,12275,1920878,California
San Diego,2021-05-02,10701,2796331,7509,1400334,2605,1322700,587,73297,3268,736281,7428,1188774,4177,1925055,California
San Diego,2021-05-03,25307,2821638,12454,1412788,11697,1334397,1156,74453,9346,731624,15937,1204711,11280,1936335,California
San Diego,2021-05-04,31818,2853456,17548,1430336,12970,1347367,1300,75753,11517,725251,20270,1224981,13897,1950232,California
San Diego,2021-05-05,27636,2881092,17017,1447353,9343,1356710,1276,77029,10597,721038,17016,1241997,12803,1963035,California
San Diego,2021-05-06,28304,2909396,18825,1466178,8584,1365294,895,77924,10828,717768,17447,1259444,14177,1977212,California
San Diego,2021-05-07,29489,2938885,19533,1485711,8913,1374207,1043,78967,11045,712626,18408,1277852,13266,1990478,California
San Diego,2021-05-08,22610,2961495,10728,1496439,11172,1385379,710,79677,7308,706713,15282,1293134,9369,1999847,California
San Diego,2021-05-09,7493,2968988,5677,1502116,1407,1386786,409,80086,2616,705278,4870,1298004,3435,2003282,California
San Diego,2021-05-10,21601,2990589,8451,1510567,12341,1399127,809,80895,5963,697666,15609,1313613,7997,2011279,California
San Diego,2021-05-11,27475,3018064,11115,1521682,15598,1414725,762,81657,9589,691729,17861,1331474,11924,2023203,California
San Diego,2021-05-12,21585,3039649,11384,1533066,9438,1424163,763,82420,7916,687731,13647,1345121,9649,2032852,California
San Diego,2021-05-13,27644,3067293,15988,1549054,11080,1435243,576,82996,11462,685610,16137,1361258,14016,2046868,California
San Diego,2021-05-14,24368,3091661,15263,1564317,8351,1443594,754,83750,10833,684622,13512,1374770,12524,2059392,California
San Diego,2021-05-15,15149,3106810,8682,1572999,5918,1449512,549,84299,5705,682106,9423,1384193,6907,2066299,California
San Francisco,2020-12-15,7,7,7,7,0,0,0,0,7,7,0,0,7,7,California
San Francisco,2020-12-16,229,236,229,236,0,0,0,0,229,236,0,0,229,236,California
San Francisco,2020-12-17,393,629,393,629,0,0,0,0,393,629,0,0,393,629,California
San Francisco,2020-12-18,877,1506,876,1505,1,1,0,0,877,1506,0,0,877,1506,California
San Francisco,2020-12-19,601,2107,601,2106,0,1,0,0,601,2107,0,0,601,2107,California
San Francisco,2020-12-20,483,2590,483,2589,0,1,0,0,483,2590,0,0,483,2590,California
San Francisco,2020-12-21,1161,3751,1161,3750,0,1,0,0,1161,3751,0,0,1161,3751,California
San Francisco,2020-12-22,1403,5154,1369,5119,34,35,0,0,1403,5154,0,0,1403,5154,California
San Francisco,2020-12-23,1337,6491,1048,6167,289,324,0,0,1337,6491,0,0,1337,6491,California
San Francisco,2020-12-24,841,7332,503,6670,338,662,0,0,841,7332,0,0,841,7332,California
San Francisco,2020-12-25,34,7366,29,6699,5,667,0,0,34,7366,0,0,34,7366,California
San Francisco,2020-12-26,245,7611,151,6850,94,761,0,0,245,7611,0,0,245,7611,California
San Francisco,2020-12-27,274,7885,60,6910,214,975,0,0,274,7885,0,0,274,7885,California
San Francisco,2020-12-28,1269,9154,686,7596,583,1558,0,0,1269,9154,0,0,1269,9154,California
San Francisco,2020-12-29,1248,10402,624,8220,624,2182,0,0,1248,10402,0,0,1248,10402,California
San Francisco,2020-12-30,1487,11889,780,9000,707,2889,0,0,1487,11889,0,0,1487,11889,California
San Francisco,2020-12-31,963,12852,410,9410,553,3442,0,0,962,12851,0,0,962,12851,California
San Francisco,2021-01-01,88,12940,70,9480,18,3460,0,0,88,12939,0,0,88,12939,California
San Francisco,2021-01-02,333,13273,301,9781,32,3492,0,0,333,13272,0,0,333,13272,California
San Francisco,2021-01-03,295,13568,102,9883,193,3685,0,0,294,13565,1,1,294,13566,California
San Francisco,2021-01-04,1840,15408,1355,11238,485,4170,0,0,1837,15399,3,4,1837,15403,California
San Francisco,2021-01-05,2231,17639,1416,12654,815,4985,0,0,2196,17562,35,39,2198,17601,California
San Francisco,2021-01-06,1871,19510,1160,13814,711,5696,0,0,1606,18906,263,302,1607,19208,California
San Francisco,2021-01-07,2064,21574,1204,15018,860,6556,0,0,1608,20061,453,755,1608,20816,California
San Francisco,2021-01-08,2330,23904,1634,16652,696,7252,0,0,1493,20722,832,1587,1493,22309,California
San Francisco,2021-01-09,1388,25292,892,17544,496,7748,0,0,884,21104,504,2091,886,23195,California
San Francisco,2021-01-10,919,26211,541,18085,378,8126,0,0,460,21106,458,2549,460,23655,California
San Francisco,2021-01-11,2503,28714,1872,19957,631,8757,0,0,1400,21402,1104,3653,1400,25055,California
San Francisco,2021-01-12,3089,31803,2058,22015,1031,9788,0,0,1895,22106,1194,4847,1898,26953,California
San Francisco,2021-01-13,2826,34629,1601,23616,1225,11013,0,0,1996,23272,830,5677,1996,28949,California
San Francisco,2021-01-14,2444,37073,1101,24717,1343,12356,0,0,1884,24596,560,6237,1884,30833,California
San Francisco,2021-01-15,2747,39820,1148,25865,1599,13955,0,0,2355,26563,390,6627,2357,33190,California
San Francisco,2021-01-16,2254,42074,963,26828,1291,15246,0,0,2087,28484,167,6794,2088,35278,California
San Francisco,2021-01-17,1916,43990,530,27358,1386,16632,0,0,1702,29972,214,7008,1702,36980,California
San Francisco,2021-01-18,1378,45368,593,27951,785,17417,0,0,1114,30825,263,7271,1116,38096,California
San Francisco,2021-01-19,2576,47944,1472,29423,1104,18521,0,0,1827,31903,749,8020,1827,39923,California
San Francisco,2021-01-20,2748,50692,1121,30544,1627,20148,0,0,1997,33153,748,8768,1998,41921,California
San Francisco,2021-01-21,3309,54001,946,31490,2363,22511,0,0,2474,34794,833,9601,2474,44395,California
San Francisco,2021-01-22,3187,57188,644,32134,2543,25054,0,0,2745,37099,440,10041,2745,47140,California
San Francisco,2021-01-23,3090,60278,610,32744,2480,27534,0,0,2724,39459,365,10406,2725,49865,California
San Francisco,2021-01-24,2425,62703,363,33107,2062,29596,0,0,2196,41429,226,10632,2196,52061,California
San Francisco,2021-01-25,4594,67297,1792,34899,2802,32398,0,0,3038,42914,1554,12186,3039,55100,California
San Francisco,2021-01-26,4670,71967,2135,37034,2535,34933,0,0,3078,44405,1589,13775,3080,58180,California
San Francisco,2021-01-27,4431,76398,2075,39109,2356,37289,0,0,3081,46140,1346,15121,3081,61261,California
San Francisco,2021-01-28,3757,80155,1555,40664,2202,39491,0,0,2595,47578,1157,16278,2595,63856,California
San Francisco,2021-01-29,4723,84878,1681,42345,3042,42533,0,0,3453,49768,1263,17541,3453,67309,California
San Francisco,2021-01-30,3774,88652,1839,44184,1935,44468,0,0,3325,52649,448,17989,3329,70638,California
San Francisco,2021-01-31,2351,91003,824,45008,1527,45995,0,0,2199,54698,151,18140,2200,72838,California
San Francisco,2021-02-01,3797,94800,1529,46537,2268,48263,0,0,2890,56682,907,19047,2891,75729,California
San Francisco,2021-02-02,4646,99446,1961,48498,2685,50948,0,0,2887,57816,1753,20800,2887,78616,California
San Francisco,2021-02-03,5057,104503,2366,50864,2691,53639,0,0,3750,60262,1305,22105,3751,82367,California
San Francisco,2021-02-04,5032,109535,2437,53301,2595,56234,0,0,3865,62962,1165,23270,3865,86232,California
San Francisco,2021-02-05,5947,115482,3204,56505,2743,58977,0,0,4604,66226,1341,24611,4605,90837,California
San Francisco,2021-02-06,5480,120962,3661,60166,1819,60796,0,0,4581,69913,896,25507,4583,95420,California
San Francisco,2021-02-07,4338,125300,3189,63355,1149,61945,0,0,3762,73105,573,26080,3765,99185,California
San Francisco,2021-02-08,6715,132015,4626,67981,2089,64034,0,0,5498,77405,1200,27280,5500,104685,California
San Francisco,2021-02-09,5930,137945,3990,71971,1940,65974,0,0,4372,80224,1554,28834,4373,109058,California
San Francisco,2021-02-10,6869,144814,4180,76151,2689,68663,0,0,5067,83500,1794,30628,5070,114128,California
San Francisco,2021-02-11,6718,151532,3984,80135,2734,71397,0,0,4898,86584,1815,32443,4899,119027,California
San Francisco,2021-02-12,5318,156850,2669,82804,2649,74046,0,0,3481,88229,1836,34279,3481,122508,California
San Francisco,2021-02-13,4369,161219,2554,85358,1815,75861,0,0,3044,89950,1325,35604,3046,125554,California
San Francisco,2021-02-14,3425,164644,2250,87608,1175,77036,0,0,2300,91127,1125,36729,2302,127856,California
San Francisco,2021-02-15,2774,167418,1507,89115,1267,78303,0,0,1679,91713,1093,37822,1679,129535,California
San Francisco,2021-02-16,5019,172437,2749,91864,2270,80573,0,0,2962,92631,2050,39872,2968,132503,California
San Francisco,2021-02-17,5412,177849,2687,94551,2725,83298,0,0,2964,93178,2418,42290,2965,135468,California
San Francisco,2021-02-18,5379,183228,2637,97188,2742,86040,0,0,2805,93415,2571,44861,2808,138276,California
San Francisco,2021-02-19,5634,188862,2644,99832,2990,89030,0,0,2927,93643,2701,47562,2929,141205,California
San Francisco,2021-02-20,4524,193386,2180,102012,2344,91374,0,0,1702,92532,2814,50376,1703,142908,California
San Francisco,2021-02-21,2743,196129,1374,103386,1369,92743,0,0,1143,92083,1593,51969,1144,144052,California
San Francisco,2021-02-22,5103,201232,3176,106562,1927,94670,0,0,2568,92126,2527,54496,2570,146622,California
San Francisco,2021-02-23,5465,206697,3087,109649,2378,97048,0,0,2767,92201,2692,57188,2767,149389,California
San Francisco,2021-02-24,8985,215682,5086,114735,3899,100947,0,0,4794,92815,4181,61369,4795,154184,California
San Francisco,2021-02-25,9781,225463,6871,121606,2910,103857,0,0,6319,95677,3459,64828,6321,160505,California
San Francisco,2021-02-26,11931,237394,7738,129344,4193,108050,0,0,7066,97878,4866,69694,7067,167572,California
San Francisco,2021-02-27,8923,246317,5679,135023,3243,111293,1,1,4509,97990,4399,74093,4511,172083,California
San Francisco,2021-02-28,7728,254045,5549,140572,2179,113472,0,1,3831,97927,3895,77988,3832,175915,California
San Francisco,2021-03-01,10762,264807,7242,147814,3517,116989,3,4,5223,97640,5516,83504,5229,181144,California
San Francisco,2021-03-02,8899,273706,5678,153492,3221,120210,0,4,5154,99058,3737,87241,5155,186299,California
San Francisco,2021-03-03,11053,284759,6349,159841,4703,124913,1,5,6042,100104,5000,92241,6046,192345,California
San Francisco,2021-03-04,8667,293426,5445,165286,3222,128135,0,5,4883,101209,3778,96019,4883,197228,California
San Francisco,2021-03-05,8697,302123,5148,170434,3545,131680,4,9,5454,103442,3226,99245,5459,202687,California
San Francisco,2021-03-06,6895,309018,4439,174873,2247,133927,209,218,4228,105197,2679,101924,4434,207121,California
San Francisco,2021-03-07,5154,314172,3985,178858,1111,135038,58,276,2897,105882,2270,104194,2955,210076,California
San Francisco,2021-03-08,7172,321344,5186,184044,1800,136838,186,462,5608,110082,1594,105788,5794,215870,California
San Francisco,2021-03-09,6747,328091,3963,188007,2408,139246,376,838,4612,112925,2140,107928,4983,220853,California
San Francisco,2021-03-10,10418,338509,5898,193905,4021,143267,499,1337,6360,115751,4035,111963,6861,227714,California
San Francisco,2021-03-11,10052,348561,6360,200265,2729,145996,963,2300,6598,119867,3437,115400,7553,235267,California
San Francisco,2021-03-12,10761,359322,6270,206535,3164,149160,1327,3627,5980,122413,4757,120157,7303,242570,California
San Francisco,2021-03-13,6592,365914,3837,210372,1695,150855,1060,4687,4077,125043,2506,122663,5136,247706,California
San Francisco,2021-03-14,7489,373403,4841,215213,2406,153261,242,4929,4037,125884,3438,126101,4279,251985,California
San Francisco,2021-03-15,11948,385351,9110,224323,1896,155157,942,5871,8272,131426,3663,129764,9205,261190,California
San Francisco,2021-03-16,12086,397437,8208,232531,3419,158576,459,6330,8789,137396,3277,133041,9247,270437,California
San Francisco,2021-03-17,13209,410646,8154,240685,4497,163073,558,6888,9529,143828,3651,136692,10083,280520,California
San Francisco,2021-03-18,9977,420623,6759,247444,2597,165670,621,7509,5685,145864,4266,140958,6302,286822,California
San Francisco,2021-03-19,12037,432660,8714,256158,2858,168528,465,7974,6412,147135,5601,146559,6872,293694,California
San Francisco,2021-03-20,8725,441385,6388,262546,1877,170405,460,8434,5202,149306,3493,150052,5664,299358,California
San Francisco,2021-03-21,6454,447839,5903,268449,415,170820,136,8570,3680,150364,2757,152809,3815,303173,California
San Francisco,2021-03-22,9754,457593,6845,275294,2066,172886,843,9413,5148,151766,4583,157392,5985,309158,California
San Francisco,2021-03-23,11156,468749,7369,282663,3139,176025,648,10061,6704,154694,4422,161814,7350,316508,California
San Francisco,2021-03-24,12290,481039,9397,292060,2357,178382,536,10597,6335,155647,5915,167729,6868,323376,California
San Francisco,2021-03-25,11827,492866,8651,300711,2613,180995,563,11160,5897,156240,5863,173592,6456,329832,California
San Francisco,2021-03-26,11862,504728,8202,308913,3430,184425,230,11390,6108,156853,5723,179315,6336,336168,California
San Francisco,2021-03-27,8648,513376,5767,314680,2534,186959,347,11737,3922,156415,4706,184021,4268,340436,California
San Francisco,2021-03-28,6583,519959,5245,319925,1296,188255,42,11779,3164,156222,3396,187417,3203,343639,California
San Francisco,2021-03-29,11381,531340,7881,327806,3317,191572,183,11962,5097,155243,6257,193674,5278,348917,California
San Francisco,2021-03-30,11510,542850,7188,334994,4032,195604,290,12252,6842,157736,4643,198317,7136,356053,California
San Francisco,2021-03-31,12124,554974,8038,343032,3790,199394,296,12548,5559,157054,6532,204849,5850,361903,California
San Francisco,2021-04-01,13807,568781,7337,350369,4816,204210,1654,14202,6023,156969,7752,212601,7667,369570,California
San Francisco,2021-04-02,14670,583451,6465,356834,6386,210596,1819,16021,6930,157992,7719,220320,8742,378312,California
San Francisco,2021-04-03,10450,593901,4812,361646,3838,214434,1800,17821,4847,159047,5589,225909,6644,384956,California
San Francisco,2021-04-04,9006,602907,4769,366415,2585,217019,1652,19473,3625,158955,5368,231277,5276,390232,California
San Francisco,2021-04-05,15933,618840,9762,376177,4295,221314,1876,21349,6364,157646,9541,240818,8232,398464,California
San Francisco,2021-04-06,15991,634831,9480,385657,4454,225768,2057,23406,6300,156328,9668,250486,8350,406814,California
San Francisco,2021-04-07,16755,651586,9970,395627,4559,230327,2226,25632,7043,155891,9691,260177,9254,416068,California
San Francisco,2021-04-08,14122,665708,6718,402345,3009,233336,4395,30027,4648,155468,9444,269621,9021,425089,California
San Francisco,2021-04-09,15712,681420,7598,409943,4780,238116,3334,33361,6676,156456,9005,278626,9993,435082,California
San Francisco,2021-04-10,13224,694644,5660,415603,5830,243946,1734,35095,7114,159210,6085,284711,8839,443921,California
San Francisco,2021-04-11,9975,704619,7471,423074,1334,245280,1170,36265,5208,160830,4756,289467,6376,450297,California
San Francisco,2021-04-12,10589,715208,6876,429950,2565,247845,1148,37413,4876,161158,5691,295158,6019,456316,California
San Francisco,2021-04-13,10723,725931,7281,437231,3429,251274,13,37426,5434,161341,5268,300426,5451,461767,California
San Francisco,2021-04-14,13250,739181,7982,445213,5267,256541,1,37427,6407,160940,6809,307235,6408,468175,California
San Francisco,2021-04-15,13684,752865,9499,454712,4184,260725,1,37428,8069,163429,5584,312819,8073,476248,California
San Francisco,2021-04-16,12897,765762,8687,463399,4166,264891,44,37472,7656,165917,5216,318035,7704,483952,California
San Francisco,2021-04-17,10023,775785,7297,470696,2725,267616,1,37473,7094,170102,2914,320949,7099,491051,California
San Francisco,2021-04-18,6588,782373,5037,475733,1550,269166,1,37474,4094,171722,2477,323426,4097,495148,California
San Francisco,2021-04-19,10850,793223,8150,483883,2696,271862,4,37478,6982,174866,3852,327278,6996,502144,California
San Francisco,2021-04-20,12296,805519,7193,491076,5102,276964,1,37479,8488,179572,3785,331063,8491,510635,California
San Francisco,2021-04-21,10518,816037,7517,498593,2997,279961,4,37483,6412,181907,4085,335148,6420,517055,California
San Francisco,2021-04-22,10396,826433,7702,506295,2693,282654,1,37484,6002,183545,4371,339519,6009,523064,California
San Francisco,2021-04-23,10326,836759,5941,512236,4385,287039,0,37484,6163,185580,4135,343654,6170,529234,California
San Francisco,2021-04-24,7966,844725,5492,517728,2474,289513,0,37484,4737,187115,3209,346863,4744,533978,California
San Francisco,2021-04-25,5037,849762,4341,522069,690,290203,6,37490,2955,188011,2068,348931,2964,536942,California
San Francisco,2021-04-26,7881,857643,5608,527677,2261,292464,12,37502,3892,187962,3965,352896,3916,540858,California
San Francisco,2021-04-27,8443,866086,5716,533393,2599,295063,128,37630,4214,188109,4205,357101,4352,545210,California
San Francisco,2021-04-28,9238,875324,6520,539913,2527,297590,191,37821,4770,188631,4444,361545,4966,550176,California
San Francisco,2021-04-29,9089,884413,5384,545297,3512,301102,193,38014,4372,188513,4695,366240,4577,554753,California
San Francisco,2021-04-30,10850,895263,5189,550486,5461,306563,200,38214,3985,185874,6829,373069,4190,558943,California
San Francisco,2021-05-01,6919,902182,3580,554066,3226,309789,113,38327,1705,182503,5191,378260,1820,560763,California
San Francisco,2021-05-02,5312,907494,3082,557148,2132,311921,98,38425,971,179243,4332,382592,1072,561835,California
San Francisco,2021-05-03,9637,917131,6582,563730,2894,314815,161,38586,2464,174732,7145,389737,2634,564469,California
San Francisco,2021-05-04,9300,926431,5971,569701,3079,317894,250,38836,2277,170271,6994,396731,2533,567002,California
San Francisco,2021-05-05,8738,935169,6127,575828,2302,320196,309,39145,2145,166182,6548,403279,2459,569461,California
San Francisco,2021-05-06,10697,945866,8551,584379,1677,321873,469,39614,1862,159712,8804,412083,2334,571795,California
San Francisco,2021-05-07,10082,955948,6451,590830,3363,325236,268,39882,1634,153190,8424,420507,1902,573697,California
San Francisco,2021-05-08,8360,964308,3543,594373,4687,329923,130,40012,985,146962,7344,427851,1116,574813,California
San Francisco,2021-05-09,6690,970998,5827,600200,781,330704,82,40094,1221,142814,5445,433296,1297,576110,California
San Francisco,2021-05-10,6883,977881,4899,605099,1740,332444,244,40338,1023,138249,5832,439128,1267,577377,California
San Francisco,2021-05-11,7065,984946,5089,610188,1777,334221,199,40537,1351,134116,5685,444813,1552,578929,California
San Francisco,2021-05-12,7315,992261,5258,615446,1624,335845,433,40970,1463,130180,5824,450637,1888,580817,California
San Francisco,2021-05-13,9915,1002176,7214,622660,2517,338362,184,41154,3576,127627,6317,456954,3764,584581,California
San Francisco,2021-05-14,6761,1008937,4774,627434,1844,340206,143,41297,1736,124502,5007,461961,1882,586463,California
San Francisco,2021-05-15,5631,1014568,4645,632079,962,341168,24,41321,2227,123371,3388,465349,2257,588720,California
San Joaquin,2020-12-15,12,12,12,12,0,0,0,0,12,12,0,0,12,12,California
San Joaquin,2020-12-16,307,319,307,319,0,0,0,0,307,319,0,0,307,319,California
San Joaquin,2020-12-17,312,631,312,631,0,0,0,0,312,631,0,0,312,631,California
San Joaquin,2020-12-18,522,1153,518,1149,4,4,0,0,522,1153,0,0,522,1153,California
San Joaquin,2020-12-19,188,1341,188,1337,0,4,0,0,188,1341,0,0,188,1341,California
San Joaquin,2020-12-20,113,1454,112,1449,1,5,0,0,113,1454,0,0,113,1454,California
San Joaquin,2020-12-21,491,1945,491,1940,0,5,0,0,491,1945,0,0,491,1945,California
San Joaquin,2020-12-22,967,2912,847,2787,120,125,0,0,966,2911,0,0,966,2911,California
San Joaquin,2020-12-23,978,3890,919,3706,59,184,0,0,976,3887,0,0,976,3887,California
San Joaquin,2020-12-24,215,4105,187,3893,28,212,0,0,214,4101,0,0,214,4101,California
San Joaquin,2020-12-25,14,4119,14,3907,0,212,0,0,14,4115,0,0,14,4115,California
San Joaquin,2020-12-26,101,4220,29,3936,72,284,0,0,101,4216,0,0,101,4216,California
San Joaquin,2020-12-27,42,4262,29,3965,13,297,0,0,42,4258,0,0,42,4258,California
San Joaquin,2020-12-28,622,4884,421,4386,201,498,0,0,622,4880,0,0,622,4880,California
San Joaquin,2020-12-29,798,5682,672,5058,126,624,0,0,798,5678,0,0,798,5678,California
San Joaquin,2020-12-30,1008,6690,716,5774,292,916,0,0,1006,6684,0,0,1006,6684,California
San Joaquin,2020-12-31,454,7144,203,5977,251,1167,0,0,454,7138,0,0,454,7138,California
San Joaquin,2021-01-01,22,7166,13,5990,9,1176,0,0,22,7160,0,0,22,7160,California
San Joaquin,2021-01-02,262,7428,240,6230,22,1198,0,0,262,7422,0,0,262,7422,California
San Joaquin,2021-01-03,37,7465,19,6249,18,1216,0,0,36,7457,1,1,36,7458,California
San Joaquin,2021-01-04,476,7941,338,6587,138,1354,0,0,474,7930,1,2,474,7932,California
San Joaquin,2021-01-05,979,8920,647,7234,332,1686,0,0,811,8609,168,170,847,8779,California
San Joaquin,2021-01-06,1220,10140,707,7941,513,2199,0,0,917,9231,298,468,920,9699,California
San Joaquin,2021-01-07,1076,11216,681,8622,395,2594,0,0,787,9733,286,754,788,10487,California
San Joaquin,2021-01-08,1192,12408,819,9441,373,2967,0,0,708,9962,483,1237,712,11199,California
San Joaquin,2021-01-09,376,12784,300,9741,76,3043,0,0,247,10080,129,1366,247,11446,California
San Joaquin,2021-01-10,223,13007,115,9856,108,3151,0,0,171,10199,52,1418,171,11617,California
San Joaquin,2021-01-11,1525,14532,1319,11175,206,3357,0,0,861,10464,663,2081,928,12545,California
San Joaquin,2021-01-12,1456,15988,1049,12224,407,3764,0,0,687,10456,765,2846,757,13302,California
San Joaquin,2021-01-13,1528,17516,894,13118,634,4398,0,0,956,10846,571,3417,961,14263,California
San Joaquin,2021-01-14,1651,19167,878,13996,773,5171,0,0,1312,11854,319,3736,1327,15590,California
San Joaquin,2021-01-15,1602,20769,621,14617,981,6152,0,0,1380,13041,208,3944,1395,16985,California
San Joaquin,2021-01-16,1143,21912,193,14810,950,7102,0,0,1116,14131,26,3970,1116,18101,California
San Joaquin,2021-01-17,1613,23525,130,14940,1483,8585,0,0,1575,15670,38,4008,1577,19678,California
San Joaquin,2021-01-18,738,24263,237,15177,501,9086,0,0,618,16172,116,4124,618,20296,California
San Joaquin,2021-01-19,1869,26132,897,16074,972,10058,0,0,1188,16690,676,4800,1194,21490,California
San Joaquin,2021-01-20,2083,28215,1285,17359,798,10856,0,0,1430,17478,648,5448,1436,22926,California
San Joaquin,2021-01-21,1968,30183,894,18253,1074,11930,0,0,1571,18667,390,5838,1579,24505,California
San Joaquin,2021-01-22,1964,32147,914,19167,1050,12980,0,0,1821,20353,138,5976,1824,26329,California
San Joaquin,2021-01-23,894,33041,403,19570,491,13471,0,0,609,20681,284,6260,612,26941,California
San Joaquin,2021-01-24,347,33388,135,19705,212,13683,0,0,324,20985,20,6280,324,27265,California
San Joaquin,2021-01-25,1989,35377,1141,20846,848,14531,0,0,1426,21855,560,6840,1430,28695,California
San Joaquin,2021-01-26,2147,37524,1116,21962,1031,15562,0,0,1537,22790,607,7447,1542,30237,California
San Joaquin,2021-01-27,1726,39250,768,22730,958,16520,0,0,1231,23536,491,7938,1237,31474,California
San Joaquin,2021-01-28,2026,41276,761,23491,1265,17785,0,0,1377,24272,645,8583,1381,32855,California
San Joaquin,2021-01-29,2144,43420,1044,24535,1100,18885,0,0,1797,25735,342,8925,1805,34660,California
San Joaquin,2021-01-30,2165,45585,349,24884,1816,20701,0,0,1989,27552,174,9099,1991,36651,California
San Joaquin,2021-01-31,1556,47141,178,25062,1378,22079,0,0,1493,28984,62,9161,1494,38145,California
San Joaquin,2021-02-01,2493,49634,1315,26377,1178,23257,0,0,1759,30013,733,9894,1762,39907,California
San Joaquin,2021-02-02,2590,52224,1172,27549,1418,24675,0,0,1965,31416,566,10460,1969,41876,California
San Joaquin,2021-02-03,3069,55293,1214,28763,1855,26530,0,0,2206,32771,856,11316,2211,44087,California
San Joaquin,2021-02-04,3439,58732,1717,30480,1722,28252,0,0,2630,34603,804,12120,2636,46723,California
San Joaquin,2021-02-05,3218,61950,1861,32341,1357,29609,0,0,2354,36105,857,12977,2359,49082,California
San Joaquin,2021-02-06,1122,63072,786,33127,336,29945,0,0,946,36880,173,13150,948,50030,California
San Joaquin,2021-02-07,617,63689,488,33615,129,30074,0,0,413,37098,196,13346,414,50444,California
San Joaquin,2021-02-08,1778,65467,1032,34647,746,30820,0,0,1443,38234,313,13659,1449,51893,California
San Joaquin,2021-02-09,2100,67567,1140,35787,960,31780,0,0,1571,39348,459,14118,1573,53466,California
San Joaquin,2021-02-10,2557,70124,1249,37036,1308,33088,0,0,1334,39489,1193,15311,1334,54800,California
San Joaquin,2021-02-11,2930,73054,1504,38540,1426,34514,0,0,1717,40029,1182,16493,1722,56522,California
San Joaquin,2021-02-12,2823,75877,1139,39679,1684,36198,0,0,1591,40412,1213,17706,1596,58118,California
San Joaquin,2021-02-13,2121,77998,400,40079,1721,37919,0,0,857,40023,1252,18958,863,58981,California
San Joaquin,2021-02-14,1902,79900,262,40341,1640,39559,0,0,689,39526,1187,20145,690,59671,California
San Joaquin,2021-02-15,1984,81884,837,41178,1147,40706,0,0,1195,39966,759,20904,1199,60870,California
San Joaquin,2021-02-16,3150,85034,1371,42549,1779,42485,0,0,1740,40318,1396,22300,1748,62618,California
San Joaquin,2021-02-17,3270,88304,1265,43814,2005,44490,0,0,1864,40791,1395,23695,1868,64486,California
San Joaquin,2021-02-18,3326,91630,1369,45183,1957,46447,0,0,1898,41297,1397,25092,1903,66389,California
San Joaquin,2021-02-19,4250,95880,2405,47588,1845,48292,0,0,2388,41877,1808,26900,2388,68777,California
San Joaquin,2021-02-20,1545,97425,654,48242,891,49183,0,0,1066,42465,478,27378,1066,69843,California
San Joaquin,2021-02-21,640,98065,481,48723,159,49342,0,0,403,42635,234,27612,404,70247,California
San Joaquin,2021-02-22,3524,101589,2484,51207,1040,50382,0,0,2521,44188,972,28584,2525,72772,California
San Joaquin,2021-02-23,4294,105883,2614,53821,1680,52062,0,0,2646,45220,1618,30202,2650,75422,California
San Joaquin,2021-02-24,5715,111598,3402,57223,2313,54375,0,0,4107,47745,1584,31786,4109,79531,California
San Joaquin,2021-02-25,6306,117904,3896,61119,2410,56785,0,0,4076,49632,2199,33985,4086,83617,California
San Joaquin,2021-02-26,5467,123371,2850,63969,2617,59402,0,0,3757,51716,1679,35664,3763,87380,California
San Joaquin,2021-02-27,5445,128816,1618,65587,3827,63229,0,0,2617,51564,2780,38444,2628,90008,California
San Joaquin,2021-02-28,3080,131896,1106,66693,1974,65203,0,0,2034,52577,1023,39467,2036,92044,California
San Joaquin,2021-03-01,4079,135975,1796,68489,2283,67486,0,0,2312,53145,1751,41218,2319,94363,California
San Joaquin,2021-03-02,4184,140159,1667,70156,2517,70003,0,0,2627,54290,1538,42756,2683,97046,California
San Joaquin,2021-03-03,5756,145915,3416,73572,2338,72341,2,2,4152,56864,1579,44335,4153,101199,California
San Joaquin,2021-03-04,5687,151602,2254,75826,3430,75771,3,5,3721,58636,1953,46288,3725,104924,California
San Joaquin,2021-03-05,4412,156014,1866,77692,2542,78313,4,9,3041,60330,1355,47643,3049,107973,California
San Joaquin,2021-03-06,3283,159297,2164,79856,989,79302,130,139,2700,62583,580,48223,2833,110806,California
San Joaquin,2021-03-07,1204,160501,552,80408,606,79908,46,185,921,63270,265,48488,952,111758,California
San Joaquin,2021-03-08,3128,163629,1254,81662,1749,81657,125,310,2117,64512,999,49487,2241,113999,California
San Joaquin,2021-03-09,3964,167593,1779,83441,2058,83715,127,437,2623,65941,1325,50812,2754,116753,California
San Joaquin,2021-03-10,4637,172230,2464,85905,2035,85750,138,575,3415,68286,1209,52021,3554,120307,California
San Joaquin,2021-03-11,4931,177161,2340,88245,1991,87741,600,1175,2931,69832,1990,54011,3536,123843,California
San Joaquin,2021-03-12,6259,183420,3127,91372,2800,90541,332,1507,4152,72238,2085,56096,4491,128334,California
San Joaquin,2021-03-13,3055,186475,1448,92820,1481,92022,126,1633,2285,73893,763,56859,2418,130752,California
San Joaquin,2021-03-14,2153,188628,668,93488,1182,93204,303,1936,1038,74129,1110,57969,1346,132098,California
San Joaquin,2021-03-15,6048,194676,3481,96969,2164,95368,403,2339,3170,74864,2851,60820,3586,135684,California
San Joaquin,2021-03-16,6827,201503,3885,100854,2686,98054,256,2595,4026,76367,2787,63607,4290,139974,California
San Joaquin,2021-03-17,7765,209268,4652,105506,3043,101097,70,2665,4320,77356,3410,67017,4399,144373,California
San Joaquin,2021-03-18,7619,216887,4481,109987,2632,103729,506,3171,3772,77833,3808,70825,4285,148658,California
San Joaquin,2021-03-19,7906,224793,4632,114619,2732,106461,542,3713,4793,80126,3090,73915,5383,154041,California
San Joaquin,2021-03-20,3671,228464,2121,116740,1307,107768,243,3956,1823,80370,1833,75748,2077,156118,California
San Joaquin,2021-03-21,2099,230563,1490,118230,403,108171,206,4162,1182,80893,909,76657,1432,157550,California
San Joaquin,2021-03-22,3950,234513,2018,120248,1516,109687,416,4578,2336,82049,1601,78258,2757,160307,California
San Joaquin,2021-03-23,5364,239877,2631,122879,2566,112253,167,4745,3713,84303,1633,79891,3887,164194,California
San Joaquin,2021-03-24,6808,246685,4224,127103,2497,114750,87,4832,3022,83663,3757,83648,3117,167311,California
San Joaquin,2021-03-25,5528,252213,3279,130382,2207,116957,42,4874,3291,84786,2217,85865,3340,170651,California
San Joaquin,2021-03-26,6144,258357,2542,132924,3452,120409,150,5024,3241,85314,2882,88747,3410,174061,California
San Joaquin,2021-03-27,4614,262971,2610,135534,1953,122362,51,5075,1801,84385,2791,91538,1862,175923,California
San Joaquin,2021-03-28,2703,265674,1792,137326,886,123248,25,5100,1294,84391,1390,92928,1396,177319,California
San Joaquin,2021-03-29,4018,269692,2169,139495,1827,125075,22,5122,2019,84462,1985,94913,2056,179375,California
San Joaquin,2021-03-30,6191,275883,3148,142643,2951,128026,92,5214,3439,85285,2727,97640,3550,182925,California
San Joaquin,2021-03-31,6569,282452,4139,146782,2371,130397,59,5273,3333,85481,3219,100859,3415,186340,California
San Joaquin,2021-04-01,6369,288821,2954,149736,3333,133730,82,5355,2815,84898,3538,104397,2955,189295,California
San Joaquin,2021-04-02,6307,295128,2867,152603,2951,136681,489,5844,2516,84166,3769,108166,3037,192332,California
San Joaquin,2021-04-03,4124,299252,2323,154926,1475,138156,326,6170,1991,84373,2116,110282,2323,194655,California
San Joaquin,2021-04-04,2271,301523,1358,156284,711,138867,202,6372,1544,85416,718,111000,1761,196416,California
San Joaquin,2021-04-05,4688,306211,2814,159098,1692,140559,182,6554,2628,86184,2052,113052,2820,199236,California
San Joaquin,2021-04-06,7008,313219,4507,163605,2240,142799,261,6815,3329,86133,3655,116707,3604,202840,California
San Joaquin,2021-04-07,8297,321516,4513,168118,2208,145007,1576,8391,3490,86421,4793,121500,5081,207921,California
San Joaquin,2021-04-08,8643,330159,4688,172806,1933,146940,2022,10413,3304,86432,5317,126817,5328,213249,California
San Joaquin,2021-04-09,8834,338993,4261,177067,3020,149960,1553,11966,3208,85609,5604,132421,4781,218030,California
San Joaquin,2021-04-10,5198,344191,1622,178689,1670,151630,1906,13872,1754,85830,3435,135856,3656,221686,California
San Joaquin,2021-04-11,4066,348257,1544,180233,1357,152987,1165,15037,1761,86457,2294,138150,2921,224607,California
San Joaquin,2021-04-12,5948,354205,2365,182598,2049,155036,1534,16571,2322,86710,3608,141758,3861,228468,California
San Joaquin,2021-04-13,7434,361639,4284,186882,3144,158180,6,16577,4558,88424,2856,144614,4570,233038,California
San Joaquin,2021-04-14,7415,369054,3703,190585,3712,161892,0,16577,4436,89906,2963,147577,4445,237483,California
San Joaquin,2021-04-15,7762,376816,4582,195167,3180,165072,0,16577,4337,90856,3393,150970,4343,241826,California
San Joaquin,2021-04-16,7570,384386,4026,199193,3541,168613,3,16580,4527,92381,3015,153985,4540,246366,California
San Joaquin,2021-04-17,5118,389504,2753,201946,2363,170976,2,16582,3630,94550,1479,155464,3648,250014,California
San Joaquin,2021-04-18,2443,391947,1349,203295,1094,172070,0,16582,1297,94724,1131,156595,1305,251319,California
San Joaquin,2021-04-19,5114,397061,2767,206062,2347,174417,0,16582,2733,95108,2359,158954,2743,254062,California
San Joaquin,2021-04-20,6194,403255,3256,209318,2938,177355,0,16582,2933,94815,3237,162191,2944,257006,California
San Joaquin,2021-04-21,5599,408854,3092,212410,2507,179862,0,16582,2903,95074,2650,164841,2909,259915,California
San Joaquin,2021-04-22,5249,414103,3103,215513,2145,182007,1,16583,3034,95931,2190,167031,3047,262962,California
San Joaquin,2021-04-23,5847,419950,2802,218315,3044,185051,1,16584,3705,97519,2124,169155,3712,266674,California
San Joaquin,2021-04-24,5176,425126,3563,221878,1612,186663,1,16585,3366,99103,1789,170944,3373,270047,California
San Joaquin,2021-04-25,2976,428102,2500,224378,476,187139,0,16585,1950,100051,1008,171952,1956,272003,California
San Joaquin,2021-04-26,3875,431977,2563,226941,1311,188450,1,16586,2026,100246,1836,173788,2031,274034,California
San Joaquin,2021-04-27,4421,436398,2538,229479,1834,190284,49,16635,1844,99588,2559,176347,1901,275935,California
San Joaquin,2021-04-28,5467,441865,3281,232760,2111,192395,75,16710,2684,99601,2754,179101,2767,278702,California
San Joaquin,2021-04-29,4793,446658,2797,235557,1940,194335,56,16766,2426,99742,2347,181448,2488,281190,California
San Joaquin,2021-04-30,4874,451532,2378,237935,2429,196764,67,16833,2502,99963,2356,183804,2577,283767,California
San Joaquin,2021-05-01,3291,454823,1891,239826,1341,198105,59,16892,2085,100919,1201,185005,2157,285924,California
San Joaquin,2021-05-02,2273,457096,1580,241406,638,198743,55,16947,1158,101024,1110,186115,1215,287139,California
San Joaquin,2021-05-03,3177,460273,2129,243535,974,199717,74,17021,1334,100610,1831,187946,1417,288556,California
San Joaquin,2021-05-04,4811,465084,3272,246807,1387,201104,152,17173,1768,99515,3025,190971,1930,290486,California
San Joaquin,2021-05-05,4515,469599,2996,249803,1358,202462,161,17334,1772,98734,2721,193692,1940,292426,California
San Joaquin,2021-05-06,4584,474183,3060,252863,1397,203859,127,17461,2026,98350,2545,196237,2161,294587,California
San Joaquin,2021-05-07,4796,478979,2810,255673,1834,205693,152,17613,1839,97407,2943,199180,2000,296587,California
San Joaquin,2021-05-08,3242,482221,2083,257756,1058,206751,101,17714,1202,96693,2025,201205,1311,297898,California
San Joaquin,2021-05-09,1468,483689,830,258586,568,207319,70,17784,590,96483,875,202080,665,298563,California
San Joaquin,2021-05-10,2751,486440,1455,260041,1174,208493,122,17906,904,95680,1835,203915,1032,299595,California
San Joaquin,2021-05-11,4023,490463,2149,262190,1761,210254,113,18019,1287,94386,2723,206638,1429,301024,California
San Joaquin,2021-05-12,3889,494352,1817,264007,1978,212232,94,18113,1215,93044,2663,209301,1321,302345,California
San Joaquin,2021-05-13,4131,498483,2375,266382,1674,213906,82,18195,1539,92096,2582,211883,1634,303979,California
San Joaquin,2021-05-14,4280,502763,2384,268766,1807,215713,89,18284,1612,91147,2654,214537,1705,305684,California
San Joaquin,2021-05-15,3226,505989,1726,270492,1444,217157,56,18340,862,89725,2342,216879,920,306604,California
San Luis Obispo,2020-12-16,4,4,4,4,0,0,0,0,4,4,0,0,4,4,California
San Luis Obispo,2020-12-17,196,200,196,200,0,0,0,0,196,200,0,0,196,200,California
San Luis Obispo,2020-12-18,224,424,224,424,0,0,0,0,224,424,0,0,224,424,California
San Luis Obispo,2020-12-19,162,586,162,586,0,0,0,0,162,586,0,0,162,586,California
San Luis Obispo,2020-12-20,215,801,215,801,0,0,0,0,215,801,0,0,215,801,California
San Luis Obispo,2020-12-21,549,1350,548,1349,1,1,0,0,549,1350,0,0,549,1350,California
San Luis Obispo,2020-12-22,309,1659,305,1654,4,5,0,0,309,1659,0,0,309,1659,California
San Luis Obispo,2020-12-23,682,2341,368,2022,314,319,0,0,682,2341,0,0,682,2341,California
San Luis Obispo,2020-12-24,194,2535,19,2041,175,494,0,0,194,2535,0,0,194,2535,California
San Luis Obispo,2020-12-25,2,2537,1,2042,1,495,0,0,2,2537,0,0,2,2537,California
San Luis Obispo,2020-12-26,89,2626,12,2054,77,572,0,0,89,2626,0,0,89,2626,California
San Luis Obispo,2020-12-27,76,2702,0,2054,76,648,0,0,76,2702,0,0,76,2702,California
San Luis Obispo,2020-12-28,880,3582,430,2484,450,1098,0,0,880,3582,0,0,880,3582,California
San Luis Obispo,2020-12-29,902,4484,502,2986,400,1498,0,0,902,4484,0,0,902,4484,California
San Luis Obispo,2020-12-30,1172,5656,681,3667,491,1989,0,0,1172,5656,0,0,1172,5656,California
San Luis Obispo,2020-12-31,107,5763,4,3671,103,2092,0,0,107,5763,0,0,107,5763,California
San Luis Obispo,2021-01-01,13,5776,8,3679,5,2097,0,0,13,5776,0,0,13,5776,California
San Luis Obispo,2021-01-02,33,5809,8,3687,25,2122,0,0,33,5809,0,0,33,5809,California
San Luis Obispo,2021-01-03,16,5825,6,3693,10,2132,0,0,16,5825,0,0,16,5825,California
San Luis Obispo,2021-01-04,679,6504,525,4218,154,2286,0,0,679,6504,0,0,679,6504,California
San Luis Obispo,2021-01-05,975,7479,757,4975,218,2504,0,0,973,7475,2,2,973,7477,California
San Luis Obispo,2021-01-06,725,8204,480,5455,245,2749,0,0,717,8185,7,9,717,8194,California
San Luis Obispo,2021-01-07,1126,9330,948,6403,178,2927,0,0,683,8425,443,452,683,8877,California
San Luis Obispo,2021-01-08,882,10212,804,7207,78,3005,0,0,513,8570,368,820,513,9390,California
San Luis Obispo,2021-01-09,204,10416,195,7402,9,3014,0,0,27,8420,177,997,27,9417,California
San Luis Obispo,2021-01-10,12,10428,8,7410,4,3018,0,0,8,8424,4,1001,8,9425,California
San Luis Obispo,2021-01-11,559,10987,508,7918,51,3069,0,0,299,8464,259,1260,299,9724,California
San Luis Obispo,2021-01-12,597,11584,380,8298,217,3286,0,0,318,8503,279,1539,318,10042,California
San Luis Obispo,2021-01-13,883,12467,256,8554,627,3913,0,0,644,8910,237,1776,644,10686,California
San Luis Obispo,2021-01-14,729,13196,244,8798,485,4398,0,0,604,9402,112,1888,604,11290,California
San Luis Obispo,2021-01-15,729,13925,288,9086,441,4839,0,0,554,9786,170,2058,554,11844,California
San Luis Obispo,2021-01-16,100,14025,81,9167,19,4858,0,0,95,9876,5,2063,95,11939,California
San Luis Obispo,2021-01-17,67,14092,61,9228,6,4864,0,0,67,9943,0,2063,67,12006,California
San Luis Obispo,2021-01-18,1371,15463,389,9617,982,5846,0,0,1109,10790,262,2325,1109,13115,California
San Luis Obispo,2021-01-19,1584,17047,417,10034,1167,7013,0,0,1176,11558,408,2733,1176,14291,California
San Luis Obispo,2021-01-20,1885,18932,597,10631,1288,8301,0,0,1294,12264,589,3322,1295,15586,California
San Luis Obispo,2021-01-21,1572,20504,467,11098,1105,9406,0,0,1199,13095,369,3691,1200,16786,California
San Luis Obispo,2021-01-22,1521,22025,509,11607,1012,10418,0,0,1206,13988,313,4004,1206,17992,California
San Luis Obispo,2021-01-23,312,22337,294,11901,18,10436,0,0,296,14268,16,4020,296,18288,California
San Luis Obispo,2021-01-24,245,22582,237,12138,8,10444,0,0,239,14501,6,4026,239,18527,California
San Luis Obispo,2021-01-25,2074,24656,606,12744,1468,11912,0,0,1244,14915,830,4856,1244,19771,California
San Luis Obispo,2021-01-26,2003,26659,705,13449,1298,13210,0,0,1135,15182,868,5724,1135,20906,California
San Luis Obispo,2021-01-27,1611,28270,284,13733,1327,14537,0,0,1152,15875,459,6183,1152,22058,California
San Luis Obispo,2021-01-28,1491,29761,343,14076,1148,15685,0,0,1230,16845,260,6443,1230,23288,California
San Luis Obispo,2021-01-29,1735,31496,681,14757,1054,16739,0,0,1451,18012,284,6727,1451,24739,California
San Luis Obispo,2021-01-30,37,31533,18,14775,19,16758,0,0,26,18028,10,6737,26,24765,California
San Luis Obispo,2021-01-31,28,31561,20,14795,8,16766,0,0,25,18050,3,6740,25,24790,California
San Luis Obispo,2021-02-01,1703,33264,738,15533,965,17731,0,0,1401,19150,301,7041,1401,26191,California
San Luis Obispo,2021-02-02,1895,35159,677,16210,1218,18949,0,0,1521,20297,374,7415,1521,27712,California
San Luis Obispo,2021-02-03,1707,36866,729,16939,978,19927,0,0,1294,21178,413,7828,1294,29006,California
San Luis Obispo,2021-02-04,1658,38524,801,17740,857,20784,0,0,1091,21702,567,8395,1091,30097,California
San Luis Obispo,2021-02-05,1602,40126,716,18456,886,21670,0,0,1057,22214,546,8941,1058,31155,California
San Luis Obispo,2021-02-06,159,40285,92,18548,67,21737,0,0,93,22241,66,9007,93,31248,California
San Luis Obispo,2021-02-07,144,40429,99,18647,45,21782,0,0,74,22246,70,9077,75,31323,California
San Luis Obispo,2021-02-08,858,41287,470,19117,388,22170,0,0,498,22385,359,9436,498,31821,California
San Luis Obispo,2021-02-09,1123,42410,449,19566,674,22844,0,0,542,22359,575,10011,549,32370,California
San Luis Obispo,2021-02-10,1431,43841,488,20054,943,23787,0,0,523,21980,905,10916,526,32896,California
San Luis Obispo,2021-02-11,1334,45175,847,20901,487,24274,0,0,656,21962,674,11590,656,33552,California
San Luis Obispo,2021-02-12,786,45961,363,21264,423,24697,0,0,417,22010,369,11959,417,33969,California
San Luis Obispo,2021-02-13,393,46354,127,21391,266,24963,0,0,285,22188,107,12066,285,34254,California
San Luis Obispo,2021-02-14,318,46672,41,21432,277,25240,0,0,282,22435,36,12102,283,34537,California
San Luis Obispo,2021-02-15,727,47399,137,21569,590,25830,0,0,471,22653,253,12355,471,35008,California
San Luis Obispo,2021-02-16,2964,50363,1197,22766,1767,27597,0,0,1360,22415,1598,13953,1360,36368,California
San Luis Obispo,2021-02-17,2777,53140,1238,24004,1539,29136,0,0,1029,21705,1739,15692,1029,37397,California
San Luis Obispo,2021-02-18,2823,55963,1457,25461,1366,30502,0,0,1132,21155,1683,17375,1133,38530,California
San Luis Obispo,2021-02-19,1457,57420,1336,26797,121,30623,0,0,1133,21965,323,17698,1133,39663,California
San Luis Obispo,2021-02-20,252,57672,81,26878,171,30794,0,0,215,22143,37,17735,215,39878,California
San Luis Obispo,2021-02-21,54,57726,50,26928,4,30798,0,0,31,22151,23,17758,31,39909,California
San Luis Obispo,2021-02-22,2410,60136,1863,28791,547,31345,0,0,1465,22672,945,18703,1466,41375,California
San Luis Obispo,2021-02-23,1856,61992,1741,30532,115,31460,0,0,1363,23544,492,19195,1364,42739,California
San Luis Obispo,2021-02-24,2644,64636,1301,31833,1343,32803,0,0,835,22573,1806,21001,835,43574,California
San Luis Obispo,2021-02-25,2130,66766,1243,33076,887,33690,0,0,1206,22863,917,21918,1207,44781,California
San Luis Obispo,2021-02-26,2643,69409,1147,34223,1496,35186,0,0,1324,22876,1311,23229,1324,46105,California
San Luis Obispo,2021-02-27,567,69976,341,34564,226,35412,0,0,520,23349,47,23276,520,46625,California
San Luis Obispo,2021-02-28,200,70176,73,34637,127,35539,0,0,162,23477,34,23310,162,46787,California
San Luis Obispo,2021-03-01,2967,73143,1847,36484,1118,36657,2,2,2041,24594,927,24237,2044,48831,California
San Luis Obispo,2021-03-02,3000,76143,1887,38371,1113,37770,0,2,1854,25307,1142,25379,1855,50686,California
San Luis Obispo,2021-03-03,2281,78424,335,38706,1946,39716,0,2,833,24699,1442,26821,834,51520,California
San Luis Obispo,2021-03-04,2185,80609,1154,39860,1031,40747,0,2,1172,24862,1011,27832,1174,52694,California
San Luis Obispo,2021-03-05,2294,82903,1017,40877,1207,41954,70,72,1290,25234,988,28820,1360,54054,California
San Luis Obispo,2021-03-06,834,83737,309,41186,418,42372,107,179,614,25729,220,29040,715,54769,California
San Luis Obispo,2021-03-07,200,83937,32,41218,84,42456,84,263,71,25757,128,29168,156,54925,California
San Luis Obispo,2021-03-08,2729,86666,755,41973,1659,44115,315,578,1538,26424,1187,30355,1854,56779,California
San Luis Obispo,2021-03-09,2929,89595,955,42928,1726,45841,248,826,1508,26764,1417,31772,1757,58536,California
San Luis Obispo,2021-03-10,3192,92787,1238,44166,1672,47513,282,1108,1816,27490,1372,33144,2098,60634,California
San Luis Obispo,2021-03-11,3148,95935,1273,45439,1552,49065,323,1431,1720,28113,1419,34563,2042,62676,California
San Luis Obispo,2021-03-12,3211,99146,1281,46720,1592,50657,338,1769,1597,28445,1606,36169,1938,64614,California
San Luis Obispo,2021-03-13,795,99941,263,46983,423,51080,109,1878,432,28623,362,36531,540,65154,California
San Luis Obispo,2021-03-14,514,100455,53,47036,350,51430,111,1989,135,28491,378,36909,246,65400,California
San Luis Obispo,2021-03-15,3056,103511,1096,48132,1862,53292,98,2087,1529,28596,1523,38432,1628,67028,California
San Luis Obispo,2021-03-16,2848,106359,1509,49641,1229,54521,110,2197,1438,28739,1404,39836,1547,68575,California
San Luis Obispo,2021-03-17,3423,109782,1447,51088,1715,56236,261,2458,1977,29541,1435,41271,2237,70812,California
San Luis Obispo,2021-03-18,2812,112594,1448,52536,1150,57386,214,2672,1339,29625,1468,42739,1552,72364,California
San Luis Obispo,2021-03-19,2584,115178,1562,54098,701,58087,321,2993,960,29292,1616,44355,1283,73647,California
San Luis Obispo,2021-03-20,833,116011,496,54594,300,58387,37,3030,385,29266,448,44803,422,74069,California
San Luis Obispo,2021-03-21,187,116198,45,54639,139,58526,3,3033,157,29397,29,44832,160,74229,California
San Luis Obispo,2021-03-22,2684,118882,1169,55808,1467,59993,48,3081,1863,30492,816,45648,1911,76140,California
San Luis Obispo,2021-03-23,3371,122253,2210,58018,1130,61123,31,3112,2266,31688,1101,46749,2297,78437,California
San Luis Obispo,2021-03-24,3506,125759,2136,60154,1285,62408,85,3197,2615,33501,886,47635,2699,81136,California
San Luis Obispo,2021-03-25,3667,129426,2294,62448,1361,63769,12,3209,2634,35118,1028,48663,2645,83781,California
San Luis Obispo,2021-03-26,3145,132571,1756,64204,957,64726,432,3641,1749,35909,1390,50053,2181,85962,California
San Luis Obispo,2021-03-27,993,133564,507,64711,394,65120,92,3733,452,35914,539,50592,544,86506,California
San Luis Obispo,2021-03-28,444,134008,152,64863,236,65356,56,3789,243,36012,201,50793,299,86805,California
San Luis Obispo,2021-03-29,2579,136587,1277,66140,1169,66525,133,3922,1651,36882,914,51707,1784,88589,California
San Luis Obispo,2021-03-30,3500,140087,1909,68049,1449,67974,142,4064,2341,38209,1154,52861,2481,91070,California
San Luis Obispo,2021-03-31,3870,143957,2461,70510,1262,69236,147,4211,2500,39495,1360,54221,2646,93716,California
San Luis Obispo,2021-04-01,3835,147792,2420,72930,1298,70534,117,4328,2691,41171,1133,55354,2809,96525,California
San Luis Obispo,2021-04-02,1741,149533,686,73616,744,71278,311,4639,943,41626,797,56151,1252,97777,California
San Luis Obispo,2021-04-03,1110,150643,558,74174,425,71703,127,4766,493,41633,613,56764,620,98397,California
San Luis Obispo,2021-04-04,382,151025,130,74304,212,71915,40,4806,235,41761,147,56911,275,98672,California
San Luis Obispo,2021-04-05,3600,154625,1942,76246,1548,73463,110,4916,2029,42330,1568,58479,2137,100809,California
San Luis Obispo,2021-04-06,4023,158648,2145,78391,1555,75018,323,5239,1942,42522,2073,60552,2265,103074,California
San Luis Obispo,2021-04-07,4284,162932,2337,80728,1584,76602,363,5602,2461,43535,1809,62361,2822,105896,California
San Luis Obispo,2021-04-08,4025,166957,2191,82919,1432,78034,402,6004,2178,44275,1840,64201,2580,108476,California
San Luis Obispo,2021-04-09,3643,170600,1734,84653,1155,79189,754,6758,1532,44454,2102,66303,2281,110757,California
San Luis Obispo,2021-04-10,1572,172172,557,85210,351,79540,664,7422,483,44510,1089,67392,1145,111902,California
San Luis Obispo,2021-04-11,313,172485,64,85274,186,79726,63,7485,126,44514,185,67577,189,112091,California
San Luis Obispo,2021-04-12,3373,175858,1698,86972,1512,81238,163,7648,1415,44133,1958,69535,1577,113668,California
San Luis Obispo,2021-04-13,3636,179494,2095,89067,1540,82778,1,7649,1966,44434,1667,71202,1968,115636,California
San Luis Obispo,2021-04-14,2850,182344,1685,90752,1162,83940,3,7652,1666,44927,1173,72375,1666,117302,California
San Luis Obispo,2021-04-15,3685,186029,2396,93148,1288,85228,1,7653,1971,45204,1696,74071,1973,119275,California
San Luis Obispo,2021-04-16,3616,189645,2201,95349,1412,86640,3,7656,1810,45212,1803,75874,1811,121086,California
San Luis Obispo,2021-04-17,1096,190741,432,95781,662,87302,2,7658,715,45549,380,76254,717,121803,California
San Luis Obispo,2021-04-18,321,191062,100,95881,220,87522,1,7659,111,45453,207,76461,111,121914,California
San Luis Obispo,2021-04-19,3127,194189,1284,97165,1805,89327,38,7697,1160,44688,1964,78425,1199,123113,California
San Luis Obispo,2021-04-20,3507,197696,1934,99099,1573,90900,0,7697,1339,43871,2156,80581,1339,124452,California
San Luis Obispo,2021-04-21,3902,201598,1792,100891,2110,93010,0,7697,1618,43223,2266,82847,1618,126070,California
San Luis Obispo,2021-04-22,4574,206172,2058,102949,2516,95526,0,7697,1487,41640,3072,85919,1489,127559,California
San Luis Obispo,2021-04-23,1464,207636,849,103798,611,96137,4,7701,702,41596,757,86676,713,128272,California
San Luis Obispo,2021-04-24,1080,208716,442,104240,619,96756,19,7720,494,41528,581,87257,513,128785,California
San Luis Obispo,2021-04-25,346,209062,163,104403,183,96939,0,7720,114,41411,231,87488,114,128899,California
San Luis Obispo,2021-04-26,967,210029,341,104744,609,97548,17,7737,362,41196,593,88081,378,129277,California
San Luis Obispo,2021-04-27,3690,213719,1910,106654,1711,99259,69,7806,1427,40436,2256,90337,1496,130773,California
San Luis Obispo,2021-04-28,3726,217445,2087,108741,1567,100826,72,7878,1286,39367,2427,92764,1358,132131,California
San Luis Obispo,2021-04-29,3645,221090,2106,110847,1469,102295,70,7948,1200,38207,2432,95196,1272,133403,California
San Luis Obispo,2021-04-30,2949,224039,1656,112503,1220,103515,73,8021,921,37183,2017,97213,993,134396,California
San Luis Obispo,2021-05-01,466,224505,158,112661,272,103787,36,8057,97,36950,365,97578,132,134528,California
San Luis Obispo,2021-05-02,169,224674,52,112713,97,103884,20,8077,42,36885,127,97705,62,134590,California
San Luis Obispo,2021-05-03,885,225559,288,113001,494,104378,103,8180,225,36552,659,98364,326,134916,California
San Luis Obispo,2021-05-04,2919,228478,1892,114893,963,105341,64,8244,866,35434,2046,100410,928,135844,California
San Luis Obispo,2021-05-05,2803,231281,1850,116743,886,106227,67,8311,693,34096,2099,102509,761,136605,California
San Luis Obispo,2021-05-06,2785,234066,1884,118627,849,107076,52,8363,729,32836,2041,104550,781,137386,California
San Luis Obispo,2021-05-07,2306,236372,1750,120377,495,107571,61,8424,608,31828,1678,106228,670,138056,California
San Luis Obispo,2021-05-08,565,236937,332,120709,209,107780,24,8448,190,31685,357,106585,214,138270,California
San Luis Obispo,2021-05-09,164,237101,41,120750,104,107884,19,8467,46,31633,117,106702,65,138335,California
San Luis Obispo,2021-05-10,717,237818,150,120900,520,108404,47,8514,154,31275,558,107260,200,138535,California
San Luis Obispo,2021-05-11,1166,238984,595,121495,501,108905,70,8584,359,30901,803,108063,429,138964,California
San Luis Obispo,2021-05-12,2343,241327,1568,123063,692,109597,83,8667,680,30016,1648,109711,763,139727,California
San Luis Obispo,2021-05-13,1013,242340,634,123697,320,109917,59,8726,425,29914,585,110296,483,140210,California
San Luis Obispo,2021-05-14,1964,244304,1497,125194,442,110359,25,8751,836,29662,1113,111409,861,141071,California
San Luis Obispo,2021-05-15,268,244572,42,125236,224,110583,2,8753,93,29583,174,111583,95,141166,California
San Mateo,2020-12-15,26,26,26,26,0,0,0,0,26,26,0,0,26,26,California
San Mateo,2020-12-16,111,137,111,137,0,0,0,0,111,137,0,0,111,137,California
San Mateo,2020-12-17,164,301,164,301,0,0,0,0,164,301,0,0,164,301,California
San Mateo,2020-12-18,743,1044,741,1042,2,2,0,0,743,1044,0,0,743,1044,California
San Mateo,2020-12-19,516,1560,516,1558,0,2,0,0,516,1560,0,0,516,1560,California
San Mateo,2020-12-20,510,2070,509,2067,1,3,0,0,510,2070,0,0,510,2070,California
San Mateo,2020-12-21,1156,3226,1156,3223,0,3,0,0,1156,3226,0,0,1156,3226,California
San Mateo,2020-12-22,1525,4751,1518,4741,7,10,0,0,1525,4751,0,0,1525,4751,California
San Mateo,2020-12-23,1575,6326,1386,6127,189,199,0,0,1575,6326,0,0,1575,6326,California
San Mateo,2020-12-24,868,7194,611,6738,257,456,0,0,868,7194,0,0,868,7194,California
San Mateo,2020-12-25,115,7309,111,6849,4,460,0,0,115,7309,0,0,115,7309,California
San Mateo,2020-12-26,561,7870,418,7267,143,603,0,0,561,7870,0,0,561,7870,California
San Mateo,2020-12-27,307,8177,176,7443,131,734,0,0,307,8177,0,0,307,8177,California
San Mateo,2020-12-28,1054,9231,707,8150,347,1081,0,0,1054,9231,0,0,1054,9231,California
San Mateo,2020-12-29,1130,10361,705,8855,425,1506,0,0,1130,10361,0,0,1130,10361,California
San Mateo,2020-12-30,1265,11626,760,9615,505,2011,0,0,1265,11626,0,0,1265,11626,California
San Mateo,2020-12-31,716,12342,231,9846,485,2496,0,0,715,12340,1,1,715,12341,California
San Mateo,2021-01-01,69,12411,49,9895,20,2516,0,0,69,12409,0,1,69,12410,California
San Mateo,2021-01-02,401,12812,271,10166,130,2646,0,0,401,12810,0,1,401,12811,California
San Mateo,2021-01-03,284,13096,209,10375,75,2721,0,0,281,13088,3,4,281,13092,California
San Mateo,2021-01-04,1053,14149,680,11055,373,3094,0,0,1053,14141,0,4,1053,14145,California
San Mateo,2021-01-05,1204,15353,708,11763,496,3590,0,0,1174,15286,30,34,1175,15320,California
San Mateo,2021-01-06,1453,16806,955,12718,498,4088,0,0,1269,16375,181,215,1270,16590,California
San Mateo,2021-01-07,1456,18262,810,13528,646,4734,0,0,1166,17259,283,498,1167,17757,California
San Mateo,2021-01-08,1841,20103,1192,14720,649,5383,0,0,1142,17710,692,1190,1143,18900,California
San Mateo,2021-01-09,1181,21284,777,15497,404,5787,0,0,722,17973,459,1649,722,19622,California
San Mateo,2021-01-10,706,21990,577,16074,129,5916,0,0,267,17801,439,2088,267,19889,California
San Mateo,2021-01-11,2593,24583,1486,17560,1107,7023,0,0,1525,18259,1069,3157,1527,21416,California
San Mateo,2021-01-12,3286,27869,1780,19340,1506,8529,0,0,2100,19178,1184,4341,2103,23519,California
San Mateo,2021-01-13,3487,31356,1755,21095,1732,10261,0,0,2452,20598,1035,5376,2455,25974,California
San Mateo,2021-01-14,3780,35136,1587,22682,2193,12454,0,0,3092,23007,688,6064,3097,29071,California
San Mateo,2021-01-15,4326,39462,1708,24390,2618,15072,0,0,3797,26279,527,6591,3799,32870,California
San Mateo,2021-01-16,3087,42549,778,25168,2309,17381,0,0,2767,28726,320,6911,2767,35637,California
San Mateo,2021-01-17,1312,43861,310,25478,1002,18383,0,0,1102,29618,210,7121,1102,36739,California
San Mateo,2021-01-18,1366,45227,535,26013,831,19214,0,0,992,30242,371,7492,995,37734,California
San Mateo,2021-01-19,2799,48026,1788,27801,1011,20225,0,0,2005,31456,791,8283,2005,39739,California
San Mateo,2021-01-20,2803,50829,1547,29348,1256,21481,0,0,1959,32575,841,9124,1960,41699,California
San Mateo,2021-01-21,2858,53687,1309,30657,1549,23030,0,0,2265,34252,591,9715,2268,43967,California
San Mateo,2021-01-22,2800,56487,1138,31795,1662,24692,0,0,2500,36455,298,10013,2501,46468,California
San Mateo,2021-01-23,2886,59373,1692,33487,1194,25886,0,0,2520,38610,366,10379,2521,48989,California
San Mateo,2021-01-24,1521,60894,376,33863,1145,27031,0,0,1208,39507,312,10691,1209,50198,California
San Mateo,2021-01-25,4433,65327,3149,37012,1284,28315,0,0,3535,42149,896,11587,3538,53736,California
San Mateo,2021-01-26,4294,69621,2979,39991,1315,29630,0,0,3389,44635,904,12491,3390,57126,California
San Mateo,2021-01-27,2794,72415,1476,41467,1318,30948,0,0,1795,45439,992,13483,1796,58922,California
San Mateo,2021-01-28,2806,75221,1357,42824,1449,32397,0,0,1954,46556,837,14320,1954,60876,California
San Mateo,2021-01-29,2987,78208,1341,44165,1646,34043,0,0,2152,47879,832,15152,2155,63031,California
San Mateo,2021-01-30,3378,81586,1478,45643,1900,35943,0,0,2920,50343,457,15609,2921,65952,California
San Mateo,2021-01-31,1682,83268,898,46541,784,36727,0,0,1519,51701,161,15770,1519,67471,California
San Mateo,2021-02-01,2932,86200,1347,47888,1585,38312,0,0,2223,53220,705,16475,2224,69695,California
San Mateo,2021-02-02,3181,89381,1733,49621,1448,39760,0,0,2159,54360,1019,17494,2159,71854,California
San Mateo,2021-02-03,4889,94270,1955,51576,2934,42694,0,0,3835,57145,1051,18545,3836,75690,California
San Mateo,2021-02-04,6299,100569,2593,54169,3706,46400,0,0,4938,60731,1355,19900,4941,80631,California
San Mateo,2021-02-05,6800,107369,2551,56720,4249,50649,0,0,4975,63898,1808,21708,4975,85606,California
San Mateo,2021-02-06,3288,110657,1921,58641,1367,52016,0,0,2622,65857,665,22373,2624,88230,California
San Mateo,2021-02-07,1902,112559,1348,59989,554,52570,0,0,1710,67375,192,22565,1710,89940,California
San Mateo,2021-02-08,5281,117840,2249,62238,3032,55602,0,0,3108,68375,2108,24673,3108,93048,California
San Mateo,2021-02-09,6191,124031,3227,65465,2964,58566,0,0,3343,68875,2843,27516,3343,96391,California
San Mateo,2021-02-10,6498,130529,3272,68737,3226,61792,0,0,3422,69230,3067,30583,3422,99813,California
San Mateo,2021-02-11,7066,137595,3587,72324,3479,65271,0,0,3798,69772,3259,33842,3801,103614,California
San Mateo,2021-02-12,6632,144227,2961,75285,3671,68942,0,0,4708,72560,1922,35764,4710,108324,California
San Mateo,2021-02-13,6116,150343,4014,79299,2102,71044,0,0,2644,71737,3467,39231,2644,110968,California
San Mateo,2021-02-14,4639,154982,3023,82322,1616,72660,0,0,1989,71082,2645,41876,1990,112958,California
San Mateo,2021-02-15,3165,158147,1459,83781,1706,74366,0,0,1784,71491,1376,43252,1785,114743,California
San Mateo,2021-02-16,7155,165302,1880,85661,5275,79641,0,0,5286,74911,1868,45120,5288,120031,California
San Mateo,2021-02-17,7071,172373,1949,87610,5122,84763,0,0,5064,77976,2001,47121,5066,125097,California
San Mateo,2021-02-18,6708,179081,4637,92247,2071,86834,0,0,4455,80194,2240,49361,4458,129555,California
San Mateo,2021-02-19,7814,186895,5614,97861,2200,89034,0,0,5818,84023,1989,51350,5818,135373,California
San Mateo,2021-02-20,3735,190630,2419,100280,1316,90350,0,0,2306,84907,1422,52772,2306,137679,California
San Mateo,2021-02-21,2312,192942,1468,101748,844,91194,0,0,1265,85131,1041,53813,1265,138944,California
San Mateo,2021-02-22,4419,197361,3197,104945,1222,92416,0,0,2779,86277,1634,55447,2780,141724,California
San Mateo,2021-02-23,4294,201655,3049,107994,1245,93661,0,0,2486,86962,1801,57248,2486,144210,California
San Mateo,2021-02-24,7277,208932,3257,111251,4020,97681,0,0,4848,89387,2424,59672,4849,149059,California
San Mateo,2021-02-25,9092,218024,4017,115268,5075,102756,0,0,6017,92344,3060,62732,6017,155076,California
San Mateo,2021-02-26,9770,227794,3718,118986,6052,108808,0,0,6843,96280,2911,65643,6847,161923,California
San Mateo,2021-02-27,6686,234480,3416,122402,3269,112077,1,1,3631,96868,3049,68692,3637,165560,California
San Mateo,2021-02-28,4125,238605,2508,124910,1617,113694,0,1,2553,97856,1566,70258,2554,168114,California
San Mateo,2021-03-01,5662,244267,3541,128451,2120,115814,1,2,2801,97810,2848,73106,2802,170916,California
San Mateo,2021-03-02,5803,250070,3990,132441,1812,117626,1,3,3338,98693,2457,75563,3340,174256,California
San Mateo,2021-03-03,8364,258434,3905,136346,4457,122083,2,5,3610,97565,4740,80303,3612,177868,California
San Mateo,2021-03-04,8432,266866,3942,140288,4487,126570,3,8,3805,96767,4608,84911,3810,181678,California
San Mateo,2021-03-05,9112,275978,5999,146287,3109,129679,4,12,6425,100532,2667,87578,6432,188110,California
San Mateo,2021-03-06,7855,283833,5441,151728,2239,131918,175,187,5741,104342,2105,89683,5915,194025,California
San Mateo,2021-03-07,3483,287316,2322,154050,1093,133011,68,255,2014,104959,1465,91148,2082,196107,California
San Mateo,2021-03-08,4451,291767,2481,156531,1751,134762,219,474,3224,107183,1220,92368,3444,199551,California
San Mateo,2021-03-09,4566,296333,2133,158664,2160,136922,273,747,3014,108925,1543,93911,3285,202836,California
San Mateo,2021-03-10,6922,303255,2644,161308,3991,140913,287,1034,4564,111432,2343,96254,4850,207686,California
San Mateo,2021-03-11,9138,312393,5738,167046,3007,143920,393,1427,3713,110142,5395,101649,4105,211791,California
San Mateo,2021-03-12,10514,322907,6610,173656,3522,147442,382,1809,3506,107041,6990,108639,3889,215680,California
San Mateo,2021-03-13,8106,331013,3422,177078,3056,150498,1628,3437,3913,108392,4181,112820,5532,221212,California
San Mateo,2021-03-14,4940,335953,3308,180386,1525,152023,107,3544,2900,109366,2033,114853,3007,224219,California
San Mateo,2021-03-15,7131,343084,4584,184970,2371,154394,176,3720,3770,109958,3355,118208,3947,228166,California
San Mateo,2021-03-16,11913,354997,4362,189332,7428,161822,123,3843,4860,107906,7037,125245,4985,233151,California
San Mateo,2021-03-17,10800,365797,4366,193698,6309,168131,125,3968,4896,107053,5878,131123,5025,238176,California
San Mateo,2021-03-18,7245,373042,4043,197741,3019,171150,183,4151,4317,108629,2922,134045,4498,242674,California
San Mateo,2021-03-19,7367,380409,4724,202465,1976,173126,667,4818,3613,109165,3744,137789,4280,246954,California
San Mateo,2021-03-20,8296,388705,6436,208901,1524,174650,336,5154,5419,112057,2862,140651,5754,252708,California
San Mateo,2021-03-21,4163,392868,3131,212032,801,175451,231,5385,2349,112831,1803,142454,2577,255285,California
San Mateo,2021-03-22,5225,398093,3546,215578,1261,176712,418,5803,2864,113766,2348,144802,3283,258568,California
San Mateo,2021-03-23,9783,407876,4450,220028,5137,181849,196,5999,4661,113530,5092,149894,4856,263424,California
San Mateo,2021-03-24,9449,417325,5451,225479,3858,185707,140,6139,4108,112505,5272,155166,4247,267671,California
San Mateo,2021-03-25,10029,427354,4889,230368,4872,190579,268,6407,4434,111718,5493,160659,4706,272377,California
San Mateo,2021-03-26,11164,438518,7671,238039,3327,193906,166,6573,4457,109675,6669,167328,4626,277003,California
San Mateo,2021-03-27,10439,448957,7970,246009,2363,196269,106,6679,4700,108757,5721,173049,4803,281806,California
San Mateo,2021-03-28,4212,453169,2697,248706,1403,197672,112,6791,2099,108865,2104,175153,2212,284018,California
San Mateo,2021-03-29,6024,459193,3748,252454,2023,199695,253,7044,2855,108823,3150,178303,3108,287126,California
San Mateo,2021-03-30,7086,466279,4017,256471,2914,202609,155,7199,4464,110836,2607,180910,4620,291746,California
San Mateo,2021-03-31,7219,473498,4555,261026,2526,205135,138,7337,4061,111896,3141,184051,4201,295947,California
San Mateo,2021-04-01,10447,483945,5125,266151,4140,209275,1182,8519,5618,113913,4788,188839,6805,302752,California
San Mateo,2021-04-02,10696,494641,5095,271246,4035,213310,1566,10085,5625,116054,5052,193891,7193,309945,California
San Mateo,2021-04-03,9723,504364,5518,276764,2462,215772,1743,11828,4926,117936,4790,198681,6672,316617,California
San Mateo,2021-04-04,5423,509787,2612,279376,1563,217335,1248,13076,1732,117236,3678,202359,2978,319595,California
San Mateo,2021-04-05,8964,518751,4777,284153,2453,219788,1734,14810,3860,117739,5089,207448,5592,325187,California
San Mateo,2021-04-06,13163,531914,8235,292388,3078,222866,1850,16660,7531,121515,5619,213067,9395,334582,California
San Mateo,2021-04-07,11362,543276,5259,297647,4428,227294,1675,18335,4845,121533,6496,219563,6514,341096,California
San Mateo,2021-04-08,10098,553374,5037,302684,2474,229768,2587,20922,4495,123017,5588,225151,7072,348168,California
San Mateo,2021-04-09,11262,564636,5478,308162,3307,233075,2477,23399,5089,124404,6171,231322,7558,355726,California
San Mateo,2021-04-10,11164,575800,5672,313834,4066,237141,1426,24825,4636,123957,6505,237827,6058,361784,California
San Mateo,2021-04-11,6609,582409,3286,317120,873,238014,2450,27275,2333,124465,4270,242097,4778,366562,California
San Mateo,2021-04-12,7305,589714,4469,321589,1876,239890,960,28235,3552,125243,3734,245831,4512,371074,California
San Mateo,2021-04-13,8142,597856,5085,326674,3048,242938,9,28244,4319,125755,3818,249649,4330,375404,California
San Mateo,2021-04-14,8307,606163,5366,332040,2940,245878,1,28245,4275,126018,4019,253668,4282,379686,California
San Mateo,2021-04-15,11076,617239,7366,339406,3708,249586,2,28247,7265,129498,3788,257456,7268,386954,California
San Mateo,2021-04-16,9940,627179,6856,346262,3068,252654,16,28263,6325,132245,3599,261055,6346,393300,California
San Mateo,2021-04-17,9662,636841,6438,352700,3221,255875,3,28266,6136,134872,3516,264571,6143,399443,California
San Mateo,2021-04-18,5403,642244,2593,355293,2810,258685,0,28266,3655,136795,1738,266309,3661,403104,California
San Mateo,2021-04-19,8349,650593,5439,360732,2910,261595,0,28266,5417,139299,2922,269231,5426,408530,California
San Mateo,2021-04-20,10239,660832,5700,366432,4539,266134,0,28266,6583,142253,3640,272871,6594,415124,California
San Mateo,2021-04-21,8995,669827,6098,372530,2897,269031,0,28266,5576,144432,3404,276275,5583,420707,California
San Mateo,2021-04-22,9567,679394,6412,378942,3154,272185,1,28267,5325,145552,4211,280486,5331,426038,California
San Mateo,2021-04-23,9452,688846,6221,385163,3231,275416,0,28267,5317,146773,4111,284597,5332,431370,California
San Mateo,2021-04-24,11223,700069,8019,393182,3204,278620,0,28267,6048,147674,5155,289752,6056,437426,California
San Mateo,2021-04-25,5516,705585,3858,397040,1656,280276,2,28269,3911,150003,1593,291345,3922,441348,California
San Mateo,2021-04-26,6312,711897,4626,401666,1679,281955,7,28276,3650,151017,2655,294000,3669,445017,California
San Mateo,2021-04-27,10969,722866,7800,409466,3064,285019,105,28381,4419,149020,6525,300525,4528,449545,California
San Mateo,2021-04-28,7659,730525,4423,413889,3032,288051,204,28585,4015,149607,3636,304161,4223,453768,California
San Mateo,2021-04-29,7915,738440,3709,417598,4031,292082,175,28760,3503,148910,4387,308548,3690,457458,California
San Mateo,2021-04-30,8069,746509,5065,422663,2852,294934,152,28912,3422,147871,4626,313174,3587,461045,California
San Mateo,2021-05-01,6141,752650,4114,426777,1908,296842,119,29031,2657,147189,3469,316643,2787,463832,California
San Mateo,2021-05-02,3169,755819,1740,428517,1358,298200,71,29102,1144,146391,2017,318660,1219,465051,California
San Mateo,2021-05-03,6041,761860,4525,433042,1372,299572,144,29246,1906,144314,4127,322787,2050,467101,California
San Mateo,2021-05-04,7228,769088,4892,437934,2164,301736,172,29418,2454,142193,4759,327546,2638,469739,California
San Mateo,2021-05-05,6841,775929,4471,442405,2208,303944,162,29580,2463,140469,4350,331896,2626,472365,California
San Mateo,2021-05-06,8486,784415,6631,449036,1682,305626,173,29753,1738,135654,6731,338627,1916,474281,California
San Mateo,2021-05-07,8187,792602,5857,454893,2047,307673,283,30036,1837,131464,6321,344948,2131,476412,California
San Mateo,2021-05-08,6645,799247,4029,458922,2378,310051,238,30274,1831,128735,4803,349751,2074,478486,California
San Mateo,2021-05-09,3117,802364,2433,461355,611,310662,73,30347,1065,127828,2046,351797,1139,479625,California
San Mateo,2021-05-10,4566,806930,3276,464631,1121,311783,169,30516,773,124994,3784,355581,950,480575,California
San Mateo,2021-05-11,6453,813383,4845,469476,1496,313279,112,30628,1650,121972,4787,360368,1765,482340,California
San Mateo,2021-05-12,6260,819643,4520,473996,1557,314836,183,30811,1474,118858,4775,365143,1661,484001,California
San Mateo,2021-05-13,8441,828084,6246,480242,2110,316946,85,30896,2984,116493,5439,370582,3074,487075,California
San Mateo,2021-05-14,5726,833810,4124,484366,1516,318462,86,30982,1649,114167,4070,374652,1744,488819,California
San Mateo,2021-05-15,7716,841526,6039,490405,1614,320076,63,31045,3476,113498,4227,378879,3558,492377,California
Santa Barbara,2020-12-15,2,2,2,2,0,0,0,0,2,2,0,0,2,2,California
Santa Barbara,2020-12-16,2,4,2,4,0,0,0,0,2,4,0,0,2,4,California
Santa Barbara,2020-12-17,56,60,56,60,0,0,0,0,56,60,0,0,56,60,California
Santa Barbara,2020-12-18,378,438,377,437,1,1,0,0,378,438,0,0,378,438,California
Santa Barbara,2020-12-19,325,763,325,762,0,1,0,0,325,763,0,0,325,763,California
Santa Barbara,2020-12-20,235,998,235,997,0,1,0,0,235,998,0,0,235,998,California
Santa Barbara,2020-12-21,652,1650,650,1647,2,3,0,0,652,1650,0,0,652,1650,California
Santa Barbara,2020-12-22,245,1895,243,1890,2,5,0,0,245,1895,0,0,245,1895,California
Santa Barbara,2020-12-23,321,2216,203,2093,118,123,0,0,321,2216,0,0,321,2216,California
Santa Barbara,2020-12-24,88,2304,40,2133,48,171,0,0,88,2304,0,0,88,2304,California
Santa Barbara,2020-12-26,326,2630,66,2199,260,431,0,0,326,2630,0,0,326,2630,California
Santa Barbara,2020-12-27,62,2692,1,2200,61,492,0,0,62,2692,0,0,62,2692,California
Santa Barbara,2020-12-28,356,3048,223,2423,133,625,0,0,356,3048,0,0,356,3048,California
Santa Barbara,2020-12-29,555,3603,361,2784,194,819,0,0,555,3603,0,0,555,3603,California
Santa Barbara,2020-12-30,585,4188,403,3187,182,1001,0,0,585,4188,0,0,585,4188,California
Santa Barbara,2020-12-31,240,4428,114,3301,126,1127,0,0,240,4428,0,0,240,4428,California
Santa Barbara,2021-01-01,112,4540,108,3409,4,1131,0,0,112,4540,0,0,112,4540,California
Santa Barbara,2021-01-02,591,5131,225,3634,366,1497,0,0,591,5131,0,0,591,5131,California
Santa Barbara,2021-01-03,23,5154,15,3649,8,1505,0,0,23,5154,0,0,23,5154,California
Santa Barbara,2021-01-04,310,5464,247,3896,63,1568,0,0,309,5463,0,0,309,5463,California
Santa Barbara,2021-01-05,754,6218,381,4277,373,1941,0,0,727,6163,27,27,727,6190,California
Santa Barbara,2021-01-06,656,6874,276,4553,380,2321,0,0,595,6698,60,87,595,6785,California
Santa Barbara,2021-01-07,1033,7907,711,5264,322,2643,0,0,527,6723,502,589,527,7312,California
Santa Barbara,2021-01-08,1202,9109,842,6106,360,3003,0,0,709,6939,493,1082,709,8021,California
Santa Barbara,2021-01-09,566,9675,293,6399,273,3276,0,0,320,7013,246,1328,320,8341,California
Santa Barbara,2021-01-10,62,9737,50,6449,12,3288,0,0,46,7043,16,1344,46,8387,California
Santa Barbara,2021-01-11,839,10576,670,7119,169,3457,0,0,616,7437,222,1566,616,9003,California
Santa Barbara,2021-01-12,1429,12005,635,7754,794,4251,0,0,1272,8552,157,1723,1272,10275,California
Santa Barbara,2021-01-13,1229,13234,281,8035,948,5199,0,0,1102,9527,127,1850,1102,11377,California
Santa Barbara,2021-01-14,1249,14483,133,8168,1116,6315,0,0,1194,10668,54,1904,1195,12572,California
Santa Barbara,2021-01-15,1802,16285,421,8589,1381,7696,0,0,1721,12309,80,1984,1721,14293,California
Santa Barbara,2021-01-16,1272,17557,202,8791,1070,8766,0,0,1233,13504,38,2022,1233,15526,California
Santa Barbara,2021-01-17,123,17680,20,8811,103,8869,0,0,120,13621,3,2025,120,15646,California
Santa Barbara,2021-01-18,1151,18831,417,9228,734,9603,0,0,966,14402,185,2210,966,16612,California
Santa Barbara,2021-01-19,1638,20469,570,9798,1068,10671,0,0,1359,15483,278,2488,1359,17971,California
Santa Barbara,2021-01-20,2095,22564,544,10342,1551,12222,0,0,1736,16861,358,2846,1736,19707,California
Santa Barbara,2021-01-21,3088,25652,1818,12160,1270,13492,0,0,2929,19632,159,3005,2930,22637,California
Santa Barbara,2021-01-22,3018,28670,1864,14024,1154,14646,0,0,2854,22326,161,3166,2855,25492,California
Santa Barbara,2021-01-23,1734,30404,1106,15130,628,15274,0,0,1222,23037,511,3677,1222,26714,California
Santa Barbara,2021-01-24,844,31248,752,15882,92,15366,0,0,835,23863,9,3686,835,27549,California
Santa Barbara,2021-01-25,1245,32493,501,16383,744,16110,0,0,1005,24628,240,3926,1005,28554,California
Santa Barbara,2021-01-26,2051,34544,468,16851,1583,17693,0,0,1664,25907,385,4311,1664,30218,California
Santa Barbara,2021-01-27,1163,35707,400,17251,763,18456,0,0,901,26549,261,4572,903,31121,California
Santa Barbara,2021-01-28,895,36602,298,17549,597,19053,0,0,680,27017,212,4784,680,31801,California
Santa Barbara,2021-01-29,1333,37935,537,18086,796,19849,0,0,979,27647,351,5135,981,32782,California
Santa Barbara,2021-01-30,1892,39827,1420,19506,472,20321,0,0,1488,28734,401,5536,1488,34270,California
Santa Barbara,2021-01-31,1454,41281,1216,20722,238,20559,0,0,1415,30110,39,5575,1415,35685,California
Santa Barbara,2021-02-01,945,42226,521,21243,424,20983,0,0,557,30279,388,5963,557,36242,California
Santa Barbara,2021-02-02,1829,44055,701,21944,1128,22111,0,0,1052,30557,774,6737,1052,37294,California
Santa Barbara,2021-02-03,1941,45996,1077,23021,864,22975,0,0,1499,31624,432,7169,1499,38793,California
Santa Barbara,2021-02-04,2778,48774,1864,24885,914,23889,0,0,2482,33816,290,7459,2482,41275,California
Santa Barbara,2021-02-05,2904,51678,2060,26945,844,24733,0,0,2260,35434,642,8101,2260,43535,California
Santa Barbara,2021-02-06,1204,52882,338,27283,866,25599,0,0,794,35818,410,8511,794,44329,California
Santa Barbara,2021-02-07,301,53183,263,27546,38,25637,0,0,266,36050,34,8545,266,44595,California
Santa Barbara,2021-02-08,956,54139,311,27857,645,26282,0,0,668,36430,288,8833,668,45263,California
Santa Barbara,2021-02-09,2438,56577,313,28170,2125,28407,0,0,1119,36240,1309,10142,1119,46382,California
Santa Barbara,2021-02-10,2762,59339,1496,29666,1266,29673,0,0,780,35047,1973,12115,780,47162,California
Santa Barbara,2021-02-11,4185,63524,2807,32473,1378,31051,0,0,625,32121,3551,15666,625,47787,California
Santa Barbara,2021-02-12,3308,66832,949,33422,2359,33410,0,0,774,30367,2528,18194,774,48561,California
Santa Barbara,2021-02-13,1235,68067,341,33763,894,34304,0,0,561,30258,670,18864,561,49122,California
Santa Barbara,2021-02-14,331,68398,34,33797,297,34601,0,0,285,30497,46,18910,285,49407,California
Santa Barbara,2021-02-15,968,69366,339,34136,629,35230,0,0,492,30518,471,19381,492,49899,California
Santa Barbara,2021-02-16,2108,71474,396,34532,1712,36942,0,0,716,29846,1388,20769,716,50615,California
Santa Barbara,2021-02-17,1437,72911,321,34853,1116,38058,0,0,522,29456,912,21681,522,51137,California
Santa Barbara,2021-02-18,3255,76166,2647,37500,608,38666,0,0,1519,29274,1701,23382,1519,52656,California
Santa Barbara,2021-02-19,3597,79763,2643,40143,954,39620,0,0,2331,30342,1263,24645,2331,54987,California
Santa Barbara,2021-02-20,2221,81984,1435,41578,786,40406,0,0,1666,31462,546,25191,1666,56653,California
Santa Barbara,2021-02-21,126,82110,97,41675,29,40435,0,0,57,31450,69,25260,57,56710,California
Santa Barbara,2021-02-22,940,83050,248,41923,692,41127,0,0,261,31039,672,25932,261,56971,California
Santa Barbara,2021-02-23,3187,86237,1045,42968,2142,43269,0,0,421,28698,2762,28694,421,57392,California
Santa Barbara,2021-02-24,3201,89438,1090,44058,2111,45380,0,0,721,26951,2468,31162,721,58113,California
Santa Barbara,2021-02-25,3452,92890,1920,45978,1532,46912,0,0,987,25481,2458,33620,988,59101,California
Santa Barbara,2021-02-26,3665,96555,2175,48153,1490,48402,0,0,1978,25780,1679,35299,1978,61079,California
Santa Barbara,2021-02-27,1529,98084,564,48717,965,49367,0,0,847,25954,675,35974,849,61928,California
Santa Barbara,2021-02-28,1086,99170,221,48938,865,50232,0,0,894,26662,187,36161,895,62823,California
Santa Barbara,2021-03-01,1636,100806,465,49403,1171,51403,0,0,1084,27208,539,36700,1085,63908,California
Santa Barbara,2021-03-02,2637,103443,414,49817,2223,53626,0,0,2136,28857,488,37188,2137,66045,California
Santa Barbara,2021-03-03,4627,108070,2100,51917,2525,56151,2,2,4031,32307,586,37774,4036,70081,California
Santa Barbara,2021-03-04,3418,111488,2280,54197,1138,57289,0,2,2864,34625,546,38320,2864,72945,California
Santa Barbara,2021-03-05,3814,115302,2162,56359,1593,58882,59,61,3088,37052,720,39040,3147,76092,California
Santa Barbara,2021-03-06,2431,117733,724,57083,1488,60370,219,280,1666,38175,761,39801,1884,77976,California
Santa Barbara,2021-03-07,561,118294,122,57205,309,60679,130,410,382,38510,178,39979,513,78489,California
Santa Barbara,2021-03-08,1574,119868,378,57583,854,61533,342,752,792,38868,776,40755,1134,79623,California
Santa Barbara,2021-03-09,2772,122640,324,57907,1675,63208,773,1525,718,38304,2051,42806,1487,81110,California
Santa Barbara,2021-03-10,2751,125391,546,58453,1159,64367,1046,2571,1034,38673,1711,44517,2080,83190,California
Santa Barbara,2021-03-11,5575,130966,3029,61482,1431,65798,1115,3686,2280,38781,3282,47799,3390,86580,California
Santa Barbara,2021-03-12,3669,134635,2095,63577,1145,66943,429,4115,2176,39898,1485,49284,2602,89182,California
Santa Barbara,2021-03-13,3473,138108,1924,65501,1340,68283,209,4324,2693,42023,778,50062,2903,92085,California
Santa Barbara,2021-03-14,782,138890,370,65871,355,68638,57,4381,464,42226,318,50380,521,92606,California
Santa Barbara,2021-03-15,2105,140995,691,66562,1123,69761,291,4672,1267,42950,832,51212,1556,94162,California
Santa Barbara,2021-03-16,3723,144718,1172,67734,2209,71970,342,5014,2737,45046,983,52195,3079,97241,California
Santa Barbara,2021-03-17,3297,148015,973,68707,1919,73889,405,5419,2308,46768,987,53182,2709,99950,California
Santa Barbara,2021-03-18,5222,153237,2798,71505,2222,76111,202,5621,3998,49759,1209,54391,4200,104150,California
Santa Barbara,2021-03-19,4441,157678,2765,74270,1344,77455,332,5953,3052,51757,1385,55776,3383,107533,California
Santa Barbara,2021-03-20,2166,159844,827,75097,1327,78782,12,5965,1331,52266,833,56609,1342,108875,California
Santa Barbara,2021-03-21,1164,161008,382,75479,752,79534,30,5995,838,52810,324,56933,868,109743,California
Santa Barbara,2021-03-22,2778,163786,1912,77391,822,80356,44,6039,2224,54532,546,57479,2268,112011,California
Santa Barbara,2021-03-23,4477,168263,2250,79641,2127,82483,100,6139,3711,57586,757,58236,3811,115822,California
Santa Barbara,2021-03-24,5407,173670,3154,82795,1512,83995,741,6880,2971,58880,2415,60651,3709,119531,California
Santa Barbara,2021-03-25,5552,179222,3277,86072,2087,86082,188,7068,2779,59091,2756,63407,2967,122498,California
Santa Barbara,2021-03-26,5083,184305,3221,89293,1563,87645,299,7367,2240,58803,2827,66234,2539,125037,California
Santa Barbara,2021-03-27,2923,187228,1219,90512,1661,89306,43,7410,1595,59116,1323,67557,1636,126673,California
Santa Barbara,2021-03-28,2771,189999,1647,92159,1096,90402,28,7438,1887,60153,879,68436,1916,128589,California
Santa Barbara,2021-03-29,4042,194041,2086,94245,1885,92287,71,7509,3231,62648,807,69243,3302,131891,California
Santa Barbara,2021-03-30,6793,200834,3510,97755,3133,95420,150,7659,4554,65125,2224,71467,4701,136592,California
Santa Barbara,2021-03-31,8653,209487,5517,103272,3069,98489,67,7726,5056,66670,3579,75046,5124,141716,California
Santa Barbara,2021-04-01,7016,216503,5189,108461,1568,100057,259,7985,4158,68246,2842,77888,4418,146134,California
Santa Barbara,2021-04-02,6600,223103,4525,112986,1482,101539,593,8578,3384,69014,3209,81097,3977,150111,California
Santa Barbara,2021-04-03,3788,226891,2101,115087,1619,103158,68,8646,2501,70299,1283,82380,2568,152679,California
Santa Barbara,2021-04-04,898,227789,444,115531,414,103572,40,8686,500,70443,396,82776,540,153219,California
Santa Barbara,2021-04-05,3452,231241,2279,117810,915,104487,258,8944,2161,71577,1285,84061,2419,155638,California
Santa Barbara,2021-04-06,5445,236686,2810,120620,2099,106586,536,9480,3326,73333,2104,86165,3860,159498,California
Santa Barbara,2021-04-07,5968,242654,3283,123903,2144,108730,541,10021,4061,76037,1897,88062,4601,164099,California
Santa Barbara,2021-04-08,7359,250013,5008,128911,641,109371,1710,11731,3392,77171,3965,92027,5099,169198,California
Santa Barbara,2021-04-09,7255,257268,4826,133737,1084,110455,1345,13076,3265,77795,3981,96008,4605,173803,California
Santa Barbara,2021-04-10,6629,263897,4587,138324,1425,111880,617,13693,4503,80794,2119,98127,5118,178921,California
Santa Barbara,2021-04-11,2641,266538,1930,140254,412,112292,299,13992,1821,82095,814,98941,2115,181036,California
Santa Barbara,2021-04-12,4424,270962,2847,143101,1024,113316,553,14545,1922,82073,2495,101436,2473,183509,California
Santa Barbara,2021-04-13,6306,277268,4149,147250,2151,115467,6,14551,2623,81022,3679,105115,2628,186137,California
Santa Barbara,2021-04-14,6723,283991,4400,151650,2321,117788,2,14553,4205,82721,2508,107623,4207,190344,California
Santa Barbara,2021-04-15,6933,290924,4083,155733,2849,120637,1,14554,3760,83319,3164,110787,3762,194106,California
Santa Barbara,2021-04-16,6377,297301,3752,159485,2614,123251,11,14565,4392,85751,1970,112757,4402,198508,California
Santa Barbara,2021-04-17,5300,302601,3855,163340,1445,124696,0,14565,4090,88640,1201,113958,4090,202598,California
Santa Barbara,2021-04-18,2127,304728,1476,164816,651,125347,0,14565,371,87260,1752,115710,372,202970,California
Santa Barbara,2021-04-19,3224,307952,2220,167036,998,126345,6,14571,1022,86091,2198,117908,1029,203999,California
Santa Barbara,2021-04-20,5856,313808,3943,170979,1912,128257,1,14572,1646,83539,4198,122106,1646,205645,California
Santa Barbara,2021-04-21,5431,319239,3593,174572,1838,130095,0,14572,1697,81514,3722,125828,1697,207342,California
Santa Barbara,2021-04-22,5075,324314,2549,177121,2525,132620,1,14573,1450,79357,3610,129438,1453,208795,California
Santa Barbara,2021-04-23,5525,329839,3871,180992,1654,134274,0,14573,1951,77744,3564,133002,1951,210746,California
Santa Barbara,2021-04-24,4422,334261,2877,183869,1540,135814,5,14578,1663,76661,2751,135753,1668,212414,California
Santa Barbara,2021-04-25,1832,336093,1185,185054,647,136461,0,14578,501,75839,1323,137076,501,212915,California
Santa Barbara,2021-04-26,2917,339010,1805,186859,1091,137552,21,14599,454,73857,2457,139533,475,213390,California
Santa Barbara,2021-04-27,3680,342690,2030,188889,1563,139115,87,14686,1107,72486,2564,142097,1193,214583,California
Santa Barbara,2021-04-28,4900,347590,2863,191752,1921,141036,116,14802,1403,70522,3486,145583,1522,216105,California
Santa Barbara,2021-04-29,5245,352835,3797,195549,1221,142257,227,15029,1444,68406,3785,149368,1669,217774,California
Santa Barbara,2021-04-30,4944,357779,3694,199243,1086,143343,164,15193,1422,66482,3509,152877,1585,219359,California
Santa Barbara,2021-05-01,5236,363015,4058,203301,1146,144489,32,15225,906,63099,4323,157200,940,220299,California
Santa Barbara,2021-05-02,1131,364146,666,203967,337,144826,128,15353,308,62713,822,158022,436,220735,California
Santa Barbara,2021-05-03,2203,366349,1479,205446,585,145411,139,15492,443,61541,1754,159776,582,221317,California
Santa Barbara,2021-05-04,3278,369627,1661,207107,1547,146958,70,15562,1140,60625,2125,161901,1209,222526,California
Santa Barbara,2021-05-05,5418,375045,3670,210777,1601,148559,147,15709,628,56623,4778,166679,776,223302,California
Santa Barbara,2021-05-06,5036,380081,3903,214680,1029,149588,104,15813,962,53631,4058,170737,1066,224368,California
Santa Barbara,2021-05-07,4659,384740,3654,218334,828,150416,177,15990,1004,51165,3645,174382,1179,225547,California
Santa Barbara,2021-05-08,4208,388948,3152,221486,958,151374,98,16088,866,48802,3327,177709,964,226511,California
Santa Barbara,2021-05-09,702,389650,109,221595,553,151927,40,16128,467,49076,234,177943,508,227019,California
Santa Barbara,2021-05-10,1299,390949,620,222215,595,152522,84,16212,350,48562,947,178890,433,227452,California
Santa Barbara,2021-05-11,1793,392742,770,222985,731,153253,292,16504,386,47838,1400,180290,676,228128,California
Santa Barbara,2021-05-12,1453,394195,639,223624,611,153864,203,16707,409,47413,1037,181327,612,228740,California
Santa Barbara,2021-05-13,3366,397561,2610,226234,567,154431,189,16896,1033,46306,2327,183654,1220,229960,California
Santa Barbara,2021-05-14,3429,400990,2176,228410,1189,155620,64,16960,1266,45482,2152,185806,1328,231288,California
Santa Barbara,2021-05-15,2520,403510,1963,230373,550,156170,7,16967,1378,45728,1139,186945,1385,232673,California
Santa Clara,2020-12-15,65,65,65,65,0,0,0,0,65,65,0,0,65,65,California
Santa Clara,2020-12-16,136,201,136,201,0,0,0,0,136,201,0,0,136,201,California
Santa Clara,2020-12-17,392,593,392,593,0,0,0,0,392,593,0,0,392,593,California
Santa Clara,2020-12-18,1674,2267,1674,2267,0,0,0,0,1674,2267,0,0,1674,2267,California
Santa Clara,2020-12-19,2074,4341,2074,4341,0,0,0,0,2073,4340,0,0,2073,4340,California
Santa Clara,2020-12-20,1893,6234,1892,6233,1,1,0,0,1890,6230,0,0,1890,6230,California
Santa Clara,2020-12-21,2670,8904,2670,8903,0,1,0,0,2669,8899,0,0,2669,8899,California
Santa Clara,2020-12-22,3119,12023,3112,12015,7,8,0,0,3116,12015,0,0,3116,12015,California
Santa Clara,2020-12-23,3262,15285,3075,15090,187,195,0,0,3260,15275,0,0,3260,15275,California
Santa Clara,2020-12-24,1894,17179,1709,16799,185,380,0,0,1888,17162,1,1,1888,17163,California
Santa Clara,2020-12-25,343,17522,342,17141,1,381,0,0,343,17505,0,1,343,17506,California
Santa Clara,2020-12-26,1264,18786,1031,18172,233,614,0,0,1263,18768,0,1,1263,18769,California
Santa Clara,2020-12-27,648,19434,508,18680,140,754,0,0,648,19416,0,1,648,19417,California
Santa Clara,2020-12-28,2334,21768,1732,20412,602,1356,0,0,2334,21750,0,1,2334,21751,California
Santa Clara,2020-12-29,2330,24098,1471,21883,859,2215,0,0,2328,24078,0,1,2328,24079,California
Santa Clara,2020-12-30,2994,27092,1902,23785,1092,3307,0,0,2992,27068,2,3,2992,27071,California
Santa Clara,2020-12-31,1216,28308,392,24177,824,4131,0,0,1215,28282,1,4,1215,28286,California
Santa Clara,2021-01-01,145,28453,12,24189,133,4264,0,0,144,28425,1,5,144,28430,California
Santa Clara,2021-01-02,1087,29540,817,25006,270,4534,0,0,1087,29512,0,5,1087,29517,California
Santa Clara,2021-01-03,584,30124,368,25374,216,4750,0,0,579,30088,3,8,579,30096,California
Santa Clara,2021-01-04,2470,32594,1670,27044,800,5550,0,0,2467,32555,0,8,2467,32563,California
Santa Clara,2021-01-05,3068,35662,2011,29055,1057,6607,0,0,2881,35256,186,194,2887,35450,California
Santa Clara,2021-01-06,3326,38988,1961,31016,1365,7972,0,0,2751,37438,571,765,2753,38203,California
Santa Clara,2021-01-07,4216,43204,2558,33574,1658,9630,0,0,3149,39535,1057,1822,3154,41357,California
Santa Clara,2021-01-08,5847,49051,3821,37395,2026,11656,0,0,3794,41280,2049,3871,3794,45151,California
Santa Clara,2021-01-09,2972,52023,1865,39260,1107,12763,0,0,1688,41687,1284,5155,1691,46842,California
Santa Clara,2021-01-10,1953,53976,1508,40768,445,13208,0,0,745,41225,1207,6362,745,47587,California
Santa Clara,2021-01-11,5944,59920,3741,44509,2203,15411,0,0,3380,42047,2563,8925,3385,50972,California
Santa Clara,2021-01-12,6804,66724,3400,47909,3404,18815,0,0,4563,44371,2240,11165,4564,55536,California
Santa Clara,2021-01-13,7362,74086,3044,50953,4318,23133,0,0,5195,47402,2165,13330,5196,60732,California
Santa Clara,2021-01-14,8223,82309,2789,53742,5434,28567,0,0,6487,52160,1731,15061,6489,67221,California
Santa Clara,2021-01-15,9455,91764,2685,56427,6770,35337,0,0,8136,58985,1316,16377,8141,75362,California
Santa Clara,2021-01-16,4301,96065,1230,57657,3071,38408,0,0,3465,61618,832,17209,3465,78827,California
Santa Clara,2021-01-17,3217,99282,606,58263,2611,41019,0,0,2720,63841,497,17706,2720,81547,California
Santa Clara,2021-01-18,5089,104371,1152,59415,3937,44956,0,0,4534,67821,555,18261,4535,86082,California
Santa Clara,2021-01-19,8489,112860,2681,62096,5808,50764,0,0,6810,72958,1676,19937,6813,92895,California
Santa Clara,2021-01-20,8083,120943,4111,66207,3972,54736,0,0,6533,77946,1545,21482,6533,99428,California
Santa Clara,2021-01-21,8662,129605,3751,69958,4911,59647,0,0,7462,84212,1198,22680,7464,106892,California
Santa Clara,2021-01-22,8622,138227,3245,73203,5377,65024,0,0,8056,91706,565,23245,8059,114951,California
Santa Clara,2021-01-23,3782,142009,1691,74894,2091,67115,0,0,2822,93569,960,24205,2823,117774,California
Santa Clara,2021-01-24,2827,144836,1423,76317,1404,68519,0,0,2341,95427,483,24688,2341,120115,California
Santa Clara,2021-01-25,8382,153218,3793,80110,4589,73108,0,0,6315,99687,2059,26747,6319,126434,California
Santa Clara,2021-01-26,8239,161457,3771,83881,4468,77576,0,0,6120,103700,2109,28856,6122,132556,California
Santa Clara,2021-01-27,8713,170170,3829,87710,4884,82460,0,0,6791,108591,1901,30757,6792,139348,California
Santa Clara,2021-01-28,9462,179632,3797,91507,5665,88125,0,0,7504,114162,1937,32694,7508,146856,California
Santa Clara,2021-01-29,9508,189140,3946,95453,5562,93687,0,0,7336,119336,2163,34857,7337,154193,California
Santa Clara,2021-01-30,4183,193323,2077,97530,2106,95793,0,0,2977,121115,1199,36056,2978,157171,California
Santa Clara,2021-01-31,2174,195497,1305,98835,869,96662,0,0,1581,122106,590,36646,1581,158752,California
Santa Clara,2021-02-01,7831,203328,3489,102324,4342,101004,0,0,6143,126570,1680,38326,6144,164896,California
Santa Clara,2021-02-02,8527,211855,2875,105199,5652,106656,0,0,6528,131109,1992,40318,6531,171427,California
Santa Clara,2021-02-03,9194,221049,3480,108679,5714,112370,0,0,6915,135757,2273,42591,6921,178348,California
Santa Clara,2021-02-04,10923,231972,4128,112807,6795,119165,0,0,8638,142123,2275,44866,8641,186989,California
Santa Clara,2021-02-05,11917,243889,4350,117157,7567,126732,0,0,8454,147130,3448,48314,8455,195444,California
Santa Clara,2021-02-06,5184,249073,2820,119977,2364,129096,0,0,4021,149994,1159,49473,4023,199467,California
Santa Clara,2021-02-07,3475,252548,2350,122327,1125,130221,0,0,3021,152563,453,49926,3022,202489,California
Santa Clara,2021-02-08,10007,262555,3481,125808,6526,136747,0,0,7294,157160,2698,52624,7295,209784,California
Santa Clara,2021-02-09,11162,273717,3818,129626,7344,144091,0,0,7668,161348,3483,56107,7671,217455,California
Santa Clara,2021-02-10,12640,286357,4912,134538,7728,151819,0,0,6837,162397,5790,61897,6839,224294,California
Santa Clara,2021-02-11,13503,299860,4720,139258,8783,160602,0,0,7664,164238,5824,67721,7665,231959,California
Santa Clara,2021-02-12,14540,314400,4492,143750,10048,170650,0,0,6975,163670,7545,75266,6977,238936,California
Santa Clara,2021-02-13,6075,320475,1460,145210,4615,175265,0,0,2220,162044,3848,79114,2222,241158,California
Santa Clara,2021-02-14,4612,325087,1143,146353,3469,178734,0,0,1467,160370,3143,82257,1469,242627,California
Santa Clara,2021-02-15,6256,331343,2800,149153,3456,182190,0,0,2694,159511,3553,85810,2694,245321,California
Santa Clara,2021-02-16,13770,345113,4000,153153,9770,191960,0,0,6928,159615,6824,92634,6928,252249,California
Santa Clara,2021-02-17,14071,359184,5491,158644,8580,200540,0,0,7048,159663,7005,99639,7053,259302,California
Santa Clara,2021-02-18,14195,373379,8363,167007,5832,206372,0,0,7232,159978,6920,106559,7235,266537,California
Santa Clara,2021-02-19,14805,388184,9519,176526,5286,211658,0,0,8615,162424,6174,112733,8620,275157,California
Santa Clara,2021-02-20,6819,395003,5106,181632,1713,213371,0,0,3673,162961,3136,115869,3673,278830,California
Santa Clara,2021-02-21,3248,398251,2429,184061,819,214190,0,0,1164,162051,2076,117945,1166,279996,California
Santa Clara,2021-02-22,10160,408411,6087,190148,4073,218263,0,0,4730,161362,5420,123365,4731,284727,California
Santa Clara,2021-02-23,11876,420287,7705,197853,4171,222434,0,0,6738,162979,5125,128490,6742,291469,California
Santa Clara,2021-02-24,14143,434430,9107,206960,5036,227470,0,0,8754,166360,5373,133863,8754,300223,California
Santa Clara,2021-02-25,14611,449041,9246,216206,5365,232835,0,0,7882,167539,6708,140571,7887,308110,California
Santa Clara,2021-02-26,14554,463595,8435,224641,6119,238954,0,0,7996,169005,6533,147104,7999,316109,California
Santa Clara,2021-02-27,8064,471659,5504,230145,2559,241513,1,1,4460,169879,3594,150698,4468,320577,California
Santa Clara,2021-02-28,4724,476383,3075,233220,1649,243162,0,1,2205,169574,2510,153208,2205,322782,California
Santa Clara,2021-03-01,14068,490451,7978,241198,6087,249249,3,4,8708,172945,5340,158548,8711,331493,California
Santa Clara,2021-03-02,15888,506339,9392,250590,6495,255744,1,5,10130,177344,5733,164281,10132,341625,California
Santa Clara,2021-03-03,18426,524765,9043,259633,9382,265126,1,6,11440,181842,6949,171230,11447,353072,California
Santa Clara,2021-03-04,16420,541185,8939,268572,7478,272604,3,9,9552,184611,6788,178018,9557,362629,California
Santa Clara,2021-03-05,16489,557674,9153,277725,7211,279815,125,134,9139,186550,7329,185347,9268,371897,California
Santa Clara,2021-03-06,9364,567038,6274,283999,2653,282468,437,571,7048,191731,2303,187650,7484,379381,California
Santa Clara,2021-03-07,6732,573770,4414,288413,2085,284553,233,804,5361,195961,1363,189013,5593,384974,California
Santa Clara,2021-03-08,12839,586609,6682,295095,5596,290149,561,1365,8225,200150,4597,193610,8786,393760,California
Santa Clara,2021-03-09,14926,601535,6214,301309,7381,297530,1331,2696,6606,199781,8301,201911,7932,401692,California
Santa Clara,2021-03-10,15006,616541,6482,307791,6421,303951,2103,4799,6115,199113,8865,210776,8197,409889,California
Santa Clara,2021-03-11,17013,633554,7748,315539,7761,311712,1504,6303,6037,195693,10948,221724,7528,417417,California
Santa Clara,2021-03-12,17634,651188,9069,324608,6996,318708,1569,7872,5954,191560,11640,233364,7507,424924,California
Santa Clara,2021-03-13,10705,661893,6194,330802,3020,321728,1491,9363,4793,191938,5889,239253,6267,431191,California
Santa Clara,2021-03-14,6482,668375,3349,334151,1825,323553,1308,10671,3198,193167,3268,242521,4497,435688,California
Santa Clara,2021-03-15,12747,681122,6519,340670,5959,329512,269,10940,5973,192657,6752,249273,6242,441930,California
Santa Clara,2021-03-16,18143,699265,10255,350925,7679,337191,209,11149,8799,192347,9315,258588,9005,450935,California
Santa Clara,2021-03-17,19831,719096,11233,362158,8429,345620,169,11318,10239,193207,9542,268130,10402,461337,California
Santa Clara,2021-03-18,19015,738111,8902,371060,8953,354573,1160,12478,9063,193528,9897,278027,10218,471555,California
Santa Clara,2021-03-19,19180,757291,9865,380925,8317,362890,998,13476,9964,195324,9157,287184,10953,482508,California
Santa Clara,2021-03-20,11480,768771,6301,387226,4351,367241,828,14304,6760,198217,4691,291875,7584,490092,California
Santa Clara,2021-03-21,8258,777029,3732,390958,3128,370369,1398,15702,5544,202445,2703,294578,6931,497023,California
Santa Clara,2021-03-22,16262,793291,9071,400029,6847,377216,344,16046,9293,205137,6944,301522,9636,506659,California
Santa Clara,2021-03-23,19178,812469,12198,412227,6465,383681,515,16561,11250,209021,7881,309403,11765,518424,California
Santa Clara,2021-03-24,22532,835001,14514,426741,7609,391290,409,16970,14638,216218,7852,317255,15049,533473,California
Santa Clara,2021-03-25,22859,857860,13086,439827,8789,400079,984,17954,14760,223913,8036,325291,15731,549204,California
Santa Clara,2021-03-26,21850,879710,13921,453748,7546,407625,383,18337,13525,229528,8289,333580,13904,563108,California
Santa Clara,2021-03-27,15629,895339,10394,464142,4471,412096,764,19101,8438,231578,7149,340729,9199,572307,California
Santa Clara,2021-03-28,11996,907335,8299,472441,2984,415080,713,19814,6496,233308,5475,346204,7205,579512,California
Santa Clara,2021-03-29,20531,927866,12589,485030,7217,422297,725,20539,11187,235907,9305,355509,11904,591416,California
Santa Clara,2021-03-30,25549,953415,15206,500236,8409,430706,1934,22473,16349,245017,9166,364675,18276,609692,California
Santa Clara,2021-03-31,20372,973787,11818,512054,7429,438135,1125,23598,12614,251023,7720,372395,13726,623418,California
Santa Clara,2021-04-01,31626,1005413,19763,531817,8863,446998,3000,26598,20031,262504,11533,383928,23014,646432,California
Santa Clara,2021-04-02,24953,1030366,14235,546052,8590,455588,2128,28726,16298,272297,8621,392549,18414,664846,California
Santa Clara,2021-04-03,15161,1045527,9182,555234,3482,459070,2497,31223,8428,276497,6715,399264,10915,675761,California
Santa Clara,2021-04-04,7612,1053139,4026,559260,2428,461498,1158,32381,3971,277992,3632,402896,5127,680888,California
Santa Clara,2021-04-05,21729,1074868,14493,573753,4775,466273,2461,34842,14181,287106,7524,410420,16638,697526,California
Santa Clara,2021-04-06,29355,1104223,16191,589944,7755,474028,5409,40251,17621,298425,11693,422113,23012,720538,California
Santa Clara,2021-04-07,30622,1134845,15818,605762,8379,482407,6425,46676,18714,311683,11856,433969,25114,745652,California
Santa Clara,2021-04-08,29667,1164512,16227,621989,5937,488344,7503,54179,16173,321899,13426,447395,23642,769294,California
Santa Clara,2021-04-09,27731,1192243,13740,635729,6828,495172,7163,61342,14173,329701,13504,460899,21306,790600,California
Santa Clara,2021-04-10,21251,1213494,12303,648032,3749,498921,5199,66541,11399,336441,9822,470721,16562,807162,California
Santa Clara,2021-04-11,15958,1229452,9561,657593,2638,501559,3759,70300,8290,340834,7639,478360,12032,819194,California
Santa Clara,2021-04-12,26744,1256196,18824,676417,5503,507062,2417,72717,18256,353057,8438,486798,20661,839855,California
Santa Clara,2021-04-13,34234,1290430,26965,703382,7242,514304,27,72744,26435,371816,7725,494523,26484,866339,California
Santa Clara,2021-04-14,36697,1327127,27849,731231,8844,523148,4,72748,26145,387499,10492,505015,26175,892514,California
Santa Clara,2021-04-15,43967,1371094,34131,765362,9835,532983,1,72749,33930,411518,9935,514950,33954,926468,California
Santa Clara,2021-04-16,38243,1409337,26253,791615,11988,544971,2,72751,27447,428257,10736,525686,27475,953943,California
Santa Clara,2021-04-17,21957,1431294,15031,806646,6925,551896,1,72752,15070,436497,6846,532532,15086,969029,California
Santa Clara,2021-04-18,16367,1447661,10640,817286,5727,557623,0,72752,10257,440684,6081,538613,10268,979297,California
Santa Clara,2021-04-19,28792,1476453,20856,838142,7935,565558,1,72753,17237,446463,11489,550102,17268,996565,California
Santa Clara,2021-04-20,36786,1513239,22353,860495,14433,579991,0,72753,22466,454743,14215,564317,22495,1019060,California
Santa Clara,2021-04-21,36652,1549891,21223,881718,15428,595419,1,72754,24271,466747,12300,576617,24304,1043364,California
Santa Clara,2021-04-22,37132,1587023,24757,906475,12374,607793,1,72755,17575,464922,19464,596081,17639,1061003,California
Santa Clara,2021-04-23,31823,1618846,19402,925877,12421,620214,0,72755,14971,463185,16757,612838,15020,1076023,California
Santa Clara,2021-04-24,20891,1639737,15244,941121,5646,625860,1,72756,11824,466036,9001,621839,11852,1087875,California
Santa Clara,2021-04-25,13488,1653225,9745,950866,3736,629596,7,72763,8586,469793,4859,626698,8616,1096491,California
Santa Clara,2021-04-26,24193,1677418,18916,969782,5219,634815,58,72821,10094,465958,14009,640707,10174,1106665,California
Santa Clara,2021-04-27,26651,1704069,19251,989033,7113,641928,287,73108,11713,463148,14847,655554,12037,1118702,California
Santa Clara,2021-04-28,25223,1729292,18599,1007632,6185,648113,439,73547,10379,459259,14763,670317,10874,1129576,California
Santa Clara,2021-04-29,23111,1752403,16790,1024422,5925,654038,396,73943,8328,453330,14716,685033,8787,1138363,California
Santa Clara,2021-04-30,22806,1775209,15643,1040065,6803,660841,360,74303,9704,450449,13018,698051,10137,1148500,California
Santa Clara,2021-05-01,17363,1792572,14441,1054506,2663,663504,259,74562,5474,444381,11842,709893,5774,1154274,California
Santa Clara,2021-05-02,11282,1803854,9361,1063867,1693,665197,228,74790,3495,440381,7745,717638,3745,1158019,California
Santa Clara,2021-05-03,22753,1826607,19349,1083216,2976,668173,428,75218,5140,428440,17542,735180,5601,1163620,California
Santa Clara,2021-05-04,30529,1857136,23923,1107139,6065,674238,541,75759,5485,409555,24949,760129,6064,1169684,California
Santa Clara,2021-05-05,32167,1889303,24456,1131595,7168,681406,543,76302,5441,388934,26630,786759,6009,1175693,California
Santa Clara,2021-05-06,35168,1924471,29278,1160873,5423,686829,467,76769,4671,363728,30365,817124,5159,1180852,California
Santa Clara,2021-05-07,32485,1956956,26153,1187026,5845,692674,487,77256,4635,341175,27716,844840,5163,1186015,California
Santa Clara,2021-05-08,16431,1973387,13364,1200390,2644,695318,423,77679,3477,332222,12869,857709,3916,1189931,California
Santa Clara,2021-05-09,10184,1983571,8822,1209212,1175,696493,187,77866,2426,327124,7723,865432,2625,1192556,California
Santa Clara,2021-05-10,20389,2003960,16294,1225506,3694,700187,401,78267,2731,312699,17579,883011,3154,1195710,California
Santa Clara,2021-05-11,20907,2024867,15671,1241177,4842,705029,394,78661,3805,299881,17024,900035,4206,1199916,California
Santa Clara,2021-05-12,19396,2044263,14277,1255454,4671,709700,448,79109,4065,289147,15259,915294,4525,1204441,California
Santa Clara,2021-05-13,25991,2070254,21184,1276638,4526,714226,281,79390,10378,284272,15540,930834,10665,1215106,California
Santa Clara,2021-05-14,11234,2081488,7077,1283715,3912,718138,245,79635,3642,280614,7547,938381,3889,1218995,California
Santa Clara,2021-05-15,7347,2088835,4736,1288451,2448,720586,163,79798,2464,278387,4856,943237,2629,1221624,California
Santa Cruz,2020-12-15,2,2,2,2,0,0,0,0,2,2,0,0,2,2,California
Santa Cruz,2020-12-16,58,60,58,60,0,0,0,0,58,60,0,0,58,60,California
Santa Cruz,2020-12-17,389,449,389,449,0,0,0,0,389,449,0,0,389,449,California
Santa Cruz,2020-12-18,464,913,464,913,0,0,0,0,464,913,0,0,464,913,California
Santa Cruz,2020-12-19,179,1092,178,1091,1,1,0,0,179,1092,0,0,179,1092,California
Santa Cruz,2020-12-20,95,1187,95,1186,0,1,0,0,95,1187,0,0,95,1187,California
Santa Cruz,2020-12-21,437,1624,437,1623,0,1,0,0,437,1624,0,0,437,1624,California
Santa Cruz,2020-12-22,423,2047,422,2045,1,2,0,0,423,2047,0,0,423,2047,California
Santa Cruz,2020-12-23,371,2418,328,2373,43,45,0,0,371,2418,0,0,371,2418,California
Santa Cruz,2020-12-24,125,2543,49,2422,76,121,0,0,125,2543,0,0,125,2543,California
Santa Cruz,2020-12-25,11,2554,11,2433,0,121,0,0,11,2554,0,0,11,2554,California
Santa Cruz,2020-12-26,65,2619,46,2479,19,140,0,0,65,2619,0,0,65,2619,California
Santa Cruz,2020-12-27,32,2651,27,2506,5,145,0,0,32,2651,0,0,32,2651,California
Santa Cruz,2020-12-28,485,3136,108,2614,377,522,0,0,485,3136,0,0,485,3136,California
Santa Cruz,2020-12-29,799,3935,370,2984,429,951,0,0,799,3935,0,0,799,3935,California
Santa Cruz,2020-12-30,356,4291,164,3148,192,1143,0,0,356,4291,0,0,356,4291,California
Santa Cruz,2020-12-31,312,4603,11,3159,301,1444,0,0,312,4603,0,0,312,4603,California
Santa Cruz,2021-01-01,33,4636,1,3160,32,1476,0,0,33,4636,0,0,33,4636,California
Santa Cruz,2021-01-02,71,4707,57,3217,14,1490,0,0,71,4707,0,0,71,4707,California
Santa Cruz,2021-01-03,15,4722,7,3224,8,1498,0,0,15,4722,0,0,15,4722,California
Santa Cruz,2021-01-04,281,5003,123,3347,158,1656,0,0,279,5001,0,0,279,5001,California
Santa Cruz,2021-01-05,566,5569,429,3776,137,1793,0,0,264,4963,302,302,264,5265,California
Santa Cruz,2021-01-06,803,6372,670,4446,133,1926,0,0,464,5089,338,640,464,5729,California
Santa Cruz,2021-01-07,538,6910,211,4657,327,2253,0,0,385,5322,153,793,386,6115,California
Santa Cruz,2021-01-08,936,7846,562,5219,374,2627,0,0,488,5363,448,1241,489,6604,California
Santa Cruz,2021-01-09,464,8310,123,5342,341,2968,0,0,410,5719,54,1295,410,7014,California
Santa Cruz,2021-01-10,80,8390,70,5412,10,2978,0,0,21,5681,59,1354,21,7035,California
Santa Cruz,2021-01-11,725,9115,591,6003,134,3112,0,0,191,5339,534,1888,192,7227,California
Santa Cruz,2021-01-12,734,9849,530,6533,204,3316,0,0,492,5589,242,2130,492,7719,California
Santa Cruz,2021-01-13,525,10374,228,6761,297,3613,0,0,441,5949,81,2211,441,8160,California
Santa Cruz,2021-01-14,560,10934,104,6865,456,4069,0,0,493,6375,67,2278,493,8653,California
Santa Cruz,2021-01-15,1458,12392,77,6942,1381,5450,0,0,1393,7706,64,2342,1395,10048,California
Santa Cruz,2021-01-16,426,12818,53,6995,373,5823,0,0,407,8094,19,2361,407,10455,California
Santa Cruz,2021-01-17,297,13115,41,7036,256,6079,0,0,272,8341,25,2386,272,10727,California
Santa Cruz,2021-01-18,1016,14131,106,7142,910,6989,0,0,954,9233,62,2448,954,11681,California
Santa Cruz,2021-01-19,1623,15754,525,7667,1098,8087,0,0,1269,10151,352,2800,1270,12951,California
Santa Cruz,2021-01-20,1242,16996,182,7849,1060,9147,0,0,1046,11004,193,2993,1046,13997,California
Santa Cruz,2021-01-21,1712,18708,201,8050,1511,10658,0,0,1604,12502,108,3101,1606,15603,California
Santa Cruz,2021-01-22,1802,20510,532,8582,1270,11928,0,0,1700,14104,99,3200,1701,17304,California
Santa Cruz,2021-01-23,402,20912,147,8729,255,12183,0,0,342,14387,59,3259,342,17646,California
Santa Cruz,2021-01-24,116,21028,21,8750,95,12278,0,0,98,14467,18,3277,98,17744,California
Santa Cruz,2021-01-25,1064,22092,362,9112,702,12980,0,0,553,14509,511,3788,553,18297,California
Santa Cruz,2021-01-26,1697,23789,249,9361,1448,14428,0,0,1184,15180,513,4301,1184,19481,California
Santa Cruz,2021-01-27,1653,25442,449,9810,1204,15632,0,0,1269,16067,382,4683,1269,20750,California
Santa Cruz,2021-01-28,1756,27198,291,10101,1465,17097,0,0,1479,17270,277,4960,1480,22230,California
Santa Cruz,2021-01-29,1735,28933,490,10591,1245,18342,0,0,1605,18746,129,5089,1605,23835,California
Santa Cruz,2021-01-30,1059,29992,309,10900,750,19092,0,0,925,19537,134,5223,925,24760,California
Santa Cruz,2021-01-31,222,30214,113,11013,109,19201,0,0,208,19731,14,5237,208,24968,California
Santa Cruz,2021-02-01,1234,31448,760,11773,474,19675,0,0,828,20153,406,5643,828,25796,California
Santa Cruz,2021-02-02,1009,32457,128,11901,881,20556,0,0,855,20855,153,5796,855,26651,California
Santa Cruz,2021-02-03,2240,34697,963,12864,1277,21833,0,0,1925,22469,311,6107,1925,28576,California
Santa Cruz,2021-02-04,1855,36552,774,13638,1081,22914,0,0,1517,23649,337,6444,1517,30093,California
Santa Cruz,2021-02-05,3169,39721,793,14431,2376,25290,0,0,2848,26177,320,6764,2848,32941,California
Santa Cruz,2021-02-06,2587,42308,163,14594,2424,27714,0,0,2241,28072,346,7110,2241,35182,California
Santa Cruz,2021-02-07,910,43218,122,14716,788,28502,0,0,892,28946,18,7128,892,36074,California
Santa Cruz,2021-02-08,717,43935,203,14919,514,29016,0,0,516,29262,200,7328,516,36590,California
Santa Cruz,2021-02-09,2377,46312,1055,15974,1322,30338,0,0,2109,31107,264,7592,2109,38699,California
Santa Cruz,2021-02-10,2203,48515,582,16556,1621,31959,0,0,1502,31918,692,8284,1503,40202,California
Santa Cruz,2021-02-11,1861,50376,319,16875,1542,33501,0,0,1333,32725,526,8810,1333,41535,California
Santa Cruz,2021-02-12,3230,53606,421,17296,2809,36310,0,0,1820,33146,1401,10211,1822,43357,California
Santa Cruz,2021-02-13,1712,55318,123,17419,1589,37899,0,0,1298,34030,414,10625,1298,44655,California
Santa Cruz,2021-02-14,1410,56728,70,17489,1340,39239,0,0,1146,34912,264,10889,1146,45801,California
Santa Cruz,2021-02-15,1585,58313,281,17770,1304,40543,0,0,567,34462,1018,11907,568,46369,California
Santa Cruz,2021-02-16,1698,60011,208,17978,1490,42033,0,0,539,33864,1137,13044,539,46908,California
Santa Cruz,2021-02-17,2924,62935,977,18955,1947,43980,0,0,1219,33394,1692,14736,1222,48130,California
Santa Cruz,2021-02-18,2885,65820,638,19593,2247,46227,0,0,1232,32977,1649,16385,1232,49362,California
Santa Cruz,2021-02-19,3274,69094,1148,20741,2126,48353,0,0,2012,33730,1259,17644,2012,51374,California
Santa Cruz,2021-02-20,2389,71483,1500,22241,889,49242,0,0,1892,35125,497,18141,1892,53266,California
Santa Cruz,2021-02-21,833,72316,365,22606,468,49710,0,0,705,35704,126,18267,705,53971,California
Santa Cruz,2021-02-22,1260,73576,968,23574,292,50002,0,0,536,35518,722,18989,536,54507,California
Santa Cruz,2021-02-23,2102,75678,938,24512,1164,51166,0,0,711,34839,1390,20379,711,55218,California
Santa Cruz,2021-02-24,3197,78875,1674,26186,1523,52689,0,0,1214,34075,1978,22357,1214,56432,California
Santa Cruz,2021-02-25,3249,82124,1437,27623,1812,54501,0,0,1784,34402,1458,23815,1785,58217,California
Santa Cruz,2021-02-26,2729,84853,766,28389,1963,56464,0,0,1553,34785,1172,24987,1555,59772,California
Santa Cruz,2021-02-27,2634,87487,931,29320,1703,58167,0,0,1834,35821,798,25785,1834,61606,California
Santa Cruz,2021-02-28,1301,88788,361,29681,940,59107,0,0,1085,36693,213,25998,1085,62691,California
Santa Cruz,2021-03-01,1831,90619,1256,30937,575,59682,0,0,691,36246,1138,27136,691,63382,California
Santa Cruz,2021-03-02,1553,92172,365,31302,1188,60870,0,0,875,36448,676,27812,878,64260,California
Santa Cruz,2021-03-03,2370,94542,634,31936,1736,62606,0,0,1299,36679,1068,28880,1299,65559,California
Santa Cruz,2021-03-04,3020,97562,1417,33353,1602,64208,1,1,2034,37740,975,29855,2036,67595,California
Santa Cruz,2021-03-05,2615,100177,490,33843,2107,66315,18,19,1136,37418,1476,31331,1154,68749,California
Santa Cruz,2021-03-06,3874,104051,1348,35191,2421,68736,105,124,2161,37969,1713,33044,2264,71013,California
Santa Cruz,2021-03-07,1346,105397,128,35319,1144,69880,74,198,556,37810,789,33833,630,71643,California
Santa Cruz,2021-03-08,1088,106485,219,35538,740,70620,129,327,656,38164,431,34264,785,72428,California
Santa Cruz,2021-03-09,1778,108263,245,35783,1386,72006,147,474,703,37941,1073,35337,850,73278,California
Santa Cruz,2021-03-10,3867,112130,2093,37876,1624,73630,150,624,1999,38226,1866,37203,2151,75429,California
Santa Cruz,2021-03-11,2812,114942,1220,39096,1417,75047,175,799,1547,38686,1264,38467,1724,77153,California
Santa Cruz,2021-03-12,2771,117713,892,39988,1585,76632,294,1093,912,38036,1855,40322,1205,78358,California
Santa Cruz,2021-03-13,2322,120035,1337,41325,941,77573,44,1137,1183,38129,1136,41458,1229,79587,California
Santa Cruz,2021-03-14,909,120944,219,41544,676,78249,14,1151,441,38118,465,41923,454,80041,California
Santa Cruz,2021-03-15,1358,122302,483,42027,839,79088,36,1187,584,37968,771,42694,621,80662,California
Santa Cruz,2021-03-16,2322,124624,1090,43117,1190,80278,42,1229,1343,38377,975,43669,1384,82046,California
Santa Cruz,2021-03-17,3874,128498,2237,45354,1627,81905,10,1239,2518,39556,1352,45021,2531,84577,California
Santa Cruz,2021-03-18,3870,132368,2093,47447,1657,83562,120,1359,2067,39943,1800,46821,2187,86764,California
Santa Cruz,2021-03-19,3283,135651,1323,48770,1734,85296,226,1585,1653,40196,1625,48446,1878,88642,California
Santa Cruz,2021-03-20,2171,137822,1614,50384,520,85816,37,1622,1097,40258,1072,49518,1134,89776,California
Santa Cruz,2021-03-21,831,138653,443,50827,266,86082,122,1744,448,40448,381,49899,571,90347,California
Santa Cruz,2021-03-22,1383,140036,856,51683,505,86587,22,1766,948,40988,431,50330,971,91318,California
Santa Cruz,2021-03-23,2571,142607,1446,53129,1075,87662,50,1816,1714,41898,854,51184,1764,93082,California
Santa Cruz,2021-03-24,3035,145642,2039,55168,975,88637,21,1837,1998,42884,1032,52216,2018,95100,California
Santa Cruz,2021-03-25,2658,148300,1336,56504,1286,89923,36,1873,1361,42991,1290,53506,1397,96497,California
Santa Cruz,2021-03-26,3038,151338,1834,58338,1177,91100,27,1900,2052,44091,979,54485,2079,98576,California
Santa Cruz,2021-03-27,3246,154584,2020,60358,1201,92301,25,1925,1532,43946,1705,56190,1560,100136,California
Santa Cruz,2021-03-28,932,155516,573,60931,345,92646,14,1939,495,44022,433,56623,509,100645,California
Santa Cruz,2021-03-29,1982,157498,888,61819,1026,93672,68,2007,1282,44675,697,57320,1350,101995,California
Santa Cruz,2021-03-30,2731,160229,821,62640,1746,95418,164,2171,1745,45600,983,58303,1908,103903,California
Santa Cruz,2021-03-31,4097,164326,2740,65380,1308,96726,49,2220,2108,45772,1985,60288,2157,106060,California
Santa Cruz,2021-04-01,4072,168398,2174,67554,1791,98517,107,2327,2069,45952,1998,62286,2178,108238,California
Santa Cruz,2021-04-02,3181,171579,1434,68988,1565,100082,182,2509,1769,46496,1407,63693,1951,110189,California
Santa Cruz,2021-04-03,2264,173843,1235,70223,894,100976,135,2644,893,46154,1369,65062,1027,111216,California
Santa Cruz,2021-04-04,943,174786,494,70717,393,101369,56,2700,554,46375,389,65451,610,111826,California
Santa Cruz,2021-04-05,2278,177064,796,71513,1312,102681,170,2870,1406,47081,871,66322,1577,113403,California
Santa Cruz,2021-04-06,3422,180486,1659,73172,1379,104060,384,3254,1983,48014,1429,67751,2362,115765,California
Santa Cruz,2021-04-07,4173,184659,1641,74813,2165,106225,367,3621,1878,47967,2291,70042,2244,118009,California
Santa Cruz,2021-04-08,4283,188942,2353,77166,1412,107637,518,4139,2524,49257,1750,71792,3040,121049,California
Santa Cruz,2021-04-09,3589,192531,1513,78679,1675,109312,401,4540,1981,50037,1603,73395,2383,123432,California
Santa Cruz,2021-04-10,2266,194797,1096,79775,918,110230,252,4792,1070,50166,1192,74587,1321,124753,California
Santa Cruz,2021-04-11,1002,195799,523,80298,385,110615,94,4886,485,50227,517,75104,578,125331,California
Santa Cruz,2021-04-12,2302,198101,832,81130,1039,111654,431,5317,1098,50566,1189,76293,1528,126859,California
Santa Cruz,2021-04-13,2907,201008,1466,82596,1439,113093,2,5319,1635,50938,1265,77558,1637,128496,California
Santa Cruz,2021-04-14,4656,205664,2277,84873,2379,115472,0,5319,2374,51039,2275,79833,2376,130872,California
Santa Cruz,2021-04-15,5038,210702,3218,88091,1820,117292,0,5319,3174,52360,1853,81686,3174,134046,California
Santa Cruz,2021-04-16,4429,215131,2546,90637,1881,119173,2,5321,2467,52875,1955,83641,2470,136516,California
Santa Cruz,2021-04-17,2280,217411,900,91537,1380,120553,0,5321,1516,53629,762,84403,1516,138032,California
Santa Cruz,2021-04-18,1077,218488,516,92053,560,121113,1,5322,600,53755,475,84878,601,138633,California
Santa Cruz,2021-04-19,2440,220928,1527,93580,912,122025,1,5323,1504,54326,933,85811,1504,140137,California
Santa Cruz,2021-04-20,3128,224056,1692,95272,1436,123461,0,5323,1771,54752,1346,87157,1772,141909,California
Santa Cruz,2021-04-21,4284,228340,2897,98169,1387,124848,0,5323,2414,55311,1855,89012,2414,144323,California
Santa Cruz,2021-04-22,4350,232690,2937,101106,1413,126261,0,5323,2445,55861,1895,90907,2445,146768,California
Santa Cruz,2021-04-23,3103,235793,1752,102858,1350,127611,1,5324,1398,55564,1696,92603,1399,148167,California
Santa Cruz,2021-04-24,2265,238058,1094,103952,1168,128779,3,5327,705,54722,1550,94153,708,148875,California
Santa Cruz,2021-04-25,1106,239164,709,104661,385,129164,12,5339,463,54561,635,94788,474,149349,California
Santa Cruz,2021-04-26,1829,240993,944,105605,871,130035,14,5353,692,54142,1126,95914,707,150056,California
Santa Cruz,2021-04-27,2814,243807,881,106486,1866,131901,67,5420,1401,54203,1407,97321,1468,151524,California
Santa Cruz,2021-04-28,3448,247255,1914,108400,1459,133360,75,5495,1814,54466,1623,98944,1886,153410,California
Santa Cruz,2021-04-29,3745,251000,2486,110886,1196,134556,63,5558,1294,53386,2438,101382,1358,154768,California
Santa Cruz,2021-04-30,2274,253274,1221,112107,1010,135566,43,5601,1015,53194,1251,102633,1059,155827,California
Santa Cruz,2021-05-01,1308,254582,1040,113147,235,135801,33,5634,605,53131,701,103334,638,156465,California
Santa Cruz,2021-05-02,645,255227,464,113611,156,135957,25,5659,210,52932,435,103769,236,156701,California
Santa Cruz,2021-05-03,1898,257125,1001,114612,830,136787,67,5726,630,52373,1257,105026,698,157399,California
Santa Cruz,2021-05-04,2710,259835,1582,116194,1058,137845,70,5796,871,51478,1835,106861,940,158339,California
Santa Cruz,2021-05-05,2715,262550,1329,117523,1325,139170,61,5857,681,50232,1992,108853,746,159085,California
Santa Cruz,2021-05-06,3850,266400,2454,119977,1178,140348,218,6075,868,48351,2964,111817,1083,160168,California
Santa Cruz,2021-05-07,2799,269199,1289,121266,1428,141776,82,6157,537,46712,2259,114076,620,160788,California
Santa Cruz,2021-05-08,1372,270571,691,121957,653,142429,28,6185,384,46139,987,115063,414,161202,California
Santa Cruz,2021-05-09,499,271070,330,122287,146,142575,23,6208,138,45942,358,115421,161,161363,California
Santa Cruz,2021-05-10,1538,272608,1217,123504,256,142831,65,6273,396,45266,1137,116558,461,161824,California
Santa Cruz,2021-05-11,1802,274410,1318,124822,408,143239,76,6349,622,44786,1177,117735,697,162521,California
Santa Cruz,2021-05-12,2444,276854,1232,126054,1138,144377,74,6423,500,43424,1937,119672,575,163096,California
Santa Cruz,2021-05-13,3123,279977,2428,128482,611,144988,84,6507,1260,42909,1860,121532,1345,164441,California
Santa Cruz,2021-05-14,2161,282138,1261,129743,875,145863,25,6532,848,42481,1303,122835,875,165316,California
Santa Cruz,2021-05-15,1607,283745,924,130667,676,146539,7,6539,720,42323,885,123720,727,166043,California
Shasta,2020-12-16,131,131,131,131,0,0,0,0,131,131,0,0,131,131,California
Shasta,2020-12-17,418,549,418,549,0,0,0,0,418,549,0,0,418,549,California
Shasta,2020-12-18,166,715,166,715,0,0,0,0,166,715,0,0,166,715,California
Shasta,2020-12-19,1,716,1,716,0,0,0,0,1,716,0,0,1,716,California
Shasta,2020-12-21,79,795,79,795,0,0,0,0,79,795,0,0,79,795,California
Shasta,2020-12-22,192,987,187,982,5,5,0,0,192,987,0,0,192,987,California
Shasta,2020-12-23,173,1160,169,1151,4,9,0,0,173,1160,0,0,173,1160,California
Shasta,2020-12-24,18,1178,18,1169,0,9,0,0,18,1178,0,0,18,1178,California
Shasta,2020-12-26,4,1182,1,1170,3,12,0,0,4,1182,0,0,4,1182,California
Shasta,2020-12-27,1,1183,0,1170,1,13,0,0,1,1183,0,0,1,1183,California
Shasta,2020-12-28,40,1223,31,1201,9,22,0,0,40,1223,0,0,40,1223,California
Shasta,2020-12-29,186,1409,185,1386,1,23,0,0,186,1409,0,0,186,1409,California
Shasta,2020-12-30,178,1587,168,1554,10,33,0,0,178,1587,0,0,178,1587,California
Shasta,2020-12-31,83,1670,2,1556,81,114,0,0,83,1670,0,0,83,1670,California
Shasta,2021-01-02,2,1672,0,1556,2,116,0,0,2,1672,0,0,2,1672,California
Shasta,2021-01-03,1,1673,1,1557,0,116,0,0,1,1673,0,0,1,1673,California
Shasta,2021-01-04,372,2045,306,1863,66,182,0,0,373,2046,0,0,373,2046,California
Shasta,2021-01-05,335,2380,314,2177,21,203,0,0,254,2219,81,81,254,2300,California
Shasta,2021-01-06,466,2846,395,2572,71,274,0,0,204,2162,261,342,204,2504,California
Shasta,2021-01-07,125,2971,36,2608,89,363,0,0,104,2245,21,363,104,2608,California
Shasta,2021-01-08,525,3496,448,3056,77,440,0,0,317,2354,208,571,317,2925,California
Shasta,2021-01-09,72,3568,63,3119,9,449,0,0,70,2422,2,573,70,2995,California
Shasta,2021-01-10,5,3573,0,3119,5,454,0,0,4,2426,1,574,5,3000,California
Shasta,2021-01-11,406,3979,184,3303,222,676,0,0,371,2762,35,609,371,3371,California
Shasta,2021-01-12,485,4464,328,3631,157,833,0,0,310,2897,175,784,310,3681,California
Shasta,2021-01-13,599,5063,267,3898,332,1165,0,0,430,3158,169,953,430,4111,California
Shasta,2021-01-14,500,5563,51,3949,449,1614,0,0,482,3622,18,971,482,4593,California
Shasta,2021-01-15,691,6254,136,4085,555,2169,0,0,689,4309,2,973,689,5282,California
Shasta,2021-01-16,897,7151,54,4139,843,3012,0,0,894,5200,3,976,894,6176,California
Shasta,2021-01-17,27,7178,6,4145,21,3033,0,0,23,5219,4,980,23,6199,California
Shasta,2021-01-18,599,7777,129,4274,470,3503,0,0,591,5802,8,988,591,6790,California
Shasta,2021-01-19,1058,8835,398,4672,660,4163,0,0,910,6564,148,1136,910,7700,California
Shasta,2021-01-20,681,9516,413,5085,268,4431,0,0,494,6876,182,1318,494,8194,California
Shasta,2021-01-21,633,10149,280,5365,353,4784,0,0,610,7463,23,1341,610,8804,California
Shasta,2021-01-22,446,10595,172,5537,274,5058,0,0,440,7897,6,1347,440,9244,California
Shasta,2021-01-23,68,10663,5,5542,63,5121,0,0,67,7963,1,1348,67,9311,California
Shasta,2021-01-24,25,10688,2,5544,23,5144,0,0,24,7986,1,1349,24,9335,California
Shasta,2021-01-25,750,11438,491,6035,259,5403,0,0,464,8165,285,1634,464,9799,California
Shasta,2021-01-26,710,12148,333,6368,377,5780,0,0,476,8409,232,1866,476,10275,California
Shasta,2021-01-27,459,12607,179,6547,280,6060,0,0,410,8770,49,1915,410,10685,California
Shasta,2021-01-28,886,13493,576,7123,310,6370,0,0,664,9212,222,2137,664,11349,California
Shasta,2021-01-29,832,14325,331,7454,501,6871,0,0,642,9665,190,2327,643,11992,California
Shasta,2021-01-30,615,14940,14,7468,601,7472,0,0,606,10262,9,2336,606,12598,California
Shasta,2021-01-31,28,14968,4,7472,24,7496,0,0,26,10286,2,2338,26,12624,California
Shasta,2021-02-01,530,15498,148,7620,382,7878,0,0,386,10528,144,2482,386,13010,California
Shasta,2021-02-02,987,16485,500,8120,487,8365,0,0,895,11333,90,2572,895,13905,California
Shasta,2021-02-03,721,17206,211,8331,510,8875,0,0,486,11584,235,2807,486,14391,California
Shasta,2021-02-04,1095,18301,675,9006,420,9295,0,0,902,12294,192,2999,902,15293,California
Shasta,2021-02-05,1241,19542,165,9171,1076,10371,0,0,1034,13122,206,3205,1034,16327,California
Shasta,2021-02-06,1744,21286,41,9212,1703,12074,0,0,1721,14820,23,3228,1721,18048,California
Shasta,2021-02-07,26,21312,3,9215,23,12097,0,0,24,14842,2,3230,24,18072,California
Shasta,2021-02-08,597,21909,168,9383,429,12526,0,0,306,14857,291,3521,306,18378,California
Shasta,2021-02-09,1125,23034,655,10038,470,12996,0,0,733,15198,392,3913,733,19111,California
Shasta,2021-02-10,1125,24159,789,10827,336,13332,0,0,600,15273,526,4439,601,19712,California
Shasta,2021-02-11,886,25045,186,11013,700,14032,0,0,364,15120,517,4956,364,20076,California
Shasta,2021-02-12,1728,26773,1147,12160,581,14613,0,0,1176,15744,552,5508,1176,21252,California
Shasta,2021-02-13,1382,28155,368,12528,1014,15627,0,0,570,15502,813,6321,571,21823,California
Shasta,2021-02-14,150,28305,4,12532,146,15773,0,0,126,15604,24,6345,126,21949,California
Shasta,2021-02-15,379,28684,90,12622,289,16062,0,0,210,15645,169,6514,210,22159,California
Shasta,2021-02-16,1196,29880,522,13144,674,16736,0,0,422,15294,773,7287,422,22581,California
Shasta,2021-02-17,1034,30914,438,13582,596,17332,0,0,414,15088,620,7907,414,22995,California
Shasta,2021-02-18,948,31862,467,14049,481,17813,0,0,460,15061,488,8395,461,23456,California
Shasta,2021-02-19,1328,33190,935,14984,393,18206,0,0,861,15455,467,8862,861,24317,California
Shasta,2021-02-20,802,33992,89,15073,713,18919,0,0,303,15259,499,9361,303,24620,California
Shasta,2021-02-21,31,34023,2,15075,29,18948,0,0,9,15246,22,9383,9,24629,California
Shasta,2021-02-22,429,34452,76,15151,353,19301,0,0,178,15174,250,9633,178,24807,California
Shasta,2021-02-23,912,35364,472,15623,440,19741,0,0,326,14916,584,10217,326,25133,California
Shasta,2021-02-24,890,36254,508,16131,382,20123,0,0,273,14573,616,10833,273,25406,California
Shasta,2021-02-25,518,36772,162,16293,356,20479,0,0,162,14380,355,11188,162,25568,California
Shasta,2021-02-26,791,37563,94,16387,697,21176,0,0,331,14253,458,11646,331,25899,California
Shasta,2021-02-27,828,38391,27,16414,801,21977,0,0,188,13803,638,12284,188,26087,California
Shasta,2021-02-28,176,38567,4,16418,172,22149,0,0,126,13879,50,12334,126,26213,California
Shasta,2021-03-01,584,39151,59,16477,525,22674,0,0,295,13886,288,12622,295,26508,California
Shasta,2021-03-02,1024,40175,472,16949,552,23226,0,0,335,13534,687,13309,335,26843,California
Shasta,2021-03-03,666,40841,168,17117,498,23724,0,0,243,13354,423,13732,243,27086,California
Shasta,2021-03-04,3020,43861,2410,19527,610,24334,0,0,1790,13916,1229,14961,1791,28877,California
Shasta,2021-03-05,1543,45404,162,19689,1352,25686,29,29,793,13987,751,15712,822,29699,California
Shasta,2021-03-06,2744,48148,387,20076,2310,27996,47,76,857,13006,1885,17597,904,30603,California
Shasta,2021-03-07,91,48239,3,20079,56,28052,32,108,37,13021,54,17651,69,30672,California
Shasta,2021-03-08,570,48809,46,20125,385,28437,139,247,157,12906,411,18062,296,30968,California
Shasta,2021-03-09,1253,50062,593,20718,482,28919,178,425,698,13226,555,18617,875,31843,California
Shasta,2021-03-10,801,50863,258,20976,341,29260,202,627,136,12899,664,19281,337,32180,California
Shasta,2021-03-11,1474,52337,471,21447,731,29991,272,899,939,13578,532,19813,1211,33391,California
Shasta,2021-03-12,1529,53866,833,22280,447,30438,249,1148,397,13091,1131,20944,644,34035,California
Shasta,2021-03-13,758,54624,425,22705,232,30670,101,1249,475,13383,282,21226,574,34609,California
Shasta,2021-03-14,1019,55643,8,22713,989,31659,22,1271,881,14149,138,21364,904,35513,California
Shasta,2021-03-15,497,56140,35,22748,362,32021,100,1371,210,14171,287,21651,309,35822,California
Shasta,2021-03-16,1133,57273,147,22895,919,32940,67,1438,850,14805,283,21934,917,36739,California
Shasta,2021-03-17,735,58008,191,23086,486,33426,58,1496,396,14926,333,22267,454,37193,California
Shasta,2021-03-18,1542,59550,586,23672,852,34278,104,1600,1116,15724,422,22689,1220,38413,California
Shasta,2021-03-19,648,60198,196,23868,396,34674,56,1656,415,15963,232,22921,471,38884,California
Shasta,2021-03-20,748,60946,490,24358,244,34918,14,1670,600,16429,148,23069,614,39498,California
Shasta,2021-03-21,312,61258,297,24655,4,34922,11,1681,286,16701,25,23094,297,39795,California
Shasta,2021-03-22,347,61605,37,24692,274,35196,36,1717,199,16789,147,23241,235,40030,California
Shasta,2021-03-23,1309,62914,651,25343,599,35795,59,1776,757,17058,547,23788,816,40846,California
Shasta,2021-03-24,608,63522,156,25499,415,36210,37,1813,365,17218,242,24030,402,41248,California
Shasta,2021-03-25,1138,64660,452,25951,665,36875,21,1834,823,17751,312,24342,845,42093,California
Shasta,2021-03-26,1837,66497,1405,27356,402,37277,30,1864,1478,18901,359,24701,1509,43602,California
Shasta,2021-03-27,1596,68093,407,27763,317,37594,872,2736,575,19326,1019,25720,1444,45046,California
Shasta,2021-03-28,405,68498,299,28062,96,37690,10,2746,302,19537,101,25821,312,45358,California
Shasta,2021-03-29,418,68916,40,28102,366,38056,12,2758,164,19460,253,26074,176,45534,California
Shasta,2021-03-30,1245,70161,766,28868,462,38518,17,2775,626,19487,616,26690,643,46177,California
Shasta,2021-03-31,620,70781,207,29075,407,38925,6,2781,383,19644,232,26922,389,46566,California
Shasta,2021-04-01,893,71674,247,29322,634,39559,12,2793,575,19914,317,27239,587,47153,California
Shasta,2021-04-02,755,72429,201,29523,501,40060,53,2846,414,20043,339,27578,468,47621,California
Shasta,2021-04-03,516,72945,363,29886,134,40194,19,2865,391,20328,125,27703,410,48031,California
Shasta,2021-04-04,291,73236,175,30061,95,40289,21,2886,216,20490,75,27778,237,48268,California
Shasta,2021-04-05,442,73678,68,30129,311,40600,63,2949,254,20619,188,27966,317,48585,California
Shasta,2021-04-06,1165,74843,486,30615,504,41104,175,3124,540,20713,620,28586,714,49299,California
Shasta,2021-04-07,656,75499,213,30828,280,41384,163,3287,259,20741,393,28979,421,49720,California
Shasta,2021-04-08,1140,76639,259,31087,726,42110,155,3442,231,20219,907,29886,385,50105,California
Shasta,2021-04-09,2581,79220,2063,33150,309,42419,209,3651,2007,21866,567,30453,2214,52319,California
Shasta,2021-04-10,879,80099,592,33742,158,42577,129,3780,266,21647,613,31066,394,52713,California
Shasta,2021-04-11,1251,81350,396,34138,835,43412,20,3800,144,20708,1103,32169,164,52877,California
Shasta,2021-04-12,339,81689,8,34146,269,43681,62,3862,98,20627,240,32409,159,53036,California
Shasta,2021-04-13,1268,82957,366,34512,900,44581,2,3864,341,20046,923,33332,342,53378,California
Shasta,2021-04-14,593,83550,143,34655,448,45029,2,3866,221,19898,371,33703,223,53601,California
Shasta,2021-04-15,1069,84619,259,34914,810,45839,0,3866,303,19438,763,34466,303,53904,California
Shasta,2021-04-16,2341,86960,1847,36761,494,46333,0,3866,936,18971,1403,35869,936,54840,California
Shasta,2021-04-17,643,87603,411,37172,232,46565,0,3866,191,18711,452,36321,192,55032,California
Shasta,2021-04-18,265,87868,240,37412,25,46590,0,3866,32,18512,231,36552,32,55064,California
Shasta,2021-04-19,380,88248,27,37439,353,46943,0,3866,161,18454,219,36771,161,55225,California
Shasta,2021-04-20,1013,89261,257,37696,756,47699,0,3866,379,18200,633,37404,379,55604,California
Shasta,2021-04-21,607,89868,221,37917,386,48085,0,3866,305,18203,302,37706,305,55909,California
Shasta,2021-04-22,966,90834,285,38202,681,48766,0,3866,301,17841,663,38369,301,56210,California
Shasta,2021-04-23,660,91494,265,38467,395,49161,0,3866,329,17840,330,38699,329,56539,California
Shasta,2021-04-24,595,92089,359,38826,236,49397,0,3866,105,17455,490,39189,105,56644,California
Shasta,2021-04-25,211,92300,182,39008,28,49425,1,3867,37,17319,174,39363,38,56682,California
Shasta,2021-04-26,484,92784,53,39061,426,49851,5,3872,338,17517,144,39507,342,57024,California
Shasta,2021-04-27,536,93320,178,39239,322,50173,36,3908,297,17612,236,39743,331,57355,California
Shasta,2021-04-28,575,93895,156,39395,386,50559,33,3941,251,17571,324,40067,283,57638,California
Shasta,2021-04-29,782,94677,120,39515,639,51198,23,3964,185,17183,596,40663,208,57846,California
Shasta,2021-04-30,2265,96942,1839,41354,395,51593,31,3995,269,15487,1996,42659,300,58146,California
Shasta,2021-05-01,223,97165,20,41374,127,51720,76,4071,95,15530,128,42787,171,58317,California
Shasta,2021-05-02,46,97211,16,41390,17,51737,13,4084,19,15535,27,42814,32,58349,California
Shasta,2021-05-03,350,97561,94,41484,230,51967,26,4110,111,15434,238,43052,137,58486,California
Shasta,2021-05-04,508,98069,173,41657,298,52265,37,4147,244,15454,261,43313,281,58767,California
Shasta,2021-05-05,432,98501,139,41796,276,52541,17,4164,201,15441,231,43544,218,58985,California
Shasta,2021-05-06,693,99194,263,42059,390,52931,40,4204,297,15391,387,43931,337,59322,California
Shasta,2021-05-07,1101,100295,731,42790,331,53262,39,4243,301,14932,799,44730,340,59662,California
Shasta,2021-05-08,166,100461,83,42873,73,53335,10,4253,97,14970,68,44798,106,59768,California
Shasta,2021-05-09,66,100527,15,42888,46,53381,5,4258,35,14979,31,44829,40,59808,California
Shasta,2021-05-10,258,100785,21,42909,189,53570,48,4306,113,14995,144,44973,160,59968,California
Shasta,2021-05-11,500,101285,162,43071,191,53761,147,4453,171,14985,328,45301,318,60286,California
Shasta,2021-05-12,341,101626,141,43212,177,53938,23,4476,116,14900,224,45525,139,60425,California
Shasta,2021-05-13,501,102127,204,43416,283,54221,14,4490,179,14773,320,45845,193,60618,California
Shasta,2021-05-14,318,102445,97,43513,211,54432,10,4500,119,14703,199,46044,129,60747,California
Shasta,2021-05-15,148,102593,25,43538,37,54469,86,4586,42,14725,105,46149,127,60874,California
Sierra,2020-12-18,1,1,1,1,0,0,0,0,1,1,0,0,1,1,California
Sierra,2020-12-21,2,3,2,3,0,0,0,0,2,3,0,0,2,3,California
Sierra,2020-12-22,12,15,12,15,0,0,0,0,12,15,0,0,12,15,California
Sierra,2020-12-23,4,19,4,19,0,0,0,0,4,19,0,0,4,19,California
Sierra,2020-12-28,1,20,0,19,1,1,0,0,1,20,0,0,1,20,California
Sierra,2020-12-29,49,69,7,26,42,43,0,0,49,69,0,0,49,69,California
Sierra,2020-12-30,2,71,0,26,2,45,0,0,2,71,0,0,2,71,California
Sierra,2020-12-31,13,84,0,26,13,58,0,0,13,84,0,0,13,84,California
Sierra,2021-01-01,1,85,1,27,0,58,0,0,1,85,0,0,1,85,California
Sierra,2021-01-05,64,149,2,29,62,120,0,0,64,149,0,0,64,149,California
Sierra,2021-01-06,1,150,1,30,0,120,0,0,1,150,0,0,1,150,California
Sierra,2021-01-07,21,171,1,31,20,140,0,0,20,169,1,1,20,170,California
Sierra,2021-01-08,1,172,1,32,0,140,0,0,1,170,0,1,1,171,California
Sierra,2021-01-11,3,175,3,35,0,140,0,0,0,167,3,4,0,171,California
Sierra,2021-01-12,40,215,12,47,28,168,0,0,28,183,12,16,28,199,California
Sierra,2021-01-13,4,219,3,50,1,169,0,0,1,181,3,19,1,200,California
Sierra,2021-01-14,35,254,2,52,33,202,0,0,35,216,0,19,35,235,California
Sierra,2021-01-15,3,257,1,53,2,204,0,0,3,219,0,19,3,238,California
Sierra,2021-01-18,2,259,0,53,2,206,0,0,2,221,0,19,2,240,California
Sierra,2021-01-19,32,291,0,53,32,238,0,0,32,253,0,19,32,272,California
Sierra,2021-01-20,1,292,1,54,0,238,0,0,1,254,0,19,1,273,California
Sierra,2021-01-21,52,344,0,54,52,290,0,0,52,306,0,19,52,325,California
Sierra,2021-01-22,2,346,0,54,2,292,0,0,2,308,0,19,2,327,California
Sierra,2021-01-23,2,348,0,54,2,294,0,0,2,310,0,19,2,329,California
Sierra,2021-01-26,62,410,0,54,62,356,0,0,24,296,38,57,24,353,California
Sierra,2021-01-27,4,414,4,58,0,356,0,0,0,292,4,61,0,353,California
Sierra,2021-01-28,53,467,0,58,53,409,0,0,43,325,10,71,43,396,California
Sierra,2021-01-29,2,469,0,58,2,411,0,0,2,327,0,71,2,398,California
Sierra,2021-01-30,3,472,3,61,0,411,0,0,2,328,1,72,2,400,California
Sierra,2021-02-01,1,473,0,61,1,412,0,0,0,327,1,73,0,400,California
Sierra,2021-02-02,58,531,1,62,57,469,0,0,19,307,39,112,19,419,California
Sierra,2021-02-03,6,537,5,67,1,470,0,0,5,311,1,113,5,424,California
Sierra,2021-02-04,103,640,5,72,98,568,0,0,54,316,49,162,54,478,California
Sierra,2021-02-05,6,646,4,76,2,570,0,0,5,320,1,163,5,483,California
Sierra,2021-02-09,51,697,0,76,51,621,0,0,48,365,3,166,48,531,California
Sierra,2021-02-10,5,702,2,78,3,624,0,0,4,368,1,167,4,535,California
Sierra,2021-02-11,196,898,1,79,195,819,0,0,134,440,62,229,134,669,California
Sierra,2021-02-12,20,918,0,79,20,839,0,0,20,460,0,229,20,689,California
Sierra,2021-02-13,1,919,1,80,0,839,0,0,1,461,0,229,1,690,California
Sierra,2021-02-15,2,921,2,82,0,839,0,0,0,459,2,231,0,690,California
Sierra,2021-02-16,43,964,0,82,43,882,0,0,10,436,33,264,10,700,California
Sierra,2021-02-17,4,968,0,82,4,886,0,0,1,434,3,267,1,701,California
Sierra,2021-02-18,140,1108,0,82,140,1026,0,0,91,476,49,316,91,792,California
Sierra,2021-02-19,2,1110,1,83,1,1027,0,0,1,476,1,317,1,793,California
Sierra,2021-02-20,2,1112,2,85,0,1027,0,0,0,474,2,319,0,793,California
Sierra,2021-02-22,1,1113,1,86,0,1027,0,0,1,475,0,319,1,794,California
Sierra,2021-02-23,4,1117,0,86,4,1031,0,0,4,479,0,319,4,798,California
Sierra,2021-02-24,3,1120,2,88,1,1032,0,0,3,482,0,319,3,801,California
Sierra,2021-02-25,125,1245,2,90,123,1155,0,0,58,474,66,385,58,859,California
Sierra,2021-02-26,11,1256,6,96,5,1160,0,0,4,471,7,392,4,863,California
Sierra,2021-02-27,2,1258,2,98,0,1160,0,0,0,469,2,394,0,863,California
Sierra,2021-03-01,2,1260,2,100,0,1160,0,0,0,467,2,396,0,863,California
Sierra,2021-03-02,56,1316,0,100,56,1216,0,0,38,487,18,414,38,901,California
Sierra,2021-03-03,2,1318,2,102,0,1216,0,0,1,487,1,415,1,902,California
Sierra,2021-03-04,109,1427,0,102,109,1325,0,0,60,498,49,464,60,962,California
Sierra,2021-03-05,13,1440,1,103,12,1337,0,0,11,507,2,466,11,973,California
Sierra,2021-03-07,1,1441,1,104,0,1337,0,0,0,506,1,467,0,973,California
Sierra,2021-03-08,2,1443,2,106,0,1337,0,0,2,508,0,467,2,975,California
Sierra,2021-03-09,56,1499,0,106,56,1393,0,0,12,476,44,511,12,987,California
Sierra,2021-03-10,6,1505,0,106,6,1399,0,0,4,478,2,513,4,991,California
Sierra,2021-03-11,176,1681,0,106,176,1575,0,0,44,390,132,645,44,1035,California
Sierra,2021-03-12,20,1701,1,107,19,1594,0,0,0,370,20,665,0,1035,California
Sierra,2021-03-13,28,1729,0,107,28,1622,0,0,28,398,0,665,28,1063,California
Sierra,2021-03-14,1,1730,0,107,0,1622,1,1,0,398,1,666,1,1064,California
Sierra,2021-03-15,1,1731,1,108,0,1622,0,1,0,397,1,667,0,1064,California
Sierra,2021-03-16,35,1766,0,108,34,1656,1,2,22,407,13,680,23,1087,California
Sierra,2021-03-17,4,1770,3,111,1,1657,0,2,1,405,3,683,1,1088,California
Sierra,2021-03-18,158,1928,0,111,158,1815,0,2,65,377,93,776,65,1153,California
Sierra,2021-03-19,4,1932,2,113,2,1817,0,2,1,375,3,779,1,1154,California
Sierra,2021-03-20,1,1933,0,113,1,1818,0,2,1,376,0,779,1,1155,California
Sierra,2021-03-23,22,1955,0,113,22,1840,0,2,13,380,9,788,13,1168,California
Sierra,2021-03-24,3,1958,1,114,2,1842,0,2,1,379,2,790,1,1169,California
Sierra,2021-03-25,99,2057,1,115,98,1940,0,2,50,380,49,839,50,1219,California
Sierra,2021-03-26,12,2069,1,116,11,1951,0,2,9,386,3,842,9,1228,California
Sierra,2021-03-27,2,2071,1,117,1,1952,0,2,0,384,2,844,0,1228,California
Sierra,2021-03-29,1,2072,1,118,0,1952,0,2,0,383,1,845,0,1228,California
Sierra,2021-03-30,55,2127,1,119,54,2006,0,2,22,372,33,878,22,1250,California
Sierra,2021-03-31,8,2135,0,119,8,2014,0,2,8,380,0,878,8,1258,California
Sierra,2021-04-01,64,2199,2,121,62,2076,0,2,6,330,56,934,6,1264,California
Sierra,2021-04-02,3,2202,2,123,1,2077,0,2,2,331,1,935,2,1266,California
Sierra,2021-04-04,1,2203,0,123,1,2078,0,2,0,331,0,935,0,1266,California
Sierra,2021-04-06,10,2213,0,123,10,2088,0,2,0,321,10,945,0,1266,California
Sierra,2021-04-07,14,2227,3,126,6,2094,5,7,3,319,10,955,8,1274,California
Sierra,2021-04-08,54,2281,2,128,52,2146,0,7,16,297,38,993,16,1290,California
Sierra,2021-04-09,2,2283,2,130,0,2146,0,7,1,297,1,994,1,1291,California
Sierra,2021-04-10,27,2310,0,130,27,2173,0,7,0,270,27,1021,0,1291,California
Sierra,2021-04-13,45,2355,0,130,45,2218,0,7,5,235,40,1061,5,1296,California
Sierra,2021-04-14,1,2356,0,130,1,2219,0,7,1,236,0,1061,1,1297,California
Sierra,2021-04-15,49,2405,1,131,48,2267,0,7,2,191,47,1108,2,1299,California
Sierra,2021-04-16,1,2406,0,131,1,2268,0,7,1,192,0,1108,1,1300,California
Sierra,2021-04-17,2,2408,1,132,1,2269,0,7,1,192,1,1109,1,1301,California
Sierra,2021-04-19,1,2409,1,133,0,2269,0,7,0,191,1,1110,0,1301,California
Sierra,2021-04-20,34,2443,1,134,33,2302,0,7,7,171,27,1137,7,1308,California
Sierra,2021-04-21,2,2445,1,135,1,2303,0,7,1,171,1,1138,1,1309,California
Sierra,2021-04-22,65,2510,2,137,63,2366,0,7,5,117,59,1197,5,1314,California
Sierra,2021-04-23,13,2523,0,137,13,2379,0,7,5,114,8,1205,5,1319,California
Sierra,2021-04-24,4,2527,0,137,4,2383,0,7,4,118,0,1205,4,1323,California
Sierra,2021-04-25,1,2528,1,138,0,2383,0,7,1,119,0,1205,1,1324,California
Sierra,2021-04-27,28,2556,1,139,27,2410,0,7,5,101,23,1228,5,1329,California
Sierra,2021-04-28,10,2566,2,141,8,2418,0,7,1,93,9,1237,1,1330,California
Sierra,2021-04-29,20,2586,2,143,18,2436,0,7,14,101,6,1243,14,1344,California
Sierra,2021-04-30,4,2590,2,145,2,2438,0,7,2,101,2,1245,2,1346,California
Sierra,2021-05-03,1,2591,1,146,0,2438,0,7,1,102,0,1245,1,1347,California
Sierra,2021-05-05,23,2614,0,146,23,2461,0,7,8,95,15,1260,8,1355,California
Sierra,2021-05-06,1,2615,1,147,0,2461,0,7,0,94,1,1261,0,1355,California
Sierra,2021-05-07,1,2616,1,148,0,2461,0,7,1,95,0,1261,1,1356,California
Sierra,2021-05-08,1,2617,0,148,0,2461,1,8,0,95,1,1262,1,1357,California
Sierra,2021-05-11,11,2628,0,148,4,2465,7,15,0,91,11,1273,7,1364,California
Sierra,2021-05-12,10,2638,1,149,9,2474,0,15,7,95,3,1276,7,1371,California
Sierra,2021-05-13,4,2642,3,152,1,2475,0,15,3,97,1,1277,3,1374,California
Sierra,2021-05-14,5,2647,1,153,4,2479,0,15,4,100,1,1278,4,1378,California
Siskiyou,2020-12-16,2,2,2,2,0,0,0,0,2,2,0,0,2,2,California
Siskiyou,2020-12-17,4,6,4,6,0,0,0,0,4,6,0,0,4,6,California
Siskiyou,2020-12-18,2,8,2,8,0,0,0,0,2,8,0,0,2,8,California
Siskiyou,2020-12-19,4,12,4,12,0,0,0,0,4,12,0,0,4,12,California
Siskiyou,2020-12-20,1,13,1,13,0,0,0,0,1,13,0,0,1,13,California
Siskiyou,2020-12-21,132,145,132,145,0,0,0,0,132,145,0,0,132,145,California
Siskiyou,2020-12-22,158,303,158,303,0,0,0,0,158,303,0,0,158,303,California
Siskiyou,2020-12-23,142,445,142,445,0,0,0,0,142,445,0,0,142,445,California
Siskiyou,2020-12-24,5,450,5,450,0,0,0,0,5,450,0,0,5,450,California
Siskiyou,2020-12-26,2,452,0,450,2,2,0,0,2,452,0,0,2,452,California
Siskiyou,2020-12-27,2,454,0,450,2,4,0,0,2,454,0,0,2,454,California
Siskiyou,2020-12-28,3,457,1,451,2,6,0,0,3,457,0,0,3,457,California
Siskiyou,2020-12-29,6,463,2,453,4,10,0,0,6,463,0,0,6,463,California
Siskiyou,2020-12-30,98,561,3,456,95,105,0,0,98,561,0,0,98,561,California
Siskiyou,2020-12-31,12,573,0,456,12,117,0,0,12,573,0,0,12,573,California
Siskiyou,2021-01-02,1,574,1,457,0,117,0,0,1,574,0,0,1,574,California
Siskiyou,2021-01-03,1,575,0,457,1,118,0,0,1,575,0,0,1,575,California
Siskiyou,2021-01-04,130,705,3,460,127,245,0,0,130,705,0,0,130,705,California
Siskiyou,2021-01-05,116,821,4,464,112,357,0,0,115,819,1,1,115,820,California
Siskiyou,2021-01-06,59,880,6,470,53,410,0,0,55,870,4,5,55,875,California
Siskiyou,2021-01-07,177,1057,4,474,173,583,0,0,176,1045,1,6,176,1051,California
Siskiyou,2021-01-08,41,1098,3,477,38,621,0,0,39,1082,2,8,39,1090,California
Siskiyou,2021-01-09,2,1100,2,479,0,621,0,0,0,1080,2,10,0,1090,California
Siskiyou,2021-01-11,226,1326,65,544,161,782,0,0,163,1180,63,73,163,1253,California
Siskiyou,2021-01-12,322,1648,274,818,48,830,0,0,89,1037,233,306,90,1343,California
Siskiyou,2021-01-13,157,1805,137,955,20,850,0,0,23,926,134,440,23,1366,California
Siskiyou,2021-01-14,26,1831,1,956,25,875,0,0,25,950,1,441,25,1391,California
Siskiyou,2021-01-15,35,1866,3,959,32,907,0,0,35,985,0,441,35,1426,California
Siskiyou,2021-01-16,7,1873,2,961,5,912,0,0,7,992,0,441,7,1433,California
Siskiyou,2021-01-17,1,1874,1,962,0,912,0,0,0,991,1,442,0,1433,California
Siskiyou,2021-01-18,77,1951,4,966,73,985,0,0,75,1064,2,444,75,1508,California
Siskiyou,2021-01-19,21,1972,1,967,20,1005,0,0,20,1083,1,445,20,1528,California
Siskiyou,2021-01-20,47,2019,35,1002,12,1017,0,0,43,1122,4,449,43,1571,California
Siskiyou,2021-01-21,42,2061,1,1003,41,1058,0,0,42,1164,0,449,42,1613,California
Siskiyou,2021-01-22,1327,3388,1175,2178,152,1210,0,0,1327,2491,0,449,1327,2940,California
Siskiyou,2021-01-23,5,3393,1,2179,4,1214,0,0,2,2490,3,452,2,2942,California
Siskiyou,2021-01-25,182,3575,8,2187,174,1388,0,0,178,2664,4,456,178,3120,California
Siskiyou,2021-01-26,148,3723,3,2190,145,1533,0,0,140,2796,8,464,140,3260,California
Siskiyou,2021-01-27,181,3904,1,2191,180,1713,0,0,126,2867,55,519,126,3386,California
Siskiyou,2021-01-28,231,4135,117,2308,114,1827,0,0,225,3086,6,525,225,3611,California
Siskiyou,2021-01-29,249,4384,3,2311,246,2073,0,0,247,3331,2,527,247,3858,California
Siskiyou,2021-01-30,3,4387,2,2313,1,2074,0,0,3,3334,0,527,3,3861,California
Siskiyou,2021-02-01,195,4582,3,2316,192,2266,0,0,105,3349,90,617,105,3966,California
Siskiyou,2021-02-02,289,4871,45,2361,244,2510,0,0,147,3354,142,759,147,4113,California
Siskiyou,2021-02-03,314,5185,1,2362,313,2823,0,0,264,3568,50,809,264,4377,California
Siskiyou,2021-02-04,322,5507,7,2369,315,3138,0,0,200,3646,122,931,200,4577,California
Siskiyou,2021-02-05,512,6019,4,2373,508,3646,0,0,348,3830,164,1095,348,4925,California
Siskiyou,2021-02-06,15,6034,0,2373,15,3661,0,0,15,3845,0,1095,15,4940,California
Siskiyou,2021-02-07,3,6037,2,2375,1,3662,0,0,3,3848,0,1095,3,4943,California
Siskiyou,2021-02-08,221,6258,5,2380,216,3878,0,0,216,4059,5,1100,216,5159,California
Siskiyou,2021-02-09,196,6454,4,2384,192,4070,0,0,163,4189,33,1133,163,5322,California
Siskiyou,2021-02-10,370,6824,40,2424,330,4400,0,0,317,4454,52,1185,317,5639,California
Siskiyou,2021-02-11,190,7014,1,2425,189,4589,0,0,174,4612,16,1201,174,5813,California
Siskiyou,2021-02-12,1690,8704,1198,3623,492,5081,0,0,501,3924,1189,2390,501,6314,California
Siskiyou,2021-02-13,36,8740,2,3625,34,5115,0,0,32,3952,4,2394,32,6346,California
Siskiyou,2021-02-14,5,8745,1,3626,4,5119,0,0,5,3957,0,2394,5,6351,California
Siskiyou,2021-02-15,107,8852,10,3636,97,5216,0,0,105,4060,2,2396,105,6456,California
Siskiyou,2021-02-16,114,8966,2,3638,112,5328,0,0,99,4144,15,2411,99,6555,California
Siskiyou,2021-02-17,185,9151,15,3653,170,5498,0,0,171,4301,14,2425,171,6726,California
Siskiyou,2021-02-18,221,9372,88,3741,133,5631,0,0,98,4276,123,2548,98,6824,California
Siskiyou,2021-02-19,71,9443,34,3775,37,5668,0,0,34,4273,37,2585,34,6858,California
Siskiyou,2021-02-20,21,9464,3,3778,18,5686,0,0,17,4286,4,2589,17,6875,California
Siskiyou,2021-02-21,1,9465,1,3779,0,5686,0,0,1,4287,0,2589,1,6876,California
Siskiyou,2021-02-22,124,9589,1,3780,123,5809,0,0,18,4199,106,2695,18,6894,California
Siskiyou,2021-02-23,197,9786,15,3795,182,5991,0,0,53,4108,144,2839,53,6947,California
Siskiyou,2021-02-24,147,9933,4,3799,143,6134,0,0,35,4031,112,2951,35,6982,California
Siskiyou,2021-02-25,301,10234,24,3823,277,6411,0,0,155,4040,146,3097,155,7137,California
Siskiyou,2021-02-26,670,10904,11,3834,659,7070,0,0,368,4106,302,3399,368,7505,California
Siskiyou,2021-02-27,33,10937,5,3839,28,7098,0,0,28,4129,5,3404,28,7533,California
Siskiyou,2021-02-28,5,10942,4,3843,1,7099,0,0,4,4132,1,3405,4,7537,California
Siskiyou,2021-03-01,280,11222,6,3849,274,7373,0,0,50,3952,230,3635,50,7587,California
Siskiyou,2021-03-02,190,11412,1,3850,189,7562,0,0,70,3902,120,3755,70,7657,California
Siskiyou,2021-03-03,343,11755,7,3857,336,7898,0,0,153,3865,190,3945,153,7810,California
Siskiyou,2021-03-04,794,12549,621,4478,173,8071,0,0,637,4345,157,4102,637,8447,California
Siskiyou,2021-03-05,326,12875,6,4484,309,8380,11,11,105,4243,218,4320,116,8563,California
Siskiyou,2021-03-06,43,12918,3,4487,33,8413,7,18,28,4263,15,4335,35,8598,California
Siskiyou,2021-03-07,12,12930,4,4491,0,8413,8,26,3,4265,9,4344,11,8609,California
Siskiyou,2021-03-08,361,13291,31,4522,295,8708,35,61,59,4057,302,4646,94,8703,California
Siskiyou,2021-03-09,164,13455,2,4524,108,8816,54,115,57,4061,107,4753,111,8814,California
Siskiyou,2021-03-10,221,13676,7,4531,184,9000,30,145,31,3932,190,4943,61,8875,California
Siskiyou,2021-03-11,475,14151,206,4737,222,9222,47,192,275,4055,199,5142,322,9197,California
Siskiyou,2021-03-12,647,14798,141,4878,467,9689,39,231,184,3817,461,5603,223,9420,California
Siskiyou,2021-03-13,428,15226,381,5259,24,9713,23,254,382,4176,46,5649,405,9825,California
Siskiyou,2021-03-14,20,15246,1,5260,3,9716,16,270,2,4176,18,5667,18,9843,California
Siskiyou,2021-03-15,454,15700,258,5518,176,9892,20,290,322,4386,132,5799,342,10185,California
Siskiyou,2021-03-16,255,15955,32,5550,206,10098,17,307,140,4429,114,5913,157,10342,California
Siskiyou,2021-03-17,202,16157,9,5559,185,10283,8,315,34,4303,168,6081,42,10384,California
Siskiyou,2021-03-18,926,17083,788,6347,126,10409,12,327,810,5009,116,6197,822,11206,California
Siskiyou,2021-03-19,68,17151,10,6357,45,10454,13,340,20,4994,48,6245,33,11239,California
Siskiyou,2021-03-20,30,17181,7,6364,18,10472,5,345,6,4981,24,6269,11,11250,California
Siskiyou,2021-03-21,10,17191,4,6368,1,10473,5,350,4,4984,6,6275,9,11259,California
Siskiyou,2021-03-22,208,17399,21,6389,165,10638,22,372,145,5091,60,6335,167,11426,California
Siskiyou,2021-03-23,196,17595,19,6408,167,10805,10,382,141,5187,55,6390,151,11577,California
Siskiyou,2021-03-24,140,17735,47,6455,93,10898,0,382,115,5277,25,6415,115,11692,California
Siskiyou,2021-03-25,572,18307,320,6775,249,11147,3,385,400,5508,172,6587,403,12095,California
Siskiyou,2021-03-26,305,18612,35,6810,270,11417,0,385,104,5413,199,6786,104,12199,California
Siskiyou,2021-03-27,37,18649,4,6814,28,11445,5,390,9,5399,28,6814,14,12213,California
Siskiyou,2021-03-28,8,18657,7,6821,1,11446,0,390,5,5401,3,6817,5,12218,California
Siskiyou,2021-03-29,98,18755,11,6832,85,11531,2,392,47,5400,50,6867,49,12267,California
Siskiyou,2021-03-30,102,18857,7,6839,94,11625,1,393,41,5381,61,6928,42,12309,California
Siskiyou,2021-03-31,189,19046,20,6859,166,11791,3,396,49,5295,139,7067,53,12362,California
Siskiyou,2021-04-01,830,19876,672,7531,158,11949,0,396,214,4893,616,7683,214,12576,California
Siskiyou,2021-04-02,347,20223,197,7728,146,12095,4,400,66,4684,279,7962,70,12646,California
Siskiyou,2021-04-03,26,20249,5,7733,14,12109,7,407,5,4675,21,7983,12,12658,California
Siskiyou,2021-04-04,1,20250,1,7734,0,12109,0,407,0,4674,1,7984,0,12658,California
Siskiyou,2021-04-05,437,20687,331,8065,80,12189,26,433,26,4316,410,8394,52,12710,California
Siskiyou,2021-04-06,220,20907,36,8101,130,12319,54,487,125,4400,94,8488,178,12888,California
Siskiyou,2021-04-07,117,21024,11,8112,64,12383,42,529,67,4459,50,8538,109,12997,California
Siskiyou,2021-04-08,349,21373,183,8295,125,12508,41,570,62,4275,287,8825,103,13100,California
Siskiyou,2021-04-09,546,21919,379,8674,130,12638,37,607,83,3934,462,9287,121,13221,California
Siskiyou,2021-04-10,46,21965,6,8680,3,12641,37,644,7,3939,39,9326,44,13265,California
Siskiyou,2021-04-11,8,21973,5,8685,1,12642,2,646,2,3937,6,9332,4,13269,California
Siskiyou,2021-04-12,129,22102,25,8710,103,12745,1,647,49,3907,80,9412,50,13319,California
Siskiyou,2021-04-13,204,22306,36,8746,167,12912,1,648,78,3860,126,9538,79,13398,California
Siskiyou,2021-04-14,157,22463,65,8811,92,13004,0,648,86,3877,69,9607,86,13484,California
Siskiyou,2021-04-15,1115,23578,955,9766,160,13164,0,648,434,3631,680,10287,434,13918,California
Siskiyou,2021-04-16,297,23875,207,9973,90,13254,0,648,266,3867,30,10317,266,14184,California
Siskiyou,2021-04-17,11,23886,8,9981,3,13257,0,648,7,3870,4,10321,7,14191,California
Siskiyou,2021-04-18,6,23892,3,9984,3,13260,0,648,2,3868,4,10325,2,14193,California
Siskiyou,2021-04-19,128,24020,25,10009,103,13363,0,648,45,3830,83,10408,45,14238,California
Siskiyou,2021-04-20,237,24257,5,10014,232,13595,0,648,94,3781,143,10551,94,14332,California
Siskiyou,2021-04-21,94,24351,10,10024,84,13679,0,648,25,3737,69,10620,25,14357,California
Siskiyou,2021-04-22,415,24766,302,10326,113,13792,0,648,50,3422,365,10985,50,14407,California
Siskiyou,2021-04-23,171,24937,13,10339,158,13950,0,648,149,3550,21,11006,149,14556,California
Siskiyou,2021-04-24,27,24964,4,10343,23,13973,0,648,19,3561,8,11014,19,14575,California
Siskiyou,2021-04-25,3,24967,0,10343,3,13976,0,648,3,3564,0,11014,3,14578,California
Siskiyou,2021-04-26,101,25068,7,10350,89,14065,5,653,25,3518,76,11090,30,14608,California
Siskiyou,2021-04-27,104,25172,4,10354,98,14163,2,655,84,3587,17,11107,86,14694,California
Siskiyou,2021-04-28,110,25282,8,10362,94,14257,8,663,52,3589,58,11165,60,14754,California
Siskiyou,2021-04-29,105,25387,14,10376,91,14348,0,663,25,3534,80,11245,25,14779,California
Siskiyou,2021-04-30,101,25488,20,10396,80,14428,1,664,44,3524,54,11299,44,14823,California
Siskiyou,2021-05-01,11,25499,7,10403,1,14429,3,667,7,3530,4,11303,10,14833,California
Siskiyou,2021-05-02,11,25510,5,10408,6,14435,0,667,9,3537,2,11305,9,14842,California
Siskiyou,2021-05-03,110,25620,23,10431,85,14520,2,669,47,3523,63,11368,49,14891,California
Siskiyou,2021-05-04,113,25733,6,10437,105,14625,2,671,60,3533,52,11420,62,14953,California
Siskiyou,2021-05-05,117,25850,21,10458,87,14712,9,680,39,3504,77,11497,48,15001,California
Siskiyou,2021-05-06,364,26214,293,10751,65,14777,6,686,187,3520,177,11674,193,15194,California
Siskiyou,2021-05-07,309,26523,219,10970,85,14862,5,691,33,3283,275,11949,38,15232,California
Siskiyou,2021-05-08,24,26547,4,10974,19,14881,1,692,18,3296,6,11955,19,15251,California
Siskiyou,2021-05-09,1,26548,0,10974,1,14882,0,692,0,3295,1,11956,0,15251,California
Siskiyou,2021-05-10,67,26615,36,11010,30,14912,1,693,20,3269,47,12003,21,15272,California
Siskiyou,2021-05-11,79,26694,4,11014,71,14983,4,697,46,3286,33,12036,50,15322,California
Siskiyou,2021-05-12,53,26747,4,11018,45,15028,4,701,16,3269,37,12073,20,15342,California
Siskiyou,2021-05-13,70,26817,28,11046,34,15062,8,709,30,3267,40,12113,38,15380,California
Siskiyou,2021-05-14,93,26910,51,11097,41,15103,1,710,53,3282,39,12152,54,15434,California
Siskiyou,2021-05-15,7,26917,3,11100,2,15105,2,712,2,3282,4,12156,4,15438,California
Solano,2020-12-15,4,4,4,4,0,0,0,0,4,4,0,0,4,4,California
Solano,2020-12-16,71,75,71,75,0,0,0,0,71,75,0,0,71,75,California
Solano,2020-12-17,153,228,153,228,0,0,0,0,153,228,0,0,153,228,California
Solano,2020-12-18,445,673,444,672,1,1,0,0,445,673,0,0,445,673,California
Solano,2020-12-19,518,1191,518,1190,0,1,0,0,518,1191,0,0,518,1191,California
Solano,2020-12-20,355,1546,353,1543,2,3,0,0,355,1546,0,0,355,1546,California
Solano,2020-12-21,573,2119,571,2114,2,5,0,0,573,2119,0,0,573,2119,California
Solano,2020-12-22,663,2782,630,2744,33,38,0,0,663,2782,0,0,663,2782,California
Solano,2020-12-23,861,3643,773,3517,88,126,0,0,860,3642,0,0,860,3642,California
Solano,2020-12-24,422,4065,171,3688,251,377,0,0,422,4064,0,0,422,4064,California
Solano,2020-12-25,10,4075,2,3690,8,385,0,0,10,4074,0,0,10,4074,California
Solano,2020-12-26,175,4250,48,3738,127,512,0,0,175,4249,0,0,175,4249,California
Solano,2020-12-27,104,4354,29,3767,75,587,0,0,104,4353,0,0,104,4353,California
Solano,2020-12-28,862,5216,420,4187,442,1029,0,0,862,5215,0,0,862,5215,California
Solano,2020-12-29,898,6114,376,4563,522,1551,0,0,898,6113,0,0,898,6113,California
Solano,2020-12-30,1236,7350,600,5163,636,2187,0,0,1236,7349,0,0,1236,7349,California
Solano,2020-12-31,537,7887,137,5300,400,2587,0,0,537,7886,0,0,537,7886,California
Solano,2021-01-01,14,7901,13,5313,1,2588,0,0,14,7900,0,0,14,7900,California
Solano,2021-01-02,213,8114,165,5478,48,2636,0,0,213,8113,0,0,213,8113,California
Solano,2021-01-03,57,8171,40,5518,17,2653,0,0,52,8165,0,0,52,8165,California
Solano,2021-01-04,451,8622,246,5764,205,2858,0,0,441,8603,3,3,441,8606,California
Solano,2021-01-05,730,9352,377,6141,353,3211,0,0,576,9030,149,152,576,9182,California
Solano,2021-01-06,845,10197,437,6578,408,3619,0,0,582,9351,261,413,582,9764,California
Solano,2021-01-07,1069,11266,684,7262,385,4004,0,0,612,9509,455,868,613,10377,California
Solano,2021-01-08,1140,12406,778,8040,362,4366,0,0,547,9483,575,1443,549,10926,California
Solano,2021-01-09,886,13292,763,8803,123,4489,0,0,429,9458,454,1897,429,11355,California
Solano,2021-01-10,254,13546,194,8997,60,4549,0,0,152,9508,102,1999,152,11507,California
Solano,2021-01-11,1330,14876,1119,10116,211,4760,0,0,813,9804,517,2516,813,12320,California
Solano,2021-01-12,1571,16447,1171,11287,400,5160,0,0,1020,10275,550,3066,1021,13341,California
Solano,2021-01-13,1468,17915,1007,12294,461,5621,0,0,1209,11227,257,3323,1209,14550,California
Solano,2021-01-14,1888,19803,816,13110,1072,6693,0,0,1574,12487,314,3637,1574,16124,California
Solano,2021-01-15,1695,21498,1060,14170,635,7328,0,0,1397,13586,298,3935,1397,17521,California
Solano,2021-01-16,1288,22786,902,15072,386,7714,0,0,1113,14524,175,4110,1113,18634,California
Solano,2021-01-17,1045,23831,761,15833,284,7998,0,0,1027,15533,18,4128,1027,19661,California
Solano,2021-01-18,1414,25245,856,16689,558,8556,0,0,1297,16715,117,4245,1299,20960,California
Solano,2021-01-19,1652,26897,1340,18029,312,8868,0,0,1380,17824,271,4516,1380,22340,California
Solano,2021-01-20,2033,28930,1422,19451,611,9479,0,0,1546,18886,484,5000,1546,23886,California
Solano,2021-01-21,3177,32107,1011,20462,2166,11645,0,0,2825,21360,352,5352,2826,26712,California
Solano,2021-01-22,1774,33881,846,21308,928,12573,0,0,1584,22754,190,5542,1584,28296,California
Solano,2021-01-23,736,34617,242,21550,494,13067,0,0,531,23080,206,5748,532,28828,California
Solano,2021-01-24,404,35021,61,21611,343,13410,0,0,337,23350,67,5815,337,29165,California
Solano,2021-01-25,1664,36685,628,22239,1036,14446,0,0,1110,23908,553,6368,1111,30276,California
Solano,2021-01-26,1773,38458,738,22977,1035,15481,0,0,1142,24421,630,6998,1143,31419,California
Solano,2021-01-27,1796,40254,726,23703,1070,16551,0,0,1183,25004,600,7598,1183,32602,California
Solano,2021-01-28,1958,42212,707,24410,1251,17802,0,0,1365,25778,592,8190,1366,33968,California
Solano,2021-01-29,1700,43912,784,25194,916,18718,0,0,1344,26768,354,8544,1344,35312,California
Solano,2021-01-30,713,44625,221,25415,492,19210,0,0,552,27159,161,8705,552,35864,California
Solano,2021-01-31,484,45109,394,25809,90,19300,0,0,229,27134,255,8960,230,36094,California
Solano,2021-02-01,1509,46618,988,26797,521,19821,0,0,767,27162,739,9699,767,36861,California
Solano,2021-02-02,3357,49975,1113,27910,2244,22065,0,0,2527,28863,826,10525,2527,39388,California
Solano,2021-02-03,2267,52242,1309,29219,958,23023,0,0,1163,28926,1100,11625,1163,40551,California
Solano,2021-02-04,1803,54045,912,30131,891,23914,0,0,1077,29282,721,12346,1077,41628,California
Solano,2021-02-05,3095,57140,1418,31549,1677,25591,0,0,2091,30377,996,13342,2091,43719,California
Solano,2021-02-06,3052,60192,1169,32718,1883,27474,0,0,2237,31803,811,14153,2237,45956,California
Solano,2021-02-07,846,61038,782,33500,64,27538,0,0,230,31417,616,14769,230,46186,California
Solano,2021-02-08,1751,62789,1234,34734,517,28055,0,0,710,31088,1039,15808,710,46896,California
Solano,2021-02-09,1949,64738,1486,36220,463,28518,0,0,699,30538,1249,17057,699,47595,California
Solano,2021-02-10,2266,67004,1497,37717,769,29287,0,0,821,29914,1445,18502,821,48416,California
Solano,2021-02-11,2503,69507,1488,39205,1015,30302,0,0,1198,29817,1295,19797,1198,49614,California
Solano,2021-02-12,4210,73717,1619,40824,2591,32893,0,0,2866,31346,1337,21134,2866,52480,California
Solano,2021-02-13,2864,76581,248,41072,2616,35509,0,0,2452,33389,409,21543,2452,54932,California
Solano,2021-02-14,704,77285,202,41274,502,36011,0,0,412,33512,290,21833,413,55345,California
Solano,2021-02-15,1314,78599,324,41598,990,37001,0,0,679,33557,634,22467,679,56024,California
Solano,2021-02-16,2559,81158,1386,42984,1173,38174,0,0,1667,34334,891,23358,1668,57692,California
Solano,2021-02-17,3139,84297,1452,44436,1687,39861,0,0,2101,35401,1035,24393,2102,59794,California
Solano,2021-02-18,2850,87147,845,45281,2005,41866,0,0,852,34262,1992,26385,853,60647,California
Solano,2021-02-19,2396,89543,1445,46726,951,42817,0,0,1172,34216,1220,27605,1174,61821,California
Solano,2021-02-20,2568,92111,382,47108,2186,45003,0,0,2096,35839,473,28078,2096,63917,California
Solano,2021-02-21,2175,94286,1861,48969,314,45317,0,0,1864,37396,307,28385,1864,65781,California
Solano,2021-02-22,1719,96005,1047,50016,672,45989,0,0,906,37492,811,29196,907,66688,California
Solano,2021-02-23,2849,98854,1089,51105,1760,47749,0,0,1945,38536,901,30097,1945,68633,California
Solano,2021-02-24,2474,101328,1243,52348,1231,48980,0,0,1384,38832,1088,31185,1384,70017,California
Solano,2021-02-25,2401,103729,1443,53791,958,49938,0,0,1312,39061,1083,32268,1312,71329,California
Solano,2021-02-26,3180,106909,2023,55814,1157,51095,0,0,1860,39606,1315,33583,1860,73189,California
Solano,2021-02-27,3653,110562,1374,57188,2278,53373,1,1,2957,41876,688,34271,2958,76147,California
Solano,2021-02-28,1369,111931,1038,58226,331,53704,0,1,1092,42695,274,34545,1093,77240,California
Solano,2021-03-01,2440,114371,1054,59280,1385,55089,1,2,1839,43938,597,35142,1840,79080,California
Solano,2021-03-02,2182,116553,1364,60644,818,55907,0,2,1267,44290,915,36057,1267,80347,California
Solano,2021-03-03,2213,118766,1256,61900,957,56864,0,2,1376,44838,829,36886,1377,81724,California
Solano,2021-03-04,4349,123115,3407,65307,940,57804,2,4,3134,46770,1207,38093,3139,84863,California
Solano,2021-03-05,4905,128020,1668,66975,3232,61036,5,9,3942,49764,953,39046,3947,88810,California
Solano,2021-03-06,3835,131855,826,67801,2970,64006,39,48,2639,51256,1186,40232,2678,91488,California
Solano,2021-03-07,3547,135402,741,68542,2796,66802,10,58,1952,51636,1583,41815,1963,93451,California
Solano,2021-03-08,2117,137519,1321,69863,526,67328,270,328,1600,52993,511,42326,1868,95319,California
Solano,2021-03-09,3139,140658,1512,71375,1573,68901,54,382,2246,54398,892,43218,2297,97616,California
Solano,2021-03-10,2392,143050,1738,73113,568,69469,86,468,1248,54590,1140,44358,1332,98948,California
Solano,2021-03-11,6005,149055,1748,74861,4004,73473,253,721,4956,58754,1045,45403,5209,104157,California
Solano,2021-03-12,5986,155041,1562,76423,4248,77721,176,897,3164,59276,2818,48221,3340,107497,California
Solano,2021-03-13,4576,159617,803,77226,3689,81410,84,981,2239,59271,2330,50551,2325,109822,California
Solano,2021-03-14,3992,163609,3116,80342,423,81833,453,1434,1654,59042,2333,52884,2104,111926,California
Solano,2021-03-15,4006,167615,2448,82790,1241,83074,317,1751,2512,60385,1486,54370,2829,114755,California
Solano,2021-03-16,3084,170699,1324,84114,1526,84600,234,1985,1571,60682,1508,55878,1805,116560,California
Solano,2021-03-17,6352,177051,1664,85778,4597,89197,91,2076,4891,64207,1457,57335,4982,121542,California
Solano,2021-03-18,5187,182238,1839,87617,3312,92509,36,2112,3822,66708,1357,58692,3858,125400,California
Solano,2021-03-19,3444,185682,2522,90139,849,93358,73,2185,1748,66842,1688,60380,1822,127222,California
Solano,2021-03-20,5524,191206,1667,91806,3803,97161,54,2239,2841,67063,2674,63054,2895,130117,California
Solano,2021-03-21,1668,192874,1563,93369,81,97242,24,2263,854,67128,811,63865,876,130993,California
Solano,2021-03-22,2664,195538,2035,95404,579,97821,50,2313,1672,67860,986,64851,1718,132711,California
Solano,2021-03-23,3504,199042,1664,97068,1798,99619,42,2355,1433,67267,2067,66918,1474,134185,California
Solano,2021-03-24,2816,201858,1763,98831,1018,100637,35,2390,1370,67231,1440,68358,1404,135589,California
Solano,2021-03-25,4854,206712,3978,102809,841,101478,35,2425,2288,66993,2562,70920,2324,137913,California
Solano,2021-03-26,3213,209925,2087,104896,1090,102568,36,2461,1740,67306,1464,72384,1777,139690,California
Solano,2021-03-27,4188,214113,1147,106043,3004,105572,37,2498,1798,66756,2384,74768,1834,141524,California
Solano,2021-03-28,1415,215528,1105,107148,292,105864,18,2516,563,66489,848,75616,581,142105,California
Solano,2021-03-29,3484,219012,2034,109182,1433,107297,17,2533,1593,66221,1878,77494,1610,143715,California
Solano,2021-03-30,2997,222009,2005,111187,902,108199,90,2623,1906,67129,1089,78583,1997,145712,California
Solano,2021-03-31,3121,225130,2126,113313,837,109036,158,2781,1849,67863,1269,79852,2003,147715,California
Solano,2021-04-01,5525,230655,2100,115413,3279,112315,146,2927,3500,69496,2014,81866,3647,151362,California
Solano,2021-04-02,6558,237213,2217,117630,4174,116489,167,3094,2541,68203,4002,85868,2709,154071,California
Solano,2021-04-03,1529,238742,963,118593,412,116901,154,3248,564,67958,963,86831,718,154789,California
Solano,2021-04-04,778,239520,287,118880,189,117090,302,3550,239,67964,535,87366,541,155330,California
Solano,2021-04-05,2969,242489,2027,120907,736,117826,206,3756,1506,68214,1461,88827,1711,157041,California
Solano,2021-04-06,5977,248466,1625,122532,3862,121688,490,4246,1644,66019,4327,93154,2132,159173,California
Solano,2021-04-07,5874,254340,4548,127080,933,122621,393,4639,3346,67246,2512,95666,3739,162912,California
Solano,2021-04-08,6398,260738,1782,128862,3761,126382,855,5494,1800,65322,4571,100237,2647,165559,California
Solano,2021-04-09,6232,266970,1656,130518,3735,130117,841,6335,1511,62970,4699,104936,2347,167906,California
Solano,2021-04-10,1718,268688,949,131467,449,130566,320,6655,793,63158,924,105860,1112,169018,California
Solano,2021-04-11,1226,269914,760,132227,337,130903,129,6784,637,63338,586,106446,766,169784,California
Solano,2021-04-12,3250,273164,1669,133896,1223,132126,358,7142,1341,63131,1904,108350,1697,171481,California
Solano,2021-04-13,2527,275691,1089,134985,1437,133563,1,7143,1323,63255,1200,109550,1324,172805,California
Solano,2021-04-14,6393,282084,1943,136928,4450,138013,0,7143,1844,60558,4542,114092,1845,174650,California
Solano,2021-04-15,5661,287745,2135,139063,3526,141539,0,7143,1715,58340,3933,118025,1715,176365,California
Solano,2021-04-16,3662,291407,2572,141635,1088,142627,2,7145,2277,59241,1378,119403,2279,178644,California
Solano,2021-04-17,3250,294657,1057,142692,2193,144820,0,7145,1127,58253,2116,121519,1128,179772,California
Solano,2021-04-18,1004,295661,610,143302,394,145214,0,7145,529,58308,474,121993,529,180301,California
Solano,2021-04-19,2061,297722,1159,144461,902,146116,0,7145,1147,58549,908,122901,1149,181450,California
Solano,2021-04-20,3010,300732,1835,146296,1175,147291,0,7145,1678,58900,1327,124228,1678,183128,California
Solano,2021-04-21,3555,304287,2326,148622,1229,148520,0,7145,1785,58921,1764,125992,1785,184913,California
Solano,2021-04-22,2918,307205,1473,150095,1445,149965,0,7145,1772,59549,1144,127136,1772,186685,California
Solano,2021-04-23,4125,311330,2071,152166,2054,152019,0,7145,2473,60379,1644,128780,2474,189159,California
Solano,2021-04-24,3742,315072,2278,154444,1462,153481,2,7147,2496,61716,1161,129941,2498,191657,California
Solano,2021-04-25,1429,316501,1114,155558,315,153796,0,7147,1129,62552,293,130234,1129,192786,California
Solano,2021-04-26,2452,318953,1590,157148,858,154654,4,7151,1311,62738,1129,131363,1315,194101,California
Solano,2021-04-27,2361,321314,1239,158387,1098,155752,24,7175,1312,63034,1042,132405,1338,195439,California
Solano,2021-04-28,5083,326397,4105,162492,932,156684,46,7221,3141,64289,1932,134337,3187,198626,California
Solano,2021-04-29,3891,330288,1257,163749,2603,159287,31,7252,1586,63610,2296,136633,1617,200243,California
Solano,2021-04-30,3782,334070,2020,165769,1630,160917,132,7384,1835,63641,1936,138569,1967,202210,California
Solano,2021-05-01,2124,336194,1634,167403,295,161212,195,7579,1255,64226,865,139434,1450,203660,California
Solano,2021-05-02,1095,337289,934,168337,137,161349,24,7603,572,64304,518,139952,596,204256,California
Solano,2021-05-03,1444,338733,1003,169340,354,161703,87,7690,591,64131,852,140804,679,204935,California
Solano,2021-05-04,1784,340517,1041,170381,678,162381,65,7755,799,64011,984,141788,864,205799,California
Solano,2021-05-05,2245,342762,1406,171787,728,163109,111,7866,1082,64043,1159,142947,1191,206990,California
Solano,2021-05-06,1916,344678,1174,172961,585,163694,157,8023,707,63705,1202,144149,864,207854,California
Solano,2021-05-07,2669,347347,1872,174833,682,164376,115,8138,927,63008,1737,145886,1040,208894,California
Solano,2021-05-08,1301,348648,827,175660,359,164735,115,8253,457,62739,841,146727,572,209466,California
Solano,2021-05-09,415,349063,240,175900,164,164899,11,8264,157,62652,256,146983,169,209635,California
Solano,2021-05-10,1319,350382,603,176503,614,165513,102,8366,384,62207,932,147915,487,210122,California
Solano,2021-05-11,2221,352603,1113,177616,1023,166536,85,8451,615,61306,1601,149516,700,210822,California
Solano,2021-05-12,1830,354433,1011,178627,652,167188,167,8618,480,60611,1340,150856,645,211467,California
Solano,2021-05-13,1856,356289,1167,179794,563,167751,126,8744,656,60195,1198,152054,782,212249,California
Solano,2021-05-14,1792,358081,1180,180974,522,168273,90,8834,733,59968,1050,153104,823,213072,California
Solano,2021-05-15,2000,360081,1690,182664,264,168537,46,8880,770,59562,1222,154326,816,213888,California
Sonoma,2020-12-15,4,4,4,4,0,0,0,0,4,4,0,0,4,4,California
Sonoma,2020-12-16,27,31,27,31,0,0,0,0,27,31,0,0,27,31,California
Sonoma,2020-12-17,103,134,103,134,0,0,0,0,103,134,0,0,103,134,California
Sonoma,2020-12-18,421,555,421,555,0,0,0,0,421,555,0,0,421,555,California
Sonoma,2020-12-19,111,666,110,665,1,1,0,0,111,666,0,0,111,666,California
Sonoma,2020-12-20,174,840,174,839,0,1,0,0,174,840,0,0,174,840,California
Sonoma,2020-12-21,911,1751,909,1748,2,3,0,0,910,1750,0,0,910,1750,California
Sonoma,2020-12-22,1356,3107,1265,3013,91,94,0,0,1356,3106,0,0,1356,3106,California
Sonoma,2020-12-23,1607,4714,1231,4244,376,470,0,0,1608,4714,0,0,1608,4714,California
Sonoma,2020-12-24,305,5019,101,4345,204,674,0,0,305,5019,0,0,305,5019,California
Sonoma,2020-12-25,8,5027,2,4347,6,680,0,0,8,5027,0,0,8,5027,California
Sonoma,2020-12-26,267,5294,256,4603,11,691,0,0,267,5294,0,0,267,5294,California
Sonoma,2020-12-27,93,5387,80,4683,13,704,0,0,93,5387,0,0,93,5387,California
Sonoma,2020-12-28,988,6375,554,5237,434,1138,0,0,959,6346,0,0,959,6346,California
Sonoma,2020-12-29,1127,7502,775,6012,352,1490,0,0,1094,7440,0,0,1094,7440,California
Sonoma,2020-12-30,1093,8595,479,6491,614,2104,0,0,1085,8525,0,0,1085,8525,California
Sonoma,2020-12-31,517,9112,71,6562,446,2550,0,0,518,9043,0,0,518,9043,California
Sonoma,2021-01-01,11,9123,6,6568,5,2555,0,0,11,9054,0,0,11,9054,California
Sonoma,2021-01-02,131,9254,125,6693,6,2561,0,0,131,9185,0,0,131,9185,California
Sonoma,2021-01-03,25,9279,11,6704,14,2575,0,0,25,9210,0,0,25,9210,California
Sonoma,2021-01-04,341,9620,105,6809,236,2811,0,0,340,9550,0,0,340,9550,California
Sonoma,2021-01-05,437,10057,102,6911,335,3146,0,0,413,9948,15,15,413,9963,California
Sonoma,2021-01-06,947,11004,432,7343,515,3661,0,0,836,10679,105,120,836,10799,California
Sonoma,2021-01-07,1031,12035,534,7877,497,4158,0,0,862,11373,168,288,862,11661,California
Sonoma,2021-01-08,1790,13825,1233,9110,557,4715,0,0,1317,12219,471,759,1317,12978,California
Sonoma,2021-01-09,639,14464,402,9512,237,4952,0,0,591,12762,48,807,591,13569,California
Sonoma,2021-01-10,472,14936,461,9973,11,4963,0,0,278,12846,194,1001,278,13847,California
Sonoma,2021-01-11,1386,16322,1239,11212,147,5110,0,0,414,12293,967,1968,414,14261,California
Sonoma,2021-01-12,1546,17868,1293,12505,253,5363,0,0,395,11539,1149,3117,395,14656,California
Sonoma,2021-01-13,2042,19910,1366,13871,676,6039,0,0,1179,11859,860,3977,1180,15836,California
Sonoma,2021-01-14,1528,21438,800,14671,728,6767,0,0,1298,12927,230,4207,1298,17134,California
Sonoma,2021-01-15,1567,23005,637,15308,930,7697,0,0,1347,14064,211,4418,1348,18482,California
Sonoma,2021-01-16,1145,24150,617,15925,528,8225,0,0,899,14721,242,4660,899,19381,California
Sonoma,2021-01-17,670,24820,549,16474,121,8346,0,0,590,15231,80,4740,590,19971,California
Sonoma,2021-01-18,1108,25928,934,17408,174,8520,0,0,617,15358,491,5231,618,20589,California
Sonoma,2021-01-19,2098,28026,1006,18414,1092,9612,0,0,1388,16039,708,5939,1389,21978,California
Sonoma,2021-01-20,2078,30104,626,19040,1452,11064,0,0,1417,16806,651,6590,1418,23396,California
Sonoma,2021-01-21,2261,32365,647,19687,1614,12678,0,0,2042,18632,217,6807,2043,25439,California
Sonoma,2021-01-22,2740,35105,1043,20730,1697,14375,0,0,2592,21077,147,6954,2592,28031,California
Sonoma,2021-01-23,768,35873,593,21323,175,14550,0,0,661,21632,106,7060,661,28692,California
Sonoma,2021-01-24,852,36725,716,22039,136,14686,0,0,836,22452,16,7076,836,29528,California
Sonoma,2021-01-25,2173,38898,520,22559,1653,16339,0,0,1686,23651,487,7563,1686,31214,California
Sonoma,2021-01-26,2017,40915,302,22861,1715,18054,0,0,1562,24759,454,8017,1562,32776,California
Sonoma,2021-01-27,3702,44617,1281,24142,2421,20475,0,0,3129,27320,571,8588,3132,35908,California
Sonoma,2021-01-28,4119,48736,1847,25989,2272,22747,0,0,3448,30101,668,9256,3449,39357,California
Sonoma,2021-01-29,2969,51705,1412,27401,1557,24304,0,0,2134,31403,833,10089,2135,41492,California
Sonoma,2021-01-30,2584,54289,2395,29796,189,24493,0,0,2242,33304,342,10431,2243,43735,California
Sonoma,2021-01-31,777,55066,665,30461,112,24605,0,0,579,33686,197,10628,579,44314,California
Sonoma,2021-02-01,2507,57573,884,31345,1623,26228,0,0,2101,35384,403,11031,2101,46415,California
Sonoma,2021-02-02,3527,61100,1373,32718,2154,28382,0,0,2957,37773,568,11599,2957,49372,California
Sonoma,2021-02-03,4041,65141,1324,34042,2717,31099,0,0,3110,39955,928,12527,3110,52482,California
Sonoma,2021-02-04,4216,69357,1725,35767,2491,33590,0,0,3425,42592,789,13316,3426,55908,California
Sonoma,2021-02-05,4817,74174,1741,37508,3076,36666,0,0,3797,45374,1016,14332,3798,59706,California
Sonoma,2021-02-06,2661,76835,2300,39808,361,37027,0,0,2100,46914,560,14892,2100,61806,California
Sonoma,2021-02-07,1538,78373,1403,41211,135,37162,0,0,1286,47948,252,15144,1286,63092,California
Sonoma,2021-02-08,3259,81632,1034,42245,2225,39387,0,0,2676,50042,582,15726,2676,65768,California
Sonoma,2021-02-09,3571,85203,1700,43945,1871,41258,0,0,3091,52656,478,16204,3092,68860,California
Sonoma,2021-02-10,4542,89745,2480,46425,2062,43320,0,0,3535,55191,1001,17205,3536,72396,California
Sonoma,2021-02-11,5575,95320,3017,49442,2558,45878,0,0,4393,58404,1180,18385,4393,76789,California
Sonoma,2021-02-12,5903,101223,3245,52687,2658,48536,0,0,4478,61464,1421,19806,4481,81270,California
Sonoma,2021-02-13,1986,103209,1152,53839,834,49370,0,0,1201,61883,782,20588,1201,82471,California
Sonoma,2021-02-14,2317,105526,1823,55662,494,49864,0,0,1569,62705,747,21335,1569,84040,California
Sonoma,2021-02-15,2140,107666,791,56453,1349,51213,0,0,1605,63776,534,21869,1605,85645,California
Sonoma,2021-02-16,4898,112564,2052,58505,2846,54059,0,0,3642,66166,1252,23121,3642,89287,California
Sonoma,2021-02-17,5598,118162,2899,61404,2699,56758,0,0,3572,67722,2018,25139,3574,92861,California
Sonoma,2021-02-18,6924,125086,3130,64534,3794,60552,0,0,4002,68811,2914,28053,4003,96864,California
Sonoma,2021-02-19,5518,130604,1666,66200,3852,64404,0,0,3420,70139,2093,30146,3421,100285,California
Sonoma,2021-02-20,3119,133723,2839,69039,280,64684,0,0,1217,69460,1896,32042,1217,101502,California
Sonoma,2021-02-21,526,134249,418,69457,108,64792,0,0,133,69203,390,32432,133,101635,California
Sonoma,2021-02-22,2878,137127,1356,70813,1522,66314,0,0,1197,68724,1676,34108,1197,102832,California
Sonoma,2021-02-23,3366,140493,2071,72884,1295,67609,0,0,1619,68600,1743,35851,1619,104451,California
Sonoma,2021-02-24,5638,146131,2542,75426,3096,70705,0,0,2915,68798,2718,38569,2916,107367,California
Sonoma,2021-02-25,5795,151926,2239,77665,3556,74261,0,0,3111,69245,2664,41233,3111,110478,California
Sonoma,2021-02-26,6263,158189,2758,80423,3505,77766,0,0,3971,70929,2287,43520,3971,114449,California
Sonoma,2021-02-27,4028,162217,1908,82331,2120,79886,0,0,2685,72273,1341,44861,2685,117134,California
Sonoma,2021-02-28,2335,164552,1851,84182,484,80370,0,0,609,71175,1707,46568,609,117743,California
Sonoma,2021-03-01,3746,168298,1137,85319,2609,82979,0,0,1883,71206,1853,48421,1884,119627,California
Sonoma,2021-03-02,4353,172651,1485,86804,2868,85847,0,0,2535,71931,1810,50231,2535,122162,California
Sonoma,2021-03-03,5041,177692,2638,89442,2403,88250,0,0,2314,71525,2720,52951,2314,124476,California
Sonoma,2021-03-04,5924,183616,2669,92111,3255,91505,0,0,2569,70753,3341,56292,2569,127045,California
Sonoma,2021-03-05,6445,190061,2825,94936,3605,95110,15,15,2714,69768,3715,60007,2730,129775,California
Sonoma,2021-03-06,2782,192843,1213,96149,1434,96544,135,150,1911,70949,864,60871,2045,131820,California
Sonoma,2021-03-07,1705,194548,1394,97543,276,96820,35,185,377,70035,1326,62197,412,132232,California
Sonoma,2021-03-08,4058,198606,656,98199,3227,100047,175,360,2385,70931,1662,63859,2558,134790,California
Sonoma,2021-03-09,5496,204102,3011,101210,2243,102290,242,602,2681,71045,2809,66668,2923,137713,California
Sonoma,2021-03-10,5972,210074,3185,104395,2459,104749,328,930,2413,70240,3545,70213,2740,140453,California
Sonoma,2021-03-11,7531,217605,3002,107397,3709,108458,820,1750,2567,68674,4954,75167,3388,143841,California
Sonoma,2021-03-12,7396,225001,2265,109662,3770,112228,1361,3111,2105,66864,5272,80439,3462,147303,California
Sonoma,2021-03-13,3409,228410,1701,111363,1472,113700,236,3347,2008,67705,1400,81839,2241,149544,California
Sonoma,2021-03-14,1381,229791,384,111747,856,114556,141,3488,851,68169,527,82366,991,150535,California
Sonoma,2021-03-15,5229,235020,1505,113252,3339,117895,385,3873,2195,67721,3026,85392,2578,153113,California
Sonoma,2021-03-16,6279,241299,2244,115496,3804,121699,231,4104,2906,67489,3367,88759,3135,156248,California
Sonoma,2021-03-17,6746,248045,3524,119020,3042,124741,180,4284,3283,67500,3451,92210,3462,159710,California
Sonoma,2021-03-18,7125,255170,2937,121957,3573,128314,615,4899,3179,67352,3938,96148,3790,163500,California
Sonoma,2021-03-19,7491,262661,3241,125198,4019,132333,231,5130,3195,66506,4277,100425,3431,166931,California
Sonoma,2021-03-20,3697,266358,1744,126942,1124,133457,829,5959,2022,67685,1668,102093,2847,169778,California
Sonoma,2021-03-21,1383,267741,601,127543,749,134206,33,5992,1215,68769,164,102257,1248,171026,California
Sonoma,2021-03-22,4531,272272,3103,130646,1326,135532,102,6094,3423,71191,1103,103360,3525,174551,California
Sonoma,2021-03-23,5826,278098,3626,134272,2124,137656,76,6170,4427,74305,1389,104749,4503,179054,California
Sonoma,2021-03-24,6717,284815,4271,138543,2380,140036,66,6236,4089,75849,2610,107359,4154,183208,California
Sonoma,2021-03-25,6995,291810,4193,142736,2695,142731,107,6343,4229,77443,2743,110102,4337,187545,California
Sonoma,2021-03-26,7301,299111,3450,146186,3759,146490,92,6435,3811,77872,3473,113575,3902,191447,California
Sonoma,2021-03-27,3840,302951,1503,147689,1975,148465,362,6797,1123,76648,2710,116285,1486,192933,California
Sonoma,2021-03-28,1509,304460,949,148638,533,148998,27,6824,944,77057,562,116847,971,193904,California
Sonoma,2021-03-29,2899,307359,1098,149736,1768,150766,33,6857,1615,77427,1278,118125,1648,195552,California
Sonoma,2021-03-30,5776,313135,3177,152913,2537,153303,62,6919,3056,77831,2714,120839,3118,198670,California
Sonoma,2021-03-31,5570,318705,3384,156297,1971,155274,215,7134,3235,78959,2323,123162,3451,202121,California
Sonoma,2021-04-01,6722,325427,4004,160301,2382,157656,336,7470,3599,79784,3104,126266,3929,206050,California
Sonoma,2021-04-02,5910,331337,3541,163842,2260,159916,109,7579,3548,81087,2356,128622,3659,209709,California
Sonoma,2021-04-03,3599,334936,1784,165626,1592,161508,223,7802,1568,80857,2019,130641,1789,211498,California
Sonoma,2021-04-04,1060,335996,691,166317,278,161786,91,7893,657,81206,399,131040,748,212246,California
Sonoma,2021-04-05,4365,340361,597,166914,3429,165215,339,8232,1636,80458,2722,133762,1974,214220,California
Sonoma,2021-04-06,6856,347217,3472,170386,2980,168195,404,8636,3978,81974,2864,136626,4380,218600,California
Sonoma,2021-04-07,6763,353980,3813,174199,2115,170310,835,9471,3282,82614,3472,140098,4112,222712,California
Sonoma,2021-04-08,7500,361480,4098,178297,2631,172941,771,10242,4080,84051,3410,143508,4847,227559,California
Sonoma,2021-04-09,6780,368260,3769,182066,2128,175069,883,11125,3482,85127,3285,146793,4361,231920,California
Sonoma,2021-04-10,3870,372130,1686,183752,1631,176700,553,11678,1129,84073,2731,149524,1677,233597,California
Sonoma,2021-04-11,1282,373412,607,184359,593,177293,82,11760,436,83746,845,150369,518,234115,California
Sonoma,2021-04-12,4928,378340,2050,186409,2397,179690,481,12241,1841,82983,3078,153447,2315,236430,California
Sonoma,2021-04-13,7792,386132,4617,191026,3173,182863,2,12243,2955,81112,4828,158275,2957,239387,California
Sonoma,2021-04-14,6540,392672,3727,194753,2793,185656,20,12263,2526,79655,4002,162277,2545,241932,California
Sonoma,2021-04-15,7214,399886,4091,198844,3123,188779,0,12263,3565,79581,3639,165916,3565,245497,California
Sonoma,2021-04-16,6787,406673,3407,202251,3378,192157,2,12265,3847,80496,2934,168850,3849,249346,California
Sonoma,2021-04-17,3111,409784,1510,203761,1601,193758,0,12265,1507,80411,1593,170443,1508,250854,California
Sonoma,2021-04-18,1244,411028,852,204613,392,194150,0,12265,408,79985,834,171277,408,251262,California
Sonoma,2021-04-19,3308,414336,1871,206484,1436,195586,1,12266,1451,79584,1853,173130,1452,252714,California
Sonoma,2021-04-20,6267,420603,3459,209943,2808,198394,0,12266,2376,78083,3878,177008,2377,255091,California
Sonoma,2021-04-21,6365,426968,4190,214133,2173,200567,2,12268,2928,77588,3424,180432,2929,258020,California
Sonoma,2021-04-22,6123,433091,4452,218585,1671,202238,0,12268,2486,76452,3622,184054,2486,260506,California
Sonoma,2021-04-23,7379,440470,4616,223201,2757,204995,6,12274,3706,76503,3662,187716,3713,264219,California
Sonoma,2021-04-24,2748,443218,1494,224695,1240,206235,14,12288,1556,76884,1189,188905,1570,265789,California
Sonoma,2021-04-25,1082,444300,785,225480,297,206532,0,12288,431,76667,648,189553,431,266220,California
Sonoma,2021-04-26,2753,447053,1285,226765,1440,207972,28,12316,1559,77068,1186,190739,1587,267807,California
Sonoma,2021-04-27,5306,452359,3632,230397,1575,209547,99,12415,2186,76246,3107,193846,2285,270092,California
Sonoma,2021-04-28,4857,457216,3195,233592,1467,211014,195,12610,2109,75814,2731,196577,2299,272391,California
Sonoma,2021-04-29,4813,462029,3430,237022,1238,212252,145,12755,1760,74673,3046,199623,1905,274296,California
Sonoma,2021-04-30,5431,467460,3619,240641,1519,213771,293,13048,1815,73175,3605,203228,2107,276403,California
Sonoma,2021-05-01,2464,469924,1772,242413,586,214357,106,13154,1237,73294,1221,204449,1340,277743,California
Sonoma,2021-05-02,863,470787,643,243056,169,214526,51,13205,553,73589,310,204759,605,278348,California
Sonoma,2021-05-03,3178,473965,1682,244738,1351,215877,145,13350,1055,72674,2114,206873,1199,279547,California
Sonoma,2021-05-04,4572,478537,2403,247141,1992,217869,177,13527,1475,71242,3080,209953,1648,281195,California
Sonoma,2021-05-05,3663,482200,2184,249325,1287,219156,192,13719,1319,70417,2334,212287,1509,282704,California
Sonoma,2021-05-06,4496,486696,2403,251728,1966,221122,127,13846,1369,68796,3115,215402,1494,284198,California
Sonoma,2021-05-07,3584,490280,2310,254038,1152,222274,122,13968,1083,67508,2493,217895,1205,285403,California
Sonoma,2021-05-08,1838,492118,1250,255288,496,222770,92,14060,773,67312,1061,218956,865,286268,California
Sonoma,2021-05-09,511,492629,296,255584,175,222945,40,14100,183,67210,325,219281,223,286491,California
Sonoma,2021-05-10,2292,494921,1035,256619,1124,224069,133,14233,281,65623,1998,221279,411,286902,California
Sonoma,2021-05-11,3469,498390,1891,258510,1463,225532,115,14348,970,64219,2489,223768,1085,287987,California
Sonoma,2021-05-12,3864,502254,2426,260936,1307,226839,131,14479,855,62204,3001,226769,986,288973,California
Sonoma,2021-05-13,4485,506739,2648,263584,1724,228563,113,14592,1500,60840,2975,229744,1611,290584,California
Sonoma,2021-05-14,4895,511634,3085,266669,1711,230274,99,14691,1766,59586,3119,232863,1865,292449,California
Sonoma,2021-05-15,1960,513594,1561,268230,354,230628,45,14736,1394,60462,561,233424,1437,293886,California
Stanislaus,2020-12-15,3,3,3,3,0,0,0,0,3,3,0,0,3,3,California
Stanislaus,2020-12-16,37,40,37,40,0,0,0,0,37,40,0,0,37,40,California
Stanislaus,2020-12-17,74,114,74,114,0,0,0,0,74,114,0,0,74,114,California
Stanislaus,2020-12-18,337,451,331,445,6,6,0,0,337,451,0,0,337,451,California
Stanislaus,2020-12-19,134,585,134,579,0,6,0,0,134,585,0,0,134,585,California
Stanislaus,2020-12-20,85,670,85,664,0,6,0,0,85,670,0,0,85,670,California
Stanislaus,2020-12-21,999,1669,998,1662,1,7,0,0,998,1668,0,0,998,1668,California
Stanislaus,2020-12-22,795,2464,783,2445,12,19,0,0,795,2463,0,0,795,2463,California
Stanislaus,2020-12-23,448,2912,430,2875,18,37,0,0,447,2910,0,0,447,2910,California
Stanislaus,2020-12-24,97,3009,88,2963,9,46,0,0,97,3007,0,0,97,3007,California
Stanislaus,2020-12-26,51,3060,8,2971,43,89,0,0,51,3058,0,0,51,3058,California
Stanislaus,2020-12-27,11,3071,6,2977,5,94,0,0,11,3069,0,0,11,3069,California
Stanislaus,2020-12-28,489,3560,395,3372,94,188,0,0,489,3558,0,0,489,3558,California
Stanislaus,2020-12-29,495,4055,416,3788,79,267,0,0,495,4053,0,0,495,4053,California
Stanislaus,2020-12-30,534,4589,279,4067,255,522,0,0,533,4585,1,1,533,4586,California
Stanislaus,2020-12-31,276,4865,157,4224,119,641,0,0,276,4861,0,1,276,4862,California
Stanislaus,2021-01-01,12,4877,4,4228,8,649,0,0,12,4873,0,1,12,4874,California
Stanislaus,2021-01-02,33,4910,26,4254,7,656,0,0,33,4906,0,1,33,4907,California
Stanislaus,2021-01-03,90,5000,87,4341,3,659,0,0,90,4996,0,1,90,4997,California
Stanislaus,2021-01-04,231,5231,151,4492,80,739,0,0,231,5227,0,1,231,5228,California
Stanislaus,2021-01-05,832,6063,342,4834,490,1229,0,0,808,6019,23,24,815,6043,California
Stanislaus,2021-01-06,1004,7067,600,5434,404,1633,0,0,931,6882,70,94,933,6976,California
Stanislaus,2021-01-07,1080,8147,704,6138,376,2009,0,0,890,7590,184,278,892,7868,California
Stanislaus,2021-01-08,1279,9426,723,6861,556,2565,0,0,937,8193,339,617,942,8810,California
Stanislaus,2021-01-09,285,9711,141,7002,144,2709,0,0,195,8298,90,707,195,9005,California
Stanislaus,2021-01-10,48,9759,21,7023,27,2736,0,0,29,8308,19,726,29,9034,California
Stanislaus,2021-01-11,1525,11284,1246,8269,279,3015,0,0,598,8002,922,1648,616,9650,California
Stanislaus,2021-01-12,1470,12754,864,9133,606,3621,0,0,831,8206,635,2283,839,10489,California
Stanislaus,2021-01-13,1441,14195,686,9819,755,4376,0,0,1119,9012,322,2605,1128,11617,California
Stanislaus,2021-01-14,2232,16427,283,10102,1949,6325,0,0,2065,10978,164,2769,2130,13747,California
Stanislaus,2021-01-15,2823,19250,1158,11260,1665,7990,0,0,2672,13582,147,2916,2751,16498,California
Stanislaus,2021-01-16,472,19722,51,11311,421,8411,0,0,455,14023,16,2932,457,16955,California
Stanislaus,2021-01-17,245,19967,203,11514,42,8453,0,0,239,14257,5,2937,239,17194,California
Stanislaus,2021-01-18,2186,22153,1025,12539,1161,9614,0,0,1804,15752,377,3314,1872,19066,California
Stanislaus,2021-01-19,1252,23405,723,13262,529,10143,0,0,806,16116,443,3757,807,19873,California
Stanislaus,2021-01-20,1005,24410,488,13750,517,10660,0,0,712,16536,292,4049,712,20585,California
Stanislaus,2021-01-21,3651,28061,2952,16702,699,11359,0,0,3332,19651,317,4366,3432,24017,California
Stanislaus,2021-01-22,1087,29148,308,17010,779,12138,0,0,1042,20656,41,4407,1046,25063,California
Stanislaus,2021-01-23,343,29491,43,17053,300,12438,0,0,285,20888,57,4464,289,25352,California
Stanislaus,2021-01-24,292,29783,100,17153,192,12630,0,0,226,21050,66,4530,228,25580,California
Stanislaus,2021-01-25,3152,32935,228,17381,2924,15554,0,0,2835,23745,281,4811,2976,28556,California
Stanislaus,2021-01-26,1724,34659,744,18125,980,16534,0,0,1299,24641,419,5230,1315,29871,California
Stanislaus,2021-01-27,1887,36546,1049,19174,838,17372,0,0,1183,25165,660,5890,1184,31055,California
Stanislaus,2021-01-28,2209,38755,1512,20686,697,18069,0,0,1723,26465,478,6368,1778,32833,California
Stanislaus,2021-01-29,2432,41187,1191,21877,1241,19310,0,0,1907,27939,480,6848,1954,34787,California
Stanislaus,2021-01-30,292,41479,131,22008,161,19471,0,0,229,28116,52,6900,229,35016,California
Stanislaus,2021-01-31,369,41848,315,22323,54,19525,0,0,353,28456,13,6913,353,35369,California
Stanislaus,2021-02-01,1266,43114,558,22881,708,20233,0,0,918,29037,337,7250,918,36287,California
Stanislaus,2021-02-02,1236,44350,375,23256,861,21094,0,0,780,29375,446,7696,784,37071,California
Stanislaus,2021-02-03,2574,46924,1195,24451,1379,22473,0,0,1898,30611,671,8367,1907,38978,California
Stanislaus,2021-02-04,2104,49028,726,25177,1378,23851,0,0,1585,31697,505,8872,1591,40569,California
Stanislaus,2021-02-05,2844,51872,1465,26642,1379,25230,0,0,1586,32094,1201,10073,1598,42167,California
Stanislaus,2021-02-06,885,52757,302,26944,583,25813,0,0,694,32600,189,10262,695,42862,California
Stanislaus,2021-02-07,230,52987,206,27150,24,25837,0,0,41,32454,188,10450,42,42904,California
Stanislaus,2021-02-08,2026,55013,1327,28477,699,26536,0,0,1102,32679,889,11339,1114,44018,California
Stanislaus,2021-02-09,1835,56848,780,29257,1055,27591,0,0,1044,32959,770,12109,1050,45068,California
Stanislaus,2021-02-10,1934,58782,533,29790,1401,28992,0,0,1012,33072,901,13010,1014,46082,California
Stanislaus,2021-02-11,5377,64159,3263,33053,2114,31106,0,0,1226,30346,3956,16966,1230,47312,California
Stanislaus,2021-02-12,3292,67451,913,33966,2379,33485,0,0,1450,30036,1765,18731,1455,48767,California
Stanislaus,2021-02-13,1351,68802,651,34617,700,34185,0,0,981,30656,365,19096,985,49752,California
Stanislaus,2021-02-14,421,69223,167,34784,254,34439,0,0,353,30943,66,19162,353,50105,California
Stanislaus,2021-02-15,1811,71034,230,35014,1581,36020,0,0,580,30405,1122,20284,584,50689,California
Stanislaus,2021-02-16,1357,72391,419,35433,938,36958,0,0,578,30216,769,21053,580,51269,California
Stanislaus,2021-02-17,2745,75136,1682,37115,1063,38021,0,0,1922,31327,819,21872,1930,53199,California
Stanislaus,2021-02-18,3356,78492,1898,39013,1458,39479,0,0,1795,31656,1481,23353,1810,55009,California
Stanislaus,2021-02-19,2750,81242,1059,40072,1691,41170,0,0,1525,32009,1185,24538,1538,56547,California
Stanislaus,2021-02-20,745,81987,378,40450,367,41537,0,0,482,32248,245,24783,484,57031,California
Stanislaus,2021-02-21,904,82891,689,41139,215,41752,0,0,550,32479,330,25113,561,57592,California
Stanislaus,2021-02-22,2340,85231,1690,42829,650,42402,0,0,1632,33430,682,25795,1633,59225,California
Stanislaus,2021-02-23,3691,88922,678,43507,3013,45415,0,0,1725,33345,1817,27612,1732,60957,California
Stanislaus,2021-02-24,4168,93090,2843,46350,1325,46740,0,0,3116,35430,1034,28646,3119,64076,California
Stanislaus,2021-02-25,3880,96970,2645,48995,1235,47975,0,0,3077,37726,784,29430,3080,67156,California
Stanislaus,2021-02-26,4182,101152,1213,50208,2969,50944,0,0,2827,39260,1303,30733,2837,69993,California
Stanislaus,2021-02-27,2088,103240,706,50914,1381,52325,1,1,1855,40912,205,30938,1857,71850,California
Stanislaus,2021-02-28,818,104058,262,51176,556,52881,0,1,770,41644,39,30977,771,72621,California
Stanislaus,2021-03-01,2760,106818,1623,52799,1136,54017,1,2,1624,42171,1107,32084,1634,74255,California
Stanislaus,2021-03-02,2379,109197,1413,54212,965,54982,1,3,1653,43108,717,32801,1654,75909,California
Stanislaus,2021-03-03,3707,112904,2227,56439,1478,56460,2,5,2904,45226,786,33587,2904,78813,California
Stanislaus,2021-03-04,5431,118335,3102,59541,2313,58773,16,21,4187,48209,1216,34803,4199,83012,California
Stanislaus,2021-03-05,4020,122355,1116,60657,2888,61661,16,37,3053,50337,941,35744,3069,86081,California
Stanislaus,2021-03-06,3571,125926,2223,62880,1255,62916,93,130,2720,52305,847,36591,2815,88896,California
Stanislaus,2021-03-07,847,126773,386,63266,425,63341,36,166,659,52818,182,36773,695,89591,California
Stanislaus,2021-03-08,1982,128755,854,64120,1039,64380,89,255,1322,53584,644,37417,1410,91001,California
Stanislaus,2021-03-09,2170,130925,894,65014,1184,65564,92,347,1628,54778,530,37947,1724,92725,California
Stanislaus,2021-03-10,5053,135978,2493,67507,2339,67903,221,568,3735,57447,1300,39247,3969,96694,California
Stanislaus,2021-03-11,5707,141685,3133,70640,2098,70001,476,1044,4125,60631,1421,40668,4605,101299,California
Stanislaus,2021-03-12,5759,147444,1226,71866,2612,72613,1921,2965,2912,62634,2825,43493,4828,106127,California
Stanislaus,2021-03-13,3379,150823,2179,74045,1132,73745,68,3033,2687,64710,684,44177,2760,108887,California
Stanislaus,2021-03-14,996,151819,595,74640,350,74095,51,3084,492,64755,501,44678,546,109433,California
Stanislaus,2021-03-15,3684,155503,1971,76611,1355,75450,358,3442,1603,64736,1986,46664,1967,111400,California
Stanislaus,2021-03-16,4900,160403,2439,79050,2050,77500,411,3853,3532,67330,1349,48013,3943,115343,California
Stanislaus,2021-03-17,4709,165112,2850,81900,1681,79181,178,4031,2882,68591,1805,49818,3066,118409,California
Stanislaus,2021-03-18,5410,170522,3414,85314,1930,81111,66,4097,2976,69351,2286,52104,3046,121455,California
Stanislaus,2021-03-19,5912,176434,1526,86840,2861,83972,1525,5622,3099,71189,2784,54888,4622,126077,California
Stanislaus,2021-03-20,3834,180268,3001,89841,765,84737,68,5690,3364,74159,463,55351,3433,129510,California
Stanislaus,2021-03-21,983,181251,883,90724,35,84772,65,5755,746,74735,235,55586,811,130321,California
Stanislaus,2021-03-22,2808,184059,1320,92044,764,85536,724,6479,1242,75154,1548,57134,1967,132288,California
Stanislaus,2021-03-23,3939,187998,2015,94059,1664,87200,260,6739,2812,77134,1111,58245,3091,135379,California
Stanislaus,2021-03-24,4538,192536,3213,97272,1257,88457,68,6807,2638,77987,1856,60101,2709,138088,California
Stanislaus,2021-03-25,4228,196764,2904,100176,1308,89765,16,6823,1811,77474,2340,62441,1827,139915,California
Stanislaus,2021-03-26,4714,201478,1333,101509,3306,93071,75,6898,2369,77621,2311,64752,2458,142373,California
Stanislaus,2021-03-27,4341,205819,2715,104224,1580,94651,46,6944,1378,76106,2947,67699,1432,143805,California
Stanislaus,2021-03-28,1102,206921,439,104663,557,95208,106,7050,320,75767,770,68469,431,144236,California
Stanislaus,2021-03-29,2970,209891,1821,106484,1110,96318,39,7089,1982,76816,978,69447,2027,146263,California
Stanislaus,2021-03-30,3662,213553,2051,108535,1584,97902,27,7116,2232,77659,1422,70869,2265,148528,California
Stanislaus,2021-03-31,5397,218950,3827,112362,1452,99354,118,7234,2768,77936,2612,73481,2889,151417,California
Stanislaus,2021-04-01,5721,224671,3826,116188,1805,101159,90,7324,2625,77581,3080,76561,2725,154142,California
Stanislaus,2021-04-02,4987,229658,1210,117398,3625,104784,152,7476,2239,77320,2663,79224,2402,156544,California
Stanislaus,2021-04-03,4541,234199,3299,120697,1205,105989,37,7513,2240,77317,2292,81516,2289,158833,California
Stanislaus,2021-04-04,1319,235518,472,121169,817,106806,30,7543,650,77340,663,82179,686,159519,California
Stanislaus,2021-04-05,3628,239146,2527,123696,851,107657,250,7793,2353,78681,1266,83445,2607,162126,California
Stanislaus,2021-04-06,5733,244879,4157,127853,1303,108960,273,8066,3081,79402,2639,86084,3360,165486,California
Stanislaus,2021-04-07,6340,251219,3596,131449,2325,111285,419,8485,2828,79159,3496,89580,3253,168739,California
Stanislaus,2021-04-08,5670,256889,3320,134769,1919,113204,431,8916,2766,79476,2885,92465,3202,171941,California
Stanislaus,2021-04-09,4810,261699,2103,136872,2337,115541,370,9286,2183,79437,2605,95070,2566,174507,California
Stanislaus,2021-04-10,6480,268179,3982,140854,859,116400,1639,10925,1999,78610,4458,99528,3631,178138,California
Stanislaus,2021-04-11,1522,269701,850,141704,539,116939,133,11058,666,78556,854,100382,800,178938,California
Stanislaus,2021-04-12,3587,273288,2042,143746,1100,118039,445,11503,1875,79185,1698,102080,2327,181265,California
Stanislaus,2021-04-13,5189,278477,3416,147162,1760,119799,13,11516,2921,79881,2231,104311,2927,184192,California
Stanislaus,2021-04-14,4644,283121,3250,150412,1393,121192,1,11517,2258,79789,2355,106666,2263,186455,California
Stanislaus,2021-04-15,5373,288494,3309,153721,2062,123254,2,11519,3233,80921,2105,108771,3237,189692,California
Stanislaus,2021-04-16,4284,292778,986,154707,3297,126551,1,11520,1814,80308,2430,111201,1817,191509,California
Stanislaus,2021-04-17,3136,295914,2102,156809,1034,127585,0,11520,1834,80853,1293,112494,1838,193347,California
Stanislaus,2021-04-18,528,296442,215,157024,313,127898,0,11520,405,81143,117,112611,407,193754,California
Stanislaus,2021-04-19,3447,299889,2444,159468,1002,128900,1,11521,1635,81006,1781,114392,1644,195398,California
Stanislaus,2021-04-20,3972,303861,2413,161881,1559,130459,0,11521,1744,80552,2200,116592,1746,197144,California
Stanislaus,2021-04-21,3812,307673,2550,164431,1261,131720,1,11522,1605,79992,2172,118764,1612,198756,California
Stanislaus,2021-04-22,3938,311611,2397,166828,1541,133261,0,11522,1574,79252,2320,121084,1580,200336,California
Stanislaus,2021-04-23,3590,315201,844,167672,2745,136006,1,11523,1475,78712,2023,123107,1483,201819,California
Stanislaus,2021-04-24,3729,318930,2926,170598,803,136809,0,11523,1739,78483,1975,125082,1746,203565,California
Stanislaus,2021-04-25,932,319862,476,171074,456,137265,0,11523,683,78927,244,125326,688,204253,California
Stanislaus,2021-04-26,3233,323095,2277,173351,950,138215,6,11529,957,77639,2259,127585,971,205224,California
Stanislaus,2021-04-27,3890,326985,2711,176062,1137,139352,42,11571,1090,75991,2781,130366,1133,206357,California
Stanislaus,2021-04-28,4126,331111,2905,178967,1159,140511,62,11633,1805,75566,2304,132670,1879,208236,California
Stanislaus,2021-04-29,3587,334698,2243,181210,1296,141807,48,11681,1409,74869,2163,134833,1466,209702,California
Stanislaus,2021-04-30,4485,339183,2046,183256,2355,144162,84,11765,1777,74040,2698,137531,1869,211571,California
Stanislaus,2021-05-01,2699,341882,1920,185176,739,144901,40,11805,1008,73414,1682,139213,1056,212627,California
Stanislaus,2021-05-02,1069,342951,610,185786,423,145324,36,11841,516,73424,547,139760,557,213184,California
Stanislaus,2021-05-03,2384,345335,1900,187686,414,145738,70,11911,896,72926,1475,141235,977,214161,California
Stanislaus,2021-05-04,3422,348757,2434,190120,900,146638,88,11999,1028,71665,2385,143620,1124,215285,California
Stanislaus,2021-05-05,3141,351898,2114,192234,953,147591,74,12073,1057,70734,2066,145686,1135,216420,California
Stanislaus,2021-05-06,3081,354979,2292,194526,683,148274,106,12179,1012,69804,2054,147740,1124,217544,California
Stanislaus,2021-05-07,2271,357250,880,195406,1249,149523,142,12321,936,69556,1327,149067,1079,218623,California
Stanislaus,2021-05-08,1953,359203,1335,196741,585,150108,33,12354,710,69076,1230,150297,750,219373,California
Stanislaus,2021-05-09,703,359906,335,197076,341,150449,27,12381,305,69011,397,150694,332,219705,California
Stanislaus,2021-05-10,1654,361560,1133,198209,443,150892,78,12459,446,68338,1198,151892,525,220230,California
Stanislaus,2021-05-11,2324,363884,1466,199675,703,151595,155,12614,653,67487,1663,153555,812,221042,California
Stanislaus,2021-05-12,2049,365933,1213,200888,741,152336,95,12709,795,67137,1242,154797,892,221934,California
Stanislaus,2021-05-13,1791,367724,996,201884,681,153017,114,12823,807,67083,978,155775,924,222858,California
Stanislaus,2021-05-14,2045,369769,748,202632,1172,154189,125,12948,874,66924,1159,156934,1000,223858,California
Stanislaus,2021-05-15,1592,371361,1189,203821,363,154552,40,12988,667,66711,923,157857,710,224568,California
Sutter,2020-12-15,1,1,1,1,0,0,0,0,1,1,0,0,1,1,California
Sutter,2020-12-16,4,5,4,5,0,0,0,0,4,5,0,0,4,5,California
Sutter,2020-12-17,2,7,2,7,0,0,0,0,2,7,0,0,2,7,California
Sutter,2020-12-18,20,27,20,27,0,0,0,0,20,27,0,0,20,27,California
Sutter,2020-12-19,44,71,44,71,0,0,0,0,44,71,0,0,44,71,California
Sutter,2020-12-20,42,113,42,113,0,0,0,0,42,113,0,0,42,113,California
Sutter,2020-12-21,100,213,100,213,0,0,0,0,100,213,0,0,100,213,California
Sutter,2020-12-22,172,385,172,385,0,0,0,0,172,385,0,0,172,385,California
Sutter,2020-12-23,116,501,111,496,5,5,0,0,116,501,0,0,116,501,California
Sutter,2020-12-24,17,518,11,507,6,11,0,0,17,518,0,0,17,518,California
Sutter,2020-12-26,38,556,34,541,4,15,0,0,38,556,0,0,38,556,California
Sutter,2020-12-27,24,580,23,564,1,16,0,0,24,580,0,0,24,580,California
Sutter,2020-12-28,83,663,55,619,28,44,0,0,83,663,0,0,83,663,California
Sutter,2020-12-29,101,764,14,633,87,131,0,0,101,764,0,0,101,764,California
Sutter,2020-12-30,137,901,34,667,103,234,0,0,137,901,0,0,137,901,California
Sutter,2020-12-31,70,971,6,673,64,298,0,0,70,971,0,0,70,971,California
Sutter,2021-01-01,3,974,3,676,0,298,0,0,3,974,0,0,3,974,California
Sutter,2021-01-02,131,1105,129,805,2,300,0,0,131,1105,0,0,131,1105,California
Sutter,2021-01-03,1,1106,0,805,1,301,0,0,1,1106,0,0,1,1106,California
Sutter,2021-01-04,247,1353,139,944,108,409,0,0,247,1353,0,0,247,1353,California
Sutter,2021-01-05,100,1453,57,1001,43,452,0,0,98,1449,2,2,98,1451,California
Sutter,2021-01-06,204,1657,50,1051,154,606,0,0,199,1643,5,7,199,1650,California
Sutter,2021-01-07,251,1908,151,1202,100,706,0,0,242,1877,8,15,242,1892,California
Sutter,2021-01-08,147,2055,40,1242,107,813,0,0,130,1990,17,32,130,2022,California
Sutter,2021-01-09,46,2101,43,1285,3,816,0,0,5,1954,41,73,5,2027,California
Sutter,2021-01-10,397,2498,37,1322,360,1176,0,0,359,2276,37,110,359,2386,California
Sutter,2021-01-11,132,2630,114,1436,18,1194,0,0,26,2196,106,216,26,2412,California
Sutter,2021-01-12,201,2831,164,1600,37,1231,0,0,58,2111,143,359,58,2470,California
Sutter,2021-01-13,161,2992,98,1698,63,1294,0,0,71,2093,89,448,71,2541,California
Sutter,2021-01-14,145,3137,49,1747,96,1390,0,0,126,2200,19,467,126,2667,California
Sutter,2021-01-15,436,3573,132,1879,304,1694,0,0,421,2606,15,482,421,3088,California
Sutter,2021-01-16,384,3957,41,1920,343,2037,0,0,353,2929,30,512,353,3441,California
Sutter,2021-01-17,26,3983,24,1944,2,2039,0,0,10,2923,16,528,10,3451,California
Sutter,2021-01-18,117,4100,62,2006,55,2094,0,0,70,2946,47,575,70,3521,California
Sutter,2021-01-19,104,4204,43,2049,61,2155,0,0,79,3000,25,600,79,3600,California
Sutter,2021-01-20,254,4458,190,2239,64,2219,0,0,234,3214,20,620,234,3834,California
Sutter,2021-01-21,472,4930,303,2542,169,2388,0,0,453,3648,19,639,453,4287,California
Sutter,2021-01-22,269,5199,81,2623,188,2576,0,0,260,3899,9,648,260,4547,California
Sutter,2021-01-23,396,5595,39,2662,357,2933,0,0,370,4243,26,674,370,4917,California
Sutter,2021-01-24,17,5612,14,2676,3,2936,0,0,15,4256,2,676,15,4932,California
Sutter,2021-01-25,307,5919,197,2873,110,3046,0,0,152,4254,154,830,152,5084,California
Sutter,2021-01-26,248,6167,108,2981,140,3186,0,0,144,4295,103,933,144,5228,California
Sutter,2021-01-27,386,6553,255,3236,131,3317,0,0,320,4549,66,999,320,5548,California
Sutter,2021-01-28,524,7077,301,3537,223,3540,0,0,394,4814,129,1128,394,5942,California
Sutter,2021-01-29,419,7496,146,3683,273,3813,0,0,254,4903,165,1293,254,6196,California
Sutter,2021-01-30,775,8271,38,3721,737,4550,0,0,764,5656,11,1304,764,6960,California
Sutter,2021-01-31,27,8298,27,3748,0,4550,0,0,27,5683,0,1304,27,6987,California
Sutter,2021-02-01,165,8463,49,3797,116,4666,0,0,134,5786,31,1335,134,7121,California
Sutter,2021-02-02,244,8707,27,3824,217,4883,0,0,212,5966,32,1367,212,7333,California
Sutter,2021-02-03,443,9150,38,3862,405,5288,0,0,210,5943,233,1600,210,7543,California
Sutter,2021-02-04,670,9820,366,4228,304,5592,0,0,620,6513,50,1650,620,8163,California
Sutter,2021-02-05,286,10106,33,4261,253,5845,0,0,137,6501,149,1799,137,8300,California
Sutter,2021-02-06,735,10841,29,4290,706,6551,0,0,713,7192,22,1821,713,9013,California
Sutter,2021-02-07,23,10864,20,4310,3,6554,0,0,19,7207,4,1825,19,9032,California
Sutter,2021-02-08,134,10998,29,4339,105,6659,0,0,98,7269,36,1861,98,9130,California
Sutter,2021-02-09,244,11242,45,4384,199,6858,0,0,183,7391,61,1922,183,9313,California
Sutter,2021-02-10,818,12060,379,4763,439,7297,0,0,177,6928,640,2562,177,9490,California
Sutter,2021-02-11,603,12663,275,5038,328,7625,0,0,345,7015,258,2820,345,9835,California
Sutter,2021-02-12,633,13296,67,5105,566,8191,0,0,310,7003,322,3142,310,10145,California
Sutter,2021-02-13,897,14193,49,5154,848,9039,0,0,780,7666,117,3259,780,10925,California
Sutter,2021-02-14,90,14283,25,5179,65,9104,0,0,79,7734,11,3270,79,11004,California
Sutter,2021-02-15,198,14481,73,5252,125,9229,0,0,119,7774,79,3349,119,11123,California
Sutter,2021-02-16,289,14770,45,5297,244,9473,0,0,205,7896,83,3432,205,11328,California
Sutter,2021-02-17,822,15592,428,5725,394,9867,0,0,129,7332,693,4125,129,11457,California
Sutter,2021-02-18,700,16292,55,5780,645,10512,0,0,489,7611,210,4335,489,11946,California
Sutter,2021-02-19,664,16956,378,6158,286,10798,0,0,461,7871,201,4536,461,12407,California
Sutter,2021-02-20,622,17578,55,6213,567,11365,0,0,519,8288,102,4638,519,12926,California
Sutter,2021-02-21,29,17607,26,6239,3,11368,0,0,6,8271,23,4661,6,12932,California
Sutter,2021-02-22,207,17814,122,6361,85,11453,0,0,87,8238,120,4781,87,13019,California
Sutter,2021-02-23,223,18037,33,6394,190,11643,0,0,97,8209,126,4907,97,13116,California
Sutter,2021-02-24,960,18997,349,6743,611,12254,0,0,190,7630,769,5676,190,13306,California
Sutter,2021-02-25,786,19783,499,7242,287,12541,0,0,605,8057,178,5854,605,13911,California
Sutter,2021-02-26,370,20153,59,7301,311,12852,0,0,154,7997,214,6068,154,14065,California
Sutter,2021-02-27,865,21018,44,7345,821,13673,0,0,710,8550,157,6225,710,14775,California
Sutter,2021-02-28,83,21101,38,7383,45,13718,0,0,64,8596,18,6243,64,14839,California
Sutter,2021-03-01,247,21348,61,7444,186,13904,0,0,150,8649,97,6340,150,14989,California
Sutter,2021-03-02,334,21682,57,7501,277,14181,0,0,160,8636,173,6513,160,15149,California
Sutter,2021-03-03,1383,23065,513,8014,870,15051,0,0,645,8549,732,7245,645,15794,California
Sutter,2021-03-04,1256,24321,867,8881,389,15440,0,0,950,9197,302,7547,950,16744,California
Sutter,2021-03-05,337,24658,77,8958,259,15699,1,1,204,9270,132,7679,205,16949,California
Sutter,2021-03-06,1022,25680,46,9004,971,16670,5,6,860,9973,162,7841,865,17814,California
Sutter,2021-03-07,64,25744,23,9027,40,16710,1,7,44,9998,20,7861,45,17859,California
Sutter,2021-03-08,226,25970,79,9106,135,16845,12,19,158,10100,68,7929,170,18029,California
Sutter,2021-03-09,385,26355,136,9242,236,17081,13,32,183,10094,202,8131,196,18225,California
Sutter,2021-03-10,1570,27925,683,9925,826,17907,61,93,527,9642,1040,9171,588,18813,California
Sutter,2021-03-11,895,28820,442,10367,434,18341,19,112,648,10065,244,9415,667,19480,California
Sutter,2021-03-12,673,29493,110,10477,381,18722,182,294,199,9973,471,9886,379,19859,California
Sutter,2021-03-13,981,30474,747,11224,217,18939,17,311,778,10567,201,10087,795,20654,California
Sutter,2021-03-14,128,30602,21,11245,96,19035,11,322,43,10536,85,10172,54,20708,California
Sutter,2021-03-15,318,30920,66,11311,203,19238,49,371,151,10570,166,10338,200,20908,California
Sutter,2021-03-16,388,31308,86,11397,255,19493,47,418,210,10648,178,10516,256,21164,California
Sutter,2021-03-17,1498,32806,564,11961,914,20407,20,438,312,9801,1178,11694,331,21495,California
Sutter,2021-03-18,968,33774,180,12141,587,20994,201,639,569,10172,398,12092,769,22264,California
Sutter,2021-03-19,463,34237,165,12306,269,21263,29,668,284,10308,177,12269,313,22577,California
Sutter,2021-03-20,949,35186,116,12422,822,22085,11,679,861,11092,88,12357,872,23449,California
Sutter,2021-03-21,67,35253,47,12469,17,22102,3,682,37,11102,30,12387,40,23489,California
Sutter,2021-03-22,287,35540,120,12589,141,22243,26,708,212,11266,74,12461,238,23727,California
Sutter,2021-03-23,377,35917,116,12705,229,22472,32,740,255,11431,122,12583,287,24014,California
Sutter,2021-03-24,1684,37601,774,13479,840,23312,70,810,318,10467,1352,13935,388,24402,California
Sutter,2021-03-25,1039,38640,680,14159,318,23630,41,851,370,10211,667,14602,411,24813,California
Sutter,2021-03-26,485,39125,173,14332,295,23925,17,868,293,10332,189,14791,310,25123,California
Sutter,2021-03-27,931,40056,63,14395,866,24791,2,870,823,11052,105,14896,825,25948,California
Sutter,2021-03-28,125,40181,71,14466,54,24845,0,870,78,11085,45,14941,78,26026,California
Sutter,2021-03-29,427,40608,144,14610,228,25073,55,925,226,11167,199,15140,281,26307,California
Sutter,2021-03-30,478,41086,160,14770,308,25381,10,935,318,11335,160,15300,328,26635,California
Sutter,2021-03-31,1249,42335,176,14946,1057,26438,16,951,448,11007,791,16091,463,27098,California
Sutter,2021-04-01,1379,43714,734,15680,458,26896,187,1138,424,10670,948,17039,611,27709,California
Sutter,2021-04-02,513,44227,100,15780,295,27191,118,1256,201,10675,311,17350,316,28025,California
Sutter,2021-04-03,910,45137,77,15857,210,27401,623,1879,121,10632,787,18137,744,28769,California
Sutter,2021-04-04,118,45255,22,15879,90,27491,6,1885,55,10630,63,18200,61,28830,California
Sutter,2021-04-05,368,45623,146,16025,186,27677,36,1921,177,10655,188,18388,213,29043,California
Sutter,2021-04-06,508,46131,197,16222,255,27932,56,1977,272,10748,235,18623,328,29371,California
Sutter,2021-04-07,1462,47593,865,17087,522,28454,75,2052,600,10567,856,19479,675,30046,California
Sutter,2021-04-08,1036,48629,576,17663,351,28805,109,2161,570,10783,461,19940,677,30723,California
Sutter,2021-04-09,560,49189,247,17910,249,29054,64,2225,234,10757,324,20264,298,31021,California
Sutter,2021-04-10,818,50007,106,18016,87,29141,625,2850,106,10770,710,20974,723,31744,California
Sutter,2021-04-11,110,50117,28,18044,40,29181,42,2892,32,10766,78,21052,74,31818,California
Sutter,2021-04-12,336,50453,91,18135,191,29372,54,2946,136,10756,200,21252,190,32008,California
Sutter,2021-04-13,429,50882,127,18262,302,29674,0,2946,214,10757,213,21465,214,32222,California
Sutter,2021-04-14,1292,52174,161,18423,1130,30804,1,2947,213,9898,1073,22538,214,32436,California
Sutter,2021-04-15,535,52709,175,18598,360,31164,0,2947,213,9791,320,22858,213,32649,California
Sutter,2021-04-16,393,53102,123,18721,270,31434,0,2947,180,9759,212,23070,180,32829,California
Sutter,2021-04-17,577,53679,84,18805,493,31927,0,2947,506,10195,70,23140,506,33335,California
Sutter,2021-04-18,69,53748,10,18815,59,31986,0,2947,42,10211,26,23166,42,33377,California
Sutter,2021-04-19,288,54036,110,18925,178,32164,0,2947,120,10165,166,23332,120,33497,California
Sutter,2021-04-20,395,54431,136,19061,258,32422,1,2948,201,10173,193,23525,201,33698,California
Sutter,2021-04-21,1234,55665,421,19482,813,33235,0,2948,476,9900,749,24274,476,34174,California
Sutter,2021-04-22,480,56145,167,19649,313,33548,0,2948,247,9916,231,24505,247,34421,California
Sutter,2021-04-23,397,56542,115,19764,282,33830,0,2948,186,9892,210,24715,186,34607,California
Sutter,2021-04-24,326,56868,106,19870,219,34049,1,2949,185,9938,140,24855,186,34793,California
Sutter,2021-04-25,157,57025,75,19945,82,34131,0,2949,86,9956,68,24923,86,34879,California
Sutter,2021-04-26,287,57312,88,20033,197,34328,2,2951,123,9919,162,25085,125,35004,California
Sutter,2021-04-27,526,57838,265,20298,257,34585,4,2955,242,9884,281,25366,246,35250,California
Sutter,2021-04-28,816,58654,340,20638,468,35053,8,2963,260,9601,551,25917,268,35518,California
Sutter,2021-04-29,775,59429,136,20774,638,35691,1,2964,310,9450,462,26379,311,35829,California
Sutter,2021-04-30,356,59785,108,20882,235,35926,13,2977,145,9399,208,26587,157,35986,California
Sutter,2021-05-01,294,60079,105,20987,148,36074,41,3018,124,9397,167,26754,165,36151,California
Sutter,2021-05-02,79,60158,52,21039,25,36099,2,3020,45,9410,34,26788,47,36198,California
Sutter,2021-05-03,169,60327,107,21146,53,36152,9,3029,69,9388,100,26888,78,36276,California
Sutter,2021-05-04,522,60849,236,21382,222,36374,64,3093,221,9374,298,27186,284,36560,California
Sutter,2021-05-05,534,61383,141,21523,385,36759,8,3101,159,9173,368,27554,167,36727,California
Sutter,2021-05-06,424,61807,231,21754,173,36932,20,3121,192,9153,232,27786,212,36939,California
Sutter,2021-05-07,405,62212,145,21899,238,37170,22,3143,152,9075,252,28038,174,37113,California
Sutter,2021-05-08,196,62408,49,21948,141,37311,6,3149,106,9097,90,28128,112,37225,California
Sutter,2021-05-09,81,62489,52,22000,24,37335,5,3154,56,9133,25,28153,61,37286,California
Sutter,2021-05-10,188,62677,42,22042,129,37464,17,3171,47,9058,139,28292,64,37350,California
Sutter,2021-05-11,429,63106,212,22254,200,37664,17,3188,178,9005,247,28539,194,37544,California
Sutter,2021-05-12,393,63499,207,22461,176,37840,10,3198,131,8888,258,28797,141,37685,California
Sutter,2021-05-13,411,63910,223,22684,166,38006,22,3220,163,8827,246,29043,185,37870,California
Sutter,2021-05-14,227,64137,38,22722,179,38185,10,3230,83,8777,143,29186,93,37963,California
Sutter,2021-05-15,593,64730,135,22857,431,38616,27,3257,157,8526,435,29621,184,38147,California
Tehama,2020-12-15,1,1,1,1,0,0,0,0,1,1,0,0,1,1,California
Tehama,2020-12-16,2,3,2,3,0,0,0,0,2,3,0,0,2,3,California
Tehama,2020-12-17,12,15,12,15,0,0,0,0,12,15,0,0,12,15,California
Tehama,2020-12-18,2,17,2,17,0,0,0,0,3,18,0,0,3,18,California
Tehama,2020-12-21,33,50,33,50,0,0,0,0,33,51,0,0,33,51,California
Tehama,2020-12-22,68,118,62,112,6,6,0,0,68,119,0,0,68,119,California
Tehama,2020-12-23,48,166,40,152,8,14,0,0,48,167,0,0,48,167,California
Tehama,2020-12-24,5,171,3,155,2,16,0,0,5,172,0,0,5,172,California
Tehama,2020-12-26,3,174,2,157,1,17,0,0,3,175,0,0,3,175,California
Tehama,2020-12-27,2,176,2,159,0,17,0,0,2,177,0,0,2,177,California
Tehama,2020-12-28,56,232,43,202,13,30,0,0,56,233,0,0,56,233,California
Tehama,2020-12-29,31,263,31,233,0,30,0,0,31,264,0,0,31,264,California
Tehama,2020-12-30,54,317,38,271,16,46,0,0,53,317,0,0,53,317,California
Tehama,2020-12-31,14,331,4,275,10,56,0,0,14,331,0,0,14,331,California
Tehama,2021-01-01,2,333,0,275,2,58,0,0,2,333,0,0,2,333,California
Tehama,2021-01-04,32,365,9,284,23,81,0,0,32,365,0,0,32,365,California
Tehama,2021-01-05,70,435,43,327,27,108,0,0,67,429,3,3,67,432,California
Tehama,2021-01-06,71,506,21,348,50,158,0,0,62,483,8,11,62,494,California
Tehama,2021-01-07,57,563,7,355,50,208,0,0,56,538,1,12,56,550,California
Tehama,2021-01-08,33,596,24,379,9,217,0,0,28,561,5,17,28,578,California
Tehama,2021-01-09,7,603,5,384,2,219,0,0,5,564,2,19,5,583,California
Tehama,2021-01-10,1,604,0,384,1,220,0,0,1,565,0,19,1,584,California
Tehama,2021-01-11,48,652,46,430,2,222,0,0,15,547,33,52,15,599,California
Tehama,2021-01-12,116,768,96,526,20,242,0,0,71,573,45,97,71,670,California
Tehama,2021-01-13,73,841,55,581,18,260,0,0,27,554,46,143,27,697,California
Tehama,2021-01-14,225,1066,51,632,174,434,0,0,223,775,2,145,223,920,California
Tehama,2021-01-15,247,1313,74,706,173,607,0,0,243,1014,4,149,243,1163,California
Tehama,2021-01-16,272,1585,27,733,245,852,0,0,269,1280,3,152,269,1432,California
Tehama,2021-01-17,13,1598,9,742,4,856,0,0,11,1289,2,154,11,1443,California
Tehama,2021-01-18,10,1608,6,748,4,860,0,0,5,1289,5,159,5,1448,California
Tehama,2021-01-19,288,1896,62,810,226,1086,0,0,233,1467,55,214,233,1681,California
Tehama,2021-01-20,301,2197,87,897,214,1300,0,0,251,1669,49,263,251,1932,California
Tehama,2021-01-21,214,2411,11,908,203,1503,0,0,204,1863,10,273,204,2136,California
Tehama,2021-01-22,223,2634,21,929,202,1705,0,0,220,2080,3,276,220,2356,California
Tehama,2021-01-23,261,2895,10,939,251,1956,0,0,260,2339,1,277,260,2616,California
Tehama,2021-01-24,1,2896,1,940,0,1956,0,0,1,2340,0,277,1,2617,California
Tehama,2021-01-25,32,2928,14,954,18,1974,0,0,14,2336,18,295,14,2631,California
Tehama,2021-01-26,323,3251,42,996,281,2255,0,0,286,2585,37,332,286,2917,California
Tehama,2021-01-27,299,3550,21,1017,278,2533,0,0,279,2844,20,352,279,3196,California
Tehama,2021-01-28,340,3890,29,1046,311,2844,0,0,325,3154,15,367,325,3521,California
Tehama,2021-01-29,321,4211,19,1065,302,3146,0,0,304,3441,17,384,304,3825,California
Tehama,2021-01-30,103,4314,2,1067,101,3247,0,0,102,3542,1,385,102,3927,California
Tehama,2021-01-31,1,4315,0,1067,1,3248,0,0,1,3543,0,385,1,3928,California
Tehama,2021-02-01,78,4393,22,1089,56,3304,0,0,36,3537,42,427,36,3964,California
Tehama,2021-02-02,347,4740,63,1152,284,3588,0,0,250,3693,94,521,250,4214,California
Tehama,2021-02-03,387,5127,12,1164,375,3963,0,0,343,3992,44,565,343,4557,California
Tehama,2021-02-04,476,5603,99,1263,377,4340,0,0,395,4307,81,646,396,4953,California
Tehama,2021-02-05,174,5777,73,1336,101,4441,0,0,112,4357,62,708,112,5065,California
Tehama,2021-02-06,28,5805,13,1349,15,4456,0,0,16,4361,12,720,16,5081,California
Tehama,2021-02-07,5,5810,4,1353,1,4457,0,0,2,4360,3,723,2,5083,California
Tehama,2021-02-08,36,5846,14,1367,22,4479,0,0,27,4378,9,732,27,5110,California
Tehama,2021-02-09,78,5924,34,1401,44,4523,0,0,44,4388,34,766,44,5154,California
Tehama,2021-02-10,233,6157,62,1463,171,4694,0,0,157,4469,76,842,157,5311,California
Tehama,2021-02-11,221,6378,16,1479,205,4899,0,0,82,4414,137,979,82,5393,California
Tehama,2021-02-12,364,6742,65,1544,299,5198,0,0,174,4398,190,1169,174,5567,California
Tehama,2021-02-13,386,7128,13,1557,373,5571,0,0,147,4306,239,1408,147,5714,California
Tehama,2021-02-14,34,7162,1,1558,33,5604,0,0,32,4336,2,1410,32,5746,California
Tehama,2021-02-15,51,7213,9,1567,42,5646,0,0,45,4375,6,1416,45,5791,California
Tehama,2021-02-16,242,7455,16,1583,226,5872,0,0,60,4253,182,1598,60,5851,California
Tehama,2021-02-17,280,7735,12,1595,268,6140,0,0,54,4081,226,1824,54,5905,California
Tehama,2021-02-18,368,8103,32,1627,336,6476,0,0,144,4001,224,2048,144,6049,California
Tehama,2021-02-19,213,8316,18,1645,195,6671,0,0,42,3872,171,2219,42,6091,California
Tehama,2021-02-20,271,8587,6,1651,265,6936,0,0,26,3653,245,2464,26,6117,California
Tehama,2021-02-22,39,8626,15,1666,24,6960,0,0,26,3666,13,2477,26,6143,California
Tehama,2021-02-23,46,8672,19,1685,27,6987,0,0,26,3672,20,2497,26,6169,California
Tehama,2021-02-24,299,8971,13,1698,286,7273,0,0,26,3425,273,2770,26,6195,California
Tehama,2021-02-25,378,9349,62,1760,316,7589,0,0,39,3126,338,3108,39,6234,California
Tehama,2021-02-26,455,9804,19,1779,436,8025,0,0,70,2811,385,3493,70,6304,California
Tehama,2021-02-27,294,10098,5,1784,289,8314,0,0,34,2585,260,3753,34,6338,California
Tehama,2021-02-28,23,10121,2,1786,21,8335,0,0,20,2602,3,3756,20,6358,California
Tehama,2021-03-01,67,10188,8,1794,59,8394,0,0,33,2601,34,3790,33,6391,California
Tehama,2021-03-02,131,10319,18,1812,113,8507,0,0,30,2530,101,3891,30,6421,California
Tehama,2021-03-03,146,10465,33,1845,113,8620,0,0,47,2478,99,3990,47,6468,California
Tehama,2021-03-04,620,11085,36,1881,584,9204,0,0,222,2309,391,4381,222,6690,California
Tehama,2021-03-05,396,11481,18,1899,378,9582,0,0,214,2342,181,4562,214,6904,California
Tehama,2021-03-06,299,11780,17,1916,282,9864,0,0,81,2207,217,4779,82,6986,California
Tehama,2021-03-07,5,11785,1,1917,4,9868,0,0,3,2209,1,4780,3,6989,California
Tehama,2021-03-08,58,11843,12,1929,31,9899,15,15,27,2221,30,4810,42,7031,California
Tehama,2021-03-09,364,12207,8,1937,337,10236,19,34,309,2494,55,4865,328,7359,California
Tehama,2021-03-10,352,12559,13,1950,318,10554,21,55,69,2302,282,5147,90,7449,California
Tehama,2021-03-11,486,13045,17,1967,423,10977,46,101,343,2548,143,5290,389,7838,California
Tehama,2021-03-12,304,13349,19,1986,220,11197,65,166,179,2667,125,5415,244,8082,California
Tehama,2021-03-13,45,13394,8,1994,31,11228,6,172,6,2640,39,5454,12,8094,California
Tehama,2021-03-14,51,13445,3,1997,37,11265,11,183,10,2620,41,5495,21,8115,California
Tehama,2021-03-15,151,13596,21,2018,110,11375,20,203,82,2653,69,5564,102,8217,California
Tehama,2021-03-16,418,14014,14,2032,366,11741,38,241,315,2904,102,5666,353,8570,California
Tehama,2021-03-17,416,14430,22,2054,362,12103,32,273,333,3188,81,5747,365,8935,California
Tehama,2021-03-18,489,14919,26,2080,439,12542,24,297,310,3345,177,5924,334,9269,California
Tehama,2021-03-19,317,15236,23,2103,281,12823,13,310,275,3591,42,5966,288,9557,California
Tehama,2021-03-20,40,15276,8,2111,30,12853,2,312,28,3609,12,5978,30,9587,California
Tehama,2021-03-21,12,15288,5,2116,7,12860,0,312,12,3621,0,5978,12,9599,California
Tehama,2021-03-22,90,15378,7,2123,66,12926,17,329,49,3646,41,6019,66,9665,California
Tehama,2021-03-23,87,15465,26,2149,54,12980,7,336,68,3702,19,6038,75,9740,California
Tehama,2021-03-24,86,15551,16,2165,68,13048,2,338,55,3728,31,6069,57,9797,California
Tehama,2021-03-25,516,16067,352,2517,151,13199,13,351,466,4158,49,6118,479,10276,California
Tehama,2021-03-26,506,16573,398,2915,96,13295,12,363,431,4527,74,6192,443,10719,California
Tehama,2021-03-27,452,17025,360,3275,67,13362,25,388,385,4871,66,6258,410,11129,California
Tehama,2021-03-28,34,17059,13,3288,21,13383,0,388,22,4881,12,6270,22,11151,California
Tehama,2021-03-29,123,17182,31,3319,91,13474,1,389,77,4912,46,6316,77,11228,California
Tehama,2021-03-30,372,17554,222,3541,148,13622,2,391,254,5050,118,6434,256,11484,California
Tehama,2021-03-31,397,17951,296,3837,98,13720,3,394,325,5306,71,6505,327,11811,California
Tehama,2021-04-01,528,18479,248,4085,274,13994,6,400,395,5574,133,6638,401,12212,California
Tehama,2021-04-02,452,18931,213,4298,233,14227,6,406,268,5663,184,6822,273,12485,California
Tehama,2021-04-03,60,18991,3,4301,52,14279,5,411,30,5668,30,6852,35,12520,California
Tehama,2021-04-04,34,19025,6,4307,27,14306,1,412,22,5679,12,6864,23,12543,California
Tehama,2021-04-05,115,19140,21,4328,68,14374,26,438,60,5710,55,6919,86,12629,California
Tehama,2021-04-06,493,19633,110,4438,332,14706,51,489,141,5550,352,7271,192,12821,California
Tehama,2021-04-07,416,20049,282,4720,90,14796,44,533,303,5784,112,7383,346,13167,California
Tehama,2021-04-08,600,20649,174,4894,388,15184,38,571,229,5681,370,7753,267,13434,California
Tehama,2021-04-09,430,21079,193,5087,204,15388,33,604,215,5715,214,7967,248,13682,California
Tehama,2021-04-10,72,21151,9,5096,37,15425,26,630,39,5747,33,8000,65,13747,California
Tehama,2021-04-11,33,21184,7,5103,15,15440,11,641,8,5741,25,8025,19,13766,California
Tehama,2021-04-12,112,21296,6,5109,87,15527,19,660,42,5732,70,8095,61,13827,California
Tehama,2021-04-13,386,21682,63,5172,323,15850,0,660,67,5480,319,8414,67,13894,California
Tehama,2021-04-14,405,22087,52,5224,353,16203,0,660,53,5183,350,8764,53,13947,California
Tehama,2021-04-15,496,22583,192,5416,304,16507,0,660,85,4857,411,9175,85,14032,California
Tehama,2021-04-16,587,23170,336,5752,251,16758,0,660,76,4422,511,9686,76,14108,California
Tehama,2021-04-17,347,23517,268,6020,79,16837,0,660,41,4159,305,9991,42,14150,California
Tehama,2021-04-18,17,23534,3,6023,14,16851,0,660,13,4168,4,9995,13,14163,California
Tehama,2021-04-19,93,23627,7,6030,86,16937,0,660,40,4155,53,10048,40,14203,California
Tehama,2021-04-20,500,24127,412,6442,88,17025,0,660,146,3951,352,10400,148,14351,California
Tehama,2021-04-21,519,24646,445,6887,74,17099,0,660,168,3769,350,10750,168,14519,California
Tehama,2021-04-22,515,25161,364,7251,151,17250,0,660,150,3555,364,11114,150,14669,California
Tehama,2021-04-23,445,25606,346,7597,99,17349,0,660,204,3519,241,11355,205,14874,California
Tehama,2021-04-24,104,25710,18,7615,86,17435,0,660,30,3475,74,11429,30,14904,California
Tehama,2021-04-25,29,25739,18,7633,11,17446,0,660,11,3468,18,11447,11,14915,California
Tehama,2021-04-26,74,25813,10,7643,64,17510,0,660,43,3480,31,11478,43,14958,California
Tehama,2021-04-27,251,26064,206,7849,45,17555,0,660,92,3413,159,11637,92,15050,California
Tehama,2021-04-28,395,26459,318,8167,60,17615,17,677,65,3165,330,11967,82,15132,California
Tehama,2021-04-29,351,26810,171,8338,175,17790,5,682,68,2956,282,12249,73,15205,California
Tehama,2021-04-30,324,27134,240,8578,78,17868,6,688,112,2862,212,12461,118,15323,California
Tehama,2021-05-01,72,27206,4,8582,65,17933,3,691,14,2821,58,12519,17,15340,California
Tehama,2021-05-02,46,27252,24,8606,10,17943,12,703,26,2839,20,12539,38,15378,California
Tehama,2021-05-03,117,27369,41,8647,68,18011,8,711,62,2854,55,12594,70,15448,California
Tehama,2021-05-04,156,27525,55,8702,94,18105,7,718,67,2839,89,12683,74,15522,California
Tehama,2021-05-05,86,27611,21,8723,55,18160,10,728,38,2839,48,12731,48,15570,California
Tehama,2021-05-06,162,27773,90,8813,57,18217,15,743,97,2886,65,12796,112,15682,California
Tehama,2021-05-07,167,27940,71,8884,85,18302,11,754,46,2824,119,12915,57,15739,California
Tehama,2021-05-08,49,27989,6,8890,42,18344,1,755,13,2802,36,12951,14,15753,California
Tehama,2021-05-09,15,28004,3,8893,12,18356,0,755,6,2799,9,12960,6,15759,California
Tehama,2021-05-10,77,28081,7,8900,64,18420,6,761,36,2801,40,13000,42,15801,California
Tehama,2021-05-11,163,28244,115,9015,37,18457,11,772,32,2713,131,13131,43,15844,California
Tehama,2021-05-12,191,28435,132,9147,51,18508,8,780,40,2611,150,13281,48,15892,California
Tehama,2021-05-13,221,28656,157,9304,55,18563,9,789,96,2591,125,13406,105,15997,California
Tehama,2021-05-14,208,28864,121,9425,72,18635,15,804,41,2480,167,13573,56,16053,California
Tehama,2021-05-15,108,28972,61,9486,27,18662,20,824,78,2549,29,13602,98,16151,California
Trinity,2020-12-17,4,4,4,4,0,0,0,0,4,4,0,0,4,4,California
Trinity,2020-12-18,2,6,2,6,0,0,0,0,2,6,0,0,2,6,California
Trinity,2020-12-21,39,45,39,45,0,0,0,0,39,45,0,0,39,45,California
Trinity,2020-12-22,5,50,5,50,0,0,0,0,5,50,0,0,5,50,California
Trinity,2020-12-23,5,55,5,55,0,0,0,0,5,55,0,0,5,55,California
Trinity,2020-12-28,30,85,30,85,0,0,0,0,30,85,0,0,30,85,California
Trinity,2020-12-29,8,93,7,92,1,1,0,0,8,93,0,0,8,93,California
Trinity,2020-12-30,10,103,8,100,2,3,0,0,10,103,0,0,10,103,California
Trinity,2020-12-31,2,105,1,101,1,4,0,0,2,105,0,0,2,105,California
Trinity,2021-01-04,28,133,0,101,28,32,0,0,26,131,0,0,26,131,California
Trinity,2021-01-05,3,136,1,102,2,34,0,0,3,134,0,0,3,134,California
Trinity,2021-01-06,24,160,4,106,20,54,0,0,20,150,4,4,20,154,California
Trinity,2021-01-08,49,209,2,108,47,101,0,0,48,196,2,6,48,202,California
Trinity,2021-01-11,42,251,39,147,3,104,0,0,4,162,38,44,4,206,California
Trinity,2021-01-12,9,260,7,154,2,106,0,0,4,161,5,49,4,210,California
Trinity,2021-01-13,7,267,4,158,3,109,0,0,4,162,3,52,4,214,California
Trinity,2021-01-14,4,271,1,159,3,112,0,0,4,166,0,52,4,218,California
Trinity,2021-01-15,4,275,0,159,4,116,0,0,4,170,0,52,4,222,California
Trinity,2021-01-16,4,279,0,159,4,120,0,0,4,174,0,52,4,226,California
Trinity,2021-01-18,31,310,31,190,0,120,0,0,1,145,30,82,1,227,California
Trinity,2021-01-19,96,406,14,204,82,202,0,0,82,213,14,96,82,309,California
Trinity,2021-01-20,19,425,3,207,16,218,0,0,17,228,2,98,17,326,California
Trinity,2021-01-21,17,442,7,214,10,228,0,0,17,245,0,98,17,343,California
Trinity,2021-01-22,5,447,1,215,4,232,0,0,5,250,0,98,5,348,California
Trinity,2021-01-23,7,454,3,218,4,236,0,0,7,257,0,98,7,355,California
Trinity,2021-01-25,14,468,1,219,13,249,0,0,13,269,1,99,13,368,California
Trinity,2021-01-26,10,478,1,220,9,258,0,0,9,277,1,100,9,377,California
Trinity,2021-01-27,12,490,0,220,12,270,0,0,12,289,0,100,12,389,California
Trinity,2021-01-28,13,503,3,223,10,280,0,0,10,296,3,103,10,399,California
Trinity,2021-01-29,2,505,0,223,2,282,0,0,1,296,1,104,1,400,California
Trinity,2021-01-30,12,517,11,234,1,283,0,0,12,308,0,104,12,412,California
Trinity,2021-02-01,2,519,1,235,1,284,0,0,1,308,1,105,1,413,California
Trinity,2021-02-02,14,533,3,238,11,295,0,0,13,320,1,106,13,426,California
Trinity,2021-02-03,6,539,1,239,5,300,0,0,3,320,3,109,3,429,California
Trinity,2021-02-04,42,581,32,271,10,310,0,0,35,348,7,116,35,464,California
Trinity,2021-02-05,350,931,0,271,350,660,0,0,320,638,30,146,320,784,California
Trinity,2021-02-06,210,1141,5,276,205,865,0,0,203,834,7,153,203,987,California
Trinity,2021-02-07,1,1142,0,276,1,866,0,0,1,835,0,153,1,988,California
Trinity,2021-02-08,25,1167,0,276,25,891,0,0,15,840,10,163,15,1003,California
Trinity,2021-02-09,27,1194,2,278,25,916,0,0,11,835,16,179,11,1014,California
Trinity,2021-02-10,122,1316,10,288,112,1028,0,0,102,917,20,199,102,1116,California
Trinity,2021-02-11,339,1655,2,290,337,1365,0,0,332,1242,7,206,332,1448,California
Trinity,2021-02-12,14,1669,6,296,8,1373,0,0,10,1248,4,210,10,1458,California
Trinity,2021-02-13,12,1681,5,301,7,1380,0,0,5,1246,7,217,5,1463,California
Trinity,2021-02-14,2,1683,2,303,0,1380,0,0,2,1248,0,217,2,1465,California
Trinity,2021-02-15,47,1730,0,303,47,1427,0,0,47,1295,0,217,47,1512,California
Trinity,2021-02-16,5,1735,1,304,4,1431,0,0,3,1296,2,219,3,1515,California
Trinity,2021-02-17,94,1829,2,306,92,1523,0,0,84,1370,10,229,84,1599,California
Trinity,2021-02-18,4,1833,0,306,4,1527,0,0,1,1368,3,232,1,1600,California
Trinity,2021-02-19,304,2137,2,308,302,1829,0,0,290,1644,14,246,290,1890,California
Trinity,2021-02-20,141,2278,14,322,127,1956,0,0,113,1729,28,274,113,2003,California
Trinity,2021-02-21,1,2279,1,323,0,1956,0,0,1,1730,0,274,1,2004,California
Trinity,2021-02-22,8,2287,0,323,8,1964,0,0,5,1732,3,277,5,2009,California
Trinity,2021-02-23,11,2298,4,327,7,1971,0,0,6,1733,5,282,6,2015,California
Trinity,2021-02-24,30,2328,8,335,22,1993,0,0,7,1717,23,305,7,2022,California
Trinity,2021-02-25,36,2364,23,358,13,2006,0,0,5,1691,31,336,5,2027,California
Trinity,2021-02-26,11,2375,1,359,10,2016,0,0,5,1690,6,342,5,2032,California
Trinity,2021-02-27,9,2384,7,366,2,2018,0,0,4,1689,5,347,4,2036,California
Trinity,2021-03-01,9,2393,0,366,9,2027,0,0,5,1690,4,351,5,2041,California
Trinity,2021-03-02,9,2402,3,369,6,2033,0,0,2,1685,7,358,2,2043,California
Trinity,2021-03-03,5,2407,0,369,5,2038,0,0,4,1688,1,359,4,2047,California
Trinity,2021-03-04,24,2431,19,388,5,2043,0,0,14,1692,10,369,14,2061,California
Trinity,2021-03-05,388,2819,1,389,387,2430,0,0,121,1550,263,632,121,2182,California
Trinity,2021-03-06,202,3021,7,396,195,2625,0,0,27,1402,175,807,27,2209,California
Trinity,2021-03-07,4,3025,3,399,1,2626,0,0,3,1404,1,808,3,2212,California
Trinity,2021-03-08,3,3028,0,399,2,2628,1,1,1,1404,2,810,2,2214,California
Trinity,2021-03-09,94,3122,0,399,92,2720,2,3,89,1490,5,815,91,2305,California
Trinity,2021-03-10,126,3248,3,402,120,2840,3,6,38,1443,88,903,41,2346,California
Trinity,2021-03-11,14,3262,4,406,8,2848,2,8,5,1441,9,912,7,2353,California
Trinity,2021-03-12,385,3647,5,411,374,3222,6,14,90,1242,295,1207,96,2449,California
Trinity,2021-03-13,13,3660,8,419,3,3225,2,16,8,1247,5,1212,10,2459,California
Trinity,2021-03-14,3,3663,1,420,2,3227,0,16,2,1248,1,1213,2,2461,California
Trinity,2021-03-15,67,3730,0,420,66,3293,1,17,14,1210,53,1266,15,2476,California
Trinity,2021-03-16,115,3845,7,427,108,3401,0,17,101,1297,14,1280,101,2577,California
Trinity,2021-03-17,100,3945,3,430,97,3498,0,17,26,1249,74,1354,26,2603,California
Trinity,2021-03-18,10,3955,2,432,5,3503,3,20,5,1252,5,1359,8,2611,California
Trinity,2021-03-19,459,4414,4,436,345,3848,110,130,36,975,423,1782,146,2757,California
Trinity,2021-03-20,105,4519,7,443,98,3946,0,130,70,1011,34,1816,70,2827,California
Trinity,2021-03-21,4,4523,0,443,3,3949,1,131,3,1014,1,1817,4,2831,California
Trinity,2021-03-22,2,4525,0,443,2,3951,0,131,2,1016,0,1817,2,2833,California
Trinity,2021-03-23,96,4621,2,445,94,4045,0,131,78,1076,18,1835,78,2911,California
Trinity,2021-03-24,12,4633,1,446,11,4056,0,131,9,1082,3,1838,9,2920,California
Trinity,2021-03-25,110,4743,8,454,96,4152,6,137,84,1146,26,1864,90,3010,California
Trinity,2021-03-26,85,4828,8,462,77,4229,0,137,78,1217,7,1871,78,3088,California
Trinity,2021-03-27,19,4847,4,466,6,4235,9,146,8,1223,11,1882,17,3105,California
Trinity,2021-03-28,5,4852,3,469,2,4237,0,146,1,1220,4,1886,1,3106,California
Trinity,2021-03-29,5,4857,0,469,5,4242,0,146,2,1219,3,1889,2,3108,California
Trinity,2021-03-30,77,4934,5,474,72,4314,0,146,67,1276,10,1899,67,3175,California
Trinity,2021-03-31,56,4990,5,479,19,4333,32,178,21,1293,35,1934,52,3227,California
Trinity,2021-04-01,41,5031,11,490,19,4352,11,189,21,1305,20,1954,32,3259,California
Trinity,2021-04-02,243,5274,5,495,164,4516,74,263,73,1283,169,2123,147,3406,California
Trinity,2021-04-03,17,5291,12,507,5,4521,0,263,7,1280,10,2133,7,3413,California
Trinity,2021-04-04,10,5301,8,515,2,4523,0,263,8,1286,2,2135,8,3421,California
Trinity,2021-04-05,59,5360,6,521,52,4575,1,264,55,1338,4,2139,56,3477,California
Trinity,2021-04-06,116,5476,15,536,98,4673,3,267,28,1281,88,2227,31,3508,California
Trinity,2021-04-07,24,5500,12,548,7,4680,5,272,16,1294,8,2235,21,3529,California
Trinity,2021-04-08,87,5587,10,558,75,4755,2,274,50,1309,37,2272,52,3581,California
Trinity,2021-04-09,169,5756,20,578,144,4899,5,279,90,1325,79,2351,95,3676,California
Trinity,2021-04-10,11,5767,7,585,4,4903,0,279,10,1334,1,2352,10,3686,California
Trinity,2021-04-11,9,5776,5,590,2,4905,2,281,4,1335,5,2357,6,3692,California
Trinity,2021-04-12,77,5853,5,595,71,4976,1,282,64,1387,12,2369,64,3756,California
Trinity,2021-04-13,97,5950,5,600,92,5068,0,282,10,1310,87,2456,10,3766,California
Trinity,2021-04-14,10,5960,5,605,5,5073,0,282,6,1312,4,2460,6,3772,California
Trinity,2021-04-15,43,6003,10,615,33,5106,0,282,14,1297,29,2489,14,3786,California
Trinity,2021-04-16,144,6147,12,627,132,5238,0,282,72,1297,72,2561,72,3858,California
Trinity,2021-04-17,11,6158,5,632,6,5244,0,282,9,1304,2,2563,9,3867,California
Trinity,2021-04-18,2,6160,1,633,1,5245,0,282,0,1302,2,2565,0,3867,California
Trinity,2021-04-19,5,6165,2,635,3,5248,0,282,4,1305,1,2566,4,3871,California
Trinity,2021-04-20,92,6257,8,643,84,5332,0,282,20,1253,72,2638,20,3891,California
Trinity,2021-04-21,22,6279,9,652,13,5345,0,282,9,1249,13,2651,9,3900,California
Trinity,2021-04-22,91,6370,5,657,86,5431,0,282,14,1186,77,2728,14,3914,California
Trinity,2021-04-23,183,6553,6,663,177,5608,0,282,114,1231,69,2797,114,4028,California
Trinity,2021-04-24,21,6574,13,676,8,5616,0,282,5,1220,16,2813,5,4033,California
Trinity,2021-04-25,10,6584,9,685,1,5617,0,282,3,1217,6,2819,3,4036,California
Trinity,2021-04-26,45,6629,6,691,39,5656,0,282,40,1252,5,2824,40,4076,California
Trinity,2021-04-27,85,6714,7,698,78,5734,0,282,22,1211,63,2887,22,4098,California
Trinity,2021-04-28,33,6747,11,709,22,5756,0,282,12,1202,21,2908,12,4110,California
Trinity,2021-04-29,34,6781,13,722,21,5777,0,282,12,1192,22,2930,12,4122,California
Trinity,2021-04-30,26,6807,20,742,6,5783,0,282,8,1182,18,2948,8,4130,California
Trinity,2021-05-01,14,6821,8,750,1,5784,5,287,4,1181,10,2958,9,4139,California
Trinity,2021-05-02,8,6829,5,755,1,5785,2,289,2,1179,6,2964,4,4143,California
Trinity,2021-05-03,58,6887,13,768,44,5829,1,290,9,1141,48,3012,10,4153,California
Trinity,2021-05-04,23,6910,11,779,11,5840,1,291,8,1135,15,3027,9,4162,California
Trinity,2021-05-05,10,6920,6,785,4,5844,0,291,3,1131,7,3034,3,4165,California
Trinity,2021-05-06,72,6992,10,795,60,5904,2,293,15,1091,57,3091,17,4182,California
Trinity,2021-05-07,174,7166,12,807,128,6032,34,327,14,979,160,3251,48,4230,California
Trinity,2021-05-08,7,7173,3,810,4,6036,0,327,3,978,4,3255,3,4233,California
Trinity,2021-05-09,11,7184,8,818,3,6039,0,327,7,981,4,3259,7,4240,California
Trinity,2021-05-10,15,7199,4,822,10,6049,1,328,9,985,6,3265,10,4250,California
Trinity,2021-05-11,8,7207,3,825,5,6054,0,328,5,987,3,3268,5,4255,California
Trinity,2021-05-12,16,7223,13,838,2,6056,1,329,12,996,4,3272,13,4268,California
Trinity,2021-05-13,8,7231,5,843,3,6059,0,329,6,1000,2,3274,6,4274,California
Trinity,2021-05-14,107,7338,2,845,77,6136,28,357,19,959,88,3362,47,4321,California
Trinity,2021-05-15,5,7343,4,849,0,6136,1,358,1,957,4,3366,2,4323,California
Tulare,2020-12-15,1,1,1,1,0,0,0,0,1,1,0,0,1,1,California
Tulare,2020-12-16,3,4,3,4,0,0,0,0,3,4,0,0,3,4,California
Tulare,2020-12-17,110,114,110,114,0,0,0,0,110,114,0,0,110,114,California
Tulare,2020-12-18,290,404,289,403,1,1,0,0,290,404,0,0,290,404,California
Tulare,2020-12-19,327,731,327,730,0,1,0,0,327,731,0,0,327,731,California
Tulare,2020-12-20,166,897,165,895,1,2,0,0,166,897,0,0,166,897,California
Tulare,2020-12-21,423,1320,423,1318,0,2,0,0,443,1340,0,0,443,1340,California
Tulare,2020-12-22,469,1789,467,1785,2,4,0,0,468,1808,0,0,468,1808,California
Tulare,2020-12-23,327,2116,319,2104,8,12,0,0,325,2133,0,0,325,2133,California
Tulare,2020-12-24,18,2134,16,2120,2,14,0,0,18,2151,0,0,18,2151,California
Tulare,2020-12-26,8,2142,7,2127,1,15,0,0,8,2159,0,0,8,2159,California
Tulare,2020-12-27,16,2158,12,2139,4,19,0,0,16,2175,0,0,16,2175,California
Tulare,2020-12-28,481,2639,469,2608,12,31,0,0,480,2655,0,0,480,2655,California
Tulare,2020-12-29,547,3186,478,3086,69,100,0,0,547,3202,0,0,547,3202,California
Tulare,2020-12-30,474,3660,435,3521,39,139,0,0,474,3676,0,0,474,3676,California
Tulare,2020-12-31,95,3755,22,3543,73,212,0,0,95,3771,0,0,95,3771,California
Tulare,2021-01-01,2,3757,1,3544,1,213,0,0,2,3773,0,0,2,3773,California
Tulare,2021-01-02,30,3787,17,3561,13,226,0,0,30,3803,0,0,30,3803,California
Tulare,2021-01-03,23,3810,9,3570,14,240,0,0,23,3826,0,0,23,3826,California
Tulare,2021-01-04,92,3902,16,3586,76,316,0,0,92,3918,0,0,92,3918,California
Tulare,2021-01-05,460,4362,278,3864,182,498,0,0,458,4374,2,2,458,4376,California
Tulare,2021-01-06,864,5226,634,4498,230,728,0,0,854,5218,10,12,854,5230,California
Tulare,2021-01-07,781,6007,583,5081,198,926,0,0,674,5785,107,119,674,5904,California
Tulare,2021-01-08,1266,7273,574,5655,692,1618,0,0,928,6376,337,456,928,6832,California
Tulare,2021-01-09,742,8015,203,5858,539,2157,0,0,555,6744,187,643,555,7387,California
Tulare,2021-01-10,50,8065,44,5902,6,2163,0,0,11,6716,39,682,11,7398,California
Tulare,2021-01-11,1270,9335,769,6671,501,2664,0,0,834,7114,436,1118,834,8232,California
Tulare,2021-01-12,1403,10738,489,7160,914,3578,0,0,994,7701,408,1526,995,9227,California
Tulare,2021-01-13,439,11177,210,7370,229,3807,0,0,365,7992,74,1600,365,9592,California
Tulare,2021-01-14,492,11669,141,7511,351,4158,0,0,466,8443,15,1615,466,10058,California
Tulare,2021-01-15,1623,13292,154,7665,1469,5627,0,0,1614,10048,9,1624,1614,11672,California
Tulare,2021-01-16,1901,15193,114,7779,1787,7414,0,0,1887,11921,14,1638,1887,13559,California
Tulare,2021-01-17,141,15334,122,7901,19,7433,0,0,131,12042,10,1648,131,13690,California
Tulare,2021-01-18,693,16027,660,8561,33,7466,0,0,295,11939,398,2046,295,13985,California
Tulare,2021-01-19,1008,17035,685,9246,323,7789,0,0,579,12089,429,2475,579,14564,California
Tulare,2021-01-20,2426,19461,613,9859,1813,9602,0,0,2011,13711,389,2864,2011,16575,California
Tulare,2021-01-21,1551,21012,186,10045,1365,10967,0,0,1525,15215,21,2885,1525,18100,California
Tulare,2021-01-22,1060,22072,190,10235,870,11837,0,0,1035,16226,24,2909,1035,19135,California
Tulare,2021-01-23,438,22510,156,10391,282,12119,0,0,417,16622,21,2930,417,19552,California
Tulare,2021-01-24,30,22540,27,10418,3,12122,0,0,28,16648,2,2932,28,19580,California
Tulare,2021-01-25,1328,23868,981,11399,347,12469,0,0,1297,17914,31,2963,1297,20877,California
Tulare,2021-01-26,1496,25364,1098,12497,398,12867,0,0,1171,18761,324,3287,1171,22048,California
Tulare,2021-01-27,1498,26862,1070,13567,428,13295,0,0,920,19104,577,3864,920,22968,California
Tulare,2021-01-28,1211,28073,777,14344,434,13729,0,0,815,19523,396,4260,815,23783,California
Tulare,2021-01-29,1130,29203,720,15064,410,14139,0,0,820,20033,310,4570,820,24603,California
Tulare,2021-01-30,1674,30877,1580,16644,94,14233,0,0,1650,21660,24,4594,1651,26254,California
Tulare,2021-01-31,63,30940,58,16702,5,14238,0,0,60,21717,3,4597,60,26314,California
Tulare,2021-02-01,1184,32124,915,17617,269,14507,0,0,829,22192,354,4951,829,27143,California
Tulare,2021-02-02,677,32801,328,17945,349,14856,0,0,445,22408,230,5181,446,27589,California
Tulare,2021-02-03,587,33388,261,18206,326,15182,0,0,336,22513,231,5412,336,27925,California
Tulare,2021-02-04,555,33943,169,18375,386,15568,0,0,265,22490,289,5701,266,28191,California
Tulare,2021-02-05,1235,35178,238,18613,997,16565,0,0,416,22089,817,6518,416,28607,California
Tulare,2021-02-06,836,36014,158,18771,678,17243,0,0,267,21789,567,7085,267,28874,California
Tulare,2021-02-07,83,36097,71,18842,12,17255,0,0,23,21752,60,7145,23,28897,California
Tulare,2021-02-08,942,37039,329,19171,613,17868,0,0,243,21299,696,7841,243,29140,California
Tulare,2021-02-09,1415,38454,334,19505,1081,18949,0,0,369,20627,1041,8882,369,29509,California
Tulare,2021-02-10,2471,40925,1986,21491,485,19434,0,0,2071,22301,397,9279,2071,31580,California
Tulare,2021-02-11,1325,42250,377,21868,948,20382,0,0,906,22788,419,9698,906,32486,California
Tulare,2021-02-12,2781,45031,575,22443,2206,22588,0,0,1210,22434,1564,11262,1210,33696,California
Tulare,2021-02-13,2480,47511,157,22600,2323,24911,0,0,666,21290,1810,13072,666,34362,California
Tulare,2021-02-14,337,47848,40,22640,297,25208,0,0,300,21553,37,13109,300,34662,California
Tulare,2021-02-15,920,48768,294,22934,626,25834,0,0,663,21960,256,13365,663,35325,California
Tulare,2021-02-16,2833,51601,1595,24529,1238,27072,0,0,1079,21286,1753,15118,1079,36404,California
Tulare,2021-02-17,2698,54299,511,25040,2187,29259,0,0,461,19515,2232,17350,461,36865,California
Tulare,2021-02-18,2304,56603,456,25496,1848,31107,0,0,626,18471,1670,19020,626,37491,California
Tulare,2021-02-19,2303,58906,863,26359,1440,32547,0,0,946,18062,1355,20375,946,38437,California
Tulare,2021-02-20,2987,61893,1890,28249,1097,33644,0,0,1260,17601,1721,22096,1260,39697,California
Tulare,2021-02-21,93,61986,89,28338,4,33648,0,0,48,17604,45,22141,48,39745,California
Tulare,2021-02-22,1106,63092,700,29038,406,34054,0,0,210,16919,895,23036,210,39955,California
Tulare,2021-02-23,1946,65038,940,29978,1006,35060,0,0,1457,17888,488,23524,1457,41412,California
Tulare,2021-02-24,2480,67518,1549,31527,931,35991,0,0,2101,19612,378,23902,2102,43514,California
Tulare,2021-02-25,3481,70999,1953,33480,1528,37519,0,0,3067,22269,410,24312,3067,46581,California
Tulare,2021-02-26,3842,74841,1880,35360,1962,39481,0,0,3377,25183,463,24775,3377,49958,California
Tulare,2021-02-27,2902,77743,1396,36756,1506,40987,0,0,2769,27830,122,24897,2769,52727,California
Tulare,2021-02-28,1303,79046,1031,37787,272,41259,0,0,1284,29097,17,24914,1284,54011,California
Tulare,2021-03-01,1749,80795,780,38567,969,42228,0,0,1564,30478,183,25097,1564,55575,California
Tulare,2021-03-02,2693,83488,1194,39761,1499,43727,0,0,2521,32830,170,25267,2522,58097,California
Tulare,2021-03-03,3929,87417,2597,42358,1332,45059,0,0,1977,32860,1949,27216,1979,60076,California
Tulare,2021-03-04,2895,90312,1301,43659,1594,46653,0,0,2574,35117,317,27533,2574,62650,California
Tulare,2021-03-05,3307,93619,1697,45356,1595,48248,15,15,2798,37427,505,28038,2815,65465,California
Tulare,2021-03-06,3065,96684,1433,46789,1573,49821,59,74,2816,40054,246,28284,2873,68338,California
Tulare,2021-03-07,1093,97777,683,47472,389,50210,21,95,1053,41088,40,28324,1074,69412,California
Tulare,2021-03-08,1705,99482,1004,48476,532,50742,169,264,1386,42328,314,28638,1554,70966,California
Tulare,2021-03-09,3197,102679,2190,50666,860,51602,147,411,2800,44875,398,29036,2945,73911,California
Tulare,2021-03-10,2794,105473,1390,52056,1230,52832,174,585,2413,47088,372,29408,2585,76496,California
Tulare,2021-03-11,4141,109614,1965,54021,1876,54708,300,885,3204,49655,937,30345,3504,80000,California
Tulare,2021-03-12,4347,113961,2389,56410,1609,56317,349,1234,3074,51818,1262,31607,3425,83425,California
Tulare,2021-03-13,4006,117967,1851,58261,2050,58367,105,1339,3069,54061,931,32538,3174,86599,California
Tulare,2021-03-14,1801,119768,972,59233,609,58976,220,1559,1274,55027,526,33064,1492,88091,California
Tulare,2021-03-15,2738,122506,1619,60852,1004,59980,115,1674,1965,56337,771,33835,2081,90172,California
Tulare,2021-03-16,3423,125929,2115,62967,1231,61211,77,1751,1873,56744,1546,35381,1953,92125,California
Tulare,2021-03-17,4012,129941,2608,65575,1327,62538,77,1828,2270,57362,1736,37117,2354,94479,California
Tulare,2021-03-18,4598,134539,3353,68928,1173,63711,72,1900,2442,57730,2148,39265,2516,96995,California
Tulare,2021-03-19,5067,139606,3320,72248,1552,65263,195,2095,2717,58313,2331,41596,2914,99909,California
Tulare,2021-03-20,4451,144057,2762,75010,1317,66580,372,2467,2115,58475,2328,43924,2490,102399,California
Tulare,2021-03-21,1919,145976,1631,76641,262,66842,26,2493,990,58564,926,44850,1015,103414,California
Tulare,2021-03-22,2498,148474,1710,78351,676,67518,112,2605,1659,59504,833,45683,1773,105187,California
Tulare,2021-03-23,3727,152201,2140,80491,1535,69053,52,2657,2084,60013,1633,47316,2142,107329,California
Tulare,2021-03-24,3167,155368,1957,82448,1168,70221,42,2699,1808,60513,1351,48667,1851,109180,California
Tulare,2021-03-25,3461,158829,1802,84250,1487,71708,172,2871,1711,60655,1743,50410,1885,111065,California
Tulare,2021-03-26,5211,164040,3109,87359,1993,73701,109,2980,2568,60707,2625,53035,2677,113742,California
Tulare,2021-03-27,3520,167560,1805,89164,1617,75318,98,3078,992,59276,2520,55555,1089,114831,California
Tulare,2021-03-28,1456,169016,1052,90216,373,75691,31,3109,675,59210,778,56333,712,115543,California
Tulare,2021-03-29,2893,171909,1674,91890,1108,76799,111,3220,1225,58885,1663,57996,1338,116881,California
Tulare,2021-03-30,4807,176716,2769,94659,1808,78607,230,3450,1555,57423,3244,61240,1782,118663,California
Tulare,2021-03-31,3877,180593,2300,96959,1464,80071,113,3563,1571,56811,2298,63538,1686,120349,California
Tulare,2021-04-01,4415,185008,2370,99329,1979,82050,66,3629,1551,55575,2854,66392,1618,121967,California
Tulare,2021-04-02,5236,190244,2993,102322,2126,84176,117,3746,1644,53771,3576,69968,1772,123739,California
Tulare,2021-04-03,3503,193747,2013,104335,1127,85303,363,4109,845,52363,2620,72588,1212,124951,California
Tulare,2021-04-04,1622,195369,1136,105471,479,85782,7,4116,395,51541,1225,73813,403,125354,California
Tulare,2021-04-05,3324,198693,2332,107803,729,86511,263,4379,865,50225,2447,76260,1131,126485,California
Tulare,2021-04-06,3413,202106,1464,109267,1456,87967,493,4872,927,49169,2479,78739,1423,127908,California
Tulare,2021-04-07,3834,205940,1812,111079,1592,89559,430,5302,1277,48317,2550,81289,1698,129606,California
Tulare,2021-04-08,4716,210656,2592,113671,1667,91226,457,5759,1544,47151,3163,84452,1997,131603,California
Tulare,2021-04-09,4774,215430,2943,116614,1401,92627,430,6189,1827,46469,2940,87392,2258,133861,California
Tulare,2021-04-10,3805,219235,2057,118671,1432,94059,316,6505,976,44937,2822,90214,1290,135151,California
Tulare,2021-04-11,1577,220812,1038,119709,468,94527,71,6576,590,44614,984,91198,661,135812,California
Tulare,2021-04-12,3360,224172,2105,121814,662,95189,593,7169,1083,44022,2269,93467,1677,137489,California
Tulare,2021-04-13,2408,226580,1585,123399,813,96002,10,7179,924,43485,1473,94940,936,138425,California
Tulare,2021-04-14,2839,229419,1678,125077,1161,97163,0,7179,933,42515,1903,96843,933,139358,California
Tulare,2021-04-15,3262,232681,2129,127206,1133,98296,0,7179,1468,42200,1783,98626,1468,140826,California
Tulare,2021-04-16,3646,236327,2214,129420,1432,99728,0,7179,1476,41516,2160,100786,1476,142302,California
Tulare,2021-04-17,2202,238529,1297,130717,905,100633,0,7179,1179,41677,1019,101805,1180,143482,California
Tulare,2021-04-18,1518,240047,1188,131905,330,100963,0,7179,815,41790,702,102507,815,144297,California
Tulare,2021-04-19,2118,242165,1222,133127,894,101857,2,7181,900,41476,1216,103723,902,145199,California
Tulare,2021-04-20,2320,244485,1303,134430,1017,102874,0,7181,990,41149,1317,105040,990,146189,California
Tulare,2021-04-21,2175,246660,1320,135750,855,103729,0,7181,788,40586,1351,106391,788,146977,California
Tulare,2021-04-22,2094,248754,1169,136919,925,104654,0,7181,736,39982,1340,107731,736,147713,California
Tulare,2021-04-23,2564,251318,1570,138489,993,105647,1,7182,1018,39464,1536,109267,1018,148731,California
Tulare,2021-04-24,1638,252956,1054,139543,582,106229,2,7184,863,39559,770,110037,865,149596,California
Tulare,2021-04-25,692,253648,519,140062,173,106402,0,7184,264,39395,428,110465,264,149860,California
Tulare,2021-04-26,1462,255110,873,140935,570,106972,19,7203,616,39189,839,111304,633,150493,California
Tulare,2021-04-27,1587,256697,626,141561,924,107896,37,7240,672,38984,913,112217,708,151201,California
Tulare,2021-04-28,1699,258396,968,142529,690,108586,41,7281,671,38672,1024,113241,712,151913,California
Tulare,2021-04-29,1985,260381,1189,143718,759,109345,37,7318,777,38286,1198,114439,812,152725,California
Tulare,2021-04-30,2419,262800,1765,145483,604,109949,50,7368,896,37714,1517,115956,945,153670,California
Tulare,2021-05-01,1406,264206,1208,146691,186,110135,12,7380,722,37771,677,116633,734,154404,California
Tulare,2021-05-02,584,264790,496,147187,72,110207,16,7396,189,37584,392,117025,205,154609,California
Tulare,2021-05-03,1607,266397,1092,148279,390,110597,125,7521,348,36805,1252,118277,473,155082,California
Tulare,2021-05-04,1538,267935,820,149099,649,111246,69,7590,622,36585,909,119186,689,155771,California
Tulare,2021-05-05,1253,269188,608,149707,567,111813,78,7668,435,36291,807,119993,513,156284,California
Tulare,2021-05-06,1951,271139,1327,151034,578,112391,46,7714,589,35571,1355,121348,635,156919,California
Tulare,2021-05-07,1846,272985,1253,152287,525,112916,68,7782,528,34856,1310,122658,595,157514,California
Tulare,2021-05-08,1230,274215,800,153087,405,113321,25,7807,523,34703,701,123359,548,158062,California
Tulare,2021-05-09,593,274808,469,153556,103,113424,21,7828,120,34376,469,123828,142,158204,California
Tulare,2021-05-10,1007,275815,585,154141,357,113781,65,7893,304,34043,702,124530,369,158573,California
Tulare,2021-05-11,1196,277011,604,154745,516,114297,76,7969,498,33924,693,125223,574,159147,California
Tulare,2021-05-12,1465,278476,935,155680,479,114776,51,8020,386,33294,1066,126289,436,159583,California
Tulare,2021-05-13,1397,279873,859,156539,501,115277,37,8057,637,33212,756,127045,674,160257,California
Tulare,2021-05-14,1383,281256,897,157436,437,115714,49,8106,572,33033,799,127844,620,160877,California
Tulare,2021-05-15,910,282166,399,157835,488,116202,23,8129,304,32759,601,128445,327,161204,California
Tuolumne,2020-12-16,47,47,47,47,0,0,0,0,47,47,0,0,47,47,California
Tuolumne,2020-12-17,17,64,17,64,0,0,0,0,17,64,0,0,17,64,California
Tuolumne,2020-12-18,101,165,100,164,1,1,0,0,101,165,0,0,101,165,California
Tuolumne,2020-12-19,5,170,5,169,0,1,0,0,5,170,0,0,5,170,California
Tuolumne,2020-12-20,1,171,1,170,0,1,0,0,1,171,0,0,1,171,California
Tuolumne,2020-12-21,116,287,102,272,14,15,0,0,116,287,0,0,116,287,California
Tuolumne,2020-12-22,172,459,172,444,0,15,0,0,172,459,0,0,172,459,California
Tuolumne,2020-12-23,186,645,184,628,2,17,0,0,186,645,0,0,186,645,California
Tuolumne,2020-12-26,3,648,3,631,0,17,0,0,3,648,0,0,3,648,California
Tuolumne,2020-12-28,77,725,75,706,2,19,0,0,77,725,0,0,77,725,California
Tuolumne,2020-12-29,102,827,39,745,63,82,0,0,102,827,0,0,102,827,California
Tuolumne,2020-12-30,78,905,22,767,56,138,0,0,78,905,0,0,78,905,California
Tuolumne,2020-12-31,27,932,20,787,7,145,0,0,27,932,0,0,27,932,California
Tuolumne,2021-01-01,7,939,6,793,1,146,0,0,7,939,0,0,7,939,California
Tuolumne,2021-01-02,118,1057,115,908,3,149,0,0,118,1057,0,0,118,1057,California
Tuolumne,2021-01-03,2,1059,2,910,0,149,0,0,2,1059,0,0,2,1059,California
Tuolumne,2021-01-04,69,1128,26,936,43,192,0,0,69,1128,0,0,69,1128,California
Tuolumne,2021-01-05,93,1221,27,963,66,258,0,0,90,1216,3,3,91,1219,California
Tuolumne,2021-01-06,132,1353,72,1035,60,318,0,0,68,1220,64,67,68,1287,California
Tuolumne,2021-01-07,119,1472,63,1098,56,374,0,0,64,1229,55,122,64,1351,California
Tuolumne,2021-01-08,103,1575,79,1177,24,398,0,0,26,1180,76,198,27,1378,California
Tuolumne,2021-01-09,1,1576,0,1177,1,399,0,0,1,1181,0,198,1,1379,California
Tuolumne,2021-01-10,3,1579,1,1178,2,401,0,0,3,1184,0,198,3,1382,California
Tuolumne,2021-01-11,116,1695,90,1268,26,427,0,0,34,1136,82,280,34,1416,California
Tuolumne,2021-01-12,102,1797,86,1354,16,443,0,0,17,1068,85,365,17,1433,California
Tuolumne,2021-01-13,231,2028,125,1479,106,549,0,0,182,1202,49,414,183,1616,California
Tuolumne,2021-01-14,147,2175,107,1586,40,589,0,0,42,1140,104,518,42,1658,California
Tuolumne,2021-01-15,474,2649,72,1658,402,991,0,0,412,1492,61,579,413,2071,California
Tuolumne,2021-01-16,7,2656,3,1661,4,995,0,0,6,1497,1,580,6,2077,California
Tuolumne,2021-01-17,8,2664,5,1666,3,998,0,0,7,1504,0,580,7,2084,California
Tuolumne,2021-01-18,46,2710,38,1704,8,1006,0,0,9,1477,36,616,9,2093,California
Tuolumne,2021-01-19,477,3187,73,1777,404,1410,0,0,431,1862,46,662,431,2524,California
Tuolumne,2021-01-20,76,3263,58,1835,18,1428,0,0,24,1835,51,713,24,2548,California
Tuolumne,2021-01-21,56,3319,23,1858,33,1461,0,0,40,1859,16,729,40,2588,California
Tuolumne,2021-01-22,169,3488,16,1874,153,1614,0,0,162,2014,7,736,162,2750,California
Tuolumne,2021-01-23,665,4153,147,2021,518,2132,0,0,550,2461,115,851,562,3312,California
Tuolumne,2021-01-24,523,4676,1,2022,522,2654,0,0,519,2978,3,854,520,3832,California
Tuolumne,2021-01-25,49,4725,28,2050,21,2675,0,0,22,2974,27,881,23,3855,California
Tuolumne,2021-01-26,80,4805,68,2118,12,2687,0,0,40,2975,40,921,41,3896,California
Tuolumne,2021-01-27,61,4866,4,2122,57,2744,0,0,8,2931,52,973,8,3904,California
Tuolumne,2021-01-28,27,4893,7,2129,20,2764,0,0,18,2940,9,982,18,3922,California
Tuolumne,2021-01-29,74,4967,6,2135,68,2832,0,0,35,2936,39,1021,35,3957,California
Tuolumne,2021-01-30,709,5676,552,2687,157,2989,0,0,686,3616,23,1044,703,4660,California
Tuolumne,2021-01-31,8,5684,2,2689,6,2995,0,0,5,3618,3,1047,5,4665,California
Tuolumne,2021-02-01,25,5709,6,2695,19,3014,0,0,22,3637,3,1050,22,4687,California
Tuolumne,2021-02-02,646,6355,37,2732,609,3623,0,0,635,4263,9,1059,635,5322,California
Tuolumne,2021-02-03,240,6595,111,2843,129,3752,0,0,88,4199,152,1211,88,5410,California
Tuolumne,2021-02-04,123,6718,13,2856,110,3862,0,0,60,4196,63,1274,60,5470,California
Tuolumne,2021-02-05,98,6816,12,2868,86,3948,0,0,35,4169,62,1336,35,5505,California
Tuolumne,2021-02-06,854,7670,580,3448,274,4222,0,0,848,5014,6,1342,851,6356,California
Tuolumne,2021-02-07,8,7678,4,3452,4,4226,0,0,4,5014,4,1346,4,6360,California
Tuolumne,2021-02-08,91,7769,40,3492,51,4277,0,0,67,5057,24,1370,67,6427,California
Tuolumne,2021-02-09,862,8631,53,3545,809,5086,0,0,822,5839,40,1410,822,7249,California
Tuolumne,2021-02-10,92,8723,17,3562,75,5161,0,0,31,5810,60,1470,31,7280,California
Tuolumne,2021-02-11,143,8866,67,3629,76,5237,0,0,77,5821,66,1536,77,7357,California
Tuolumne,2021-02-12,646,9512,19,3648,627,5864,0,0,205,5586,440,1976,205,7562,California
Tuolumne,2021-02-13,149,9661,42,3690,107,5971,0,0,118,5679,25,2001,118,7680,California
Tuolumne,2021-02-14,148,9809,12,3702,136,6107,0,0,147,5825,1,2002,147,7827,California
Tuolumne,2021-02-15,185,9994,10,3712,175,6282,0,0,176,5992,9,2011,176,8003,California
Tuolumne,2021-02-16,528,10522,17,3729,511,6793,0,0,121,5711,404,2415,123,8126,California
Tuolumne,2021-02-17,111,10633,63,3792,48,6841,0,0,61,5723,49,2464,61,8187,California
Tuolumne,2021-02-18,680,11313,26,3818,654,7495,0,0,629,6302,51,2515,630,8817,California
Tuolumne,2021-02-19,142,11455,23,3841,119,7614,0,0,43,6246,99,2614,43,8860,California
Tuolumne,2021-02-20,904,12359,342,4183,562,8176,0,0,386,6129,504,3118,387,9247,California
Tuolumne,2021-02-21,976,13335,38,4221,938,9114,0,0,469,6096,504,3622,471,9718,California
Tuolumne,2021-02-22,79,13414,58,4279,21,9135,0,0,47,6112,31,3653,47,9765,California
Tuolumne,2021-02-23,48,13462,24,4303,24,9159,0,0,26,6117,21,3674,26,9791,California
Tuolumne,2021-02-24,103,13565,58,4361,45,9204,0,0,42,6099,60,3734,42,9833,California
Tuolumne,2021-02-25,1051,14616,34,4395,1017,10221,0,0,1020,7088,31,3765,1020,10853,California
Tuolumne,2021-02-26,144,14760,10,4405,134,10355,0,0,121,7186,23,3788,121,10974,California
Tuolumne,2021-02-27,949,15709,577,4982,372,10727,0,0,247,6750,685,4473,249,11223,California
Tuolumne,2021-02-28,56,15765,4,4986,52,10779,0,0,52,6799,3,4476,52,11275,California
Tuolumne,2021-03-01,112,15877,21,5007,91,10870,0,0,77,6844,33,4509,78,11353,California
Tuolumne,2021-03-02,705,16582,73,5080,632,11502,0,0,106,6352,598,5107,106,11459,California
Tuolumne,2021-03-03,90,16672,22,5102,68,11570,0,0,65,6392,25,5132,65,11524,California
Tuolumne,2021-03-04,1169,17841,75,5177,1094,12664,0,0,1106,7435,63,5195,1106,12630,California
Tuolumne,2021-03-05,85,17926,10,5187,75,12739,0,0,48,7448,36,5231,49,12679,California
Tuolumne,2021-03-06,1055,18981,604,5791,449,13188,2,2,204,6808,847,6078,207,12886,California
Tuolumne,2021-03-07,41,19022,12,5803,14,13202,15,17,18,6818,23,6101,33,12919,California
Tuolumne,2021-03-08,194,19216,88,5891,99,13301,7,24,138,6907,56,6157,145,13064,California
Tuolumne,2021-03-09,857,20073,16,5907,830,14131,11,35,68,6202,785,6942,80,13144,California
Tuolumne,2021-03-10,78,20151,12,5919,55,14186,11,46,53,6241,25,6967,64,13208,California
Tuolumne,2021-03-11,1281,21432,36,5955,1239,15425,6,52,1255,7478,26,6993,1263,14471,California
Tuolumne,2021-03-12,299,21731,34,5989,250,15675,15,67,191,7580,107,7100,209,14680,California
Tuolumne,2021-03-13,112,21843,12,6001,100,15775,0,67,84,7638,27,7127,85,14765,California
Tuolumne,2021-03-14,142,21985,8,6009,125,15900,9,76,8,7525,134,7261,21,14786,California
Tuolumne,2021-03-15,294,22279,79,6088,212,16112,3,79,100,7442,193,7454,110,14896,California
Tuolumne,2021-03-16,802,23081,40,6128,751,16863,11,90,665,7982,136,7590,676,15572,California
Tuolumne,2021-03-17,152,23233,30,6158,109,16972,13,103,79,8002,71,7661,91,15663,California
Tuolumne,2021-03-18,948,24181,28,6186,907,17879,13,116,318,7705,628,8289,331,15994,California
Tuolumne,2021-03-19,132,24313,16,6202,85,17964,31,147,71,7747,59,8348,101,16095,California
Tuolumne,2021-03-20,89,24402,7,6209,72,18036,10,157,37,7742,51,8399,46,16141,California
Tuolumne,2021-03-21,835,25237,391,6600,434,18470,10,167,39,7003,789,9188,50,16191,California
Tuolumne,2021-03-22,164,25401,73,6673,72,18542,19,186,97,7053,66,9254,116,16307,California
Tuolumne,2021-03-23,709,26110,638,7311,57,18599,14,200,672,7701,37,9291,685,16992,California
Tuolumne,2021-03-24,110,26220,20,7331,72,18671,18,218,77,7764,32,9323,95,17087,California
Tuolumne,2021-03-25,1297,27517,23,7354,1271,19942,3,221,326,7124,969,10292,329,17416,California
Tuolumne,2021-03-26,269,27786,16,7370,230,20172,23,244,111,7110,148,10440,134,17550,California
Tuolumne,2021-03-27,578,28364,53,7423,525,20697,0,244,318,7171,258,10698,319,17869,California
Tuolumne,2021-03-28,48,28412,7,7430,41,20738,0,244,8,7141,39,10737,9,17878,California
Tuolumne,2021-03-29,205,28617,83,7513,122,20860,0,244,108,7155,94,10831,108,17986,California
Tuolumne,2021-03-30,162,28779,11,7524,150,21010,1,245,120,7235,41,10872,121,18107,California
Tuolumne,2021-03-31,95,28874,14,7538,79,21089,2,247,37,7218,56,10928,39,18146,California
Tuolumne,2021-04-01,1248,30122,30,7568,1218,22307,0,247,226,6424,1020,11948,226,18372,California
Tuolumne,2021-04-02,165,30287,11,7579,128,22435,26,273,92,6471,71,12019,118,18490,California
Tuolumne,2021-04-03,426,30713,35,7614,390,22825,1,274,239,6526,187,12206,242,18732,California
Tuolumne,2021-04-04,33,30746,3,7617,30,22855,0,274,21,6536,11,12217,21,18753,California
Tuolumne,2021-04-05,125,30871,19,7636,100,22955,6,280,55,6527,70,12287,61,18814,California
Tuolumne,2021-04-06,645,31516,516,8152,102,23057,27,307,512,6934,133,12420,540,19354,California
Tuolumne,2021-04-07,125,31641,37,8189,72,23129,16,323,47,6919,78,12498,63,19417,California
Tuolumne,2021-04-08,1435,33076,33,8222,1388,24517,14,337,239,5979,1193,13691,253,19670,California
Tuolumne,2021-04-09,267,33343,41,8263,182,24699,44,381,125,6010,142,13833,173,19843,California
Tuolumne,2021-04-10,56,33399,2,8265,34,24733,20,401,23,6021,32,13865,43,19886,California
Tuolumne,2021-04-11,17,33416,2,8267,12,24745,3,404,12,6031,5,13870,15,19901,California
Tuolumne,2021-04-12,163,33579,66,8333,92,24837,5,409,89,6057,68,13938,94,19995,California
Tuolumne,2021-04-13,784,34363,35,8368,749,25586,0,409,170,5621,606,14544,170,20165,California
Tuolumne,2021-04-14,146,34509,27,8395,119,25705,0,409,70,5619,73,14617,71,20236,California
Tuolumne,2021-04-15,338,34847,20,8415,318,26023,0,409,56,5399,276,14893,56,20292,California
Tuolumne,2021-04-16,241,35088,49,8464,192,26215,0,409,135,5435,99,14992,135,20427,California
Tuolumne,2021-04-17,43,35131,6,8470,37,26252,0,409,27,5446,16,15008,27,20454,California
Tuolumne,2021-04-18,9,35140,3,8473,6,26258,0,409,4,5446,4,15012,4,20458,California
Tuolumne,2021-04-19,168,35308,79,8552,89,26347,0,409,90,5460,76,15088,90,20548,California
Tuolumne,2021-04-20,713,36021,616,9168,97,26444,0,409,77,4908,629,15717,77,20625,California
Tuolumne,2021-04-21,117,36138,26,9194,91,26535,0,409,61,4918,51,15768,61,20686,California
Tuolumne,2021-04-22,700,36838,46,9240,654,27189,0,409,423,5074,267,16035,423,21109,California
Tuolumne,2021-04-23,160,36998,31,9271,129,27318,0,409,85,5086,73,16108,85,21194,California
Tuolumne,2021-04-24,80,37078,18,9289,62,27380,0,409,52,5110,28,16136,52,21246,California
Tuolumne,2021-04-25,27,37105,10,9299,17,27397,0,409,24,5131,3,16139,24,21270,California
Tuolumne,2021-04-26,153,37258,56,9355,97,27494,0,409,70,5120,82,16221,71,21341,California
Tuolumne,2021-04-27,134,37392,21,9376,106,27600,7,416,62,5119,70,16291,69,21410,California
Tuolumne,2021-04-28,115,37507,25,9401,79,27679,11,427,64,5144,50,16341,75,21485,California
Tuolumne,2021-04-29,271,37778,16,9417,247,27926,8,435,49,4980,221,16562,57,21542,California
Tuolumne,2021-04-30,348,38126,21,9438,315,28241,12,447,65,4777,280,16842,77,21619,California
Tuolumne,2021-05-01,24,38150,7,9445,13,28254,4,451,16,4789,8,16850,20,21639,California
Tuolumne,2021-05-02,26,38176,3,9448,21,28275,2,453,19,4803,7,16857,21,21660,California
Tuolumne,2021-05-03,86,38262,14,9462,67,28342,5,458,24,4771,61,16918,29,21689,California
Tuolumne,2021-05-04,682,38944,600,10062,77,28419,5,463,201,4496,480,17398,205,21894,California
Tuolumne,2021-05-05,92,39036,25,10087,61,28480,6,469,47,4507,43,17441,54,21948,California
Tuolumne,2021-05-06,275,39311,13,10100,248,28728,14,483,37,4324,233,17674,50,21998,California
Tuolumne,2021-05-07,310,39621,24,10124,278,29006,8,491,57,4137,252,17926,65,22063,California
Tuolumne,2021-05-08,47,39668,7,10131,36,29042,4,495,29,4152,18,17944,33,22096,California
Tuolumne,2021-05-09,15,39683,2,10133,11,29053,2,497,2,4143,13,17957,4,22100,California
Tuolumne,2021-05-10,99,39782,44,10177,50,29103,5,502,27,4104,71,18028,32,22132,California
Tuolumne,2021-05-11,195,39977,64,10241,119,29222,12,514,54,4030,140,18168,66,22198,California
Tuolumne,2021-05-12,108,40085,17,10258,88,29310,3,517,42,4009,66,18234,45,22243,California
Tuolumne,2021-05-13,82,40167,18,10276,56,29366,8,525,53,4041,29,18263,61,22304,California
Tuolumne,2021-05-14,175,40342,75,10351,90,29456,10,535,94,4065,80,18343,104,22408,California
Tuolumne,2021-05-15,21,40363,10,10361,9,29465,2,537,7,4061,14,18357,10,22418,California
Ventura,2020-12-15,5,5,5,5,0,0,0,0,5,5,0,0,5,5,California
Ventura,2020-12-16,73,78,73,78,0,0,0,0,73,78,0,0,73,78,California
Ventura,2020-12-17,249,327,249,327,0,0,0,0,249,327,0,0,249,327,California
Ventura,2020-12-18,1412,1739,1412,1739,0,0,0,0,1412,1739,0,0,1412,1739,California
Ventura,2020-12-19,911,2650,911,2650,0,0,0,0,911,2650,0,0,911,2650,California
Ventura,2020-12-20,430,3080,430,3080,0,0,0,0,430,3080,0,0,430,3080,California
Ventura,2020-12-21,1467,4547,1467,4547,0,0,0,0,1467,4547,0,0,1467,4547,California
Ventura,2020-12-22,1104,5651,1099,5646,5,5,0,0,1104,5651,0,0,1104,5651,California
Ventura,2020-12-23,1027,6678,979,6625,48,53,0,0,1027,6678,0,0,1027,6678,California
Ventura,2020-12-24,477,7155,379,7004,98,151,0,0,477,7155,0,0,477,7155,California
Ventura,2020-12-25,11,7166,7,7011,4,155,0,0,11,7166,0,0,11,7166,California
Ventura,2020-12-26,112,7278,92,7103,20,175,0,0,112,7278,0,0,112,7278,California
Ventura,2020-12-27,58,7336,27,7130,31,206,0,0,58,7336,0,0,58,7336,California
Ventura,2020-12-28,1072,8408,932,8062,140,346,0,0,1072,8408,0,0,1072,8408,California
Ventura,2020-12-29,1171,9579,764,8826,407,753,0,0,1171,9579,0,0,1171,9579,California
Ventura,2020-12-30,1987,11566,1522,10348,465,1218,0,0,1987,11566,0,0,1987,11566,California
Ventura,2020-12-31,480,12046,162,10510,318,1536,0,0,480,12046,0,0,480,12046,California
Ventura,2021-01-01,25,12071,7,10517,18,1554,0,0,25,12071,0,0,25,12071,California
Ventura,2021-01-02,174,12245,79,10596,95,1649,0,0,174,12245,0,0,174,12245,California
Ventura,2021-01-03,16,12261,8,10604,8,1657,0,0,16,12261,0,0,16,12261,California
Ventura,2021-01-04,1083,13344,552,11156,531,2188,0,0,1082,13343,0,0,1082,13343,California
Ventura,2021-01-05,1373,14717,777,11933,596,2784,0,0,1331,14632,42,42,1331,14674,California
Ventura,2021-01-06,2059,16776,1181,13114,878,3662,0,0,1627,15838,423,465,1629,16303,California
Ventura,2021-01-07,2068,18844,1326,14440,742,4404,0,0,1181,16134,885,1350,1181,17484,California
Ventura,2021-01-08,2197,21041,1474,15914,723,5127,0,0,906,15752,1289,2639,907,18391,California
Ventura,2021-01-09,721,21762,500,16414,221,5348,0,0,319,15669,402,3041,319,18710,California
Ventura,2021-01-10,343,22105,327,16741,16,5364,0,0,129,15584,214,3255,129,18839,California
Ventura,2021-01-11,2445,24550,1488,18229,957,6321,0,0,1493,16128,952,4207,1496,20335,California
Ventura,2021-01-12,3044,27594,1612,19841,1432,7753,0,0,2019,17122,1025,5232,2019,22354,California
Ventura,2021-01-13,2927,30521,1424,21265,1503,9256,0,0,2043,18285,881,6113,2044,24398,California
Ventura,2021-01-14,2736,33257,1062,22327,1674,10930,0,0,2288,20127,447,6560,2289,26687,California
Ventura,2021-01-15,2889,36146,972,23299,1917,12847,0,0,2676,22591,213,6773,2677,29364,California
Ventura,2021-01-16,485,36631,187,23486,298,13145,0,0,405,22916,80,6853,405,29769,California
Ventura,2021-01-17,260,36891,138,23624,122,13267,0,0,254,23164,6,6859,254,30023,California
Ventura,2021-01-18,2217,39108,1671,25295,546,13813,0,0,1666,24281,550,7409,1667,31690,California
Ventura,2021-01-19,3045,42153,2122,27417,923,14736,0,0,2150,25539,895,8304,2153,33843,California
Ventura,2021-01-20,4097,46250,3145,30562,952,15688,0,0,3043,27532,1051,9355,3044,36887,California
Ventura,2021-01-21,3845,50095,2676,33238,1169,16857,0,0,3168,30028,674,10029,3170,40057,California
Ventura,2021-01-22,3615,53710,2495,35733,1120,17977,0,0,3454,33321,161,10190,3454,43511,California
Ventura,2021-01-23,1182,54892,648,36381,534,18511,0,0,1082,34306,99,10289,1084,44595,California
Ventura,2021-01-24,453,55345,137,36518,316,18827,0,0,440,34733,13,10302,440,45035,California
Ventura,2021-01-25,3156,58501,2032,38550,1124,19951,0,0,2600,36779,555,10857,2601,47636,California
Ventura,2021-01-26,3717,62218,2209,40759,1508,21459,0,0,2718,38500,998,11855,2719,50355,California
Ventura,2021-01-27,3463,65681,1561,42320,1902,23361,0,0,2720,40481,739,12594,2720,53075,California
Ventura,2021-01-28,3877,69558,1997,44317,1880,25241,0,0,3262,43146,598,13192,3263,56338,California
Ventura,2021-01-29,4271,73829,2524,46841,1747,26988,0,0,3768,46424,490,13682,3768,60106,California
Ventura,2021-01-30,3040,76869,1966,48807,1074,28062,0,0,2869,49127,167,13849,2870,62976,California
Ventura,2021-01-31,836,77705,448,49255,388,28450,0,0,749,49790,86,13935,749,63725,California
Ventura,2021-02-01,3948,81653,2115,51370,1833,30283,0,0,3171,52190,773,14708,3173,66898,California
Ventura,2021-02-02,4407,86060,2375,53745,2032,32315,0,0,3383,54554,1020,15728,3384,70282,California
Ventura,2021-02-03,4455,90515,2090,55835,2365,34680,0,0,3445,56995,1005,16733,3446,73728,California
Ventura,2021-02-04,4785,95300,2296,58131,2489,37169,0,0,3521,59262,1256,17989,3523,77251,California
Ventura,2021-02-05,4842,100142,2321,60452,2521,39690,0,0,3348,61131,1481,19470,3350,80601,California
Ventura,2021-02-06,2841,102983,1517,61969,1324,41014,0,0,2438,63167,402,19872,2438,83039,California
Ventura,2021-02-07,713,103696,243,62212,470,41484,0,0,587,63629,126,19998,588,83627,California
Ventura,2021-02-08,3499,107195,1625,63837,1874,43358,0,0,2429,64993,1065,21063,2429,86056,California
Ventura,2021-02-09,4722,111917,1974,65811,2748,46106,0,0,2465,65205,2256,23319,2468,88524,California
Ventura,2021-02-10,4718,116635,2238,68049,2480,48586,0,0,2390,65279,2317,25636,2391,90915,California
Ventura,2021-02-11,4667,121302,1864,69913,2803,51389,0,0,2449,65520,2211,27847,2452,93367,California
Ventura,2021-02-12,6309,127611,2665,72578,3644,55033,0,0,3226,65668,3078,30925,3226,96593,California
Ventura,2021-02-13,3302,130913,1828,74406,1474,56507,0,0,1847,66066,1451,32376,1849,98442,California
Ventura,2021-02-14,1227,132140,124,74530,1103,57610,0,0,1011,66862,216,32592,1012,99454,California
Ventura,2021-02-15,3989,136129,1799,76329,2190,59800,0,0,2119,67114,1867,34459,2119,101573,California
Ventura,2021-02-16,5553,141682,2708,79037,2845,62645,0,0,3015,67599,2530,36989,3015,104588,California
Ventura,2021-02-17,5240,146922,1925,80962,3315,65960,0,0,3270,68909,1960,38949,3270,107858,California
Ventura,2021-02-18,5782,152704,1832,82794,3950,69910,0,0,3635,70408,2136,41085,3635,111493,California
Ventura,2021-02-19,6458,159162,3773,86567,2685,72595,0,0,3013,69985,3438,44523,3015,114508,California
Ventura,2021-02-20,4939,164101,3172,89739,1767,74362,0,0,2770,70596,2163,46686,2774,117282,California
Ventura,2021-02-21,1050,165151,761,90500,289,74651,0,0,431,70414,613,47299,431,117713,California
Ventura,2021-02-22,5371,170522,2408,92908,2963,77614,0,0,3457,71966,1905,49204,3457,121170,California
Ventura,2021-02-23,5934,176456,2969,95877,2965,80579,0,0,3416,72882,2502,51706,3418,124588,California
Ventura,2021-02-24,6997,183453,2607,98484,4390,84969,0,0,4246,74392,2738,54444,4248,128836,California
Ventura,2021-02-25,7496,190949,2572,101056,4924,89893,0,0,4575,76062,2907,57351,4577,133413,California
Ventura,2021-02-26,9352,200301,2771,103827,6581,96474,0,0,6163,79065,3162,60513,6165,139578,California
Ventura,2021-02-27,9999,210300,5276,109103,4723,101197,0,0,7375,83842,2608,63121,7385,146963,California
Ventura,2021-02-28,2571,212871,1637,110740,933,102130,1,1,2096,85470,468,63589,2096,149059,California
Ventura,2021-03-01,6952,219823,2816,113556,4136,106266,0,1,4633,87809,2307,65896,4646,153705,California
Ventura,2021-03-02,7488,227311,3941,117497,3545,109811,2,3,5258,90847,2220,68116,5258,158963,California
Ventura,2021-03-03,8525,235836,3904,121401,4620,114431,1,4,6076,94494,2434,70550,6081,165044,California
Ventura,2021-03-04,8109,243945,3869,125270,4240,118671,0,4,5476,97354,2619,73169,5479,170523,California
Ventura,2021-03-05,9980,253925,4806,130076,5164,123835,10,14,7086,101579,2879,76048,7104,177627,California
Ventura,2021-03-06,7236,261161,4397,134473,2686,126521,153,167,5321,105147,1908,77956,5476,183103,California
Ventura,2021-03-07,1653,262814,606,135079,947,127468,100,267,1235,106064,418,78374,1335,184438,California
Ventura,2021-03-08,6741,269555,3415,138494,3172,130640,154,421,4634,108754,2101,80475,4791,189229,California
Ventura,2021-03-09,6556,276111,2824,141318,3532,134172,200,621,3682,109778,2860,83335,3884,193113,California
Ventura,2021-03-10,6812,282923,2971,144289,3602,137774,239,860,4489,112196,2310,85645,4728,197841,California
Ventura,2021-03-11,6377,289300,2890,147179,3174,140948,313,1173,3423,112989,2941,88586,3734,201575,California
Ventura,2021-03-12,8524,297824,3036,150215,4643,145591,845,2018,4113,113553,4393,92979,4957,206532,California
Ventura,2021-03-13,6691,304515,2499,152714,3350,148941,842,2860,3761,115233,2921,95900,4601,211133,California
Ventura,2021-03-14,2133,306648,479,153193,1159,150100,495,3355,731,115059,1401,97301,1227,212360,California
Ventura,2021-03-15,6920,313568,2050,155243,3521,153621,1349,4704,2977,115463,3918,101219,4322,216682,California
Ventura,2021-03-16,7925,321493,2462,157705,4350,157971,1113,5817,3993,116650,3918,105137,5105,221787,California
Ventura,2021-03-17,7476,328969,2771,160476,4357,162328,348,6165,4470,118487,2983,108120,4820,226607,California
Ventura,2021-03-18,7228,336197,3274,163750,3802,166130,152,6317,4708,120839,2506,110626,4858,231465,California
Ventura,2021-03-19,8407,344604,3780,167530,4514,170644,113,6430,5024,122610,3364,113990,5135,236600,California
Ventura,2021-03-20,8150,352754,5248,172778,2881,173525,21,6451,3897,122300,4229,118219,3919,240519,California
Ventura,2021-03-21,2787,355541,1513,174291,902,174427,372,6823,1319,122533,1456,119675,1689,242208,California
Ventura,2021-03-22,7346,362887,3690,177981,3554,177981,102,6925,4842,124991,2488,122163,4946,247154,California
Ventura,2021-03-23,8188,371075,3888,181869,4228,182209,72,6997,4671,126242,3491,125654,4742,251896,California
Ventura,2021-03-24,8873,379948,3409,185278,5389,187598,75,7072,4428,126329,4416,130070,4503,256399,California
Ventura,2021-03-25,8797,388745,3907,189185,4790,192388,100,7172,4449,126547,4331,134401,4549,260948,California
Ventura,2021-03-26,9827,398572,3351,192536,5823,198211,653,7825,3906,125211,5893,140294,4557,265505,California
Ventura,2021-03-27,8115,406687,3905,196441,4170,202381,40,7865,2396,121951,5697,145991,2437,267942,California
Ventura,2021-03-28,2531,409218,1411,197852,1111,203492,9,7874,1385,122208,1137,147128,1394,269336,California
Ventura,2021-03-29,8446,417664,4254,202106,4149,207641,43,7917,4220,122273,4198,151326,4263,273599,California
Ventura,2021-03-30,8939,426603,4413,206519,4398,212039,128,8045,4527,122529,4398,155724,4654,278253,California
Ventura,2021-03-31,10701,437304,4826,211345,5248,217287,627,8672,4646,121771,6033,161757,5275,283528,California
Ventura,2021-04-01,10689,447993,5202,216547,4609,221896,878,9550,5395,122772,5273,167030,6274,289802,California
Ventura,2021-04-02,11639,459632,4605,221152,5730,227626,1304,10854,5551,123577,6058,173088,6863,296665,California
Ventura,2021-04-03,8030,467662,3958,225110,2926,230552,1146,12000,3372,123445,4648,177736,4516,301181,California
Ventura,2021-04-04,1717,469379,962,226072,621,231173,134,12134,1154,124177,557,178293,1289,302470,California
Ventura,2021-04-05,9316,478695,4872,230944,3341,234514,1103,13237,4730,125436,4575,182868,5834,308304,California
Ventura,2021-04-06,10843,489538,5550,236494,3812,238326,1481,14718,5562,127220,5256,188124,7040,315344,California
Ventura,2021-04-07,11313,500851,5430,241924,4401,242727,1482,16200,5174,127747,6124,194248,6651,321995,California
Ventura,2021-04-08,10249,511100,5312,247236,3997,246724,940,17140,5120,128685,5114,199362,6052,328047,California
Ventura,2021-04-09,11097,522197,4344,251580,5046,251770,1707,18847,4844,128999,6231,205593,6545,334592,California
Ventura,2021-04-10,9139,531336,3509,255089,3476,255246,2154,21001,3002,128030,6121,211714,5152,339744,California
Ventura,2021-04-11,2423,533759,861,255950,993,256239,569,21570,685,127551,1731,213445,1252,340996,California
Ventura,2021-04-12,8889,542648,4471,260421,3611,259850,807,22377,3744,126969,5127,218572,4545,345541,California
Ventura,2021-04-13,8765,551413,4437,264858,4322,264172,6,22383,3744,125729,4990,223562,3750,349291,California
Ventura,2021-04-14,8664,560077,4064,268922,4585,268757,15,22398,3366,123848,5264,228826,3383,352674,California
Ventura,2021-04-15,9310,569387,4534,273456,4769,273526,7,22405,4105,122778,5182,234008,4112,356786,California
Ventura,2021-04-16,10128,579515,4487,277943,5640,279166,1,22406,4858,122385,5254,239262,4861,361647,California
Ventura,2021-04-17,8558,588073,5318,283261,3239,282405,1,22407,5023,123886,3523,242785,5024,366671,California
Ventura,2021-04-18,2134,590207,1014,284275,1120,283525,0,22407,905,123567,1224,244009,905,367576,California
Ventura,2021-04-19,8033,598240,4851,289126,3181,286706,1,22408,4640,124835,3374,247383,4642,372218,California
Ventura,2021-04-20,9246,607486,4915,294041,4327,291033,4,22412,4375,124360,4855,252238,4380,376598,California
Ventura,2021-04-21,8855,616341,4533,298574,4318,295351,4,22416,4221,123966,4620,256858,4226,380824,California
Ventura,2021-04-22,10034,626375,5484,304058,4550,299901,0,22416,4501,122951,5516,262374,4501,385325,California
Ventura,2021-04-23,10803,637178,5396,309454,5406,305307,1,22417,5414,123002,5363,267737,5414,390739,California
Ventura,2021-04-24,10323,647501,5894,315348,4429,309736,0,22417,6118,124927,4194,271931,6119,396858,California
Ventura,2021-04-25,2473,649974,1701,317049,772,310508,0,22417,1142,124741,1328,273259,1142,398000,California
Ventura,2021-04-26,7189,657163,4131,321180,2993,313501,65,22482,2998,123631,4169,277428,3059,401059,California
Ventura,2021-04-27,8358,665521,4623,325803,3566,317067,169,22651,3152,121760,5191,282619,3320,404379,California
Ventura,2021-04-28,8246,673767,4813,330616,3117,320184,316,22967,3212,120273,5015,287634,3528,407907,California
Ventura,2021-04-29,7755,681522,4220,334836,3271,323455,264,23231,2745,118294,4986,292620,3007,410914,California
Ventura,2021-04-30,9325,690847,5443,340279,3609,327064,273,23504,3858,116980,5437,298057,4123,415037,California
Ventura,2021-05-01,4939,695786,3631,343910,1206,328270,102,23606,1866,115892,3056,301113,1968,417005,California
Ventura,2021-05-02,2129,697915,1428,345338,612,328882,89,23695,1035,115926,1090,302203,1124,418129,California
Ventura,2021-05-03,6219,704134,3911,349249,2031,330913,277,23972,1951,113905,4248,306451,2227,420356,California
Ventura,2021-05-04,6272,710406,3317,352566,2656,333569,299,24271,2269,112483,3989,310440,2567,422923,California
Ventura,2021-05-05,5255,715661,3008,355574,1989,335558,258,24529,1899,111302,3333,313773,2152,425075,California
Ventura,2021-05-06,6056,721717,3208,358782,2578,338136,270,24799,1923,109379,4116,317889,2193,427268,California
Ventura,2021-05-07,6620,728337,3333,362115,3014,341150,273,25072,2261,107580,4333,322222,2534,429802,California
Ventura,2021-05-08,5290,733627,4111,366226,1027,342177,152,25224,1208,104871,4069,326291,1360,431162,California
Ventura,2021-05-09,1052,734679,733,366959,273,342450,46,25270,398,104669,646,326937,444,431606,California
Ventura,2021-05-10,6004,740683,4072,371031,1729,344179,203,25473,1351,101577,4645,331582,1553,433159,California
Ventura,2021-05-11,5086,745769,3199,374230,1679,345858,208,25681,1465,99637,3612,335194,1672,434831,California
Ventura,2021-05-12,4692,750461,2701,376931,1794,347652,197,25878,1441,98043,3232,338426,1638,436469,California
Ventura,2021-05-13,5565,756026,3287,380218,2083,349735,195,26073,1865,96415,3688,342114,2060,438529,California
Ventura,2021-05-14,5945,761971,3538,383756,2237,351972,170,26243,1987,94626,3944,346058,2155,440684,California
Ventura,2021-05-15,4488,766459,4079,387835,348,352320,61,26304,1652,93512,2827,348885,1713,442397,California
Yolo,2020-12-15,39,39,39,39,0,0,0,0,39,39,0,0,39,39,California
Yolo,2020-12-16,78,117,78,117,0,0,0,0,78,117,0,0,78,117,California
Yolo,2020-12-17,101,218,101,218,0,0,0,0,101,218,0,0,101,218,California
Yolo,2020-12-18,210,428,210,428,0,0,0,0,210,428,0,0,210,428,California
Yolo,2020-12-19,88,516,88,516,0,0,0,0,88,516,0,0,88,516,California
Yolo,2020-12-20,100,616,100,616,0,0,0,0,100,616,0,0,100,616,California
Yolo,2020-12-21,254,870,254,870,0,0,0,0,254,870,0,0,254,870,California
Yolo,2020-12-22,381,1251,380,1250,1,1,0,0,381,1251,0,0,381,1251,California
Yolo,2020-12-23,432,1683,412,1662,20,21,0,0,432,1683,0,0,432,1683,California
Yolo,2020-12-24,151,1834,95,1757,56,77,0,0,151,1834,0,0,151,1834,California
Yolo,2020-12-25,1,1835,1,1758,0,77,0,0,1,1835,0,0,1,1835,California
Yolo,2020-12-26,75,1910,25,1783,50,127,0,0,75,1910,0,0,75,1910,California
Yolo,2020-12-27,46,1956,19,1802,27,154,0,0,46,1956,0,0,46,1956,California
Yolo,2020-12-28,346,2302,179,1981,167,321,0,0,346,2302,0,0,346,2302,California
Yolo,2020-12-29,488,2790,267,2248,221,542,0,0,488,2790,0,0,488,2790,California
Yolo,2020-12-30,622,3412,254,2502,368,910,0,0,622,3412,0,0,622,3412,California
Yolo,2020-12-31,185,3597,95,2597,90,1000,0,0,185,3597,0,0,185,3597,California
Yolo,2021-01-01,58,3655,56,2653,2,1002,0,0,58,3655,0,0,58,3655,California
Yolo,2021-01-02,69,3724,26,2679,43,1045,0,0,69,3724,0,0,69,3724,California
Yolo,2021-01-03,44,3768,19,2698,25,1070,0,0,44,3768,0,0,44,3768,California
Yolo,2021-01-04,193,3961,43,2741,150,1220,0,0,193,3961,0,0,193,3961,California
Yolo,2021-01-05,612,4573,236,2977,376,1596,0,0,551,4451,61,61,551,4512,California
Yolo,2021-01-06,480,5053,183,3160,297,1893,0,0,349,4669,131,192,349,4861,California
Yolo,2021-01-07,709,5762,234,3394,475,2368,0,0,519,4999,189,381,519,5380,California
Yolo,2021-01-08,633,6395,312,3706,321,2689,0,0,417,5201,215,596,417,5797,California
Yolo,2021-01-09,410,6805,69,3775,341,3030,0,0,364,5519,46,642,364,6161,California
Yolo,2021-01-10,393,7198,80,3855,313,3343,0,0,323,5772,70,712,323,6484,California
Yolo,2021-01-11,562,7760,325,4180,237,3580,0,0,293,5798,269,981,295,6779,California
Yolo,2021-01-12,481,8241,364,4544,117,3697,0,0,173,5664,308,1289,174,6953,California
Yolo,2021-01-13,769,9010,312,4856,457,4154,0,0,519,5933,250,1539,519,7472,California
Yolo,2021-01-14,377,9387,183,5039,194,4348,0,0,273,6102,104,1643,273,7745,California
Yolo,2021-01-15,623,10010,318,5357,305,4653,0,0,544,6568,79,1722,545,8290,California
Yolo,2021-01-16,740,10750,95,5452,645,5298,0,0,709,7246,31,1753,709,8999,California
Yolo,2021-01-17,187,10937,118,5570,69,5367,0,0,180,7419,7,1760,180,9179,California
Yolo,2021-01-18,479,11416,303,5873,176,5543,0,0,380,7700,99,1859,380,9559,California
Yolo,2021-01-19,558,11974,374,6247,184,5727,0,0,383,7908,175,2034,383,9942,California
Yolo,2021-01-20,660,12634,380,6627,280,6007,0,0,475,8199,184,2218,475,10417,California
Yolo,2021-01-21,649,13283,382,7009,267,6274,0,0,461,8472,188,2406,461,10878,California
Yolo,2021-01-22,746,14029,250,7259,496,6770,0,0,629,8986,115,2521,629,11507,California
Yolo,2021-01-23,615,14644,124,7383,491,7261,0,0,567,9505,48,2569,567,12074,California
Yolo,2021-01-24,208,14852,124,7507,84,7345,0,0,167,9631,41,2610,167,12241,California
Yolo,2021-01-25,730,15582,156,7663,574,7919,0,0,513,9927,217,2827,513,12754,California
Yolo,2021-01-26,818,16400,327,7990,491,8410,0,0,429,9967,389,3216,429,13183,California
Yolo,2021-01-27,557,16957,223,8213,334,8744,0,0,383,10176,174,3390,383,13566,California
Yolo,2021-01-28,1051,18008,567,8780,484,9228,0,0,925,10976,125,3515,925,14491,California
Yolo,2021-01-29,874,18882,264,9044,610,9838,0,0,791,11685,82,3597,791,15282,California
Yolo,2021-01-30,1515,20397,915,9959,600,10438,0,0,1406,12988,103,3700,1406,16688,California
Yolo,2021-01-31,249,20646,211,10170,38,10476,0,0,214,13168,34,3734,214,16902,California
Yolo,2021-02-01,844,21490,360,10530,484,10960,0,0,614,13555,227,3961,614,17516,California
Yolo,2021-02-02,1322,22812,746,11276,576,11536,0,0,930,14094,392,4353,931,18447,California
Yolo,2021-02-03,1515,24327,398,11674,1117,12653,0,0,1182,14946,330,4683,1182,19629,California
Yolo,2021-02-04,1787,26114,283,11957,1504,14157,0,0,1237,15645,539,5222,1238,20867,California
Yolo,2021-02-05,1593,27707,902,12859,691,14848,0,0,1196,16446,396,5618,1197,22064,California
Yolo,2021-02-06,1916,29623,1246,14105,670,15518,0,0,1555,17641,361,5979,1556,23620,California
Yolo,2021-02-07,520,30143,250,14355,270,15788,0,0,171,17464,348,6327,171,23791,California
Yolo,2021-02-08,948,31091,332,14687,616,16404,0,0,605,17729,340,6667,605,24396,California
Yolo,2021-02-09,863,31954,389,15076,474,16878,0,0,578,18022,285,6952,578,24974,California
Yolo,2021-02-10,1458,33412,477,15553,981,17859,0,0,821,18208,637,7589,823,25797,California
Yolo,2021-02-11,1567,34979,799,16352,768,18627,0,0,1185,19011,382,7971,1185,26982,California
Yolo,2021-02-12,1908,36887,749,17101,1159,19786,0,0,1440,19987,464,8435,1440,28422,California
Yolo,2021-02-13,2056,38943,712,17813,1344,21130,0,0,1391,20713,665,9100,1391,29813,California
Yolo,2021-02-14,571,39514,155,17968,416,21546,0,0,446,21035,124,9224,446,30259,California
Yolo,2021-02-15,531,40045,189,18157,342,21888,0,0,266,21037,265,9489,267,30526,California
Yolo,2021-02-16,1129,41174,426,18583,703,22591,0,0,810,21529,319,9808,811,31337,California
Yolo,2021-02-17,1391,42565,701,19284,690,23281,0,0,996,22130,395,10203,996,32333,California
Yolo,2021-02-18,2496,45061,814,20098,1682,24963,0,0,1726,23088,769,10972,1727,34060,California
Yolo,2021-02-19,1742,46803,745,20843,997,25960,0,0,1121,23590,619,11591,1121,35181,California
Yolo,2021-02-20,2443,49246,949,21792,1494,27454,0,0,1372,23897,1066,12657,1373,36554,California
Yolo,2021-02-21,283,49529,225,22017,58,27512,0,0,73,23761,209,12866,73,36627,California
Yolo,2021-02-22,1361,50890,600,22617,761,28273,0,0,693,23787,667,13533,693,37320,California
Yolo,2021-02-23,1126,52016,842,23459,284,28557,0,0,438,23539,686,14219,438,37758,California
Yolo,2021-02-24,2091,54107,590,24049,1501,30058,0,0,1381,24212,708,14927,1381,39139,California
Yolo,2021-02-25,1381,55488,486,24535,895,30953,0,0,916,24664,464,15391,916,40055,California
Yolo,2021-02-26,2599,58087,1011,25546,1588,32541,0,0,1393,24854,1203,16594,1393,41448,California
Yolo,2021-02-27,1659,59746,766,26312,893,33434,0,0,1209,25613,450,17044,1209,42657,California
Yolo,2021-02-28,1773,61519,1492,27804,281,33715,0,0,679,25200,1092,18136,679,43336,California
Yolo,2021-03-01,1105,62624,368,28172,737,34452,0,0,673,25443,430,18566,673,44009,California
Yolo,2021-03-02,1463,64087,683,28855,780,35232,0,0,933,25846,530,19096,933,44942,California
Yolo,2021-03-03,1842,65929,632,29487,1210,36442,0,0,835,25676,1005,20101,835,45777,California
Yolo,2021-03-04,2910,68839,1454,30941,1456,37898,0,0,1576,25921,1331,21432,1576,47353,California
Yolo,2021-03-05,2349,71188,1396,32337,942,38840,11,11,1473,26530,875,22307,1484,48837,California
Yolo,2021-03-06,1469,72657,1121,33458,319,39159,29,40,837,26766,630,22937,866,49703,California
Yolo,2021-03-07,911,73568,675,34133,222,39381,14,54,775,27419,136,23073,789,50492,California
Yolo,2021-03-08,1094,74662,489,34622,562,39943,43,97,766,27902,327,23400,810,51302,California
Yolo,2021-03-09,1245,75907,671,35293,513,40456,61,158,755,28230,488,23888,816,52118,California
Yolo,2021-03-10,1798,77705,1049,36342,461,40917,288,446,751,28220,1043,24931,1033,53151,California
Yolo,2021-03-11,2345,80050,1600,37942,679,41596,66,512,1600,29143,744,25675,1667,54818,California
Yolo,2021-03-12,2893,82943,1343,39285,1471,43067,79,591,1372,29080,1513,27188,1450,56268,California
Yolo,2021-03-13,1844,84787,730,40015,937,44004,177,768,999,29414,842,28030,1176,57444,California
Yolo,2021-03-14,1004,85791,211,40226,643,44647,150,918,523,29602,480,28510,668,58112,California
Yolo,2021-03-15,1322,87113,772,40998,374,45021,176,1094,707,29870,613,29123,881,58993,California
Yolo,2021-03-16,1868,88981,717,41715,1079,46100,72,1166,1103,30280,765,29888,1175,60168,California
Yolo,2021-03-17,2490,91471,970,42685,1448,47548,72,1238,1708,31312,779,30667,1811,61979,California
Yolo,2021-03-18,3019,94490,1022,43707,1773,49321,224,1462,1264,31049,1751,32418,1488,63467,California
Yolo,2021-03-19,2086,96576,863,44570,1155,50476,68,1530,1095,31227,985,33403,1163,64630,California
Yolo,2021-03-20,2748,99324,817,45387,1890,52366,41,1571,1115,30758,1627,35030,1158,65788,California
Yolo,2021-03-21,316,99640,215,45602,93,52459,8,1579,229,30909,86,35116,237,66025,California
Yolo,2021-03-22,1399,101039,487,46089,854,53313,58,1637,919,31408,477,35593,976,67001,California
Yolo,2021-03-23,1731,102770,933,47022,742,54055,56,1693,1073,31879,657,36250,1128,68129,California
Yolo,2021-03-24,2850,105620,1394,48416,1407,55462,49,1742,1420,31931,1418,37668,1470,69599,California
Yolo,2021-03-25,2540,108160,1408,49824,1105,56567,27,1769,1257,31942,1273,38941,1284,70883,California
Yolo,2021-03-26,2398,110558,1255,51079,1124,57691,19,1788,1034,31637,1357,40298,1052,71935,California
Yolo,2021-03-27,1653,112211,454,51533,1182,58873,17,1805,762,31526,890,41188,779,72714,California
Yolo,2021-03-28,1106,113317,862,52395,226,59099,18,1823,276,30994,826,42014,294,73008,California
Yolo,2021-03-29,2013,115330,822,53217,1161,60260,30,1853,980,30975,1029,43043,1010,74018,California
Yolo,2021-03-30,2269,117599,1068,54285,1178,61438,23,1876,1178,31090,1086,44129,1201,75219,California
Yolo,2021-03-31,2346,119945,1219,55504,1091,62529,36,1912,1198,31179,1147,45276,1236,76455,California
Yolo,2021-04-01,3832,123777,1841,57345,1516,64045,475,2387,1620,31064,2209,47485,2094,78549,California
Yolo,2021-04-02,3379,127156,1505,58850,1730,65775,144,2531,2091,32018,1282,48767,2236,80785,California
Yolo,2021-04-03,1789,128945,1078,59928,496,66271,215,2746,800,32045,988,49755,1015,81800,California
Yolo,2021-04-04,390,129335,153,60081,175,66446,62,2808,147,32011,243,49998,209,82009,California
Yolo,2021-04-05,1901,131236,730,60811,1073,67519,98,2906,1005,32223,891,50889,1103,83112,California
Yolo,2021-04-06,2566,133802,1300,62111,1095,68614,171,3077,1312,32462,1245,52134,1484,84596,California
Yolo,2021-04-07,2973,136775,1512,63623,1110,69724,351,3428,1921,33692,1046,53180,2276,86872,California
Yolo,2021-04-08,2416,139191,1001,64624,942,70666,473,3901,1022,33792,1391,54571,1491,88363,California
Yolo,2021-04-09,2571,141762,913,65537,1081,71747,577,4478,844,33482,1724,56295,1414,89777,California
Yolo,2021-04-10,1731,143493,816,66353,739,72486,176,4654,1024,33978,703,56998,1199,90976,California
Yolo,2021-04-11,887,144380,282,66635,561,73047,44,4698,364,33865,520,57518,407,91383,California
Yolo,2021-04-12,1763,146143,520,67155,1099,74146,144,4842,1091,34432,669,58187,1236,92619,California
Yolo,2021-04-13,1969,148112,911,68066,1058,75204,0,4842,1039,34542,929,59116,1039,93658,California
Yolo,2021-04-14,2757,150869,762,68828,1995,77199,0,4842,1368,34526,1384,60500,1368,95026,California
Yolo,2021-04-15,3305,154174,1132,69960,2173,79372,0,4842,2263,35755,1034,61534,2263,97289,California
Yolo,2021-04-16,3037,157211,1957,71917,1080,80452,0,4842,1934,36592,1097,62631,1934,99223,California
Yolo,2021-04-17,1602,158813,470,72387,1132,81584,0,4842,829,36651,770,63401,829,100052,California
Yolo,2021-04-18,633,159446,305,72692,328,81912,0,4842,354,36729,276,63677,354,100406,California
Yolo,2021-04-19,1664,161110,716,73408,947,82859,1,4843,766,36603,893,64570,767,101173,California
Yolo,2021-04-20,1996,163106,1009,74417,987,83846,0,4843,1071,36751,923,65493,1071,102244,California
Yolo,2021-04-21,1981,165087,983,75400,998,84844,0,4843,1082,36938,895,66388,1082,103326,California
Yolo,2021-04-22,1932,167019,875,76275,1057,85901,0,4843,961,36934,966,67354,962,104288,California
Yolo,2021-04-23,2610,169629,1523,77798,1087,86988,0,4843,1168,36672,1430,68784,1168,105456,California
Yolo,2021-04-24,1154,170783,630,78428,522,87510,2,4845,454,36436,692,69476,456,105912,California
Yolo,2021-04-25,942,171725,401,78829,541,88051,0,4845,722,36939,219,69695,722,106634,California
Yolo,2021-04-26,1177,172902,450,79279,724,88775,3,4848,483,36734,692,70387,487,107121,California
Yolo,2021-04-27,1487,174389,697,79976,781,89556,9,4857,571,36401,915,71302,582,107703,California
Yolo,2021-04-28,2012,176401,995,80971,990,90546,27,4884,704,35827,1305,72607,731,108434,California
Yolo,2021-04-29,1710,178111,789,81760,838,91384,83,4967,650,35501,1059,73666,733,109167,California
Yolo,2021-04-30,2001,180112,988,82748,956,92340,57,5024,958,35479,1037,74703,1015,110182,California
Yolo,2021-05-01,1283,181395,997,83745,266,92606,20,5044,382,34981,900,75603,402,110584,California
Yolo,2021-05-02,495,181890,401,84146,71,92677,23,5067,321,35151,174,75777,344,110928,California
Yolo,2021-05-03,1122,183012,407,84553,681,93358,34,5101,304,34672,816,76593,337,111265,California
Yolo,2021-05-04,1439,184451,659,85212,756,94114,24,5125,487,34235,948,77541,511,111776,California
Yolo,2021-05-05,1551,186002,422,85634,1063,95177,66,5191,438,33633,1106,78647,504,112280,California
Yolo,2021-05-06,1505,187507,700,86334,726,95903,79,5270,501,33222,991,79638,580,112860,California
Yolo,2021-05-07,2299,189806,1373,87707,875,96778,51,5321,458,31897,1833,81471,508,113368,California
Yolo,2021-05-08,825,190631,359,88066,409,97187,57,5378,311,31753,511,81982,367,113735,California
Yolo,2021-05-09,393,191024,163,88229,217,97404,13,5391,90,31554,302,82284,103,113838,California
Yolo,2021-05-10,901,191925,356,88585,499,97903,46,5437,154,31008,745,83029,199,114037,California
Yolo,2021-05-11,1119,193044,649,89234,448,98351,22,5459,274,30462,841,83870,295,114332,California
Yolo,2021-05-12,1494,194538,661,89895,805,99156,28,5487,274,29550,1217,85087,305,114637,California
Yolo,2021-05-13,2052,196590,771,90666,1223,100379,58,5545,583,28726,1465,86552,641,115278,California
Yolo,2021-05-14,1628,198218,1169,91835,431,100810,28,5573,926,28982,699,87251,955,116233,California
Yolo,2021-05-15,743,198961,479,92314,223,101033,41,5614,420,29120,323,87574,461,116694,California
Yuba,2020-12-16,4,4,4,4,0,0,0,0,4,4,0,0,4,4,California
Yuba,2020-12-17,4,8,4,8,0,0,0,0,4,8,0,0,4,8,California
Yuba,2020-12-18,8,16,8,16,0,0,0,0,8,16,0,0,8,16,California
Yuba,2020-12-19,12,28,12,28,0,0,0,0,12,28,0,0,12,28,California
Yuba,2020-12-20,20,48,20,48,0,0,0,0,20,48,0,0,20,48,California
Yuba,2020-12-21,40,88,40,88,0,0,0,0,40,88,0,0,40,88,California
Yuba,2020-12-22,86,174,86,174,0,0,0,0,86,174,0,0,86,174,California
Yuba,2020-12-23,64,238,62,236,2,2,0,0,64,238,0,0,64,238,California
Yuba,2020-12-24,20,258,10,246,10,12,0,0,20,258,0,0,20,258,California
Yuba,2020-12-26,15,273,13,259,2,14,0,0,15,273,0,0,15,273,California
Yuba,2020-12-27,15,288,15,274,0,14,0,0,15,288,0,0,15,288,California
Yuba,2020-12-28,51,339,35,309,16,30,0,0,51,339,0,0,51,339,California
Yuba,2020-12-29,75,414,10,319,65,95,0,0,75,414,0,0,75,414,California
Yuba,2020-12-30,64,478,20,339,44,139,0,0,64,478,0,0,64,478,California
Yuba,2020-12-31,38,516,7,346,31,170,0,0,38,516,0,0,38,516,California
Yuba,2021-01-02,23,539,22,368,1,171,0,0,23,539,0,0,23,539,California
Yuba,2021-01-03,10,549,6,374,4,175,0,0,10,549,0,0,10,549,California
Yuba,2021-01-04,90,639,21,395,69,244,0,0,90,639,0,0,90,639,California
Yuba,2021-01-05,70,709,38,433,32,276,0,0,69,707,1,1,69,708,California
Yuba,2021-01-06,154,863,76,509,78,354,0,0,148,849,6,7,148,856,California
Yuba,2021-01-07,75,938,19,528,56,410,0,0,72,917,4,11,72,928,California
Yuba,2021-01-08,73,1011,25,553,48,458,0,0,66,976,7,18,66,994,California
Yuba,2021-01-09,19,1030,16,569,3,461,0,0,11,979,8,26,11,1005,California
Yuba,2021-01-10,117,1147,22,591,95,556,0,0,95,1052,22,48,95,1100,California
Yuba,2021-01-11,72,1219,50,641,22,578,0,0,32,1044,40,88,32,1132,California
Yuba,2021-01-12,107,1326,77,718,30,608,0,0,42,1021,65,153,42,1174,California
Yuba,2021-01-13,119,1445,72,790,47,655,0,0,54,1011,64,217,54,1228,California
Yuba,2021-01-14,109,1554,43,833,66,721,0,0,97,1096,12,229,97,1325,California
Yuba,2021-01-15,206,1760,88,921,118,839,0,0,195,1280,11,240,195,1520,California
Yuba,2021-01-16,184,1944,21,942,163,1002,0,0,172,1439,13,253,172,1692,California
Yuba,2021-01-17,13,1957,9,951,4,1006,0,0,7,1440,6,259,7,1699,California
Yuba,2021-01-18,60,2017,32,983,28,1034,0,0,35,1450,25,284,35,1734,California
Yuba,2021-01-19,80,2097,29,1012,51,1085,0,0,65,1500,15,299,65,1799,California
Yuba,2021-01-20,133,2230,87,1099,46,1131,0,0,110,1587,23,322,110,1909,California
Yuba,2021-01-21,213,2443,97,1196,116,1247,0,0,205,1784,8,330,205,2114,California
Yuba,2021-01-22,104,2547,7,1203,97,1344,0,0,95,1870,9,339,95,2209,California
Yuba,2021-01-23,200,2747,7,1210,193,1537,0,0,197,2064,3,342,197,2406,California
Yuba,2021-01-24,10,2757,7,1217,3,1540,0,0,8,2070,2,344,8,2414,California
Yuba,2021-01-25,85,2842,29,1246,56,1596,0,0,53,2092,31,375,53,2467,California
Yuba,2021-01-26,148,2990,39,1285,109,1705,0,0,90,2124,58,433,90,2557,California
Yuba,2021-01-27,183,3173,128,1413,55,1760,0,0,115,2171,68,501,115,2672,California
Yuba,2021-01-28,217,3390,79,1492,138,1898,0,0,175,2304,42,543,175,2847,California
Yuba,2021-01-29,158,3548,55,1547,103,2001,0,0,111,2368,47,590,111,2958,California
Yuba,2021-01-30,410,3958,23,1570,387,2388,0,0,399,2756,11,601,399,3357,California
Yuba,2021-01-31,18,3976,12,1582,6,2394,0,0,16,2770,2,603,16,3373,California
Yuba,2021-02-01,155,4131,75,1657,80,2474,0,0,131,2879,23,626,132,3505,California
Yuba,2021-02-02,123,4254,23,1680,100,2574,0,0,101,2958,22,648,101,3606,California
Yuba,2021-02-03,226,4480,29,1709,197,2771,0,0,114,2961,111,759,114,3720,California
Yuba,2021-02-04,296,4776,121,1830,175,2946,0,0,253,3171,43,802,253,3973,California
Yuba,2021-02-05,147,4923,32,1862,115,3061,0,0,71,3166,76,878,71,4044,California
Yuba,2021-02-06,450,5373,26,1888,424,3485,0,0,442,3600,8,886,442,4486,California
Yuba,2021-02-07,18,5391,11,1899,7,3492,0,0,15,3612,3,889,15,4501,California
Yuba,2021-02-08,96,5487,35,1934,61,3553,0,0,66,3648,30,919,66,4567,California
Yuba,2021-02-09,155,5642,57,1991,98,3651,0,0,85,3663,70,989,85,4652,California
Yuba,2021-02-10,352,5994,172,2163,180,3831,0,0,114,3540,237,1226,114,4766,California
Yuba,2021-02-11,396,6390,63,2226,333,4164,0,0,299,3744,95,1321,299,5065,California
Yuba,2021-02-12,265,6655,27,2253,238,4402,0,0,151,3781,114,1435,151,5216,California
Yuba,2021-02-13,437,7092,37,2290,400,4802,0,0,387,4118,50,1485,387,5603,California
Yuba,2021-02-14,54,7146,11,2301,43,4845,0,0,49,4162,5,1490,49,5652,California
Yuba,2021-02-15,87,7233,36,2337,51,4896,0,0,68,4211,19,1509,68,5720,California
Yuba,2021-02-16,199,7432,53,2390,146,5042,0,0,140,4293,58,1567,140,5860,California
Yuba,2021-02-17,372,7804,156,2546,216,5258,0,0,99,4120,272,1839,99,5959,California
Yuba,2021-02-18,318,8122,47,2593,271,5529,0,0,194,4190,124,1963,194,6153,California
Yuba,2021-02-19,224,8346,82,2675,142,5671,0,0,142,4250,82,2045,142,6295,California
Yuba,2021-02-20,390,8736,31,2706,359,6030,0,0,336,4532,54,2099,336,6631,California
Yuba,2021-02-21,17,8753,14,2720,3,6033,0,0,7,4529,10,2109,7,6638,California
Yuba,2021-02-22,128,8881,79,2799,49,6082,0,0,38,4478,89,2198,38,6676,California
Yuba,2021-02-23,113,8994,25,2824,88,6170,0,0,46,4458,66,2264,46,6722,California
Yuba,2021-02-24,482,9476,136,2960,346,6516,0,0,107,4190,375,2639,107,6829,California
Yuba,2021-02-25,344,9820,139,3099,205,6721,0,0,215,4276,129,2768,215,7044,California
Yuba,2021-02-26,256,10076,67,3166,189,6910,0,0,143,4308,111,2879,143,7187,California
Yuba,2021-02-27,472,10548,47,3213,425,7335,0,0,383,4604,87,2966,383,7570,California
Yuba,2021-02-28,66,10614,21,3234,45,7380,0,0,45,4628,21,2987,45,7615,California
Yuba,2021-03-01,156,10770,40,3274,116,7496,0,0,80,4633,75,3062,80,7695,California
Yuba,2021-03-02,160,10930,36,3310,124,7620,0,0,80,4633,80,3142,80,7775,California
Yuba,2021-03-03,622,11552,159,3469,463,8083,0,0,200,4412,421,3563,200,7975,California
Yuba,2021-03-04,466,12018,270,3739,196,8279,0,0,324,4595,141,3704,324,8299,California
Yuba,2021-03-05,317,12335,60,3799,256,8535,1,1,249,4777,68,3772,250,8549,California
Yuba,2021-03-06,474,12809,35,3834,435,8970,4,5,368,5043,106,3878,372,8921,California
Yuba,2021-03-07,49,12858,27,3861,21,8991,1,6,33,5061,16,3894,34,8955,California
Yuba,2021-03-08,160,13018,49,3910,95,9086,16,22,101,5119,59,3953,117,9072,California
Yuba,2021-03-09,178,13196,47,3957,111,9197,20,42,84,5129,94,4047,104,9176,California
Yuba,2021-03-10,737,13933,234,4191,473,9670,30,72,232,4887,504,4551,262,9438,California
Yuba,2021-03-11,438,14371,197,4388,229,9899,12,84,295,5051,143,4694,307,9745,California
Yuba,2021-03-12,461,14832,86,4474,321,10220,54,138,150,4944,311,5005,204,9949,California
Yuba,2021-03-13,455,15287,335,4809,105,10325,15,153,360,5225,94,5099,375,10324,California
Yuba,2021-03-14,107,15394,21,4830,76,10401,10,163,46,5221,60,5159,56,10380,California
Yuba,2021-03-15,190,15584,49,4879,124,10525,17,180,96,5240,94,5253,113,10493,California
Yuba,2021-03-16,290,15874,71,4950,194,10719,25,205,177,5330,112,5365,202,10695,California
Yuba,2021-03-17,739,16613,162,5112,548,11267,29,234,193,5008,544,5909,222,10917,California
Yuba,2021-03-18,582,17195,160,5272,310,11577,112,346,353,5243,229,6138,464,11381,California
Yuba,2021-03-19,327,17522,120,5392,158,11735,49,395,188,5342,138,6276,237,11618,California
Yuba,2021-03-20,556,18078,81,5473,457,12192,18,413,476,5757,79,6355,494,12112,California
Yuba,2021-03-21,60,18138,35,5508,25,12217,0,413,48,5793,12,6367,48,12160,California
Yuba,2021-03-22,190,18328,70,5578,113,12330,7,420,148,5906,42,6409,155,12315,California
Yuba,2021-03-23,264,18592,80,5658,157,12487,27,447,177,6025,85,6494,204,12519,California
Yuba,2021-03-24,769,19361,255,5913,433,12920,81,528,189,5716,578,7072,269,12788,California
Yuba,2021-03-25,501,19862,267,6180,212,13132,22,550,248,5733,253,7325,270,13058,California
Yuba,2021-03-26,392,20254,143,6323,222,13354,27,577,226,5821,165,7490,253,13311,California
Yuba,2021-03-27,459,20713,27,6350,429,13783,3,580,404,6173,54,7544,406,13717,California
Yuba,2021-03-28,99,20812,40,6390,55,13838,4,584,37,6152,62,7606,41,13758,California
Yuba,2021-03-29,295,21107,86,6476,177,14015,32,616,179,6247,116,7722,211,13969,California
Yuba,2021-03-30,274,21381,68,6544,198,14213,8,624,189,6359,85,7807,197,14166,California
Yuba,2021-03-31,667,22048,113,6657,542,14755,12,636,237,6179,429,8236,249,14415,California
Yuba,2021-04-01,620,22668,288,6945,303,15058,29,665,286,6160,334,8570,315,14730,California
Yuba,2021-04-02,493,23161,94,7039,316,15374,83,748,186,6122,306,8876,268,14998,California
Yuba,2021-04-03,653,23814,54,7093,117,15491,482,1230,87,6126,565,9441,569,15567,California
Yuba,2021-04-04,59,23873,11,7104,42,15533,6,1236,34,6141,25,9466,40,15607,California
Yuba,2021-04-05,246,24119,79,7183,146,15679,21,1257,124,6165,120,9586,144,15751,California
Yuba,2021-04-06,354,24473,114,7297,180,15859,60,1317,171,6214,182,9768,231,15982,California
Yuba,2021-04-07,769,25242,396,7693,320,16179,53,1370,346,6192,420,10188,398,16380,California
Yuba,2021-04-08,739,25981,287,7980,190,16369,262,1632,274,6263,464,10652,535,16915,California
Yuba,2021-04-09,396,26377,173,8153,157,16526,66,1698,162,6258,233,10885,228,17143,California
Yuba,2021-04-10,592,26969,71,8224,74,16600,447,2145,70,6254,520,11405,516,17659,California
Yuba,2021-04-11,102,27071,26,8250,64,16664,12,2157,43,6250,59,11464,55,17714,California
Yuba,2021-04-12,210,27281,45,8295,136,16800,29,2186,80,6230,129,11593,109,17823,California
Yuba,2021-04-13,397,27678,103,8398,294,17094,0,2186,204,6242,192,11785,204,18027,California
Yuba,2021-04-14,694,28372,109,8507,585,17679,0,2186,120,5789,573,12358,120,18147,California
Yuba,2021-04-15,336,28708,127,8634,209,17888,0,2186,147,5747,189,12547,147,18294,California
Yuba,2021-04-16,332,29040,100,8734,232,18120,0,2186,178,5771,154,12701,178,18472,California
Yuba,2021-04-17,402,29442,58,8792,344,18464,0,2186,331,6032,70,12771,331,18803,California
Yuba,2021-04-18,52,29494,9,8801,43,18507,0,2186,24,6028,28,12799,24,18827,California
Yuba,2021-04-19,245,29739,102,8903,143,18650,0,2186,104,5991,141,12940,104,18931,California
Yuba,2021-04-20,302,30041,77,8980,225,18875,0,2186,174,6039,127,13067,175,19106,California
Yuba,2021-04-21,700,30741,282,9262,418,19293,0,2186,299,5937,401,13468,299,19405,California
Yuba,2021-04-22,340,31081,132,9394,208,19501,0,2186,184,5965,156,13624,184,19589,California
Yuba,2021-04-23,341,31422,110,9504,231,19732,0,2186,162,5949,178,13802,162,19751,California
Yuba,2021-04-24,216,31638,68,9572,148,19880,0,2186,123,5979,93,13895,123,19874,California
Yuba,2021-04-25,73,31711,30,9602,43,19923,0,2186,36,5978,37,13932,36,19910,California
Yuba,2021-04-26,224,31935,54,9656,166,20089,4,2190,102,5962,122,14054,106,20016,California
Yuba,2021-04-27,472,32407,162,9818,300,20389,10,2200,233,5968,237,14291,243,20259,California
Yuba,2021-04-28,430,32837,174,9992,251,20640,5,2205,144,5837,280,14571,149,20408,California
Yuba,2021-04-29,426,33263,63,10055,362,21002,1,2206,144,5701,281,14852,145,20553,California
Yuba,2021-04-30,328,33591,93,10148,206,21208,29,2235,140,5684,186,15038,169,20722,California
Yuba,2021-05-01,205,33796,91,10239,96,21304,18,2253,93,5684,111,15149,111,20833,California
Yuba,2021-05-02,64,33860,34,10273,26,21330,4,2257,37,5698,27,15176,41,20874,California
Yuba,2021-05-03,142,34002,66,10339,67,21397,9,2266,45,5658,94,15270,54,20928,California
Yuba,2021-05-04,318,34320,94,10433,203,21600,21,2287,140,5641,178,15448,161,21089,California
Yuba,2021-05-05,315,34635,78,10511,231,21831,6,2293,114,5560,201,15649,120,21209,California
Yuba,2021-05-06,275,34910,103,10614,134,21965,38,2331,90,5506,182,15831,128,21337,California
Yuba,2021-05-07,359,35269,95,10709,235,22200,29,2360,121,5417,238,16069,149,21486,California
Yuba,2021-05-08,104,35373,32,10741,69,22269,3,2363,46,5408,58,16127,49,21535,California
Yuba,2021-05-09,52,35425,23,10764,26,22295,3,2366,37,5433,15,16142,40,21575,California
Yuba,2021-05-10,170,35595,55,10819,97,22392,18,2384,54,5390,115,16257,72,21647,California
Yuba,2021-05-11,363,35958,160,10979,191,22583,12,2396,135,5310,226,16483,146,21793,California
Yuba,2021-05-12,242,36200,118,11097,118,22701,6,2402,91,5256,151,16634,97,21890,California
Yuba,2021-05-13,324,36524,186,11283,96,22797,42,2444,108,5191,215,16849,150,22040,California
Yuba,2021-05-14,227,36751,44,11327,165,22962,18,2462,76,5133,151,17000,93,22133,California
Yuba,2021-05-15,313,37064,40,11367,259,23221,14,2476,46,4927,266,17266,60,22193,California
