county,administered_date,total_doses,cumulative_total_doses,pfizer_doses,cumulative_pfizer_doses,moderna_doses,cumulative_moderna_doses,jj_doses,cumulative_jj_doses,partially_vaccinated,total_partially_vaccinated,fully_vaccinated,cumulative_fully_vaccinated,at_least_one_dose,cumulative_at_least_one_dose,california_flag
All CA Counties,2020-12-15,1139,1139,1139,1139,0,0,0,0,1139,1139,0,0,1139,1139,
All CA Counties,2020-12-16,8432,9571,8432,9571,0,0,0,0,8432,9571,0,0,8432,9571,
All CA Counties,2020-12-17,25879,35450,25879,35450,0,0,0,0,25881,35452,0,0,25881,35452,
All CA Counties,2020-12-18,43909,79359,43853,79303,56,56,0,0,43910,79362,0,0,43910,79362,
All CA Counties,2020-12-19,25321,104680,25296,104599,25,81,0,0,25320,104681,1,1,25320,104682,
All CA Counties,2020-12-20,19024,123704,18997,123596,27,108,0,0,19023,123703,1,2,19023,123705,
All CA Counties,2020-12-21,49717,173421,49631,173227,86,194,0,0,49719,173421,2,4,49720,173425,
All CA Counties,2020-12-22,50090,223511,47963,221190,2127,2321,0,0,50088,223508,1,5,50088,223513,
All CA Counties,2020-12-23,50720,274231,41946,263136,8774,11095,0,0,50716,274223,4,9,50719,274232,
All CA Counties,2020-12-24,24118,298349,16397,279533,7721,18816,0,0,24115,298337,3,12,24117,298349,
All CA Counties,2020-12-25,2352,300701,2029,281562,323,19139,0,0,2352,300689,0,12,2352,300701,
All CA Counties,2020-12-26,14711,315412,9465,291027,5246,24385,0,0,14709,315397,1,13,14709,315410,
All CA Counties,2020-12-27,9440,324852,5590,296617,3850,28235,0,0,9439,324835,1,14,9439,324849,
All CA Counties,2020-12-28,45878,370730,29430,326047,16448,44683,0,0,45876,370708,3,17,45876,370725,
All CA Counties,2020-12-29,50998,421728,28435,354482,22563,67246,0,0,50994,421699,3,20,50994,421719,
All CA Counties,2020-12-30,62878,484606,35523,390005,27355,94601,0,0,62870,484566,6,26,62873,484592,
All CA Counties,2020-12-31,29350,513956,10859,400864,18491,113092,0,0,29341,513901,7,33,29342,513934,
All CA Counties,2021-01-01,4188,518144,1867,402731,2321,115413,0,0,4184,518082,3,36,4184,518118,
All CA Counties,2021-01-02,18435,536579,10360,413091,8075,123488,0,0,18434,536516,0,36,18434,536552,
All CA Counties,2021-01-03,6167,542746,3654,416745,2513,126001,0,0,6138,542642,12,48,6138,542690,
All CA Counties,2021-01-04,43580,586326,22210,438955,21370,147371,0,0,43501,586101,42,90,43501,586191,
All CA Counties,2021-01-05,56492,642818,30096,469051,26396,173767,0,0,51033,631824,5402,5492,51125,637316,
All CA Counties,2021-01-06,73334,716152,40635,509686,32699,206466,0,0,57942,674585,15213,20705,57974,695290,
All CA Counties,2021-01-07,92001,808153,52441,562127,39560,246026,0,0,61312,705426,30521,51226,61362,756652,
All CA Counties,2021-01-08,106674,914827,64171,626298,42503,288529,0,0,65484,729918,41056,92282,65548,822200,
All CA Counties,2021-01-09,44308,959135,25557,651855,18751,307280,0,0,27786,741233,16498,108780,27813,850013,
All CA Counties,2021-01-10,24306,983441,15016,666871,9290,316570,0,0,13074,743109,11215,119995,13091,863104,
All CA Counties,2021-01-11,104456,1087897,69501,736372,34955,351525,0,0,60622,760108,43792,163787,60791,923895,
All CA Counties,2021-01-12,113383,1201280,67129,803501,46254,397779,0,0,72382,791800,40922,204709,72614,996509,
All CA Counties,2021-01-13,119045,1320325,61777,865278,57268,455047,0,0,85347,843614,33612,238321,85426,1081935,
All CA Counties,2021-01-14,123692,1444017,49591,914869,74101,529148,0,0,104123,928435,19464,257785,104285,1186220,
All CA Counties,2021-01-15,141708,1585725,51799,966668,89909,619057,0,0,126670,1040366,14945,272730,126876,1313096,
All CA Counties,2021-01-16,80363,1666088,27324,993992,53039,672096,0,0,72807,1105693,7530,280260,72857,1385953,
All CA Counties,2021-01-17,48097,1714185,16797,1010789,31300,703396,0,0,44461,1146572,3629,283889,44508,1430461,
All CA Counties,2021-01-18,88064,1802249,45956,1056745,42108,745504,0,0,68782,1196309,19207,303096,68944,1499405,
All CA Counties,2021-01-19,141834,1944083,73576,1130321,68258,813762,0,0,110718,1276326,31024,334120,111041,1610446,
All CA Counties,2021-01-20,160142,2104225,81881,1212202,78261,892023,0,0,126600,1369858,33324,367444,126856,1737302,
All CA Counties,2021-01-21,173173,2277398,76874,1289076,96299,988322,0,0,154101,1505444,18862,386306,154448,1891750,
All CA Counties,2021-01-22,169357,2446755,69169,1358245,100188,1088510,0,0,155093,1646549,14132,400438,155237,2046987,
All CA Counties,2021-01-23,111220,2557975,49430,1407675,61790,1150300,0,0,98731,1732962,12431,412869,98844,2145831,
All CA Counties,2021-01-24,60961,2618936,29484,1437159,31477,1181777,0,0,56318,1784727,4613,417482,56378,2202209,
All CA Counties,2021-01-25,145031,2763967,65361,1502520,79670,1261447,0,0,109968,1860112,34938,452420,110323,2312532,
All CA Counties,2021-01-26,168383,2932350,82737,1585257,85646,1347093,0,0,130987,1954091,37265,489685,131244,2443776,
All CA Counties,2021-01-27,181920,3114270,87703,1672960,94217,1441310,0,0,142685,2058067,38919,528604,142895,2586671,
All CA Counties,2021-01-28,187542,3301812,86535,1759495,101007,1542317,0,0,153485,2177989,33772,562376,153694,2740365,
All CA Counties,2021-01-29,183286,3485098,88224,1847719,95062,1637379,0,0,148736,2292911,33980,596356,148902,2889267,
All CA Counties,2021-01-30,123370,3608468,55644,1903363,67726,1705105,0,0,107996,2385835,15211,611567,108135,2997402,
All CA Counties,2021-01-31,68963,3677431,38641,1942004,30322,1735427,0,0,64200,2445375,4714,616281,64254,3061656,
All CA Counties,2021-02-01,161783,3839214,75985,2017989,85798,1821225,0,0,121131,2526137,40495,656776,121257,3182913,
All CA Counties,2021-02-02,184421,4023635,77701,2095690,106720,1927945,0,0,140163,2622539,43982,700758,140384,3323297,
All CA Counties,2021-02-03,210758,4234393,95515,2191205,115243,2043188,0,0,156471,2725462,53791,754549,156714,3480011,
All CA Counties,2021-02-04,227609,4462002,99734,2290939,127875,2171063,0,0,167113,2832969,59962,814511,167469,3647480,
All CA Counties,2021-02-05,245701,4707703,106309,2397248,139392,2310455,0,0,167036,2922625,77900,892411,167556,3815036,
All CA Counties,2021-02-06,154720,4862423,74825,2472073,79895,2390350,0,0,119996,3008551,34560,926971,120486,3935522,
All CA Counties,2021-02-07,66801,4929224,43194,2515267,23607,2413957,0,0,50393,3043063,16331,943302,50843,3986365,
All CA Counties,2021-02-08,180578,5109802,88825,2604092,91753,2505710,0,0,119219,3102089,60931,1004233,119957,4106322,
All CA Counties,2021-02-09,211202,5321004,102122,2706214,109080,2614790,0,0,126696,3145864,84058,1088291,127833,4234155,
All CA Counties,2021-02-10,248239,5569243,119598,2825812,128641,2743431,0,0,137850,3175608,109579,1197870,139323,4373478,
All CA Counties,2021-02-11,265101,5834344,131284,2957096,133817,2877248,0,0,144927,3203245,119070,1316940,146707,4520185,
All CA Counties,2021-02-12,272026,6106370,119250,3076346,152776,3030024,0,0,146898,3228220,124278,1441218,149253,4669438,
All CA Counties,2021-02-13,166685,6273055,77240,3153586,89445,3119469,0,0,92165,3248181,74153,1515371,94114,4763552,
All CA Counties,2021-02-14,95245,6368300,47374,3200960,47871,3167340,0,0,51589,3257818,43492,1558863,53129,4816681,
All CA Counties,2021-02-15,142272,6510572,62403,3263363,79869,3247209,0,0,78770,3276579,63129,1621992,81890,4898571,
All CA Counties,2021-02-16,248614,6759186,117952,3381315,130662,3377871,0,0,133080,3297591,115160,1737152,136172,5034743,
All CA Counties,2021-02-17,258723,7017909,128743,3510058,129980,3507851,0,0,128947,3300497,129241,1866393,132147,5166890,
All CA Counties,2021-02-18,272319,7290228,142018,3652076,130301,3638152,0,0,131721,3296521,139904,2006297,135928,5302818,
All CA Counties,2021-02-19,252228,7542456,146294,3798370,105934,3744086,0,0,130296,3307440,121447,2127744,132366,5435184,
All CA Counties,2021-02-20,152565,7695021,97815,3896185,54750,3798836,0,0,84039,3325178,68268,2196012,86006,5521190,
All CA Counties,2021-02-21,81972,7776993,67935,3964120,14037,3812873,0,0,41300,3327610,40437,2236449,42869,5564059,
All CA Counties,2021-02-22,163627,7940620,109775,4073895,53852,3866725,0,0,82028,3330084,81284,2317733,83758,5647817,
All CA Counties,2021-02-23,225157,8165777,119281,4193176,105876,3972601,0,0,104978,3321453,119587,2437320,110956,5758773,
All CA Counties,2021-02-24,282690,8448467,142881,4336057,139809,4112410,0,0,134330,3315574,147741,2585061,141862,5900635,
All CA Counties,2021-02-25,319687,8768154,157396,4493453,162291,4274701,0,0,167289,3339681,151714,2736775,175821,6076456,
All CA Counties,2021-02-26,353090,9121244,164287,4657740,188803,4463504,0,0,196945,3388637,155245,2892020,204201,6280657,
All CA Counties,2021-02-27,251242,9372486,122028,4779768,129194,4592698,20,20,142714,3427857,107915,2999935,147135,6427792,
All CA Counties,2021-02-28,130304,9502790,77919,4857687,52380,4645078,5,25,76132,3453079,53752,3053687,78974,6506766,
All CA Counties,2021-03-01,239619,9742409,127683,4985370,111844,4756922,92,117,138362,3495004,100518,3154205,142443,6649209,
All CA Counties,2021-03-02,288695,10031104,146083,5131453,142593,4899515,19,136,174468,3562644,113721,3267926,181361,6830570,
All CA Counties,2021-03-03,331682,10362786,164566,5296019,167063,5066578,53,189,191136,3621264,139868,3407794,198488,7029058,
All CA Counties,2021-03-04,350906,10713692,177636,5473655,173181,5239759,89,278,206118,3690445,144044,3551838,213225,7242283,
All CA Counties,2021-03-05,339279,11052971,167044,5640699,171113,5410872,1122,1400,211452,3783246,127019,3678857,219820,7462103,
All CA Counties,2021-03-06,259292,11312263,133113,5773812,118380,5529252,7799,9199,161384,3859620,97497,3776354,173871,7635974,
All CA Counties,2021-03-07,127498,11439761,78443,5852255,44966,5574218,4089,13288,79946,3899957,47366,3823720,87703,7723677,
All CA Counties,2021-03-08,218646,11658407,106237,5958492,102017,5676235,10392,23680,143304,3983644,74966,3898686,158653,7882330,
All CA Counties,2021-03-09,291255,11949662,139346,6097838,136037,5812272,15872,39552,163646,4040080,127133,4025819,183569,8065899,
All CA Counties,2021-03-10,322393,12272055,160892,6258730,137065,5949337,24436,63988,174933,4096786,146815,4172634,203521,8269420,
All CA Counties,2021-03-11,376392,12648447,181941,6440671,161150,6110487,33301,97289,193583,4145989,181893,4354527,231096,8500516,
All CA Counties,2021-03-12,394712,13043159,176539,6617210,171902,6282389,46271,143560,194314,4191105,199612,4554139,244728,8745244,
All CA Counties,2021-03-13,283064,13326223,124864,6742074,127094,6409483,31106,174666,153220,4250425,129398,4683537,188718,8933962,
All CA Counties,2021-03-14,154816,13481039,83237,6825311,56498,6465981,15081,189747,78853,4270944,75684,4759221,96203,9030165,
All CA Counties,2021-03-15,290281,13771320,138703,6964014,131039,6597020,20539,210286,158282,4321857,131283,4890504,182196,9212361,
All CA Counties,2021-03-16,369931,14141251,173760,7137774,178891,6775911,17280,227566,214817,4402768,154389,5044893,235300,9447661,
All CA Counties,2021-03-17,383063,14524314,189504,7327278,175031,6950942,18528,246094,237623,4516798,144633,5189526,258663,9706324,
All CA Counties,2021-03-18,400501,14924815,205185,7532463,177345,7128287,17971,264065,238683,4614778,160737,5350263,258717,9965041,
All CA Counties,2021-03-19,410435,15335250,215830,7748293,173041,7301328,21564,285629,239613,4708074,169860,5520123,263156,10228197,
All CA Counties,2021-03-20,294578,15629828,154980,7903273,123749,7425077,15849,301478,186915,4805270,107008,5627131,204204,10432401,
All CA Counties,2021-03-21,143558,15773386,99257,8002530,36787,7461864,7514,308992,90143,4851207,53067,5680198,99004,10531405,
All CA Counties,2021-03-22,272949,16046335,159036,8161566,102725,7564589,11188,320180,178909,4951023,93284,5773482,193100,10724505,
All CA Counties,2021-03-23,356924,16403259,196519,8358085,149353,7713942,11052,331232,219714,5048053,136312,5909794,233342,10957847,
All CA Counties,2021-03-24,387101,16790360,221861,8579946,152792,7866734,12448,343680,225981,5128677,159902,6069696,240526,11198373,
All CA Counties,2021-03-25,417336,17207696,230126,8810072,172415,8039149,14795,358475,237246,5204084,178798,6248494,254205,11452578,
All CA Counties,2021-03-26,434576,17642272,232686,9042758,185829,8224978,16061,374536,235286,5260191,198095,6446589,254202,11706780,
All CA Counties,2021-03-27,312105,17954377,166279,9209037,134052,8359030,11774,386310,158102,5279120,153195,6599784,172124,11878904,
All CA Counties,2021-03-28,169082,18123459,108882,9317919,56624,8415654,3576,389886,89635,5295245,79001,6678785,95126,11974030,
All CA Counties,2021-03-29,309906,18433365,167377,9485296,133492,8549146,9037,398923,173352,5344336,135809,6814594,184900,12158930,
All CA Counties,2021-03-30,397987,18831352,201840,9687136,177962,8727108,18185,417108,224188,5415473,173030,6987624,244167,12403097,
All CA Counties,2021-03-31,425903,19257255,231926,9919062,172320,8899428,21657,438765,238312,5489908,186605,7174229,261040,12664137,
All CA Counties,2021-04-01,490655,19747910,251818,10170880,198670,9098098,40167,478932,271186,5584302,218199,7392428,312593,12976730,
All CA Counties,2021-04-02,472855,20220765,230784,10401664,199016,9297114,43055,521987,257259,5672006,214393,7606821,302097,13278827,
All CA Counties,2021-04-03,329161,20549926,167678,10569342,120106,9417220,41377,563364,164236,5714453,164305,7771126,206752,13485579,
All CA Counties,2021-04-04,132351,20682277,69065,10638407,44273,9461493,19013,582377,58136,5717819,73929,7845055,77295,13562874,
All CA Counties,2021-04-05,352850,21035127,182004,10820411,131251,9592744,39595,621972,174242,5756261,177927,8022982,216369,13779243,
All CA Counties,2021-04-06,456527,21491654,231513,11051924,159638,9752382,65376,687348,221582,5811318,234040,8257022,289097,14068340,
All CA Counties,2021-04-07,470697,21962351,244613,11296537,156354,9908736,69730,757078,229611,5871853,240177,8497199,300712,14369052,
All CA Counties,2021-04-08,497588,22459939,251272,11547809,162364,10071100,83952,841030,234470,5931092,262029,8759228,321268,14690320,
All CA Counties,2021-04-09,492767,22952706,245978,11793787,167373,10238473,79416,920446,227325,5977183,264443,9023671,310534,15000854,
All CA Counties,2021-04-10,365541,23318247,167495,11961282,124156,10362629,73890,994336,153547,5996458,211287,9234958,230562,15231416,
All CA Counties,2021-04-11,186499,23504746,104641,12065923,47860,10410489,33998,1028334,77004,6001256,109164,9344122,113962,15345378,
All CA Counties,2021-04-12,337326,23842072,173222,12239145,126276,10536765,37828,1066162,156260,6018679,180161,9524283,197584,15542962,
All CA Counties,2021-04-13,430069,24272141,240720,12479865,188416,10725181,933,1067095,240218,6073911,188899,9713182,244131,15787093,
All CA Counties,2021-04-14,448121,24720262,251499,12731364,196339,10921520,283,1067378,234497,6100629,212511,9925693,239229,16026322,
All CA Counties,2021-04-15,489140,25209402,285022,13016386,203879,11125399,239,1067617,274405,6164687,213347,10139040,277405,16303727,
All CA Counties,2021-04-16,473864,25683266,266924,13283310,206633,11332032,307,1067924,253027,6200738,219668,10358708,255719,16559446,
All CA Counties,2021-04-17,340034,26023300,190480,13473790,149513,11481545,41,1067965,193498,6251648,145743,10504451,196653,16756099,
All CA Counties,2021-04-18,153907,26177207,97734,13571524,56157,11537702,16,1067981,79190,6259502,74334,10578785,82188,16838287,
All CA Counties,2021-04-19,316900,26494107,182913,13754437,133900,11671602,87,1068068,150010,6245427,166032,10744817,151957,16990244,
All CA Counties,2021-04-20,406064,26900171,216130,13970567,189868,11861470,66,1068134,202443,6248357,202624,10947441,205554,17195798,
All CA Counties,2021-04-21,418538,27318709,237530,14208097,180748,12042218,260,1068394,200963,6236439,216214,11163655,204296,17400094,
All CA Counties,2021-04-22,445345,27764054,253954,14462051,191316,12233534,75,1068469,198963,6193572,245056,11408711,202189,17602283,
All CA Counties,2021-04-23,436731,28200785,248946,14710997,187698,12421232,87,1068556,197699,6156947,237680,11646391,201055,17803338,
All CA Counties,2021-04-24,322633,28523418,204064,14915061,118406,12539638,163,1068719,163673,6165947,158043,11804434,167043,17970381,
All CA Counties,2021-04-25,149248,28672666,98499,15013560,50683,12590321,66,1068785,80388,6179379,68428,11872862,81860,18052241,
All CA Counties,2021-04-26,279474,28952140,164045,15177605,113972,12704293,1457,1070242,121267,6149127,157293,12030155,127041,18179282,
All CA Counties,2021-04-27,348425,29300565,194147,15371752,148865,12853158,5413,1075655,140453,6091083,206904,12237059,148860,18328142,
All CA Counties,2021-04-28,346911,29647476,199134,15570886,139955,12993113,7822,1083477,141292,6037859,204615,12441674,151391,18479533,
All CA Counties,2021-04-29,355674,30003150,204954,15775840,142894,13136007,7826,1091303,128206,5949331,226373,12668047,137845,18617378,
All CA Counties,2021-04-30,370958,30374108,213125,15988965,149046,13285053,8787,1100090,140271,5870796,229494,12897541,150959,18768337,
All CA Counties,2021-05-01,246000,30620108,157335,16146300,82646,13367699,6019,1106109,89420,5812596,155837,13053378,97637,18865974,
All CA Counties,2021-05-02,115374,30735482,80303,16226603,31252,13398951,3819,1109928,40842,5783466,74156,13127534,45026,18911000,
All CA Counties,2021-05-03,250645,30986127,154792,16381395,87200,13486151,8653,1118581,75933,5694965,173931,13301465,85430,18996430,
All CA Counties,2021-05-04,324212,31310339,197762,16579157,116760,13602911,9690,1128271,95718,5574054,227459,13528924,106548,19102978,
All CA Counties,2021-05-05,327507,31637846,203659,16782816,113894,13716805,9954,1138225,92150,5442925,234198,13763122,103069,19206047,
All CA Counties,2021-05-06,346391,31984237,226200,17009016,109762,13826567,10429,1148654,88190,5287377,256654,14019776,101106,19307153,
All CA Counties,2021-05-07,343245,32327482,215291,17224307,118165,13944732,9789,1158443,93324,5143089,248623,14268399,104335,19411488,
All CA Counties,2021-05-08,222816,32550298,141268,17365575,74878,14019610,6670,1165113,61247,5051881,160543,14428942,69335,19480823,
All CA Counties,2021-05-09,92978,32643276,69899,17435474,20107,14039717,2972,1168085,25457,5013657,67074,14496016,28850,19509673,
All CA Counties,2021-05-10,200037,32843313,113875,17549349,78448,14118165,7714,1175799,49701,4922862,149467,14645483,58672,19568345,
All CA Counties,2021-05-11,258166,33101479,144630,17693979,105444,14223609,8092,1183891,67998,4811312,189284,14834767,77734,19646079,
All CA Counties,2021-05-12,251824,33353303,144636,17838615,98874,14322483,8314,1192205,68928,4707637,181952,15016719,78277,19724356,
All CA Counties,2021-05-13,289084,33642387,185655,18024270,96405,14418888,7024,1199229,107758,4644716,180204,15196923,117283,19841639,
All CA Counties,2021-05-14,331305,33973692,212173,18236443,110439,14529327,8693,1207922,130799,4586912,199369,15396292,141565,19983204,
All CA Counties,2021-05-15,272674,34246366,190781,18427224,76060,14605387,5833,1213755,112340,4546510,159530,15555822,119128,20102332,
All CA Counties,2021-05-16,134400,34380766,102874,18530098,28612,14633999,2914,1216669,54741,4525310,79234,15635056,58034,20160366,
All CA Counties,2021-05-17,236427,34617193,155922,18686020,73245,14707244,7260,1223929,98817,4495544,136775,15771831,107009,20267375,
All CA Counties,2021-05-18,276738,34893931,169123,18855143,100313,14807557,7302,1231231,113358,4455306,162274,15934105,122036,20389411,
All CA Counties,2021-05-19,270858,35164789,169348,19024491,94150,14901707,7360,1238591,116423,4426734,153437,16087542,124865,20514276,
All CA Counties,2021-05-20,222072,35386861,132996,19157487,81850,14983557,7226,1245817,88706,4391486,132433,16219975,97185,20611461,
All CA Counties,2021-05-21,238930,35625791,147934,19305421,83942,15067499,7054,1252871,93396,4348392,144526,16364501,101432,20712893,
All CA Counties,2021-05-22,166301,35792092,111866,19417287,48986,15116485,5449,1258320,73361,4335714,92354,16456855,79676,20792569,
All CA Counties,2021-05-23,61050,35853142,45895,19463182,13031,15129516,2124,1260444,28311,4333895,32469,16489324,30650,20823219,
All CA Counties,2021-05-24,164161,36017303,95328,19558510,60723,15190239,8110,1268554,64552,4308520,98862,16588186,73487,20896706,
All CA Counties,2021-05-25,185145,36202448,108907,19667417,68465,15258704,7773,1276327,73239,4279668,110955,16699141,82103,20978809,
All CA Counties,2021-05-26,177750,36380198,102219,19769636,68026,15326730,7505,1283832,71469,4254015,105296,16804437,79643,21058452,
All CA Counties,2021-05-27,166673,36546871,95510,19865146,63112,15389842,8051,1291883,69527,4236223,96372,16900809,78580,21137032,
All CA Counties,2021-05-28,180178,36727049,104506,19969652,69041,15458883,6631,1298514,78531,4221621,100820,17001629,86218,21223250,
All CA Counties,2021-05-29,101274,36828323,62734,20032386,34939,15493822,3601,1302115,48113,4221146,52671,17054300,52196,21275446,
All CA Counties,2021-05-30,45500,36873823,30294,20062680,12901,15506723,2305,1304420,20547,4219469,24742,17079042,23065,21298511,
All CA Counties,2021-05-31,9805,36883628,5053,20067733,3998,15510721,754,1305174,3141,4216828,6609,17085651,3968,21302479,
All CA and Non-CA Counties,2020-12-15,1146,1146,1146,1146,0,0,0,0,1146,1146,0,0,1146,1146,
All CA and Non-CA Counties,2020-12-16,8704,9850,8704,9850,0,0,0,0,8704,9850,0,0,8704,9850,
All CA and Non-CA Counties,2020-12-17,27479,37329,27479,37329,0,0,0,0,27479,37329,0,0,27479,37329,
All CA and Non-CA Counties,2020-12-18,46461,83790,46398,83727,63,63,0,0,46461,83790,0,0,46461,83790,
All CA and Non-CA Counties,2020-12-19,26358,110148,26332,110059,26,89,0,0,26357,110146,1,1,26357,110147,
All CA and Non-CA Counties,2020-12-20,19706,129854,19676,129735,30,119,0,0,19705,129850,1,2,19705,129852,
All CA and Non-CA Counties,2020-12-21,51906,181760,51817,181552,89,208,0,0,51904,181753,2,4,51905,181757,
All CA and Non-CA Counties,2020-12-22,52175,233935,49974,231526,2201,2409,0,0,52173,233925,1,5,52173,233930,
All CA and Non-CA Counties,2020-12-23,52252,286187,43338,274864,8914,11323,0,0,52247,286171,4,9,52250,286180,
All CA and Non-CA Counties,2020-12-24,24923,311110,17009,291873,7914,19237,0,0,24920,311090,3,12,24922,311102,
All CA and Non-CA Counties,2020-12-25,2386,313496,2058,293931,328,19565,0,0,2386,313476,0,12,2386,313488,
All CA and Non-CA Counties,2020-12-26,15018,328514,9668,303599,5350,24915,0,0,15016,328491,1,13,15016,328504,
All CA and Non-CA Counties,2020-12-27,9630,338144,5664,309263,3966,28881,0,0,9629,338119,1,14,9629,338133,
All CA and Non-CA Counties,2020-12-28,47292,385436,30325,339588,16967,45848,0,0,47289,385405,3,17,47289,385422,
All CA and Non-CA Counties,2020-12-29,52543,437979,29450,369038,23093,68941,0,0,52539,437941,3,20,52539,437961,
All CA and Non-CA Counties,2020-12-30,64848,502827,36806,405844,28042,96983,0,0,64840,502778,6,26,64843,502804,
All CA and Non-CA Counties,2020-12-31,30469,533296,11460,417304,19009,115992,0,0,30458,533229,8,34,30459,533263,
All CA and Non-CA Counties,2021-01-01,4300,537596,1892,419196,2408,118400,0,0,4296,537522,3,37,4296,537559,
All CA and Non-CA Counties,2021-01-02,18675,556271,10492,429688,8183,126583,0,0,18673,556194,1,38,18673,556232,
All CA and Non-CA Counties,2021-01-03,6337,562608,3745,433433,2592,129175,0,0,6308,562490,12,50,6308,562540,
All CA and Non-CA Counties,2021-01-04,44733,607341,22727,456160,22006,151181,0,0,44648,607095,43,93,44648,607188,
All CA and Non-CA Counties,2021-01-05,58038,665379,30913,487073,27125,178306,0,0,52387,653983,5592,5685,52480,659668,
All CA and Non-CA Counties,2021-01-06,76041,741420,42234,529307,33807,212113,0,0,59911,697979,15947,21632,59943,719611,
All CA and Non-CA Counties,2021-01-07,96208,837628,55042,584349,41166,253279,0,0,63865,729723,32173,53805,63917,783528,
All CA and Non-CA Counties,2021-01-08,111184,948812,67088,651437,44096,297375,0,0,68123,754995,42918,96723,68190,851718,
All CA and Non-CA Counties,2021-01-09,45630,994442,26091,677528,19539,316914,0,0,28781,766980,16825,113548,28810,880528,
All CA and Non-CA Counties,2021-01-10,24610,1019052,15198,692726,9412,326326,0,0,13257,768918,11336,124884,13274,893802,
All CA and Non-CA Counties,2021-01-11,107773,1126825,71526,764252,36247,362573,0,0,62611,786579,45119,170003,62780,956582,
All CA and Non-CA Counties,2021-01-12,117265,1244090,69454,833706,47811,410384,0,0,74723,819080,42458,212461,74959,1031541,
All CA and Non-CA Counties,2021-01-13,122730,1366820,63587,897293,59143,469527,0,0,87862,872241,34783,247244,87944,1119485,
All CA and Non-CA Counties,2021-01-14,127415,1494235,50870,948163,76545,546072,0,0,107206,959520,20091,267335,107370,1226855,
All CA and Non-CA Counties,2021-01-15,145951,1640186,52795,1000958,93156,639228,0,0,130446,1074773,15399,282734,130652,1357507,
All CA and Non-CA Counties,2021-01-16,83063,1723249,27716,1028674,55347,694575,0,0,75331,1142450,7704,290438,75381,1432888,
All CA and Non-CA Counties,2021-01-17,48600,1771849,16954,1045628,31646,726221,0,0,44913,1183730,3680,294118,44960,1477848,
All CA and Non-CA Counties,2021-01-18,89311,1861160,46774,1092402,42537,768758,0,0,69573,1233803,19662,313780,69735,1547583,
All CA and Non-CA Counties,2021-01-19,145929,2007089,74919,1167321,71010,839768,0,0,113922,1316137,31914,345694,114248,1661831,
All CA and Non-CA Counties,2021-01-20,164648,2171737,83365,1250686,81283,921051,0,0,130119,1412205,34308,380002,130376,1792207,
All CA and Non-CA Counties,2021-01-21,177366,2349103,78053,1328739,99313,1020364,0,0,157732,1550873,19411,399413,158079,1950286,
All CA and Non-CA Counties,2021-01-22,174034,2523137,70288,1399027,103746,1124110,0,0,159368,1695856,14530,413943,159513,2109799,
All CA and Non-CA Counties,2021-01-23,113506,2636643,49770,1448797,63736,1187846,0,0,100855,1784231,12593,426536,100968,2210767,
All CA and Non-CA Counties,2021-01-24,61571,2698214,29732,1478529,31839,1219685,0,0,56852,1836453,4690,431226,56912,2267679,
All CA and Non-CA Counties,2021-01-25,149580,2847794,67329,1545858,82251,1301936,0,0,113613,1914583,35839,467065,113969,2381648,
All CA and Non-CA Counties,2021-01-26,174423,3022217,85706,1631564,88717,1390653,0,0,136161,2012875,38133,505198,136425,2518073,
All CA and Non-CA Counties,2021-01-27,186966,3209183,90386,1721950,96580,1487233,0,0,147093,2120627,39552,544750,147304,2665377,
All CA and Non-CA Counties,2021-01-28,192989,3402172,89532,1811482,103457,1590690,0,0,158330,2244799,34367,579117,158539,2823916,
All CA and Non-CA Counties,2021-01-29,188350,3590522,91439,1902921,96911,1687601,0,0,153014,2363216,34765,613882,153182,2977098,
All CA and Non-CA Counties,2021-01-30,127870,3718392,58092,1961013,69778,1757379,0,0,112264,2460176,15444,629326,112404,3089502,
All CA and Non-CA Counties,2021-01-31,72033,3790425,41291,2002304,30742,1788121,0,0,67217,2522681,4767,634093,67272,3156774,
All CA and Non-CA Counties,2021-02-01,167334,3957759,78592,2080896,88742,1876863,0,0,125966,2607568,41205,675298,126092,3282866,
All CA and Non-CA Counties,2021-02-02,191273,4149032,79923,2160819,111350,1988213,0,0,146286,2709372,44703,720001,146507,3429373,
All CA and Non-CA Counties,2021-02-03,218110,4367142,97627,2258446,120483,2108696,0,0,162941,2817892,54665,774666,163185,3592558,
All CA and Non-CA Counties,2021-02-04,234464,4601606,101962,2360408,132502,2241198,0,0,172964,2930256,60957,835623,173321,3765879,
All CA and Non-CA Counties,2021-02-05,252524,4854130,108555,2468963,143969,2385167,0,0,172785,3024591,78970,914593,173305,3939184,
All CA and Non-CA Counties,2021-02-06,159171,5013301,76998,2545961,82173,2467340,0,0,123974,3114033,35025,949618,124467,4063651,
All CA and Non-CA Counties,2021-02-07,69044,5082345,45049,2591010,23995,2491335,0,0,52554,3150626,16413,966031,53006,4116657,
All CA and Non-CA Counties,2021-02-08,185977,5268322,92251,2683261,93726,2585061,0,0,123521,3212868,62017,1028048,124259,4240916,
All CA and Non-CA Counties,2021-02-09,215507,5483829,104064,2787325,111443,2696504,0,0,129680,3258331,85368,1113416,130831,4371747,
All CA and Non-CA Counties,2021-02-10,253882,5737711,121570,2908895,132312,2828816,0,0,141032,3288846,112031,1225447,142546,4514293,
All CA and Non-CA Counties,2021-02-11,270035,6007746,133635,3042530,136400,2965216,0,0,148516,3318754,120406,1345853,150314,4664607,
All CA and Non-CA Counties,2021-02-12,277315,6285061,121235,3163765,156080,3121296,0,0,150333,3345326,126120,1471973,152692,4817299,
All CA and Non-CA Counties,2021-02-13,169133,6454194,77968,3241733,91165,3212461,0,0,94057,3366636,74708,1546681,96018,4913317,
All CA and Non-CA Counties,2021-02-14,96596,6550790,47796,3289529,48800,3261261,0,0,52695,3377141,43732,1590413,54237,4967554,
All CA and Non-CA Counties,2021-02-15,144862,6695652,63969,3353498,80893,3342154,0,0,80031,3395853,64443,1654856,83155,5050709,
All CA and Non-CA Counties,2021-02-16,255142,6950794,120920,3474418,134222,3476376,0,0,135694,3415581,119063,1773919,138791,5189500,
All CA and Non-CA Counties,2021-02-17,264677,7215471,131728,3606146,132949,3609325,0,0,130801,3416253,133334,1907253,134006,5323506,
All CA and Non-CA Counties,2021-02-18,278823,7494294,145811,3751957,133012,3742337,0,0,133792,3409935,144318,2051571,138000,5461506,
All CA and Non-CA Counties,2021-02-19,258142,7752436,150438,3902395,107704,3850041,0,0,132776,3419909,124874,2176445,134848,5596354,
All CA and Non-CA Counties,2021-02-20,155907,7908343,100506,4002901,55401,3905442,0,0,85285,3436802,70360,2246805,87253,5683607,
All CA and Non-CA Counties,2021-02-21,84715,7993058,70461,4073362,14254,3919696,0,0,42153,3438205,42322,2289127,43725,5727332,
All CA and Non-CA Counties,2021-02-22,167108,8160166,112323,4185685,54785,3974481,0,0,83659,3440468,83131,2372258,85394,5812726,
All CA and Non-CA Counties,2021-02-23,231227,8391393,122701,4308386,108526,4083007,0,0,107340,3430513,123287,2495545,113332,5926058,
All CA and Non-CA Counties,2021-02-24,289133,8680526,146441,4454827,142692,4225699,0,0,136801,3423143,151708,2647253,144338,6070396,
All CA and Non-CA Counties,2021-02-25,326666,9007192,160956,4615783,165710,4391409,0,0,170385,3446497,155567,2802820,178921,6249317,
All CA and Non-CA Counties,2021-02-26,359977,9367169,167936,4783719,192041,4583450,0,0,200061,3494882,158933,2961753,207318,6456635,
All CA and Non-CA Counties,2021-02-27,256758,9623927,124804,4908523,131933,4715383,21,21,144594,3532363,111538,3073291,149019,6605654,
All CA and Non-CA Counties,2021-02-28,132761,9756688,79709,4988232,53046,4768429,6,27,76941,3556752,55396,3128687,79785,6685439,
All CA and Non-CA Counties,2021-03-01,244633,10001321,130872,5119104,113668,4882097,93,120,139735,3596424,104150,3232837,143822,6829261,
All CA and Non-CA Counties,2021-03-02,295452,10296773,148580,5267684,146853,5028950,19,139,176533,3661454,118398,3351235,183428,7012689,
All CA and Non-CA Counties,2021-03-03,339564,10636337,167642,5435326,171867,5200817,55,194,193778,3717497,145093,3496328,201136,7213825,
All CA and Non-CA Counties,2021-03-04,357748,10994085,180578,5615904,177077,5377894,93,287,208432,3784486,148556,3644884,215545,7429370,
All CA and Non-CA Counties,2021-03-05,344583,11338668,169733,5785637,173714,5551608,1136,1423,214199,3877507,129568,3774452,222589,7651959,
All CA and Non-CA Counties,2021-03-06,263925,11602593,135271,5920908,120698,5672306,7956,9379,163743,3954134,99768,3874220,176395,7828354,
All CA and Non-CA Counties,2021-03-07,129103,11731696,79473,6000381,45487,5717793,4143,13522,80923,3994876,47994,3922214,88736,7917090,
All CA and Non-CA Counties,2021-03-08,221785,11953481,108101,6108482,103046,5820839,10638,24160,145516,4080129,75865,3998079,161118,8078208,
All CA and Non-CA Counties,2021-03-09,295937,12249418,141739,6250221,138006,5958845,16192,40352,166396,4137706,129062,4127141,186639,8264847,
All CA and Non-CA Counties,2021-03-10,326814,12576232,163014,6413235,138850,6097695,24950,65302,177664,4195982,148497,4275638,206773,8471620,
All CA and Non-CA Counties,2021-03-11,382587,12958819,185100,6598335,163491,6261186,33996,99298,196918,4246362,184747,4460385,235127,8706747,
All CA and Non-CA Counties,2021-03-12,401259,13360078,180478,6778813,173779,6434965,47002,146300,197932,4292914,202531,4662916,249083,8955830,
All CA and Non-CA Counties,2021-03-13,286871,13646949,127058,6905871,128231,6563196,31582,177882,155825,4354133,130592,4793508,191811,9147641,
All CA and Non-CA Counties,2021-03-14,156647,13803596,84181,6990052,57043,6620239,15423,193305,79865,4375191,76502,4870010,97560,9245201,
All CA and Non-CA Counties,2021-03-15,294379,14097975,140838,7130890,132540,6752779,21001,214306,160485,4426882,133173,5003183,184864,9430065,
All CA and Non-CA Counties,2021-03-16,377492,14475467,178157,7309047,181669,6934448,17666,231972,219015,4509014,157749,5160932,239881,9669946,
All CA and Non-CA Counties,2021-03-17,391542,14867009,194975,7504022,177662,7112110,18905,250877,242734,4625170,147996,5308928,264152,9934098,
All CA and Non-CA Counties,2021-03-18,408853,15275862,210338,7714360,180005,7292115,18510,269387,243532,4725044,164231,5473159,264105,10198203,
All CA and Non-CA Counties,2021-03-19,417797,15693659,220190,7934550,175499,7467614,22108,291495,244041,4820387,172789,5645948,268132,10466335,
All CA and Non-CA Counties,2021-03-20,299369,15993028,158138,8092688,125295,7592909,15936,307431,190585,4920227,108121,5754069,207961,10674296,
All CA and Non-CA Counties,2021-03-21,145667,16138695,100705,8193393,37361,7630270,7601,315032,91833,4967525,53483,5807552,100781,10775077,
All CA and Non-CA Counties,2021-03-22,276227,16414922,161009,8354402,103941,7734211,11277,326309,181149,5068644,94310,5901862,195429,10970506,
All CA and Non-CA Counties,2021-03-23,363009,16777931,199620,8554022,152032,7886243,11357,337666,223852,5168185,138244,6040106,237785,11208291,
All CA and Non-CA Counties,2021-03-24,394448,17172379,225639,8779661,155912,8042155,12897,350563,231084,5252122,162139,6202245,246076,11454367,
All CA and Non-CA Counties,2021-03-25,425647,17598026,234006,9013667,176322,8218477,15319,365882,243304,5331875,181036,6383281,260789,11715156,
All CA and Non-CA Counties,2021-03-26,441274,18039300,236255,9249922,188780,8407257,16239,382121,239703,5390323,200348,6583629,258796,11973952,
All CA and Non-CA Counties,2021-03-27,317679,18356979,169430,9419352,136258,8543515,11991,394112,161603,5410900,155262,6738891,175839,12149791,
All CA and Non-CA Counties,2021-03-28,172181,18529160,110542,9529894,57902,8601417,3737,397849,91638,5428099,80091,6818982,97290,12247081,
All CA and Non-CA Counties,2021-03-29,315102,18844262,169725,9699619,135989,8737406,9388,407237,176310,5478268,138041,6957023,188210,12435291,
All CA and Non-CA Counties,2021-03-30,404885,19249147,205482,9905101,180653,8918059,18750,425987,228250,5551216,175854,7132877,248802,12684093,
All CA and Non-CA Counties,2021-03-31,432268,19681415,235762,10140863,174074,9092133,22432,448419,241697,5626833,189580,7322457,265197,12949290,
All CA and Non-CA Counties,2021-04-01,498164,20179579,256340,10397203,201012,9293145,40812,489231,275533,5723060,221353,7543810,317580,13266870,
All CA and Non-CA Counties,2021-04-02,481386,20660965,235338,10632541,201838,9494983,44210,533441,261682,5812240,218494,7762304,307674,13574544,
All CA and Non-CA Counties,2021-04-03,335341,20996306,171344,10803885,121455,9616438,42542,575983,167471,5856151,167241,7929545,211152,13785696,
All CA and Non-CA Counties,2021-04-04,134147,21130453,69945,10873830,44954,9661392,19248,595231,59115,5859914,74744,8004289,78507,13864203,
All CA and Non-CA Counties,2021-04-05,356977,21487430,184055,11057885,132666,9794058,40256,635487,176209,5898830,180081,8184370,218997,14083200,
All CA and Non-CA Counties,2021-04-06,463534,21950964,235290,11293175,161274,9955332,66970,702457,224414,5954150,238202,8422572,293522,14376722,
All CA and Non-CA Counties,2021-04-07,478895,22429859,249333,11542508,158140,10113472,71422,773879,232792,6014549,245186,8667758,305585,14682307,
All CA and Non-CA Counties,2021-04-08,505699,22935558,255583,11798091,164223,10277695,85893,859772,237618,6073920,266985,8934743,326356,15008663,
All CA and Non-CA Counties,2021-04-09,500221,23435779,249851,12047942,169035,10446730,81335,941107,230193,6120228,269021,9203764,315329,15323992,
All CA and Non-CA Counties,2021-04-10,371668,23807447,170589,12218531,125326,10572056,75753,1016860,155262,6138676,215693,9419457,234141,15558133,
All CA and Non-CA Counties,2021-04-11,189323,23996770,106176,12324707,48514,10620570,34633,1051493,77958,6143200,111031,9530488,115555,15673688,
All CA and Non-CA Counties,2021-04-12,341411,24338181,175510,12500217,127533,10748103,38368,1089861,158062,6160687,182438,9712926,199925,15873613,
All CA and Non-CA Counties,2021-04-13,435788,24773969,244410,12744627,190422,10938525,956,1090817,243147,6216087,191683,9904609,247083,16120696,
All CA and Non-CA Counties,2021-04-14,453392,25227361,254835,12999462,198270,11136795,287,1091104,237344,6243234,214933,10119542,242080,16362776,
All CA and Non-CA Counties,2021-04-15,495267,25722628,288886,13288348,206135,11342930,246,1091350,277671,6307758,216155,10335697,280679,16643455,
All CA and Non-CA Counties,2021-04-16,479732,26202360,270310,13558658,209108,11552038,314,1091664,256281,6344466,222273,10557970,258981,16902436,
All CA and Non-CA Counties,2021-04-17,345385,26547745,193722,13752380,151621,11703659,42,1091706,196538,6396112,148048,10706018,199694,17102130,
All CA and Non-CA Counties,2021-04-18,155993,26703738,98890,13851270,57086,11760745,17,1091723,80165,6403836,75441,10781459,83165,17185295,
All CA and Non-CA Counties,2021-04-19,321046,27024784,184938,14036208,136020,11896765,88,1091811,152144,6389898,168033,10949492,154095,17339390,
All CA and Non-CA Counties,2021-04-20,411429,27436213,218584,14254792,192779,12089544,66,1091877,204636,6391851,205794,11155286,207747,17547137,
All CA and Non-CA Counties,2021-04-21,424917,27861130,240245,14495037,184408,12273952,264,1092141,203232,6378106,220314,11375600,206569,17753706,
All CA and Non-CA Counties,2021-04-22,452098,28313228,257440,14752477,194580,12468532,78,1092219,201412,6333398,249350,11624950,204642,17958348,
All CA and Non-CA Counties,2021-04-23,442678,28755906,251967,15004444,190623,12659155,88,1092307,200159,6295763,241152,11866102,203517,18161865,
All CA and Non-CA Counties,2021-04-24,327120,29083026,207047,15211491,119906,12779061,167,1092474,165415,6303771,160784,12026886,168792,18330657,
All CA and Non-CA Counties,2021-04-25,151472,29234498,99777,15311268,51627,12830688,68,1092542,81562,6317334,69476,12096362,83039,18413696,
All CA and Non-CA Counties,2021-04-26,283139,29517637,165696,15476964,115961,12946649,1482,1094024,122913,6286738,159308,12255670,128712,18542408,
All CA and Non-CA Counties,2021-04-27,353755,29871392,196080,15673044,151970,13098619,5705,1099729,142406,6227567,210282,12465952,151111,18693519,
All CA and Non-CA Counties,2021-04-28,351854,30223246,201270,15874314,142367,13240986,8217,1107946,143286,6173791,207557,12673509,153781,18847300,
All CA and Non-CA Counties,2021-04-29,360658,30583904,207268,16081582,145132,13386118,8258,1116204,130163,6084641,229384,12902893,140234,18987534,
All CA and Non-CA Counties,2021-04-30,375996,30959900,215622,16297204,151158,13537276,9216,1125420,142258,6005477,232540,13135433,153376,19140910,
All CA and Non-CA Counties,2021-05-01,249302,31209202,159302,16456506,83552,13620828,6448,1131868,90813,5947191,157744,13293177,99458,19240368,
All CA and Non-CA Counties,2021-05-02,117262,31326464,81405,16537911,31914,13652742,3943,1135811,41711,5918037,75173,13368350,46019,19286387,
All CA and Non-CA Counties,2021-05-03,253689,31580153,156582,16694493,88172,13740914,8935,1144746,77218,5829344,175689,13544039,86996,19373383,
All CA and Non-CA Counties,2021-05-04,328482,31908635,200212,16894705,118133,13859047,10137,1154883,97380,5707931,230065,13774104,108652,19482035,
All CA and Non-CA Counties,2021-05-05,332134,32240769,206404,17101109,115404,13974451,10326,1165209,94019,5576295,236949,14011053,105313,19587348,
All CA and Non-CA Counties,2021-05-06,350913,32591682,229069,17330178,111079,14085530,10765,1175974,89930,5420043,259433,14270486,103181,19690529,
All CA and Non-CA Counties,2021-05-07,348154,32939836,218220,17548398,119761,14205291,10173,1186147,95276,5275142,251571,14522057,106670,19797199,
All CA and Non-CA Counties,2021-05-08,226405,33166241,143744,17692142,75744,14281035,6917,1193064,62740,5183639,162579,14684636,71076,19868275,
All CA and Non-CA Counties,2021-05-09,94360,33260601,70787,17762929,20472,14301507,3101,1196165,26054,5145375,67839,14752475,29575,19897850,
All CA and Non-CA Counties,2021-05-10,202726,33463327,115135,17878064,79551,14381058,8040,1204205,50780,5054395,151059,14903534,60079,19957929,
All CA and Non-CA Counties,2021-05-11,261071,33724398,146050,18024114,106643,14487701,8378,1212583,69163,4942560,191023,15094557,79188,20037117,
All CA and Non-CA Counties,2021-05-12,254709,33979107,145979,18170093,100119,14587820,8611,1221194,70043,4838531,183717,15278274,79688,20116805,
All CA and Non-CA Counties,2021-05-13,291873,34270980,187255,18357348,97394,14685214,7224,1228418,109025,4775562,181721,15459995,118752,20235557,
All CA and Non-CA Counties,2021-05-14,334853,34605833,214218,18571566,111707,14796921,8928,1237346,132448,4717751,201261,15661256,143450,20379007,
All CA and Non-CA Counties,2021-05-15,275329,34881162,192344,18763910,77008,14873929,5977,1243323,113509,4677184,161011,15822267,120444,20499451,
All CA and Non-CA Counties,2021-05-16,136047,35017209,103923,18867833,29140,14903069,2984,1246307,55527,4655983,80092,15902359,58891,20558342,
All CA and Non-CA Counties,2021-05-17,239506,35256715,157601,19025434,74408,14977477,7497,1253804,100260,4626271,138407,16040766,108695,20667037,
All CA and Non-CA Counties,2021-05-18,280011,35536726,170823,19196257,101568,15079045,7620,1261424,114938,4586252,163955,16204721,123936,20790973,
All CA and Non-CA Counties,2021-05-19,274223,35810949,171117,19367374,95474,15174519,7632,1269056,117964,4557676,155254,16359975,126678,20917651,
All CA and Non-CA Counties,2021-05-20,224413,36035362,134420,19501794,82561,15257080,7432,1276488,89908,4522707,133564,16493539,98595,21016246,
All CA and Non-CA Counties,2021-05-21,241705,36277067,149682,19651476,84743,15341823,7280,1283768,94772,4479826,145916,16639455,103035,21119281,
All CA and Non-CA Counties,2021-05-22,168754,36445821,113545,19765021,49575,15391398,5634,1289402,74919,4468003,93241,16732696,81418,21200699,
All CA and Non-CA Counties,2021-05-23,62220,36508041,46851,19811872,13183,15404581,2186,1291588,28992,4466442,32955,16765651,31394,21232093,
All CA and Non-CA Counties,2021-05-24,167106,36675147,96907,19908779,61721,15466302,8478,1300066,66128,4441650,100224,16865875,75432,21307525,
All CA and Non-CA Counties,2021-05-25,188373,36863520,110665,20019444,69574,15535876,8134,1308200,74814,4413092,112597,16978472,84039,21391564,
All CA and Non-CA Counties,2021-05-26,180902,37044422,103913,20123357,69133,15605009,7856,1316056,72927,4387562,106982,17085454,81452,21473016,
All CA and Non-CA Counties,2021-05-27,169632,37214054,97153,20220510,64114,15669123,8365,1324421,70957,4369991,97893,17183347,80322,21553338,
All CA and Non-CA Counties,2021-05-28,183472,37397526,106420,20326930,70062,15739185,6990,1331411,80101,4355606,102533,17285880,88148,21641486,
All CA and Non-CA Counties,2021-05-29,103306,37500832,63871,20390801,35479,15774664,3956,1335367,49122,4355477,53693,17339573,53564,21695050,
All CA and Non-CA Counties,2021-05-30,46654,37547486,31067,20421868,13157,15787821,2430,1337797,21231,4354143,25208,17364781,23874,21718924,
All CA and Non-CA Counties,2021-05-31,10021,37557507,5118,20426986,4111,15791932,792,1338589,3228,4351507,6729,17371510,4093,21723017,
Outside California,2020-12-15,7,7,7,7,0,0,0,0,7,7,0,0,7,7,Not in California
Outside California,2020-12-16,272,279,272,279,0,0,0,0,272,279,0,0,272,279,Not in California
Outside California,2020-12-17,1598,1877,1598,1877,0,0,0,0,1598,1877,0,0,1598,1877,Not in California
Outside California,2020-12-18,2551,4428,2544,4421,7,7,0,0,2551,4428,0,0,2551,4428,Not in California
Outside California,2020-12-19,1037,5465,1036,5457,1,8,0,0,1037,5465,0,0,1037,5465,Not in California
Outside California,2020-12-20,682,6147,679,6136,3,11,0,0,682,6147,0,0,682,6147,Not in California
Outside California,2020-12-21,2185,8332,2182,8318,3,14,0,0,2185,8332,0,0,2185,8332,Not in California
Outside California,2020-12-22,2085,10417,2011,10329,74,88,0,0,2085,10417,0,0,2085,10417,Not in California
Outside California,2020-12-23,1532,11949,1392,11721,140,228,0,0,1531,11948,0,0,1531,11948,Not in California
Outside California,2020-12-24,805,12754,612,12333,193,421,0,0,805,12753,0,0,805,12753,Not in California
Outside California,2020-12-25,34,12788,29,12362,5,426,0,0,34,12787,0,0,34,12787,Not in California
Outside California,2020-12-26,307,13095,203,12565,104,530,0,0,307,13094,0,0,307,13094,Not in California
Outside California,2020-12-27,190,13285,74,12639,116,646,0,0,190,13284,0,0,190,13284,Not in California
Outside California,2020-12-28,1410,14695,891,13530,519,1165,0,0,1410,14694,0,0,1410,14694,Not in California
Outside California,2020-12-29,1542,16237,1012,14542,530,1695,0,0,1542,16236,0,0,1542,16236,Not in California
Outside California,2020-12-30,1916,18153,1229,15771,687,2382,0,0,1916,18152,0,0,1916,18152,Not in California
Outside California,2020-12-31,1118,19271,601,16372,517,2899,0,0,1117,19268,1,1,1117,19269,Not in California
Outside California,2021-01-01,112,19383,25,16397,87,2986,0,0,112,19380,0,1,112,19381,Not in California
Outside California,2021-01-02,239,19622,132,16529,107,3093,0,0,238,19617,1,2,238,19619,Not in California
Outside California,2021-01-03,170,19792,91,16620,79,3172,0,0,170,19787,0,2,170,19789,Not in California
Outside California,2021-01-04,1150,20942,514,17134,636,3808,0,0,1145,20931,1,3,1145,20934,Not in California
Outside California,2021-01-05,1546,22488,817,17951,729,4537,0,0,1354,22096,190,193,1355,22289,Not in California
Outside California,2021-01-06,2701,25189,1595,19546,1106,5643,0,0,1963,23325,734,927,1963,24252,Not in California
Outside California,2021-01-07,4137,29326,2531,22077,1606,7249,0,0,2483,24158,1652,2579,2485,26737,Not in California
Outside California,2021-01-08,4509,33835,2916,24993,1593,8842,0,0,2637,24936,1862,4441,2640,29377,Not in California
Outside California,2021-01-09,1320,35155,532,25525,788,9630,0,0,992,25603,327,4768,994,30371,Not in California
Outside California,2021-01-10,304,35459,182,25707,122,9752,0,0,183,25665,121,4889,183,30554,Not in California
Outside California,2021-01-11,3298,38757,2006,27713,1292,11044,0,0,1971,26309,1327,6216,1971,32525,Not in California
Outside California,2021-01-12,3872,42629,2316,30029,1556,12600,0,0,2333,27110,1535,7751,2336,34861,Not in California
Outside California,2021-01-13,3675,46304,1800,31829,1875,14475,0,0,2504,28446,1171,8922,2507,37368,Not in California
Outside California,2021-01-14,3720,50024,1276,33105,2444,16919,0,0,3080,30901,627,9549,3082,40450,Not in California
Outside California,2021-01-15,4238,54262,992,34097,3246,20165,0,0,3771,34218,454,10003,3771,44221,Not in California
Outside California,2021-01-16,2694,56956,386,34483,2308,22473,0,0,2518,36562,174,10177,2518,46739,Not in California
Outside California,2021-01-17,500,57456,154,34637,346,22819,0,0,449,36960,51,10228,449,47188,Not in California
Outside California,2021-01-18,1196,58652,767,35404,429,23248,0,0,742,37249,453,10681,742,47930,Not in California
Outside California,2021-01-19,4073,62725,1321,36725,2752,26000,0,0,3185,39549,888,11569,3188,51118,Not in California
Outside California,2021-01-20,4427,67152,1405,38130,3022,29022,0,0,3491,42109,932,12501,3492,54610,Not in California
Outside California,2021-01-21,4137,71289,1125,39255,3012,32034,0,0,3574,45135,548,13049,3574,58184,Not in California
Outside California,2021-01-22,4643,75932,1090,40345,3553,35587,0,0,4241,48979,398,13447,4242,62426,Not in California
Outside California,2021-01-23,2275,78207,335,40680,1940,37527,0,0,2113,50930,162,13609,2113,64539,Not in California
Outside California,2021-01-24,608,78815,246,40926,362,37889,0,0,531,51384,77,13686,531,65070,Not in California
Outside California,2021-01-25,4530,83345,1951,42877,2579,40468,0,0,3629,54116,898,14584,3630,68700,Not in California
Outside California,2021-01-26,5947,89292,2876,45753,3071,43539,0,0,5078,58333,868,15452,5085,73785,Not in California
Outside California,2021-01-27,5030,94322,2667,48420,2363,45902,0,0,4394,62096,632,16084,4395,78180,Not in California
Outside California,2021-01-28,5307,99629,2859,51279,2448,48350,0,0,4762,66323,535,16619,4762,82942,Not in California
Outside California,2021-01-29,4925,104554,3076,54355,1849,50199,0,0,4135,69676,784,17403,4137,87079,Not in California
Outside California,2021-01-30,4489,109043,2439,56794,2050,52249,0,0,4255,73701,231,17634,4256,91335,Not in California
Outside California,2021-01-31,3056,112099,2636,59430,420,52669,0,0,3002,76651,53,17687,3003,94338,Not in California
Outside California,2021-02-01,5514,117613,2571,62001,2943,55612,0,0,4814,80773,692,18379,4814,99152,Not in California
Outside California,2021-02-02,6788,124401,2159,64160,4629,60241,0,0,6066,86124,715,19094,6066,105218,Not in California
Outside California,2021-02-03,7316,131717,2078,66238,5238,65479,0,0,6445,91707,863,19957,6446,111664,Not in California
Outside California,2021-02-04,6799,138516,2177,68415,4622,70101,0,0,5800,96518,990,20947,5801,117465,Not in California
Outside California,2021-02-05,6805,145321,2232,70647,4573,74674,0,0,5735,101187,1066,22013,5735,123200,Not in California
Outside California,2021-02-06,4437,149758,2159,72806,2278,76952,0,0,3969,104700,459,22472,3972,127172,Not in California
Outside California,2021-02-07,2235,151993,1847,74653,388,77340,0,0,2155,106777,80,22552,2157,129329,Not in California
Outside California,2021-02-08,5348,157341,3378,78031,1970,79310,0,0,4288,110016,1049,23601,4288,133617,Not in California
Outside California,2021-02-09,4287,161628,1924,79955,2363,81673,0,0,2980,111714,1296,24897,2994,136611,Not in California
Outside California,2021-02-10,5609,167237,1942,81897,3667,85340,0,0,3173,112501,2427,27324,3214,139825,Not in California
Outside California,2021-02-11,4849,172086,2267,84164,2582,87922,0,0,3546,114772,1293,28617,3564,143389,Not in California
Outside California,2021-02-12,5253,177339,1956,86120,3297,91219,0,0,3426,116387,1815,30432,3430,146819,Not in California
Outside California,2021-02-13,2439,179778,726,86846,1713,92932,0,0,1884,117729,554,30986,1896,148715,Not in California
Outside California,2021-02-14,1344,181122,421,87267,923,93855,0,0,1101,118593,239,31225,1103,149818,Not in California
Outside California,2021-02-15,2549,183671,1531,88798,1018,94873,0,0,1234,118529,1302,32527,1238,151056,Not in California
Outside California,2021-02-16,6427,190098,2877,91675,3550,98423,0,0,2585,117288,3831,36358,2590,153646,Not in California
Outside California,2021-02-17,5944,196042,2977,94652,2967,101390,0,0,1850,115055,4088,40446,1855,155501,Not in California
Outside California,2021-02-18,6415,202457,3709,98361,2706,104096,0,0,2055,112769,4342,44788,2056,157557,Not in California
Outside California,2021-02-19,5730,208187,3965,102326,1765,105861,0,0,2427,111901,3297,48085,2429,159986,Not in California
Outside California,2021-02-20,3335,211522,2686,105012,649,106510,0,0,1244,111059,2087,50172,1245,161231,Not in California
Outside California,2021-02-21,2729,214251,2512,107524,217,106727,0,0,852,110042,1872,52044,855,162086,Not in California
Outside California,2021-02-22,3472,217723,2539,110063,933,107660,0,0,1625,109828,1844,53888,1630,163716,Not in California
Outside California,2021-02-23,6009,223732,3371,113434,2638,110298,0,0,2347,108534,3655,57543,2361,166077,Not in California
Outside California,2021-02-24,6410,230142,3534,116968,2876,113174,0,0,2457,107048,3948,61491,2462,168539,Not in California
Outside California,2021-02-25,6912,237054,3506,120474,3406,116580,0,0,3071,106313,3810,65301,3075,171614,Not in California
Outside California,2021-02-26,6848,243902,3624,124098,3224,119804,0,0,3094,105734,3674,68975,3095,174709,Not in California
Outside California,2021-02-27,5495,249397,2761,126859,2733,122537,1,1,1869,103992,3615,72590,1873,176582,Not in California
Outside California,2021-02-28,2440,251837,1777,128636,662,123199,1,2,799,103154,1639,74229,801,177383,Not in California
Outside California,2021-03-01,4969,256806,3162,131798,1806,125005,1,3,1349,100897,3612,77841,1355,178738,Not in California
Outside California,2021-03-02,6738,263544,2490,134288,4248,129253,0,3,2053,98280,4672,82513,2055,180793,Not in California
Outside California,2021-03-03,7871,271415,3070,137358,4799,134052,2,5,2635,95699,5222,87735,2641,183434,Not in California
Outside California,2021-03-04,6799,278214,2902,140260,3893,137945,4,9,2301,93524,4482,92217,2307,185741,Not in California
Outside California,2021-03-05,5281,283495,2676,142936,2591,140536,14,23,2725,93726,2545,94762,2747,188488,Not in California
Outside California,2021-03-06,4613,288108,2146,145082,2312,142848,155,178,2343,93965,2267,97029,2506,190994,Not in California
Outside California,2021-03-07,1603,289711,1029,146111,520,143368,54,232,974,94367,628,97657,1030,192024,Not in California
Outside California,2021-03-08,3108,292819,1842,147953,1022,144390,244,476,2204,95947,875,98532,2455,194479,Not in California
Outside California,2021-03-09,4647,297466,2365,150318,1966,146356,316,792,2741,97102,1902,100434,3057,197536,Not in California
Outside California,2021-03-10,4412,301878,2116,152434,1784,148140,512,1304,2726,98670,1677,102111,3245,200781,Not in California
Outside California,2021-03-11,6167,308045,3147,155581,2339,150479,681,1985,3328,99847,2833,104944,4010,204791,Not in California
Outside California,2021-03-12,6479,314524,3887,159468,1866,152345,726,2711,3607,101322,2864,107808,4339,209130,Not in California
Outside California,2021-03-13,3791,318315,2190,161658,1129,153474,472,3183,2598,103220,1184,108992,3082,212212,Not in California
Outside California,2021-03-14,1817,320132,938,162596,539,154013,340,3523,1007,103760,810,109802,1350,213562,Not in California
Outside California,2021-03-15,4067,324199,2124,164720,1483,155496,460,3983,2183,104529,1877,111679,2646,216208,Not in California
Outside California,2021-03-16,7514,331713,4377,169097,2755,158251,382,4365,4171,105739,3340,115019,4550,220758,Not in California
Outside California,2021-03-17,8441,340154,5457,174554,2608,160859,376,4741,5078,107835,3359,118378,5455,226213,Not in California
Outside California,2021-03-18,8321,348475,5135,179689,2647,163506,539,5280,4831,109723,3482,121860,5370,231583,Not in California
Outside California,2021-03-19,7333,355808,4342,184031,2447,165953,544,5824,4406,111755,2922,124782,4954,236537,Not in California
Outside California,2021-03-20,4764,360572,3143,187174,1534,167487,87,5911,3655,114395,1102,125884,3742,240279,Not in California
Outside California,2021-03-21,2091,362663,1436,188610,568,168055,87,5998,1676,115745,413,126297,1763,242042,Not in California
Outside California,2021-03-22,3242,365905,1954,190564,1200,169255,88,6086,2221,117040,1014,127311,2309,244351,Not in California
Outside California,2021-03-23,6062,371967,3092,193656,2670,171925,300,6386,4127,119546,1921,129232,4427,248778,Not in California
Outside California,2021-03-24,7324,379291,3769,197425,3106,175031,449,6835,5085,122846,2232,131464,5532,254310,Not in California
Outside California,2021-03-25,8274,387565,3856,201281,3894,178925,524,7359,6033,127176,2229,133693,6559,260869,Not in California
Outside California,2021-03-26,6662,394227,3549,204830,2940,181865,173,7532,4399,129509,2238,135931,4571,265440,Not in California
Outside California,2021-03-27,5542,399769,3136,207966,2192,184057,214,7746,3483,131153,2050,137981,3694,269134,Not in California
Outside California,2021-03-28,3083,402852,1651,209617,1271,185328,161,7907,1992,132220,1086,139067,2153,271287,Not in California
Outside California,2021-03-29,5158,408010,2330,211947,2478,187806,350,8257,2935,133286,2220,141287,3286,274573,Not in California
Outside California,2021-03-30,6857,414867,3617,215564,2675,190481,565,8822,4037,135087,2809,144096,4610,279183,Not in California
Outside California,2021-03-31,6331,421198,3815,219379,1741,192222,775,9597,3362,136257,2964,147060,4134,283317,Not in California
Outside California,2021-04-01,7490,428688,4507,223886,2338,194560,645,10242,4334,138082,3149,150209,4974,288291,Not in California
Outside California,2021-04-02,8490,437178,4537,228423,2807,197367,1146,11388,4405,139554,4078,154287,5550,293841,Not in California
Outside California,2021-04-03,6161,443339,3657,232080,1339,198706,1165,12553,3226,141019,2926,157213,4391,298232,Not in California
Outside California,2021-04-04,1779,445118,876,232956,668,199374,235,12788,969,141412,809,158022,1202,299434,Not in California
Outside California,2021-04-05,4096,449214,2034,234990,1402,200776,660,13448,1950,141881,2141,160163,2610,302044,Not in California
Outside California,2021-04-06,6986,456200,3764,238754,1629,202405,1593,15041,2819,142140,4152,164315,4411,306455,Not in California
Outside California,2021-04-07,8166,464366,4697,243451,1777,204182,1692,16733,3157,141988,5001,169316,4849,311304,Not in California
Outside California,2021-04-08,8081,472447,4291,247742,1853,206035,1937,18670,3133,142118,4939,174255,5069,316373,Not in California
Outside California,2021-04-09,7419,479866,3848,251590,1652,207687,1919,20589,2843,142321,4567,178822,4770,321143,Not in California
Outside California,2021-04-10,6118,485984,3086,254676,1169,208856,1863,22452,1711,141496,4400,183222,3575,324718,Not in California
Outside California,2021-04-11,2813,488797,1528,256204,650,209506,635,23087,949,141222,1862,185084,1588,326306,Not in California
Outside California,2021-04-12,4048,492845,2268,258472,1241,210747,539,23626,1786,141292,2254,187338,2324,328630,Not in California
Outside California,2021-04-13,5675,498520,3664,262136,1988,212735,23,23649,2912,141470,2757,190095,2935,331565,Not in California
Outside California,2021-04-14,5244,503764,3328,265464,1912,214647,4,23653,2839,141913,2400,192495,2843,334408,Not in California
Outside California,2021-04-15,6096,509860,3848,269312,2242,216889,6,23659,3258,142392,2786,195281,3265,337673,Not in California
Outside California,2021-04-16,5843,515703,3371,272683,2465,219354,7,23666,3245,143056,2589,197870,3253,340926,Not in California
Outside California,2021-04-17,5329,521032,3229,275912,2099,221453,1,23667,3031,143797,2290,200160,3031,343957,Not in California
Outside California,2021-04-18,2066,523098,1148,277060,917,222370,1,23668,965,143669,1095,201255,967,344924,Not in California
Outside California,2021-04-19,4111,527209,2004,279064,2106,224476,1,23669,2118,143808,1983,203238,2122,347046,Not in California
Outside California,2021-04-20,5340,532549,2440,281504,2900,227376,0,23669,2183,142841,3150,206388,2183,349229,Not in California
Outside California,2021-04-21,6344,538893,2700,284204,3640,231016,4,23673,2248,141017,4076,210464,2252,351481,Not in California
Outside California,2021-04-22,6730,545623,3472,287676,3255,234271,3,23676,2441,139185,4277,214741,2445,353926,Not in California
Outside California,2021-04-23,5914,551537,3005,290681,2908,237179,1,23677,2441,138170,3458,218199,2443,356369,Not in California
Outside California,2021-04-24,4462,555999,2970,293651,1488,238667,4,23681,1723,137168,2732,220931,1730,358099,Not in California
Outside California,2021-04-25,2200,558199,1268,294919,930,239597,2,23683,1159,137295,1037,221968,1164,359263,Not in California
Outside California,2021-04-26,3645,561844,1638,296557,1982,241579,25,23708,1636,136955,2001,223969,1661,360924,Not in California
Outside California,2021-04-27,5305,567149,1921,298478,3092,244671,292,24000,1937,135831,3359,227328,2235,363159,Not in California
Outside California,2021-04-28,4916,572065,2117,300595,2405,247076,394,24394,1981,135284,2923,230251,2376,365535,Not in California
Outside California,2021-04-29,4951,577016,2292,302887,2227,249303,432,24826,1939,134664,2991,233242,2371,367906,Not in California
Outside California,2021-04-30,5009,582025,2483,305370,2102,251405,424,25250,1966,134024,3031,236273,2391,370297,Not in California
Outside California,2021-05-01,3274,585299,1946,307316,899,252304,429,25679,1367,133923,1896,238169,1795,372092,Not in California
Outside California,2021-05-02,1874,587173,1095,308411,656,252960,123,25802,863,133900,1009,239178,986,373078,Not in California
Outside California,2021-05-03,3018,590191,1772,310183,967,253927,279,26081,1275,133715,1739,240917,1554,374632,Not in California
Outside California,2021-05-04,4249,594440,2439,312622,1367,255294,443,26524,1653,133216,2590,243507,2091,376723,Not in California
Outside California,2021-05-05,4597,599037,2734,315356,1492,256786,371,26895,1851,132704,2737,246244,2225,378948,Not in California
Outside California,2021-05-06,4501,603538,2857,318213,1311,258097,333,27228,1728,131997,2767,249011,2060,381008,Not in California
Outside California,2021-05-07,4882,608420,2915,321128,1586,259683,381,27609,1937,131382,2932,251943,2317,383325,Not in California
Outside California,2021-05-08,3573,611993,2466,323594,862,260545,245,27854,1482,131082,2028,253971,1728,385053,Not in California
Outside California,2021-05-09,1364,613357,883,324477,356,260901,125,27979,589,131040,755,254726,713,385766,Not in California
Outside California,2021-05-10,2671,616028,1249,325726,1097,261998,325,28304,1076,130865,1578,256304,1403,387169,Not in California
Outside California,2021-05-11,2890,618918,1411,327137,1197,263195,282,28586,1157,130575,1732,258036,1442,388611,Not in California
Outside California,2021-05-12,2871,621789,1334,328471,1241,264436,296,28882,1109,130222,1757,259793,1404,390015,Not in California
Outside California,2021-05-13,2774,624563,1590,330061,988,265424,196,29078,1258,130167,1510,261303,1455,391470,Not in California
Outside California,2021-05-14,3524,628087,2025,332086,1265,266689,234,29312,1635,130155,1883,263186,1871,393341,Not in California
Outside California,2021-05-15,2634,630721,1544,333630,946,267635,144,29456,1157,129987,1472,264658,1304,394645,Not in California
Outside California,2021-05-16,1620,632341,1031,334661,520,268155,69,29525,770,129980,847,265505,840,395485,Not in California
Outside California,2021-05-17,3053,635394,1659,336320,1159,269314,235,29760,1426,130024,1623,267128,1667,397152,Not in California
Outside California,2021-05-18,3234,638628,1672,337992,1246,270560,316,30076,1549,130218,1673,268801,1867,399019,Not in California
Outside California,2021-05-19,3328,641956,1741,339733,1316,271876,271,30347,1521,130209,1801,270602,1792,400811,Not in California
Outside California,2021-05-20,2157,644113,1249,340982,703,272579,205,30552,1027,130320,1123,271725,1234,402045,Not in California
Outside California,2021-05-21,2581,646694,1561,342543,795,273374,225,30777,1190,130354,1382,273107,1416,403461,Not in California
Outside California,2021-05-22,2245,648939,1479,344022,583,273957,183,30960,1365,131029,872,273979,1547,405008,Not in California
Outside California,2021-05-23,1049,649988,836,344858,152,274109,61,31021,562,131168,485,274464,624,405632,Not in California
Outside California,2021-05-24,2568,652556,1306,346164,905,275014,357,31378,1223,131410,1339,275803,1581,407213,Not in California
Outside California,2021-05-25,2801,655357,1453,347617,1004,276018,344,31722,1187,131338,1603,277406,1531,408744,Not in California
Outside California,2021-05-26,2780,658137,1390,349007,1044,277062,346,32068,1113,131137,1660,279066,1459,410203,Not in California
Outside California,2021-05-27,2595,660732,1343,350350,947,278009,305,32373,1101,131054,1486,280552,1403,411606,Not in California
Outside California,2021-05-28,2905,663637,1599,351949,961,278970,345,32718,1215,130935,1680,282232,1561,413167,Not in California
Outside California,2021-05-29,1724,665361,879,352828,495,279465,350,33068,720,131006,1003,283235,1074,414241,Not in California
Outside California,2021-05-30,900,666261,559,353387,220,279685,121,33189,444,131119,452,283687,565,414806,Not in California
Outside California,2021-05-31,216,666477,65,353452,113,279798,38,33227,87,131124,120,283807,125,414931,Not in California
Unknown,2020-12-17,2,2,2,2,0,0,0,0,0,0,0,0,0,0,Not in California
Unknown,2020-12-18,1,3,1,3,0,0,0,0,0,0,0,0,0,0,Not in California
Unknown,2020-12-21,4,7,4,7,0,0,0,0,0,0,0,0,0,0,Not in California
Unknown,2020-12-28,4,11,4,11,0,0,0,0,3,3,0,0,3,3,Not in California
Unknown,2020-12-29,3,14,3,14,0,0,0,0,3,6,0,0,3,6,Not in California
Unknown,2020-12-30,54,68,54,68,0,0,0,0,54,60,0,0,54,60,Not in California
Unknown,2020-12-31,1,69,0,68,1,1,0,0,0,60,0,0,0,60,Not in California
Unknown,2021-01-02,1,70,0,68,1,2,0,0,1,61,0,0,1,61,Not in California
Unknown,2021-01-04,3,73,3,71,0,2,0,0,2,63,0,0,2,63,Not in California
Unknown,2021-01-06,6,79,4,75,2,4,0,0,6,69,0,0,6,69,Not in California
Unknown,2021-01-07,70,149,70,145,0,4,0,0,70,139,0,0,70,139,Not in California
Unknown,2021-01-08,1,150,1,146,0,4,0,0,2,141,0,0,2,141,Not in California
Unknown,2021-01-09,2,152,2,148,0,4,0,0,3,144,0,0,3,144,Not in California
Unknown,2021-01-11,19,171,19,167,0,4,0,0,18,162,0,0,18,162,Not in California
Unknown,2021-01-12,10,181,9,176,1,5,0,0,8,170,1,1,9,171,Not in California
Unknown,2021-01-13,10,191,10,186,0,5,0,0,11,181,0,1,11,182,Not in California
Unknown,2021-01-14,3,194,3,189,0,5,0,0,3,184,0,1,3,185,Not in California
Unknown,2021-01-15,5,199,4,193,1,6,0,0,5,189,0,1,5,190,Not in California
Unknown,2021-01-16,6,205,6,199,0,6,0,0,6,195,0,1,6,196,Not in California
Unknown,2021-01-17,3,208,3,202,0,6,0,0,3,198,0,1,3,199,Not in California
Unknown,2021-01-18,51,259,51,253,0,6,0,0,49,245,2,3,49,248,Not in California
Unknown,2021-01-19,22,281,22,275,0,6,0,0,19,262,2,5,19,267,Not in California
Unknown,2021-01-20,79,360,79,354,0,6,0,0,28,238,52,57,28,295,Not in California
Unknown,2021-01-21,56,416,54,408,2,8,0,0,57,294,1,58,57,352,Not in California
Unknown,2021-01-22,34,450,29,437,5,13,0,0,34,328,0,58,34,386,Not in California
Unknown,2021-01-23,11,461,5,442,6,19,0,0,11,339,0,58,11,397,Not in California
Unknown,2021-01-24,2,463,2,444,0,19,0,0,3,342,0,58,3,400,Not in California
Unknown,2021-01-25,19,482,17,461,2,21,0,0,16,355,3,61,16,416,Not in California
Unknown,2021-01-26,93,575,93,554,0,21,0,0,96,451,0,61,96,512,Not in California
Unknown,2021-01-27,16,591,16,570,0,21,0,0,14,464,1,62,14,526,Not in California
Unknown,2021-01-28,140,731,138,708,2,23,0,0,83,487,60,122,83,609,Not in California
Unknown,2021-01-29,139,870,139,847,0,23,0,0,143,629,1,123,143,752,Not in California
Unknown,2021-01-30,11,881,9,856,2,25,0,0,13,640,2,125,13,765,Not in California
Unknown,2021-01-31,14,895,14,870,0,25,0,0,15,655,0,125,15,780,Not in California
Unknown,2021-02-01,37,932,36,906,1,26,0,0,21,658,18,143,21,801,Not in California
Unknown,2021-02-02,64,996,63,969,1,27,0,0,57,709,6,149,57,858,Not in California
Unknown,2021-02-03,36,1032,34,1003,2,29,0,0,25,723,11,160,25,883,Not in California
Unknown,2021-02-04,56,1088,51,1054,5,34,0,0,51,769,5,165,51,934,Not in California
Unknown,2021-02-05,18,1106,14,1068,4,38,0,0,14,779,4,169,14,948,Not in California
Unknown,2021-02-06,14,1120,14,1082,0,38,0,0,9,782,6,175,9,957,Not in California
Unknown,2021-02-07,8,1128,8,1090,0,38,0,0,6,786,2,177,6,963,Not in California
Unknown,2021-02-08,51,1179,48,1138,3,41,0,0,14,763,37,214,14,977,Not in California
Unknown,2021-02-09,18,1197,18,1156,0,41,0,0,4,753,14,228,4,981,Not in California
Unknown,2021-02-10,34,1231,30,1186,4,45,0,0,9,737,25,253,9,990,Not in California
Unknown,2021-02-11,85,1316,84,1270,1,46,0,0,43,737,43,296,43,1033,Not in California
Unknown,2021-02-12,36,1352,29,1299,7,53,0,0,9,719,27,323,9,1042,Not in California
Unknown,2021-02-13,9,1361,2,1301,7,60,0,0,8,726,1,324,8,1050,Not in California
Unknown,2021-02-14,7,1368,1,1302,6,66,0,0,5,730,1,325,5,1055,Not in California
Unknown,2021-02-15,41,1409,35,1337,6,72,0,0,27,745,12,337,27,1082,Not in California
Unknown,2021-02-16,101,1510,91,1428,10,82,0,0,29,702,72,409,29,1111,Not in California
Unknown,2021-02-17,10,1520,8,1436,2,84,0,0,4,701,5,414,4,1115,Not in California
Unknown,2021-02-18,89,1609,84,1520,5,89,0,0,16,645,72,486,16,1131,Not in California
Unknown,2021-02-19,184,1793,179,1699,5,94,0,0,53,568,130,616,53,1184,Not in California
Unknown,2021-02-20,7,1800,5,1704,2,96,0,0,2,565,5,621,2,1186,Not in California
Unknown,2021-02-21,14,1814,14,1718,0,96,0,0,1,553,13,634,1,1187,Not in California
Unknown,2021-02-22,9,1823,9,1727,0,96,0,0,6,556,3,637,6,1193,Not in California
Unknown,2021-02-23,61,1884,49,1776,12,108,0,0,15,526,45,682,15,1208,Not in California
Unknown,2021-02-24,33,1917,26,1802,7,115,0,0,14,521,19,701,14,1222,Not in California
Unknown,2021-02-25,67,1984,54,1856,13,128,0,0,25,503,43,744,25,1247,Not in California
Unknown,2021-02-26,39,2023,25,1881,14,142,0,0,22,511,14,758,22,1269,Not in California
Unknown,2021-02-27,21,2044,15,1896,6,148,0,0,11,514,8,766,11,1280,Not in California
Unknown,2021-02-28,17,2061,13,1909,4,152,0,0,10,519,5,771,10,1290,Not in California
Unknown,2021-03-01,45,2106,27,1936,18,170,0,0,24,523,20,791,24,1314,Not in California
Unknown,2021-03-02,19,2125,7,1943,12,182,0,0,12,530,5,796,12,1326,Not in California
Unknown,2021-03-03,11,2136,6,1949,5,187,0,0,7,534,3,799,7,1333,Not in California
Unknown,2021-03-04,43,2179,40,1989,3,190,0,0,13,517,30,829,13,1346,Not in California
Unknown,2021-03-05,23,2202,13,2002,10,200,0,0,22,535,4,833,22,1368,Not in California
Unknown,2021-03-06,20,2222,12,2014,6,206,2,2,16,549,4,837,18,1386,Not in California
Unknown,2021-03-07,2,2224,1,2015,1,207,0,2,3,552,0,837,3,1389,Not in California
Unknown,2021-03-08,31,2255,22,2037,7,214,2,4,8,538,24,861,10,1399,Not in California
Unknown,2021-03-09,35,2290,28,2065,3,217,4,8,9,524,27,888,13,1412,Not in California
Unknown,2021-03-10,9,2299,6,2071,1,218,2,10,5,526,5,893,7,1419,Not in California
Unknown,2021-03-11,28,2327,12,2083,2,220,14,24,7,526,21,914,21,1440,Not in California
Unknown,2021-03-12,68,2395,52,2135,11,231,5,29,11,487,55,969,16,1456,Not in California
Unknown,2021-03-13,16,2411,4,2139,8,239,4,33,7,488,10,979,11,1467,Not in California
Unknown,2021-03-14,14,2425,6,2145,6,245,2,35,5,487,8,987,7,1474,Not in California
Unknown,2021-03-15,31,2456,11,2156,18,263,2,37,20,496,13,1000,22,1496,Not in California
Unknown,2021-03-16,47,2503,20,2176,23,286,4,41,27,507,20,1020,31,1527,Not in California
Unknown,2021-03-17,38,2541,14,2190,23,309,1,42,33,537,4,1024,34,1561,Not in California
Unknown,2021-03-18,31,2572,18,2208,13,322,0,42,18,543,12,1036,18,1579,Not in California
Unknown,2021-03-19,29,2601,18,2226,11,333,0,42,22,558,7,1043,22,1601,Not in California
Unknown,2021-03-20,27,2628,15,2241,12,345,0,42,15,562,11,1054,15,1616,Not in California
Unknown,2021-03-21,18,2646,12,2253,6,351,0,42,14,573,3,1057,14,1630,Not in California
Unknown,2021-03-22,36,2682,19,2272,16,367,1,43,19,581,12,1069,20,1650,Not in California
Unknown,2021-03-23,23,2705,9,2281,9,376,5,48,11,586,11,1080,16,1666,Not in California
Unknown,2021-03-24,23,2728,9,2290,14,390,0,48,18,599,5,1085,18,1684,Not in California
Unknown,2021-03-25,37,2765,24,2314,13,403,0,48,25,615,9,1094,25,1709,Not in California
Unknown,2021-03-26,36,2801,20,2334,11,414,5,53,18,623,15,1109,23,1732,Not in California
Unknown,2021-03-27,32,2833,15,2349,14,428,3,56,18,627,17,1126,21,1753,Not in California
Unknown,2021-03-28,16,2849,9,2358,7,435,0,56,11,634,4,1130,11,1764,Not in California
Unknown,2021-03-29,38,2887,18,2376,19,454,1,57,23,646,12,1142,24,1788,Not in California
Unknown,2021-03-30,41,2928,25,2401,16,470,0,57,25,656,15,1157,25,1813,Not in California
Unknown,2021-03-31,34,2962,21,2422,13,483,0,57,23,668,11,1168,23,1836,Not in California
Unknown,2021-04-01,19,2981,15,2437,4,487,0,57,13,676,5,1173,13,1849,Not in California
Unknown,2021-04-02,41,3022,17,2454,15,502,9,66,18,680,23,1196,27,1876,Not in California
Unknown,2021-04-03,19,3041,9,2463,10,512,0,66,9,679,10,1206,9,1885,Not in California
Unknown,2021-04-04,17,3058,4,2467,13,525,0,66,10,683,6,1212,10,1895,Not in California
Unknown,2021-04-05,31,3089,17,2484,13,538,1,67,17,688,13,1225,18,1913,Not in California
Unknown,2021-04-06,21,3110,13,2497,7,545,1,68,13,692,10,1235,14,1927,Not in California
Unknown,2021-04-07,32,3142,23,2520,9,554,0,68,24,708,8,1243,24,1951,Not in California
Unknown,2021-04-08,30,3172,20,2540,6,560,4,72,15,710,17,1260,19,1970,Not in California
Unknown,2021-04-09,35,3207,25,2565,10,570,0,72,25,724,11,1271,25,1995,Not in California
Unknown,2021-04-10,9,3216,8,2573,1,571,0,72,4,722,6,1277,4,1999,Not in California
Unknown,2021-04-11,11,3227,7,2580,4,575,0,72,5,722,5,1282,5,2004,Not in California
Unknown,2021-04-12,37,3264,20,2600,16,591,1,73,16,716,23,1305,17,2021,Not in California
Unknown,2021-04-13,44,3308,26,2626,18,609,0,73,17,706,27,1332,17,2038,Not in California
Unknown,2021-04-14,27,3335,8,2634,19,628,0,73,8,692,22,1354,8,2046,Not in California
Unknown,2021-04-15,31,3366,16,2650,14,642,1,74,8,679,22,1376,9,2055,Not in California
Unknown,2021-04-16,25,3391,15,2665,10,652,0,74,9,672,16,1392,9,2064,Not in California
Unknown,2021-04-17,22,3413,13,2678,9,661,0,74,9,667,15,1407,10,2074,Not in California
Unknown,2021-04-18,20,3433,8,2686,12,673,0,74,10,665,12,1419,10,2084,Not in California
Unknown,2021-04-19,35,3468,21,2707,14,687,0,74,16,663,18,1437,16,2100,Not in California
Unknown,2021-04-20,25,3493,14,2721,11,698,0,74,10,653,20,1457,10,2110,Not in California
Unknown,2021-04-21,35,3528,15,2736,20,718,0,74,21,650,24,1481,21,2131,Not in California
Unknown,2021-04-22,23,3551,14,2750,9,727,0,74,8,641,17,1498,8,2139,Not in California
Unknown,2021-04-23,33,3584,16,2766,17,744,0,74,19,646,14,1512,19,2158,Not in California
Unknown,2021-04-24,25,3609,13,2779,12,756,0,74,19,656,9,1521,19,2177,Not in California
Unknown,2021-04-25,24,3633,10,2789,14,770,0,74,15,660,11,1532,15,2192,Not in California
Unknown,2021-04-26,20,3653,13,2802,7,777,0,74,10,656,14,1546,10,2202,Not in California
Unknown,2021-04-27,25,3678,12,2814,13,790,0,74,16,653,19,1565,16,2218,Not in California
Unknown,2021-04-28,27,3705,19,2833,7,797,1,75,13,648,19,1584,14,2232,Not in California
Unknown,2021-04-29,33,3738,22,2855,11,808,0,75,18,646,20,1604,18,2250,Not in California
Unknown,2021-04-30,29,3767,14,2869,10,818,5,80,21,657,15,1619,26,2276,Not in California
Unknown,2021-05-01,28,3795,21,2890,7,825,0,80,26,672,11,1630,26,2302,Not in California
Unknown,2021-05-02,14,3809,7,2897,6,831,1,81,6,671,8,1638,7,2309,Not in California
Unknown,2021-05-03,26,3835,18,2915,5,836,3,84,10,664,19,1657,12,2321,Not in California
Unknown,2021-05-04,21,3856,11,2926,6,842,4,88,9,661,16,1673,13,2334,Not in California
Unknown,2021-05-05,30,3886,11,2937,18,860,1,89,18,666,14,1687,19,2353,Not in California
Unknown,2021-05-06,21,3907,12,2949,6,866,3,92,12,669,12,1699,15,2368,Not in California
Unknown,2021-05-07,27,3934,14,2963,10,876,3,95,15,671,16,1715,18,2386,Not in California
Unknown,2021-05-08,16,3950,10,2973,4,880,2,97,11,676,8,1723,13,2399,Not in California
Unknown,2021-05-09,18,3968,5,2978,9,889,4,101,8,678,10,1733,12,2411,Not in California
Unknown,2021-05-10,18,3986,11,2989,6,895,1,102,3,668,14,1747,4,2415,Not in California
Unknown,2021-05-11,15,4001,9,2998,2,897,4,106,8,673,7,1754,12,2427,Not in California
Unknown,2021-05-12,14,4015,9,3007,4,901,1,107,6,672,8,1762,7,2434,Not in California
Unknown,2021-05-13,15,4030,10,3017,1,902,4,111,9,679,7,1769,14,2448,Not in California
Unknown,2021-05-14,24,4054,20,3037,3,905,1,112,14,684,9,1778,14,2462,Not in California
Unknown,2021-05-15,21,4075,19,3056,2,907,0,112,12,687,9,1787,12,2474,Not in California
Unknown,2021-05-16,27,4102,18,3074,8,915,1,113,16,693,11,1798,17,2491,Not in California
Unknown,2021-05-17,26,4128,20,3094,4,919,2,115,17,703,9,1807,19,2510,Not in California
Unknown,2021-05-18,39,4167,28,3122,9,928,2,117,31,728,8,1815,33,2543,Not in California
Unknown,2021-05-19,37,4204,28,3150,8,936,1,118,20,733,16,1831,21,2564,Not in California
Unknown,2021-05-20,184,4388,175,3325,8,944,1,119,175,901,8,1839,176,2740,Not in California
Unknown,2021-05-21,194,4582,187,3512,6,950,1,120,186,1080,8,1847,187,2927,Not in California
Unknown,2021-05-22,208,4790,200,3712,6,956,2,122,193,1260,15,1862,195,3122,Not in California
Unknown,2021-05-23,121,4911,120,3832,0,956,1,123,119,1379,1,1863,120,3242,Not in California
Unknown,2021-05-24,377,5288,273,4105,93,1049,11,134,353,1720,23,1886,364,3606,Not in California
Unknown,2021-05-25,427,5715,305,4410,105,1154,17,151,388,2086,39,1925,405,4011,Not in California
Unknown,2021-05-26,372,6087,304,4714,63,1217,5,156,345,2410,26,1951,350,4361,Not in California
Unknown,2021-05-27,364,6451,300,5014,55,1272,9,165,329,2714,35,1986,339,4700,Not in California
Unknown,2021-05-28,389,6840,315,5329,60,1332,14,179,355,3050,33,2019,369,5069,Not in California
Unknown,2021-05-29,308,7148,258,5587,45,1377,5,184,289,3325,19,2038,294,5363,Not in California
Unknown,2021-05-30,254,7402,214,5801,36,1413,4,188,240,3555,14,2052,244,5607,Not in California
Alameda,2020-12-15,37,37,37,37,0,0,0,0,37,37,0,0,37,37,California
Alameda,2020-12-16,208,245,208,245,0,0,0,0,208,245,0,0,208,245,California
Alameda,2020-12-17,398,643,398,643,0,0,0,0,398,643,0,0,398,643,California
Alameda,2020-12-18,1791,2434,1790,2433,1,1,0,0,1791,2434,0,0,1791,2434,California
Alameda,2020-12-19,1437,3871,1437,3870,0,1,0,0,1437,3871,0,0,1437,3871,California
Alameda,2020-12-20,1191,5062,1190,5060,1,2,0,0,1190,5060,1,1,1190,5061,California
Alameda,2020-12-21,1869,6931,1867,6927,2,4,0,0,1868,6928,0,1,1868,6929,California
Alameda,2020-12-22,2111,9042,2058,8985,53,57,0,0,2111,9039,0,1,2111,9040,California
Alameda,2020-12-23,1973,11015,1715,10700,258,315,0,0,1974,11013,0,1,1974,11014,California
Alameda,2020-12-24,1220,12235,763,11463,457,772,0,0,1220,12233,0,1,1220,12234,California
Alameda,2020-12-25,167,12402,130,11593,37,809,0,0,167,12400,0,1,167,12401,California
Alameda,2020-12-26,870,13272,327,11920,543,1352,0,0,870,13270,0,1,870,13271,California
Alameda,2020-12-27,502,13774,258,12178,244,1596,0,0,502,13772,0,1,502,13773,California
Alameda,2020-12-28,1883,15657,960,13138,923,2519,0,0,1883,15655,0,1,1883,15656,California
Alameda,2020-12-29,2478,18135,1072,14210,1406,3925,0,0,2477,18132,0,1,2477,18133,California
Alameda,2020-12-30,3087,21222,1316,15526,1771,5696,0,0,3087,21219,0,1,3087,21220,California
Alameda,2020-12-31,1794,23016,443,15969,1351,7047,0,0,1792,23010,1,2,1792,23012,California
Alameda,2021-01-01,172,23188,69,16038,103,7150,0,0,171,23180,1,3,171,23183,California
Alameda,2021-01-02,726,23914,526,16564,200,7350,0,0,725,23905,0,3,725,23908,California
Alameda,2021-01-03,341,24255,221,16785,120,7470,0,0,338,24240,3,6,338,24246,California
Alameda,2021-01-04,1646,25901,943,17728,703,8173,0,0,1634,25863,11,17,1634,25880,California
Alameda,2021-01-05,2217,28118,1276,19004,941,9114,0,0,1981,27611,233,250,1981,27861,California
Alameda,2021-01-06,3276,31394,1808,20812,1468,10582,0,0,2429,29198,844,1094,2431,30292,California
Alameda,2021-01-07,3813,35207,2149,22961,1664,12246,0,0,2683,30765,1121,2215,2688,32980,California
Alameda,2021-01-08,4766,39973,2729,25690,2037,14283,0,0,3111,32231,1650,3865,3116,36096,California
Alameda,2021-01-09,2032,42005,1383,27073,649,14932,0,0,1173,32545,859,4724,1173,37269,California
Alameda,2021-01-10,1068,43073,886,27959,182,15114,0,0,427,32330,642,5366,427,37696,California
Alameda,2021-01-11,4660,47733,3522,31481,1138,16252,0,0,2861,33400,1798,7164,2868,40564,California
Alameda,2021-01-12,4837,52570,3260,34741,1577,17829,0,0,3449,35465,1387,8551,3452,44016,California
Alameda,2021-01-13,5031,57601,2658,37399,2373,20202,0,0,3840,38120,1187,9738,3842,47858,California
Alameda,2021-01-14,5643,63244,2780,40179,2863,23065,0,0,4755,41999,879,10617,4758,52616,California
Alameda,2021-01-15,5831,69075,2311,42490,3520,26585,0,0,5065,46309,759,11376,5069,57685,California
Alameda,2021-01-16,3004,72079,1410,43900,1594,28179,0,0,2734,48774,270,11646,2735,60420,California
Alameda,2021-01-17,1870,73949,1085,44985,785,28964,0,0,1663,50232,206,11852,1664,62084,California
Alameda,2021-01-18,3197,77146,2055,47040,1142,30106,0,0,2603,52248,589,12441,2605,64689,California
Alameda,2021-01-19,5534,82680,3334,50374,2200,32306,0,0,4342,55402,1190,13631,4344,69033,California
Alameda,2021-01-20,6784,89464,4111,54485,2673,34979,0,0,5492,59619,1279,14910,5496,74529,California
Alameda,2021-01-21,7790,97254,3411,57896,4379,39358,0,0,6951,65742,833,15743,6956,81485,California
Alameda,2021-01-22,6850,104104,2045,59941,4805,44163,0,0,5711,70323,1132,16875,5713,87198,California
Alameda,2021-01-23,3285,107389,951,60892,2334,46497,0,0,2729,72496,556,17431,2729,89927,California
Alameda,2021-01-24,2049,109438,656,61548,1393,47890,0,0,1772,73995,273,17704,1772,91699,California
Alameda,2021-01-25,5204,114642,1975,63523,3229,51119,0,0,3619,76038,1577,19281,3620,95319,California
Alameda,2021-01-26,7254,121896,2299,65822,4955,56074,0,0,5386,79565,1860,21141,5387,100706,California
Alameda,2021-01-27,6647,128543,2062,67884,4585,60659,0,0,4802,82532,1835,22976,4802,105508,California
Alameda,2021-01-28,7895,136438,2554,70438,5341,66000,0,0,5654,85962,2225,25201,5655,111163,California
Alameda,2021-01-29,7940,144378,3193,73631,4747,70747,0,0,6119,90271,1811,27012,6120,117283,California
Alameda,2021-01-30,3430,147808,1683,75314,1747,72494,0,0,2719,92285,705,27717,2719,120002,California
Alameda,2021-01-31,1893,149701,957,76271,936,73430,0,0,1660,93715,230,27947,1660,121662,California
Alameda,2021-02-01,6499,156200,3897,80168,2602,76032,0,0,4350,95926,2140,30087,4351,126013,California
Alameda,2021-02-02,6959,163159,3751,83919,3208,79240,0,0,4657,98288,2295,32382,4657,130670,California
Alameda,2021-02-03,7096,170255,3736,87655,3360,82600,0,0,4398,99999,2692,35074,4403,135073,California
Alameda,2021-02-04,9523,179778,4144,91799,5379,87979,0,0,6410,103314,3100,38174,6415,141488,California
Alameda,2021-02-05,10330,190108,5392,97191,4938,92917,0,0,6456,105908,3868,42042,6462,147950,California
Alameda,2021-02-06,6982,197090,4428,101619,2554,95471,0,0,5853,110633,1128,43170,5853,153803,California
Alameda,2021-02-07,3597,200687,2906,104525,691,96162,0,0,2653,112346,941,44111,2654,156457,California
Alameda,2021-02-08,8083,208770,5781,110306,2302,98464,0,0,5527,115327,2548,46659,5529,161986,California
Alameda,2021-02-09,9720,218490,5858,116164,3862,102326,0,0,6057,117742,3644,50303,6059,168045,California
Alameda,2021-02-10,11465,229955,6782,122946,4683,107009,0,0,6560,119421,4889,55192,6568,174613,California
Alameda,2021-02-11,13939,243894,8005,130951,5934,112943,0,0,8373,122252,5546,60738,8377,182990,California
Alameda,2021-02-12,12553,256447,5718,136669,6835,119778,0,0,7765,125249,4771,65509,7768,190758,California
Alameda,2021-02-13,7796,264243,4052,140721,3744,123522,0,0,5833,129126,1958,67467,5835,196593,California
Alameda,2021-02-14,4041,268284,2540,143261,1501,125023,0,0,2873,130838,1164,68631,2876,199469,California
Alameda,2021-02-15,5680,273964,3190,146451,2490,127513,0,0,3697,132557,1981,70612,3700,203169,California
Alameda,2021-02-16,12534,286498,6956,153407,5578,133091,0,0,9318,138675,3206,73818,9324,212493,California
Alameda,2021-02-17,14176,300674,8424,161831,5752,138843,0,0,10542,145602,3617,77435,10544,223037,California
Alameda,2021-02-18,15910,316584,10099,171930,5811,144654,0,0,11553,152812,4349,81784,11559,234596,California
Alameda,2021-02-19,17683,334267,11476,183406,6207,150861,0,0,11712,158581,5949,87733,11718,246314,California
Alameda,2021-02-20,11892,346159,9635,193041,2257,153118,0,0,9163,165026,2724,90457,9169,255483,California
Alameda,2021-02-21,7695,353854,6764,199805,931,154049,0,0,5206,167755,2478,92935,5207,260690,California
Alameda,2021-02-22,10809,364663,8020,207825,2789,156838,0,0,6851,170670,3945,96880,6860,267550,California
Alameda,2021-02-23,12921,377584,7912,215737,5009,161847,0,0,8119,174004,4792,101672,8126,275676,California
Alameda,2021-02-24,14790,392374,8333,224070,6457,168304,0,0,9635,178553,5092,106764,9641,285317,California
Alameda,2021-02-25,15648,408022,9141,233211,6507,174811,0,0,9981,182912,5632,112396,9991,295308,California
Alameda,2021-02-26,18130,426152,10662,243873,7468,182279,0,0,11726,188281,6361,118757,11730,307038,California
Alameda,2021-02-27,14903,441055,11006,254879,3895,186174,2,2,9281,191970,5596,124353,9285,316323,California
Alameda,2021-02-28,9186,450241,7749,262628,1437,187611,0,2,6087,194984,3074,127427,6088,322411,California
Alameda,2021-03-01,13516,463757,9442,272070,4065,191676,9,11,8420,198372,5048,132475,8436,330847,California
Alameda,2021-03-02,15068,478825,10842,282912,4225,195901,1,12,9904,203141,5143,137618,9912,340759,California
Alameda,2021-03-03,15740,494565,10298,293210,5441,201342,1,13,10753,208940,4959,142577,10758,351517,California
Alameda,2021-03-04,17468,512033,11199,304409,6267,207609,2,15,11005,213518,6429,149006,11007,362524,California
Alameda,2021-03-05,16323,528356,10688,315097,5626,213235,9,24,11030,219317,5246,154252,11045,373569,California
Alameda,2021-03-06,14584,542940,10285,325382,4034,217269,265,289,9670,224386,4867,159119,9936,383505,California
Alameda,2021-03-07,9785,552725,8515,333897,1188,218457,82,371,6987,228689,2769,161888,7072,390577,California
Alameda,2021-03-08,11994,564719,7478,341375,4135,222592,381,752,8980,235088,2962,164850,9361,399938,California
Alameda,2021-03-09,14730,579449,10339,351714,3959,226551,432,1184,8054,236938,6640,171490,8490,408428,California
Alameda,2021-03-10,17564,597013,12197,363911,4806,231357,561,1745,7941,235840,9596,181086,8498,416926,California
Alameda,2021-03-11,19858,616871,11633,375544,6516,237873,1709,3454,6781,231277,13045,194131,8482,425408,California
Alameda,2021-03-12,21451,638322,12548,388092,7197,245070,1706,5160,7529,226607,13896,208027,9226,434634,California
Alameda,2021-03-13,16117,654439,10347,398439,4772,249842,998,6158,5163,221852,10918,218945,6163,440797,California
Alameda,2021-03-14,10921,665360,8032,406471,2097,251939,792,6950,3424,218580,7477,226422,4205,445002,California
Alameda,2021-03-15,14528,679888,9511,415982,4486,256425,531,7481,6326,217263,8171,234593,6854,451856,California
Alameda,2021-03-16,17310,697198,11240,427222,5530,261955,540,8021,7428,215402,9830,244423,7969,459825,California
Alameda,2021-03-17,17547,714745,9928,437150,6897,268852,722,8743,8117,214848,9390,253813,8836,468661,California
Alameda,2021-03-18,19258,734003,10496,447646,7864,276716,898,9641,8786,214096,10440,264253,9688,478349,California
Alameda,2021-03-19,19464,753467,10686,458332,6978,283694,1800,11441,7684,211841,11733,275986,9478,487827,California
Alameda,2021-03-20,15864,769331,10392,468724,4615,288309,857,12298,6444,209752,9386,285372,7297,495124,California
Alameda,2021-03-21,9265,778596,7285,476009,1423,289732,557,12855,3788,208630,5467,290839,4345,499469,California
Alameda,2021-03-22,15124,793720,10208,486217,3907,293639,1009,13864,7029,208594,8068,298907,8032,507501,California
Alameda,2021-03-23,19411,813131,11781,497998,6815,300454,815,14679,9875,209802,9488,308395,10696,518197,California
Alameda,2021-03-24,19329,832460,11728,509726,6581,307035,1020,15699,8438,208425,10828,319223,9451,527648,California
Alameda,2021-03-25,20635,853095,11487,521213,7740,314775,1408,17107,9499,208256,11066,330289,10897,538545,California
Alameda,2021-03-26,21065,874160,12720,533933,6773,321548,1572,18679,8545,205890,12473,342762,10107,548652,California
Alameda,2021-03-27,18440,892600,12575,546508,4903,326451,962,19641,7593,203627,10800,353562,8537,557189,California
Alameda,2021-03-28,10689,903289,8704,555212,1782,328233,203,19844,3528,200217,7148,360710,3738,560927,California
Alameda,2021-03-29,14793,918082,9491,564703,4305,332538,997,20841,5999,198453,8758,369468,6994,567921,California
Alameda,2021-03-30,18705,936787,9893,574596,7090,339628,1722,22563,9339,200174,9333,378801,11054,578975,California
Alameda,2021-03-31,19499,956286,10328,584924,7065,346693,2106,24669,9165,201127,10307,389108,11260,590235,California
Alameda,2021-04-01,23444,979730,10095,595019,7661,354354,5688,30357,11100,205603,12295,401403,16771,607006,California
Alameda,2021-04-02,24209,1003939,9996,605015,8346,362700,5867,36224,11707,210686,12463,413866,17546,624552,California
Alameda,2021-04-03,20422,1024361,9848,614863,5709,368409,4865,41089,10349,215840,10052,423918,15206,639758,California
Alameda,2021-04-04,9994,1034355,3993,618856,2288,370697,3713,44802,3463,216498,6513,430431,7171,646929,California
Alameda,2021-04-05,17898,1052253,7549,626405,5539,376236,4810,49612,7281,217996,10592,441023,12090,659019,California
Alameda,2021-04-06,22279,1074532,10733,637138,5689,381925,5857,55469,10107,221813,12135,453158,15952,674971,California
Alameda,2021-04-07,22611,1097143,11609,648747,5528,387453,5474,60943,11451,227616,11114,464272,16917,691888,California
Alameda,2021-04-08,25530,1122673,11547,660294,5997,393450,7986,68929,10902,231942,14555,478827,18881,710769,California
Alameda,2021-04-09,23449,1146122,10720,671014,7497,400947,5232,74161,12091,237951,11326,490153,17335,728104,California
Alameda,2021-04-10,19285,1165407,7448,678462,5642,406589,6195,80356,8181,241248,11080,501233,14377,742481,California
Alameda,2021-04-11,10992,1176399,4793,683255,2264,408853,3935,84291,4465,243125,6510,507743,8387,750868,California
Alameda,2021-04-12,18018,1194417,11723,694978,4309,413162,1986,86277,10123,247368,7860,515603,12103,762971,California
Alameda,2021-04-13,23029,1217446,14610,709588,8363,421525,56,86333,16937,258332,6039,521642,17003,779974,California
Alameda,2021-04-14,23120,1240566,15186,724774,7933,429458,1,86334,15605,266465,7480,529122,15613,795587,California
Alameda,2021-04-15,24117,1264683,15401,740175,8714,438172,2,86336,15995,274408,8062,537184,16005,811592,California
Alameda,2021-04-16,24429,1289112,14426,754601,9998,448170,5,86341,15739,281530,8633,545817,15755,827347,California
Alameda,2021-04-17,20911,1310023,14451,769052,6460,454630,0,86341,14440,289548,6436,552253,14454,841801,California
Alameda,2021-04-18,9985,1320008,7639,776691,2346,456976,0,86341,6907,293411,3049,555302,6912,848713,California
Alameda,2021-04-19,15676,1335684,9759,786450,5916,462892,1,86342,9086,295956,6551,561853,9096,857809,California
Alameda,2021-04-20,18197,1353881,11132,797582,7063,469955,2,86344,9982,297790,8170,570023,10004,867813,California
Alameda,2021-04-21,19170,1373051,11225,808807,7935,477890,10,86354,11184,301070,7932,577955,11212,879025,California
Alameda,2021-04-22,21475,1394526,13839,822646,7632,485522,4,86358,11434,302546,9986,587941,11462,890487,California
Alameda,2021-04-23,21881,1416407,14152,836798,7726,493248,3,86361,12247,305250,9572,597513,12276,902763,California
Alameda,2021-04-24,19033,1435440,14459,851257,4566,497814,8,86369,10071,306422,8916,606429,10088,912851,California
Alameda,2021-04-25,8946,1444386,6936,858193,2009,499823,1,86370,5835,309185,3083,609512,5846,918697,California
Alameda,2021-04-26,13831,1458217,9653,867846,4153,503976,25,86395,8598,312616,5200,614712,8631,927328,California
Alameda,2021-04-27,15809,1474026,9406,877252,6098,510074,305,86700,7448,312082,8311,623023,7777,935105,California
Alameda,2021-04-28,16009,1490035,10200,887452,5342,515416,467,87167,6265,309110,9714,632737,6742,941847,California
Alameda,2021-04-29,16795,1506830,10062,897514,6405,521821,328,87495,6019,304751,10726,643463,6367,948214,California
Alameda,2021-04-30,19503,1526333,12016,909530,7144,528965,343,87838,7904,301514,11523,654986,8286,956500,California
Alameda,2021-05-01,13987,1540320,9337,918867,4446,533411,204,88042,5220,298239,8728,663714,5453,961953,California
Alameda,2021-05-02,7042,1547362,4898,923765,1975,535386,169,88211,2875,297137,4151,667865,3049,965002,California
Alameda,2021-05-03,14423,1561785,10914,934679,3189,538575,320,88531,2821,288746,11560,679425,3169,968171,California
Alameda,2021-05-04,18261,1580046,13097,947776,4806,543381,358,88889,3641,278231,14545,693970,4030,972201,California
Alameda,2021-05-05,18321,1598367,13306,961082,4508,547889,507,89396,3752,267999,14506,708476,4274,976475,California
Alameda,2021-05-06,18613,1616980,14051,975133,3866,551755,696,90092,3608,257387,14929,723405,4317,980792,California
Alameda,2021-05-07,19117,1636097,12863,987996,5840,557595,414,90506,4363,247497,14685,738090,4795,985587,California
Alameda,2021-05-08,16466,1652563,11261,999257,4992,562587,213,90719,3103,237503,13325,751415,3331,988918,California
Alameda,2021-05-09,8515,1661078,6959,1006216,1413,564000,143,90862,1453,232061,7041,758456,1599,990517,California
Alameda,2021-05-10,10098,1671176,6893,1013109,2878,566878,327,91189,2484,227298,7582,766038,2819,993336,California
Alameda,2021-05-11,14984,1686160,8007,1021116,6678,573556,299,91488,2710,218107,12232,778270,3041,996377,California
Alameda,2021-05-12,12614,1698774,8266,1029382,3934,577490,414,91902,2621,211215,9952,788222,3060,999437,California
Alameda,2021-05-13,16757,1715531,11969,1041351,4269,581759,519,92421,5161,205371,11554,799776,5710,1005147,California
Alameda,2021-05-14,20494,1736025,13869,1055220,6148,587907,477,92898,7039,199522,13378,813154,7529,1012676,California
Alameda,2021-05-15,17066,1753091,12422,1067642,4417,592324,227,93125,5792,194314,11234,824388,6026,1018702,California
Alameda,2021-05-16,8381,1761472,7157,1074799,1132,593456,92,93217,2796,191653,5555,829943,2894,1021596,California
Alameda,2021-05-17,13381,1774853,9962,1084761,2890,596346,529,93746,4334,187517,9013,838956,4877,1026473,California
Alameda,2021-05-18,14115,1788968,10238,1094999,3453,599799,424,94170,5170,184209,8905,847861,5597,1032070,California
Alameda,2021-05-19,14343,1803311,9798,1104797,4213,604012,332,94502,6119,182489,8173,856034,6453,1038523,California
Alameda,2021-05-20,11627,1814938,7796,1112593,3400,607412,431,94933,5375,182087,6210,862244,5808,1044331,California
Alameda,2021-05-21,13533,1828471,8914,1121507,4391,611803,228,95161,4573,177986,8901,871145,4800,1049131,California
Alameda,2021-05-22,8941,1837412,6596,1128103,2201,614004,144,95305,3718,176651,5198,876343,3863,1052994,California
Alameda,2021-05-23,3778,1841190,3077,1131180,632,614636,69,95374,1176,175305,2592,878935,1246,1054240,California
Alameda,2021-05-24,6994,1848184,3985,1135165,2748,617384,261,95635,2807,174219,4157,883092,3071,1057311,California
Alameda,2021-05-25,7841,1856025,5026,1140191,2561,619945,254,95889,3534,173728,4278,887370,3787,1061098,California
Alameda,2021-05-26,8133,1864158,5077,1145268,2763,622708,293,96182,3779,173460,4336,891706,4068,1065166,California
Alameda,2021-05-27,7952,1872110,4765,1150033,2844,625552,343,96525,3525,172927,4397,896103,3864,1069030,California
Alameda,2021-05-28,8578,1880688,5037,1155070,3327,628879,214,96739,3652,171899,4895,900998,3867,1072897,California
Alameda,2021-05-29,4802,1885490,2878,1157948,1748,630627,176,96915,2495,172282,2288,903286,2671,1075568,California
Alameda,2021-05-30,2407,1887897,1568,1159516,754,631381,85,97000,974,171917,1423,904709,1058,1076626,California
Alameda,2021-05-31,798,1888695,624,1160140,133,631514,41,97041,244,171660,542,905251,285,1076911,California
Alpine,2020-12-18,2,2,2,2,0,0,0,0,2,2,0,0,2,2,California
Alpine,2020-12-19,2,4,2,4,0,0,0,0,2,4,0,0,2,4,California
Alpine,2020-12-21,2,6,2,6,0,0,0,0,2,6,0,0,2,6,California
Alpine,2020-12-30,14,20,0,6,14,14,0,0,14,20,0,0,14,20,California
Alpine,2020-12-31,1,21,0,6,1,15,0,0,1,21,0,0,1,21,California
Alpine,2021-01-01,1,22,0,6,1,16,0,0,1,22,0,0,1,22,California
Alpine,2021-01-02,1,23,1,7,0,16,0,0,1,23,0,0,1,23,California
Alpine,2021-01-04,10,33,0,7,10,26,0,0,10,33,0,0,10,33,California
Alpine,2021-01-05,9,42,1,8,8,34,0,0,9,42,0,0,9,42,California
Alpine,2021-01-06,31,73,0,8,31,65,0,0,31,73,0,0,31,73,California
Alpine,2021-01-07,8,81,0,8,8,73,0,0,8,81,0,0,8,81,California
Alpine,2021-01-08,4,85,2,10,2,75,0,0,2,81,2,2,2,83,California
Alpine,2021-01-09,2,87,2,12,0,75,0,0,0,79,2,4,0,83,California
Alpine,2021-01-11,32,119,1,13,31,106,0,0,31,109,1,5,31,114,California
Alpine,2021-01-13,35,154,0,13,35,141,0,0,35,144,0,5,35,149,California
Alpine,2021-01-14,1,155,0,13,1,142,0,0,1,145,0,5,1,150,California
Alpine,2021-01-15,1,156,0,13,1,143,0,0,1,146,0,5,1,151,California
Alpine,2021-01-20,21,177,0,13,21,164,0,0,21,167,0,5,21,172,California
Alpine,2021-01-21,1,178,0,13,1,165,0,0,1,168,0,5,1,173,California
Alpine,2021-01-22,33,211,0,13,33,198,0,0,33,201,0,5,33,206,California
Alpine,2021-01-23,1,212,1,14,0,198,0,0,0,200,1,6,0,206,California
Alpine,2021-01-25,16,228,0,14,16,214,0,0,16,216,0,6,16,222,California
Alpine,2021-01-27,1,229,1,15,0,214,0,0,0,215,1,7,0,222,California
Alpine,2021-01-28,1,230,0,15,1,215,0,0,0,214,1,8,0,222,California
Alpine,2021-01-29,1,231,0,15,1,216,0,0,1,215,0,8,1,223,California
Alpine,2021-02-01,25,256,0,15,25,241,0,0,7,204,18,26,7,230,California
Alpine,2021-02-03,34,290,0,15,34,275,0,0,10,190,24,50,10,240,California
Alpine,2021-02-04,8,298,0,15,8,283,0,0,3,188,5,55,3,243,California
Alpine,2021-02-05,31,329,0,15,31,314,0,0,12,181,19,74,12,255,California
Alpine,2021-02-08,32,361,0,15,32,346,0,0,4,157,28,102,4,259,California
Alpine,2021-02-10,34,395,0,15,34,380,0,0,0,123,34,136,0,259,California
Alpine,2021-02-11,6,401,0,15,6,386,0,0,3,123,3,139,3,262,California
Alpine,2021-02-12,1,402,0,15,1,387,0,0,0,122,1,140,0,262,California
Alpine,2021-02-17,23,425,0,15,23,410,0,0,3,105,20,160,3,265,California
Alpine,2021-02-18,2,427,0,15,2,412,0,0,1,105,1,161,1,266,California
Alpine,2021-02-19,34,461,1,16,33,445,0,0,2,75,32,193,2,268,California
Alpine,2021-02-22,27,488,0,16,27,472,0,0,8,64,19,212,8,276,California
Alpine,2021-02-24,1,489,1,17,0,472,0,0,1,65,0,212,1,277,California
Alpine,2021-02-25,6,495,1,18,5,477,0,0,6,71,0,212,6,283,California
Alpine,2021-02-26,30,525,1,19,29,506,0,0,29,99,1,213,29,312,California
Alpine,2021-02-27,1,526,0,19,1,507,0,0,1,100,0,213,1,313,California
Alpine,2021-03-01,36,562,0,19,36,543,0,0,26,116,10,223,26,339,California
Alpine,2021-03-03,29,591,0,19,29,572,0,0,18,123,11,234,18,357,California
Alpine,2021-03-04,11,602,1,20,10,582,0,0,11,134,0,234,11,368,California
Alpine,2021-03-05,30,632,0,20,30,612,0,0,22,148,8,242,22,390,California
Alpine,2021-03-08,31,663,0,20,31,643,0,0,29,175,2,244,29,419,California
Alpine,2021-03-10,73,736,0,20,73,716,0,0,73,248,0,244,73,492,California
Alpine,2021-03-11,35,771,0,20,35,751,0,0,31,275,4,248,31,523,California
Alpine,2021-03-12,19,790,0,20,19,770,0,0,17,290,2,250,17,540,California
Alpine,2021-03-15,21,811,1,21,20,790,0,0,20,309,1,251,20,560,California
Alpine,2021-03-17,23,834,0,21,22,812,1,1,19,325,4,255,20,580,California
Alpine,2021-03-18,38,872,3,24,35,847,0,1,35,357,3,258,35,615,California
Alpine,2021-03-19,2,874,1,25,1,848,0,1,1,357,1,259,1,616,California
Alpine,2021-03-22,24,898,0,25,24,872,0,1,15,363,9,268,15,631,California
Alpine,2021-03-24,19,917,0,25,19,891,0,1,8,360,11,279,8,639,California
Alpine,2021-03-25,35,952,1,26,33,924,1,2,28,382,7,286,29,668,California
Alpine,2021-03-27,1,953,0,26,1,925,0,2,0,381,1,287,0,668,California
Alpine,2021-03-28,1,954,1,27,0,925,0,2,1,382,0,287,1,669,California
Alpine,2021-03-29,19,973,0,27,18,943,1,3,2,368,17,304,3,672,California
Alpine,2021-04-01,18,991,0,27,18,961,0,3,8,366,10,314,8,680,California
Alpine,2021-04-02,101,1092,1,28,100,1061,0,3,46,358,54,368,46,726,California
Alpine,2021-04-05,4,1096,1,29,3,1064,0,3,0,354,4,372,0,726,California
Alpine,2021-04-06,3,1099,2,31,1,1065,0,3,2,355,1,373,2,728,California
Alpine,2021-04-07,117,1216,0,31,116,1181,1,4,30,300,86,459,31,759,California
Alpine,2021-04-08,36,1252,0,31,35,1216,1,5,10,285,26,485,11,770,California
Alpine,2021-04-09,2,1254,0,31,2,1218,0,5,2,287,0,485,2,772,California
Alpine,2021-04-14,47,1301,0,31,47,1265,0,5,10,260,37,522,10,782,California
Alpine,2021-04-15,35,1336,0,31,35,1300,0,5,3,231,32,554,3,785,California
Alpine,2021-04-16,1,1337,0,31,1,1301,0,5,1,232,0,554,1,786,California
Alpine,2021-04-19,1,1338,0,31,1,1302,0,5,1,233,0,554,1,787,California
Alpine,2021-04-21,31,1369,0,31,31,1333,0,5,15,232,16,570,15,802,California
Alpine,2021-04-22,24,1393,0,31,24,1357,0,5,1,210,23,593,1,803,California
Alpine,2021-04-24,2,1395,2,33,0,1357,0,5,0,209,2,595,1,804,California
Alpine,2021-04-25,1,1396,1,34,0,1357,0,5,0,208,1,596,0,804,California
Alpine,2021-04-27,2,1398,1,35,1,1358,0,5,1,208,1,597,1,805,California
Alpine,2021-04-28,36,1434,0,35,36,1394,0,5,6,184,30,627,6,811,California
Alpine,2021-04-29,7,1441,1,36,6,1400,0,5,1,179,6,633,1,812,California
Alpine,2021-04-30,2,1443,1,37,0,1400,1,6,1,180,1,634,2,814,California
Alpine,2021-05-02,1,1444,0,37,0,1400,1,7,0,180,1,635,1,815,California
Alpine,2021-05-05,17,1461,0,37,17,1417,0,7,4,171,13,648,4,819,California
Alpine,2021-05-06,8,1469,0,37,8,1425,0,7,0,163,8,656,0,819,California
Alpine,2021-05-07,1,1470,0,37,1,1426,0,7,0,162,1,657,0,819,California
Alpine,2021-05-10,1,1471,0,37,1,1427,0,7,1,163,0,657,1,820,California
Alpine,2021-05-12,1,1472,0,37,0,1427,1,8,0,163,1,658,1,821,California
Alpine,2021-05-13,3,1475,0,37,3,1430,0,8,0,160,3,661,0,821,California
Alpine,2021-05-17,2,1477,0,37,2,1432,0,8,1,160,1,662,1,822,California
Alpine,2021-05-18,1,1478,0,37,1,1433,0,8,1,161,0,662,1,823,California
Alpine,2021-05-19,15,1493,0,37,15,1448,0,8,0,146,15,677,0,823,California
Alpine,2021-05-20,1,1494,1,38,0,1448,0,8,0,145,1,678,0,823,California
Alpine,2021-05-21,1,1495,1,39,0,1448,0,8,0,144,1,679,0,823,California
Alpine,2021-05-25,2,1497,0,39,2,1450,0,8,0,142,2,681,0,823,California
Alpine,2021-05-27,1,1498,0,39,1,1451,0,8,1,143,0,681,1,824,California
Alpine,2021-05-28,1,1499,1,40,0,1451,0,8,1,144,0,681,1,825,California
Alpine,2021-05-29,1,1500,0,40,1,1452,0,8,1,145,0,681,1,826,California
Amador,2020-12-16,2,2,2,2,0,0,0,0,2,2,0,0,2,2,California
Amador,2020-12-17,5,7,5,7,0,0,0,0,5,7,0,0,5,7,California
Amador,2020-12-18,45,52,45,52,0,0,0,0,45,52,0,0,45,52,California
Amador,2020-12-19,17,69,17,69,0,0,0,0,17,69,0,0,17,69,California
Amador,2020-12-20,4,73,4,73,0,0,0,0,4,73,0,0,4,73,California
Amador,2020-12-21,31,104,31,104,0,0,0,0,31,104,0,0,31,104,California
Amador,2020-12-22,35,139,34,138,1,1,0,0,35,139,0,0,35,139,California
Amador,2020-12-23,39,178,38,176,1,2,0,0,39,178,0,0,39,178,California
Amador,2020-12-24,5,183,3,179,2,4,0,0,5,183,0,0,5,183,California
Amador,2020-12-26,5,188,4,183,1,5,0,0,5,188,0,0,5,188,California
Amador,2020-12-27,1,189,0,183,1,6,0,0,1,189,0,0,1,189,California
Amador,2020-12-28,31,220,27,210,4,10,0,0,31,220,0,0,31,220,California
Amador,2020-12-29,26,246,19,229,7,17,0,0,26,246,0,0,26,246,California
Amador,2020-12-30,124,370,78,307,46,63,0,0,124,370,0,0,124,370,California
Amador,2020-12-31,192,562,167,474,25,88,0,0,192,562,0,0,192,562,California
Amador,2021-01-01,2,564,0,474,2,90,0,0,2,564,0,0,2,564,California
Amador,2021-01-02,56,620,56,530,0,90,0,0,56,620,0,0,56,620,California
Amador,2021-01-03,65,685,17,547,48,138,0,0,65,685,0,0,65,685,California
Amador,2021-01-04,124,809,1,548,123,261,0,0,124,809,0,0,124,809,California
Amador,2021-01-05,33,842,3,551,30,291,0,0,31,839,2,2,32,841,California
Amador,2021-01-06,40,882,10,561,30,321,0,0,36,871,4,6,36,877,California
Amador,2021-01-07,230,1112,69,630,161,482,0,0,218,1077,12,18,218,1095,California
Amador,2021-01-08,85,1197,70,700,15,497,0,0,41,1075,44,62,42,1137,California
Amador,2021-01-09,11,1208,11,711,0,497,0,0,2,1068,9,71,2,1139,California
Amador,2021-01-10,6,1214,4,715,2,499,0,0,2,1066,4,75,2,1141,California
Amador,2021-01-11,125,1339,44,759,81,580,0,0,88,1118,37,112,89,1230,California
Amador,2021-01-12,64,1403,49,808,15,595,0,0,40,1134,24,136,40,1270,California
Amador,2021-01-13,40,1443,24,832,16,611,0,0,28,1150,12,148,28,1298,California
Amador,2021-01-14,150,1593,22,854,128,739,0,0,140,1281,10,158,141,1439,California
Amador,2021-01-15,60,1653,25,879,35,774,0,0,52,1325,8,166,52,1491,California
Amador,2021-01-16,18,1671,11,890,7,781,0,0,12,1332,6,172,13,1504,California
Amador,2021-01-17,25,1696,5,895,20,801,0,0,25,1357,0,172,25,1529,California
Amador,2021-01-18,31,1727,27,922,4,805,0,0,9,1344,22,194,9,1538,California
Amador,2021-01-19,125,1852,100,1022,25,830,0,0,81,1381,44,238,81,1619,California
Amador,2021-01-20,184,2036,34,1056,150,980,0,0,168,1534,15,253,168,1787,California
Amador,2021-01-21,259,2295,228,1284,31,1011,0,0,148,1572,111,364,149,1936,California
Amador,2021-01-22,137,2432,74,1358,63,1074,0,0,130,1695,7,371,130,2066,California
Amador,2021-01-23,52,2484,32,1390,20,1094,0,0,50,1743,2,373,50,2116,California
Amador,2021-01-24,29,2513,12,1402,17,1111,0,0,26,1766,3,376,26,2142,California
Amador,2021-01-25,59,2572,28,1430,31,1142,0,0,42,1791,17,393,42,2184,California
Amador,2021-01-26,245,2817,17,1447,228,1370,0,0,235,2016,10,403,235,2419,California
Amador,2021-01-27,301,3118,32,1479,269,1639,0,0,254,2226,45,448,255,2674,California
Amador,2021-01-28,369,3487,97,1576,272,1911,0,0,288,2434,81,529,289,2963,California
Amador,2021-01-29,97,3584,32,1608,65,1976,0,0,82,2501,15,544,82,3045,California
Amador,2021-01-30,169,3753,37,1645,132,2108,0,0,164,2660,5,549,164,3209,California
Amador,2021-01-31,32,3785,28,1673,4,2112,0,0,31,2690,1,550,31,3240,California
Amador,2021-02-01,63,3848,23,1696,40,2152,0,0,36,2699,27,577,36,3276,California
Amador,2021-02-02,213,4061,64,1760,149,2301,0,0,127,2743,83,660,127,3403,California
Amador,2021-02-03,142,4203,39,1799,103,2404,0,0,91,2784,50,710,91,3494,California
Amador,2021-02-04,251,4454,74,1873,177,2581,0,0,164,2863,87,797,166,3660,California
Amador,2021-02-05,332,4786,64,1937,268,2849,0,0,316,3163,16,813,316,3976,California
Amador,2021-02-06,99,4885,80,2017,19,2868,0,0,95,3254,4,817,95,4071,California
Amador,2021-02-07,39,4924,35,2052,4,2872,0,0,35,3286,4,821,36,4107,California
Amador,2021-02-08,90,5014,62,2114,28,2900,0,0,73,3342,17,838,73,4180,California
Amador,2021-02-09,175,5189,82,2196,93,2993,0,0,109,3385,66,904,109,4289,California
Amador,2021-02-10,980,6169,80,2276,900,3893,0,0,946,4297,34,938,946,5235,California
Amador,2021-02-11,310,6479,120,2396,190,4083,0,0,199,4387,109,1047,199,5434,California
Amador,2021-02-12,331,6810,122,2518,209,4292,0,0,257,4570,74,1121,257,5691,California
Amador,2021-02-13,168,6978,82,2600,86,4378,0,0,142,4686,26,1147,142,5833,California
Amador,2021-02-14,123,7101,54,2654,69,4447,0,0,106,4775,17,1164,106,5939,California
Amador,2021-02-15,188,7289,61,2715,127,4574,0,0,171,4930,16,1180,171,6110,California
Amador,2021-02-16,465,7754,53,2768,412,4986,0,0,426,5318,39,1219,427,6537,California
Amador,2021-02-17,263,8017,84,2852,179,5165,0,0,166,5387,97,1316,166,6703,California
Amador,2021-02-18,397,8414,99,2951,298,5463,0,0,333,5656,64,1380,333,7036,California
Amador,2021-02-19,195,8609,77,3028,118,5581,0,0,111,5683,84,1464,111,7147,California
Amador,2021-02-20,95,8704,33,3061,62,5643,0,0,67,5722,28,1492,67,7214,California
Amador,2021-02-21,45,8749,34,3095,11,5654,0,0,14,5705,31,1523,14,7228,California
Amador,2021-02-22,65,8814,25,3120,40,5694,0,0,32,5705,32,1555,32,7260,California
Amador,2021-02-23,320,9134,54,3174,266,5960,0,0,140,5665,180,1735,140,7400,California
Amador,2021-02-24,397,9531,58,3232,339,6299,0,0,264,5800,129,1864,264,7664,California
Amador,2021-02-25,524,10055,119,3351,405,6704,0,0,278,5833,245,2109,278,7942,California
Amador,2021-02-26,623,10678,76,3427,547,7251,0,0,509,6228,114,2223,509,8451,California
Amador,2021-02-27,292,10970,93,3520,199,7450,0,0,101,6141,190,2413,103,8554,California
Amador,2021-02-28,104,11074,53,3573,51,7501,0,0,58,6155,46,2459,60,8614,California
Amador,2021-03-01,190,11264,67,3640,123,7624,0,0,121,6208,69,2528,122,8736,California
Amador,2021-03-02,381,11645,63,3703,318,7942,0,0,332,6492,49,2577,333,9069,California
Amador,2021-03-03,243,11888,79,3782,164,8106,0,0,167,6585,75,2652,168,9237,California
Amador,2021-03-04,497,12385,116,3898,381,8487,0,0,394,6877,102,2754,394,9631,California
Amador,2021-03-05,513,12898,77,3975,436,8923,0,0,294,6955,218,2972,296,9927,California
Amador,2021-03-06,99,12997,46,4021,52,8975,1,1,54,6965,45,3017,55,9982,California
Amador,2021-03-07,65,13062,44,4065,21,8996,0,1,22,6944,43,3060,22,10004,California
Amador,2021-03-08,153,13215,71,4136,81,9077,1,2,92,6976,61,3121,93,10097,California
Amador,2021-03-09,373,13588,50,4186,323,9400,0,2,293,7192,77,3198,293,10390,California
Amador,2021-03-10,516,14104,77,4263,437,9837,2,4,112,6904,404,3602,116,10506,California
Amador,2021-03-11,475,14579,118,4381,346,10183,11,15,300,7044,174,3776,314,10820,California
Amador,2021-03-12,568,15147,66,4447,495,10678,7,22,337,7163,230,4006,349,11169,California
Amador,2021-03-13,115,15262,18,4465,90,10768,7,29,74,7207,41,4047,85,11254,California
Amador,2021-03-14,89,15351,19,4484,67,10835,3,32,21,7163,68,4115,24,11278,California
Amador,2021-03-15,180,15531,26,4510,147,10982,7,39,55,7101,125,4240,63,11341,California
Amador,2021-03-16,453,15984,54,4564,389,11371,10,49,139,6938,312,4552,149,11490,California
Amador,2021-03-17,196,16180,43,4607,150,11521,3,52,117,6980,79,4631,121,11611,California
Amador,2021-03-18,478,16658,101,4708,373,11894,4,56,252,7014,226,4857,260,11871,California
Amador,2021-03-19,541,17199,56,4764,468,12362,17,73,391,7277,148,5005,411,12282,California
Amador,2021-03-20,110,17309,46,4810,63,12425,1,74,46,7263,63,5068,49,12331,California
Amador,2021-03-21,48,17357,36,4846,11,12436,1,75,31,7281,16,5084,34,12365,California
Amador,2021-03-22,116,17473,34,4880,53,12489,29,104,52,7298,64,5148,81,12446,California
Amador,2021-03-23,434,17907,47,4927,380,12869,7,111,275,7423,158,5306,283,12729,California
Amador,2021-03-24,343,18250,36,4963,54,12923,253,364,35,7404,307,5613,288,13017,California
Amador,2021-03-25,607,18857,85,5048,516,13439,6,370,395,7594,211,5824,401,13418,California
Amador,2021-03-26,745,19602,44,5092,695,14134,6,376,281,7422,462,6286,290,13708,California
Amador,2021-03-27,90,19692,15,5107,73,14207,2,378,27,7390,63,6349,31,13739,California
Amador,2021-03-28,70,19762,16,5123,52,14259,2,380,12,7348,57,6406,15,13754,California
Amador,2021-03-29,182,19944,27,5150,154,14413,1,381,81,7336,99,6505,87,13841,California
Amador,2021-03-30,535,20479,28,5178,506,14919,1,382,294,7391,240,6745,295,14136,California
Amador,2021-03-31,199,20678,57,5235,137,15056,5,387,43,7284,155,6900,48,14184,California
Amador,2021-04-01,614,21292,87,5322,527,15583,0,387,263,7200,349,7249,265,14449,California
Amador,2021-04-02,607,21899,38,5360,557,16140,12,399,381,7370,225,7474,395,14844,California
Amador,2021-04-03,84,21983,21,5381,43,16183,20,419,21,7350,63,7537,43,14887,California
Amador,2021-04-04,38,22021,3,5384,29,16212,6,425,15,7348,23,7560,21,14908,California
Amador,2021-04-05,145,22166,52,5436,76,16288,17,442,49,7321,95,7655,68,14976,California
Amador,2021-04-06,502,22668,38,5474,446,16734,18,460,222,7283,278,7933,240,15216,California
Amador,2021-04-07,98,22766,34,5508,45,16779,19,479,41,7288,55,7988,60,15276,California
Amador,2021-04-08,496,23262,86,5594,389,17168,21,500,222,7258,273,8261,243,15519,California
Amador,2021-04-09,481,23743,20,5614,442,17610,19,519,211,7217,269,8530,228,15747,California
Amador,2021-04-10,50,23793,14,5628,27,17637,9,528,22,7220,28,8558,31,15778,California
Amador,2021-04-11,50,23843,25,5653,21,17658,4,532,23,7221,26,8584,27,15805,California
Amador,2021-04-12,98,23941,26,5679,62,17720,10,542,42,7217,56,8640,52,15857,California
Amador,2021-04-13,344,24285,50,5729,294,18014,0,542,67,7008,276,8916,67,15924,California
Amador,2021-04-14,281,24566,27,5756,254,18268,0,542,176,7082,102,9018,176,16100,California
Amador,2021-04-15,332,24898,74,5830,258,18526,0,542,72,6899,255,9273,72,16172,California
Amador,2021-04-16,482,25380,29,5859,453,18979,0,542,385,7188,96,9369,385,16557,California
Amador,2021-04-17,60,25440,34,5893,26,19005,0,542,25,7178,35,9404,25,16582,California
Amador,2021-04-18,26,25466,6,5899,20,19025,0,542,11,7175,14,9418,11,16593,California
Amador,2021-04-19,69,25535,27,5926,42,19067,0,542,30,7169,38,9456,32,16625,California
Amador,2021-04-20,436,25971,55,5981,381,19448,0,542,111,6964,318,9774,113,16738,California
Amador,2021-04-21,85,26056,33,6014,52,19500,0,542,43,6966,41,9815,43,16781,California
Amador,2021-04-22,497,26553,78,6092,418,19918,1,543,104,6685,386,10201,105,16886,California
Amador,2021-04-23,358,26911,46,6138,312,20230,0,543,286,6902,71,10272,288,17174,California
Amador,2021-04-24,48,26959,24,6162,24,20254,0,543,27,6909,20,10292,27,17201,California
Amador,2021-04-25,41,27000,19,6181,22,20276,0,543,29,6926,12,10304,29,17230,California
Amador,2021-04-26,86,27086,26,6207,59,20335,1,544,40,6922,45,10349,41,17271,California
Amador,2021-04-27,490,27576,38,6245,451,20786,1,545,87,6610,401,10750,89,17360,California
Amador,2021-04-28,67,27643,29,6274,34,20820,4,549,39,6625,28,10778,43,17403,California
Amador,2021-04-29,222,27865,69,6343,44,20864,109,658,64,6639,158,10936,172,17575,California
Amador,2021-04-30,338,28203,26,6369,308,21172,4,662,95,6495,243,11179,99,17674,California
Amador,2021-05-01,42,28245,16,6385,22,21194,4,666,22,6503,18,11197,26,17700,California
Amador,2021-05-02,27,28272,14,6399,10,21204,3,669,10,6500,17,11214,14,17714,California
Amador,2021-05-03,67,28339,33,6432,24,21228,10,679,27,6497,40,11254,37,17751,California
Amador,2021-05-04,465,28804,26,6458,432,21660,7,686,68,6175,397,11651,75,17826,California
Amador,2021-05-05,201,29005,153,6611,39,21699,9,695,162,6307,39,11690,171,17997,California
Amador,2021-05-06,108,29113,54,6665,49,21748,5,700,63,6332,43,11733,68,18065,California
Amador,2021-05-07,126,29239,29,6694,90,21838,7,707,66,6345,60,11793,73,18138,California
Amador,2021-05-08,41,29280,8,6702,30,21868,3,710,20,6347,21,11814,23,18161,California
Amador,2021-05-09,15,29295,0,6702,9,21877,6,716,4,6346,11,11825,10,18171,California
Amador,2021-05-10,62,29357,15,6717,44,21921,3,719,26,6339,36,11861,29,18200,California
Amador,2021-05-11,102,29459,34,6751,42,21963,26,745,45,6353,57,11918,71,18271,California
Amador,2021-05-12,63,29522,21,6772,41,22004,1,746,29,6349,34,11952,30,18301,California
Amador,2021-05-13,73,29595,39,6811,28,22032,6,752,36,6356,35,11987,42,18343,California
Amador,2021-05-14,395,29990,35,6846,356,22388,4,756,87,6139,308,12295,91,18434,California
Amador,2021-05-15,51,30041,20,6866,20,22408,11,767,23,6146,28,12323,35,18469,California
Amador,2021-05-16,38,30079,15,6881,23,22431,0,767,17,6142,21,12344,17,18486,California
Amador,2021-05-17,75,30154,22,6903,51,22482,2,769,36,6142,38,12382,38,18524,California
Amador,2021-05-18,247,30401,169,7072,43,22525,35,804,163,6257,83,12465,198,18722,California
Amador,2021-05-19,73,30474,22,7094,47,22572,4,808,33,6257,39,12504,39,18761,California
Amador,2021-05-20,79,30553,45,7139,31,22603,3,811,31,6244,47,12551,34,18795,California
Amador,2021-05-21,266,30819,29,7168,235,22838,2,813,40,6060,226,12777,42,18837,California
Amador,2021-05-22,41,30860,16,7184,20,22858,5,818,16,6056,25,12802,21,18858,California
Amador,2021-05-23,23,30883,7,7191,15,22873,1,819,8,6050,15,12817,9,18867,California
Amador,2021-05-24,86,30969,28,7219,46,22919,12,831,40,6057,45,12862,52,18919,California
Amador,2021-05-25,140,31109,88,7307,27,22946,25,856,82,6108,56,12918,107,19026,California
Amador,2021-05-26,204,31313,161,7468,37,22983,6,862,42,5994,161,13079,47,19073,California
Amador,2021-05-27,77,31390,35,7503,34,23017,8,870,28,5981,49,13128,36,19109,California
Amador,2021-05-28,65,31455,23,7526,39,23056,3,873,26,5971,39,13167,29,19138,California
Amador,2021-05-29,25,31480,1,7527,21,23077,3,876,11,5971,14,13181,14,19152,California
Amador,2021-05-30,18,31498,4,7531,8,23085,6,882,5,5969,13,13194,11,19163,California
Amador,2021-05-31,9,31507,0,7531,8,23093,1,883,2,5965,7,13201,3,19166,California
Butte,2020-12-16,3,3,3,3,0,0,0,0,3,3,0,0,3,3,California
Butte,2020-12-17,21,24,21,24,0,0,0,0,21,24,0,0,21,24,California
Butte,2020-12-18,50,74,50,74,0,0,0,0,50,74,0,0,50,74,California
Butte,2020-12-19,7,81,7,81,0,0,0,0,7,81,0,0,7,81,California
Butte,2020-12-20,10,91,10,91,0,0,0,0,10,91,0,0,10,91,California
Butte,2020-12-21,634,725,634,725,0,0,0,0,634,725,0,0,634,725,California
Butte,2020-12-22,619,1344,617,1342,2,2,0,0,619,1344,0,0,619,1344,California
Butte,2020-12-23,878,2222,862,2204,16,18,0,0,878,2222,0,0,878,2222,California
Butte,2020-12-24,159,2381,155,2359,4,22,0,0,159,2381,0,0,159,2381,California
Butte,2020-12-26,93,2474,91,2450,2,24,0,0,93,2474,0,0,93,2474,California
Butte,2020-12-27,35,2509,34,2484,1,25,0,0,35,2509,0,0,35,2509,California
Butte,2020-12-28,279,2788,273,2757,6,31,0,0,279,2788,0,0,279,2788,California
Butte,2020-12-29,202,2990,178,2935,24,55,0,0,202,2990,0,0,202,2990,California
Butte,2020-12-30,514,3504,291,3226,223,278,0,0,514,3504,0,0,514,3504,California
Butte,2020-12-31,211,3715,18,3244,193,471,0,0,211,3715,0,0,211,3715,California
Butte,2021-01-01,8,3723,1,3245,7,478,0,0,8,3723,0,0,8,3723,California
Butte,2021-01-02,41,3764,38,3283,3,481,0,0,41,3764,0,0,41,3764,California
Butte,2021-01-03,3,3767,0,3283,3,484,0,0,3,3767,0,0,3,3767,California
Butte,2021-01-04,208,3975,175,3458,33,517,0,0,208,3975,0,0,208,3975,California
Butte,2021-01-05,197,4172,152,3610,45,562,0,0,196,4170,1,1,196,4171,California
Butte,2021-01-06,624,4796,397,4007,227,789,0,0,619,4785,5,6,620,4791,California
Butte,2021-01-07,761,5557,369,4376,392,1181,0,0,741,5506,20,26,741,5532,California
Butte,2021-01-08,670,6227,530,4906,140,1321,0,0,624,6084,46,72,624,6156,California
Butte,2021-01-09,12,6239,7,4913,5,1326,0,0,7,6086,5,77,7,6163,California
Butte,2021-01-10,19,6258,5,4918,14,1340,0,0,14,6095,5,82,14,6177,California
Butte,2021-01-11,985,7243,949,5867,36,1376,0,0,357,5827,628,710,360,6537,California
Butte,2021-01-12,698,7941,653,6520,45,1421,0,0,274,5677,424,1134,274,6811,California
Butte,2021-01-13,1569,9510,1075,7595,494,1915,0,0,731,5572,838,1972,733,7544,California
Butte,2021-01-14,1633,11143,892,8487,741,2656,0,0,1437,6814,195,2167,1437,8981,California
Butte,2021-01-15,1054,12197,813,9300,241,2897,0,0,945,7649,110,2277,945,9926,California
Butte,2021-01-16,586,12783,300,9600,286,3183,0,0,541,8145,45,2322,541,10467,California
Butte,2021-01-17,238,13021,64,9664,174,3357,0,0,201,8309,37,2359,201,10668,California
Butte,2021-01-18,344,13365,302,9966,42,3399,0,0,276,8518,67,2426,276,10944,California
Butte,2021-01-19,495,13860,432,10398,63,3462,0,0,223,8469,272,2698,223,11167,California
Butte,2021-01-20,1368,15228,688,11086,680,4142,0,0,1065,9231,303,3001,1065,12232,California
Butte,2021-01-21,1475,16703,867,11953,608,4750,0,0,1367,10491,107,3108,1367,13599,California
Butte,2021-01-22,1137,17840,478,12431,659,5409,0,0,1084,11522,53,3161,1084,14683,California
Butte,2021-01-23,127,17967,85,12516,42,5451,0,0,101,11597,26,3187,101,14784,California
Butte,2021-01-24,9,17976,7,12523,2,5453,0,0,9,11606,0,3187,9,14793,California
Butte,2021-01-25,655,18631,335,12858,320,5773,0,0,492,11935,163,3350,492,15285,California
Butte,2021-01-26,1469,20100,377,13235,1092,6865,0,0,1332,13130,137,3487,1332,16617,California
Butte,2021-01-27,2097,22197,705,13940,1392,8257,0,0,1366,13766,730,4217,1366,17983,California
Butte,2021-01-28,2263,24460,262,14202,2001,10258,0,0,1951,15406,311,4528,1951,19934,California
Butte,2021-01-29,1685,26145,486,14688,1199,11457,0,0,1308,16338,376,4904,1308,21242,California
Butte,2021-01-30,31,26176,8,14696,23,11480,0,0,29,16365,2,4906,29,21271,California
Butte,2021-01-31,16,26192,14,14710,2,11482,0,0,15,16379,1,4907,15,21286,California
Butte,2021-02-01,1749,27941,406,15116,1343,12825,0,0,1361,17354,386,5293,1361,22647,California
Butte,2021-02-02,1931,29872,363,15479,1568,14393,0,0,1628,18678,304,5597,1628,24275,California
Butte,2021-02-03,2741,32613,777,16256,1964,16357,0,0,1849,19637,890,6487,1849,26124,California
Butte,2021-02-04,2958,35571,324,16580,2634,18991,0,0,2402,21485,554,7041,2402,28526,California
Butte,2021-02-05,1274,36845,667,17247,607,19598,0,0,553,21318,721,7762,554,29080,California
Butte,2021-02-06,145,36990,104,17351,41,19639,0,0,63,21299,82,7844,63,29143,California
Butte,2021-02-07,37,37027,33,17384,4,19643,0,0,13,21288,24,7868,13,29156,California
Butte,2021-02-08,699,37726,548,17932,151,19794,0,0,242,21073,457,8325,242,29398,California
Butte,2021-02-09,953,38679,459,18391,494,20288,0,0,723,21566,230,8555,723,30121,California
Butte,2021-02-10,1706,40385,1190,19581,516,20804,0,0,675,21212,1029,9584,675,30796,California
Butte,2021-02-11,2202,42587,1347,20928,855,21659,0,0,1005,21020,1197,10781,1005,31801,California
Butte,2021-02-12,1003,43590,436,21364,567,22226,0,0,330,20678,672,11453,330,32131,California
Butte,2021-02-13,251,43841,43,21407,208,22434,0,0,150,20727,101,11554,150,32281,California
Butte,2021-02-14,160,44001,9,21416,151,22585,0,0,156,20879,4,11558,156,32437,California
Butte,2021-02-15,263,44264,47,21463,216,22801,0,0,198,21012,65,11623,198,32635,California
Butte,2021-02-16,733,44997,432,21895,301,23102,0,0,277,20832,457,12080,277,32912,California
Butte,2021-02-17,1516,46513,849,22744,667,23769,0,0,842,21002,672,12752,842,33754,California
Butte,2021-02-18,1559,48072,763,23507,796,24565,0,0,749,20941,810,13562,749,34503,California
Butte,2021-02-19,1169,49241,389,23896,780,25345,0,0,402,20583,760,14322,402,34905,California
Butte,2021-02-20,479,49720,32,23928,447,25792,0,0,126,20357,352,14674,126,35031,California
Butte,2021-02-21,18,49738,16,23944,2,25794,0,0,13,20365,5,14679,13,35044,California
Butte,2021-02-22,1501,51239,297,24241,1204,26998,0,0,378,19623,1120,15799,378,35422,California
Butte,2021-02-23,1635,52874,297,24538,1338,28336,0,0,463,18919,1167,16966,463,35885,California
Butte,2021-02-24,2138,55012,598,25136,1540,29876,0,0,726,18241,1404,18370,726,36611,California
Butte,2021-02-25,2076,57088,577,25713,1499,31375,0,0,656,17483,1415,19785,657,37268,California
Butte,2021-02-26,920,58008,311,26024,609,31984,0,0,396,17358,521,20306,396,37664,California
Butte,2021-02-27,237,58245,50,26074,187,32171,0,0,186,17495,49,20355,186,37850,California
Butte,2021-02-28,139,58384,16,26090,123,32294,0,0,131,17618,8,20363,131,37981,California
Butte,2021-03-01,1629,60013,177,26267,1451,33745,1,1,329,16651,1297,21660,330,38311,California
Butte,2021-03-02,1749,61762,198,26465,1551,35296,0,1,312,15530,1433,23093,312,38623,California
Butte,2021-03-03,2788,64550,851,27316,1937,37233,0,1,482,13709,2304,25397,483,39106,California
Butte,2021-03-04,3152,67702,683,27999,2469,39702,0,1,628,11814,2523,27920,628,39734,California
Butte,2021-03-05,1354,69056,616,28615,737,40439,1,2,737,11939,613,28533,738,40472,California
Butte,2021-03-06,247,69303,27,28642,197,40636,23,25,186,12088,60,28593,209,40681,California
Butte,2021-03-07,54,69357,3,28645,34,40670,17,42,29,12109,25,28618,46,40727,California
Butte,2021-03-08,1267,70624,129,28774,1060,41730,78,120,1101,13125,163,28781,1179,41906,California
Butte,2021-03-09,1902,72526,284,29058,1515,43245,103,223,1412,14153,487,29268,1515,43421,California
Butte,2021-03-10,2318,74844,966,30024,1251,44496,101,324,1577,15094,736,30004,1677,45098,California
Butte,2021-03-11,2812,77656,1319,31343,1367,45863,126,450,1982,16383,819,30823,2108,47206,California
Butte,2021-03-12,1147,78803,330,31673,468,46331,349,799,356,16304,785,31608,706,47912,California
Butte,2021-03-13,255,79058,69,31742,137,46468,49,848,62,16222,193,31801,111,48023,California
Butte,2021-03-14,162,79220,16,31758,104,46572,42,890,20,16143,141,31942,62,48085,California
Butte,2021-03-15,1742,80962,359,32117,1089,47661,294,1184,1147,16996,588,32530,1441,49526,California
Butte,2021-03-16,1654,82616,416,32533,1160,48821,78,1262,1113,17648,538,33068,1190,50716,California
Butte,2021-03-17,1957,84573,1358,33891,518,49339,81,1343,1138,18055,811,33879,1218,51934,California
Butte,2021-03-18,1811,86384,1466,35357,216,49555,129,1472,1065,18508,740,34619,1193,53127,California
Butte,2021-03-19,702,87086,314,35671,304,49859,84,1556,348,18596,344,34963,432,53559,California
Butte,2021-03-20,208,87294,32,35703,160,50019,16,1572,96,18596,112,35075,112,53671,California
Butte,2021-03-21,58,87352,27,35730,2,50021,29,1601,15,18597,43,35118,44,53715,California
Butte,2021-03-22,1484,88836,352,36082,1038,51059,94,1695,1220,19649,262,35380,1314,55029,California
Butte,2021-03-23,1827,90663,493,36575,1220,52279,114,1809,1476,20891,348,35728,1590,56619,California
Butte,2021-03-24,2266,92929,1269,37844,871,53150,126,1935,1717,22188,545,36273,1842,58461,California
Butte,2021-03-25,1485,94414,1201,39045,192,53342,92,2027,1018,22835,463,36736,1110,59571,California
Butte,2021-03-26,1208,95622,441,39486,521,53863,246,2273,560,23001,640,37376,806,60377,California
Butte,2021-03-27,302,95924,85,39571,193,54056,24,2297,136,22996,163,37539,158,60535,California
Butte,2021-03-28,227,96151,44,39615,175,54231,8,2305,103,22985,121,37660,110,60645,California
Butte,2021-03-29,1759,97910,381,39996,1308,55539,70,2375,1342,23985,412,38072,1412,62057,California
Butte,2021-03-30,1040,98950,471,40467,479,56018,90,2465,493,24027,541,38613,583,62640,California
Butte,2021-03-31,1779,100729,1304,41771,408,56426,67,2532,1088,24497,685,39298,1155,63795,California
Butte,2021-04-01,3329,104058,2706,44477,496,56922,127,2659,2259,25820,1064,40362,2387,66182,California
Butte,2021-04-02,1003,105061,419,44896,464,57386,120,2779,566,26075,429,40791,684,66866,California
Butte,2021-04-03,347,105408,46,44942,226,57612,75,2854,164,26131,183,40974,239,67105,California
Butte,2021-04-04,188,105596,24,44966,141,57753,23,2877,110,26188,76,41050,133,67238,California
Butte,2021-04-05,1971,107567,420,45386,1379,59132,172,3049,594,25596,1368,42418,776,68014,California
Butte,2021-04-06,2200,109767,616,46002,1161,60293,423,3472,798,25419,1396,43814,1219,69233,California
Butte,2021-04-07,3041,112808,1323,47325,1325,61618,393,3865,716,24217,2319,46133,1117,70350,California
Butte,2021-04-08,2732,115540,1190,48515,1276,62894,266,4131,443,22644,2286,48419,713,71063,California
Butte,2021-04-09,1373,116913,352,48867,541,63435,480,4611,328,22409,1041,49460,806,71869,California
Butte,2021-04-10,223,117136,48,48915,77,63512,98,4709,100,22483,123,49583,197,72066,California
Butte,2021-04-11,106,117242,44,48959,52,63564,10,4719,82,22552,23,49606,92,72158,California
Butte,2021-04-12,1407,118649,314,49273,960,64524,133,4852,233,21744,1174,50780,366,72524,California
Butte,2021-04-13,1642,120291,572,49845,1064,65588,6,4858,336,20787,1299,52079,342,72866,California
Butte,2021-04-14,2822,123113,2335,52180,487,66075,0,4858,1305,20582,1511,53590,1306,74172,California
Butte,2021-04-15,642,123755,397,52577,245,66320,0,4858,485,20913,154,53744,485,74657,California
Butte,2021-04-16,810,124565,414,52991,396,66716,0,4858,475,21055,333,54077,475,75132,California
Butte,2021-04-17,342,124907,61,53052,281,66997,0,4858,238,21191,102,54179,238,75370,California
Butte,2021-04-18,42,124949,11,53063,31,67028,0,4858,38,21225,4,54183,38,75408,California
Butte,2021-04-19,1561,126510,381,53444,1180,68208,0,4858,428,20523,1130,55313,428,75836,California
Butte,2021-04-20,1969,128479,717,54161,1252,69460,0,4858,750,20062,1211,56524,750,76586,California
Butte,2021-04-21,2049,130528,1165,55326,884,70344,0,4858,465,18949,1578,58102,465,77051,California
Butte,2021-04-22,2219,132747,1941,57267,278,70622,0,4858,609,17952,1606,59708,609,77660,California
Butte,2021-04-23,942,133689,445,57712,497,71119,0,4858,490,17989,453,60161,490,78150,California
Butte,2021-04-24,345,134034,138,57850,207,71326,0,4858,190,18024,155,60316,190,78340,California
Butte,2021-04-25,172,134206,67,57917,105,71431,0,4858,63,17978,109,60425,63,78403,California
Butte,2021-04-26,1488,135694,428,58345,1055,72486,5,4863,383,17264,1102,61527,388,78791,California
Butte,2021-04-27,935,136629,639,58984,269,72755,27,4890,563,17487,367,61894,590,79381,California
Butte,2021-04-28,1393,138022,937,59921,431,73186,25,4915,504,17128,888,62782,529,79910,California
Butte,2021-04-29,885,138907,543,60464,317,73503,25,4940,298,16870,581,63363,323,80233,California
Butte,2021-04-30,894,139801,387,60851,486,73989,21,4961,451,16904,437,63800,471,80704,California
Butte,2021-05-01,239,140040,64,60915,156,74145,19,4980,69,16823,169,63969,88,80792,California
Butte,2021-05-02,147,140187,61,60976,73,74218,13,4993,42,16773,105,64074,55,80847,California
Butte,2021-05-03,606,140793,250,61226,325,74543,31,5024,155,16519,440,64514,186,81033,California
Butte,2021-05-04,816,141609,315,61541,469,75012,32,5056,211,16162,599,65113,242,81275,California
Butte,2021-05-05,1338,142947,1090,62631,212,75224,36,5092,275,15416,1057,66170,311,81586,California
Butte,2021-05-06,928,143875,670,63301,221,75445,37,5129,359,15246,566,66736,396,81982,California
Butte,2021-05-07,563,144438,291,63592,235,75680,37,5166,288,15299,272,67008,325,82307,California
Butte,2021-05-08,170,144608,36,63628,125,75805,9,5175,90,15319,79,67087,99,82406,California
Butte,2021-05-09,94,144702,20,63648,71,75876,3,5178,50,15328,44,67131,53,82459,California
Butte,2021-05-10,520,145222,307,63955,170,76046,43,5221,214,15282,303,67434,257,82716,California
Butte,2021-05-11,862,146084,641,64596,164,76210,57,5278,275,15030,584,68018,332,83048,California
Butte,2021-05-12,732,146816,472,65068,214,76424,46,5324,328,15004,400,68418,374,83422,California
Butte,2021-05-13,847,147663,569,65637,219,76643,59,5383,295,14815,541,68959,352,83774,California
Butte,2021-05-14,834,148497,522,66159,282,76925,30,5413,361,14736,469,69428,390,84164,California
Butte,2021-05-15,480,148977,223,66382,225,77150,32,5445,223,14735,256,69684,255,84419,California
Butte,2021-05-16,169,149146,83,66465,68,77218,18,5463,98,14781,70,69754,116,84535,California
Butte,2021-05-17,758,149904,486,66951,225,77443,47,5510,338,14748,417,70171,384,84919,California
Butte,2021-05-18,1058,150962,726,67677,284,77727,48,5558,480,14704,572,70743,528,85447,California
Butte,2021-05-19,833,151795,543,68220,246,77973,44,5602,335,14588,494,71237,378,85825,California
Butte,2021-05-20,836,152631,574,68794,160,78133,102,5704,333,14522,501,71738,435,86260,California
Butte,2021-05-21,780,153411,490,69284,263,78396,27,5731,261,14294,515,72253,287,86547,California
Butte,2021-05-22,217,153628,104,69388,108,78504,5,5736,107,14299,107,72360,112,86659,California
Butte,2021-05-23,75,153703,46,69434,26,78530,3,5739,43,14313,32,72392,46,86705,California
Butte,2021-05-24,327,154030,138,69572,145,78675,44,5783,168,14367,158,72550,212,86917,California
Butte,2021-05-25,673,154703,426,69998,213,78888,34,5817,334,14402,332,72882,367,87284,California
Butte,2021-05-26,549,155252,178,70176,352,79240,19,5836,246,14372,295,73177,265,87549,California
Butte,2021-05-27,818,156070,596,70772,205,79445,17,5853,391,14359,422,73599,409,87958,California
Butte,2021-05-28,494,156564,129,70901,292,79737,73,5926,198,14337,293,73892,271,88229,California
Butte,2021-05-29,202,156766,103,71004,88,79825,11,5937,129,14404,73,73965,140,88369,California
Butte,2021-05-30,107,156873,57,71061,48,79873,2,5939,60,14419,47,74012,62,88431,California
Butte,2021-05-31,29,156902,13,71074,14,79887,2,5941,19,14430,10,74022,21,88452,California
Calaveras,2020-12-16,5,5,5,5,0,0,0,0,5,5,0,0,5,5,California
Calaveras,2020-12-17,3,8,3,8,0,0,0,0,3,8,0,0,3,8,California
Calaveras,2020-12-18,39,47,39,47,0,0,0,0,39,47,0,0,39,47,California
Calaveras,2020-12-19,3,50,3,50,0,0,0,0,3,50,0,0,3,50,California
Calaveras,2020-12-20,4,54,4,54,0,0,0,0,4,54,0,0,4,54,California
Calaveras,2020-12-21,55,109,48,102,7,7,0,0,55,109,0,0,55,109,California
Calaveras,2020-12-22,82,191,78,180,4,11,0,0,83,192,0,0,83,192,California
Calaveras,2020-12-23,76,267,74,254,2,13,0,0,76,268,0,0,76,268,California
Calaveras,2020-12-24,2,269,2,256,0,13,0,0,2,270,0,0,2,270,California
Calaveras,2020-12-26,3,272,3,259,0,13,0,0,3,273,0,0,3,273,California
Calaveras,2020-12-28,21,293,17,276,4,17,0,0,20,292,1,1,20,293,California
Calaveras,2020-12-29,158,451,138,414,20,37,0,0,158,450,0,1,158,451,California
Calaveras,2020-12-30,94,545,82,496,12,49,0,0,94,544,0,1,94,545,California
Calaveras,2020-12-31,37,582,26,522,11,60,0,0,37,581,0,1,37,582,California
Calaveras,2021-01-02,11,593,11,533,0,60,0,0,11,592,0,1,11,593,California
Calaveras,2021-01-03,10,603,4,537,6,66,0,0,10,602,0,1,10,603,California
Calaveras,2021-01-04,33,636,5,542,28,94,0,0,33,635,0,1,33,636,California
Calaveras,2021-01-05,40,676,9,551,31,125,0,0,31,662,9,10,36,672,California
Calaveras,2021-01-06,107,783,30,581,77,202,0,0,97,749,10,20,97,769,California
Calaveras,2021-01-07,105,888,26,607,79,281,0,0,92,831,11,31,93,862,California
Calaveras,2021-01-08,69,957,39,646,30,311,0,0,45,853,24,55,46,908,California
Calaveras,2021-01-09,5,962,5,651,0,311,0,0,2,852,3,58,2,910,California
Calaveras,2021-01-10,2,964,0,651,2,313,0,0,2,854,0,58,2,912,California
Calaveras,2021-01-11,65,1029,59,710,6,319,0,0,27,846,37,95,29,941,California
Calaveras,2021-01-12,86,1115,53,763,33,352,0,0,52,865,34,129,53,994,California
Calaveras,2021-01-13,111,1226,45,808,66,418,0,0,77,909,34,163,78,1072,California
Calaveras,2021-01-14,140,1366,43,851,97,515,0,0,107,985,32,195,108,1180,California
Calaveras,2021-01-15,92,1458,28,879,64,579,0,0,72,1037,20,215,72,1252,California
Calaveras,2021-01-16,13,1471,2,881,11,590,0,0,12,1048,1,216,12,1264,California
Calaveras,2021-01-17,9,1480,1,882,8,598,0,0,9,1057,0,216,9,1273,California
Calaveras,2021-01-18,133,1613,20,902,113,711,0,0,119,1165,14,230,122,1395,California
Calaveras,2021-01-19,206,1819,175,1077,31,742,0,0,69,1099,136,366,70,1465,California
Calaveras,2021-01-20,378,2197,82,1159,296,1038,0,0,291,1315,86,452,302,1767,California
Calaveras,2021-01-21,464,2661,41,1200,423,1461,0,0,428,1719,36,488,440,2207,California
Calaveras,2021-01-22,402,3063,23,1223,379,1840,0,0,392,2108,10,498,399,2606,California
Calaveras,2021-01-23,20,3083,8,1231,12,1852,0,0,19,2126,1,499,19,2625,California
Calaveras,2021-01-24,14,3097,8,1239,6,1858,0,0,12,2136,2,501,12,2637,California
Calaveras,2021-01-25,86,3183,8,1247,78,1936,0,0,81,2212,5,506,81,2718,California
Calaveras,2021-01-26,47,3230,15,1262,32,1968,0,0,39,2243,8,514,39,2757,California
Calaveras,2021-01-27,131,3361,44,1306,87,2055,0,0,102,2317,28,542,102,2859,California
Calaveras,2021-01-28,165,3526,25,1331,140,2195,0,0,140,2436,25,567,144,3003,California
Calaveras,2021-01-29,375,3901,12,1343,363,2558,0,0,346,2766,29,596,359,3362,California
Calaveras,2021-01-30,27,3928,10,1353,17,2575,0,0,25,2791,0,596,25,3387,California
Calaveras,2021-01-31,6,3934,4,1357,2,2577,0,0,5,2795,1,597,5,3392,California
Calaveras,2021-02-01,26,3960,11,1368,15,2592,0,0,17,2803,9,606,17,3409,California
Calaveras,2021-02-02,109,4069,22,1390,87,2679,0,0,71,2842,33,639,72,3481,California
Calaveras,2021-02-03,434,4503,44,1434,390,3069,0,0,349,3109,84,723,351,3832,California
Calaveras,2021-02-04,381,4884,25,1459,356,3425,0,0,296,3323,85,808,299,4131,California
Calaveras,2021-02-05,79,4963,22,1481,57,3482,0,0,41,3327,38,846,42,4173,California
Calaveras,2021-02-06,21,4984,12,1493,9,3491,0,0,21,3348,0,846,21,4194,California
Calaveras,2021-02-07,4,4988,1,1494,3,3494,0,0,2,3348,2,848,2,4196,California
Calaveras,2021-02-08,39,5027,18,1512,21,3515,0,0,31,3373,6,854,31,4227,California
Calaveras,2021-02-09,193,5220,77,1589,116,3631,0,0,131,3445,60,914,132,4359,California
Calaveras,2021-02-10,515,5735,31,1620,484,4115,0,0,442,3819,73,987,447,4806,California
Calaveras,2021-02-11,584,6319,81,1701,503,4618,0,0,473,4188,108,1095,477,5283,California
Calaveras,2021-02-12,569,6888,324,2025,245,4863,0,0,492,4608,75,1170,495,5778,California
Calaveras,2021-02-13,201,7089,45,2070,156,5019,0,0,186,4779,15,1185,186,5964,California
Calaveras,2021-02-14,221,7310,71,2141,150,5169,0,0,206,4971,14,1199,206,6170,California
Calaveras,2021-02-15,382,7692,23,2164,359,5528,0,0,262,5116,117,1316,262,6432,California
Calaveras,2021-02-16,269,7961,145,2309,124,5652,0,0,230,5310,39,1355,233,6665,California
Calaveras,2021-02-17,512,8473,38,2347,474,6126,0,0,209,5230,292,1647,212,6877,California
Calaveras,2021-02-18,498,8971,91,2438,407,6533,0,0,95,4941,385,2032,96,6973,California
Calaveras,2021-02-19,440,9411,43,2481,397,6930,0,0,98,4707,332,2364,98,7071,California
Calaveras,2021-02-20,59,9470,15,2496,44,6974,0,0,48,4744,11,2375,48,7119,California
Calaveras,2021-02-21,24,9494,14,2510,10,6984,0,0,18,4757,5,2380,18,7137,California
Calaveras,2021-02-22,62,9556,38,2548,24,7008,0,0,33,4761,29,2409,33,7170,California
Calaveras,2021-02-23,127,9683,42,2590,85,7093,0,0,91,4817,36,2445,92,7262,California
Calaveras,2021-02-24,97,9780,48,2638,49,7142,0,0,67,4855,29,2474,67,7329,California
Calaveras,2021-02-25,550,10330,100,2738,450,7592,0,0,354,5023,191,2665,359,7688,California
Calaveras,2021-02-26,750,11080,46,2784,704,8296,0,0,397,5088,333,2998,398,8086,California
Calaveras,2021-02-27,204,11284,22,2806,182,8478,0,0,180,5244,24,3022,180,8266,California
Calaveras,2021-02-28,97,11381,15,2821,82,8560,0,0,91,5330,5,3027,91,8357,California
Calaveras,2021-03-01,230,11611,41,2862,189,8749,0,0,146,5397,80,3107,147,8504,California
Calaveras,2021-03-02,250,11861,97,2959,153,8902,0,0,204,5559,43,3150,205,8709,California
Calaveras,2021-03-03,514,12375,104,3063,410,9312,0,0,212,5475,296,3446,212,8921,California
Calaveras,2021-03-04,746,13121,69,3132,676,9988,1,1,354,5448,383,3829,356,9277,California
Calaveras,2021-03-05,454,13575,271,3403,179,10167,4,5,140,5283,309,4138,144,9421,California
Calaveras,2021-03-06,154,13729,42,3445,106,10273,6,11,114,5363,40,4178,120,9541,California
Calaveras,2021-03-07,75,13804,32,3477,36,10309,7,18,34,5363,41,4219,41,9582,California
Calaveras,2021-03-08,164,13968,28,3505,128,10437,8,26,130,5468,33,4252,138,9720,California
Calaveras,2021-03-09,361,14329,137,3642,218,10655,6,32,32,5183,323,4575,38,9758,California
Calaveras,2021-03-10,419,14748,31,3673,385,11040,3,35,58,4889,355,4930,61,9819,California
Calaveras,2021-03-11,852,15600,423,4096,416,11456,13,48,433,4923,414,5344,448,10267,California
Calaveras,2021-03-12,402,16002,213,4309,179,11635,10,58,326,5190,75,5419,342,10609,California
Calaveras,2021-03-13,177,16179,16,4325,153,11788,8,66,139,5303,37,5456,150,10759,California
Calaveras,2021-03-14,156,16335,11,4336,144,11932,1,67,18,5191,138,5594,26,10785,California
Calaveras,2021-03-15,330,16665,48,4384,256,12188,26,93,52,4996,277,5871,82,10867,California
Calaveras,2021-03-16,689,17354,553,4937,116,12304,20,113,546,5421,141,6012,566,11433,California
Calaveras,2021-03-17,281,17635,53,4990,214,12518,14,127,50,5259,227,6239,65,11498,California
Calaveras,2021-03-18,665,18300,570,5560,79,12597,16,143,549,5710,116,6355,567,12065,California
Calaveras,2021-03-19,232,18532,51,5611,107,12704,74,217,58,5670,170,6525,130,12195,California
Calaveras,2021-03-20,81,18613,22,5633,58,12762,1,218,23,5637,58,6583,25,12220,California
Calaveras,2021-03-21,47,18660,30,5663,6,12768,11,229,12,5625,35,6618,23,12243,California
Calaveras,2021-03-22,79,18739,35,5698,23,12791,21,250,25,5617,54,6672,46,12289,California
Calaveras,2021-03-23,295,19034,204,5902,81,12872,10,260,117,5576,168,6840,127,12416,California
Calaveras,2021-03-24,134,19168,51,5953,73,12945,10,270,43,5540,89,6929,53,12469,California
Calaveras,2021-03-25,743,19911,103,6056,636,13581,4,274,446,5701,289,7218,450,12919,California
Calaveras,2021-03-26,428,20339,28,6084,394,13975,6,280,88,5460,337,7555,96,13015,California
Calaveras,2021-03-27,212,20551,19,6103,189,14164,4,284,37,5331,172,7727,43,13058,California
Calaveras,2021-03-28,111,20662,12,6115,97,14261,2,286,8,5240,102,7829,11,13069,California
Calaveras,2021-03-29,178,20840,24,6139,151,14412,3,289,58,5184,118,7947,62,13131,California
Calaveras,2021-03-30,539,21379,25,6164,497,14909,17,306,361,5385,177,8124,378,13509,California
Calaveras,2021-03-31,323,21702,141,6305,172,15081,10,316,156,5385,167,8291,167,13676,California
Calaveras,2021-04-01,685,22387,443,6748,241,15322,1,317,187,5080,496,8787,191,13867,California
Calaveras,2021-04-02,394,22781,231,6979,155,15477,8,325,117,4932,274,9061,126,13993,California
Calaveras,2021-04-03,144,22925,34,7013,106,15583,4,329,40,4872,104,9165,44,14037,California
Calaveras,2021-04-04,78,23003,25,7038,53,15636,0,329,49,4892,29,9194,49,14086,California
Calaveras,2021-04-05,212,23215,81,7119,121,15757,10,339,100,4890,112,9306,110,14196,California
Calaveras,2021-04-06,651,23866,573,7692,64,15821,14,353,111,4479,536,9842,125,14321,California
Calaveras,2021-04-07,754,24620,658,8350,60,15881,36,389,617,4996,137,9979,654,14975,California
Calaveras,2021-04-08,946,25566,855,9205,70,15951,21,410,436,4947,507,10486,458,15433,California
Calaveras,2021-04-09,154,25720,58,9263,48,15999,48,458,57,4957,96,10582,106,15539,California
Calaveras,2021-04-10,192,25912,44,9307,130,16129,18,476,150,5085,41,10623,169,15708,California
Calaveras,2021-04-11,69,25981,44,9351,23,16152,2,478,48,5114,21,10644,50,15758,California
Calaveras,2021-04-12,104,26085,47,9398,38,16190,19,497,55,5140,49,10693,75,15833,California
Calaveras,2021-04-13,423,26508,368,9766,55,16245,0,497,364,5448,58,10751,366,16199,California
Calaveras,2021-04-14,181,26689,28,9794,153,16398,0,497,135,5538,46,10797,136,16335,California
Calaveras,2021-04-15,336,27025,287,10081,49,16447,0,497,253,5711,80,10877,253,16588,California
Calaveras,2021-04-16,99,27124,25,10106,74,16521,0,497,47,5710,48,10925,47,16635,California
Calaveras,2021-04-17,332,27456,127,10233,205,16726,0,497,289,5956,43,10968,289,16924,California
Calaveras,2021-04-18,17,27473,5,10238,12,16738,0,497,10,5959,7,10975,10,16934,California
Calaveras,2021-04-19,72,27545,27,10265,45,16783,0,497,45,5979,26,11001,46,16980,California
Calaveras,2021-04-20,263,27808,93,10358,170,16953,0,497,196,6110,65,11066,196,17176,California
Calaveras,2021-04-21,217,28025,146,10504,71,17024,0,497,85,6066,130,11196,86,17262,California
Calaveras,2021-04-22,542,28567,96,10600,446,17470,0,497,141,5810,399,11595,143,17405,California
Calaveras,2021-04-23,159,28726,81,10681,78,17548,0,497,65,5784,91,11686,65,17470,California
Calaveras,2021-04-24,173,28899,37,10718,136,17684,0,497,130,5873,42,11728,131,17601,California
Calaveras,2021-04-25,43,28942,28,10746,15,17699,0,497,22,5876,21,11749,24,17625,California
Calaveras,2021-04-26,96,29038,59,10805,37,17736,0,497,28,5837,68,11817,29,17654,California
Calaveras,2021-04-27,425,29463,59,10864,353,18089,13,510,53,5534,369,12186,66,17720,California
Calaveras,2021-04-28,642,30105,574,11438,37,18126,31,541,52,5034,590,12776,90,17810,California
Calaveras,2021-04-29,511,30616,440,11878,52,18178,19,560,72,4692,438,13214,96,17906,California
Calaveras,2021-04-30,148,30764,59,11937,84,18262,5,565,66,4688,81,13295,77,17983,California
Calaveras,2021-05-01,198,30962,110,12047,86,18348,2,567,131,4759,66,13361,137,18120,California
Calaveras,2021-05-02,52,31014,35,12082,16,18364,1,568,20,4750,31,13392,22,18142,California
Calaveras,2021-05-03,93,31107,69,12151,19,18383,5,573,29,4724,64,13456,38,18180,California
Calaveras,2021-05-04,414,31521,329,12480,48,18431,37,610,42,4433,371,13827,80,18260,California
Calaveras,2021-05-05,110,31631,57,12537,21,18452,32,642,48,4451,61,13888,79,18339,California
Calaveras,2021-05-06,253,31884,194,12731,36,18488,23,665,47,4316,206,14094,71,18410,California
Calaveras,2021-05-07,84,31968,24,12755,54,18542,6,671,54,4346,30,14124,60,18470,California
Calaveras,2021-05-08,290,32258,141,12896,147,18689,2,673,92,4244,196,14320,94,18564,California
Calaveras,2021-05-09,28,32286,12,12908,13,18702,3,676,12,4243,16,14336,15,18579,California
Calaveras,2021-05-10,54,32340,24,12932,29,18731,1,677,23,4239,29,14365,25,18604,California
Calaveras,2021-05-11,128,32468,85,13017,31,18762,12,689,89,4303,38,14403,102,18706,California
Calaveras,2021-05-12,157,32625,37,13054,120,18882,0,689,44,4235,112,14515,44,18750,California
Calaveras,2021-05-13,113,32738,60,13114,38,18920,15,704,59,4256,53,14568,74,18824,California
Calaveras,2021-05-14,150,32888,93,13207,54,18974,3,707,101,4312,48,14616,104,18928,California
Calaveras,2021-05-15,266,33154,93,13300,170,19144,3,710,105,4265,155,14771,108,19036,California
Calaveras,2021-05-16,28,33182,11,13311,17,19161,0,710,13,4264,15,14786,14,19050,California
Calaveras,2021-05-17,88,33270,41,13352,40,19201,7,717,48,4281,39,14825,56,19106,California
Calaveras,2021-05-18,224,33494,60,13412,142,19343,22,739,72,4224,151,14976,94,19200,California
Calaveras,2021-05-19,147,33641,59,13471,83,19426,5,744,71,4226,75,15051,77,19277,California
Calaveras,2021-05-20,181,33822,72,13543,87,19513,22,766,60,4189,118,15169,81,19358,California
Calaveras,2021-05-21,77,33899,48,13591,26,19539,3,769,49,4214,27,15196,52,19410,California
Calaveras,2021-05-22,275,34174,149,13740,126,19665,0,769,134,4209,139,15335,134,19544,California
Calaveras,2021-05-23,18,34192,15,13755,3,19668,0,769,10,4211,8,15343,10,19554,California
Calaveras,2021-05-24,67,34259,32,13787,20,19688,15,784,28,4216,39,15382,44,19598,California
Calaveras,2021-05-25,117,34376,46,13833,55,19743,16,800,56,4227,61,15443,72,19670,California
Calaveras,2021-05-26,120,34496,87,13920,29,19772,4,804,82,4275,37,15480,85,19755,California
Calaveras,2021-05-27,82,34578,43,13963,35,19807,4,808,26,4253,53,15533,31,19786,California
Calaveras,2021-05-28,78,34656,40,14003,34,19841,4,812,36,4251,42,15575,40,19826,California
Calaveras,2021-05-29,64,34720,20,14023,39,19880,5,817,29,4251,34,15609,34,19860,California
Calaveras,2021-05-30,33,34753,13,14036,15,19895,5,822,10,4243,23,15632,15,19875,California
Calaveras,2021-05-31,3,34756,0,14036,3,19898,0,822,0,4240,3,15635,0,19875,California
Colusa,2020-12-18,1,1,1,1,0,0,0,0,1,1,0,0,1,1,California
Colusa,2020-12-21,2,3,2,3,0,0,0,0,2,3,0,0,2,3,California
Colusa,2020-12-22,10,13,10,13,0,0,0,0,10,13,0,0,10,13,California
Colusa,2020-12-23,10,23,10,23,0,0,0,0,10,23,0,0,10,23,California
Colusa,2020-12-24,2,25,1,24,1,1,0,0,2,25,0,0,2,25,California
Colusa,2020-12-27,1,26,1,25,0,1,0,0,1,26,0,0,1,26,California
Colusa,2020-12-28,7,33,3,28,4,5,0,0,7,33,0,0,7,33,California
Colusa,2020-12-29,11,44,8,36,3,8,0,0,11,44,0,0,11,44,California
Colusa,2020-12-30,50,94,13,49,37,45,0,0,50,94,0,0,50,94,California
Colusa,2020-12-31,18,112,1,50,17,62,0,0,18,112,0,0,18,112,California
Colusa,2021-01-04,4,116,0,50,4,66,0,0,4,116,0,0,4,116,California
Colusa,2021-01-05,67,183,1,51,66,132,0,0,67,183,0,0,67,183,California
Colusa,2021-01-06,15,198,9,60,6,138,0,0,15,198,0,0,15,198,California
Colusa,2021-01-07,38,236,4,64,34,172,0,0,37,234,1,1,37,235,California
Colusa,2021-01-08,9,245,7,71,2,174,0,0,8,241,1,2,8,243,California
Colusa,2021-01-09,2,247,1,72,1,175,0,0,2,243,0,2,2,245,California
Colusa,2021-01-10,1,248,0,72,1,176,0,0,1,244,0,2,1,246,California
Colusa,2021-01-11,12,260,6,78,6,182,0,0,7,246,5,7,7,253,California
Colusa,2021-01-12,11,271,9,87,2,184,0,0,6,247,5,12,6,259,California
Colusa,2021-01-13,21,292,13,100,8,192,0,0,13,252,8,20,13,272,California
Colusa,2021-01-14,35,327,28,128,7,199,0,0,33,283,2,22,33,305,California
Colusa,2021-01-15,42,369,5,133,37,236,0,0,40,321,2,24,40,345,California
Colusa,2021-01-16,12,381,1,134,11,247,0,0,11,331,1,25,11,356,California
Colusa,2021-01-17,3,384,2,136,1,248,0,0,2,332,1,26,2,358,California
Colusa,2021-01-18,4,388,0,136,4,252,0,0,4,336,0,26,4,362,California
Colusa,2021-01-19,9,397,8,144,1,253,0,0,5,337,4,30,5,367,California
Colusa,2021-01-20,115,512,101,245,14,267,0,0,102,426,13,43,102,469,California
Colusa,2021-01-21,56,568,41,286,15,282,0,0,55,480,1,44,55,524,California
Colusa,2021-01-22,40,608,17,303,23,305,0,0,35,510,5,49,35,559,California
Colusa,2021-01-23,35,643,6,309,29,334,0,0,35,545,0,49,35,594,California
Colusa,2021-01-25,7,650,0,309,7,341,0,0,7,552,0,49,7,601,California
Colusa,2021-01-26,8,658,5,314,3,344,0,0,5,554,3,52,5,606,California
Colusa,2021-01-27,109,767,31,345,78,422,0,0,107,659,2,54,107,713,California
Colusa,2021-01-28,79,846,46,391,33,455,0,0,72,724,7,61,72,785,California
Colusa,2021-01-29,42,888,7,398,35,490,0,0,41,764,1,62,41,826,California
Colusa,2021-01-30,27,915,4,402,23,513,0,0,27,791,0,62,27,853,California
Colusa,2021-01-31,7,922,7,409,0,513,0,0,7,798,0,62,7,860,California
Colusa,2021-02-01,27,949,10,419,17,530,0,0,22,815,5,67,22,882,California
Colusa,2021-02-02,43,992,9,428,34,564,0,0,37,846,6,73,37,919,California
Colusa,2021-02-03,69,1061,10,438,59,623,0,0,59,895,10,83,59,978,California
Colusa,2021-02-04,143,1204,81,519,62,685,0,0,115,982,28,111,115,1093,California
Colusa,2021-02-05,32,1236,8,527,24,709,0,0,29,1008,3,114,29,1122,California
Colusa,2021-02-06,285,1521,9,536,276,985,0,0,274,1271,11,125,274,1396,California
Colusa,2021-02-07,2,1523,1,537,1,986,0,0,0,1269,2,127,0,1396,California
Colusa,2021-02-08,40,1563,5,542,35,1021,0,0,37,1303,3,130,37,1433,California
Colusa,2021-02-09,231,1794,14,556,217,1238,0,0,176,1424,55,185,176,1609,California
Colusa,2021-02-10,116,1910,41,597,75,1313,0,0,73,1454,43,228,73,1682,California
Colusa,2021-02-11,98,2008,36,633,62,1375,0,0,73,1502,25,253,73,1755,California
Colusa,2021-02-12,118,2126,9,642,109,1484,0,0,79,1541,40,293,79,1834,California
Colusa,2021-02-13,60,2186,8,650,52,1536,0,0,52,1585,8,301,52,1886,California
Colusa,2021-02-14,21,2207,8,658,13,1549,0,0,15,1594,6,307,15,1901,California
Colusa,2021-02-15,46,2253,10,668,36,1585,0,0,39,1626,7,314,39,1940,California
Colusa,2021-02-16,67,2320,4,672,63,1648,0,0,66,1691,1,315,66,2006,California
Colusa,2021-02-17,206,2526,143,815,63,1711,0,0,60,1605,146,461,60,2066,California
Colusa,2021-02-18,135,2661,35,850,100,1811,0,0,112,1694,23,484,112,2178,California
Colusa,2021-02-19,155,2816,19,869,136,1947,0,0,129,1797,26,510,129,2307,California
Colusa,2021-02-20,28,2844,6,875,22,1969,0,0,12,1793,16,526,12,2319,California
Colusa,2021-02-21,1,2845,1,876,0,1969,0,0,0,1792,1,527,0,2319,California
Colusa,2021-02-22,43,2888,26,902,17,1986,0,0,29,1807,14,541,29,2348,California
Colusa,2021-02-23,23,2911,7,909,16,2002,0,0,18,1820,5,546,18,2366,California
Colusa,2021-02-24,302,3213,54,963,248,2250,0,0,160,1838,142,688,160,2526,California
Colusa,2021-02-25,102,3315,55,1018,47,2297,0,0,66,1868,36,724,66,2592,California
Colusa,2021-02-26,100,3415,14,1032,86,2383,0,0,60,1888,40,764,60,2652,California
Colusa,2021-02-27,55,3470,4,1036,51,2434,0,0,40,1913,15,779,40,2692,California
Colusa,2021-02-28,26,3496,14,1050,12,2446,0,0,17,1921,9,788,17,2709,California
Colusa,2021-03-01,46,3542,15,1065,31,2477,0,0,29,1933,17,805,29,2738,California
Colusa,2021-03-02,49,3591,13,1078,36,2513,0,0,26,1936,23,828,26,2764,California
Colusa,2021-03-03,242,3833,43,1121,199,2712,0,0,185,2064,57,885,185,2949,California
Colusa,2021-03-04,138,3971,58,1179,80,2792,0,0,79,2084,59,944,79,3028,California
Colusa,2021-03-05,98,4069,25,1204,64,2856,9,9,53,2101,45,989,62,3090,California
Colusa,2021-03-06,274,4343,9,1213,265,3121,0,9,37,1901,237,1226,37,3127,California
Colusa,2021-03-07,8,4351,5,1218,3,3124,0,9,6,1905,2,1228,6,3133,California
Colusa,2021-03-08,89,4440,21,1239,33,3157,35,44,45,1941,44,1272,80,3213,California
Colusa,2021-03-09,277,4717,75,1314,179,3336,23,67,86,1859,191,1463,109,3322,California
Colusa,2021-03-10,289,5006,37,1351,216,3552,36,103,203,2012,86,1549,239,3561,California
Colusa,2021-03-11,420,5426,60,1411,339,3891,21,124,339,2289,81,1630,358,3919,California
Colusa,2021-03-12,109,5535,18,1429,78,3969,13,137,19,2231,90,1720,32,3951,California
Colusa,2021-03-13,61,5596,16,1445,36,4005,9,146,18,2215,43,1763,27,3978,California
Colusa,2021-03-14,20,5616,0,1445,18,4023,2,148,6,2210,13,1776,8,3986,California
Colusa,2021-03-15,71,5687,27,1472,36,4059,8,156,15,2177,56,1832,23,4009,California
Colusa,2021-03-16,297,5984,16,1488,235,4294,46,202,189,2304,108,1940,235,4244,California
Colusa,2021-03-17,194,6178,49,1537,145,4439,0,202,108,2326,86,2026,108,4352,California
Colusa,2021-03-18,324,6502,37,1574,216,4655,71,273,201,2475,123,2149,272,4624,California
Colusa,2021-03-19,78,6580,20,1594,56,4711,2,275,53,2505,25,2174,55,4679,California
Colusa,2021-03-20,49,6629,7,1601,41,4752,1,276,36,2529,13,2187,37,4716,California
Colusa,2021-03-21,6,6635,4,1605,2,4754,0,276,4,2531,2,2189,4,4720,California
Colusa,2021-03-22,62,6697,10,1615,43,4797,9,285,40,2558,22,2211,49,4769,California
Colusa,2021-03-23,82,6779,16,1631,64,4861,2,287,55,2588,27,2238,57,4826,California
Colusa,2021-03-24,340,7119,57,1688,277,5138,6,293,68,2389,272,2510,73,4899,California
Colusa,2021-03-25,107,7226,58,1746,44,5182,5,298,51,2389,56,2566,56,4955,California
Colusa,2021-03-26,300,7526,47,1793,249,5431,4,302,247,2587,53,2619,251,5206,California
Colusa,2021-03-27,63,7589,5,1798,58,5489,0,302,25,2574,38,2657,25,5231,California
Colusa,2021-03-28,16,7605,7,1805,9,5498,0,302,8,2574,8,2665,8,5239,California
Colusa,2021-03-29,72,7677,20,1825,46,5544,6,308,32,2572,40,2705,38,5277,California
Colusa,2021-03-30,152,7829,83,1908,67,5611,2,310,72,2567,80,2785,75,5352,California
Colusa,2021-03-31,234,8063,42,1950,192,5803,0,310,74,2482,159,2944,74,5426,California
Colusa,2021-04-01,430,8493,72,2022,304,6107,54,364,308,2722,121,3065,361,5787,California
Colusa,2021-04-02,82,8575,13,2035,55,6162,14,378,38,2730,44,3109,52,5839,California
Colusa,2021-04-03,61,8636,10,2045,28,6190,23,401,14,2719,47,3156,36,5875,California
Colusa,2021-04-04,18,8654,0,2045,8,6198,10,411,3,2717,15,3171,13,5888,California
Colusa,2021-04-05,96,8750,26,2071,55,6253,15,426,39,2714,57,3228,54,5942,California
Colusa,2021-04-06,130,8880,35,2106,45,6298,50,476,43,2721,87,3315,94,6036,California
Colusa,2021-04-07,356,9236,39,2145,294,6592,23,499,130,2649,226,3541,154,6190,California
Colusa,2021-04-08,430,9666,34,2179,369,6961,27,526,123,2496,304,3845,151,6341,California
Colusa,2021-04-09,77,9743,21,2200,32,6993,24,550,28,2499,49,3894,52,6393,California
Colusa,2021-04-10,45,9788,9,2209,15,7008,21,571,12,2499,33,3927,33,6426,California
Colusa,2021-04-11,16,9804,3,2212,11,7019,2,573,8,2501,8,3935,10,6436,California
Colusa,2021-04-12,31,9835,3,2215,28,7047,0,573,24,2518,7,3942,24,6460,California
Colusa,2021-04-13,279,10114,22,2237,257,7304,0,573,94,2428,184,4126,94,6554,California
Colusa,2021-04-14,95,10209,19,2256,76,7380,0,573,35,2402,61,4187,35,6589,California
Colusa,2021-04-15,323,10532,45,2301,278,7658,0,573,132,2343,191,4378,132,6721,California
Colusa,2021-04-16,79,10611,11,2312,68,7726,0,573,35,2335,43,4421,35,6756,California
Colusa,2021-04-17,51,10662,7,2319,44,7770,0,573,29,2342,22,4443,29,6785,California
Colusa,2021-04-18,9,10671,2,2321,7,7777,0,573,7,2347,2,4445,7,6792,California
Colusa,2021-04-19,61,10732,22,2343,39,7816,0,573,17,2320,44,4489,17,6809,California
Colusa,2021-04-20,176,10908,32,2375,144,7960,0,573,129,2400,49,4538,129,6938,California
Colusa,2021-04-21,170,11078,59,2434,111,8071,0,573,110,2450,60,4598,110,7048,California
Colusa,2021-04-22,420,11498,27,2461,392,8463,1,574,216,2463,203,4801,216,7264,California
Colusa,2021-04-23,91,11589,17,2478,74,8537,0,574,35,2442,56,4857,35,7299,California
Colusa,2021-04-24,237,11826,19,2497,217,8754,1,575,205,2615,32,4889,205,7504,California
Colusa,2021-04-25,12,11838,6,2503,6,8760,0,575,8,2619,4,4893,8,7512,California
Colusa,2021-04-26,23,11861,5,2508,17,8777,1,576,6,2609,16,4909,6,7518,California
Colusa,2021-04-27,94,11955,23,2531,67,8844,4,580,43,2605,51,4960,47,7565,California
Colusa,2021-04-28,188,12143,26,2557,159,9003,3,583,139,2699,48,5008,142,7707,California
Colusa,2021-04-29,317,12460,27,2584,286,9289,4,587,48,2484,267,5275,52,7759,California
Colusa,2021-04-30,65,12525,18,2602,47,9336,0,587,41,2501,24,5299,41,7800,California
Colusa,2021-05-01,19,12544,8,2610,8,9344,3,590,9,2503,10,5309,12,7812,California
Colusa,2021-05-02,3,12547,0,2610,2,9346,1,591,2,2505,1,5310,3,7815,California
Colusa,2021-05-03,21,12568,7,2617,14,9360,0,591,6,2496,15,5325,6,7821,California
Colusa,2021-05-04,86,12654,51,2668,34,9394,1,592,64,2539,22,5347,65,7886,California
Colusa,2021-05-05,68,12722,16,2684,51,9445,1,593,33,2538,35,5382,34,7920,California
Colusa,2021-05-06,253,12975,16,2700,235,9680,2,595,110,2507,143,5525,112,8032,California
Colusa,2021-05-07,67,13042,5,2705,58,9738,4,599,31,2506,36,5561,35,8067,California
Colusa,2021-05-08,18,13060,5,2710,13,9751,0,599,9,2506,9,5570,9,8076,California
Colusa,2021-05-09,13,13073,5,2715,5,9756,3,602,6,2508,7,5577,9,8085,California
Colusa,2021-05-10,16,13089,7,2722,9,9765,0,602,6,2504,10,5587,6,8091,California
Colusa,2021-05-11,93,13182,34,2756,59,9824,0,602,50,2511,43,5630,50,8141,California
Colusa,2021-05-12,73,13255,32,2788,37,9861,4,606,21,2484,52,5682,25,8166,California
Colusa,2021-05-13,241,13496,22,2810,218,10079,1,607,76,2396,165,5847,77,8243,California
Colusa,2021-05-14,85,13581,18,2828,52,10131,15,622,33,2393,51,5898,48,8291,California
Colusa,2021-05-15,38,13619,9,2837,27,10158,2,624,20,2397,18,5916,22,8313,California
Colusa,2021-05-16,23,13642,6,2843,10,10168,7,631,11,2403,12,5928,18,8331,California
Colusa,2021-05-17,24,13666,4,2847,18,10186,2,633,12,2405,12,5940,14,8345,California
Colusa,2021-05-18,99,13765,24,2871,73,10259,2,635,43,2394,56,5996,45,8390,California
Colusa,2021-05-19,217,13982,44,2915,153,10412,20,655,68,2333,149,6145,88,8478,California
Colusa,2021-05-20,277,14259,32,2947,241,10653,4,659,68,2197,209,6354,73,8551,California
Colusa,2021-05-21,62,14321,21,2968,39,10692,2,661,31,2199,31,6385,33,8584,California
Colusa,2021-05-22,209,14530,19,2987,190,10882,0,661,27,2044,182,6567,27,8611,California
Colusa,2021-05-23,18,14548,8,2995,6,10888,4,665,6,2042,12,6579,10,8621,California
Colusa,2021-05-24,28,14576,4,2999,19,10907,5,670,17,2053,11,6590,22,8643,California
Colusa,2021-05-25,132,14708,74,3073,55,10962,3,673,50,2024,82,6672,53,8696,California
Colusa,2021-05-26,69,14777,25,3098,44,11006,0,673,31,2017,38,6710,31,8727,California
Colusa,2021-05-27,167,14944,14,3112,153,11159,0,673,50,1950,117,6827,50,8777,California
Colusa,2021-05-28,77,15021,26,3138,50,11209,1,674,39,1952,38,6865,40,8817,California
Colusa,2021-05-29,38,15059,21,3159,16,11225,1,675,30,1976,7,6872,31,8848,California
Colusa,2021-05-30,7,15066,1,3160,2,11227,4,679,1,1975,6,6878,5,8853,California
Colusa,2021-05-31,4,15070,0,3160,4,11231,0,679,1,1973,3,6881,1,8854,California
Contra Costa,2020-12-15,18,18,18,18,0,0,0,0,18,18,0,0,18,18,California
Contra Costa,2020-12-16,521,539,521,539,0,0,0,0,521,539,0,0,521,539,California
Contra Costa,2020-12-17,913,1452,913,1452,0,0,0,0,913,1452,0,0,913,1452,California
Contra Costa,2020-12-18,1597,3049,1596,3048,1,1,0,0,1597,3049,0,0,1597,3049,California
Contra Costa,2020-12-19,1105,4154,1104,4152,1,2,0,0,1105,4154,0,0,1105,4154,California
Contra Costa,2020-12-20,583,4737,582,4734,1,3,0,0,583,4737,0,0,583,4737,California
Contra Costa,2020-12-21,1659,6396,1657,6391,2,5,0,0,1659,6396,0,0,1659,6396,California
Contra Costa,2020-12-22,1676,8072,1570,7961,106,111,0,0,1676,8072,0,0,1676,8072,California
Contra Costa,2020-12-23,1618,9690,1370,9331,248,359,0,0,1618,9690,0,0,1618,9690,California
Contra Costa,2020-12-24,660,10350,338,9669,322,681,0,0,660,10350,0,0,660,10350,California
Contra Costa,2020-12-25,40,10390,18,9687,22,703,0,0,40,10390,0,0,40,10390,California
Contra Costa,2020-12-26,646,11036,133,9820,513,1216,0,0,646,11036,0,0,646,11036,California
Contra Costa,2020-12-27,240,11276,86,9906,154,1370,0,0,240,11276,0,0,240,11276,California
Contra Costa,2020-12-28,1842,13118,867,10773,975,2345,0,0,1842,13118,0,0,1842,13118,California
Contra Costa,2020-12-29,1832,14950,822,11595,1010,3355,0,0,1832,14950,0,0,1832,14950,California
Contra Costa,2020-12-30,2394,17344,1213,12808,1181,4536,0,0,2393,17343,1,1,2394,17344,California
Contra Costa,2020-12-31,917,18261,307,13115,610,5146,0,0,916,18259,0,1,916,18260,California
Contra Costa,2021-01-01,62,18323,24,13139,38,5184,0,0,62,18321,0,1,62,18322,California
Contra Costa,2021-01-02,339,18662,174,13313,165,5349,0,0,339,18660,0,1,339,18661,California
Contra Costa,2021-01-03,179,18841,121,13434,58,5407,0,0,178,18838,0,1,178,18839,California
Contra Costa,2021-01-04,1908,20749,1251,14685,657,6064,0,0,1888,20708,18,19,1888,20727,California
Contra Costa,2021-01-05,2106,22855,1258,15943,848,6912,0,0,1847,22298,258,277,1848,22575,California
Contra Costa,2021-01-06,3290,26145,2254,18197,1036,7948,0,0,2527,24071,757,1034,2530,25105,California
Contra Costa,2021-01-07,3102,29247,2062,20259,1040,8988,0,0,1887,24746,1212,2246,1887,26992,California
Contra Costa,2021-01-08,3394,32641,2394,22653,1000,9988,0,0,1829,25018,1560,3806,1832,28824,California
Contra Costa,2021-01-09,1587,34228,1136,23789,451,10439,0,0,747,24928,839,4645,749,29573,California
Contra Costa,2021-01-10,362,34590,291,24080,71,10510,0,0,155,24876,207,4852,155,29728,California
Contra Costa,2021-01-11,3837,38427,3146,27226,691,11201,0,0,2231,25504,1606,6458,2234,31962,California
Contra Costa,2021-01-12,3922,42349,2944,30170,978,12179,0,0,2592,26770,1330,7788,2596,34558,California
Contra Costa,2021-01-13,4735,47084,2942,33112,1793,13972,0,0,3783,29606,948,8736,3784,38342,California
Contra Costa,2021-01-14,4327,51411,1565,34677,2762,16734,0,0,3944,33167,383,9119,3944,42286,California
Contra Costa,2021-01-15,5348,56759,2463,37140,2885,19619,0,0,5022,37868,325,9444,5026,47312,California
Contra Costa,2021-01-16,1726,58485,557,37697,1169,20788,0,0,1651,39444,75,9519,1651,48963,California
Contra Costa,2021-01-17,1639,60124,975,38672,664,21452,0,0,1517,40842,122,9641,1520,50483,California
Contra Costa,2021-01-18,3214,63338,1266,39938,1948,23400,0,0,2589,42813,619,10260,2590,53073,California
Contra Costa,2021-01-19,7063,70401,3156,43094,3907,27307,0,0,6058,47874,1002,11262,6063,59136,California
Contra Costa,2021-01-20,6690,77091,4124,47218,2566,29873,0,0,5456,52105,1230,12492,5461,64597,California
Contra Costa,2021-01-21,6979,84070,3107,50325,3872,33745,0,0,6251,57642,722,13214,6259,70856,California
Contra Costa,2021-01-22,6395,90465,2719,53044,3676,37421,0,0,5534,62327,852,14066,5537,76393,California
Contra Costa,2021-01-23,2038,92503,360,53404,1678,39099,0,0,1778,63849,258,14324,1780,78173,California
Contra Costa,2021-01-24,1591,94094,218,53622,1373,40472,0,0,1444,65150,147,14471,1448,79621,California
Contra Costa,2021-01-25,6692,100786,3043,56665,3649,44121,0,0,5122,68707,1568,16039,5125,84746,California
Contra Costa,2021-01-26,8103,108889,4687,61352,3416,47537,0,0,6253,73123,1842,17881,6258,91004,California
Contra Costa,2021-01-27,8168,117057,5409,66761,2759,50296,0,0,6328,77627,1828,19709,6332,97336,California
Contra Costa,2021-01-28,7472,124529,4091,70852,3381,53677,0,0,5860,81885,1606,21315,5864,103200,California
Contra Costa,2021-01-29,7449,131978,3892,74744,3557,57234,0,0,6137,86716,1308,22623,6139,109339,California
Contra Costa,2021-01-30,2144,134122,660,75404,1484,58718,0,0,1738,88055,399,23022,1738,111077,California
Contra Costa,2021-01-31,648,134770,428,75832,220,58938,0,0,556,88522,89,23111,556,111633,California
Contra Costa,2021-02-01,5874,140644,4099,79931,1775,60713,0,0,3968,90595,1898,25009,3971,115604,California
Contra Costa,2021-02-02,7575,148219,5080,85011,2495,63208,0,0,5878,94778,1696,26705,5879,121483,California
Contra Costa,2021-02-03,8291,156510,5479,90490,2812,66020,0,0,5629,97755,2653,29358,5630,127113,California
Contra Costa,2021-02-04,7515,164025,3587,94077,3928,69948,0,0,5747,101739,1766,31124,5750,132863,California
Contra Costa,2021-02-05,8441,172466,4816,98893,3625,73573,0,0,5747,104799,2687,33811,5747,138610,California
Contra Costa,2021-02-06,3488,175954,2164,101057,1324,74897,0,0,2834,106981,653,34464,2835,141445,California
Contra Costa,2021-02-07,984,176938,713,101770,271,75168,0,0,605,107208,378,34842,605,142050,California
Contra Costa,2021-02-08,5860,182798,3470,105240,2390,77558,0,0,4373,110101,1481,36323,4374,146424,California
Contra Costa,2021-02-09,8687,191485,4795,110035,3892,81450,0,0,5794,113009,2887,39210,5795,152219,California
Contra Costa,2021-02-10,8653,200138,4660,114695,3993,85443,0,0,5365,115106,3272,42482,5369,157588,California
Contra Costa,2021-02-11,9340,209478,4218,118913,5122,90565,0,0,5270,116317,4064,46546,5275,162863,California
Contra Costa,2021-02-12,10099,219577,4628,123541,5471,96036,0,0,5465,117158,4627,51173,5468,168331,California
Contra Costa,2021-02-13,4893,224470,1370,124911,3523,99559,0,0,3407,119083,1483,52656,3408,171739,California
Contra Costa,2021-02-14,2099,226569,867,125778,1232,100791,0,0,1233,119452,864,53520,1233,172972,California
Contra Costa,2021-02-15,4470,231039,2476,128254,1994,102785,0,0,2342,119673,2122,55642,2343,175315,California
Contra Costa,2021-02-16,10430,241469,4915,133169,5515,108300,0,0,4649,118553,5773,61415,4653,179968,California
Contra Costa,2021-02-17,12308,253777,6153,139322,6155,114455,0,0,5646,117553,6647,68062,5647,185615,California
Contra Costa,2021-02-18,11492,265269,5979,145301,5513,119968,0,0,5335,116744,6146,74208,5337,190952,California
Contra Costa,2021-02-19,11424,276693,7117,152418,4307,124275,0,0,5186,115707,6224,80432,5187,196139,California
Contra Costa,2021-02-20,6471,283164,2915,155333,3556,127831,0,0,4580,118414,1875,82307,4582,200721,California
Contra Costa,2021-02-21,2277,285441,1723,157056,554,128385,0,0,1547,119232,729,83036,1547,202268,California
Contra Costa,2021-02-22,7598,293039,5147,162203,2451,130836,0,0,3504,118658,4080,87116,3506,205774,California
Contra Costa,2021-02-23,12106,305145,7439,169642,4667,135503,0,0,6105,118781,5987,93103,6110,211884,California
Contra Costa,2021-02-24,10596,315741,7776,177418,2820,138323,0,0,5122,118448,5457,98560,5124,217008,California
Contra Costa,2021-02-25,11531,327272,7256,184674,4275,142598,0,0,5238,117418,6272,104832,5242,222250,California
Contra Costa,2021-02-26,10774,338046,6801,191475,3973,146571,0,0,5342,117344,5417,110249,5343,227593,California
Contra Costa,2021-02-27,6797,344843,4371,195846,2426,148997,0,0,4261,119079,2528,112777,4263,231856,California
Contra Costa,2021-02-28,3816,348659,3138,198984,678,149675,0,0,3216,121699,597,113374,3217,235073,California
Contra Costa,2021-03-01,8247,356906,6211,205195,2031,151706,5,5,5085,123645,3146,116520,5092,240165,California
Contra Costa,2021-03-02,10654,367560,6816,212011,3837,155543,1,6,5711,124431,4927,121447,5713,245878,California
Contra Costa,2021-03-03,11328,378888,7117,219128,4210,159753,1,7,6388,125897,4925,126372,6391,252269,California
Contra Costa,2021-03-04,11988,390876,7168,226296,4819,164572,1,8,6233,126396,5735,132107,6234,258503,California
Contra Costa,2021-03-05,11512,402388,6920,233216,4585,169157,7,15,6621,128151,4873,136980,6628,265131,California
Contra Costa,2021-03-06,7505,409893,4206,237422,2989,172146,310,325,4911,130789,2581,139561,5219,270350,California
Contra Costa,2021-03-07,3835,413728,2459,239881,1314,173460,62,387,3155,133328,678,140239,3217,273567,California
Contra Costa,2021-03-08,8248,421976,3926,243807,4018,177478,304,691,5541,136481,2696,142935,5849,279416,California
Contra Costa,2021-03-09,11185,433161,5935,249742,4954,182432,296,987,5863,137330,5312,148247,6161,285577,California
Contra Costa,2021-03-10,12450,445611,6220,255962,4726,187158,1504,2491,5684,137753,6754,155001,7177,292754,California
Contra Costa,2021-03-11,12543,458154,6598,262560,5379,192537,566,3057,6407,138613,6113,161114,6973,299727,California
Contra Costa,2021-03-12,12673,470827,5230,267790,6880,199417,563,3620,6334,139184,6324,167438,6895,306622,California
Contra Costa,2021-03-13,7878,478705,3159,270949,4291,203708,428,4048,3128,138006,4731,172169,3553,310175,California
Contra Costa,2021-03-14,4452,483157,2638,273587,1325,205033,489,4537,1718,137486,2726,174895,2206,312381,California
Contra Costa,2021-03-15,9479,492636,5149,278736,3573,208606,757,5294,4760,138300,4702,179597,5516,317897,California
Contra Costa,2021-03-16,14352,506988,8553,287289,5398,214004,401,5695,7154,138679,7175,186772,7554,325451,California
Contra Costa,2021-03-17,15084,522072,10418,297707,4451,218455,215,5910,8549,140938,6512,193284,8771,334222,California
Contra Costa,2021-03-18,15475,537547,8633,306340,6358,224813,484,6394,8809,143597,6632,199916,9291,343513,California
Contra Costa,2021-03-19,15694,553241,9075,315415,5217,230030,1402,7796,8325,145978,7350,207266,9731,353244,California
Contra Costa,2021-03-20,10747,563988,6452,321867,3983,234013,312,8108,5155,145873,5573,212839,5468,358712,California
Contra Costa,2021-03-21,4563,568551,3989,325856,476,234489,98,8206,2098,145613,2455,215294,2195,360907,California
Contra Costa,2021-03-22,11651,580202,8799,334655,2597,237086,255,8461,7017,148266,4618,219912,7271,368178,California
Contra Costa,2021-03-23,15703,595905,10835,345490,4696,241782,172,8633,9121,151007,6553,226465,9294,377472,California
Contra Costa,2021-03-24,15082,610987,11770,357260,3098,244880,214,8847,9134,154443,5916,232381,9352,386824,California
Contra Costa,2021-03-25,15387,626374,12007,369267,3093,247973,287,9134,9423,158224,5927,238308,9708,396532,California
Contra Costa,2021-03-26,15116,641490,10863,380130,3851,251824,402,9536,8687,160906,6402,244710,9084,405616,California
Contra Costa,2021-03-27,10574,652064,6881,387011,3180,255004,513,10049,5625,162098,4939,249649,6131,411747,California
Contra Costa,2021-03-28,4238,656302,3027,390038,1158,256162,53,10102,1618,161161,2608,252257,1671,413418,California
Contra Costa,2021-03-29,10932,667234,8537,398575,2279,258441,116,10218,6954,164274,3959,256216,7072,420490,California
Contra Costa,2021-03-30,16829,684063,9209,407784,6266,264707,1354,11572,10380,169576,6429,262645,11731,432221,California
Contra Costa,2021-03-31,18067,702130,12655,420439,3969,268676,1443,13015,11383,175758,6641,269286,12823,445044,California
Contra Costa,2021-04-01,17627,719757,12321,432760,3916,272592,1390,14405,11437,182423,6160,275446,12825,457869,California
Contra Costa,2021-04-02,17542,737299,12931,445691,3583,276175,1028,15433,11624,189169,5906,281352,12652,470521,California
Contra Costa,2021-04-03,10887,748186,6502,452193,2830,279005,1555,16988,6223,192296,4650,286002,7777,478298,California
Contra Costa,2021-04-04,3348,751534,1327,453520,1425,280430,596,17584,844,191240,2496,288498,1440,479738,California
Contra Costa,2021-04-05,12135,763669,7921,461441,3235,283665,979,18563,6597,193294,5524,294022,7578,487316,California
Contra Costa,2021-04-06,17341,781010,12008,473449,3039,286704,2294,20857,9725,197718,7595,301617,12019,499335,California
Contra Costa,2021-04-07,18612,799622,12602,486051,3187,289891,2823,23680,10563,203113,8028,309645,13423,512758,California
Contra Costa,2021-04-08,18726,818348,12486,498537,3319,293210,2921,26601,10047,207426,8652,318297,12965,525723,California
Contra Costa,2021-04-09,18873,837221,12051,510588,4324,297534,2498,29099,10104,211286,8743,327040,12603,538326,California
Contra Costa,2021-04-10,10552,847773,3813,514401,2171,299705,4568,33667,3280,211868,7255,334295,7837,546163,California
Contra Costa,2021-04-11,3330,851103,1988,516389,686,300391,656,34323,1115,211429,2209,336504,1770,547933,California
Contra Costa,2021-04-12,11892,862995,7854,524243,2974,303365,1064,35387,5578,211777,6299,342803,6647,554580,California
Contra Costa,2021-04-13,17788,880783,10913,535156,6868,310233,7,35394,11852,217729,5912,348715,11864,566444,California
Contra Costa,2021-04-14,17580,898363,11040,546196,6539,316772,1,35395,9715,219608,7840,356555,9719,576163,California
Contra Costa,2021-04-15,17504,915867,10744,556940,6759,323531,1,35396,8096,218346,9378,365933,8116,584279,California
Contra Costa,2021-04-16,16870,932737,10531,567471,6337,329868,2,35398,7569,216647,9277,375210,7578,591857,California
Contra Costa,2021-04-17,11440,944177,6289,573760,5151,335019,0,35398,6130,217489,5295,380505,6137,597994,California
Contra Costa,2021-04-18,2748,946925,2119,575879,629,335648,0,35398,1780,218310,959,381464,1780,599774,California
Contra Costa,2021-04-19,11383,958308,8508,584387,2875,338523,0,35398,3574,214103,7783,389247,3576,603350,California
Contra Costa,2021-04-20,16660,974968,10826,595213,5834,344357,0,35398,6240,209958,10389,399636,6244,609594,California
Contra Costa,2021-04-21,17333,992301,14140,609353,3192,347549,1,35399,6158,204987,11137,410773,6166,615760,California
Contra Costa,2021-04-22,17152,1009453,13882,623235,3268,350817,2,35401,6053,199983,11068,421841,6064,621824,California
Contra Costa,2021-04-23,16997,1026450,13501,636736,3496,354313,0,35401,5483,193994,11480,433321,5491,627315,California
Contra Costa,2021-04-24,10931,1037381,8429,645165,2501,356814,1,35402,4181,191450,6729,440050,4185,631500,California
Contra Costa,2021-04-25,3249,1040630,2191,647356,1056,357870,2,35404,2056,192318,1193,441243,2061,633561,California
Contra Costa,2021-04-26,9796,1050426,8204,655560,1568,359438,24,35428,2866,188308,6912,448155,2902,636463,California
Contra Costa,2021-04-27,14473,1064899,10598,666158,3717,363155,158,35586,3882,181789,10569,458724,4050,640513,California
Contra Costa,2021-04-28,13849,1078748,10765,676923,2797,365952,287,35873,3459,175186,10356,469080,3753,644266,California
Contra Costa,2021-04-29,13033,1091781,10084,687007,2779,368731,170,36043,2841,168036,10167,479247,3017,647283,California
Contra Costa,2021-04-30,13695,1105476,10792,697799,2646,371377,257,36300,3099,160833,10563,489810,3360,650643,California
Contra Costa,2021-05-01,8028,1113504,5854,703653,1850,373227,324,36624,1917,156983,6091,495901,2241,652884,California
Contra Costa,2021-05-02,2334,1115838,1586,705239,668,373895,80,36704,994,156728,1329,497230,1074,653958,California
Contra Costa,2021-05-03,9114,1124952,8017,713256,922,374817,175,36879,1926,151660,7173,504403,2105,656063,California
Contra Costa,2021-05-04,14073,1139025,12141,725397,1602,376419,330,37209,2289,142519,11760,516163,2619,658682,California
Contra Costa,2021-05-05,12509,1151534,10785,736182,1524,377943,200,37409,2401,135039,10082,526245,2602,661284,California
Contra Costa,2021-05-06,10291,1161825,8540,744722,1416,379359,335,37744,1948,129012,8318,534563,2291,663575,California
Contra Costa,2021-05-07,9623,1171448,7736,752458,1663,381022,224,37968,2219,124081,7371,541934,2440,666015,California
Contra Costa,2021-05-08,5285,1176733,3979,756437,1138,382160,168,38136,1248,121481,4020,545954,1420,667435,California
Contra Costa,2021-05-09,2103,1178836,1773,758210,270,382430,60,38196,456,120356,1643,547597,518,667953,California
Contra Costa,2021-05-10,4927,1183763,3947,762157,762,383192,218,38414,1344,118356,3561,551158,1561,669514,California
Contra Costa,2021-05-11,8695,1192458,4523,766680,3943,387135,229,38643,1709,113334,6966,558124,1944,671458,California
Contra Costa,2021-05-12,9009,1201467,4570,771250,4193,391328,246,38889,1551,107702,7434,565558,1802,673260,California
Contra Costa,2021-05-13,11309,1212776,7469,778719,3657,394985,183,39072,3939,104480,7344,572902,4122,677382,California
Contra Costa,2021-05-14,12109,1224885,8058,786777,3772,398757,279,39351,5012,102701,7070,579972,5291,682673,California
Contra Costa,2021-05-15,9946,1234831,7215,793992,2612,401369,119,39470,4388,101666,5544,585516,4509,687182,California
Contra Costa,2021-05-16,2428,1237259,2119,796111,264,401633,45,39515,1088,101465,1334,586850,1133,688315,California
Contra Costa,2021-05-17,7011,1244270,5659,801770,1182,402815,170,39685,3594,101833,3397,590247,3765,692080,California
Contra Costa,2021-05-18,10184,1254454,6959,808729,3009,405824,216,39901,4485,100866,5671,595918,4704,696784,California
Contra Costa,2021-05-19,8426,1262880,6817,815546,1418,407242,191,40092,4081,100818,4326,600244,4278,701062,California
Contra Costa,2021-05-20,6556,1269436,5193,820739,1186,408428,177,40269,3268,100993,3269,603513,3444,704506,California
Contra Costa,2021-05-21,6419,1275855,4896,825635,1331,409759,192,40461,2917,100628,3475,606988,3110,707616,California
Contra Costa,2021-05-22,4497,1280352,3550,829185,791,410550,156,40617,2135,100575,2347,609335,2294,709910,California
Contra Costa,2021-05-23,921,1281273,608,829793,267,410817,46,40663,431,100566,487,609822,478,710388,California
Contra Costa,2021-05-24,4607,1285880,3802,833595,627,411444,178,40841,2169,100488,2428,612250,2350,712738,California
Contra Costa,2021-05-25,6205,1292085,5054,838649,904,412348,247,41088,2655,99855,3534,615784,2901,715639,California
Contra Costa,2021-05-26,5562,1297647,3559,842208,1819,414167,184,41272,1959,98420,3579,619363,2144,717783,California
Contra Costa,2021-05-27,3767,1301414,2642,844850,943,415110,182,41454,1663,98175,2087,621450,1842,719625,California
Contra Costa,2021-05-28,5225,1306639,3634,848484,1425,416535,166,41620,2146,97425,3060,624510,2310,721935,California
Contra Costa,2021-05-29,3115,1309754,1990,850474,1011,417546,114,41734,1522,97480,1582,626092,1637,723572,California
Contra Costa,2021-05-30,895,1310649,567,851041,299,417845,29,41763,351,97320,540,626632,380,723952,California
Contra Costa,2021-05-31,284,1310933,201,851242,71,417916,12,41775,92,97233,191,626823,104,724056,California
Del Norte,2020-12-21,23,23,23,23,0,0,0,0,23,23,0,0,23,23,California
Del Norte,2020-12-22,45,68,45,68,0,0,0,0,45,68,0,0,45,68,California
Del Norte,2020-12-23,58,126,48,116,10,10,0,0,56,124,0,0,56,124,California
Del Norte,2020-12-28,34,160,34,150,0,10,0,0,34,158,0,0,34,158,California
Del Norte,2020-12-29,4,164,4,154,0,10,0,0,4,162,0,0,4,162,California
Del Norte,2020-12-30,67,231,55,209,12,22,0,0,68,230,0,0,68,230,California
Del Norte,2020-12-31,16,247,13,222,3,25,0,0,16,246,0,0,16,246,California
Del Norte,2021-01-04,102,349,49,271,53,78,0,0,102,348,0,0,102,348,California
Del Norte,2021-01-05,33,382,0,271,33,111,0,0,32,380,1,1,33,381,California
Del Norte,2021-01-06,77,459,18,289,59,170,0,0,77,457,0,1,77,458,California
Del Norte,2021-01-07,21,480,1,290,20,190,0,0,21,478,0,1,21,479,California
Del Norte,2021-01-08,77,557,7,297,70,260,0,0,77,555,0,1,77,556,California
Del Norte,2021-01-11,40,597,21,318,19,279,0,0,18,552,22,23,19,575,California
Del Norte,2021-01-12,50,647,31,349,19,298,0,0,30,562,20,43,30,605,California
Del Norte,2021-01-13,86,733,40,389,46,344,0,0,53,582,33,76,53,658,California
Del Norte,2021-01-14,52,785,14,403,38,382,0,0,46,622,6,82,46,704,California
Del Norte,2021-01-15,107,892,18,421,89,471,0,0,95,705,12,94,95,799,California
Del Norte,2021-01-17,1,893,1,422,0,471,0,0,1,706,0,94,1,800,California
Del Norte,2021-01-18,2,895,0,422,2,473,0,0,2,708,0,94,2,802,California
Del Norte,2021-01-19,119,1014,56,478,63,536,0,0,77,743,42,136,77,879,California
Del Norte,2021-01-20,159,1173,84,562,75,611,0,0,96,777,62,198,96,975,California
Del Norte,2021-01-21,43,1216,40,602,3,614,0,0,32,798,11,209,32,1007,California
Del Norte,2021-01-22,20,1236,17,619,3,617,0,0,13,804,7,216,13,1020,California
Del Norte,2021-01-23,1,1237,0,619,1,618,0,0,1,805,0,216,1,1021,California
Del Norte,2021-01-24,1,1238,0,619,1,619,0,0,1,806,0,216,1,1022,California
Del Norte,2021-01-25,100,1338,82,701,18,637,0,0,56,818,44,260,56,1078,California
Del Norte,2021-01-26,18,1356,11,712,7,644,0,0,7,814,11,271,7,1085,California
Del Norte,2021-01-27,64,1420,21,733,43,687,0,0,61,872,3,274,61,1146,California
Del Norte,2021-01-28,292,1712,20,753,272,959,0,0,287,1154,5,279,287,1433,California
Del Norte,2021-01-29,61,1773,21,774,40,999,0,0,43,1179,18,297,43,1476,California
Del Norte,2021-01-30,8,1781,1,775,7,1006,0,0,8,1187,0,297,8,1484,California
Del Norte,2021-02-01,41,1822,1,776,40,1046,0,0,26,1198,15,312,26,1510,California
Del Norte,2021-02-02,141,1963,34,810,107,1153,0,0,73,1204,67,379,73,1583,California
Del Norte,2021-02-03,126,2089,40,850,86,1239,0,0,71,1220,55,434,71,1654,California
Del Norte,2021-02-04,71,2160,29,879,42,1281,0,0,42,1233,29,463,42,1696,California
Del Norte,2021-02-05,184,2344,22,901,162,1443,0,0,119,1288,64,527,119,1815,California
Del Norte,2021-02-06,310,2654,4,905,306,1749,0,0,310,1598,0,527,310,2125,California
Del Norte,2021-02-07,1,2655,0,905,1,1750,0,0,1,1599,0,527,1,2126,California
Del Norte,2021-02-08,36,2691,1,906,35,1785,0,0,32,1627,4,531,32,2158,California
Del Norte,2021-02-09,8,2699,5,911,3,1788,0,0,2,1623,6,537,2,2160,California
Del Norte,2021-02-10,142,2841,20,931,122,1910,0,0,85,1652,56,593,85,2245,California
Del Norte,2021-02-11,177,3018,59,990,118,2028,0,0,64,1603,113,706,64,2309,California
Del Norte,2021-02-12,121,3139,14,1004,107,2135,0,0,67,1616,54,760,67,2376,California
Del Norte,2021-02-13,2,3141,1,1005,1,2136,0,0,2,1618,0,760,2,2378,California
Del Norte,2021-02-14,3,3144,1,1006,2,2138,0,0,2,1619,1,761,2,2380,California
Del Norte,2021-02-15,4,3148,0,1006,4,2142,0,0,2,1619,2,763,2,2382,California
Del Norte,2021-02-16,132,3280,1,1007,131,2273,0,0,13,1513,119,882,13,2395,California
Del Norte,2021-02-17,92,3372,20,1027,72,2345,0,0,25,1471,67,949,25,2420,California
Del Norte,2021-02-18,77,3449,24,1051,53,2398,0,0,51,1496,26,975,51,2471,California
Del Norte,2021-02-19,43,3492,17,1068,26,2424,0,0,33,1519,10,985,33,2504,California
Del Norte,2021-02-20,8,3500,5,1073,3,2427,0,0,6,1523,2,987,6,2510,California
Del Norte,2021-02-22,2,3502,0,1073,2,2429,0,0,2,1525,0,987,2,2512,California
Del Norte,2021-02-23,107,3609,89,1162,18,2447,0,0,31,1481,76,1063,32,2544,California
Del Norte,2021-02-24,152,3761,98,1260,54,2501,0,0,79,1487,73,1136,79,2623,California
Del Norte,2021-02-25,477,4238,131,1391,346,2847,0,0,213,1438,262,1398,213,2836,California
Del Norte,2021-02-26,214,4452,177,1568,37,2884,0,0,168,1560,46,1444,168,3004,California
Del Norte,2021-02-27,149,4601,143,1711,5,2889,1,1,141,1694,8,1452,142,3146,California
Del Norte,2021-02-28,3,4604,0,1711,3,2892,0,1,3,1697,0,1452,3,3149,California
Del Norte,2021-03-01,29,4633,2,1713,27,2919,0,1,4,1677,24,1476,4,3153,California
Del Norte,2021-03-02,222,4855,142,1855,80,2999,0,1,188,1831,34,1510,188,3341,California
Del Norte,2021-03-03,167,5022,99,1954,68,3067,0,1,126,1916,41,1551,126,3467,California
Del Norte,2021-03-04,120,5142,83,2037,37,3104,0,1,91,1979,28,1579,91,3558,California
Del Norte,2021-03-05,121,5263,11,2048,110,3214,0,1,73,2004,48,1627,73,3631,California
Del Norte,2021-03-06,464,5727,77,2125,338,3552,49,50,163,1873,301,1928,170,3801,California
Del Norte,2021-03-07,2,5729,1,2126,1,3553,0,50,1,1873,1,1929,1,3802,California
Del Norte,2021-03-08,28,5757,1,2127,25,3578,2,52,5,1857,23,1952,7,3809,California
Del Norte,2021-03-09,194,5951,113,2240,78,3656,3,55,183,2032,11,1963,186,3995,California
Del Norte,2021-03-10,233,6184,96,2336,109,3765,28,83,134,2095,99,2062,162,4157,California
Del Norte,2021-03-11,151,6335,55,2391,91,3856,5,88,103,2155,48,2110,108,4265,California
Del Norte,2021-03-12,178,6513,89,2480,89,3945,0,88,125,2227,53,2163,125,4390,California
Del Norte,2021-03-13,94,6607,93,2573,1,3946,0,88,91,2315,3,2166,91,4481,California
Del Norte,2021-03-14,1,6608,0,2573,1,3947,0,88,1,2315,1,2167,1,4482,California
Del Norte,2021-03-15,39,6647,0,2573,38,3985,1,89,34,2345,5,2172,35,4517,California
Del Norte,2021-03-16,281,6928,135,2708,146,4131,0,89,260,2584,21,2193,260,4777,California
Del Norte,2021-03-17,282,7210,95,2803,185,4316,2,91,168,2640,114,2307,170,4947,California
Del Norte,2021-03-18,285,7495,107,2910,175,4491,3,94,149,2657,135,2442,152,5099,California
Del Norte,2021-03-19,268,7763,160,3070,102,4593,6,100,91,2577,177,2619,97,5196,California
Del Norte,2021-03-20,157,7920,154,3224,3,4596,0,100,15,2450,142,2761,15,5211,California
Del Norte,2021-03-21,4,7924,2,3226,2,4598,0,100,2,2450,2,2763,2,5213,California
Del Norte,2021-03-22,43,7967,3,3229,39,4637,1,101,39,2487,3,2766,40,5253,California
Del Norte,2021-03-23,335,8302,164,3393,153,4790,18,119,164,2499,169,2935,181,5434,California
Del Norte,2021-03-24,396,8698,107,3500,249,5039,40,159,235,2613,161,3096,275,5709,California
Del Norte,2021-03-25,192,8890,88,3588,104,5143,0,159,84,2590,107,3203,84,5793,California
Del Norte,2021-03-26,234,9124,113,3701,121,5264,0,159,197,2750,37,3240,197,5990,California
Del Norte,2021-03-27,107,9231,86,3787,4,5268,17,176,17,2694,90,3330,34,6024,California
Del Norte,2021-03-28,4,9235,2,3789,2,5270,0,176,1,2692,3,3333,1,6025,California
Del Norte,2021-03-29,57,9292,6,3795,34,5304,17,193,32,2716,25,3358,49,6074,California
Del Norte,2021-03-30,340,9632,119,3914,210,5514,11,204,128,2643,212,3570,139,6213,California
Del Norte,2021-03-31,353,9985,100,4014,236,5750,17,221,198,2705,153,3723,215,6428,California
Del Norte,2021-04-01,164,10149,58,4072,72,5822,34,255,69,2714,94,3817,103,6531,California
Del Norte,2021-04-02,232,10381,79,4151,104,5926,49,304,49,2630,183,4000,99,6630,California
Del Norte,2021-04-03,108,10489,83,4234,2,5928,23,327,5,2556,102,4102,28,6658,California
Del Norte,2021-04-04,4,10493,0,4234,0,5928,4,331,0,2556,4,4106,4,6662,California
Del Norte,2021-04-05,47,10540,5,4239,38,5966,4,335,40,2593,7,4113,44,6706,California
Del Norte,2021-04-06,379,10919,120,4359,222,6188,37,372,146,2548,229,4342,184,6890,California
Del Norte,2021-04-07,437,11356,115,4474,261,6449,61,433,291,2754,146,4488,352,7242,California
Del Norte,2021-04-08,228,11584,54,4528,106,6555,68,501,105,2805,123,4611,174,7416,California
Del Norte,2021-04-09,206,11790,46,4574,83,6638,77,578,99,2873,106,4717,174,7590,California
Del Norte,2021-04-10,47,11837,26,4600,4,6642,17,595,27,2897,20,4737,44,7634,California
Del Norte,2021-04-11,12,11849,3,4603,2,6644,7,602,2,2896,10,4747,9,7643,California
Del Norte,2021-04-12,27,11876,1,4604,9,6653,17,619,1,2889,25,4772,18,7661,California
Del Norte,2021-04-13,298,12174,50,4654,248,6901,0,619,155,2901,143,4915,155,7816,California
Del Norte,2021-04-14,327,12501,23,4677,304,7205,0,619,138,2855,189,5104,143,7959,California
Del Norte,2021-04-15,164,12665,31,4708,133,7338,0,619,45,2782,119,5223,46,8005,California
Del Norte,2021-04-16,161,12826,40,4748,121,7459,0,619,59,2740,102,5325,60,8065,California
Del Norte,2021-04-17,104,12930,72,4820,32,7491,0,619,99,2834,5,5330,99,8164,California
Del Norte,2021-04-18,5,12935,4,4824,1,7492,0,619,4,2837,1,5331,4,8168,California
Del Norte,2021-04-19,50,12985,6,4830,44,7536,0,619,8,2803,42,5373,8,8176,California
Del Norte,2021-04-20,208,13193,40,4870,168,7704,0,619,73,2741,135,5508,73,8249,California
Del Norte,2021-04-21,288,13481,23,4893,265,7969,0,619,63,2583,224,5732,66,8315,California
Del Norte,2021-04-22,114,13595,15,4908,99,8068,0,619,62,2593,52,5784,62,8377,California
Del Norte,2021-04-23,153,13748,22,4930,131,8199,0,619,40,2520,113,5897,40,8417,California
Del Norte,2021-04-24,25,13773,14,4944,11,8210,0,619,20,2535,5,5902,20,8437,California
Del Norte,2021-04-25,2,13775,0,4944,2,8212,0,619,2,2537,0,5902,2,8439,California
Del Norte,2021-04-26,31,13806,0,4944,31,8243,0,619,9,2524,22,5924,9,8448,California
Del Norte,2021-04-27,181,13987,19,4963,157,8400,5,624,49,2446,132,6056,54,8502,California
Del Norte,2021-04-28,351,14338,100,5063,246,8646,5,629,63,2228,287,6343,69,8571,California
Del Norte,2021-04-29,93,14431,6,5069,83,8729,4,633,26,2191,67,6410,30,8601,California
Del Norte,2021-04-30,83,14514,6,5075,67,8796,10,643,44,2206,39,6449,54,8655,California
Del Norte,2021-05-01,8,14522,3,5078,5,8801,0,643,6,2210,2,6451,6,8661,California
Del Norte,2021-05-02,8,14530,0,5078,8,8809,0,643,8,2218,0,6451,8,8669,California
Del Norte,2021-05-03,40,14570,3,5081,34,8843,3,646,2,2186,37,6488,5,8674,California
Del Norte,2021-05-04,221,14791,36,5117,180,9023,5,651,46,2063,174,6662,51,8725,California
Del Norte,2021-05-05,231,15022,19,5136,204,9227,8,659,56,1952,175,6837,64,8789,California
Del Norte,2021-05-06,111,15133,24,5160,74,9301,13,672,26,1906,85,6922,39,8828,California
Del Norte,2021-05-07,152,15285,29,5189,119,9420,4,676,32,1822,120,7042,36,8864,California
Del Norte,2021-05-08,64,15349,55,5244,7,9427,2,678,6,1772,58,7100,8,8872,California
Del Norte,2021-05-09,9,15358,3,5247,3,9430,3,681,2,1770,7,7107,5,8877,California
Del Norte,2021-05-10,25,15383,3,5250,18,9448,4,685,15,1779,10,7117,19,8896,California
Del Norte,2021-05-11,170,15553,49,5299,119,9567,2,687,33,1677,137,7254,35,8931,California
Del Norte,2021-05-12,148,15701,23,5322,115,9682,10,697,27,1594,120,7374,37,8968,California
Del Norte,2021-05-13,60,15761,29,5351,30,9712,1,698,32,1599,28,7402,33,9001,California
Del Norte,2021-05-14,77,15838,27,5378,49,9761,1,699,42,1607,35,7437,43,9044,California
Del Norte,2021-05-15,81,15919,53,5431,28,9789,0,699,53,1632,28,7465,53,9097,California
Del Norte,2021-05-16,11,15930,0,5431,11,9800,0,699,11,1643,0,7465,11,9108,California
Del Norte,2021-05-17,27,15957,3,5434,20,9820,4,703,15,1650,12,7477,19,9127,California
Del Norte,2021-05-18,126,16083,68,5502,57,9877,1,704,80,1685,46,7523,81,9208,California
Del Norte,2021-05-19,96,16179,14,5516,66,9943,16,720,38,1681,58,7581,54,9262,California
Del Norte,2021-05-20,98,16277,31,5547,64,10007,3,723,39,1665,58,7639,42,9304,California
Del Norte,2021-05-21,78,16355,32,5579,42,10049,4,727,41,1673,37,7676,45,9349,California
Del Norte,2021-05-22,21,16376,7,5586,14,10063,0,727,8,1668,13,7689,8,9357,California
Del Norte,2021-05-23,11,16387,4,5590,7,10070,0,727,4,1665,7,7696,4,9361,California
Del Norte,2021-05-24,29,16416,11,5601,17,10087,1,728,18,1674,10,7706,19,9380,California
Del Norte,2021-05-25,45,16461,7,5608,30,10117,8,736,14,1667,29,7735,22,9402,California
Del Norte,2021-05-26,113,16574,36,5644,71,10188,6,742,52,1665,60,7795,58,9460,California
Del Norte,2021-05-27,64,16638,22,5666,38,10226,4,746,30,1665,34,7829,34,9494,California
Del Norte,2021-05-28,51,16689,10,5676,37,10263,4,750,11,1640,40,7869,15,9509,California
Del Norte,2021-05-29,9,16698,0,5676,4,10267,5,755,3,1642,6,7875,8,9517,California
Del Norte,2021-05-30,7,16705,1,5677,6,10273,0,755,2,1639,5,7880,2,9519,California
Del Norte,2021-05-31,2,16707,0,5677,2,10275,0,755,2,1641,0,7880,2,9521,California
El Dorado,2020-12-15,12,12,12,12,0,0,0,0,12,12,0,0,12,12,California
El Dorado,2020-12-16,40,52,40,52,0,0,0,0,40,52,0,0,40,52,California
El Dorado,2020-12-17,31,83,31,83,0,0,0,0,31,83,0,0,31,83,California
El Dorado,2020-12-18,239,322,239,322,0,0,0,0,239,322,0,0,239,322,California
El Dorado,2020-12-19,116,438,116,438,0,0,0,0,116,438,0,0,116,438,California
El Dorado,2020-12-20,85,523,85,523,0,0,0,0,85,523,0,0,85,523,California
El Dorado,2020-12-21,309,832,308,831,1,1,0,0,309,832,0,0,309,832,California
El Dorado,2020-12-22,238,1070,214,1045,24,25,0,0,238,1070,0,0,238,1070,California
El Dorado,2020-12-23,190,1260,141,1186,49,74,0,0,190,1260,0,0,190,1260,California
El Dorado,2020-12-24,88,1348,67,1253,21,95,0,0,88,1348,0,0,88,1348,California
El Dorado,2020-12-25,8,1356,8,1261,0,95,0,0,8,1356,0,0,8,1356,California
El Dorado,2020-12-26,45,1401,27,1288,18,113,0,0,45,1401,0,0,45,1401,California
El Dorado,2020-12-27,37,1438,33,1321,4,117,0,0,37,1438,0,0,37,1438,California
El Dorado,2020-12-28,213,1651,166,1487,47,164,0,0,213,1651,0,0,213,1651,California
El Dorado,2020-12-29,460,2111,143,1630,317,481,0,0,460,2111,0,0,460,2111,California
El Dorado,2020-12-30,505,2616,136,1766,369,850,0,0,505,2616,0,0,505,2616,California
El Dorado,2020-12-31,110,2726,70,1836,40,890,0,0,110,2726,0,0,110,2726,California
El Dorado,2021-01-01,7,2733,4,1840,3,893,0,0,7,2733,0,0,7,2733,California
El Dorado,2021-01-02,153,2886,141,1981,12,905,0,0,153,2886,0,0,153,2886,California
El Dorado,2021-01-03,92,2978,17,1998,75,980,0,0,92,2978,0,0,92,2978,California
El Dorado,2021-01-04,190,3168,62,2060,128,1108,0,0,190,3168,0,0,190,3168,California
El Dorado,2021-01-05,228,3396,72,2132,156,1264,0,0,212,3364,16,16,212,3380,California
El Dorado,2021-01-06,239,3635,167,2299,72,1336,0,0,175,3475,64,80,175,3555,California
El Dorado,2021-01-07,332,3967,137,2436,195,1531,0,0,261,3665,71,151,261,3816,California
El Dorado,2021-01-08,977,4944,503,2939,474,2005,0,0,771,4231,206,357,772,4588,California
El Dorado,2021-01-09,193,5137,156,3095,37,2042,0,0,125,4288,68,425,125,4713,California
El Dorado,2021-01-10,179,5316,128,3223,51,2093,0,0,109,4328,70,495,110,4823,California
El Dorado,2021-01-11,659,5975,293,3516,366,2459,0,0,459,4589,199,694,460,5283,California
El Dorado,2021-01-12,806,6781,423,3939,383,2842,0,0,557,4897,249,943,557,5840,California
El Dorado,2021-01-13,702,7483,298,4237,404,3246,0,0,541,5277,161,1104,541,6381,California
El Dorado,2021-01-14,792,8275,220,4457,572,3818,0,0,697,5879,95,1199,697,7078,California
El Dorado,2021-01-15,791,9066,184,4641,607,4425,0,0,719,6526,72,1271,719,7797,California
El Dorado,2021-01-16,173,9239,103,4744,70,4495,0,0,146,6645,27,1298,146,7943,California
El Dorado,2021-01-17,99,9338,46,4790,53,4548,0,0,82,6710,17,1315,82,8025,California
El Dorado,2021-01-18,423,9761,140,4930,283,4831,0,0,354,6995,69,1384,354,8379,California
El Dorado,2021-01-19,754,10515,453,5383,301,5132,0,0,604,7450,150,1534,605,8984,California
El Dorado,2021-01-20,1014,11529,689,6072,325,5457,0,0,901,8239,112,1646,901,9885,California
El Dorado,2021-01-21,1265,12794,678,6750,587,6044,0,0,1057,9129,167,1813,1057,10942,California
El Dorado,2021-01-22,1229,14023,834,7584,395,6439,0,0,1175,10251,53,1866,1175,12117,California
El Dorado,2021-01-23,737,14760,615,8199,122,6561,0,0,626,10766,111,1977,626,12743,California
El Dorado,2021-01-24,126,14886,76,8275,50,6611,0,0,107,10854,19,1996,107,12850,California
El Dorado,2021-01-25,700,15586,293,8568,407,7018,0,0,613,11380,87,2083,613,13463,California
El Dorado,2021-01-26,676,16262,365,8933,311,7329,0,0,573,11850,103,2186,573,14036,California
El Dorado,2021-01-27,991,17253,389,9322,602,7931,0,0,653,12164,339,2525,653,14689,California
El Dorado,2021-01-28,1106,18359,452,9774,654,8585,0,0,745,12548,361,2886,745,15434,California
El Dorado,2021-01-29,1044,19403,556,10330,488,9073,0,0,752,13010,291,3177,753,16187,California
El Dorado,2021-01-30,543,19946,291,10621,252,9325,0,0,446,13360,96,3273,446,16633,California
El Dorado,2021-01-31,236,20182,215,10836,21,9346,0,0,184,13493,51,3324,184,16817,California
El Dorado,2021-02-01,798,20980,368,11204,430,9776,0,0,653,14001,145,3469,653,17470,California
El Dorado,2021-02-02,839,21819,367,11571,472,10248,0,0,676,14514,163,3632,676,18146,California
El Dorado,2021-02-03,902,22721,476,12047,426,10674,0,0,690,14992,212,3844,690,18836,California
El Dorado,2021-02-04,1244,23965,701,12748,543,11217,0,0,872,15492,372,4216,872,19708,California
El Dorado,2021-02-05,1485,25450,599,13347,886,12103,0,0,862,15768,586,4802,862,20570,California
El Dorado,2021-02-06,637,26087,331,13678,306,12409,0,0,531,16194,106,4908,532,21102,California
El Dorado,2021-02-07,259,26346,177,13855,82,12491,0,0,195,16325,64,4972,195,21297,California
El Dorado,2021-02-08,884,27230,418,14273,466,12957,0,0,610,16661,274,5246,610,21907,California
El Dorado,2021-02-09,970,28200,546,14819,424,13381,0,0,539,16769,431,5677,539,22446,California
El Dorado,2021-02-10,1257,29457,735,15554,522,13903,0,0,664,16841,592,6269,664,23110,California
El Dorado,2021-02-11,2151,31608,889,16443,1262,15165,0,0,756,16206,1392,7661,757,23867,California
El Dorado,2021-02-12,1576,33184,825,17268,751,15916,0,0,675,15982,900,8561,676,24543,California
El Dorado,2021-02-13,979,34163,667,17935,312,16228,0,0,435,15876,541,9102,435,24978,California
El Dorado,2021-02-14,486,34649,155,18090,331,16559,0,0,399,16188,87,9189,399,25377,California
El Dorado,2021-02-15,1181,35830,383,18473,798,17357,0,0,818,16647,363,9552,822,26199,California
El Dorado,2021-02-16,1206,37036,532,19005,674,18031,0,0,671,16785,534,10086,672,26871,California
El Dorado,2021-02-17,952,37988,419,19424,533,18564,0,0,459,16753,493,10579,461,27332,California
El Dorado,2021-02-18,2094,40082,1020,20444,1074,19638,0,0,1059,16778,1034,11613,1059,28391,California
El Dorado,2021-02-19,1210,41292,643,21087,567,20205,0,0,676,16921,533,12146,676,29067,California
El Dorado,2021-02-20,925,42217,441,21528,484,20689,0,0,671,17343,249,12395,671,29738,California
El Dorado,2021-02-21,286,42503,229,21757,57,20746,0,0,101,17259,185,12580,101,29839,California
El Dorado,2021-02-22,875,43378,439,22196,436,21182,0,0,273,16931,601,13181,273,30112,California
El Dorado,2021-02-23,846,44224,473,22669,373,21555,0,0,338,16762,507,13688,338,30450,California
El Dorado,2021-02-24,1027,45251,438,23107,589,22144,0,0,425,16586,602,14290,426,30876,California
El Dorado,2021-02-25,1891,47142,1140,24247,751,22895,0,0,674,16052,1210,15500,676,31552,California
El Dorado,2021-02-26,2357,49499,1481,25728,876,23771,0,0,1586,16870,768,16268,1586,33138,California
El Dorado,2021-02-27,1663,51162,440,26168,1223,24994,0,0,1222,17654,438,16706,1222,34360,California
El Dorado,2021-02-28,594,51756,207,26375,387,25381,0,0,436,17933,158,16864,437,34797,California
El Dorado,2021-03-01,1134,52890,448,26823,684,26065,2,2,624,18050,509,17373,626,35423,California
El Dorado,2021-03-02,924,53814,269,27092,655,26720,0,2,484,18096,438,17811,484,35907,California
El Dorado,2021-03-03,1695,55509,466,27558,1229,27949,0,2,1158,18727,530,18341,1161,37068,California
El Dorado,2021-03-04,2516,58025,1549,29107,967,28916,0,2,1197,18608,1316,19657,1197,38265,California
El Dorado,2021-03-05,1585,59610,429,29536,1151,30067,5,7,1048,19130,531,20188,1053,39318,California
El Dorado,2021-03-06,741,60351,213,29749,493,30560,35,42,393,19211,347,20535,428,39746,California
El Dorado,2021-03-07,406,60757,197,29946,191,30751,18,60,242,19309,162,20697,260,40006,California
El Dorado,2021-03-08,1330,62087,365,30311,893,31644,72,132,861,19775,466,21163,932,40938,California
El Dorado,2021-03-09,989,63076,231,30542,691,32335,67,199,587,20042,387,21550,654,41592,California
El Dorado,2021-03-10,954,64030,346,30888,552,32887,56,255,551,20252,396,21946,606,42198,California
El Dorado,2021-03-11,3022,67052,1834,32722,1005,33892,183,438,1287,20007,1714,23660,1469,43667,California
El Dorado,2021-03-12,1792,68844,622,33344,922,34814,248,686,749,19981,1025,24685,999,44666,California
El Dorado,2021-03-13,1067,69911,344,33688,441,35255,282,968,375,19947,689,25374,655,45321,California
El Dorado,2021-03-14,794,70705,208,33896,474,35729,112,1080,279,19823,515,25889,391,45712,California
El Dorado,2021-03-15,1401,72106,304,34200,971,36700,126,1206,612,19777,785,26674,739,46451,California
El Dorado,2021-03-16,1221,73327,412,34612,664,37364,145,1351,571,19849,644,27318,716,47167,California
El Dorado,2021-03-17,1109,74436,349,34961,665,38029,95,1446,723,20282,385,27703,818,47985,California
El Dorado,2021-03-18,2998,77434,1774,36735,1179,39208,45,1491,1976,21289,1014,28717,2021,50006,California
El Dorado,2021-03-19,1119,78553,365,37100,607,39815,147,1638,641,21599,478,29195,788,50794,California
El Dorado,2021-03-20,949,79502,269,37369,663,40478,17,1655,369,21417,568,29763,386,51180,California
El Dorado,2021-03-21,1026,80528,419,37788,602,41080,5,1660,934,22266,90,29853,939,52119,California
El Dorado,2021-03-22,1507,82035,489,38277,936,42016,82,1742,1196,23238,306,30159,1278,53397,California
El Dorado,2021-03-23,1149,83184,452,38729,602,42618,95,1837,733,23661,405,30564,828,54225,California
El Dorado,2021-03-24,1459,84643,624,39353,639,43257,196,2033,664,23754,767,31331,860,55085,California
El Dorado,2021-03-25,2511,87154,1685,41038,723,43980,103,2136,1381,24115,1124,32455,1485,56570,California
El Dorado,2021-03-26,1821,88975,698,41736,1013,44993,110,2246,945,24318,853,33308,1056,57626,California
El Dorado,2021-03-27,1320,90295,188,41924,1128,46121,4,2250,334,23676,980,34288,338,57964,California
El Dorado,2021-03-28,636,90931,182,42106,444,46565,10,2260,203,23460,429,34717,213,58177,California
El Dorado,2021-03-29,1320,92251,433,42539,871,47436,16,2276,830,23819,487,35204,846,59023,California
El Dorado,2021-03-30,1364,93615,413,42952,858,48294,93,2369,684,23922,672,35876,775,59798,California
El Dorado,2021-03-31,1561,95176,582,43534,916,49210,63,2432,697,23819,862,36738,759,60557,California
El Dorado,2021-04-01,3239,98415,1769,45303,1387,50597,83,2515,1539,23745,1698,38436,1624,62181,California
El Dorado,2021-04-02,1891,100306,563,45866,1233,51830,95,2610,748,23453,1137,39573,845,63026,California
El Dorado,2021-04-03,752,101058,295,46161,335,52165,122,2732,231,23288,518,40091,353,63379,California
El Dorado,2021-04-04,272,101330,85,46246,140,52305,47,2779,98,23260,173,40264,145,63524,California
El Dorado,2021-04-05,1425,102755,425,46671,906,53211,94,2873,593,23119,827,41091,686,64210,California
El Dorado,2021-04-06,1415,104170,524,47195,670,53881,221,3094,453,22832,959,42050,672,64882,California
El Dorado,2021-04-07,1590,105760,559,47754,578,54459,453,3547,558,22812,1029,43079,1009,65891,California
El Dorado,2021-04-08,2683,108443,1731,49485,717,55176,235,3782,1119,22618,1555,44634,1361,67252,California
El Dorado,2021-04-09,1436,109879,454,49939,761,55937,221,4003,572,22551,861,45495,794,68046,California
El Dorado,2021-04-10,819,110698,224,50163,485,56422,110,4113,471,22787,345,45840,581,68627,California
El Dorado,2021-04-11,702,111400,454,50617,232,56654,16,4129,207,22516,494,46334,223,68850,California
El Dorado,2021-04-12,1277,112677,498,51115,630,57284,149,4278,559,22512,711,47045,707,69557,California
El Dorado,2021-04-13,1118,113795,609,51724,509,57793,0,4278,507,22412,607,47652,507,70064,California
El Dorado,2021-04-14,1086,114881,460,52184,625,58418,1,4279,387,22114,686,48338,388,70452,California
El Dorado,2021-04-15,2489,117370,1671,53855,818,59236,0,4279,953,21535,1533,49871,954,71406,California
El Dorado,2021-04-16,1467,118837,521,54376,946,60182,0,4279,603,21279,860,50731,604,72010,California
El Dorado,2021-04-17,792,119629,202,54578,590,60772,0,4279,492,21474,297,51028,492,72502,California
El Dorado,2021-04-18,991,120620,89,54667,902,61674,0,4279,395,21274,595,51623,395,72897,California
El Dorado,2021-04-19,1715,122335,438,55105,1277,62951,0,4279,690,20945,1019,52642,690,73587,California
El Dorado,2021-04-20,1110,123445,360,55465,750,63701,0,4279,461,20762,644,53286,461,74048,California
El Dorado,2021-04-21,1159,124604,466,55931,689,64390,4,4283,591,20794,560,53846,592,74640,California
El Dorado,2021-04-22,2549,127153,1679,57610,870,65260,0,4283,1067,20382,1479,55325,1067,75707,California
El Dorado,2021-04-23,1399,128552,491,58101,908,66168,0,4283,709,20405,687,56012,710,76417,California
El Dorado,2021-04-24,969,129521,516,58617,453,66621,0,4283,734,20906,233,56245,734,77151,California
El Dorado,2021-04-25,653,130174,449,59066,204,66825,0,4283,466,21185,187,56432,466,77617,California
El Dorado,2021-04-26,1140,131314,450,59516,673,67498,17,4300,537,21138,600,57032,553,78170,California
El Dorado,2021-04-27,1052,132366,375,59891,649,68147,28,4328,472,21064,574,57606,500,78670,California
El Dorado,2021-04-28,1033,133399,346,60237,647,68794,40,4368,403,20878,629,58235,443,79113,California
El Dorado,2021-04-29,1929,135328,1303,61540,594,69388,32,4400,538,20059,1389,59624,570,79683,California
El Dorado,2021-04-30,2120,137448,1331,62871,748,70136,41,4441,1359,20709,749,60373,1399,81082,California
El Dorado,2021-05-01,617,138065,282,63153,308,70444,27,4468,279,20684,331,60704,306,81388,California
El Dorado,2021-05-02,298,138363,212,63365,57,70501,29,4497,101,20619,194,60898,129,81517,California
El Dorado,2021-05-03,821,139184,402,63767,369,70870,50,4547,276,20403,543,61441,327,81844,California
El Dorado,2021-05-04,875,140059,431,64198,386,71256,58,4605,308,20206,563,62004,366,82210,California
El Dorado,2021-05-05,874,140933,432,64630,369,71625,73,4678,414,20235,458,62462,487,82697,California
El Dorado,2021-05-06,1113,142046,482,65112,584,72209,47,4725,473,20117,634,63096,516,83213,California
El Dorado,2021-05-07,978,143024,373,65485,547,72756,58,4783,399,19994,579,63675,456,83669,California
El Dorado,2021-05-08,484,143508,149,65634,298,73054,37,4820,186,19921,296,63971,223,83892,California
El Dorado,2021-05-09,218,143726,79,65713,112,73166,27,4847,100,19931,117,64088,127,84019,California
El Dorado,2021-05-10,828,144554,274,65987,495,73661,59,4906,241,19652,577,64665,298,84317,California
El Dorado,2021-05-11,660,145214,286,66273,320,73981,54,4960,290,19630,367,65032,345,84662,California
El Dorado,2021-05-12,585,145799,307,66580,243,74224,35,4995,235,19551,350,65382,271,84933,California
El Dorado,2021-05-13,1141,146940,732,67312,373,74597,36,5031,395,19240,741,66123,430,85363,California
El Dorado,2021-05-14,1400,148340,806,68118,510,75107,84,5115,681,19291,714,66837,765,86128,California
El Dorado,2021-05-15,896,149236,553,68671,287,75394,56,5171,313,19077,583,67420,369,86497,California
El Dorado,2021-05-16,654,149890,456,69127,172,75566,26,5197,228,18905,426,67846,254,86751,California
El Dorado,2021-05-17,1565,151455,662,69789,855,76421,48,5245,568,18527,993,68839,615,87366,California
El Dorado,2021-05-18,1012,152467,507,70296,451,76872,54,5299,445,18460,566,69405,499,87865,California
El Dorado,2021-05-19,810,153277,328,70624,430,77302,52,5351,315,18337,489,69894,366,88231,California
El Dorado,2021-05-20,1041,154318,602,71226,390,77692,49,5400,448,18244,590,70484,497,88728,California
El Dorado,2021-05-21,2170,156488,1662,72888,483,78175,25,5425,742,17588,1423,71907,767,89495,California
El Dorado,2021-05-22,569,157057,156,73044,396,78571,17,5442,191,17419,377,72284,208,89703,California
El Dorado,2021-05-23,190,157247,87,73131,84,78655,19,5461,61,17371,128,72412,80,89783,California
El Dorado,2021-05-24,867,158114,437,73568,363,79018,67,5528,305,17182,558,72970,369,90152,California
El Dorado,2021-05-25,584,158698,236,73804,315,79333,33,5561,223,17079,359,73329,256,90408,California
El Dorado,2021-05-26,773,159471,377,74181,376,79709,20,5581,291,16910,480,73809,311,90719,California
El Dorado,2021-05-27,604,160075,240,74421,330,80039,34,5615,298,16937,304,74113,331,91050,California
El Dorado,2021-05-28,701,160776,238,74659,406,80445,57,5672,294,16883,405,74518,351,91401,California
El Dorado,2021-05-29,372,161148,99,74758,257,80702,16,5688,156,16839,216,74734,172,91573,California
El Dorado,2021-05-30,168,161316,98,74856,55,80757,15,5703,78,16843,89,74823,93,91666,California
El Dorado,2021-05-31,21,161337,5,74861,13,80770,3,5706,4,16833,17,74840,7,91673,California
Fresno,2020-12-15,2,2,2,2,0,0,0,0,2,2,0,0,2,2,California
Fresno,2020-12-16,125,127,125,127,0,0,0,0,125,127,0,0,125,127,California
Fresno,2020-12-17,121,248,121,248,0,0,0,0,121,248,0,0,121,248,California
Fresno,2020-12-18,346,594,346,594,0,0,0,0,346,594,0,0,346,594,California
Fresno,2020-12-19,159,753,159,753,0,0,0,0,159,753,0,0,159,753,California
Fresno,2020-12-20,258,1011,256,1009,2,2,0,0,258,1011,0,0,258,1011,California
Fresno,2020-12-21,928,1939,926,1935,2,4,0,0,959,1970,0,0,959,1970,California
Fresno,2020-12-22,905,2844,875,2810,30,34,0,0,909,2879,0,0,909,2879,California
Fresno,2020-12-23,1091,3935,1049,3859,42,76,0,0,1092,3971,0,0,1092,3971,California
Fresno,2020-12-24,589,4524,563,4422,26,102,0,0,589,4560,0,0,589,4560,California
Fresno,2020-12-25,2,4526,1,4423,1,103,0,0,2,4562,0,0,2,4562,California
Fresno,2020-12-26,724,5250,715,5138,9,112,0,0,724,5286,0,0,724,5286,California
Fresno,2020-12-27,307,5557,208,5346,99,211,0,0,307,5593,0,0,307,5593,California
Fresno,2020-12-28,1090,6647,800,6146,290,501,0,0,1091,6684,0,0,1091,6684,California
Fresno,2020-12-29,1736,8383,991,7137,745,1246,0,0,1734,8417,1,1,1734,8418,California
Fresno,2020-12-30,955,9338,444,7581,511,1757,0,0,955,9372,0,1,955,9373,California
Fresno,2020-12-31,901,10239,309,7890,592,2349,0,0,900,10272,0,1,900,10273,California
Fresno,2021-01-01,9,10248,3,7893,6,2355,0,0,9,10281,0,1,9,10282,California
Fresno,2021-01-02,1029,11277,715,8608,314,2669,0,0,1029,11310,0,1,1029,11311,California
Fresno,2021-01-03,153,11430,128,8736,25,2694,0,0,153,11463,0,1,153,11464,California
Fresno,2021-01-04,620,12050,376,9112,244,2938,0,0,620,12083,0,1,620,12084,California
Fresno,2021-01-05,782,12832,313,9425,469,3407,0,0,708,12717,74,75,708,12792,California
Fresno,2021-01-06,986,13818,348,9773,638,4045,0,0,810,13351,176,251,810,13602,California
Fresno,2021-01-07,1895,15713,917,10690,978,5023,0,0,1642,14743,253,504,1645,15247,California
Fresno,2021-01-08,1788,17501,613,11303,1175,6198,0,0,1424,15805,362,866,1424,16671,California
Fresno,2021-01-09,634,18135,388,11691,246,6444,0,0,359,15889,275,1141,359,17030,California
Fresno,2021-01-10,518,18653,488,12179,30,6474,0,0,204,15779,314,1455,204,17234,California
Fresno,2021-01-11,2220,20873,1812,13991,408,6882,0,0,1526,16614,694,2149,1529,18763,California
Fresno,2021-01-12,2529,23402,1830,15821,699,7581,0,0,1678,17441,853,3002,1680,20443,California
Fresno,2021-01-13,3556,26958,2436,18257,1120,8701,0,0,2706,19300,850,3852,2709,23152,California
Fresno,2021-01-14,4137,31095,2183,20440,1954,10655,0,0,3666,22496,470,4322,3666,26818,California
Fresno,2021-01-15,3662,34757,2530,22970,1132,11787,0,0,3304,25446,358,4680,3308,30126,California
Fresno,2021-01-16,3152,37909,2309,25279,843,12630,0,0,2687,27670,464,5144,2688,32814,California
Fresno,2021-01-17,976,38885,555,25834,421,13051,0,0,778,28250,198,5342,778,33592,California
Fresno,2021-01-18,3077,41962,2369,28203,708,13759,0,0,2421,30019,654,5996,2423,36015,California
Fresno,2021-01-19,4406,46368,2620,30823,1786,15545,0,0,3692,33001,714,6710,3696,39711,California
Fresno,2021-01-20,3020,49388,1208,32031,1812,17357,0,0,2707,35400,311,7021,2710,42421,California
Fresno,2021-01-21,4395,53783,2033,34064,2362,19719,0,0,4034,39102,338,7359,4040,46461,California
Fresno,2021-01-22,3313,57096,1349,35413,1964,21683,0,0,2922,41651,374,7733,2923,49384,California
Fresno,2021-01-23,3049,60145,1974,37387,1075,22758,0,0,2326,43260,722,8455,2331,51715,California
Fresno,2021-01-24,559,60704,377,37764,182,22940,0,0,353,43409,206,8661,355,52070,California
Fresno,2021-01-25,2425,63129,866,38630,1559,24499,0,0,1873,44733,552,9213,1876,53946,California
Fresno,2021-01-26,2065,65194,586,39216,1479,25978,0,0,1319,45309,744,9957,1320,55266,California
Fresno,2021-01-27,2319,67513,1158,40374,1161,27139,0,0,1755,46504,563,10520,1758,57024,California
Fresno,2021-01-28,4527,72040,3049,43423,1478,28617,0,0,3475,48933,1049,11569,3478,60502,California
Fresno,2021-01-29,1710,73750,983,44406,727,29344,0,0,1410,50048,296,11865,1411,61913,California
Fresno,2021-01-30,1452,75202,550,44956,902,30246,0,0,1035,50666,417,12282,1035,62948,California
Fresno,2021-01-31,228,75430,219,45175,9,30255,0,0,74,50586,154,12436,74,63022,California
Fresno,2021-02-01,3347,78777,1673,46848,1674,31929,0,0,1787,50823,1559,13995,1796,64818,California
Fresno,2021-02-02,2723,81500,552,47400,2171,34100,0,0,1580,51290,1128,15123,1595,66413,California
Fresno,2021-02-03,3556,85056,2101,49501,1455,35555,0,0,1547,50837,2001,17124,1548,67961,California
Fresno,2021-02-04,4198,89254,1897,51398,2301,37856,0,0,1930,50534,2238,19362,1935,69896,California
Fresno,2021-02-05,5345,94599,2730,54128,2615,40471,0,0,2310,49818,3030,22392,2314,72210,California
Fresno,2021-02-06,2939,97538,2048,56176,891,41362,0,0,974,48833,1960,24352,975,73185,California
Fresno,2021-02-07,466,98004,284,56460,182,41544,0,0,272,48912,193,24545,272,73457,California
Fresno,2021-02-08,4278,102282,2291,58751,1987,43531,0,0,1815,48285,2451,26996,1824,75281,California
Fresno,2021-02-09,5342,107624,2090,60841,3252,46783,0,0,3126,49278,2142,29138,3135,78416,California
Fresno,2021-02-10,3893,111517,1233,62074,2660,49443,0,0,1995,49442,1846,30984,2010,80426,California
Fresno,2021-02-11,6459,117976,2095,64169,4364,53807,0,0,3360,49726,3081,34065,3365,83791,California
Fresno,2021-02-12,5399,123375,1383,65552,4016,57823,0,0,2737,49828,2643,36708,2745,86536,California
Fresno,2021-02-13,3756,127131,1561,67113,2195,60018,0,0,2086,50261,1659,38367,2092,88628,California
Fresno,2021-02-14,1563,128694,283,67396,1280,61298,0,0,838,50376,725,39092,840,89468,California
Fresno,2021-02-15,2895,131589,267,67663,2628,63926,0,0,1791,51071,1100,40192,1795,91263,California
Fresno,2021-02-16,6700,138289,2406,70069,4294,68220,0,0,4248,52890,2435,42627,4254,95517,California
Fresno,2021-02-17,5340,143629,2452,72521,2888,71108,0,0,2991,53581,2304,44931,2995,98512,California
Fresno,2021-02-18,6859,150488,2895,75416,3964,75072,0,0,2586,51949,4229,49160,2597,101109,California
Fresno,2021-02-19,3842,154330,1100,76516,2742,77814,0,0,1825,51771,2006,51166,1828,102937,California
Fresno,2021-02-20,4538,158868,2492,79008,2046,79860,0,0,3054,53353,1478,52644,3060,105997,California
Fresno,2021-02-21,191,159059,172,79180,19,79879,0,0,127,53430,50,52694,127,106124,California
Fresno,2021-02-22,2253,161312,1004,80184,1249,81128,0,0,1238,53665,1005,53699,1240,107364,California
Fresno,2021-02-23,4691,166003,2265,82449,2426,83554,0,0,3814,56616,865,54564,3816,111180,California
Fresno,2021-02-24,4212,170215,1503,83952,2709,86263,0,0,3457,59331,743,55307,3458,114638,California
Fresno,2021-02-25,8710,178925,3735,87687,4975,91238,0,0,7220,65133,1426,56733,7228,121866,California
Fresno,2021-02-26,9019,187944,3702,91389,5317,96555,0,0,7701,71546,1294,58027,7707,129573,California
Fresno,2021-02-27,7291,195235,3159,94548,4131,100686,1,1,6579,77432,696,58723,6582,136155,California
Fresno,2021-02-28,1655,196890,535,95083,1120,101806,0,1,1566,78922,77,58800,1567,137722,California
Fresno,2021-03-01,5079,201969,1310,96393,3769,105575,0,1,3677,81214,1389,60189,3681,141403,California
Fresno,2021-03-02,9858,211827,3384,99777,6474,112049,0,1,8474,88351,1360,61549,8497,149900,California
Fresno,2021-03-03,6948,218775,1701,101478,5246,117295,1,2,5934,93399,1001,62550,6049,155949,California
Fresno,2021-03-04,10450,229225,4119,105597,6331,123626,0,2,8711,100407,1711,64261,8719,164668,California
Fresno,2021-03-05,9189,238414,3633,109230,5554,129180,2,4,8012,107452,1044,65305,8089,172757,California
Fresno,2021-03-06,7006,245420,3945,113175,2943,132123,118,122,6014,112603,985,66290,6136,178893,California
Fresno,2021-03-07,1490,246910,681,113856,773,132896,36,158,1260,113673,227,66517,1297,180190,California
Fresno,2021-03-08,5277,252187,2026,115882,3100,135996,151,309,3988,116545,1278,67795,4150,184340,California
Fresno,2021-03-09,8606,260793,3794,119676,4541,140537,271,580,4649,117565,3936,71731,4956,189296,California
Fresno,2021-03-10,6842,267635,2867,122543,3583,144120,392,972,5379,121891,1454,73185,5780,195076,California
Fresno,2021-03-11,11629,279264,4584,127127,6479,150599,566,1538,6318,123566,5285,78470,6960,202036,California
Fresno,2021-03-12,12086,291350,5140,132267,6493,157092,453,1991,9070,130238,2995,81465,9667,211703,California
Fresno,2021-03-13,8368,299718,4063,136330,3272,160364,1033,3024,4047,131094,4300,85765,5156,216859,California
Fresno,2021-03-14,1770,301488,477,136807,1004,161368,289,3313,670,130964,1088,86853,958,217817,California
Fresno,2021-03-15,7134,308622,3180,139987,3781,165149,173,3486,4947,134098,2172,89025,5306,223123,California
Fresno,2021-03-16,10215,318837,4530,144517,5289,170438,396,3882,5423,135252,4760,93785,5914,229037,California
Fresno,2021-03-17,8667,327504,3929,148446,4047,174485,691,4573,5875,139428,2770,96555,6946,235983,California
Fresno,2021-03-18,12459,339963,6733,155179,5092,179577,634,5207,7070,142217,5340,101895,8129,244112,California
Fresno,2021-03-19,11195,351158,5882,161061,4699,184276,614,5821,6952,145864,4214,106109,7861,251973,California
Fresno,2021-03-20,7610,358768,4606,165667,2692,186968,312,6133,3805,146482,3775,109884,4393,256366,California
Fresno,2021-03-21,1777,360545,1204,166871,204,187172,369,6502,958,146995,815,110699,1328,257694,California
Fresno,2021-03-22,5670,366215,2895,169766,2179,189351,596,7098,3842,149821,1812,112511,4638,262332,California
Fresno,2021-03-23,10564,376779,5249,175015,4818,194169,497,7595,5069,150342,5474,117985,5995,268327,California
Fresno,2021-03-24,8872,385651,3837,178852,4203,198372,832,8427,4980,152353,3854,121839,5865,274192,California
Fresno,2021-03-25,12208,397859,5682,184534,5737,204109,789,9216,4766,150595,7395,129234,5637,279829,California
Fresno,2021-03-26,12246,410105,5457,189991,6142,210251,647,9863,4482,148034,7711,136945,5150,284979,California
Fresno,2021-03-27,9614,419719,4333,194324,4192,214443,1089,10952,2939,145428,6638,143583,4032,289011,California
Fresno,2021-03-28,3404,423123,1316,195640,1400,215843,688,11640,1279,145554,2117,145700,2243,291254,California
Fresno,2021-03-29,6001,429124,2008,197648,3442,219285,551,12191,2897,145938,3075,148775,3459,294713,California
Fresno,2021-03-30,10897,440021,4266,201914,5733,225018,898,13089,3847,143661,7022,155797,4745,299458,California
Fresno,2021-03-31,9699,449720,3386,205300,5325,230343,988,14077,3741,142475,5916,161713,4730,304188,California
Fresno,2021-04-01,12003,461723,4203,209503,6935,237278,865,14942,4011,139426,7889,169602,4840,309028,California
Fresno,2021-04-02,11783,473506,4567,214070,6430,243708,786,15728,4185,136983,7440,177042,4997,314025,California
Fresno,2021-04-03,6417,479923,3538,217608,2622,246330,257,15985,2160,135197,4240,181282,2454,316479,California
Fresno,2021-04-04,1491,481414,536,218144,910,247240,45,16030,547,134853,936,182218,592,317071,California
Fresno,2021-04-05,8341,489755,4473,222617,3066,250306,802,16832,2450,132306,5874,188092,3327,320398,California
Fresno,2021-04-06,9606,499361,4024,226641,4397,254703,1185,18017,3545,131043,6022,194114,4759,325157,California
Fresno,2021-04-07,10391,509752,5338,231979,3847,258550,1206,19223,3533,129011,6815,200929,4783,329940,California
Fresno,2021-04-08,10895,520647,5139,237118,4593,263143,1163,20386,3431,126247,7416,208345,4652,334592,California
Fresno,2021-04-09,11182,531829,5332,242450,4464,267607,1386,21772,3597,123731,7540,215885,5024,339616,California
Fresno,2021-04-10,7884,539713,5158,247608,2204,269811,522,22294,3673,123726,4199,220084,4194,343810,California
Fresno,2021-04-11,1387,541100,926,248534,372,270183,89,22383,446,123326,936,221020,536,344346,California
Fresno,2021-04-12,7163,548263,3766,252300,2476,272659,921,23304,2315,121737,4824,225844,3235,347581,California
Fresno,2021-04-13,8911,557174,4242,256542,4599,277258,70,23374,3460,119941,5417,231261,3621,351202,California
Fresno,2021-04-14,9448,566622,5736,262278,3711,280969,1,23375,3718,118018,5688,236949,3765,354967,California
Fresno,2021-04-15,8388,575010,4181,266459,4204,285173,3,23378,3154,115972,5206,242155,3160,358127,California
Fresno,2021-04-16,9376,584386,4629,271088,4745,289918,2,23380,3871,114382,5468,247623,3878,362005,California
Fresno,2021-04-17,5563,589949,3719,274807,1844,291762,0,23380,2643,114127,2900,250523,2645,364650,California
Fresno,2021-04-18,1029,590978,561,275368,468,292230,0,23380,473,114049,551,251074,473,365123,California
Fresno,2021-04-19,5532,596510,3018,278386,2511,294741,3,23383,2255,113069,3240,254314,2260,367383,California
Fresno,2021-04-20,6951,603461,3436,281822,3507,298248,8,23391,2622,111393,4307,258621,2631,370014,California
Fresno,2021-04-21,6384,609845,3529,285351,2847,301095,8,23399,2666,110386,3685,262306,2678,372692,California
Fresno,2021-04-22,6355,616200,3156,288507,3198,304293,1,23400,2313,108716,3987,266293,2317,375009,California
Fresno,2021-04-23,7097,623297,3822,292329,3257,307550,18,23418,2711,107130,4303,270596,2717,377726,California
Fresno,2021-04-24,4168,627465,2490,294819,1678,309228,0,23418,1923,106821,2232,272828,1923,379649,California
Fresno,2021-04-25,1372,628837,557,295376,813,310041,2,23420,689,106833,678,273506,690,380339,California
Fresno,2021-04-26,3935,632772,1974,297350,1917,311958,44,23464,1673,106318,2231,275737,1716,382055,California
Fresno,2021-04-27,4529,637301,2294,299644,2124,314082,111,23575,1792,105503,2718,278455,1903,383958,California
Fresno,2021-04-28,4711,642012,2623,302267,1961,316043,127,23702,1940,104821,2750,281205,2068,386026,California
Fresno,2021-04-29,4727,646739,2644,304911,1950,317993,133,23835,1766,103788,2932,284137,1899,387925,California
Fresno,2021-04-30,5387,652126,3282,308193,1970,319963,135,23970,2137,102841,3218,287355,2271,390196,California
Fresno,2021-05-01,4188,656314,3469,311662,580,320543,139,24109,1224,101255,2947,290302,1361,391557,California
Fresno,2021-05-02,1234,657548,770,312432,413,320956,51,24160,601,101285,621,290923,651,392208,California
Fresno,2021-05-03,4001,661549,2695,315127,1120,322076,186,24346,1288,100068,2687,293610,1470,393678,California
Fresno,2021-05-04,4825,666374,2501,317628,2172,324248,152,24498,1552,98526,3248,296858,1706,395384,California
Fresno,2021-05-05,4917,671291,2988,320616,1703,325951,226,24724,1543,96943,3349,300207,1766,397150,California
Fresno,2021-05-06,4111,675402,2528,323144,1478,327429,105,24829,1396,95756,2688,302895,1501,398651,California
Fresno,2021-05-07,4996,680398,3283,326427,1548,328977,165,24994,1554,94050,3421,306316,1715,400366,California
Fresno,2021-05-08,3884,684282,2484,328911,1253,330230,147,25141,1171,92675,2694,309010,1319,401685,California
Fresno,2021-05-09,680,684962,350,329261,287,330517,43,25184,338,92719,336,309346,380,402065,California
Fresno,2021-05-10,2948,687910,1580,330841,1227,331744,141,25325,920,91759,2021,311367,1061,403126,California
Fresno,2021-05-11,3608,691518,1842,332683,1676,333420,90,25415,1155,90563,2442,313809,1246,404372,California
Fresno,2021-05-12,3718,695236,2354,335037,1217,334637,147,25562,1343,89702,2352,316161,1491,405863,California
Fresno,2021-05-13,3605,698841,1953,336990,1545,336182,107,25669,1591,89424,1976,318137,1698,407561,California
Fresno,2021-05-14,5030,703871,3030,340020,1812,337994,188,25857,2142,88897,2857,320994,2330,409891,California
Fresno,2021-05-15,3572,707443,2669,342689,774,338768,129,25986,1818,89098,1745,322739,1946,411837,California
Fresno,2021-05-16,1430,708873,938,343627,458,339226,34,26020,797,89301,628,323367,831,412668,California
Fresno,2021-05-17,4099,712972,2755,346382,1182,340408,162,26182,2279,89952,1793,325160,2444,415112,California
Fresno,2021-05-18,4078,717050,2515,348897,1415,341823,148,26330,2134,90311,1921,327081,2280,417392,California
Fresno,2021-05-19,4187,721237,2631,351528,1401,343224,155,26485,2085,90470,2080,329161,2239,419631,California
Fresno,2021-05-20,3487,724724,2008,353536,1296,344520,183,26668,1608,90400,1860,331021,1790,421421,California
Fresno,2021-05-21,3804,728528,2455,355991,1254,345774,95,26763,1701,90117,2078,333099,1795,423216,California
Fresno,2021-05-22,3255,731783,2444,358435,644,346418,167,26930,1909,90859,1333,334432,2075,425291,California
Fresno,2021-05-23,539,732322,352,358787,157,346575,30,26960,298,90953,232,334664,326,425617,California
Fresno,2021-05-24,3163,735485,1987,360774,1059,347634,117,27077,1482,90896,1656,336320,1599,427216,California
Fresno,2021-05-25,3156,738641,1900,362674,1135,348769,121,27198,1364,90602,1780,338100,1486,428702,California
Fresno,2021-05-26,3203,741844,2121,364795,975,349744,107,27305,1636,90798,1544,339644,1740,430442,California
Fresno,2021-05-27,3059,744903,1872,366667,1091,350835,96,27401,1403,90660,1637,341281,1499,431941,California
Fresno,2021-05-28,3292,748195,2115,368782,1086,351921,91,27492,1802,91087,1467,342748,1894,433835,California
Fresno,2021-05-29,2192,750387,1588,370370,535,352456,69,27561,1169,91316,1009,343757,1238,435073,California
Fresno,2021-05-30,774,751161,512,370882,238,352694,24,27585,404,91389,355,344112,428,435501,California
Fresno,2021-05-31,176,751337,53,370935,113,352807,10,27595,71,91366,103,344215,80,435581,California
Glenn,2020-12-17,1,1,1,1,0,0,0,0,1,1,0,0,1,1,California
Glenn,2020-12-19,1,2,1,2,0,0,0,0,1,2,0,0,1,2,California
Glenn,2020-12-20,1,3,1,3,0,0,0,0,1,3,0,0,1,3,California
Glenn,2020-12-21,11,14,11,14,0,0,0,0,11,14,0,0,11,14,California
Glenn,2020-12-22,59,73,59,73,0,0,0,0,59,73,0,0,59,73,California
Glenn,2020-12-23,28,101,28,101,0,0,0,0,28,101,0,0,28,101,California
Glenn,2020-12-24,9,110,9,110,0,0,0,0,9,110,0,0,9,110,California
Glenn,2020-12-26,2,112,2,112,0,0,0,0,2,112,0,0,2,112,California
Glenn,2020-12-27,4,116,4,116,0,0,0,0,4,116,0,0,4,116,California
Glenn,2020-12-28,21,137,21,137,0,0,0,0,21,137,0,0,21,137,California
Glenn,2020-12-29,82,219,82,219,0,0,0,0,82,219,0,0,82,219,California
Glenn,2020-12-30,129,348,106,325,23,23,0,0,129,348,0,0,129,348,California
Glenn,2020-12-31,38,386,9,334,29,52,0,0,38,386,0,0,38,386,California
Glenn,2021-01-02,2,388,2,336,0,52,0,0,2,388,0,0,2,388,California
Glenn,2021-01-04,7,395,5,341,2,54,0,0,7,395,0,0,7,395,California
Glenn,2021-01-05,9,404,8,349,1,55,0,0,9,404,0,0,9,404,California
Glenn,2021-01-06,60,464,8,357,52,107,0,0,60,464,0,0,60,464,California
Glenn,2021-01-07,67,531,12,369,55,162,0,0,65,527,2,2,65,529,California
Glenn,2021-01-08,12,543,9,378,3,165,0,0,12,539,0,2,12,541,California
Glenn,2021-01-10,1,544,1,379,0,165,0,0,0,538,1,3,0,541,California
Glenn,2021-01-11,30,574,30,409,0,165,0,0,12,532,18,21,12,553,California
Glenn,2021-01-12,42,616,37,446,5,170,0,0,14,518,28,49,14,567,California
Glenn,2021-01-13,221,837,156,602,65,235,0,0,177,651,44,93,177,744,California
Glenn,2021-01-14,117,954,28,630,89,324,0,0,107,748,10,103,107,851,California
Glenn,2021-01-15,42,996,35,665,7,331,0,0,37,780,5,108,37,888,California
Glenn,2021-01-16,33,1029,14,679,19,350,0,0,23,793,10,118,23,911,California
Glenn,2021-01-17,4,1033,2,681,2,352,0,0,2,793,2,120,2,913,California
Glenn,2021-01-18,17,1050,16,697,1,353,0,0,9,794,8,128,9,922,California
Glenn,2021-01-19,30,1080,20,717,10,363,0,0,13,790,17,145,13,935,California
Glenn,2021-01-20,163,1243,94,811,69,432,0,0,82,791,81,226,82,1017,California
Glenn,2021-01-21,124,1367,98,909,26,458,0,0,30,727,94,320,30,1047,California
Glenn,2021-01-22,338,1705,64,973,274,732,0,0,331,1051,7,327,331,1378,California
Glenn,2021-01-23,14,1719,7,980,7,739,0,0,12,1061,2,329,12,1390,California
Glenn,2021-01-24,2,1721,2,982,0,739,0,0,2,1063,0,329,2,1392,California
Glenn,2021-01-25,27,1748,9,991,18,757,0,0,24,1084,3,332,24,1416,California
Glenn,2021-01-26,29,1777,13,1004,16,773,0,0,23,1101,6,338,23,1439,California
Glenn,2021-01-27,188,1965,13,1017,175,948,0,0,166,1245,22,360,166,1605,California
Glenn,2021-01-28,146,2111,8,1025,138,1086,0,0,116,1331,30,390,116,1721,California
Glenn,2021-01-29,296,2407,12,1037,284,1370,0,0,282,1599,14,404,282,2003,California
Glenn,2021-01-30,4,2411,0,1037,4,1374,0,0,4,1603,0,404,4,2007,California
Glenn,2021-01-31,1,2412,0,1037,1,1375,0,0,1,1604,0,404,1,2008,California
Glenn,2021-02-01,28,2440,10,1047,18,1393,0,0,16,1608,12,416,16,2024,California
Glenn,2021-02-02,28,2468,13,1060,15,1408,0,0,19,1618,9,425,19,2043,California
Glenn,2021-02-03,274,2742,125,1185,149,1557,0,0,129,1603,145,570,130,2173,California
Glenn,2021-02-04,82,2824,16,1201,66,1623,0,0,27,1575,55,625,27,2200,California
Glenn,2021-02-05,320,3144,25,1226,295,1918,0,0,299,1853,21,646,299,2499,California
Glenn,2021-02-06,14,3158,2,1228,12,1930,0,0,13,1865,1,647,13,2512,California
Glenn,2021-02-07,2,3160,2,1230,0,1930,0,0,2,1867,0,647,2,2514,California
Glenn,2021-02-08,21,3181,17,1247,4,1934,0,0,4,1854,17,664,4,2518,California
Glenn,2021-02-09,49,3230,20,1267,29,1963,0,0,36,1877,13,677,36,2554,California
Glenn,2021-02-10,138,3368,19,1286,119,2082,0,0,65,1869,73,750,65,2619,California
Glenn,2021-02-11,233,3601,133,1419,100,2182,0,0,151,1937,83,833,151,2770,California
Glenn,2021-02-12,420,4021,99,1518,321,2503,0,0,355,2227,65,898,355,3125,California
Glenn,2021-02-13,34,4055,7,1525,27,2530,0,0,16,2225,18,916,16,3141,California
Glenn,2021-02-14,1,4056,0,1525,1,2531,0,0,1,2226,0,916,1,3142,California
Glenn,2021-02-15,8,4064,0,1525,8,2539,0,0,8,2234,0,916,8,3150,California
Glenn,2021-02-16,39,4103,9,1534,30,2569,0,0,21,2237,18,934,21,3171,California
Glenn,2021-02-17,380,4483,14,1548,366,2935,0,0,302,2461,78,1012,302,3473,California
Glenn,2021-02-18,134,4617,99,1647,35,2970,0,0,110,2547,24,1036,110,3583,California
Glenn,2021-02-19,303,4920,17,1664,286,3256,0,0,29,2302,274,1310,29,3612,California
Glenn,2021-02-20,8,4928,0,1664,8,3264,0,0,0,2294,8,1318,0,3612,California
Glenn,2021-02-21,1,4929,1,1665,0,3264,0,0,1,2295,0,1318,1,3613,California
Glenn,2021-02-22,33,4962,14,1679,19,3283,0,0,17,2296,16,1334,17,3630,California
Glenn,2021-02-23,40,5002,10,1689,30,3313,0,0,28,2312,12,1346,28,3658,California
Glenn,2021-02-24,243,5245,37,1726,206,3519,0,0,47,2163,196,1542,47,3705,California
Glenn,2021-02-25,234,5479,120,1846,114,3633,0,0,118,2165,116,1658,118,3823,California
Glenn,2021-02-26,304,5783,24,1870,280,3913,0,0,20,1902,283,1941,20,3843,California
Glenn,2021-02-27,15,5798,5,1875,10,3923,0,0,5,1898,9,1950,5,3848,California
Glenn,2021-02-28,6,5804,3,1878,3,3926,0,0,3,1899,2,1952,3,3851,California
Glenn,2021-03-01,28,5832,6,1884,22,3948,0,0,12,1895,16,1968,12,3863,California
Glenn,2021-03-02,35,5867,7,1891,28,3976,0,0,17,1894,18,1986,17,3880,California
Glenn,2021-03-03,192,6059,37,1928,155,4131,0,0,101,1906,89,2075,101,3981,California
Glenn,2021-03-04,521,6580,175,2103,346,4477,0,0,375,2135,146,2221,375,4356,California
Glenn,2021-03-05,357,6937,49,2152,308,4785,0,0,35,1848,322,2543,35,4391,California
Glenn,2021-03-06,26,6963,3,2155,22,4807,1,1,9,1841,17,2560,10,4401,California
Glenn,2021-03-07,5,6968,0,2155,5,4812,0,1,3,1843,1,2561,3,4404,California
Glenn,2021-03-08,20,6988,2,2157,17,4829,1,2,18,1860,2,2563,19,4423,California
Glenn,2021-03-09,82,7070,11,2168,68,4897,3,5,54,1888,28,2591,56,4479,California
Glenn,2021-03-10,172,7242,69,2237,101,4998,2,7,95,1908,77,2668,97,4576,California
Glenn,2021-03-11,583,7825,169,2406,391,5389,23,30,454,2256,129,2797,477,5053,California
Glenn,2021-03-12,418,8243,14,2420,342,5731,62,92,41,1982,377,3174,103,5156,California
Glenn,2021-03-13,12,8255,1,2421,3,5734,8,100,1,1980,11,3185,9,5165,California
Glenn,2021-03-14,3,8258,1,2422,2,5736,0,100,1,1979,2,3187,1,5166,California
Glenn,2021-03-15,76,8334,15,2437,56,5792,5,105,61,2030,15,3202,66,5232,California
Glenn,2021-03-16,110,8444,34,2471,65,5857,11,116,69,2069,41,3243,80,5312,California
Glenn,2021-03-17,417,8861,97,2568,313,6170,7,123,116,1889,301,3544,121,5433,California
Glenn,2021-03-18,521,9382,215,2783,50,6220,256,379,145,1913,376,3920,400,5833,California
Glenn,2021-03-19,96,9478,16,2799,74,6294,6,385,75,1974,20,3940,81,5914,California
Glenn,2021-03-20,132,9610,2,2801,129,6423,1,386,130,2103,2,3942,131,6045,California
Glenn,2021-03-21,6,9616,5,2806,0,6423,1,387,3,2105,2,3944,4,6049,California
Glenn,2021-03-22,123,9739,54,2860,61,6484,8,395,103,2198,18,3962,111,6160,California
Glenn,2021-03-23,176,9915,66,2926,59,6543,51,446,103,2280,72,4034,154,6314,California
Glenn,2021-03-24,208,10123,100,3026,103,6646,5,451,136,2350,71,4105,141,6455,California
Glenn,2021-03-25,470,10593,229,3255,147,6793,94,545,342,2659,127,4232,436,6891,California
Glenn,2021-03-26,237,10830,37,3292,164,6957,36,581,186,2830,51,4283,222,7113,California
Glenn,2021-03-27,166,10996,22,3314,138,7095,6,587,155,2980,11,4294,161,7274,California
Glenn,2021-03-28,15,11011,10,3324,5,7100,0,587,10,2985,5,4299,10,7284,California
Glenn,2021-03-29,61,11072,20,3344,38,7138,3,590,47,3021,14,4313,50,7334,California
Glenn,2021-03-30,75,11147,43,3387,31,7169,1,591,43,3035,30,4343,44,7378,California
Glenn,2021-03-31,125,11272,35,3422,89,7258,1,592,54,3020,70,4413,55,7433,California
Glenn,2021-04-01,656,11928,189,3611,458,7716,9,601,244,2863,410,4823,253,7686,California
Glenn,2021-04-02,169,12097,26,3637,131,7847,12,613,133,2972,36,4859,145,7831,California
Glenn,2021-04-03,95,12192,4,3641,84,7931,7,620,84,3052,11,4870,91,7922,California
Glenn,2021-04-04,9,12201,3,3644,4,7935,2,622,5,3055,4,4874,7,7929,California
Glenn,2021-04-05,65,12266,25,3669,27,7962,13,635,28,3059,37,4911,41,7970,California
Glenn,2021-04-06,144,12410,52,3721,53,8015,39,674,37,3028,106,5017,75,8045,California
Glenn,2021-04-07,160,12570,46,3767,60,8075,54,728,74,3070,86,5103,128,8173,California
Glenn,2021-04-08,641,13211,189,3956,418,8493,34,762,139,2743,500,5603,173,8346,California
Glenn,2021-04-09,158,13369,57,4013,85,8578,16,778,101,2804,57,5660,118,8464,California
Glenn,2021-04-10,74,13443,1,4014,61,8639,12,790,59,2861,14,5674,71,8535,California
Glenn,2021-04-11,17,13460,8,4022,4,8643,5,795,7,2863,10,5684,12,8547,California
Glenn,2021-04-12,114,13574,25,4047,60,8703,29,824,19,2816,95,5779,48,8595,California
Glenn,2021-04-13,118,13692,63,4110,55,8758,0,824,29,2757,88,5867,29,8624,California
Glenn,2021-04-14,123,13815,47,4157,76,8834,0,824,68,2770,55,5922,68,8692,California
Glenn,2021-04-15,362,14177,275,4432,87,8921,0,824,124,2656,238,6160,124,8816,California
Glenn,2021-04-16,166,14343,42,4474,124,9045,0,824,77,2644,89,6249,77,8893,California
Glenn,2021-04-17,165,14508,18,4492,147,9192,0,824,26,2538,132,6381,26,8919,California
Glenn,2021-04-18,16,14524,3,4495,13,9205,0,824,13,2548,3,6384,13,8932,California
Glenn,2021-04-19,83,14607,17,4512,66,9271,0,824,22,2510,60,6444,22,8954,California
Glenn,2021-04-20,126,14733,82,4594,44,9315,0,824,53,2490,73,6517,53,9007,California
Glenn,2021-04-21,412,15145,309,4903,103,9418,0,824,280,2638,132,6649,280,9287,California
Glenn,2021-04-22,208,15353,48,4951,160,9578,0,824,33,2497,174,6823,33,9320,California
Glenn,2021-04-23,178,15531,24,4975,154,9732,0,824,40,2401,136,6959,40,9360,California
Glenn,2021-04-24,179,15710,32,5007,147,9879,0,824,30,2282,149,7108,30,9390,California
Glenn,2021-04-25,30,15740,18,5025,12,9891,0,824,22,2296,8,7116,22,9412,California
Glenn,2021-04-26,46,15786,11,5036,35,9926,0,824,18,2286,28,7144,18,9430,California
Glenn,2021-04-27,59,15845,46,5082,8,9934,5,829,30,2291,29,7173,34,9464,California
Glenn,2021-04-28,260,16105,182,5264,67,10001,11,840,127,2300,129,7302,138,9602,California
Glenn,2021-04-29,181,16286,22,5286,157,10158,2,842,35,2191,146,7448,37,9639,California
Glenn,2021-04-30,156,16442,35,5321,119,10277,2,844,38,2113,118,7566,40,9679,California
Glenn,2021-05-01,108,16550,13,5334,94,10371,1,845,26,2058,82,7648,27,9706,California
Glenn,2021-05-02,30,16580,12,5346,9,10380,9,854,15,2067,15,7663,24,9730,California
Glenn,2021-05-03,36,16616,23,5369,12,10392,1,855,14,2060,22,7685,15,9745,California
Glenn,2021-05-04,57,16673,33,5402,19,10411,5,860,28,2064,29,7714,33,9778,California
Glenn,2021-05-05,122,16795,35,5437,77,10488,10,870,51,2054,71,7785,61,9839,California
Glenn,2021-05-06,106,16901,41,5478,60,10548,5,875,40,2033,66,7851,45,9884,California
Glenn,2021-05-07,120,17021,33,5511,78,10626,9,884,31,1985,88,7939,40,9924,California
Glenn,2021-05-08,66,17087,12,5523,50,10676,4,888,21,1966,44,7983,25,9949,California
Glenn,2021-05-09,17,17104,11,5534,6,10682,0,888,13,1975,4,7987,13,9962,California
Glenn,2021-05-10,37,17141,15,5549,17,10699,5,893,15,1973,22,8009,20,9982,California
Glenn,2021-05-11,76,17217,53,5602,14,10713,9,902,16,1938,60,8069,25,10007,California
Glenn,2021-05-12,327,17544,246,5848,67,10780,14,916,45,1715,282,8351,59,10066,California
Glenn,2021-05-13,151,17695,56,5904,77,10857,18,934,65,1712,86,8437,83,10149,California
Glenn,2021-05-14,106,17801,25,5929,76,10933,5,939,42,1695,64,8501,47,10196,California
Glenn,2021-05-15,68,17869,40,5969,25,10958,3,942,35,1700,32,8533,37,10233,California
Glenn,2021-05-16,30,17899,18,5987,12,10970,0,942,9,1688,21,8554,9,10242,California
Glenn,2021-05-17,78,17977,53,6040,21,10991,4,946,53,1720,25,8579,57,10299,California
Glenn,2021-05-18,65,18042,47,6087,13,11004,5,951,21,1702,44,8623,26,10325,California
Glenn,2021-05-19,193,18235,112,6199,69,11073,12,963,71,1663,121,8744,82,10407,California
Glenn,2021-05-20,111,18346,70,6269,39,11112,2,965,79,1712,32,8776,81,10488,California
Glenn,2021-05-21,66,18412,23,6292,43,11155,0,965,29,1704,37,8813,29,10517,California
Glenn,2021-05-22,48,18460,17,6309,31,11186,0,965,23,1702,25,8838,23,10540,California
Glenn,2021-05-23,25,18485,14,6323,11,11197,0,965,11,1700,13,8851,11,10551,California
Glenn,2021-05-24,34,18519,12,6335,17,11214,5,970,13,1698,20,8871,18,10569,California
Glenn,2021-05-25,48,18567,37,6372,9,11223,2,972,25,1702,23,8894,27,10596,California
Glenn,2021-05-26,75,18642,14,6386,57,11280,4,976,26,1683,49,8943,30,10626,California
Glenn,2021-05-27,97,18739,62,6448,34,11314,1,977,44,1677,51,8994,45,10671,California
Glenn,2021-05-28,59,18798,19,6467,34,11348,6,983,30,1685,28,9022,36,10707,California
Glenn,2021-05-29,46,18844,10,6477,32,11380,4,987,19,1681,27,9049,23,10730,California
Glenn,2021-05-30,19,18863,10,6487,9,11389,0,987,7,1676,12,9061,7,10737,California
Glenn,2021-05-31,4,18867,0,6487,4,11393,0,987,0,1672,4,9065,0,10737,California
Humboldt,2020-12-15,2,2,2,2,0,0,0,0,2,2,0,0,2,2,California
Humboldt,2020-12-16,16,18,16,18,0,0,0,0,16,18,0,0,16,18,California
Humboldt,2020-12-17,117,135,117,135,0,0,0,0,117,135,0,0,117,135,California
Humboldt,2020-12-18,177,312,177,312,0,0,0,0,177,312,0,0,177,312,California
Humboldt,2020-12-19,10,322,10,322,0,0,0,0,10,322,0,0,10,322,California
Humboldt,2020-12-20,28,350,28,350,0,0,0,0,28,350,0,0,28,350,California
Humboldt,2020-12-21,166,516,166,516,0,0,0,0,166,516,0,0,166,516,California
Humboldt,2020-12-22,297,813,297,813,0,0,0,0,297,813,0,0,297,813,California
Humboldt,2020-12-23,311,1124,263,1076,48,48,0,0,313,1126,0,0,313,1126,California
Humboldt,2020-12-24,25,1149,2,1078,23,71,0,0,25,1151,0,0,25,1151,California
Humboldt,2020-12-25,2,1151,2,1080,0,71,0,0,2,1153,0,0,2,1153,California
Humboldt,2020-12-26,6,1157,5,1085,1,72,0,0,6,1159,0,0,6,1159,California
Humboldt,2020-12-28,160,1317,148,1233,12,84,0,0,160,1319,0,0,160,1319,California
Humboldt,2020-12-29,171,1488,123,1356,48,132,0,0,171,1490,0,0,171,1490,California
Humboldt,2020-12-30,226,1714,124,1480,102,234,0,0,226,1716,0,0,226,1716,California
Humboldt,2020-12-31,241,1955,79,1559,162,396,0,0,241,1957,0,0,241,1957,California
Humboldt,2021-01-01,2,1957,1,1560,1,397,0,0,2,1959,0,0,2,1959,California
Humboldt,2021-01-02,38,1995,1,1561,37,434,0,0,38,1997,0,0,38,1997,California
Humboldt,2021-01-04,218,2213,142,1703,76,510,0,0,220,2217,0,0,220,2217,California
Humboldt,2021-01-05,130,2343,18,1721,112,622,0,0,130,2346,1,1,130,2347,California
Humboldt,2021-01-06,304,2647,205,1926,99,721,0,0,231,2516,61,62,231,2578,California
Humboldt,2021-01-07,423,3070,311,2237,112,833,0,0,309,2726,99,161,309,2887,California
Humboldt,2021-01-08,420,3490,281,2518,139,972,0,0,283,2878,131,292,283,3170,California
Humboldt,2021-01-09,69,3559,45,2563,24,996,0,0,66,2942,3,295,67,3237,California
Humboldt,2021-01-10,84,3643,84,2647,0,996,0,0,4,2866,80,375,4,3241,California
Humboldt,2021-01-11,289,3932,278,2925,11,1007,0,0,72,2725,213,588,72,3313,California
Humboldt,2021-01-12,483,4415,320,3245,163,1170,0,0,299,2862,162,750,299,3612,California
Humboldt,2021-01-13,493,4908,278,3523,215,1385,0,0,315,3003,175,925,316,3928,California
Humboldt,2021-01-14,525,5433,166,3689,359,1744,0,0,469,3417,56,981,470,4398,California
Humboldt,2021-01-15,375,5808,39,3728,336,2080,0,0,358,3758,17,998,358,4756,California
Humboldt,2021-01-16,170,5978,6,3734,164,2244,0,0,169,3926,1,999,169,4925,California
Humboldt,2021-01-17,6,5984,4,3738,2,2246,0,0,6,3932,0,999,6,4931,California
Humboldt,2021-01-18,295,6279,260,3998,35,2281,0,0,145,3927,150,1149,145,5076,California
Humboldt,2021-01-19,634,6913,390,4388,244,2525,0,0,507,4313,121,1270,507,5583,California
Humboldt,2021-01-20,899,7812,387,4775,512,3037,0,0,750,4924,141,1411,752,6335,California
Humboldt,2021-01-21,959,8771,261,5036,698,3735,0,0,917,5799,42,1453,917,7252,California
Humboldt,2021-01-22,676,9447,376,5412,300,4035,0,0,667,6458,9,1462,668,7920,California
Humboldt,2021-01-23,827,10274,273,5685,554,4589,0,0,818,7268,9,1471,819,8739,California
Humboldt,2021-01-24,229,10503,1,5686,228,4817,0,0,228,7495,1,1472,228,8967,California
Humboldt,2021-01-25,305,10808,233,5919,72,4889,0,0,149,7488,156,1628,149,9116,California
Humboldt,2021-01-26,527,11335,142,6061,385,5274,0,0,476,7913,51,1679,476,9592,California
Humboldt,2021-01-27,1260,12595,587,6648,673,5947,0,0,1193,9048,60,1739,1195,10787,California
Humboldt,2021-01-28,1457,14052,634,7282,823,6770,0,0,1320,10236,134,1873,1322,12109,California
Humboldt,2021-01-29,1148,15200,547,7829,601,7371,0,0,705,10499,443,2316,706,12815,California
Humboldt,2021-01-30,974,16174,456,8285,518,7889,0,0,961,11448,13,2329,962,13777,California
Humboldt,2021-01-31,315,16489,313,8598,2,7891,0,0,314,11761,1,2330,314,14091,California
Humboldt,2021-02-01,334,16823,192,8790,142,8033,0,0,187,11802,146,2476,187,14278,California
Humboldt,2021-02-02,445,17268,74,8864,371,8404,0,0,340,12042,102,2578,342,14620,California
Humboldt,2021-02-03,664,17932,258,9122,406,8810,0,0,512,12402,152,2730,512,15132,California
Humboldt,2021-02-04,639,18571,263,9385,376,9186,0,0,441,12648,195,2925,441,15573,California
Humboldt,2021-02-05,812,19383,94,9479,718,9904,0,0,625,13086,187,3112,625,16198,California
Humboldt,2021-02-06,1058,20441,447,9926,611,10515,0,0,1015,14060,42,3154,1016,17214,California
Humboldt,2021-02-07,379,20820,9,9935,370,10885,0,0,374,14431,4,3158,375,17589,California
Humboldt,2021-02-08,325,21145,142,10077,183,11068,0,0,184,14475,140,3298,184,17773,California
Humboldt,2021-02-09,494,21639,220,10297,274,11342,0,0,179,14339,315,3613,179,17952,California
Humboldt,2021-02-10,563,22202,370,10667,193,11535,0,0,233,14247,325,3938,233,18185,California
Humboldt,2021-02-11,1300,23502,396,11063,904,12439,0,0,502,13955,795,4733,503,18688,California
Humboldt,2021-02-12,1148,24650,737,11800,411,12850,0,0,707,14221,441,5174,707,19395,California
Humboldt,2021-02-13,1506,26156,557,12357,949,13799,0,0,915,14547,589,5763,915,20310,California
Humboldt,2021-02-14,112,26268,5,12362,107,13906,0,0,109,14654,2,5765,109,20419,California
Humboldt,2021-02-15,293,26561,78,12440,215,14121,0,0,196,14754,96,5861,196,20615,California
Humboldt,2021-02-16,535,27096,119,12559,416,14537,0,0,254,14728,281,6142,255,20870,California
Humboldt,2021-02-17,450,27546,278,12837,172,14709,0,0,134,14547,315,6457,134,21004,California
Humboldt,2021-02-18,971,28517,596,13433,375,15084,0,0,230,14038,739,7196,230,21234,California
Humboldt,2021-02-19,476,28993,434,13867,42,15126,0,0,89,13743,384,7580,89,21323,California
Humboldt,2021-02-20,1612,30605,988,14855,624,15750,0,0,475,13087,1134,8714,478,21801,California
Humboldt,2021-02-21,479,31084,471,15326,8,15758,0,0,182,12973,297,9011,183,21984,California
Humboldt,2021-02-22,129,31213,92,15418,37,15795,0,0,29,12904,98,9109,29,22013,California
Humboldt,2021-02-23,176,31389,71,15489,105,15900,0,0,41,12812,133,9242,41,22054,California
Humboldt,2021-02-24,1166,32555,706,16195,460,16360,0,0,587,12821,578,9820,587,22641,California
Humboldt,2021-02-25,834,33389,318,16513,516,16876,0,0,230,12449,602,10422,230,22871,California
Humboldt,2021-02-26,2147,35536,106,16619,2041,18917,0,0,448,11205,1693,12115,449,23320,California
Humboldt,2021-02-27,1696,37232,1078,17697,618,19535,0,0,870,11255,824,12939,874,24194,California
Humboldt,2021-02-28,122,37354,10,17707,112,19647,0,0,116,11365,6,12945,116,24310,California
Humboldt,2021-03-01,259,37613,47,17754,212,19859,0,0,184,11474,75,13020,184,24494,California
Humboldt,2021-03-02,293,37906,50,17804,243,20102,0,0,162,11505,131,13151,162,24656,California
Humboldt,2021-03-03,1664,39570,1100,18904,564,20666,0,0,1221,12290,437,13588,1222,25878,California
Humboldt,2021-03-04,904,40474,112,19016,792,21458,0,0,284,11956,620,14208,286,26164,California
Humboldt,2021-03-05,949,41423,188,19204,750,22208,11,11,392,11806,553,14761,403,26567,California
Humboldt,2021-03-06,1700,43123,842,20046,809,23017,49,60,715,11586,984,15745,764,27331,California
Humboldt,2021-03-07,365,43488,296,20342,51,23068,18,78,157,11553,208,15953,175,27506,California
Humboldt,2021-03-08,277,43765,7,20349,192,23260,78,156,183,11720,94,16047,261,27767,California
Humboldt,2021-03-09,493,44258,211,20560,134,23394,148,304,240,11856,251,16298,387,28154,California
Humboldt,2021-03-10,690,44948,466,21026,70,23464,154,458,421,12161,268,16566,573,28727,California
Humboldt,2021-03-11,1465,46413,461,21487,904,24368,100,558,642,12084,818,17384,741,29468,California
Humboldt,2021-03-12,1748,48161,1084,22571,442,24810,222,780,1055,12680,685,18069,1281,30749,California
Humboldt,2021-03-13,1573,49734,1024,23595,497,25307,52,832,676,12518,891,18960,729,31478,California
Humboldt,2021-03-14,143,49877,19,23614,115,25422,9,841,29,12442,114,19074,38,31516,California
Humboldt,2021-03-15,278,50155,51,23665,206,25628,21,862,59,12303,219,19293,80,31596,California
Humboldt,2021-03-16,638,50793,201,23866,176,25804,261,1123,262,12449,375,19668,521,32117,California
Humboldt,2021-03-17,732,51525,396,24262,228,26032,108,1231,340,12506,391,20059,448,32565,California
Humboldt,2021-03-18,1735,53260,1165,25427,527,26559,43,1274,1039,12897,691,20750,1082,33647,California
Humboldt,2021-03-19,1075,54335,60,25487,701,27260,314,1588,440,13018,632,21382,753,34400,California
Humboldt,2021-03-20,1379,55714,753,26240,612,27872,14,1602,425,12506,952,22334,440,34840,California
Humboldt,2021-03-21,249,55963,32,26272,188,28060,29,1631,204,12693,45,22379,232,35072,California
Humboldt,2021-03-22,119,56082,16,26288,53,28113,50,1681,62,12750,55,22434,112,35184,California
Humboldt,2021-03-23,412,56494,42,26330,327,28440,43,1724,319,13021,91,22525,362,35546,California
Humboldt,2021-03-24,1415,57909,389,26719,978,29418,48,1772,1038,13737,369,22894,1085,36631,California
Humboldt,2021-03-25,1836,59745,1210,27929,564,29982,62,1834,947,13859,887,23781,1009,37640,California
Humboldt,2021-03-26,2041,61786,437,28366,1547,31529,57,1891,1594,15068,441,24222,1650,39290,California
Humboldt,2021-03-27,2023,63809,1447,29813,405,31934,171,2062,1148,15517,871,25093,1320,40610,California
Humboldt,2021-03-28,266,64075,81,29894,114,32048,71,2133,85,15493,181,25274,157,40767,California
Humboldt,2021-03-29,472,64547,127,30021,249,32297,96,2229,202,15521,269,25543,297,41064,California
Humboldt,2021-03-30,942,65489,304,30325,524,32821,114,2343,561,15819,376,25919,674,41738,California
Humboldt,2021-03-31,1865,67354,521,30846,1248,34069,96,2439,1411,16877,451,26370,1509,43247,California
Humboldt,2021-04-01,2110,69464,705,31551,1311,35380,94,2533,1479,17827,624,26994,1574,44821,California
Humboldt,2021-04-02,1726,71190,1111,32662,510,35890,105,2638,622,17455,1099,28093,727,45548,California
Humboldt,2021-04-03,1668,72858,1508,34170,145,36035,15,2653,672,17156,986,29079,687,46235,California
Humboldt,2021-04-04,484,73342,371,34541,104,36139,9,2662,405,17492,79,29158,415,46650,California
Humboldt,2021-04-05,775,74117,461,35002,266,36405,48,2710,441,17649,332,29490,489,47139,California
Humboldt,2021-04-06,843,74960,319,35321,390,36795,134,2844,588,18122,249,29739,722,47861,California
Humboldt,2021-04-07,1492,76452,1061,36382,291,37086,140,2984,988,18748,502,30241,1128,48989,California
Humboldt,2021-04-08,1742,78194,1091,37473,493,37579,158,3142,739,18647,1001,31242,900,49889,California
Humboldt,2021-04-09,1440,79634,438,37911,847,38426,155,3297,1152,19659,288,31530,1300,51189,California
Humboldt,2021-04-10,935,80569,138,38049,621,39047,176,3473,734,20368,199,31729,908,52097,California
Humboldt,2021-04-11,640,81209,138,38187,35,39082,467,3940,127,20449,513,32242,594,52691,California
Humboldt,2021-04-12,432,81641,224,38411,83,39165,125,4065,274,20690,158,32400,399,53090,California
Humboldt,2021-04-13,584,82225,321,38732,260,39425,3,4068,550,21211,31,32431,552,53642,California
Humboldt,2021-04-14,1428,83653,1032,39764,396,39821,0,4068,1315,22415,111,32542,1315,54957,California
Humboldt,2021-04-15,1817,85470,1196,40960,617,40438,4,4072,1249,23116,550,33092,1251,56208,California
Humboldt,2021-04-16,1124,86594,520,41480,604,41042,0,4072,538,23072,582,33674,538,56746,California
Humboldt,2021-04-17,1602,88196,1279,42759,323,41365,0,4072,1009,23494,587,34261,1009,57755,California
Humboldt,2021-04-18,657,88853,344,43103,312,41677,1,4073,94,23031,557,34818,94,57849,California
Humboldt,2021-04-19,198,89051,84,43187,114,41791,0,4073,83,23001,113,34931,83,57932,California
Humboldt,2021-04-20,477,89528,129,43316,348,42139,0,4073,231,22987,245,35176,231,58163,California
Humboldt,2021-04-21,1090,90618,380,43696,710,42849,0,4073,429,22766,651,35827,430,58593,California
Humboldt,2021-04-22,877,91495,524,44220,351,43200,2,4075,442,22775,433,36260,442,59035,California
Humboldt,2021-04-23,2157,93652,304,44524,1853,45053,0,4075,312,21246,1841,38101,312,59347,California
Humboldt,2021-04-24,1085,94737,880,45404,200,45253,5,4080,362,20892,721,38822,367,59714,California
Humboldt,2021-04-25,374,95111,239,45643,135,45388,0,4080,190,20901,181,39003,190,59904,California
Humboldt,2021-04-26,307,95418,213,45856,90,45478,4,4084,87,20772,218,39221,89,59993,California
Humboldt,2021-04-27,705,96123,227,46083,460,45938,18,4102,144,20375,559,39780,162,60155,California
Humboldt,2021-04-28,1540,97663,796,46879,699,46637,45,4147,399,19680,1139,40919,444,60599,California
Humboldt,2021-04-29,1723,99386,578,47457,1107,47744,38,4185,279,18557,1440,42359,317,60916,California
Humboldt,2021-04-30,1252,100638,395,47852,823,48567,34,4219,197,17737,1049,43408,229,61145,California
Humboldt,2021-05-01,460,101098,379,48231,59,48626,22,4241,283,17866,176,43584,305,61450,California
Humboldt,2021-05-02,227,101325,182,48413,36,48662,9,4250,113,17876,113,43697,123,61573,California
Humboldt,2021-05-03,609,101934,376,48789,209,48871,24,4274,97,17488,510,44207,122,61695,California
Humboldt,2021-05-04,820,102754,482,49271,292,49163,46,4320,248,17212,569,44776,293,61988,California
Humboldt,2021-05-05,1685,104439,1075,50346,553,49716,57,4377,179,15947,1499,46275,234,62222,California
Humboldt,2021-05-06,1689,106128,1073,51419,364,50080,252,4629,138,14790,1548,47823,391,62613,California
Humboldt,2021-05-07,1422,107550,305,51724,1058,51138,59,4688,237,13901,1183,49006,294,62907,California
Humboldt,2021-05-08,740,108290,146,51870,571,51709,23,4711,91,13368,647,49653,114,63021,California
Humboldt,2021-05-09,907,109197,855,52725,42,51751,10,4721,48,12567,859,50512,58,63079,California
Humboldt,2021-05-10,214,109411,36,52761,140,51891,38,4759,81,12553,133,50645,119,63198,California
Humboldt,2021-05-11,490,109901,147,52908,272,52163,71,4830,184,12502,306,50951,255,63453,California
Humboldt,2021-05-12,577,110478,122,53030,413,52576,42,4872,203,12374,373,51324,245,63698,California
Humboldt,2021-05-13,500,110978,239,53269,236,52812,25,4897,209,12319,289,51613,234,63932,California
Humboldt,2021-05-14,688,111666,134,53403,451,53263,103,5000,227,12190,458,52071,329,64261,California
Humboldt,2021-05-15,780,112446,641,54044,131,53394,8,5008,209,11837,570,52641,217,64478,California
Humboldt,2021-05-16,128,112574,57,54101,67,53461,4,5012,73,11859,55,52696,77,64555,California
Humboldt,2021-05-17,395,112969,213,54314,160,53621,22,5034,220,11927,173,52869,241,64796,California
Humboldt,2021-05-18,659,113628,327,54641,303,53924,29,5063,367,12032,291,53160,396,65192,California
Humboldt,2021-05-19,949,114577,528,55169,378,54302,43,5106,336,11800,609,53769,377,65569,California
Humboldt,2021-05-20,691,115268,517,55686,161,54463,13,5119,516,12158,172,53941,530,66099,California
Humboldt,2021-05-21,763,116031,218,55904,484,54947,61,5180,296,12048,467,54408,357,66456,California
Humboldt,2021-05-22,350,116381,268,56172,74,55021,8,5188,101,11909,248,54656,109,66565,California
Humboldt,2021-05-23,344,116725,297,56469,44,55065,3,5191,58,11684,286,54942,61,66626,California
Humboldt,2021-05-24,309,117034,167,56636,113,55178,29,5220,181,11768,126,55068,210,66836,California
Humboldt,2021-05-25,536,117570,354,56990,158,55336,24,5244,310,11879,223,55291,334,67170,California
Humboldt,2021-05-26,628,118198,312,57302,293,55629,23,5267,303,11880,325,55616,326,67496,California
Humboldt,2021-05-27,446,118644,237,57539,176,55805,33,5300,276,12019,170,55786,309,67805,California
Humboldt,2021-05-28,384,119028,182,57721,158,55963,44,5344,163,12005,221,56007,207,68012,California
Humboldt,2021-05-29,159,119187,96,57817,61,56024,2,5346,93,12034,66,56073,95,68107,California
Humboldt,2021-05-30,102,119289,45,57862,53,56077,4,5350,48,12033,53,56126,52,68159,California
Humboldt,2021-05-31,15,119304,0,57862,13,56090,2,5352,3,12026,12,56138,5,68164,California
Imperial,2020-12-16,1,1,1,1,0,0,0,0,1,1,0,0,1,1,California
Imperial,2020-12-17,5,6,5,6,0,0,0,0,5,6,0,0,5,6,California
Imperial,2020-12-18,12,18,12,18,0,0,0,0,12,18,0,0,12,18,California
Imperial,2020-12-20,2,20,2,20,0,0,0,0,2,20,0,0,2,20,California
Imperial,2020-12-21,186,206,186,206,0,0,0,0,186,206,0,0,186,206,California
Imperial,2020-12-22,241,447,239,445,2,2,0,0,241,447,0,0,241,447,California
Imperial,2020-12-23,211,658,210,655,1,3,0,0,210,657,0,0,210,657,California
Imperial,2020-12-24,5,663,5,660,0,3,0,0,5,662,0,0,5,662,California
Imperial,2020-12-26,1,664,0,660,1,4,0,0,1,663,0,0,1,663,California
Imperial,2020-12-27,62,726,0,660,62,66,0,0,62,725,0,0,62,725,California
Imperial,2020-12-28,214,940,114,774,100,166,0,0,214,939,0,0,214,939,California
Imperial,2020-12-29,189,1129,36,810,153,319,0,0,189,1128,0,0,189,1128,California
Imperial,2020-12-30,366,1495,50,860,316,635,0,0,366,1494,0,0,366,1494,California
Imperial,2020-12-31,197,1692,26,886,171,806,0,0,197,1691,0,0,197,1691,California
Imperial,2021-01-01,47,1739,5,891,42,848,0,0,47,1738,0,0,47,1738,California
Imperial,2021-01-02,4,1743,0,891,4,852,0,0,4,1742,0,0,4,1742,California
Imperial,2021-01-03,90,1833,0,891,90,942,0,0,90,1832,0,0,90,1832,California
Imperial,2021-01-04,85,1918,5,896,80,1022,0,0,85,1917,0,0,85,1917,California
Imperial,2021-01-05,174,2092,14,910,160,1182,0,0,174,2091,0,0,174,2091,California
Imperial,2021-01-06,190,2282,25,935,165,1347,0,0,189,2279,1,1,189,2280,California
Imperial,2021-01-07,323,2605,11,946,312,1659,0,0,319,2594,4,5,319,2599,California
Imperial,2021-01-08,192,2797,52,998,140,1799,0,0,182,2766,10,15,182,2781,California
Imperial,2021-01-09,24,2821,21,1019,3,1802,0,0,24,2790,0,15,24,2805,California
Imperial,2021-01-10,1,2822,0,1019,1,1803,0,0,1,2791,0,15,1,2806,California
Imperial,2021-01-11,403,3225,244,1263,159,1962,0,0,175,2738,228,243,175,2981,California
Imperial,2021-01-12,404,3629,302,1565,102,2064,0,0,142,2619,261,504,142,3123,California
Imperial,2021-01-13,379,4008,133,1698,246,2310,0,0,280,2800,99,603,280,3403,California
Imperial,2021-01-14,261,4269,151,1849,110,2420,0,0,255,3050,5,608,255,3658,California
Imperial,2021-01-15,241,4510,182,2031,59,2479,0,0,234,3277,7,615,234,3892,California
Imperial,2021-01-16,78,4588,74,2105,4,2483,0,0,77,3353,1,616,77,3969,California
Imperial,2021-01-17,10,4598,2,2107,8,2491,0,0,10,3363,0,616,10,3979,California
Imperial,2021-01-18,1058,5656,399,2506,659,3150,0,0,960,4226,98,714,961,4940,California
Imperial,2021-01-19,165,5821,129,2635,36,3186,0,0,118,4297,47,761,118,5058,California
Imperial,2021-01-20,293,6114,196,2831,97,3283,0,0,255,4514,38,799,255,5313,California
Imperial,2021-01-21,416,6530,183,3014,233,3516,0,0,396,4890,20,819,396,5709,California
Imperial,2021-01-22,457,6987,189,3203,268,3784,0,0,448,5329,9,828,448,6157,California
Imperial,2021-01-23,1040,8027,290,3493,750,4534,0,0,1039,6367,1,829,1039,7196,California
Imperial,2021-01-24,11,8038,4,3497,7,4541,0,0,11,6378,0,829,11,7207,California
Imperial,2021-01-25,214,8252,5,3502,209,4750,0,0,34,6234,178,1007,34,7241,California
Imperial,2021-01-26,364,8616,185,3687,179,4929,0,0,221,6312,143,1150,221,7462,California
Imperial,2021-01-27,570,9186,162,3849,408,5337,0,0,237,6216,333,1483,237,7699,California
Imperial,2021-01-28,635,9821,160,4009,475,5812,0,0,527,6635,108,1591,527,8226,California
Imperial,2021-01-29,425,10246,296,4305,129,5941,0,0,375,6960,50,1641,375,8601,California
Imperial,2021-01-30,56,10302,31,4336,25,5966,0,0,39,6982,17,1658,39,8640,California
Imperial,2021-01-31,17,10319,7,4343,10,5976,0,0,16,6997,1,1659,16,8656,California
Imperial,2021-02-01,422,10741,55,4398,367,6343,0,0,211,6999,209,1868,211,8867,California
Imperial,2021-02-02,684,11425,56,4454,628,6971,0,0,503,7321,181,2049,503,9370,California
Imperial,2021-02-03,459,11884,51,4505,408,7379,0,0,263,7389,195,2244,263,9633,California
Imperial,2021-02-04,1722,13606,1200,5705,522,7901,0,0,1407,8483,313,2557,1407,11040,California
Imperial,2021-02-05,391,13997,243,5948,148,8049,0,0,157,8405,235,2792,157,11197,California
Imperial,2021-02-06,862,14859,837,6785,25,8074,0,0,826,9194,37,2829,826,12023,California
Imperial,2021-02-07,21,14880,9,6794,12,8086,0,0,20,9213,1,2830,20,12043,California
Imperial,2021-02-08,249,15129,42,6836,207,8293,0,0,181,9326,68,2898,181,12224,California
Imperial,2021-02-09,464,15593,147,6983,317,8610,0,0,306,9474,158,3056,306,12530,California
Imperial,2021-02-10,459,16052,56,7039,403,9013,0,0,96,9208,363,3419,97,12627,California
Imperial,2021-02-11,1024,17076,367,7406,657,9670,0,0,146,8481,873,4292,146,12773,California
Imperial,2021-02-12,2131,19207,1410,8816,721,10391,0,0,1781,9910,353,4645,1782,14555,California
Imperial,2021-02-13,47,19254,18,8834,29,10420,0,0,42,9945,8,4653,43,14598,California
Imperial,2021-02-14,24,19278,12,8846,12,10432,0,0,21,9963,3,4656,21,14619,California
Imperial,2021-02-15,95,19373,11,8857,84,10516,0,0,84,10036,11,4667,84,14703,California
Imperial,2021-02-16,514,19887,267,9124,247,10763,0,0,293,10108,221,4888,293,14996,California
Imperial,2021-02-17,439,20326,285,9409,154,10917,0,0,83,9835,356,5244,83,15079,California
Imperial,2021-02-18,646,20972,308,9717,338,11255,0,0,140,9470,505,5749,140,15219,California
Imperial,2021-02-19,770,21742,383,10100,387,11642,0,0,195,9091,574,6323,195,15414,California
Imperial,2021-02-20,1041,22783,191,10291,850,12492,0,0,327,8708,712,7035,329,15743,California
Imperial,2021-02-21,591,23374,557,10848,34,12526,0,0,580,9278,10,7045,580,16323,California
Imperial,2021-02-22,806,24180,567,11415,239,12765,0,0,757,9986,49,7094,757,17080,California
Imperial,2021-02-23,963,25143,395,11810,568,13333,0,0,908,10840,55,7149,909,17989,California
Imperial,2021-02-24,719,25862,302,12112,417,13750,0,0,622,11366,96,7245,622,18611,California
Imperial,2021-02-25,857,26719,341,12453,516,14266,0,0,487,11489,369,7614,492,19103,California
Imperial,2021-02-26,2277,28996,1351,13804,926,15192,0,0,1800,12814,476,8090,1801,20904,California
Imperial,2021-02-27,867,29863,812,14616,55,15247,0,0,131,12208,738,8828,132,21036,California
Imperial,2021-02-28,32,29895,20,14636,12,15259,0,0,22,12220,10,8838,22,21058,California
Imperial,2021-03-01,503,30398,297,14933,203,15462,3,3,434,12592,66,8904,438,21496,California
Imperial,2021-03-02,678,31076,246,15179,432,15894,0,3,387,12692,289,9193,389,21885,California
Imperial,2021-03-03,928,32004,49,15228,878,16772,1,4,559,12897,366,9559,571,22456,California
Imperial,2021-03-04,756,32760,85,15313,670,17442,1,5,493,13159,261,9820,523,22979,California
Imperial,2021-03-05,3028,35788,2201,17514,827,18269,0,5,1688,13506,1343,11163,1690,24669,California
Imperial,2021-03-06,704,36492,238,17752,466,18735,0,5,659,14127,42,11205,663,25332,California
Imperial,2021-03-07,85,36577,41,17793,44,18779,0,5,60,14164,24,11229,61,25393,California
Imperial,2021-03-08,415,36992,331,18124,49,18828,35,40,362,14509,52,11281,397,25790,California
Imperial,2021-03-09,682,37674,311,18435,124,18952,247,287,398,14869,284,11565,644,26434,California
Imperial,2021-03-10,685,38359,313,18748,267,19219,105,392,322,14934,362,11927,427,26861,California
Imperial,2021-03-11,1794,40153,479,19227,1123,20342,192,584,1192,15730,599,12526,1395,28256,California
Imperial,2021-03-12,4736,44889,3441,22668,1108,21450,187,771,3043,17272,1688,14214,3230,31486,California
Imperial,2021-03-13,1157,46046,94,22762,838,22288,225,996,861,18070,293,14507,1091,32577,California
Imperial,2021-03-14,176,46222,36,22798,126,22414,14,1010,140,18189,36,14543,155,32732,California
Imperial,2021-03-15,687,46909,227,23025,201,22615,259,1269,390,18543,295,14838,649,33381,California
Imperial,2021-03-16,1102,48011,275,23300,360,22975,467,1736,551,19011,549,15387,1017,34398,California
Imperial,2021-03-17,1600,49611,692,23992,771,23746,137,1873,1014,19585,578,15965,1152,35550,California
Imperial,2021-03-18,1805,51416,1193,25185,552,24298,60,1933,1271,20387,531,16496,1333,36883,California
Imperial,2021-03-19,3743,55159,2745,27930,994,25292,4,1937,1887,20431,1848,18344,1892,38775,California
Imperial,2021-03-20,1762,56921,553,28483,1204,26496,5,1942,1314,21314,442,18786,1325,40100,California
Imperial,2021-03-21,217,57138,35,28518,178,26674,4,1946,159,21423,58,18844,167,40267,California
Imperial,2021-03-22,1047,58185,339,28857,701,27375,7,1953,622,21630,424,19268,631,40898,California
Imperial,2021-03-23,1422,59607,436,29293,979,28354,7,1960,921,22062,497,19765,929,41827,California
Imperial,2021-03-24,2128,61735,565,29858,1138,29492,425,2385,1152,22665,973,20738,1576,43403,California
Imperial,2021-03-25,3198,64933,690,30548,889,30381,1619,4004,1198,23478,1994,22732,2807,46210,California
Imperial,2021-03-26,3175,68108,1173,31721,1024,31405,978,4982,905,23101,2259,24991,1882,48092,California
Imperial,2021-03-27,614,68722,284,32005,278,31683,52,5034,446,23434,165,25156,498,48590,California
Imperial,2021-03-28,210,68932,51,32056,157,31840,2,5036,172,23571,37,25193,174,48764,California
Imperial,2021-03-29,1456,70388,348,32404,393,32233,715,5751,320,23471,1134,26327,1034,49798,California
Imperial,2021-03-30,2086,72474,686,33090,594,32827,806,6557,684,23560,1402,27729,1491,51289,California
Imperial,2021-03-31,1542,74016,728,33818,808,33635,6,6563,1021,24068,518,28247,1026,52315,California
Imperial,2021-04-01,2027,76043,421,34239,1363,34998,243,6806,871,24031,1150,29397,1113,53428,California
Imperial,2021-04-02,1930,77973,475,34714,1381,36379,74,6880,1318,24814,607,30004,1390,54818,California
Imperial,2021-04-03,1519,79492,430,35144,1010,37389,79,6959,702,24781,814,30818,781,55599,California
Imperial,2021-04-04,85,79577,40,35184,28,37417,17,6976,23,24759,62,30880,40,55639,California
Imperial,2021-04-05,3399,82976,2319,37503,915,38332,165,7141,805,23145,2584,33464,970,56609,California
Imperial,2021-04-06,1309,84285,527,38030,592,38924,190,7331,682,23395,623,34087,873,57482,California
Imperial,2021-04-07,2159,86444,555,38585,1227,40151,377,7708,1558,24725,606,34693,1936,59418,California
Imperial,2021-04-08,2202,88646,1077,39662,828,40979,297,8005,1068,24963,1131,35824,1369,60787,California
Imperial,2021-04-09,3202,91848,1657,41319,928,41907,617,8622,1500,25393,1696,37520,2126,62913,California
Imperial,2021-04-10,1279,93127,184,41503,822,42729,273,8895,215,24816,1062,38582,485,63398,California
Imperial,2021-04-11,219,93346,30,41533,157,42886,32,8927,75,24779,144,38726,107,63505,California
Imperial,2021-04-12,1436,94782,767,42300,448,43334,221,9148,814,25197,617,39343,1035,64540,California
Imperial,2021-04-13,2903,97685,1891,44191,1010,44344,2,9150,2026,26350,873,40216,2026,66566,California
Imperial,2021-04-14,2023,99708,944,45135,1079,45423,0,9150,1391,27116,626,40842,1392,67958,California
Imperial,2021-04-15,1977,101685,908,46043,1069,46492,0,9150,1354,27853,619,41461,1356,69314,California
Imperial,2021-04-16,3442,105127,1795,47838,1647,48139,0,9150,2150,28726,1278,42739,2151,71465,California
Imperial,2021-04-17,1816,106943,933,48771,881,49020,2,9152,1417,29752,394,43133,1420,72885,California
Imperial,2021-04-18,253,107196,71,48842,182,49202,0,9152,88,29677,163,43296,88,72973,California
Imperial,2021-04-19,837,108033,267,49109,570,49772,0,9152,467,29781,367,43663,471,73444,California
Imperial,2021-04-20,1321,109354,528,49637,793,50565,0,9152,738,29940,580,44243,739,74183,California
Imperial,2021-04-21,1372,110726,338,49975,1034,51599,0,9152,797,30167,570,44813,797,74980,California
Imperial,2021-04-22,2212,112938,806,50781,1406,53005,0,9152,1509,30985,693,45506,1511,76491,California
Imperial,2021-04-23,2802,115740,533,51314,2269,55274,0,9152,1083,30382,1690,47196,1087,77578,California
Imperial,2021-04-24,549,116289,326,51640,223,55497,0,9152,199,30234,347,47543,199,77777,California
Imperial,2021-04-25,264,116553,97,51737,167,55664,0,9152,134,30240,128,47671,134,77911,California
Imperial,2021-04-26,1159,117712,460,52197,695,56359,4,9156,685,30460,468,48139,688,78599,California
Imperial,2021-04-27,1047,118759,342,52539,695,57054,10,9166,529,30485,513,48652,538,79137,California
Imperial,2021-04-28,1486,120245,645,53184,812,57866,29,9195,673,30379,808,49460,702,79839,California
Imperial,2021-04-29,1819,122064,857,54041,916,58782,46,9241,810,30236,1000,50460,857,80696,California
Imperial,2021-04-30,3214,125278,1672,55713,1509,60291,33,9274,1568,30204,1634,52094,1602,82298,California
Imperial,2021-05-01,316,125594,124,55837,189,60480,3,9277,160,30212,156,52250,164,82462,California
Imperial,2021-05-02,83,125677,25,55862,56,60536,2,9279,51,30234,32,52282,54,82516,California
Imperial,2021-05-03,1621,127298,542,56404,1032,61568,47,9326,372,29415,1239,53521,420,82936,California
Imperial,2021-05-04,1746,129044,954,57358,765,62333,27,9353,531,28768,1205,54726,558,83494,California
Imperial,2021-05-05,1504,130548,891,58249,592,62925,21,9374,440,28178,1052,55778,462,83956,California
Imperial,2021-05-06,1673,132221,1107,59356,529,63454,37,9411,536,27620,1131,56909,573,84529,California
Imperial,2021-05-07,2373,134594,1344,60700,984,64438,45,9456,833,26976,1525,58434,881,85410,California
Imperial,2021-05-08,555,135149,416,61116,131,64569,8,9464,160,26756,388,58822,168,85578,California
Imperial,2021-05-09,94,135243,63,61179,30,64599,1,9465,28,26722,63,58885,29,85607,California
Imperial,2021-05-10,1086,136329,278,61457,685,65284,123,9588,322,26409,757,59642,444,86051,California
Imperial,2021-05-11,1397,137726,456,61913,922,66206,19,9607,473,25990,915,60557,496,86547,California
Imperial,2021-05-12,832,138558,265,62178,529,66735,38,9645,283,25769,542,61099,321,86868,California
Imperial,2021-05-13,1497,140055,945,63123,481,67216,71,9716,636,25624,852,61951,707,87575,California
Imperial,2021-05-14,1723,141778,955,64078,716,67932,52,9768,1133,26229,580,62531,1185,88760,California
Imperial,2021-05-15,1212,142990,463,64541,729,68661,20,9788,458,25960,748,63279,479,89239,California
Imperial,2021-05-16,118,143108,80,64621,36,68697,2,9790,47,25939,70,63349,49,89288,California
Imperial,2021-05-17,1878,144986,689,65310,1147,69844,42,9832,668,25445,1205,64554,711,89999,California
Imperial,2021-05-18,1539,146525,788,66098,680,70524,71,9903,861,25705,672,65226,932,90931,California
Imperial,2021-05-19,1262,147787,592,66690,602,71126,68,9971,598,25713,658,65884,666,91597,California
Imperial,2021-05-20,1364,149151,902,67592,396,71522,66,10037,643,25712,711,66595,710,92307,California
Imperial,2021-05-21,1712,150863,1082,68674,569,72091,61,10098,874,25815,832,67427,935,93242,California
Imperial,2021-05-22,244,151107,163,68837,64,72155,17,10115,129,25850,111,67538,146,93388,California
Imperial,2021-05-23,68,151175,21,68858,39,72194,8,10123,23,25839,42,67580,31,93419,California
Imperial,2021-05-24,1214,152389,592,69450,569,72763,53,10176,495,25675,712,68292,548,93967,California
Imperial,2021-05-25,1276,153665,423,69873,821,73584,32,10208,464,25366,805,69097,496,94463,California
Imperial,2021-05-26,925,154590,486,70359,398,73982,41,10249,397,25280,523,69620,437,94900,California
Imperial,2021-05-27,1244,155834,694,71053,486,74468,64,10313,613,25332,625,70245,677,95577,California
Imperial,2021-05-28,921,156755,525,71578,347,74815,49,10362,346,25158,569,70814,395,95972,California
Imperial,2021-05-29,207,156962,113,71691,87,74902,7,10369,98,25155,108,70922,105,96077,California
Imperial,2021-05-30,93,157055,26,71717,65,74967,2,10371,63,25190,30,70952,65,96142,California
Imperial,2021-05-31,39,157094,0,71717,35,75002,4,10375,17,25189,22,70974,21,96163,California
Inyo,2020-12-19,85,85,85,85,0,0,0,0,85,85,0,0,85,85,California
Inyo,2020-12-20,58,143,58,143,0,0,0,0,58,143,0,0,58,143,California
Inyo,2020-12-21,88,231,85,228,3,3,0,0,88,231,0,0,88,231,California
Inyo,2020-12-22,105,336,105,333,0,3,0,0,105,336,0,0,105,336,California
Inyo,2020-12-23,70,406,67,400,3,6,0,0,70,406,0,0,70,406,California
Inyo,2020-12-24,16,422,16,416,0,6,0,0,16,422,0,0,16,422,California
Inyo,2020-12-25,1,423,0,416,1,7,0,0,1,423,0,0,1,423,California
Inyo,2020-12-26,74,497,74,490,0,7,0,0,74,497,0,0,74,497,California
Inyo,2020-12-28,48,545,36,526,12,19,0,0,48,545,0,0,48,545,California
Inyo,2020-12-29,19,564,19,545,0,19,0,0,19,564,0,0,19,564,California
Inyo,2020-12-30,56,620,54,599,2,21,0,0,56,620,0,0,56,620,California
Inyo,2020-12-31,29,649,0,599,29,50,0,0,29,649,0,0,29,649,California
Inyo,2021-01-01,1,650,0,599,1,51,0,0,1,650,0,0,1,650,California
Inyo,2021-01-03,1,651,0,599,1,52,0,0,1,651,0,0,1,651,California
Inyo,2021-01-04,2,653,1,600,1,53,0,0,2,653,0,0,2,653,California
Inyo,2021-01-05,34,687,0,600,34,87,0,0,34,687,0,0,34,687,California
Inyo,2021-01-06,68,755,0,600,68,155,0,0,68,755,0,0,68,755,California
Inyo,2021-01-07,31,786,1,601,30,185,0,0,31,786,0,0,31,786,California
Inyo,2021-01-08,9,795,8,609,1,186,0,0,4,786,5,5,5,791,California
Inyo,2021-01-09,87,882,86,695,1,187,0,0,1,701,86,91,1,792,California
Inyo,2021-01-10,52,934,52,747,0,187,0,0,0,649,52,143,0,792,California
Inyo,2021-01-11,97,1031,82,829,15,202,0,0,16,584,81,224,16,808,California
Inyo,2021-01-12,139,1170,118,947,21,223,0,0,28,501,111,335,28,836,California
Inyo,2021-01-13,86,1256,68,1015,18,241,0,0,21,458,65,400,22,858,California
Inyo,2021-01-14,59,1315,13,1028,46,287,0,0,49,497,10,410,49,907,California
Inyo,2021-01-15,163,1478,28,1056,135,422,0,0,163,660,0,410,163,1070,California
Inyo,2021-01-16,74,1552,73,1129,1,423,0,0,1,588,73,483,1,1071,California
Inyo,2021-01-18,58,1610,36,1165,22,445,0,0,19,568,39,522,19,1090,California
Inyo,2021-01-19,114,1724,72,1237,42,487,0,0,97,648,17,539,97,1187,California
Inyo,2021-01-20,147,1871,71,1308,76,563,0,0,93,687,54,593,93,1280,California
Inyo,2021-01-21,120,1991,57,1365,63,626,0,0,119,805,1,594,119,1399,California
Inyo,2021-01-22,62,2053,0,1365,62,688,0,0,61,865,1,595,61,1460,California
Inyo,2021-01-23,52,2105,52,1417,0,688,0,0,52,917,0,595,52,1512,California
Inyo,2021-01-25,49,2154,6,1423,43,731,0,0,37,942,12,607,37,1549,California
Inyo,2021-01-26,135,2289,54,1477,81,812,0,0,129,1065,6,613,129,1678,California
Inyo,2021-01-27,24,2313,2,1479,22,834,0,0,23,1087,1,614,23,1701,California
Inyo,2021-01-28,92,2405,2,1481,90,924,0,0,63,1121,29,643,63,1764,California
Inyo,2021-01-29,25,2430,3,1484,22,946,0,0,23,1142,2,645,23,1787,California
Inyo,2021-01-30,11,2441,1,1485,10,956,0,0,11,1153,0,645,11,1798,California
Inyo,2021-01-31,32,2473,4,1489,28,984,0,0,4,1129,28,673,4,1802,California
Inyo,2021-02-01,10,2483,9,1498,1,985,0,0,0,1119,10,683,0,1802,California
Inyo,2021-02-02,130,2613,14,1512,116,1101,0,0,104,1197,26,709,104,1906,California
Inyo,2021-02-03,116,2729,0,1512,116,1217,0,0,74,1229,42,751,74,1980,California
Inyo,2021-02-04,151,2880,33,1545,118,1335,0,0,92,1262,59,810,92,2072,California
Inyo,2021-02-05,117,2997,61,1606,56,1391,0,0,115,1375,2,812,115,2187,California
Inyo,2021-02-06,4,3001,2,1608,2,1393,0,0,3,1377,1,813,3,2190,California
Inyo,2021-02-07,4,3005,2,1610,2,1395,0,0,4,1381,0,813,4,2194,California
Inyo,2021-02-08,117,3122,7,1617,110,1505,0,0,97,1458,20,833,97,2291,California
Inyo,2021-02-09,196,3318,52,1669,144,1649,0,0,125,1512,71,904,125,2416,California
Inyo,2021-02-10,141,3459,17,1686,124,1773,0,0,107,1585,34,938,107,2523,California
Inyo,2021-02-11,220,3679,56,1742,164,1937,0,0,126,1617,94,1032,126,2649,California
Inyo,2021-02-12,299,3978,51,1793,248,2185,0,0,167,1652,132,1164,167,2816,California
Inyo,2021-02-13,60,4038,55,1848,5,2190,0,0,8,1608,52,1216,8,2824,California
Inyo,2021-02-14,1,4039,0,1848,1,2191,0,0,1,1609,0,1216,1,2825,California
Inyo,2021-02-15,29,4068,9,1857,20,2211,0,0,5,1590,24,1240,5,2830,California
Inyo,2021-02-16,179,4247,50,1907,129,2340,0,0,92,1596,86,1326,92,2922,California
Inyo,2021-02-17,38,4285,4,1911,34,2374,0,0,8,1574,30,1356,8,2930,California
Inyo,2021-02-18,122,4407,6,1917,116,2490,0,0,79,1610,43,1399,79,3009,California
Inyo,2021-02-19,52,4459,4,1921,48,2538,0,0,9,1576,43,1442,9,3018,California
Inyo,2021-02-20,507,4966,503,2424,4,2542,0,0,505,2079,2,1444,505,3523,California
Inyo,2021-02-21,441,5407,441,2865,0,2542,0,0,441,2520,0,1444,441,3964,California
Inyo,2021-02-22,61,5468,19,2884,42,2584,0,0,27,2513,34,1478,27,3991,California
Inyo,2021-02-23,199,5667,20,2904,179,2763,0,0,95,2505,103,1581,95,4086,California
Inyo,2021-02-24,118,5785,0,2904,118,2881,0,0,57,2501,61,1642,57,4143,California
Inyo,2021-02-25,132,5917,5,2909,127,3008,0,0,62,2493,70,1712,62,4205,California
Inyo,2021-02-26,103,6020,60,2969,43,3051,0,0,19,2428,84,1796,19,4224,California
Inyo,2021-02-27,14,6034,3,2972,11,3062,0,0,2,2418,12,1808,2,4226,California
Inyo,2021-02-28,3,6037,1,2973,2,3064,0,0,2,2419,1,1809,2,4228,California
Inyo,2021-03-01,19,6056,2,2975,17,3081,0,0,17,2434,2,1811,17,4245,California
Inyo,2021-03-02,196,6252,1,2976,195,3276,0,0,111,2460,85,1896,111,4356,California
Inyo,2021-03-03,84,6336,3,2979,81,3357,0,0,41,2458,43,1939,41,4397,California
Inyo,2021-03-04,128,6464,4,2983,124,3481,0,0,46,2422,82,2021,46,4443,California
Inyo,2021-03-05,141,6605,56,3039,85,3566,0,0,38,2357,103,2124,38,4481,California
Inyo,2021-03-06,30,6635,1,3040,29,3595,0,0,29,2385,1,2125,29,4510,California
Inyo,2021-03-07,7,6642,4,3044,3,3598,0,0,5,2388,2,2127,5,4515,California
Inyo,2021-03-08,182,6824,5,3049,177,3775,0,0,91,2388,91,2218,91,4606,California
Inyo,2021-03-09,190,7014,3,3052,187,3962,0,0,74,2346,116,2334,74,4680,California
Inyo,2021-03-10,70,7084,8,3060,61,4023,1,1,30,2337,40,2374,31,4711,California
Inyo,2021-03-11,204,7288,1,3061,198,4221,5,6,74,2286,130,2504,79,4790,California
Inyo,2021-03-12,175,7463,4,3065,166,4387,5,11,77,2270,98,2602,82,4872,California
Inyo,2021-03-13,584,8047,549,3614,25,4412,10,21,72,1841,511,3113,82,4954,California
Inyo,2021-03-14,439,8486,438,4052,1,4413,0,21,5,1412,434,3547,5,4959,California
Inyo,2021-03-15,51,8537,15,4067,34,4447,2,23,30,1423,21,3568,32,4991,California
Inyo,2021-03-16,164,8701,4,4071,154,4601,6,29,64,1394,99,3667,70,5061,California
Inyo,2021-03-17,108,8809,3,4074,98,4699,7,36,92,1477,16,3683,99,5160,California
Inyo,2021-03-18,185,8994,16,4090,162,4861,7,43,104,1507,81,3764,111,5271,California
Inyo,2021-03-19,46,9040,4,4094,38,4899,4,47,36,1537,10,3774,40,5311,California
Inyo,2021-03-20,20,9060,1,4095,10,4909,9,56,1,1528,19,3793,10,5321,California
Inyo,2021-03-22,58,9118,2,4097,51,4960,5,61,38,1551,20,3813,43,5364,California
Inyo,2021-03-23,195,9313,4,4101,187,5147,4,65,105,1570,90,3903,109,5473,California
Inyo,2021-03-24,140,9453,3,4104,133,5280,4,69,86,1606,54,3957,90,5563,California
Inyo,2021-03-25,331,9784,110,4214,218,5498,3,72,265,1808,66,4023,268,5831,California
Inyo,2021-03-26,91,9875,3,4217,84,5582,4,76,71,1863,20,4043,75,5906,California
Inyo,2021-03-27,53,9928,45,4262,5,5587,3,79,47,1907,6,4049,50,5956,California
Inyo,2021-03-28,4,9932,1,4263,2,5589,1,80,1,1906,3,4052,2,5958,California
Inyo,2021-03-29,109,10041,2,4265,102,5691,5,85,82,1967,26,4078,87,6045,California
Inyo,2021-03-30,220,10261,2,4267,213,5904,5,90,108,1968,112,4190,113,6158,California
Inyo,2021-03-31,149,10410,4,4271,140,6044,5,95,108,2040,41,4231,113,6271,California
Inyo,2021-04-01,166,10576,4,4275,161,6205,1,96,117,2109,49,4280,118,6389,California
Inyo,2021-04-02,80,10656,1,4276,77,6282,2,98,51,2133,29,4309,53,6442,California
Inyo,2021-04-03,93,10749,47,4323,32,6314,14,112,5,2065,86,4395,18,6460,California
Inyo,2021-04-04,5,10754,4,4327,0,6314,1,113,1,2063,4,4399,2,6462,California
Inyo,2021-04-05,117,10871,1,4328,112,6426,4,117,29,2008,88,4487,33,6495,California
Inyo,2021-04-06,235,11106,5,4333,167,6593,63,180,103,2042,132,4619,166,6661,California
Inyo,2021-04-07,204,11310,2,4335,75,6668,127,307,47,2059,158,4777,175,6836,California
Inyo,2021-04-08,180,11490,15,4350,148,6816,17,324,80,2056,100,4877,97,6933,California
Inyo,2021-04-09,126,11616,7,4357,96,6912,23,347,38,2031,87,4964,62,6995,California
Inyo,2021-04-10,42,11658,1,4358,24,6936,17,364,3,2012,39,5003,20,7015,California
Inyo,2021-04-11,1,11659,0,4358,1,6937,0,364,1,2013,0,5003,1,7016,California
Inyo,2021-04-12,79,11738,0,4358,74,7011,5,369,41,2021,38,5041,46,7062,California
Inyo,2021-04-13,120,11858,4,4362,113,7124,3,372,61,2027,58,5099,64,7126,California
Inyo,2021-04-14,127,11985,2,4364,125,7249,0,372,42,1984,85,5184,42,7168,California
Inyo,2021-04-15,275,12260,117,4481,158,7407,0,372,79,1867,196,5380,79,7247,California
Inyo,2021-04-16,47,12307,5,4486,42,7449,0,372,19,1858,28,5408,19,7266,California
Inyo,2021-04-17,2,12309,1,4487,1,7450,0,372,1,1858,1,5409,1,7267,California
Inyo,2021-04-19,128,12437,43,4530,85,7535,0,372,43,1816,85,5494,43,7310,California
Inyo,2021-04-20,163,12600,2,4532,161,7696,0,372,79,1811,84,5578,79,7389,California
Inyo,2021-04-21,113,12713,4,4536,109,7805,0,372,32,1762,81,5659,32,7421,California
Inyo,2021-04-22,196,12909,1,4537,195,8000,0,372,51,1668,145,5804,51,7472,California
Inyo,2021-04-23,95,13004,4,4541,91,8091,0,372,22,1617,73,5877,22,7494,California
Inyo,2021-04-24,309,13313,308,4849,1,8092,0,372,304,1916,5,5882,304,7798,California
Inyo,2021-04-25,135,13448,134,4983,1,8093,0,372,135,2051,0,5882,135,7933,California
Inyo,2021-04-26,91,13539,0,4983,90,8183,1,373,10,1981,81,5963,11,7944,California
Inyo,2021-04-27,181,13720,6,4989,170,8353,5,378,44,1894,136,6099,49,7993,California
Inyo,2021-04-28,121,13841,2,4991,117,8470,2,380,20,1815,101,6200,22,8015,California
Inyo,2021-04-29,172,14013,56,5047,116,8586,0,380,77,1798,94,6294,77,8092,California
Inyo,2021-04-30,85,14098,5,5052,79,8665,1,381,24,1762,61,6355,25,8117,California
Inyo,2021-05-01,11,14109,3,5055,8,8673,0,381,9,1769,2,6357,9,8126,California
Inyo,2021-05-02,7,14116,3,5058,2,8675,2,383,4,1772,3,6360,6,8132,California
Inyo,2021-05-03,38,14154,1,5059,33,8708,4,387,5,1748,33,6393,9,8141,California
Inyo,2021-05-04,123,14277,2,5061,117,8825,4,391,22,1673,101,6494,26,8167,California
Inyo,2021-05-05,35,14312,0,5061,33,8858,2,393,11,1662,24,6518,13,8180,California
Inyo,2021-05-06,93,14405,5,5066,80,8938,8,401,13,1603,80,6598,21,8201,California
Inyo,2021-05-07,49,14454,4,5070,37,8975,8,409,24,1611,24,6622,32,8233,California
Inyo,2021-05-08,11,14465,2,5072,4,8979,5,414,4,1613,7,6629,9,8242,California
Inyo,2021-05-09,1,14466,0,5072,1,8980,0,414,0,1612,1,6630,0,8242,California
Inyo,2021-05-10,69,14535,1,5073,66,9046,2,416,30,1606,39,6669,33,8275,California
Inyo,2021-05-11,87,14622,1,5074,83,9129,3,419,20,1562,67,6736,23,8298,California
Inyo,2021-05-12,43,14665,1,5075,40,9169,2,421,11,1543,32,6768,13,8311,California
Inyo,2021-05-13,74,14739,1,5076,72,9241,1,422,11,1492,63,6831,12,8323,California
Inyo,2021-05-14,26,14765,3,5079,18,9259,5,427,12,1495,14,6845,17,8340,California
Inyo,2021-05-15,380,15145,367,5446,11,9270,2,429,87,1291,293,7138,89,8429,California
Inyo,2021-05-16,198,15343,198,5644,0,9270,0,429,71,1235,127,7265,71,8500,California
Inyo,2021-05-17,62,15405,2,5646,56,9326,4,433,19,1215,43,7308,23,8523,California
Inyo,2021-05-18,83,15488,2,5648,80,9406,1,434,17,1167,66,7374,18,8541,California
Inyo,2021-05-19,48,15536,2,5650,41,9447,5,439,14,1152,34,7408,19,8560,California
Inyo,2021-05-20,144,15680,81,5731,62,9509,1,440,34,1077,110,7518,35,8595,California
Inyo,2021-05-21,46,15726,17,5748,24,9533,5,445,17,1070,29,7547,22,8617,California
Inyo,2021-05-22,24,15750,14,5762,7,9540,3,448,17,1083,7,7554,20,8637,California
Inyo,2021-05-23,4,15754,3,5765,0,9540,1,449,2,1084,2,7556,3,8640,California
Inyo,2021-05-24,33,15787,5,5770,25,9565,3,452,13,1080,20,7576,16,8656,California
Inyo,2021-05-25,83,15870,40,5810,42,9607,1,453,49,1096,34,7610,50,8706,California
Inyo,2021-05-26,35,15905,7,5817,25,9632,3,456,11,1086,23,7633,13,8719,California
Inyo,2021-05-27,36,15941,8,5825,20,9652,8,464,10,1078,26,7659,18,8737,California
Inyo,2021-05-28,25,15966,6,5831,14,9666,5,469,8,1074,17,7676,13,8750,California
Inyo,2021-05-29,16,15982,5,5836,11,9677,0,469,8,1074,8,7684,8,8758,California
Inyo,2021-05-30,2,15984,0,5836,2,9679,0,469,0,1072,2,7686,0,8758,California
Kern,2020-12-15,1,1,1,1,0,0,0,0,1,1,0,0,1,1,California
Kern,2020-12-16,18,19,18,19,0,0,0,0,18,19,0,0,18,19,California
Kern,2020-12-17,164,183,164,183,0,0,0,0,164,183,0,0,164,183,California
Kern,2020-12-18,322,505,322,505,0,0,0,0,322,505,0,0,322,505,California
Kern,2020-12-19,98,603,98,603,0,0,0,0,99,604,0,0,99,604,California
Kern,2020-12-20,61,664,61,664,0,0,0,0,61,665,0,0,61,665,California
Kern,2020-12-21,671,1335,670,1334,1,1,0,0,671,1336,0,0,671,1336,California
Kern,2020-12-22,530,1865,527,1861,3,4,0,0,530,1866,0,0,530,1866,California
Kern,2020-12-23,558,2423,420,2281,138,142,0,0,558,2424,0,0,558,2424,California
Kern,2020-12-24,123,2546,44,2325,79,221,0,0,123,2547,0,0,123,2547,California
Kern,2020-12-25,1,2547,1,2326,0,221,0,0,1,2548,0,0,1,2548,California
Kern,2020-12-26,33,2580,1,2327,32,253,0,0,33,2581,0,0,33,2581,California
Kern,2020-12-27,35,2615,3,2330,32,285,0,0,35,2616,0,0,35,2616,California
Kern,2020-12-28,828,3443,664,2994,164,449,0,0,828,3444,0,0,828,3444,California
Kern,2020-12-29,745,4188,452,3446,293,742,0,0,744,4187,1,1,744,4188,California
Kern,2020-12-30,1204,5392,911,4357,293,1035,0,0,1204,5391,0,1,1204,5392,California
Kern,2020-12-31,277,5669,99,4456,178,1213,0,0,277,5668,0,1,277,5669,California
Kern,2021-01-01,16,5685,9,4465,7,1220,0,0,16,5684,0,1,16,5685,California
Kern,2021-01-02,79,5764,18,4483,61,1281,0,0,79,5763,0,1,79,5764,California
Kern,2021-01-03,23,5787,4,4487,19,1300,0,0,23,5786,0,1,23,5787,California
Kern,2021-01-04,556,6343,361,4848,195,1495,0,0,556,6342,0,1,556,6343,California
Kern,2021-01-05,1133,7476,738,5586,395,1890,0,0,1121,7451,12,13,1121,7464,California
Kern,2021-01-06,1162,8638,451,6037,711,2601,0,0,1132,8553,30,43,1132,8596,California
Kern,2021-01-07,1401,10039,489,6526,912,3513,0,0,1232,9617,168,211,1232,9828,California
Kern,2021-01-08,1627,11666,768,7294,859,4372,0,0,1329,10648,299,510,1330,11158,California
Kern,2021-01-09,227,11893,77,7371,150,4522,0,0,193,10807,34,544,193,11351,California
Kern,2021-01-10,194,12087,148,7519,46,4568,0,0,153,10919,41,585,153,11504,California
Kern,2021-01-11,1557,13644,985,8504,572,5140,0,0,1001,11364,556,1141,1001,12505,California
Kern,2021-01-12,1869,15513,811,9315,1058,6198,0,0,1358,12211,511,1652,1358,13863,California
Kern,2021-01-13,1851,17364,869,10184,982,7180,0,0,1431,13222,420,2072,1431,15294,California
Kern,2021-01-14,2187,19551,646,10830,1541,8721,0,0,2142,15318,46,2118,2142,17436,California
Kern,2021-01-15,2708,22259,857,11687,1851,10572,0,0,2611,17835,95,2213,2612,20048,California
Kern,2021-01-16,670,22929,211,11898,459,11031,0,0,635,18435,35,2248,635,20683,California
Kern,2021-01-17,73,23002,7,11905,66,11097,0,0,71,18504,2,2250,71,20754,California
Kern,2021-01-18,1647,24649,660,12565,987,12084,0,0,1480,19817,167,2417,1480,22234,California
Kern,2021-01-19,1855,26504,1034,13599,821,12905,0,0,1388,20739,467,2884,1389,23623,California
Kern,2021-01-20,2614,29118,1679,15278,935,13840,0,0,1911,21954,698,3582,1913,25536,California
Kern,2021-01-21,2116,31234,869,16147,1247,15087,0,0,1920,23679,195,3777,1920,27456,California
Kern,2021-01-22,2716,33950,1299,17446,1417,16504,0,0,2438,25840,277,4054,2438,29894,California
Kern,2021-01-23,1251,35201,542,17988,709,17213,0,0,1205,26999,46,4100,1205,31099,California
Kern,2021-01-24,154,35355,12,18000,142,17355,0,0,148,27141,6,4106,148,31247,California
Kern,2021-01-25,2386,37741,1086,19086,1300,18655,0,0,1901,28559,484,4590,1902,33149,California
Kern,2021-01-26,2773,40514,1128,20214,1645,20300,0,0,1913,29613,859,5449,1913,35062,California
Kern,2021-01-27,3562,44076,1905,22119,1657,21957,0,0,2861,31776,698,6147,2861,37923,California
Kern,2021-01-28,2874,46950,1358,23477,1516,23473,0,0,2443,33796,426,6573,2446,40369,California
Kern,2021-01-29,3783,50733,1801,25278,1982,25455,0,0,3237,36490,543,7116,3237,43606,California
Kern,2021-01-30,1329,52062,498,25776,831,26286,0,0,1279,37721,48,7164,1279,44885,California
Kern,2021-01-31,405,52467,277,26053,128,26414,0,0,270,37856,135,7299,270,45155,California
Kern,2021-02-01,2599,55066,991,27044,1608,28022,0,0,1885,39031,711,8010,1886,47041,California
Kern,2021-02-02,2752,57818,798,27842,1954,29976,0,0,2049,40378,703,8713,2050,49091,California
Kern,2021-02-03,3665,61483,1552,29394,2113,32089,0,0,2696,42112,962,9675,2696,51787,California
Kern,2021-02-04,3802,65285,1452,30846,2350,34439,0,0,2586,43492,1206,10881,2586,54373,California
Kern,2021-02-05,4856,70141,1990,32836,2866,37305,0,0,3095,44845,1742,12623,3095,57468,California
Kern,2021-02-06,1738,71879,768,33604,970,38275,0,0,1512,46134,223,12846,1512,58980,California
Kern,2021-02-07,283,72162,150,33754,133,38408,0,0,267,46387,14,12860,267,59247,California
Kern,2021-02-08,2572,74734,790,34544,1782,40190,0,0,1258,46351,1296,14156,1260,60507,California
Kern,2021-02-09,3038,77772,986,35530,2052,42242,0,0,1466,46254,1563,15719,1466,61973,California
Kern,2021-02-10,3793,81565,1661,37191,2132,44374,0,0,1874,46226,1903,17622,1875,63848,California
Kern,2021-02-11,4267,85832,1536,38727,2731,47105,0,0,2223,46419,2031,19653,2224,66072,California
Kern,2021-02-12,4957,90789,1893,40620,3064,50169,0,0,2477,46430,2466,22119,2477,68549,California
Kern,2021-02-13,2012,92801,729,41349,1283,51452,0,0,1165,46750,845,22964,1165,69714,California
Kern,2021-02-14,351,93152,12,41361,339,51791,0,0,269,46938,81,23045,269,69983,California
Kern,2021-02-15,2744,95896,896,42257,1848,53639,0,0,1211,46625,1524,24569,1211,71194,California
Kern,2021-02-16,2938,98834,712,42969,2226,55865,0,0,1649,46995,1280,25849,1650,72844,California
Kern,2021-02-17,4070,102904,2078,45047,1992,57857,0,0,1926,46784,2138,27987,1927,74771,California
Kern,2021-02-18,3765,106669,1488,46535,2277,60134,0,0,1627,46283,2128,30115,1627,76398,California
Kern,2021-02-19,4199,110868,1915,48450,2284,62418,0,0,1740,45571,2452,32567,1740,78138,California
Kern,2021-02-20,2581,113449,967,49417,1614,64032,0,0,1351,45696,1226,33793,1351,79489,California
Kern,2021-02-21,259,113708,153,49570,106,64138,0,0,90,45619,167,33960,90,79579,California
Kern,2021-02-22,2669,116377,1153,50723,1516,65654,0,0,1429,45815,1235,35195,1431,81010,California
Kern,2021-02-23,3557,119934,1128,51851,2429,68083,0,0,1982,46225,1573,36768,1983,82993,California
Kern,2021-02-24,5197,125131,2289,54140,2908,70991,0,0,3102,47236,2091,38859,3102,86095,California
Kern,2021-02-25,5373,130504,2456,56596,2917,73908,0,0,3191,48264,2163,41022,3191,89286,California
Kern,2021-02-26,6904,137408,3531,60127,3373,77281,0,0,4357,50082,2540,43562,4358,93644,California
Kern,2021-02-27,3960,141368,1986,62113,1974,79255,0,0,2618,51366,1334,44896,2618,96262,California
Kern,2021-02-28,916,142284,503,62616,412,79667,1,1,696,51845,218,45114,697,96959,California
Kern,2021-03-01,4003,146287,1819,64435,2180,81847,4,5,2686,53227,1308,46422,2690,99649,California
Kern,2021-03-02,4472,150759,1414,65849,3057,84904,1,6,2951,54668,1510,47932,2951,102600,California
Kern,2021-03-03,5928,156687,2811,68660,3117,88021,0,6,3832,56419,2082,50014,3833,106433,California
Kern,2021-03-04,5596,162283,2196,70856,3397,91418,3,9,3600,58039,1982,51996,3602,110035,California
Kern,2021-03-05,6668,168951,2860,73716,3789,95207,19,28,4231,59861,2428,54424,4250,114285,California
Kern,2021-03-06,4734,173685,1926,75642,2708,97915,100,128,3466,62165,1261,55685,3565,117850,California
Kern,2021-03-07,2055,175740,1591,77233,413,98328,51,179,1861,63884,193,55878,1912,119762,California
Kern,2021-03-08,2888,178628,922,78155,1753,100081,213,392,1524,64258,1361,57239,1735,121497,California
Kern,2021-03-09,3717,182345,808,78963,2526,102607,383,775,2317,65563,1392,58631,2697,124194,California
Kern,2021-03-10,6138,188483,2564,81527,2500,105107,1074,1849,3596,67704,2527,61158,4668,128862,California
Kern,2021-03-11,6339,194822,2444,83971,2869,107976,1026,2875,3779,69957,2549,63707,4802,133664,California
Kern,2021-03-12,7830,202652,3070,87041,3408,111384,1352,4227,4315,72112,3502,67209,5657,139321,California
Kern,2021-03-13,4662,207314,2526,89567,1801,113185,335,4562,3242,74272,1413,68622,3573,142894,California
Kern,2021-03-14,2298,209612,1522,91089,535,113720,241,4803,1777,75766,521,69143,2015,144909,California
Kern,2021-03-15,4267,213879,1100,92189,2454,116174,713,5516,2199,76615,2056,71199,2905,147814,California
Kern,2021-03-16,4345,218224,1014,93203,2799,118973,532,6048,2336,77481,1999,73198,2865,150679,California
Kern,2021-03-17,7482,225706,4052,97255,2880,121853,550,6598,4521,79602,2949,76147,5070,155749,California
Kern,2021-03-18,7274,232980,3680,100935,3009,124862,585,7183,4402,81733,2852,78999,4983,160732,California
Kern,2021-03-19,8982,241962,4983,105918,3344,128206,655,7838,4715,82845,4252,83251,5364,166096,California
Kern,2021-03-20,6182,248144,3827,109745,2181,130387,174,8012,3917,84683,2254,85505,4092,170188,California
Kern,2021-03-21,3046,251190,1929,111674,236,130623,881,8893,1846,86215,1194,86699,2726,172914,California
Kern,2021-03-22,3991,255181,1567,113241,2067,132690,357,9250,1939,86474,2037,88736,2296,175210,California
Kern,2021-03-23,4735,259916,1676,114917,2860,135550,199,9449,2485,86935,2221,90957,2682,177892,California
Kern,2021-03-24,7182,267098,3674,118591,3031,138581,477,9926,3657,87561,3507,94464,4133,182025,California
Kern,2021-03-25,6757,273855,2996,121587,3430,142011,331,10257,3278,87705,3462,97926,3606,185631,California
Kern,2021-03-26,9872,283727,4416,126003,4200,146211,1256,11513,4741,88587,5113,103039,5995,191626,California
Kern,2021-03-27,5702,289429,3996,129999,1578,147789,128,11641,3445,89904,2255,105294,3572,195198,California
Kern,2021-03-28,4683,294112,4192,134191,477,148266,14,11655,2954,91144,1728,107022,2968,198166,California
Kern,2021-03-29,4253,298365,1680,135871,2294,150560,279,11934,2610,92399,1631,108653,2886,201052,California
Kern,2021-03-30,5602,303967,1873,137744,3344,153904,385,12319,3074,93333,2524,111177,3458,204510,California
Kern,2021-03-31,8408,312375,4545,142289,3214,157118,649,12968,4351,94291,4041,115218,4999,209509,California
Kern,2021-04-01,7886,320261,3875,146164,3713,160831,298,13266,4225,95171,3640,118858,4520,214029,California
Kern,2021-04-02,8436,328697,4454,150618,3375,164206,607,13873,4216,95784,4204,123062,4817,218846,California
Kern,2021-04-03,5989,334686,3671,154289,2135,166341,183,14056,2662,95308,3318,126380,2842,221688,California
Kern,2021-04-04,1338,336024,875,155164,379,166720,84,14140,476,95009,859,127239,560,222248,California
Kern,2021-04-05,5373,341397,2224,157388,2379,169099,770,14910,2908,96213,2453,129692,3657,225905,California
Kern,2021-04-06,7104,348501,2470,159858,3263,172362,1371,16281,3566,97635,3514,133206,4936,230841,California
Kern,2021-04-07,9368,357869,5463,165321,2943,175305,962,17243,4568,98394,4781,137987,5540,236381,California
Kern,2021-04-08,8638,366507,4782,170103,2949,178254,907,18150,3710,98107,4905,142892,4618,240999,California
Kern,2021-04-09,10201,376708,5123,175226,4091,182345,987,19137,4333,97595,5843,148735,5331,246330,California
Kern,2021-04-10,6544,383252,3433,178659,1870,184215,1241,20378,2123,96545,4411,153146,3361,249691,California
Kern,2021-04-11,3833,387085,2892,181551,356,184571,585,20963,1249,95803,2572,155718,1830,251521,California
Kern,2021-04-12,4382,391467,984,182535,2427,186998,971,21934,1569,95546,2796,158514,2539,254060,California
Kern,2021-04-13,4280,395747,1409,183944,2846,189844,25,21959,2111,95525,2158,160672,2137,256197,California
Kern,2021-04-14,6040,401787,2964,186908,3054,192898,22,21981,2988,95497,3037,163709,3009,259206,California
Kern,2021-04-15,5268,407055,2469,189377,2797,195695,2,21983,2502,95252,2749,166458,2504,261710,California
Kern,2021-04-16,7244,414299,3435,192812,3808,199503,1,21984,2954,93942,4266,170724,2956,264666,California
Kern,2021-04-17,5893,420192,3854,196666,2039,201542,0,21984,2096,92257,3782,174506,2097,266763,California
Kern,2021-04-18,3776,423968,3539,200205,237,201779,0,21984,913,90315,2855,177361,913,267676,California
Kern,2021-04-19,3816,427784,1726,201931,2088,203867,2,21986,1411,89341,2385,179746,1411,269087,California
Kern,2021-04-20,4333,432117,1557,203488,2775,206642,1,21987,1629,88282,2690,182436,1631,270718,California
Kern,2021-04-21,5857,437974,3126,206614,2726,209368,5,21992,2131,86711,3705,186141,2134,272852,California
Kern,2021-04-22,4779,442753,2308,208922,2471,211839,0,21992,1689,85331,3070,189211,1690,274542,California
Kern,2021-04-23,6055,448808,2936,211858,3118,214957,1,21993,1893,83099,4126,193337,1894,276436,California
Kern,2021-04-24,4010,452818,2804,214662,1195,216152,11,22004,1443,82003,2549,195886,1453,277889,California
Kern,2021-04-25,1393,454211,1115,215777,278,216430,0,22004,817,82250,570,196456,817,278706,California
Kern,2021-04-26,3787,457998,1820,217597,1915,218345,52,22056,1035,80597,2742,199198,1089,279795,California
Kern,2021-04-27,4637,462635,2275,219872,2261,220606,101,22157,1406,78882,3219,202417,1504,281299,California
Kern,2021-04-28,6250,468885,3676,223548,2451,223057,123,22280,1775,76318,4459,206876,1895,283194,California
Kern,2021-04-29,5513,474398,3063,226611,2350,225407,100,22380,1622,74170,3871,210747,1723,284917,California
Kern,2021-04-30,5597,479995,3130,229741,2307,227714,160,22540,1620,71984,3965,214712,1779,286696,California
Kern,2021-05-01,2580,482575,1803,231544,718,228432,59,22599,955,71382,1615,216327,1013,287709,California
Kern,2021-05-02,1885,484460,1601,233145,263,228695,21,22620,692,70908,1187,217514,713,288422,California
Kern,2021-05-03,2486,486946,987,234132,1367,230062,132,22752,761,70091,1711,219225,894,289316,California
Kern,2021-05-04,3610,490556,1284,235416,2217,232279,109,22861,1257,69117,2338,221563,1364,290680,California
Kern,2021-05-05,4138,494694,2133,237549,1855,234134,150,23011,1368,67877,2756,224319,1516,292196,California
Kern,2021-05-06,3528,498222,1569,239118,1816,235950,143,23154,1083,66673,2427,226746,1223,293419,California
Kern,2021-05-07,4569,502791,2298,241416,2096,238046,175,23329,1278,64859,3265,230011,1451,294870,California
Kern,2021-05-08,2893,505684,1822,243238,956,239002,115,23444,900,63893,1979,231990,1013,295883,California
Kern,2021-05-09,1297,506981,1122,244360,145,239147,30,23474,448,63529,842,232832,478,296361,California
Kern,2021-05-10,2207,509188,844,245204,1264,240411,99,23573,641,62718,1549,234381,738,297099,California
Kern,2021-05-11,2600,511788,909,246113,1568,241979,123,23696,942,62136,1648,236029,1066,298165,California
Kern,2021-05-12,3519,515307,1394,247507,1976,243955,149,23845,1110,60998,2397,238426,1259,299424,California
Kern,2021-05-13,3335,518642,1733,249240,1460,245415,142,23987,1552,60917,1771,240197,1690,301114,California
Kern,2021-05-14,4261,522903,2525,251765,1519,246934,217,24204,1971,60832,2272,242469,2187,303301,California
Kern,2021-05-15,2910,525813,1898,253663,925,247859,87,24291,1545,61112,1352,243821,1632,304933,California
Kern,2021-05-16,1540,527353,1319,254982,183,248042,38,24329,885,61385,650,244471,923,305856,California
Kern,2021-05-17,2295,529648,989,255971,1162,249204,144,24473,1174,61593,1109,245580,1317,307173,California
Kern,2021-05-18,3122,532770,1419,257390,1575,250779,128,24601,1599,61812,1507,247087,1726,308899,California
Kern,2021-05-19,3797,536567,2370,259760,1301,252080,126,24727,1834,61820,1951,249038,1959,310858,California
Kern,2021-05-20,2909,539476,1580,261340,1200,253280,129,24856,1329,61717,1559,250597,1456,312314,California
Kern,2021-05-21,3366,542842,2066,263406,1183,254463,117,24973,1700,61894,1640,252237,1817,314131,California
Kern,2021-05-22,2587,545429,2011,265417,539,255002,37,25010,1218,61788,1360,253597,1254,315385,California
Kern,2021-05-23,1153,546582,1004,266421,131,255133,18,25028,608,61874,539,254136,625,316010,California
Kern,2021-05-24,1811,548393,763,267184,933,256066,115,25143,866,61915,937,255073,978,316988,California
Kern,2021-05-25,2335,550728,1075,268259,1180,257246,80,25223,1120,61912,1203,256276,1200,318188,California
Kern,2021-05-26,2708,553436,1557,269816,1057,258303,94,25317,1174,61657,1521,257797,1266,319454,California
Kern,2021-05-27,2204,555640,1075,270891,1032,259335,97,25414,1103,61777,1079,258876,1199,320653,California
Kern,2021-05-28,2606,558246,1338,272229,1180,260515,88,25502,1218,61707,1376,260252,1306,321959,California
Kern,2021-05-29,1826,560072,1219,273448,563,261078,44,25546,894,61731,913,261165,937,322896,California
Kern,2021-05-30,860,560932,702,274150,140,261218,18,25564,437,61769,416,261581,454,323350,California
Kern,2021-05-31,73,561005,7,274157,59,261277,7,25571,19,61742,53,261634,26,323376,California
Kings,2020-12-16,1,1,1,1,0,0,0,0,1,1,0,0,1,1,California
Kings,2020-12-17,8,9,8,9,0,0,0,0,8,9,0,0,8,9,California
Kings,2020-12-18,12,21,12,21,0,0,0,0,12,21,0,0,12,21,California
Kings,2020-12-19,11,32,11,32,0,0,0,0,11,32,0,0,11,32,California
Kings,2020-12-20,13,45,13,45,0,0,0,0,13,45,0,0,13,45,California
Kings,2020-12-21,156,201,156,201,0,0,0,0,269,314,0,0,269,314,California
Kings,2020-12-22,143,344,143,344,0,0,0,0,140,454,0,0,140,454,California
Kings,2020-12-23,136,480,123,467,13,13,0,0,137,591,0,0,137,591,California
Kings,2020-12-24,11,491,9,476,2,15,0,0,11,602,0,0,11,602,California
Kings,2020-12-26,7,498,4,480,3,18,0,0,7,609,0,0,7,609,California
Kings,2020-12-27,4,502,4,484,0,18,0,0,4,613,0,0,4,613,California
Kings,2020-12-28,131,633,103,587,28,46,0,0,132,745,0,0,132,745,California
Kings,2020-12-29,77,710,50,637,27,73,0,0,78,823,0,0,78,823,California
Kings,2020-12-30,149,859,109,746,40,113,0,0,149,972,0,0,149,972,California
Kings,2020-12-31,45,904,6,752,39,152,0,0,45,1017,0,0,45,1017,California
Kings,2021-01-01,1,905,0,752,1,153,0,0,1,1018,0,0,1,1018,California
Kings,2021-01-02,10,915,9,761,1,154,0,0,10,1028,0,0,10,1028,California
Kings,2021-01-04,111,1026,41,802,70,224,0,0,111,1139,0,0,111,1139,California
Kings,2021-01-05,195,1221,39,841,156,380,0,0,195,1334,0,0,195,1334,California
Kings,2021-01-06,277,1498,178,1019,99,479,0,0,274,1605,3,3,274,1608,California
Kings,2021-01-07,181,1679,82,1101,99,578,0,0,173,1770,8,11,173,1781,California
Kings,2021-01-08,248,1927,54,1155,194,772,0,0,229,1980,19,30,229,2010,California
Kings,2021-01-09,63,1990,9,1164,54,826,0,0,55,2027,8,38,55,2065,California
Kings,2021-01-10,15,2005,3,1167,12,838,0,0,12,2036,3,41,12,2077,California
Kings,2021-01-11,518,2523,354,1521,164,1002,0,0,276,2071,242,283,277,2354,California
Kings,2021-01-12,349,2872,252,1773,97,1099,0,0,215,2155,131,414,215,2569,California
Kings,2021-01-13,422,3294,275,2048,147,1246,0,0,330,2393,92,506,330,2899,California
Kings,2021-01-14,208,3502,30,2078,178,1424,0,0,198,2571,21,527,199,3098,California
Kings,2021-01-15,418,3920,30,2108,388,1812,0,0,406,2965,12,539,406,3504,California
Kings,2021-01-16,28,3948,9,2117,19,1831,0,0,27,2991,1,540,27,3531,California
Kings,2021-01-17,9,3957,6,2123,3,1834,0,0,7,2996,2,542,7,3538,California
Kings,2021-01-18,172,4129,40,2163,132,1966,0,0,146,3116,26,568,146,3684,California
Kings,2021-01-19,379,4508,160,2323,219,2185,0,0,251,3239,128,696,251,3935,California
Kings,2021-01-20,237,4745,146,2469,91,2276,0,0,127,3261,105,801,127,4062,California
Kings,2021-01-21,212,4957,57,2526,155,2431,0,0,197,3441,17,818,197,4259,California
Kings,2021-01-22,102,5059,16,2542,86,2517,0,0,102,3538,5,823,102,4361,California
Kings,2021-01-23,26,5085,14,2556,12,2529,0,0,20,3552,6,829,20,4381,California
Kings,2021-01-24,4,5089,4,2560,0,2529,0,0,2,3552,2,831,2,4383,California
Kings,2021-01-25,126,5215,27,2587,99,2628,0,0,91,3608,35,866,91,4474,California
Kings,2021-01-26,153,5368,34,2621,119,2747,0,0,114,3683,39,905,114,4588,California
Kings,2021-01-27,322,5690,34,2655,288,3035,0,0,248,3858,73,978,248,4836,California
Kings,2021-01-28,329,6019,46,2701,283,3318,0,0,273,4075,56,1034,273,5109,California
Kings,2021-01-29,86,6105,26,2727,60,3378,0,0,69,4127,17,1051,69,5178,California
Kings,2021-01-30,1558,7663,31,2758,1527,4905,0,0,1555,5681,3,1054,1557,6735,California
Kings,2021-02-01,199,7862,64,2822,135,5040,0,0,72,5628,125,1179,72,6807,California
Kings,2021-02-02,232,8094,14,2836,218,5258,0,0,82,5561,149,1328,82,6889,California
Kings,2021-02-03,357,8451,191,3027,166,5424,0,0,201,5607,155,1483,201,7090,California
Kings,2021-02-04,398,8849,99,3126,299,5723,0,0,200,5610,197,1680,200,7290,California
Kings,2021-02-05,260,9109,15,3141,245,5968,0,0,101,5554,157,1837,101,7391,California
Kings,2021-02-06,61,9170,10,3151,51,6019,0,0,28,5549,33,1870,28,7419,California
Kings,2021-02-07,5,9175,3,3154,2,6021,0,0,3,5550,2,1872,3,7422,California
Kings,2021-02-08,174,9349,29,3183,145,6166,0,0,68,5512,106,1978,68,7490,California
Kings,2021-02-09,254,9603,57,3240,197,6363,0,0,110,5480,142,2120,110,7600,California
Kings,2021-02-10,286,9889,113,3353,173,6536,0,0,169,5532,117,2237,169,7769,California
Kings,2021-02-11,432,10321,65,3418,367,6903,0,0,316,5733,115,2352,316,8085,California
Kings,2021-02-12,622,10943,36,3454,586,7489,0,0,346,5804,275,2627,346,8431,California
Kings,2021-02-13,104,11047,6,3460,98,7587,0,0,78,5856,26,2653,78,8509,California
Kings,2021-02-14,102,11149,4,3464,98,7685,0,0,94,5942,8,2661,94,8603,California
Kings,2021-02-15,246,11395,5,3469,241,7926,0,0,137,5971,108,2769,137,8740,California
Kings,2021-02-16,488,11883,33,3502,455,8381,0,0,251,5986,236,3005,251,8991,California
Kings,2021-02-17,380,12263,23,3525,357,8738,0,0,243,6093,137,3142,244,9235,California
Kings,2021-02-18,156,12419,23,3548,133,8871,0,0,98,6133,58,3200,98,9333,California
Kings,2021-02-19,159,12578,24,3572,135,9006,0,0,103,6183,53,3253,103,9436,California
Kings,2021-02-20,171,12749,40,3612,131,9137,0,0,134,6280,37,3290,134,9570,California
Kings,2021-02-21,3,12752,2,3614,1,9138,0,0,3,6283,0,3290,3,9573,California
Kings,2021-02-22,110,12862,19,3633,91,9229,0,0,50,6273,60,3350,50,9623,California
Kings,2021-02-23,297,13159,70,3703,227,9456,0,0,180,6336,117,3467,180,9803,California
Kings,2021-02-24,597,13756,154,3857,443,9899,0,0,385,6509,212,3679,385,10188,California
Kings,2021-02-25,685,14441,131,3988,554,10453,0,0,466,6758,217,3896,466,10654,California
Kings,2021-02-26,667,15108,137,4125,530,10983,0,0,605,7301,62,3958,605,11259,California
Kings,2021-02-27,1516,16624,65,4190,1451,12434,0,0,580,6946,935,4893,580,11839,California
Kings,2021-02-28,1171,17795,597,4787,574,13008,0,0,674,7126,494,5387,674,12513,California
Kings,2021-03-01,262,18057,79,4866,183,13191,0,0,215,7294,47,5434,215,12728,California
Kings,2021-03-02,508,18565,242,5108,266,13457,0,0,458,7703,50,5484,459,13187,California
Kings,2021-03-03,640,19205,314,5422,326,13783,0,0,449,7963,189,5673,449,13636,California
Kings,2021-03-04,732,19937,352,5774,380,14163,0,0,632,8496,100,5773,633,14269,California
Kings,2021-03-05,1086,21023,368,6142,709,14872,9,9,966,9352,120,5893,976,15245,California
Kings,2021-03-06,514,21537,187,6329,314,15186,13,22,484,9819,30,5923,497,15742,California
Kings,2021-03-07,366,21903,224,6553,138,15324,4,26,358,10173,8,5931,362,16104,California
Kings,2021-03-08,374,22277,96,6649,225,15549,53,79,263,10377,111,6042,315,16419,California
Kings,2021-03-09,551,22828,252,6901,244,15793,55,134,443,10769,107,6149,499,16918,California
Kings,2021-03-10,574,23402,128,7029,355,16148,91,225,389,11064,184,6333,479,17397,California
Kings,2021-03-11,1035,24437,307,7336,618,16766,110,335,629,11399,404,6737,739,18136,California
Kings,2021-03-12,1379,25816,445,7781,840,17606,94,429,976,12071,401,7138,1073,19209,California
Kings,2021-03-13,681,26497,333,8114,304,17910,44,473,556,12547,125,7263,601,19810,California
Kings,2021-03-14,675,27172,101,8215,185,18095,389,862,201,12663,474,7737,590,20400,California
Kings,2021-03-15,703,27875,266,8481,322,18417,115,977,466,13010,236,7973,583,20983,California
Kings,2021-03-16,1058,28933,446,8927,550,18967,62,1039,720,13454,338,8311,782,21765,California
Kings,2021-03-17,1098,30031,418,9345,619,19586,61,1100,780,13983,319,8630,848,22613,California
Kings,2021-03-18,1124,31155,474,9819,427,20013,223,1323,774,14634,349,8979,1000,23613,California
Kings,2021-03-19,964,32119,469,10288,410,20423,85,1408,738,15245,225,9204,836,24449,California
Kings,2021-03-20,640,32759,255,10543,354,20777,31,1439,465,15575,173,9377,503,24952,California
Kings,2021-03-21,1417,34176,1087,11630,319,21096,11,1450,863,15895,554,9931,874,25826,California
Kings,2021-03-22,447,34623,199,11829,164,21260,84,1534,273,16082,174,10105,361,26187,California
Kings,2021-03-23,916,35539,508,12337,345,21605,63,1597,556,16346,358,10463,622,26809,California
Kings,2021-03-24,957,36496,487,12824,447,22052,23,1620,506,16428,449,10912,531,27340,California
Kings,2021-03-25,918,37414,465,13289,427,22479,26,1646,447,16432,469,11381,473,27813,California
Kings,2021-03-26,1294,38708,379,13668,830,23309,85,1731,515,16257,774,12155,599,28412,California
Kings,2021-03-27,641,39349,258,13926,371,23680,12,1743,158,15946,481,12636,170,28582,California
Kings,2021-03-28,672,40021,601,14527,64,23744,7,1750,405,16099,267,12903,420,29002,California
Kings,2021-03-29,467,40488,210,14737,196,23940,61,1811,259,16212,206,13109,319,29321,California
Kings,2021-03-30,858,41346,473,15210,347,24287,38,1849,425,16243,432,13541,463,29784,California
Kings,2021-03-31,767,42113,378,15588,316,24603,73,1922,423,16403,336,13877,496,30280,California
Kings,2021-04-01,778,42891,388,15976,300,24903,90,2012,352,16425,420,14297,442,30722,California
Kings,2021-04-02,1009,43900,448,16424,437,25340,124,2136,391,16327,613,14910,515,31237,California
Kings,2021-04-03,489,44389,345,16769,135,25475,9,2145,166,16186,317,15227,176,31413,California
Kings,2021-04-04,156,44545,82,16851,68,25543,6,2151,42,16121,113,15340,48,31461,California
Kings,2021-04-05,1053,45598,325,17176,476,26019,252,2403,235,15790,817,16157,486,31947,California
Kings,2021-04-06,1202,46800,450,17626,440,26459,312,2715,280,15463,919,17076,592,32539,California
Kings,2021-04-07,1357,48157,647,18273,524,26983,186,2901,357,15015,997,18073,549,33088,California
Kings,2021-04-08,1610,49767,631,18904,727,27710,252,3153,363,14397,1240,19313,622,33710,California
Kings,2021-04-09,1152,50919,544,19448,430,28140,178,3331,232,13887,918,20231,408,34118,California
Kings,2021-04-10,589,51508,328,19776,159,28299,102,3433,167,13737,420,20651,270,34388,California
Kings,2021-04-11,352,51860,74,19850,271,28570,7,3440,194,13781,157,20808,201,34589,California
Kings,2021-04-12,698,52558,311,20161,187,28757,200,3640,193,13670,504,21312,393,34982,California
Kings,2021-04-13,903,53461,515,20676,388,29145,0,3640,287,13347,615,21927,292,35274,California
Kings,2021-04-14,1039,54500,575,21251,464,29609,0,3640,376,13061,663,22590,377,35651,California
Kings,2021-04-15,1048,55548,520,21771,527,30136,1,3641,450,12915,597,23187,451,36102,California
Kings,2021-04-16,770,56318,360,22131,410,30546,0,3641,257,12660,512,23699,257,36359,California
Kings,2021-04-17,458,56776,244,22375,214,30760,0,3641,186,12575,271,23970,186,36545,California
Kings,2021-04-18,562,57338,239,22614,323,31083,0,3641,43,12099,519,24489,43,36588,California
Kings,2021-04-19,531,57869,294,22908,237,31320,0,3641,285,12140,244,24733,285,36873,California
Kings,2021-04-20,738,58607,447,23355,291,31611,0,3641,236,11875,501,25234,236,37109,California
Kings,2021-04-21,642,59249,308,23663,334,31945,0,3641,222,11684,413,25647,222,37331,California
Kings,2021-04-22,553,59802,276,23939,277,32222,0,3641,202,11539,348,25995,203,37534,California
Kings,2021-04-23,664,60466,289,24228,375,32597,0,3641,327,11531,335,26330,327,37861,California
Kings,2021-04-24,246,60712,178,24406,67,32664,1,3642,118,11523,127,26457,119,37980,California
Kings,2021-04-25,200,60912,181,24587,19,32683,0,3642,164,11651,36,26493,164,38144,California
Kings,2021-04-26,300,61212,158,24745,139,32822,3,3645,189,11733,110,26603,192,38336,California
Kings,2021-04-27,408,61620,178,24923,211,33033,19,3664,170,11685,237,26840,189,38525,California
Kings,2021-04-28,510,62130,253,25176,237,33270,20,3684,263,11721,247,27087,283,38808,California
Kings,2021-04-29,288,62418,112,25288,165,33435,11,3695,135,11716,151,27238,146,38954,California
Kings,2021-04-30,366,62784,164,25452,185,33620,17,3712,153,11677,209,27447,170,39124,California
Kings,2021-05-01,230,63014,167,25619,53,33673,10,3722,74,11607,154,27601,84,39208,California
Kings,2021-05-02,168,63182,146,25765,22,33695,0,3722,126,11691,42,27643,126,39334,California
Kings,2021-05-03,473,63655,256,26021,204,33899,13,3735,123,11478,349,27992,136,39470,California
Kings,2021-05-04,519,64174,260,26281,239,34138,20,3755,161,11301,358,28350,181,39651,California
Kings,2021-05-05,551,64725,286,26567,245,34383,20,3775,137,11044,414,28764,157,39808,California
Kings,2021-05-06,541,65266,270,26837,248,34631,23,3798,121,10770,418,29182,144,39952,California
Kings,2021-05-07,365,65631,209,27046,142,34773,14,3812,147,10715,216,29398,161,40113,California
Kings,2021-05-08,229,65860,166,27212,52,34825,11,3823,74,10645,155,29553,85,40198,California
Kings,2021-05-09,192,66052,64,27276,128,34953,0,3823,40,10533,152,29705,40,40238,California
Kings,2021-05-10,339,66391,263,27539,66,35019,10,3833,115,10434,223,29928,124,40362,California
Kings,2021-05-11,373,66764,230,27769,115,35134,28,3861,117,10324,256,30184,146,40508,California
Kings,2021-05-12,372,67136,140,27909,219,35353,13,3874,160,10287,210,30394,173,40681,California
Kings,2021-05-13,385,67521,135,28044,232,35585,18,3892,149,10218,236,30630,167,40848,California
Kings,2021-05-14,463,67984,316,28360,116,35701,31,3923,241,10269,221,30851,272,41120,California
Kings,2021-05-15,348,68332,249,28609,82,35783,17,3940,194,10326,154,31005,211,41331,California
Kings,2021-05-16,250,68582,222,28831,27,35810,1,3941,79,10235,171,31176,80,41411,California
Kings,2021-05-17,405,68987,323,29154,65,35875,17,3958,218,10285,185,31361,235,41646,California
Kings,2021-05-18,390,69377,274,29428,103,35978,13,3971,226,10361,164,31525,240,41886,California
Kings,2021-05-19,574,69951,282,29710,270,36248,22,3993,231,10273,341,31866,253,42139,California
Kings,2021-05-20,398,70349,193,29903,178,36426,27,4020,241,10385,157,32023,269,42408,California
Kings,2021-05-21,450,70799,218,30121,222,36648,10,4030,225,10399,221,32244,235,42643,California
Kings,2021-05-22,254,71053,204,30325,39,36687,11,4041,192,10542,60,32304,203,42846,California
Kings,2021-05-23,200,71253,198,30523,2,36689,0,4041,97,10536,103,32407,97,42943,California
Kings,2021-05-24,248,71501,163,30686,71,36760,14,4055,122,10546,126,32533,136,43079,California
Kings,2021-05-25,383,71884,260,30946,102,36862,21,4076,237,10659,145,32678,258,43337,California
Kings,2021-05-26,305,72189,124,31070,163,37025,18,4094,132,10636,173,32851,150,43487,California
Kings,2021-05-27,328,72517,183,31253,127,37152,18,4112,184,10697,141,32992,202,43689,California
Kings,2021-05-28,289,72806,141,31394,130,37282,18,4130,140,10708,146,33138,157,43846,California
Kings,2021-05-29,169,72975,98,31492,59,37341,12,4142,86,10724,82,33220,98,43944,California
Kings,2021-05-30,125,73100,109,31601,14,37355,2,4144,66,10733,59,33279,68,44012,California
Kings,2021-05-31,29,73129,13,31614,16,37371,0,4144,12,10728,17,33296,12,44024,California
Lake,2020-12-17,4,4,4,4,0,0,0,0,4,4,0,0,4,4,California
Lake,2020-12-18,51,55,51,55,0,0,0,0,51,55,0,0,51,55,California
Lake,2020-12-19,3,58,3,58,0,0,0,0,3,58,0,0,3,58,California
Lake,2020-12-20,6,64,6,64,0,0,0,0,6,64,0,0,6,64,California
Lake,2020-12-21,86,150,86,150,0,0,0,0,86,150,0,0,86,150,California
Lake,2020-12-22,63,213,60,210,3,3,0,0,63,213,0,0,63,213,California
Lake,2020-12-23,123,336,114,324,9,12,0,0,123,336,0,0,123,336,California
Lake,2020-12-24,2,338,0,324,2,14,0,0,2,338,0,0,2,338,California
Lake,2020-12-26,2,340,2,326,0,14,0,0,2,340,0,0,2,340,California
Lake,2020-12-27,2,342,2,328,0,14,0,0,2,342,0,0,2,342,California
Lake,2020-12-28,52,394,43,371,9,23,0,0,52,394,0,0,52,394,California
Lake,2020-12-29,50,444,45,416,5,28,0,0,50,444,0,0,50,444,California
Lake,2020-12-30,126,570,119,535,7,35,0,0,126,570,0,0,126,570,California
Lake,2020-12-31,67,637,64,599,3,38,0,0,67,637,0,0,67,637,California
Lake,2021-01-01,1,638,0,599,1,39,0,0,1,638,0,0,1,638,California
Lake,2021-01-02,2,640,1,600,1,40,0,0,2,640,0,0,2,640,California
Lake,2021-01-04,88,728,21,621,67,107,0,0,88,728,0,0,88,728,California
Lake,2021-01-05,120,848,59,680,61,168,0,0,118,844,2,2,118,846,California
Lake,2021-01-06,105,953,65,745,40,208,0,0,103,945,2,4,103,949,California
Lake,2021-01-07,108,1061,85,830,23,231,0,0,99,1035,9,13,99,1048,California
Lake,2021-01-08,152,1213,124,954,28,259,0,0,100,1083,52,65,100,1148,California
Lake,2021-01-09,63,1276,61,1015,2,261,0,0,59,1138,4,69,59,1207,California
Lake,2021-01-10,3,1279,3,1018,0,261,0,0,0,1135,3,72,0,1207,California
Lake,2021-01-11,192,1471,151,1169,41,302,0,0,112,1167,80,152,112,1319,California
Lake,2021-01-12,81,1552,48,1217,33,335,0,0,57,1200,24,176,57,1376,California
Lake,2021-01-13,165,1717,112,1329,53,388,0,0,108,1251,57,233,108,1484,California
Lake,2021-01-14,147,1864,46,1375,101,489,0,0,125,1354,22,255,125,1609,California
Lake,2021-01-15,218,2082,92,1467,126,615,0,0,191,1518,27,282,191,1800,California
Lake,2021-01-16,134,2216,81,1548,53,668,0,0,132,1648,2,284,132,1932,California
Lake,2021-01-17,18,2234,6,1554,12,680,0,0,12,1654,6,290,12,1944,California
Lake,2021-01-18,246,2480,227,1781,19,699,0,0,125,1658,121,411,125,2069,California
Lake,2021-01-19,312,2792,118,1899,194,893,0,0,267,1881,45,456,268,2337,California
Lake,2021-01-20,422,3214,80,1979,342,1235,0,0,358,2176,63,519,358,2695,California
Lake,2021-01-21,434,3648,49,2028,385,1620,0,0,399,2540,35,554,399,3094,California
Lake,2021-01-22,318,3966,46,2074,272,1892,0,0,282,2786,36,590,282,3376,California
Lake,2021-01-23,122,4088,5,2079,117,2009,0,0,121,2906,1,591,121,3497,California
Lake,2021-01-24,5,4093,2,2081,3,2012,0,0,5,2911,0,591,5,3502,California
Lake,2021-01-25,258,4351,95,2176,163,2175,0,0,177,3007,81,672,177,3679,California
Lake,2021-01-26,430,4781,36,2212,394,2569,0,0,407,3391,23,695,407,4086,California
Lake,2021-01-27,359,5140,41,2253,318,2887,0,0,331,3695,28,723,332,4418,California
Lake,2021-01-28,498,5638,161,2414,337,3224,0,0,368,3933,130,853,368,4786,California
Lake,2021-01-29,639,6277,86,2500,553,3777,0,0,579,4452,60,913,579,5365,California
Lake,2021-01-30,553,6830,44,2544,509,4286,0,0,547,4993,6,919,547,5912,California
Lake,2021-01-31,14,6844,8,2552,6,4292,0,0,12,5003,2,921,12,5924,California
Lake,2021-02-01,180,7024,18,2570,162,4454,0,0,166,5155,14,935,166,6090,California
Lake,2021-02-02,564,7588,152,2722,412,4866,0,0,398,5387,166,1101,398,6488,California
Lake,2021-02-03,445,8033,33,2755,412,5278,0,0,340,5622,105,1206,340,6828,California
Lake,2021-02-04,119,8152,68,2823,51,5329,0,0,72,5647,47,1253,72,6900,California
Lake,2021-02-05,379,8531,70,2893,309,5638,0,0,288,5846,89,1342,288,7188,California
Lake,2021-02-06,275,8806,40,2933,235,5873,0,0,264,6099,11,1353,264,7452,California
Lake,2021-02-07,2,8808,1,2934,1,5874,0,0,2,6101,0,1353,2,7454,California
Lake,2021-02-08,279,9087,207,3141,72,5946,0,0,159,6140,120,1473,159,7613,California
Lake,2021-02-09,345,9432,24,3165,321,6267,0,0,301,6398,43,1516,301,7914,California
Lake,2021-02-10,352,9784,54,3219,298,6565,0,0,274,6594,78,1594,274,8188,California
Lake,2021-02-11,176,9960,18,3237,158,6723,0,0,58,6534,118,1712,58,8246,California
Lake,2021-02-12,374,10334,29,3266,345,7068,0,0,286,6733,87,1799,286,8532,California
Lake,2021-02-13,247,10581,7,3273,240,7308,0,0,236,6958,11,1810,236,8768,California
Lake,2021-02-14,20,10601,5,3278,15,7323,0,0,6,6950,14,1824,6,8774,California
Lake,2021-02-15,171,10772,13,3291,158,7481,0,0,8,6796,162,1986,8,8782,California
Lake,2021-02-16,424,11196,23,3314,401,7882,0,0,176,6724,248,2234,176,8958,California
Lake,2021-02-17,351,11547,54,3368,297,8179,0,0,70,6514,280,2514,70,9028,California
Lake,2021-02-18,459,12006,70,3438,389,8568,0,0,115,6285,344,2858,115,9143,California
Lake,2021-02-19,421,12427,28,3466,393,8961,0,0,94,6052,327,3185,94,9237,California
Lake,2021-02-20,295,12722,61,3527,234,9195,0,0,252,6262,42,3227,252,9489,California
Lake,2021-02-21,6,12728,6,3533,0,9195,0,0,0,6256,6,3233,0,9489,California
Lake,2021-02-22,141,12869,24,3557,117,9312,0,0,43,6201,98,3331,43,9532,California
Lake,2021-02-23,214,13083,14,3571,200,9512,0,0,28,6043,186,3517,28,9560,California
Lake,2021-02-24,957,14040,378,3949,579,10091,0,0,417,5921,539,4056,417,9977,California
Lake,2021-02-25,732,14772,467,4416,265,10356,0,0,472,6136,257,4313,472,10449,California
Lake,2021-02-26,995,15767,304,4720,691,11047,0,0,350,5844,642,4955,350,10799,California
Lake,2021-02-27,410,16177,98,4818,312,11359,0,0,328,6090,82,5037,328,11127,California
Lake,2021-02-28,17,16194,11,4829,6,11365,0,0,10,6093,7,5044,10,11137,California
Lake,2021-03-01,596,16790,53,4882,543,11908,0,0,443,6383,153,5197,443,11580,California
Lake,2021-03-02,744,17534,17,4899,727,12635,0,0,289,6217,455,5652,289,11869,California
Lake,2021-03-03,369,17903,196,5095,173,12808,0,0,146,6140,223,5875,146,12015,California
Lake,2021-03-04,579,18482,507,5602,72,12880,0,0,562,6685,17,5892,562,12577,California
Lake,2021-03-05,1048,19530,52,5654,996,13876,0,0,186,6013,858,6750,186,12763,California
Lake,2021-03-06,34,19564,9,5663,24,13900,1,1,21,6022,13,6763,22,12785,California
Lake,2021-03-07,7,19571,5,5668,2,13902,0,1,4,6023,3,6766,4,12789,California
Lake,2021-03-08,339,19910,267,5935,63,13965,9,10,299,6291,40,6806,308,13097,California
Lake,2021-03-09,930,20840,42,5977,871,14836,17,27,406,6191,523,7329,423,13520,California
Lake,2021-03-10,205,21045,60,6037,131,14967,14,41,135,6271,70,7399,150,13670,California
Lake,2021-03-11,585,21630,48,6085,62,15029,475,516,47,6255,538,7937,522,14192,California
Lake,2021-03-12,851,22481,203,6288,623,15652,25,541,362,6154,488,8425,387,14579,California
Lake,2021-03-13,278,22759,22,6310,20,15672,236,777,16,6144,261,8686,251,14830,California
Lake,2021-03-14,11,22770,2,6312,9,15681,0,777,7,6147,4,8690,7,14837,California
Lake,2021-03-15,642,23412,14,6326,611,16292,17,794,482,6486,160,8850,499,15336,California
Lake,2021-03-16,1113,24525,834,7160,262,16554,17,811,444,6281,665,9515,460,15796,California
Lake,2021-03-17,248,24773,121,7281,105,16659,22,833,92,6239,156,9671,114,15910,California
Lake,2021-03-18,748,25521,373,7654,338,16997,37,870,371,6270,376,10047,407,16317,California
Lake,2021-03-19,582,26103,315,7969,247,17244,20,890,475,6659,106,10153,495,16812,California
Lake,2021-03-20,250,26353,9,7978,238,17482,3,893,31,6476,217,10370,34,16846,California
Lake,2021-03-21,16,26369,11,7989,4,17486,1,894,11,6483,5,10375,12,16858,California
Lake,2021-03-22,337,26706,256,8245,67,17553,14,908,251,6662,86,10461,265,17123,California
Lake,2021-03-23,429,27135,21,8266,395,17948,13,921,364,6975,64,10525,377,17500,California
Lake,2021-03-24,423,27558,62,8328,353,18301,8,929,326,7214,96,10621,335,17835,California
Lake,2021-03-25,676,28234,485,8813,185,18486,6,935,178,6899,498,11119,183,18018,California
Lake,2021-03-26,68,28302,33,8846,34,18520,1,936,32,6896,36,11155,33,18051,California
Lake,2021-03-27,309,28611,7,8853,299,18819,3,939,17,6626,290,11445,20,18071,California
Lake,2021-03-28,17,28628,8,8861,9,18828,0,939,11,6631,6,11451,11,18082,California
Lake,2021-03-29,989,29617,286,9147,701,19529,2,941,205,6056,782,12233,207,18289,California
Lake,2021-03-30,464,30081,315,9462,147,19676,2,943,366,6327,97,12330,368,18657,California
Lake,2021-03-31,616,30697,60,9522,556,20232,0,943,434,6588,173,12503,434,19091,California
Lake,2021-04-01,447,31144,234,9756,201,20433,12,955,186,6529,257,12760,198,19289,California
Lake,2021-04-02,222,31366,41,9797,153,20586,28,983,97,6529,125,12885,125,19414,California
Lake,2021-04-03,32,31398,6,9803,23,20609,3,986,13,6526,19,12904,16,19430,California
Lake,2021-04-04,20,31418,11,9814,7,20616,2,988,15,6538,5,12909,17,19447,California
Lake,2021-04-05,642,32060,70,9884,553,21169,19,1007,402,6722,237,13146,421,19868,California
Lake,2021-04-06,477,32537,17,9901,434,21603,26,1033,304,6880,172,13318,330,20198,California
Lake,2021-04-07,522,33059,57,9958,414,22017,51,1084,353,7118,167,13485,405,20603,California
Lake,2021-04-08,602,33661,492,10450,45,22062,65,1149,102,6792,497,13982,171,20774,California
Lake,2021-04-09,281,33942,39,10489,173,22235,69,1218,48,6678,230,14212,116,20890,California
Lake,2021-04-10,254,34196,15,10504,14,22249,225,1443,10,6669,244,14456,235,21125,California
Lake,2021-04-11,22,34218,17,10521,3,22252,2,1445,7,6663,15,14471,9,21134,California
Lake,2021-04-12,1068,35286,232,10753,803,23055,33,1478,237,6103,830,15301,270,21404,California
Lake,2021-04-13,180,35466,109,10862,71,23126,0,1478,54,6031,126,15427,54,21458,California
Lake,2021-04-14,614,36080,38,10900,576,23702,0,1478,549,6516,64,15491,549,22007,California
Lake,2021-04-15,640,36720,192,11092,448,24150,0,1478,331,6538,309,15800,331,22338,California
Lake,2021-04-16,265,36985,30,11122,234,24384,1,1479,74,6423,190,15990,75,22413,California
Lake,2021-04-17,43,37028,12,11134,31,24415,0,1479,33,6446,10,16000,33,22446,California
Lake,2021-04-18,8,37036,5,11139,3,24418,0,1479,0,6438,8,16008,0,22446,California
Lake,2021-04-19,297,37333,38,11177,259,24677,0,1479,246,6633,51,16059,246,22692,California
Lake,2021-04-20,691,38024,277,11454,414,25091,0,1479,91,6126,599,16658,92,22784,California
Lake,2021-04-21,533,38557,64,11518,469,25560,0,1479,199,5991,334,16992,199,22983,California
Lake,2021-04-22,467,39024,50,11568,417,25977,0,1479,318,6161,148,17140,318,23301,California
Lake,2021-04-23,115,39139,60,11628,55,26032,0,1479,69,6184,46,17186,69,23370,California
Lake,2021-04-24,53,39192,9,11637,44,26076,0,1479,39,6209,14,17200,39,23409,California
Lake,2021-04-25,36,39228,19,11656,17,26093,0,1479,24,6221,12,17212,24,23433,California
Lake,2021-04-26,289,39517,80,11736,208,26301,1,1480,85,6103,204,17416,86,23519,California
Lake,2021-04-27,244,39761,22,11758,204,26505,18,1498,81,6039,163,17579,99,23618,California
Lake,2021-04-28,508,40269,48,11806,445,26950,15,1513,89,5725,417,17996,103,23721,California
Lake,2021-04-29,213,40482,84,11890,113,27063,16,1529,113,5754,100,18096,129,23850,California
Lake,2021-04-30,289,40771,46,11936,212,27275,31,1560,149,5794,140,18236,180,24030,California
Lake,2021-05-01,47,40818,26,11962,19,27294,2,1562,32,5813,15,18251,34,24064,California
Lake,2021-05-02,18,40836,9,11971,8,27302,1,1563,9,5814,9,18260,10,24074,California
Lake,2021-05-03,411,41247,27,11998,349,27651,35,1598,64,5567,346,18606,99,24173,California
Lake,2021-05-04,404,41651,216,12214,140,27791,48,1646,124,5460,279,18885,172,24345,California
Lake,2021-05-05,630,42281,45,12259,573,28364,12,1658,87,5018,540,19425,98,24443,California
Lake,2021-05-06,142,42423,19,12278,94,28458,29,1687,73,5050,69,19494,101,24544,California
Lake,2021-05-07,166,42589,30,12308,116,28574,20,1707,102,5110,62,19556,122,24666,California
Lake,2021-05-08,43,42632,8,12316,35,28609,0,1707,36,5139,7,19563,36,24702,California
Lake,2021-05-09,17,42649,2,12318,10,28619,5,1712,10,5147,7,19570,15,24717,California
Lake,2021-05-10,244,42893,12,12330,205,28824,27,1739,59,5049,184,19754,86,24803,California
Lake,2021-05-11,193,43086,27,12357,151,28975,15,1754,117,5106,76,19830,133,24936,California
Lake,2021-05-12,541,43627,31,12388,490,29465,20,1774,55,4694,486,20316,74,25010,California
Lake,2021-05-13,301,43928,58,12446,230,29695,13,1787,65,4538,234,20550,78,25088,California
Lake,2021-05-14,264,44192,81,12527,164,29859,19,1806,161,4616,101,20651,179,25267,California
Lake,2021-05-15,45,44237,18,12545,24,29883,3,1809,27,4628,18,20669,30,25297,California
Lake,2021-05-16,32,44269,18,12563,13,29896,1,1810,17,4631,15,20684,18,25315,California
Lake,2021-05-17,315,44584,44,12607,256,30152,15,1825,84,4502,228,20912,99,25414,California
Lake,2021-05-18,303,44887,67,12674,217,30369,19,1844,175,4569,127,21039,194,25608,California
Lake,2021-05-19,302,45189,57,12731,230,30599,15,1859,78,4439,223,21262,93,25701,California
Lake,2021-05-20,227,45416,60,12791,156,30755,11,1870,90,4403,137,21399,101,25802,California
Lake,2021-05-21,251,45667,53,12844,175,30930,23,1893,98,4373,151,21550,121,25923,California
Lake,2021-05-22,87,45754,51,12895,34,30964,2,1895,45,4378,42,21592,47,25970,California
Lake,2021-05-23,51,45805,27,12922,23,30987,1,1896,27,4382,24,21616,28,25998,California
Lake,2021-05-24,151,45956,36,12958,102,31089,13,1909,69,4382,82,21698,82,26080,California
Lake,2021-05-25,194,46150,51,13009,129,31218,14,1923,69,4341,124,21822,83,26163,California
Lake,2021-05-26,150,46300,45,13054,93,31311,12,1935,53,4311,95,21917,65,26228,California
Lake,2021-05-27,159,46459,45,13099,100,31411,14,1949,63,4293,95,22012,77,26305,California
Lake,2021-05-28,180,46639,22,13121,128,31539,30,1979,45,4233,135,22147,75,26380,California
Lake,2021-05-29,40,46679,14,13135,21,31560,5,1984,17,4232,23,22170,22,26402,California
Lake,2021-05-30,21,46700,7,13142,12,31572,2,1986,11,4235,10,22180,13,26415,California
Lake,2021-05-31,6,46706,0,13142,5,31577,1,1987,0,4230,6,22186,1,26416,California
Lassen,2020-12-16,8,8,8,8,0,0,0,0,8,8,0,0,8,8,California
Lassen,2020-12-17,6,14,6,14,0,0,0,0,6,14,0,0,6,14,California
Lassen,2020-12-18,1,15,1,15,0,0,0,0,1,15,0,0,1,15,California
Lassen,2020-12-19,5,20,5,20,0,0,0,0,5,20,0,0,5,20,California
Lassen,2020-12-20,2,22,2,22,0,0,0,0,2,22,0,0,2,22,California
Lassen,2020-12-21,11,33,11,33,0,0,0,0,11,33,0,0,11,33,California
Lassen,2020-12-22,22,55,22,55,0,0,0,0,22,55,0,0,22,55,California
Lassen,2020-12-23,6,61,6,61,0,0,0,0,6,61,0,0,6,61,California
Lassen,2020-12-24,11,72,11,72,0,0,0,0,11,72,0,0,11,72,California
Lassen,2020-12-28,3,75,2,74,1,1,0,0,3,75,0,0,3,75,California
Lassen,2020-12-29,35,110,35,109,0,1,0,0,35,110,0,0,35,110,California
Lassen,2020-12-30,36,146,35,144,1,2,0,0,36,146,0,0,36,146,California
Lassen,2020-12-31,49,195,42,186,7,9,0,0,49,195,0,0,49,195,California
Lassen,2021-01-02,1,196,0,186,1,10,0,0,1,196,0,0,1,196,California
Lassen,2021-01-04,15,211,2,188,13,23,0,0,15,211,0,0,15,211,California
Lassen,2021-01-05,193,404,52,240,141,164,0,0,193,404,0,0,193,404,California
Lassen,2021-01-06,95,499,44,284,51,215,0,0,87,484,8,8,88,492,California
Lassen,2021-01-07,43,542,7,291,36,251,0,0,37,515,6,14,37,529,California
Lassen,2021-01-08,50,592,2,293,48,299,0,0,50,565,0,14,50,579,California
Lassen,2021-01-09,12,604,6,299,6,305,0,0,12,577,0,14,12,591,California
Lassen,2021-01-11,27,631,5,304,22,327,0,0,27,604,0,14,27,618,California
Lassen,2021-01-12,48,679,28,332,20,347,0,0,30,616,18,32,30,648,California
Lassen,2021-01-13,162,841,19,351,143,490,0,0,147,748,15,47,147,795,California
Lassen,2021-01-14,162,1003,18,369,144,634,0,0,150,886,12,59,150,945,California
Lassen,2021-01-15,32,1035,6,375,26,660,0,0,32,918,0,59,32,977,California
Lassen,2021-01-16,34,1069,33,408,1,661,0,0,34,952,0,59,34,1011,California
Lassen,2021-01-17,1,1070,0,408,1,662,0,0,1,953,0,59,1,1012,California
Lassen,2021-01-18,5,1075,2,410,3,665,0,0,4,956,1,60,4,1016,California
Lassen,2021-01-19,186,1261,36,446,150,815,0,0,158,1086,28,88,158,1174,California
Lassen,2021-01-20,188,1449,100,546,88,903,0,0,105,1123,68,156,105,1279,California
Lassen,2021-01-21,145,1594,93,639,52,955,0,0,121,1226,18,174,121,1400,California
Lassen,2021-01-22,31,1625,18,657,13,968,0,0,21,1237,10,184,21,1421,California
Lassen,2021-01-23,2,1627,0,657,2,970,0,0,2,1239,0,184,2,1423,California
Lassen,2021-01-24,1,1628,0,657,1,971,0,0,1,1240,0,184,1,1424,California
Lassen,2021-01-25,12,1640,1,658,11,982,0,0,11,1250,1,185,11,1435,California
Lassen,2021-01-26,126,1766,12,670,114,1096,0,0,122,1368,4,189,122,1557,California
Lassen,2021-01-27,87,1853,35,705,52,1148,0,0,69,1419,18,207,69,1626,California
Lassen,2021-01-28,85,1938,15,720,70,1218,0,0,84,1502,1,208,84,1710,California
Lassen,2021-01-29,23,1961,7,727,16,1234,0,0,22,1523,1,209,22,1732,California
Lassen,2021-02-01,61,2022,4,731,57,1291,0,0,36,1534,25,234,36,1768,California
Lassen,2021-02-02,177,2199,12,743,165,1456,0,0,44,1445,133,367,44,1812,California
Lassen,2021-02-03,96,2295,21,764,75,1531,0,0,50,1449,46,413,50,1862,California
Lassen,2021-02-04,112,2407,15,779,97,1628,0,0,63,1463,49,462,63,1925,California
Lassen,2021-02-05,66,2473,12,791,54,1682,0,0,24,1445,42,504,24,1949,California
Lassen,2021-02-06,69,2542,34,825,35,1717,0,0,36,1449,32,536,36,1985,California
Lassen,2021-02-07,1,2543,1,826,0,1717,0,0,1,1450,0,536,1,1986,California
Lassen,2021-02-08,44,2587,4,830,40,1757,0,0,18,1442,26,562,18,2004,California
Lassen,2021-02-09,128,2715,7,837,121,1878,0,0,49,1412,79,641,49,2053,California
Lassen,2021-02-10,182,2897,21,858,161,2039,0,0,74,1378,108,749,74,2127,California
Lassen,2021-02-11,183,3080,16,874,167,2206,0,0,80,1356,102,851,80,2207,California
Lassen,2021-02-12,42,3122,11,885,31,2237,0,0,15,1344,27,878,15,2222,California
Lassen,2021-02-13,11,3133,3,888,8,2245,0,0,9,1351,2,880,9,2231,California
Lassen,2021-02-14,13,3146,0,888,13,2258,0,0,12,1362,1,881,12,2243,California
Lassen,2021-02-15,22,3168,3,891,19,2277,0,0,17,1375,4,885,17,2260,California
Lassen,2021-02-16,192,3360,4,895,188,2465,0,0,30,1245,160,1045,30,2290,California
Lassen,2021-02-17,183,3543,94,989,89,2554,0,0,10,1082,173,1218,10,2300,California
Lassen,2021-02-18,79,3622,22,1011,57,2611,0,0,19,1041,60,1278,19,2319,California
Lassen,2021-02-19,80,3702,60,1071,20,2631,0,0,17,995,63,1341,17,2336,California
Lassen,2021-02-20,8,3710,0,1071,8,2639,0,0,6,999,2,1343,6,2342,California
Lassen,2021-02-21,22,3732,2,1073,20,2659,0,0,18,1013,4,1347,18,2360,California
Lassen,2021-02-22,24,3756,10,1083,14,2673,0,0,6,1001,18,1365,6,2366,California
Lassen,2021-02-23,155,3911,11,1094,144,2817,0,0,43,932,112,1477,43,2409,California
Lassen,2021-02-24,164,4075,16,1110,148,2965,0,0,106,981,57,1534,106,2515,California
Lassen,2021-02-25,158,4233,21,1131,137,3102,0,0,99,1021,59,1593,99,2614,California
Lassen,2021-02-26,73,4306,16,1147,57,3159,0,0,36,1020,37,1630,36,2650,California
Lassen,2021-02-27,8,4314,7,1154,1,3160,0,0,3,1018,5,1635,3,2653,California
Lassen,2021-02-28,5,4319,0,1154,5,3165,0,0,3,1019,2,1637,3,2656,California
Lassen,2021-03-01,42,4361,4,1158,38,3203,0,0,8,994,33,1670,8,2664,California
Lassen,2021-03-02,106,4467,7,1165,99,3302,0,0,80,1049,25,1695,80,2744,California
Lassen,2021-03-03,167,4634,12,1177,155,3457,0,0,110,1102,57,1752,110,2854,California
Lassen,2021-03-04,149,4783,17,1194,132,3589,0,0,98,1150,50,1802,98,2952,California
Lassen,2021-03-05,49,4832,7,1201,18,3607,24,24,11,1147,38,1840,35,2987,California
Lassen,2021-03-06,55,4887,4,1205,29,3636,22,46,5,1124,50,1890,27,3014,California
Lassen,2021-03-07,57,4944,2,1207,0,3636,55,101,2,1126,55,1945,57,3071,California
Lassen,2021-03-08,89,5033,2,1209,7,3643,80,181,3,1123,86,2031,83,3154,California
Lassen,2021-03-09,137,5170,11,1220,109,3752,17,198,89,1181,48,2079,106,3260,California
Lassen,2021-03-10,173,5343,10,1230,161,3913,2,200,79,1169,93,2172,81,3341,California
Lassen,2021-03-11,183,5526,15,1245,161,4074,7,207,111,1218,69,2241,118,3459,California
Lassen,2021-03-12,34,5560,17,1262,13,4087,4,211,12,1212,22,2263,16,3475,California
Lassen,2021-03-13,48,5608,0,1262,2,4089,46,257,1,1211,47,2310,46,3521,California
Lassen,2021-03-14,14,5622,2,1264,11,4100,1,258,2,1202,12,2322,3,3524,California
Lassen,2021-03-15,34,5656,3,1267,31,4131,0,258,16,1200,18,2340,16,3540,California
Lassen,2021-03-16,93,5749,2,1269,85,4216,6,264,74,1261,19,2359,80,3620,California
Lassen,2021-03-17,1083,6832,9,1278,1069,5285,5,269,1064,2311,19,2378,1069,4689,California
Lassen,2021-03-18,93,6925,9,1287,83,5368,1,270,80,2379,13,2391,81,4770,California
Lassen,2021-03-19,17,6942,11,1298,2,5370,4,274,7,2380,10,2401,11,4781,California
Lassen,2021-03-20,28,6970,3,1301,22,5392,3,277,21,2397,7,2408,24,4805,California
Lassen,2021-03-21,34,7004,0,1301,34,5426,0,277,14,2392,19,2427,14,4819,California
Lassen,2021-03-22,58,7062,1,1302,57,5483,0,277,55,2444,3,2430,55,4874,California
Lassen,2021-03-23,120,7182,11,1313,108,5591,1,278,67,2459,53,2483,68,4942,California
Lassen,2021-03-24,213,7395,13,1326,199,5790,1,279,107,2463,104,2587,108,5050,California
Lassen,2021-03-25,152,7547,21,1347,131,5921,0,279,69,2449,83,2670,69,5119,California
Lassen,2021-03-26,78,7625,13,1360,26,5947,39,318,19,2448,58,2728,57,5176,California
Lassen,2021-03-27,19,7644,3,1363,1,5948,15,333,2,2448,17,2745,17,5193,California
Lassen,2021-03-28,18,7662,3,1366,5,5953,10,343,3,2446,15,2760,13,5206,California
Lassen,2021-03-29,52,7714,0,1366,27,5980,25,368,20,2460,31,2791,45,5251,California
Lassen,2021-03-30,197,7911,10,1376,161,6141,26,394,52,2393,145,2936,78,5329,California
Lassen,2021-03-31,147,8058,12,1388,113,6254,22,416,62,2393,84,3020,84,5413,California
Lassen,2021-04-01,165,8223,15,1403,131,6385,19,435,48,2344,116,3136,67,5480,California
Lassen,2021-04-02,30,8253,4,1407,3,6388,23,458,2,2341,28,3164,25,5505,California
Lassen,2021-04-03,12,8265,0,1407,2,6390,10,468,0,2339,12,3176,10,5515,California
Lassen,2021-04-04,7,8272,2,1409,0,6390,5,473,1,2339,6,3182,6,5521,California
Lassen,2021-04-05,22,8294,4,1413,11,6401,7,480,11,2346,11,3193,18,5539,California
Lassen,2021-04-06,183,8477,9,1422,144,6545,30,510,52,2297,131,3324,82,5621,California
Lassen,2021-04-07,134,8611,6,1428,91,6636,37,547,32,2266,102,3426,71,5692,California
Lassen,2021-04-08,166,8777,8,1436,102,6738,56,603,31,2222,131,3557,87,5779,California
Lassen,2021-04-09,51,8828,6,1442,10,6748,35,638,8,2222,42,3599,42,5821,California
Lassen,2021-04-10,9,8837,0,1442,2,6750,7,645,0,2221,8,3607,7,5828,California
Lassen,2021-04-11,5,8842,2,1444,0,6750,3,648,2,2223,3,3610,5,5833,California
Lassen,2021-04-12,31,8873,3,1447,15,6765,13,661,3,2211,28,3638,16,5849,California
Lassen,2021-04-13,129,9002,6,1453,123,6888,0,661,40,2163,88,3726,40,5889,California
Lassen,2021-04-14,987,9989,16,1469,971,7859,0,661,50,1277,936,4662,50,5939,California
Lassen,2021-04-15,147,10136,14,1483,133,7992,0,661,19,1168,128,4790,19,5958,California
Lassen,2021-04-16,12,10148,4,1487,8,8000,0,661,5,1166,7,4797,5,5963,California
Lassen,2021-04-17,22,10170,2,1489,20,8020,0,661,4,1152,18,4815,4,5967,California
Lassen,2021-04-18,5,10175,2,1491,3,8023,0,661,2,1151,3,4818,2,5969,California
Lassen,2021-04-19,32,10207,0,1491,32,8055,0,661,16,1151,16,4834,16,5985,California
Lassen,2021-04-20,138,10345,7,1498,131,8186,0,661,52,1117,86,4920,52,6037,California
Lassen,2021-04-21,164,10509,10,1508,154,8340,0,661,32,1019,130,5050,32,6069,California
Lassen,2021-04-22,103,10612,17,1525,86,8426,0,661,33,982,70,5120,33,6102,California
Lassen,2021-04-23,26,10638,1,1526,25,8451,0,661,20,996,6,5126,20,6122,California
Lassen,2021-04-24,9,10647,5,1531,4,8455,0,661,3,993,6,5132,3,6125,California
Lassen,2021-04-25,5,10652,0,1531,4,8459,1,662,3,995,2,5134,4,6129,California
Lassen,2021-04-26,40,10692,0,1531,36,8495,4,666,7,973,33,5167,11,6140,California
Lassen,2021-04-27,123,10815,9,1540,111,8606,3,669,70,993,53,5220,73,6213,California
Lassen,2021-04-28,84,10899,8,1548,74,8680,2,671,31,973,53,5273,33,6246,California
Lassen,2021-04-29,65,10964,6,1554,56,8736,3,674,22,956,42,5315,25,6271,California
Lassen,2021-04-30,13,10977,8,1562,2,8738,3,677,4,954,9,5324,7,6278,California
Lassen,2021-05-01,4,10981,0,1562,3,8741,1,678,3,957,1,5325,4,6282,California
Lassen,2021-05-02,11,10992,7,1569,4,8745,0,678,7,960,4,5329,7,6289,California
Lassen,2021-05-03,18,11010,1,1570,10,8755,7,685,3,955,15,5344,10,6299,California
Lassen,2021-05-04,71,11081,4,1574,59,8814,8,693,20,932,51,5395,28,6327,California
Lassen,2021-05-05,81,11162,4,1578,67,8881,10,703,26,914,54,5449,36,6363,California
Lassen,2021-05-06,83,11245,21,1599,40,8921,22,725,24,901,59,5508,46,6409,California
Lassen,2021-05-07,47,11292,32,1631,10,8931,5,730,39,937,8,5516,44,6453,California
Lassen,2021-05-08,11,11303,0,1631,5,8936,6,736,4,940,7,5523,10,6463,California
Lassen,2021-05-09,3,11306,1,1632,0,8936,2,738,0,939,3,5526,2,6465,California
Lassen,2021-05-10,13,11319,1,1633,9,8945,3,741,7,943,6,5532,10,6475,California
Lassen,2021-05-11,70,11389,1,1634,60,9005,9,750,19,920,51,5583,28,6503,California
Lassen,2021-05-12,41,11430,4,1638,32,9037,5,755,12,908,29,5612,17,6520,California
Lassen,2021-05-13,37,11467,11,1649,21,9058,5,760,12,900,25,5637,17,6537,California
Lassen,2021-05-14,23,11490,5,1654,10,9068,8,768,12,909,11,5648,20,6557,California
Lassen,2021-05-15,16,11506,2,1656,4,9072,10,778,4,911,12,5660,14,6571,California
Lassen,2021-05-16,7,11513,2,1658,3,9075,2,780,2,911,4,5664,4,6575,California
Lassen,2021-05-17,35,11548,3,1661,20,9095,12,792,11,910,24,5688,23,6598,California
Lassen,2021-05-18,95,11643,12,1673,70,9165,13,805,31,890,64,5752,44,6642,California
Lassen,2021-05-19,64,11707,6,1679,47,9212,11,816,11,859,52,5804,21,6663,California
Lassen,2021-05-20,30,11737,5,1684,16,9228,9,825,9,856,21,5825,18,6681,California
Lassen,2021-05-21,65,11802,31,1715,21,9249,13,838,35,874,30,5855,48,6729,California
Lassen,2021-05-22,16,11818,1,1716,7,9256,8,846,6,878,10,5865,14,6743,California
Lassen,2021-05-23,7,11825,4,1720,2,9258,1,847,1,874,6,5871,2,6745,California
Lassen,2021-05-24,13,11838,1,1721,9,9267,3,850,6,877,6,5877,9,6754,California
Lassen,2021-05-25,98,11936,5,1726,86,9353,7,857,32,850,66,5943,39,6793,California
Lassen,2021-05-26,59,11995,2,1728,43,9396,14,871,12,829,47,5990,26,6819,California
Lassen,2021-05-27,42,12037,17,1745,17,9413,8,879,10,816,31,6021,18,6837,California
Lassen,2021-05-28,71,12108,44,1789,19,9432,8,887,30,813,41,6062,38,6875,California
Lassen,2021-05-29,15,12123,1,1790,12,9444,2,889,9,818,6,6068,11,6886,California
Lassen,2021-05-30,2,12125,1,1791,0,9444,1,890,0,817,2,6070,1,6887,California
Lassen,2021-05-31,7,12132,0,1791,6,9450,1,891,1,813,6,6076,2,6889,California
Los Angeles,2020-12-15,395,395,395,395,0,0,0,0,395,395,0,0,395,395,California
Los Angeles,2020-12-16,3586,3981,3586,3981,0,0,0,0,3586,3981,0,0,3586,3981,California
Los Angeles,2020-12-17,10290,14271,10290,14271,0,0,0,0,10291,14272,0,0,10291,14272,California
Los Angeles,2020-12-18,14557,28828,14534,28805,23,23,0,0,14557,28829,0,0,14557,28829,California
Los Angeles,2020-12-19,7234,36062,7225,36030,9,32,0,0,7235,36064,0,0,7235,36064,California
Los Angeles,2020-12-20,4604,40666,4596,40626,8,40,0,0,4606,40670,0,0,4606,40670,California
Los Angeles,2020-12-21,13731,54397,13714,54340,17,57,0,0,13731,54400,1,1,13731,54401,California
Los Angeles,2020-12-22,11550,65947,11160,65500,390,447,0,0,11551,65950,1,2,11551,65952,California
Los Angeles,2020-12-23,11972,77919,10202,75702,1770,2217,0,0,11972,77922,0,2,11972,77924,California
Los Angeles,2020-12-24,7040,84959,4267,79969,2773,4990,0,0,7042,84964,0,2,7042,84966,California
Los Angeles,2020-12-25,529,85488,422,80391,107,5097,0,0,529,85493,0,2,529,85495,California
Los Angeles,2020-12-26,2543,88031,2191,82582,352,5449,0,0,2542,88034,1,3,2542,88037,California
Los Angeles,2020-12-27,1773,89804,1036,83618,737,6186,0,0,1773,89807,0,3,1773,89810,California
Los Angeles,2020-12-28,10331,100135,6404,90022,3927,10113,0,0,10328,100134,1,4,10328,100138,California
Los Angeles,2020-12-29,11614,111749,6086,96108,5528,15641,0,0,11615,111749,0,4,11615,111753,California
Los Angeles,2020-12-30,14886,126635,8098,104206,6788,22429,0,0,14885,126634,0,4,14885,126638,California
Los Angeles,2020-12-31,7957,134592,2763,106969,5194,27623,0,0,7954,134586,2,6,7954,134592,California
Los Angeles,2021-01-01,1031,135623,287,107256,744,28367,0,0,1031,135617,0,6,1031,135623,California
Los Angeles,2021-01-02,4481,140104,1825,109081,2656,31023,0,0,4481,140098,0,6,4481,140104,California
Los Angeles,2021-01-03,957,141061,377,109458,580,31603,0,0,956,141053,1,7,956,141060,California
Los Angeles,2021-01-04,12734,153795,5014,114472,7720,39323,0,0,12719,153769,3,10,12719,153779,California
Los Angeles,2021-01-05,16085,169880,7407,121879,8678,48001,0,0,14172,166060,1885,1895,14176,167955,California
Los Angeles,2021-01-06,22720,192600,12241,134120,10479,58480,0,0,17087,177592,5564,7459,17096,185051,California
Los Angeles,2021-01-07,29417,222017,15947,150067,13470,71950,0,0,18863,185964,10506,17965,18878,203929,California
Los Angeles,2021-01-08,33187,255204,18021,168088,15166,87116,0,0,20918,194649,12243,30208,20928,224857,California
Los Angeles,2021-01-09,12396,267600,7159,175247,5237,92353,0,0,7511,197285,4882,35090,7518,232375,California
Los Angeles,2021-01-10,4696,272296,3731,178978,965,93318,0,0,1962,196514,2734,37824,1963,234338,California
Los Angeles,2021-01-11,25848,298144,16277,195255,9571,102889,0,0,14895,200477,10942,48766,14905,249243,California
Los Angeles,2021-01-12,29378,327522,16231,211486,13147,116036,0,0,19231,209591,10129,58895,19243,268486,California
Los Angeles,2021-01-13,29319,356841,15675,227161,13644,129680,0,0,20359,221013,8942,67837,20364,288850,California
Los Angeles,2021-01-14,29295,386136,12723,239884,16572,146252,0,0,23767,239283,5509,73346,23779,312629,California
Los Angeles,2021-01-15,33862,419998,12399,252283,21463,167715,0,0,30279,266013,3557,76903,30287,342916,California
Los Angeles,2021-01-16,17591,437589,4965,257248,12626,180341,0,0,15808,280051,1775,78678,15813,358729,California
Los Angeles,2021-01-17,5205,442794,2315,259563,2890,183231,0,0,4957,284763,247,78925,4959,363688,California
Los Angeles,2021-01-18,15646,458440,10103,269666,5543,188774,0,0,10919,290969,4715,83640,10921,374609,California
Los Angeles,2021-01-19,38644,497084,20623,290289,18021,206795,0,0,30829,314036,7774,91414,30841,405450,California
Los Angeles,2021-01-20,46305,543389,24193,314482,22112,228907,0,0,38816,345403,7459,98873,38826,444276,California
Los Angeles,2021-01-21,48809,592198,22455,336937,26354,255261,0,0,44524,385722,4220,103093,44539,488815,California
Los Angeles,2021-01-22,48161,640359,22351,359288,25810,281071,0,0,44721,427061,3394,106487,44733,533548,California
Los Angeles,2021-01-23,34087,674446,15728,375016,18359,299430,0,0,32027,457074,2027,108514,32040,565588,California
Los Angeles,2021-01-24,15744,690190,12216,387232,3528,302958,0,0,15195,471730,542,109056,15198,580786,California
Los Angeles,2021-01-25,39381,729571,16622,403854,22759,325717,0,0,30745,493885,8606,117662,30761,611547,California
Los Angeles,2021-01-26,49542,779113,24567,428421,24975,350692,0,0,41308,527013,8199,125861,41327,652874,California
Los Angeles,2021-01-27,50908,830021,25900,454321,25008,375700,0,0,41498,559265,9269,135130,41521,694395,California
Los Angeles,2021-01-28,48847,878868,23375,477696,25472,401172,0,0,40393,591342,8331,143461,40408,734803,California
Los Angeles,2021-01-29,49634,928502,25594,503290,24040,425212,0,0,39527,621131,9754,153215,39543,774346,California
Los Angeles,2021-01-30,30244,958746,15582,518872,14662,439874,0,0,25948,642866,4218,157433,25953,800299,California
Los Angeles,2021-01-31,12983,971729,10332,529204,2651,442525,0,0,12162,654225,807,158240,12166,812465,California
Los Angeles,2021-02-01,38681,1010410,16544,545748,22137,464662,0,0,28127,671844,10518,168758,28137,840602,California
Los Angeles,2021-02-02,44565,1054975,17927,563675,26638,491300,0,0,32371,692069,12153,180911,32378,872980,California
Los Angeles,2021-02-03,52208,1107183,19568,583243,32640,523940,0,0,37311,714735,14651,195562,37317,910297,California
Los Angeles,2021-02-04,57203,1164386,20672,603915,36531,560471,0,0,39132,736119,17762,213324,39146,949443,California
Los Angeles,2021-02-05,61392,1225778,21137,625052,40255,600726,0,0,39405,753967,21566,234890,39414,988857,California
Los Angeles,2021-02-06,35642,1261420,13398,638450,22244,622970,0,0,27176,772776,8389,243279,27198,1016055,California
Los Angeles,2021-02-07,10898,1272318,8465,646915,2433,625403,0,0,8501,778902,2382,245661,8508,1024563,California
Los Angeles,2021-02-08,46990,1319308,21727,668642,25263,650666,0,0,30752,793552,16104,261765,30754,1055317,California
Los Angeles,2021-02-09,56008,1375316,24757,693399,31251,681917,0,0,28527,794686,27400,289165,28534,1083851,California
Los Angeles,2021-02-10,66968,1442284,29389,722788,37579,719496,0,0,30716,789542,35870,325035,30726,1114577,California
Los Angeles,2021-02-11,58404,1500688,31224,754012,27180,746676,0,0,28230,788051,29725,354760,28234,1142811,California
Los Angeles,2021-02-12,59768,1560456,29890,783902,29878,776554,0,0,26093,780835,33326,388086,26110,1168921,California
Los Angeles,2021-02-13,33949,1594405,19758,803660,14191,790745,0,0,15540,778090,18323,406409,15578,1184499,California
Los Angeles,2021-02-14,21816,1616221,14892,818552,6924,797669,0,0,8765,773870,12988,419397,8768,1193267,California
Los Angeles,2021-02-15,32880,1649101,15967,834519,16913,814582,0,0,18060,777183,14753,434150,18066,1211333,California
Los Angeles,2021-02-16,64348,1713449,32679,867198,31669,846251,0,0,29918,772782,34332,468482,29931,1241264,California
Los Angeles,2021-02-17,64972,1778421,34610,901808,30362,876613,0,0,26530,761068,38250,506732,26536,1267800,California
Los Angeles,2021-02-18,68655,1847076,34861,936669,33794,910407,0,0,28665,749941,39803,546535,28676,1296476,California
Los Angeles,2021-02-19,58403,1905479,36069,972738,22334,932741,0,0,28627,748911,29673,576208,28643,1325119,California
Los Angeles,2021-02-20,32944,1938423,23979,996717,8965,941706,0,0,15875,747773,17021,593229,15883,1341002,California
Los Angeles,2021-02-21,22212,1960635,20546,1017263,1666,943372,0,0,11089,747816,11066,604295,11109,1352111,California
Los Angeles,2021-02-22,34616,1995251,25215,1042478,9401,952773,0,0,17878,749059,16657,620952,17900,1370011,California
Los Angeles,2021-02-23,54936,2050187,23719,1066197,31217,983990,0,0,21605,737468,33208,654160,21617,1391628,California
Los Angeles,2021-02-24,65064,2115251,28963,1095160,36101,1020091,0,0,28128,728857,36758,690918,28147,1419775,California
Los Angeles,2021-02-25,74203,2189454,33968,1129128,40235,1060326,0,0,38323,731481,35712,726630,38336,1458111,California
Los Angeles,2021-02-26,83756,2273210,38769,1167897,44987,1105313,0,0,47048,742084,36475,763105,47078,1505189,California
Los Angeles,2021-02-27,60289,2333499,26514,1194411,33771,1139084,4,4,30838,743663,29286,792391,30865,1536054,California
Los Angeles,2021-02-28,26890,2360389,18555,1212966,8332,1147416,3,7,18884,754656,7900,800291,18893,1554947,California
Los Angeles,2021-03-01,56911,2417300,32327,1245293,24558,1171974,26,33,34209,766381,22526,822817,34251,1589198,California
Los Angeles,2021-03-02,77612,2494912,37724,1283017,39885,1211859,3,36,48931,786783,28544,851361,48946,1638144,California
Los Angeles,2021-03-03,84583,2579495,43125,1326142,41444,1253303,14,50,53444,809304,30967,882328,53488,1691632,California
Los Angeles,2021-03-04,90672,2670167,46554,1372696,44106,1297409,12,62,57215,833278,33272,915600,57246,1748878,California
Los Angeles,2021-03-05,89962,2760129,44417,1417113,45515,1342924,30,92,60287,864154,29478,945078,60354,1809232,California
Los Angeles,2021-03-06,67299,2827428,34306,1451419,31174,1374098,1819,1911,43394,885611,23761,968839,45218,1854450,California
Los Angeles,2021-03-07,27204,2854632,20763,1472182,5626,1379724,815,2726,21059,901363,6116,974955,21868,1876318,California
Los Angeles,2021-03-08,52759,2907391,27910,1500092,22900,1402624,1949,4675,39886,930423,12771,987726,41831,1918149,California
Los Angeles,2021-03-09,81419,2988810,38682,1538774,39459,1442083,3278,7953,51872,956165,29397,1017123,55139,1973288,California
Los Angeles,2021-03-10,83063,3071873,40881,1579655,37301,1479384,4881,12834,52583,983278,30312,1047435,57425,2030713,California
Los Angeles,2021-03-11,92797,3164670,45307,1624962,40800,1520184,6690,19524,54353,1006019,38257,1085692,60998,2091711,California
Los Angeles,2021-03-12,98937,3263607,44553,1669515,40471,1560655,13913,33437,57685,1036565,41051,1126743,71597,2163308,California
Los Angeles,2021-03-13,75692,3339299,35784,1705299,27936,1588591,11972,45409,45228,1063423,30353,1157096,57211,2220519,California
Los Angeles,2021-03-14,39083,3378382,26289,1731588,10248,1598839,2546,47955,24000,1074936,15017,1172113,26530,2247049,California
Los Angeles,2021-03-15,74912,3453294,36511,1768099,32950,1631789,5451,53406,45390,1096407,29344,1201457,50815,2297864,California
Los Angeles,2021-03-16,99874,3553168,43668,1811767,50326,1682115,5880,59286,64693,1131953,34990,1236447,70536,2368400,California
Los Angeles,2021-03-17,97142,3650310,44018,1855785,44813,1726928,8311,67597,64997,1173186,31941,1268388,73174,2441574,California
Los Angeles,2021-03-18,101858,3752168,48711,1904496,47822,1774750,5325,72922,64652,1206227,36919,1305307,69960,2511534,California
Los Angeles,2021-03-19,109153,3861321,56930,1961426,47454,1822204,4769,77691,67309,1236677,41576,1346883,72026,2583560,California
Los Angeles,2021-03-20,76336,3937657,37717,1999143,34033,1856237,4586,82277,51815,1268723,24337,1371220,56383,2639943,California
Los Angeles,2021-03-21,34612,3972269,25748,2024891,7963,1864200,901,83178,22214,1279558,12278,1383498,23113,2663056,California
Los Angeles,2021-03-22,70780,4043049,41562,2066453,27066,1891266,2152,85330,49688,1310561,20833,1404331,51836,2714892,California
Los Angeles,2021-03-23,96344,4139393,52102,2118555,41014,1932280,3228,88558,58356,1334411,37722,1442053,61572,2776464,California
Los Angeles,2021-03-24,104859,4244252,55741,2174296,45971,1978251,3147,91705,60809,1354623,43731,1485784,63943,2840407,California
Los Angeles,2021-03-25,110555,4354807,59304,2233600,47364,2025615,3887,95592,62159,1372557,48097,1533881,66031,2906438,California
Los Angeles,2021-03-26,115196,4470003,63300,2296900,47720,2073335,4176,99768,63568,1388936,51342,1585223,67721,2974159,California
Los Angeles,2021-03-27,83524,4553527,44287,2341187,37105,2110440,2132,101900,42682,1393176,40580,1625803,44820,3018979,California
Los Angeles,2021-03-28,42163,4595690,28597,2369784,12981,2123421,585,102485,20051,1391832,21980,1647783,20636,3039615,California
Los Angeles,2021-03-29,82952,4678642,47128,2416912,34053,2157474,1771,104256,46076,1403017,36672,1684455,47857,3087472,California
Los Angeles,2021-03-30,108881,4787523,52012,2468924,50938,2208412,5931,110187,56918,1414116,51728,1736183,62827,3150299,California
Los Angeles,2021-03-31,122583,4910106,62077,2531001,51672,2260084,8834,119021,68596,1437830,53687,1789870,77401,3227700,California
Los Angeles,2021-04-01,133197,5043303,62530,2593531,55298,2315382,15369,134390,71865,1464017,61011,1850881,87198,3314898,California
Los Angeles,2021-04-02,132031,5175334,58788,2652319,57753,2373135,15490,149880,70274,1488381,61424,1912305,85788,3400686,California
Los Angeles,2021-04-03,98506,5273840,45109,2697428,39793,2412928,13604,163484,48473,1500547,49850,1962155,62016,3462702,California
Los Angeles,2021-04-04,39177,5313017,20509,2717937,12038,2424966,6630,170114,16361,1500763,22740,1984895,22956,3485658,California
Los Angeles,2021-04-05,93803,5406820,44426,2762363,39161,2464127,10216,180330,44529,1506411,49068,2033963,54716,3540374,California
Los Angeles,2021-04-06,120941,5527761,56957,2819320,43690,2507817,20294,200624,55403,1516753,65290,2099253,75632,3616006,California
Los Angeles,2021-04-07,120024,5647785,54612,2873932,44308,2552125,21104,221728,54272,1526610,65500,2164753,75357,3691363,California
Los Angeles,2021-04-08,132620,5780405,58488,2932420,50097,2602222,24035,245763,59908,1538123,72429,2237182,83942,3775305,California
Los Angeles,2021-04-09,131252,5911657,56868,2989288,50515,2652737,23869,269632,56216,1543508,74747,2311929,80132,3855437,California
Los Angeles,2021-04-10,101227,6012884,42930,3032218,34331,2687068,23966,293598,37003,1540488,63994,2375923,60974,3916411,California
Los Angeles,2021-04-11,41668,6054552,22518,3054736,9616,2696684,9534,303132,14109,1536603,27478,2403401,23593,3940004,California
Los Angeles,2021-04-12,78579,6133131,38439,3093175,33865,2730549,6275,309407,32118,1528680,46261,2449662,38338,3978342,California
Los Angeles,2021-04-13,117023,6250154,58915,3152090,57683,2788232,425,309832,61619,1535558,55173,2504835,62051,4040393,California
Los Angeles,2021-04-14,118643,6368797,59445,3211535,59067,2847299,131,309963,64285,1545872,54096,2558931,64410,4104803,California
Los Angeles,2021-04-15,129717,6498514,70194,3281729,59351,2906650,172,310135,74255,1564973,55191,2614122,74292,4179095,California
Los Angeles,2021-04-16,130058,6628572,68746,3350475,61170,2967820,142,310277,68423,1572112,61356,2675478,68495,4247590,California
Los Angeles,2021-04-17,98066,6726638,51287,3401762,46754,3014574,25,310302,55898,1586078,41956,2717434,55922,4303512,California
Los Angeles,2021-04-18,33850,6760488,22451,3424213,11398,3025972,1,310303,18451,1589212,15324,2732758,18458,4321970,California
Los Angeles,2021-04-19,74833,6835321,39601,3463814,35220,3061192,12,310315,33228,1581035,41426,2774184,33249,4355219,California
Los Angeles,2021-04-20,102852,6938173,50196,3514010,52634,3113826,22,310337,51094,1580634,51519,2825703,51118,4406337,California
Los Angeles,2021-04-21,109391,7047564,52656,3566666,56547,3170373,188,310525,48204,1568156,60870,2886573,48392,4454729,California
Los Angeles,2021-04-22,116213,7163777,59716,3626382,56464,3226837,33,310558,51242,1554767,64668,2951241,51279,4506008,California
Los Angeles,2021-04-23,114148,7277925,62567,3688949,51561,3278398,20,310578,54108,1549153,59741,3010982,54127,4560135,California
Los Angeles,2021-04-24,88473,7366398,57119,3746068,31328,3309726,26,310604,49161,1559260,39087,3050069,49194,4609329,California
Los Angeles,2021-04-25,37815,7404213,25140,3771208,12670,3322396,5,310609,20425,1562402,17288,3067357,20430,4629759,California
Los Angeles,2021-04-26,69420,7473633,37206,3808414,31765,3354161,449,311058,34123,1561871,35096,3102453,34565,4664324,California
Los Angeles,2021-04-27,86385,7560018,41833,3850247,42862,3397023,1690,312748,32949,1543327,53171,3155624,34627,4698951,California
Los Angeles,2021-04-28,84737,7644755,40910,3891157,41796,3438819,2031,314779,33046,1526998,51394,3207018,35065,4734016,California
Los Angeles,2021-04-29,91252,7736007,45445,3936602,43677,3482496,2130,316909,32330,1502901,58549,3265567,34452,4768468,California
Los Angeles,2021-04-30,98923,7834930,49161,3985763,47367,3529863,2395,319304,35678,1478112,62846,3328413,38057,4806525,California
Los Angeles,2021-05-01,75061,7909991,42164,4027927,31400,3561263,1497,320801,28247,1461323,46528,3374941,29739,4836264,California
Los Angeles,2021-05-02,27898,7937889,17899,4045826,9266,3570529,733,321534,10096,1454458,17691,3392632,10826,4847090,California
Los Angeles,2021-05-03,60412,7998301,29685,4075511,28570,3599099,2157,323691,21270,1438967,38904,3431536,23413,4870503,California
Los Angeles,2021-05-04,85137,8083438,46957,4122468,35964,3635063,2216,325907,25996,1408330,58830,3490366,28193,4898696,California
Los Angeles,2021-05-05,88029,8171467,51380,4173848,34319,3669382,2330,328237,23944,1370822,63770,3554136,26262,4924958,California
Los Angeles,2021-05-06,95807,8267274,57768,4231616,35552,3704934,2487,330724,22772,1323408,72655,3626791,25241,4950199,California
Los Angeles,2021-05-07,95058,8362332,56661,4288277,36072,3741006,2325,333049,25782,1282552,68942,3695733,28086,4978285,California
Los Angeles,2021-05-08,63429,8425761,41761,4330038,20058,3761064,1610,334659,17132,1255465,45819,3741552,18732,4997017,California
Los Angeles,2021-05-09,23705,8449466,17920,4347958,5054,3766118,731,335390,6062,1244820,17433,3758985,6788,5003805,California
Los Angeles,2021-05-10,48284,8497750,25363,4373321,21083,3787201,1838,337228,14466,1227597,33519,3792504,16296,5020101,California
Los Angeles,2021-05-11,66722,8564472,35785,4409106,28939,3816140,1998,339226,17002,1197099,49477,3841981,18979,5039080,California
Los Angeles,2021-05-12,66876,8631348,36047,4445153,28714,3844854,2115,341341,18776,1170155,47821,3889802,20877,5059957,California
Los Angeles,2021-05-13,69448,8700796,42016,4487169,25803,3870657,1629,342970,24393,1151537,44628,3934430,26010,5085967,California
Los Angeles,2021-05-14,86679,8787475,55230,4542399,29655,3900312,1794,344764,32725,1132405,53645,3988075,34513,5120480,California
Los Angeles,2021-05-15,73510,8860985,52011,4594410,20030,3920342,1469,346233,28503,1117614,44752,4032827,29961,5150441,California
Los Angeles,2021-05-16,30335,8891320,23997,4618407,5735,3926077,603,346836,12129,1112224,18118,4050945,12728,5163169,California
Los Angeles,2021-05-17,60976,8952296,39820,4658227,19434,3945511,1722,348558,26227,1105657,34531,4085476,27964,5191133,California
Los Angeles,2021-05-18,63635,9015931,38155,4696382,23712,3969223,1768,350326,26943,1097917,36419,4121895,28679,5219812,California
Los Angeles,2021-05-19,66675,9082606,40427,4736809,24440,3993663,1808,352134,29407,1092102,37012,4158907,31197,5251009,California
Los Angeles,2021-05-20,52728,9135334,29721,4766530,21193,4014856,1814,353948,20674,1082825,31761,4190668,22484,5273493,California
Los Angeles,2021-05-21,55297,9190631,34372,4800902,19133,4033989,1792,355740,23027,1075644,31997,4222665,24816,5298309,California
Los Angeles,2021-05-22,44208,9234839,29522,4830424,13220,4047209,1466,357206,19097,1071257,24942,4247607,20555,5318864,California
Los Angeles,2021-05-23,14452,9249291,11336,4841760,2458,4049667,658,357864,7449,1072419,6942,4254549,8104,5326968,California
Los Angeles,2021-05-24,47223,9296514,25924,4867684,19488,4069155,1811,359675,18886,1064970,28133,4282682,20684,5347652,California
Los Angeles,2021-05-25,48619,9345133,28234,4895918,18625,4087780,1760,361435,19864,1058059,28515,4311197,21604,5369256,California
Los Angeles,2021-05-26,45591,9390724,25663,4921581,18156,4105936,1772,363207,19699,1053926,25487,4336684,21354,5390610,California
Los Angeles,2021-05-27,43958,9434682,24652,4946233,17599,4123535,1707,364914,18758,1049405,24967,4361651,20446,5411056,California
Los Angeles,2021-05-28,49364,9484046,28048,4974281,19539,4143074,1777,366691,22233,1046533,26868,4388519,23996,5435052,California
Los Angeles,2021-05-29,28291,9512337,16727,4991008,10573,4153647,991,367682,13247,1045875,14884,4403403,14226,5449278,California
Los Angeles,2021-05-30,12162,9524499,8032,4999040,3438,4157085,692,368374,5804,1046057,6309,4409712,6491,5455769,California
Los Angeles,2021-05-31,2036,9526535,1190,5000230,603,4157688,243,368617,413,1045100,1608,4411320,651,5456420,California
Madera,2020-12-16,21,21,21,21,0,0,0,0,21,21,0,0,21,21,California
Madera,2020-12-17,13,34,13,34,0,0,0,0,13,34,0,0,13,34,California
Madera,2020-12-18,60,94,60,94,0,0,0,0,60,94,0,0,60,94,California
Madera,2020-12-19,5,99,5,99,0,0,0,0,5,99,0,0,5,99,California
Madera,2020-12-20,14,113,14,113,0,0,0,0,14,113,0,0,14,113,California
Madera,2020-12-21,59,172,59,172,0,0,0,0,59,172,0,0,59,172,California
Madera,2020-12-22,97,269,95,267,2,2,0,0,97,269,0,0,97,269,California
Madera,2020-12-23,68,337,68,335,0,2,0,0,68,337,0,0,68,337,California
Madera,2020-12-24,45,382,40,375,5,7,0,0,45,382,0,0,45,382,California
Madera,2020-12-26,28,410,26,401,2,9,0,0,28,410,0,0,28,410,California
Madera,2020-12-27,29,439,12,413,17,26,0,0,29,439,0,0,29,439,California
Madera,2020-12-28,106,545,36,449,70,96,0,0,106,545,0,0,106,545,California
Madera,2020-12-29,172,717,37,486,135,231,0,0,172,717,0,0,172,717,California
Madera,2020-12-30,221,938,87,573,134,365,0,0,221,938,0,0,221,938,California
Madera,2020-12-31,201,1139,80,653,121,486,0,0,201,1139,0,0,201,1139,California
Madera,2021-01-01,1,1140,1,654,0,486,0,0,1,1140,0,0,1,1140,California
Madera,2021-01-02,89,1229,33,687,56,542,0,0,89,1229,0,0,89,1229,California
Madera,2021-01-03,5,1234,5,692,0,542,0,0,5,1234,0,0,5,1234,California
Madera,2021-01-04,129,1363,65,757,64,606,0,0,129,1363,0,0,129,1363,California
Madera,2021-01-05,279,1642,143,900,136,742,0,0,275,1634,4,4,275,1638,California
Madera,2021-01-06,183,1825,26,926,157,899,0,0,164,1779,19,23,164,1802,California
Madera,2021-01-07,399,2224,116,1042,283,1182,0,0,376,2133,23,46,377,2179,California
Madera,2021-01-08,418,2642,72,1114,346,1528,0,0,363,2443,54,100,364,2543,California
Madera,2021-01-09,36,2678,14,1128,22,1550,0,0,27,2461,9,109,27,2570,California
Madera,2021-01-10,17,2695,14,1142,3,1553,0,0,5,2454,12,121,5,2575,California
Madera,2021-01-11,238,2933,190,1332,48,1601,0,0,197,2610,41,162,197,2772,California
Madera,2021-01-12,392,3325,159,1491,233,1834,0,0,287,2792,105,267,287,3059,California
Madera,2021-01-13,184,3509,92,1583,92,1926,0,0,127,2863,57,324,128,3187,California
Madera,2021-01-14,554,4063,81,1664,473,2399,0,0,520,3349,34,358,520,3707,California
Madera,2021-01-15,599,4662,160,1824,439,2838,0,0,578,3906,21,379,578,4285,California
Madera,2021-01-16,382,5044,48,1872,334,3172,0,0,354,4232,28,407,354,4639,California
Madera,2021-01-17,335,5379,15,1887,320,3492,0,0,331,4559,4,411,331,4970,California
Madera,2021-01-18,77,5456,60,1947,17,3509,0,0,58,4599,18,429,58,5028,California
Madera,2021-01-19,572,6028,136,2083,436,3945,0,0,544,5116,28,457,545,5573,California
Madera,2021-01-20,235,6263,80,2163,155,4100,0,0,207,5296,27,484,207,5780,California
Madera,2021-01-21,239,6502,131,2294,108,4208,0,0,206,5471,31,515,206,5986,California
Madera,2021-01-22,257,6759,83,2377,174,4382,0,0,242,5698,15,530,242,6228,California
Madera,2021-01-23,100,6859,52,2429,48,4430,0,0,76,5750,24,554,76,6304,California
Madera,2021-01-24,100,6959,82,2511,18,4448,0,0,78,5806,22,576,78,6382,California
Madera,2021-01-25,264,7223,126,2637,138,4586,0,0,145,5832,119,695,145,6527,California
Madera,2021-01-26,486,7709,189,2826,297,4883,0,0,295,5938,190,885,296,6823,California
Madera,2021-01-27,738,8447,63,2889,675,5558,0,0,601,6404,137,1022,603,7426,California
Madera,2021-01-28,545,8992,108,2997,437,5995,0,0,441,6741,104,1126,441,7867,California
Madera,2021-01-29,466,9458,94,3091,372,6367,0,0,411,7097,55,1181,411,8278,California
Madera,2021-01-30,505,9963,16,3107,489,6856,0,0,451,7494,54,1235,451,8729,California
Madera,2021-01-31,9,9972,6,3113,3,6859,0,0,8,7501,1,1236,8,8737,California
Madera,2021-02-01,332,10304,148,3261,184,7043,0,0,206,7581,126,1362,206,8943,California
Madera,2021-02-02,252,10556,88,3349,164,7207,0,0,161,7653,90,1452,162,9105,California
Madera,2021-02-03,595,11151,461,3810,134,7341,0,0,475,8011,118,1570,476,9581,California
Madera,2021-02-04,392,11543,124,3934,268,7609,0,0,114,7849,277,1847,115,9696,California
Madera,2021-02-05,976,12519,297,4231,679,8288,0,0,370,7620,600,2447,371,10067,California
Madera,2021-02-06,360,12879,326,4557,34,8322,0,0,320,7901,39,2486,320,10387,California
Madera,2021-02-07,34,12913,6,4563,28,8350,0,0,29,7925,5,2491,29,10416,California
Madera,2021-02-08,383,13296,307,4870,76,8426,0,0,269,8081,113,2604,269,10685,California
Madera,2021-02-09,479,13775,118,4988,361,8787,0,0,197,8000,279,2883,198,10883,California
Madera,2021-02-10,430,14205,149,5137,281,9068,0,0,325,8220,105,2988,325,11208,California
Madera,2021-02-11,939,15144,308,5445,631,9699,0,0,408,8099,530,3518,409,11617,California
Madera,2021-02-12,842,15986,120,5565,722,10421,0,0,311,7888,525,4043,314,11931,California
Madera,2021-02-13,484,16470,43,5608,441,10862,0,0,138,7684,345,4388,141,12072,California
Madera,2021-02-14,399,16869,75,5683,324,11186,0,0,135,7556,264,4652,136,12208,California
Madera,2021-02-15,246,17115,100,5783,146,11332,0,0,175,7661,70,4722,175,12383,California
Madera,2021-02-16,774,17889,183,5966,591,11923,0,0,228,7346,544,5266,229,12612,California
Madera,2021-02-17,610,18499,274,6240,336,12259,0,0,340,7423,265,5531,342,12954,California
Madera,2021-02-18,1300,19799,540,6780,760,13019,0,0,1121,8366,179,5710,1122,14076,California
Madera,2021-02-19,858,20657,543,7323,315,13334,0,0,716,8941,142,5852,717,14793,California
Madera,2021-02-20,1071,21728,979,8302,92,13426,0,0,998,9868,72,5924,999,15792,California
Madera,2021-02-21,962,22690,819,9121,143,13569,0,0,957,10820,5,5929,957,16749,California
Madera,2021-02-22,912,23602,834,9955,78,13647,0,0,856,11620,56,5985,856,17605,California
Madera,2021-02-23,774,24376,501,10456,273,13920,0,0,546,11941,225,6210,546,18151,California
Madera,2021-02-24,909,25285,299,10755,610,14530,0,0,379,11791,529,6739,379,18530,California
Madera,2021-02-25,1032,26317,317,11072,715,15245,0,0,599,11959,431,7170,599,19129,California
Madera,2021-02-26,1087,27404,197,11269,890,16135,0,0,710,12294,375,7545,710,19839,California
Madera,2021-02-27,893,28297,261,11530,632,16767,0,0,469,12345,421,7966,472,20311,California
Madera,2021-02-28,189,28486,29,11559,160,16927,0,0,184,12524,5,7971,184,20495,California
Madera,2021-03-01,378,28864,119,11678,259,17186,0,0,196,12540,180,8151,196,20691,California
Madera,2021-03-02,744,29608,351,12029,393,17579,0,0,631,13060,112,8263,632,21323,California
Madera,2021-03-03,1347,30955,720,12749,627,18206,0,0,943,13628,401,8664,969,22292,California
Madera,2021-03-04,1205,32160,527,13276,678,18884,0,0,954,14333,252,8916,957,23249,California
Madera,2021-03-05,1357,33517,421,13697,923,19807,13,13,1081,15164,274,9190,1105,24354,California
Madera,2021-03-06,814,34331,633,14330,149,19956,32,45,496,15376,317,9507,529,24883,California
Madera,2021-03-07,154,34485,28,14358,104,20060,22,67,104,15452,50,9557,126,25009,California
Madera,2021-03-08,600,35085,335,14693,206,20266,59,126,306,15525,294,9851,367,25376,California
Madera,2021-03-09,594,35679,296,14989,264,20530,34,160,407,15789,185,10036,449,25825,California
Madera,2021-03-10,1188,36867,560,15549,550,21080,78,238,758,16200,426,10462,837,26662,California
Madera,2021-03-11,1687,38554,865,16414,490,21570,332,570,768,16395,917,11379,1112,27774,California
Madera,2021-03-12,1572,40126,813,17227,604,22174,155,725,795,16597,775,12154,977,28751,California
Madera,2021-03-13,1877,42003,1330,18557,349,22523,198,923,810,16558,1063,13217,1024,29775,California
Madera,2021-03-14,584,42587,449,19006,103,22626,32,955,294,16598,287,13504,327,30102,California
Madera,2021-03-15,738,43325,222,19228,469,23095,47,1002,513,16961,222,13726,585,30687,California
Madera,2021-03-16,930,44255,525,19753,358,23453,47,1049,740,17578,187,13913,804,31491,California
Madera,2021-03-17,1463,45718,979,20732,421,23874,63,1112,909,18094,546,14459,1062,32553,California
Madera,2021-03-18,1945,47663,683,21415,1202,25076,60,1172,973,18244,967,15426,1117,33670,California
Madera,2021-03-19,1583,49246,589,22004,910,25986,84,1256,1041,18896,539,15965,1191,34861,California
Madera,2021-03-20,1181,50427,775,22779,355,26341,51,1307,619,19053,561,16526,718,35579,California
Madera,2021-03-21,1100,51527,898,23677,156,26497,46,1353,382,18767,715,17241,429,36008,California
Madera,2021-03-22,1361,52888,852,24529,441,26938,68,1421,686,18891,672,17913,796,36804,California
Madera,2021-03-23,1419,54307,862,25391,467,27405,90,1511,677,19000,740,18653,849,37653,California
Madera,2021-03-24,947,55254,508,25899,408,27813,31,1542,618,19327,326,18979,653,38306,California
Madera,2021-03-25,1167,56421,528,26427,615,28428,24,1566,645,19497,512,19491,682,38988,California
Madera,2021-03-26,1519,57940,579,27006,808,29236,132,1698,710,19537,805,20296,845,39833,California
Madera,2021-03-27,920,58860,600,27606,296,29532,24,1722,416,19478,500,20796,441,40274,California
Madera,2021-03-28,435,59295,152,27758,222,29754,61,1783,242,19642,192,20988,356,40630,California
Madera,2021-03-29,685,59980,179,27937,477,30231,29,1812,491,19976,190,21178,524,41154,California
Madera,2021-03-30,1072,61052,605,28542,435,30666,32,1844,480,19901,589,21767,514,41668,California
Madera,2021-03-31,1395,62447,544,29086,717,31383,134,1978,428,19504,961,22728,564,42232,California
Madera,2021-04-01,1352,63799,620,29706,681,32064,51,2029,474,19156,871,23599,523,42755,California
Madera,2021-04-02,1599,65398,459,30165,1082,33146,58,2087,475,18578,1113,24712,535,43290,California
Madera,2021-04-03,958,66356,761,30926,177,33323,20,2107,394,18439,562,25274,423,43713,California
Madera,2021-04-04,187,66543,65,30991,120,33443,2,2109,88,18430,99,25373,90,43803,California
Madera,2021-04-05,737,67280,255,31246,424,33867,58,2167,343,18452,393,25766,415,44218,California
Madera,2021-04-06,1706,68986,891,32137,464,34331,351,2518,533,18166,1172,26938,886,45104,California
Madera,2021-04-07,1211,70197,376,32513,685,35016,150,2668,419,17954,789,27727,577,45681,California
Madera,2021-04-08,1706,71903,661,33174,787,35803,258,2926,547,17613,1153,28880,812,46493,California
Madera,2021-04-09,1627,73530,684,33858,795,36598,148,3074,940,18023,682,29562,1092,47585,California
Madera,2021-04-10,957,74487,679,34537,210,36808,68,3142,705,18544,253,29815,774,48359,California
Madera,2021-04-11,800,75287,648,35185,74,36882,78,3220,282,18387,515,30330,358,48717,California
Madera,2021-04-12,781,76068,268,35453,436,37318,77,3297,302,18288,479,30809,380,49097,California
Madera,2021-04-13,1234,77302,607,36060,586,37904,41,3338,717,18541,515,31324,768,49865,California
Madera,2021-04-14,1380,78682,854,36914,526,38430,0,3338,568,18303,812,32136,574,50439,California
Madera,2021-04-15,1154,79836,500,37414,653,39083,1,3339,419,18001,723,32859,421,50860,California
Madera,2021-04-16,1307,81143,535,37949,772,39855,0,3339,365,17437,930,33789,366,51226,California
Madera,2021-04-17,1268,82411,1070,39019,198,40053,0,3339,757,17683,511,34300,757,51983,California
Madera,2021-04-18,245,82656,207,39226,38,40091,0,3339,88,17616,155,34455,88,52071,California
Madera,2021-04-19,804,83460,236,39462,567,40658,1,3340,277,17372,521,34976,277,52348,California
Madera,2021-04-20,871,84331,427,39889,444,41102,0,3340,215,16936,653,35629,217,52565,California
Madera,2021-04-21,857,85188,452,40341,405,41507,0,3340,289,16659,568,36197,291,52856,California
Madera,2021-04-22,1059,86247,510,40851,549,42056,0,3340,372,16349,683,36880,373,53229,California
Madera,2021-04-23,960,87207,306,41157,654,42710,0,3340,334,16062,621,37501,334,53563,California
Madera,2021-04-24,705,87912,463,41620,242,42952,0,3340,246,15854,455,37956,247,53810,California
Madera,2021-04-25,265,88177,161,41781,101,43053,3,3343,118,15833,143,38099,122,53932,California
Madera,2021-04-26,519,88696,97,41878,416,43469,6,3349,112,15547,404,38503,118,54050,California
Madera,2021-04-27,567,89263,265,42143,280,43749,22,3371,299,15602,267,38770,322,54372,California
Madera,2021-04-28,490,89753,196,42339,275,44024,19,3390,241,15614,247,39017,259,54631,California
Madera,2021-04-29,538,90291,241,42580,270,44294,27,3417,251,15612,280,39297,278,54909,California
Madera,2021-04-30,924,91215,501,43081,407,44701,16,3433,259,15228,659,39956,275,55184,California
Madera,2021-05-01,959,92174,865,43946,81,44782,13,3446,384,15052,573,40529,397,55581,California
Madera,2021-05-02,400,92574,351,44297,45,44827,4,3450,148,14952,252,40781,152,55733,California
Madera,2021-05-03,503,93077,201,44498,262,45089,40,3490,101,14694,399,41180,141,55874,California
Madera,2021-05-04,882,93959,433,44931,409,45498,40,3530,211,14274,671,41851,251,56125,California
Madera,2021-05-05,995,94954,474,45405,462,45960,59,3589,274,13888,719,42570,333,56458,California
Madera,2021-05-06,696,95650,248,45653,417,46377,31,3620,154,13536,537,43107,185,56643,California
Madera,2021-05-07,806,96456,279,45932,506,46883,21,3641,194,13143,607,43714,214,56857,California
Madera,2021-05-08,969,97425,756,46688,202,47085,11,3652,186,12558,782,44496,197,57054,California
Madera,2021-05-09,145,97570,19,46707,115,47200,11,3663,34,12493,110,44606,45,57099,California
Madera,2021-05-10,343,97913,73,46780,258,47458,12,3675,99,12361,243,44849,111,57210,California
Madera,2021-05-11,525,98438,174,46954,343,47801,8,3683,172,12190,351,45200,180,57390,California
Madera,2021-05-12,491,98929,222,47176,233,48034,36,3719,119,11975,370,45570,155,57545,California
Madera,2021-05-13,477,99406,287,47463,158,48192,32,3751,155,11842,320,45890,187,57732,California
Madera,2021-05-14,523,99929,261,47724,239,48431,23,3774,230,11805,290,46180,253,57985,California
Madera,2021-05-15,560,100489,475,48199,77,48508,8,3782,363,11981,195,46375,371,58356,California
Madera,2021-05-16,255,100744,186,48385,37,48545,32,3814,103,11964,152,46527,135,58491,California
Madera,2021-05-17,451,101195,186,48571,236,48781,29,3843,206,11958,242,46769,236,58727,California
Madera,2021-05-18,543,101738,364,48935,158,48939,21,3864,287,12014,252,47021,308,59035,California
Madera,2021-05-19,482,102220,223,49158,237,49176,22,3886,215,11985,266,47287,237,59272,California
Madera,2021-05-20,541,102761,241,49399,262,49438,38,3924,204,11896,331,47618,242,59514,California
Madera,2021-05-21,451,103212,166,49565,260,49698,25,3949,165,11805,281,47899,190,59704,California
Madera,2021-05-22,852,104064,777,50342,61,49759,14,3963,499,11966,352,48251,513,60217,California
Madera,2021-05-23,242,104306,227,50569,6,49765,9,3972,128,11990,113,48364,137,60354,California
Madera,2021-05-24,292,104598,140,50709,113,49878,39,4011,125,11987,167,48531,164,60518,California
Madera,2021-05-25,370,104968,167,50876,176,50054,27,4038,149,11946,217,48748,176,60694,California
Madera,2021-05-26,424,105392,257,51133,145,50199,22,4060,234,12013,189,48937,256,60950,California
Madera,2021-05-27,342,105734,131,51264,178,50377,33,4093,120,11947,219,49156,153,61103,California
Madera,2021-05-28,428,106162,168,51432,231,50608,29,4122,170,11890,256,49412,199,61302,California
Madera,2021-05-29,290,106452,216,51648,58,50666,16,4138,162,11940,128,49540,178,61480,California
Madera,2021-05-30,57,106509,25,51673,28,50694,4,4142,26,11940,30,49570,30,61510,California
Madera,2021-05-31,12,106521,0,51673,12,50706,0,4142,5,11938,7,49577,5,61515,California
Marin,2020-12-15,2,2,2,2,0,0,0,0,2,2,0,0,2,2,California
Marin,2020-12-16,109,111,109,111,0,0,0,0,109,111,0,0,109,111,California
Marin,2020-12-17,262,373,262,373,0,0,0,0,262,373,0,0,262,373,California
Marin,2020-12-18,376,749,376,749,0,0,0,0,376,749,0,0,376,749,California
Marin,2020-12-19,349,1098,348,1097,1,1,0,0,349,1098,0,0,349,1098,California
Marin,2020-12-20,166,1264,165,1262,1,2,0,0,166,1264,0,0,166,1264,California
Marin,2020-12-21,238,1502,235,1497,3,5,0,0,238,1502,0,0,238,1502,California
Marin,2020-12-22,523,2025,319,1816,204,209,0,0,523,2025,0,0,523,2025,California
Marin,2020-12-23,735,2760,321,2137,414,623,0,0,735,2760,0,0,735,2760,California
Marin,2020-12-24,357,3117,159,2296,198,821,0,0,357,3117,0,0,357,3117,California
Marin,2020-12-25,27,3144,0,2296,27,848,0,0,27,3144,0,0,27,3144,California
Marin,2020-12-26,144,3288,94,2390,50,898,0,0,144,3288,0,0,144,3288,California
Marin,2020-12-27,92,3380,55,2445,37,935,0,0,92,3380,0,0,92,3380,California
Marin,2020-12-28,408,3788,99,2544,309,1244,0,0,408,3788,0,0,408,3788,California
Marin,2020-12-29,403,4191,88,2632,315,1559,0,0,403,4191,0,0,403,4191,California
Marin,2020-12-30,626,4817,389,3021,237,1796,0,0,626,4817,0,0,626,4817,California
Marin,2020-12-31,198,5015,34,3055,164,1960,0,0,198,5015,0,0,198,5015,California
Marin,2021-01-01,20,5035,9,3064,11,1971,0,0,20,5035,0,0,20,5035,California
Marin,2021-01-02,113,5148,107,3171,6,1977,0,0,113,5148,0,0,113,5148,California
Marin,2021-01-03,49,5197,31,3202,18,1995,0,0,46,5194,0,0,46,5194,California
Marin,2021-01-04,295,5492,192,3394,103,2098,0,0,294,5487,1,1,294,5488,California
Marin,2021-01-05,369,5861,222,3616,147,2245,0,0,326,5770,43,44,326,5814,California
Marin,2021-01-06,818,6679,318,3934,500,2745,0,0,638,6228,180,224,638,6452,California
Marin,2021-01-07,887,7566,500,4434,387,3132,0,0,542,6425,345,569,542,6994,California
Marin,2021-01-08,971,8537,516,4950,455,3587,0,0,593,6641,377,946,593,7587,California
Marin,2021-01-09,620,9157,223,5173,397,3984,0,0,488,6997,132,1078,488,8075,California
Marin,2021-01-10,128,9285,99,5272,29,4013,0,0,55,6979,73,1151,55,8130,California
Marin,2021-01-11,469,9754,327,5599,142,4155,0,0,248,7008,221,1372,250,8380,California
Marin,2021-01-12,938,10692,543,6142,395,4550,0,0,570,7213,365,1737,570,8950,California
Marin,2021-01-13,1177,11869,497,6639,680,5230,0,0,939,7914,238,1975,939,9889,California
Marin,2021-01-14,1071,12940,318,6957,753,5983,0,0,921,8687,148,2123,921,10810,California
Marin,2021-01-15,1156,14096,353,7310,803,6786,0,0,1026,9585,129,2252,1027,11837,California
Marin,2021-01-16,1123,15219,914,8224,209,6995,0,0,1049,10560,74,2326,1049,12886,California
Marin,2021-01-17,1231,16450,1113,9337,118,7113,0,0,1202,11737,28,2354,1205,14091,California
Marin,2021-01-18,360,16810,158,9495,202,7315,0,0,309,11995,51,2405,309,14400,California
Marin,2021-01-19,1156,17966,913,10408,243,7558,0,0,983,12806,172,2577,983,15383,California
Marin,2021-01-20,1794,19760,1210,11618,584,8142,0,0,1064,13151,719,3296,1064,16447,California
Marin,2021-01-21,1683,21443,1061,12679,622,8764,0,0,1329,14131,351,3647,1331,17778,California
Marin,2021-01-22,1703,23146,1091,13770,612,9376,0,0,1531,15491,172,3819,1532,19310,California
Marin,2021-01-23,1847,24993,1344,15114,503,9879,0,0,1758,17161,88,3907,1758,21068,California
Marin,2021-01-24,614,25607,165,15279,449,10328,0,0,582,17711,32,3939,582,21650,California
Marin,2021-01-25,1134,26741,232,15511,902,11230,0,0,696,17970,438,4377,697,22347,California
Marin,2021-01-26,1508,28249,784,16295,724,11954,0,0,1132,18727,375,4752,1132,23479,California
Marin,2021-01-27,1716,29965,888,17183,828,12782,0,0,1356,19726,358,5110,1357,24836,California
Marin,2021-01-28,2085,32050,1071,18254,1014,13796,0,0,1821,21285,263,5373,1822,26658,California
Marin,2021-01-29,2193,34243,1445,19699,748,14544,0,0,1989,23083,192,5565,1990,28648,California
Marin,2021-01-30,1721,35964,906,20605,815,15359,0,0,1642,24647,79,5644,1643,30291,California
Marin,2021-01-31,458,36422,321,20926,137,15496,0,0,432,25053,26,5670,432,30723,California
Marin,2021-02-01,1092,37514,418,21344,674,16170,0,0,894,25751,197,5867,895,31618,California
Marin,2021-02-02,1378,38892,487,21831,891,17061,0,0,723,25830,644,6511,723,32341,California
Marin,2021-02-03,1774,40666,421,22252,1353,18414,0,0,1272,26601,501,7012,1272,33613,California
Marin,2021-02-04,1524,42190,498,22750,1026,19440,0,0,922,26924,599,7611,922,34535,California
Marin,2021-02-05,2172,44362,679,23429,1493,20933,0,0,1336,27428,832,8443,1336,35871,California
Marin,2021-02-06,1430,45792,851,24280,579,21512,0,0,608,27215,821,9264,608,36479,California
Marin,2021-02-07,1291,47083,1009,25289,282,21794,0,0,489,26903,801,10065,489,36968,California
Marin,2021-02-08,1521,48604,751,26040,770,22564,0,0,723,26830,796,10861,723,37691,California
Marin,2021-02-09,1779,50383,1121,27161,658,23222,0,0,833,26717,946,11807,833,38524,California
Marin,2021-02-10,2337,52720,1489,28650,848,24070,0,0,1214,26811,1121,12928,1215,39739,California
Marin,2021-02-11,2866,55586,1640,30290,1226,25296,0,0,1448,26849,1413,14341,1451,41190,California
Marin,2021-02-12,3065,58651,1540,31830,1525,26821,0,0,1560,26908,1502,15843,1561,42751,California
Marin,2021-02-13,2342,60993,1244,33074,1098,27919,0,0,1132,26832,1208,17051,1132,43883,California
Marin,2021-02-14,814,61807,302,33376,512,28431,0,0,721,27461,93,17144,722,44605,California
Marin,2021-02-15,1214,63021,355,33731,859,29290,0,0,834,27917,379,17523,835,45440,California
Marin,2021-02-16,2470,65491,1058,34789,1412,30702,0,0,1507,28462,962,18485,1507,46947,California
Marin,2021-02-17,2108,67599,947,35736,1161,31863,0,0,1090,28537,1016,19501,1091,48038,California
Marin,2021-02-18,2418,70017,1584,37320,834,32697,0,0,1058,28237,1358,20859,1058,49096,California
Marin,2021-02-19,2765,72782,2159,39479,606,33303,0,0,1221,27928,1531,22390,1222,50318,California
Marin,2021-02-20,2565,75347,2111,41590,454,33757,0,0,1216,27804,1341,23731,1217,51535,California
Marin,2021-02-21,1309,76656,1115,42705,194,33951,0,0,930,28359,375,24106,930,52465,California
Marin,2021-02-22,1834,78490,1412,44117,422,34373,0,0,1219,28966,613,24719,1220,53685,California
Marin,2021-02-23,2862,81352,1640,45757,1222,35595,0,0,1928,29973,922,25641,1929,55614,California
Marin,2021-02-24,3514,84866,1615,47372,1899,37494,0,0,2253,30973,1254,26895,2254,57868,California
Marin,2021-02-25,3941,88807,1814,49186,2127,39621,0,0,2779,32598,1155,28050,2780,60648,California
Marin,2021-02-26,3495,92302,1892,51078,1603,41224,0,0,2537,34190,946,28996,2538,63186,California
Marin,2021-02-27,2627,94929,1510,52588,1117,42341,0,0,1788,35144,836,29832,1790,64976,California
Marin,2021-02-28,1377,96306,916,53504,461,42802,0,0,1042,35854,332,30164,1042,66018,California
Marin,2021-03-01,2511,98817,1558,55062,952,43754,1,1,1688,36727,816,30980,1689,67707,California
Marin,2021-03-02,2524,101341,1682,56744,841,44595,1,2,1753,37714,767,31747,1754,69461,California
Marin,2021-03-03,4342,105683,2414,59158,1924,46519,4,6,2812,39006,1524,33271,2816,72277,California
Marin,2021-03-04,3389,109072,1665,60823,1723,48242,1,7,2369,40366,1013,34284,2373,74650,California
Marin,2021-03-05,3078,112150,1177,62000,1889,50131,12,19,1804,40913,1269,35553,1816,76466,California
Marin,2021-03-06,3254,115404,2337,64337,839,50970,78,97,2678,43097,571,36124,2755,79221,California
Marin,2021-03-07,1389,116793,1169,65506,196,51166,24,121,998,43733,386,36510,1022,80243,California
Marin,2021-03-08,1897,118690,1392,66898,388,51554,117,238,1426,44808,468,36978,1543,81786,California
Marin,2021-03-09,2226,120916,1343,68241,774,52328,109,347,1549,45790,675,37653,1657,83443,California
Marin,2021-03-10,4461,125377,2505,70746,1662,53990,294,641,3214,48058,1242,38895,3510,86953,California
Marin,2021-03-11,4581,129958,1882,72628,2563,56553,136,777,3284,50188,1290,40185,3420,90373,California
Marin,2021-03-12,3989,133947,1546,74174,2087,58640,356,1133,1575,49716,2403,42588,1931,92304,California
Marin,2021-03-13,4117,138064,2874,77048,1171,59811,72,1205,2439,50547,1676,44264,2507,94811,California
Marin,2021-03-14,2283,140347,1104,78152,1061,60872,118,1323,710,49803,1571,45835,827,95638,California
Marin,2021-03-15,3244,143591,1777,79929,1418,62290,49,1372,1229,49076,2004,47839,1277,96915,California
Marin,2021-03-16,4308,147899,2321,82250,1623,63913,364,1736,1499,48131,2806,50645,1861,98776,California
Marin,2021-03-17,4193,152092,2278,84528,1868,65781,47,1783,2060,48116,2121,52766,2106,100882,California
Marin,2021-03-18,4496,156588,2270,86798,2151,67932,75,1858,2251,48210,2229,54995,2323,103205,California
Marin,2021-03-19,4481,161069,2298,89096,1964,69896,219,2077,2433,48821,2038,57033,2649,105854,California
Marin,2021-03-20,3593,164662,1994,91090,1485,71381,114,2191,2032,49416,1552,58585,2147,108001,California
Marin,2021-03-21,1546,166208,1141,92231,381,71762,24,2215,805,49506,739,59324,829,108830,California
Marin,2021-03-22,2484,168692,2146,94377,171,71933,167,2382,995,49183,1485,60809,1162,109992,California
Marin,2021-03-23,4249,172941,2204,96581,1915,73848,130,2512,1874,48818,2369,63178,2004,111996,California
Marin,2021-03-24,4447,177388,2906,99487,1436,75284,105,2617,1814,48115,2620,65798,1917,113913,California
Marin,2021-03-25,4649,182037,2842,102329,1739,77023,68,2685,2258,48062,2377,68175,2324,116237,California
Marin,2021-03-26,4308,186345,2345,104674,1749,78772,214,2899,2413,48810,1879,70054,2627,118864,California
Marin,2021-03-27,3720,190065,2673,107347,1028,79800,19,2918,1139,47396,2571,72625,1157,120021,California
Marin,2021-03-28,2386,192451,1726,109073,654,80454,6,2924,1088,47199,1291,73916,1094,121115,California
Marin,2021-03-29,2695,195146,2099,111172,571,81025,25,2949,1164,46861,1528,75444,1190,122305,California
Marin,2021-03-30,4675,199821,3656,114828,985,82010,34,2983,2956,48135,1716,77160,2990,125295,California
Marin,2021-03-31,5832,205653,4132,118960,1651,83661,49,3032,2550,47463,3271,80431,2599,127894,California
Marin,2021-04-01,4445,210098,2283,121243,1906,85567,256,3288,2112,47509,2321,82752,2367,130261,California
Marin,2021-04-02,3743,213841,1862,123105,1510,87077,371,3659,2003,48144,1732,84484,2367,132628,California
Marin,2021-04-03,3901,217742,2551,125656,972,88049,378,4037,1479,47595,2408,86892,1859,134487,California
Marin,2021-04-04,1651,219393,1241,126897,207,88256,203,4240,1201,48551,448,87340,1404,135891,California
Marin,2021-04-05,2208,221601,1528,128425,304,88560,376,4616,1262,49247,940,88280,1636,137527,California
Marin,2021-04-06,3976,225577,2118,130543,1306,89866,552,5168,2211,50250,1760,90040,2763,140290,California
Marin,2021-04-07,3963,229540,2003,132546,1319,91185,641,5809,1456,49856,2499,92539,2105,142395,California
Marin,2021-04-08,5032,234572,1966,134512,2458,93643,608,6417,2294,50029,2729,95268,2902,145297,California
Marin,2021-04-09,3993,238565,1556,136068,1706,95349,731,7148,1316,49407,2672,97940,2050,147347,California
Marin,2021-04-10,3210,241775,1474,137542,1302,96651,434,7582,1442,49527,1753,99693,1873,149220,California
Marin,2021-04-11,1057,242832,803,138345,92,96743,162,7744,470,49573,585,100278,631,149851,California
Marin,2021-04-12,1735,244567,1235,139580,340,97083,160,7904,915,49833,816,101094,1076,150927,California
Marin,2021-04-13,3714,248281,2275,141855,1432,98515,7,7911,1349,48835,2354,103448,1356,152283,California
Marin,2021-04-14,4156,252437,2478,144333,1675,100190,3,7914,1707,48104,2439,105887,1708,153991,California
Marin,2021-04-15,5568,258005,3945,148278,1623,101813,0,7914,3191,48931,2365,108252,3192,157183,California
Marin,2021-04-16,4250,262255,2236,150514,2011,103824,3,7917,2067,48833,2169,110421,2071,159254,California
Marin,2021-04-17,3528,265783,2154,152668,1374,105198,0,7917,1760,48830,1763,112184,1760,161014,California
Marin,2021-04-18,3172,268955,3070,155738,102,105300,0,7917,2537,50735,632,112816,2537,163551,California
Marin,2021-04-19,2043,270998,1871,157609,172,105472,0,7917,1160,51019,878,113694,1162,164713,California
Marin,2021-04-20,3691,274689,2550,160159,1141,106613,0,7917,1467,50270,2217,115911,1468,166181,California
Marin,2021-04-21,4007,278696,2943,163102,1061,107674,3,7920,1355,48990,2636,118547,1356,167537,California
Marin,2021-04-22,4224,282920,3223,166325,1001,108675,0,7920,1492,47761,2724,121271,1495,169032,California
Marin,2021-04-23,3223,286143,1818,168143,1405,110080,0,7920,1226,46998,1990,123261,1227,170259,California
Marin,2021-04-24,2518,288661,1683,169826,834,110914,1,7921,918,46323,1594,124855,919,171178,California
Marin,2021-04-25,1383,290044,1265,171091,118,111032,0,7921,306,45559,1070,125925,306,171484,California
Marin,2021-04-26,1549,291593,1352,172443,194,111226,3,7924,353,44723,1193,127118,357,171841,California
Marin,2021-04-27,2979,294572,2177,174620,764,111990,38,7962,968,43723,2002,129120,1002,172843,California
Marin,2021-04-28,2300,296872,1586,176206,664,112654,50,8012,722,42919,1574,130694,770,173613,California
Marin,2021-04-29,2880,299752,1973,178179,845,113499,62,8074,789,41688,2082,132776,851,174464,California
Marin,2021-04-30,1955,301707,1278,179457,589,114088,88,8162,700,41229,1247,134023,788,175252,California
Marin,2021-05-01,1821,303528,1012,180469,786,114874,23,8185,531,40500,1282,135305,553,175805,California
Marin,2021-05-02,723,304251,586,181055,108,114982,29,8214,200,40209,519,135824,228,176033,California
Marin,2021-05-03,1211,305462,988,182043,167,115149,56,8270,261,39577,948,136772,316,176349,California
Marin,2021-05-04,2920,308382,1965,184008,865,116014,90,8360,470,37695,2442,139214,560,176909,California
Marin,2021-05-05,2720,311102,1996,186004,602,116616,122,8482,442,35987,2272,141486,564,177473,California
Marin,2021-05-06,3259,314361,2532,188536,638,117254,89,8571,426,33675,2825,144311,513,177986,California
Marin,2021-05-07,2033,316394,1546,190082,401,117655,86,8657,381,32494,1645,145956,464,178450,California
Marin,2021-05-08,2468,318862,1862,191944,484,118139,122,8779,340,30836,2120,148076,462,178912,California
Marin,2021-05-09,985,319847,900,192844,65,118204,20,8799,118,30112,863,148939,139,179051,California
Marin,2021-05-10,1405,321252,1150,193994,185,118389,70,8869,200,29180,1201,150140,269,179320,California
Marin,2021-05-11,2285,323537,1833,195827,399,118788,53,8922,295,27539,1988,152128,347,179667,California
Marin,2021-05-12,1393,324930,1029,196856,297,119085,67,8989,273,26762,1116,153244,339,180006,California
Marin,2021-05-13,2502,327432,2166,199022,280,119365,56,9045,1342,27006,1153,154397,1397,181403,California
Marin,2021-05-14,2202,329634,1453,200475,649,120014,100,9145,883,26676,1313,155710,983,182386,California
Marin,2021-05-15,2712,332346,2246,202721,386,120400,80,9225,1641,27327,1070,156780,1721,184107,California
Marin,2021-05-16,1645,333991,1590,204311,50,120450,5,9230,1329,28347,313,157093,1333,185440,California
Marin,2021-05-17,2129,336120,1981,206292,105,120555,43,9273,1717,29702,405,157498,1760,187200,California
Marin,2021-05-18,1520,337640,1185,207477,280,120835,55,9328,801,29844,713,158211,855,188055,California
Marin,2021-05-19,1536,339176,1239,208716,228,121063,69,9397,782,29946,748,158959,850,188905,California
Marin,2021-05-20,1710,340886,1414,210130,212,121275,84,9481,713,29753,990,159949,797,189702,California
Marin,2021-05-21,1357,342243,777,210907,533,121808,47,9528,391,29232,960,160909,439,190141,California
Marin,2021-05-22,1334,343577,1010,211917,268,122076,56,9584,918,29793,413,161322,974,191115,California
Marin,2021-05-23,420,343997,381,212298,29,122105,10,9594,196,29778,221,161543,206,191321,California
Marin,2021-05-24,650,344647,497,212795,110,122215,43,9637,361,29896,285,161828,403,191724,California
Marin,2021-05-25,1003,345650,625,213420,331,122546,47,9684,320,29586,674,162502,364,192088,California
Marin,2021-05-26,723,346373,490,213910,181,122727,52,9736,268,29455,451,162953,320,192408,California
Marin,2021-05-27,1037,347410,664,214574,295,123022,78,9814,353,29204,682,163635,431,192839,California
Marin,2021-05-28,1085,348495,723,215297,298,123320,64,9878,333,28853,746,164381,395,193234,California
Marin,2021-05-29,372,348867,216,215513,147,123467,9,9887,214,28918,158,164539,223,193457,California
Marin,2021-05-30,98,348965,58,215571,36,123503,4,9891,57,28938,41,164580,61,193518,California
Marin,2021-05-31,9,348974,4,215575,3,123506,2,9893,3,28937,6,164586,5,193523,California
Mariposa,2020-12-17,36,36,36,36,0,0,0,0,38,38,0,0,38,38,California
Mariposa,2020-12-18,55,91,55,91,0,0,0,0,56,94,0,0,56,94,California
Mariposa,2020-12-20,2,93,2,93,0,0,0,0,2,96,0,0,2,96,California
Mariposa,2020-12-21,49,142,49,142,0,0,0,0,53,149,0,0,53,149,California
Mariposa,2020-12-22,5,147,5,147,0,0,0,0,5,154,0,0,5,154,California
Mariposa,2020-12-23,16,163,16,163,0,0,0,0,16,170,0,0,16,170,California
Mariposa,2020-12-24,1,164,0,163,1,1,0,0,0,170,1,1,1,171,California
Mariposa,2020-12-26,1,165,1,164,0,1,0,0,1,171,0,1,1,172,California
Mariposa,2020-12-27,1,166,0,164,1,2,0,0,1,172,0,1,1,173,California
Mariposa,2020-12-28,6,172,3,167,3,5,0,0,6,178,0,1,6,179,California
Mariposa,2020-12-29,33,205,3,170,30,35,0,0,33,211,0,1,33,212,California
Mariposa,2020-12-30,25,230,4,174,21,56,0,0,25,236,0,1,25,237,California
Mariposa,2020-12-31,16,246,0,174,16,72,0,0,16,252,0,1,16,253,California
Mariposa,2021-01-02,1,247,1,175,0,72,0,0,1,253,0,1,1,254,California
Mariposa,2021-01-04,8,255,1,176,7,79,0,0,8,261,0,1,8,262,California
Mariposa,2021-01-05,24,279,14,190,10,89,0,0,14,265,10,11,14,276,California
Mariposa,2021-01-06,6,285,3,193,3,92,0,0,3,265,3,14,3,279,California
Mariposa,2021-01-07,50,335,45,238,5,97,0,0,5,225,45,59,5,284,California
Mariposa,2021-01-08,108,443,79,317,29,126,0,0,33,183,75,134,33,317,California
Mariposa,2021-01-09,1,444,0,317,1,127,0,0,1,184,0,134,1,318,California
Mariposa,2021-01-11,31,475,10,327,21,148,0,0,23,199,8,142,23,341,California
Mariposa,2021-01-12,19,494,4,331,15,163,0,0,15,210,4,146,15,356,California
Mariposa,2021-01-13,21,515,4,335,17,180,0,0,18,225,3,149,18,374,California
Mariposa,2021-01-14,73,588,7,342,66,246,0,0,67,286,6,155,67,441,California
Mariposa,2021-01-15,68,656,27,369,41,287,0,0,58,334,10,165,58,499,California
Mariposa,2021-01-16,14,670,2,371,12,299,0,0,13,346,1,166,13,512,California
Mariposa,2021-01-17,2,672,0,371,2,301,0,0,2,348,0,166,2,514,California
Mariposa,2021-01-18,3,675,3,374,0,301,0,0,1,347,2,168,1,515,California
Mariposa,2021-01-19,8,683,4,378,4,305,0,0,5,350,2,170,5,520,California
Mariposa,2021-01-20,23,706,1,379,22,327,0,0,22,371,1,171,22,542,California
Mariposa,2021-01-21,66,772,8,387,58,385,0,0,62,429,4,175,62,604,California
Mariposa,2021-01-22,56,828,2,389,54,439,0,0,56,485,0,175,56,660,California
Mariposa,2021-01-23,116,944,2,391,114,553,0,0,114,597,2,177,114,774,California
Mariposa,2021-01-24,2,946,2,393,0,553,0,0,2,599,0,177,2,776,California
Mariposa,2021-01-25,4,950,1,394,3,556,0,0,0,595,4,181,0,776,California
Mariposa,2021-01-26,36,986,4,398,32,588,0,0,4,571,32,213,8,784,California
Mariposa,2021-01-27,23,1009,1,399,22,610,0,0,12,573,10,223,12,796,California
Mariposa,2021-01-28,126,1135,3,402,123,733,0,0,113,674,12,235,113,909,California
Mariposa,2021-01-29,84,1219,22,424,62,795,0,0,83,756,1,236,83,992,California
Mariposa,2021-01-30,9,1228,1,425,8,803,0,0,8,763,1,237,8,1000,California
Mariposa,2021-01-31,1,1229,0,425,1,804,0,0,1,764,0,237,1,1001,California
Mariposa,2021-02-01,87,1316,30,455,57,861,0,0,66,809,21,258,66,1067,California
Mariposa,2021-02-02,15,1331,3,458,12,873,0,0,9,812,6,264,9,1076,California
Mariposa,2021-02-03,20,1351,1,459,19,892,0,0,14,820,6,270,14,1090,California
Mariposa,2021-02-04,99,1450,8,467,91,983,0,0,94,911,4,274,95,1185,California
Mariposa,2021-02-05,192,1642,5,472,187,1170,0,0,166,1051,26,300,166,1351,California
Mariposa,2021-02-06,11,1653,4,476,7,1177,0,0,10,1060,1,301,10,1361,California
Mariposa,2021-02-07,1,1654,0,476,1,1178,0,0,1,1061,0,301,1,1362,California
Mariposa,2021-02-08,40,1694,2,478,38,1216,0,0,21,1063,19,320,21,1383,California
Mariposa,2021-02-09,42,1736,24,502,18,1234,0,0,36,1093,6,326,36,1419,California
Mariposa,2021-02-10,28,1764,5,507,23,1257,0,0,17,1106,10,336,23,1442,California
Mariposa,2021-02-11,374,2138,5,512,369,1626,0,0,360,1455,14,350,363,1805,California
Mariposa,2021-02-12,185,2323,8,520,177,1803,0,0,141,1552,44,394,141,1946,California
Mariposa,2021-02-13,11,2334,3,523,8,1811,0,0,9,1559,2,396,9,1955,California
Mariposa,2021-02-14,8,2342,4,527,4,1815,0,0,5,1561,3,399,5,1960,California
Mariposa,2021-02-15,9,2351,3,530,6,1821,0,0,7,1566,2,401,7,1967,California
Mariposa,2021-02-16,57,2408,34,564,23,1844,0,0,34,1577,23,424,34,2001,California
Mariposa,2021-02-17,37,2445,9,573,28,1872,0,0,27,1596,9,433,28,2029,California
Mariposa,2021-02-18,58,2503,7,580,51,1923,0,0,21,1580,37,470,21,2050,California
Mariposa,2021-02-19,82,2585,3,583,79,2002,0,0,76,1650,6,476,76,2126,California
Mariposa,2021-02-20,253,2838,4,587,249,2251,0,0,223,1844,29,505,223,2349,California
Mariposa,2021-02-21,237,3075,4,591,233,2484,0,0,235,2078,1,506,235,2584,California
Mariposa,2021-02-22,23,3098,7,598,16,2500,0,0,21,2097,2,508,21,2605,California
Mariposa,2021-02-23,43,3141,37,635,6,2506,0,0,26,2106,17,525,26,2631,California
Mariposa,2021-02-24,20,3161,3,638,17,2523,0,0,8,2103,11,536,8,2639,California
Mariposa,2021-02-25,18,3179,9,647,9,2532,0,0,12,2109,6,542,12,2651,California
Mariposa,2021-02-26,424,3603,7,654,417,2949,0,0,363,2412,61,603,364,3015,California
Mariposa,2021-02-27,169,3772,5,659,164,3113,0,0,158,2559,11,614,158,3173,California
Mariposa,2021-02-28,2,3774,1,660,1,3114,0,0,0,2557,2,616,0,3173,California
Mariposa,2021-03-01,81,3855,26,686,55,3169,0,0,16,2509,64,680,16,3189,California
Mariposa,2021-03-02,20,3875,13,699,7,3176,0,0,11,2512,8,688,11,3200,California
Mariposa,2021-03-03,71,3946,5,704,66,3242,0,0,65,2572,6,694,66,3266,California
Mariposa,2021-03-04,39,3985,9,713,30,3272,0,0,20,2574,19,713,21,3287,California
Mariposa,2021-03-05,57,4042,9,722,48,3320,0,0,40,2602,17,730,45,3332,California
Mariposa,2021-03-06,15,4057,6,728,9,3329,0,0,7,2601,8,738,7,3339,California
Mariposa,2021-03-07,1,4058,1,729,0,3329,0,0,0,2600,1,739,0,3339,California
Mariposa,2021-03-08,38,4096,4,733,23,3352,11,11,9,2591,29,768,20,3359,California
Mariposa,2021-03-09,46,4142,18,751,18,3370,10,21,15,2585,31,799,25,3384,California
Mariposa,2021-03-10,31,4173,9,760,12,3382,10,31,10,2584,21,820,20,3404,California
Mariposa,2021-03-11,467,4640,6,766,442,3824,19,50,226,2592,240,1060,248,3652,California
Mariposa,2021-03-12,255,4895,8,774,220,4044,27,77,115,2593,140,1200,141,3793,California
Mariposa,2021-03-13,32,4927,6,780,11,4055,15,92,11,2597,21,1221,25,3818,California
Mariposa,2021-03-14,17,4944,2,782,4,4059,11,103,3,2597,14,1235,14,3832,California
Mariposa,2021-03-15,76,5020,7,789,31,4090,38,141,31,2621,45,1280,69,3901,California
Mariposa,2021-03-16,82,5102,33,822,14,4104,35,176,23,2620,59,1339,58,3959,California
Mariposa,2021-03-17,72,5174,10,832,54,4158,8,184,51,2659,20,1359,59,4018,California
Mariposa,2021-03-18,66,5240,15,847,41,4199,10,194,40,2683,26,1385,50,4068,California
Mariposa,2021-03-19,338,5578,11,858,322,4521,5,199,303,2956,35,1420,308,4376,California
Mariposa,2021-03-20,426,6004,5,863,419,4940,2,201,46,2625,380,1800,49,4425,California
Mariposa,2021-03-21,15,6019,9,872,5,4945,1,202,10,2632,4,1804,11,4436,California
Mariposa,2021-03-22,38,6057,7,879,23,4968,8,210,26,2655,12,1816,35,4471,California
Mariposa,2021-03-23,53,6110,33,912,10,4978,10,220,32,2676,21,1837,42,4513,California
Mariposa,2021-03-24,55,6165,5,917,48,5026,2,222,50,2723,5,1842,52,4565,California
Mariposa,2021-03-25,76,6241,15,932,53,5079,8,230,54,2765,20,1862,62,4627,California
Mariposa,2021-03-26,488,6729,9,941,478,5557,1,231,252,2782,236,2098,253,4880,California
Mariposa,2021-03-27,224,6953,8,949,216,5773,0,231,90,2740,134,2232,92,4972,California
Mariposa,2021-03-28,5,6958,0,949,2,5775,3,234,1,2740,4,2236,4,4976,California
Mariposa,2021-03-29,19,6977,6,955,13,5788,0,234,12,2745,7,2243,12,4988,California
Mariposa,2021-03-30,36,7013,13,968,7,5795,16,250,13,2751,23,2266,29,5017,California
Mariposa,2021-03-31,88,7101,15,983,66,5861,7,257,68,2806,20,2286,75,5092,California
Mariposa,2021-04-01,54,7155,10,993,36,5897,8,265,34,2828,20,2306,42,5134,California
Mariposa,2021-04-02,347,7502,11,1004,334,6231,2,267,305,3094,41,2347,307,5441,California
Mariposa,2021-04-03,10,7512,7,1011,3,6234,0,267,5,3094,5,2352,5,5446,California
Mariposa,2021-04-04,2,7514,1,1012,0,6234,1,268,0,3093,2,2354,1,5447,California
Mariposa,2021-04-05,33,7547,22,1034,7,6241,4,272,16,3096,17,2371,20,5467,California
Mariposa,2021-04-06,43,7590,20,1054,7,6248,16,288,13,3096,29,2400,29,5496,California
Mariposa,2021-04-07,98,7688,6,1060,73,6321,19,307,28,3073,70,2470,47,5543,California
Mariposa,2021-04-08,279,7967,14,1074,246,6567,19,326,143,3102,134,2604,163,5706,California
Mariposa,2021-04-09,38,8005,9,1083,14,6581,15,341,11,3101,27,2631,26,5732,California
Mariposa,2021-04-10,201,8206,4,1087,187,6768,10,351,186,3283,13,2644,195,5927,California
Mariposa,2021-04-11,124,8330,4,1091,118,6886,2,353,57,3276,67,2711,60,5987,California
Mariposa,2021-04-12,42,8372,13,1104,27,6913,2,355,13,3262,29,2740,15,6002,California
Mariposa,2021-04-13,52,8424,45,1149,7,6920,0,355,34,3278,18,2758,34,6036,California
Mariposa,2021-04-14,112,8536,7,1156,105,7025,0,355,58,3283,53,2811,58,6094,California
Mariposa,2021-04-15,57,8593,15,1171,42,7067,0,355,43,3315,11,2822,43,6137,California
Mariposa,2021-04-16,382,8975,11,1182,371,7438,0,355,106,3145,276,3098,106,6243,California
Mariposa,2021-04-17,10,8985,6,1188,4,7442,0,355,7,3149,3,3101,7,6250,California
Mariposa,2021-04-18,7,8992,0,1188,7,7449,0,355,3,3148,4,3105,3,6253,California
Mariposa,2021-04-19,57,9049,25,1213,32,7481,0,355,29,3151,26,3131,29,6282,California
Mariposa,2021-04-20,62,9111,49,1262,13,7494,0,355,39,3169,21,3152,39,6321,California
Mariposa,2021-04-21,91,9202,14,1276,77,7571,0,355,42,3163,48,3200,42,6363,California
Mariposa,2021-04-22,47,9249,8,1284,39,7610,0,355,37,3191,9,3209,37,6400,California
Mariposa,2021-04-23,315,9564,70,1354,245,7855,0,355,144,3166,171,3380,146,6546,California
Mariposa,2021-04-24,105,9669,10,1364,95,7950,0,355,42,3146,62,3442,42,6588,California
Mariposa,2021-04-26,14,9683,10,1374,4,7954,0,355,4,3140,10,3452,4,6592,California
Mariposa,2021-04-27,31,9714,16,1390,14,7968,1,356,15,3143,13,3465,16,6608,California
Mariposa,2021-04-28,74,9788,13,1403,54,8022,7,363,29,3134,45,3510,36,6644,California
Mariposa,2021-04-29,84,9872,12,1415,71,8093,1,364,79,3209,5,3515,80,6724,California
Mariposa,2021-04-30,209,10081,5,1420,199,8292,5,369,63,3131,146,3661,68,6792,California
Mariposa,2021-05-01,2,10083,2,1422,0,8292,0,369,0,3129,2,3663,0,6792,California
Mariposa,2021-05-02,3,10086,2,1424,0,8292,1,370,0,3127,3,3666,1,6793,California
Mariposa,2021-05-03,16,10102,12,1436,3,8295,1,371,7,3127,8,3674,8,6801,California
Mariposa,2021-05-04,50,10152,31,1467,15,8310,4,375,36,3153,14,3688,40,6841,California
Mariposa,2021-05-05,56,10208,8,1475,46,8356,2,377,17,3133,39,3727,19,6860,California
Mariposa,2021-05-06,55,10263,36,1511,14,8370,5,382,39,3161,16,3743,44,6904,California
Mariposa,2021-05-07,27,10290,7,1518,17,8387,3,385,13,3163,14,3757,16,6920,California
Mariposa,2021-05-08,281,10571,6,1524,275,8662,0,385,34,2952,247,4004,36,6956,California
Mariposa,2021-05-09,2,10573,1,1525,1,8663,0,385,0,2950,2,4006,0,6956,California
Mariposa,2021-05-10,19,10592,8,1533,9,8672,2,387,4,2941,15,4021,6,6962,California
Mariposa,2021-05-11,28,10620,19,1552,9,8681,0,387,20,2954,7,4028,20,6982,California
Mariposa,2021-05-12,66,10686,4,1556,59,8740,3,390,6,2903,60,4088,9,6991,California
Mariposa,2021-05-13,48,10734,8,1564,38,8778,2,392,14,2885,34,4122,16,7007,California
Mariposa,2021-05-14,251,10985,123,1687,121,8899,7,399,119,2879,132,4254,126,7133,California
Mariposa,2021-05-15,17,11002,8,1695,8,8907,1,400,10,2884,6,4260,11,7144,California
Mariposa,2021-05-16,3,11005,1,1696,1,8908,1,401,1,2884,2,4262,2,7146,California
Mariposa,2021-05-17,16,11021,7,1703,6,8914,3,404,7,2885,9,4271,10,7156,California
Mariposa,2021-05-18,61,11082,41,1744,15,8929,5,409,44,2918,16,4287,49,7205,California
Mariposa,2021-05-19,70,11152,32,1776,37,8966,1,410,51,2952,18,4305,52,7257,California
Mariposa,2021-05-20,34,11186,19,1795,13,8979,2,412,13,2946,21,4326,15,7272,California
Mariposa,2021-05-21,93,11279,9,1804,82,9061,2,414,42,2941,49,4375,44,7316,California
Mariposa,2021-05-22,47,11326,6,1810,40,9101,1,415,17,2929,30,4405,18,7334,California
Mariposa,2021-05-23,3,11329,2,1812,0,9101,1,416,2,2931,1,4406,3,7337,California
Mariposa,2021-05-24,12,11341,7,1819,3,9104,2,418,8,2937,4,4410,10,7347,California
Mariposa,2021-05-25,26,11367,17,1836,9,9113,0,418,18,2947,8,4418,18,7365,California
Mariposa,2021-05-26,36,11403,3,1839,29,9142,4,422,28,2971,8,4426,32,7397,California
Mariposa,2021-05-27,117,11520,63,1902,53,9195,1,423,60,2975,57,4483,61,7458,California
Mariposa,2021-05-28,66,11586,6,1908,55,9250,5,428,23,2960,43,4526,28,7486,California
Mariposa,2021-05-29,7,11593,2,1910,4,9254,1,429,2,2960,3,4529,3,7489,California
Mariposa,2021-05-30,1,11594,0,1910,0,9254,1,430,0,2960,1,4530,1,7490,California
Mendocino,2020-12-17,70,70,70,70,0,0,0,0,70,70,0,0,70,70,California
Mendocino,2020-12-18,85,155,84,154,1,1,0,0,84,154,0,0,84,154,California
Mendocino,2020-12-19,4,159,4,158,0,1,0,0,4,158,0,0,4,158,California
Mendocino,2020-12-20,7,166,7,165,0,1,0,0,7,165,0,0,7,165,California
Mendocino,2020-12-21,241,407,241,406,0,1,0,0,77,242,0,0,77,242,California
Mendocino,2020-12-22,252,659,191,597,61,62,0,0,252,494,0,0,252,494,California
Mendocino,2020-12-23,270,929,47,644,223,285,0,0,269,763,0,0,269,763,California
Mendocino,2020-12-24,49,978,8,652,41,326,0,0,49,812,0,0,49,812,California
Mendocino,2020-12-25,1,979,0,652,1,327,0,0,1,813,0,0,1,813,California
Mendocino,2020-12-26,2,981,2,654,0,327,0,0,2,815,0,0,2,815,California
Mendocino,2020-12-27,1,982,0,654,1,328,0,0,1,816,0,0,1,816,California
Mendocino,2020-12-28,74,1056,9,663,65,393,0,0,74,890,0,0,74,890,California
Mendocino,2020-12-29,122,1178,61,724,61,454,0,0,122,1012,0,0,122,1012,California
Mendocino,2020-12-30,121,1299,67,791,54,508,0,0,121,1133,0,0,121,1133,California
Mendocino,2020-12-31,132,1431,97,888,35,543,0,0,132,1265,0,0,132,1265,California
Mendocino,2021-01-01,8,1439,6,894,2,545,0,0,8,1273,0,0,8,1273,California
Mendocino,2021-01-04,838,2277,18,912,820,1365,0,0,838,2111,0,0,838,2111,California
Mendocino,2021-01-05,74,2351,36,948,38,1403,0,0,61,2159,13,13,61,2172,California
Mendocino,2021-01-06,155,2506,133,1081,22,1425,0,0,145,2294,10,23,145,2317,California
Mendocino,2021-01-07,361,2867,238,1319,123,1548,0,0,298,2529,63,86,298,2615,California
Mendocino,2021-01-08,95,2962,82,1401,13,1561,0,0,41,2517,54,140,42,2657,California
Mendocino,2021-01-09,10,2972,6,1407,4,1565,0,0,8,2523,2,142,8,2665,California
Mendocino,2021-01-10,9,2981,8,1415,1,1566,0,0,2,2518,7,149,2,2667,California
Mendocino,2021-01-11,101,3082,92,1507,9,1575,0,0,43,2504,57,206,43,2710,California
Mendocino,2021-01-12,387,3469,377,1884,10,1585,0,0,270,2657,117,323,270,2980,California
Mendocino,2021-01-13,491,3960,145,2029,346,1931,0,0,449,3067,40,363,450,3430,California
Mendocino,2021-01-14,652,4612,20,2049,632,2563,0,0,643,3701,9,372,643,4073,California
Mendocino,2021-01-15,1872,6484,861,2910,1011,3574,0,0,1867,5564,5,377,1868,5941,California
Mendocino,2021-01-16,792,7276,50,2960,742,4316,0,0,790,6352,2,379,790,6731,California
Mendocino,2021-01-17,554,7830,1,2961,553,4869,0,0,553,6904,1,380,553,7284,California
Mendocino,2021-01-18,487,8317,462,3423,25,4894,0,0,476,7369,11,391,476,7760,California
Mendocino,2021-01-19,334,8651,148,3571,186,5080,0,0,158,7351,176,567,158,7918,California
Mendocino,2021-01-20,555,9206,407,3978,148,5228,0,0,449,7697,104,671,450,8368,California
Mendocino,2021-01-21,538,9744,225,4203,313,5541,0,0,352,7864,185,856,352,8720,California
Mendocino,2021-01-22,149,9893,58,4261,91,5632,0,0,110,7935,39,895,110,8830,California
Mendocino,2021-01-23,156,10049,84,4345,72,5704,0,0,150,8079,6,901,150,8980,California
Mendocino,2021-01-24,5,10054,3,4348,2,5706,0,0,5,8084,0,901,5,8985,California
Mendocino,2021-01-25,192,10246,18,4366,174,5880,0,0,122,8136,70,971,122,9107,California
Mendocino,2021-01-26,153,10399,53,4419,100,5980,0,0,94,8171,59,1030,94,9201,California
Mendocino,2021-01-27,441,10840,371,4790,70,6050,0,0,176,8089,258,1288,176,9377,California
Mendocino,2021-01-28,593,11433,529,5319,64,6114,0,0,498,8493,94,1382,498,9875,California
Mendocino,2021-01-29,394,11827,352,5671,42,6156,0,0,365,8830,29,1411,366,10241,California
Mendocino,2021-01-30,50,11877,31,5702,19,6175,0,0,43,8866,7,1418,43,10284,California
Mendocino,2021-01-31,275,12152,2,5704,273,6448,0,0,4,8599,271,1689,4,10288,California
Mendocino,2021-02-01,381,12533,52,5756,329,6777,0,0,59,8336,322,2011,59,10347,California
Mendocino,2021-02-02,737,13270,516,6272,221,6998,0,0,377,8353,360,2371,377,10724,California
Mendocino,2021-02-03,392,13662,207,6479,185,7183,0,0,222,8407,168,2539,222,10946,California
Mendocino,2021-02-04,625,14287,530,7009,95,7278,0,0,500,8782,125,2664,500,11446,California
Mendocino,2021-02-05,1304,15591,1214,8223,90,7368,0,0,584,8648,718,3382,584,12030,California
Mendocino,2021-02-06,558,16149,157,8380,401,7769,0,0,543,9176,15,3397,543,12573,California
Mendocino,2021-02-07,32,16181,28,8408,4,7773,0,0,32,9208,0,3397,32,12605,California
Mendocino,2021-02-08,747,16928,716,9124,31,7804,0,0,284,9029,463,3860,284,12889,California
Mendocino,2021-02-09,141,17069,58,9182,83,7887,0,0,89,9066,52,3912,89,12978,California
Mendocino,2021-02-10,1490,18559,924,10106,566,8453,0,0,743,9069,740,4652,743,13721,California
Mendocino,2021-02-11,1210,19769,208,10314,1002,9455,0,0,299,8457,911,5563,299,14020,California
Mendocino,2021-02-12,1455,21224,163,10477,1292,10747,0,0,656,8315,798,6361,656,14676,California
Mendocino,2021-02-13,502,21726,15,10492,487,11234,0,0,106,8031,395,6756,111,14787,California
Mendocino,2021-02-14,695,22421,3,10495,692,11926,0,0,135,7606,560,7316,135,14922,California
Mendocino,2021-02-15,331,22752,42,10537,289,12215,0,0,176,7627,155,7471,176,15098,California
Mendocino,2021-02-16,201,22953,51,10588,150,12365,0,0,130,7686,71,7542,130,15228,California
Mendocino,2021-02-17,1354,24307,1191,11779,163,12528,0,0,877,8088,475,8017,877,16105,California
Mendocino,2021-02-18,1791,26098,646,12425,1145,13673,0,0,1224,8746,566,8583,1224,17329,California
Mendocino,2021-02-19,756,26854,148,12573,608,14281,0,0,616,9222,140,8723,616,17945,California
Mendocino,2021-02-20,575,27429,549,13122,26,14307,0,0,544,9737,29,8752,544,18489,California
Mendocino,2021-02-21,326,27755,6,13128,320,14627,0,0,314,10040,11,8763,314,18803,California
Mendocino,2021-02-22,161,27916,29,13157,132,14759,0,0,69,10019,90,8853,69,18872,California
Mendocino,2021-02-23,857,28773,843,14000,14,14773,0,0,645,10454,210,9063,645,19517,California
Mendocino,2021-02-24,1848,30621,1766,15766,82,14855,0,0,1436,11485,407,9470,1438,20955,California
Mendocino,2021-02-25,1709,32330,533,16299,1176,16031,0,0,1287,12351,421,9891,1287,22242,California
Mendocino,2021-02-26,1416,33746,748,17047,668,16699,0,0,1050,13038,363,10254,1050,23292,California
Mendocino,2021-02-27,200,33946,151,17198,49,16748,0,0,77,12993,122,10376,77,23369,California
Mendocino,2021-02-28,36,33982,14,17212,22,16770,0,0,24,13005,12,10388,24,23393,California
Mendocino,2021-03-01,589,34571,547,17759,42,16812,0,0,549,13517,37,10425,549,23942,California
Mendocino,2021-03-02,75,34646,27,17786,48,16860,0,0,41,13525,33,10458,41,23983,California
Mendocino,2021-03-03,2034,36680,1333,19119,701,17561,0,0,1384,14261,648,11106,1384,25367,California
Mendocino,2021-03-04,1850,38530,148,19267,1702,19263,0,0,1632,15679,215,11321,1633,27000,California
Mendocino,2021-03-05,475,39005,416,19683,50,19313,9,9,372,15961,99,11420,381,27381,California
Mendocino,2021-03-06,246,39251,23,19706,198,19511,25,34,203,16147,42,11462,228,27609,California
Mendocino,2021-03-07,506,39757,8,19714,478,19989,20,54,118,15897,387,11849,137,27746,California
Mendocino,2021-03-08,123,39880,28,19742,57,20046,38,92,63,15940,58,11907,101,27847,California
Mendocino,2021-03-09,941,40821,601,20343,299,20345,41,133,834,16708,107,12014,875,28722,California
Mendocino,2021-03-10,1147,41968,984,21327,98,20443,65,198,272,16177,871,12885,340,29062,California
Mendocino,2021-03-11,842,42810,626,21953,162,20605,54,252,400,16192,439,13324,454,29516,California
Mendocino,2021-03-12,2063,44873,1051,23004,899,21504,113,365,1232,16713,824,14148,1345,30861,California
Mendocino,2021-03-13,702,45575,570,23574,74,21578,58,423,106,16286,592,14740,165,31026,California
Mendocino,2021-03-14,106,45681,4,23578,95,21673,7,430,12,16215,90,14830,19,31045,California
Mendocino,2021-03-15,599,46280,50,23628,491,22164,58,488,210,16094,388,15218,267,31312,California
Mendocino,2021-03-16,583,46863,386,24014,151,22315,46,534,121,15801,460,15678,167,31479,California
Mendocino,2021-03-17,1583,48446,1379,25393,55,22370,149,683,218,14813,1361,17039,373,31852,California
Mendocino,2021-03-18,1313,49759,248,25641,1027,23397,38,721,284,14113,1021,18060,321,32173,California
Mendocino,2021-03-19,1781,51540,855,26496,865,24262,61,782,333,13065,1444,19504,396,32569,California
Mendocino,2021-03-20,69,51609,10,26506,38,24300,21,803,12,13041,57,19561,33,32602,California
Mendocino,2021-03-21,8,51617,1,26507,2,24302,5,808,3,13044,5,19566,8,32610,California
Mendocino,2021-03-22,657,52274,613,27120,15,24317,29,837,146,12711,507,20073,174,32784,California
Mendocino,2021-03-23,165,52439,33,27153,102,24419,30,867,114,12804,51,20124,144,32928,California
Mendocino,2021-03-24,916,53355,841,27994,28,24447,47,914,113,12163,801,20925,160,33088,California
Mendocino,2021-03-25,2018,55373,52,28046,1946,26393,20,934,176,10521,1836,22761,194,33282,California
Mendocino,2021-03-26,546,55919,395,28441,126,26519,25,959,114,10228,432,23193,139,33421,California
Mendocino,2021-03-27,142,56061,13,28454,117,26636,12,971,80,10258,61,23254,91,33512,California
Mendocino,2021-03-28,25,56086,5,28459,16,26652,4,975,3,10244,21,23275,7,33519,California
Mendocino,2021-03-29,189,56275,100,28559,45,26697,44,1019,95,10289,94,23369,139,33658,California
Mendocino,2021-03-30,719,56994,634,29193,48,26745,37,1056,106,9821,611,23980,143,33801,California
Mendocino,2021-03-31,915,57909,280,29473,574,27319,61,1117,153,9275,760,24740,214,34015,California
Mendocino,2021-04-01,1744,59653,417,29890,1246,28565,81,1198,378,8382,1356,26096,463,34478,California
Mendocino,2021-04-02,1303,60956,1072,30962,158,28723,73,1271,158,7471,1142,27238,231,34709,California
Mendocino,2021-04-03,710,61666,10,30972,679,29402,21,1292,87,6961,619,27857,109,34818,California
Mendocino,2021-04-04,70,61736,34,31006,30,29432,6,1298,54,7005,16,27873,60,34878,California
Mendocino,2021-04-05,211,61947,141,31147,46,29478,24,1322,125,7065,86,27959,146,35024,California
Mendocino,2021-04-06,398,62345,123,31270,180,29658,95,1417,106,6975,292,28251,202,35226,California
Mendocino,2021-04-07,489,62834,178,31448,65,29723,246,1663,115,6965,371,28622,361,35587,California
Mendocino,2021-04-08,1500,64334,921,32369,464,30187,115,1778,1008,7603,486,29108,1124,36711,California
Mendocino,2021-04-09,758,65092,426,32795,171,30358,161,1939,396,7799,361,29469,557,37268,California
Mendocino,2021-04-10,405,65497,91,32886,268,30626,46,1985,99,7638,306,29775,145,37413,California
Mendocino,2021-04-11,122,65619,47,32933,19,30645,56,2041,59,7690,63,29838,115,37528,California
Mendocino,2021-04-12,621,66240,513,33446,48,30693,60,2101,407,7943,214,30052,467,37995,California
Mendocino,2021-04-13,291,66531,227,33673,64,30757,0,2101,222,8096,69,30121,222,38217,California
Mendocino,2021-04-14,520,67051,428,34101,92,30849,0,2101,417,8410,103,30224,417,38634,California
Mendocino,2021-04-15,659,67710,329,34430,330,31179,0,2101,388,8532,266,30490,388,39022,California
Mendocino,2021-04-16,126,67836,53,34483,72,31251,1,2102,78,8563,47,30537,78,39100,California
Mendocino,2021-04-17,196,68032,12,34495,184,31435,0,2102,67,8503,127,30664,67,39167,California
Mendocino,2021-04-18,13,68045,6,34501,7,31442,0,2102,8,8507,4,30668,8,39175,California
Mendocino,2021-04-19,539,68584,515,35016,23,31465,1,2103,427,8824,111,30779,428,39603,California
Mendocino,2021-04-20,419,69003,292,35308,127,31592,0,2103,262,8930,156,30935,262,39865,California
Mendocino,2021-04-21,193,69196,133,35441,59,31651,1,2104,114,8967,77,31012,114,39979,California
Mendocino,2021-04-22,490,69686,314,35755,175,31826,1,2105,318,9116,169,31181,318,40297,California
Mendocino,2021-04-23,846,70532,704,36459,142,31968,0,2105,688,9649,155,31336,688,40985,California
Mendocino,2021-04-24,109,70641,15,36474,94,32062,0,2105,102,9744,7,31343,102,41087,California
Mendocino,2021-04-25,56,70697,32,36506,20,32082,4,2109,18,9728,38,31381,22,41109,California
Mendocino,2021-04-26,303,71000,237,36743,61,32143,5,2114,196,9823,106,31487,201,41310,California
Mendocino,2021-04-27,201,71201,89,36832,85,32228,27,2141,92,9833,108,31595,118,41428,California
Mendocino,2021-04-28,220,71421,148,36980,53,32281,19,2160,125,9883,95,31690,145,41573,California
Mendocino,2021-04-29,1141,72562,844,37824,282,32563,15,2175,105,8970,1033,32723,120,41693,California
Mendocino,2021-04-30,607,73169,385,38209,212,32775,10,2185,228,8830,378,33101,238,41931,California
Mendocino,2021-05-01,472,73641,434,38643,32,32807,6,2191,367,9099,104,33205,373,42304,California
Mendocino,2021-05-02,55,73696,46,38689,6,32813,3,2194,8,9064,46,33251,11,42315,California
Mendocino,2021-05-03,147,73843,86,38775,39,32852,22,2216,43,9027,102,33353,65,42380,California
Mendocino,2021-05-04,378,74221,253,39028,92,32944,33,2249,140,8962,238,33591,173,42553,California
Mendocino,2021-05-05,871,75092,787,39815,69,33013,15,2264,219,8545,651,34242,234,42787,California
Mendocino,2021-05-06,631,75723,381,40196,228,33241,22,2286,154,8246,475,34717,176,42963,California
Mendocino,2021-05-07,187,75910,35,40231,128,33369,24,2310,123,8330,63,34780,147,43110,California
Mendocino,2021-05-08,125,76035,4,40235,120,33489,1,2311,109,8425,15,34795,110,43220,California
Mendocino,2021-05-09,20,76055,5,40240,14,33503,1,2312,3,8412,17,34812,4,43224,California
Mendocino,2021-05-10,244,76299,161,40401,78,33581,5,2317,150,8473,94,34906,155,43379,California
Mendocino,2021-05-11,277,76576,143,40544,117,33698,17,2334,128,8468,149,35055,144,43523,California
Mendocino,2021-05-12,135,76711,80,40624,47,33745,8,2342,42,8427,91,35146,50,43573,California
Mendocino,2021-05-13,1209,77920,1108,41732,85,33830,16,2358,307,7849,901,36047,323,43896,California
Mendocino,2021-05-14,718,78638,491,42223,164,33994,63,2421,244,7688,469,36516,308,44204,California
Mendocino,2021-05-15,85,78723,29,42252,52,34046,4,2425,40,7687,45,36561,44,44248,California
Mendocino,2021-05-16,115,78838,102,42354,11,34057,2,2427,99,7772,16,36577,101,44349,California
Mendocino,2021-05-17,172,79010,83,42437,73,34130,16,2443,97,7810,75,36652,113,44462,California
Mendocino,2021-05-18,243,79253,117,42554,98,34228,28,2471,109,7813,133,36785,136,44598,California
Mendocino,2021-05-19,326,79579,193,42747,112,34340,21,2492,242,7994,82,36867,263,44861,California
Mendocino,2021-05-20,285,79864,112,42859,131,34471,42,2534,103,7960,179,37046,145,45006,California
Mendocino,2021-05-21,613,80477,459,43318,142,34613,12,2546,486,8332,126,37172,498,45504,California
Mendocino,2021-05-22,595,81072,522,43840,65,34678,8,2554,196,8138,398,37570,204,45708,California
Mendocino,2021-05-23,18,81090,11,43851,1,34679,6,2560,10,8147,7,37577,16,45724,California
Mendocino,2021-05-24,120,81210,46,43897,56,34735,18,2578,58,8162,61,37638,76,45800,California
Mendocino,2021-05-25,293,81503,174,44071,90,34825,29,2607,132,8162,161,37799,161,45961,California
Mendocino,2021-05-26,301,81804,229,44300,61,34886,11,2618,117,8107,183,37982,128,46089,California
Mendocino,2021-05-27,221,82025,113,44413,89,34975,19,2637,90,8086,130,38112,109,46198,California
Mendocino,2021-05-28,171,82196,83,44496,81,35056,7,2644,99,8122,70,38182,106,46304,California
Mendocino,2021-05-29,40,82236,13,44509,22,35078,5,2649,23,8133,17,38199,28,46332,California
Mendocino,2021-05-30,13,82249,3,44512,9,35087,1,2650,8,8137,5,38204,9,46341,California
Mendocino,2021-05-31,2,82251,0,44512,1,35088,1,2651,1,8138,1,38205,2,46343,California
Merced,2020-12-16,3,3,3,3,0,0,0,0,3,3,0,0,3,3,California
Merced,2020-12-17,6,9,6,9,0,0,0,0,6,9,0,0,6,9,California
Merced,2020-12-18,143,152,143,152,0,0,0,0,143,152,0,0,143,152,California
Merced,2020-12-19,39,191,39,191,0,0,0,0,39,191,0,0,39,191,California
Merced,2020-12-20,18,209,18,209,0,0,0,0,18,209,0,0,18,209,California
Merced,2020-12-21,125,334,122,331,3,3,0,0,125,334,0,0,125,334,California
Merced,2020-12-22,152,486,152,483,0,3,0,0,152,486,0,0,152,486,California
Merced,2020-12-23,249,735,243,726,6,9,0,0,249,735,0,0,249,735,California
Merced,2020-12-24,72,807,72,798,0,9,0,0,72,807,0,0,72,807,California
Merced,2020-12-25,4,811,4,802,0,9,0,0,4,811,0,0,4,811,California
Merced,2020-12-26,6,817,3,805,3,12,0,0,6,817,0,0,6,817,California
Merced,2020-12-27,12,829,11,816,1,13,0,0,12,829,0,0,12,829,California
Merced,2020-12-28,122,951,97,913,25,38,0,0,122,951,0,0,122,951,California
Merced,2020-12-29,179,1130,123,1036,56,94,0,0,179,1130,0,0,179,1130,California
Merced,2020-12-30,215,1345,89,1125,126,220,0,0,215,1345,0,0,215,1345,California
Merced,2020-12-31,103,1448,34,1159,69,289,0,0,103,1448,0,0,103,1448,California
Merced,2021-01-01,5,1453,1,1160,4,293,0,0,5,1453,0,0,5,1453,California
Merced,2021-01-02,129,1582,118,1278,11,304,0,0,129,1582,0,0,129,1582,California
Merced,2021-01-03,9,1591,5,1283,4,308,0,0,9,1591,0,0,9,1591,California
Merced,2021-01-04,80,1671,42,1325,38,346,0,0,80,1671,0,0,80,1671,California
Merced,2021-01-05,321,1992,232,1557,89,435,0,0,315,1982,6,6,317,1988,California
Merced,2021-01-06,256,2248,105,1662,151,586,0,0,250,2226,6,12,250,2238,California
Merced,2021-01-07,187,2435,83,1745,104,690,0,0,176,2390,12,24,176,2414,California
Merced,2021-01-08,526,2961,392,2137,134,824,0,0,375,2615,150,174,375,2789,California
Merced,2021-01-09,23,2984,10,2147,13,837,0,0,17,2626,6,180,17,2806,California
Merced,2021-01-10,11,2995,7,2154,4,841,0,0,7,2629,4,184,7,2813,California
Merced,2021-01-11,228,3223,169,2323,59,900,0,0,102,2607,126,310,104,2917,California
Merced,2021-01-12,294,3517,171,2494,123,1023,0,0,244,2800,51,361,244,3161,California
Merced,2021-01-13,377,3894,175,2669,202,1225,0,0,225,2876,152,513,228,3389,California
Merced,2021-01-14,323,4217,200,2869,123,1348,0,0,158,2871,164,677,159,3548,California
Merced,2021-01-15,587,4804,131,3000,456,1804,0,0,548,3382,40,717,551,4099,California
Merced,2021-01-16,213,5017,130,3130,83,1887,0,0,196,3561,17,734,196,4295,California
Merced,2021-01-17,50,5067,12,3142,38,1925,0,0,49,3609,1,735,49,4344,California
Merced,2021-01-18,261,5328,126,3268,135,2060,0,0,238,3828,23,758,242,4586,California
Merced,2021-01-19,711,6039,587,3855,124,2184,0,0,540,4202,171,929,545,5131,California
Merced,2021-01-20,572,6611,467,4322,105,2289,0,0,515,4663,57,986,518,5649,California
Merced,2021-01-21,1011,7622,650,4972,361,2650,0,0,911,5477,100,1086,914,6563,California
Merced,2021-01-22,1311,8933,692,5664,619,3269,0,0,1283,6745,27,1113,1295,7858,California
Merced,2021-01-23,324,9257,197,5861,127,3396,0,0,217,6855,107,1220,217,8075,California
Merced,2021-01-24,37,9294,15,5876,22,3418,0,0,28,6875,8,1228,28,8103,California
Merced,2021-01-25,729,10023,241,6117,488,3906,0,0,670,7488,58,1286,671,8774,California
Merced,2021-01-26,917,10940,487,6604,430,4336,0,0,675,7949,215,1501,676,9450,California
Merced,2021-01-27,983,11923,586,7190,397,4733,0,0,814,8596,167,1668,814,10264,California
Merced,2021-01-28,1140,13063,594,7784,546,5279,0,0,1016,9490,123,1791,1017,11281,California
Merced,2021-01-29,851,13914,324,8108,527,5806,0,0,599,9852,240,2031,602,11883,California
Merced,2021-01-30,262,14176,28,8136,234,6040,0,0,245,10080,17,2048,245,12128,California
Merced,2021-01-31,47,14223,11,8147,36,6076,0,0,46,10125,1,2049,46,12174,California
Merced,2021-02-01,377,14600,54,8201,323,6399,0,0,327,10404,49,2098,328,12502,California
Merced,2021-02-02,298,14898,181,8382,117,6516,0,0,176,10462,119,2217,177,12679,California
Merced,2021-02-03,349,15247,72,8454,277,6793,0,0,168,10449,181,2398,168,12847,California
Merced,2021-02-04,371,15618,145,8599,226,7019,0,0,240,10560,130,2528,241,13088,California
Merced,2021-02-05,511,16129,171,8770,340,7359,0,0,270,10592,240,2768,272,13360,California
Merced,2021-02-06,388,16517,218,8988,170,7529,0,0,245,10697,141,2909,246,13606,California
Merced,2021-02-07,21,16538,13,9001,8,7537,0,0,14,10704,7,2916,14,13620,California
Merced,2021-02-08,281,16819,198,9199,83,7620,0,0,171,10767,109,3025,172,13792,California
Merced,2021-02-09,1215,18034,955,10154,260,7880,0,0,772,11105,435,3460,773,14565,California
Merced,2021-02-10,1857,19891,1433,11587,424,8304,0,0,1274,11806,573,4033,1274,15839,California
Merced,2021-02-11,2509,22400,2010,13597,499,8803,0,0,1816,12941,681,4714,1816,17655,California
Merced,2021-02-12,1716,24116,1014,14611,702,9505,0,0,745,12734,954,5668,747,18402,California
Merced,2021-02-13,361,24477,206,14817,155,9660,0,0,262,12903,95,5763,264,18666,California
Merced,2021-02-14,117,24594,26,14843,91,9751,0,0,95,12977,22,5785,96,18762,California
Merced,2021-02-15,274,24868,42,14885,232,9983,0,0,169,13049,98,5883,170,18932,California
Merced,2021-02-16,1216,26084,844,15729,372,10355,0,0,835,13526,362,6245,839,19771,California
Merced,2021-02-17,1883,27967,1638,17367,245,10600,0,0,1311,14289,557,6802,1320,21091,California
Merced,2021-02-18,1213,29180,823,18190,390,10990,0,0,404,13908,788,7590,407,21498,California
Merced,2021-02-19,1265,30445,415,18605,850,11840,0,0,539,13729,720,8310,541,22039,California
Merced,2021-02-20,278,30723,32,18637,246,12086,0,0,140,13733,136,8446,140,22179,California
Merced,2021-02-21,77,30800,62,18699,15,12101,0,0,31,13719,45,8491,31,22210,California
Merced,2021-02-22,832,31632,294,18993,538,12639,0,0,482,13853,348,8839,482,22692,California
Merced,2021-02-23,1084,32716,423,19416,661,13300,0,0,639,14054,439,9278,640,23332,California
Merced,2021-02-24,818,33534,302,19718,516,13816,0,0,446,14138,363,9641,447,23779,California
Merced,2021-02-25,1768,35302,875,20593,893,14709,0,0,1315,15006,450,10091,1318,25097,California
Merced,2021-02-26,2153,37455,1378,21971,775,15484,0,0,1741,16342,406,10497,1742,26839,California
Merced,2021-02-27,2579,40034,1152,23123,1427,16911,0,0,2293,18351,284,10781,2293,29132,California
Merced,2021-02-28,308,40342,73,23196,235,17146,0,0,253,18553,51,10832,253,29385,California
Merced,2021-03-01,1121,41463,281,23477,839,17985,1,1,778,18998,334,11166,779,30164,California
Merced,2021-03-02,1756,43219,910,24387,845,18830,1,2,1364,19980,385,11551,1367,31531,California
Merced,2021-03-03,2228,45447,1732,26119,495,19325,1,3,1469,20711,740,12291,1471,33002,California
Merced,2021-03-04,2896,48343,2276,28395,618,19943,2,5,1922,21680,956,13247,1925,34927,California
Merced,2021-03-05,2068,50411,1193,29588,851,20794,24,29,1528,22707,526,13773,1553,36480,California
Merced,2021-03-06,1167,51578,663,30251,482,21276,22,51,911,23385,255,14028,933,37413,California
Merced,2021-03-07,230,51808,66,30317,139,21415,25,76,201,23582,29,14057,226,37639,California
Merced,2021-03-08,1408,53216,809,31126,534,21949,65,141,1192,24623,215,14272,1256,38895,California
Merced,2021-03-09,1700,54916,1003,32129,589,22538,108,249,1100,25237,594,14866,1208,40103,California
Merced,2021-03-10,2702,57618,1870,33999,632,23170,200,449,1626,26005,1061,15927,1829,41932,California
Merced,2021-03-11,1947,59565,695,34694,1047,24217,205,654,1226,26752,706,16633,1453,43385,California
Merced,2021-03-12,2211,61776,902,35596,1041,25258,268,922,1496,27818,710,17343,1776,45161,California
Merced,2021-03-13,730,62506,310,35906,178,25436,242,1164,423,28185,299,17642,666,45827,California
Merced,2021-03-14,249,62755,136,36042,83,25519,30,1194,149,28265,99,17741,179,46006,California
Merced,2021-03-15,1518,64273,495,36537,767,26286,256,1450,1000,29009,511,18252,1255,47261,California
Merced,2021-03-16,1469,65742,714,37251,529,26815,226,1676,979,29735,479,18731,1205,48466,California
Merced,2021-03-17,1972,67714,1063,38314,729,27544,180,1856,1515,30984,448,19179,1697,50163,California
Merced,2021-03-18,2110,69824,1240,39554,723,28267,147,2003,1395,31838,701,19880,1555,51718,California
Merced,2021-03-19,2668,72492,1455,41009,1020,29287,193,2196,1387,32149,1270,21150,1581,53299,California
Merced,2021-03-20,2444,74936,1515,42524,534,29821,395,2591,958,32024,1482,22632,1357,54656,California
Merced,2021-03-21,557,75493,343,42867,201,30022,13,2604,437,32356,120,22752,452,55108,California
Merced,2021-03-22,1263,76756,630,43497,557,30579,76,2680,885,32949,370,23122,963,56071,California
Merced,2021-03-23,1834,78590,1107,44604,663,31242,64,2744,1352,33888,477,23599,1416,57487,California
Merced,2021-03-24,1467,80057,927,45531,505,31747,35,2779,989,34439,473,24072,1024,58511,California
Merced,2021-03-25,3321,83378,2279,47810,1019,32766,23,2802,2081,35318,1228,25300,2107,60618,California
Merced,2021-03-26,1938,85316,1089,48899,814,33580,35,2837,891,35206,1037,26337,925,61543,California
Merced,2021-03-27,3561,88877,1906,50805,1238,34818,417,3254,1552,35180,1996,28333,1970,63513,California
Merced,2021-03-28,521,89398,215,51020,298,35116,8,3262,215,35099,304,28637,223,63736,California
Merced,2021-03-29,1828,91226,780,51800,881,35997,167,3429,670,34790,1150,29787,841,64577,California
Merced,2021-03-30,2150,93376,803,52603,1288,37285,59,3488,991,34689,1153,30940,1052,65629,California
Merced,2021-03-31,2143,95519,1410,54013,695,37980,38,3526,954,34508,1174,32114,993,66622,California
Merced,2021-04-01,2220,97739,1024,55037,1069,39049,127,3653,1007,34437,1207,33321,1136,67758,California
Merced,2021-04-02,2341,100080,640,55677,1296,40345,405,4058,786,34091,1538,34859,1192,68950,California
Merced,2021-04-03,913,100993,434,56111,464,40809,15,4073,503,34205,406,35265,520,69470,California
Merced,2021-04-04,371,101364,143,56254,224,41033,4,4077,142,34125,228,35493,148,69618,California
Merced,2021-04-05,1271,102635,606,56860,453,41486,212,4289,418,33908,846,36339,629,70247,California
Merced,2021-04-06,2426,105061,898,57758,700,42186,828,5117,891,34096,1530,37869,1718,71965,California
Merced,2021-04-07,1658,106719,889,58647,662,42848,107,5224,586,33737,1054,38923,695,72660,California
Merced,2021-04-08,2309,109028,1181,59828,913,43761,215,5439,823,33318,1455,40378,1036,73696,California
Merced,2021-04-09,1692,110720,471,60299,645,44406,576,6015,565,33351,1111,41489,1144,74840,California
Merced,2021-04-10,698,111418,364,60663,146,44552,188,6203,176,33197,516,42005,362,75202,California
Merced,2021-04-11,488,111906,281,60944,72,44624,135,6338,147,33141,339,42344,283,75485,California
Merced,2021-04-12,1454,113360,944,61888,388,45012,122,6460,827,33499,591,42935,949,76434,California
Merced,2021-04-13,2039,115399,1460,63348,576,45588,3,6463,935,33428,1013,43948,942,77376,California
Merced,2021-04-14,2049,117448,1215,64563,834,46422,0,6463,901,33315,1016,44964,903,78279,California
Merced,2021-04-15,3021,120469,1980,66543,1041,47463,0,6463,957,32443,1834,46798,962,79241,California
Merced,2021-04-16,2381,122850,1165,67708,1216,48679,0,6463,971,32103,1311,48109,971,80212,California
Merced,2021-04-17,1851,124701,1196,68904,654,49333,1,6464,541,31344,1302,49411,543,80755,California
Merced,2021-04-18,469,125170,247,69151,222,49555,0,6464,191,31284,251,49662,191,80946,California
Merced,2021-04-19,1338,126508,752,69903,586,50141,0,6464,708,31458,535,50197,709,81655,California
Merced,2021-04-20,1469,127977,737,70640,732,50873,0,6464,800,31659,599,50796,800,82455,California
Merced,2021-04-21,1479,129456,891,71531,588,51461,0,6464,753,31798,614,51410,753,83208,California
Merced,2021-04-22,1612,131068,741,72272,871,52332,0,6464,780,31828,751,52161,781,83989,California
Merced,2021-04-23,1647,132715,684,72956,963,53295,0,6464,889,32006,712,52873,890,84879,California
Merced,2021-04-24,574,133289,405,73361,169,53464,0,6464,391,32218,179,53052,391,85270,California
Merced,2021-04-25,327,133616,187,73548,140,53604,0,6464,193,32280,131,53183,193,85463,California
Merced,2021-04-26,1192,134808,524,74072,668,54272,0,6464,620,32363,539,53722,622,86085,California
Merced,2021-04-27,1742,136550,882,74954,850,55122,10,6474,696,32091,979,54701,707,86792,California
Merced,2021-04-28,1372,137922,681,75635,682,55804,9,6483,784,32319,566,55267,794,87586,California
Merced,2021-04-29,1408,139330,600,76235,783,56587,25,6508,654,32255,745,56012,681,88267,California
Merced,2021-04-30,1454,140784,614,76849,796,57383,44,6552,745,32340,705,56717,790,89057,California
Merced,2021-05-01,556,141340,240,77089,311,57694,5,6557,258,32307,295,57012,262,89319,California
Merced,2021-05-02,293,141633,118,77207,160,57854,15,6572,129,32289,163,57175,145,89464,California
Merced,2021-05-03,840,142473,546,77753,223,58077,71,6643,299,32121,539,57714,371,89835,California
Merced,2021-05-04,1014,143487,541,78294,421,58498,52,6695,372,31907,638,58352,424,90259,California
Merced,2021-05-05,1208,144695,715,79009,417,58915,76,6771,532,31849,666,59018,608,90867,California
Merced,2021-05-06,904,145599,471,79480,384,59299,49,6820,303,31607,594,59612,352,91219,California
Merced,2021-05-07,927,146526,290,79770,595,59894,42,6862,393,31514,530,60142,437,91656,California
Merced,2021-05-08,396,146922,201,79971,159,60053,36,6898,180,31515,215,60357,216,91872,California
Merced,2021-05-09,213,147135,107,80078,99,60152,7,6905,102,31514,110,60467,109,91981,California
Merced,2021-05-10,690,147825,353,80431,301,60453,36,6941,189,31239,500,60967,225,92206,California
Merced,2021-05-11,1107,148932,652,81083,402,60855,53,6994,425,31041,676,61643,478,92684,California
Merced,2021-05-12,984,149916,525,81608,420,61275,39,7033,312,30723,669,62312,351,93035,California
Merced,2021-05-13,799,150715,399,82007,358,61633,42,7075,296,30562,500,62812,339,93374,California
Merced,2021-05-14,1004,151719,616,82623,348,61981,40,7115,524,30654,472,63284,564,93938,California
Merced,2021-05-15,747,152466,565,83188,163,62144,19,7134,442,30818,298,63582,462,94400,California
Merced,2021-05-16,346,152812,231,83419,107,62251,8,7142,199,30882,144,63726,208,94608,California
Merced,2021-05-17,1047,153859,667,84086,351,62602,29,7171,505,30879,538,64264,535,95143,California
Merced,2021-05-18,1264,155123,845,84931,388,62990,31,7202,720,31093,537,64801,751,95894,California
Merced,2021-05-19,1085,156208,737,85668,341,63331,7,7209,608,31239,473,65274,619,96513,California
Merced,2021-05-20,906,157114,466,86134,385,63716,55,7264,339,31068,565,65839,394,96907,California
Merced,2021-05-21,1053,158167,601,86735,426,64142,26,7290,427,30905,616,66455,453,97360,California
Merced,2021-05-22,592,158759,409,87144,171,64313,12,7302,342,31011,248,66703,354,97714,California
Merced,2021-05-23,271,159030,200,87344,60,64373,11,7313,194,31139,77,66780,205,97919,California
Merced,2021-05-24,510,159540,224,87568,255,64628,31,7344,207,31077,300,67080,238,98157,California
Merced,2021-05-25,749,160289,420,87988,296,64924,33,7377,400,31165,345,67425,433,98590,California
Merced,2021-05-26,823,161112,499,88487,291,65215,33,7410,311,30998,511,67936,344,98934,California
Merced,2021-05-27,852,161964,606,89093,214,65429,32,7442,549,31280,299,68235,581,99515,California
Merced,2021-05-28,669,162633,318,89411,307,65736,44,7486,303,31267,362,68597,349,99864,California
Merced,2021-05-29,375,163008,261,89672,106,65842,8,7494,161,31224,212,68809,169,100033,California
Merced,2021-05-30,205,163213,139,89811,56,65898,10,7504,129,31287,76,68885,139,100172,California
Merced,2021-05-31,73,163286,0,89811,67,65965,6,7510,14,31249,58,68943,20,100192,California
Modoc,2020-12-16,1,1,1,1,0,0,0,0,1,1,0,0,1,1,California
Modoc,2020-12-21,99,100,99,100,0,0,0,0,99,100,0,0,99,100,California
Modoc,2020-12-22,14,114,14,114,0,0,0,0,14,114,0,0,14,114,California
Modoc,2020-12-23,4,118,4,118,0,0,0,0,4,118,0,0,4,118,California
Modoc,2020-12-24,1,119,1,119,0,0,0,0,1,119,0,0,1,119,California
Modoc,2020-12-28,2,121,2,121,0,0,0,0,2,121,0,0,2,121,California
Modoc,2020-12-29,10,131,1,122,9,9,0,0,10,131,0,0,10,131,California
Modoc,2020-12-30,7,138,0,122,7,16,0,0,7,138,0,0,7,138,California
Modoc,2021-01-02,3,141,1,123,2,18,0,0,3,141,0,0,3,141,California
Modoc,2021-01-04,8,149,0,123,8,26,0,0,8,149,0,0,8,149,California
Modoc,2021-01-05,3,152,2,125,1,27,0,0,3,152,0,0,3,152,California
Modoc,2021-01-06,3,155,2,127,1,28,0,0,2,153,1,1,2,154,California
Modoc,2021-01-07,72,227,0,127,72,100,0,0,72,225,0,1,72,226,California
Modoc,2021-01-08,105,332,0,127,105,205,0,0,105,330,0,1,105,331,California
Modoc,2021-01-10,1,333,1,128,0,205,0,0,0,329,1,2,0,331,California
Modoc,2021-01-11,90,423,81,209,9,214,0,0,19,277,71,73,19,350,California
Modoc,2021-01-12,94,517,25,234,69,283,0,0,68,319,26,99,68,418,California
Modoc,2021-01-13,24,541,4,238,20,303,0,0,22,339,2,101,22,440,California
Modoc,2021-01-14,129,670,6,244,123,426,0,0,124,458,5,106,124,564,California
Modoc,2021-01-15,6,676,1,245,5,431,0,0,6,464,0,106,6,570,California
Modoc,2021-01-16,1,677,1,246,0,431,0,0,1,465,0,106,1,571,California
Modoc,2021-01-18,1,678,1,247,0,431,0,0,1,466,0,106,1,572,California
Modoc,2021-01-19,5,683,3,250,2,433,0,0,3,467,2,108,3,575,California
Modoc,2021-01-20,11,694,1,251,10,443,0,0,11,478,0,108,11,586,California
Modoc,2021-01-21,157,851,2,253,155,598,0,0,157,635,0,108,157,743,California
Modoc,2021-01-22,2,853,0,253,2,600,0,0,2,637,0,108,2,745,California
Modoc,2021-01-25,11,864,0,253,11,611,0,0,11,648,0,108,11,756,California
Modoc,2021-01-26,65,929,1,254,64,675,0,0,65,713,0,108,65,821,California
Modoc,2021-01-27,41,970,2,256,39,714,0,0,25,722,16,124,25,846,California
Modoc,2021-01-28,146,1116,2,258,144,858,0,0,145,866,1,125,145,991,California
Modoc,2021-01-29,3,1119,1,259,2,860,0,0,3,869,0,125,3,994,California
Modoc,2021-02-01,26,1145,13,272,13,873,0,0,12,867,14,139,12,1006,California
Modoc,2021-02-02,170,1315,2,274,168,1041,0,0,167,1031,3,142,167,1173,California
Modoc,2021-02-03,18,1333,13,287,5,1046,0,0,11,1035,7,149,11,1184,California
Modoc,2021-02-04,154,1487,3,290,151,1197,0,0,26,933,128,277,26,1210,California
Modoc,2021-02-05,3,1490,2,292,1,1198,0,0,2,934,1,278,2,1212,California
Modoc,2021-02-08,9,1499,2,294,7,1205,0,0,8,941,1,279,8,1220,California
Modoc,2021-02-09,197,1696,13,307,184,1389,0,0,65,874,132,411,65,1285,California
Modoc,2021-02-10,5,1701,2,309,3,1392,0,0,4,877,1,412,4,1289,California
Modoc,2021-02-11,201,1902,3,312,198,1590,0,0,83,842,118,530,83,1372,California
Modoc,2021-02-12,4,1906,0,312,4,1594,0,0,2,842,2,532,2,1374,California
Modoc,2021-02-13,1,1907,0,312,1,1595,0,0,1,843,0,532,1,1375,California
Modoc,2021-02-16,147,2054,6,318,141,1736,0,0,143,982,4,536,143,1518,California
Modoc,2021-02-17,24,2078,1,319,23,1759,0,0,12,982,12,548,12,1530,California
Modoc,2021-02-18,188,2266,2,321,186,1945,0,0,25,846,162,710,26,1556,California
Modoc,2021-02-19,4,2270,4,325,0,1945,0,0,3,848,1,711,3,1559,California
Modoc,2021-02-20,1,2271,1,326,0,1945,0,0,0,847,1,712,0,1559,California
Modoc,2021-02-22,17,2288,9,335,8,1953,0,0,3,836,14,726,3,1562,California
Modoc,2021-02-23,20,2308,2,337,18,1971,0,0,1,818,19,745,1,1563,California
Modoc,2021-02-24,91,2399,1,338,90,2061,0,0,31,789,60,805,31,1594,California
Modoc,2021-02-25,169,2568,0,338,169,2230,0,0,12,644,157,962,12,1606,California
Modoc,2021-02-26,3,2571,0,338,3,2233,0,0,1,643,2,964,1,1607,California
Modoc,2021-02-27,3,2574,3,341,0,2233,0,0,2,644,1,965,2,1609,California
Modoc,2021-03-01,5,2579,0,341,5,2238,0,0,0,640,4,969,0,1609,California
Modoc,2021-03-02,193,2772,12,353,181,2419,0,0,26,499,167,1136,26,1635,California
Modoc,2021-03-03,12,2784,6,359,6,2425,0,0,2,491,10,1146,2,1637,California
Modoc,2021-03-04,174,2958,2,361,172,2597,0,0,147,611,27,1173,147,1784,California
Modoc,2021-03-05,4,2962,3,364,1,2598,0,0,2,611,2,1175,2,1786,California
Modoc,2021-03-06,11,2973,0,364,1,2599,10,10,1,612,10,1185,11,1797,California
Modoc,2021-03-07,8,2981,2,366,0,2599,6,16,2,614,6,1191,8,1805,California
Modoc,2021-03-08,8,2989,1,367,3,2602,4,20,1,613,6,1197,5,1810,California
Modoc,2021-03-09,126,3115,10,377,108,2710,8,28,61,617,65,1262,69,1879,California
Modoc,2021-03-10,9,3124,3,380,2,2712,4,32,4,620,5,1267,8,1887,California
Modoc,2021-03-11,207,3331,0,380,99,2811,108,140,22,565,185,1452,130,2017,California
Modoc,2021-03-12,11,3342,2,382,4,2815,5,145,4,567,7,1459,9,2026,California
Modoc,2021-03-13,4,3346,0,382,1,2816,3,148,1,568,3,1462,4,2030,California
Modoc,2021-03-15,12,3358,1,383,10,2826,1,149,10,577,2,1464,11,2041,California
Modoc,2021-03-16,173,3531,1,384,168,2994,4,153,42,491,131,1595,45,2086,California
Modoc,2021-03-17,10,3541,1,385,4,2998,5,158,2,490,8,1603,7,2093,California
Modoc,2021-03-18,68,3609,2,387,59,3057,7,165,36,501,32,1635,43,2136,California
Modoc,2021-03-19,5,3614,0,387,0,3057,5,170,0,501,5,1640,5,2141,California
Modoc,2021-03-20,5,3619,2,389,0,3057,3,173,0,499,5,1645,3,2144,California
Modoc,2021-03-21,4,3623,1,390,1,3058,2,175,2,501,2,1647,4,2148,California
Modoc,2021-03-22,17,3640,1,391,11,3069,5,180,12,513,5,1652,17,2165,California
Modoc,2021-03-23,37,3677,7,398,27,3096,3,183,28,535,9,1661,31,2196,California
Modoc,2021-03-24,29,3706,1,399,18,3114,10,193,1,518,28,1689,11,2207,California
Modoc,2021-03-25,77,3783,1,400,74,3188,2,195,45,533,32,1721,47,2254,California
Modoc,2021-03-26,7,3790,2,402,2,3190,3,198,2,533,5,1726,5,2259,California
Modoc,2021-03-27,2,3792,0,402,1,3191,1,199,1,534,1,1727,2,2261,California
Modoc,2021-03-28,2,3794,1,403,0,3191,1,200,0,533,2,1729,1,2262,California
Modoc,2021-03-29,14,3808,1,404,5,3196,8,208,5,537,9,1738,13,2275,California
Modoc,2021-03-30,55,3863,10,414,38,3234,7,215,21,531,34,1772,28,2303,California
Modoc,2021-03-31,9,3872,3,417,2,3236,4,219,3,532,6,1778,7,2310,California
Modoc,2021-04-01,167,4039,2,419,160,3396,5,224,32,434,135,1913,37,2347,California
Modoc,2021-04-02,5,4044,0,419,2,3398,3,227,1,435,3,1916,4,2351,California
Modoc,2021-04-03,5,4049,2,421,0,3398,3,230,2,437,2,1918,4,2355,California
Modoc,2021-04-05,9,4058,0,421,9,3407,0,230,9,446,0,1918,9,2364,California
Modoc,2021-04-06,24,4082,5,426,9,3416,10,240,6,444,18,1936,16,2380,California
Modoc,2021-04-07,12,4094,1,427,4,3420,7,247,3,445,9,1945,10,2390,California
Modoc,2021-04-08,96,4190,1,428,92,3512,3,250,26,404,70,2015,29,2419,California
Modoc,2021-04-09,11,4201,2,430,6,3518,3,253,2,399,9,2024,4,2423,California
Modoc,2021-04-10,5,4206,0,430,1,3519,4,257,0,398,5,2029,4,2427,California
Modoc,2021-04-11,2,4208,2,432,0,3519,0,257,1,398,1,2030,1,2428,California
Modoc,2021-04-12,14,4222,0,432,10,3529,4,261,1,392,11,2041,5,2433,California
Modoc,2021-04-13,30,4252,29,461,1,3530,0,261,21,404,9,2050,21,2454,California
Modoc,2021-04-14,2,4254,2,463,0,3530,0,261,1,404,1,2051,1,2455,California
Modoc,2021-04-15,100,4354,0,463,100,3630,0,261,27,358,73,2124,27,2482,California
Modoc,2021-04-16,4,4358,4,467,0,3630,0,261,3,360,1,2125,3,2485,California
Modoc,2021-04-17,2,4360,2,469,0,3630,0,261,2,362,0,2125,2,2487,California
Modoc,2021-04-18,1,4361,0,469,1,3631,0,261,1,363,0,2125,1,2488,California
Modoc,2021-04-19,6,4367,0,469,6,3637,0,261,1,359,5,2130,1,2489,California
Modoc,2021-04-20,26,4393,2,471,24,3661,0,261,8,349,18,2148,8,2497,California
Modoc,2021-04-21,4,4397,4,475,0,3661,0,261,1,347,3,2151,1,2498,California
Modoc,2021-04-22,97,4494,3,478,94,3755,0,261,40,330,57,2208,40,2538,California
Modoc,2021-04-23,4,4498,0,478,4,3759,0,261,3,332,1,2209,3,2541,California
Modoc,2021-04-24,3,4501,1,479,1,3760,1,262,2,334,1,2210,3,2544,California
Modoc,2021-04-25,1,4502,1,480,0,3760,0,262,1,335,0,2210,1,2545,California
Modoc,2021-04-26,8,4510,1,481,7,3767,0,262,3,333,5,2215,3,2548,California
Modoc,2021-04-27,6,4516,4,485,1,3768,1,263,1,330,5,2220,2,2550,California
Modoc,2021-04-28,6,4522,1,486,4,3772,1,264,2,329,4,2224,3,2553,California
Modoc,2021-04-29,66,4588,2,488,64,3836,0,264,24,311,42,2266,24,2577,California
Modoc,2021-04-30,5,4593,4,492,1,3837,0,264,3,312,2,2268,3,2580,California
Modoc,2021-05-01,1,4594,1,493,0,3837,0,264,0,311,1,2269,0,2580,California
Modoc,2021-05-02,4,4598,3,496,1,3838,0,264,3,313,1,2270,3,2583,California
Modoc,2021-05-03,10,4608,0,496,9,3847,1,265,0,304,10,2280,1,2584,California
Modoc,2021-05-04,11,4619,3,499,6,3853,2,267,5,305,6,2286,7,2591,California
Modoc,2021-05-05,27,4646,24,523,2,3855,1,268,8,295,19,2305,9,2600,California
Modoc,2021-05-06,54,4700,3,526,49,3904,2,270,21,285,33,2338,23,2623,California
Modoc,2021-05-07,8,4708,3,529,3,3907,2,272,2,283,6,2344,4,2627,California
Modoc,2021-05-08,3,4711,2,531,0,3907,1,273,1,283,2,2346,2,2629,California
Modoc,2021-05-09,2,4713,2,533,0,3907,0,273,1,283,1,2347,1,2630,California
Modoc,2021-05-10,2,4715,0,533,1,3908,1,274,1,284,1,2348,2,2632,California
Modoc,2021-05-11,3,4718,2,535,0,3908,1,275,0,282,3,2351,1,2633,California
Modoc,2021-05-12,2,4720,0,535,0,3908,2,277,0,282,2,2353,2,2635,California
Modoc,2021-05-13,43,4763,1,536,38,3946,4,281,14,271,29,2382,18,2653,California
Modoc,2021-05-14,10,4773,4,540,1,3947,5,286,4,274,6,2388,9,2662,California
Modoc,2021-05-15,4,4777,3,543,1,3948,0,286,4,278,0,2388,4,2666,California
Modoc,2021-05-16,3,4780,2,545,1,3949,0,286,0,275,3,2391,0,2666,California
Modoc,2021-05-17,5,4785,3,548,2,3951,0,286,4,278,1,2392,4,2670,California
Modoc,2021-05-18,22,4807,11,559,9,3960,2,288,13,284,9,2401,15,2685,California
Modoc,2021-05-19,9,4816,2,561,3,3963,4,292,5,289,4,2405,9,2694,California
Modoc,2021-05-20,58,4874,2,563,47,4010,9,301,7,254,51,2456,16,2710,California
Modoc,2021-05-21,8,4882,6,569,1,4011,1,302,1,249,7,2463,2,2712,California
Modoc,2021-05-22,1,4883,1,570,0,4011,0,302,0,248,1,2464,0,2712,California
Modoc,2021-05-23,2,4885,2,572,0,4011,0,302,0,246,2,2466,0,2712,California
Modoc,2021-05-24,3,4888,1,573,0,4011,2,304,1,247,2,2468,3,2715,California
Modoc,2021-05-25,3,4891,1,574,2,4013,0,304,1,246,2,2470,1,2716,California
Modoc,2021-05-26,32,4923,29,603,3,4016,0,304,22,259,10,2480,23,2739,California
Modoc,2021-05-27,30,4953,2,605,23,4039,5,309,7,248,23,2503,12,2751,California
Modoc,2021-05-28,8,4961,1,606,4,4043,3,312,3,249,5,2508,6,2757,California
Modoc,2021-05-29,2,4963,1,607,1,4044,0,312,0,247,2,2510,0,2757,California
Mono,2020-12-18,1,1,1,1,0,0,0,0,1,1,0,0,1,1,California
Mono,2020-12-19,5,6,5,6,0,0,0,0,5,6,0,0,5,6,California
Mono,2020-12-20,7,13,7,13,0,0,0,0,7,13,0,0,7,13,California
Mono,2020-12-21,24,37,17,30,7,7,0,0,24,37,0,0,24,37,California
Mono,2020-12-22,66,103,65,95,1,8,0,0,66,103,0,0,66,103,California
Mono,2020-12-23,70,173,42,137,28,36,0,0,70,173,0,0,70,173,California
Mono,2020-12-24,3,176,1,138,2,38,0,0,3,176,0,0,3,176,California
Mono,2020-12-26,3,179,3,141,0,38,0,0,3,179,0,0,3,179,California
Mono,2020-12-27,1,180,0,141,1,39,0,0,1,180,0,0,1,180,California
Mono,2020-12-28,94,274,63,204,31,70,0,0,94,274,0,0,94,274,California
Mono,2020-12-29,29,303,29,233,0,70,0,0,29,303,0,0,29,303,California
Mono,2020-12-30,77,380,36,269,41,111,0,0,77,380,0,0,77,380,California
Mono,2020-12-31,4,384,1,270,3,114,0,0,4,384,0,0,4,384,California
Mono,2021-01-01,4,388,4,274,0,114,0,0,4,388,0,0,4,388,California
Mono,2021-01-02,2,390,2,276,0,114,0,0,2,390,0,0,2,390,California
Mono,2021-01-04,2,392,0,276,2,116,0,0,2,392,0,0,2,392,California
Mono,2021-01-05,45,437,2,278,43,159,0,0,44,435,1,1,44,436,California
Mono,2021-01-06,44,481,0,278,44,203,0,0,44,479,0,1,44,480,California
Mono,2021-01-07,55,536,3,281,52,255,0,0,54,532,1,2,54,534,California
Mono,2021-01-08,2,538,1,282,1,256,0,0,1,532,1,3,1,535,California
Mono,2021-01-09,4,542,4,286,0,256,0,0,0,528,4,7,0,535,California
Mono,2021-01-10,5,547,5,291,0,256,0,0,0,523,5,12,0,535,California
Mono,2021-01-11,8,555,5,296,3,259,0,0,4,523,4,16,4,539,California
Mono,2021-01-12,283,838,75,371,208,467,0,0,219,679,63,79,219,758,California
Mono,2021-01-13,233,1071,73,444,160,627,0,0,178,802,55,134,178,936,California
Mono,2021-01-14,73,1144,71,515,2,629,0,0,73,875,0,134,73,1009,California
Mono,2021-01-15,62,1206,2,517,60,689,0,0,62,937,0,134,62,1071,California
Mono,2021-01-16,4,1210,3,520,1,690,0,0,1,935,3,137,1,1072,California
Mono,2021-01-18,64,1274,55,575,9,699,0,0,2,875,62,199,2,1074,California
Mono,2021-01-19,210,1484,208,783,2,701,0,0,172,1010,38,237,173,1247,California
Mono,2021-01-20,230,1714,198,981,32,733,0,0,169,1118,61,298,169,1416,California
Mono,2021-01-21,3,1717,3,984,0,733,0,0,3,1121,0,298,3,1419,California
Mono,2021-01-22,4,1721,0,984,4,737,0,0,4,1125,0,298,4,1423,California
Mono,2021-01-23,594,2315,594,1578,0,737,0,0,593,1717,1,299,593,2016,California
Mono,2021-01-24,1,2316,0,1578,1,738,0,0,0,1716,1,300,0,2016,California
Mono,2021-01-25,201,2517,163,1741,38,776,0,0,162,1839,39,339,162,2178,California
Mono,2021-01-26,505,3022,503,2244,2,778,0,0,499,2332,6,345,499,2677,California
Mono,2021-01-27,5,3027,1,2245,4,782,0,0,5,2337,0,345,5,2682,California
Mono,2021-01-28,6,3033,2,2247,4,786,0,0,2,2335,4,349,2,2684,California
Mono,2021-01-30,200,3233,198,2445,2,788,0,0,199,2533,1,350,199,2883,California
Mono,2021-01-31,242,3475,137,2582,105,893,0,0,138,2567,104,454,138,3021,California
Mono,2021-02-01,27,3502,27,2609,0,893,0,0,0,2540,27,481,0,3021,California
Mono,2021-02-02,5,3507,0,2609,5,898,0,0,2,2539,3,484,2,3023,California
Mono,2021-02-03,4,3511,2,2611,2,900,0,0,2,2539,2,486,2,3025,California
Mono,2021-02-04,211,3722,158,2769,53,953,0,0,90,2508,121,607,90,3115,California
Mono,2021-02-05,617,4339,611,3380,6,959,0,0,614,3119,3,610,614,3729,California
Mono,2021-02-06,138,4477,137,3517,1,960,0,0,137,3255,1,611,137,3866,California
Mono,2021-02-07,2,4479,0,3517,2,962,0,0,2,3257,0,611,2,3868,California
Mono,2021-02-08,172,4651,172,3689,0,962,0,0,15,3116,156,767,15,3883,California
Mono,2021-02-09,226,4877,6,3695,220,1182,0,0,13,2916,213,980,13,3896,California
Mono,2021-02-10,536,5413,186,3881,350,1532,0,0,193,2767,343,1323,194,4090,California
Mono,2021-02-11,7,5420,4,3885,3,1535,0,0,2,2764,5,1328,2,4092,California
Mono,2021-02-12,84,5504,20,3905,64,1599,0,0,26,2732,58,1386,26,4118,California
Mono,2021-02-13,585,6089,585,4490,0,1599,0,0,25,2198,559,1945,25,4143,California
Mono,2021-02-15,165,6254,163,4653,2,1601,0,0,3,2041,160,2105,3,4146,California
Mono,2021-02-16,517,6771,514,5167,3,1604,0,0,45,1617,469,2574,45,4191,California
Mono,2021-02-17,7,6778,2,5169,5,1609,0,0,2,1614,5,2579,2,4193,California
Mono,2021-02-18,3,6781,2,5171,1,1610,0,0,2,1615,1,2580,2,4195,California
Mono,2021-02-19,54,6835,53,5224,1,1611,0,0,54,1669,0,2580,54,4249,California
Mono,2021-02-20,4,6839,4,5228,0,1611,0,0,4,1673,0,2580,4,4253,California
Mono,2021-02-21,6,6845,6,5234,0,1611,0,0,4,1675,2,2582,4,4257,California
Mono,2021-02-22,283,7128,282,5516,1,1612,0,0,24,1441,258,2840,24,4281,California
Mono,2021-02-23,137,7265,117,5633,20,1632,0,0,22,1348,115,2955,22,4303,California
Mono,2021-02-24,10,7275,3,5636,7,1639,0,0,4,1346,6,2961,4,4307,California
Mono,2021-02-25,5,7280,2,5638,3,1642,0,0,3,1348,1,2962,3,4310,California
Mono,2021-02-26,598,7878,596,6234,2,1644,0,0,21,793,576,3538,21,4331,California
Mono,2021-02-27,141,8019,137,6371,4,1648,0,0,4,662,135,3673,4,4335,California
Mono,2021-03-01,2,8021,2,6373,0,1648,0,0,1,663,0,3673,1,4336,California
Mono,2021-03-02,6,8027,4,6377,2,1650,0,0,4,665,2,3675,4,4340,California
Mono,2021-03-03,112,8139,2,6379,110,1760,0,0,109,772,2,3677,109,4449,California
Mono,2021-03-04,5,8144,1,6380,4,1764,0,0,3,773,2,3679,3,4452,California
Mono,2021-03-05,37,8181,27,6407,10,1774,0,0,14,764,23,3702,14,4466,California
Mono,2021-03-06,507,8688,17,6424,490,2264,0,0,499,1258,6,3708,500,4966,California
Mono,2021-03-07,1,8689,0,6424,1,2265,0,0,0,1257,1,3709,0,4966,California
Mono,2021-03-08,536,9225,11,6435,522,2787,3,3,527,1778,9,3718,530,5496,California
Mono,2021-03-09,6,9231,2,6437,3,2790,1,4,3,1780,2,3720,4,5500,California
Mono,2021-03-10,286,9517,90,6527,193,2983,3,7,9,1518,274,3994,12,5512,California
Mono,2021-03-11,10,9527,0,6527,1,2984,9,16,0,1517,10,4004,9,5521,California
Mono,2021-03-12,7,9534,1,6528,1,2985,5,21,0,1515,7,4011,5,5526,California
Mono,2021-03-13,823,10357,386,6914,437,3422,0,21,815,2322,8,4019,815,6341,California
Mono,2021-03-14,4,10361,4,6918,0,3422,0,21,0,2318,4,4023,0,6341,California
Mono,2021-03-15,31,10392,23,6941,3,3425,5,26,14,2321,16,4039,19,6360,California
Mono,2021-03-16,16,10408,6,6947,4,3429,6,32,8,2327,8,4047,14,6374,California
Mono,2021-03-17,33,10441,5,6952,20,3449,8,40,21,2344,12,4059,29,6403,California
Mono,2021-03-18,21,10462,2,6954,11,3460,8,48,9,2349,12,4071,17,6420,California
Mono,2021-03-19,21,10483,1,6955,17,3477,3,51,17,2366,3,4074,20,6440,California
Mono,2021-03-20,5,10488,3,6958,1,3478,1,52,4,2370,1,4075,5,6445,California
Mono,2021-03-21,1,10489,1,6959,0,3478,0,52,1,2371,0,4075,1,6446,California
Mono,2021-03-22,11,10500,0,6959,6,3484,5,57,5,2375,6,4081,10,6456,California
Mono,2021-03-23,43,10543,6,6965,32,3516,5,62,17,2371,26,4107,22,6478,California
Mono,2021-03-24,13,10556,1,6966,7,3523,5,67,5,2373,8,4115,10,6488,California
Mono,2021-03-25,19,10575,3,6969,12,3535,4,71,12,2382,7,4122,16,6504,California
Mono,2021-03-26,19,10594,3,6972,11,3546,5,76,10,2389,8,4130,15,6519,California
Mono,2021-03-27,356,10950,353,7325,3,3549,0,76,329,2691,27,4157,329,6848,California
Mono,2021-03-29,10,10960,3,7328,6,3555,1,77,8,2698,2,4159,9,6857,California
Mono,2021-03-30,12,10972,0,7328,8,3563,4,81,7,2704,5,4164,11,6868,California
Mono,2021-03-31,132,11104,7,7335,124,3687,1,82,22,2618,109,4273,23,6891,California
Mono,2021-04-01,8,11112,0,7335,7,3694,1,83,3,2617,5,4278,4,6895,California
Mono,2021-04-02,18,11130,2,7337,16,3710,0,83,7,2613,11,4289,7,6902,California
Mono,2021-04-03,867,11997,372,7709,495,4205,0,83,50,1848,815,5104,50,6952,California
Mono,2021-04-05,533,12530,18,7727,514,4719,1,84,34,1387,498,5602,37,6989,California
Mono,2021-04-06,19,12549,1,7728,5,4724,13,97,1,1383,18,5620,14,7003,California
Mono,2021-04-07,26,12575,3,7731,3,4727,20,117,4,1385,22,5642,24,7027,California
Mono,2021-04-08,22,12597,3,7734,2,4729,17,134,4,1388,18,5660,21,7048,California
Mono,2021-04-09,37,12634,4,7738,4,4733,29,163,7,1394,30,5690,36,7084,California
Mono,2021-04-10,451,13085,2,7740,442,5175,7,170,30,1013,421,6111,40,7124,California
Mono,2021-04-11,1,13086,1,7741,0,5175,0,170,0,1012,1,6112,0,7124,California
Mono,2021-04-12,6,13092,0,7741,3,5178,3,173,3,1015,3,6115,6,7130,California
Mono,2021-04-13,20,13112,2,7743,17,5195,1,174,14,1024,6,6121,15,7145,California
Mono,2021-04-14,25,13137,1,7744,24,5219,0,174,7,1013,18,6139,7,7152,California
Mono,2021-04-15,20,13157,5,7749,15,5234,0,174,11,1015,9,6148,11,7163,California
Mono,2021-04-16,17,13174,1,7750,16,5250,0,174,6,1010,11,6159,6,7169,California
Mono,2021-04-17,51,13225,2,7752,49,5299,0,174,44,1047,7,6166,44,7213,California
Mono,2021-04-18,1,13226,0,7752,1,5300,0,174,1,1048,0,6166,1,7214,California
Mono,2021-04-19,526,13752,319,8071,207,5507,0,174,201,926,323,6489,201,7415,California
Mono,2021-04-20,16,13768,2,8073,14,5521,0,174,11,932,5,6494,11,7426,California
Mono,2021-04-21,8,13776,1,8074,7,5528,0,174,3,930,5,6499,3,7429,California
Mono,2021-04-22,25,13801,11,8085,14,5542,0,174,11,927,14,6513,11,7440,California
Mono,2021-04-23,22,13823,2,8087,20,5562,0,174,12,929,10,6523,12,7452,California
Mono,2021-04-24,36,13859,22,8109,14,5576,0,174,21,935,15,6538,21,7473,California
Mono,2021-04-25,3,13862,2,8111,1,5577,0,174,3,938,0,6538,3,7476,California
Mono,2021-04-26,10,13872,1,8112,9,5586,0,174,2,932,8,6546,2,7478,California
Mono,2021-04-27,66,13938,40,8152,19,5605,7,181,50,973,16,6562,57,7535,California
Mono,2021-04-28,63,14001,41,8193,18,5623,4,185,48,1012,13,6575,52,7587,California
Mono,2021-04-29,8,14009,1,8194,4,5627,3,188,2,1011,6,6581,5,7592,California
Mono,2021-04-30,16,14025,3,8197,10,5637,3,191,8,1014,8,6589,11,7603,California
Mono,2021-05-01,110,14135,4,8201,106,5743,0,191,97,1099,12,6601,97,7700,California
Mono,2021-05-03,1,14136,0,8201,1,5744,0,191,0,1098,1,6602,0,7700,California
Mono,2021-05-04,19,14155,0,8201,13,5757,6,197,10,1105,9,6611,16,7716,California
Mono,2021-05-05,54,14209,8,8209,42,5799,4,201,46,1147,8,6619,50,7766,California
Mono,2021-05-06,13,14222,3,8212,9,5808,1,202,9,1153,4,6623,10,7776,California
Mono,2021-05-07,29,14251,22,8234,7,5815,0,202,25,1174,4,6627,25,7801,California
Mono,2021-05-08,50,14301,5,8239,45,5860,0,202,22,1168,28,6655,22,7823,California
Mono,2021-05-10,17,14318,1,8240,12,5872,4,206,9,1173,8,6663,13,7836,California
Mono,2021-05-11,16,14334,2,8242,11,5883,3,209,5,1170,11,6674,8,7844,California
Mono,2021-05-12,12,14346,0,8242,11,5894,1,210,4,1167,8,6682,5,7849,California
Mono,2021-05-13,45,14391,32,8274,13,5907,0,210,36,1194,9,6691,36,7885,California
Mono,2021-05-14,10,14401,1,8275,8,5915,1,211,5,1195,5,6696,6,7891,California
Mono,2021-05-15,66,14467,25,8300,34,5949,7,218,18,1172,48,6744,25,7916,California
Mono,2021-05-16,6,14473,5,8305,1,5950,0,218,3,1172,3,6747,3,7919,California
Mono,2021-05-17,246,14719,33,8338,206,6156,7,225,54,1043,191,6938,62,7981,California
Mono,2021-05-18,133,14852,109,8447,23,6179,1,226,87,1085,46,6984,88,8069,California
Mono,2021-05-19,118,14970,112,8559,1,6180,5,231,75,1122,43,7027,80,8149,California
Mono,2021-05-20,70,15040,54,8613,10,6190,6,237,53,1164,17,7044,59,8208,California
Mono,2021-05-21,26,15066,5,8618,19,6209,2,239,12,1164,14,7058,14,8222,California
Mono,2021-05-22,19,15085,10,8628,7,6216,2,241,13,1173,6,7064,15,8237,California
Mono,2021-05-23,4,15089,1,8629,3,6219,0,241,3,1175,1,7065,3,8240,California
Mono,2021-05-24,10,15099,1,8630,9,6228,0,241,7,1179,3,7068,7,8247,California
Mono,2021-05-25,15,15114,6,8636,9,6237,0,241,8,1180,7,7075,8,8255,California
Mono,2021-05-26,18,15132,3,8639,14,6251,1,242,8,1179,10,7085,9,8264,California
Mono,2021-05-27,6,15138,2,8641,4,6255,0,242,5,1183,1,7086,5,8269,California
Mono,2021-05-28,42,15180,27,8668,14,6269,1,243,10,1162,32,7118,11,8280,California
Mono,2021-05-29,125,15305,26,8694,97,6366,2,245,31,1101,94,7212,33,8313,California
Monterey,2020-12-16,5,5,5,5,0,0,0,0,5,5,0,0,5,5,California
Monterey,2020-12-17,89,94,89,94,0,0,0,0,89,94,0,0,89,94,California
Monterey,2020-12-18,486,580,486,580,0,0,0,0,486,580,0,0,486,580,California
Monterey,2020-12-19,582,1162,581,1161,1,1,0,0,582,1162,0,0,582,1162,California
Monterey,2020-12-20,422,1584,422,1583,0,1,0,0,422,1584,0,0,422,1584,California
Monterey,2020-12-21,723,2307,723,2306,0,1,0,0,723,2307,0,0,723,2307,California
Monterey,2020-12-22,538,2845,525,2831,13,14,0,0,538,2845,0,0,538,2845,California
Monterey,2020-12-23,441,3286,266,3097,175,189,0,0,441,3286,0,0,441,3286,California
Monterey,2020-12-24,84,3370,10,3107,74,263,0,0,84,3370,0,0,84,3370,California
Monterey,2020-12-25,6,3376,0,3107,6,269,0,0,6,3376,0,0,6,3376,California
Monterey,2020-12-26,92,3468,5,3112,87,356,0,0,92,3468,0,0,92,3468,California
Monterey,2020-12-27,7,3475,4,3116,3,359,0,0,7,3475,0,0,7,3475,California
Monterey,2020-12-28,480,3955,25,3141,455,814,0,0,480,3955,0,0,480,3955,California
Monterey,2020-12-29,902,4857,168,3309,734,1548,0,0,902,4857,0,0,902,4857,California
Monterey,2020-12-30,568,5425,97,3406,471,2019,0,0,568,5425,0,0,568,5425,California
Monterey,2020-12-31,33,5458,11,3417,22,2041,0,0,33,5458,0,0,33,5458,California
Monterey,2021-01-01,13,5471,3,3420,10,2051,0,0,13,5471,0,0,13,5471,California
Monterey,2021-01-02,137,5608,134,3554,3,2054,0,0,137,5608,0,0,137,5608,California
Monterey,2021-01-03,30,5638,29,3583,1,2055,0,0,30,5638,0,0,30,5638,California
Monterey,2021-01-04,411,6049,18,3601,393,2448,0,0,411,6049,0,0,411,6049,California
Monterey,2021-01-05,753,6802,327,3928,426,2874,0,0,739,6774,14,14,739,6788,California
Monterey,2021-01-06,660,7462,175,4103,485,3359,0,0,637,7388,23,37,637,7425,California
Monterey,2021-01-07,750,8212,574,4677,176,3535,0,0,424,7488,324,361,424,7849,California
Monterey,2021-01-08,1095,9307,737,5414,358,3893,0,0,400,7193,695,1056,400,8249,California
Monterey,2021-01-09,967,10274,935,6349,32,3925,0,0,314,6855,652,1708,314,8563,California
Monterey,2021-01-10,274,10548,271,6620,3,3928,0,0,9,6599,265,1973,9,8572,California
Monterey,2021-01-11,1074,11622,988,7608,86,4014,0,0,369,6263,705,2678,369,8941,California
Monterey,2021-01-12,474,12096,395,8003,79,4093,0,0,211,6211,263,2941,211,9152,California
Monterey,2021-01-13,1218,13314,593,8596,625,4718,0,0,1172,7337,46,2987,1172,10324,California
Monterey,2021-01-14,1129,14443,169,8765,960,5678,0,0,1110,8432,19,3006,1114,11438,California
Monterey,2021-01-15,1049,15492,45,8810,1004,6682,0,0,1036,9455,13,3019,1036,12474,California
Monterey,2021-01-16,366,15858,301,9111,65,6747,0,0,361,9811,5,3024,361,12835,California
Monterey,2021-01-17,314,16172,293,9404,21,6768,0,0,301,10099,13,3037,301,13136,California
Monterey,2021-01-18,403,16575,46,9450,357,7125,0,0,381,10458,22,3059,381,13517,California
Monterey,2021-01-19,578,17153,395,9845,183,7308,0,0,419,10720,157,3216,419,13936,California
Monterey,2021-01-20,539,17692,268,10113,271,7579,0,0,333,10847,206,3422,333,14269,California
Monterey,2021-01-21,851,18543,93,10206,758,8337,0,0,741,11482,110,3532,745,15014,California
Monterey,2021-01-22,1057,19600,195,10401,862,9199,0,0,1018,12461,39,3571,1018,16032,California
Monterey,2021-01-23,243,19843,175,10576,68,9267,0,0,119,12459,123,3694,121,16153,California
Monterey,2021-01-24,57,19900,38,10614,19,9286,0,0,23,12448,34,3728,23,16176,California
Monterey,2021-01-25,804,20704,175,10789,629,9915,0,0,177,12005,620,4348,177,16353,California
Monterey,2021-01-26,946,21650,225,11014,721,10636,0,0,249,11557,697,5045,249,16602,California
Monterey,2021-01-27,872,22522,315,11329,557,11193,0,0,390,11465,482,5527,390,16992,California
Monterey,2021-01-28,2031,24553,739,12068,1292,12485,0,0,1690,12816,341,5868,1692,18684,California
Monterey,2021-01-29,1278,25831,709,12777,569,13054,0,0,1160,13860,117,5985,1161,19845,California
Monterey,2021-01-30,467,26298,295,13072,172,13226,0,0,211,13815,256,6241,211,20056,California
Monterey,2021-01-31,496,26794,72,13144,424,13650,0,0,485,14290,11,6252,486,20542,California
Monterey,2021-02-01,1660,28454,1149,14293,511,14161,0,0,1092,14815,567,6819,1092,21634,California
Monterey,2021-02-02,2174,30628,462,14755,1712,15873,0,0,1566,15774,607,7426,1566,23200,California
Monterey,2021-02-03,2343,32971,1052,15807,1291,17164,0,0,1565,16565,774,8200,1565,24765,California
Monterey,2021-02-04,2794,35765,2088,17895,706,17870,0,0,2484,18741,308,8508,2484,27249,California
Monterey,2021-02-05,3675,39440,2832,20727,843,18713,0,0,3234,21539,436,8944,3234,30483,California
Monterey,2021-02-06,1109,40549,380,21107,729,19442,0,0,762,21956,345,9289,762,31245,California
Monterey,2021-02-07,317,40866,268,21375,49,19491,0,0,99,21837,218,9507,99,31344,California
Monterey,2021-02-08,521,41387,291,21666,230,19721,0,0,430,22176,91,9598,430,31774,California
Monterey,2021-02-09,882,42269,684,22350,198,19919,0,0,570,22436,312,9910,572,32346,California
Monterey,2021-02-10,2093,44362,1110,23460,983,20902,0,0,1247,22838,846,10756,1248,33594,California
Monterey,2021-02-11,2513,46875,975,24435,1538,22440,0,0,1550,23429,961,11717,1552,35146,California
Monterey,2021-02-12,2604,49479,432,24867,2172,24612,0,0,1530,23887,1073,12790,1531,36677,California
Monterey,2021-02-13,1079,50558,49,24916,1030,25642,0,0,988,24785,90,12880,988,37665,California
Monterey,2021-02-14,600,51158,73,24989,527,26169,0,0,527,25239,73,12953,527,38192,California
Monterey,2021-02-15,1375,52533,161,25150,1214,27383,0,0,984,25835,389,13342,985,39177,California
Monterey,2021-02-16,1097,53630,244,25394,853,28236,0,0,873,26484,224,13566,873,40050,California
Monterey,2021-02-17,1957,55587,1167,26561,790,29026,0,0,1652,27834,304,13870,1654,41704,California
Monterey,2021-02-18,2238,57825,1179,27740,1059,30085,0,0,913,27438,1311,15181,915,42619,California
Monterey,2021-02-19,2952,60777,1539,29279,1413,31498,0,0,1353,27194,1598,16779,1354,43973,California
Monterey,2021-02-20,1023,61800,617,29896,406,31904,0,0,964,28100,58,16837,964,44937,California
Monterey,2021-02-21,1254,63054,1225,31121,29,31933,0,0,1183,29214,69,16906,1183,46120,California
Monterey,2021-02-22,1004,64058,855,31976,149,32082,0,0,652,29516,350,17256,652,46772,California
Monterey,2021-02-23,971,65029,624,32600,347,32429,0,0,305,29157,665,17921,306,47078,California
Monterey,2021-02-24,2482,67511,1326,33926,1156,33585,0,0,1857,30395,620,18541,1858,48936,California
Monterey,2021-02-25,4433,71944,2429,36355,2004,35589,0,0,1486,28942,2940,21481,1487,50423,California
Monterey,2021-02-26,5304,77248,3088,39443,2216,37805,0,0,2635,28912,2666,24147,2636,53059,California
Monterey,2021-02-27,1030,78278,186,39629,844,38649,0,0,813,29513,212,24359,813,53872,California
Monterey,2021-02-28,1539,79817,82,39711,1457,40106,0,0,1076,30131,458,24817,1076,54948,California
Monterey,2021-03-01,1291,81108,146,39857,1142,41248,3,3,748,30345,538,25355,752,55700,California
Monterey,2021-03-02,2808,83916,1735,41592,1073,42321,0,3,1940,31421,864,26219,1940,57640,California
Monterey,2021-03-03,3223,87139,1246,42838,1977,44298,0,3,1278,30757,1943,28162,1279,58919,California
Monterey,2021-03-04,4584,91723,1474,44312,3110,47408,0,3,2957,32091,1623,29785,2957,61876,California
Monterey,2021-03-05,3678,95401,1626,45938,1775,49183,277,280,3008,34707,669,30454,3285,65161,California
Monterey,2021-03-06,5090,100491,1081,47019,3703,52886,306,586,4175,38274,912,31366,4479,69640,California
Monterey,2021-03-07,524,101015,107,47126,170,53056,247,833,234,38463,290,31656,479,70119,California
Monterey,2021-03-08,1670,102685,327,47453,954,54010,389,1222,1121,39422,549,32205,1508,71627,California
Monterey,2021-03-09,1995,104680,696,48149,1024,55034,275,1497,1493,40687,501,32706,1766,73393,California
Monterey,2021-03-10,3195,107875,1037,49186,1668,56702,490,1987,1467,40920,1724,34430,1957,75350,California
Monterey,2021-03-11,4174,112049,1415,50601,2384,59086,375,2362,2402,41932,1765,36195,2777,78127,California
Monterey,2021-03-12,4426,116475,2054,52655,2232,61318,140,2502,2725,43100,1698,37893,2866,80993,California
Monterey,2021-03-13,5310,121785,970,53625,3993,65311,347,2849,3988,46115,1321,39214,4336,85329,California
Monterey,2021-03-14,2162,123947,1336,54961,801,66112,25,2874,579,45146,1573,40787,604,85933,California
Monterey,2021-03-15,3975,127922,1274,56235,2411,68523,290,3164,2278,46020,1693,42480,2567,88500,California
Monterey,2021-03-16,3534,131456,579,56814,2578,71101,377,3541,2113,47085,1420,43900,2485,90985,California
Monterey,2021-03-17,5835,137291,2363,59177,3215,74316,257,3798,4223,49964,1606,45506,4485,95470,California
Monterey,2021-03-18,4473,141764,2170,61347,2134,76450,169,3967,3109,51921,1358,46864,3315,98785,California
Monterey,2021-03-19,5496,147260,2564,63911,2785,79235,147,4114,4207,54992,1284,48148,4355,103140,California
Monterey,2021-03-20,3370,150630,421,64332,2254,81489,695,4809,2285,56890,1081,49229,2979,106119,California
Monterey,2021-03-21,634,151264,206,64538,419,81908,9,4818,561,57388,71,49300,569,106688,California
Monterey,2021-03-22,2498,153762,1443,65981,993,82901,62,4880,2285,59524,209,49509,2345,109033,California
Monterey,2021-03-23,4030,157792,2364,68345,1623,84524,43,4923,2562,60665,1463,50972,2604,111637,California
Monterey,2021-03-24,5128,162920,2126,70471,2686,87210,316,5239,3759,63372,1365,52337,4072,115709,California
Monterey,2021-03-25,5324,168244,1226,71697,3739,90949,359,5598,2683,63782,2633,54970,3043,118752,California
Monterey,2021-03-26,5455,173699,2620,74317,2757,93706,78,5676,2790,63998,2654,57624,2870,121622,California
Monterey,2021-03-27,4868,178567,1458,75775,3154,96860,256,5932,3130,65649,1735,59359,3386,125008,California
Monterey,2021-03-28,1120,179687,346,76121,765,97625,9,5941,626,65795,489,59848,635,125643,California
Monterey,2021-03-29,3230,182917,1414,77535,1802,99427,14,5955,2008,66607,1214,61062,2026,127669,California
Monterey,2021-03-30,4531,187448,2136,79671,2347,101774,48,6003,2790,67718,1731,62793,2842,130511,California
Monterey,2021-03-31,5447,192895,2426,82097,2222,103996,799,6802,3459,69983,1985,64778,4250,134761,California
Monterey,2021-04-01,6153,199048,2065,84162,3675,107671,413,7215,3114,70483,3024,67802,3524,138285,California
Monterey,2021-04-02,4806,203854,2276,86438,2465,110136,65,7280,3250,72249,1553,69355,3319,141604,California
Monterey,2021-04-03,5951,209805,1121,87559,3788,113924,1042,8322,1238,69820,4701,74056,2272,143876,California
Monterey,2021-04-04,774,210579,162,87721,597,114521,15,8337,498,70059,276,74332,515,144391,California
Monterey,2021-04-05,4020,214599,2482,90203,1306,115827,232,8569,1495,69269,2519,76851,1729,146120,California
Monterey,2021-04-06,3444,218043,1348,91551,1621,117448,475,9044,1179,68659,2263,79114,1653,147773,California
Monterey,2021-04-07,5698,223741,1388,92939,3795,121243,515,9559,2764,69018,2922,82036,3281,151054,California
Monterey,2021-04-08,6679,230420,3514,96453,2358,123601,807,10366,3296,69768,3377,85413,4127,155181,California
Monterey,2021-04-09,5775,236195,3456,99909,1680,125281,639,11005,2329,69351,3443,88856,3026,158207,California
Monterey,2021-04-10,10208,246403,4961,104870,3088,128369,2159,13164,4982,71277,5215,94071,7141,165348,California
Monterey,2021-04-11,5422,251825,4251,109121,567,128936,604,13768,4375,75210,1041,95112,4974,170322,California
Monterey,2021-04-12,4104,255929,1850,110971,1935,130871,319,14087,927,73417,3039,98151,1246,171568,California
Monterey,2021-04-13,3186,259115,730,111701,2451,133322,5,14092,1519,73295,1648,99799,1526,173094,California
Monterey,2021-04-14,6736,265851,3139,114840,3594,136916,3,14095,1835,70250,4883,104682,1838,174932,California
Monterey,2021-04-15,5894,271745,3904,118744,1990,138906,0,14095,3869,72125,1995,106677,3870,178802,California
Monterey,2021-04-16,4854,276599,2442,121186,2398,141304,14,14109,2249,71796,2593,109270,2264,181066,California
Monterey,2021-04-17,5623,282222,1359,122545,4264,145568,0,14109,3723,73634,1885,111155,3723,184789,California
Monterey,2021-04-18,843,283065,256,122801,587,146155,0,14109,237,73269,602,111757,237,185026,California
Monterey,2021-04-19,3734,286799,1290,124091,2444,148599,0,14109,1772,73087,1954,113711,1772,186798,California
Monterey,2021-04-20,3852,290651,1583,125674,2269,150868,0,14109,1590,72439,2239,115950,1591,188389,California
Monterey,2021-04-21,5932,296583,3179,128853,2753,153621,0,14109,2859,72263,3037,118987,2861,191250,California
Monterey,2021-04-22,4833,301416,1029,129882,3804,157425,0,14109,1988,71447,2804,121791,1988,193238,California
Monterey,2021-04-23,5771,307187,2634,132516,3136,160561,1,14110,2237,70175,3514,125305,2242,195480,California
Monterey,2021-04-24,4177,311364,587,133103,3590,164151,0,14110,1540,69095,2620,127925,1540,197020,California
Monterey,2021-04-25,1243,312607,610,133713,633,164784,0,14110,793,69448,440,128365,793,197813,California
Monterey,2021-04-26,3501,316108,2178,135891,1306,166090,17,14127,881,67751,2595,130960,898,198711,California
Monterey,2021-04-27,2627,318735,898,136789,1611,167701,118,14245,1147,67539,1476,132436,1264,199975,California
Monterey,2021-04-28,3614,322349,1373,138162,2088,169789,153,14398,2234,68553,1367,133803,2381,202356,California
Monterey,2021-04-29,4516,326865,2423,140585,2017,171806,76,14474,1653,67431,2852,136655,1730,204086,California
Monterey,2021-04-30,3193,330058,1657,142242,1461,173267,75,14549,795,65910,2389,139044,868,204954,California
Monterey,2021-05-01,5616,335674,4240,146482,1336,174603,40,14589,681,61712,4917,143961,719,205673,California
Monterey,2021-05-02,4362,340036,3935,150417,400,175003,27,14616,325,58040,4024,147985,352,206025,California
Monterey,2021-05-03,2550,342586,1567,151984,867,175870,116,14732,599,56814,1941,149926,715,206740,California
Monterey,2021-05-04,1789,344375,600,152584,1099,176969,90,14822,645,56419,1131,151057,736,207476,California
Monterey,2021-05-05,3316,347691,1196,153780,2035,179004,85,14907,1044,55288,2261,153318,1130,208606,California
Monterey,2021-05-06,4177,351868,2749,156529,1211,180215,217,15124,1126,53596,3035,156353,1343,209949,California
Monterey,2021-05-07,1991,353859,973,157502,919,181134,99,15223,704,53119,1279,157632,802,210751,California
Monterey,2021-05-08,2586,356445,1368,158870,894,182028,324,15547,919,52702,1656,159288,1239,211990,California
Monterey,2021-05-09,398,356843,116,158986,256,182284,26,15573,145,52621,252,159540,171,212161,California
Monterey,2021-05-10,2596,359439,1859,160845,690,182974,47,15620,330,50743,2256,161796,378,212539,California
Monterey,2021-05-11,1769,361208,907,161752,798,183772,64,15684,732,50518,1022,162818,797,213336,California
Monterey,2021-05-12,3677,364885,1965,163717,1639,185411,73,15757,787,48499,2880,165698,861,214197,California
Monterey,2021-05-13,2300,367185,1314,165031,929,186340,57,15814,1266,48796,1024,166722,1321,215518,California
Monterey,2021-05-14,1755,368940,501,165532,1177,187517,77,15891,695,48516,1051,167773,771,216289,California
Monterey,2021-05-15,3007,371947,527,166059,2245,189762,235,16126,647,47048,2349,170122,881,217170,California
Monterey,2021-05-16,883,372830,530,166589,281,190043,72,16198,223,46688,654,170776,294,217464,California
Monterey,2021-05-17,2194,375024,1290,167879,829,190872,75,16273,1038,46659,1143,171919,1114,218578,California
Monterey,2021-05-18,1734,376758,667,168546,1023,191895,44,16317,798,46576,927,172846,844,219422,California
Monterey,2021-05-19,3584,380342,2346,170892,1151,193046,87,16404,1939,46965,1638,174484,2027,221449,California
Monterey,2021-05-20,2320,382662,818,171710,1396,194442,106,16510,748,46264,1557,176041,856,222305,California
Monterey,2021-05-21,2844,385506,1214,172924,1539,195981,91,16601,888,45294,1949,177990,979,223284,California
Monterey,2021-05-22,1701,387207,609,173533,814,196795,278,16879,639,45150,1059,179049,915,224199,California
Monterey,2021-05-23,552,387759,410,173943,127,196922,15,16894,389,45396,158,179207,404,224603,California
Monterey,2021-05-24,1655,389414,495,174438,1096,198018,64,16958,591,44993,1058,180265,655,225258,California
Monterey,2021-05-25,1395,390809,524,174962,803,198821,68,17026,590,44862,789,181054,658,225916,California
Monterey,2021-05-26,2369,393178,989,175951,1327,200148,53,17079,964,44485,1394,182448,1017,226933,California
Monterey,2021-05-27,2437,395615,1339,177290,1040,201188,58,17137,883,43886,1540,183988,941,227874,California
Monterey,2021-05-28,1643,397258,568,177858,1020,202208,55,17192,750,43805,887,184875,806,228680,California
Monterey,2021-05-29,945,398203,612,178470,306,202514,27,17219,405,43698,539,185414,432,229112,California
Monterey,2021-05-30,341,398544,160,178630,168,202682,13,17232,145,43661,195,185609,158,229270,California
Monterey,2021-05-31,62,398606,13,178643,45,202727,4,17236,21,43645,41,185650,25,229295,California
Napa,2020-12-16,12,12,12,12,0,0,0,0,12,12,0,0,12,12,California
Napa,2020-12-17,44,56,44,56,0,0,0,0,44,56,0,0,44,56,California
Napa,2020-12-18,102,158,102,158,0,0,0,0,102,158,0,0,102,158,California
Napa,2020-12-19,221,379,221,379,0,0,0,0,221,379,0,0,221,379,California
Napa,2020-12-20,190,569,190,569,0,0,0,0,190,569,0,0,190,569,California
Napa,2020-12-21,314,883,314,883,0,0,0,0,315,884,0,0,315,884,California
Napa,2020-12-22,341,1224,332,1215,9,9,0,0,341,1225,0,0,341,1225,California
Napa,2020-12-23,431,1655,321,1536,110,119,0,0,431,1656,0,0,431,1656,California
Napa,2020-12-24,139,1794,78,1614,61,180,0,0,139,1795,0,0,139,1795,California
Napa,2020-12-25,1,1795,1,1615,0,180,0,0,1,1796,0,0,1,1796,California
Napa,2020-12-26,39,1834,11,1626,28,208,0,0,39,1835,0,0,39,1835,California
Napa,2020-12-27,32,1866,16,1642,16,224,0,0,32,1867,0,0,32,1867,California
Napa,2020-12-28,252,2118,186,1828,66,290,0,0,281,2148,0,0,281,2148,California
Napa,2020-12-29,271,2389,214,2042,57,347,0,0,304,2452,0,0,304,2452,California
Napa,2020-12-30,631,3020,486,2528,145,492,0,0,639,3091,0,0,639,3091,California
Napa,2020-12-31,460,3480,371,2899,89,581,0,0,460,3551,0,0,460,3551,California
Napa,2021-01-01,1,3481,1,2900,0,581,0,0,1,3552,0,0,1,3552,California
Napa,2021-01-02,98,3579,93,2993,5,586,0,0,98,3650,0,0,98,3650,California
Napa,2021-01-03,13,3592,11,3004,2,588,0,0,9,3659,0,0,9,3659,California
Napa,2021-01-04,106,3698,63,3067,43,631,0,0,106,3765,0,0,106,3765,California
Napa,2021-01-05,162,3860,85,3152,77,708,0,0,145,3886,24,24,145,3910,California
Napa,2021-01-06,459,4319,113,3265,346,1054,0,0,396,4221,61,85,396,4306,California
Napa,2021-01-07,499,4818,235,3500,264,1318,0,0,398,4519,100,185,398,4704,California
Napa,2021-01-08,445,5263,230,3730,215,1533,0,0,261,4597,183,368,261,4965,California
Napa,2021-01-09,327,5590,302,4032,25,1558,0,0,190,4650,137,505,190,5155,California
Napa,2021-01-10,185,5775,102,4134,83,1641,0,0,108,4681,77,582,108,5263,California
Napa,2021-01-11,881,6656,427,4561,454,2095,0,0,507,4815,375,957,509,5772,California
Napa,2021-01-12,1319,7975,373,4934,946,3041,0,0,1001,5498,318,1275,1001,6773,California
Napa,2021-01-13,1313,9288,265,5199,1048,4089,0,0,1150,6487,162,1437,1151,7924,California
Napa,2021-01-14,1051,10339,171,5370,880,4969,0,0,933,7304,116,1553,933,8857,California
Napa,2021-01-15,1457,11796,384,5754,1073,6042,0,0,1308,8456,157,1710,1309,10166,California
Napa,2021-01-16,357,12153,133,5887,224,6266,0,0,340,8779,17,1727,340,10506,California
Napa,2021-01-17,338,12491,173,6060,165,6431,0,0,328,9097,10,1737,328,10834,California
Napa,2021-01-18,1080,13571,197,6257,883,7314,0,0,989,9995,91,1828,989,11823,California
Napa,2021-01-19,1009,14580,405,6662,604,7918,0,0,766,10519,242,2070,766,12589,California
Napa,2021-01-20,827,15407,187,6849,640,8558,0,0,643,10980,182,2252,643,13232,California
Napa,2021-01-21,1336,16743,374,7223,962,9520,0,0,1081,11808,254,2506,1082,14314,California
Napa,2021-01-22,1544,18287,414,7637,1130,10650,0,0,1217,12700,326,2832,1218,15532,California
Napa,2021-01-23,398,18685,318,7955,80,10730,0,0,336,12974,62,2894,336,15868,California
Napa,2021-01-24,264,18949,187,8142,77,10807,0,0,207,13124,57,2951,207,16075,California
Napa,2021-01-25,1521,20470,229,8371,1292,12099,0,0,1431,14465,90,3041,1431,17506,California
Napa,2021-01-26,877,21347,285,8656,592,12691,0,0,785,15159,92,3133,786,18292,California
Napa,2021-01-27,628,21975,220,8876,408,13099,0,0,471,15473,158,3291,472,18764,California
Napa,2021-01-28,387,22362,175,9051,212,13311,0,0,196,15480,189,3480,196,18960,California
Napa,2021-01-29,255,22617,63,9114,192,13503,0,0,160,15545,95,3575,160,19120,California
Napa,2021-01-30,807,23424,697,9811,110,13613,0,0,640,16018,167,3742,640,19760,California
Napa,2021-01-31,652,24076,621,10432,31,13644,0,0,629,16624,23,3765,629,20389,California
Napa,2021-02-01,320,24396,112,10544,208,13852,0,0,164,16632,156,3921,164,20553,California
Napa,2021-02-02,606,25002,279,10823,327,14179,0,0,297,16623,306,4227,297,20850,California
Napa,2021-02-03,744,25746,308,11131,436,14615,0,0,429,16738,314,4541,429,21279,California
Napa,2021-02-04,787,26533,370,11501,417,15032,0,0,438,16829,347,4888,438,21717,California
Napa,2021-02-05,709,27242,308,11809,401,15433,0,0,342,16804,367,5255,342,22059,California
Napa,2021-02-06,434,27676,146,11955,288,15721,0,0,328,17026,106,5361,328,22387,California
Napa,2021-02-07,173,27849,160,12115,13,15734,0,0,71,16995,102,5463,71,22458,California
Napa,2021-02-08,835,28684,191,12306,644,16378,0,0,274,16711,558,6021,274,22732,California
Napa,2021-02-09,1083,29767,448,12754,635,17013,0,0,440,16509,642,6663,440,23172,California
Napa,2021-02-10,1725,31492,193,12947,1532,18545,0,0,451,15690,1271,7934,452,23624,California
Napa,2021-02-11,1492,32984,192,13139,1300,19845,0,0,404,15019,1075,9009,404,24028,California
Napa,2021-02-12,2170,35154,844,13983,1326,21171,0,0,729,14311,1437,10446,729,24757,California
Napa,2021-02-13,503,35657,53,14036,450,21621,0,0,317,14442,186,10632,317,25074,California
Napa,2021-02-14,355,36012,86,14122,269,21890,0,0,193,14473,162,10794,193,25267,California
Napa,2021-02-15,876,36888,182,14304,694,22584,0,0,223,14045,651,11445,223,25490,California
Napa,2021-02-16,1287,38175,596,14900,691,23275,0,0,613,13986,672,12117,613,26103,California
Napa,2021-02-17,1048,39223,531,15431,517,23792,0,0,477,13895,569,12686,478,26581,California
Napa,2021-02-18,1903,41126,485,15916,1418,25210,0,0,661,13317,1239,13925,661,27242,California
Napa,2021-02-19,1480,42606,585,16501,895,26105,0,0,675,13188,804,14729,675,27917,California
Napa,2021-02-20,822,43428,597,17098,225,26330,0,0,275,12916,547,15276,275,28192,California
Napa,2021-02-21,816,44244,752,17850,64,26394,0,0,212,12524,604,15880,212,28404,California
Napa,2021-02-22,447,44691,190,18040,257,26651,0,0,141,12359,306,16186,141,28545,California
Napa,2021-02-23,1132,45823,306,18346,826,27477,0,0,316,11859,816,17002,316,28861,California
Napa,2021-02-24,1165,46988,644,18990,521,27998,0,0,577,11850,586,17588,577,29438,California
Napa,2021-02-25,2560,49548,1224,20214,1336,29334,0,0,1848,12987,711,18299,1848,31286,California
Napa,2021-02-26,1507,51055,527,20741,980,30314,0,0,596,12674,909,19208,596,31882,California
Napa,2021-02-27,1117,52172,386,21127,731,31045,0,0,865,13289,250,19458,865,32747,California
Napa,2021-02-28,563,52735,461,21588,102,31147,0,0,463,13654,98,19556,463,33210,California
Napa,2021-03-01,1107,53842,817,22405,290,31437,0,0,832,14214,272,19828,832,34042,California
Napa,2021-03-02,1507,55349,1048,23453,459,31896,0,0,1166,15040,340,20168,1166,35208,California
Napa,2021-03-03,1565,56914,694,24147,871,32767,0,0,1377,16230,187,20355,1377,36585,California
Napa,2021-03-04,1715,58629,787,24934,928,33695,0,0,1476,17470,236,20591,1476,38061,California
Napa,2021-03-05,1900,60529,790,25724,1106,34801,4,4,1482,18540,416,21007,1486,39547,California
Napa,2021-03-06,656,61185,289,26013,336,35137,31,35,544,19005,110,21117,575,40122,California
Napa,2021-03-07,521,61706,317,26330,189,35326,15,50,377,19253,144,21261,392,40514,California
Napa,2021-03-08,715,62421,336,26666,326,35652,53,103,538,19669,175,21436,591,41105,California
Napa,2021-03-09,1686,64107,606,27272,1034,36686,46,149,1251,20534,432,21868,1297,42402,California
Napa,2021-03-10,1498,65605,923,28195,481,37167,94,243,798,20727,696,22564,889,43291,California
Napa,2021-03-11,1881,67486,1061,29256,690,37857,130,373,989,20953,892,23456,1118,44409,California
Napa,2021-03-12,1517,69003,918,30174,503,38360,96,469,810,21153,705,24161,905,45314,California
Napa,2021-03-13,1177,70180,310,30484,842,39202,25,494,836,21675,339,24500,861,46175,California
Napa,2021-03-14,619,70799,336,30820,135,39337,148,642,218,21640,400,24900,365,46540,California
Napa,2021-03-15,954,71753,411,31231,473,39810,70,712,480,21718,472,25372,550,47090,California
Napa,2021-03-16,1846,73599,392,31623,1327,41137,127,839,1378,22759,465,25837,1506,48596,California
Napa,2021-03-17,2510,76109,1851,33474,480,41617,179,1018,1598,23625,911,26748,1777,50373,California
Napa,2021-03-18,2131,78240,939,34413,1182,42799,10,1028,1301,24109,827,27575,1311,51684,California
Napa,2021-03-19,1450,79690,878,35291,544,43343,28,1056,709,24108,738,28313,737,52421,California
Napa,2021-03-20,1010,80700,530,35821,327,43670,153,1209,427,24106,582,28895,580,53001,California
Napa,2021-03-21,704,81404,681,36502,20,43690,3,1212,348,24102,355,29250,351,53352,California
Napa,2021-03-22,1298,82702,1122,37624,165,43855,11,1223,495,23810,798,30048,506,53858,California
Napa,2021-03-23,1873,84575,1180,38804,676,44531,17,1240,1002,23962,867,30915,1019,54877,California
Napa,2021-03-24,1709,86284,945,39749,756,45287,8,1248,818,23898,890,31805,826,55703,California
Napa,2021-03-25,1925,88209,1053,40802,818,46105,54,1302,768,23569,1151,32956,822,56525,California
Napa,2021-03-26,1306,89515,838,41640,462,46567,6,1308,591,23456,710,33666,597,57122,California
Napa,2021-03-27,942,90457,434,42074,481,47048,27,1335,311,23163,631,34297,338,57460,California
Napa,2021-03-28,489,90946,378,42452,104,47152,7,1342,180,23043,307,34604,187,57647,California
Napa,2021-03-29,1201,92147,874,43326,322,47474,5,1347,729,23307,470,35074,734,58381,California
Napa,2021-03-30,2727,94874,933,44259,1790,49264,4,1351,1909,24403,818,35892,1914,60295,California
Napa,2021-03-31,1976,96850,963,45222,944,50208,69,1420,806,24109,1167,37059,873,61168,California
Napa,2021-04-01,1752,98602,843,46065,791,50999,118,1538,477,23436,1269,38328,596,61764,California
Napa,2021-04-02,1866,100468,836,46901,888,51887,142,1680,477,22671,1386,39714,621,62385,California
Napa,2021-04-03,634,101102,369,47270,206,52093,59,1739,211,22517,423,40137,269,62654,California
Napa,2021-04-04,358,101460,144,47414,156,52249,58,1797,123,22464,234,40371,181,62835,California
Napa,2021-04-05,1274,102734,758,48172,297,52546,219,2016,574,22558,699,41070,793,63628,California
Napa,2021-04-06,2244,104978,559,48731,1429,53975,256,2272,516,21608,1725,42795,775,64403,California
Napa,2021-04-07,1736,106714,705,49436,810,54785,221,2493,524,21149,1207,44002,748,65151,California
Napa,2021-04-08,1862,108576,1068,50504,420,55205,374,2867,963,21593,895,44897,1339,66490,California
Napa,2021-04-09,1546,110122,928,51432,314,55519,304,3171,679,21715,865,45762,987,67477,California
Napa,2021-04-10,1043,111165,348,51780,594,56113,101,3272,242,21266,800,46562,351,67828,California
Napa,2021-04-11,384,111549,298,52078,63,56176,23,3295,156,21217,228,46790,179,68007,California
Napa,2021-04-12,788,112337,304,52382,360,56536,124,3419,290,21131,497,47287,411,68418,California
Napa,2021-04-13,2537,114874,845,53227,1692,58228,0,3419,928,20455,1604,48891,928,69346,California
Napa,2021-04-14,2083,116957,982,54209,1101,59329,0,3419,1013,20406,1062,49953,1013,70359,California
Napa,2021-04-15,2057,119014,528,54737,1529,60858,0,3419,876,20107,1175,51128,876,71235,California
Napa,2021-04-16,2903,121917,1577,56314,1326,62184,0,3419,2189,21584,712,51840,2189,73424,California
Napa,2021-04-17,1131,123048,267,56581,864,63048,0,3419,832,22118,298,52138,832,74256,California
Napa,2021-04-18,265,123313,172,56753,93,63141,0,3419,119,22091,146,52284,119,74375,California
Napa,2021-04-19,609,123922,338,57091,271,63412,0,3419,265,22013,343,52627,265,74640,California
Napa,2021-04-20,3034,126956,2061,59152,973,64385,0,3419,2082,23145,951,53578,2083,76723,California
Napa,2021-04-21,2919,129875,2157,61309,762,65147,0,3419,1853,23939,1060,54638,1854,78577,California
Napa,2021-04-22,1659,131534,1151,62460,508,65655,0,3419,838,23961,816,55454,838,79415,California
Napa,2021-04-23,1625,133159,1248,63708,375,66030,2,3421,1148,24636,473,55927,1148,80563,California
Napa,2021-04-24,559,133718,317,64025,242,66272,0,3421,285,24650,271,56198,285,80848,California
Napa,2021-04-25,250,133968,192,64217,58,66330,0,3421,130,24661,119,56317,130,80978,California
Napa,2021-04-26,507,134475,263,64480,244,66574,0,3421,263,24684,240,56557,263,81241,California
Napa,2021-04-27,1678,136153,436,64916,1231,67805,11,3432,593,24206,1082,57639,604,81845,California
Napa,2021-04-28,982,137135,438,65354,527,68332,17,3449,323,23888,658,58297,340,82185,California
Napa,2021-04-29,649,137784,326,65680,304,68636,19,3468,200,23663,443,58740,218,82403,California
Napa,2021-04-30,603,138387,303,65983,236,68872,64,3532,249,23622,353,59093,312,82715,California
Napa,2021-05-01,323,138710,266,66249,46,68918,11,3543,119,23548,204,59297,130,82845,California
Napa,2021-05-02,237,138947,193,66442,38,68956,6,3549,99,23516,137,59434,105,82950,California
Napa,2021-05-03,624,139571,499,66941,90,69046,35,3584,103,23139,516,59950,139,83089,California
Napa,2021-05-04,1125,140696,717,67658,298,69344,110,3694,294,22716,827,60777,404,83493,California
Napa,2021-05-05,1018,141714,687,68345,295,69639,36,3730,256,22249,759,61536,292,83785,California
Napa,2021-05-06,716,142430,318,68663,375,70014,23,3753,372,22309,335,61871,395,84180,California
Napa,2021-05-07,787,143217,573,69236,158,70172,56,3809,188,21969,583,62454,243,84423,California
Napa,2021-05-08,255,143472,164,69400,80,70252,11,3820,90,21906,164,62618,101,84524,California
Napa,2021-05-09,108,143580,77,69477,31,70283,0,3820,50,21898,58,62676,50,84574,California
Napa,2021-05-10,418,143998,141,69618,258,70541,19,3839,108,21716,309,62985,127,84701,California
Napa,2021-05-11,2157,146155,1776,71394,355,70896,26,3865,371,20333,1780,64765,397,85098,California
Napa,2021-05-12,2154,148309,1346,72740,754,71650,54,3919,295,18828,1854,66619,349,85447,California
Napa,2021-05-13,1822,150131,1130,73870,654,72304,38,3957,765,18581,1050,67669,803,86250,California
Napa,2021-05-14,1906,152037,1138,75008,681,72985,87,4044,518,17805,1382,69051,606,86856,California
Napa,2021-05-15,1053,153090,347,75355,695,73680,11,4055,261,17290,788,69839,273,87129,California
Napa,2021-05-16,239,153329,159,75514,78,73758,2,4057,67,17187,172,70011,69,87198,California
Napa,2021-05-17,878,154207,347,75861,501,74259,30,4087,311,17018,510,70521,341,87539,California
Napa,2021-05-18,1035,155242,541,76402,436,74695,58,4145,498,17042,532,71053,556,88095,California
Napa,2021-05-19,923,156165,542,76944,351,75046,30,4175,520,17190,401,71454,549,88644,California
Napa,2021-05-20,577,156742,381,77325,169,75215,27,4202,375,17390,202,71656,402,89046,California
Napa,2021-05-21,430,157172,212,77537,187,75402,31,4233,187,17365,243,71899,218,89264,California
Napa,2021-05-22,392,157564,215,77752,170,75572,7,4240,158,17296,234,72133,165,89429,California
Napa,2021-05-23,351,157915,320,78072,21,75593,10,4250,272,17500,78,72211,282,89711,California
Napa,2021-05-24,363,158278,174,78246,169,75762,20,4270,148,17456,213,72424,169,89880,California
Napa,2021-05-25,394,158672,164,78410,168,75930,62,4332,136,17398,256,72680,198,90078,California
Napa,2021-05-26,542,159214,354,78764,164,76094,24,4356,320,17523,219,72899,344,90422,California
Napa,2021-05-27,369,159583,161,78925,183,76277,25,4381,158,17495,211,73110,183,90605,California
Napa,2021-05-28,391,159974,202,79127,165,76442,24,4405,162,17454,225,73335,184,90789,California
Napa,2021-05-29,130,160104,78,79205,46,76488,6,4411,76,17482,54,73389,82,90871,California
Napa,2021-05-30,94,160198,63,79268,26,76514,5,4416,32,17458,61,73450,37,90908,California
Napa,2021-05-31,27,160225,3,79271,17,76531,7,4423,8,17454,19,73469,15,90923,California
Nevada,2020-12-16,3,3,3,3,0,0,0,0,3,3,0,0,3,3,California
Nevada,2020-12-17,6,9,6,9,0,0,0,0,6,9,0,0,6,9,California
Nevada,2020-12-18,52,61,52,61,0,0,0,0,52,61,0,0,52,61,California
Nevada,2020-12-19,55,116,55,116,0,0,0,0,55,116,0,0,55,116,California
Nevada,2020-12-20,12,128,12,128,0,0,0,0,12,128,0,0,12,128,California
Nevada,2020-12-21,69,197,69,197,0,0,0,0,69,197,0,0,69,197,California
Nevada,2020-12-22,91,288,89,286,2,2,0,0,91,288,0,0,91,288,California
Nevada,2020-12-23,234,522,203,489,31,33,0,0,234,522,0,0,234,522,California
Nevada,2020-12-24,13,535,11,500,2,35,0,0,13,535,0,0,13,535,California
Nevada,2020-12-25,3,538,3,503,0,35,0,0,3,538,0,0,3,538,California
Nevada,2020-12-26,6,544,4,507,2,37,0,0,6,544,0,0,6,544,California
Nevada,2020-12-27,88,632,88,595,0,37,0,0,88,632,0,0,88,632,California
Nevada,2020-12-28,169,801,92,687,77,114,0,0,169,801,0,0,169,801,California
Nevada,2020-12-29,99,900,73,760,26,140,0,0,99,900,0,0,99,900,California
Nevada,2020-12-30,86,986,66,826,20,160,0,0,86,986,0,0,86,986,California
Nevada,2020-12-31,39,1025,9,835,30,190,0,0,39,1025,0,0,39,1025,California
Nevada,2021-01-01,2,1027,0,835,2,192,0,0,2,1027,0,0,2,1027,California
Nevada,2021-01-02,1,1028,1,836,0,192,0,0,1,1028,0,0,1,1028,California
Nevada,2021-01-03,129,1157,126,962,3,195,0,0,129,1157,0,0,129,1157,California
Nevada,2021-01-04,71,1228,47,1009,24,219,0,0,71,1228,0,0,71,1228,California
Nevada,2021-01-05,273,1501,132,1141,141,360,0,0,272,1499,1,1,272,1500,California
Nevada,2021-01-06,91,1592,43,1184,48,408,0,0,83,1574,8,9,83,1583,California
Nevada,2021-01-07,215,1807,43,1227,172,580,0,0,208,1777,6,15,209,1792,California
Nevada,2021-01-08,223,2030,129,1356,94,674,0,0,170,1895,53,68,171,1963,California
Nevada,2021-01-09,63,2093,56,1412,7,681,0,0,15,1862,48,116,15,1978,California
Nevada,2021-01-10,18,2111,9,1421,9,690,0,0,10,1864,8,124,10,1988,California
Nevada,2021-01-11,185,2296,131,1552,54,744,0,0,57,1793,128,252,57,2045,California
Nevada,2021-01-12,595,2891,449,2001,146,890,0,0,529,2256,66,318,529,2574,California
Nevada,2021-01-13,259,3150,146,2147,113,1003,0,0,125,2247,134,452,125,2699,California
Nevada,2021-01-14,237,3387,127,2274,110,1113,0,0,219,2449,17,469,219,2918,California
Nevada,2021-01-15,396,3783,170,2444,226,1339,0,0,298,2649,98,567,298,3216,California
Nevada,2021-01-16,297,4080,15,2459,282,1621,0,0,293,2938,4,571,293,3509,California
Nevada,2021-01-17,36,4116,32,2491,4,1625,0,0,34,2970,2,573,34,3543,California
Nevada,2021-01-18,155,4271,45,2536,110,1735,0,0,143,3101,12,585,143,3686,California
Nevada,2021-01-19,243,4514,85,2621,158,1893,0,0,223,3304,20,605,223,3909,California
Nevada,2021-01-20,269,4783,164,2785,105,1998,0,0,256,3547,13,618,256,4165,California
Nevada,2021-01-21,339,5122,207,2992,132,2130,0,0,326,3860,13,631,326,4491,California
Nevada,2021-01-22,368,5490,231,3223,137,2267,0,0,338,4168,30,661,338,4829,California
Nevada,2021-01-23,178,5668,105,3328,73,2340,0,0,178,4346,0,661,178,5007,California
Nevada,2021-01-24,105,5773,98,3426,7,2347,0,0,66,4373,39,700,66,5073,California
Nevada,2021-01-25,265,6038,136,3562,129,2476,0,0,204,4516,61,761,204,5277,California
Nevada,2021-01-26,402,6440,141,3703,261,2737,0,0,298,4710,104,865,298,5575,California
Nevada,2021-01-27,421,6861,248,3951,173,2910,0,0,397,5083,24,889,397,5972,California
Nevada,2021-01-28,470,7331,319,4270,151,3061,0,0,426,5466,43,932,426,6398,California
Nevada,2021-01-29,605,7936,394,4664,211,3272,0,0,578,6019,26,958,579,6977,California
Nevada,2021-01-30,232,8168,105,4769,127,3399,0,0,229,6245,3,961,229,7206,California
Nevada,2021-01-31,104,8272,87,4856,17,3416,0,0,102,6347,1,962,103,7309,California
Nevada,2021-02-01,291,8563,71,4927,220,3636,0,0,277,6610,14,976,277,7586,California
Nevada,2021-02-02,520,9083,182,5109,338,3974,0,0,321,6732,199,1175,321,7907,California
Nevada,2021-02-03,814,9897,573,5682,241,4215,0,0,760,7439,53,1228,760,8667,California
Nevada,2021-02-04,737,10634,388,6070,349,4564,0,0,487,7677,249,1477,487,9154,California
Nevada,2021-02-05,649,11283,369,6439,280,4844,0,0,459,7948,188,1665,459,9613,California
Nevada,2021-02-06,269,11552,82,6521,187,5031,0,0,242,8163,27,1692,242,9855,California
Nevada,2021-02-07,247,11799,194,6715,53,5084,0,0,193,8302,54,1746,193,10048,California
Nevada,2021-02-08,653,12452,407,7122,246,5330,0,0,552,8753,101,1847,552,10600,California
Nevada,2021-02-09,603,13055,337,7459,266,5596,0,0,464,9078,139,1986,464,11064,California
Nevada,2021-02-10,650,13705,325,7784,325,5921,0,0,419,9267,231,2217,420,11484,California
Nevada,2021-02-11,873,14578,505,8289,368,6289,0,0,544,9483,328,2545,544,12028,California
Nevada,2021-02-12,942,15520,438,8727,504,6793,0,0,621,9786,318,2863,621,12649,California
Nevada,2021-02-13,601,16121,236,8963,365,7158,0,0,387,9965,209,3072,388,13037,California
Nevada,2021-02-14,231,16352,120,9083,111,7269,0,0,203,10140,28,3100,203,13240,California
Nevada,2021-02-15,713,17065,438,9521,275,7544,0,0,539,10505,174,3274,539,13779,California
Nevada,2021-02-16,622,17687,199,9720,423,7967,0,0,455,10794,166,3440,455,14234,California
Nevada,2021-02-17,1184,18871,763,10483,421,8388,0,0,856,11322,328,3768,856,15090,California
Nevada,2021-02-18,1014,19885,551,11034,463,8851,0,0,604,11518,408,4176,604,15694,California
Nevada,2021-02-19,1013,20898,631,11665,382,9233,0,0,650,11807,362,4538,651,16345,California
Nevada,2021-02-20,298,21196,107,11772,191,9424,0,0,173,11856,124,4662,173,16518,California
Nevada,2021-02-21,95,21291,89,11861,6,9430,0,0,8,11778,86,4748,8,16526,California
Nevada,2021-02-22,498,21789,332,12193,166,9596,0,0,351,11983,146,4894,351,16877,California
Nevada,2021-02-23,484,22273,235,12428,249,9845,0,0,220,11942,261,5155,220,17097,California
Nevada,2021-02-24,478,22751,242,12670,236,10081,0,0,253,11972,225,5380,255,17352,California
Nevada,2021-02-25,860,23611,467,13137,393,10474,0,0,432,11978,426,5806,432,17784,California
Nevada,2021-02-26,1240,24851,883,14020,357,10831,0,0,411,11563,826,6632,411,18195,California
Nevada,2021-02-27,356,25207,111,14131,245,11076,0,0,187,11581,169,6801,187,18382,California
Nevada,2021-02-28,274,25481,160,14291,114,11190,0,0,125,11559,148,6949,126,18508,California
Nevada,2021-03-01,832,26313,435,14726,397,11587,0,0,363,11455,467,7416,363,18871,California
Nevada,2021-03-02,743,27056,293,15019,450,12037,0,0,510,11737,228,7644,510,19381,California
Nevada,2021-03-03,979,28035,502,15521,476,12513,1,1,508,11776,470,8114,509,19890,California
Nevada,2021-03-04,1107,29142,617,16138,490,13003,0,1,466,11605,637,8751,466,20356,California
Nevada,2021-03-05,836,29978,474,16612,352,13355,10,11,374,11529,460,9211,384,20740,California
Nevada,2021-03-06,360,30338,121,16733,212,13567,27,38,144,11483,216,9427,170,20910,California
Nevada,2021-03-07,212,30550,110,16843,83,13650,19,57,70,11430,142,9569,89,20999,California
Nevada,2021-03-08,827,31377,557,17400,224,13874,46,103,377,11405,449,10018,424,21423,California
Nevada,2021-03-09,791,32168,404,17804,338,14212,49,152,465,11594,324,10342,513,21936,California
Nevada,2021-03-10,1003,33171,646,18450,301,14513,56,208,341,11333,657,10999,396,22332,California
Nevada,2021-03-11,1106,34277,727,19177,354,14867,25,233,550,11360,548,11547,575,22907,California
Nevada,2021-03-12,1202,35479,729,19906,443,15310,30,263,509,11208,690,12237,538,23445,California
Nevada,2021-03-13,284,35763,57,19963,222,15532,5,268,110,11150,172,12409,114,23559,California
Nevada,2021-03-14,155,35918,21,19984,128,15660,6,274,32,11065,123,12532,38,23597,California
Nevada,2021-03-15,852,36770,460,20444,380,16040,12,286,360,10948,489,13021,372,23969,California
Nevada,2021-03-16,999,37769,469,20913,468,16508,62,348,640,11292,357,13378,701,24670,California
Nevada,2021-03-17,1021,38790,453,21366,558,17066,10,358,583,11450,435,13813,593,25263,California
Nevada,2021-03-18,983,39773,533,21899,427,17493,23,381,479,11452,500,14313,502,25765,California
Nevada,2021-03-19,760,40533,441,22340,282,17775,37,418,356,11445,400,14713,393,26158,California
Nevada,2021-03-20,822,41355,92,22432,302,18077,428,846,229,11511,587,15300,653,26811,California
Nevada,2021-03-21,58,41413,32,22464,25,18102,1,847,40,11535,17,15317,41,26852,California
Nevada,2021-03-22,800,42213,518,22982,277,18379,5,852,533,11808,265,15582,538,27390,California
Nevada,2021-03-23,858,43071,390,23372,442,18821,26,878,616,12211,239,15821,642,28032,California
Nevada,2021-03-24,1023,44094,543,23915,473,19294,7,885,641,12482,376,16197,647,28679,California
Nevada,2021-03-25,907,45001,458,24373,424,19718,25,910,496,12592,410,16607,520,29199,California
Nevada,2021-03-26,1142,46143,437,24810,666,20384,39,949,818,13127,321,16928,856,30055,California
Nevada,2021-03-27,567,46710,70,24880,481,20865,16,965,385,13346,182,17110,401,30456,California
Nevada,2021-03-28,176,46886,50,24930,113,20978,13,978,38,13262,135,17245,51,30507,California
Nevada,2021-03-29,821,47707,502,25432,297,21275,22,1000,374,13213,444,17689,395,30902,California
Nevada,2021-03-30,1055,48762,482,25914,539,21814,34,1034,486,13172,561,18250,520,31422,California
Nevada,2021-03-31,1181,49943,661,26575,503,22317,17,1051,678,13372,494,18744,694,32116,California
Nevada,2021-04-01,1239,51182,722,27297,464,22781,53,1104,546,13287,684,19428,599,32715,California
Nevada,2021-04-02,1289,52471,661,27958,592,23373,36,1140,761,13561,524,19952,798,33513,California
Nevada,2021-04-03,292,52763,92,28050,161,23534,39,1179,85,13479,206,20158,124,33637,California
Nevada,2021-04-04,129,52892,43,28093,79,23613,7,1186,78,13513,51,20209,85,33722,California
Nevada,2021-04-05,935,53827,616,28709,299,23912,20,1206,622,13846,309,20518,642,34364,California
Nevada,2021-04-06,1077,54904,668,29377,266,24178,143,1349,435,13791,635,21153,580,34944,California
Nevada,2021-04-07,1147,56051,819,30196,245,24423,83,1432,610,13953,530,21683,692,35636,California
Nevada,2021-04-08,1280,57331,892,31088,305,24728,83,1515,705,14169,572,22255,788,36424,California
Nevada,2021-04-09,1247,58578,847,31935,331,25059,69,1584,844,14681,401,22656,913,37337,California
Nevada,2021-04-10,268,58846,77,32012,115,25174,76,1660,108,14706,159,22815,184,37521,California
Nevada,2021-04-11,100,58946,32,32044,64,25238,4,1664,39,14688,61,22876,43,37564,California
Nevada,2021-04-12,745,59691,539,32583,190,25428,16,1680,315,14593,426,23302,331,37895,California
Nevada,2021-04-13,882,60573,351,32934,531,25959,0,1680,467,14647,413,23715,467,38362,California
Nevada,2021-04-14,1048,61621,568,33502,480,26439,0,1680,531,14669,509,24224,531,38893,California
Nevada,2021-04-15,1069,62690,702,34204,367,26806,0,1680,615,14842,442,24666,615,39508,California
Nevada,2021-04-16,891,63581,691,34895,200,27006,0,1680,515,14982,375,25041,515,40023,California
Nevada,2021-04-17,194,63775,49,34944,145,27151,0,1680,84,14958,108,25149,84,40107,California
Nevada,2021-04-18,185,63960,20,34964,165,27316,0,1680,102,14977,83,25232,102,40209,California
Nevada,2021-04-19,749,64709,480,35444,269,27585,0,1680,304,14845,436,25668,304,40513,California
Nevada,2021-04-20,798,65507,310,35754,488,28073,0,1680,301,14655,491,26159,301,40814,California
Nevada,2021-04-21,907,66414,495,36249,412,28485,0,1680,273,14303,625,26784,273,41087,California
Nevada,2021-04-22,996,67410,621,36870,375,28860,0,1680,342,14002,643,27427,342,41429,California
Nevada,2021-04-23,1220,68630,540,37410,680,29540,0,1680,396,13585,813,28240,396,41825,California
Nevada,2021-04-24,521,69151,72,37482,449,29989,0,1680,168,13402,351,28591,168,41993,California
Nevada,2021-04-25,116,69267,60,37542,51,30040,5,1685,52,13395,63,28654,56,42049,California
Nevada,2021-04-26,712,69979,533,38075,171,30211,8,1693,204,13109,498,29152,212,42261,California
Nevada,2021-04-27,773,70752,348,38423,420,30631,5,1698,398,13146,366,29518,403,42664,California
Nevada,2021-04-28,985,71737,579,39002,401,31032,5,1703,383,12937,597,30115,388,43052,California
Nevada,2021-04-29,1010,72747,707,39709,299,31331,4,1707,274,12482,733,30848,278,43330,California
Nevada,2021-04-30,1223,73970,724,40433,490,31821,9,1716,201,11672,1020,31868,210,43540,California
Nevada,2021-05-01,144,74114,65,40498,75,31896,4,1720,64,11662,78,31946,68,43608,California
Nevada,2021-05-02,54,74168,30,40528,20,31916,4,1724,19,11650,35,31981,23,43631,California
Nevada,2021-05-03,606,74774,404,40932,183,32099,19,1743,177,11420,425,32406,195,43826,California
Nevada,2021-05-04,584,75358,169,41101,397,32496,18,1761,331,11520,249,32655,349,44175,California
Nevada,2021-05-05,731,76089,380,41481,337,32833,14,1775,318,11448,404,33059,332,44507,California
Nevada,2021-05-06,800,76889,561,42042,228,33061,11,1786,196,11060,595,33654,207,44714,California
Nevada,2021-05-07,881,77770,488,42530,358,33419,35,1821,193,10604,684,34338,228,44942,California
Nevada,2021-05-08,172,77942,20,42550,132,33551,20,1841,81,10615,90,34428,101,45043,California
Nevada,2021-05-09,41,77983,7,42557,32,33583,2,1843,18,10612,23,34451,20,45063,California
Nevada,2021-05-10,389,78372,247,42804,118,33701,24,1867,75,10398,313,34764,99,45162,California
Nevada,2021-05-11,510,78882,150,42954,347,34048,13,1880,127,10163,375,35139,140,45302,California
Nevada,2021-05-12,531,79413,228,43182,292,34340,11,1891,149,9949,374,35513,160,45462,California
Nevada,2021-05-13,801,80214,534,43716,258,34598,9,1900,412,9990,380,35893,421,45883,California
Nevada,2021-05-14,770,80984,580,44296,172,34770,18,1918,430,10101,337,36230,448,46331,California
Nevada,2021-05-15,181,81165,82,44378,91,34861,8,1926,83,10095,97,36327,91,46422,California
Nevada,2021-05-16,155,81320,51,44429,104,34965,0,1926,53,10046,102,36429,53,46475,California
Nevada,2021-05-17,492,81812,313,44742,149,35114,30,1956,216,10027,265,36694,246,46721,California
Nevada,2021-05-18,412,82224,253,44995,155,35269,4,1960,219,10059,191,36885,223,46944,California
Nevada,2021-05-19,489,82713,356,45351,129,35398,4,1964,255,10093,225,37110,259,47203,California
Nevada,2021-05-20,564,83277,321,45672,232,35630,11,1975,198,9941,361,37471,209,47412,California
Nevada,2021-05-21,447,83724,284,45956,155,35785,8,1983,197,9900,246,37717,205,47617,California
Nevada,2021-05-22,201,83925,16,45972,96,35881,89,2072,27,9842,174,37891,116,47733,California
Nevada,2021-05-23,25,83950,5,45977,20,35901,0,2072,7,9831,18,37909,7,47740,California
Nevada,2021-05-24,303,84253,213,46190,77,35978,13,2085,103,9750,197,38106,116,47856,California
Nevada,2021-05-25,334,84587,80,46270,243,36221,11,2096,83,9598,246,38352,94,47950,California
Nevada,2021-05-26,429,85016,180,46450,240,36461,9,2105,114,9413,308,38660,123,48073,California
Nevada,2021-05-27,420,85436,227,46677,177,36638,16,2121,187,9387,229,38889,203,48276,California
Nevada,2021-05-28,325,85761,209,46886,105,36743,11,2132,195,9464,129,39018,206,48482,California
Nevada,2021-05-29,64,85825,11,46897,53,36796,0,2132,42,9484,22,39040,42,48524,California
Nevada,2021-05-30,34,85859,18,46915,14,36810,2,2134,23,9498,11,39051,25,48549,California
Orange,2020-12-15,16,16,16,16,0,0,0,0,16,16,0,0,16,16,California
Orange,2020-12-16,392,408,392,408,0,0,0,0,392,408,0,0,392,408,California
Orange,2020-12-17,3740,4148,3740,4148,0,0,0,0,3739,4147,0,0,3739,4147,California
Orange,2020-12-18,5067,9215,5059,9207,8,8,0,0,5066,9213,0,0,5066,9213,California
Orange,2020-12-19,2233,11448,2226,11433,7,15,0,0,2232,11445,0,0,2232,11445,California
Orange,2020-12-20,1989,13437,1986,13419,3,18,0,0,1990,13435,0,0,1990,13435,California
Orange,2020-12-21,4261,17698,4255,17674,6,24,0,0,4261,17696,0,0,4261,17696,California
Orange,2020-12-22,3993,21691,3958,21632,35,59,0,0,3993,21689,0,0,3993,21689,California
Orange,2020-12-23,3591,25282,3225,24857,366,425,0,0,3593,25282,0,0,3593,25282,California
Orange,2020-12-24,1382,26664,1078,25935,304,729,0,0,1382,26664,0,0,1382,26664,California
Orange,2020-12-25,17,26681,12,25947,5,734,0,0,17,26681,0,0,17,26681,California
Orange,2020-12-26,1081,27762,424,26371,657,1391,0,0,1081,27762,0,0,1081,27762,California
Orange,2020-12-27,583,28345,276,26647,307,1698,0,0,583,28345,0,0,583,28345,California
Orange,2020-12-28,3616,31961,2638,29285,978,2676,0,0,3616,31961,0,0,3616,31961,California
Orange,2020-12-29,3503,35464,2490,31775,1013,3689,0,0,3502,35462,1,1,3502,35463,California
Orange,2020-12-30,5123,40587,3546,35321,1577,5266,0,0,5123,40585,0,1,5123,40586,California
Orange,2020-12-31,1501,42088,803,36124,698,5964,0,0,1500,42084,1,2,1500,42086,California
Orange,2021-01-01,614,42702,330,36454,284,6248,0,0,613,42696,1,3,613,42699,California
Orange,2021-01-02,1355,44057,850,37304,505,6753,0,0,1355,44051,0,3,1355,44054,California
Orange,2021-01-03,584,44641,325,37629,259,7012,0,0,584,44635,0,3,584,44638,California
Orange,2021-01-04,2757,47398,1574,39203,1183,8195,0,0,2758,47392,1,4,2758,47396,California
Orange,2021-01-05,3539,50937,2318,41521,1221,9416,0,0,3131,50122,404,408,3134,50530,California
Orange,2021-01-06,5009,55946,3477,44998,1532,10948,0,0,3641,52407,1356,1764,3641,54171,California
Orange,2021-01-07,9294,65240,5187,50185,4107,15055,0,0,5711,54552,3570,5334,5715,59886,California
Orange,2021-01-08,9442,74682,5286,55471,4156,19211,0,0,5668,56459,3764,9098,5671,65557,California
Orange,2021-01-09,5021,79703,1757,57228,3264,22475,0,0,3736,58910,1285,10383,3736,69293,California
Orange,2021-01-10,4248,83951,1049,58277,3199,25674,0,0,3367,61401,880,11263,3371,72664,California
Orange,2021-01-11,9455,93406,4910,63187,4545,30219,0,0,5829,63602,3629,14892,5830,78494,California
Orange,2021-01-12,8933,102339,4835,68022,4098,34317,0,0,5461,65594,3470,18362,5462,83956,California
Orange,2021-01-13,10275,112614,4933,72955,5342,39659,0,0,7066,69462,3205,21567,7073,91029,California
Orange,2021-01-14,9990,122604,3786,76741,6204,45863,0,0,8399,76278,1589,23156,8405,99434,California
Orange,2021-01-15,10198,132802,2633,79374,7565,53428,0,0,9317,84712,889,24045,9323,108757,California
Orange,2021-01-16,8715,141517,2092,81466,6623,60051,0,0,8318,92639,396,24441,8323,117080,California
Orange,2021-01-17,8165,149682,1485,82951,6680,66731,0,0,8016,100516,149,24590,8026,125106,California
Orange,2021-01-18,9709,159391,4411,87362,5298,72029,0,0,7445,105699,2265,26855,7448,132554,California
Orange,2021-01-19,7538,166929,5454,92816,2084,74113,0,0,4905,107972,2633,29488,4906,137460,California
Orange,2021-01-20,8400,175329,5922,98738,2478,76591,0,0,5348,110275,3052,32540,5355,142815,California
Orange,2021-01-21,11024,186353,4909,103647,6115,82706,0,0,10202,119667,821,33361,10213,153028,California
Orange,2021-01-22,13693,200046,5158,108805,8535,91241,0,0,12833,131655,853,34214,12841,165869,California
Orange,2021-01-23,13157,213203,6192,114997,6965,98206,0,0,12225,142958,930,35144,12233,178102,California
Orange,2021-01-24,9825,223028,4296,119293,5529,103735,0,0,9491,152123,330,35474,9495,187597,California
Orange,2021-01-25,10472,233500,5874,125167,4598,108333,0,0,7734,157131,2731,38205,7739,195336,California
Orange,2021-01-26,11910,245410,7719,132886,4191,112524,0,0,9737,164702,2169,40374,9740,205076,California
Orange,2021-01-27,13481,258891,8016,140902,5465,117989,0,0,10767,172771,2703,43077,10772,215848,California
Orange,2021-01-28,13065,271956,7225,148127,5840,123829,0,0,11180,182089,1870,44947,11188,227036,California
Orange,2021-01-29,13658,285614,8469,156596,5189,129018,0,0,10757,189964,2885,47832,10760,237796,California
Orange,2021-01-30,12978,298592,4478,161074,8500,137518,0,0,12200,201404,763,48595,12203,249999,California
Orange,2021-01-31,13707,312299,4928,166002,8779,146297,0,0,13263,214236,438,49033,13270,263269,California
Orange,2021-02-01,14828,327127,6511,172513,8317,154614,0,0,12356,224148,2450,51483,12362,275631,California
Orange,2021-02-02,15037,342164,7964,180477,7073,161687,0,0,12563,234272,2443,53926,12567,288198,California
Orange,2021-02-03,16591,358755,12404,192881,4187,165874,0,0,13633,245030,2880,56806,13638,301836,California
Orange,2021-02-04,19948,378703,13053,205934,6895,172769,0,0,14835,254790,5083,61889,14843,316679,California
Orange,2021-02-05,20761,399464,11998,217932,8763,181532,0,0,14443,262962,6276,68165,14448,331127,California
Orange,2021-02-06,16379,415843,10826,228758,5553,187085,0,0,11106,269028,5258,73423,11324,342451,California
Orange,2021-02-07,11533,427376,8103,236861,3430,190515,0,0,7552,272784,3965,77388,7721,350172,California
Orange,2021-02-08,15025,442401,8644,245505,6381,196896,0,0,8990,275767,6008,83396,8991,359163,California
Orange,2021-02-09,17747,460148,12087,257592,5660,202556,0,0,10707,279512,6967,90363,10712,369875,California
Orange,2021-02-10,20913,481061,11167,268759,9746,212302,0,0,12689,284079,8131,98494,12698,382573,California
Orange,2021-02-11,22157,503218,11527,280286,10630,222932,0,0,12403,286877,9623,108117,12421,394994,California
Orange,2021-02-12,24881,528099,11986,292272,12895,235827,0,0,14641,291348,10176,118293,14647,409641,California
Orange,2021-02-13,22015,550114,11903,304175,10112,245939,0,0,11163,292455,10698,128991,11805,421446,California
Orange,2021-02-14,16172,566286,6537,310712,9635,255574,0,0,9539,295390,6605,135596,9540,430986,California
Orange,2021-02-15,17272,583558,7402,318114,9870,265444,0,0,8899,295968,8330,143926,8908,439894,California
Orange,2021-02-16,19984,603542,9007,327121,10977,276421,0,0,10755,297569,9179,153105,10780,450674,California
Orange,2021-02-17,17958,621500,9369,336490,8589,285010,0,0,9212,298118,8694,161799,9243,459917,California
Orange,2021-02-18,15071,636571,9894,346384,5177,290187,0,0,6812,296735,8205,170004,6822,466739,California
Orange,2021-02-19,18209,654780,10883,357267,7326,297513,0,0,6929,292449,11227,181231,6941,473680,California
Orange,2021-02-20,7538,662318,5625,362892,1913,299426,0,0,3786,292518,3728,184959,3797,477477,California
Orange,2021-02-21,4588,666906,3896,366788,692,300118,0,0,935,289844,3614,188573,940,478417,California
Orange,2021-02-22,9707,676613,7914,374702,1793,301911,0,0,3914,288016,5762,194335,3934,482351,California
Orange,2021-02-23,13358,689971,7321,382023,6037,307948,0,0,3514,281766,9778,204113,3528,485879,California
Orange,2021-02-24,21183,711154,12838,394861,8345,316293,0,0,5395,271460,15719,219832,5413,491292,California
Orange,2021-02-25,22726,733880,12319,407180,10407,326700,0,0,8001,264828,14649,234481,8017,499309,California
Orange,2021-02-26,27851,761731,14095,421275,13756,340456,0,0,11248,259631,16470,250951,11273,510582,California
Orange,2021-02-27,25123,786854,10204,431479,14916,355372,3,3,7329,249294,17684,268635,7347,517929,California
Orange,2021-02-28,19128,805982,7424,438903,11704,367076,0,3,4829,239964,14176,282811,4846,522775,California
Orange,2021-03-01,18612,824594,8510,447413,10093,377169,9,12,7218,235908,11297,294108,7241,530016,California
Orange,2021-03-02,19314,843908,9318,456731,9993,387162,3,15,9455,235589,9805,303913,9486,539502,California
Orange,2021-03-03,20674,864582,9761,466492,10909,398071,4,19,11105,237235,9485,313398,11131,550633,California
Orange,2021-03-04,22480,887062,12960,479452,9506,407577,14,33,11635,238105,10805,324203,11675,562308,California
Orange,2021-03-05,21109,908171,11017,490469,10044,417621,48,81,12963,243078,8099,332302,13072,575380,California
Orange,2021-03-06,24159,932330,13306,503775,9987,427608,866,947,12768,245388,11347,343649,13657,589037,California
Orange,2021-03-07,15071,947401,8491,512266,6176,433784,404,1351,8799,248380,6231,349880,9223,598260,California
Orange,2021-03-08,16449,963850,7599,519865,7582,441366,1268,2619,10621,254517,5777,355657,11914,610174,California
Orange,2021-03-09,20923,984773,9695,529560,8784,450150,2444,5063,12377,260830,8503,364160,14816,624990,California
Orange,2021-03-10,24768,1009541,12156,541716,9162,459312,3450,8513,12517,264603,12188,376348,15961,640951,California
Orange,2021-03-11,29064,1038605,15732,557448,9111,468423,4221,12734,13472,266797,15496,391844,17690,658641,California
Orange,2021-03-12,29452,1068057,14358,571806,11229,479652,3865,16599,14822,270979,14546,406390,18728,677369,California
Orange,2021-03-13,27877,1095934,10262,582068,13678,493330,3937,20536,14118,275357,13696,420086,18074,695443,California
Orange,2021-03-14,18910,1114844,8225,590293,8140,501470,2545,23081,11810,282628,7068,427154,14339,709782,California
Orange,2021-03-15,23081,1137925,10175,600468,12143,513613,763,23844,14389,289166,8606,435760,15144,724926,California
Orange,2021-03-16,26442,1164367,11179,611647,15032,528645,231,24075,17160,297361,9201,444961,17396,742322,California
Orange,2021-03-17,27394,1191761,13595,625242,13205,541850,594,24669,19476,309586,7843,452804,20068,762390,California
Orange,2021-03-18,27837,1219598,14002,639244,13554,555404,281,24950,21645,325391,6124,458928,21929,784319,California
Orange,2021-03-19,33655,1253253,18500,657744,14708,570112,447,25397,24971,342251,8569,467497,25429,809748,California
Orange,2021-03-20,25827,1279080,13600,671344,12019,582131,208,25605,22015,360733,3748,471245,22230,831978,California
Orange,2021-03-21,18525,1297605,10702,682046,7089,589220,734,26339,15733,374438,2762,474007,16467,848445,California
Orange,2021-03-22,22781,1320386,11791,693837,10668,599888,322,26661,19198,390478,3490,477497,19530,867975,California
Orange,2021-03-23,26065,1346451,13550,707387,11873,611761,642,27303,20692,406526,5291,482788,21339,889314,California
Orange,2021-03-24,29163,1375614,16276,723663,11965,623726,922,28225,21993,422367,7077,489865,22918,912232,California
Orange,2021-03-25,32492,1408106,17279,740942,14503,638229,710,28935,24281,439243,8116,497981,24992,937224,California
Orange,2021-03-26,34937,1443043,18135,759077,15938,654167,864,29799,24881,455050,9943,507924,25750,962974,California
Orange,2021-03-27,28546,1471589,13678,772755,14553,668720,315,30114,19811,466541,8639,516563,20130,983104,California
Orange,2021-03-28,24806,1496395,12878,785633,11860,680580,68,30182,18553,478991,6174,522737,18624,1001728,California
Orange,2021-03-29,26564,1522959,12162,797795,13835,694415,567,30749,17827,488743,8646,531383,18398,1020126,California
Orange,2021-03-30,30915,1553874,13971,811766,16307,710722,637,31386,20456,499467,10369,541752,21093,1041219,California
Orange,2021-03-31,37211,1591085,19535,831301,16964,727686,712,32098,23859,510807,13243,554995,24583,1065802,California
Orange,2021-04-01,40512,1631597,21279,852580,17355,745041,1878,33976,26192,524695,14178,569173,28066,1093868,California
Orange,2021-04-02,40205,1671802,20296,872876,18088,763129,1821,35797,22727,531897,17371,586544,24573,1118441,California
Orange,2021-04-03,30230,1702032,15736,888612,12743,775872,1751,37548,14284,532056,15870,602414,16029,1134470,California
Orange,2021-04-04,18479,1720511,10737,899349,6975,782847,767,38315,8215,530828,10207,612621,8979,1143449,California
Orange,2021-04-05,30065,1750576,14040,913389,12617,795464,3408,41723,13946,532139,16038,628659,17349,1160798,California
Orange,2021-04-06,33439,1784015,15646,929035,14354,809818,3439,45162,14432,531115,18914,647573,17890,1178688,California
Orange,2021-04-07,36095,1820110,20133,949168,11372,821190,4590,49752,15867,531412,20145,667718,20442,1199130,California
Orange,2021-04-08,39143,1859253,21651,970819,12021,833211,5471,55223,18969,535894,20068,687786,24550,1223680,California
Orange,2021-04-09,41053,1900306,23900,994719,11931,845142,5222,60445,18144,536603,22818,710604,23527,1247207,California
Orange,2021-04-10,34585,1934891,18304,1013023,12046,857188,4235,64680,14336,535177,20161,730765,18735,1265942,California
Orange,2021-04-11,25691,1960582,14534,1027557,7887,865075,3270,67950,9848,532628,15793,746558,13244,1279186,California
Orange,2021-04-12,30411,1990993,15379,1042936,11467,876542,3565,71515,11953,529722,18396,764954,15490,1294676,California
Orange,2021-04-13,32347,2023340,18218,1061154,14062,890604,67,71582,15049,527607,17228,782182,15113,1309789,California
Orange,2021-04-14,34426,2057766,20159,1081313,14233,904837,34,71616,15107,523525,19226,801408,15144,1324933,California
Orange,2021-04-15,40185,2097951,24485,1105798,15686,920523,14,71630,18705,520868,21373,822781,18716,1343649,California
Orange,2021-04-16,41272,2139223,24252,1130050,16991,937514,29,71659,18628,516996,22535,845316,18663,1362312,California
Orange,2021-04-17,30400,2169623,17267,1147317,13130,950644,3,71662,13371,513462,16913,862229,13379,1375691,California
Orange,2021-04-18,21431,2191054,12966,1160283,8465,959109,0,71662,8477,509041,12901,875130,8480,1384171,California
Orange,2021-04-19,32471,2223525,17935,1178218,14534,973643,2,71664,14917,506504,17461,892591,14924,1399095,California
Orange,2021-04-20,35195,2258720,18277,1196495,16913,990556,5,71669,17595,506584,17520,910111,17600,1416695,California
Orange,2021-04-21,40656,2299376,23421,1219916,17226,1007782,9,71678,19255,504555,21294,931405,19265,1435960,California
Orange,2021-04-22,39267,2338643,20751,1240667,18507,1026289,9,71687,16332,498092,22806,954211,16343,1452303,California
Orange,2021-04-23,40161,2378804,20768,1261435,19386,1045675,7,71694,17919,493890,22132,976343,17930,1470233,California
Orange,2021-04-24,31977,2410781,16709,1278144,15233,1060908,35,71729,13389,488811,18506,994849,13427,1483660,California
Orange,2021-04-25,22986,2433767,12989,1291133,9983,1070891,14,71743,9871,485647,13054,1007903,9890,1493550,California
Orange,2021-04-26,26119,2459886,12763,1303896,13162,1084053,194,71937,11510,482835,14515,1022418,11703,1505253,California
Orange,2021-04-27,28635,2488521,13373,1317269,14760,1098813,502,72439,11006,476869,17476,1039894,11510,1516763,California
Orange,2021-04-28,30812,2519333,15425,1332694,14512,1113325,875,73314,12359,471752,18346,1058240,13229,1529992,California
Orange,2021-04-29,31859,2551192,17406,1350100,13494,1126819,959,74273,11328,463595,20437,1078677,12280,1542272,California
Orange,2021-04-30,29765,2580957,16985,1367085,11842,1138661,938,75211,12670,460193,17004,1095681,13602,1555874,California
Orange,2021-05-01,22150,2603107,15006,1382091,6158,1144819,986,76197,8694,456483,13380,1109061,9670,1565544,California
Orange,2021-05-02,15393,2618500,10237,1392328,4513,1149332,643,76840,5375,452545,9952,1119013,6014,1571558,California
Orange,2021-05-03,20550,2639050,12537,1404865,7255,1156587,758,77598,6465,445752,14014,1133027,7221,1578779,California
Orange,2021-05-04,23604,2662654,13458,1418323,9237,1165824,909,78507,8172,439487,15333,1148360,9068,1587847,California
Orange,2021-05-05,24725,2687379,13802,1432125,10028,1175852,895,79402,8085,431953,16514,1164874,8980,1596827,California
Orange,2021-05-06,26393,2713772,15971,1448096,9422,1185274,1000,80402,7292,421264,18974,1183848,8285,1605112,California
Orange,2021-05-07,28389,2742161,16864,1464960,10473,1195747,1052,81454,8035,410193,20152,1204000,9081,1614193,California
Orange,2021-05-08,18403,2760564,12161,1477121,5468,1201215,774,82228,5432,403499,12895,1216895,6201,1620394,California
Orange,2021-05-09,10962,2771526,8329,1485450,2257,1203472,376,82604,2889,398739,8023,1224918,3263,1623657,California
Orange,2021-05-10,18989,2790515,11562,1497012,6652,1210124,775,83379,4264,389143,14635,1239553,5039,1628696,California
Orange,2021-05-11,21241,2811756,11718,1508730,8850,1218974,673,84052,5037,378742,16106,1255659,5705,1634401,California
Orange,2021-05-12,22554,2834310,13877,1522607,7924,1226898,753,84805,6299,369655,16138,1271797,7051,1641452,California
Orange,2021-05-13,19879,2854189,12119,1534726,7228,1234126,532,85337,7208,364823,12574,1284371,7742,1649194,California
Orange,2021-05-14,25646,2879835,16730,1551456,8113,1242239,803,86140,10408,360887,15140,1299511,11204,1660398,California
Orange,2021-05-15,19802,2899637,14332,1565788,4923,1247162,547,86687,8024,357738,11718,1311229,8569,1668967,California
Orange,2021-05-16,15090,2914727,12403,1578191,2345,1249507,342,87029,6502,356043,8540,1319769,6845,1675812,California
Orange,2021-05-17,19278,2934005,12626,1590817,5959,1255466,693,87722,7299,352115,11922,1331691,7994,1683806,California
Orange,2021-05-18,20406,2954411,11930,1602747,7811,1263277,665,88387,8470,349387,11854,1343545,9126,1692932,California
Orange,2021-05-19,22321,2976732,12722,1615469,8934,1272211,665,89052,8035,343904,14175,1357720,8692,1701624,California
Orange,2021-05-20,18059,2994791,10320,1625789,7163,1279374,576,89628,6107,338717,11869,1369589,6682,1708306,California
Orange,2021-05-21,21073,3015864,11763,1637552,8703,1288077,607,90235,6751,331847,14232,1383821,7362,1715668,California
Orange,2021-05-22,14307,3030171,9677,1647229,4160,1292237,470,90705,5550,329171,8690,1392511,6014,1721682,California
Orange,2021-05-23,6733,3036904,4788,1652017,1735,1293972,210,90915,2265,327207,4438,1396949,2474,1724156,California
Orange,2021-05-24,15099,3052003,8855,1660872,5640,1299612,604,91519,5727,324243,9292,1406241,6328,1730484,California
Orange,2021-05-25,15346,3067349,9011,1669883,5846,1305458,489,92008,5759,320992,9492,1415733,6241,1736725,California
Orange,2021-05-26,14971,3082320,8338,1678221,6140,1311598,493,92501,5582,317752,9309,1425042,6069,1742794,California
Orange,2021-05-27,14164,3096484,8524,1686745,5115,1316713,525,93026,6302,316784,7791,1432833,6823,1749617,California
Orange,2021-05-28,15927,3112411,9375,1696120,5968,1322681,584,93610,6959,315437,8882,1441715,7535,1757152,California
Orange,2021-05-29,8574,3120985,5095,1701215,3133,1325814,346,93956,3902,315055,4625,1446340,4243,1761395,California
Orange,2021-05-30,5760,3126745,3822,1705037,1700,1327514,238,94194,2078,313715,3653,1449993,2313,1763708,California
Orange,2021-05-31,554,3127299,225,1705262,301,1327815,28,94222,164,313524,383,1450376,192,1763900,California
Placer,2020-12-15,29,29,29,29,0,0,0,0,29,29,0,0,29,29,California
Placer,2020-12-16,56,85,56,85,0,0,0,0,56,85,0,0,56,85,California
Placer,2020-12-17,140,225,140,225,0,0,0,0,140,225,0,0,140,225,California
Placer,2020-12-18,332,557,332,557,0,0,0,0,332,557,0,0,332,557,California
Placer,2020-12-19,252,809,252,809,0,0,0,0,252,809,0,0,252,809,California
Placer,2020-12-20,235,1044,235,1044,0,0,0,0,235,1044,0,0,235,1044,California
Placer,2020-12-21,495,1539,493,1537,2,2,0,0,495,1539,0,0,495,1539,California
Placer,2020-12-22,676,2215,669,2206,7,9,0,0,676,2215,0,0,676,2215,California
Placer,2020-12-23,753,2968,665,2871,88,97,0,0,753,2968,0,0,753,2968,California
Placer,2020-12-24,398,3366,347,3218,51,148,0,0,398,3366,0,0,398,3366,California
Placer,2020-12-26,156,3522,112,3330,44,192,0,0,156,3522,0,0,156,3522,California
Placer,2020-12-27,187,3709,164,3494,23,215,0,0,187,3709,0,0,187,3709,California
Placer,2020-12-28,670,4379,543,4037,127,342,0,0,670,4379,0,0,670,4379,California
Placer,2020-12-29,763,5142,514,4551,249,591,0,0,763,5142,0,0,763,5142,California
Placer,2020-12-30,729,5871,456,5007,273,864,0,0,727,5869,0,0,727,5869,California
Placer,2020-12-31,530,6401,344,5351,186,1050,0,0,530,6399,0,0,530,6399,California
Placer,2021-01-01,15,6416,11,5362,4,1054,0,0,15,6414,0,0,15,6414,California
Placer,2021-01-02,185,6601,153,5515,32,1086,0,0,185,6599,0,0,185,6599,California
Placer,2021-01-03,153,6754,78,5593,75,1161,0,0,153,6752,0,0,153,6752,California
Placer,2021-01-04,620,7374,181,5774,439,1600,0,0,620,7372,0,0,620,7372,California
Placer,2021-01-05,725,8099,159,5933,566,2166,0,0,642,7933,82,82,643,8015,California
Placer,2021-01-06,761,8860,247,6180,514,2680,0,0,617,8406,144,226,617,8632,California
Placer,2021-01-07,986,9846,368,6548,618,3298,0,0,781,8982,205,431,781,9413,California
Placer,2021-01-08,1181,11027,528,7076,653,3951,0,0,852,9508,326,757,852,10265,California
Placer,2021-01-09,450,11477,321,7397,129,4080,0,0,234,9527,215,972,234,10499,California
Placer,2021-01-10,329,11806,186,7583,143,4223,0,0,164,9526,165,1137,164,10663,California
Placer,2021-01-11,1428,13234,808,8391,620,4843,0,0,838,9775,590,1727,839,11502,California
Placer,2021-01-12,1655,14889,878,9269,777,5620,0,0,1054,10228,601,2328,1054,12556,California
Placer,2021-01-13,1636,16525,822,10091,814,6434,0,0,1211,11019,423,2751,1214,13770,California
Placer,2021-01-14,1791,18316,658,10749,1133,7567,0,0,1433,12098,355,3106,1434,15204,California
Placer,2021-01-15,1933,20249,717,11466,1216,8783,0,0,1582,13331,350,3456,1583,16787,California
Placer,2021-01-16,1467,21716,716,12182,751,9534,0,0,1346,14557,121,3577,1347,18134,California
Placer,2021-01-17,562,22278,395,12577,167,9701,0,0,429,14853,133,3710,429,18563,California
Placer,2021-01-18,992,23270,554,13131,438,10139,0,0,751,15364,241,3951,752,19315,California
Placer,2021-01-19,2626,25896,1962,15093,664,10803,0,0,2172,17082,454,4405,2172,21487,California
Placer,2021-01-20,2279,28175,1707,16800,572,11375,0,0,1948,18700,331,4736,1949,23436,California
Placer,2021-01-21,2561,30736,1120,17920,1441,12816,0,0,2169,20479,391,5127,2170,25606,California
Placer,2021-01-22,2352,33088,645,18565,1707,14523,0,0,2178,22486,172,5299,2179,27785,California
Placer,2021-01-23,1189,34277,380,18945,809,15332,0,0,1034,23365,155,5454,1034,28819,California
Placer,2021-01-24,503,34780,259,19204,244,15576,0,0,431,23725,72,5526,432,29251,California
Placer,2021-01-25,1680,36460,809,20013,871,16447,0,0,1387,24820,293,5819,1388,30639,California
Placer,2021-01-26,1860,38320,1035,21048,825,17272,0,0,1595,26150,265,6084,1595,32234,California
Placer,2021-01-27,1843,40163,1157,22205,686,17958,0,0,1599,27508,242,6326,1600,33834,California
Placer,2021-01-28,1808,41971,1119,23324,689,18647,0,0,1559,28820,247,6573,1559,35393,California
Placer,2021-01-29,1898,43869,1172,24496,726,19373,0,0,1706,30337,191,6764,1708,37101,California
Placer,2021-01-30,1727,45596,972,25468,755,20128,0,0,1606,31823,120,6884,1606,38707,California
Placer,2021-01-31,783,46379,626,26094,157,20285,0,0,715,32471,68,6952,716,39423,California
Placer,2021-02-01,2074,48453,1094,27188,980,21265,0,0,1760,33917,314,7266,1760,41183,California
Placer,2021-02-02,2388,50841,1547,28735,841,22106,0,0,1895,35322,490,7756,1895,43078,California
Placer,2021-02-03,2922,53763,1881,30616,1041,23147,0,0,2296,36996,622,8378,2296,45374,California
Placer,2021-02-04,2761,56524,1191,31807,1570,24717,0,0,1936,38112,821,9199,1937,47311,California
Placer,2021-02-05,2734,59258,1215,33022,1519,26236,0,0,1403,38189,1326,10525,1403,48714,California
Placer,2021-02-06,1964,61222,1323,34345,641,26877,0,0,1417,39059,547,11072,1417,50131,California
Placer,2021-02-07,1222,62444,911,35256,311,27188,0,0,938,39714,283,11355,938,51069,California
Placer,2021-02-08,3300,65744,1766,37022,1534,28722,0,0,1943,40308,1350,12705,1944,53013,California
Placer,2021-02-09,3553,69297,2179,39201,1374,30096,0,0,1646,40049,1905,14610,1646,54659,California
Placer,2021-02-10,3766,73063,2205,41406,1561,31657,0,0,1758,39804,2005,16615,1760,56419,California
Placer,2021-02-11,3706,76769,1913,43319,1793,33450,0,0,1576,39264,2117,18732,1577,57996,California
Placer,2021-02-12,2856,79625,1330,44649,1526,34976,0,0,1666,39778,1153,19885,1667,59663,California
Placer,2021-02-13,2531,82156,1474,46123,1057,36033,0,0,1890,41027,641,20526,1890,61553,California
Placer,2021-02-14,1087,83243,679,46802,408,36441,0,0,739,41420,346,20872,739,62292,California
Placer,2021-02-15,2254,85497,1049,47851,1205,37646,0,0,1537,42241,717,21589,1538,63830,California
Placer,2021-02-16,3583,89080,1786,49637,1797,39443,0,0,1592,41852,1982,23571,1593,65423,California
Placer,2021-02-17,3547,92627,1968,51605,1579,41022,0,0,1513,41335,2030,25601,1513,66936,California
Placer,2021-02-18,3803,96430,2053,53658,1750,42772,0,0,1618,40778,2176,27777,1619,68555,California
Placer,2021-02-19,3601,100031,1920,55578,1681,44453,0,0,1339,39861,2257,30034,1340,69895,California
Placer,2021-02-20,2010,102041,1263,56841,747,45200,0,0,917,39694,1087,31121,920,70815,California
Placer,2021-02-21,975,103016,729,57570,246,45446,0,0,279,39281,693,31814,280,71095,California
Placer,2021-02-22,2528,105544,1777,59347,751,46197,0,0,605,37964,1922,33736,605,71700,California
Placer,2021-02-23,2570,108114,1593,60940,977,47174,0,0,885,37165,1684,35420,885,72585,California
Placer,2021-02-24,3299,111413,1182,62122,2117,49291,0,0,1797,37472,1492,36912,1799,74384,California
Placer,2021-02-25,3641,115054,1525,63647,2116,51407,0,0,1970,37781,1663,38575,1972,76356,California
Placer,2021-02-26,4101,119155,2374,66021,1727,53134,0,0,2352,38388,1745,40320,2352,78708,California
Placer,2021-02-27,2823,121978,1496,67517,1327,54461,0,0,1448,38470,1369,41689,1451,80159,California
Placer,2021-02-28,1405,123383,799,68316,606,55067,0,0,588,38246,812,42501,588,80747,California
Placer,2021-03-01,3007,126390,1993,70309,1014,56081,0,0,1561,38366,1441,43942,1561,82308,California
Placer,2021-03-02,2889,129279,1780,72089,1109,57190,0,0,1890,39262,994,44936,1890,84198,California
Placer,2021-03-03,3334,132613,1430,73519,1904,59094,0,0,1819,39573,1509,46445,1820,86018,California
Placer,2021-03-04,3638,136251,1461,74980,2177,61271,0,0,1899,39746,1727,48172,1900,87918,California
Placer,2021-03-05,3016,139267,1039,76019,1956,63227,21,21,1813,40380,1200,49372,1834,89752,California
Placer,2021-03-06,2442,141709,1510,77529,836,64063,96,117,940,39923,1493,50865,1036,90788,California
Placer,2021-03-07,1307,143016,759,78288,510,64573,38,155,537,39731,767,51632,575,91363,California
Placer,2021-03-08,2917,145933,1832,80120,972,65545,113,268,1652,40233,1263,52895,1765,93128,California
Placer,2021-03-09,3193,149126,1696,81816,1405,66950,92,360,1827,40789,1363,54258,1919,95047,California
Placer,2021-03-10,3305,152431,1336,83152,1862,68812,107,467,1721,41038,1579,55837,1828,96875,California
Placer,2021-03-11,3652,156083,1655,84807,1871,70683,126,593,1753,41031,1889,57726,1882,98757,California
Placer,2021-03-12,3691,159774,1494,86301,1415,72098,782,1375,1262,40654,2423,60149,2046,100803,California
Placer,2021-03-13,2122,161896,746,87047,1256,73354,120,1495,1121,40899,998,61147,1243,102046,California
Placer,2021-03-14,1643,163539,674,87721,820,74174,149,1644,894,41193,749,61896,1043,103089,California
Placer,2021-03-15,3188,166727,1537,89258,1519,75693,132,1776,1765,41670,1421,63317,1898,104987,California
Placer,2021-03-16,3571,170298,1917,91175,1521,77214,133,1909,2284,42812,1276,64593,2418,107405,California
Placer,2021-03-17,3440,173738,1738,92913,1603,78817,99,2008,2218,43912,1219,65812,2319,109724,California
Placer,2021-03-18,4100,177838,2328,95241,1733,80550,39,2047,2866,45589,1227,67039,2904,112628,California
Placer,2021-03-19,3448,181286,2074,97315,1110,81660,264,2311,2200,46812,1240,68279,2463,115091,California
Placer,2021-03-20,2147,183433,900,98215,1150,82810,97,2408,1305,47376,837,69116,1401,116492,California
Placer,2021-03-21,1259,184692,578,98793,671,83481,10,2418,949,48028,307,69423,959,117451,California
Placer,2021-03-22,3274,187966,2107,100900,1077,84558,90,2508,2188,49224,1082,70505,2278,119729,California
Placer,2021-03-23,3534,191500,2103,103003,1340,85898,91,2599,2521,50829,1008,71513,2613,122342,California
Placer,2021-03-24,3794,195294,2002,105005,1695,87593,97,2696,1950,51055,1822,73335,2048,124390,California
Placer,2021-03-25,3856,199150,1865,106870,1893,89486,98,2794,1789,50885,2056,75391,1886,126276,California
Placer,2021-03-26,3779,202929,1673,108543,1875,91361,231,3025,1589,50530,2175,77566,1820,128096,California
Placer,2021-03-27,1593,204522,471,109014,1103,92464,19,3044,647,50257,939,78505,666,128762,California
Placer,2021-03-28,1110,205632,530,109544,570,93034,10,3054,364,49890,741,79246,374,129136,California
Placer,2021-03-29,3581,209213,2000,111544,1547,94581,34,3088,1737,49831,1835,81081,1776,130912,California
Placer,2021-03-30,3976,213189,2096,113640,1837,96418,43,3131,2083,50077,1879,82960,2125,133037,California
Placer,2021-03-31,4099,217288,1832,115472,2192,98610,75,3206,1692,49443,2400,85360,1766,134803,California
Placer,2021-04-01,2985,220273,1437,116909,1501,100111,47,3253,1663,49834,1319,86679,1710,136513,California
Placer,2021-04-02,2855,223128,1463,118372,1328,101439,64,3317,1600,50249,1248,87927,1663,138176,California
Placer,2021-04-03,1856,224984,988,119360,739,102178,129,3446,889,50308,959,88886,1018,139194,California
Placer,2021-04-04,712,225696,362,119722,297,102475,53,3499,285,50223,423,89309,338,139532,California
Placer,2021-04-05,3012,228708,1904,121626,924,103399,184,3683,1753,50908,1253,90562,1938,141470,California
Placer,2021-04-06,4295,233003,2480,124106,1514,104913,301,3984,1530,49981,2758,93320,1831,143301,California
Placer,2021-04-07,4544,237547,2592,126698,1491,106404,461,4445,2079,50063,2459,95779,2541,145842,California
Placer,2021-04-08,4715,242262,2603,129301,1566,107970,546,4991,1580,49074,3123,98902,2134,147976,California
Placer,2021-04-09,4133,246395,2274,131575,1239,109209,620,5611,1237,48051,2888,101790,1865,149841,California
Placer,2021-04-10,2027,248422,880,132455,963,110172,184,5795,865,47940,1159,102949,1048,150889,California
Placer,2021-04-11,1356,249778,533,132988,790,110962,33,5828,455,47530,897,103846,487,151376,California
Placer,2021-04-12,4097,253875,2645,135633,1072,112034,380,6208,2461,48742,1627,105473,2839,154215,California
Placer,2021-04-13,4343,258218,2993,138626,1349,113383,1,6209,2188,48780,2151,107624,2189,156404,California
Placer,2021-04-14,4133,262351,2569,141195,1563,114946,1,6210,1848,48352,2276,109900,1848,158252,California
Placer,2021-04-15,4493,266844,2507,143702,1985,116931,1,6211,2347,48564,2136,112036,2348,160600,California
Placer,2021-04-16,3684,270528,2191,145893,1493,118424,0,6211,1439,47764,2239,114275,1439,162039,California
Placer,2021-04-17,2427,272955,842,146735,1585,120009,0,6211,1519,48380,903,115178,1519,163558,California
Placer,2021-04-18,1183,274138,255,146990,928,120937,0,6211,409,48017,772,115950,409,163967,California
Placer,2021-04-19,2941,277079,1810,148800,1131,122068,0,6211,1171,47422,1767,117717,1172,165139,California
Placer,2021-04-20,3798,280877,2465,151265,1333,123401,0,6211,2422,48476,1368,119085,2422,167561,California
Placer,2021-04-21,3664,284541,2402,153667,1261,124662,1,6212,2389,49594,1272,120357,2390,169951,California
Placer,2021-04-22,3659,288200,2262,155929,1397,126059,0,6212,1743,49425,1912,122269,1743,171694,California
Placer,2021-04-23,3513,291713,2329,158258,1183,127242,1,6213,1374,48668,2132,124401,1375,173069,California
Placer,2021-04-24,2087,293800,1267,159525,819,128061,1,6214,1224,49037,855,125256,1224,174293,California
Placer,2021-04-25,910,294710,501,160026,409,128470,0,6214,562,49251,348,125604,562,174855,California
Placer,2021-04-26,2354,297064,1248,161274,1083,129553,23,6237,1155,49239,1189,126793,1177,176032,California
Placer,2021-04-27,2644,299708,1376,162650,1233,130786,35,6272,1526,49687,1114,127907,1562,177594,California
Placer,2021-04-28,2919,302627,1811,164461,1071,131857,37,6309,1522,49858,1388,129295,1559,179153,California
Placer,2021-04-29,3261,305888,2070,166531,1138,132995,53,6362,1310,49276,1945,131240,1363,180516,California
Placer,2021-04-30,2987,308875,1804,168335,1134,134129,49,6411,1191,48726,1790,133030,1240,181756,California
Placer,2021-05-01,1334,310209,936,169271,374,134503,24,6435,611,48643,717,133747,634,182390,California
Placer,2021-05-02,714,310923,552,169823,141,134644,21,6456,331,48614,381,134128,352,182742,California
Placer,2021-05-03,1608,312531,992,170815,550,135194,66,6522,436,47947,1168,135296,501,183243,California
Placer,2021-05-04,2297,314828,1296,172111,834,136028,167,6689,862,47547,1429,136725,1029,184272,California
Placer,2021-05-05,3669,318497,2475,174586,1088,137116,106,6795,970,45930,2693,139418,1076,185348,California
Placer,2021-05-06,3092,321589,1893,176479,1123,138239,76,6871,812,44564,2254,141672,888,186236,California
Placer,2021-05-07,2805,324394,1887,178366,826,139065,92,6963,787,43435,2008,143680,879,187115,California
Placer,2021-05-08,1330,325724,706,179072,582,139647,42,7005,391,42929,937,144617,431,187546,California
Placer,2021-05-09,439,326163,202,179274,216,139863,21,7026,217,42944,222,144839,237,187783,California
Placer,2021-05-10,1930,328093,1031,180305,802,140665,97,7123,434,41983,1492,146331,531,188314,California
Placer,2021-05-11,2821,330914,2033,182338,684,141349,104,7227,584,40444,2227,148558,688,189002,California
Placer,2021-05-12,2774,333688,1925,184263,801,142150,48,7275,659,39044,2108,150666,708,189710,California
Placer,2021-05-13,2701,336389,1748,186011,905,143055,48,7323,955,38301,1744,152410,1001,190711,California
Placer,2021-05-14,2745,339134,1808,187819,807,143862,130,7453,1335,38365,1398,153808,1462,192173,California
Placer,2021-05-15,2054,341188,1347,189166,684,144546,23,7476,908,38156,1140,154948,931,193104,California
Placer,2021-05-16,1003,342191,520,189686,465,145011,18,7494,338,37849,663,155611,356,193460,California
Placer,2021-05-17,2334,344525,1552,191238,715,145726,67,7561,1031,37649,1298,156909,1098,194558,California
Placer,2021-05-18,2484,347009,1661,192899,743,146469,80,7641,1127,37503,1352,158261,1206,195764,California
Placer,2021-05-19,2503,349512,1584,194483,874,147343,45,7686,929,36908,1569,159830,974,196738,California
Placer,2021-05-20,2254,351766,1486,195969,735,148078,33,7719,857,36405,1391,161221,888,197626,California
Placer,2021-05-21,2167,353933,1368,197337,661,148739,138,7857,955,36292,1204,162425,1091,198717,California
Placer,2021-05-22,1378,355311,962,198299,379,149118,37,7894,691,36337,683,163108,728,199445,California
Placer,2021-05-23,370,355681,223,198522,133,149251,14,7908,206,36395,162,163270,220,199665,California
Placer,2021-05-24,1463,357144,734,199256,613,149864,116,8024,467,35987,991,164261,583,200248,California
Placer,2021-05-25,1779,358923,944,200200,735,150599,100,8124,659,35630,1116,165377,759,201007,California
Placer,2021-05-26,1524,360447,877,201077,615,151214,32,8156,590,35324,929,166306,623,201630,California
Placer,2021-05-27,1418,361865,713,201790,666,151880,39,8195,643,35239,767,167073,682,202312,California
Placer,2021-05-28,1610,363475,815,202605,711,152591,84,8279,672,35061,934,168007,756,203068,California
Placer,2021-05-29,703,364178,388,202993,290,152881,25,8304,349,35084,351,168358,374,203442,California
Placer,2021-05-30,294,364472,195,203188,88,152969,11,8315,175,35152,118,168476,186,203628,California
Placer,2021-05-31,83,364555,37,203225,44,153013,2,8317,22,35115,61,168537,24,203652,California
Plumas,2020-12-18,4,4,4,4,0,0,0,0,4,4,0,0,4,4,California
Plumas,2020-12-19,1,5,1,5,0,0,0,0,1,5,0,0,1,5,California
Plumas,2020-12-21,45,50,45,50,0,0,0,0,45,50,0,0,45,50,California
Plumas,2020-12-22,93,143,93,143,0,0,0,0,93,143,0,0,93,143,California
Plumas,2020-12-23,50,193,50,193,0,0,0,0,50,193,0,0,50,193,California
Plumas,2020-12-24,6,199,6,199,0,0,0,0,6,199,0,0,6,199,California
Plumas,2020-12-28,8,207,0,199,8,8,0,0,8,207,0,0,8,207,California
Plumas,2020-12-29,32,239,22,221,10,18,0,0,32,239,0,0,32,239,California
Plumas,2020-12-30,23,262,1,222,22,40,0,0,23,262,0,0,23,262,California
Plumas,2020-12-31,4,266,1,223,3,43,0,0,4,266,0,0,4,266,California
Plumas,2021-01-04,10,276,4,227,6,49,0,0,10,276,0,0,10,276,California
Plumas,2021-01-05,22,298,2,229,20,69,0,0,22,298,0,0,22,298,California
Plumas,2021-01-06,123,421,5,234,118,187,0,0,123,421,0,0,123,421,California
Plumas,2021-01-07,53,474,2,236,51,238,0,0,52,472,1,1,52,473,California
Plumas,2021-01-08,12,486,5,241,7,245,0,0,8,476,4,5,8,481,California
Plumas,2021-01-09,2,488,2,243,0,245,0,0,1,476,1,6,1,482,California
Plumas,2021-01-11,58,546,50,293,8,253,0,0,11,440,47,53,11,493,California
Plumas,2021-01-12,156,702,87,380,69,322,0,0,71,426,85,138,71,564,California
Plumas,2021-01-13,56,758,50,430,6,328,0,0,10,390,46,184,10,574,California
Plumas,2021-01-14,98,856,14,444,84,412,0,0,93,478,5,189,93,667,California
Plumas,2021-01-15,63,919,7,451,56,468,0,0,61,537,2,191,61,728,California
Plumas,2021-01-16,58,977,1,452,57,525,0,0,58,595,0,191,58,786,California
Plumas,2021-01-18,2,979,1,453,1,526,0,0,2,597,0,191,2,788,California
Plumas,2021-01-19,36,1015,5,458,31,557,0,0,32,625,4,195,32,820,California
Plumas,2021-01-20,121,1136,3,461,118,675,0,0,119,742,2,197,119,939,California
Plumas,2021-01-21,112,1248,2,463,110,785,0,0,112,854,0,197,112,1051,California
Plumas,2021-01-22,5,1253,1,464,4,789,0,0,5,859,0,197,5,1056,California
Plumas,2021-01-23,93,1346,2,466,91,880,0,0,93,952,0,197,93,1149,California
Plumas,2021-01-24,1,1347,1,467,0,880,0,0,1,953,0,197,1,1150,California
Plumas,2021-01-25,10,1357,7,474,3,883,0,0,7,957,3,200,7,1157,California
Plumas,2021-01-26,60,1417,2,476,58,941,0,0,52,1001,8,208,52,1209,California
Plumas,2021-01-27,25,1442,20,496,5,946,0,0,5,986,20,228,5,1214,California
Plumas,2021-01-28,23,1465,0,496,23,969,0,0,21,1005,2,230,21,1235,California
Plumas,2021-01-29,8,1473,2,498,6,975,0,0,7,1011,1,231,7,1242,California
Plumas,2021-01-30,8,1481,4,502,4,979,0,0,7,1017,1,232,7,1249,California
Plumas,2021-01-31,3,1484,3,505,0,979,0,0,3,1020,0,232,3,1252,California
Plumas,2021-02-01,16,1500,2,507,14,993,0,0,8,1020,8,240,8,1260,California
Plumas,2021-02-02,21,1521,2,509,19,1012,0,0,2,1003,19,259,2,1262,California
Plumas,2021-02-03,128,1649,8,517,120,1132,0,0,13,902,114,373,13,1275,California
Plumas,2021-02-04,102,1751,8,525,94,1226,0,0,23,846,79,452,23,1298,California
Plumas,2021-02-05,24,1775,11,536,13,1239,0,0,9,840,15,467,9,1307,California
Plumas,2021-02-06,7,1782,0,536,7,1246,0,0,7,847,0,467,7,1314,California
Plumas,2021-02-08,15,1797,6,542,9,1255,0,0,3,838,12,479,3,1317,California
Plumas,2021-02-09,172,1969,2,544,170,1425,0,0,112,890,60,539,112,1429,California
Plumas,2021-02-10,91,2060,9,553,82,1507,0,0,82,964,9,548,83,1512,California
Plumas,2021-02-11,323,2383,7,560,316,1823,0,0,263,1167,60,608,263,1775,California
Plumas,2021-02-12,124,2507,4,564,120,1943,0,0,118,1279,6,614,118,1893,California
Plumas,2021-02-13,75,2582,5,569,70,2013,0,0,15,1234,60,674,15,1908,California
Plumas,2021-02-14,8,2590,5,574,3,2016,0,0,8,1242,0,674,8,1916,California
Plumas,2021-02-15,26,2616,5,579,21,2037,0,0,23,1262,3,677,23,1939,California
Plumas,2021-02-16,77,2693,4,583,73,2110,0,0,14,1213,63,740,14,1953,California
Plumas,2021-02-17,136,2829,5,588,131,2241,0,0,12,1101,124,864,12,1965,California
Plumas,2021-02-18,129,2958,6,594,123,2364,0,0,20,1013,109,973,21,1986,California
Plumas,2021-02-19,42,3000,5,599,37,2401,0,0,7,985,35,1008,7,1993,California
Plumas,2021-02-20,105,3105,7,606,98,2499,0,0,13,906,92,1100,13,2006,California
Plumas,2021-02-21,6,3111,5,611,1,2500,0,0,2,904,4,1104,2,2008,California
Plumas,2021-02-22,3,3114,1,612,2,2502,0,0,0,901,3,1107,0,2008,California
Plumas,2021-02-23,25,3139,5,617,20,2522,0,0,17,910,8,1115,17,2025,California
Plumas,2021-02-24,458,3597,7,624,451,2973,0,0,445,1342,13,1128,445,2470,California
Plumas,2021-02-25,230,3827,10,634,220,3193,0,0,169,1450,61,1189,169,2639,California
Plumas,2021-02-26,267,4094,8,642,259,3452,0,0,259,1702,8,1197,260,2899,California
Plumas,2021-02-27,40,4134,4,646,36,3488,0,0,33,1728,7,1204,33,2932,California
Plumas,2021-02-28,1,4135,0,646,1,3489,0,0,1,1729,0,1204,1,2933,California
Plumas,2021-03-01,14,4149,3,649,11,3500,0,0,8,1732,5,1209,8,2941,California
Plumas,2021-03-02,10,4159,1,650,9,3509,0,0,7,1736,3,1212,7,2948,California
Plumas,2021-03-03,152,4311,8,658,144,3653,0,0,137,1858,15,1227,137,3085,California
Plumas,2021-03-04,252,4563,9,667,243,3896,0,0,230,2066,22,1249,230,3315,California
Plumas,2021-03-05,400,4963,7,674,388,4284,5,5,389,2449,11,1260,394,3709,California
Plumas,2021-03-06,19,4982,2,676,9,4293,8,13,3,2444,16,1276,11,3720,California
Plumas,2021-03-07,14,4996,3,679,2,4295,9,22,4,2447,10,1286,13,3733,California
Plumas,2021-03-08,29,5025,3,682,2,4297,24,46,3,2448,26,1312,27,3760,California
Plumas,2021-03-09,133,5158,2,684,116,4413,15,61,18,2366,115,1427,33,3793,California
Plumas,2021-03-10,255,5413,3,687,239,4652,13,74,107,2339,147,1574,120,3913,California
Plumas,2021-03-11,179,5592,8,695,166,4818,5,79,144,2453,35,1609,149,4062,California
Plumas,2021-03-12,594,6186,4,699,303,5121,287,366,23,2192,571,2180,310,4372,California
Plumas,2021-03-13,25,6211,4,703,10,5131,11,377,4,2186,21,2201,15,4387,California
Plumas,2021-03-14,12,6223,3,706,4,5135,5,382,1,2182,10,2211,6,4393,California
Plumas,2021-03-15,30,6253,0,706,23,5158,7,389,5,2169,25,2236,12,4405,California
Plumas,2021-03-16,60,6313,3,709,56,5214,1,390,49,2208,11,2247,50,4455,California
Plumas,2021-03-17,73,6386,9,718,63,5277,1,391,58,2253,14,2261,59,4514,California
Plumas,2021-03-18,61,6447,6,724,39,5316,16,407,12,2232,49,2310,28,4542,California
Plumas,2021-03-19,164,6611,6,730,156,5472,2,409,155,2383,7,2317,158,4700,California
Plumas,2021-03-20,695,7306,4,734,690,6162,1,410,674,3039,19,2336,675,5375,California
Plumas,2021-03-21,2,7308,1,735,1,6163,0,410,1,3040,0,2336,1,5376,California
Plumas,2021-03-22,182,7490,2,737,180,6343,0,410,175,3208,7,2343,175,5551,California
Plumas,2021-03-23,27,7517,2,739,25,6368,0,410,13,3207,14,2357,13,5564,California
Plumas,2021-03-24,655,8172,6,745,648,7016,1,411,224,3002,430,2787,225,5789,California
Plumas,2021-03-25,302,8474,7,752,293,7309,2,413,158,3016,144,2931,158,5947,California
Plumas,2021-03-26,315,8789,9,761,306,7615,0,413,46,2794,268,3199,46,5993,California
Plumas,2021-03-27,13,8802,1,762,11,7626,1,414,3,2788,10,3209,4,5997,California
Plumas,2021-03-28,6,8808,4,766,1,7627,1,415,3,2789,3,3212,4,6001,California
Plumas,2021-03-29,12,8820,4,770,7,7634,1,416,4,2786,8,3220,5,6006,California
Plumas,2021-03-30,154,8974,3,773,150,7784,1,417,24,2681,130,3350,25,6031,California
Plumas,2021-03-31,289,9263,3,776,285,8069,1,418,268,2929,21,3371,269,6300,California
Plumas,2021-04-01,298,9561,10,786,287,8356,1,419,60,2753,236,3607,60,6360,California
Plumas,2021-04-02,375,9936,4,790,370,8726,1,420,29,2448,335,3942,30,6390,California
Plumas,2021-04-03,16,9952,3,793,5,8731,8,428,4,2448,12,3954,12,6402,California
Plumas,2021-04-04,3,9955,1,794,1,8732,1,429,0,2446,3,3957,1,6403,California
Plumas,2021-04-05,11,9966,4,798,6,8738,1,430,4,2444,7,3964,5,6408,California
Plumas,2021-04-06,121,10087,6,804,89,8827,26,456,14,2377,107,4071,40,6448,California
Plumas,2021-04-07,282,10369,7,811,99,8926,176,632,28,2327,254,4325,204,6652,California
Plumas,2021-04-08,150,10519,3,814,132,9058,15,647,34,2260,115,4440,48,6700,California
Plumas,2021-04-09,51,10570,10,824,25,9083,16,663,19,2262,32,4472,34,6734,California
Plumas,2021-04-10,24,10594,2,826,5,9088,17,680,5,2265,19,4491,22,6756,California
Plumas,2021-04-11,3,10597,2,828,0,9088,1,681,2,2267,1,4492,3,6759,California
Plumas,2021-04-12,11,10608,5,833,3,9091,3,684,7,2273,4,4496,10,6769,California
Plumas,2021-04-13,207,10815,5,838,202,9293,0,684,139,2344,68,4564,139,6908,California
Plumas,2021-04-14,109,10924,8,846,101,9394,0,684,55,2345,54,4618,55,6963,California
Plumas,2021-04-15,50,10974,2,848,48,9442,0,684,32,2359,18,4636,32,6995,California
Plumas,2021-04-16,142,11116,2,850,140,9582,0,684,2,2221,140,4776,2,6997,California
Plumas,2021-04-17,668,11784,2,852,666,10248,0,684,20,1595,646,5422,20,7017,California
Plumas,2021-04-18,4,11788,3,855,1,10249,0,684,1,1593,3,5425,1,7018,California
Plumas,2021-04-19,38,11826,3,858,35,10284,0,684,5,1565,33,5458,5,7023,California
Plumas,2021-04-20,42,11868,5,863,37,10321,0,684,26,1576,15,5473,26,7049,California
Plumas,2021-04-21,310,12178,5,868,304,10625,1,685,17,1300,293,5766,17,7066,California
Plumas,2021-04-22,273,12451,7,875,266,10891,0,685,131,1289,142,5908,131,7197,California
Plumas,2021-04-23,72,12523,5,880,67,10958,0,685,16,1249,56,5964,16,7213,California
Plumas,2021-04-24,172,12695,5,885,167,11125,0,685,146,1370,25,5989,146,7359,California
Plumas,2021-04-26,29,12724,4,889,25,11150,0,685,8,1358,20,6009,8,7367,California
Plumas,2021-04-27,87,12811,3,892,84,11234,0,685,51,1373,36,6045,51,7418,California
Plumas,2021-04-28,284,13095,4,896,280,11514,0,685,38,1166,245,6290,38,7456,California
Plumas,2021-04-29,172,13267,69,965,103,11617,0,685,118,1230,54,6344,118,7574,California
Plumas,2021-04-30,23,13290,11,976,12,11629,0,685,7,1221,16,6360,7,7581,California
Plumas,2021-05-01,2,13292,1,977,0,11629,1,686,0,1220,2,6362,1,7582,California
Plumas,2021-05-02,2,13294,2,979,0,11629,0,686,1,1220,1,6363,1,7583,California
Plumas,2021-05-03,17,13311,7,986,4,11633,6,692,6,1221,11,6374,12,7595,California
Plumas,2021-05-04,29,13340,3,989,20,11653,6,698,16,1231,12,6386,22,7617,California
Plumas,2021-05-05,49,13389,6,995,42,11695,1,699,22,1227,27,6413,23,7640,California
Plumas,2021-05-06,56,13445,2,997,49,11744,5,704,15,1206,41,6454,20,7660,California
Plumas,2021-05-07,22,13467,5,1002,16,11760,1,705,8,1201,14,6468,9,7669,California
Plumas,2021-05-08,6,13473,0,1002,4,11764,2,707,4,1205,2,6470,6,7675,California
Plumas,2021-05-10,50,13523,1,1003,26,11790,23,730,22,1222,28,6498,45,7720,California
Plumas,2021-05-11,163,13686,3,1006,141,11931,19,749,14,1106,149,6647,33,7753,California
Plumas,2021-05-12,98,13784,2,1008,89,12020,7,756,37,1090,60,6707,44,7797,California
Plumas,2021-05-13,35,13819,4,1012,29,12049,2,758,13,1083,22,6729,15,7812,California
Plumas,2021-05-14,19,13838,3,1015,11,12060,5,763,9,1087,10,6739,14,7826,California
Plumas,2021-05-15,10,13848,4,1019,4,12064,2,765,4,1087,6,6745,6,7832,California
Plumas,2021-05-16,2,13850,1,1020,1,12065,0,765,1,1087,1,6746,1,7833,California
Plumas,2021-05-17,13,13863,0,1020,4,12069,9,774,4,1091,9,6755,13,7846,California
Plumas,2021-05-18,42,13905,7,1027,34,12103,1,775,22,1094,20,6775,23,7869,California
Plumas,2021-05-19,45,13950,3,1030,28,12131,14,789,11,1086,34,6809,26,7895,California
Plumas,2021-05-20,189,14139,133,1163,45,12176,11,800,78,1064,111,6920,89,7984,California
Plumas,2021-05-21,28,14167,8,1171,15,12191,5,805,15,1071,13,6933,20,8004,California
Plumas,2021-05-22,136,14303,1,1172,135,12326,0,805,5,946,130,7063,5,8009,California
Plumas,2021-05-23,2,14305,2,1174,0,12326,0,805,1,946,1,7064,1,8010,California
Plumas,2021-05-24,52,14357,39,1213,12,12338,1,806,42,979,10,7074,43,8053,California
Plumas,2021-05-25,63,14420,4,1217,58,12396,1,807,16,949,47,7121,17,8070,California
Plumas,2021-05-26,38,14458,5,1222,26,12422,7,814,16,950,22,7143,23,8093,California
Plumas,2021-05-27,99,14557,28,1250,61,12483,10,824,42,947,56,7199,53,8146,California
Plumas,2021-05-28,37,14594,11,1261,25,12508,1,825,19,949,18,7217,20,8166,California
Plumas,2021-05-29,10,14604,1,1262,9,12517,0,825,7,954,3,7220,8,8174,California
Plumas,2021-05-31,1,14605,0,1262,1,12518,0,825,0,953,1,7221,0,8174,California
Riverside,2020-12-15,5,5,5,5,0,0,0,0,5,5,0,0,5,5,California
Riverside,2020-12-16,69,74,69,74,0,0,0,0,69,74,0,0,69,74,California
Riverside,2020-12-17,810,884,810,884,0,0,0,0,810,884,0,0,810,884,California
Riverside,2020-12-18,1729,2613,1728,2612,1,1,0,0,1729,2613,0,0,1729,2613,California
Riverside,2020-12-19,1027,3640,1024,3636,3,4,0,0,1025,3637,1,1,1025,3638,California
Riverside,2020-12-20,1084,4724,1083,4719,1,5,0,0,1084,4721,0,1,1084,4722,California
Riverside,2020-12-21,2278,7002,2276,6995,2,7,0,0,2278,6999,0,1,2278,7000,California
Riverside,2020-12-22,2260,9262,2221,9216,39,46,0,0,2259,9258,0,1,2259,9259,California
Riverside,2020-12-23,2150,11412,1808,11024,342,388,0,0,2151,11409,0,1,2151,11410,California
Riverside,2020-12-24,828,12240,626,11650,202,590,0,0,828,12237,0,1,828,12238,California
Riverside,2020-12-25,28,12268,5,11655,23,613,0,0,28,12265,0,1,28,12266,California
Riverside,2020-12-26,404,12672,257,11912,147,760,0,0,404,12669,0,1,404,12670,California
Riverside,2020-12-27,367,13039,245,12157,122,882,0,0,367,13036,0,1,367,13037,California
Riverside,2020-12-28,1635,14674,1130,13287,505,1387,0,0,1636,14672,0,1,1636,14673,California
Riverside,2020-12-29,1735,16409,968,14255,767,2154,0,0,1735,16407,0,1,1735,16408,California
Riverside,2020-12-30,2574,18983,1679,15934,895,3049,0,0,2573,18980,0,1,2573,18981,California
Riverside,2020-12-31,1022,20005,395,16329,627,3676,0,0,1024,20004,0,1,1024,20005,California
Riverside,2021-01-01,118,20123,46,16375,72,3748,0,0,118,20122,0,1,118,20123,California
Riverside,2021-01-02,833,20956,693,17068,140,3888,0,0,833,20955,0,1,833,20956,California
Riverside,2021-01-03,344,21300,299,17367,45,3933,0,0,343,21298,0,1,343,21299,California
Riverside,2021-01-04,1264,22564,794,18161,470,4403,0,0,1264,22562,0,1,1264,22563,California
Riverside,2021-01-05,1988,24552,1367,19528,621,5024,0,0,1892,24364,90,91,1892,24455,California
Riverside,2021-01-06,2502,27054,1120,20648,1382,6406,0,0,2192,26250,306,397,2192,26647,California
Riverside,2021-01-07,2779,29833,1825,22473,954,7360,0,0,1714,26906,1060,1457,1716,28363,California
Riverside,2021-01-08,4057,33890,2931,25404,1126,8486,0,0,2244,27341,1809,3266,2244,30607,California
Riverside,2021-01-09,2076,35966,845,26249,1231,9717,0,0,1727,28720,348,3614,1727,32334,California
Riverside,2021-01-10,1669,37635,740,26989,929,10646,0,0,1065,29181,604,4218,1065,33399,California
Riverside,2021-01-11,4522,42157,3097,30086,1425,12071,0,0,2786,30234,1734,5952,2787,36186,California
Riverside,2021-01-12,3420,45577,2740,32826,680,12751,0,0,1726,30271,1689,7641,1726,37912,California
Riverside,2021-01-13,4458,50035,2937,35763,1521,14272,0,0,2847,31510,1608,9249,2847,40759,California
Riverside,2021-01-14,5518,55553,1913,37676,3605,17877,0,0,4928,35849,589,9838,4928,45687,California
Riverside,2021-01-15,6094,61647,2023,39699,4071,21948,0,0,5805,41366,288,10126,5805,51492,California
Riverside,2021-01-16,3613,65260,1017,40716,2596,24544,0,0,3367,44488,246,10372,3368,54860,California
Riverside,2021-01-17,3597,68857,585,41301,3012,27556,0,0,3400,47693,195,10567,3400,58260,California
Riverside,2021-01-18,3749,72606,2040,43341,1709,29265,0,0,2741,49426,1008,11575,2741,61001,California
Riverside,2021-01-19,7418,80024,2647,45988,4771,34036,0,0,6298,54605,1120,12695,6299,67300,California
Riverside,2021-01-20,8219,88243,3132,49120,5087,39123,0,0,6560,59522,1647,14342,6564,73864,California
Riverside,2021-01-21,8354,96597,3508,52628,4846,43969,0,0,7702,66572,653,14995,7703,81567,California
Riverside,2021-01-22,8717,105314,2966,55594,5751,49720,0,0,8287,74432,428,15423,8288,89855,California
Riverside,2021-01-23,5895,111209,2360,57954,3535,53255,0,0,5175,78888,720,16143,5176,95031,California
Riverside,2021-01-24,3038,114247,1433,59387,1605,54860,0,0,2823,81499,213,16356,2824,97855,California
Riverside,2021-01-25,7879,122126,4530,63917,3349,58209,0,0,6759,87140,1119,17475,6760,104615,California
Riverside,2021-01-26,9138,131264,5717,69634,3421,61630,0,0,7628,93262,1507,18982,7629,112244,California
Riverside,2021-01-27,10929,142193,6395,76029,4534,66164,0,0,9313,100966,1612,20594,9316,121560,California
Riverside,2021-01-28,11504,153697,6788,82817,4716,70880,0,0,10339,110149,1157,21751,10340,131900,California
Riverside,2021-01-29,11940,165637,7283,90100,4657,75537,0,0,10566,119371,1348,23099,10570,142470,California
Riverside,2021-01-30,9062,174699,4612,94712,4450,79987,0,0,8598,127509,461,23560,8599,151069,California
Riverside,2021-01-31,5165,179864,4252,98964,913,80900,0,0,5035,132419,129,23689,5039,156108,California
Riverside,2021-02-01,10965,190829,6781,105745,4184,85084,0,0,9116,139696,1842,25531,9119,165227,California
Riverside,2021-02-02,9478,200307,4815,110560,4663,89747,0,0,8010,146249,1460,26991,8013,173240,California
Riverside,2021-02-03,12180,212487,5142,115702,7038,96785,0,0,9813,153705,2357,29348,9813,183053,California
Riverside,2021-02-04,13510,225997,5999,121701,7511,104296,0,0,11435,163077,2066,31414,11438,194491,California
Riverside,2021-02-05,14351,240348,5407,127108,8944,113240,0,0,11286,171309,3058,34472,11290,205781,California
Riverside,2021-02-06,7238,247586,4264,131372,2974,116214,0,0,5598,175277,1633,36105,5601,211382,California
Riverside,2021-02-07,2167,249753,798,132170,1369,117583,0,0,1848,176809,317,36422,1849,213231,California
Riverside,2021-02-08,12480,262233,5555,137725,6925,124508,0,0,10173,184694,2292,38714,10177,223408,California
Riverside,2021-02-09,9650,271883,4522,142247,5128,129636,0,0,7700,190458,1941,40655,7705,231113,California
Riverside,2021-02-10,12075,283958,6971,149218,5104,134740,0,0,8904,196210,3160,43815,8912,240025,California
Riverside,2021-02-11,16610,300568,9053,158271,7557,142297,0,0,12089,203815,4499,48314,12104,252129,California
Riverside,2021-02-12,17686,318254,10805,169076,6881,149178,0,0,12800,211785,4842,53156,12812,264941,California
Riverside,2021-02-13,6328,324582,2127,171203,4201,153379,0,0,3106,211706,3206,56362,3127,268068,California
Riverside,2021-02-14,4923,329505,1116,172319,3807,157186,0,0,2179,211145,2740,59102,2179,270247,California
Riverside,2021-02-15,9828,339333,5006,177325,4822,162008,0,0,5404,212141,4415,63517,5411,275658,California
Riverside,2021-02-16,16118,355451,10110,187435,6008,168016,0,0,9251,214541,6859,70376,9259,284917,California
Riverside,2021-02-17,15034,370485,8212,195647,6822,174838,0,0,7448,214426,7573,77949,7458,292375,California
Riverside,2021-02-18,15548,386033,8986,204633,6562,181400,0,0,8020,214954,7506,85455,8034,300409,California
Riverside,2021-02-19,15298,401331,8223,212856,7075,188475,0,0,7223,214129,8056,93511,7231,307640,California
Riverside,2021-02-20,8314,409645,4497,217353,3817,192292,0,0,2167,210169,6130,99641,2170,309810,California
Riverside,2021-02-21,4397,414042,3876,221229,521,192813,0,0,1232,208252,3150,102791,1233,311043,California
Riverside,2021-02-22,12377,426419,7772,229001,4605,197418,0,0,5114,206126,7247,110038,5121,316164,California
Riverside,2021-02-23,11122,437541,7577,236578,3545,200963,0,0,5402,205840,5692,115730,5406,321570,California
Riverside,2021-02-24,14813,452354,8103,244681,6710,207673,0,0,6299,203680,8476,124206,6316,327886,California
Riverside,2021-02-25,17366,469720,7405,252086,9961,217634,0,0,8069,202501,9273,133479,8094,335980,California
Riverside,2021-02-26,18643,488363,6734,258820,11909,229543,0,0,9308,202566,9277,142756,9342,345322,California
Riverside,2021-02-27,12087,500450,5611,264431,6476,236019,0,0,5766,202071,6288,149044,5793,351115,California
Riverside,2021-02-28,4885,505335,3221,267652,1664,237683,0,0,2408,202022,2464,151508,2415,353530,California
Riverside,2021-03-01,14369,519704,6111,273763,8256,245939,2,2,8464,204648,5868,157376,8494,362024,California
Riverside,2021-03-02,15379,535083,7514,281277,7864,253803,1,3,9022,207364,6334,163710,9050,371074,California
Riverside,2021-03-03,16932,552015,8390,289667,8542,262345,0,3,7321,205257,9560,173270,7453,378527,California
Riverside,2021-03-04,18763,570778,7467,297134,11291,273636,5,8,8917,204528,9801,183071,9072,387599,California
Riverside,2021-03-05,18941,589719,7617,304751,11280,284916,44,52,9393,204746,9497,192568,9715,397314,California
Riverside,2021-03-06,9531,599250,5075,309826,3975,288891,481,533,4750,205239,4767,197335,5260,402574,California
Riverside,2021-03-07,4253,603503,2752,312578,1112,290003,389,922,2003,205395,2240,199575,2396,404970,California
Riverside,2021-03-08,11967,615470,4761,317339,6795,296798,411,1333,5336,204578,6611,206186,5794,410764,California
Riverside,2021-03-09,14815,630285,6908,324247,7407,304205,500,1833,5911,202241,8883,215069,6546,417310,California
Riverside,2021-03-10,15922,646207,8522,332769,6473,310678,927,2760,6217,199876,9661,224730,7296,424606,California
Riverside,2021-03-11,19308,665515,9469,342238,7990,318668,1849,4609,7613,197888,11659,236389,9671,434277,California
Riverside,2021-03-12,21217,686732,7954,350192,8523,327191,4740,9349,7129,196041,14050,250439,12203,446480,California
Riverside,2021-03-13,8500,695232,2544,352736,4728,331919,1228,10577,4367,197614,4111,254550,5684,452164,California
Riverside,2021-03-14,4743,699975,1618,354354,1757,333676,1368,11945,2085,198418,2647,257197,3451,455615,California
Riverside,2021-03-15,18703,718678,7867,362221,9166,342842,1670,13615,9212,199952,9448,266645,10982,466597,California
Riverside,2021-03-16,20913,739591,10148,372369,9950,352792,815,14430,11391,202768,9483,276128,12299,478896,California
Riverside,2021-03-17,21345,760936,10961,383330,9325,362117,1059,15489,12826,208230,8482,284610,13944,492840,California
Riverside,2021-03-18,22633,783569,11789,395119,9178,371295,1666,17155,12566,212453,10018,294628,14241,507081,California
Riverside,2021-03-19,24155,807724,12684,407803,10498,381793,973,18128,14105,217907,9992,304620,15446,522527,California
Riverside,2021-03-20,10695,818419,6907,414710,2608,384401,1180,19308,6882,222186,3782,308402,8061,530588,California
Riverside,2021-03-21,3745,822164,2920,417630,559,384960,266,19574,2555,223835,1173,309575,2822,533410,California
Riverside,2021-03-22,16658,838822,9936,427566,6169,391129,553,20127,10599,228980,6005,315580,11150,544560,California
Riverside,2021-03-23,18584,857406,10527,438093,7636,398765,421,20548,11949,234789,6575,322155,12384,556944,California
Riverside,2021-03-24,18771,876177,10472,448565,8179,406944,120,20668,12882,241958,5839,327994,13008,569952,California
Riverside,2021-03-25,21182,897359,11683,460248,9318,416262,181,20849,14200,249435,6910,334904,14387,584339,California
Riverside,2021-03-26,24177,921536,11946,472194,12056,428318,175,21024,15034,255607,9039,343943,15211,599550,California
Riverside,2021-03-27,9337,930873,4907,477101,3377,431695,1053,22077,4820,256987,4494,348437,5874,605424,California
Riverside,2021-03-28,4775,935648,3139,480240,1544,433239,92,22169,2843,258005,1919,350356,2937,608361,California
Riverside,2021-03-29,17690,953338,8458,488698,9111,442350,121,22290,10949,262387,6699,357055,11081,619442,California
Riverside,2021-03-30,18375,971713,9570,498268,8598,450948,207,22497,11720,267701,6615,363670,11929,631371,California
Riverside,2021-03-31,18137,989850,8440,506708,9392,460340,305,22802,11454,272832,6638,370308,11769,643140,California
Riverside,2021-04-01,25579,1015429,12501,519209,12301,472641,777,23579,16516,281125,9000,379308,17293,660433,California
Riverside,2021-04-02,26158,1041587,14081,533290,11126,483767,951,24530,16382,288971,9716,389024,17562,677995,California
Riverside,2021-04-03,9382,1050969,5972,539262,2822,486589,588,25118,6049,292291,3314,392338,6634,684629,California
Riverside,2021-04-04,3398,1054367,2069,541331,1085,487674,244,25362,1719,292586,1669,394007,1964,686593,California
Riverside,2021-04-05,18478,1072845,9464,550795,7154,494828,1860,27222,9948,295907,8490,402497,11811,698404,California
Riverside,2021-04-06,23785,1096630,12364,563159,9288,504116,2133,29355,13261,300826,10473,412970,15392,713796,California
Riverside,2021-04-07,24742,1121372,13302,576461,8929,513045,2511,31866,13719,306087,10979,423949,16240,730036,California
Riverside,2021-04-08,27211,1148583,14968,591429,9275,522320,2968,34834,16581,315082,10569,434518,19564,749600,California
Riverside,2021-04-09,26223,1174806,15423,606852,8352,530672,2448,37282,15991,323390,10188,444706,18496,768096,California
Riverside,2021-04-10,11988,1186794,6733,613585,3862,534534,1393,38675,5236,323311,6709,451415,6630,774726,California
Riverside,2021-04-11,4610,1191404,2736,616321,1252,535786,622,39297,2168,323671,2431,453846,2791,777517,California
Riverside,2021-04-12,20065,1211469,8913,625234,8514,544300,2638,41935,10051,326380,9976,463822,12685,790202,California
Riverside,2021-04-13,19899,1231368,11128,636362,8744,553044,27,41962,11353,329256,8506,472328,11382,801584,California
Riverside,2021-04-14,22035,1253403,12103,648465,9917,562961,15,41977,10762,328831,11205,483533,10780,812364,California
Riverside,2021-04-15,21681,1275084,12179,660644,9494,572455,8,41985,11321,329869,10292,493825,11330,823694,California
Riverside,2021-04-16,24919,1300003,14424,675068,10489,582944,6,41991,11535,328085,13332,507157,11548,835242,California
Riverside,2021-04-17,9863,1309866,6498,681566,3365,586309,0,41991,4959,328161,4890,512047,4966,840208,California
Riverside,2021-04-18,3856,1313722,2808,684374,1041,587350,7,41998,1813,327954,2030,514077,1823,842031,California
Riverside,2021-04-19,19473,1333195,11589,695963,7881,595231,3,42001,6958,322446,12474,526551,6966,848997,California
Riverside,2021-04-20,18875,1352070,9950,705913,8915,604146,10,42011,7728,319082,11104,537655,7740,856737,California
Riverside,2021-04-21,19513,1371583,11086,716999,8418,612564,9,42020,7664,314979,11783,549438,7680,864417,California
Riverside,2021-04-22,23256,1394839,13562,730561,9691,622255,3,42023,8657,309111,14532,563970,8664,873081,California
Riverside,2021-04-23,23335,1418174,13729,744290,9592,631847,14,42037,9150,304157,14126,578096,9172,882253,California
Riverside,2021-04-24,10483,1428657,7313,751603,3167,635014,3,42040,4829,303371,5618,583714,4832,887085,California
Riverside,2021-04-25,4209,1432866,2817,754420,1391,636405,1,42041,2183,303547,2009,585723,2185,889270,California
Riverside,2021-04-26,16487,1449353,10356,764776,6086,642491,45,42086,5522,298192,10926,596649,5571,894841,California
Riverside,2021-04-27,17687,1467040,10145,774921,7380,649871,162,42248,6108,292926,11536,608185,6270,901111,California
Riverside,2021-04-28,16427,1483467,8857,783778,7313,657184,257,42505,5539,287889,10833,619018,5796,906907,California
Riverside,2021-04-29,18697,1502164,11437,795215,6912,664096,348,42853,5386,280371,13249,632267,5731,912638,California
Riverside,2021-04-30,19702,1521866,11357,806572,7966,672062,379,43232,6312,273726,13338,645605,6693,919331,California
Riverside,2021-05-01,6765,1528631,4875,811447,1722,673784,168,43400,2326,271804,4414,650019,2492,921823,California
Riverside,2021-05-02,3346,1531977,2179,813626,959,674743,208,43608,1069,270827,2260,652279,1283,923106,California
Riverside,2021-05-03,17980,1549957,11041,824667,6452,681195,487,44095,4153,261696,13769,666048,4638,927744,California
Riverside,2021-05-04,17250,1567207,10957,835624,5878,687073,415,44510,4880,254683,12307,678355,5294,933038,California
Riverside,2021-05-05,15748,1582955,8917,844541,6478,693551,353,44863,4544,248435,11145,689500,4897,937935,California
Riverside,2021-05-06,17769,1600724,9953,854494,7407,700958,409,45272,4522,240188,13179,702679,4932,942867,California
Riverside,2021-05-07,20301,1621025,11593,866087,8278,709236,430,45702,5357,231104,14868,717547,5784,948651,California
Riverside,2021-05-08,6811,1627836,4529,870616,2054,711290,228,45930,2554,229657,4227,721774,2780,951431,California
Riverside,2021-05-09,2308,1630144,1509,872125,644,711934,155,46085,852,229219,1445,723219,1007,952438,California
Riverside,2021-05-10,10014,1640158,5133,877258,4510,716444,371,46456,2856,225337,7108,730327,3226,955664,California
Riverside,2021-05-11,13540,1653698,8123,885381,4924,721368,493,46949,3690,219749,9772,740099,4184,959848,California
Riverside,2021-05-12,11916,1665614,5811,891192,5829,727197,276,47225,3609,215376,8256,748355,3883,963731,California
Riverside,2021-05-13,13714,1679328,8138,899330,5312,732509,264,47489,4862,211704,8802,757157,5130,968861,California
Riverside,2021-05-14,17714,1697042,11190,910520,5734,738243,790,48279,6920,208684,10728,767885,7708,976569,California
Riverside,2021-05-15,9671,1706713,6925,917445,2351,740594,395,48674,4933,209306,4706,772591,5328,981897,California
Riverside,2021-05-16,3445,1710158,2497,919942,838,741432,110,48784,1689,209360,1743,774334,1797,983694,California
Riverside,2021-05-17,11725,1721883,7567,927509,3820,745252,338,49122,5280,208578,6412,780746,5630,989324,California
Riverside,2021-05-18,15018,1736901,9300,936809,5376,750628,342,49464,6263,206474,8708,789454,6604,995928,California
Riverside,2021-05-19,12118,1749019,7675,944484,4227,754855,216,49680,6013,206647,6057,795511,6230,1002158,California
Riverside,2021-05-20,10155,1759174,6211,950695,3687,758542,257,49937,4463,205719,5651,801162,4723,1006881,California
Riverside,2021-05-21,12374,1771548,7501,958196,4571,763113,302,50239,5221,204136,7107,808269,5524,1012405,California
Riverside,2021-05-22,5502,1777050,3792,961988,1534,764647,176,50415,3068,204976,2405,810674,3245,1015650,California
Riverside,2021-05-23,1478,1778528,1034,963022,372,765019,72,50487,815,205209,654,811328,887,1016537,California
Riverside,2021-05-24,8403,1786931,5429,968451,2666,767685,308,50795,3775,204692,4599,815927,4082,1020619,California
Riverside,2021-05-25,9438,1796369,5639,974090,3545,771230,254,51049,3840,203227,5558,821485,4093,1024712,California
Riverside,2021-05-26,8472,1804841,5205,979295,2963,774193,304,51353,3722,202554,4704,826189,4031,1028743,California
Riverside,2021-05-27,8190,1813031,4903,984198,3073,777266,214,51567,3814,202245,4334,830523,4025,1032768,California
Riverside,2021-05-28,10176,1823207,6266,990464,3644,780910,266,51833,4783,201950,5345,835868,5050,1037818,California
Riverside,2021-05-29,4692,1827899,3215,993679,1352,782262,125,51958,2621,202646,2052,837920,2748,1040566,California
Riverside,2021-05-30,1888,1829787,1353,995032,478,782740,57,52015,1038,202897,845,838765,1096,1041662,California
Riverside,2021-05-31,442,1830229,150,995182,263,783003,29,52044,147,202779,294,839059,176,1041838,California
Sacramento,2020-12-15,315,315,315,315,0,0,0,0,315,315,0,0,315,315,California
Sacramento,2020-12-16,646,961,646,961,0,0,0,0,646,961,0,0,646,961,California
Sacramento,2020-12-17,649,1610,649,1610,0,0,0,0,649,1610,0,0,649,1610,California
Sacramento,2020-12-18,970,2580,970,2580,0,0,0,0,970,2580,0,0,970,2580,California
Sacramento,2020-12-19,610,3190,610,3190,0,0,0,0,610,3190,0,0,610,3190,California
Sacramento,2020-12-20,634,3824,634,3824,0,0,0,0,634,3824,0,0,634,3824,California
Sacramento,2020-12-21,1677,5501,1677,5501,0,0,0,0,1678,5502,0,0,1678,5502,California
Sacramento,2020-12-22,2104,7605,2071,7572,33,33,0,0,2104,7606,0,0,2104,7606,California
Sacramento,2020-12-23,2263,9868,2092,9664,171,204,0,0,2263,9869,0,0,2263,9869,California
Sacramento,2020-12-24,1046,10914,834,10498,212,416,0,0,1046,10915,0,0,1046,10915,California
Sacramento,2020-12-25,1,10915,0,10498,1,417,0,0,1,10916,0,0,1,10916,California
Sacramento,2020-12-26,510,11425,291,10789,219,636,0,0,510,11426,0,0,510,11426,California
Sacramento,2020-12-27,355,11780,249,11038,106,742,0,0,355,11781,0,0,355,11781,California
Sacramento,2020-12-28,1910,13690,1328,12366,582,1324,0,0,1909,13689,1,1,1909,13690,California
Sacramento,2020-12-29,1959,15649,1193,13559,766,2090,0,0,1959,15648,0,1,1959,15649,California
Sacramento,2020-12-30,2563,18212,1456,15015,1107,3197,0,0,2564,18212,0,1,2564,18213,California
Sacramento,2020-12-31,1233,19445,696,15711,537,3734,0,0,1234,19446,0,1,1234,19447,California
Sacramento,2021-01-01,81,19526,70,15781,11,3745,0,0,81,19527,0,1,81,19528,California
Sacramento,2021-01-02,568,20094,366,16147,202,3947,0,0,568,20095,0,1,568,20096,California
Sacramento,2021-01-03,412,20506,223,16370,189,4136,0,0,412,20507,0,1,412,20508,California
Sacramento,2021-01-04,1960,22466,847,17217,1113,5249,0,0,1958,22464,1,2,1958,22466,California
Sacramento,2021-01-05,2215,24681,989,18206,1226,6475,0,0,1861,23978,354,356,1868,24334,California
Sacramento,2021-01-06,2727,27408,1617,19823,1110,7585,0,0,1952,25158,772,1128,1952,26286,California
Sacramento,2021-01-07,2841,30249,1508,21331,1333,8918,0,0,1978,26276,860,1988,1978,28264,California
Sacramento,2021-01-08,3303,33552,2095,23426,1208,10126,0,0,2268,27514,1031,3019,2269,30533,California
Sacramento,2021-01-09,1291,34843,796,24222,495,10621,0,0,903,28031,386,3405,903,31436,California
Sacramento,2021-01-10,1247,36090,711,24933,536,11157,0,0,776,28338,470,3875,777,32213,California
Sacramento,2021-01-11,4350,40440,2960,27893,1390,12547,0,0,2410,28821,1939,5814,2422,34635,California
Sacramento,2021-01-12,4583,45023,3199,31092,1384,13931,0,0,2610,29463,1972,7786,2614,37249,California
Sacramento,2021-01-13,3833,48856,2212,33304,1621,15552,0,0,2417,30466,1415,9201,2418,39667,California
Sacramento,2021-01-14,4627,53483,2337,35641,2290,17842,0,0,3706,33255,917,10118,3706,43373,California
Sacramento,2021-01-15,4450,57933,2263,37904,2187,20029,0,0,3729,36264,721,10839,3730,47103,California
Sacramento,2021-01-16,2080,60013,1276,39180,804,20833,0,0,1862,37908,218,11057,1862,48965,California
Sacramento,2021-01-17,1671,61684,977,40157,694,21527,0,0,1492,39224,179,11236,1495,50460,California
Sacramento,2021-01-18,2818,64502,1722,41879,1096,22623,0,0,2243,40894,574,11810,2244,52704,California
Sacramento,2021-01-19,4972,69474,3024,44903,1948,24571,0,0,3738,43400,1234,13044,3740,56444,California
Sacramento,2021-01-20,4812,74286,2849,47752,1963,26534,0,0,3590,45772,1224,14268,3596,60040,California
Sacramento,2021-01-21,5208,79494,3003,50755,2205,28739,0,0,4239,49050,963,15231,4241,64281,California
Sacramento,2021-01-22,5006,84500,2673,53428,2333,31072,0,0,4703,53452,302,15533,4704,68985,California
Sacramento,2021-01-23,3742,88242,1563,54991,2179,33251,0,0,3282,56274,460,15993,3282,72267,California
Sacramento,2021-01-24,1615,89857,1006,55997,609,33860,0,0,1374,57408,241,16234,1375,73642,California
Sacramento,2021-01-25,4423,94280,2167,58164,2256,36116,0,0,2949,58885,1474,17708,2951,76593,California
Sacramento,2021-01-26,4733,99013,2145,60309,2588,38704,0,0,3532,61220,1199,18907,3534,80127,California
Sacramento,2021-01-27,5811,104824,3046,63355,2765,41469,0,0,4200,63814,1608,20515,4202,84329,California
Sacramento,2021-01-28,5386,110210,2729,66084,2657,44126,0,0,4284,66998,1101,21616,4285,88614,California
Sacramento,2021-01-29,5403,115613,2939,69023,2464,46590,0,0,4379,70362,1015,22631,4379,92993,California
Sacramento,2021-01-30,4508,120121,2199,71222,2309,48899,0,0,4079,74014,427,23058,4079,97072,California
Sacramento,2021-01-31,2319,122440,2025,73247,294,49193,0,0,2044,75787,273,23331,2046,99118,California
Sacramento,2021-02-01,5941,128381,3036,76283,2905,52098,0,0,4257,78364,1680,25011,4257,103375,California
Sacramento,2021-02-02,6930,135311,3760,80043,3170,55268,0,0,4800,81054,2112,27123,4802,108177,California
Sacramento,2021-02-03,7149,142460,3604,83647,3545,58813,0,0,5285,84486,1855,28978,5287,113464,California
Sacramento,2021-02-04,7756,150216,3668,87315,4088,62901,0,0,5511,87761,2236,31214,5511,118975,California
Sacramento,2021-02-05,7856,158072,4486,91801,3370,66271,0,0,4918,89767,2915,34129,4921,123896,California
Sacramento,2021-02-06,8483,166555,3487,95288,4996,71267,0,0,7127,95541,1354,35483,7128,131024,California
Sacramento,2021-02-07,4072,170627,2185,97473,1887,73154,0,0,2866,97208,1201,36684,2868,133892,California
Sacramento,2021-02-08,6233,176860,3241,100714,2992,76146,0,0,3897,98773,2332,39016,3897,137789,California
Sacramento,2021-02-09,6773,183633,3556,104270,3217,79363,0,0,3994,99998,2770,41786,3995,141784,California
Sacramento,2021-02-10,7700,191333,4210,108480,3490,82853,0,0,4542,101398,3144,44930,4544,146328,California
Sacramento,2021-02-11,9600,200933,5727,114207,3873,86726,0,0,5509,102833,4076,49006,5511,151839,California
Sacramento,2021-02-12,10684,211617,4144,118351,6540,93266,0,0,6410,105033,4213,53219,6413,158252,California
Sacramento,2021-02-13,7671,219288,2980,121331,4691,97957,0,0,6087,109540,1581,54800,6088,164340,California
Sacramento,2021-02-14,3193,222481,1958,123289,1235,99192,0,0,2100,110553,1091,55891,2104,166444,California
Sacramento,2021-02-15,5994,228475,2046,125335,3948,103140,0,0,4165,112898,1823,57714,4168,170612,California
Sacramento,2021-02-16,9237,237712,4206,129541,5031,108171,0,0,5319,114310,3911,61625,5323,175935,California
Sacramento,2021-02-17,8845,246557,4991,134532,3854,112025,0,0,5146,115770,3688,65313,5148,181083,California
Sacramento,2021-02-18,9562,256119,5723,140255,3839,115864,0,0,5708,117635,3846,69159,5711,186794,California
Sacramento,2021-02-19,10012,266131,6140,146395,3872,119736,0,0,5916,119472,4085,73244,5922,192716,California
Sacramento,2021-02-20,7758,273889,5730,152125,2028,121764,0,0,4696,121114,3056,76300,4698,197414,California
Sacramento,2021-02-21,2979,276868,2367,154492,612,122376,0,0,1043,120227,1930,78230,1043,198457,California
Sacramento,2021-02-22,6199,283067,3754,158246,2445,124821,0,0,2690,119423,3498,81728,2694,201151,California
Sacramento,2021-02-23,7157,290224,4447,162693,2710,127531,0,0,3471,119228,3670,85398,3475,204626,California
Sacramento,2021-02-24,9678,299902,5310,168003,4368,131899,0,0,5268,120106,4394,89792,5272,209898,California
Sacramento,2021-02-25,10937,310839,6239,174242,4698,136597,0,0,6411,122005,4512,94304,6411,216309,California
Sacramento,2021-02-26,13935,324774,6481,180723,7454,144051,0,0,9592,127287,4313,98617,9595,225904,California
Sacramento,2021-02-27,10842,335616,6741,187464,4098,148149,3,3,7970,132411,2849,101466,7973,233877,California
Sacramento,2021-02-28,5645,341261,2246,189710,3399,151548,0,3,2600,131981,3031,104497,2601,236478,California
Sacramento,2021-03-01,8074,349335,3489,193199,4584,156132,1,4,4365,132661,3688,108185,4368,240846,California
Sacramento,2021-03-02,9295,358630,4047,197246,5247,161379,1,5,5720,134827,3558,111743,5724,246570,California
Sacramento,2021-03-03,10990,369620,5026,202272,5961,167340,3,8,6566,136995,4403,116146,6571,253141,California
Sacramento,2021-03-04,13472,383092,6200,208472,7268,174608,4,12,7498,138561,5942,122088,7508,260649,California
Sacramento,2021-03-05,10631,393723,4910,213382,5691,180299,30,42,7069,142120,3541,125629,7100,267749,California
Sacramento,2021-03-06,8127,401850,3121,216503,4884,185183,122,164,4126,142381,3986,129615,4247,271996,California
Sacramento,2021-03-07,7618,409468,2214,218717,5315,190498,89,253,3754,142363,3859,133474,3841,275837,California
Sacramento,2021-03-08,9131,418599,4263,222980,4643,195141,225,478,5985,145437,3134,136608,6208,282045,California
Sacramento,2021-03-09,9615,428214,4566,227546,4757,199898,292,770,5536,147204,4062,140670,5829,287874,California
Sacramento,2021-03-10,11783,439997,7514,235060,3913,203811,356,1126,6892,149596,4857,145527,7249,295123,California
Sacramento,2021-03-11,15083,455080,10015,245075,4250,208061,818,1944,8972,153314,6071,151598,9789,304912,California
Sacramento,2021-03-12,18045,473125,8340,253415,8844,216905,861,2805,8877,153943,9118,160716,9747,314659,California
Sacramento,2021-03-13,13006,486131,3574,256989,9004,225909,428,3233,7899,157173,5096,165812,8326,322985,California
Sacramento,2021-03-14,8386,494517,3468,260457,4287,230196,631,3864,4466,158373,3896,169708,5096,328081,California
Sacramento,2021-03-15,12203,506720,4832,265289,6709,236905,662,4526,7090,161034,5092,174800,7753,335834,California
Sacramento,2021-03-16,14002,520722,6211,271500,7142,244047,649,5175,8645,164999,5323,180123,9288,345122,California
Sacramento,2021-03-17,13693,534415,6585,278085,6473,250520,635,5810,8830,169630,4838,184961,9469,354591,California
Sacramento,2021-03-18,15687,550102,8233,286318,6866,257386,588,6398,10120,174802,5536,190497,10708,365299,California
Sacramento,2021-03-19,15605,565707,7970,294288,6261,263647,1374,7772,8133,176861,7445,197942,9504,374803,California
Sacramento,2021-03-20,12929,578636,7546,301834,5043,268690,340,8112,8178,180659,4722,202664,8520,383323,California
Sacramento,2021-03-21,5598,584234,2753,304587,2806,271496,39,8151,4943,185000,643,203307,4984,388307,California
Sacramento,2021-03-22,9399,593633,4814,309401,3731,275227,854,9005,6299,189080,3073,206380,7153,395460,California
Sacramento,2021-03-23,11350,604983,6762,316163,3780,279007,808,9813,7318,193213,3991,210371,8124,403584,California
Sacramento,2021-03-24,11877,616860,7275,323438,3970,282977,632,10445,6758,195566,5038,215409,7391,410975,California
Sacramento,2021-03-25,14162,631022,8361,331799,4975,287952,826,11271,8574,199419,5543,220952,9396,420371,California
Sacramento,2021-03-26,18269,649291,8944,340743,8837,296789,488,11759,9229,200167,8971,229923,9719,430090,California
Sacramento,2021-03-27,9706,658997,3576,344319,5839,302628,291,12050,5217,201214,4457,234380,5504,435594,California
Sacramento,2021-03-28,6534,665531,3221,347540,3065,305693,248,12298,3120,201181,3404,237784,3371,438965,California
Sacramento,2021-03-29,11016,676547,5899,353439,4745,310438,372,12670,5208,200984,5780,243564,5583,444548,California
Sacramento,2021-03-30,11851,688398,6084,359523,5375,315813,392,13062,6029,201605,5800,249364,6421,450969,California
Sacramento,2021-03-31,13452,701850,7863,367386,5194,321007,395,13457,5664,199897,7760,257124,6052,457021,California
Sacramento,2021-04-01,17396,719246,10458,377844,6714,327721,224,13681,7305,197382,10052,267176,7537,464558,California
Sacramento,2021-04-02,17123,736369,9698,387542,6688,334409,737,14418,9005,199042,8088,275264,9748,474306,California
Sacramento,2021-04-03,10432,746801,6220,393762,3660,338069,552,14970,6407,202002,3997,279261,6957,481263,California
Sacramento,2021-04-04,3706,750507,1528,395290,1987,340056,191,15161,1452,201393,2249,281510,1640,482903,California
Sacramento,2021-04-05,12059,762566,7567,402857,3660,343716,832,15993,5395,200986,6629,288139,6222,489125,California
Sacramento,2021-04-06,15622,778188,8874,411731,5417,349133,1331,17324,6918,200565,8671,296810,8250,497375,California
Sacramento,2021-04-07,14810,792998,8018,419749,5206,354339,1586,18910,7166,201718,7608,304418,8761,506136,California
Sacramento,2021-04-08,15014,808012,6748,426497,5302,359641,2964,21874,5974,201660,9008,313426,8950,515086,California
Sacramento,2021-04-09,18223,826235,9323,435820,6709,366350,2191,24065,7398,200477,10788,324214,9605,524691,California
Sacramento,2021-04-10,12816,839051,3834,439654,7767,374117,1215,25280,5310,199507,7480,331694,6510,531201,California
Sacramento,2021-04-11,10734,849785,4329,443983,6181,380298,224,25504,3802,196625,6907,338601,4025,535226,California
Sacramento,2021-04-12,12899,862684,5016,448999,6021,386319,1862,27366,4927,195486,7913,346514,6774,542000,California
Sacramento,2021-04-13,16230,878914,9933,458932,6293,392612,4,27370,7551,194392,8653,355167,7559,549559,California
Sacramento,2021-04-14,14906,893820,7942,466874,6962,399574,2,27372,5898,191314,8980,364147,5902,555461,California
Sacramento,2021-04-15,16309,910129,8392,475266,7914,407488,3,27375,6614,188276,9657,373804,6619,562080,California
Sacramento,2021-04-16,17375,927504,9605,484871,7770,415258,0,27375,7868,186676,9470,383274,7870,569950,California
Sacramento,2021-04-17,15256,942760,6138,491009,9118,424376,0,27375,11041,193527,4195,387469,11046,580996,California
Sacramento,2021-04-18,8436,951196,3069,494078,5367,429743,0,27375,3733,192575,4686,392155,3734,584730,California
Sacramento,2021-04-19,10573,961769,5711,499789,4857,434600,5,27380,4693,191415,5859,398014,4699,589429,California
Sacramento,2021-04-20,11111,972880,6750,506539,4358,438958,3,27383,5911,192153,5180,403194,5918,595347,California
Sacramento,2021-04-21,11472,984352,6628,513167,4842,443800,2,27385,6214,193134,5236,408430,6217,601564,California
Sacramento,2021-04-22,14809,999161,9895,523062,4910,448710,4,27389,6819,191999,7960,416390,6825,608389,California
Sacramento,2021-04-23,15813,1014974,9992,533054,5821,454531,0,27389,7329,190881,8448,424838,7330,615719,California
Sacramento,2021-04-24,11320,1026294,7003,540057,4316,458847,1,27390,5936,191472,5347,430185,5938,621657,California
Sacramento,2021-04-25,7987,1034281,4484,544541,3503,462350,0,27390,4162,191822,3813,433998,4163,625820,California
Sacramento,2021-04-26,10231,1044512,6430,550971,3776,466126,25,27415,4697,191037,5507,439505,4722,630542,California
Sacramento,2021-04-27,11641,1056153,7639,558610,3881,470007,121,27536,5642,190830,5971,445476,5764,636306,California
Sacramento,2021-04-28,10028,1066181,5715,564325,4111,474118,202,27738,5377,191792,4623,450099,5585,641891,California
Sacramento,2021-04-29,10190,1076371,6814,571139,3071,477189,305,28043,5359,192658,4798,454897,5664,647555,California
Sacramento,2021-04-30,12428,1088799,7803,578942,4363,481552,262,28305,5871,192276,6515,461412,6133,653688,California
Sacramento,2021-05-01,7567,1096366,5470,584412,1923,483475,174,28479,2756,190426,4778,466190,2928,656616,California
Sacramento,2021-05-02,3831,1100197,3176,587588,547,484022,108,28587,2168,191057,1643,467833,2274,658890,California
Sacramento,2021-05-03,9096,1109293,7276,594864,1538,485560,282,28869,3944,190150,5128,472961,4221,663111,California
Sacramento,2021-05-04,9361,1118654,5690,600554,3360,488920,311,29180,3784,188709,5535,478496,4094,667205,California
Sacramento,2021-05-05,10969,1129623,5917,606471,4600,493520,452,29632,4425,187077,6504,485000,4872,672077,California
Sacramento,2021-05-06,11167,1140790,6193,612664,4672,498192,302,29934,4626,185773,6230,491230,4926,677003,California
Sacramento,2021-05-07,10600,1151390,6163,618827,4062,502254,375,30309,4471,184540,6080,497310,4847,681850,California
Sacramento,2021-05-08,8162,1159552,3816,622643,4117,506371,229,30538,2703,182043,5424,502734,2927,684777,California
Sacramento,2021-05-09,3165,1162717,1653,624296,1399,507770,113,30651,1188,181380,1964,504698,1301,686078,California
Sacramento,2021-05-10,8071,1170788,3734,628030,4070,511840,267,30918,1982,177572,6059,510757,2251,688329,California
Sacramento,2021-05-11,8066,1178854,5028,633058,2794,514634,244,31162,2778,175334,5258,516015,3020,691349,California
Sacramento,2021-05-12,8067,1186921,4793,637851,3036,517670,238,31400,2764,173063,5272,521287,3001,694350,California
Sacramento,2021-05-13,10887,1197808,6931,644782,3699,521369,257,31657,4089,170652,6763,528050,4352,698702,California
Sacramento,2021-05-14,12156,1209964,6870,651652,4998,526367,288,31945,5018,168874,7083,535133,5305,704007,California
Sacramento,2021-05-15,13057,1223021,7890,659542,5024,531391,143,32088,5796,167586,7225,542358,5937,709944,California
Sacramento,2021-05-16,7781,1230802,4064,663606,3604,534995,113,32201,2093,164129,5664,548022,2207,712151,California
Sacramento,2021-05-17,10376,1241178,6315,669921,3779,538774,282,32483,4111,162293,6235,554257,4399,716550,California
Sacramento,2021-05-18,9691,1250869,6088,676009,3394,542168,209,32692,3845,160545,5806,560063,4058,720608,California
Sacramento,2021-05-19,9762,1260631,6260,682269,3239,545407,263,32955,4631,160354,5089,565152,4898,725506,California
Sacramento,2021-05-20,8938,1269569,6079,688348,2638,548045,221,33176,3990,159663,4902,570054,4211,729717,California
Sacramento,2021-05-21,9329,1278898,6084,694432,2981,551026,264,33440,4239,159116,5058,575112,4511,734228,California
Sacramento,2021-05-22,6259,1285157,3987,698419,2139,553165,133,33573,3148,159303,3093,578205,3280,737508,California
Sacramento,2021-05-23,3324,1288481,2466,700885,785,553950,73,33646,1738,159543,1570,579775,1810,739318,California
Sacramento,2021-05-24,7563,1296044,4533,705418,2722,556672,308,33954,2471,157275,5045,584820,2777,742095,California
Sacramento,2021-05-25,6567,1302611,3814,709232,2465,559137,288,34242,2421,155861,4121,588941,2707,744802,California
Sacramento,2021-05-26,8321,1310932,4614,713846,3403,562540,304,34546,2999,153886,5275,594216,3300,748102,California
Sacramento,2021-05-27,6526,1317458,3563,717409,2735,565275,228,34774,3035,153691,3455,597671,3260,751362,California
Sacramento,2021-05-28,8128,1325586,4526,721935,3235,568510,367,35141,3450,152855,4649,602320,3813,755175,California
Sacramento,2021-05-29,4264,1329850,2635,724570,1480,569990,149,35290,2170,153100,2073,604393,2318,757493,California
Sacramento,2021-05-30,1603,1331453,999,725569,563,570553,41,35331,733,153010,865,605258,775,758268,California
Sacramento,2021-05-31,571,1332024,216,725785,339,570892,16,35347,166,152787,405,605663,182,758450,California
San Benito,2020-12-16,30,30,30,30,0,0,0,0,30,30,0,0,30,30,California
San Benito,2020-12-17,38,68,38,68,0,0,0,0,38,68,0,0,38,68,California
San Benito,2020-12-18,72,140,72,140,0,0,0,0,72,140,0,0,72,140,California
San Benito,2020-12-19,47,187,47,187,0,0,0,0,47,187,0,0,47,187,California
San Benito,2020-12-20,23,210,23,210,0,0,0,0,23,210,0,0,23,210,California
San Benito,2020-12-21,76,286,76,286,0,0,0,0,76,286,0,0,76,286,California
San Benito,2020-12-22,100,386,100,386,0,0,0,0,100,386,0,0,100,386,California
San Benito,2020-12-23,85,471,73,459,12,12,0,0,85,471,0,0,85,471,California
San Benito,2020-12-24,13,484,5,464,8,20,0,0,13,484,0,0,13,484,California
San Benito,2020-12-25,4,488,4,468,0,20,0,0,4,488,0,0,4,488,California
San Benito,2020-12-26,13,501,4,472,9,29,0,0,13,501,0,0,13,501,California
San Benito,2020-12-27,8,509,7,479,1,30,0,0,8,509,0,0,8,509,California
San Benito,2020-12-28,65,574,36,515,29,59,0,0,65,574,0,0,65,574,California
San Benito,2020-12-29,50,624,21,536,29,88,0,0,50,624,0,0,50,624,California
San Benito,2020-12-30,59,683,37,573,22,110,0,0,59,683,0,0,59,683,California
San Benito,2020-12-31,19,702,2,575,17,127,0,0,19,702,0,0,19,702,California
San Benito,2021-01-02,25,727,24,599,1,128,0,0,25,727,0,0,25,727,California
San Benito,2021-01-03,3,730,1,600,2,130,0,0,3,730,0,0,3,730,California
San Benito,2021-01-04,62,792,23,623,39,169,0,0,62,792,0,0,62,792,California
San Benito,2021-01-05,119,911,37,660,82,251,0,0,116,905,3,3,116,908,California
San Benito,2021-01-06,100,1011,43,703,57,308,0,0,85,975,15,18,85,993,California
San Benito,2021-01-07,97,1108,60,763,37,345,0,0,52,982,45,63,52,1045,California
San Benito,2021-01-08,173,1281,88,851,85,430,0,0,108,1025,65,128,108,1153,California
San Benito,2021-01-09,43,1324,30,881,13,443,0,0,30,1042,13,141,30,1183,California
San Benito,2021-01-10,16,1340,14,895,2,445,0,0,5,1036,11,152,5,1188,California
San Benito,2021-01-11,169,1509,107,1002,62,507,0,0,69,1005,100,252,69,1257,California
San Benito,2021-01-12,158,1667,55,1057,103,610,0,0,120,1087,38,290,120,1377,California
San Benito,2021-01-13,216,1883,60,1117,156,766,0,0,172,1215,44,334,172,1549,California
San Benito,2021-01-14,116,1999,23,1140,93,859,0,0,98,1295,18,352,98,1647,California
San Benito,2021-01-15,216,2215,21,1161,195,1054,0,0,202,1483,14,366,202,1849,California
San Benito,2021-01-16,27,2242,9,1170,18,1072,0,0,21,1498,6,372,21,1870,California
San Benito,2021-01-17,11,2253,5,1175,6,1078,0,0,8,1503,3,375,8,1878,California
San Benito,2021-01-18,36,2289,23,1198,13,1091,0,0,21,1509,15,390,21,1899,California
San Benito,2021-01-19,152,2441,65,1263,87,1178,0,0,125,1607,27,417,125,2024,California
San Benito,2021-01-20,275,2716,94,1357,181,1359,0,0,229,1791,45,462,229,2253,California
San Benito,2021-01-21,125,2841,32,1389,93,1452,0,0,100,1866,25,487,100,2353,California
San Benito,2021-01-22,233,3074,19,1408,214,1666,0,0,223,2079,10,497,223,2576,California
San Benito,2021-01-23,31,3105,17,1425,14,1680,0,0,13,2074,18,515,13,2589,California
San Benito,2021-01-24,11,3116,3,1428,8,1688,0,0,7,2077,4,519,7,2596,California
San Benito,2021-01-25,67,3183,25,1453,42,1730,0,0,20,2050,47,566,20,2616,California
San Benito,2021-01-26,138,3321,41,1494,97,1827,0,0,85,2082,53,619,85,2701,California
San Benito,2021-01-27,229,3550,69,1563,160,1987,0,0,189,2231,40,659,189,2890,California
San Benito,2021-01-28,155,3705,32,1595,123,2110,0,0,123,2323,31,690,123,3013,California
San Benito,2021-01-29,289,3994,31,1626,258,2368,0,0,266,2567,22,712,266,3279,California
San Benito,2021-01-30,50,4044,32,1658,18,2386,0,0,27,2571,23,735,27,3306,California
San Benito,2021-01-31,16,4060,5,1663,11,2397,0,0,11,2577,5,740,11,3317,California
San Benito,2021-02-01,133,4193,28,1691,105,2502,0,0,89,2622,44,784,89,3406,California
San Benito,2021-02-02,227,4420,49,1740,178,2680,0,0,137,2669,90,874,137,3543,California
San Benito,2021-02-03,340,4760,42,1782,298,2978,0,0,274,2877,66,940,274,3817,California
San Benito,2021-02-04,164,4924,24,1806,140,3118,0,0,120,2953,44,984,120,3937,California
San Benito,2021-02-05,292,5216,40,1846,252,3370,0,0,229,3119,63,1047,229,4166,California
San Benito,2021-02-06,48,5264,8,1854,40,3410,0,0,31,3133,17,1064,31,4197,California
San Benito,2021-02-07,16,5280,8,1862,8,3418,0,0,15,3147,1,1065,15,4212,California
San Benito,2021-02-08,139,5419,16,1878,123,3541,0,0,93,3194,46,1111,93,4305,California
San Benito,2021-02-09,326,5745,63,1941,263,3804,0,0,194,3256,132,1243,194,4499,California
San Benito,2021-02-10,322,6067,89,2030,233,4037,0,0,113,3161,208,1451,113,4612,California
San Benito,2021-02-11,299,6366,33,2063,266,4303,0,0,201,3264,98,1549,201,4813,California
San Benito,2021-02-12,414,6780,31,2094,383,4686,0,0,208,3267,205,1754,208,5021,California
San Benito,2021-02-13,56,6836,7,2101,49,4735,0,0,43,3297,13,1767,43,5064,California
San Benito,2021-02-14,41,6877,5,2106,36,4771,0,0,31,3318,10,1777,31,5095,California
San Benito,2021-02-15,106,6983,10,2116,96,4867,0,0,95,3402,11,1788,95,5190,California
San Benito,2021-02-16,207,7190,11,2127,196,5063,0,0,102,3399,105,1893,102,5292,California
San Benito,2021-02-17,328,7518,29,2156,299,5362,0,0,279,3629,49,1942,279,5571,California
San Benito,2021-02-18,293,7811,37,2193,256,5618,0,0,71,3478,222,2164,71,5642,California
San Benito,2021-02-19,346,8157,47,2240,299,5917,0,0,180,3492,166,2330,180,5822,California
San Benito,2021-02-20,45,8202,26,2266,19,5936,0,0,36,3519,9,2339,36,5858,California
San Benito,2021-02-21,24,8226,8,2274,16,5952,0,0,14,3523,10,2349,14,5872,California
San Benito,2021-02-22,135,8361,36,2310,99,6051,0,0,101,3591,33,2382,101,5973,California
San Benito,2021-02-23,379,8740,94,2404,285,6336,0,0,263,3738,116,2498,263,6236,California
San Benito,2021-02-24,378,9118,65,2469,313,6649,0,0,239,3838,139,2637,239,6475,California
San Benito,2021-02-25,394,9512,64,2533,330,6979,0,0,273,3988,123,2760,273,6748,California
San Benito,2021-02-26,646,10158,72,2605,574,7553,0,0,399,4140,247,3007,399,7147,California
San Benito,2021-02-27,100,10258,39,2644,61,7614,0,0,86,4212,14,3021,86,7233,California
San Benito,2021-02-28,247,10505,23,2667,224,7838,0,0,238,4441,9,3030,238,7471,California
San Benito,2021-03-01,226,10731,58,2725,168,8006,0,0,156,4526,71,3101,156,7627,California
San Benito,2021-03-02,279,11010,93,2818,186,8192,0,0,209,4665,70,3171,209,7836,California
San Benito,2021-03-03,403,11413,60,2878,343,8535,0,0,224,4712,177,3348,224,8060,California
San Benito,2021-03-04,616,12029,127,3005,474,9009,15,15,431,4962,185,3533,435,8495,California
San Benito,2021-03-05,586,12615,306,3311,268,9277,12,27,375,5140,209,3742,387,8882,California
San Benito,2021-03-06,194,12809,70,3381,110,9387,14,41,142,5244,52,3794,156,9038,California
San Benito,2021-03-07,649,13458,605,3986,22,9409,22,63,617,5851,32,3826,639,9677,California
San Benito,2021-03-08,289,13747,67,4053,176,9585,46,109,167,5942,122,3948,213,9890,California
San Benito,2021-03-09,426,14173,84,4137,243,9828,99,208,139,5867,286,4234,211,10101,California
San Benito,2021-03-10,404,14577,113,4250,194,10022,97,305,231,6022,173,4407,328,10429,California
San Benito,2021-03-11,473,15050,120,4370,199,10221,154,459,209,6121,264,4671,363,10792,California
San Benito,2021-03-12,517,15567,120,4490,303,10524,94,553,232,6165,283,4954,327,11119,California
San Benito,2021-03-13,202,15769,101,4591,83,10607,18,571,128,6240,71,5025,146,11265,California
San Benito,2021-03-14,232,16001,40,4631,172,10779,20,591,179,6387,52,5077,199,11464,California
San Benito,2021-03-15,324,16325,100,4731,205,10984,19,610,190,6462,134,5211,209,11673,California
San Benito,2021-03-16,501,16826,221,4952,249,11233,31,641,352,6695,149,5360,382,12055,California
San Benito,2021-03-17,791,17617,477,5429,292,11525,22,663,561,7044,226,5586,575,12630,California
San Benito,2021-03-18,790,18407,527,5956,207,11732,56,719,573,7449,215,5801,620,13250,California
San Benito,2021-03-19,781,19188,404,6360,354,12086,23,742,580,7851,201,6002,603,13853,California
San Benito,2021-03-20,247,19435,152,6512,83,12169,12,754,188,7992,59,6061,200,14053,California
San Benito,2021-03-21,109,19544,56,6568,48,12217,5,759,82,8052,27,6088,87,14140,California
San Benito,2021-03-22,351,19895,171,6739,155,12372,25,784,224,8174,127,6215,249,14389,California
San Benito,2021-03-23,480,20375,202,6941,268,12640,10,794,218,8139,262,6477,227,14616,California
San Benito,2021-03-24,575,20950,305,7246,263,12903,7,801,361,8294,213,6690,368,14984,California
San Benito,2021-03-25,743,21693,441,7687,298,13201,4,805,441,8441,298,6988,445,15429,California
San Benito,2021-03-26,1020,22713,518,8205,498,13699,4,809,339,8104,680,7668,343,15772,California
San Benito,2021-03-27,336,23049,187,8392,116,13815,33,842,215,8233,120,7788,249,16021,California
San Benito,2021-03-28,732,23781,608,9000,119,13934,5,847,128,7762,604,8392,133,16154,California
San Benito,2021-03-29,344,24125,109,9109,215,14149,20,867,148,7733,196,8588,167,16321,California
San Benito,2021-03-30,577,24702,273,9382,210,14359,94,961,292,7834,285,8873,386,16707,California
San Benito,2021-03-31,596,25298,366,9748,206,14565,24,985,342,7949,251,9124,366,17073,California
San Benito,2021-04-01,947,26245,383,10131,526,15091,38,1023,567,8170,379,9503,600,17673,California
San Benito,2021-04-02,542,26787,263,10394,144,15235,135,1158,267,8298,275,9778,403,18076,California
San Benito,2021-04-03,255,27042,88,10482,104,15339,63,1221,75,8256,180,9958,138,18214,California
San Benito,2021-04-04,143,27185,108,10590,30,15369,5,1226,106,8330,37,9995,111,18325,California
San Benito,2021-04-05,352,27537,170,10760,140,15509,42,1268,143,8305,209,10204,184,18509,California
San Benito,2021-04-06,471,28008,164,10924,128,15637,179,1447,159,8331,312,10516,338,18847,California
San Benito,2021-04-07,946,28954,530,11454,227,15864,189,1636,268,8115,676,11192,460,19307,California
San Benito,2021-04-08,862,29816,432,11886,178,16042,252,1888,226,7958,635,11827,478,19785,California
San Benito,2021-04-09,840,30656,498,12384,252,16294,90,1978,289,7788,551,12378,381,20166,California
San Benito,2021-04-10,337,30993,202,12586,77,16371,58,2036,189,7887,148,12526,247,20413,California
San Benito,2021-04-11,473,31466,269,12855,170,16541,34,2070,263,7957,210,12736,280,20693,California
San Benito,2021-04-12,530,31996,285,13140,133,16674,112,2182,278,8092,251,12987,386,21079,California
San Benito,2021-04-13,754,32750,292,13432,439,17113,23,2205,522,8407,231,13218,546,21625,California
San Benito,2021-04-14,832,33582,654,14086,178,17291,0,2205,395,8370,432,13650,395,22020,California
San Benito,2021-04-15,941,34523,733,14819,207,17498,1,2206,469,8369,471,14121,470,22490,California
San Benito,2021-04-16,704,35227,368,15187,327,17825,9,2215,296,8270,405,14526,306,22796,California
San Benito,2021-04-17,321,35548,226,15413,95,17920,0,2215,130,8207,193,14719,130,22926,California
San Benito,2021-04-18,491,36039,410,15823,81,18001,0,2215,235,8189,255,14974,237,23163,California
San Benito,2021-04-19,736,36775,590,16413,146,18147,0,2215,416,8287,319,15293,417,23580,California
San Benito,2021-04-20,768,37543,398,16811,368,18515,2,2217,486,8497,277,15570,487,24067,California
San Benito,2021-04-21,953,38496,702,17513,251,18766,0,2217,513,8584,426,15996,513,24580,California
San Benito,2021-04-22,896,39392,691,18204,205,18971,0,2217,565,8826,323,16319,565,25145,California
San Benito,2021-04-23,635,40027,397,18601,237,19208,1,2218,342,8924,244,16563,342,25487,California
San Benito,2021-04-24,359,40386,203,18804,156,19364,0,2218,168,8940,152,16715,168,25655,California
San Benito,2021-04-25,205,40591,127,18931,78,19442,0,2218,95,8943,92,16807,95,25750,California
San Benito,2021-04-26,479,41070,383,19314,96,19538,0,2218,253,9030,166,16973,253,26003,California
San Benito,2021-04-27,538,41608,277,19591,254,19792,7,2225,402,9314,125,17098,409,26412,California
San Benito,2021-04-28,541,42149,384,19975,148,19940,9,2234,379,9544,157,17255,387,26799,California
San Benito,2021-04-29,628,42777,231,20206,387,20327,10,2244,249,9441,379,17634,276,27075,California
San Benito,2021-04-30,376,43153,208,20414,161,20488,7,2251,202,9478,172,17806,209,27284,California
San Benito,2021-05-01,196,43349,143,20557,45,20533,8,2259,66,9424,128,17934,74,27358,California
San Benito,2021-05-02,189,43538,161,20718,24,20557,4,2263,58,9355,131,18065,62,27420,California
San Benito,2021-05-03,355,43893,281,20999,65,20622,9,2272,85,9181,270,18335,96,27516,California
San Benito,2021-05-04,403,44296,243,21242,152,20774,8,2280,148,9083,253,18588,155,27671,California
San Benito,2021-05-05,600,44896,422,21664,162,20936,16,2296,209,8919,389,18977,225,27896,California
San Benito,2021-05-06,611,45507,484,22148,112,21048,15,2311,221,8769,386,19363,236,28132,California
San Benito,2021-05-07,446,45953,283,22431,153,21201,10,2321,171,8680,273,19636,184,28316,California
San Benito,2021-05-08,276,46229,225,22656,46,21247,5,2326,158,8725,118,19754,163,28479,California
San Benito,2021-05-09,101,46330,76,22732,22,21269,3,2329,48,8724,52,19806,51,28530,California
San Benito,2021-05-10,410,46740,323,23055,63,21332,24,2353,51,8441,359,20165,76,28606,California
San Benito,2021-05-11,806,47546,401,23456,392,21724,13,2366,177,8005,627,20792,191,28797,California
San Benito,2021-05-12,482,48028,386,23842,84,21808,12,2378,111,7760,369,21161,124,28921,California
San Benito,2021-05-13,660,48688,564,24406,86,21894,10,2388,166,7444,491,21652,175,29096,California
San Benito,2021-05-14,595,49283,439,24845,149,22043,7,2395,230,7317,364,22016,237,29333,California
San Benito,2021-05-15,229,49512,172,25017,50,22093,7,2402,127,7349,102,22118,134,29467,California
San Benito,2021-05-16,160,49672,132,25149,26,22119,2,2404,91,7373,69,22187,93,29560,California
San Benito,2021-05-17,377,50049,307,25456,61,22180,9,2413,175,7356,201,22388,184,29744,California
San Benito,2021-05-18,664,50713,345,25801,314,22494,5,2418,207,7112,457,22845,213,29957,California
San Benito,2021-05-19,565,51278,415,26216,142,22636,8,2426,234,7024,330,23175,242,30199,California
San Benito,2021-05-20,563,51841,454,26670,98,22734,11,2437,309,7091,253,23428,320,30519,California
San Benito,2021-05-21,433,52274,257,26927,162,22896,14,2451,201,7076,231,23659,216,30735,California
San Benito,2021-05-22,273,52547,214,27141,55,22951,4,2455,176,7161,96,23755,181,30916,California
San Benito,2021-05-23,68,52615,46,27187,17,22968,5,2460,24,7145,44,23799,28,30944,California
San Benito,2021-05-24,279,52894,236,27423,39,23007,4,2464,172,7214,107,23906,176,31120,California
San Benito,2021-05-25,518,53412,232,27655,279,23286,7,2471,166,7037,350,24256,173,31293,California
San Benito,2021-05-26,274,53686,176,27831,92,23378,6,2477,111,6991,162,24418,116,31409,California
San Benito,2021-05-27,399,54085,302,28133,72,23450,25,2502,147,6915,251,24669,175,31584,California
San Benito,2021-05-28,272,54357,165,28298,101,23551,6,2508,102,6854,169,24838,108,31692,California
San Benito,2021-05-29,145,54502,122,28420,21,23572,2,2510,61,6833,84,24922,63,31755,California
San Benito,2021-05-30,267,54769,252,28672,15,23587,0,2510,91,6750,174,25096,91,31846,California
San Benito,2021-05-31,12,54781,1,28673,9,23596,2,2512,5,6751,6,25102,7,31853,California
San Bernardino,2020-12-15,13,13,13,13,0,0,0,0,13,13,0,0,13,13,California
San Bernardino,2020-12-16,113,126,113,126,0,0,0,0,113,126,0,0,113,126,California
San Bernardino,2020-12-17,2369,2495,2369,2495,0,0,0,0,2369,2495,0,0,2369,2495,California
San Bernardino,2020-12-18,3150,5645,3147,5642,3,3,0,0,3151,5646,0,0,3151,5646,California
San Bernardino,2020-12-19,1070,6715,1069,6711,1,4,0,0,1071,6717,0,0,1071,6717,California
San Bernardino,2020-12-20,1178,7893,1175,7886,3,7,0,0,1178,7895,0,0,1178,7895,California
San Bernardino,2020-12-21,2457,10350,2452,10338,5,12,0,0,2457,10352,0,0,2457,10352,California
San Bernardino,2020-12-22,2278,12628,2149,12487,129,141,0,0,2279,12631,0,0,2279,12631,California
San Bernardino,2020-12-23,2669,15297,1464,13951,1205,1346,0,0,2667,15298,0,0,2667,15298,California
San Bernardino,2020-12-24,1163,16460,583,14534,580,1926,0,0,1165,16463,0,0,1165,16463,California
San Bernardino,2020-12-25,75,16535,14,14548,61,1987,0,0,75,16538,0,0,75,16538,California
San Bernardino,2020-12-26,462,16997,254,14802,208,2195,0,0,462,17000,0,0,462,17000,California
San Bernardino,2020-12-27,348,17345,162,14964,186,2381,0,0,348,17348,0,0,348,17348,California
San Bernardino,2020-12-28,1572,18917,712,15676,860,3241,0,0,1573,18921,0,0,1573,18921,California
San Bernardino,2020-12-29,2213,21130,1042,16718,1171,4412,0,0,2213,21134,0,0,2213,21134,California
San Bernardino,2020-12-30,2894,24024,1458,18176,1436,5848,0,0,2895,24029,0,0,2895,24029,California
San Bernardino,2020-12-31,1359,25383,439,18615,920,6768,0,0,1357,25386,0,0,1357,25386,California
San Bernardino,2021-01-01,284,25667,151,18766,133,6901,0,0,283,25669,0,0,283,25669,California
San Bernardino,2021-01-02,477,26144,340,19106,137,7038,0,0,477,26146,0,0,477,26146,California
San Bernardino,2021-01-03,136,26280,88,19194,48,7086,0,0,136,26282,0,0,136,26282,California
San Bernardino,2021-01-04,2125,28405,1287,20481,838,7924,0,0,2124,28406,0,0,2124,28406,California
San Bernardino,2021-01-05,2334,30739,1463,21944,871,8795,0,0,2224,30521,109,109,2224,30630,California
San Bernardino,2021-01-06,3437,34176,2350,24294,1087,9882,0,0,2939,32969,492,601,2940,33570,California
San Bernardino,2021-01-07,5418,39594,4506,28800,912,10794,0,0,2468,32506,2931,3532,2468,36038,California
San Bernardino,2021-01-08,5368,44962,4448,33248,920,11714,0,0,2288,31719,3076,6608,2289,38327,California
San Bernardino,2021-01-09,1403,46365,1100,34348,303,12017,0,0,905,32126,498,7106,905,39232,California
San Bernardino,2021-01-10,1026,47391,610,34958,416,12433,0,0,577,32254,449,7555,577,39809,California
San Bernardino,2021-01-11,4985,52376,4077,39035,908,13341,0,0,2768,32809,2213,9768,2768,42577,California
San Bernardino,2021-01-12,4228,56604,3211,42246,1017,14358,0,0,2513,33608,1714,11482,2513,45090,California
San Bernardino,2021-01-13,4571,61175,2849,45095,1722,16080,0,0,3349,35748,1210,12692,3350,48440,California
San Bernardino,2021-01-14,4817,65992,2840,47935,1977,18057,0,0,4236,39407,577,13269,4236,52676,California
San Bernardino,2021-01-15,5967,71959,2954,50889,3013,21070,0,0,5569,44591,388,13657,5572,58248,California
San Bernardino,2021-01-16,2255,74214,1287,52176,968,22038,0,0,2113,46562,142,13799,2113,60361,California
San Bernardino,2021-01-17,1184,75398,508,52684,676,22714,0,0,1101,47583,82,13881,1103,61464,California
San Bernardino,2021-01-18,4268,79666,2637,55321,1631,24345,0,0,3644,50607,623,14504,3647,65111,California
San Bernardino,2021-01-19,6319,85985,3706,59027,2613,26958,0,0,5233,54758,1084,15588,5235,70346,California
San Bernardino,2021-01-20,6844,92829,3768,62795,3076,30034,0,0,4895,57714,1941,17529,4897,75243,California
San Bernardino,2021-01-21,5989,98818,3079,65874,2910,32944,0,0,4870,61477,1110,18639,4873,80116,California
San Bernardino,2021-01-22,6530,105348,3052,68926,3478,36422,0,0,5805,66560,723,19362,5806,85922,California
San Bernardino,2021-01-23,3120,108468,1896,70822,1224,37646,0,0,2729,68899,390,19752,2729,88651,California
San Bernardino,2021-01-24,1195,109663,461,71283,734,38380,0,0,1094,69892,101,19853,1094,89745,California
San Bernardino,2021-01-25,6890,116553,3407,74690,3483,41863,0,0,5052,73112,1835,21688,5055,94800,California
San Bernardino,2021-01-26,7077,123630,3534,78224,3543,45406,0,0,4978,75993,2098,23786,4979,99779,California
San Bernardino,2021-01-27,8518,132148,4143,82367,4375,49781,0,0,5719,78921,2791,26577,5719,105498,California
San Bernardino,2021-01-28,8595,140743,4078,86445,4517,54298,0,0,6273,82877,2317,28894,6273,111771,California
San Bernardino,2021-01-29,8198,148941,3771,90216,4427,58725,0,0,6223,87140,1961,30855,6224,117995,California
San Bernardino,2021-01-30,3094,152035,1900,92116,1194,59919,0,0,2805,89657,288,31143,2805,120800,California
San Bernardino,2021-01-31,925,152960,493,92609,432,60351,0,0,871,90475,53,31196,871,121671,California
San Bernardino,2021-02-01,7580,160540,4252,96861,3328,63679,0,0,4948,92795,2629,33825,4949,126620,California
San Bernardino,2021-02-02,10448,170988,3656,100517,6792,70471,0,0,8389,99130,2055,35880,8390,135010,California
San Bernardino,2021-02-03,9007,179995,4148,104665,4859,75330,0,0,6506,103144,2493,38373,6507,141517,California
San Bernardino,2021-02-04,10524,190519,5186,109851,5338,80668,0,0,7423,107477,3090,41463,7423,148940,California
San Bernardino,2021-02-05,11010,201529,5908,115759,5102,85770,0,0,7489,111457,3510,44973,7490,156430,California
San Bernardino,2021-02-06,5265,206794,2213,117972,3052,88822,0,0,3635,113489,1606,46579,3638,160068,California
San Bernardino,2021-02-07,843,207637,489,118461,354,89176,0,0,468,113586,372,46951,469,160537,California
San Bernardino,2021-02-08,7282,214919,3882,122343,3400,92576,0,0,5614,117534,1666,48617,5614,166151,California
San Bernardino,2021-02-09,10142,225061,5906,128249,4236,96812,0,0,6843,121083,3297,51914,6846,172997,California
San Bernardino,2021-02-10,12084,237145,6453,134702,5631,102443,0,0,7964,124939,4109,56023,7965,180962,California
San Bernardino,2021-02-11,12447,249592,7139,141841,5308,107751,0,0,7936,128390,4488,60511,7939,188901,California
San Bernardino,2021-02-12,10428,260020,5945,147786,4483,112234,0,0,5689,129357,4722,65233,5689,194590,California
San Bernardino,2021-02-13,6049,266069,4021,151807,2028,114262,0,0,3809,130947,2224,67457,3814,198404,California
San Bernardino,2021-02-14,1552,267621,649,152456,903,115165,0,0,873,131148,672,68129,873,199277,California
San Bernardino,2021-02-15,5477,273098,2995,155451,2482,117647,0,0,3061,131807,2402,70531,3061,202338,California
San Bernardino,2021-02-16,12625,285723,7381,162832,5244,122891,0,0,7972,135139,4641,75172,7973,210311,California
San Bernardino,2021-02-17,11812,297535,6463,169295,5349,128240,0,0,7147,137640,4648,79820,7149,217460,California
San Bernardino,2021-02-18,12488,310023,7584,176879,4904,133144,0,0,7702,140571,4772,84592,7703,225163,California
San Bernardino,2021-02-19,11531,321554,5933,182812,5598,138742,0,0,6815,142690,4696,89288,6815,231978,California
San Bernardino,2021-02-20,4523,326077,3470,186282,1053,139795,0,0,2041,142255,2478,91766,2043,234021,California
San Bernardino,2021-02-21,1131,327208,673,186955,458,140253,0,0,392,141910,739,92505,394,234415,California
San Bernardino,2021-02-22,8675,335883,5343,192298,3332,143585,0,0,4043,141334,4621,97126,4045,238460,California
San Bernardino,2021-02-23,9131,345014,5449,197747,3682,147267,0,0,4597,141422,4509,101635,4597,243057,California
San Bernardino,2021-02-24,12451,357465,7178,204925,5273,152540,0,0,6150,141292,6281,107916,6151,249208,California
San Bernardino,2021-02-25,13080,370545,6281,211206,6799,159339,0,0,7612,143456,5451,113367,7615,256823,California
San Bernardino,2021-02-26,13617,384162,6381,217587,7236,166575,0,0,7582,145067,5973,119340,7584,264407,California
San Bernardino,2021-02-27,6667,390829,3726,221313,2940,169515,1,1,4813,148036,1845,121185,4814,269221,California
San Bernardino,2021-02-28,1765,392594,732,222045,1033,170548,0,1,1137,148550,623,121808,1137,270358,California
San Bernardino,2021-03-01,8453,401047,4359,226404,4091,174639,3,4,3838,147806,4593,126401,3849,274207,California
San Bernardino,2021-03-02,13857,414904,5539,231943,8318,182957,0,4,6547,147076,7280,133681,6550,280757,California
San Bernardino,2021-03-03,12888,427792,6530,238473,6355,189312,3,7,6022,146263,6845,140526,6032,286789,California
San Bernardino,2021-03-04,13765,441557,6913,245386,6852,196164,0,7,5981,144485,7763,148289,5985,292774,California
San Bernardino,2021-03-05,14416,455973,7540,252926,6875,203039,1,8,7043,144206,7341,155630,7062,299836,California
San Bernardino,2021-03-06,9718,465691,5456,258382,4047,207086,215,223,4546,143811,5154,160784,4759,304595,California
San Bernardino,2021-03-07,1651,467342,1002,259384,592,207678,57,280,1048,144315,601,161385,1105,305700,California
San Bernardino,2021-03-08,8077,475419,3575,262959,4343,212021,159,439,3593,143594,4476,165861,3755,309455,California
San Bernardino,2021-03-09,13077,488496,7486,270445,5347,217368,244,683,5273,141322,7790,173651,5518,314973,California
San Bernardino,2021-03-10,14209,502705,7848,278293,5805,223173,556,1239,6359,140417,7823,181474,6918,321891,California
San Bernardino,2021-03-11,15622,518327,7240,285533,6793,229966,1589,2828,7395,141190,8206,189680,8979,330870,California
San Bernardino,2021-03-12,15515,533842,6893,292426,6574,236540,2048,4876,7350,142503,8135,197815,9448,340318,California
San Bernardino,2021-03-13,8387,542229,4582,297008,3293,239833,512,5388,4978,144603,3398,201213,5498,345816,California
San Bernardino,2021-03-14,3284,545513,1661,298669,1042,240875,581,5969,1833,145567,1444,202657,2408,348224,California
San Bernardino,2021-03-15,11391,556904,5373,304042,3984,244859,2034,8003,5581,147378,5796,208453,7607,355831,California
San Bernardino,2021-03-16,16224,573128,8033,312075,7245,252104,946,8949,9918,151958,6280,214733,10860,366691,California
San Bernardino,2021-03-17,17384,590512,8645,320720,7990,260094,749,9698,10538,156419,6827,221560,11288,377979,California
San Bernardino,2021-03-18,16627,607139,8230,328950,8010,268104,387,10085,9849,159901,6752,228312,10234,388213,California
San Bernardino,2021-03-19,16976,624115,8427,337377,7960,276064,589,10674,9754,163099,7197,235509,10395,398608,California
San Bernardino,2021-03-20,9444,633559,5961,343338,2893,278957,590,11264,5588,165442,3831,239340,6174,404782,California
San Bernardino,2021-03-21,2794,636353,2274,345612,470,279427,50,11314,2250,167211,531,239871,2300,407082,California
San Bernardino,2021-03-22,9625,645978,4527,350139,4660,284087,438,11752,6972,171989,2632,242503,7410,414492,California
San Bernardino,2021-03-23,15500,661478,8799,358938,6082,290169,619,12371,9596,176320,5883,248386,10214,424706,California
San Bernardino,2021-03-24,15169,676647,7841,366779,7023,297192,305,12676,10077,181646,5057,253443,10383,435089,California
San Bernardino,2021-03-25,17039,693686,8366,375145,8373,305565,300,12976,10798,186549,6191,259634,11094,446183,California
San Bernardino,2021-03-26,18210,711896,8685,383830,8754,314319,771,13747,10898,190937,7282,266916,11670,457853,California
San Bernardino,2021-03-27,10853,722749,7015,390845,3086,317405,752,14499,6191,193237,4642,271558,6942,464795,California
San Bernardino,2021-03-28,3621,726370,2550,393395,958,318363,113,14612,2510,194758,1101,272659,2622,467417,California
San Bernardino,2021-03-29,11777,738147,6121,399516,5257,323620,399,15011,7961,199320,3798,276457,8360,475777,California
San Bernardino,2021-03-30,16996,755143,9486,409002,6793,330413,717,15728,10537,204143,6422,282879,11245,487022,California
San Bernardino,2021-03-31,16605,771748,9340,418342,6627,337040,638,16366,10928,210062,5648,288527,11567,498589,California
San Bernardino,2021-04-01,19790,791538,10458,428800,7918,344958,1414,17780,12740,217200,7008,295535,14146,512735,California
San Bernardino,2021-04-02,18914,810452,9538,438338,8082,353040,1294,19074,11427,222506,7458,302993,12764,525499,California
San Bernardino,2021-04-03,11165,821617,6985,445323,3041,356081,1139,20213,6067,224628,5080,308073,7202,532701,California
San Bernardino,2021-04-04,2499,824116,1505,446828,745,356826,249,20462,1259,224902,1234,309307,1508,534209,California
San Bernardino,2021-04-05,11787,835903,5295,452123,4757,361583,1735,22197,6015,226896,5752,315059,7746,541955,California
San Bernardino,2021-04-06,19749,855652,11119,463242,6516,368099,2114,24311,10438,230186,9266,324325,12556,554511,California
San Bernardino,2021-04-07,20976,876628,11229,474471,7269,375368,2478,26789,11444,234607,9503,333828,13924,568435,California
San Bernardino,2021-04-08,21896,898524,11212,485683,8079,383447,2605,29394,12048,239485,9823,343651,14701,583136,California
San Bernardino,2021-04-09,21764,920288,11080,496763,8123,391570,2561,31955,11849,244041,9881,353532,14437,597573,California
San Bernardino,2021-04-10,15666,935954,8115,504878,3828,395398,3723,35678,7752,247632,7894,361426,11485,609058,California
San Bernardino,2021-04-11,4419,940373,2576,507454,885,396283,958,36636,2025,248222,2388,363814,2978,612036,California
San Bernardino,2021-04-12,13385,953758,6185,513639,5544,401827,1656,38292,6321,249151,7043,370857,7972,620008,California
San Bernardino,2021-04-13,19229,972987,10948,524587,8262,410089,19,38311,10998,251964,8205,379062,11018,631026,California
San Bernardino,2021-04-14,19198,992185,10262,534849,8933,419022,3,38314,10836,254475,8330,387392,10841,641867,California
San Bernardino,2021-04-15,20257,1012442,11319,546168,8932,427954,6,38320,10741,255743,9479,396871,10747,652614,California
San Bernardino,2021-04-16,18575,1031017,10538,556706,8036,435990,1,38321,9124,255460,9407,406278,9124,661738,California
San Bernardino,2021-04-17,11920,1042937,7846,564552,4074,440064,0,38321,6229,256032,5657,411935,6229,667967,California
San Bernardino,2021-04-18,2885,1045822,1980,566532,905,440969,0,38321,1265,255689,1608,413543,1265,669232,California
San Bernardino,2021-04-19,12532,1058354,6681,573213,5851,446820,0,38321,4860,252903,7650,421193,4864,674096,California
San Bernardino,2021-04-20,17603,1075957,9813,583026,7787,454607,3,38324,8039,251408,9538,430731,8043,682139,California
San Bernardino,2021-04-21,18089,1094046,10322,593348,7764,462371,3,38327,7916,249213,10114,440845,7919,690058,California
San Bernardino,2021-04-22,19184,1113230,10966,604314,8214,470585,4,38331,7793,245675,11335,452180,7797,697855,California
San Bernardino,2021-04-23,18469,1131699,10569,614883,7899,478484,1,38332,8048,243351,10375,462555,8051,705906,California
San Bernardino,2021-04-24,12824,1144523,9476,624359,3346,481830,2,38334,6890,244324,5919,468474,6892,712798,California
San Bernardino,2021-04-25,3397,1147920,2226,626585,1171,483001,0,38334,1679,244300,1704,470178,1680,714478,California
San Bernardino,2021-04-26,10505,1158425,5629,632214,4787,487788,89,38423,4447,242812,6023,476201,4535,719013,California
San Bernardino,2021-04-27,15895,1174320,9594,641808,6132,493920,169,38592,6486,240099,9367,485568,6654,725667,California
San Bernardino,2021-04-28,14681,1189001,8716,650524,5690,499610,275,38867,5269,236249,9385,494953,5535,731202,California
San Bernardino,2021-04-29,16172,1205173,9313,659837,6590,506200,269,39136,5367,231108,10773,505726,5632,736834,California
San Bernardino,2021-04-30,16536,1221709,10442,670279,5814,512014,280,39416,6095,227076,10404,516130,6372,743206,California
San Bernardino,2021-05-01,10711,1232420,8404,678683,1998,514012,309,39725,3689,224050,7020,523150,3994,747200,California
San Bernardino,2021-05-02,2925,1235345,2115,680798,678,514690,132,39857,1043,223349,1874,525024,1173,748373,California
San Bernardino,2021-05-03,10026,1245371,5765,686563,3856,518546,405,40262,2898,219535,7115,532139,3301,751674,California
San Bernardino,2021-05-04,15651,1261022,9514,696077,5683,524229,454,40716,4541,213457,11070,543209,4992,756666,California
San Bernardino,2021-05-05,15316,1276338,8804,704881,6099,530328,413,41129,4328,207251,10943,554152,4737,761403,California
San Bernardino,2021-05-06,15740,1292078,8967,713848,6358,536686,415,41544,4280,200521,11424,565576,4694,766097,California
San Bernardino,2021-05-07,15435,1307513,8669,722517,6391,543077,375,41919,4624,194759,10757,576333,4995,771092,California
San Bernardino,2021-05-08,9180,1316693,6108,728625,2828,545905,244,42163,3130,192117,6015,582348,3373,774465,California
San Bernardino,2021-05-09,1808,1318501,1111,729736,607,546512,90,42253,726,191861,1072,583420,816,775281,California
San Bernardino,2021-05-10,7412,1325913,3413,733149,3684,550196,315,42568,2270,189348,5095,588515,2582,777863,California
San Bernardino,2021-05-11,11874,1337787,6543,739692,5005,555201,326,42894,3721,185280,8116,596631,4048,781911,California
San Bernardino,2021-05-12,12001,1349788,6390,746082,5322,560523,289,43183,3432,180473,8524,605155,3717,785628,California
San Bernardino,2021-05-13,12455,1362243,7390,753472,4724,565247,341,43524,4769,177935,7643,612798,5105,790733,California
San Bernardino,2021-05-14,13578,1375821,9027,762499,4217,569464,334,43858,5652,176052,7868,620666,5985,796718,California
San Bernardino,2021-05-15,11218,1387039,8319,770818,2711,572175,188,44046,4501,174051,6685,627351,4684,801402,California
San Bernardino,2021-05-16,2764,1389803,2038,772856,665,572840,61,44107,1310,173984,1437,628788,1370,802772,California
San Bernardino,2021-05-17,9894,1399697,6731,779587,2891,575731,272,44379,4620,173642,5237,634025,4895,807667,California
San Bernardino,2021-05-18,13292,1412989,8767,788354,4270,580001,255,44634,6179,172994,7078,641103,6430,814097,California
San Bernardino,2021-05-19,11463,1424452,7181,795535,3909,583910,373,45007,5342,172625,6081,647184,5712,819809,California
San Bernardino,2021-05-20,9938,1434390,5857,801392,3784,587694,297,45304,4477,171970,5426,652610,4771,824580,California
San Bernardino,2021-05-21,10785,1445175,7141,808533,3293,590987,351,45655,4719,171017,6022,658632,5069,829649,California
San Bernardino,2021-05-22,7302,1452477,5560,814093,1550,592537,192,45847,3646,171232,3621,662253,3836,833485,California
San Bernardino,2021-05-23,1285,1453762,827,814920,385,592922,73,45920,650,171326,629,662882,723,834208,California
San Bernardino,2021-05-24,6569,1460331,4124,819044,2153,595075,292,46212,2971,171032,3556,666438,3262,837470,California
San Bernardino,2021-05-25,9178,1469509,5623,824667,3295,598370,260,46472,4143,170428,5007,671445,4403,841873,California
San Bernardino,2021-05-26,7983,1477492,5073,829740,2683,601053,227,46699,3706,170111,4243,675688,3926,845799,California
San Bernardino,2021-05-27,7421,1484913,4530,834270,2668,603721,223,46922,3404,169760,3975,679663,3624,849423,California
San Bernardino,2021-05-28,8413,1493326,5285,839555,2855,606576,273,47195,4183,170028,4189,683852,4457,853880,California
San Bernardino,2021-05-29,4743,1498069,3194,842749,1441,608017,108,47303,2438,170284,2289,686141,2545,856425,California
San Bernardino,2021-05-30,1712,1499781,1216,843965,433,608450,63,47366,900,170440,806,686947,962,857387,California
San Bernardino,2021-05-31,472,1500253,246,844211,209,608659,17,47383,181,170348,290,687237,198,857585,California
San Diego,2020-12-15,119,119,119,119,0,0,0,0,119,119,0,0,119,119,California
San Diego,2020-12-16,1103,1222,1103,1222,0,0,0,0,1103,1222,0,0,1103,1222,California
San Diego,2020-12-17,2350,3572,2350,3572,0,0,0,0,2350,3572,0,0,2350,3572,California
San Diego,2020-12-18,3670,7242,3669,7241,1,1,0,0,3670,7242,0,0,3670,7242,California
San Diego,2020-12-19,2313,9555,2313,9554,0,1,0,0,2313,9555,0,0,2313,9555,California
San Diego,2020-12-20,1185,10740,1184,10738,1,2,0,0,1185,10740,0,0,1185,10740,California
San Diego,2020-12-21,3522,14262,3521,14259,1,3,0,0,3522,14262,0,0,3522,14262,California
San Diego,2020-12-22,4060,18322,3417,17676,643,646,0,0,4060,18322,0,0,4060,18322,California
San Diego,2020-12-23,3182,21504,1978,19654,1204,1850,0,0,3182,21504,0,0,3182,21504,California
San Diego,2020-12-24,2736,24240,2219,21873,517,2367,0,0,2736,24240,0,0,2736,24240,California
San Diego,2020-12-25,876,25116,875,22748,1,2368,0,0,876,25116,0,0,876,25116,California
San Diego,2020-12-26,3294,28410,2143,24891,1151,3519,0,0,3294,28410,0,0,3294,28410,California
San Diego,2020-12-27,2510,30920,1619,26510,891,4410,0,0,2509,30918,1,1,2509,30919,California
San Diego,2020-12-28,5912,36832,4225,30735,1687,6097,0,0,5912,36830,0,1,5912,36831,California
San Diego,2020-12-29,5572,42404,2999,33734,2573,8670,0,0,5572,42402,0,1,5572,42403,California
San Diego,2020-12-30,5944,48348,3099,36833,2845,11515,0,0,5944,48346,0,1,5944,48347,California
San Diego,2020-12-31,3040,51388,1055,37888,1985,13500,0,0,3040,51386,0,1,3040,51387,California
San Diego,2021-01-01,1006,52394,452,38340,554,14054,0,0,1006,52392,0,1,1006,52393,California
San Diego,2021-01-02,3745,56139,1303,39643,2442,16496,0,0,3745,56137,0,1,3745,56138,California
San Diego,2021-01-03,859,56998,633,40276,226,16722,0,0,858,56995,0,1,858,56996,California
San Diego,2021-01-04,3702,60700,2049,42325,1653,18375,0,0,3695,60690,0,1,3695,60691,California
San Diego,2021-01-05,4376,65076,2185,44510,2191,20566,0,0,3759,63848,613,614,3771,64462,California
San Diego,2021-01-06,4947,70023,2290,46800,2657,23223,0,0,3713,66354,1211,1825,3717,68179,California
San Diego,2021-01-07,5665,75688,2983,49783,2682,25905,0,0,3506,67714,2152,3977,3512,71691,California
San Diego,2021-01-08,7868,83556,4941,54724,2927,28832,0,0,4082,68044,3769,7746,4099,75790,California
San Diego,2021-01-09,3500,87056,1940,56664,1560,30392,0,0,1950,68467,1538,9284,1961,77751,California
San Diego,2021-01-10,1882,88938,1294,57958,588,30980,0,0,778,68162,1092,10376,787,78538,California
San Diego,2021-01-11,10333,99271,5860,63818,4473,35453,0,0,6803,71460,3523,13899,6821,85359,California
San Diego,2021-01-12,11200,110471,5313,69131,5887,41340,0,0,7822,76027,3369,17268,7936,93295,California
San Diego,2021-01-13,11511,121982,5053,74184,6458,47798,0,0,8967,82486,2532,19800,8991,102286,California
San Diego,2021-01-14,12366,134348,4746,78930,7620,55418,0,0,10197,90558,2161,21961,10233,112519,California
San Diego,2021-01-15,15133,149481,5355,84285,9778,65196,0,0,12487,100473,2627,24588,12542,125061,California
San Diego,2021-01-16,10771,160252,3593,87878,7178,72374,0,0,9325,108388,1441,26029,9356,134417,California
San Diego,2021-01-17,8682,168934,2497,90375,6185,78559,0,0,7841,115408,841,26870,7861,142278,California
San Diego,2021-01-18,12881,181815,6317,96692,6564,85123,0,0,10031,122681,2818,29688,10091,152369,California
San Diego,2021-01-19,14598,196413,5669,102361,8929,94052,0,0,11488,131336,3099,32787,11754,164123,California
San Diego,2021-01-20,18330,214743,6388,108749,11942,105994,0,0,15008,143227,3301,36088,15192,179315,California
San Diego,2021-01-21,17300,232043,5785,114534,11515,117509,0,0,15911,157901,1380,37468,16054,195369,California
San Diego,2021-01-22,17584,249627,4662,119196,12922,130431,0,0,15551,171514,2019,39487,15632,211001,California
San Diego,2021-01-23,14491,264118,5280,124476,9211,139642,0,0,12133,181360,2347,41834,12193,223194,California
San Diego,2021-01-24,11905,276023,3345,127821,8560,148202,0,0,10931,191359,972,42806,10971,234165,California
San Diego,2021-01-25,12273,288296,5802,133623,6471,154673,0,0,9253,197754,3013,45819,9408,243573,California
San Diego,2021-01-26,15157,303453,7858,141481,7299,161972,0,0,11770,206326,3385,49204,11957,255530,California
San Diego,2021-01-27,20580,324033,7939,149420,12641,174613,0,0,17560,221020,3011,52215,17705,273235,California
San Diego,2021-01-28,21310,345343,7651,157071,13659,188272,0,0,19037,237880,2263,54478,19123,292358,California
San Diego,2021-01-29,19728,365071,6480,163551,13248,201520,0,0,17285,252781,2433,56911,17334,309692,California
San Diego,2021-01-30,15906,380977,3668,167219,12238,213758,0,0,13223,263429,2673,59584,13321,323013,California
San Diego,2021-01-31,14812,395789,5764,172983,9048,222806,0,0,14450,277553,358,59942,14482,337495,California
San Diego,2021-02-01,21037,416826,7735,180718,13302,236108,0,0,17484,291577,3539,63481,17563,355058,California
San Diego,2021-02-02,22899,439725,8375,189093,14524,250632,0,0,19630,308116,3260,66741,19799,374857,California
San Diego,2021-02-03,27669,467394,11770,200863,15899,266531,0,0,23356,327368,4294,71035,23546,398403,California
San Diego,2021-02-04,24253,491647,9896,210759,14357,280888,0,0,19623,342661,4613,75648,19906,418309,California
San Diego,2021-02-05,24934,516581,8890,219649,16044,296932,0,0,18246,354694,6664,82312,18697,437006,California
San Diego,2021-02-06,20782,537363,8555,228204,12227,309159,0,0,17531,369200,3248,85560,17754,454760,California
San Diego,2021-02-07,12137,549500,5377,233581,6760,315919,0,0,10253,377839,1873,87433,10512,465272,California
San Diego,2021-02-08,20124,569624,8533,242114,11591,327510,0,0,12679,383769,7434,94867,13364,478636,California
San Diego,2021-02-09,20493,590117,8327,250441,12166,339676,0,0,13196,390760,7276,102143,14267,492903,California
San Diego,2021-02-10,22975,613092,9338,259779,13637,353313,0,0,13848,396916,9070,111213,15226,508129,California
San Diego,2021-02-11,23847,636939,10186,269965,13661,366974,0,0,12770,400323,11050,122263,14457,522586,California
San Diego,2021-02-12,23840,660779,7447,277412,16393,383367,0,0,11885,402538,11938,134201,14153,536739,California
San Diego,2021-02-13,20033,680812,9026,286438,11007,394374,0,0,10901,405517,9126,143327,12105,548844,California
San Diego,2021-02-14,11187,691999,7433,293871,3754,398128,0,0,6320,408489,4863,148190,7835,556679,California
San Diego,2021-02-15,15272,707271,7761,301632,7511,405639,0,0,7829,411965,7421,155611,10897,567576,California
San Diego,2021-02-16,19294,726565,11268,312900,8026,413665,0,0,9221,414111,10061,165672,12207,579783,California
San Diego,2021-02-17,23414,749979,10999,323899,12415,426080,0,0,8121,410044,15278,180950,11211,590994,California
San Diego,2021-02-18,23575,773554,12010,335909,11565,437645,0,0,7777,406120,15786,196736,11862,602856,California
San Diego,2021-02-19,15905,789459,10910,346819,4995,442640,0,0,6635,405478,9252,205988,8610,611466,California
San Diego,2021-02-20,10265,799724,6367,353186,3898,446538,0,0,5808,408739,4455,210443,7716,619182,California
San Diego,2021-02-21,11571,811295,10157,363343,1414,447952,0,0,5185,409059,6380,216823,6700,625882,California
San Diego,2021-02-22,12451,823746,10592,373935,1859,449811,0,0,5758,409771,6688,223511,7400,633282,California
San Diego,2021-02-23,25872,849618,14494,388429,11378,461189,0,0,9629,409065,16235,239746,15529,648811,California
San Diego,2021-02-24,28961,878579,12766,401195,16195,477384,0,0,6857,401278,22084,261830,14297,663108,California
San Diego,2021-02-25,33210,911789,14732,415927,18478,495862,0,0,10131,396758,23059,284889,18539,681647,California
San Diego,2021-02-26,33479,945268,12403,428330,21076,516938,0,0,12113,394646,21336,306225,19224,700871,California
San Diego,2021-02-27,21249,966517,9689,438019,11560,528498,0,0,11443,400562,9801,316026,15717,716588,California
San Diego,2021-02-28,15287,981804,9989,448008,5298,533796,0,0,9523,407115,5763,321789,12316,728904,California
San Diego,2021-03-01,24260,1006064,14320,462328,9938,543734,2,2,14729,416260,9453,331242,18598,747502,California
San Diego,2021-03-02,26184,1032248,14095,476423,12089,555823,0,2,12765,422315,13409,344651,19464,766966,California
San Diego,2021-03-03,34025,1066273,15950,492373,18072,573895,3,5,14071,423376,19933,364584,20994,787960,California
San Diego,2021-03-04,28319,1094592,14111,506484,14208,588103,0,5,12616,427074,15681,380265,19379,807339,California
San Diego,2021-03-05,29018,1123610,14919,521403,14017,602120,82,87,13518,431923,15475,395740,20324,827663,California
San Diego,2021-03-06,23439,1147049,9598,531001,13140,615260,701,788,10353,434584,13072,408812,15733,843396,California
San Diego,2021-03-07,18247,1165296,9338,540339,8338,623598,571,1359,6930,434442,11308,420120,11166,854562,California
San Diego,2021-03-08,23107,1188403,11227,551566,10973,634571,907,2266,11449,440042,11638,431758,17238,871800,California
San Diego,2021-03-09,25915,1214318,11998,563564,12158,646729,1759,4025,10142,440113,15758,447516,15829,887629,California
San Diego,2021-03-10,25566,1239884,10815,574379,12353,659082,2398,6423,10137,441302,15413,462929,16602,904231,California
San Diego,2021-03-11,28663,1268547,11024,585403,14041,673123,3598,10021,9987,440194,18653,481582,17545,921776,California
San Diego,2021-03-12,27162,1295709,9554,594957,14468,687591,3140,13161,10030,439785,17119,498701,16710,938486,California
San Diego,2021-03-13,26234,1321943,7308,602265,17137,704728,1789,14950,10140,439799,16090,514791,16104,954590,California
San Diego,2021-03-14,13882,1335825,5500,607765,7643,712371,739,15689,4820,438631,9053,523844,7885,962475,California
San Diego,2021-03-15,22034,1357859,10176,617941,11078,723449,780,16469,9018,438531,13003,536847,12903,975378,California
San Diego,2021-03-16,30012,1387871,15796,633737,13804,737253,412,16881,15737,443485,14252,551099,19206,994584,California
San Diego,2021-03-17,26352,1414223,12241,645978,13391,750644,720,17601,16793,453509,9542,560641,19566,1014150,California
San Diego,2021-03-18,31539,1445762,17816,663794,12803,763447,920,18521,17039,458528,14466,575107,19485,1033635,California
San Diego,2021-03-19,30354,1476116,14405,678199,14909,778356,1040,19561,19400,469234,10932,586039,21638,1055273,California
San Diego,2021-03-20,27897,1504013,8457,686656,17637,795993,1803,21364,21429,487116,6456,592495,24338,1079611,California
San Diego,2021-03-21,16583,1520596,12106,698762,3760,799753,717,22081,7715,488012,8854,601349,9750,1089361,California
San Diego,2021-03-22,22546,1543142,13151,711913,9118,808871,277,22358,14330,497174,8203,609552,17365,1106726,California
San Diego,2021-03-23,26006,1569148,13643,725556,12084,820955,279,22637,17132,507755,8859,618411,19440,1126166,California
San Diego,2021-03-24,29588,1598736,19783,745339,9423,830378,382,23019,17101,514816,12476,630887,19537,1145703,California
San Diego,2021-03-25,30385,1629121,18313,763652,11388,841766,684,23703,17991,523233,12375,643262,20792,1166495,California
San Diego,2021-03-26,32155,1661276,17944,781596,13638,855404,573,24276,17503,529506,14627,657889,20900,1187395,California
San Diego,2021-03-27,25514,1686790,11049,792645,14072,869476,393,24669,15692,538031,9804,667693,18329,1205724,California
San Diego,2021-03-28,15083,1701873,9238,801883,5788,875264,57,24726,9264,543008,5813,673506,10790,1216514,California
San Diego,2021-03-29,26734,1728607,12921,814804,13180,888444,633,25359,16447,552248,10277,683783,19517,1236031,California
San Diego,2021-03-30,33246,1761853,17902,832706,14555,902999,789,26148,22020,565658,11214,694997,24624,1260655,California
San Diego,2021-03-31,30482,1792335,18801,851507,10975,913974,706,26854,20639,578270,9826,704823,22438,1283093,California
San Diego,2021-04-01,34357,1826692,20062,871569,12795,926769,1500,28354,23244,593239,11089,715912,26058,1309151,California
San Diego,2021-04-02,35807,1862499,20674,892243,12326,939095,2807,31161,24117,609913,11671,727583,28345,1337496,California
San Diego,2021-04-03,30861,1893360,14458,906701,11795,950890,4608,35769,19718,624301,11130,738713,25518,1363014,California
San Diego,2021-04-04,9058,1902418,5204,911905,2926,953816,928,36697,4819,625990,4234,742947,5923,1368937,California
San Diego,2021-04-05,29763,1932181,15406,927311,11705,965521,2652,39349,19382,640145,10363,753310,24518,1393455,California
San Diego,2021-04-06,38760,1970941,20397,947708,12449,977970,5914,45263,22330,654081,16414,769724,30350,1423805,California
San Diego,2021-04-07,35843,2006784,21981,969689,9287,987257,4575,49838,20320,664665,15499,785223,26083,1449888,California
San Diego,2021-04-08,35254,2042038,21371,991060,9711,996968,4172,54010,21313,678782,13922,799145,28039,1477927,California
San Diego,2021-04-09,38433,2080471,22926,1013986,10291,1007259,5216,59226,20815,690536,17552,816697,29306,1507233,California
San Diego,2021-04-10,29191,2109662,11785,1025771,13396,1020655,4010,63236,15099,698580,14082,830779,22126,1529359,California
San Diego,2021-04-11,16261,2125923,10079,1035850,3868,1024523,2314,65550,7266,702144,8991,839770,12555,1541914,California
San Diego,2021-04-12,30854,2156777,12863,1048713,13660,1038183,4331,69881,17186,713650,13653,853423,25159,1567073,California
San Diego,2021-04-13,37217,2193994,17790,1066503,19391,1057574,36,69917,24789,728881,12407,865830,27638,1594711,California
San Diego,2021-04-14,33090,2227084,18929,1085432,14148,1071722,13,69930,17916,735977,15160,880990,22256,1616967,California
San Diego,2021-04-15,39565,2266649,20376,1105808,19185,1090907,4,69934,24137,747528,15409,896399,26960,1643927,California
San Diego,2021-04-16,33850,2300499,18590,1124398,15257,1106164,3,69937,19647,755398,14142,910541,22012,1665939,California
San Diego,2021-04-17,27897,2328396,13543,1137941,14354,1120518,0,69937,12386,755391,15417,925958,15410,1681349,California
San Diego,2021-04-18,14502,2342898,8915,1146856,5584,1126102,3,69940,6784,757406,7705,933663,9720,1691069,California
San Diego,2021-04-19,26599,2369497,13570,1160426,13028,1139130,1,69941,12524,757619,14056,947719,14269,1705338,California
San Diego,2021-04-20,39057,2408554,17780,1178206,21276,1160406,1,69942,19970,761466,19067,966786,22914,1728252,California
San Diego,2021-04-21,35046,2443600,20933,1199139,14113,1174519,0,69942,16991,763416,18020,984806,19970,1748222,California
San Diego,2021-04-22,44668,2488268,22946,1222085,21718,1196237,4,69946,22438,766664,22187,1006993,25435,1773657,California
San Diego,2021-04-23,42248,2530516,26025,1248110,16221,1212458,2,69948,15789,759156,26429,1033422,18921,1792578,California
San Diego,2021-04-24,34978,2565494,18870,1266980,16093,1228551,15,69963,15667,758689,19278,1052700,18811,1811389,California
San Diego,2021-04-25,12648,2578142,7708,1274688,4940,1233491,0,69963,5938,759265,6702,1059402,7278,1818667,California
San Diego,2021-04-26,31130,2609272,15530,1290218,15469,1248960,131,70094,10696,753923,20422,1079824,15080,1833747,California
San Diego,2021-04-27,42639,2651911,23522,1313740,18697,1267657,420,70514,18825,752309,23782,1103606,22168,1855915,California
San Diego,2021-04-28,38339,2690250,22631,1336371,15034,1282691,674,71188,17387,751659,20919,1124525,20269,1876184,California
San Diego,2021-04-29,38118,2728368,24280,1360651,13184,1295875,654,71842,15428,746772,22655,1147180,17768,1893952,California
San Diego,2021-04-30,38123,2766491,23144,1383795,13964,1309839,1015,72857,14969,741434,23117,1170297,17779,1911731,California
San Diego,2021-05-01,24349,2790840,10735,1394530,12969,1322808,645,73502,9585,739032,14755,1185052,12353,1924084,California
San Diego,2021-05-02,10733,2801573,7541,1402071,2605,1325413,587,74089,3300,735814,7428,1192480,4210,1928294,California
San Diego,2021-05-03,25347,2826920,12488,1414559,11701,1337114,1158,75247,9371,731177,15953,1208433,11316,1939610,California
San Diego,2021-05-04,31972,2858892,17645,1432204,12998,1350112,1329,76576,11568,724788,20375,1228808,13986,1953596,California
San Diego,2021-05-05,27744,2886636,17044,1449248,9411,1359523,1289,77865,10621,720536,17103,1245911,12851,1966447,California
San Diego,2021-05-06,28465,2915101,18842,1468090,8709,1368232,914,78779,10862,717204,17574,1263485,14242,1980689,California
San Diego,2021-05-07,29656,2944757,19545,1487635,9061,1377293,1050,79829,11070,711966,18547,1282032,13309,1993998,California
San Diego,2021-05-08,22664,2967421,10774,1498409,11177,1388470,713,80542,7305,706040,15336,1297368,9410,2003408,California
San Diego,2021-05-09,7495,2974916,5679,1504088,1407,1389877,409,80951,2617,704605,4872,1302240,3437,2006845,California
San Diego,2021-05-10,21677,2996593,8456,1512544,12407,1402284,814,81765,5969,696949,15677,1317917,8021,2014866,California
San Diego,2021-05-11,27705,3024298,11254,1523798,15675,1417959,776,82541,9671,690974,18010,1335927,12035,2026901,California
San Diego,2021-05-12,21962,3046260,11696,1535494,9475,1427434,791,83332,8040,686907,13897,1349824,9830,2036731,California
San Diego,2021-05-13,29647,3075907,17696,1553190,11340,1438774,611,83943,12310,684999,17283,1367107,15375,2052106,California
San Diego,2021-05-14,30741,3106648,19697,1572887,10197,1448971,847,84790,14028,685246,16677,1383784,16924,2069030,California
San Diego,2021-05-15,26164,3132812,16498,1589385,8844,1457815,822,85612,10935,682738,15178,1398962,12670,2081700,California
San Diego,2021-05-16,12986,3145798,9712,1599097,2698,1460513,576,86188,6495,683692,6480,1405442,7434,2089134,California
San Diego,2021-05-17,21463,3167261,13034,1612131,7671,1468184,758,86946,9449,682771,11977,1417419,11056,2100190,California
San Diego,2021-05-18,34242,3201503,19396,1631527,13970,1482154,876,87822,13928,678713,20279,1437698,16221,2116411,California
San Diego,2021-05-19,28508,3230011,17938,1649465,9762,1491916,808,88630,12359,676843,16120,1453818,14250,2130661,California
San Diego,2021-05-20,30566,3260577,16340,1665805,13460,1505376,766,89396,10315,668966,20219,1474037,12342,2143003,California
San Diego,2021-05-21,22840,3283417,14372,1680177,7533,1512909,935,90331,9441,666945,13370,1487407,11349,2154352,California
San Diego,2021-05-22,17436,3300853,9657,1689834,6685,1519594,1094,91425,7443,666376,9976,1497383,9407,2163759,California
San Diego,2021-05-23,4826,3305679,3601,1693435,941,1520535,284,91709,2590,667251,2215,1499598,3090,2166849,California
San Diego,2021-05-24,17637,3323316,8989,1702424,6759,1527294,1889,93598,6528,665411,11092,1510690,9252,2176101,California
San Diego,2021-05-25,24197,3347513,13232,1715656,9136,1536430,1829,95427,8752,661715,15413,1526103,11717,2187818,California
San Diego,2021-05-26,19157,3366670,10645,1726301,6503,1542933,2009,97436,6743,658899,12381,1538484,9565,2197383,California
San Diego,2021-05-27,20457,3387127,12019,1738320,6058,1548991,2380,99816,7023,655921,13418,1551902,10440,2207823,California
San Diego,2021-05-28,20970,3408097,13234,1751554,7030,1556021,706,100522,8402,653556,12550,1564452,10185,2218008,California
San Diego,2021-05-29,11764,3419861,7496,1759050,3780,1559801,488,101010,5083,652963,6665,1571117,6072,2224080,California
San Diego,2021-05-30,4680,3424541,3208,1762258,1106,1560907,366,101376,2066,653005,2609,1573726,2651,2226731,California
San Diego,2021-05-31,1717,3426258,1104,1763362,457,1561364,156,101532,674,652874,1041,1574767,910,2227641,California
San Francisco,2020-12-15,7,7,7,7,0,0,0,0,7,7,0,0,7,7,California
San Francisco,2020-12-16,230,237,230,237,0,0,0,0,230,237,0,0,230,237,California
San Francisco,2020-12-17,394,631,394,631,0,0,0,0,394,631,0,0,394,631,California
San Francisco,2020-12-18,879,1510,878,1509,1,1,0,0,879,1510,0,0,879,1510,California
San Francisco,2020-12-19,603,2113,603,2112,0,1,0,0,603,2113,0,0,603,2113,California
San Francisco,2020-12-20,484,2597,484,2596,0,1,0,0,484,2597,0,0,484,2597,California
San Francisco,2020-12-21,1163,3760,1163,3759,0,1,0,0,1163,3760,0,0,1163,3760,California
San Francisco,2020-12-22,1406,5166,1372,5131,34,35,0,0,1406,5166,0,0,1406,5166,California
San Francisco,2020-12-23,1355,6521,1059,6190,296,331,0,0,1355,6521,0,0,1355,6521,California
San Francisco,2020-12-24,844,7365,505,6695,339,670,0,0,844,7365,0,0,844,7365,California
San Francisco,2020-12-25,34,7399,29,6724,5,675,0,0,34,7399,0,0,34,7399,California
San Francisco,2020-12-26,247,7646,152,6876,95,770,0,0,247,7646,0,0,247,7646,California
San Francisco,2020-12-27,274,7920,60,6936,214,984,0,0,274,7920,0,0,274,7920,California
San Francisco,2020-12-28,1273,9193,689,7625,584,1568,0,0,1273,9193,0,0,1273,9193,California
San Francisco,2020-12-29,1253,10446,628,8253,625,2193,0,0,1253,10446,0,0,1253,10446,California
San Francisco,2020-12-30,1489,11935,780,9033,709,2902,0,0,1489,11935,0,0,1489,11935,California
San Francisco,2020-12-31,964,12899,410,9443,554,3456,0,0,963,12898,0,0,963,12898,California
San Francisco,2021-01-01,92,12991,72,9515,20,3476,0,0,92,12990,0,0,92,12990,California
San Francisco,2021-01-02,336,13327,303,9818,33,3509,0,0,336,13326,0,0,336,13326,California
San Francisco,2021-01-03,298,13625,105,9923,193,3702,0,0,297,13622,1,1,297,13623,California
San Francisco,2021-01-04,1839,15464,1355,11278,484,4186,0,0,1836,15455,3,4,1836,15459,California
San Francisco,2021-01-05,2236,17700,1420,12698,816,5002,0,0,2201,17623,35,39,2203,17662,California
San Francisco,2021-01-06,1872,19572,1160,13858,712,5714,0,0,1608,18970,262,301,1609,19271,California
San Francisco,2021-01-07,2067,21639,1207,15065,860,6574,0,0,1607,20120,457,758,1607,20878,California
San Francisco,2021-01-08,2335,23974,1638,16703,697,7271,0,0,1496,20782,834,1592,1496,22374,California
San Francisco,2021-01-09,1389,25363,894,17597,495,7766,0,0,884,21163,505,2097,886,23260,California
San Francisco,2021-01-10,919,26282,541,18138,378,8144,0,0,460,21165,458,2555,460,23720,California
San Francisco,2021-01-11,2505,28787,1870,20008,635,8779,0,0,1403,21465,1103,3658,1403,25123,California
San Francisco,2021-01-12,3093,31880,2071,22079,1022,9801,0,0,1898,22170,1195,4853,1900,27023,California
San Francisco,2021-01-13,2833,34713,1618,23697,1215,11016,0,0,1999,23335,834,5687,1999,29022,California
San Francisco,2021-01-14,2445,37158,1103,24800,1342,12358,0,0,1884,24658,561,6248,1884,30906,California
San Francisco,2021-01-15,2749,39907,1148,25948,1601,13959,0,0,2358,26629,389,6637,2360,33266,California
San Francisco,2021-01-16,2258,42165,965,26913,1293,15252,0,0,2091,28554,167,6804,2092,35358,California
San Francisco,2021-01-17,1926,44091,533,27446,1393,16645,0,0,1710,30048,216,7020,1710,37068,California
San Francisco,2021-01-18,1380,45471,595,28041,785,17430,0,0,1114,30898,265,7285,1115,38183,California
San Francisco,2021-01-19,2582,48053,1476,29517,1106,18536,0,0,1831,31978,751,8036,1831,40014,California
San Francisco,2021-01-20,2762,50815,1129,30646,1633,20169,0,0,2008,33236,751,8787,2009,42023,California
San Francisco,2021-01-21,3322,54137,946,31592,2376,22545,0,0,2486,34888,834,9621,2486,44509,California
San Francisco,2021-01-22,3190,57327,644,32236,2546,25091,0,0,2748,37196,440,10061,2748,47257,California
San Francisco,2021-01-23,3093,60420,611,32847,2482,27573,0,0,2725,39555,367,10428,2726,49983,California
San Francisco,2021-01-24,2431,62851,365,33212,2066,29639,0,0,2200,41527,228,10656,2200,52183,California
San Francisco,2021-01-25,4638,67489,1833,35045,2805,32444,0,0,3050,42992,1586,12242,3051,55234,California
San Francisco,2021-01-26,4710,72199,2172,37217,2538,34982,0,0,3080,44447,1627,13869,3082,58316,California
San Francisco,2021-01-27,4359,76558,2001,39218,2358,37340,0,0,3073,46236,1284,15153,3073,61389,California
San Francisco,2021-01-28,3759,80317,1554,40772,2205,39545,0,0,2598,47678,1156,16309,2598,63987,California
San Francisco,2021-01-29,4723,85040,1682,42454,3041,42586,0,0,3450,49862,1266,17575,3450,67437,California
San Francisco,2021-01-30,3784,88824,1846,44300,1938,44524,0,0,3329,52741,454,18029,3333,70770,California
San Francisco,2021-01-31,2352,91176,825,45125,1527,46051,0,0,2201,54793,150,18179,2202,72972,California
San Francisco,2021-02-01,3975,95151,1700,46825,2275,48326,0,0,2904,56627,1071,19250,2905,75877,California
San Francisco,2021-02-02,4487,99638,1795,48620,2692,51018,0,0,2892,57930,1589,20839,2892,78769,California
San Francisco,2021-02-03,5070,104708,2377,50997,2693,53711,0,0,3754,60372,1313,22152,3755,82524,California
San Francisco,2021-02-04,5025,109733,2427,53424,2598,56309,0,0,3863,63075,1160,23312,3863,86387,California
San Francisco,2021-02-05,5960,115693,3215,56639,2745,59054,0,0,4617,66352,1341,24653,4618,91005,California
San Francisco,2021-02-06,5491,121184,3670,60309,1821,60875,0,0,4591,70047,898,25551,4593,95598,California
San Francisco,2021-02-07,4344,125528,3195,63504,1149,62024,0,0,3767,73243,574,26125,3770,99368,California
San Francisco,2021-02-08,6736,132264,4642,68146,2094,64118,0,0,5514,77553,1206,27331,5516,104884,California
San Francisco,2021-02-09,5940,138204,3995,72141,1945,66063,0,0,4388,80381,1561,28892,4389,109273,California
San Francisco,2021-02-10,6897,145101,4191,76332,2706,68769,0,0,5090,83672,1802,30694,5093,114366,California
San Francisco,2021-02-11,6724,151825,3987,80319,2737,71506,0,0,4902,86758,1817,32511,4903,119269,California
San Francisco,2021-02-12,5333,157158,2674,82993,2659,74165,0,0,3496,88415,1839,34350,3496,122765,California
San Francisco,2021-02-13,4384,161542,2563,85556,1821,75986,0,0,3048,90129,1336,35686,3050,125815,California
San Francisco,2021-02-14,3428,164970,2249,87805,1179,77165,0,0,2299,91302,1128,36814,2301,128116,California
San Francisco,2021-02-15,2775,167745,1507,89312,1268,78433,0,0,1681,91891,1092,37906,1681,129797,California
San Francisco,2021-02-16,5076,172821,2791,92103,2285,80718,0,0,2983,92794,2086,39992,2989,132786,California
San Francisco,2021-02-17,5342,178163,2615,94718,2727,83445,0,0,2956,93375,2376,42368,2957,135743,California
San Francisco,2021-02-18,5369,183532,2626,97344,2743,86188,0,0,2787,93584,2581,44949,2790,138533,California
San Francisco,2021-02-19,5644,189176,2648,99992,2996,89184,0,0,2930,93808,2708,47657,2932,141465,California
San Francisco,2021-02-20,4527,193703,2180,102172,2347,91531,0,0,1698,92687,2820,50477,1699,143164,California
San Francisco,2021-02-21,2889,196592,1518,103690,1371,92902,0,0,1280,92367,1601,52078,1281,144445,California
San Francisco,2021-02-22,5122,201714,3191,106881,1931,94833,0,0,2578,92411,2536,54614,2580,147025,California
San Francisco,2021-02-23,5537,207251,3158,110039,2379,97212,0,0,2837,92554,2694,57308,2837,149862,California
San Francisco,2021-02-24,9040,216291,5120,115159,3920,101132,0,0,4837,93199,4193,61501,4838,154700,California
San Francisco,2021-02-25,9800,226091,6883,122042,2917,104049,0,0,6336,96076,3461,64962,6338,161038,California
San Francisco,2021-02-26,11992,238083,7780,129822,4212,108261,0,0,7109,98303,4883,69845,7110,168148,California
San Francisco,2021-02-27,9260,247343,6000,135822,3259,111520,1,1,4652,98362,4595,74440,4654,172802,California
San Francisco,2021-02-28,7770,255113,5583,141405,2187,113707,0,1,3860,98314,3909,78349,3861,176663,California
San Francisco,2021-03-01,11031,266144,7495,148900,3532,117239,4,5,5331,97976,5675,84024,5337,182000,California
San Francisco,2021-03-02,9978,276122,6728,155628,3250,120489,0,5,5660,99329,4308,88332,5661,187661,California
San Francisco,2021-03-03,11276,287398,6552,162180,4723,125212,1,6,6154,100378,5109,93441,6158,193819,California
San Francisco,2021-03-04,8770,296168,5510,167690,3260,128472,0,6,4950,101516,3812,97253,4950,198769,California
San Francisco,2021-03-05,9218,305386,5655,173345,3559,132031,4,10,5778,103871,3428,100681,5783,204552,California
San Francisco,2021-03-06,7120,312506,4658,178003,2253,134284,209,219,4444,105831,2690,103371,4650,209202,California
San Francisco,2021-03-07,5391,317897,4218,182221,1115,135399,58,277,3105,106695,2299,105670,3163,212365,California
San Francisco,2021-03-08,7475,325372,5475,187696,1814,137213,186,463,5898,111170,1609,107279,6084,218449,California
San Francisco,2021-03-09,8341,333713,5539,193235,2427,139640,375,838,6104,115401,2243,109522,6474,224923,California
San Francisco,2021-03-10,11228,344941,6606,199841,4122,143762,500,1338,7038,118773,4168,113690,7540,232463,California
San Francisco,2021-03-11,10108,355049,6389,206230,2754,146516,965,2303,6634,122909,3456,117146,7592,240055,California
San Francisco,2021-03-12,10877,365926,6359,212589,3176,149692,1342,3645,6060,125512,4795,121941,7398,247453,California
San Francisco,2021-03-13,6713,372639,3944,216533,1708,151400,1061,4706,4178,128225,2526,124467,5239,252692,California
San Francisco,2021-03-14,7579,380218,4929,221462,2406,153806,244,4950,3986,128875,3578,128045,4228,256920,California
San Francisco,2021-03-15,12092,392310,9250,230712,1897,155703,945,5895,8389,134508,3689,131734,9322,266242,California
San Francisco,2021-03-16,12224,404534,8337,239049,3427,159130,460,6355,8828,140422,3373,135107,9287,275529,California
San Francisco,2021-03-17,13354,417888,8286,247335,4505,163635,563,6918,9621,146898,3704,138811,10180,285709,California
San Francisco,2021-03-18,10091,427979,6864,254199,2604,166239,623,7541,5754,148956,4313,143124,6371,292080,California
San Francisco,2021-03-19,12410,440389,9074,263273,2868,169107,468,8009,6575,150187,5807,148931,7038,299118,California
San Francisco,2021-03-20,8892,449281,6545,269818,1881,170988,466,8475,5175,152144,3686,152617,5643,304761,California
San Francisco,2021-03-21,6615,455896,6058,275876,420,171408,137,8612,3735,153153,2862,155479,3871,308632,California
San Francisco,2021-03-22,9860,465756,6937,282813,2077,173485,846,9458,5116,154389,4719,160198,5955,314587,California
San Francisco,2021-03-23,11275,477031,7480,290293,3145,176630,650,10108,6315,156421,4930,165128,6962,321549,California
San Francisco,2021-03-24,12392,489423,9496,299789,2360,178990,536,10644,6272,157146,6077,171205,6802,328351,California
San Francisco,2021-03-25,11959,501382,8744,308533,2652,181642,563,11207,5894,157603,5996,177201,6453,334804,California
San Francisco,2021-03-26,12023,513405,8340,316873,3449,185091,234,11441,5888,157622,6101,183302,6120,340924,California
San Francisco,2021-03-27,8791,522196,5894,322767,2548,187639,349,11790,3759,156718,5011,188313,4107,345031,California
San Francisco,2021-03-28,6687,528883,5343,328110,1302,188941,42,11832,3003,156101,3659,191972,3042,348073,California
San Francisco,2021-03-29,11530,540413,7997,336107,3346,192287,187,12019,4853,154491,6648,198620,5038,353111,California
San Francisco,2021-03-30,11675,552088,7326,343433,4056,196343,293,12312,5515,154163,6135,204755,5807,358918,California
San Francisco,2021-03-31,12287,564375,8183,351616,3804,200147,300,12612,4957,152119,7295,212050,5251,364169,California
San Francisco,2021-04-01,13991,578366,7436,359052,4853,205000,1702,14314,6013,151880,7941,219991,7702,371871,California
San Francisco,2021-04-02,14866,593232,6565,365617,6415,211415,1886,16200,6954,152824,7889,227880,8833,380704,California
San Francisco,2021-04-03,10591,603823,4910,370527,3857,215272,1824,18024,4860,153788,5715,233595,6679,387383,California
San Francisco,2021-04-04,9045,612868,4792,375319,2595,217867,1658,19682,3572,153555,5459,239054,5226,392609,California
San Francisco,2021-04-05,16038,628906,9822,385141,4330,222197,1886,21568,6316,152059,9693,248747,8197,400806,California
San Francisco,2021-04-06,16062,644968,9511,394652,4484,226681,2067,23635,6232,150549,9804,258551,8294,409100,California
San Francisco,2021-04-07,16851,661819,10026,404678,4593,231274,2232,25867,6983,149912,9844,268395,9207,418307,California
San Francisco,2021-04-08,14187,676006,6748,411426,3022,234296,4417,30284,4616,149386,9538,277933,9012,427319,California
San Francisco,2021-04-09,15808,691814,7644,419070,4811,239107,3353,33637,6575,150101,9201,287134,9916,437235,California
San Francisco,2021-04-10,13301,705115,5690,424760,5867,244974,1744,35381,7092,152746,6183,293317,8828,446063,California
San Francisco,2021-04-11,9984,715099,7477,432237,1333,246307,1174,36555,5145,154235,4826,298143,6315,452378,California
San Francisco,2021-04-12,10591,725690,6877,439114,2565,248872,1149,37704,4841,154492,5728,303871,5985,458363,California
San Francisco,2021-04-13,10742,736432,7286,446400,3443,252315,13,37717,5392,154573,5328,309199,5409,463772,California
San Francisco,2021-04-14,13270,749702,7990,454390,5279,257594,1,37718,6377,154094,6857,316056,6378,470150,California
San Francisco,2021-04-15,13709,763411,9507,463897,4201,261795,1,37719,8051,156522,5627,321683,8055,478205,California
San Francisco,2021-04-16,12911,776322,8689,472586,4178,265973,44,37763,7621,158931,5260,326943,7669,485874,California
San Francisco,2021-04-17,10055,786377,7299,479885,2755,268728,1,37764,7087,163072,2951,329894,7092,492966,California
San Francisco,2021-04-18,6605,792982,5044,484929,1559,270287,2,37766,4086,164660,2502,332396,4090,497056,California
San Francisco,2021-04-19,10866,803848,8168,493097,2694,272981,4,37770,6985,167795,3864,336260,6999,504055,California
San Francisco,2021-04-20,12330,816178,7211,500308,5117,278098,2,37772,8503,172501,3800,340060,8506,512561,California
San Francisco,2021-04-21,10554,826732,7540,507848,3009,281107,5,37777,6430,174843,4097,344157,6439,519000,California
San Francisco,2021-04-22,10434,837166,7719,515567,2714,283821,1,37778,6021,176481,4390,348547,6028,525028,California
San Francisco,2021-04-23,10326,847492,5922,521489,4404,288225,0,37778,6133,178457,4164,352711,6140,531168,California
San Francisco,2021-04-24,7944,855436,5466,526955,2478,290703,0,37778,4698,179938,3225,355936,4706,535874,California
San Francisco,2021-04-25,5026,860462,4326,531281,694,291397,6,37784,2937,180810,2074,358010,2946,538820,California
San Francisco,2021-04-26,7939,868401,5622,536903,2305,293702,12,37796,3908,180736,4006,362016,3932,542752,California
San Francisco,2021-04-27,8441,876842,5701,542604,2612,296314,128,37924,4198,180853,4219,366235,4336,547088,California
San Francisco,2021-04-28,9247,886089,6521,549125,2535,298849,191,38115,4754,181341,4461,370696,4949,552037,California
San Francisco,2021-04-29,9106,895195,5385,554510,3528,302377,193,38308,4370,181206,4710,375406,4575,556612,California
San Francisco,2021-04-30,10865,906060,5181,559691,5484,307861,200,38508,3976,178536,6851,382257,4181,560793,California
San Francisco,2021-05-01,6933,912993,3584,563275,3235,311096,114,38622,1704,175152,5204,387461,1820,562613,California
San Francisco,2021-05-02,5318,918311,3087,566362,2133,313229,98,38720,973,171888,4338,391799,1074,563687,California
San Francisco,2021-05-03,9661,927972,6580,572942,2920,316149,161,38881,2461,167347,7170,398969,2629,566316,California
San Francisco,2021-05-04,9343,937315,5980,578922,3114,319263,249,39130,2290,162869,7022,405991,2544,568860,California
San Francisco,2021-05-05,8759,946074,6120,585042,2330,321593,309,39439,2147,158760,6569,412560,2460,571320,California
San Francisco,2021-05-06,10710,956784,8563,593605,1677,323270,470,39909,1856,152266,8821,421381,2327,573647,California
San Francisco,2021-05-07,10090,966874,6457,600062,3364,326634,269,40178,1639,145749,8425,429806,1908,575555,California
San Francisco,2021-05-08,8356,975230,3545,603607,4681,331315,130,40308,984,139523,7341,437147,1115,576670,California
San Francisco,2021-05-09,6687,981917,5828,609435,777,332092,82,40390,1220,135376,5443,442590,1296,577966,California
San Francisco,2021-05-10,6969,988886,4930,614365,1789,333881,250,40640,1043,130769,5899,448489,1292,579258,California
San Francisco,2021-05-11,7136,996022,5112,619477,1821,335702,203,40843,1378,126626,5725,454214,1582,580840,California
San Francisco,2021-05-12,7417,1003439,5329,624806,1654,337356,434,41277,1503,122671,5884,460098,1929,582769,California
San Francisco,2021-05-13,10361,1013800,7544,632350,2604,339960,213,41490,3832,120221,6502,466600,4052,586821,California
San Francisco,2021-05-14,9267,1023067,6569,638919,2528,342488,170,41660,2998,117159,6240,472840,3178,589999,California
San Francisco,2021-05-15,7782,1030849,6248,645167,1477,343965,57,41717,3001,115465,4764,477604,3070,593069,California
San Francisco,2021-05-16,4955,1035804,4174,649341,723,344688,58,41775,1841,114270,3094,480698,1899,594968,California
San Francisco,2021-05-17,7231,1043035,5386,654727,1679,346367,166,41941,2552,112332,4659,485357,2721,597689,California
San Francisco,2021-05-18,8642,1051677,4968,659695,3500,349867,174,42115,2034,107977,6564,491921,2209,599898,California
San Francisco,2021-05-19,7438,1059115,5526,665221,1680,351547,232,42347,2474,105745,4937,496858,2705,602603,California
San Francisco,2021-05-20,5339,1064454,3634,668855,1510,353057,195,42542,1547,103724,3760,500618,1739,604342,California
San Francisco,2021-05-21,6640,1071094,3758,672613,2733,355790,149,42691,1738,100748,4860,505478,1884,606226,California
San Francisco,2021-05-22,4345,1075439,3373,675986,924,356714,48,42739,2104,100677,2224,507702,2153,608379,California
San Francisco,2021-05-23,1540,1076979,1253,677239,255,356969,32,42771,785,100751,745,508447,819,609198,California
San Francisco,2021-05-24,4067,1081046,2871,680110,1029,357998,167,42938,1263,99401,2780,511227,1430,610628,California
San Francisco,2021-05-25,3731,1084777,2415,682525,1086,359084,230,43168,1162,98238,2550,513777,1387,612015,California
San Francisco,2021-05-26,3967,1088744,2577,685102,1239,360323,151,43319,1267,96981,2675,516452,1418,613433,California
San Francisco,2021-05-27,3719,1092463,2167,687269,1369,361692,183,43502,1429,96309,2282,518734,1610,615043,California
San Francisco,2021-05-28,3757,1096220,2153,689422,1445,363137,159,43661,1419,95572,2314,521048,1577,616620,California
San Francisco,2021-05-29,2011,1098231,1459,690881,470,363607,82,43743,895,95446,1098,522146,972,617592,California
San Francisco,2021-05-30,1001,1099232,710,691591,246,363853,45,43788,424,95344,569,522715,467,618059,California
San Francisco,2021-05-31,184,1099416,157,691748,24,363877,3,43791,66,95296,117,522832,69,618128,California
San Joaquin,2020-12-15,12,12,12,12,0,0,0,0,12,12,0,0,12,12,California
San Joaquin,2020-12-16,309,321,309,321,0,0,0,0,309,321,0,0,309,321,California
San Joaquin,2020-12-17,312,633,312,633,0,0,0,0,312,633,0,0,312,633,California
San Joaquin,2020-12-18,523,1156,519,1152,4,4,0,0,523,1156,0,0,523,1156,California
San Joaquin,2020-12-19,188,1344,188,1340,0,4,0,0,188,1344,0,0,188,1344,California
San Joaquin,2020-12-20,114,1458,113,1453,1,5,0,0,114,1458,0,0,114,1458,California
San Joaquin,2020-12-21,492,1950,492,1945,0,5,0,0,492,1950,0,0,492,1950,California
San Joaquin,2020-12-22,970,2920,850,2795,120,125,0,0,969,2919,0,0,969,2919,California
San Joaquin,2020-12-23,985,3905,926,3721,59,184,0,0,983,3902,2,2,985,3904,California
San Joaquin,2020-12-24,215,4120,187,3908,28,212,0,0,214,4116,1,3,215,4119,California
San Joaquin,2020-12-25,14,4134,14,3922,0,212,0,0,14,4130,0,3,14,4133,California
San Joaquin,2020-12-26,102,4236,30,3952,72,284,0,0,102,4232,0,3,102,4235,California
San Joaquin,2020-12-27,42,4278,29,3981,13,297,0,0,42,4274,0,3,42,4277,California
San Joaquin,2020-12-28,624,4902,421,4402,203,500,0,0,624,4898,0,3,624,4901,California
San Joaquin,2020-12-29,792,5694,665,5067,127,627,0,0,792,5690,0,3,792,5693,California
San Joaquin,2020-12-30,1009,6703,717,5784,292,919,0,0,1007,6697,2,5,1009,6702,California
San Joaquin,2020-12-31,453,7156,202,5986,251,1170,0,0,453,7150,1,6,454,7156,California
San Joaquin,2021-01-01,23,7179,13,5999,10,1180,0,0,23,7173,0,6,23,7179,California
San Joaquin,2021-01-02,265,7444,243,6242,22,1202,0,0,265,7438,0,6,265,7444,California
San Joaquin,2021-01-03,38,7482,20,6262,18,1220,0,0,37,7474,1,7,37,7481,California
San Joaquin,2021-01-04,477,7959,338,6600,139,1359,0,0,475,7948,1,8,475,7956,California
San Joaquin,2021-01-05,980,8939,647,7247,333,1692,0,0,810,8625,170,178,847,8803,California
San Joaquin,2021-01-06,1221,10160,708,7955,513,2205,0,0,917,9246,299,477,920,9723,California
San Joaquin,2021-01-07,1080,11240,683,8638,397,2602,0,0,790,9750,287,764,791,10514,California
San Joaquin,2021-01-08,1198,12438,820,9458,378,2980,0,0,713,9983,484,1248,717,11231,California
San Joaquin,2021-01-09,379,12817,300,9758,79,3059,0,0,249,10103,130,1378,250,11481,California
San Joaquin,2021-01-10,224,13041,118,9876,106,3165,0,0,171,10222,52,1430,171,11652,California
San Joaquin,2021-01-11,1529,14570,1322,11198,207,3372,0,0,863,10487,665,2095,930,12582,California
San Joaquin,2021-01-12,1465,16035,1053,12251,412,3784,0,0,696,10488,765,2860,766,13348,California
San Joaquin,2021-01-13,1529,17564,896,13147,633,4417,0,0,956,10878,571,3431,961,14309,California
San Joaquin,2021-01-14,1748,19312,971,14118,777,5194,0,0,1406,11979,321,3752,1422,15731,California
San Joaquin,2021-01-15,1528,20840,540,14658,988,6182,0,0,1303,13089,210,3962,1320,17051,California
San Joaquin,2021-01-16,1128,21968,179,14837,949,7131,0,0,1099,14160,28,3990,1099,18150,California
San Joaquin,2021-01-17,1619,23587,135,14972,1484,8615,0,0,1578,15699,41,4031,1580,19730,California
San Joaquin,2021-01-18,740,24327,238,15210,502,9117,0,0,619,16201,117,4148,619,20349,California
San Joaquin,2021-01-19,1872,26199,898,16108,974,10091,0,0,1190,16722,677,4825,1198,21547,California
San Joaquin,2021-01-20,2087,28286,1284,17392,803,10894,0,0,1439,17526,641,5466,1445,22992,California
San Joaquin,2021-01-21,1973,30259,894,18286,1079,11973,0,0,1577,18722,389,5855,1585,24577,California
San Joaquin,2021-01-22,1954,32213,896,19182,1058,13031,0,0,1812,20399,137,5992,1814,26391,California
San Joaquin,2021-01-23,899,33112,398,19580,501,13532,0,0,615,20733,283,6275,617,27008,California
San Joaquin,2021-01-24,351,33463,135,19715,216,13748,0,0,328,21041,20,6295,328,27336,California
San Joaquin,2021-01-25,1998,35461,1144,20859,854,14602,0,0,1433,21914,562,6857,1435,28771,California
San Joaquin,2021-01-26,2151,37612,1116,21975,1035,15637,0,0,1538,22850,607,7464,1543,30314,California
San Joaquin,2021-01-27,1730,39342,768,22743,962,16599,0,0,1234,23599,492,7956,1241,31555,California
San Joaquin,2021-01-28,2039,41381,767,23510,1272,17871,0,0,1385,24341,650,8606,1392,32947,California
San Joaquin,2021-01-29,2152,43533,1047,24557,1105,18976,0,0,1805,25813,341,8947,1813,34760,California
San Joaquin,2021-01-30,2170,45703,352,24909,1818,20794,0,0,1992,27630,177,9124,1994,36754,California
San Joaquin,2021-01-31,1559,47262,181,25090,1378,22172,0,0,1494,29061,64,9188,1495,38249,California
San Joaquin,2021-02-01,2524,49786,1339,26429,1185,23357,0,0,1767,30074,757,9945,1770,40019,California
San Joaquin,2021-02-02,2580,52366,1154,27583,1426,24783,0,0,1970,31498,550,10495,1974,41993,California
San Joaquin,2021-02-03,3074,55440,1213,28796,1861,26644,0,0,2209,32855,858,11353,2215,44208,California
San Joaquin,2021-02-04,3537,58977,1812,30608,1725,28369,0,0,2645,34619,887,12240,2651,46859,California
San Joaquin,2021-02-05,3166,62143,1803,32411,1363,29732,0,0,2344,36162,813,13053,2356,49215,California
San Joaquin,2021-02-06,1085,63228,746,33157,339,30071,0,0,942,36964,141,13194,943,50158,California
San Joaquin,2021-02-07,618,63846,489,33646,129,30200,0,0,414,37180,199,13393,415,50573,California
San Joaquin,2021-02-08,1784,65630,1034,34680,750,30950,0,0,1444,38313,317,13710,1450,52023,California
San Joaquin,2021-02-09,2121,67751,1153,35833,968,31918,0,0,1580,39425,471,14181,1583,53606,California
San Joaquin,2021-02-10,2557,70308,1246,37079,1311,33229,0,0,1339,39569,1196,15377,1340,54946,California
San Joaquin,2021-02-11,2910,73218,1482,38561,1428,34657,0,0,1697,40091,1181,16558,1703,56649,California
San Joaquin,2021-02-12,2816,76034,1127,39688,1689,36346,0,0,1594,40489,1201,17759,1599,58248,California
San Joaquin,2021-02-13,2117,78151,396,40084,1721,38067,0,0,855,40102,1248,19007,861,59109,California
San Joaquin,2021-02-14,1902,80053,260,40344,1642,39709,0,0,690,39610,1183,20190,691,59800,California
San Joaquin,2021-02-15,1989,82042,837,41181,1152,40861,0,0,1196,40047,763,20953,1200,61000,California
San Joaquin,2021-02-16,3157,85199,1372,42553,1785,42646,0,0,1745,40406,1397,22350,1756,62756,California
San Joaquin,2021-02-17,3276,88475,1265,43818,2011,44657,0,0,1866,40879,1397,23747,1870,64626,California
San Joaquin,2021-02-18,3335,91810,1370,45188,1965,46622,0,0,1897,41376,1405,25152,1902,66528,California
San Joaquin,2021-02-19,4263,96073,2407,47595,1856,48478,0,0,2386,41940,1822,26974,2386,68914,California
San Joaquin,2021-02-20,1550,97623,658,48253,892,49370,0,0,1055,42501,494,27468,1055,69969,California
San Joaquin,2021-02-21,664,98287,504,48757,160,49530,0,0,416,42675,245,27713,419,70388,California
San Joaquin,2021-02-22,3536,101823,2495,51252,1041,50571,0,0,2527,44227,980,28693,2532,72920,California
San Joaquin,2021-02-23,4302,106125,2617,53869,1685,52256,0,0,2648,45254,1626,30319,2653,75573,California
San Joaquin,2021-02-24,5745,111870,3413,57282,2332,54588,0,0,4126,47791,1594,31913,4131,79704,California
San Joaquin,2021-02-25,6330,118200,3912,61194,2418,57006,0,0,4084,49675,2210,34123,4094,83798,California
San Joaquin,2021-02-26,5475,123675,2848,64042,2627,59633,0,0,3768,51774,1675,35798,3774,87572,California
San Joaquin,2021-02-27,5459,129134,1620,65662,3839,63472,0,0,2629,51640,2775,38573,2641,90213,California
San Joaquin,2021-02-28,3082,132216,1106,66768,1976,65448,0,0,2035,52655,1022,39595,2037,92250,California
San Joaquin,2021-03-01,4107,136323,1805,68573,2300,67748,2,2,2328,53230,1762,41357,2337,94587,California
San Joaquin,2021-03-02,4205,140528,1680,70253,2525,70273,0,2,2642,54386,1541,42898,2697,97284,California
San Joaquin,2021-03-03,5780,146308,3433,73686,2345,72618,2,4,4169,56969,1587,44485,4170,101454,California
San Joaquin,2021-03-04,5712,152020,2267,75953,3442,76060,3,7,3734,58744,1963,46448,3738,105192,California
San Joaquin,2021-03-05,4452,156472,1896,77849,2551,78611,5,12,3069,60455,1367,47815,3078,108270,California
San Joaquin,2021-03-06,3301,159773,2173,80022,998,79609,130,142,2718,62727,579,48394,2851,111121,California
San Joaquin,2021-03-07,1221,160994,563,80585,610,80219,48,190,936,63429,267,48661,969,112090,California
San Joaquin,2021-03-08,3147,164141,1263,81848,1759,81978,125,315,2133,64684,1002,49663,2257,114347,California
San Joaquin,2021-03-09,4020,168161,1821,83669,2071,84049,128,443,2667,66145,1339,51002,2800,117147,California
San Joaquin,2021-03-10,4642,172803,2467,86136,2036,86085,139,582,3416,68490,1211,52213,3556,120703,California
San Joaquin,2021-03-11,4939,177742,2344,88480,1992,88077,603,1185,2936,70039,1993,54206,3542,124245,California
San Joaquin,2021-03-12,6280,184022,3135,91615,2810,90887,335,1520,4157,72441,2097,56303,4499,128744,California
San Joaquin,2021-03-13,3069,187091,1455,93070,1488,92375,126,1646,2290,74094,771,57074,2424,131168,California
San Joaquin,2021-03-14,2161,189252,671,93741,1187,93562,303,1949,1028,74304,1126,58200,1336,132504,California
San Joaquin,2021-03-15,6071,195323,3495,97236,2171,95733,405,2354,3176,75036,2862,61062,3594,136098,California
San Joaquin,2021-03-16,6850,202173,3897,101133,2695,98428,258,2612,4035,76541,2794,63856,4299,140397,California
San Joaquin,2021-03-17,7803,209976,4675,105808,3058,101486,70,2682,4338,77531,3427,67283,4417,144814,California
San Joaquin,2021-03-18,7635,217611,4491,110299,2639,104125,505,3187,3773,77998,3819,71102,4286,149100,California
San Joaquin,2021-03-19,7933,225544,4650,114949,2741,106866,542,3729,4804,80285,3106,74208,5393,154493,California
San Joaquin,2021-03-20,3681,229225,2126,117075,1311,108177,244,3973,1830,80534,1836,76044,2085,156578,California
San Joaquin,2021-03-21,2107,231332,1494,118569,406,108583,207,4180,1184,81056,913,76957,1435,158013,California
San Joaquin,2021-03-22,3967,235299,2032,120601,1519,110102,416,4596,2343,82213,1608,78565,2765,160778,California
San Joaquin,2021-03-23,5379,240678,2642,123243,2570,112672,167,4763,3710,84447,1650,80215,3884,164662,California
San Joaquin,2021-03-24,6833,247511,4241,127484,2505,115177,87,4850,3018,83782,3778,83993,3113,167775,California
San Joaquin,2021-03-25,5558,253069,3302,130786,2214,117391,42,4892,3294,84883,2242,86235,3343,171118,California
San Joaquin,2021-03-26,6171,259240,2558,133344,3463,120854,150,5042,3232,85370,2914,89149,3401,174519,California
San Joaquin,2021-03-27,4662,263902,2624,135968,1966,122820,72,5114,1807,84428,2832,91981,1890,176409,California
San Joaquin,2021-03-28,2722,266624,1807,137775,890,123710,25,5139,1294,84418,1408,93389,1398,177807,California
San Joaquin,2021-03-29,4039,270663,2180,139955,1836,125546,23,5162,2018,84469,2005,95394,2056,179863,California
San Joaquin,2021-03-30,6218,276881,3163,143118,2963,128509,92,5254,3428,85246,2763,98157,3540,183403,California
San Joaquin,2021-03-31,6588,283469,4150,147268,2377,130886,61,5315,3338,85435,3233,101390,3422,186825,California
San Joaquin,2021-04-01,6408,289877,2972,150240,3349,134235,87,5402,2829,84852,3556,104946,2973,189798,California
San Joaquin,2021-04-02,6332,296209,2880,153120,2961,137196,491,5893,2531,84130,3776,108722,3054,192852,California
San Joaquin,2021-04-03,4138,300347,2330,155450,1483,138679,325,6218,1996,84335,2125,110847,2330,195182,California
San Joaquin,2021-04-04,2281,302628,1365,156815,714,139393,202,6420,1548,85377,725,111572,1767,196949,California
San Joaquin,2021-04-05,4760,307388,2828,159643,1700,141093,232,6652,2631,86133,2117,113689,2873,199822,California
San Joaquin,2021-04-06,7039,314427,4524,164167,2248,143341,267,6919,3329,86063,3682,117371,3612,203434,California
San Joaquin,2021-04-07,8325,322752,4525,168692,2213,145554,1587,8506,3494,86344,4815,122186,5096,208530,California
San Joaquin,2021-04-08,8739,331491,4700,173392,1936,147490,2103,10609,3306,86347,5406,127592,5409,213939,California
San Joaquin,2021-04-09,8858,340349,4272,177664,3028,150518,1558,12167,3208,85506,5627,133219,4786,218725,California
San Joaquin,2021-04-10,5211,345560,1626,179290,1678,152196,1907,14074,1758,85725,3442,136661,3661,222386,California
San Joaquin,2021-04-11,4074,349634,1546,180836,1362,153558,1166,15240,1767,86356,2297,138958,2928,225314,California
San Joaquin,2021-04-12,5968,355602,2378,183214,2054,155612,1536,16776,2332,86613,3616,142574,3873,229187,California
San Joaquin,2021-04-13,7456,363058,4296,187510,3153,158765,7,16783,4568,88331,2865,145439,4583,233770,California
San Joaquin,2021-04-14,7453,370511,3722,191232,3730,162495,1,16784,4464,89834,2971,148410,4474,238244,California
San Joaquin,2021-04-15,7799,378310,4599,195831,3200,165695,0,16784,4354,90783,3411,151821,4360,242604,California
San Joaquin,2021-04-16,7627,385937,4072,199903,3552,169247,3,16787,4571,92339,3029,154850,4585,247189,California
San Joaquin,2021-04-17,5149,391086,2782,202685,2365,171612,2,16789,3655,94528,1484,156334,3673,250862,California
San Joaquin,2021-04-18,2464,393550,1365,204050,1099,172711,0,16789,1307,94701,1142,157476,1315,252177,California
San Joaquin,2021-04-19,5175,398725,2798,206848,2377,175088,0,16789,2766,95093,2384,159860,2776,254953,California
San Joaquin,2021-04-20,6223,404948,3277,210125,2946,178034,0,16789,2951,94808,3246,163106,2961,257914,California
San Joaquin,2021-04-21,5645,410593,3129,213254,2516,180550,0,16789,2918,95053,2680,165786,2925,260839,California
San Joaquin,2021-04-22,5292,415885,3132,216386,2158,182708,2,16791,3067,95940,2199,167985,3086,263925,California
San Joaquin,2021-04-23,5903,421788,2837,219223,3065,185773,1,16792,3748,97558,2135,170120,3753,267678,California
San Joaquin,2021-04-24,5231,427019,3606,222829,1624,187397,1,16793,3411,99181,1796,171916,3419,271097,California
San Joaquin,2021-04-25,3044,430063,2561,225390,483,187880,0,16793,2013,100190,1011,172927,2020,273117,California
San Joaquin,2021-04-26,3919,433982,2593,227983,1322,189202,4,16797,2060,100412,1846,174773,2068,275185,California
San Joaquin,2021-04-27,4500,438482,2607,230590,1843,191045,50,16847,1897,99784,2581,177354,1953,277138,California
San Joaquin,2021-04-28,5526,444008,3329,233919,2122,193167,75,16922,2727,99826,2768,180122,2810,279948,California
San Joaquin,2021-04-29,4823,448831,2819,236738,1948,195115,56,16978,2442,99967,2363,182485,2504,282452,California
San Joaquin,2021-04-30,4946,453777,2409,239147,2470,197585,67,17045,2563,100238,2367,184852,2638,285090,California
San Joaquin,2021-05-01,3328,457105,1908,241055,1361,198946,59,17104,2120,101229,1201,186053,2192,287282,California
San Joaquin,2021-05-02,2289,459394,1593,242648,640,199586,56,17160,1169,101340,1116,187169,1227,288509,California
San Joaquin,2021-05-03,3313,462707,2245,244893,993,200579,75,17235,1400,100922,1900,189069,1482,289991,California
San Joaquin,2021-05-04,4834,467541,3292,248185,1386,201965,156,17391,1782,99838,3032,192101,1948,291939,California
San Joaquin,2021-05-05,4723,472264,3170,251355,1391,203356,162,17553,1947,99204,2750,194851,2116,294055,California
San Joaquin,2021-05-06,4619,476883,3085,254440,1406,204762,128,17681,2037,98814,2565,197416,2175,296230,California
San Joaquin,2021-05-07,5073,481956,2941,257381,1979,206741,153,17834,1888,97701,3162,200578,2049,298279,California
San Joaquin,2021-05-08,3260,485216,2097,259478,1062,207803,101,17935,1204,96972,2042,202620,1313,299592,California
San Joaquin,2021-05-09,1474,486690,837,260315,567,208370,70,18005,593,96762,878,203498,668,300260,California
San Joaquin,2021-05-10,2796,489486,1465,261780,1208,209578,123,18128,917,95943,1865,205363,1046,301306,California
San Joaquin,2021-05-11,4073,493559,2153,263933,1805,211383,115,18243,1300,94627,2758,208121,1442,302748,California
San Joaquin,2021-05-12,4086,497645,1891,265824,2081,213464,114,18357,1295,93272,2777,210898,1422,304170,California
San Joaquin,2021-05-13,4264,501909,2402,268226,1777,215241,85,18442,1577,92274,2672,213570,1674,305844,California
San Joaquin,2021-05-14,5715,507624,3399,271625,2208,217449,108,18550,2402,91505,3287,216857,2518,308362,California
San Joaquin,2021-05-15,5207,512831,3089,274714,2040,219489,78,18628,1628,89666,3548,220405,1709,310071,California
San Joaquin,2021-05-16,3535,516366,2762,277476,724,220213,49,18677,1432,89065,2090,222495,1489,311560,California
San Joaquin,2021-05-17,4106,520472,2454,279930,1555,221768,97,18774,1798,88680,2293,224788,1908,313468,California
San Joaquin,2021-05-18,3914,524386,2262,282192,1539,223307,113,18887,1894,88684,2003,226791,2007,315475,California
San Joaquin,2021-05-19,4700,529086,2719,284911,1849,225156,132,19019,2069,88294,2600,229391,2210,317685,California
San Joaquin,2021-05-20,3494,532580,2156,287067,1252,226408,86,19105,1606,88116,1870,231261,1692,319377,California
San Joaquin,2021-05-21,4309,536889,2538,289605,1667,228075,104,19209,1969,87885,2312,233573,2081,321458,California
San Joaquin,2021-05-22,3423,540312,2157,291762,1187,229262,79,19288,1616,87794,1794,235367,1703,323161,California
San Joaquin,2021-05-23,2083,542395,1804,293566,248,229510,31,19319,1295,88339,782,236149,1327,324488,California
San Joaquin,2021-05-24,2926,545321,1674,295240,1164,230674,88,19407,1395,88315,1514,237663,1490,325978,California
San Joaquin,2021-05-25,2993,548314,1892,297132,1002,231676,99,19506,1463,88369,1509,239172,1563,327541,California
San Joaquin,2021-05-26,3047,551361,1581,298713,1394,233070,72,19578,1255,87917,1784,240956,1332,328873,California
San Joaquin,2021-05-27,2873,554234,1466,300179,1331,234401,76,19654,1135,87413,1724,242680,1220,330093,California
San Joaquin,2021-05-28,2949,557183,1534,301713,1330,235731,85,19739,1349,87280,1578,244258,1445,331538,California
San Joaquin,2021-05-29,1998,559181,1066,302779,903,236634,29,19768,858,87035,1138,245396,893,332431,California
San Joaquin,2021-05-30,923,560104,485,303264,414,237048,24,19792,374,86891,547,245943,403,332834,California
San Joaquin,2021-05-31,467,560571,177,303441,286,237334,4,19796,158,86747,306,246249,162,332996,California
San Luis Obispo,2020-12-16,4,4,4,4,0,0,0,0,4,4,0,0,4,4,California
San Luis Obispo,2020-12-17,196,200,196,200,0,0,0,0,196,200,0,0,196,200,California
San Luis Obispo,2020-12-18,224,424,224,424,0,0,0,0,224,424,0,0,224,424,California
San Luis Obispo,2020-12-19,162,586,162,586,0,0,0,0,162,586,0,0,162,586,California
San Luis Obispo,2020-12-20,215,801,215,801,0,0,0,0,215,801,0,0,215,801,California
San Luis Obispo,2020-12-21,550,1351,549,1350,1,1,0,0,550,1351,0,0,550,1351,California
San Luis Obispo,2020-12-22,311,1662,307,1657,4,5,0,0,311,1662,0,0,311,1662,California
San Luis Obispo,2020-12-23,680,2342,366,2023,314,319,0,0,680,2342,0,0,680,2342,California
San Luis Obispo,2020-12-24,195,2537,19,2042,176,495,0,0,195,2537,0,0,195,2537,California
San Luis Obispo,2020-12-25,2,2539,1,2043,1,496,0,0,2,2539,0,0,2,2539,California
San Luis Obispo,2020-12-26,90,2629,12,2055,78,574,0,0,90,2629,0,0,90,2629,California
San Luis Obispo,2020-12-27,76,2705,0,2055,76,650,0,0,76,2705,0,0,76,2705,California
San Luis Obispo,2020-12-28,879,3584,429,2484,450,1100,0,0,879,3584,0,0,879,3584,California
San Luis Obispo,2020-12-29,903,4487,504,2988,399,1499,0,0,903,4487,0,0,903,4487,California
San Luis Obispo,2020-12-30,1170,5657,679,3667,491,1990,0,0,1170,5657,0,0,1170,5657,California
San Luis Obispo,2020-12-31,107,5764,4,3671,103,2093,0,0,107,5764,0,0,107,5764,California
San Luis Obispo,2021-01-01,13,5777,8,3679,5,2098,0,0,13,5777,0,0,13,5777,California
San Luis Obispo,2021-01-02,34,5811,8,3687,26,2124,0,0,34,5811,0,0,34,5811,California
San Luis Obispo,2021-01-03,16,5827,6,3693,10,2134,0,0,16,5827,0,0,16,5827,California
San Luis Obispo,2021-01-04,681,6508,525,4218,156,2290,0,0,681,6508,0,0,681,6508,California
San Luis Obispo,2021-01-05,972,7480,754,4972,218,2508,0,0,970,7476,2,2,970,7478,California
San Luis Obispo,2021-01-06,727,8207,480,5452,247,2755,0,0,719,8188,7,9,719,8197,California
San Luis Obispo,2021-01-07,1127,9334,949,6401,178,2933,0,0,684,8429,443,452,684,8881,California
San Luis Obispo,2021-01-08,882,10216,804,7205,78,3011,0,0,513,8574,368,820,513,9394,California
San Luis Obispo,2021-01-09,205,10421,195,7400,10,3021,0,0,28,8425,177,997,28,9422,California
San Luis Obispo,2021-01-10,12,10433,8,7408,4,3025,0,0,8,8429,4,1001,8,9430,California
San Luis Obispo,2021-01-11,560,10993,509,7917,51,3076,0,0,298,8466,261,1262,298,9728,California
San Luis Obispo,2021-01-12,598,11591,381,8298,217,3293,0,0,318,8504,280,1542,318,10046,California
San Luis Obispo,2021-01-13,884,12475,256,8554,628,3921,0,0,648,8918,234,1776,648,10694,California
San Luis Obispo,2021-01-14,728,13203,242,8796,486,4407,0,0,602,9407,113,1889,602,11296,California
San Luis Obispo,2021-01-15,727,13930,286,9082,441,4848,0,0,554,9793,168,2057,554,11850,California
San Luis Obispo,2021-01-16,100,14030,81,9163,19,4867,0,0,95,9883,5,2062,95,11945,California
San Luis Obispo,2021-01-17,64,14094,58,9221,6,4873,0,0,64,9947,0,2062,64,12009,California
San Luis Obispo,2021-01-18,1371,15465,388,9609,983,5856,0,0,1108,10792,263,2325,1108,13117,California
San Luis Obispo,2021-01-19,1583,17048,417,10026,1166,7022,0,0,1175,11559,408,2733,1175,14292,California
San Luis Obispo,2021-01-20,1887,18935,598,10624,1289,8311,0,0,1297,12269,588,3321,1298,15590,California
San Luis Obispo,2021-01-21,1572,20507,467,11091,1105,9416,0,0,1200,13102,368,3689,1201,16791,California
San Luis Obispo,2021-01-22,1519,22026,505,11596,1014,10430,0,0,1204,13993,313,4002,1204,17995,California
San Luis Obispo,2021-01-23,311,22337,293,11889,18,10448,0,0,295,14272,16,4018,295,18290,California
San Luis Obispo,2021-01-24,244,22581,236,12125,8,10456,0,0,238,14504,6,4024,238,18528,California
San Luis Obispo,2021-01-25,2075,24656,600,12725,1475,11931,0,0,1246,14921,829,4853,1246,19774,California
San Luis Obispo,2021-01-26,2000,26656,699,13424,1301,13232,0,0,1139,15199,861,5714,1139,20913,California
San Luis Obispo,2021-01-27,1609,28265,283,13707,1326,14558,0,0,1151,15892,458,6172,1151,22064,California
San Luis Obispo,2021-01-28,1496,29761,344,14051,1152,15710,0,0,1234,16866,260,6432,1234,23298,California
San Luis Obispo,2021-01-29,1737,31498,681,14732,1056,16766,0,0,1452,18033,285,6717,1452,24750,California
San Luis Obispo,2021-01-30,38,31536,19,14751,19,16785,0,0,26,18048,11,6728,26,24776,California
San Luis Obispo,2021-01-31,27,31563,19,14770,8,16793,0,0,25,18071,2,6730,25,24801,California
San Luis Obispo,2021-02-01,1708,33271,739,15509,969,17762,0,0,1405,19174,302,7032,1405,26206,California
San Luis Obispo,2021-02-02,1897,35168,679,16188,1218,18980,0,0,1522,20321,375,7407,1522,27728,California
San Luis Obispo,2021-02-03,1708,36876,729,16917,979,19959,0,0,1294,21201,414,7821,1294,29022,California
San Luis Obispo,2021-02-04,1660,38536,802,17719,858,20817,0,0,1093,21728,567,8388,1094,30116,California
San Luis Obispo,2021-02-05,1604,40140,715,18434,889,21706,0,0,1060,22244,545,8933,1061,31177,California
San Luis Obispo,2021-02-06,175,40315,108,18542,67,21773,0,0,95,22259,80,9013,95,31272,California
San Luis Obispo,2021-02-07,125,40440,80,18622,45,21818,0,0,72,22279,53,9066,73,31345,California
San Luis Obispo,2021-02-08,857,41297,469,19091,388,22206,0,0,499,22421,357,9423,499,31844,California
San Luis Obispo,2021-02-09,1123,42420,448,19539,675,22881,0,0,542,22395,575,9998,549,32393,California
San Luis Obispo,2021-02-10,1438,43858,489,20028,949,23830,0,0,530,22021,907,10905,533,32926,California
San Luis Obispo,2021-02-11,1330,45188,843,20871,487,24317,0,0,656,22005,672,11577,656,33582,California
San Luis Obispo,2021-02-12,786,45974,362,21233,424,24741,0,0,421,22061,365,11942,421,34003,California
San Luis Obispo,2021-02-13,394,46368,127,21360,267,25008,0,0,286,22240,107,12049,286,34289,California
San Luis Obispo,2021-02-14,318,46686,41,21401,277,25285,0,0,282,22487,36,12085,283,34572,California
San Luis Obispo,2021-02-15,728,47414,138,21539,590,25875,0,0,474,22708,253,12338,474,35046,California
San Luis Obispo,2021-02-16,2965,50379,1198,22737,1767,27642,0,0,1359,22461,1606,13944,1359,36405,California
San Luis Obispo,2021-02-17,2779,53158,1238,23975,1541,29183,0,0,1029,21749,1741,15685,1029,37434,California
San Luis Obispo,2021-02-18,2828,55986,1461,25436,1367,30550,0,0,1135,21200,1685,17370,1136,38570,California
San Luis Obispo,2021-02-19,1459,57445,1338,26774,121,30671,0,0,1135,22012,323,17693,1135,39705,California
San Luis Obispo,2021-02-20,254,57699,81,26855,173,30844,0,0,216,22190,38,17731,216,39921,California
San Luis Obispo,2021-02-21,57,57756,53,26908,4,30848,0,0,32,22197,25,17756,32,39953,California
San Luis Obispo,2021-02-22,2412,60168,1865,28773,547,31395,0,0,1466,22718,946,18702,1467,41420,California
San Luis Obispo,2021-02-23,1861,62029,1746,30519,115,31510,0,0,1367,23593,493,19195,1368,42788,California
San Luis Obispo,2021-02-24,2645,64674,1301,31820,1344,32854,0,0,835,22621,1807,21002,835,43623,California
San Luis Obispo,2021-02-25,2132,66806,1243,33063,889,33743,0,0,1206,22908,920,21922,1207,44830,California
San Luis Obispo,2021-02-26,2649,69455,1150,34213,1499,35242,0,0,1326,22920,1314,23236,1326,46156,California
San Luis Obispo,2021-02-27,575,70030,349,34562,226,35468,0,0,525,23395,50,23286,525,46681,California
San Luis Obispo,2021-02-28,196,70226,69,34631,127,35595,0,0,161,23522,34,23320,161,46842,California
San Luis Obispo,2021-03-01,3003,73229,1876,36507,1125,36720,2,2,2074,24669,930,24250,2077,48919,California
San Luis Obispo,2021-03-02,3026,76255,1909,38416,1117,37837,0,2,1874,25397,1147,25397,1875,50794,California
San Luis Obispo,2021-03-03,2341,78596,338,38754,2003,39840,0,2,848,24759,1487,26884,849,51643,California
San Luis Obispo,2021-03-04,2197,80793,1160,39914,1037,40877,0,2,1181,24929,1013,27897,1183,52826,California
San Luis Obispo,2021-03-05,2301,83094,1021,40935,1210,42087,70,72,1297,25306,990,28887,1367,54193,California
San Luis Obispo,2021-03-06,837,83931,310,41245,420,42507,107,179,617,25804,220,29107,718,54911,California
San Luis Obispo,2021-03-07,201,84132,33,41278,84,42591,84,263,73,25834,127,29234,157,55068,California
San Luis Obispo,2021-03-08,2738,86870,760,42038,1662,44253,316,579,1543,26502,1191,30425,1859,56927,California
San Luis Obispo,2021-03-09,2950,89820,968,43006,1734,45987,248,827,1526,26856,1420,31845,1774,58701,California
San Luis Obispo,2021-03-10,3196,93016,1241,44247,1673,47660,282,1109,1814,27574,1378,33223,2096,60797,California
San Luis Obispo,2021-03-11,3296,96312,1271,45518,1702,49362,323,1432,1804,28218,1482,34705,2126,62923,California
San Luis Obispo,2021-03-12,3250,99562,1282,46800,1630,50992,338,1770,1616,28549,1626,36331,1957,64880,California
San Luis Obispo,2021-03-13,797,100359,262,47062,426,51418,109,1879,431,28726,365,36696,542,65422,California
San Luis Obispo,2021-03-14,514,100873,53,47115,350,51768,111,1990,134,28592,379,37075,245,65667,California
San Luis Obispo,2021-03-15,3058,103931,1098,48213,1862,53630,98,2088,1529,28695,1525,38600,1628,67295,California
San Luis Obispo,2021-03-16,2849,106780,1510,49723,1229,54859,110,2198,1435,28831,1408,40008,1544,68839,California
San Luis Obispo,2021-03-17,3436,110216,1449,51172,1726,56585,261,2459,1989,29644,1436,41444,2249,71088,California
San Luis Obispo,2021-03-18,2810,113026,1447,52619,1149,57734,214,2673,1337,29726,1468,42912,1550,72638,California
San Luis Obispo,2021-03-19,2590,115616,1567,54186,702,58436,321,2994,958,29383,1624,44536,1281,73919,California
San Luis Obispo,2021-03-20,840,116456,502,54688,301,58737,37,3031,386,29353,453,44989,423,74342,California
San Luis Obispo,2021-03-21,187,116643,45,54733,139,58876,3,3034,157,29484,29,45018,160,74502,California
San Luis Obispo,2021-03-22,2697,119340,1171,55904,1478,60354,48,3082,1867,30573,826,45844,1915,76417,California
San Luis Obispo,2021-03-23,3380,122720,2211,58115,1137,61491,32,3114,2262,31754,1113,46957,2294,78711,California
San Luis Obispo,2021-03-24,3523,126243,2143,60258,1295,62786,85,3199,2622,33564,896,47853,2706,81417,California
San Luis Obispo,2021-03-25,3682,129925,2299,62557,1371,64157,12,3211,2634,35165,1044,48897,2645,84062,California
San Luis Obispo,2021-03-26,3202,133127,1772,64329,997,65154,433,3644,1794,35992,1403,50300,2230,86292,California
San Luis Obispo,2021-03-27,993,134120,507,64836,394,65548,92,3736,452,35997,539,50839,544,86836,California
San Luis Obispo,2021-03-28,446,134566,153,64989,237,65785,56,3792,245,36098,200,51039,301,87137,California
San Luis Obispo,2021-03-29,2596,137162,1295,66284,1168,66953,133,3925,1656,36961,926,51965,1789,88926,California
San Luis Obispo,2021-03-30,3512,140674,1921,68205,1448,68401,143,4068,2336,38269,1170,53135,2478,91404,California
San Luis Obispo,2021-03-31,3878,144552,2467,70672,1265,69666,146,4214,2500,39546,1368,54503,2645,94049,California
San Luis Obispo,2021-04-01,3861,148413,2438,73110,1304,70970,119,4333,2701,41220,1147,55650,2821,96870,California
San Luis Obispo,2021-04-02,1750,150163,689,73799,748,71718,313,4646,950,41683,798,56448,1261,98131,California
San Luis Obispo,2021-04-03,1110,151273,557,74356,426,72144,127,4773,493,41690,613,57061,620,98751,California
San Luis Obispo,2021-04-04,383,151656,131,74487,212,72356,40,4813,236,41819,147,57208,276,99027,California
San Luis Obispo,2021-04-05,3617,155273,1949,76436,1557,73913,111,4924,2025,42369,1589,58797,2139,101166,California
San Luis Obispo,2021-04-06,4054,159327,2158,78594,1573,75486,323,5247,1938,42536,2107,60904,2274,103440,California
San Luis Obispo,2021-04-07,4305,163632,2345,80939,1595,77081,365,5612,2457,43531,1833,62737,2828,106268,California
San Luis Obispo,2021-04-08,4045,167677,2200,83139,1441,78522,404,6016,2155,44215,1883,64620,2567,108835,California
San Luis Obispo,2021-04-09,3664,171341,1746,84885,1162,79684,756,6772,1507,44326,2146,66766,2257,111092,California
San Luis Obispo,2021-04-10,1582,172923,563,85448,355,80039,664,7436,493,44392,1089,67855,1155,112247,California
San Luis Obispo,2021-04-11,312,173235,63,85511,186,80225,63,7499,125,44395,185,68040,188,112435,California
San Luis Obispo,2021-04-12,3374,176609,1696,87207,1515,81740,163,7662,1410,44003,1964,70004,1572,114007,California
San Luis Obispo,2021-04-13,3642,180251,2101,89308,1540,83280,1,7663,1965,44295,1675,71679,1967,115974,California
San Luis Obispo,2021-04-14,2880,183131,1702,91010,1175,84455,3,7666,1677,44781,1191,72870,1677,117651,California
San Luis Obispo,2021-04-15,3697,186828,2407,93417,1289,85744,1,7667,1978,45060,1701,74571,1980,119631,California
San Luis Obispo,2021-04-16,3632,190460,2212,95629,1416,87160,4,7671,1788,45010,1840,76411,1790,121421,California
San Luis Obispo,2021-04-17,1091,191551,431,96060,658,87818,2,7673,709,45340,381,76792,711,122132,California
San Luis Obispo,2021-04-18,321,191872,99,96159,221,88039,1,7674,111,45244,207,76999,111,122243,California
San Luis Obispo,2021-04-19,3154,195026,1306,97465,1810,89849,38,7712,1124,44382,2026,79025,1164,123407,California
San Luis Obispo,2021-04-20,3571,198597,1977,99442,1594,91443,0,7712,1339,43502,2220,81245,1340,124747,California
San Luis Obispo,2021-04-21,3913,202510,1801,101243,2112,93555,0,7712,1589,42788,2303,83548,1589,126336,California
San Luis Obispo,2021-04-22,4578,207088,2054,103297,2524,96079,0,7712,1427,41083,3134,86682,1429,127765,California
San Luis Obispo,2021-04-23,1460,208548,843,104140,613,96692,4,7716,699,41037,756,87438,710,128475,California
San Luis Obispo,2021-04-24,1079,209627,439,104579,621,97313,19,7735,505,40980,581,88019,524,128999,California
San Luis Obispo,2021-04-25,346,209973,161,104740,185,97498,0,7735,113,40861,232,88251,113,129112,California
San Luis Obispo,2021-04-26,964,210937,336,105076,611,98109,17,7752,357,40639,595,88846,373,129485,California
San Luis Obispo,2021-04-27,3699,214636,1916,106992,1714,99823,69,7821,1429,39874,2262,91108,1497,130982,California
San Luis Obispo,2021-04-28,3729,218365,2089,109081,1568,101391,72,7893,1282,38794,2434,93542,1354,132336,California
San Luis Obispo,2021-04-29,3661,222026,2112,111193,1480,102871,69,7962,1215,37647,2432,95974,1285,133621,California
San Luis Obispo,2021-04-30,2971,224997,1667,112860,1231,104102,73,8035,929,36620,2027,98001,1000,134621,California
San Luis Obispo,2021-05-01,472,225469,160,113020,276,104378,36,8071,100,36387,368,98369,135,134756,California
San Luis Obispo,2021-05-02,170,225639,52,113072,98,104476,20,8091,42,36321,128,98497,62,134818,California
San Luis Obispo,2021-05-03,887,226526,290,113362,494,104970,103,8194,225,35986,661,99158,326,135144,California
San Luis Obispo,2021-05-04,2923,229449,1897,115259,963,105933,63,8257,865,34861,2051,101209,926,136070,California
San Luis Obispo,2021-05-05,2805,232254,1851,117110,888,106821,66,8323,693,33520,2101,103310,760,136830,California
San Luis Obispo,2021-05-06,2800,235054,1887,118997,853,107674,60,8383,734,32263,2051,105361,794,137624,California
San Luis Obispo,2021-05-07,2312,237366,1755,120752,496,108170,61,8444,608,31251,1684,107045,672,138296,California
San Luis Obispo,2021-05-08,566,237932,333,121085,209,108379,24,8468,191,31109,357,107402,215,138511,California
San Luis Obispo,2021-05-09,164,238096,41,121126,104,108483,19,8487,46,31057,117,107519,65,138576,California
San Luis Obispo,2021-05-10,720,238816,151,121277,521,109004,48,8535,154,30697,561,108080,201,138777,California
San Luis Obispo,2021-05-11,1165,239981,596,121873,499,109503,70,8605,359,30324,802,108882,429,139206,California
San Luis Obispo,2021-05-12,2365,242346,1576,123449,707,110210,82,8687,675,29406,1675,110557,757,139963,California
San Luis Obispo,2021-05-13,1038,243384,650,124099,329,110539,59,8746,445,29320,589,111146,503,140466,California
San Luis Obispo,2021-05-14,2198,245582,1618,125717,538,111077,42,8788,925,29031,1256,112402,967,141433,California
San Luis Obispo,2021-05-15,992,246574,459,126176,499,111576,34,8822,471,29018,519,112921,506,141939,California
San Luis Obispo,2021-05-16,305,246879,163,126339,136,111712,6,8828,172,29064,132,113053,178,142117,California
San Luis Obispo,2021-05-17,1658,248537,964,127303,642,112354,52,8880,669,28806,980,114033,722,142839,California
San Luis Obispo,2021-05-18,1888,250425,1150,128453,706,113060,32,8912,730,28416,1153,115186,763,143602,California
San Luis Obispo,2021-05-19,1444,251869,623,129076,759,113819,62,8974,418,27874,1021,116207,479,144081,California
San Luis Obispo,2021-05-20,970,252839,442,129518,497,114316,31,9005,272,27490,687,116894,303,144384,California
San Luis Obispo,2021-05-21,863,253702,488,130006,338,114654,37,9042,405,27483,449,117343,442,144826,California
San Luis Obispo,2021-05-22,531,254233,281,130287,225,114879,25,9067,282,27547,242,117585,306,145132,California
San Luis Obispo,2021-05-23,74,254307,43,130330,27,114906,4,9071,33,27543,41,117626,37,145169,California
San Luis Obispo,2021-05-24,562,254869,261,130591,266,115172,35,9106,220,27458,340,117966,255,145424,California
San Luis Obispo,2021-05-25,849,255718,425,131016,402,115574,22,9128,357,27351,486,118452,379,145803,California
San Luis Obispo,2021-05-26,2028,257746,959,131975,1015,116589,54,9182,661,26701,1363,119815,713,146516,California
San Luis Obispo,2021-05-27,1789,259535,640,132615,1116,117705,33,9215,472,25894,1312,121127,505,147021,California
San Luis Obispo,2021-05-28,746,260281,347,132962,382,118087,17,9232,351,25869,393,121520,368,147389,California
San Luis Obispo,2021-05-29,364,260645,152,133114,201,118288,11,9243,203,25924,160,121680,215,147604,California
San Luis Obispo,2021-05-30,86,260731,36,133150,43,118331,7,9250,34,25913,51,121731,40,147644,California
San Luis Obispo,2021-05-31,20,260751,0,133150,14,118345,6,9256,7,25914,11,121742,12,147656,California
San Mateo,2020-12-15,26,26,26,26,0,0,0,0,26,26,0,0,26,26,California
San Mateo,2020-12-16,110,136,110,136,0,0,0,0,110,136,0,0,110,136,California
San Mateo,2020-12-17,164,300,164,300,0,0,0,0,164,300,0,0,164,300,California
San Mateo,2020-12-18,741,1041,739,1039,2,2,0,0,741,1041,0,0,741,1041,California
San Mateo,2020-12-19,514,1555,514,1553,0,2,0,0,514,1555,0,0,514,1555,California
San Mateo,2020-12-20,513,2068,512,2065,1,3,0,0,513,2068,0,0,513,2068,California
San Mateo,2020-12-21,1168,3236,1168,3233,0,3,0,0,1168,3236,0,0,1168,3236,California
San Mateo,2020-12-22,1544,4780,1536,4769,8,11,0,0,1544,4780,0,0,1544,4780,California
San Mateo,2020-12-23,1600,6380,1410,6179,190,201,0,0,1600,6380,0,0,1600,6380,California
San Mateo,2020-12-24,874,7254,617,6796,257,458,0,0,874,7254,0,0,874,7254,California
San Mateo,2020-12-25,118,7372,114,6910,4,462,0,0,118,7372,0,0,118,7372,California
San Mateo,2020-12-26,562,7934,419,7329,143,605,0,0,562,7934,0,0,562,7934,California
San Mateo,2020-12-27,305,8239,175,7504,130,735,0,0,305,8239,0,0,305,8239,California
San Mateo,2020-12-28,1057,9296,711,8215,346,1081,0,0,1057,9296,0,0,1057,9296,California
San Mateo,2020-12-29,1131,10427,705,8920,426,1507,0,0,1131,10427,0,0,1131,10427,California
San Mateo,2020-12-30,1264,11691,759,9679,505,2012,0,0,1264,11691,0,0,1264,11691,California
San Mateo,2020-12-31,718,12409,231,9910,487,2499,0,0,717,12407,1,1,717,12408,California
San Mateo,2021-01-01,88,12497,59,9969,29,2528,0,0,88,12495,0,1,88,12496,California
San Mateo,2021-01-02,398,12895,268,10237,130,2658,0,0,398,12893,0,1,398,12894,California
San Mateo,2021-01-03,284,13179,209,10446,75,2733,0,0,281,13171,3,4,281,13175,California
San Mateo,2021-01-04,1051,14230,678,11124,373,3106,0,0,1051,14222,0,4,1051,14226,California
San Mateo,2021-01-05,1207,15437,711,11835,496,3602,0,0,1178,15372,29,33,1179,15405,California
San Mateo,2021-01-06,1453,16890,954,12789,499,4101,0,0,1269,16461,181,214,1270,16675,California
San Mateo,2021-01-07,1458,18348,810,13599,648,4749,0,0,1169,17349,282,496,1170,17845,California
San Mateo,2021-01-08,1846,20194,1195,14794,651,5400,0,0,1149,17809,690,1186,1150,18995,California
San Mateo,2021-01-09,1178,21372,776,15570,402,5802,0,0,720,18071,458,1644,720,19715,California
San Mateo,2021-01-10,706,22078,580,16150,126,5928,0,0,266,17897,440,2084,266,19981,California
San Mateo,2021-01-11,2601,24679,1493,17643,1108,7036,0,0,1528,18353,1074,3158,1530,21511,California
San Mateo,2021-01-12,3404,28083,1896,19539,1508,8544,0,0,2215,19385,1187,4345,2219,23730,California
San Mateo,2021-01-13,3392,31475,1658,21197,1734,10278,0,0,2356,20707,1036,5381,2358,26088,California
San Mateo,2021-01-14,3782,35257,1587,22784,2195,12473,0,0,3095,23120,687,6068,3100,29188,California
San Mateo,2021-01-15,4326,39583,1708,24492,2618,15091,0,0,3795,26388,529,6597,3797,32985,California
San Mateo,2021-01-16,3073,42656,764,25256,2309,17400,0,0,2751,28818,322,6919,2752,35737,California
San Mateo,2021-01-17,1315,43971,308,25564,1007,18407,0,0,1107,29717,208,7127,1107,36844,California
San Mateo,2021-01-18,1372,45343,538,26102,834,19241,0,0,994,30336,375,7502,994,37838,California
San Mateo,2021-01-19,2803,48146,1798,27900,1005,20246,0,0,2006,31548,794,8296,2006,39844,California
San Mateo,2021-01-20,2804,50950,1547,29447,1257,21503,0,0,1960,32668,841,9137,1961,41805,California
San Mateo,2021-01-21,2859,53809,1302,30749,1557,23060,0,0,2266,34346,591,9728,2269,44074,California
San Mateo,2021-01-22,2802,56611,1138,31887,1664,24724,0,0,2502,36551,298,10026,2503,46577,California
San Mateo,2021-01-23,2882,59493,1689,33576,1193,25917,0,0,2519,38708,363,10389,2520,49097,California
San Mateo,2021-01-24,1519,61012,375,33951,1144,27061,0,0,1208,39607,310,10699,1209,50306,California
San Mateo,2021-01-25,4435,65447,3156,37107,1279,28340,0,0,3534,42246,899,11598,3538,53844,California
San Mateo,2021-01-26,4297,69744,2983,40090,1314,29654,0,0,3379,44709,917,12515,3380,57224,California
San Mateo,2021-01-27,2787,72531,1466,41556,1321,30975,0,0,1794,45517,987,13502,1795,59019,California
San Mateo,2021-01-28,2802,75333,1355,42911,1447,32422,0,0,1947,46624,840,14342,1947,60966,California
San Mateo,2021-01-29,2989,78322,1347,44258,1642,34064,0,0,2150,47940,837,15179,2153,63119,California
San Mateo,2021-01-30,3410,81732,1482,45740,1928,35992,0,0,2951,50434,458,15637,2952,66071,California
San Mateo,2021-01-31,1679,83411,896,46636,783,36775,0,0,1517,51790,161,15798,1517,67588,California
San Mateo,2021-02-01,2940,86351,1356,47992,1584,38359,0,0,2222,53299,714,16512,2223,69811,California
San Mateo,2021-02-02,3174,89525,1733,49725,1441,39800,0,0,2160,54448,1011,17523,2160,71971,California
San Mateo,2021-02-03,4995,94520,2059,51784,2936,42736,0,0,3851,57158,1142,18665,3852,75823,California
San Mateo,2021-02-04,6199,100719,2495,54279,3704,46440,0,0,4921,60810,1273,19938,4925,80748,California
San Mateo,2021-02-05,6802,107521,2556,56835,4246,50686,0,0,4974,63973,1811,21749,4974,85722,California
San Mateo,2021-02-06,3280,110801,1914,58749,1366,52052,0,0,2625,65946,654,22403,2627,88349,California
San Mateo,2021-02-07,1905,112706,1352,60101,553,52605,0,0,1713,67467,192,22595,1713,90062,California
San Mateo,2021-02-08,5287,117993,2255,62356,3032,55637,0,0,3111,68467,2111,24706,3111,93173,California
San Mateo,2021-02-09,6188,124181,3226,65582,2962,58599,0,0,3340,68965,2842,27548,3340,96513,California
San Mateo,2021-02-10,6513,130694,3279,68861,3234,61833,0,0,3424,69311,3078,30626,3424,99937,California
San Mateo,2021-02-11,7048,137742,3574,72435,3474,65307,0,0,3789,69853,3250,33876,3792,103729,California
San Mateo,2021-02-12,6634,144376,2962,75397,3672,68979,0,0,4703,72629,1929,35805,4705,108434,California
San Mateo,2021-02-13,6118,150494,4019,79416,2099,71078,0,0,2639,71794,3474,39279,2639,111073,California
San Mateo,2021-02-14,4642,155136,3024,82440,1618,72696,0,0,1985,71130,2650,41929,1986,113059,California
San Mateo,2021-02-15,3166,158302,1456,83896,1710,74406,0,0,1790,71551,1370,43299,1791,114850,California
San Mateo,2021-02-16,7155,165457,1882,85778,5273,79679,0,0,5282,74964,1871,45170,5284,120134,California
San Mateo,2021-02-17,7079,172536,1951,87729,5128,84807,0,0,5062,78015,2013,47183,5064,125198,California
San Mateo,2021-02-18,6665,179201,4600,92329,2065,86872,0,0,4439,80235,2222,49405,4442,129640,California
San Mateo,2021-02-19,7779,186980,5585,97914,2194,89066,0,0,5777,84017,1995,51400,5777,135417,California
San Mateo,2021-02-20,3737,190717,2423,100337,1314,90380,0,0,2307,84901,1423,52823,2307,137724,California
San Mateo,2021-02-21,2611,193328,1771,102108,840,91220,0,0,1564,85425,1040,53863,1564,139288,California
San Mateo,2021-02-22,4431,197759,3214,105322,1217,92437,0,0,2799,86599,1626,55489,2800,142088,California
San Mateo,2021-02-23,4351,202110,3108,108430,1243,93680,0,0,2539,87334,1804,57293,2539,144627,California
San Mateo,2021-02-24,7310,209420,3286,111716,4024,97704,0,0,4881,89795,2421,59714,4882,149509,California
San Mateo,2021-02-25,9115,218535,4030,115746,5085,102789,0,0,6036,92769,3063,62777,6037,155546,California
San Mateo,2021-02-26,9781,228316,3725,119471,6056,108845,0,0,6853,96712,2914,65691,6857,162403,California
San Mateo,2021-02-27,6793,235109,3498,122969,3294,112139,1,1,3685,97301,3102,68793,3691,166094,California
San Mateo,2021-02-28,4135,239244,2520,125489,1615,113754,0,1,2557,98287,1572,70365,2558,168652,California
San Mateo,2021-03-01,5747,244991,3624,129113,2121,115875,2,3,2865,98286,2868,73233,2867,171519,California
San Mateo,2021-03-02,6269,251260,4456,133569,1812,117687,1,4,3638,99303,2623,75856,3640,175159,California
San Mateo,2021-03-03,8471,259731,3991,137560,4478,122165,2,6,3665,98176,4794,80650,3667,178826,California
San Mateo,2021-03-04,8517,268248,4005,141565,4509,126674,3,9,3856,97396,4641,85291,3861,182687,California
San Mateo,2021-03-05,9361,277609,6243,147808,3114,129788,4,13,6582,101226,2759,88050,6589,189276,California
San Mateo,2021-03-06,7973,285582,5552,153360,2246,132034,175,188,5853,105142,2111,90161,6027,195303,California
San Mateo,2021-03-07,3607,289189,2449,155809,1089,133123,69,257,2133,105874,1470,91631,2202,197505,California
San Mateo,2021-03-08,4545,293734,2579,158388,1749,134872,217,474,3320,108191,1218,92849,3535,201040,California
San Mateo,2021-03-09,5341,299075,2868,161256,2196,137068,277,751,3746,110625,1585,94434,4019,205059,California
San Mateo,2021-03-10,7208,306283,2911,164167,4012,141080,285,1036,4816,113346,2379,96813,5100,210159,California
San Mateo,2021-03-11,9158,315441,5759,169926,3006,144086,393,1429,3737,112085,5390,102203,4129,214288,California
San Mateo,2021-03-12,10609,326050,6687,176613,3536,147622,386,1815,3593,109069,6998,109201,3982,218270,California
San Mateo,2021-03-13,8225,334275,3512,180125,3081,150703,1632,3447,3988,110457,4225,113426,5613,223883,California
San Mateo,2021-03-14,5004,339279,3375,183500,1522,152225,107,3554,2668,110903,2329,115755,2775,226658,California
San Mateo,2021-03-15,7216,346495,4664,188164,2376,154601,176,3730,3805,111480,3405,119160,3982,230640,California
San Mateo,2021-03-16,11960,358455,4404,192568,7434,162035,122,3852,4829,109320,7114,126274,4954,235594,California
San Mateo,2021-03-17,10869,369324,4430,196998,6312,168347,127,3979,4909,108427,5933,132207,5040,240634,California
San Mateo,2021-03-18,7309,376633,4109,201107,3017,171364,183,4162,4337,109981,2965,135172,4519,245153,California
San Mateo,2021-03-19,7475,384108,4840,205947,1968,173332,667,4829,3652,110487,3813,138985,4319,249472,California
San Mateo,2021-03-20,8419,392527,6533,212480,1545,174877,341,5170,5429,113280,2976,141961,5769,255241,California
San Mateo,2021-03-21,4250,396777,3219,215699,797,175674,234,5404,2379,114030,1860,143821,2610,257851,California
San Mateo,2021-03-22,5285,402062,3604,219303,1264,176938,417,5821,2839,114853,2433,146254,3256,261107,California
San Mateo,2021-03-23,9841,411903,4504,223807,5141,182079,196,6017,4422,114081,5389,151643,4617,265724,California
San Mateo,2021-03-24,9524,421427,5517,229324,3864,185943,143,6160,4093,112955,5360,157003,4234,269958,California
San Mateo,2021-03-25,10142,431569,4976,234300,4886,190829,280,6440,4455,112110,5583,162586,4738,274696,California
San Mateo,2021-03-26,11289,442858,7779,242079,3344,194173,166,6606,4350,109734,6900,169486,4524,279220,California
San Mateo,2021-03-27,10579,453437,8102,250181,2370,196543,107,6713,4673,108624,5887,175373,4777,283997,California
San Mateo,2021-03-28,4306,457743,2794,252975,1400,197943,112,6825,2017,108475,2279,177652,2130,286127,California
San Mateo,2021-03-29,6073,463816,3787,256762,2034,199977,252,7077,2761,108196,3293,180945,3014,289141,California
San Mateo,2021-03-30,7166,470982,4093,260855,2920,202897,153,7230,3845,108890,3305,184250,3999,293140,California
San Mateo,2021-03-31,7307,478289,4626,265481,2539,205436,142,7372,3857,109458,3432,187682,4000,297140,California
San Mateo,2021-04-01,10614,488903,5244,270725,4161,209597,1209,8581,5684,111464,4884,192566,6890,304030,California
San Mateo,2021-04-02,10899,499802,5224,275949,4060,213657,1615,10196,5710,113622,5168,197734,7326,311356,California
San Mateo,2021-04-03,10004,509806,5751,281700,2474,216131,1779,11975,5110,115625,4886,202620,6889,318245,California
San Mateo,2021-04-04,5453,515259,2627,284327,1572,217703,1254,13229,1704,114848,3734,206354,2957,321202,California
San Mateo,2021-04-05,8995,524254,4799,289126,2458,220161,1738,14967,3839,115282,5139,211493,5573,326775,California
San Mateo,2021-04-06,13229,537483,8252,297378,3116,223277,1861,16828,7517,118966,5699,217192,9383,336158,California
San Mateo,2021-04-07,11434,548917,5280,302658,4461,227738,1693,18521,4847,118938,6566,223758,6538,342696,California
San Mateo,2021-04-08,10173,559090,5067,307725,2506,230244,2600,21121,4507,120386,5649,229407,7097,349793,California
San Mateo,2021-04-09,11337,570427,5518,313243,3339,233583,2480,23601,5081,121700,6254,235661,7568,357361,California
San Mateo,2021-04-10,11254,581681,5707,318950,4105,237688,1442,25043,4651,121221,6576,242237,6097,363458,California
San Mateo,2021-04-11,6624,588305,3290,322240,873,238561,2461,27504,2299,121658,4317,246554,4754,368212,California
San Mateo,2021-04-12,7311,595616,4467,326707,1883,240444,961,28465,3528,122384,3762,250316,4488,372700,California
San Mateo,2021-04-13,8163,603779,5092,331799,3062,243506,9,28474,4318,122876,3837,254153,4329,377029,California
San Mateo,2021-04-14,8311,612090,5369,337168,2941,246447,1,28475,4252,123094,4042,258195,4260,381289,California
San Mateo,2021-04-15,11106,623196,7383,344551,3721,250168,2,28477,7260,126537,3820,262015,7263,388552,California
San Mateo,2021-04-16,9977,633173,6870,351421,3091,253259,16,28493,6322,129243,3637,265652,6343,394895,California
San Mateo,2021-04-17,9761,642934,6477,357898,3282,256541,2,28495,6161,131821,3590,269242,6168,401063,California
San Mateo,2021-04-18,5431,648365,2595,360493,2836,259377,0,28495,3661,133728,1760,271002,3667,404730,California
San Mateo,2021-04-19,8383,656748,5451,365944,2932,262309,0,28495,5449,136265,2921,273923,5458,410188,California
San Mateo,2021-04-20,10313,667061,5744,371688,4568,266877,1,28496,6638,139260,3654,277577,6649,416837,California
San Mateo,2021-04-21,9013,676074,6087,377775,2926,269803,0,28496,5566,141403,3429,281006,5572,422409,California
San Mateo,2021-04-22,9594,685668,6410,384185,3183,272986,1,28497,5326,142497,4237,285243,5331,427740,California
San Mateo,2021-04-23,9455,695123,6212,390397,3243,276229,0,28497,5300,143682,4130,289373,5315,433055,California
San Mateo,2021-04-24,11274,706397,8037,398434,3237,279466,0,28497,5813,144064,5439,294812,5821,438876,California
San Mateo,2021-04-25,5532,711929,3865,402299,1665,281131,2,28499,3931,146419,1587,296399,3942,442818,California
San Mateo,2021-04-26,6326,718255,4623,406922,1695,282826,8,28507,3646,147416,2669,299068,3666,446484,California
San Mateo,2021-04-27,11009,729264,7831,414753,3072,285898,106,28613,4435,145418,6544,305612,4546,451030,California
San Mateo,2021-04-28,7680,736944,4434,419187,3042,288940,204,28817,4022,146000,3648,309260,4230,455260,California
San Mateo,2021-04-29,7933,744877,3718,422905,4041,292981,174,28991,3513,145307,4392,313652,3699,458959,California
San Mateo,2021-04-30,8078,752955,5067,427972,2857,295838,154,29145,3412,144244,4643,318295,3580,462539,California
San Mateo,2021-05-01,6154,759109,4125,432097,1911,297749,118,29263,2662,143559,3476,321771,2791,465330,California
San Mateo,2021-05-02,3177,762286,1741,433838,1365,299114,71,29334,1147,142759,2022,323793,1222,466552,California
San Mateo,2021-05-03,5983,768269,4464,438302,1375,300489,144,29478,1846,140620,4129,327922,1990,468542,California
San Mateo,2021-05-04,7236,775505,4900,443202,2164,302653,172,29650,2469,138511,4762,332684,2653,471195,California
San Mateo,2021-05-05,6828,782333,4453,447655,2214,304867,161,29811,2377,136628,4423,337107,2540,473735,California
San Mateo,2021-05-06,8535,790868,6659,454314,1701,306568,175,29986,1741,131773,6775,343882,1920,475655,California
San Mateo,2021-05-07,8192,799060,5859,460173,2048,308616,285,30271,1833,127568,6334,350216,2129,477784,California
San Mateo,2021-05-08,6647,805707,4025,464198,2383,310999,239,30510,1833,124843,4802,355018,2077,479861,California
San Mateo,2021-05-09,3115,808822,2429,466627,612,311611,74,30584,1056,123922,2051,357069,1130,480991,California
San Mateo,2021-05-10,4616,813438,3317,469944,1129,312740,170,30754,767,121028,3839,360908,945,481936,California
San Mateo,2021-05-11,6493,819931,4863,474807,1517,314257,113,30867,1663,117990,4815,365723,1777,483713,California
San Mateo,2021-05-12,6400,826331,4612,479419,1598,315855,190,31057,1533,114858,4858,370581,1726,485439,California
San Mateo,2021-05-13,8929,835260,6682,486101,2161,318016,86,31143,3285,112626,5612,376193,3380,488819,California
San Mateo,2021-05-14,8336,843596,6149,492250,2076,320092,111,31254,2702,109825,5621,381814,2820,491639,California
San Mateo,2021-05-15,10393,853989,8102,500352,2190,322282,101,31355,4553,108675,5826,387640,4676,496315,California
San Mateo,2021-05-16,7157,861146,5098,505450,1990,324272,69,31424,2199,106004,4940,392580,2269,498584,California
San Mateo,2021-05-17,7038,868184,4978,510428,1951,326223,109,31533,2210,103513,4813,397393,2322,500906,California
San Mateo,2021-05-18,8453,876637,5824,516252,2531,328754,98,31631,3167,101621,5161,402554,3269,504175,California
San Mateo,2021-05-19,7836,884473,5850,522102,1865,330619,121,31752,3705,101365,4083,406637,3827,508002,California
San Mateo,2021-05-20,4785,889258,3079,525181,1614,332233,92,31844,2031,100752,2735,409372,2122,510124,California
San Mateo,2021-05-21,6139,895397,4363,529544,1678,333911,98,31942,1803,98331,4320,413692,1899,512023,California
San Mateo,2021-05-22,5377,900774,3762,533306,1577,335488,38,31980,2187,97382,3175,416867,2226,514249,California
San Mateo,2021-05-23,2402,903176,1406,534712,940,336428,56,32036,969,96981,1426,418293,1025,515274,California
San Mateo,2021-05-24,3408,906584,2232,536944,1031,337459,145,32181,1192,96122,2194,420487,1335,516609,California
San Mateo,2021-05-25,4689,911273,2972,539916,1559,339018,158,32339,1693,95001,2974,423461,1853,518462,California
San Mateo,2021-05-26,5531,916804,2947,542863,2478,341496,106,32445,1817,93229,3695,427156,1923,520385,California
San Mateo,2021-05-27,3749,920553,2205,545068,1456,342952,88,32533,1391,92369,2335,429491,1475,521860,California
San Mateo,2021-05-28,3446,923999,2183,547251,1178,344130,85,32618,1369,91778,2044,431535,1453,523313,California
San Mateo,2021-05-29,3016,927015,2107,549358,863,344993,46,32664,1249,91330,1742,433277,1294,524607,California
San Mateo,2021-05-30,1615,928630,1094,550452,459,345452,62,32726,652,91091,953,434230,714,525321,California
San Mateo,2021-05-31,264,928894,169,550621,89,345541,6,32732,71,90976,192,434422,77,525398,California
Santa Barbara,2020-12-15,2,2,2,2,0,0,0,0,2,2,0,0,2,2,California
Santa Barbara,2020-12-16,2,4,2,4,0,0,0,0,2,4,0,0,2,4,California
Santa Barbara,2020-12-17,56,60,56,60,0,0,0,0,56,60,0,0,56,60,California
Santa Barbara,2020-12-18,379,439,378,438,1,1,0,0,379,439,0,0,379,439,California
Santa Barbara,2020-12-19,325,764,325,763,0,1,0,0,325,764,0,0,325,764,California
Santa Barbara,2020-12-20,235,999,235,998,0,1,0,0,235,999,0,0,235,999,California
Santa Barbara,2020-12-21,653,1652,651,1649,2,3,0,0,653,1652,0,0,653,1652,California
Santa Barbara,2020-12-22,245,1897,243,1892,2,5,0,0,245,1897,0,0,245,1897,California
Santa Barbara,2020-12-23,322,2219,204,2096,118,123,0,0,322,2219,0,0,322,2219,California
Santa Barbara,2020-12-24,88,2307,40,2136,48,171,0,0,88,2307,0,0,88,2307,California
Santa Barbara,2020-12-26,326,2633,66,2202,260,431,0,0,326,2633,0,0,326,2633,California
Santa Barbara,2020-12-27,62,2695,1,2203,61,492,0,0,62,2695,0,0,62,2695,California
Santa Barbara,2020-12-28,356,3051,223,2426,133,625,0,0,356,3051,0,0,356,3051,California
Santa Barbara,2020-12-29,553,3604,358,2784,195,820,0,0,553,3604,0,0,553,3604,California
Santa Barbara,2020-12-30,578,4182,395,3179,183,1003,0,0,578,4182,0,0,578,4182,California
Santa Barbara,2020-12-31,240,4422,114,3293,126,1129,0,0,240,4422,0,0,240,4422,California
Santa Barbara,2021-01-01,116,4538,110,3403,6,1135,0,0,116,4538,0,0,116,4538,California
Santa Barbara,2021-01-02,588,5126,223,3626,365,1500,0,0,588,5126,0,0,588,5126,California
Santa Barbara,2021-01-03,23,5149,15,3641,8,1508,0,0,23,5149,0,0,23,5149,California
Santa Barbara,2021-01-04,305,5454,242,3883,63,1571,0,0,304,5453,0,0,304,5453,California
Santa Barbara,2021-01-05,751,6205,378,4261,373,1944,0,0,724,6150,27,27,724,6177,California
Santa Barbara,2021-01-06,656,6861,276,4537,380,2324,0,0,595,6685,60,87,595,6772,California
Santa Barbara,2021-01-07,1034,7895,710,5247,324,2648,0,0,529,6713,501,588,529,7301,California
Santa Barbara,2021-01-08,1205,9100,845,6092,360,3008,0,0,711,6930,494,1082,711,8012,California
Santa Barbara,2021-01-09,566,9666,293,6385,273,3281,0,0,320,7004,246,1328,320,8332,California
Santa Barbara,2021-01-10,62,9728,50,6435,12,3293,0,0,46,7034,16,1344,46,8378,California
Santa Barbara,2021-01-11,839,10567,670,7105,169,3462,0,0,615,7426,223,1567,615,8993,California
Santa Barbara,2021-01-12,1434,12001,640,7745,794,4256,0,0,1278,8548,156,1723,1278,10271,California
Santa Barbara,2021-01-13,1220,13221,271,8016,949,5205,0,0,1093,9514,127,1850,1093,11364,California
Santa Barbara,2021-01-14,1253,14474,135,8151,1118,6323,0,0,1198,10659,54,1904,1199,12563,California
Santa Barbara,2021-01-15,1801,16275,419,8570,1382,7705,0,0,1720,12299,80,1984,1720,14283,California
Santa Barbara,2021-01-16,1270,17545,200,8770,1070,8775,0,0,1231,13492,38,2022,1231,15514,California
Santa Barbara,2021-01-17,123,17668,20,8790,103,8878,0,0,120,13609,3,2025,120,15634,California
Santa Barbara,2021-01-18,1152,18820,418,9208,734,9612,0,0,967,14391,185,2210,967,16601,California
Santa Barbara,2021-01-19,1639,20459,570,9778,1069,10681,0,0,1361,15475,277,2487,1361,17962,California
Santa Barbara,2021-01-20,2096,22555,545,10323,1551,12232,0,0,1741,16862,354,2841,1741,19703,California
Santa Barbara,2021-01-21,3182,25737,1910,12233,1272,13504,0,0,3023,19727,159,3000,3024,22727,California
Santa Barbara,2021-01-22,2926,28663,1772,14005,1154,14658,0,0,2762,22329,161,3161,2763,25490,California
Santa Barbara,2021-01-23,1734,30397,1106,15111,628,15286,0,0,1225,23046,508,3669,1225,26715,California
Santa Barbara,2021-01-24,843,31240,751,15862,92,15378,0,0,834,23871,9,3678,834,27549,California
Santa Barbara,2021-01-25,1243,32483,498,16360,745,16123,0,0,1006,24640,237,3915,1006,28555,California
Santa Barbara,2021-01-26,2045,34528,463,16823,1582,17705,0,0,1661,25919,382,4297,1661,30216,California
Santa Barbara,2021-01-27,1165,35693,400,17223,765,18470,0,0,903,26563,261,4558,905,31121,California
Santa Barbara,2021-01-28,892,36585,295,17518,597,19067,0,0,678,27030,211,4769,678,31799,California
Santa Barbara,2021-01-29,1333,37918,536,18054,797,19864,0,0,979,27660,351,5120,981,32780,California
Santa Barbara,2021-01-30,1893,39811,1420,19474,473,20337,0,0,1488,28746,402,5522,1488,34268,California
Santa Barbara,2021-01-31,1453,41264,1215,20689,238,20575,0,0,1414,30121,39,5561,1414,35682,California
Santa Barbara,2021-02-01,954,42218,529,21218,425,21000,0,0,556,30279,398,5959,556,36238,California
Santa Barbara,2021-02-02,1808,44026,679,21897,1129,22129,0,0,1044,30562,761,6720,1044,37282,California
Santa Barbara,2021-02-03,1940,45966,1077,22974,863,22992,0,0,1500,31632,430,7150,1500,38782,California
Santa Barbara,2021-02-04,2780,48746,1865,24839,915,23907,0,0,2482,33822,292,7442,2482,41264,California
Santa Barbara,2021-02-05,2900,51646,2057,26896,843,24750,0,0,2259,35442,639,8081,2259,43523,California
Santa Barbara,2021-02-06,1204,52850,339,27235,865,25615,0,0,794,35826,410,8491,794,44317,California
Santa Barbara,2021-02-07,302,53152,263,27498,39,25654,0,0,267,36059,34,8525,267,44584,California
Santa Barbara,2021-02-08,955,54107,311,27809,644,26298,0,0,665,36434,290,8815,665,45249,California
Santa Barbara,2021-02-09,2438,56545,313,28122,2125,28423,0,0,1119,36243,1310,10125,1119,46368,California
Santa Barbara,2021-02-10,2763,59308,1496,29618,1267,29690,0,0,780,35047,1976,12101,780,47148,California
Santa Barbara,2021-02-11,4187,63495,2808,32426,1379,31069,0,0,623,32116,3554,15655,623,47771,California
Santa Barbara,2021-02-12,3308,66803,948,33374,2360,33429,0,0,774,30362,2528,18183,774,48545,California
Santa Barbara,2021-02-13,1234,68037,341,33715,893,34322,0,0,561,30252,671,18854,561,49106,California
Santa Barbara,2021-02-14,332,68369,35,33750,297,34619,0,0,287,30494,45,18899,287,49393,California
Santa Barbara,2021-02-15,968,69337,337,34087,631,35250,0,0,494,30517,471,19370,494,49887,California
Santa Barbara,2021-02-16,2108,71445,395,34482,1713,36963,0,0,719,29851,1385,20755,719,50606,California
Santa Barbara,2021-02-17,1436,72881,321,34803,1115,38078,0,0,523,29465,909,21664,523,51129,California
Santa Barbara,2021-02-18,3257,76138,2649,37452,608,38686,0,0,1519,29282,1702,23366,1519,52648,California
Santa Barbara,2021-02-19,3596,79734,2641,40093,955,39641,0,0,2329,30347,1264,24630,2329,54977,California
Santa Barbara,2021-02-20,2225,81959,1439,41532,786,40427,0,0,1669,31470,546,25176,1669,56646,California
Santa Barbara,2021-02-21,135,82094,106,41638,29,40456,0,0,60,31457,73,25249,60,56706,California
Santa Barbara,2021-02-22,940,83034,248,41886,692,41148,0,0,271,31063,666,25915,272,56978,California
Santa Barbara,2021-02-23,3189,86223,1046,42932,2143,43291,0,0,422,28722,2763,28678,422,57400,California
Santa Barbara,2021-02-24,3207,89430,1093,44025,2114,45405,0,0,722,26969,2475,31153,722,58122,California
Santa Barbara,2021-02-25,3455,92885,1921,45946,1534,46939,0,0,990,25503,2457,33610,991,59113,California
Santa Barbara,2021-02-26,3668,96553,2177,48123,1491,48430,0,0,1979,25801,1681,35291,1979,61092,California
Santa Barbara,2021-02-27,1532,98085,562,48685,970,49400,0,0,852,25979,676,35967,854,61946,California
Santa Barbara,2021-02-28,1085,99170,220,48905,865,50265,0,0,893,26686,187,36154,894,62840,California
Santa Barbara,2021-03-01,1644,100814,470,49375,1173,51438,1,1,1088,27236,540,36694,1090,63930,California
Santa Barbara,2021-03-02,2650,103464,424,49799,2226,53664,0,1,2149,28898,488,37182,2150,66080,California
Santa Barbara,2021-03-03,4630,108094,2101,51900,2527,56191,2,3,4034,32353,585,37767,4040,70120,California
Santa Barbara,2021-03-04,3421,111515,2283,54183,1138,57329,0,3,2865,34670,548,38315,2865,72985,California
Santa Barbara,2021-03-05,3819,115334,2164,56347,1596,58925,59,62,3095,37105,719,39034,3154,76139,California
Santa Barbara,2021-03-06,2432,117766,726,57073,1487,60412,219,281,1670,38234,758,39792,1887,78026,California
Santa Barbara,2021-03-07,564,118330,123,57196,310,60722,131,412,384,38571,179,39971,516,78542,California
Santa Barbara,2021-03-08,1580,119910,381,57577,856,61578,343,755,797,38934,777,40748,1140,79682,California
Santa Barbara,2021-03-09,2797,122707,344,57921,1679,63257,774,1529,738,38386,2056,42804,1508,81190,California
Santa Barbara,2021-03-10,2762,125469,553,58474,1162,64419,1047,2576,1042,38757,1715,44519,2086,83276,California
Santa Barbara,2021-03-11,5580,131049,3028,61502,1437,65856,1115,3691,2282,38863,3284,47803,3390,86666,California
Santa Barbara,2021-03-12,3679,134728,2098,63600,1151,67007,430,4121,2182,39983,1489,49292,2609,89275,California
Santa Barbara,2021-03-13,3494,138222,1935,65535,1351,68358,208,4329,2700,42100,792,50084,2909,92184,California
Santa Barbara,2021-03-14,794,139016,379,65914,358,68716,57,4386,472,42308,321,50405,529,92713,California
Santa Barbara,2021-03-15,2115,141131,697,66611,1127,69843,291,4677,1270,43029,838,51243,1559,94272,California
Santa Barbara,2021-03-16,3724,144855,1173,67784,2209,72052,342,5019,2735,45121,985,52228,3077,97349,California
Santa Barbara,2021-03-17,3309,148164,971,68755,1933,73985,405,5424,2318,46851,989,53217,2719,100068,California
Santa Barbara,2021-03-18,5230,153394,2800,71555,2228,76213,202,5626,4005,49849,1209,54426,4207,104275,California
Santa Barbara,2021-03-19,4448,157842,2769,74324,1346,77559,333,5959,3057,51851,1387,55813,3389,107664,California
Santa Barbara,2021-03-20,2179,160021,836,75160,1329,78888,14,5973,1334,52356,842,56655,1347,109011,California
Santa Barbara,2021-03-21,1165,161186,383,75543,752,79640,30,6003,838,52899,325,56980,868,109879,California
Santa Barbara,2021-03-22,2779,163965,1912,77455,823,80463,44,6047,2223,54618,548,57528,2267,112146,California
Santa Barbara,2021-03-23,4482,168447,2254,79709,2127,82590,101,6148,3708,57661,765,58293,3808,115954,California
Santa Barbara,2021-03-24,5420,173867,3157,82866,1514,84104,749,6897,2973,58956,2423,60716,3718,119672,California
Santa Barbara,2021-03-25,5564,179431,3276,86142,2098,86202,190,7087,2788,59174,2760,63476,2978,122650,California
Santa Barbara,2021-03-26,5093,184524,3227,89369,1568,87770,298,7385,2244,58883,2833,66309,2542,125192,California
Santa Barbara,2021-03-27,2957,187481,1225,90594,1689,89459,43,7428,1621,59213,1332,67641,1662,126854,California
Santa Barbara,2021-03-28,2779,190260,1657,92251,1094,90553,28,7456,1893,60254,881,68522,1922,128776,California
Santa Barbara,2021-03-29,4044,194304,2087,94338,1886,92439,71,7527,3228,62741,812,69334,3299,132075,California
Santa Barbara,2021-03-30,6802,201106,3513,97851,3138,95577,151,7678,4541,65184,2246,71580,4689,136764,California
Santa Barbara,2021-03-31,8679,209785,5525,103376,3087,98664,67,7745,5059,66711,3599,75179,5126,141890,California
Santa Barbara,2021-04-01,7043,216828,5208,108584,1574,100238,261,8006,4177,68299,2848,78027,4436,146326,California
Santa Barbara,2021-04-02,6649,223477,4560,113144,1494,101732,595,8601,3423,69101,3218,81245,4020,150346,California
Santa Barbara,2021-04-03,3811,227288,2114,115258,1629,103361,68,8669,2518,70397,1289,82534,2585,152931,California
Santa Barbara,2021-04-04,900,228188,444,115702,416,103777,40,8709,501,70541,397,82931,541,153472,California
Santa Barbara,2021-04-05,3466,231654,2290,117992,917,104694,259,8968,2168,71678,1291,84222,2428,155900,California
Santa Barbara,2021-04-06,5484,237138,2831,120823,2115,106809,538,9506,3357,73462,2111,86333,3895,159795,California
Santa Barbara,2021-04-07,5998,243136,3284,124107,2172,108981,542,10048,4078,76184,1910,88243,4632,164427,California
Santa Barbara,2021-04-08,7405,250541,5032,129139,645,109626,1728,11776,3414,77337,3987,92230,5140,169567,California
Santa Barbara,2021-04-09,7296,257837,4852,133991,1093,110719,1351,13127,3286,77974,4001,96231,4638,174205,California
Santa Barbara,2021-04-10,6707,264544,4645,138636,1441,112160,621,13748,4560,81025,2140,98371,5191,179396,California
Santa Barbara,2021-04-11,2639,267183,1931,140567,409,112569,299,14047,1819,82324,814,99185,2113,181509,California
Santa Barbara,2021-04-12,4427,271610,2848,143415,1025,113594,554,14601,1924,82304,2496,101681,2476,183985,California
Santa Barbara,2021-04-13,6310,277920,4151,147566,2153,115747,6,14607,2624,81252,3681,105362,2629,186614,California
Santa Barbara,2021-04-14,6723,284643,4396,151962,2325,118072,2,14609,4201,82944,2511,107873,4203,190817,California
Santa Barbara,2021-04-15,6939,291582,4077,156039,2861,120933,1,14610,3751,83519,3178,111051,3753,194570,California
Santa Barbara,2021-04-16,6371,297953,3742,159781,2618,123551,11,14621,4380,85933,1976,113027,4390,198960,California
Santa Barbara,2021-04-17,5315,303268,3855,163636,1460,125011,0,14621,4096,88822,1207,114234,4096,203056,California
Santa Barbara,2021-04-18,2133,305401,1480,165116,653,125664,0,14621,373,87440,1756,115990,374,203430,California
Santa Barbara,2021-04-19,3236,308637,2225,167341,1005,126669,6,14627,1031,86278,2200,118190,1038,204468,California
Santa Barbara,2021-04-20,5866,314503,3946,171287,1919,128588,1,14628,1652,83729,4202,122392,1653,206121,California
Santa Barbara,2021-04-21,5469,319972,3629,174916,1840,130428,0,14628,1734,81739,3724,126116,1734,207855,California
Santa Barbara,2021-04-22,5091,325063,2560,177476,2530,132958,1,14629,1453,79573,3622,129738,1456,209311,California
Santa Barbara,2021-04-23,5582,330645,3873,181349,1709,134667,0,14629,1963,77930,3606,133344,1963,211274,California
Santa Barbara,2021-04-24,4424,335069,2877,184226,1542,136209,5,14634,1637,76804,2768,136112,1642,212916,California
Santa Barbara,2021-04-25,1831,336900,1184,185410,647,136856,0,14634,499,75979,1324,137436,499,213415,California
Santa Barbara,2021-04-26,2931,339831,1805,187215,1105,137961,21,14655,463,74001,2462,139898,484,213899,California
Santa Barbara,2021-04-27,3678,343509,2027,189242,1564,139525,87,14742,1103,72625,2565,142463,1189,215088,California
Santa Barbara,2021-04-28,4904,348413,2861,192103,1926,141451,117,14859,1402,70658,3489,145952,1522,216610,California
Santa Barbara,2021-04-29,5246,353659,3797,195900,1222,142673,227,15086,1445,68543,3785,149737,1670,218280,California
Santa Barbara,2021-04-30,4948,358607,3696,199596,1088,143761,164,15250,1424,66620,3510,153247,1587,219867,California
Santa Barbara,2021-05-01,5234,363841,4055,203651,1146,144907,33,15283,901,63231,4325,157572,936,220803,California
Santa Barbara,2021-05-02,1130,364971,665,204316,337,145244,128,15411,308,62845,822,158394,436,221239,California
Santa Barbara,2021-05-03,2206,367177,1481,205797,586,145830,139,15550,444,61670,1756,160150,581,221820,California
Santa Barbara,2021-05-04,3280,370457,1661,207458,1548,147378,71,15621,1140,60753,2127,162277,1210,223030,California
Santa Barbara,2021-05-05,5420,375877,3669,211127,1605,148983,146,15767,629,56750,4779,167056,776,223806,California
Santa Barbara,2021-05-06,5044,380921,3907,215034,1033,150016,104,15871,962,53750,4066,171122,1066,224872,California
Santa Barbara,2021-05-07,4660,385581,3650,218684,832,150848,178,16049,1001,51278,3649,174771,1177,226049,California
Santa Barbara,2021-05-08,4212,389793,3151,221835,963,151811,98,16147,873,48923,3326,178097,971,227020,California
Santa Barbara,2021-05-09,700,390493,109,221944,551,152362,40,16187,467,49199,232,178329,508,227528,California
Santa Barbara,2021-05-10,1322,391815,621,222565,617,152979,84,16271,367,48696,953,179282,450,227978,California
Santa Barbara,2021-05-11,1829,393644,769,223334,769,153748,291,16562,412,47987,1410,180692,701,228679,California
Santa Barbara,2021-05-12,1545,395189,686,224020,657,154405,202,16764,442,47536,1095,181787,644,229323,California
Santa Barbara,2021-05-13,3568,398757,2711,226731,664,155069,193,16957,1175,46521,2382,184169,1367,230690,California
Santa Barbara,2021-05-14,4148,402905,2532,229263,1522,156591,94,17051,1638,45755,2496,186665,1730,232420,California
Santa Barbara,2021-05-15,3510,406415,2568,231831,923,157514,19,17070,1843,45962,1656,188321,1863,234283,California
Santa Barbara,2021-05-16,1063,407478,465,232296,483,157997,115,17185,468,45954,591,188912,583,234866,California
Santa Barbara,2021-05-17,1637,409115,933,233229,642,158639,62,17247,913,46214,717,189629,977,235843,California
Santa Barbara,2021-05-18,1841,410956,1158,234387,589,159228,94,17341,1016,46516,809,190438,1111,236954,California
Santa Barbara,2021-05-19,1758,412714,972,235359,745,159973,41,17382,821,46448,929,191367,861,237815,California
Santa Barbara,2021-05-20,1266,413980,650,236009,499,160472,117,17499,667,46644,587,191954,783,238598,California
Santa Barbara,2021-05-21,2969,416949,2001,238010,915,161387,53,17552,1095,45933,1860,193814,1149,239747,California
Santa Barbara,2021-05-22,2176,419125,1534,239544,597,161984,45,17597,1289,46385,883,194697,1335,241082,California
Santa Barbara,2021-05-23,565,419690,214,239758,324,162308,27,17624,324,46495,241,194938,351,241433,California
Santa Barbara,2021-05-24,1007,420697,593,240351,356,162664,58,17682,513,46579,488,195426,572,242005,California
Santa Barbara,2021-05-25,1400,422097,579,240930,752,163416,69,17751,473,46197,921,196347,539,242544,California
Santa Barbara,2021-05-26,2960,425057,1682,242612,1167,164583,111,17862,822,45006,2123,198470,932,243476,California
Santa Barbara,2021-05-27,1910,426967,1191,243803,601,165184,118,17980,820,44861,1084,199554,939,244415,California
Santa Barbara,2021-05-28,1455,428422,699,244502,604,165788,152,18132,616,44794,834,200388,767,245182,California
Santa Barbara,2021-05-29,869,429291,293,244795,537,166325,39,18171,341,44649,525,200913,380,245562,California
Santa Barbara,2021-05-30,498,429789,184,244979,215,166540,99,18270,185,44621,311,201224,283,245845,California
Santa Barbara,2021-05-31,33,429822,1,244980,29,166569,3,18273,14,44619,19,201243,17,245862,California
Santa Clara,2020-12-15,66,66,66,66,0,0,0,0,66,66,0,0,66,66,California
Santa Clara,2020-12-16,142,208,142,208,0,0,0,0,142,208,0,0,142,208,California
Santa Clara,2020-12-17,400,608,400,608,0,0,0,0,400,608,0,0,400,608,California
Santa Clara,2020-12-18,1681,2289,1681,2289,0,0,0,0,1681,2289,0,0,1681,2289,California
Santa Clara,2020-12-19,2081,4370,2081,4370,0,0,0,0,2080,4369,0,0,2080,4369,California
Santa Clara,2020-12-20,1910,6280,1909,6279,1,1,0,0,1907,6276,0,0,1907,6276,California
Santa Clara,2020-12-21,2718,8998,2718,8997,0,1,0,0,2717,8993,0,0,2717,8993,California
Santa Clara,2020-12-22,3188,12186,3181,12178,7,8,0,0,3185,12178,0,0,3185,12178,California
Santa Clara,2020-12-23,3337,15523,3148,15326,189,197,0,0,3336,15514,0,0,3336,15514,California
Santa Clara,2020-12-24,1933,17456,1746,17072,187,384,0,0,1928,17441,1,1,1928,17442,California
Santa Clara,2020-12-25,348,17804,347,17419,1,385,0,0,348,17789,0,1,348,17790,California
Santa Clara,2020-12-26,1269,19073,1036,18455,233,618,0,0,1268,19057,0,1,1268,19058,California
Santa Clara,2020-12-27,650,19723,508,18963,142,760,0,0,650,19707,0,1,650,19708,California
Santa Clara,2020-12-28,2336,22059,1729,20692,607,1367,0,0,2336,22043,0,1,2336,22044,California
Santa Clara,2020-12-29,2351,24410,1491,22183,860,2227,0,0,2350,24393,0,1,2350,24394,California
Santa Clara,2020-12-30,2985,27395,1890,24073,1095,3322,0,0,2983,27374,2,3,2983,27377,California
Santa Clara,2020-12-31,1217,28612,392,24465,825,4147,0,0,1216,28589,1,4,1216,28593,California
Santa Clara,2021-01-01,145,28757,12,24477,133,4280,0,0,144,28732,1,5,144,28737,California
Santa Clara,2021-01-02,1085,29842,815,25292,270,4550,0,0,1085,29817,0,5,1085,29822,California
Santa Clara,2021-01-03,584,30426,367,25659,217,4767,0,0,579,30393,3,8,579,30401,California
Santa Clara,2021-01-04,2471,32897,1670,27329,801,5568,0,0,2468,32861,0,8,2468,32869,California
Santa Clara,2021-01-05,3069,35966,2011,29340,1058,6626,0,0,2882,35563,186,194,2888,35757,California
Santa Clara,2021-01-06,3336,39302,1968,31308,1368,7994,0,0,2759,37751,573,767,2761,38518,California
Santa Clara,2021-01-07,4222,43524,2562,33870,1660,9654,0,0,3150,39845,1062,1829,3156,41674,California
Santa Clara,2021-01-08,5854,49378,3824,37694,2030,11684,0,0,3794,41583,2056,3885,3794,45468,California
Santa Clara,2021-01-09,2980,52358,1869,39563,1111,12795,0,0,1690,41986,1290,5175,1693,47161,California
Santa Clara,2021-01-10,1958,54316,1514,41077,444,13239,0,0,748,41525,1209,6384,748,47909,California
Santa Clara,2021-01-11,5960,60276,3754,44831,2206,15445,0,0,3385,42341,2574,8958,3390,51299,California
Santa Clara,2021-01-12,6812,67088,3411,48242,3401,18846,0,0,4566,44663,2245,11203,4567,55866,California
Santa Clara,2021-01-13,7381,74469,3058,51300,4323,23169,0,0,5207,47699,2172,13375,5208,61074,California
Santa Clara,2021-01-14,8233,82702,2799,54099,5434,28603,0,0,6492,52457,1736,15111,6494,67568,California
Santa Clara,2021-01-15,9458,92160,2681,56780,6777,35380,0,0,8137,59282,1317,16428,8142,75710,California
Santa Clara,2021-01-16,4295,96455,1230,58010,3065,38445,0,0,3459,61909,832,17260,3459,79169,California
Santa Clara,2021-01-17,3213,99668,603,58613,2610,41055,0,0,2716,64128,497,17757,2716,81885,California
Santa Clara,2021-01-18,5096,104764,1157,59770,3939,44994,0,0,4541,68115,555,18312,4542,86427,California
Santa Clara,2021-01-19,8504,113268,2688,62458,5816,50810,0,0,6817,73251,1684,19996,6820,93247,California
Santa Clara,2021-01-20,8087,121355,4112,66570,3975,54785,0,0,6540,78249,1542,21538,6540,99787,California
Santa Clara,2021-01-21,8699,130054,3776,70346,4923,59708,0,0,7495,84544,1202,22740,7497,107284,California
Santa Clara,2021-01-22,8637,138691,3251,73597,5386,65094,0,0,8069,92049,567,23307,8072,115356,California
Santa Clara,2021-01-23,3781,142472,1686,75283,2095,67189,0,0,2822,93913,959,24266,2823,118179,California
Santa Clara,2021-01-24,2830,145302,1423,76706,1407,68596,0,0,2345,95776,482,24748,2345,120524,California
Santa Clara,2021-01-25,8399,153701,3800,80506,4599,73195,0,0,6326,100039,2065,26813,6328,126852,California
Santa Clara,2021-01-26,8253,161954,3779,84285,4474,77669,0,0,6136,104070,2107,28920,6138,132990,California
Santa Clara,2021-01-27,8719,170673,3831,88116,4888,82557,0,0,6799,108968,1902,30822,6800,139790,California
Santa Clara,2021-01-28,9498,180171,3817,91933,5681,88238,0,0,7536,114567,1941,32763,7540,147330,California
Santa Clara,2021-01-29,9521,189692,3949,95882,5572,93810,0,0,7347,119750,2165,34928,7348,154678,California
Santa Clara,2021-01-30,4157,193849,2071,97953,2086,95896,0,0,2949,121499,1201,36129,2950,157628,California
Santa Clara,2021-01-31,2176,196025,1306,99259,870,96766,0,0,1582,122491,590,36719,1582,159210,California
Santa Clara,2021-02-01,7857,203882,3513,102772,4344,101110,0,0,6150,126944,1699,38418,6152,165362,California
Santa Clara,2021-02-02,8548,212430,2879,105651,5669,106779,0,0,6549,131504,1992,40410,6552,171914,California
Santa Clara,2021-02-03,9210,221640,3490,109141,5720,112499,0,0,6923,136153,2280,42690,6929,178843,California
Santa Clara,2021-02-04,10950,232590,4143,113284,6807,119306,0,0,8659,142534,2281,44971,8662,187505,California
Santa Clara,2021-02-05,11942,244532,4352,117636,7590,126896,0,0,8483,147573,3445,48416,8484,195989,California
Santa Clara,2021-02-06,5206,249738,2826,120462,2380,129276,0,0,4035,150443,1167,49583,4037,200026,California
Santa Clara,2021-02-07,3481,253219,2349,122811,1132,130408,0,0,3027,153018,453,50036,3028,203054,California
Santa Clara,2021-02-08,10020,263239,3483,126294,6537,136945,0,0,7306,157624,2701,52737,7307,210361,California
Santa Clara,2021-02-09,11166,274405,3819,130113,7347,144292,0,0,7669,161811,3486,56223,7673,218034,California
Santa Clara,2021-02-10,12644,287049,4911,135024,7733,152025,0,0,6835,162849,5799,62022,6837,224871,California
Santa Clara,2021-02-11,13545,300594,4732,139756,8813,160838,0,0,7693,164706,5837,67859,7694,232565,California
Santa Clara,2021-02-12,14566,315160,4502,144258,10064,170902,0,0,6993,164148,7553,75412,6995,239560,California
Santa Clara,2021-02-13,6079,321239,1459,145717,4620,175522,0,0,2222,162522,3850,79262,2224,241784,California
Santa Clara,2021-02-14,4607,325846,1140,146857,3467,178989,0,0,1467,160853,3138,82400,1469,243253,California
Santa Clara,2021-02-15,6256,332102,2788,149645,3468,182457,0,0,2701,160006,3548,85948,2701,245954,California
Santa Clara,2021-02-16,13795,345897,4013,153658,9782,192239,0,0,6940,160108,6838,92786,6940,252894,California
Santa Clara,2021-02-17,14091,359988,5507,159165,8584,200823,0,0,7055,160150,7018,99804,7060,259954,California
Santa Clara,2021-02-18,14232,374220,8388,167553,5844,206667,0,0,7245,160451,6947,106751,7248,267202,California
Santa Clara,2021-02-19,14836,389056,9528,177081,5308,211975,0,0,8633,162901,6188,112939,8638,275840,California
Santa Clara,2021-02-20,6826,395882,5107,182188,1719,213694,0,0,3677,163439,3139,116078,3677,279517,California
Santa Clara,2021-02-21,3306,399188,2480,184668,826,214520,0,0,1216,162575,2082,118160,1218,280735,California
Santa Clara,2021-02-22,10179,409367,6096,190764,4083,218603,0,0,4728,161863,5441,123601,4729,285464,California
Santa Clara,2021-02-23,11922,421289,7738,198502,4184,222787,0,0,6769,163496,5140,128741,6773,292237,California
Santa Clara,2021-02-24,14173,435462,9129,207631,5044,227831,0,0,8769,166877,5388,134129,8769,301006,California
Santa Clara,2021-02-25,14649,450111,9274,216905,5375,233206,0,0,7904,168062,6723,140852,7908,308914,California
Santa Clara,2021-02-26,14592,464703,8453,225358,6139,239345,0,0,8019,169533,6551,147403,8022,316936,California
Santa Clara,2021-02-27,8061,472764,5522,230880,2538,241883,1,1,4479,170449,3571,150974,4487,321423,California
Santa Clara,2021-02-28,4736,477500,3081,233961,1655,243538,0,1,2210,170142,2517,153491,2210,323633,California
Santa Clara,2021-03-01,14109,491609,8009,241970,6097,249635,3,4,8738,173532,5351,158842,8741,332374,California
Santa Clara,2021-03-02,16045,507654,9528,251498,6516,256151,1,5,10262,178039,5757,164599,10264,342638,California
Santa Clara,2021-03-03,18480,526134,9082,260580,9395,265546,3,8,11476,182557,6966,171565,11484,354122,California
Santa Clara,2021-03-04,16495,542629,8984,269564,7508,273054,3,11,9601,185349,6814,178379,9606,363728,California
Santa Clara,2021-03-05,16600,559229,9231,278795,7243,280297,126,137,9215,187332,7363,185742,9346,373074,California
Santa Clara,2021-03-06,9439,568668,6322,285117,2679,282976,438,575,7100,192543,2326,188068,7537,380611,California
Santa Clara,2021-03-07,6812,575480,4471,289588,2108,285084,233,808,5434,196838,1370,189438,5665,386276,California
Santa Clara,2021-03-08,12907,588387,6735,296323,5609,290693,563,1371,8295,201102,4594,194032,8858,395134,California
Santa Clara,2021-03-09,15235,603622,6513,302836,7388,298081,1334,2705,6864,200942,8352,202384,8192,403326,California
Santa Clara,2021-03-10,15129,618751,6587,309423,6428,304509,2114,4819,6214,200359,8888,211272,8305,411631,California
Santa Clara,2021-03-11,17077,635828,7769,317192,7799,312308,1509,6328,6057,196918,10992,222264,7551,419182,California
Santa Clara,2021-03-12,17708,653536,9111,326303,7023,319331,1574,7902,5989,192783,11680,233944,7545,426727,California
Santa Clara,2021-03-13,10770,664306,6243,332546,3032,322363,1495,9397,4843,193194,5904,239848,6315,433042,California
Santa Clara,2021-03-14,6513,670819,3373,335919,1834,324197,1306,10703,3177,194346,3319,243167,4471,437513,California
Santa Clara,2021-03-15,12778,683597,6532,342451,5975,330172,271,10974,5992,193846,6763,249930,6263,443776,California
Santa Clara,2021-03-16,18192,701789,10295,352746,7688,337860,209,11183,8813,193515,9350,259280,9019,452795,California
Santa Clara,2021-03-17,19905,721694,11275,364021,8461,346321,169,11352,10288,194400,9566,268846,10451,463246,California
Santa Clara,2021-03-18,19075,740769,8936,372957,8975,355296,1164,12516,9092,194720,9928,278774,10248,473494,California
Santa Clara,2021-03-19,19275,760044,9928,382885,8344,363640,1003,13519,10005,196508,9210,287984,10998,484492,California
Santa Clara,2021-03-20,11511,771555,6346,389231,4338,367978,827,14346,6767,199385,4714,292698,7591,492083,California
Santa Clara,2021-03-21,8304,779859,3770,393001,3135,371113,1399,15745,5570,203618,2722,295420,6955,499038,California
Santa Clara,2021-03-22,16316,796175,9113,402114,6854,377967,349,16094,9303,206284,6985,302405,9651,508689,California
Santa Clara,2021-03-23,19235,815410,12232,414346,6482,384449,521,16615,11175,209968,8013,310418,11697,520386,California
Santa Clara,2021-03-24,22595,838005,14561,428907,7621,392070,413,17028,14657,217143,7897,318315,15072,535458,California
Santa Clara,2021-03-25,22935,860940,13150,442057,8805,400875,980,18008,14784,224804,8089,326404,15750,551208,California
Santa Clara,2021-03-26,21930,882870,13975,456032,7569,408444,386,18394,13513,230317,8380,334784,13893,565101,California
Santa Clara,2021-03-27,15699,898569,10453,466485,4478,412922,768,19162,8413,232252,7244,342028,9179,574280,California
Santa Clara,2021-03-28,12053,910622,8354,474839,2986,415908,713,19875,6472,233877,5556,347584,7181,581461,California
Santa Clara,2021-03-29,20581,931203,12624,487463,7230,423138,727,20602,11162,236380,9378,356962,11881,593342,California
Santa Clara,2021-03-30,25624,956827,15254,502717,8427,431565,1943,22545,16148,245025,9440,366402,18085,611427,California
Santa Clara,2021-03-31,20492,977319,11904,514621,7458,439023,1130,23675,12605,250902,7847,374249,13724,625151,California
Santa Clara,2021-04-01,31821,1009140,19851,534472,8911,447934,3059,26734,20121,262427,11634,385883,23159,648310,California
Santa Clara,2021-04-02,25186,1034326,14344,548816,8674,456608,2168,28902,16452,272342,8694,394577,18609,666919,California
Santa Clara,2021-04-03,15285,1049611,9263,558079,3505,460113,2517,31419,8485,276551,6780,401357,10989,677908,California
Santa Clara,2021-04-04,7644,1057255,4040,562119,2436,462549,1168,32587,3968,278017,3664,405021,5130,683038,California
Santa Clara,2021-04-05,21875,1079130,14573,576692,4826,467375,2476,35063,14284,287202,7565,412586,16750,699788,California
Santa Clara,2021-04-06,29550,1108680,16284,592976,7816,475191,5450,40513,17745,298621,11761,424347,23180,722968,California
Santa Clara,2021-04-07,30865,1139545,15935,608911,8438,483629,6492,47005,18840,311962,11972,436319,25313,748281,California
Santa Clara,2021-04-08,29893,1169438,16337,625248,5974,489603,7582,54587,16292,322272,13533,449852,23843,772124,California
Santa Clara,2021-04-09,27996,1197434,13865,639113,6881,496484,7250,61837,14305,330164,13635,463487,21527,793651,California
Santa Clara,2021-04-10,21378,1218812,12343,651456,3751,500235,5284,67121,11411,336878,9935,473422,16649,810300,California
Santa Clara,2021-04-11,15957,1234769,9567,661023,2645,502880,3745,70866,8276,341226,7651,481073,11999,822299,California
Santa Clara,2021-04-12,26787,1261556,18852,679875,5512,508392,2423,73289,18265,353429,8471,489544,20674,842973,California
Santa Clara,2021-04-13,34241,1295797,26950,706825,7262,515654,29,73318,26420,372152,7746,497290,26469,869442,California
Santa Clara,2021-04-14,36746,1332543,27854,734679,8888,524542,4,73322,26133,387766,10549,507839,26163,895605,California
Santa Clara,2021-04-15,44005,1376548,34137,768816,9866,534408,2,73324,33934,411758,9966,517805,33958,929563,California
Santa Clara,2021-04-16,38334,1414882,26273,795089,12059,546467,2,73326,27508,428527,10765,528570,27534,957097,California
Santa Clara,2021-04-17,21945,1436827,15006,810095,6937,553404,2,73328,15058,436761,6841,535411,15075,972172,California
Santa Clara,2021-04-18,16386,1453213,10661,820756,5725,559129,0,73328,10248,440908,6112,541523,10259,982431,California
Santa Clara,2021-04-19,28811,1482024,20860,841616,7950,567079,1,73329,17250,446697,11491,553014,17280,999711,California
Santa Clara,2021-04-20,36891,1518915,22453,864069,14437,581516,1,73330,22540,455022,14246,567260,22571,1022282,California
Santa Clara,2021-04-21,36786,1555701,21343,885412,15441,596957,2,73332,24362,467082,12335,579595,24395,1046677,California
Santa Clara,2021-04-22,37215,1592916,24821,910233,12393,609350,1,73333,17611,465251,19508,599103,17677,1064354,California
Santa Clara,2021-04-23,31994,1624910,19459,929692,12534,621884,1,73334,15062,463529,16835,615938,15113,1079467,California
Santa Clara,2021-04-24,21091,1646001,15443,945135,5647,627531,1,73335,11978,466493,9042,624980,12006,1091473,California
Santa Clara,2021-04-25,13581,1659582,9818,954953,3756,631287,7,73342,8673,470328,4867,629847,8702,1100175,California
Santa Clara,2021-04-26,24241,1683823,18951,973904,5232,636519,58,73400,10120,466501,14029,643876,10202,1110377,California
Santa Clara,2021-04-27,26677,1710500,19259,993163,7129,643648,289,73689,11710,463661,14876,658752,12036,1122413,California
Santa Clara,2021-04-28,25297,1735797,18658,1011821,6202,649850,437,74126,10414,459765,14804,673556,10908,1133321,California
Santa Clara,2021-04-29,23164,1758961,16823,1028644,5944,655794,397,74523,8356,453840,14740,688296,8815,1142136,California
Santa Clara,2021-04-30,22942,1781903,15716,1044360,6862,662656,364,74887,9757,450931,13101,701397,10192,1152328,California
Santa Clara,2021-05-01,17439,1799342,14505,1058865,2674,665330,260,75147,5493,444826,11899,713296,5794,1158122,California
Santa Clara,2021-05-02,11283,1810625,9360,1068225,1693,667023,230,75377,3497,440830,7745,721041,3749,1161871,California
Santa Clara,2021-05-03,22796,1833421,19374,1087599,2990,670013,432,75809,5146,428861,17581,738622,5612,1167483,California
Santa Clara,2021-05-04,30540,1863961,23911,1111510,6089,676102,540,76349,5492,409982,24951,763573,6072,1173555,California
Santa Clara,2021-05-05,32171,1896132,24458,1135968,7170,683272,543,76892,5440,389354,26634,790207,6006,1179561,California
Santa Clara,2021-05-06,35364,1931496,29477,1165445,5412,688684,475,77367,4679,363971,30556,820763,5173,1184734,California
Santa Clara,2021-05-07,32498,1963994,26149,1191594,5859,694543,490,77857,4642,341416,27727,848490,5172,1189906,California
Santa Clara,2021-05-08,16449,1980443,13381,1204975,2645,697188,423,78280,3483,332456,12882,861372,3922,1193828,California
Santa Clara,2021-05-09,10323,1990766,8955,1213930,1181,698369,187,78467,2454,327277,7833,869205,2654,1196482,California
Santa Clara,2021-05-10,20752,2011518,16632,1230562,3720,702089,400,78867,2734,312493,17938,887143,3154,1199636,California
Santa Clara,2021-05-11,21638,2033156,16273,1246835,4949,707038,416,79283,3901,299169,17648,904791,4324,1203960,California
Santa Clara,2021-05-12,20151,2053307,14777,1261612,4911,711949,463,79746,4170,287915,15901,920692,4647,1208607,California
Santa Clara,2021-05-13,26906,2080213,21905,1283517,4709,716658,292,80038,10696,282780,16129,936821,10994,1219601,California
Santa Clara,2021-05-14,27418,2107631,19118,1302635,7918,724576,382,80420,9549,274942,17778,954599,9940,1229541,California
Santa Clara,2021-05-15,20488,2128119,16421,1319056,3787,728363,280,80700,8027,270871,12385,966984,8314,1237855,California
Santa Clara,2021-05-16,15361,2143480,12362,1331418,2822,731185,177,80877,5002,265772,10280,977264,5181,1243036,California
Santa Clara,2021-05-17,19960,2163440,15670,1347088,3927,735112,363,81240,6847,259947,13040,990304,7215,1250251,California
Santa Clara,2021-05-18,25800,2189240,16378,1363466,9004,744116,418,81658,7260,249219,18403,1008707,7675,1257926,California
Santa Clara,2021-05-19,23981,2213221,13881,1377347,9732,753848,368,82026,7874,241465,16003,1024710,8249,1266175,California
Santa Clara,2021-05-20,16682,2229903,11180,1388527,5114,758962,388,82414,5982,237204,10628,1035338,6367,1272542,California
Santa Clara,2021-05-21,20432,2250335,13757,1402284,6238,765200,437,82851,6955,231211,13397,1048735,7404,1279946,California
Santa Clara,2021-05-22,11332,2261667,8830,1411114,2214,767414,288,83139,4809,229843,6468,1055203,5100,1285046,California
Santa Clara,2021-05-23,6724,2268391,5201,1416315,1375,768789,148,83287,2451,228205,4241,1059444,2603,1287649,California
Santa Clara,2021-05-24,10147,2278538,7156,1423471,2544,771333,447,83734,3654,225874,6431,1065875,4100,1291749,California
Santa Clara,2021-05-25,10925,2289463,7444,1430915,3066,774399,415,84149,4327,224082,6536,1072411,4744,1296493,California
Santa Clara,2021-05-26,9860,2299323,6577,1437492,2987,777386,296,84445,3952,222476,5849,1078260,4243,1300736,California
Santa Clara,2021-05-27,8991,2308314,5668,1443160,2884,780270,439,84884,3477,220939,5448,1083708,3911,1304647,California
Santa Clara,2021-05-28,10438,2318752,6666,1449826,3358,783628,414,85298,4235,219445,6144,1089852,4650,1309297,California
Santa Clara,2021-05-29,6191,2324943,4227,1454053,1702,785330,262,85560,2836,219228,3312,1093164,3095,1312392,California
Santa Clara,2021-05-30,3705,2328648,2779,1456832,723,786053,203,85763,1791,219334,1889,1095053,1995,1314387,California
Santa Clara,2021-05-31,624,2329272,304,1457136,224,786277,96,85859,307,219422,315,1095368,403,1314790,California
Santa Cruz,2020-12-15,2,2,2,2,0,0,0,0,2,2,0,0,2,2,California
Santa Cruz,2020-12-16,58,60,58,60,0,0,0,0,58,60,0,0,58,60,California
Santa Cruz,2020-12-17,391,451,391,451,0,0,0,0,391,451,0,0,391,451,California
Santa Cruz,2020-12-18,463,914,463,914,0,0,0,0,463,914,0,0,463,914,California
Santa Cruz,2020-12-19,179,1093,178,1092,1,1,0,0,179,1093,0,0,179,1093,California
Santa Cruz,2020-12-20,96,1189,96,1188,0,1,0,0,96,1189,0,0,96,1189,California
Santa Cruz,2020-12-21,437,1626,437,1625,0,1,0,0,437,1626,0,0,437,1626,California
Santa Cruz,2020-12-22,416,2042,415,2040,1,2,0,0,416,2042,0,0,416,2042,California
Santa Cruz,2020-12-23,369,2411,326,2366,43,45,0,0,369,2411,0,0,369,2411,California
Santa Cruz,2020-12-24,126,2537,50,2416,76,121,0,0,126,2537,0,0,126,2537,California
Santa Cruz,2020-12-25,12,2549,12,2428,0,121,0,0,12,2549,0,0,12,2549,California
Santa Cruz,2020-12-26,66,2615,47,2475,19,140,0,0,66,2615,0,0,66,2615,California
Santa Cruz,2020-12-27,32,2647,27,2502,5,145,0,0,32,2647,0,0,32,2647,California
Santa Cruz,2020-12-28,487,3134,108,2610,379,524,0,0,487,3134,0,0,487,3134,California
Santa Cruz,2020-12-29,790,3924,366,2976,424,948,0,0,790,3924,0,0,790,3924,California
Santa Cruz,2020-12-30,354,4278,163,3139,191,1139,0,0,354,4278,0,0,354,4278,California
Santa Cruz,2020-12-31,312,4590,11,3150,301,1440,0,0,312,4590,0,0,312,4590,California
Santa Cruz,2021-01-01,33,4623,1,3151,32,1472,0,0,33,4623,0,0,33,4623,California
Santa Cruz,2021-01-02,68,4691,54,3205,14,1486,0,0,68,4691,0,0,68,4691,California
Santa Cruz,2021-01-03,15,4706,7,3212,8,1494,0,0,15,4706,0,0,15,4706,California
Santa Cruz,2021-01-04,281,4987,124,3336,157,1651,0,0,279,4985,0,0,279,4985,California
Santa Cruz,2021-01-05,565,5552,429,3765,136,1787,0,0,263,4946,302,302,263,5248,California
Santa Cruz,2021-01-06,799,6351,667,4432,132,1919,0,0,460,5068,338,640,460,5708,California
Santa Cruz,2021-01-07,538,6889,214,4646,324,2243,0,0,382,5295,156,796,383,6091,California
Santa Cruz,2021-01-08,931,7820,559,5205,372,2615,0,0,485,5335,446,1242,486,6577,California
Santa Cruz,2021-01-09,462,8282,123,5328,339,2954,0,0,408,5689,54,1296,408,6985,California
Santa Cruz,2021-01-10,78,8360,70,5398,8,2962,0,0,20,5651,58,1354,20,7005,California
Santa Cruz,2021-01-11,716,9076,585,5983,131,3093,0,0,186,5308,530,1884,187,7192,California
Santa Cruz,2021-01-12,718,9794,518,6501,200,3293,0,0,479,5548,239,2123,479,7671,California
Santa Cruz,2021-01-13,520,10314,227,6728,293,3586,0,0,438,5907,79,2202,438,8109,California
Santa Cruz,2021-01-14,549,10863,103,6831,446,4032,0,0,483,6324,66,2268,483,8592,California
Santa Cruz,2021-01-15,1452,12315,75,6906,1377,5409,0,0,1388,7650,64,2332,1390,9982,California
Santa Cruz,2021-01-16,424,12739,52,6958,372,5781,0,0,405,8036,19,2351,405,10387,California
Santa Cruz,2021-01-17,296,13035,41,6999,255,6036,0,0,271,8282,25,2376,271,10658,California
Santa Cruz,2021-01-18,1004,14039,104,7103,900,6936,0,0,943,9164,61,2437,943,11601,California
Santa Cruz,2021-01-19,1610,15649,520,7623,1090,8026,0,0,1261,10079,347,2784,1262,12863,California
Santa Cruz,2021-01-20,1234,16883,181,7804,1053,9079,0,0,1037,10922,194,2978,1037,13900,California
Santa Cruz,2021-01-21,1691,18574,198,8002,1493,10572,0,0,1582,12397,109,3087,1584,15484,California
Santa Cruz,2021-01-22,1783,20357,525,8527,1258,11830,0,0,1680,13978,100,3187,1681,17165,California
Santa Cruz,2021-01-23,396,20753,144,8671,252,12082,0,0,338,14259,57,3244,338,17503,California
Santa Cruz,2021-01-24,115,20868,19,8690,96,12178,0,0,97,14338,18,3262,97,17600,California
Santa Cruz,2021-01-25,1059,21927,359,9049,700,12878,0,0,553,14385,506,3768,553,18153,California
Santa Cruz,2021-01-26,1688,23615,247,9296,1441,14319,0,0,1180,15057,508,4276,1180,19333,California
Santa Cruz,2021-01-27,1644,25259,445,9741,1199,15518,0,0,1261,15937,381,4657,1261,20594,California
Santa Cruz,2021-01-28,1739,26998,289,10030,1450,16968,0,0,1462,17123,277,4934,1463,22057,California
Santa Cruz,2021-01-29,1725,28723,487,10517,1238,18206,0,0,1596,18591,128,5062,1596,23653,California
Santa Cruz,2021-01-30,1054,29777,310,10827,744,18950,0,0,920,19377,134,5196,920,24573,California
Santa Cruz,2021-01-31,222,29999,113,10940,109,19059,0,0,208,19571,14,5210,208,24781,California
Santa Cruz,2021-02-01,1219,31218,748,11688,471,19530,0,0,824,20000,395,5605,824,25605,California
Santa Cruz,2021-02-02,992,32210,125,11813,867,20397,0,0,840,20689,151,5756,840,26445,California
Santa Cruz,2021-02-03,2215,34425,956,12769,1259,21656,0,0,1903,22283,309,6065,1903,28348,California
Santa Cruz,2021-02-04,1840,36265,767,13536,1073,22729,0,0,1502,23448,337,6402,1502,29850,California
Santa Cruz,2021-02-05,3140,39405,778,14314,2362,25091,0,0,2822,25953,317,6719,2822,32672,California
Santa Cruz,2021-02-06,2567,41972,160,14474,2407,27498,0,0,2223,27832,344,7063,2223,34895,California
Santa Cruz,2021-02-07,904,42876,122,14596,782,28280,0,0,887,28702,17,7080,887,35782,California
Santa Cruz,2021-02-08,702,43578,201,14797,501,28781,0,0,507,29015,194,7274,507,36289,California
Santa Cruz,2021-02-09,2357,45935,1050,15847,1307,30088,0,0,2091,30840,266,7540,2091,38380,California
Santa Cruz,2021-02-10,2180,48115,575,16422,1605,31693,0,0,1481,31633,689,8229,1482,39862,California
Santa Cruz,2021-02-11,1826,49941,309,16731,1517,33210,0,0,1312,32433,512,8741,1312,41174,California
Santa Cruz,2021-02-12,3199,53140,415,17146,2784,35994,0,0,1795,32835,1395,10136,1797,42971,California
Santa Cruz,2021-02-13,1699,54839,123,17269,1576,37570,0,0,1287,33710,412,10548,1287,44258,California
Santa Cruz,2021-02-14,1400,56239,71,17340,1329,38899,0,0,1136,34582,264,10812,1136,45394,California
Santa Cruz,2021-02-15,1568,57807,280,17620,1288,40187,0,0,562,34139,1006,11818,563,45957,California
Santa Cruz,2021-02-16,1680,59487,204,17824,1476,41663,0,0,525,33531,1133,12951,525,46482,California
Santa Cruz,2021-02-17,2901,62388,970,18794,1931,43594,0,0,1206,33058,1682,14633,1209,47691,California
Santa Cruz,2021-02-18,2861,65249,631,19425,2230,45824,0,0,1231,32663,1626,16259,1231,48922,California
Santa Cruz,2021-02-19,3239,68488,1133,20558,2106,47930,0,0,1995,33417,1241,17500,1995,50917,California
Santa Cruz,2021-02-20,2372,70860,1490,22048,882,48812,0,0,1877,34799,495,17995,1877,52794,California
Santa Cruz,2021-02-21,836,71696,369,22417,467,49279,0,0,707,35380,127,18122,708,53502,California
Santa Cruz,2021-02-22,1243,72939,955,23372,288,49567,0,0,528,35195,713,18835,528,54030,California
Santa Cruz,2021-02-23,2093,75032,933,24305,1160,50727,0,0,706,34515,1386,20221,706,54736,California
Santa Cruz,2021-02-24,3168,78200,1655,25960,1513,52240,0,0,1202,33756,1961,22182,1202,55938,California
Santa Cruz,2021-02-25,3208,81408,1416,27376,1792,54032,0,0,1765,34087,1435,23617,1766,57704,California
Santa Cruz,2021-02-26,2707,84115,759,28135,1948,55980,0,0,1541,34468,1162,24779,1543,59247,California
Santa Cruz,2021-02-27,2621,86736,931,29066,1690,57670,0,0,1826,35501,793,25572,1826,61073,California
Santa Cruz,2021-02-28,1286,88022,358,29424,928,58598,0,0,1074,36366,209,25781,1074,62147,California
Santa Cruz,2021-03-01,1820,89842,1249,30673,571,59169,0,0,687,35922,1131,26912,687,62834,California
Santa Cruz,2021-03-02,1536,91378,364,31037,1172,60341,0,0,873,36137,661,27573,876,63710,California
Santa Cruz,2021-03-03,2349,93727,633,31670,1716,62057,0,0,1288,36367,1058,28631,1288,64998,California
Santa Cruz,2021-03-04,2998,96725,1412,33082,1585,63642,1,1,2027,37436,960,29591,2029,67027,California
Santa Cruz,2021-03-05,2615,99340,489,33571,2108,65750,18,19,1141,37124,1471,31062,1159,68186,California
Santa Cruz,2021-03-06,3842,103182,1336,34907,2404,68154,102,121,2145,37673,1697,32759,2246,70432,California
Santa Cruz,2021-03-07,1343,104525,128,35035,1144,69298,71,192,558,37518,784,33543,629,71061,California
Santa Cruz,2021-03-08,1089,105614,222,35257,738,70036,129,321,657,37872,432,33975,786,71847,California
Santa Cruz,2021-03-09,1780,107394,262,35519,1370,71406,148,469,711,37665,1066,35041,859,72706,California
Santa Cruz,2021-03-10,3851,111245,2086,37605,1619,73025,146,615,2005,37974,1844,36885,2153,74859,California
Santa Cruz,2021-03-11,2791,114036,1213,38818,1406,74431,172,787,1543,38444,1247,38132,1717,76576,California
Santa Cruz,2021-03-12,2748,116784,882,39700,1574,76005,292,1079,919,37828,1825,39957,1209,77785,California
Santa Cruz,2021-03-13,2309,119093,1327,41027,940,76945,42,1121,1181,37928,1125,41082,1225,79010,California
Santa Cruz,2021-03-14,897,119990,212,41239,671,77616,14,1135,428,37902,467,41549,441,79451,California
Santa Cruz,2021-03-15,1333,121323,474,41713,824,78440,35,1170,573,37755,756,42305,609,80060,California
Santa Cruz,2021-03-16,2307,123630,1090,42803,1177,79617,40,1210,1337,38165,966,43271,1376,81436,California
Santa Cruz,2021-03-17,3942,127572,2322,45125,1610,81227,10,1220,2599,39439,1338,44609,2612,84048,California
Santa Cruz,2021-03-18,3848,131420,2072,47197,1658,82885,118,1338,2059,39830,1786,46395,2177,86225,California
Santa Cruz,2021-03-19,3372,134792,1318,48515,1830,84715,224,1562,1759,40204,1608,48003,1982,88207,California
Santa Cruz,2021-03-20,2161,136953,1613,50128,512,85227,36,1598,1086,40253,1073,49076,1122,89329,California
Santa Cruz,2021-03-21,820,137773,440,50568,258,85485,122,1720,438,40434,380,49456,561,89890,California
Santa Cruz,2021-03-22,1364,139137,845,51413,497,85982,22,1742,941,40978,420,49876,964,90854,California
Santa Cruz,2021-03-23,2549,141686,1432,52845,1067,87049,50,1792,1685,41852,861,50737,1735,92589,California
Santa Cruz,2021-03-24,3099,144785,2111,54956,967,88016,21,1813,2066,42911,1027,51764,2086,94675,California
Santa Cruz,2021-03-25,2637,147422,1323,56279,1277,89293,37,1850,1344,43006,1286,53050,1381,96056,California
Santa Cruz,2021-03-26,3120,150542,1812,58091,1281,90574,27,1877,2146,44211,967,54017,2172,98228,California
Santa Cruz,2021-03-27,3208,153750,2002,60093,1181,91755,25,1902,1508,44055,1690,55707,1534,99762,California
Santa Cruz,2021-03-28,935,154685,577,60670,344,92099,14,1916,493,44124,438,56145,507,100269,California
Santa Cruz,2021-03-29,1986,156671,878,61548,1040,93139,68,1984,1286,44781,697,56842,1354,101623,California
Santa Cruz,2021-03-30,2692,159363,812,62360,1723,94862,157,2141,1712,45673,977,57819,1869,103492,California
Santa Cruz,2021-03-31,4174,163537,2833,65193,1293,96155,48,2189,2198,45948,1971,59790,2246,105738,California
Santa Cruz,2021-04-01,4049,167586,2166,67359,1775,97930,108,2297,2050,46114,1992,61782,2158,107896,California
Santa Cruz,2021-04-02,3290,170876,1425,68784,1687,99617,178,2475,1885,46775,1402,63184,2063,109959,California
Santa Cruz,2021-04-03,2249,173125,1226,70010,889,100506,134,2609,883,46427,1364,64548,1016,110975,California
Santa Cruz,2021-04-04,937,174062,489,70499,392,100898,56,2665,549,46644,388,64936,605,111580,California
Santa Cruz,2021-04-05,2270,176332,790,71289,1312,102210,168,2833,1405,47354,864,65800,1574,113154,California
Santa Cruz,2021-04-06,3398,179730,1650,72939,1368,103578,380,3213,1966,48274,1421,67221,2341,115495,California
Santa Cruz,2021-04-07,4173,183903,1635,74574,2176,105754,362,3575,1810,48093,2360,69581,2179,117674,California
Santa Cruz,2021-04-08,4273,188176,2347,76921,1411,107165,515,4090,2522,49388,1742,71323,3037,120711,California
Santa Cruz,2021-04-09,3705,191881,1510,78431,1795,108960,400,4490,2089,50271,1610,72933,2493,123204,California
Santa Cruz,2021-04-10,2254,194135,1082,79513,921,109881,251,4741,1052,50376,1198,74131,1303,124507,California
Santa Cruz,2021-04-11,990,195125,515,80028,383,110264,92,4833,476,50430,514,74645,568,125075,California
Santa Cruz,2021-04-12,2291,197416,821,80849,1046,111310,424,5257,1098,50772,1179,75824,1521,126596,California
Santa Cruz,2021-04-13,2883,200299,1446,82295,1435,112745,2,5259,1623,51143,1254,77078,1625,128221,California
Santa Cruz,2021-04-14,4602,204901,2242,84537,2360,115105,0,5259,2245,51040,2350,79428,2247,130468,California
Santa Cruz,2021-04-15,5003,209904,3192,87729,1811,116916,0,5259,3159,52366,1833,81261,3159,133627,California
Santa Cruz,2021-04-16,4486,214390,2485,90214,1999,118915,2,5261,2438,52767,2040,83301,2441,136068,California
Santa Cruz,2021-04-17,2247,216637,889,91103,1358,120273,0,5261,1495,53512,750,84051,1495,137563,California
Santa Cruz,2021-04-18,1057,217694,510,91613,546,120819,1,5262,586,53630,469,84520,587,138150,California
Santa Cruz,2021-04-19,2536,220230,1516,93129,1019,121838,1,5263,1609,54315,924,85444,1609,139759,California
Santa Cruz,2021-04-20,3133,223363,1668,94797,1465,123303,0,5263,1794,54780,1330,86774,1795,141554,California
Santa Cruz,2021-04-21,4258,227621,2848,97645,1410,124713,0,5263,2311,55162,1929,88703,2311,143865,California
Santa Cruz,2021-04-22,4308,231929,2905,100550,1403,126116,0,5263,2420,55703,1879,90582,2420,146285,California
Santa Cruz,2021-04-23,3197,235126,1734,102284,1462,127578,1,5264,1390,55295,1798,92380,1390,147675,California
Santa Cruz,2021-04-24,2242,237368,1086,103370,1153,128731,3,5267,702,54471,1529,93909,705,148380,California
Santa Cruz,2021-04-25,1090,238458,696,104066,382,129113,12,5279,450,54300,632,94541,461,148841,California
Santa Cruz,2021-04-26,1895,240353,931,104997,950,130063,14,5293,751,53932,1134,95675,766,149607,California
Santa Cruz,2021-04-27,2807,243160,881,105878,1859,131922,67,5360,1402,54002,1399,97074,1469,151076,California
Santa Cruz,2021-04-28,3414,246574,1888,107766,1449,133371,77,5437,1794,54261,1609,98683,1868,152944,California
Santa Cruz,2021-04-29,3707,250281,2459,110225,1185,134556,63,5500,1278,53187,2416,101099,1342,154286,California
Santa Cruz,2021-04-30,2383,252664,1209,111434,1130,135686,44,5544,1020,52896,1355,102454,1064,155350,California
Santa Cruz,2021-05-01,1285,253949,1019,112453,233,135919,33,5577,598,52842,685,103139,631,155981,California
Santa Cruz,2021-05-02,640,254589,455,112908,160,136079,25,5602,213,52654,427,103566,239,156220,California
Santa Cruz,2021-05-03,1926,256515,993,113901,866,136945,67,5669,659,52126,1255,104821,727,156947,California
Santa Cruz,2021-05-04,2687,259202,1563,115464,1054,137999,70,5739,869,51249,1814,106635,937,157884,California
Santa Cruz,2021-05-05,2766,261968,1378,116842,1316,139315,72,5811,732,50064,1993,108628,808,158692,California
Santa Cruz,2021-05-06,3838,265806,2445,119287,1174,140489,219,6030,855,48170,2965,111593,1071,159763,California
Santa Cruz,2021-05-07,2751,268557,1247,120534,1422,141911,82,6112,433,46373,2313,113906,516,160279,California
Santa Cruz,2021-05-08,1367,269924,687,121221,652,142563,28,6140,387,45810,980,114886,417,160696,California
Santa Cruz,2021-05-09,509,270433,327,121548,159,142722,23,6163,152,45631,354,115240,175,160871,California
Santa Cruz,2021-05-10,2029,272462,1220,122768,744,143466,65,6228,412,44500,1608,116848,477,161348,California
Santa Cruz,2021-05-11,2300,274762,1304,124072,917,144383,79,6307,643,43569,1652,118500,721,162069,California
Santa Cruz,2021-05-12,3021,277783,1294,125366,1653,146036,74,6381,526,41683,2487,120987,601,162670,California
Santa Cruz,2021-05-13,3696,281479,2538,127904,1069,147105,89,6470,1311,40704,2381,123368,1402,164072,California
Santa Cruz,2021-05-14,2893,284372,1646,129550,1207,148312,40,6510,1153,40168,1732,125100,1196,165268,California
Santa Cruz,2021-05-15,2298,286670,1332,130882,954,149266,12,6522,1122,40129,1173,126273,1134,166402,California
Santa Cruz,2021-05-16,723,287393,374,131256,328,149594,21,6543,206,39841,516,126789,228,166630,California
Santa Cruz,2021-05-17,1528,288921,808,132064,649,150243,71,6614,591,39567,936,127725,662,167292,California
Santa Cruz,2021-05-18,2302,291223,1429,133493,850,151093,23,6637,1168,39632,1126,128851,1191,168483,California
Santa Cruz,2021-05-19,3044,294267,1829,135322,1182,152275,33,6670,1313,39255,1723,130574,1346,169829,California
Santa Cruz,2021-05-20,2763,297030,2033,137355,588,152863,142,6812,1298,39243,1458,132032,1446,171275,California
Santa Cruz,2021-05-21,1381,298411,733,138088,559,153422,89,6901,527,39010,850,132882,617,171892,California
Santa Cruz,2021-05-22,1422,299833,1199,139287,215,153637,8,6909,537,38673,882,133764,545,172437,California
Santa Cruz,2021-05-23,215,300048,167,139454,33,153670,15,6924,91,38658,121,133885,106,172543,California
Santa Cruz,2021-05-24,1171,301219,670,140124,422,154092,79,7003,357,38289,803,134688,434,172977,California
Santa Cruz,2021-05-25,2275,303494,1301,141425,932,155024,42,7045,511,37228,1613,136301,552,173529,California
Santa Cruz,2021-05-26,1653,305147,735,142160,876,155900,42,7087,497,36626,1142,137443,540,174069,California
Santa Cruz,2021-05-27,1230,306377,658,142818,490,156390,82,7169,472,36428,752,138195,554,174623,California
Santa Cruz,2021-05-28,852,307229,389,143207,441,156831,22,7191,389,36385,455,138650,412,175035,California
Santa Cruz,2021-05-29,556,307785,329,143536,218,157049,9,7200,301,36443,252,138902,310,175345,California
Santa Cruz,2021-05-30,231,308016,126,143662,91,157140,14,7214,96,36422,130,139032,109,175454,California
Santa Cruz,2021-05-31,67,308083,22,143684,44,157184,1,7215,28,36412,39,139071,29,175483,California
Shasta,2020-12-16,131,131,131,131,0,0,0,0,131,131,0,0,131,131,California
Shasta,2020-12-17,420,551,420,551,0,0,0,0,420,551,0,0,420,551,California
Shasta,2020-12-18,166,717,166,717,0,0,0,0,166,717,0,0,166,717,California
Shasta,2020-12-19,1,718,1,718,0,0,0,0,1,718,0,0,1,718,California
Shasta,2020-12-21,79,797,79,797,0,0,0,0,79,797,0,0,79,797,California
Shasta,2020-12-22,192,989,187,984,5,5,0,0,192,989,0,0,192,989,California
Shasta,2020-12-23,174,1163,170,1154,4,9,0,0,174,1163,0,0,174,1163,California
Shasta,2020-12-24,18,1181,18,1172,0,9,0,0,18,1181,0,0,18,1181,California
Shasta,2020-12-26,4,1185,1,1173,3,12,0,0,4,1185,0,0,4,1185,California
Shasta,2020-12-27,1,1186,0,1173,1,13,0,0,1,1186,0,0,1,1186,California
Shasta,2020-12-28,40,1226,31,1204,9,22,0,0,40,1226,0,0,40,1226,California
Shasta,2020-12-29,186,1412,185,1389,1,23,0,0,186,1412,0,0,186,1412,California
Shasta,2020-12-30,178,1590,168,1557,10,33,0,0,178,1590,0,0,178,1590,California
Shasta,2020-12-31,83,1673,2,1559,81,114,0,0,83,1673,0,0,83,1673,California
Shasta,2021-01-02,2,1675,0,1559,2,116,0,0,2,1675,0,0,2,1675,California
Shasta,2021-01-03,1,1676,1,1560,0,116,0,0,1,1676,0,0,1,1676,California
Shasta,2021-01-04,372,2048,306,1866,66,182,0,0,373,2049,0,0,373,2049,California
Shasta,2021-01-05,335,2383,314,2180,21,203,0,0,253,2220,82,82,253,2302,California
Shasta,2021-01-06,466,2849,395,2575,71,274,0,0,203,2161,262,344,203,2505,California
Shasta,2021-01-07,125,2974,36,2611,89,363,0,0,104,2244,21,365,104,2609,California
Shasta,2021-01-08,525,3499,448,3059,77,440,0,0,317,2353,208,573,317,2926,California
Shasta,2021-01-09,73,3572,64,3123,9,449,0,0,71,2422,2,575,71,2997,California
Shasta,2021-01-10,5,3577,0,3123,5,454,0,0,4,2426,1,576,5,3002,California
Shasta,2021-01-11,405,3982,184,3307,221,675,0,0,370,2761,35,611,370,3372,California
Shasta,2021-01-12,487,4469,330,3637,157,832,0,0,312,2898,175,786,312,3684,California
Shasta,2021-01-13,599,5068,267,3904,332,1164,0,0,430,3159,169,955,430,4114,California
Shasta,2021-01-14,501,5569,52,3956,449,1613,0,0,483,3624,18,973,483,4597,California
Shasta,2021-01-15,686,6255,134,4090,552,2165,0,0,684,4306,2,975,684,5281,California
Shasta,2021-01-16,897,7152,54,4144,843,3008,0,0,894,5197,3,978,894,6175,California
Shasta,2021-01-17,27,7179,6,4150,21,3029,0,0,23,5216,4,982,23,6198,California
Shasta,2021-01-18,598,7777,128,4278,470,3499,0,0,590,5798,8,990,590,6788,California
Shasta,2021-01-19,1058,8835,398,4676,660,4159,0,0,910,6560,148,1138,910,7698,California
Shasta,2021-01-20,681,9516,413,5089,268,4427,0,0,494,6872,182,1320,494,8192,California
Shasta,2021-01-21,633,10149,280,5369,353,4780,0,0,610,7459,23,1343,610,8802,California
Shasta,2021-01-22,447,10596,173,5542,274,5054,0,0,441,7894,6,1349,441,9243,California
Shasta,2021-01-23,68,10664,5,5547,63,5117,0,0,67,7960,1,1350,67,9310,California
Shasta,2021-01-24,25,10689,2,5549,23,5140,0,0,24,7983,1,1351,24,9334,California
Shasta,2021-01-25,750,11439,491,6040,259,5399,0,0,464,8162,285,1636,464,9798,California
Shasta,2021-01-26,709,12148,333,6373,376,5775,0,0,475,8405,232,1868,475,10273,California
Shasta,2021-01-27,459,12607,179,6552,280,6055,0,0,410,8766,49,1917,410,10683,California
Shasta,2021-01-28,887,13494,576,7128,311,6366,0,0,665,9209,222,2139,665,11348,California
Shasta,2021-01-29,833,14327,332,7460,501,6867,0,0,643,9663,190,2329,644,11992,California
Shasta,2021-01-30,616,14943,15,7475,601,7468,0,0,606,10259,10,2339,606,12598,California
Shasta,2021-01-31,27,14970,3,7478,24,7492,0,0,26,10284,1,2340,26,12624,California
Shasta,2021-02-01,530,15500,148,7626,382,7874,0,0,386,10526,144,2484,386,13010,California
Shasta,2021-02-02,988,16488,500,8126,488,8362,0,0,896,11332,90,2574,896,13906,California
Shasta,2021-02-03,723,17211,211,8337,512,8874,0,0,488,11585,235,2809,488,14394,California
Shasta,2021-02-04,1098,18309,675,9012,423,9297,0,0,905,12298,192,3001,905,15299,California
Shasta,2021-02-05,1254,19563,165,9177,1089,10386,0,0,1047,13139,206,3207,1047,16346,California
Shasta,2021-02-06,1746,21309,41,9218,1705,12091,0,0,1723,14839,23,3230,1723,18069,California
Shasta,2021-02-07,25,21334,3,9221,22,12113,0,0,23,14860,2,3232,23,18092,California
Shasta,2021-02-08,596,21930,168,9389,428,12541,0,0,306,14876,290,3522,306,18398,California
Shasta,2021-02-09,1124,23054,654,10043,470,13011,0,0,731,15215,393,3915,732,19130,California
Shasta,2021-02-10,1124,24178,788,10831,336,13347,0,0,599,15289,526,4441,600,19730,California
Shasta,2021-02-11,891,25069,186,11017,705,14052,0,0,369,15141,517,4958,369,20099,California
Shasta,2021-02-12,1778,26847,1199,12216,579,14631,0,0,1227,15817,551,5509,1227,21326,California
Shasta,2021-02-13,1381,28228,368,12584,1013,15644,0,0,570,15576,812,6321,571,21897,California
Shasta,2021-02-14,150,28378,4,12588,146,15790,0,0,126,15678,24,6345,126,22023,California
Shasta,2021-02-15,377,28755,89,12677,288,16078,0,0,208,15717,169,6514,208,22231,California
Shasta,2021-02-16,1196,29951,521,13198,675,16753,0,0,422,15366,773,7287,422,22653,California
Shasta,2021-02-17,1034,30985,438,13636,596,17349,0,0,414,15160,620,7907,414,23067,California
Shasta,2021-02-18,949,31934,468,14104,481,17830,0,0,459,15130,490,8397,460,23527,California
Shasta,2021-02-19,1338,33272,946,15050,392,18222,0,0,871,15534,467,8864,871,24398,California
Shasta,2021-02-20,803,34075,90,15140,713,18935,0,0,304,15339,499,9363,304,24702,California
Shasta,2021-02-21,32,34107,3,15143,29,18964,0,0,10,15327,22,9385,10,24712,California
Shasta,2021-02-22,430,34537,77,15220,353,19317,0,0,178,15254,251,9636,178,24890,California
Shasta,2021-02-23,910,35447,469,15689,441,19758,0,0,327,14998,583,10219,327,25217,California
Shasta,2021-02-24,891,36338,509,16198,382,20140,0,0,274,14656,616,10835,274,25491,California
Shasta,2021-02-25,519,36857,163,16361,356,20496,0,0,162,14462,356,11191,162,25653,California
Shasta,2021-02-26,791,37648,94,16455,697,21193,0,0,332,14336,458,11649,332,25985,California
Shasta,2021-02-27,827,38475,27,16482,800,21993,0,0,188,13887,637,12286,188,26173,California
Shasta,2021-02-28,176,38651,4,16486,172,22165,0,0,126,13963,50,12336,126,26299,California
Shasta,2021-03-01,583,39234,58,16544,525,22690,0,0,295,13971,287,12623,295,26594,California
Shasta,2021-03-02,1030,40264,474,17018,556,23246,0,0,339,13621,689,13312,339,26933,California
Shasta,2021-03-03,674,40938,172,17190,502,23748,0,0,245,13437,429,13741,245,27178,California
Shasta,2021-03-04,3034,43972,2419,19609,615,24363,0,0,1749,13903,1284,15025,1750,28928,California
Shasta,2021-03-05,1558,45530,161,19770,1368,25731,29,29,789,13951,770,15795,818,29746,California
Shasta,2021-03-06,2743,48273,385,20155,2311,28042,47,76,855,12967,1886,17681,902,30648,California
Shasta,2021-03-07,92,48365,4,20159,56,28098,32,108,38,12983,54,17735,70,30718,California
Shasta,2021-03-08,570,48935,46,20205,385,28483,139,247,157,12868,411,18146,296,31014,California
Shasta,2021-03-09,1254,50189,595,20800,481,28964,178,425,699,13189,555,18701,876,31890,California
Shasta,2021-03-10,800,50989,257,21057,341,29305,202,627,137,12864,662,19363,337,32227,California
Shasta,2021-03-11,1558,52547,471,21528,815,30120,272,899,940,13461,615,19978,1212,33439,California
Shasta,2021-03-12,1560,54107,848,22376,463,30583,249,1148,412,12973,1147,21125,659,34098,California
Shasta,2021-03-13,758,54865,425,22801,232,30815,101,1249,474,13263,283,21408,573,34671,California
Shasta,2021-03-14,1019,55884,8,22809,989,31804,22,1271,880,14027,139,21547,903,35574,California
Shasta,2021-03-15,496,56380,35,22844,361,32165,100,1371,210,14050,286,21833,309,35883,California
Shasta,2021-03-16,1135,57515,149,22993,919,33084,67,1438,851,14684,284,22117,918,36801,California
Shasta,2021-03-17,734,58249,191,23184,485,33569,58,1496,394,14803,333,22450,452,37253,California
Shasta,2021-03-18,1545,59794,586,23770,855,34424,104,1600,1118,15602,423,22873,1222,38475,California
Shasta,2021-03-19,648,60442,196,23966,396,34820,56,1656,414,15839,233,23106,470,38945,California
Shasta,2021-03-20,747,61189,489,24455,244,35064,14,1670,599,16304,148,23254,613,39558,California
Shasta,2021-03-21,313,61502,298,24753,4,35068,11,1681,286,16575,26,23280,297,39855,California
Shasta,2021-03-22,347,61849,37,24790,274,35342,36,1717,199,16663,147,23427,235,40090,California
Shasta,2021-03-23,1312,63161,653,25443,599,35941,60,1777,757,16930,550,23977,817,40907,California
Shasta,2021-03-24,611,63772,156,25599,417,36358,38,1815,367,17092,243,24220,405,41312,California
Shasta,2021-03-25,1134,64906,449,26048,664,37022,21,1836,820,17623,311,24531,842,42154,California
Shasta,2021-03-26,1836,66742,1404,27452,402,37424,30,1866,1477,18772,359,24890,1508,43662,California
Shasta,2021-03-27,1594,68336,405,27857,317,37741,872,2738,576,19200,1016,25906,1444,45106,California
Shasta,2021-03-28,405,68741,299,28156,96,37837,10,2748,300,19407,103,26009,310,45416,California
Shasta,2021-03-29,420,69161,40,28196,368,38205,12,2760,166,19332,253,26262,178,45594,California
Shasta,2021-03-30,1247,70408,766,28962,464,38669,17,2777,625,19355,619,26881,642,46236,California
Shasta,2021-03-31,620,71028,206,29168,408,39077,6,2783,384,19514,231,27112,390,46626,California
Shasta,2021-04-01,897,71925,248,29416,637,39714,12,2795,576,19783,319,27431,588,47214,California
Shasta,2021-04-02,755,72680,200,29616,501,40215,54,2849,415,19914,338,27769,469,47683,California
Shasta,2021-04-03,514,73194,362,29978,133,40348,19,2868,389,20197,125,27894,408,48091,California
Shasta,2021-04-04,293,73487,176,30154,96,40444,21,2889,218,20361,75,27969,239,48330,California
Shasta,2021-04-05,445,73932,69,30223,312,40756,64,2953,254,20488,191,28160,318,48648,California
Shasta,2021-04-06,1164,75096,487,30710,503,41259,174,3127,539,20581,620,28780,713,49361,California
Shasta,2021-04-07,656,75752,213,30923,280,41539,163,3290,257,20606,395,29175,420,49781,California
Shasta,2021-04-08,1154,76906,263,31186,735,42274,156,3446,223,20059,929,30104,382,50163,California
Shasta,2021-04-09,2589,79495,2071,33257,307,42581,211,3657,2008,21702,574,30678,2217,52380,California
Shasta,2021-04-10,881,80376,594,33851,158,42739,129,3786,267,21483,614,31292,395,52775,California
Shasta,2021-04-11,1251,81627,397,34248,834,43573,20,3806,144,20544,1103,32395,164,52939,California
Shasta,2021-04-12,338,81965,7,34255,269,43842,62,3868,97,20462,240,32635,158,53097,California
Shasta,2021-04-13,1268,83233,366,34621,900,44742,2,3870,338,19875,926,33561,339,53436,California
Shasta,2021-04-14,593,83826,143,34764,448,45190,2,3872,222,19729,370,33931,224,53660,California
Shasta,2021-04-15,1072,84898,258,35022,814,46004,0,3872,299,19258,770,34701,299,53959,California
Shasta,2021-04-16,2340,87238,1845,36867,495,46499,0,3872,935,18790,1403,36104,935,54894,California
Shasta,2021-04-17,642,87880,411,37278,231,46730,0,3872,189,18527,453,36557,190,55084,California
Shasta,2021-04-18,265,88145,240,37518,25,46755,0,3872,32,18328,231,36788,32,55116,California
Shasta,2021-04-19,381,88526,27,37545,354,47109,0,3872,162,18271,219,37007,162,55278,California
Shasta,2021-04-20,1011,89537,256,37801,755,47864,0,3872,377,18015,633,37640,377,55655,California
Shasta,2021-04-21,605,90142,220,38021,385,48249,0,3872,304,18018,301,37941,304,55959,California
Shasta,2021-04-22,965,91107,283,38304,682,48931,0,3872,299,17653,664,38605,299,56258,California
Shasta,2021-04-23,659,91766,264,38568,395,49326,0,3872,328,17651,330,38935,328,56586,California
Shasta,2021-04-24,600,92366,357,38925,242,49568,1,3873,108,17269,490,39425,108,56694,California
Shasta,2021-04-25,211,92577,182,39107,28,49596,1,3874,37,17133,174,39599,38,56732,California
Shasta,2021-04-26,485,93062,52,39159,428,50024,5,3879,337,17328,146,39745,341,57073,California
Shasta,2021-04-27,536,93598,178,39337,322,50346,36,3915,296,17421,237,39982,330,57403,California
Shasta,2021-04-28,578,94176,158,39495,387,50733,33,3948,253,17381,325,40307,285,57688,California
Shasta,2021-04-29,783,94959,120,39615,640,51373,23,3971,182,16986,600,40907,205,57893,California
Shasta,2021-04-30,2268,97227,1842,41457,395,51768,31,4002,270,15290,1997,42904,301,58194,California
Shasta,2021-05-01,224,97451,20,41477,128,51896,76,4078,96,15334,128,43032,172,58366,California
Shasta,2021-05-02,46,97497,16,41493,17,51913,13,4091,19,15339,27,43059,32,58398,California
Shasta,2021-05-03,351,97848,94,41587,231,52144,26,4117,112,15239,238,43297,138,58536,California
Shasta,2021-05-04,528,98376,193,41780,296,52440,39,4156,254,15261,271,43568,293,58829,California
Shasta,2021-05-05,432,98808,140,41920,275,52715,17,4173,200,15246,232,43800,217,59046,California
Shasta,2021-05-06,696,99504,266,42186,390,53105,40,4213,297,15193,390,44190,337,59383,California
Shasta,2021-05-07,1116,100620,735,42921,342,53447,39,4252,304,14725,811,45001,343,59726,California
Shasta,2021-05-08,167,100787,83,43004,74,53521,10,4262,98,14764,68,45069,107,59833,California
Shasta,2021-05-09,66,100853,15,43019,46,53567,5,4267,35,14773,31,45100,40,59873,California
Shasta,2021-05-10,260,101113,21,43040,189,53756,50,4317,113,14789,144,45244,160,60033,California
Shasta,2021-05-11,507,101620,160,43200,198,53954,149,4466,174,14780,332,45576,323,60356,California
Shasta,2021-05-12,369,101989,142,43342,205,54159,22,4488,119,14672,249,45825,141,60497,California
Shasta,2021-05-13,534,102523,224,43566,294,54453,16,4504,197,14550,335,46160,213,60710,California
Shasta,2021-05-14,630,103153,260,43826,344,54797,26,4530,281,14510,348,46508,308,61018,California
Shasta,2021-05-15,396,103549,127,43953,164,54961,105,4635,165,14549,230,46738,269,61287,California
Shasta,2021-05-16,223,103772,155,44108,58,55019,10,4645,164,14664,59,46797,174,61461,California
Shasta,2021-05-17,539,104311,243,44351,236,55255,60,4705,286,14758,252,47049,346,61807,California
Shasta,2021-05-18,609,104920,293,44644,292,55547,24,4729,326,14825,283,47332,350,62157,California
Shasta,2021-05-19,578,105498,280,44924,230,55777,68,4797,285,14888,290,47622,353,62510,California
Shasta,2021-05-20,512,106010,235,45159,260,56037,17,4814,244,14884,265,47887,261,62771,California
Shasta,2021-05-21,537,106547,258,45417,260,56297,19,4833,274,14916,261,48148,293,63064,California
Shasta,2021-05-22,190,106737,112,45529,71,56368,7,4840,121,14977,67,48215,128,63192,California
Shasta,2021-05-23,95,106832,43,45572,41,56409,11,4851,59,15011,36,48251,70,63262,California
Shasta,2021-05-24,522,107354,159,45731,332,56741,31,4882,186,14893,335,48586,217,63479,California
Shasta,2021-05-25,421,107775,170,45901,208,56949,43,4925,155,14827,263,48849,197,63676,California
Shasta,2021-05-26,352,108127,139,46040,187,57136,26,4951,148,14797,204,49053,174,63850,California
Shasta,2021-05-27,433,108560,161,46201,263,57399,9,4960,162,14701,267,49320,171,64021,California
Shasta,2021-05-28,444,109004,203,46404,214,57613,27,4987,210,14706,232,49552,237,64258,California
Shasta,2021-05-29,219,109223,64,46468,125,57738,30,5017,92,14700,127,49679,121,64379,California
Shasta,2021-05-30,81,109304,45,46513,33,57771,3,5020,54,14730,27,49706,57,64436,California
Shasta,2021-05-31,21,109325,0,46513,20,57791,1,5021,3,14717,17,49723,4,64440,California
Sierra,2020-12-18,1,1,1,1,0,0,0,0,1,1,0,0,1,1,California
Sierra,2020-12-21,2,3,2,3,0,0,0,0,2,3,0,0,2,3,California
Sierra,2020-12-22,12,15,12,15,0,0,0,0,12,15,0,0,12,15,California
Sierra,2020-12-23,4,19,4,19,0,0,0,0,4,19,0,0,4,19,California
Sierra,2020-12-28,1,20,0,19,1,1,0,0,1,20,0,0,1,20,California
Sierra,2020-12-29,49,69,7,26,42,43,0,0,49,69,0,0,49,69,California
Sierra,2020-12-30,2,71,0,26,2,45,0,0,2,71,0,0,2,71,California
Sierra,2020-12-31,13,84,0,26,13,58,0,0,13,84,0,0,13,84,California
Sierra,2021-01-01,1,85,1,27,0,58,0,0,1,85,0,0,1,85,California
Sierra,2021-01-05,64,149,2,29,62,120,0,0,64,149,0,0,64,149,California
Sierra,2021-01-06,1,150,1,30,0,120,0,0,1,150,0,0,1,150,California
Sierra,2021-01-07,21,171,1,31,20,140,0,0,20,169,1,1,20,170,California
Sierra,2021-01-08,1,172,1,32,0,140,0,0,1,170,0,1,1,171,California
Sierra,2021-01-11,3,175,3,35,0,140,0,0,0,167,3,4,0,171,California
Sierra,2021-01-12,39,214,12,47,27,167,0,0,27,182,12,16,27,198,California
Sierra,2021-01-13,3,217,3,50,0,167,0,0,0,179,3,19,0,198,California
Sierra,2021-01-14,35,252,2,52,33,200,0,0,35,214,0,19,35,233,California
Sierra,2021-01-15,3,255,1,53,2,202,0,0,3,217,0,19,3,236,California
Sierra,2021-01-18,2,257,0,53,2,204,0,0,2,219,0,19,2,238,California
Sierra,2021-01-19,32,289,0,53,32,236,0,0,32,251,0,19,32,270,California
Sierra,2021-01-20,1,290,1,54,0,236,0,0,1,252,0,19,1,271,California
Sierra,2021-01-21,52,342,0,54,52,288,0,0,52,304,0,19,52,323,California
Sierra,2021-01-22,2,344,0,54,2,290,0,0,2,306,0,19,2,325,California
Sierra,2021-01-23,2,346,0,54,2,292,0,0,2,308,0,19,2,327,California
Sierra,2021-01-26,62,408,0,54,62,354,0,0,24,294,38,57,24,351,California
Sierra,2021-01-27,4,412,4,58,0,354,0,0,0,290,4,61,0,351,California
Sierra,2021-01-28,53,465,0,58,53,407,0,0,43,323,10,71,43,394,California
Sierra,2021-01-29,2,467,0,58,2,409,0,0,2,325,0,71,2,396,California
Sierra,2021-01-30,3,470,3,61,0,409,0,0,2,326,1,72,2,398,California
Sierra,2021-02-01,1,471,0,61,1,410,0,0,0,325,1,73,0,398,California
Sierra,2021-02-02,58,529,1,62,57,467,0,0,19,305,39,112,19,417,California
Sierra,2021-02-03,6,535,5,67,1,468,0,0,5,309,1,113,5,422,California
Sierra,2021-02-04,102,637,5,72,97,565,0,0,53,313,49,162,53,475,California
Sierra,2021-02-05,6,643,4,76,2,567,0,0,5,317,1,163,5,480,California
Sierra,2021-02-09,51,694,0,76,51,618,0,0,48,362,3,166,48,528,California
Sierra,2021-02-10,4,698,2,78,2,620,0,0,4,366,0,166,4,532,California
Sierra,2021-02-11,195,893,1,79,194,814,0,0,134,439,61,227,134,666,California
Sierra,2021-02-12,20,913,0,79,20,834,0,0,20,459,0,227,20,686,California
Sierra,2021-02-13,1,914,1,80,0,834,0,0,1,460,0,227,1,687,California
Sierra,2021-02-15,2,916,2,82,0,834,0,0,0,458,2,229,0,687,California
Sierra,2021-02-16,43,959,0,82,43,877,0,0,10,435,33,262,10,697,California
Sierra,2021-02-17,4,963,0,82,4,881,0,0,1,433,3,265,1,698,California
Sierra,2021-02-18,140,1103,0,82,140,1021,0,0,91,475,49,314,91,789,California
Sierra,2021-02-19,2,1105,1,83,1,1022,0,0,1,475,1,315,1,790,California
Sierra,2021-02-20,2,1107,2,85,0,1022,0,0,0,473,2,317,0,790,California
Sierra,2021-02-22,1,1108,1,86,0,1022,0,0,1,474,0,317,1,791,California
Sierra,2021-02-23,4,1112,0,86,4,1026,0,0,4,478,0,317,4,795,California
Sierra,2021-02-24,3,1115,2,88,1,1027,0,0,3,481,0,317,3,798,California
Sierra,2021-02-25,126,1241,2,90,124,1151,0,0,59,474,66,383,59,857,California
Sierra,2021-02-26,11,1252,6,96,5,1156,0,0,4,471,7,390,4,861,California
Sierra,2021-02-27,2,1254,2,98,0,1156,0,0,0,469,2,392,0,861,California
Sierra,2021-03-01,2,1256,2,100,0,1156,0,0,0,467,2,394,0,861,California
Sierra,2021-03-02,56,1312,0,100,56,1212,0,0,38,487,18,412,38,899,California
Sierra,2021-03-03,2,1314,2,102,0,1212,0,0,1,487,1,413,1,900,California
Sierra,2021-03-04,108,1422,0,102,108,1320,0,0,60,499,48,461,60,960,California
Sierra,2021-03-05,13,1435,1,103,12,1332,0,0,11,508,2,463,11,971,California
Sierra,2021-03-07,1,1436,1,104,0,1332,0,0,0,507,1,464,0,971,California
Sierra,2021-03-08,2,1438,2,106,0,1332,0,0,2,509,0,464,2,973,California
Sierra,2021-03-09,56,1494,0,106,56,1388,0,0,12,477,44,508,12,985,California
Sierra,2021-03-10,6,1500,0,106,6,1394,0,0,4,479,2,510,4,989,California
Sierra,2021-03-11,176,1676,0,106,176,1570,0,0,44,391,132,642,44,1033,California
Sierra,2021-03-12,20,1696,1,107,19,1589,0,0,0,371,20,662,0,1033,California
Sierra,2021-03-13,28,1724,0,107,28,1617,0,0,28,399,0,662,28,1061,California
Sierra,2021-03-14,1,1725,0,107,0,1617,1,1,0,399,1,663,1,1062,California
Sierra,2021-03-15,2,1727,1,108,0,1617,1,2,0,398,2,665,1,1063,California
Sierra,2021-03-16,35,1762,0,108,34,1651,1,3,22,408,13,678,23,1086,California
Sierra,2021-03-17,3,1765,2,110,1,1652,0,3,0,405,3,681,0,1086,California
Sierra,2021-03-18,158,1923,0,110,158,1810,0,3,65,377,93,774,65,1151,California
Sierra,2021-03-19,4,1927,2,112,2,1812,0,3,1,375,3,777,1,1152,California
Sierra,2021-03-20,1,1928,0,112,1,1813,0,3,1,376,0,777,1,1153,California
Sierra,2021-03-23,22,1950,0,112,22,1835,0,3,13,380,9,786,13,1166,California
Sierra,2021-03-24,3,1953,1,113,2,1837,0,3,1,379,2,788,1,1167,California
Sierra,2021-03-25,99,2052,1,114,98,1935,0,3,50,380,49,837,50,1217,California
Sierra,2021-03-26,12,2064,1,115,11,1946,0,3,8,384,4,841,8,1225,California
Sierra,2021-03-27,1,2065,0,115,1,1947,0,3,0,383,1,842,0,1225,California
Sierra,2021-03-29,1,2066,1,116,0,1947,0,3,0,382,1,843,0,1225,California
Sierra,2021-03-30,55,2121,1,117,54,2001,0,3,22,371,33,876,22,1247,California
Sierra,2021-03-31,8,2129,0,117,8,2009,0,3,8,379,0,876,8,1255,California
Sierra,2021-04-01,63,2192,1,118,62,2071,0,3,5,328,56,932,5,1260,California
Sierra,2021-04-02,3,2195,2,120,1,2072,0,3,2,329,1,933,2,1262,California
Sierra,2021-04-04,1,2196,0,120,1,2073,0,3,0,329,0,933,0,1262,California
Sierra,2021-04-06,11,2207,0,120,11,2084,0,3,1,320,10,943,1,1263,California
Sierra,2021-04-07,14,2221,3,123,6,2090,5,8,3,318,10,953,8,1271,California
Sierra,2021-04-08,54,2275,2,125,52,2142,0,8,16,296,38,991,16,1287,California
Sierra,2021-04-09,2,2277,2,127,0,2142,0,8,1,296,1,992,1,1288,California
Sierra,2021-04-10,27,2304,0,127,27,2169,0,8,0,269,27,1019,0,1288,California
Sierra,2021-04-12,1,2305,0,127,0,2169,1,9,0,269,1,1020,1,1289,California
Sierra,2021-04-13,45,2350,0,127,45,2214,0,9,5,234,40,1060,5,1294,California
Sierra,2021-04-14,1,2351,0,127,1,2215,0,9,1,235,0,1060,1,1295,California
Sierra,2021-04-15,49,2400,1,128,48,2263,0,9,2,190,47,1107,2,1297,California
Sierra,2021-04-17,2,2402,1,129,1,2264,0,9,1,190,1,1108,1,1298,California
Sierra,2021-04-18,1,2403,0,129,1,2265,0,9,0,190,0,1108,0,1298,California
Sierra,2021-04-19,1,2404,1,130,0,2265,0,9,0,189,1,1109,0,1298,California
Sierra,2021-04-20,34,2438,1,131,33,2298,0,9,7,169,27,1136,7,1305,California
Sierra,2021-04-21,2,2440,1,132,1,2299,0,9,1,169,1,1137,1,1306,California
Sierra,2021-04-22,64,2504,1,133,63,2362,0,9,5,116,58,1195,5,1311,California
Sierra,2021-04-23,11,2515,0,133,11,2373,0,9,3,111,8,1203,3,1314,California
Sierra,2021-04-24,4,2519,0,133,4,2377,0,9,4,115,0,1203,4,1318,California
Sierra,2021-04-27,28,2547,1,134,27,2404,0,9,5,97,23,1226,5,1323,California
Sierra,2021-04-28,10,2557,2,136,8,2412,0,9,1,89,9,1235,1,1324,California
Sierra,2021-04-29,20,2577,2,138,18,2430,0,9,14,97,6,1241,14,1338,California
Sierra,2021-04-30,4,2581,2,140,2,2432,0,9,2,97,2,1243,2,1340,California
Sierra,2021-05-03,1,2582,1,141,0,2432,0,9,1,98,0,1243,1,1341,California
Sierra,2021-05-04,1,2583,0,141,1,2433,0,9,0,97,1,1244,0,1341,California
Sierra,2021-05-05,22,2605,0,141,22,2455,0,9,7,89,15,1259,7,1348,California
Sierra,2021-05-06,1,2606,1,142,0,2455,0,9,0,88,1,1260,0,1348,California
Sierra,2021-05-07,1,2607,1,143,0,2455,0,9,1,89,0,1260,1,1349,California
Sierra,2021-05-08,1,2608,0,143,0,2455,1,10,0,89,1,1261,1,1350,California
Sierra,2021-05-11,11,2619,0,143,4,2459,7,17,0,85,11,1272,7,1357,California
Sierra,2021-05-12,10,2629,1,144,9,2468,0,17,7,89,3,1275,7,1364,California
Sierra,2021-05-13,3,2632,2,146,1,2469,0,17,2,90,1,1276,2,1366,California
Sierra,2021-05-14,3,2635,1,147,2,2471,0,17,3,93,0,1276,3,1369,California
Sierra,2021-05-17,1,2636,1,148,0,2471,0,17,1,94,0,1276,1,1370,California
Sierra,2021-05-18,3,2639,1,149,1,2472,1,18,0,92,3,1279,1,1371,California
Sierra,2021-05-19,6,2645,3,152,3,2475,0,18,2,90,4,1283,2,1373,California
Sierra,2021-05-20,9,2654,8,160,0,2475,1,19,8,98,1,1284,9,1382,California
Sierra,2021-05-21,4,2658,2,162,2,2477,0,19,1,96,3,1287,1,1383,California
Sierra,2021-05-22,4,2662,0,162,4,2481,0,19,0,92,4,1291,0,1383,California
Sierra,2021-05-23,1,2663,0,162,1,2482,0,19,1,93,0,1291,1,1384,California
Sierra,2021-05-24,2,2665,1,163,1,2483,0,19,1,93,1,1292,1,1385,California
Sierra,2021-05-25,2,2667,0,163,2,2485,0,19,0,91,2,1294,0,1385,California
Sierra,2021-05-26,8,2675,0,163,8,2493,0,19,4,91,4,1298,4,1389,California
Sierra,2021-05-27,9,2684,2,165,6,2499,1,20,3,89,6,1304,4,1393,California
Sierra,2021-05-28,4,2688,2,167,2,2501,0,20,2,89,2,1306,2,1395,California
Sierra,2021-05-29,2,2690,0,167,2,2503,0,20,2,91,0,1306,2,1397,California
Sierra,2021-05-30,1,2691,1,168,0,2503,0,20,1,92,0,1306,1,1398,California
Siskiyou,2020-12-16,2,2,2,2,0,0,0,0,2,2,0,0,2,2,California
Siskiyou,2020-12-17,4,6,4,6,0,0,0,0,4,6,0,0,4,6,California
Siskiyou,2020-12-18,2,8,2,8,0,0,0,0,2,8,0,0,2,8,California
Siskiyou,2020-12-19,4,12,4,12,0,0,0,0,4,12,0,0,4,12,California
Siskiyou,2020-12-20,1,13,1,13,0,0,0,0,1,13,0,0,1,13,California
Siskiyou,2020-12-21,132,145,132,145,0,0,0,0,132,145,0,0,132,145,California
Siskiyou,2020-12-22,158,303,158,303,0,0,0,0,158,303,0,0,158,303,California
Siskiyou,2020-12-23,142,445,142,445,0,0,0,0,142,445,0,0,142,445,California
Siskiyou,2020-12-24,5,450,5,450,0,0,0,0,5,450,0,0,5,450,California
Siskiyou,2020-12-26,2,452,0,450,2,2,0,0,2,452,0,0,2,452,California
Siskiyou,2020-12-27,2,454,0,450,2,4,0,0,2,454,0,0,2,454,California
Siskiyou,2020-12-28,3,457,1,451,2,6,0,0,3,457,0,0,3,457,California
Siskiyou,2020-12-29,6,463,2,453,4,10,0,0,6,463,0,0,6,463,California
Siskiyou,2020-12-30,98,561,3,456,95,105,0,0,98,561,0,0,98,561,California
Siskiyou,2020-12-31,12,573,0,456,12,117,0,0,12,573,0,0,12,573,California
Siskiyou,2021-01-02,1,574,1,457,0,117,0,0,1,574,0,0,1,574,California
Siskiyou,2021-01-03,1,575,0,457,1,118,0,0,1,575,0,0,1,575,California
Siskiyou,2021-01-04,130,705,3,460,127,245,0,0,130,705,0,0,130,705,California
Siskiyou,2021-01-05,116,821,4,464,112,357,0,0,115,819,1,1,115,820,California
Siskiyou,2021-01-06,59,880,6,470,53,410,0,0,55,870,4,5,55,875,California
Siskiyou,2021-01-07,175,1055,4,474,171,581,0,0,174,1043,1,6,174,1049,California
Siskiyou,2021-01-08,41,1096,3,477,38,619,0,0,39,1080,2,8,39,1088,California
Siskiyou,2021-01-09,2,1098,2,479,0,619,0,0,0,1078,2,10,0,1088,California
Siskiyou,2021-01-11,226,1324,65,544,161,780,0,0,163,1178,63,73,163,1251,California
Siskiyou,2021-01-12,322,1646,274,818,48,828,0,0,89,1035,233,306,90,1341,California
Siskiyou,2021-01-13,157,1803,137,955,20,848,0,0,23,924,134,440,23,1364,California
Siskiyou,2021-01-14,25,1828,1,956,24,872,0,0,24,947,1,441,24,1388,California
Siskiyou,2021-01-15,35,1863,3,959,32,904,0,0,35,982,0,441,35,1423,California
Siskiyou,2021-01-16,7,1870,2,961,5,909,0,0,7,989,0,441,7,1430,California
Siskiyou,2021-01-17,1,1871,1,962,0,909,0,0,0,988,1,442,0,1430,California
Siskiyou,2021-01-18,77,1948,4,966,73,982,0,0,75,1061,2,444,75,1505,California
Siskiyou,2021-01-19,21,1969,1,967,20,1002,0,0,20,1080,1,445,20,1525,California
Siskiyou,2021-01-20,47,2016,35,1002,12,1014,0,0,43,1119,4,449,43,1568,California
Siskiyou,2021-01-21,42,2058,1,1003,41,1055,0,0,42,1161,0,449,42,1610,California
Siskiyou,2021-01-22,1327,3385,1175,2178,152,1207,0,0,1327,2488,0,449,1327,2937,California
Siskiyou,2021-01-23,5,3390,1,2179,4,1211,0,0,2,2487,3,452,2,2939,California
Siskiyou,2021-01-25,182,3572,8,2187,174,1385,0,0,178,2661,4,456,178,3117,California
Siskiyou,2021-01-26,148,3720,3,2190,145,1530,0,0,140,2793,8,464,140,3257,California
Siskiyou,2021-01-27,181,3901,1,2191,180,1710,0,0,126,2864,55,519,126,3383,California
Siskiyou,2021-01-28,231,4132,117,2308,114,1824,0,0,225,3083,6,525,225,3608,California
Siskiyou,2021-01-29,249,4381,3,2311,246,2070,0,0,247,3328,2,527,247,3855,California
Siskiyou,2021-01-30,4,4385,3,2314,1,2071,0,0,4,3332,0,527,4,3859,California
Siskiyou,2021-02-01,195,4580,3,2317,192,2263,0,0,105,3347,90,617,105,3964,California
Siskiyou,2021-02-02,289,4869,45,2362,244,2507,0,0,147,3352,142,759,147,4111,California
Siskiyou,2021-02-03,314,5183,1,2363,313,2820,0,0,264,3566,50,809,264,4375,California
Siskiyou,2021-02-04,322,5505,7,2370,315,3135,0,0,200,3644,122,931,200,4575,California
Siskiyou,2021-02-05,511,6016,4,2374,507,3642,0,0,349,3831,162,1093,349,4924,California
Siskiyou,2021-02-06,15,6031,0,2374,15,3657,0,0,15,3846,0,1093,15,4939,California
Siskiyou,2021-02-07,3,6034,2,2376,1,3658,0,0,3,3849,0,1093,3,4942,California
Siskiyou,2021-02-08,221,6255,5,2381,216,3874,0,0,216,4060,5,1098,216,5158,California
Siskiyou,2021-02-09,197,6452,4,2385,193,4067,0,0,164,4191,33,1131,164,5322,California
Siskiyou,2021-02-10,370,6822,40,2425,330,4397,0,0,317,4456,52,1183,317,5639,California
Siskiyou,2021-02-11,189,7011,1,2426,188,4585,0,0,174,4615,15,1198,174,5813,California
Siskiyou,2021-02-12,1690,8701,1198,3624,492,5077,0,0,501,3927,1189,2387,501,6314,California
Siskiyou,2021-02-13,36,8737,2,3626,34,5111,0,0,32,3955,4,2391,32,6346,California
Siskiyou,2021-02-14,5,8742,1,3627,4,5115,0,0,5,3960,0,2391,5,6351,California
Siskiyou,2021-02-15,108,8850,10,3637,98,5213,0,0,106,4064,2,2393,106,6457,California
Siskiyou,2021-02-16,114,8964,2,3639,112,5325,0,0,99,4148,15,2408,99,6556,California
Siskiyou,2021-02-17,184,9148,15,3654,169,5494,0,0,170,4304,14,2422,170,6726,California
Siskiyou,2021-02-18,221,9369,88,3742,133,5627,0,0,98,4279,123,2545,98,6824,California
Siskiyou,2021-02-19,71,9440,34,3776,37,5664,0,0,34,4276,37,2582,34,6858,California
Siskiyou,2021-02-20,21,9461,3,3779,18,5682,0,0,16,4287,5,2587,16,6874,California
Siskiyou,2021-02-21,1,9462,1,3780,0,5682,0,0,1,4288,0,2587,1,6875,California
Siskiyou,2021-02-22,125,9587,2,3782,123,5805,0,0,19,4201,106,2693,19,6894,California
Siskiyou,2021-02-23,197,9784,15,3797,182,5987,0,0,53,4110,144,2837,53,6947,California
Siskiyou,2021-02-24,149,9933,5,3802,144,6131,0,0,37,4035,112,2949,37,6984,California
Siskiyou,2021-02-25,301,10234,24,3826,277,6408,0,0,155,4044,146,3095,155,7139,California
Siskiyou,2021-02-26,671,10905,11,3837,660,7068,0,0,369,4111,302,3397,369,7508,California
Siskiyou,2021-02-27,32,10937,5,3842,27,7095,0,0,28,4135,4,3401,28,7536,California
Siskiyou,2021-02-28,6,10943,5,3847,1,7096,0,0,4,4137,2,3403,4,7540,California
Siskiyou,2021-03-01,280,11223,6,3853,274,7370,0,0,50,3957,230,3633,50,7590,California
Siskiyou,2021-03-02,190,11413,1,3854,189,7559,0,0,70,3907,120,3753,70,7660,California
Siskiyou,2021-03-03,348,11761,10,3864,338,7897,0,0,155,3869,193,3946,155,7815,California
Siskiyou,2021-03-04,793,12554,620,4484,173,8070,0,0,635,4346,158,4104,635,8450,California
Siskiyou,2021-03-05,326,12880,6,4490,309,8379,11,11,105,4244,218,4322,116,8566,California
Siskiyou,2021-03-06,43,12923,3,4493,33,8412,7,18,28,4264,15,4337,35,8601,California
Siskiyou,2021-03-07,12,12935,4,4497,0,8412,8,26,3,4266,9,4346,11,8612,California
Siskiyou,2021-03-08,360,13295,30,4527,295,8707,35,61,59,4059,301,4647,94,8706,California
Siskiyou,2021-03-09,164,13459,2,4529,108,8815,54,115,57,4063,107,4754,111,8817,California
Siskiyou,2021-03-10,222,13681,7,4536,185,9000,30,145,30,3931,192,4946,60,8877,California
Siskiyou,2021-03-11,476,14157,206,4742,223,9223,47,192,276,4055,199,5145,323,9200,California
Siskiyou,2021-03-12,650,14807,141,4883,470,9693,39,231,184,3816,464,5609,225,9425,California
Siskiyou,2021-03-13,428,15235,380,5263,25,9718,23,254,381,4174,47,5656,405,9830,California
Siskiyou,2021-03-14,20,15255,1,5264,3,9721,16,270,2,4174,18,5674,18,9848,California
Siskiyou,2021-03-15,457,15712,258,5522,177,9898,22,292,322,4383,135,5809,344,10192,California
Siskiyou,2021-03-16,257,15969,34,5556,206,10104,17,309,140,4424,116,5925,157,10349,California
Siskiyou,2021-03-17,201,16170,9,5565,184,10288,8,317,34,4299,167,6092,42,10391,California
Siskiyou,2021-03-18,929,17099,791,6356,126,10414,12,329,813,5008,116,6208,825,11216,California
Siskiyou,2021-03-19,68,17167,10,6366,45,10459,13,342,20,4993,48,6256,33,11249,California
Siskiyou,2021-03-20,30,17197,7,6373,18,10477,5,347,6,4980,24,6280,11,11260,California
Siskiyou,2021-03-21,10,17207,4,6377,1,10478,5,352,4,4983,6,6286,9,11269,California
Siskiyou,2021-03-22,208,17415,21,6398,165,10643,22,374,145,5090,60,6346,167,11436,California
Siskiyou,2021-03-23,196,17611,19,6417,167,10810,10,384,141,5186,55,6401,151,11587,California
Siskiyou,2021-03-24,141,17752,47,6464,94,10904,0,384,115,5275,26,6427,115,11702,California
Siskiyou,2021-03-25,571,18323,319,6783,249,11153,3,387,400,5507,171,6598,403,12105,California
Siskiyou,2021-03-26,305,18628,35,6818,270,11423,0,387,104,5412,199,6797,104,12209,California
Siskiyou,2021-03-27,37,18665,4,6822,28,11451,5,392,9,5398,28,6825,14,12223,California
Siskiyou,2021-03-28,9,18674,8,6830,1,11452,0,392,5,5399,4,6829,5,12228,California
Siskiyou,2021-03-29,96,18770,10,6840,84,11536,2,394,46,5397,50,6879,48,12276,California
Siskiyou,2021-03-30,102,18872,7,6847,94,11630,1,395,41,5378,61,6940,42,12318,California
Siskiyou,2021-03-31,190,19062,20,6867,167,11797,3,398,48,5289,141,7081,52,12370,California
Siskiyou,2021-04-01,831,19893,673,7540,158,11955,0,398,214,4886,617,7698,214,12584,California
Siskiyou,2021-04-02,347,20240,197,7737,146,12101,4,402,66,4677,279,7977,70,12654,California
Siskiyou,2021-04-03,26,20266,5,7742,14,12115,7,409,5,4668,21,7998,12,12666,California
Siskiyou,2021-04-04,2,20268,1,7743,1,12116,0,409,1,4668,1,7999,1,12667,California
Siskiyou,2021-04-05,439,20707,332,8075,81,12197,26,435,27,4310,411,8410,53,12720,California
Siskiyou,2021-04-06,219,20926,36,8111,130,12327,53,488,125,4394,93,8503,177,12897,California
Siskiyou,2021-04-07,116,21042,11,8122,63,12390,42,530,66,4452,50,8553,108,13005,California
Siskiyou,2021-04-08,354,21396,186,8308,127,12517,41,571,64,4267,290,8843,105,13110,California
Siskiyou,2021-04-09,548,21944,379,8687,131,12648,38,609,84,3927,463,9306,123,13233,California
Siskiyou,2021-04-10,45,21989,6,8693,2,12650,37,646,6,3931,39,9345,43,13276,California
Siskiyou,2021-04-11,8,21997,5,8698,1,12651,2,648,2,3929,6,9351,4,13280,California
Siskiyou,2021-04-12,129,22126,25,8723,103,12754,1,649,49,3899,80,9431,50,13330,California
Siskiyou,2021-04-13,207,22333,37,8760,169,12923,1,650,81,3855,126,9557,82,13412,California
Siskiyou,2021-04-14,156,22489,65,8825,91,13014,0,650,85,3871,69,9626,85,13497,California
Siskiyou,2021-04-15,1118,23607,959,9784,159,13173,0,650,438,3629,680,10306,438,13935,California
Siskiyou,2021-04-16,301,23908,207,9991,94,13267,0,650,270,3869,30,10336,270,14205,California
Siskiyou,2021-04-17,11,23919,8,9999,3,13270,0,650,7,3872,4,10340,7,14212,California
Siskiyou,2021-04-18,6,23925,3,10002,3,13273,0,650,2,3870,4,10344,2,14214,California
Siskiyou,2021-04-19,128,24053,25,10027,103,13376,0,650,45,3832,83,10427,45,14259,California
Siskiyou,2021-04-20,237,24290,5,10032,232,13608,0,650,94,3783,143,10570,94,14353,California
Siskiyou,2021-04-21,94,24384,10,10042,84,13692,0,650,25,3739,69,10639,25,14378,California
Siskiyou,2021-04-22,416,24800,302,10344,114,13806,0,650,51,3425,365,11004,51,14429,California
Siskiyou,2021-04-23,181,24981,15,10359,166,13972,0,650,159,3563,21,11025,159,14588,California
Siskiyou,2021-04-24,27,25008,4,10363,23,13995,0,650,19,3574,8,11033,19,14607,California
Siskiyou,2021-04-25,2,25010,0,10363,2,13997,0,650,2,3576,0,11033,2,14609,California
Siskiyou,2021-04-26,100,25110,6,10369,89,14086,5,655,25,3531,75,11108,30,14639,California
Siskiyou,2021-04-27,102,25212,4,10373,96,14182,2,657,83,3599,17,11125,85,14724,California
Siskiyou,2021-04-28,110,25322,8,10381,94,14276,8,665,52,3601,58,11183,60,14784,California
Siskiyou,2021-04-29,105,25427,14,10395,91,14367,0,665,25,3546,80,11263,25,14809,California
Siskiyou,2021-04-30,101,25528,20,10415,80,14447,1,666,44,3536,54,11317,44,14853,California
Siskiyou,2021-05-01,11,25539,7,10422,1,14448,3,669,7,3542,4,11321,10,14863,California
Siskiyou,2021-05-02,11,25550,5,10427,6,14454,0,669,9,3549,2,11323,9,14872,California
Siskiyou,2021-05-03,110,25660,23,10450,85,14539,2,671,47,3535,63,11386,49,14921,California
Siskiyou,2021-05-04,123,25783,6,10456,115,14654,2,673,62,3539,60,11446,64,14985,California
Siskiyou,2021-05-05,117,25900,21,10477,87,14741,9,682,39,3510,77,11523,48,15033,California
Siskiyou,2021-05-06,367,26267,296,10773,65,14806,6,688,190,3529,177,11700,196,15229,California
Siskiyou,2021-05-07,309,26576,219,10992,85,14891,5,693,33,3292,275,11975,38,15267,California
Siskiyou,2021-05-08,24,26600,4,10996,19,14910,1,694,18,3305,6,11981,19,15286,California
Siskiyou,2021-05-09,1,26601,0,10996,1,14911,0,694,0,3304,1,11982,0,15286,California
Siskiyou,2021-05-10,98,26699,67,11063,30,14941,1,695,20,3247,78,12060,21,15307,California
Siskiyou,2021-05-11,82,26781,4,11067,73,15014,5,700,47,3264,35,12095,52,15359,California
Siskiyou,2021-05-12,52,26833,3,11070,45,15059,4,704,15,3246,37,12132,19,15378,California
Siskiyou,2021-05-13,76,26909,31,11101,36,15095,9,713,33,3245,43,12175,42,15420,California
Siskiyou,2021-05-14,170,27079,82,11183,87,15182,1,714,103,3283,66,12241,104,15524,California
Siskiyou,2021-05-15,45,27124,14,11197,29,15211,2,716,38,3317,6,12247,40,15564,California
Siskiyou,2021-05-16,6,27130,2,11199,4,15215,0,716,4,3319,2,12249,4,15568,California
Siskiyou,2021-05-17,66,27196,2,11201,41,15256,23,739,12,3300,54,12303,35,15603,California
Siskiyou,2021-05-18,220,27416,82,11283,134,15390,4,743,123,3331,96,12399,127,15730,California
Siskiyou,2021-05-19,156,27572,96,11379,59,15449,1,744,124,3424,32,12431,125,15855,California
Siskiyou,2021-05-20,496,28068,425,11804,69,15518,2,746,228,3386,268,12699,230,16085,California
Siskiyou,2021-05-21,172,28240,86,11890,85,15603,1,747,98,3412,73,12772,99,16184,California
Siskiyou,2021-05-22,40,28280,19,11909,21,15624,0,747,24,3420,16,12788,24,16208,California
Siskiyou,2021-05-23,3,28283,3,11912,0,15624,0,747,1,3419,2,12790,1,16209,California
Siskiyou,2021-05-24,22,28305,5,11917,17,15641,0,747,10,3418,11,12801,10,16219,California
Siskiyou,2021-05-25,143,28448,13,11930,114,15755,16,763,43,3378,99,12900,59,16278,California
Siskiyou,2021-05-26,75,28523,20,11950,55,15810,0,763,42,3387,33,12933,42,16320,California
Siskiyou,2021-05-27,135,28658,96,12046,36,15846,3,766,61,3378,74,13007,65,16385,California
Siskiyou,2021-05-28,121,28779,53,12099,67,15913,1,767,79,3416,42,13049,80,16465,California
Siskiyou,2021-05-29,17,28796,9,12108,6,15919,2,769,8,3417,9,13058,10,16475,California
Siskiyou,2021-05-31,1,28797,0,12108,0,15919,1,770,0,3417,1,13059,1,16476,California
Solano,2020-12-15,4,4,4,4,0,0,0,0,4,4,0,0,4,4,California
Solano,2020-12-16,71,75,71,75,0,0,0,0,71,75,0,0,71,75,California
Solano,2020-12-17,154,229,154,229,0,0,0,0,154,229,0,0,154,229,California
Solano,2020-12-18,446,675,445,674,1,1,0,0,446,675,0,0,446,675,California
Solano,2020-12-19,522,1197,522,1196,0,1,0,0,522,1197,0,0,522,1197,California
Solano,2020-12-20,356,1553,354,1550,2,3,0,0,356,1553,0,0,356,1553,California
Solano,2020-12-21,572,2125,570,2120,2,5,0,0,572,2125,0,0,572,2125,California
Solano,2020-12-22,663,2788,630,2750,33,38,0,0,663,2788,0,0,663,2788,California
Solano,2020-12-23,870,3658,779,3529,91,129,0,0,869,3656,1,1,869,3657,California
Solano,2020-12-24,423,4081,171,3700,252,381,0,0,423,4079,0,1,423,4080,California
Solano,2020-12-25,10,4091,2,3702,8,389,0,0,10,4089,0,1,10,4090,California
Solano,2020-12-26,173,4264,47,3749,126,515,0,0,173,4262,0,1,173,4263,California
Solano,2020-12-27,105,4369,29,3778,76,591,0,0,105,4367,0,1,105,4368,California
Solano,2020-12-28,866,5235,422,4200,444,1035,0,0,866,5233,0,1,866,5234,California
Solano,2020-12-29,902,6137,375,4575,527,1562,0,0,902,6135,0,1,902,6136,California
Solano,2020-12-30,1235,7372,599,5174,636,2198,0,0,1235,7370,0,1,1235,7371,California
Solano,2020-12-31,538,7910,137,5311,401,2599,0,0,538,7908,0,1,538,7909,California
Solano,2021-01-01,14,7924,13,5324,1,2600,0,0,14,7922,0,1,14,7923,California
Solano,2021-01-02,213,8137,165,5489,48,2648,0,0,213,8135,0,1,213,8136,California
Solano,2021-01-03,57,8194,40,5529,17,2665,0,0,52,8187,0,1,52,8188,California
Solano,2021-01-04,452,8646,246,5775,206,2871,0,0,442,8626,3,4,442,8630,California
Solano,2021-01-05,729,9375,376,6151,353,3224,0,0,575,9052,149,153,575,9205,California
Solano,2021-01-06,846,10221,439,6590,407,3631,0,0,581,9370,263,416,581,9786,California
Solano,2021-01-07,1068,11289,685,7275,383,4014,0,0,609,9523,457,873,610,10396,California
Solano,2021-01-08,1144,12433,778,8053,366,4380,0,0,554,9507,572,1445,556,10952,California
Solano,2021-01-09,888,13321,765,8818,123,4503,0,0,428,9478,457,1902,428,11380,California
Solano,2021-01-10,254,13575,194,9012,60,4563,0,0,152,9528,102,2004,152,11532,California
Solano,2021-01-11,1334,14909,1120,10132,214,4777,0,0,817,9828,517,2521,817,12349,California
Solano,2021-01-12,1571,16480,1173,11305,398,5175,0,0,1020,10299,550,3071,1021,13370,California
Solano,2021-01-13,1464,17944,1006,12311,458,5633,0,0,1205,11247,257,3328,1205,14575,California
Solano,2021-01-14,1892,19836,814,13125,1078,6711,0,0,1577,12510,314,3642,1577,16152,California
Solano,2021-01-15,1698,21534,1059,14184,639,7350,0,0,1401,13614,297,3939,1401,17553,California
Solano,2021-01-16,1293,22827,904,15088,389,7739,0,0,1118,14557,175,4114,1118,18671,California
Solano,2021-01-17,1042,23869,758,15846,284,8023,0,0,1022,15560,20,4134,1023,19694,California
Solano,2021-01-18,1409,25278,853,16699,556,8579,0,0,1292,16736,117,4251,1293,20987,California
Solano,2021-01-19,1652,26930,1338,18037,314,8893,0,0,1381,17847,270,4521,1381,22368,California
Solano,2021-01-20,2034,28964,1421,19458,613,9506,0,0,1547,18910,484,5005,1547,23915,California
Solano,2021-01-21,3187,32151,1016,20474,2171,11677,0,0,2835,21394,352,5357,2836,26751,California
Solano,2021-01-22,1772,33923,845,21319,927,12604,0,0,1579,22780,193,5550,1579,28330,California
Solano,2021-01-23,737,34660,242,21561,495,13099,0,0,532,23107,206,5756,533,28863,California
Solano,2021-01-24,403,35063,61,21622,342,13441,0,0,336,23376,67,5823,336,29199,California
Solano,2021-01-25,1670,36733,631,22253,1039,14480,0,0,1114,23936,555,6378,1115,30314,California
Solano,2021-01-26,1783,38516,741,22994,1042,15522,0,0,1149,24453,633,7011,1150,31464,California
Solano,2021-01-27,1787,40303,719,23713,1068,16590,0,0,1183,25036,600,7611,1183,32647,California
Solano,2021-01-28,1964,42267,709,24422,1255,17845,0,0,1372,25818,591,8202,1373,34020,California
Solano,2021-01-29,1702,43969,784,25206,918,18763,0,0,1342,26802,358,8560,1342,35362,California
Solano,2021-01-30,952,44921,457,25663,495,19258,0,0,608,27067,344,8904,609,35971,California
Solano,2021-01-31,245,45166,153,25816,92,19350,0,0,174,27170,71,8975,174,36145,California
Solano,2021-02-01,1558,46724,1036,26852,522,19872,0,0,777,27169,778,9753,777,36922,California
Solano,2021-02-02,3347,50071,1095,27947,2252,22124,0,0,2538,28902,805,10558,2538,39460,California
Solano,2021-02-03,2266,52337,1308,29255,958,23082,0,0,1166,28971,1097,11655,1166,40626,California
Solano,2021-02-04,1796,54133,900,30155,896,23978,0,0,1072,29324,719,12374,1072,41698,California
Solano,2021-02-05,3098,57231,1417,31572,1681,25659,0,0,2093,30420,997,13371,2093,43791,California
Solano,2021-02-06,3061,60292,1169,32741,1892,27551,0,0,2244,31851,813,14184,2244,46035,California
Solano,2021-02-07,848,61140,784,33525,64,27615,0,0,237,31478,610,14794,237,46272,California
Solano,2021-02-08,1757,62897,1235,34760,522,28137,0,0,715,31153,1040,15834,715,46987,California
Solano,2021-02-09,1950,64847,1484,36244,466,28603,0,0,698,30600,1251,17085,698,47685,California
Solano,2021-02-10,2266,67113,1496,37740,770,29373,0,0,824,29982,1442,18527,824,48509,California
Solano,2021-02-11,2517,69630,1492,39232,1025,30398,0,0,1198,29872,1308,19835,1198,49707,California
Solano,2021-02-12,4229,73859,1630,40862,2599,32997,0,0,2879,31408,1343,21178,2879,52586,California
Solano,2021-02-13,2869,76728,250,41112,2619,35616,0,0,2454,33450,412,21590,2454,55040,California
Solano,2021-02-14,726,77454,204,41316,522,36138,0,0,416,33559,308,21898,417,55457,California
Solano,2021-02-15,1328,78782,324,41640,1004,37142,0,0,694,33620,633,22531,694,56151,California
Solano,2021-02-16,2561,81343,1387,43027,1174,38316,0,0,1664,34389,896,23427,1665,57816,California
Solano,2021-02-17,3218,84561,1455,44482,1763,40079,0,0,2175,35525,1040,24467,2176,59992,California
Solano,2021-02-18,2880,87441,843,45325,2037,42116,0,0,865,34382,2009,26476,866,60858,California
Solano,2021-02-19,2400,89841,1446,46771,954,43070,0,0,1170,34329,1225,27701,1172,62030,California
Solano,2021-02-20,2576,92417,383,47154,2193,45263,0,0,2106,35964,471,28172,2106,64136,California
Solano,2021-02-21,2191,94608,1878,49032,313,45576,0,0,1881,37539,306,28478,1881,66017,California
Solano,2021-02-22,1736,96344,1053,50085,683,46259,0,0,913,37633,821,29299,915,66932,California
Solano,2021-02-23,2864,99208,1088,51173,1776,48035,0,0,1957,38687,903,30202,1957,68889,California
Solano,2021-02-24,2486,101694,1244,52417,1242,49277,0,0,1391,38985,1093,31295,1391,70280,California
Solano,2021-02-25,2413,104107,1450,53867,963,50240,0,0,1319,39215,1089,32384,1319,71599,California
Solano,2021-02-26,3190,107297,2033,55900,1157,51397,0,0,1871,39772,1314,33698,1871,73470,California
Solano,2021-02-27,3663,110960,1382,57282,2280,53677,1,1,2962,42042,693,34391,2963,76433,California
Solano,2021-02-28,1369,112329,1038,58320,331,54008,0,1,1087,42851,279,34670,1088,77521,California
Solano,2021-03-01,2457,114786,1057,59377,1399,55407,1,2,1856,44112,596,35266,1857,79378,California
Solano,2021-03-02,2245,117031,1401,60778,844,56251,0,2,1294,44456,950,36216,1294,80672,California
Solano,2021-03-03,2241,119272,1261,62039,980,57231,0,2,1390,45004,843,37059,1391,82063,California
Solano,2021-03-04,4387,123659,3437,65476,948,58179,2,4,3164,46960,1213,38272,3169,85232,California
Solano,2021-03-05,4937,128596,1685,67161,3247,61426,5,9,3966,49970,961,39233,3971,89203,California
Solano,2021-03-06,3856,132452,834,67995,2983,64409,39,48,2653,51470,1192,40425,2692,91895,California
Solano,2021-03-07,3583,136035,761,68756,2812,67221,10,58,1969,51848,1602,42027,1980,93875,California
Solano,2021-03-08,2141,138176,1342,70098,529,67750,270,328,1619,53218,517,42544,1887,95762,California
Solano,2021-03-09,3222,141398,1569,71667,1599,69349,54,382,2323,54694,898,43442,2374,98136,California
Solano,2021-03-10,2430,143828,1766,73433,579,69928,85,467,1274,54902,1151,44593,1359,99495,California
Solano,2021-03-11,6032,149860,1760,75193,4018,73946,254,721,4978,59085,1050,45643,5233,104728,California
Solano,2021-03-12,6025,155885,1570,76763,4277,78223,178,899,3189,59622,2832,48475,3369,108097,California
Solano,2021-03-13,4581,160466,805,77568,3692,81915,84,983,2236,59608,2338,50813,2324,110421,California
Solano,2021-03-14,3999,164465,3121,80689,423,82338,455,1438,1640,59346,2354,53167,2092,112513,California
Solano,2021-03-15,4017,168482,2453,83142,1244,83582,320,1758,2517,60690,1492,54659,2836,115349,California
Solano,2021-03-16,3090,171572,1323,84465,1531,85113,236,1994,1575,60990,1511,56170,1811,117160,California
Solano,2021-03-17,6428,178000,1674,86139,4663,89776,91,2085,4937,64530,1488,57658,5028,122188,California
Solano,2021-03-18,5201,183201,1847,87986,3315,93091,39,2124,3825,67027,1368,59026,3865,126053,California
Solano,2021-03-19,3562,186763,2633,90619,855,93946,74,2198,1810,67168,1744,60770,1885,127938,California
Solano,2021-03-20,5554,192317,1672,92291,3828,97774,54,2252,2843,67363,2702,63472,2897,130835,California
Solano,2021-03-21,1681,193998,1575,93866,81,97855,25,2277,858,67424,820,64292,881,131716,California
Solano,2021-03-22,2671,196669,2039,95905,582,98437,50,2327,1666,68137,999,65291,1712,133428,California
Solano,2021-03-23,3522,200191,1668,97573,1811,100248,43,2370,1410,67481,2108,67399,1452,134880,California
Solano,2021-03-24,2830,203021,1773,99346,1022,101270,35,2405,1370,67431,1454,68853,1404,136284,California
Solano,2021-03-25,4871,207892,3991,103337,845,102115,35,2440,2274,67148,2593,71446,2310,138594,California
Solano,2021-03-26,3228,211120,2097,105434,1094,103209,37,2477,1741,67448,1478,72924,1778,140372,California
Solano,2021-03-27,4200,215320,1157,106591,3006,106215,37,2514,1792,66875,2402,75326,1829,142201,California
Solano,2021-03-28,1419,216739,1111,107702,290,106505,18,2532,550,66578,865,76191,568,142769,California
Solano,2021-03-29,3511,220250,2044,109746,1450,107955,17,2549,1579,66259,1919,78110,1600,144369,California
Solano,2021-03-30,3033,223283,2014,111760,928,108883,91,2640,1889,67096,1143,79253,1980,146349,California
Solano,2021-03-31,3142,226425,2139,113899,843,109726,160,2800,1842,67798,1297,80550,1999,148348,California
Solano,2021-04-01,5551,231976,2112,116011,3288,113014,151,2951,3509,69429,2029,82579,3660,152008,California
Solano,2021-04-02,6612,238588,2232,118243,4213,117227,167,3118,2553,68112,4044,86623,2727,154735,California
Solano,2021-04-03,1532,240120,966,119209,411,117638,155,3273,568,67873,962,87585,723,155458,California
Solano,2021-04-04,781,240901,288,119497,191,117829,302,3575,240,67878,537,88122,542,156000,California
Solano,2021-04-05,2991,243892,2044,121541,740,118569,207,3782,1516,68127,1473,89595,1722,157722,California
Solano,2021-04-06,6045,249937,1638,123179,3916,122485,491,4273,1640,65882,4398,93993,2153,159875,California
Solano,2021-04-07,5926,255863,4584,127763,944,123429,398,4671,3367,67115,2540,96533,3773,163648,California
Solano,2021-04-08,6455,262318,1794,129557,3797,127226,864,5535,1812,65183,4614,101147,2682,166330,California
Solano,2021-04-09,6281,268599,1664,131221,3768,130994,849,6384,1517,62811,4740,105887,2368,168698,California
Solano,2021-04-10,1733,270332,955,132176,453,131447,325,6709,801,63005,931,106818,1125,169823,California
Solano,2021-04-11,1231,271563,765,132941,337,131784,129,6838,638,63182,590,107408,767,170590,California
Solano,2021-04-12,3251,274814,1673,134614,1219,133003,359,7197,1337,62966,1909,109317,1693,172283,California
Solano,2021-04-13,2531,277345,1092,135706,1438,134441,1,7198,1319,63078,1208,110525,1320,173603,California
Solano,2021-04-14,6451,283796,1946,137652,4505,138946,0,7198,1825,60286,4618,115143,1826,175429,California
Solano,2021-04-15,5667,289463,2138,139790,3529,142475,0,7198,1718,58069,3935,119078,1718,177147,California
Solano,2021-04-16,3671,293134,2577,142367,1092,143567,2,7200,2280,58965,1386,120464,2282,179429,California
Solano,2021-04-17,3252,296386,1061,143428,2191,145758,0,7200,1119,57960,2125,122589,1120,180549,California
Solano,2021-04-18,1004,297390,610,144038,394,146152,0,7200,529,58015,474,123063,529,181078,California
Solano,2021-04-19,2107,299497,1158,145196,949,147101,0,7200,1173,58261,929,123992,1175,182253,California
Solano,2021-04-20,3023,302520,1845,147041,1178,148279,0,7200,1683,58608,1336,125328,1683,183936,California
Solano,2021-04-21,3566,306086,2333,149374,1233,149512,0,7200,1791,58629,1770,127098,1791,185727,California
Solano,2021-04-22,2935,309021,1484,150858,1451,150963,0,7200,1780,59256,1153,128251,1780,187507,California
Solano,2021-04-23,4151,313172,2086,152944,2065,153028,0,7200,2498,60108,1647,129898,2499,190006,California
Solano,2021-04-24,3823,316995,2292,155236,1529,154557,2,7202,2530,61433,1207,131105,2532,192538,California
Solano,2021-04-25,1427,318422,1113,156349,314,154871,0,7202,1128,62269,292,131397,1128,193666,California
Solano,2021-04-26,2469,320891,1598,157947,867,155738,4,7206,1323,62462,1134,132531,1327,194993,California
Solano,2021-04-27,2500,323391,1246,159193,1230,156968,24,7230,1414,62823,1078,133609,1439,196432,California
Solano,2021-04-28,5572,328963,4589,163782,937,157905,46,7276,3429,64165,2133,135742,3475,199907,California
Solano,2021-04-29,4157,333120,1265,165047,2860,160765,32,7308,1692,63432,2457,138199,1724,201631,California
Solano,2021-04-30,4030,337150,2189,167236,1709,162474,132,7440,1869,63287,2146,140345,2001,203632,California
Solano,2021-05-01,2174,339324,1676,168912,298,162772,200,7640,1295,63908,874,141219,1495,205127,California
Solano,2021-05-02,1196,340520,936,169848,236,163008,24,7664,667,64075,524,141743,691,205818,California
Solano,2021-05-03,1450,341970,1008,170856,355,163363,87,7751,592,63898,857,142600,680,206498,California
Solano,2021-05-04,1793,343763,1047,171903,681,164044,65,7816,806,63784,985,143585,871,207369,California
Solano,2021-05-05,2251,346014,1409,173312,729,164773,113,7929,1082,63812,1165,144750,1193,208562,California
Solano,2021-05-06,1947,347961,1183,174495,591,165364,173,8102,722,63490,1217,145967,895,209457,California
Solano,2021-05-07,2761,350722,1908,176403,736,166100,117,8219,959,62769,1795,147762,1074,210531,California
Solano,2021-05-08,1370,352092,830,177233,425,166525,115,8334,476,62470,890,148652,591,211122,California
Solano,2021-05-09,417,352509,241,177474,165,166690,11,8345,155,62378,259,148911,167,211289,California
Solano,2021-05-10,1316,353825,604,178078,609,167299,103,8448,382,61933,931,149842,486,211775,California
Solano,2021-05-11,2241,356066,1132,179210,1025,168324,84,8532,629,61039,1607,151449,713,212488,California
Solano,2021-05-12,2047,358113,1152,180362,725,169049,170,8702,680,60530,1357,152806,848,213336,California
Solano,2021-05-13,2875,360988,1976,182338,691,169740,208,8910,1520,60906,1352,154158,1728,215064,California
Solano,2021-05-14,2410,363398,1622,183960,668,170408,120,9030,1009,60643,1392,155550,1129,216193,California
Solano,2021-05-15,2864,366262,2233,186193,569,170977,62,9092,1178,60208,1675,157225,1240,217433,California
Solano,2021-05-16,1486,367748,1090,187283,363,171340,33,9125,241,59239,1242,158467,273,217706,California
Solano,2021-05-17,2453,370201,1405,188688,963,172303,85,9210,935,58757,1498,159965,1016,218722,California
Solano,2021-05-18,2801,373002,1513,190201,1199,173502,89,9299,1389,58834,1400,161365,1477,220199,California
Solano,2021-05-19,4892,377894,3363,193564,1423,174925,106,9405,2276,58612,2605,163970,2383,222582,California
Solano,2021-05-20,2232,380126,1340,194904,842,175767,50,9455,963,58363,1262,165232,1013,223595,California
Solano,2021-05-21,3134,383260,1586,196490,1488,177255,60,9515,1248,57796,1875,167107,1308,224903,California
Solano,2021-05-22,2133,385393,1649,198139,426,177681,58,9573,909,57546,1217,168324,967,225870,California
Solano,2021-05-23,1198,386591,1037,199176,151,177832,10,9583,663,57687,532,168856,673,226543,California
Solano,2021-05-24,1822,388413,1030,200206,722,178554,70,9653,634,57207,1183,170039,703,227246,California
Solano,2021-05-25,1607,390020,813,201019,738,179292,56,9709,589,56842,1010,171049,645,227891,California
Solano,2021-05-26,1857,391877,1068,202087,737,180029,52,9761,762,56569,1087,172136,814,228705,California
Solano,2021-05-27,1807,393684,792,202879,943,180972,72,9833,815,56468,987,173123,886,229591,California
Solano,2021-05-28,1889,395573,912,203791,926,181898,51,9884,678,55995,1203,174326,730,230321,California
Solano,2021-05-29,622,396195,302,204093,291,182189,29,9913,315,56033,305,174631,343,230664,California
Solano,2021-05-30,325,396520,158,204251,143,182332,24,9937,122,55979,200,174831,146,230810,California
Solano,2021-05-31,94,396614,7,204258,76,182408,11,9948,23,55942,71,174902,34,230844,California
Sonoma,2020-12-15,4,4,4,4,0,0,0,0,4,4,0,0,4,4,California
Sonoma,2020-12-16,27,31,27,31,0,0,0,0,27,31,0,0,27,31,California
Sonoma,2020-12-17,105,136,105,136,0,0,0,0,105,136,0,0,105,136,California
Sonoma,2020-12-18,423,559,423,559,0,0,0,0,423,559,0,0,423,559,California
Sonoma,2020-12-19,112,671,111,670,1,1,0,0,112,671,0,0,112,671,California
Sonoma,2020-12-20,175,846,175,845,0,1,0,0,175,846,0,0,175,846,California
Sonoma,2020-12-21,910,1756,908,1753,2,3,0,0,909,1755,0,0,909,1755,California
Sonoma,2020-12-22,1354,3110,1263,3016,91,94,0,0,1354,3109,0,0,1354,3109,California
Sonoma,2020-12-23,1608,4718,1233,4249,375,469,0,0,1609,4718,0,0,1609,4718,California
Sonoma,2020-12-24,305,5023,101,4350,204,673,0,0,305,5023,0,0,305,5023,California
Sonoma,2020-12-25,8,5031,2,4352,6,679,0,0,8,5031,0,0,8,5031,California
Sonoma,2020-12-26,268,5299,257,4609,11,690,0,0,268,5299,0,0,268,5299,California
Sonoma,2020-12-27,94,5393,80,4689,14,704,0,0,94,5393,0,0,94,5393,California
Sonoma,2020-12-28,985,6378,552,5241,433,1137,0,0,956,6349,0,0,956,6349,California
Sonoma,2020-12-29,1129,7507,777,6018,352,1489,0,0,1096,7445,0,0,1096,7445,California
Sonoma,2020-12-30,1094,8601,479,6497,615,2104,0,0,1086,8531,0,0,1086,8531,California
Sonoma,2020-12-31,517,9118,71,6568,446,2550,0,0,518,9049,0,0,518,9049,California
Sonoma,2021-01-01,15,9133,8,6576,7,2557,0,0,15,9064,0,0,15,9064,California
Sonoma,2021-01-02,132,9265,125,6701,7,2564,0,0,132,9196,0,0,132,9196,California
Sonoma,2021-01-03,24,9289,10,6711,14,2578,0,0,24,9220,0,0,24,9220,California
Sonoma,2021-01-04,343,9632,106,6817,237,2815,0,0,342,9562,0,0,342,9562,California
Sonoma,2021-01-05,435,10067,102,6919,333,3148,0,0,410,9957,15,15,410,9972,California
Sonoma,2021-01-06,952,11019,435,7354,517,3665,0,0,840,10691,106,121,840,10812,California
Sonoma,2021-01-07,1032,12051,537,7891,495,4160,0,0,861,11382,170,291,861,11673,California
Sonoma,2021-01-08,1794,13845,1234,9125,560,4720,0,0,1321,12232,471,762,1321,12994,California
Sonoma,2021-01-09,640,14485,404,9529,236,4956,0,0,591,12774,49,811,591,13585,California
Sonoma,2021-01-10,472,14957,461,9990,11,4967,0,0,277,12856,195,1006,277,13862,California
Sonoma,2021-01-11,1385,16342,1238,11228,147,5114,0,0,414,12304,966,1972,414,14276,California
Sonoma,2021-01-12,1545,17887,1292,12520,253,5367,0,0,395,11551,1148,3120,395,14671,California
Sonoma,2021-01-13,2048,19935,1368,13888,680,6047,0,0,1181,11869,864,3984,1182,15853,California
Sonoma,2021-01-14,1541,21476,808,14696,733,6780,0,0,1311,12950,230,4214,1311,17164,California
Sonoma,2021-01-15,1560,23036,628,15324,932,7712,0,0,1339,14078,212,4426,1340,18504,California
Sonoma,2021-01-16,1146,24182,618,15942,528,8240,0,0,898,14732,244,4670,898,19402,California
Sonoma,2021-01-17,669,24851,548,16490,121,8361,0,0,589,15241,80,4750,589,19991,California
Sonoma,2021-01-18,1114,25965,938,17428,176,8537,0,0,624,15376,490,5240,625,20616,California
Sonoma,2021-01-19,2100,28065,1005,18433,1095,9632,0,0,1388,16055,710,5950,1389,22005,California
Sonoma,2021-01-20,2088,30153,629,19062,1459,11091,0,0,1424,16826,654,6604,1425,23430,California
Sonoma,2021-01-21,2269,32422,647,19709,1622,12713,0,0,2048,18656,219,6823,2049,25479,California
Sonoma,2021-01-22,2743,35165,1045,20754,1698,14411,0,0,2594,21102,148,6971,2594,28073,California
Sonoma,2021-01-23,765,35930,593,21347,172,14583,0,0,658,21654,106,7077,658,28731,California
Sonoma,2021-01-24,848,36778,717,22064,131,14714,0,0,831,22468,17,7094,831,29562,California
Sonoma,2021-01-25,2178,38956,520,22584,1658,16372,0,0,1692,23674,486,7580,1692,31254,California
Sonoma,2021-01-26,2016,40972,302,22886,1714,18086,0,0,1561,24781,454,8034,1561,32815,California
Sonoma,2021-01-27,3708,44680,1279,24165,2429,20515,0,0,3134,27346,572,8606,3137,35952,California
Sonoma,2021-01-28,4122,48802,1850,26015,2272,22787,0,0,3448,30124,671,9277,3449,39401,California
Sonoma,2021-01-29,2970,51772,1411,27426,1559,24346,0,0,2133,31423,835,10112,2134,41535,California
Sonoma,2021-01-30,2591,54363,2402,29828,189,24535,0,0,2248,33329,343,10455,2249,43784,California
Sonoma,2021-01-31,809,55172,697,30525,112,24647,0,0,580,33681,228,10683,580,44364,California
Sonoma,2021-02-01,2475,57647,852,31377,1623,26270,0,0,2098,35405,374,11057,2098,46462,California
Sonoma,2021-02-02,3526,61173,1372,32749,2154,28424,0,0,2958,37798,565,11622,2958,49420,California
Sonoma,2021-02-03,4048,65221,1325,34074,2723,31147,0,0,3116,39986,928,12550,3116,52536,California
Sonoma,2021-02-04,4216,69437,1728,35802,2488,33635,0,0,3426,42625,788,13338,3427,55963,California
Sonoma,2021-02-05,4822,74259,1741,37543,3081,36716,0,0,3800,45408,1018,14356,3801,59764,California
Sonoma,2021-02-06,2639,76898,2278,39821,361,37077,0,0,2108,46986,530,14886,2108,61872,California
Sonoma,2021-02-07,1539,78437,1403,41224,136,37213,0,0,1287,48021,252,15138,1287,63159,California
Sonoma,2021-02-08,3267,81704,1039,42263,2228,39441,0,0,2678,50111,588,15726,2678,65837,California
Sonoma,2021-02-09,3576,85280,1704,43967,1872,41313,0,0,3097,52732,477,16203,3098,68935,California
Sonoma,2021-02-10,4552,89832,2484,46451,2068,43381,0,0,3545,55276,1002,17205,3546,72481,California
Sonoma,2021-02-11,5592,95424,3027,49478,2565,45946,0,0,4402,58490,1188,18393,4402,76883,California
Sonoma,2021-02-12,5909,101333,3247,52725,2662,48608,0,0,4480,61548,1425,19818,4483,81366,California
Sonoma,2021-02-13,1992,103325,1151,53876,841,49449,0,0,1205,61969,784,20602,1205,82571,California
Sonoma,2021-02-14,2312,105637,1819,55695,493,49942,0,0,1568,62794,743,21345,1568,84139,California
Sonoma,2021-02-15,2148,107785,793,56488,1355,51297,0,0,1608,63862,540,21885,1608,85747,California
Sonoma,2021-02-16,4907,112692,2057,58545,2850,54147,0,0,3646,66252,1257,23142,3647,89394,California
Sonoma,2021-02-17,5608,118300,2904,61449,2704,56851,0,0,3578,67811,2021,25163,3580,92974,California
Sonoma,2021-02-18,6938,125238,3138,64587,3800,60651,0,0,4001,68887,2927,28090,4003,96977,California
Sonoma,2021-02-19,5520,130758,1665,66252,3855,64506,0,0,3421,70215,2094,30184,3422,100399,California
Sonoma,2021-02-20,3107,133865,2830,69082,277,64783,0,0,1206,69525,1896,32080,1206,101605,California
Sonoma,2021-02-21,533,134398,428,69510,105,64888,0,0,141,69277,389,32469,141,101746,California
Sonoma,2021-02-22,2875,137273,1355,70865,1520,66408,0,0,1193,68794,1677,34146,1194,102940,California
Sonoma,2021-02-23,3378,140651,2082,72947,1296,67704,0,0,1627,68674,1747,35893,1627,104567,California
Sonoma,2021-02-24,5651,146302,2550,75497,3101,70805,0,0,2921,68871,2725,38618,2922,107489,California
Sonoma,2021-02-25,5808,152110,2241,77738,3567,74372,0,0,3116,69318,2669,41287,3116,110605,California
Sonoma,2021-02-26,6271,158381,2763,80501,3508,77880,0,0,3976,71005,2289,43576,3976,114581,California
Sonoma,2021-02-27,4062,162443,1923,82424,2139,80019,0,0,2711,72367,1349,44925,2711,117292,California
Sonoma,2021-02-28,2325,164768,1838,84262,487,80506,0,0,610,71276,1701,46626,610,117902,California
Sonoma,2021-03-01,3762,168530,1149,85411,2612,83118,1,1,1895,71316,1857,48483,1897,119799,California
Sonoma,2021-03-02,4388,172918,1514,86925,2874,85992,0,1,2565,72065,1816,50299,2565,122364,California
Sonoma,2021-03-03,5067,177985,2643,89568,2424,88416,0,1,2334,71673,2726,53025,2334,124698,California
Sonoma,2021-03-04,5962,183947,2686,92254,3276,91692,0,1,2596,70917,3352,56377,2596,127294,California
Sonoma,2021-03-05,6501,190448,2865,95119,3621,95313,15,16,2754,69954,3733,60110,2770,130064,California
Sonoma,2021-03-06,2799,193247,1222,96341,1442,96755,135,151,1926,71148,866,60976,2060,132124,California
Sonoma,2021-03-07,1712,194959,1399,97740,278,97033,35,186,382,70237,1328,62304,417,132541,California
Sonoma,2021-03-08,4074,199033,662,98402,3237,100270,175,361,2400,71147,1663,63967,2573,135114,California
Sonoma,2021-03-09,5599,204632,3088,101490,2251,102521,260,621,2753,71319,2839,66806,3011,138125,California
Sonoma,2021-03-10,6037,210669,3211,104701,2478,104999,348,969,2445,70533,3578,70384,2792,140917,California
Sonoma,2021-03-11,7562,218231,3018,107719,3720,108719,824,1793,2583,68971,4969,75353,3407,144324,California
Sonoma,2021-03-12,7418,225649,2270,109989,3784,112503,1364,3157,2117,67166,5282,80635,3477,147801,California
Sonoma,2021-03-13,3420,229069,1694,111683,1488,113991,238,3395,2009,68002,1410,82045,2246,150047,California
Sonoma,2021-03-14,1385,230454,386,112069,858,114849,141,3536,848,68456,534,82579,988,151035,California
Sonoma,2021-03-15,5246,235700,1515,113584,3345,118194,386,3922,2196,67997,3039,85618,2580,153615,California
Sonoma,2021-03-16,6288,241988,2248,115832,3809,122003,231,4153,2904,67753,3377,88995,3133,156748,California
Sonoma,2021-03-17,6759,248747,3531,119363,3048,125051,180,4333,3281,67747,3466,92461,3460,160208,California
Sonoma,2021-03-18,7133,255880,2940,122303,3578,128629,615,4948,3181,67599,3941,96402,3793,164001,California
Sonoma,2021-03-19,7504,263384,3251,125554,4022,132651,231,5179,3200,66750,4285,100687,3436,167437,California
Sonoma,2021-03-20,3713,267097,1753,127307,1130,133781,830,6009,2035,67940,1670,102357,2860,170297,California
Sonoma,2021-03-21,1384,268481,603,127910,748,134529,33,6042,1212,69017,168,102525,1245,171542,California
Sonoma,2021-03-22,4549,273030,3110,131020,1336,135865,103,6145,3433,71443,1110,103635,3536,175078,California
Sonoma,2021-03-23,5838,278868,3635,134655,2128,137993,75,6220,4412,74514,1416,105051,4487,179565,California
Sonoma,2021-03-24,6801,285669,4277,138932,2457,140450,67,6287,4160,76119,2621,107672,4226,183791,California
Sonoma,2021-03-25,7116,292785,4201,143133,2805,143255,110,6397,4327,77793,2764,110436,4438,188229,California
Sonoma,2021-03-26,7453,300238,3466,146599,3892,147147,95,6492,3922,78298,3512,113948,4017,192246,California
Sonoma,2021-03-27,3863,304101,1510,148109,1991,149138,362,6854,1122,77050,2732,116680,1484,193730,California
Sonoma,2021-03-28,1511,305612,950,149059,534,149672,27,6881,944,77457,564,117244,971,194701,California
Sonoma,2021-03-29,2959,308571,1104,150163,1822,151494,33,6914,1666,77869,1287,118531,1699,196400,California
Sonoma,2021-03-30,5841,314412,3216,153379,2563,154057,62,6976,3045,78188,2789,121320,3108,199508,California
Sonoma,2021-03-31,5620,320032,3406,156785,2000,156057,214,7190,3243,79284,2364,123684,3460,202968,California
Sonoma,2021-04-01,6776,326808,4038,160823,2398,158455,340,7530,3616,80096,3136,126820,3948,206916,California
Sonoma,2021-04-02,5962,332770,3572,164395,2281,160736,109,7639,3577,81405,2377,129197,3686,210602,California
Sonoma,2021-04-03,3655,336425,1827,166222,1603,162339,225,7864,1606,81197,2037,131234,1829,212431,California
Sonoma,2021-04-04,1063,337488,692,166914,280,162619,91,7955,658,81545,401,131635,749,213180,California
Sonoma,2021-04-05,4406,341894,625,167539,3438,166057,343,8298,1648,80784,2751,134386,1990,215170,California
Sonoma,2021-04-06,6890,348784,3491,171030,2993,169050,406,8704,4003,82319,2873,137259,4408,219578,California
Sonoma,2021-04-07,6833,355617,3857,174887,2136,171186,840,9544,3323,82984,3501,140760,4166,223744,California
Sonoma,2021-04-08,7587,363204,4128,179015,2686,173872,773,10317,4153,84485,3425,144185,4926,228670,California
Sonoma,2021-04-09,6816,370020,3795,182810,2137,176009,884,11201,3503,85568,3300,147485,4383,233053,California
Sonoma,2021-04-10,3880,373900,1688,184498,1635,177644,557,11758,1126,84502,2745,150230,1679,234732,California
Sonoma,2021-04-11,1282,375182,605,185103,595,178239,82,11840,437,84177,844,151074,519,235251,California
Sonoma,2021-04-12,4930,380112,2050,187153,2398,180637,482,12322,1837,83407,3082,154156,2312,237563,California
Sonoma,2021-04-13,7806,387918,4622,191775,3182,183819,2,12324,2964,81542,4831,158987,2966,240529,California
Sonoma,2021-04-14,6549,394467,3728,195503,2801,186620,20,12344,2529,80083,4007,162994,2548,243077,California
Sonoma,2021-04-15,7226,401693,4098,199601,3128,189748,0,12344,3566,80002,3648,166642,3567,246644,California
Sonoma,2021-04-16,6786,408479,3409,203010,3375,193123,2,12346,3841,80907,2938,169580,3843,250487,California
Sonoma,2021-04-17,3191,411670,1554,204564,1637,194760,0,12346,1543,80816,1635,171215,1544,252031,California
Sonoma,2021-04-18,1290,412960,893,205457,397,195157,0,12346,453,80433,836,172051,453,252484,California
Sonoma,2021-04-19,3308,416268,1872,207329,1435,196592,1,12347,1447,80024,1857,173908,1448,253932,California
Sonoma,2021-04-20,6259,422527,3459,210788,2800,199392,0,12347,2346,78469,3902,177810,2347,256279,California
Sonoma,2021-04-21,6543,429070,4214,215002,2327,201719,2,12349,2979,77904,3545,181355,2980,259259,California
Sonoma,2021-04-22,6218,435288,4468,219470,1750,203469,0,12349,2509,76719,3694,185049,2509,261768,California
Sonoma,2021-04-23,7419,442707,4623,224093,2790,206259,6,12355,3626,76572,3780,188829,3633,265401,California
Sonoma,2021-04-24,2776,445483,1512,225605,1250,207509,14,12369,1546,76907,1225,190054,1560,266961,California
Sonoma,2021-04-25,1086,446569,788,226393,298,207807,0,12369,435,76694,648,190702,435,267396,California
Sonoma,2021-04-26,2777,449346,1293,227686,1456,209263,28,12397,1517,76986,1253,191955,1545,268941,California
Sonoma,2021-04-27,5321,454667,3634,231320,1588,210851,99,12496,2163,76102,3145,195100,2261,271202,California
Sonoma,2021-04-28,4867,459534,3199,234519,1473,212324,195,12691,2094,75629,2757,197857,2284,273486,California
Sonoma,2021-04-29,4822,464356,3436,237955,1241,213565,145,12836,1766,74493,3047,200904,1911,275397,California
Sonoma,2021-04-30,5441,469797,3622,241577,1526,215091,293,13129,1816,72989,3612,204516,2108,277505,California
Sonoma,2021-05-01,2478,472275,1779,243356,593,215684,106,13235,1235,73091,1235,205751,1337,278842,California
Sonoma,2021-05-02,864,473139,644,244000,169,215853,51,13286,553,73385,311,206062,605,279447,California
Sonoma,2021-05-03,3179,476318,1680,245680,1354,217207,145,13431,1054,72466,2116,208178,1197,280644,California
Sonoma,2021-05-04,4581,480899,2410,248090,1994,219201,177,13608,1478,71033,3083,211261,1650,282294,California
Sonoma,2021-05-05,3666,484565,2184,250274,1289,220490,193,13801,1310,70189,2345,213606,1501,283795,California
Sonoma,2021-05-06,4504,489069,2407,252681,1970,222460,127,13928,1345,68513,3146,216752,1470,285265,California
Sonoma,2021-05-07,3592,492661,2315,254996,1155,223615,122,14050,1087,67227,2495,219247,1209,286474,California
Sonoma,2021-05-08,1847,494508,1256,256252,499,224114,92,14142,752,66980,1091,220338,844,287318,California
Sonoma,2021-05-09,510,495018,294,256546,175,224289,41,14183,182,66878,325,220663,223,287541,California
Sonoma,2021-05-10,2307,497325,1034,257580,1139,225428,134,14317,289,65294,2004,222667,420,287961,California
Sonoma,2021-05-11,3505,500830,1897,259477,1493,226921,115,14432,956,63829,2536,225203,1071,289032,California
Sonoma,2021-05-12,3919,504749,2446,261923,1335,228256,138,14570,854,61766,3055,228258,992,290024,California
Sonoma,2021-05-13,4731,509480,2723,264646,1893,230149,115,14685,1571,60301,3149,231407,1684,291708,California
Sonoma,2021-05-14,5815,515295,3614,268260,2064,232213,137,14822,2233,59104,3568,234975,2371,294079,California
Sonoma,2021-05-15,2926,518221,2154,270414,710,232923,62,14884,1847,59941,1071,236046,1908,295987,California
Sonoma,2021-05-16,1305,519526,1089,271503,157,233080,59,14943,969,60637,332,236378,1028,297015,California
Sonoma,2021-05-17,2447,521973,1821,273324,531,233611,95,15038,965,60219,1477,237855,1059,298074,California
Sonoma,2021-05-18,4314,526287,2849,276173,1356,234967,109,15147,1518,59067,2778,240633,1626,299700,California
Sonoma,2021-05-19,3716,530003,2394,278567,1208,236175,114,15261,1539,58555,2165,242798,1653,301353,California
Sonoma,2021-05-20,3029,533032,2071,280638,866,237041,92,15353,1366,58354,1654,244452,1453,302806,California
Sonoma,2021-05-21,3789,536821,2144,282782,1517,238558,128,15481,1350,57400,2419,246871,1465,304271,California
Sonoma,2021-05-22,2027,538848,1084,283866,904,239462,39,15520,555,56534,1460,248331,594,304865,California
Sonoma,2021-05-23,1113,539961,964,284830,136,239598,13,15533,576,56592,531,248862,589,305454,California
Sonoma,2021-05-24,1927,541888,1210,286040,585,240183,132,15665,645,56117,1251,250113,776,306230,California
Sonoma,2021-05-25,2904,544792,1793,287833,1024,241207,87,15752,778,54867,2112,252225,862,307092,California
Sonoma,2021-05-26,2452,547244,1725,289558,627,241834,100,15852,1008,54539,1433,253658,1105,308197,California
Sonoma,2021-05-27,2050,549294,1130,290688,823,242657,97,15949,765,54124,1276,254934,861,309058,California
Sonoma,2021-05-28,2125,551419,1118,291806,914,243571,93,16042,609,53321,1504,256438,701,309759,California
Sonoma,2021-05-29,1251,552670,835,292641,351,243922,65,16107,623,53388,621,257059,688,310447,California
Sonoma,2021-05-30,343,553013,218,292859,115,244037,10,16117,140,53339,199,257258,150,310597,California
Sonoma,2021-05-31,18,553031,1,292860,17,244054,0,16117,6,53333,12,257270,6,310603,California
Stanislaus,2020-12-15,3,3,3,3,0,0,0,0,3,3,0,0,3,3,California
Stanislaus,2020-12-16,37,40,37,40,0,0,0,0,37,40,0,0,37,40,California
Stanislaus,2020-12-17,75,115,75,115,0,0,0,0,75,115,0,0,75,115,California
Stanislaus,2020-12-18,338,453,332,447,6,6,0,0,338,453,0,0,338,453,California
Stanislaus,2020-12-19,134,587,134,581,0,6,0,0,134,587,0,0,134,587,California
Stanislaus,2020-12-20,86,673,86,667,0,6,0,0,86,673,0,0,86,673,California
Stanislaus,2020-12-21,1000,1673,999,1666,1,7,0,0,999,1672,1,1,1000,1673,California
Stanislaus,2020-12-22,795,2468,783,2449,12,19,0,0,795,2467,0,1,795,2468,California
Stanislaus,2020-12-23,450,2918,432,2881,18,37,0,0,449,2916,1,2,450,2918,California
Stanislaus,2020-12-24,98,3016,89,2970,9,46,0,0,98,3014,0,2,98,3016,California
Stanislaus,2020-12-26,52,3068,9,2979,43,89,0,0,52,3066,0,2,52,3068,California
Stanislaus,2020-12-27,11,3079,6,2985,5,94,0,0,11,3077,0,2,11,3079,California
Stanislaus,2020-12-28,488,3567,395,3380,93,187,0,0,488,3565,0,2,488,3567,California
Stanislaus,2020-12-29,494,4061,415,3795,79,266,0,0,494,4059,0,2,494,4061,California
Stanislaus,2020-12-30,535,4596,280,4075,255,521,0,0,534,4592,1,3,534,4595,California
Stanislaus,2020-12-31,275,4871,156,4231,119,640,0,0,275,4867,0,3,275,4870,California
Stanislaus,2021-01-01,13,4884,5,4236,8,648,0,0,13,4880,0,3,13,4883,California
Stanislaus,2021-01-02,34,4918,26,4262,8,656,0,0,34,4914,0,3,34,4917,California
Stanislaus,2021-01-03,90,5008,87,4349,3,659,0,0,90,5004,0,3,90,5007,California
Stanislaus,2021-01-04,232,5240,152,4501,80,739,0,0,232,5236,0,3,232,5239,California
Stanislaus,2021-01-05,837,6077,345,4846,492,1231,0,0,812,6032,24,27,820,6059,California
Stanislaus,2021-01-06,1004,7081,600,5446,404,1635,0,0,931,6895,70,97,933,6992,California
Stanislaus,2021-01-07,1079,8160,703,6149,376,2011,0,0,888,7600,185,282,890,7882,California
Stanislaus,2021-01-08,1276,9436,720,6869,556,2567,0,0,932,8197,341,623,938,8820,California
Stanislaus,2021-01-09,288,9724,142,7011,146,2713,0,0,198,8305,90,713,198,9018,California
Stanislaus,2021-01-10,48,9772,22,7033,26,2739,0,0,29,8315,19,732,29,9047,California
Stanislaus,2021-01-11,1499,11271,1218,8251,281,3020,0,0,570,7980,923,1655,588,9635,California
Stanislaus,2021-01-12,1470,12741,864,9115,606,3626,0,0,830,8184,636,2291,840,10475,California
Stanislaus,2021-01-13,1448,14189,689,9804,759,4385,0,0,1124,8995,323,2614,1134,11609,California
Stanislaus,2021-01-14,2238,16427,283,10087,1955,6340,0,0,2066,10962,169,2783,2136,13745,California
Stanislaus,2021-01-15,2829,19256,1162,11249,1667,8007,0,0,2675,13568,150,2933,2756,16501,California
Stanislaus,2021-01-16,473,19729,50,11299,423,8430,0,0,455,14008,17,2950,457,16958,California
Stanislaus,2021-01-17,244,19973,202,11501,42,8472,0,0,237,14239,6,2956,237,17195,California
Stanislaus,2021-01-18,2187,22160,1022,12523,1165,9637,0,0,1797,15725,385,3341,1871,19066,California
Stanislaus,2021-01-19,1255,23415,724,13247,531,10168,0,0,806,16087,445,3786,807,19873,California
Stanislaus,2021-01-20,1012,24427,490,13737,522,10690,0,0,717,16510,294,4080,717,20590,California
Stanislaus,2021-01-21,3693,28120,2977,16714,716,11406,0,0,3366,19661,323,4403,3474,24064,California
Stanislaus,2021-01-22,1095,29215,308,17022,787,12193,0,0,1050,20673,41,4444,1053,25117,California
Stanislaus,2021-01-23,358,29573,44,17066,314,12507,0,0,299,20915,58,4502,300,25417,California
Stanislaus,2021-01-24,302,29875,100,17166,202,12709,0,0,236,21087,66,4568,238,25655,California
Stanislaus,2021-01-25,3158,33033,227,17393,2931,15640,0,0,2829,23773,293,4861,2979,28634,California
Stanislaus,2021-01-26,1729,34762,747,18140,982,16622,0,0,1300,24668,422,5283,1317,29951,California
Stanislaus,2021-01-27,1894,36656,1054,19194,840,17462,0,0,1189,25198,660,5943,1190,31141,California
Stanislaus,2021-01-28,2209,38865,1511,20705,698,18160,0,0,1719,26496,482,6425,1780,32921,California
Stanislaus,2021-01-29,2443,41308,1196,21901,1247,19407,0,0,1911,27970,486,6911,1960,34881,California
Stanislaus,2021-01-30,294,41602,133,22034,161,19568,0,0,230,28147,53,6964,230,35111,California
Stanislaus,2021-01-31,369,41971,315,22349,54,19622,0,0,354,28489,12,6976,354,35465,California
Stanislaus,2021-02-01,1297,43268,586,22935,711,20333,0,0,942,29087,345,7321,943,36408,California
Stanislaus,2021-02-02,1211,44479,348,23283,863,21196,0,0,777,29443,423,7744,779,37187,California
Stanislaus,2021-02-03,2611,47090,1229,24512,1382,22578,0,0,1914,30679,691,8435,1927,39114,California
Stanislaus,2021-02-04,2090,49180,709,25221,1381,23959,0,0,1581,31770,495,8930,1586,40700,California
Stanislaus,2021-02-05,2857,52037,1473,26694,1384,25343,0,0,1593,32172,1204,10134,1606,42306,California
Stanislaus,2021-02-06,886,52923,300,26994,586,25929,0,0,694,32678,190,10324,696,43002,California
Stanislaus,2021-02-07,233,53156,208,27202,25,25954,0,0,43,32535,187,10511,44,43046,California
Stanislaus,2021-02-08,2036,55192,1335,28537,701,26655,0,0,1100,32761,895,11406,1121,44167,California
Stanislaus,2021-02-09,1841,57033,783,29320,1058,27713,0,0,1044,33039,774,12180,1052,45219,California
Stanislaus,2021-02-10,1934,58967,533,29853,1401,29114,0,0,1011,33150,902,13082,1013,46232,California
Stanislaus,2021-02-11,5397,64364,3275,33128,2122,31236,0,0,1233,30436,3953,17035,1239,47471,California
Stanislaus,2021-02-12,3303,67667,916,34044,2387,33623,0,0,1452,30125,1771,18806,1460,48931,California
Stanislaus,2021-02-13,1353,69020,652,34696,701,34324,0,0,982,30745,366,19172,986,49917,California
Stanislaus,2021-02-14,421,69441,167,34863,254,34578,0,0,353,31032,66,19238,353,50270,California
Stanislaus,2021-02-15,1817,71258,230,35093,1587,36165,0,0,582,30497,1121,20359,586,50856,California
Stanislaus,2021-02-16,1363,72621,423,35516,940,37105,0,0,580,30308,771,21130,582,51438,California
Stanislaus,2021-02-17,2756,75377,1688,37204,1068,38173,0,0,1922,31412,829,21959,1933,53371,California
Stanislaus,2021-02-18,3360,78737,1900,39104,1460,39633,0,0,1779,31729,1495,23454,1812,55183,California
Stanislaus,2021-02-19,2765,81502,1069,40173,1696,41329,0,0,1516,32063,1206,24660,1540,56723,California
Stanislaus,2021-02-20,751,82253,382,40555,369,41698,0,0,474,32282,257,24917,476,57199,California
Stanislaus,2021-02-21,906,83159,692,41247,214,41912,0,0,545,32501,337,25254,556,57755,California
Stanislaus,2021-02-22,2349,85508,1696,42943,653,42565,0,0,1631,33436,698,25952,1633,59388,California
Stanislaus,2021-02-23,3745,89253,678,43621,3067,45632,0,0,1739,33340,1846,27798,1750,61138,California
Stanislaus,2021-02-24,4183,93436,2849,46470,1334,46966,0,0,3123,35425,1041,28839,3126,64264,California
Stanislaus,2021-02-25,3953,97389,2716,49186,1237,48203,0,0,3149,37792,785,29624,3152,67416,California
Stanislaus,2021-02-26,4208,101597,1219,50405,2989,51192,0,0,2840,39330,1312,30936,2850,70266,California
Stanislaus,2021-02-27,2091,103688,710,51115,1380,52572,1,1,1858,40986,204,31140,1860,72126,California
Stanislaus,2021-02-28,819,104507,262,51377,557,53129,0,1,769,41716,40,31180,770,72896,California
Stanislaus,2021-03-01,2775,107282,1632,53009,1141,54270,2,3,1630,42253,1106,32286,1643,74539,California
Stanislaus,2021-03-02,2397,109679,1425,54434,971,55241,1,4,1662,43195,723,33009,1665,76204,California
Stanislaus,2021-03-03,3716,113395,2229,56663,1483,56724,4,8,2909,45317,790,33799,2912,79116,California
Stanislaus,2021-03-04,5447,118842,3107,59770,2324,59048,16,24,4196,48305,1220,35019,4208,83324,California
Stanislaus,2021-03-05,4085,122927,1119,60889,2950,61998,16,40,3089,50442,967,35986,3104,86428,California
Stanislaus,2021-03-06,3579,126506,2231,63120,1255,63253,93,133,2723,52408,852,36838,2818,89246,California
Stanislaus,2021-03-07,852,127358,390,63510,426,63679,36,169,663,52924,183,37021,699,89945,California
Stanislaus,2021-03-08,1993,129351,862,64372,1042,64721,89,258,1332,53702,642,37663,1420,91365,California
Stanislaus,2021-03-09,2179,131530,903,65275,1184,65905,92,350,1637,54905,530,38193,1733,93098,California
Stanislaus,2021-03-10,5073,136603,2508,67783,2342,68247,223,573,3744,57575,1310,39503,3980,97078,California
Stanislaus,2021-03-11,5721,142324,3143,70926,2102,70349,476,1049,4127,60757,1425,40928,4607,101685,California
Stanislaus,2021-03-12,5770,148094,1231,72157,2617,72966,1922,2971,2914,62759,2831,43759,4833,106518,California
Stanislaus,2021-03-13,3384,151478,2182,74339,1132,74098,70,3041,2689,64837,687,44446,2765,109283,California
Stanislaus,2021-03-14,997,152475,596,74935,350,74448,51,3092,491,64879,503,44949,545,109828,California
Stanislaus,2021-03-15,3695,156170,1977,76912,1357,75805,361,3453,1606,64859,1993,46942,1973,111801,California
Stanislaus,2021-03-16,4927,161097,2455,79367,2060,77865,412,3865,3548,67460,1358,48300,3959,115760,California
Stanislaus,2021-03-17,4721,165818,2855,82222,1688,79553,178,4043,2884,68719,1809,50109,3068,118828,California
Stanislaus,2021-03-18,5427,171245,3425,85647,1936,81489,66,4109,2932,69380,2342,52451,3003,121831,California
Stanislaus,2021-03-19,5919,177164,1532,87179,2863,84352,1524,5633,3098,71217,2782,55233,4619,126450,California
Stanislaus,2021-03-20,3841,181005,3007,90186,766,85118,68,5701,3364,74180,470,55703,3433,129883,California
Stanislaus,2021-03-21,1003,182008,902,91088,36,85154,65,5766,761,74767,239,55942,826,130709,California
Stanislaus,2021-03-22,2816,184824,1323,92411,768,85922,725,6491,1241,75186,1549,57491,1968,132677,California
Stanislaus,2021-03-23,3949,188773,2022,94433,1667,87589,260,6751,2806,77145,1127,58618,3086,135763,California
Stanislaus,2021-03-24,4555,193328,3223,97656,1264,88853,68,6819,2639,77986,1869,60487,2710,138473,California
Stanislaus,2021-03-25,4253,197581,2924,100580,1312,90165,17,6836,1818,77465,2357,62844,1836,140309,California
Stanislaus,2021-03-26,4752,202333,1336,101916,3341,93506,75,6911,2380,77594,2339,65183,2468,142777,California
Stanislaus,2021-03-27,4414,206747,2743,104659,1589,95095,82,6993,1392,76072,3004,68187,1482,144259,California
Stanislaus,2021-03-28,1106,207853,442,105101,557,95652,107,7100,322,75735,772,68959,435,144694,California
Stanislaus,2021-03-29,2982,210835,1829,106930,1114,96766,39,7139,1987,76782,985,69944,2032,146726,California
Stanislaus,2021-03-30,3681,214516,2067,108997,1587,98353,27,7166,2237,77617,1435,71379,2270,148996,California
Stanislaus,2021-03-31,5423,219939,3850,112847,1455,99808,118,7284,2771,77877,2633,74012,2893,151889,California
Stanislaus,2021-04-01,5742,225681,3836,116683,1815,101623,91,7375,2628,77511,3096,77108,2730,154619,California
Stanislaus,2021-04-02,5004,230685,1211,117894,3639,105262,154,7529,2232,77224,2684,79792,2397,157016,California
Stanislaus,2021-04-03,4546,235231,3303,121197,1206,106468,37,7566,2242,77221,2294,82086,2291,159307,California
Stanislaus,2021-04-04,1319,236550,471,121668,818,107286,30,7596,651,77244,662,82748,685,159992,California
Stanislaus,2021-04-05,3639,240189,2533,124201,856,108142,250,7846,2356,78581,1273,84021,2610,162602,California
Stanislaus,2021-04-06,5750,245939,4169,128370,1305,109447,276,8122,3074,79274,2663,86684,3356,165958,California
Stanislaus,2021-04-07,6350,252289,3601,131971,2327,111774,422,8544,2830,79028,3504,90188,3258,169216,California
Stanislaus,2021-04-08,5676,257965,3319,135290,1926,113700,431,8975,2769,79347,2885,93073,3204,172420,California
Stanislaus,2021-04-09,4820,262785,2107,137397,2341,116041,372,9347,2184,79303,2613,95686,2569,174989,California
Stanislaus,2021-04-10,6481,269266,3983,141380,859,116900,1639,10986,1998,78475,4458,100144,3630,178619,California
Stanislaus,2021-04-11,1523,270789,850,142230,540,117440,133,11119,668,78424,853,100997,802,179421,California
Stanislaus,2021-04-12,3594,274383,2045,144275,1102,118542,447,11566,1870,79044,1705,102702,2325,181746,California
Stanislaus,2021-04-13,5195,279578,3419,147694,1763,120305,13,11579,2919,79733,2236,104938,2925,184671,California
Stanislaus,2021-04-14,4653,284231,3253,150947,1398,121703,2,11581,2257,79632,2364,107302,2263,186934,California
Stanislaus,2021-04-15,5388,289619,3315,154262,2071,123774,2,11583,3239,80764,2110,109412,3242,190176,California
Stanislaus,2021-04-16,4311,293930,998,155260,3312,127086,1,11584,1827,80152,2442,111854,1830,192006,California
Stanislaus,2021-04-17,3156,297086,2120,157380,1036,128122,0,11584,1837,80684,1308,113162,1840,193846,California
Stanislaus,2021-04-18,535,297621,221,157601,314,128436,0,11584,410,80978,118,113280,412,194258,California
Stanislaus,2021-04-19,3455,301076,2449,160050,1005,129441,1,11585,1636,80834,1788,115068,1644,195902,California
Stanislaus,2021-04-20,3977,305053,2417,162467,1560,131001,0,11585,1734,80356,2214,117282,1736,197638,California
Stanislaus,2021-04-21,3826,308879,2558,165025,1267,132268,1,11586,1600,79775,2188,119470,1607,199245,California
Stanislaus,2021-04-22,3945,312824,2401,167426,1544,133812,0,11586,1570,79019,2331,121801,1575,200820,California
Stanislaus,2021-04-23,3591,316415,844,168270,2746,136558,1,11587,1461,78449,2039,123840,1469,202289,California
Stanislaus,2021-04-24,3782,320197,2928,171198,854,137412,0,11587,1788,78265,1977,125817,1793,204082,California
Stanislaus,2021-04-25,934,321131,478,171676,456,137868,0,11587,685,78710,244,126061,689,204771,California
Stanislaus,2021-04-26,3252,324383,2288,173964,958,138826,6,11593,964,77416,2268,128329,974,205745,California
Stanislaus,2021-04-27,3950,328333,2754,176718,1154,139980,42,11635,1118,75770,2807,131136,1161,206906,California
Stanislaus,2021-04-28,4241,332574,3011,179729,1168,141148,62,11697,1822,75262,2400,133536,1892,208798,California
Stanislaus,2021-04-29,3609,336183,2249,181978,1312,142460,48,11745,1424,74573,2170,135706,1481,210279,California
Stanislaus,2021-04-30,4490,340673,2045,184023,2361,144821,84,11829,1774,73735,2704,138410,1866,212145,California
Stanislaus,2021-05-01,2704,343377,1922,185945,742,145563,40,11869,1012,73111,1684,140094,1060,213205,California
Stanislaus,2021-05-02,1078,344455,618,186563,424,145987,36,11905,524,73129,548,140642,566,213771,California
Stanislaus,2021-05-03,2412,346867,1926,188489,416,146403,70,11975,910,72625,1488,142130,984,214755,California
Stanislaus,2021-05-04,3463,350330,2467,190956,907,147310,89,12064,1066,71401,2385,144515,1161,215916,California
Stanislaus,2021-05-05,3175,353505,2129,193085,971,148281,75,12139,1080,70484,2076,146591,1159,217075,California
Stanislaus,2021-05-06,3094,356599,2297,195382,688,148969,109,12248,1013,69550,2063,148654,1129,218204,California
Stanislaus,2021-05-07,2302,358901,886,196268,1255,150224,161,12409,939,69296,1356,150010,1102,219306,California
Stanislaus,2021-05-08,1961,360862,1341,197609,587,150811,33,12442,712,68814,1234,151244,752,220058,California
Stanislaus,2021-05-09,707,361569,338,197947,343,151154,26,12468,305,68745,400,151644,331,220389,California
Stanislaus,2021-05-10,1657,363226,1135,199082,444,151598,78,12546,447,68072,1199,152843,526,220915,California
Stanislaus,2021-05-11,2332,365558,1471,200553,705,152303,156,12702,658,67227,1663,154506,818,221733,California
Stanislaus,2021-05-12,2140,367698,1215,201768,825,153128,100,12802,824,66850,1303,155809,926,222659,California
Stanislaus,2021-05-13,1850,369548,1023,202791,712,153840,115,12917,842,66805,1003,156812,958,223617,California
Stanislaus,2021-05-14,2594,372142,1157,203948,1303,155143,134,13051,1196,66755,1381,158193,1331,224948,California
Stanislaus,2021-05-15,2479,374621,1774,205722,655,155798,50,13101,1203,66750,1266,159459,1261,226209,California
Stanislaus,2021-05-16,1015,375636,661,206383,346,156144,8,13109,553,66859,456,159915,565,226774,California
Stanislaus,2021-05-17,1928,377564,1294,207677,553,156697,81,13190,976,66973,946,160861,1060,227834,California
Stanislaus,2021-05-18,2199,379763,1502,209179,583,157280,114,13304,1182,67263,1005,161866,1295,229129,California
Stanislaus,2021-05-19,3016,382779,2065,211244,801,158081,150,13454,1350,67110,1657,163523,1504,230633,California
Stanislaus,2021-05-20,1840,384619,964,212208,776,158857,100,13554,764,66909,1069,164592,868,231501,California
Stanislaus,2021-05-21,2067,386686,966,213174,1009,159866,92,13646,850,66650,1202,165794,943,232444,California
Stanislaus,2021-05-22,1668,388354,1004,214178,597,160463,67,13713,742,66539,919,166713,808,233252,California
Stanislaus,2021-05-23,863,389217,560,214738,291,160754,12,13725,403,66497,457,167170,415,233667,California
Stanislaus,2021-05-24,1550,390767,1063,215801,411,161165,76,13801,600,66234,947,168117,684,234351,California
Stanislaus,2021-05-25,1683,392450,1154,216955,433,161598,96,13897,825,66299,856,168973,921,235272,California
Stanislaus,2021-05-26,1865,394315,1173,218128,640,162238,52,13949,889,66273,967,169940,941,236213,California
Stanislaus,2021-05-27,1695,396010,931,219059,694,162932,70,14019,637,65931,1049,170989,707,236920,California
Stanislaus,2021-05-28,1896,397906,861,219920,958,163890,77,14096,833,65785,1057,172046,911,237831,California
Stanislaus,2021-05-29,1284,399190,825,220745,417,164307,42,14138,590,65730,690,172736,635,238466,California
Stanislaus,2021-05-30,436,399626,266,221011,137,164444,33,14171,203,65737,230,172966,237,238703,California
Stanislaus,2021-05-31,157,399783,53,221064,99,164543,5,14176,51,65688,105,173071,56,238759,California
Sutter,2020-12-15,1,1,1,1,0,0,0,0,1,1,0,0,1,1,California
Sutter,2020-12-16,4,5,4,5,0,0,0,0,4,5,0,0,4,5,California
Sutter,2020-12-17,2,7,2,7,0,0,0,0,2,7,0,0,2,7,California
Sutter,2020-12-18,20,27,20,27,0,0,0,0,20,27,0,0,20,27,California
Sutter,2020-12-19,44,71,44,71,0,0,0,0,44,71,0,0,44,71,California
Sutter,2020-12-20,42,113,42,113,0,0,0,0,42,113,0,0,42,113,California
Sutter,2020-12-21,100,213,100,213,0,0,0,0,100,213,0,0,100,213,California
Sutter,2020-12-22,172,385,172,385,0,0,0,0,172,385,0,0,172,385,California
Sutter,2020-12-23,116,501,111,496,5,5,0,0,116,501,0,0,116,501,California
Sutter,2020-12-24,17,518,11,507,6,11,0,0,17,518,0,0,17,518,California
Sutter,2020-12-26,38,556,34,541,4,15,0,0,38,556,0,0,38,556,California
Sutter,2020-12-27,24,580,23,564,1,16,0,0,24,580,0,0,24,580,California
Sutter,2020-12-28,83,663,55,619,28,44,0,0,83,663,0,0,83,663,California
Sutter,2020-12-29,101,764,14,633,87,131,0,0,101,764,0,0,101,764,California
Sutter,2020-12-30,137,901,34,667,103,234,0,0,137,901,0,0,137,901,California
Sutter,2020-12-31,70,971,6,673,64,298,0,0,70,971,0,0,70,971,California
Sutter,2021-01-01,3,974,3,676,0,298,0,0,3,974,0,0,3,974,California
Sutter,2021-01-02,131,1105,129,805,2,300,0,0,131,1105,0,0,131,1105,California
Sutter,2021-01-03,1,1106,0,805,1,301,0,0,1,1106,0,0,1,1106,California
Sutter,2021-01-04,247,1353,139,944,108,409,0,0,247,1353,0,0,247,1353,California
Sutter,2021-01-05,101,1454,57,1001,44,453,0,0,99,1450,2,2,99,1452,California
Sutter,2021-01-06,204,1658,50,1051,154,607,0,0,199,1644,5,7,199,1651,California
Sutter,2021-01-07,251,1909,151,1202,100,707,0,0,242,1878,8,15,242,1893,California
Sutter,2021-01-08,149,2058,40,1242,109,816,0,0,132,1993,17,32,132,2025,California
Sutter,2021-01-09,46,2104,43,1285,3,819,0,0,5,1957,41,73,5,2030,California
Sutter,2021-01-10,397,2501,37,1322,360,1179,0,0,359,2279,37,110,359,2389,California
Sutter,2021-01-11,132,2633,114,1436,18,1197,0,0,26,2199,106,216,26,2415,California
Sutter,2021-01-12,201,2834,164,1600,37,1234,0,0,58,2114,143,359,58,2473,California
Sutter,2021-01-13,162,2996,99,1699,63,1297,0,0,72,2097,89,448,72,2545,California
Sutter,2021-01-14,147,3143,51,1750,96,1393,0,0,128,2206,19,467,128,2673,California
Sutter,2021-01-15,438,3581,133,1883,305,1698,0,0,423,2614,15,482,423,3096,California
Sutter,2021-01-16,384,3965,41,1924,343,2041,0,0,353,2937,30,512,353,3449,California
Sutter,2021-01-17,26,3991,24,1948,2,2043,0,0,10,2931,16,528,10,3459,California
Sutter,2021-01-18,118,4109,63,2011,55,2098,0,0,70,2953,48,576,70,3529,California
Sutter,2021-01-19,103,4212,42,2053,61,2159,0,0,79,3008,24,600,79,3608,California
Sutter,2021-01-20,270,4482,206,2259,64,2223,0,0,250,3238,20,620,250,3858,California
Sutter,2021-01-21,486,4968,317,2576,169,2392,0,0,467,3686,19,639,467,4325,California
Sutter,2021-01-22,239,5207,52,2628,187,2579,0,0,230,3907,9,648,230,4555,California
Sutter,2021-01-23,396,5603,39,2667,357,2936,0,0,370,4251,26,674,370,4925,California
Sutter,2021-01-24,17,5620,14,2681,3,2939,0,0,15,4264,2,676,15,4940,California
Sutter,2021-01-25,306,5926,196,2877,110,3049,0,0,151,4261,154,830,151,5091,California
Sutter,2021-01-26,248,6174,108,2985,140,3189,0,0,144,4302,103,933,144,5235,California
Sutter,2021-01-27,386,6560,255,3240,131,3320,0,0,320,4556,66,999,320,5555,California
Sutter,2021-01-28,584,7144,361,3601,223,3543,0,0,409,4791,174,1173,409,5964,California
Sutter,2021-01-29,360,7504,86,3687,274,3817,0,0,240,4911,120,1293,240,6204,California
Sutter,2021-01-30,775,8279,38,3725,737,4554,0,0,764,5664,11,1304,764,6968,California
Sutter,2021-01-31,28,8307,27,3752,1,4555,0,0,28,5692,0,1304,28,6996,California
Sutter,2021-02-01,166,8473,50,3802,116,4671,0,0,135,5796,31,1335,135,7131,California
Sutter,2021-02-02,243,8716,26,3828,217,4888,0,0,211,5975,32,1367,211,7342,California
Sutter,2021-02-03,444,9160,39,3867,405,5293,0,0,210,5951,234,1601,210,7552,California
Sutter,2021-02-04,669,9829,365,4232,304,5597,0,0,619,6520,50,1651,619,8171,California
Sutter,2021-02-05,287,10116,32,4264,255,5852,0,0,136,6505,151,1802,136,8307,California
Sutter,2021-02-06,736,10852,29,4293,707,6559,0,0,714,7197,22,1824,714,9021,California
Sutter,2021-02-07,23,10875,20,4313,3,6562,0,0,19,7212,4,1828,19,9040,California
Sutter,2021-02-08,134,11009,29,4342,105,6667,0,0,98,7274,36,1864,98,9138,California
Sutter,2021-02-09,246,11255,45,4387,201,6868,0,0,184,7396,62,1926,184,9322,California
Sutter,2021-02-10,819,12074,380,4767,439,7307,0,0,177,6932,641,2567,177,9499,California
Sutter,2021-02-11,603,12677,275,5042,328,7635,0,0,345,7019,258,2825,345,9844,California
Sutter,2021-02-12,633,13310,67,5109,566,8201,0,0,310,7007,322,3147,310,10154,California
Sutter,2021-02-13,897,14207,48,5157,849,9050,0,0,781,7672,116,3263,781,10935,California
Sutter,2021-02-14,90,14297,25,5182,65,9115,0,0,79,7740,11,3274,79,11014,California
Sutter,2021-02-15,197,14494,72,5254,125,9240,0,0,118,7779,79,3353,118,11132,California
Sutter,2021-02-16,288,14782,45,5299,243,9483,0,0,204,7900,83,3436,204,11336,California
Sutter,2021-02-17,823,15605,428,5727,395,9878,0,0,129,7335,694,4130,129,11465,California
Sutter,2021-02-18,701,16306,55,5782,646,10524,0,0,489,7613,211,4341,489,11954,California
Sutter,2021-02-19,662,16968,377,6159,285,10809,0,0,460,7873,200,4541,460,12414,California
Sutter,2021-02-20,620,17588,55,6214,565,11374,0,0,517,8288,102,4643,517,12931,California
Sutter,2021-02-21,30,17618,27,6241,3,11377,0,0,7,8272,23,4666,7,12938,California
Sutter,2021-02-22,207,17825,122,6363,85,11462,0,0,87,8239,120,4786,87,13025,California
Sutter,2021-02-23,223,18048,33,6396,190,11652,0,0,97,8210,126,4912,97,13122,California
Sutter,2021-02-24,965,19013,349,6745,616,12268,0,0,194,7634,770,5682,194,13316,California
Sutter,2021-02-25,785,19798,498,7243,287,12555,0,0,604,8060,178,5860,604,13920,California
Sutter,2021-02-26,373,20171,60,7303,313,12868,0,0,155,7999,216,6076,155,14075,California
Sutter,2021-02-27,865,21036,45,7348,820,13688,0,0,710,8552,157,6233,710,14785,California
Sutter,2021-02-28,84,21120,38,7386,46,13734,0,0,64,8597,19,6252,64,14849,California
Sutter,2021-03-01,247,21367,61,7447,186,13920,0,0,150,8650,97,6349,150,14999,California
Sutter,2021-03-02,334,21701,57,7504,277,14197,0,0,160,8637,173,6522,160,15159,California
Sutter,2021-03-03,1385,23086,514,8018,871,15068,0,0,646,8550,733,7255,646,15805,California
Sutter,2021-03-04,1256,24342,867,8885,389,15457,0,0,948,9194,304,7559,948,16753,California
Sutter,2021-03-05,338,24680,79,8964,258,15715,1,1,206,9269,132,7691,207,16960,California
Sutter,2021-03-06,1023,25703,46,9010,972,16687,5,6,860,9971,163,7854,865,17825,California
Sutter,2021-03-07,64,25767,23,9033,40,16727,1,7,44,9996,20,7874,45,17870,California
Sutter,2021-03-08,226,25993,79,9112,135,16862,12,19,157,10096,69,7943,169,18039,California
Sutter,2021-03-09,386,26379,138,9250,235,17097,13,32,184,10091,202,8145,197,18236,California
Sutter,2021-03-10,1569,27948,681,9931,827,17924,61,93,525,9636,1041,9186,586,18822,California
Sutter,2021-03-11,894,28842,441,10372,434,18358,19,112,648,10060,243,9429,667,19489,California
Sutter,2021-03-12,673,29515,110,10482,381,18739,182,294,199,9968,471,9900,379,19868,California
Sutter,2021-03-13,985,30500,749,11231,218,18957,18,312,781,10564,202,10102,798,20666,California
Sutter,2021-03-14,130,30630,22,11253,97,19054,11,323,44,10533,86,10188,55,20721,California
Sutter,2021-03-15,320,30950,66,11319,205,19259,49,372,153,10570,165,10353,202,20923,California
Sutter,2021-03-16,392,31342,86,11405,259,19518,47,419,213,10650,179,10532,259,21182,California
Sutter,2021-03-17,1497,32839,563,11968,914,20432,20,439,313,9807,1175,11707,332,21514,California
Sutter,2021-03-18,973,33812,182,12150,589,21021,202,641,571,10179,400,12107,772,22286,California
Sutter,2021-03-19,463,34275,165,12315,269,21290,29,670,284,10315,177,12284,313,22599,California
Sutter,2021-03-20,949,35224,116,12431,822,22112,11,681,860,11097,89,12373,871,23470,California
Sutter,2021-03-21,67,35291,47,12478,17,22129,3,684,37,11107,30,12403,40,23510,California
Sutter,2021-03-22,288,35579,120,12598,142,22271,26,710,213,11272,74,12477,239,23749,California
Sutter,2021-03-23,377,35956,115,12713,230,22501,32,742,256,11438,121,12598,287,24036,California
Sutter,2021-03-24,1685,37641,772,13485,843,23344,70,812,314,10465,1357,13955,384,24420,California
Sutter,2021-03-25,1042,38683,680,14165,319,23663,43,855,370,10209,669,14624,413,24833,California
Sutter,2021-03-26,491,39174,174,14339,300,23963,17,872,296,10330,192,14816,313,25146,California
Sutter,2021-03-27,928,40102,63,14402,863,24826,2,874,821,11049,104,14920,823,25969,California
Sutter,2021-03-28,125,40227,71,14473,54,24880,0,874,77,11080,46,14966,77,26046,California
Sutter,2021-03-29,428,40655,145,14618,228,25108,55,929,226,11161,200,15166,281,26327,California
Sutter,2021-03-30,479,41134,160,14778,309,25417,10,939,317,11326,162,15328,327,26654,California
Sutter,2021-03-31,1253,42387,177,14955,1060,26477,16,955,450,11000,792,16120,466,27120,California
Sutter,2021-04-01,1382,43769,737,15692,458,26935,187,1142,426,10665,949,17069,614,27734,California
Sutter,2021-04-02,511,44280,99,15791,294,27229,118,1260,201,10672,308,17377,315,28049,California
Sutter,2021-04-03,910,45190,77,15868,210,27439,623,1883,121,10629,787,18164,744,28793,California
Sutter,2021-04-04,118,45308,22,15890,90,27529,6,1889,55,10627,63,18227,61,28854,California
Sutter,2021-04-05,369,45677,146,16036,187,27716,36,1925,178,10653,188,18415,214,29068,California
Sutter,2021-04-06,510,46187,198,16234,256,27972,56,1981,273,10747,236,18651,330,29398,California
Sutter,2021-04-07,1484,47671,884,17118,525,28497,75,2056,615,10581,862,19513,696,30094,California
Sutter,2021-04-08,1051,48722,583,17701,355,28852,113,2169,577,10802,470,19983,691,30785,California
Sutter,2021-04-09,567,49289,250,17951,252,29104,65,2234,238,10780,327,20310,305,31090,California
Sutter,2021-04-10,825,50114,108,18059,88,29192,629,2863,108,10795,714,21024,729,31819,California
Sutter,2021-04-11,112,50226,28,18087,40,29232,44,2907,33,10792,79,21103,76,31895,California
Sutter,2021-04-12,336,50562,91,18178,191,29423,54,2961,134,10778,202,21305,188,32083,California
Sutter,2021-04-13,429,50991,127,18305,302,29725,0,2961,211,10773,216,21521,211,32294,California
Sutter,2021-04-14,1291,52282,160,18465,1130,30855,1,2962,213,9915,1072,22593,214,32508,California
Sutter,2021-04-15,535,52817,174,18639,361,31216,0,2962,213,9808,320,22913,213,32721,California
Sutter,2021-04-16,394,53211,125,18764,269,31485,0,2962,181,9777,212,23125,181,32902,California
Sutter,2021-04-17,578,53789,84,18848,494,31979,0,2962,507,10214,70,23195,507,33409,California
Sutter,2021-04-18,70,53859,11,18859,59,32038,0,2962,43,10231,26,23221,43,33452,California
Sutter,2021-04-19,289,54148,111,18970,178,32216,0,2962,119,10182,168,23389,119,33571,California
Sutter,2021-04-20,413,54561,134,19104,279,32495,0,2962,200,10170,212,23601,200,33771,California
Sutter,2021-04-21,1233,55794,420,19524,813,33308,0,2962,477,9900,747,24348,477,34248,California
Sutter,2021-04-22,483,56277,165,19689,318,33626,0,2962,250,9919,231,24579,250,34498,California
Sutter,2021-04-23,399,56676,115,19804,284,33910,0,2962,187,9895,211,24790,187,34685,California
Sutter,2021-04-24,326,57002,105,19909,220,34130,1,2963,185,9940,140,24930,185,34870,California
Sutter,2021-04-25,157,57159,75,19984,82,34212,0,2963,86,9957,69,24999,86,34956,California
Sutter,2021-04-26,287,57446,87,20071,198,34410,2,2965,121,9916,164,25163,123,35079,California
Sutter,2021-04-27,527,57973,266,20337,257,34667,4,2969,242,9880,282,25445,246,35325,California
Sutter,2021-04-28,819,58792,342,20679,469,35136,8,2977,261,9596,553,25998,269,35594,California
Sutter,2021-04-29,774,59566,136,20815,637,35773,1,2978,310,9446,461,26459,311,35905,California
Sutter,2021-04-30,358,59924,109,20924,236,36009,13,2991,146,9395,209,26668,158,36063,California
Sutter,2021-05-01,295,60219,106,21030,148,36157,41,3032,125,9394,167,26835,166,36229,California
Sutter,2021-05-02,80,60299,52,21082,26,36183,2,3034,46,9408,34,26869,48,36277,California
Sutter,2021-05-03,170,60469,108,21190,53,36236,9,3043,70,9387,100,26969,79,36356,California
Sutter,2021-05-04,518,60987,236,21426,218,36454,64,3107,218,9371,297,27266,281,36637,California
Sutter,2021-05-05,536,61523,143,21569,385,36839,8,3115,158,9166,371,27637,166,36803,California
Sutter,2021-05-06,426,61949,231,21800,175,37014,20,3135,192,9144,234,27871,212,37015,California
Sutter,2021-05-07,407,62356,146,21946,239,37253,22,3157,153,9067,252,28123,175,37190,California
Sutter,2021-05-08,196,62552,49,21995,141,37394,6,3163,106,9089,90,28213,112,37302,California
Sutter,2021-05-09,81,62633,52,22047,24,37418,5,3168,56,9125,25,28238,61,37363,California
Sutter,2021-05-10,188,62821,42,22089,129,37547,17,3185,47,9050,139,28377,64,37427,California
Sutter,2021-05-11,433,63254,212,22301,203,37750,18,3203,180,8997,250,28627,197,37624,California
Sutter,2021-05-12,397,63651,211,22512,177,37927,9,3212,134,8881,259,28886,143,37767,California
Sutter,2021-05-13,442,64093,228,22740,192,38119,22,3234,170,8804,269,29155,192,37959,California
Sutter,2021-05-14,435,64528,184,22924,235,38354,16,3250,214,8818,216,29371,230,38189,California
Sutter,2021-05-15,840,65368,308,23232,501,38855,31,3281,305,8620,534,29905,336,38525,California
Sutter,2021-05-16,137,65505,82,23314,47,38902,8,3289,75,8642,61,29966,83,38608,California
Sutter,2021-05-17,289,65794,114,23428,161,39063,14,3303,154,8676,134,30100,168,38776,California
Sutter,2021-05-18,537,66331,311,23739,222,39285,4,3307,294,8734,240,30340,298,39074,California
Sutter,2021-05-19,463,66794,265,24004,191,39476,7,3314,246,8773,214,30554,253,39327,California
Sutter,2021-05-20,405,67199,220,24224,173,39649,12,3326,201,8784,202,30756,213,39540,California
Sutter,2021-05-21,455,67654,211,24435,232,39881,12,3338,221,8784,232,30988,232,39772,California
Sutter,2021-05-22,308,67962,175,24610,130,40011,3,3341,151,8783,154,31142,153,39925,California
Sutter,2021-05-23,154,68116,73,24683,74,40085,7,3348,77,8796,71,31213,84,40009,California
Sutter,2021-05-24,233,68349,89,24772,123,40208,21,3369,103,8794,126,31339,124,40133,California
Sutter,2021-05-25,402,68751,195,24967,192,40400,15,3384,171,8754,226,31565,186,40319,California
Sutter,2021-05-26,339,69090,173,25140,155,40555,11,3395,134,8699,200,31765,145,40464,California
Sutter,2021-05-27,441,69531,119,25259,303,40858,19,3414,131,8543,306,32071,150,40614,California
Sutter,2021-05-28,325,69856,161,25420,154,41012,10,3424,173,8580,146,32217,183,40797,California
Sutter,2021-05-29,248,70104,117,25537,116,41128,15,3439,136,8624,107,32324,151,40948,California
Sutter,2021-05-30,84,70188,63,25600,19,41147,2,3441,51,8644,33,32357,53,41001,California
Sutter,2021-05-31,12,70200,1,25601,11,41158,0,3441,4,8640,8,32365,4,41005,California
Tehama,2020-12-15,1,1,1,1,0,0,0,0,1,1,0,0,1,1,California
Tehama,2020-12-16,2,3,2,3,0,0,0,0,2,3,0,0,2,3,California
Tehama,2020-12-17,12,15,12,15,0,0,0,0,12,15,0,0,12,15,California
Tehama,2020-12-18,2,17,2,17,0,0,0,0,3,18,0,0,3,18,California
Tehama,2020-12-21,33,50,33,50,0,0,0,0,33,51,0,0,33,51,California
Tehama,2020-12-22,68,118,62,112,6,6,0,0,68,119,0,0,68,119,California
Tehama,2020-12-23,49,167,41,153,8,14,0,0,49,168,0,0,49,168,California
Tehama,2020-12-24,5,172,3,156,2,16,0,0,5,173,0,0,5,173,California
Tehama,2020-12-26,3,175,2,158,1,17,0,0,3,176,0,0,3,176,California
Tehama,2020-12-27,2,177,2,160,0,17,0,0,2,178,0,0,2,178,California
Tehama,2020-12-28,56,233,43,203,13,30,0,0,56,234,0,0,56,234,California
Tehama,2020-12-29,31,264,31,234,0,30,0,0,31,265,0,0,31,265,California
Tehama,2020-12-30,54,318,38,272,16,46,0,0,53,318,0,0,53,318,California
Tehama,2020-12-31,14,332,4,276,10,56,0,0,14,332,0,0,14,332,California
Tehama,2021-01-01,2,334,0,276,2,58,0,0,2,334,0,0,2,334,California
Tehama,2021-01-04,32,366,9,285,23,81,0,0,32,366,0,0,32,366,California
Tehama,2021-01-05,70,436,43,328,27,108,0,0,67,430,3,3,67,433,California
Tehama,2021-01-06,71,507,21,349,50,158,0,0,62,484,8,11,62,495,California
Tehama,2021-01-07,57,564,7,356,50,208,0,0,56,539,1,12,56,551,California
Tehama,2021-01-08,33,597,24,380,9,217,0,0,28,562,5,17,28,579,California
Tehama,2021-01-09,7,604,5,385,2,219,0,0,5,565,2,19,5,584,California
Tehama,2021-01-10,1,605,0,385,1,220,0,0,1,566,0,19,1,585,California
Tehama,2021-01-11,48,653,46,431,2,222,0,0,15,548,33,52,15,600,California
Tehama,2021-01-12,131,784,111,542,20,242,0,0,86,589,45,97,86,686,California
Tehama,2021-01-13,73,857,55,597,18,260,0,0,27,570,46,143,27,713,California
Tehama,2021-01-14,224,1081,50,647,174,434,0,0,222,790,2,145,222,935,California
Tehama,2021-01-15,249,1330,74,721,175,609,0,0,245,1031,4,149,245,1180,California
Tehama,2021-01-16,263,1593,19,740,244,853,0,0,260,1288,3,152,260,1440,California
Tehama,2021-01-17,6,1599,2,742,4,857,0,0,4,1290,2,154,4,1444,California
Tehama,2021-01-18,10,1609,6,748,4,861,0,0,5,1290,5,159,5,1449,California
Tehama,2021-01-19,291,1900,65,813,226,1087,0,0,236,1471,55,214,236,1685,California
Tehama,2021-01-20,301,2201,87,900,214,1301,0,0,251,1673,49,263,251,1936,California
Tehama,2021-01-21,215,2416,11,911,204,1505,0,0,205,1868,10,273,205,2141,California
Tehama,2021-01-22,223,2639,21,932,202,1707,0,0,220,2085,3,276,220,2361,California
Tehama,2021-01-23,258,2897,7,939,251,1958,0,0,257,2341,1,277,257,2618,California
Tehama,2021-01-24,1,2898,1,940,0,1958,0,0,1,2342,0,277,1,2619,California
Tehama,2021-01-25,32,2930,14,954,18,1976,0,0,14,2338,18,295,14,2633,California
Tehama,2021-01-26,324,3254,42,996,282,2258,0,0,287,2588,37,332,287,2920,California
Tehama,2021-01-27,299,3553,21,1017,278,2536,0,0,279,2847,20,352,279,3199,California
Tehama,2021-01-28,339,3892,29,1046,310,2846,0,0,324,3156,15,367,324,3523,California
Tehama,2021-01-29,321,4213,19,1065,302,3148,0,0,304,3443,17,384,304,3827,California
Tehama,2021-01-30,103,4316,2,1067,101,3249,0,0,102,3544,1,385,102,3929,California
Tehama,2021-01-31,1,4317,0,1067,1,3250,0,0,1,3545,0,385,1,3930,California
Tehama,2021-02-01,78,4395,22,1089,56,3306,0,0,36,3539,42,427,36,3966,California
Tehama,2021-02-02,351,4746,63,1152,288,3594,0,0,254,3696,97,524,254,4220,California
Tehama,2021-02-03,389,5135,12,1164,377,3971,0,0,345,3997,44,568,345,4565,California
Tehama,2021-02-04,485,5620,99,1263,386,4357,0,0,404,4321,81,649,405,4970,California
Tehama,2021-02-05,177,5797,73,1336,104,4461,0,0,115,4374,62,711,115,5085,California
Tehama,2021-02-06,28,5825,13,1349,15,4476,0,0,16,4378,12,723,16,5101,California
Tehama,2021-02-07,5,5830,4,1353,1,4477,0,0,2,4377,3,726,2,5103,California
Tehama,2021-02-08,36,5866,14,1367,22,4499,0,0,27,4395,9,735,27,5130,California
Tehama,2021-02-09,78,5944,34,1401,44,4543,0,0,44,4405,34,769,44,5174,California
Tehama,2021-02-10,233,6177,62,1463,171,4714,0,0,157,4486,76,845,157,5331,California
Tehama,2021-02-11,221,6398,16,1479,205,4919,0,0,82,4431,137,982,82,5413,California
Tehama,2021-02-12,367,6765,66,1545,301,5220,0,0,175,4414,192,1174,175,5588,California
Tehama,2021-02-13,385,7150,13,1558,372,5592,0,0,147,4323,238,1412,147,5735,California
Tehama,2021-02-14,35,7185,2,1560,33,5625,0,0,33,4354,2,1414,33,5768,California
Tehama,2021-02-15,53,7238,10,1570,43,5668,0,0,47,4395,6,1420,47,5815,California
Tehama,2021-02-16,242,7480,16,1586,226,5894,0,0,60,4273,182,1602,60,5875,California
Tehama,2021-02-17,280,7760,12,1598,268,6162,0,0,54,4101,226,1828,54,5929,California
Tehama,2021-02-18,370,8130,32,1630,338,6500,0,0,145,4021,225,2053,145,6074,California
Tehama,2021-02-19,214,8344,18,1648,196,6696,0,0,43,3893,171,2224,43,6117,California
Tehama,2021-02-20,272,8616,7,1655,265,6961,0,0,27,3675,245,2469,27,6144,California
Tehama,2021-02-21,1,8617,1,1656,0,6961,0,0,1,3676,0,2469,1,6145,California
Tehama,2021-02-22,39,8656,15,1671,24,6985,0,0,26,3689,13,2482,26,6171,California
Tehama,2021-02-23,46,8702,19,1690,27,7012,0,0,26,3695,20,2502,26,6197,California
Tehama,2021-02-24,300,9002,13,1703,287,7299,0,0,27,3449,273,2775,27,6224,California
Tehama,2021-02-25,375,9377,60,1763,315,7614,0,0,39,3152,336,3111,39,6263,California
Tehama,2021-02-26,455,9832,19,1782,436,8050,0,0,70,2837,385,3496,70,6333,California
Tehama,2021-02-27,295,10127,5,1787,290,8340,0,0,34,2610,261,3757,34,6367,California
Tehama,2021-02-28,23,10150,2,1789,21,8361,0,0,20,2627,3,3760,20,6387,California
Tehama,2021-03-01,67,10217,8,1797,59,8420,0,0,33,2626,34,3794,33,6420,California
Tehama,2021-03-02,139,10356,18,1815,121,8541,0,0,30,2547,109,3903,30,6450,California
Tehama,2021-03-03,151,10507,33,1848,118,8659,0,0,48,2492,103,4006,48,6498,California
Tehama,2021-03-04,632,11139,36,1884,596,9255,0,0,221,2309,404,4410,221,6719,California
Tehama,2021-03-05,401,11540,19,1903,382,9637,0,0,216,2341,184,4594,216,6935,California
Tehama,2021-03-06,297,11837,15,1918,282,9919,0,0,80,2206,216,4810,81,7016,California
Tehama,2021-03-07,5,11842,1,1919,4,9923,0,0,3,2208,1,4811,3,7019,California
Tehama,2021-03-08,58,11900,12,1931,31,9954,15,15,27,2220,30,4841,42,7061,California
Tehama,2021-03-09,369,12269,9,1940,341,10295,19,34,313,2496,56,4897,332,7393,California
Tehama,2021-03-10,354,12623,14,1954,319,10614,21,55,71,2306,282,5179,92,7485,California
Tehama,2021-03-11,488,13111,17,1971,425,11039,46,101,345,2554,143,5322,391,7876,California
Tehama,2021-03-12,306,13417,19,1990,222,11261,65,166,181,2675,125,5447,246,8122,California
Tehama,2021-03-13,45,13462,8,1998,31,11292,6,172,5,2646,40,5487,11,8133,California
Tehama,2021-03-14,51,13513,3,2001,37,11329,11,183,9,2624,42,5529,20,8153,California
Tehama,2021-03-15,154,13667,21,2022,113,11442,20,203,84,2658,70,5599,104,8257,California
Tehama,2021-03-16,418,14085,14,2036,366,11808,38,241,315,2909,102,5701,353,8610,California
Tehama,2021-03-17,423,14508,22,2058,369,12177,32,273,340,3200,81,5782,372,8982,California
Tehama,2021-03-18,499,15007,26,2084,449,12626,24,297,320,3367,177,5959,344,9326,California
Tehama,2021-03-19,321,15328,23,2107,285,12911,13,310,278,3615,43,6002,291,9617,California
Tehama,2021-03-20,42,15370,9,2116,31,12942,2,312,30,3635,12,6014,32,9649,California
Tehama,2021-03-21,12,15382,5,2121,7,12949,0,312,12,3647,0,6014,12,9661,California
Tehama,2021-03-22,91,15473,7,2128,67,13016,17,329,50,3673,41,6055,67,9728,California
Tehama,2021-03-23,88,15561,27,2155,54,13070,7,336,69,3730,19,6074,76,9804,California
Tehama,2021-03-24,86,15647,16,2171,68,13138,2,338,55,3756,31,6105,57,9861,California
Tehama,2021-03-25,521,16168,355,2526,153,13291,13,351,470,4189,50,6155,483,10344,California
Tehama,2021-03-26,515,16683,403,2929,100,13391,12,363,439,4565,75,6230,451,10795,California
Tehama,2021-03-27,457,17140,361,3290,71,13462,25,388,389,4912,67,6297,414,11209,California
Tehama,2021-03-28,34,17174,13,3303,21,13483,0,388,22,4922,12,6309,22,11231,California
Tehama,2021-03-29,124,17298,31,3334,92,13575,1,389,78,4954,46,6355,78,11309,California
Tehama,2021-03-30,372,17670,222,3556,148,13723,2,391,254,5092,118,6473,256,11565,California
Tehama,2021-03-31,398,18068,296,3852,99,13822,3,394,326,5349,71,6544,328,11893,California
Tehama,2021-04-01,526,18594,246,4098,274,14096,6,400,392,5614,133,6677,398,12291,California
Tehama,2021-04-02,459,19053,215,4313,238,14334,6,406,272,5704,187,6864,277,12568,California
Tehama,2021-04-03,60,19113,3,4316,52,14386,5,411,30,5709,30,6894,35,12603,California
Tehama,2021-04-04,34,19147,6,4322,27,14413,1,412,22,5720,12,6906,23,12626,California
Tehama,2021-04-05,117,19264,21,4343,69,14482,27,439,61,5752,56,6962,88,12714,California
Tehama,2021-04-06,495,19759,110,4453,333,14815,52,491,140,5589,355,7317,192,12906,California
Tehama,2021-04-07,418,20177,282,4735,92,14907,44,535,303,5821,114,7431,346,13252,California
Tehama,2021-04-08,604,20781,175,4910,390,15297,39,574,230,5717,373,7804,269,13521,California
Tehama,2021-04-09,432,21213,193,5103,206,15503,33,607,215,5749,216,8020,248,13769,California
Tehama,2021-04-10,72,21285,9,5112,37,15540,26,633,39,5781,33,8053,65,13834,California
Tehama,2021-04-11,33,21318,7,5119,15,15555,11,644,8,5775,25,8078,19,13853,California
Tehama,2021-04-12,112,21430,6,5125,87,15642,19,663,40,5762,72,8150,59,13912,California
Tehama,2021-04-13,388,21818,64,5189,324,15966,0,663,67,5508,321,8471,67,13979,California
Tehama,2021-04-14,407,22225,52,5241,355,16321,0,663,48,5199,357,8828,48,14027,California
Tehama,2021-04-15,513,22738,193,5434,320,16641,0,663,79,4844,434,9262,79,14106,California
Tehama,2021-04-16,598,23336,343,5777,255,16896,0,663,75,4396,523,9785,75,14181,California
Tehama,2021-04-17,348,23684,268,6045,80,16976,0,663,41,4132,306,10091,42,14223,California
Tehama,2021-04-18,17,23701,3,6048,14,16990,0,663,13,4141,4,10095,13,14236,California
Tehama,2021-04-19,93,23794,7,6055,86,17076,0,663,39,4126,54,10149,39,14275,California
Tehama,2021-04-20,514,24308,423,6478,91,17167,0,663,150,3917,361,10510,152,14427,California
Tehama,2021-04-21,518,24826,445,6923,73,17240,0,663,167,3735,349,10859,167,14594,California
Tehama,2021-04-22,515,25341,364,7287,151,17391,0,663,148,3519,364,11223,148,14742,California
Tehama,2021-04-23,445,25786,346,7633,99,17490,0,663,197,3470,247,11470,198,14940,California
Tehama,2021-04-24,103,25889,17,7650,86,17576,0,663,27,3421,76,11546,27,14967,California
Tehama,2021-04-25,28,25917,17,7667,11,17587,0,663,10,3413,18,11564,10,14977,California
Tehama,2021-04-26,74,25991,9,7676,65,17652,0,663,42,3423,32,11596,42,15019,California
Tehama,2021-04-27,251,26242,206,7882,45,17697,0,663,93,3357,159,11755,93,15112,California
Tehama,2021-04-28,395,26637,318,8200,60,17757,17,680,65,3109,330,12085,82,15194,California
Tehama,2021-04-29,353,26990,171,8371,176,17933,6,686,69,2901,283,12368,75,15269,California
Tehama,2021-04-30,325,27315,241,8612,78,18011,6,692,112,2806,213,12581,118,15387,California
Tehama,2021-05-01,72,27387,4,8616,65,18076,3,695,14,2765,58,12639,17,15404,California
Tehama,2021-05-02,47,27434,24,8640,11,18087,12,707,27,2784,20,12659,39,15443,California
Tehama,2021-05-03,117,27551,41,8681,68,18155,8,715,62,2799,55,12714,70,15513,California
Tehama,2021-05-04,158,27709,56,8737,95,18250,7,722,67,2782,91,12805,74,15587,California
Tehama,2021-05-05,86,27795,21,8758,55,18305,10,732,38,2782,48,12853,48,15635,California
Tehama,2021-05-06,163,27958,91,8849,57,18362,15,747,99,2832,64,12917,114,15749,California
Tehama,2021-05-07,171,28129,71,8920,89,18451,11,758,47,2768,122,13039,58,15807,California
Tehama,2021-05-08,49,28178,6,8926,42,18493,1,759,13,2746,36,13075,14,15821,California
Tehama,2021-05-09,15,28193,3,8929,12,18505,0,759,6,2743,9,13084,6,15827,California
Tehama,2021-05-10,77,28270,7,8936,64,18569,6,765,36,2745,40,13124,42,15869,California
Tehama,2021-05-11,164,28434,116,9052,37,18606,11,776,30,2652,134,13258,41,15910,California
Tehama,2021-05-12,203,28637,134,9186,59,18665,10,786,42,2544,160,13418,52,15962,California
Tehama,2021-05-13,234,28871,162,9348,64,18729,8,794,105,2529,128,13546,113,16075,California
Tehama,2021-05-14,242,29113,130,9478,91,18820,21,815,57,2423,184,13730,78,16153,California
Tehama,2021-05-15,224,29337,133,9611,56,18876,35,850,161,2557,62,13792,196,16349,California
Tehama,2021-05-16,26,29363,6,9617,17,18893,3,853,14,2562,12,13804,17,16366,California
Tehama,2021-05-17,111,29474,29,9646,67,18960,15,868,53,2574,56,13860,68,16434,California
Tehama,2021-05-18,148,29622,76,9722,57,19017,15,883,45,2533,101,13961,60,16494,California
Tehama,2021-05-19,123,29745,52,9774,61,19078,10,893,42,2504,81,14042,52,16546,California
Tehama,2021-05-20,302,30047,220,9994,59,19137,23,916,212,2649,90,14132,235,16781,California
Tehama,2021-05-21,195,30242,94,10088,91,19228,10,926,69,2604,124,14256,79,16860,California
Tehama,2021-05-22,57,30299,31,10119,22,19250,4,930,35,2621,22,14278,39,16899,California
Tehama,2021-05-23,40,30339,23,10142,8,19258,9,939,12,2614,28,14306,21,16920,California
Tehama,2021-05-24,96,30435,30,10172,59,19317,7,946,35,2595,61,14367,42,16962,California
Tehama,2021-05-25,76,30511,20,10192,48,19365,8,954,47,2621,29,14396,55,17017,California
Tehama,2021-05-26,74,30585,28,10220,42,19407,4,958,47,2646,26,14422,51,17068,California
Tehama,2021-05-27,149,30734,95,10315,48,19455,6,964,48,2600,100,14522,54,17122,California
Tehama,2021-05-28,127,30861,40,10355,80,19535,7,971,60,2601,66,14588,67,17189,California
Tehama,2021-05-29,56,30917,9,10364,41,19576,6,977,37,2625,19,14607,43,17232,California
Tehama,2021-05-30,14,30931,3,10367,10,19586,1,978,6,2624,8,14615,7,17239,California
Tehama,2021-05-31,10,30941,0,10367,10,19596,0,978,2,2618,8,14623,2,17241,California
Trinity,2020-12-17,4,4,4,4,0,0,0,0,4,4,0,0,4,4,California
Trinity,2020-12-18,2,6,2,6,0,0,0,0,2,6,0,0,2,6,California
Trinity,2020-12-21,39,45,39,45,0,0,0,0,39,45,0,0,39,45,California
Trinity,2020-12-22,5,50,5,50,0,0,0,0,5,50,0,0,5,50,California
Trinity,2020-12-23,5,55,5,55,0,0,0,0,5,55,0,0,5,55,California
Trinity,2020-12-28,31,86,31,86,0,0,0,0,31,86,0,0,31,86,California
Trinity,2020-12-29,8,94,7,93,1,1,0,0,8,94,0,0,8,94,California
Trinity,2020-12-30,10,104,8,101,2,3,0,0,10,104,0,0,10,104,California
Trinity,2020-12-31,2,106,1,102,1,4,0,0,2,106,0,0,2,106,California
Trinity,2021-01-04,28,134,0,102,28,32,0,0,26,132,0,0,26,132,California
Trinity,2021-01-05,3,137,1,103,2,34,0,0,3,135,0,0,3,135,California
Trinity,2021-01-06,24,161,4,107,20,54,0,0,20,151,4,4,20,155,California
Trinity,2021-01-08,49,210,2,109,47,101,0,0,48,197,2,6,48,203,California
Trinity,2021-01-11,42,252,39,148,3,104,0,0,4,163,38,44,4,207,California
Trinity,2021-01-12,9,261,6,154,3,107,0,0,4,162,5,49,4,211,California
Trinity,2021-01-13,7,268,4,158,3,110,0,0,4,163,3,52,4,215,California
Trinity,2021-01-14,4,272,1,159,3,113,0,0,4,167,0,52,4,219,California
Trinity,2021-01-15,4,276,0,159,4,117,0,0,4,171,0,52,4,223,California
Trinity,2021-01-16,4,280,0,159,4,121,0,0,4,175,0,52,4,227,California
Trinity,2021-01-18,31,311,31,190,0,121,0,0,0,144,31,83,0,227,California
Trinity,2021-01-19,34,345,14,204,20,141,0,0,20,150,14,97,20,247,California
Trinity,2021-01-20,19,364,3,207,16,157,0,0,17,165,2,99,17,264,California
Trinity,2021-01-21,17,381,7,214,10,167,0,0,17,182,0,99,17,281,California
Trinity,2021-01-22,5,386,1,215,4,171,0,0,5,187,0,99,5,286,California
Trinity,2021-01-23,7,393,3,218,4,175,0,0,7,194,0,99,7,293,California
Trinity,2021-01-25,14,407,1,219,13,188,0,0,13,206,1,100,13,306,California
Trinity,2021-01-26,10,417,1,220,9,197,0,0,9,214,1,101,9,315,California
Trinity,2021-01-27,12,429,0,220,12,209,0,0,12,226,0,101,12,327,California
Trinity,2021-01-28,13,442,3,223,10,219,0,0,10,233,3,104,10,337,California
Trinity,2021-01-29,2,444,0,223,2,221,0,0,1,233,1,105,1,338,California
Trinity,2021-01-30,12,456,11,234,1,222,0,0,12,245,0,105,12,350,California
Trinity,2021-02-01,2,458,1,235,1,223,0,0,1,245,1,106,1,351,California
Trinity,2021-02-02,15,473,3,238,12,235,0,0,14,258,1,107,14,365,California
Trinity,2021-02-03,6,479,1,239,5,240,0,0,3,258,3,110,3,368,California
Trinity,2021-02-04,42,521,32,271,10,250,0,0,35,286,7,117,35,403,California
Trinity,2021-02-05,350,871,0,271,350,600,0,0,320,576,30,147,320,723,California
Trinity,2021-02-06,210,1081,5,276,205,805,0,0,203,772,7,154,203,926,California
Trinity,2021-02-07,1,1082,0,276,1,806,0,0,1,773,0,154,1,927,California
Trinity,2021-02-08,26,1108,0,276,26,832,0,0,15,777,11,165,15,942,California
Trinity,2021-02-09,27,1135,2,278,25,857,0,0,11,772,16,181,11,953,California
Trinity,2021-02-10,122,1257,10,288,112,969,0,0,102,854,20,201,102,1055,California
Trinity,2021-02-11,338,1595,2,290,336,1305,0,0,331,1178,7,208,331,1386,California
Trinity,2021-02-12,18,1613,10,300,8,1313,0,0,14,1188,4,212,14,1400,California
Trinity,2021-02-13,12,1625,5,305,7,1320,0,0,5,1186,7,219,5,1405,California
Trinity,2021-02-14,2,1627,2,307,0,1320,0,0,2,1188,0,219,2,1407,California
Trinity,2021-02-15,47,1674,0,307,47,1367,0,0,47,1235,0,219,47,1454,California
Trinity,2021-02-16,4,1678,1,308,3,1370,0,0,2,1235,2,221,2,1456,California
Trinity,2021-02-17,94,1772,2,310,92,1462,0,0,84,1309,10,231,84,1540,California
Trinity,2021-02-18,4,1776,0,310,4,1466,0,0,1,1307,3,234,1,1541,California
Trinity,2021-02-19,305,2081,2,312,303,1769,0,0,291,1584,14,248,291,1832,California
Trinity,2021-02-20,141,2222,14,326,127,1896,0,0,113,1669,28,276,113,1945,California
Trinity,2021-02-21,1,2223,1,327,0,1896,0,0,1,1670,0,276,1,1946,California
Trinity,2021-02-22,8,2231,0,327,8,1904,0,0,5,1672,3,279,5,1951,California
Trinity,2021-02-23,11,2242,4,331,7,1911,0,0,6,1673,5,284,6,1957,California
Trinity,2021-02-24,30,2272,8,339,22,1933,0,0,7,1657,23,307,7,1964,California
Trinity,2021-02-25,36,2308,23,362,13,1946,0,0,5,1631,31,338,5,1969,California
Trinity,2021-02-26,11,2319,1,363,10,1956,0,0,5,1630,6,344,5,1974,California
Trinity,2021-02-27,9,2328,7,370,2,1958,0,0,4,1629,5,349,4,1978,California
Trinity,2021-03-01,9,2337,0,370,9,1967,0,0,5,1630,4,353,5,1983,California
Trinity,2021-03-02,9,2346,3,373,6,1973,0,0,2,1625,7,360,2,1985,California
Trinity,2021-03-03,5,2351,0,373,5,1978,0,0,4,1628,1,361,4,1989,California
Trinity,2021-03-04,24,2375,19,392,5,1983,0,0,10,1624,14,375,10,1999,California
Trinity,2021-03-05,388,2763,1,393,387,2370,0,0,121,1482,263,638,121,2120,California
Trinity,2021-03-06,202,2965,7,400,195,2565,0,0,27,1334,175,813,27,2147,California
Trinity,2021-03-07,4,2969,3,403,1,2566,0,0,3,1336,1,814,3,2150,California
Trinity,2021-03-08,3,2972,0,403,2,2568,1,1,1,1336,2,816,2,2152,California
Trinity,2021-03-09,94,3066,0,403,92,2660,2,3,89,1422,5,821,91,2243,California
Trinity,2021-03-10,126,3192,3,406,120,2780,3,6,38,1375,88,909,41,2284,California
Trinity,2021-03-11,16,3208,4,410,10,2790,2,8,5,1371,11,920,7,2291,California
Trinity,2021-03-12,397,3605,5,415,386,3176,6,14,96,1172,301,1221,102,2393,California
Trinity,2021-03-13,13,3618,8,423,3,3179,2,16,8,1177,5,1226,10,2403,California
Trinity,2021-03-14,3,3621,1,424,2,3181,0,16,2,1178,1,1227,2,2405,California
Trinity,2021-03-15,67,3688,0,424,66,3247,1,17,14,1140,53,1280,15,2420,California
Trinity,2021-03-16,115,3803,7,431,108,3355,0,17,102,1229,13,1293,102,2522,California
Trinity,2021-03-17,100,3903,3,434,97,3452,0,17,26,1181,74,1367,26,2548,California
Trinity,2021-03-18,10,3913,2,436,5,3457,3,20,5,1184,5,1372,8,2556,California
Trinity,2021-03-19,459,4372,4,440,345,3802,110,130,36,907,423,1795,146,2702,California
Trinity,2021-03-20,105,4477,7,447,98,3900,0,130,70,943,34,1829,70,2772,California
Trinity,2021-03-21,4,4481,0,447,3,3903,1,131,3,946,1,1830,4,2776,California
Trinity,2021-03-22,2,4483,0,447,2,3905,0,131,2,948,0,1830,2,2778,California
Trinity,2021-03-23,96,4579,2,449,94,3999,0,131,78,1008,18,1848,78,2856,California
Trinity,2021-03-24,12,4591,1,450,11,4010,0,131,9,1014,3,1851,9,2865,California
Trinity,2021-03-25,110,4701,8,458,96,4106,6,137,84,1078,26,1877,90,2955,California
Trinity,2021-03-26,85,4786,8,466,77,4183,0,137,78,1149,7,1884,78,3033,California
Trinity,2021-03-27,20,4806,4,470,7,4190,9,146,9,1156,11,1895,18,3051,California
Trinity,2021-03-28,5,4811,3,473,2,4192,0,146,1,1153,4,1899,1,3052,California
Trinity,2021-03-29,6,4817,0,473,5,4197,1,147,2,1152,4,1903,3,3055,California
Trinity,2021-03-30,77,4894,5,478,72,4269,0,147,67,1209,10,1913,67,3122,California
Trinity,2021-03-31,56,4950,5,483,19,4288,32,179,21,1226,35,1948,52,3174,California
Trinity,2021-04-01,41,4991,11,494,19,4307,11,190,21,1238,20,1968,32,3206,California
Trinity,2021-04-02,247,5238,5,499,168,4475,74,264,75,1216,171,2139,149,3355,California
Trinity,2021-04-03,17,5255,12,511,5,4480,0,264,7,1213,10,2149,7,3362,California
Trinity,2021-04-04,10,5265,8,519,2,4482,0,264,8,1219,2,2151,8,3370,California
Trinity,2021-04-05,59,5324,6,525,52,4534,1,265,55,1271,4,2155,56,3426,California
Trinity,2021-04-06,117,5441,15,540,99,4633,3,268,28,1214,89,2244,32,3458,California
Trinity,2021-04-07,24,5465,12,552,7,4640,5,273,16,1227,8,2252,21,3479,California
Trinity,2021-04-08,89,5554,10,562,77,4717,2,275,52,1244,37,2289,54,3533,California
Trinity,2021-04-09,168,5722,20,582,144,4861,4,279,90,1260,78,2367,94,3627,California
Trinity,2021-04-10,11,5733,7,589,4,4865,0,279,10,1269,1,2368,10,3637,California
Trinity,2021-04-11,9,5742,5,594,2,4867,2,281,4,1270,5,2373,6,3643,California
Trinity,2021-04-12,77,5819,5,599,71,4938,1,282,64,1322,12,2385,64,3707,California
Trinity,2021-04-13,97,5916,5,604,92,5030,0,282,9,1243,88,2473,9,3716,California
Trinity,2021-04-14,10,5926,5,609,5,5035,0,282,6,1245,4,2477,6,3722,California
Trinity,2021-04-15,43,5969,10,619,33,5068,0,282,14,1230,29,2506,14,3736,California
Trinity,2021-04-16,146,6115,13,632,133,5201,0,282,73,1231,72,2578,73,3809,California
Trinity,2021-04-17,11,6126,5,637,6,5207,0,282,9,1238,2,2580,9,3818,California
Trinity,2021-04-18,3,6129,1,638,2,5209,0,282,0,1235,3,2583,0,3818,California
Trinity,2021-04-19,69,6198,2,640,67,5276,0,282,68,1302,1,2584,68,3886,California
Trinity,2021-04-20,92,6290,8,648,84,5360,0,282,20,1250,72,2656,20,3906,California
Trinity,2021-04-21,22,6312,9,657,13,5373,0,282,9,1246,13,2669,9,3915,California
Trinity,2021-04-22,91,6403,5,662,86,5459,0,282,14,1183,77,2746,14,3929,California
Trinity,2021-04-23,182,6585,6,668,176,5635,0,282,113,1227,69,2815,113,4042,California
Trinity,2021-04-24,23,6608,13,681,10,5645,0,282,6,1216,17,2832,6,4048,California
Trinity,2021-04-25,10,6618,9,690,1,5646,0,282,3,1213,6,2838,3,4051,California
Trinity,2021-04-26,45,6663,6,696,39,5685,0,282,40,1248,5,2843,40,4091,California
Trinity,2021-04-27,85,6748,7,703,78,5763,0,282,22,1207,63,2906,22,4113,California
Trinity,2021-04-28,33,6781,11,714,22,5785,0,282,12,1198,21,2927,12,4125,California
Trinity,2021-04-29,34,6815,13,727,21,5806,0,282,12,1188,22,2949,12,4137,California
Trinity,2021-04-30,27,6842,21,748,6,5812,0,282,8,1178,18,2967,8,4145,California
Trinity,2021-05-01,14,6856,8,756,1,5813,5,287,4,1177,10,2977,9,4154,California
Trinity,2021-05-02,8,6864,5,761,1,5814,2,289,2,1175,6,2983,4,4158,California
Trinity,2021-05-03,58,6922,13,774,44,5858,1,290,9,1137,48,3031,10,4168,California
Trinity,2021-05-04,23,6945,11,785,11,5869,1,291,8,1131,15,3046,9,4177,California
Trinity,2021-05-05,10,6955,6,791,4,5873,0,291,3,1127,7,3053,3,4180,California
Trinity,2021-05-06,72,7027,10,801,60,5933,2,293,15,1087,57,3110,17,4197,California
Trinity,2021-05-07,175,7202,12,813,129,6062,34,327,14,974,161,3271,48,4245,California
Trinity,2021-05-08,6,7208,2,815,4,6066,0,327,2,972,4,3275,2,4247,California
Trinity,2021-05-09,11,7219,8,823,3,6069,0,327,7,975,4,3279,7,4254,California
Trinity,2021-05-10,15,7234,5,828,9,6078,1,328,8,977,7,3286,9,4263,California
Trinity,2021-05-11,7,7241,3,831,4,6082,0,328,5,980,2,3288,5,4268,California
Trinity,2021-05-12,17,7258,14,845,2,6084,1,329,13,990,4,3292,14,4282,California
Trinity,2021-05-13,10,7268,7,852,2,6086,1,330,7,995,3,3295,8,4290,California
Trinity,2021-05-14,129,7397,19,871,82,6168,28,358,37,968,92,3387,65,4355,California
Trinity,2021-05-15,13,7410,9,880,3,6171,1,359,7,970,6,3393,8,4363,California
Trinity,2021-05-16,7,7417,6,886,1,6172,0,359,5,973,2,3395,5,4368,California
Trinity,2021-05-17,108,7525,20,906,86,6258,2,361,42,951,66,3461,44,4412,California
Trinity,2021-05-18,37,7562,7,913,29,6287,1,362,11,937,26,3487,12,4424,California
Trinity,2021-05-19,143,7705,16,929,98,6385,29,391,28,880,114,3601,57,4481,California
Trinity,2021-05-20,12,7717,6,935,3,6388,3,394,6,883,6,3607,9,4490,California
Trinity,2021-05-21,7,7724,2,937,5,6393,0,394,4,884,3,3610,4,4494,California
Trinity,2021-05-22,3,7727,2,939,1,6394,0,394,2,885,1,3611,2,4496,California
Trinity,2021-05-23,5,7732,4,943,1,6395,0,394,3,886,2,3613,3,4499,California
Trinity,2021-05-24,110,7842,12,955,97,6492,1,395,9,796,100,3713,10,4509,California
Trinity,2021-05-25,41,7883,12,967,29,6521,0,395,17,789,24,3737,17,4526,California
Trinity,2021-05-26,10,7893,4,971,6,6527,0,395,3,785,7,3744,3,4529,California
Trinity,2021-05-27,31,7924,13,984,15,6542,3,398,11,779,20,3764,14,4543,California
Trinity,2021-05-28,12,7936,9,993,2,6544,1,399,5,778,7,3771,6,4549,California
Trinity,2021-05-29,10,7946,7,1000,2,6546,1,400,7,783,3,3774,8,4557,California
Trinity,2021-05-30,5,7951,4,1004,1,6547,0,400,0,778,5,3779,0,4557,California
Tulare,2020-12-15,1,1,1,1,0,0,0,0,1,1,0,0,1,1,California
Tulare,2020-12-16,4,5,4,5,0,0,0,0,4,5,0,0,4,5,California
Tulare,2020-12-17,109,114,109,114,0,0,0,0,109,114,0,0,109,114,California
Tulare,2020-12-18,290,404,289,403,1,1,0,0,290,404,0,0,290,404,California
Tulare,2020-12-19,327,731,327,730,0,1,0,0,327,731,0,0,327,731,California
Tulare,2020-12-20,167,898,166,896,1,2,0,0,167,898,0,0,167,898,California
Tulare,2020-12-21,422,1320,422,1318,0,2,0,0,442,1340,0,0,442,1340,California
Tulare,2020-12-22,470,1790,468,1786,2,4,0,0,469,1809,0,0,469,1809,California
Tulare,2020-12-23,327,2117,319,2105,8,12,0,0,325,2134,0,0,325,2134,California
Tulare,2020-12-24,18,2135,16,2121,2,14,0,0,18,2152,0,0,18,2152,California
Tulare,2020-12-26,9,2144,8,2129,1,15,0,0,9,2161,0,0,9,2161,California
Tulare,2020-12-27,17,2161,12,2141,5,20,0,0,17,2178,0,0,17,2178,California
Tulare,2020-12-28,478,2639,466,2607,12,32,0,0,477,2655,0,0,477,2655,California
Tulare,2020-12-29,548,3187,478,3085,70,102,0,0,548,3203,0,0,548,3203,California
Tulare,2020-12-30,465,3652,425,3510,40,142,0,0,465,3668,0,0,465,3668,California
Tulare,2020-12-31,95,3747,22,3532,73,215,0,0,95,3763,0,0,95,3763,California
Tulare,2021-01-01,2,3749,1,3533,1,216,0,0,2,3765,0,0,2,3765,California
Tulare,2021-01-02,30,3779,17,3550,13,229,0,0,30,3795,0,0,30,3795,California
Tulare,2021-01-03,23,3802,9,3559,14,243,0,0,23,3818,0,0,23,3818,California
Tulare,2021-01-04,91,3893,15,3574,76,319,0,0,91,3909,0,0,91,3909,California
Tulare,2021-01-05,463,4356,278,3852,185,504,0,0,461,4368,2,2,461,4370,California
Tulare,2021-01-06,864,5220,634,4486,230,734,0,0,854,5212,10,12,854,5224,California
Tulare,2021-01-07,783,6003,584,5070,199,933,0,0,676,5781,107,119,676,5900,California
Tulare,2021-01-08,1277,7280,574,5644,703,1636,0,0,939,6383,337,456,939,6839,California
Tulare,2021-01-09,798,8078,203,5847,595,2231,0,0,611,6807,187,643,611,7450,California
Tulare,2021-01-10,50,8128,44,5891,6,2237,0,0,11,6779,39,682,11,7461,California
Tulare,2021-01-11,1272,9400,769,6660,503,2740,0,0,836,7179,436,1118,836,8297,California
Tulare,2021-01-12,1415,10815,501,7161,914,3654,0,0,1005,7776,409,1527,1006,9303,California
Tulare,2021-01-13,428,11243,199,7360,229,3883,0,0,353,8054,75,1602,353,9656,California
Tulare,2021-01-14,491,11734,141,7501,350,4233,0,0,465,8504,15,1617,465,10121,California
Tulare,2021-01-15,1626,13360,154,7655,1472,5705,0,0,1617,10112,9,1626,1617,11738,California
Tulare,2021-01-16,1899,15259,112,7767,1787,7492,0,0,1885,11983,14,1640,1885,13623,California
Tulare,2021-01-17,142,15401,122,7889,20,7512,0,0,132,12105,10,1650,132,13755,California
Tulare,2021-01-18,694,16095,661,8550,33,7545,0,0,297,12005,397,2047,297,14052,California
Tulare,2021-01-19,1011,17106,688,9238,323,7868,0,0,584,12162,427,2474,584,14636,California
Tulare,2021-01-20,2425,19531,612,9850,1813,9681,0,0,2013,13789,386,2860,2013,16649,California
Tulare,2021-01-21,1550,21081,182,10032,1368,11049,0,0,1524,15292,21,2881,1524,18173,California
Tulare,2021-01-22,1058,22139,189,10221,869,11918,0,0,1033,16301,24,2905,1033,19206,California
Tulare,2021-01-23,437,22576,155,10376,282,12200,0,0,417,16698,20,2925,417,19623,California
Tulare,2021-01-24,30,22606,27,10403,3,12203,0,0,28,16724,2,2927,28,19651,California
Tulare,2021-01-25,1342,23948,981,11384,361,12564,0,0,1299,17980,43,2970,1299,20950,California
Tulare,2021-01-26,1503,25451,1097,12481,406,12970,0,0,1170,18818,332,3302,1170,22120,California
Tulare,2021-01-27,1500,26951,1070,13551,430,13400,0,0,921,19161,578,3880,921,23041,California
Tulare,2021-01-28,1215,28166,777,14328,438,13838,0,0,817,19580,398,4278,817,23858,California
Tulare,2021-01-29,1129,29295,719,15047,410,14248,0,0,820,20091,309,4587,820,24678,California
Tulare,2021-01-30,1675,30970,1581,16628,94,14342,0,0,1651,21719,24,4611,1652,26330,California
Tulare,2021-01-31,67,31037,62,16690,5,14347,0,0,64,21780,3,4614,64,26394,California
Tulare,2021-02-01,1185,32222,915,17605,270,14617,0,0,829,22254,355,4969,829,27223,California
Tulare,2021-02-02,696,32918,347,17952,349,14966,0,0,455,22471,239,5208,456,27679,California
Tulare,2021-02-03,568,33486,241,18193,327,15293,0,0,327,22577,221,5429,327,28006,California
Tulare,2021-02-04,557,34043,169,18362,388,15681,0,0,268,22558,288,5717,269,28275,California
Tulare,2021-02-05,1239,35282,238,18600,1001,16682,0,0,408,22137,829,6546,408,28683,California
Tulare,2021-02-06,832,36114,156,18756,676,17358,0,0,211,21729,619,7165,211,28894,California
Tulare,2021-02-07,83,36197,71,18827,12,17370,0,0,23,21692,60,7225,23,28917,California
Tulare,2021-02-08,941,37138,325,19152,616,17986,0,0,240,21233,699,7924,240,29157,California
Tulare,2021-02-09,1415,38553,335,19487,1080,19066,0,0,369,20561,1041,8965,369,29526,California
Tulare,2021-02-10,2473,41026,1986,21473,487,19553,0,0,2072,22233,400,9365,2072,31598,California
Tulare,2021-02-11,1326,42352,377,21850,949,20502,0,0,907,22721,419,9784,907,32505,California
Tulare,2021-02-12,2784,45136,575,22425,2209,22711,0,0,1207,22358,1570,11354,1207,33712,California
Tulare,2021-02-13,2479,47615,157,22582,2322,25033,0,0,664,21211,1811,13165,664,34376,California
Tulare,2021-02-14,337,47952,40,22622,297,25330,0,0,300,21474,37,13202,300,34676,California
Tulare,2021-02-15,920,48872,294,22916,626,25956,0,0,663,21881,256,13458,663,35339,California
Tulare,2021-02-16,2833,51705,1594,24510,1239,27195,0,0,1079,21207,1753,15211,1079,36418,California
Tulare,2021-02-17,2698,54403,511,25021,2187,29382,0,0,461,19437,2231,17442,461,36879,California
Tulare,2021-02-18,2320,56723,456,25477,1864,31246,0,0,638,18401,1674,19116,638,37517,California
Tulare,2021-02-19,2311,59034,871,26348,1440,32686,0,0,953,17997,1357,20473,953,38470,California
Tulare,2021-02-20,2979,62013,1881,28229,1098,33784,0,0,1257,17537,1717,22190,1257,39727,California
Tulare,2021-02-21,94,62107,90,28319,4,33788,0,0,48,17540,45,22235,48,39775,California
Tulare,2021-02-22,1105,63212,699,29018,406,34194,0,0,210,16856,894,23129,210,39985,California
Tulare,2021-02-23,1959,65171,949,29967,1010,35204,0,0,1466,17830,492,23621,1466,41451,California
Tulare,2021-02-24,2485,67656,1549,31516,936,36140,0,0,2108,19563,376,23997,2109,43560,California
Tulare,2021-02-25,3510,71166,1979,33495,1531,37671,0,0,3094,22245,412,24409,3094,46654,California
Tulare,2021-02-26,3854,75020,1887,35382,1967,39638,0,0,3387,25168,465,24874,3388,50042,California
Tulare,2021-02-27,2998,78018,1490,36872,1508,41146,0,0,2865,27912,121,24995,2865,52907,California
Tulare,2021-02-28,1308,79326,1036,37908,272,41418,0,0,1288,29183,17,25012,1288,54195,California
Tulare,2021-03-01,1775,81101,798,38706,977,42395,0,0,1584,30578,189,25201,1584,55779,California
Tulare,2021-03-02,2775,83876,1269,39975,1505,43900,1,1,2599,33005,174,25375,2601,58380,California
Tulare,2021-03-03,3955,87831,2619,42594,1336,45236,0,1,2006,33067,1946,27321,2008,60388,California
Tulare,2021-03-04,2949,90780,1332,43926,1617,46853,0,1,2621,35364,324,27645,2621,63009,California
Tulare,2021-03-05,3439,94219,1760,45686,1664,48517,15,16,2922,37789,514,28159,2939,65948,California
Tulare,2021-03-06,3087,97306,1440,47126,1588,50105,59,75,2839,40440,245,28404,2896,68844,California
Tulare,2021-03-07,1137,98443,703,47829,413,50518,21,96,1096,41517,40,28444,1117,69961,California
Tulare,2021-03-08,1722,100165,1007,48836,546,51064,169,265,1394,42756,323,28767,1562,71523,California
Tulare,2021-03-09,3260,103425,2246,51082,867,51931,147,412,2851,45345,408,29175,2997,74520,California
Tulare,2021-03-10,2965,106390,1398,52480,1392,53323,175,587,2563,47688,393,29568,2736,77256,California
Tulare,2021-03-11,4185,110575,1979,54459,1905,55228,301,888,3245,50294,940,30508,3546,80802,California
Tulare,2021-03-12,4404,114979,2432,56891,1623,56851,349,1237,3130,52510,1266,31774,3482,84284,California
Tulare,2021-03-13,4143,119122,1944,58835,2094,58945,105,1342,3196,54874,941,32715,3305,87589,California
Tulare,2021-03-14,1860,120982,986,59821,655,59600,219,1561,1335,55901,524,33239,1551,89140,California
Tulare,2021-03-15,2747,123729,1628,61449,1004,60604,115,1676,1973,57218,772,34011,2089,91229,California
Tulare,2021-03-16,3436,127165,2124,63573,1234,61838,78,1754,1880,57626,1552,35563,1960,93189,California
Tulare,2021-03-17,4049,131214,2636,66209,1336,63174,77,1831,2305,58278,1737,37300,2389,95578,California
Tulare,2021-03-18,4633,135847,3380,69589,1181,64355,72,1903,2449,58624,2177,39477,2523,98101,California
Tulare,2021-03-19,5097,140944,3352,72941,1550,65905,195,2098,2730,59203,2348,41825,2927,101028,California
Tulare,2021-03-20,4479,145423,2786,75727,1321,67226,372,2470,2060,59227,2411,44236,2435,103463,California
Tulare,2021-03-21,1996,147419,1706,77433,264,67490,26,2496,1055,59370,937,45173,1080,104543,California
Tulare,2021-03-22,2564,149983,1775,79208,677,68167,112,2608,1693,60312,865,46038,1807,106350,California
Tulare,2021-03-23,3756,153739,2157,81365,1547,69714,52,2660,2061,60746,1685,47723,2119,108469,California
Tulare,2021-03-24,3204,156943,1989,83354,1173,70887,42,2702,1811,61214,1385,49108,1853,110322,California
Tulare,2021-03-25,3481,160424,1814,85168,1495,72382,172,2874,1692,61298,1782,50890,1866,112188,California
Tulare,2021-03-26,5254,165678,3136,88304,2009,74391,109,2983,2545,61262,2691,53581,2655,114843,California
Tulare,2021-03-27,3538,169216,1815,90119,1625,76016,98,3081,991,59811,2539,56120,1088,115931,California
Tulare,2021-03-28,1468,170684,1063,91182,374,76390,31,3112,677,59736,789,56909,714,116645,California
Tulare,2021-03-29,2895,173579,1675,92857,1108,77498,112,3224,1229,59418,1661,58570,1343,117988,California
Tulare,2021-03-30,4831,178410,2785,95642,1816,79314,230,3454,1531,57882,3291,61861,1755,119743,California
Tulare,2021-03-31,3955,182365,2339,97981,1503,80817,113,3567,1577,57206,2370,64231,1694,121437,California
Tulare,2021-04-01,4523,186888,2452,100433,2003,82820,68,3635,1559,55882,2954,67185,1630,123067,California
Tulare,2021-04-02,5333,192221,3054,103487,2161,84981,118,3753,1576,53839,3741,70926,1698,124765,California
Tulare,2021-04-03,3624,195845,2096,105583,1157,86138,371,4124,834,52291,2752,73678,1204,125969,California
Tulare,2021-04-04,1633,197478,1146,106729,480,86618,7,4131,359,51387,1270,74948,366,126335,California
Tulare,2021-04-05,3367,200845,2354,109083,743,87361,270,4401,861,50036,2494,77442,1143,127478,California
Tulare,2021-04-06,3430,204275,1469,110552,1467,88828,494,4895,921,48954,2502,79944,1420,128898,California
Tulare,2021-04-07,3887,208162,1833,112385,1621,90449,433,5328,1177,47871,2700,82644,1617,130515,California
Tulare,2021-04-08,4748,212910,2607,114992,1681,92130,460,5788,1514,46631,3222,85866,1982,132497,California
Tulare,2021-04-09,4820,217730,2980,117972,1408,93538,432,6220,1824,45921,2988,88854,2278,134775,California
Tulare,2021-04-10,3830,221560,2062,120034,1450,94988,318,6538,941,44300,2881,91735,1260,136035,California
Tulare,2021-04-11,1573,223133,1036,121070,466,95454,71,6609,482,43765,1088,92823,553,136588,California
Tulare,2021-04-12,3362,226495,2106,123176,663,96117,593,7202,1050,43105,2304,95127,1644,138232,California
Tulare,2021-04-13,2413,228908,1586,124762,817,96934,10,7212,901,42517,1501,96628,913,139145,California
Tulare,2021-04-14,2847,231755,1681,126443,1166,98100,0,7212,908,41489,1936,98564,908,140053,California
Tulare,2021-04-15,3273,235028,2133,128576,1140,99240,0,7212,1469,41165,1793,100357,1469,141522,California
Tulare,2021-04-16,3653,238681,2216,130792,1437,100677,0,7212,1478,40478,2165,102522,1478,143000,California
Tulare,2021-04-17,2212,240893,1299,132091,913,101590,0,7212,1175,40622,1032,103554,1176,144176,California
Tulare,2021-04-18,1521,242414,1190,133281,331,101921,0,7212,814,40730,706,104260,814,144990,California
Tulare,2021-04-19,2121,244535,1220,134501,899,102820,2,7214,896,40407,1221,105481,898,145888,California
Tulare,2021-04-20,2342,246877,1314,135815,1028,103848,0,7214,995,40070,1332,106813,995,146883,California
Tulare,2021-04-21,2206,249083,1326,137141,880,104728,0,7214,807,39518,1360,108173,808,147691,California
Tulare,2021-04-22,2108,251191,1171,138312,937,105665,0,7214,727,38884,1361,109534,727,148418,California
Tulare,2021-04-23,2578,253769,1581,139893,996,106661,1,7215,1019,38355,1548,111082,1019,149437,California
Tulare,2021-04-24,1637,255406,1051,140944,584,107245,2,7217,849,38423,783,111865,851,150288,California
Tulare,2021-04-25,693,256099,520,141464,173,107418,0,7217,264,38258,429,112294,264,150552,California
Tulare,2021-04-26,1463,257562,874,142338,570,107988,19,7236,610,38040,845,113139,627,151179,California
Tulare,2021-04-27,1593,259155,633,142971,924,108912,36,7272,671,37827,919,114058,706,151885,California
Tulare,2021-04-28,1702,260857,971,143942,690,109602,41,7313,668,37507,1029,115087,709,152594,California
Tulare,2021-04-29,1989,262846,1193,145135,759,110361,37,7350,768,37099,1211,116298,803,153397,California
Tulare,2021-04-30,2431,265277,1771,146906,610,110971,50,7400,895,36514,1529,117827,944,154341,California
Tulare,2021-05-01,1410,266687,1211,148117,187,111158,12,7412,721,36567,680,118507,733,155074,California
Tulare,2021-05-02,584,267271,496,148613,72,111230,16,7428,188,36378,393,118900,204,155278,California
Tulare,2021-05-03,1619,268890,1094,149707,400,111630,125,7553,349,35589,1263,120163,474,155752,California
Tulare,2021-05-04,1550,270440,826,150533,655,112285,69,7622,625,35363,918,121081,692,156444,California
Tulare,2021-05-05,1268,271708,612,151145,568,112853,88,7710,436,35066,821,121902,524,156968,California
Tulare,2021-05-06,1950,273658,1325,152470,576,113429,49,7759,588,34349,1354,123256,637,157605,California
Tulare,2021-05-07,1841,275499,1250,153720,523,113952,68,7827,526,33634,1308,124564,593,158198,California
Tulare,2021-05-08,1233,276732,803,154523,405,114357,25,7852,526,33485,700,125264,551,158749,California
Tulare,2021-05-09,590,277322,468,154991,101,114458,21,7873,117,33155,469,125733,139,158888,California
Tulare,2021-05-10,1015,278337,587,155578,363,114821,65,7938,308,32823,705,126438,373,159261,California
Tulare,2021-05-11,1210,279547,614,156192,520,115341,76,8014,502,32699,702,127140,578,159839,California
Tulare,2021-05-12,1501,281048,967,157159,482,115823,52,8066,397,32057,1090,128230,448,160287,California
Tulare,2021-05-13,1448,282496,902,158061,508,116331,38,8104,645,31941,799,129029,683,160970,California
Tulare,2021-05-14,1927,284423,1240,159301,625,116956,62,8166,859,31805,1057,130086,921,161891,California
Tulare,2021-05-15,1560,285983,875,160176,639,117595,46,8212,661,31619,892,130978,706,162597,California
Tulare,2021-05-16,693,286676,552,160728,129,117724,12,8224,323,31585,369,131347,335,162932,California
Tulare,2021-05-17,1537,288213,953,161681,511,118235,73,8297,745,31618,785,132132,818,163750,California
Tulare,2021-05-18,1578,289791,851,162532,674,118909,53,8350,805,31706,768,132900,856,164606,California
Tulare,2021-05-19,1465,291256,942,163474,489,119398,34,8384,767,31814,693,133593,801,165407,California
Tulare,2021-05-20,1348,292604,920,164394,344,119742,84,8468,658,31868,688,134281,742,166149,California
Tulare,2021-05-21,1656,294260,1252,165646,363,120105,41,8509,929,32119,719,135000,970,167119,California
Tulare,2021-05-22,1412,295672,1027,166673,360,120465,25,8534,535,31808,872,135872,561,167680,California
Tulare,2021-05-23,294,295966,249,166922,36,120501,9,8543,147,31818,146,136018,156,167836,California
Tulare,2021-05-24,916,296882,553,167475,303,120804,60,8603,424,31815,487,136505,484,168320,California
Tulare,2021-05-25,1191,298073,704,168179,450,121254,37,8640,531,31729,654,137159,568,168888,California
Tulare,2021-05-26,855,298928,475,168654,339,121593,41,8681,394,31705,458,137617,434,169322,California
Tulare,2021-05-27,1244,300172,781,169435,431,122024,32,8713,585,31671,653,138270,619,169941,California
Tulare,2021-05-28,1174,301346,662,170097,466,122490,46,8759,629,31805,540,138810,674,170615,California
Tulare,2021-05-29,847,302193,627,170724,200,122690,20,8779,478,31938,365,139175,498,171113,California
Tulare,2021-05-30,284,302477,209,170933,68,122758,7,8786,165,31994,117,139292,173,171286,California
Tulare,2021-05-31,92,302569,24,170957,56,122814,12,8798,34,31982,58,139350,46,171332,California
Tuolumne,2020-12-16,47,47,47,47,0,0,0,0,47,47,0,0,47,47,California
Tuolumne,2020-12-17,18,65,18,65,0,0,0,0,18,65,0,0,18,65,California
Tuolumne,2020-12-18,101,166,100,165,1,1,0,0,101,166,0,0,101,166,California
Tuolumne,2020-12-19,5,171,5,170,0,1,0,0,5,171,0,0,5,171,California
Tuolumne,2020-12-20,2,173,2,172,0,1,0,0,2,173,0,0,2,173,California
Tuolumne,2020-12-21,115,288,101,273,14,15,0,0,115,288,0,0,115,288,California
Tuolumne,2020-12-22,172,460,172,445,0,15,0,0,172,460,0,0,172,460,California
Tuolumne,2020-12-23,185,645,183,628,2,17,0,0,185,645,0,0,185,645,California
Tuolumne,2020-12-26,2,647,2,630,0,17,0,0,2,647,0,0,2,647,California
Tuolumne,2020-12-28,77,724,75,705,2,19,0,0,77,724,0,0,77,724,California
Tuolumne,2020-12-29,102,826,39,744,63,82,0,0,102,826,0,0,102,826,California
Tuolumne,2020-12-30,78,904,22,766,56,138,0,0,78,904,0,0,78,904,California
Tuolumne,2020-12-31,27,931,20,786,7,145,0,0,27,931,0,0,27,931,California
Tuolumne,2021-01-01,6,937,5,791,1,146,0,0,6,937,0,0,6,937,California
Tuolumne,2021-01-02,118,1055,115,906,3,149,0,0,118,1055,0,0,118,1055,California
Tuolumne,2021-01-03,2,1057,2,908,0,149,0,0,2,1057,0,0,2,1057,California
Tuolumne,2021-01-04,69,1126,26,934,43,192,0,0,69,1126,0,0,69,1126,California
Tuolumne,2021-01-05,93,1219,27,961,66,258,0,0,90,1214,3,3,91,1217,California
Tuolumne,2021-01-06,132,1351,72,1033,60,318,0,0,68,1218,64,67,68,1285,California
Tuolumne,2021-01-07,120,1471,64,1097,56,374,0,0,64,1226,56,123,64,1349,California
Tuolumne,2021-01-08,105,1576,81,1178,24,398,0,0,27,1177,77,200,28,1377,California
Tuolumne,2021-01-09,2,1578,0,1178,2,400,0,0,2,1179,0,200,2,1379,California
Tuolumne,2021-01-10,3,1581,1,1179,2,402,0,0,3,1182,0,200,3,1382,California
Tuolumne,2021-01-11,116,1697,90,1269,26,428,0,0,34,1134,82,282,34,1416,California
Tuolumne,2021-01-12,102,1799,86,1355,16,444,0,0,18,1068,84,366,18,1434,California
Tuolumne,2021-01-13,231,2030,125,1480,106,550,0,0,182,1202,49,415,183,1617,California
Tuolumne,2021-01-14,148,2178,108,1588,40,590,0,0,43,1141,104,519,43,1660,California
Tuolumne,2021-01-15,474,2652,72,1660,402,992,0,0,412,1493,61,580,413,2073,California
Tuolumne,2021-01-16,7,2659,3,1663,4,996,0,0,6,1498,1,581,6,2079,California
Tuolumne,2021-01-17,7,2666,4,1667,3,999,0,0,7,1505,0,581,7,2086,California
Tuolumne,2021-01-18,46,2712,38,1705,8,1007,0,0,9,1478,36,617,9,2095,California
Tuolumne,2021-01-19,478,3190,73,1778,405,1412,0,0,432,1864,46,663,432,2527,California
Tuolumne,2021-01-20,76,3266,58,1836,18,1430,0,0,24,1837,51,714,24,2551,California
Tuolumne,2021-01-21,56,3322,23,1859,33,1463,0,0,40,1861,16,730,40,2591,California
Tuolumne,2021-01-22,169,3491,16,1875,153,1616,0,0,162,2016,7,737,162,2753,California
Tuolumne,2021-01-23,653,4144,134,2009,519,2135,0,0,548,2471,105,842,560,3313,California
Tuolumne,2021-01-24,522,4666,1,2010,521,2656,0,0,520,2990,2,844,521,3834,California
Tuolumne,2021-01-25,50,4716,28,2038,22,2678,0,0,24,2989,26,870,25,3859,California
Tuolumne,2021-01-26,80,4796,68,2106,12,2690,0,0,40,2990,40,910,41,3900,California
Tuolumne,2021-01-27,61,4857,4,2110,57,2747,0,0,8,2946,52,962,8,3908,California
Tuolumne,2021-01-28,27,4884,7,2117,20,2767,0,0,18,2955,9,971,18,3926,California
Tuolumne,2021-01-29,72,4956,6,2123,66,2833,0,0,33,2949,39,1010,33,3959,California
Tuolumne,2021-01-30,711,5667,553,2676,158,2991,0,0,689,3632,22,1032,705,4664,California
Tuolumne,2021-01-31,8,5675,2,2678,6,2997,0,0,5,3634,3,1035,5,4669,California
Tuolumne,2021-02-01,26,5701,7,2685,19,3016,0,0,23,3654,3,1038,23,4692,California
Tuolumne,2021-02-02,647,6348,40,2725,607,3623,0,0,635,4279,10,1048,635,5327,California
Tuolumne,2021-02-03,241,6589,112,2837,129,3752,0,0,88,4214,153,1201,88,5415,California
Tuolumne,2021-02-04,123,6712,13,2850,110,3862,0,0,60,4211,63,1264,60,5475,California
Tuolumne,2021-02-05,99,6811,13,2863,86,3948,0,0,35,4183,63,1327,35,5510,California
Tuolumne,2021-02-06,857,7668,583,3446,274,4222,0,0,849,5029,8,1335,854,6364,California
Tuolumne,2021-02-07,8,7676,4,3450,4,4226,0,0,4,5029,4,1339,4,6368,California
Tuolumne,2021-02-08,91,7767,40,3490,51,4277,0,0,67,5072,24,1363,67,6435,California
Tuolumne,2021-02-09,863,8630,53,3543,810,5087,0,0,822,5853,41,1404,822,7257,California
Tuolumne,2021-02-10,92,8722,17,3560,75,5162,0,0,31,5824,60,1464,31,7288,California
Tuolumne,2021-02-11,143,8865,67,3627,76,5238,0,0,77,5835,66,1530,77,7365,California
Tuolumne,2021-02-12,646,9511,19,3646,627,5865,0,0,205,5600,440,1970,205,7570,California
Tuolumne,2021-02-13,150,9661,42,3688,108,5973,0,0,119,5689,30,2000,119,7689,California
Tuolumne,2021-02-14,150,9811,13,3701,137,6110,0,0,149,5837,1,2001,149,7838,California
Tuolumne,2021-02-15,186,9997,10,3711,176,6286,0,0,177,6005,9,2010,177,8015,California
Tuolumne,2021-02-16,531,10528,18,3729,513,6799,0,0,122,5724,405,2415,124,8139,California
Tuolumne,2021-02-17,111,10639,63,3792,48,6847,0,0,61,5736,49,2464,61,8200,California
Tuolumne,2021-02-18,679,11318,25,3817,654,7501,0,0,628,6314,51,2515,629,8829,California
Tuolumne,2021-02-19,143,11461,23,3840,120,7621,0,0,43,6257,100,2615,43,8872,California
Tuolumne,2021-02-20,904,12365,341,4181,563,8184,0,0,384,6136,506,3121,385,9257,California
Tuolumne,2021-02-21,976,13341,38,4219,938,9122,0,0,470,6104,505,3626,473,9730,California
Tuolumne,2021-02-22,81,13422,58,4277,23,9145,0,0,47,6118,33,3659,47,9777,California
Tuolumne,2021-02-23,48,13470,24,4301,24,9169,0,0,26,6123,21,3680,26,9803,California
Tuolumne,2021-02-24,105,13575,59,4360,46,9215,0,0,44,6107,60,3740,44,9847,California
Tuolumne,2021-02-25,1050,14625,35,4395,1015,10230,0,0,1019,7095,31,3771,1019,10866,California
Tuolumne,2021-02-26,149,14774,10,4405,139,10369,0,0,123,7193,26,3797,124,10990,California
Tuolumne,2021-02-27,954,15728,579,4984,375,10744,0,0,249,6757,688,4485,252,11242,California
Tuolumne,2021-02-28,56,15784,4,4988,52,10796,0,0,52,6806,3,4488,52,11294,California
Tuolumne,2021-03-01,114,15898,22,5010,91,10887,1,1,77,6849,36,4524,79,11373,California
Tuolumne,2021-03-02,705,16603,73,5083,632,11519,0,1,106,6356,599,5123,106,11479,California
Tuolumne,2021-03-03,89,16692,21,5104,68,11587,0,1,64,6395,25,5148,64,11543,California
Tuolumne,2021-03-04,1169,17861,75,5179,1094,12681,0,1,1105,7436,64,5212,1105,12648,California
Tuolumne,2021-03-05,86,17947,10,5189,76,12757,0,1,49,7450,36,5248,50,12698,California
Tuolumne,2021-03-06,1057,19004,606,5795,449,13206,2,3,203,6808,849,6097,207,12905,California
Tuolumne,2021-03-07,42,19046,13,5808,14,13220,15,18,19,6819,23,6120,34,12939,California
Tuolumne,2021-03-08,196,19242,90,5898,99,13319,7,25,139,6908,57,6177,146,13085,California
Tuolumne,2021-03-09,857,20099,16,5914,830,14149,11,36,68,6204,784,6961,80,13165,California
Tuolumne,2021-03-10,78,20177,12,5926,55,14204,11,47,53,6243,25,6986,64,13229,California
Tuolumne,2021-03-11,1281,21458,36,5962,1240,15444,5,52,1255,7479,26,7012,1262,14491,California
Tuolumne,2021-03-12,299,21757,36,5998,248,15692,15,67,190,7579,108,7120,208,14699,California
Tuolumne,2021-03-13,114,21871,13,6011,101,15793,0,67,85,7637,28,7148,86,14785,California
Tuolumne,2021-03-14,143,22014,8,6019,126,15919,9,76,6,7519,137,7285,19,14804,California
Tuolumne,2021-03-15,297,22311,80,6099,214,16133,3,79,102,7436,194,7479,111,14915,California
Tuolumne,2021-03-16,803,23114,40,6139,752,16885,11,90,666,7977,136,7615,677,15592,California
Tuolumne,2021-03-17,153,23267,33,6172,107,16992,13,103,79,7996,73,7688,92,15684,California
Tuolumne,2021-03-18,947,24214,27,6199,907,17899,13,116,317,7699,627,8315,330,16014,California
Tuolumne,2021-03-19,134,24348,17,6216,87,17986,30,146,74,7744,59,8374,104,16118,California
Tuolumne,2021-03-20,90,24438,7,6223,73,18059,10,156,37,7738,52,8426,46,16164,California
Tuolumne,2021-03-21,833,25271,389,6612,434,18493,10,166,41,7006,784,9210,52,16216,California
Tuolumne,2021-03-22,164,25435,73,6685,72,18565,19,185,97,7056,66,9276,116,16332,California
Tuolumne,2021-03-23,707,26142,637,7322,56,18621,14,199,669,7700,38,9314,682,17014,California
Tuolumne,2021-03-24,110,26252,19,7341,73,18694,18,217,77,7763,32,9346,95,17109,California
Tuolumne,2021-03-25,1297,27549,23,7364,1271,19965,3,220,326,7123,969,10315,329,17438,California
Tuolumne,2021-03-26,275,27824,16,7380,236,20201,23,243,117,7116,148,10463,141,17579,California
Tuolumne,2021-03-27,580,28404,53,7433,527,20728,0,243,317,7174,261,10724,319,17898,California
Tuolumne,2021-03-28,48,28452,7,7440,41,20769,0,243,8,7144,39,10763,9,17907,California
Tuolumne,2021-03-29,206,28658,83,7523,123,20892,0,243,109,7159,94,10857,109,18016,California
Tuolumne,2021-03-30,164,28822,11,7534,152,21044,1,244,122,7241,41,10898,123,18139,California
Tuolumne,2021-03-31,95,28917,14,7548,79,21123,2,246,38,7226,55,10953,40,18179,California
Tuolumne,2021-04-01,1249,30166,30,7578,1219,22342,0,246,228,6436,1018,11971,228,18407,California
Tuolumne,2021-04-02,165,30331,12,7590,127,22469,26,272,91,6481,72,12043,117,18524,California
Tuolumne,2021-04-03,426,30757,35,7625,389,22858,2,274,238,6536,187,12230,242,18766,California
Tuolumne,2021-04-04,33,30790,3,7628,30,22888,0,274,21,6546,11,12241,21,18787,California
Tuolumne,2021-04-05,131,30921,19,7647,105,22993,7,281,59,6540,72,12313,66,18853,California
Tuolumne,2021-04-06,648,31569,517,8164,104,23097,27,308,513,6947,134,12447,541,19394,California
Tuolumne,2021-04-07,128,31697,37,8201,75,23172,16,324,50,6935,78,12525,66,19460,California
Tuolumne,2021-04-08,1445,33142,32,8233,1398,24570,15,339,246,6001,1195,13720,261,19721,California
Tuolumne,2021-04-09,274,33416,41,8274,189,24759,44,383,131,6037,143,13863,179,19900,California
Tuolumne,2021-04-10,56,33472,2,8276,34,24793,20,403,23,6048,32,13895,43,19943,California
Tuolumne,2021-04-11,18,33490,3,8279,12,24805,3,406,12,6057,6,13901,15,19958,California
Tuolumne,2021-04-12,164,33654,66,8345,93,24898,5,411,90,6084,68,13969,95,20053,California
Tuolumne,2021-04-13,784,34438,35,8380,749,25647,0,411,169,5646,607,14576,169,20222,California
Tuolumne,2021-04-14,154,34592,29,8409,125,25772,0,411,78,5652,73,14649,79,20301,California
Tuolumne,2021-04-15,342,34934,20,8429,322,26094,0,411,60,5436,276,14925,60,20361,California
Tuolumne,2021-04-16,251,35185,50,8479,201,26295,0,411,141,5475,103,15028,142,20503,California
Tuolumne,2021-04-17,43,35228,6,8485,37,26332,0,411,27,5486,16,15044,27,20530,California
Tuolumne,2021-04-18,9,35237,3,8488,6,26338,0,411,4,5486,5,15049,5,20535,California
Tuolumne,2021-04-19,170,35407,79,8567,91,26429,0,411,92,5502,76,15125,92,20627,California
Tuolumne,2021-04-20,712,36119,616,9183,96,26525,0,411,76,4949,629,15754,76,20703,California
Tuolumne,2021-04-21,119,36238,26,9209,93,26618,0,411,63,4961,51,15805,63,20766,California
Tuolumne,2021-04-22,710,36948,46,9255,664,27282,0,411,431,5122,270,16075,431,21197,California
Tuolumne,2021-04-23,177,37125,31,9286,146,27428,0,411,86,5119,89,16164,86,21283,California
Tuolumne,2021-04-24,80,37205,18,9304,62,27490,0,411,52,5143,28,16192,52,21335,California
Tuolumne,2021-04-25,27,37232,10,9314,17,27507,0,411,24,5164,3,16195,24,21359,California
Tuolumne,2021-04-26,155,37387,56,9370,99,27606,0,411,72,5155,82,16277,73,21432,California
Tuolumne,2021-04-27,136,37523,23,9393,106,27712,7,418,63,5154,71,16348,70,21502,California
Tuolumne,2021-04-28,118,37641,26,9419,81,27793,11,429,66,5180,51,16399,77,21579,California
Tuolumne,2021-04-29,277,37918,16,9435,253,28046,8,437,53,5019,222,16621,61,21640,California
Tuolumne,2021-04-30,353,38271,22,9457,319,28365,12,449,67,4816,282,16903,79,21719,California
Tuolumne,2021-05-01,25,38296,7,9464,13,28378,5,454,16,4828,9,16912,21,21740,California
Tuolumne,2021-05-02,26,38322,3,9467,21,28399,2,456,19,4842,7,16919,21,21761,California
Tuolumne,2021-05-03,100,38422,14,9481,81,28480,5,461,29,4806,70,16989,34,21795,California
Tuolumne,2021-05-04,694,39116,601,10082,88,28568,5,466,207,4531,486,17475,211,22006,California
Tuolumne,2021-05-05,107,39223,25,10107,76,28644,6,472,55,4543,50,17525,62,22068,California
Tuolumne,2021-05-06,285,39508,13,10120,258,28902,14,486,40,4356,240,17765,53,22121,California
Tuolumne,2021-05-07,323,39831,25,10145,290,29192,8,494,65,4172,257,18022,73,22194,California
Tuolumne,2021-05-08,47,39878,7,10152,36,29228,4,498,29,4187,18,18040,33,22227,California
Tuolumne,2021-05-09,15,39893,2,10154,11,29239,2,500,2,4178,13,18053,4,22231,California
Tuolumne,2021-05-10,111,40004,44,10198,62,29301,5,505,31,4135,79,18132,36,22267,California
Tuolumne,2021-05-11,196,40200,62,10260,122,29423,12,517,55,4062,140,18272,67,22334,California
Tuolumne,2021-05-12,128,40328,20,10280,105,29528,3,520,50,4037,78,18350,53,22387,California
Tuolumne,2021-05-13,109,40437,18,10298,83,29611,8,528,68,4073,41,18391,77,22464,California
Tuolumne,2021-05-14,207,40644,75,10373,120,29731,12,540,106,4092,99,18490,118,22582,California
Tuolumne,2021-05-15,57,40701,15,10388,35,29766,7,547,19,4081,38,18528,27,22609,California
Tuolumne,2021-05-16,26,40727,8,10396,16,29782,2,549,12,4081,14,18542,14,22623,California
Tuolumne,2021-05-17,110,40837,29,10425,78,29860,3,552,47,4069,63,18605,51,22674,California
Tuolumne,2021-05-18,176,41013,54,10479,75,29935,47,599,58,4056,118,18723,105,22779,California
Tuolumne,2021-05-19,120,41133,22,10501,65,30000,33,632,47,4064,72,18795,80,22859,California
Tuolumne,2021-05-20,396,41529,20,10521,371,30371,5,637,52,3778,343,19138,57,22916,California
Tuolumne,2021-05-21,192,41721,89,10610,98,30469,5,642,116,3824,75,19213,121,23037,California
Tuolumne,2021-05-22,52,41773,15,10625,32,30501,5,647,21,3819,30,19243,25,23062,California
Tuolumne,2021-05-23,15,41788,4,10629,11,30512,0,647,6,3816,9,19252,6,23068,California
Tuolumne,2021-05-24,126,41914,41,10670,79,30591,6,653,53,3803,72,19324,59,23127,California
Tuolumne,2021-05-25,282,42196,215,10885,61,30652,6,659,109,3745,173,19497,115,23242,California
Tuolumne,2021-05-26,83,42279,20,10905,61,30713,2,661,35,3734,48,19545,37,23279,California
Tuolumne,2021-05-27,68,42347,14,10919,52,30765,2,663,28,3725,39,19584,30,23309,California
Tuolumne,2021-05-28,99,42446,50,10969,48,30813,1,664,61,3751,36,19620,62,23371,California
Tuolumne,2021-05-29,35,42481,6,10975,23,30836,6,670,14,3750,21,19641,20,23391,California
Tuolumne,2021-05-30,18,42499,1,10976,14,30850,3,673,4,3743,14,19655,7,23398,California
Tuolumne,2021-05-31,7,42506,0,10976,6,30856,1,674,0,3737,7,19662,1,23399,California
Ventura,2020-12-15,5,5,5,5,0,0,0,0,5,5,0,0,5,5,California
Ventura,2020-12-16,73,78,73,78,0,0,0,0,73,78,0,0,73,78,California
Ventura,2020-12-17,249,327,249,327,0,0,0,0,249,327,0,0,249,327,California
Ventura,2020-12-18,1415,1742,1415,1742,0,0,0,0,1415,1742,0,0,1415,1742,California
Ventura,2020-12-19,914,2656,914,2656,0,0,0,0,914,2656,0,0,914,2656,California
Ventura,2020-12-20,432,3088,432,3088,0,0,0,0,432,3088,0,0,432,3088,California
Ventura,2020-12-21,1468,4556,1468,4556,0,0,0,0,1468,4556,0,0,1468,4556,California
Ventura,2020-12-22,1108,5664,1103,5659,5,5,0,0,1108,5664,0,0,1108,5664,California
Ventura,2020-12-23,1036,6700,987,6646,49,54,0,0,1036,6700,0,0,1036,6700,California
Ventura,2020-12-24,478,7178,380,7026,98,152,0,0,478,7178,0,0,478,7178,California
Ventura,2020-12-25,12,7190,7,7033,5,157,0,0,12,7190,0,0,12,7190,California
Ventura,2020-12-26,113,7303,92,7125,21,178,0,0,113,7303,0,0,113,7303,California
Ventura,2020-12-27,58,7361,27,7152,31,209,0,0,58,7361,0,0,58,7361,California
Ventura,2020-12-28,1069,8430,928,8080,141,350,0,0,1069,8430,0,0,1069,8430,California
Ventura,2020-12-29,1169,9599,762,8842,407,757,0,0,1169,9599,0,0,1169,9599,California
Ventura,2020-12-30,1988,11587,1522,10364,466,1223,0,0,1988,11587,0,0,1988,11587,California
Ventura,2020-12-31,479,12066,160,10524,319,1542,0,0,479,12066,0,0,479,12066,California
Ventura,2021-01-01,32,12098,12,10536,20,1562,0,0,32,12098,0,0,32,12098,California
Ventura,2021-01-02,174,12272,83,10619,91,1653,0,0,174,12272,0,0,174,12272,California
Ventura,2021-01-03,16,12288,8,10627,8,1661,0,0,16,12288,0,0,16,12288,California
Ventura,2021-01-04,1085,13373,552,11179,533,2194,0,0,1084,13372,0,0,1084,13372,California
Ventura,2021-01-05,1375,14748,786,11965,589,2783,0,0,1332,14661,43,43,1332,14704,California
Ventura,2021-01-06,2063,16811,1181,13146,882,3665,0,0,1630,15869,424,467,1632,16336,California
Ventura,2021-01-07,2072,18883,1327,14473,745,4410,0,0,1181,16162,888,1355,1181,17517,California
Ventura,2021-01-08,2195,21078,1472,15945,723,5133,0,0,903,15776,1290,2645,904,18421,California
Ventura,2021-01-09,721,21799,500,16445,221,5354,0,0,318,15691,403,3048,318,18739,California
Ventura,2021-01-10,341,22140,330,16775,11,5365,0,0,127,15604,214,3262,127,18866,California
Ventura,2021-01-11,2449,24589,1490,18265,959,6324,0,0,1496,16150,953,4215,1499,20365,California
Ventura,2021-01-12,3049,27638,1613,19878,1436,7760,0,0,2024,17149,1025,5240,2024,22389,California
Ventura,2021-01-13,2937,30575,1431,21309,1506,9266,0,0,2053,18322,881,6121,2054,24443,California
Ventura,2021-01-14,2734,33309,1059,22368,1675,10941,0,0,2287,20164,446,6567,2288,26731,California
Ventura,2021-01-15,2884,36193,964,23332,1920,12861,0,0,2674,22629,210,6777,2675,29406,California
Ventura,2021-01-16,485,36678,187,23519,298,13159,0,0,405,22954,80,6857,405,29811,California
Ventura,2021-01-17,259,36937,137,23656,122,13281,0,0,253,23201,6,6863,253,30064,California
Ventura,2021-01-18,2207,39144,1658,25314,549,13830,0,0,1662,24320,544,7407,1663,31727,California
Ventura,2021-01-19,3052,42196,2126,27440,926,14756,0,0,2155,25581,897,8304,2158,33885,California
Ventura,2021-01-20,4101,46297,3149,30589,952,15708,0,0,3050,27584,1048,9352,3051,36936,California
Ventura,2021-01-21,3852,50149,2678,33267,1174,16882,0,0,3177,30091,672,10024,3179,40115,California
Ventura,2021-01-22,3622,53771,2498,35765,1124,18006,0,0,3458,33385,164,10188,3458,43573,California
Ventura,2021-01-23,1183,54954,647,36412,536,18542,0,0,1083,34371,99,10287,1085,44658,California
Ventura,2021-01-24,456,55410,137,36549,319,18861,0,0,443,34801,13,10300,443,45101,California
Ventura,2021-01-25,3164,58574,2032,38581,1132,19993,0,0,2607,36853,556,10856,2608,47709,California
Ventura,2021-01-26,3724,62298,2213,40794,1511,21504,0,0,2722,38575,1001,11857,2723,50432,California
Ventura,2021-01-27,3482,65780,1560,42354,1922,23426,0,0,2738,40574,740,12597,2739,53171,California
Ventura,2021-01-28,3888,69668,1999,44353,1889,25315,0,0,3271,43244,602,13199,3272,56443,California
Ventura,2021-01-29,4269,73937,2523,46876,1746,27061,0,0,3768,46523,489,13688,3768,60211,California
Ventura,2021-01-30,3041,76978,1966,48842,1075,28136,0,0,2868,49223,169,13857,2869,63080,California
Ventura,2021-01-31,836,77814,447,49289,389,28525,0,0,750,49888,85,13942,750,63830,California
Ventura,2021-02-01,3961,81775,2117,51406,1844,30369,0,0,3184,52303,771,14713,3186,67016,California
Ventura,2021-02-02,4411,86186,2373,53779,2038,32407,0,0,3389,54676,1018,15731,3391,70407,California
Ventura,2021-02-03,4458,90644,2090,55869,2368,34775,0,0,3443,57110,1010,16741,3444,73851,California
Ventura,2021-02-04,4793,95437,2300,58169,2493,37268,0,0,3525,59378,1260,18001,3528,77379,California
Ventura,2021-02-05,4845,100282,2323,60492,2522,39790,0,0,3352,61252,1480,19481,3354,80733,California
Ventura,2021-02-06,2838,103120,1514,62006,1324,41114,0,0,2436,63287,401,19882,2436,83169,California
Ventura,2021-02-07,722,103842,241,62247,481,41595,0,0,597,63760,125,20007,598,83767,California
Ventura,2021-02-08,3512,107354,1632,63879,1880,43475,0,0,2436,65125,1071,21078,2436,86203,California
Ventura,2021-02-09,4729,112083,1975,65854,2754,46229,0,0,2467,65335,2260,23338,2470,88673,California
Ventura,2021-02-10,4718,116801,2233,68087,2485,48714,0,0,2392,65412,2316,25654,2393,91066,California
Ventura,2021-02-11,4672,121473,1866,69953,2806,51520,0,0,2450,65651,2214,27868,2453,93519,California
Ventura,2021-02-12,6313,127786,2665,72618,3648,55168,0,0,3225,65794,3082,30950,3225,96744,California
Ventura,2021-02-13,3310,131096,1829,74447,1481,56649,0,0,1849,66188,1457,32407,1851,98595,California
Ventura,2021-02-14,1226,132322,123,74570,1103,57752,0,0,1009,66981,217,32624,1010,99605,California
Ventura,2021-02-15,3990,136312,1801,76371,2189,59941,0,0,2118,67230,1869,34493,2118,101723,California
Ventura,2021-02-16,5559,141871,2711,79082,2848,62789,0,0,3017,67715,2532,37025,3017,104740,California
Ventura,2021-02-17,5307,147178,1923,81005,3384,66173,0,0,3334,69085,1964,38989,3334,108074,California
Ventura,2021-02-18,5787,152965,1834,82839,3953,70126,0,0,3639,70587,2137,41126,3639,111713,California
Ventura,2021-02-19,6474,159439,3771,86610,2703,72829,0,0,3013,70148,3454,44580,3015,114728,California
Ventura,2021-02-20,4942,164381,3172,89782,1770,74599,0,0,2774,70764,2162,46742,2778,117506,California
Ventura,2021-02-21,1103,165484,812,90594,291,74890,0,0,451,70570,647,47389,453,117959,California
Ventura,2021-02-22,5406,170890,2412,93006,2994,77884,0,0,3462,72098,1935,49324,3463,121422,California
Ventura,2021-02-23,5979,176869,2976,95982,3003,80887,0,0,3422,72982,2540,51864,3424,124846,California
Ventura,2021-02-24,7086,183955,2617,98599,4469,85356,0,0,4257,74428,2813,54677,4259,129105,California
Ventura,2021-02-25,7596,191551,2575,101174,5021,90377,0,0,4576,75998,3008,57685,4578,133683,California
Ventura,2021-02-26,9465,201016,2775,103949,6690,97067,0,0,6176,78914,3263,60948,6179,139862,California
Ventura,2021-02-27,10593,211609,5286,109235,5307,102374,0,0,7949,84246,2627,63575,7959,147821,California
Ventura,2021-02-28,2571,214180,1637,110872,933,103307,1,1,2096,85874,468,64043,2096,149917,California
Ventura,2021-03-01,7137,221317,2835,113707,4301,107608,1,2,4744,88255,2377,66420,4758,154675,California
Ventura,2021-03-02,7703,229020,4036,117743,3665,111273,2,4,5400,91363,2292,68712,5400,160075,California
Ventura,2021-03-03,8683,237703,3920,121663,4761,116034,2,6,6130,94961,2538,71250,6136,166211,California
Ventura,2021-03-04,8249,245952,3879,125542,4370,120404,0,6,5548,97826,2686,73936,5551,171762,California
Ventura,2021-03-05,10088,256040,4812,130354,5266,125670,10,16,7191,102153,2882,76818,7209,178971,California
Ventura,2021-03-06,7782,263822,4402,134756,3227,128897,153,169,5818,106169,1957,78775,5973,184944,California
Ventura,2021-03-07,1661,265483,614,135370,947,129844,100,269,1246,107100,415,79190,1346,186290,California
Ventura,2021-03-08,6849,272332,3436,138806,3259,133103,154,423,4736,109887,2106,81296,4893,191183,California
Ventura,2021-03-09,6867,279199,3026,141832,3641,136744,200,623,3984,111206,2869,84165,4188,195371,California
Ventura,2021-03-10,7004,286203,3018,144850,3747,140491,239,862,4675,113804,2316,86481,4914,200285,California
Ventura,2021-03-11,6535,292738,2896,147746,3325,143816,314,1176,3569,114734,2952,89433,3882,204167,California
Ventura,2021-03-12,8687,301425,3051,150797,4790,148606,846,2022,4248,115404,4423,93856,5093,209260,California
Ventura,2021-03-13,7249,308674,2510,153307,3895,152501,844,2866,4306,117620,2934,96790,5150,214410,California
Ventura,2021-03-14,2146,310820,487,153794,1161,153662,498,3364,725,117425,1420,98210,1225,215635,California
Ventura,2021-03-15,7079,317899,2050,155844,3682,157344,1347,4711,3132,117978,3923,102133,4476,220111,California
Ventura,2021-03-16,8130,326029,2465,158309,4551,161895,1114,5825,4188,119349,3929,106062,5300,225411,California
Ventura,2021-03-17,7715,333744,2777,161086,4590,166485,348,6173,4694,121394,2998,109060,5043,230454,California
Ventura,2021-03-18,7416,341160,3279,164365,3985,170470,152,6325,4838,123818,2564,111624,4988,235442,California
Ventura,2021-03-19,8656,349816,3803,168168,4740,175210,113,6438,5261,125818,3373,114997,5373,240815,California
Ventura,2021-03-20,8707,358523,5752,173920,2933,178143,22,6460,4441,126038,4244,119241,4464,245279,California
Ventura,2021-03-21,2799,361322,1523,175443,904,179047,372,6832,1323,126267,1463,120704,1692,246971,California
Ventura,2021-03-22,7425,368747,3706,179149,3616,182663,103,6935,4908,128781,2499,123203,5013,251984,California
Ventura,2021-03-23,8261,377008,3931,183080,4258,186921,72,7007,4644,129907,3589,126792,4715,256699,California
Ventura,2021-03-24,8938,385946,3422,186502,5439,192360,77,7084,4475,130027,4433,131225,4553,261252,California
Ventura,2021-03-25,8861,394807,3926,190428,4833,197193,102,7186,4493,130272,4350,135575,4595,265847,California
Ventura,2021-03-26,9941,404748,3373,193801,5914,203107,654,7840,3987,128989,5923,141498,4640,270487,California
Ventura,2021-03-27,8498,413246,3939,197740,4519,207626,40,7880,2428,125420,6043,147541,2474,272961,California
Ventura,2021-03-28,2545,415791,1427,199167,1109,208735,9,7889,1375,125646,1164,148705,1390,274351,California
Ventura,2021-03-29,8575,424366,4298,203465,4232,212967,45,7934,4258,125662,4289,152994,4305,278656,California
Ventura,2021-03-30,9014,433380,4472,207937,4411,217378,131,8065,4407,125606,4593,157587,4537,283193,California
Ventura,2021-03-31,10804,444184,4870,212807,5306,222684,628,8693,4682,124814,6100,163687,5308,288501,California
Ventura,2021-04-01,10843,455027,5288,218095,4672,227356,883,9576,5506,125894,5305,168992,6385,294886,California
Ventura,2021-04-02,11813,466840,4660,222755,5813,233169,1340,10916,5657,126772,6124,175116,7002,301888,California
Ventura,2021-04-03,8136,474976,4028,226783,2933,236102,1175,12091,3428,126671,4697,179813,4596,306484,California
Ventura,2021-04-04,1717,476693,960,227743,622,236724,135,12226,1148,127392,562,180375,1283,307767,California
Ventura,2021-04-05,9423,486116,4907,232650,3400,240124,1116,13342,4803,128704,4607,184982,5919,313686,California
Ventura,2021-04-06,10951,497067,5587,238237,3872,243996,1492,14834,5626,130533,5298,190280,7127,320813,California
Ventura,2021-04-07,11436,508503,5457,243694,4474,248470,1505,16339,5229,131100,6190,196470,6757,327570,California
Ventura,2021-04-08,10377,518880,5345,249039,4082,252552,950,17289,5188,132093,5170,201640,6163,333733,California
Ventura,2021-04-09,11271,530151,4373,253412,5178,257730,1720,19009,4919,132453,6329,207969,6689,340422,California
Ventura,2021-04-10,9541,539692,3864,257276,3514,261244,2163,21172,3118,131352,6406,214375,5305,345727,California
Ventura,2021-04-11,2419,542111,860,258136,990,262234,569,21741,679,130865,1733,216108,1246,346973,California
Ventura,2021-04-12,8936,551047,4472,262608,3648,265882,816,22557,3746,130247,5172,221280,4554,351527,California
Ventura,2021-04-13,8820,559867,4484,267092,4330,270212,6,22563,3741,128948,5046,226326,3747,355274,California
Ventura,2021-04-14,8713,568580,4076,271168,4622,274834,15,22578,3346,126981,5331,231657,3364,358638,California
Ventura,2021-04-15,9343,577923,4539,275707,4797,279631,7,22585,4088,125849,5228,236885,4096,362734,California
Ventura,2021-04-16,10160,588083,4492,280199,5667,285298,1,22586,4812,125335,5331,242216,4817,367551,California
Ventura,2021-04-17,8750,596833,5323,285522,3426,288724,1,22587,5093,126787,3642,245858,5094,372645,California
Ventura,2021-04-18,2137,598970,1015,286537,1122,289846,0,22587,910,126474,1223,247081,910,373555,California
Ventura,2021-04-19,8064,607034,4848,291385,3215,293061,1,22588,4629,127689,3416,250497,4631,378186,California
Ventura,2021-04-20,9314,616348,4918,296303,4392,297453,4,22592,4375,127147,4921,255418,4379,382565,California
Ventura,2021-04-21,8928,625276,4576,300879,4347,301800,5,22597,4251,126742,4662,260080,4257,386822,California
Ventura,2021-04-22,10073,635349,5491,306370,4582,306382,0,22597,4472,125630,5585,265665,4473,391295,California
Ventura,2021-04-23,10864,646213,5400,311770,5463,311845,1,22598,5416,125623,5424,271089,5417,396712,California
Ventura,2021-04-24,10433,656646,5893,317663,4540,316385,0,22598,6126,127456,4295,275384,6128,402840,California
Ventura,2021-04-25,2473,659119,1702,319365,771,317156,0,22598,1147,127281,1322,276706,1147,403987,California
Ventura,2021-04-26,7239,666358,4126,323491,3047,320203,66,22664,3021,126169,4194,280900,3082,407069,California
Ventura,2021-04-27,8409,674767,4639,328130,3599,323802,171,22835,3183,124309,5212,286112,3352,410421,California
Ventura,2021-04-28,8309,683076,4823,332953,3170,326972,316,23151,3266,122868,5023,291135,3582,414003,California
Ventura,2021-04-29,7830,690906,4219,337172,3347,330319,264,23415,2802,120931,5002,296137,3065,417068,California
Ventura,2021-04-30,9396,700302,5446,342618,3676,333995,274,23689,3890,119613,5471,301608,4153,421221,California
Ventura,2021-05-01,5037,705339,3629,346247,1306,335301,102,23791,1950,118602,3063,304671,2052,423273,California
Ventura,2021-05-02,2129,707468,1426,347673,614,335915,89,23880,1038,118642,1088,305759,1128,424401,California
Ventura,2021-05-03,6267,713735,3911,351584,2077,337992,279,24159,1982,116636,4265,310024,2259,426660,California
Ventura,2021-05-04,6319,720054,3318,354902,2702,340694,299,24458,2300,115229,4005,314029,2598,429258,California
Ventura,2021-05-05,5319,725373,3015,357917,2044,342738,260,24718,1936,114059,3359,317388,2189,431447,California
Ventura,2021-05-06,6144,731517,3211,361128,2663,345401,270,24988,1978,112159,4148,321536,2248,433695,California
Ventura,2021-05-07,6806,738323,3422,364550,3111,348512,273,25261,2353,110360,4425,325961,2626,436321,California
Ventura,2021-05-08,5303,743626,4120,368670,1030,349542,153,25414,1217,107656,4072,330033,1368,437689,California
Ventura,2021-05-09,1048,744674,734,369404,268,349810,46,25460,399,107458,641,330674,443,438132,California
Ventura,2021-05-10,6069,750743,4073,373477,1792,351602,204,25664,1396,104395,4662,335336,1599,439731,California
Ventura,2021-05-11,5151,755894,3205,376682,1739,353341,207,25871,1505,102470,3636,338972,1711,441442,California
Ventura,2021-05-12,4777,760671,2766,379448,1811,355152,200,26071,1481,100871,3280,342252,1681,443123,California
Ventura,2021-05-13,5693,766364,3353,382801,2138,357290,202,26273,1925,99243,3755,346007,2127,445250,California
Ventura,2021-05-14,7228,773592,4448,387249,2582,359872,198,26471,2749,97728,4459,350466,2944,448194,California
Ventura,2021-05-15,6620,780212,5367,392616,1168,361040,85,26556,2828,96868,3774,354240,2914,451108,California
Ventura,2021-05-16,2156,782368,1667,394283,437,361477,52,26608,1025,96819,1126,355366,1077,452185,California
Ventura,2021-05-17,5834,788202,3565,397848,2062,363539,207,26815,2575,96359,3241,358607,2781,454966,California
Ventura,2021-05-18,5365,793567,3169,401017,2016,365555,180,26995,2303,95798,3042,361649,2481,457447,California
Ventura,2021-05-19,5791,799358,3519,404536,2065,367620,207,27202,2434,95104,3332,364981,2638,460085,California
Ventura,2021-05-20,4341,803699,2292,406828,1894,369514,155,27357,1775,94492,2541,367522,1929,462014,California
Ventura,2021-05-21,6710,810409,3658,410486,2878,372392,174,27531,2141,92265,4541,372063,2314,464328,California
Ventura,2021-05-22,4761,815170,2314,412800,2373,374765,74,27605,1489,90562,3266,375329,1563,465891,California
Ventura,2021-05-23,1269,816439,1061,413861,138,374903,70,27675,492,90349,775,376104,562,466453,California
Ventura,2021-05-24,4505,820944,2455,416316,1894,376797,156,27831,1536,89086,2955,379059,1692,468145,California
Ventura,2021-05-25,4249,825193,2199,418515,1901,378698,149,27980,1463,87929,2767,381826,1610,469755,California
Ventura,2021-05-26,4069,829262,2187,420702,1751,380449,131,28111,1593,87195,2458,384284,1724,471479,California
Ventura,2021-05-27,3765,833027,1841,422543,1815,382264,109,28220,1377,86305,2376,386660,1486,472965,California
Ventura,2021-05-28,4435,837462,2442,424985,1809,384073,184,28404,1973,86008,2451,389111,2154,475119,California
Ventura,2021-05-29,2119,839581,1326,426311,725,384798,68,28472,1028,86029,1075,390186,1096,476215,California
Ventura,2021-05-30,834,840415,566,426877,216,385014,52,28524,354,85957,478,390664,406,476621,California
Ventura,2021-05-31,96,840511,28,426905,62,385076,6,28530,26,85919,70,390734,32,476653,California
Yolo,2020-12-15,39,39,39,39,0,0,0,0,39,39,0,0,39,39,California
Yolo,2020-12-16,78,117,78,117,0,0,0,0,78,117,0,0,78,117,California
Yolo,2020-12-17,101,218,101,218,0,0,0,0,101,218,0,0,101,218,California
Yolo,2020-12-18,209,427,209,427,0,0,0,0,209,427,0,0,209,427,California
Yolo,2020-12-19,88,515,88,515,0,0,0,0,88,515,0,0,88,515,California
Yolo,2020-12-20,100,615,100,615,0,0,0,0,100,615,0,0,100,615,California
Yolo,2020-12-21,254,869,254,869,0,0,0,0,254,869,0,0,254,869,California
Yolo,2020-12-22,381,1250,380,1249,1,1,0,0,381,1250,0,0,381,1250,California
Yolo,2020-12-23,433,1683,413,1662,20,21,0,0,433,1683,0,0,433,1683,California
Yolo,2020-12-24,153,1836,96,1758,57,78,0,0,153,1836,0,0,153,1836,California
Yolo,2020-12-25,1,1837,1,1759,0,78,0,0,1,1837,0,0,1,1837,California
Yolo,2020-12-26,75,1912,25,1784,50,128,0,0,75,1912,0,0,75,1912,California
Yolo,2020-12-27,46,1958,19,1803,27,155,0,0,46,1958,0,0,46,1958,California
Yolo,2020-12-28,349,2307,180,1983,169,324,0,0,349,2307,0,0,349,2307,California
Yolo,2020-12-29,489,2796,267,2250,222,546,0,0,489,2796,0,0,489,2796,California
Yolo,2020-12-30,623,3419,255,2505,368,914,0,0,623,3419,0,0,623,3419,California
Yolo,2020-12-31,185,3604,95,2600,90,1004,0,0,185,3604,0,0,185,3604,California
Yolo,2021-01-01,58,3662,56,2656,2,1006,0,0,58,3662,0,0,58,3662,California
Yolo,2021-01-02,69,3731,26,2682,43,1049,0,0,69,3731,0,0,69,3731,California
Yolo,2021-01-03,44,3775,19,2701,25,1074,0,0,44,3775,0,0,44,3775,California
Yolo,2021-01-04,194,3969,43,2744,151,1225,0,0,194,3969,0,0,194,3969,California
Yolo,2021-01-05,615,4584,238,2982,377,1602,0,0,554,4462,61,61,554,4523,California
Yolo,2021-01-06,483,5067,183,3165,300,1902,0,0,352,4683,131,192,352,4875,California
Yolo,2021-01-07,710,5777,233,3398,477,2379,0,0,521,5016,188,380,521,5396,California
Yolo,2021-01-08,634,6411,312,3710,322,2701,0,0,418,5219,215,595,418,5814,California
Yolo,2021-01-09,409,6820,69,3779,340,3041,0,0,363,5536,46,641,363,6177,California
Yolo,2021-01-10,393,7213,80,3859,313,3354,0,0,323,5789,70,711,323,6500,California
Yolo,2021-01-11,562,7775,324,4183,238,3592,0,0,293,5815,269,980,295,6795,California
Yolo,2021-01-12,486,8261,367,4550,119,3711,0,0,178,5686,308,1288,179,6974,California
Yolo,2021-01-13,772,9033,312,4862,460,4171,0,0,522,5958,250,1538,522,7496,California
Yolo,2021-01-14,378,9411,183,5045,195,4366,0,0,274,6128,104,1642,274,7770,California
Yolo,2021-01-15,624,10035,319,5364,305,4671,0,0,545,6595,79,1721,546,8316,California
Yolo,2021-01-16,741,10776,95,5459,646,5317,0,0,710,7274,31,1752,710,9026,California
Yolo,2021-01-17,187,10963,119,5578,68,5385,0,0,180,7447,7,1759,180,9206,California
Yolo,2021-01-18,481,11444,304,5882,177,5562,0,0,378,7722,103,1862,378,9584,California
Yolo,2021-01-19,558,12002,373,6255,185,5747,0,0,385,7934,173,2035,385,9969,California
Yolo,2021-01-20,661,12663,381,6636,280,6027,0,0,475,8224,185,2220,475,10444,California
Yolo,2021-01-21,652,13315,385,7021,267,6294,0,0,464,8500,188,2408,464,10908,California
Yolo,2021-01-22,751,14066,252,7273,499,6793,0,0,633,9017,116,2524,633,11541,California
Yolo,2021-01-23,615,14681,122,7395,493,7286,0,0,567,9536,48,2572,567,12108,California
Yolo,2021-01-24,208,14889,124,7519,84,7370,0,0,167,9662,41,2613,167,12275,California
Yolo,2021-01-25,731,15620,156,7675,575,7945,0,0,513,9957,218,2831,513,12788,California
Yolo,2021-01-26,823,16443,328,8003,495,8440,0,0,428,9990,395,3226,428,13216,California
Yolo,2021-01-27,557,17000,223,8226,334,8774,0,0,381,10195,176,3402,381,13597,California
Yolo,2021-01-28,1051,18051,567,8793,484,9258,0,0,926,10997,124,3526,926,14523,California
Yolo,2021-01-29,892,18943,266,9059,626,9884,0,0,807,11720,84,3610,807,15330,California
Yolo,2021-01-30,1531,20474,928,9987,603,10487,0,0,1410,13015,115,3725,1410,16740,California
Yolo,2021-01-31,240,20714,202,10189,38,10525,0,0,213,13202,26,3751,213,16953,California
Yolo,2021-02-01,847,21561,361,10550,486,11011,0,0,614,13586,230,3981,614,17567,California
Yolo,2021-02-02,1336,22897,751,11301,585,11596,0,0,929,14109,407,4388,930,18497,California
Yolo,2021-02-03,1531,24428,400,11701,1131,12727,0,0,1190,14961,338,4726,1190,19687,California
Yolo,2021-02-04,1797,26225,283,11984,1514,14241,0,0,1245,15666,541,5267,1246,20933,California
Yolo,2021-02-05,1599,27824,908,12892,691,14932,0,0,1199,16467,399,5666,1200,22133,California
Yolo,2021-02-06,1923,29747,1253,14145,670,15602,0,0,1562,17669,361,6027,1563,23696,California
Yolo,2021-02-07,520,30267,250,14395,270,15872,0,0,171,17492,348,6375,171,23867,California
Yolo,2021-02-08,952,31219,334,14729,618,16490,0,0,605,17753,344,6719,605,24472,California
Yolo,2021-02-09,860,32079,387,15116,473,16963,0,0,577,18047,283,7002,577,25049,California
Yolo,2021-02-10,1465,33544,478,15594,987,17950,0,0,824,18232,641,7643,826,25875,California
Yolo,2021-02-11,1573,35117,804,16398,769,18719,0,0,1186,19031,387,8030,1186,27061,California
Yolo,2021-02-12,1919,37036,756,17154,1163,19882,0,0,1445,20006,470,8500,1445,28506,California
Yolo,2021-02-13,2056,39092,712,17866,1344,21226,0,0,1390,20730,666,9166,1390,29896,California
Yolo,2021-02-14,569,39661,154,18020,415,21641,0,0,445,21052,123,9289,445,30341,California
Yolo,2021-02-15,533,40194,190,18210,343,21984,0,0,267,21054,266,9555,268,30609,California
Yolo,2021-02-16,1132,41326,427,18637,705,22689,0,0,811,21545,321,9876,812,31421,California
Yolo,2021-02-17,1392,42718,700,19337,692,23381,0,0,997,22147,395,10271,997,32418,California
Yolo,2021-02-18,2501,45219,817,20154,1684,25065,0,0,1724,23096,776,11047,1725,34143,California
Yolo,2021-02-19,1750,46969,752,20906,998,26063,0,0,1129,23606,619,11666,1129,35272,California
Yolo,2021-02-20,2455,49424,957,21863,1498,27561,0,0,1372,23901,1078,12744,1373,36645,California
Yolo,2021-02-21,285,49709,228,22091,57,27618,0,0,76,23769,208,12952,76,36721,California
Yolo,2021-02-22,1364,51073,600,22691,764,28382,0,0,694,23794,669,13621,694,37415,California
Yolo,2021-02-23,1132,52205,849,23540,283,28665,0,0,437,23538,693,14314,437,37852,California
Yolo,2021-02-24,2093,54298,592,24132,1501,30166,0,0,1384,24215,707,15021,1384,39236,California
Yolo,2021-02-25,1382,55680,487,24619,895,31061,0,0,916,24666,465,15486,916,40152,California
Yolo,2021-02-26,2610,58290,1017,25636,1593,32654,0,0,1384,24827,1223,16709,1384,41536,California
Yolo,2021-02-27,1663,59953,769,26405,894,33548,0,0,1213,25590,450,17159,1213,42749,California
Yolo,2021-02-28,1777,61730,1499,27904,278,33826,0,0,675,25165,1100,18259,675,43424,California
Yolo,2021-03-01,1103,62833,366,28270,737,34563,0,0,673,25410,428,18687,673,44097,California
Yolo,2021-03-02,1473,64306,693,28963,780,35343,0,0,943,25823,530,19217,943,45040,California
Yolo,2021-03-03,1856,66162,639,29602,1217,36560,0,0,832,25633,1022,20239,832,45872,California
Yolo,2021-03-04,2928,69090,1467,31069,1461,38021,0,0,1565,25838,1360,21599,1565,47437,California
Yolo,2021-03-05,2363,71453,1409,32478,943,38964,11,11,1475,26437,887,22486,1486,48923,California
Yolo,2021-03-06,1485,72938,1136,33614,320,39284,29,40,845,26673,638,23124,874,49797,California
Yolo,2021-03-07,916,73854,679,34293,223,39507,14,54,781,27333,135,23259,795,50592,California
Yolo,2021-03-08,1099,74953,491,34784,565,40072,43,97,770,27819,328,23587,814,51406,California
Yolo,2021-03-09,1280,76233,689,35473,528,40600,63,160,783,28170,495,24082,846,52252,California
Yolo,2021-03-10,1815,78048,1061,36534,464,41064,290,450,754,28150,1057,25139,1037,53289,California
Yolo,2021-03-11,2354,80402,1606,38140,680,41744,68,518,1607,29080,746,25885,1676,54965,California
Yolo,2021-03-12,2912,83314,1357,39497,1475,43219,80,598,1374,29006,1530,27415,1456,56421,California
Yolo,2021-03-13,1852,85166,736,40233,939,44158,177,775,1007,29348,842,28257,1184,57605,California
Yolo,2021-03-14,1014,86180,213,40446,651,44809,150,925,528,29541,485,28742,678,58283,California
Yolo,2021-03-15,1323,87503,773,41219,373,45182,177,1102,707,29809,614,29356,882,59165,California
Yolo,2021-03-16,1869,89372,717,41936,1080,46262,72,1174,1104,30220,765,30121,1176,60341,California
Yolo,2021-03-17,2508,91880,977,42913,1459,47721,72,1246,1721,31261,784,30905,1825,62166,California
Yolo,2021-03-18,3033,94913,1033,43946,1775,49496,225,1471,1259,30975,1770,32675,1484,63650,California
Yolo,2021-03-19,2096,97009,871,44817,1157,50653,68,1539,1099,31152,991,33666,1168,64818,California
Yolo,2021-03-20,2773,99782,819,45636,1913,52566,41,1580,1109,30646,1658,35324,1152,65970,California
Yolo,2021-03-21,314,100096,214,45850,92,52658,8,1588,228,30797,85,35409,236,66206,California
Yolo,2021-03-22,1402,101498,489,46339,855,53513,58,1646,922,31299,477,35886,979,67185,California
Yolo,2021-03-23,1739,103237,938,47277,745,54258,56,1702,1071,31758,667,36553,1126,68311,California
Yolo,2021-03-24,2877,106114,1408,48685,1420,55678,49,1751,1406,31755,1459,38012,1456,69767,California
Yolo,2021-03-25,2552,108666,1417,50102,1106,56784,29,1780,1255,31753,1286,39298,1284,71051,California
Yolo,2021-03-26,2401,111067,1258,51360,1124,57908,19,1799,1025,31427,1369,40667,1043,72094,California
Yolo,2021-03-27,1653,112720,455,51815,1181,59089,17,1816,757,31306,895,41562,774,72868,California
Yolo,2021-03-28,1109,113829,866,52681,225,59314,18,1834,269,30757,836,42398,287,73155,California
Yolo,2021-03-29,2024,115853,822,53503,1172,60486,30,1864,977,30721,1043,43441,1007,74162,California
Yolo,2021-03-30,2279,118132,1081,54584,1176,61662,22,1886,1168,30807,1106,44547,1192,75354,California
Yolo,2021-03-31,2354,120486,1224,55808,1094,62756,36,1922,1193,30876,1160,45707,1229,76583,California
Yolo,2021-04-01,3838,124324,1853,57661,1510,64266,475,2397,1610,30736,2225,47932,2085,78668,California
Yolo,2021-04-02,3403,127727,1521,59182,1735,66001,147,2544,2108,31704,1289,49221,2257,80925,California
Yolo,2021-04-03,1811,129538,1093,60275,499,66500,219,2763,806,31725,1004,50225,1025,81950,California
Yolo,2021-04-04,393,129931,156,60431,175,66675,62,2825,147,31688,246,50471,209,82159,California
Yolo,2021-04-05,1917,131848,735,61166,1082,67757,100,2925,1018,31913,894,51365,1119,83278,California
Yolo,2021-04-06,2582,134430,1313,62479,1098,68855,171,3096,1303,32122,1270,52635,1479,84757,California
Yolo,2021-04-07,2998,137428,1525,64004,1119,69974,354,3450,1938,33365,1054,53689,2297,87054,California
Yolo,2021-04-08,2418,139846,1004,65008,941,70915,473,3923,1023,33465,1392,55081,1492,88546,California
Yolo,2021-04-09,2573,142419,913,65921,1084,71999,576,4499,845,33156,1725,56806,1416,89962,California
Yolo,2021-04-10,1747,144166,821,66742,746,72745,180,4679,1031,33654,712,57518,1210,91172,California
Yolo,2021-04-11,888,145054,281,67023,563,73308,44,4723,364,33540,521,58039,407,91579,California
Yolo,2021-04-12,1759,146813,518,67541,1097,74405,144,4867,1086,34102,669,58708,1231,92810,California
Yolo,2021-04-13,1971,148784,912,68453,1059,75464,0,4867,1039,34210,931,59639,1039,93849,California
Yolo,2021-04-14,2765,151549,760,69213,2005,77469,0,4867,1366,34182,1394,61033,1366,95215,California
Yolo,2021-04-15,3316,154865,1136,70349,2180,79649,0,4867,2275,35422,1035,62068,2275,97490,California
Yolo,2021-04-16,3042,157907,1959,72308,1083,80732,0,4867,1938,36262,1098,63166,1938,99428,California
Yolo,2021-04-17,1605,159512,471,72779,1134,81866,0,4867,832,36324,770,63936,832,100260,California
Yolo,2021-04-18,631,160143,306,73085,325,82191,0,4867,351,36399,276,64212,351,100611,California
Yolo,2021-04-19,1663,161806,716,73801,946,83137,1,4868,762,36266,896,65108,763,101374,California
Yolo,2021-04-20,1997,163803,1013,74814,984,84121,0,4868,1071,36413,924,66032,1071,102445,California
Yolo,2021-04-21,1978,165781,985,75799,993,85114,0,4868,1075,36590,898,66930,1075,103520,California
Yolo,2021-04-22,1949,167730,885,76684,1064,86178,0,4868,971,36589,973,67903,972,104492,California
Yolo,2021-04-23,2617,170347,1526,78210,1091,87269,0,4868,1163,36309,1443,69346,1163,105655,California
Yolo,2021-04-24,1168,171515,642,78852,524,87793,2,4870,463,36076,698,70044,465,106120,California
Yolo,2021-04-25,949,172464,406,79258,543,88336,0,4870,728,36584,220,70264,728,106848,California
Yolo,2021-04-26,1176,173640,450,79708,723,89059,3,4873,484,36382,690,70954,488,107336,California
Yolo,2021-04-27,1489,175129,698,80406,782,89841,9,4882,574,36052,915,71869,585,107921,California
Yolo,2021-04-28,2019,177148,1002,81408,990,90831,27,4909,710,35484,1305,73174,737,108658,California
Yolo,2021-04-29,1711,178859,792,82200,837,91668,82,4991,652,35160,1058,74232,734,109392,California
Yolo,2021-04-30,2012,180871,994,83194,960,92628,58,5049,961,35134,1044,75276,1018,110410,California
Yolo,2021-05-01,1284,182155,998,84192,266,92894,20,5069,380,34632,902,76178,400,110810,California
Yolo,2021-05-02,497,182652,404,84596,70,92964,23,5092,322,34802,175,76353,345,111155,California
Yolo,2021-05-03,1122,183774,408,85004,680,93644,34,5126,303,34321,817,77170,336,111491,California
Yolo,2021-05-04,1438,185212,656,85660,758,94402,24,5150,487,33885,947,78117,511,112002,California
Yolo,2021-05-05,1553,186765,421,86081,1066,95468,66,5216,437,33279,1109,79226,503,112505,California
Yolo,2021-05-06,1508,188273,704,86785,724,96192,80,5296,497,32858,998,80224,577,113082,California
Yolo,2021-05-07,2300,190573,1375,88160,874,97066,51,5347,459,31534,1833,82057,509,113591,California
Yolo,2021-05-08,835,191408,358,88518,420,97486,57,5404,311,31380,521,82578,367,113958,California
Yolo,2021-05-09,393,191801,163,88681,217,97703,13,5417,90,31181,302,82880,103,114061,California
Yolo,2021-05-10,900,192701,355,89036,500,98203,45,5462,153,30633,745,83625,197,114258,California
Yolo,2021-05-11,1123,193824,651,89687,451,98654,21,5483,273,30080,847,84472,294,114552,California
Yolo,2021-05-12,1504,195328,666,90353,809,99463,29,5512,280,29171,1221,85693,312,114864,California
Yolo,2021-05-13,2073,197401,783,91136,1238,100701,52,5564,589,28332,1480,87173,641,115505,California
Yolo,2021-05-14,2025,199426,1506,92642,488,101189,31,5595,1151,28643,871,88044,1182,116687,California
Yolo,2021-05-15,1245,200671,704,93346,494,101683,47,5642,639,28723,606,88650,686,117373,California
Yolo,2021-05-16,1403,202074,1194,94540,203,101886,6,5648,984,29298,415,89065,990,118363,California
Yolo,2021-05-17,1073,203147,392,94932,662,102548,19,5667,330,28909,738,89803,349,118712,California
Yolo,2021-05-18,1679,204826,1101,96033,557,103105,21,5688,937,29130,737,90540,958,119670,California
Yolo,2021-05-19,1005,205831,591,96624,379,103484,35,5723,500,29162,503,91043,535,120205,California
Yolo,2021-05-20,941,206772,625,97249,294,103778,22,5745,378,29005,557,91600,400,120605,California
Yolo,2021-05-21,1247,208019,839,98088,390,104168,18,5763,310,28401,931,92531,327,120932,California
Yolo,2021-05-22,673,208692,470,98558,195,104363,8,5771,261,28261,409,92940,269,121201,California
Yolo,2021-05-23,509,209201,107,98665,387,104750,15,5786,91,27950,416,93356,105,121306,California
Yolo,2021-05-24,705,209906,352,99017,335,105085,18,5804,227,27719,476,93832,245,121551,California
Yolo,2021-05-25,838,210744,472,99489,343,105428,23,5827,335,27579,498,94330,358,121909,California
Yolo,2021-05-26,809,211553,260,99749,518,105946,31,5858,272,27352,531,94861,304,122213,California
Yolo,2021-05-27,743,212296,374,100123,319,106265,50,5908,310,27284,428,95289,360,122573,California
Yolo,2021-05-28,808,213104,345,100468,435,106700,28,5936,325,27158,478,95767,352,122925,California
Yolo,2021-05-29,573,213677,343,100811,195,106895,35,5971,252,27124,319,96086,285,123210,California
Yolo,2021-05-30,121,213798,65,100876,51,106946,5,5976,52,27113,68,96154,57,123267,California
Yolo,2021-05-31,44,213842,3,100879,40,106986,1,5977,16,27102,28,96182,17,123284,California
Yuba,2020-12-16,4,4,4,4,0,0,0,0,4,4,0,0,4,4,California
Yuba,2020-12-17,4,8,4,8,0,0,0,0,4,8,0,0,4,8,California
Yuba,2020-12-18,8,16,8,16,0,0,0,0,8,16,0,0,8,16,California
Yuba,2020-12-19,12,28,12,28,0,0,0,0,12,28,0,0,12,28,California
Yuba,2020-12-20,20,48,20,48,0,0,0,0,20,48,0,0,20,48,California
Yuba,2020-12-21,40,88,40,88,0,0,0,0,40,88,0,0,40,88,California
Yuba,2020-12-22,86,174,86,174,0,0,0,0,86,174,0,0,86,174,California
Yuba,2020-12-23,64,238,62,236,2,2,0,0,64,238,0,0,64,238,California
Yuba,2020-12-24,20,258,10,246,10,12,0,0,20,258,0,0,20,258,California
Yuba,2020-12-26,15,273,13,259,2,14,0,0,15,273,0,0,15,273,California
Yuba,2020-12-27,15,288,15,274,0,14,0,0,15,288,0,0,15,288,California
Yuba,2020-12-28,51,339,35,309,16,30,0,0,51,339,0,0,51,339,California
Yuba,2020-12-29,75,414,10,319,65,95,0,0,75,414,0,0,75,414,California
Yuba,2020-12-30,64,478,20,339,44,139,0,0,64,478,0,0,64,478,California
Yuba,2020-12-31,38,516,7,346,31,170,0,0,38,516,0,0,38,516,California
Yuba,2021-01-02,23,539,22,368,1,171,0,0,23,539,0,0,23,539,California
Yuba,2021-01-03,10,549,6,374,4,175,0,0,10,549,0,0,10,549,California
Yuba,2021-01-04,91,640,22,396,69,244,0,0,91,640,0,0,91,640,California
Yuba,2021-01-05,70,710,38,434,32,276,0,0,69,708,1,1,69,709,California
Yuba,2021-01-06,154,864,76,510,78,354,0,0,148,850,6,7,148,857,California
Yuba,2021-01-07,75,939,19,529,56,410,0,0,72,918,4,11,72,929,California
Yuba,2021-01-08,72,1011,24,553,48,458,0,0,65,976,7,18,65,994,California
Yuba,2021-01-09,19,1030,16,569,3,461,0,0,11,979,8,26,11,1005,California
Yuba,2021-01-10,117,1147,22,591,95,556,0,0,95,1052,22,48,95,1100,California
Yuba,2021-01-11,72,1219,50,641,22,578,0,0,32,1044,40,88,32,1132,California
Yuba,2021-01-12,108,1327,78,719,30,608,0,0,43,1022,65,153,43,1175,California
Yuba,2021-01-13,120,1447,72,791,48,656,0,0,55,1013,64,217,55,1230,California
Yuba,2021-01-14,110,1557,43,834,67,723,0,0,98,1099,12,229,98,1328,California
Yuba,2021-01-15,204,1761,87,921,117,840,0,0,193,1281,11,240,193,1521,California
Yuba,2021-01-16,185,1946,21,942,164,1004,0,0,173,1441,13,253,173,1694,California
Yuba,2021-01-17,13,1959,9,951,4,1008,0,0,7,1442,6,259,7,1701,California
Yuba,2021-01-18,60,2019,32,983,28,1036,0,0,35,1452,25,284,35,1736,California
Yuba,2021-01-19,81,2100,30,1013,51,1087,0,0,66,1503,15,299,66,1802,California
Yuba,2021-01-20,133,2233,87,1100,46,1133,0,0,110,1590,23,322,110,1912,California
Yuba,2021-01-21,213,2446,97,1197,116,1249,0,0,205,1787,8,330,205,2117,California
Yuba,2021-01-22,105,2551,6,1203,99,1348,0,0,96,1874,9,339,96,2213,California
Yuba,2021-01-23,200,2751,7,1210,193,1541,0,0,197,2068,3,342,197,2410,California
Yuba,2021-01-24,10,2761,7,1217,3,1544,0,0,8,2074,2,344,8,2418,California
Yuba,2021-01-25,86,2847,30,1247,56,1600,0,0,53,2095,32,376,53,2471,California
Yuba,2021-01-26,148,2995,39,1286,109,1709,0,0,90,2127,58,434,90,2561,California
Yuba,2021-01-27,185,3180,129,1415,56,1765,0,0,116,2174,69,503,116,2677,California
Yuba,2021-01-28,227,3407,89,1504,138,1903,0,0,175,2297,52,555,175,2852,California
Yuba,2021-01-29,148,3555,45,1549,103,2006,0,0,111,2371,37,592,111,2963,California
Yuba,2021-01-30,410,3965,23,1572,387,2393,0,0,399,2759,11,603,399,3362,California
Yuba,2021-01-31,18,3983,12,1584,6,2399,0,0,16,2773,2,605,16,3378,California
Yuba,2021-02-01,155,4138,75,1659,80,2479,0,0,131,2882,23,628,132,3510,California
Yuba,2021-02-02,124,4262,23,1682,101,2580,0,0,102,2962,22,650,102,3612,California
Yuba,2021-02-03,227,4489,30,1712,197,2777,0,0,115,2966,111,761,115,3727,California
Yuba,2021-02-04,296,4785,121,1833,175,2952,0,0,253,3176,43,804,253,3980,California
Yuba,2021-02-05,147,4932,32,1865,115,3067,0,0,71,3171,76,880,71,4051,California
Yuba,2021-02-06,449,5381,26,1891,423,3490,0,0,441,3604,8,888,441,4492,California
Yuba,2021-02-07,20,5401,13,1904,7,3497,0,0,16,3616,4,892,16,4508,California
Yuba,2021-02-08,96,5497,35,1939,61,3558,0,0,66,3652,30,922,66,4574,California
Yuba,2021-02-09,154,5651,56,1995,98,3656,0,0,84,3666,70,992,84,4658,California
Yuba,2021-02-10,355,6006,172,2167,183,3839,0,0,116,3544,238,1230,116,4774,California
Yuba,2021-02-11,396,6402,64,2231,332,4171,0,0,298,3746,96,1326,298,5072,California
Yuba,2021-02-12,264,6666,26,2257,238,4409,0,0,150,3782,114,1440,150,5222,California
Yuba,2021-02-13,436,7102,36,2293,400,4809,0,0,387,4120,49,1489,387,5609,California
Yuba,2021-02-14,54,7156,11,2304,43,4852,0,0,49,4164,5,1494,49,5658,California
Yuba,2021-02-15,87,7243,36,2340,51,4903,0,0,68,4213,19,1513,68,5726,California
Yuba,2021-02-16,199,7442,53,2393,146,5049,0,0,140,4295,58,1571,140,5866,California
Yuba,2021-02-17,373,7815,156,2549,217,5266,0,0,99,4121,273,1844,99,5965,California
Yuba,2021-02-18,317,8132,47,2596,270,5536,0,0,193,4190,124,1968,193,6158,California
Yuba,2021-02-19,226,8358,82,2678,144,5680,0,0,142,4248,84,2052,142,6300,California
Yuba,2021-02-20,391,8749,31,2709,360,6040,0,0,337,4531,54,2106,337,6637,California
Yuba,2021-02-21,17,8766,14,2723,3,6043,0,0,7,4528,10,2116,7,6644,California
Yuba,2021-02-22,128,8894,79,2802,49,6092,0,0,38,4477,89,2205,38,6682,California
Yuba,2021-02-23,115,9009,25,2827,90,6182,0,0,48,4459,66,2271,48,6730,California
Yuba,2021-02-24,482,9491,136,2963,346,6528,0,0,107,4191,375,2646,107,6837,California
Yuba,2021-02-25,342,9833,137,3100,205,6733,0,0,212,4273,130,2776,212,7049,California
Yuba,2021-02-26,258,10091,67,3167,191,6924,0,0,143,4303,113,2889,143,7192,California
Yuba,2021-02-27,474,10565,48,3215,426,7350,0,0,384,4599,88,2977,384,7576,California
Yuba,2021-02-28,67,10632,22,3237,45,7395,0,0,45,4622,22,2999,45,7621,California
Yuba,2021-03-01,156,10788,40,3277,116,7511,0,0,80,4627,75,3074,80,7701,California
Yuba,2021-03-02,160,10948,36,3313,124,7635,0,0,80,4627,80,3154,80,7781,California
Yuba,2021-03-03,623,11571,159,3472,464,8099,0,0,200,4405,422,3576,200,7981,California
Yuba,2021-03-04,466,12037,270,3742,196,8295,0,0,325,4590,140,3716,325,8306,California
Yuba,2021-03-05,316,12353,59,3801,256,8551,1,1,249,4773,67,3783,250,8556,California
Yuba,2021-03-06,476,12829,35,3836,437,8988,4,5,370,5041,106,3889,374,8930,California
Yuba,2021-03-07,51,12880,28,3864,22,9010,1,6,35,5061,16,3905,36,8966,California
Yuba,2021-03-08,160,13040,49,3913,95,9105,16,22,101,5119,59,3964,117,9083,California
Yuba,2021-03-09,178,13218,47,3960,111,9216,20,42,84,5129,94,4058,104,9187,California
Yuba,2021-03-10,738,13956,235,4195,473,9689,30,72,233,4888,504,4562,263,9450,California
Yuba,2021-03-11,437,14393,196,4391,229,9918,12,84,294,5051,143,4705,306,9756,California
Yuba,2021-03-12,461,14854,86,4477,321,10239,54,138,150,4944,311,5016,204,9960,California
Yuba,2021-03-13,459,15313,340,4817,104,10343,15,153,360,5221,98,5114,375,10335,California
Yuba,2021-03-14,108,15421,21,4838,77,10420,10,163,46,5217,60,5174,56,10391,California
Yuba,2021-03-15,190,15611,49,4887,124,10544,17,180,96,5236,94,5268,113,10504,California
Yuba,2021-03-16,296,15907,71,4958,200,10744,25,205,182,5330,113,5381,207,10711,California
Yuba,2021-03-17,740,16647,162,5120,549,11293,29,234,193,5007,545,5926,222,10933,California
Yuba,2021-03-18,585,17232,159,5279,312,11605,114,348,356,5247,229,6155,469,11402,California
Yuba,2021-03-19,327,17559,120,5399,158,11763,49,397,188,5346,138,6293,237,11639,California
Yuba,2021-03-20,554,18113,81,5480,455,12218,18,415,474,5759,79,6372,492,12131,California
Yuba,2021-03-21,61,18174,36,5516,25,12243,0,415,49,5796,12,6384,49,12180,California
Yuba,2021-03-22,191,18365,70,5586,114,12357,7,422,149,5910,42,6426,156,12336,California
Yuba,2021-03-23,264,18629,79,5665,158,12515,27,449,176,6027,86,6512,203,12539,California
Yuba,2021-03-24,771,19400,255,5920,435,12950,81,530,188,5714,581,7093,268,12807,California
Yuba,2021-03-25,504,19904,269,6189,213,13163,22,552,250,5732,254,7347,272,13079,California
Yuba,2021-03-26,395,20299,143,6332,225,13388,27,579,227,5819,167,7514,254,13333,California
Yuba,2021-03-27,459,20758,28,6360,428,13816,3,582,404,6171,54,7568,406,13739,California
Yuba,2021-03-28,100,20858,41,6401,55,13871,4,586,37,6149,63,7631,41,13780,California
Yuba,2021-03-29,296,21154,87,6488,177,14048,32,618,180,6245,116,7747,212,13992,California
Yuba,2021-03-30,275,21429,69,6557,198,14246,8,626,189,6356,86,7833,197,14189,California
Yuba,2021-03-31,675,22104,116,6673,547,14793,12,638,243,6182,431,8264,257,14446,California
Yuba,2021-04-01,623,22727,289,6962,305,15098,29,667,289,6166,334,8598,318,14764,California
Yuba,2021-04-02,496,23223,95,7057,318,15416,83,750,187,6127,308,8906,269,15033,California
Yuba,2021-04-03,653,23876,54,7111,117,15533,482,1232,86,6129,566,9472,568,15601,California
Yuba,2021-04-04,59,23935,11,7122,42,15575,6,1238,33,6142,26,9498,39,15640,California
Yuba,2021-04-05,245,24180,78,7200,146,15721,21,1259,123,6166,120,9618,144,15784,California
Yuba,2021-04-06,356,24536,113,7313,182,15903,61,1320,172,6215,183,9801,232,16016,California
Yuba,2021-04-07,773,25309,398,7711,322,16225,53,1373,349,6196,421,10222,402,16418,California
Yuba,2021-04-08,748,26057,289,8000,195,16420,264,1637,279,6271,468,10690,543,16961,California
Yuba,2021-04-09,402,26459,173,8173,162,16582,67,1704,167,6271,234,10924,234,17195,California
Yuba,2021-04-10,595,27054,71,8244,75,16657,449,2153,70,6266,523,11447,518,17713,California
Yuba,2021-04-11,104,27158,26,8270,66,16723,12,2165,44,6263,59,11506,56,17769,California
Yuba,2021-04-12,210,27368,45,8315,136,16859,29,2194,80,6243,129,11635,109,17878,California
Yuba,2021-04-13,395,27763,102,8417,293,17152,0,2194,201,6251,193,11828,201,18079,California
Yuba,2021-04-14,695,28458,109,8526,586,17738,0,2194,121,5799,573,12401,121,18200,California
Yuba,2021-04-15,336,28794,129,8655,207,17945,0,2194,145,5753,191,12592,145,18345,California
Yuba,2021-04-16,335,29129,99,8754,236,18181,0,2194,179,5777,155,12747,179,18524,California
Yuba,2021-04-17,402,29531,59,8813,343,18524,0,2194,330,6036,71,12818,330,18854,California
Yuba,2021-04-18,53,29584,10,8823,43,18567,0,2194,24,6031,29,12847,24,18878,California
Yuba,2021-04-19,247,29831,103,8926,144,18711,0,2194,105,5994,142,12989,105,18983,California
Yuba,2021-04-20,316,30147,78,9004,238,18949,0,2194,179,6038,136,13125,180,19163,California
Yuba,2021-04-21,700,30847,281,9285,419,19368,0,2194,297,5932,403,13528,297,19460,California
Yuba,2021-04-22,352,31199,137,9422,215,19583,0,2194,196,5972,156,13684,196,19656,California
Yuba,2021-04-23,344,31543,114,9536,230,19813,0,2194,164,5958,178,13862,164,19820,California
Yuba,2021-04-24,215,31758,68,9604,147,19960,0,2194,122,5987,93,13955,122,19942,California
Yuba,2021-04-25,72,31830,29,9633,43,20003,0,2194,35,5985,37,13992,35,19977,California
Yuba,2021-04-26,223,32053,53,9686,166,20169,4,2198,101,5968,122,14114,105,20082,California
Yuba,2021-04-27,472,32525,162,9848,300,20469,10,2208,234,5976,236,14350,244,20326,California
Yuba,2021-04-28,429,32954,175,10023,249,20718,5,2213,144,5846,279,14629,149,20475,California
Yuba,2021-04-29,428,33382,64,10087,363,21081,1,2214,146,5712,281,14910,147,20622,California
Yuba,2021-04-30,330,33712,94,10181,206,21287,30,2244,140,5695,187,15097,170,20792,California
Yuba,2021-05-01,206,33918,91,10272,96,21383,19,2263,93,5695,112,15209,112,20904,California
Yuba,2021-05-02,64,33982,34,10306,26,21409,4,2267,37,5709,27,15236,41,20945,California
Yuba,2021-05-03,140,34122,66,10372,65,21474,9,2276,45,5669,94,15330,54,20999,California
Yuba,2021-05-04,318,34440,94,10466,203,21677,21,2297,140,5652,178,15508,161,21160,California
Yuba,2021-05-05,316,34756,77,10543,232,21909,7,2304,113,5569,203,15711,120,21280,California
Yuba,2021-05-06,275,35031,103,10646,134,22043,38,2342,90,5515,182,15893,128,21408,California
Yuba,2021-05-07,359,35390,94,10740,237,22280,28,2370,122,5427,237,16130,149,21557,California
Yuba,2021-05-08,104,35494,32,10772,69,22349,3,2373,46,5418,58,16188,49,21606,California
Yuba,2021-05-09,52,35546,23,10795,26,22375,3,2376,37,5443,15,16203,40,21646,California
Yuba,2021-05-10,172,35718,56,10851,98,22473,18,2394,54,5398,117,16320,72,21718,California
Yuba,2021-05-11,367,36085,162,11013,191,22664,14,2408,135,5316,230,16550,148,21866,California
Yuba,2021-05-12,248,36333,123,11136,118,22782,7,2415,96,5267,152,16702,103,21969,California
Yuba,2021-05-13,343,36676,186,11322,114,22896,43,2458,108,5185,233,16935,151,22120,California
Yuba,2021-05-14,365,37041,140,11462,205,23101,20,2478,160,5159,205,17140,179,22299,California
Yuba,2021-05-15,433,37474,109,11571,303,23404,21,2499,110,4968,321,17461,130,22429,California
Yuba,2021-05-16,137,37611,44,11615,84,23488,9,2508,85,5011,51,17512,94,22523,California
Yuba,2021-05-17,214,37825,89,11704,105,23593,20,2528,93,5005,119,17631,113,22636,California
Yuba,2021-05-18,391,38216,161,11865,221,23814,9,2537,168,4959,223,17854,177,22813,California
Yuba,2021-05-19,265,38481,148,12013,111,23925,6,2543,138,4976,127,17981,144,22957,California
Yuba,2021-05-20,398,38879,285,12298,102,24027,11,2554,254,5098,143,18124,265,23222,California
Yuba,2021-05-21,475,39354,254,12552,215,24242,6,2560,299,5229,174,18298,305,23527,California
Yuba,2021-05-22,197,39551,111,12663,77,24319,9,2569,83,5207,114,18412,92,23619,California
Yuba,2021-05-23,37,39588,25,12688,12,24331,0,2569,29,5228,8,18420,29,23648,California
Yuba,2021-05-24,150,39738,47,12735,90,24421,13,2582,48,5188,101,18521,61,23709,California
Yuba,2021-05-25,309,40047,106,12841,188,24609,15,2597,115,5125,193,18714,130,23839,California
Yuba,2021-05-26,217,40264,92,12933,113,24722,12,2609,87,5096,128,18842,99,23938,California
Yuba,2021-05-27,232,40496,74,13007,148,24870,10,2619,100,5075,131,18973,110,24048,California
Yuba,2021-05-28,254,40750,117,13124,134,25004,3,2622,130,5084,123,19096,132,24180,California
Yuba,2021-05-29,152,40902,66,13190,66,25070,20,2642,85,5123,66,19162,105,24285,California
Yuba,2021-05-30,46,40948,17,13207,25,25095,4,2646,17,5115,29,19191,21,24306,California
Yuba,2021-05-31,22,40970,1,13208,21,25116,0,2646,14,5121,8,19199,14,24320,California
