county,administered_date,total_doses,cumulative_total_doses,pfizer_doses,cumulative_pfizer_doses,moderna_doses,cumulative_moderna_doses,jj_doses,cumulative_jj_doses,partially_vaccinated,total_partially_vaccinated,fully_vaccinated,cumulative_fully_vaccinated,at_least_one_dose,cumulative_at_least_one_dose,california_flag
All CA Counties,2020-12-15,1151,1151,1151,1151,0,0,0,0,1151,1151,0,0,1151,1151,
All CA Counties,2020-12-16,8447,9598,8447,9598,0,0,0,0,8447,9598,0,0,8447,9598,
All CA Counties,2020-12-17,26427,36025,26427,36025,0,0,0,0,26429,36027,0,0,26429,36027,
All CA Counties,2020-12-18,44957,80982,44900,80925,57,57,0,0,44957,80983,1,1,44957,80984,
All CA Counties,2020-12-19,25382,106364,25356,106281,26,83,0,0,25380,106362,1,2,25380,106364,
All CA Counties,2020-12-20,19075,125439,19046,125327,29,112,0,0,19074,125435,1,3,19074,125438,
All CA Counties,2020-12-21,49662,175101,49571,174898,91,203,0,0,49663,175096,3,6,49664,175102,
All CA Counties,2020-12-22,50065,225166,47929,222827,2136,2339,0,0,50059,225152,3,9,50059,225161,
All CA Counties,2020-12-23,50612,275778,41806,264633,8806,11145,0,0,50607,275758,4,13,50610,275771,
All CA Counties,2020-12-24,24086,299864,16343,280976,7743,18888,0,0,24081,299836,5,18,24083,299854,
All CA Counties,2020-12-25,2349,302213,2024,283000,325,19213,0,0,2349,302185,0,18,2349,302203,
All CA Counties,2020-12-26,14623,316836,9469,292469,5154,24367,0,0,14621,316804,2,20,14621,316824,
All CA Counties,2020-12-27,9456,326292,5601,298070,3855,28222,0,0,9453,326254,3,23,9453,326277,
All CA Counties,2020-12-28,46040,372332,29486,327556,16554,44776,0,0,46036,372287,3,26,46036,372313,
All CA Counties,2020-12-29,51280,423612,28586,356142,22694,67470,0,0,51274,423557,4,30,51274,423587,
All CA Counties,2020-12-30,63088,486700,35626,391768,27462,94932,0,0,63078,486630,8,38,63081,486668,
All CA Counties,2020-12-31,29540,516240,10921,402689,18619,113551,0,0,29521,516135,17,55,29522,516190,
All CA Counties,2021-01-01,4500,520740,2036,404725,2464,116015,0,0,4492,520620,7,62,4492,520682,
All CA Counties,2021-01-02,18515,539255,10244,414969,8271,124286,0,0,18513,539133,0,62,18513,539195,
All CA Counties,2021-01-03,6194,545449,3504,418473,2690,126976,0,0,6161,545281,13,75,6161,545356,
All CA Counties,2021-01-04,43654,589103,22074,440547,21580,148556,0,0,43576,588817,40,115,43576,588932,
All CA Counties,2021-01-05,56675,645778,29869,470416,26806,175362,0,0,51115,634523,5504,5619,51210,640142,
All CA Counties,2021-01-06,73530,719308,40583,510999,32947,208309,0,0,57924,677059,15425,21044,57961,698103,
All CA Counties,2021-01-07,92424,811732,52581,563580,39843,248152,0,0,61187,707236,31066,52110,61243,759346,
All CA Counties,2021-01-08,106945,918677,64223,627803,42722,290874,0,0,65218,730932,41586,93696,65282,824628,
All CA Counties,2021-01-09,44470,963147,25572,653375,18898,309772,0,0,27850,742218,16593,110289,27879,852507,
All CA Counties,2021-01-10,24358,987505,14875,668250,9483,319255,0,0,13107,744111,11234,121523,13127,865634,
All CA Counties,2021-01-11,104683,1092188,69647,737897,35036,354291,0,0,60734,761116,43903,165426,60908,926542,
All CA Counties,2021-01-12,113835,1206023,67389,805286,46446,400737,0,0,72549,792721,41182,206608,72787,999329,
All CA Counties,2021-01-13,119506,1325529,62020,867306,57486,458223,0,0,85563,844515,33855,240463,85649,1084978,
All CA Counties,2021-01-14,124182,1449711,49833,917139,74349,532572,0,0,104448,929509,19626,260089,104620,1189598,
All CA Counties,2021-01-15,142386,1592097,52085,969224,90301,622873,0,0,127139,1041759,15153,275242,127403,1317001,
All CA Counties,2021-01-16,80727,1672824,27455,996679,53272,676145,0,0,73100,1107319,7598,282840,73158,1390159,
All CA Counties,2021-01-17,48314,1721138,16902,1013581,31412,707557,0,0,44638,1148337,3665,286505,44683,1434842,
All CA Counties,2021-01-18,88364,1809502,46157,1059738,42207,749764,0,0,69001,1198231,19287,305792,69181,1504023,
All CA Counties,2021-01-19,142290,1951792,73781,1133519,68509,818273,0,0,111032,1278439,31161,336953,111369,1615392,
All CA Counties,2021-01-20,161099,2112891,82231,1215750,78868,897141,0,0,127331,1372501,33543,370496,127605,1742997,
All CA Counties,2021-01-21,174310,2287201,77254,1293004,97056,994197,0,0,155079,1508943,19009,389505,155451,1898448,
All CA Counties,2021-01-22,170386,2457587,69479,1362483,100907,1095104,0,0,155995,1650863,14249,403754,156169,2054617,
All CA Counties,2021-01-23,111727,2569314,49594,1412077,62133,1157237,0,0,99146,1737611,12523,416277,99271,2153888,
All CA Counties,2021-01-24,61035,2630349,29516,1441593,31519,1188756,0,0,56365,1789401,4639,420916,56429,2210317,
All CA Counties,2021-01-25,145495,2775844,65495,1507088,80000,1268756,0,0,110188,1864786,35174,456090,110559,2320876,
All CA Counties,2021-01-26,169660,2945504,83331,1590419,86329,1355085,0,0,131938,1959406,37583,493673,132203,2453079,
All CA Counties,2021-01-27,183293,3128797,88228,1678647,95065,1450150,0,0,143701,2064062,39262,532935,143918,2596997,
All CA Counties,2021-01-28,188861,3317658,87229,1765876,101632,1551782,0,0,154527,2184775,34039,566974,154752,2751749,
All CA Counties,2021-01-29,184620,3502278,88799,1854675,95821,1647603,0,0,149727,2300378,34310,601284,149913,2901662,
All CA Counties,2021-01-30,124266,3626544,56142,1910817,68124,1715727,0,0,108809,2394045,15285,616569,108952,3010614,
All CA Counties,2021-01-31,69628,3696172,39102,1949919,30526,1746253,0,0,64716,2453957,4862,621431,64774,3075388,
All CA Counties,2021-02-01,162597,3858769,76422,2026341,86175,1832428,0,0,121762,2535199,40662,662093,121904,3197292,
All CA Counties,2021-02-02,185881,4044650,78332,2104673,107549,1939977,0,0,141296,2632457,44300,706393,141558,3338850,
All CA Counties,2021-02-03,211492,4256142,95952,2200625,115540,2055517,0,0,156998,2735737,53992,760385,157272,3496122,
All CA Counties,2021-02-04,228285,4484427,100122,2300747,128163,2183680,0,0,167570,2843498,60172,820557,167933,3664055,
All CA Counties,2021-02-05,246602,4731029,106721,2407468,139881,2323561,0,0,167627,2933502,78164,898721,168168,3832223,
All CA Counties,2021-02-06,155349,4886378,75345,2482813,80004,2403565,0,0,120500,3019819,34678,933399,120995,3953218,
All CA Counties,2021-02-07,67315,4953693,43665,2526478,23650,2427215,0,0,50852,3054740,16381,949780,51302,4004520,
All CA Counties,2021-02-08,181932,5135625,89864,2616342,92068,2519283,0,0,120227,3114459,61261,1011041,120980,4125500,
All CA Counties,2021-02-09,211788,5347413,102523,2718865,109265,2628548,0,0,127025,3158337,84300,1095341,128178,4253678,
All CA Counties,2021-02-10,249049,5596462,120039,2838904,129010,2757558,0,0,138309,3188212,109920,1205261,139795,4393473,
All CA Counties,2021-02-11,266072,5862534,131810,2970714,134262,2891820,0,0,145469,3216019,119462,1324723,147269,4540742,
All CA Counties,2021-02-12,272720,6135254,119545,3090259,153175,3044995,0,0,147164,3240901,124665,1449388,149547,4690289,
All CA Counties,2021-02-13,166816,6302070,77434,3167693,89382,3134377,0,0,92078,3260573,74359,1523747,94031,4784320,
All CA Counties,2021-02-14,95426,6397496,47489,3215182,47937,3182314,0,0,51634,3270133,43618,1567365,53178,4837498,
All CA Counties,2021-02-15,142557,6540053,62531,3277713,80026,3262340,0,0,78791,3288662,63387,1630752,81916,4919414,
All CA Counties,2021-02-16,249437,6789490,118448,3396161,130989,3393329,0,0,133260,3309228,115793,1746545,136359,5055773,
All CA Counties,2021-02-17,259633,7049123,129281,3525442,130352,3523681,0,0,129104,3311575,129967,1876512,132314,5188087,
All CA Counties,2021-02-18,273448,7322571,142757,3668199,130691,3654372,0,0,132030,3307158,140681,2017193,136264,5324351,
All CA Counties,2021-02-19,253900,7576471,147341,3815540,106559,3760931,0,0,130796,3317442,122591,2139784,132875,5457226,
All CA Counties,2021-02-20,154152,7730623,98791,3914331,55361,3816292,0,0,84656,3334864,69216,2209000,86638,5543864,
All CA Counties,2021-02-21,83239,7813862,68970,3983301,14269,3830561,0,0,41751,3336932,41225,2250225,43293,5587157,
All CA Counties,2021-02-22,165197,7979059,110649,4093950,54548,3885109,0,0,82644,3339074,82215,2332440,84357,5671514,
All CA Counties,2021-02-23,226981,8206040,120157,4214107,106824,3991933,0,0,105682,3330071,120679,2453119,111676,5783190,
All CA Counties,2021-02-24,284535,8490575,143937,4358044,140598,4132531,0,0,135026,3323777,148866,2601985,142572,5925762,
All CA Counties,2021-02-25,323317,8813892,159570,4517614,163747,4296278,0,0,169286,3348305,153320,2755305,177848,6103610,
All CA Counties,2021-02-26,357975,9171867,166956,4684570,191019,4487297,0,0,199266,3397085,157769,2913074,206549,6310159,
All CA Counties,2021-02-27,254055,9425922,123782,4808352,130250,4617547,23,23,144209,3436533,109199,3022273,148647,6458806,
All CA Counties,2021-02-28,135505,9561427,81326,4889678,54168,4671715,11,34,79582,3463498,55470,3077743,82435,6541241,
All CA Counties,2021-03-01,244988,9806415,130892,5020570,113965,4785680,131,165,141091,3505644,103089,3180832,145235,6686476,
All CA Counties,2021-03-02,290139,10096554,146773,5167343,143337,4929017,29,194,174839,3572654,114754,3295586,181764,6868240,
All CA Counties,2021-03-03,335207,10431761,167025,5334368,168119,5097136,63,257,193526,3632574,140963,3436549,200883,7069123,
All CA Counties,2021-03-04,353338,10785099,178622,5512990,174621,5271757,95,352,207590,3702324,144972,3581521,214722,7283845,
All CA Counties,2021-03-05,340511,11125610,167465,5680455,171916,5443673,1130,1482,211882,3794806,127789,3709310,220271,7504116,
All CA Counties,2021-03-06,260021,11385631,133533,5813988,118630,5562303,7858,9340,161725,3871236,97863,3807173,174293,7678409,
All CA Counties,2021-03-07,128134,11513765,78707,5892695,45261,5607564,4166,13506,80315,3911765,47623,3854796,88152,7766561,
All CA Counties,2021-03-08,219661,11733426,106645,5999340,102497,5710061,10519,24025,143764,3995526,75477,3930273,159238,7925799,
All CA Counties,2021-03-09,292227,12025653,139739,6139079,136533,5846594,15955,39980,164057,4051904,127667,4057940,184045,8109844,
All CA Counties,2021-03-10,323295,12348948,161242,6300321,137559,5984153,24494,64474,175301,4108550,147301,4205241,203947,8313791,
All CA Counties,2021-03-11,377063,12726011,182300,6482621,161417,6145570,33346,97820,193748,4157491,182343,4387584,231284,8545075,
All CA Counties,2021-03-12,395791,13121802,176868,6659489,172591,6318161,46332,144152,194182,4201390,200762,4588346,244661,8789736,
All CA Counties,2021-03-13,283984,13405786,125007,6784496,127788,6445949,31189,175341,153394,4260085,130125,4718471,188820,8978556,
All CA Counties,2021-03-14,155168,13560954,83420,6867916,56636,6502585,15112,190453,78684,4279953,76182,4794653,96050,9074606,
All CA Counties,2021-03-15,291094,13852048,139101,7007017,131367,6633952,20626,211079,158288,4330232,132029,4926682,182308,9256914,
All CA Counties,2021-03-16,370882,14222930,174165,7181182,179403,6813355,17314,228393,214891,4410409,155221,5081903,235398,9492312,
All CA Counties,2021-03-17,385160,14608090,190901,7372083,175577,6988932,18682,247075,238486,4524302,145795,5227698,259688,9752000,
All CA Counties,2021-03-18,401175,15009265,205437,7577520,177685,7166617,18053,265128,237738,4619913,162313,5390011,257924,10009924,
All CA Counties,2021-03-19,411164,15420429,216134,7793654,173379,7339996,21651,286779,238232,4709927,171931,5561942,261945,10271869,
All CA Counties,2021-03-20,295594,15716023,155590,7949244,124087,7464083,15917,302696,186547,4805560,108332,5670274,203965,10475834,
All CA Counties,2021-03-21,143916,15859939,99487,8048731,36893,7500976,7536,310232,88324,4847608,55194,5725468,97242,10573076,
All CA Counties,2021-03-22,273665,16133604,159374,8208105,103057,7604033,11234,321466,177698,4944422,95158,5820626,191972,10765048,
All CA Counties,2021-03-23,357670,16491274,196880,8404985,149704,7753737,11086,332552,219374,5040118,137351,5957977,233047,10998095,
All CA Counties,2021-03-24,388124,16879398,222176,8627161,153408,7907145,12540,345092,225545,5118965,161318,6119295,240165,11238260,
All CA Counties,2021-03-25,418384,17297782,230523,8857684,172965,8080110,14896,359988,236792,5192561,180237,6299532,253833,11492093,
All CA Counties,2021-03-26,435478,17733260,232949,9090633,186412,8266522,16117,376105,234895,5247079,199332,6498864,253850,11745943,
All CA Counties,2021-03-27,313414,18046674,166747,9257380,134885,8401407,11782,387887,157636,5263816,154923,6653787,171660,11917603,
All CA Counties,2021-03-28,169480,18216154,109121,9366501,56769,8458176,3590,391477,88468,5277488,80548,6734335,94220,12011823,
All CA Counties,2021-03-29,310628,18526782,167211,9533712,134356,8592532,9061,400538,172650,5324525,137175,6871510,184212,12196035,
All CA Counties,2021-03-30,398953,18925735,202054,9735766,178638,8771170,18261,418799,224264,5394941,173866,7045376,244282,12440317,
All CA Counties,2021-03-31,426722,19352457,232196,9967962,172795,8943965,21731,440530,237294,5466626,188345,7233721,260030,12700347,
All CA Counties,2021-04-01,492796,19845253,252359,10220321,200056,9144021,40381,480911,271322,5559445,220002,7453723,312821,13013168,
All CA Counties,2021-04-02,474208,20319461,231217,10451538,199740,9343761,43251,524162,257502,5646362,215435,7669158,302352,13315520,
All CA Counties,2021-04-03,329910,20649371,168082,10619620,120305,9464066,41523,565685,164481,5688734,164746,7833904,207118,13522638,
All CA Counties,2021-04-04,132616,20781987,69184,10688804,44365,9508431,19067,584752,58068,5691783,74223,7908127,77272,13599910,
All CA Counties,2021-04-05,353663,21135650,182278,10871082,131595,9640026,39790,624542,174204,5729462,178733,8086860,216412,13816322,
All CA Counties,2021-04-06,457906,21593556,232058,11103140,160245,9800271,65603,690145,222028,5784072,234911,8321771,289521,14105843,
All CA Counties,2021-04-07,472754,22066310,245381,11348521,157310,9957581,70063,760208,230349,5844033,241411,8563182,301372,14407215,
All CA Counties,2021-04-08,500481,22566791,252338,11600859,163596,10121177,84547,844755,235824,5903155,263424,8826606,322546,14729761,
All CA Counties,2021-04-09,495387,23062178,246914,11847773,168479,10289656,79994,924749,228451,5948786,265817,9092423,311448,15041209,
All CA Counties,2021-04-10,368347,23430525,168633,12016406,125309,10414965,74405,999154,154582,5967429,212981,9305404,231624,15272833,
All CA Counties,2021-04-11,188049,23618574,105648,12122054,48228,10463193,34173,1033327,78064,5972855,109621,9415025,115047,15387880,
All CA Counties,2021-04-12,340865,23959439,175086,12297140,127525,10590718,38254,1071581,157975,5990731,181891,9596916,199767,15587647,
All CA Counties,2021-04-13,434063,24393502,242956,12540096,190145,10780863,962,1072543,242810,6047360,190204,9787120,246833,15834480,
All CA Counties,2021-04-14,454198,24847700,254596,12794692,199309,10980172,293,1072836,236999,6073321,215960,10003080,241921,16076401,
All CA Counties,2021-04-15,494651,25342351,288154,13082846,206207,11186379,290,1073126,277948,6139309,215209,10218289,281197,16357598,
All CA Counties,2021-04-16,478968,25821319,269531,13352377,209126,11395505,311,1073437,256129,6177050,221520,10439809,259261,16616859,
All CA Counties,2021-04-17,344260,26165579,192918,13545295,151277,11546782,65,1073502,195868,6228874,147494,10587303,199318,16816177,
All CA Counties,2021-04-18,155606,26321185,98891,13644186,56697,11603479,18,1073520,80237,6237337,74945,10662248,83408,16899585,
All CA Counties,2021-04-19,320331,26641516,184219,13828405,136015,11739494,97,1073617,151889,6223932,167505,10829753,154100,17053685,
All CA Counties,2021-04-20,408288,27049804,217218,14045623,190996,11930490,74,1073691,203623,6227431,203607,11033360,207106,17260791,
All CA Counties,2021-04-21,421848,27471652,238733,14284356,182848,12113338,267,1073958,203080,6216652,217319,11250679,206540,17467331,
All CA Counties,2021-04-22,446683,27918335,254490,14538846,192116,12305454,77,1074035,199405,6173497,245860,11496539,202705,17670036,
All CA Counties,2021-04-23,439284,28357619,249768,14788614,189427,12494881,89,1074124,199281,6137614,238574,11735113,202691,17872727,
All CA Counties,2021-04-24,325412,28683031,204907,14993521,120327,12615208,178,1074302,165327,6147269,159107,11894220,168762,18041489,
All CA Counties,2021-04-25,149746,28832777,98691,15092212,50987,12666195,68,1074370,80529,6160555,68743,11962963,82029,18123518,
All CA Counties,2021-04-26,300053,29132830,173360,15265572,125156,12791351,1537,1075907,131339,6130201,167707,12130670,137353,18260871,
All CA Counties,2021-04-27,368557,29501387,203241,15468813,158689,12950040,6627,1082534,148879,6070344,218507,12349177,158650,18419521,
All CA Counties,2021-04-28,352378,29853765,201669,15670482,142789,13092829,7920,1090454,145377,6020096,205875,12555052,155627,18575148,
All CA Counties,2021-04-29,361917,30215682,208111,15878593,145878,13238707,7928,1098382,132969,5935075,227753,12782805,142732,18717880,
All CA Counties,2021-04-30,374473,30590155,214528,16093121,151006,13389713,8939,1107321,142191,5857176,230974,13013779,153075,18870955,
All CA Counties,2021-05-01,247734,30837889,158337,16251458,83339,13473052,6058,1113379,89889,5798366,156978,13170757,98168,18969123,
All CA Counties,2021-05-02,116855,30954744,81659,16333117,31316,13504368,3880,1117259,40893,5767952,75558,13246315,45144,19014267,
All CA Counties,2021-05-03,253177,31207921,155452,16488569,88983,13593351,8742,1126001,77260,5679777,175042,13421357,86867,19101134,
All CA Counties,2021-05-04,326717,31534638,198918,16687487,118009,13711360,9790,1135791,97108,5559315,228526,13649883,108064,19209198,
All CA Counties,2021-05-05,330692,31865330,205280,16892767,115358,13826718,10054,1145845,93697,5428291,235755,13885638,104731,19313929,
All CA Counties,2021-05-06,348761,32214091,227315,17120082,110908,13937626,10538,1156383,88536,5271289,258571,14144209,101569,19415498,
All CA Counties,2021-05-07,347240,32561331,217598,17337680,119779,14057405,9863,1166246,94556,5125644,251297,14395506,105652,19521150,
All CA Counties,2021-05-08,225041,32786372,142559,17480239,75606,14133011,6876,1173122,61759,5033408,162334,14557840,70098,19591248,
All CA Counties,2021-05-09,93319,32879691,70338,17550577,20011,14153022,2970,1176092,25400,4994635,67586,14625426,28813,19620061,
All CA Counties,2021-05-10,201859,33081550,114980,17665557,79048,14232070,7831,1183923,50439,4903596,150604,14776030,59565,19679626,
All CA Counties,2021-05-11,265202,33346752,148687,17814244,107915,14339985,8600,1192523,70411,4790476,193852,14969882,80732,19760358,
All CA Counties,2021-05-12,265400,33612152,153864,17968108,102480,14442465,9056,1201579,75208,4686741,189161,15159043,85426,19845784,
All CA Counties,2021-05-13,309353,33921505,199460,18167568,102585,14545050,7308,1208887,118135,4624725,190103,15349146,128087,19973871,
All CA Counties,2021-05-14,333574,34255079,213306,18380874,111489,14656539,8779,1217666,131555,4566332,200820,15549966,142427,20116298,
All CA Counties,2021-05-15,276300,34531379,192684,18573558,77660,14734199,5956,1223622,113404,4524599,162041,15712007,120308,20236606,
All CA Counties,2021-05-16,136145,34667524,104467,18678025,28755,14762954,2923,1226545,55131,4502479,80566,15792573,58446,20295052,
All CA Counties,2021-05-17,238311,34905835,156684,18834709,74230,14837184,7397,1233942,95710,4464720,141721,15934294,103962,20399014,
All CA Counties,2021-05-18,279313,35185148,170075,19004784,101852,14939036,7386,1241328,110294,4415891,167904,16102198,119075,20518089,
All CA Counties,2021-05-19,273548,35458696,170984,19175768,95053,15034089,7511,1248839,114922,4381830,157597,16259795,123536,20641625,
All CA Counties,2021-05-20,260847,35719543,155730,19331498,97009,15131098,8108,1256947,101796,4335316,157932,16417727,111418,20753043,
All CA Counties,2021-05-21,280522,36000065,172671,19504169,99910,15231008,7941,1264888,108604,4282388,170677,16588404,117749,20870792,
All CA Counties,2021-05-22,202454,36202519,134104,19638273,62242,15293250,6108,1270996,86296,4260510,115380,16703784,93502,20964294,
All CA Counties,2021-05-23,86131,36288650,59882,19698155,23566,15316816,2683,1273679,37658,4253175,48068,16751852,40733,21005027,
All CA Counties,2021-05-24,166490,36455140,96555,19794710,61673,15378489,8262,1281941,62930,4222412,102787,16854639,72024,21077051,
All CA Counties,2021-05-25,188499,36643639,110865,19905575,69660,15448149,7974,1289915,72338,4188682,115157,16969796,81427,21158478,
All CA Counties,2021-05-26,183331,36826970,105608,20011183,69920,15518069,7803,1297718,72447,4159847,109798,17079594,80963,21239441,
All CA Counties,2021-05-27,171162,36998132,97838,20109021,64810,15582879,8514,1306232,70060,4139155,100272,17179866,79580,21319021,
All CA Counties,2021-05-28,187378,37185510,108297,20217318,72029,15654908,7052,1313284,81740,4124334,104712,17284578,89891,21408912,
All CA Counties,2021-05-29,105941,37291451,65054,20282372,37118,15692026,3769,1317053,50703,4124582,54706,17339284,54954,21463866,
All CA Counties,2021-05-30,46736,37338187,30836,20313208,13450,15705476,2450,1319503,20973,4122689,25535,17364819,23642,21487508,
All CA Counties,2021-05-31,19712,37357899,11605,20324813,7130,15712606,977,1320480,6481,4117170,13091,17377910,7572,21495080,
All CA Counties,2021-06-01,167036,37524935,97656,20422469,62376,15774982,7004,1327484,62053,4083070,104028,17481938,69928,21565008,
All CA Counties,2021-06-02,141680,37666615,83864,20506333,50757,15825739,7059,1334543,54943,4059857,85862,17567800,62649,21627657,
All CA Counties,2021-06-03,169768,37836383,116237,20622570,46561,15872300,6970,1341513,53791,4006448,115166,17682966,61757,21689414,
All CA Counties,2021-06-04,197738,38034121,139504,20762074,52143,15924443,6091,1347604,61773,3941175,134958,17817924,69685,21759099,
All CA Counties,2021-06-05,155865,38189986,117732,20879806,32612,15957055,5521,1353125,44852,3882224,110241,17928165,51290,21810389,
All CA Counties,2021-06-06,62963,38252949,53069,20932875,7714,15964769,2180,1355305,18418,3859350,44265,17972430,21391,21831780,
All CA Counties,2021-06-07,135400,38388349,99495,21032370,30066,15994835,5839,1361144,40970,3813008,93843,18066273,47501,21879281,
All CA Counties,2021-06-08,156946,38545295,114133,21146503,36135,16030970,6678,1367822,47736,3760102,108342,18174615,55436,21934717,
All CA Counties,2021-06-09,150701,38695996,109702,21256205,34298,16065268,6701,1374523,42091,3701965,107838,18282453,49701,21984418,
All CA Counties,2021-06-10,144951,38840947,104511,21360716,33279,16098547,7161,1381684,43049,3652000,101208,18383661,51243,22035661,
All CA Counties,2021-06-11,157132,38998079,110458,21471174,40036,16138583,6638,1388322,49257,3601765,107014,18490675,56779,22092440,
All CA Counties,2021-06-12,113150,39111229,85762,21556936,23732,16162315,3656,1391978,32228,3557887,80397,18571072,36519,22128959,
All CA Counties,2021-06-13,44032,39155261,32757,21589693,9267,16171582,2008,1393986,11294,3539077,32504,18603576,13694,22142653,
All CA Counties,2021-06-14,113962,39269223,81129,21670822,26197,16197779,6636,1400622,39041,3511015,74341,18677917,46279,22188932,
All CA Counties,2021-06-15,130639,39399862,88415,21759237,33645,16231424,8579,1409201,43987,3478625,85837,18763754,53447,22242379,
All CA Counties,2021-06-16,118291,39518153,83418,21842655,27524,16258948,7349,1416550,41003,3451135,76568,18840322,49078,22291457,
All CA Counties,2021-06-17,109692,39627845,76766,21919421,26108,16285056,6818,1423368,39014,3427597,69971,18910293,46433,22337890,
All CA Counties,2021-06-18,120997,39748842,84263,22003684,30164,16315220,6570,1429938,43427,3401578,76739,18987032,50720,22388610,
All CA Counties,2021-06-19,35336,39784178,26039,22029723,6674,16321894,2623,1432561,11982,3393381,23045,19010077,14848,22403458,
All CA and Non-CA Counties,2020-12-15,1159,1159,1159,1159,0,0,0,0,1159,1159,0,0,1159,1159,
All CA and Non-CA Counties,2020-12-16,8722,9881,8722,9881,0,0,0,0,8722,9881,0,0,8722,9881,
All CA and Non-CA Counties,2020-12-17,28035,37916,28035,37916,0,0,0,0,28035,37916,0,0,28035,37916,
All CA and Non-CA Counties,2020-12-18,47504,85420,47440,85356,64,64,0,0,47503,85418,1,1,47503,85419,
All CA and Non-CA Counties,2020-12-19,26423,111843,26396,111752,27,91,0,0,26422,111839,1,2,26422,111841,
All CA and Non-CA Counties,2020-12-20,19756,131599,19724,131476,32,123,0,0,19755,131593,1,3,19755,131596,
All CA and Non-CA Counties,2020-12-21,51854,183453,51760,183236,94,217,0,0,51851,183442,3,6,51852,183448,
All CA and Non-CA Counties,2020-12-22,52138,235591,49927,233163,2211,2428,0,0,52132,235571,3,9,52132,235580,
All CA and Non-CA Counties,2020-12-23,52151,287742,43201,276364,8950,11378,0,0,52145,287714,5,14,52148,287728,
All CA and Non-CA Counties,2020-12-24,24894,312636,16958,293322,7936,19314,0,0,24889,312600,5,19,24891,312619,
All CA and Non-CA Counties,2020-12-25,2384,315020,2054,295376,330,19644,0,0,2384,314984,0,19,2384,315003,
All CA and Non-CA Counties,2020-12-26,14932,329952,9676,305052,5256,24900,0,0,14930,329912,2,21,14930,329933,
All CA and Non-CA Counties,2020-12-27,9645,339597,5672,310724,3973,28873,0,0,9642,339551,3,24,9642,339575,
All CA and Non-CA Counties,2020-12-28,47454,387051,30385,341109,17069,45942,0,0,47450,386998,3,27,47450,387025,
All CA and Non-CA Counties,2020-12-29,52825,439876,29609,370718,23216,69158,0,0,52819,439813,4,31,52819,439844,
All CA and Non-CA Counties,2020-12-30,65030,504906,36911,407629,28119,97277,0,0,65020,504828,8,39,65023,504867,
All CA and Non-CA Counties,2020-12-31,30646,535552,11524,419153,19122,116399,0,0,30625,535436,18,57,30626,535493,
All CA and Non-CA Counties,2021-01-01,4614,540166,2062,421215,2552,118951,0,0,4606,540035,7,64,4606,540099,
All CA and Non-CA Counties,2021-01-02,18762,558928,10379,431594,8383,127334,0,0,18759,558793,1,65,18759,558858,
All CA and Non-CA Counties,2021-01-03,6366,565294,3595,435189,2771,130105,0,0,6333,565113,13,78,6333,565191,
All CA and Non-CA Counties,2021-01-04,44800,610094,22583,457772,22217,152322,0,0,44717,609789,41,119,44717,609908,
All CA and Non-CA Counties,2021-01-05,58230,668324,30694,488466,27536,179858,0,0,52476,656665,5696,5815,52572,662480,
All CA and Non-CA Counties,2021-01-06,76218,744542,42172,530638,34046,213904,0,0,59876,700420,16158,21973,59913,722393,
All CA and Non-CA Counties,2021-01-07,96642,841184,55185,585823,41457,255361,0,0,63745,731501,32723,54696,63804,786197,
All CA and Non-CA Counties,2021-01-08,111437,952621,67133,652956,44304,299665,0,0,67832,755945,43456,98152,67900,854097,
All CA and Non-CA Counties,2021-01-09,45773,998394,26106,679062,19667,319332,0,0,28825,767881,16920,115072,28856,882953,
All CA and Non-CA Counties,2021-01-10,24659,1023053,15061,694123,9598,328930,0,0,13285,769829,11357,126429,13305,896258,
All CA and Non-CA Counties,2021-01-11,107982,1131035,71673,765796,36309,365239,0,0,62693,787453,45243,171672,62867,959125,
All CA and Non-CA Counties,2021-01-12,117690,1248725,69706,835502,47984,413223,0,0,74849,819812,42732,214404,75091,1034216,
All CA and Non-CA Counties,2021-01-13,123184,1371909,63836,899338,59348,472571,0,0,88051,872907,35045,249449,88140,1122356,
All CA and Non-CA Counties,2021-01-14,127890,1499799,51118,950456,76772,549343,0,0,107508,960329,20261,269710,107683,1230039,
All CA and Non-CA Counties,2021-01-15,146589,1646388,53098,1003554,93491,642834,0,0,130864,1075840,15618,285328,131129,1361168,
All CA and Non-CA Counties,2021-01-16,83410,1729798,27849,1031403,55561,698395,0,0,75606,1143731,7773,293101,75664,1436832,
All CA and Non-CA Counties,2021-01-17,48823,1778621,17056,1048459,31767,730162,0,0,45098,1185160,3714,296815,45143,1481975,
All CA and Non-CA Counties,2021-01-18,89588,1868209,46939,1095398,42649,772811,0,0,69770,1235369,19741,316556,69950,1551925,
All CA and Non-CA Counties,2021-01-19,146410,2014619,75121,1170519,71289,844100,0,0,114252,1317901,32060,348616,114592,1666517,
All CA and Non-CA Counties,2021-01-20,165606,2180225,83719,1254238,81887,925987,0,0,130838,1414475,34540,383156,131114,1797631,
All CA and Non-CA Counties,2021-01-21,178576,2358801,78450,1332688,100126,1026113,0,0,158761,1554034,19578,402734,159137,1956768,
All CA and Non-CA Counties,2021-01-22,174981,2533782,70600,1403288,104381,1130494,0,0,160178,1699733,14656,417390,160355,2117123,
All CA and Non-CA Counties,2021-01-23,113968,2647750,49933,1453221,64035,1194529,0,0,101222,1788392,12688,430078,101347,2218470,
All CA and Non-CA Counties,2021-01-24,61611,2709361,29752,1482973,31859,1226388,0,0,56863,1840601,4718,434796,56927,2275397,
All CA and Non-CA Counties,2021-01-25,149937,2859298,67396,1550369,82541,1308929,0,0,113760,1918693,36040,470836,114132,2389529,
All CA and Non-CA Counties,2021-01-26,175460,3034758,86081,1636450,89379,1398308,0,0,136882,2017406,38441,509277,137154,2526683,
All CA and Non-CA Counties,2021-01-27,188066,3222824,90673,1727123,97393,1495701,0,0,147837,2125568,39894,549171,148056,2674739,
All CA and Non-CA Counties,2021-01-28,193812,3416636,89806,1816929,104006,1599707,0,0,158879,2250043,34630,583801,159105,2833844,
All CA and Non-CA Counties,2021-01-29,189309,3605945,91680,1908609,97629,1697336,0,0,153616,2368740,35107,618908,153804,2987648,
All CA and Non-CA Counties,2021-01-30,128380,3734325,58258,1966867,70122,1767458,0,0,112694,2466062,15516,634424,112838,3100486,
All CA and Non-CA Counties,2021-01-31,72335,3806660,41415,2008282,30920,1798378,0,0,67367,2528570,4918,639342,67426,3167912,
All CA and Non-CA Counties,2021-02-01,167924,3974584,78849,2087131,89075,1887453,0,0,126363,2613696,41381,680723,126507,3294419,
All CA and Non-CA Counties,2021-02-02,192374,4166958,80317,2167448,112057,1999510,0,0,147068,2716013,45014,725737,147331,3441750,
All CA and Non-CA Counties,2021-02-03,218617,4385575,97849,2265297,120768,2120278,0,0,163253,2824686,54855,780592,163528,3605278,
All CA and Non-CA Counties,2021-02-04,234860,4620435,102078,2367375,132782,2253060,0,0,173136,2937014,61172,841764,173500,3778778,
All CA and Non-CA Counties,2021-02-05,253172,4873607,108718,2476093,144454,2397514,0,0,173111,3031421,79245,921009,173652,3952430,
All CA and Non-CA Counties,2021-02-06,159383,5032990,77125,2553218,82258,2479772,0,0,124074,3120863,35130,956139,124572,4077002,
All CA and Non-CA Counties,2021-02-07,69169,5102159,45133,2598351,24036,2503808,0,0,52629,3157486,16458,972597,53081,4130083,
All CA and Non-CA Counties,2021-02-08,186543,5288702,92517,2690868,94026,2597834,0,0,123777,3219705,62311,1034908,124530,4254613,
All CA and Non-CA Counties,2021-02-09,215767,5504469,104158,2795026,111609,2709443,0,0,129704,3264986,85590,1120498,130871,4385484,
All CA and Non-CA Counties,2021-02-10,254374,5758843,121727,2916753,132647,2842090,0,0,141206,3295379,112340,1232838,142733,4528217,
All CA and Non-CA Counties,2021-02-11,270652,6029495,133837,3050590,136815,2978905,0,0,148727,3325151,120773,1353611,150545,4678762,
All CA and Non-CA Counties,2021-02-12,277857,6307352,121395,3171985,156462,3135367,0,0,150468,3351521,126485,1480096,152855,4831617,
All CA and Non-CA Counties,2021-02-13,169119,6476471,78080,3250065,91039,3226406,0,0,93828,3372403,74911,1555007,95793,4927410,
All CA and Non-CA Counties,2021-02-14,96698,6573169,47842,3297907,48856,3275262,0,0,52663,3382755,43857,1598864,54209,4981619,
All CA and Non-CA Counties,2021-02-15,145001,6718170,63973,3361880,81028,3356290,0,0,79990,3401256,64617,1663481,83118,5064737,
All CA and Non-CA Counties,2021-02-16,255601,6973771,121082,3482962,134519,3490809,0,0,135771,3420695,119435,1782916,138874,5203611,
All CA and Non-CA Counties,2021-02-17,265207,7238978,131914,3614876,133293,3624102,0,0,130866,3421003,133773,1916689,134081,5337692,
All CA and Non-CA Counties,2021-02-18,279515,7518493,146082,3760958,133433,3757535,0,0,134057,3414595,144699,2061388,138291,5475983,
All CA and Non-CA Counties,2021-02-19,259374,7777867,151070,3912028,108304,3865839,0,0,133196,3424214,125658,2187046,135277,5611260,
All CA and Non-CA Counties,2021-02-20,157154,7935021,101142,4013170,56012,3921851,0,0,85888,3441103,70982,2258028,87871,5699131,
All CA and Non-CA Counties,2021-02-21,85628,8020649,71140,4084310,14488,3936339,0,0,42571,3442428,42788,2300816,44113,5743244,
All CA and Non-CA Counties,2021-02-22,168492,8189141,113002,4197312,55490,3991829,0,0,84266,3444526,83885,2384701,85983,5829227,
All CA and Non-CA Counties,2021-02-23,232750,8421891,123321,4320633,109429,4101258,0,0,108003,3434417,124119,2508820,114010,5943237,
All CA and Non-CA Counties,2021-02-24,290699,8712590,147285,4467918,143414,4244672,0,0,137474,3426865,152575,2661395,145023,6088260,
All CA and Non-CA Counties,2021-02-25,329990,9042580,162892,4630810,167098,4411770,0,0,172362,3450906,156887,2818282,180928,6269188,
All CA and Non-CA Counties,2021-02-26,364601,9407181,170377,4801187,194224,4605994,0,0,202371,3499355,161206,2979488,209655,6478843,
All CA and Non-CA Counties,2021-02-27,259219,9666400,126250,4927437,132945,4738939,24,24,146094,3537426,112465,3091953,150536,6629379,
All CA and Non-CA Counties,2021-02-28,137645,9804045,82821,5010258,54812,4793751,12,36,80385,3563865,56802,3148755,83241,6712620,
All CA and Non-CA Counties,2021-03-01,249401,10053446,133511,5143769,115758,4909509,132,168,142450,3604333,106132,3254887,146600,6859220,
All CA and Non-CA Counties,2021-03-02,296595,10350041,149034,5292803,147532,5057041,29,197,176899,3669022,119137,3374024,183826,7043046,
All CA and Non-CA Counties,2021-03-03,342918,10692959,169934,5462737,172919,5229960,65,262,196212,3726623,145973,3519997,203574,7246620,
All CA and Non-CA Counties,2021-03-04,359950,11052909,181322,5644059,178527,5408487,101,363,209917,3794442,149238,3669235,217057,7463677,
All CA and Non-CA Counties,2021-03-05,345696,11398605,170032,5814091,174520,5583007,1144,1507,214614,3887232,130235,3799470,223025,7686702,
All CA and Non-CA Counties,2021-03-06,264571,11663176,135612,5949703,120943,5703950,8016,9523,164065,3963960,100072,3899542,176800,7863502,
All CA and Non-CA Counties,2021-03-07,129655,11792831,79673,6029376,45759,5749709,4223,13746,81260,4004918,48198,3947740,89156,7952658,
All CA and Non-CA Counties,2021-03-08,222750,12015581,108489,6137865,103515,5853224,10746,24492,145950,4090225,76351,4024091,161658,8114316,
All CA and Non-CA Counties,2021-03-09,296872,12312453,142143,6280008,138484,5991708,16245,40737,166826,4147789,129540,4153631,187104,8301420,
All CA and Non-CA Counties,2021-03-10,327603,12640056,163319,6443327,139307,6131015,24977,65714,177988,4205999,148914,4302545,207124,8508544,
All CA and Non-CA Counties,2021-03-11,383155,13023211,185406,6628733,163731,6294746,34018,99732,197037,4256106,185138,4487683,235245,8743789,
All CA and Non-CA Counties,2021-03-12,402207,13425418,180749,6809482,174424,6469170,47034,146766,197737,4301411,203613,4691296,248918,8992707,
All CA and Non-CA Counties,2021-03-13,287718,13713136,127177,6936659,128904,6598074,31637,178403,155950,4361941,131296,4822592,191826,9184533,
All CA and Non-CA Counties,2021-03-14,156934,13870070,84337,7020996,57152,6655226,15445,193848,79647,4382303,76985,4899577,97347,9281880,
All CA and Non-CA Counties,2021-03-15,295115,14165185,141219,7162215,132802,6788028,21094,214942,160439,4433341,133893,5033470,184931,9466811,
All CA and Non-CA Counties,2021-03-16,378386,14543571,178526,7340741,182153,6970181,17707,232649,219074,4514771,158540,5192010,239970,9706781,
All CA and Non-CA Counties,2021-03-17,393568,14937139,196357,7537098,178150,7148331,19061,251710,243549,4630764,149138,5341148,265131,9971912,
All CA and Non-CA Counties,2021-03-18,409478,15346617,210566,7747664,180316,7328647,18596,270306,242539,4728229,165803,5506951,263268,10235180,
All CA and Non-CA Counties,2021-03-19,418468,15765085,220474,7968138,175798,7504445,22196,292502,242598,4820225,174864,5681815,266860,10502040,
All CA and Non-CA Counties,2021-03-20,300324,16065409,158718,8126856,125600,7630045,16006,308508,190155,4918448,109440,5791255,207663,10709703,
All CA and Non-CA Counties,2021-03-21,145990,16211399,100911,8227767,37454,7667499,7625,316133,89981,4961827,55609,5846864,98988,10808691,
All CA and Non-CA Counties,2021-03-22,276940,16488339,161350,8389117,104265,7771764,11325,327458,179937,5059945,96183,5943047,194301,11002992,
All CA and Non-CA Counties,2021-03-23,363745,16852084,199966,8589083,152383,7924147,11396,338854,223491,5158124,139295,6082342,237474,11240466,
All CA and Non-CA Counties,2021-03-24,395444,17247528,225921,8815004,156538,8080685,12985,351839,230592,5240194,163585,6245927,245655,11486121,
All CA and Non-CA Counties,2021-03-25,426659,17674187,234362,9049366,176876,8257561,15421,367260,242805,5318078,182487,6428414,260371,11746492,
All CA and Non-CA Counties,2021-03-26,442151,18116338,236460,9285826,189392,8446953,16299,383559,239295,5374930,201579,6629993,258431,12004923,
All CA and Non-CA Counties,2021-03-27,318967,18435305,169857,9455683,137110,8584063,12000,395559,161123,5393310,156983,6786976,175363,12180286,
All CA and Non-CA Counties,2021-03-28,172566,18607871,110772,9566455,58043,8642106,3751,399310,90458,5408043,81638,6868614,96371,12276657,
All CA and Non-CA Counties,2021-03-29,315819,18923690,169514,9735969,136900,8779006,9405,408715,175626,5456190,139385,7007999,187532,12464189,
All CA and Non-CA Counties,2021-03-30,405841,19329531,205680,9941649,181336,8960342,18825,427540,228334,5528439,176674,7184673,248923,12713112,
All CA and Non-CA Counties,2021-03-31,433076,19762607,235979,10177628,174585,9134927,22512,450052,240666,5601298,191321,7375994,264180,12977292,
All CA and Non-CA Counties,2021-04-01,500310,20262917,256848,10434476,202435,9337362,41027,491079,275667,5695940,223162,7599156,317804,13295096,
All CA and Non-CA Counties,2021-04-02,482678,20745595,235719,10670195,202561,9539923,44398,535477,261877,5784291,219521,7818677,307872,13602968,
All CA and Non-CA Counties,2021-04-03,336170,21081765,171819,10842014,121669,9661592,42682,578159,167811,5828227,167670,7986347,211606,13814574,
All CA and Non-CA Counties,2021-04-04,134400,21216165,70059,10912073,45038,9706630,19303,597462,59046,5831683,75028,8061375,78484,13893058,
All CA and Non-CA Counties,2021-04-05,357824,21573989,184289,11096362,133076,9839706,40459,637921,176191,5869848,180901,8242276,219066,14112124,
All CA and Non-CA Counties,2021-04-06,465095,22039084,235929,11332291,161917,10001623,67249,705170,224919,5924707,239195,8481471,294054,14406178,
All CA and Non-CA Counties,2021-04-07,480987,22520071,250004,11582295,159221,10160844,71762,776932,233550,5984536,246434,8727905,306263,14712441,
All CA and Non-CA Counties,2021-04-08,508745,23028816,256685,11838980,165575,10326419,86485,863417,239121,6043925,268381,8996286,327770,15040211,
All CA and Non-CA Counties,2021-04-09,502962,23531778,250792,12089772,170211,10496630,81959,945376,231362,6089777,270469,9266755,316321,15356532,
All CA and Non-CA Counties,2021-04-10,374432,23906210,171612,12261384,126557,10623187,76263,1021639,156249,6107526,217392,9484147,235141,15591673,
All CA and Non-CA Counties,2021-04-11,190904,24097114,107212,12368596,48879,10672066,34813,1056452,79033,6112678,111503,9595650,116655,15708328,
All CA and Non-CA Counties,2021-04-12,345043,24442157,177425,12546021,128808,10800874,38810,1095262,159839,6130669,184195,9779845,202186,15910514,
All CA and Non-CA Counties,2021-04-13,439909,24882066,246680,12792701,192242,10993116,987,1096249,245832,6187526,193023,9972868,249880,16160394,
All CA and Non-CA Counties,2021-04-14,459612,25341678,258038,13050739,201277,11194393,297,1096546,239956,6213997,218411,10191279,244882,16405276,
All CA and Non-CA Counties,2021-04-15,500841,25842519,292057,13342796,208487,11402880,297,1096843,281288,6280535,218007,10409286,284545,16689821,
All CA and Non-CA Counties,2021-04-16,484895,26327414,272924,13615720,211653,11614533,318,1097161,259443,6319000,224124,10633410,262589,16952410,
All CA and Non-CA Counties,2021-04-17,349798,26677212,196399,13812119,153333,11767866,66,1097227,199085,6371739,149804,10783214,202543,17154953,
All CA and Non-CA Counties,2021-04-18,157732,26834944,100078,13912197,57635,11825501,19,1097246,81250,6380111,76053,10859267,84425,17239378,
All CA and Non-CA Counties,2021-04-19,324514,27159458,186228,14098425,138188,11963689,98,1097344,154047,6366857,169519,11028786,156265,17395643,
All CA and Non-CA Counties,2021-04-20,413704,27573162,219682,14318107,193948,12157637,74,1097418,205839,6369383,206798,11235584,209324,17604967,
All CA and Non-CA Counties,2021-04-21,428291,28001453,241430,14559537,186589,12344226,272,1097690,205390,6356826,221431,11457015,208874,17813841,
All CA and Non-CA Counties,2021-04-22,453470,28454923,257940,14817477,195450,12539676,80,1097770,201899,6311891,250138,11707153,205203,18019044,
All CA and Non-CA Counties,2021-04-23,445171,28900094,252762,15070239,192319,12731995,90,1097860,201714,6275006,242012,11949165,205127,18224171,
All CA and Non-CA Counties,2021-04-24,330074,29230168,207959,15278198,121932,12853927,183,1098043,167200,6283757,161892,12111057,170643,18394814,
All CA and Non-CA Counties,2021-04-25,151979,29382147,99947,15378145,51963,12905890,69,1098112,81714,6297188,69787,12180844,83218,18478032,
All CA and Non-CA Counties,2021-04-26,304207,29686354,175194,15553339,127448,13033338,1565,1099677,133220,6266480,169970,12350814,139262,18617294,
All CA and Non-CA Counties,2021-04-27,374266,30060620,205361,15758700,161906,13195244,6999,1106676,150877,6205299,222208,12573022,161027,18778321,
All CA and Non-CA Counties,2021-04-28,357245,30417865,203746,15962446,145183,13340427,8316,1114992,147290,6154414,208816,12781838,157931,18936252,
All CA and Non-CA Counties,2021-04-29,366780,30784645,210359,16172805,148060,13488487,8361,1123353,134804,6068651,230763,13012601,145000,19081252,
All CA and Non-CA Counties,2021-04-30,379404,31164049,216900,16389705,153136,13641623,9368,1132721,144062,5990008,234021,13246622,155378,19236630,
All CA and Non-CA Counties,2021-05-01,250915,31414964,160183,16549888,84245,13725868,6487,1139208,91197,5931075,158839,13405461,99906,19336536,
All CA and Non-CA Counties,2021-05-02,118733,31533697,82756,16632644,31974,13757842,4003,1143211,41740,5900604,76585,13482046,46114,19382650,
All CA and Non-CA Counties,2021-05-03,256084,31789781,157028,16789672,90027,13847869,9029,1152240,78388,5812069,176816,13658862,88281,19470931,
All CA and Non-CA Counties,2021-05-04,330660,32120441,201028,16990700,119398,13967267,10234,1162474,98423,5690745,231145,13890007,109821,19580752,
All CA and Non-CA Counties,2021-05-05,335124,32455565,207750,17198450,116948,14084215,10426,1172900,95330,5558936,238548,14128555,106739,19687491,
All CA and Non-CA Counties,2021-05-06,353238,32808803,230055,17428505,112301,14196516,10882,1183782,90097,5400928,261482,14390037,103474,19790965,
All CA and Non-CA Counties,2021-05-07,351879,33160682,220264,17648769,121362,14317878,10253,1194035,96155,5254242,254327,14644364,107641,19898606,
All CA and Non-CA Counties,2021-05-08,228246,33388928,144712,17793481,76405,14394283,7129,1201164,62821,5161188,164468,14808832,71414,19970020,
All CA and Non-CA Counties,2021-05-09,94693,33483621,71248,17864729,20348,14414631,3097,1204261,25989,5122349,68366,14877198,29527,19999547,
All CA and Non-CA Counties,2021-05-10,204403,33688024,116143,17980872,80096,14494727,8164,1212425,51346,5030922,152234,15029432,60807,20060354,
All CA and Non-CA Counties,2021-05-11,268162,33956186,150085,18130957,109175,14603902,8902,1221327,71519,4917362,195704,15225136,82144,20142498,
All CA and Non-CA Counties,2021-05-12,268587,34224773,155384,18286341,103820,14707722,9383,1230710,76477,4813309,191074,15416210,87021,20229519,
All CA and Non-CA Counties,2021-05-13,312472,34537245,201251,18487592,103702,14811424,7519,1238229,119507,4751134,191846,15608056,129671,20359190,
All CA and Non-CA Counties,2021-05-14,337081,34874326,215271,18702863,112792,14924216,9018,1247247,133134,4692639,202742,15810798,144247,20503437,
All CA and Non-CA Counties,2021-05-15,278935,35153261,194230,18897093,78605,15002821,6100,1253347,114537,4650689,163538,15974336,121588,20625025,
All CA and Non-CA Counties,2021-05-16,137775,35291036,105507,19002600,29275,15032096,2993,1256340,55873,4628496,81452,16055788,59259,20684284,
All CA and Non-CA Counties,2021-05-17,241365,35532401,158297,19160897,75434,15107530,7634,1263974,97029,4590562,143451,16199239,105517,20789801,
All CA and Non-CA Counties,2021-05-18,282558,35814959,171715,19332612,103142,15210672,7701,1271675,111757,4541742,169676,16368915,120856,20910657,
All CA and Non-CA Counties,2021-05-19,276877,36091836,172661,19505273,96437,15307109,7779,1279454,116388,4507559,159452,16528367,125269,21035926,
All CA and Non-CA Counties,2021-05-20,263958,36355794,157446,19662719,98168,15405277,8344,1287798,103217,4461021,159616,16687983,113078,21149004,
All CA and Non-CA Counties,2021-05-21,283732,36639526,174466,19837185,101073,15506350,8193,1295991,110000,4407934,172484,16860467,119397,21268401,
All CA and Non-CA Counties,2021-05-22,205275,36844801,135974,19973159,62991,15569341,6310,1302301,87851,4386556,116638,16977105,95260,21363661,
All CA and Non-CA Counties,2021-05-23,87659,36932460,60876,20034035,24022,15593363,2761,1305062,38416,4379289,48837,17025942,41570,21405231,
All CA and Non-CA Counties,2021-05-24,168875,37101335,97683,20131718,62582,15655945,8610,1313672,63976,4348589,104118,17130060,73418,21478649,
All CA and Non-CA Counties,2021-05-25,190880,37292215,111971,20243689,70599,15726544,8310,1321982,73362,4314869,116505,17246565,82785,21561434,
All CA and Non-CA Counties,2021-05-26,185714,37477929,106714,20350403,70845,15797389,8155,1330137,73461,4286037,111162,17357727,82330,21643764,
All CA and Non-CA Counties,2021-05-27,173348,37651277,98938,20449341,65608,15862997,8802,1338939,71085,4265498,101430,17459157,80891,21724655,
All CA and Non-CA Counties,2021-05-28,189814,37841091,109524,20558865,72886,15935883,7404,1346343,82855,4250827,106030,17565187,91359,21816014,
All CA and Non-CA Counties,2021-05-29,107633,37948724,65918,20624783,37591,15973474,4124,1350467,51443,4251222,55654,17620841,56049,21872063,
All CA and Non-CA Counties,2021-05-30,47662,37996386,31403,20656186,13684,15987158,2575,1353042,21440,4249465,25991,17646832,24234,21896297,
All CA and Non-CA Counties,2021-05-31,20132,38016518,11792,20667978,7326,15994484,1014,1354056,6661,4243935,13319,17660151,7789,21904086,
All CA and Non-CA Counties,2021-06-01,169173,38185691,98769,20766747,63093,16057577,7311,1361367,63104,4210111,105110,17765261,71286,21975372,
All CA and Non-CA Counties,2021-06-02,143774,38329465,84942,20851689,51430,16109007,7402,1368769,55952,4187174,86938,17852199,64001,22039373,
All CA and Non-CA Counties,2021-06-03,171944,38501409,117447,20969136,47215,16156222,7282,1376051,54805,4133936,116320,17968519,63082,22102455,
All CA and Non-CA Counties,2021-06-04,200306,38701715,140947,21110083,52952,16209174,6407,1382458,62909,4068688,136384,18104903,71136,22173591,
All CA and Non-CA Counties,2021-06-05,157601,38859316,118955,21229038,32963,16242137,5683,1388141,45673,4009809,111153,18216056,52274,22225865,
All CA and Non-CA Counties,2021-06-06,63907,38923223,53776,21282814,7867,16250004,2264,1390405,18878,3986997,44747,18260803,21935,22247800,
All CA and Non-CA Counties,2021-06-07,137328,39060551,100536,21383350,30622,16280626,6170,1396575,41797,3940712,94943,18355746,48658,22296458,
All CA and Non-CA Counties,2021-06-08,159018,39219569,115321,21498671,36678,16317304,7019,1403594,48544,3887696,109600,18465346,56584,22353042,
All CA and Non-CA Counties,2021-06-09,152680,39372249,110893,21609564,34806,16352110,6981,1410575,42919,3829521,108983,18574329,50808,22403850,
All CA and Non-CA Counties,2021-06-10,146878,39519127,105630,21715194,33781,16385891,7467,1418042,43883,3779609,102296,18676625,52384,22456234,
All CA and Non-CA Counties,2021-06-11,159292,39678419,111698,21826892,40630,16426521,6964,1425006,50190,3729414,108234,18784859,58039,22514273,
All CA and Non-CA Counties,2021-06-12,114738,39793157,86943,21913835,24014,16450535,3781,1428787,32854,3685331,81355,18866214,37272,22551545,
All CA and Non-CA Counties,2021-06-13,44957,39838114,33383,21947218,9469,16460004,2105,1430892,11697,3666503,33022,18899236,14194,22565739,
All CA and Non-CA Counties,2021-06-14,115829,39953943,82232,22029450,26668,16486672,6929,1437821,39918,3638625,75326,18974562,47448,22613187,
All CA and Non-CA Counties,2021-06-15,132377,40086320,89389,22118839,34143,16520815,8845,1446666,44760,3606314,86797,19061359,54486,22667673,
All CA and Non-CA Counties,2021-06-16,120009,40206329,84491,22203330,27951,16548766,7567,1454233,41894,3579115,77386,19138745,50187,22717860,
All CA and Non-CA Counties,2021-06-17,111732,40318061,77961,22281291,26612,16575378,7159,1461392,40053,3555962,70968,19209713,47815,22765675,
All CA and Non-CA Counties,2021-06-18,123209,40441270,85583,22366874,30651,16606029,6975,1468367,44533,3530352,77842,19287555,52232,22817907,
All CA and Non-CA Counties,2021-06-19,35826,40477096,26350,22393224,6778,16612807,2698,1471065,12225,3522227,23290,19310845,15165,22833072,
Outside California,2020-12-15,8,8,8,8,0,0,0,0,8,8,0,0,8,8,Not in California
Outside California,2020-12-16,275,283,275,283,0,0,0,0,275,283,0,0,275,283,Not in California
Outside California,2020-12-17,1606,1889,1606,1889,0,0,0,0,1606,1889,0,0,1606,1889,Not in California
Outside California,2020-12-18,2546,4435,2539,4428,7,7,0,0,2546,4435,0,0,2546,4435,Not in California
Outside California,2020-12-19,1041,5476,1040,5468,1,8,0,0,1041,5476,0,0,1041,5476,Not in California
Outside California,2020-12-20,681,6157,678,6146,3,11,0,0,681,6157,0,0,681,6157,Not in California
Outside California,2020-12-21,2188,8345,2185,8331,3,14,0,0,2188,8345,0,0,2188,8345,Not in California
Outside California,2020-12-22,2073,10418,1998,10329,75,89,0,0,2073,10418,0,0,2073,10418,Not in California
Outside California,2020-12-23,1539,11957,1395,11724,144,233,0,0,1538,11955,1,1,1538,11956,Not in California
Outside California,2020-12-24,808,12765,615,12339,193,426,0,0,808,12763,0,1,808,12764,Not in California
Outside California,2020-12-25,35,12800,30,12369,5,431,0,0,35,12798,0,1,35,12799,Not in California
Outside California,2020-12-26,309,13109,207,12576,102,533,0,0,309,13107,0,1,309,13108,Not in California
Outside California,2020-12-27,189,13298,71,12647,118,651,0,0,189,13296,0,1,189,13297,Not in California
Outside California,2020-12-28,1413,14711,898,13545,515,1166,0,0,1413,14709,0,1,1413,14710,Not in California
Outside California,2020-12-29,1544,16255,1022,14567,522,1688,0,0,1544,16253,0,1,1544,16254,Not in California
Outside California,2020-12-30,1888,18143,1231,15798,657,2345,0,0,1888,18141,0,1,1888,18142,Not in California
Outside California,2020-12-31,1105,19248,603,16401,502,2847,0,0,1104,19244,1,2,1104,19246,Not in California
Outside California,2021-01-01,114,19362,26,16427,88,2935,0,0,114,19358,0,2,114,19360,Not in California
Outside California,2021-01-02,246,19608,135,16562,111,3046,0,0,245,19602,1,3,245,19605,Not in California
Outside California,2021-01-03,172,19780,91,16653,81,3127,0,0,172,19774,0,3,172,19777,Not in California
Outside California,2021-01-04,1145,20925,508,17161,637,3764,0,0,1140,20913,1,4,1140,20917,Not in California
Outside California,2021-01-05,1555,22480,825,17986,730,4494,0,0,1361,22083,192,196,1362,22279,Not in California
Outside California,2021-01-06,2684,25164,1587,19573,1097,5591,0,0,1948,23298,733,929,1948,24227,Not in California
Outside California,2021-01-07,4151,29315,2537,22110,1614,7205,0,0,2492,24136,1657,2586,2495,26722,Not in California
Outside California,2021-01-08,4492,33807,2910,25020,1582,8787,0,0,2613,24883,1870,4456,2617,29339,Not in California
Outside California,2021-01-09,1302,35109,533,25553,769,9556,0,0,974,25532,327,4783,976,30315,Not in California
Outside California,2021-01-10,301,35410,186,25739,115,9671,0,0,178,25587,123,4906,178,30493,Not in California
Outside California,2021-01-11,3280,38690,2007,27746,1273,10944,0,0,1940,26187,1340,6246,1940,32433,Not in California
Outside California,2021-01-12,3848,42538,2311,30057,1537,12481,0,0,2295,26936,1549,7795,2298,34731,Not in California
Outside California,2021-01-13,3675,46213,1813,31870,1862,14343,0,0,2484,28233,1190,8985,2487,37218,Not in California
Outside California,2021-01-14,3706,49919,1283,33153,2423,16766,0,0,3058,30659,635,9620,3061,40279,Not in California
Outside California,2021-01-15,4198,54117,1009,34162,3189,19955,0,0,3720,33915,465,10085,3721,44000,Not in California
Outside California,2021-01-16,2679,56796,390,34552,2289,22244,0,0,2502,36242,175,10260,2502,46502,Not in California
Outside California,2021-01-17,507,57303,152,34704,355,22599,0,0,458,36651,49,10309,458,46960,Not in California
Outside California,2021-01-18,1213,58516,771,35475,442,23041,0,0,758,36955,454,10763,758,47718,Not in California
Outside California,2021-01-19,4113,62629,1333,36808,2780,25821,0,0,3214,39273,899,11662,3217,50935,Not in California
Outside California,2021-01-20,4452,67081,1433,38241,3019,28840,0,0,3503,41833,945,12607,3505,54440,Not in California
Outside California,2021-01-21,4246,71327,1178,39419,3068,31908,0,0,3661,44930,568,13175,3665,58105,Not in California
Outside California,2021-01-22,4583,75910,1114,40533,3469,35377,0,0,4171,48697,407,13582,4174,62279,Not in California
Outside California,2021-01-23,2232,78142,336,40869,1896,37273,0,0,2067,50599,165,13747,2067,64346,Not in California
Outside California,2021-01-24,574,78716,234,41103,340,37613,0,0,495,51015,79,13826,495,64841,Not in California
Outside California,2021-01-25,4434,83150,1895,42998,2539,40152,0,0,3566,53718,864,14690,3567,68408,Not in California
Outside California,2021-01-26,5783,88933,2733,45731,3050,43202,0,0,4924,57791,858,15548,4931,73339,Not in California
Outside California,2021-01-27,4766,93699,2438,48169,2328,45530,0,0,4131,61293,631,16179,4133,77472,Not in California
Outside California,2021-01-28,4874,98573,2502,50671,2372,47902,0,0,4331,65093,532,16711,4332,81804,Not in California
Outside California,2021-01-29,4582,103155,2774,53445,1808,49710,0,0,3778,68077,796,17507,3780,85584,Not in California
Outside California,2021-01-30,4109,107264,2113,55558,1996,51706,0,0,3877,71725,230,17737,3878,89462,Not in California
Outside California,2021-01-31,2705,109969,2311,57869,394,52100,0,0,2648,74318,56,17793,2649,92111,Not in California
Outside California,2021-02-01,5294,115263,2395,60264,2899,54999,0,0,4584,78203,701,18494,4586,96697,Not in California
Outside California,2021-02-02,6476,121739,1969,62233,4507,59506,0,0,5759,83252,710,19204,5759,102456,Not in California
Outside California,2021-02-03,7120,128859,1892,64125,5228,64734,0,0,6252,88644,861,20065,6253,108709,Not in California
Outside California,2021-02-04,6563,135422,1948,66073,4615,69349,0,0,5558,93207,996,21061,5559,114268,Not in California
Outside California,2021-02-05,6556,141978,1986,68059,4570,73919,0,0,5473,97602,1078,22139,5473,119741,Not in California
Outside California,2021-02-06,4030,146008,1776,69835,2254,76173,0,0,3572,100728,449,22588,3575,123316,Not in California
Outside California,2021-02-07,1852,147860,1466,71301,386,76559,0,0,1775,102428,77,22665,1777,125093,Not in California
Outside California,2021-02-08,4606,152466,2649,73950,1957,78516,0,0,3549,104931,1046,23711,3549,128642,Not in California
Outside California,2021-02-09,3976,156442,1632,75582,2344,80860,0,0,2679,106337,1287,24998,2693,131335,Not in California
Outside California,2021-02-10,5318,161760,1685,77267,3633,84493,0,0,2891,106850,2419,27417,2932,134267,Not in California
Outside California,2021-02-11,4562,166322,2010,79277,2552,87045,0,0,3252,108821,1299,28716,3270,137537,Not in California
Outside California,2021-02-12,5131,171453,1846,81123,3285,90330,0,0,3302,110311,1816,30532,3306,140843,Not in California
Outside California,2021-02-13,2299,173752,646,81769,1653,91983,0,0,1746,111517,552,31084,1758,142601,Not in California
Outside California,2021-02-14,1270,175022,352,82121,918,92901,0,0,1028,112309,238,31322,1030,143631,Not in California
Outside California,2021-02-15,2415,177437,1416,83537,999,93900,0,0,1175,112260,1227,32549,1178,144809,Not in California
Outside California,2021-02-16,6150,183587,2626,86163,3524,97424,0,0,2503,111131,3636,36185,2507,147316,Not in California
Outside California,2021-02-17,5571,189158,2632,88795,2939,100363,0,0,1760,109090,3806,39991,1765,149081,Not in California
Outside California,2021-02-18,6054,195212,3317,92112,2737,103100,0,0,2022,107102,4010,44001,2022,151103,Not in California
Outside California,2021-02-19,5344,200556,3604,95716,1740,104840,0,0,2368,106502,2970,46971,2370,153473,Not in California
Outside California,2021-02-20,3002,203558,2351,98067,651,105491,0,0,1232,105969,1766,48737,1233,154706,Not in California
Outside California,2021-02-21,2388,205946,2169,100236,219,105710,0,0,820,105227,1562,50299,820,155526,Not in California
Outside California,2021-02-22,3295,209241,2353,102589,942,106652,0,0,1622,105183,1670,51969,1626,157152,Not in California
Outside California,2021-02-23,5753,214994,3159,105748,2594,109246,0,0,2316,104082,3430,55399,2329,159481,Not in California
Outside California,2021-02-24,6154,221148,3345,109093,2809,112055,0,0,2440,102818,3707,59106,2443,161924,Not in California
Outside California,2021-02-25,6649,227797,3311,112404,3338,115393,0,0,3062,102328,3556,62662,3066,164990,Not in California
Outside California,2021-02-26,6604,234401,3411,115815,3193,118586,0,0,3096,102000,3425,66087,3097,168087,Not in California
Outside California,2021-02-27,5152,239553,2460,118275,2691,121277,1,1,1877,100617,3264,69351,1881,169968,Not in California
Outside California,2021-02-28,2131,241684,1488,119763,642,121919,1,2,797,100086,1331,70682,800,170768,Not in California
Outside California,2021-03-01,4400,246084,2616,122379,1783,123702,1,3,1352,98406,3038,73720,1358,172126,Not in California
Outside California,2021-03-02,6444,252528,2258,124637,4186,127888,0,3,2054,96084,4378,78098,2056,174182,Not in California
Outside California,2021-03-03,7706,260234,2908,127545,4796,132684,2,5,2682,93761,5010,83108,2687,176869,Not in California
Outside California,2021-03-04,6601,266835,2692,130237,3903,136587,6,11,2320,91826,4263,87371,2328,179197,Not in California
Outside California,2021-03-05,5173,272008,2563,132800,2596,139183,14,25,2719,92123,2444,89815,2741,181938,Not in California
Outside California,2021-03-06,4537,276545,2072,134872,2309,141492,156,181,2329,92411,2206,92021,2494,184432,Not in California
Outside California,2021-03-07,1521,278066,966,135838,498,141990,57,238,945,92840,575,92596,1004,185436,Not in California
Outside California,2021-03-08,3062,281128,1823,137661,1013,143003,226,464,2180,94400,853,93449,2413,187849,Not in California
Outside California,2021-03-09,4635,285763,2399,140060,1949,144952,287,751,2764,95584,1867,95316,3051,190900,Not in California
Outside California,2021-03-10,4303,290066,2075,142135,1747,146699,481,1232,2684,97146,1610,96926,3172,194072,Not in California
Outside California,2021-03-11,6072,296138,3102,145237,2312,149011,658,1890,3287,98312,2779,99705,3945,198017,Not in California
Outside California,2021-03-12,6378,302516,3852,149089,1829,150840,697,2587,3548,99737,2820,102525,4245,202262,Not in California
Outside California,2021-03-13,3725,306241,2170,151259,1111,151951,444,3031,2555,101575,1163,103688,3001,205263,Not in California
Outside California,2021-03-14,1763,308004,917,152176,514,152465,332,3363,962,102069,801,104489,1295,206558,Not in California
Outside California,2021-03-15,4004,312008,2114,154290,1424,153889,466,3829,2141,102823,1857,106346,2611,209169,Not in California
Outside California,2021-03-16,7481,319489,4358,158648,2734,156623,389,4218,4168,104066,3310,109656,4553,213722,Not in California
Outside California,2021-03-17,8383,327872,5449,164097,2556,159179,378,4596,5038,106142,3341,112997,5417,219139,Not in California
Outside California,2021-03-18,8281,336153,5118,169215,2620,161799,543,5139,4788,107989,3484,116481,5331,224470,Not in California
Outside California,2021-03-19,7291,343444,4333,173548,2413,164212,545,5684,4355,109963,2930,119411,4904,229374,Not in California
Outside California,2021-03-20,4717,348161,3121,176669,1507,165719,89,5773,3604,112554,1103,120514,3694,233068,Not in California
Outside California,2021-03-21,2067,350228,1422,178091,556,166275,89,5862,1651,113880,414,120928,1740,234808,Not in California
Outside California,2021-03-22,3254,353482,1970,180061,1194,167469,90,5952,2230,115182,1017,121945,2319,237127,Not in California
Outside California,2021-03-23,6061,359543,3085,183146,2671,170140,305,6257,4112,117664,1935,123880,4417,241544,Not in California
Outside California,2021-03-24,7308,366851,3744,186890,3119,173259,445,6702,5037,120880,2264,126144,5480,247024,Not in California
Outside California,2021-03-25,8259,375110,3833,190723,3901,177160,525,7227,6000,125158,2247,128391,6525,253549,Not in California
Outside California,2021-03-26,6654,381764,3505,194228,2972,180132,177,7404,4390,127485,2239,130630,4566,258115,Not in California
Outside California,2021-03-27,5531,387295,3100,197328,2216,182348,215,7619,3474,129124,2048,132678,3687,261802,Not in California
Outside California,2021-03-28,3077,390372,1648,198976,1268,183616,161,7780,1983,130180,1088,133766,2144,263946,Not in California
Outside California,2021-03-29,5172,395544,2296,201272,2532,186148,344,8124,2961,131279,2206,135972,3305,267251,Not in California
Outside California,2021-03-30,6873,402417,3620,204892,2689,188837,564,8688,4060,133107,2803,138775,4631,271882,Not in California
Outside California,2021-03-31,6333,408750,3772,208664,1780,190617,781,9469,3356,134271,2970,141745,4134,276016,Not in California
Outside California,2021-04-01,7500,416250,4479,213143,2375,192992,646,10115,4334,136085,3158,144903,4972,280988,Not in California
Outside California,2021-04-02,8442,424692,4492,217635,2812,195804,1138,11253,4365,137518,4068,148971,5501,286489,Not in California
Outside California,2021-04-03,6248,430940,3734,221369,1355,197159,1159,12412,3321,139079,2918,151889,4479,290968,Not in California
Outside California,2021-04-04,1775,432715,874,222243,665,197824,236,12648,971,139481,803,152692,1205,292173,Not in California
Outside California,2021-04-05,4146,436861,2008,224251,1470,199294,668,13316,1979,139964,2162,154854,2645,294818,Not in California
Outside California,2021-04-06,7177,444038,3865,228116,1667,200961,1645,14961,2883,140209,4279,159133,4524,299342,Not in California
Outside California,2021-04-07,8209,452247,4607,232723,1904,202865,1698,16659,3185,140067,5017,164150,4875,304217,Not in California
Outside California,2021-04-08,8240,460487,4335,237058,1972,204837,1933,18592,3284,140327,4946,169096,5206,309423,Not in California
Outside California,2021-04-09,7558,468045,3867,240925,1726,206563,1965,20557,2897,140538,4648,173744,4859,314282,Not in California
Outside California,2021-04-10,6080,474125,2976,243901,1247,207810,1857,22414,1665,139645,4407,178151,3514,317796,Not in California
Outside California,2021-04-11,2848,476973,1559,245460,649,208459,640,23054,966,139371,1879,180030,1605,319401,Not in California
Outside California,2021-04-12,4161,481134,2333,247793,1273,209732,555,23609,1857,139488,2294,182324,2411,321812,Not in California
Outside California,2021-04-13,5824,486958,3716,251509,2083,211815,25,23634,3013,139720,2806,185130,3038,324850,Not in California
Outside California,2021-04-14,5395,492353,3440,254949,1951,213766,4,23638,2954,140243,2435,187565,2958,327808,Not in California
Outside California,2021-04-15,6171,498524,3894,258843,2271,216037,6,23644,3331,140794,2788,190353,3339,331147,Not in California
Outside California,2021-04-16,5912,504436,3384,262227,2521,218558,7,23651,3306,141517,2597,192950,3320,334467,Not in California
Outside California,2021-04-17,5524,509960,3471,265698,2052,220610,1,23652,3212,142434,2302,195252,3219,337686,Not in California
Outside California,2021-04-18,2115,512075,1183,266881,931,221541,1,23653,1008,142345,1101,196353,1012,338698,Not in California
Outside California,2021-04-19,4170,516245,2006,268887,2163,223704,1,23654,2155,142502,2005,198358,2162,340860,Not in California
Outside California,2021-04-20,5404,521649,2460,271347,2944,226648,0,23654,2215,141539,3180,201538,2217,343077,Not in California
Outside California,2021-04-21,6417,528066,2687,274034,3725,230373,5,23659,2301,139769,4095,205633,2325,345402,Not in California
Outside California,2021-04-22,6775,534841,3445,277479,3327,233700,3,23662,2492,137996,4269,209902,2496,347898,Not in California
Outside California,2021-04-23,5868,540709,2987,280466,2880,236580,1,23663,2423,136992,3430,213332,2426,350324,Not in California
Outside California,2021-04-24,4638,545347,3036,283502,1597,238177,5,23668,1858,136083,2775,216107,1866,352190,Not in California
Outside California,2021-04-25,2221,547568,1252,284754,968,239145,1,23669,1179,136228,1038,217145,1183,353373,Not in California
Outside California,2021-04-26,4136,551704,1826,286580,2282,241427,28,23697,1874,135877,2253,219398,1902,355275,Not in California
Outside California,2021-04-27,5686,557390,2109,288689,3206,244633,371,24068,1990,134559,3686,223084,2368,357643,Not in California
Outside California,2021-04-28,4847,562237,2062,290751,2390,247023,395,24463,1908,133931,2926,226010,2298,359941,Not in California
Outside California,2021-04-29,4840,567077,2233,292984,2174,249197,433,24896,1823,133190,2997,229007,2256,362197,Not in California
Outside California,2021-04-30,4913,571990,2364,295348,2124,251321,425,25321,1861,132441,3038,232045,2289,364486,Not in California
Outside California,2021-05-01,3161,575151,1830,297178,902,252223,429,25750,1299,132319,1851,233896,1729,366215,Not in California
Outside California,2021-05-02,1867,577018,1092,298270,652,252875,123,25873,844,132266,1020,234916,967,367182,Not in California
Outside California,2021-05-03,2891,579909,1567,299837,1040,253915,284,26157,1122,131908,1764,236680,1406,368588,Not in California
Outside California,2021-05-04,3929,583838,2105,301942,1384,255299,440,26597,1313,131052,2607,239287,1751,370339,Not in California
Outside California,2021-05-05,4419,588257,2467,304409,1581,256880,371,26968,1625,130265,2786,242073,1999,372338,Not in California
Outside California,2021-05-06,4453,592710,2728,307137,1388,258268,337,27305,1555,129265,2892,244965,1892,374230,Not in California
Outside California,2021-05-07,4617,597327,2654,309791,1576,259844,387,27692,1589,128225,3016,247981,1976,376206,Not in California
Outside California,2021-05-08,3194,600521,2146,311937,797,260641,251,27943,1055,127403,2129,250110,1307,377513,Not in California
Outside California,2021-05-09,1359,601880,906,312843,330,260971,123,28066,582,127334,772,250882,703,378216,Not in California
Outside California,2021-05-10,2536,604416,1162,314005,1044,262015,330,28396,905,126946,1625,252507,1237,379453,Not in California
Outside California,2021-05-11,2951,607367,1394,315399,1258,263273,299,28695,1102,126501,1848,254355,1403,380856,Not in California
Outside California,2021-05-12,3178,610545,1515,316914,1337,264610,326,29021,1264,126181,1909,256264,1589,382445,Not in California
Outside California,2021-05-13,3107,613652,1785,318699,1116,265726,206,29227,1365,126016,1736,258000,1571,384016,Not in California
Outside California,2021-05-14,3494,617146,1955,320654,1301,267027,238,29465,1567,125904,1920,259920,1808,385824,Not in California
Outside California,2021-05-15,2626,619772,1539,322193,943,267970,144,29609,1126,125683,1494,261414,1273,387097,Not in California
Outside California,2021-05-16,1613,621385,1028,323221,516,268486,69,29678,729,125601,881,262295,799,387896,Not in California
Outside California,2021-05-17,3039,624424,1603,324824,1201,269687,235,29913,1313,125426,1722,264017,1547,389443,Not in California
Outside California,2021-05-18,3223,627647,1627,326451,1283,270970,313,30226,1448,125426,1764,265781,1764,391207,Not in California
Outside California,2021-05-19,3303,630950,1658,328109,1378,272348,267,30493,1453,125303,1842,267623,1719,392926,Not in California
Outside California,2021-05-20,3095,634045,1704,329813,1156,273504,235,30728,1410,125273,1678,269301,1648,394574,Not in California
Outside California,2021-05-21,3191,637236,1786,331599,1157,274661,248,30976,1384,125109,1796,271097,1632,396206,Not in California
Outside California,2021-05-22,2802,640038,1855,333454,746,275407,201,31177,1546,125608,1249,272346,1748,397954,Not in California
Outside California,2021-05-23,1519,641557,988,334442,453,275860,78,31255,752,125673,766,273112,831,398785,Not in California
Outside California,2021-05-24,2376,643933,1123,335565,906,276766,347,31602,1042,125736,1326,274438,1389,400174,Not in California
Outside California,2021-05-25,2365,646298,1100,336665,935,277701,330,31932,1016,125740,1340,275778,1344,401518,Not in California
Outside California,2021-05-26,2375,648673,1101,337766,923,278624,351,32283,1008,125740,1360,277138,1360,402878,Not in California
Outside California,2021-05-27,2170,650843,1090,338856,794,279418,286,32569,1017,125892,1149,278287,1301,404179,Not in California
Outside California,2021-05-28,2415,653258,1216,340072,852,280270,347,32916,1099,126030,1309,279596,1447,405626,Not in California
Outside California,2021-05-29,1683,654941,855,340927,473,280743,355,33271,734,126174,945,280541,1089,406715,Not in California
Outside California,2021-05-30,921,655862,563,341490,234,280977,124,33395,464,126308,454,280995,588,407303,Not in California
Outside California,2021-05-31,419,656281,186,341676,196,281173,37,33432,180,126298,227,281222,217,407520,Not in California
Outside California,2021-06-01,2116,658397,1104,342780,711,281884,301,33733,1040,126567,1072,282294,1341,408861,Not in California
Outside California,2021-06-02,2087,660484,1075,343855,669,282553,343,34076,1006,126844,1072,283366,1349,410210,Not in California
Outside California,2021-06-03,2160,662644,1194,345049,654,283207,312,34388,1005,127013,1147,284513,1316,411526,Not in California
Outside California,2021-06-04,2545,665189,1429,346478,800,284007,316,34704,1124,127037,1415,285928,1439,412965,Not in California
Outside California,2021-06-05,1725,666914,1216,347694,348,284355,161,34865,814,127105,908,286836,976,413941,Not in California
Outside California,2021-06-06,921,667835,692,348386,148,284503,81,34946,452,127171,467,287303,533,414474,Not in California
Outside California,2021-06-07,1913,669748,1034,349420,549,285052,330,35276,819,127226,1093,288396,1148,415622,Not in California
Outside California,2021-06-08,2057,671805,1180,350600,539,285591,338,35614,804,127119,1248,289644,1141,416763,Not in California
Outside California,2021-06-09,1961,673766,1180,351780,501,286092,280,35894,820,127083,1135,290779,1099,417862,Not in California
Outside California,2021-06-10,1915,675681,1110,352890,499,286591,306,36200,829,127138,1081,291860,1136,418998,Not in California
Outside California,2021-06-11,2155,677836,1237,354127,593,287184,325,36525,930,127176,1218,293078,1256,420254,Not in California
Outside California,2021-06-12,1576,679412,1173,355300,278,287462,125,36650,618,126967,954,294032,745,420999,Not in California
Outside California,2021-06-13,917,680329,622,355922,198,287660,97,36747,401,126953,512,294544,498,421497,Not in California
Outside California,2021-06-14,1722,682051,965,356887,467,288127,290,37037,741,127007,976,295520,1030,422527,Not in California
Outside California,2021-06-15,1722,683773,965,357852,491,288618,266,37303,767,127090,950,296470,1033,423560,Not in California
Outside California,2021-06-16,1625,685398,986,358838,423,289041,216,37519,804,127297,813,297283,1020,424580,Not in California
Outside California,2021-06-17,1798,687196,994,359832,469,289510,335,37854,816,127471,979,298262,1153,425733,Not in California
Outside California,2021-06-18,1916,689112,1095,360927,426,289936,395,38249,841,127636,1072,299334,1237,426970,Not in California
Outside California,2021-06-19,490,689602,311,361238,104,290040,75,38324,243,127708,245,299579,317,427287,Not in California
Unknown,2020-12-17,2,2,2,2,0,0,0,0,0,0,0,0,0,0,Not in California
Unknown,2020-12-18,1,3,1,3,0,0,0,0,0,0,0,0,0,0,Not in California
Unknown,2020-12-21,4,7,4,7,0,0,0,0,0,0,0,0,0,0,Not in California
Unknown,2020-12-28,1,8,1,8,0,0,0,0,1,1,0,0,1,1,Not in California
Unknown,2020-12-29,1,9,1,9,0,0,0,0,1,2,0,0,1,2,Not in California
Unknown,2020-12-30,54,63,54,63,0,0,0,0,54,56,0,0,54,56,Not in California
Unknown,2020-12-31,1,64,0,63,1,1,0,0,0,56,0,0,0,56,Not in California
Unknown,2021-01-02,1,65,0,63,1,2,0,0,1,57,0,0,1,57,Not in California
Unknown,2021-01-04,1,66,1,64,0,2,0,0,1,58,0,0,1,58,Not in California
Unknown,2021-01-06,4,70,2,66,2,4,0,0,4,62,0,0,4,62,Not in California
Unknown,2021-01-07,67,137,67,133,0,4,0,0,66,128,0,0,66,128,Not in California
Unknown,2021-01-09,1,138,1,134,0,4,0,0,1,129,0,0,1,129,Not in California
Unknown,2021-01-11,19,157,19,153,0,4,0,0,19,148,0,0,19,148,Not in California
Unknown,2021-01-12,7,164,6,159,1,5,0,0,5,153,1,1,6,154,Not in California
Unknown,2021-01-13,3,167,3,162,0,5,0,0,4,157,0,1,4,158,Not in California
Unknown,2021-01-14,2,169,2,164,0,5,0,0,2,159,0,1,2,160,Not in California
Unknown,2021-01-15,5,174,4,168,1,6,0,0,5,164,0,1,5,165,Not in California
Unknown,2021-01-16,4,178,4,172,0,6,0,0,4,168,0,1,4,169,Not in California
Unknown,2021-01-17,2,180,2,174,0,6,0,0,2,170,0,1,2,171,Not in California
Unknown,2021-01-18,11,191,11,185,0,6,0,0,11,181,0,1,11,182,Not in California
Unknown,2021-01-19,7,198,7,192,0,6,0,0,6,187,0,1,6,188,Not in California
Unknown,2021-01-20,55,253,55,247,0,6,0,0,4,139,52,53,4,192,Not in California
Unknown,2021-01-21,20,273,18,265,2,8,0,0,21,159,1,54,21,213,Not in California
Unknown,2021-01-22,12,285,7,272,5,13,0,0,12,171,0,54,12,225,Not in California
Unknown,2021-01-23,9,294,3,275,6,19,0,0,9,180,0,54,9,234,Not in California
Unknown,2021-01-24,2,296,2,277,0,19,0,0,3,183,0,54,3,237,Not in California
Unknown,2021-01-25,8,304,6,283,2,21,0,0,6,187,2,56,6,243,Not in California
Unknown,2021-01-26,17,321,17,300,0,21,0,0,20,207,0,56,20,263,Not in California
Unknown,2021-01-27,7,328,7,307,0,21,0,0,5,211,1,57,5,268,Not in California
Unknown,2021-01-28,77,405,75,382,2,23,0,0,21,173,59,116,21,289,Not in California
Unknown,2021-01-29,107,512,107,489,0,23,0,0,111,283,1,117,111,400,Not in California
Unknown,2021-01-30,5,517,3,492,2,25,0,0,8,290,1,118,8,408,Not in California
Unknown,2021-01-31,2,519,2,494,0,25,0,0,3,293,0,118,3,411,Not in California
Unknown,2021-02-01,33,552,32,526,1,26,0,0,17,292,18,136,17,428,Not in California
Unknown,2021-02-02,17,569,16,542,1,27,0,0,13,302,4,140,14,442,Not in California
Unknown,2021-02-03,5,574,5,547,0,27,0,0,3,303,2,142,3,445,Not in California
Unknown,2021-02-04,12,586,8,555,4,31,0,0,8,307,4,146,8,453,Not in California
Unknown,2021-02-05,14,600,11,566,3,34,0,0,11,315,3,149,11,464,Not in California
Unknown,2021-02-06,4,604,4,570,0,34,0,0,2,314,3,152,2,466,Not in California
Unknown,2021-02-07,2,606,2,572,0,34,0,0,2,316,0,152,2,468,Not in California
Unknown,2021-02-08,5,611,4,576,1,35,0,0,1,313,4,156,1,469,Not in California
Unknown,2021-02-09,3,614,3,579,0,35,0,0,0,310,3,159,0,469,Not in California
Unknown,2021-02-10,7,621,3,582,4,39,0,0,6,315,1,160,6,475,Not in California
Unknown,2021-02-11,18,639,17,599,1,40,0,0,6,309,12,172,6,481,Not in California
Unknown,2021-02-12,6,645,4,603,2,42,0,0,2,307,4,176,2,483,Not in California
Unknown,2021-02-13,4,649,0,603,4,46,0,0,4,311,0,176,4,487,Not in California
Unknown,2021-02-14,2,651,1,604,1,47,0,0,1,311,1,177,1,488,Not in California
Unknown,2021-02-15,29,680,26,630,3,50,0,0,24,332,3,180,24,512,Not in California
Unknown,2021-02-16,14,694,8,638,6,56,0,0,8,334,6,186,8,520,Not in California
Unknown,2021-02-17,3,697,1,639,2,58,0,0,2,336,0,186,2,522,Not in California
Unknown,2021-02-18,13,710,8,647,5,63,0,0,5,333,8,194,5,527,Not in California
Unknown,2021-02-19,130,840,125,772,5,68,0,0,32,268,97,291,32,559,Not in California
Unknown,2021-02-21,1,841,1,773,0,68,0,0,0,267,1,292,0,559,Not in California
Unknown,2021-02-23,16,857,5,778,11,79,0,0,5,262,10,302,5,564,Not in California
Unknown,2021-02-24,10,867,3,781,7,86,0,0,8,268,2,304,8,572,Not in California
Unknown,2021-02-25,24,891,11,792,13,99,0,0,14,271,11,315,14,586,Not in California
Unknown,2021-02-26,22,913,10,802,12,111,0,0,9,268,12,327,9,595,Not in California
Unknown,2021-02-27,12,925,8,810,4,115,0,0,8,274,2,329,8,603,Not in California
Unknown,2021-02-28,9,934,7,817,2,117,0,0,6,279,1,330,6,609,Not in California
Unknown,2021-03-01,13,947,3,820,10,127,0,0,7,281,5,335,7,616,Not in California
Unknown,2021-03-02,12,959,3,823,9,136,0,0,6,282,5,340,6,622,Not in California
Unknown,2021-03-03,5,964,1,824,4,140,0,0,4,286,0,340,4,626,Not in California
Unknown,2021-03-04,11,975,8,832,3,143,0,0,7,290,3,343,7,633,Not in California
Unknown,2021-03-05,12,987,4,836,8,151,0,0,13,301,2,345,13,646,Not in California
Unknown,2021-03-06,13,1000,7,843,4,155,2,2,11,311,3,348,13,659,Not in California
Unknown,2021-03-08,27,1027,21,864,5,160,1,3,6,297,21,369,7,666,Not in California
Unknown,2021-03-09,10,1037,5,869,2,162,3,6,5,299,6,375,8,674,Not in California
Unknown,2021-03-10,5,1042,2,871,1,163,2,8,3,301,3,378,5,679,Not in California
Unknown,2021-03-11,20,1062,4,875,2,165,14,22,2,301,16,394,16,695,Not in California
Unknown,2021-03-12,38,1100,29,904,4,169,5,27,7,282,31,425,12,707,Not in California
Unknown,2021-03-13,9,1109,0,904,5,174,4,31,1,279,8,433,5,712,Not in California
Unknown,2021-03-14,3,1112,0,904,2,176,1,32,1,279,2,435,2,714,Not in California
Unknown,2021-03-15,17,1129,4,908,11,187,2,34,10,284,7,442,12,726,Not in California
Unknown,2021-03-16,23,1152,3,911,16,203,4,38,15,294,9,451,19,745,Not in California
Unknown,2021-03-17,25,1177,7,918,17,220,1,39,25,318,2,453,26,771,Not in California
Unknown,2021-03-18,22,1199,11,929,11,231,0,39,13,325,6,459,13,784,Not in California
Unknown,2021-03-19,13,1212,7,936,6,237,0,39,11,333,3,462,11,795,Not in California
Unknown,2021-03-20,13,1225,7,943,6,243,0,39,4,332,5,467,4,799,Not in California
Unknown,2021-03-21,7,1232,2,945,5,248,0,39,6,337,1,468,6,805,Not in California
Unknown,2021-03-22,21,1253,6,951,14,262,1,40,9,339,8,476,10,815,Not in California
Unknown,2021-03-23,14,1267,1,952,8,270,5,45,5,340,9,485,10,825,Not in California
Unknown,2021-03-24,12,1279,1,953,11,281,0,45,10,347,3,488,10,835,Not in California
Unknown,2021-03-25,16,1295,6,959,10,291,0,45,13,357,3,491,13,848,Not in California
Unknown,2021-03-26,19,1314,6,965,8,299,5,50,10,364,8,499,15,863,Not in California
Unknown,2021-03-27,22,1336,10,975,9,308,3,53,13,368,12,511,16,879,Not in California
Unknown,2021-03-28,9,1345,3,978,6,314,0,53,7,373,2,513,7,886,Not in California
Unknown,2021-03-29,19,1364,7,985,12,326,0,53,15,384,4,517,15,901,Not in California
Unknown,2021-03-30,15,1379,6,991,9,335,0,53,10,389,5,522,10,911,Not in California
Unknown,2021-03-31,21,1400,11,1002,10,345,0,53,16,399,6,528,16,927,Not in California
Unknown,2021-04-01,14,1414,10,1012,4,349,0,53,11,408,2,530,11,938,Not in California
Unknown,2021-04-02,28,1442,10,1022,9,358,9,62,10,409,18,548,19,957,Not in California
Unknown,2021-04-03,12,1454,3,1025,9,367,0,62,9,412,6,554,9,966,Not in California
Unknown,2021-04-04,9,1463,1,1026,8,375,0,62,7,417,2,556,7,973,Not in California
Unknown,2021-04-05,15,1478,3,1029,11,386,1,63,8,420,6,562,9,982,Not in California
Unknown,2021-04-06,12,1490,6,1035,5,391,1,64,8,424,5,567,9,991,Not in California
Unknown,2021-04-07,24,1514,16,1051,7,398,1,65,16,434,6,573,16,1007,Not in California
Unknown,2021-04-08,24,1538,12,1063,7,405,5,70,13,441,11,584,18,1025,Not in California
Unknown,2021-04-09,17,1555,11,1074,6,411,0,70,14,451,4,588,14,1039,Not in California
Unknown,2021-04-10,5,1560,3,1077,1,412,1,71,2,450,4,592,3,1042,Not in California
Unknown,2021-04-11,7,1567,5,1082,2,414,0,71,3,450,3,595,3,1045,Not in California
Unknown,2021-04-12,17,1584,6,1088,10,424,1,72,7,448,10,605,8,1053,Not in California
Unknown,2021-04-13,22,1606,8,1096,14,438,0,72,9,444,13,618,9,1062,Not in California
Unknown,2021-04-14,19,1625,2,1098,17,455,0,72,3,431,16,634,3,1065,Not in California
Unknown,2021-04-15,19,1644,9,1107,9,464,1,73,9,430,10,644,9,1074,Not in California
Unknown,2021-04-16,15,1659,9,1116,6,470,0,73,8,431,7,651,8,1082,Not in California
Unknown,2021-04-17,14,1673,10,1126,4,474,0,73,5,429,8,659,6,1088,Not in California
Unknown,2021-04-18,11,1684,4,1130,7,481,0,73,5,427,7,666,5,1093,Not in California
Unknown,2021-04-19,13,1697,3,1133,10,491,0,73,3,421,9,675,3,1096,Not in California
Unknown,2021-04-20,12,1709,4,1137,8,499,0,73,1,411,11,686,1,1097,Not in California
Unknown,2021-04-21,26,1735,10,1147,16,515,0,73,9,403,17,703,9,1106,Not in California
Unknown,2021-04-22,12,1747,5,1152,7,522,0,73,2,396,9,712,2,1108,Not in California
Unknown,2021-04-23,19,1766,7,1159,12,534,0,73,10,398,8,720,10,1118,Not in California
Unknown,2021-04-24,24,1790,16,1175,8,542,0,73,15,403,10,730,15,1133,Not in California
Unknown,2021-04-25,12,1802,4,1179,8,550,0,73,6,403,6,736,6,1139,Not in California
Unknown,2021-04-26,18,1820,8,1187,10,560,0,73,7,400,10,746,7,1146,Not in California
Unknown,2021-04-27,23,1843,11,1198,11,571,1,74,8,394,15,761,9,1155,Not in California
Unknown,2021-04-28,20,1863,15,1213,4,575,1,75,5,385,15,776,6,1161,Not in California
Unknown,2021-04-29,23,1886,15,1228,8,583,0,75,12,384,13,789,12,1173,Not in California
Unknown,2021-04-30,18,1904,8,1236,6,589,4,79,10,389,9,798,14,1187,Not in California
Unknown,2021-05-01,20,1924,16,1252,4,593,0,79,9,388,10,808,9,1196,Not in California
Unknown,2021-05-02,11,1935,5,1257,6,599,0,79,3,384,7,815,3,1199,Not in California
Unknown,2021-05-03,16,1951,9,1266,4,603,3,82,6,382,10,825,8,1207,Not in California
Unknown,2021-05-04,14,1965,5,1271,5,608,4,86,2,376,12,837,6,1213,Not in California
Unknown,2021-05-05,13,1978,3,1274,9,617,1,87,8,378,7,844,9,1222,Not in California
Unknown,2021-05-06,24,2002,12,1286,5,622,7,94,6,372,19,863,13,1235,Not in California
Unknown,2021-05-07,22,2024,12,1298,7,629,3,97,10,371,14,877,13,1248,Not in California
Unknown,2021-05-08,11,2035,7,1305,2,631,2,99,7,375,5,882,9,1257,Not in California
Unknown,2021-05-09,15,2050,4,1309,7,638,4,103,7,378,8,890,11,1268,Not in California
Unknown,2021-05-10,8,2058,1,1310,4,642,3,106,2,378,5,895,5,1273,Not in California
Unknown,2021-05-11,9,2067,4,1314,2,644,3,109,6,383,4,899,9,1282,Not in California
Unknown,2021-05-12,9,2076,5,1319,3,647,1,110,5,385,4,903,6,1288,Not in California
Unknown,2021-05-13,12,2088,6,1325,1,648,5,115,7,391,7,910,13,1301,Not in California
Unknown,2021-05-14,13,2101,10,1335,2,650,1,116,12,401,2,912,12,1313,Not in California
Unknown,2021-05-15,9,2110,7,1342,2,652,0,116,7,405,3,915,7,1320,Not in California
Unknown,2021-05-16,17,2127,12,1354,4,656,1,117,13,414,5,920,14,1334,Not in California
Unknown,2021-05-17,15,2142,10,1364,3,659,2,119,6,414,8,928,8,1342,Not in California
Unknown,2021-05-18,22,2164,13,1377,7,666,2,121,15,423,8,936,17,1359,Not in California
Unknown,2021-05-19,26,2190,19,1396,6,672,1,122,13,424,13,949,14,1373,Not in California
Unknown,2021-05-20,16,2206,12,1408,3,675,1,123,11,430,6,955,12,1385,Not in California
Unknown,2021-05-21,19,2225,9,1417,6,681,4,127,12,435,11,966,16,1401,Not in California
Unknown,2021-05-22,19,2244,15,1432,3,684,1,128,9,436,9,975,10,1411,Not in California
Unknown,2021-05-23,9,2253,6,1438,3,687,0,128,6,439,3,978,6,1417,Not in California
Unknown,2021-05-24,9,2262,5,1443,3,690,1,129,4,439,5,983,5,1422,Not in California
Unknown,2021-05-25,16,2278,6,1449,4,694,6,135,8,445,8,991,14,1436,Not in California
Unknown,2021-05-26,8,2286,5,1454,2,696,1,136,6,448,4,995,7,1443,Not in California
Unknown,2021-05-27,16,2302,10,1464,4,700,2,138,8,449,9,1004,10,1453,Not in California
Unknown,2021-05-28,21,2323,11,1475,5,705,5,143,16,461,9,1013,21,1474,Not in California
Unknown,2021-05-29,9,2332,9,1484,0,705,0,143,6,464,3,1016,6,1480,Not in California
Unknown,2021-05-30,5,2337,4,1488,0,705,1,144,3,466,2,1018,4,1484,Not in California
Unknown,2021-05-31,1,2338,1,1489,0,705,0,144,0,465,1,1019,0,1484,Not in California
Unknown,2021-06-01,21,2359,9,1498,6,711,6,150,11,472,10,1029,17,1501,Not in California
Unknown,2021-06-02,7,2366,3,1501,4,715,0,150,3,471,4,1033,3,1504,Not in California
Unknown,2021-06-03,16,2382,16,1517,0,715,0,150,9,473,7,1040,9,1513,Not in California
Unknown,2021-06-04,23,2405,14,1531,9,724,0,150,12,474,11,1051,12,1525,Not in California
Unknown,2021-06-05,11,2416,7,1538,3,727,1,151,7,478,4,1055,8,1533,Not in California
Unknown,2021-06-06,23,2439,15,1553,5,732,3,154,8,474,15,1070,11,1544,Not in California
Unknown,2021-06-07,15,2454,7,1560,7,739,1,155,8,476,7,1077,9,1553,Not in California
Unknown,2021-06-08,15,2469,8,1568,4,743,3,158,4,473,10,1087,7,1560,Not in California
Unknown,2021-06-09,18,2487,11,1579,7,750,0,158,8,471,10,1097,8,1568,Not in California
Unknown,2021-06-10,12,2499,9,1588,3,753,0,158,5,469,7,1104,5,1573,Not in California
Unknown,2021-06-11,5,2504,3,1591,1,754,1,159,3,471,2,1106,4,1577,Not in California
Unknown,2021-06-12,12,2516,8,1599,4,758,0,159,8,475,4,1110,8,1585,Not in California
Unknown,2021-06-13,8,2524,4,1603,4,762,0,159,2,471,6,1116,2,1587,Not in California
Unknown,2021-06-14,145,2669,138,1741,4,766,3,162,136,601,9,1125,139,1726,Not in California
Unknown,2021-06-15,16,2685,9,1750,7,773,0,162,6,597,10,1135,6,1732,Not in California
Unknown,2021-06-16,93,2778,87,1837,4,777,2,164,87,681,5,1140,89,1821,Not in California
Unknown,2021-06-17,242,3020,201,2038,35,812,6,170,223,892,18,1158,229,2050,Not in California
Unknown,2021-06-18,296,3316,225,2263,61,873,10,180,265,1136,31,1189,275,2325,Not in California
Alameda,2020-12-15,37,37,37,37,0,0,0,0,37,37,0,0,37,37,California
Alameda,2020-12-16,209,246,209,246,0,0,0,0,209,246,0,0,209,246,California
Alameda,2020-12-17,507,753,507,753,0,0,0,0,507,753,0,0,507,753,California
Alameda,2020-12-18,1890,2643,1889,2642,1,1,0,0,1890,2643,0,0,1890,2643,California
Alameda,2020-12-19,1416,4059,1416,4058,0,1,0,0,1416,4059,0,0,1416,4059,California
Alameda,2020-12-20,1168,5227,1167,5225,1,2,0,0,1167,5225,1,1,1167,5226,California
Alameda,2020-12-21,1827,7054,1825,7050,2,4,0,0,1826,7051,0,1,1826,7052,California
Alameda,2020-12-22,2075,9129,2022,9072,53,57,0,0,2074,9124,1,2,2074,9126,California
Alameda,2020-12-23,1900,11029,1647,10719,253,310,0,0,1899,11023,0,2,1899,11025,California
Alameda,2020-12-24,1204,12233,748,11467,456,766,0,0,1204,12227,0,2,1204,12229,California
Alameda,2020-12-25,159,12392,124,11591,35,801,0,0,159,12386,0,2,159,12388,California
Alameda,2020-12-26,847,13239,319,11910,528,1329,0,0,847,13233,0,2,847,13235,California
Alameda,2020-12-27,491,13730,253,12163,238,1567,0,0,491,13724,0,2,491,13726,California
Alameda,2020-12-28,1860,15590,958,13121,902,2469,0,0,1860,15584,0,2,1860,15586,California
Alameda,2020-12-29,2464,18054,1075,14196,1389,3858,0,0,2463,18047,0,2,2463,18049,California
Alameda,2020-12-30,3054,21108,1320,15516,1734,5592,0,0,3054,21101,0,2,3054,21103,California
Alameda,2020-12-31,1786,22894,446,15962,1340,6932,0,0,1784,22884,1,3,1784,22887,California
Alameda,2021-01-01,175,23069,72,16034,103,7035,0,0,173,23055,2,5,173,23060,California
Alameda,2021-01-02,724,23793,523,16557,201,7236,0,0,723,23778,0,5,723,23783,California
Alameda,2021-01-03,328,24121,214,16771,114,7350,0,0,325,24100,3,8,325,24108,California
Alameda,2021-01-04,1602,25723,908,17679,694,8044,0,0,1590,25679,11,19,1590,25698,California
Alameda,2021-01-05,2199,27922,1270,18949,929,8973,0,0,1945,27373,251,270,1945,27643,California
Alameda,2021-01-06,3244,31166,1798,20747,1446,10419,0,0,2371,28876,870,1140,2373,30016,California
Alameda,2021-01-07,3782,34948,2119,22866,1663,12082,0,0,2614,30336,1159,2299,2619,32635,California
Alameda,2021-01-08,4741,39689,2704,25570,2037,14119,0,0,3019,31644,1716,4015,3024,35659,California
Alameda,2021-01-09,2011,41700,1368,26938,643,14762,0,0,1157,31947,854,4869,1157,36816,California
Alameda,2021-01-10,1052,42752,832,27770,220,14982,0,0,424,31743,628,5497,424,37240,California
Alameda,2021-01-11,4640,47392,3511,31281,1129,16111,0,0,2847,32806,1791,7288,2854,40094,California
Alameda,2021-01-12,4838,52230,3258,34539,1580,17691,0,0,3456,34885,1380,8668,3459,43553,California
Alameda,2021-01-13,5003,57233,2644,37183,2359,20050,0,0,3815,37518,1184,9852,3817,47370,California
Alameda,2021-01-14,5630,62863,2790,39973,2840,22890,0,0,4736,41372,885,10737,4739,52109,California
Alameda,2021-01-15,5803,68666,2317,42290,3486,26376,0,0,5026,45636,770,11507,5034,57143,California
Alameda,2021-01-16,2975,71641,1398,43688,1577,27953,0,0,2709,48082,266,11773,2712,59855,California
Alameda,2021-01-17,1864,73505,1084,44772,780,28733,0,0,1659,49537,205,11978,1660,61515,California
Alameda,2021-01-18,3145,76650,2026,46798,1119,29852,0,0,2551,51502,588,12566,2553,64068,California
Alameda,2021-01-19,5482,82132,3299,50097,2183,32035,0,0,4290,54604,1190,13756,4292,68360,California
Alameda,2021-01-20,6743,88875,4080,54177,2663,34698,0,0,5454,58786,1276,15032,5458,73818,California
Alameda,2021-01-21,7793,96668,3430,57607,4363,39061,0,0,6949,64903,837,15869,6954,80772,California
Alameda,2021-01-22,6804,103472,2015,59622,4789,43850,0,0,5668,69445,1127,16996,5669,86441,California
Alameda,2021-01-23,3253,106725,946,60568,2307,46157,0,0,2707,71608,545,17541,2708,89149,California
Alameda,2021-01-24,2012,108737,656,61224,1356,47513,0,0,1742,73083,267,17808,1742,90891,California
Alameda,2021-01-25,5143,113880,1972,63196,3171,50684,0,0,3585,75119,1550,19358,3586,94477,California
Alameda,2021-01-26,7296,121176,2306,65502,4990,55674,0,0,5414,78660,1874,21232,5415,99892,California
Alameda,2021-01-27,6675,127851,2055,67557,4620,60294,0,0,4833,81663,1830,23062,4833,104725,California
Alameda,2021-01-28,7837,135688,2552,70109,5285,65579,0,0,5614,85071,2207,25269,5615,110340,California
Alameda,2021-01-29,7972,143660,3188,73297,4784,70363,0,0,6139,89389,1823,27092,6141,116481,California
Alameda,2021-01-30,3421,147081,1686,74983,1735,72098,0,0,2709,91392,706,27798,2709,119190,California
Alameda,2021-01-31,1913,148994,941,75924,972,73070,0,0,1675,92832,235,28033,1675,120865,California
Alameda,2021-02-01,6457,155451,3876,79800,2581,75651,0,0,4325,95036,2123,30156,4327,125192,California
Alameda,2021-02-02,6997,162448,3772,83572,3225,78876,0,0,4665,97377,2325,32481,4666,129858,California
Alameda,2021-02-03,6994,169442,3697,87269,3297,82173,0,0,4318,99032,2670,35151,4325,134183,California
Alameda,2021-02-04,9395,178837,4103,91372,5292,87465,0,0,6294,102243,3088,38239,6299,140482,California
Alameda,2021-02-05,10204,189041,5323,96695,4881,92346,0,0,6338,104728,3860,42099,6345,146827,California
Alameda,2021-02-06,6917,195958,4399,101094,2518,94864,0,0,5788,109387,1129,43228,5788,152615,California
Alameda,2021-02-07,3574,199532,2888,103982,686,95550,0,0,2631,111079,940,44168,2632,155247,California
Alameda,2021-02-08,8058,207590,5775,109757,2283,97833,0,0,5508,114049,2540,46708,5510,160757,California
Alameda,2021-02-09,9598,217188,5770,115527,3828,101661,0,0,5977,116417,3611,50319,5979,166736,California
Alameda,2021-02-10,11405,228593,6740,122267,4665,106326,0,0,6516,118065,4876,55195,6524,173260,California
Alameda,2021-02-11,13897,242490,8011,130278,5886,112212,0,0,8339,120869,5538,60733,8342,181602,California
Alameda,2021-02-12,12442,254932,5668,135946,6774,118986,0,0,7717,123880,4709,65442,7720,189322,California
Alameda,2021-02-13,7745,262677,4049,139995,3696,122682,0,0,5798,127737,1943,67385,5800,195122,California
Alameda,2021-02-14,4019,266696,2537,142532,1482,124164,0,0,2845,129415,1170,68555,2848,197970,California
Alameda,2021-02-15,5629,272325,3179,145711,2450,126614,0,0,3666,131122,1961,70516,3668,201638,California
Alameda,2021-02-16,12463,284788,6954,152665,5509,132123,0,0,9270,137219,3182,73698,9279,210917,California
Alameda,2021-02-17,14058,298846,8362,161027,5696,137819,0,0,10437,144054,3604,77302,10439,221356,California
Alameda,2021-02-18,15815,314661,10063,171090,5752,143571,0,0,11502,151260,4302,81604,11508,232864,California
Alameda,2021-02-19,17803,332464,11559,182649,6244,149815,0,0,11766,157016,6015,87619,11771,244635,California
Alameda,2021-02-20,11966,344430,9683,192332,2283,152098,0,0,9207,163475,2754,90373,9213,253848,California
Alameda,2021-02-21,7783,352213,6837,199169,946,153044,0,0,5285,166275,2486,92859,5286,259134,California
Alameda,2021-02-22,10902,363115,8042,207211,2860,155904,0,0,6860,169116,4028,96887,6869,266003,California
Alameda,2021-02-23,12923,376038,7882,215093,5041,160945,0,0,8054,172317,4859,101746,8060,274063,California
Alameda,2021-02-24,14760,390798,8280,223373,6480,167425,0,0,9556,176738,5141,106887,9562,283625,California
Alameda,2021-02-25,15917,406715,9229,232602,6688,174113,0,0,10068,180999,5817,112704,10078,293703,California
Alameda,2021-02-26,18546,425261,10800,243402,7746,181859,0,0,11783,186072,6716,119420,11789,305492,California
Alameda,2021-02-27,15096,440357,11147,254549,3947,185806,2,2,9342,189688,5731,125151,9347,314839,California
Alameda,2021-02-28,10063,450420,8393,262942,1669,187475,1,3,6504,192663,3531,128682,6506,321345,California
Alameda,2021-03-01,14009,464429,9680,272622,4318,191793,11,14,8556,195835,5404,134086,8576,329921,California
Alameda,2021-03-02,14939,479368,10760,283382,4178,195971,1,15,9785,200496,5133,139219,9794,339715,California
Alameda,2021-03-03,15723,495091,10307,293689,5413,201384,3,18,10772,206351,4925,144144,10780,350495,California
Alameda,2021-03-04,17344,512435,11163,304852,6179,207563,2,20,10954,210953,6354,150498,10956,361451,California
Alameda,2021-03-05,16151,528586,10614,315466,5527,213090,10,30,10923,216710,5184,155682,10941,372392,California
Alameda,2021-03-06,14496,543082,10252,325718,3978,217068,266,296,9612,221751,4837,160519,9878,382270,California
Alameda,2021-03-07,9746,552828,8515,334233,1147,218215,84,380,6963,226044,2756,163275,7049,389319,California
Alameda,2021-03-08,11896,564724,7442,341675,4077,222292,377,757,8896,232365,2950,166225,9271,398590,California
Alameda,2021-03-09,14622,579346,10301,351976,3892,226184,429,1186,7977,234159,6613,172838,8407,406997,California
Alameda,2021-03-10,17377,596723,12069,364045,4760,230944,548,1734,7833,233021,9515,182353,8377,415374,California
Alameda,2021-03-11,19684,616407,11558,375603,6422,237366,1704,3438,6666,228394,12988,195341,8361,423735,California
Alameda,2021-03-12,21283,637690,12499,388102,7087,244453,1697,5135,7315,223456,13938,209279,9000,432735,California
Alameda,2021-03-13,15994,653684,10287,398389,4706,249159,1001,6136,5035,218561,10924,220203,6029,438764,California
Alameda,2021-03-14,10848,664532,8009,406398,2060,251219,779,6915,3280,215065,7546,227749,4050,442814,California
Alameda,2021-03-15,14389,678921,9423,415821,4442,255661,524,7439,6192,213612,8166,235915,6713,449527,California
Alameda,2021-03-16,17129,696050,11148,426969,5448,261109,533,7972,7302,211672,9776,245691,7836,457363,California
Alameda,2021-03-17,17496,713546,9914,436883,6856,267965,726,8698,8102,211153,9345,255036,8826,466189,California
Alameda,2021-03-18,19107,732653,10419,447302,7799,275764,889,9587,8603,210177,10472,265508,9496,475685,California
Alameda,2021-03-19,19326,751979,10600,457902,6941,282705,1785,11372,7534,207743,11742,277250,9308,484993,California
Alameda,2021-03-20,15745,767724,10321,468223,4569,287274,855,12227,6298,205476,9414,286664,7147,492140,California
Alameda,2021-03-21,9180,776904,7214,475437,1410,288684,556,12783,3365,203593,5804,292468,3921,496061,California
Alameda,2021-03-22,14993,791897,10104,485541,3880,292564,1009,13792,6771,203173,8192,300660,7772,503833,California
Alameda,2021-03-23,19222,811119,11660,497201,6747,299311,815,14607,9718,204258,9452,310112,10537,514370,California
Alameda,2021-03-24,19232,830351,11651,508852,6557,305868,1024,15631,8376,202857,10791,320903,9390,523760,California
Alameda,2021-03-25,20491,850842,11367,520219,7714,313582,1410,17041,9333,202502,11087,331990,10732,534492,California
Alameda,2021-03-26,20900,871742,12603,532822,6729,320311,1568,18609,8385,199975,12466,344456,9939,544431,California
Alameda,2021-03-27,18310,890052,12492,545314,4865,325176,953,19562,7490,197634,10771,355227,8430,552861,California
Alameda,2021-03-28,10652,900704,8694,554008,1755,326931,203,19765,3439,194083,7196,362423,3645,556506,California
Alameda,2021-03-29,14667,915371,9398,563406,4274,331205,995,20760,5807,192062,8821,371244,6800,563306,California
Alameda,2021-03-30,18536,933907,9796,573202,7018,338223,1722,22482,9234,193742,9265,380509,10945,574251,California
Alameda,2021-03-31,19298,953205,10149,583351,7041,345264,2108,24590,8947,194464,10320,390829,11042,585293,California
Alameda,2021-04-01,23268,976473,9946,593297,7633,352897,5689,30279,10978,198866,12235,403064,16637,601930,California
Alameda,2021-04-02,24015,1000488,9833,603130,8299,361196,5883,36162,11585,203907,12393,415457,17434,619364,California
Alameda,2021-04-03,20287,1020775,9772,612902,5655,366851,4860,41022,10240,208976,10021,425478,15090,634454,California
Alameda,2021-04-04,9930,1030705,3979,616881,2251,369102,3700,44722,3446,209652,6465,431943,7141,641595,California
Alameda,2021-04-05,17789,1048494,7486,624367,5484,374586,4819,49541,7244,211192,10520,442463,12060,653655,California
Alameda,2021-04-06,22144,1070638,10619,634986,5649,380235,5876,55417,10034,215004,12073,454536,15885,669540,California
Alameda,2021-04-07,22522,1093160,11538,646524,5504,385739,5480,60897,11392,220774,11086,465622,16856,686396,California
Alameda,2021-04-08,25512,1118672,11479,658003,6013,391752,8020,68917,10893,225125,14537,480159,18888,705284,California
Alameda,2021-04-09,23349,1142021,10636,668639,7469,399221,5244,74161,12043,231139,11269,491428,17283,722567,California
Alameda,2021-04-10,19300,1161321,7492,676131,5641,404862,6167,80328,8262,234536,11012,502440,14409,736976,California
Alameda,2021-04-11,11022,1172343,4834,680965,2229,407091,3959,84287,4517,236511,6486,508926,8461,745437,California
Alameda,2021-04-12,18126,1190469,11806,692771,4347,411438,1973,86260,10300,240989,7789,516715,12267,757704,California
Alameda,2021-04-13,23137,1213606,14724,707495,8353,419791,60,86320,17125,252228,5958,522673,17197,774901,California
Alameda,2021-04-14,23265,1236871,15307,722802,7956,427747,2,86322,15708,260431,7515,530188,15718,790619,California
Alameda,2021-04-15,24210,1261081,15467,738269,8739,436486,4,86326,16162,268624,7983,538171,16176,806795,California
Alameda,2021-04-16,24552,1285633,14475,752744,10071,446557,6,86332,15883,275939,8609,546780,15924,822719,California
Alameda,2021-04-17,21008,1306641,14533,767277,6473,453030,2,86334,14571,284131,6397,553177,14589,837308,California
Alameda,2021-04-18,10060,1316701,7732,775009,2328,455358,0,86334,6999,288109,3032,556209,7010,844318,California
Alameda,2021-04-19,15684,1332385,9758,784767,5925,461283,1,86335,9146,290775,6497,562706,9163,853481,California
Alameda,2021-04-20,18167,1350552,11116,795883,7049,468332,2,86337,10031,292758,8087,570793,10070,863551,California
Alameda,2021-04-21,19107,1369659,11168,807051,7928,476260,11,86348,11210,296159,7841,578634,11242,874793,California
Alameda,2021-04-22,21364,1391023,13746,820797,7613,483873,5,86353,11415,297706,9896,588530,11443,886236,California
Alameda,2021-04-23,21758,1412781,14050,834847,7704,491577,4,86357,12261,300560,9439,597969,12293,898529,California
Alameda,2021-04-24,18925,1431706,14380,849227,4537,496114,8,86365,10055,301806,8828,606797,10074,908603,California
Alameda,2021-04-25,8979,1440685,6993,856220,1985,498099,1,86366,5892,304648,3061,609858,5903,914506,California
Alameda,2021-04-26,14394,1455079,9969,866189,4399,502498,26,86392,8978,308279,5383,615241,9014,923520,California
Alameda,2021-04-27,16247,1471326,9616,875805,6263,508761,368,86760,7712,307899,8482,623723,8102,931622,California
Alameda,2021-04-28,16401,1487727,10361,886166,5574,514335,466,87226,6671,305351,9697,633420,7149,938771,California
Alameda,2021-04-29,17140,1504867,10256,896422,6552,520887,332,87558,6397,301411,10690,644110,6750,945521,California
Alameda,2021-04-30,19985,1524852,12510,908932,7134,528021,341,87899,8281,298451,11621,655731,8661,954182,California
Alameda,2021-05-01,13961,1538813,9345,918277,4409,532430,207,88106,5236,295234,8688,664419,5471,959653,California
Alameda,2021-05-02,7062,1545875,4930,923207,1962,534392,170,88276,2880,294124,4163,668582,3053,962706,California
Alameda,2021-05-03,14556,1560431,10958,934165,3279,537671,319,88595,2844,285664,11653,680235,3193,965899,California
Alameda,2021-05-04,18378,1578809,13195,947360,4819,542490,364,88959,3681,275112,14631,694866,4079,969978,California
Alameda,2021-05-05,18338,1597147,13337,960697,4492,546982,509,89468,3717,264794,14559,709425,4241,974219,California
Alameda,2021-05-06,18685,1615832,14118,974815,3872,550854,695,90163,3679,254252,14931,724356,4389,978608,California
Alameda,2021-05-07,19176,1635008,12884,987699,5879,556733,413,90576,4392,244361,14712,739068,4821,983429,California
Alameda,2021-05-08,16472,1651480,11268,998967,4993,561726,211,90787,3104,234365,13327,752395,3331,986760,California
Alameda,2021-05-09,8526,1660006,6983,1005950,1400,563126,143,90930,1439,228886,7065,759460,1586,988346,California
Alameda,2021-05-10,10121,1670127,6932,1012882,2866,565992,323,91253,2520,224171,7568,767028,2853,991199,California
Alameda,2021-05-11,15227,1685354,8196,1021078,6717,572709,314,91567,2808,214959,12370,779398,3158,994357,California
Alameda,2021-05-12,13326,1698680,8867,1029945,4017,576726,442,92009,2980,208115,10299,789697,3455,997812,California
Alameda,2021-05-13,17666,1716346,12676,1042621,4446,581172,544,92553,5660,202398,11958,801655,6241,1004053,California
Alameda,2021-05-14,20481,1736827,13877,1056498,6139,587311,465,93018,7042,196556,13362,815017,7520,1011573,California
Alameda,2021-05-15,17042,1753869,12387,1068885,4426,591737,229,93247,5749,191292,11246,826263,5982,1017555,California
Alameda,2021-05-16,8408,1762277,7189,1076074,1127,592864,92,93339,2800,188613,5576,831839,2897,1020452,California
Alameda,2021-05-17,13412,1775689,9996,1086070,2889,595753,527,93866,4203,184188,9170,841009,4745,1025197,California
Alameda,2021-05-18,14171,1789860,10314,1096384,3436,599189,421,94287,5025,180533,9103,850112,5448,1030645,California
Alameda,2021-05-19,14436,1804296,9904,1106288,4199,603388,333,94620,6008,178498,8377,858489,6342,1036987,California
Alameda,2021-05-20,13225,1817521,8713,1115001,3977,607365,535,95155,5815,177489,7360,865849,6351,1043338,California
Alameda,2021-05-21,15248,1832769,10019,1125020,4959,612324,270,95425,5187,172958,9994,875843,5463,1048801,California
Alameda,2021-05-22,10245,1843014,7405,1132425,2674,614998,166,95591,4136,171185,6078,881921,4305,1053106,California
Alameda,2021-05-23,4924,1847938,3746,1136171,1089,616087,89,95680,1608,169591,3296,885217,1702,1054808,California
Alameda,2021-05-24,6951,1854889,3942,1140113,2756,618843,253,95933,2644,168227,4266,889483,2902,1057710,California
Alameda,2021-05-25,7982,1862871,5163,1145276,2564,621407,255,96188,3590,167709,4359,893842,3841,1061551,California
Alameda,2021-05-26,8242,1871113,5156,1150432,2788,624195,298,96486,3631,167046,4587,898429,3924,1065475,California
Alameda,2021-05-27,8115,1879228,4873,1155305,2874,627069,368,96854,3426,166189,4646,903075,3789,1069264,California
Alameda,2021-05-28,8587,1887815,5023,1160328,3339,630408,225,97079,3653,165160,4909,907984,3880,1073144,California
Alameda,2021-05-29,4902,1892717,2948,1163276,1767,632175,187,97266,2537,165541,2345,910329,2726,1075870,California
Alameda,2021-05-30,2431,1895148,1590,1164866,752,632927,89,97355,973,165153,1450,911779,1062,1076932,California
Alameda,2021-05-31,1154,1896302,854,1165720,245,633172,55,97410,345,164759,794,912573,400,1077332,California
Alameda,2021-06-01,7100,1903402,4977,1170697,1880,635052,243,97653,3092,164113,3981,916554,3335,1080667,California
Alameda,2021-06-02,5796,1909198,3607,1174304,1966,637018,223,97876,2250,163064,3515,920069,2466,1083133,California
Alameda,2021-06-03,8446,1917644,6376,1180680,1789,638807,281,98157,2938,160808,5471,925540,3215,1086348,California
Alameda,2021-06-04,10409,1928053,7661,1188341,2506,641313,242,98399,2962,156607,7406,932946,3205,1089553,California
Alameda,2021-06-05,8028,1936081,5822,1194163,2043,643356,163,98562,1907,152588,6087,939033,2068,1091621,California
Alameda,2021-06-06,3626,1939707,3270,1197433,275,643631,81,98643,1083,151217,2535,941568,1164,1092785,California
Alameda,2021-06-07,5790,1945497,4228,1201661,1387,645018,175,98818,1784,149193,3984,945552,1960,1094745,California
Alameda,2021-06-08,7239,1952736,5780,1207441,1215,646233,244,99062,2130,146482,5084,950636,2373,1097118,California
Alameda,2021-06-09,7267,1960003,5941,1213382,1131,647364,195,99257,1700,142829,5544,956180,1891,1099009,California
Alameda,2021-06-10,7975,1967978,6674,1220056,998,648362,303,99560,2152,139482,5799,961979,2452,1101461,California
Alameda,2021-06-11,8030,1976008,6148,1226204,1659,650021,223,99783,2474,136654,5529,967508,2701,1104162,California
Alameda,2021-06-12,5466,1981474,4184,1230388,1095,651116,187,99970,1355,134114,4086,971594,1546,1105708,California
Alameda,2021-06-13,2229,1983703,1684,1232072,423,651539,122,100092,630,133276,1588,973182,750,1106458,California
Alameda,2021-06-14,4530,1988233,3405,1235477,916,652455,209,100301,1672,132317,2839,976021,1880,1108338,California
Alameda,2021-06-15,6003,1994236,4358,1239835,1364,653819,281,100582,1801,130233,4166,980187,2082,1110420,California
Alameda,2021-06-16,5139,1999375,4105,1243940,831,654650,203,100785,1527,128365,3595,983782,1727,1112147,California
Alameda,2021-06-17,5522,2004897,4468,1248408,833,655483,221,101006,1806,126704,3688,987470,2027,1114174,California
Alameda,2021-06-18,5876,2010773,4429,1252837,1197,656680,250,101256,1957,125016,3893,991363,2205,1116379,California
Alameda,2021-06-19,2114,2012887,1544,1254381,443,657123,127,101383,611,124257,1496,992859,737,1117116,California
Alpine,2020-12-18,2,2,2,2,0,0,0,0,2,2,0,0,2,2,California
Alpine,2020-12-19,2,4,2,4,0,0,0,0,2,4,0,0,2,4,California
Alpine,2020-12-21,1,5,1,5,0,0,0,0,1,5,0,0,1,5,California
Alpine,2020-12-30,14,19,0,5,14,14,0,0,14,19,0,0,14,19,California
Alpine,2020-12-31,1,20,0,5,1,15,0,0,1,20,0,0,1,20,California
Alpine,2021-01-01,1,21,0,5,1,16,0,0,1,21,0,0,1,21,California
Alpine,2021-01-02,1,22,1,6,0,16,0,0,1,22,0,0,1,22,California
Alpine,2021-01-04,10,32,0,6,10,26,0,0,10,32,0,0,10,32,California
Alpine,2021-01-05,8,40,0,6,8,34,0,0,8,40,0,0,8,40,California
Alpine,2021-01-06,31,71,0,6,31,65,0,0,31,71,0,0,31,71,California
Alpine,2021-01-07,8,79,0,6,8,73,0,0,8,79,0,0,8,79,California
Alpine,2021-01-08,4,83,2,8,2,75,0,0,2,79,2,2,2,81,California
Alpine,2021-01-09,2,85,2,10,0,75,0,0,0,77,2,4,0,81,California
Alpine,2021-01-11,32,117,1,11,31,106,0,0,31,107,1,5,31,112,California
Alpine,2021-01-13,35,152,0,11,35,141,0,0,35,142,0,5,35,147,California
Alpine,2021-01-14,1,153,0,11,1,142,0,0,1,143,0,5,1,148,California
Alpine,2021-01-15,1,154,0,11,1,143,0,0,1,144,0,5,1,149,California
Alpine,2021-01-20,21,175,0,11,21,164,0,0,21,165,0,5,21,170,California
Alpine,2021-01-21,1,176,0,11,1,165,0,0,1,166,0,5,1,171,California
Alpine,2021-01-22,33,209,0,11,33,198,0,0,33,199,0,5,33,204,California
Alpine,2021-01-23,1,210,1,12,0,198,0,0,0,198,1,6,0,204,California
Alpine,2021-01-25,16,226,0,12,16,214,0,0,16,214,0,6,16,220,California
Alpine,2021-01-28,1,227,0,12,1,215,0,0,0,213,1,7,0,220,California
Alpine,2021-01-29,1,228,0,12,1,216,0,0,1,214,0,7,1,221,California
Alpine,2021-02-01,25,253,0,12,25,241,0,0,7,203,18,25,7,228,California
Alpine,2021-02-03,34,287,0,12,34,275,0,0,10,189,24,49,10,238,California
Alpine,2021-02-04,8,295,0,12,8,283,0,0,3,187,5,54,3,241,California
Alpine,2021-02-05,31,326,0,12,31,314,0,0,12,180,19,73,12,253,California
Alpine,2021-02-08,32,358,0,12,32,346,0,0,4,156,28,101,4,257,California
Alpine,2021-02-10,34,392,0,12,34,380,0,0,0,122,34,135,0,257,California
Alpine,2021-02-11,6,398,0,12,6,386,0,0,3,122,3,138,3,260,California
Alpine,2021-02-12,1,399,0,12,1,387,0,0,0,121,1,139,0,260,California
Alpine,2021-02-17,23,422,0,12,23,410,0,0,3,104,20,159,3,263,California
Alpine,2021-02-18,2,424,0,12,2,412,0,0,1,104,1,160,1,264,California
Alpine,2021-02-19,34,458,1,13,33,445,0,0,2,74,32,192,2,266,California
Alpine,2021-02-22,27,485,0,13,27,472,0,0,8,63,19,211,8,274,California
Alpine,2021-02-25,5,490,0,13,5,477,0,0,5,68,0,211,5,279,California
Alpine,2021-02-26,30,520,1,14,29,506,0,0,29,96,1,212,29,308,California
Alpine,2021-02-27,1,521,0,14,1,507,0,0,1,97,0,212,1,309,California
Alpine,2021-03-01,36,557,0,14,36,543,0,0,26,113,10,222,26,335,California
Alpine,2021-03-03,29,586,0,14,29,572,0,0,18,120,11,233,18,353,California
Alpine,2021-03-04,11,597,1,15,10,582,0,0,11,131,0,233,11,364,California
Alpine,2021-03-05,30,627,0,15,30,612,0,0,22,145,8,241,22,386,California
Alpine,2021-03-08,31,658,0,15,31,643,0,0,29,172,2,243,29,415,California
Alpine,2021-03-10,73,731,0,15,73,716,0,0,73,245,0,243,73,488,California
Alpine,2021-03-11,35,766,0,15,35,751,0,0,31,272,4,247,31,519,California
Alpine,2021-03-12,19,785,0,15,19,770,0,0,17,287,2,249,17,536,California
Alpine,2021-03-15,20,805,0,15,20,790,0,0,19,305,1,250,19,555,California
Alpine,2021-03-17,23,828,0,15,22,812,1,1,19,321,4,254,20,575,California
Alpine,2021-03-18,35,863,0,15,35,847,0,1,34,354,1,255,34,609,California
Alpine,2021-03-19,2,865,1,16,1,848,0,1,1,354,1,256,1,610,California
Alpine,2021-03-22,24,889,0,16,24,872,0,1,15,360,9,265,15,625,California
Alpine,2021-03-24,19,908,0,16,19,891,0,1,8,357,11,276,8,633,California
Alpine,2021-03-25,35,943,1,17,33,924,1,2,27,378,7,283,28,661,California
Alpine,2021-03-27,1,944,0,17,1,925,0,2,0,377,1,284,0,661,California
Alpine,2021-03-28,1,945,1,18,0,925,0,2,1,378,0,284,1,662,California
Alpine,2021-03-29,19,964,0,18,18,943,1,3,2,364,17,301,3,665,California
Alpine,2021-04-01,18,982,0,18,18,961,0,3,8,362,10,311,8,673,California
Alpine,2021-04-02,100,1082,0,18,100,1061,0,3,45,353,54,365,45,718,California
Alpine,2021-04-05,3,1085,0,18,3,1064,0,3,0,350,3,368,0,718,California
Alpine,2021-04-06,2,1087,1,19,1,1065,0,3,1,350,1,369,1,719,California
Alpine,2021-04-07,117,1204,0,19,116,1181,1,4,30,295,86,455,31,750,California
Alpine,2021-04-08,35,1239,0,19,35,1216,0,4,10,280,25,480,10,760,California
Alpine,2021-04-09,2,1241,0,19,2,1218,0,4,2,282,0,480,2,762,California
Alpine,2021-04-14,47,1288,0,19,47,1265,0,4,10,255,37,517,10,772,California
Alpine,2021-04-15,35,1323,0,19,35,1300,0,4,3,226,32,549,3,775,California
Alpine,2021-04-19,1,1324,0,19,1,1301,0,4,1,227,0,549,1,776,California
Alpine,2021-04-21,31,1355,0,19,31,1332,0,4,15,226,16,565,15,791,California
Alpine,2021-04-22,24,1379,0,19,24,1356,0,4,1,204,23,588,1,792,California
Alpine,2021-04-25,1,1380,1,20,0,1356,0,4,0,203,1,589,0,792,California
Alpine,2021-04-27,1,1381,0,20,1,1357,0,4,1,204,0,589,1,793,California
Alpine,2021-04-28,36,1417,0,20,36,1393,0,4,6,180,30,619,6,799,California
Alpine,2021-04-29,6,1423,0,20,6,1399,0,4,0,174,6,625,0,799,California
Alpine,2021-04-30,2,1425,1,21,0,1399,1,5,1,175,1,626,2,801,California
Alpine,2021-05-02,1,1426,0,21,0,1399,1,6,0,175,1,627,1,802,California
Alpine,2021-05-05,17,1443,0,21,17,1416,0,6,4,166,13,640,4,806,California
Alpine,2021-05-06,8,1451,0,21,8,1424,0,6,0,158,8,648,0,806,California
Alpine,2021-05-07,1,1452,0,21,1,1425,0,6,0,157,1,649,0,806,California
Alpine,2021-05-10,1,1453,0,21,1,1426,0,6,1,158,0,649,1,807,California
Alpine,2021-05-12,1,1454,0,21,0,1426,1,7,0,158,1,650,1,808,California
Alpine,2021-05-13,3,1457,0,21,3,1429,0,7,0,155,3,653,0,808,California
Alpine,2021-05-17,2,1459,0,21,2,1431,0,7,1,155,1,654,1,809,California
Alpine,2021-05-18,1,1460,0,21,1,1432,0,7,1,156,0,654,1,810,California
Alpine,2021-05-19,15,1475,0,21,15,1447,0,7,0,141,15,669,0,810,California
Alpine,2021-05-21,1,1476,1,22,0,1447,0,7,0,140,1,670,0,810,California
Alpine,2021-05-25,1,1477,0,22,1,1448,0,7,0,139,1,671,0,810,California
Alpine,2021-05-27,1,1478,0,22,1,1449,0,7,1,140,0,671,1,811,California
Alpine,2021-05-28,2,1480,1,23,1,1450,0,7,2,142,0,671,2,813,California
Alpine,2021-05-29,1,1481,0,23,1,1451,0,7,1,143,0,671,1,814,California
Alpine,2021-06-02,8,1489,0,23,8,1459,0,7,1,137,7,678,1,815,California
Alpine,2021-06-04,1,1490,0,23,1,1460,0,7,1,138,0,678,1,816,California
Alpine,2021-06-07,1,1491,0,23,1,1461,0,7,0,137,1,679,0,816,California
Alpine,2021-06-10,1,1492,1,24,0,1461,0,7,1,138,0,679,1,817,California
Alpine,2021-06-15,1,1493,0,24,1,1462,0,7,0,137,1,680,0,817,California
Alpine,2021-06-18,1,1494,1,25,0,1462,0,7,0,136,1,681,0,817,California
Amador,2020-12-16,2,2,2,2,0,0,0,0,2,2,0,0,2,2,California
Amador,2020-12-17,5,7,5,7,0,0,0,0,5,7,0,0,5,7,California
Amador,2020-12-18,45,52,45,52,0,0,0,0,45,52,0,0,45,52,California
Amador,2020-12-19,16,68,16,68,0,0,0,0,16,68,0,0,16,68,California
Amador,2020-12-20,4,72,4,72,0,0,0,0,4,72,0,0,4,72,California
Amador,2020-12-21,30,102,30,102,0,0,0,0,30,102,0,0,30,102,California
Amador,2020-12-22,35,137,34,136,1,1,0,0,35,137,0,0,35,137,California
Amador,2020-12-23,40,177,39,175,1,2,0,0,40,177,0,0,40,177,California
Amador,2020-12-24,5,182,3,178,2,4,0,0,5,182,0,0,5,182,California
Amador,2020-12-26,5,187,4,182,1,5,0,0,5,187,0,0,5,187,California
Amador,2020-12-27,1,188,0,182,1,6,0,0,1,188,0,0,1,188,California
Amador,2020-12-28,31,219,27,209,4,10,0,0,31,219,0,0,31,219,California
Amador,2020-12-29,25,244,18,227,7,17,0,0,25,244,0,0,25,244,California
Amador,2020-12-30,122,366,76,303,46,63,0,0,122,366,0,0,122,366,California
Amador,2020-12-31,194,560,168,471,26,89,0,0,194,560,0,0,194,560,California
Amador,2021-01-01,2,562,0,471,2,91,0,0,2,562,0,0,2,562,California
Amador,2021-01-02,57,619,57,528,0,91,0,0,57,619,0,0,57,619,California
Amador,2021-01-03,66,685,17,545,49,140,0,0,66,685,0,0,66,685,California
Amador,2021-01-04,124,809,1,546,123,263,0,0,124,809,0,0,124,809,California
Amador,2021-01-05,34,843,3,549,31,294,0,0,32,840,2,2,33,842,California
Amador,2021-01-06,40,883,11,560,29,323,0,0,36,872,4,6,36,878,California
Amador,2021-01-07,228,1111,68,628,160,483,0,0,217,1078,11,17,217,1095,California
Amador,2021-01-08,85,1196,70,698,15,498,0,0,41,1076,44,61,42,1137,California
Amador,2021-01-09,11,1207,11,709,0,498,0,0,2,1069,9,70,2,1139,California
Amador,2021-01-10,6,1213,4,713,2,500,0,0,2,1067,4,74,2,1141,California
Amador,2021-01-11,124,1337,43,756,81,581,0,0,88,1120,36,110,89,1230,California
Amador,2021-01-12,66,1403,50,806,16,597,0,0,42,1138,24,134,42,1272,California
Amador,2021-01-13,40,1443,24,830,16,613,0,0,28,1154,12,146,28,1300,California
Amador,2021-01-14,149,1592,22,852,127,740,0,0,139,1284,10,156,140,1440,California
Amador,2021-01-15,61,1653,26,878,35,775,0,0,52,1327,9,165,52,1492,California
Amador,2021-01-16,17,1670,11,889,6,781,0,0,11,1333,6,171,12,1504,California
Amador,2021-01-17,26,1696,5,894,21,802,0,0,26,1359,0,171,26,1530,California
Amador,2021-01-18,30,1726,26,920,4,806,0,0,9,1347,21,192,9,1539,California
Amador,2021-01-19,124,1850,99,1019,25,831,0,0,81,1385,43,235,81,1620,California
Amador,2021-01-20,179,2029,30,1049,149,980,0,0,165,1537,13,248,165,1785,California
Amador,2021-01-21,258,2287,229,1278,29,1009,0,0,147,1574,111,359,148,1933,California
Amador,2021-01-22,135,2422,73,1351,62,1071,0,0,128,1695,7,366,128,2061,California
Amador,2021-01-23,54,2476,32,1383,22,1093,0,0,51,1743,3,369,51,2112,California
Amador,2021-01-24,28,2504,12,1395,16,1109,0,0,25,1765,3,372,25,2137,California
Amador,2021-01-25,59,2563,29,1424,30,1139,0,0,41,1788,18,390,41,2178,California
Amador,2021-01-26,242,2805,16,1440,226,1365,0,0,232,2010,10,400,232,2410,California
Amador,2021-01-27,301,3106,33,1473,268,1633,0,0,254,2220,45,445,255,2665,California
Amador,2021-01-28,369,3475,97,1570,272,1905,0,0,288,2428,81,526,289,2954,California
Amador,2021-01-29,99,3574,33,1603,66,1971,0,0,84,2497,15,541,84,3038,California
Amador,2021-01-30,168,3742,36,1639,132,2103,0,0,163,2655,5,546,163,3201,California
Amador,2021-01-31,33,3775,28,1667,5,2108,0,0,32,2686,1,547,32,3233,California
Amador,2021-02-01,67,3842,24,1691,43,2151,0,0,40,2699,27,574,40,3273,California
Amador,2021-02-02,213,4055,64,1755,149,2300,0,0,126,2741,84,658,126,3399,California
Amador,2021-02-03,139,4194,38,1793,101,2401,0,0,88,2779,50,708,88,3487,California
Amador,2021-02-04,249,4443,74,1867,175,2576,0,0,163,2858,86,794,165,3652,California
Amador,2021-02-05,334,4777,63,1930,271,2847,0,0,317,3158,17,811,317,3969,California
Amador,2021-02-06,98,4875,80,2010,18,2865,0,0,94,3248,4,815,94,4063,California
Amador,2021-02-07,39,4914,35,2045,4,2869,0,0,35,3280,4,819,36,4099,California
Amador,2021-02-08,91,5005,63,2108,28,2897,0,0,74,3337,17,836,74,4173,California
Amador,2021-02-09,173,5178,80,2188,93,2990,0,0,106,3376,67,903,106,4279,California
Amador,2021-02-10,980,6158,80,2268,900,3890,0,0,947,4290,33,936,947,5226,California
Amador,2021-02-11,306,6464,118,2386,188,4078,0,0,196,4378,108,1044,196,5422,California
Amador,2021-02-12,328,6792,120,2506,208,4286,0,0,255,4560,73,1117,255,5677,California
Amador,2021-02-13,164,6956,79,2585,85,4371,0,0,141,4678,23,1140,141,5818,California
Amador,2021-02-14,123,7079,54,2639,69,4440,0,0,105,4765,18,1158,105,5923,California
Amador,2021-02-15,188,7267,60,2699,128,4568,0,0,171,4920,16,1174,171,6094,California
Amador,2021-02-16,465,7732,52,2751,413,4981,0,0,426,5308,39,1213,427,6521,California
Amador,2021-02-17,263,7995,85,2836,178,5159,0,0,166,5377,97,1310,166,6687,California
Amador,2021-02-18,394,8389,97,2933,297,5456,0,0,332,5647,62,1372,332,7019,California
Amador,2021-02-19,192,8581,76,3009,116,5572,0,0,108,5671,84,1456,108,7127,California
Amador,2021-02-20,93,8674,31,3040,62,5634,0,0,65,5708,28,1484,65,7192,California
Amador,2021-02-21,45,8719,33,3073,12,5646,0,0,13,5690,31,1515,13,7205,California
Amador,2021-02-22,66,8785,26,3099,40,5686,0,0,32,5689,33,1548,32,7237,California
Amador,2021-02-23,321,9106,56,3155,265,5951,0,0,141,5651,179,1727,141,7378,California
Amador,2021-02-24,396,9502,59,3214,337,6288,0,0,265,5789,127,1854,265,7643,California
Amador,2021-02-25,527,10029,122,3336,405,6693,0,0,281,5825,245,2099,281,7924,California
Amador,2021-02-26,630,10659,80,3416,550,7243,0,0,514,6224,115,2214,514,8438,California
Amador,2021-02-27,294,10953,97,3513,197,7440,0,0,101,6135,192,2406,103,8541,California
Amador,2021-02-28,105,11058,54,3567,51,7491,0,0,60,6152,45,2451,62,8603,California
Amador,2021-03-01,199,11257,70,3637,129,7620,0,0,127,6208,72,2523,128,8731,California
Amador,2021-03-02,382,11639,61,3698,321,7941,0,0,335,6497,47,2570,336,9067,California
Amador,2021-03-03,242,11881,82,3780,160,8101,0,0,166,6589,75,2645,167,9234,California
Amador,2021-03-04,494,12375,113,3893,381,8482,0,0,394,6884,99,2744,394,9628,California
Amador,2021-03-05,512,12887,76,3969,436,8918,0,0,291,6958,219,2963,293,9921,California
Amador,2021-03-06,97,12984,45,4014,51,8969,1,1,56,6974,41,3004,57,9978,California
Amador,2021-03-07,66,13050,44,4058,22,8991,0,1,23,6954,43,3047,23,10001,California
Amador,2021-03-08,150,13200,69,4127,80,9071,1,2,90,6985,60,3107,91,10092,California
Amador,2021-03-09,374,13574,49,4176,325,9396,0,2,293,7202,77,3184,294,10386,California
Amador,2021-03-10,514,14088,77,4253,435,9831,2,4,111,6914,403,3587,115,10501,California
Amador,2021-03-11,471,14559,117,4370,344,10175,10,14,298,7053,172,3759,311,10812,California
Amador,2021-03-12,569,15128,67,4437,495,10670,7,21,340,7178,228,3987,353,11165,California
Amador,2021-03-13,115,15243,17,4454,91,10761,7,28,75,7224,40,4027,86,11251,California
Amador,2021-03-14,86,15329,17,4471,67,10828,2,30,21,7182,65,4092,23,11274,California
Amador,2021-03-15,181,15510,25,4496,149,10977,7,37,53,7115,128,4220,61,11335,California
Amador,2021-03-16,451,15961,53,4549,389,11366,9,46,138,6951,311,4531,147,11482,California
Amador,2021-03-17,200,16161,44,4593,153,11519,3,49,122,6998,78,4609,125,11607,California
Amador,2021-03-18,480,16641,104,4697,372,11891,4,53,251,7028,229,4838,259,11866,California
Amador,2021-03-19,540,17181,56,4753,469,12360,15,68,389,7287,149,4987,408,12274,California
Amador,2021-03-20,111,17292,47,4800,63,12423,1,69,46,7272,64,5051,49,12323,California
Amador,2021-03-21,51,17343,35,4835,15,12438,1,70,32,7289,18,5069,35,12358,California
Amador,2021-03-22,115,17458,34,4869,52,12490,29,99,49,7301,66,5135,78,12436,California
Amador,2021-03-23,435,17893,47,4916,381,12871,7,106,275,7425,159,5294,283,12719,California
Amador,2021-03-24,347,18240,39,4955,55,12926,253,359,37,7406,309,5603,290,13009,California
Amador,2021-03-25,609,18849,87,5042,515,13441,7,366,394,7593,214,5817,401,13410,California
Amador,2021-03-26,747,19596,43,5085,698,14139,6,372,285,7427,460,6277,294,13704,California
Amador,2021-03-27,87,19683,15,5100,70,14209,2,374,27,7398,60,6337,31,13735,California
Amador,2021-03-28,69,19752,15,5115,52,14261,2,376,12,7357,56,6393,15,13750,California
Amador,2021-03-29,182,19934,27,5142,154,14415,1,377,80,7344,100,6493,87,13837,California
Amador,2021-03-30,533,20467,25,5167,507,14922,1,378,291,7395,241,6734,292,14129,California
Amador,2021-03-31,201,20668,58,5225,138,15060,5,383,44,7288,156,6890,49,14178,California
Amador,2021-04-01,610,21278,85,5310,525,15585,0,383,261,7204,347,7237,263,14441,California
Amador,2021-04-02,607,21885,39,5349,555,16140,13,396,378,7369,228,7465,393,14834,California
Amador,2021-04-03,88,21973,26,5375,43,16183,19,415,22,7346,66,7531,43,14877,California
Amador,2021-04-04,38,22011,3,5378,29,16212,6,421,15,7344,23,7554,21,14898,California
Amador,2021-04-05,141,22152,50,5428,75,16287,16,437,48,7318,92,7646,66,14964,California
Amador,2021-04-06,502,22654,37,5465,447,16734,18,455,222,7280,278,7924,240,15204,California
Amador,2021-04-07,98,22752,32,5497,47,16781,19,474,42,7287,54,7978,61,15265,California
Amador,2021-04-08,495,23247,85,5582,389,17170,21,495,221,7257,273,8251,243,15508,California
Amador,2021-04-09,482,23729,22,5604,440,17610,20,515,214,7221,267,8518,231,15739,California
Amador,2021-04-10,51,23780,15,5619,27,17637,9,524,21,7221,30,8548,30,15769,California
Amador,2021-04-11,48,23828,24,5643,20,17657,4,528,22,7222,25,8573,26,15795,California
Amador,2021-04-12,99,23927,27,5670,62,17719,10,538,41,7215,58,8631,51,15846,California
Amador,2021-04-13,344,24271,47,5717,297,18016,0,538,67,7007,276,8907,68,15914,California
Amador,2021-04-14,284,24555,29,5746,255,18271,0,538,174,7074,107,9014,174,16088,California
Amador,2021-04-15,330,24885,75,5821,255,18526,0,538,69,6887,256,9270,69,16157,California
Amador,2021-04-16,483,25368,29,5850,454,18980,0,538,386,7177,96,9366,386,16543,California
Amador,2021-04-17,63,25431,36,5886,27,19007,0,538,27,7168,36,9402,27,16570,California
Amador,2021-04-18,30,25461,7,5893,23,19030,0,538,12,7163,18,9420,13,16583,California
Amador,2021-04-19,70,25531,28,5921,42,19072,0,538,30,7156,39,9459,32,16615,California
Amador,2021-04-20,436,25967,53,5974,383,19455,0,538,110,6949,319,9778,112,16727,California
Amador,2021-04-21,87,26054,32,6006,54,19509,1,539,43,6950,43,9821,44,16771,California
Amador,2021-04-22,492,26546,76,6082,415,19924,1,540,101,6668,384,10205,102,16873,California
Amador,2021-04-23,359,26905,46,6128,313,20237,0,540,286,6884,72,10277,288,17161,California
Amador,2021-04-24,49,26954,24,6152,25,20262,0,540,28,6892,20,10297,28,17189,California
Amador,2021-04-25,41,26995,19,6171,22,20284,0,540,29,6909,12,10309,29,17218,California
Amador,2021-04-26,92,27087,27,6198,64,20348,1,541,44,6909,47,10356,47,17265,California
Amador,2021-04-27,494,27581,40,6238,453,20801,1,542,87,6593,405,10761,89,17354,California
Amador,2021-04-28,68,27649,28,6266,36,20837,4,546,39,6607,29,10790,43,17397,California
Amador,2021-04-29,221,27870,69,6335,44,20881,108,654,65,6623,156,10946,172,17569,California
Amador,2021-04-30,336,28206,26,6361,306,21187,4,658,94,6480,242,11188,99,17668,California
Amador,2021-05-01,43,28249,15,6376,23,21210,5,663,22,6488,19,11207,27,17695,California
Amador,2021-05-02,28,28277,14,6390,11,21221,3,666,11,6486,17,11224,15,17710,California
Amador,2021-05-03,67,28344,33,6423,24,21245,10,676,27,6483,40,11264,37,17747,California
Amador,2021-05-04,464,28808,27,6450,430,21675,7,683,67,6160,397,11661,74,17821,California
Amador,2021-05-05,202,29010,152,6602,41,21716,9,692,161,6288,40,11701,168,17989,California
Amador,2021-05-06,109,29119,56,6658,48,21764,5,697,63,6312,44,11745,68,18057,California
Amador,2021-05-07,126,29245,28,6686,91,21855,7,704,67,6327,59,11804,74,18131,California
Amador,2021-05-08,41,29286,10,6696,28,21883,3,707,19,6327,22,11826,22,18153,California
Amador,2021-05-09,16,29302,1,6697,9,21892,6,713,4,6325,12,11838,10,18163,California
Amador,2021-05-10,59,29361,13,6710,43,21935,3,716,24,6317,35,11873,27,18190,California
Amador,2021-05-11,98,29459,32,6742,40,21975,26,742,45,6335,53,11926,71,18261,California
Amador,2021-05-12,69,29528,24,6766,42,22017,3,745,33,6335,36,11962,36,18297,California
Amador,2021-05-13,74,29602,41,6807,27,22044,6,751,37,6342,36,11998,43,18340,California
Amador,2021-05-14,395,29997,35,6842,356,22400,4,755,86,6124,309,12307,91,18431,California
Amador,2021-05-15,49,30046,19,6861,20,22420,10,765,23,6132,26,12333,34,18465,California
Amador,2021-05-16,37,30083,14,6875,23,22443,0,765,17,6129,20,12353,17,18482,California
Amador,2021-05-17,76,30159,23,6898,51,22494,2,767,35,6127,40,12393,38,18520,California
Amador,2021-05-18,246,30405,166,7064,45,22539,35,802,165,6247,80,12473,200,18720,California
Amador,2021-05-19,75,30480,25,7089,47,22586,3,805,35,6248,39,12512,40,18760,California
Amador,2021-05-20,86,30566,46,7135,36,22622,4,809,29,6225,56,12568,33,18793,California
Amador,2021-05-21,272,30838,29,7164,241,22863,2,811,40,6035,232,12800,42,18835,California
Amador,2021-05-22,46,30884,14,7178,27,22890,5,816,12,6019,34,12834,18,18853,California
Amador,2021-05-23,26,30910,4,7182,19,22909,3,819,5,6006,21,12855,8,18861,California
Amador,2021-05-24,90,31000,31,7213,47,22956,12,831,42,6012,48,12903,54,18915,California
Amador,2021-05-25,141,31141,89,7302,27,22983,25,856,82,6062,57,12960,107,19022,California
Amador,2021-05-26,205,31346,162,7464,36,23019,7,863,41,5946,163,13123,47,19069,California
Amador,2021-05-27,81,31427,36,7500,36,23055,9,872,30,5934,51,13174,39,19108,California
Amador,2021-05-28,69,31496,27,7527,38,23093,4,876,30,5929,39,13213,34,19142,California
Amador,2021-05-29,26,31522,2,7529,21,23114,3,879,10,5926,16,13229,13,19155,California
Amador,2021-05-30,19,31541,5,7534,8,23122,6,885,5,5923,14,13243,11,19166,California
Amador,2021-05-31,10,31551,0,7534,9,23131,1,886,2,5918,8,13251,3,19169,California
Amador,2021-06-01,94,31645,66,7600,23,23154,5,891,43,5916,50,13301,48,19217,California
Amador,2021-06-02,46,31691,16,7616,22,23176,8,899,16,5911,30,13331,25,19242,California
Amador,2021-06-03,58,31749,25,7641,28,23204,5,904,19,5897,38,13369,24,19266,California
Amador,2021-06-04,100,31849,20,7661,59,23263,21,925,23,5864,77,13446,44,19310,California
Amador,2021-06-05,38,31887,16,7677,19,23282,3,928,4,5837,34,13480,7,19317,California
Amador,2021-06-06,18,31905,8,7685,9,23291,1,929,8,5836,10,13490,9,19326,California
Amador,2021-06-07,45,31950,18,7703,22,23313,5,934,17,5830,28,13518,22,19348,California
Amador,2021-06-08,173,32123,138,7841,25,23338,10,944,54,5777,118,13636,65,19413,California
Amador,2021-06-09,48,32171,19,7860,20,23358,9,953,12,5762,36,13672,21,19434,California
Amador,2021-06-10,54,32225,22,7882,20,23378,12,965,19,5758,35,13707,31,19465,California
Amador,2021-06-11,57,32282,17,7899,35,23413,5,970,17,5740,40,13747,22,19487,California
Amador,2021-06-12,23,32305,10,7909,11,23424,2,972,8,5736,14,13761,10,19497,California
Amador,2021-06-13,9,32314,2,7911,6,23430,1,973,2,5732,7,13768,3,19500,California
Amador,2021-06-14,46,32360,23,7934,20,23450,3,976,13,5715,33,13801,16,19516,California
Amador,2021-06-15,43,32403,12,7946,19,23469,12,988,17,5718,26,13827,29,19545,California
Amador,2021-06-16,75,32478,35,7981,31,23500,9,997,34,5720,41,13868,43,19588,California
Amador,2021-06-17,47,32525,23,8004,21,23521,3,1000,28,5733,18,13886,31,19619,California
Amador,2021-06-18,155,32680,119,8123,29,23550,7,1007,61,5707,94,13980,68,19687,California
Amador,2021-06-19,15,32695,5,8128,7,23557,3,1010,4,5704,11,13991,8,19695,California
Butte,2020-12-16,3,3,3,3,0,0,0,0,3,3,0,0,3,3,California
Butte,2020-12-17,21,24,21,24,0,0,0,0,21,24,0,0,21,24,California
Butte,2020-12-18,53,77,53,77,0,0,0,0,53,77,0,0,53,77,California
Butte,2020-12-19,7,84,7,84,0,0,0,0,7,84,0,0,7,84,California
Butte,2020-12-20,10,94,10,94,0,0,0,0,10,94,0,0,10,94,California
Butte,2020-12-21,632,726,632,726,0,0,0,0,632,726,0,0,632,726,California
Butte,2020-12-22,618,1344,616,1342,2,2,0,0,618,1344,0,0,618,1344,California
Butte,2020-12-23,874,2218,858,2200,16,18,0,0,874,2218,0,0,874,2218,California
Butte,2020-12-24,158,2376,154,2354,4,22,0,0,158,2376,0,0,158,2376,California
Butte,2020-12-26,90,2466,88,2442,2,24,0,0,90,2466,0,0,90,2466,California
Butte,2020-12-27,35,2501,34,2476,1,25,0,0,35,2501,0,0,35,2501,California
Butte,2020-12-28,278,2779,272,2748,6,31,0,0,278,2779,0,0,278,2779,California
Butte,2020-12-29,202,2981,179,2927,23,54,0,0,202,2981,0,0,202,2981,California
Butte,2020-12-30,513,3494,291,3218,222,276,0,0,513,3494,0,0,513,3494,California
Butte,2020-12-31,213,3707,18,3236,195,471,0,0,213,3707,0,0,213,3707,California
Butte,2021-01-01,11,3718,3,3239,8,479,0,0,11,3718,0,0,11,3718,California
Butte,2021-01-02,40,3758,37,3276,3,482,0,0,40,3758,0,0,40,3758,California
Butte,2021-01-03,3,3761,0,3276,3,485,0,0,3,3761,0,0,3,3761,California
Butte,2021-01-04,209,3970,176,3452,33,518,0,0,209,3970,0,0,209,3970,California
Butte,2021-01-05,195,4165,152,3604,43,561,0,0,194,4163,1,1,194,4164,California
Butte,2021-01-06,625,4790,396,4000,229,790,0,0,620,4779,5,6,621,4785,California
Butte,2021-01-07,762,5552,369,4369,393,1183,0,0,742,5501,20,26,742,5527,California
Butte,2021-01-08,674,6226,533,4902,141,1324,0,0,625,6077,49,75,625,6152,California
Butte,2021-01-09,10,6236,7,4909,3,1327,0,0,5,6077,5,80,5,6157,California
Butte,2021-01-10,19,6255,5,4914,14,1341,0,0,14,6086,5,85,14,6171,California
Butte,2021-01-11,985,7240,950,5864,35,1376,0,0,356,5816,629,714,359,6530,California
Butte,2021-01-12,697,7937,653,6517,44,1420,0,0,275,5669,422,1136,275,6805,California
Butte,2021-01-13,1564,9501,1073,7590,491,1911,0,0,724,5556,839,1975,726,7531,California
Butte,2021-01-14,1640,11141,894,8484,746,2657,0,0,1443,6803,196,2171,1443,8974,California
Butte,2021-01-15,1055,12196,814,9298,241,2898,0,0,946,7640,109,2280,946,9920,California
Butte,2021-01-16,588,12784,301,9599,287,3185,0,0,544,8140,44,2324,544,10464,California
Butte,2021-01-17,237,13021,63,9662,174,3359,0,0,199,8301,38,2362,199,10663,California
Butte,2021-01-18,346,13367,304,9966,42,3401,0,0,279,8514,66,2428,279,10942,California
Butte,2021-01-19,491,13858,430,10396,61,3462,0,0,222,8467,269,2697,222,11164,California
Butte,2021-01-20,1374,15232,690,11086,684,4146,0,0,1071,9235,303,3000,1071,12235,California
Butte,2021-01-21,1480,16712,869,11955,611,4757,0,0,1372,10500,107,3107,1372,13607,California
Butte,2021-01-22,1143,17855,483,12438,660,5417,0,0,1089,11535,54,3161,1089,14696,California
Butte,2021-01-23,124,17979,84,12522,40,5457,0,0,99,11609,25,3186,99,14795,California
Butte,2021-01-24,9,17988,7,12529,2,5459,0,0,9,11618,0,3186,9,14804,California
Butte,2021-01-25,659,18647,339,12868,320,5779,0,0,495,11949,164,3350,495,15299,California
Butte,2021-01-26,1473,20120,377,13245,1096,6875,0,0,1337,13150,136,3486,1337,16636,California
Butte,2021-01-27,2105,22225,707,13952,1398,8273,0,0,1370,13786,734,4220,1370,18006,California
Butte,2021-01-28,2262,24487,256,14208,2006,10279,0,0,1950,15425,311,4531,1950,19956,California
Butte,2021-01-29,1693,26180,492,14700,1201,11480,0,0,1312,16357,380,4911,1312,21268,California
Butte,2021-01-30,28,26208,8,14708,20,11500,0,0,26,16381,2,4913,26,21294,California
Butte,2021-01-31,15,26223,13,14721,2,11502,0,0,14,16394,1,4914,14,21308,California
Butte,2021-02-01,1758,27981,409,15130,1349,12851,0,0,1364,17368,390,5304,1364,22672,California
Butte,2021-02-02,1935,29916,362,15492,1573,14424,0,0,1634,18700,302,5606,1634,24306,California
Butte,2021-02-03,2738,32654,777,16269,1961,16385,0,0,1842,19648,894,6500,1842,26148,California
Butte,2021-02-04,2954,35608,321,16590,2633,19018,0,0,2399,21494,553,7053,2399,28547,California
Butte,2021-02-05,1271,36879,666,17256,605,19623,0,0,550,21324,721,7774,551,29098,California
Butte,2021-02-06,145,37024,103,17359,42,19665,0,0,63,21305,82,7856,63,29161,California
Butte,2021-02-07,37,37061,33,17392,4,19669,0,0,14,21296,23,7879,14,29175,California
Butte,2021-02-08,700,37761,549,17941,151,19820,0,0,242,21080,458,8337,242,29417,California
Butte,2021-02-09,950,38711,459,18400,491,20311,0,0,721,21572,229,8566,721,30138,California
Butte,2021-02-10,1701,40412,1187,19587,514,20825,0,0,671,21215,1028,9594,671,30809,California
Butte,2021-02-11,2204,42616,1349,20936,855,21680,0,0,1005,21021,1199,10793,1005,31814,California
Butte,2021-02-12,1002,43618,435,21371,567,22247,0,0,328,20676,673,11466,328,32142,California
Butte,2021-02-13,244,43862,42,21413,202,22449,0,0,143,20718,101,11567,143,32285,California
Butte,2021-02-14,162,44024,9,21422,153,22602,0,0,158,20872,4,11571,158,32443,California
Butte,2021-02-15,261,44285,47,21469,214,22816,0,0,195,21001,66,11637,195,32638,California
Butte,2021-02-16,729,45014,433,21902,296,23112,0,0,276,20823,454,12091,276,32914,California
Butte,2021-02-17,1513,46527,846,22748,667,23779,0,0,839,20990,672,12763,839,33753,California
Butte,2021-02-18,1556,48083,757,23505,799,24578,0,0,750,20934,806,13569,750,34503,California
Butte,2021-02-19,1169,49252,388,23893,781,25359,0,0,401,20574,761,14330,401,34904,California
Butte,2021-02-20,476,49728,32,23925,444,25803,0,0,126,20351,349,14679,126,35030,California
Butte,2021-02-21,17,49745,15,23940,2,25805,0,0,13,20360,4,14683,13,35043,California
Butte,2021-02-22,1500,51245,293,24233,1207,27012,0,0,373,19609,1124,15807,373,35416,California
Butte,2021-02-23,1639,52884,295,24528,1344,28356,0,0,464,18904,1169,16976,464,35880,California
Butte,2021-02-24,2129,55013,595,25123,1534,29890,0,0,720,18223,1401,18377,720,36600,California
Butte,2021-02-25,2081,57094,577,25700,1504,31394,0,0,656,17461,1419,19796,657,37257,California
Butte,2021-02-26,920,58014,308,26008,612,32006,0,0,395,17335,521,20317,395,37652,California
Butte,2021-02-27,232,58246,45,26053,187,32193,0,0,184,17473,46,20363,184,37836,California
Butte,2021-02-28,141,58387,15,26068,126,32319,0,0,134,17600,7,20370,134,37970,California
Butte,2021-03-01,1638,60025,179,26247,1458,33777,1,1,334,16636,1299,21669,335,38305,California
Butte,2021-03-02,1748,61773,198,26445,1550,35327,0,1,305,15502,1439,23108,305,38610,California
Butte,2021-03-03,2790,64563,855,27300,1935,37262,0,1,481,13678,2305,25413,481,39091,California
Butte,2021-03-04,3155,67718,682,27982,2473,39735,0,1,627,11779,2526,27939,627,39718,California
Butte,2021-03-05,1354,69072,616,28598,737,40472,1,2,735,11900,615,28554,736,40454,California
Butte,2021-03-06,245,69317,23,28621,199,40671,23,25,186,12051,58,28612,209,40663,California
Butte,2021-03-07,54,69371,3,28624,34,40705,17,42,30,12074,24,28636,47,40710,California
Butte,2021-03-08,1268,70639,128,28752,1062,41767,78,120,1101,13089,164,28800,1179,41889,California
Butte,2021-03-09,1907,72546,283,29035,1522,43289,102,222,1415,14117,489,29289,1517,43406,California
Butte,2021-03-10,2317,74863,967,30002,1250,44539,100,322,1580,15065,732,30021,1680,45086,California
Butte,2021-03-11,2814,77677,1319,31321,1369,45908,126,448,1983,16354,820,30841,2109,47195,California
Butte,2021-03-12,1146,78823,332,31653,466,46374,348,796,356,16274,784,31625,704,47899,California
Butte,2021-03-13,266,79089,67,31720,138,46512,61,857,59,16186,207,31832,119,48018,California
Butte,2021-03-14,164,79253,16,31736,106,46618,42,899,21,16107,142,31974,63,48081,California
Butte,2021-03-15,1744,80997,360,32096,1088,47706,296,1195,1147,16961,589,32563,1443,49524,California
Butte,2021-03-16,1647,82644,413,32509,1156,48862,78,1273,1110,17615,533,33096,1187,50711,California
Butte,2021-03-17,1953,84597,1353,33862,519,49381,81,1354,1136,18022,809,33905,1216,51927,California
Butte,2021-03-18,1810,86407,1466,35328,217,49598,127,1481,1062,18468,742,34647,1188,53115,California
Butte,2021-03-19,694,87101,306,35634,304,49902,84,1565,343,18554,341,34988,427,53542,California
Butte,2021-03-20,204,87305,29,35663,160,50062,15,1580,96,18557,108,35096,111,53653,California
Butte,2021-03-21,58,87363,25,35688,4,50066,29,1609,13,18556,43,35139,42,53695,California
Butte,2021-03-22,1484,88847,353,36041,1037,51103,94,1703,1222,19612,260,35399,1316,55011,California
Butte,2021-03-23,1820,90667,488,36529,1218,52321,114,1817,1472,20854,344,35743,1586,56597,California
Butte,2021-03-24,2263,92930,1266,37795,871,53192,126,1943,1713,22147,545,36288,1838,58435,California
Butte,2021-03-25,1481,94411,1197,38992,192,53384,92,2035,1016,22794,461,36749,1108,59543,California
Butte,2021-03-26,1206,95617,438,39430,521,53905,247,2282,559,22961,639,37388,806,60349,California
Butte,2021-03-27,302,95919,83,39513,195,54100,24,2306,135,22954,164,37552,157,60506,California
Butte,2021-03-28,228,96147,44,39557,176,54276,8,2314,103,22942,122,37674,110,60616,California
Butte,2021-03-29,1761,97908,379,39936,1312,55588,70,2384,1342,23940,414,38088,1412,62028,California
Butte,2021-03-30,1030,98938,469,40405,471,56059,90,2474,487,23980,537,38625,577,62605,California
Butte,2021-03-31,1775,100713,1302,41707,406,56465,67,2541,1081,24441,687,39312,1148,63753,California
Butte,2021-04-01,3331,104044,2706,44413,498,56963,127,2668,2258,25761,1065,40377,2385,66138,California
Butte,2021-04-02,1001,105045,416,44829,464,57427,121,2789,564,26015,429,40806,683,66821,California
Butte,2021-04-03,343,105388,46,44875,225,57652,72,2861,163,26070,180,40986,235,67056,California
Butte,2021-04-04,191,105579,25,44900,143,57795,23,2884,113,26130,76,41062,136,67192,California
Butte,2021-04-05,1973,107552,421,45321,1380,59175,172,3056,595,25526,1369,42431,765,67957,California
Butte,2021-04-06,2208,109760,617,45938,1169,60344,422,3478,799,25343,1402,43833,1219,69176,California
Butte,2021-04-07,3034,112794,1318,47256,1324,61668,392,3870,714,24135,2314,46147,1106,70282,California
Butte,2021-04-08,2758,115552,1201,48457,1289,62957,268,4138,460,22569,2294,48441,728,71010,California
Butte,2021-04-09,1377,116929,354,48811,540,63497,483,4621,330,22334,1043,49484,808,71818,California
Butte,2021-04-10,223,117152,47,48858,75,63572,101,4722,100,22411,123,49607,200,72018,California
Butte,2021-04-11,105,117257,42,48900,53,63625,10,4732,82,22481,22,49629,92,72110,California
Butte,2021-04-12,1415,118672,314,49214,969,64594,132,4864,238,21674,1177,50806,370,72480,California
Butte,2021-04-13,1652,120324,571,49785,1075,65669,6,4870,345,20725,1300,52106,351,72831,California
Butte,2021-04-14,2857,123181,2362,52147,495,66164,0,4870,1333,20540,1519,53625,1334,74165,California
Butte,2021-04-15,636,123817,391,52538,245,66409,0,4870,482,20871,151,53776,482,74647,California
Butte,2021-04-16,814,124631,416,52954,398,66807,0,4870,479,21017,333,54109,479,75126,California
Butte,2021-04-17,341,124972,60,53014,281,67088,0,4870,237,21152,102,54211,237,75363,California
Butte,2021-04-18,46,125018,11,53025,35,67123,0,4870,40,21186,6,54217,40,75403,California
Butte,2021-04-19,1559,126577,379,53404,1180,68303,0,4870,428,20486,1128,55345,428,75831,California
Butte,2021-04-20,1981,128558,726,54130,1255,69558,0,4870,761,20036,1212,56557,762,76593,California
Butte,2021-04-21,2048,130606,1166,55296,882,70440,0,4870,464,18925,1578,58135,467,77060,California
Butte,2021-04-22,2219,132825,1938,57234,281,70721,0,4870,614,17938,1601,59736,614,77674,California
Butte,2021-04-23,933,133758,440,57674,493,71214,0,4870,482,17969,451,60187,482,78156,California
Butte,2021-04-24,346,134104,137,57811,209,71423,0,4870,191,18006,154,60341,191,78347,California
Butte,2021-04-25,173,134277,68,57879,105,71528,0,4870,64,17961,109,60450,64,78411,California
Butte,2021-04-26,1560,135837,454,58333,1101,72629,5,4875,403,17217,1152,61602,408,78819,California
Butte,2021-04-27,1019,136856,678,59011,314,72943,27,4902,585,17400,429,62031,612,79431,California
Butte,2021-04-28,1386,138242,935,59946,426,73369,25,4927,500,17043,882,62913,525,79956,California
Butte,2021-04-29,890,139132,542,60488,323,73692,25,4952,300,16784,584,63497,325,80281,California
Butte,2021-04-30,896,140028,391,60879,484,74176,21,4973,448,16811,441,63938,468,80749,California
Butte,2021-05-01,241,140269,64,60943,158,74334,19,4992,72,16733,168,64106,90,80839,California
Butte,2021-05-02,150,140419,62,61005,75,74409,13,5005,44,16684,106,64212,57,80896,California
Butte,2021-05-03,633,141052,256,61261,346,74755,31,5036,177,16446,446,64658,208,81104,California
Butte,2021-05-04,818,141870,317,61578,469,75224,32,5068,212,16089,600,65258,243,81347,California
Butte,2021-05-05,1339,143209,1091,62669,212,75436,36,5104,274,15340,1060,66318,311,81658,California
Butte,2021-05-06,934,144143,672,63341,225,75661,37,5141,358,15162,573,66891,395,82053,California
Butte,2021-05-07,559,144702,289,63630,234,75895,36,5177,285,15211,271,67162,320,82373,California
Butte,2021-05-08,167,144869,34,63664,124,76019,9,5186,87,15228,79,67241,96,82469,California
Butte,2021-05-09,92,144961,19,63683,70,76089,3,5189,49,15237,43,67284,52,82521,California
Butte,2021-05-10,515,145476,302,63985,170,76259,43,5232,212,15192,300,67584,255,82776,California
Butte,2021-05-11,870,146346,642,64627,169,76428,59,5291,277,14938,590,68174,336,83112,California
Butte,2021-05-12,763,147109,481,65108,236,76664,46,5337,341,14907,418,68592,387,83499,California
Butte,2021-05-13,912,148021,609,65717,241,76905,62,5399,333,14732,568,69160,393,83892,California
Butte,2021-05-14,825,148846,514,66231,281,77186,30,5429,357,14653,465,69625,386,84278,California
Butte,2021-05-15,480,149326,223,66454,225,77411,32,5461,223,14652,256,69881,255,84533,California
Butte,2021-05-16,167,149493,82,66536,67,77478,18,5479,98,14700,68,69949,116,84649,California
Butte,2021-05-17,754,150247,481,67017,224,77702,49,5528,325,14647,426,70375,373,85022,California
Butte,2021-05-18,1064,151311,733,67750,283,77985,48,5576,475,14587,583,70958,523,85545,California
Butte,2021-05-19,824,152135,533,68283,247,78232,44,5620,329,14469,490,71448,372,85917,California
Butte,2021-05-20,979,153114,655,68938,214,78446,110,5730,392,14386,584,72032,501,86418,California
Butte,2021-05-21,891,154005,544,69482,320,78766,27,5757,306,14138,580,72612,332,86750,California
Butte,2021-05-22,298,154303,137,69619,146,78912,15,5772,145,14147,150,72762,159,86909,California
Butte,2021-05-23,124,154427,75,69694,48,78960,1,5773,79,14182,45,72807,80,86989,California
Butte,2021-05-24,338,154765,153,69847,135,79095,50,5823,170,14235,166,72973,219,87208,California
Butte,2021-05-25,698,155463,446,70293,216,79311,36,5859,348,14276,343,73316,384,87592,California
Butte,2021-05-26,561,156024,178,70471,360,79671,23,5882,254,14255,298,73614,277,87869,California
Butte,2021-05-27,865,156889,622,71093,226,79897,17,5899,430,14273,430,74044,448,88317,California
Butte,2021-05-28,519,157408,141,71234,299,80196,79,5978,216,14268,300,74344,295,88612,California
Butte,2021-05-29,224,157632,116,71350,96,80292,12,5990,148,14352,76,74420,160,88772,California
Butte,2021-05-30,107,157739,56,71406,51,80343,0,5990,61,14367,46,74466,61,88833,California
Butte,2021-05-31,43,157782,23,71429,18,80361,2,5992,25,14376,18,74484,27,88860,California
Butte,2021-06-01,672,158454,424,71853,212,80573,36,6028,254,14251,415,74899,290,89150,California
Butte,2021-06-02,818,159272,567,72420,206,80779,45,6073,352,14185,462,75361,396,89546,California
Butte,2021-06-03,626,159898,422,72842,186,80965,18,6091,223,14026,400,75761,241,89787,California
Butte,2021-06-04,479,160377,273,73115,178,81143,28,6119,159,13900,313,76074,187,89974,California
Butte,2021-06-05,317,160694,204,73319,93,81236,20,6139,103,13811,212,76286,123,90097,California
Butte,2021-06-06,135,160829,100,73419,33,81269,2,6141,34,13747,100,76386,36,90133,California
Butte,2021-06-07,402,161231,256,73675,116,81385,30,6171,174,13724,227,76613,204,90337,California
Butte,2021-06-08,650,161881,469,74144,163,81548,18,6189,191,13486,448,77061,210,90547,California
Butte,2021-06-09,432,162313,296,74440,118,81666,18,6207,147,13372,279,77340,165,90712,California
Butte,2021-06-10,631,162944,450,74890,149,81815,32,6239,239,13251,390,77730,269,90981,California
Butte,2021-06-11,444,163388,264,75154,159,81974,21,6260,151,13131,292,78022,172,91153,California
Butte,2021-06-12,248,163636,150,75304,88,82062,10,6270,74,13042,173,78195,84,91237,California
Butte,2021-06-13,97,163733,64,75368,30,82092,3,6273,20,12988,77,78272,23,91260,California
Butte,2021-06-14,383,164116,232,75600,132,82224,19,6292,143,12910,240,78512,162,91422,California
Butte,2021-06-15,539,164655,379,75979,136,82360,24,6316,157,12715,376,78888,181,91603,California
Butte,2021-06-16,413,165068,255,76234,115,82475,43,6359,170,12686,241,79129,212,91815,California
Butte,2021-06-17,569,165637,427,76661,118,82593,24,6383,171,12484,397,79526,195,92010,California
Butte,2021-06-18,367,166004,186,76847,136,82729,45,6428,133,12427,232,79758,175,92185,California
Butte,2021-06-19,47,166051,34,76881,7,82736,6,6434,22,12430,25,79783,28,92213,California
Calaveras,2020-12-16,5,5,5,5,0,0,0,0,5,5,0,0,5,5,California
Calaveras,2020-12-17,3,8,3,8,0,0,0,0,3,8,0,0,3,8,California
Calaveras,2020-12-18,40,48,40,48,0,0,0,0,40,48,0,0,40,48,California
Calaveras,2020-12-19,3,51,3,51,0,0,0,0,3,51,0,0,3,51,California
Calaveras,2020-12-20,4,55,4,55,0,0,0,0,4,55,0,0,4,55,California
Calaveras,2020-12-21,54,109,47,102,7,7,0,0,54,109,0,0,54,109,California
Calaveras,2020-12-22,82,191,78,180,4,11,0,0,83,192,0,0,83,192,California
Calaveras,2020-12-23,76,267,74,254,2,13,0,0,76,268,0,0,76,268,California
Calaveras,2020-12-24,2,269,2,256,0,13,0,0,2,270,0,0,2,270,California
Calaveras,2020-12-26,4,273,3,259,1,14,0,0,4,274,0,0,4,274,California
Calaveras,2020-12-27,1,274,1,260,0,14,0,0,1,275,0,0,1,275,California
Calaveras,2020-12-28,22,296,17,277,5,19,0,0,21,295,1,1,21,296,California
Calaveras,2020-12-29,160,456,138,415,22,41,0,0,160,455,0,1,160,456,California
Calaveras,2020-12-30,93,549,81,496,12,53,0,0,93,548,0,1,93,549,California
Calaveras,2020-12-31,36,585,25,521,11,64,0,0,36,584,0,1,36,585,California
Calaveras,2021-01-02,11,596,11,532,0,64,0,0,11,595,0,1,11,596,California
Calaveras,2021-01-03,10,606,4,536,6,70,0,0,10,605,0,1,10,606,California
Calaveras,2021-01-04,33,639,5,541,28,98,0,0,33,638,0,1,33,639,California
Calaveras,2021-01-05,41,680,10,551,31,129,0,0,32,666,9,10,37,676,California
Calaveras,2021-01-06,107,787,30,581,77,206,0,0,97,753,10,20,97,773,California
Calaveras,2021-01-07,107,894,27,608,80,286,0,0,93,835,12,32,94,867,California
Calaveras,2021-01-08,69,963,39,647,30,316,0,0,45,858,24,56,47,914,California
Calaveras,2021-01-09,5,968,5,652,0,316,0,0,2,857,3,59,2,916,California
Calaveras,2021-01-10,2,970,0,652,2,318,0,0,2,859,0,59,2,918,California
Calaveras,2021-01-11,66,1036,60,712,6,324,0,0,27,850,38,97,29,947,California
Calaveras,2021-01-12,84,1120,52,764,32,356,0,0,51,869,33,130,52,999,California
Calaveras,2021-01-13,108,1228,45,809,63,419,0,0,74,910,34,164,75,1074,California
Calaveras,2021-01-14,139,1367,44,853,95,514,0,0,106,985,32,196,107,1181,California
Calaveras,2021-01-15,92,1459,28,881,64,578,0,0,72,1037,20,216,72,1253,California
Calaveras,2021-01-16,13,1472,2,883,11,589,0,0,12,1048,1,217,12,1265,California
Calaveras,2021-01-17,10,1482,2,885,8,597,0,0,9,1056,1,218,9,1274,California
Calaveras,2021-01-18,131,1613,19,904,112,709,0,0,118,1164,13,231,121,1395,California
Calaveras,2021-01-19,208,1821,177,1081,31,740,0,0,70,1099,137,368,72,1467,California
Calaveras,2021-01-20,378,2199,82,1163,296,1036,0,0,287,1311,90,458,302,1769,California
Calaveras,2021-01-21,463,2662,40,1203,423,1459,0,0,425,1713,38,496,440,2209,California
Calaveras,2021-01-22,403,3065,24,1227,379,1838,0,0,390,2099,13,509,399,2608,California
Calaveras,2021-01-23,17,3082,8,1235,9,1847,0,0,16,2114,1,510,16,2624,California
Calaveras,2021-01-24,14,3096,8,1243,6,1853,0,0,12,2124,2,512,12,2636,California
Calaveras,2021-01-25,87,3183,8,1251,79,1932,0,0,81,2199,6,518,81,2717,California
Calaveras,2021-01-26,47,3230,15,1266,32,1964,0,0,38,2228,9,527,38,2755,California
Calaveras,2021-01-27,129,3359,45,1311,84,2048,0,0,100,2300,28,555,100,2855,California
Calaveras,2021-01-28,165,3524,25,1336,140,2188,0,0,139,2418,26,581,144,2999,California
Calaveras,2021-01-29,366,3890,12,1348,354,2542,0,0,333,2733,33,614,348,3347,California
Calaveras,2021-01-30,27,3917,10,1358,17,2559,0,0,25,2758,0,614,25,3372,California
Calaveras,2021-01-31,7,3924,4,1362,3,2562,0,0,6,2763,1,615,6,3378,California
Calaveras,2021-02-01,28,3952,12,1374,16,2578,0,0,19,2773,9,624,19,3397,California
Calaveras,2021-02-02,110,4062,23,1397,87,2665,0,0,71,2811,34,658,72,3469,California
Calaveras,2021-02-03,434,4496,44,1441,390,3055,0,0,349,3078,84,742,351,3820,California
Calaveras,2021-02-04,384,4880,26,1467,358,3413,0,0,299,3295,85,827,302,4122,California
Calaveras,2021-02-05,79,4959,22,1489,57,3470,0,0,41,3299,38,865,42,4164,California
Calaveras,2021-02-06,21,4980,12,1501,9,3479,0,0,21,3320,0,865,21,4185,California
Calaveras,2021-02-07,5,4985,1,1502,4,3483,0,0,2,3320,2,867,2,4187,California
Calaveras,2021-02-08,39,5024,18,1520,21,3504,0,0,31,3345,6,873,31,4218,California
Calaveras,2021-02-09,192,5216,77,1597,115,3619,0,0,130,3416,60,933,131,4349,California
Calaveras,2021-02-10,515,5731,31,1628,484,4103,0,0,441,3790,74,1007,448,4797,California
Calaveras,2021-02-11,585,6316,85,1713,500,4603,0,0,471,4159,111,1118,480,5277,California
Calaveras,2021-02-12,570,6886,325,2038,245,4848,0,0,489,4575,79,1197,495,5772,California
Calaveras,2021-02-13,200,7086,45,2083,155,5003,0,0,185,4745,15,1212,185,5957,California
Calaveras,2021-02-14,223,7309,71,2154,152,5155,0,0,207,4938,14,1226,207,6164,California
Calaveras,2021-02-15,382,7691,25,2179,357,5512,0,0,262,5083,117,1343,262,6426,California
Calaveras,2021-02-16,267,7958,143,2322,124,5636,0,0,230,5279,37,1380,233,6659,California
Calaveras,2021-02-17,511,8469,37,2359,474,6110,0,0,206,5199,290,1670,210,6869,California
Calaveras,2021-02-18,498,8967,91,2450,407,6517,0,0,95,4913,382,2052,96,6965,California
Calaveras,2021-02-19,439,9406,42,2492,397,6914,0,0,98,4682,329,2381,98,7063,California
Calaveras,2021-02-20,56,9462,15,2507,41,6955,0,0,47,4720,9,2390,47,7110,California
Calaveras,2021-02-21,25,9487,15,2522,10,6965,0,0,18,4732,6,2396,18,7128,California
Calaveras,2021-02-22,62,9549,38,2560,24,6989,0,0,33,4736,29,2425,33,7161,California
Calaveras,2021-02-23,128,9677,43,2603,85,7074,0,0,92,4793,36,2461,93,7254,California
Calaveras,2021-02-24,96,9773,47,2650,49,7123,0,0,66,4830,29,2490,66,7320,California
Calaveras,2021-02-25,552,10325,101,2751,451,7574,0,0,355,5000,191,2681,361,7681,California
Calaveras,2021-02-26,775,11100,45,2796,730,8304,0,0,411,5072,340,3021,412,8093,California
Calaveras,2021-02-27,204,11304,23,2819,181,8485,0,0,180,5228,24,3045,180,8273,California
Calaveras,2021-02-28,97,11401,15,2834,82,8567,0,0,91,5314,5,3050,91,8364,California
Calaveras,2021-03-01,240,11641,47,2881,193,8760,0,0,152,5384,83,3133,153,8517,California
Calaveras,2021-03-02,254,11895,100,2981,154,8914,0,0,206,5547,45,3178,208,8725,California
Calaveras,2021-03-03,559,12454,107,3088,452,9366,0,0,220,5434,333,3511,220,8945,California
Calaveras,2021-03-04,749,13203,72,3160,676,10042,1,1,354,5404,386,3897,356,9301,California
Calaveras,2021-03-05,455,13658,271,3431,180,10222,4,5,140,5243,305,4202,144,9445,California
Calaveras,2021-03-06,154,13812,41,3472,107,10329,6,11,114,5324,40,4242,121,9566,California
Calaveras,2021-03-07,77,13889,32,3504,38,10367,7,18,35,5324,42,4284,42,9608,California
Calaveras,2021-03-08,164,14053,28,3532,128,10495,8,26,129,5427,34,4318,137,9745,California
Calaveras,2021-03-09,361,14414,136,3668,219,10714,6,32,32,5142,323,4641,38,9783,California
Calaveras,2021-03-10,418,14832,30,3698,385,11099,3,35,59,4854,350,4991,62,9845,California
Calaveras,2021-03-11,853,15685,425,4123,415,11514,13,48,431,4889,411,5402,446,10291,California
Calaveras,2021-03-12,399,16084,212,4335,178,11692,9,57,322,5152,76,5478,339,10630,California
Calaveras,2021-03-13,178,16262,15,4350,155,11847,8,65,138,5264,39,5517,151,10781,California
Calaveras,2021-03-14,154,16416,11,4361,142,11989,1,66,16,5149,138,5655,23,10804,California
Calaveras,2021-03-15,331,16747,50,4411,256,12245,25,91,56,4960,274,5929,85,10889,California
Calaveras,2021-03-16,691,17438,554,4965,117,12362,20,111,545,5381,144,6073,565,11454,California
Calaveras,2021-03-17,277,17715,50,5015,213,12575,14,125,48,5220,224,6297,63,11517,California
Calaveras,2021-03-18,665,18380,569,5584,80,12655,16,141,548,5669,117,6414,566,12083,California
Calaveras,2021-03-19,234,18614,50,5634,110,12765,74,215,59,5629,171,6585,131,12214,California
Calaveras,2021-03-20,78,18692,22,5656,55,12820,1,216,21,5595,57,6642,23,12237,California
Calaveras,2021-03-21,46,18738,29,5685,6,12826,11,227,9,5580,36,6678,21,12258,California
Calaveras,2021-03-22,80,18818,36,5721,23,12849,21,248,25,5571,55,6733,46,12304,California
Calaveras,2021-03-23,296,19114,206,5927,80,12929,10,258,115,5527,169,6902,125,12429,California
Calaveras,2021-03-24,137,19251,53,5980,74,13003,10,268,44,5490,91,6993,54,12483,California
Calaveras,2021-03-25,745,19996,103,6083,638,13641,4,272,445,5648,291,7284,449,12932,California
Calaveras,2021-03-26,425,20421,27,6110,392,14033,6,278,87,5408,335,7619,95,13027,California
Calaveras,2021-03-27,210,20631,19,6129,187,14220,4,282,37,5281,170,7789,43,13070,California
Calaveras,2021-03-28,112,20743,12,6141,98,14318,2,284,8,5189,103,7892,11,13081,California
Calaveras,2021-03-29,179,20922,22,6163,154,14472,3,287,56,5129,120,8012,60,13141,California
Calaveras,2021-03-30,539,21461,26,6189,496,14968,17,304,360,5328,178,8190,377,13518,California
Calaveras,2021-03-31,324,21785,143,6332,171,15139,10,314,156,5327,168,8358,167,13685,California
Calaveras,2021-04-01,687,22472,445,6777,241,15380,1,315,187,5023,496,8854,192,13877,California
Calaveras,2021-04-02,392,22864,229,7006,155,15535,8,323,116,4878,270,9124,125,14002,California
Calaveras,2021-04-03,144,23008,33,7039,107,15642,4,327,40,4818,104,9228,44,14046,California
Calaveras,2021-04-04,82,23090,26,7065,56,15698,0,327,50,4836,32,9260,50,14096,California
Calaveras,2021-04-05,212,23302,81,7146,121,15819,10,337,100,4834,112,9372,110,14206,California
Calaveras,2021-04-06,655,23957,577,7723,64,15883,14,351,114,4425,537,9909,128,14334,California
Calaveras,2021-04-07,758,24715,660,8383,61,15944,37,388,620,4945,138,10047,658,14992,California
Calaveras,2021-04-08,947,25662,857,9240,69,16013,21,409,438,4899,506,10553,460,15452,California
Calaveras,2021-04-09,156,25818,59,9299,48,16061,49,458,58,4909,97,10650,107,15559,California
Calaveras,2021-04-10,193,26011,43,9342,131,16192,19,477,149,5035,43,10693,169,15728,California
Calaveras,2021-04-11,67,26078,45,9387,21,16213,1,478,49,5067,18,10711,50,15778,California
Calaveras,2021-04-12,103,26181,45,9432,40,16253,18,496,54,5091,49,10760,73,15851,California
Calaveras,2021-04-13,423,26604,368,9800,55,16308,0,496,365,5401,57,10817,367,16218,California
Calaveras,2021-04-14,182,26786,30,9830,152,16460,0,496,135,5490,47,10864,136,16354,California
Calaveras,2021-04-15,333,27119,282,10112,51,16511,0,496,247,5655,82,10946,247,16601,California
Calaveras,2021-04-16,103,27222,27,10139,76,16587,0,496,49,5656,49,10995,50,16651,California
Calaveras,2021-04-17,333,27555,128,10267,205,16792,0,496,291,5905,42,11037,291,16942,California
Calaveras,2021-04-18,18,27573,6,10273,12,16804,0,496,12,5911,6,11043,12,16954,California
Calaveras,2021-04-19,75,27648,26,10299,49,16853,0,496,45,5928,29,11072,46,17000,California
Calaveras,2021-04-20,260,27908,92,10391,168,17021,0,496,193,6056,65,11137,193,17193,California
Calaveras,2021-04-21,213,28121,143,10534,70,17091,0,496,81,6008,130,11267,82,17275,California
Calaveras,2021-04-22,544,28665,96,10630,448,17539,0,496,142,5753,399,11666,144,17419,California
Calaveras,2021-04-23,157,28822,79,10709,78,17617,0,496,64,5727,90,11756,64,17483,California
Calaveras,2021-04-24,172,28994,36,10745,136,17753,0,496,129,5815,42,11798,130,17613,California
Calaveras,2021-04-25,42,29036,28,10773,14,17767,0,496,21,5817,21,11819,23,17636,California
Calaveras,2021-04-26,116,29152,73,10846,43,17810,0,496,34,5770,82,11901,35,17671,California
Calaveras,2021-04-27,442,29594,74,10920,355,18165,13,509,57,5458,382,12283,70,17741,California
Calaveras,2021-04-28,648,30242,579,11499,38,18203,31,540,54,4958,592,12875,92,17833,California
Calaveras,2021-04-29,515,30757,443,11942,53,18256,19,559,73,4614,440,13315,96,17929,California
Calaveras,2021-04-30,151,30908,61,12003,85,18341,5,564,67,4609,83,13398,78,18007,California
Calaveras,2021-05-01,202,31110,111,12114,88,18429,3,567,134,4683,67,13465,141,18148,California
Calaveras,2021-05-02,51,31161,34,12148,16,18445,1,568,18,4672,31,13496,20,18168,California
Calaveras,2021-05-03,91,31252,67,12215,19,18464,5,573,29,4648,62,13558,38,18206,California
Calaveras,2021-05-04,416,31668,330,12545,49,18513,37,610,43,4357,372,13930,81,18287,California
Calaveras,2021-05-05,114,31782,58,12603,23,18536,33,643,50,4376,63,13993,82,18369,California
Calaveras,2021-05-06,255,32037,194,12797,37,18573,24,667,48,4243,206,14199,73,18442,California
Calaveras,2021-05-07,86,32123,22,12819,58,18631,6,673,56,4275,30,14229,62,18504,California
Calaveras,2021-05-08,291,32414,144,12963,145,18776,2,675,90,4169,198,14427,92,18596,California
Calaveras,2021-05-09,29,32443,12,12975,14,18790,3,678,13,4169,16,14443,16,18612,California
Calaveras,2021-05-10,56,32499,25,13000,30,18820,1,679,26,4169,28,14471,28,18640,California
Calaveras,2021-05-11,134,32633,88,13088,33,18853,13,692,94,4238,39,14510,108,18748,California
Calaveras,2021-05-12,168,32801,47,13135,121,18974,0,692,52,4175,115,14625,52,18800,California
Calaveras,2021-05-13,119,32920,65,13200,39,19013,15,707,63,4200,54,14679,79,18879,California
Calaveras,2021-05-14,149,33069,92,13292,54,19067,3,710,100,4255,48,14727,103,18982,California
Calaveras,2021-05-15,266,33335,93,13385,170,19237,3,713,105,4208,155,14882,108,19090,California
Calaveras,2021-05-16,29,33364,12,13397,17,19254,0,713,14,4208,15,14897,15,19105,California
Calaveras,2021-05-17,88,33452,41,13438,40,19294,7,720,46,4221,41,14938,54,19159,California
Calaveras,2021-05-18,225,33677,61,13499,142,19436,22,742,71,4161,153,15091,93,19252,California
Calaveras,2021-05-19,145,33822,59,13558,82,19518,4,746,70,4162,74,15165,75,19327,California
Calaveras,2021-05-20,203,34025,79,13637,99,19617,25,771,67,4120,133,15298,91,19418,California
Calaveras,2021-05-21,97,34122,55,13692,38,19655,4,775,58,4144,37,15335,61,19479,California
Calaveras,2021-05-22,300,34422,159,13851,141,19796,0,775,147,4139,152,15487,147,19626,California
Calaveras,2021-05-23,29,34451,14,13865,15,19811,0,775,13,4136,16,15503,13,19639,California
Calaveras,2021-05-24,74,34525,38,13903,20,19831,16,791,31,4141,43,15546,48,19687,California
Calaveras,2021-05-25,123,34648,48,13951,59,19890,16,807,57,4148,66,15612,73,19760,California
Calaveras,2021-05-26,121,34769,87,14038,30,19920,4,811,83,4197,37,15649,86,19846,California
Calaveras,2021-05-27,83,34852,43,14081,36,19956,4,815,27,4176,53,15702,32,19878,California
Calaveras,2021-05-28,82,34934,42,14123,36,19992,4,819,41,4180,41,15743,45,19923,California
Calaveras,2021-05-29,69,35003,23,14146,41,20033,5,824,33,4183,36,15779,39,19962,California
Calaveras,2021-05-30,36,35039,14,14160,17,20050,5,829,11,4174,25,15804,16,19978,California
Calaveras,2021-05-31,5,35044,0,14160,3,20053,2,831,0,4171,5,15809,2,19980,California
Calaveras,2021-06-01,144,35188,97,14257,41,20094,6,837,44,4121,100,15909,50,20030,California
Calaveras,2021-06-02,85,35273,54,14311,27,20121,4,841,36,4112,49,15958,40,20070,California
Calaveras,2021-06-03,93,35366,55,14366,31,20152,7,848,42,4114,49,16007,51,20121,California
Calaveras,2021-06-04,140,35506,94,14460,34,20186,12,860,37,4060,103,16110,49,20170,California
Calaveras,2021-06-05,84,35590,27,14487,55,20241,2,862,33,4045,50,16160,35,20205,California
Calaveras,2021-06-06,40,35630,28,14515,9,20250,3,865,21,4050,19,16179,24,20229,California
Calaveras,2021-06-07,61,35691,44,14559,9,20259,8,873,25,4048,35,16214,33,20262,California
Calaveras,2021-06-08,125,35816,79,14638,39,20298,7,880,57,4046,66,16280,64,20326,California
Calaveras,2021-06-09,93,35909,49,14687,38,20336,6,886,30,4021,63,16343,38,20364,California
Calaveras,2021-06-10,115,36024,57,14744,49,20385,9,895,41,3999,72,16415,50,20414,California
Calaveras,2021-06-11,103,36127,58,14802,40,20425,5,900,32,3965,71,16486,37,20451,California
Calaveras,2021-06-12,62,36189,36,14838,24,20449,2,902,19,3944,43,16529,22,20473,California
Calaveras,2021-06-13,31,36220,18,14856,9,20458,4,906,8,3933,23,16552,12,20485,California
Calaveras,2021-06-14,59,36279,40,14896,15,20473,4,910,23,3925,36,16588,28,20513,California
Calaveras,2021-06-15,90,36369,54,14950,27,20500,9,919,22,3890,67,16655,32,20545,California
Calaveras,2021-06-16,181,36550,139,15089,28,20528,14,933,40,3804,140,16795,54,20599,California
Calaveras,2021-06-17,50,36600,24,15113,22,20550,4,937,19,3799,28,16823,23,20622,California
Calaveras,2021-06-18,54,36654,38,15151,14,20564,2,939,22,3791,32,16855,24,20646,California
Calaveras,2021-06-19,33,36687,0,15151,20,20584,13,952,8,3787,25,16880,21,20667,California
Colusa,2020-12-18,1,1,1,1,0,0,0,0,1,1,0,0,1,1,California
Colusa,2020-12-21,2,3,2,3,0,0,0,0,2,3,0,0,2,3,California
Colusa,2020-12-22,10,13,10,13,0,0,0,0,10,13,0,0,10,13,California
Colusa,2020-12-23,10,23,10,23,0,0,0,0,10,23,0,0,10,23,California
Colusa,2020-12-24,2,25,1,24,1,1,0,0,2,25,0,0,2,25,California
Colusa,2020-12-27,1,26,1,25,0,1,0,0,1,26,0,0,1,26,California
Colusa,2020-12-28,7,33,3,28,4,5,0,0,7,33,0,0,7,33,California
Colusa,2020-12-29,11,44,8,36,3,8,0,0,11,44,0,0,11,44,California
Colusa,2020-12-30,51,95,14,50,37,45,0,0,51,95,0,0,51,95,California
Colusa,2020-12-31,18,113,1,51,17,62,0,0,18,113,0,0,18,113,California
Colusa,2021-01-04,4,117,0,51,4,66,0,0,4,117,0,0,4,117,California
Colusa,2021-01-05,67,184,1,52,66,132,0,0,67,184,0,0,67,184,California
Colusa,2021-01-06,15,199,9,61,6,138,0,0,15,199,0,0,15,199,California
Colusa,2021-01-07,39,238,5,66,34,172,0,0,38,236,1,1,38,237,California
Colusa,2021-01-08,9,247,7,73,2,174,0,0,8,243,1,2,8,245,California
Colusa,2021-01-09,2,249,1,74,1,175,0,0,2,245,0,2,2,247,California
Colusa,2021-01-10,1,250,0,74,1,176,0,0,1,246,0,2,1,248,California
Colusa,2021-01-11,12,262,6,80,6,182,0,0,7,248,5,7,7,255,California
Colusa,2021-01-12,11,273,9,89,2,184,0,0,6,249,5,12,6,261,California
Colusa,2021-01-13,21,294,13,102,8,192,0,0,13,254,8,20,13,274,California
Colusa,2021-01-14,34,328,28,130,6,198,0,0,32,284,2,22,32,306,California
Colusa,2021-01-15,44,372,5,135,39,237,0,0,42,324,2,24,42,348,California
Colusa,2021-01-16,12,384,1,136,11,248,0,0,11,334,1,25,11,359,California
Colusa,2021-01-17,3,387,2,138,1,249,0,0,2,335,1,26,2,361,California
Colusa,2021-01-18,4,391,0,138,4,253,0,0,4,339,0,26,4,365,California
Colusa,2021-01-19,9,400,8,146,1,254,0,0,5,340,4,30,5,370,California
Colusa,2021-01-20,113,513,101,247,12,266,0,0,99,425,14,44,99,469,California
Colusa,2021-01-21,59,572,44,291,15,281,0,0,58,482,1,45,58,527,California
Colusa,2021-01-22,34,606,17,308,17,298,0,0,29,506,5,50,29,556,California
Colusa,2021-01-23,35,641,6,314,29,327,0,0,35,541,0,50,35,591,California
Colusa,2021-01-25,7,648,0,314,7,334,0,0,7,548,0,50,7,598,California
Colusa,2021-01-26,8,656,5,319,3,337,0,0,5,550,3,53,5,603,California
Colusa,2021-01-27,109,765,31,350,78,415,0,0,107,655,2,55,107,710,California
Colusa,2021-01-28,82,847,47,397,35,450,0,0,74,721,8,63,74,784,California
Colusa,2021-01-29,39,886,7,404,32,482,0,0,38,758,1,64,38,822,California
Colusa,2021-01-30,27,913,4,408,23,505,0,0,27,785,0,64,27,849,California
Colusa,2021-01-31,7,920,7,415,0,505,0,0,7,792,0,64,7,856,California
Colusa,2021-02-01,27,947,10,425,17,522,0,0,22,809,5,69,22,878,California
Colusa,2021-02-02,44,991,9,434,35,557,0,0,37,839,7,76,37,915,California
Colusa,2021-02-03,70,1061,11,445,59,616,0,0,59,887,11,87,59,974,California
Colusa,2021-02-04,145,1206,82,527,63,679,0,0,117,976,28,115,117,1091,California
Colusa,2021-02-05,28,1234,8,535,20,699,0,0,25,998,3,118,25,1116,California
Colusa,2021-02-06,282,1516,9,544,273,972,0,0,271,1258,11,129,271,1387,California
Colusa,2021-02-07,2,1518,1,545,1,973,0,0,0,1256,2,131,0,1387,California
Colusa,2021-02-08,40,1558,5,550,35,1008,0,0,37,1290,3,134,37,1424,California
Colusa,2021-02-09,228,1786,14,564,214,1222,0,0,175,1412,53,187,175,1599,California
Colusa,2021-02-10,114,1900,41,605,73,1295,0,0,71,1440,43,230,71,1670,California
Colusa,2021-02-11,99,1999,37,642,62,1357,0,0,73,1487,26,256,73,1743,California
Colusa,2021-02-12,118,2117,9,651,109,1466,0,0,77,1522,42,298,77,1820,California
Colusa,2021-02-13,60,2177,8,659,52,1518,0,0,52,1566,8,306,52,1872,California
Colusa,2021-02-14,21,2198,8,667,13,1531,0,0,15,1575,6,312,15,1887,California
Colusa,2021-02-15,45,2243,10,677,35,1566,0,0,38,1606,7,319,38,1925,California
Colusa,2021-02-16,67,2310,4,681,63,1629,0,0,66,1671,1,320,66,1991,California
Colusa,2021-02-17,203,2513,143,824,60,1689,0,0,58,1584,145,465,58,2049,California
Colusa,2021-02-18,138,2651,36,860,102,1791,0,0,115,1676,23,488,115,2164,California
Colusa,2021-02-19,150,2801,19,879,131,1922,0,0,130,1786,20,508,130,2294,California
Colusa,2021-02-20,27,2828,5,884,22,1944,0,0,11,1781,16,524,11,2305,California
Colusa,2021-02-21,1,2829,1,885,0,1944,0,0,0,1780,1,525,0,2305,California
Colusa,2021-02-22,43,2872,26,911,17,1961,0,0,29,1795,14,539,29,2334,California
Colusa,2021-02-23,22,2894,7,918,15,1976,0,0,17,1807,5,544,17,2351,California
Colusa,2021-02-24,304,3198,55,973,249,2225,0,0,159,1821,145,689,159,2510,California
Colusa,2021-02-25,102,3300,54,1027,48,2273,0,0,66,1851,36,725,66,2576,California
Colusa,2021-02-26,95,3395,14,1041,81,2354,0,0,59,1874,36,761,59,2635,California
Colusa,2021-02-27,55,3450,4,1045,51,2405,0,0,40,1899,15,776,40,2675,California
Colusa,2021-02-28,27,3477,15,1060,12,2417,0,0,18,1908,9,785,18,2693,California
Colusa,2021-03-01,46,3523,15,1075,31,2448,0,0,29,1920,17,802,29,2722,California
Colusa,2021-03-02,47,3570,12,1087,35,2483,0,0,24,1921,23,825,24,2746,California
Colusa,2021-03-03,246,3816,46,1133,200,2683,0,0,189,2053,57,882,189,2935,California
Colusa,2021-03-04,140,3956,59,1192,81,2764,0,0,81,2075,59,941,81,3016,California
Colusa,2021-03-05,94,4050,25,1217,60,2824,9,9,53,2096,41,982,62,3078,California
Colusa,2021-03-06,272,4322,9,1226,263,3087,0,9,38,1900,234,1216,38,3116,California
Colusa,2021-03-07,8,4330,5,1231,3,3090,0,9,6,1904,2,1218,6,3122,California
Colusa,2021-03-08,89,4419,21,1252,33,3123,35,44,45,1940,44,1262,80,3202,California
Colusa,2021-03-09,274,4693,74,1326,177,3300,23,67,85,1859,189,1451,108,3310,California
Colusa,2021-03-10,289,4982,38,1364,215,3515,36,103,204,2014,85,1536,240,3550,California
Colusa,2021-03-11,417,5399,59,1423,337,3852,21,124,334,2284,83,1619,353,3903,California
Colusa,2021-03-12,109,5508,18,1441,79,3931,12,136,20,2227,89,1708,32,3935,California
Colusa,2021-03-13,59,5567,14,1455,36,3967,9,145,17,2211,42,1750,26,3961,California
Colusa,2021-03-14,21,5588,0,1455,19,3986,2,147,7,2207,13,1763,9,3970,California
Colusa,2021-03-15,71,5659,27,1482,36,4022,8,155,15,2174,56,1819,23,3993,California
Colusa,2021-03-16,296,5955,16,1498,234,4256,46,201,189,2302,107,1926,235,4228,California
Colusa,2021-03-17,192,6147,49,1547,143,4399,0,201,107,2324,85,2011,107,4335,California
Colusa,2021-03-18,325,6472,37,1584,218,4617,70,271,202,2474,123,2134,273,4608,California
Colusa,2021-03-19,79,6551,20,1604,57,4674,2,273,53,2503,26,2160,55,4663,California
Colusa,2021-03-20,49,6600,7,1611,41,4715,1,274,36,2527,13,2173,37,4700,California
Colusa,2021-03-21,6,6606,4,1615,2,4717,0,274,3,2527,3,2176,3,4703,California
Colusa,2021-03-22,62,6668,10,1625,43,4760,9,283,40,2554,22,2198,49,4752,California
Colusa,2021-03-23,81,6749,16,1641,63,4823,2,285,55,2585,26,2224,57,4809,California
Colusa,2021-03-24,342,7091,57,1698,279,5102,6,291,67,2382,275,2499,72,4881,California
Colusa,2021-03-25,107,7198,60,1758,42,5144,5,296,49,2378,58,2557,54,4935,California
Colusa,2021-03-26,298,7496,48,1806,246,5390,4,300,246,2576,52,2609,250,5185,California
Colusa,2021-03-27,63,7559,5,1811,58,5448,0,300,25,2563,38,2647,25,5210,California
Colusa,2021-03-28,16,7575,7,1818,9,5457,0,300,8,2563,8,2655,8,5218,California
Colusa,2021-03-29,73,7648,21,1839,46,5503,6,306,33,2562,40,2695,39,5257,California
Colusa,2021-03-30,149,7797,82,1921,65,5568,2,308,71,2557,78,2773,73,5330,California
Colusa,2021-03-31,234,8031,41,1962,193,5761,0,308,70,2464,163,2936,70,5400,California
Colusa,2021-04-01,435,8466,71,2033,309,6070,55,363,313,2710,121,3057,367,5767,California
Colusa,2021-04-02,82,8548,15,2048,53,6123,14,377,38,2718,44,3101,52,5819,California
Colusa,2021-04-03,60,8608,9,2057,28,6151,23,400,14,2708,46,3147,36,5855,California
Colusa,2021-04-04,18,8626,0,2057,8,6159,10,410,3,2706,15,3162,13,5868,California
Colusa,2021-04-05,97,8723,26,2083,55,6214,16,426,39,2703,58,3220,55,5923,California
Colusa,2021-04-06,130,8853,34,2117,45,6259,51,477,43,2710,87,3307,94,6017,California
Colusa,2021-04-07,358,9211,41,2158,294,6553,23,500,131,2638,227,3534,155,6172,California
Colusa,2021-04-08,423,9634,33,2191,364,6917,26,526,120,2484,300,3834,146,6318,California
Colusa,2021-04-09,77,9711,21,2212,32,6949,24,550,28,2487,49,3883,52,6370,California
Colusa,2021-04-10,46,9757,9,2221,16,6965,21,571,13,2488,33,3916,34,6404,California
Colusa,2021-04-11,17,9774,3,2224,12,6977,2,573,8,2489,9,3925,10,6414,California
Colusa,2021-04-12,31,9805,3,2227,28,7005,0,573,24,2506,7,3932,24,6438,California
Colusa,2021-04-13,278,10083,22,2249,256,7261,0,573,93,2415,184,4116,93,6531,California
Colusa,2021-04-14,93,10176,19,2268,74,7335,0,573,31,2384,62,4178,31,6562,California
Colusa,2021-04-15,327,10503,47,2315,280,7615,0,573,134,2325,193,4371,134,6696,California
Colusa,2021-04-16,81,10584,11,2326,70,7685,0,573,37,2319,43,4414,37,6733,California
Colusa,2021-04-17,51,10635,7,2333,44,7729,0,573,29,2326,22,4436,29,6762,California
Colusa,2021-04-18,9,10644,2,2335,7,7736,0,573,7,2331,2,4438,7,6769,California
Colusa,2021-04-19,61,10705,22,2357,39,7775,0,573,16,2302,45,4483,16,6785,California
Colusa,2021-04-20,180,10885,31,2388,149,7924,0,573,130,2382,50,4533,130,6915,California
Colusa,2021-04-21,171,11056,60,2448,111,8035,0,573,111,2433,60,4593,111,7026,California
Colusa,2021-04-22,418,11474,27,2475,390,8425,1,574,218,2452,199,4792,218,7244,California
Colusa,2021-04-23,93,11567,20,2495,73,8498,0,574,36,2431,57,4849,36,7280,California
Colusa,2021-04-24,240,11807,19,2514,220,8718,1,575,209,2609,31,4880,209,7489,California
Colusa,2021-04-25,12,11819,6,2520,6,8724,0,575,8,2613,4,4884,8,7497,California
Colusa,2021-04-26,25,11844,5,2525,19,8743,1,576,6,2601,18,4902,6,7503,California
Colusa,2021-04-27,94,11938,23,2548,67,8810,4,580,44,2599,50,4952,48,7551,California
Colusa,2021-04-28,189,12127,27,2575,159,8969,3,583,139,2692,49,5001,142,7693,California
Colusa,2021-04-29,320,12447,27,2602,289,9258,4,587,47,2472,271,5272,51,7744,California
Colusa,2021-04-30,64,12511,19,2621,45,9303,0,587,42,2492,22,5294,42,7786,California
Colusa,2021-05-01,19,12530,8,2629,8,9311,3,590,9,2494,10,5304,12,7798,California
Colusa,2021-05-02,4,12534,1,2630,2,9313,1,591,2,2495,2,5306,3,7801,California
Colusa,2021-05-03,31,12565,7,2637,24,9337,0,591,15,2494,16,5322,15,7816,California
Colusa,2021-05-04,94,12659,52,2689,41,9378,1,592,67,2535,27,5349,68,7884,California
Colusa,2021-05-05,79,12738,16,2705,62,9440,1,593,34,2525,45,5394,35,7919,California
Colusa,2021-05-06,253,12991,16,2721,235,9675,2,595,110,2494,143,5537,112,8031,California
Colusa,2021-05-07,66,13057,4,2725,58,9733,4,599,30,2492,36,5573,34,8065,California
Colusa,2021-05-08,19,13076,5,2730,14,9747,0,599,9,2491,10,5583,9,8074,California
Colusa,2021-05-09,13,13089,5,2735,5,9752,3,602,6,2493,7,5590,9,8083,California
Colusa,2021-05-10,15,13104,6,2741,9,9761,0,602,6,2490,9,5599,6,8089,California
Colusa,2021-05-11,92,13196,33,2774,59,9820,0,602,50,2498,42,5641,50,8139,California
Colusa,2021-05-12,72,13268,31,2805,37,9857,4,606,20,2470,52,5693,24,8163,California
Colusa,2021-05-13,241,13509,23,2828,217,10074,1,607,77,2384,164,5857,78,8241,California
Colusa,2021-05-14,86,13595,18,2846,53,10127,15,622,33,2380,52,5909,48,8289,California
Colusa,2021-05-15,37,13632,9,2855,26,10153,2,624,19,2383,18,5927,21,8310,California
Colusa,2021-05-16,22,13654,5,2860,10,10163,7,631,9,2386,13,5940,16,8326,California
Colusa,2021-05-17,24,13678,4,2864,18,10181,2,633,12,2388,12,5952,14,8340,California
Colusa,2021-05-18,99,13777,26,2890,71,10252,2,635,46,2383,53,6005,48,8388,California
Colusa,2021-05-19,219,13996,44,2934,155,10407,20,655,68,2320,151,6156,88,8476,California
Colusa,2021-05-20,283,14279,36,2970,243,10650,4,659,70,2181,213,6369,74,8550,California
Colusa,2021-05-21,70,14349,24,2994,44,10694,2,661,35,2183,35,6404,37,8587,California
Colusa,2021-05-22,219,14568,22,3016,196,10890,1,662,31,2027,188,6592,32,8619,California
Colusa,2021-05-23,18,14586,7,3023,7,10897,4,666,5,2023,13,6605,9,8628,California
Colusa,2021-05-24,26,14612,3,3026,18,10915,5,671,15,2032,11,6616,20,8648,California
Colusa,2021-05-25,135,14747,76,3102,57,10972,2,673,53,2005,82,6698,55,8703,California
Colusa,2021-05-26,72,14819,25,3127,47,11019,0,673,33,1999,39,6737,33,8736,California
Colusa,2021-05-27,170,14989,17,3144,153,11172,0,673,54,1937,116,6853,54,8790,California
Colusa,2021-05-28,79,15068,25,3169,53,11225,1,674,40,1939,39,6892,41,8831,California
Colusa,2021-05-29,40,15108,18,3187,18,11243,4,678,29,1961,11,6903,33,8864,California
Colusa,2021-05-30,8,15116,1,3188,2,11245,5,683,1,1960,7,6910,6,8870,California
Colusa,2021-05-31,4,15120,0,3188,4,11249,0,683,1,1958,3,6913,1,8871,California
Colusa,2021-06-01,50,15170,16,3204,33,11282,1,684,26,1961,24,6937,27,8898,California
Colusa,2021-06-02,146,15316,20,3224,124,11406,2,686,52,1922,93,7030,54,8952,California
Colusa,2021-06-03,61,15377,19,3243,41,11447,1,687,26,1917,32,7062,27,8979,California
Colusa,2021-06-04,59,15436,19,3262,37,11484,3,690,21,1903,38,7100,24,9003,California
Colusa,2021-06-05,35,15471,16,3278,18,11502,1,691,18,1905,17,7117,19,9022,California
Colusa,2021-06-06,9,15480,4,3282,4,11506,1,692,6,1909,3,7120,7,9029,California
Colusa,2021-06-07,22,15502,6,3288,16,11522,0,692,12,1911,10,7130,12,9041,California
Colusa,2021-06-08,74,15576,20,3308,54,11576,0,692,29,1895,45,7175,29,9070,California
Colusa,2021-06-09,69,15645,39,3347,30,11606,0,692,28,1882,41,7216,28,9098,California
Colusa,2021-06-10,56,15701,23,3370,31,11637,2,694,14,1856,42,7258,16,9114,California
Colusa,2021-06-11,60,15761,33,3403,27,11664,0,694,29,1854,31,7289,29,9143,California
Colusa,2021-06-12,36,15797,22,3425,14,11678,0,694,9,1836,27,7316,9,9152,California
Colusa,2021-06-13,10,15807,3,3428,5,11683,2,696,2,1832,8,7324,4,9156,California
Colusa,2021-06-14,19,15826,9,3437,10,11693,0,696,7,1827,12,7336,7,9163,California
Colusa,2021-06-15,77,15903,37,3474,39,11732,1,697,19,1789,58,7394,20,9183,California
Colusa,2021-06-16,56,15959,16,3490,39,11771,1,698,16,1766,40,7434,17,9200,California
Colusa,2021-06-17,76,16035,11,3501,64,11835,1,699,15,1721,61,7495,16,9216,California
Colusa,2021-06-18,63,16098,33,3534,28,11863,2,701,26,1712,37,7532,28,9244,California
Colusa,2021-06-19,5,16103,3,3537,2,11865,0,701,1,1709,4,7536,1,9245,California
Contra Costa,2020-12-15,18,18,18,18,0,0,0,0,18,18,0,0,18,18,California
Contra Costa,2020-12-16,525,543,525,543,0,0,0,0,525,543,0,0,525,543,California
Contra Costa,2020-12-17,1052,1595,1052,1595,0,0,0,0,1052,1595,0,0,1052,1595,California
Contra Costa,2020-12-18,1790,3385,1788,3383,2,2,0,0,1790,3385,0,0,1790,3385,California
Contra Costa,2020-12-19,1135,4520,1134,4517,1,3,0,0,1135,4520,0,0,1135,4520,California
Contra Costa,2020-12-20,611,5131,610,5127,1,4,0,0,611,5131,0,0,611,5131,California
Contra Costa,2020-12-21,1689,6820,1687,6814,2,6,0,0,1689,6820,0,0,1689,6820,California
Contra Costa,2020-12-22,1697,8517,1589,8403,108,114,0,0,1697,8517,0,0,1697,8517,California
Contra Costa,2020-12-23,1652,10169,1400,9803,252,366,0,0,1652,10169,0,0,1652,10169,California
Contra Costa,2020-12-24,670,10839,343,10146,327,693,0,0,670,10839,0,0,670,10839,California
Contra Costa,2020-12-25,44,10883,20,10166,24,717,0,0,44,10883,0,0,44,10883,California
Contra Costa,2020-12-26,667,11550,138,10304,529,1246,0,0,667,11550,0,0,667,11550,California
Contra Costa,2020-12-27,245,11795,87,10391,158,1404,0,0,245,11795,0,0,245,11795,California
Contra Costa,2020-12-28,1870,13665,877,11268,993,2397,0,0,1870,13665,0,0,1870,13665,California
Contra Costa,2020-12-29,1871,15536,829,12097,1042,3439,0,0,1871,15536,0,0,1871,15536,California
Contra Costa,2020-12-30,2454,17990,1228,13325,1226,4665,0,0,2452,17987,2,2,2453,17989,California
Contra Costa,2020-12-31,937,18927,310,13635,627,5292,0,0,936,18923,0,2,936,18925,California
Contra Costa,2021-01-01,68,18995,26,13661,42,5334,0,0,68,18991,0,2,68,18993,California
Contra Costa,2021-01-02,347,19342,179,13840,168,5502,0,0,347,19338,0,2,347,19340,California
Contra Costa,2021-01-03,189,19531,128,13968,61,5563,0,0,187,19525,0,2,187,19527,California
Contra Costa,2021-01-04,1924,21455,1254,15222,670,6233,0,0,1904,21411,18,20,1904,21431,California
Contra Costa,2021-01-05,2141,23596,1277,16499,864,7097,0,0,1852,22976,288,308,1853,23284,California
Contra Costa,2021-01-06,3338,26934,2288,18787,1050,8147,0,0,2507,24662,825,1133,2511,25795,California
Contra Costa,2021-01-07,3147,30081,2104,20891,1043,9190,0,0,1807,25132,1337,2470,1807,27602,California
Contra Costa,2021-01-08,3442,33523,2437,23328,1005,10195,0,0,1769,25236,1668,4138,1772,29374,California
Contra Costa,2021-01-09,1616,35139,1158,24486,458,10653,0,0,741,25105,874,5012,743,30117,California
Contra Costa,2021-01-10,374,35513,297,24783,77,10730,0,0,156,25043,218,5230,156,30273,California
Contra Costa,2021-01-11,3885,39398,3185,27968,700,11430,0,0,2233,25627,1652,6882,2236,32509,California
Contra Costa,2021-01-12,3976,43374,2981,30949,995,12425,0,0,2609,26873,1366,8248,2612,35121,California
Contra Costa,2021-01-13,4817,48191,2984,33933,1833,14258,0,0,3839,29739,974,9222,3840,38961,California
Contra Costa,2021-01-14,4387,52578,1591,35524,2796,17054,0,0,3991,33334,396,9618,3991,42952,California
Contra Costa,2021-01-15,5436,58014,2497,38021,2939,19993,0,0,5101,38107,334,9952,5107,48059,California
Contra Costa,2021-01-16,1783,59797,583,38604,1200,21193,0,0,1700,39725,83,10035,1701,49760,California
Contra Costa,2021-01-17,1685,61482,992,39596,693,21886,0,0,1563,41169,122,10157,1566,51326,California
Contra Costa,2021-01-18,3298,64780,1313,40909,1985,23871,0,0,2661,43201,632,10789,2664,53990,California
Contra Costa,2021-01-19,7147,71927,3207,44116,3940,27811,0,0,6133,48330,1009,11798,6138,60128,California
Contra Costa,2021-01-20,6819,78746,4204,48320,2615,30426,0,0,5564,52648,1251,13049,5569,65697,California
Contra Costa,2021-01-21,7113,85859,3149,51469,3964,34390,0,0,6371,58291,736,13785,6379,72076,California
Contra Costa,2021-01-22,6521,92380,2756,54225,3765,38155,0,0,5638,63058,874,14659,5641,77717,California
Contra Costa,2021-01-23,2100,94480,369,54594,1731,39886,0,0,1826,64614,272,14931,1828,79545,California
Contra Costa,2021-01-24,1630,96110,224,54818,1406,41292,0,0,1477,65942,153,15084,1481,81026,California
Contra Costa,2021-01-25,6784,102894,3067,57885,3717,45009,0,0,5176,69516,1606,16690,5180,86206,California
Contra Costa,2021-01-26,8254,111148,4759,62644,3495,48504,0,0,6363,74001,1883,18573,6368,92574,California
Contra Costa,2021-01-27,8345,119493,5480,68124,2865,51369,0,0,6454,78581,1879,20452,6459,99033,California
Contra Costa,2021-01-28,7605,127098,4125,72249,3480,54849,0,0,5955,82896,1644,22096,5959,104992,California
Contra Costa,2021-01-29,7579,134677,3942,76191,3637,58486,0,0,6236,87796,1338,23434,6238,111230,California
Contra Costa,2021-01-30,2192,136869,667,76858,1525,60011,0,0,1785,89181,400,23834,1785,113015,California
Contra Costa,2021-01-31,685,137554,454,77312,231,60242,0,0,589,89677,93,23927,589,113604,California
Contra Costa,2021-02-01,5932,143486,4119,81431,1813,62055,0,0,4010,91777,1914,25841,4014,117618,California
Contra Costa,2021-02-02,7692,151178,5146,86577,2546,64601,0,0,5974,96037,1717,27558,5977,123595,California
Contra Costa,2021-02-03,8426,159604,5555,92132,2871,67472,0,0,5719,99062,2697,30255,5722,129317,California
Contra Costa,2021-02-04,7653,167257,3634,95766,4019,71491,0,0,5870,103154,1781,32036,5873,135190,California
Contra Costa,2021-02-05,8563,175820,4875,100641,3688,75179,0,0,5847,106292,2709,34745,5847,141037,California
Contra Costa,2021-02-06,3559,179379,2197,102838,1362,76541,0,0,2896,108527,662,35407,2897,143934,California
Contra Costa,2021-02-07,1004,180383,727,103565,277,76818,0,0,612,108749,390,35797,612,144546,California
Contra Costa,2021-02-08,5976,186359,3553,107118,2423,79241,0,0,4442,111665,1527,37324,4443,148989,California
Contra Costa,2021-02-09,8827,195186,4884,112002,3943,83184,0,0,5881,114609,2938,40262,5882,154871,California
Contra Costa,2021-02-10,8788,203974,4738,116740,4050,87234,0,0,5430,116700,3343,43605,5434,160305,California
Contra Costa,2021-02-11,9492,213466,4281,121021,5211,92445,0,0,5351,117921,4135,47740,5356,165661,California
Contra Costa,2021-02-12,10227,223693,4674,125695,5553,97998,0,0,5518,118741,4701,52441,5521,171182,California
Contra Costa,2021-02-13,4961,228654,1395,127090,3566,101564,0,0,3452,120689,1506,53947,3454,174636,California
Contra Costa,2021-02-14,2130,230784,882,127972,1248,102812,0,0,1242,121045,886,54833,1242,175878,California
Contra Costa,2021-02-15,4534,235318,2494,130466,2040,104852,0,0,2365,121250,2161,56994,2366,178244,California
Contra Costa,2021-02-16,10546,245864,4968,135434,5578,110430,0,0,4703,120122,5835,62829,4707,182951,California
Contra Costa,2021-02-17,12478,258342,6257,141691,6221,116651,0,0,5736,119132,6727,69556,5737,188688,California
Contra Costa,2021-02-18,11640,269982,6049,147740,5591,122242,0,0,5381,118267,6248,75804,5383,194071,California
Contra Costa,2021-02-19,11633,281615,7259,154999,4374,126616,0,0,5278,117207,6340,82144,5280,199351,California
Contra Costa,2021-02-20,6637,288252,3010,158009,3627,130243,0,0,4673,119937,1947,84091,4677,204028,California
Contra Costa,2021-02-21,2375,290627,1774,159783,601,130844,0,0,1592,120747,782,84873,1592,205620,California
Contra Costa,2021-02-22,7874,298501,5321,165104,2553,133397,0,0,3631,120153,4228,89101,3634,209254,California
Contra Costa,2021-02-23,12382,310883,7626,172730,4756,138153,0,0,6233,120259,6135,95236,6241,215495,California
Contra Costa,2021-02-24,10917,321800,8030,180760,2887,141040,0,0,5300,119963,5598,100834,5302,220797,California
Contra Costa,2021-02-25,12078,333878,7663,188423,4415,145455,0,0,5608,119128,6449,107283,5614,226411,California
Contra Costa,2021-02-26,11294,345172,7142,195565,4152,149607,0,0,5603,119057,5676,112959,5605,232016,California
Contra Costa,2021-02-27,7034,352206,4544,200109,2490,152097,0,0,4406,120845,2620,115579,4408,236424,California
Contra Costa,2021-02-28,4426,356632,3677,203786,748,152845,1,1,3733,123890,690,116269,3735,240159,California
Contra Costa,2021-03-01,8786,365418,6661,210447,2119,154964,6,7,5426,125980,3344,119613,5434,245593,California
Contra Costa,2021-03-02,10845,376263,6957,217404,3887,158851,1,8,5808,126769,5021,124634,5810,251403,California
Contra Costa,2021-03-03,11580,387843,7296,224700,4283,163134,1,9,6543,128291,5023,129657,6545,257948,California
Contra Costa,2021-03-04,12212,400055,7295,231995,4916,168050,1,10,6335,128770,5858,135515,6337,264285,California
Contra Costa,2021-03-05,11721,411776,7021,239016,4693,172743,7,17,6734,130543,4969,140484,6742,271027,California
Contra Costa,2021-03-06,7642,419418,4276,243292,3052,175795,314,331,4980,133188,2647,143131,5292,276319,California
Contra Costa,2021-03-07,3942,423360,2509,245801,1371,177166,62,393,3239,135788,701,143832,3301,279620,California
Contra Costa,2021-03-08,8403,431763,3981,249782,4112,181278,310,703,5656,139023,2735,146567,5970,285590,California
Contra Costa,2021-03-09,11334,443097,6018,255800,5018,186296,298,1001,5936,139873,5387,151954,6237,291827,California
Contra Costa,2021-03-10,12676,455773,6376,262176,4788,191084,1512,2513,5785,140282,6878,158832,7287,299114,California
Contra Costa,2021-03-11,12713,468486,6676,268852,5467,196551,570,3083,6503,141167,6187,165019,7072,306186,California
Contra Costa,2021-03-12,12851,481337,5301,274153,6977,203528,573,3656,6404,141711,6429,171448,6973,313159,California
Contra Costa,2021-03-13,8025,489362,3233,277386,4359,207887,433,4089,3161,140457,4843,176291,3589,316748,California
Contra Costa,2021-03-14,4526,493888,2669,280055,1356,209243,501,4590,1731,139901,2787,179078,2231,318979,California
Contra Costa,2021-03-15,9645,503533,5247,285302,3628,212871,770,5360,4763,140572,4862,183940,5533,324512,California
Contra Costa,2021-03-16,14581,518114,8694,293996,5475,218346,412,5772,7192,140811,7363,191303,7602,332114,California
Contra Costa,2021-03-17,15340,533454,10613,304609,4503,222849,224,5996,8569,142865,6744,198047,8798,340912,California
Contra Costa,2021-03-18,15649,549103,8749,313358,6412,229261,488,6484,8626,144990,6988,205035,9113,350025,California
Contra Costa,2021-03-19,15910,565013,9205,322563,5271,234532,1434,7918,8221,146977,7671,212706,9658,359683,California
Contra Costa,2021-03-20,10898,575911,6541,329104,4041,238573,316,8234,5142,146702,5732,218438,5457,365140,California
Contra Costa,2021-03-21,4688,580599,4092,333196,498,239071,98,8332,1832,145786,2845,221283,1929,367069,California
Contra Costa,2021-03-22,11845,592444,8938,342134,2645,241716,262,8594,6871,147960,4957,226240,7131,374200,California
Contra Costa,2021-03-23,15921,608365,10979,353113,4770,246486,172,8766,9152,150545,6740,232980,9325,383525,California
Contra Costa,2021-03-24,15240,623605,11897,365010,3128,249614,215,8981,9196,153947,6011,238991,9413,392938,California
Contra Costa,2021-03-25,15599,639204,12185,377195,3121,252735,293,9274,9521,157715,6041,245032,9809,402747,California
Contra Costa,2021-03-26,15282,654486,10993,388188,3882,256617,407,9681,8764,160390,6490,251522,9165,411912,California
Contra Costa,2021-03-27,10737,665223,6997,395185,3222,259839,518,10199,5707,161590,5018,256540,6218,418130,California
Contra Costa,2021-03-28,4322,669545,3076,398261,1191,261030,55,10254,1657,160648,2654,259194,1712,419842,California
Contra Costa,2021-03-29,11087,680632,8650,406911,2319,263349,118,10372,7034,163769,4034,263228,7155,426997,California
Contra Costa,2021-03-30,17056,697688,9349,416260,6344,269693,1363,11735,10522,169135,6515,269743,11881,438878,California
Contra Costa,2021-03-31,18331,716019,12875,429135,4000,273693,1456,13191,11514,175327,6770,276513,12962,451840,California
Contra Costa,2021-04-01,17867,733886,12516,441651,3950,277643,1401,14592,11585,182061,6247,282760,12981,464821,California
Contra Costa,2021-04-02,17767,751653,13089,454740,3644,281287,1034,15626,11764,188864,5990,288750,12793,477614,California
Contra Costa,2021-04-03,11044,762697,6593,461333,2887,284174,1564,17190,6316,192024,4714,293464,7874,485488,California
Contra Costa,2021-04-04,3424,766121,1346,462679,1472,285646,606,17796,861,190935,2554,296018,1465,486953,California
Contra Costa,2021-04-05,12295,778416,7997,470676,3308,288954,990,18786,6651,192947,5629,301647,7641,494594,California
Contra Costa,2021-04-06,17556,795972,12176,482852,3078,292032,2302,21088,9835,197382,7699,309346,12134,506728,California
Contra Costa,2021-04-07,18812,814784,12753,495605,3222,295254,2837,23925,10670,202803,8120,317466,13541,520269,California
Contra Costa,2021-04-08,18940,833724,12621,508226,3376,298630,2943,26868,10144,207111,8769,326235,13077,533346,California
Contra Costa,2021-04-09,19144,852868,12203,520429,4416,303046,2525,29393,10244,211004,8869,335104,12762,546108,California
Contra Costa,2021-04-10,10713,863581,3864,524293,2225,305271,4624,34017,3338,211593,7355,342459,7944,554052,California
Contra Costa,2021-04-11,3440,867021,2046,526339,719,305990,675,34692,1157,211147,2277,344736,1831,555883,California
Contra Costa,2021-04-12,12169,879190,8017,534356,3063,309053,1089,35781,5708,211509,6441,351177,6803,562686,California
Contra Costa,2021-04-13,18172,897362,11162,545518,7002,316055,8,35789,12121,217621,6023,357200,12135,574821,California
Contra Costa,2021-04-14,17971,915333,11298,556816,6672,322727,1,35790,9983,219648,7962,365162,9989,584810,California
Contra Costa,2021-04-15,17756,933089,10909,567725,6846,329573,1,35791,8228,218403,9498,374660,8253,593063,California
Contra Costa,2021-04-16,17180,950269,10704,578429,6475,336048,1,35792,7748,216759,9405,384065,7761,600824,California
Contra Costa,2021-04-17,11698,961967,6442,584871,5256,341304,0,35792,6296,217683,5384,389449,6308,607132,California
Contra Costa,2021-04-18,2834,964801,2182,587053,652,341956,0,35792,1821,218501,1003,390452,1821,608953,California
Contra Costa,2021-04-19,11578,976379,8633,595686,2945,344901,0,35792,3650,214255,7899,398351,3653,612606,California
Contra Costa,2021-04-20,17022,993401,11046,606732,5976,350877,0,35792,6431,210149,10561,408912,6455,619061,California
Contra Costa,2021-04-21,17628,1011029,14382,621114,3245,354122,1,35793,6294,205164,11294,420206,6309,625370,California
Contra Costa,2021-04-22,17375,1028404,14086,635200,3287,357409,2,35795,6129,200094,11210,431416,6140,631510,California
Contra Costa,2021-04-23,17211,1045615,13687,648887,3524,360933,0,35795,5535,194000,11638,443054,5544,637054,California
Contra Costa,2021-04-24,11094,1056709,8552,657439,2541,363474,1,35796,4249,191432,6821,449875,4253,641307,California
Contra Costa,2021-04-25,3325,1060034,2229,659668,1094,364568,2,35798,2091,192297,1232,451107,2097,643404,California
Contra Costa,2021-04-26,10113,1070147,8427,668095,1662,366230,24,35822,3046,188333,7047,458154,3083,646487,California
Contra Costa,2021-04-27,14810,1084957,10800,678895,3833,370063,177,35999,4037,181810,10748,468902,4225,650712,California
Contra Costa,2021-04-28,14381,1099338,11202,690097,2891,372954,288,36287,3860,175480,10486,479388,4156,654868,California
Contra Costa,2021-04-29,13557,1112895,10498,700595,2888,375842,171,36458,3232,168592,10296,489684,3408,658276,California
Contra Costa,2021-04-30,13876,1126771,10953,711548,2663,378505,260,36718,3138,161287,10709,500393,3404,661680,California
Contra Costa,2021-05-01,8137,1134908,5913,717461,1900,380405,324,37042,1926,157356,6181,506574,2250,663930,California
Contra Costa,2021-05-02,2375,1137283,1611,719072,682,381087,82,37124,996,157066,1368,507942,1078,665008,California
Contra Costa,2021-05-03,9185,1146468,8071,727143,935,382022,179,37303,1934,151947,7235,515177,2116,667124,California
Contra Costa,2021-05-04,14215,1160683,12277,739420,1609,383631,329,37632,2290,142670,11896,527073,2619,669743,California
Contra Costa,2021-05-05,12653,1173336,10917,750337,1535,385166,201,37833,2420,135087,10205,537278,2622,672365,California
Contra Costa,2021-05-06,10377,1183713,8620,758957,1419,386585,338,38171,1945,128969,8408,545686,2290,674655,California
Contra Costa,2021-05-07,9727,1193440,7817,766774,1684,388269,226,38397,2229,123956,7464,553150,2451,677106,California
Contra Costa,2021-05-08,5362,1198802,4036,770810,1156,389425,170,38567,1247,121277,4100,557250,1421,678527,California
Contra Costa,2021-05-09,2136,1200938,1802,772612,275,389700,59,38626,460,120128,1670,558920,521,679048,California
Contra Costa,2021-05-10,4965,1205903,3971,776583,773,390473,221,38847,1340,118084,3603,562523,1559,680607,California
Contra Costa,2021-05-11,8846,1214749,4605,781188,4003,394476,238,39085,1744,112992,7081,569604,1989,682596,California
Contra Costa,2021-05-12,9332,1224081,4810,785998,4256,398732,266,39351,1676,107311,7629,577233,1948,684544,California
Contra Costa,2021-05-13,11809,1235890,7871,793869,3751,402483,187,39538,4231,104184,7550,584783,4423,688967,California
Contra Costa,2021-05-14,12255,1248145,8180,802049,3791,406274,284,39822,5062,102360,7169,591952,5345,694312,California
Contra Costa,2021-05-15,10080,1258225,7321,809370,2640,408914,119,39941,4432,101279,5634,597586,4553,698865,California
Contra Costa,2021-05-16,2461,1260686,2154,811524,261,409175,46,39987,1098,101065,1357,598943,1143,700008,California
Contra Costa,2021-05-17,7078,1267764,5707,817231,1198,410373,173,40160,3557,101296,3501,602444,3732,703740,California
Contra Costa,2021-05-18,10298,1278062,7041,824272,3038,413411,219,40379,4490,100231,5778,608222,4713,708453,California
Contra Costa,2021-05-19,8526,1286588,6893,831165,1437,414848,196,40575,3869,99661,4638,612860,4068,712521,California
Contra Costa,2021-05-20,7173,1293761,5659,836824,1327,416175,187,40762,3364,99430,3782,616642,3551,716072,California
Contra Costa,2021-05-21,7117,1300878,5454,842278,1449,417624,214,40976,3278,99106,3813,620455,3489,719561,California
Contra Costa,2021-05-22,5128,1306006,4052,846330,894,418518,182,41158,2495,99172,2609,623064,2675,722236,California
Contra Costa,2021-05-23,1223,1307229,800,847130,367,418885,56,41214,598,99207,618,623682,653,722889,California
Contra Costa,2021-05-24,4682,1311911,3876,851006,629,419514,177,41391,2199,99114,2472,626154,2379,725268,California
Contra Costa,2021-05-25,6295,1318206,5123,856129,920,420434,252,41643,2660,98407,3618,629772,2911,728179,California
Contra Costa,2021-05-26,5652,1323858,3631,859760,1831,422265,190,41833,1964,96894,3666,633438,2153,730332,California
Contra Costa,2021-05-27,3820,1327678,2699,862459,943,423208,178,42011,1634,96530,2171,635609,1807,732139,California
Contra Costa,2021-05-28,5383,1333061,3763,866222,1446,424654,174,42185,2258,95856,3102,638711,2428,734567,California
Contra Costa,2021-05-29,3284,1336345,2134,868356,1033,425687,117,42302,1655,96009,1619,640330,1772,736339,California
Contra Costa,2021-05-30,928,1337273,587,868943,313,426000,28,42330,361,95833,565,640895,389,736728,California
Contra Costa,2021-05-31,391,1337664,270,869213,109,426109,12,42342,128,95712,260,641155,139,736867,California
Contra Costa,2021-06-01,4805,1342469,3576,872789,1085,427194,144,42486,1720,94507,3069,644224,1864,738731,California
Contra Costa,2021-06-02,3432,1345901,2428,875217,858,428052,146,42632,1400,94031,2021,646245,1545,740276,California
Contra Costa,2021-06-03,5450,1351351,4544,879761,791,428843,115,42747,1459,91621,3984,650229,1574,741850,California
Contra Costa,2021-06-04,6421,1357772,5391,885152,892,429735,138,42885,1623,88597,4782,655011,1758,743608,California
Contra Costa,2021-06-05,5211,1362983,4421,889573,678,430413,112,42997,1116,85739,4084,659095,1226,744834,California
Contra Costa,2021-06-06,1355,1364338,1184,890757,142,430555,29,43026,381,85180,969,660064,410,745244,California
Contra Costa,2021-06-07,4953,1369291,4359,895116,494,431049,100,43126,1413,83165,3529,663593,1514,746758,California
Contra Costa,2021-06-08,6112,1375403,5274,900390,715,431764,123,43249,1445,80081,4653,668246,1569,748327,California
Contra Costa,2021-06-09,4862,1380265,4144,904534,570,432334,148,43397,1253,77892,3591,671837,1402,749729,California
Contra Costa,2021-06-10,4786,1385051,4021,908555,595,432929,170,43567,1240,75772,3530,675367,1410,751139,California
Contra Costa,2021-06-11,4852,1389903,3982,912537,671,433600,199,43766,1286,73705,3551,678918,1484,752623,California
Contra Costa,2021-06-12,3170,1393073,2690,915227,413,434013,67,43833,728,72065,2433,681351,793,753416,California
Contra Costa,2021-06-13,1144,1394217,854,916081,182,434195,108,43941,290,71616,847,682198,398,753814,California
Contra Costa,2021-06-14,3883,1398100,3277,919358,478,434673,128,44069,1138,70151,2728,684926,1263,755077,California
Contra Costa,2021-06-15,4154,1402254,3466,922824,525,435198,163,44232,1289,68747,2855,687781,1451,756528,California
Contra Costa,2021-06-16,3437,1405691,2812,925636,443,435641,182,44414,1181,67874,2234,690015,1361,757889,California
Contra Costa,2021-06-17,2736,1408427,2237,927873,368,436009,131,44545,1029,67333,1698,691713,1157,759046,California
Contra Costa,2021-06-18,3540,1411967,2950,930823,444,436453,146,44691,1252,66453,2276,693989,1396,760442,California
Contra Costa,2021-06-19,1285,1413252,1091,931914,132,436585,62,44753,301,65835,981,694970,363,760805,California
Del Norte,2020-12-21,22,22,22,22,0,0,0,0,22,22,0,0,22,22,California
Del Norte,2020-12-22,45,67,45,67,0,0,0,0,45,67,0,0,45,67,California
Del Norte,2020-12-23,59,126,48,115,11,11,0,0,57,124,0,0,57,124,California
Del Norte,2020-12-28,35,161,35,150,0,11,0,0,35,159,0,0,35,159,California
Del Norte,2020-12-29,4,165,4,154,0,11,0,0,4,163,0,0,4,163,California
Del Norte,2020-12-30,68,233,56,210,12,23,0,0,68,231,0,0,68,231,California
Del Norte,2020-12-31,16,249,13,223,3,26,0,0,16,247,0,0,16,247,California
Del Norte,2021-01-04,103,352,50,273,53,79,0,0,103,350,0,0,103,350,California
Del Norte,2021-01-05,31,383,0,273,31,110,0,0,31,381,0,0,31,381,California
Del Norte,2021-01-06,77,460,18,291,59,169,0,0,77,458,0,0,77,458,California
Del Norte,2021-01-07,21,481,1,292,20,189,0,0,21,479,0,0,21,479,California
Del Norte,2021-01-08,78,559,7,299,71,260,0,0,78,557,0,0,78,557,California
Del Norte,2021-01-11,39,598,20,319,19,279,0,0,18,555,21,21,19,576,California
Del Norte,2021-01-12,50,648,31,350,19,298,0,0,30,565,20,41,30,606,California
Del Norte,2021-01-13,84,732,40,390,44,342,0,0,51,583,33,74,51,657,California
Del Norte,2021-01-14,53,785,14,404,39,381,0,0,47,624,6,80,47,704,California
Del Norte,2021-01-15,107,892,18,422,89,470,0,0,95,707,12,92,95,799,California
Del Norte,2021-01-17,1,893,1,423,0,470,0,0,1,708,0,92,1,800,California
Del Norte,2021-01-18,2,895,0,423,2,472,0,0,2,710,0,92,2,802,California
Del Norte,2021-01-19,120,1015,57,480,63,535,0,0,77,744,43,135,77,879,California
Del Norte,2021-01-20,159,1174,84,564,75,610,0,0,96,777,63,198,96,975,California
Del Norte,2021-01-21,43,1217,40,604,3,613,0,0,32,798,11,209,32,1007,California
Del Norte,2021-01-22,19,1236,17,621,2,615,0,0,12,803,7,216,12,1019,California
Del Norte,2021-01-23,1,1237,0,621,1,616,0,0,1,804,0,216,1,1020,California
Del Norte,2021-01-24,1,1238,0,621,1,617,0,0,1,805,0,216,1,1021,California
Del Norte,2021-01-25,101,1339,83,704,18,635,0,0,56,816,45,261,56,1077,California
Del Norte,2021-01-26,18,1357,11,715,7,642,0,0,7,812,11,272,7,1084,California
Del Norte,2021-01-27,64,1421,21,736,43,685,0,0,61,870,3,275,61,1145,California
Del Norte,2021-01-28,293,1714,20,756,273,958,0,0,288,1153,5,280,288,1433,California
Del Norte,2021-01-29,62,1776,21,777,41,999,0,0,44,1179,18,298,44,1477,California
Del Norte,2021-01-30,8,1784,1,778,7,1006,0,0,8,1187,0,298,8,1485,California
Del Norte,2021-02-01,40,1824,1,779,39,1045,0,0,25,1197,15,313,25,1510,California
Del Norte,2021-02-02,140,1964,34,813,106,1151,0,0,73,1204,66,379,73,1583,California
Del Norte,2021-02-03,129,2093,42,855,87,1238,0,0,74,1223,55,434,74,1657,California
Del Norte,2021-02-04,69,2162,27,882,42,1280,0,0,40,1234,29,463,40,1697,California
Del Norte,2021-02-05,184,2346,22,904,162,1442,0,0,118,1287,65,528,118,1815,California
Del Norte,2021-02-06,309,2655,3,907,306,1748,0,0,309,1596,0,528,309,2124,California
Del Norte,2021-02-08,36,2691,1,908,35,1783,0,0,32,1624,4,532,32,2156,California
Del Norte,2021-02-09,8,2699,5,913,3,1786,0,0,2,1620,6,538,2,2158,California
Del Norte,2021-02-10,142,2841,20,933,122,1908,0,0,86,1651,55,593,86,2244,California
Del Norte,2021-02-11,176,3017,58,991,118,2026,0,0,63,1601,113,706,63,2307,California
Del Norte,2021-02-12,122,3139,14,1005,108,2134,0,0,68,1615,54,760,68,2375,California
Del Norte,2021-02-13,2,3141,1,1006,1,2135,0,0,2,1617,0,760,2,2377,California
Del Norte,2021-02-14,3,3144,1,1007,2,2137,0,0,2,1618,1,761,2,2379,California
Del Norte,2021-02-15,5,3149,0,1007,5,2142,0,0,3,1619,2,763,3,2382,California
Del Norte,2021-02-16,132,3281,1,1008,131,2273,0,0,13,1513,119,882,13,2395,California
Del Norte,2021-02-17,92,3373,19,1027,73,2346,0,0,24,1470,67,949,24,2419,California
Del Norte,2021-02-18,76,3449,24,1051,52,2398,0,0,50,1494,26,975,50,2469,California
Del Norte,2021-02-19,43,3492,17,1068,26,2424,0,0,33,1517,10,985,33,2502,California
Del Norte,2021-02-20,9,3501,6,1074,3,2427,0,0,6,1520,3,988,6,2508,California
Del Norte,2021-02-22,2,3503,0,1074,2,2429,0,0,2,1522,0,988,2,2510,California
Del Norte,2021-02-23,105,3608,88,1162,17,2446,0,0,29,1476,76,1064,30,2540,California
Del Norte,2021-02-24,155,3763,100,1262,55,2501,0,0,80,1481,75,1139,80,2620,California
Del Norte,2021-02-25,478,4241,131,1393,347,2848,0,0,213,1431,263,1402,213,2833,California
Del Norte,2021-02-26,211,4452,175,1568,36,2884,0,0,164,1548,47,1449,164,2997,California
Del Norte,2021-02-27,147,4599,141,1709,5,2889,1,1,140,1682,7,1456,141,3138,California
Del Norte,2021-02-28,3,4602,0,1709,3,2892,0,1,3,1685,0,1456,3,3141,California
Del Norte,2021-03-01,27,4629,2,1711,25,2917,0,1,4,1667,22,1478,4,3145,California
Del Norte,2021-03-02,223,4852,143,1854,80,2997,0,1,189,1822,34,1512,189,3334,California
Del Norte,2021-03-03,176,5028,107,1961,69,3066,0,1,134,1914,42,1554,134,3468,California
Del Norte,2021-03-04,119,5147,82,2043,37,3103,0,1,91,1978,27,1581,91,3559,California
Del Norte,2021-03-05,122,5269,11,2054,111,3214,0,1,74,2004,48,1629,74,3633,California
Del Norte,2021-03-06,464,5733,77,2131,338,3552,49,50,163,1873,301,1930,170,3803,California
Del Norte,2021-03-07,1,5734,1,2132,0,3552,0,50,1,1874,0,1930,1,3804,California
Del Norte,2021-03-08,30,5764,0,2132,28,3580,2,52,6,1859,23,1953,8,3812,California
Del Norte,2021-03-09,194,5958,113,2245,78,3658,3,55,183,2034,11,1964,186,3998,California
Del Norte,2021-03-10,234,6192,95,2340,111,3769,28,83,134,2096,100,2064,162,4160,California
Del Norte,2021-03-11,150,6342,55,2395,90,3859,5,88,102,2155,48,2112,107,4267,California
Del Norte,2021-03-12,178,6520,89,2484,89,3948,0,88,125,2227,53,2165,125,4392,California
Del Norte,2021-03-13,94,6614,93,2577,1,3949,0,88,91,2315,3,2168,91,4483,California
Del Norte,2021-03-14,1,6615,0,2577,1,3950,0,88,0,2314,1,2169,0,4483,California
Del Norte,2021-03-15,38,6653,0,2577,38,3988,0,88,34,2344,4,2173,34,4517,California
Del Norte,2021-03-16,279,6932,134,2711,145,4133,0,88,259,2583,20,2193,259,4776,California
Del Norte,2021-03-17,284,7216,95,2806,187,4320,2,90,170,2641,114,2307,172,4948,California
Del Norte,2021-03-18,284,7500,107,2913,175,4495,2,92,150,2660,133,2440,152,5100,California
Del Norte,2021-03-19,268,7768,158,3071,104,4599,6,98,92,2582,176,2616,98,5198,California
Del Norte,2021-03-20,157,7925,154,3225,3,4602,0,98,15,2455,142,2758,15,5213,California
Del Norte,2021-03-21,4,7929,2,3227,2,4604,0,98,2,2455,2,2760,2,5215,California
Del Norte,2021-03-22,42,7971,2,3229,39,4643,1,99,38,2491,3,2763,39,5254,California
Del Norte,2021-03-23,334,8305,165,3394,151,4794,18,117,163,2502,169,2932,180,5434,California
Del Norte,2021-03-24,395,8700,106,3500,249,5043,40,157,227,2601,168,3100,267,5701,California
Del Norte,2021-03-25,192,8892,88,3588,104,5147,0,157,85,2580,106,3206,85,5786,California
Del Norte,2021-03-26,232,9124,113,3701,119,5266,0,157,195,2738,37,3243,195,5981,California
Del Norte,2021-03-27,107,9231,86,3787,4,5270,17,174,17,2682,90,3333,34,6015,California
Del Norte,2021-03-28,4,9235,2,3789,2,5272,0,174,1,2680,3,3336,1,6016,California
Del Norte,2021-03-29,57,9292,6,3795,34,5306,17,191,32,2704,25,3361,49,6065,California
Del Norte,2021-03-30,338,9630,119,3914,208,5514,11,202,126,2629,212,3573,137,6202,California
Del Norte,2021-03-31,356,9986,101,4015,238,5752,17,219,200,2692,154,3727,217,6419,California
Del Norte,2021-04-01,164,10150,58,4073,72,5824,34,253,69,2701,94,3821,103,6522,California
Del Norte,2021-04-02,233,10383,79,4152,105,5929,49,302,49,2616,184,4005,99,6621,California
Del Norte,2021-04-03,108,10491,83,4235,2,5931,23,325,5,2542,102,4107,28,6649,California
Del Norte,2021-04-04,4,10495,0,4235,0,5931,4,329,0,2542,4,4111,4,6653,California
Del Norte,2021-04-05,46,10541,4,4239,38,5969,4,333,40,2580,6,4117,44,6697,California
Del Norte,2021-04-06,380,10921,120,4359,223,6192,37,370,146,2534,230,4347,184,6881,California
Del Norte,2021-04-07,437,11358,115,4474,261,6453,61,431,289,2737,148,4495,351,7232,California
Del Norte,2021-04-08,229,11587,54,4528,106,6559,69,500,105,2787,124,4619,174,7406,California
Del Norte,2021-04-09,207,11794,47,4575,83,6642,77,577,100,2856,106,4725,175,7581,California
Del Norte,2021-04-10,47,11841,26,4601,4,6646,17,594,27,2880,20,4745,44,7625,California
Del Norte,2021-04-11,10,11851,3,4604,0,6646,7,601,1,2879,9,4754,8,7633,California
Del Norte,2021-04-12,27,11878,1,4605,9,6655,17,618,1,2872,25,4779,18,7651,California
Del Norte,2021-04-13,296,12174,49,4654,247,6902,0,618,155,2886,141,4920,155,7806,California
Del Norte,2021-04-14,331,12505,23,4677,308,7210,0,618,139,2838,192,5112,144,7950,California
Del Norte,2021-04-15,164,12669,30,4707,134,7344,0,618,44,2763,120,5232,45,7995,California
Del Norte,2021-04-16,161,12830,39,4746,122,7466,0,618,59,2721,102,5334,60,8055,California
Del Norte,2021-04-17,109,12939,77,4823,32,7498,0,618,103,2818,6,5340,103,8158,California
Del Norte,2021-04-18,6,12945,5,4828,1,7499,0,618,5,2822,1,5341,5,8163,California
Del Norte,2021-04-19,50,12995,6,4834,44,7543,0,618,8,2788,42,5383,8,8171,California
Del Norte,2021-04-20,206,13201,40,4874,166,7709,0,618,72,2726,134,5517,72,8243,California
Del Norte,2021-04-21,291,13492,24,4898,267,7976,0,618,66,2571,225,5742,70,8313,California
Del Norte,2021-04-22,114,13606,15,4913,99,8075,0,618,62,2581,52,5794,62,8375,California
Del Norte,2021-04-23,151,13757,22,4935,129,8204,0,618,39,2508,112,5906,39,8414,California
Del Norte,2021-04-24,26,13783,15,4950,11,8215,0,618,21,2524,5,5911,21,8435,California
Del Norte,2021-04-25,2,13785,0,4950,2,8217,0,618,2,2526,0,5911,2,8437,California
Del Norte,2021-04-26,31,13816,0,4950,31,8248,0,618,9,2513,22,5933,9,8446,California
Del Norte,2021-04-27,181,13997,21,4971,155,8403,5,623,50,2438,131,6064,56,8502,California
Del Norte,2021-04-28,351,14348,100,5071,246,8649,5,628,63,2220,287,6351,69,8571,California
Del Norte,2021-04-29,93,14441,6,5077,83,8732,4,632,26,2183,67,6418,30,8601,California
Del Norte,2021-04-30,87,14528,7,5084,70,8802,10,642,47,2200,40,6458,57,8658,California
Del Norte,2021-05-01,7,14535,2,5086,5,8807,0,642,5,2203,2,6460,5,8663,California
Del Norte,2021-05-02,8,14543,0,5086,8,8815,0,642,8,2211,0,6460,8,8671,California
Del Norte,2021-05-03,40,14583,3,5089,34,8849,3,645,2,2179,37,6497,5,8676,California
Del Norte,2021-05-04,222,14805,36,5125,181,9030,5,650,47,2056,175,6672,52,8728,California
Del Norte,2021-05-05,235,15040,20,5145,207,9237,8,658,60,1950,174,6846,68,8796,California
Del Norte,2021-05-06,111,15151,25,5170,73,9310,13,671,26,1904,85,6931,39,8835,California
Del Norte,2021-05-07,150,15301,27,5197,119,9429,4,675,31,1820,119,7050,35,8870,California
Del Norte,2021-05-08,65,15366,55,5252,8,9437,2,677,7,1771,58,7108,9,8879,California
Del Norte,2021-05-09,9,15375,4,5256,2,9439,3,680,2,1769,7,7115,5,8884,California
Del Norte,2021-05-10,24,15399,3,5259,17,9456,4,684,14,1777,10,7125,18,8902,California
Del Norte,2021-05-11,173,15572,50,5309,121,9577,2,686,34,1674,139,7264,36,8938,California
Del Norte,2021-05-12,151,15723,24,5333,117,9694,10,696,27,1588,123,7387,37,8975,California
Del Norte,2021-05-13,68,15791,30,5363,37,9731,1,697,38,1597,30,7417,39,9014,California
Del Norte,2021-05-14,76,15867,26,5389,49,9780,1,698,41,1604,35,7452,42,9056,California
Del Norte,2021-05-15,97,15964,54,5443,37,9817,6,704,53,1619,44,7496,59,9115,California
Del Norte,2021-05-16,11,15975,0,5443,11,9828,0,704,11,1630,0,7496,11,9126,California
Del Norte,2021-05-17,26,16001,3,5446,20,9848,3,707,15,1637,11,7507,18,9144,California
Del Norte,2021-05-18,130,16131,71,5517,59,9907,0,707,83,1673,47,7554,83,9227,California
Del Norte,2021-05-19,97,16228,14,5531,66,9973,17,724,39,1670,58,7612,55,9282,California
Del Norte,2021-05-20,99,16327,32,5563,64,10037,3,727,40,1655,58,7670,43,9325,California
Del Norte,2021-05-21,82,16409,34,5597,45,10082,3,730,45,1666,37,7707,48,9373,California
Del Norte,2021-05-22,24,16433,8,5605,16,10098,0,730,11,1665,12,7719,11,9384,California
Del Norte,2021-05-23,14,16447,5,5610,9,10107,0,730,7,1665,7,7726,7,9391,California
Del Norte,2021-05-24,26,16473,10,5620,16,10123,0,730,17,1673,9,7735,17,9408,California
Del Norte,2021-05-25,44,16517,5,5625,33,10156,6,736,15,1668,26,7761,21,9429,California
Del Norte,2021-05-26,116,16633,36,5661,72,10228,8,744,52,1665,63,7824,60,9489,California
Del Norte,2021-05-27,74,16707,28,5689,42,10270,4,748,35,1665,39,7863,39,9528,California
Del Norte,2021-05-28,51,16758,6,5695,37,10307,8,756,7,1636,44,7907,15,9543,California
Del Norte,2021-05-29,8,16766,0,5695,4,10311,4,760,3,1638,5,7912,7,9550,California
Del Norte,2021-05-30,7,16773,1,5696,6,10317,0,760,2,1635,5,7917,2,9552,California
Del Norte,2021-05-31,4,16777,2,5698,2,10319,0,760,3,1637,1,7918,3,9555,California
Del Norte,2021-06-01,52,16829,6,5704,39,10358,7,767,11,1614,41,7959,18,9573,California
Del Norte,2021-06-02,84,16913,11,5715,68,10426,5,772,19,1573,65,8024,24,9597,California
Del Norte,2021-06-03,61,16974,36,5751,23,10449,2,774,27,1568,34,8058,29,9626,California
Del Norte,2021-06-04,70,17044,24,5775,41,10490,5,779,20,1543,50,8108,25,9651,California
Del Norte,2021-06-05,1,17045,0,5775,1,10491,0,779,0,1542,1,8109,0,9651,California
Del Norte,2021-06-06,11,17056,5,5780,4,10495,2,781,7,1547,4,8113,9,9660,California
Del Norte,2021-06-07,40,17096,9,5789,26,10521,5,786,15,1542,25,8138,20,9680,California
Del Norte,2021-06-08,112,17208,81,5870,26,10547,5,791,33,1501,79,8217,38,9718,California
Del Norte,2021-06-09,58,17266,11,5881,40,10587,7,798,17,1484,41,8258,24,9742,California
Del Norte,2021-06-10,56,17322,26,5907,23,10610,7,805,11,1458,44,8302,18,9760,California
Del Norte,2021-06-11,59,17381,23,5930,27,10637,9,814,14,1436,45,8347,23,9783,California
Del Norte,2021-06-12,17,17398,3,5933,11,10648,3,817,2,1426,15,8362,5,9788,California
Del Norte,2021-06-13,60,17458,43,5976,13,10661,4,821,13,1396,47,8409,17,9805,California
Del Norte,2021-06-14,36,17494,14,5990,18,10679,4,825,15,1394,21,8430,19,9824,California
Del Norte,2021-06-15,37,17531,9,5999,20,10699,8,833,4,1373,33,8463,12,9836,California
Del Norte,2021-06-16,91,17622,38,6037,45,10744,8,841,17,1324,74,8537,25,9861,California
Del Norte,2021-06-17,31,17653,13,6050,15,10759,3,844,7,1310,24,8561,10,9871,California
Del Norte,2021-06-18,47,17700,21,6071,21,10780,5,849,19,1306,28,8589,24,9895,California
Del Norte,2021-06-19,4,17704,0,6071,4,10784,0,849,1,1304,3,8592,1,9896,California
El Dorado,2020-12-15,12,12,12,12,0,0,0,0,12,12,0,0,12,12,California
El Dorado,2020-12-16,40,52,40,52,0,0,0,0,40,52,0,0,40,52,California
El Dorado,2020-12-17,31,83,31,83,0,0,0,0,31,83,0,0,31,83,California
El Dorado,2020-12-18,259,342,259,342,0,0,0,0,259,342,0,0,259,342,California
El Dorado,2020-12-19,121,463,121,463,0,0,0,0,121,463,0,0,121,463,California
El Dorado,2020-12-20,85,548,85,548,0,0,0,0,85,548,0,0,85,548,California
El Dorado,2020-12-21,312,860,311,859,1,1,0,0,312,860,0,0,312,860,California
El Dorado,2020-12-22,243,1103,219,1078,24,25,0,0,243,1103,0,0,243,1103,California
El Dorado,2020-12-23,193,1296,143,1221,50,75,0,0,193,1296,0,0,193,1296,California
El Dorado,2020-12-24,83,1379,63,1284,20,95,0,0,83,1379,0,0,83,1379,California
El Dorado,2020-12-25,8,1387,8,1292,0,95,0,0,8,1387,0,0,8,1387,California
El Dorado,2020-12-26,45,1432,27,1319,18,113,0,0,45,1432,0,0,45,1432,California
El Dorado,2020-12-27,38,1470,34,1353,4,117,0,0,38,1470,0,0,38,1470,California
El Dorado,2020-12-28,215,1685,165,1518,50,167,0,0,215,1685,0,0,215,1685,California
El Dorado,2020-12-29,463,2148,144,1662,319,486,0,0,463,2148,0,0,463,2148,California
El Dorado,2020-12-30,509,2657,139,1801,370,856,0,0,509,2657,0,0,509,2657,California
El Dorado,2020-12-31,109,2766,68,1869,41,897,0,0,109,2766,0,0,109,2766,California
El Dorado,2021-01-01,6,2772,4,1873,2,899,0,0,6,2772,0,0,6,2772,California
El Dorado,2021-01-02,152,2924,140,2013,12,911,0,0,152,2924,0,0,152,2924,California
El Dorado,2021-01-03,93,3017,17,2030,76,987,0,0,93,3017,0,0,93,3017,California
El Dorado,2021-01-04,190,3207,62,2092,128,1115,0,0,190,3207,0,0,190,3207,California
El Dorado,2021-01-05,230,3437,74,2166,156,1271,0,0,213,3403,17,17,213,3420,California
El Dorado,2021-01-06,240,3677,166,2332,74,1345,0,0,176,3516,63,80,176,3596,California
El Dorado,2021-01-07,334,4011,137,2469,197,1542,0,0,257,3696,77,157,257,3853,California
El Dorado,2021-01-08,982,4993,506,2975,476,2018,0,0,765,4244,217,374,765,4618,California
El Dorado,2021-01-09,195,5188,160,3135,35,2053,0,0,124,4297,71,445,124,4742,California
El Dorado,2021-01-10,183,5371,132,3267,51,2104,0,0,111,4337,72,517,112,4854,California
El Dorado,2021-01-11,663,6034,296,3563,367,2471,0,0,462,4600,200,717,463,5317,California
El Dorado,2021-01-12,809,6843,428,3991,381,2852,0,0,557,4905,252,969,557,5874,California
El Dorado,2021-01-13,709,7552,303,4294,406,3258,0,0,541,5278,168,1137,541,6415,California
El Dorado,2021-01-14,799,8351,221,4515,578,3836,0,0,705,5889,94,1231,705,7120,California
El Dorado,2021-01-15,800,9151,187,4702,613,4449,0,0,726,6541,74,1305,726,7846,California
El Dorado,2021-01-16,178,9329,104,4806,74,4523,0,0,151,6665,27,1332,151,7997,California
El Dorado,2021-01-17,106,9435,49,4855,57,4580,0,0,89,6737,17,1349,89,8086,California
El Dorado,2021-01-18,433,9868,147,5002,286,4866,0,0,362,7028,71,1420,362,8448,California
El Dorado,2021-01-19,751,10619,449,5451,302,5168,0,0,600,7478,151,1571,601,9049,California
El Dorado,2021-01-20,1013,11632,688,6139,325,5493,0,0,900,8266,112,1683,900,9949,California
El Dorado,2021-01-21,1270,12902,679,6818,591,6084,0,0,1064,9165,165,1848,1064,11013,California
El Dorado,2021-01-22,1230,14132,830,7648,400,6484,0,0,1175,10286,54,1902,1175,12188,California
El Dorado,2021-01-23,735,14867,609,8257,126,6610,0,0,624,10799,111,2013,624,12812,California
El Dorado,2021-01-24,127,14994,77,8334,50,6660,0,0,107,10886,20,2033,107,12919,California
El Dorado,2021-01-25,703,15697,292,8626,411,7071,0,0,614,11411,89,2122,614,13533,California
El Dorado,2021-01-26,692,16389,377,9003,315,7386,0,0,584,11887,108,2230,584,14117,California
El Dorado,2021-01-27,1001,17390,397,9400,604,7990,0,0,659,12203,343,2573,659,14776,California
El Dorado,2021-01-28,1110,18500,454,9854,656,8646,0,0,748,12589,362,2935,748,15524,California
El Dorado,2021-01-29,1055,19555,559,10413,496,9142,0,0,762,13060,292,3227,763,16287,California
El Dorado,2021-01-30,552,20107,297,10710,255,9397,0,0,455,13419,96,3323,455,16742,California
El Dorado,2021-01-31,236,20343,212,10922,24,9421,0,0,185,13553,51,3374,185,16927,California
El Dorado,2021-02-01,803,21146,372,11294,431,9852,0,0,655,14060,148,3522,655,17582,California
El Dorado,2021-02-02,850,21996,372,11666,478,10330,0,0,684,14578,166,3688,684,18266,California
El Dorado,2021-02-03,908,22904,478,12144,430,10760,0,0,696,15062,212,3900,696,18962,California
El Dorado,2021-02-04,1262,24166,711,12855,551,11311,0,0,881,15563,380,4280,881,19843,California
El Dorado,2021-02-05,1503,25669,613,13468,890,12201,0,0,876,15849,590,4870,876,20719,California
El Dorado,2021-02-06,635,26304,333,13801,302,12503,0,0,530,16275,105,4975,531,21250,California
El Dorado,2021-02-07,261,26565,178,13979,83,12586,0,0,193,16400,68,5043,193,21443,California
El Dorado,2021-02-08,891,27456,424,14403,467,13053,0,0,612,16733,279,5322,612,22055,California
El Dorado,2021-02-09,974,28430,548,14951,426,13479,0,0,547,16853,427,5749,547,22602,California
El Dorado,2021-02-10,1266,29696,741,15692,525,14004,0,0,666,16920,599,6348,666,23268,California
El Dorado,2021-02-11,2163,31859,893,16585,1270,15274,0,0,760,16281,1400,7748,761,24029,California
El Dorado,2021-02-12,1579,33438,823,17408,756,16030,0,0,674,16052,904,8652,675,24704,California
El Dorado,2021-02-13,972,34410,661,18069,311,16341,0,0,438,15957,533,9185,438,25142,California
El Dorado,2021-02-14,493,34903,154,18223,339,16680,0,0,400,16264,93,9278,400,25542,California
El Dorado,2021-02-15,1186,36089,385,18608,801,17481,0,0,824,16730,362,9640,828,26370,California
El Dorado,2021-02-16,1215,37304,537,19145,678,18159,0,0,675,16867,539,10179,676,27046,California
El Dorado,2021-02-17,962,38266,426,19571,536,18695,0,0,467,16840,495,10674,468,27514,California
El Dorado,2021-02-18,2109,40375,1034,20605,1075,19770,0,0,1072,16876,1036,11710,1072,28586,California
El Dorado,2021-02-19,1231,41606,660,21265,571,20341,0,0,692,17030,538,12248,692,29278,California
El Dorado,2021-02-20,949,42555,452,21717,497,20838,0,0,679,17444,265,12513,679,29957,California
El Dorado,2021-02-21,291,42846,233,21950,58,20896,0,0,104,17361,187,12700,104,30061,California
El Dorado,2021-02-22,890,43736,447,22397,443,21339,0,0,279,17030,610,13310,279,30340,California
El Dorado,2021-02-23,871,44607,492,22889,379,21718,0,0,357,16875,512,13822,357,30697,California
El Dorado,2021-02-24,1041,45648,452,23341,589,22307,0,0,434,16702,607,14429,434,31131,California
El Dorado,2021-02-25,1933,47581,1162,24503,771,23078,0,0,698,16176,1228,15657,702,31833,California
El Dorado,2021-02-26,2427,50008,1512,26015,915,23993,0,0,1629,17010,795,16452,1629,33462,California
El Dorado,2021-02-27,1709,51717,445,26460,1264,25257,0,0,1259,17822,447,16899,1259,34721,California
El Dorado,2021-02-28,665,52382,226,26686,439,25696,0,0,499,18156,166,17065,500,35221,California
El Dorado,2021-03-01,1165,53547,468,27154,695,26391,2,2,644,18282,520,17585,646,35867,California
El Dorado,2021-03-02,940,54487,275,27429,664,27055,1,3,495,18336,443,18028,497,36364,California
El Dorado,2021-03-03,1715,56202,474,27903,1241,28296,0,3,1169,18968,539,18567,1171,37535,California
El Dorado,2021-03-04,2546,58748,1564,29467,982,29278,0,3,1214,18854,1329,19896,1215,38750,California
El Dorado,2021-03-05,1605,60353,439,29906,1161,30439,5,8,1065,19390,534,20430,1070,39820,California
El Dorado,2021-03-06,747,61100,220,30126,494,30933,33,41,395,19467,351,20781,428,40248,California
El Dorado,2021-03-07,417,61517,202,30328,197,31130,18,59,256,19582,159,20940,274,40522,California
El Dorado,2021-03-08,1356,62873,374,30702,909,32039,73,132,882,20065,471,21411,954,41476,California
El Dorado,2021-03-09,999,63872,236,30938,694,32733,69,201,594,20338,390,21801,663,42139,California
El Dorado,2021-03-10,965,64837,349,31287,559,33292,57,258,557,20550,401,22202,613,42752,California
El Dorado,2021-03-11,3056,67893,1853,33140,1017,34309,186,444,1298,20295,1736,23938,1481,44233,California
El Dorado,2021-03-12,1809,69702,629,33769,929,35238,251,695,749,20253,1042,24980,1000,45233,California
El Dorado,2021-03-13,1079,70781,352,34121,442,35680,285,980,376,20212,699,25679,658,45891,California
El Dorado,2021-03-14,800,71581,204,34325,485,36165,111,1091,280,20083,520,26199,391,46282,California
El Dorado,2021-03-15,1419,73000,303,34628,985,37150,131,1222,614,20028,801,27000,746,47028,California
El Dorado,2021-03-16,1238,74238,424,35052,668,37818,146,1368,567,20075,667,27667,714,47742,California
El Dorado,2021-03-17,1162,75400,375,35427,686,38504,101,1469,752,20519,409,28076,853,48595,California
El Dorado,2021-03-18,3034,78434,1798,37225,1194,39698,42,1511,2002,21539,1024,29100,2044,50639,California
El Dorado,2021-03-19,1126,79560,361,37586,610,40308,155,1666,626,21820,499,29599,780,51419,California
El Dorado,2021-03-20,959,80519,267,37853,677,40985,15,1681,378,21644,569,30168,393,51812,California
El Dorado,2021-03-21,1046,81565,423,38276,618,41603,5,1686,932,22469,112,30280,937,52749,California
El Dorado,2021-03-22,1511,83076,489,38765,940,42543,82,1768,1189,23423,317,30597,1271,54020,California
El Dorado,2021-03-23,1164,84240,462,39227,606,43149,96,1864,743,23853,409,31006,839,54859,California
El Dorado,2021-03-24,1473,85713,639,39866,637,43786,197,2061,665,23934,781,31787,862,55721,California
El Dorado,2021-03-25,2538,88251,1704,41570,727,44513,107,2168,1387,24284,1145,32932,1495,57216,California
El Dorado,2021-03-26,1844,90095,712,42282,1019,45532,113,2281,932,24440,889,33821,1045,58261,California
El Dorado,2021-03-27,1343,91438,189,42471,1150,46682,4,2285,317,23741,1020,34841,321,58582,California
El Dorado,2021-03-28,646,92084,187,42658,448,47130,11,2296,166,23442,476,35317,177,58759,California
El Dorado,2021-03-29,1329,93413,439,43097,874,48004,16,2312,827,23786,499,35816,843,59602,California
El Dorado,2021-03-30,1388,94801,428,43525,861,48865,99,2411,689,23881,691,36507,786,60388,California
El Dorado,2021-03-31,1570,96371,583,44108,919,49784,68,2479,689,23757,879,37386,755,61143,California
El Dorado,2021-04-01,3257,99628,1782,45890,1392,51176,83,2562,1547,23681,1707,39093,1631,62774,California
El Dorado,2021-04-02,1909,101537,569,46459,1243,52419,97,2659,752,23379,1151,40244,849,63623,California
El Dorado,2021-04-03,759,102296,303,46762,336,52755,120,2779,231,23205,525,40769,351,63974,California
El Dorado,2021-04-04,274,102570,82,46844,145,52900,47,2826,97,23173,176,40945,144,64118,California
El Dorado,2021-04-05,1437,104007,424,47268,920,53820,93,2919,594,23022,837,41782,686,64804,California
El Dorado,2021-04-06,1426,105433,532,47800,673,54493,221,3140,452,22723,969,42751,670,65474,California
El Dorado,2021-04-07,1617,107050,573,48373,589,55082,455,3595,564,22689,1050,43801,1016,66490,California
El Dorado,2021-04-08,2724,109774,1754,50127,732,55814,238,3833,1124,22458,1592,45393,1361,67851,California
El Dorado,2021-04-09,1442,111216,453,50580,769,56583,220,4053,572,22379,867,46260,788,68639,California
El Dorado,2021-04-10,828,112044,225,50805,493,57076,110,4163,480,22623,345,46605,589,69228,California
El Dorado,2021-04-11,708,112752,455,51260,237,57313,16,4179,209,22350,498,47103,225,69453,California
El Dorado,2021-04-12,1300,114052,508,51768,643,57956,149,4328,570,22346,722,47825,718,70171,California
El Dorado,2021-04-13,1132,115184,619,52387,513,58469,0,4328,514,22246,614,48439,514,70685,California
El Dorado,2021-04-14,1101,116285,472,52859,628,59097,1,4329,382,21923,706,49145,383,71068,California
El Dorado,2021-04-15,2537,118822,1710,54569,827,59924,0,4329,969,21331,1564,50709,972,72040,California
El Dorado,2021-04-16,1487,120309,525,55094,962,60886,0,4329,611,21071,872,51581,612,72652,California
El Dorado,2021-04-17,816,121125,204,55298,612,61498,0,4329,503,21264,310,51891,503,73155,California
El Dorado,2021-04-18,1052,122177,89,55387,963,62461,0,4329,414,21047,637,52528,420,73575,California
El Dorado,2021-04-19,1736,123913,439,55826,1297,63758,0,4329,694,20708,1036,53564,697,74272,California
El Dorado,2021-04-20,1115,125028,367,56193,748,64506,0,4329,458,20515,653,54217,460,74732,California
El Dorado,2021-04-21,1161,126189,464,56657,693,65199,4,4333,593,20549,560,54777,594,75326,California
El Dorado,2021-04-22,2569,128758,1695,58352,874,66073,0,4333,1069,20121,1497,56274,1069,76395,California
El Dorado,2021-04-23,1417,130175,508,58860,909,66982,0,4333,724,20156,690,56964,725,77120,California
El Dorado,2021-04-24,972,131147,520,59380,452,67434,0,4333,738,20662,232,57196,738,77858,California
El Dorado,2021-04-25,658,131805,451,59831,207,67641,0,4333,472,20948,186,57382,472,78330,California
El Dorado,2021-04-26,1197,133002,483,60314,697,68338,17,4350,562,20895,631,58013,578,78908,California
El Dorado,2021-04-27,1130,134132,421,60735,670,69008,39,4389,504,20819,619,58632,543,79451,California
El Dorado,2021-04-28,1069,135201,358,61093,671,69679,40,4429,437,20665,631,59263,477,79928,California
El Dorado,2021-04-29,1991,137192,1366,62459,593,70272,32,4461,592,19893,1396,60659,624,80552,California
El Dorado,2021-04-30,2133,139325,1344,63803,748,71020,41,4502,1367,20546,754,61413,1407,81959,California
El Dorado,2021-05-01,615,139940,281,64084,306,71326,28,4530,276,20518,332,61745,304,82263,California
El Dorado,2021-05-02,302,140242,215,64299,58,71384,29,4559,100,20447,199,61944,128,82391,California
El Dorado,2021-05-03,828,141070,403,64702,374,71758,51,4610,278,20231,546,62490,330,82721,California
El Dorado,2021-05-04,887,141957,438,65140,389,72147,60,4670,313,20034,570,63060,373,83094,California
El Dorado,2021-05-05,881,142838,435,65575,372,72519,74,4744,420,20069,459,63519,494,83588,California
El Dorado,2021-05-06,1117,143955,485,66060,584,73103,48,4792,474,19950,637,64156,518,84106,California
El Dorado,2021-05-07,982,144937,378,66438,546,73649,58,4850,397,19819,585,64741,454,84560,California
El Dorado,2021-05-08,492,145429,155,66593,300,73949,37,4887,187,19740,303,65044,224,84784,California
El Dorado,2021-05-09,223,145652,84,66677,112,74061,27,4914,104,19753,118,65162,131,84915,California
El Dorado,2021-05-10,828,146480,270,66947,500,74561,58,4972,244,19478,575,65737,300,85215,California
El Dorado,2021-05-11,688,147168,301,67248,325,74886,62,5034,297,19450,388,66125,360,85575,California
El Dorado,2021-05-12,646,147814,341,67589,263,75149,42,5076,276,19399,370,66495,319,85894,California
El Dorado,2021-05-13,1262,149076,797,68386,425,75574,40,5116,477,19136,779,67274,516,86410,California
El Dorado,2021-05-14,1416,150492,822,69208,510,76084,84,5200,684,19177,727,68001,768,87178,California
El Dorado,2021-05-15,906,151398,557,69765,292,76376,57,5257,322,18972,584,68585,379,87557,California
El Dorado,2021-05-16,668,152066,463,70228,179,76555,26,5283,233,18796,435,69020,259,87816,California
El Dorado,2021-05-17,1583,153649,670,70898,864,77419,49,5332,568,18401,1011,70031,616,88432,California
El Dorado,2021-05-18,1032,154681,523,71421,455,77874,54,5386,448,18320,583,70614,502,88934,California
El Dorado,2021-05-19,818,155499,335,71756,430,78304,53,5439,316,18194,494,71108,368,89302,California
El Dorado,2021-05-20,1186,156685,664,72420,448,78752,74,5513,453,17990,730,71838,526,89828,California
El Dorado,2021-05-21,2339,159024,1747,74167,550,79302,42,5555,824,17346,1510,73348,866,90694,California
El Dorado,2021-05-22,705,159729,204,74371,465,79767,36,5591,228,17134,476,73824,264,90958,California
El Dorado,2021-05-23,290,160019,116,74487,145,79912,29,5620,93,17061,195,74019,122,91080,California
El Dorado,2021-05-24,886,160905,455,74942,362,80274,69,5689,313,16872,569,74588,380,91460,California
El Dorado,2021-05-25,607,161512,253,75195,318,80592,36,5725,229,16762,375,74963,265,91725,California
El Dorado,2021-05-26,808,162320,398,75593,386,80978,24,5749,285,16549,522,75485,309,92034,California
El Dorado,2021-05-27,625,162945,247,75840,343,81321,35,5784,318,16596,305,75790,352,92386,California
El Dorado,2021-05-28,731,163676,253,76093,414,81735,64,5848,310,16552,418,76208,374,92760,California
El Dorado,2021-05-29,385,164061,106,76199,263,81998,16,5864,168,16519,217,76425,184,92944,California
El Dorado,2021-05-30,173,164234,101,76300,58,82056,14,5878,84,16529,88,76513,98,93042,California
El Dorado,2021-05-31,36,164270,11,76311,14,82070,11,5889,8,16520,28,76541,19,93061,California
El Dorado,2021-06-01,682,164952,294,76605,349,82419,39,5928,235,16350,444,76985,274,93335,California
El Dorado,2021-06-02,631,165583,302,76907,279,82698,50,5978,263,16296,367,77352,313,93648,California
El Dorado,2021-06-03,728,166311,339,77246,346,83044,43,6021,183,15977,545,77897,226,93874,California
El Dorado,2021-06-04,888,167199,532,77778,322,83366,34,6055,189,15503,697,78594,223,94097,California
El Dorado,2021-06-05,389,167588,223,78001,154,83520,12,6067,84,15296,304,78898,97,94194,California
El Dorado,2021-06-06,277,167865,192,78193,69,83589,16,6083,51,15137,225,79123,66,94260,California
El Dorado,2021-06-07,787,168652,487,78680,260,83849,40,6123,173,14743,607,79730,213,94473,California
El Dorado,2021-06-08,633,169285,384,79064,215,84064,34,6157,131,14408,499,80229,164,94637,California
El Dorado,2021-06-09,463,169748,277,79341,161,84225,25,6182,110,14190,353,80582,135,94772,California
El Dorado,2021-06-10,592,170340,370,79711,191,84416,31,6213,162,13955,428,81010,193,94965,California
El Dorado,2021-06-11,660,171000,396,80107,220,84636,44,6257,131,13602,528,81538,175,95140,California
El Dorado,2021-06-12,261,171261,154,80261,88,84724,19,6276,61,13483,199,81737,80,95220,California
El Dorado,2021-06-13,162,171423,89,80350,55,84779,18,6294,35,13410,126,81863,53,95273,California
El Dorado,2021-06-14,515,171938,362,80712,123,84902,30,6324,135,13195,380,82243,165,95438,California
El Dorado,2021-06-15,444,172382,237,80949,170,85072,37,6361,122,13035,319,82562,159,95597,California
El Dorado,2021-06-16,505,172887,359,81308,106,85178,40,6401,134,12839,370,82932,174,95771,California
El Dorado,2021-06-17,428,173315,265,81573,131,85309,32,6433,136,12717,291,83223,169,95940,California
El Dorado,2021-06-18,381,173696,245,81818,103,85412,33,6466,112,12594,268,83491,145,96085,California
El Dorado,2021-06-19,97,173793,66,81884,24,85436,7,6473,46,12596,51,83542,53,96138,California
Fresno,2020-12-15,2,2,2,2,0,0,0,0,2,2,0,0,2,2,California
Fresno,2020-12-16,125,127,125,127,0,0,0,0,125,127,0,0,125,127,California
Fresno,2020-12-17,123,250,123,250,0,0,0,0,123,250,0,0,123,250,California
Fresno,2020-12-18,348,598,348,598,0,0,0,0,348,598,0,0,348,598,California
Fresno,2020-12-19,162,760,162,760,0,0,0,0,162,760,0,0,162,760,California
Fresno,2020-12-20,257,1017,255,1015,2,2,0,0,257,1017,0,0,257,1017,California
Fresno,2020-12-21,925,1942,923,1938,2,4,0,0,955,1972,0,0,955,1972,California
Fresno,2020-12-22,906,2848,875,2813,31,35,0,0,910,2882,0,0,910,2882,California
Fresno,2020-12-23,1085,3933,1045,3858,40,75,0,0,1086,3968,0,0,1086,3968,California
Fresno,2020-12-24,592,4525,566,4424,26,101,0,0,592,4560,0,0,592,4560,California
Fresno,2020-12-25,3,4528,1,4425,2,103,0,0,3,4563,0,0,3,4563,California
Fresno,2020-12-26,724,5252,715,5140,9,112,0,0,724,5287,0,0,724,5287,California
Fresno,2020-12-27,306,5558,207,5347,99,211,0,0,306,5593,0,0,306,5593,California
Fresno,2020-12-28,1097,6655,802,6149,295,506,0,0,1097,6690,0,0,1097,6690,California
Fresno,2020-12-29,1761,8416,998,7147,763,1269,0,0,1759,8448,1,1,1759,8449,California
Fresno,2020-12-30,986,9402,447,7594,539,1808,0,0,986,9434,0,1,986,9435,California
Fresno,2020-12-31,927,10329,310,7904,617,2425,0,0,926,10360,0,1,926,10361,California
Fresno,2021-01-01,9,10338,3,7907,6,2431,0,0,9,10369,0,1,9,10370,California
Fresno,2021-01-02,1028,11366,712,8619,316,2747,0,0,1028,11397,0,1,1028,11398,California
Fresno,2021-01-03,154,11520,128,8747,26,2773,0,0,154,11551,0,1,154,11552,California
Fresno,2021-01-04,627,12147,377,9124,250,3023,0,0,627,12178,0,1,627,12179,California
Fresno,2021-01-05,782,12929,310,9434,472,3495,0,0,709,12814,73,74,709,12888,California
Fresno,2021-01-06,984,13913,345,9779,639,4134,0,0,810,13450,174,248,810,13698,California
Fresno,2021-01-07,1899,15812,916,10695,983,5117,0,0,1644,14842,255,503,1647,15345,California
Fresno,2021-01-08,1788,17600,612,11307,1176,6293,0,0,1424,15905,362,865,1425,16770,California
Fresno,2021-01-09,642,18242,392,11699,250,6543,0,0,363,15989,279,1144,363,17133,California
Fresno,2021-01-10,516,18758,486,12185,30,6573,0,0,203,15879,313,1457,203,17336,California
Fresno,2021-01-11,2226,20984,1808,13993,418,6991,0,0,1531,16719,695,2152,1535,18871,California
Fresno,2021-01-12,2529,23513,1830,15823,699,7690,0,0,1676,17542,855,3007,1678,20549,California
Fresno,2021-01-13,3567,27080,2440,18263,1127,8817,0,0,2712,19401,856,3863,2715,23264,California
Fresno,2021-01-14,4142,31222,2184,20447,1958,10775,0,0,3669,22598,472,4335,3669,26933,California
Fresno,2021-01-15,3662,34884,2537,22984,1125,11900,0,0,3303,25546,359,4694,3307,30240,California
Fresno,2021-01-16,3140,38024,2308,25292,832,12732,0,0,2669,27747,470,5164,2671,32911,California
Fresno,2021-01-17,979,39003,557,25849,422,13154,0,0,779,28326,200,5364,779,33690,California
Fresno,2021-01-18,3086,42089,2377,28226,709,13863,0,0,2428,30100,656,6020,2430,36120,California
Fresno,2021-01-19,4405,46494,2623,30849,1782,15645,0,0,3686,33071,719,6739,3690,39810,California
Fresno,2021-01-20,3024,49518,1216,32065,1808,17453,0,0,2708,35468,314,7053,2711,42521,California
Fresno,2021-01-21,4395,53913,2039,34104,2356,19809,0,0,4037,39175,336,7389,4043,46564,California
Fresno,2021-01-22,3312,57225,1349,35453,1963,21772,0,0,2926,41733,370,7759,2928,49492,California
Fresno,2021-01-23,3054,60279,1979,37432,1075,22847,0,0,2331,43347,722,8481,2336,51828,California
Fresno,2021-01-24,560,60839,377,37809,183,23030,0,0,351,43491,209,8690,353,52181,California
Fresno,2021-01-25,2432,63271,862,38671,1570,24600,0,0,1855,44772,577,9267,1858,54039,California
Fresno,2021-01-26,2088,65359,598,39269,1490,26090,0,0,1326,45339,760,10027,1327,55366,California
Fresno,2021-01-27,2306,67665,1136,40405,1170,27260,0,0,1728,46493,577,10604,1731,57097,California
Fresno,2021-01-28,4558,72223,3053,43458,1505,28765,0,0,3483,48907,1072,11676,3486,60583,California
Fresno,2021-01-29,1682,73905,958,44416,724,29489,0,0,1380,49990,298,11974,1381,61964,California
Fresno,2021-01-30,1445,75350,545,44961,900,30389,0,0,1025,50595,420,12394,1025,62989,California
Fresno,2021-01-31,227,75577,216,45177,11,30400,0,0,73,50514,154,12548,73,63062,California
Fresno,2021-02-01,3348,78925,1673,46850,1675,32075,0,0,1787,50751,1560,14108,1797,64859,California
Fresno,2021-02-02,2739,81664,562,47412,2177,34252,0,0,1591,51225,1133,15241,1607,66466,California
Fresno,2021-02-03,3565,85229,2107,49519,1458,35710,0,0,1550,50770,2006,17247,1551,68017,California
Fresno,2021-02-04,4192,89421,1893,51412,2299,38009,0,0,1923,50459,2239,19486,1928,69945,California
Fresno,2021-02-05,5332,94753,2724,54136,2608,40617,0,0,2300,49736,3027,22513,2304,72249,California
Fresno,2021-02-06,2924,97677,2035,56171,889,41506,0,0,966,48753,1950,24463,967,73216,California
Fresno,2021-02-07,470,98147,288,56459,182,41688,0,0,274,48832,195,24658,274,73490,California
Fresno,2021-02-08,4274,102421,2284,58743,1990,43678,0,0,1803,48186,2458,27116,1812,75302,California
Fresno,2021-02-09,5318,107739,2088,60831,3230,46908,0,0,3106,49164,2137,29253,3115,78417,California
Fresno,2021-02-10,3882,111621,1229,62060,2653,49561,0,0,1970,49287,1860,31113,1983,80400,California
Fresno,2021-02-11,6435,118056,2081,64141,4354,53915,0,0,3338,49551,3079,34192,3343,83743,California
Fresno,2021-02-12,5389,123445,1387,65528,4002,57917,0,0,2722,49634,2648,36840,2731,86474,California
Fresno,2021-02-13,3737,127182,1560,67088,2177,60094,0,0,2080,50074,1645,38485,2085,88559,California
Fresno,2021-02-14,1563,128745,282,67370,1281,61375,0,0,837,50188,725,39210,839,89398,California
Fresno,2021-02-15,2890,131635,268,67638,2622,63997,0,0,1797,50900,1089,40299,1801,91199,California
Fresno,2021-02-16,6690,138325,2407,70045,4283,68280,0,0,4227,52687,2446,42745,4233,95432,California
Fresno,2021-02-17,5314,143639,2442,72487,2872,71152,0,0,2982,53383,2290,45035,2986,98418,California
Fresno,2021-02-18,6842,150481,2893,75380,3949,75101,0,0,2569,51730,4233,49268,2580,100998,California
Fresno,2021-02-19,3831,154312,1096,76476,2735,77836,0,0,1816,51546,2003,51271,1819,102817,California
Fresno,2021-02-20,4519,158831,2478,78954,2041,79877,0,0,3039,53117,1474,52745,3045,105862,California
Fresno,2021-02-21,189,159020,171,79125,18,79895,0,0,126,53194,49,52794,126,105988,California
Fresno,2021-02-22,2236,161256,998,80123,1238,81133,0,0,1236,53442,990,53784,1238,107226,California
Fresno,2021-02-23,4687,165943,2270,82393,2417,83550,0,0,3804,56377,871,54655,3806,111032,California
Fresno,2021-02-24,4205,170148,1505,83898,2700,86250,0,0,3443,59071,751,55406,3445,114477,California
Fresno,2021-02-25,8695,178843,3746,87644,4949,91199,0,0,7202,64854,1428,56834,7211,121688,California
Fresno,2021-02-26,9021,187864,3702,91346,5319,96518,0,0,7708,71279,1289,58123,7714,129402,California
Fresno,2021-02-27,7277,195141,3162,94508,4114,100632,1,1,6568,77158,694,58817,6573,135975,California
Fresno,2021-02-28,1643,196784,525,95033,1118,101750,0,1,1551,78631,79,58896,1552,137527,California
Fresno,2021-03-01,5099,201883,1326,96359,3773,105523,0,1,3695,80940,1390,60286,3699,141226,California
Fresno,2021-03-02,9861,211744,3390,99749,6471,111994,0,1,8472,88073,1365,61651,8498,149724,California
Fresno,2021-03-03,7017,218761,1762,101511,5254,117248,1,2,6016,93212,987,62638,6126,155850,California
Fresno,2021-03-04,10444,229205,4125,105636,6319,123567,0,2,8704,100212,1713,64351,8713,164563,California
Fresno,2021-03-05,9304,238509,3627,109263,5675,129242,2,4,8027,107170,1145,65496,8103,172666,California
Fresno,2021-03-06,7018,245527,3960,113223,2940,132182,118,122,6022,112327,988,66484,6145,178811,California
Fresno,2021-03-07,1490,247017,676,113899,776,132958,38,160,1261,113401,226,66710,1300,180111,California
Fresno,2021-03-08,5294,252311,2023,115922,3120,136078,151,311,4004,116289,1279,67989,4167,184278,California
Fresno,2021-03-09,8628,260939,3795,119717,4562,140640,271,582,4655,117300,3952,71941,4963,189241,California
Fresno,2021-03-10,6826,267765,2852,122569,3586,144226,388,970,5367,121613,1450,73391,5763,195004,California
Fresno,2021-03-11,11588,279353,4576,127145,6466,150692,546,1516,6310,123294,5252,78643,6933,201937,California
Fresno,2021-03-12,12026,291379,5129,132274,6470,157162,427,1943,9041,129935,2966,81609,9607,211544,California
Fresno,2021-03-13,8327,299706,4059,136333,3252,160414,1016,2959,4023,130769,4283,85892,5117,216661,California
Fresno,2021-03-14,1771,301477,481,136814,1000,161414,290,3249,667,130634,1092,86984,957,217618,California
Fresno,2021-03-15,7134,308611,3168,139982,3789,165203,177,3426,4928,133743,2192,89176,5301,222919,California
Fresno,2021-03-16,10216,318827,4543,144525,5281,170484,392,3818,5418,134884,4766,93942,5907,228826,California
Fresno,2021-03-17,8730,327557,3988,148513,4033,174517,709,4527,5909,139111,2797,96739,7024,235850,California
Fresno,2021-03-18,12470,340027,6725,155238,5071,179588,674,5201,6989,141831,5433,102172,8153,244003,California
Fresno,2021-03-19,11177,351204,5895,161133,4669,184257,613,5814,6853,145377,4294,106466,7840,251843,California
Fresno,2021-03-20,7615,358819,4598,165731,2691,186948,326,6140,3763,145958,3826,110292,4407,256250,California
Fresno,2021-03-21,1795,360614,1205,166936,210,187158,380,6520,971,146494,816,111108,1352,257602,California
Fresno,2021-03-22,5675,366289,2902,169838,2176,189334,597,7117,3797,149265,1862,112970,4633,262235,California
Fresno,2021-03-23,10579,376868,5255,175093,4817,194151,507,7624,5055,149769,5501,118471,6005,268240,California
Fresno,2021-03-24,8864,385732,3840,178933,4193,198344,831,8455,4974,151775,3853,122324,5859,274099,California
Fresno,2021-03-25,12209,397941,5687,184620,5709,204053,813,9268,4745,150004,7412,129736,5641,279740,California
Fresno,2021-03-26,12220,410161,5458,190078,6119,210172,643,9911,4451,147407,7716,137452,5119,284859,California
Fresno,2021-03-27,10044,420205,4775,194853,4185,214357,1084,10995,2961,144414,7044,144496,4051,288910,California
Fresno,2021-03-28,3424,423629,1320,196173,1408,215765,696,11691,1110,144363,2306,146802,2255,291165,California
Fresno,2021-03-29,5988,429617,2007,198180,3445,219210,536,12227,2890,144735,3069,149871,3441,294606,California
Fresno,2021-03-30,11001,440618,4272,202452,5830,225040,899,13126,3852,142370,7118,156989,4753,299359,California
Fresno,2021-03-31,9694,450312,3375,205827,5319,230359,1000,14126,3679,141071,5971,162960,4672,304031,California
Fresno,2021-04-01,12182,462494,4202,210029,7120,237479,860,14986,4040,137890,8038,170998,4857,308888,California
Fresno,2021-04-02,12080,474574,4629,214658,6660,244139,791,15777,4281,135335,7636,178634,5081,313969,California
Fresno,2021-04-03,6412,480986,3530,218188,2624,246763,258,16035,2147,133529,4247,182881,2441,316410,California
Fresno,2021-04-04,1504,482490,537,218725,922,247685,45,16080,546,133174,947,183828,592,317002,California
Fresno,2021-04-05,8337,490827,4473,223198,3057,250742,807,16887,2449,130630,5871,189699,3327,320329,California
Fresno,2021-04-06,9636,500463,4040,227238,4409,255151,1187,18074,3554,129347,6041,195740,4758,325087,California
Fresno,2021-04-07,10614,511077,5494,232732,3906,259057,1214,19288,3554,127127,7013,202753,4793,329880,California
Fresno,2021-04-08,10961,522038,5179,237911,4616,263673,1166,20454,3438,124300,7472,210225,4645,334525,California
Fresno,2021-04-09,11271,533309,5355,243266,4513,268186,1403,21857,3618,121735,7604,217829,5039,339564,California
Fresno,2021-04-10,7886,541195,5149,248415,2214,270400,523,22380,3672,121726,4202,222031,4193,343757,California
Fresno,2021-04-11,1388,542583,933,249348,364,270764,91,22471,446,121327,937,222968,538,344295,California
Fresno,2021-04-12,7501,550084,4037,253385,2536,273300,928,23399,2418,119619,5053,228021,3345,347640,California
Fresno,2021-04-13,9007,559091,4318,257703,4620,277920,69,23468,3528,117876,5442,233463,3699,351339,California
Fresno,2021-04-14,9702,568793,5797,263500,3904,281824,1,23469,3774,115819,5885,239348,3828,355167,California
Fresno,2021-04-15,8486,577279,4227,267727,4256,286080,3,23472,3223,113817,5235,244583,3233,358400,California
Fresno,2021-04-16,9604,586883,4678,272405,4924,291004,2,23474,3949,112169,5614,250197,3966,362366,California
Fresno,2021-04-17,5637,592520,3767,276172,1870,292874,0,23474,2691,111945,2924,253121,2700,365066,California
Fresno,2021-04-18,1034,593554,563,276735,471,293345,0,23474,475,111867,554,253675,476,365542,California
Fresno,2021-04-19,5606,599160,3045,279780,2558,295903,3,23477,2276,110861,3292,256967,2286,367828,California
Fresno,2021-04-20,6946,606106,3442,283222,3495,299398,9,23486,2638,109233,4284,261251,2656,370484,California
Fresno,2021-04-21,6378,612484,3527,286749,2842,302240,9,23495,2656,108214,3687,264938,2668,373152,California
Fresno,2021-04-22,6341,618825,3156,289905,3184,305424,1,23496,2312,106561,3969,268907,2316,375468,California
Fresno,2021-04-23,7104,625929,3827,293732,3260,308684,17,23513,2721,104995,4292,273199,2726,378194,California
Fresno,2021-04-24,4162,630091,2491,296223,1671,310355,0,23513,1917,104680,2232,275431,1917,380111,California
Fresno,2021-04-25,1369,631460,551,296774,815,311170,3,23516,683,104686,680,276111,686,380797,California
Fresno,2021-04-26,4232,635692,2138,298912,2049,313219,45,23561,1798,104126,2403,278514,1843,382640,California
Fresno,2021-04-27,4822,640514,2443,301355,2254,315473,125,23686,1893,103238,2905,281419,2017,384657,California
Fresno,2021-04-28,4775,645289,2669,304024,1976,317449,130,23816,1989,102594,2764,284183,2120,386777,California
Fresno,2021-04-29,4791,650080,2662,306686,1993,319442,136,23952,1809,101587,2950,287133,1943,388720,California
Fresno,2021-04-30,5415,655495,3292,309978,1991,321433,132,24084,2163,100660,3221,290354,2294,391014,California
Fresno,2021-05-01,4181,659676,3448,313426,595,322028,138,24222,1232,99098,2930,293284,1368,392382,California
Fresno,2021-05-02,1246,660922,770,314196,425,322453,51,24273,613,99140,621,293905,663,393045,California
Fresno,2021-05-03,4024,664946,2696,316892,1137,323590,191,24464,1302,97933,2695,296600,1488,394533,California
Fresno,2021-05-04,4830,669776,2503,319395,2175,325765,152,24616,1543,96371,3259,299859,1697,396230,California
Fresno,2021-05-05,5094,674870,3142,322537,1727,327492,225,24841,1586,94698,3481,303340,1808,398038,California
Fresno,2021-05-06,4119,678989,2544,325081,1471,328963,104,24945,1409,93531,2680,306020,1513,399551,California
Fresno,2021-05-07,5009,683998,3286,328367,1556,330519,167,25112,1551,91811,3435,309455,1715,401266,California
Fresno,2021-05-08,3898,687896,2486,330853,1264,331783,148,25260,1170,90424,2706,312161,1319,402585,California
Fresno,2021-05-09,674,688570,346,331199,285,332068,43,25303,336,90471,332,312493,379,402964,California
Fresno,2021-05-10,2958,691528,1580,332779,1237,333305,141,25444,921,89506,2027,314520,1062,404026,California
Fresno,2021-05-11,3741,695269,1927,334706,1721,335026,93,25537,1204,88278,2525,317045,1297,405323,California
Fresno,2021-05-12,3989,699258,2560,337266,1265,336291,164,25701,1452,87381,2513,319558,1616,406939,California
Fresno,2021-05-13,3848,703106,2131,339397,1613,337904,104,25805,1738,87151,2072,321630,1842,408781,California
Fresno,2021-05-14,5027,708133,3014,342411,1829,339733,184,25989,2141,86624,2854,324484,2327,411108,California
Fresno,2021-05-15,3578,711711,2672,345083,776,340509,130,26119,1819,86823,1749,326233,1948,413056,California
Fresno,2021-05-16,1445,713156,947,346030,464,340973,34,26153,812,87043,627,326860,847,413903,California
Fresno,2021-05-17,4171,717327,2823,348853,1189,342162,159,26312,2247,87551,1896,328756,2404,416307,California
Fresno,2021-05-18,4095,721422,2532,351385,1410,343572,153,26465,2092,87813,1980,330736,2242,418549,California
Fresno,2021-05-19,4336,725758,2764,354149,1397,344969,175,26640,2104,87882,2209,332945,2278,420827,California
Fresno,2021-05-20,4091,729849,2441,356590,1462,346431,188,26828,1910,87814,2164,335109,2096,422923,California
Fresno,2021-05-21,4554,734403,2980,359570,1482,347913,92,26920,2067,87515,2457,337566,2158,425081,California
Fresno,2021-05-22,3942,738345,2923,362493,845,348758,174,27094,2272,88305,1654,339220,2444,427525,California
Fresno,2021-05-23,902,739247,572,363065,300,349058,30,27124,463,88369,429,339649,493,428018,California
Fresno,2021-05-24,3220,742467,2024,365089,1082,350140,114,27238,1494,88274,1703,341352,1608,429626,California
Fresno,2021-05-25,3206,745673,1927,367016,1155,351295,124,27362,1369,87944,1823,343175,1493,431119,California
Fresno,2021-05-26,3242,748915,2142,369158,994,352289,106,27468,1654,88134,1568,344743,1758,432877,California
Fresno,2021-05-27,3138,752053,1912,371070,1119,353408,107,27575,1415,87960,1697,346440,1523,434400,California
Fresno,2021-05-28,3422,755475,2208,373278,1119,354527,95,27670,1894,88441,1509,347949,1990,436390,California
Fresno,2021-05-29,2278,757753,1659,374937,548,355075,71,27741,1254,88753,1014,348963,1326,437716,California
Fresno,2021-05-30,887,758640,533,375470,319,355394,35,27776,427,88772,443,349406,462,438178,California
Fresno,2021-05-31,318,758958,160,375630,146,355540,12,27788,136,88742,176,349582,146,438324,California
Fresno,2021-06-01,3009,761967,1810,377440,1104,356644,95,27883,1219,88290,1766,351348,1314,439638,California
Fresno,2021-06-02,2654,764621,1710,379150,854,357498,90,27973,1086,87929,1539,352887,1178,440816,California
Fresno,2021-06-03,2937,767558,2015,381165,820,358318,102,28075,1192,87497,1724,354611,1292,442108,California
Fresno,2021-06-04,3229,770787,2344,383509,785,359103,100,28175,1118,86629,2087,356698,1219,443327,California
Fresno,2021-06-05,3104,773891,2293,385802,691,359794,120,28295,1250,86167,1830,358528,1368,444695,California
Fresno,2021-06-06,1165,775056,927,386729,201,359995,37,28332,412,85868,748,359276,449,445144,California
Fresno,2021-06-07,3077,778133,2425,389154,563,360558,89,28421,897,84695,2159,361435,986,446130,California
Fresno,2021-06-08,2617,780750,1949,391103,600,361158,68,28489,810,83775,1798,363233,878,447008,California
Fresno,2021-06-09,2941,783691,2196,393299,655,361813,90,28579,976,82894,1947,365180,1066,448074,California
Fresno,2021-06-10,2641,786332,1917,395216,654,362467,70,28649,925,82192,1696,366876,994,449068,California
Fresno,2021-06-11,3130,789462,2197,397413,823,363290,110,28759,1166,81542,1926,368802,1276,450344,California
Fresno,2021-06-12,2890,792352,2281,399694,444,363734,165,28924,774,80373,2103,370905,934,451278,California
Fresno,2021-06-13,711,793063,460,400154,234,363968,17,28941,201,80086,505,371410,218,451496,California
Fresno,2021-06-14,2490,795553,1810,401964,550,364518,130,29071,954,79650,1518,372928,1082,452578,California
Fresno,2021-06-15,2371,797924,1703,403667,592,365110,76,29147,943,79256,1412,374340,1018,453596,California
Fresno,2021-06-16,2591,800515,1869,405536,610,365720,112,29259,1023,78836,1554,375894,1134,454730,California
Fresno,2021-06-17,2219,802734,1559,407095,573,366293,87,29346,934,78585,1271,377165,1020,455750,California
Fresno,2021-06-18,2893,805627,2085,409180,693,366986,115,29461,1157,78138,1718,378883,1271,457021,California
Fresno,2021-06-19,822,806449,638,409818,112,367098,72,29533,205,77800,614,379497,276,457297,California
Glenn,2020-12-17,1,1,1,1,0,0,0,0,1,1,0,0,1,1,California
Glenn,2020-12-20,1,2,1,2,0,0,0,0,1,2,0,0,1,2,California
Glenn,2020-12-21,11,13,11,13,0,0,0,0,11,13,0,0,11,13,California
Glenn,2020-12-22,58,71,58,71,0,0,0,0,58,71,0,0,58,71,California
Glenn,2020-12-23,28,99,28,99,0,0,0,0,28,99,0,0,28,99,California
Glenn,2020-12-24,9,108,9,108,0,0,0,0,9,108,0,0,9,108,California
Glenn,2020-12-26,2,110,2,110,0,0,0,0,2,110,0,0,2,110,California
Glenn,2020-12-27,4,114,4,114,0,0,0,0,4,114,0,0,4,114,California
Glenn,2020-12-28,20,134,20,134,0,0,0,0,20,134,0,0,20,134,California
Glenn,2020-12-29,81,215,81,215,0,0,0,0,81,215,0,0,81,215,California
Glenn,2020-12-30,127,342,104,319,23,23,0,0,127,342,0,0,127,342,California
Glenn,2020-12-31,38,380,9,328,29,52,0,0,38,380,0,0,38,380,California
Glenn,2021-01-02,4,384,4,332,0,52,0,0,4,384,0,0,4,384,California
Glenn,2021-01-04,7,391,5,337,2,54,0,0,7,391,0,0,7,391,California
Glenn,2021-01-05,12,403,9,346,3,57,0,0,12,403,0,0,12,403,California
Glenn,2021-01-06,59,462,8,354,51,108,0,0,59,462,0,0,59,462,California
Glenn,2021-01-07,65,527,11,365,54,162,0,0,64,525,1,1,64,526,California
Glenn,2021-01-08,12,539,9,374,3,165,0,0,12,537,0,1,12,538,California
Glenn,2021-01-10,1,540,1,375,0,165,0,0,0,536,1,2,0,538,California
Glenn,2021-01-11,29,569,29,404,0,165,0,0,12,531,17,19,12,550,California
Glenn,2021-01-12,43,612,38,442,5,170,0,0,14,516,29,48,14,564,California
Glenn,2021-01-13,218,830,156,598,62,232,0,0,175,648,43,91,175,739,California
Glenn,2021-01-14,120,950,31,629,89,321,0,0,110,748,10,101,110,849,California
Glenn,2021-01-15,41,991,34,663,7,328,0,0,36,779,5,106,36,885,California
Glenn,2021-01-16,33,1024,14,677,19,347,0,0,23,792,10,116,23,908,California
Glenn,2021-01-17,4,1028,2,679,2,349,0,0,2,792,2,118,2,910,California
Glenn,2021-01-18,17,1045,16,695,1,350,0,0,9,793,8,126,9,919,California
Glenn,2021-01-19,30,1075,20,715,10,360,0,0,13,789,17,143,13,932,California
Glenn,2021-01-20,162,1237,93,808,69,429,0,0,82,791,80,223,82,1014,California
Glenn,2021-01-21,121,1358,95,903,26,455,0,0,30,730,91,314,30,1044,California
Glenn,2021-01-22,343,1701,64,967,279,734,0,0,336,1059,7,321,336,1380,California
Glenn,2021-01-23,16,1717,10,977,6,740,0,0,12,1067,4,325,12,1392,California
Glenn,2021-01-24,2,1719,2,979,0,740,0,0,2,1069,0,325,2,1394,California
Glenn,2021-01-25,27,1746,9,988,18,758,0,0,24,1090,3,328,24,1418,California
Glenn,2021-01-26,31,1777,15,1003,16,774,0,0,24,1107,7,335,24,1442,California
Glenn,2021-01-27,189,1966,12,1015,177,951,0,0,167,1252,22,357,167,1609,California
Glenn,2021-01-28,148,2114,8,1023,140,1091,0,0,118,1340,30,387,118,1727,California
Glenn,2021-01-29,300,2414,12,1035,288,1379,0,0,286,1612,14,401,286,2013,California
Glenn,2021-01-30,3,2417,0,1035,3,1382,0,0,3,1615,0,401,3,2016,California
Glenn,2021-01-31,1,2418,0,1035,1,1383,0,0,1,1616,0,401,1,2017,California
Glenn,2021-02-01,30,2448,11,1046,19,1402,0,0,18,1622,12,413,18,2035,California
Glenn,2021-02-02,31,2479,16,1062,15,1417,0,0,21,1633,10,423,21,2056,California
Glenn,2021-02-03,276,2755,126,1188,150,1567,0,0,132,1622,144,567,133,2189,California
Glenn,2021-02-04,81,2836,14,1202,67,1634,0,0,26,1593,55,622,26,2215,California
Glenn,2021-02-05,326,3162,25,1227,301,1935,0,0,305,1877,21,643,305,2520,California
Glenn,2021-02-06,18,3180,2,1229,16,1951,0,0,17,1893,1,644,17,2537,California
Glenn,2021-02-07,2,3182,2,1231,0,1951,0,0,2,1895,0,644,2,2539,California
Glenn,2021-02-08,20,3202,17,1248,3,1954,0,0,4,1883,16,660,4,2543,California
Glenn,2021-02-09,50,3252,19,1267,31,1985,0,0,35,1903,15,675,35,2578,California
Glenn,2021-02-10,136,3388,19,1286,117,2102,0,0,66,1899,70,745,66,2644,California
Glenn,2021-02-11,235,3623,134,1420,101,2203,0,0,152,1967,84,829,152,2796,California
Glenn,2021-02-12,417,4040,98,1518,319,2522,0,0,353,2256,64,893,353,3149,California
Glenn,2021-02-13,37,4077,9,1527,28,2550,0,0,17,2253,20,913,17,3166,California
Glenn,2021-02-14,1,4078,0,1527,1,2551,0,0,1,2254,0,913,1,3167,California
Glenn,2021-02-15,8,4086,0,1527,8,2559,0,0,8,2262,0,913,8,3175,California
Glenn,2021-02-16,39,4125,9,1536,30,2589,0,0,21,2265,18,931,21,3196,California
Glenn,2021-02-17,379,4504,13,1549,366,2955,0,0,303,2492,76,1007,303,3499,California
Glenn,2021-02-18,136,4640,101,1650,35,2990,0,0,112,2580,24,1031,112,3611,California
Glenn,2021-02-19,307,4947,16,1666,291,3281,0,0,28,2329,279,1310,28,3639,California
Glenn,2021-02-20,9,4956,0,1666,9,3290,0,0,1,2322,8,1318,1,3640,California
Glenn,2021-02-21,1,4957,1,1667,0,3290,0,0,1,2323,0,1318,1,3641,California
Glenn,2021-02-22,33,4990,14,1681,19,3309,0,0,16,2322,17,1335,16,3657,California
Glenn,2021-02-23,40,5030,10,1691,30,3339,0,0,28,2338,12,1347,28,3685,California
Glenn,2021-02-24,252,5282,49,1740,203,3542,0,0,45,2176,207,1554,45,3730,California
Glenn,2021-02-25,234,5516,120,1860,114,3656,0,0,120,2182,114,1668,120,3850,California
Glenn,2021-02-26,309,5825,24,1884,285,3941,0,0,20,1914,288,1956,20,3870,California
Glenn,2021-02-27,13,5838,4,1888,9,3950,0,0,5,1912,7,1963,5,3875,California
Glenn,2021-02-28,6,5844,3,1891,3,3953,0,0,3,1913,2,1965,3,3878,California
Glenn,2021-03-01,28,5872,6,1897,22,3975,0,0,12,1909,16,1981,12,3890,California
Glenn,2021-03-02,35,5907,8,1905,27,4002,0,0,17,1908,18,1999,17,3907,California
Glenn,2021-03-03,193,6100,38,1943,155,4157,0,0,102,1921,89,2088,102,4009,California
Glenn,2021-03-04,517,6617,175,2118,342,4499,0,0,370,2144,147,2235,370,4379,California
Glenn,2021-03-05,361,6978,47,2165,314,4813,0,0,34,1851,327,2562,34,4413,California
Glenn,2021-03-06,30,7008,3,2168,26,4839,1,1,9,1840,21,2583,10,4423,California
Glenn,2021-03-07,5,7013,0,2168,5,4844,0,1,3,1842,1,2584,3,4426,California
Glenn,2021-03-08,19,7032,2,2170,16,4860,1,2,17,1858,2,2586,18,4444,California
Glenn,2021-03-09,83,7115,12,2182,68,4928,3,5,54,1885,29,2615,56,4500,California
Glenn,2021-03-10,172,7287,69,2251,101,5029,2,7,95,1905,77,2692,97,4597,California
Glenn,2021-03-11,586,7873,169,2420,394,5423,23,30,456,2254,130,2822,479,5076,California
Glenn,2021-03-12,417,8290,13,2433,341,5764,63,93,40,1980,377,3199,103,5179,California
Glenn,2021-03-13,13,8303,1,2434,4,5768,8,101,1,1977,12,3211,9,5188,California
Glenn,2021-03-14,2,8305,1,2435,1,5769,0,101,0,1975,2,3213,0,5188,California
Glenn,2021-03-15,76,8381,15,2450,56,5825,5,106,61,2026,15,3228,66,5254,California
Glenn,2021-03-16,110,8491,34,2484,65,5890,11,117,69,2065,41,3269,80,5334,California
Glenn,2021-03-17,419,8910,100,2584,312,6202,7,124,117,1885,302,3571,122,5456,California
Glenn,2021-03-18,523,9433,217,2801,49,6251,257,381,143,1904,380,3951,399,5855,California
Glenn,2021-03-19,96,9529,16,2817,74,6325,6,387,75,1965,20,3971,81,5936,California
Glenn,2021-03-20,133,9662,2,2819,130,6455,1,388,130,2093,3,3974,131,6067,California
Glenn,2021-03-21,6,9668,5,2824,0,6455,1,389,3,2095,2,3976,4,6071,California
Glenn,2021-03-22,122,9790,54,2878,61,6516,7,396,103,2188,17,3993,110,6181,California
Glenn,2021-03-23,174,9964,66,2944,60,6576,48,444,103,2270,69,4062,151,6332,California
Glenn,2021-03-24,209,10173,102,3046,102,6678,5,449,135,2337,73,4135,140,6472,California
Glenn,2021-03-25,472,10645,229,3275,149,6827,94,543,346,2652,125,4260,440,6912,California
Glenn,2021-03-26,240,10885,36,3311,168,6995,36,579,190,2828,50,4310,226,7138,California
Glenn,2021-03-27,165,11050,18,3329,141,7136,6,585,154,2977,11,4321,160,7298,California
Glenn,2021-03-28,15,11065,10,3339,5,7141,0,585,10,2982,5,4326,10,7308,California
Glenn,2021-03-29,61,11126,20,3359,38,7179,3,588,47,3018,14,4340,50,7358,California
Glenn,2021-03-30,72,11198,41,3400,30,7209,1,589,42,3033,28,4368,43,7401,California
Glenn,2021-03-31,124,11322,35,3435,88,7297,1,590,54,3019,69,4437,55,7456,California
Glenn,2021-04-01,652,11974,186,3621,457,7754,9,599,244,2866,406,4843,253,7709,California
Glenn,2021-04-02,168,12142,26,3647,131,7885,11,610,133,2975,35,4878,144,7853,California
Glenn,2021-04-03,96,12238,4,3651,85,7970,7,617,85,3056,11,4889,92,7945,California
Glenn,2021-04-04,9,12247,3,3654,4,7974,2,619,5,3059,4,4893,7,7952,California
Glenn,2021-04-05,66,12313,25,3679,28,8002,13,632,29,3064,37,4930,42,7994,California
Glenn,2021-04-06,143,12456,52,3731,52,8054,39,671,36,3032,106,5036,74,8068,California
Glenn,2021-04-07,162,12618,48,3779,60,8114,54,725,75,3074,87,5123,129,8197,California
Glenn,2021-04-08,644,13262,190,3969,420,8534,34,759,137,2740,505,5628,171,8368,California
Glenn,2021-04-09,157,13419,56,4025,85,8619,16,775,101,2801,56,5684,117,8485,California
Glenn,2021-04-10,76,13495,1,4026,61,8680,14,789,59,2858,16,5700,73,8558,California
Glenn,2021-04-11,16,13511,8,4034,3,8683,5,794,7,2861,9,5709,12,8570,California
Glenn,2021-04-12,116,13627,25,4059,62,8745,29,823,21,2816,95,5804,50,8620,California
Glenn,2021-04-13,119,13746,63,4122,56,8801,0,823,31,2759,88,5892,31,8651,California
Glenn,2021-04-14,122,13868,45,4167,77,8878,0,823,69,2775,53,5945,69,8720,California
Glenn,2021-04-15,362,14230,276,4443,86,8964,0,823,122,2657,240,6185,122,8842,California
Glenn,2021-04-16,168,14398,42,4485,126,9090,0,823,79,2647,89,6274,79,8921,California
Glenn,2021-04-17,168,14566,16,4501,152,9242,0,823,29,2545,131,6405,29,8950,California
Glenn,2021-04-18,16,14582,3,4504,13,9255,0,823,13,2555,3,6408,13,8963,California
Glenn,2021-04-19,84,14666,17,4521,67,9322,0,823,23,2518,60,6468,23,8986,California
Glenn,2021-04-20,125,14791,80,4601,45,9367,0,823,52,2497,73,6541,52,9038,California
Glenn,2021-04-21,411,15202,310,4911,101,9468,0,823,280,2646,131,6672,280,9318,California
Glenn,2021-04-22,212,15414,48,4959,164,9632,0,823,33,2501,178,6850,33,9351,California
Glenn,2021-04-23,180,15594,24,4983,156,9788,0,823,41,2404,138,6988,41,9392,California
Glenn,2021-04-24,181,15775,32,5015,149,9937,0,823,31,2285,150,7138,31,9423,California
Glenn,2021-04-25,30,15805,18,5033,12,9949,0,823,22,2299,8,7146,22,9445,California
Glenn,2021-04-26,48,15853,12,5045,36,9985,0,823,19,2289,29,7175,19,9464,California
Glenn,2021-04-27,64,15917,49,5094,10,9995,5,828,32,2294,31,7206,36,9500,California
Glenn,2021-04-28,258,16175,178,5272,69,10064,11,839,129,2306,128,7334,140,9640,California
Glenn,2021-04-29,183,16358,23,5295,158,10222,2,841,36,2197,147,7481,38,9678,California
Glenn,2021-04-30,156,16514,34,5329,120,10342,2,843,37,2117,119,7600,39,9717,California
Glenn,2021-05-01,108,16622,13,5342,94,10436,1,844,25,2060,83,7683,26,9743,California
Glenn,2021-05-02,30,16652,12,5354,9,10445,9,853,15,2069,15,7698,24,9767,California
Glenn,2021-05-03,39,16691,24,5378,14,10459,1,854,14,2059,25,7723,15,9782,California
Glenn,2021-05-04,56,16747,32,5410,19,10478,5,859,28,2064,28,7751,33,9815,California
Glenn,2021-05-05,121,16868,34,5444,77,10555,10,869,51,2055,70,7821,61,9876,California
Glenn,2021-05-06,111,16979,41,5485,65,10620,5,874,41,2031,70,7891,46,9922,California
Glenn,2021-05-07,120,17099,33,5518,78,10698,9,883,30,1981,89,7980,39,9961,California
Glenn,2021-05-08,66,17165,12,5530,50,10748,4,887,21,1962,44,8024,25,9986,California
Glenn,2021-05-09,17,17182,11,5541,6,10754,0,887,13,1971,4,8028,13,9999,California
Glenn,2021-05-10,36,17218,14,5555,17,10771,5,892,13,1966,23,8051,18,10017,California
Glenn,2021-05-11,78,17296,55,5610,14,10785,9,901,16,1929,62,8113,25,10042,California
Glenn,2021-05-12,335,17631,252,5862,69,10854,14,915,54,1716,281,8394,68,10110,California
Glenn,2021-05-13,157,17788,60,5922,79,10933,18,933,69,1715,88,8482,87,10197,California
Glenn,2021-05-14,106,17894,25,5947,76,11009,5,938,39,1692,67,8549,44,10241,California
Glenn,2021-05-15,68,17962,40,5987,25,11034,3,941,35,1697,32,8581,37,10278,California
Glenn,2021-05-16,31,17993,18,6005,13,11047,0,941,9,1684,22,8603,9,10287,California
Glenn,2021-05-17,86,18079,61,6066,21,11068,4,945,60,1722,26,8629,64,10351,California
Glenn,2021-05-18,70,18149,49,6115,16,11084,5,950,22,1701,48,8677,27,10378,California
Glenn,2021-05-19,196,18345,116,6231,68,11152,12,962,74,1665,121,8798,85,10463,California
Glenn,2021-05-20,118,18463,75,6306,41,11193,2,964,83,1715,35,8833,85,10548,California
Glenn,2021-05-21,70,18533,26,6332,43,11236,1,965,30,1706,40,8873,31,10579,California
Glenn,2021-05-22,55,18588,24,6356,31,11267,0,965,28,1707,27,8900,28,10607,California
Glenn,2021-05-23,28,18616,15,6371,13,11280,0,965,12,1704,15,8915,12,10619,California
Glenn,2021-05-24,29,18645,10,6381,15,11295,4,969,10,1700,18,8933,14,10633,California
Glenn,2021-05-25,46,18691,35,6416,9,11304,2,971,23,1702,23,8956,25,10658,California
Glenn,2021-05-26,73,18764,14,6430,55,11359,4,975,25,1683,48,9004,29,10687,California
Glenn,2021-05-27,101,18865,62,6492,38,11397,1,976,47,1679,52,9056,48,10735,California
Glenn,2021-05-28,62,18927,18,6510,37,11434,7,983,32,1688,30,9086,39,10774,California
Glenn,2021-05-29,47,18974,11,6521,32,11466,4,987,21,1687,26,9112,25,10799,California
Glenn,2021-05-30,21,18995,13,6534,8,11474,0,987,8,1683,12,9124,8,10807,California
Glenn,2021-05-31,4,18999,0,6534,4,11478,0,987,0,1679,4,9128,0,10807,California
Glenn,2021-06-01,57,19056,32,6566,22,11500,3,990,25,1675,32,9160,28,10835,California
Glenn,2021-06-02,97,19153,48,6614,46,11546,3,993,38,1657,59,9219,41,10876,California
Glenn,2021-06-03,77,19230,43,6657,27,11573,7,1000,18,1625,57,9276,25,10901,California
Glenn,2021-06-04,77,19307,36,6693,37,11610,4,1004,41,1634,36,9312,45,10946,California
Glenn,2021-06-05,55,19362,30,6723,22,11632,3,1007,17,1616,38,9350,20,10966,California
Glenn,2021-06-06,31,19393,28,6751,2,11634,1,1008,15,1617,15,9365,16,10982,California
Glenn,2021-06-07,68,19461,59,6810,7,11641,2,1010,13,1578,54,9419,15,10997,California
Glenn,2021-06-08,35,19496,19,6829,11,11652,5,1015,16,1580,19,9438,21,11018,California
Glenn,2021-06-09,62,19558,34,6863,21,11673,7,1022,31,1587,31,9469,38,11056,California
Glenn,2021-06-10,117,19675,86,6949,25,11698,6,1028,34,1544,83,9552,40,11096,California
Glenn,2021-06-11,86,19761,56,7005,27,11725,3,1031,24,1509,62,9614,27,11123,California
Glenn,2021-06-12,35,19796,19,7024,13,11738,3,1034,13,1503,22,9636,16,11139,California
Glenn,2021-06-13,11,19807,11,7035,0,11738,0,1034,5,1502,6,9642,5,11144,California
Glenn,2021-06-14,42,19849,29,7064,10,11748,3,1037,19,1502,22,9664,22,11166,California
Glenn,2021-06-15,48,19897,33,7097,14,11762,1,1038,24,1503,24,9688,25,11191,California
Glenn,2021-06-16,84,19981,50,7147,33,11795,1,1039,57,1536,25,9713,58,11249,California
Glenn,2021-06-17,60,20041,34,7181,22,11817,4,1043,7,1494,53,9766,11,11260,California
Glenn,2021-06-18,79,20120,43,7224,15,11832,21,1064,24,1484,55,9821,45,11305,California
Glenn,2021-06-19,19,20139,2,7226,17,11849,0,1064,5,1475,14,9835,5,11310,California
Humboldt,2020-12-15,2,2,2,2,0,0,0,0,2,2,0,0,2,2,California
Humboldt,2020-12-16,16,18,16,18,0,0,0,0,16,18,0,0,16,18,California
Humboldt,2020-12-17,117,135,117,135,0,0,0,0,117,135,0,0,117,135,California
Humboldt,2020-12-18,177,312,177,312,0,0,0,0,177,312,0,0,177,312,California
Humboldt,2020-12-19,10,322,10,322,0,0,0,0,10,322,0,0,10,322,California
Humboldt,2020-12-20,27,349,27,349,0,0,0,0,27,349,0,0,27,349,California
Humboldt,2020-12-21,166,515,166,515,0,0,0,0,166,515,0,0,166,515,California
Humboldt,2020-12-22,335,850,335,850,0,0,0,0,335,850,0,0,335,850,California
Humboldt,2020-12-23,322,1172,264,1114,58,58,0,0,324,1174,0,0,324,1174,California
Humboldt,2020-12-24,25,1197,2,1116,23,81,0,0,25,1199,0,0,25,1199,California
Humboldt,2020-12-25,2,1199,2,1118,0,81,0,0,2,1201,0,0,2,1201,California
Humboldt,2020-12-26,6,1205,5,1123,1,82,0,0,6,1207,0,0,6,1207,California
Humboldt,2020-12-28,206,1411,148,1271,58,140,0,0,206,1413,0,0,206,1413,California
Humboldt,2020-12-29,182,1593,123,1394,59,199,0,0,183,1596,0,0,183,1596,California
Humboldt,2020-12-30,231,1824,126,1520,105,304,0,0,231,1827,0,0,231,1827,California
Humboldt,2020-12-31,246,2070,81,1601,165,469,0,0,246,2073,0,0,246,2073,California
Humboldt,2021-01-01,3,2073,2,1603,1,470,0,0,3,2076,0,0,3,2076,California
Humboldt,2021-01-02,41,2114,3,1606,38,508,0,0,41,2117,0,0,41,2117,California
Humboldt,2021-01-04,218,2332,142,1748,76,584,0,0,219,2336,0,0,219,2336,California
Humboldt,2021-01-05,133,2465,21,1769,112,696,0,0,133,2468,1,1,133,2469,California
Humboldt,2021-01-06,315,2780,215,1984,100,796,0,0,242,2649,61,62,242,2711,California
Humboldt,2021-01-07,436,3216,323,2307,113,909,0,0,319,2868,100,162,319,3030,California
Humboldt,2021-01-08,426,3642,287,2594,139,1048,0,0,287,3022,133,295,287,3317,California
Humboldt,2021-01-09,67,3709,43,2637,24,1072,0,0,65,3086,2,297,66,3383,California
Humboldt,2021-01-10,84,3793,84,2721,0,1072,0,0,4,3010,80,377,4,3387,California
Humboldt,2021-01-11,291,4084,280,3001,11,1083,0,0,71,2865,216,593,71,3458,California
Humboldt,2021-01-12,502,4586,339,3340,163,1246,0,0,285,2955,195,788,285,3743,California
Humboldt,2021-01-13,499,5085,280,3620,219,1465,0,0,320,3100,176,964,321,4064,California
Humboldt,2021-01-14,550,5635,167,3787,383,1848,0,0,494,3539,56,1020,495,4559,California
Humboldt,2021-01-15,367,6002,28,3815,339,2187,0,0,350,3872,17,1037,350,4909,California
Humboldt,2021-01-16,168,6170,5,3820,163,2350,0,0,167,4038,1,1038,167,5076,California
Humboldt,2021-01-17,5,6175,4,3824,1,2351,0,0,5,4043,0,1038,5,5081,California
Humboldt,2021-01-18,304,6479,269,4093,35,2386,0,0,151,4041,153,1191,151,5232,California
Humboldt,2021-01-19,655,7134,396,4489,259,2645,0,0,526,4444,123,1314,526,5758,California
Humboldt,2021-01-20,917,8051,388,4877,529,3174,0,0,754,5045,155,1469,756,6514,California
Humboldt,2021-01-21,970,9021,261,5138,709,3883,0,0,927,5929,43,1512,927,7441,California
Humboldt,2021-01-22,690,9711,382,5520,308,4191,0,0,680,6600,10,1522,681,8122,California
Humboldt,2021-01-23,925,10636,284,5804,641,4832,0,0,915,7506,10,1532,916,9038,California
Humboldt,2021-01-24,229,10865,1,5805,228,5060,0,0,228,7733,1,1533,228,9266,California
Humboldt,2021-01-25,351,11216,234,6039,117,5177,0,0,154,7690,197,1730,154,9420,California
Humboldt,2021-01-26,544,11760,149,6188,395,5572,0,0,480,8106,64,1794,480,9900,California
Humboldt,2021-01-27,1275,13035,586,6774,689,6261,0,0,1203,9247,64,1858,1205,11105,California
Humboldt,2021-01-28,1466,14501,638,7412,828,7089,0,0,1325,10436,138,1996,1327,12432,California
Humboldt,2021-01-29,1164,15665,547,7959,617,7706,0,0,695,10663,469,2465,696,13128,California
Humboldt,2021-01-30,989,16654,468,8427,521,8227,0,0,976,11627,13,2478,977,14105,California
Humboldt,2021-01-31,317,16971,315,8742,2,8229,0,0,316,11942,1,2479,316,14421,California
Humboldt,2021-02-01,338,17309,195,8937,143,8372,0,0,189,11982,149,2628,189,14610,California
Humboldt,2021-02-02,452,17761,79,9016,373,8745,0,0,347,12229,102,2730,349,14959,California
Humboldt,2021-02-03,673,18434,266,9282,407,9152,0,0,519,12594,154,2884,519,15478,California
Humboldt,2021-02-04,653,19087,260,9542,393,9545,0,0,444,12832,206,3090,444,15922,California
Humboldt,2021-02-05,812,19899,94,9636,718,10263,0,0,625,13270,187,3277,625,16547,California
Humboldt,2021-02-06,1076,20975,466,10102,610,10873,0,0,1031,14258,44,3321,1032,17579,California
Humboldt,2021-02-07,379,21354,8,10110,371,11244,0,0,374,14629,4,3325,375,17954,California
Humboldt,2021-02-08,337,21691,146,10256,191,11435,0,0,179,14651,157,3482,179,18133,California
Humboldt,2021-02-09,503,22194,228,10484,275,11710,0,0,178,14504,325,3807,178,18311,California
Humboldt,2021-02-10,563,22757,371,10855,192,11902,0,0,233,14412,325,4132,233,18544,California
Humboldt,2021-02-11,1317,24074,396,11251,921,12823,0,0,493,14086,821,4953,495,19039,California
Humboldt,2021-02-12,1157,25231,741,11992,416,13239,0,0,708,14345,449,5402,708,19747,California
Humboldt,2021-02-13,1542,26773,596,12588,946,14185,0,0,921,14648,619,6021,922,20669,California
Humboldt,2021-02-14,110,26883,4,12592,106,14291,0,0,107,14753,2,6023,107,20776,California
Humboldt,2021-02-15,294,27177,81,12673,213,14504,0,0,193,14846,100,6123,193,20969,California
Humboldt,2021-02-16,545,27722,121,12794,424,14928,0,0,251,14805,294,6417,253,21222,California
Humboldt,2021-02-17,449,28171,277,13071,172,15100,0,0,131,14619,317,6734,131,21353,California
Humboldt,2021-02-18,1023,29194,601,13672,422,15522,0,0,272,14142,749,7483,272,21625,California
Humboldt,2021-02-19,481,29675,436,14108,45,15567,0,0,89,13843,388,7871,89,21714,California
Humboldt,2021-02-20,1724,31399,1026,15134,698,16265,0,0,483,13091,1238,9109,486,22200,California
Humboldt,2021-02-21,479,31878,471,15605,8,16273,0,0,180,12973,299,9408,181,22381,California
Humboldt,2021-02-22,138,32016,94,15699,44,16317,0,0,29,12895,107,9515,29,22410,California
Humboldt,2021-02-23,181,32197,71,15770,110,16427,0,0,44,12804,135,9650,44,22454,California
Humboldt,2021-02-24,1213,33410,741,16511,472,16899,0,0,586,12764,626,10276,586,23040,California
Humboldt,2021-02-25,834,34244,318,16829,516,17415,0,0,231,12394,601,10877,231,23271,California
Humboldt,2021-02-26,2156,36400,108,16937,2048,19463,0,0,446,11137,1704,12581,447,23718,California
Humboldt,2021-02-27,1710,38110,1090,18027,620,20083,0,0,853,11139,855,13436,857,24575,California
Humboldt,2021-02-28,125,38235,11,18038,114,20197,0,0,117,11250,7,13443,118,24693,California
Humboldt,2021-03-01,260,38495,46,18084,214,20411,0,0,186,11362,74,13517,186,24879,California
Humboldt,2021-03-02,299,38794,49,18133,250,20661,0,0,163,11389,136,13653,163,25042,California
Humboldt,2021-03-03,1669,40463,1103,19236,566,21227,0,0,1222,12172,440,14093,1223,26265,California
Humboldt,2021-03-04,923,41386,113,19349,810,22037,0,0,298,11847,625,14718,300,26565,California
Humboldt,2021-03-05,948,42334,189,19538,748,22785,11,11,387,11687,558,15276,398,26963,California
Humboldt,2021-03-06,1796,44130,939,20477,808,23593,49,60,801,11543,994,16270,850,27813,California
Humboldt,2021-03-07,365,44495,293,20770,54,23647,18,78,157,11510,208,16478,175,27988,California
Humboldt,2021-03-08,277,44772,6,20776,192,23839,79,157,181,11675,95,16573,260,28248,California
Humboldt,2021-03-09,501,45273,207,20983,146,23985,148,305,245,11813,254,16827,392,28640,California
Humboldt,2021-03-10,692,45965,468,21451,70,24055,154,459,420,12114,271,17098,572,29212,California
Humboldt,2021-03-11,1472,47437,458,21909,914,24969,100,559,644,12034,823,17921,743,29955,California
Humboldt,2021-03-12,1749,49186,1084,22993,444,25413,221,780,1053,12623,688,18609,1277,31232,California
Humboldt,2021-03-13,1586,50772,1037,24030,498,25911,51,831,671,12435,909,19518,721,31953,California
Humboldt,2021-03-14,142,50914,19,24049,115,26026,8,839,30,12361,112,19630,38,31991,California
Humboldt,2021-03-15,279,51193,51,24100,205,26231,23,862,59,12223,220,19850,82,32073,California
Humboldt,2021-03-16,635,51828,201,24301,173,26404,261,1123,259,12366,375,20225,518,32591,California
Humboldt,2021-03-17,729,52557,393,24694,228,26632,108,1231,339,12424,389,20614,447,33038,California
Humboldt,2021-03-18,1740,54297,1169,25863,528,27160,43,1274,1043,12817,693,21307,1086,34124,California
Humboldt,2021-03-19,1074,55371,61,25924,698,27858,315,1589,441,12942,630,21937,755,34879,California
Humboldt,2021-03-20,1383,56754,756,26680,613,28471,14,1603,424,12424,957,22894,439,35318,California
Humboldt,2021-03-21,251,57005,33,26713,189,28660,29,1632,206,12613,45,22939,234,35552,California
Humboldt,2021-03-22,119,57124,15,26728,54,28714,50,1682,63,12672,54,22993,113,35665,California
Humboldt,2021-03-23,413,57537,41,26769,329,29043,43,1725,319,12942,92,23085,362,36027,California
Humboldt,2021-03-24,1416,58953,389,27158,980,30023,47,1772,1038,13656,370,23455,1084,37111,California
Humboldt,2021-03-25,1842,60795,1214,28372,565,30588,63,1835,946,13771,894,24349,1009,38120,California
Humboldt,2021-03-26,2040,62835,437,28809,1545,32133,58,1893,1594,14982,440,24789,1651,39771,California
Humboldt,2021-03-27,2081,64916,1498,30307,410,32543,173,2066,1103,15284,974,25763,1276,41047,California
Humboldt,2021-03-28,268,65184,82,30389,114,32657,72,2138,83,15256,184,25947,156,41203,California
Humboldt,2021-03-29,466,65650,124,30513,246,32903,96,2234,197,15280,268,26215,292,41495,California
Humboldt,2021-03-30,943,66593,303,30816,526,33429,114,2348,557,15569,381,26596,670,42165,California
Humboldt,2021-03-31,1870,68463,522,31338,1250,34679,98,2446,1410,16623,456,27052,1510,43675,California
Humboldt,2021-04-01,2114,70577,704,32042,1317,35996,93,2539,1482,17574,624,27676,1575,45250,California
Humboldt,2021-04-02,1721,72298,1112,33154,504,36500,105,2644,617,17198,1098,28774,722,45972,California
Humboldt,2021-04-03,1666,73964,1507,34661,145,36645,14,2658,670,16896,986,29760,684,46656,California
Humboldt,2021-04-04,484,74448,371,35032,104,36749,9,2667,403,17228,80,29840,412,47068,California
Humboldt,2021-04-05,780,75228,464,35496,268,37017,48,2715,443,17385,334,30174,491,47559,California
Humboldt,2021-04-06,845,76073,318,35814,393,37410,134,2849,589,17856,250,30424,721,48280,California
Humboldt,2021-04-07,1500,77573,1068,36882,291,37701,141,2990,994,18488,503,30927,1135,49415,California
Humboldt,2021-04-08,1754,79327,1098,37980,497,38198,159,3149,742,18379,1010,31937,901,50316,California
Humboldt,2021-04-09,1440,80767,439,38419,846,39044,155,3304,1151,19390,288,32225,1299,51615,California
Humboldt,2021-04-10,937,81704,138,38557,627,39671,172,3476,740,20105,195,32420,910,52525,California
Humboldt,2021-04-11,646,82350,138,38695,36,39707,472,3948,128,20186,518,32938,599,53124,California
Humboldt,2021-04-12,439,82789,228,38923,85,39792,126,4074,279,20431,160,33098,405,53529,California
Humboldt,2021-04-13,589,83378,324,39247,261,40053,4,4078,556,20960,30,33128,559,54088,California
Humboldt,2021-04-14,1445,84823,1044,40291,401,40454,0,4078,1332,22180,112,33240,1332,55420,California
Humboldt,2021-04-15,1833,86656,1202,41493,627,41081,4,4082,1261,22891,554,33794,1265,56685,California
Humboldt,2021-04-16,1136,87792,522,42015,614,41695,0,4082,550,22858,583,34377,550,57235,California
Humboldt,2021-04-17,1863,89655,1540,43555,323,42018,0,4082,1057,23119,800,35177,1061,58296,California
Humboldt,2021-04-18,669,90324,354,43909,314,42332,1,4083,83,22627,580,35757,88,58384,California
Humboldt,2021-04-19,200,90524,83,43992,117,42449,0,4083,85,22599,113,35870,85,58469,California
Humboldt,2021-04-20,488,91012,128,44120,360,42809,0,4083,242,22597,245,36115,243,58712,California
Humboldt,2021-04-21,1096,92108,384,44504,712,43521,0,4083,435,22381,652,36767,436,59148,California
Humboldt,2021-04-22,881,92989,528,45032,352,43873,1,4084,447,22397,431,37198,447,59595,California
Humboldt,2021-04-23,2168,95157,308,45340,1860,45733,0,4084,315,20863,1849,39047,315,59910,California
Humboldt,2021-04-24,1088,96245,882,46222,201,45934,5,4089,360,20503,725,39772,365,60275,California
Humboldt,2021-04-25,376,96621,240,46462,136,46070,0,4089,193,20516,180,39952,193,60468,California
Humboldt,2021-04-26,355,96976,251,46713,100,46170,4,4093,99,20363,254,40206,101,60569,California
Humboldt,2021-04-27,761,97737,263,46976,469,46639,29,4122,153,19939,606,40812,182,60751,California
Humboldt,2021-04-28,1548,99285,798,47774,705,47344,45,4167,401,19241,1144,41956,446,61197,California
Humboldt,2021-04-29,1742,101027,593,48367,1111,48455,38,4205,292,18125,1446,43402,330,61527,California
Humboldt,2021-04-30,1251,102278,394,48761,823,49278,34,4239,193,17298,1052,44454,225,61752,California
Humboldt,2021-05-01,467,102745,385,49146,60,49338,22,4261,289,17432,177,44631,311,62063,California
Humboldt,2021-05-02,232,102977,185,49331,38,49376,9,4270,117,17444,114,44745,126,62189,California
Humboldt,2021-05-03,614,103591,375,49706,215,49591,24,4294,99,17055,513,45258,124,62313,California
Humboldt,2021-05-04,822,104413,483,50189,293,49884,46,4340,253,16787,566,45824,298,62611,California
Humboldt,2021-05-05,1688,106101,1077,51266,554,50438,57,4397,178,15517,1503,47327,233,62844,California
Humboldt,2021-05-06,1691,107792,1074,52340,364,50802,253,4650,138,14358,1550,48877,391,63235,California
Humboldt,2021-05-07,1417,109209,301,52641,1056,51858,60,4710,236,13474,1178,50055,294,63529,California
Humboldt,2021-05-08,740,109949,146,52787,571,52429,23,4733,90,12938,649,50704,113,63642,California
Humboldt,2021-05-09,910,110859,858,53645,42,52471,10,4743,48,12134,862,51566,58,63700,California
Humboldt,2021-05-10,215,111074,35,53680,142,52613,38,4781,82,12121,133,51699,120,63820,California
Humboldt,2021-05-11,500,111574,148,53828,279,52892,73,4854,187,12068,313,52012,260,64080,California
Humboldt,2021-05-12,620,112194,141,53969,433,53325,46,4900,229,11952,390,52402,274,64354,California
Humboldt,2021-05-13,586,112780,290,54259,269,53594,27,4927,272,11939,312,52714,299,64653,California
Humboldt,2021-05-14,702,113482,140,54399,458,54052,104,5031,230,11803,469,53183,333,64986,California
Humboldt,2021-05-15,780,114262,640,55039,132,54184,8,5039,209,11450,570,53753,217,65203,California
Humboldt,2021-05-16,123,114385,55,55094,64,54248,4,5043,70,11471,53,53806,74,65277,California
Humboldt,2021-05-17,407,114792,214,55308,170,54418,23,5066,227,11542,178,53984,249,65526,California
Humboldt,2021-05-18,663,115455,324,55632,310,54728,29,5095,369,11646,294,54278,398,65924,California
Humboldt,2021-05-19,987,116442,548,56180,396,55124,43,5138,355,11414,628,54906,396,66320,California
Humboldt,2021-05-20,816,117258,606,56786,197,55321,13,5151,593,11802,219,55125,607,66927,California
Humboldt,2021-05-21,874,118132,288,57074,525,55846,61,5212,370,11729,504,55629,431,67358,California
Humboldt,2021-05-22,411,118543,318,57392,85,55931,8,5220,145,11618,264,55893,153,67511,California
Humboldt,2021-05-23,389,118932,322,57714,64,55995,3,5223,72,11376,317,56210,75,67586,California
Humboldt,2021-05-24,324,119256,171,57885,124,56119,29,5252,186,11454,137,56347,215,67801,California
Humboldt,2021-05-25,530,119786,339,58224,167,56286,24,5276,291,11533,236,56583,315,68116,California
Humboldt,2021-05-26,647,120433,311,58535,312,56598,24,5300,312,11535,334,56917,336,68452,California
Humboldt,2021-05-27,464,120897,246,58781,181,56779,37,5337,280,11668,184,57101,317,68769,California
Humboldt,2021-05-28,410,121307,193,58974,170,56949,47,5384,180,11666,229,57330,227,68996,California
Humboldt,2021-05-29,170,121477,101,59075,66,57015,3,5387,97,11693,73,57403,100,69096,California
Humboldt,2021-05-30,104,121581,45,59120,54,57069,5,5392,49,11693,54,57457,54,69150,California
Humboldt,2021-05-31,72,121653,26,59146,40,57109,6,5398,48,11723,23,57480,53,69203,California
Humboldt,2021-06-01,453,122106,264,59410,174,57283,15,5413,198,11681,255,57735,213,69416,California
Humboldt,2021-06-02,533,122639,249,59659,230,57513,54,5467,243,11692,284,58019,295,69711,California
Humboldt,2021-06-03,391,123030,226,59885,143,57656,22,5489,89,11529,274,58293,111,69822,California
Humboldt,2021-06-04,505,123535,314,60199,167,57823,24,5513,133,11357,328,58621,156,69978,California
Humboldt,2021-06-05,406,123941,311,60510,50,57873,45,5558,204,11459,147,58768,249,70227,California
Humboldt,2021-06-06,169,124110,117,60627,43,57916,9,5567,70,11444,94,58862,79,70306,California
Humboldt,2021-06-07,353,124463,216,60843,113,58029,24,5591,114,11344,238,59100,138,70444,California
Humboldt,2021-06-08,524,124987,305,61148,190,58219,29,5620,157,11164,366,59466,186,70630,California
Humboldt,2021-06-09,397,125384,203,61351,147,58366,47,5667,124,11064,271,59737,171,70801,California
Humboldt,2021-06-10,561,125945,444,61795,90,58456,27,5694,98,10728,459,60196,123,70924,California
Humboldt,2021-06-11,437,126382,246,62041,163,58619,28,5722,101,10522,335,60531,129,71053,California
Humboldt,2021-06-12,176,126558,130,62171,46,58665,0,5722,48,10443,127,60658,48,71101,California
Humboldt,2021-06-13,211,126769,142,62313,43,58708,26,5748,88,10435,122,60780,114,71215,California
Humboldt,2021-06-14,412,127181,251,62564,134,58842,27,5775,113,10276,298,61078,139,71354,California
Humboldt,2021-06-15,544,127725,370,62934,146,58988,28,5803,153,10071,385,61463,180,71534,California
Humboldt,2021-06-16,482,128207,321,63255,114,59102,47,5850,140,9925,333,61796,187,71721,California
Humboldt,2021-06-17,389,128596,256,63511,88,59190,45,5895,94,9769,295,62091,139,71860,California
Humboldt,2021-06-18,380,128976,219,63730,135,59325,26,5921,116,9653,257,62348,141,72001,California
Humboldt,2021-06-19,51,129027,21,63751,11,59336,19,5940,24,9669,27,62375,43,72044,California
Imperial,2020-12-16,1,1,1,1,0,0,0,0,1,1,0,0,1,1,California
Imperial,2020-12-17,4,5,4,5,0,0,0,0,4,5,0,0,4,5,California
Imperial,2020-12-18,12,17,12,17,0,0,0,0,12,17,0,0,12,17,California
Imperial,2020-12-20,3,20,3,20,0,0,0,0,3,20,0,0,3,20,California
Imperial,2020-12-21,186,206,186,206,0,0,0,0,186,206,0,0,186,206,California
Imperial,2020-12-22,240,446,238,444,2,2,0,0,240,446,0,0,240,446,California
Imperial,2020-12-23,212,658,211,655,1,3,0,0,211,657,0,0,211,657,California
Imperial,2020-12-24,7,665,7,662,0,3,0,0,7,664,0,0,7,664,California
Imperial,2020-12-26,4,669,2,664,2,5,0,0,4,668,0,0,4,668,California
Imperial,2020-12-27,62,731,0,664,62,67,0,0,62,730,0,0,62,730,California
Imperial,2020-12-28,216,947,115,779,101,168,0,0,216,946,0,0,216,946,California
Imperial,2020-12-29,192,1139,37,816,155,323,0,0,192,1138,0,0,192,1138,California
Imperial,2020-12-30,368,1507,51,867,317,640,0,0,368,1506,0,0,368,1506,California
Imperial,2020-12-31,200,1707,29,896,171,811,0,0,200,1706,0,0,200,1706,California
Imperial,2021-01-01,47,1754,5,901,42,853,0,0,47,1753,0,0,47,1753,California
Imperial,2021-01-02,5,1759,0,901,5,858,0,0,5,1758,0,0,5,1758,California
Imperial,2021-01-03,90,1849,0,901,90,948,0,0,90,1848,0,0,90,1848,California
Imperial,2021-01-04,89,1938,9,910,80,1028,0,0,89,1937,0,0,89,1937,California
Imperial,2021-01-05,172,2110,14,924,158,1186,0,0,172,2109,0,0,172,2109,California
Imperial,2021-01-06,193,2303,27,951,166,1352,0,0,192,2300,1,1,192,2301,California
Imperial,2021-01-07,332,2635,14,965,318,1670,0,0,327,2622,5,6,327,2628,California
Imperial,2021-01-08,195,2830,52,1017,143,1813,0,0,186,2799,9,15,186,2814,California
Imperial,2021-01-09,24,2854,21,1038,3,1816,0,0,24,2823,0,15,24,2838,California
Imperial,2021-01-10,7,2861,1,1039,6,1822,0,0,6,2828,1,16,6,2844,California
Imperial,2021-01-11,404,3265,244,1283,160,1982,0,0,176,2776,228,244,176,3020,California
Imperial,2021-01-12,418,3683,308,1591,110,2092,0,0,156,2671,261,505,156,3176,California
Imperial,2021-01-13,386,4069,135,1726,251,2343,0,0,284,2853,102,607,284,3460,California
Imperial,2021-01-14,268,4337,151,1877,117,2460,0,0,262,3110,5,612,262,3722,California
Imperial,2021-01-15,245,4582,182,2059,63,2523,0,0,237,3339,8,620,237,3959,California
Imperial,2021-01-16,95,4677,74,2133,21,2544,0,0,94,3432,1,621,94,4053,California
Imperial,2021-01-17,18,4695,5,2138,13,2557,0,0,17,3448,1,622,17,4070,California
Imperial,2021-01-18,1074,5769,400,2538,674,3231,0,0,976,4327,98,720,977,5047,California
Imperial,2021-01-19,176,5945,132,2670,44,3275,0,0,129,4409,47,767,129,5176,California
Imperial,2021-01-20,302,6247,199,2869,103,3378,0,0,263,4633,39,806,263,5439,California
Imperial,2021-01-21,462,6709,210,3079,252,3630,0,0,438,5047,24,830,438,5877,California
Imperial,2021-01-22,480,7189,192,3271,288,3918,0,0,471,5509,9,839,471,6348,California
Imperial,2021-01-23,1067,8256,293,3564,774,4692,0,0,1065,6572,2,841,1065,7413,California
Imperial,2021-01-24,24,8280,3,3567,21,4713,0,0,23,6594,1,842,23,7436,California
Imperial,2021-01-25,224,8504,10,3577,214,4927,0,0,40,6452,182,1024,40,7476,California
Imperial,2021-01-26,387,8891,185,3762,202,5129,0,0,241,6549,145,1169,242,7718,California
Imperial,2021-01-27,599,9490,169,3931,430,5559,0,0,263,6476,336,1505,263,7981,California
Imperial,2021-01-28,659,10149,170,4101,489,6048,0,0,549,6915,110,1615,549,8530,California
Imperial,2021-01-29,461,10610,308,4409,153,6201,0,0,411,7276,50,1665,411,8941,California
Imperial,2021-01-30,89,10699,44,4453,45,6246,0,0,72,7331,17,1682,72,9013,California
Imperial,2021-01-31,31,10730,8,4461,23,6269,0,0,30,7360,1,1683,30,9043,California
Imperial,2021-02-01,466,11196,69,4530,397,6666,0,0,255,7405,210,1893,255,9298,California
Imperial,2021-02-02,754,11950,69,4599,685,7351,0,0,568,7787,186,2079,568,9866,California
Imperial,2021-02-03,496,12446,52,4651,444,7795,0,0,300,7892,195,2274,300,10166,California
Imperial,2021-02-04,1785,14231,1230,5881,555,8350,0,0,1467,9042,317,2591,1467,11633,California
Imperial,2021-02-05,470,14701,255,6136,215,8565,0,0,234,9041,237,2828,236,11869,California
Imperial,2021-02-06,889,15590,849,6985,40,8605,0,0,854,9858,37,2865,854,12723,California
Imperial,2021-02-07,50,15640,17,7002,33,8638,0,0,46,9900,4,2869,46,12769,California
Imperial,2021-02-08,293,15933,62,7064,231,8869,0,0,225,10057,68,2937,225,12994,California
Imperial,2021-02-09,525,16458,178,7242,347,9216,0,0,353,10241,172,3109,356,13350,California
Imperial,2021-02-10,492,16950,67,7309,425,9641,0,0,124,10000,368,3477,127,13477,California
Imperial,2021-02-11,1094,18044,390,7699,704,10345,0,0,188,9290,901,4378,191,13668,California
Imperial,2021-02-12,2225,20269,1470,9169,755,11100,0,0,1864,10796,364,4742,1870,15538,California
Imperial,2021-02-13,82,20351,27,9196,55,11155,0,0,64,10840,21,4763,65,15603,California
Imperial,2021-02-14,49,20400,34,9230,15,11170,0,0,46,10883,3,4766,46,15649,California
Imperial,2021-02-15,168,20568,60,9290,108,11278,0,0,130,10978,38,4804,133,15782,California
Imperial,2021-02-16,537,21105,271,9561,266,11544,0,0,318,11081,219,5023,322,16104,California
Imperial,2021-02-17,465,21570,307,9868,158,11702,0,0,109,10839,356,5379,114,16218,California
Imperial,2021-02-18,692,22262,339,10207,353,12055,0,0,168,10494,523,5902,178,16396,California
Imperial,2021-02-19,803,23065,408,10615,395,12450,0,0,215,10124,587,6489,217,16613,California
Imperial,2021-02-20,1071,24136,215,10830,856,13306,0,0,343,9751,726,7215,353,16966,California
Imperial,2021-02-21,604,24740,572,11402,32,13338,0,0,594,10339,9,7224,597,17563,California
Imperial,2021-02-22,840,25580,596,11998,244,13582,0,0,780,11064,60,7284,785,18348,California
Imperial,2021-02-23,1050,26630,455,12453,595,14177,0,0,967,11961,83,7367,980,19328,California
Imperial,2021-02-24,780,27410,319,12772,461,14638,0,0,659,12514,120,7487,673,20001,California
Imperial,2021-02-25,935,28345,374,13146,561,15199,0,0,533,12670,401,7888,557,20558,California
Imperial,2021-02-26,2365,30710,1390,14536,975,16174,0,0,1848,14024,516,8404,1870,22428,California
Imperial,2021-02-27,997,31707,906,15442,91,16265,0,0,240,13526,758,9162,260,22688,California
Imperial,2021-02-28,97,31804,77,15519,20,16285,0,0,77,13594,20,9182,88,22776,California
Imperial,2021-03-01,579,32383,341,15860,235,16520,3,3,492,14017,83,9265,506,23282,California
Imperial,2021-03-02,765,33148,277,16137,487,17007,1,4,418,14104,345,9610,432,23714,California
Imperial,2021-03-03,980,34128,73,16210,906,17913,1,5,584,14324,393,10003,613,24327,California
Imperial,2021-03-04,834,34962,126,16336,707,18620,1,6,536,14615,295,10298,586,24913,California
Imperial,2021-03-05,3190,38152,2265,18601,925,19545,0,6,1782,15018,1411,11709,1814,26727,California
Imperial,2021-03-06,743,38895,254,18855,489,20034,0,6,677,15657,63,11772,702,27429,California
Imperial,2021-03-07,124,39019,70,18925,54,20088,0,6,72,15703,51,11823,97,27526,California
Imperial,2021-03-08,490,39509,377,19302,78,20166,35,41,382,16046,108,11931,451,27977,California
Imperial,2021-03-09,749,40258,353,19655,148,20314,248,289,432,16411,317,12248,682,28659,California
Imperial,2021-03-10,747,41005,350,20005,291,20605,106,395,347,16478,399,12647,466,29125,California
Imperial,2021-03-11,1853,42858,506,20511,1158,21763,189,584,1224,17289,624,13271,1435,30560,California
Imperial,2021-03-12,4904,47762,3507,24018,1195,22958,202,786,3120,18855,1778,15049,3344,33904,California
Imperial,2021-03-13,1219,48981,101,24119,885,23843,233,1019,882,19662,334,15383,1141,35045,California
Imperial,2021-03-14,208,49189,49,24168,143,23986,16,1035,146,19778,62,15445,178,35223,California
Imperial,2021-03-15,741,49930,254,24422,222,24208,265,1300,403,20129,336,15781,687,35910,California
Imperial,2021-03-16,1200,51130,324,24746,404,24612,472,1772,581,20595,617,16398,1083,36993,California
Imperial,2021-03-17,1662,52792,723,25469,799,25411,140,1912,1040,21170,614,17012,1189,38182,California
Imperial,2021-03-18,1885,54677,1247,26716,578,25989,60,1972,1316,21987,565,17577,1382,39564,California
Imperial,2021-03-19,3827,58504,2791,29507,1033,27022,3,1975,1931,22036,1888,19465,1937,41501,California
Imperial,2021-03-20,1801,60305,562,30069,1232,28254,7,1982,1339,22932,456,19921,1352,42853,California
Imperial,2021-03-21,272,60577,84,30153,183,28437,5,1987,165,23003,107,20028,178,43031,California
Imperial,2021-03-22,1104,61681,379,30532,716,29153,9,1996,640,23195,462,20490,654,43685,California
Imperial,2021-03-23,1553,63234,526,31058,1021,30174,6,2002,958,23573,591,21081,969,44654,California
Imperial,2021-03-24,2209,65443,595,31653,1188,31362,426,2428,1188,24172,1018,22099,1617,46271,California
Imperial,2021-03-25,3261,68704,729,32382,905,32267,1627,4055,1222,24980,2033,24132,2841,49112,California
Imperial,2021-03-26,3272,71976,1201,33583,1074,33341,997,5052,942,24606,2318,26450,1944,51056,California
Imperial,2021-03-27,643,72619,289,33872,298,33639,56,5108,454,24932,186,26636,512,51568,California
Imperial,2021-03-28,227,72846,61,33933,164,33803,2,5110,182,25074,43,26679,185,51753,California
Imperial,2021-03-29,1522,74368,387,34320,410,34213,725,5835,352,24986,1167,27846,1079,52832,California
Imperial,2021-03-30,2138,76506,714,35034,609,34822,815,6650,707,25076,1429,29275,1519,54351,California
Imperial,2021-03-31,1569,78075,743,35777,820,35642,6,6656,1040,25595,526,29801,1045,55396,California
Imperial,2021-04-01,2104,80179,447,36224,1412,37054,245,6901,894,25530,1204,31005,1139,56535,California
Imperial,2021-04-02,1998,82177,501,36725,1419,38473,78,6979,1351,26319,641,31646,1430,57965,California
Imperial,2021-04-03,1550,83727,447,37172,1023,39496,80,7059,721,26296,826,32472,803,58768,California
Imperial,2021-04-04,94,83821,50,37222,27,39523,17,7076,26,26272,68,32540,44,58812,California
Imperial,2021-04-05,3431,87252,2330,39552,936,40459,165,7241,814,24651,2607,35147,986,59798,California
Imperial,2021-04-06,1364,88616,563,40115,608,41067,193,7434,710,24908,649,35796,906,60704,California
Imperial,2021-04-07,2191,90807,567,40682,1246,42313,378,7812,1571,26231,624,36420,1947,62651,California
Imperial,2021-04-08,2252,93059,1102,41784,850,43163,300,8112,1086,26453,1162,37582,1384,64035,California
Imperial,2021-04-09,3262,96321,1681,43465,961,44124,620,8732,1540,26896,1714,39296,2157,66192,California
Imperial,2021-04-10,1338,97659,211,43676,853,44977,274,9006,253,26340,1082,40378,526,66718,California
Imperial,2021-04-11,228,97887,37,43713,159,45136,32,9038,81,26309,147,40525,116,66834,California
Imperial,2021-04-12,1482,99369,798,44511,462,45598,222,9260,845,26746,631,41156,1068,67902,California
Imperial,2021-04-13,2987,102356,1927,46438,1058,46656,2,9262,2071,27910,912,42068,2076,69978,California
Imperial,2021-04-14,2093,104449,984,47422,1109,47765,0,9262,1410,28649,676,42744,1415,71393,California
Imperial,2021-04-15,2028,106477,927,48349,1101,48866,0,9262,1380,29393,642,43386,1386,72779,California
Imperial,2021-04-16,3479,109956,1811,50160,1668,50534,0,9262,2178,30287,1287,44673,2181,74960,California
Imperial,2021-04-17,1836,111792,940,51100,894,51428,2,9264,1423,31305,408,45081,1426,76386,California
Imperial,2021-04-18,271,112063,81,51181,190,51618,0,9264,95,31230,174,45255,99,76485,California
Imperial,2021-04-19,875,112938,281,51462,594,52212,0,9264,481,31324,391,45646,485,76970,California
Imperial,2021-04-20,1356,114294,553,52015,803,53015,0,9264,757,31487,597,46243,760,77730,California
Imperial,2021-04-21,1420,115714,357,52372,1062,54077,1,9265,821,31716,592,46835,821,78551,California
Imperial,2021-04-22,2385,118099,830,53202,1555,55632,0,9265,1641,32631,728,47563,1643,80194,California
Imperial,2021-04-23,2860,120959,541,53743,2319,57951,0,9265,1107,32020,1722,49285,1111,81305,California
Imperial,2021-04-24,572,121531,340,54083,232,58183,0,9265,208,31867,361,49646,208,81513,California
Imperial,2021-04-25,277,121808,104,54187,173,58356,0,9265,141,31874,134,49780,141,81654,California
Imperial,2021-04-26,1263,123071,502,54689,757,59113,4,9269,720,32061,537,50317,724,82378,California
Imperial,2021-04-27,1171,124242,394,55083,767,59880,10,9279,582,32071,583,50900,593,82971,California
Imperial,2021-04-28,1511,125753,659,55742,823,60703,29,9308,685,31965,820,51720,714,83685,California
Imperial,2021-04-29,1860,127613,876,56618,936,61639,48,9356,822,31809,1027,52747,871,84556,California
Imperial,2021-04-30,3304,130917,1702,58320,1567,63206,35,9391,1594,31741,1697,54444,1629,86185,California
Imperial,2021-05-01,353,131270,152,58472,198,63404,3,9394,167,31728,185,54629,172,86357,California
Imperial,2021-05-02,89,131359,30,58502,57,63461,2,9396,51,31744,38,54667,54,86411,California
Imperial,2021-05-03,1674,133033,566,59068,1059,64520,49,9445,385,30900,1277,55944,433,86844,California
Imperial,2021-05-04,1783,134816,982,60050,774,65294,27,9472,549,30250,1226,57170,576,87420,California
Imperial,2021-05-05,1528,136344,910,60960,597,65891,21,9493,454,29664,1062,58232,476,87896,California
Imperial,2021-05-06,1745,138089,1147,62107,556,66447,42,9535,561,29091,1178,59410,605,88501,California
Imperial,2021-05-07,2628,140717,1470,63577,1113,67560,45,9580,868,28268,1739,61149,916,89417,California
Imperial,2021-05-08,797,141514,650,64227,138,67698,9,9589,193,27873,597,61746,202,89619,California
Imperial,2021-05-09,105,141619,71,64298,33,67731,1,9590,35,27842,67,61813,36,89655,California
Imperial,2021-05-10,1179,142798,305,64603,750,68481,124,9714,351,27495,821,62634,474,90129,California
Imperial,2021-05-11,1497,144295,483,65086,995,69476,19,9733,502,27034,987,63621,526,90655,California
Imperial,2021-05-12,865,145160,274,65360,552,70028,39,9772,306,26824,554,64175,344,90999,California
Imperial,2021-05-13,1886,147046,1256,66616,558,70586,72,9844,825,26668,1052,65227,896,91895,California
Imperial,2021-05-14,1778,148824,976,67592,742,71328,60,9904,1164,27290,602,65829,1224,93119,California
Imperial,2021-05-15,1249,150073,490,68082,737,72065,22,9926,476,27022,767,66596,499,93618,California
Imperial,2021-05-16,128,150201,87,68169,37,72102,4,9930,54,27007,73,66669,58,93676,California
Imperial,2021-05-17,1991,152192,731,68900,1209,73311,51,9981,692,26458,1292,67961,743,94419,California
Imperial,2021-05-18,1710,153902,906,69806,730,74041,74,10055,929,26687,775,68736,1004,95423,California
Imperial,2021-05-19,1309,155211,615,70421,624,74665,70,10125,614,26682,688,69424,683,96106,California
Imperial,2021-05-20,1633,156844,1018,71439,548,75213,67,10192,738,26605,883,70307,806,96912,California
Imperial,2021-05-21,1937,158781,1240,72679,633,75846,64,10256,969,26681,958,71265,1034,97946,California
Imperial,2021-05-22,297,159078,192,72871,89,75935,16,10272,154,26713,138,71403,170,98116,California
Imperial,2021-05-23,96,159174,36,72907,51,75986,9,10281,36,26700,58,71461,45,98161,California
Imperial,2021-05-24,1283,160457,629,73536,594,76580,60,10341,530,26542,746,72207,588,98749,California
Imperial,2021-05-25,1474,161931,489,74025,951,77531,34,10375,529,26171,935,73142,564,99313,California
Imperial,2021-05-26,1056,162987,555,74580,451,77982,50,10425,467,26102,586,73728,517,99830,California
Imperial,2021-05-27,1328,164315,734,75314,524,78506,70,10495,652,26154,670,74398,722,100552,California
Imperial,2021-05-28,1048,165363,602,75916,374,78880,72,10567,388,25965,650,75048,461,101013,California
Imperial,2021-05-29,228,165591,127,76043,95,78975,6,10573,118,25979,110,75158,124,101137,California
Imperial,2021-05-30,96,165687,29,76072,65,79040,2,10575,65,26015,31,75189,67,101204,California
Imperial,2021-05-31,78,165765,19,76091,53,79093,6,10581,35,26013,43,75232,41,101245,California
Imperial,2021-06-01,1193,166958,553,76644,574,79667,66,10647,471,25837,714,75946,538,101783,California
Imperial,2021-06-02,1099,168057,606,77250,402,80069,91,10738,565,25961,530,76476,654,102437,California
Imperial,2021-06-03,1264,169321,743,77993,427,80496,94,10832,599,25996,658,77134,693,103130,California
Imperial,2021-06-04,2231,171552,1592,79585,534,81030,105,10937,986,25851,1235,78369,1090,104220,California
Imperial,2021-06-05,369,171921,234,79819,120,81150,15,10952,178,25857,187,78556,193,104413,California
Imperial,2021-06-06,84,172005,47,79866,25,81175,12,10964,45,25875,39,78595,57,104470,California
Imperial,2021-06-07,1008,173013,655,80521,287,81462,66,11030,490,25917,514,79109,556,105026,California
Imperial,2021-06-08,1360,174373,1030,81551,271,81733,59,11089,553,25726,803,79912,612,105638,California
Imperial,2021-06-09,1063,175436,774,82325,232,81965,57,11146,494,25715,562,80474,551,106189,California
Imperial,2021-06-10,1124,176560,768,83093,312,82277,44,11190,439,25516,681,81155,482,106671,California
Imperial,2021-06-11,1627,178187,1182,84275,401,82678,44,11234,715,25375,900,82055,759,107430,California
Imperial,2021-06-12,242,178429,127,84402,104,82782,11,11245,103,25351,138,82193,114,107544,California
Imperial,2021-06-13,86,178515,25,84427,59,82841,2,11247,57,25382,29,82222,60,107604,California
Imperial,2021-06-14,870,179385,613,85040,213,83054,44,11291,377,25314,489,82711,421,108025,California
Imperial,2021-06-15,1009,180394,739,85779,240,83294,30,11321,455,25253,547,83258,486,108511,California
Imperial,2021-06-16,914,181308,620,86399,249,83543,45,11366,450,25289,460,83718,496,109007,California
Imperial,2021-06-17,975,182283,716,87115,219,83762,40,11406,422,25198,551,84269,460,109467,California
Imperial,2021-06-18,748,183031,511,87626,197,83959,40,11446,429,25357,309,84578,468,109935,California
Imperial,2021-06-19,104,183135,71,87697,29,83988,4,11450,51,25360,53,84631,56,109991,California
Inyo,2020-12-19,85,85,85,85,0,0,0,0,85,85,0,0,85,85,California
Inyo,2020-12-20,59,144,59,144,0,0,0,0,59,144,0,0,59,144,California
Inyo,2020-12-21,88,232,85,229,3,3,0,0,88,232,0,0,88,232,California
Inyo,2020-12-22,101,333,101,330,0,3,0,0,101,333,0,0,101,333,California
Inyo,2020-12-23,68,401,65,395,3,6,0,0,68,401,0,0,68,401,California
Inyo,2020-12-24,15,416,15,410,0,6,0,0,15,416,0,0,15,416,California
Inyo,2020-12-25,1,417,0,410,1,7,0,0,1,417,0,0,1,417,California
Inyo,2020-12-26,73,490,73,483,0,7,0,0,73,490,0,0,73,490,California
Inyo,2020-12-28,49,539,37,520,12,19,0,0,49,539,0,0,49,539,California
Inyo,2020-12-29,18,557,18,538,0,19,0,0,18,557,0,0,18,557,California
Inyo,2020-12-30,56,613,54,592,2,21,0,0,56,613,0,0,56,613,California
Inyo,2020-12-31,29,642,0,592,29,50,0,0,29,642,0,0,29,642,California
Inyo,2021-01-01,1,643,0,592,1,51,0,0,1,643,0,0,1,643,California
Inyo,2021-01-03,1,644,0,592,1,52,0,0,1,644,0,0,1,644,California
Inyo,2021-01-04,2,646,1,593,1,53,0,0,2,646,0,0,2,646,California
Inyo,2021-01-05,34,680,0,593,34,87,0,0,34,680,0,0,34,680,California
Inyo,2021-01-06,60,740,0,593,60,147,0,0,60,740,0,0,60,740,California
Inyo,2021-01-07,31,771,1,594,30,177,0,0,31,771,0,0,31,771,California
Inyo,2021-01-08,8,779,8,602,0,177,0,0,3,770,5,5,4,775,California
Inyo,2021-01-09,86,865,86,688,0,177,0,0,0,684,86,91,0,775,California
Inyo,2021-01-10,53,918,53,741,0,177,0,0,0,631,53,144,0,775,California
Inyo,2021-01-11,97,1015,82,823,15,192,0,0,16,566,81,225,16,791,California
Inyo,2021-01-12,133,1148,112,935,21,213,0,0,27,487,106,331,27,818,California
Inyo,2021-01-13,85,1233,67,1002,18,231,0,0,21,445,64,395,22,840,California
Inyo,2021-01-14,58,1291,13,1015,45,276,0,0,48,483,10,405,48,888,California
Inyo,2021-01-15,158,1449,28,1043,130,406,0,0,158,641,0,405,158,1046,California
Inyo,2021-01-16,72,1521,72,1115,0,406,0,0,0,569,72,477,0,1046,California
Inyo,2021-01-18,59,1580,37,1152,22,428,0,0,19,548,40,517,19,1065,California
Inyo,2021-01-19,108,1688,67,1219,41,469,0,0,92,624,16,533,92,1157,California
Inyo,2021-01-20,145,1833,68,1287,77,546,0,0,90,659,55,588,90,1247,California
Inyo,2021-01-21,117,1950,57,1344,60,606,0,0,116,774,1,589,116,1363,California
Inyo,2021-01-22,61,2011,0,1344,61,667,0,0,60,833,1,590,60,1423,California
Inyo,2021-01-23,44,2055,43,1387,1,668,0,0,44,877,0,590,44,1467,California
Inyo,2021-01-25,48,2103,4,1391,44,712,0,0,35,899,13,603,35,1502,California
Inyo,2021-01-26,129,2232,48,1439,81,793,0,0,123,1016,6,609,123,1625,California
Inyo,2021-01-27,24,2256,2,1441,22,815,0,0,23,1038,1,610,23,1648,California
Inyo,2021-01-28,90,2346,2,1443,88,903,0,0,61,1070,29,639,61,1709,California
Inyo,2021-01-29,25,2371,3,1446,22,925,0,0,23,1091,2,641,23,1732,California
Inyo,2021-01-30,10,2381,0,1446,10,935,0,0,10,1101,0,641,10,1742,California
Inyo,2021-01-31,23,2404,3,1449,20,955,0,0,4,1085,20,661,4,1746,California
Inyo,2021-02-01,10,2414,9,1458,1,956,0,0,0,1075,10,671,0,1746,California
Inyo,2021-02-02,130,2544,14,1472,116,1072,0,0,104,1153,26,697,104,1850,California
Inyo,2021-02-03,113,2657,0,1472,113,1185,0,0,72,1184,41,738,72,1922,California
Inyo,2021-02-04,146,2803,31,1503,115,1300,0,0,88,1214,58,796,88,2010,California
Inyo,2021-02-05,107,2910,51,1554,56,1356,0,0,105,1317,2,798,105,2115,California
Inyo,2021-02-06,3,2913,2,1556,1,1357,0,0,3,1320,0,798,3,2118,California
Inyo,2021-02-07,4,2917,2,1558,2,1359,0,0,4,1324,0,798,4,2122,California
Inyo,2021-02-08,113,3030,5,1563,108,1467,0,0,95,1401,18,816,95,2217,California
Inyo,2021-02-09,192,3222,50,1613,142,1609,0,0,124,1457,68,884,124,2341,California
Inyo,2021-02-10,140,3362,14,1627,126,1735,0,0,109,1535,31,915,109,2450,California
Inyo,2021-02-11,220,3582,56,1683,164,1899,0,0,126,1567,94,1009,126,2576,California
Inyo,2021-02-12,292,3874,50,1733,242,2141,0,0,166,1607,126,1135,166,2742,California
Inyo,2021-02-13,48,3922,44,1777,4,2145,0,0,6,1571,42,1177,6,2748,California
Inyo,2021-02-14,1,3923,0,1777,1,2146,0,0,1,1572,0,1177,1,2749,California
Inyo,2021-02-15,26,3949,7,1784,19,2165,0,0,5,1556,21,1198,5,2754,California
Inyo,2021-02-16,173,4122,45,1829,128,2293,0,0,91,1566,81,1279,91,2845,California
Inyo,2021-02-17,38,4160,4,1833,34,2327,0,0,8,1544,30,1309,8,2853,California
Inyo,2021-02-18,120,4280,6,1839,114,2441,0,0,80,1584,40,1349,80,2933,California
Inyo,2021-02-19,52,4332,5,1844,47,2488,0,0,9,1550,43,1392,9,2942,California
Inyo,2021-02-20,504,4836,499,2343,5,2493,0,0,502,2050,2,1394,502,3444,California
Inyo,2021-02-21,439,5275,439,2782,0,2493,0,0,439,2489,0,1394,439,3883,California
Inyo,2021-02-22,59,5334,17,2799,42,2535,0,0,25,2480,34,1428,25,3908,California
Inyo,2021-02-23,192,5526,17,2816,175,2710,0,0,90,2469,101,1529,90,3998,California
Inyo,2021-02-24,117,5643,0,2816,117,2827,0,0,57,2466,60,1589,57,4055,California
Inyo,2021-02-25,127,5770,2,2818,125,2952,0,0,61,2461,66,1655,61,4116,California
Inyo,2021-02-26,94,5864,50,2868,44,2996,0,0,20,2407,74,1729,20,4136,California
Inyo,2021-02-27,14,5878,3,2871,11,3007,0,0,2,2397,12,1741,2,4138,California
Inyo,2021-02-28,3,5881,1,2872,2,3009,0,0,2,2398,1,1742,2,4140,California
Inyo,2021-03-01,19,5900,2,2874,17,3026,0,0,17,2413,2,1744,17,4157,California
Inyo,2021-03-02,193,6093,0,2874,193,3219,0,0,108,2436,85,1829,108,4265,California
Inyo,2021-03-03,83,6176,3,2877,80,3299,0,0,40,2433,43,1872,40,4305,California
Inyo,2021-03-04,124,6300,2,2879,122,3421,0,0,44,2397,80,1952,44,4349,California
Inyo,2021-03-05,140,6440,54,2933,86,3507,0,0,39,2335,101,2053,39,4388,California
Inyo,2021-03-06,20,6460,1,2934,19,3526,0,0,19,2353,1,2054,19,4407,California
Inyo,2021-03-07,6,6466,3,2937,3,3529,0,0,4,2355,2,2056,4,4411,California
Inyo,2021-03-08,170,6636,5,2942,165,3694,0,0,80,2345,90,2146,80,4491,California
Inyo,2021-03-09,189,6825,2,2944,187,3881,0,0,73,2302,116,2262,73,4564,California
Inyo,2021-03-10,72,6897,8,2952,63,3944,1,1,30,2291,42,2304,31,4595,California
Inyo,2021-03-11,203,7100,1,2953,197,4141,5,6,73,2239,130,2434,78,4673,California
Inyo,2021-03-12,173,7273,3,2956,165,4306,5,11,75,2221,98,2532,80,4753,California
Inyo,2021-03-13,572,7845,540,3496,23,4329,9,20,64,1787,507,3039,73,4826,California
Inyo,2021-03-14,439,8284,438,3934,1,4330,0,20,5,1359,433,3472,5,4831,California
Inyo,2021-03-15,50,8334,14,3948,34,4364,2,22,30,1371,20,3492,32,4863,California
Inyo,2021-03-16,162,8496,3,3951,153,4517,6,28,63,1342,98,3590,69,4932,California
Inyo,2021-03-17,107,8603,2,3953,98,4615,7,35,92,1426,15,3605,99,5031,California
Inyo,2021-03-18,183,8786,15,3968,161,4776,7,42,102,1454,81,3686,109,5140,California
Inyo,2021-03-19,44,8830,3,3971,37,4813,4,46,35,1484,9,3695,39,5179,California
Inyo,2021-03-20,19,8849,1,3972,9,4822,9,55,0,1474,19,3714,9,5188,California
Inyo,2021-03-22,59,8908,3,3975,51,4873,5,60,39,1498,20,3734,44,5232,California
Inyo,2021-03-23,192,9100,3,3978,185,5058,4,64,105,1520,87,3821,109,5341,California
Inyo,2021-03-24,140,9240,3,3981,133,5191,4,68,86,1556,54,3875,90,5431,California
Inyo,2021-03-25,330,9570,108,4089,219,5410,3,71,265,1759,65,3940,268,5699,California
Inyo,2021-03-26,92,9662,3,4092,85,5495,4,75,71,1813,21,3961,75,5774,California
Inyo,2021-03-27,45,9707,37,4129,5,5500,3,78,39,1849,6,3967,42,5816,California
Inyo,2021-03-28,2,9709,0,4129,2,5502,0,78,1,1849,1,3968,1,5817,California
Inyo,2021-03-29,107,9816,2,4131,100,5602,5,83,80,1908,26,3994,85,5902,California
Inyo,2021-03-30,219,10035,1,4132,213,5815,5,88,110,1914,109,4103,115,6017,California
Inyo,2021-03-31,147,10182,3,4135,138,5953,6,94,106,1985,41,4144,112,6129,California
Inyo,2021-04-01,163,10345,2,4137,160,6113,1,95,116,2055,47,4191,117,6246,California
Inyo,2021-04-02,80,10425,1,4138,77,6190,2,97,49,2075,31,4222,51,6297,California
Inyo,2021-04-03,72,10497,38,4176,21,6211,13,110,2,2021,68,4290,14,6311,California
Inyo,2021-04-04,5,10502,4,4180,0,6211,1,111,1,2019,4,4294,2,6313,California
Inyo,2021-04-05,105,10607,1,4181,100,6311,4,115,29,1976,76,4370,33,6346,California
Inyo,2021-04-06,233,10840,3,4184,167,6478,63,178,102,2010,131,4501,165,6511,California
Inyo,2021-04-07,206,11046,2,4186,76,6554,128,306,47,2026,159,4660,175,6686,California
Inyo,2021-04-08,179,11225,15,4201,148,6702,16,322,81,2025,98,4758,97,6783,California
Inyo,2021-04-09,121,11346,4,4205,94,6796,23,345,35,1998,85,4843,58,6841,California
Inyo,2021-04-10,39,11385,1,4206,21,6817,17,362,3,1982,36,4879,20,6861,California
Inyo,2021-04-11,1,11386,0,4206,1,6818,0,362,1,1983,0,4879,1,6862,California
Inyo,2021-04-12,79,11465,0,4206,74,6892,5,367,41,1991,38,4917,46,6908,California
Inyo,2021-04-13,123,11588,5,4211,115,7007,3,370,63,1998,59,4976,66,6974,California
Inyo,2021-04-14,131,11719,2,4213,129,7136,0,370,46,1959,85,5061,46,7020,California
Inyo,2021-04-15,271,11990,115,4328,156,7292,0,370,78,1844,193,5254,78,7098,California
Inyo,2021-04-16,44,12034,3,4331,41,7333,0,370,16,1832,28,5282,16,7114,California
Inyo,2021-04-17,2,12036,1,4332,1,7334,0,370,1,1832,1,5283,1,7115,California
Inyo,2021-04-19,120,12156,36,4368,84,7418,0,370,42,1797,78,5361,43,7158,California
Inyo,2021-04-20,164,12320,2,4370,162,7580,0,370,80,1793,84,5445,80,7238,California
Inyo,2021-04-21,112,12432,3,4373,109,7689,0,370,32,1745,80,5525,32,7270,California
Inyo,2021-04-22,197,12629,1,4374,196,7885,0,370,51,1650,146,5671,51,7321,California
Inyo,2021-04-23,95,12724,4,4378,91,7976,0,370,22,1599,73,5744,22,7343,California
Inyo,2021-04-24,307,13031,306,4684,1,7977,0,370,304,1900,3,5747,304,7647,California
Inyo,2021-04-25,133,13164,132,4816,1,7978,0,370,133,2033,0,5747,133,7780,California
Inyo,2021-04-26,92,13256,2,4818,89,8067,1,371,11,1965,80,5827,12,7792,California
Inyo,2021-04-27,181,13437,5,4823,172,8239,4,375,47,1882,134,5961,51,7843,California
Inyo,2021-04-28,120,13557,2,4825,116,8355,2,377,20,1804,100,6061,22,7865,California
Inyo,2021-04-29,169,13726,55,4880,114,8469,0,377,76,1787,93,6154,76,7941,California
Inyo,2021-04-30,81,13807,4,4884,76,8545,1,378,23,1753,58,6212,24,7965,California
Inyo,2021-05-01,9,13816,2,4886,7,8552,0,378,7,1758,2,6214,7,7972,California
Inyo,2021-05-02,6,13822,2,4888,2,8554,2,380,4,1762,2,6216,6,7978,California
Inyo,2021-05-03,38,13860,1,4889,33,8587,4,384,5,1738,33,6249,9,7987,California
Inyo,2021-05-04,121,13981,2,4891,116,8703,3,387,20,1660,101,6350,23,8010,California
Inyo,2021-05-05,36,14017,0,4891,34,8737,2,389,11,1648,25,6375,13,8023,California
Inyo,2021-05-06,92,14109,3,4894,81,8818,8,397,13,1590,79,6454,21,8044,California
Inyo,2021-05-07,47,14156,2,4896,37,8855,8,405,24,1600,22,6476,32,8076,California
Inyo,2021-05-08,11,14167,2,4898,4,8859,5,410,4,1602,7,6483,9,8085,California
Inyo,2021-05-09,1,14168,0,4898,1,8860,0,410,0,1601,1,6484,0,8085,California
Inyo,2021-05-10,70,14238,1,4899,67,8927,2,412,32,1597,39,6523,35,8120,California
Inyo,2021-05-11,87,14325,1,4900,83,9010,3,415,20,1553,67,6590,23,8143,California
Inyo,2021-05-12,43,14368,1,4901,40,9050,2,417,11,1534,32,6622,13,8156,California
Inyo,2021-05-13,75,14443,1,4902,73,9123,1,418,12,1484,63,6685,13,8169,California
Inyo,2021-05-14,27,14470,5,4907,17,9140,5,423,14,1490,13,6698,19,8188,California
Inyo,2021-05-15,373,14843,361,5268,10,9150,2,425,82,1283,291,6989,84,8272,California
Inyo,2021-05-16,199,15042,199,5467,0,9150,0,425,72,1228,127,7116,72,8344,California
Inyo,2021-05-17,62,15104,3,5470,55,9205,4,429,18,1207,43,7159,22,8366,California
Inyo,2021-05-18,84,15188,2,5472,81,9286,1,430,17,1158,67,7226,18,8384,California
Inyo,2021-05-19,48,15236,2,5474,41,9327,5,435,14,1143,34,7260,19,8403,California
Inyo,2021-05-20,144,15380,81,5555,62,9389,1,436,36,1071,109,7369,37,8440,California
Inyo,2021-05-21,48,15428,18,5573,25,9414,5,441,19,1066,29,7398,24,8464,California
Inyo,2021-05-22,23,15451,13,5586,7,9421,3,444,17,1080,6,7404,20,8484,California
Inyo,2021-05-23,2,15453,1,5587,0,9421,1,445,0,1079,2,7406,1,8485,California
Inyo,2021-05-24,33,15486,6,5593,24,9445,3,448,13,1075,20,7426,16,8501,California
Inyo,2021-05-25,80,15566,38,5631,40,9485,2,450,45,1087,35,7461,47,8548,California
Inyo,2021-05-26,38,15604,10,5641,26,9511,2,452,15,1082,22,7483,17,8565,California
Inyo,2021-05-27,39,15643,10,5651,21,9532,8,460,12,1076,26,7509,20,8585,California
Inyo,2021-05-28,26,15669,6,5657,15,9547,5,465,8,1071,18,7527,13,8598,California
Inyo,2021-05-29,14,15683,5,5662,9,9556,0,465,7,1071,7,7534,7,8605,California
Inyo,2021-05-30,2,15685,0,5662,2,9558,0,465,0,1069,2,7536,0,8605,California
Inyo,2021-06-01,54,15739,16,5678,32,9590,6,471,23,1067,31,7567,29,8634,California
Inyo,2021-06-02,11,15750,9,5687,1,9591,1,472,10,1077,1,7568,11,8645,California
Inyo,2021-06-03,26,15776,0,5687,18,9609,8,480,1,1061,25,7593,9,8654,California
Inyo,2021-06-04,32,15808,6,5693,22,9631,4,484,12,1057,20,7613,16,8670,California
Inyo,2021-06-05,17,15825,8,5701,8,9639,1,485,4,1049,13,7626,5,8675,California
Inyo,2021-06-06,1,15826,1,5702,0,9639,0,485,1,1050,0,7626,1,8676,California
Inyo,2021-06-07,51,15877,15,5717,33,9672,3,488,5,1012,46,7672,8,8684,California
Inyo,2021-06-08,53,15930,25,5742,25,9697,3,491,26,1014,27,7699,29,8713,California
Inyo,2021-06-09,110,16040,94,5836,14,9711,2,493,14,934,96,7795,16,8729,California
Inyo,2021-06-10,53,16093,39,5875,9,9720,5,498,15,916,38,7833,20,8749,California
Inyo,2021-06-11,43,16136,23,5898,18,9738,2,500,17,909,26,7859,19,8768,California
Inyo,2021-06-12,14,16150,7,5905,6,9744,1,501,5,906,9,7868,6,8774,California
Inyo,2021-06-13,1,16151,0,5905,1,9745,0,501,0,905,1,7869,0,8774,California
Inyo,2021-06-14,58,16209,27,5932,28,9773,3,504,8,866,50,7919,11,8785,California
Inyo,2021-06-15,50,16259,37,5969,9,9782,4,508,8,836,42,7961,12,8797,California
Inyo,2021-06-16,34,16293,19,5988,15,9797,0,508,10,822,24,7985,10,8807,California
Inyo,2021-06-17,23,16316,13,6001,6,9803,4,512,5,814,17,8002,9,8816,California
Inyo,2021-06-18,17,16333,6,6007,8,9811,3,515,4,808,13,8015,7,8823,California
Inyo,2021-06-19,10,16343,6,6013,4,9815,0,515,4,806,6,8021,4,8827,California
Kern,2020-12-15,1,1,1,1,0,0,0,0,1,1,0,0,1,1,California
Kern,2020-12-16,19,20,19,20,0,0,0,0,19,20,0,0,19,20,California
Kern,2020-12-17,162,182,162,182,0,0,0,0,162,182,0,0,162,182,California
Kern,2020-12-18,322,504,322,504,0,0,0,0,322,504,0,0,322,504,California
Kern,2020-12-19,99,603,99,603,0,0,0,0,99,603,0,0,99,603,California
Kern,2020-12-20,62,665,62,665,0,0,0,0,62,665,0,0,62,665,California
Kern,2020-12-21,673,1338,672,1337,1,1,0,0,673,1338,0,0,673,1338,California
Kern,2020-12-22,529,1867,527,1864,2,3,0,0,529,1867,0,0,529,1867,California
Kern,2020-12-23,554,2421,416,2280,138,141,0,0,554,2421,0,0,554,2421,California
Kern,2020-12-24,123,2544,44,2324,79,220,0,0,123,2544,0,0,123,2544,California
Kern,2020-12-25,1,2545,1,2325,0,220,0,0,1,2545,0,0,1,2545,California
Kern,2020-12-26,34,2579,2,2327,32,252,0,0,34,2579,0,0,34,2579,California
Kern,2020-12-27,35,2614,3,2330,32,284,0,0,35,2614,0,0,35,2614,California
Kern,2020-12-28,827,3441,662,2992,165,449,0,0,827,3441,0,0,827,3441,California
Kern,2020-12-29,744,4185,451,3443,293,742,0,0,743,4183,1,1,743,4184,California
Kern,2020-12-30,1205,5390,913,4356,292,1034,0,0,1205,5388,0,1,1205,5389,California
Kern,2020-12-31,278,5668,99,4455,179,1213,0,0,278,5666,0,1,278,5667,California
Kern,2021-01-01,17,5685,9,4464,8,1221,0,0,17,5683,0,1,17,5684,California
Kern,2021-01-02,79,5764,18,4482,61,1282,0,0,79,5762,0,1,79,5763,California
Kern,2021-01-03,23,5787,4,4486,19,1301,0,0,23,5785,0,1,23,5786,California
Kern,2021-01-04,555,6342,362,4848,193,1494,0,0,555,6340,0,1,555,6341,California
Kern,2021-01-05,1134,7476,739,5587,395,1889,0,0,1122,7450,12,13,1122,7463,California
Kern,2021-01-06,1162,8638,447,6034,715,2604,0,0,1132,8552,30,43,1132,8595,California
Kern,2021-01-07,1411,10049,489,6523,922,3526,0,0,1243,9628,167,210,1243,9838,California
Kern,2021-01-08,1624,11673,766,7289,858,4384,0,0,1327,10657,298,508,1327,11165,California
Kern,2021-01-09,228,11901,78,7367,150,4534,0,0,193,10815,35,543,193,11358,California
Kern,2021-01-10,194,12095,149,7516,45,4579,0,0,153,10927,41,584,153,11511,California
Kern,2021-01-11,1563,13658,991,8507,572,5151,0,0,1002,11368,561,1145,1002,12513,California
Kern,2021-01-12,1872,15530,813,9320,1059,6210,0,0,1358,12212,514,1659,1358,13871,California
Kern,2021-01-13,1859,17389,875,10195,984,7194,0,0,1437,13227,422,2081,1437,15308,California
Kern,2021-01-14,2196,19585,649,10844,1547,8741,0,0,2150,15331,46,2127,2150,17458,California
Kern,2021-01-15,2720,22305,857,11701,1863,10604,0,0,2623,17860,95,2222,2624,20082,California
Kern,2021-01-16,675,22980,213,11914,462,11066,0,0,640,18465,35,2257,640,20722,California
Kern,2021-01-17,74,23054,7,11921,67,11133,0,0,72,18535,2,2259,72,20794,California
Kern,2021-01-18,1643,24697,656,12577,987,12120,0,0,1477,19846,166,2425,1477,22271,California
Kern,2021-01-19,1857,26554,1034,13611,823,12943,0,0,1392,20774,465,2890,1393,23664,California
Kern,2021-01-20,2616,29170,1678,15289,938,13881,0,0,1913,21991,698,3588,1915,25579,California
Kern,2021-01-21,2116,31286,868,16157,1248,15129,0,0,1921,23718,194,3782,1921,27500,California
Kern,2021-01-22,2714,34000,1301,17458,1413,16542,0,0,2435,25875,278,4060,2435,29935,California
Kern,2021-01-23,1249,35249,542,18000,707,17249,0,0,1202,27031,47,4107,1203,31138,California
Kern,2021-01-24,152,35401,11,18011,141,17390,0,0,146,27171,6,4113,146,31284,California
Kern,2021-01-25,2381,37782,1082,19093,1299,18689,0,0,1897,28586,483,4596,1898,33182,California
Kern,2021-01-26,2775,40557,1129,20222,1646,20335,0,0,1914,29640,860,5456,1914,35096,California
Kern,2021-01-27,3554,44111,1895,22117,1659,21994,0,0,2857,31803,694,6150,2857,37953,California
Kern,2021-01-28,2883,46994,1359,23476,1524,23518,0,0,2453,33833,425,6575,2455,40408,California
Kern,2021-01-29,3800,50794,1805,25281,1995,25513,0,0,3247,36530,550,7125,3247,43655,California
Kern,2021-01-30,1336,52130,501,25782,835,26348,0,0,1284,37764,50,7175,1284,44939,California
Kern,2021-01-31,402,52532,276,26058,126,26474,0,0,267,37896,135,7310,267,45206,California
Kern,2021-02-01,2602,55134,992,27050,1610,28084,0,0,1890,39078,709,8019,1891,47097,California
Kern,2021-02-02,2759,57893,799,27849,1960,30044,0,0,2055,40431,704,8723,2057,49154,California
Kern,2021-02-03,3678,61571,1554,29403,2124,32168,0,0,2706,42172,965,9688,2706,51860,California
Kern,2021-02-04,3803,65374,1447,30850,2356,34524,0,0,2586,43551,1207,10895,2586,54446,California
Kern,2021-02-05,4860,70234,1988,32838,2872,37396,0,0,3098,44906,1743,12638,3098,57544,California
Kern,2021-02-06,1743,71977,770,33608,973,38369,0,0,1515,46196,225,12863,1515,59059,California
Kern,2021-02-07,282,72259,150,33758,132,38501,0,0,265,46446,15,12878,265,59324,California
Kern,2021-02-08,2564,74823,785,34543,1779,40280,0,0,1257,46415,1289,14167,1258,60582,California
Kern,2021-02-09,3038,77861,985,35528,2053,42333,0,0,1462,46309,1568,15735,1462,62044,California
Kern,2021-02-10,3800,81661,1664,37192,2136,44469,0,0,1881,46288,1903,17638,1882,63926,California
Kern,2021-02-11,4271,85932,1532,38724,2739,47208,0,0,2224,46480,2034,19672,2226,66152,California
Kern,2021-02-12,4971,90903,1893,40617,3078,50286,0,0,2475,46473,2482,22154,2475,68627,California
Kern,2021-02-13,2006,92909,727,41344,1279,51565,0,0,1157,46783,847,23001,1157,69784,California
Kern,2021-02-14,350,93259,12,41356,338,51903,0,0,268,46970,81,23082,268,70052,California
Kern,2021-02-15,2745,96004,899,42255,1846,53749,0,0,1214,46661,1523,24605,1214,71266,California
Kern,2021-02-16,2948,98952,714,42969,2234,55983,0,0,1656,47035,1283,25888,1657,72923,California
Kern,2021-02-17,4070,103022,2075,45044,1995,57978,0,0,1923,46818,2141,28029,1924,74847,California
Kern,2021-02-18,3755,106777,1485,46529,2270,60248,0,0,1625,46323,2120,30149,1625,76472,California
Kern,2021-02-19,4184,110961,1905,48434,2279,62527,0,0,1734,45614,2443,32592,1734,78206,California
Kern,2021-02-20,2581,113542,968,49402,1613,64140,0,0,1347,45731,1230,33822,1347,79553,California
Kern,2021-02-21,270,113812,164,49566,106,64246,0,0,90,45644,178,34000,91,79644,California
Kern,2021-02-22,2673,116485,1155,50721,1518,65764,0,0,1434,45845,1233,35233,1434,81078,California
Kern,2021-02-23,3579,120064,1132,51853,2447,68211,0,0,1999,46267,1578,36811,2000,83078,California
Kern,2021-02-24,5214,125278,2290,54143,2924,71135,0,0,3106,47270,2103,38914,3106,86184,California
Kern,2021-02-25,5384,130662,2460,56603,2924,74059,0,0,3199,48302,2167,41081,3199,89383,California
Kern,2021-02-26,6931,137593,3541,60144,3390,77449,0,0,4365,50110,2559,43640,4367,93750,California
Kern,2021-02-27,3946,141539,1976,62120,1970,79419,0,0,2607,51387,1330,44970,2607,96357,California
Kern,2021-02-28,917,142456,504,62624,412,79831,1,1,697,51867,218,45188,698,97055,California
Kern,2021-03-01,4016,146472,1825,64449,2187,82018,4,5,2699,53263,1307,46495,2703,99758,California
Kern,2021-03-02,4488,150960,1411,65860,3073,85091,4,9,2954,54695,1523,48018,2955,102713,California
Kern,2021-03-03,6000,156960,2842,68702,3156,88247,2,11,3887,56485,2098,50116,3888,106601,California
Kern,2021-03-04,5692,162652,2275,70977,3412,91659,5,16,3694,58200,1982,52098,3697,110298,California
Kern,2021-03-05,6641,169293,2869,73846,3753,95412,19,35,4190,59968,2441,54539,4209,114507,California
Kern,2021-03-06,4758,174051,1925,75771,2726,98138,107,142,3479,62282,1272,55811,3586,118093,California
Kern,2021-03-07,2068,176119,1598,77369,413,98551,57,199,1868,64008,199,56010,1925,120018,California
Kern,2021-03-08,2908,179027,924,78293,1761,100312,223,422,1528,64380,1377,57387,1749,121767,California
Kern,2021-03-09,3730,182757,805,79098,2539,102851,386,808,2332,65704,1390,58777,2714,124481,California
Kern,2021-03-10,6153,188910,2568,81666,2511,105362,1074,1882,3603,67846,2534,61311,4676,129157,California
Kern,2021-03-11,6337,195247,2440,84106,2868,108230,1029,2911,3772,70087,2555,63866,4796,133953,California
Kern,2021-03-12,7857,203104,3082,87188,3419,111649,1356,4267,4327,72241,3517,67383,5671,139624,California
Kern,2021-03-13,4680,207784,2535,89723,1807,113456,338,4605,3255,74410,1418,68801,3587,143211,California
Kern,2021-03-14,2310,210094,1533,91256,534,113990,243,4848,1786,75912,524,69325,2026,145237,California
Kern,2021-03-15,4269,214363,1104,92360,2453,116443,712,5560,2197,76755,2059,71384,2902,148139,California
Kern,2021-03-16,4435,218798,1012,93372,2886,119329,537,6097,2410,77684,2013,73397,2942,151081,California
Kern,2021-03-17,7462,226260,4086,97458,2826,122155,550,6647,4488,79760,2961,76358,5037,156118,California
Kern,2021-03-18,7279,233539,3682,101140,3010,125165,587,7234,4409,81903,2849,79207,4992,161110,California
Kern,2021-03-19,8994,242533,4991,106131,3344,128509,659,7893,4715,83010,4261,83468,5368,166478,California
Kern,2021-03-20,6185,248718,3829,109960,2182,130691,174,8067,3928,84869,2244,85712,4103,170581,California
Kern,2021-03-21,3055,251773,1936,111896,237,130928,882,8949,1848,86399,1199,86911,2729,173310,California
Kern,2021-03-22,3985,255758,1564,113460,2067,132995,354,9303,1933,86651,2035,88946,2287,175597,California
Kern,2021-03-23,4742,260500,1674,115134,2869,135864,199,9502,2485,87105,2228,91174,2682,178279,California
Kern,2021-03-24,7188,267688,3679,118813,3032,138896,477,9979,3653,87715,3517,94691,4127,182406,California
Kern,2021-03-25,6791,274479,3012,121825,3448,142344,331,10310,3222,87714,3551,98242,3550,185956,California
Kern,2021-03-26,9867,284346,4409,126234,4201,146545,1257,11567,4719,88561,5128,103370,5975,191931,California
Kern,2021-03-27,5707,290053,3992,130226,1587,148132,128,11695,3447,89878,2257,105627,3574,195505,California
Kern,2021-03-28,4695,294748,4203,134429,478,148610,14,11709,2956,91112,1736,107363,2970,198475,California
Kern,2021-03-29,4260,299008,1681,136110,2302,150912,277,11986,2612,92363,1635,108998,2886,201361,California
Kern,2021-03-30,5598,304606,1871,137981,3341,154253,386,12372,3062,93277,2531,111529,3445,204806,California
Kern,2021-03-31,8417,313023,4544,142525,3225,157478,648,13020,4307,94138,4093,115622,4954,209760,California
Kern,2021-04-01,7904,320927,3878,146403,3725,161203,301,13321,4224,95008,3651,119273,4521,214281,California
Kern,2021-04-02,8460,329387,4469,150872,3383,164586,608,13929,4224,95612,4219,123492,4823,219104,California
Kern,2021-04-03,6004,335391,3675,154547,2148,166734,181,14110,2660,95115,3335,126827,2838,221942,California
Kern,2021-04-04,1340,336731,873,155420,382,167116,85,14195,475,94812,862,127689,559,222501,California
Kern,2021-04-05,5375,342106,2222,157642,2378,169494,775,14970,2900,95997,2461,130150,3646,226147,California
Kern,2021-04-06,7121,349227,2468,160110,3276,172770,1377,16347,3562,97397,3536,133686,4936,231083,California
Kern,2021-04-07,9380,358607,5474,165584,2944,175714,962,17309,4569,98132,4794,138480,5529,236612,California
Kern,2021-04-08,8662,367269,4797,170381,2952,178666,913,18222,3728,97852,4909,143389,4629,241241,California
Kern,2021-04-09,10278,377547,5142,175523,4143,182809,993,19215,4355,97300,5897,149286,5345,246586,California
Kern,2021-04-10,6604,384151,3470,178993,1885,184694,1249,20464,2142,96233,4452,153738,3385,249971,California
Kern,2021-04-11,3930,388081,2920,181913,367,185061,643,21107,1274,95502,2641,156379,1910,251881,California
Kern,2021-04-12,4420,392501,993,182906,2452,187513,975,22082,1588,95254,2809,159188,2561,254442,California
Kern,2021-04-13,4304,396805,1415,184321,2863,190376,26,22108,2119,95229,2170,161358,2145,256587,California
Kern,2021-04-14,6103,402908,3009,187330,3072,193448,22,22130,3012,95190,3072,164430,3033,259620,California
Kern,2021-04-15,5317,408225,2497,189827,2817,196265,3,22133,2538,94969,2762,167192,2541,262161,California
Kern,2021-04-16,7319,415544,3471,193298,3847,200112,1,22134,3009,93702,4282,171474,3015,265176,California
Kern,2021-04-17,6001,421545,3935,197233,2066,202178,0,22134,2154,92040,3832,175306,2170,267346,California
Kern,2021-04-18,3840,425385,3597,200830,243,202421,0,22134,951,90123,2881,178187,964,268310,California
Kern,2021-04-19,3848,429233,1736,202566,2110,204531,2,22136,1437,89174,2390,180577,1441,269751,California
Kern,2021-04-20,4381,433614,1587,204153,2792,207323,2,22138,1663,88145,2701,183278,1672,271423,California
Kern,2021-04-21,5873,439487,3156,207309,2712,210035,5,22143,2146,86593,3702,186980,2150,273573,California
Kern,2021-04-22,4822,444309,2335,209644,2487,212522,0,22143,1720,85236,3078,190058,1721,275294,California
Kern,2021-04-23,6146,450455,3028,212672,3117,215639,1,22144,1916,82964,4191,194249,1919,277213,California
Kern,2021-04-24,4020,454475,2804,215476,1205,216844,11,22155,1448,81871,2553,196802,1460,278673,California
Kern,2021-04-25,1404,455879,1116,216592,288,217132,0,22155,827,82127,571,197373,827,279500,California
Kern,2021-04-26,3868,459747,1829,218421,1987,219119,52,22207,1067,80456,2792,200165,1121,280621,California
Kern,2021-04-27,4781,464528,2315,220736,2358,221477,108,22315,1463,78719,3305,203470,1568,282189,California
Kern,2021-04-28,6316,470844,3718,224454,2474,223951,124,22439,1802,76148,4494,207964,1923,284112,California
Kern,2021-04-29,5519,476363,3064,227518,2356,226307,99,22538,1626,74002,3872,211836,1726,285838,California
Kern,2021-04-30,5598,481961,3123,230641,2316,228623,159,22697,1615,71808,3967,215803,1773,287611,California
Kern,2021-05-01,2718,484679,1932,232573,727,229350,59,22756,1083,71326,1623,217426,1141,288752,California
Kern,2021-05-02,1890,486569,1602,234175,266,229616,22,22778,692,70849,1191,218617,714,289466,California
Kern,2021-05-03,2549,489118,1033,235208,1382,230998,134,22912,787,70025,1746,220363,922,290388,California
Kern,2021-05-04,3666,492784,1308,236516,2248,233246,110,23022,1290,69063,2360,222723,1398,291786,California
Kern,2021-05-05,4164,496948,2149,238665,1863,235109,152,23174,1380,67825,2768,225491,1530,293316,California
Kern,2021-05-06,3599,500547,1630,240295,1823,236932,146,23320,1138,66666,2439,227930,1280,294596,California
Kern,2021-05-07,4619,505166,2314,242609,2131,239063,174,23494,1300,64851,3288,231218,1473,296069,California
Kern,2021-05-08,2891,508057,1822,244431,954,240017,115,23609,891,63870,1985,233203,1004,297073,California
Kern,2021-05-09,1351,509408,1177,245608,145,240162,29,23638,452,63461,890,234093,481,297554,California
Kern,2021-05-10,2270,511678,886,246494,1281,241443,103,23741,674,62659,1577,235670,775,298329,California
Kern,2021-05-11,2643,514321,922,247416,1596,243039,125,23866,956,62066,1675,237345,1082,299411,California
Kern,2021-05-12,3633,517954,1466,248882,2014,245053,153,24019,1164,60927,2455,239800,1316,300727,California
Kern,2021-05-13,3498,521452,1830,250712,1514,246567,154,24173,1628,60848,1857,241657,1778,302505,California
Kern,2021-05-14,4295,525747,2534,253246,1537,248104,224,24397,1981,60758,2294,243951,2204,304709,California
Kern,2021-05-15,2918,528665,1893,255139,937,249041,88,24485,1547,61036,1356,245307,1634,306343,California
Kern,2021-05-16,1544,530209,1321,256460,183,249224,40,24525,880,61298,658,245965,920,307263,California
Kern,2021-05-17,2324,532533,1005,257465,1174,250398,145,24670,1185,61501,1126,247091,1329,308592,California
Kern,2021-05-18,3182,535715,1465,258930,1585,251983,132,24802,1627,61720,1538,248629,1757,310349,California
Kern,2021-05-19,3829,539544,2390,261320,1310,253293,129,24931,1843,61716,1973,250602,1969,312318,California
Kern,2021-05-20,3096,542640,1681,263001,1273,254566,142,25073,1425,61631,1650,252252,1565,313883,California
Kern,2021-05-21,3635,546275,2203,265204,1297,255863,135,25208,1861,61877,1750,254002,1996,315879,California
Kern,2021-05-22,2948,549223,2295,267499,605,256468,48,25256,1416,61818,1521,255523,1462,317341,California
Kern,2021-05-23,1262,550485,1067,268566,168,256636,27,25283,664,61917,591,256114,690,318031,California
Kern,2021-05-24,1848,552333,781,269347,954,257590,113,25396,868,61923,974,257088,980,319011,California
Kern,2021-05-25,2400,554733,1111,270458,1200,258790,89,25485,1124,61874,1262,258350,1213,320224,California
Kern,2021-05-26,2787,557520,1611,272069,1072,259862,104,25589,1204,61613,1567,259917,1306,321530,California
Kern,2021-05-27,2402,559922,1233,273302,1066,260928,103,25692,1264,61863,1116,261033,1366,322896,California
Kern,2021-05-28,2727,562649,1387,274689,1229,262157,111,25803,1266,61790,1448,262481,1375,324271,California
Kern,2021-05-29,1897,564546,1261,275950,590,262747,46,25849,931,61815,952,263433,977,325248,California
Kern,2021-05-30,859,565405,703,276653,137,262884,19,25868,435,61851,417,263850,453,325701,California
Kern,2021-05-31,132,565537,41,276694,80,262964,11,25879,46,61824,83,263933,56,325757,California
Kern,2021-06-01,2288,567825,950,277644,1267,264231,71,25950,1002,61626,1270,265203,1072,326829,California
Kern,2021-06-02,2242,570067,1294,278938,842,265073,106,26056,945,61391,1286,266489,1051,327880,California
Kern,2021-06-03,2369,572436,1332,280270,882,265955,155,26211,875,60937,1483,267972,1029,328909,California
Kern,2021-06-04,2948,575384,1911,282181,928,266883,109,26320,889,59893,2041,270013,997,329906,California
Kern,2021-06-05,2528,577912,2043,284224,452,267335,33,26353,810,59027,1709,271722,843,330749,California
Kern,2021-06-06,1213,579125,1108,285332,82,267417,23,26376,432,58705,777,272499,455,331204,California
Kern,2021-06-07,1798,580923,1118,286450,586,268003,94,26470,678,58368,1107,273606,770,331974,California
Kern,2021-06-08,2116,583039,1229,287679,817,268820,70,26540,675,57689,1423,275029,744,332718,California
Kern,2021-06-09,2605,585644,1829,289508,687,269507,89,26629,813,56812,1778,276807,901,333619,California
Kern,2021-06-10,2213,587857,1372,290880,746,270253,95,26724,782,56266,1421,278228,875,334494,California
Kern,2021-06-11,2825,590682,1905,292785,831,271084,89,26813,1051,55645,1762,279990,1141,335635,California
Kern,2021-06-12,1778,592460,1324,294109,407,271491,47,26860,531,54981,1242,281232,578,336213,California
Kern,2021-06-13,908,593368,791,294900,110,271601,7,26867,263,54610,642,281874,271,336484,California
Kern,2021-06-14,1819,595187,1114,296014,616,272217,89,26956,651,54190,1158,283032,738,337222,California
Kern,2021-06-15,2093,597280,1167,297181,852,273069,74,27030,813,53805,1272,284304,887,338109,California
Kern,2021-06-16,2032,599312,1332,298513,626,273695,74,27104,793,53448,1223,285527,866,338975,California
Kern,2021-06-17,1750,601062,1085,299598,557,274252,108,27212,844,53500,901,286428,953,339928,California
Kern,2021-06-18,2074,603136,1306,300904,661,274913,107,27319,856,53263,1200,287628,963,340891,California
Kern,2021-06-19,634,603770,499,301403,121,275034,14,27333,268,53183,361,287989,281,341172,California
Kings,2020-12-16,1,1,1,1,0,0,0,0,1,1,0,0,1,1,California
Kings,2020-12-17,8,9,8,9,0,0,0,0,8,9,0,0,8,9,California
Kings,2020-12-18,12,21,12,21,0,0,0,0,12,21,0,0,12,21,California
Kings,2020-12-19,12,33,12,33,0,0,0,0,12,33,0,0,12,33,California
Kings,2020-12-20,13,46,13,46,0,0,0,0,13,46,0,0,13,46,California
Kings,2020-12-21,157,203,157,203,0,0,0,0,269,315,0,0,269,315,California
Kings,2020-12-22,142,345,142,345,0,0,0,0,139,454,0,0,139,454,California
Kings,2020-12-23,137,482,123,468,14,14,0,0,138,592,0,0,138,592,California
Kings,2020-12-24,11,493,9,477,2,16,0,0,11,603,0,0,11,603,California
Kings,2020-12-26,7,500,4,481,3,19,0,0,7,610,0,0,7,610,California
Kings,2020-12-27,4,504,4,485,0,19,0,0,4,614,0,0,4,614,California
Kings,2020-12-28,131,635,103,588,28,47,0,0,132,746,0,0,132,746,California
Kings,2020-12-29,83,718,55,643,28,75,0,0,84,830,0,0,84,830,California
Kings,2020-12-30,152,870,111,754,41,116,0,0,152,982,0,0,152,982,California
Kings,2020-12-31,46,916,5,759,41,157,0,0,46,1028,0,0,46,1028,California
Kings,2021-01-01,1,917,0,759,1,158,0,0,1,1029,0,0,1,1029,California
Kings,2021-01-02,11,928,10,769,1,159,0,0,11,1040,0,0,11,1040,California
Kings,2021-01-03,1,929,1,770,0,159,0,0,1,1041,0,0,1,1041,California
Kings,2021-01-04,111,1040,41,811,70,229,0,0,111,1152,0,0,111,1152,California
Kings,2021-01-05,195,1235,40,851,155,384,0,0,195,1347,0,0,195,1347,California
Kings,2021-01-06,276,1511,179,1030,97,481,0,0,273,1617,3,3,273,1620,California
Kings,2021-01-07,182,1693,84,1114,98,579,0,0,174,1783,8,11,174,1794,California
Kings,2021-01-08,250,1943,57,1171,193,772,0,0,229,1991,21,32,229,2023,California
Kings,2021-01-09,63,2006,9,1180,54,826,0,0,55,2038,8,40,55,2078,California
Kings,2021-01-10,15,2021,3,1183,12,838,0,0,12,2047,3,43,12,2090,California
Kings,2021-01-11,516,2537,352,1535,164,1002,0,0,276,2084,240,283,277,2367,California
Kings,2021-01-12,348,2885,252,1787,96,1098,0,0,215,2169,130,413,215,2582,California
Kings,2021-01-13,417,3302,270,2057,147,1245,0,0,327,2406,90,503,327,2909,California
Kings,2021-01-14,211,3513,32,2089,179,1424,0,0,201,2587,21,524,202,3111,California
Kings,2021-01-15,419,3932,31,2120,388,1812,0,0,407,2982,12,536,407,3518,California
Kings,2021-01-16,28,3960,9,2129,19,1831,0,0,27,3008,1,537,27,3545,California
Kings,2021-01-17,11,3971,8,2137,3,1834,0,0,9,3015,2,539,9,3554,California
Kings,2021-01-18,174,4145,41,2178,133,1967,0,0,148,3137,26,565,148,3702,California
Kings,2021-01-19,384,4529,162,2340,222,2189,0,0,254,3261,130,695,254,3956,California
Kings,2021-01-20,238,4767,147,2487,91,2280,0,0,127,3282,106,801,127,4083,California
Kings,2021-01-21,212,4979,56,2543,156,2436,0,0,196,3460,18,819,196,4279,California
Kings,2021-01-22,108,5087,19,2562,89,2525,0,0,107,3562,5,824,107,4386,California
Kings,2021-01-23,27,5114,14,2576,13,2538,0,0,20,3575,7,831,20,4406,California
Kings,2021-01-24,4,5118,4,2580,0,2538,0,0,2,3575,2,833,2,4408,California
Kings,2021-01-25,133,5251,27,2607,106,2644,0,0,98,3638,35,868,98,4506,California
Kings,2021-01-26,156,5407,35,2642,121,2765,0,0,114,3710,42,910,114,4620,California
Kings,2021-01-27,331,5738,36,2678,295,3060,0,0,255,3890,75,985,255,4875,California
Kings,2021-01-28,336,6074,46,2724,290,3350,0,0,279,4112,57,1042,279,5154,California
Kings,2021-01-29,110,6184,26,2750,84,3434,0,0,93,4188,17,1059,93,5247,California
Kings,2021-01-30,1564,7748,22,2772,1542,4976,0,0,1561,5748,3,1062,1563,6810,California
Kings,2021-02-01,221,7969,65,2837,156,5132,0,0,92,5713,127,1189,92,6902,California
Kings,2021-02-02,246,8215,16,2853,230,5362,0,0,95,5658,150,1339,95,6997,California
Kings,2021-02-03,404,8619,194,3047,210,5572,0,0,246,5748,157,1496,247,7244,California
Kings,2021-02-04,425,9044,98,3145,327,5899,0,0,229,5782,195,1691,229,7473,California
Kings,2021-02-05,337,9381,55,3200,282,6181,0,0,176,5800,158,1849,176,7649,California
Kings,2021-02-06,61,9442,10,3210,51,6232,0,0,28,5795,33,1882,28,7677,California
Kings,2021-02-07,6,9448,4,3214,2,6234,0,0,3,5795,3,1885,3,7680,California
Kings,2021-02-08,173,9621,29,3243,144,6378,0,0,66,5754,107,1992,66,7746,California
Kings,2021-02-09,257,9878,59,3302,198,6576,0,0,113,5725,142,2134,113,7859,California
Kings,2021-02-10,378,10256,112,3414,266,6842,0,0,260,5867,118,2252,260,8119,California
Kings,2021-02-11,483,10739,66,3480,417,7259,0,0,364,6113,118,2370,364,8483,California
Kings,2021-02-12,634,11373,38,3518,596,7855,0,0,354,6188,279,2649,354,8837,California
Kings,2021-02-13,234,11607,7,3525,227,8082,0,0,207,6368,27,2676,207,9044,California
Kings,2021-02-14,103,11710,4,3529,99,8181,0,0,95,6455,8,2684,95,9139,California
Kings,2021-02-15,252,11962,5,3534,247,8428,0,0,138,6480,113,2797,138,9277,California
Kings,2021-02-16,590,12552,35,3569,555,8983,0,0,352,6596,237,3034,353,9630,California
Kings,2021-02-17,440,12992,26,3595,414,9397,0,0,302,6762,138,3172,304,9934,California
Kings,2021-02-18,245,13237,22,3617,223,9620,0,0,185,6887,60,3232,185,10119,California
Kings,2021-02-19,175,13412,25,3642,150,9770,0,0,119,6953,53,3285,119,10238,California
Kings,2021-02-20,166,13578,32,3674,134,9904,0,0,137,7061,29,3314,137,10375,California
Kings,2021-02-21,3,13581,2,3676,1,9905,0,0,3,7064,0,3314,3,10378,California
Kings,2021-02-22,117,13698,19,3695,98,10003,0,0,49,7045,68,3382,49,10427,California
Kings,2021-02-23,430,14128,71,3766,359,10362,0,0,314,7243,116,3498,314,10741,California
Kings,2021-02-24,738,14866,155,3921,583,10945,0,0,522,7549,216,3714,522,11263,California
Kings,2021-02-25,816,15682,136,4057,680,11625,0,0,595,7925,219,3933,595,11858,California
Kings,2021-02-26,853,16535,138,4195,715,12340,0,0,779,8630,74,4007,779,12637,California
Kings,2021-02-27,1530,18065,66,4261,1464,13804,0,0,586,8273,943,4950,586,13223,California
Kings,2021-02-28,1177,19242,601,4862,576,14380,0,0,678,8455,496,5446,678,13901,California
Kings,2021-03-01,288,19530,89,4951,199,14579,0,0,222,8611,66,5512,222,14123,California
Kings,2021-03-02,594,20124,260,5211,334,14913,0,0,521,9060,73,5585,522,14645,California
Kings,2021-03-03,752,20876,328,5539,424,15337,0,0,528,9367,222,5807,529,15174,California
Kings,2021-03-04,828,21704,360,5899,468,15805,0,0,700,9940,128,5935,701,15875,California
Kings,2021-03-05,1179,22883,368,6267,802,16607,9,9,1034,10843,145,6080,1048,16923,California
Kings,2021-03-06,520,23403,189,6456,318,16925,13,22,490,11316,30,6110,503,17426,California
Kings,2021-03-07,362,23765,221,6677,137,17062,4,26,354,11666,8,6118,358,17784,California
Kings,2021-03-08,376,24141,98,6775,225,17287,53,79,265,11873,111,6229,318,18102,California
Kings,2021-03-09,687,24828,389,7164,244,17531,54,133,576,12394,110,6339,631,18733,California
Kings,2021-03-10,648,25476,174,7338,380,17911,94,227,455,12750,192,6531,548,19281,California
Kings,2021-03-11,1195,26671,434,7772,650,18561,111,338,755,13179,438,6969,867,20148,California
Kings,2021-03-12,1512,28183,459,8231,961,19522,92,430,1000,13763,510,7479,1094,21242,California
Kings,2021-03-13,671,28854,325,8556,305,19827,41,471,546,14227,125,7604,589,21831,California
Kings,2021-03-14,679,29533,105,8661,185,20012,389,860,205,14347,474,8078,594,22425,California
Kings,2021-03-15,708,30241,266,8927,325,20337,117,977,469,14697,238,8316,588,23013,California
Kings,2021-03-16,1166,31407,475,9402,630,20967,61,1038,751,15095,415,8731,813,23826,California
Kings,2021-03-17,1115,32522,425,9827,628,21595,62,1100,787,15624,328,9059,857,24683,California
Kings,2021-03-18,1139,33661,479,10306,437,22032,223,1323,775,16261,363,9422,1000,25683,California
Kings,2021-03-19,975,34636,467,10773,420,22452,88,1411,737,16864,237,9659,840,26523,California
Kings,2021-03-20,646,35282,258,11031,357,22809,31,1442,467,17193,177,9836,506,27029,California
Kings,2021-03-21,1422,36704,1090,12121,319,23128,13,1455,860,17504,562,10398,873,27902,California
Kings,2021-03-22,451,37155,201,12322,163,23291,87,1542,273,17691,177,10575,364,28266,California
Kings,2021-03-23,1003,38158,511,12833,429,23720,63,1605,557,17872,444,11019,625,28891,California
Kings,2021-03-24,1102,39260,488,13321,590,24310,24,1629,510,17818,590,11609,536,29427,California
Kings,2021-03-25,1058,40318,476,13797,553,24863,29,1658,451,17692,605,12214,479,29906,California
Kings,2021-03-26,1325,41643,382,14179,858,25721,85,1743,522,17500,798,13012,606,30512,California
Kings,2021-03-27,654,42297,266,14445,376,26097,12,1755,161,17182,491,13503,173,30685,California
Kings,2021-03-28,678,42975,607,15052,64,26161,7,1762,410,17344,268,13771,430,31115,California
Kings,2021-03-29,474,43449,216,15268,197,26358,61,1823,263,17458,209,13980,323,31438,California
Kings,2021-03-30,882,44331,481,15749,360,26718,41,1864,436,17491,444,14424,477,31915,California
Kings,2021-03-31,797,45128,394,16143,331,27049,72,1936,418,17610,371,14795,490,32405,California
Kings,2021-04-01,874,46002,472,16615,313,27362,89,2025,359,17549,509,15304,448,32853,California
Kings,2021-04-02,1049,47051,457,17072,467,27829,125,2150,391,17412,652,15956,515,33368,California
Kings,2021-04-03,490,47541,343,17415,138,27967,9,2159,170,17278,314,16270,180,33548,California
Kings,2021-04-04,160,47701,86,17501,68,28035,6,2165,42,17209,117,16387,48,33596,California
Kings,2021-04-05,1068,48769,336,17837,482,28517,250,2415,242,16875,825,17212,491,34087,California
Kings,2021-04-06,1215,49984,463,18300,442,28959,310,2725,285,16542,927,18139,594,34681,California
Kings,2021-04-07,1378,51362,659,18959,531,29490,188,2913,359,16073,1016,19155,547,35228,California
Kings,2021-04-08,1631,52993,638,19597,741,30231,252,3165,377,15455,1247,20402,629,35857,California
Kings,2021-04-09,1168,54161,543,20140,442,30673,183,3348,235,14938,931,21333,414,36271,California
Kings,2021-04-10,600,54761,333,20473,163,30836,104,3452,177,14797,421,21754,280,36551,California
Kings,2021-04-11,356,55117,74,20547,275,31111,7,3459,197,14844,157,21911,204,36755,California
Kings,2021-04-12,707,55824,311,20858,192,31303,204,3663,195,14733,510,22421,399,37154,California
Kings,2021-04-13,920,56744,526,21384,394,31697,0,3663,293,14405,625,23046,297,37451,California
Kings,2021-04-14,1060,57804,582,21966,478,32175,0,3663,385,14116,675,23721,386,37837,California
Kings,2021-04-15,1066,58870,527,22493,538,32713,1,3664,457,13966,608,24329,458,38295,California
Kings,2021-04-16,801,59671,367,22860,434,33147,0,3664,265,13698,534,24863,266,38561,California
Kings,2021-04-17,472,60143,258,23118,214,33361,0,3664,195,13618,275,25138,195,38756,California
Kings,2021-04-18,572,60715,246,23364,326,33687,0,3664,43,13132,529,25667,43,38799,California
Kings,2021-04-19,543,61258,302,23666,241,33928,0,3664,294,13181,246,25913,295,39094,California
Kings,2021-04-20,751,62009,455,24121,296,34224,0,3664,240,12911,510,26423,240,39334,California
Kings,2021-04-21,647,62656,306,24427,341,34565,0,3664,222,12716,417,26840,222,39556,California
Kings,2021-04-22,559,63215,279,24706,280,34845,0,3664,205,12571,351,27191,206,39762,California
Kings,2021-04-23,676,63891,290,24996,386,35231,0,3664,329,12557,343,27534,329,40091,California
Kings,2021-04-24,248,64139,180,25176,67,35298,1,3665,120,12551,127,27661,121,40212,California
Kings,2021-04-25,200,64339,181,25357,19,35317,0,3665,164,12679,36,27697,164,40376,California
Kings,2021-04-26,315,64654,169,25526,143,35460,3,3668,198,12764,116,27813,201,40577,California
Kings,2021-04-27,426,65080,188,25714,219,35679,19,3687,180,12719,244,28057,199,40776,California
Kings,2021-04-28,518,65598,258,25972,240,35919,20,3707,271,12763,247,28304,291,41067,California
Kings,2021-04-29,293,65891,113,26085,167,36086,13,3720,135,12756,155,28459,148,41215,California
Kings,2021-04-30,368,66259,163,26248,188,36274,17,3737,153,12715,211,28670,170,41385,California
Kings,2021-05-01,229,66488,166,26414,53,36327,10,3747,73,12643,155,28825,83,41468,California
Kings,2021-05-02,168,66656,146,26560,22,36349,0,3747,126,12727,42,28867,126,41594,California
Kings,2021-05-03,475,67131,253,26813,209,36558,13,3760,122,12510,352,29219,135,41729,California
Kings,2021-05-04,520,67651,263,27076,237,36795,20,3780,160,12331,359,29578,180,41909,California
Kings,2021-05-05,551,68202,285,27361,246,37041,20,3800,135,12071,415,29993,155,42064,California
Kings,2021-05-06,550,68752,270,27631,257,37298,23,3823,124,11794,424,30417,147,42211,California
Kings,2021-05-07,365,69117,211,27842,138,37436,16,3839,147,11741,216,30633,163,42374,California
Kings,2021-05-08,232,69349,166,28008,54,37490,12,3851,73,11667,158,30791,84,42458,California
Kings,2021-05-09,191,69540,61,28069,130,37620,0,3851,40,11556,151,30942,40,42498,California
Kings,2021-05-10,341,69881,263,28332,67,37687,11,3862,114,11454,226,31168,124,42622,California
Kings,2021-05-11,385,70266,238,28570,117,37804,30,3892,119,11338,266,31434,150,42772,California
Kings,2021-05-12,401,70667,163,28733,224,38028,14,3906,172,11297,227,31661,186,42958,California
Kings,2021-05-13,393,71060,145,28878,240,38268,8,3914,154,11220,239,31900,162,43120,California
Kings,2021-05-14,462,71522,315,29193,116,38384,31,3945,240,11270,221,32121,271,43391,California
Kings,2021-05-15,354,71876,250,29443,84,38468,20,3965,196,11328,158,32279,216,43607,California
Kings,2021-05-16,248,72124,222,29665,25,38493,1,3966,76,11233,172,32451,77,43684,California
Kings,2021-05-17,404,72528,321,29986,66,38559,17,3983,215,11277,188,32639,232,43916,California
Kings,2021-05-18,396,72924,277,30263,106,38665,13,3996,225,11345,171,32810,239,44155,California
Kings,2021-05-19,579,73503,283,30546,271,38936,25,4021,230,11253,347,33157,255,44410,California
Kings,2021-05-20,448,73951,235,30781,186,39122,27,4048,266,11365,182,33339,294,44704,California
Kings,2021-05-21,519,74470,263,31044,245,39367,11,4059,265,11391,250,33589,276,44980,California
Kings,2021-05-22,305,74775,246,31290,47,39414,12,4071,217,11534,86,33675,229,45209,California
Kings,2021-05-23,231,75006,223,31513,8,39422,0,4071,108,11519,123,33798,108,45317,California
Kings,2021-05-24,250,75256,167,31680,70,39492,13,4084,121,11524,129,33927,134,45451,California
Kings,2021-05-25,407,75663,268,31948,106,39598,33,4117,239,11630,166,34093,272,45723,California
Kings,2021-05-26,306,75969,126,32074,163,39761,17,4134,130,11602,175,34268,147,45870,California
Kings,2021-05-27,328,76297,178,32252,132,39893,18,4152,179,11653,146,34414,197,46067,California
Kings,2021-05-28,287,76584,140,32392,130,40023,17,4169,139,11664,145,34559,156,46223,California
Kings,2021-05-29,173,76757,99,32491,63,40086,11,4180,91,11685,81,34640,102,46325,California
Kings,2021-05-30,130,76887,113,32604,15,40101,2,4182,71,11699,59,34699,73,46398,California
Kings,2021-05-31,42,76929,23,32627,16,40117,3,4185,15,11690,27,34726,18,46416,California
Kings,2021-06-01,316,77245,187,32814,113,40230,16,4201,121,11635,191,34917,136,46552,California
Kings,2021-06-02,272,77517,125,32939,140,40370,7,4208,85,11542,185,35102,92,46644,California
Kings,2021-06-03,228,77745,126,33065,91,40461,11,4219,85,11503,135,35237,96,46740,California
Kings,2021-06-04,429,78174,282,33347,133,40594,14,4233,157,11407,267,35504,171,46911,California
Kings,2021-06-05,254,78428,221,33568,26,40620,7,4240,63,11299,178,35682,70,46981,California
Kings,2021-06-06,161,78589,153,33721,3,40623,5,4245,80,11307,77,35759,85,47066,California
Kings,2021-06-07,291,78880,220,33941,58,40681,13,4258,95,11219,196,35955,108,47174,California
Kings,2021-06-08,312,79192,240,34181,52,40733,20,4278,85,11098,226,36181,105,47279,California
Kings,2021-06-09,396,79588,265,34446,122,40855,9,4287,114,10942,279,36460,123,47402,California
Kings,2021-06-10,342,79930,223,34669,106,40961,13,4300,85,10783,257,36717,98,47500,California
Kings,2021-06-11,370,80300,281,34950,86,41047,3,4303,142,10705,223,36940,145,47645,California
Kings,2021-06-12,268,80568,220,35170,44,41091,4,4307,69,10595,183,37123,73,47718,California
Kings,2021-06-13,127,80695,118,35288,8,41099,1,4308,35,10540,91,37214,36,47754,California
Kings,2021-06-14,238,80933,173,35461,45,41144,20,4328,99,10520,139,37353,119,47873,California
Kings,2021-06-15,256,81189,182,35643,62,41206,12,4340,90,10457,165,37518,102,47975,California
Kings,2021-06-16,255,81444,131,35774,117,41323,7,4347,91,10399,157,37675,99,48074,California
Kings,2021-06-17,212,81656,114,35888,88,41411,10,4357,85,10367,127,37802,95,48169,California
Kings,2021-06-18,250,81906,182,36070,61,41472,7,4364,122,10368,128,37930,129,48298,California
Kings,2021-06-19,15,81921,9,36079,4,41476,2,4366,2,10359,13,37943,4,48302,California
Lake,2020-12-17,4,4,4,4,0,0,0,0,4,4,0,0,4,4,California
Lake,2020-12-18,49,53,49,53,0,0,0,0,49,53,0,0,49,53,California
Lake,2020-12-19,3,56,3,56,0,0,0,0,3,56,0,0,3,56,California
Lake,2020-12-20,6,62,6,62,0,0,0,0,6,62,0,0,6,62,California
Lake,2020-12-21,87,149,87,149,0,0,0,0,87,149,0,0,87,149,California
Lake,2020-12-22,63,212,60,209,3,3,0,0,63,212,0,0,63,212,California
Lake,2020-12-23,125,337,116,325,9,12,0,0,125,337,0,0,125,337,California
Lake,2020-12-24,2,339,0,325,2,14,0,0,2,339,0,0,2,339,California
Lake,2020-12-26,2,341,2,327,0,14,0,0,2,341,0,0,2,341,California
Lake,2020-12-27,2,343,2,329,0,14,0,0,2,343,0,0,2,343,California
Lake,2020-12-28,53,396,44,373,9,23,0,0,53,396,0,0,53,396,California
Lake,2020-12-29,53,449,48,421,5,28,0,0,53,449,0,0,53,449,California
Lake,2020-12-30,132,581,125,546,7,35,0,0,132,581,0,0,132,581,California
Lake,2020-12-31,67,648,64,610,3,38,0,0,67,648,0,0,67,648,California
Lake,2021-01-01,1,649,0,610,1,39,0,0,1,649,0,0,1,649,California
Lake,2021-01-02,2,651,1,611,1,40,0,0,2,651,0,0,2,651,California
Lake,2021-01-04,90,741,21,632,69,109,0,0,90,741,0,0,90,741,California
Lake,2021-01-05,120,861,59,691,61,170,0,0,118,857,2,2,118,859,California
Lake,2021-01-06,103,964,64,755,39,209,0,0,101,956,2,4,101,960,California
Lake,2021-01-07,109,1073,85,840,24,233,0,0,100,1047,9,13,100,1060,California
Lake,2021-01-08,163,1236,134,974,29,262,0,0,112,1108,51,64,112,1172,California
Lake,2021-01-09,63,1299,61,1035,2,264,0,0,59,1163,4,68,59,1231,California
Lake,2021-01-10,3,1302,3,1038,0,264,0,0,0,1160,3,71,0,1231,California
Lake,2021-01-11,187,1489,148,1186,39,303,0,0,109,1191,78,149,109,1340,California
Lake,2021-01-12,82,1571,49,1235,33,336,0,0,58,1225,24,173,58,1398,California
Lake,2021-01-13,172,1743,116,1351,56,392,0,0,111,1275,61,234,111,1509,California
Lake,2021-01-14,147,1890,48,1399,99,491,0,0,125,1378,22,256,125,1634,California
Lake,2021-01-15,218,2108,95,1494,123,614,0,0,189,1538,29,285,189,1823,California
Lake,2021-01-16,132,2240,82,1576,50,664,0,0,130,1666,2,287,130,1953,California
Lake,2021-01-17,14,2254,6,1582,8,672,0,0,8,1668,6,293,8,1961,California
Lake,2021-01-18,245,2499,229,1811,16,688,0,0,122,1667,123,416,122,2083,California
Lake,2021-01-19,319,2818,123,1934,196,884,0,0,270,1889,49,465,271,2354,California
Lake,2021-01-20,425,3243,82,2016,343,1227,0,0,360,2185,64,529,360,2714,California
Lake,2021-01-21,437,3680,46,2062,391,1618,0,0,401,2550,36,565,401,3115,California
Lake,2021-01-22,321,4001,48,2110,273,1891,0,0,285,2799,36,601,285,3400,California
Lake,2021-01-23,123,4124,6,2116,117,2008,0,0,122,2920,1,602,122,3522,California
Lake,2021-01-24,5,4129,2,2118,3,2011,0,0,5,2925,0,602,5,3527,California
Lake,2021-01-25,255,4384,92,2210,163,2174,0,0,173,3016,82,684,173,3700,California
Lake,2021-01-26,429,4813,32,2242,397,2571,0,0,405,3397,24,708,405,4105,California
Lake,2021-01-27,363,5176,39,2281,324,2895,0,0,336,3707,27,735,337,4442,California
Lake,2021-01-28,493,5669,159,2440,334,3229,0,0,364,3942,129,864,364,4806,California
Lake,2021-01-29,661,6330,108,2548,553,3782,0,0,578,4437,83,947,578,5384,California
Lake,2021-01-30,554,6884,39,2587,515,4297,0,0,548,4979,6,953,548,5932,California
Lake,2021-01-31,12,6896,7,2594,5,4302,0,0,10,4987,2,955,10,5942,California
Lake,2021-02-01,176,7072,15,2609,161,4463,0,0,162,5135,14,969,162,6104,California
Lake,2021-02-02,562,7634,153,2762,409,4872,0,0,395,5364,167,1136,396,6500,California
Lake,2021-02-03,442,8076,32,2794,410,5282,0,0,337,5596,105,1241,337,6837,California
Lake,2021-02-04,121,8197,70,2864,51,5333,0,0,71,5617,50,1291,71,6908,California
Lake,2021-02-05,381,8578,71,2935,310,5643,0,0,288,5814,91,1382,288,7196,California
Lake,2021-02-06,274,8852,38,2973,236,5879,0,0,263,6066,11,1393,263,7459,California
Lake,2021-02-07,3,8855,2,2975,1,5880,0,0,3,6069,0,1393,3,7462,California
Lake,2021-02-08,276,9131,207,3182,69,5949,0,0,158,6109,118,1511,158,7620,California
Lake,2021-02-09,345,9476,23,3205,322,6271,0,0,301,6367,43,1554,301,7921,California
Lake,2021-02-10,351,9827,49,3254,302,6573,0,0,271,6558,80,1634,271,8192,California
Lake,2021-02-11,173,10000,17,3271,156,6729,0,0,57,6499,116,1750,57,8249,California
Lake,2021-02-12,370,10370,28,3299,342,7071,0,0,284,6698,85,1835,284,8533,California
Lake,2021-02-13,252,10622,9,3308,243,7314,0,0,243,6932,9,1844,243,8776,California
Lake,2021-02-14,15,10637,4,3312,11,7325,0,0,5,6927,10,1854,5,8781,California
Lake,2021-02-15,163,10800,7,3319,156,7481,0,0,8,6781,154,2008,8,8789,California
Lake,2021-02-16,423,11223,20,3339,403,7884,0,0,177,6712,246,2254,177,8966,California
Lake,2021-02-17,348,11571,53,3392,295,8179,0,0,70,6505,277,2531,70,9036,California
Lake,2021-02-18,458,12029,70,3462,388,8567,0,0,114,6275,344,2875,114,9150,California
Lake,2021-02-19,425,12454,24,3486,401,8968,0,0,91,6032,334,3209,91,9241,California
Lake,2021-02-20,290,12744,56,3542,234,9202,0,0,250,6243,39,3248,250,9491,California
Lake,2021-02-21,5,12749,5,3547,0,9202,0,0,0,6238,5,3253,0,9491,California
Lake,2021-02-22,133,12882,16,3563,117,9319,0,0,39,6183,94,3347,39,9530,California
Lake,2021-02-23,216,13098,17,3580,199,9518,0,0,29,6025,187,3534,29,9559,California
Lake,2021-02-24,1011,14109,431,4011,580,10098,0,0,470,5955,540,4074,470,10029,California
Lake,2021-02-25,748,14857,485,4496,263,10361,0,0,488,6186,257,4331,488,10517,California
Lake,2021-02-26,994,15851,302,4798,692,11053,0,0,346,5886,646,4977,346,10863,California
Lake,2021-02-27,408,16259,97,4895,311,11364,0,0,328,6134,80,5057,328,11191,California
Lake,2021-02-28,15,16274,8,4903,7,11371,0,0,10,6139,5,5062,10,11201,California
Lake,2021-03-01,594,16868,54,4957,540,11911,0,0,444,6433,150,5212,444,11645,California
Lake,2021-03-02,743,17611,17,4974,726,12637,0,0,288,6267,454,5666,288,11933,California
Lake,2021-03-03,364,17975,193,5167,171,12808,0,0,146,6195,218,5884,146,12079,California
Lake,2021-03-04,576,18551,504,5671,72,12880,0,0,559,6737,17,5901,559,12638,California
Lake,2021-03-05,1052,19603,52,5723,1000,13880,0,0,187,6063,861,6762,187,12825,California
Lake,2021-03-06,34,19637,9,5732,24,13904,1,1,21,6072,13,6775,22,12847,California
Lake,2021-03-07,6,19643,4,5736,2,13906,0,1,4,6074,2,6777,4,12851,California
Lake,2021-03-08,339,19982,266,6002,64,13970,9,10,299,6342,40,6817,308,13159,California
Lake,2021-03-09,928,20910,40,6042,870,14840,18,28,403,6240,524,7341,422,13581,California
Lake,2021-03-10,198,21108,55,6097,130,14970,13,41,132,6320,66,7407,146,13727,California
Lake,2021-03-11,590,21698,47,6144,65,15035,478,519,50,6308,540,7947,528,14255,California
Lake,2021-03-12,853,22551,202,6346,625,15660,26,545,361,6204,491,8438,387,14642,California
Lake,2021-03-13,275,22826,20,6366,19,15679,236,781,14,6193,260,8698,249,14891,California
Lake,2021-03-14,11,22837,2,6368,9,15688,0,781,7,6196,4,8702,7,14898,California
Lake,2021-03-15,640,23477,9,6377,613,16301,18,799,480,6534,160,8862,498,15396,California
Lake,2021-03-16,1123,24600,841,7218,265,16566,17,816,391,6213,728,9590,407,15803,California
Lake,2021-03-17,243,24843,121,7339,100,16666,22,838,87,6166,156,9746,109,15912,California
Lake,2021-03-18,745,25588,373,7712,336,17002,36,874,367,6193,375,10121,402,16314,California
Lake,2021-03-19,583,26171,312,8024,250,17252,21,895,479,6590,103,10224,500,16814,California
Lake,2021-03-20,249,26420,8,8032,238,17490,3,898,31,6408,216,10440,34,16848,California
Lake,2021-03-21,14,26434,9,8041,4,17494,1,899,10,6415,4,10444,11,16859,California
Lake,2021-03-22,337,26771,257,8298,65,17559,15,914,249,6591,88,10532,264,17123,California
Lake,2021-03-23,435,27206,22,8320,399,17958,14,928,368,6907,66,10598,382,17505,California
Lake,2021-03-24,420,27626,58,8378,354,18312,8,936,327,7151,92,10690,336,17841,California
Lake,2021-03-25,667,28293,478,8856,184,18496,5,941,170,6828,497,11187,174,18015,California
Lake,2021-03-26,64,28357,31,8887,32,18528,1,942,29,6823,35,11222,30,18045,California
Lake,2021-03-27,307,28664,6,8893,298,18826,3,945,16,6553,289,11511,19,18064,California
Lake,2021-03-28,15,28679,7,8900,8,18834,0,945,8,6554,7,11518,8,18072,California
Lake,2021-03-29,988,29667,286,9186,700,19534,2,947,205,5980,781,12299,207,18279,California
Lake,2021-03-30,467,30134,318,9504,147,19681,2,949,370,6256,96,12395,372,18651,California
Lake,2021-03-31,620,30754,59,9563,561,20242,0,949,437,6519,174,12569,437,19088,California
Lake,2021-04-01,451,31205,237,9800,202,20444,12,961,188,6460,259,12828,200,19288,California
Lake,2021-04-02,220,31425,37,9837,155,20599,28,989,95,6458,125,12953,123,19411,California
Lake,2021-04-03,31,31456,4,9841,24,20623,3,992,11,6452,20,12973,14,19425,California
Lake,2021-04-04,19,31475,11,9852,7,20630,1,993,15,6464,4,12977,16,19441,California
Lake,2021-04-05,648,32123,71,9923,557,21187,20,1013,408,6654,237,13214,427,19868,California
Lake,2021-04-06,475,32598,17,9940,433,21620,25,1038,305,6815,169,13383,330,20198,California
Lake,2021-04-07,522,33120,55,9995,415,22035,52,1090,351,7049,169,13552,403,20601,California
Lake,2021-04-08,606,33726,492,10487,48,22083,66,1156,103,6718,500,14052,169,20770,California
Lake,2021-04-09,279,34005,39,10526,172,22255,68,1224,47,6603,229,14281,114,20884,California
Lake,2021-04-10,252,34257,13,10539,12,22267,227,1451,9,6596,243,14524,236,21120,California
Lake,2021-04-11,20,34277,15,10554,3,22270,2,1453,6,6590,14,14538,8,21128,California
Lake,2021-04-12,1085,35362,234,10788,818,23088,33,1486,246,6031,838,15376,279,21407,California
Lake,2021-04-13,180,35542,109,10897,71,23159,0,1486,52,5955,128,15504,52,21459,California
Lake,2021-04-14,613,36155,34,10931,579,23738,0,1486,553,6448,60,15564,553,22012,California
Lake,2021-04-15,641,36796,190,11121,451,24189,0,1486,330,6467,311,15875,330,22342,California
Lake,2021-04-16,265,37061,25,11146,240,24429,0,1486,71,6345,193,16068,71,22413,California
Lake,2021-04-17,40,37101,9,11155,31,24460,0,1486,29,6363,11,16079,29,22442,California
Lake,2021-04-18,8,37109,5,11160,3,24463,0,1486,0,6355,8,16087,0,22442,California
Lake,2021-04-19,300,37409,41,11201,259,24722,0,1486,251,6557,49,16136,251,22693,California
Lake,2021-04-20,700,38109,282,11483,418,25140,0,1486,93,6045,606,16742,94,22787,California
Lake,2021-04-21,533,38642,62,11545,471,25611,0,1486,197,5906,336,17078,197,22984,California
Lake,2021-04-22,461,39103,46,11591,415,26026,0,1486,316,6078,144,17222,316,23300,California
Lake,2021-04-23,116,39219,58,11649,58,26084,0,1486,69,6101,46,17268,69,23369,California
Lake,2021-04-24,53,39272,8,11657,45,26129,0,1486,39,6126,14,17282,39,23408,California
Lake,2021-04-25,36,39308,19,11676,17,26146,0,1486,24,6138,12,17294,24,23432,California
Lake,2021-04-26,291,39599,81,11757,209,26355,1,1487,87,6022,204,17498,88,23520,California
Lake,2021-04-27,248,39847,23,11780,207,26562,18,1505,86,5964,162,17660,104,23624,California
Lake,2021-04-28,512,40359,47,11827,450,27012,15,1520,92,5652,418,18078,106,23730,California
Lake,2021-04-29,208,40567,81,11908,111,27123,16,1536,110,5679,98,18176,125,23855,California
Lake,2021-04-30,286,40853,43,11951,212,27335,31,1567,147,5718,139,18315,178,24033,California
Lake,2021-05-01,50,40903,28,11979,20,27355,2,1569,35,5741,14,18329,37,24070,California
Lake,2021-05-02,17,40920,8,11987,8,27363,1,1570,9,5743,8,18337,10,24080,California
Lake,2021-05-03,415,41335,28,12015,352,27715,35,1605,64,5492,350,18687,99,24179,California
Lake,2021-05-04,405,41740,217,12232,139,27854,49,1654,125,5387,279,18966,174,24353,California
Lake,2021-05-05,627,42367,42,12274,573,28427,12,1666,84,4942,540,19506,95,24448,California
Lake,2021-05-06,141,42508,19,12293,93,28520,29,1695,72,4973,69,19575,100,24548,California
Lake,2021-05-07,162,42670,25,12318,117,28637,20,1715,104,5041,56,19631,124,24672,California
Lake,2021-05-08,41,42711,5,12323,36,28673,0,1715,36,5072,5,19636,36,24708,California
Lake,2021-05-09,17,42728,2,12325,10,28683,5,1720,10,5080,7,19643,15,24723,California
Lake,2021-05-10,248,42976,12,12337,208,28891,28,1748,59,4979,188,19831,87,24810,California
Lake,2021-05-11,194,43170,25,12362,152,29043,17,1765,116,5035,78,19909,134,24944,California
Lake,2021-05-12,541,43711,32,12394,489,29532,20,1785,56,4625,485,20394,75,25019,California
Lake,2021-05-13,315,44026,68,12462,233,29765,14,1799,74,4474,239,20633,88,25107,California
Lake,2021-05-14,266,44292,81,12543,166,29931,19,1818,161,4550,103,20736,179,25286,California
Lake,2021-05-15,43,44335,17,12560,23,29954,3,1821,27,4564,16,20752,30,25316,California
Lake,2021-05-16,31,44366,18,12578,12,29966,1,1822,17,4568,14,20766,18,25334,California
Lake,2021-05-17,315,44681,41,12619,259,30225,15,1837,84,4439,228,20994,99,25433,California
Lake,2021-05-18,301,44982,65,12684,217,30442,19,1856,174,4506,126,21120,193,25626,California
Lake,2021-05-19,313,45295,57,12741,241,30683,15,1871,88,4385,224,21344,103,25729,California
Lake,2021-05-20,236,45531,60,12801,165,30848,11,1882,93,4346,143,21487,104,25833,California
Lake,2021-05-21,272,45803,51,12852,198,31046,23,1905,113,4325,157,21644,136,25969,California
Lake,2021-05-22,97,45900,55,12907,39,31085,3,1908,48,4327,49,21693,51,26020,California
Lake,2021-05-23,57,45957,28,12935,28,31113,1,1909,29,4329,28,21721,30,26050,California
Lake,2021-05-24,157,46114,37,12972,106,31219,14,1923,71,4328,86,21807,85,26135,California
Lake,2021-05-25,206,46320,57,13029,137,31356,12,1935,74,4283,131,21938,86,26221,California
Lake,2021-05-26,149,46469,42,13071,96,31452,11,1946,54,4255,93,22031,65,26286,California
Lake,2021-05-27,174,46643,47,13118,113,31565,14,1960,60,4216,113,22144,74,26360,California
Lake,2021-05-28,224,46867,20,13138,165,31730,39,1999,50,4133,171,22315,88,26448,California
Lake,2021-05-29,37,46904,10,13148,21,31751,6,2005,14,4130,23,22338,20,26468,California
Lake,2021-05-30,22,46926,6,13154,14,31765,2,2007,12,4134,10,22348,14,26482,California
Lake,2021-05-31,63,46989,21,13175,40,31805,2,2009,53,4179,10,22358,55,26537,California
Lake,2021-06-01,197,47186,37,13212,151,31956,9,2018,68,4128,128,22486,77,26614,California
Lake,2021-06-02,132,47318,45,13257,75,32031,12,2030,54,4116,78,22564,66,26680,California
Lake,2021-06-03,183,47501,55,13312,109,32140,19,2049,79,4110,104,22668,98,26778,California
Lake,2021-06-04,180,47681,51,13363,114,32254,15,2064,45,4037,133,22801,60,26838,California
Lake,2021-06-05,93,47774,57,13420,28,32282,8,2072,55,4062,38,22839,63,26901,California
Lake,2021-06-06,67,47841,37,13457,30,32312,0,2072,23,4041,44,22883,23,26924,California
Lake,2021-06-07,88,47929,28,13485,52,32364,8,2080,30,4022,57,22940,38,26962,California
Lake,2021-06-08,181,48110,68,13553,101,32465,12,2092,68,3989,113,23053,80,27042,California
Lake,2021-06-09,174,48284,43,13596,127,32592,4,2096,38,3897,134,23187,42,27084,California
Lake,2021-06-10,124,48408,60,13656,52,32644,12,2108,50,3885,74,23261,62,27146,California
Lake,2021-06-11,208,48616,67,13723,118,32762,23,2131,48,3798,158,23419,71,27217,California
Lake,2021-06-12,67,48683,39,13762,22,32784,6,2137,34,3805,33,23452,40,27257,California
Lake,2021-06-13,28,48711,15,13777,13,32797,0,2137,13,3803,15,23467,13,27270,California
Lake,2021-06-14,178,48889,86,13863,79,32876,13,2150,49,3737,128,23595,62,27332,California
Lake,2021-06-15,245,49134,65,13928,161,33037,19,2169,78,3667,167,23762,97,27429,California
Lake,2021-06-16,159,49293,57,13985,88,33125,14,2183,54,3631,104,23866,68,27497,California
Lake,2021-06-17,170,49463,83,14068,78,33203,9,2192,73,3617,96,23962,82,27579,California
Lake,2021-06-18,97,49560,18,14086,72,33275,7,2199,31,3589,66,24028,38,27617,California
Lake,2021-06-19,16,49576,3,14089,13,33288,0,2199,8,3589,8,24036,8,27625,California
Lassen,2020-12-16,3,3,3,3,0,0,0,0,3,3,0,0,3,3,California
Lassen,2020-12-17,1,4,1,4,0,0,0,0,1,4,0,0,1,4,California
Lassen,2020-12-18,1,5,1,5,0,0,0,0,1,5,0,0,1,5,California
Lassen,2020-12-19,5,10,5,10,0,0,0,0,5,10,0,0,5,10,California
Lassen,2020-12-20,2,12,2,12,0,0,0,0,2,12,0,0,2,12,California
Lassen,2020-12-21,11,23,11,23,0,0,0,0,11,23,0,0,11,23,California
Lassen,2020-12-22,18,41,18,41,0,0,0,0,18,41,0,0,18,41,California
Lassen,2020-12-23,5,46,5,46,0,0,0,0,5,46,0,0,5,46,California
Lassen,2020-12-24,3,49,3,49,0,0,0,0,3,49,0,0,3,49,California
Lassen,2020-12-28,2,51,1,50,1,1,0,0,2,51,0,0,2,51,California
Lassen,2020-12-29,34,85,34,84,0,1,0,0,34,85,0,0,34,85,California
Lassen,2020-12-30,26,111,25,109,1,2,0,0,26,111,0,0,26,111,California
Lassen,2020-12-31,49,160,42,151,7,9,0,0,49,160,0,0,49,160,California
Lassen,2021-01-02,1,161,0,151,1,10,0,0,1,161,0,0,1,161,California
Lassen,2021-01-04,14,175,2,153,12,22,0,0,14,175,0,0,14,175,California
Lassen,2021-01-05,189,364,51,204,138,160,0,0,189,364,0,0,189,364,California
Lassen,2021-01-06,86,450,35,239,51,211,0,0,82,443,4,4,83,447,California
Lassen,2021-01-07,37,487,1,240,36,247,0,0,36,478,1,5,36,483,California
Lassen,2021-01-08,49,536,2,242,47,294,0,0,49,527,0,5,49,532,California
Lassen,2021-01-09,12,548,6,248,6,300,0,0,12,539,0,5,12,544,California
Lassen,2021-01-11,27,575,5,253,22,322,0,0,27,566,0,5,27,571,California
Lassen,2021-01-12,45,620,25,278,20,342,0,0,29,579,16,21,29,600,California
Lassen,2021-01-13,156,776,14,292,142,484,0,0,144,711,12,33,144,744,California
Lassen,2021-01-14,151,927,10,302,141,625,0,0,146,852,5,38,146,890,California
Lassen,2021-01-15,20,947,2,304,18,643,0,0,20,872,0,38,20,910,California
Lassen,2021-01-16,34,981,33,337,1,644,0,0,34,906,0,38,34,944,California
Lassen,2021-01-17,1,982,0,337,1,645,0,0,1,907,0,38,1,945,California
Lassen,2021-01-18,3,985,2,339,1,646,0,0,2,908,1,39,2,947,California
Lassen,2021-01-19,180,1165,32,371,148,794,0,0,153,1034,27,66,153,1100,California
Lassen,2021-01-20,151,1316,88,459,63,857,0,0,78,1054,58,124,78,1178,California
Lassen,2021-01-21,129,1445,86,545,43,900,0,0,105,1141,18,142,105,1283,California
Lassen,2021-01-22,27,1472,14,559,13,913,0,0,17,1148,10,152,17,1300,California
Lassen,2021-01-24,1,1473,0,559,1,914,0,0,1,1149,0,152,1,1301,California
Lassen,2021-01-25,10,1483,1,560,9,923,0,0,9,1157,1,153,9,1310,California
Lassen,2021-01-26,105,1588,1,561,104,1027,0,0,104,1260,1,154,104,1414,California
Lassen,2021-01-27,57,1645,14,575,43,1070,0,0,42,1287,15,169,42,1456,California
Lassen,2021-01-28,74,1719,7,582,67,1137,0,0,73,1359,1,170,73,1529,California
Lassen,2021-01-29,11,1730,2,584,9,1146,0,0,10,1368,1,171,10,1539,California
Lassen,2021-02-01,46,1776,2,586,44,1190,0,0,23,1368,23,194,23,1562,California
Lassen,2021-02-02,165,1941,6,592,159,1349,0,0,34,1271,131,325,34,1596,California
Lassen,2021-02-03,84,2025,14,606,70,1419,0,0,41,1269,43,368,41,1637,California
Lassen,2021-02-04,100,2125,7,613,93,1512,0,0,52,1273,48,416,52,1689,California
Lassen,2021-02-05,51,2176,5,618,46,1558,0,0,14,1250,37,453,14,1703,California
Lassen,2021-02-06,69,2245,34,652,35,1593,0,0,36,1254,32,485,36,1739,California
Lassen,2021-02-07,1,2246,1,653,0,1593,0,0,1,1255,0,485,1,1740,California
Lassen,2021-02-08,38,2284,3,656,35,1628,0,0,12,1241,26,511,12,1752,California
Lassen,2021-02-09,117,2401,3,659,114,1742,0,0,43,1210,74,585,43,1795,California
Lassen,2021-02-10,148,2549,12,671,136,1878,0,0,43,1148,105,690,43,1838,California
Lassen,2021-02-11,147,2696,6,677,141,2019,0,0,53,1108,93,783,53,1891,California
Lassen,2021-02-12,24,2720,4,681,20,2039,0,0,9,1102,15,798,9,1900,California
Lassen,2021-02-13,9,2729,1,682,8,2047,0,0,7,1107,2,800,7,1907,California
Lassen,2021-02-14,12,2741,0,682,12,2059,0,0,11,1117,1,801,11,1918,California
Lassen,2021-02-15,18,2759,2,684,16,2075,0,0,15,1130,2,803,15,1933,California
Lassen,2021-02-16,180,2939,3,687,177,2252,0,0,20,992,158,961,20,1953,California
Lassen,2021-02-17,136,3075,72,759,64,2316,0,0,5,866,131,1092,5,1958,California
Lassen,2021-02-18,58,3133,9,768,49,2365,0,0,13,834,45,1137,13,1971,California
Lassen,2021-02-19,65,3198,50,818,15,2380,0,0,11,791,54,1191,11,1982,California
Lassen,2021-02-20,7,3205,0,818,7,2387,0,0,6,796,1,1192,6,1988,California
Lassen,2021-02-21,20,3225,0,818,20,2407,0,0,17,810,3,1195,17,2005,California
Lassen,2021-02-22,20,3245,10,828,10,2417,0,0,5,800,15,1210,5,2010,California
Lassen,2021-02-23,143,3388,6,834,137,2554,0,0,43,743,100,1310,43,2053,California
Lassen,2021-02-24,129,3517,8,842,121,2675,0,0,85,785,43,1353,85,2138,California
Lassen,2021-02-25,138,3655,13,855,125,2800,0,0,88,823,50,1403,88,2226,California
Lassen,2021-02-26,61,3716,11,866,50,2850,0,0,33,828,28,1431,33,2259,California
Lassen,2021-02-27,7,3723,7,873,0,2850,0,0,3,827,4,1435,3,2262,California
Lassen,2021-02-28,4,3727,1,874,3,2853,0,0,1,825,3,1438,1,2263,California
Lassen,2021-03-01,25,3752,2,876,23,2876,0,0,5,811,19,1457,5,2268,California
Lassen,2021-03-02,97,3849,5,881,92,2968,0,0,77,869,19,1476,77,2345,California
Lassen,2021-03-03,129,3978,5,886,124,3092,0,0,83,906,46,1522,83,2428,California
Lassen,2021-03-04,142,4120,13,899,129,3221,0,0,93,951,48,1570,93,2521,California
Lassen,2021-03-05,39,4159,1,900,14,3235,24,24,6,948,33,1603,30,2551,California
Lassen,2021-03-06,53,4212,2,902,29,3264,22,46,5,927,48,1651,27,2578,California
Lassen,2021-03-07,55,4267,0,902,0,3264,55,101,0,927,55,1706,55,2633,California
Lassen,2021-03-08,84,4351,2,904,4,3268,78,179,1,923,83,1789,79,2712,California
Lassen,2021-03-09,128,4479,4,908,107,3375,17,196,82,976,46,1835,99,2811,California
Lassen,2021-03-10,119,4598,5,913,113,3488,1,197,72,1003,46,1881,73,2884,California
Lassen,2021-03-11,163,4761,9,922,148,3636,6,203,95,1039,65,1946,101,2985,California
Lassen,2021-03-12,17,4778,7,929,7,3643,3,206,5,1035,12,1958,8,2993,California
Lassen,2021-03-13,48,4826,0,929,2,3645,46,252,1,1034,47,2005,46,3039,California
Lassen,2021-03-14,11,4837,0,929,10,3655,1,253,1,1026,10,2015,2,3041,California
Lassen,2021-03-15,27,4864,2,931,25,3680,0,253,12,1023,15,2030,12,3053,California
Lassen,2021-03-16,86,4950,2,933,80,3760,4,257,72,1085,14,2044,76,3129,California
Lassen,2021-03-17,1083,6033,7,940,1072,4832,4,261,1067,2140,16,2060,1071,4200,California
Lassen,2021-03-18,82,6115,6,946,75,4907,1,262,74,2207,8,2068,75,4275,California
Lassen,2021-03-19,7,6122,3,949,2,4909,2,264,2,2206,5,2073,4,4279,California
Lassen,2021-03-20,15,6137,3,952,10,4919,2,266,9,2211,6,2079,11,4290,California
Lassen,2021-03-21,33,6170,0,952,33,4952,0,266,13,2205,19,2098,13,4303,California
Lassen,2021-03-22,38,6208,1,953,37,4989,0,266,35,2237,3,2101,35,4338,California
Lassen,2021-03-23,108,6316,5,958,103,5092,0,266,57,2243,51,2152,57,4395,California
Lassen,2021-03-24,168,6484,6,964,161,5253,1,267,86,2250,80,2232,87,4482,California
Lassen,2021-03-25,140,6624,13,977,127,5380,0,267,60,2230,80,2312,60,4542,California
Lassen,2021-03-26,67,6691,4,981,26,5406,37,304,13,2226,53,2365,49,4591,California
Lassen,2021-03-27,18,6709,2,983,1,5407,15,319,2,2227,16,2381,17,4608,California
Lassen,2021-03-28,11,6720,1,984,1,5408,9,328,1,2227,10,2391,10,4618,California
Lassen,2021-03-29,52,6772,0,984,27,5435,25,353,20,2241,31,2422,45,4663,California
Lassen,2021-03-30,162,6934,3,987,135,5570,24,377,49,2201,113,2535,73,4736,California
Lassen,2021-03-31,137,7071,8,995,108,5678,21,398,55,2196,81,2616,76,4812,California
Lassen,2021-04-01,148,7219,8,1003,122,5800,18,416,42,2151,105,2721,60,4872,California
Lassen,2021-04-02,25,7244,3,1006,2,5802,20,436,1,2148,24,2745,21,4893,California
Lassen,2021-04-03,12,7256,0,1006,2,5804,10,446,0,2146,12,2757,10,4903,California
Lassen,2021-04-04,5,7261,1,1007,0,5804,4,450,1,2147,4,2761,5,4908,California
Lassen,2021-04-05,15,7276,0,1007,9,5813,6,456,8,2154,7,2768,14,4922,California
Lassen,2021-04-06,164,7440,5,1012,130,5943,29,485,49,2117,115,2883,78,5000,California
Lassen,2021-04-07,118,7558,5,1017,85,6028,28,513,32,2093,86,2969,62,5062,California
Lassen,2021-04-08,153,7711,7,1024,97,6125,49,562,25,2044,123,3092,74,5136,California
Lassen,2021-04-09,41,7752,4,1028,6,6131,31,593,8,2050,32,3124,38,5174,California
Lassen,2021-04-10,8,7760,0,1028,2,6133,6,599,0,2049,7,3131,6,5180,California
Lassen,2021-04-11,5,7765,1,1029,1,6134,3,602,2,2051,3,3134,5,5185,California
Lassen,2021-04-12,29,7794,4,1033,12,6146,13,615,4,2043,25,3159,17,5202,California
Lassen,2021-04-13,115,7909,2,1035,113,6259,0,615,26,1981,88,3247,26,5228,California
Lassen,2021-04-14,980,8889,6,1041,974,7233,0,615,47,1096,932,4179,47,5275,California
Lassen,2021-04-15,131,9020,9,1050,122,7355,0,615,13,991,118,4297,13,5288,California
Lassen,2021-04-16,9,9029,2,1052,7,7362,0,615,5,992,4,4301,5,5293,California
Lassen,2021-04-17,9,9038,2,1054,7,7369,0,615,3,989,6,4307,3,5296,California
Lassen,2021-04-18,4,9042,1,1055,3,7372,0,615,1,987,3,4310,1,5297,California
Lassen,2021-04-19,29,9071,0,1055,29,7401,0,615,15,988,14,4324,15,5312,California
Lassen,2021-04-20,124,9195,5,1060,119,7520,0,615,44,952,80,4404,44,5356,California
Lassen,2021-04-21,131,9326,5,1065,125,7645,1,616,30,884,99,4503,31,5387,California
Lassen,2021-04-22,93,9419,12,1077,81,7726,0,616,25,841,68,4571,25,5412,California
Lassen,2021-04-23,21,9440,0,1077,21,7747,0,616,18,856,3,4574,18,5430,California
Lassen,2021-04-24,9,9449,5,1082,4,7751,0,616,3,853,6,4580,3,5433,California
Lassen,2021-04-25,5,9454,0,1082,4,7755,1,617,3,855,2,4582,4,5437,California
Lassen,2021-04-26,40,9494,1,1083,35,7790,4,621,8,835,32,4614,12,5449,California
Lassen,2021-04-27,102,9596,4,1087,95,7885,3,624,51,838,51,4665,54,5503,California
Lassen,2021-04-28,78,9674,6,1093,70,7955,2,626,27,816,51,4716,29,5532,California
Lassen,2021-04-29,59,9733,5,1098,51,8006,3,629,21,803,37,4753,24,5556,California
Lassen,2021-04-30,12,9745,7,1105,2,8008,3,632,3,800,9,4762,6,5562,California
Lassen,2021-05-01,4,9749,0,1105,3,8011,1,633,3,803,1,4763,4,5566,California
Lassen,2021-05-02,8,9757,4,1109,4,8015,0,633,5,805,3,4766,5,5571,California
Lassen,2021-05-03,15,9772,2,1111,8,8023,5,638,2,799,13,4779,7,5578,California
Lassen,2021-05-04,67,9839,2,1113,58,8081,7,645,19,777,48,4827,26,5604,California
Lassen,2021-05-05,78,9917,3,1116,64,8145,11,656,24,759,53,4880,35,5639,California
Lassen,2021-05-06,65,9982,17,1133,26,8171,22,678,17,750,48,4928,39,5678,California
Lassen,2021-05-07,48,10030,32,1165,11,8182,5,683,41,789,7,4935,46,5724,California
Lassen,2021-05-08,10,10040,0,1165,5,8187,5,688,4,792,6,4941,9,5733,California
Lassen,2021-05-09,1,10041,0,1165,0,8187,1,689,0,792,1,4942,1,5734,California
Lassen,2021-05-10,11,10052,1,1166,6,8193,4,693,4,793,7,4949,8,5742,California
Lassen,2021-05-11,55,10107,0,1166,47,8240,8,701,17,780,38,4987,25,5767,California
Lassen,2021-05-12,41,10148,3,1169,33,8273,5,706,14,772,27,5014,19,5786,California
Lassen,2021-05-13,24,10172,6,1175,13,8286,5,711,7,767,17,5031,12,5798,California
Lassen,2021-05-14,19,10191,2,1177,9,8295,8,719,10,776,9,5040,18,5816,California
Lassen,2021-05-15,16,10207,2,1179,4,8299,10,729,4,778,12,5052,14,5830,California
Lassen,2021-05-16,7,10214,2,1181,3,8302,2,731,2,778,4,5056,4,5834,California
Lassen,2021-05-17,34,10248,3,1184,19,8321,12,743,10,776,24,5080,22,5856,California
Lassen,2021-05-18,80,10328,5,1189,63,8384,12,755,23,754,57,5137,35,5891,California
Lassen,2021-05-19,50,10378,1,1190,41,8425,8,763,6,724,43,5180,13,5904,California
Lassen,2021-05-20,30,10408,6,1196,15,8440,9,772,10,723,20,5200,19,5923,California
Lassen,2021-05-21,63,10471,29,1225,20,8460,14,786,34,742,29,5229,48,5971,California
Lassen,2021-05-22,16,10487,1,1226,7,8467,8,794,6,746,10,5239,14,5985,California
Lassen,2021-05-23,4,10491,2,1228,1,8468,1,795,0,743,4,5243,1,5986,California
Lassen,2021-05-24,12,10503,1,1229,9,8477,2,797,6,746,5,5248,8,5994,California
Lassen,2021-05-25,85,10588,6,1235,70,8547,9,806,31,732,54,5302,40,6034,California
Lassen,2021-05-26,55,10643,0,1235,40,8587,15,821,11,714,44,5346,26,6060,California
Lassen,2021-05-27,42,10685,17,1252,19,8606,6,827,13,705,28,5374,19,6079,California
Lassen,2021-05-28,70,10755,44,1296,18,8624,8,835,29,701,41,5415,37,6116,California
Lassen,2021-05-29,15,10770,1,1297,12,8636,2,837,9,706,6,5421,11,6127,California
Lassen,2021-05-30,2,10772,0,1297,1,8637,1,838,1,707,1,5422,2,6129,California
Lassen,2021-05-31,7,10779,0,1297,6,8643,1,839,1,703,6,5428,2,6131,California
Lassen,2021-06-01,43,10822,1,1298,36,8679,6,845,16,698,27,5455,22,6153,California
Lassen,2021-06-02,49,10871,2,1300,33,8712,14,859,11,686,37,5492,25,6178,California
Lassen,2021-06-03,18,10889,1,1301,8,8720,9,868,5,687,13,5505,14,6192,California
Lassen,2021-06-04,36,10925,1,1302,23,8743,12,880,11,685,25,5530,23,6215,California
Lassen,2021-06-05,13,10938,3,1305,7,8750,3,883,4,683,9,5539,7,6222,California
Lassen,2021-06-06,4,10942,0,1305,1,8751,3,886,1,684,3,5542,4,6226,California
Lassen,2021-06-07,17,10959,0,1305,9,8760,8,894,3,681,14,5556,11,6237,California
Lassen,2021-06-08,34,10993,3,1308,27,8787,4,898,14,679,20,5576,18,6255,California
Lassen,2021-06-09,17,11010,1,1309,14,8801,2,900,7,679,9,5585,9,6264,California
Lassen,2021-06-10,16,11026,9,1318,5,8806,2,902,8,681,8,5593,10,6274,California
Lassen,2021-06-11,39,11065,26,1344,13,8819,0,902,11,665,28,5621,12,6286,California
Lassen,2021-06-12,5,11070,1,1345,4,8823,0,902,1,662,4,5625,1,6287,California
Lassen,2021-06-13,3,11073,2,1347,1,8824,0,902,1,661,2,5627,1,6288,California
Lassen,2021-06-14,8,11081,1,1348,6,8830,1,903,3,661,4,5631,4,6292,California
Lassen,2021-06-15,46,11127,5,1353,36,8866,5,908,14,648,32,5663,19,6311,California
Lassen,2021-06-16,12,11139,2,1355,6,8872,4,912,8,656,4,5667,12,6323,California
Lassen,2021-06-17,21,11160,10,1365,7,8879,4,916,9,657,12,5679,13,6336,California
Lassen,2021-06-18,41,11201,16,1381,17,8896,8,924,8,640,33,5712,16,6352,California
Los Angeles,2020-12-15,397,397,397,397,0,0,0,0,397,397,0,0,397,397,California
Los Angeles,2020-12-16,3591,3988,3591,3988,0,0,0,0,3591,3988,0,0,3591,3988,California
Los Angeles,2020-12-17,10414,14402,10414,14402,0,0,0,0,10415,14403,0,0,10415,14403,California
Los Angeles,2020-12-18,14771,29173,14748,29150,23,23,0,0,14770,29173,0,0,14770,29173,California
Los Angeles,2020-12-19,7285,36458,7276,36426,9,32,0,0,7287,36460,0,0,7287,36460,California
Los Angeles,2020-12-20,4672,41130,4662,41088,10,42,0,0,4674,41134,0,0,4674,41134,California
Los Angeles,2020-12-21,13753,54883,13736,54824,17,59,0,0,13753,54886,1,1,13753,54887,California
Los Angeles,2020-12-22,11585,66468,11190,66014,395,454,0,0,11585,66469,2,3,11585,66472,California
Los Angeles,2020-12-23,12005,78473,10223,76237,1782,2236,0,0,12006,78475,0,3,12006,78478,California
Los Angeles,2020-12-24,7062,85535,4282,80519,2780,5016,0,0,7065,85540,0,3,7065,85543,California
Los Angeles,2020-12-25,532,86067,425,80944,107,5123,0,0,533,86073,0,3,533,86076,California
Los Angeles,2020-12-26,2548,88615,2197,83141,351,5474,0,0,2547,88618,2,5,2547,88623,California
Los Angeles,2020-12-27,1780,90395,1040,84181,740,6214,0,0,1780,90398,0,5,1780,90403,California
Los Angeles,2020-12-28,10393,100788,6437,90618,3956,10170,0,0,10390,100787,1,6,10390,100793,California
Los Angeles,2020-12-29,11684,112472,6122,96740,5562,15732,0,0,11684,112471,0,6,11684,112477,California
Los Angeles,2020-12-30,14964,127436,8135,104875,6829,22561,0,0,14963,127434,0,6,14963,127440,California
Los Angeles,2020-12-31,8013,135449,2782,107657,5231,27792,0,0,8009,135440,3,9,8009,135449,California
Los Angeles,2021-01-01,1089,136538,319,107976,770,28562,0,0,1087,136525,2,11,1087,136536,California
Los Angeles,2021-01-02,4513,141051,1686,109662,2827,31389,0,0,4513,141038,0,11,4513,141049,California
Los Angeles,2021-01-03,975,142026,229,109891,746,32135,0,0,973,142009,2,13,973,142022,California
Los Angeles,2021-01-04,12797,154823,4908,114799,7889,40024,0,0,12782,154789,2,15,12782,154804,California
Los Angeles,2021-01-05,16162,170985,7136,121935,9026,49050,0,0,14233,167129,1900,1915,14240,169044,California
Los Angeles,2021-01-06,22833,193818,12148,134083,10685,59735,0,0,17151,178677,5613,7528,17161,186205,California
Los Angeles,2021-01-07,29658,223476,15974,150057,13684,73419,0,0,18960,187002,10651,18179,18976,205181,California
Los Angeles,2021-01-08,33316,256792,18003,168060,15313,88732,0,0,20998,195719,12291,30470,21008,226189,California
Los Angeles,2021-01-09,12478,269270,7125,175185,5353,94085,0,0,7576,198405,4899,35369,7585,233774,California
Los Angeles,2021-01-10,4717,273987,3658,178843,1059,95144,0,0,1971,197632,2746,38115,1973,235747,California
Los Angeles,2021-01-11,25950,299937,16326,195169,9624,104768,0,0,14961,201627,10977,49092,14972,250719,California
Los Angeles,2021-01-12,29509,329446,16264,211433,13245,118013,0,0,19332,210811,10161,59253,19345,270064,California
Los Angeles,2021-01-13,29477,358923,15702,227135,13775,131788,0,0,20474,222308,8984,68237,20481,290545,California
Los Angeles,2021-01-14,29449,388372,12777,239912,16672,148460,0,0,23880,240655,5546,73783,23893,314438,California
Los Angeles,2021-01-15,34082,422454,12431,252343,21651,170111,0,0,30477,267561,3580,77363,30486,344924,California
Los Angeles,2021-01-16,17748,440202,5015,257358,12733,182844,0,0,15948,281725,1791,79154,15955,360879,California
Los Angeles,2021-01-17,5282,445484,2358,259716,2924,185768,0,0,5024,286495,256,79410,5026,365905,California
Los Angeles,2021-01-18,15790,461274,10168,269884,5622,191390,0,0,11027,292776,4751,84161,11032,376937,California
Los Angeles,2021-01-19,38824,500098,20678,290562,18146,209536,0,0,30970,315950,7812,91973,30986,407923,California
Los Angeles,2021-01-20,46746,546844,24311,314873,22435,231971,0,0,39199,347651,7513,99486,39214,447137,California
Los Angeles,2021-01-21,49266,596110,22573,337446,26693,258664,0,0,44920,388314,4277,103763,44940,492077,California
Los Angeles,2021-01-22,48719,644829,22533,359979,26186,284850,0,0,45231,430133,3439,107202,45258,537335,California
Los Angeles,2021-01-23,34445,679274,15878,375857,18567,303417,0,0,32350,460436,2064,109266,32367,569702,California
Los Angeles,2021-01-24,15840,695114,12256,388113,3584,307001,0,0,15283,475174,548,109814,15286,584988,California
Los Angeles,2021-01-25,39781,734895,16818,404931,22963,329964,0,0,31077,497597,8671,118485,31094,616082,California
Los Angeles,2021-01-26,50178,785073,24958,429889,25220,355184,0,0,41888,531254,8252,126737,41909,657991,California
Los Angeles,2021-01-27,51634,836707,26282,456171,25352,380536,0,0,42152,564093,9339,136076,42178,700169,California
Los Angeles,2021-01-28,49652,886359,23858,480029,25794,406330,0,0,41130,596842,8398,144474,41147,741316,California
Los Angeles,2021-01-29,50267,936626,25986,506015,24281,430611,0,0,40104,627157,9807,154281,40122,781438,California
Los Angeles,2021-01-30,30807,967433,15958,521973,14849,445460,0,0,26467,649373,4257,158538,26473,807911,California
Los Angeles,2021-01-31,13504,980937,10712,532685,2792,448252,0,0,12602,661093,886,159424,12606,820517,California
Los Angeles,2021-02-01,39111,1020048,16806,549491,22305,470557,0,0,28490,679019,10580,170004,28506,849023,California
Los Angeles,2021-02-02,45147,1065195,18259,567750,26888,497445,0,0,32889,699711,12214,182218,32906,881929,California
Los Angeles,2021-02-03,52659,1117854,19831,587581,32828,530273,0,0,37678,722675,14734,196952,37698,919627,California
Los Angeles,2021-02-04,57597,1175451,20943,608524,36654,566927,0,0,39450,744306,17836,214788,39467,959094,California
Los Angeles,2021-02-05,62004,1237455,21394,629918,40610,607537,0,0,39846,762456,21709,236497,39859,998953,California
Los Angeles,2021-02-06,36123,1273578,13765,643683,22358,629895,0,0,27599,781634,8444,244941,27622,1026575,California
Los Angeles,2021-02-07,11267,1284845,8775,652458,2492,632387,0,0,8866,788123,2384,247325,8873,1035448,California
Los Angeles,2021-02-08,47798,1332643,22388,674846,25410,657797,0,0,31460,803393,16196,263521,31466,1066914,California
Los Angeles,2021-02-09,56283,1388926,24948,699794,31335,689132,0,0,28688,804583,27509,291030,28699,1095613,California
Los Angeles,2021-02-10,67354,1456280,29570,729364,37784,726916,0,0,30900,799435,36066,327096,30918,1126531,California
Los Angeles,2021-02-11,58731,1515011,31428,760792,27303,754219,0,0,28407,797985,29867,356963,28417,1154948,California
Los Angeles,2021-02-12,60189,1575200,30041,790833,30148,784367,0,0,26306,790807,33507,390470,26329,1181277,California
Los Angeles,2021-02-13,34005,1609205,19840,810673,14165,798532,0,0,15477,787902,18436,408906,15531,1196808,California
Los Angeles,2021-02-14,21911,1631116,14945,825618,6966,805498,0,0,8818,783700,13029,421935,8827,1205635,California
Los Angeles,2021-02-15,33213,1664329,16193,841811,17020,822518,0,0,18141,786854,15003,436938,18157,1223792,California
Los Angeles,2021-02-16,64808,1729137,33085,874896,31723,854241,0,0,29962,782091,34742,471680,29979,1253771,California
Los Angeles,2021-02-17,65541,1794678,35063,909959,30478,884719,0,0,26562,769891,38777,510457,26577,1280348,California
Los Angeles,2021-02-18,69272,1863950,35385,945344,33887,918606,0,0,28735,758301,40345,550802,28755,1309103,California
Los Angeles,2021-02-19,59074,1923024,36550,981894,22524,941130,0,0,28782,756923,30180,580982,28802,1337905,California
Los Angeles,2021-02-20,33504,1956528,24458,1006352,9046,950176,0,0,16015,755529,17434,598416,16040,1353945,California
Los Angeles,2021-02-21,22798,1979326,21093,1027445,1705,951881,0,0,11216,755235,11515,609931,11221,1365166,California
Los Angeles,2021-02-22,35017,2014343,25547,1052992,9470,961351,0,0,17979,756285,16951,626882,18001,1383167,California
Los Angeles,2021-02-23,55546,2069889,24115,1077107,31431,992782,0,0,21739,744371,33681,660563,21767,1404934,California
Los Angeles,2021-02-24,65605,2135494,29260,1106367,36345,1029127,0,0,28213,735414,37208,697771,28251,1433185,California
Los Angeles,2021-02-25,74773,2210267,34281,1140648,40492,1069619,0,0,38418,737686,36182,733953,38454,1471639,California
Los Angeles,2021-02-26,84417,2294684,39119,1179767,45298,1114917,0,0,47231,748016,36949,770902,47279,1518918,California
Los Angeles,2021-02-27,60928,2355612,26957,1206724,33964,1148881,7,7,30988,749282,29767,800669,31033,1549951,California
Los Angeles,2021-02-28,27341,2382953,18893,1225617,8445,1157326,3,10,19027,760125,8204,808873,19047,1568998,California
Los Angeles,2021-03-01,57795,2440748,33040,1258657,24715,1182041,40,50,34467,771532,23135,832008,34542,1603540,California
Los Angeles,2021-03-02,78206,2518954,38055,1296712,40145,1222186,6,56,49168,791851,28887,860895,49206,1652746,California
Los Angeles,2021-03-03,85846,2604800,44025,1340737,41805,1263991,16,72,54267,814777,31390,892285,54316,1707062,California
Los Angeles,2021-03-04,91812,2696612,46997,1387734,44800,1308791,15,87,58038,839290,33582,925867,58095,1765157,California
Los Angeles,2021-03-05,90558,2787170,44653,1432387,45872,1354663,33,120,60501,870045,29848,955715,60603,1825760,California
Los Angeles,2021-03-06,67656,2854826,34487,1466874,31337,1386000,1832,1952,43594,891577,23912,979627,45444,1871204,California
Los Angeles,2021-03-07,27396,2882222,20857,1487731,5701,1391701,838,2790,21184,907428,6178,985805,22029,1893233,California
Los Angeles,2021-03-08,53074,2935296,28049,1515780,23046,1414747,1979,4769,40030,936520,12929,998734,42021,1935254,California
Los Angeles,2021-03-09,81768,3017064,38856,1554636,39614,1454361,3298,8067,52019,962244,29594,1028328,55318,1990572,California
Los Angeles,2021-03-10,83434,3100498,41031,1595667,37511,1491872,4892,12959,52746,989346,30503,1058831,57605,2048177,California
Los Angeles,2021-03-11,93091,3193589,45449,1641116,40902,1532774,6740,19699,54432,1012027,38455,1097286,61136,2109313,California
Los Angeles,2021-03-12,99321,3292910,44751,1685867,40638,1573412,13932,33631,57827,1042466,41277,1138563,71716,2181029,California
Los Angeles,2021-03-13,76004,3368914,35898,1721765,28122,1601534,11984,45615,45364,1069258,30520,1169083,57312,2238341,California
Los Angeles,2021-03-14,39270,3408184,26372,1748137,10339,1611873,2559,48174,24072,1080754,15121,1184204,26617,2264958,California
Los Angeles,2021-03-15,75153,3483337,36702,1784839,32993,1644866,5458,53632,45473,1102180,29484,1213688,50910,2315868,California
Los Angeles,2021-03-16,100206,3583543,43884,1828723,50431,1695297,5891,59523,64813,1137657,35183,1248871,70660,2386528,California
Los Angeles,2021-03-17,97668,3681211,44372,1873095,44961,1740258,8335,67858,65332,1179069,32117,1280988,73529,2460057,California
Los Angeles,2021-03-18,102178,3783389,48875,1921970,47954,1788212,5349,73207,64797,1212124,37078,1318066,70133,2530190,California
Los Angeles,2021-03-19,109460,3892849,57093,1979063,47582,1835794,4785,77992,67415,1242509,41767,1359833,72152,2602342,California
Los Angeles,2021-03-20,76681,3969530,37888,2016951,34202,1869996,4591,82583,52004,1274610,24481,1384314,56582,2658924,California
Los Angeles,2021-03-21,34771,4004301,25853,2042804,8015,1878011,903,83486,22256,1285381,12388,1396702,23159,2682083,California
Los Angeles,2021-03-22,71110,4075411,41780,2084584,27155,1905166,2175,85661,49834,1316385,21002,1417704,52006,2734089,California
Los Angeles,2021-03-23,96680,4172091,52289,2136873,41147,1946313,3244,88905,58439,1340092,37964,1455668,61671,2795760,California
Los Angeles,2021-03-24,105263,4277354,55844,2192717,46250,1992563,3169,92074,60752,1359825,44178,1499846,63911,2859671,California
Los Angeles,2021-03-25,111043,4388397,59512,2252229,47621,2040184,3910,95984,62288,1377571,48438,1548284,66184,2925855,California
Los Angeles,2021-03-26,115691,4504088,63396,2315625,48056,2088240,4239,100223,63687,1393761,51706,1599990,67896,2993751,California
Los Angeles,2021-03-27,83791,4587879,44106,2359731,37546,2125786,2139,102362,42677,1397740,40839,1640829,44818,3038569,California
Los Angeles,2021-03-28,42336,4630215,28717,2388448,13034,2138820,585,102947,20090,1396302,22115,1662944,20677,3059246,California
Los Angeles,2021-03-29,83261,4713476,46800,2435248,34684,2173504,1777,104724,46169,1407379,36871,1699815,47948,3107194,California
Los Angeles,2021-03-30,109195,4822671,52061,2487309,51189,2224693,5945,110669,56998,1418335,51953,1751768,62909,3170103,California
Los Angeles,2021-03-31,122970,4945641,62157,2549466,51966,2276659,8847,119516,68404,1441289,54237,1806005,77191,3247294,California
Los Angeles,2021-04-01,133816,5079457,62574,2612040,55764,2332423,15478,134994,71642,1466528,61801,1867806,87040,3334334,California
Los Angeles,2021-04-02,132673,5212130,59118,2671158,57950,2390373,15605,150599,70476,1490714,61845,1929651,86031,3420365,California
Los Angeles,2021-04-03,98899,5311029,45273,2716431,39954,2430327,13672,164271,48640,1502900,50058,1979709,62244,3482609,California
Los Angeles,2021-04-04,39314,5350343,20590,2737021,12073,2442400,6651,170922,16388,1503063,22834,2002543,22997,3505606,California
Los Angeles,2021-04-05,94257,5444600,44556,2781577,39371,2481771,10330,181252,44687,1508660,49350,2051893,54947,3560553,California
Los Angeles,2021-04-06,121524,5566124,57195,2838772,43951,2525722,20378,201630,55636,1518936,65617,2117510,75893,3636446,California
Los Angeles,2021-04-07,120676,5686800,54682,2893454,44746,2570468,21248,222878,54521,1528689,65879,2183389,75632,3712078,California
Los Angeles,2021-04-08,133511,5820311,58642,2952096,50643,2621111,24226,247104,60291,1540152,72884,2256273,84347,3796425,California
Los Angeles,2021-04-09,132176,5952487,57132,3009228,50963,2672074,24081,271185,56647,1545511,75203,2331476,80562,3876987,California
Los Angeles,2021-04-10,102079,6054566,43130,3052358,34730,2706804,24219,295404,37372,1542526,64449,2395925,61464,3938451,California
Los Angeles,2021-04-11,41992,6096558,22689,3075047,9803,2716607,9500,304904,14388,1538836,27514,2423439,23824,3962275,California
Los Angeles,2021-04-12,79508,6176066,38799,3113846,34283,2750890,6426,311330,32559,1531049,46727,2470166,38940,4001215,California
Los Angeles,2021-04-13,118246,6294312,59403,3173249,58406,2809296,437,311767,62439,1538421,55539,2525705,62911,4064126,California
Los Angeles,2021-04-14,119984,6414296,59867,3233116,59983,2869279,134,311901,64973,1548848,54719,2580424,65146,4129272,California
Los Angeles,2021-04-15,131285,6545581,70812,3303928,60280,2929559,193,312094,75261,1568487,55723,2636147,75362,4204634,California
Los Angeles,2021-04-16,131583,6677164,69417,3373345,62020,2991579,146,312240,69445,1576315,61812,2697959,69640,4274274,California
Los Angeles,2021-04-17,99379,6776543,51937,3425282,47412,3038991,30,312270,56824,1590933,42317,2740276,56935,4331209,California
Los Angeles,2021-04-18,34510,6811053,22898,3448180,11611,3050602,1,312271,18955,1594452,15469,2755745,18988,4350197,California
Los Angeles,2021-04-19,77024,6888077,40325,3488505,36684,3087286,15,312286,34597,1586936,42213,2797958,34697,4384894,California
Los Angeles,2021-04-20,103395,6991472,50304,3538809,53068,3140354,23,312309,51345,1586566,51801,2849759,51431,4436325,California
Los Angeles,2021-04-21,111135,7102607,52947,3591756,58001,3198355,187,312496,49261,1574520,61529,2911288,49483,4485808,California
Los Angeles,2021-04-22,116706,7219313,59819,3651575,56854,3255209,33,312529,51433,1561065,64935,2976223,51480,4537288,California
Los Angeles,2021-04-23,116177,7335490,63053,3714628,53103,3308312,21,312550,55454,1556142,60405,3036628,55482,4592770,California
Los Angeles,2021-04-24,90397,7425887,57465,3772093,32890,3341202,42,312592,50483,1567005,39675,3076303,50538,4643308,California
Los Angeles,2021-04-25,37985,7463872,25146,3797239,12833,3354035,6,312598,20431,1570004,17438,3093741,20437,4663745,California
Los Angeles,2021-04-26,78131,7542003,40338,3837577,37282,3391317,511,313109,38578,1569763,39329,3133070,39088,4702833,California
Los Angeles,2021-04-27,94417,7636420,45037,3882614,47374,3438691,2006,315115,36479,1550593,57644,3190714,38474,4741307,California
Los Angeles,2021-04-28,86405,7722825,41230,3923844,43080,3481771,2095,317210,34114,1534851,51944,3242658,36202,4777509,California
Los Angeles,2021-04-29,93120,7815945,45922,3969766,44981,3526752,2217,319427,33607,1511555,59114,3301772,35818,4813327,California
Los Angeles,2021-04-30,101052,7916997,49722,4019488,48872,3575624,2458,321885,37044,1487484,63561,3365333,39490,4852817,California
Los Angeles,2021-05-01,75489,7992486,42180,4061668,31791,3607415,1518,323403,28389,1470605,46783,3412116,29904,4882721,California
Los Angeles,2021-05-02,28050,8020536,18011,4079679,9298,3616713,741,324144,10170,1463750,17764,3429880,10909,4893630,California
Los Angeles,2021-05-03,62335,8082871,30169,4109848,29938,3646651,2228,326372,22564,1449018,39509,3469389,24777,4918407,California
Los Angeles,2021-05-04,86970,8169841,47769,4157617,36903,3683554,2298,328670,27336,1419322,59316,3528705,29620,4948027,California
Los Angeles,2021-05-05,89936,8259777,52053,4209670,35491,3719045,2392,331062,25071,1382258,64518,3593223,27454,4975481,California
Los Angeles,2021-05-06,96837,8356614,57986,4267656,36332,3755377,2519,333581,23053,1334412,73406,3666629,25560,5001041,California
Los Angeles,2021-05-07,96847,8453461,57445,4325101,37021,3792398,2381,335962,26789,1293857,69700,3736329,29145,5030186,California
Los Angeles,2021-05-08,64549,8518010,42429,4367530,20422,3812820,1698,337660,17617,1266554,46613,3782942,19310,5049496,California
Los Angeles,2021-05-09,23719,8541729,18055,4385585,4922,3817742,742,338402,6029,1255725,17593,3800535,6764,5056260,California
Los Angeles,2021-05-10,49300,8591029,25938,4411523,21475,3839217,1887,340289,14969,1238468,34104,3834639,16847,5073107,California
Los Angeles,2021-05-11,69067,8660096,37009,4448532,29924,3869141,2134,342423,17912,1207603,50891,3885530,20026,5093133,California
Los Angeles,2021-05-12,70653,8730749,38291,4486823,30083,3899224,2279,344702,20473,1180454,49879,3935409,22730,5115863,California
Los Angeles,2021-05-13,75388,8806137,45491,4532314,28199,3927423,1698,346400,27326,1161782,47684,3983093,29012,5144875,California
Los Angeles,2021-05-14,87325,8893462,55257,4587571,30235,3957658,1833,348233,32967,1142553,54017,4037110,34788,5179663,California
Los Angeles,2021-05-15,75018,8968480,52470,4640041,21038,3978696,1510,349743,28843,1126995,45900,4083010,30342,5210005,California
Los Angeles,2021-05-16,30540,8999020,24147,4664188,5783,3984479,610,350353,12021,1121199,18422,4101432,12626,5222631,California
Los Angeles,2021-05-17,61869,9060889,40036,4704224,20048,4004527,1785,352138,25153,1111638,36472,4137904,26911,5249542,California
Los Angeles,2021-05-18,64880,9125769,38260,4742484,24781,4029308,1839,353977,25782,1100396,38829,4176733,27587,5277129,California
Los Angeles,2021-05-19,67403,9193172,40627,4783111,24934,4054242,1842,355819,29387,1093852,37756,4214489,31212,5308341,California
Los Angeles,2021-05-20,66128,9259300,36889,4820000,27159,4081401,2080,357899,25576,1081321,40181,4254670,27650,5335991,California
Los Angeles,2021-05-21,69919,9329219,42387,4862387,25456,4106857,2076,359975,27677,1069189,41871,4296541,29739,5365730,California
Los Angeles,2021-05-22,57069,9386288,37189,4899576,18226,4125083,1654,361629,23173,1060339,33662,4330203,24812,5390542,California
Los Angeles,2021-05-23,23446,9409734,16138,4915714,6467,4131550,841,362470,10483,1058820,12839,4343042,11320,5401862,California
Los Angeles,2021-05-24,48335,9458069,26481,4942195,20002,4151552,1852,364322,18307,1049162,29805,4372847,20147,5422009,California
Los Angeles,2021-05-25,49671,9507740,28766,4970961,19140,4170692,1765,366087,19323,1040146,30099,4402946,21083,5443092,California
Los Angeles,2021-05-26,47035,9554775,26576,4997537,18624,4189316,1835,367922,19975,1035209,26629,4429575,21692,5464784,California
Los Angeles,2021-05-27,45419,9600194,25335,5022872,18201,4207517,1883,369805,19067,1030005,26110,4455685,20906,5485690,California
Los Angeles,2021-05-28,52133,9652327,29569,5052441,20669,4228186,1895,371700,23339,1026726,28502,4484187,25223,5510913,California
Los Angeles,2021-05-29,30341,9682668,17525,5069966,11776,4239962,1040,372740,14241,1026092,15904,4500091,15270,5526183,California
Los Angeles,2021-05-30,12471,9695139,8182,5078148,3558,4243520,731,373471,5928,1026256,6489,4506580,6653,5532836,California
Los Angeles,2021-05-31,6036,9701175,3731,5081879,2000,4245520,305,373776,1739,1024055,4242,4510822,2041,5534877,California
Los Angeles,2021-06-01,46064,9747239,25859,5107738,18633,4264153,1572,375348,17706,1015288,28021,4538843,19254,5554131,California
Los Angeles,2021-06-02,38405,9785644,22190,5129928,14766,4278919,1449,376797,15392,1009367,22735,4561578,16814,5570945,California
Los Angeles,2021-06-03,42695,9828339,28282,5158210,12861,4291780,1552,378349,15316,999100,27119,4588697,16852,5587797,California
Los Angeles,2021-06-04,52169,9880508,35269,5193479,15230,4307010,1670,380019,17421,983765,34405,4623102,19070,5606867,California
Los Angeles,2021-06-05,42344,9922852,30367,5223846,10607,4317617,1370,381389,12824,968611,29333,4652435,14179,5621046,California
Los Angeles,2021-06-06,14620,9937472,12065,5235911,1824,4319441,731,382120,4099,962982,10454,4662889,4825,5625871,California
Los Angeles,2021-06-07,36742,9974214,26227,5262138,9070,4328511,1445,383565,11866,951596,24683,4687572,13297,5639168,California
Los Angeles,2021-06-08,38190,10012404,26321,5288459,10302,4338813,1567,385132,13030,941309,24870,4712442,14583,5653751,California
Los Angeles,2021-06-09,39645,10052049,28001,5316460,10131,4348944,1513,386645,11780,926959,27623,4740065,13273,5667024,California
Los Angeles,2021-06-10,35902,10087951,24750,5341210,9579,4358523,1573,388218,11509,915849,24175,4764240,13065,5680089,California
Los Angeles,2021-06-11,40880,10128831,28017,5369227,11208,4369731,1655,389873,13523,903948,27065,4791305,15164,5695253,California
Los Angeles,2021-06-12,32725,10161556,23470,5392697,8041,4377772,1214,391087,9920,892427,22643,4813948,11122,5706375,California
Los Angeles,2021-06-13,11442,10172998,8182,5400879,2625,4380397,635,391722,2727,887133,8650,4822598,3356,5709731,California
Los Angeles,2021-06-14,32212,10205210,23144,5424023,7717,4388114,1351,393073,11509,879458,20519,4843117,12844,5722575,California
Los Angeles,2021-06-15,33501,10238711,22501,5446524,9329,4397443,1671,394744,11691,871333,21462,4864579,13337,5735912,California
Los Angeles,2021-06-16,31616,10270327,21770,5468294,8154,4405597,1692,396436,11126,863874,20270,4884849,12811,5748723,California
Los Angeles,2021-06-17,27825,10298152,18937,5487231,7558,4413155,1330,397766,10423,858451,17162,4902011,11739,5760462,California
Los Angeles,2021-06-18,32295,10330447,22419,5509650,8368,4421523,1508,399274,11693,851384,20248,4922259,13181,5773643,California
Los Angeles,2021-06-19,10016,10340463,6939,5516589,2312,4423835,765,400039,3629,849582,6187,4928446,4385,5778028,California
Madera,2020-12-16,21,21,21,21,0,0,0,0,21,21,0,0,21,21,California
Madera,2020-12-17,12,33,12,33,0,0,0,0,12,33,0,0,12,33,California
Madera,2020-12-18,60,93,60,93,0,0,0,0,60,93,0,0,60,93,California
Madera,2020-12-19,5,98,5,98,0,0,0,0,5,98,0,0,5,98,California
Madera,2020-12-20,13,111,13,111,0,0,0,0,13,111,0,0,13,111,California
Madera,2020-12-21,59,170,59,170,0,0,0,0,59,170,0,0,59,170,California
Madera,2020-12-22,94,264,92,262,2,2,0,0,94,264,0,0,94,264,California
Madera,2020-12-23,67,331,67,329,0,2,0,0,67,331,0,0,67,331,California
Madera,2020-12-24,43,374,38,367,5,7,0,0,43,374,0,0,43,374,California
Madera,2020-12-26,27,401,26,393,1,8,0,0,27,401,0,0,27,401,California
Madera,2020-12-27,27,428,12,405,15,23,0,0,27,428,0,0,27,428,California
Madera,2020-12-28,107,535,36,441,71,94,0,0,107,535,0,0,107,535,California
Madera,2020-12-29,175,710,37,478,138,232,0,0,175,710,0,0,175,710,California
Madera,2020-12-30,224,934,87,565,137,369,0,0,224,934,0,0,224,934,California
Madera,2020-12-31,203,1137,80,645,123,492,0,0,203,1137,0,0,203,1137,California
Madera,2021-01-01,2,1139,1,646,1,493,0,0,2,1139,0,0,2,1139,California
Madera,2021-01-02,88,1227,33,679,55,548,0,0,88,1227,0,0,88,1227,California
Madera,2021-01-03,4,1231,4,683,0,548,0,0,4,1231,0,0,4,1231,California
Madera,2021-01-04,129,1360,66,749,63,611,0,0,129,1360,0,0,129,1360,California
Madera,2021-01-05,278,1638,143,892,135,746,0,0,274,1630,4,4,274,1634,California
Madera,2021-01-06,183,1821,26,918,157,903,0,0,164,1775,19,23,164,1798,California
Madera,2021-01-07,399,2220,117,1035,282,1185,0,0,376,2129,23,46,377,2175,California
Madera,2021-01-08,421,2641,71,1106,350,1535,0,0,366,2442,54,100,367,2542,California
Madera,2021-01-09,36,2677,14,1120,22,1557,0,0,27,2460,9,109,27,2569,California
Madera,2021-01-10,17,2694,14,1134,3,1560,0,0,5,2453,12,121,5,2574,California
Madera,2021-01-11,237,2931,190,1324,47,1607,0,0,196,2608,41,162,196,2770,California
Madera,2021-01-12,387,3318,155,1479,232,1839,0,0,285,2791,102,264,285,3055,California
Madera,2021-01-13,180,3498,90,1569,90,1929,0,0,126,2864,54,318,127,3182,California
Madera,2021-01-14,552,4050,80,1649,472,2401,0,0,520,3352,32,350,520,3702,California
Madera,2021-01-15,597,4647,156,1805,441,2842,0,0,576,3907,21,371,576,4278,California
Madera,2021-01-16,388,5035,49,1854,339,3181,0,0,360,4239,28,399,360,4638,California
Madera,2021-01-17,335,5370,15,1869,320,3501,0,0,331,4566,4,403,331,4969,California
Madera,2021-01-18,78,5448,62,1931,16,3517,0,0,59,4607,18,421,59,5028,California
Madera,2021-01-19,571,6019,134,2065,437,3954,0,0,545,5127,26,447,546,5574,California
Madera,2021-01-20,239,6258,81,2146,158,4112,0,0,211,5311,27,474,211,5785,California
Madera,2021-01-21,238,6496,128,2274,110,4222,0,0,204,5483,32,506,204,5989,California
Madera,2021-01-22,259,6755,82,2356,177,4399,0,0,243,5711,16,522,244,6233,California
Madera,2021-01-23,100,6855,54,2410,46,4445,0,0,76,5763,24,546,76,6309,California
Madera,2021-01-24,97,6952,81,2491,16,4461,0,0,78,5822,19,565,78,6387,California
Madera,2021-01-25,272,7224,126,2617,146,4607,0,0,148,5846,124,689,148,6535,California
Madera,2021-01-26,493,7717,188,2805,305,4912,0,0,301,5957,191,880,302,6837,California
Madera,2021-01-27,747,8464,63,2868,684,5596,0,0,609,6430,138,1018,611,7448,California
Madera,2021-01-28,548,9012,109,2977,439,6035,0,0,442,6767,106,1124,443,7891,California
Madera,2021-01-29,470,9482,94,3071,376,6411,0,0,415,7127,55,1179,415,8306,California
Madera,2021-01-30,505,9987,16,3087,489,6900,0,0,452,7526,53,1232,452,8758,California
Madera,2021-01-31,9,9996,6,3093,3,6903,0,0,8,7533,1,1233,8,8766,California
Madera,2021-02-01,334,10330,148,3241,186,7089,0,0,208,7615,126,1359,208,8974,California
Madera,2021-02-02,254,10584,89,3330,165,7254,0,0,161,7685,92,1451,162,9136,California
Madera,2021-02-03,597,11181,463,3793,134,7388,0,0,478,8047,117,1568,479,9615,California
Madera,2021-02-04,394,11575,126,3919,268,7656,0,0,117,7889,276,1844,118,9733,California
Madera,2021-02-05,984,12559,301,4220,683,8339,0,0,377,7666,601,2445,378,10111,California
Madera,2021-02-06,365,12924,331,4551,34,8373,0,0,325,7952,39,2484,325,10436,California
Madera,2021-02-07,34,12958,6,4557,28,8401,0,0,29,7976,5,2489,29,10465,California
Madera,2021-02-08,389,13347,313,4870,76,8477,0,0,273,8134,115,2604,273,10738,California
Madera,2021-02-09,486,13833,118,4988,368,8845,0,0,203,8058,280,2884,204,10942,California
Madera,2021-02-10,435,14268,149,5137,286,9131,0,0,332,8287,103,2987,332,11274,California
Madera,2021-02-11,936,15204,307,5444,629,9760,0,0,404,8162,530,3517,405,11679,California
Madera,2021-02-12,837,16041,114,5558,723,10483,0,0,311,7956,520,4037,314,11993,California
Madera,2021-02-13,487,16528,46,5604,441,10924,0,0,138,7749,348,4385,141,12134,California
Madera,2021-02-14,399,16927,74,5678,325,11249,0,0,136,7623,263,4648,137,12271,California
Madera,2021-02-15,245,17172,99,5777,146,11395,0,0,174,7727,70,4718,174,12445,California
Madera,2021-02-16,776,17948,179,5956,597,11992,0,0,228,7410,546,5264,229,12674,California
Madera,2021-02-17,616,18564,278,6234,338,12330,0,0,345,7493,264,5528,347,13021,California
Madera,2021-02-18,1302,19866,540,6774,762,13092,0,0,1121,8436,179,5707,1122,14143,California
Madera,2021-02-19,858,20724,540,7314,318,13410,0,0,714,9007,144,5851,715,14858,California
Madera,2021-02-20,1076,21800,987,8301,89,13499,0,0,1005,9943,70,5921,1006,15864,California
Madera,2021-02-21,964,22764,823,9124,141,13640,0,0,959,10897,5,5926,959,16823,California
Madera,2021-02-22,918,23682,839,9963,79,13719,0,0,860,11699,58,5984,860,17683,California
Madera,2021-02-23,737,24419,464,10427,273,13992,0,0,524,12011,212,6196,524,18207,California
Madera,2021-02-24,917,25336,303,10730,614,14606,0,0,385,11865,531,6727,385,18592,California
Madera,2021-02-25,1034,26370,314,11044,720,15326,0,0,599,12031,433,7160,599,19191,California
Madera,2021-02-26,1087,27457,199,11243,888,16214,0,0,702,12350,383,7543,702,19893,California
Madera,2021-02-27,934,28391,294,11537,640,16854,0,0,499,12420,432,7975,502,20395,California
Madera,2021-02-28,195,28586,28,11565,167,17021,0,0,190,12605,5,7980,190,20585,California
Madera,2021-03-01,380,28966,121,11686,259,17280,0,0,197,12621,181,8161,197,20782,California
Madera,2021-03-02,757,29723,349,12035,408,17688,0,0,643,13154,112,8273,645,21427,California
Madera,2021-03-03,1364,31087,734,12769,630,18318,0,0,955,13731,406,8679,983,22410,California
Madera,2021-03-04,1210,32297,531,13300,679,18997,0,0,955,14433,256,8935,958,23368,California
Madera,2021-03-05,1370,33667,420,13720,937,19934,13,13,1085,15259,283,9218,1109,24477,California
Madera,2021-03-06,826,34493,643,14363,151,20085,32,45,505,15477,320,9538,538,25015,California
Madera,2021-03-07,154,34647,26,14389,106,20191,22,67,105,15555,49,9587,127,25142,California
Madera,2021-03-08,603,35250,337,14726,207,20398,59,126,305,15623,298,9885,366,25508,California
Madera,2021-03-09,603,35853,297,15023,273,20671,33,159,413,15887,188,10073,452,25960,California
Madera,2021-03-10,1194,37047,559,15582,557,21228,78,237,762,16301,427,10500,841,26801,California
Madera,2021-03-11,1695,38742,875,16457,493,21721,327,564,776,16498,917,11417,1114,27915,California
Madera,2021-03-12,1582,40324,818,17275,613,22334,151,715,803,16706,776,12193,984,28899,California
Madera,2021-03-13,1892,42216,1335,18610,360,22694,197,912,820,16671,1069,13262,1034,29933,California
Madera,2021-03-14,587,42803,449,19059,105,22799,33,945,294,16708,290,13552,327,30260,California
Madera,2021-03-15,748,43551,233,19292,470,23269,45,990,516,17075,229,13781,596,30856,California
Madera,2021-03-16,939,44490,531,19823,361,23630,47,1037,747,17697,189,13970,811,31667,California
Madera,2021-03-17,1477,45967,983,20806,431,24061,63,1100,913,18212,555,14525,1070,32737,California
Madera,2021-03-18,1960,47927,684,21490,1211,25272,65,1165,977,18367,977,15502,1132,33869,California
Madera,2021-03-19,1594,49521,587,22077,925,26197,82,1247,1038,19016,552,16054,1201,35070,California
Madera,2021-03-20,1192,50713,781,22858,360,26557,51,1298,608,19158,582,16636,724,35794,California
Madera,2021-03-21,1113,51826,910,23768,155,26712,48,1346,387,18871,723,17359,436,36230,California
Madera,2021-03-22,1370,53196,863,24631,441,27153,66,1412,689,18996,678,18037,803,37033,California
Madera,2021-03-23,1415,54611,862,25493,467,27620,86,1498,674,19100,740,18777,844,37877,California
Madera,2021-03-24,956,55567,513,26006,411,28031,32,1530,612,19407,341,19118,648,38525,California
Madera,2021-03-25,1178,56745,533,26539,621,28652,24,1554,650,19576,518,19636,687,39212,California
Madera,2021-03-26,1520,58265,578,27117,808,29460,134,1688,719,19636,797,20433,857,40069,California
Madera,2021-03-27,933,59198,608,27725,302,29762,23,1711,417,19565,512,20945,441,40510,California
Madera,2021-03-28,438,59636,150,27875,228,29990,60,1771,205,19692,232,21177,359,40869,California
Madera,2021-03-29,694,60330,184,28059,480,30470,30,1801,498,20032,192,21369,532,41401,California
Madera,2021-03-30,1076,61406,606,28665,439,30909,31,1832,480,19951,593,21962,512,41913,California
Madera,2021-03-31,1395,62801,544,29209,723,31632,128,1960,425,19541,964,22926,554,42467,California
Madera,2021-04-01,1404,64205,627,29836,726,32358,51,2011,490,19176,904,23830,539,43006,California
Madera,2021-04-02,1610,65815,461,30297,1090,33448,59,2070,478,18593,1121,24951,538,43544,California
Madera,2021-04-03,963,66778,765,31062,179,33627,19,2089,393,18448,568,25519,423,43967,California
Madera,2021-04-04,186,66964,64,31126,120,33747,2,2091,85,18435,101,25620,88,44055,California
Madera,2021-04-05,735,67699,255,31381,422,34169,58,2149,340,18453,394,26014,412,44467,California
Madera,2021-04-06,1716,69415,892,32273,468,34637,356,2505,536,18167,1178,27192,892,45359,California
Madera,2021-04-07,1238,70653,388,32661,702,35339,148,2653,427,17939,808,28000,580,45939,California
Madera,2021-04-08,1733,72386,668,33329,801,36140,264,2917,557,17597,1169,29169,827,46766,California
Madera,2021-04-09,1645,74031,694,34023,805,36945,146,3063,948,18003,692,29861,1098,47864,California
Madera,2021-04-10,981,75012,687,34710,225,37170,69,3132,713,18517,269,30130,783,48647,California
Madera,2021-04-11,817,75829,663,35373,75,37245,79,3211,287,18354,527,30657,364,49011,California
Madera,2021-04-12,814,76643,291,35664,446,37691,77,3288,311,18240,503,31160,389,49400,California
Madera,2021-04-13,1250,77893,615,36279,592,38283,43,3331,728,18501,520,31680,781,50181,California
Madera,2021-04-14,1406,79299,866,37145,540,38823,0,3331,581,18264,824,32504,587,50768,California
Madera,2021-04-15,1187,80486,512,37657,674,39497,1,3332,430,17952,745,33249,433,51201,California
Madera,2021-04-16,1362,81848,541,38198,821,40318,0,3332,376,17356,974,34223,378,51579,California
Madera,2021-04-17,1301,83149,1092,39290,209,40527,0,3332,775,17612,524,34747,780,52359,California
Madera,2021-04-18,250,83399,210,39500,40,40567,0,3332,90,17545,158,34905,91,52450,California
Madera,2021-04-19,814,84213,241,39741,572,41139,1,3333,282,17301,526,35431,282,52732,California
Madera,2021-04-20,873,85086,429,40170,444,41583,0,3333,220,16873,650,36081,222,52954,California
Madera,2021-04-21,861,85947,456,40626,405,41988,0,3333,294,16603,566,36647,296,53250,California
Madera,2021-04-22,1076,87023,514,41140,562,42550,0,3333,373,16278,699,37346,374,53624,California
Madera,2021-04-23,969,87992,304,41444,665,43215,0,3333,335,15984,629,37975,335,53959,California
Madera,2021-04-24,713,88705,469,41913,244,43459,0,3333,250,15776,459,38434,251,54210,California
Madera,2021-04-25,265,88970,158,42071,104,43563,3,3336,117,15753,144,38578,121,54331,California
Madera,2021-04-26,556,89526,99,42170,451,44014,6,3342,128,15462,425,39003,134,54465,California
Madera,2021-04-27,621,90147,274,42444,322,44336,25,3367,314,15496,306,39309,340,54805,California
Madera,2021-04-28,502,90649,198,42642,285,44621,19,3386,244,15502,256,39565,262,55067,California
Madera,2021-04-29,556,91205,245,42887,283,44904,28,3414,260,15502,289,39854,289,55356,California
Madera,2021-04-30,937,92142,506,43393,414,45318,17,3431,271,15130,660,40514,288,55644,California
Madera,2021-05-01,969,93111,870,44263,85,45403,14,3445,389,14954,579,41093,403,56047,California
Madera,2021-05-02,396,93507,349,44612,43,45446,4,3449,145,14852,251,41344,149,56196,California
Madera,2021-05-03,497,94004,197,44809,260,45706,40,3489,99,14596,395,41739,139,56335,California
Madera,2021-05-04,903,94907,433,45242,426,46132,44,3533,212,14161,691,42430,256,56591,California
Madera,2021-05-05,1011,95918,479,45721,471,46603,61,3594,277,13767,732,43162,338,56929,California
Madera,2021-05-06,700,96618,246,45967,421,47024,33,3627,153,13411,542,43704,186,57115,California
Madera,2021-05-07,807,97425,277,46244,509,47533,21,3648,194,13018,607,44311,214,57329,California
Madera,2021-05-08,971,98396,758,47002,202,47735,11,3659,185,12429,785,45096,196,57525,California
Madera,2021-05-09,145,98541,20,47022,114,47849,11,3670,35,12366,109,45205,46,57571,California
Madera,2021-05-10,361,98902,74,47096,275,48124,12,3682,100,12218,260,45465,112,57683,California
Madera,2021-05-11,531,99433,180,47276,342,48466,9,3691,173,12044,356,45821,182,57865,California
Madera,2021-05-12,507,99940,230,47506,241,48707,36,3727,127,11829,378,46199,163,58028,California
Madera,2021-05-13,510,100450,308,47814,170,48877,32,3759,179,11711,329,46528,211,58239,California
Madera,2021-05-14,530,100980,266,48080,240,49117,24,3783,235,11678,292,46820,259,58498,California
Madera,2021-05-15,563,101543,478,48558,77,49194,8,3791,364,11853,197,47017,372,58870,California
Madera,2021-05-16,258,101801,187,48745,39,49233,32,3823,107,11841,151,47168,139,59009,California
Madera,2021-05-17,453,102254,191,48936,233,49466,29,3852,207,11834,243,47411,236,59245,California
Madera,2021-05-18,549,102803,367,49303,159,49625,23,3875,290,11892,255,47666,313,59558,California
Madera,2021-05-19,490,103293,224,49527,244,49869,22,3897,218,11861,271,47937,240,59798,California
Madera,2021-05-20,590,103883,270,49797,282,50151,38,3935,233,11781,351,48288,271,60069,California
Madera,2021-05-21,504,104387,192,49989,284,50435,28,3963,194,11698,305,48593,222,60291,California
Madera,2021-05-22,904,105291,819,50808,73,50508,12,3975,532,11871,371,48964,544,60835,California
Madera,2021-05-23,263,105554,236,51044,17,50525,10,3985,139,11897,123,49087,149,60984,California
Madera,2021-05-24,301,105855,135,51179,125,50650,41,4026,117,11872,183,49270,158,61142,California
Madera,2021-05-25,382,106237,168,51347,181,50831,33,4059,154,11833,226,49496,187,61329,California
Madera,2021-05-26,444,106681,259,51606,163,50994,22,4081,237,11888,204,49700,259,61588,California
Madera,2021-05-27,378,107059,136,51742,204,51198,38,4119,137,11826,237,49937,175,61763,California
Madera,2021-05-28,450,107509,173,51915,249,51447,28,4147,180,11766,268,50205,208,61971,California
Madera,2021-05-29,306,107815,215,52130,73,51520,18,4165,167,11812,139,50344,185,62156,California
Madera,2021-05-30,61,107876,27,52157,30,51550,4,4169,28,11812,32,50376,32,62188,California
Madera,2021-05-31,26,107902,9,52166,13,51563,4,4173,12,11814,14,50390,16,62204,California
Madera,2021-06-01,292,108194,148,52314,121,51684,23,4196,111,11769,179,50569,134,62338,California
Madera,2021-06-02,397,108591,127,52441,247,51931,23,4219,120,11636,276,50845,143,62481,California
Madera,2021-06-03,280,108871,149,52590,116,52047,15,4234,91,11553,189,51034,106,62587,California
Madera,2021-06-04,381,109252,244,52834,126,52173,11,4245,151,11486,229,51263,162,62749,California
Madera,2021-06-05,512,109764,385,53219,114,52287,13,4258,147,11286,360,51623,160,62909,California
Madera,2021-06-06,134,109898,114,53333,13,52300,7,4265,38,11235,96,51719,45,62954,California
Madera,2021-06-07,252,110150,157,53490,74,52374,21,4286,46,11096,206,51925,67,63021,California
Madera,2021-06-08,387,110537,273,53763,93,52467,21,4307,99,10928,288,52213,120,63141,California
Madera,2021-06-09,374,110911,237,54000,110,52577,27,4334,142,10866,231,52444,169,63310,California
Madera,2021-06-10,341,111252,196,54196,129,52706,16,4350,116,10775,223,52667,132,63442,California
Madera,2021-06-11,380,111632,220,54416,128,52834,32,4382,169,10764,210,52877,199,63641,California
Madera,2021-06-12,578,112210,508,54924,54,52888,16,4398,95,10392,483,53360,111,63752,California
Madera,2021-06-13,190,112400,156,55080,29,52917,5,4403,53,10314,136,53496,58,63810,California
Madera,2021-06-14,223,112623,160,55240,41,52958,22,4425,87,10290,133,53629,109,63919,California
Madera,2021-06-15,360,112983,249,55489,78,53036,33,4458,154,10273,204,53833,187,64106,California
Madera,2021-06-16,321,113304,246,55735,61,53097,14,4472,117,10204,200,54033,131,64237,California
Madera,2021-06-17,256,113560,125,55860,121,53218,10,4482,97,10153,158,54191,107,64344,California
Madera,2021-06-18,263,113823,167,56027,73,53291,23,4505,114,10141,148,54339,136,64480,California
Madera,2021-06-19,176,113999,150,56177,20,53311,6,4511,49,10069,127,54466,55,64535,California
Marin,2020-12-15,2,2,2,2,0,0,0,0,2,2,0,0,2,2,California
Marin,2020-12-16,109,111,109,111,0,0,0,0,109,111,0,0,109,111,California
Marin,2020-12-17,270,381,270,381,0,0,0,0,270,381,0,0,270,381,California
Marin,2020-12-18,387,768,387,768,0,0,0,0,387,768,0,0,387,768,California
Marin,2020-12-19,346,1114,345,1113,1,1,0,0,346,1114,0,0,346,1114,California
Marin,2020-12-20,166,1280,165,1278,1,2,0,0,166,1280,0,0,166,1280,California
Marin,2020-12-21,237,1517,234,1512,3,5,0,0,237,1517,0,0,237,1517,California
Marin,2020-12-22,519,2036,314,1826,205,210,0,0,519,2036,0,0,519,2036,California
Marin,2020-12-23,725,2761,314,2140,411,621,0,0,725,2761,0,0,725,2761,California
Marin,2020-12-24,355,3116,158,2298,197,818,0,0,355,3116,0,0,355,3116,California
Marin,2020-12-25,26,3142,0,2298,26,844,0,0,26,3142,0,0,26,3142,California
Marin,2020-12-26,144,3286,95,2393,49,893,0,0,144,3286,0,0,144,3286,California
Marin,2020-12-27,90,3376,54,2447,36,929,0,0,90,3376,0,0,90,3376,California
Marin,2020-12-28,407,3783,97,2544,310,1239,0,0,407,3783,0,0,407,3783,California
Marin,2020-12-29,399,4182,88,2632,311,1550,0,0,399,4182,0,0,399,4182,California
Marin,2020-12-30,629,4811,390,3022,239,1789,0,0,629,4811,0,0,629,4811,California
Marin,2020-12-31,201,5012,35,3057,166,1955,0,0,200,5010,1,1,200,5011,California
Marin,2021-01-01,29,5041,14,3071,15,1970,0,0,29,5039,0,1,29,5040,California
Marin,2021-01-02,111,5152,105,3176,6,1976,0,0,111,5150,0,1,111,5151,California
Marin,2021-01-03,49,5201,31,3207,18,1994,0,0,45,5195,0,1,45,5196,California
Marin,2021-01-04,296,5497,193,3400,103,2097,0,0,295,5489,1,2,295,5491,California
Marin,2021-01-05,365,5862,217,3617,148,2245,0,0,322,5768,43,45,322,5813,California
Marin,2021-01-06,819,6681,317,3934,502,2747,0,0,638,6225,181,226,638,6451,California
Marin,2021-01-07,883,7564,494,4428,389,3136,0,0,529,6400,354,580,529,6980,California
Marin,2021-01-08,966,8530,511,4939,455,3591,0,0,582,6599,383,963,582,7562,California
Marin,2021-01-09,622,9152,221,5160,401,3992,0,0,493,6963,129,1092,493,8055,California
Marin,2021-01-10,132,9284,103,5263,29,4021,0,0,57,6945,75,1167,57,8112,California
Marin,2021-01-11,470,9754,326,5589,144,4165,0,0,248,6973,222,1389,250,8362,California
Marin,2021-01-12,932,10686,538,6127,394,4559,0,0,566,7177,362,1751,566,8928,California
Marin,2021-01-13,1170,11856,493,6620,677,5236,0,0,937,7881,233,1984,937,9865,California
Marin,2021-01-14,1064,12920,316,6936,748,5984,0,0,914,8647,148,2132,914,10779,California
Marin,2021-01-15,1160,14080,351,7287,809,6793,0,0,1031,9552,128,2260,1033,11812,California
Marin,2021-01-16,1122,15202,915,8202,207,7000,0,0,1046,10522,76,2336,1046,12858,California
Marin,2021-01-17,1233,16435,1114,9316,119,7119,0,0,1204,11701,28,2364,1207,14065,California
Marin,2021-01-18,361,16796,159,9475,202,7321,0,0,312,11964,49,2413,312,14377,California
Marin,2021-01-19,1155,17951,911,10386,244,7565,0,0,982,12774,172,2585,982,15359,California
Marin,2021-01-20,1797,19748,1209,11595,588,8153,0,0,1066,13122,719,3304,1067,16426,California
Marin,2021-01-21,1681,21429,1063,12658,618,8771,0,0,1324,14095,354,3658,1327,17753,California
Marin,2021-01-22,1713,23142,1095,13753,618,9389,0,0,1541,15466,172,3830,1543,19296,California
Marin,2021-01-23,1856,24998,1354,15107,502,9891,0,0,1770,17150,86,3916,1770,21066,California
Marin,2021-01-24,614,25612,165,15272,449,10340,0,0,582,17700,32,3948,582,21648,California
Marin,2021-01-25,1122,26734,229,15501,893,11233,0,0,686,17951,436,4384,687,22335,California
Marin,2021-01-26,1523,28257,780,16281,743,11976,0,0,1142,18713,380,4764,1142,23477,California
Marin,2021-01-27,1720,29977,890,17171,830,12806,0,0,1355,19706,363,5127,1356,24833,California
Marin,2021-01-28,2081,32058,1068,18239,1013,13819,0,0,1817,21261,263,5390,1818,26651,California
Marin,2021-01-29,2208,34266,1437,19676,771,14590,0,0,2011,23088,185,5575,2012,28663,California
Marin,2021-01-30,1720,35986,908,20584,812,15402,0,0,1642,24653,78,5653,1643,30306,California
Marin,2021-01-31,460,36446,324,20908,136,15538,0,0,433,25059,27,5680,433,30739,California
Marin,2021-02-01,1095,37541,416,21324,679,16217,0,0,896,25758,198,5878,897,31636,California
Marin,2021-02-02,1412,38953,493,21817,919,17136,0,0,747,25852,654,6532,748,32384,California
Marin,2021-02-03,1783,40736,421,22238,1362,18498,0,0,1277,26625,504,7036,1277,33661,California
Marin,2021-02-04,1523,42259,500,22738,1023,19521,0,0,924,26954,595,7631,924,34585,California
Marin,2021-02-05,2167,44426,672,23410,1495,21016,0,0,1331,27453,832,8463,1331,35916,California
Marin,2021-02-06,1428,45854,846,24256,582,21598,0,0,603,27232,824,9287,603,36519,California
Marin,2021-02-07,1290,47144,1006,25262,284,21882,0,0,489,26921,800,10087,489,37008,California
Marin,2021-02-08,1531,48675,752,26014,779,22661,0,0,730,26853,798,10885,730,37738,California
Marin,2021-02-09,1784,50459,1125,27139,659,23320,0,0,837,26743,947,11832,837,38575,California
Marin,2021-02-10,2335,52794,1491,28630,844,24164,0,0,1214,26839,1119,12951,1215,39790,California
Marin,2021-02-11,2864,55658,1638,30268,1226,25390,0,0,1444,26871,1415,14366,1447,41237,California
Marin,2021-02-12,3055,58713,1533,31801,1522,26912,0,0,1549,26918,1503,15869,1550,42787,California
Marin,2021-02-13,2323,61036,1243,33044,1080,27992,0,0,1119,26835,1202,17071,1119,43906,California
Marin,2021-02-14,815,61851,302,33346,513,28505,0,0,722,27465,93,17164,723,44629,California
Marin,2021-02-15,1216,63067,354,33700,862,29367,0,0,838,27926,378,17542,839,45468,California
Marin,2021-02-16,2470,65537,1052,34752,1418,30785,0,0,1504,28465,965,18507,1504,46972,California
Marin,2021-02-17,2097,67634,938,35690,1159,31944,0,0,1081,28532,1014,19521,1081,48053,California
Marin,2021-02-18,2412,70046,1587,37277,825,32769,0,0,1056,28235,1353,20874,1056,49109,California
Marin,2021-02-19,2787,72833,2177,39454,610,33379,0,0,1236,27935,1537,22411,1237,50346,California
Marin,2021-02-20,2623,75456,2156,41610,467,33846,0,0,1254,27830,1361,23772,1256,51602,California
Marin,2021-02-21,1330,76786,1131,42741,199,34045,0,0,947,28398,379,24151,947,52549,California
Marin,2021-02-22,1854,78640,1425,44166,429,34474,0,0,1226,28999,625,24776,1226,53775,California
Marin,2021-02-23,2898,81538,1668,45834,1230,35704,0,0,1940,29995,945,25721,1941,55716,California
Marin,2021-02-24,3538,85076,1637,47471,1901,37605,0,0,2270,31006,1260,26981,2271,57987,California
Marin,2021-02-25,4082,89158,1928,49399,2154,39759,0,0,2885,32705,1188,28169,2887,60874,California
Marin,2021-02-26,3664,92822,1996,51395,1668,41427,0,0,2643,34340,1009,29178,2644,63518,California
Marin,2021-02-27,2735,95557,1613,53008,1122,42549,0,0,1893,35398,837,30015,1895,65413,California
Marin,2021-02-28,1646,97203,923,53931,723,43272,0,0,1302,36359,341,30356,1302,66715,California
Marin,2021-03-01,2684,99887,1669,55600,1014,44286,1,1,1810,37306,864,31220,1811,68526,California
Marin,2021-03-02,2521,102408,1692,57292,829,45115,0,1,1722,38234,795,32015,1723,70249,California
Marin,2021-03-03,4366,106774,2430,59722,1932,47047,4,5,2826,39530,1534,33549,2830,73079,California
Marin,2021-03-04,3392,110166,1661,61383,1730,48777,1,6,2377,40903,1008,34557,2381,75460,California
Marin,2021-03-05,3061,113227,1166,62549,1883,50660,12,18,1796,41451,1260,35817,1808,77268,California
Marin,2021-03-06,3236,116463,2325,64874,835,51495,76,94,2661,43619,570,36387,2738,80006,California
Marin,2021-03-07,1390,117853,1173,66047,193,51688,24,118,993,44244,392,36779,1017,81023,California
Marin,2021-03-08,1886,119739,1386,67433,384,52072,116,234,1410,45298,472,37251,1526,82549,California
Marin,2021-03-09,2223,121962,1341,68774,771,52843,111,345,1544,46275,676,37927,1653,84202,California
Marin,2021-03-10,4475,126437,2517,71291,1663,54506,295,640,3231,48563,1239,39166,3527,87729,California
Marin,2021-03-11,4594,131031,1884,73175,2576,57082,134,774,3295,50700,1292,40458,3429,91158,California
Marin,2021-03-12,3974,135005,1548,74723,2076,59158,350,1124,1562,50211,2401,42859,1912,93070,California
Marin,2021-03-13,4100,139105,2870,77593,1160,60318,70,1194,2384,50948,1712,44571,2449,95519,California
Marin,2021-03-14,2293,141398,1105,78698,1071,61389,117,1311,706,50184,1585,46156,821,96340,California
Marin,2021-03-15,3241,144639,1773,80471,1420,62809,48,1359,1202,49407,2027,48183,1250,97590,California
Marin,2021-03-16,4293,148932,2317,82788,1610,64419,366,1725,1454,48390,2835,51018,1818,99408,California
Marin,2021-03-17,4204,153136,2285,85073,1870,66289,49,1774,2048,48342,2144,53162,2096,101504,California
Marin,2021-03-18,4479,157615,2262,87335,2142,68431,75,1849,2124,48201,2337,55499,2196,103700,California
Marin,2021-03-19,4477,162092,2287,89622,1969,70400,221,2070,2329,48611,2137,57636,2547,106247,California
Marin,2021-03-20,3594,165686,1992,91614,1489,71889,113,2183,1929,48999,1655,59291,2043,108290,California
Marin,2021-03-21,1536,167222,1138,92752,376,72265,22,2205,793,49074,740,60031,815,109105,California
Marin,2021-03-22,2478,169700,2145,94897,169,72434,164,2369,894,48554,1578,61609,1058,110163,California
Marin,2021-03-23,4254,173954,2201,97098,1923,74357,130,2499,1867,48172,2379,63988,1997,112160,California
Marin,2021-03-24,4460,178414,2911,100009,1438,75795,111,2610,1807,47448,2640,66628,1916,114076,California
Marin,2021-03-25,4659,183073,2843,102852,1743,77538,73,2683,2253,47380,2392,69020,2324,116400,California
Marin,2021-03-26,4312,187385,2346,105198,1752,79290,214,2897,2403,48104,1893,70913,2617,119017,California
Marin,2021-03-27,3701,191086,2665,107863,1019,80309,17,2914,1134,46697,2557,73470,1150,120167,California
Marin,2021-03-28,2386,193472,1722,109585,658,80967,6,2920,835,45994,1544,75014,841,121008,California
Marin,2021-03-29,2687,196159,2098,111683,564,81531,25,2945,1138,45611,1546,76560,1163,122171,California
Marin,2021-03-30,4658,200817,3650,115333,975,82506,33,2978,2952,46892,1704,78264,2985,125156,California
Marin,2021-03-31,5851,206668,4149,119482,1652,84158,50,3028,2550,46203,3289,81553,2600,127756,California
Marin,2021-04-01,4452,211120,2284,121766,1915,86073,253,3281,2111,46237,2329,83882,2363,130119,California
Marin,2021-04-02,3736,214856,1861,123627,1505,87578,370,3651,1998,46867,1730,85612,2360,132479,California
Marin,2021-04-03,3859,218715,2514,126141,968,88546,377,4028,1460,46319,2387,87999,1839,134318,California
Marin,2021-04-04,1643,220358,1239,127380,203,88749,201,4229,1199,47277,442,88441,1400,135718,California
Marin,2021-04-05,2205,222563,1536,128916,295,89044,374,4603,1269,47987,931,89372,1641,137359,California
Marin,2021-04-06,3973,226536,2108,131024,1309,90353,556,5159,2209,48992,1758,91130,2763,140122,California
Marin,2021-04-07,3959,230495,1990,133014,1324,91677,645,5804,1431,48550,2518,93648,2076,142198,California
Marin,2021-04-08,5062,235557,1975,134989,2478,94155,609,6413,2308,48715,2742,96390,2907,145105,California
Marin,2021-04-09,3997,239554,1561,136550,1703,95858,733,7146,1321,48095,2671,99061,2051,147156,California
Marin,2021-04-10,3217,242771,1486,138036,1298,97156,433,7579,1450,48222,1752,100813,1879,149035,California
Marin,2021-04-11,1059,243830,808,138844,89,97245,162,7741,474,48274,583,101396,635,149670,California
Marin,2021-04-12,1732,245562,1235,140079,337,97582,160,7901,918,48542,811,102207,1079,150749,California
Marin,2021-04-13,3761,249323,2303,142382,1451,99033,7,7908,1389,47577,2361,104568,1396,152145,California
Marin,2021-04-14,4235,253558,2542,144924,1690,100723,3,7911,1733,46834,2477,107045,1734,153879,California
Marin,2021-04-15,5640,259198,3990,148914,1650,102373,0,7911,3237,47688,2389,109434,3243,157122,California
Marin,2021-04-16,4295,263493,2250,151164,2042,104415,3,7914,2092,47607,2187,111621,2106,159228,California
Marin,2021-04-17,3570,267063,2173,153337,1397,105812,0,7914,1782,47617,1782,113403,1792,161020,California
Marin,2021-04-18,3189,270252,3098,156435,91,105903,0,7914,2553,49544,633,114036,2560,163580,California
Marin,2021-04-19,2048,272300,1881,158316,167,106070,0,7914,1159,49827,884,114920,1167,164747,California
Marin,2021-04-20,3688,275988,2548,160864,1140,107210,0,7914,1465,49078,2215,117135,1466,166213,California
Marin,2021-04-21,4008,279996,2943,163807,1062,108272,3,7917,1353,47794,2638,119773,1354,167567,California
Marin,2021-04-22,4226,284222,3221,167028,1005,109277,0,7917,1486,46555,2729,122502,1490,169057,California
Marin,2021-04-23,3209,287431,1802,168830,1407,110684,0,7917,1216,45792,1980,124482,1217,170274,California
Marin,2021-04-24,2508,289939,1679,170509,829,111513,0,7917,914,45124,1582,126064,914,171188,California
Marin,2021-04-25,1375,291314,1261,171770,114,111627,0,7917,303,44364,1063,127127,303,171491,California
Marin,2021-04-26,1614,292928,1389,173159,222,111849,3,7920,386,43529,1225,128352,390,171881,California
Marin,2021-04-27,3039,295967,2197,175356,792,112641,50,7970,979,42503,2051,130403,1025,172906,California
Marin,2021-04-28,2305,298272,1585,176941,668,113309,52,8022,731,41713,1572,131975,782,173688,California
Marin,2021-04-29,2889,301161,1977,178918,850,114159,62,8084,795,40488,2083,134058,858,174546,California
Marin,2021-04-30,1954,303115,1275,180193,592,114751,87,8171,694,40018,1251,135309,781,175327,California
Marin,2021-05-01,1837,304952,1021,181214,793,115544,23,8194,545,39301,1284,136593,567,175894,California
Marin,2021-05-02,726,305678,584,181798,113,115657,29,8223,198,39005,522,137115,226,176120,California
Marin,2021-05-03,1206,306884,983,182781,166,115823,57,8280,253,38365,949,138064,309,176429,California
Marin,2021-05-04,2940,309824,1969,184750,879,116702,92,8372,479,36483,2453,140517,571,177000,California
Marin,2021-05-05,2732,312556,2006,186756,601,117303,125,8497,440,34762,2285,142802,564,177564,California
Marin,2021-05-06,3262,315818,2532,189288,642,117945,88,8585,427,32448,2826,145628,512,178076,California
Marin,2021-05-07,2034,317852,1540,190828,408,118353,86,8671,378,31260,1649,147277,461,178537,California
Marin,2021-05-08,2469,320321,1862,192690,485,118838,122,8793,341,29603,2120,149397,463,179000,California
Marin,2021-05-09,981,321302,897,193587,65,118903,19,8812,118,28881,860,150257,138,179138,California
Marin,2021-05-10,1403,322705,1148,194735,185,119088,70,8882,202,27956,1196,151453,271,179409,California
Marin,2021-05-11,2306,325011,1840,196575,410,119498,56,8938,294,26295,2010,153463,349,179758,California
Marin,2021-05-12,1427,326438,1047,197622,311,119809,69,9007,288,25516,1134,154597,355,180113,California
Marin,2021-05-13,2595,329033,2248,199870,293,120102,54,9061,1408,25797,1180,155777,1461,181574,California
Marin,2021-05-14,2199,331232,1449,201319,651,120753,99,9160,878,25458,1315,157092,976,182550,California
Marin,2021-05-15,2728,333960,2262,203581,386,121139,80,9240,1657,26125,1070,158162,1737,184287,California
Marin,2021-05-16,1644,335604,1591,205172,48,121187,5,9245,1332,27152,310,158472,1337,185624,California
Marin,2021-05-17,2130,337734,1982,207154,105,121292,43,9288,1703,28478,420,158892,1746,187370,California
Marin,2021-05-18,1526,339260,1184,208338,286,121578,56,9344,796,28604,724,159616,850,188220,California
Marin,2021-05-19,1536,340796,1242,209580,224,121802,70,9414,779,28700,751,160367,847,189067,California
Marin,2021-05-20,1811,342607,1486,211066,240,122042,85,9499,753,28489,1050,161417,839,189906,California
Marin,2021-05-21,1441,344048,840,211906,552,122594,49,9548,435,27974,999,162416,484,190390,California
Marin,2021-05-22,1421,345469,1078,212984,285,122879,58,9606,958,28530,460,162876,1016,191406,California
Marin,2021-05-23,474,345943,420,213404,42,122921,12,9618,221,28513,251,163127,234,191640,California
Marin,2021-05-24,641,346584,490,213894,110,123031,41,9659,352,28619,286,163413,392,192032,California
Marin,2021-05-25,994,347578,625,214519,323,123354,46,9705,312,28301,674,164087,356,192388,California
Marin,2021-05-26,705,348283,481,215000,175,123529,49,9754,259,28167,442,164529,308,192696,California
Marin,2021-05-27,1028,349311,662,215662,287,123816,79,9833,344,27908,682,165211,423,193119,California
Marin,2021-05-28,1096,350407,714,216376,303,124119,79,9912,324,27541,768,165979,401,193520,California
Marin,2021-05-29,373,350780,215,216591,148,124267,10,9922,213,27604,160,166139,223,193743,California
Marin,2021-05-30,100,350880,59,216650,36,124303,5,9927,58,27626,41,166180,63,193806,California
Marin,2021-05-31,27,350907,13,216663,13,124316,1,9928,14,27628,13,166193,15,193821,California
Marin,2021-06-01,753,351660,547,217210,161,124477,45,9973,325,27571,426,166619,369,194190,California
Marin,2021-06-02,624,352284,476,217686,96,124573,52,10025,217,27435,403,167022,267,194457,California
Marin,2021-06-03,1491,353775,1321,219007,112,124685,58,10083,237,26479,1251,168273,295,194752,California
Marin,2021-06-04,1016,354791,858,219865,126,124811,32,10115,184,25865,830,169103,216,194968,California
Marin,2021-06-05,1923,356714,1707,221572,168,124979,48,10163,320,24637,1596,170699,368,195336,California
Marin,2021-06-06,1404,358118,1355,222927,15,124994,34,10197,200,23668,1203,171902,234,195570,California
Marin,2021-06-07,1940,360058,1822,224749,68,125062,50,10247,249,22280,1686,173588,298,195868,California
Marin,2021-06-08,980,361038,871,225620,68,125130,41,10288,234,21816,739,174327,275,196143,California
Marin,2021-06-09,743,361781,669,226289,65,125195,9,10297,137,21357,605,174932,146,196289,California
Marin,2021-06-10,882,362663,774,227063,60,125255,48,10345,181,20889,697,175629,229,196518,California
Marin,2021-06-11,680,363343,577,227640,71,125326,32,10377,143,20527,537,176166,175,196693,California
Marin,2021-06-12,921,364264,790,228430,90,125416,41,10418,155,19960,763,176929,196,196889,California
Marin,2021-06-13,413,364677,381,228811,20,125436,12,10430,67,19696,343,177272,79,196968,California
Marin,2021-06-14,870,365547,742,229553,80,125516,48,10478,216,19308,650,177922,262,197230,California
Marin,2021-06-15,540,366087,430,229983,85,125601,25,10503,171,19136,368,178290,196,197426,California
Marin,2021-06-16,481,366568,401,230384,37,125638,43,10546,159,19020,317,178607,201,197627,California
Marin,2021-06-17,545,367113,469,230853,45,125683,31,10577,185,18876,359,178966,215,197842,California
Marin,2021-06-18,452,367565,356,231209,66,125749,30,10607,159,18777,286,179252,187,198029,California
Marin,2021-06-19,198,367763,170,231379,6,125755,22,10629,71,18743,126,179378,92,198121,California
Mariposa,2020-12-17,37,37,37,37,0,0,0,0,39,39,0,0,39,39,California
Mariposa,2020-12-18,55,92,55,92,0,0,0,0,56,95,0,0,56,95,California
Mariposa,2020-12-20,2,94,2,94,0,0,0,0,2,97,0,0,2,97,California
Mariposa,2020-12-21,48,142,48,142,0,0,0,0,52,149,0,0,52,149,California
Mariposa,2020-12-22,6,148,6,148,0,0,0,0,6,155,0,0,6,155,California
Mariposa,2020-12-23,17,165,17,165,0,0,0,0,17,172,0,0,17,172,California
Mariposa,2020-12-24,1,166,0,165,1,1,0,0,0,172,1,1,1,173,California
Mariposa,2020-12-26,1,167,1,166,0,1,0,0,1,173,0,1,1,174,California
Mariposa,2020-12-27,1,168,0,166,1,2,0,0,1,174,0,1,1,175,California
Mariposa,2020-12-28,6,174,3,169,3,5,0,0,6,180,0,1,6,181,California
Mariposa,2020-12-29,33,207,3,172,30,35,0,0,33,213,0,1,33,214,California
Mariposa,2020-12-30,26,233,4,176,22,57,0,0,26,239,0,1,26,240,California
Mariposa,2020-12-31,17,250,0,176,17,74,0,0,17,256,0,1,17,257,California
Mariposa,2021-01-02,1,251,1,177,0,74,0,0,1,257,0,1,1,258,California
Mariposa,2021-01-04,11,262,2,179,9,83,0,0,11,268,0,1,11,269,California
Mariposa,2021-01-05,25,287,15,194,10,93,0,0,15,273,10,11,15,284,California
Mariposa,2021-01-06,8,295,5,199,3,96,0,0,5,275,3,14,5,289,California
Mariposa,2021-01-07,50,345,45,244,5,101,0,0,5,235,45,59,5,294,California
Mariposa,2021-01-08,108,453,78,322,30,131,0,0,34,195,74,133,34,328,California
Mariposa,2021-01-11,32,485,10,332,22,153,0,0,24,211,8,141,24,352,California
Mariposa,2021-01-12,19,504,4,336,15,168,0,0,15,222,4,145,15,367,California
Mariposa,2021-01-13,22,526,5,341,17,185,0,0,18,236,4,149,18,385,California
Mariposa,2021-01-14,75,601,7,348,68,253,0,0,69,299,6,155,69,454,California
Mariposa,2021-01-15,68,669,27,375,41,294,0,0,58,347,10,165,58,512,California
Mariposa,2021-01-16,14,683,2,377,12,306,0,0,13,359,1,166,13,525,California
Mariposa,2021-01-17,6,689,1,378,5,311,0,0,5,363,1,167,5,530,California
Mariposa,2021-01-18,6,695,5,383,1,312,0,0,4,365,2,169,4,534,California
Mariposa,2021-01-19,7,702,4,387,3,315,0,0,4,367,2,171,4,538,California
Mariposa,2021-01-20,23,725,1,388,22,337,0,0,22,388,1,172,22,560,California
Mariposa,2021-01-21,66,791,8,396,58,395,0,0,62,446,4,176,62,622,California
Mariposa,2021-01-22,57,848,4,400,53,448,0,0,57,503,0,176,57,679,California
Mariposa,2021-01-23,116,964,2,402,114,562,0,0,114,615,2,178,114,793,California
Mariposa,2021-01-24,2,966,2,404,0,562,0,0,2,617,0,178,2,795,California
Mariposa,2021-01-25,4,970,1,405,3,565,0,0,0,613,4,182,0,795,California
Mariposa,2021-01-26,40,1010,5,410,35,600,0,0,6,590,34,216,11,806,California
Mariposa,2021-01-27,26,1036,2,412,24,624,0,0,11,587,14,230,11,817,California
Mariposa,2021-01-28,127,1163,3,415,124,748,0,0,114,689,12,242,114,931,California
Mariposa,2021-01-29,84,1247,22,437,62,810,0,0,83,771,1,243,83,1014,California
Mariposa,2021-01-30,10,1257,1,438,9,819,0,0,9,779,1,244,9,1023,California
Mariposa,2021-02-01,91,1348,32,470,59,878,0,0,69,826,22,266,69,1092,California
Mariposa,2021-02-02,15,1363,3,473,12,890,0,0,9,829,6,272,9,1101,California
Mariposa,2021-02-03,22,1385,1,474,21,911,0,0,13,834,8,280,13,1114,California
Mariposa,2021-02-04,98,1483,8,482,90,1001,0,0,93,924,4,284,94,1208,California
Mariposa,2021-02-05,192,1675,5,487,187,1188,0,0,166,1064,26,310,166,1374,California
Mariposa,2021-02-06,11,1686,4,491,7,1195,0,0,10,1073,1,311,10,1384,California
Mariposa,2021-02-07,1,1687,0,491,1,1196,0,0,1,1074,0,311,1,1385,California
Mariposa,2021-02-08,42,1729,3,494,39,1235,0,0,22,1076,20,331,22,1407,California
Mariposa,2021-02-09,41,1770,24,518,17,1252,0,0,35,1105,6,337,35,1442,California
Mariposa,2021-02-10,30,1800,4,522,26,1278,0,0,18,1118,11,348,24,1466,California
Mariposa,2021-02-11,376,2176,5,527,371,1649,0,0,361,1467,15,363,364,1830,California
Mariposa,2021-02-12,186,2362,9,536,177,1826,0,0,140,1561,46,409,140,1970,California
Mariposa,2021-02-13,11,2373,3,539,8,1834,0,0,9,1568,2,411,9,1979,California
Mariposa,2021-02-14,12,2385,4,543,8,1842,0,0,6,1568,6,417,6,1985,California
Mariposa,2021-02-15,9,2394,3,546,6,1848,0,0,7,1573,2,419,7,1992,California
Mariposa,2021-02-16,58,2452,35,581,23,1871,0,0,35,1585,23,442,35,2027,California
Mariposa,2021-02-17,35,2487,8,589,27,1898,0,0,27,1606,7,449,28,2055,California
Mariposa,2021-02-18,60,2547,7,596,53,1951,0,0,23,1592,37,486,23,2078,California
Mariposa,2021-02-19,82,2629,3,599,79,2030,0,0,76,1662,6,492,76,2154,California
Mariposa,2021-02-20,259,2888,6,605,253,2283,0,0,227,1859,30,522,227,2381,California
Mariposa,2021-02-21,244,3132,5,610,239,2522,0,0,241,2098,2,524,241,2622,California
Mariposa,2021-02-22,25,3157,10,620,15,2537,0,0,21,2115,4,528,21,2643,California
Mariposa,2021-02-23,45,3202,38,658,7,2544,0,0,26,2122,19,547,26,2669,California
Mariposa,2021-02-24,21,3223,3,661,18,2562,0,0,8,2118,12,559,8,2677,California
Mariposa,2021-02-25,18,3241,9,670,9,2571,0,0,12,2124,6,565,12,2689,California
Mariposa,2021-02-26,431,3672,7,677,424,2995,0,0,370,2434,61,626,371,3060,California
Mariposa,2021-02-27,177,3849,5,682,172,3167,0,0,165,2587,12,638,165,3225,California
Mariposa,2021-02-28,1,3850,1,683,0,3167,0,0,0,2586,1,639,0,3225,California
Mariposa,2021-03-01,82,3932,26,709,56,3223,0,0,16,2537,65,704,16,3241,California
Mariposa,2021-03-02,19,3951,12,721,7,3230,0,0,11,2541,7,711,11,3252,California
Mariposa,2021-03-03,71,4022,5,726,66,3296,0,0,66,2603,5,716,67,3319,California
Mariposa,2021-03-04,41,4063,10,736,31,3327,0,0,20,2603,21,737,21,3340,California
Mariposa,2021-03-05,57,4120,8,744,49,3376,0,0,39,2630,18,755,45,3385,California
Mariposa,2021-03-06,18,4138,8,752,10,3386,0,0,8,2629,10,765,9,3394,California
Mariposa,2021-03-07,1,4139,1,753,0,3386,0,0,0,2628,1,766,0,3394,California
Mariposa,2021-03-08,41,4180,4,757,26,3412,11,11,11,2620,30,796,22,3416,California
Mariposa,2021-03-09,43,4223,17,774,16,3428,10,21,15,2617,28,824,25,3441,California
Mariposa,2021-03-10,33,4256,9,783,14,3442,10,31,10,2614,23,847,20,3461,California
Mariposa,2021-03-11,472,4728,7,790,445,3887,20,51,228,2622,243,1090,251,3712,California
Mariposa,2021-03-12,257,4985,8,798,223,4110,26,77,119,2628,138,1228,144,3856,California
Mariposa,2021-03-13,34,5019,8,806,11,4121,15,92,11,2630,23,1251,25,3881,California
Mariposa,2021-03-14,17,5036,2,808,4,4125,11,103,2,2628,15,1266,13,3894,California
Mariposa,2021-03-15,77,5113,8,816,31,4156,38,141,31,2651,46,1312,69,3963,California
Mariposa,2021-03-16,84,5197,34,850,15,4171,35,176,25,2652,59,1371,60,4023,California
Mariposa,2021-03-17,72,5269,9,859,55,4226,8,184,52,2692,19,1390,59,4082,California
Mariposa,2021-03-18,68,5337,15,874,44,4270,9,193,40,2713,28,1418,49,4131,California
Mariposa,2021-03-19,344,5681,12,886,325,4595,7,200,304,2985,40,1458,312,4443,California
Mariposa,2021-03-20,429,6110,4,890,423,5018,2,202,46,2651,383,1841,49,4492,California
Mariposa,2021-03-21,16,6126,8,898,7,5025,1,203,9,2655,6,1847,10,4502,California
Mariposa,2021-03-22,41,6167,10,908,23,5048,8,211,28,2680,13,1860,38,4540,California
Mariposa,2021-03-23,54,6221,34,942,10,5058,10,221,33,2702,21,1881,43,4583,California
Mariposa,2021-03-24,56,6277,5,947,49,5107,2,223,51,2750,5,1886,53,4636,California
Mariposa,2021-03-25,76,6353,15,962,53,5160,8,231,53,2790,21,1907,61,4697,California
Mariposa,2021-03-26,498,6851,9,971,488,5648,1,232,253,2799,245,2152,254,4951,California
Mariposa,2021-03-27,239,7090,10,981,229,5877,0,232,98,2758,141,2293,100,5051,California
Mariposa,2021-03-28,5,7095,0,981,2,5879,3,235,1,2758,4,2297,4,5055,California
Mariposa,2021-03-29,18,7113,5,986,13,5892,0,235,11,2762,7,2304,11,5066,California
Mariposa,2021-03-30,36,7149,13,999,7,5899,16,251,13,2768,23,2327,29,5095,California
Mariposa,2021-03-31,91,7240,16,1015,68,5967,7,258,69,2822,22,2349,76,5171,California
Mariposa,2021-04-01,55,7295,12,1027,35,6002,8,266,35,2845,20,2369,43,5214,California
Mariposa,2021-04-02,354,7649,14,1041,337,6339,3,269,311,3117,42,2411,314,5528,California
Mariposa,2021-04-03,11,7660,8,1049,3,6342,0,269,6,3118,5,2416,6,5534,California
Mariposa,2021-04-04,2,7662,1,1050,0,6342,1,270,0,3117,2,2418,1,5535,California
Mariposa,2021-04-05,35,7697,22,1072,9,6351,4,274,16,3118,19,2437,20,5555,California
Mariposa,2021-04-06,45,7742,20,1092,9,6360,16,290,14,3118,30,2467,30,5585,California
Mariposa,2021-04-07,99,7841,7,1099,73,6433,19,309,29,3096,70,2537,48,5633,California
Mariposa,2021-04-08,286,8127,16,1115,251,6684,19,328,148,3128,136,2673,168,5801,California
Mariposa,2021-04-09,39,8166,9,1124,15,6699,15,343,10,3124,29,2702,25,5826,California
Mariposa,2021-04-10,204,8370,6,1130,188,6887,10,353,190,3311,12,2714,199,6025,California
Mariposa,2021-04-11,123,8493,3,1133,118,7005,2,355,58,3307,65,2779,61,6086,California
Mariposa,2021-04-12,42,8535,13,1146,27,7032,2,357,13,3293,29,2808,15,6101,California
Mariposa,2021-04-13,57,8592,49,1195,8,7040,0,357,35,3306,22,2830,35,6136,California
Mariposa,2021-04-14,114,8706,9,1204,105,7145,0,357,58,3309,55,2885,58,6194,California
Mariposa,2021-04-15,62,8768,19,1223,43,7188,0,357,47,3344,12,2897,47,6241,California
Mariposa,2021-04-16,383,9151,12,1235,371,7559,0,357,106,3173,277,3174,106,6347,California
Mariposa,2021-04-17,10,9161,6,1241,4,7563,0,357,7,3177,3,3177,7,6354,California
Mariposa,2021-04-18,7,9168,0,1241,7,7570,0,357,3,3176,4,3181,3,6357,California
Mariposa,2021-04-19,61,9229,28,1269,33,7603,0,357,33,3183,26,3207,33,6390,California
Mariposa,2021-04-20,61,9290,48,1317,13,7616,0,357,38,3200,21,3228,38,6428,California
Mariposa,2021-04-21,91,9381,14,1331,77,7693,0,357,42,3194,48,3276,42,6470,California
Mariposa,2021-04-22,50,9431,10,1341,40,7733,0,357,38,3221,11,3287,38,6508,California
Mariposa,2021-04-23,316,9747,71,1412,245,7978,0,357,144,3195,172,3459,146,6654,California
Mariposa,2021-04-24,110,9857,10,1422,100,8078,0,357,42,3170,67,3526,42,6696,California
Mariposa,2021-04-26,16,9873,11,1433,5,8083,0,357,5,3164,11,3537,5,6701,California
Mariposa,2021-04-27,33,9906,17,1450,14,8097,2,359,15,3166,15,3552,17,6718,California
Mariposa,2021-04-28,75,9981,14,1464,54,8151,7,366,27,3152,48,3600,34,6752,California
Mariposa,2021-04-29,84,10065,12,1476,71,8222,1,367,79,3227,5,3605,80,6832,California
Mariposa,2021-04-30,212,10277,4,1480,203,8425,5,372,62,3144,150,3755,67,6899,California
Mariposa,2021-05-01,5,10282,4,1484,1,8426,0,372,1,3141,4,3759,1,6900,California
Mariposa,2021-05-02,3,10285,2,1486,0,8426,1,373,0,3139,3,3762,1,6901,California
Mariposa,2021-05-03,15,10300,11,1497,3,8429,1,374,6,3137,9,3771,7,6908,California
Mariposa,2021-05-04,52,10352,32,1529,16,8445,4,378,37,3163,15,3786,41,6949,California
Mariposa,2021-05-05,57,10409,9,1538,46,8491,2,380,18,3144,39,3825,20,6969,California
Mariposa,2021-05-06,58,10467,38,1576,15,8506,5,385,39,3169,19,3844,44,7013,California
Mariposa,2021-05-07,28,10495,8,1584,17,8523,3,388,13,3170,15,3859,16,7029,California
Mariposa,2021-05-08,286,10781,9,1593,277,8800,0,388,33,2952,253,4112,35,7064,California
Mariposa,2021-05-09,3,10784,1,1594,2,8802,0,388,0,2949,3,4115,0,7064,California
Mariposa,2021-05-10,20,10804,9,1603,9,8811,2,390,4,2939,16,4131,6,7070,California
Mariposa,2021-05-11,28,10832,17,1620,10,8821,1,391,20,2953,7,4138,21,7091,California
Mariposa,2021-05-12,67,10899,4,1624,58,8879,5,396,6,2903,61,4199,11,7102,California
Mariposa,2021-05-13,49,10948,8,1632,39,8918,2,398,13,2882,36,4235,15,7117,California
Mariposa,2021-05-14,249,11197,121,1753,121,9039,7,405,117,2874,132,4367,124,7241,California
Mariposa,2021-05-15,19,11216,9,1762,8,9047,2,407,11,2880,6,4373,12,7253,California
Mariposa,2021-05-16,3,11219,1,1763,1,9048,1,408,1,2880,2,4375,2,7255,California
Mariposa,2021-05-17,18,11237,7,1770,7,9055,4,412,8,2881,10,4385,11,7266,California
Mariposa,2021-05-18,61,11298,41,1811,15,9070,5,417,44,2914,16,4401,49,7315,California
Mariposa,2021-05-19,70,11368,32,1843,37,9107,1,418,51,2948,18,4419,52,7367,California
Mariposa,2021-05-20,34,11402,18,1861,14,9121,2,420,13,2942,21,4440,15,7382,California
Mariposa,2021-05-21,92,11494,8,1869,82,9203,2,422,42,2938,48,4488,44,7426,California
Mariposa,2021-05-22,48,11542,7,1876,40,9243,1,423,18,2927,30,4518,19,7445,California
Mariposa,2021-05-23,3,11545,2,1878,0,9243,1,424,2,2929,1,4519,3,7448,California
Mariposa,2021-05-24,13,11558,7,1885,4,9247,2,426,8,2934,5,4524,10,7458,California
Mariposa,2021-05-25,27,11585,17,1902,10,9257,0,426,19,2945,8,4532,19,7477,California
Mariposa,2021-05-26,35,11620,4,1906,27,9284,4,430,28,2970,7,4539,32,7509,California
Mariposa,2021-05-27,119,11739,64,1970,55,9339,0,430,62,2975,57,4596,62,7571,California
Mariposa,2021-05-28,64,11803,4,1974,56,9395,4,434,23,2961,41,4637,27,7598,California
Mariposa,2021-05-29,8,11811,2,1976,5,9400,1,435,3,2962,3,4640,4,7602,California
Mariposa,2021-05-30,1,11812,0,1976,0,9400,1,436,0,2962,1,4641,1,7603,California
Mariposa,2021-05-31,2,11814,0,1976,1,9401,1,437,0,2961,2,4643,1,7604,California
Mariposa,2021-06-01,14,11828,3,1979,11,9412,0,437,5,2957,9,4652,5,7609,California
Mariposa,2021-06-02,26,11854,14,1993,7,9419,5,442,6,2949,19,4671,11,7620,California
Mariposa,2021-06-03,20,11874,10,2003,7,9426,3,445,7,2946,13,4684,10,7630,California
Mariposa,2021-06-04,90,11964,79,2082,9,9435,2,447,27,2913,61,4745,28,7658,California
Mariposa,2021-06-05,29,11993,3,2085,24,9459,2,449,7,2901,21,4766,9,7667,California
Mariposa,2021-06-06,4,11997,3,2088,0,9459,1,450,1,2900,3,4769,2,7669,California
Mariposa,2021-06-07,10,12007,5,2093,5,9464,0,450,4,2899,5,4774,4,7673,California
Mariposa,2021-06-08,45,12052,34,2127,10,9474,1,451,14,2883,31,4805,15,7688,California
Mariposa,2021-06-09,28,12080,21,2148,2,9476,5,456,6,2872,22,4827,11,7699,California
Mariposa,2021-06-10,16,12096,8,2156,5,9481,3,459,6,2872,10,4837,10,7709,California
Mariposa,2021-06-11,44,12140,13,2169,23,9504,8,467,10,2856,34,4871,18,7727,California
Mariposa,2021-06-12,17,12157,11,2180,5,9509,1,468,3,2845,14,4885,3,7730,California
Mariposa,2021-06-13,1,12158,0,2180,0,9509,1,469,0,2845,1,4886,1,7731,California
Mariposa,2021-06-14,11,12169,4,2184,6,9515,1,470,5,2845,6,4892,6,7737,California
Mariposa,2021-06-15,24,12193,12,2196,11,9526,1,471,6,2834,18,4910,7,7744,California
Mariposa,2021-06-16,25,12218,12,2208,12,9538,1,472,7,2824,18,4928,8,7752,California
Mariposa,2021-06-17,12,12230,6,2214,6,9544,0,472,4,2820,8,4936,4,7756,California
Mariposa,2021-06-18,62,12292,47,2261,14,9558,1,473,31,2822,30,4966,32,7788,California
Mariposa,2021-06-19,8,12300,1,2262,7,9565,0,473,4,2822,4,4970,4,7792,California
Mendocino,2020-12-17,70,70,70,70,0,0,0,0,70,70,0,0,70,70,California
Mendocino,2020-12-18,84,154,83,153,1,1,0,0,83,153,0,0,83,153,California
Mendocino,2020-12-19,3,157,3,156,0,1,0,0,3,156,0,0,3,156,California
Mendocino,2020-12-20,7,164,7,163,0,1,0,0,7,163,0,0,7,163,California
Mendocino,2020-12-21,239,403,239,402,0,1,0,0,77,240,0,0,77,240,California
Mendocino,2020-12-22,254,657,193,595,61,62,0,0,254,494,0,0,254,494,California
Mendocino,2020-12-23,270,927,47,642,223,285,0,0,269,763,0,0,269,763,California
Mendocino,2020-12-24,48,975,8,650,40,325,0,0,48,811,0,0,48,811,California
Mendocino,2020-12-25,1,976,0,650,1,326,0,0,1,812,0,0,1,812,California
Mendocino,2020-12-26,2,978,2,652,0,326,0,0,2,814,0,0,2,814,California
Mendocino,2020-12-27,1,979,0,652,1,327,0,0,1,815,0,0,1,815,California
Mendocino,2020-12-28,73,1052,8,660,65,392,0,0,73,888,0,0,73,888,California
Mendocino,2020-12-29,119,1171,59,719,60,452,0,0,119,1007,0,0,119,1007,California
Mendocino,2020-12-30,119,1290,66,785,53,505,0,0,119,1126,0,0,119,1126,California
Mendocino,2020-12-31,132,1422,97,882,35,540,0,0,132,1258,0,0,132,1258,California
Mendocino,2021-01-01,10,1432,6,888,4,544,0,0,10,1268,0,0,10,1268,California
Mendocino,2021-01-04,838,2270,18,906,820,1364,0,0,838,2106,0,0,838,2106,California
Mendocino,2021-01-05,73,2343,36,942,37,1401,0,0,60,2153,13,13,60,2166,California
Mendocino,2021-01-06,156,2499,134,1076,22,1423,0,0,147,2291,9,22,147,2313,California
Mendocino,2021-01-07,363,2862,240,1316,123,1546,0,0,300,2528,63,85,300,2613,California
Mendocino,2021-01-08,93,2955,80,1396,13,1559,0,0,40,2516,53,138,41,2654,California
Mendocino,2021-01-09,10,2965,6,1402,4,1563,0,0,8,2522,2,140,8,2662,California
Mendocino,2021-01-10,9,2974,8,1410,1,1564,0,0,2,2517,7,147,2,2664,California
Mendocino,2021-01-11,102,3076,92,1502,10,1574,0,0,44,2504,57,204,44,2708,California
Mendocino,2021-01-12,389,3465,379,1881,10,1584,0,0,271,2657,118,322,271,2979,California
Mendocino,2021-01-13,495,3960,149,2030,346,1930,0,0,450,3065,43,365,451,3430,California
Mendocino,2021-01-14,652,4612,20,2050,632,2562,0,0,643,3699,9,374,643,4073,California
Mendocino,2021-01-15,1873,6485,862,2912,1011,3573,0,0,1870,5567,3,377,1871,5944,California
Mendocino,2021-01-16,793,7278,49,2961,744,4317,0,0,791,6356,2,379,791,6735,California
Mendocino,2021-01-17,557,7835,1,2962,556,4873,0,0,556,6911,1,380,556,7291,California
Mendocino,2021-01-18,486,8321,461,3423,25,4898,0,0,476,7377,10,390,476,7767,California
Mendocino,2021-01-19,330,8651,145,3568,185,5083,0,0,156,7359,174,564,156,7923,California
Mendocino,2021-01-20,557,9208,408,3976,149,5232,0,0,450,7705,105,669,451,8374,California
Mendocino,2021-01-21,537,9745,226,4202,311,5543,0,0,351,7871,185,854,351,8725,California
Mendocino,2021-01-22,152,9897,58,4260,94,5637,0,0,113,7945,39,893,113,8838,California
Mendocino,2021-01-23,157,10054,85,4345,72,5709,0,0,151,8090,6,899,151,8989,California
Mendocino,2021-01-24,4,10058,2,4347,2,5711,0,0,4,8094,0,899,4,8993,California
Mendocino,2021-01-25,192,10250,18,4365,174,5885,0,0,122,8146,70,969,122,9115,California
Mendocino,2021-01-26,152,10402,53,4418,99,5984,0,0,94,8182,58,1027,94,9209,California
Mendocino,2021-01-27,444,10846,373,4791,71,6055,0,0,177,8099,260,1287,177,9386,California
Mendocino,2021-01-28,593,11439,529,5320,64,6119,0,0,497,8501,95,1382,497,9883,California
Mendocino,2021-01-29,391,11830,352,5672,39,6158,0,0,362,8835,29,1411,363,10246,California
Mendocino,2021-01-30,50,11880,32,5704,18,6176,0,0,44,8873,6,1417,44,10290,California
Mendocino,2021-01-31,276,12156,2,5706,274,6450,0,0,4,8605,272,1689,4,10294,California
Mendocino,2021-02-01,383,12539,53,5759,330,6780,0,0,60,8342,323,2012,60,10354,California
Mendocino,2021-02-02,741,13280,522,6281,219,6999,0,0,381,8363,360,2372,381,10735,California
Mendocino,2021-02-03,395,13675,208,6489,187,7186,0,0,223,8416,170,2542,223,10958,California
Mendocino,2021-02-04,628,14303,533,7022,95,7281,0,0,502,8792,126,2668,502,11460,California
Mendocino,2021-02-05,1307,15610,1216,8238,91,7372,0,0,586,8659,719,3387,586,12046,California
Mendocino,2021-02-06,552,16162,152,8390,400,7772,0,0,537,9181,15,3402,537,12583,California
Mendocino,2021-02-07,33,16195,29,8419,4,7776,0,0,33,9214,0,3402,33,12616,California
Mendocino,2021-02-08,746,16941,714,9133,32,7808,0,0,283,9034,463,3865,283,12899,California
Mendocino,2021-02-09,139,17080,58,9191,81,7889,0,0,87,9069,52,3917,87,12986,California
Mendocino,2021-02-10,1489,18569,925,10116,564,8453,0,0,742,9071,740,4657,742,13728,California
Mendocino,2021-02-11,1212,19781,208,10324,1004,9457,0,0,301,8461,911,5568,301,14029,California
Mendocino,2021-02-12,1457,21238,160,10484,1297,10754,0,0,657,8319,799,6367,657,14686,California
Mendocino,2021-02-13,500,21738,16,10500,484,11238,0,0,101,8027,398,6765,106,14792,California
Mendocino,2021-02-14,698,22436,4,10504,694,11932,0,0,136,7601,562,7327,136,14928,California
Mendocino,2021-02-15,331,22767,42,10546,289,12221,0,0,173,7616,158,7485,173,15101,California
Mendocino,2021-02-16,197,22964,50,10596,147,12368,0,0,127,7673,70,7555,127,15228,California
Mendocino,2021-02-17,1353,24317,1189,11785,164,12532,0,0,875,8072,476,8031,875,16103,California
Mendocino,2021-02-18,1789,26106,647,12432,1142,13674,0,0,1222,8729,565,8596,1222,17325,California
Mendocino,2021-02-19,756,26862,147,12579,609,14283,0,0,613,9200,143,8739,614,17939,California
Mendocino,2021-02-20,582,27444,556,13135,26,14309,0,0,549,9718,31,8770,549,18488,California
Mendocino,2021-02-21,324,27768,6,13141,318,14627,0,0,312,10019,11,8781,312,18800,California
Mendocino,2021-02-22,162,27930,29,13170,133,14760,0,0,69,9997,91,8872,69,18869,California
Mendocino,2021-02-23,862,28792,849,14019,13,14773,0,0,647,10431,213,9085,647,19516,California
Mendocino,2021-02-24,1856,30648,1772,15791,84,14857,0,0,1440,11462,411,9496,1442,20958,California
Mendocino,2021-02-25,1709,32357,535,16326,1174,16031,0,0,1286,12326,422,9918,1286,22244,California
Mendocino,2021-02-26,1412,33769,748,17074,664,16695,0,0,1050,13017,359,10277,1050,23294,California
Mendocino,2021-02-27,196,33965,144,17218,52,16747,0,0,76,12974,119,10396,76,23370,California
Mendocino,2021-02-28,34,33999,12,17230,22,16769,0,0,24,12988,10,10406,24,23394,California
Mendocino,2021-03-01,594,34593,551,17781,43,16812,0,0,554,13505,37,10443,554,23948,California
Mendocino,2021-03-02,73,34666,26,17807,47,16859,0,0,39,13511,33,10476,39,23987,California
Mendocino,2021-03-03,2040,36706,1338,19145,702,17561,0,0,1387,14248,650,11126,1387,25374,California
Mendocino,2021-03-04,1851,38557,149,19294,1702,19263,0,0,1633,15668,215,11341,1635,27009,California
Mendocino,2021-03-05,474,39031,415,19709,50,19313,9,9,371,15949,99,11440,380,27389,California
Mendocino,2021-03-06,248,39279,24,19733,197,19510,27,36,203,16135,44,11484,230,27619,California
Mendocino,2021-03-07,506,39785,8,19741,478,19988,20,56,117,15883,388,11872,136,27755,California
Mendocino,2021-03-08,123,39908,28,19769,57,20045,38,94,63,15926,58,11930,101,27856,California
Mendocino,2021-03-09,934,40842,600,20369,294,20339,40,134,830,16692,104,12034,870,28726,California
Mendocino,2021-03-10,1145,41987,983,21352,98,20437,64,198,271,16161,869,12903,338,29064,California
Mendocino,2021-03-11,844,42831,627,21979,164,20601,53,251,401,16175,440,13343,454,29518,California
Mendocino,2021-03-12,2068,44899,1056,23035,898,21499,114,365,1238,16704,823,14166,1352,30870,California
Mendocino,2021-03-13,704,45603,571,23606,75,21574,58,423,104,16270,596,14762,162,31032,California
Mendocino,2021-03-14,106,45709,4,23610,95,21669,7,430,12,16199,90,14852,19,31051,California
Mendocino,2021-03-15,609,46318,51,23661,499,22168,59,489,217,16085,389,15241,275,31326,California
Mendocino,2021-03-16,581,46899,386,24047,149,22317,46,535,118,15788,461,15702,164,31490,California
Mendocino,2021-03-17,1589,48488,1388,25435,52,22369,149,684,217,14795,1366,17068,373,31863,California
Mendocino,2021-03-18,1309,49797,248,25683,1024,23393,37,721,279,14088,1022,18090,315,32178,California
Mendocino,2021-03-19,1777,51574,854,26537,864,24257,59,780,332,13041,1440,19530,393,32571,California
Mendocino,2021-03-20,67,51641,9,26546,38,24295,20,800,11,13016,56,19586,31,32602,California
Mendocino,2021-03-21,8,51649,1,26547,2,24297,5,805,3,13019,5,19591,8,32610,California
Mendocino,2021-03-22,661,52310,617,27164,15,24312,29,834,146,12682,511,20102,174,32784,California
Mendocino,2021-03-23,164,52474,34,27198,100,24412,30,864,114,12776,50,20152,144,32928,California
Mendocino,2021-03-24,915,53389,844,28042,24,24436,47,911,107,12124,806,20958,154,33082,California
Mendocino,2021-03-25,2015,55404,53,28095,1942,26378,20,931,176,10485,1833,22791,194,33276,California
Mendocino,2021-03-26,545,55949,394,28489,125,26503,26,957,114,10194,430,23221,139,33415,California
Mendocino,2021-03-27,146,56095,14,28503,120,26623,12,969,81,10222,64,23285,92,33507,California
Mendocino,2021-03-28,25,56120,6,28509,15,26638,4,973,4,10210,20,23305,8,33515,California
Mendocino,2021-03-29,191,56311,99,28608,48,26686,44,1017,97,10257,94,23399,141,33656,California
Mendocino,2021-03-30,715,57026,631,29239,47,26733,37,1054,104,9789,609,24008,141,33797,California
Mendocino,2021-03-31,917,57943,282,29521,574,27307,61,1115,153,9242,761,24769,214,34011,California
Mendocino,2021-04-01,1750,59693,420,29941,1249,28556,81,1196,380,8343,1359,26128,460,34471,California
Mendocino,2021-04-02,1310,61003,1078,31019,159,28715,73,1269,157,7423,1150,27278,230,34701,California
Mendocino,2021-04-03,709,61712,10,31029,678,29393,21,1290,87,6914,617,27895,108,34809,California
Mendocino,2021-04-04,71,61783,35,31064,30,29423,6,1296,55,6959,16,27911,61,34870,California
Mendocino,2021-04-05,209,61992,140,31204,45,29468,24,1320,124,7019,85,27996,145,35015,California
Mendocino,2021-04-06,395,62387,124,31328,177,29645,94,1414,108,6934,287,28283,202,35217,California
Mendocino,2021-04-07,490,62877,178,31506,65,29710,247,1661,114,6921,373,28656,360,35577,California
Mendocino,2021-04-08,1503,64380,923,32429,466,30176,114,1775,1009,7558,487,29143,1124,36701,California
Mendocino,2021-04-09,764,65144,429,32858,173,30349,162,1937,400,7756,364,29507,562,37263,California
Mendocino,2021-04-10,409,65553,92,32950,272,30621,45,1982,99,7590,310,29817,144,37407,California
Mendocino,2021-04-11,121,65674,47,32997,19,30640,55,2037,59,7642,62,29879,114,37521,California
Mendocino,2021-04-12,621,66295,514,33511,48,30688,59,2096,406,7892,215,30094,465,37986,California
Mendocino,2021-04-13,294,66589,231,33742,63,30751,0,2096,224,8046,70,30164,224,38210,California
Mendocino,2021-04-14,519,67108,429,34171,90,30841,0,2096,423,8373,96,30260,423,38633,California
Mendocino,2021-04-15,666,67774,332,34503,334,31175,0,2096,389,8491,272,30532,390,39023,California
Mendocino,2021-04-16,125,67899,53,34556,71,31246,1,2097,77,8521,47,30579,77,39100,California
Mendocino,2021-04-17,194,68093,12,34568,182,31428,0,2097,67,8463,125,30704,67,39167,California
Mendocino,2021-04-18,15,68108,7,34575,8,31436,0,2097,7,8464,6,30710,7,39174,California
Mendocino,2021-04-19,538,68646,515,35090,22,31458,1,2098,426,8780,111,30821,427,39601,California
Mendocino,2021-04-20,420,69066,291,35381,129,31587,0,2098,266,8893,153,30974,266,39867,California
Mendocino,2021-04-21,191,69257,134,35515,56,31643,1,2099,116,8936,73,31047,116,39983,California
Mendocino,2021-04-22,484,69741,313,35828,170,31813,1,2100,313,9082,167,31214,313,40296,California
Mendocino,2021-04-23,850,70591,701,36529,149,31962,0,2100,695,9625,152,31366,695,40991,California
Mendocino,2021-04-24,107,70698,14,36543,93,32055,0,2100,100,9718,7,31373,100,41091,California
Mendocino,2021-04-25,58,70756,35,36578,19,32074,4,2104,19,9703,38,31411,23,41114,California
Mendocino,2021-04-26,308,71064,239,36817,64,32138,5,2109,201,9803,106,31517,206,41320,California
Mendocino,2021-04-27,209,71273,92,36909,90,32228,27,2136,95,9811,113,31630,121,41441,California
Mendocino,2021-04-28,224,71497,150,37059,55,32283,19,2155,129,9865,95,31725,149,41590,California
Mendocino,2021-04-29,1147,72644,842,37901,290,32573,15,2170,110,8958,1032,32757,125,41715,California
Mendocino,2021-04-30,606,73250,383,38284,214,32787,9,2179,227,8816,378,33135,236,41951,California
Mendocino,2021-05-01,473,73723,432,38716,33,32820,8,2187,367,9086,105,33240,375,42326,California
Mendocino,2021-05-02,55,73778,45,38761,7,32827,3,2190,8,9050,47,33287,11,42337,California
Mendocino,2021-05-03,146,73924,85,38846,40,32867,21,2211,43,9013,101,33388,64,42401,California
Mendocino,2021-05-04,378,74302,253,39099,92,32959,33,2244,141,8950,237,33625,174,42575,California
Mendocino,2021-05-05,877,75179,791,39890,71,33030,15,2259,220,8528,656,34281,234,42809,California
Mendocino,2021-05-06,632,75811,382,40272,228,33258,22,2281,154,8228,476,34757,176,42985,California
Mendocino,2021-05-07,184,75995,33,40305,127,33385,24,2305,120,8309,63,34820,144,43129,California
Mendocino,2021-05-08,126,76121,4,40309,121,33506,1,2306,110,8405,15,34835,111,43240,California
Mendocino,2021-05-09,21,76142,5,40314,15,33521,1,2307,4,8393,17,34852,5,43245,California
Mendocino,2021-05-10,240,76382,159,40473,76,33597,5,2312,149,8456,91,34943,154,43399,California
Mendocino,2021-05-11,279,76661,142,40615,119,33716,18,2330,131,8456,147,35090,147,43546,California
Mendocino,2021-05-12,141,76802,80,40695,53,33769,8,2338,44,8413,95,35185,52,43598,California
Mendocino,2021-05-13,1232,78034,1124,41819,91,33860,17,2355,322,7842,910,36095,339,43937,California
Mendocino,2021-05-14,717,78751,490,42309,163,34023,64,2419,245,7684,467,36562,309,44246,California
Mendocino,2021-05-15,83,78834,29,42338,50,34073,4,2423,40,7685,43,36605,44,44290,California
Mendocino,2021-05-16,116,78950,103,42441,11,34084,2,2425,98,7769,17,36622,101,44391,California
Mendocino,2021-05-17,170,79120,85,42526,69,34153,16,2441,95,7805,75,36697,111,44502,California
Mendocino,2021-05-18,244,79364,118,42644,98,34251,28,2469,106,7801,137,36834,133,44635,California
Mendocino,2021-05-19,329,79693,193,42837,115,34366,21,2490,242,7979,85,36919,263,44898,California
Mendocino,2021-05-20,291,79984,116,42953,133,34499,42,2532,105,7943,183,37102,147,45045,California
Mendocino,2021-05-21,651,80635,472,43425,164,34663,15,2547,509,8326,141,37243,524,45569,California
Mendocino,2021-05-22,783,81418,673,44098,102,34765,8,2555,241,8034,541,37784,249,45818,California
Mendocino,2021-05-23,28,81446,11,44109,10,34775,7,2562,15,8042,13,37797,21,45839,California
Mendocino,2021-05-24,126,81572,43,44152,62,34837,21,2583,59,8056,66,37863,80,45919,California
Mendocino,2021-05-25,292,81864,175,44327,88,34925,29,2612,134,8061,157,38020,162,46081,California
Mendocino,2021-05-26,323,82187,244,44571,67,34992,12,2624,132,8015,190,38210,144,46225,California
Mendocino,2021-05-27,244,82431,112,44683,110,35102,22,2646,102,7998,140,38350,123,46348,California
Mendocino,2021-05-28,234,82665,96,44779,126,35228,12,2658,153,8084,79,38429,165,46513,California
Mendocino,2021-05-29,47,82712,16,44795,26,35254,5,2663,27,8096,20,38449,32,46545,California
Mendocino,2021-05-30,15,82727,2,44797,12,35266,1,2664,10,8102,5,38454,11,46556,California
Mendocino,2021-05-31,6,82733,0,44797,5,35271,1,2665,2,8102,3,38457,3,46559,California
Mendocino,2021-06-01,311,83044,104,44901,198,35469,9,2674,84,7968,227,38684,93,46652,California
Mendocino,2021-06-02,155,83199,58,44959,89,35558,8,2682,54,7932,98,38782,62,46714,California
Mendocino,2021-06-03,558,83757,459,45418,90,35648,9,2691,123,7636,428,39210,132,46846,California
Mendocino,2021-06-04,320,84077,195,45613,103,35751,22,2713,89,7516,231,39441,111,46957,California
Mendocino,2021-06-05,226,84303,92,45705,116,35867,18,2731,72,7454,152,39593,90,47047,California
Mendocino,2021-06-06,64,84367,58,45763,3,35870,3,2734,2,7397,62,39655,5,47052,California
Mendocino,2021-06-07,148,84515,72,45835,64,35934,12,2746,59,7379,89,39744,71,47123,California
Mendocino,2021-06-08,230,84745,131,45966,87,36021,12,2758,100,7366,125,39869,112,47235,California
Mendocino,2021-06-09,310,85055,249,46215,51,36072,10,2768,107,7281,202,40071,117,47352,California
Mendocino,2021-06-10,121,85176,67,46282,44,36116,10,2778,55,7280,66,40137,65,47417,California
Mendocino,2021-06-11,698,85874,545,46827,131,36247,22,2800,95,6796,601,40738,117,47534,California
Mendocino,2021-06-12,62,85936,40,46867,17,36264,5,2805,17,6774,44,40782,22,47556,California
Mendocino,2021-06-13,29,85965,16,46883,11,36275,2,2807,15,6778,13,40795,17,47573,California
Mendocino,2021-06-14,111,86076,48,46931,44,36319,19,2826,46,6778,64,40859,64,47637,California
Mendocino,2021-06-15,243,86319,151,47082,74,36393,18,2844,68,6689,175,41034,86,47723,California
Mendocino,2021-06-16,267,86586,165,47247,80,36473,22,2866,64,6573,202,41236,86,47809,California
Mendocino,2021-06-17,159,86745,83,47330,59,36532,17,2883,48,6527,111,41347,65,47874,California
Mendocino,2021-06-18,121,86866,51,47381,56,36588,14,2897,39,6498,82,41429,53,47927,California
Mendocino,2021-06-19,44,86910,21,47402,17,36605,6,2903,5,6470,39,41468,11,47938,California
Merced,2020-12-16,3,3,3,3,0,0,0,0,3,3,0,0,3,3,California
Merced,2020-12-17,8,11,8,11,0,0,0,0,8,11,0,0,8,11,California
Merced,2020-12-18,144,155,144,155,0,0,0,0,144,155,0,0,144,155,California
Merced,2020-12-19,37,192,37,192,0,0,0,0,37,192,0,0,37,192,California
Merced,2020-12-20,18,210,18,210,0,0,0,0,18,210,0,0,18,210,California
Merced,2020-12-21,123,333,120,330,3,3,0,0,123,333,0,0,123,333,California
Merced,2020-12-22,154,487,154,484,0,3,0,0,154,487,0,0,154,487,California
Merced,2020-12-23,251,738,245,729,6,9,0,0,251,738,0,0,251,738,California
Merced,2020-12-24,72,810,72,801,0,9,0,0,72,810,0,0,72,810,California
Merced,2020-12-25,4,814,4,805,0,9,0,0,4,814,0,0,4,814,California
Merced,2020-12-26,6,820,3,808,3,12,0,0,6,820,0,0,6,820,California
Merced,2020-12-27,12,832,11,819,1,13,0,0,12,832,0,0,12,832,California
Merced,2020-12-28,121,953,96,915,25,38,0,0,121,953,0,0,121,953,California
Merced,2020-12-29,180,1133,123,1038,57,95,0,0,180,1133,0,0,180,1133,California
Merced,2020-12-30,215,1348,88,1126,127,222,0,0,215,1348,0,0,215,1348,California
Merced,2020-12-31,102,1450,34,1160,68,290,0,0,102,1450,0,0,102,1450,California
Merced,2021-01-01,5,1455,1,1161,4,294,0,0,5,1455,0,0,5,1455,California
Merced,2021-01-02,129,1584,118,1279,11,305,0,0,129,1584,0,0,129,1584,California
Merced,2021-01-03,9,1593,5,1284,4,309,0,0,9,1593,0,0,9,1593,California
Merced,2021-01-04,84,1677,43,1327,41,350,0,0,84,1677,0,0,84,1677,California
Merced,2021-01-05,323,2000,233,1560,90,440,0,0,317,1990,6,6,319,1996,California
Merced,2021-01-06,257,2257,105,1665,152,592,0,0,252,2237,5,11,252,2248,California
Merced,2021-01-07,186,2443,83,1748,103,695,0,0,175,2400,12,23,175,2423,California
Merced,2021-01-08,529,2972,395,2143,134,829,0,0,375,2622,153,176,375,2798,California
Merced,2021-01-09,22,2994,9,2152,13,842,0,0,17,2634,5,181,17,2815,California
Merced,2021-01-10,11,3005,7,2159,4,846,0,0,7,2637,4,185,7,2822,California
Merced,2021-01-11,229,3234,171,2330,58,904,0,0,102,2614,127,312,104,2926,California
Merced,2021-01-12,291,3525,168,2498,123,1027,0,0,243,2808,49,361,243,3169,California
Merced,2021-01-13,379,3904,175,2673,204,1231,0,0,227,2886,152,513,230,3399,California
Merced,2021-01-14,326,4230,205,2878,121,1352,0,0,159,2880,166,679,160,3559,California
Merced,2021-01-15,583,4813,129,3007,454,1806,0,0,544,3387,40,719,547,4106,California
Merced,2021-01-16,211,5024,129,3136,82,1888,0,0,194,3564,17,736,194,4300,California
Merced,2021-01-17,50,5074,12,3148,38,1926,0,0,49,3612,1,737,49,4349,California
Merced,2021-01-18,265,5339,126,3274,139,2065,0,0,243,3837,22,759,247,4596,California
Merced,2021-01-19,712,6051,588,3862,124,2189,0,0,539,4209,173,932,545,5141,California
Merced,2021-01-20,572,6623,467,4329,105,2294,0,0,515,4670,57,989,518,5659,California
Merced,2021-01-21,1012,7635,652,4981,360,2654,0,0,912,5485,100,1089,915,6574,California
Merced,2021-01-22,1313,8948,694,5675,619,3273,0,0,1285,6755,27,1116,1297,7871,California
Merced,2021-01-23,323,9271,198,5873,125,3398,0,0,216,6864,107,1223,216,8087,California
Merced,2021-01-24,37,9308,15,5888,22,3420,0,0,28,6884,8,1231,28,8115,California
Merced,2021-01-25,729,10037,241,6129,488,3908,0,0,668,7493,60,1291,669,8784,California
Merced,2021-01-26,919,10956,487,6616,432,4340,0,0,675,7953,216,1507,676,9460,California
Merced,2021-01-27,987,11943,590,7206,397,4737,0,0,815,8598,170,1677,815,10275,California
Merced,2021-01-28,1142,13085,596,7802,546,5283,0,0,1018,9495,123,1800,1020,11295,California
Merced,2021-01-29,846,13931,318,8120,528,5811,0,0,594,9852,240,2040,597,11892,California
Merced,2021-01-30,261,14192,28,8148,233,6044,0,0,243,10077,18,2058,243,12135,California
Merced,2021-01-31,47,14239,11,8159,36,6080,0,0,46,10122,1,2059,46,12181,California
Merced,2021-02-01,383,14622,56,8215,327,6407,0,0,330,10401,52,2111,331,12512,California
Merced,2021-02-02,299,14921,179,8394,120,6527,0,0,178,10462,118,2229,179,12691,California
Merced,2021-02-03,350,15271,72,8466,278,6805,0,0,170,10451,181,2410,170,12861,California
Merced,2021-02-04,372,15643,147,8613,225,7030,0,0,239,10559,132,2542,240,13101,California
Merced,2021-02-05,511,16154,170,8783,341,7371,0,0,271,10594,238,2780,273,13374,California
Merced,2021-02-06,388,16542,217,9000,171,7542,0,0,244,10698,141,2921,245,13619,California
Merced,2021-02-07,20,16562,12,9012,8,7550,0,0,13,10704,7,2928,13,13632,California
Merced,2021-02-08,283,16845,199,9211,84,7634,0,0,171,10766,110,3038,172,13804,California
Merced,2021-02-09,1215,18060,954,10165,261,7895,0,0,772,11104,435,3473,773,14577,California
Merced,2021-02-10,1860,19920,1435,11600,425,8320,0,0,1275,11804,575,4048,1275,15852,California
Merced,2021-02-11,2506,22426,2012,13612,494,8814,0,0,1815,12940,679,4727,1815,17667,California
Merced,2021-02-12,1718,24144,1019,14631,699,9513,0,0,744,12731,956,5683,747,18414,California
Merced,2021-02-13,362,24506,209,14840,153,9666,0,0,264,12903,94,5777,266,18680,California
Merced,2021-02-14,117,24623,25,14865,92,9758,0,0,95,12977,22,5799,96,18776,California
Merced,2021-02-15,274,24897,42,14907,232,9990,0,0,168,13047,99,5898,169,18945,California
Merced,2021-02-16,1218,26115,844,15751,374,10364,0,0,835,13522,364,6262,839,19784,California
Merced,2021-02-17,1889,28004,1644,17395,245,10609,0,0,1313,14284,560,6822,1322,21106,California
Merced,2021-02-18,1217,29221,824,18219,393,11002,0,0,408,13907,788,7610,411,21517,California
Merced,2021-02-19,1262,30483,413,18632,849,11851,0,0,536,13725,720,8330,538,22055,California
Merced,2021-02-20,276,30759,30,18662,246,12097,0,0,138,13727,136,8466,138,22193,California
Merced,2021-02-21,75,30834,61,18723,14,12111,0,0,29,13712,44,8510,29,22222,California
Merced,2021-02-22,832,31666,296,19019,536,12647,0,0,481,13846,349,8859,483,22705,California
Merced,2021-02-23,1082,32748,421,19440,661,13308,0,0,639,14049,437,9296,640,23345,California
Merced,2021-02-24,824,33572,306,19746,518,13826,0,0,455,14145,360,9656,456,23801,California
Merced,2021-02-25,1777,35349,884,20630,893,14719,0,0,1320,15015,453,10109,1323,25124,California
Merced,2021-02-26,2159,37508,1382,22012,777,15496,0,0,1742,16349,409,10518,1743,26867,California
Merced,2021-02-27,2610,40118,1184,23196,1426,16922,0,0,2326,18392,283,10801,2326,29193,California
Merced,2021-02-28,312,40430,73,23269,238,17160,1,1,258,18600,50,10851,258,29451,California
Merced,2021-03-01,1127,41557,282,23551,844,18004,1,2,782,19048,335,11186,783,30234,California
Merced,2021-03-02,1757,43314,910,24461,846,18850,1,3,1363,20028,386,11572,1366,31600,California
Merced,2021-03-03,2240,45554,1739,26200,500,19350,1,4,1476,20761,745,12317,1478,33078,California
Merced,2021-03-04,2903,48457,2275,28475,626,19976,2,6,1927,21733,958,13275,1930,35008,California
Merced,2021-03-05,2077,50534,1198,29673,855,20831,24,30,1533,22762,529,13804,1558,36566,California
Merced,2021-03-06,1169,51703,664,30337,483,21314,22,52,913,23442,255,14059,935,37501,California
Merced,2021-03-07,229,51932,68,30405,137,21451,24,76,201,23639,28,14087,225,37726,California
Merced,2021-03-08,1406,53338,809,31214,532,21983,65,141,1190,24678,215,14302,1254,38980,California
Merced,2021-03-09,1696,55034,1004,32218,583,22566,109,250,1096,25289,594,14896,1205,40185,California
Merced,2021-03-10,2712,57746,1876,34094,635,23201,201,451,1633,26063,1064,15960,1838,42023,California
Merced,2021-03-11,1947,59693,700,34794,1046,24247,201,652,1226,26808,704,16664,1449,43472,California
Merced,2021-03-12,2220,61913,903,35697,1042,25289,275,927,1496,27871,719,17383,1782,45254,California
Merced,2021-03-13,1006,62919,307,36004,457,25746,242,1169,703,28522,295,17678,946,46200,California
Merced,2021-03-14,250,63169,137,36141,83,25829,30,1199,149,28601,100,17778,179,46379,California
Merced,2021-03-15,1526,64695,497,36638,772,26601,257,1456,1004,29347,514,18292,1260,47639,California
Merced,2021-03-16,1473,66168,717,37355,529,27130,227,1683,978,30070,483,18775,1206,48845,California
Merced,2021-03-17,1984,68152,1081,38436,726,27856,177,1860,1525,31325,449,19224,1704,50549,California
Merced,2021-03-18,2135,70287,1259,39695,728,28584,148,2008,1394,32155,726,19950,1556,52105,California
Merced,2021-03-19,2676,72963,1458,41153,1019,29603,199,2207,1386,32460,1280,21230,1585,53690,California
Merced,2021-03-20,2455,75418,1527,42680,533,30136,395,2602,964,32338,1486,22716,1364,55054,California
Merced,2021-03-21,556,75974,343,43023,201,30337,12,2614,437,32670,119,22835,451,55505,California
Merced,2021-03-22,1264,77238,630,43653,557,30894,77,2691,886,33266,369,23204,965,56470,California
Merced,2021-03-23,1888,79126,1158,44811,665,31559,65,2756,1401,34252,479,23683,1465,57935,California
Merced,2021-03-24,1479,80605,935,45746,509,32068,35,2791,997,34809,475,24158,1032,58967,California
Merced,2021-03-25,3334,83939,2286,48032,1024,33092,24,2815,2091,35697,1230,25388,2118,61085,California
Merced,2021-03-26,1949,85888,1096,49128,818,33910,35,2850,899,35595,1036,26424,934,62019,California
Merced,2021-03-27,3572,89460,1913,51041,1241,35151,418,3268,1559,35574,1999,28423,1978,63997,California
Merced,2021-03-28,526,89986,217,51258,301,35452,8,3276,215,35489,308,28731,223,64220,California
Merced,2021-03-29,1836,91822,783,52041,885,36337,168,3444,673,35179,1154,29885,844,65064,California
Merced,2021-03-30,2152,93974,806,52847,1287,37624,59,3503,991,35076,1155,31040,1052,66116,California
Merced,2021-03-31,2156,96130,1414,54261,701,38325,41,3544,952,34885,1186,32226,995,67111,California
Merced,2021-04-01,2350,98480,1053,55314,1167,39492,130,3674,1048,34773,1290,33516,1178,68289,California
Merced,2021-04-02,2341,100821,643,55957,1292,40784,406,4080,788,34433,1535,35051,1195,69484,California
Merced,2021-04-03,1069,101890,580,56537,471,41255,18,4098,650,34692,411,35462,670,70154,California
Merced,2021-04-04,368,102258,142,56679,224,41479,2,4100,141,34611,226,35688,145,70299,California
Merced,2021-04-05,1278,103536,610,57289,454,41933,214,4314,418,34390,852,36540,631,70930,California
Merced,2021-04-06,2420,105956,898,58187,693,42626,829,5143,891,34584,1524,38064,1718,72648,California
Merced,2021-04-07,1675,107631,899,59086,668,43294,108,5251,589,34215,1068,39132,699,73347,California
Merced,2021-04-08,2446,110077,1311,60397,919,44213,216,5467,960,33935,1454,40586,1174,74521,California
Merced,2021-04-09,1706,111783,476,60873,653,44866,577,6044,567,33960,1120,41706,1145,75666,California
Merced,2021-04-10,981,112764,370,61243,424,45290,187,6231,176,33522,799,42505,361,76027,California
Merced,2021-04-11,488,113252,283,61526,71,45361,134,6365,148,33467,338,42843,283,76310,California
Merced,2021-04-12,1508,114760,988,62514,394,45755,126,6491,868,33859,602,43445,994,77304,California
Merced,2021-04-13,2046,116806,1466,63980,578,46333,2,6493,939,33789,1015,44460,945,78249,California
Merced,2021-04-14,2130,118936,1294,65274,836,47169,0,6493,956,33707,1040,45500,958,79207,California
Merced,2021-04-15,3023,121959,1976,67250,1047,48216,0,6493,954,32832,1835,47335,960,80167,California
Merced,2021-04-16,2389,124348,1168,68418,1221,49437,0,6493,975,32493,1316,48651,977,81144,California
Merced,2021-04-17,2105,126453,1446,69864,658,50095,1,6494,686,31771,1411,50062,689,81833,California
Merced,2021-04-18,473,126926,248,70112,225,50320,0,6494,192,31710,253,50315,192,82025,California
Merced,2021-04-19,1336,128262,751,70863,585,50905,0,6494,705,31881,535,50850,706,82731,California
Merced,2021-04-20,1482,129744,742,71605,740,51645,0,6494,803,32076,608,51458,803,83534,California
Merced,2021-04-21,1510,131254,915,72520,595,52240,0,6494,765,32209,633,52091,766,84300,California
Merced,2021-04-22,1622,132876,744,73264,878,53118,0,6494,785,32239,756,52847,786,85086,California
Merced,2021-04-23,1656,134532,690,73954,966,54084,0,6494,890,32411,719,53566,891,85977,California
Merced,2021-04-24,880,135412,703,74657,177,54261,0,6494,562,32660,313,53879,562,86539,California
Merced,2021-04-25,329,135741,189,74846,140,54401,0,6494,194,32723,131,54010,194,86733,California
Merced,2021-04-26,1222,136963,534,75380,688,55089,0,6494,641,32818,548,54558,643,87376,California
Merced,2021-04-27,1776,138739,895,76275,869,55958,12,6506,710,32544,997,55555,723,88099,California
Merced,2021-04-28,1369,140108,680,76955,681,56639,8,6514,782,32772,563,56118,791,88890,California
Merced,2021-04-29,1456,141564,641,77596,790,57429,25,6539,697,32746,750,56868,724,89614,California
Merced,2021-04-30,1460,143024,616,78212,800,58229,44,6583,751,32840,702,57570,796,90410,California
Merced,2021-05-01,563,143587,242,78454,316,58545,5,6588,261,32808,297,57867,265,90675,California
Merced,2021-05-02,297,143884,121,78575,161,58706,15,6603,131,32791,165,58032,148,90823,California
Merced,2021-05-03,846,144730,554,79129,222,58928,70,6673,303,32627,539,58571,375,91198,California
Merced,2021-05-04,1017,145747,545,79674,420,59348,52,6725,374,32414,639,59210,426,91624,California
Merced,2021-05-05,1388,147135,889,80563,423,59771,76,6801,660,32435,716,59926,737,92361,California
Merced,2021-05-06,915,148050,478,81041,387,60158,50,6851,301,32180,606,60532,351,92712,California
Merced,2021-05-07,1126,149176,481,81522,603,60761,42,6893,430,31965,690,61222,475,93187,California
Merced,2021-05-08,398,149574,202,81724,160,60921,36,6929,184,31972,213,61435,220,93407,California
Merced,2021-05-09,211,149785,104,81828,100,61021,7,6936,100,31969,110,61545,107,93514,California
Merced,2021-05-10,696,150481,357,82185,302,61323,37,6973,190,31693,504,62049,228,93742,California
Merced,2021-05-11,1147,151628,681,82866,409,61732,57,7030,439,31486,703,62752,496,94238,California
Merced,2021-05-12,1079,152707,612,83478,425,62157,42,7072,372,31197,704,63456,415,94653,California
Merced,2021-05-13,861,153568,454,83932,364,62521,43,7115,347,31078,509,63965,390,95043,California
Merced,2021-05-14,1029,154597,619,84551,370,62891,40,7155,538,31171,485,64450,578,95621,California
Merced,2021-05-15,761,155358,574,85125,168,63059,19,7174,449,31340,300,64750,469,96090,California
Merced,2021-05-16,350,155708,235,85360,107,63166,8,7182,199,31399,149,64899,208,96298,California
Merced,2021-05-17,1092,156800,711,86071,351,63517,30,7212,538,31421,547,65446,569,96867,California
Merced,2021-05-18,1274,158074,849,86920,394,63911,31,7243,722,31628,546,65992,753,97620,California
Merced,2021-05-19,1109,159183,760,87680,342,64253,7,7250,632,31797,474,66466,643,98263,California
Merced,2021-05-20,1055,160238,557,88237,443,64696,55,7305,405,31611,648,67114,462,98725,California
Merced,2021-05-21,1181,161419,677,88914,476,65172,28,7333,490,31450,680,67794,519,99244,California
Merced,2021-05-22,752,162171,538,89452,201,65373,13,7346,449,31615,300,68094,465,99709,California
Merced,2021-05-23,333,162504,233,89685,88,65461,12,7358,222,31739,110,68204,234,99943,California
Merced,2021-05-24,594,163098,248,89933,316,65777,30,7388,225,31631,364,68568,256,100199,California
Merced,2021-05-25,762,163860,432,90365,296,66073,34,7422,403,31712,356,68924,437,100636,California
Merced,2021-05-26,979,164839,556,90921,390,66463,33,7455,408,31585,569,69493,442,101078,California
Merced,2021-05-27,924,165763,653,91574,238,66701,33,7488,569,31837,351,69844,603,101681,California
Merced,2021-05-28,767,166530,347,91921,373,67074,47,7535,335,31797,423,70267,383,102064,California
Merced,2021-05-29,392,166922,271,92192,113,67187,8,7543,172,31761,217,70484,181,102245,California
Merced,2021-05-30,215,167137,146,92338,58,67245,11,7554,135,31828,79,70563,146,102391,California
Merced,2021-05-31,110,167247,24,92362,80,67325,6,7560,31,31789,77,70640,38,102429,California
Merced,2021-06-01,792,168039,470,92832,290,67615,32,7592,340,31714,447,71087,372,102801,California
Merced,2021-06-02,740,168779,478,93310,236,67851,26,7618,366,31739,367,71454,392,103193,California
Merced,2021-06-03,750,169529,477,93787,240,68091,33,7651,333,31693,411,71865,365,103558,California
Merced,2021-06-04,790,170319,445,94232,323,68414,22,7673,331,31594,453,72318,354,103912,California
Merced,2021-06-05,492,170811,388,94620,94,68508,10,7683,182,31481,305,72623,192,104104,California
Merced,2021-06-06,225,171036,189,94809,30,68538,6,7689,84,31430,141,72764,90,104194,California
Merced,2021-06-07,651,171687,520,95329,119,68657,12,7701,195,31183,456,73220,209,104403,California
Merced,2021-06-08,855,172542,633,95962,198,68855,24,7725,274,30904,577,73797,298,104701,California
Merced,2021-06-09,785,173327,650,96612,120,68975,15,7740,236,30615,540,74337,251,104952,California
Merced,2021-06-10,641,173968,444,97056,178,69153,19,7759,267,30534,367,74704,286,105238,California
Merced,2021-06-11,567,174535,356,97412,196,69349,15,7774,239,30465,325,75029,256,105494,California
Merced,2021-06-12,456,174991,353,97765,80,69429,23,7797,157,30347,298,75327,180,105674,California
Merced,2021-06-13,256,175247,134,97899,117,69546,5,7802,69,30234,187,75514,74,105748,California
Merced,2021-06-14,546,175793,359,98258,154,69700,33,7835,258,30239,287,75801,292,106040,California
Merced,2021-06-15,785,176578,556,98814,202,69902,27,7862,271,30031,507,76308,299,106339,California
Merced,2021-06-16,650,177228,431,99245,197,70099,22,7884,311,30035,329,76637,333,106672,California
Merced,2021-06-17,703,177931,532,99777,142,70241,29,7913,213,29796,482,77119,243,106915,California
Merced,2021-06-18,676,178607,449,100226,204,70445,23,7936,354,29857,316,77435,377,107292,California
Merced,2021-06-19,122,178729,67,100293,40,70485,15,7951,77,29905,44,77479,92,107384,California
Modoc,2020-12-16,2,2,2,2,0,0,0,0,2,2,0,0,2,2,California
Modoc,2020-12-21,99,101,99,101,0,0,0,0,99,101,0,0,99,101,California
Modoc,2020-12-22,14,115,14,115,0,0,0,0,14,115,0,0,14,115,California
Modoc,2020-12-23,4,119,4,119,0,0,0,0,4,119,0,0,4,119,California
Modoc,2020-12-24,1,120,1,120,0,0,0,0,1,120,0,0,1,120,California
Modoc,2020-12-28,2,122,2,122,0,0,0,0,2,122,0,0,2,122,California
Modoc,2020-12-29,9,131,1,123,8,8,0,0,9,131,0,0,9,131,California
Modoc,2020-12-30,9,140,2,125,7,15,0,0,9,140,0,0,9,140,California
Modoc,2021-01-02,3,143,1,126,2,17,0,0,3,143,0,0,3,143,California
Modoc,2021-01-04,8,151,0,126,8,25,0,0,8,151,0,0,8,151,California
Modoc,2021-01-05,3,154,2,128,1,26,0,0,3,154,0,0,3,154,California
Modoc,2021-01-06,4,158,3,131,1,27,0,0,2,154,2,2,2,156,California
Modoc,2021-01-07,72,230,0,131,72,99,0,0,72,226,0,2,72,228,California
Modoc,2021-01-08,107,337,0,131,107,206,0,0,107,333,0,2,107,335,California
Modoc,2021-01-10,1,338,1,132,0,206,0,0,0,332,1,3,0,335,California
Modoc,2021-01-11,91,429,81,213,10,216,0,0,20,281,71,74,20,355,California
Modoc,2021-01-12,94,523,25,238,69,285,0,0,68,323,26,100,68,423,California
Modoc,2021-01-13,24,547,4,242,20,305,0,0,22,343,2,102,22,445,California
Modoc,2021-01-14,129,676,6,248,123,428,0,0,124,462,5,107,124,569,California
Modoc,2021-01-15,6,682,1,249,5,433,0,0,6,468,0,107,6,575,California
Modoc,2021-01-16,2,684,1,250,1,434,0,0,2,470,0,107,2,577,California
Modoc,2021-01-18,3,687,1,251,2,436,0,0,3,473,0,107,3,580,California
Modoc,2021-01-19,4,691,3,254,1,437,0,0,2,473,2,109,2,582,California
Modoc,2021-01-20,15,706,4,258,11,448,0,0,13,484,2,111,13,595,California
Modoc,2021-01-21,160,866,2,260,158,606,0,0,160,644,0,111,160,755,California
Modoc,2021-01-22,4,870,2,262,2,608,0,0,4,648,0,111,4,759,California
Modoc,2021-01-25,12,882,0,262,12,620,0,0,12,660,0,111,12,771,California
Modoc,2021-01-26,117,999,2,264,115,735,0,0,117,777,0,111,117,888,California
Modoc,2021-01-27,47,1046,3,267,44,779,0,0,32,794,15,126,32,920,California
Modoc,2021-01-28,148,1194,4,271,144,923,0,0,147,940,1,127,147,1067,California
Modoc,2021-01-29,4,1198,1,272,3,926,0,0,4,944,0,127,4,1071,California
Modoc,2021-02-01,26,1224,13,285,13,939,0,0,12,942,14,141,12,1083,California
Modoc,2021-02-02,176,1400,2,287,174,1113,0,0,173,1112,3,144,173,1256,California
Modoc,2021-02-03,17,1417,12,299,5,1118,0,0,10,1115,7,151,10,1266,California
Modoc,2021-02-04,160,1577,3,302,157,1275,0,0,31,1017,129,280,31,1297,California
Modoc,2021-02-05,4,1581,2,304,2,1277,0,0,2,1017,2,282,2,1299,California
Modoc,2021-02-08,11,1592,1,305,10,1287,0,0,10,1026,1,283,10,1309,California
Modoc,2021-02-09,199,1791,11,316,188,1475,0,0,66,959,133,416,66,1375,California
Modoc,2021-02-10,6,1797,3,319,3,1478,0,0,4,961,2,418,4,1379,California
Modoc,2021-02-11,200,1997,2,321,198,1676,0,0,82,925,118,536,82,1461,California
Modoc,2021-02-12,9,2006,2,323,7,1683,0,0,3,922,6,542,3,1464,California
Modoc,2021-02-13,2,2008,0,323,2,1685,0,0,1,922,1,543,1,1465,California
Modoc,2021-02-16,147,2155,6,329,141,1826,0,0,141,1057,6,549,141,1606,California
Modoc,2021-02-17,25,2180,2,331,23,1849,0,0,11,1054,14,563,11,1617,California
Modoc,2021-02-18,191,2371,4,335,187,2036,0,0,22,910,168,731,24,1641,California
Modoc,2021-02-19,3,2374,3,338,0,2036,0,0,2,911,1,732,2,1643,California
Modoc,2021-02-20,1,2375,1,339,0,2036,0,0,0,910,1,733,0,1643,California
Modoc,2021-02-22,17,2392,9,348,8,2044,0,0,3,899,14,747,3,1646,California
Modoc,2021-02-23,83,2475,2,350,81,2125,0,0,11,838,72,819,11,1657,California
Modoc,2021-02-24,95,2570,2,352,93,2218,0,0,32,807,63,882,32,1689,California
Modoc,2021-02-25,172,2742,0,352,172,2390,0,0,13,661,159,1041,13,1702,California
Modoc,2021-02-26,2,2744,0,352,2,2392,0,0,1,661,1,1042,1,1703,California
Modoc,2021-02-27,2,2746,2,354,0,2392,0,0,2,663,0,1042,2,1705,California
Modoc,2021-03-01,5,2751,0,354,5,2397,0,0,0,659,4,1046,0,1705,California
Modoc,2021-03-02,198,2949,11,365,187,2584,0,0,26,513,172,1218,26,1731,California
Modoc,2021-03-03,12,2961,6,371,6,2590,0,0,2,505,10,1228,2,1733,California
Modoc,2021-03-04,175,3136,0,371,175,2765,0,0,147,624,28,1256,147,1880,California
Modoc,2021-03-05,2,3138,1,372,1,2766,0,0,1,624,1,1257,1,1881,California
Modoc,2021-03-06,11,3149,0,372,1,2767,10,10,1,625,10,1267,11,1892,California
Modoc,2021-03-07,8,3157,2,374,0,2767,6,16,2,627,6,1273,8,1900,California
Modoc,2021-03-08,8,3165,1,375,3,2770,4,20,1,626,6,1279,5,1905,California
Modoc,2021-03-09,127,3292,10,385,109,2879,8,28,61,629,66,1345,69,1974,California
Modoc,2021-03-10,9,3301,3,388,2,2881,4,32,4,632,5,1350,8,1982,California
Modoc,2021-03-11,209,3510,1,389,99,2980,109,141,23,578,186,1536,132,2114,California
Modoc,2021-03-12,10,3520,1,390,4,2984,5,146,4,581,6,1542,9,2123,California
Modoc,2021-03-13,4,3524,0,390,1,2985,3,149,1,582,3,1545,4,2127,California
Modoc,2021-03-15,14,3538,0,390,13,2998,1,150,12,593,2,1547,13,2140,California
Modoc,2021-03-16,173,3711,1,391,168,3166,4,154,42,507,131,1678,45,2185,California
Modoc,2021-03-17,11,3722,2,393,4,3170,5,159,2,505,9,1687,7,2192,California
Modoc,2021-03-18,67,3789,2,395,58,3228,7,166,36,517,31,1718,43,2235,California
Modoc,2021-03-19,5,3794,0,395,0,3228,5,171,0,517,5,1723,5,2240,California
Modoc,2021-03-20,5,3799,2,397,0,3228,3,174,0,515,5,1728,3,2243,California
Modoc,2021-03-21,3,3802,1,398,0,3228,2,176,1,516,2,1730,3,2246,California
Modoc,2021-03-22,17,3819,1,399,11,3239,5,181,12,528,5,1735,17,2263,California
Modoc,2021-03-23,63,3882,6,405,54,3293,3,184,44,556,19,1754,47,2310,California
Modoc,2021-03-24,29,3911,1,406,18,3311,10,194,1,539,28,1782,11,2321,California
Modoc,2021-03-25,79,3990,3,409,74,3385,2,196,47,556,32,1814,49,2370,California
Modoc,2021-03-26,7,3997,3,412,1,3386,3,199,2,556,5,1819,5,2375,California
Modoc,2021-03-27,2,3999,0,412,1,3387,1,200,1,557,1,1820,2,2377,California
Modoc,2021-03-29,15,4014,1,413,6,3393,8,208,6,562,9,1829,14,2391,California
Modoc,2021-03-30,53,4067,8,421,39,3432,6,214,20,555,33,1862,26,2417,California
Modoc,2021-03-31,10,4077,3,424,3,3435,4,218,4,557,6,1868,8,2425,California
Modoc,2021-04-01,170,4247,3,427,162,3597,5,223,34,460,136,2004,39,2464,California
Modoc,2021-04-02,5,4252,0,427,2,3599,3,226,1,461,3,2007,4,2468,California
Modoc,2021-04-03,3,4255,0,427,0,3599,3,229,0,461,2,2009,2,2470,California
Modoc,2021-04-05,10,4265,0,427,9,3608,1,230,9,470,1,2010,10,2480,California
Modoc,2021-04-06,23,4288,5,432,8,3616,10,240,5,467,18,2028,15,2495,California
Modoc,2021-04-07,12,4300,1,433,4,3620,7,247,3,468,9,2037,10,2505,California
Modoc,2021-04-08,94,4394,1,434,92,3712,1,248,26,427,68,2105,27,2532,California
Modoc,2021-04-09,11,4405,2,436,6,3718,3,251,2,422,9,2114,4,2536,California
Modoc,2021-04-10,5,4410,0,436,1,3719,4,255,0,421,5,2119,4,2540,California
Modoc,2021-04-11,2,4412,2,438,0,3719,0,255,1,421,1,2120,1,2541,California
Modoc,2021-04-12,14,4426,0,438,10,3729,4,259,1,415,11,2131,5,2546,California
Modoc,2021-04-13,33,4459,29,467,4,3733,0,259,22,426,11,2142,22,2568,California
Modoc,2021-04-14,2,4461,2,469,0,3733,0,259,1,426,1,2143,1,2569,California
Modoc,2021-04-15,102,4563,0,469,102,3835,0,259,29,382,73,2216,29,2598,California
Modoc,2021-04-16,6,4569,4,473,2,3837,0,259,5,386,1,2217,5,2603,California
Modoc,2021-04-17,2,4571,2,475,0,3837,0,259,2,388,0,2217,2,2605,California
Modoc,2021-04-18,1,4572,0,475,1,3838,0,259,1,389,0,2217,1,2606,California
Modoc,2021-04-19,7,4579,0,475,7,3845,0,259,2,386,5,2222,2,2608,California
Modoc,2021-04-20,48,4627,2,477,46,3891,0,259,11,360,37,2259,11,2619,California
Modoc,2021-04-21,3,4630,3,480,0,3891,0,259,1,359,2,2261,1,2620,California
Modoc,2021-04-22,97,4727,3,483,94,3985,0,259,38,338,59,2320,38,2658,California
Modoc,2021-04-23,3,4730,0,483,3,3988,0,259,3,341,0,2320,3,2661,California
Modoc,2021-04-24,2,4732,0,483,1,3989,1,260,1,342,1,2321,2,2663,California
Modoc,2021-04-25,1,4733,1,484,0,3989,0,260,1,343,0,2321,1,2664,California
Modoc,2021-04-26,8,4741,0,484,8,3997,0,260,2,339,6,2327,2,2666,California
Modoc,2021-04-27,6,4747,5,489,0,3997,1,261,1,336,5,2332,2,2668,California
Modoc,2021-04-28,6,4753,1,490,4,4001,1,262,2,335,4,2336,3,2671,California
Modoc,2021-04-29,65,4818,0,490,65,4066,0,262,20,310,45,2381,20,2691,California
Modoc,2021-04-30,3,4821,2,492,1,4067,0,262,1,309,2,2383,1,2692,California
Modoc,2021-05-02,4,4825,3,495,1,4068,0,262,3,311,1,2384,3,2695,California
Modoc,2021-05-03,15,4840,0,495,14,4082,1,263,5,307,10,2394,6,2701,California
Modoc,2021-05-04,8,4848,2,497,4,4086,2,265,3,307,5,2399,5,2706,California
Modoc,2021-05-05,28,4876,25,522,2,4088,1,266,8,296,20,2419,9,2715,California
Modoc,2021-05-06,55,4931,3,525,50,4138,2,268,21,285,34,2453,23,2738,California
Modoc,2021-05-07,8,4939,3,528,3,4141,2,270,2,283,6,2459,4,2742,California
Modoc,2021-05-08,3,4942,2,530,0,4141,1,271,1,283,2,2461,2,2744,California
Modoc,2021-05-09,1,4943,1,531,0,4141,0,271,0,282,1,2462,0,2744,California
Modoc,2021-05-10,2,4945,0,531,1,4142,1,272,1,283,1,2463,2,2746,California
Modoc,2021-05-11,3,4948,2,533,0,4142,1,273,0,281,3,2466,1,2747,California
Modoc,2021-05-12,3,4951,0,533,0,4142,3,276,0,281,3,2469,3,2750,California
Modoc,2021-05-13,44,4995,0,533,40,4182,4,280,14,269,30,2499,18,2768,California
Modoc,2021-05-14,8,5003,3,536,0,4182,5,285,3,272,5,2504,8,2776,California
Modoc,2021-05-15,4,5007,3,539,1,4183,0,285,4,276,0,2504,4,2780,California
Modoc,2021-05-16,2,5009,1,540,1,4184,0,285,0,274,2,2506,0,2780,California
Modoc,2021-05-17,7,5016,3,543,4,4188,0,285,4,275,3,2509,4,2784,California
Modoc,2021-05-18,27,5043,12,555,13,4201,2,287,13,276,14,2523,15,2799,California
Modoc,2021-05-19,8,5051,1,556,3,4204,4,291,4,280,4,2527,8,2807,California
Modoc,2021-05-20,57,5108,2,558,46,4250,9,300,8,248,49,2576,17,2824,California
Modoc,2021-05-21,4,5112,2,560,1,4251,1,301,1,247,3,2579,2,2826,California
Modoc,2021-05-22,2,5114,2,562,0,4251,0,301,1,247,1,2580,1,2827,California
Modoc,2021-05-23,2,5116,2,564,0,4251,0,301,0,245,2,2582,0,2827,California
Modoc,2021-05-24,4,5120,1,565,1,4252,2,303,2,247,2,2584,4,2831,California
Modoc,2021-05-25,1,5121,0,565,1,4253,0,303,1,248,0,2584,1,2832,California
Modoc,2021-05-26,34,5155,31,596,3,4256,0,303,24,263,10,2594,25,2857,California
Modoc,2021-05-27,31,5186,3,599,22,4278,6,309,8,254,23,2617,14,2871,California
Modoc,2021-05-28,8,5194,1,600,4,4282,3,312,3,255,5,2622,6,2877,California
Modoc,2021-05-29,1,5195,1,601,0,4282,0,312,0,254,1,2623,0,2877,California
Modoc,2021-06-01,7,5202,0,601,6,4288,1,313,2,252,5,2628,3,2880,California
Modoc,2021-06-02,13,5215,0,601,11,4299,2,315,5,251,8,2636,7,2887,California
Modoc,2021-06-03,24,5239,1,602,21,4320,2,317,4,237,20,2656,6,2893,California
Modoc,2021-06-04,5,5244,3,605,1,4321,1,318,0,233,5,2661,1,2894,California
Modoc,2021-06-07,4,5248,4,609,0,4321,0,318,1,231,3,2664,1,2895,California
Modoc,2021-06-08,24,5272,6,615,17,4338,1,319,18,244,6,2670,19,2914,California
Modoc,2021-06-09,3,5275,2,617,1,4339,0,319,2,245,1,2671,2,2916,California
Modoc,2021-06-10,20,5295,1,618,18,4357,1,320,7,240,13,2684,8,2924,California
Modoc,2021-06-11,2,5297,1,619,1,4358,0,320,2,242,0,2684,2,2926,California
Modoc,2021-06-12,1,5298,1,620,0,4358,0,320,0,241,1,2685,0,2926,California
Modoc,2021-06-14,4,5302,0,620,2,4360,2,322,0,239,4,2689,2,2928,California
Modoc,2021-06-15,6,5308,0,620,4,4364,2,324,3,241,3,2692,5,2933,California
Modoc,2021-06-16,39,5347,25,645,9,4373,5,329,21,250,18,2710,27,2960,California
Modoc,2021-06-17,47,5394,22,667,24,4397,1,330,26,256,21,2731,27,2987,California
Modoc,2021-06-18,5,5399,0,667,3,4400,2,332,3,259,2,2733,5,2992,California
Mono,2020-12-18,1,1,1,1,0,0,0,0,1,1,0,0,1,1,California
Mono,2020-12-19,5,6,5,6,0,0,0,0,5,6,0,0,5,6,California
Mono,2020-12-20,7,13,7,13,0,0,0,0,7,13,0,0,7,13,California
Mono,2020-12-21,24,37,17,30,7,7,0,0,24,37,0,0,24,37,California
Mono,2020-12-22,68,105,67,97,1,8,0,0,68,105,0,0,68,105,California
Mono,2020-12-23,73,178,45,142,28,36,0,0,73,178,0,0,73,178,California
Mono,2020-12-24,3,181,1,143,2,38,0,0,3,181,0,0,3,181,California
Mono,2020-12-26,4,185,4,147,0,38,0,0,4,185,0,0,4,185,California
Mono,2020-12-27,1,186,0,147,1,39,0,0,1,186,0,0,1,186,California
Mono,2020-12-28,93,279,62,209,31,70,0,0,93,279,0,0,93,279,California
Mono,2020-12-29,29,308,29,238,0,70,0,0,29,308,0,0,29,308,California
Mono,2020-12-30,77,385,36,274,41,111,0,0,77,385,0,0,77,385,California
Mono,2020-12-31,4,389,1,275,3,114,0,0,4,389,0,0,4,389,California
Mono,2021-01-01,4,393,4,279,0,114,0,0,4,393,0,0,4,393,California
Mono,2021-01-02,2,395,2,281,0,114,0,0,2,395,0,0,2,395,California
Mono,2021-01-04,2,397,0,281,2,116,0,0,2,397,0,0,2,397,California
Mono,2021-01-05,45,442,2,283,43,159,0,0,44,440,1,1,44,441,California
Mono,2021-01-06,52,494,0,283,52,211,0,0,52,492,0,1,52,493,California
Mono,2021-01-07,55,549,3,286,52,263,0,0,53,544,2,3,54,547,California
Mono,2021-01-08,3,552,1,287,2,265,0,0,2,545,1,4,2,549,California
Mono,2021-01-09,4,556,4,291,0,265,0,0,0,541,4,8,0,549,California
Mono,2021-01-10,5,561,5,296,0,265,0,0,0,536,5,13,0,549,California
Mono,2021-01-11,8,569,5,301,3,268,0,0,4,536,4,17,4,553,California
Mono,2021-01-12,286,855,78,379,208,476,0,0,220,691,65,82,220,773,California
Mono,2021-01-13,238,1093,75,454,163,639,0,0,182,817,56,138,182,955,California
Mono,2021-01-14,75,1168,72,526,3,642,0,0,74,890,1,139,74,1029,California
Mono,2021-01-15,68,1236,2,528,66,708,0,0,68,958,0,139,68,1097,California
Mono,2021-01-16,5,1241,4,532,1,709,0,0,1,955,4,143,1,1098,California
Mono,2021-01-18,63,1304,54,586,9,718,0,0,2,896,61,204,2,1100,California
Mono,2021-01-19,216,1520,213,799,3,721,0,0,177,1035,39,243,178,1278,California
Mono,2021-01-20,235,1755,202,1001,33,754,0,0,174,1148,61,304,174,1452,California
Mono,2021-01-21,7,1762,4,1005,3,757,0,0,7,1155,0,304,7,1459,California
Mono,2021-01-22,5,1767,0,1005,5,762,0,0,5,1160,0,304,5,1464,California
Mono,2021-01-23,600,2367,600,1605,0,762,0,0,599,1758,1,305,599,2063,California
Mono,2021-01-24,1,2368,0,1605,1,763,0,0,0,1757,1,306,0,2063,California
Mono,2021-01-25,203,2571,166,1771,37,800,0,0,165,1884,38,344,165,2228,California
Mono,2021-01-26,511,3082,509,2280,2,802,0,0,505,2383,6,350,505,2733,California
Mono,2021-01-27,5,3087,1,2281,4,806,0,0,5,2388,0,350,5,2738,California
Mono,2021-01-28,6,3093,2,2283,4,810,0,0,2,2386,4,354,2,2740,California
Mono,2021-01-30,200,3293,198,2481,2,812,0,0,199,2584,1,355,199,2939,California
Mono,2021-01-31,252,3545,139,2620,113,925,0,0,140,2612,112,467,140,3079,California
Mono,2021-02-01,27,3572,27,2647,0,925,0,0,0,2585,27,494,0,3079,California
Mono,2021-02-02,5,3577,0,2647,5,930,0,0,2,2584,3,497,2,3081,California
Mono,2021-02-03,6,3583,2,2649,4,934,0,0,3,2584,3,500,3,3084,California
Mono,2021-02-04,214,3797,158,2807,56,990,0,0,91,2554,121,621,91,3175,California
Mono,2021-02-05,624,4421,618,3425,6,996,0,0,621,3172,3,624,621,3796,California
Mono,2021-02-06,136,4557,135,3560,1,997,0,0,135,3306,1,625,135,3931,California
Mono,2021-02-07,2,4559,0,3560,2,999,0,0,2,3308,0,625,2,3933,California
Mono,2021-02-08,175,4734,174,3734,1,1000,0,0,16,3166,158,783,16,3949,California
Mono,2021-02-09,229,4963,8,3742,221,1221,0,0,14,2965,215,998,14,3963,California
Mono,2021-02-10,539,5502,189,3931,350,1571,0,0,192,2811,347,1345,193,4156,California
Mono,2021-02-11,9,5511,5,3936,4,1575,0,0,3,2808,6,1351,3,4159,California
Mono,2021-02-12,93,5604,22,3958,71,1646,0,0,28,2771,65,1416,28,4187,California
Mono,2021-02-13,594,6198,594,4552,0,1646,0,0,26,2230,567,1983,26,4213,California
Mono,2021-02-15,168,6366,166,4718,2,1648,0,0,3,2070,163,2146,3,4216,California
Mono,2021-02-16,524,6890,519,5237,5,1653,0,0,46,1642,475,2621,47,4263,California
Mono,2021-02-17,6,6896,2,5239,4,1657,0,0,2,1640,4,2625,2,4265,California
Mono,2021-02-18,6,6902,2,5241,4,1661,0,0,2,1638,4,2629,2,4267,California
Mono,2021-02-19,54,6956,53,5294,1,1662,0,0,54,1692,0,2629,54,4321,California
Mono,2021-02-20,6,6962,6,5300,0,1662,0,0,6,1698,0,2629,6,4327,California
Mono,2021-02-21,9,6971,9,5309,0,1662,0,0,7,1703,2,2631,7,4334,California
Mono,2021-02-22,283,7254,282,5591,1,1663,0,0,24,1469,258,2889,24,4358,California
Mono,2021-02-23,142,7396,119,5710,23,1686,0,0,26,1379,116,3005,26,4384,California
Mono,2021-02-24,12,7408,3,5713,9,1695,0,0,4,1375,8,3013,4,4388,California
Mono,2021-02-25,5,7413,2,5715,3,1698,0,0,3,1377,1,3014,3,4391,California
Mono,2021-02-26,605,8018,603,6318,2,1700,0,0,20,813,584,3598,20,4411,California
Mono,2021-02-27,139,8157,135,6453,4,1704,0,0,4,684,133,3731,4,4415,California
Mono,2021-02-28,1,8158,0,6453,0,1704,1,1,0,684,1,3732,1,4416,California
Mono,2021-03-01,3,8161,2,6455,1,1705,0,1,2,686,0,3732,2,4418,California
Mono,2021-03-02,8,8169,4,6459,4,1709,0,1,6,690,2,3734,6,4424,California
Mono,2021-03-03,114,8283,3,6462,111,1820,0,1,110,797,3,3737,110,4534,California
Mono,2021-03-04,7,8290,2,6464,5,1825,0,1,3,796,4,3741,3,4537,California
Mono,2021-03-05,41,8331,30,6494,11,1836,0,1,14,783,27,3768,14,4551,California
Mono,2021-03-06,517,8848,18,6512,499,2335,0,1,508,1285,7,3775,509,5060,California
Mono,2021-03-07,1,8849,0,6512,1,2336,0,1,0,1284,1,3776,0,5060,California
Mono,2021-03-08,549,9398,11,6523,535,2871,3,4,538,1814,11,3787,541,5601,California
Mono,2021-03-09,6,9404,2,6525,3,2874,1,5,3,1816,2,3789,4,5605,California
Mono,2021-03-10,286,9690,91,6616,192,3066,3,8,9,1554,274,4063,12,5617,California
Mono,2021-03-11,10,9700,0,6616,1,3067,9,17,0,1553,10,4073,9,5626,California
Mono,2021-03-12,7,9707,1,6617,1,3068,5,22,0,1551,7,4080,5,5631,California
Mono,2021-03-13,838,10545,397,7014,440,3508,1,23,826,2366,12,4092,827,6458,California
Mono,2021-03-14,7,10552,7,7021,0,3508,0,23,1,2361,6,4098,1,6459,California
Mono,2021-03-15,31,10583,23,7044,3,3511,5,28,14,2364,16,4114,19,6478,California
Mono,2021-03-16,17,10600,6,7050,5,3516,6,34,8,2369,9,4123,14,6492,California
Mono,2021-03-17,32,10632,4,7054,20,3536,8,42,20,2385,12,4135,28,6520,California
Mono,2021-03-18,21,10653,2,7056,11,3547,8,50,9,2390,12,4147,17,6537,California
Mono,2021-03-19,21,10674,1,7057,17,3564,3,53,17,2407,3,4150,20,6557,California
Mono,2021-03-20,5,10679,3,7060,1,3565,1,54,4,2411,1,4151,5,6562,California
Mono,2021-03-22,11,10690,0,7060,6,3571,5,59,5,2415,6,4157,10,6572,California
Mono,2021-03-23,45,10735,6,7066,34,3605,5,64,17,2409,28,4185,22,6594,California
Mono,2021-03-24,14,10749,1,7067,8,3613,5,69,5,2411,9,4194,11,6605,California
Mono,2021-03-25,19,10768,3,7070,12,3625,4,73,13,2422,6,4200,17,6622,California
Mono,2021-03-26,19,10787,3,7073,11,3636,5,78,10,2429,8,4208,15,6637,California
Mono,2021-03-27,365,11152,362,7435,3,3639,0,78,339,2742,26,4234,339,6976,California
Mono,2021-03-29,11,11163,2,7437,8,3647,1,79,9,2750,2,4236,10,6986,California
Mono,2021-03-30,14,11177,0,7437,10,3657,4,83,7,2754,7,4243,11,6997,California
Mono,2021-03-31,136,11313,8,7445,127,3784,1,84,24,2668,111,4354,25,7022,California
Mono,2021-04-01,10,11323,0,7445,10,3794,0,84,6,2670,4,4358,6,7028,California
Mono,2021-04-02,18,11341,2,7447,16,3810,0,84,8,2668,10,4368,8,7036,California
Mono,2021-04-03,886,12227,381,7828,505,4315,0,84,50,1885,833,5201,50,7086,California
Mono,2021-04-04,1,12228,1,7829,0,4315,0,84,0,1884,1,5202,0,7086,California
Mono,2021-04-05,546,12774,19,7848,526,4841,1,85,35,1410,510,5712,36,7122,California
Mono,2021-04-06,20,12794,1,7849,6,4847,13,98,2,1407,18,5730,15,7137,California
Mono,2021-04-07,23,12817,2,7851,2,4849,19,117,2,1407,21,5751,21,7158,California
Mono,2021-04-08,25,12842,4,7855,3,4852,18,135,6,1412,19,5770,24,7182,California
Mono,2021-04-09,39,12881,6,7861,4,4856,29,164,9,1420,30,5800,38,7220,California
Mono,2021-04-10,457,13338,2,7863,448,5304,7,171,31,1032,426,6226,38,7258,California
Mono,2021-04-12,6,13344,0,7863,3,5307,3,174,3,1035,3,6229,6,7264,California
Mono,2021-04-13,20,13364,2,7865,17,5324,1,175,14,1044,6,6235,15,7279,California
Mono,2021-04-14,26,13390,2,7867,24,5348,0,175,8,1034,18,6253,8,7287,California
Mono,2021-04-15,20,13410,5,7872,15,5363,0,175,10,1034,10,6263,10,7297,California
Mono,2021-04-16,18,13428,1,7873,17,5380,0,175,7,1030,11,6274,7,7304,California
Mono,2021-04-17,52,13480,2,7875,50,5430,0,175,45,1068,7,6281,45,7349,California
Mono,2021-04-18,1,13481,0,7875,1,5431,0,175,1,1069,0,6281,1,7350,California
Mono,2021-04-19,551,14032,340,8215,211,5642,0,175,205,934,344,6625,209,7559,California
Mono,2021-04-20,14,14046,2,8217,12,5654,0,175,9,938,5,6630,9,7568,California
Mono,2021-04-21,8,14054,1,8218,7,5661,0,175,2,934,6,6636,2,7570,California
Mono,2021-04-22,25,14079,11,8229,14,5675,0,175,11,931,14,6650,11,7581,California
Mono,2021-04-23,22,14101,2,8231,20,5695,0,175,12,933,10,6660,12,7593,California
Mono,2021-04-24,37,14138,23,8254,14,5709,0,175,22,940,15,6675,22,7615,California
Mono,2021-04-25,5,14143,4,8258,1,5710,0,175,5,945,0,6675,5,7620,California
Mono,2021-04-26,14,14157,2,8260,12,5722,0,175,3,937,11,6686,3,7623,California
Mono,2021-04-27,68,14225,41,8301,19,5741,8,183,51,979,17,6703,59,7682,California
Mono,2021-04-28,64,14289,40,8341,19,5760,5,188,48,1018,14,6717,53,7735,California
Mono,2021-04-29,12,14301,3,8344,6,5766,3,191,3,1015,9,6726,6,7741,California
Mono,2021-04-30,19,14320,4,8348,12,5778,3,194,8,1015,11,6737,11,7752,California
Mono,2021-05-01,112,14432,5,8353,107,5885,0,194,99,1102,12,6749,99,7851,California
Mono,2021-05-02,2,14434,2,8355,0,5885,0,194,1,1102,1,6750,1,7852,California
Mono,2021-05-03,2,14436,1,8356,1,5886,0,194,1,1102,1,6751,1,7853,California
Mono,2021-05-04,19,14455,0,8356,14,5900,5,199,10,1108,9,6760,15,7868,California
Mono,2021-05-05,52,14507,8,8364,40,5940,4,203,45,1150,7,6767,49,7917,California
Mono,2021-05-06,15,14522,3,8367,11,5951,1,204,9,1154,6,6773,10,7927,California
Mono,2021-05-07,29,14551,22,8389,7,5958,0,204,25,1175,4,6777,25,7952,California
Mono,2021-05-08,53,14604,7,8396,46,6004,0,204,23,1168,30,6807,23,7975,California
Mono,2021-05-09,1,14605,1,8397,0,6004,0,204,0,1168,0,6807,0,7975,California
Mono,2021-05-10,17,14622,1,8398,12,6016,4,208,9,1173,8,6815,13,7988,California
Mono,2021-05-11,16,14638,2,8400,11,6027,3,211,5,1170,11,6826,8,7996,California
Mono,2021-05-12,12,14650,0,8400,11,6038,1,212,4,1167,8,6834,5,8001,California
Mono,2021-05-13,47,14697,31,8431,15,6053,1,213,38,1197,9,6843,39,8040,California
Mono,2021-05-14,10,14707,1,8432,8,6061,1,214,5,1198,5,6848,6,8046,California
Mono,2021-05-15,71,14778,29,8461,35,6096,7,221,20,1174,51,6899,27,8073,California
Mono,2021-05-16,6,14784,4,8465,1,6097,1,222,2,1173,4,6903,3,8076,California
Mono,2021-05-17,251,15035,34,8499,210,6307,7,229,54,1039,196,7099,62,8138,California
Mono,2021-05-18,133,15168,110,8609,22,6329,1,230,87,1082,46,7145,89,8227,California
Mono,2021-05-19,118,15286,112,8721,1,6330,5,235,75,1119,43,7188,80,8307,California
Mono,2021-05-20,71,15357,56,8777,10,6340,5,240,54,1161,17,7205,59,8366,California
Mono,2021-05-21,24,15381,4,8781,17,6357,3,243,10,1160,14,7219,13,8379,California
Mono,2021-05-22,21,15402,11,8792,8,6365,2,245,15,1171,6,7225,17,8396,California
Mono,2021-05-23,2,15404,0,8792,2,6367,0,245,1,1171,1,7226,1,8397,California
Mono,2021-05-24,15,15419,1,8793,13,6380,1,246,8,1174,7,7233,10,8407,California
Mono,2021-05-25,16,15435,5,8798,11,6391,0,246,9,1176,7,7240,9,8416,California
Mono,2021-05-26,18,15453,2,8800,15,6406,1,247,7,1173,11,7251,8,8424,California
Mono,2021-05-27,9,15462,0,8800,9,6415,0,247,6,1177,2,7253,6,8430,California
Mono,2021-05-28,41,15503,28,8828,13,6428,0,247,10,1156,31,7284,10,8440,California
Mono,2021-05-29,131,15634,27,8855,101,6529,3,250,31,1090,100,7384,34,8474,California
Mono,2021-06-01,15,15649,7,8862,8,6537,0,250,8,1091,7,7391,8,8482,California
Mono,2021-06-02,47,15696,3,8865,44,6581,0,250,10,1064,37,7428,10,8492,California
Mono,2021-06-03,10,15706,1,8866,7,6588,2,252,1,1058,9,7437,3,8495,California
Mono,2021-06-04,13,15719,2,8868,10,6598,1,253,4,1054,9,7446,5,8500,California
Mono,2021-06-05,43,15762,23,8891,20,6618,0,253,5,1021,38,7484,5,8505,California
Mono,2021-06-06,1,15763,0,8891,1,6619,0,253,0,1020,1,7485,0,8505,California
Mono,2021-06-07,99,15862,87,8978,8,6627,4,257,12,949,87,7572,16,8521,California
Mono,2021-06-08,111,15973,101,9079,8,6635,2,259,12,864,99,7671,14,8535,California
Mono,2021-06-09,8,15981,3,9082,5,6640,0,259,1,858,7,7678,1,8536,California
Mono,2021-06-10,6,15987,0,9082,4,6644,2,261,2,858,4,7682,4,8540,California
Mono,2021-06-11,74,16061,62,9144,7,6651,5,266,7,803,67,7749,12,8552,California
Mono,2021-06-12,1,16062,1,9145,0,6651,0,266,0,802,1,7750,0,8552,California
Mono,2021-06-13,1,16063,0,9145,1,6652,0,266,1,803,0,7750,1,8553,California
Mono,2021-06-14,64,16127,30,9175,28,6680,6,272,20,785,44,7794,26,8579,California
Mono,2021-06-15,8,16135,5,9180,3,6683,0,272,4,785,4,7798,4,8583,California
Mono,2021-06-16,14,16149,5,9185,9,6692,0,272,6,783,8,7806,6,8589,California
Mono,2021-06-17,6,16155,2,9187,3,6695,1,273,3,784,3,7809,4,8593,California
Mono,2021-06-18,6,16161,3,9190,2,6697,1,274,2,784,3,7812,3,8596,California
Mono,2021-06-19,2,16163,2,9192,0,6697,0,274,2,786,0,7812,2,8598,California
Monterey,2020-12-16,6,6,6,6,0,0,0,0,6,6,0,0,6,6,California
Monterey,2020-12-17,89,95,89,95,0,0,0,0,89,95,0,0,89,95,California
Monterey,2020-12-18,494,589,494,589,0,0,0,0,494,589,0,0,494,589,California
Monterey,2020-12-19,583,1172,582,1171,1,1,0,0,582,1171,0,0,582,1171,California
Monterey,2020-12-20,422,1594,422,1593,0,1,0,0,422,1593,0,0,422,1593,California
Monterey,2020-12-21,726,2320,726,2319,0,1,0,0,726,2319,0,0,726,2319,California
Monterey,2020-12-22,547,2867,534,2853,13,14,0,0,547,2866,0,0,547,2866,California
Monterey,2020-12-23,446,3313,268,3121,178,192,0,0,446,3312,0,0,446,3312,California
Monterey,2020-12-24,86,3399,10,3131,76,268,0,0,86,3398,0,0,86,3398,California
Monterey,2020-12-25,6,3405,0,3131,6,274,0,0,6,3404,0,0,6,3404,California
Monterey,2020-12-26,92,3497,5,3136,87,361,0,0,92,3496,0,0,92,3496,California
Monterey,2020-12-27,7,3504,4,3140,3,364,0,0,7,3503,0,0,7,3503,California
Monterey,2020-12-28,489,3993,26,3166,463,827,0,0,489,3992,0,0,489,3992,California
Monterey,2020-12-29,916,4909,172,3338,744,1571,0,0,916,4908,0,0,916,4908,California
Monterey,2020-12-30,575,5484,101,3439,474,2045,0,0,575,5483,0,0,575,5483,California
Monterey,2020-12-31,36,5520,11,3450,25,2070,0,0,36,5519,0,0,36,5519,California
Monterey,2021-01-01,13,5533,3,3453,10,2080,0,0,13,5532,0,0,13,5532,California
Monterey,2021-01-02,138,5671,135,3588,3,2083,0,0,138,5670,0,0,138,5670,California
Monterey,2021-01-03,31,5702,30,3618,1,2084,0,0,31,5701,0,0,31,5701,California
Monterey,2021-01-04,416,6118,20,3638,396,2480,0,0,416,6117,0,0,416,6117,California
Monterey,2021-01-05,768,6886,336,3974,432,2912,0,0,754,6857,14,14,754,6871,California
Monterey,2021-01-06,672,7558,181,4155,491,3403,0,0,648,7481,24,38,648,7519,California
Monterey,2021-01-07,764,8322,582,4737,182,3585,0,0,434,7587,328,366,434,7953,California
Monterey,2021-01-08,1116,9438,749,5486,367,3952,0,0,408,7287,708,1074,408,8361,California
Monterey,2021-01-09,978,10416,939,6425,39,3991,0,0,325,6961,651,1725,325,8686,California
Monterey,2021-01-10,275,10691,273,6698,2,3993,0,0,8,6702,267,1992,8,8694,California
Monterey,2021-01-11,1083,11774,993,7691,90,4083,0,0,375,6369,708,2700,375,9069,California
Monterey,2021-01-12,489,12263,403,8094,86,4169,0,0,223,6326,266,2966,223,9292,California
Monterey,2021-01-13,1233,13496,598,8692,635,4804,0,0,1188,7469,45,3011,1188,10480,California
Monterey,2021-01-14,1138,14634,171,8863,967,5771,0,0,1117,8569,21,3032,1121,11601,California
Monterey,2021-01-15,1083,15717,46,8909,1037,6808,0,0,1071,9628,12,3044,1071,12672,California
Monterey,2021-01-16,369,16086,303,9212,66,6874,0,0,364,9987,5,3049,364,13036,California
Monterey,2021-01-17,312,16398,293,9505,19,6893,0,0,299,10273,13,3062,299,13335,California
Monterey,2021-01-18,412,16810,51,9556,361,7254,0,0,389,10639,23,3085,389,13724,California
Monterey,2021-01-19,598,17408,403,9959,195,7449,0,0,433,10909,163,3248,433,14157,California
Monterey,2021-01-20,558,17966,273,10232,285,7734,0,0,344,11039,214,3462,344,14501,California
Monterey,2021-01-21,901,18867,95,10327,806,8540,0,0,789,11720,112,3574,793,15294,California
Monterey,2021-01-22,1096,19963,204,10531,892,9432,0,0,1055,12734,41,3615,1055,16349,California
Monterey,2021-01-23,250,20213,178,10709,72,9504,0,0,125,12737,124,3739,127,16476,California
Monterey,2021-01-24,60,20273,38,10747,22,9526,0,0,26,12729,34,3773,26,16502,California
Monterey,2021-01-25,846,21119,185,10932,661,10187,0,0,206,12302,633,4406,206,16708,California
Monterey,2021-01-26,993,22112,231,11163,762,10949,0,0,282,11873,711,5117,282,16990,California
Monterey,2021-01-27,914,23026,319,11482,595,11544,0,0,427,11813,487,5604,427,17417,California
Monterey,2021-01-28,2082,25108,750,12232,1332,12876,0,0,1732,13197,350,5954,1734,19151,California
Monterey,2021-01-29,1312,26420,720,12952,592,13468,0,0,1194,14275,117,6071,1195,20346,California
Monterey,2021-01-30,491,26911,302,13254,189,13657,0,0,231,14246,260,6331,231,20577,California
Monterey,2021-01-31,514,27425,86,13340,428,14085,0,0,503,14739,11,6342,504,21081,California
Monterey,2021-02-01,1684,29109,1166,14506,518,14603,0,0,1110,15276,573,6915,1110,22191,California
Monterey,2021-02-02,2201,31310,464,14970,1737,16340,0,0,1588,16252,612,7527,1588,23779,California
Monterey,2021-02-03,2396,33706,1087,16057,1309,17649,0,0,1610,17080,782,8309,1610,25389,California
Monterey,2021-02-04,2844,36550,2107,18164,737,18386,0,0,2527,19293,314,8623,2527,27916,California
Monterey,2021-02-05,3742,40292,2878,21042,864,19250,0,0,3292,22140,445,9068,3292,31208,California
Monterey,2021-02-06,1144,41436,383,21425,761,20011,0,0,790,22578,352,9420,790,31998,California
Monterey,2021-02-07,327,41763,269,21694,58,20069,0,0,108,22467,219,9639,108,32106,California
Monterey,2021-02-08,542,42305,293,21987,249,20318,0,0,441,22807,101,9740,441,32547,California
Monterey,2021-02-09,934,43239,714,22701,220,20538,0,0,616,23107,318,10058,618,33165,California
Monterey,2021-02-10,2148,45387,1121,23822,1027,21565,0,0,1282,23525,866,10924,1284,34449,California
Monterey,2021-02-11,2544,47931,976,24798,1568,23133,0,0,1573,24131,969,11893,1575,36024,California
Monterey,2021-02-12,2646,50577,435,25233,2211,25344,0,0,1546,24579,1099,12992,1547,37571,California
Monterey,2021-02-13,1107,51684,50,25283,1057,26401,0,0,1013,25499,93,13085,1013,38584,California
Monterey,2021-02-14,629,52313,74,25357,555,26956,0,0,557,25984,72,13157,557,39141,California
Monterey,2021-02-15,1402,53715,168,25525,1234,28190,0,0,1000,26585,400,13557,1001,40142,California
Monterey,2021-02-16,1117,54832,250,25775,867,29057,0,0,888,27244,229,13786,888,41030,California
Monterey,2021-02-17,2015,56847,1195,26970,820,29877,0,0,1682,28598,330,14116,1684,42714,California
Monterey,2021-02-18,2300,59147,1187,28157,1113,30990,0,0,929,28172,1357,15473,931,43645,California
Monterey,2021-02-19,3008,62155,1558,29715,1450,32440,0,0,1381,27929,1626,17099,1383,45028,California
Monterey,2021-02-20,1115,63270,690,30405,425,32865,0,0,1050,28916,64,17163,1051,46079,California
Monterey,2021-02-21,1289,64559,1254,31659,35,32900,0,0,1207,30044,80,17243,1208,47287,California
Monterey,2021-02-22,1068,65627,903,32562,165,33065,0,0,670,30318,396,17639,670,47957,California
Monterey,2021-02-23,1021,66648,634,33196,387,33452,0,0,317,29933,703,18342,318,48275,California
Monterey,2021-02-24,2555,69203,1359,34555,1196,34648,0,0,1872,31128,678,19020,1873,50148,California
Monterey,2021-02-25,4517,73720,2470,37025,2047,36695,0,0,1529,29678,2981,22001,1531,51679,California
Monterey,2021-02-26,5371,79091,3125,40150,2246,38941,0,0,2667,29646,2701,24702,2669,54348,California
Monterey,2021-02-27,1070,80161,202,40352,868,39809,0,0,839,30259,226,24928,839,55187,California
Monterey,2021-02-28,1561,81722,86,40438,1475,41284,0,0,1089,30881,467,25395,1089,56276,California
Monterey,2021-03-01,1340,83062,179,40617,1158,42442,3,3,770,31090,565,25960,774,57050,California
Monterey,2021-03-02,2879,85941,1750,42367,1129,43571,0,3,1994,32203,881,26841,1994,59044,California
Monterey,2021-03-03,3283,89224,1255,43622,2028,45599,0,3,1319,31562,1961,28802,1320,60364,California
Monterey,2021-03-04,4709,93933,1492,45114,3217,48816,0,3,3052,32964,1652,30454,3054,63418,California
Monterey,2021-03-05,3721,97654,1639,46753,1803,50619,279,282,3039,35601,681,31135,3318,66736,California
Monterey,2021-03-06,5236,102890,1175,47928,3752,54371,309,591,4297,39270,936,32071,4605,71341,California
Monterey,2021-03-07,534,103424,105,48033,177,54548,252,843,231,39448,303,32374,481,71822,California
Monterey,2021-03-08,1683,105107,330,48363,963,55511,390,1233,1127,40407,556,32930,1515,73337,California
Monterey,2021-03-09,2052,107159,699,49062,1078,56589,275,1508,1535,41699,516,33446,1808,75145,California
Monterey,2021-03-10,3296,110455,1052,50114,1752,58341,492,2000,1527,41953,1765,35211,2019,77164,California
Monterey,2021-03-11,4243,114698,1433,51547,2432,60773,378,2378,2431,42957,1805,37016,2809,79973,California
Monterey,2021-03-12,4498,119196,2071,53618,2272,63045,155,2533,2770,44155,1725,38741,2923,82896,California
Monterey,2021-03-13,5433,124629,1038,54656,4044,67089,351,2884,4041,47156,1391,40132,4392,87288,California
Monterey,2021-03-14,2206,126835,1363,56019,818,67907,25,2909,595,46175,1601,41733,620,87908,California
Monterey,2021-03-15,4025,130860,1286,57305,2448,70355,291,3200,2299,47044,1722,43455,2591,90499,California
Monterey,2021-03-16,3580,134440,594,57899,2610,72965,376,3576,2139,48117,1439,44894,2512,93011,California
Monterey,2021-03-17,5992,140432,2452,60351,3284,76249,256,3832,4355,51103,1630,46524,4616,97627,California
Monterey,2021-03-18,4585,145017,2238,62589,2176,78425,171,4003,3180,53091,1400,47924,3388,101015,California
Monterey,2021-03-19,5581,150598,2593,65182,2826,81251,162,4165,4254,56186,1321,49245,4416,105431,California
Monterey,2021-03-20,3403,154001,440,65622,2269,83520,694,4859,2298,58077,1101,50346,2992,108423,California
Monterey,2021-03-21,652,154653,215,65837,427,83947,10,4869,573,58583,76,50422,582,109005,California
Monterey,2021-03-22,2530,157183,1471,67308,996,84943,63,4932,2304,60726,222,50644,2365,111370,California
Monterey,2021-03-23,4101,161284,2418,69726,1640,86583,43,4975,2610,61894,1485,52129,2653,114023,California
Monterey,2021-03-24,5249,166533,2215,71941,2715,89298,319,5294,3861,64686,1385,53514,4177,118200,California
Monterey,2021-03-25,5385,171918,1251,73192,3772,93070,362,5656,2706,65086,2669,56183,3069,121269,California
Monterey,2021-03-26,5556,177474,2679,75871,2799,95869,78,5734,2867,65355,2678,58861,2947,124216,California
Monterey,2021-03-27,5039,182513,1575,77446,3206,99075,258,5992,3194,66967,1842,60703,3454,127670,California
Monterey,2021-03-28,1138,183651,356,77802,773,99848,9,6001,642,67128,490,61193,651,128321,California
Monterey,2021-03-29,3272,186923,1441,79243,1817,101665,14,6015,2034,67951,1230,62423,2053,130374,California
Monterey,2021-03-30,4608,191531,2157,81400,2396,104061,55,6070,2808,69028,1789,64212,2866,133240,California
Monterey,2021-03-31,5567,197098,2501,83901,2265,106326,801,6871,3533,71322,2031,66243,4325,137565,California
Monterey,2021-04-01,6296,203394,2109,86010,3773,110099,414,7285,3165,71780,3116,69359,3574,141139,California
Monterey,2021-04-02,4805,208199,2238,88248,2492,112591,75,7360,3214,73485,1588,70947,3293,144432,California
Monterey,2021-04-03,6022,214221,1150,89398,3812,116403,1060,8420,1253,71030,4760,75707,2305,146737,California
Monterey,2021-04-04,792,215013,177,89575,602,117005,13,8433,506,71266,286,75993,522,147259,California
Monterey,2021-04-05,4057,219070,2502,92077,1316,118321,239,8672,1506,70463,2546,78539,1743,149002,California
Monterey,2021-04-06,3545,222615,1384,93461,1678,119999,483,9155,1222,69845,2320,80859,1702,150704,California
Monterey,2021-04-07,5780,228395,1439,94900,3817,123816,524,9679,2739,70073,3030,83889,3258,153962,California
Monterey,2021-04-08,6876,235271,3621,98521,2419,126235,836,10515,3411,70863,3458,87347,4248,158210,California
Monterey,2021-04-09,5863,241134,3487,102008,1723,127958,653,11168,2341,70336,3519,90866,2992,161202,California
Monterey,2021-04-10,10373,251507,5025,107033,3144,131102,2204,13372,5061,72297,5301,96167,7262,168464,California
Monterey,2021-04-11,5603,257110,4406,111439,580,131682,617,13989,4538,76386,1059,97226,5148,173612,California
Monterey,2021-04-12,4228,261338,1914,113353,1976,133658,338,14327,976,74587,3113,100339,1314,174926,California
Monterey,2021-04-13,3294,264632,769,114122,2520,136178,5,14332,1587,74492,1689,102028,1594,176520,California
Monterey,2021-04-14,7043,271675,3284,117406,3756,139934,3,14335,1920,71317,5102,107130,1927,178447,California
Monterey,2021-04-15,6042,277717,3986,121392,2056,141990,0,14335,3931,73167,2082,109212,3932,182379,California
Monterey,2021-04-16,5089,282806,2609,124001,2470,144460,10,14345,2383,72878,2694,111906,2405,184784,California
Monterey,2021-04-17,5871,288677,1409,125410,4462,148922,0,14345,3797,74616,2060,113966,3798,188582,California
Monterey,2021-04-18,876,289553,270,125680,606,149528,0,14345,251,74246,621,114587,251,188833,California
Monterey,2021-04-19,3653,293206,1181,126861,2472,152000,0,14345,1665,73935,1979,116566,1668,190501,California
Monterey,2021-04-20,3965,297171,1660,128521,2305,154305,0,14345,1636,73277,2305,118871,1647,192148,California
Monterey,2021-04-21,6159,303330,3353,131874,2806,157111,0,14345,2995,73147,3127,121998,2997,195145,California
Monterey,2021-04-22,4930,308260,1085,132959,3845,160956,0,14345,2045,72352,2842,124840,2047,197192,California
Monterey,2021-04-23,5710,313970,2663,135622,3046,164002,1,14346,2260,71187,3431,128271,2266,199458,California
Monterey,2021-04-24,4354,318324,599,136221,3755,167757,0,14346,1561,69973,2775,131046,1561,201019,California
Monterey,2021-04-25,1267,319591,632,136853,635,168392,0,14346,805,70326,452,131498,805,201824,California
Monterey,2021-04-26,3785,323376,2233,139086,1535,169927,17,14363,1006,68595,2754,134252,1023,202847,California
Monterey,2021-04-27,2927,326303,962,140048,1826,171753,139,14502,1266,68342,1657,135909,1404,204251,California
Monterey,2021-04-28,3727,330030,1435,141483,2139,173892,153,14655,2304,69386,1408,137317,2452,206703,California
Monterey,2021-04-29,4644,334674,2519,144002,2047,175939,78,14733,1703,68239,2929,140246,1782,208485,California
Monterey,2021-04-30,3245,337919,1683,145685,1488,177427,74,14807,824,66724,2411,142657,896,209381,California
Monterey,2021-05-01,5686,343605,4286,149971,1359,178786,41,14848,694,62486,4971,147628,733,210114,California
Monterey,2021-05-02,4415,348020,3983,153954,405,179191,27,14875,311,58734,4090,151718,338,210452,California
Monterey,2021-05-03,2568,350588,1588,155542,865,180056,115,14990,601,57493,1957,153675,716,211168,California
Monterey,2021-05-04,1863,352451,651,156193,1119,181175,93,15083,660,57058,1189,154864,754,211922,California
Monterey,2021-05-05,3414,355865,1259,157452,2070,183245,85,15168,1081,55905,2320,157184,1167,213089,California
Monterey,2021-05-06,4246,360111,2788,160240,1236,184481,222,15390,1144,54185,3085,160269,1365,214454,California
Monterey,2021-05-07,2075,362186,1047,161287,926,185407,102,15492,705,53629,1362,161631,806,215260,California
Monterey,2021-05-08,2639,364825,1399,162686,919,186326,321,15813,940,53201,1688,163319,1260,216520,California
Monterey,2021-05-09,409,365234,126,162812,256,186582,27,15840,146,53112,262,163581,173,216693,California
Monterey,2021-05-10,2834,368068,2083,164895,701,187283,50,15890,528,51397,2295,165876,580,217273,California
Monterey,2021-05-11,1913,369981,986,165881,847,188130,80,15970,784,51146,1116,166992,865,218138,California
Monterey,2021-05-12,3979,373960,2091,167972,1802,189932,86,16056,881,49030,3084,170076,968,219106,California
Monterey,2021-05-13,2629,376589,1543,169515,1030,190962,56,16112,1509,49485,1108,171184,1563,220669,California
Monterey,2021-05-14,1852,378441,550,170065,1201,192163,101,16213,741,49225,1102,172286,842,221511,California
Monterey,2021-05-15,3409,381850,831,170896,2311,194474,267,16480,966,48024,2430,174716,1229,222740,California
Monterey,2021-05-16,926,382776,568,171464,284,194758,74,16554,235,47647,685,175401,308,223048,California
Monterey,2021-05-17,2225,385001,1317,172781,828,195586,80,16634,1044,47602,1169,176570,1124,224172,California
Monterey,2021-05-18,1821,386822,744,173525,1030,196616,47,16681,852,47542,961,177531,901,225073,California
Monterey,2021-05-19,3702,390524,2394,175919,1217,197833,91,16772,1966,47871,1729,179260,2058,227131,California
Monterey,2021-05-20,2856,393380,1033,176952,1713,199546,110,16882,972,47086,1870,181130,1085,228216,California
Monterey,2021-05-21,3314,396694,1343,178295,1876,201422,95,16977,1044,45968,2256,183386,1138,229354,California
Monterey,2021-05-22,2143,398837,742,179037,1120,202542,281,17258,810,45732,1325,184711,1089,230443,California
Monterey,2021-05-23,849,399686,493,179530,340,202882,16,17274,486,45877,357,185068,502,230945,California
Monterey,2021-05-24,1691,401377,511,180041,1120,204002,60,17334,544,45339,1143,186211,605,231550,California
Monterey,2021-05-25,1485,402862,572,180613,842,204844,71,17405,576,45096,891,187102,648,232198,California
Monterey,2021-05-26,2732,405594,1067,181680,1609,206453,56,17461,1037,44514,1677,188779,1095,233293,California
Monterey,2021-05-27,2522,408116,1376,183056,1088,207541,58,17519,903,43874,1602,190381,962,234255,California
Monterey,2021-05-28,1749,409865,582,183638,1107,208648,60,17579,767,43732,970,191351,828,235083,California
Monterey,2021-05-29,991,410856,636,184274,322,208970,33,17612,416,43612,570,191921,450,235533,California
Monterey,2021-05-30,385,411241,166,184440,204,209174,15,17627,148,43539,236,192157,163,235696,California
Monterey,2021-05-31,187,411428,33,184473,145,209319,9,17636,54,43469,133,192290,63,235759,California
Monterey,2021-06-01,1752,413180,944,185417,673,209992,135,17771,557,42978,1179,193469,688,236447,California
Monterey,2021-06-02,1713,414893,989,186406,674,210666,50,17821,720,42760,988,194457,770,237217,California
Monterey,2021-06-03,2259,417152,1436,187842,786,211452,37,17858,576,41698,1674,196131,612,237829,California
Monterey,2021-06-04,1348,418500,709,188551,604,212056,35,17893,564,41521,776,196907,599,238428,California
Monterey,2021-06-05,2161,420661,859,189410,692,212748,610,18503,475,40926,1672,198579,1077,239505,California
Monterey,2021-06-06,519,421180,431,189841,79,212827,9,18512,318,41052,200,198779,326,239831,California
Monterey,2021-06-07,952,422132,505,190346,402,213229,45,18557,405,40964,536,199315,448,240279,California
Monterey,2021-06-08,1221,423353,777,191123,420,213649,24,18581,433,40643,777,200092,456,240735,California
Monterey,2021-06-09,2935,426288,2207,193330,602,214251,126,18707,649,39135,2282,202374,774,241509,California
Monterey,2021-06-10,1531,427819,948,194278,520,214771,63,18770,542,38757,981,203355,603,242112,California
Monterey,2021-06-11,1425,429244,776,195054,558,215329,91,18861,516,38461,901,204256,605,242717,California
Monterey,2021-06-12,750,429994,511,195565,224,215553,15,18876,351,38431,396,204652,366,243083,California
Monterey,2021-06-13,593,430587,459,196024,122,215675,12,18888,123,38099,467,205119,135,243218,California
Monterey,2021-06-14,1399,431986,1007,197031,356,216031,36,18924,402,37545,992,206111,438,243656,California
Monterey,2021-06-15,1176,433162,601,197632,451,216482,124,19048,411,37324,756,206867,535,244191,California
Monterey,2021-06-16,1574,434736,1131,198763,410,216892,33,19081,405,36601,1160,208027,437,244628,California
Monterey,2021-06-17,1163,435899,681,199444,332,217224,150,19231,413,36422,742,208769,563,245191,California
Monterey,2021-06-18,1203,437102,733,200177,449,217673,21,19252,543,36333,653,209422,564,245755,California
Monterey,2021-06-19,794,437896,700,200877,68,217741,26,19278,207,35979,587,210009,233,245988,California
Napa,2020-12-16,11,11,11,11,0,0,0,0,11,11,0,0,11,11,California
Napa,2020-12-17,47,58,47,58,0,0,0,0,47,58,0,0,47,58,California
Napa,2020-12-18,104,162,104,162,0,0,0,0,104,162,0,0,104,162,California
Napa,2020-12-19,223,385,223,385,0,0,0,0,223,385,0,0,223,385,California
Napa,2020-12-20,191,576,191,576,0,0,0,0,191,576,0,0,191,576,California
Napa,2020-12-21,319,895,319,895,0,0,0,0,320,896,0,0,320,896,California
Napa,2020-12-22,341,1236,332,1227,9,9,0,0,341,1237,0,0,341,1237,California
Napa,2020-12-23,445,1681,331,1558,114,123,0,0,445,1682,0,0,445,1682,California
Napa,2020-12-24,141,1822,79,1637,62,185,0,0,141,1823,0,0,141,1823,California
Napa,2020-12-25,1,1823,1,1638,0,185,0,0,1,1824,0,0,1,1824,California
Napa,2020-12-26,39,1862,11,1649,28,213,0,0,39,1863,0,0,39,1863,California
Napa,2020-12-27,32,1894,16,1665,16,229,0,0,32,1895,0,0,32,1895,California
Napa,2020-12-28,253,2147,186,1851,67,296,0,0,280,2175,0,0,280,2175,California
Napa,2020-12-29,272,2419,218,2069,54,350,0,0,305,2480,0,0,305,2480,California
Napa,2020-12-30,640,3059,488,2557,152,502,0,0,648,3128,0,0,648,3128,California
Napa,2020-12-31,458,3517,370,2927,88,590,0,0,458,3586,0,0,458,3586,California
Napa,2021-01-01,1,3518,1,2928,0,590,0,0,1,3587,0,0,1,3587,California
Napa,2021-01-02,97,3615,92,3020,5,595,0,0,97,3684,0,0,97,3684,California
Napa,2021-01-03,13,3628,11,3031,2,597,0,0,9,3693,0,0,9,3693,California
Napa,2021-01-04,107,3735,64,3095,43,640,0,0,107,3800,0,0,107,3800,California
Napa,2021-01-05,164,3899,87,3182,77,717,0,0,147,3923,24,24,147,3947,California
Napa,2021-01-06,467,4366,115,3297,352,1069,0,0,401,4260,64,88,401,4348,California
Napa,2021-01-07,510,4876,246,3543,264,1333,0,0,399,4549,110,198,399,4747,California
Napa,2021-01-08,441,5317,225,3768,216,1549,0,0,259,4627,181,379,259,5006,California
Napa,2021-01-09,329,5646,303,4071,26,1575,0,0,191,4680,138,517,191,5197,California
Napa,2021-01-10,185,5831,102,4173,83,1658,0,0,108,4711,77,594,108,5305,California
Napa,2021-01-11,890,6721,431,4604,459,2117,0,0,512,4846,379,973,514,5819,California
Napa,2021-01-12,1338,8059,384,4988,954,3071,0,0,1013,5534,325,1298,1013,6832,California
Napa,2021-01-13,1318,9377,268,5256,1050,4121,0,0,1152,6522,165,1463,1153,7985,California
Napa,2021-01-14,1057,10434,170,5426,887,5008,0,0,940,7347,115,1578,940,8925,California
Napa,2021-01-15,1470,11904,389,5815,1081,6089,0,0,1323,8516,155,1733,1324,10249,California
Napa,2021-01-16,361,12265,135,5950,226,6315,0,0,343,8841,18,1751,343,10592,California
Napa,2021-01-17,341,12606,178,6128,163,6478,0,0,331,9162,10,1761,331,10923,California
Napa,2021-01-18,1082,13688,195,6323,887,7365,0,0,991,10062,91,1852,991,11914,California
Napa,2021-01-19,1013,14701,412,6735,601,7966,0,0,767,10584,245,2097,767,12681,California
Napa,2021-01-20,838,15539,191,6926,647,8613,0,0,648,11045,188,2285,649,13330,California
Napa,2021-01-21,1326,16865,361,7287,965,9578,0,0,1072,11865,253,2538,1073,14403,California
Napa,2021-01-22,1546,18411,414,7701,1132,10710,0,0,1218,12757,327,2865,1219,15622,California
Napa,2021-01-23,401,18812,319,8020,82,10792,0,0,338,13032,63,2928,338,15960,California
Napa,2021-01-24,266,19078,186,8206,80,10872,0,0,207,13180,59,2987,207,16167,California
Napa,2021-01-25,1528,20606,229,8435,1299,12171,0,0,1438,14528,90,3077,1438,17605,California
Napa,2021-01-26,874,21480,282,8717,592,12763,0,0,781,15217,93,3170,782,18387,California
Napa,2021-01-27,635,22115,221,8938,414,13177,0,0,471,15524,165,3335,472,18859,California
Napa,2021-01-28,394,22509,177,9115,217,13394,0,0,199,15530,193,3528,199,19058,California
Napa,2021-01-29,264,22773,64,9179,200,13594,0,0,168,15602,96,3624,168,19226,California
Napa,2021-01-30,825,23598,712,9891,113,13707,0,0,655,16087,170,3794,655,19881,California
Napa,2021-01-31,698,24296,666,10557,32,13739,0,0,674,16737,24,3818,674,20555,California
Napa,2021-02-01,325,24621,111,10668,214,13953,0,0,166,16744,159,3977,166,20721,California
Napa,2021-02-02,613,25234,281,10949,332,14285,0,0,299,16732,311,4288,299,21020,California
Napa,2021-02-03,740,25974,307,11256,433,14718,0,0,424,16841,315,4603,424,21444,California
Napa,2021-02-04,789,26763,372,11628,417,15135,0,0,437,16928,350,4953,437,21881,California
Napa,2021-02-05,712,27475,308,11936,404,15539,0,0,339,16894,373,5326,339,22220,California
Napa,2021-02-06,436,27911,143,12079,293,15832,0,0,328,17114,108,5434,328,22548,California
Napa,2021-02-07,174,28085,160,12239,14,15846,0,0,66,17072,108,5542,66,22614,California
Napa,2021-02-08,840,28925,191,12430,649,16495,0,0,274,16782,564,6106,274,22888,California
Napa,2021-02-09,1090,30015,450,12880,640,17135,0,0,441,16575,648,6754,441,23329,California
Napa,2021-02-10,1739,31754,192,13072,1547,18682,0,0,455,15750,1281,8035,456,23785,California
Napa,2021-02-11,1486,33240,184,13256,1302,19984,0,0,402,15081,1071,9106,402,24187,California
Napa,2021-02-12,2153,35393,836,14092,1317,21301,0,0,714,14360,1435,10541,714,24901,California
Napa,2021-02-13,513,35906,55,14147,458,21759,0,0,324,14495,189,10730,324,25225,California
Napa,2021-02-14,329,36235,66,14213,263,22022,0,0,169,14504,160,10890,169,25394,California
Napa,2021-02-15,886,37121,182,14395,704,22726,0,0,229,14078,655,11545,229,25623,California
Napa,2021-02-16,1290,38411,598,14993,692,23418,0,0,618,14026,670,12215,618,26241,California
Napa,2021-02-17,1040,39451,525,15518,515,23933,0,0,473,13935,565,12780,474,26715,California
Napa,2021-02-18,1893,41344,473,15991,1420,25353,0,0,649,13343,1241,14021,649,27364,California
Napa,2021-02-19,1495,42839,590,16581,905,26258,0,0,679,13208,814,14835,679,28043,California
Napa,2021-02-20,868,43707,636,17217,232,26490,0,0,278,12896,590,15425,278,28321,California
Napa,2021-02-21,896,44603,826,18043,70,26560,0,0,194,12388,702,16127,194,28515,California
Napa,2021-02-22,474,45077,196,18239,278,26838,0,0,145,12204,329,16456,145,28660,California
Napa,2021-02-23,1152,46229,307,18546,845,27683,0,0,326,11704,826,17282,326,28986,California
Napa,2021-02-24,1160,47389,629,19175,531,28214,0,0,564,11674,594,17876,564,29550,California
Napa,2021-02-25,2592,49981,1245,20420,1347,29561,0,0,1876,12835,715,18591,1876,31426,California
Napa,2021-02-26,1548,51529,544,20964,1004,30565,0,0,614,12517,932,19523,614,32040,California
Napa,2021-02-27,1159,52688,424,21388,735,31300,0,0,900,13160,257,19780,900,32940,California
Napa,2021-02-28,725,53413,605,21993,120,31420,0,0,613,13663,110,19890,613,33553,California
Napa,2021-03-01,1172,54585,876,22869,296,31716,0,0,895,14282,276,20166,895,34448,California
Napa,2021-03-02,1511,56096,1053,23922,458,32174,0,0,1167,15106,343,20509,1167,35615,California
Napa,2021-03-03,1560,57656,688,24610,872,33046,0,0,1377,16301,182,20691,1377,36992,California
Napa,2021-03-04,1723,59379,793,25403,930,33976,0,0,1482,17545,238,20929,1482,38474,California
Napa,2021-03-05,1911,61290,785,26188,1122,35098,4,4,1495,18631,413,21342,1499,39973,California
Napa,2021-03-06,658,61948,288,26476,339,35437,31,35,545,19096,111,21453,576,40549,California
Napa,2021-03-07,502,62450,294,26770,193,35630,15,50,381,19372,120,21573,396,40945,California
Napa,2021-03-08,715,63165,337,27107,325,35955,53,103,539,19790,174,21747,592,41537,California
Napa,2021-03-09,1698,64863,615,27722,1037,36992,46,149,1254,20650,440,22187,1300,42837,California
Napa,2021-03-10,1506,66369,924,28646,488,37480,94,243,803,20846,698,22885,894,43731,California
Napa,2021-03-11,1892,68261,1068,29714,691,38171,133,376,999,21084,893,23778,1131,44862,California
Napa,2021-03-12,1505,69766,925,30639,489,38660,91,467,806,21285,696,24474,897,45759,California
Napa,2021-03-13,1179,70945,307,30946,848,39508,24,491,832,21796,345,24819,856,46615,California
Napa,2021-03-14,621,71566,337,31283,134,39642,150,641,208,21741,412,25231,357,46972,California
Napa,2021-03-15,965,72531,413,31696,482,40124,70,711,482,21812,481,25712,552,47524,California
Napa,2021-03-16,1851,74382,388,32084,1336,41460,127,838,1378,22848,470,26182,1506,49030,California
Napa,2021-03-17,2489,76871,1827,33911,484,41944,178,1016,1590,23718,898,27080,1768,50798,California
Napa,2021-03-18,2133,79004,942,34853,1179,43123,12,1028,1278,24156,852,27932,1290,52088,California
Napa,2021-03-19,1441,80445,875,35728,542,43665,24,1052,694,24130,744,28676,718,52806,California
Napa,2021-03-20,1011,81456,534,36262,324,43989,153,1205,386,24046,623,29299,539,53345,California
Napa,2021-03-21,715,82171,692,36954,21,44010,2,1207,219,23773,494,29793,221,53566,California
Napa,2021-03-22,1300,83471,1121,38075,168,44178,11,1218,438,23365,857,30650,449,54015,California
Napa,2021-03-23,1882,85353,1192,39267,674,44852,16,1234,993,23489,885,31535,1009,55024,California
Napa,2021-03-24,1702,87055,937,40204,756,45608,9,1243,812,23420,889,32424,820,55844,California
Napa,2021-03-25,1937,88992,1059,41263,824,46432,54,1297,771,23085,1160,33584,825,56669,California
Napa,2021-03-26,1318,90310,845,42108,468,46900,5,1302,592,22961,721,34305,597,57266,California
Napa,2021-03-27,927,91237,439,42547,461,47361,27,1329,299,22659,628,34933,326,57592,California
Napa,2021-03-28,489,91726,379,42926,103,47464,7,1336,179,22537,308,35241,186,57778,California
Napa,2021-03-29,1207,92933,879,43805,323,47787,5,1341,731,22798,475,35716,736,58514,California
Napa,2021-03-30,2809,95742,935,44740,1869,49656,5,1346,1979,23952,830,36546,1984,60498,California
Napa,2021-03-31,1986,97728,970,45710,947,50603,69,1415,809,23654,1174,37720,876,61374,California
Napa,2021-04-01,1759,99487,844,46554,798,51401,117,1532,486,22990,1266,38986,602,61976,California
Napa,2021-04-02,1880,101367,846,47400,892,52293,142,1674,481,22216,1396,40382,622,62598,California
Napa,2021-04-03,638,102005,370,47770,211,52504,57,1731,211,22057,426,40808,267,62865,California
Napa,2021-04-04,357,102362,145,47915,155,52659,57,1788,123,22004,233,41041,180,63045,California
Napa,2021-04-05,1274,103636,757,48672,298,52957,219,2007,569,22090,703,41744,789,63834,California
Napa,2021-04-06,2266,105902,562,49234,1442,54399,262,2269,528,21152,1735,43479,797,64631,California
Napa,2021-04-07,1762,107664,716,49950,824,55223,222,2491,537,20690,1219,44698,757,65388,California
Napa,2021-04-08,1866,109530,1064,51014,425,55648,377,2868,957,21120,903,45601,1333,66721,California
Napa,2021-04-09,1559,111089,937,51951,316,55964,306,3174,680,21228,877,46478,985,67706,California
Napa,2021-04-10,1039,112128,343,52294,594,56558,102,3276,238,20768,800,47278,340,68046,California
Napa,2021-04-11,388,112516,304,52598,62,56620,22,3298,160,20722,228,47506,182,68228,California
Napa,2021-04-12,793,113309,300,52898,368,56988,125,3423,292,20637,498,48004,413,68641,California
Napa,2021-04-13,2590,115899,870,53768,1720,58708,0,3423,945,19945,1639,49643,947,69588,California
Napa,2021-04-14,2139,118038,1006,54774,1133,59841,0,3423,1050,19921,1081,50724,1057,70645,California
Napa,2021-04-15,2065,120103,533,55307,1532,61373,0,3423,883,19629,1176,51900,884,71529,California
Napa,2021-04-16,3006,123109,1648,56955,1358,62731,0,3423,2287,21201,716,52616,2288,73817,California
Napa,2021-04-17,1140,124249,274,57229,866,63597,0,3423,835,21733,304,52920,836,74653,California
Napa,2021-04-18,270,124519,177,57406,93,63690,0,3423,120,21703,150,53070,120,74773,California
Napa,2021-04-19,616,125135,343,57749,273,63963,0,3423,269,21626,346,53416,269,75042,California
Napa,2021-04-20,3048,128183,2075,59824,973,64936,0,3423,2100,22781,946,54362,2101,77143,California
Napa,2021-04-21,2943,131126,2178,62002,765,65701,0,3423,1877,23599,1060,55422,1878,79021,California
Napa,2021-04-22,1774,132900,1249,63251,525,66226,0,3423,843,23516,926,56348,843,79864,California
Napa,2021-04-23,1643,134543,1259,64510,382,66608,2,3425,1162,24201,477,56825,1162,81026,California
Napa,2021-04-24,564,135107,317,64827,247,66855,0,3425,283,24206,278,57103,283,81309,California
Napa,2021-04-25,251,135358,192,65019,59,66914,0,3425,129,24214,121,57224,129,81438,California
Napa,2021-04-26,533,135891,281,65300,252,67166,0,3425,270,24226,258,57482,270,81708,California
Napa,2021-04-27,1778,137669,463,65763,1303,68469,12,3437,582,23628,1192,58674,594,82302,California
Napa,2021-04-28,1010,138679,465,66228,528,68997,17,3454,336,23309,672,59346,353,82655,California
Napa,2021-04-29,701,139380,347,66575,335,69332,19,3473,240,23115,452,59798,258,82913,California
Napa,2021-04-30,611,139991,308,66883,239,69571,64,3537,254,23076,356,60154,317,83230,California
Napa,2021-05-01,322,140313,266,67149,45,69616,11,3548,121,23007,201,60355,132,83362,California
Napa,2021-05-02,237,140550,193,67342,38,69654,6,3554,99,22975,137,60492,105,83467,California
Napa,2021-05-03,616,141166,493,67835,88,69742,35,3589,99,22598,512,61004,135,83602,California
Napa,2021-05-04,1130,142296,717,68552,302,70044,111,3700,301,22185,825,61829,412,84014,California
Napa,2021-05-05,1018,143314,686,69238,294,70338,38,3738,252,21712,763,62592,290,84304,California
Napa,2021-05-06,715,144029,316,69554,376,70714,23,3761,367,21764,339,62931,391,84695,California
Napa,2021-05-07,1437,145466,1214,70768,160,70874,63,3824,293,20997,1122,64053,355,85050,California
Napa,2021-05-08,252,145718,161,70929,80,70954,11,3835,87,20931,164,64217,98,85148,California
Napa,2021-05-09,109,145827,78,71007,31,70985,0,3835,51,20924,58,64275,51,85199,California
Napa,2021-05-10,415,146242,142,71149,254,71239,19,3854,102,20733,312,64587,121,85320,California
Napa,2021-05-11,2198,148440,1810,72959,363,71602,25,3879,375,19316,1817,66404,400,85720,California
Napa,2021-05-12,2210,150650,1386,74345,768,72370,56,3935,303,17773,1902,68306,359,86079,California
Napa,2021-05-13,1896,152546,1198,75543,657,73027,41,3976,820,17566,1069,69375,862,86941,California
Napa,2021-05-14,1921,154467,1153,76696,683,73710,85,4061,503,16744,1411,70786,589,87530,California
Napa,2021-05-15,1066,155533,359,77055,695,74405,12,4073,265,16224,798,71584,278,87808,California
Napa,2021-05-16,242,155775,162,77217,78,74483,2,4075,69,16122,173,71757,71,87879,California
Napa,2021-05-17,882,156657,350,77567,502,74985,30,4105,304,15941,516,72273,335,88214,California
Napa,2021-05-18,1052,157709,550,78117,445,75430,57,4162,505,15961,542,72815,562,88776,California
Napa,2021-05-19,938,158647,559,78676,349,75779,30,4192,507,16069,428,73243,536,89312,California
Napa,2021-05-20,640,159287,430,79106,179,75958,31,4223,389,16238,251,73494,420,89732,California
Napa,2021-05-21,507,159794,270,79376,205,76163,32,4255,214,16192,292,73786,246,89978,California
Napa,2021-05-22,459,160253,274,79650,177,76340,8,4263,191,16124,268,74054,200,90178,California
Napa,2021-05-23,392,160645,347,79997,34,76374,11,4274,294,16331,98,74152,305,90483,California
Napa,2021-05-24,359,161004,179,80176,160,76534,20,4294,149,16291,209,74361,169,90652,California
Napa,2021-05-25,417,161421,173,80349,173,76707,71,4365,145,16235,271,74632,215,90867,California
Napa,2021-05-26,544,161965,354,80703,164,76871,26,4391,317,16354,224,74856,343,91210,California
Napa,2021-05-27,373,162338,164,80867,181,77052,28,4419,143,16295,230,75086,171,91381,California
Napa,2021-05-28,397,162735,208,81075,165,77217,24,4443,166,16256,227,75313,188,91569,California
Napa,2021-05-29,129,162864,79,81154,46,77263,4,4447,74,16280,54,75367,78,91647,California
Napa,2021-05-30,97,162961,60,81214,32,77295,5,4452,32,16254,63,75430,37,91684,California
Napa,2021-05-31,42,163003,16,81230,19,77314,7,4459,9,16237,33,75463,16,91700,California
Napa,2021-06-01,595,163598,307,81537,264,77578,24,4483,264,16199,325,75788,287,91987,California
Napa,2021-06-02,415,164013,246,81783,147,77725,22,4505,202,16212,211,75999,224,92211,California
Napa,2021-06-03,738,164751,449,82232,264,77989,25,4530,175,15850,560,76559,198,92409,California
Napa,2021-06-04,783,165534,605,82837,140,78129,38,4568,170,15447,611,77170,208,92617,California
Napa,2021-06-05,309,165843,250,83087,47,78176,12,4580,78,15308,229,77399,90,92707,California
Napa,2021-06-06,141,165984,123,83210,18,78194,0,4580,46,15260,94,77493,46,92753,California
Napa,2021-06-07,395,166379,289,83499,78,78272,28,4608,94,15081,301,77794,122,92875,California
Napa,2021-06-08,616,166995,488,83987,111,78383,17,4625,270,15025,343,78137,287,93162,California
Napa,2021-06-09,551,167546,449,84436,87,78470,15,4640,93,14677,456,78593,108,93270,California
Napa,2021-06-10,507,168053,416,84852,62,78532,29,4669,108,14415,399,78992,137,93407,California
Napa,2021-06-11,403,168456,264,85116,117,78649,22,4691,119,14273,283,79275,141,93548,California
Napa,2021-06-12,203,168659,171,85287,27,78676,5,4696,41,14158,161,79436,46,93594,California
Napa,2021-06-13,281,168940,268,85555,8,78684,5,4701,24,13930,257,79693,29,93623,California
Napa,2021-06-14,465,169405,330,85885,109,78793,26,4727,92,13676,369,80062,115,93738,California
Napa,2021-06-15,374,169779,276,86161,85,78878,13,4740,186,13689,186,80248,199,93937,California
Napa,2021-06-16,251,170030,163,86324,75,78953,13,4753,81,13617,166,80414,94,94031,California
Napa,2021-06-17,399,170429,320,86644,70,79023,9,4762,77,13381,322,80736,86,94117,California
Napa,2021-06-18,233,170662,151,86795,71,79094,11,4773,78,13316,154,80890,89,94206,California
Napa,2021-06-19,44,170706,26,86821,10,79104,8,4781,11,13303,32,80922,19,94225,California
Nevada,2020-12-16,2,2,2,2,0,0,0,0,2,2,0,0,2,2,California
Nevada,2020-12-17,6,8,6,8,0,0,0,0,6,8,0,0,6,8,California
Nevada,2020-12-18,58,66,58,66,0,0,0,0,58,66,0,0,58,66,California
Nevada,2020-12-19,55,121,55,121,0,0,0,0,55,121,0,0,55,121,California
Nevada,2020-12-20,16,137,16,137,0,0,0,0,16,137,0,0,16,137,California
Nevada,2020-12-21,69,206,69,206,0,0,0,0,69,206,0,0,69,206,California
Nevada,2020-12-22,93,299,91,297,2,2,0,0,93,299,0,0,93,299,California
Nevada,2020-12-23,243,542,210,507,33,35,0,0,243,542,0,0,243,542,California
Nevada,2020-12-24,14,556,11,518,3,38,0,0,14,556,0,0,14,556,California
Nevada,2020-12-25,3,559,3,521,0,38,0,0,3,559,0,0,3,559,California
Nevada,2020-12-26,7,566,5,526,2,40,0,0,7,566,0,0,7,566,California
Nevada,2020-12-27,92,658,91,617,1,41,0,0,92,658,0,0,92,658,California
Nevada,2020-12-28,172,830,92,709,80,121,0,0,172,830,0,0,172,830,California
Nevada,2020-12-29,102,932,71,780,31,152,0,0,102,932,0,0,102,932,California
Nevada,2020-12-30,87,1019,65,845,22,174,0,0,87,1019,0,0,87,1019,California
Nevada,2020-12-31,43,1062,8,853,35,209,0,0,43,1062,0,0,43,1062,California
Nevada,2021-01-01,2,1064,0,853,2,211,0,0,2,1064,0,0,2,1064,California
Nevada,2021-01-02,2,1066,1,854,1,212,0,0,2,1066,0,0,2,1066,California
Nevada,2021-01-03,132,1198,127,981,5,217,0,0,132,1198,0,0,132,1198,California
Nevada,2021-01-04,73,1271,43,1024,30,247,0,0,73,1271,0,0,73,1271,California
Nevada,2021-01-05,286,1557,131,1155,155,402,0,0,285,1555,1,1,285,1556,California
Nevada,2021-01-06,94,1651,43,1198,51,453,0,0,87,1635,7,8,87,1643,California
Nevada,2021-01-07,221,1872,44,1242,177,630,0,0,212,1840,8,16,213,1856,California
Nevada,2021-01-08,233,2105,131,1373,102,732,0,0,174,1956,59,75,175,2031,California
Nevada,2021-01-09,63,2168,56,1429,7,739,0,0,14,1921,49,124,14,2045,California
Nevada,2021-01-10,22,2190,11,1440,11,750,0,0,12,1923,10,134,12,2057,California
Nevada,2021-01-11,195,2385,134,1574,61,811,0,0,66,1860,129,263,66,2123,California
Nevada,2021-01-12,605,2990,457,2031,148,959,0,0,535,2325,70,333,535,2658,California
Nevada,2021-01-13,272,3262,153,2184,119,1078,0,0,134,2321,138,471,134,2792,California
Nevada,2021-01-14,250,3512,126,2310,124,1202,0,0,232,2536,17,488,232,3024,California
Nevada,2021-01-15,412,3924,171,2481,241,1443,0,0,310,2745,102,590,311,3335,California
Nevada,2021-01-16,333,4257,18,2499,315,1758,0,0,327,3066,6,596,327,3662,California
Nevada,2021-01-17,44,4301,39,2538,5,1763,0,0,41,3104,3,599,41,3703,California
Nevada,2021-01-18,161,4462,48,2586,113,1876,0,0,148,3239,13,612,148,3851,California
Nevada,2021-01-19,262,4724,98,2684,164,2040,0,0,239,3455,23,635,239,4090,California
Nevada,2021-01-20,280,5004,164,2848,116,2156,0,0,266,3707,14,649,266,4356,California
Nevada,2021-01-21,349,5353,204,3052,145,2301,0,0,335,4028,14,663,335,4691,California
Nevada,2021-01-22,384,5737,234,3286,150,2451,0,0,351,4346,33,696,351,5042,California
Nevada,2021-01-23,190,5927,106,3392,84,2535,0,0,190,4536,0,696,190,5232,California
Nevada,2021-01-24,117,6044,105,3497,12,2547,0,0,77,4573,40,736,77,5309,California
Nevada,2021-01-25,264,6308,130,3627,134,2681,0,0,199,4707,65,801,199,5508,California
Nevada,2021-01-26,430,6738,152,3779,278,2959,0,0,322,4921,108,909,322,5830,California
Nevada,2021-01-27,451,7189,268,4047,183,3142,0,0,423,5316,28,937,423,6253,California
Nevada,2021-01-28,497,7686,336,4383,161,3303,0,0,446,5712,50,987,446,6699,California
Nevada,2021-01-29,630,8316,405,4788,225,3528,0,0,602,6288,27,1014,603,7302,California
Nevada,2021-01-30,265,8581,127,4915,138,3666,0,0,262,6547,3,1017,262,7564,California
Nevada,2021-01-31,114,8695,95,5010,19,3685,0,0,110,6655,3,1020,111,7675,California
Nevada,2021-02-01,291,8986,74,5084,217,3902,0,0,276,6916,15,1035,276,7951,California
Nevada,2021-02-02,548,9534,196,5280,352,4254,0,0,338,7044,210,1245,338,8289,California
Nevada,2021-02-03,827,10361,563,5843,264,4518,0,0,768,7754,58,1303,768,9057,California
Nevada,2021-02-04,779,11140,402,6245,377,4895,0,0,525,8026,253,1556,525,9582,California
Nevada,2021-02-05,706,11846,390,6635,316,5211,0,0,508,8338,196,1752,508,10090,California
Nevada,2021-02-06,291,12137,99,6734,192,5403,0,0,261,8569,30,1782,261,10351,California
Nevada,2021-02-07,312,12449,249,6983,63,5466,0,0,250,8757,62,1844,250,10601,California
Nevada,2021-02-08,700,13149,424,7407,276,5742,0,0,589,9235,111,1955,589,11190,California
Nevada,2021-02-09,647,13796,370,7777,277,6019,0,0,500,9588,147,2102,500,11690,California
Nevada,2021-02-10,684,14480,343,8120,341,6360,0,0,453,9811,231,2333,454,12144,California
Nevada,2021-02-11,930,15410,529,8649,401,6761,0,0,586,10054,343,2676,586,12730,California
Nevada,2021-02-12,1002,16412,461,9110,541,7302,0,0,668,10391,331,3007,668,13398,California
Nevada,2021-02-13,674,17086,269,9379,405,7707,0,0,423,10568,247,3254,424,13822,California
Nevada,2021-02-14,252,17338,136,9515,116,7823,0,0,214,10744,38,3292,214,14036,California
Nevada,2021-02-15,743,18081,454,9969,289,8112,0,0,570,11141,173,3465,570,14606,California
Nevada,2021-02-16,675,18756,235,10204,440,8552,0,0,496,11459,178,3643,496,15102,California
Nevada,2021-02-17,1238,19994,802,11006,436,8988,0,0,891,12003,347,3990,891,15993,California
Nevada,2021-02-18,1048,21042,580,11586,468,9456,0,0,621,12200,424,4414,621,16614,California
Nevada,2021-02-19,1043,22085,656,12242,387,9843,0,0,667,12494,374,4788,668,17282,California
Nevada,2021-02-20,329,22414,127,12369,202,10045,0,0,180,12526,148,4936,180,17462,California
Nevada,2021-02-21,107,22521,96,12465,11,10056,0,0,9,12440,95,5031,9,17471,California
Nevada,2021-02-22,510,23031,342,12807,168,10224,0,0,361,12653,148,5179,361,17832,California
Nevada,2021-02-23,520,23551,250,13057,270,10494,0,0,224,12585,293,5472,225,18057,California
Nevada,2021-02-24,501,24052,255,13312,246,10740,0,0,258,12606,241,5713,262,18319,California
Nevada,2021-02-25,897,24949,494,13806,403,11143,0,0,443,12597,452,6165,443,18762,California
Nevada,2021-02-26,1294,26243,895,14701,399,11542,0,0,452,12210,839,7004,452,19214,California
Nevada,2021-02-27,408,26651,129,14830,279,11821,0,0,211,12224,197,7201,211,19425,California
Nevada,2021-02-28,346,26997,212,15042,134,11955,0,0,145,12169,200,7401,145,19570,California
Nevada,2021-03-01,871,27868,456,15498,415,12370,0,0,385,12071,483,7884,385,19955,California
Nevada,2021-03-02,777,28645,315,15813,462,12832,0,0,526,12351,246,8130,526,20481,California
Nevada,2021-03-03,1025,29670,523,16336,501,13333,1,1,531,12392,492,8622,533,21014,California
Nevada,2021-03-04,1155,30825,642,16978,513,13846,0,1,482,12205,669,9291,482,21496,California
Nevada,2021-03-05,909,31734,513,17491,386,14232,10,11,403,12114,504,9795,413,21909,California
Nevada,2021-03-06,384,32118,135,17626,222,14454,27,38,150,12056,234,10029,176,22085,California
Nevada,2021-03-07,226,32344,118,17744,88,14542,20,58,73,11996,153,10182,93,22178,California
Nevada,2021-03-08,867,33211,576,18320,243,14785,48,106,386,11951,480,10662,435,22613,California
Nevada,2021-03-09,831,34042,426,18746,349,15134,56,162,466,12110,362,11024,521,23134,California
Nevada,2021-03-10,1040,35082,669,19415,313,15447,58,220,346,11825,688,11712,403,23537,California
Nevada,2021-03-11,1147,36229,742,20157,379,15826,26,246,553,11818,586,12298,579,24116,California
Nevada,2021-03-12,1245,37474,737,20894,475,16301,33,279,508,11625,733,13031,540,24656,California
Nevada,2021-03-13,306,37780,59,20953,241,16542,6,285,116,11557,188,13219,120,24776,California
Nevada,2021-03-14,165,37945,27,20980,132,16674,6,291,37,11472,128,13347,43,24819,California
Nevada,2021-03-15,879,38824,474,21454,393,17067,12,303,367,11343,508,13855,379,25198,California
Nevada,2021-03-16,1008,39832,468,21922,477,17544,63,366,646,11691,360,14215,708,25906,California
Nevada,2021-03-17,1031,40863,454,22376,567,18111,10,376,581,11836,447,14662,592,26498,California
Nevada,2021-03-18,1007,41870,548,22924,437,18548,22,398,488,11831,515,15177,510,27008,California
Nevada,2021-03-19,770,42640,452,23376,281,18829,37,435,372,11846,394,15571,409,27417,California
Nevada,2021-03-20,838,43478,96,23472,303,19132,439,874,230,11910,601,16172,665,28082,California
Nevada,2021-03-21,67,43545,35,23507,31,19163,1,875,47,11939,19,16191,48,28130,California
Nevada,2021-03-22,825,44370,530,24037,291,19454,4,879,547,12215,275,16466,551,28681,California
Nevada,2021-03-23,867,45237,401,24438,439,19893,27,906,624,12626,240,16706,651,29332,California
Nevada,2021-03-24,1039,46276,560,24998,472,20365,7,913,649,12899,382,17088,655,29987,California
Nevada,2021-03-25,927,47203,478,25476,422,20787,27,940,502,13004,423,17511,528,30515,California
Nevada,2021-03-26,1198,48401,469,25945,688,21475,41,981,838,13524,358,17869,878,31393,California
Nevada,2021-03-27,592,48993,72,26017,504,21979,16,997,392,13732,200,18069,408,31801,California
Nevada,2021-03-28,199,49192,51,26068,135,22114,13,1010,40,13629,156,18225,53,31854,California
Nevada,2021-03-29,862,50054,516,26584,325,22439,21,1031,388,13566,471,18696,408,32262,California
Nevada,2021-03-30,1080,51134,487,27071,559,22998,34,1065,495,13518,577,19273,529,32791,California
Nevada,2021-03-31,1205,52339,669,27740,519,23517,17,1082,684,13706,512,19785,700,33491,California
Nevada,2021-04-01,1273,53612,736,28476,485,24002,52,1134,570,13633,694,20479,621,34112,California
Nevada,2021-04-02,1326,54938,666,29142,626,24628,34,1168,796,13937,526,21005,830,34942,California
Nevada,2021-04-03,305,55243,93,29235,176,24804,36,1204,89,13847,215,21220,125,35067,California
Nevada,2021-04-04,140,55383,46,29281,87,24891,7,1211,81,13876,59,21279,88,35155,California
Nevada,2021-04-05,964,56347,637,29918,305,25196,22,1233,633,14204,326,21605,654,35809,California
Nevada,2021-04-06,1096,57443,678,30596,273,25469,145,1378,456,14170,634,22239,600,36409,California
Nevada,2021-04-07,1172,58615,831,31427,253,25722,88,1466,634,14360,531,22770,721,37130,California
Nevada,2021-04-08,1317,59932,909,32336,318,26040,90,1556,721,14580,591,23361,811,37941,California
Nevada,2021-04-09,1287,61219,871,33207,341,26381,75,1631,854,15078,431,23792,929,38870,California
Nevada,2021-04-10,283,61502,82,33289,126,26507,75,1706,115,15101,167,23959,190,39060,California
Nevada,2021-04-11,104,61606,35,33324,64,26571,5,1711,38,15078,66,24025,43,39103,California
Nevada,2021-04-12,781,62387,561,33885,202,26773,18,1729,339,14998,437,24462,357,39460,California
Nevada,2021-04-13,903,63290,372,34257,531,27304,0,1729,467,15033,432,24894,467,39927,California
Nevada,2021-04-14,1082,64372,599,34856,483,27787,0,1729,543,15044,532,25426,543,40470,California
Nevada,2021-04-15,1107,65479,719,35575,388,28175,0,1729,631,15211,464,25890,631,41101,California
Nevada,2021-04-16,922,66401,711,36286,211,28386,0,1729,533,15358,387,26277,534,41635,California
Nevada,2021-04-17,195,66596,53,36339,142,28528,0,1729,82,15329,111,26388,82,41717,California
Nevada,2021-04-18,191,66787,21,36360,170,28698,0,1729,105,15348,86,26474,105,41822,California
Nevada,2021-04-19,789,67576,506,36866,283,28981,0,1729,323,15215,456,26930,323,42145,California
Nevada,2021-04-20,799,68375,316,37182,483,29464,0,1729,310,15044,482,27412,311,42456,California
Nevada,2021-04-21,925,69300,511,37693,414,29878,0,1729,288,14705,628,28040,289,42745,California
Nevada,2021-04-22,1012,70312,626,38319,386,30264,0,1729,342,14390,658,28698,343,43088,California
Nevada,2021-04-23,1234,71546,561,38880,673,30937,0,1729,399,13966,823,29521,399,43487,California
Nevada,2021-04-24,525,72071,77,38957,448,31385,0,1729,172,13787,351,29872,172,43659,California
Nevada,2021-04-25,125,72196,63,39020,57,31442,5,1734,58,13783,66,29938,62,43721,California
Nevada,2021-04-26,772,72968,586,39606,177,31619,9,1743,223,13476,539,30477,232,43953,California
Nevada,2021-04-27,842,73810,397,40003,440,32059,5,1748,423,13493,411,30888,428,44381,California
Nevada,2021-04-28,1007,74817,594,40597,408,32467,5,1753,389,13274,613,31501,394,44775,California
Nevada,2021-04-29,1038,75855,720,41317,314,32781,4,1757,297,12837,738,32239,301,45076,California
Nevada,2021-04-30,1271,77126,748,42065,513,33294,10,1767,216,12010,1053,33292,226,45302,California
Nevada,2021-05-01,153,77279,66,42131,84,33378,3,1770,69,12000,82,33374,72,45374,California
Nevada,2021-05-02,64,77343,31,42162,29,33407,4,1774,23,11986,41,33415,27,45401,California
Nevada,2021-05-03,628,77971,423,42585,187,33594,18,1792,189,11757,435,33850,206,45607,California
Nevada,2021-05-04,596,78567,176,42761,400,33994,20,1812,333,11851,259,34109,353,45960,California
Nevada,2021-05-05,755,79322,393,43154,347,34341,15,1827,325,11770,421,34530,340,46300,California
Nevada,2021-05-06,819,80141,569,43723,239,34580,11,1838,207,11385,603,35133,218,46518,California
Nevada,2021-05-07,895,81036,494,44217,365,34945,36,1874,197,10925,693,35826,233,46751,California
Nevada,2021-05-08,174,81210,21,44238,134,35079,19,1893,78,10927,95,35921,97,46848,California
Nevada,2021-05-09,43,81253,7,44245,34,35113,2,1895,19,10924,24,35945,21,46869,California
Nevada,2021-05-10,408,81661,262,44507,121,35234,25,1920,78,10698,329,36274,103,46972,California
Nevada,2021-05-11,509,82170,157,44664,335,35569,17,1937,131,10476,370,36644,148,47120,California
Nevada,2021-05-12,537,82707,244,44908,282,35851,11,1948,151,10260,378,37022,162,47282,California
Nevada,2021-05-13,848,83555,556,45464,282,36133,10,1958,432,10294,408,37430,442,47724,California
Nevada,2021-05-14,779,84334,579,46043,183,36316,17,1975,424,10384,351,37781,441,48165,California
Nevada,2021-05-15,185,84519,90,46133,89,36405,6,1981,88,10382,96,37877,94,48259,California
Nevada,2021-05-16,157,84676,51,46184,106,36511,0,1981,52,10329,105,37982,52,48311,California
Nevada,2021-05-17,503,85179,323,46507,148,36659,32,2013,214,10297,278,38260,246,48557,California
Nevada,2021-05-18,424,85603,255,46762,164,36823,5,2018,220,10320,202,38462,225,48782,California
Nevada,2021-05-19,499,86102,356,47118,138,36961,5,2023,254,10343,236,38698,259,49041,California
Nevada,2021-05-20,616,86718,360,47478,244,37205,12,2035,212,10168,399,39097,224,49265,California
Nevada,2021-05-21,518,87236,337,47815,170,37375,11,2046,226,10116,289,39386,237,49502,California
Nevada,2021-05-22,250,87486,39,47854,121,37496,90,2136,55,10066,195,39581,145,49647,California
Nevada,2021-05-23,52,87538,17,47871,35,37531,0,2136,17,10049,34,39615,17,49664,California
Nevada,2021-05-24,319,87857,223,48094,80,37611,16,2152,106,9961,210,39825,122,49786,California
Nevada,2021-05-25,348,88205,83,48177,251,37862,14,2166,86,9804,257,40082,100,49886,California
Nevada,2021-05-26,447,88652,195,48372,242,38104,10,2176,131,9636,309,40391,141,50027,California
Nevada,2021-05-27,440,89092,233,48605,186,38290,21,2197,183,9588,252,40643,204,50231,California
Nevada,2021-05-28,350,89442,218,48823,117,38407,15,2212,198,9652,149,40792,213,50444,California
Nevada,2021-05-29,66,89508,13,48836,53,38460,0,2212,41,9668,25,40817,41,50485,California
Nevada,2021-05-30,42,89550,19,48855,21,38481,2,2214,28,9684,14,40831,30,50515,California
Nevada,2021-05-31,6,89556,4,48859,0,38481,2,2216,2,9684,4,40835,4,50519,California
Nevada,2021-06-01,417,89973,127,48986,271,38752,19,2235,99,9493,309,41144,118,50637,California
Nevada,2021-06-02,403,90376,164,49150,232,38984,7,2242,104,9312,292,41436,111,50748,California
Nevada,2021-06-03,562,90938,401,49551,156,39140,5,2247,99,8958,458,41894,104,50852,California
Nevada,2021-06-04,533,91471,429,49980,100,39240,4,2251,108,8649,421,42315,112,50964,California
Nevada,2021-06-05,169,91640,68,50048,99,39339,2,2253,64,8611,104,42419,66,51030,California
Nevada,2021-06-06,55,91695,41,50089,14,39353,0,2253,14,8584,41,42460,14,51044,California
Nevada,2021-06-07,267,91962,192,50281,44,39397,31,2284,60,8473,202,42662,91,51135,California
Nevada,2021-06-08,284,92246,187,50468,85,39482,12,2296,65,8340,210,42872,77,51212,California
Nevada,2021-06-09,322,92568,215,50683,100,39582,7,2303,81,8192,236,43108,88,51300,California
Nevada,2021-06-10,280,92848,178,50861,93,39675,9,2312,75,8077,198,43306,83,51383,California
Nevada,2021-06-11,327,93175,234,51095,74,39749,19,2331,78,7927,246,43552,96,51479,California
Nevada,2021-06-12,92,93267,53,51148,34,39783,5,2336,27,7894,65,43617,32,51511,California
Nevada,2021-06-13,32,93299,17,51165,14,39797,1,2337,6,7875,26,43643,7,51518,California
Nevada,2021-06-14,191,93490,135,51300,45,39842,11,2348,51,7804,133,43776,62,51580,California
Nevada,2021-06-15,164,93654,92,51392,64,39906,8,2356,66,7783,95,43871,74,51654,California
Nevada,2021-06-16,238,93892,135,51527,95,40001,8,2364,74,7708,157,44028,82,51736,California
Nevada,2021-06-17,219,94111,130,51657,77,40078,12,2376,44,7590,174,44202,56,51792,California
Nevada,2021-06-18,214,94325,151,51808,50,40128,13,2389,69,7529,143,44345,82,51874,California
Nevada,2021-06-19,20,94345,8,51816,7,40135,5,2394,7,7528,13,44358,12,51886,California
Orange,2020-12-15,16,16,16,16,0,0,0,0,16,16,0,0,16,16,California
Orange,2020-12-16,393,409,393,409,0,0,0,0,393,409,0,0,393,409,California
Orange,2020-12-17,3754,4163,3754,4163,0,0,0,0,3753,4162,0,0,3753,4162,California
Orange,2020-12-18,5090,9253,5082,9245,8,8,0,0,5088,9249,1,1,5088,9250,California
Orange,2020-12-19,2240,11493,2233,11478,7,15,0,0,2239,11488,0,1,2239,11489,California
Orange,2020-12-20,1992,13485,1989,13467,3,18,0,0,1993,13481,0,1,1993,13482,California
Orange,2020-12-21,4273,17758,4267,17734,6,24,0,0,4273,17754,0,1,4273,17755,California
Orange,2020-12-22,3985,21743,3950,21684,35,59,0,0,3985,21739,0,1,3985,21740,California
Orange,2020-12-23,3593,25336,3230,24914,363,422,0,0,3594,25333,0,1,3594,25334,California
Orange,2020-12-24,1384,26720,1081,25995,303,725,0,0,1384,26717,0,1,1384,26718,California
Orange,2020-12-25,21,26741,16,26011,5,730,0,0,21,26738,0,1,21,26739,California
Orange,2020-12-26,991,27732,420,26431,571,1301,0,0,991,27729,0,1,991,27730,California
Orange,2020-12-27,584,28316,276,26707,308,1609,0,0,584,28313,0,1,584,28314,California
Orange,2020-12-28,3614,31930,2632,29339,982,2591,0,0,3614,31927,0,1,3614,31928,California
Orange,2020-12-29,3524,35454,2506,31845,1018,3609,0,0,3523,35449,1,2,3523,35451,California
Orange,2020-12-30,5126,40580,3540,35385,1586,5195,0,0,5126,40575,0,2,5126,40577,California
Orange,2020-12-31,1526,42106,816,36201,710,5905,0,0,1523,42095,3,5,1523,42100,California
Orange,2021-01-01,681,42787,375,36576,306,6211,0,0,679,42772,2,7,679,42779,California
Orange,2021-01-02,1362,44149,843,37419,519,6730,0,0,1361,44133,0,7,1361,44140,California
Orange,2021-01-03,589,44738,326,37745,263,6993,0,0,589,44722,0,7,589,44729,California
Orange,2021-01-04,2763,47501,1570,39315,1193,8186,0,0,2764,47485,1,8,2764,47493,California
Orange,2021-01-05,3544,51045,2305,41620,1239,9425,0,0,3130,50207,411,419,3133,50626,California
Orange,2021-01-06,5027,56072,3468,45088,1559,10984,0,0,3657,52506,1358,1777,3657,54283,California
Orange,2021-01-07,9332,65404,5206,50294,4126,15110,0,0,5726,54647,3591,5368,5732,60015,California
Orange,2021-01-08,9431,74835,5266,55560,4165,19275,0,0,5663,56557,3756,9124,5666,65681,California
Orange,2021-01-09,5038,79873,1750,57310,3288,22563,0,0,3753,59025,1285,10409,3753,69434,California
Orange,2021-01-10,4258,84131,1044,58354,3214,25777,0,0,3379,61530,878,11287,3383,72817,California
Orange,2021-01-11,9493,93624,4922,63276,4571,30348,0,0,5862,63762,3633,14920,5865,78682,California
Orange,2021-01-12,9007,102631,4842,68118,4165,34513,0,0,5528,65815,3477,18397,5530,84212,California
Orange,2021-01-13,10327,112958,4933,73051,5394,39907,0,0,7113,69724,3211,21608,7120,91332,California
Orange,2021-01-14,10094,123052,3804,76855,6290,46197,0,0,8495,76628,1597,23205,8501,99833,California
Orange,2021-01-15,10307,133359,2673,79528,7634,53831,0,0,9422,85164,892,24097,9428,109261,California
Orange,2021-01-16,8804,142163,2103,81631,6701,60532,0,0,8406,93179,396,24493,8411,117672,California
Orange,2021-01-17,8263,150426,1519,83150,6744,67276,0,0,8110,101146,153,24646,8120,125792,California
Orange,2021-01-18,9773,160199,4437,87587,5336,72612,0,0,7510,106399,2262,26908,7515,133307,California
Orange,2021-01-19,7592,167791,5475,93062,2117,74729,0,0,4947,108704,2644,29552,4949,138256,California
Orange,2021-01-20,8489,176280,5935,98997,2554,77283,0,0,5427,111081,3060,32612,5437,143693,California
Orange,2021-01-21,11155,187435,4934,103931,6221,83504,0,0,10322,120584,830,33442,10333,154026,California
Orange,2021-01-22,13867,201302,5178,109109,8689,92193,0,0,12989,132713,870,34312,12999,167025,California
Orange,2021-01-23,13298,214600,6232,115341,7066,99259,0,0,12358,144143,938,35250,12368,179393,California
Orange,2021-01-24,9946,224546,4318,119659,5628,104887,0,0,9609,153422,334,35584,9613,189006,California
Orange,2021-01-25,10499,235045,5859,125518,4640,109527,0,0,7754,158444,2737,38321,7759,196765,California
Orange,2021-01-26,11954,246999,7693,133211,4261,113788,0,0,9775,166048,2174,40495,9778,206543,California
Orange,2021-01-27,13633,260632,8023,141234,5610,119398,0,0,10887,174206,2734,43229,10892,217435,California
Orange,2021-01-28,13250,273882,7251,148485,5999,125397,0,0,11335,183651,1899,45128,11344,228779,California
Orange,2021-01-29,13840,287722,8515,157000,5325,130722,0,0,10911,191655,2910,48038,10914,239693,California
Orange,2021-01-30,13230,300952,4530,161530,8700,139422,0,0,12440,203326,773,48811,12444,252137,California
Orange,2021-01-31,13869,314821,4944,166474,8925,148347,0,0,13412,216295,451,49262,13420,265557,California
Orange,2021-02-01,15054,329875,6574,173048,8480,156827,0,0,12560,226398,2467,51729,12570,278127,California
Orange,2021-02-02,15233,345108,8037,181085,7196,164023,0,0,12746,236700,2454,54183,12756,290883,California
Orange,2021-02-03,16753,361861,12451,193536,4302,168325,0,0,13786,247606,2887,57070,13793,304676,California
Orange,2021-02-04,20107,381968,13108,206644,6999,175324,0,0,14984,257509,5089,62159,14992,319668,California
Orange,2021-02-05,20971,402939,12091,218735,8880,184204,0,0,14604,265804,6320,68479,14615,334283,California
Orange,2021-02-06,16536,419475,10887,229622,5649,189853,0,0,11247,271998,5274,73753,11468,345751,California
Orange,2021-02-07,11668,431143,8174,237796,3494,193347,0,0,7663,275845,3988,77741,7835,353586,California
Orange,2021-02-08,15191,446334,8726,246522,6465,199812,0,0,9112,278910,6051,83792,9116,362702,California
Orange,2021-02-09,17913,464247,12150,258672,5763,205575,0,0,10822,282730,7017,90809,10837,373539,California
Orange,2021-02-10,21066,485313,11230,269902,9836,215411,0,0,12808,287396,8165,98974,12831,386370,California
Orange,2021-02-11,22354,507667,11616,281518,10738,226149,0,0,12511,290223,9708,108682,12535,398905,California
Orange,2021-02-12,25050,532717,12052,293570,12998,239147,0,0,14710,294681,10273,118955,14731,413636,California
Orange,2021-02-13,22087,554804,11933,305503,10154,249301,0,0,11165,295738,10763,129718,11820,425456,California
Orange,2021-02-14,16264,571068,6590,312093,9674,258975,0,0,9615,298742,6619,136337,9623,435079,California
Orange,2021-02-15,17380,588448,7473,319566,9907,268882,0,0,8995,299419,8340,144677,9017,444096,California
Orange,2021-02-16,20090,608538,9046,328612,11044,279926,0,0,10831,301085,9205,153882,10871,454967,California
Orange,2021-02-17,18128,626666,9466,338078,8662,288588,0,0,9297,301677,8774,162656,9366,464333,California
Orange,2021-02-18,15148,641814,9930,348008,5218,293806,0,0,6849,300318,8242,170898,6883,471216,California
Orange,2021-02-19,18322,660136,10951,358959,7371,301177,0,0,6961,296001,11304,182202,6987,478203,California
Orange,2021-02-20,7612,667748,5673,364632,1939,303116,0,0,3818,296080,3768,185970,3847,482050,California
Orange,2021-02-21,4644,672392,3948,368580,696,303812,0,0,963,293414,3637,189607,971,483021,California
Orange,2021-02-22,9810,682202,7991,376571,1819,305631,0,0,3968,291602,5806,195413,3994,487015,California
Orange,2021-02-23,13602,695804,7466,384037,6136,311767,0,0,3609,285332,9922,205335,3652,490667,California
Orange,2021-02-24,21396,717200,12940,396977,8456,320223,0,0,5440,274953,15888,221223,5509,496176,California
Orange,2021-02-25,23041,740241,12451,409428,10590,330813,0,0,8101,268243,14864,236087,8154,504330,California
Orange,2021-02-26,28230,768471,14297,423725,13933,344746,0,0,11411,263040,16681,252768,11478,515808,California
Orange,2021-02-27,25330,793801,10314,434039,15013,359759,3,3,7382,252660,17826,270594,7446,523254,California
Orange,2021-02-28,19287,813088,7496,441535,11791,371550,0,3,4881,243311,14273,284867,4924,528178,California
Orange,2021-03-01,18884,831972,8634,450169,10234,381784,16,19,7340,239277,11435,296302,7401,535579,California
Orange,2021-03-02,19527,851499,9444,459613,10079,391863,4,23,9530,238947,9936,306238,9606,545185,California
Orange,2021-03-03,21258,872757,10105,469718,11148,403011,5,28,11415,240670,9760,315998,11483,556668,California
Orange,2021-03-04,22853,895610,13132,482850,9707,412718,14,42,11802,241539,11008,327006,11877,568545,California
Orange,2021-03-05,21359,916969,11129,493979,10181,422899,49,91,13061,246498,8251,335257,13210,581755,California
Orange,2021-03-06,24382,941351,13402,507381,10105,433004,875,966,12858,248817,11474,346731,13793,595548,California
Orange,2021-03-07,15442,956793,8664,516045,6363,439367,415,1381,8997,251879,6403,353134,9465,605013,California
Orange,2021-03-08,16998,973791,7852,523897,7818,447185,1328,2709,10868,258070,6063,359197,12254,617267,California
Orange,2021-03-09,21342,995133,9855,533752,8995,456180,2492,5201,12556,264400,8741,367938,15071,632338,California
Orange,2021-03-10,25051,1020184,12280,546032,9287,465467,3484,8685,12606,268135,12378,380316,16113,648451,California
Orange,2021-03-11,29260,1049444,15808,561840,9194,474661,4258,12943,13505,270261,15650,395966,17776,666227,California
Orange,2021-03-12,29596,1079040,14370,576210,11324,485985,3902,16845,14822,274346,14680,410646,18765,684992,California
Orange,2021-03-13,28009,1107049,10284,586494,13741,499726,3984,20829,14125,278645,13820,424466,18119,703111,California
Orange,2021-03-14,19007,1126056,8261,594755,8194,507920,2552,23381,11857,285939,7116,431582,14410,717521,California
Orange,2021-03-15,23252,1149308,10229,604984,12257,520177,766,24147,14458,292471,8701,440283,15233,732754,California
Orange,2021-03-16,26592,1175900,11272,616256,15090,535267,230,24377,17189,300598,9318,449601,17445,750199,California
Orange,2021-03-17,27525,1203425,13679,629935,13258,548525,588,24965,19549,312846,7891,457492,20139,770338,California
Orange,2021-03-18,27947,1231372,14069,644004,13601,562126,277,25242,21663,328589,6212,463704,21955,792293,California
Orange,2021-03-19,33705,1265077,18485,662489,14765,576891,455,25697,24962,345399,8623,472327,25433,817726,California
Orange,2021-03-20,25906,1290983,13632,676121,12065,588956,209,25906,22064,363908,3774,476101,22283,840009,California
Orange,2021-03-21,18643,1309626,10781,686902,7115,596071,747,26653,15777,377605,2830,478931,16527,856536,California
Orange,2021-03-22,22854,1332480,11844,698746,10690,606761,320,26973,19206,393600,3544,482475,19539,876075,California
Orange,2021-03-23,26107,1358587,13588,712334,11874,618635,645,27618,20676,409581,5348,487823,21329,897404,California
Orange,2021-03-24,29341,1387928,16427,728761,11984,630619,930,28548,22055,425383,7189,495012,22991,920395,California
Orange,2021-03-25,32600,1420528,17327,746088,14559,645178,714,29262,24248,442102,8247,503259,24966,945361,California
Orange,2021-03-26,35038,1455566,18203,764291,15963,661141,872,30134,24882,457834,10035,513294,25767,971128,California
Orange,2021-03-27,28569,1484135,13673,777964,14580,675721,316,30450,19797,469276,8674,521968,20116,991244,California
Orange,2021-03-28,24952,1509087,12971,790935,11913,687634,68,30518,18625,481730,6245,528213,18699,1009943,California
Orange,2021-03-29,26629,1535716,12208,803143,13853,701487,568,31086,17812,491405,8709,536922,18384,1028327,California
Orange,2021-03-30,30986,1566702,14025,817168,16328,717815,633,31719,20454,502060,10433,547355,21088,1049415,California
Orange,2021-03-31,37237,1603939,19551,836719,16970,734785,716,32435,23686,513039,13426,560781,24405,1073820,California
Orange,2021-04-01,40769,1644708,21396,858115,17438,752223,1935,34370,26239,526854,14347,575128,28162,1101982,California
Orange,2021-04-02,40269,1684977,20308,878423,18114,770337,1847,36217,22708,533970,17445,592573,24561,1126543,California
Orange,2021-04-03,30303,1715280,15754,894177,12781,783118,1768,37985,14290,534097,15923,608496,16050,1142593,California
Orange,2021-04-04,18494,1733774,10735,904912,6991,790109,768,38753,8156,532741,10276,618772,8920,1151513,California
Orange,2021-04-05,30136,1763910,14088,919000,12637,802746,3411,42164,13839,533779,16206,634978,17244,1168757,California
Orange,2021-04-06,33537,1797447,15688,934688,14405,817151,3444,45608,14379,532521,19061,654039,17803,1186560,California
Orange,2021-04-07,36338,1833785,20208,954896,11491,828642,4639,50247,16018,532919,20223,674262,20621,1207181,California
Orange,2021-04-08,39348,1873133,21764,976660,12053,840695,5531,55778,19064,537316,20165,694427,24562,1231743,California
Orange,2021-04-09,41218,1914351,23951,1000611,11978,852673,5289,61067,18212,537894,22895,717322,23473,1255216,California
Orange,2021-04-10,34748,1949099,18343,1018954,12116,864789,4289,65356,14398,536309,20251,737573,18666,1273882,California
Orange,2021-04-11,25811,1974910,14624,1033578,7909,872698,3278,68634,9910,533636,15844,753417,13171,1287053,California
Orange,2021-04-12,30765,2005675,15526,1049104,11590,884288,3649,72283,12095,530766,18591,772008,15721,1302774,California
Orange,2021-04-13,32759,2038434,18452,1067556,14238,898526,69,72352,15272,528703,17407,789415,15344,1318118,California
Orange,2021-04-14,34953,2073387,20504,1088060,14413,912939,36,72388,15212,524340,19629,809044,15266,1333384,California
Orange,2021-04-15,40773,2114160,24814,1112874,15945,928884,14,72402,19004,521731,21648,830692,19039,1352423,California
Orange,2021-04-16,41874,2156034,24582,1137456,17264,946148,28,72430,18932,517965,22812,853504,19046,1371469,California
Orange,2021-04-17,30529,2186563,17258,1154714,13264,959412,7,72437,13379,514357,17012,870516,13404,1384873,California
Orange,2021-04-18,21653,2208216,13095,1167809,8558,967970,0,72437,8570,509952,13023,883539,8618,1393491,California
Orange,2021-04-19,32661,2240877,18037,1185846,14620,982590,4,72441,15025,507520,17536,901075,15104,1408595,California
Orange,2021-04-20,35516,2276393,18440,1204286,17069,999659,7,72448,17770,507736,17659,918734,17875,1426470,California
Orange,2021-04-21,40752,2317145,23486,1227772,17257,1016916,9,72457,19327,505777,21303,940037,19344,1445814,California
Orange,2021-04-22,39320,2356465,20766,1248538,18544,1035460,10,72467,16341,499297,22838,962875,16358,1462172,California
Orange,2021-04-23,40249,2396714,20840,1269378,19401,1054861,8,72475,17961,495110,22166,985041,17979,1480151,California
Orange,2021-04-24,32030,2428744,16751,1286129,15247,1070108,32,72507,13425,490057,18513,1003554,13460,1493611,California
Orange,2021-04-25,22984,2451728,12979,1299108,9990,1080098,15,72522,9828,486818,13089,1016643,9850,1503461,California
Orange,2021-04-26,28761,2480489,14067,1313175,14498,1094596,196,72718,12466,483302,16181,1032824,12665,1516126,California
Orange,2021-04-27,31254,2511743,14673,1327848,15951,1110547,630,73348,11830,476516,19253,1052077,12467,1528593,California
Orange,2021-04-28,30926,2542669,15492,1343340,14552,1125099,882,74230,12405,471415,18387,1070464,13286,1541879,California
Orange,2021-04-29,31942,2574611,17440,1360780,13542,1138641,960,75190,11347,463234,20481,1090945,12300,1554179,California
Orange,2021-04-30,29907,2604518,17063,1377843,11898,1150539,946,76136,12729,459833,17066,1108011,13665,1567844,California
Orange,2021-05-01,22887,2627405,15694,1393537,6208,1156747,985,77121,8758,455554,14014,1122025,9735,1577579,California
Orange,2021-05-02,15412,2642817,10263,1403800,4503,1161250,646,77767,5361,451574,9982,1132007,6002,1583581,California
Orange,2021-05-03,20618,2663435,12586,1416386,7273,1168523,759,78526,6479,444764,14047,1146054,7237,1590818,California
Orange,2021-05-04,23639,2687074,13494,1429880,9235,1177758,910,79436,8166,438466,15361,1161415,9063,1599881,California
Orange,2021-05-05,24767,2711841,13836,1443716,10034,1187792,897,80333,8002,430734,16631,1178046,8899,1608780,California
Orange,2021-05-06,26485,2738326,16041,1459757,9442,1197234,1002,81335,7327,420035,19021,1197067,8322,1617102,California
Orange,2021-05-07,28901,2767227,17364,1477121,10489,1207723,1048,82383,8081,408552,20606,1217673,9123,1626225,California
Orange,2021-05-08,18551,2785778,12285,1489406,5473,1213196,793,83176,5420,401750,13007,1230680,6205,1632430,California
Orange,2021-05-09,10970,2796748,8340,1497746,2259,1215455,371,83547,2867,396933,8055,1238735,3238,1635668,California
Orange,2021-05-10,19113,2815861,11658,1509404,6681,1222136,774,84321,4285,387261,14735,1253470,5063,1640731,California
Orange,2021-05-11,21987,2837848,12164,1521568,9097,1231233,726,85047,5302,376701,16583,1270053,6023,1646754,California
Orange,2021-05-12,23784,2861632,14727,1536295,8221,1239454,836,85883,6832,367544,16824,1286877,7667,1654421,California
Orange,2021-05-13,21761,2883393,13489,1549784,7694,1247148,578,86461,8197,362863,13457,1300334,8776,1663197,California
Orange,2021-05-14,26165,2909558,17247,1567031,8116,1255264,802,87263,10503,358612,15554,1315888,11303,1674500,California
Orange,2021-05-15,20014,2929572,14466,1581497,4998,1260262,550,87813,8131,355466,11819,1327707,8673,1683173,California
Orange,2021-05-16,15180,2944752,12477,1593974,2363,1262625,340,88153,6457,353594,8667,1336374,6795,1689968,California
Orange,2021-05-17,19366,2964118,12689,1606663,5978,1268603,699,88852,6920,348819,12381,1348755,7606,1697574,California
Orange,2021-05-18,20517,2984635,11947,1618610,7901,1276504,669,89521,8085,345226,12341,1361096,8748,1706322,California
Orange,2021-05-19,22470,3007105,12851,1631461,8951,1285455,668,90189,7928,339390,14424,1375520,8588,1714910,California
Orange,2021-05-20,22349,3029454,13095,1644556,8588,1294043,666,90855,7851,333518,14388,1389908,8516,1723426,California
Orange,2021-05-21,25404,3054858,14485,1659041,10194,1304237,725,91580,8456,325857,16838,1406746,9177,1732603,California
Orange,2021-05-22,18196,3073054,12099,1671140,5553,1309790,544,92124,6910,322114,11197,1417943,7454,1740057,California
Orange,2021-05-23,9765,3082819,6699,1677839,2792,1312582,274,92398,3453,319571,6270,1424213,3727,1743784,California
Orange,2021-05-24,15355,3098174,9023,1686862,5712,1318294,620,93018,5701,316318,9566,1433779,6313,1750097,California
Orange,2021-05-25,15614,3113788,9190,1696052,5904,1324198,520,93538,5633,312596,9870,1443649,6148,1756245,California
Orange,2021-05-26,15220,3129008,8537,1704589,6184,1330382,499,94037,5704,309363,9428,1453077,6195,1762440,California
Orange,2021-05-27,14380,3143388,8641,1713230,5177,1335559,562,94599,6392,308382,7916,1460993,6935,1769375,California
Orange,2021-05-28,16773,3160161,9891,1723121,6252,1341811,630,95229,7408,307139,9271,1470264,8028,1777403,California
Orange,2021-05-29,8938,3169099,5227,1728348,3353,1345164,358,95587,4120,306850,4762,1475026,4473,1781876,California
Orange,2021-05-30,5974,3175073,3880,1732228,1820,1346984,274,95861,2162,305505,3778,1478804,2433,1784309,California
Orange,2021-05-31,1702,3176775,1047,1733275,608,1347592,47,95908,554,304974,1131,1479935,600,1784909,California
Orange,2021-06-01,13376,3190151,7763,1741038,5123,1352715,490,96398,5160,302503,8113,1488048,5642,1790551,California
Orange,2021-06-02,12982,3203133,8048,1749086,4516,1357231,418,96816,4541,299162,8294,1496342,4953,1795504,California
Orange,2021-06-03,12843,3215976,8863,1757949,3527,1360758,453,97269,4495,295822,8284,1504626,4944,1800448,California
Orange,2021-06-04,16863,3232839,11908,1769857,4378,1365136,577,97846,5284,290182,11499,1516125,5859,1806307,California
Orange,2021-06-05,12865,3245704,9700,1779557,2784,1367920,381,98227,3976,285701,8835,1524960,4354,1810661,California
Orange,2021-06-06,5299,3251003,4512,1784069,596,1368516,191,98418,1935,284483,3344,1528304,2126,1812787,California
Orange,2021-06-07,10770,3261773,7620,1791689,2686,1371202,464,98882,3468,281177,7230,1535534,3924,1816711,California
Orange,2021-06-08,12165,3273938,8764,1800453,2895,1374097,506,99388,3819,277247,8257,1543791,4327,1821038,California
Orange,2021-06-09,11667,3285605,8077,1808530,3135,1377232,455,99843,3322,272758,8261,1552052,3772,1824810,California
Orange,2021-06-10,11493,3297098,8371,1816901,2668,1379900,454,100297,3418,268609,8016,1560068,3867,1828677,California
Orange,2021-06-11,13090,3310188,9180,1826081,3415,1383315,495,100792,4291,264680,8711,1568779,4782,1833459,California
Orange,2021-06-12,9695,3319883,7413,1833494,1968,1385283,314,101106,2989,261334,6657,1575436,3311,1836770,California
Orange,2021-06-13,4016,3323899,2919,1836413,935,1386218,162,101268,1046,259609,2934,1578370,1209,1837979,California
Orange,2021-06-14,9794,3333693,7147,1843560,2195,1388413,452,101720,3363,257041,6381,1584751,3813,1841792,California
Orange,2021-06-15,10137,3343830,7294,1850854,2416,1390829,427,102147,3560,254516,6508,1591259,3983,1845775,California
Orange,2021-06-16,9473,3353303,6813,1857667,2195,1393024,465,102612,3254,252073,6158,1597417,3715,1849490,California
Orange,2021-06-17,9032,3362335,6798,1864465,1880,1394904,354,102966,3131,249713,5844,1603261,3484,1852974,California
Orange,2021-06-18,10677,3373012,7745,1872210,2476,1397380,456,103422,3761,247079,6848,1610109,4214,1857188,California
Orange,2021-06-19,1479,3374491,1046,1873256,335,1397715,98,103520,654,247023,808,1610917,752,1857940,California
Placer,2020-12-15,29,29,29,29,0,0,0,0,29,29,0,0,29,29,California
Placer,2020-12-16,56,85,56,85,0,0,0,0,56,85,0,0,56,85,California
Placer,2020-12-17,149,234,149,234,0,0,0,0,149,234,0,0,149,234,California
Placer,2020-12-18,435,669,435,669,0,0,0,0,435,669,0,0,435,669,California
Placer,2020-12-19,252,921,252,921,0,0,0,0,252,921,0,0,252,921,California
Placer,2020-12-20,230,1151,230,1151,0,0,0,0,230,1151,0,0,230,1151,California
Placer,2020-12-21,506,1657,504,1655,2,2,0,0,506,1657,0,0,506,1657,California
Placer,2020-12-22,676,2333,670,2325,6,8,0,0,676,2333,0,0,676,2333,California
Placer,2020-12-23,756,3089,668,2993,88,96,0,0,756,3089,0,0,756,3089,California
Placer,2020-12-24,412,3501,360,3353,52,148,0,0,412,3501,0,0,412,3501,California
Placer,2020-12-26,165,3666,120,3473,45,193,0,0,165,3666,0,0,165,3666,California
Placer,2020-12-27,183,3849,162,3635,21,214,0,0,183,3849,0,0,183,3849,California
Placer,2020-12-28,677,4526,553,4188,124,338,0,0,677,4526,0,0,677,4526,California
Placer,2020-12-29,772,5298,525,4713,247,585,0,0,772,5298,0,0,772,5298,California
Placer,2020-12-30,733,6031,457,5170,276,861,0,0,732,6030,0,0,732,6030,California
Placer,2020-12-31,550,6581,365,5535,185,1046,0,0,550,6580,0,0,550,6580,California
Placer,2021-01-01,16,6597,12,5547,4,1050,0,0,16,6596,0,0,16,6596,California
Placer,2021-01-02,189,6786,157,5704,32,1082,0,0,189,6785,0,0,189,6785,California
Placer,2021-01-03,154,6940,77,5781,77,1159,0,0,154,6939,0,0,154,6939,California
Placer,2021-01-04,628,7568,186,5967,442,1601,0,0,628,7567,0,0,628,7567,California
Placer,2021-01-05,725,8293,160,6127,565,2166,0,0,637,8118,87,87,638,8205,California
Placer,2021-01-06,764,9057,246,6373,518,2684,0,0,613,8580,151,238,613,8818,California
Placer,2021-01-07,987,10044,371,6744,616,3300,0,0,759,9111,228,466,759,9577,California
Placer,2021-01-08,1185,11229,532,7276,653,3953,0,0,788,9505,394,860,788,10365,California
Placer,2021-01-09,456,11685,322,7598,134,4087,0,0,239,9528,216,1076,239,10604,California
Placer,2021-01-10,334,12019,185,7783,149,4236,0,0,167,9528,167,1243,167,10771,California
Placer,2021-01-11,1439,13458,815,8598,624,4860,0,0,842,9774,597,1840,843,11614,California
Placer,2021-01-12,1656,15114,871,9469,785,5645,0,0,1058,10235,597,2437,1058,12672,California
Placer,2021-01-13,1650,16764,830,10299,820,6465,0,0,1220,11030,428,2865,1223,13895,California
Placer,2021-01-14,1815,18579,694,10993,1121,7586,0,0,1430,12079,382,3247,1431,15326,California
Placer,2021-01-15,1945,20524,736,11729,1209,8795,0,0,1585,13307,359,3606,1587,16913,California
Placer,2021-01-16,1447,21971,716,12445,731,9526,0,0,1325,14511,122,3728,1326,18239,California
Placer,2021-01-17,579,22550,399,12844,180,9706,0,0,438,14808,141,3869,438,18677,California
Placer,2021-01-18,993,23543,555,13399,438,10144,0,0,749,15314,244,4113,750,19427,California
Placer,2021-01-19,2643,26186,1979,15378,664,10808,0,0,2188,17048,455,4568,2189,21616,California
Placer,2021-01-20,2309,28495,1729,17107,580,11388,0,0,1969,18678,340,4908,1970,23586,California
Placer,2021-01-21,2606,31101,1153,18260,1453,12841,0,0,2202,20480,402,5310,2204,25790,California
Placer,2021-01-22,2372,33473,657,18917,1715,14556,0,0,2196,22503,174,5484,2197,27987,California
Placer,2021-01-23,1186,34659,386,19303,800,15356,0,0,1027,23371,159,5643,1027,29014,California
Placer,2021-01-24,499,35158,253,19556,246,15602,0,0,428,23728,71,5714,428,29442,California
Placer,2021-01-25,1695,36853,817,20373,878,16480,0,0,1400,24834,295,6009,1401,30843,California
Placer,2021-01-26,1870,38723,1037,21410,833,17313,0,0,1603,26170,267,6276,1603,32446,California
Placer,2021-01-27,1834,40557,1152,22562,682,17995,0,0,1585,27509,247,6523,1586,34032,California
Placer,2021-01-28,1809,42366,1122,23684,687,18682,0,0,1563,28828,244,6767,1563,35595,California
Placer,2021-01-29,1893,44259,1167,24851,726,19408,0,0,1698,30334,194,6961,1700,37295,California
Placer,2021-01-30,1708,45967,959,25810,749,20157,0,0,1587,31801,120,7081,1587,38882,California
Placer,2021-01-31,783,46750,623,26433,160,20317,0,0,711,32441,72,7153,712,39594,California
Placer,2021-02-01,2087,48837,1091,27524,996,21313,0,0,1767,33889,319,7472,1767,41361,California
Placer,2021-02-02,2396,51233,1546,29070,850,22163,0,0,1899,35296,494,7966,1901,43262,California
Placer,2021-02-03,2929,54162,1896,30966,1033,23196,0,0,2301,36973,624,8590,2301,45563,California
Placer,2021-02-04,2738,56900,1183,32149,1555,24751,0,0,1906,38052,828,9418,1907,47470,California
Placer,2021-02-05,2696,59596,1210,33359,1486,26237,0,0,1357,38075,1334,10752,1357,48827,California
Placer,2021-02-06,1943,61539,1310,34669,633,26870,0,0,1395,38922,548,11300,1395,50222,California
Placer,2021-02-07,1168,62707,857,35526,311,27181,0,0,881,39517,286,11586,881,51103,California
Placer,2021-02-08,3289,65996,1763,37289,1526,28707,0,0,1920,40076,1362,12948,1921,53024,California
Placer,2021-02-09,3551,69547,2181,39470,1370,30077,0,0,1618,39764,1930,14878,1618,54642,California
Placer,2021-02-10,3752,73299,2205,41675,1547,31624,0,0,1736,39489,2013,16891,1738,56380,California
Placer,2021-02-11,3699,76998,1916,43591,1783,33407,0,0,1555,38914,2131,19022,1556,57936,California
Placer,2021-02-12,2836,79834,1325,44916,1511,34918,0,0,1651,39418,1148,20170,1652,59588,California
Placer,2021-02-13,2484,82318,1449,46365,1035,35953,0,0,1862,40658,622,20792,1862,61450,California
Placer,2021-02-14,1087,83405,676,47041,411,36364,0,0,736,41045,349,21141,736,62186,California
Placer,2021-02-15,2231,85636,1024,48065,1207,37571,0,0,1519,41854,712,21853,1521,63707,California
Placer,2021-02-16,3550,89186,1767,49832,1783,39354,0,0,1556,41426,1985,23838,1557,65264,California
Placer,2021-02-17,3534,92720,1955,51787,1579,40933,0,0,1495,40886,2035,25873,1495,66759,California
Placer,2021-02-18,3812,96532,2060,53847,1752,42685,0,0,1612,40309,2190,28063,1613,68372,California
Placer,2021-02-19,3625,100157,1930,55777,1695,44380,0,0,1352,39393,2269,30332,1353,69725,California
Placer,2021-02-20,2022,102179,1264,57041,758,45138,0,0,925,39231,1090,31422,928,70653,California
Placer,2021-02-21,998,103177,734,57775,264,45402,0,0,289,38815,706,32128,290,70943,California
Placer,2021-02-22,2535,105712,1772,59547,763,46165,0,0,605,37490,1930,34058,605,71548,California
Placer,2021-02-23,2592,108304,1619,61166,973,47138,0,0,899,36697,1692,35750,899,72447,California
Placer,2021-02-24,3319,111623,1176,62342,2143,49281,0,0,1819,37026,1492,37242,1821,74268,California
Placer,2021-02-25,3723,115346,1530,63872,2193,51474,0,0,2047,37408,1668,38910,2050,76318,California
Placer,2021-02-26,4251,119597,2464,66336,1787,53261,0,0,2458,38078,1789,40699,2459,78777,California
Placer,2021-02-27,2879,122476,1524,67860,1355,54616,0,0,1487,38181,1386,42085,1489,80266,California
Placer,2021-02-28,1526,124002,829,68689,697,55313,0,0,721,38102,800,42885,721,80987,California
Placer,2021-03-01,3189,127191,2123,70812,1066,56379,0,0,1624,38169,1557,44442,1624,82611,California
Placer,2021-03-02,2887,130078,1784,72596,1103,57482,0,0,1891,39074,986,45428,1891,84502,California
Placer,2021-03-03,3376,133454,1478,74074,1898,59380,0,0,1848,39402,1521,46949,1849,86351,California
Placer,2021-03-04,3597,137051,1446,75520,2151,61531,0,0,1880,39577,1706,48655,1881,88232,California
Placer,2021-03-05,2958,140009,1012,76532,1925,63456,21,21,1789,40221,1166,49821,1810,90042,California
Placer,2021-03-06,2424,142433,1503,78035,824,64280,97,118,929,39760,1487,51308,1026,91068,California
Placer,2021-03-07,1324,143757,770,78805,514,64794,40,158,551,39581,770,52078,591,91659,California
Placer,2021-03-08,2881,146638,1816,80621,953,65747,112,270,1641,40096,1238,53316,1753,93412,California
Placer,2021-03-09,3174,149812,1701,82322,1389,67136,84,354,1845,40698,1327,54643,1929,95341,California
Placer,2021-03-10,3298,153110,1331,83653,1862,68998,105,459,1734,40979,1558,56201,1839,97180,California
Placer,2021-03-11,3638,156748,1653,85306,1856,70854,129,588,1749,40979,1880,58081,1880,99060,California
Placer,2021-03-12,3695,160443,1498,86804,1418,72272,779,1367,1262,40600,2422,60503,2043,101103,California
Placer,2021-03-13,2139,162582,752,87556,1264,73536,123,1490,1120,40827,1016,61519,1243,102346,California
Placer,2021-03-14,1658,164240,680,88236,826,74362,152,1642,901,41123,757,62276,1053,103399,California
Placer,2021-03-15,3230,167470,1557,89793,1543,75905,130,1772,1786,41600,1440,63716,1917,105316,California
Placer,2021-03-16,3599,171069,1943,91736,1521,77426,135,1907,2280,42709,1306,65022,2415,107731,California
Placer,2021-03-17,3502,174571,1771,93507,1627,79053,104,2011,2257,43829,1242,66264,2362,110093,California
Placer,2021-03-18,4110,178681,2342,95849,1729,80782,39,2050,2872,45508,1231,67495,2910,113003,California
Placer,2021-03-19,3463,182144,2078,97927,1118,81900,267,2317,2151,46620,1304,68799,2416,115419,California
Placer,2021-03-20,2183,184327,929,98856,1166,83066,88,2405,1338,47206,839,69638,1425,116844,California
Placer,2021-03-21,1266,185593,581,99437,675,83741,10,2415,880,47713,383,70021,890,117734,California
Placer,2021-03-22,3314,188907,2126,101563,1095,84836,93,2508,2151,48798,1159,71180,2244,119978,California
Placer,2021-03-23,3550,192457,2107,103670,1355,86191,88,2596,2533,50407,1012,72192,2621,122599,California
Placer,2021-03-24,3813,196270,1997,105667,1716,87907,100,2696,1928,50571,1865,74057,2029,124628,California
Placer,2021-03-25,3861,200131,1859,107526,1906,89813,96,2792,1729,50274,2121,76178,1824,126452,California
Placer,2021-03-26,3751,203882,1653,109179,1867,91680,231,3023,1503,49775,2233,78411,1734,128186,California
Placer,2021-03-27,1583,205465,470,109649,1094,92774,19,3042,607,49431,969,79380,625,128811,California
Placer,2021-03-28,1100,206565,533,110182,558,93332,9,3051,308,48961,787,80167,317,129128,California
Placer,2021-03-29,3568,210133,2004,112186,1527,94859,37,3088,1738,48917,1821,81988,1777,130905,California
Placer,2021-03-30,3983,214116,2106,114292,1833,96692,44,3132,2081,49153,1888,83876,2124,133029,California
Placer,2021-03-31,4114,218230,1840,116132,2198,98890,76,3208,1681,48483,2426,86302,1756,134785,California
Placer,2021-04-01,2973,221203,1437,117569,1487,100377,49,3257,1653,48871,1314,87616,1702,136487,California
Placer,2021-04-02,2839,224042,1476,119045,1298,101675,65,3322,1579,49262,1253,88869,1644,138131,California
Placer,2021-04-03,1842,225884,990,120035,724,102399,128,3450,887,49328,947,89816,1013,139144,California
Placer,2021-04-04,708,226592,360,120395,294,102693,54,3504,283,49243,422,90238,337,139481,California
Placer,2021-04-05,3014,229606,1907,122302,923,103616,184,3688,1747,49911,1262,91500,1930,141411,California
Placer,2021-04-06,4292,233898,2488,124790,1504,105120,300,3988,1513,48952,2771,94271,1812,143223,California
Placer,2021-04-07,4575,238473,2619,127409,1496,106616,460,4448,2068,48976,2500,96771,2524,145747,California
Placer,2021-04-08,4735,243208,2628,130037,1569,108185,538,4986,1582,47952,3142,99913,2118,147865,California
Placer,2021-04-09,4144,247352,2281,132318,1241,109426,622,5608,1244,46929,2892,102805,1869,149734,California
Placer,2021-04-10,2054,249406,901,133219,969,110395,184,5792,868,46797,1183,103988,1051,150785,California
Placer,2021-04-11,1371,250777,533,133752,808,111203,30,5822,459,46377,908,104896,488,151273,California
Placer,2021-04-12,4119,254896,2655,136407,1077,112280,387,6209,2465,47584,1645,106541,2852,154125,California
Placer,2021-04-13,4387,259283,3020,139427,1366,113646,1,6210,2225,47654,2157,108698,2227,156352,California
Placer,2021-04-14,4191,263474,2584,142011,1606,115252,1,6211,1877,47227,2304,111002,1877,158229,California
Placer,2021-04-15,4523,267997,2525,144536,1997,117249,1,6212,2370,47455,2143,113145,2371,160600,California
Placer,2021-04-16,3682,271679,2183,146719,1499,118748,0,6212,1435,46652,2241,115386,1438,162038,California
Placer,2021-04-17,2439,274118,846,147565,1593,120341,0,6212,1520,47258,914,116300,1520,163558,California
Placer,2021-04-18,1202,275320,262,147827,940,121281,0,6212,414,46886,786,117086,414,163972,California
Placer,2021-04-19,2957,278277,1818,149645,1139,122420,0,6212,1162,46259,1791,118877,1164,165136,California
Placer,2021-04-20,3836,282113,2482,152127,1354,123774,0,6212,2430,47293,1397,120274,2431,167567,California
Placer,2021-04-21,3668,285781,2403,154530,1264,125038,1,6213,2389,48407,1276,121550,2390,169957,California
Placer,2021-04-22,3664,289445,2275,156805,1389,126427,0,6213,1739,48224,1922,123472,1739,171696,California
Placer,2021-04-23,3512,292957,2319,159124,1192,127619,1,6214,1372,47464,2133,125605,1373,173069,California
Placer,2021-04-24,2086,295043,1267,160391,818,128437,1,6215,1211,47809,866,126471,1211,174280,California
Placer,2021-04-25,901,295944,500,160891,401,128838,0,6215,555,48018,346,126817,555,174835,California
Placer,2021-04-26,2481,298425,1325,162216,1133,129971,23,6238,1213,47995,1258,128075,1235,176070,California
Placer,2021-04-27,2730,301155,1427,163643,1254,131225,49,6287,1551,48421,1175,129250,1601,177671,California
Placer,2021-04-28,3004,304159,1886,165529,1082,132307,36,6323,1600,48664,1394,130644,1637,179308,California
Placer,2021-04-29,3368,307527,2188,167717,1126,133433,54,6377,1406,48168,1956,132600,1460,180768,California
Placer,2021-04-30,2973,310500,1800,169517,1124,134557,49,6426,1185,47620,1782,134382,1234,182002,California
Placer,2021-05-01,1326,311826,926,170443,373,134930,27,6453,597,47520,723,135105,623,182625,California
Placer,2021-05-02,733,312559,575,171018,136,135066,22,6475,333,47477,398,135503,355,182980,California
Placer,2021-05-03,1596,314155,979,171997,549,135615,68,6543,431,46813,1162,136665,498,183478,California
Placer,2021-05-04,2309,316464,1302,173299,844,136459,163,6706,867,46408,1435,138100,1030,184508,California
Placer,2021-05-05,3676,320140,2491,175790,1084,137543,101,6807,968,44776,2701,140801,1069,185577,California
Placer,2021-05-06,3081,323221,1890,177680,1113,138656,78,6885,802,43401,2255,143056,880,186457,California
Placer,2021-05-07,2810,326031,1898,179578,820,139476,92,6977,795,42284,2004,145060,887,187344,California
Placer,2021-05-08,1321,327352,709,180287,571,140047,41,7018,393,41789,927,145987,432,187776,California
Placer,2021-05-09,434,327786,203,180490,211,140258,20,7038,212,41799,222,146209,232,188008,California
Placer,2021-05-10,1920,329706,1025,181515,799,141057,96,7134,428,40836,1487,147696,524,188532,California
Placer,2021-05-11,2915,332621,2081,183596,719,141776,115,7249,615,39276,2290,149986,730,189262,California
Placer,2021-05-12,2892,335513,1997,185593,838,142614,57,7306,735,37920,2150,152136,794,190056,California
Placer,2021-05-13,2863,338376,1854,187447,961,143575,48,7354,1041,37188,1820,153956,1088,191144,California
Placer,2021-05-14,2833,341209,1869,189316,828,144403,136,7490,1403,37306,1415,155371,1533,192677,California
Placer,2021-05-15,2086,343295,1348,190664,713,145116,25,7515,924,37100,1155,156526,949,193626,California
Placer,2021-05-16,1015,344310,530,191194,466,145582,19,7534,350,36806,663,157189,369,193995,California
Placer,2021-05-17,2358,346668,1571,192765,714,146296,73,7607,1026,36577,1328,158517,1099,195094,California
Placer,2021-05-18,2490,349158,1679,194444,732,147028,79,7686,1133,36436,1353,159870,1212,196306,California
Placer,2021-05-19,2539,351697,1600,196044,894,147922,45,7731,896,35739,1638,161508,941,197247,California
Placer,2021-05-20,2526,354223,1639,197683,839,148761,48,7779,888,35045,1630,163138,936,198183,California
Placer,2021-05-21,2449,356672,1530,199213,772,149533,147,7926,1087,34922,1354,164492,1231,199414,California
Placer,2021-05-22,1600,358272,1056,200269,501,150034,43,7969,763,34896,832,165324,806,200220,California
Placer,2021-05-23,578,358850,332,200601,231,150265,15,7984,268,34871,309,165633,284,200504,California
Placer,2021-05-24,1475,360325,737,201338,604,150869,134,8118,425,34384,1046,166679,559,201063,California
Placer,2021-05-25,1780,362105,941,202279,743,151612,96,8214,648,34003,1125,167804,744,201807,California
Placer,2021-05-26,1576,363681,905,203184,630,152242,41,8255,614,33702,957,168761,656,202463,California
Placer,2021-05-27,1440,365121,713,203897,684,152926,43,8298,661,33635,771,169532,704,203167,California
Placer,2021-05-28,1700,366821,857,204754,745,153671,98,8396,736,33510,959,170491,834,204001,California
Placer,2021-05-29,742,367563,401,205155,310,153981,31,8427,382,33566,356,170847,412,204413,California
Placer,2021-05-30,337,367900,230,205385,93,154074,14,8441,217,33678,119,170966,231,204644,California
Placer,2021-05-31,145,368045,67,205452,61,154135,17,8458,28,33606,116,171082,44,204688,California
Placer,2021-06-01,1678,369723,883,206335,722,154857,73,8531,633,33272,1040,172122,706,205394,California
Placer,2021-06-02,1517,371240,765,207100,684,155541,68,8599,489,32802,1027,173149,557,205951,California
Placer,2021-06-03,1705,372945,1039,208139,608,156149,58,8657,434,32027,1266,174415,491,206442,California
Placer,2021-06-04,1879,374824,1334,209473,491,156640,54,8711,464,31137,1406,175821,516,206958,California
Placer,2021-06-05,1087,375911,772,210245,274,156914,41,8752,277,30649,806,176627,318,207276,California
Placer,2021-06-06,481,376392,343,210588,121,157035,17,8769,123,30432,357,176984,140,207416,California
Placer,2021-06-07,1052,377444,718,211306,262,157297,72,8841,228,29909,821,177805,298,207714,California
Placer,2021-06-08,1736,379180,1321,212627,366,157663,49,8890,436,29096,1297,179102,484,208198,California
Placer,2021-06-09,1177,380357,852,213479,271,157934,54,8944,265,28507,909,180011,320,208518,California
Placer,2021-06-10,1239,381596,860,214339,313,158247,66,9010,311,27957,925,180936,375,208893,California
Placer,2021-06-11,1485,383081,1069,215408,357,158604,59,9069,343,27221,1137,182073,401,209294,California
Placer,2021-06-12,1013,384094,753,216161,234,158838,26,9095,219,26674,792,182865,245,209539,California
Placer,2021-06-13,394,384488,303,216464,80,158918,11,9106,103,26498,290,183155,114,209653,California
Placer,2021-06-14,771,385259,526,216990,200,159118,45,9151,234,26244,532,183687,278,209931,California
Placer,2021-06-15,1293,386552,861,217851,370,159488,62,9213,439,25894,850,184537,500,210431,California
Placer,2021-06-16,1042,387594,753,218604,232,159720,57,9270,335,25579,706,185243,391,210822,California
Placer,2021-06-17,855,388449,591,219195,228,159948,36,9306,259,25282,592,185835,295,211117,California
Placer,2021-06-18,1119,389568,740,219935,293,160241,86,9392,358,24967,759,186594,444,211561,California
Placer,2021-06-19,349,389917,229,220164,91,160332,29,9421,117,24881,232,186826,146,211707,California
Plumas,2020-12-18,4,4,4,4,0,0,0,0,4,4,0,0,4,4,California
Plumas,2020-12-19,1,5,1,5,0,0,0,0,1,5,0,0,1,5,California
Plumas,2020-12-21,45,50,45,50,0,0,0,0,45,50,0,0,45,50,California
Plumas,2020-12-22,95,145,95,145,0,0,0,0,95,145,0,0,95,145,California
Plumas,2020-12-23,50,195,50,195,0,0,0,0,50,195,0,0,50,195,California
Plumas,2020-12-24,7,202,7,202,0,0,0,0,7,202,0,0,7,202,California
Plumas,2020-12-28,9,211,1,203,8,8,0,0,9,211,0,0,9,211,California
Plumas,2020-12-29,33,244,23,226,10,18,0,0,33,244,0,0,33,244,California
Plumas,2020-12-30,24,268,2,228,22,40,0,0,24,268,0,0,24,268,California
Plumas,2020-12-31,4,272,1,229,3,43,0,0,4,272,0,0,4,272,California
Plumas,2021-01-01,1,273,0,229,1,44,0,0,1,273,0,0,1,273,California
Plumas,2021-01-02,1,274,0,229,1,45,0,0,1,274,0,0,1,274,California
Plumas,2021-01-04,10,284,3,232,7,52,0,0,10,284,0,0,10,284,California
Plumas,2021-01-05,23,307,1,233,22,74,0,0,23,307,0,0,23,307,California
Plumas,2021-01-06,120,427,4,237,116,190,0,0,120,427,0,0,120,427,California
Plumas,2021-01-07,52,479,2,239,50,240,0,0,51,477,1,1,51,478,California
Plumas,2021-01-08,12,491,5,244,7,247,0,0,8,481,4,5,8,486,California
Plumas,2021-01-09,1,492,1,245,0,247,0,0,0,480,1,6,0,486,California
Plumas,2021-01-11,58,550,50,295,8,255,0,0,11,444,47,53,11,497,California
Plumas,2021-01-12,157,707,88,383,69,324,0,0,71,429,86,139,71,568,California
Plumas,2021-01-13,56,763,51,434,5,329,0,0,9,391,47,186,9,577,California
Plumas,2021-01-14,98,861,15,449,83,412,0,0,92,477,6,192,92,669,California
Plumas,2021-01-15,61,922,7,456,54,466,0,0,59,534,2,194,59,728,California
Plumas,2021-01-16,57,979,1,457,56,522,0,0,57,591,0,194,57,785,California
Plumas,2021-01-18,2,981,1,458,1,523,0,0,2,593,0,194,2,787,California
Plumas,2021-01-19,38,1019,6,464,32,555,0,0,33,621,5,199,33,820,California
Plumas,2021-01-20,139,1158,4,468,135,690,0,0,135,752,4,203,135,955,California
Plumas,2021-01-21,113,1271,2,470,111,801,0,0,113,865,0,203,113,1068,California
Plumas,2021-01-22,4,1275,1,471,3,804,0,0,4,869,0,203,4,1072,California
Plumas,2021-01-23,96,1371,2,473,94,898,0,0,96,965,0,203,96,1168,California
Plumas,2021-01-24,1,1372,1,474,0,898,0,0,1,966,0,203,1,1169,California
Plumas,2021-01-25,9,1381,6,480,3,901,0,0,7,971,2,205,7,1176,California
Plumas,2021-01-26,62,1443,2,482,60,961,0,0,54,1017,8,213,54,1230,California
Plumas,2021-01-27,28,1471,22,504,6,967,0,0,8,1005,20,233,8,1238,California
Plumas,2021-01-28,27,1498,2,506,25,992,0,0,25,1028,2,235,25,1263,California
Plumas,2021-01-29,8,1506,2,508,6,998,0,0,7,1034,1,236,7,1270,California
Plumas,2021-01-30,7,1513,3,511,4,1002,0,0,6,1039,1,237,6,1276,California
Plumas,2021-01-31,3,1516,3,514,0,1002,0,0,3,1042,0,237,3,1279,California
Plumas,2021-02-01,19,1535,2,516,17,1019,0,0,10,1043,9,246,10,1289,California
Plumas,2021-02-02,25,1560,4,520,21,1040,0,0,5,1028,20,266,5,1294,California
Plumas,2021-02-03,126,1686,8,528,118,1158,0,0,14,931,111,377,14,1308,California
Plumas,2021-02-04,102,1788,9,537,93,1251,0,0,23,875,79,456,23,1331,California
Plumas,2021-02-05,27,1815,12,549,15,1266,0,0,12,872,15,471,12,1343,California
Plumas,2021-02-06,8,1823,1,550,7,1273,0,0,8,880,0,471,8,1351,California
Plumas,2021-02-08,14,1837,5,555,9,1282,0,0,2,870,12,483,2,1353,California
Plumas,2021-02-09,173,2010,3,558,170,1452,0,0,112,921,61,544,112,1465,California
Plumas,2021-02-10,109,2119,8,566,101,1553,0,0,103,1019,6,550,104,1569,California
Plumas,2021-02-11,343,2462,5,571,338,1891,0,0,283,1242,60,610,283,1852,California
Plumas,2021-02-12,123,2585,4,575,119,2010,0,0,118,1355,5,615,118,1970,California
Plumas,2021-02-13,76,2661,7,582,69,2079,0,0,17,1313,59,674,17,1987,California
Plumas,2021-02-14,9,2670,5,587,4,2083,0,0,9,1322,0,674,9,1996,California
Plumas,2021-02-15,28,2698,5,592,23,2106,0,0,25,1344,3,677,25,2021,California
Plumas,2021-02-16,80,2778,5,597,75,2181,0,0,16,1296,64,741,16,2037,California
Plumas,2021-02-17,152,2930,5,602,147,2328,0,0,12,1168,140,881,12,2049,California
Plumas,2021-02-18,134,3064,8,610,126,2454,0,0,22,1079,112,993,23,2072,California
Plumas,2021-02-19,42,3106,6,616,36,2490,0,0,8,1053,34,1027,8,2080,California
Plumas,2021-02-20,106,3212,7,623,99,2589,0,0,13,973,93,1120,13,2093,California
Plumas,2021-02-21,6,3218,5,628,1,2590,0,0,2,971,4,1124,2,2095,California
Plumas,2021-02-22,5,3223,2,630,3,2593,0,0,1,968,4,1128,1,2096,California
Plumas,2021-02-23,27,3250,5,635,22,2615,0,0,17,975,10,1138,17,2113,California
Plumas,2021-02-24,479,3729,8,643,471,3086,0,0,466,1428,13,1151,466,2579,California
Plumas,2021-02-25,241,3970,13,656,228,3314,0,0,174,1535,67,1218,174,2753,California
Plumas,2021-02-26,266,4236,8,664,258,3572,0,0,257,1784,9,1227,258,3011,California
Plumas,2021-02-27,42,4278,4,668,38,3610,0,0,34,1810,8,1235,34,3045,California
Plumas,2021-02-28,4,4282,0,668,4,3614,0,0,4,1814,0,1235,4,3049,California
Plumas,2021-03-01,23,4305,4,672,19,3633,0,0,13,1818,9,1244,13,3062,California
Plumas,2021-03-02,11,4316,1,673,10,3643,0,0,7,1822,3,1247,7,3069,California
Plumas,2021-03-03,177,4493,10,683,167,3810,0,0,162,1969,15,1262,162,3231,California
Plumas,2021-03-04,250,4743,7,690,243,4053,0,0,230,2179,20,1282,230,3461,California
Plumas,2021-03-05,398,5141,5,695,388,4441,5,5,388,2562,10,1292,393,3854,California
Plumas,2021-03-06,21,5162,4,699,9,4450,8,13,3,2555,18,1310,11,3865,California
Plumas,2021-03-07,13,5175,2,701,2,4452,9,22,3,2557,10,1320,12,3877,California
Plumas,2021-03-08,33,5208,3,704,5,4457,25,47,5,2560,28,1348,31,3908,California
Plumas,2021-03-09,134,5342,4,708,115,4572,15,62,18,2477,116,1464,33,3941,California
Plumas,2021-03-10,300,5642,3,711,283,4855,14,76,110,2412,189,1653,124,4065,California
Plumas,2021-03-11,189,5831,10,721,174,5029,5,81,153,2534,36,1689,158,4223,California
Plumas,2021-03-12,597,6428,7,728,303,5332,287,368,25,2274,572,2261,312,4535,California
Plumas,2021-03-13,26,6454,5,733,10,5342,11,379,5,2269,21,2282,16,4551,California
Plumas,2021-03-14,13,6467,3,736,5,5347,5,384,1,2264,11,2293,6,4557,California
Plumas,2021-03-15,36,6503,2,738,27,5374,7,391,7,2249,29,2322,14,4571,California
Plumas,2021-03-16,62,6565,3,741,58,5432,1,392,49,2287,12,2334,50,4621,California
Plumas,2021-03-17,72,6637,8,749,63,5495,1,393,56,2329,15,2349,57,4678,California
Plumas,2021-03-18,60,6697,6,755,38,5533,16,409,11,2307,49,2398,27,4705,California
Plumas,2021-03-19,162,6859,4,759,156,5689,2,411,154,2458,6,2404,157,4862,California
Plumas,2021-03-20,712,7571,4,763,707,6396,1,412,690,3129,20,2424,691,5553,California
Plumas,2021-03-21,2,7573,1,764,1,6397,0,412,1,3130,0,2424,1,5554,California
Plumas,2021-03-22,201,7774,2,766,199,6596,0,412,194,3317,7,2431,194,5748,California
Plumas,2021-03-23,29,7803,2,768,26,6622,1,413,14,3317,15,2446,15,5763,California
Plumas,2021-03-24,693,8496,6,774,686,7308,1,414,236,3098,456,2902,237,6000,California
Plumas,2021-03-25,310,8806,8,782,300,7608,2,416,166,3120,144,3046,166,6166,California
Plumas,2021-03-26,315,9121,8,790,306,7914,1,417,46,2899,268,3314,47,6213,California
Plumas,2021-03-27,12,9133,1,791,10,7924,1,418,3,2894,9,3323,4,6217,California
Plumas,2021-03-28,9,9142,3,794,5,7929,1,419,4,2894,5,3328,5,6222,California
Plumas,2021-03-29,11,9153,3,797,7,7936,1,420,3,2890,8,3336,4,6226,California
Plumas,2021-03-30,181,9334,4,801,174,8110,3,423,27,2766,154,3490,30,6256,California
Plumas,2021-03-31,293,9627,3,804,289,8399,1,424,271,3016,22,3512,272,6528,California
Plumas,2021-04-01,310,9937,13,817,294,8693,3,427,63,2837,244,3756,65,6593,California
Plumas,2021-04-02,377,10314,3,820,371,9064,3,430,29,2532,337,4093,32,6625,California
Plumas,2021-04-03,13,10327,2,822,5,9069,6,436,2,2529,11,4104,8,6633,California
Plumas,2021-04-04,3,10330,1,823,1,9070,1,437,0,2527,3,4107,1,6634,California
Plumas,2021-04-05,16,10346,6,829,8,9078,2,439,4,2522,11,4118,6,6640,California
Plumas,2021-04-06,135,10481,7,836,101,9179,27,466,16,2446,119,4237,43,6683,California
Plumas,2021-04-07,295,10776,9,845,102,9281,184,650,29,2393,266,4503,213,6896,California
Plumas,2021-04-08,157,10933,3,848,134,9415,20,670,38,2331,119,4622,57,6953,California
Plumas,2021-04-09,49,10982,8,856,24,9439,17,687,17,2332,32,4654,33,6986,California
Plumas,2021-04-10,22,11004,1,857,4,9443,17,704,3,2333,19,4673,20,7006,California
Plumas,2021-04-11,3,11007,2,859,0,9443,1,705,2,2335,1,4674,3,7009,California
Plumas,2021-04-12,12,11019,4,863,5,9448,3,708,6,2338,6,4680,9,7018,California
Plumas,2021-04-13,219,11238,5,868,214,9662,0,708,153,2425,66,4746,153,7171,California
Plumas,2021-04-14,109,11347,6,874,103,9765,0,708,55,2427,53,4799,55,7226,California
Plumas,2021-04-15,53,11400,3,877,50,9815,0,708,35,2445,17,4816,35,7261,California
Plumas,2021-04-16,144,11544,3,880,141,9956,0,708,3,2307,141,4957,3,7264,California
Plumas,2021-04-17,685,12229,2,882,683,10639,0,708,19,1663,663,5620,19,7283,California
Plumas,2021-04-18,3,12232,3,885,0,10639,0,708,0,1660,3,5623,0,7283,California
Plumas,2021-04-19,38,12270,2,887,36,10675,0,708,5,1632,33,5656,5,7288,California
Plumas,2021-04-20,45,12315,5,892,40,10715,0,708,28,1644,16,5672,28,7316,California
Plumas,2021-04-21,338,12653,5,897,332,11047,1,709,16,1338,322,5994,16,7332,California
Plumas,2021-04-22,280,12933,7,904,273,11320,0,709,133,1324,147,6141,133,7465,California
Plumas,2021-04-23,72,13005,3,907,69,11389,0,709,16,1284,56,6197,16,7481,California
Plumas,2021-04-24,170,13175,4,911,166,11555,0,709,144,1403,25,6222,144,7625,California
Plumas,2021-04-26,30,13205,3,914,27,11582,0,709,8,1390,21,6243,8,7633,California
Plumas,2021-04-27,107,13312,4,918,103,11685,0,709,68,1419,39,6282,68,7701,California
Plumas,2021-04-28,288,13600,5,923,283,11968,0,709,38,1209,248,6530,38,7739,California
Plumas,2021-04-29,173,13773,68,991,105,12073,0,709,119,1274,54,6584,119,7858,California
Plumas,2021-04-30,20,13793,9,1000,11,12084,0,709,5,1264,15,6599,5,7863,California
Plumas,2021-05-01,4,13797,1,1001,2,12086,1,710,1,1264,2,6601,2,7865,California
Plumas,2021-05-02,3,13800,3,1004,0,12086,0,710,2,1265,1,6602,2,7867,California
Plumas,2021-05-03,19,13819,5,1009,7,12093,7,717,5,1265,12,6614,12,7879,California
Plumas,2021-05-04,33,13852,5,1014,21,12114,7,724,19,1278,13,6627,26,7905,California
Plumas,2021-05-05,48,13900,3,1017,44,12158,1,725,23,1277,25,6652,24,7929,California
Plumas,2021-05-06,67,13967,1,1018,61,12219,5,730,21,1257,46,6698,26,7955,California
Plumas,2021-05-07,22,13989,5,1023,16,12235,1,731,8,1252,14,6712,9,7964,California
Plumas,2021-05-08,7,13996,0,1023,4,12239,3,734,4,1256,3,6715,7,7971,California
Plumas,2021-05-09,1,13997,0,1023,0,12239,1,735,0,1256,1,6716,1,7972,California
Plumas,2021-05-10,50,14047,0,1023,28,12267,22,757,24,1276,26,6742,46,8018,California
Plumas,2021-05-11,175,14222,2,1025,154,12421,19,776,14,1148,161,6903,33,8051,California
Plumas,2021-05-12,100,14322,1,1026,91,12512,8,784,36,1129,63,6966,44,8095,California
Plumas,2021-05-13,39,14361,3,1029,34,12546,2,786,14,1120,25,6991,16,8111,California
Plumas,2021-05-14,20,14381,3,1032,12,12558,5,791,9,1123,11,7002,14,8125,California
Plumas,2021-05-15,10,14391,4,1036,4,12562,2,793,4,1123,6,7008,6,8131,California
Plumas,2021-05-16,1,14392,1,1037,0,12562,0,793,1,1124,0,7008,1,8132,California
Plumas,2021-05-17,14,14406,0,1037,5,12567,9,802,4,1127,10,7018,13,8145,California
Plumas,2021-05-18,47,14453,8,1045,38,12605,1,803,26,1133,21,7039,27,8172,California
Plumas,2021-05-19,51,14504,4,1049,30,12635,17,820,13,1126,38,7077,31,8203,California
Plumas,2021-05-20,190,14694,134,1183,45,12680,11,831,78,1104,111,7188,89,8292,California
Plumas,2021-05-21,28,14722,7,1190,15,12695,6,837,14,1110,14,7202,20,8312,California
Plumas,2021-05-22,137,14859,2,1192,135,12830,0,837,7,989,128,7330,7,8319,California
Plumas,2021-05-23,2,14861,2,1194,0,12830,0,837,0,987,2,7332,0,8319,California
Plumas,2021-05-24,50,14911,36,1230,13,12843,1,838,41,1021,8,7340,42,8361,California
Plumas,2021-05-25,81,14992,3,1233,77,12920,1,839,17,975,64,7404,18,8379,California
Plumas,2021-05-26,42,15034,6,1239,28,12948,8,847,17,975,25,7429,25,8404,California
Plumas,2021-05-27,102,15136,26,1265,63,13011,13,860,42,971,59,7488,55,8459,California
Plumas,2021-05-28,42,15178,15,1280,25,13036,2,862,22,976,19,7507,24,8483,California
Plumas,2021-05-29,8,15186,0,1280,8,13044,0,862,6,981,2,7509,7,8490,California
Plumas,2021-05-30,1,15187,0,1280,1,13045,0,862,0,981,0,7509,0,8490,California
Plumas,2021-05-31,6,15193,0,1280,3,13048,3,865,0,979,5,7514,3,8493,California
Plumas,2021-06-01,34,15227,8,1288,20,13068,6,871,9,970,25,7539,16,8509,California
Plumas,2021-06-02,64,15291,5,1293,37,13105,22,893,12,952,52,7591,34,8543,California
Plumas,2021-06-03,67,15358,17,1310,40,13145,10,903,28,951,39,7630,38,8581,California
Plumas,2021-06-04,14,15372,3,1313,10,13155,1,904,8,955,5,7635,9,8590,California
Plumas,2021-06-05,7,15379,3,1316,4,13159,0,904,2,952,5,7640,2,8592,California
Plumas,2021-06-06,3,15382,1,1317,2,13161,0,904,0,949,3,7643,0,8592,California
Plumas,2021-06-07,38,15420,5,1322,25,13186,8,912,9,937,29,7672,17,8609,California
Plumas,2021-06-08,30,15450,9,1331,19,13205,2,914,8,925,22,7694,10,8619,California
Plumas,2021-06-09,42,15492,5,1336,34,13239,3,917,9,904,33,7727,12,8631,California
Plumas,2021-06-10,37,15529,15,1351,18,13257,4,921,14,899,23,7750,18,8649,California
Plumas,2021-06-11,25,15554,13,1364,9,13266,3,924,8,893,17,7767,11,8660,California
Plumas,2021-06-12,12,15566,4,1368,7,13273,1,925,6,894,6,7773,7,8667,California
Plumas,2021-06-13,3,15569,1,1369,2,13275,0,925,3,897,0,7773,3,8670,California
Plumas,2021-06-14,96,15665,88,1457,6,13281,2,927,13,829,83,7856,15,8685,California
Plumas,2021-06-15,30,15695,7,1464,21,13302,2,929,9,819,21,7877,11,8696,California
Plumas,2021-06-16,32,15727,11,1475,12,13314,9,938,8,812,24,7901,17,8713,California
Plumas,2021-06-17,46,15773,30,1505,12,13326,4,942,8,786,38,7939,12,8725,California
Plumas,2021-06-18,30,15803,13,1518,12,13338,5,947,11,782,19,7958,15,8740,California
Riverside,2020-12-15,7,7,7,7,0,0,0,0,7,7,0,0,7,7,California
Riverside,2020-12-16,94,101,94,101,0,0,0,0,94,101,0,0,94,101,California
Riverside,2020-12-17,833,934,833,934,0,0,0,0,833,934,0,0,833,934,California
Riverside,2020-12-18,1782,2716,1781,2715,1,1,0,0,1782,2716,0,0,1782,2716,California
Riverside,2020-12-19,1057,3773,1054,3769,3,4,0,0,1055,3770,1,1,1055,3771,California
Riverside,2020-12-20,1114,4887,1113,4882,1,5,0,0,1114,4884,0,1,1114,4885,California
Riverside,2020-12-21,2329,7216,2327,7209,2,7,0,0,2329,7213,0,1,2329,7214,California
Riverside,2020-12-22,2289,9505,2242,9451,47,54,0,0,2289,9502,0,1,2289,9503,California
Riverside,2020-12-23,2162,11667,1814,11265,348,402,0,0,2163,11665,0,1,2163,11666,California
Riverside,2020-12-24,845,12512,639,11904,206,608,0,0,845,12510,0,1,845,12511,California
Riverside,2020-12-25,42,12554,18,11922,24,632,0,0,41,12551,0,1,41,12552,California
Riverside,2020-12-26,491,13045,270,12192,221,853,0,0,491,13042,0,1,491,13043,California
Riverside,2020-12-27,399,13444,270,12462,129,982,0,0,398,13439,1,2,398,13441,California
Riverside,2020-12-28,1710,15154,1192,13654,518,1500,0,0,1710,15149,0,2,1710,15151,California
Riverside,2020-12-29,1810,16964,1028,14682,782,2282,0,0,1810,16959,0,2,1810,16961,California
Riverside,2020-12-30,2658,19622,1732,16414,926,3208,0,0,2657,19615,1,3,2657,19618,California
Riverside,2020-12-31,1073,20695,419,16833,654,3862,0,0,1074,20688,1,4,1074,20692,California
Riverside,2021-01-01,134,20829,58,16891,76,3938,0,0,134,20822,0,4,134,20826,California
Riverside,2021-01-02,893,21722,707,17598,186,4124,0,0,893,21715,0,4,893,21719,California
Riverside,2021-01-03,358,22080,304,17902,54,4178,0,0,357,22072,0,4,357,22076,California
Riverside,2021-01-04,1303,23383,810,18712,493,4671,0,0,1302,23374,0,4,1302,23378,California
Riverside,2021-01-05,2054,25437,1411,20123,643,5314,0,0,1931,25188,117,121,1931,25309,California
Riverside,2021-01-06,2577,28014,1149,21272,1428,6742,0,0,2238,27093,333,454,2238,27547,California
Riverside,2021-01-07,2882,30896,1882,23154,1000,7742,0,0,1773,27765,1102,1556,1774,29321,California
Riverside,2021-01-08,4131,35027,2984,26138,1147,8889,0,0,2272,28183,1854,3410,2272,31593,California
Riverside,2021-01-09,2138,37165,877,27015,1261,10150,0,0,1763,29573,373,3783,1763,33356,California
Riverside,2021-01-10,1697,38862,749,27764,948,11098,0,0,1081,30038,616,4399,1081,34437,California
Riverside,2021-01-11,4612,43474,3149,30913,1463,12561,0,0,2842,31112,1769,6168,2843,37280,California
Riverside,2021-01-12,3510,46984,2778,33691,732,13293,0,0,1798,31206,1707,7875,1801,39081,California
Riverside,2021-01-13,4575,51559,2994,36685,1581,14874,0,0,2939,32513,1632,9507,2939,42020,California
Riverside,2021-01-14,5736,57295,2044,38729,3692,18566,0,0,5119,37019,615,10122,5121,47141,California
Riverside,2021-01-15,6246,63541,2063,40792,4183,22749,0,0,5911,42598,333,10455,5912,53053,California
Riverside,2021-01-16,3716,67257,1038,41830,2678,25427,0,0,3453,45789,263,10718,3454,56507,California
Riverside,2021-01-17,3660,70917,605,42435,3055,28482,0,0,3450,49031,208,10926,3450,59957,California
Riverside,2021-01-18,3879,74796,2121,44556,1758,30240,0,0,2825,50803,1054,11980,2826,62783,California
Riverside,2021-01-19,7539,82335,2684,47240,4855,35095,0,0,6396,56061,1143,13123,6401,69184,California
Riverside,2021-01-20,8395,90730,3189,50429,5206,40301,0,0,6701,61088,1680,14803,6707,75891,California
Riverside,2021-01-21,8510,99240,3518,53947,4992,45293,0,0,7834,68247,676,15479,7835,83726,California
Riverside,2021-01-22,8946,108186,3034,56981,5912,51205,0,0,8472,76250,471,15950,8474,92200,California
Riverside,2021-01-23,6084,114270,2369,59350,3715,54920,0,0,5272,80714,810,16760,5274,97474,California
Riverside,2021-01-24,3127,117397,1440,60790,1687,56607,0,0,2904,83398,221,16981,2905,100379,California
Riverside,2021-01-25,8040,125437,4595,65385,3445,60052,0,0,6877,89116,1161,18142,6879,107258,California
Riverside,2021-01-26,9250,134687,5738,71123,3512,63564,0,0,7723,95316,1524,19666,7724,114982,California
Riverside,2021-01-27,11129,145816,6440,77563,4689,68253,0,0,9491,103178,1632,21298,9494,124476,California
Riverside,2021-01-28,11747,157563,6839,84402,4908,73161,0,0,10551,112543,1188,22486,10553,135029,California
Riverside,2021-01-29,12115,169678,7326,91728,4789,77950,0,0,10720,121898,1369,23855,10724,145753,California
Riverside,2021-01-30,9212,178890,4642,96370,4570,82520,0,0,8712,130114,497,24352,8713,154466,California
Riverside,2021-01-31,5219,184109,4250,100620,969,83489,0,0,5080,135061,138,24490,5085,159551,California
Riverside,2021-02-01,11161,195270,6840,107460,4321,87810,0,0,9255,142421,1899,26389,9259,168810,California
Riverside,2021-02-02,9661,204931,4875,112335,4786,92596,0,0,8163,149105,1489,27878,8173,176983,California
Riverside,2021-02-03,12386,217317,5178,117513,7208,99804,0,0,9953,156640,2424,30302,9959,186942,California
Riverside,2021-02-04,13714,231031,6041,123554,7673,107477,0,0,11571,166083,2135,32437,11578,198520,California
Riverside,2021-02-05,14576,245607,5506,129060,9070,116547,0,0,11393,174310,3174,35611,11401,209921,California
Riverside,2021-02-06,7356,252963,4284,133344,3072,119619,0,0,5688,178340,1662,37273,5692,215613,California
Riverside,2021-02-07,2234,255197,818,134162,1416,121035,0,0,1897,179908,335,37608,1903,217516,California
Riverside,2021-02-08,12615,267812,5597,139759,7018,128053,0,0,10234,187790,2366,39974,10248,227764,California
Riverside,2021-02-09,9750,277562,4541,144300,5209,133262,0,0,7749,193566,1994,41968,7770,235534,California
Riverside,2021-02-10,12234,289796,7008,151308,5226,138488,0,0,8992,199346,3231,45199,9011,244545,California
Riverside,2021-02-11,16823,306619,9079,160387,7744,146232,0,0,12232,207045,4570,49769,12269,256814,California
Riverside,2021-02-12,17920,324539,10842,171229,7078,153310,0,0,12897,214988,4982,54751,12925,269739,California
Riverside,2021-02-13,6373,330912,2138,173367,4235,157545,0,0,3099,214859,3259,58010,3130,272869,California
Riverside,2021-02-14,5001,335913,1168,174535,3833,161378,0,0,2244,214362,2753,60763,2256,275125,California
Riverside,2021-02-15,9928,345841,5062,179597,4866,166244,0,0,5486,215434,4431,65194,5503,280628,California
Riverside,2021-02-16,16283,362124,10187,189784,6096,172340,0,0,9348,217882,6926,72120,9374,290002,California
Riverside,2021-02-17,15264,377388,8364,198148,6900,179240,0,0,7584,217853,7667,79787,7638,297640,California
Riverside,2021-02-18,15707,393095,9017,207165,6690,185930,0,0,8086,218384,7599,87386,8130,305770,California
Riverside,2021-02-19,15473,408568,8290,215455,7183,193113,0,0,7307,217571,8148,95534,7335,313105,California
Riverside,2021-02-20,8426,416994,4530,219985,3896,197009,0,0,2239,213650,6170,101704,2249,315354,California
Riverside,2021-02-21,4422,421416,3901,223886,521,197530,0,0,1261,211776,3146,104850,1272,316626,California
Riverside,2021-02-22,12462,433878,7819,231705,4643,202173,0,0,5141,209622,7306,112156,5152,321778,California
Riverside,2021-02-23,11351,445229,7696,239401,3655,205828,0,0,5527,209382,5797,117953,5557,327335,California
Riverside,2021-02-24,14930,460159,8127,247528,6803,212631,0,0,6326,207198,8566,126519,6382,333717,California
Riverside,2021-02-25,17584,477743,7487,255015,10097,222728,0,0,8141,205990,9418,135937,8210,341927,California
Riverside,2021-02-26,18892,496635,6802,261817,12090,234818,0,0,9400,206024,9433,145370,9467,351394,California
Riverside,2021-02-27,12210,508845,5652,267469,6558,241376,0,0,5803,205509,6375,151745,5860,357254,California
Riverside,2021-02-28,4998,513843,3288,270757,1710,243086,0,0,2477,205508,2509,154254,2508,359762,California
Riverside,2021-03-01,14495,528338,6179,276936,8311,251397,5,5,8506,208123,5949,160203,8564,368326,California
Riverside,2021-03-02,15553,543891,7614,284550,7938,259335,1,6,9107,210859,6424,166627,9160,377486,California
Riverside,2021-03-03,17271,561162,8556,293106,8715,268050,0,6,7509,208817,9711,176338,7669,385155,California
Riverside,2021-03-04,18995,580157,7564,300670,11426,279476,5,11,9038,208145,9913,186251,9241,394396,California
Riverside,2021-03-05,19073,599230,7668,308338,11359,290835,46,57,9430,208351,9592,195843,9798,404194,California
Riverside,2021-03-06,9619,608849,5108,313446,4029,294864,482,539,4784,208843,4822,200665,5314,409508,California
Riverside,2021-03-07,4330,613179,2795,316241,1146,296010,389,928,2026,208996,2295,202960,2448,411956,California
Riverside,2021-03-08,12096,625275,4814,321055,6872,302882,410,1338,5407,208226,6667,209627,5897,417853,California
Riverside,2021-03-09,14955,640230,6988,328043,7461,310343,506,1844,5935,205825,8997,218624,6596,424449,California
Riverside,2021-03-10,16114,656344,8645,336688,6537,316880,932,2776,6258,203394,9812,228436,7381,431830,California
Riverside,2021-03-11,19529,675873,9561,346249,8099,324979,1869,4645,7641,201283,11852,240288,9741,441571,California
Riverside,2021-03-12,21294,697167,7952,354201,8571,333550,4771,9416,7060,199254,14194,254482,12165,453736,California
Riverside,2021-03-13,8611,705778,2573,356774,4805,338355,1233,10649,4391,200784,4198,258680,5728,459464,California
Riverside,2021-03-14,4803,710581,1637,358411,1795,340150,1371,12020,2103,201583,2687,261367,3486,462950,California
Riverside,2021-03-15,18794,729375,7912,366323,9214,349364,1668,13688,9225,203068,9525,270892,11010,473960,California
Riverside,2021-03-16,21080,750455,10261,376584,10006,359370,813,14501,11448,205848,9595,280487,12375,486335,California
Riverside,2021-03-17,21556,772011,11047,387631,9448,368818,1061,15562,12909,211280,8609,289096,14041,500376,California
Riverside,2021-03-18,22771,794782,11872,399503,9220,378038,1679,17241,12561,215380,10159,299255,14259,514635,California
Riverside,2021-03-19,24262,819044,12743,412246,10548,388586,971,18212,14156,220830,10047,309302,15497,530132,California
Riverside,2021-03-20,10842,829886,6918,419164,2717,391303,1207,19419,6909,225058,3901,313203,8129,538261,California
Riverside,2021-03-21,3851,833737,2995,422159,578,391881,278,19697,2577,226665,1254,314457,2861,541122,California
Riverside,2021-03-22,16717,850454,9972,432131,6191,398072,554,20251,10626,231814,6033,320490,11182,552304,California
Riverside,2021-03-23,18666,869120,10552,442683,7690,405762,424,20675,11918,237495,6687,327177,12368,564672,California
Riverside,2021-03-24,18828,887948,10505,453188,8200,413962,123,20798,12883,244634,5892,333069,13031,577703,California
Riverside,2021-03-25,21221,909169,11709,464897,9333,423295,179,20977,14162,252007,6985,340054,14358,592061,California
Riverside,2021-03-26,24222,933391,11986,476883,12084,435379,152,21129,15034,258126,9083,349137,15202,607263,California
Riverside,2021-03-27,9388,942779,4906,481789,3428,438807,1054,22183,4843,259510,4519,353656,5903,613166,California
Riverside,2021-03-28,4804,947583,3154,484943,1557,440364,93,22276,2852,260519,1939,355595,2948,616114,California
Riverside,2021-03-29,17695,965278,8454,493397,9117,449481,124,22400,10918,264853,6730,362325,11064,627178,California
Riverside,2021-03-30,18428,983706,9594,502991,8627,458108,207,22607,11729,270139,6655,368980,11941,639119,California
Riverside,2021-03-31,18236,1001942,8478,511469,9450,467558,308,22915,11401,275074,6785,375765,11720,650839,California
Riverside,2021-04-01,25689,1027631,12553,524022,12343,479901,793,23708,16514,283285,9099,384864,17310,668149,California
Riverside,2021-04-02,26245,1053876,14109,538131,11158,491059,978,24686,16409,291124,9773,394637,17612,685761,California
Riverside,2021-04-03,9436,1063312,5985,544116,2843,493902,608,25294,6073,294463,3342,397979,6681,692442,California
Riverside,2021-04-04,3421,1066733,2072,546188,1092,494994,257,25551,1724,294757,1688,399667,1982,694424,California
Riverside,2021-04-05,18537,1085270,9493,555681,7173,502167,1871,27422,9969,298078,8527,408194,11848,706272,California
Riverside,2021-04-06,23883,1109153,12403,568084,9319,511486,2161,29583,13314,303029,10517,418711,15468,721740,California
Riverside,2021-04-07,24996,1134149,13476,581560,8989,520475,2531,32114,13907,308426,11040,429751,16437,738177,California
Riverside,2021-04-08,27636,1161785,15257,596817,9353,529828,3026,35140,16877,317629,10687,440438,19890,758067,California
Riverside,2021-04-09,26479,1188264,15563,612380,8419,538247,2497,37637,16147,326021,10283,450721,18675,776742,California
Riverside,2021-04-10,12111,1200375,6778,619158,3919,542166,1414,39051,5304,325972,6762,457483,6713,783455,California
Riverside,2021-04-11,4681,1205056,2789,621947,1260,543426,632,39683,2209,326358,2460,459943,2846,786301,California
Riverside,2021-04-12,20277,1225333,9019,630966,8593,552019,2665,42348,10146,329085,10091,470034,12818,799119,California
Riverside,2021-04-13,20231,1245564,11318,642284,8885,560904,28,42376,11607,332145,8585,478619,11645,810764,California
Riverside,2021-04-14,22443,1268007,12368,654652,10060,570964,15,42391,11025,331873,11349,489968,11077,821841,California
Riverside,2021-04-15,22257,1290264,12603,667255,9646,580610,8,42399,11798,333303,10391,500359,11821,833662,California
Riverside,2021-04-16,25329,1315593,14653,681908,10670,591280,6,42405,11782,331671,13488,513847,11856,845518,California
Riverside,2021-04-17,9986,1325579,6590,688498,3396,594676,0,42405,5031,331793,4929,518776,5051,850569,California
Riverside,2021-04-18,3928,1329507,2857,691355,1064,595740,7,42412,1849,331599,2063,520839,1869,852438,California
Riverside,2021-04-19,19691,1349198,11697,703052,7991,603731,3,42415,7103,326212,12543,533382,7156,859594,California
Riverside,2021-04-20,19015,1368213,10022,713074,8984,612715,9,42424,7791,322860,11179,544561,7827,867421,California
Riverside,2021-04-21,19912,1388125,11465,724539,8437,621152,10,42434,8015,319081,11829,556390,8050,875471,California
Riverside,2021-04-22,23309,1411434,13613,738152,9692,630844,4,42438,8699,313262,14539,570929,8720,884191,California
Riverside,2021-04-23,23356,1434790,13749,751901,9593,640437,14,42452,9148,308295,14149,585078,9182,893373,California
Riverside,2021-04-24,10523,1445313,7308,759209,3212,643649,3,42455,4820,307455,5666,590744,4826,898199,California
Riverside,2021-04-25,4255,1449568,2830,762039,1424,645073,1,42456,2207,307636,2029,592773,2210,900409,California
Riverside,2021-04-26,17144,1466712,10723,772762,6375,651448,46,42502,5836,302271,11263,604036,5898,906307,California
Riverside,2021-04-27,18379,1485091,10484,783246,7696,659144,199,42701,6390,296926,11942,615978,6597,912904,California
Riverside,2021-04-28,16559,1501650,8896,792142,7402,666546,261,42962,5581,291861,10917,626895,5852,918756,California
Riverside,2021-04-29,18797,1520447,11493,803635,6958,673504,346,43308,5419,284311,13313,640208,5763,924519,California
Riverside,2021-04-30,19889,1540336,11492,815127,8015,681519,382,43690,6416,277693,13418,653626,6800,931319,California
Riverside,2021-05-01,6817,1547153,4895,820022,1750,683269,172,43862,2347,275767,4445,658071,2519,933838,California
Riverside,2021-05-02,3379,1550532,2204,822226,966,684235,209,44071,1080,274781,2282,660353,1296,935134,California
Riverside,2021-05-03,18025,1568557,11075,833301,6458,690693,492,44563,4165,265640,13797,674150,4656,939790,California
Riverside,2021-05-04,17357,1585914,11001,844302,5899,696592,457,45020,4886,258592,12403,686553,5355,945145,California
Riverside,2021-05-05,15863,1601777,8972,853274,6526,703118,365,45385,4565,252305,11237,697790,4950,950095,California
Riverside,2021-05-06,17850,1619627,9982,863256,7457,710575,411,45796,4503,243984,13274,711064,4953,955048,California
Riverside,2021-05-07,20409,1640036,11624,874880,8347,718922,438,46234,5372,234839,14958,726022,5813,960861,California
Riverside,2021-05-08,6933,1646969,4564,879444,2106,721028,263,46497,2582,233374,4318,730340,2853,963714,California
Riverside,2021-05-09,2322,1649291,1528,880972,640,721668,154,46651,852,232927,1461,731801,1014,964728,California
Riverside,2021-05-10,10081,1659372,5151,886123,4545,726213,385,47036,2856,229000,7173,738974,3246,967974,California
Riverside,2021-05-11,13913,1673285,8351,894474,5044,731257,518,47554,3812,223326,10019,748993,4345,972319,California
Riverside,2021-05-12,12681,1685966,6360,900834,5988,737245,333,47887,4008,219046,8621,757614,4341,976660,California
Riverside,2021-05-13,14696,1700662,8795,909629,5624,742869,277,48164,5336,215362,9310,766924,5626,982286,California
Riverside,2021-05-14,17787,1718449,11210,920839,5785,748654,792,48956,6933,212303,10784,777708,7725,990011,California
Riverside,2021-05-15,9694,1728143,6935,927774,2360,751014,399,49355,4955,212947,4710,782418,5354,995365,California
Riverside,2021-05-16,3507,1731650,2551,930325,839,751853,117,49472,1731,213030,1763,784181,1846,997211,California
Riverside,2021-05-17,11789,1743439,7588,937913,3854,755707,347,49819,5160,211944,6597,790778,5511,1002722,California
Riverside,2021-05-18,15078,1758517,9324,947237,5407,761114,347,50166,6123,209507,8908,799686,6471,1009193,California
Riverside,2021-05-19,12185,1770702,7720,954957,4230,765344,235,50401,6026,209661,6110,805796,6264,1015457,California
Riverside,2021-05-20,11867,1782569,7438,962395,4172,769516,257,50658,5395,208894,6423,812219,5656,1021113,California
Riverside,2021-05-21,14410,1796979,8898,971293,5187,774703,325,50983,6198,207271,8148,820367,6525,1027638,California
Riverside,2021-05-22,7176,1804155,4852,976145,2129,776832,195,51178,3844,208017,3295,823662,4041,1031679,California
Riverside,2021-05-23,2582,1806737,1670,977815,835,777667,77,51255,1263,208050,1306,824968,1339,1033018,California
Riverside,2021-05-24,8629,1815366,5570,983385,2750,780417,309,51564,3830,207425,4764,829732,4139,1037157,California
Riverside,2021-05-25,9688,1825054,5776,989161,3642,784059,270,51834,3943,205934,5708,835440,4217,1041374,California
Riverside,2021-05-26,8896,1833950,5516,994677,3052,787111,328,52162,4007,205435,4839,840279,4340,1045714,California
Riverside,2021-05-27,8530,1842480,5108,999785,3187,790298,235,52397,4029,205252,4451,844730,4268,1049982,California
Riverside,2021-05-28,10686,1853166,6502,1006287,3872,794170,312,52709,5028,205001,5597,850327,5346,1055328,California
Riverside,2021-05-29,4992,1858158,3390,1009677,1478,795648,124,52833,2837,205832,2132,852459,2963,1058291,California
Riverside,2021-05-30,1960,1860118,1412,1011089,479,796127,69,52902,1074,206096,879,853338,1143,1059434,California
Riverside,2021-05-31,872,1860990,495,1011584,344,796471,33,52935,333,205928,534,853872,366,1059800,California
Riverside,2021-06-01,9124,1870114,5641,1017225,3249,799720,234,53169,3604,204295,5469,859341,3836,1063636,California
Riverside,2021-06-02,7106,1877220,4336,1021561,2492,802212,278,53447,2875,203262,4189,863530,3156,1066792,California
Riverside,2021-06-03,7934,1885154,5296,1026857,2367,804579,271,53718,2872,201379,5023,868553,3140,1069932,California
Riverside,2021-06-04,10600,1895754,7596,1034453,2749,807328,255,53973,3890,198867,6659,875212,4147,1074079,California
Riverside,2021-06-05,6915,1902669,5099,1039552,1269,808597,547,54520,2269,197063,4623,879835,2819,1076898,California
Riverside,2021-06-06,2191,1904860,1863,1041415,277,808874,51,54571,796,196523,1388,881223,848,1077746,California
Riverside,2021-06-07,6888,1911748,5236,1046651,1423,810297,229,54800,2281,194458,4577,885800,2512,1080258,California
Riverside,2021-06-08,9012,1920760,6560,1053211,2189,812486,263,55063,3044,191855,5914,891714,3311,1083569,California
Riverside,2021-06-09,7710,1928470,5616,1058827,1797,814283,297,55360,2380,189243,5287,897001,2675,1086244,California
Riverside,2021-06-10,7563,1936033,5340,1064167,1994,816277,229,55589,2393,186725,5143,902144,2625,1088869,California
Riverside,2021-06-11,8854,1944887,6011,1070178,2555,818832,288,55877,3031,184280,5765,907909,3320,1092189,California
Riverside,2021-06-12,5297,1950184,3915,1074093,1258,820090,124,56001,1655,182453,3612,911521,1785,1093974,California
Riverside,2021-06-13,1798,1951982,1345,1075438,411,820501,42,56043,541,181791,1245,912766,583,1094557,California
Riverside,2021-06-14,6369,1958351,4573,1080011,1502,822003,294,56337,2273,180296,4059,916825,2564,1097121,California
Riverside,2021-06-15,7193,1965544,4947,1084958,1941,823944,305,56642,2794,179046,4354,921179,3104,1100225,California
Riverside,2021-06-16,6700,1972244,4615,1089573,1783,825727,302,56944,2428,177546,4230,925409,2730,1102955,California
Riverside,2021-06-17,6377,1978621,4483,1094056,1662,827389,232,57176,2424,176285,3921,929330,2660,1105615,California
Riverside,2021-06-18,7848,1986469,5727,1099783,1882,829271,239,57415,3178,175082,4626,933956,3423,1109038,California
Riverside,2021-06-19,1423,1987892,1007,1100790,323,829594,93,57508,541,174842,875,934831,635,1109673,California
Sacramento,2020-12-15,314,314,314,314,0,0,0,0,314,314,0,0,314,314,California
Sacramento,2020-12-16,646,960,646,960,0,0,0,0,646,960,0,0,646,960,California
Sacramento,2020-12-17,701,1661,701,1661,0,0,0,0,701,1661,0,0,701,1661,California
Sacramento,2020-12-18,1109,2770,1109,2770,0,0,0,0,1110,2771,0,0,1110,2771,California
Sacramento,2020-12-19,610,3380,610,3380,0,0,0,0,610,3381,0,0,610,3381,California
Sacramento,2020-12-20,637,4017,637,4017,0,0,0,0,637,4018,0,0,637,4018,California
Sacramento,2020-12-21,1668,5685,1668,5685,0,0,0,0,1669,5687,0,0,1669,5687,California
Sacramento,2020-12-22,2102,7787,2067,7752,35,35,0,0,2102,7789,0,0,2102,7789,California
Sacramento,2020-12-23,2250,10037,2076,9828,174,209,0,0,2250,10039,0,0,2250,10039,California
Sacramento,2020-12-24,1044,11081,830,10658,214,423,0,0,1044,11083,0,0,1044,11083,California
Sacramento,2020-12-25,2,11083,1,10659,1,424,0,0,2,11085,0,0,2,11085,California
Sacramento,2020-12-26,506,11589,288,10947,218,642,0,0,506,11591,0,0,506,11591,California
Sacramento,2020-12-27,355,11944,248,11195,107,749,0,0,355,11946,0,0,355,11946,California
Sacramento,2020-12-28,1899,13843,1320,12515,579,1328,0,0,1898,13843,1,1,1898,13844,California
Sacramento,2020-12-29,1970,15813,1205,13720,765,2093,0,0,1969,15811,1,2,1969,15813,California
Sacramento,2020-12-30,2556,18369,1459,15179,1097,3190,0,0,2557,18368,0,2,2557,18370,California
Sacramento,2020-12-31,1227,19596,689,15868,538,3728,0,0,1228,19596,0,2,1228,19598,California
Sacramento,2021-01-01,81,19677,70,15938,11,3739,0,0,81,19677,0,2,81,19679,California
Sacramento,2021-01-02,575,20252,369,16307,206,3945,0,0,575,20252,0,2,575,20254,California
Sacramento,2021-01-03,413,20665,225,16532,188,4133,0,0,413,20665,0,2,413,20667,California
Sacramento,2021-01-04,1935,22600,832,17364,1103,5236,0,0,1933,22597,1,3,1933,22600,California
Sacramento,2021-01-05,2212,24812,988,18352,1224,6460,0,0,1848,24088,364,367,1855,24455,California
Sacramento,2021-01-06,2727,27539,1617,19969,1110,7570,0,0,1932,25228,792,1159,1932,26387,California
Sacramento,2021-01-07,2835,30374,1512,21481,1323,8893,0,0,1907,26210,925,2084,1907,28294,California
Sacramento,2021-01-08,3282,33656,2081,23562,1201,10094,0,0,2168,27270,1110,3194,2170,30464,California
Sacramento,2021-01-09,1280,34936,801,24363,479,10573,0,0,886,27763,393,3587,886,31350,California
Sacramento,2021-01-10,1224,36160,714,25077,510,11083,0,0,754,28048,470,4057,755,32105,California
Sacramento,2021-01-11,4349,40509,2955,28032,1394,12477,0,0,2414,28540,1934,5991,2426,34531,California
Sacramento,2021-01-12,4595,45104,3210,31242,1385,13862,0,0,2612,29173,1983,7974,2616,37147,California
Sacramento,2021-01-13,3842,48946,2221,33463,1621,15483,0,0,2428,30189,1413,9387,2429,39576,California
Sacramento,2021-01-14,4623,53569,2326,35789,2297,17780,0,0,3713,32995,907,10294,3713,43289,California
Sacramento,2021-01-15,4439,58008,2257,38046,2182,19962,0,0,3725,36009,714,11008,3728,47017,California
Sacramento,2021-01-16,2090,60098,1288,39334,802,20764,0,0,1870,37660,219,11227,1870,48887,California
Sacramento,2021-01-17,1676,61774,984,40318,692,21456,0,0,1493,38973,183,11410,1496,50383,California
Sacramento,2021-01-18,2832,64606,1738,42056,1094,22550,0,0,2259,40662,571,11981,2260,52643,California
Sacramento,2021-01-19,4985,69591,3032,45088,1953,24503,0,0,3736,43151,1249,13230,3738,56381,California
Sacramento,2021-01-20,4839,74430,2861,47949,1978,26481,0,0,3609,45535,1232,14462,3616,59997,California
Sacramento,2021-01-21,5226,79656,3020,50969,2206,28687,0,0,4253,48823,967,15429,4255,64252,California
Sacramento,2021-01-22,5036,84692,2701,53670,2335,31022,0,0,4735,53259,300,15729,4736,68988,California
Sacramento,2021-01-23,3762,88454,1568,55238,2194,33216,0,0,3299,56095,463,16192,3299,72287,California
Sacramento,2021-01-24,1626,90080,1015,56253,611,33827,0,0,1382,57236,243,16435,1384,73671,California
Sacramento,2021-01-25,4403,94483,2158,58411,2245,36072,0,0,2936,58707,1467,17902,2938,76609,California
Sacramento,2021-01-26,4754,99237,2158,60569,2596,38668,0,0,3553,61063,1199,19101,3555,80164,California
Sacramento,2021-01-27,5859,105096,3050,63619,2809,41477,0,0,4235,63680,1620,20721,4237,84401,California
Sacramento,2021-01-28,5410,110506,2739,66358,2671,44148,0,0,4310,66892,1099,21820,4311,88712,California
Sacramento,2021-01-29,5419,115925,2938,69296,2481,46629,0,0,4397,70276,1013,22833,4397,93109,California
Sacramento,2021-01-30,4525,120450,2204,71500,2321,48950,0,0,4092,73938,430,23263,4092,97201,California
Sacramento,2021-01-31,2341,122791,2039,73539,302,49252,0,0,2060,75722,278,23541,2062,99263,California
Sacramento,2021-02-01,5952,128743,3044,76583,2908,52160,0,0,4264,78305,1684,25225,4267,103530,California
Sacramento,2021-02-02,7042,135785,3800,80383,3242,55402,0,0,4880,81049,2142,27367,4886,108416,California
Sacramento,2021-02-03,7150,142935,3609,83992,3541,58943,0,0,5286,84483,1855,29222,5289,113705,California
Sacramento,2021-02-04,7765,150700,3682,87674,4083,63026,0,0,5526,87779,2230,31452,5526,119231,California
Sacramento,2021-02-05,7861,158561,4485,92159,3376,66402,0,0,4927,89799,2911,34363,4931,124162,California
Sacramento,2021-02-06,8467,167028,3477,95636,4990,71392,0,0,7120,95576,1345,35708,7122,131284,California
Sacramento,2021-02-07,4067,171095,2203,97839,1864,73256,0,0,2890,97296,1172,36880,2892,134176,California
Sacramento,2021-02-08,6274,177369,3264,101103,3010,76266,0,0,3916,98859,2353,39233,3916,138092,California
Sacramento,2021-02-09,6785,184154,3556,104659,3229,79495,0,0,4010,100104,2766,41999,4011,142103,California
Sacramento,2021-02-10,7694,191848,4212,108871,3482,82977,0,0,4528,101482,3152,45151,4530,146633,California
Sacramento,2021-02-11,9610,201458,5743,114614,3867,86844,0,0,5513,102915,4082,49233,5515,152148,California
Sacramento,2021-02-12,10687,212145,4154,118768,6533,93377,0,0,6394,105081,4231,53464,6397,158545,California
Sacramento,2021-02-13,7690,219835,2996,121764,4694,98071,0,0,6093,109583,1592,55056,6094,164639,California
Sacramento,2021-02-14,3206,223041,1965,123729,1241,99312,0,0,2095,110574,1109,56165,2100,166739,California
Sacramento,2021-02-15,6000,229041,2053,125782,3947,103259,0,0,4170,112923,1824,57989,4173,170912,California
Sacramento,2021-02-16,9258,238299,4216,129998,5042,108301,0,0,5324,114324,3927,61916,5328,176240,California
Sacramento,2021-02-17,8851,247150,4991,134989,3860,112161,0,0,5145,115778,3695,65611,5149,181389,California
Sacramento,2021-02-18,9590,256740,5771,140760,3819,115980,0,0,5732,117666,3848,69459,5736,187125,California
Sacramento,2021-02-19,10080,266820,6184,146944,3896,119876,0,0,5979,119561,4091,73550,5986,193111,California
Sacramento,2021-02-20,7862,274682,5796,152740,2066,121942,0,0,4753,121214,3103,76653,4756,197867,California
Sacramento,2021-02-21,3071,277753,2429,155169,642,122584,0,0,1092,120333,1973,78626,1092,198959,California
Sacramento,2021-02-22,6318,284071,3817,158986,2501,125085,0,0,2783,119597,3523,82149,2787,201746,California
Sacramento,2021-02-23,7300,291371,4523,163509,2777,127862,0,0,3555,119428,3728,85877,3559,205305,California
Sacramento,2021-02-24,9845,301216,5429,168938,4416,132278,0,0,5387,120379,4442,90319,5393,210698,California
Sacramento,2021-02-25,11289,312505,6471,175409,4818,137096,0,0,6632,122371,4641,94960,6633,217331,California
Sacramento,2021-02-26,14434,326939,6808,182217,7626,144722,0,0,9899,127772,4504,99464,9905,227236,California
Sacramento,2021-02-27,11079,338018,6874,189091,4202,148924,3,3,8188,133098,2865,102329,8191,235427,California
Sacramento,2021-02-28,6192,344210,2326,191417,3866,152790,0,3,3103,133129,3075,105404,3106,238533,California
Sacramento,2021-03-01,8636,352846,3621,195038,5013,157803,2,5,4705,133929,3909,109313,4709,243242,California
Sacramento,2021-03-02,9326,362172,4055,199093,5270,163073,1,6,5717,136059,3591,112904,5721,248963,California
Sacramento,2021-03-03,11108,373280,5067,204160,6038,169111,3,9,6665,138307,4422,117326,6670,255633,California
Sacramento,2021-03-04,13491,386771,6196,210356,7291,176402,4,13,7498,139857,5959,123285,7509,263142,California
Sacramento,2021-03-05,10653,397424,4928,215284,5695,182097,30,43,7076,143407,3556,126841,7106,270248,California
Sacramento,2021-03-06,8124,405548,3117,218401,4885,186982,122,165,4121,143660,3989,130830,4242,274490,California
Sacramento,2021-03-07,7618,413166,2213,220614,5316,192298,89,254,3754,143642,3859,134689,3841,278331,California
Sacramento,2021-03-08,9136,422302,4274,224888,4638,196936,224,478,5972,146684,3152,137841,6194,284525,California
Sacramento,2021-03-09,9634,431936,4559,229447,4783,201719,292,770,5537,148433,4079,141920,5828,290353,California
Sacramento,2021-03-10,11785,443721,7528,236975,3903,205622,354,1124,6880,150804,4868,146788,7239,297592,California
Sacramento,2021-03-11,15060,458781,10008,246983,4226,209848,826,1950,8924,154454,6096,152884,9746,307338,California
Sacramento,2021-03-12,18080,476861,8360,255343,8857,218705,863,2813,8854,155003,9175,162059,9724,317062,California
Sacramento,2021-03-13,13033,489894,3583,258926,9020,227725,430,3243,7865,158136,5157,167216,8290,325352,California
Sacramento,2021-03-14,8407,498301,3479,262405,4304,232029,624,3867,4437,159250,3945,171161,5059,330411,California
Sacramento,2021-03-15,12241,510542,4883,267288,6707,238736,651,4518,7062,161811,5153,176314,7714,338125,California
Sacramento,2021-03-16,14024,524566,6218,273506,7153,245889,653,5171,8619,165708,5368,181682,9265,347390,California
Sacramento,2021-03-17,13820,538386,6648,280154,6537,252426,635,5806,8815,170181,4979,186661,9452,356842,California
Sacramento,2021-03-18,15672,554058,8211,288365,6867,259293,594,6400,9929,174994,5709,192370,10522,367364,California
Sacramento,2021-03-19,15639,569697,7999,296364,6270,265563,1370,7770,7899,176540,7714,200084,9260,376624,California
Sacramento,2021-03-20,12935,582632,7545,303909,5048,270611,342,8112,8045,180069,4860,204944,8389,385013,California
Sacramento,2021-03-21,5589,588221,2758,306667,2792,273403,39,8151,4853,184243,722,205666,4896,389909,California
Sacramento,2021-03-22,9384,597605,4806,311473,3726,277129,852,9003,6195,188129,3160,208826,7046,396955,California
Sacramento,2021-03-23,11355,608960,6753,318226,3794,280923,808,9811,7249,192121,4063,212889,8055,405010,California
Sacramento,2021-03-24,11865,620825,7261,325487,3974,284897,630,10441,6713,194395,5069,217958,7343,412353,California
Sacramento,2021-03-25,14168,634993,8340,333827,4990,289887,838,11279,8512,198129,5610,223568,9344,421697,California
Sacramento,2021-03-26,18306,653299,8937,342764,8856,298743,513,11792,9164,198734,9074,232642,9679,431376,California
Sacramento,2021-03-27,9689,662988,3580,346344,5821,304564,288,12080,5094,199549,4563,237205,5378,436754,California
Sacramento,2021-03-28,6531,669519,3222,349566,3060,307624,249,12329,2701,198683,3819,241024,2953,439707,California
Sacramento,2021-03-29,11058,680577,5899,355465,4766,312390,393,12722,4944,197935,6085,247109,5337,445044,California
Sacramento,2021-03-30,11849,692426,6064,361529,5381,317771,404,13126,5991,198496,5834,252943,6395,451439,California
Sacramento,2021-03-31,13439,705865,7854,369383,5178,322949,407,13533,5566,196618,7845,260788,5967,457406,California
Sacramento,2021-04-01,17473,723338,10476,379859,6761,329710,236,13769,7332,194096,10095,270883,7573,464979,California
Sacramento,2021-04-02,17142,740480,9698,389557,6701,336411,743,14512,9007,195742,8103,278986,9749,474728,California
Sacramento,2021-04-03,10457,750937,6244,395801,3664,340075,549,15061,6419,198698,4007,282993,6963,481691,California
Sacramento,2021-04-04,3726,754663,1535,397336,1989,342064,202,15263,1447,198069,2273,285266,1644,483335,California
Sacramento,2021-04-05,12052,766715,7567,404903,3653,345717,832,16095,5376,197633,6639,291905,6203,489538,California
Sacramento,2021-04-06,15652,782367,8859,413762,5451,351168,1342,17437,6919,197186,8701,300606,8254,497792,California
Sacramento,2021-04-07,14857,797224,8029,421791,5226,356394,1602,19039,7163,198286,7652,308258,8752,506544,California
Sacramento,2021-04-08,15062,812286,6773,428564,5307,361701,2982,22021,6010,198241,9016,317274,8971,515515,California
Sacramento,2021-04-09,18326,830612,9378,437942,6722,368423,2226,24247,7435,197040,10850,328124,9649,525164,California
Sacramento,2021-04-10,12879,843491,3839,441781,7821,376244,1219,25466,5352,196087,7497,335621,6544,531708,California
Sacramento,2021-04-11,10819,854310,4361,446142,6233,382477,225,25691,3867,193250,6928,342549,4091,535799,California
Sacramento,2021-04-12,13014,867324,5050,451192,6060,388537,1904,27595,4945,192077,8005,350554,6832,542631,California
Sacramento,2021-04-13,16272,883596,9955,461147,6312,394849,5,27600,7579,191004,8661,359215,7588,550219,California
Sacramento,2021-04-14,14983,898579,7978,469125,7003,401852,2,27602,5898,187852,9056,368271,5904,556123,California
Sacramento,2021-04-15,16413,914992,8438,477563,7972,409824,3,27605,6693,184870,9681,377952,6699,562822,California
Sacramento,2021-04-16,17532,932524,9698,487261,7834,417658,0,27605,7968,183334,9521,387473,7985,570807,California
Sacramento,2021-04-17,15339,947863,6163,493424,9176,426834,0,27605,11116,190255,4203,391676,11124,581931,California
Sacramento,2021-04-18,8453,956316,3071,496495,5382,432216,0,27605,3762,189348,4671,396347,3764,585695,California
Sacramento,2021-04-19,10606,966922,5731,502226,4870,437086,5,27610,4727,188232,5857,402204,4741,590436,California
Sacramento,2021-04-20,11118,978040,6750,508976,4365,441451,3,27613,5919,188986,5177,407381,5931,596367,California
Sacramento,2021-04-21,11501,989541,6653,515629,4846,446297,2,27615,6228,189969,5249,412630,6232,602599,California
Sacramento,2021-04-22,14831,1004372,9906,525535,4921,451218,4,27619,6821,188816,7980,420610,6827,609426,California
Sacramento,2021-04-23,15909,1020281,10011,535546,5898,457116,0,27619,7381,187706,8493,429103,7383,616809,California
Sacramento,2021-04-24,11331,1031612,7010,542556,4320,461436,1,27620,5931,188276,5363,434466,5933,622742,California
Sacramento,2021-04-25,8008,1039620,4477,547033,3531,464967,0,27620,4171,188626,3822,438288,4172,626914,California
Sacramento,2021-04-26,10596,1050216,6608,553641,3964,468931,24,27644,5005,188096,5559,443847,5029,631943,California
Sacramento,2021-04-27,12044,1062260,7909,561550,3981,472912,154,27798,5917,188075,6094,449941,6073,638016,California
Sacramento,2021-04-28,10485,1072745,5853,567403,4426,477338,206,28004,5819,189468,4636,454577,6029,644045,California
Sacramento,2021-04-29,10865,1083610,7308,574711,3254,480592,303,28307,6001,190946,4828,459405,6306,650351,California
Sacramento,2021-04-30,12466,1096076,7821,582532,4382,484974,263,28570,5872,190534,6548,465953,6136,656487,California
Sacramento,2021-05-01,7590,1103666,5476,588008,1939,486913,175,28745,2762,188676,4793,470746,2935,659422,California
Sacramento,2021-05-02,4993,1108659,4299,592307,543,487456,151,28896,2226,188309,2742,473488,2375,661797,California
Sacramento,2021-05-03,9119,1117778,7295,599602,1546,489002,278,29174,3973,187433,5123,478611,4247,666044,California
Sacramento,2021-05-04,9384,1127162,5707,605309,3366,492368,311,29485,3786,185973,5555,484166,4095,670139,California
Sacramento,2021-05-05,11064,1138226,5985,611294,4617,496985,462,29947,4513,184435,6506,490672,4968,675107,California
Sacramento,2021-05-06,11228,1149454,6214,617508,4706,501691,308,30255,4628,183097,6271,496943,4933,680040,California
Sacramento,2021-05-07,10622,1160076,6179,623687,4072,505763,371,30626,4470,181838,6101,503044,4842,684882,California
Sacramento,2021-05-08,8232,1168308,3813,627500,4190,509953,229,30855,2715,179296,5479,508523,2937,687819,California
Sacramento,2021-05-09,3145,1171453,1651,629151,1380,511333,114,30969,1175,178626,1959,510482,1289,689108,California
Sacramento,2021-05-10,8083,1179536,3736,632887,4076,515409,271,31240,1979,174805,6073,516555,2252,691360,California
Sacramento,2021-05-11,8284,1187820,5160,638047,2865,518274,259,31499,2888,172588,5364,521919,3147,694507,California
Sacramento,2021-05-12,8556,1196376,5148,643195,3154,521428,254,31753,3044,170407,5477,527396,3296,697803,California
Sacramento,2021-05-13,11673,1208049,7457,650652,3940,525368,276,32029,4461,167970,7173,534569,4736,702539,California
Sacramento,2021-05-14,12202,1220251,6911,657563,5003,530371,288,32317,5041,166193,7106,541675,5329,707868,California
Sacramento,2021-05-15,13091,1233342,7910,665473,5036,535407,145,32462,5801,164880,7255,548930,5942,713810,California
Sacramento,2021-05-16,7871,1241213,4126,669599,3632,539039,113,32575,2154,161455,5694,554624,2269,716079,California
Sacramento,2021-05-17,10388,1251601,6301,675900,3794,542833,293,32868,3971,159340,6382,561006,4267,720346,California
Sacramento,2021-05-18,9704,1261305,6088,681988,3405,546238,211,33079,3684,157262,5978,566984,3900,724246,California
Sacramento,2021-05-19,9747,1271052,6233,688221,3251,549489,263,33342,4514,156854,5191,572175,4783,729029,California
Sacramento,2021-05-20,10126,1281178,6674,694895,3191,552680,261,33603,3849,154739,6226,578401,4111,733140,California
Sacramento,2021-05-21,10668,1291846,6796,701691,3548,556228,324,33927,4556,153555,6070,584471,4886,738026,California
Sacramento,2021-05-22,7389,1299235,4582,706273,2635,558863,172,34099,3338,153048,4020,588491,3513,741539,California
Sacramento,2021-05-23,4166,1303401,2866,709139,1197,560060,103,34202,1919,152845,2228,590719,2025,743564,California
Sacramento,2021-05-24,7655,1311056,4571,713710,2754,562814,330,34532,2394,150349,5218,595937,2722,746286,California
Sacramento,2021-05-25,6663,1317719,3862,717572,2507,565321,294,34826,2385,148776,4250,600187,2677,748963,California
Sacramento,2021-05-26,8483,1326202,4697,722269,3456,568777,330,35156,2816,146301,5617,605804,3142,752105,California
Sacramento,2021-05-27,6657,1332859,3640,725909,2774,571551,243,35399,2966,145858,3652,609456,3209,755314,California
Sacramento,2021-05-28,8240,1341099,4578,730487,3291,574842,371,35770,3498,145023,4704,614160,3869,759183,California
Sacramento,2021-05-29,4380,1345479,2677,733164,1547,576389,156,35926,2233,145287,2124,616284,2388,761571,California
Sacramento,2021-05-30,1660,1347139,1046,734210,575,576964,39,35965,767,145208,886,617170,807,762378,California
Sacramento,2021-05-31,879,1348018,440,734650,426,577390,13,35978,312,144966,567,617737,325,762703,California
Sacramento,2021-06-01,6932,1354950,4174,738824,2552,579942,206,36184,2682,143642,4209,621946,2885,765588,California
Sacramento,2021-06-02,6077,1361027,3349,742173,2514,582456,214,36398,2320,142462,3712,625658,2532,768120,California
Sacramento,2021-06-03,7416,1368443,5054,747227,2180,584636,182,36580,2248,139762,5128,630786,2428,770548,California
Sacramento,2021-06-04,7013,1375456,4499,751726,2304,586940,210,36790,2278,137545,4705,635491,2488,773036,California
Sacramento,2021-06-05,6163,1381619,4534,756260,1490,588430,139,36929,1796,135140,4338,639829,1933,774969,California
Sacramento,2021-06-06,2344,1383963,1836,758096,452,588882,56,36985,794,134446,1544,641373,850,775819,California
Sacramento,2021-06-07,5546,1389509,3884,761980,1483,590365,179,37164,1602,132305,3918,645291,1777,777596,California
Sacramento,2021-06-08,5348,1394857,3664,765644,1506,591871,178,37342,1790,130744,3532,648823,1971,779567,California
Sacramento,2021-06-09,6135,1400992,4268,769912,1682,593553,185,37527,1619,128084,4463,653286,1803,781370,California
Sacramento,2021-06-10,5376,1406368,3455,773367,1724,595277,197,37724,1688,126329,3641,656927,1886,783256,California
Sacramento,2021-06-11,7525,1413893,5212,778579,2119,597396,194,37918,2063,123155,5429,662356,2255,785511,California
Sacramento,2021-06-12,4671,1418564,3037,781616,1516,598912,118,38036,1278,121177,3375,665731,1397,786908,California
Sacramento,2021-06-13,1903,1420467,1400,783016,463,599375,40,38076,416,120157,1475,667206,455,787363,California
Sacramento,2021-06-14,4282,1424749,2780,785796,1344,600719,158,38234,1392,118832,2872,670078,1547,788910,California
Sacramento,2021-06-15,4882,1429631,2952,788748,1705,602424,225,38459,1725,117640,3141,673219,1949,790859,California
Sacramento,2021-06-16,4443,1434074,2978,791726,1246,603670,219,38678,1566,116566,2852,676071,1778,792637,California
Sacramento,2021-06-17,4031,1438105,2612,794338,1248,604918,171,38849,1392,115517,2607,678678,1558,794195,California
Sacramento,2021-06-18,5076,1443181,3314,797652,1515,606433,247,39096,1710,114131,3342,682020,1956,796151,California
Sacramento,2021-06-19,1715,1444896,1145,798797,449,606882,121,39217,515,113577,1190,683210,636,796787,California
San Benito,2020-12-16,29,29,29,29,0,0,0,0,29,29,0,0,29,29,California
San Benito,2020-12-17,47,76,47,76,0,0,0,0,47,76,0,0,47,76,California
San Benito,2020-12-18,73,149,73,149,0,0,0,0,73,149,0,0,73,149,California
San Benito,2020-12-19,46,195,46,195,0,0,0,0,46,195,0,0,46,195,California
San Benito,2020-12-20,23,218,23,218,0,0,0,0,23,218,0,0,23,218,California
San Benito,2020-12-21,79,297,79,297,0,0,0,0,79,297,0,0,79,297,California
San Benito,2020-12-22,102,399,102,399,0,0,0,0,102,399,0,0,102,399,California
San Benito,2020-12-23,85,484,74,473,11,11,0,0,85,484,0,0,85,484,California
San Benito,2020-12-24,12,496,5,478,7,18,0,0,12,496,0,0,12,496,California
San Benito,2020-12-25,3,499,3,481,0,18,0,0,3,499,0,0,3,499,California
San Benito,2020-12-26,12,511,4,485,8,26,0,0,12,511,0,0,12,511,California
San Benito,2020-12-27,9,520,8,493,1,27,0,0,9,520,0,0,9,520,California
San Benito,2020-12-28,64,584,37,530,27,54,0,0,64,584,0,0,64,584,California
San Benito,2020-12-29,50,634,20,550,30,84,0,0,50,634,0,0,50,634,California
San Benito,2020-12-30,60,694,38,588,22,106,0,0,60,694,0,0,60,694,California
San Benito,2020-12-31,17,711,2,590,15,121,0,0,17,711,0,0,17,711,California
San Benito,2021-01-02,23,734,22,612,1,122,0,0,23,734,0,0,23,734,California
San Benito,2021-01-03,3,737,1,613,2,124,0,0,3,737,0,0,3,737,California
San Benito,2021-01-04,61,798,24,637,37,161,0,0,61,798,0,0,61,798,California
San Benito,2021-01-05,119,917,37,674,82,243,0,0,116,911,3,3,116,914,California
San Benito,2021-01-06,102,1019,42,716,60,303,0,0,87,983,15,18,87,1001,California
San Benito,2021-01-07,105,1124,67,783,38,341,0,0,53,984,52,70,53,1054,California
San Benito,2021-01-08,184,1308,89,872,95,436,0,0,120,1040,64,134,120,1174,California
San Benito,2021-01-09,44,1352,32,904,12,448,0,0,30,1056,14,148,30,1204,California
San Benito,2021-01-10,15,1367,13,917,2,450,0,0,5,1051,10,158,5,1209,California
San Benito,2021-01-11,174,1541,109,1026,65,515,0,0,72,1021,102,260,72,1281,California
San Benito,2021-01-12,162,1703,57,1083,105,620,0,0,122,1103,40,300,122,1403,California
San Benito,2021-01-13,243,1946,70,1153,173,793,0,0,193,1246,50,350,193,1596,California
San Benito,2021-01-14,135,2081,25,1178,110,903,0,0,115,1341,20,370,115,1711,California
San Benito,2021-01-15,218,2299,21,1199,197,1100,0,0,204,1531,14,384,204,1915,California
San Benito,2021-01-16,26,2325,8,1207,18,1118,0,0,21,1547,5,389,21,1936,California
San Benito,2021-01-17,11,2336,4,1211,7,1125,0,0,9,1554,2,391,9,1945,California
San Benito,2021-01-18,36,2372,22,1233,14,1139,0,0,21,1560,15,406,21,1966,California
San Benito,2021-01-19,153,2525,66,1299,87,1226,0,0,125,1657,28,434,125,2091,California
San Benito,2021-01-20,278,2803,96,1395,182,1408,0,0,231,1842,46,480,231,2322,California
San Benito,2021-01-21,127,2930,33,1428,94,1502,0,0,103,1921,24,504,103,2425,California
San Benito,2021-01-22,238,3168,19,1447,219,1721,0,0,228,2139,10,514,228,2653,California
San Benito,2021-01-23,28,3196,15,1462,13,1734,0,0,12,2135,16,530,12,2665,California
San Benito,2021-01-24,8,3204,3,1465,5,1739,0,0,4,2135,4,534,4,2669,California
San Benito,2021-01-25,65,3269,24,1489,41,1780,0,0,19,2108,46,580,19,2688,California
San Benito,2021-01-26,138,3407,41,1530,97,1877,0,0,85,2140,53,633,85,2773,California
San Benito,2021-01-27,232,3639,70,1600,162,2039,0,0,191,2290,41,674,191,2964,California
San Benito,2021-01-28,150,3789,31,1631,119,2158,0,0,122,2385,27,701,122,3086,California
San Benito,2021-01-29,298,4087,35,1666,263,2421,0,0,272,2632,25,726,272,3358,California
San Benito,2021-01-30,52,4139,33,1699,19,2440,0,0,28,2636,24,750,28,3386,California
San Benito,2021-01-31,15,4154,4,1703,11,2451,0,0,10,2641,5,755,10,3396,California
San Benito,2021-02-01,134,4288,28,1731,106,2557,0,0,92,2691,42,797,92,3488,California
San Benito,2021-02-02,230,4518,49,1780,181,2738,0,0,138,2737,92,889,138,3626,California
San Benito,2021-02-03,343,4861,44,1824,299,3037,0,0,273,2940,70,959,273,3899,California
San Benito,2021-02-04,168,5029,25,1849,143,3180,0,0,122,3016,46,1005,122,4021,California
San Benito,2021-02-05,302,5331,43,1892,259,3439,0,0,237,3188,65,1070,237,4258,California
San Benito,2021-02-06,49,5380,8,1900,41,3480,0,0,33,3205,16,1086,33,4291,California
San Benito,2021-02-07,18,5398,8,1908,10,3490,0,0,17,3221,1,1087,17,4308,California
San Benito,2021-02-08,139,5537,15,1923,124,3614,0,0,92,3266,47,1134,92,4400,California
San Benito,2021-02-09,326,5863,61,1984,265,3879,0,0,193,3326,133,1267,193,4593,California
San Benito,2021-02-10,323,6186,88,2072,235,4114,0,0,114,3232,208,1475,114,4707,California
San Benito,2021-02-11,301,6487,32,2104,269,4383,0,0,200,3331,101,1576,200,4907,California
San Benito,2021-02-12,421,6908,31,2135,390,4773,0,0,213,3337,207,1783,213,5120,California
San Benito,2021-02-13,58,6966,6,2141,52,4825,0,0,47,3373,11,1794,47,5167,California
San Benito,2021-02-14,41,7007,5,2146,36,4861,0,0,31,3394,10,1804,31,5198,California
San Benito,2021-02-15,110,7117,10,2156,100,4961,0,0,99,3482,11,1815,99,5297,California
San Benito,2021-02-16,211,7328,11,2167,200,5161,0,0,106,3484,105,1920,107,5404,California
San Benito,2021-02-17,335,7663,32,2199,303,5464,0,0,285,3719,50,1970,285,5689,California
San Benito,2021-02-18,294,7957,40,2239,254,5718,0,0,69,3563,225,2195,69,5758,California
San Benito,2021-02-19,354,8311,50,2289,304,6022,0,0,183,3575,171,2366,183,5941,California
San Benito,2021-02-20,47,8358,24,2313,23,6045,0,0,37,3602,10,2376,37,5978,California
San Benito,2021-02-21,24,8382,11,2324,13,6058,0,0,17,3612,7,2383,17,5995,California
San Benito,2021-02-22,131,8513,31,2355,100,6158,0,0,96,3674,34,2417,96,6091,California
San Benito,2021-02-23,376,8889,94,2449,282,6440,0,0,261,3820,115,2532,261,6352,California
San Benito,2021-02-24,388,9277,72,2521,316,6756,0,0,248,3928,140,2672,248,6600,California
San Benito,2021-02-25,397,9674,70,2591,327,7083,0,0,274,4077,125,2797,274,6874,California
San Benito,2021-02-26,663,10337,76,2667,587,7670,0,0,412,4238,251,3048,412,7286,California
San Benito,2021-02-27,114,10451,46,2713,68,7738,0,0,95,4314,19,3067,95,7381,California
San Benito,2021-02-28,255,10706,30,2743,225,7963,0,0,244,4547,11,3078,244,7625,California
San Benito,2021-03-01,232,10938,60,2803,172,8135,0,0,161,4636,72,3150,161,7786,California
San Benito,2021-03-02,286,11224,93,2896,193,8328,0,0,215,4780,71,3221,215,8001,California
San Benito,2021-03-03,409,11633,63,2959,346,8674,0,0,232,4837,175,3396,232,8233,California
San Benito,2021-03-04,622,12255,128,3087,479,9153,15,15,437,5093,185,3581,441,8674,California
San Benito,2021-03-05,595,12850,312,3399,271,9424,12,27,378,5268,215,3796,390,9064,California
San Benito,2021-03-06,205,13055,74,3473,117,9541,14,41,152,5381,53,3849,166,9230,California
San Benito,2021-03-07,644,13699,599,4072,22,9563,23,64,611,5982,33,3882,634,9864,California
San Benito,2021-03-08,291,13990,67,4139,177,9740,47,111,168,6074,123,4005,215,10079,California
San Benito,2021-03-09,431,14421,87,4226,245,9985,99,210,143,6002,287,4292,215,10294,California
San Benito,2021-03-10,412,14833,122,4348,194,10179,96,306,236,6158,176,4468,332,10626,California
San Benito,2021-03-11,477,15310,124,4472,198,10377,155,461,209,6254,268,4736,364,10990,California
San Benito,2021-03-12,527,15837,123,4595,308,10685,96,557,230,6286,295,5031,327,11317,California
San Benito,2021-03-13,201,16038,99,4694,83,10768,19,576,128,6363,70,5101,147,11464,California
San Benito,2021-03-14,231,16269,39,4733,172,10940,20,596,179,6511,51,5152,199,11663,California
San Benito,2021-03-15,325,16594,98,4831,208,11148,19,615,193,6591,132,5284,212,11875,California
San Benito,2021-03-16,508,17102,223,5054,253,11401,32,647,354,6821,154,5438,384,12259,California
San Benito,2021-03-17,805,17907,483,5537,300,11701,22,669,566,7166,235,5673,580,12839,California
San Benito,2021-03-18,790,18697,534,6071,203,11904,53,722,576,7573,213,5886,620,13459,California
San Benito,2021-03-19,778,19475,405,6476,349,12253,24,746,573,7964,205,6091,596,14055,California
San Benito,2021-03-20,247,19722,152,6628,84,12337,11,757,186,8100,61,6152,197,14252,California
San Benito,2021-03-21,111,19833,58,6686,49,12386,4,761,82,8157,29,6181,86,14338,California
San Benito,2021-03-22,357,20190,176,6862,156,12542,25,786,225,8275,132,6313,250,14588,California
San Benito,2021-03-23,482,20672,203,7065,269,12811,10,796,223,8248,259,6572,232,14820,California
San Benito,2021-03-24,586,21258,311,7376,268,13079,7,803,360,8390,225,6797,367,15187,California
San Benito,2021-03-25,752,22010,448,7824,300,13379,4,807,449,8544,299,7096,453,15640,California
San Benito,2021-03-26,1034,23044,532,8356,498,13877,4,811,342,8199,691,7787,346,15986,California
San Benito,2021-03-27,350,23394,198,8554,119,13996,33,844,223,8328,127,7914,256,16242,California
San Benito,2021-03-28,731,24125,603,9157,122,14118,6,850,132,7867,599,8513,138,16380,California
San Benito,2021-03-29,343,24468,109,9266,214,14332,20,870,142,7827,201,8714,161,16541,California
San Benito,2021-03-30,596,25064,284,9550,215,14547,97,967,303,7934,293,9007,400,16941,California
San Benito,2021-03-31,607,25671,375,9925,208,14755,24,991,344,8042,260,9267,368,17309,California
San Benito,2021-04-01,965,26636,387,10312,538,15293,40,1031,570,8252,394,9661,604,17913,California
San Benito,2021-04-02,542,27178,261,10573,145,15438,136,1167,268,8383,273,9934,404,18317,California
San Benito,2021-04-03,261,27439,87,10660,109,15547,65,1232,74,8335,187,10121,139,18456,California
San Benito,2021-04-04,142,27581,106,10766,30,15577,6,1238,104,8407,38,10159,110,18566,California
San Benito,2021-04-05,365,27946,175,10941,147,15724,43,1281,153,8390,212,10371,195,18761,California
San Benito,2021-04-06,469,28415,163,11104,125,15849,181,1462,159,8419,310,10681,339,19100,California
San Benito,2021-04-07,952,29367,528,11632,232,16081,192,1654,267,8195,683,11364,459,19559,California
San Benito,2021-04-08,867,30234,432,12064,181,16262,254,1908,226,8035,640,12004,480,20039,California
San Benito,2021-04-09,854,31088,505,12569,256,16518,93,2001,297,7870,556,12560,391,20430,California
San Benito,2021-04-10,360,31448,217,12786,80,16598,63,2064,201,7975,159,12719,264,20694,California
San Benito,2021-04-11,479,31927,275,13061,169,16767,35,2099,272,8054,207,12926,286,20980,California
San Benito,2021-04-12,543,32470,288,13349,136,16903,119,2218,282,8191,260,13186,397,21377,California
San Benito,2021-04-13,754,33224,294,13643,437,17340,23,2241,522,8506,231,13417,546,21923,California
San Benito,2021-04-14,852,34076,671,14314,181,17521,0,2241,402,8464,444,13861,402,22325,California
San Benito,2021-04-15,962,35038,748,15062,213,17734,1,2242,484,8473,477,14338,486,22811,California
San Benito,2021-04-16,712,35750,373,15435,327,18061,12,2254,300,8378,409,14747,314,23125,California
San Benito,2021-04-17,323,36073,226,15661,97,18158,0,2254,130,8313,195,14942,130,23255,California
San Benito,2021-04-18,506,36579,422,16083,84,18242,0,2254,245,8299,261,15203,247,23502,California
San Benito,2021-04-19,747,37326,599,16682,148,18390,0,2254,426,8407,320,15523,428,23930,California
San Benito,2021-04-20,791,38117,417,17099,372,18762,2,2256,500,8622,286,15809,501,24431,California
San Benito,2021-04-21,965,39082,707,17806,258,19020,0,2256,528,8727,423,16232,528,24959,California
San Benito,2021-04-22,909,39991,692,18498,217,19237,0,2256,572,8970,329,16561,572,25531,California
San Benito,2021-04-23,638,40629,401,18899,236,19473,1,2257,347,9074,243,16804,347,25878,California
San Benito,2021-04-24,363,40992,200,19099,163,19636,0,2257,169,9088,155,16959,169,26047,California
San Benito,2021-04-25,204,41196,127,19226,77,19713,0,2257,94,9090,92,17051,94,26141,California
San Benito,2021-04-26,497,41693,394,19620,103,19816,0,2257,261,9176,175,17226,261,26402,California
San Benito,2021-04-27,558,42251,283,19903,267,20083,8,2265,411,9458,137,17363,419,26821,California
San Benito,2021-04-28,557,42808,391,20294,157,20240,9,2274,395,9704,157,17520,403,27224,California
San Benito,2021-04-29,634,43442,235,20529,390,20630,9,2283,256,9608,378,17898,282,27506,California
San Benito,2021-04-30,379,43821,209,20738,162,20792,8,2291,205,9649,172,18070,213,27719,California
San Benito,2021-05-01,205,44026,149,20887,47,20839,9,2300,67,9589,136,18206,76,27795,California
San Benito,2021-05-02,193,44219,165,21052,24,20863,4,2304,58,9516,135,18341,62,27857,California
San Benito,2021-05-03,369,44588,289,21341,70,20933,10,2314,92,9343,277,18618,104,27961,California
San Benito,2021-05-04,404,44992,243,21584,153,21086,8,2322,150,9248,252,18870,157,28118,California
San Benito,2021-05-05,609,45601,426,22010,166,21252,17,2339,210,9079,396,19266,227,28345,California
San Benito,2021-05-06,623,46224,493,22503,114,21366,16,2355,224,8924,395,19661,240,28585,California
San Benito,2021-05-07,454,46678,285,22788,158,21524,11,2366,176,8836,276,19937,188,28773,California
San Benito,2021-05-08,278,46956,224,23012,48,21572,6,2372,155,8874,123,20060,161,28934,California
San Benito,2021-05-09,104,47060,78,23090,23,21595,3,2375,48,8869,56,20116,51,28985,California
San Benito,2021-05-10,422,47482,331,23421,67,21662,24,2399,54,8580,368,20484,79,29064,California
San Benito,2021-05-11,825,48307,414,23835,395,22057,16,2415,184,8142,639,21123,201,29265,California
San Benito,2021-05-12,497,48804,391,24226,93,22150,13,2428,116,7892,380,21503,130,29395,California
San Benito,2021-05-13,693,49497,591,24817,91,22241,11,2439,178,7568,512,22015,188,29583,California
San Benito,2021-05-14,597,50094,443,25260,147,22388,7,2446,231,7441,365,22380,238,29821,California
San Benito,2021-05-15,229,50323,172,25432,51,22439,6,2452,127,7472,102,22482,133,29954,California
San Benito,2021-05-16,170,50493,141,25573,27,22466,2,2454,93,7490,77,22559,95,30049,California
San Benito,2021-05-17,389,50882,313,25886,66,22532,10,2464,177,7467,210,22769,187,30236,California
San Benito,2021-05-18,683,51565,360,26246,318,22850,5,2469,213,7216,470,23239,219,30455,California
San Benito,2021-05-19,577,52142,418,26664,151,23001,8,2477,230,7107,347,23586,238,30693,California
San Benito,2021-05-20,596,52738,468,27132,117,23118,11,2488,314,7151,281,23867,325,31018,California
San Benito,2021-05-21,476,53214,280,27412,179,23297,17,2505,217,7128,257,24124,234,31252,California
San Benito,2021-05-22,299,53513,224,27636,70,23367,5,2510,182,7201,115,24239,188,31440,California
San Benito,2021-05-23,92,53605,54,27690,34,23401,4,2514,34,7180,58,24297,37,31477,California
San Benito,2021-05-24,302,53907,254,27944,41,23442,7,2521,186,7257,116,24413,193,31670,California
San Benito,2021-05-25,527,54434,242,28186,278,23720,7,2528,172,7083,353,24766,179,31849,California
San Benito,2021-05-26,313,54747,193,28379,113,23833,7,2535,131,7039,181,24947,137,31986,California
San Benito,2021-05-27,413,55160,315,28694,74,23907,24,2559,153,6959,260,25207,180,32166,California
San Benito,2021-05-28,290,55450,177,28871,106,24013,7,2566,111,6899,178,25385,118,32284,California
San Benito,2021-05-29,146,55596,124,28995,20,24033,2,2568,62,6879,84,25469,64,32348,California
San Benito,2021-05-30,268,55864,253,29248,15,24048,0,2568,93,6798,174,25643,93,32441,California
San Benito,2021-05-31,101,55965,88,29336,11,24059,2,2570,44,6788,56,25699,46,32487,California
San Benito,2021-06-01,269,56234,122,29458,121,24180,26,2596,99,6743,169,25868,124,32611,California
San Benito,2021-06-02,324,56558,245,29703,77,24257,2,2598,120,6663,203,26071,123,32734,California
San Benito,2021-06-03,341,56899,291,29994,44,24301,6,2604,134,6599,204,26275,140,32874,California
San Benito,2021-06-04,272,57171,202,30196,70,24371,0,2604,88,6504,183,26458,88,32962,California
San Benito,2021-06-05,92,57263,74,30270,17,24388,1,2605,19,6452,72,26530,20,32982,California
San Benito,2021-06-06,60,57323,49,30319,8,24396,3,2608,15,6425,45,26575,18,33000,California
San Benito,2021-06-07,337,57660,297,30616,35,24431,5,2613,87,6269,248,26823,92,33092,California
San Benito,2021-06-08,309,57969,217,30833,77,24508,15,2628,98,6172,210,27033,113,33205,California
San Benito,2021-06-09,243,58212,187,31020,48,24556,8,2636,72,6081,171,27204,80,33285,California
San Benito,2021-06-10,361,58573,330,31350,24,24580,7,2643,72,5875,285,27489,79,33364,California
San Benito,2021-06-11,258,58831,230,31580,20,24600,8,2651,91,5808,166,27655,99,33463,California
San Benito,2021-06-12,158,58989,144,31724,10,24610,4,2655,48,5765,95,27750,52,33515,California
San Benito,2021-06-13,51,59040,39,31763,10,24620,2,2657,16,5755,28,27778,18,33533,California
San Benito,2021-06-14,172,59212,146,31909,24,24644,2,2659,59,5704,112,27890,61,33594,California
San Benito,2021-06-15,221,59433,128,32037,87,24731,6,2665,76,5644,143,28033,83,33677,California
San Benito,2021-06-16,213,59646,170,32207,29,24760,14,2679,74,5594,138,28171,88,33765,California
San Benito,2021-06-17,247,59893,207,32414,18,24778,22,2701,78,5526,169,28340,101,33866,California
San Benito,2021-06-18,156,60049,101,32515,48,24826,7,2708,64,5505,92,28432,71,33937,California
San Benito,2021-06-19,6,60055,6,32521,0,24826,0,2708,3,5505,3,28435,3,33940,California
San Bernardino,2020-12-15,13,13,13,13,0,0,0,0,13,13,0,0,13,13,California
San Bernardino,2020-12-16,114,127,114,127,0,0,0,0,114,127,0,0,114,127,California
San Bernardino,2020-12-17,2379,2506,2379,2506,0,0,0,0,2379,2506,0,0,2379,2506,California
San Bernardino,2020-12-18,3175,5681,3172,5678,3,3,0,0,3176,5682,0,0,3176,5682,California
San Bernardino,2020-12-19,1083,6764,1082,6760,1,4,0,0,1084,6766,0,0,1084,6766,California
San Bernardino,2020-12-20,1178,7942,1175,7935,3,7,0,0,1178,7944,0,0,1178,7944,California
San Bernardino,2020-12-21,2472,10414,2466,10401,6,13,0,0,2472,10416,0,0,2472,10416,California
San Bernardino,2020-12-22,2289,12703,2159,12560,130,143,0,0,2289,12705,0,0,2289,12705,California
San Bernardino,2020-12-23,2686,15389,1479,14039,1207,1350,0,0,2685,15390,0,0,2685,15390,California
San Bernardino,2020-12-24,1173,16562,594,14633,579,1929,0,0,1173,16562,1,1,1173,16563,California
San Bernardino,2020-12-25,75,16637,15,14648,60,1989,0,0,75,16637,0,1,75,16638,California
San Bernardino,2020-12-26,465,17102,254,14902,211,2200,0,0,465,17102,0,1,465,17103,California
San Bernardino,2020-12-27,350,17452,163,15065,187,2387,0,0,349,17450,1,2,349,17452,California
San Bernardino,2020-12-28,1589,19041,722,15787,867,3254,0,0,1590,19040,0,2,1590,19042,California
San Bernardino,2020-12-29,2230,21271,1048,16835,1182,4436,0,0,2230,21270,0,2,2230,21272,California
San Bernardino,2020-12-30,2908,24179,1462,18297,1446,5882,0,0,2908,24178,0,2,2908,24180,California
San Bernardino,2020-12-31,1379,25558,443,18740,936,6818,0,0,1377,25555,0,2,1377,25557,California
San Bernardino,2021-01-01,287,25845,152,18892,135,6953,0,0,286,25841,0,2,286,25843,California
San Bernardino,2021-01-02,486,26331,344,19236,142,7095,0,0,486,26327,0,2,486,26329,California
San Bernardino,2021-01-03,139,26470,86,19322,53,7148,0,0,139,26466,0,2,139,26468,California
San Bernardino,2021-01-04,2147,28617,1300,20622,847,7995,0,0,2146,28612,0,2,2146,28614,California
San Bernardino,2021-01-05,2347,30964,1466,22088,881,8876,0,0,2236,30738,110,112,2236,30850,California
San Bernardino,2021-01-06,3472,34436,2371,24459,1101,9977,0,0,2970,33213,496,608,2971,33821,California
San Bernardino,2021-01-07,5457,39893,4526,28985,931,10908,0,0,2498,32771,2940,3548,2498,36319,California
San Bernardino,2021-01-08,5385,45278,4459,33444,926,11834,0,0,2290,31972,3090,6638,2291,38610,California
San Bernardino,2021-01-09,1407,46685,1101,34545,306,12140,0,0,906,32377,501,7139,906,39516,California
San Bernardino,2021-01-10,1023,47708,597,35142,426,12566,0,0,575,32504,448,7587,575,40091,California
San Bernardino,2021-01-11,4998,52706,4089,39231,909,13475,0,0,2772,33054,2222,9809,2772,42863,California
San Bernardino,2021-01-12,4256,56962,3226,42457,1030,14505,0,0,2520,33842,1732,11541,2520,45383,California
San Bernardino,2021-01-13,4621,61583,2878,45335,1743,16248,0,0,3380,35993,1230,12771,3381,48764,California
San Bernardino,2021-01-14,4874,66457,2882,48217,1992,18240,0,0,4279,39681,591,13362,4279,53043,California
San Bernardino,2021-01-15,6061,72518,3020,51237,3041,21281,0,0,5659,44949,394,13756,5662,58705,California
San Bernardino,2021-01-16,2277,74795,1295,52532,982,22263,0,0,2132,46936,145,13901,2132,60837,California
San Bernardino,2021-01-17,1190,75985,507,53039,683,22946,0,0,1107,47962,82,13983,1108,61945,California
San Bernardino,2021-01-18,4281,80266,2646,55685,1635,24581,0,0,3658,50999,623,14606,3660,65605,California
San Bernardino,2021-01-19,6368,86634,3731,59416,2637,27218,0,0,5269,55173,1097,15703,5271,70876,California
San Bernardino,2021-01-20,6906,93540,3792,63208,3114,30332,0,0,4937,58152,1960,17663,4939,75815,California
San Bernardino,2021-01-21,6042,99582,3109,66317,2933,33265,0,0,4915,61955,1119,18782,4922,80737,California
San Bernardino,2021-01-22,6586,106168,3079,69396,3507,36772,0,0,5858,67088,726,19508,5859,86596,California
San Bernardino,2021-01-23,3145,109313,1909,71305,1236,38008,0,0,2747,69438,397,19905,2747,89343,California
San Bernardino,2021-01-24,1211,110524,463,71768,748,38756,0,0,1106,70439,105,20010,1106,90449,California
San Bernardino,2021-01-25,6916,117440,3418,75186,3498,42254,0,0,5062,73653,1851,21861,5065,95514,California
San Bernardino,2021-01-26,7071,124511,3497,78683,3574,45828,0,0,4955,76493,2116,23977,4956,100470,California
San Bernardino,2021-01-27,8581,133092,4173,82856,4408,50236,0,0,5752,79424,2821,26798,5752,106222,California
San Bernardino,2021-01-28,8629,141721,4085,86941,4544,54780,0,0,6289,83378,2335,29133,6289,112511,California
San Bernardino,2021-01-29,8253,149974,3786,90727,4467,59247,0,0,6261,87667,1978,31111,6267,118778,California
San Bernardino,2021-01-30,3107,153081,1893,92620,1214,60461,0,0,2812,90187,293,31404,2813,121591,California
San Bernardino,2021-01-31,939,154020,493,93113,446,60907,0,0,882,91013,56,31460,882,122473,California
San Bernardino,2021-02-01,7611,161631,4257,97370,3354,64261,0,0,4970,93346,2638,34098,4971,127444,California
San Bernardino,2021-02-02,10510,172141,3666,101036,6844,71105,0,0,8434,99712,2072,36170,8438,135882,California
San Bernardino,2021-02-03,9059,181200,4165,105201,4894,75999,0,0,6540,103742,2512,38682,6542,142424,California
San Bernardino,2021-02-04,10535,191735,5178,110379,5357,81356,0,0,7428,108076,3096,41778,7430,149854,California
San Bernardino,2021-02-05,11134,202869,5977,116356,5157,86513,0,0,7534,112023,3588,45366,7535,157389,California
San Bernardino,2021-02-06,5313,208182,2234,118590,3079,89592,0,0,3674,114085,1615,46981,3677,161066,California
San Bernardino,2021-02-07,851,209033,497,119087,354,89946,0,0,474,114186,374,47355,475,161541,California
San Bernardino,2021-02-08,7329,216362,3908,122995,3421,93367,0,0,5648,118155,1680,49035,5649,167190,California
San Bernardino,2021-02-09,10195,226557,5934,128929,4261,97628,0,0,6877,121719,3316,52351,6880,174070,California
San Bernardino,2021-02-10,12145,238702,6485,135414,5660,103288,0,0,8010,125603,4127,56478,8011,182081,California
San Bernardino,2021-02-11,12514,251216,7184,142598,5330,108618,0,0,7969,129056,4519,60997,7972,190053,California
San Bernardino,2021-02-12,10527,261743,5981,148579,4546,113164,0,0,5755,130059,4755,65752,5758,195811,California
San Bernardino,2021-02-13,6080,267823,4046,152625,2034,115198,0,0,3817,131634,2247,67999,3822,199633,California
San Bernardino,2021-02-14,1565,269388,658,153283,907,116105,0,0,885,131847,673,68672,886,200519,California
San Bernardino,2021-02-15,5496,274884,3003,156286,2493,118598,0,0,3074,132511,2410,71082,3074,203593,California
San Bernardino,2021-02-16,12608,287492,7343,163629,5265,123863,0,0,7976,135872,4619,75701,7980,211573,California
San Bernardino,2021-02-17,11855,299347,6483,170112,5372,129235,0,0,7167,138376,4668,80369,7172,218745,California
San Bernardino,2021-02-18,12516,311863,7607,177719,4909,134144,0,0,7718,141313,4783,85152,7720,226465,California
San Bernardino,2021-02-19,11644,323507,5983,183702,5661,139805,0,0,6903,143497,4721,89873,6905,233370,California
San Bernardino,2021-02-20,4542,328049,3480,187182,1062,140867,0,0,2055,143073,2482,92355,2058,235428,California
San Bernardino,2021-02-21,1160,329209,700,187882,460,141327,0,0,415,142744,745,93100,416,235844,California
San Bernardino,2021-02-22,8712,337921,5368,193250,3344,144671,0,0,4061,142166,4640,97740,4062,239906,California
San Bernardino,2021-02-23,9218,347139,5479,198729,3739,148410,0,0,4661,142301,4532,102272,4667,244573,California
San Bernardino,2021-02-24,12522,359661,7201,205930,5321,153731,0,0,6192,142189,6310,108582,6198,250771,California
San Bernardino,2021-02-25,13176,372837,6328,212258,6848,160579,0,0,7680,144395,5478,114060,7684,258455,California
San Bernardino,2021-02-26,13726,386563,6401,218659,7325,167904,0,0,7664,146069,5999,120059,7673,266128,California
San Bernardino,2021-02-27,6708,393271,3758,222417,2949,170853,1,1,4826,149029,1871,121930,4831,270959,California
San Bernardino,2021-02-28,1787,395058,747,223164,1040,171893,0,1,1142,149536,637,122567,1144,272103,California
San Bernardino,2021-03-01,8504,403562,4383,227547,4117,176010,4,5,3866,148805,4612,127179,3881,275984,California
San Bernardino,2021-03-02,13930,417492,5573,233120,8357,184367,0,5,6562,148040,7337,134516,6572,282556,California
San Bernardino,2021-03-03,13116,430608,6670,239790,6443,190810,3,8,6198,147354,6896,141412,6210,288766,California
San Bernardino,2021-03-04,14032,444640,6970,246760,7061,197871,1,9,6097,145546,7914,149326,6106,294872,California
San Bernardino,2021-03-05,14486,459126,7564,254324,6920,204791,2,11,7057,145229,7396,156722,7079,301951,California
San Bernardino,2021-03-06,9780,468906,5479,259803,4076,208867,225,236,4570,144830,5192,161914,4793,306744,California
San Bernardino,2021-03-07,1687,470593,1026,260829,590,209457,71,307,1064,145347,621,162535,1138,307882,California
San Bernardino,2021-03-08,8144,478737,3603,264432,4370,213827,171,478,3623,144634,4512,167047,3799,311681,California
San Bernardino,2021-03-09,13124,491861,7491,271923,5382,219209,251,729,5289,142357,7820,174867,5543,317224,California
San Bernardino,2021-03-10,14267,506128,7875,279798,5835,225044,557,1286,6398,141472,7842,182709,6957,324181,California
San Bernardino,2021-03-11,15691,521819,7269,287067,6818,231862,1604,2890,7414,142234,8254,190963,9016,333197,California
San Bernardino,2021-03-12,15610,537429,6965,294032,6598,238460,2047,4937,7374,143496,8205,199168,9467,342664,California
San Bernardino,2021-03-13,8448,545877,4591,298623,3329,241789,528,5465,5002,145594,3435,202603,5533,348197,California
San Bernardino,2021-03-14,3325,549202,1689,300312,1052,242841,584,6049,1853,146562,1465,204068,2433,350630,California
San Bernardino,2021-03-15,11466,560668,5403,305715,4031,246872,2032,8081,5633,148404,5818,209886,7660,358290,California
San Bernardino,2021-03-16,16297,576965,8068,313783,7288,254160,941,9022,9945,152974,6324,216210,10894,369184,California
San Bernardino,2021-03-17,17509,594474,8711,322494,8049,262209,749,9771,10616,157465,6874,223084,11365,380549,California
San Bernardino,2021-03-18,16719,611193,8281,330775,8052,270261,386,10157,9876,160910,6815,229899,10260,390809,California
San Bernardino,2021-03-19,17064,628257,8460,339235,8003,278264,601,10758,9787,164100,7249,237148,10439,401248,California
San Bernardino,2021-03-20,9531,637788,6001,345236,2931,281195,599,11357,5647,166482,3858,241006,6240,407488,California
San Bernardino,2021-03-21,2822,640610,2296,347532,474,281669,52,11409,2267,168259,542,241548,2319,409807,California
San Bernardino,2021-03-22,9666,650276,4546,352078,4682,286351,438,11847,7004,173060,2641,244189,7442,417249,California
San Bernardino,2021-03-23,15582,665858,8834,360912,6126,292477,622,12469,9638,177398,5921,250110,10259,427508,California
San Bernardino,2021-03-24,15242,681100,7852,368764,7083,299560,307,12776,10107,182714,5099,255209,10415,437923,California
San Bernardino,2021-03-25,17111,698211,8393,377157,8413,307973,305,13081,10825,187604,6234,261443,11124,449047,California
San Bernardino,2021-03-26,18267,716478,8693,385850,8804,316777,770,13851,10917,191976,7317,268760,11689,460736,California
San Bernardino,2021-03-27,10914,727392,7035,392885,3119,319896,760,14611,6217,194274,4677,273437,6975,467711,California
San Bernardino,2021-03-28,3654,731046,2568,395453,972,320868,114,14725,2531,195806,1113,274550,2645,470356,California
San Bernardino,2021-03-29,11837,742883,6147,401600,5289,326157,401,15126,7984,200357,3834,278384,8385,478741,California
San Bernardino,2021-03-30,17044,759927,9505,411105,6821,332978,718,15844,10553,205165,6454,284838,11262,490003,California
San Bernardino,2021-03-31,16660,776587,9389,420494,6631,339609,640,16484,10893,210961,5734,290572,11530,501533,California
San Bernardino,2021-04-01,19908,796495,10515,431009,7962,347571,1431,17915,12764,218050,7097,297669,14186,515719,California
San Bernardino,2021-04-02,18967,815462,9560,440569,8114,355685,1293,19208,11459,223364,7479,305148,12793,528512,California
San Bernardino,2021-04-03,11211,826673,7006,447575,3060,358745,1145,20353,6095,225500,5097,310245,7233,535745,California
San Bernardino,2021-04-04,2519,829192,1515,449090,752,359497,252,20605,1270,225781,1241,311486,1522,537267,California
San Bernardino,2021-04-05,11839,841031,5326,454416,4774,364271,1739,22344,6037,227771,5780,317266,7770,545037,California
San Bernardino,2021-04-06,19838,860869,11159,465575,6557,370828,2122,24466,10478,231047,9313,326579,12589,557626,California
San Bernardino,2021-04-07,21125,881994,11298,476873,7328,378156,2499,26965,11518,235474,9577,336156,14004,571630,California
San Bernardino,2021-04-08,22069,904063,11297,488170,8140,386296,2632,29597,12129,240314,9911,346067,14751,586381,California
San Bernardino,2021-04-09,21917,925980,11167,499337,8165,394461,2585,32182,11926,244860,9952,356019,14498,600879,California
San Bernardino,2021-04-10,15821,941801,8192,507529,3887,398348,3742,35924,7846,248482,7951,363970,11573,612452,California
San Bernardino,2021-04-11,4481,946282,2605,510134,899,399247,977,36901,2049,249075,2426,366396,3019,615471,California
San Bernardino,2021-04-12,13554,959836,6258,516392,5627,404874,1669,38570,6415,250039,7116,373512,8080,623551,California
San Bernardino,2021-04-13,19509,979345,11133,527525,8357,413231,19,38589,11191,252963,8289,381801,11213,634764,California
San Bernardino,2021-04-14,19530,998875,10450,537975,9077,422308,3,38592,11022,255526,8473,390274,11036,645800,California
San Bernardino,2021-04-15,20606,1019481,11528,549503,9072,431380,6,38598,10971,256916,9595,399869,10985,656785,California
San Bernardino,2021-04-16,18906,1038387,10730,560233,8175,439555,1,38599,9302,256683,9559,409428,9326,666111,California
San Bernardino,2021-04-17,12097,1050484,7972,568205,4125,443680,0,38599,6335,257316,5723,415151,6356,672467,California
San Bernardino,2021-04-18,2969,1053453,2044,570249,925,444605,0,38599,1320,257002,1637,416788,1323,673790,California
San Bernardino,2021-04-19,12658,1066111,6755,577004,5903,450508,0,38599,4934,254252,7699,424487,4949,678739,California
San Bernardino,2021-04-20,17751,1083862,9884,586888,7864,458372,3,38602,8114,252780,9609,434096,8137,686876,California
San Bernardino,2021-04-21,18200,1102062,10373,597261,7824,466196,3,38605,7980,250613,10158,444254,7991,694867,California
San Bernardino,2021-04-22,19292,1121354,11011,608272,8277,474473,4,38609,7842,247065,11397,455651,7849,702716,California
San Bernardino,2021-04-23,18564,1139918,10616,618888,7947,482420,1,38610,8066,244686,10448,466099,8069,710785,California
San Bernardino,2021-04-24,12914,1152832,9518,628406,3394,485814,2,38612,6937,245665,5960,472059,6939,717724,California
San Bernardino,2021-04-25,3430,1156262,2245,630651,1185,486999,0,38612,1686,245624,1729,473788,1688,719412,California
San Bernardino,2021-04-26,11174,1167436,6012,636663,5072,492071,90,38702,4781,244143,6353,480141,4872,724284,California
San Bernardino,2021-04-27,16567,1184003,9973,646636,6383,498454,211,38913,6803,241437,9720,489861,7014,731298,California
San Bernardino,2021-04-28,14770,1198773,8760,655396,5733,504187,277,39190,5298,237558,9446,499307,5567,736865,California
San Bernardino,2021-04-29,16273,1215046,9350,664746,6654,510841,269,39459,5390,232366,10847,510154,5655,742520,California
San Bernardino,2021-04-30,16608,1231654,10478,675224,5849,516690,281,39740,6111,228298,10458,520612,6390,748910,California
San Bernardino,2021-05-01,10809,1242463,8451,683675,2042,518732,316,40056,3731,225270,7071,527683,4043,752953,California
San Bernardino,2021-05-02,2944,1245407,2126,685801,687,519419,131,40187,1047,224559,1888,529571,1177,754130,California
San Bernardino,2021-05-03,10067,1255474,5769,691570,3892,523311,406,40593,2904,220720,7149,536720,3310,757440,California
San Bernardino,2021-05-04,15729,1271203,9562,701132,5712,529023,455,41048,4577,214640,11109,547829,5029,762469,California
San Bernardino,2021-05-05,15362,1286565,8839,709971,6112,535135,411,41459,4324,208380,10990,558819,4730,767199,California
San Bernardino,2021-05-06,15825,1302390,9022,718993,6390,541525,413,41872,4299,201605,11486,570305,4711,771910,California
San Bernardino,2021-05-07,15493,1317883,8698,727691,6420,547945,375,42247,4641,195822,10795,581100,5012,776922,California
San Bernardino,2021-05-08,9288,1327171,6151,733842,2869,550814,268,42515,3162,193160,6092,587192,3430,780352,California
San Bernardino,2021-05-09,1837,1329008,1136,734978,612,551426,89,42604,736,192891,1094,588286,825,781177,California
San Bernardino,2021-05-10,7480,1336488,3425,738403,3739,555165,316,42920,2291,190349,5146,593432,2604,783781,California
San Bernardino,2021-05-11,12183,1348671,6720,745123,5111,560276,352,43272,3844,186247,8299,601731,4197,787978,California
San Bernardino,2021-05-12,12687,1361358,6887,752010,5484,565760,316,43588,3755,181431,8885,610616,4069,792047,California
San Bernardino,2021-05-13,13262,1374620,7989,759999,4929,570689,344,43932,5220,178991,7999,618615,5559,797606,California
San Bernardino,2021-05-14,13669,1388289,9070,769069,4266,574955,333,44265,5701,177108,7917,626532,6034,803640,California
San Bernardino,2021-05-15,11290,1399579,8371,777440,2731,577686,188,44453,4539,175110,6719,633251,4721,808361,California
San Bernardino,2021-05-16,2795,1402374,2062,779502,670,578356,63,44516,1313,175022,1463,634714,1375,809736,California
San Bernardino,2021-05-17,10053,1412427,6772,786274,2987,581343,294,44810,4522,174337,5498,640212,4813,814549,California
San Bernardino,2021-05-18,13457,1425884,8834,795108,4374,585717,249,45059,6054,173264,7372,647584,6299,820848,California
San Bernardino,2021-05-19,11540,1437424,7214,802322,3946,589663,380,45439,5345,172826,6159,653743,5721,826569,California
San Bernardino,2021-05-20,11587,1449011,6927,809249,4344,594007,316,45755,5209,172012,6339,660082,5525,832094,California
San Bernardino,2021-05-21,12633,1461644,8370,817619,3882,597889,381,46136,5498,170805,7082,667164,5875,837969,California
San Bernardino,2021-05-22,8887,1470531,6648,824267,2030,599919,209,46345,4254,170679,4585,671749,4459,842428,California
San Bernardino,2021-05-23,2307,1472838,1426,825693,788,600707,93,46438,1097,170667,1201,672950,1189,843617,California
San Bernardino,2021-05-24,6619,1479457,4144,829837,2172,602879,303,46741,2903,170199,3674,676624,3206,846823,California
San Bernardino,2021-05-25,9296,1488753,5698,835535,3341,606220,257,46998,4142,169476,5121,681745,4398,851221,California
San Bernardino,2021-05-26,8201,1496954,5204,840739,2748,608968,249,47247,3795,169147,4370,686115,4041,855262,California
San Bernardino,2021-05-27,7625,1504579,4625,845364,2763,611731,237,47484,3497,168791,4089,690204,3733,858995,California
San Bernardino,2021-05-28,8792,1513371,5468,850832,3045,614776,279,47763,4408,169134,4342,694546,4685,863680,California
San Bernardino,2021-05-29,5031,1518402,3349,854181,1566,616342,116,47879,2639,169514,2374,696920,2754,866434,California
San Bernardino,2021-05-30,1756,1520158,1237,855418,436,616778,83,47962,905,169656,845,697765,987,867421,California
San Bernardino,2021-05-31,894,1521052,567,855985,311,617089,16,47978,322,169427,568,698333,339,867760,California
San Bernardino,2021-06-01,8606,1529658,5552,861537,2811,619900,243,48221,3520,168157,5030,703363,3760,871520,California
San Bernardino,2021-06-02,6811,1536469,4288,865825,2285,622185,238,48459,2963,167539,3815,707178,3197,874717,California
San Bernardino,2021-06-03,7922,1544391,5354,871179,2382,624567,186,48645,2775,165377,5123,712301,2961,877678,California
San Bernardino,2021-06-04,9075,1553466,6152,877331,2633,627200,290,48935,3266,163169,5763,718064,3555,881233,California
San Bernardino,2021-06-05,6520,1559986,4976,882307,1419,628619,125,49060,2350,161493,4148,722212,2472,883705,California
San Bernardino,2021-06-06,2020,1562006,1683,883990,273,628892,64,49124,847,161239,1165,723377,911,884616,California
San Bernardino,2021-06-07,6211,1568217,4838,888828,1161,630053,212,49336,1992,159245,4196,727573,2202,886818,California
San Bernardino,2021-06-08,8412,1576629,6110,894938,2085,632138,217,49553,2755,156622,5591,733164,2968,889786,California
San Bernardino,2021-06-09,6978,1583607,4985,899923,1816,633954,177,49730,2301,154471,4630,737794,2479,892265,California
San Bernardino,2021-06-10,7075,1590682,5024,904947,1856,635810,195,49925,2234,152106,4794,742588,2429,894694,California
San Bernardino,2021-06-11,8035,1598717,5663,910610,2147,637957,225,50150,2908,150151,5086,747674,3131,897825,California
San Bernardino,2021-06-12,5903,1604620,4672,915282,1116,639073,115,50265,1746,147880,4134,751808,1863,899688,California
San Bernardino,2021-06-13,1479,1606099,1050,916332,359,639432,70,50335,425,147324,1050,752858,494,900182,California
San Bernardino,2021-06-14,4827,1610926,3500,919832,1132,640564,195,50530,1879,146476,2921,755779,2073,902255,California
San Bernardino,2021-06-15,7141,1618067,5062,924894,1840,642404,239,50769,2574,144766,4518,760297,2808,905063,California
San Bernardino,2021-06-16,6270,1624337,4467,929361,1592,643996,211,50980,2304,143357,3924,764221,2515,907578,California
San Bernardino,2021-06-17,5527,1629864,3867,933228,1505,645501,155,51135,2154,142329,3335,767556,2307,909885,California
San Bernardino,2021-06-18,6556,1636420,4457,937685,1874,647375,225,51360,2457,140943,4068,771624,2682,912567,California
San Bernardino,2021-06-19,1741,1638161,1420,939105,247,647622,74,51434,685,140657,1045,772669,759,913326,California
San Diego,2020-12-15,119,119,119,119,0,0,0,0,119,119,0,0,119,119,California
San Diego,2020-12-16,1073,1192,1073,1192,0,0,0,0,1073,1192,0,0,1073,1192,California
San Diego,2020-12-17,2321,3513,2321,3513,0,0,0,0,2321,3513,0,0,2321,3513,California
San Diego,2020-12-18,3601,7114,3600,7113,1,1,0,0,3601,7114,0,0,3601,7114,California
San Diego,2020-12-19,2266,9380,2266,9379,0,1,0,0,2266,9380,0,0,2266,9380,California
San Diego,2020-12-20,1147,10527,1146,10525,1,2,0,0,1147,10527,0,0,1147,10527,California
San Diego,2020-12-21,3455,13982,3453,13978,2,4,0,0,3455,13982,0,0,3455,13982,California
San Diego,2020-12-22,4019,18001,3385,17363,634,638,0,0,4019,18001,0,0,4019,18001,California
San Diego,2020-12-23,3149,21150,1954,19317,1195,1833,0,0,3149,21150,0,0,3149,21150,California
San Diego,2020-12-24,2701,23851,2187,21504,514,2347,0,0,2701,23851,0,0,2701,23851,California
San Diego,2020-12-25,857,24708,856,22360,1,2348,0,0,857,24708,0,0,857,24708,California
San Diego,2020-12-26,3195,27903,2127,24487,1068,3416,0,0,3195,27903,0,0,3195,27903,California
San Diego,2020-12-27,2478,30381,1594,26081,884,4300,0,0,2477,30379,1,1,2477,30380,California
San Diego,2020-12-28,5829,36210,4158,30239,1671,5971,0,0,5829,36208,0,1,5829,36209,California
San Diego,2020-12-29,5495,41705,2943,33182,2552,8523,0,0,5495,41703,0,1,5495,41704,California
San Diego,2020-12-30,5845,47550,3045,36227,2800,11323,0,0,5845,47548,0,1,5845,47549,California
San Diego,2020-12-31,2958,50508,1022,37249,1936,13259,0,0,2958,50506,0,1,2958,50507,California
San Diego,2021-01-01,991,51499,442,37691,549,13808,0,0,991,51497,0,1,991,51498,California
San Diego,2021-01-02,3665,55164,1287,38978,2378,16186,0,0,3665,55162,0,1,3665,55163,California
San Diego,2021-01-03,830,55994,621,39599,209,16395,0,0,829,55991,0,1,829,55992,California
San Diego,2021-01-04,3641,59635,2021,41620,1620,18015,0,0,3635,59626,0,1,3635,59627,California
San Diego,2021-01-05,4291,63926,2139,43759,2152,20167,0,0,3711,62772,577,578,3723,63350,California
San Diego,2021-01-06,4825,68751,2245,46004,2580,22747,0,0,3630,65232,1174,1752,3634,66984,California
San Diego,2021-01-07,5538,74289,2926,48930,2612,25359,0,0,3425,66557,2108,3860,3433,70417,California
San Diego,2021-01-08,7779,82068,4879,53809,2900,28259,0,0,4051,66913,3712,7572,4068,74485,California
San Diego,2021-01-09,3415,85483,1905,55714,1510,29769,0,0,1892,67304,1512,9084,1903,76388,California
San Diego,2021-01-10,1844,87327,1276,56990,568,30337,0,0,756,66994,1076,10160,766,77154,California
San Diego,2021-01-11,10189,97516,5790,62780,4399,34736,0,0,6706,70241,3476,13636,6723,83877,California
San Diego,2021-01-12,10993,108509,5252,68032,5741,40477,0,0,7651,74669,3333,16969,7761,91638,California
San Diego,2021-01-13,11279,119788,4983,73015,6296,46773,0,0,8764,80955,2504,19473,8790,100428,California
San Diego,2021-01-14,11951,131739,4513,77528,7438,54211,0,0,9829,88703,2115,21588,9863,110291,California
San Diego,2021-01-15,14781,146520,5228,82756,9553,63764,0,0,12186,98368,2577,24165,12242,122533,California
San Diego,2021-01-16,10525,157045,3546,86302,6979,70743,0,0,9095,106069,1426,25591,9127,131660,California
San Diego,2021-01-17,8469,165514,2429,88731,6040,76783,0,0,7645,112909,824,26415,7664,139324,California
San Diego,2021-01-18,12647,178161,6212,94943,6435,83218,0,0,9839,120034,2777,29192,9902,149226,California
San Diego,2021-01-19,14404,192565,5632,100575,8772,91990,0,0,11310,128524,3084,32276,11574,160800,California
San Diego,2021-01-20,18061,210626,6327,106902,11734,103724,0,0,14761,140190,3280,35556,14946,175746,California
San Diego,2021-01-21,17013,227639,5734,112636,11279,115003,0,0,15650,154630,1354,36910,15794,191540,California
San Diego,2021-01-22,17206,244845,4591,117227,12615,127618,0,0,15212,167947,1980,38890,15297,206837,California
San Diego,2021-01-23,14060,258905,5209,122436,8851,136469,0,0,11798,177556,2251,41141,11860,218697,California
San Diego,2021-01-24,11606,270511,3289,125725,8317,144786,0,0,10645,187285,959,42100,10688,229385,California
San Diego,2021-01-25,11979,282490,5675,131400,6304,151090,0,0,9008,193486,2963,45063,9164,238549,California
San Diego,2021-01-26,14955,297445,7820,139220,7135,158225,0,0,11571,201864,3382,48445,11760,250309,California
San Diego,2021-01-27,20161,317606,7835,147055,12326,170551,0,0,17173,216205,2979,51424,17320,267629,California
San Diego,2021-01-28,20891,338497,7593,154648,13298,183849,0,0,18648,232709,2232,53656,18736,286365,California
San Diego,2021-01-29,19310,357807,6404,161052,12906,196755,0,0,16884,247229,2416,56072,16936,303301,California
San Diego,2021-01-30,15525,373332,3613,164665,11912,208667,0,0,12891,257593,2625,58697,12989,316290,California
San Diego,2021-01-31,14540,387872,5753,170418,8787,217454,0,0,14195,271480,342,59039,14229,330519,California
San Diego,2021-02-01,20654,408526,7675,178093,12979,230433,0,0,17172,285259,3469,62508,17248,347767,California
San Diego,2021-02-02,22506,431032,8295,186388,14211,244644,0,0,19276,301476,3222,65730,19439,367206,California
San Diego,2021-02-03,27224,458256,11722,198110,15502,260146,0,0,23004,320463,4201,69931,23188,390394,California
San Diego,2021-02-04,23799,482055,9805,207915,13994,274140,0,0,19253,335464,4531,74462,19532,409926,California
San Diego,2021-02-05,24224,506279,8601,216516,15623,289763,0,0,17817,347351,6382,80844,18269,428195,California
San Diego,2021-02-06,20389,526668,8447,224963,11942,301705,0,0,17186,361558,3200,84044,17407,445602,California
San Diego,2021-02-07,11904,538572,5316,230279,6588,308293,0,0,10056,370028,1837,85881,10307,455909,California
San Diego,2021-02-08,19792,558364,8426,238705,11366,319659,0,0,12439,375799,7342,93223,13113,469022,California
San Diego,2021-02-09,20157,578521,8251,246956,11906,331565,0,0,12984,382682,7152,100375,14035,483057,California
San Diego,2021-02-10,22609,601130,9274,256230,13335,344900,0,0,13635,388747,8921,109296,14986,498043,California
San Diego,2021-02-11,23477,624607,10095,266325,13382,358282,0,0,12575,392107,10875,120171,14235,512278,California
San Diego,2021-02-12,23245,647852,7269,273594,15976,374258,0,0,11539,394200,11688,131859,13781,526059,California
San Diego,2021-02-13,19704,667556,8929,282523,10775,385033,0,0,10728,397124,8970,140829,11894,537953,California
San Diego,2021-02-14,10967,678523,7277,289800,3690,388723,0,0,6124,399899,4839,145668,7614,545567,California
San Diego,2021-02-15,14943,693466,7542,297342,7401,396124,0,0,7582,403176,7339,153007,10616,556183,California
San Diego,2021-02-16,18962,712428,11068,308410,7894,404018,0,0,9028,405217,9923,162930,11964,568147,California
San Diego,2021-02-17,22929,735357,10708,319118,12221,416239,0,0,7845,400981,15071,178001,10835,578982,California
San Diego,2021-02-18,23235,758592,11875,330993,11360,427599,0,0,7621,397019,15603,193604,11641,590623,California
San Diego,2021-02-19,15565,774157,10799,341792,4766,432365,0,0,6369,396142,9178,202782,8301,598924,California
San Diego,2021-02-20,9983,784140,6223,348015,3760,436125,0,0,5618,399260,4363,207145,7481,606405,California
San Diego,2021-02-21,11420,795560,10018,358033,1402,437527,0,0,5031,399395,6383,213528,6518,612923,California
San Diego,2021-02-22,12200,807760,10399,368432,1801,439328,0,0,5587,399988,6608,220136,7201,620124,California
San Diego,2021-02-23,25196,832956,14090,382522,11106,450434,0,0,9224,399067,15963,236099,15042,635166,California
San Diego,2021-02-24,28438,861394,12578,395100,15860,466294,0,0,6622,391211,21796,257895,13940,649106,California
San Diego,2021-02-25,32485,893879,14400,409500,18085,484379,0,0,9779,386592,22684,280579,18065,667171,California
San Diego,2021-02-26,32664,926543,12124,421624,20540,504919,0,0,11663,384285,20970,301549,18663,685834,California
San Diego,2021-02-27,20689,947232,9353,430977,11336,516255,0,0,11084,389938,9599,311148,15252,701086,California
San Diego,2021-02-28,14913,962145,9746,440723,5167,521422,0,0,9251,396247,5661,316809,11970,713056,California
San Diego,2021-03-01,23874,986019,14071,454794,9802,531224,1,1,14488,405226,9306,326115,18285,731341,California
San Diego,2021-03-02,25779,1011798,13879,468673,11900,543124,0,1,12542,411148,13225,339340,19147,750488,California
San Diego,2021-03-03,33487,1045285,15759,484432,17725,560849,3,4,13811,412135,19653,358993,20640,771128,California
San Diego,2021-03-04,27825,1073110,13879,498311,13946,574795,0,4,12379,415727,15425,374418,19017,790145,California
San Diego,2021-03-05,28441,1101551,14650,512961,13711,588506,80,84,13281,420531,15132,389550,19936,810081,California
San Diego,2021-03-06,23032,1124583,9402,522363,12933,601439,697,781,10165,423137,12854,402404,15460,825541,California
San Diego,2021-03-07,17915,1142498,9122,531485,8226,609665,567,1348,6806,422974,11097,413501,10934,836475,California
San Diego,2021-03-08,22691,1165189,11035,542520,10750,620415,906,2254,11257,428487,11413,424914,16926,853401,California
San Diego,2021-03-09,25402,1190591,11694,554214,11957,632372,1751,4005,9945,428600,15441,440355,15554,868955,California
San Diego,2021-03-10,25057,1215648,10499,564713,12174,644546,2384,6389,9907,429739,15134,455489,16273,885228,California
San Diego,2021-03-11,28052,1243700,10771,575484,13763,658309,3518,9907,9782,428682,18245,473734,17188,902416,California
San Diego,2021-03-12,26860,1270560,9404,584888,14363,672672,3093,13000,9829,428188,17019,490753,16525,918941,California
San Diego,2021-03-13,25864,1296424,7190,592078,16917,689589,1757,14757,10008,428188,15850,506603,15850,934791,California
San Diego,2021-03-14,13670,1310094,5402,597480,7536,697125,732,15489,4756,427036,8905,515508,7753,942544,California
San Diego,2021-03-15,21732,1331826,10016,607496,10936,708061,780,16269,8943,427022,12774,528282,12760,955304,California
San Diego,2021-03-16,29506,1361332,15459,622955,13637,721698,410,16679,15576,432062,13908,542190,18948,974252,California
San Diego,2021-03-17,26070,1387402,12130,635085,13224,734922,716,17395,16662,442071,9391,551581,19400,993652,California
San Diego,2021-03-18,31066,1418468,17468,652553,12683,747605,915,18310,16913,447272,14118,565699,19319,1012971,California
San Diego,2021-03-19,30059,1448527,14243,666796,14769,762374,1047,19357,19266,457993,10773,576472,21494,1034465,California
San Diego,2021-03-20,27557,1476084,8379,675175,17404,779778,1774,21131,21261,475823,6285,582757,24115,1058580,California
San Diego,2021-03-21,16241,1492325,11845,687020,3701,783479,695,21826,7628,476856,8599,591356,9632,1068212,California
San Diego,2021-03-22,22357,1514682,13028,700048,9045,792524,284,22110,14243,486026,8101,599457,17271,1085483,California
San Diego,2021-03-23,25665,1540347,13446,713494,11934,804458,285,22395,17001,496679,8650,608107,19303,1104786,California
San Diego,2021-03-24,29244,1569591,19546,733040,9311,813769,387,22782,16963,503779,12268,620375,19368,1124154,California
San Diego,2021-03-25,30078,1599669,18105,751145,11292,825061,681,23463,17860,512217,12197,632572,20635,1144789,California
San Diego,2021-03-26,31807,1631476,17780,768925,13513,838574,514,23977,17367,518479,14414,646986,20676,1165465,California
San Diego,2021-03-27,25341,1656817,11035,779960,13928,852502,378,24355,15605,526985,9719,656705,18225,1183690,California
San Diego,2021-03-28,14974,1671791,9170,789130,5746,858248,58,24413,9225,531988,5742,662447,10745,1194435,California
San Diego,2021-03-29,26536,1698327,12811,801941,13095,871343,630,25043,16339,541198,10186,672633,19396,1213831,California
San Diego,2021-03-30,33019,1731346,17782,819723,14446,885789,791,25834,21868,554532,11138,683771,24472,1238303,California
San Diego,2021-03-31,30240,1761586,18655,838378,10878,896667,707,26541,20511,567140,9711,693482,22319,1260622,California
San Diego,2021-04-01,34077,1795663,19891,858269,12712,909379,1474,28015,23095,582062,10958,704440,25880,1286502,California
San Diego,2021-04-02,35550,1831213,20567,878836,12215,921594,2768,30783,23974,598671,11557,715997,28166,1314668,California
San Diego,2021-04-03,30705,1861918,14397,893233,11699,933293,4609,35392,19574,612930,11116,727113,25375,1340043,California
San Diego,2021-04-04,8977,1870895,5155,898388,2904,936197,918,36310,4772,614597,4199,731312,5866,1345909,California
San Diego,2021-04-05,29546,1900441,15309,913697,11582,947779,2655,38965,19200,628586,10329,741641,24318,1370227,California
San Diego,2021-04-06,38488,1938929,20252,933949,12341,960120,5895,44860,22132,642376,16337,757978,30127,1400354,California
San Diego,2021-04-07,35568,1974497,21825,955774,9201,969321,4542,49402,20127,652830,15417,773395,25871,1426225,California
San Diego,2021-04-08,34933,2009430,21204,976978,9603,978924,4126,53528,21100,666798,13812,787207,27780,1454005,California
San Diego,2021-04-09,38087,2047517,22721,999699,10215,989139,5151,58679,20565,678346,17456,804663,29004,1483009,California
San Diego,2021-04-10,28918,2076435,11686,1011385,13246,1002385,3986,62665,14918,686269,13989,818652,21912,1504921,California
San Diego,2021-04-11,16124,2092559,9975,1021360,3855,1006240,2294,64959,7132,689702,8988,827640,12421,1517342,California
San Diego,2021-04-12,30593,2123152,12827,1034187,13492,1019732,4274,69233,16979,701011,13599,841239,24908,1542250,California
San Diego,2021-04-13,36873,2160025,17676,1051863,19162,1038894,35,69268,24455,715928,12395,853634,27312,1569562,California
San Diego,2021-04-14,32803,2192828,18788,1070651,14002,1052896,13,69281,17653,722780,15136,868770,21988,1591550,California
San Diego,2021-04-15,39218,2232046,20310,1090961,18903,1071799,5,69286,23755,733947,15441,884211,26608,1618158,California
San Diego,2021-04-16,33493,2265539,18439,1109400,15051,1086850,3,69289,19322,741536,14110,898321,21699,1639857,California
San Diego,2021-04-17,27806,2293345,13512,1122912,14294,1101144,0,69289,12267,741414,15445,913766,15323,1655180,California
San Diego,2021-04-18,14344,2307689,8810,1131722,5531,1106675,3,69292,6644,743321,7687,921453,9594,1664774,California
San Diego,2021-04-19,26487,2334176,13546,1145268,12940,1119615,1,69293,12411,743392,14056,935509,14127,1678901,California
San Diego,2021-04-20,38910,2373086,17743,1163011,21165,1140780,2,69295,19809,747073,19079,954588,22760,1701661,California
San Diego,2021-04-21,34857,2407943,20792,1183803,14065,1154845,0,69295,16838,748926,17983,972571,19836,1721497,California
San Diego,2021-04-22,44375,2452318,22779,1206582,21592,1176437,4,69299,22217,752051,22116,994687,25241,1746738,California
San Diego,2021-04-23,42036,2494354,25882,1232464,16152,1192589,2,69301,15667,744527,26338,1021025,18814,1765552,California
San Diego,2021-04-24,34751,2529105,18773,1251237,15963,1208552,15,69316,15498,743989,19215,1040240,18677,1784229,California
San Diego,2021-04-25,12618,2541723,7661,1258898,4957,1213509,0,69316,5878,744496,6729,1046969,7236,1791465,California
San Diego,2021-04-26,33110,2574833,16555,1275453,16416,1229925,139,69455,11584,739085,21506,1068475,16095,1807560,California
San Diego,2021-04-27,44500,2619333,24401,1299854,19545,1249470,554,70009,19578,737383,24881,1093356,23179,1830739,California
San Diego,2021-04-28,38072,2657405,22438,1322292,14960,1264430,674,70683,17187,736624,20847,1114203,20088,1850827,California
San Diego,2021-04-29,37899,2695304,24108,1346400,13134,1277564,657,71340,15304,731717,22559,1136762,17652,1868479,California
San Diego,2021-04-30,37876,2733180,22913,1369313,13882,1291446,1081,72421,14785,726352,23053,1159815,17688,1886167,California
San Diego,2021-05-01,24160,2757340,10647,1379960,12875,1304321,638,73059,9482,723944,14669,1174484,12261,1898428,California
San Diego,2021-05-02,10596,2767936,7423,1387383,2592,1306913,581,73640,3228,720718,7364,1181848,4138,1902566,California
San Diego,2021-05-03,25136,2793072,12364,1399747,11623,1318536,1149,74789,9235,716024,15879,1197727,11185,1913751,California
San Diego,2021-05-04,31671,2824743,17467,1417214,12926,1331462,1278,76067,11425,709594,20218,1217945,13788,1927539,California
San Diego,2021-05-05,27481,2852224,16847,1434061,9355,1340817,1279,77346,10476,705300,16983,1234928,12689,1940228,California
San Diego,2021-05-06,28209,2880433,18671,1452732,8626,1349443,912,78258,10719,701902,17462,1252390,14064,1954292,California
San Diego,2021-05-07,29540,2909973,19310,1472042,9191,1358634,1039,79297,10960,696560,18545,1270935,13203,1967495,California
San Diego,2021-05-08,22688,2932661,10707,1482749,11238,1369872,743,80040,7199,690462,15464,1286399,9366,1976861,California
San Diego,2021-05-09,7443,2940104,5585,1488334,1452,1371324,406,80446,2621,689091,4816,1291215,3445,1980306,California
San Diego,2021-05-10,21472,2961576,8395,1496729,12260,1383584,817,81263,5860,681453,15584,1306799,7946,1988252,California
San Diego,2021-05-11,27999,2989575,11481,1508210,15703,1399287,815,82078,9809,675552,18165,1324964,12264,2000516,California
San Diego,2021-05-12,22913,3012488,12466,1520676,9580,1408867,867,82945,8553,671758,14334,1339298,10540,2011056,California
San Diego,2021-05-13,31268,3043756,18941,1539617,11708,1420575,619,83564,13125,669989,18087,1357385,16318,2027374,California
San Diego,2021-05-14,30594,3074350,19596,1559213,10166,1430741,832,84396,13968,670268,16587,1373972,16866,2044240,California
San Diego,2021-05-15,26080,3100430,16407,1575620,8852,1439593,821,85217,10840,667669,15188,1389160,12589,2056829,California
San Diego,2021-05-16,13220,3113650,9967,1585587,2691,1442284,562,85779,6613,668626,6595,1395755,7552,2064381,California
San Diego,2021-05-17,21296,3134946,12925,1598512,7629,1449913,742,86521,8887,666740,12373,1408128,10487,2074868,California
San Diego,2021-05-18,34020,3168966,19228,1617740,13930,1463843,862,87383,13250,661542,20735,1428863,15537,2090405,California
San Diego,2021-05-19,28304,3197270,17782,1635522,9741,1473584,781,88164,12074,659308,16199,1445062,13965,2104370,California
San Diego,2021-05-20,34560,3231830,19106,1654628,14638,1488222,816,88980,11699,650515,22829,1467891,14036,2118406,California
San Diego,2021-05-21,26808,3258638,17129,1671757,8695,1496917,984,89964,10932,647801,15844,1483735,13130,2131536,California
San Diego,2021-05-22,21096,3279734,12138,1683895,7815,1504732,1143,91107,8732,646428,12342,1496077,10969,2142505,California
San Diego,2021-05-23,7186,3286920,5084,1688979,1794,1506526,308,91415,3429,646811,3733,1499810,4116,2146621,California
San Diego,2021-05-24,17557,3304477,8914,1697893,6748,1513274,1895,93310,6265,644539,11272,1511082,9000,2155621,California
San Diego,2021-05-25,24124,3328601,13101,1710994,9183,1522457,1840,95150,8483,640392,15612,1526694,11465,2167086,California
San Diego,2021-05-26,19073,3347674,10573,1721567,6492,1528949,2008,97158,6622,637456,12420,1539114,9484,2176570,California
San Diego,2021-05-27,20483,3368157,11944,1733511,6150,1535099,2389,99547,6929,634319,13535,1552649,10398,2186968,California
San Diego,2021-05-28,21174,3389331,13180,1746691,7293,1542392,701,100248,8426,631830,12729,1565378,10240,2197208,California
San Diego,2021-05-29,11955,3401286,7569,1754260,3896,1546288,490,100738,5192,631262,6750,1572128,6182,2203390,California
San Diego,2021-05-30,4668,3405954,3185,1757445,1104,1547392,379,101117,2034,631277,2629,1574757,2644,2206034,California
San Diego,2021-05-31,2590,3408544,1750,1759195,669,1548061,171,101288,864,630716,1721,1576478,1160,2207194,California
San Diego,2021-06-01,21222,3429766,11330,1770525,8263,1556324,1629,102917,5985,624037,15211,1591689,8532,2215726,California
San Diego,2021-06-02,16965,3446731,8744,1779269,6152,1562476,2069,104986,5508,620895,11431,1603120,8289,2224015,California
San Diego,2021-06-03,19154,3465885,11988,1791257,5369,1567845,1797,106783,5233,615058,13899,1617019,8062,2232077,California
San Diego,2021-06-04,19756,3485641,13826,1805083,5327,1573172,603,107386,5868,609544,13858,1630877,8344,2240421,California
San Diego,2021-06-05,15735,3501376,11969,1817052,2983,1576155,783,108169,4495,604548,11223,1642100,6227,2246648,California
San Diego,2021-06-06,5534,3506910,4514,1821566,709,1576864,311,108480,1728,603593,3797,1645897,2842,2249490,California
San Diego,2021-06-07,12736,3519646,8010,1829576,3381,1580245,1345,109825,3567,600075,9152,1655049,5634,2255124,California
San Diego,2021-06-08,20409,3540055,14432,1844008,4092,1584337,1885,111710,5074,592751,15322,1670371,7998,2263122,California
San Diego,2021-06-09,16995,3557050,11321,1855329,3728,1588065,1946,113656,4378,587421,12602,1682973,7272,2270394,California
San Diego,2021-06-10,17819,3574869,11842,1867171,3907,1591972,2070,115726,4387,581545,13407,1696380,7531,2277925,California
San Diego,2021-06-11,15744,3590613,10046,1877217,4350,1596322,1348,117074,4322,576727,11393,1707773,6575,2284500,California
San Diego,2021-06-12,10941,3601554,8395,1885612,2130,1598452,416,117490,3210,573262,7713,1715486,4248,2288748,California
San Diego,2021-06-13,4145,3605699,3099,1888711,841,1599293,205,117695,1043,571807,3096,1718582,1641,2290389,California
San Diego,2021-06-14,12591,3618290,7565,1896276,2843,1602136,2183,119878,3654,569367,8923,1727505,6483,2296872,California
San Diego,2021-06-15,17786,3636076,10237,1906513,4205,1606341,3344,123222,4737,565320,13038,1740543,8991,2305863,California
San Diego,2021-06-16,13714,3649790,8840,1915353,2762,1609103,2112,125334,4495,563489,9206,1749749,7375,2313238,California
San Diego,2021-06-17,14114,3663904,8422,1923775,3322,1612425,2370,127704,4134,560655,9967,1759716,7133,2320371,California
San Diego,2021-06-18,13662,3677566,8534,1932309,3422,1615847,1706,129410,4337,558151,9316,1769032,6812,2327183,California
San Diego,2021-06-19,3309,3680875,2444,1934753,504,1616351,361,129771,1203,557865,2105,1771137,1819,2329002,California
San Francisco,2020-12-15,8,8,8,8,0,0,0,0,8,8,0,0,8,8,California
San Francisco,2020-12-16,232,240,232,240,0,0,0,0,232,240,0,0,232,240,California
San Francisco,2020-12-17,417,657,417,657,0,0,0,0,417,657,0,0,417,657,California
San Francisco,2020-12-18,911,1568,910,1567,1,1,0,0,911,1568,0,0,911,1568,California
San Francisco,2020-12-19,609,2177,609,2176,0,1,0,0,609,2177,0,0,609,2177,California
San Francisco,2020-12-20,482,2659,482,2658,0,1,0,0,482,2659,0,0,482,2659,California
San Francisco,2020-12-21,1163,3822,1163,3821,0,1,0,0,1163,3822,0,0,1163,3822,California
San Francisco,2020-12-22,1413,5235,1378,5199,35,36,0,0,1413,5235,0,0,1413,5235,California
San Francisco,2020-12-23,1363,6598,1062,6261,301,337,0,0,1363,6598,0,0,1363,6598,California
San Francisco,2020-12-24,847,7445,505,6766,342,679,0,0,847,7445,0,0,847,7445,California
San Francisco,2020-12-25,36,7481,29,6795,7,686,0,0,36,7481,0,0,36,7481,California
San Francisco,2020-12-26,252,7733,155,6950,97,783,0,0,252,7733,0,0,252,7733,California
San Francisco,2020-12-27,273,8006,59,7009,214,997,0,0,273,8006,0,0,273,8006,California
San Francisco,2020-12-28,1284,9290,693,7702,591,1588,0,0,1284,9290,0,0,1284,9290,California
San Francisco,2020-12-29,1262,10552,630,8332,632,2220,0,0,1262,10552,0,0,1262,10552,California
San Francisco,2020-12-30,1494,12046,782,9114,712,2932,0,0,1494,12046,0,0,1494,12046,California
San Francisco,2020-12-31,984,13030,416,9530,568,3500,0,0,983,13029,0,0,983,13029,California
San Francisco,2021-01-01,104,13134,77,9607,27,3527,0,0,104,13133,0,0,104,13133,California
San Francisco,2021-01-02,342,13476,306,9913,36,3563,0,0,342,13475,0,0,342,13475,California
San Francisco,2021-01-03,300,13776,106,10019,194,3757,0,0,299,13773,1,1,299,13774,California
San Francisco,2021-01-04,1846,15622,1359,11378,487,4244,0,0,1843,15613,3,4,1843,15617,California
San Francisco,2021-01-05,2239,17861,1422,12800,817,5061,0,0,2200,17776,39,43,2202,17819,California
San Francisco,2021-01-06,1881,19742,1171,13971,710,5771,0,0,1609,19116,270,313,1610,19429,California
San Francisco,2021-01-07,2079,21821,1211,15182,868,6639,0,0,1604,20248,472,785,1604,21033,California
San Francisco,2021-01-08,2346,24167,1647,16829,699,7338,0,0,1480,20867,861,1646,1480,22513,California
San Francisco,2021-01-09,1403,25570,904,17733,499,7837,0,0,892,21250,511,2157,894,23407,California
San Francisco,2021-01-10,923,26493,542,18275,381,8218,0,0,464,21256,458,2615,464,23871,California
San Francisco,2021-01-11,2521,29014,1877,20152,644,8862,0,0,1414,21562,1108,3723,1414,25285,California
San Francisco,2021-01-12,3113,32127,2071,22223,1042,9904,0,0,1905,22261,1208,4931,1907,27192,California
San Francisco,2021-01-13,2856,34983,1622,23845,1234,11138,0,0,2010,23425,846,5777,2010,29202,California
San Francisco,2021-01-14,2461,37444,1113,24958,1348,12486,0,0,1893,24750,568,6345,1893,31095,California
San Francisco,2021-01-15,2773,40217,1164,26122,1609,14095,0,0,2371,26725,400,6745,2375,33470,California
San Francisco,2021-01-16,2277,42494,974,27096,1303,15398,0,0,2107,28664,170,6915,2109,35579,California
San Francisco,2021-01-17,1950,44444,538,27634,1412,16810,0,0,1731,30176,219,7134,1731,37310,California
San Francisco,2021-01-18,1396,45840,609,28243,787,17597,0,0,1127,31038,268,7402,1130,38440,California
San Francisco,2021-01-19,2602,48442,1481,29724,1121,18718,0,0,1847,32130,755,8157,1847,40287,California
San Francisco,2021-01-20,2792,51234,1140,30864,1652,20370,0,0,2027,33395,763,8920,2028,42315,California
San Francisco,2021-01-21,3356,54590,949,31813,2407,22777,0,0,2516,35072,839,9759,2516,44831,California
San Francisco,2021-01-22,3232,57822,652,32465,2580,25357,0,0,2782,37406,448,10207,2782,47613,California
San Francisco,2021-01-23,3111,60933,613,33078,2498,27855,0,0,2737,39771,373,10580,2738,50351,California
San Francisco,2021-01-24,2443,63376,366,33444,2077,29932,0,0,2208,41747,232,10812,2208,52559,California
San Francisco,2021-01-25,4662,68038,1841,35285,2821,32753,0,0,3064,43217,1595,12407,3065,55624,California
San Francisco,2021-01-26,4764,72802,2189,37474,2575,35328,0,0,3109,44676,1652,14059,3111,58735,California
San Francisco,2021-01-27,4402,77204,1993,39467,2409,37737,0,0,3089,46454,1311,15370,3089,61824,California
San Francisco,2021-01-28,3810,81014,1574,41041,2236,39973,0,0,2636,47923,1168,16538,2637,64461,California
San Francisco,2021-01-29,4776,85790,1696,42737,3080,43053,0,0,3478,50111,1292,17830,3480,67941,California
San Francisco,2021-01-30,3832,89622,1860,44597,1972,45025,0,0,3368,53020,463,18293,3372,71313,California
San Francisco,2021-01-31,2370,91992,828,45425,1542,46567,0,0,2217,55086,152,18445,2218,73531,California
San Francisco,2021-02-01,3994,95986,1709,47134,2285,48852,0,0,2916,56926,1078,19523,2918,76449,California
San Francisco,2021-02-02,4541,100527,1812,48946,2729,51581,0,0,2942,58275,1594,21117,2943,79392,California
San Francisco,2021-02-03,5087,105614,2390,51336,2697,54278,0,0,3769,60730,1316,22433,3771,83163,California
San Francisco,2021-02-04,5045,110659,2433,53769,2612,56890,0,0,3872,63431,1171,23604,3872,87035,California
San Francisco,2021-02-05,6031,116690,3264,57033,2767,59657,0,0,4672,66747,1357,24961,4673,91708,California
San Francisco,2021-02-06,5564,122254,3748,60781,1816,61473,0,0,4661,70511,899,25860,4663,96371,California
San Francisco,2021-02-07,4430,126684,3281,64062,1149,62622,0,0,3850,73787,577,26437,3853,100224,California
San Francisco,2021-02-08,6880,133564,4758,68820,2122,64744,0,0,5641,78208,1223,27660,5644,105868,California
San Francisco,2021-02-09,6033,139597,4079,72899,1954,66698,0,0,4464,81104,1569,29229,4465,110333,California
San Francisco,2021-02-10,6961,146558,4253,77152,2708,69406,0,0,5144,84443,1809,31038,5148,115481,California
San Francisco,2021-02-11,6805,153363,4055,81207,2750,72156,0,0,4968,87582,1832,32870,4971,120452,California
San Francisco,2021-02-12,5380,158743,2718,83925,2662,74818,0,0,3529,89259,1852,34722,3529,123981,California
San Francisco,2021-02-13,4431,163174,2603,86528,1828,76646,0,0,3082,90995,1349,36071,3085,127066,California
San Francisco,2021-02-14,3463,166637,2281,88809,1182,77828,0,0,2329,92193,1133,37204,2331,129397,California
San Francisco,2021-02-15,2784,169421,1509,90318,1275,79103,0,0,1675,92761,1107,38311,1675,131072,California
San Francisco,2021-02-16,5127,174548,2825,93143,2302,81405,0,0,2996,93640,2124,40435,3003,134075,California
San Francisco,2021-02-17,5350,179898,2613,95756,2737,84142,0,0,2966,94234,2374,42809,2968,137043,California
San Francisco,2021-02-18,5399,185297,2630,98386,2769,86911,0,0,2805,94455,2590,45399,2811,139854,California
San Francisco,2021-02-19,5695,190992,2672,101058,3023,89934,0,0,2955,94676,2735,48134,2956,142810,California
San Francisco,2021-02-20,4564,195556,2197,103255,2367,92301,0,0,1713,93548,2842,50976,1714,144524,California
San Francisco,2021-02-21,2908,198464,1535,104790,1373,93674,0,0,1291,93232,1608,52584,1292,145816,California
San Francisco,2021-02-22,5207,203671,3242,108032,1965,95639,0,0,2617,93272,2580,55164,2620,148436,California
San Francisco,2021-02-23,5633,209304,3214,111246,2419,98058,0,0,2880,93406,2746,57910,2880,151316,California
San Francisco,2021-02-24,9163,218467,5183,116429,3980,102038,0,0,4890,94038,4261,62171,4893,156209,California
San Francisco,2021-02-25,10081,228548,7043,123472,3038,105076,0,0,6473,96908,3605,65776,6475,162684,California
San Francisco,2021-02-26,12447,240995,8097,131569,4350,109426,0,0,7338,99141,5106,70882,7339,170023,California
San Francisco,2021-02-27,9484,250479,6120,137689,3362,112788,2,2,4708,99089,4762,75644,4710,174733,California
San Francisco,2021-02-28,7998,258477,5735,143424,2263,115051,0,2,3886,98868,4108,79752,3887,178620,California
San Francisco,2021-03-01,11517,269994,7794,151218,3718,118769,5,7,5581,98547,5909,85661,5588,184208,California
San Francisco,2021-03-02,10093,280087,6814,158032,3279,122048,0,7,5680,99826,4402,90063,5681,189889,California
San Francisco,2021-03-03,11460,291547,6716,164748,4743,126791,1,8,6262,100911,5181,95244,6266,196155,California
San Francisco,2021-03-04,8890,300437,5598,170346,3292,130083,0,8,4995,102025,3883,99127,4997,201152,California
San Francisco,2021-03-05,9300,309737,5705,176051,3591,133674,4,12,5809,104364,3475,102602,5814,206966,California
San Francisco,2021-03-06,7203,316940,4720,180771,2274,135948,209,221,4489,106334,2725,105327,4695,211661,California
San Francisco,2021-03-07,5455,322395,4262,185033,1133,137081,60,281,3131,107189,2336,107663,3191,214852,California
San Francisco,2021-03-08,7569,329964,5498,190531,1882,138963,189,470,5984,111745,1616,109279,6172,221024,California
San Francisco,2021-03-09,8365,338329,5540,196071,2450,141413,375,845,6102,115952,2265,111544,6472,227496,California
San Francisco,2021-03-10,11290,349619,6631,202702,4157,145570,502,1347,7078,119342,4190,115734,7580,235076,California
San Francisco,2021-03-11,10149,359768,6391,209093,2787,148357,971,2318,6662,123497,3469,119203,7624,242700,California
San Francisco,2021-03-12,10918,370686,6380,215473,3192,151549,1346,3664,6088,126117,4808,124011,7428,250128,California
San Francisco,2021-03-13,6758,377444,3951,219424,1725,153274,1082,4746,4193,128835,2555,126566,5273,255401,California
San Francisco,2021-03-14,7598,385042,4943,224367,2410,155684,245,4991,3985,129469,3595,130161,4229,259630,California
San Francisco,2021-03-15,12161,397203,9308,233675,1907,157591,946,5937,8429,135116,3715,133876,9362,268992,California
San Francisco,2021-03-16,12282,409485,8373,242048,3449,161040,460,6397,8839,140998,3420,137296,9302,278294,California
San Francisco,2021-03-17,13620,423105,8458,250506,4528,165568,634,7031,9761,147558,3829,141125,10389,288683,California
San Francisco,2021-03-18,10136,433241,6894,257400,2619,168187,623,7654,5732,149525,4380,145505,6347,295030,California
San Francisco,2021-03-19,12459,445700,9103,266503,2885,171072,471,8125,6465,150487,5967,151472,6929,301959,California
San Francisco,2021-03-20,8952,454652,6586,273089,1897,172969,469,8594,5191,152422,3729,155201,5664,307623,California
San Francisco,2021-03-21,6651,461303,6096,279185,419,173388,136,8730,3743,153409,2890,158091,3877,311500,California
San Francisco,2021-03-22,9919,471222,6889,286074,2182,175570,848,9578,5086,154527,4808,162899,5926,317426,California
San Francisco,2021-03-23,11322,482544,7511,293585,3157,178727,654,10232,6282,156446,5010,167909,6929,324355,California
San Francisco,2021-03-24,12435,494979,9530,303115,2366,181093,539,10771,6190,156964,6202,174111,6720,331075,California
San Francisco,2021-03-25,12028,507007,8789,311904,2673,183766,566,11337,5840,157250,6116,180227,6402,337477,California
San Francisco,2021-03-26,12071,519078,8375,320279,3463,187229,233,11570,5847,157137,6189,186416,6076,343553,California
San Francisco,2021-03-27,8830,527908,5925,326204,2554,189783,351,11921,3765,156209,5043,191459,4115,347668,California
San Francisco,2021-03-28,6687,534595,5336,331540,1309,191092,42,11963,2977,155541,3684,195143,3016,350684,California
San Francisco,2021-03-29,11665,546260,8043,339583,3437,194529,185,12148,4823,153736,6811,201954,5006,355690,California
San Francisco,2021-03-30,11696,557956,7331,346914,4074,198603,291,12439,5519,153394,6152,208106,5810,361500,California
San Francisco,2021-03-31,12329,570285,8213,355127,3816,202419,300,12739,4906,151205,7389,215495,5200,366700,California
San Francisco,2021-04-01,14036,584321,7453,362580,4880,207299,1703,14442,6026,150944,7970,223465,7709,374409,California
San Francisco,2021-04-02,14917,599238,6592,369172,6433,213732,1892,16334,6957,151844,7935,231400,8835,383244,California
San Francisco,2021-04-03,10630,609868,4934,374106,3863,217595,1833,18167,4857,152775,5753,237153,6684,389928,California
San Francisco,2021-04-04,9080,618948,4817,378923,2597,220192,1666,19833,3586,152546,5477,242630,5248,395176,California
San Francisco,2021-04-05,16117,635065,9876,388799,4347,224539,1894,21727,6267,150880,9819,252449,8153,403329,California
San Francisco,2021-04-06,16158,651223,9569,398368,4519,229058,2070,23797,6279,149369,9851,262300,8340,411669,California
San Francisco,2021-04-07,16939,668162,10078,408446,4615,233673,2246,26043,7016,148715,9897,272197,9243,420912,California
San Francisco,2021-04-08,14267,682429,6778,415224,3044,236717,4445,30488,4637,148174,9593,281790,9052,429964,California
San Francisco,2021-04-09,15924,698353,7695,422919,4853,241570,3376,33864,6626,148891,9265,291055,9982,439946,California
San Francisco,2021-04-10,13381,711734,5721,428640,5891,247461,1769,35633,7129,151549,6225,297280,8883,448829,California
San Francisco,2021-04-11,10086,721820,7558,436198,1349,248810,1179,36812,5224,153097,4848,302128,6396,455225,California
San Francisco,2021-04-12,10665,732485,6930,443128,2577,251387,1158,37970,4887,153381,5755,307883,6039,461264,California
San Francisco,2021-04-13,10903,743388,7396,450524,3495,254882,12,37982,5504,153528,5373,313256,5520,466784,California
San Francisco,2021-04-14,13417,756805,8092,458616,5324,260206,1,37983,6385,152925,6992,320248,6389,473173,California
San Francisco,2021-04-15,13907,770712,9638,468254,4268,264474,1,37984,8215,155486,5660,325908,8221,481394,California
San Francisco,2021-04-16,13084,783796,8796,477050,4244,268718,44,38028,7739,157962,5315,331223,7791,489185,California
San Francisco,2021-04-17,10210,794006,7379,484429,2830,271548,1,38029,7208,162192,2985,334208,7215,496400,California
San Francisco,2021-04-18,6673,800679,5109,489538,1562,273110,2,38031,4123,163787,2532,336740,4127,500527,California
San Francisco,2021-04-19,10937,811616,8215,497753,2717,275827,5,38036,7019,166922,3901,340641,7036,507563,California
San Francisco,2021-04-20,12444,824060,7292,505045,5150,280977,2,38038,8597,171706,3821,344462,8605,516168,California
San Francisco,2021-04-21,10656,834716,7620,512665,3031,284008,5,38043,6500,174088,4130,348592,6512,522680,California
San Francisco,2021-04-22,10517,845233,7782,520447,2734,286742,1,38044,6066,175740,4423,353015,6075,528755,California
San Francisco,2021-04-23,10390,855623,5955,526402,4435,291177,0,38044,6173,177734,4186,357201,6180,534935,California
San Francisco,2021-04-24,7973,863596,5488,531890,2485,293662,0,38044,4712,179215,3240,360441,4721,539656,California
San Francisco,2021-04-25,5054,868650,4349,536239,699,294361,6,38050,2956,180096,2086,362527,2967,542623,California
San Francisco,2021-04-26,8222,876872,5823,542062,2387,296748,12,38062,4088,180106,4106,366633,4116,546739,California
San Francisco,2021-04-27,8727,885599,5865,547927,2692,299440,170,38232,4353,180291,4348,370981,4533,551272,California
San Francisco,2021-04-28,9508,895107,6576,554503,2742,302182,190,38422,4977,180965,4500,375481,5174,556446,California
San Francisco,2021-04-29,9398,904505,5460,559963,3744,305926,194,38616,4614,181029,4758,380239,4822,561268,California
San Francisco,2021-04-30,10903,915408,5204,565167,5498,311424,201,38817,3984,178343,6875,387114,4189,565457,California
San Francisco,2021-05-01,6954,922362,3592,568759,3246,314670,116,38933,1703,174947,5216,392330,1820,567277,California
San Francisco,2021-05-02,5325,927687,3088,571847,2139,316809,98,39031,964,171662,4351,396681,1066,568343,California
San Francisco,2021-05-03,9706,937393,6619,578466,2923,319732,164,39195,2467,167091,7210,403891,2639,570982,California
San Francisco,2021-05-04,9397,946790,6016,584482,3130,322862,251,39446,2291,162565,7073,410964,2547,573529,California
San Francisco,2021-05-05,8786,955576,6141,590623,2334,325196,311,39757,2149,158439,6590,417554,2464,575993,California
San Francisco,2021-05-06,10767,966343,8607,599230,1687,326883,473,40230,1843,151868,8890,426444,2319,578312,California
San Francisco,2021-05-07,10133,976476,6495,605725,3366,330249,272,40502,1636,145304,8470,434914,1906,580218,California
San Francisco,2021-05-08,8393,984869,3577,609302,4686,334935,130,40632,976,139026,7385,442299,1107,581325,California
San Francisco,2021-05-09,6700,991569,5839,615141,779,335714,82,40714,1212,134849,5465,447764,1288,582613,California
San Francisco,2021-05-10,6996,998565,4967,620108,1777,337491,252,40966,1048,130227,5920,453684,1298,583911,California
San Francisco,2021-05-11,7411,1005976,5331,625439,1861,339352,219,41185,1449,125966,5928,459612,1667,585578,California
San Francisco,2021-05-12,8127,1014103,5927,631366,1743,341095,457,41642,1857,122037,6238,465850,2309,587887,California
San Francisco,2021-05-13,11086,1025189,8143,639509,2717,343812,226,41868,4192,119595,6866,472716,4424,592311,California
San Francisco,2021-05-14,9322,1034511,6599,646108,2550,346362,173,42041,3019,116525,6272,478988,3202,595513,California
San Francisco,2021-05-15,7943,1042454,6258,652366,1629,347991,56,42097,3111,114888,4816,483804,3179,598692,California
San Francisco,2021-05-16,4975,1047429,4192,656558,723,348714,60,42157,1845,113682,3111,486915,1905,600597,California
San Francisco,2021-05-17,7251,1054680,5400,661958,1686,350400,165,42322,2469,111556,4763,491678,2637,603234,California
San Francisco,2021-05-18,8713,1063393,4985,666943,3553,353953,175,42497,1974,107013,6693,498371,2150,605384,California
San Francisco,2021-05-19,7485,1070878,5544,672487,1707,355660,234,42731,2449,104686,5008,503379,2681,608065,California
San Francisco,2021-05-20,5960,1076838,4012,676499,1697,357357,251,42982,1642,102293,4282,507661,1889,609954,California
San Francisco,2021-05-21,7193,1084031,4073,680572,2934,360291,186,43168,1833,98993,5314,512975,2014,611968,California
San Francisco,2021-05-22,4789,1088820,3613,684185,1085,361376,91,43259,2178,98670,2591,515566,2268,614236,California
San Francisco,2021-05-23,1829,1090649,1392,685577,363,361739,74,43333,834,98594,985,516551,909,615145,California
San Francisco,2021-05-24,4050,1094699,2863,688440,1025,362764,162,43495,1199,97131,2825,519376,1362,616507,California
San Francisco,2021-05-25,3701,1098400,2413,690853,1066,363830,222,43717,1103,95871,2580,521956,1320,617827,California
San Francisco,2021-05-26,3940,1102340,2551,693404,1243,365073,146,43863,1145,94391,2771,524727,1291,619118,California
San Francisco,2021-05-27,3705,1106045,2138,695542,1390,366463,177,44040,1200,93273,2494,527221,1376,620494,California
San Francisco,2021-05-28,3775,1109820,2158,697700,1456,367919,161,44201,1351,92386,2398,529619,1511,622005,California
San Francisco,2021-05-29,2021,1111841,1464,699164,456,368375,101,44302,880,92241,1120,530739,975,622980,California
San Francisco,2021-05-30,962,1112803,692,699856,233,368608,37,44339,400,92120,558,531297,437,623417,California
San Francisco,2021-05-31,254,1113057,207,700063,40,368648,7,44346,85,92044,168,531465,92,623509,California
San Francisco,2021-06-01,3575,1116632,2159,702222,1228,369876,188,44534,1254,91178,2305,533770,1439,624948,California
San Francisco,2021-06-02,2431,1119063,1754,703976,554,370430,123,44657,896,90669,1523,535293,1014,625962,California
San Francisco,2021-06-03,3978,1123041,2730,706706,1043,371473,205,44862,1061,89031,2899,538192,1261,627223,California
San Francisco,2021-06-04,5720,1128761,4844,711550,740,372213,136,44998,1399,86273,4288,542480,1530,628753,California
San Francisco,2021-06-05,3692,1132453,3118,714668,426,372639,148,45146,956,84651,2722,545202,1100,629853,California
San Francisco,2021-06-06,2316,1134769,2167,716835,111,372750,38,45184,508,83395,1802,547004,546,630399,California
San Francisco,2021-06-07,3632,1138401,3008,719843,488,373238,136,45320,954,81822,2661,549665,1088,631487,California
San Francisco,2021-06-08,2829,1141230,2224,722067,437,373675,168,45488,844,80860,1968,551633,1006,632493,California
San Francisco,2021-06-09,2316,1143546,1854,723921,325,374000,137,45625,667,80029,1633,553266,802,633295,California
San Francisco,2021-06-10,2493,1146039,1906,725827,395,374395,192,45817,783,79306,1698,554964,975,634270,California
San Francisco,2021-06-11,3149,1149188,2489,728316,496,374891,164,45981,942,78225,2185,557149,1104,635374,California
San Francisco,2021-06-12,3028,1152216,2624,730940,274,375165,130,46111,716,76771,2297,559446,843,636217,California
San Francisco,2021-06-13,912,1153128,791,731731,74,375239,47,46158,233,76379,671,560117,279,636496,California
San Francisco,2021-06-14,2506,1155634,2035,733766,320,375559,151,46309,880,75793,1615,561732,1029,637525,California
San Francisco,2021-06-15,1897,1157531,1472,735238,292,375851,133,46442,674,75386,1214,562946,807,638332,California
San Francisco,2021-06-16,1811,1159342,1361,736599,258,376109,192,46634,630,75036,1165,564111,815,639147,California
San Francisco,2021-06-17,1973,1161315,1511,738110,271,376380,191,46825,661,74590,1292,565403,846,639993,California
San Francisco,2021-06-18,2326,1163641,1731,739841,423,376803,172,46997,755,73954,1558,566961,922,640915,California
San Francisco,2021-06-19,978,1164619,845,740686,58,376861,75,47072,285,73626,687,567648,359,641274,California
San Joaquin,2020-12-15,14,14,14,14,0,0,0,0,14,14,0,0,14,14,California
San Joaquin,2020-12-16,308,322,308,322,0,0,0,0,308,322,0,0,308,322,California
San Joaquin,2020-12-17,321,643,321,643,0,0,0,0,321,643,0,0,321,643,California
San Joaquin,2020-12-18,538,1181,534,1177,4,4,0,0,538,1181,0,0,538,1181,California
San Joaquin,2020-12-19,189,1370,189,1366,0,4,0,0,189,1370,0,0,189,1370,California
San Joaquin,2020-12-20,117,1487,115,1481,2,6,0,0,117,1487,0,0,117,1487,California
San Joaquin,2020-12-21,498,1985,497,1978,1,7,0,0,498,1985,0,0,498,1985,California
San Joaquin,2020-12-22,979,2964,858,2836,121,128,0,0,978,2963,0,0,978,2963,California
San Joaquin,2020-12-23,989,3953,931,3767,58,186,0,0,987,3950,2,2,989,3952,California
San Joaquin,2020-12-24,219,4172,190,3957,29,215,0,0,218,4168,1,3,219,4171,California
San Joaquin,2020-12-25,15,4187,15,3972,0,215,0,0,15,4183,0,3,15,4186,California
San Joaquin,2020-12-26,102,4289,31,4003,71,286,0,0,102,4285,0,3,102,4288,California
San Joaquin,2020-12-27,45,4334,32,4035,13,299,0,0,45,4330,0,3,45,4333,California
San Joaquin,2020-12-28,629,4963,424,4459,205,504,0,0,629,4959,0,3,629,4962,California
San Joaquin,2020-12-29,796,5759,666,5125,130,634,0,0,796,5755,0,3,796,5758,California
San Joaquin,2020-12-30,1013,6772,717,5842,296,930,0,0,1011,6766,2,5,1013,6771,California
San Joaquin,2020-12-31,458,7230,204,6046,254,1184,0,0,458,7224,1,6,459,7230,California
San Joaquin,2021-01-01,23,7253,13,6059,10,1194,0,0,23,7247,0,6,23,7253,California
San Joaquin,2021-01-02,268,7521,245,6304,23,1217,0,0,268,7515,0,6,268,7521,California
San Joaquin,2021-01-03,37,7558,20,6324,17,1234,0,0,36,7550,1,7,36,7557,California
San Joaquin,2021-01-04,482,8040,340,6664,142,1376,0,0,480,8029,1,8,480,8037,California
San Joaquin,2021-01-05,988,9028,653,7317,335,1711,0,0,817,8712,171,179,854,8891,California
San Joaquin,2021-01-06,1228,10256,712,8029,516,2227,0,0,923,9339,300,479,927,9818,California
San Joaquin,2021-01-07,1090,11346,689,8718,401,2628,0,0,791,9835,296,775,792,10610,California
San Joaquin,2021-01-08,1215,12561,827,9545,388,3016,0,0,719,10063,495,1270,723,11333,California
San Joaquin,2021-01-09,379,12940,300,9845,79,3095,0,0,247,10179,132,1402,248,11581,California
San Joaquin,2021-01-10,224,13164,116,9961,108,3203,0,0,171,10298,52,1454,171,11752,California
San Joaquin,2021-01-11,1538,14702,1328,11289,210,3413,0,0,871,10571,666,2120,939,12691,California
San Joaquin,2021-01-12,1491,16193,1073,12362,418,3831,0,0,701,10558,786,2906,773,13464,California
San Joaquin,2021-01-13,1547,17740,909,13271,638,4469,0,0,960,10939,584,3490,965,14429,California
San Joaquin,2021-01-14,1764,19504,976,14247,788,5257,0,0,1417,12047,326,3816,1434,15863,California
San Joaquin,2021-01-15,1545,21049,551,14798,994,6251,0,0,1307,13150,223,4039,1326,17189,California
San Joaquin,2021-01-16,1140,22189,181,14979,959,7210,0,0,1108,14227,31,4070,1108,18297,California
San Joaquin,2021-01-17,1628,23817,137,15116,1491,8701,0,0,1585,15771,43,4113,1587,19884,California
San Joaquin,2021-01-18,743,24560,239,15355,504,9205,0,0,622,16276,117,4230,622,20506,California
San Joaquin,2021-01-19,1884,26444,904,16259,980,10185,0,0,1200,16805,679,4909,1208,21714,California
San Joaquin,2021-01-20,2096,28540,1286,17545,810,10995,0,0,1448,17618,641,5550,1454,23168,California
San Joaquin,2021-01-21,1986,30526,901,18446,1085,12080,0,0,1587,18822,392,5942,1596,24764,California
San Joaquin,2021-01-22,1961,32487,898,19344,1063,13143,0,0,1820,20508,136,6078,1822,26586,California
San Joaquin,2021-01-23,901,33388,400,19744,501,13644,0,0,613,20836,287,6365,615,27201,California
San Joaquin,2021-01-24,353,33741,136,19880,217,13861,0,0,330,21146,20,6385,330,27531,California
San Joaquin,2021-01-25,2006,35747,1148,21028,858,14719,0,0,1432,22010,571,6956,1435,28966,California
San Joaquin,2021-01-26,2163,37910,1116,22144,1047,15766,0,0,1541,22942,615,7571,1547,30513,California
San Joaquin,2021-01-27,1748,39658,772,22916,976,16742,0,0,1245,23696,498,8069,1252,31765,California
San Joaquin,2021-01-28,2063,41721,778,23694,1285,18027,0,0,1398,24442,661,8730,1407,33172,California
San Joaquin,2021-01-29,2170,43891,1050,24744,1120,19147,0,0,1818,25923,346,9076,1827,34999,California
San Joaquin,2021-01-30,2178,46069,358,25102,1820,20967,0,0,1999,27746,178,9254,2001,37000,California
San Joaquin,2021-01-31,1560,47629,181,25283,1379,22346,0,0,1495,29178,64,9318,1496,38496,California
San Joaquin,2021-02-01,2542,50171,1348,26631,1194,23540,0,0,1775,30189,767,10085,1778,40274,California
San Joaquin,2021-02-02,2589,52760,1155,27786,1434,24974,0,0,1978,31620,551,10636,1982,42256,California
San Joaquin,2021-02-03,3079,55839,1212,28998,1867,26841,0,0,2209,32974,863,11499,2217,44473,California
San Joaquin,2021-02-04,3551,59390,1819,30817,1732,28573,0,0,2651,34737,894,12393,2657,47130,California
San Joaquin,2021-02-05,3176,62566,1806,32623,1370,29943,0,0,2343,36272,822,13215,2357,49487,California
San Joaquin,2021-02-06,1093,63659,746,33369,347,30290,0,0,946,37075,144,13359,947,50434,California
San Joaquin,2021-02-07,622,64281,493,33862,129,30419,0,0,418,37295,199,13558,419,50853,California
San Joaquin,2021-02-08,1795,66076,1039,34901,756,31175,0,0,1449,38427,323,13881,1455,52308,California
San Joaquin,2021-02-09,2136,68212,1161,36062,975,32150,0,0,1586,39536,480,14361,1589,53897,California
San Joaquin,2021-02-10,2586,70798,1254,37316,1332,33482,0,0,1355,39683,1209,15570,1356,55253,California
San Joaquin,2021-02-11,2928,73726,1488,38804,1440,34922,0,0,1706,40206,1190,16760,1713,56966,California
San Joaquin,2021-02-12,2833,76559,1133,39937,1700,36622,0,0,1607,40613,1205,17965,1612,58578,California
San Joaquin,2021-02-13,2120,78679,397,40334,1723,38345,0,0,852,40217,1254,19219,858,59436,California
San Joaquin,2021-02-14,1916,80595,263,40597,1653,39998,0,0,698,39730,1186,20405,699,60135,California
San Joaquin,2021-02-15,1983,82578,821,41418,1162,41160,0,0,1187,40155,766,21171,1191,61326,California
San Joaquin,2021-02-16,3170,85748,1379,42797,1791,42951,0,0,1752,40515,1403,22574,1763,63089,California
San Joaquin,2021-02-17,3295,89043,1271,44068,2024,44975,0,0,1875,40989,1406,23980,1880,64969,California
San Joaquin,2021-02-18,3364,92407,1390,45458,1974,46949,0,0,1921,41510,1406,25386,1927,66896,California
San Joaquin,2021-02-19,4283,96690,2422,47880,1861,48810,0,0,2395,42071,1834,27220,2395,69291,California
San Joaquin,2021-02-20,1566,98256,665,48545,901,49711,0,0,1064,42636,499,27719,1064,70355,California
San Joaquin,2021-02-21,681,98937,515,49060,166,49877,0,0,430,42820,248,27967,432,70787,California
San Joaquin,2021-02-22,3563,102500,2513,51573,1050,50927,0,0,2546,44382,988,28955,2550,73337,California
San Joaquin,2021-02-23,4328,106828,2629,54202,1699,52626,0,0,2660,45411,1637,30592,2666,76003,California
San Joaquin,2021-02-24,5787,112615,3437,57639,2350,54976,0,0,4157,47968,1604,32196,4161,80164,California
San Joaquin,2021-02-25,6393,119008,3957,61596,2436,57412,0,0,4122,49871,2229,34425,4132,84296,California
San Joaquin,2021-02-26,5536,124544,2865,64461,2671,60083,0,0,3798,51973,1703,36128,3805,88101,California
San Joaquin,2021-02-27,5496,130040,1639,66100,3857,63940,0,0,2658,51864,2779,38907,2670,90771,California
San Joaquin,2021-02-28,3116,133156,1126,67226,1990,65930,0,0,2053,52886,1034,39941,2056,92827,California
San Joaquin,2021-03-01,4151,137307,1828,69054,2320,68250,3,3,2353,53471,1780,41721,2365,95192,California
San Joaquin,2021-03-02,4238,141545,1688,70742,2550,70800,0,3,2660,54632,1554,43275,2715,97907,California
San Joaquin,2021-03-03,5834,147379,3465,74207,2367,73167,2,5,4206,57236,1603,44878,4207,102114,California
San Joaquin,2021-03-04,5734,153113,2277,76484,3454,76621,3,8,3747,59016,1971,46849,3751,105865,California
San Joaquin,2021-03-05,4512,157625,1908,78392,2599,79220,5,13,3126,60783,1369,48218,3136,109001,California
San Joaquin,2021-03-06,3318,160943,2183,80575,1005,80225,130,143,2732,63067,582,48800,2866,111867,California
San Joaquin,2021-03-07,1225,162168,565,81140,612,80837,48,191,938,63769,269,49069,971,112838,California
San Joaquin,2021-03-08,3153,165321,1260,82400,1769,82606,124,315,2146,65043,995,50064,2269,115107,California
San Joaquin,2021-03-09,4042,169363,1833,84233,2078,84684,131,446,2683,66522,1340,51404,2819,117926,California
San Joaquin,2021-03-10,4665,174028,2479,86712,2045,86729,141,587,3431,68876,1218,52622,3572,121498,California
San Joaquin,2021-03-11,4975,179003,2366,89078,2005,88734,604,1191,2948,70419,2013,54635,3556,125054,California
San Joaquin,2021-03-12,6315,185318,3156,92234,2821,91555,338,1529,4166,72808,2122,56757,4511,129565,California
San Joaquin,2021-03-13,3076,188394,1463,93697,1489,93044,124,1653,2289,74450,779,57536,2421,131986,California
San Joaquin,2021-03-14,2176,190570,681,94378,1191,94235,304,1957,1030,74649,1139,58675,1338,133324,California
San Joaquin,2021-03-15,6103,196673,3509,97887,2190,96425,404,2361,3185,75369,2882,61557,3602,136926,California
San Joaquin,2021-03-16,6878,203551,3913,101800,2707,99132,258,2619,4048,76877,2805,64362,4313,141239,California
San Joaquin,2021-03-17,7844,211395,4701,106501,3072,102204,71,2690,4359,77874,3441,67803,4438,145677,California
San Joaquin,2021-03-18,7671,219066,4512,111013,2652,104856,507,3197,3772,78308,3853,71656,4287,149964,California
San Joaquin,2021-03-19,7966,227032,4671,115684,2752,107608,543,3740,4809,80588,3132,74788,5412,155376,California
San Joaquin,2021-03-20,3710,230742,2143,117827,1324,108932,243,3983,1836,80832,1848,76636,2092,157468,California
San Joaquin,2021-03-21,2135,232877,1516,119343,412,109344,207,4190,1168,81326,953,77589,1447,158915,California
San Joaquin,2021-03-22,4000,236877,2050,121393,1534,110878,416,4606,2363,82491,1620,79209,2785,161700,California
San Joaquin,2021-03-23,5407,242284,2656,124049,2583,113461,168,4774,3721,84724,1662,80871,3895,165595,California
San Joaquin,2021-03-24,6872,249156,4260,128309,2522,115983,90,4864,3022,84035,3809,84680,3120,168715,California
San Joaquin,2021-03-25,5591,254747,3322,131631,2221,118204,48,4912,3306,85134,2261,86941,3360,172075,California
San Joaquin,2021-03-26,6218,260965,2575,134206,3491,121695,152,5064,3245,85607,2945,89886,3418,175493,California
San Joaquin,2021-03-27,4686,265651,2630,136836,1982,123677,74,5138,1809,84648,2852,92738,1893,177386,California
San Joaquin,2021-03-28,2743,268394,1814,138650,904,124581,25,5163,1268,84600,1455,94193,1407,178793,California
San Joaquin,2021-03-29,4070,272464,2201,140851,1845,126426,24,5187,2033,84651,2021,96214,2072,180865,California
San Joaquin,2021-03-30,6249,278713,3184,144035,2973,129399,92,5279,3438,85420,2781,98995,3550,184415,California
San Joaquin,2021-03-31,6636,285349,4177,148212,2399,131798,60,5339,3350,85595,3260,102255,3435,187850,California
San Joaquin,2021-04-01,6457,291806,2999,151211,3368,135166,90,5429,2854,85024,3577,105832,3006,190856,California
San Joaquin,2021-04-02,6372,298178,2894,154105,2984,138150,494,5923,2514,84232,3831,109663,3039,193895,California
San Joaquin,2021-04-03,4164,302342,2347,156452,1491,139641,326,6249,2011,84445,2137,111800,2350,196245,California
San Joaquin,2021-04-04,2297,304639,1371,157823,718,140359,208,6457,1546,85480,740,112540,1775,198020,California
San Joaquin,2021-04-05,4812,309451,2850,160673,1718,142077,244,6701,2653,86241,2145,114685,2906,200926,California
San Joaquin,2021-04-06,7095,316546,4556,165229,2261,144338,278,6979,3359,86190,3706,118391,3655,204581,California
San Joaquin,2021-04-07,8368,324914,4556,169785,2226,146564,1586,8565,3517,86477,4829,123220,5116,209697,California
San Joaquin,2021-04-08,8798,333712,4713,174498,1947,148511,2138,10703,3322,86489,5448,128668,5460,215157,California
San Joaquin,2021-04-09,8978,342690,4364,178862,3046,151557,1568,12271,3297,85716,5656,134324,4883,220040,California
San Joaquin,2021-04-10,5265,347955,1666,180528,1686,153243,1913,14184,1799,85972,3454,137778,3710,223750,California
San Joaquin,2021-04-11,4300,352255,1770,182298,1364,154607,1166,15350,1976,86797,2311,140089,3136,226886,California
San Joaquin,2021-04-12,6083,358338,2463,184761,2070,156677,1550,16900,2413,87118,3648,143737,3969,230855,California
San Joaquin,2021-04-13,7562,365900,4375,189136,3178,159855,9,16909,4660,88914,2879,146616,4675,235530,California
San Joaquin,2021-04-14,7652,373552,3898,193034,3752,163607,2,16911,4626,90552,3003,149619,4641,240171,California
San Joaquin,2021-04-15,7929,381481,4712,197746,3217,166824,0,16911,4452,91571,3443,153062,4462,244633,California
San Joaquin,2021-04-16,7820,389301,4249,201995,3568,170392,3,16914,4744,93282,3047,156109,4758,249391,California
San Joaquin,2021-04-17,5202,394503,2818,204813,2382,172774,2,16916,3693,95498,1497,157606,3713,253104,California
San Joaquin,2021-04-18,2502,397005,1396,206209,1106,173880,0,16916,1335,95690,1151,158757,1343,254447,California
San Joaquin,2021-04-19,5215,402220,2822,209031,2393,176273,0,16916,2777,96068,2411,161168,2789,257236,California
San Joaquin,2021-04-20,6260,408480,3310,212341,2950,179223,0,16916,2959,95767,3271,164439,2970,260206,California
San Joaquin,2021-04-21,5675,414155,3147,215488,2528,181751,0,16916,2933,96020,2688,167127,2941,263147,California
San Joaquin,2021-04-22,5331,419486,3157,218645,2172,183923,2,16918,3084,96906,2218,169345,3104,266251,California
San Joaquin,2021-04-23,5955,425441,2851,221496,3103,187026,1,16919,3765,98509,2169,171514,3772,270023,California
San Joaquin,2021-04-24,5289,430730,3639,225135,1648,188674,2,16921,3447,100150,1814,173328,3455,273478,California
San Joaquin,2021-04-25,3080,433810,2594,227729,486,189160,0,16921,2045,101191,1011,174339,2052,275530,California
San Joaquin,2021-04-26,4060,437870,2660,230389,1396,190556,4,16925,2168,101490,1880,176219,2179,277709,California
San Joaquin,2021-04-27,4640,442510,2676,233065,1902,192458,62,16987,1979,100900,2639,178858,2049,279758,California
San Joaquin,2021-04-28,5589,448099,3366,236431,2143,194601,80,17067,2771,100974,2788,181646,2862,282620,California
San Joaquin,2021-04-29,4926,453025,2883,239314,1986,196587,57,17124,2530,101198,2375,184021,2599,285219,California
San Joaquin,2021-04-30,4992,458017,2442,241756,2483,199070,67,17191,2583,101468,2391,186412,2661,287880,California
San Joaquin,2021-05-01,3359,461376,1920,243676,1381,200451,58,17249,2141,102471,1209,187621,2212,290092,California
San Joaquin,2021-05-02,2308,463684,1605,245281,646,201097,57,17306,1178,102581,1126,188747,1236,291328,California
San Joaquin,2021-05-03,3335,467019,2261,247542,1000,202097,74,17380,1406,102157,1912,190659,1488,292816,California
San Joaquin,2021-05-04,4866,471885,3304,250846,1406,203503,156,17536,1789,101056,3057,193716,1956,294772,California
San Joaquin,2021-05-05,5114,476999,3552,254398,1399,204902,163,17699,2291,100724,2794,196510,2462,297234,California
San Joaquin,2021-05-06,4673,481672,3132,257530,1411,206313,130,17829,2035,100280,2621,199131,2177,299411,California
San Joaquin,2021-05-07,5124,486796,2959,260489,2012,208325,153,17982,1912,99165,3190,202321,2075,301486,California
San Joaquin,2021-05-08,3282,490078,2110,262599,1070,209395,102,18084,1212,98435,2053,204374,1323,302809,California
San Joaquin,2021-05-09,1487,491565,851,263450,566,209961,70,18154,590,98207,894,205268,666,303475,California
San Joaquin,2021-05-10,2822,494387,1484,264934,1213,211174,125,18279,933,97399,1871,207139,1063,304538,California
San Joaquin,2021-05-11,4200,498587,2214,267148,1865,213039,121,18400,1344,96056,2840,209979,1497,306035,California
San Joaquin,2021-05-12,4399,502986,2101,269249,2173,215212,125,18525,1463,94740,2919,212898,1603,307638,California
San Joaquin,2021-05-13,4763,507749,2787,272036,1888,217100,88,18613,1860,93816,2887,215785,1963,309601,California
San Joaquin,2021-05-14,5758,513507,3430,275466,2219,219319,109,18722,2431,93066,3298,219083,2548,312149,California
San Joaquin,2021-05-15,5244,518751,3118,278584,2046,221365,80,18802,1651,91238,3563,222646,1735,313884,California
San Joaquin,2021-05-16,3568,522319,2792,281376,727,222092,49,18851,1433,90606,2122,224768,1490,315374,California
San Joaquin,2021-05-17,4143,526462,2476,283852,1570,223662,97,18948,1794,90174,2333,227101,1901,317275,California
San Joaquin,2021-05-18,3949,530411,2278,286130,1552,225214,119,19067,1882,90123,2051,229152,2000,319275,California
San Joaquin,2021-05-19,4760,535171,2762,288892,1863,227077,135,19202,2103,89743,2627,231779,2247,321522,California
San Joaquin,2021-05-20,3942,539113,2357,291249,1481,228558,104,19306,1772,89474,2149,233928,1880,323402,California
San Joaquin,2021-05-21,4958,544071,2886,294135,1949,230507,123,19429,2278,89234,2651,236579,2411,325813,California
San Joaquin,2021-05-22,3985,548056,2476,296611,1415,231922,94,19523,1776,88918,2196,238775,1880,327693,California
San Joaquin,2021-05-23,2389,550445,1936,298547,409,232331,44,19567,1407,89401,972,239747,1455,329148,California
San Joaquin,2021-05-24,2952,553397,1688,300235,1171,233502,93,19660,1374,89312,1561,241308,1472,330620,California
San Joaquin,2021-05-25,3093,556490,1923,302158,1020,234522,150,19810,1468,89322,1607,242915,1617,332237,California
San Joaquin,2021-05-26,3862,560352,2377,304535,1410,235932,75,19885,1611,88776,2237,245152,1691,333928,California
San Joaquin,2021-05-27,2913,563265,1490,306025,1339,237271,84,19969,1137,88238,1762,246914,1224,335152,California
San Joaquin,2021-05-28,3086,566351,1648,307673,1348,238619,90,20059,1458,88193,1604,248518,1559,336711,California
San Joaquin,2021-05-29,2130,568481,1172,308845,922,239541,36,20095,955,88018,1171,249689,996,337707,California
San Joaquin,2021-05-30,971,569452,518,309363,427,239968,26,20121,407,87895,559,250248,436,338143,California
San Joaquin,2021-05-31,619,570071,259,309622,353,240321,7,20128,238,87763,377,250625,245,338388,California
San Joaquin,2021-06-01,2430,572501,1472,311094,863,241184,95,20223,1166,87776,1255,251880,1268,339656,California
San Joaquin,2021-06-02,2710,575211,1604,312698,1052,242236,54,20277,1150,87440,1543,253423,1207,340863,California
San Joaquin,2021-06-03,2816,578027,1740,314438,1020,243256,56,20333,1088,86876,1713,255136,1149,342012,California
San Joaquin,2021-06-04,3122,581149,1916,316354,1098,244354,108,20441,1089,86066,2006,257142,1196,343208,California
San Joaquin,2021-06-05,2331,583480,1785,318139,495,244849,51,20492,1082,86047,1157,258299,1138,344346,California
San Joaquin,2021-06-06,1067,584547,856,318995,177,245026,34,20526,434,85901,614,258913,468,344814,California
San Joaquin,2021-06-07,2797,587344,2077,321072,679,245705,41,20567,982,85126,1808,260721,1033,345847,California
San Joaquin,2021-06-08,2732,590076,2070,323142,618,246323,44,20611,865,84184,1854,262575,912,346759,California
San Joaquin,2021-06-09,2821,592897,1957,325099,821,247144,43,20654,942,83311,1861,264436,988,347747,California
San Joaquin,2021-06-10,2615,595512,1900,326999,656,247800,59,20713,992,82746,1618,266054,1053,348800,California
San Joaquin,2021-06-11,2824,598336,1934,328933,782,248582,108,20821,956,81952,1859,267913,1065,349865,California
San Joaquin,2021-06-12,1797,600133,1341,330274,429,249011,27,20848,607,81411,1184,269097,643,350508,California
San Joaquin,2021-06-13,932,601065,711,330985,192,249203,29,20877,426,81366,502,269599,457,350965,California
San Joaquin,2021-06-14,2188,603253,1477,332462,639,249842,72,20949,974,81210,1204,270803,1048,352013,California
San Joaquin,2021-06-15,2237,605490,1491,333953,668,250510,78,21027,872,80812,1353,272156,955,352968,California
San Joaquin,2021-06-16,2459,607949,1702,335655,675,251185,82,21109,887,80224,1558,273714,970,353938,California
San Joaquin,2021-06-17,2365,610314,1629,337284,684,251869,52,21161,864,79653,1488,275202,917,354855,California
San Joaquin,2021-06-18,2574,612888,1646,338930,858,252727,70,21231,999,79156,1567,276769,1070,355925,California
San Joaquin,2021-06-19,635,613523,312,339242,99,252826,224,21455,163,79072,472,277241,388,356313,California
San Luis Obispo,2020-12-16,4,4,4,4,0,0,0,0,4,4,0,0,4,4,California
San Luis Obispo,2020-12-17,196,200,196,200,0,0,0,0,196,200,0,0,196,200,California
San Luis Obispo,2020-12-18,225,425,225,425,0,0,0,0,225,425,0,0,225,425,California
San Luis Obispo,2020-12-19,165,590,165,590,0,0,0,0,165,590,0,0,165,590,California
San Luis Obispo,2020-12-20,216,806,216,806,0,0,0,0,216,806,0,0,216,806,California
San Luis Obispo,2020-12-21,550,1356,549,1355,1,1,0,0,550,1356,0,0,550,1356,California
San Luis Obispo,2020-12-22,310,1666,306,1661,4,5,0,0,310,1666,0,0,310,1666,California
San Luis Obispo,2020-12-23,680,2346,366,2027,314,319,0,0,680,2346,0,0,680,2346,California
San Luis Obispo,2020-12-24,194,2540,19,2046,175,494,0,0,194,2540,0,0,194,2540,California
San Luis Obispo,2020-12-25,2,2542,1,2047,1,495,0,0,2,2542,0,0,2,2542,California
San Luis Obispo,2020-12-26,91,2633,13,2060,78,573,0,0,91,2633,0,0,91,2633,California
San Luis Obispo,2020-12-27,76,2709,0,2060,76,649,0,0,76,2709,0,0,76,2709,California
San Luis Obispo,2020-12-28,881,3590,432,2492,449,1098,0,0,881,3590,0,0,881,3590,California
San Luis Obispo,2020-12-29,904,4494,503,2995,401,1499,0,0,904,4494,0,0,904,4494,California
San Luis Obispo,2020-12-30,1173,5667,680,3675,493,1992,0,0,1173,5667,0,0,1173,5667,California
San Luis Obispo,2020-12-31,108,5775,4,3679,104,2096,0,0,108,5775,0,0,108,5775,California
San Luis Obispo,2021-01-01,16,5791,9,3688,7,2103,0,0,16,5791,0,0,16,5791,California
San Luis Obispo,2021-01-02,34,5825,8,3696,26,2129,0,0,34,5825,0,0,34,5825,California
San Luis Obispo,2021-01-03,17,5842,6,3702,11,2140,0,0,17,5842,0,0,17,5842,California
San Luis Obispo,2021-01-04,681,6523,524,4226,157,2297,0,0,681,6523,0,0,681,6523,California
San Luis Obispo,2021-01-05,975,7498,753,4979,222,2519,0,0,972,7492,3,3,972,7495,California
San Luis Obispo,2021-01-06,727,8225,480,5459,247,2766,0,0,719,8204,7,10,719,8214,California
San Luis Obispo,2021-01-07,1128,9353,950,6409,178,2944,0,0,684,8444,444,454,684,8898,California
San Luis Obispo,2021-01-08,882,10235,804,7213,78,3022,0,0,512,8587,369,823,512,9410,California
San Luis Obispo,2021-01-09,206,10441,196,7409,10,3032,0,0,28,8437,178,1001,28,9438,California
San Luis Obispo,2021-01-10,12,10453,8,7417,4,3036,0,0,8,8441,4,1005,8,9446,California
San Luis Obispo,2021-01-11,561,11014,510,7927,51,3087,0,0,299,8479,261,1266,299,9745,California
San Luis Obispo,2021-01-12,598,11612,382,8309,216,3303,0,0,318,8517,280,1546,318,10063,California
San Luis Obispo,2021-01-13,886,12498,258,8567,628,3931,0,0,649,8931,235,1781,649,10712,California
San Luis Obispo,2021-01-14,728,13226,239,8806,489,4420,0,0,606,9424,113,1894,606,11318,California
San Luis Obispo,2021-01-15,734,13960,292,9098,442,4862,0,0,555,9805,174,2068,555,11873,California
San Luis Obispo,2021-01-16,100,14060,81,9179,19,4881,0,0,94,9893,6,2074,94,11967,California
San Luis Obispo,2021-01-17,64,14124,57,9236,7,4888,0,0,64,9957,0,2074,64,12031,California
San Luis Obispo,2021-01-18,1372,15496,390,9626,982,5870,0,0,1107,10799,265,2339,1107,13138,California
San Luis Obispo,2021-01-19,1575,17071,415,10041,1160,7030,0,0,1168,11561,407,2746,1169,14307,California
San Luis Obispo,2021-01-20,1893,18964,602,10643,1291,8321,0,0,1300,12271,591,3337,1301,15608,California
San Luis Obispo,2021-01-21,1577,20541,471,11114,1106,9427,0,0,1205,13109,368,3705,1206,16814,California
San Luis Obispo,2021-01-22,1523,22064,508,11622,1015,10442,0,0,1207,14002,314,4019,1207,18021,California
San Luis Obispo,2021-01-23,316,22380,297,11919,19,10461,0,0,300,14286,16,4035,300,18321,California
San Luis Obispo,2021-01-24,251,22631,243,12162,8,10469,0,0,245,14525,6,4041,245,18566,California
San Luis Obispo,2021-01-25,2077,24708,602,12764,1475,11944,0,0,1247,14942,830,4871,1247,19813,California
San Luis Obispo,2021-01-26,2006,26714,701,13465,1305,13249,0,0,1142,15220,864,5735,1142,20955,California
San Luis Obispo,2021-01-27,1619,28333,292,13757,1327,14576,0,0,1162,15925,457,6192,1162,22117,California
San Luis Obispo,2021-01-28,1501,29834,343,14100,1158,15734,0,0,1235,16896,264,6456,1235,23352,California
San Luis Obispo,2021-01-29,1751,31585,688,14788,1063,16797,0,0,1463,18071,288,6744,1463,24815,California
San Luis Obispo,2021-01-30,39,31624,18,14806,21,16818,0,0,28,18089,10,6754,28,24843,California
San Luis Obispo,2021-01-31,29,31653,19,14825,10,16828,0,0,27,18114,2,6756,27,24870,California
San Luis Obispo,2021-02-01,1713,33366,743,15568,970,17798,0,0,1406,19214,306,7062,1406,26276,California
San Luis Obispo,2021-02-02,1901,35267,680,16248,1221,19019,0,0,1526,20366,375,7437,1527,27803,California
San Luis Obispo,2021-02-03,1719,36986,730,16978,989,20008,0,0,1303,21253,416,7853,1303,29106,California
San Luis Obispo,2021-02-04,1668,38654,803,17781,865,20873,0,0,1098,21781,570,8423,1098,30204,California
San Luis Obispo,2021-02-05,1608,40262,716,18497,892,21765,0,0,1063,22299,546,8969,1064,31268,California
San Luis Obispo,2021-02-06,177,40439,107,18604,70,21835,0,0,97,22316,80,9049,97,31365,California
San Luis Obispo,2021-02-07,124,40563,79,18683,45,21880,0,0,72,22337,52,9101,73,31438,California
San Luis Obispo,2021-02-08,863,41426,473,19156,390,22270,0,0,503,22481,359,9460,503,31941,California
San Luis Obispo,2021-02-09,1131,42557,451,19607,680,22950,0,0,547,22457,578,10038,554,32495,California
San Luis Obispo,2021-02-10,1444,44001,492,20099,952,23902,0,0,528,22074,914,10952,531,33026,California
San Luis Obispo,2021-02-11,1337,45338,849,20948,488,24390,0,0,658,22055,677,11629,658,33684,California
San Luis Obispo,2021-02-12,791,46129,368,21316,423,24813,0,0,419,22102,372,12001,419,34103,California
San Luis Obispo,2021-02-13,394,46523,131,21447,263,25076,0,0,286,22281,107,12108,286,34389,California
San Luis Obispo,2021-02-14,318,46841,41,21488,277,25353,0,0,282,22528,36,12144,283,34672,California
San Luis Obispo,2021-02-15,729,47570,140,21628,589,25942,0,0,475,22750,253,12397,475,35147,California
San Luis Obispo,2021-02-16,2971,50541,1197,22825,1774,27716,0,0,1363,22505,1608,14005,1363,36510,California
San Luis Obispo,2021-02-17,2786,53327,1251,24076,1535,29251,0,0,1028,21782,1751,15756,1028,37538,California
San Luis Obispo,2021-02-18,2824,56151,1460,25536,1364,30615,0,0,1132,21232,1683,17439,1133,38671,California
San Luis Obispo,2021-02-19,1469,57620,1348,26884,121,30736,0,0,1139,22043,328,17767,1139,39810,California
San Luis Obispo,2021-02-20,256,57876,81,26965,175,30911,0,0,218,22223,38,17805,218,40028,California
San Luis Obispo,2021-02-21,57,57933,53,27018,4,30915,0,0,32,22230,25,17830,32,40060,California
San Luis Obispo,2021-02-22,2423,60356,1873,28891,550,31465,0,0,1474,22757,948,18778,1475,41535,California
San Luis Obispo,2021-02-23,1861,62217,1746,30637,115,31580,0,0,1366,23630,494,19272,1367,42902,California
San Luis Obispo,2021-02-24,2642,64859,1299,31936,1343,32923,0,0,837,22665,1802,21074,837,43739,California
San Luis Obispo,2021-02-25,2138,66997,1245,33181,893,33816,0,0,1208,22950,924,21998,1209,44948,California
San Luis Obispo,2021-02-26,2656,69653,1152,34333,1504,35320,0,0,1330,22964,1316,23314,1330,46278,California
San Luis Obispo,2021-02-27,584,70237,354,34687,230,35550,0,0,530,23440,54,23368,530,46808,California
San Luis Obispo,2021-02-28,195,70432,67,34754,128,35678,0,0,161,23568,33,23401,161,46969,California
San Luis Obispo,2021-03-01,3015,73447,1883,36637,1130,36808,2,2,2081,24718,934,24335,2084,49053,California
San Luis Obispo,2021-03-02,3043,76490,1912,38549,1131,37939,0,2,1887,25455,1151,25486,1888,50941,California
San Luis Obispo,2021-03-03,2350,78840,344,38893,2006,39945,0,2,852,24817,1491,26977,853,51794,California
San Luis Obispo,2021-03-04,2202,81042,1164,40057,1038,40983,0,2,1186,24992,1013,27990,1188,52982,California
San Luis Obispo,2021-03-05,2308,83350,1024,41081,1214,42197,70,72,1299,25366,995,28985,1369,54351,California
San Luis Obispo,2021-03-06,843,84193,311,41392,424,42621,108,180,620,25865,223,29208,722,55073,California
San Luis Obispo,2021-03-07,201,84394,31,41423,85,42706,85,265,72,25894,128,29336,157,55230,California
San Luis Obispo,2021-03-08,2740,87134,758,42181,1667,44373,315,580,1544,26562,1191,30527,1859,57089,California
San Luis Obispo,2021-03-09,2955,90089,971,43152,1736,46109,248,828,1524,26908,1427,31954,1773,58862,California
San Luis Obispo,2021-03-10,3201,93290,1240,44392,1678,47787,283,1111,1815,27625,1381,33335,2098,60960,California
San Luis Obispo,2021-03-11,3298,96588,1272,45664,1704,49491,322,1433,1804,28267,1484,34819,2126,63086,California
San Luis Obispo,2021-03-12,3258,99846,1278,46942,1640,51131,340,1773,1622,28603,1630,36449,1966,65052,California
San Luis Obispo,2021-03-13,801,100647,263,47205,430,51561,108,1881,430,28771,370,36819,538,65590,California
San Luis Obispo,2021-03-14,514,101161,53,47258,351,51912,110,1991,134,28636,379,37198,244,65834,California
San Luis Obispo,2021-03-15,3063,104224,1104,48362,1861,53773,98,2089,1529,28735,1531,38729,1630,67464,California
San Luis Obispo,2021-03-16,2860,107084,1511,49873,1238,55011,111,2200,1438,28868,1415,40144,1548,69012,California
San Luis Obispo,2021-03-17,3457,110541,1448,51321,1746,56757,263,2463,2009,29702,1437,41581,2271,71283,California
San Luis Obispo,2021-03-18,2829,113370,1452,52773,1163,57920,214,2677,1353,29799,1469,43050,1566,72849,California
San Luis Obispo,2021-03-19,2602,115972,1573,54346,707,58627,322,2999,962,29453,1632,44682,1286,74135,California
San Luis Obispo,2021-03-20,841,116813,503,54849,301,58928,37,3036,386,29422,454,45136,423,74558,California
San Luis Obispo,2021-03-21,187,117000,45,54894,139,59067,3,3039,157,29553,29,45165,160,74718,California
San Luis Obispo,2021-03-22,2706,119706,1170,56064,1488,60555,48,3087,1872,30643,830,45995,1920,76638,California
San Luis Obispo,2021-03-23,3394,123100,2216,58280,1148,61703,30,3117,2274,31832,1115,47110,2304,78942,California
San Luis Obispo,2021-03-24,3577,126677,2188,60468,1303,63006,86,3203,2663,33672,908,48018,2748,81690,California
San Luis Obispo,2021-03-25,3704,130381,2322,62790,1370,64376,12,3215,2653,35289,1047,49065,2664,84354,California
San Luis Obispo,2021-03-26,3266,133647,1808,64598,1024,65400,434,3649,1830,36122,1431,50496,2264,86618,California
San Luis Obispo,2021-03-27,992,134639,504,65102,397,65797,91,3740,451,36125,539,51035,542,87160,California
San Luis Obispo,2021-03-28,449,135088,153,65255,240,66037,56,3796,248,36229,200,51235,304,87464,California
San Luis Obispo,2021-03-29,2631,137719,1323,66578,1175,67212,133,3929,1684,37115,932,52167,1818,89282,California
San Luis Obispo,2021-03-30,3530,141249,1938,68516,1451,68663,141,4070,2343,38418,1180,53347,2483,91765,California
San Luis Obispo,2021-03-31,3895,145144,2480,70996,1268,69931,147,4217,2510,39700,1374,54721,2656,94421,California
San Luis Obispo,2021-04-01,3899,149043,2469,73465,1312,71243,118,4335,2722,41375,1163,55884,2838,97259,California
San Luis Obispo,2021-04-02,1750,150793,684,74149,751,71994,315,4650,948,41835,800,56684,1260,98519,California
San Luis Obispo,2021-04-03,1113,151906,556,74705,430,72424,127,4777,493,41839,616,57300,620,99139,California
San Luis Obispo,2021-04-04,391,152297,135,74840,216,72640,40,4817,242,41972,149,57449,282,99421,California
San Luis Obispo,2021-04-05,3609,155906,1934,76774,1564,74204,111,4928,2011,42499,1594,59043,2121,101542,California
San Luis Obispo,2021-04-06,4063,159969,2162,78936,1575,75779,326,5254,1940,42649,2115,61158,2265,103807,California
San Luis Obispo,2021-04-07,4312,164281,2351,81287,1595,77374,366,5620,2464,43643,1833,62991,2827,106634,California
San Luis Obispo,2021-04-08,4074,168355,2221,83508,1446,78820,407,6027,2169,44324,1896,64887,2577,109211,California
San Luis Obispo,2021-04-09,3691,172046,1757,85265,1174,79994,760,6787,1513,44424,2167,67054,2267,111478,California
San Luis Obispo,2021-04-10,1599,173645,571,85836,357,80351,671,7458,497,44488,1101,68155,1165,112643,California
San Luis Obispo,2021-04-11,314,173959,61,85897,186,80537,67,7525,123,44489,189,68344,190,112833,California
San Luis Obispo,2021-04-12,3420,177379,1717,87614,1540,82077,163,7688,1422,44076,1997,70341,1584,114417,California
San Luis Obispo,2021-04-13,3694,181073,2139,89753,1554,83631,1,7689,1983,44356,1707,72048,1987,116404,California
San Luis Obispo,2021-04-14,3590,184663,2040,91793,1545,85176,5,7694,1772,44331,1802,73850,1777,118181,California
San Luis Obispo,2021-04-15,3763,188426,2452,94245,1310,86486,1,7695,2018,44632,1726,75576,2027,120208,California
San Luis Obispo,2021-04-16,3697,192123,2255,96500,1438,87924,4,7699,1785,44522,1903,77479,1793,122001,California
San Luis Obispo,2021-04-17,1094,193217,432,96932,660,88584,2,7701,710,44851,383,77862,712,122713,California
San Luis Obispo,2021-04-18,323,193540,100,97032,222,88806,1,7702,114,44759,206,78068,114,122827,California
San Luis Obispo,2021-04-19,3206,196746,1354,98386,1814,90620,38,7740,1098,43798,2104,80172,1143,123970,California
San Luis Obispo,2021-04-20,3636,200382,2020,100406,1616,92236,0,7740,1331,42837,2295,82467,1334,125304,California
San Luis Obispo,2021-04-21,3987,204369,1835,102241,2152,94388,0,7740,1584,42042,2383,84850,1588,126892,California
San Luis Obispo,2021-04-22,4596,208965,2070,104311,2526,96914,0,7740,1415,40295,3164,88014,1417,128309,California
San Luis Obispo,2021-04-23,1409,210374,820,105131,585,97499,4,7744,700,40295,705,88719,705,129014,California
San Luis Obispo,2021-04-24,1084,211458,440,105571,625,98124,19,7763,509,40241,582,89301,528,129542,California
San Luis Obispo,2021-04-25,348,211806,162,105733,186,98310,0,7763,112,40120,233,89534,112,129654,California
San Luis Obispo,2021-04-26,1082,212888,396,106129,669,98979,17,7780,395,39856,675,90209,411,130065,California
San Luis Obispo,2021-04-27,3928,216816,1989,108118,1859,100838,80,7860,1544,39103,2376,92585,1623,131688,California
San Luis Obispo,2021-04-28,3814,220630,2102,110220,1640,102478,72,7932,1363,38099,2439,95024,1435,133123,California
San Luis Obispo,2021-04-29,3721,224351,2123,112343,1532,104010,66,7998,1253,36967,2452,97476,1320,134443,California
San Luis Obispo,2021-04-30,2987,227338,1672,114015,1241,105251,74,8072,925,35920,2044,99520,997,135440,California
San Luis Obispo,2021-05-01,472,227810,162,114177,275,105526,35,8107,99,35684,369,99889,133,135573,California
San Luis Obispo,2021-05-02,173,227983,53,114230,100,105626,20,8127,43,35617,130,100019,63,135636,California
San Luis Obispo,2021-05-03,896,228879,288,114518,498,106124,110,8237,226,35283,668,100687,334,135970,California
San Luis Obispo,2021-05-04,2954,231833,1907,116425,976,107100,71,8308,872,34149,2075,102762,941,136911,California
San Luis Obispo,2021-05-05,2821,234654,1862,118287,893,107993,66,8374,684,32775,2125,104887,751,137662,California
San Luis Obispo,2021-05-06,2831,237485,1909,120196,859,108852,63,8437,724,31472,2090,106977,787,138449,California
San Luis Obispo,2021-05-07,2343,239828,1765,121961,511,109363,67,8504,610,30438,1712,108689,678,139127,California
San Luis Obispo,2021-05-08,567,240395,332,122293,211,109574,24,8528,192,30297,357,109046,216,139343,California
San Luis Obispo,2021-05-09,163,240558,40,122333,104,109678,19,8547,45,30244,117,109163,64,139407,California
San Luis Obispo,2021-05-10,727,241285,155,122488,521,110199,51,8598,153,29877,569,109732,202,139609,California
San Luis Obispo,2021-05-11,1188,242473,596,123084,517,110716,75,8673,362,29494,820,110552,437,140046,California
San Luis Obispo,2021-05-12,2433,244906,1604,124688,746,111462,83,8756,672,28504,1745,112297,755,140801,California
San Luis Obispo,2021-05-13,1144,246050,714,125402,368,111830,62,8818,476,28378,663,112960,537,141338,California
San Luis Obispo,2021-05-14,2242,248292,1637,127039,554,112384,51,8869,927,28059,1296,114256,977,142315,California
San Luis Obispo,2021-05-15,986,249278,454,127493,498,112882,34,8903,463,28036,521,114777,498,142813,California
San Luis Obispo,2021-05-16,306,249584,164,127657,136,113018,6,8909,173,28083,132,114909,179,142992,California
San Luis Obispo,2021-05-17,1687,251271,976,128633,651,113669,60,8969,668,27801,1010,115919,728,143720,California
San Luis Obispo,2021-05-18,1899,253170,1161,129794,708,114377,30,8999,727,27393,1166,117085,758,144478,California
San Luis Obispo,2021-05-19,1452,254622,625,130419,765,115142,62,9061,410,26828,1036,118121,471,144949,California
San Luis Obispo,2021-05-20,1140,255762,504,130923,599,115741,37,9098,341,26418,788,118909,378,145327,California
San Luis Obispo,2021-05-21,1080,256842,574,131497,465,116206,41,9139,509,26407,561,119470,550,145877,California
San Luis Obispo,2021-05-22,669,257511,325,131822,322,116528,22,9161,331,26429,331,119801,353,146230,California
San Luis Obispo,2021-05-23,146,257657,68,131890,72,116600,6,9167,51,26392,94,119895,57,146287,California
San Luis Obispo,2021-05-24,565,258222,265,132155,266,116866,34,9201,204,26271,359,120254,238,146525,California
San Luis Obispo,2021-05-25,877,259099,433,132588,417,117283,27,9228,351,26130,518,120772,377,146902,California
San Luis Obispo,2021-05-26,2145,261244,992,133580,1098,118381,55,9283,671,25387,1468,122240,725,147627,California
San Luis Obispo,2021-05-27,1874,263118,662,134242,1179,119560,33,9316,483,24516,1386,123626,515,148142,California
San Luis Obispo,2021-05-28,883,264001,452,134694,410,119970,21,9337,464,24584,417,124043,485,148627,California
San Luis Obispo,2021-05-29,374,264375,150,134844,213,120183,11,9348,211,24645,162,124205,223,148850,California
San Luis Obispo,2021-05-30,88,264463,35,134879,45,120228,8,9356,34,24633,53,124258,41,148891,California
San Luis Obispo,2021-05-31,42,264505,5,134884,23,120251,14,9370,16,24637,25,124283,29,148920,California
San Luis Obispo,2021-06-01,751,265256,326,135210,394,120645,31,9401,270,24461,477,124760,301,149221,California
San Luis Obispo,2021-06-02,632,265888,287,135497,304,120949,41,9442,186,24247,440,125200,226,149447,California
San Luis Obispo,2021-06-03,917,266805,453,135950,432,121381,32,9474,253,23871,661,125861,285,149732,California
San Luis Obispo,2021-06-04,2470,269275,1520,137470,910,122291,40,9514,701,22853,1757,127618,739,150471,California
San Luis Obispo,2021-06-05,659,269934,286,137756,352,122643,21,9535,322,22859,337,127955,343,150814,California
San Luis Obispo,2021-06-06,185,270119,132,137888,44,122687,9,9544,46,22775,139,128094,55,150869,California
San Luis Obispo,2021-06-07,549,270668,358,138246,150,122837,41,9585,156,22581,391,128485,197,151066,California
San Luis Obispo,2021-06-08,784,271452,526,138772,217,123054,41,9626,245,22332,535,129020,286,151352,California
San Luis Obispo,2021-06-09,621,272073,353,139125,237,123291,31,9657,188,22120,431,129451,219,151571,California
San Luis Obispo,2021-06-10,758,272831,366,139491,353,123644,39,9696,236,21875,520,129971,275,151846,California
San Luis Obispo,2021-06-11,927,273758,541,140032,350,123994,36,9732,345,21679,578,130549,382,152228,California
San Luis Obispo,2021-06-12,391,274149,267,140299,121,124115,3,9735,167,21626,223,130772,170,152398,California
San Luis Obispo,2021-06-13,159,274308,91,140390,65,124180,3,9738,42,21554,117,130889,45,152443,California
San Luis Obispo,2021-06-14,458,274766,302,140692,125,124305,31,9769,133,21394,322,131211,162,152605,California
San Luis Obispo,2021-06-15,640,275406,397,141089,205,124510,38,9807,238,21271,398,131609,275,152880,California
San Luis Obispo,2021-06-16,596,276002,361,141450,206,124716,29,9836,181,21071,409,132018,209,153089,California
San Luis Obispo,2021-06-17,595,276597,338,141788,230,124946,27,9863,192,20888,402,132420,219,153308,California
San Luis Obispo,2021-06-18,524,277121,277,142065,212,125158,35,9898,184,20770,336,132756,218,153526,California
San Luis Obispo,2021-06-19,53,277174,29,142094,15,125173,9,9907,16,20759,36,132792,25,153551,California
San Mateo,2020-12-15,27,27,27,27,0,0,0,0,27,27,0,0,27,27,California
San Mateo,2020-12-16,110,137,110,137,0,0,0,0,110,137,0,0,110,137,California
San Mateo,2020-12-17,172,309,172,309,0,0,0,0,172,309,0,0,172,309,California
San Mateo,2020-12-18,772,1081,770,1079,2,2,0,0,772,1081,0,0,772,1081,California
San Mateo,2020-12-19,504,1585,504,1583,0,2,0,0,504,1585,0,0,504,1585,California
San Mateo,2020-12-20,505,2090,504,2087,1,3,0,0,505,2090,0,0,505,2090,California
San Mateo,2020-12-21,1137,3227,1136,3223,1,4,0,0,1137,3227,0,0,1137,3227,California
San Mateo,2020-12-22,1516,4743,1508,4731,8,12,0,0,1515,4742,0,0,1515,4742,California
San Mateo,2020-12-23,1557,6300,1369,6100,188,200,0,0,1557,6299,0,0,1557,6299,California
San Mateo,2020-12-24,863,7163,610,6710,253,453,0,0,863,7162,0,0,863,7162,California
San Mateo,2020-12-25,117,7280,114,6824,3,456,0,0,117,7279,0,0,117,7279,California
San Mateo,2020-12-26,559,7839,416,7240,143,599,0,0,559,7838,0,0,559,7838,California
San Mateo,2020-12-27,308,8147,177,7417,131,730,0,0,308,8146,0,0,308,8146,California
San Mateo,2020-12-28,1048,9195,706,8123,342,1072,0,0,1048,9194,0,0,1048,9194,California
San Mateo,2020-12-29,1132,10327,715,8838,417,1489,0,0,1132,10326,0,0,1132,10326,California
San Mateo,2020-12-30,1262,11589,762,9600,500,1989,0,0,1262,11588,0,0,1262,11588,California
San Mateo,2020-12-31,710,12299,231,9831,479,2468,0,0,709,12296,1,1,709,12297,California
San Mateo,2021-01-01,112,12411,76,9907,36,2504,0,0,112,12408,0,1,112,12409,California
San Mateo,2021-01-02,396,12807,269,10176,127,2631,0,0,396,12804,0,1,396,12805,California
San Mateo,2021-01-03,286,13093,211,10387,75,2706,0,0,283,13084,3,4,283,13088,California
San Mateo,2021-01-04,1045,14138,674,11061,371,3077,0,0,1045,14129,0,4,1045,14133,California
San Mateo,2021-01-05,1212,15350,715,11776,497,3574,0,0,1180,15278,32,36,1181,15314,California
San Mateo,2021-01-06,1453,16803,956,12732,497,4071,0,0,1263,16355,187,223,1264,16578,California
San Mateo,2021-01-07,1457,18260,817,13549,640,4711,0,0,1149,17203,301,524,1149,17727,California
San Mateo,2021-01-08,1857,20117,1206,14755,651,5362,0,0,1147,17646,704,1228,1147,18874,California
San Mateo,2021-01-09,1170,21287,772,15527,398,5760,0,0,714,17904,456,1684,714,19588,California
San Mateo,2021-01-10,703,21990,577,16104,126,5886,0,0,262,17725,441,2125,262,19850,California
San Mateo,2021-01-11,2597,24587,1490,17594,1107,6993,0,0,1534,18197,1064,3189,1536,21386,California
San Mateo,2021-01-12,3444,28031,1931,19525,1513,8506,0,0,2221,19209,1213,4402,2225,23611,California
San Mateo,2021-01-13,3410,31441,1665,21190,1745,10251,0,0,2365,20531,1045,5447,2367,25978,California
San Mateo,2021-01-14,3794,35235,1607,22797,2187,12438,0,0,3097,22936,697,6144,3102,29080,California
San Mateo,2021-01-15,4344,39579,1735,24532,2609,15047,0,0,3794,26191,548,6692,3803,32883,California
San Mateo,2021-01-16,3094,42673,771,25303,2323,17370,0,0,2763,28625,330,7022,2764,35647,California
San Mateo,2021-01-17,1310,43983,309,25612,1001,18371,0,0,1101,29517,209,7231,1101,36748,California
San Mateo,2021-01-18,1356,45339,534,26146,822,19193,0,0,978,30120,375,7606,978,37726,California
San Mateo,2021-01-19,2798,48137,1793,27939,1005,20198,0,0,1995,31315,800,8406,1995,39721,California
San Mateo,2021-01-20,2797,50934,1546,29485,1251,21449,0,0,1951,32424,843,9249,1952,41673,California
San Mateo,2021-01-21,2857,53791,1293,30778,1564,23013,0,0,2271,34114,584,9833,2274,43947,California
San Mateo,2021-01-22,2817,56608,1147,31925,1670,24683,0,0,2522,36346,293,10126,2525,46472,California
San Mateo,2021-01-23,2871,59479,1675,33600,1196,25879,0,0,2509,38494,362,10488,2510,48982,California
San Mateo,2021-01-24,1508,60987,377,33977,1131,27010,0,0,1198,39384,309,10797,1199,50181,California
San Mateo,2021-01-25,4394,65381,3133,37110,1261,28271,0,0,3496,41989,895,11692,3500,53681,California
San Mateo,2021-01-26,4323,69704,3008,40118,1315,29586,0,0,3390,44452,931,12623,3394,57075,California
San Mateo,2021-01-27,2810,72514,1478,41596,1332,30918,0,0,1799,45247,1005,13628,1800,58875,California
San Mateo,2021-01-28,2803,75317,1359,42955,1444,32362,0,0,1946,46350,843,14471,1946,60821,California
San Mateo,2021-01-29,3009,78326,1369,44324,1640,34002,0,0,2154,47654,852,15323,2156,62977,California
San Mateo,2021-01-30,3488,81814,1489,45813,1999,36001,0,0,3030,50228,457,15780,3031,66008,California
San Mateo,2021-01-31,1674,83488,894,46707,780,36781,0,0,1513,51581,160,15940,1513,67521,California
San Mateo,2021-02-01,2929,86417,1357,48064,1572,38353,0,0,2208,53073,717,16657,2209,69730,California
San Mateo,2021-02-02,3203,89620,1730,49794,1473,39826,0,0,2171,54217,1028,17685,2172,71902,California
San Mateo,2021-02-03,5001,94621,2059,51853,2942,42768,0,0,3858,56936,1140,18825,3859,75761,California
San Mateo,2021-02-04,6185,100806,2507,54360,3678,46446,0,0,4905,60570,1275,20100,4909,80670,California
San Mateo,2021-02-05,6773,107579,2542,56902,4231,50677,0,0,4951,63717,1804,21904,4951,85621,California
San Mateo,2021-02-06,3268,110847,1912,58814,1356,52033,0,0,2609,65671,657,22561,2611,88232,California
San Mateo,2021-02-07,1888,112735,1346,60160,542,52575,0,0,1700,67183,188,22749,1700,89932,California
San Mateo,2021-02-08,5281,118016,2264,62424,3017,55592,0,0,3109,68184,2108,24857,3109,93041,California
San Mateo,2021-02-09,6151,124167,3206,65630,2945,58537,0,0,3317,68673,2828,27685,3317,96358,California
San Mateo,2021-02-10,6526,130693,3282,68912,3244,61781,0,0,3430,69018,3085,30770,3430,99788,California
San Mateo,2021-02-11,7041,137734,3579,72491,3462,65243,0,0,3795,69578,3237,34007,3797,103585,California
San Mateo,2021-02-12,6630,144364,2989,75480,3641,68884,0,0,4701,72357,1924,35931,4703,108288,California
San Mateo,2021-02-13,6108,150472,4030,79510,2078,70962,0,0,2634,71522,3469,39400,2634,110922,California
San Mateo,2021-02-14,4638,155110,3033,82543,1605,72567,0,0,1979,70849,2653,42053,1980,112902,California
San Mateo,2021-02-15,3126,158236,1440,83983,1686,74253,0,0,1763,71256,1357,43410,1764,114666,California
San Mateo,2021-02-16,7127,165363,1882,85865,5245,79498,0,0,5262,74657,1863,45273,5264,119930,California
San Mateo,2021-02-17,7055,172418,1936,87801,5119,84617,0,0,5028,77667,2020,47293,5030,124960,California
San Mateo,2021-02-18,6650,179068,4590,92391,2060,86677,0,0,4417,79858,2229,49522,4420,129380,California
San Mateo,2021-02-19,7789,186857,5599,97990,2190,88867,0,0,5768,83612,2014,51536,5768,135148,California
San Mateo,2021-02-20,3782,190639,2423,100413,1359,90226,0,0,2347,84531,1428,52964,2347,137495,California
San Mateo,2021-02-21,2620,193259,1783,102196,837,91063,0,0,1565,85049,1048,54012,1566,139061,California
San Mateo,2021-02-22,4449,197708,3241,105437,1208,92271,0,0,2817,86241,1626,55638,2818,141879,California
San Mateo,2021-02-23,4340,202048,3122,108559,1218,93489,0,0,2534,86978,1797,57435,2534,144413,California
San Mateo,2021-02-24,7361,209409,3313,111872,4048,97537,0,0,4890,89408,2462,59897,4892,149305,California
San Mateo,2021-02-25,9283,218692,4132,116004,5151,102688,0,0,6125,92393,3141,63038,6126,155431,California
San Mateo,2021-02-26,10005,228697,3857,119861,6148,108836,0,0,6939,96285,3051,66089,6943,162374,California
San Mateo,2021-02-27,6959,235656,3555,123416,3404,112240,0,0,3732,96804,3220,69309,3739,166113,California
San Mateo,2021-02-28,4434,240090,2742,126158,1692,113932,0,0,2663,97705,1763,71072,2664,168777,California
San Mateo,2021-03-01,5994,246084,3789,129947,2202,116134,3,3,2963,97657,3016,74088,2968,171745,California
San Mateo,2021-03-02,6207,252291,4417,134364,1789,117923,1,4,3568,98596,2631,76719,3570,175315,California
San Mateo,2021-03-03,8474,260765,3990,138354,4482,122405,2,6,3653,97443,4808,81527,3655,178970,California
San Mateo,2021-03-04,8511,269276,4003,142357,4505,126910,3,9,3827,96612,4663,86190,3832,182802,California
San Mateo,2021-03-05,9345,278621,6241,148598,3100,130010,4,13,6547,100388,2777,88967,6553,189355,California
San Mateo,2021-03-06,7967,286588,5560,154158,2232,132242,175,188,5843,104292,2113,91080,6017,195372,California
San Mateo,2021-03-07,3572,290160,2441,156599,1061,133303,70,258,2101,104998,1467,92547,2173,197545,California
San Mateo,2021-03-08,4498,294658,2550,159149,1730,135033,218,476,3289,107301,1202,93749,3505,201050,California
San Mateo,2021-03-09,5394,300052,2850,161999,2269,137302,275,751,3803,109797,1579,95328,4075,205125,California
San Mateo,2021-03-10,7200,307252,2908,164907,4006,141308,286,1037,4813,112523,2371,97699,5097,210222,California
San Mateo,2021-03-11,9100,316352,5727,170634,2983,144291,390,1427,3698,111237,5370,103069,4084,214306,California
San Mateo,2021-03-12,10569,326921,6683,177317,3501,147792,385,1812,3571,108214,6978,110047,3955,218261,California
San Mateo,2021-03-13,8223,335144,3490,180807,3099,150891,1634,3446,3986,109601,4224,114271,5611,223872,California
San Mateo,2021-03-14,4984,340128,3376,184183,1504,152395,104,3550,2645,110019,2331,116602,2749,226621,California
San Mateo,2021-03-15,7159,347287,4629,188812,2354,154749,176,3726,3746,110536,3406,120008,3923,230544,California
San Mateo,2021-03-16,11936,359223,4380,193192,7434,162183,122,3848,4787,108317,7130,127138,4911,235455,California
San Mateo,2021-03-17,10857,370080,4415,197607,6297,168480,145,3993,4860,107356,5967,133105,5006,240461,California
San Mateo,2021-03-18,7254,377334,4084,201691,2984,171464,186,4179,4282,108859,2964,136069,4467,244928,California
San Mateo,2021-03-19,7447,384781,4830,206521,1944,173408,673,4852,3559,109214,3877,139946,4232,249160,California
San Mateo,2021-03-20,8485,393266,6555,213076,1595,175003,335,5187,5424,111929,3043,142989,5758,254918,California
San Mateo,2021-03-21,4230,397496,3221,216297,782,175785,227,5414,2270,112474,1949,144938,2494,257412,California
San Mateo,2021-03-22,5243,402739,3582,219879,1243,177028,418,5832,2743,113150,2484,147422,3160,260572,California
San Mateo,2021-03-23,9798,412537,4481,224360,5124,182152,193,6025,4379,112334,5388,152810,4572,265144,California
San Mateo,2021-03-24,9493,422030,5467,229827,3883,186035,143,6168,4049,111152,5371,158181,4189,269333,California
San Mateo,2021-03-25,10150,432180,4952,234779,4891,190926,307,6475,4400,110217,5645,163826,4710,274043,California
San Mateo,2021-03-26,11267,443447,7771,242550,3328,194254,168,6643,4281,107723,6944,170770,4450,278493,California
San Mateo,2021-03-27,10615,454062,8153,250703,2358,196612,104,6747,4718,106666,5878,176648,4821,283314,California
San Mateo,2021-03-28,4252,458314,2766,253469,1376,197988,110,6857,1984,106504,2258,178906,2096,285410,California
San Mateo,2021-03-29,6025,464339,3750,257219,2021,200009,254,7111,2681,106115,3324,182230,2935,288345,California
San Mateo,2021-03-30,7150,471489,4069,261288,2928,202937,153,7264,3841,106817,3292,185522,3994,292339,California
San Mateo,2021-03-31,7271,478760,4590,265878,2537,205474,144,7408,3810,107328,3443,188965,3954,296293,California
San Mateo,2021-04-01,10613,489373,5245,271123,4161,209635,1207,8615,5707,109380,4857,193822,6909,303202,California
San Mateo,2021-04-02,10882,500255,5187,276310,4036,213671,1659,10274,5665,111501,5195,199017,7316,310518,California
San Mateo,2021-04-03,10022,510277,5720,282030,2467,216138,1835,12109,5078,113479,4935,203952,6913,317431,California
San Mateo,2021-04-04,5435,515712,2617,284647,1565,217703,1253,13362,1694,112698,3725,207677,2944,320375,California
San Mateo,2021-04-05,8941,524653,4762,289409,2452,220155,1727,15089,3821,113140,5102,212779,5544,325919,California
San Mateo,2021-04-06,13290,537943,8243,297652,3190,223345,1857,16946,7516,116760,5758,218537,9378,335297,California
San Mateo,2021-04-07,11382,549325,5243,302895,4452,227797,1687,18633,4824,116726,6537,225074,6503,341800,California
San Mateo,2021-04-08,10172,559497,5038,307933,2530,230327,2604,21237,4508,118180,5645,230719,7099,348899,California
San Mateo,2021-04-09,11354,570851,5537,313470,3337,233664,2480,23717,5098,119497,6253,236972,7570,356469,California
San Mateo,2021-04-10,11352,582203,5751,319221,4152,237816,1449,25166,4686,118993,6635,243607,6131,362600,California
San Mateo,2021-04-11,6682,588885,3297,322518,872,238688,2513,27679,2314,119453,4361,247968,4821,367421,California
San Mateo,2021-04-12,7331,596216,4460,326978,1892,240580,979,28658,3550,120218,3760,251728,4525,371946,California
San Mateo,2021-04-13,8241,604457,5130,332108,3100,243680,11,28669,4389,120780,3840,255568,4402,376348,California
San Mateo,2021-04-14,8395,612852,5453,337561,2941,246621,1,28670,4334,121079,4043,259611,4342,380690,California
San Mateo,2021-04-15,11245,624097,7468,345029,3775,250396,2,28672,7403,124672,3815,263426,7408,388098,California
San Mateo,2021-04-16,10025,634122,6920,351949,3089,253485,16,28688,6383,127464,3619,267045,6411,394509,California
San Mateo,2021-04-17,9892,644014,6576,358525,3314,256799,2,28690,6178,129962,3704,270749,6202,400711,California
San Mateo,2021-04-18,5491,649505,2628,361153,2863,259662,0,28690,3702,131896,1775,272524,3709,404420,California
San Mateo,2021-04-19,8370,657875,5453,366606,2917,262579,0,28690,5459,134471,2896,275420,5471,409891,California
San Mateo,2021-04-20,10343,668218,5776,372382,4566,267145,1,28691,6667,137503,3654,279074,6686,416577,California
San Mateo,2021-04-21,9035,677253,6104,378486,2929,270074,2,28693,5589,139675,3424,282498,5596,422173,California
San Mateo,2021-04-22,9688,686941,6491,384977,3196,273270,1,28694,5386,140800,4269,286767,5394,427567,California
San Mateo,2021-04-23,9480,696421,6259,391236,3221,276491,0,28694,5346,142054,4108,290875,5362,432929,California
San Mateo,2021-04-24,11305,707726,8045,399281,3260,279751,0,28694,5842,142465,5439,296314,5850,438779,California
San Mateo,2021-04-25,5539,713265,3847,403128,1690,281441,2,28696,3957,144865,1566,297880,3966,442745,California
San Mateo,2021-04-26,6649,719914,4802,407930,1839,283280,8,28704,3886,146022,2750,300630,3907,446652,California
San Mateo,2021-04-27,11364,731278,7991,415921,3218,286498,155,28859,4643,144136,6688,307318,4802,451454,California
San Mateo,2021-04-28,7867,739145,4490,420411,3172,289670,205,29064,4217,144926,3636,310954,4426,455880,California
San Mateo,2021-04-29,8100,747245,3748,424159,4180,293850,172,29236,3667,144373,4404,315358,3851,459731,California
San Mateo,2021-04-30,8052,755297,5060,429219,2839,296689,153,29389,3416,143349,4610,319968,3586,463317,California
San Mateo,2021-05-01,6167,761464,4130,433349,1919,298608,118,29507,2691,142712,3457,323425,2820,466137,California
San Mateo,2021-05-02,3187,764651,1741,435090,1376,299984,70,29577,1157,141922,2022,325447,1232,467369,California
San Mateo,2021-05-03,6015,770666,4485,439575,1386,301370,144,29721,1838,139736,4169,329616,1983,469352,California
San Mateo,2021-05-04,7337,778003,4997,444572,2168,303538,172,29893,2490,137576,4833,334449,2673,472025,California
San Mateo,2021-05-05,6906,784909,4526,449098,2222,305760,158,30051,2389,135640,4486,338935,2550,474575,California
San Mateo,2021-05-06,8654,793563,6758,455856,1720,307480,176,30227,1747,130679,6887,345822,1926,476501,California
San Mateo,2021-05-07,8208,801771,5865,461721,2056,309536,287,30514,1830,126455,6353,352175,2129,478630,California
San Mateo,2021-05-08,6643,808414,4010,465731,2393,311929,240,30754,1847,123763,4783,356958,2091,480721,California
San Mateo,2021-05-09,3136,811550,2437,468168,625,312554,74,30828,1061,122834,2065,359023,1136,481857,California
San Mateo,2021-05-10,4630,816180,3331,471499,1128,313682,171,30999,757,119907,3863,362886,936,482793,California
San Mateo,2021-05-11,6738,822918,5044,476543,1565,315247,129,31128,1743,116799,4982,367868,1874,484667,California
San Mateo,2021-05-12,6934,829852,5047,481590,1672,316919,215,31343,1799,113695,5120,372988,2016,486683,California
San Mateo,2021-05-13,9640,839492,7212,488802,2332,319251,96,31439,3570,111337,6037,379025,3679,490362,California
San Mateo,2021-05-14,8403,847895,6232,495034,2058,321309,113,31552,2715,108501,5671,384696,2835,493197,California
San Mateo,2021-05-15,10410,858305,8119,503153,2190,323499,101,31653,4566,107358,5831,390527,4688,497885,California
San Mateo,2021-05-16,7169,865474,5094,508247,2006,325505,69,31722,2187,104652,4963,395490,2257,500142,California
San Mateo,2021-05-17,7080,872554,5012,513259,1958,327463,110,31832,2151,102003,4914,400404,2265,502407,California
San Mateo,2021-05-18,8469,881023,5853,519112,2519,329982,97,31929,3113,99990,5229,405633,3216,505623,California
San Mateo,2021-05-19,7892,888915,5906,525018,1864,331846,122,32051,3708,99686,4136,409769,3832,509455,California
San Mateo,2021-05-20,5636,894551,3467,528485,2034,333880,135,32186,2265,98741,3347,413116,2402,511857,California
San Mateo,2021-05-21,6997,901548,4767,533252,2086,335966,144,32330,2047,96003,4929,418045,2191,514048,California
San Mateo,2021-05-22,6372,907920,4335,537587,1969,337935,68,32398,2635,94991,3717,421762,2705,516753,California
San Mateo,2021-05-23,3007,910927,1661,539248,1257,339192,89,32487,1164,94414,1831,423593,1254,518007,California
San Mateo,2021-05-24,3465,914392,2246,541494,1070,340262,149,32636,1126,93366,2321,425914,1273,519280,California
San Mateo,2021-05-25,4766,919158,3003,544497,1584,341846,179,32815,1596,91996,3148,429062,1778,521058,California
San Mateo,2021-05-26,5695,924853,3063,547560,2514,344360,118,32933,1807,90053,3868,432930,1925,522983,California
San Mateo,2021-05-27,3775,928628,2198,549758,1477,345837,100,33033,1244,88888,2506,435436,1341,524324,California
San Mateo,2021-05-28,3480,932108,2187,551945,1208,347045,85,33118,1325,88182,2115,437551,1409,525733,California
San Mateo,2021-05-29,3220,935328,2286,554231,882,347927,52,33170,1311,87661,1883,439434,1362,527095,California
San Mateo,2021-05-30,1634,936962,1098,555329,475,348402,61,33231,646,87389,979,440413,707,527802,California
San Mateo,2021-05-31,442,937404,277,555606,156,348558,9,33240,164,87286,276,440689,173,527975,California
San Mateo,2021-06-01,3320,940724,1969,557575,1254,349812,97,33337,1048,86171,2259,442948,1144,529119,California
San Mateo,2021-06-02,2771,943495,1839,559414,854,350666,78,33415,1122,85735,1634,444582,1198,530317,California
San Mateo,2021-06-03,3822,947317,3006,562420,702,351368,114,33529,886,83808,2923,447505,996,531313,California
San Mateo,2021-06-04,4168,951485,3221,565641,851,352219,96,33625,1240,82222,2909,450414,1323,532636,California
San Mateo,2021-06-05,5161,956646,4520,570161,543,352762,98,33723,1106,79401,4025,454439,1204,533840,California
San Mateo,2021-06-06,2500,959146,2061,572222,378,353140,61,33784,552,78083,1927,456366,609,534449,California
San Mateo,2021-06-07,3108,962254,2605,574827,420,353560,83,33867,790,76643,2311,458677,871,535320,California
San Mateo,2021-06-08,4079,966333,3445,578272,530,354090,104,33971,1008,74719,3037,461714,1113,536433,California
San Mateo,2021-06-09,4143,970476,3566,581838,507,354597,70,34041,628,71912,3503,465217,696,537129,California
San Mateo,2021-06-10,2973,973449,2407,584245,450,355047,116,34157,778,70624,2182,467399,894,538023,California
San Mateo,2021-06-11,2836,976285,2282,586527,442,355489,112,34269,917,69743,1910,469309,1029,539052,California
San Mateo,2021-06-12,3155,979440,2817,589344,258,355747,80,34349,774,68229,2368,471677,854,539906,California
San Mateo,2021-06-13,1426,980866,1077,590421,287,356034,62,34411,362,67601,1052,472729,424,540330,California
San Mateo,2021-06-14,2411,983277,2084,592505,245,356279,82,34493,778,66859,1602,474331,860,541190,California
San Mateo,2021-06-15,2251,985528,1791,594296,340,356619,120,34613,685,66116,1548,475879,805,541995,California
San Mateo,2021-06-16,2406,987934,1996,596292,258,356877,152,34765,692,65285,1670,477549,839,542834,California
San Mateo,2021-06-17,1945,989879,1614,597906,248,357125,83,34848,693,64861,1201,478750,777,543611,California
San Mateo,2021-06-18,2023,991902,1683,599589,262,357387,78,34926,565,64061,1440,480190,640,544251,California
San Mateo,2021-06-19,1084,992986,971,600560,63,357450,50,34976,337,63704,743,480933,386,544637,California
Santa Barbara,2020-12-15,2,2,2,2,0,0,0,0,2,2,0,0,2,2,California
Santa Barbara,2020-12-16,2,4,2,4,0,0,0,0,2,4,0,0,2,4,California
Santa Barbara,2020-12-17,56,60,56,60,0,0,0,0,56,60,0,0,56,60,California
Santa Barbara,2020-12-18,380,440,379,439,1,1,0,0,380,440,0,0,380,440,California
Santa Barbara,2020-12-19,325,765,325,764,0,1,0,0,325,765,0,0,325,765,California
Santa Barbara,2020-12-20,235,1000,235,999,0,1,0,0,235,1000,0,0,235,1000,California
Santa Barbara,2020-12-21,653,1653,651,1650,2,3,0,0,653,1653,0,0,653,1653,California
Santa Barbara,2020-12-22,246,1899,244,1894,2,5,0,0,246,1899,0,0,246,1899,California
Santa Barbara,2020-12-23,324,2223,206,2100,118,123,0,0,324,2223,0,0,324,2223,California
Santa Barbara,2020-12-24,88,2311,40,2140,48,171,0,0,88,2311,0,0,88,2311,California
Santa Barbara,2020-12-26,325,2636,66,2206,259,430,0,0,325,2636,0,0,325,2636,California
Santa Barbara,2020-12-27,62,2698,1,2207,61,491,0,0,62,2698,0,0,62,2698,California
Santa Barbara,2020-12-28,357,3055,224,2431,133,624,0,0,357,3055,0,0,357,3055,California
Santa Barbara,2020-12-29,562,3617,359,2790,203,827,0,0,562,3617,0,0,562,3617,California
Santa Barbara,2020-12-30,581,4198,398,3188,183,1010,0,0,581,4198,0,0,581,4198,California
Santa Barbara,2020-12-31,242,4440,115,3303,127,1137,0,0,242,4440,0,0,242,4440,California
Santa Barbara,2021-01-01,117,4557,111,3414,6,1143,0,0,117,4557,0,0,117,4557,California
Santa Barbara,2021-01-02,599,5156,233,3647,366,1509,0,0,599,5156,0,0,599,5156,California
Santa Barbara,2021-01-03,23,5179,15,3662,8,1517,0,0,23,5179,0,0,23,5179,California
Santa Barbara,2021-01-04,305,5484,242,3904,63,1580,0,0,304,5483,0,0,304,5483,California
Santa Barbara,2021-01-05,754,6238,380,4284,374,1954,0,0,726,6181,28,28,726,6209,California
Santa Barbara,2021-01-06,657,6895,277,4561,380,2334,0,0,596,6717,60,88,596,6805,California
Santa Barbara,2021-01-07,1032,7927,709,5270,323,2657,0,0,528,6745,500,588,528,7333,California
Santa Barbara,2021-01-08,1203,9130,846,6116,357,3014,0,0,709,6960,494,1082,709,8042,California
Santa Barbara,2021-01-09,565,9695,293,6409,272,3286,0,0,319,7033,246,1328,319,8361,California
Santa Barbara,2021-01-10,64,9759,51,6460,13,3299,0,0,47,7063,17,1345,47,8408,California
Santa Barbara,2021-01-11,842,10601,674,7134,168,3467,0,0,616,7454,225,1570,616,9024,California
Santa Barbara,2021-01-12,1441,12042,646,7780,795,4262,0,0,1282,8577,159,1729,1282,10306,California
Santa Barbara,2021-01-13,1220,13262,269,8049,951,5213,0,0,1094,9545,126,1855,1094,11400,California
Santa Barbara,2021-01-14,1258,14520,138,8187,1120,6333,0,0,1203,10695,54,1909,1204,12604,California
Santa Barbara,2021-01-15,1814,16334,429,8616,1385,7718,0,0,1731,12345,81,1990,1731,14335,California
Santa Barbara,2021-01-16,1281,17615,203,8819,1078,8796,0,0,1241,13547,39,2029,1241,15576,California
Santa Barbara,2021-01-17,126,17741,23,8842,103,8899,0,0,123,13667,3,2032,123,15699,California
Santa Barbara,2021-01-18,1156,18897,420,9262,736,9635,0,0,970,14451,186,2218,970,16669,California
Santa Barbara,2021-01-19,1646,20543,572,9834,1074,10709,0,0,1365,15538,278,2496,1365,18034,California
Santa Barbara,2021-01-20,2115,22658,550,10384,1565,12274,0,0,1759,16942,355,2851,1759,19793,California
Santa Barbara,2021-01-21,3209,25867,1925,12309,1284,13558,0,0,3049,19832,160,3011,3050,22843,California
Santa Barbara,2021-01-22,2937,28804,1782,14091,1155,14713,0,0,2774,22447,160,3171,2775,25618,California
Santa Barbara,2021-01-23,1730,30534,1099,15190,631,15344,0,0,1213,23144,516,3687,1213,26831,California
Santa Barbara,2021-01-24,843,31377,751,15941,92,15436,0,0,833,23967,10,3697,833,27664,California
Santa Barbara,2021-01-25,1240,32617,495,16436,745,16181,0,0,1005,24737,235,3932,1005,28669,California
Santa Barbara,2021-01-26,2091,34708,506,16942,1585,17766,0,0,1707,26062,382,4314,1707,30376,California
Santa Barbara,2021-01-27,1173,35881,404,17346,769,18535,0,0,911,26714,261,4575,913,31289,California
Santa Barbara,2021-01-28,897,36778,298,17644,599,19134,0,0,683,27186,211,4786,683,31972,California
Santa Barbara,2021-01-29,1351,38129,531,18175,820,19954,0,0,988,27817,359,5145,990,32962,California
Santa Barbara,2021-01-30,1912,40041,1423,19598,489,20443,0,0,1495,28898,414,5559,1495,34457,California
Santa Barbara,2021-01-31,1458,41499,1218,20816,240,20683,0,0,1419,30278,39,5598,1419,35876,California
Santa Barbara,2021-02-01,958,42457,531,21347,427,21110,0,0,559,30438,399,5997,559,36435,California
Santa Barbara,2021-02-02,1813,44270,682,22029,1131,22241,0,0,1043,30714,768,6765,1044,37479,California
Santa Barbara,2021-02-03,1953,46223,1080,23109,873,23114,0,0,1511,31794,431,7196,1511,38990,California
Santa Barbara,2021-02-04,2786,49009,1869,24978,917,24031,0,0,2488,33990,292,7488,2488,41478,California
Santa Barbara,2021-02-05,2906,51915,2062,27040,844,24875,0,0,2259,35604,645,8133,2259,43737,California
Santa Barbara,2021-02-06,1202,53117,339,27379,863,25738,0,0,793,35988,409,8542,793,44530,California
Santa Barbara,2021-02-07,309,53426,267,27646,42,25780,0,0,271,36222,37,8579,271,44801,California
Santa Barbara,2021-02-08,956,54382,310,27956,646,26426,0,0,667,36600,289,8868,667,45468,California
Santa Barbara,2021-02-09,2435,56817,313,28269,2122,28548,0,0,1116,36406,1310,10178,1116,46584,California
Santa Barbara,2021-02-10,2762,59579,1495,29764,1267,29815,0,0,775,35203,1979,12157,776,47360,California
Santa Barbara,2021-02-11,4200,63779,2817,32581,1383,31198,0,0,632,32279,3556,15713,632,47992,California
Santa Barbara,2021-02-12,3309,67088,950,33531,2359,33557,0,0,777,30530,2526,18239,777,48769,California
Santa Barbara,2021-02-13,1232,68320,339,33870,893,34450,0,0,561,30422,669,18908,561,49330,California
Santa Barbara,2021-02-14,339,68659,43,33913,296,34746,0,0,290,30664,49,18957,291,49621,California
Santa Barbara,2021-02-15,971,69630,340,34253,631,35377,0,0,495,30687,473,19430,496,50117,California
Santa Barbara,2021-02-16,2163,71793,447,34700,1716,37093,0,0,726,29980,1433,20863,726,50843,California
Santa Barbara,2021-02-17,1441,73234,322,35022,1119,38212,0,0,521,29588,916,21779,524,51367,California
Santa Barbara,2021-02-18,3263,76497,2657,37679,606,38818,0,0,1525,29412,1702,23481,1526,52893,California
Santa Barbara,2021-02-19,3583,80080,2632,40311,951,39769,0,0,2319,30471,1261,24742,2320,55213,California
Santa Barbara,2021-02-20,2232,82312,1447,41758,785,40554,0,0,1671,31591,551,25293,1671,56884,California
Santa Barbara,2021-02-21,139,82451,110,41868,29,40583,0,0,62,31578,75,25368,62,56946,California
Santa Barbara,2021-02-22,933,83384,243,42111,690,41273,0,0,270,31187,661,26029,270,57216,California
Santa Barbara,2021-02-23,3198,86582,1050,43161,2148,43421,0,0,424,28842,2770,28799,425,57641,California
Santa Barbara,2021-02-24,3222,89804,1101,44262,2121,45542,0,0,721,27071,2492,31291,721,58362,California
Santa Barbara,2021-02-25,3468,93272,1923,46185,1545,47087,0,0,995,25605,2465,33756,999,59361,California
Santa Barbara,2021-02-26,3671,96943,2179,48364,1492,48579,0,0,1973,25889,1690,35446,1974,61335,California
Santa Barbara,2021-02-27,1541,98484,563,48927,978,49557,0,0,860,26077,677,36123,865,62200,California
Santa Barbara,2021-02-28,1087,99571,223,49150,864,50421,0,0,894,26786,187,36310,896,63096,California
Santa Barbara,2021-03-01,1658,101229,479,49629,1177,51598,2,2,1098,27344,543,36853,1101,64197,California
Santa Barbara,2021-03-02,2664,103893,422,50051,2242,53840,0,2,2161,29017,490,37343,2163,66360,California
Santa Barbara,2021-03-03,4641,108534,2103,52154,2536,56376,2,4,4041,32475,590,37933,4048,70408,California
Santa Barbara,2021-03-04,3437,111971,2288,54442,1149,57525,0,4,2874,34797,554,38487,2876,73284,California
Santa Barbara,2021-03-05,3825,115796,2167,56609,1599,59124,59,63,3094,37225,726,39213,3154,76438,California
Santa Barbara,2021-03-06,2436,118232,730,57339,1487,60611,219,282,1671,38352,760,39973,1887,78325,California
Santa Barbara,2021-03-07,567,118799,124,57463,312,60923,131,413,385,38688,181,40154,517,78842,California
Santa Barbara,2021-03-08,1578,120377,378,57841,857,61780,343,756,794,39047,778,40932,1137,79979,California
Santa Barbara,2021-03-09,2808,123185,350,58191,1684,63464,774,1530,741,38495,2064,42996,1512,81491,California
Santa Barbara,2021-03-10,2776,125961,556,58747,1165,64629,1055,2585,1048,38874,1723,44719,2102,83593,California
Santa Barbara,2021-03-11,5593,131554,3038,61785,1437,66066,1118,3703,2280,38966,3299,48018,3391,86984,California
Santa Barbara,2021-03-12,3696,135250,2105,63890,1159,67225,432,4135,2186,40079,1502,49520,2615,89599,California
Santa Barbara,2021-03-13,3500,138750,1939,65829,1353,68578,208,4343,2699,42188,798,50318,2907,92506,California
Santa Barbara,2021-03-14,809,139559,394,66223,360,68938,55,4398,487,42411,321,50639,544,93050,California
Santa Barbara,2021-03-15,2117,141676,697,66920,1128,70066,292,4690,1269,43130,840,51479,1559,94609,California
Santa Barbara,2021-03-16,3735,145411,1181,68101,2212,72278,342,5032,2742,45227,988,52467,3085,97694,California
Santa Barbara,2021-03-17,3327,148738,980,69081,1943,74221,404,5436,2334,46971,990,53457,2734,100428,California
Santa Barbara,2021-03-18,5234,153972,2800,71881,2232,76453,202,5638,4008,49971,1210,54667,4210,104638,California
Santa Barbara,2021-03-19,4447,158419,2771,74652,1343,77796,333,5971,3055,51970,1388,56055,3387,108025,California
Santa Barbara,2021-03-20,2188,160607,839,75491,1332,79128,17,5988,1335,52474,850,56905,1354,109379,California
Santa Barbara,2021-03-21,1172,161779,385,75876,756,79884,31,6019,842,53021,327,57232,874,110253,California
Santa Barbara,2021-03-22,2783,164562,1919,77795,820,80704,44,6063,2223,54738,551,57783,2268,112521,California
Santa Barbara,2021-03-23,4484,169046,2260,80055,2123,82827,101,6164,3710,57784,764,58547,3810,116331,California
Santa Barbara,2021-03-24,5425,174471,3155,83210,1514,84341,756,6920,2971,59076,2431,60978,3723,120054,California
Santa Barbara,2021-03-25,5568,180039,3273,86483,2101,86442,194,7114,2786,59291,2765,63743,2980,123034,California
Santa Barbara,2021-03-26,5098,185137,3230,89713,1568,88010,300,7414,2247,59006,2833,66576,2548,125582,California
Santa Barbara,2021-03-27,2964,188101,1227,90940,1694,89704,43,7457,1626,59339,1334,67910,1667,127249,California
Santa Barbara,2021-03-28,2784,190885,1659,92599,1097,90801,28,7485,1895,60378,885,68795,1924,129173,California
Santa Barbara,2021-03-29,4042,194927,2085,94684,1887,92688,70,7555,3231,62872,807,69602,3301,132474,California
Santa Barbara,2021-03-30,6807,201734,3511,98195,3145,95833,151,7706,4539,65306,2253,71855,4687,137161,California
Santa Barbara,2021-03-31,8705,210439,5542,103737,3097,98930,66,7772,5058,66805,3625,75480,5124,142285,California
Santa Barbara,2021-04-01,7064,217503,5222,108959,1581,100511,261,8033,4183,68388,2860,78340,4443,146728,California
Santa Barbara,2021-04-02,6660,224163,4569,113528,1497,102008,594,8627,3431,69191,3221,81561,4024,150752,California
Santa Barbara,2021-04-03,3815,227978,2115,115643,1632,103640,68,8695,2520,70489,1289,82850,2587,153339,California
Santa Barbara,2021-04-04,902,228880,444,116087,418,104058,40,8735,500,70629,400,83250,540,153879,California
Santa Barbara,2021-04-05,3471,232351,2296,118383,917,104975,258,8993,2175,71775,1287,84537,2433,156312,California
Santa Barbara,2021-04-06,5496,237847,2835,121218,2122,107097,539,9532,3366,73564,2114,86651,3903,160215,California
Santa Barbara,2021-04-07,6035,243882,3296,124514,2196,109293,543,10075,4094,76268,1932,88583,4636,164851,California
Santa Barbara,2021-04-08,7428,251310,5053,129567,646,109939,1729,11804,3433,77439,3988,92571,5159,170010,California
Santa Barbara,2021-04-09,7350,258660,4886,134453,1097,111036,1367,13171,3315,78090,4025,96596,4676,174686,California
Santa Barbara,2021-04-10,6733,265393,4673,139126,1445,112481,615,13786,4587,81154,2137,98733,5201,179887,California
Santa Barbara,2021-04-11,2687,268080,1972,141098,412,112893,303,14089,1861,82493,820,99553,2159,182046,California
Santa Barbara,2021-04-12,4425,272505,2849,143947,1022,113915,554,14643,1917,82462,2501,102054,2470,184516,California
Santa Barbara,2021-04-13,6395,278900,4196,148143,2193,116108,6,14649,2662,81401,3728,105782,2667,187183,California
Santa Barbara,2021-04-14,6828,285728,4436,152579,2390,118498,2,14651,4255,83101,2562,108344,4262,191445,California
Santa Barbara,2021-04-15,7033,292761,4129,156708,2903,121401,1,14652,3821,83728,3199,111543,3826,195271,California
Santa Barbara,2021-04-16,6442,299203,3792,160500,2639,124040,11,14663,4439,86193,1985,113528,4450,199721,California
Santa Barbara,2021-04-17,5366,304569,3896,164396,1470,125510,0,14663,4136,89118,1216,114744,4141,203862,California
Santa Barbara,2021-04-18,2174,306743,1513,165909,661,126171,0,14663,380,87724,1789,116533,395,204257,California
Santa Barbara,2021-04-19,3259,310002,2250,168159,1003,127174,6,14669,1038,86561,2215,118748,1052,205309,California
Santa Barbara,2021-04-20,5896,315898,3960,172119,1935,129109,1,14670,1666,84018,4214,122962,1671,206980,California
Santa Barbara,2021-04-21,5488,321386,3639,175758,1849,130958,0,14670,1740,82026,3734,126696,1742,208722,California
Santa Barbara,2021-04-22,5092,326478,2552,178310,2539,133497,1,14671,1454,79861,3622,130318,1457,210179,California
Santa Barbara,2021-04-23,5585,332063,3877,182187,1708,135205,0,14671,1962,78214,3609,133927,1962,212141,California
Santa Barbara,2021-04-24,4433,336496,2879,185066,1549,136754,5,14676,1636,77078,2778,136705,1642,213783,California
Santa Barbara,2021-04-25,1840,338336,1187,186253,653,137407,0,14676,498,76243,1333,138038,498,214281,California
Santa Barbara,2021-04-26,3248,341584,1978,188231,1249,138656,21,14697,560,74144,2681,140719,582,214863,California
Santa Barbara,2021-04-27,3970,345554,2172,190403,1695,140351,103,14800,1175,72637,2785,143504,1278,216141,California
Santa Barbara,2021-04-28,4921,350475,2868,193271,1936,142287,117,14917,1400,70652,3506,147010,1521,217662,California
Santa Barbara,2021-04-29,5258,355733,3804,197075,1227,143514,227,15144,1441,68517,3801,150811,1666,219328,California
Santa Barbara,2021-04-30,4953,360686,3700,200775,1089,144603,164,15308,1408,66559,3529,154340,1571,220899,California
Santa Barbara,2021-05-01,5271,365957,4079,204854,1158,145761,34,15342,894,63127,4362,158702,930,221829,California
Santa Barbara,2021-05-02,1135,367092,667,205521,340,146101,128,15470,308,62737,826,159528,436,222265,California
Santa Barbara,2021-05-03,2203,369295,1476,206997,588,146689,139,15609,439,61556,1757,161285,576,222841,California
Santa Barbara,2021-05-04,3298,372593,1671,208668,1555,148244,72,15681,1149,60640,2136,163421,1220,224061,California
Santa Barbara,2021-05-05,5439,378032,3676,212344,1616,149860,147,15828,622,56607,4804,168225,771,224832,California
Santa Barbara,2021-05-06,5056,383088,3916,216260,1036,150896,104,15932,963,53598,4076,172301,1067,225899,California
Santa Barbara,2021-05-07,4677,387765,3663,219923,834,151730,180,16112,1000,51112,3663,175964,1177,227076,California
Santa Barbara,2021-05-08,4249,392014,3165,223088,986,152716,98,16210,887,48749,3349,179313,986,228062,California
Santa Barbara,2021-05-09,700,392714,111,223199,549,153265,40,16250,466,49023,233,179546,507,228569,California
Santa Barbara,2021-05-10,1325,394039,628,223827,614,153879,83,16333,365,48512,958,180504,447,229016,California
Santa Barbara,2021-05-11,1876,395915,789,224616,793,154672,294,16627,428,47791,1440,181944,719,229735,California
Santa Barbara,2021-05-12,1660,397575,738,225354,698,155370,224,16851,480,47323,1172,183116,704,230439,California
Santa Barbara,2021-05-13,3733,401308,2786,228140,751,156121,196,17047,1235,46267,2487,185603,1431,231870,California
Santa Barbara,2021-05-14,4140,405448,2521,230661,1525,157646,94,17141,1626,45487,2499,188102,1719,233589,California
Santa Barbara,2021-05-15,3523,408971,2567,233228,937,158583,19,17160,1843,45681,1669,189771,1863,235452,California
Santa Barbara,2021-05-16,1067,410038,466,233694,486,159069,115,17275,470,45674,592,190363,585,236037,California
Santa Barbara,2021-05-17,1642,411680,935,234629,644,159713,63,17338,868,45836,768,191131,930,236967,California
Santa Barbara,2021-05-18,1843,413523,1162,235791,585,160298,96,17434,969,46044,858,191989,1066,238033,California
Santa Barbara,2021-05-19,1766,415289,974,236765,752,161050,40,17474,821,45967,937,192926,860,238893,California
Santa Barbara,2021-05-20,1721,417010,942,237707,660,161710,119,17593,866,46109,843,193769,985,239878,California
Santa Barbara,2021-05-21,3465,420475,2344,240051,1067,162777,54,17647,1275,45264,2175,195944,1330,241208,California
Santa Barbara,2021-05-22,2470,422945,1709,241760,717,163494,44,17691,1395,45637,1067,197011,1440,242648,California
Santa Barbara,2021-05-23,750,423695,327,242087,393,163887,30,17721,410,45738,339,197350,440,243088,California
Santa Barbara,2021-05-24,1001,424696,586,242673,352,164239,63,17784,482,45768,515,197865,545,243633,California
Santa Barbara,2021-05-25,1401,426097,568,243241,764,165003,69,17853,459,45360,936,198801,528,244161,California
Santa Barbara,2021-05-26,3011,429108,1712,244953,1178,166181,121,17974,836,44156,2160,200961,956,245117,California
Santa Barbara,2021-05-27,1953,431061,1210,246163,600,166781,143,18117,825,44004,1121,202082,969,246086,California
Santa Barbara,2021-05-28,1511,432572,705,246868,654,167435,152,18269,621,43891,887,202969,774,246860,California
Santa Barbara,2021-05-29,898,433470,315,247183,546,167981,37,18306,367,43767,528,203497,404,247264,California
Santa Barbara,2021-05-30,499,433969,179,247362,223,168204,97,18403,186,43738,311,203808,282,247546,California
Santa Barbara,2021-05-31,95,434064,43,247405,42,168246,10,18413,23,43699,71,203879,32,247578,California
Santa Barbara,2021-06-01,1127,435191,592,247997,477,168723,58,18471,462,43559,660,204539,520,248098,California
Santa Barbara,2021-06-02,982,436173,586,248583,313,169036,83,18554,433,43529,545,205084,515,248613,California
Santa Barbara,2021-06-03,2055,438228,1546,250129,453,169489,56,18610,617,42769,1432,206516,672,249285,California
Santa Barbara,2021-06-04,1454,439682,665,250794,648,170137,141,18751,485,42432,960,207476,623,249908,California
Santa Barbara,2021-06-05,2917,442599,2212,253006,653,170790,52,18803,499,40576,2406,209882,550,250458,California
Santa Barbara,2021-06-06,904,443503,476,253482,409,171199,19,18822,254,40202,647,210529,273,250731,California
Santa Barbara,2021-06-07,1160,444663,830,254312,282,171481,48,18870,303,39698,855,211384,351,251082,California
Santa Barbara,2021-06-08,1106,445769,714,255026,360,171841,32,18902,294,39216,807,212191,325,251407,California
Santa Barbara,2021-06-09,1024,446793,695,255721,245,172086,84,18986,337,38953,684,212875,421,251828,California
Santa Barbara,2021-06-10,2381,449174,2070,257791,239,172325,72,19058,530,37707,1848,214723,602,252430,California
Santa Barbara,2021-06-11,1303,450477,605,258396,594,172919,104,19162,394,37302,903,215626,498,252928,California
Santa Barbara,2021-06-12,879,451356,593,258989,263,173182,23,19185,230,36913,641,216267,252,253180,California
Santa Barbara,2021-06-13,481,451837,293,259282,91,173273,97,19282,124,36779,355,216622,221,253401,California
Santa Barbara,2021-06-14,1257,453094,857,260139,323,173596,77,19359,340,36288,908,217530,417,253818,California
Santa Barbara,2021-06-15,1129,454223,752,260891,342,173938,35,19394,396,35993,726,218256,431,254249,California
Santa Barbara,2021-06-16,924,455147,645,261536,232,174170,47,19441,349,35818,569,218825,394,254643,California
Santa Barbara,2021-06-17,1856,457003,1533,263069,236,174406,87,19528,611,35274,1241,220066,697,255340,California
Santa Barbara,2021-06-18,1092,458095,709,263778,288,174694,95,19623,364,35009,724,220790,459,255799,California
Santa Barbara,2021-06-19,158,458253,90,263868,55,174749,13,19636,94,35053,63,220853,107,255906,California
Santa Clara,2020-12-15,69,69,69,69,0,0,0,0,69,69,0,0,69,69,California
Santa Clara,2020-12-16,154,223,154,223,0,0,0,0,154,223,0,0,154,223,California
Santa Clara,2020-12-17,411,634,411,634,0,0,0,0,411,634,0,0,411,634,California
Santa Clara,2020-12-18,1766,2400,1766,2400,0,0,0,0,1766,2400,0,0,1766,2400,California
Santa Clara,2020-12-19,2095,4495,2095,4495,0,0,0,0,2094,4494,0,0,2094,4494,California
Santa Clara,2020-12-20,1904,6399,1903,6398,1,1,0,0,1901,6395,0,0,1901,6395,California
Santa Clara,2020-12-21,2675,9074,2675,9073,0,1,0,0,2673,9067,1,1,2673,9068,California
Santa Clara,2020-12-22,3128,12202,3121,12194,7,8,0,0,3124,12191,0,1,3124,12192,California
Santa Clara,2020-12-23,3294,15496,3099,15293,195,203,0,0,3293,15484,0,1,3293,15485,California
Santa Clara,2020-12-24,1901,17397,1706,16999,195,398,0,0,1895,17377,2,3,1895,17380,California
Santa Clara,2020-12-25,349,17746,348,17347,1,399,0,0,349,17726,0,3,349,17729,California
Santa Clara,2020-12-26,1280,19026,1042,18389,238,637,0,0,1279,19005,0,3,1279,19008,California
Santa Clara,2020-12-27,652,19678,509,18898,143,780,0,0,652,19657,0,3,652,19660,California
Santa Clara,2020-12-28,2362,22040,1742,20640,620,1400,0,0,2362,22019,0,3,2362,22022,California
Santa Clara,2020-12-29,2379,24419,1506,22146,873,2273,0,0,2378,24397,0,3,2378,24400,California
Santa Clara,2020-12-30,3014,27433,1901,24047,1113,3386,0,0,3012,27407,2,5,3012,27412,California
Santa Clara,2020-12-31,1234,28667,393,24440,841,4227,0,0,1233,28639,1,6,1233,28645,California
Santa Clara,2021-01-01,149,28816,13,24453,136,4363,0,0,148,28786,1,7,148,28793,California
Santa Clara,2021-01-02,1102,29918,825,25278,277,4640,0,0,1102,29888,0,7,1102,29895,California
Santa Clara,2021-01-03,586,30504,368,25646,218,4858,0,0,581,30466,3,10,581,30476,California
Santa Clara,2021-01-04,2493,32997,1683,27329,810,5668,0,0,2490,32956,0,10,2490,32966,California
Santa Clara,2021-01-05,3107,36104,2035,29364,1072,6740,0,0,2913,35682,193,203,2919,35885,California
Santa Clara,2021-01-06,3383,39487,2002,31366,1381,8121,0,0,2766,37838,612,815,2768,38653,California
Santa Clara,2021-01-07,4255,43742,2576,33942,1679,9800,0,0,3161,39922,1083,1898,3167,41820,California
Santa Clara,2021-01-08,5898,49640,3858,37800,2040,11840,0,0,3772,41575,2119,4017,3772,45592,California
Santa Clara,2021-01-09,3032,52672,1910,39710,1122,12962,0,0,1701,41951,1328,5345,1704,47296,California
Santa Clara,2021-01-10,1982,54654,1527,41237,455,13417,0,0,760,41490,1221,6566,760,48056,California
Santa Clara,2021-01-11,5991,60645,3785,45022,2206,15623,0,0,3395,42297,2593,9159,3400,51456,California
Santa Clara,2021-01-12,6899,67544,3491,48513,3408,19031,0,0,4569,44551,2316,11475,4570,56026,California
Santa Clara,2021-01-13,7492,75036,3135,51648,4357,23388,0,0,5239,47543,2249,13724,5241,61267,California
Santa Clara,2021-01-14,8347,83383,2876,54524,5471,28859,0,0,6536,52279,1803,15527,6539,67806,California
Santa Clara,2021-01-15,9619,93002,2783,57307,6836,35695,0,0,8212,59119,1403,16930,8243,76049,California
Santa Clara,2021-01-16,4365,97367,1259,58566,3106,38801,0,0,3505,61768,856,17786,3505,79554,California
Santa Clara,2021-01-17,3247,100614,609,59175,2638,41439,0,0,2744,64012,500,18286,2744,82298,California
Santa Clara,2021-01-18,5158,105772,1188,60363,3970,45409,0,0,4591,68038,567,18853,4593,86891,California
Santa Clara,2021-01-19,8554,114326,2704,63067,5850,51259,0,0,6856,73203,1695,20548,6860,93751,California
Santa Clara,2021-01-20,8179,122505,4165,67232,4014,55273,0,0,6617,78263,1557,22105,6617,100368,California
Santa Clara,2021-01-21,8817,131322,3831,71063,4986,60259,0,0,7591,84633,1224,23329,7594,107962,California
Santa Clara,2021-01-22,8711,140033,3256,74319,5455,65714,0,0,8130,92187,579,23908,8133,116095,California
Santa Clara,2021-01-23,3841,143874,1706,76025,2135,67849,0,0,2862,94071,979,24887,2863,118958,California
Santa Clara,2021-01-24,2860,146734,1426,77451,1434,69283,0,0,2371,95956,486,25373,2371,121329,California
Santa Clara,2021-01-25,8447,155181,3814,81265,4633,73916,0,0,6351,100221,2088,27461,6353,127682,California
Santa Clara,2021-01-26,8404,163585,3843,85108,4561,78477,0,0,6247,104323,2147,29608,6249,133931,California
Santa Clara,2021-01-27,8858,172443,3904,89012,4954,83431,0,0,6908,109301,1931,31539,6909,140840,California
Santa Clara,2021-01-28,9647,182090,3896,92908,5751,89182,0,0,7647,114974,1979,33518,7652,148492,California
Santa Clara,2021-01-29,9634,191724,3964,96872,5670,94852,0,0,7435,120223,2187,35705,7436,155928,California
Santa Clara,2021-01-30,4127,195851,2078,98950,2049,96901,0,0,2902,121908,1218,36923,2903,158831,California
Santa Clara,2021-01-31,2199,198050,1307,100257,892,97793,0,0,1598,122910,596,37519,1598,160429,California
Santa Clara,2021-02-01,7916,205966,3536,103793,4380,102173,0,0,6199,127402,1709,39228,6201,166630,California
Santa Clara,2021-02-02,8683,214649,2908,106701,5775,107948,0,0,6652,132036,2024,41252,6658,173288,California
Santa Clara,2021-02-03,9275,223924,3517,110218,5758,113706,0,0,6969,136714,2298,43550,6976,180264,California
Santa Clara,2021-02-04,11057,234981,4193,114411,6864,120570,0,0,8740,143151,2306,45856,8743,189007,California
Santa Clara,2021-02-05,12024,247005,4373,118784,7651,128221,0,0,8543,148228,3467,49323,8544,197551,California
Santa Clara,2021-02-06,5272,252277,2860,121644,2412,130633,0,0,4089,151139,1180,50503,4091,201642,California
Santa Clara,2021-02-07,3517,255794,2364,124008,1153,131786,0,0,3059,153742,457,50960,3060,204702,California
Santa Clara,2021-02-08,10119,265913,3547,127555,6572,138358,0,0,7387,158413,2718,53678,7389,212091,California
Santa Clara,2021-02-09,11251,277164,3849,131404,7402,145760,0,0,7726,162632,3511,57189,7730,219821,California
Santa Clara,2021-02-10,12738,289902,4974,136378,7764,153524,0,0,6878,163666,5848,63037,6882,226703,California
Santa Clara,2021-02-11,13689,303591,4800,141178,8889,162413,0,0,7775,165544,5899,68936,7777,234480,California
Santa Clara,2021-02-12,14684,318275,4508,145686,10176,172589,0,0,7043,164969,7620,76556,7045,241525,California
Santa Clara,2021-02-13,6135,324410,1479,147165,4656,177245,0,0,2240,163323,3888,80444,2242,243767,California
Santa Clara,2021-02-14,4651,329061,1158,148323,3493,180738,0,0,1495,161666,3154,83598,1497,245264,California
Santa Clara,2021-02-15,6319,335380,2805,151128,3514,184252,0,0,2733,160820,3579,87177,2733,247997,California
Santa Clara,2021-02-16,13914,349294,4066,155194,9848,194100,0,0,6973,160869,6926,94103,6975,254972,California
Santa Clara,2021-02-17,14171,363465,5547,160741,8624,202724,0,0,7068,160857,7086,101189,7074,262046,California
Santa Clara,2021-02-18,14391,377856,8505,169246,5886,208610,0,0,7320,161151,7030,108219,7324,269370,California
Santa Clara,2021-02-19,15024,392880,9629,178875,5395,214005,0,0,8755,163661,6252,114471,8762,278132,California
Santa Clara,2021-02-20,6975,399855,5223,184098,1752,215757,0,0,3757,164212,3207,117678,3758,281890,California
Santa Clara,2021-02-21,3416,403271,2526,186624,890,216647,0,0,1270,163347,2137,119815,1272,283162,California
Santa Clara,2021-02-22,10408,413679,6228,192852,4180,220827,0,0,4850,162652,5546,125361,4851,288013,California
Santa Clara,2021-02-23,12109,425788,7841,200693,4268,225095,0,0,6849,164260,5246,130607,6854,294867,California
Santa Clara,2021-02-24,14356,440144,9263,209956,5093,230188,0,0,8871,167663,5468,136075,8871,303738,California
Santa Clara,2021-02-25,15182,455326,9689,219645,5493,235681,0,0,8270,169059,6887,142962,8283,312021,California
Santa Clara,2021-02-26,15091,470417,8743,228388,6348,242029,0,0,8234,170470,6830,149792,8241,320262,California
Santa Clara,2021-02-27,8278,478695,5758,234146,2519,244548,1,1,4661,171533,3606,153398,4669,324931,California
Santa Clara,2021-02-28,5424,484119,3704,237850,1720,246268,0,1,2688,171497,2725,156123,2689,327620,California
Santa Clara,2021-03-01,14662,498781,8439,246289,6217,252485,6,7,9101,175063,5541,161664,9107,336727,California
Santa Clara,2021-03-02,16234,515015,9608,255897,6625,259110,1,8,10353,179562,5857,167521,10356,347083,California
Santa Clara,2021-03-03,18818,533833,9345,265242,9469,268579,4,12,11719,184227,7062,174583,11727,358810,California
Santa Clara,2021-03-04,16684,550517,9100,274342,7581,276160,3,15,9711,187054,6891,181474,9718,368528,California
Santa Clara,2021-03-05,16729,567246,9313,283655,7290,283450,126,141,9294,189067,7413,188887,9426,377954,California
Santa Clara,2021-03-06,9531,576777,6357,290012,2721,286171,453,594,7139,194279,2380,191267,7592,385546,California
Santa Clara,2021-03-07,6888,583665,4499,294511,2145,288316,244,838,5472,198587,1407,192674,5715,391261,California
Santa Clara,2021-03-08,13016,596681,6780,301291,5659,293975,577,1415,8357,202879,4641,197315,8933,400194,California
Santa Clara,2021-03-09,15311,611992,6568,307859,7403,301378,1340,2755,6848,202616,8444,205759,8181,408375,California
Santa Clara,2021-03-10,15227,627219,6643,314502,6458,307836,2126,4881,6251,202019,8948,214707,8351,416726,California
Santa Clara,2021-03-11,17204,644423,7820,322322,7871,315707,1513,6394,6109,198561,11065,225772,7607,424333,California
Santa Clara,2021-03-12,17848,662271,9153,331475,7116,322823,1579,7973,5993,194299,11811,237583,7549,431882,California
Santa Clara,2021-03-13,10826,673097,6273,337748,3049,325872,1504,9477,4777,194531,6025,243608,6257,438139,California
Santa Clara,2021-03-14,6577,679674,3402,341150,1862,327734,1313,10790,3181,195634,3379,246987,4482,442621,California
Santa Clara,2021-03-15,12921,692595,6599,347749,6043,333777,279,11069,5996,195010,6900,253887,6276,448897,California
Santa Clara,2021-03-16,18345,710940,10377,358126,7760,341537,208,11277,8875,194650,9442,263329,9082,457979,California
Santa Clara,2021-03-17,20124,731064,11412,369538,8543,350080,169,11446,10380,195501,9692,273021,10543,468522,California
Santa Clara,2021-03-18,19272,750336,9011,378549,9082,359162,1179,12625,9014,195485,10202,283223,10186,478708,California
Santa Clara,2021-03-19,19477,769813,10003,388552,8464,367626,1010,13635,9919,196907,9498,292721,10920,489628,California
Santa Clara,2021-03-20,11516,781329,6372,394924,4309,371935,835,14470,6680,199615,4805,297526,7513,497141,California
Santa Clara,2021-03-21,8385,789714,3802,398726,3176,375111,1407,15877,5350,203337,3021,300547,6743,503884,California
Santa Clara,2021-03-22,16476,806190,9215,407941,6905,382016,356,16233,9051,205341,7399,307946,9403,513287,California
Santa Clara,2021-03-23,19356,825546,12311,420252,6519,388535,526,16759,11112,208780,8195,316141,11634,524921,California
Santa Clara,2021-03-24,22739,848285,14656,434908,7665,396200,418,17177,14572,215647,8123,324264,14990,539911,California
Santa Clara,2021-03-25,23060,871345,13240,448148,8862,405062,958,18135,14795,223183,8200,332464,15736,555647,California
Santa Clara,2021-03-26,22084,893429,14046,462194,7646,412708,392,18527,13536,228594,8510,340974,13921,569568,California
Santa Clara,2021-03-27,15786,909215,10484,472678,4530,417238,772,19299,8427,230475,7313,348287,9194,578762,California
Santa Clara,2021-03-28,12149,921364,8419,481097,3014,420252,716,20015,6519,232102,5603,353890,7230,585992,California
Santa Clara,2021-03-29,20718,942082,12703,493800,7287,427539,728,20743,11175,234496,9501,363391,11895,597887,California
Santa Clara,2021-03-30,25838,967920,15346,509146,8532,436071,1960,22703,16232,243111,9562,372953,18177,616064,California
Santa Clara,2021-03-31,20640,988560,12004,521150,7503,443574,1133,23836,12623,248879,7972,380925,13740,629804,California
Santa Clara,2021-04-01,32007,1020567,19960,541110,8966,452540,3081,26917,20179,260349,11757,392682,23227,653031,California
Santa Clara,2021-04-02,25368,1045935,14495,555605,8735,461275,2138,29055,16601,270351,8722,401404,18724,671755,California
Santa Clara,2021-04-03,15367,1061302,9326,564931,3554,464829,2487,31542,8576,274629,6768,408172,11046,682801,California
Santa Clara,2021-04-04,7711,1069013,4080,569011,2454,467283,1177,32719,4003,276105,3697,411869,5173,687974,California
Santa Clara,2021-04-05,22054,1091067,14682,583693,4876,472159,2496,35215,14407,285376,7620,419489,16891,704865,California
Santa Clara,2021-04-06,29731,1120798,16415,600108,7814,479973,5502,40717,17888,296944,11792,431281,23360,728225,California
Santa Clara,2021-04-07,31112,1151910,16033,616141,8530,488503,6549,47266,18987,310373,12066,443347,25495,753720,California
Santa Clara,2021-04-08,30199,1182109,16514,632655,6023,494526,7662,54928,16454,320778,13670,457017,24075,777795,California
Santa Clara,2021-04-09,28297,1210406,13998,646653,6958,501484,7341,62269,14452,328750,13776,470793,21748,799543,California
Santa Clara,2021-04-10,21613,1232019,12501,659154,3773,505257,5339,67608,11576,335611,10001,480794,16862,816405,California
Santa Clara,2021-04-11,16101,1248120,9664,668818,2685,507942,3752,71360,8365,340003,7701,488495,12093,828498,California
Santa Clara,2021-04-12,27180,1275300,19090,687908,5613,513555,2477,73837,18506,352359,8612,497107,20968,849466,California
Santa Clara,2021-04-13,34549,1309849,27137,715045,7381,520936,31,73868,26601,371139,7872,504979,26652,876118,California
Santa Clara,2021-04-14,37094,1346943,28053,743098,9037,529973,4,73872,26314,386789,10710,515689,26360,902478,California
Santa Clara,2021-04-15,44614,1391557,34545,777643,10064,540037,5,73877,34413,411151,10087,525776,34449,936927,California
Santa Clara,2021-04-16,38732,1430289,26493,804136,12235,552272,4,73881,27764,428047,10897,536673,27793,964720,California
Santa Clara,2021-04-17,22083,1452372,15078,819214,7003,559275,2,73883,15196,436436,6828,543501,15217,979937,California
Santa Clara,2021-04-18,16561,1468933,10758,829972,5803,565078,0,73883,10347,440613,6184,549685,10361,990298,California
Santa Clara,2021-04-19,28948,1497881,20923,850895,8024,573102,1,73884,17324,446415,11554,561239,17356,1007654,California
Santa Clara,2021-04-20,37205,1535086,22589,873484,14614,587716,2,73886,22751,454873,14347,575586,22805,1030459,California
Santa Clara,2021-04-21,36916,1572002,21407,894891,15507,603223,2,73888,24394,466871,12432,588018,24430,1054889,California
Santa Clara,2021-04-22,37323,1609325,24884,919775,12438,615661,1,73889,17625,464963,19601,607619,17693,1072582,California
Santa Clara,2021-04-23,32169,1641494,19559,939334,12609,628270,1,73890,15062,463076,17004,624623,15117,1087699,California
Santa Clara,2021-04-24,21192,1662686,15514,954848,5677,633947,1,73891,11992,465976,9123,633746,12023,1099722,California
Santa Clara,2021-04-25,13648,1676334,9886,964734,3756,637703,6,73897,8692,469785,4913,638659,8722,1108444,California
Santa Clara,2021-04-26,25021,1701355,19288,984022,5674,643377,59,73956,10375,465694,14549,653208,10458,1118902,California
Santa Clara,2021-04-27,27585,1728940,19594,1003616,7608,650985,383,74339,12020,462668,15473,668681,12447,1131349,California
Santa Clara,2021-04-28,26059,1754999,19305,1022921,6315,657300,439,74778,11058,459306,14919,683600,11557,1142906,California
Santa Clara,2021-04-29,23968,1778967,17550,1040471,6020,663320,398,75176,8980,453840,14912,698512,9446,1152352,California
Santa Clara,2021-04-30,23079,1802046,15794,1056265,6920,670240,365,75541,9778,450848,13213,711725,10221,1162573,California
Santa Clara,2021-05-01,17515,1819561,14548,1070813,2706,672946,261,75802,5469,444625,11996,723721,5773,1168346,California
Santa Clara,2021-05-02,11314,1830875,9389,1080202,1693,674639,232,76034,3486,440581,7784,731505,3740,1172086,California
Santa Clara,2021-05-03,22878,1853753,19410,1099612,3035,677674,433,76467,5135,428519,17665,749170,5603,1177689,California
Santa Clara,2021-05-04,30530,1884283,23855,1123467,6131,683805,544,77011,5480,409638,24950,774120,6069,1183758,California
Santa Clara,2021-05-05,32138,1916421,24374,1147841,7217,691022,547,77558,5418,389003,26625,800745,5990,1189748,California
Santa Clara,2021-05-06,35441,1951862,29538,1177379,5429,696451,474,78032,4685,363559,30625,831370,5181,1194929,California
Santa Clara,2021-05-07,32588,1984450,26201,1203580,5895,702346,492,78524,4640,340917,27815,859185,5173,1200102,California
Santa Clara,2021-05-08,16503,2000953,13421,1217001,2659,705005,423,78947,3484,331910,12930,872115,3923,1204025,California
Santa Clara,2021-05-09,10506,2011459,9137,1226138,1182,706187,187,79134,2462,326567,8005,880120,2662,1206687,California
Santa Clara,2021-05-10,20847,2032306,16688,1242826,3752,709939,407,79541,2740,311708,18026,898146,3167,1209854,California
Santa Clara,2021-05-11,22185,2054491,16631,1259457,5110,715049,444,79985,4012,298088,18083,916229,4463,1214317,California
Santa Clara,2021-05-12,21047,2075538,15390,1274847,5142,720191,515,80500,4523,286710,16432,932661,5054,1219371,California
Santa Clara,2021-05-13,28080,2103618,22743,1297590,5031,725222,306,80806,11270,281566,16726,949387,11582,1230953,California
Santa Clara,2021-05-14,27736,2131354,19354,1316944,7995,733217,387,81193,9774,273871,17870,967257,10175,1241128,California
Santa Clara,2021-05-15,20917,2152271,16786,1333730,3849,737066,282,81475,8093,269512,12741,979998,8382,1249510,California
Santa Clara,2021-05-16,16135,2168406,13133,1346863,2825,739891,177,81652,5238,264113,10817,990815,5418,1254928,California
Santa Clara,2021-05-17,20209,2188615,15889,1362752,3956,743847,364,82016,6911,258164,13226,1004041,7277,1262205,California
Santa Clara,2021-05-18,26147,2214762,16675,1379427,9056,752903,416,82432,7314,247200,18695,1022736,7731,1269936,California
Santa Clara,2021-05-19,24630,2239392,14388,1393815,9819,762722,423,82855,7512,238135,17007,1039743,7942,1277878,California
Santa Clara,2021-05-20,18375,2257767,12056,1405871,5869,768591,450,83305,6194,232679,12096,1051839,6640,1284518,California
Santa Clara,2021-05-21,22313,2280080,14824,1420695,6992,775583,497,83802,7665,226313,14542,1066381,8176,1292694,California
Santa Clara,2021-05-22,12862,2292942,9739,1430434,2774,778357,349,84151,5619,225107,7178,1073559,5972,1298666,California
Santa Clara,2021-05-23,8142,2301084,6020,1436454,1921,780278,201,84352,3258,223733,4837,1078396,3463,1302129,California
Santa Clara,2021-05-24,10284,2311368,7282,1443736,2548,782826,454,84806,3549,221063,6674,1085070,4004,1306133,California
Santa Clara,2021-05-25,11484,2322852,7965,1451701,3100,785926,419,85225,4472,219014,6938,1092008,4889,1311022,California
Santa Clara,2021-05-26,10384,2333236,6739,1458440,3311,789237,334,85559,4006,217073,6275,1098283,4334,1315356,California
Santa Clara,2021-05-27,9374,2342610,6013,1464453,2889,792126,472,86031,3603,215437,5705,1103988,4069,1319425,California
Santa Clara,2021-05-28,10875,2353485,7068,1471521,3383,795509,424,86455,4507,214065,6304,1110292,4932,1324357,California
Santa Clara,2021-05-29,6301,2359786,4307,1475828,1712,797221,282,86737,2892,213866,3369,1113661,3170,1327527,California
Santa Clara,2021-05-30,3812,2363598,2867,1478695,735,797956,210,86947,1827,213944,1958,1115619,2036,1329563,California
Santa Clara,2021-05-31,1092,2364690,627,1479322,355,798311,110,87057,439,213846,647,1116266,549,1330112,California
Santa Clara,2021-06-01,9044,2373734,6368,1485690,2294,800605,382,87439,3281,211814,5693,1121959,3661,1333773,California
Santa Clara,2021-06-02,7639,2381373,5509,1491199,1778,802383,352,87791,2965,210502,4620,1126579,3308,1337081,California
Santa Clara,2021-06-03,12233,2393606,10133,1501332,1731,804114,369,88160,2785,204266,9393,1135972,3157,1340238,California
Santa Clara,2021-06-04,13594,2407200,11406,1512738,1872,805986,316,88476,3414,197870,10119,1146091,3723,1343961,California
Santa Clara,2021-06-05,10455,2417655,9001,1521739,1196,807182,258,88734,2228,192180,8174,1154265,2484,1346445,California
Santa Clara,2021-06-06,6865,2424520,6117,1527856,595,807777,153,88887,1413,188347,5398,1159663,1565,1348010,California
Santa Clara,2021-06-07,9916,2434436,8368,1536224,1307,809084,241,89128,2410,183525,7471,1167134,2649,1350659,California
Santa Clara,2021-06-08,9162,2443598,7494,1543718,1398,810482,270,89398,2503,179694,6600,1173734,2769,1353428,California
Santa Clara,2021-06-09,9473,2453071,7915,1551633,1306,811788,252,89650,2261,175051,7151,1180885,2508,1355936,California
Santa Clara,2021-06-10,8298,2461369,6892,1558525,1079,812867,327,89977,2273,171676,5972,1186857,2597,1358533,California
Santa Clara,2021-06-11,10164,2471533,8657,1567182,1227,814094,280,90257,2513,166866,7603,1194460,2793,1361326,California
Santa Clara,2021-06-12,7123,2478656,5934,1573116,1024,815118,165,90422,1692,163335,5388,1199848,1857,1363183,California
Santa Clara,2021-06-13,3658,2482314,2953,1576069,595,815713,110,90532,873,161554,2764,1202612,983,1364166,California
Santa Clara,2021-06-14,5897,2488211,4786,1580855,884,816597,227,90759,2083,160085,3779,1206391,2310,1366476,California
Santa Clara,2021-06-15,7349,2495560,5959,1586814,1089,817686,301,91060,2091,157267,5212,1211603,2394,1368870,California
Santa Clara,2021-06-16,6322,2501882,5112,1591926,895,818581,315,91375,2081,155469,4195,1215798,2397,1371267,California
Santa Clara,2021-06-17,5265,2507147,4279,1596205,741,819322,245,91620,1790,154099,3405,1219203,2035,1373302,California
Santa Clara,2021-06-18,5199,2512346,4146,1600351,876,820198,177,91797,1748,152651,3369,1222572,1921,1375223,California
Santa Clara,2021-06-19,2926,2515272,2338,1602689,432,820630,156,91953,779,151459,2128,1224700,936,1376159,California
Santa Cruz,2020-12-15,2,2,2,2,0,0,0,0,2,2,0,0,2,2,California
Santa Cruz,2020-12-16,55,57,55,57,0,0,0,0,55,57,0,0,55,57,California
Santa Cruz,2020-12-17,383,440,383,440,0,0,0,0,383,440,0,0,383,440,California
Santa Cruz,2020-12-18,445,885,445,885,0,0,0,0,445,885,0,0,445,885,California
Santa Cruz,2020-12-19,167,1052,166,1051,1,1,0,0,167,1052,0,0,167,1052,California
Santa Cruz,2020-12-20,90,1142,90,1141,0,1,0,0,90,1142,0,0,90,1142,California
Santa Cruz,2020-12-21,428,1570,427,1568,1,2,0,0,428,1570,0,0,428,1570,California
Santa Cruz,2020-12-22,404,1974,403,1971,1,3,0,0,404,1974,0,0,404,1974,California
Santa Cruz,2020-12-23,343,2317,305,2276,38,41,0,0,343,2317,0,0,343,2317,California
Santa Cruz,2020-12-24,118,2435,45,2321,73,114,0,0,118,2435,0,0,118,2435,California
Santa Cruz,2020-12-25,7,2442,7,2328,0,114,0,0,7,2442,0,0,7,2442,California
Santa Cruz,2020-12-26,59,2501,42,2370,17,131,0,0,59,2501,0,0,59,2501,California
Santa Cruz,2020-12-27,31,2532,26,2396,5,136,0,0,31,2532,0,0,31,2532,California
Santa Cruz,2020-12-28,464,2996,103,2499,361,497,0,0,464,2996,0,0,464,2996,California
Santa Cruz,2020-12-29,768,3764,358,2857,410,907,0,0,768,3764,0,0,768,3764,California
Santa Cruz,2020-12-30,331,4095,156,3013,175,1082,0,0,331,4095,0,0,331,4095,California
Santa Cruz,2020-12-31,304,4399,10,3023,294,1376,0,0,304,4399,0,0,304,4399,California
Santa Cruz,2021-01-01,33,4432,1,3024,32,1408,0,0,33,4432,0,0,33,4432,California
Santa Cruz,2021-01-02,62,4494,49,3073,13,1421,0,0,62,4494,0,0,62,4494,California
Santa Cruz,2021-01-03,14,4508,6,3079,8,1429,0,0,14,4508,0,0,14,4508,California
Santa Cruz,2021-01-04,271,4779,120,3199,151,1580,0,0,269,4777,0,0,269,4777,California
Santa Cruz,2021-01-05,549,5328,423,3622,126,1706,0,0,251,4730,298,298,251,5028,California
Santa Cruz,2021-01-06,777,6105,650,4272,127,1833,0,0,449,4852,327,625,449,5477,California
Santa Cruz,2021-01-07,511,6616,198,4470,313,2146,0,0,362,5066,149,774,363,5840,California
Santa Cruz,2021-01-08,894,7510,542,5012,352,2498,0,0,466,5105,428,1202,467,6307,California
Santa Cruz,2021-01-09,443,7953,114,5126,329,2827,0,0,394,5450,49,1251,394,6701,California
Santa Cruz,2021-01-10,68,8021,60,5186,8,2835,0,0,18,5418,50,1301,18,6719,California
Santa Cruz,2021-01-11,697,8718,571,5757,126,2961,0,0,178,5078,519,1820,179,6898,California
Santa Cruz,2021-01-12,696,9414,512,6269,184,3145,0,0,457,5296,239,2059,457,7355,California
Santa Cruz,2021-01-13,482,9896,221,6490,261,3406,0,0,402,5621,77,2136,402,7757,California
Santa Cruz,2021-01-14,507,10403,97,6587,410,3816,0,0,447,6008,60,2196,447,8204,California
Santa Cruz,2021-01-15,1397,11800,72,6659,1325,5141,0,0,1335,7283,62,2258,1337,9541,California
Santa Cruz,2021-01-16,405,12205,45,6704,360,5501,0,0,389,7656,16,2274,389,9930,California
Santa Cruz,2021-01-17,289,12494,40,6744,249,5750,0,0,265,7897,24,2298,265,10195,California
Santa Cruz,2021-01-18,969,13463,94,6838,875,6625,0,0,912,8752,57,2355,912,11107,California
Santa Cruz,2021-01-19,1582,15045,510,7348,1072,7697,0,0,1242,9657,338,2693,1243,12350,California
Santa Cruz,2021-01-20,1206,16251,166,7514,1040,8737,0,0,1015,10484,188,2881,1015,13365,California
Santa Cruz,2021-01-21,1637,17888,188,7702,1449,10186,0,0,1536,11921,101,2982,1538,14903,California
Santa Cruz,2021-01-22,1728,19616,506,8208,1222,11408,0,0,1626,13449,99,3081,1627,16530,California
Santa Cruz,2021-01-23,379,19995,131,8339,248,11656,0,0,326,13723,52,3133,326,16856,California
Santa Cruz,2021-01-24,104,20099,16,8355,88,11744,0,0,87,13793,17,3150,87,16943,California
Santa Cruz,2021-01-25,1007,21106,351,8706,656,12400,0,0,517,13820,490,3640,517,17460,California
Santa Cruz,2021-01-26,1622,22728,236,8942,1386,13786,0,0,1132,14462,490,4130,1132,18592,California
Santa Cruz,2021-01-27,1596,24324,430,9372,1166,14952,0,0,1225,15318,369,4499,1225,19817,California
Santa Cruz,2021-01-28,1688,26012,273,9645,1415,16367,0,0,1421,16473,267,4766,1422,21239,California
Santa Cruz,2021-01-29,1691,27703,476,10121,1215,17582,0,0,1568,17919,122,4888,1568,22807,California
Santa Cruz,2021-01-30,1046,28749,306,10427,740,18322,0,0,915,18703,131,5019,915,23722,California
Santa Cruz,2021-01-31,211,28960,108,10535,103,18425,0,0,197,18886,14,5033,197,23919,California
Santa Cruz,2021-02-01,1184,30144,730,11265,454,18879,0,0,796,19294,388,5421,796,24715,California
Santa Cruz,2021-02-02,931,31075,113,11378,818,19697,0,0,788,19941,141,5562,788,25503,California
Santa Cruz,2021-02-03,2135,33210,909,12287,1226,20923,0,0,1835,21479,297,5859,1835,27338,California
Santa Cruz,2021-02-04,1752,34962,730,13017,1022,21945,0,0,1427,22582,324,6183,1427,28765,California
Santa Cruz,2021-02-05,3030,37992,727,13744,2303,24248,0,0,2734,25021,295,6478,2734,31499,California
Santa Cruz,2021-02-06,2495,40487,139,13883,2356,26604,0,0,2162,26850,333,6811,2162,33661,California
Santa Cruz,2021-02-07,879,41366,118,14001,761,27365,0,0,862,27695,17,6828,862,34523,California
Santa Cruz,2021-02-08,652,42018,182,14183,470,27835,0,0,471,27986,180,7008,471,34994,California
Santa Cruz,2021-02-09,2271,44289,1019,15202,1252,29087,0,0,2023,29761,248,7256,2023,37017,California
Santa Cruz,2021-02-10,2067,46356,532,15734,1535,30622,0,0,1412,30530,644,7900,1413,38430,California
Santa Cruz,2021-02-11,1737,48093,286,16020,1451,32073,0,0,1264,31323,471,8371,1264,39694,California
Santa Cruz,2021-02-12,3060,51153,401,16421,2659,34732,0,0,1712,31698,1339,9710,1714,41408,California
Santa Cruz,2021-02-13,1638,52791,115,16536,1523,36255,0,0,1246,32552,392,10102,1246,42654,California
Santa Cruz,2021-02-14,1352,54143,66,16602,1286,37541,0,0,1098,33396,254,10356,1098,43752,California
Santa Cruz,2021-02-15,1509,55652,266,16868,1243,38784,0,0,525,32938,984,11340,526,44278,California
Santa Cruz,2021-02-16,1621,57273,194,17062,1427,40211,0,0,491,32321,1108,12448,491,44769,California
Santa Cruz,2021-02-17,2793,60066,927,17989,1866,42077,0,0,1137,31818,1643,14091,1140,45909,California
Santa Cruz,2021-02-18,2753,62819,595,18584,2158,44235,0,0,1176,31421,1573,15664,1176,47085,California
Santa Cruz,2021-02-19,3122,65941,1086,19670,2036,46271,0,0,1921,32144,1198,16862,1921,49006,California
Santa Cruz,2021-02-20,2268,68209,1418,21088,850,47121,0,0,1781,33438,487,17349,1781,50787,California
Santa Cruz,2021-02-21,802,69011,345,21433,457,47578,0,0,676,33990,124,17473,676,51463,California
Santa Cruz,2021-02-22,1150,70161,887,22320,263,47841,0,0,487,33816,661,18134,487,51950,California
Santa Cruz,2021-02-23,2001,72162,887,23207,1114,48955,0,0,668,33152,1332,19466,668,52618,California
Santa Cruz,2021-02-24,3064,75226,1601,24808,1463,50418,0,0,1157,32407,1902,21368,1157,53775,California
Santa Cruz,2021-02-25,3082,78308,1342,26150,1740,52158,0,0,1706,32746,1368,22736,1707,55482,California
Santa Cruz,2021-02-26,2615,80923,698,26848,1917,54075,0,0,1486,33109,1124,23860,1487,56969,California
Santa Cruz,2021-02-27,2560,83483,891,27739,1669,55744,0,0,1793,34137,765,24625,1793,58762,California
Santa Cruz,2021-02-28,1253,84736,351,28090,902,56646,0,0,1054,34995,196,24821,1054,59816,California
Santa Cruz,2021-03-01,1809,86545,1189,29279,620,57266,0,0,658,34503,1150,25971,658,60474,California
Santa Cruz,2021-03-02,1419,87964,328,29607,1091,58357,0,0,792,34672,626,26597,795,61269,California
Santa Cruz,2021-03-03,2228,90192,589,30196,1639,59996,0,0,1214,34875,1011,27608,1214,62483,California
Santa Cruz,2021-03-04,2809,93001,1352,31548,1456,61452,1,1,1882,35843,916,28524,1884,64367,California
Santa Cruz,2021-03-05,2516,95517,438,31986,2061,63513,17,18,1082,35511,1431,29955,1099,65466,California
Santa Cruz,2021-03-06,3631,99148,1203,33189,2329,65842,99,117,1981,35941,1650,31605,2080,67546,California
Santa Cruz,2021-03-07,1309,100457,115,33304,1125,66967,69,186,539,35780,769,32374,608,68154,California
Santa Cruz,2021-03-08,1038,101495,202,33506,708,67675,128,314,626,36120,412,32786,752,68906,California
Santa Cruz,2021-03-09,1661,103156,232,33738,1287,68962,142,456,645,35894,1013,33799,787,69693,California
Santa Cruz,2021-03-10,3713,106869,2045,35783,1531,70493,137,593,1934,36190,1777,35576,2073,71766,California
Santa Cruz,2021-03-11,2701,109570,1181,36964,1353,71846,167,760,1509,36678,1191,36767,1679,73445,California
Santa Cruz,2021-03-12,2611,112181,834,37798,1505,73351,272,1032,881,36104,1726,38493,1152,74597,California
Santa Cruz,2021-03-13,2168,114349,1253,39051,879,74230,36,1068,1111,36199,1054,39547,1149,75746,California
Santa Cruz,2021-03-14,844,115193,179,39230,652,74882,13,1081,410,36189,432,39979,422,76168,California
Santa Cruz,2021-03-15,1246,116439,440,39670,775,75657,31,1112,540,36059,702,40681,572,76740,California
Santa Cruz,2021-03-16,2182,118621,1031,40701,1110,76767,41,1153,1264,36450,913,41594,1304,78044,California
Santa Cruz,2021-03-17,3788,122409,2270,42971,1508,78275,10,1163,2488,37658,1294,42888,2502,80546,California
Santa Cruz,2021-03-18,3663,126072,1962,44933,1587,79862,114,1277,1944,38000,1716,44604,2058,82604,California
Santa Cruz,2021-03-19,3200,129272,1245,46178,1748,81610,207,1484,1666,38343,1530,46134,1873,84477,California
Santa Cruz,2021-03-20,2156,131428,1594,47772,497,82107,65,1549,1053,38359,1102,47236,1118,85595,California
Santa Cruz,2021-03-21,784,132212,416,48188,245,82352,123,1672,405,38511,377,47613,529,86124,California
Santa Cruz,2021-03-22,1250,133462,764,48952,464,82816,22,1694,879,39044,368,47981,901,87025,California
Santa Cruz,2021-03-23,2405,135867,1325,50277,1031,83847,49,1743,1594,39878,809,48790,1643,88668,California
Santa Cruz,2021-03-24,2908,138775,1975,52252,913,84760,20,1763,1911,40817,991,49781,1930,90598,California
Santa Cruz,2021-03-25,2495,141270,1253,53505,1210,85970,32,1795,1256,40870,1235,51016,1288,91886,California
Santa Cruz,2021-03-26,2925,144195,1692,55197,1208,87178,25,1820,2005,41986,913,51929,2029,93915,California
Santa Cruz,2021-03-27,2996,147191,1848,57045,1124,88302,24,1844,1414,41853,1572,53501,1439,95354,California
Santa Cruz,2021-03-28,876,148067,534,57579,328,88630,14,1858,449,41893,423,53924,463,95817,California
Santa Cruz,2021-03-29,1877,149944,814,58393,996,89626,67,1925,1189,42464,685,54609,1256,97073,California
Santa Cruz,2021-03-30,2514,152458,744,59137,1622,91248,148,2073,1620,43340,892,55501,1768,98841,California
Santa Cruz,2021-03-31,3967,156425,2702,61839,1222,92470,43,2116,2069,43557,1895,57396,2112,100953,California
Santa Cruz,2021-04-01,3805,160230,2057,63896,1643,94113,105,2221,1930,43723,1869,59265,2035,102988,California
Santa Cruz,2021-04-02,3116,163346,1321,65217,1630,95743,165,2386,1753,44281,1360,60625,1918,104906,California
Santa Cruz,2021-04-03,2127,165473,1175,66392,836,96579,116,2502,829,43929,1296,61921,944,105850,California
Santa Cruz,2021-04-04,885,166358,459,66851,372,96951,54,2556,519,44136,366,62287,573,106423,California
Santa Cruz,2021-04-05,2154,168512,718,67569,1277,98228,159,2715,1328,44799,825,63112,1488,107911,California
Santa Cruz,2021-04-06,3199,171711,1558,69127,1280,99508,361,3076,1866,45697,1323,64435,2221,110132,California
Santa Cruz,2021-04-07,3926,175637,1536,70663,2052,101560,338,3414,1685,45481,2238,66673,2022,112154,California
Santa Cruz,2021-04-08,4023,179660,2180,72843,1364,102924,479,3893,2367,46677,1648,68321,2844,114998,California
Santa Cruz,2021-04-09,3558,183218,1430,74273,1752,104676,376,4269,2002,47507,1549,69870,2379,117377,California
Santa Cruz,2021-04-10,2103,185321,992,75265,890,105566,221,4490,977,47582,1122,70992,1197,118574,California
Santa Cruz,2021-04-11,904,186225,453,75718,367,105933,84,4574,413,47588,491,71483,497,119071,California
Santa Cruz,2021-04-12,2169,188394,748,76466,1029,106962,392,4966,1049,47923,1106,72589,1441,120512,California
Santa Cruz,2021-04-13,2776,191170,1373,77839,1402,108364,1,4967,1580,48318,1187,73776,1582,122094,California
Santa Cruz,2021-04-14,4437,195607,2101,79940,2336,110700,0,4967,2168,48229,2259,76035,2170,124264,California
Santa Cruz,2021-04-15,4831,200438,3054,82994,1777,112477,0,4967,3088,49588,1731,77766,3090,127354,California
Santa Cruz,2021-04-16,4252,204690,2304,85298,1946,114423,2,4969,2325,49998,1919,79685,2329,129683,California
Santa Cruz,2021-04-17,2131,206821,834,86132,1297,115720,0,4969,1409,50689,719,80404,1410,131093,California
Santa Cruz,2021-04-18,989,207810,471,86603,517,116237,1,4970,562,50828,425,80829,564,131657,California
Santa Cruz,2021-04-19,2414,210224,1423,88026,990,117227,1,4971,1533,51485,878,81707,1535,133192,California
Santa Cruz,2021-04-20,2969,213193,1546,89572,1423,118650,0,4971,1733,51993,1226,82933,1734,134926,California
Santa Cruz,2021-04-21,3955,217148,2641,92213,1314,119964,0,4971,2128,52313,1809,84742,2129,137055,California
Santa Cruz,2021-04-22,4093,221241,2769,94982,1324,121288,0,4971,2308,52846,1776,86518,2309,139364,California
Santa Cruz,2021-04-23,3014,224255,1617,96599,1396,122684,1,4972,1314,52470,1690,88208,1314,140678,California
Santa Cruz,2021-04-24,2128,226383,1031,97630,1094,123778,3,4975,663,51680,1456,89664,666,141344,California
Santa Cruz,2021-04-25,1028,227411,652,98282,364,124142,12,4987,416,51503,604,90268,427,141771,California
Santa Cruz,2021-04-26,1980,229391,946,99228,1018,125160,16,5003,830,51210,1140,91408,847,142618,California
Santa Cruz,2021-04-27,2831,232222,891,100119,1860,127020,80,5083,1411,51287,1412,92820,1489,144107,California
Santa Cruz,2021-04-28,3273,235495,1808,101927,1391,128411,74,5157,1724,51544,1538,94358,1795,145902,California
Santa Cruz,2021-04-29,3565,239060,2364,104291,1141,129552,60,5217,1257,50562,2299,96657,1317,147219,California
Santa Cruz,2021-04-30,2260,241320,1134,105425,1083,130635,43,5260,967,50287,1286,97943,1011,148230,California
Santa Cruz,2021-05-01,1198,242518,950,106375,217,130852,31,5291,585,50293,610,98553,616,148846,California
Santa Cruz,2021-05-02,565,243083,394,106769,146,130998,25,5316,200,50154,365,98918,226,149072,California
Santa Cruz,2021-05-03,1819,244902,912,107681,842,131840,65,5381,632,49676,1176,100094,698,149770,California
Santa Cruz,2021-05-04,2533,247435,1457,109138,1009,132849,67,5448,837,48885,1693,101787,902,150672,California
Santa Cruz,2021-05-05,2611,250046,1277,110415,1255,134104,79,5527,688,47772,1884,103671,771,151443,California
Santa Cruz,2021-05-06,3686,253732,2336,112751,1139,135243,211,5738,832,45976,2837,106508,1041,152484,California
Santa Cruz,2021-05-07,2570,256302,1119,113870,1374,136617,77,5815,418,44326,2147,108655,497,152981,California
Santa Cruz,2021-05-08,1291,257593,632,114502,631,137248,28,5843,364,43792,927,109582,393,153374,California
Santa Cruz,2021-05-09,494,258087,311,114813,161,137409,22,5865,153,43628,339,109921,175,153549,California
Santa Cruz,2021-05-10,1966,260053,1158,115971,749,138158,59,5924,394,42517,1564,111485,453,154002,California
Santa Cruz,2021-05-11,2271,262324,1264,117235,923,139081,84,6008,620,41572,1648,113133,703,154705,California
Santa Cruz,2021-05-12,3004,265328,1245,118480,1682,140763,77,6085,542,39738,2454,115587,620,155325,California
Santa Cruz,2021-05-13,3762,269090,2519,120999,1153,141916,90,6175,1342,38756,2416,118003,1434,156759,California
Santa Cruz,2021-05-14,2823,271913,1524,122523,1262,143178,37,6212,1071,38121,1744,119747,1109,157868,California
Santa Cruz,2021-05-15,2203,274116,1278,123801,914,144092,11,6223,1080,38092,1120,120867,1091,158959,California
Santa Cruz,2021-05-16,691,274807,340,124141,332,144424,19,6242,208,37838,482,121349,228,159187,California
Santa Cruz,2021-05-17,1450,276257,730,124871,654,145078,66,6308,507,37469,942,122291,573,159760,California
Santa Cruz,2021-05-18,2186,278443,1332,126203,831,145909,23,6331,1074,37460,1106,123397,1097,160857,California
Santa Cruz,2021-05-19,2972,281415,1801,128004,1136,147045,35,6366,1299,37129,1665,125062,1334,162191,California
Santa Cruz,2021-05-20,3276,284691,2347,130351,783,147828,146,6512,1553,37111,1717,126779,1699,163890,California
Santa Cruz,2021-05-21,1692,286383,864,131215,745,148573,83,6595,593,36695,1092,127871,676,164566,California
Santa Cruz,2021-05-22,1689,288072,1305,132520,374,148947,10,6605,588,36197,1097,128968,599,165165,California
Santa Cruz,2021-05-23,444,288516,244,132764,181,149128,19,6624,140,36054,302,129270,159,165324,California
Santa Cruz,2021-05-24,1114,289630,640,133404,399,149527,75,6699,293,35609,813,130083,368,165692,California
Santa Cruz,2021-05-25,2195,291825,1262,134666,890,150417,43,6742,448,34496,1603,131686,490,166182,California
Santa Cruz,2021-05-26,1654,293479,768,135434,844,151261,42,6784,463,33822,1179,132865,505,166687,California
Santa Cruz,2021-05-27,1271,294750,692,136126,478,151739,101,6885,451,33560,814,133679,552,167239,California
Santa Cruz,2021-05-28,820,295570,362,136488,428,152167,30,6915,357,33493,455,134134,388,167627,California
Santa Cruz,2021-05-29,569,296139,323,136811,237,152404,9,6924,326,33586,242,134376,335,167962,California
Santa Cruz,2021-05-30,228,296367,113,136924,103,152507,12,6936,91,33554,134,134510,102,168064,California
Santa Cruz,2021-05-31,143,296510,62,136986,80,152587,1,6937,45,33503,97,134607,46,168110,California
Santa Cruz,2021-06-01,871,297381,534,137520,329,152916,8,6945,324,33290,545,135152,332,168442,California
Santa Cruz,2021-06-02,869,298250,514,138034,316,153232,39,6984,346,33157,518,135670,385,168827,California
Santa Cruz,2021-06-03,2200,300450,1492,139526,671,153903,37,7021,524,32052,1666,137336,561,169388,California
Santa Cruz,2021-06-04,1012,301462,687,140213,294,154197,31,7052,243,31565,762,138098,275,169663,California
Santa Cruz,2021-06-05,982,302444,797,141010,180,154377,5,7057,177,30945,802,138900,182,169845,California
Santa Cruz,2021-06-06,366,302810,261,141271,88,154465,17,7074,113,30825,250,139150,130,169975,California
Santa Cruz,2021-06-07,800,303610,589,141860,181,154646,30,7104,217,30490,582,139732,247,170222,California
Santa Cruz,2021-06-08,1403,305013,1120,142980,258,154904,25,7129,295,29707,1104,140836,321,170543,California
Santa Cruz,2021-06-09,1394,306407,1099,144079,278,155182,17,7146,274,28886,1113,141949,292,170835,California
Santa Cruz,2021-06-10,1930,308337,1587,145666,279,155461,64,7210,342,27706,1583,143532,403,171238,California
Santa Cruz,2021-06-11,794,309131,491,146157,272,155733,31,7241,276,27499,512,144044,305,171543,California
Santa Cruz,2021-06-12,956,310087,839,146996,111,155844,6,7247,161,26873,793,144837,167,171710,California
Santa Cruz,2021-06-13,189,310276,126,147122,44,155888,19,7266,28,26759,161,144998,47,171757,California
Santa Cruz,2021-06-14,545,310821,353,147475,159,156047,33,7299,164,26577,378,145376,196,171953,California
Santa Cruz,2021-06-15,888,311709,650,148125,220,156267,18,7317,321,26353,564,145940,340,172293,California
Santa Cruz,2021-06-16,758,312467,551,148676,175,156442,32,7349,227,26084,527,146467,258,172551,California
Santa Cruz,2021-06-17,777,313244,601,149277,137,156579,39,7388,289,25926,485,146952,327,172878,California
Santa Cruz,2021-06-18,592,313836,367,149644,196,156775,29,7417,258,25881,332,147284,287,173165,California
Santa Cruz,2021-06-19,111,313947,102,149746,8,156783,1,7418,29,25829,82,147366,30,173195,California
Shasta,2020-12-15,1,1,1,1,0,0,0,0,1,1,0,0,1,1,California
Shasta,2020-12-16,133,134,133,134,0,0,0,0,133,134,0,0,133,134,California
Shasta,2020-12-17,417,551,417,551,0,0,0,0,417,551,0,0,417,551,California
Shasta,2020-12-18,163,714,163,714,0,0,0,0,163,714,0,0,163,714,California
Shasta,2020-12-19,1,715,1,715,0,0,0,0,1,715,0,0,1,715,California
Shasta,2020-12-21,68,783,68,783,0,0,0,0,68,783,0,0,68,783,California
Shasta,2020-12-22,184,967,179,962,5,5,0,0,184,967,0,0,184,967,California
Shasta,2020-12-23,167,1134,163,1125,4,9,0,0,167,1134,0,0,167,1134,California
Shasta,2020-12-24,25,1159,25,1150,0,9,0,0,25,1159,0,0,25,1159,California
Shasta,2020-12-26,4,1163,1,1151,3,12,0,0,4,1163,0,0,4,1163,California
Shasta,2020-12-27,2,1165,1,1152,1,13,0,0,2,1165,0,0,2,1165,California
Shasta,2020-12-28,37,1202,28,1180,9,22,0,0,37,1202,0,0,37,1202,California
Shasta,2020-12-29,177,1379,176,1356,1,23,0,0,177,1379,0,0,177,1379,California
Shasta,2020-12-30,178,1557,170,1526,8,31,0,0,178,1557,0,0,178,1557,California
Shasta,2020-12-31,82,1639,2,1528,80,111,0,0,82,1639,0,0,82,1639,California
Shasta,2021-01-02,2,1641,0,1528,2,113,0,0,2,1641,0,0,2,1641,California
Shasta,2021-01-03,1,1642,1,1529,0,113,0,0,1,1642,0,0,1,1642,California
Shasta,2021-01-04,359,2001,300,1829,59,172,0,0,360,2002,0,0,360,2002,California
Shasta,2021-01-05,335,2336,313,2142,22,194,0,0,255,2177,80,80,255,2257,California
Shasta,2021-01-06,459,2795,389,2531,70,264,0,0,200,2118,259,339,200,2457,California
Shasta,2021-01-07,129,2924,43,2574,86,350,0,0,102,2193,27,366,102,2559,California
Shasta,2021-01-08,515,3439,440,3014,75,425,0,0,310,2298,205,571,310,2869,California
Shasta,2021-01-09,73,3512,64,3078,9,434,0,0,70,2365,3,574,70,2939,California
Shasta,2021-01-10,5,3517,0,3078,5,439,0,0,3,2368,2,576,5,2944,California
Shasta,2021-01-11,395,3912,179,3257,216,655,0,0,365,2703,30,606,365,3309,California
Shasta,2021-01-12,472,4384,315,3572,157,812,0,0,308,2847,164,770,308,3617,California
Shasta,2021-01-13,594,4978,267,3839,327,1139,0,0,427,3107,167,937,427,4044,California
Shasta,2021-01-14,492,5470,58,3897,434,1573,0,0,468,3551,24,961,468,4512,California
Shasta,2021-01-15,656,6126,136,4033,520,2093,0,0,655,4205,1,962,655,5167,California
Shasta,2021-01-16,885,7011,53,4086,832,2925,0,0,882,5084,3,965,882,6049,California
Shasta,2021-01-17,27,7038,6,4092,21,2946,0,0,23,5103,4,969,23,6072,California
Shasta,2021-01-18,596,7634,128,4220,468,3414,0,0,589,5685,7,976,589,6661,California
Shasta,2021-01-19,1050,8684,394,4614,656,4070,0,0,908,6451,142,1118,908,7569,California
Shasta,2021-01-20,665,9349,413,5027,252,4322,0,0,479,6749,181,1299,479,8048,California
Shasta,2021-01-21,618,9967,282,5309,336,4658,0,0,597,7325,21,1320,597,8645,California
Shasta,2021-01-22,430,10397,177,5486,253,4911,0,0,424,7743,6,1326,424,9069,California
Shasta,2021-01-23,58,10455,5,5491,53,4964,0,0,57,7799,1,1327,57,9126,California
Shasta,2021-01-24,23,10478,2,5493,21,4985,0,0,22,7820,1,1328,22,9148,California
Shasta,2021-01-25,736,11214,483,5976,253,5238,0,0,455,7995,280,1608,455,9603,California
Shasta,2021-01-26,693,11907,339,6315,354,5592,0,0,458,8220,233,1841,458,10061,California
Shasta,2021-01-27,448,12355,196,6511,252,5844,0,0,399,8571,48,1889,399,10460,California
Shasta,2021-01-28,862,13217,570,7081,292,6136,0,0,647,9003,215,2104,647,11107,California
Shasta,2021-01-29,804,14021,325,7406,479,6615,0,0,618,9436,186,2290,619,11726,California
Shasta,2021-01-30,603,14624,14,7420,589,7204,0,0,593,10019,10,2300,593,12319,California
Shasta,2021-01-31,27,14651,4,7424,23,7227,0,0,25,10042,2,2302,25,12344,California
Shasta,2021-02-01,533,15184,149,7573,384,7611,0,0,393,10295,140,2442,393,12737,California
Shasta,2021-02-02,979,16163,497,8070,482,8093,0,0,888,11094,89,2531,888,13625,California
Shasta,2021-02-03,695,16858,214,8284,481,8574,0,0,463,11325,232,2763,463,14088,California
Shasta,2021-02-04,1079,17937,682,8966,397,8971,0,0,890,12027,188,2951,890,14978,California
Shasta,2021-02-05,1247,19184,167,9133,1080,10051,0,0,1039,12859,207,3158,1039,16017,California
Shasta,2021-02-06,1728,20912,39,9172,1689,11740,0,0,1705,14541,23,3181,1705,17722,California
Shasta,2021-02-07,25,20937,3,9175,22,11762,0,0,23,14562,2,3183,23,17745,California
Shasta,2021-02-08,591,21528,168,9343,423,12185,0,0,307,14585,284,3467,307,18052,California
Shasta,2021-02-09,1112,22640,638,9981,474,12659,0,0,725,14924,387,3854,726,18778,California
Shasta,2021-02-10,1118,23758,795,10776,323,12982,0,0,597,15000,522,4376,598,19376,California
Shasta,2021-02-11,868,24626,184,10960,684,13666,0,0,353,14843,510,4886,353,19729,California
Shasta,2021-02-12,1750,26376,1201,12161,549,14215,0,0,1220,15533,530,5416,1220,20949,California
Shasta,2021-02-13,1348,27724,363,12524,985,15200,0,0,551,15287,798,6214,552,21501,California
Shasta,2021-02-14,146,27870,4,12528,142,15342,0,0,123,15387,23,6237,123,21624,California
Shasta,2021-02-15,377,28247,98,12626,279,15621,0,0,210,15430,167,6404,210,21834,California
Shasta,2021-02-16,1189,29436,514,13140,675,16296,0,0,422,15086,766,7170,422,22256,California
Shasta,2021-02-17,1031,30467,457,13597,574,16870,0,0,417,14889,614,7784,417,22673,California
Shasta,2021-02-18,939,31406,474,14071,465,17335,0,0,455,14861,484,8268,456,23129,California
Shasta,2021-02-19,1328,32734,947,15018,381,17716,0,0,872,15277,456,8724,872,24001,California
Shasta,2021-02-20,784,33518,88,15106,696,18412,0,0,295,15083,489,9213,295,24296,California
Shasta,2021-02-21,29,33547,3,15109,26,18438,0,0,9,15072,20,9233,9,24305,California
Shasta,2021-02-22,429,33976,80,15189,349,18787,0,0,182,15008,246,9479,182,24487,California
Shasta,2021-02-23,904,34880,466,15655,438,19225,0,0,324,14752,580,10059,324,24811,California
Shasta,2021-02-24,851,35731,498,16153,353,19578,0,0,263,14428,587,10646,263,25074,California
Shasta,2021-02-25,518,36249,187,16340,331,19909,0,0,172,14255,345,10991,172,25246,California
Shasta,2021-02-26,772,37021,103,16443,669,20578,0,0,337,14158,434,11425,337,25583,California
Shasta,2021-02-27,791,37812,26,16469,765,21343,0,0,185,13739,604,12029,185,25768,California
Shasta,2021-02-28,177,37989,4,16473,173,21516,0,0,128,13818,49,12078,128,25896,California
Shasta,2021-03-01,593,38582,58,16531,535,22051,0,0,298,13822,294,12372,298,26194,California
Shasta,2021-03-02,1020,39602,470,17001,550,22601,0,0,336,13475,683,13055,336,26530,California
Shasta,2021-03-03,679,40281,180,17181,499,23100,0,0,242,13280,437,13492,242,26772,California
Shasta,2021-03-04,2954,43235,2388,19569,566,23666,0,0,1706,13742,1245,14737,1707,28479,California
Shasta,2021-03-05,1534,44769,160,19729,1345,25011,29,29,777,13790,758,15495,806,29285,California
Shasta,2021-03-06,2697,47466,379,20108,2273,27284,45,74,845,12830,1850,17345,890,30175,California
Shasta,2021-03-07,92,47558,4,20112,56,27340,32,106,38,12846,54,17399,70,30245,California
Shasta,2021-03-08,569,48127,55,20167,376,27716,138,244,156,12729,411,17810,294,30539,California
Shasta,2021-03-09,1219,49346,590,20757,455,28171,174,418,664,13012,554,18364,837,31376,California
Shasta,2021-03-10,789,50135,254,21011,334,28505,201,619,141,12705,647,19011,340,31716,California
Shasta,2021-03-11,1508,51643,465,21476,785,29290,258,877,907,13272,598,19609,1165,32881,California
Shasta,2021-03-12,1538,53181,850,22326,447,29737,241,1118,399,12772,1138,20747,638,33519,California
Shasta,2021-03-13,751,53932,424,22750,228,29965,99,1217,474,13067,276,21023,571,34090,California
Shasta,2021-03-14,1003,54935,8,22758,973,30938,22,1239,867,13822,136,21159,891,34981,California
Shasta,2021-03-15,484,55419,39,22797,352,31290,93,1332,208,13846,276,21435,300,35281,California
Shasta,2021-03-16,1115,56534,143,22940,903,32193,69,1401,832,14464,283,21718,901,36182,California
Shasta,2021-03-17,707,57241,180,23120,468,32661,59,1460,370,14564,329,22047,429,36611,California
Shasta,2021-03-18,1515,58756,585,23705,828,33489,102,1562,1088,15331,423,22470,1190,37801,California
Shasta,2021-03-19,628,59384,204,23909,367,33856,57,1619,388,15537,239,22709,445,38246,California
Shasta,2021-03-20,729,60113,480,24389,238,34094,11,1630,588,15995,141,22850,599,38845,California
Shasta,2021-03-21,313,60426,298,24687,4,34098,11,1641,286,16266,26,22876,297,39142,California
Shasta,2021-03-22,337,60763,35,24722,267,34365,35,1676,194,16353,142,23018,229,39371,California
Shasta,2021-03-23,1306,62069,651,25373,596,34961,59,1735,760,16631,541,23559,819,40190,California
Shasta,2021-03-24,609,62678,163,25536,409,35370,37,1772,370,16800,238,23797,407,40597,California
Shasta,2021-03-25,1098,63776,414,25950,663,36033,21,1793,781,17288,315,24112,803,41400,California
Shasta,2021-03-26,1781,65557,1359,27309,392,36425,30,1823,1424,18386,357,24469,1455,42855,California
Shasta,2021-03-27,1527,67084,360,27669,307,36732,860,2683,526,18769,999,25468,1382,44237,California
Shasta,2021-03-28,398,67482,295,27964,93,36825,10,2693,297,18977,99,25567,307,44544,California
Shasta,2021-03-29,417,67899,40,28004,366,37191,11,2704,163,18898,253,25820,174,44718,California
Shasta,2021-03-30,1203,69102,743,28747,443,37634,17,2721,599,18913,601,26421,616,45334,California
Shasta,2021-03-31,609,69711,198,28945,404,38038,7,2728,367,19049,238,26659,374,45708,California
Shasta,2021-04-01,867,70578,227,29172,627,38665,13,2741,546,19289,319,26978,559,46267,California
Shasta,2021-04-02,718,71296,174,29346,491,39156,53,2794,386,19398,330,27308,439,46706,California
Shasta,2021-04-03,500,71796,358,29704,126,39282,16,2810,381,19676,119,27427,397,47103,California
Shasta,2021-04-04,286,72082,172,29876,94,39376,20,2830,213,19836,73,27500,233,47336,California
Shasta,2021-04-05,428,72510,66,29942,308,39684,54,2884,249,19960,179,27679,303,47639,California
Shasta,2021-04-06,1116,73626,481,30423,469,40153,166,3050,535,20084,576,28255,700,48339,California
Shasta,2021-04-07,624,74250,188,30611,280,40433,156,3206,235,20089,385,28640,390,48729,California
Shasta,2021-04-08,1116,75366,255,30866,705,41138,156,3362,202,19535,911,29551,357,49086,California
Shasta,2021-04-09,2551,77917,2047,32913,297,41435,207,3569,1983,21161,561,30112,2187,51273,California
Shasta,2021-04-10,860,78777,578,33491,154,41589,128,3697,257,20942,602,30714,383,51656,California
Shasta,2021-04-11,1235,80012,393,33884,822,42411,20,3717,139,20009,1092,31806,159,51815,California
Shasta,2021-04-12,333,80345,8,33892,266,42677,59,3776,95,19925,237,32043,153,51968,California
Shasta,2021-04-13,1245,81590,360,34252,883,43560,2,3778,336,19359,904,32947,338,52306,California
Shasta,2021-04-14,578,82168,150,34402,426,43986,2,3780,222,19228,355,33302,224,52530,California
Shasta,2021-04-15,1052,83220,248,34650,803,44789,1,3781,301,18783,746,34048,301,52831,California
Shasta,2021-04-16,2273,85493,1802,36452,471,45260,0,3781,931,18375,1340,35388,932,53763,California
Shasta,2021-04-17,607,86100,385,36837,222,45482,0,3781,179,18128,428,35816,181,53944,California
Shasta,2021-04-18,263,86363,237,37074,26,45508,0,3781,33,17933,228,36044,33,53977,California
Shasta,2021-04-19,370,86733,29,37103,341,45849,0,3781,157,17877,213,36257,157,54134,California
Shasta,2021-04-20,964,87697,213,37316,751,46600,0,3781,360,17635,602,36859,360,54494,California
Shasta,2021-04-21,571,88268,193,37509,378,46978,0,3781,296,17656,275,37134,296,54790,California
Shasta,2021-04-22,933,89201,259,37768,674,47652,0,3781,297,17319,634,37768,297,55087,California
Shasta,2021-04-23,619,89820,237,38005,382,48034,0,3781,316,17333,302,38070,316,55403,California
Shasta,2021-04-24,589,90409,353,38358,235,48269,1,3782,106,16958,481,38551,106,55509,California
Shasta,2021-04-25,206,90615,176,38534,29,48298,1,3783,36,16825,170,38721,37,55546,California
Shasta,2021-04-26,492,91107,52,38586,435,48733,5,3788,348,17035,142,38863,352,55898,California
Shasta,2021-04-27,526,91633,168,38754,321,49054,37,3825,296,17138,227,39090,330,56228,California
Shasta,2021-04-28,553,92186,133,38887,389,49443,31,3856,248,17111,305,39395,278,56506,California
Shasta,2021-04-29,744,92930,102,38989,620,50063,22,3878,176,16742,567,39962,198,56704,California
Shasta,2021-04-30,2221,95151,1802,40791,389,50452,30,3908,252,15056,1968,41930,282,56986,California
Shasta,2021-05-01,214,95365,19,40810,123,50575,72,3980,93,15100,121,42051,165,57151,California
Shasta,2021-05-02,44,95409,14,40824,17,50592,13,3993,19,15107,25,42076,32,57183,California
Shasta,2021-05-03,347,95756,94,40918,230,50822,23,4016,110,15004,236,42312,133,57316,California
Shasta,2021-05-04,516,96272,190,41108,289,51111,37,4053,248,15024,265,42577,285,57601,California
Shasta,2021-05-05,425,96697,138,41246,271,51382,16,4069,196,15007,229,42806,212,57813,California
Shasta,2021-05-06,676,97373,257,41503,384,51766,35,4104,285,14943,382,43188,318,58131,California
Shasta,2021-05-07,1085,98458,720,42223,327,52093,38,4142,294,14485,790,43978,332,58463,California
Shasta,2021-05-08,161,98619,79,42302,72,52165,10,4152,94,14521,67,44045,103,58566,California
Shasta,2021-05-09,63,98682,14,42316,44,52209,5,4157,33,14529,30,44075,38,58604,California
Shasta,2021-05-10,251,98933,20,42336,184,52393,47,4204,110,14545,138,44213,154,58758,California
Shasta,2021-05-11,496,99429,142,42478,209,52602,145,4349,180,14555,315,44528,325,59083,California
Shasta,2021-05-12,390,99819,139,42617,228,52830,23,4372,131,14451,258,44786,154,59237,California
Shasta,2021-05-13,575,100394,239,42856,322,53152,14,4386,222,14336,351,45137,236,59473,California
Shasta,2021-05-14,631,101025,266,43122,340,53492,25,4411,291,14314,339,45476,317,59790,California
Shasta,2021-05-15,373,101398,116,43238,158,53650,99,4510,153,14346,219,45695,251,60041,California
Shasta,2021-05-16,221,101619,155,43393,56,53706,10,4520,163,14461,58,45753,173,60214,California
Shasta,2021-05-17,523,102142,241,43634,224,53930,58,4578,278,14553,244,45997,336,60550,California
Shasta,2021-05-18,608,102750,293,43927,291,54221,24,4602,327,14623,281,46278,351,60901,California
Shasta,2021-05-19,582,103332,274,44201,241,54462,67,4669,281,14674,297,46575,348,61249,California
Shasta,2021-05-20,557,103889,249,44450,289,54751,19,4688,263,14662,293,46868,281,61530,California
Shasta,2021-05-21,632,104521,284,44734,329,55080,19,4707,339,14729,291,47159,358,61888,California
Shasta,2021-05-22,231,104752,129,44863,93,55173,9,4716,143,14795,86,47245,152,62040,California
Shasta,2021-05-23,110,104862,48,44911,55,55228,7,4723,68,14828,42,47287,75,62115,California
Shasta,2021-05-24,521,105383,161,45072,330,55558,30,4753,184,14706,336,47623,214,62329,California
Shasta,2021-05-25,459,105842,196,45268,218,55776,45,4798,159,14613,296,47919,203,62532,California
Shasta,2021-05-26,371,106213,144,45412,202,55978,25,4823,148,14564,222,48141,173,62705,California
Shasta,2021-05-27,412,106625,153,45565,250,56228,9,4832,155,14474,254,48395,164,62869,California
Shasta,2021-05-28,432,107057,196,45761,209,56437,27,4859,202,14476,227,48622,229,63098,California
Shasta,2021-05-29,222,107279,62,45823,129,56566,31,4890,92,14467,130,48752,121,63219,California
Shasta,2021-05-30,82,107361,47,45870,33,56599,2,4892,54,14495,28,48780,56,63275,California
Shasta,2021-05-31,34,107395,8,45878,25,56624,1,4893,11,14485,22,48802,12,63287,California
Shasta,2021-06-01,520,107915,152,46030,225,56849,143,5036,134,14384,379,49181,278,63565,California
Shasta,2021-06-02,290,108205,117,46147,164,57013,9,5045,120,14345,168,49349,129,63694,California
Shasta,2021-06-03,362,108567,156,46303,198,57211,8,5053,117,14226,244,49593,125,63819,California
Shasta,2021-06-04,557,109124,279,46582,252,57463,26,5079,198,14092,358,49951,224,64043,California
Shasta,2021-06-05,247,109371,142,46724,87,57550,18,5097,82,14029,164,50115,101,64144,California
Shasta,2021-06-06,160,109531,126,46850,32,57582,2,5099,47,13965,113,50228,49,64193,California
Shasta,2021-06-07,395,109926,231,47081,147,57729,17,5116,106,13800,288,50516,123,64316,California
Shasta,2021-06-08,498,110424,299,47380,155,57884,44,5160,146,13639,351,50867,190,64506,California
Shasta,2021-06-09,476,110900,269,47649,121,58005,86,5246,110,13471,363,51230,195,64701,California
Shasta,2021-06-10,405,111305,240,47889,140,58145,25,5271,126,13349,273,51503,151,64852,California
Shasta,2021-06-11,447,111752,250,48139,160,58305,37,5308,121,13182,324,51827,157,65009,California
Shasta,2021-06-12,207,111959,135,48274,66,58371,6,5314,75,13131,132,51959,81,65090,California
Shasta,2021-06-13,89,112048,55,48329,32,58403,2,5316,25,13094,64,52023,27,65117,California
Shasta,2021-06-14,277,112325,150,48479,110,58513,17,5333,80,12995,196,52219,97,65214,California
Shasta,2021-06-15,420,112745,212,48691,104,58617,104,5437,141,12960,275,52494,240,65454,California
Shasta,2021-06-16,257,113002,149,48840,96,58713,12,5449,83,12885,170,52664,95,65549,California
Shasta,2021-06-17,286,113288,126,48966,123,58836,37,5486,98,12833,187,52851,135,65684,California
Shasta,2021-06-18,352,113640,226,49192,107,58943,19,5505,151,12803,200,53051,170,65854,California
Shasta,2021-06-19,21,113661,9,49201,11,58954,1,5506,10,12803,11,53062,11,65865,California
Sierra,2020-12-18,1,1,1,1,0,0,0,0,1,1,0,0,1,1,California
Sierra,2020-12-21,2,3,2,3,0,0,0,0,2,3,0,0,2,3,California
Sierra,2020-12-22,12,15,12,15,0,0,0,0,12,15,0,0,12,15,California
Sierra,2020-12-23,4,19,4,19,0,0,0,0,4,19,0,0,4,19,California
Sierra,2020-12-28,1,20,0,19,1,1,0,0,1,20,0,0,1,20,California
Sierra,2020-12-29,49,69,7,26,42,43,0,0,49,69,0,0,49,69,California
Sierra,2020-12-30,2,71,0,26,2,45,0,0,2,71,0,0,2,71,California
Sierra,2020-12-31,13,84,0,26,13,58,0,0,13,84,0,0,13,84,California
Sierra,2021-01-01,1,85,1,27,0,58,0,0,1,85,0,0,1,85,California
Sierra,2021-01-05,63,148,2,29,61,119,0,0,63,148,0,0,63,148,California
Sierra,2021-01-06,1,149,1,30,0,119,0,0,1,149,0,0,1,149,California
Sierra,2021-01-07,20,169,1,31,19,138,0,0,19,167,1,1,19,168,California
Sierra,2021-01-11,3,172,3,34,0,138,0,0,0,164,3,4,0,168,California
Sierra,2021-01-12,38,210,12,46,26,164,0,0,26,178,12,16,26,194,California
Sierra,2021-01-13,3,213,3,49,0,164,0,0,0,175,3,19,0,194,California
Sierra,2021-01-14,35,248,2,51,33,197,0,0,35,210,0,19,35,229,California
Sierra,2021-01-15,3,251,1,52,2,199,0,0,3,213,0,19,3,232,California
Sierra,2021-01-18,3,254,0,52,3,202,0,0,3,216,0,19,3,235,California
Sierra,2021-01-19,34,288,0,52,34,236,0,0,34,250,0,19,34,269,California
Sierra,2021-01-20,1,289,1,53,0,236,0,0,1,251,0,19,1,270,California
Sierra,2021-01-21,53,342,0,53,53,289,0,0,53,304,0,19,53,323,California
Sierra,2021-01-22,2,344,0,53,2,291,0,0,2,306,0,19,2,325,California
Sierra,2021-01-23,2,346,0,53,2,293,0,0,2,308,0,19,2,327,California
Sierra,2021-01-26,62,408,1,54,61,354,0,0,24,294,38,57,24,351,California
Sierra,2021-01-27,4,412,4,58,0,354,0,0,0,290,4,61,0,351,California
Sierra,2021-01-28,53,465,0,58,53,407,0,0,43,323,10,71,43,394,California
Sierra,2021-01-29,1,466,0,58,1,408,0,0,1,324,0,71,1,395,California
Sierra,2021-01-30,2,468,2,60,0,408,0,0,2,326,0,71,2,397,California
Sierra,2021-02-01,1,469,0,60,1,409,0,0,0,325,1,72,0,397,California
Sierra,2021-02-02,60,529,1,61,59,468,0,0,22,309,38,110,22,419,California
Sierra,2021-02-03,5,534,5,66,0,468,0,0,5,314,0,110,5,424,California
Sierra,2021-02-04,99,633,2,68,97,565,0,0,50,315,49,159,50,474,California
Sierra,2021-02-05,5,638,3,71,2,567,0,0,4,318,1,160,4,478,California
Sierra,2021-02-09,55,693,0,71,55,622,0,0,52,367,3,163,52,530,California
Sierra,2021-02-10,2,695,0,71,2,624,0,0,2,369,0,163,2,532,California
Sierra,2021-02-11,194,889,1,72,193,817,0,0,134,443,60,223,134,666,California
Sierra,2021-02-12,20,909,0,72,20,837,0,0,20,463,0,223,20,686,California
Sierra,2021-02-15,2,911,2,74,0,837,0,0,0,461,2,225,0,686,California
Sierra,2021-02-16,46,957,1,75,45,882,0,0,10,435,36,261,10,696,California
Sierra,2021-02-17,4,961,0,75,4,886,0,0,1,433,3,264,1,697,California
Sierra,2021-02-18,144,1105,0,75,144,1030,0,0,94,477,50,314,94,791,California
Sierra,2021-02-19,1,1106,0,75,1,1031,0,0,0,476,1,315,0,791,California
Sierra,2021-02-20,3,1109,2,77,1,1032,0,0,1,475,2,317,1,792,California
Sierra,2021-02-23,5,1114,0,77,5,1037,0,0,5,480,0,317,5,797,California
Sierra,2021-02-24,1,1115,0,77,1,1038,0,0,1,481,0,317,1,798,California
Sierra,2021-02-25,124,1239,1,78,123,1161,0,0,59,476,64,381,59,857,California
Sierra,2021-02-26,11,1250,6,84,5,1166,0,0,4,473,7,388,4,861,California
Sierra,2021-03-01,1,1251,1,85,0,1166,0,0,0,472,1,389,0,861,California
Sierra,2021-03-02,60,1311,0,85,60,1226,0,0,40,492,20,409,40,901,California
Sierra,2021-03-03,1,1312,1,86,0,1226,0,0,0,491,1,410,0,901,California
Sierra,2021-03-04,108,1420,0,86,108,1334,0,0,60,503,48,458,60,961,California
Sierra,2021-03-05,12,1432,0,86,12,1346,0,0,10,511,2,460,10,971,California
Sierra,2021-03-08,1,1433,1,87,0,1346,0,0,1,512,0,460,1,972,California
Sierra,2021-03-09,59,1492,0,87,59,1405,0,0,11,475,48,508,11,983,California
Sierra,2021-03-10,6,1498,0,87,6,1411,0,0,4,477,2,510,4,987,California
Sierra,2021-03-11,176,1674,1,88,175,1586,0,0,44,389,132,642,44,1031,California
Sierra,2021-03-12,19,1693,0,88,19,1605,0,0,0,370,19,661,0,1031,California
Sierra,2021-03-13,28,1721,0,88,28,1633,0,0,28,398,0,661,28,1059,California
Sierra,2021-03-15,2,1723,0,88,0,1633,2,2,0,398,2,663,2,1061,California
Sierra,2021-03-16,37,1760,0,88,36,1669,1,3,22,406,15,678,23,1084,California
Sierra,2021-03-17,1,1761,0,88,1,1670,0,3,0,405,1,679,0,1084,California
Sierra,2021-03-18,161,1922,0,88,161,1831,0,3,65,374,96,775,65,1149,California
Sierra,2021-03-19,3,1925,1,89,2,1833,0,3,0,371,3,778,0,1149,California
Sierra,2021-03-20,2,1927,0,89,2,1835,0,3,1,371,1,779,1,1150,California
Sierra,2021-03-23,23,1950,0,89,23,1858,0,3,13,374,10,789,13,1163,California
Sierra,2021-03-24,2,1952,0,89,2,1860,0,3,1,374,1,790,1,1164,California
Sierra,2021-03-25,99,2051,1,90,98,1958,0,3,50,375,49,839,50,1214,California
Sierra,2021-03-26,11,2062,0,90,11,1969,0,3,8,380,3,842,8,1222,California
Sierra,2021-03-27,1,2063,0,90,1,1970,0,3,0,379,1,843,0,1222,California
Sierra,2021-03-29,1,2064,1,91,0,1970,0,3,0,378,1,844,0,1222,California
Sierra,2021-03-30,60,2124,0,91,60,2030,0,3,26,370,34,878,26,1248,California
Sierra,2021-03-31,8,2132,0,91,8,2038,0,3,8,378,0,878,8,1256,California
Sierra,2021-04-01,63,2195,1,92,62,2100,0,3,5,327,56,934,5,1261,California
Sierra,2021-04-02,2,2197,1,93,1,2101,0,3,2,329,0,934,2,1263,California
Sierra,2021-04-04,1,2198,0,93,1,2102,0,3,0,329,0,934,0,1263,California
Sierra,2021-04-06,11,2209,0,93,11,2113,0,3,1,320,10,944,1,1264,California
Sierra,2021-04-07,13,2222,2,95,6,2119,5,8,2,317,10,954,7,1271,California
Sierra,2021-04-08,52,2274,2,97,50,2169,0,8,16,297,36,990,16,1287,California
Sierra,2021-04-09,1,2275,1,98,0,2169,0,8,1,298,0,990,1,1288,California
Sierra,2021-04-10,27,2302,0,98,27,2196,0,8,0,271,27,1017,0,1288,California
Sierra,2021-04-12,1,2303,0,98,0,2196,1,9,0,271,1,1018,1,1289,California
Sierra,2021-04-13,45,2348,0,98,45,2241,0,9,5,236,40,1058,5,1294,California
Sierra,2021-04-14,1,2349,0,98,1,2242,0,9,1,237,0,1058,1,1295,California
Sierra,2021-04-15,50,2399,2,100,48,2290,0,9,2,191,48,1106,2,1297,California
Sierra,2021-04-17,2,2401,1,101,1,2291,0,9,1,191,1,1107,1,1298,California
Sierra,2021-04-18,1,2402,0,101,1,2292,0,9,0,191,0,1107,0,1298,California
Sierra,2021-04-19,1,2403,0,101,1,2293,0,9,1,192,0,1107,1,1299,California
Sierra,2021-04-20,34,2437,2,103,32,2325,0,9,6,170,28,1135,6,1305,California
Sierra,2021-04-21,2,2439,1,104,1,2326,0,9,1,170,1,1136,1,1306,California
Sierra,2021-04-22,64,2503,1,105,63,2389,0,9,5,117,58,1194,5,1311,California
Sierra,2021-04-23,12,2515,0,105,12,2401,0,9,4,113,8,1202,4,1315,California
Sierra,2021-04-24,4,2519,0,105,4,2405,0,9,4,117,0,1202,4,1319,California
Sierra,2021-04-26,1,2520,0,105,1,2406,0,9,1,118,0,1202,1,1320,California
Sierra,2021-04-27,31,2551,0,105,31,2437,0,9,4,95,27,1229,4,1324,California
Sierra,2021-04-28,10,2561,2,107,8,2445,0,9,2,89,8,1237,2,1326,California
Sierra,2021-04-29,20,2581,2,109,18,2463,0,9,14,97,6,1243,14,1340,California
Sierra,2021-04-30,3,2584,1,110,2,2465,0,9,1,96,2,1245,1,1341,California
Sierra,2021-05-01,2,2586,0,110,2,2467,0,9,0,96,0,1245,0,1341,California
Sierra,2021-05-03,1,2587,1,111,0,2467,0,9,1,97,0,1245,1,1342,California
Sierra,2021-05-04,3,2590,1,112,1,2468,1,10,1,97,2,1247,2,1344,California
Sierra,2021-05-05,23,2613,1,113,22,2490,0,10,8,90,15,1262,8,1352,California
Sierra,2021-05-06,1,2614,1,114,0,2490,0,10,0,89,1,1263,0,1352,California
Sierra,2021-05-08,1,2615,0,114,0,2490,1,11,0,89,1,1264,1,1353,California
Sierra,2021-05-11,11,2626,0,114,4,2494,7,18,0,85,11,1275,7,1360,California
Sierra,2021-05-12,11,2637,1,115,10,2504,0,18,8,90,3,1278,8,1368,California
Sierra,2021-05-13,3,2640,2,117,1,2505,0,18,2,91,1,1279,2,1370,California
Sierra,2021-05-14,3,2643,1,118,2,2507,0,18,3,94,0,1279,3,1373,California
Sierra,2021-05-15,1,2644,0,118,0,2507,1,19,0,94,1,1280,1,1374,California
Sierra,2021-05-17,1,2645,1,119,0,2507,0,19,1,95,0,1280,1,1375,California
Sierra,2021-05-18,1,2646,0,119,0,2507,1,20,0,95,1,1281,1,1376,California
Sierra,2021-05-19,7,2653,3,122,4,2511,0,20,2,92,5,1286,2,1378,California
Sierra,2021-05-20,9,2662,8,130,0,2511,1,21,8,100,1,1287,9,1387,California
Sierra,2021-05-21,3,2665,1,131,2,2513,0,21,1,99,2,1289,1,1388,California
Sierra,2021-05-22,4,2669,0,131,4,2517,0,21,0,95,4,1293,0,1388,California
Sierra,2021-05-23,1,2670,0,131,1,2518,0,21,1,96,0,1293,1,1389,California
Sierra,2021-05-24,3,2673,1,132,2,2520,0,21,2,97,1,1294,2,1391,California
Sierra,2021-05-25,4,2677,1,133,3,2523,0,21,1,95,3,1297,1,1392,California
Sierra,2021-05-26,8,2685,0,133,8,2531,0,21,4,95,4,1301,4,1396,California
Sierra,2021-05-27,9,2694,1,134,7,2538,1,22,2,91,7,1308,3,1399,California
Sierra,2021-05-28,3,2697,1,135,2,2540,0,22,2,92,1,1309,2,1401,California
Sierra,2021-05-29,2,2699,0,135,2,2542,0,22,2,94,0,1309,2,1403,California
Sierra,2021-05-30,1,2700,1,136,0,2542,0,22,1,95,0,1309,1,1404,California
Sierra,2021-05-31,1,2701,0,136,1,2543,0,22,0,95,0,1309,0,1404,California
Sierra,2021-06-01,1,2702,0,136,1,2544,0,22,0,94,1,1310,0,1404,California
Sierra,2021-06-02,23,2725,0,136,21,2565,2,24,0,74,22,1332,2,1406,California
Sierra,2021-06-03,3,2728,2,138,1,2566,0,24,0,71,3,1335,0,1406,California
Sierra,2021-06-04,2,2730,2,140,0,2566,0,24,1,71,1,1336,1,1407,California
Sierra,2021-06-08,1,2731,1,141,0,2566,0,24,1,72,0,1336,1,1408,California
Sierra,2021-06-09,8,2739,1,142,5,2571,2,26,0,66,8,1344,2,1410,California
Sierra,2021-06-10,8,2747,8,150,0,2571,0,26,4,66,4,1348,4,1414,California
Sierra,2021-06-11,3,2750,1,151,2,2573,0,26,0,63,3,1351,0,1414,California
Sierra,2021-06-12,1,2751,1,152,0,2573,0,26,1,64,0,1351,1,1415,California
Sierra,2021-06-13,1,2752,1,153,0,2573,0,26,0,63,1,1352,0,1415,California
Sierra,2021-06-14,6,2758,4,157,1,2574,1,27,2,62,4,1356,3,1418,California
Sierra,2021-06-15,1,2759,0,157,1,2575,0,27,0,62,0,1356,0,1418,California
Sierra,2021-06-16,6,2765,1,158,5,2580,0,27,2,60,4,1360,2,1420,California
Sierra,2021-06-17,6,2771,3,161,1,2581,2,29,3,62,3,1363,5,1425,California
Sierra,2021-06-18,2,2773,1,162,0,2581,1,30,0,61,2,1365,1,1426,California
Siskiyou,2020-12-16,2,2,2,2,0,0,0,0,2,2,0,0,2,2,California
Siskiyou,2020-12-17,4,6,4,6,0,0,0,0,4,6,0,0,4,6,California
Siskiyou,2020-12-18,2,8,2,8,0,0,0,0,2,8,0,0,2,8,California
Siskiyou,2020-12-19,4,12,4,12,0,0,0,0,4,12,0,0,4,12,California
Siskiyou,2020-12-20,1,13,1,13,0,0,0,0,1,13,0,0,1,13,California
Siskiyou,2020-12-21,131,144,131,144,0,0,0,0,131,144,0,0,131,144,California
Siskiyou,2020-12-22,158,302,158,302,0,0,0,0,158,302,0,0,158,302,California
Siskiyou,2020-12-23,142,444,142,444,0,0,0,0,142,444,0,0,142,444,California
Siskiyou,2020-12-24,5,449,5,449,0,0,0,0,5,449,0,0,5,449,California
Siskiyou,2020-12-26,2,451,0,449,2,2,0,0,2,451,0,0,2,451,California
Siskiyou,2020-12-27,2,453,0,449,2,4,0,0,2,453,0,0,2,453,California
Siskiyou,2020-12-28,3,456,1,450,2,6,0,0,3,456,0,0,3,456,California
Siskiyou,2020-12-29,6,462,2,452,4,10,0,0,6,462,0,0,6,462,California
Siskiyou,2020-12-30,100,562,3,455,97,107,0,0,100,562,0,0,100,562,California
Siskiyou,2020-12-31,12,574,0,455,12,119,0,0,12,574,0,0,12,574,California
Siskiyou,2021-01-02,1,575,1,456,0,119,0,0,1,575,0,0,1,575,California
Siskiyou,2021-01-03,1,576,0,456,1,120,0,0,1,576,0,0,1,576,California
Siskiyou,2021-01-04,130,706,3,459,127,247,0,0,130,706,0,0,130,706,California
Siskiyou,2021-01-05,119,825,4,463,115,362,0,0,117,822,2,2,118,824,California
Siskiyou,2021-01-06,60,885,7,470,53,415,0,0,56,874,4,6,56,880,California
Siskiyou,2021-01-07,176,1061,4,474,172,587,0,0,175,1048,1,7,175,1055,California
Siskiyou,2021-01-08,39,1100,3,477,36,623,0,0,37,1083,2,9,37,1092,California
Siskiyou,2021-01-09,3,1103,3,480,0,623,0,0,1,1082,2,11,1,1093,California
Siskiyou,2021-01-11,224,1327,64,544,160,783,0,0,162,1182,62,73,162,1255,California
Siskiyou,2021-01-12,324,1651,274,818,50,833,0,0,91,1041,233,306,92,1347,California
Siskiyou,2021-01-13,158,1809,137,955,21,854,0,0,24,931,134,440,24,1371,California
Siskiyou,2021-01-14,35,1844,1,956,34,888,0,0,34,964,1,441,34,1405,California
Siskiyou,2021-01-15,55,1899,3,959,52,940,0,0,55,1019,0,441,55,1460,California
Siskiyou,2021-01-16,7,1906,2,961,5,945,0,0,7,1026,0,441,7,1467,California
Siskiyou,2021-01-17,1,1907,1,962,0,945,0,0,0,1025,1,442,0,1467,California
Siskiyou,2021-01-18,75,1982,3,965,72,1017,0,0,73,1096,2,444,73,1540,California
Siskiyou,2021-01-19,41,2023,1,966,40,1057,0,0,40,1135,1,445,40,1580,California
Siskiyou,2021-01-20,68,2091,35,1001,33,1090,0,0,64,1195,4,449,64,1644,California
Siskiyou,2021-01-21,66,2157,1,1002,65,1155,0,0,66,1261,0,449,66,1710,California
Siskiyou,2021-01-22,1340,3497,1173,2175,167,1322,0,0,1340,2601,0,449,1340,3050,California
Siskiyou,2021-01-23,6,3503,2,2177,4,1326,0,0,3,2601,3,452,3,3053,California
Siskiyou,2021-01-25,208,3711,8,2185,200,1526,0,0,204,2801,4,456,204,3257,California
Siskiyou,2021-01-26,101,3812,3,2188,98,1624,0,0,92,2884,9,465,92,3349,California
Siskiyou,2021-01-27,198,4010,2,2190,196,1820,0,0,133,2953,64,529,133,3482,California
Siskiyou,2021-01-28,260,4270,118,2308,142,1962,0,0,235,3169,19,548,235,3717,California
Siskiyou,2021-01-29,272,4542,3,2311,269,2231,0,0,253,3403,19,567,253,3970,California
Siskiyou,2021-01-30,6,4548,5,2316,1,2232,0,0,6,3409,0,567,6,3976,California
Siskiyou,2021-02-01,214,4762,3,2319,211,2443,0,0,114,3423,100,667,114,4090,California
Siskiyou,2021-02-02,310,5072,45,2364,265,2708,0,0,157,3427,153,820,157,4247,California
Siskiyou,2021-02-03,335,5407,1,2365,334,3042,0,0,264,3620,71,891,264,4511,California
Siskiyou,2021-02-04,358,5765,7,2372,351,3393,0,0,220,3702,138,1029,220,4731,California
Siskiyou,2021-02-05,543,6308,4,2376,539,3932,0,0,369,3897,174,1203,369,5100,California
Siskiyou,2021-02-06,15,6323,0,2376,15,3947,0,0,15,3912,0,1203,15,5115,California
Siskiyou,2021-02-07,2,6325,1,2377,1,3948,0,0,2,3914,0,1203,2,5117,California
Siskiyou,2021-02-08,237,6562,4,2381,233,4181,0,0,212,4101,25,1228,212,5329,California
Siskiyou,2021-02-09,243,6805,2,2383,241,4422,0,0,190,4238,53,1281,190,5519,California
Siskiyou,2021-02-10,389,7194,41,2424,348,4770,0,0,319,4488,69,1350,319,5838,California
Siskiyou,2021-02-11,215,7409,1,2425,214,4984,0,0,186,4645,29,1379,186,6024,California
Siskiyou,2021-02-12,1702,9111,1198,3623,504,5488,0,0,498,3939,1204,2583,498,6522,California
Siskiyou,2021-02-13,37,9148,2,3625,35,5523,0,0,32,3966,5,2588,32,6554,California
Siskiyou,2021-02-14,6,9154,2,3627,4,5527,0,0,6,3972,0,2588,6,6560,California
Siskiyou,2021-02-15,98,9252,1,3628,97,5624,0,0,96,4066,2,2590,96,6656,California
Siskiyou,2021-02-16,136,9388,2,3630,134,5758,0,0,100,4130,36,2626,100,6756,California
Siskiyou,2021-02-17,285,9673,4,3634,281,6039,0,0,250,4345,35,2661,250,7006,California
Siskiyou,2021-02-18,269,9942,88,3722,181,6220,0,0,127,4330,142,2803,127,7133,California
Siskiyou,2021-02-19,95,10037,34,3756,61,6281,0,0,35,4307,58,2861,35,7168,California
Siskiyou,2021-02-20,23,10060,5,3761,18,6299,0,0,16,4318,7,2868,18,7186,California
Siskiyou,2021-02-21,1,10061,1,3762,0,6299,0,0,1,4319,0,2868,1,7187,California
Siskiyou,2021-02-22,208,10269,2,3764,206,6505,0,0,76,4263,132,3000,76,7263,California
Siskiyou,2021-02-23,276,10545,15,3779,261,6766,0,0,183,4353,93,3093,183,7446,California
Siskiyou,2021-02-24,171,10716,5,3784,166,6932,0,0,49,4280,122,3215,49,7495,California
Siskiyou,2021-02-25,298,11014,14,3798,284,7216,0,0,144,4271,153,3368,144,7639,California
Siskiyou,2021-02-26,668,11682,7,3805,661,7877,0,0,364,4331,304,3672,364,8003,California
Siskiyou,2021-02-27,32,11714,5,3810,27,7904,0,0,28,4355,4,3676,28,8031,California
Siskiyou,2021-02-28,4,11718,4,3814,0,7904,0,0,3,4357,1,3677,3,8034,California
Siskiyou,2021-03-01,290,12008,5,3819,285,8189,0,0,49,4165,241,3918,49,8083,California
Siskiyou,2021-03-02,203,12211,1,3820,202,8391,0,0,69,4100,134,4052,69,8152,California
Siskiyou,2021-03-03,347,12558,11,3831,336,8727,0,0,153,4059,194,4246,153,8305,California
Siskiyou,2021-03-04,817,13375,616,4447,201,8928,0,0,641,4524,176,4422,641,8946,California
Siskiyou,2021-03-05,346,13721,5,4452,330,9258,11,11,106,4404,237,4659,117,9063,California
Siskiyou,2021-03-06,42,13763,3,4455,32,9290,7,18,27,4423,15,4674,34,9097,California
Siskiyou,2021-03-07,11,13774,3,4458,0,9290,8,26,1,4422,10,4684,9,9106,California
Siskiyou,2021-03-08,359,14133,21,4479,304,9594,34,60,68,4233,291,4975,102,9208,California
Siskiyou,2021-03-09,175,14308,2,4481,118,9712,55,115,42,4197,133,5108,97,9305,California
Siskiyou,2021-03-10,220,14528,6,4487,184,9896,30,145,24,4055,196,5304,54,9359,California
Siskiyou,2021-03-11,492,15020,205,4692,241,10137,46,191,283,4176,208,5512,329,9688,California
Siskiyou,2021-03-12,653,15673,141,4833,473,10610,39,230,184,3932,467,5979,223,9911,California
Siskiyou,2021-03-13,428,16101,379,5212,26,10636,23,253,379,4285,49,6028,402,10313,California
Siskiyou,2021-03-14,20,16121,1,5213,3,10639,16,269,2,4285,18,6046,18,10331,California
Siskiyou,2021-03-15,494,16615,258,5471,173,10812,63,332,319,4492,175,6221,382,10713,California
Siskiyou,2021-03-16,258,16873,34,5505,208,11020,16,348,141,4533,116,6337,157,10870,California
Siskiyou,2021-03-17,200,17073,8,5513,184,11204,8,356,33,4407,167,6504,41,10911,California
Siskiyou,2021-03-18,921,17994,783,6296,126,11330,12,368,805,5108,116,6620,817,11728,California
Siskiyou,2021-03-19,62,18056,5,6301,44,11374,13,381,18,5095,44,6664,31,11759,California
Siskiyou,2021-03-20,29,18085,7,6308,18,11392,4,385,6,5082,23,6687,10,11769,California
Siskiyou,2021-03-21,10,18095,4,6312,1,11393,5,390,4,5085,6,6693,9,11778,California
Siskiyou,2021-03-22,208,18303,19,6331,166,11559,23,413,145,5193,60,6753,168,11946,California
Siskiyou,2021-03-23,164,18467,19,6350,136,11695,9,422,121,5279,43,6796,129,12075,California
Siskiyou,2021-03-24,142,18609,47,6397,95,11790,0,422,115,5367,27,6823,115,12190,California
Siskiyou,2021-03-25,561,19170,313,6710,245,12035,3,425,392,5593,169,6992,395,12585,California
Siskiyou,2021-03-26,302,19472,34,6744,268,12303,0,425,103,5499,197,7189,103,12688,California
Siskiyou,2021-03-27,38,19510,6,6750,27,12330,5,430,10,5486,28,7217,15,12703,California
Siskiyou,2021-03-28,7,19517,6,6756,1,12331,0,430,5,5489,2,7219,5,12708,California
Siskiyou,2021-03-29,93,19610,10,6766,81,12412,2,432,43,5484,50,7269,45,12753,California
Siskiyou,2021-03-30,102,19712,6,6772,95,12507,1,433,41,5465,61,7330,42,12795,California
Siskiyou,2021-03-31,176,19888,8,6780,165,12672,3,436,48,5391,126,7456,52,12847,California
Siskiyou,2021-04-01,824,20712,666,7446,158,12830,0,436,213,4993,611,8067,213,13060,California
Siskiyou,2021-04-02,347,21059,197,7643,146,12976,4,440,65,4782,280,8347,69,13129,California
Siskiyou,2021-04-03,26,21085,5,7648,14,12990,7,447,5,4773,21,8368,12,13141,California
Siskiyou,2021-04-04,2,21087,1,7649,1,12991,0,447,1,4773,1,8369,1,13142,California
Siskiyou,2021-04-05,438,21525,332,7981,81,13072,25,472,28,4417,409,8778,53,13195,California
Siskiyou,2021-04-06,219,21744,36,8017,130,13202,53,525,125,4502,92,8870,177,13372,California
Siskiyou,2021-04-07,114,21858,11,8028,62,13264,41,566,64,4558,50,8920,106,13478,California
Siskiyou,2021-04-08,341,22199,173,8201,125,13389,43,609,63,4386,278,9198,106,13584,California
Siskiyou,2021-04-09,545,22744,377,8578,130,13519,38,647,84,4049,460,9658,123,13707,California
Siskiyou,2021-04-10,46,22790,6,8584,3,13522,37,684,7,4054,39,9697,44,13751,California
Siskiyou,2021-04-11,6,22796,4,8588,1,13523,1,685,1,4051,5,9702,2,13753,California
Siskiyou,2021-04-12,128,22924,23,8611,104,13627,1,686,49,4022,79,9781,50,13803,California
Siskiyou,2021-04-13,204,23128,36,8647,167,13794,1,687,81,3981,123,9904,82,13885,California
Siskiyou,2021-04-14,156,23284,64,8711,92,13886,0,687,85,3997,69,9973,85,13970,California
Siskiyou,2021-04-15,1112,24396,954,9665,158,14044,0,687,434,3754,678,10651,435,14405,California
Siskiyou,2021-04-16,301,24697,210,9875,91,14135,0,687,268,3990,32,10683,268,14673,California
Siskiyou,2021-04-17,11,24708,8,9883,3,14138,0,687,6,3991,5,10688,6,14679,California
Siskiyou,2021-04-18,5,24713,3,9886,2,14140,0,687,1,3988,4,10692,1,14680,California
Siskiyou,2021-04-19,129,24842,24,9910,105,14245,0,687,46,3951,83,10775,46,14726,California
Siskiyou,2021-04-20,210,25052,4,9914,206,14451,0,687,89,3920,120,10895,89,14815,California
Siskiyou,2021-04-21,93,25145,10,9924,83,14534,0,687,24,3875,69,10964,24,14839,California
Siskiyou,2021-04-22,404,25549,294,10218,110,14644,0,687,48,3567,356,11320,48,14887,California
Siskiyou,2021-04-23,179,25728,14,10232,165,14809,0,687,157,3703,21,11341,157,15044,California
Siskiyou,2021-04-24,27,25755,4,10236,23,14832,0,687,20,3716,7,11348,20,15064,California
Siskiyou,2021-04-25,2,25757,0,10236,2,14834,0,687,2,3718,0,11348,2,15066,California
Siskiyou,2021-04-26,99,25856,5,10241,89,14923,5,692,25,3674,74,11422,30,15096,California
Siskiyou,2021-04-27,114,25970,4,10245,108,15031,2,694,86,3736,26,11448,88,15184,California
Siskiyou,2021-04-28,110,26080,7,10252,95,15126,8,702,53,3740,57,11505,61,15245,California
Siskiyou,2021-04-29,147,26227,15,10267,131,15257,1,703,30,3654,117,11622,31,15276,California
Siskiyou,2021-04-30,102,26329,21,10288,80,15337,1,704,44,3643,55,11677,44,15320,California
Siskiyou,2021-05-01,11,26340,7,10295,1,15338,3,707,7,3649,4,11681,10,15330,California
Siskiyou,2021-05-02,10,26350,4,10299,6,15344,0,707,8,3655,2,11683,8,15338,California
Siskiyou,2021-05-03,104,26454,23,10322,79,15423,2,709,43,3639,61,11744,45,15383,California
Siskiyou,2021-05-04,120,26574,6,10328,112,15535,2,711,60,3642,59,11803,62,15445,California
Siskiyou,2021-05-05,115,26689,19,10347,87,15622,9,720,39,3615,75,11878,48,15493,California
Siskiyou,2021-05-06,364,27053,295,10642,63,15685,6,726,190,3637,174,12052,196,15689,California
Siskiyou,2021-05-07,307,27360,219,10861,83,15768,5,731,31,3398,275,12327,36,15725,California
Siskiyou,2021-05-08,24,27384,3,10864,20,15788,1,732,18,3411,6,12333,19,15744,California
Siskiyou,2021-05-09,1,27385,0,10864,1,15789,0,732,0,3410,1,12334,0,15744,California
Siskiyou,2021-05-10,99,27484,67,10931,31,15820,1,733,22,3356,77,12411,23,15767,California
Siskiyou,2021-05-11,87,27571,8,10939,74,15894,5,738,51,3376,36,12447,56,15823,California
Siskiyou,2021-05-12,57,27628,4,10943,48,15942,5,743,16,3356,41,12488,21,15844,California
Siskiyou,2021-05-13,81,27709,34,10977,38,15980,9,752,37,3358,44,12532,46,15890,California
Siskiyou,2021-05-14,174,27883,81,11058,92,16072,1,753,106,3398,67,12599,107,15997,California
Siskiyou,2021-05-15,43,27926,13,11071,28,16100,2,755,36,3430,6,12605,38,16035,California
Siskiyou,2021-05-16,6,27932,2,11073,4,16104,0,755,4,3432,2,12607,4,16039,California
Siskiyou,2021-05-17,63,27995,2,11075,38,16142,23,778,11,3414,52,12659,34,16073,California
Siskiyou,2021-05-18,215,28210,82,11157,129,16271,4,782,123,3450,91,12750,127,16200,California
Siskiyou,2021-05-19,155,28365,97,11254,57,16328,1,783,125,3546,30,12780,126,16326,California
Siskiyou,2021-05-20,526,28891,425,11679,99,16427,2,785,231,3487,292,13072,233,16559,California
Siskiyou,2021-05-21,198,29089,96,11775,102,16529,0,785,110,3510,87,13159,110,16669,California
Siskiyou,2021-05-22,40,29129,19,11794,21,16550,0,785,25,3520,15,13174,25,16694,California
Siskiyou,2021-05-23,4,29133,3,11797,1,16551,0,785,2,3520,2,13176,2,16696,California
Siskiyou,2021-05-24,18,29151,3,11800,15,16566,0,785,5,3513,12,13188,5,16701,California
Siskiyou,2021-05-25,156,29307,16,11816,120,16686,20,805,50,3479,104,13292,70,16771,California
Siskiyou,2021-05-26,76,29383,19,11835,57,16743,0,805,41,3485,35,13327,41,16812,California
Siskiyou,2021-05-27,130,29513,92,11927,37,16780,1,806,55,3466,75,13402,56,16868,California
Siskiyou,2021-05-28,151,29664,56,11983,94,16874,1,807,100,3517,50,13452,101,16969,California
Siskiyou,2021-05-29,16,29680,9,11992,4,16878,3,810,5,3514,11,13463,8,16977,California
Siskiyou,2021-05-31,2,29682,1,11993,0,16878,1,811,1,3515,1,13464,2,16979,California
Siskiyou,2021-06-01,86,29768,20,12013,66,16944,0,811,29,3488,56,13520,29,17008,California
Siskiyou,2021-06-02,118,29886,35,12048,83,17027,0,811,44,3458,74,13594,44,17052,California
Siskiyou,2021-06-03,150,30036,103,12151,42,17069,5,816,34,3381,116,13710,39,17091,California
Siskiyou,2021-06-04,98,30134,76,12227,22,17091,0,816,19,3321,79,13789,19,17110,California
Siskiyou,2021-06-05,37,30171,17,12244,19,17110,1,817,16,3317,21,13810,17,17127,California
Siskiyou,2021-06-06,3,30174,2,12246,0,17110,1,818,0,3315,3,13813,1,17128,California
Siskiyou,2021-06-07,37,30211,4,12250,30,17140,3,821,26,3333,11,13824,29,17157,California
Siskiyou,2021-06-08,209,30420,92,12342,114,17254,3,824,65,3262,139,13963,68,17225,California
Siskiyou,2021-06-09,112,30532,83,12425,28,17282,1,825,30,3211,82,14045,31,17256,California
Siskiyou,2021-06-10,174,30706,143,12568,31,17313,0,825,77,3191,97,14142,77,17333,California
Siskiyou,2021-06-11,112,30818,60,12628,45,17358,7,832,23,3153,68,14210,30,17363,California
Siskiyou,2021-06-12,29,30847,6,12634,23,17381,0,832,9,3142,20,14230,9,17372,California
Siskiyou,2021-06-13,24,30871,16,12650,8,17389,0,832,2,3122,22,14252,2,17374,California
Siskiyou,2021-06-14,24,30895,4,12654,16,17405,4,836,11,3123,13,14265,14,17388,California
Siskiyou,2021-06-15,87,30982,21,12675,54,17459,12,848,33,3114,54,14319,45,17433,California
Siskiyou,2021-06-16,102,31084,23,12698,77,17536,2,850,49,3112,53,14372,51,17484,California
Siskiyou,2021-06-17,174,31258,135,12833,29,17565,10,860,38,3025,135,14507,48,17532,California
Siskiyou,2021-06-18,79,31337,51,12884,22,17587,6,866,12,2977,66,14573,18,17550,California
Siskiyou,2021-06-19,2,31339,2,12886,0,17587,0,866,0,2975,2,14575,0,17550,California
Solano,2020-12-15,4,4,4,4,0,0,0,0,4,4,0,0,4,4,California
Solano,2020-12-16,70,74,70,74,0,0,0,0,70,74,0,0,70,74,California
Solano,2020-12-17,168,242,168,242,0,0,0,0,168,242,0,0,168,242,California
Solano,2020-12-18,472,714,471,713,1,1,0,0,472,714,0,0,472,714,California
Solano,2020-12-19,521,1235,521,1234,0,1,0,0,521,1235,0,0,521,1235,California
Solano,2020-12-20,350,1585,348,1582,2,3,0,0,350,1585,0,0,350,1585,California
Solano,2020-12-21,575,2160,573,2155,2,5,0,0,575,2160,0,0,575,2160,California
Solano,2020-12-22,660,2820,627,2782,33,38,0,0,660,2820,0,0,660,2820,California
Solano,2020-12-23,855,3675,762,3544,93,131,0,0,854,3673,1,1,854,3674,California
Solano,2020-12-24,413,4088,163,3707,250,381,0,0,413,4086,0,1,413,4087,California
Solano,2020-12-25,9,4097,1,3708,8,389,0,0,9,4095,0,1,9,4096,California
Solano,2020-12-26,171,4268,45,3753,126,515,0,0,171,4266,0,1,171,4267,California
Solano,2020-12-27,107,4375,29,3782,78,593,0,0,107,4373,0,1,107,4374,California
Solano,2020-12-28,874,5249,425,4207,449,1042,0,0,874,5247,0,1,874,5248,California
Solano,2020-12-29,912,6161,373,4580,539,1581,0,0,912,6159,0,1,912,6160,California
Solano,2020-12-30,1232,7393,595,5175,637,2218,0,0,1232,7391,0,1,1232,7392,California
Solano,2020-12-31,542,7935,139,5314,403,2621,0,0,542,7933,0,1,542,7934,California
Solano,2021-01-01,15,7950,14,5328,1,2622,0,0,15,7948,0,1,15,7949,California
Solano,2021-01-02,214,8164,165,5493,49,2671,0,0,214,8162,0,1,214,8163,California
Solano,2021-01-03,56,8220,40,5533,16,2687,0,0,50,8212,0,1,50,8213,California
Solano,2021-01-04,447,8667,239,5772,208,2895,0,0,438,8648,2,3,438,8651,California
Solano,2021-01-05,731,9398,378,6150,353,3248,0,0,572,9066,154,157,572,9223,California
Solano,2021-01-06,842,10240,433,6583,409,3657,0,0,574,9374,266,423,574,9797,California
Solano,2021-01-07,1063,11303,674,7257,389,4046,0,0,594,9502,467,890,595,10392,California
Solano,2021-01-08,1145,12448,778,8035,367,4413,0,0,547,9471,580,1470,549,10941,California
Solano,2021-01-09,897,13345,768,8803,129,4542,0,0,438,9453,456,1926,438,11379,California
Solano,2021-01-10,262,13607,192,8995,70,4612,0,0,162,9515,100,2026,162,11541,California
Solano,2021-01-11,1339,14946,1123,10118,216,4828,0,0,820,9816,519,2545,820,12361,California
Solano,2021-01-12,1563,16509,1163,11281,400,5228,0,0,1022,10299,540,3085,1023,13384,California
Solano,2021-01-13,1473,17982,1004,12285,469,5697,0,0,1217,11262,254,3339,1217,14601,California
Solano,2021-01-14,1900,19882,811,13096,1089,6786,0,0,1589,12541,310,3649,1589,16190,California
Solano,2021-01-15,1712,21594,1058,14154,654,7440,0,0,1415,13659,297,3946,1415,17605,California
Solano,2021-01-16,1300,22894,909,15063,391,7831,0,0,1129,14617,171,4117,1129,18734,California
Solano,2021-01-17,1053,23947,758,15821,295,8126,0,0,1033,15631,20,4137,1034,19768,California
Solano,2021-01-18,1428,25375,856,16677,572,8698,0,0,1310,16824,118,4255,1311,21079,California
Solano,2021-01-19,1662,27037,1342,18019,320,9018,0,0,1394,17951,267,4522,1394,22473,California
Solano,2021-01-20,2056,29093,1430,19449,626,9644,0,0,1567,19032,486,5008,1567,24040,California
Solano,2021-01-21,3235,32328,1027,20476,2208,11852,0,0,2884,21566,351,5359,2885,26925,California
Solano,2021-01-22,1791,34119,852,21328,939,12791,0,0,1593,22963,197,5556,1594,28519,California
Solano,2021-01-23,736,34855,241,21569,495,13286,0,0,532,23291,205,5761,533,29052,California
Solano,2021-01-24,405,35260,62,21631,343,13629,0,0,336,23558,69,5830,336,29388,California
Solano,2021-01-25,1685,36945,633,22264,1052,14681,0,0,1124,24123,560,6390,1125,30513,California
Solano,2021-01-26,1816,38761,749,23013,1067,15748,0,0,1171,24650,645,7035,1172,31685,California
Solano,2021-01-27,1819,40580,729,23742,1090,16838,0,0,1200,25235,615,7650,1200,32885,California
Solano,2021-01-28,1965,42545,709,24451,1256,18094,0,0,1374,26020,590,8240,1375,34260,California
Solano,2021-01-29,1728,44273,790,25241,938,19032,0,0,1363,27021,362,8602,1363,35623,California
Solano,2021-01-30,941,45214,435,25676,506,19538,0,0,613,27307,328,8930,614,36237,California
Solano,2021-01-31,270,45484,180,25856,90,19628,0,0,174,27385,96,9026,174,36411,California
Solano,2021-02-01,1561,47045,1035,26891,526,20154,0,0,778,27384,779,9805,778,37189,California
Solano,2021-02-02,3380,50425,1093,27984,2287,22441,0,0,2568,29144,808,10613,2568,39757,California
Solano,2021-02-03,2277,52702,1314,29298,963,23404,0,0,1177,29225,1097,11710,1178,40935,California
Solano,2021-02-04,1818,54520,906,30204,912,24316,0,0,1082,29576,731,12441,1082,42017,California
Solano,2021-02-05,3129,57649,1421,31625,1708,26024,0,0,2118,30690,1004,13445,2118,44135,California
Solano,2021-02-06,3096,60745,1176,32801,1920,27944,0,0,2268,32134,824,14269,2268,46403,California
Solano,2021-02-07,857,61602,783,33584,74,28018,0,0,237,31752,619,14888,237,46640,California
Solano,2021-02-08,1768,63370,1235,34819,533,28551,0,0,721,31428,1045,15933,721,47361,California
Solano,2021-02-09,1950,65320,1490,36309,460,29011,0,0,692,30863,1257,17190,692,48053,California
Solano,2021-02-10,2276,67596,1501,37810,775,29786,0,0,825,30238,1450,18640,825,48878,California
Solano,2021-02-11,2532,70128,1494,39304,1038,30824,0,0,1196,30109,1325,19965,1196,50074,California
Solano,2021-02-12,4278,74406,1634,40938,2644,33468,0,0,2927,31692,1344,21309,2927,53001,California
Solano,2021-02-13,2871,77277,244,41182,2627,36095,0,0,2458,33741,409,21718,2458,55459,California
Solano,2021-02-14,728,78005,204,41386,524,36619,0,0,406,33828,320,22038,407,55866,California
Solano,2021-02-15,1268,79273,264,41650,1004,37623,0,0,649,33858,619,22657,649,56515,California
Solano,2021-02-16,2566,81839,1387,43037,1179,38802,0,0,1668,34630,897,23554,1669,58184,California
Solano,2021-02-17,3255,85094,1450,44487,1805,40607,0,0,2209,35797,1043,24597,2210,60394,California
Solano,2021-02-18,2921,88015,840,45327,2081,42688,0,0,853,34589,2062,26659,854,61248,California
Solano,2021-02-19,2483,90498,1454,46781,1029,43717,0,0,1175,34464,1302,27961,1177,62425,California
Solano,2021-02-20,2751,93249,387,47168,2364,46081,0,0,2240,36192,512,28473,2240,64665,California
Solano,2021-02-21,2334,95583,2013,49181,321,46402,0,0,2011,37884,319,28792,2011,66676,California
Solano,2021-02-22,1807,97390,1060,50241,747,47149,0,0,941,37963,863,29655,942,67618,California
Solano,2021-02-23,2971,100361,1147,51388,1824,48973,0,0,2020,39035,948,30603,2020,69638,California
Solano,2021-02-24,2544,102905,1267,52655,1277,50250,0,0,1414,39323,1127,31730,1415,71053,California
Solano,2021-02-25,2570,105475,1569,54224,1001,51251,0,0,1424,39606,1141,32871,1424,72477,California
Solano,2021-02-26,3549,109024,2274,56498,1275,52526,0,0,2101,40264,1443,34314,2101,74578,California
Solano,2021-02-27,3998,113022,1541,58039,2456,54982,1,1,3231,42737,759,35073,3232,77810,California
Solano,2021-02-28,1932,114954,1561,59600,370,55352,1,2,1605,44020,323,35396,1606,79416,California
Solano,2021-03-01,2748,117702,1227,60827,1520,56872,1,3,2077,45434,664,36060,2078,81494,California
Solano,2021-03-02,2291,119993,1407,62234,884,57756,0,3,1298,45740,992,37052,1298,82792,California
Solano,2021-03-03,2262,122255,1266,63500,996,58752,0,3,1397,46282,856,37908,1398,84190,California
Solano,2021-03-04,4392,126647,3437,66937,953,59705,2,5,3156,48217,1226,39134,3161,87351,California
Solano,2021-03-05,4962,131609,1685,68622,3272,62977,5,10,3985,51240,967,40101,3990,91341,California
Solano,2021-03-06,3882,135491,831,69453,3012,65989,39,49,2663,52735,1207,41308,2702,94043,California
Solano,2021-03-07,3610,139101,763,70216,2837,68826,10,59,1973,53095,1624,42932,1984,96027,California
Solano,2021-03-08,2144,141245,1353,71569,522,69348,269,328,1613,54452,523,43455,1880,97907,California
Solano,2021-03-09,3226,144471,1565,73134,1607,70955,54,382,2329,55934,897,44352,2379,100286,California
Solano,2021-03-10,2418,146889,1757,74891,576,71531,85,467,1271,56147,1142,45494,1355,101641,California
Solano,2021-03-11,6038,152927,1756,76647,4030,75561,252,719,4996,60358,1038,46532,5249,106890,California
Solano,2021-03-12,6057,158984,1567,78214,4311,79872,179,898,3172,60829,2879,49411,3350,110240,California
Solano,2021-03-13,4606,163590,813,79027,3713,83585,80,978,2248,60808,2351,51762,2330,112570,California
Solano,2021-03-14,4029,167619,3146,82173,416,84001,467,1445,1542,60332,2482,54244,2006,114576,California
Solano,2021-03-15,4034,171653,2463,84636,1240,85241,331,1776,2513,61661,1513,55757,2842,117418,California
Solano,2021-03-16,3067,174720,1312,85948,1521,86762,234,2010,1548,61927,1515,57272,1781,119199,California
Solano,2021-03-17,6507,181227,1674,87622,4738,91500,95,2105,4953,65424,1551,58823,5048,124247,California
Solano,2021-03-18,5238,186465,1849,89471,3349,94849,40,2145,3759,67753,1471,60294,3800,128047,California
Solano,2021-03-19,3589,190054,2645,92116,868,95717,76,2221,1628,67505,1953,62247,1705,129752,California
Solano,2021-03-20,5613,195667,1684,93800,3878,99595,51,2272,2650,67252,2954,65201,2701,132453,California
Solano,2021-03-21,1678,197345,1577,95377,76,99671,25,2297,367,66335,1307,66508,390,132843,California
Solano,2021-03-22,2688,200033,2046,97423,593,100264,49,2346,1557,66814,1124,67632,1603,134446,California
Solano,2021-03-23,3589,203622,1689,99112,1855,102119,45,2391,1403,66080,2181,69813,1447,135893,California
Solano,2021-03-24,2835,206457,1774,100886,1027,103146,34,2425,1359,66003,1468,71281,1391,137284,California
Solano,2021-03-25,4884,211341,4005,104891,844,103990,35,2460,2274,65706,2605,73886,2308,139592,California
Solano,2021-03-26,3247,214588,2115,107006,1094,105084,38,2498,1744,65998,1493,75379,1785,141377,California
Solano,2021-03-27,4220,218808,1154,108160,3028,108112,38,2536,1658,65136,2556,77935,1694,143071,California
Solano,2021-03-28,1428,220236,1119,109279,292,108404,17,2553,542,64813,882,78817,559,143630,California
Solano,2021-03-29,3537,223773,2047,111326,1473,109877,17,2570,1553,64412,1972,80789,1571,145201,California
Solano,2021-03-30,3052,226825,2016,113342,935,110812,101,2671,1897,65256,1153,81942,1997,147198,California
Solano,2021-03-31,3142,229967,2138,115480,846,111658,158,2829,1837,65945,1302,83244,1991,149189,California
Solano,2021-04-01,5567,235534,2111,117591,3305,114963,151,2980,3514,67570,2040,85284,3665,152854,California
Solano,2021-04-02,6636,242170,2219,119810,4251,119214,166,3146,2544,66202,4076,89360,2708,155562,California
Solano,2021-04-03,1527,243697,969,120779,406,119620,152,3298,564,65956,961,90321,715,156277,California
Solano,2021-04-04,777,244474,286,121065,187,119807,304,3602,236,65959,537,90858,540,156817,California
Solano,2021-04-05,2991,247465,2053,123118,729,120536,209,3811,1514,66205,1475,92333,1721,158538,California
Solano,2021-04-06,6095,253560,1636,124754,3974,124510,485,4296,1648,63900,4438,96771,2133,160671,California
Solano,2021-04-07,5991,259551,4636,129390,954,125464,401,4697,3419,65166,2552,99323,3818,164489,California
Solano,2021-04-08,6490,266041,1789,131179,3829,129293,872,5569,1807,63186,4653,103976,2673,167162,California
Solano,2021-04-09,6322,272363,1663,132842,3798,133091,861,6430,1518,60786,4779,108755,2379,169541,California
Solano,2021-04-10,1757,274120,966,133808,455,133546,336,6766,810,60985,946,109701,1145,170686,California
Solano,2021-04-11,1199,275319,769,134577,325,133871,105,6871,643,61180,553,110254,748,171434,California
Solano,2021-04-12,3285,278604,1702,136279,1219,135090,364,7235,1358,60976,1923,112177,1719,173153,California
Solano,2021-04-13,2540,281144,1105,137384,1434,136524,1,7236,1326,61092,1211,113388,1327,174480,California
Solano,2021-04-14,6545,287689,1963,139347,4582,141106,0,7236,1853,58274,4684,118072,1866,176346,California
Solano,2021-04-15,5740,293429,2161,141508,3578,144684,1,7237,1745,56045,3981,122053,1752,178098,California
Solano,2021-04-16,3710,297139,2613,144121,1095,145779,2,7239,2301,56947,1401,123454,2303,180401,California
Solano,2021-04-17,3280,300419,1067,145188,2213,147992,0,7239,1118,55917,2153,125607,1123,181524,California
Solano,2021-04-18,1001,301420,613,145801,388,148380,0,7239,526,55969,474,126081,526,182050,California
Solano,2021-04-19,2144,303564,1157,146958,987,149367,0,7239,1166,56165,972,127053,1168,183218,California
Solano,2021-04-20,3018,306582,1831,148789,1187,150554,0,7239,1675,56506,1337,128390,1678,184896,California
Solano,2021-04-21,3809,310391,2322,151111,1487,152041,0,7239,2006,56718,1794,130184,2006,186902,California
Solano,2021-04-22,3005,313396,1487,152598,1518,153559,0,7239,1791,57297,1212,131396,1791,188693,California
Solano,2021-04-23,4154,317550,2092,154690,2062,155621,0,7239,2512,58174,1636,133032,2513,191206,California
Solano,2021-04-24,3889,321439,2342,157032,1545,157166,2,7241,2584,59541,1219,134251,2586,193792,California
Solano,2021-04-25,1432,322871,1115,158147,317,157483,0,7241,1134,60384,291,134542,1134,194926,California
Solano,2021-04-26,2582,325453,1665,159812,913,158396,4,7245,1424,60667,1145,135687,1428,196354,California
Solano,2021-04-27,2584,328037,1283,161095,1271,159667,30,7275,1461,61047,1112,136799,1492,197846,California
Solano,2021-04-28,6054,334091,5005,166100,1003,160670,46,7321,3785,62621,2257,139056,3831,201677,California
Solano,2021-04-29,4537,338628,1441,167541,3062,163732,34,7355,2048,62221,2482,141538,2082,203759,California
Solano,2021-04-30,4112,342740,2177,169718,1794,165526,141,7496,1896,62058,2200,143738,2037,205796,California
Solano,2021-05-01,2179,344919,1677,171395,301,165827,201,7697,1293,62671,881,144619,1494,207290,California
Solano,2021-05-02,1206,346125,950,172345,230,166057,26,7723,669,62834,532,145151,695,207985,California
Solano,2021-05-03,1463,347588,1016,173361,360,166417,87,7810,598,62657,863,146014,686,208671,California
Solano,2021-05-04,1803,349391,1044,174405,693,167110,66,7876,810,62541,992,147006,876,209547,California
Solano,2021-05-05,2282,351673,1424,175829,743,167853,115,7991,1092,62560,1186,148192,1205,210752,California
Solano,2021-05-06,2006,353679,1192,177021,603,168456,211,8202,734,62238,1260,149452,938,211690,California
Solano,2021-05-07,2829,356508,1973,178994,737,169193,119,8321,979,61492,1842,151294,1096,212786,California
Solano,2021-05-08,1447,357955,903,179897,428,169621,116,8437,548,61261,895,152189,664,213450,California
Solano,2021-05-09,441,358396,264,180161,166,169787,11,8448,177,61189,261,152450,189,213639,California
Solano,2021-05-10,1328,359724,608,180769,614,170401,106,8554,391,60753,932,153382,496,214135,California
Solano,2021-05-11,2262,361986,1139,181908,1034,171435,89,8643,637,59859,1620,155002,726,214861,California
Solano,2021-05-12,2124,364110,1202,183110,746,172181,176,8819,697,59316,1413,156415,870,215731,California
Solano,2021-05-13,3029,367139,2071,185181,746,172927,212,9031,1600,59702,1426,157841,1812,217543,California
Solano,2021-05-14,2412,369551,1628,186809,662,173589,122,9153,1007,59435,1396,159237,1129,218672,California
Solano,2021-05-15,3394,372945,2747,189556,562,174151,85,9238,1291,58719,2091,161328,1375,220047,California
Solano,2021-05-16,1492,374437,1093,190649,367,174518,32,9270,246,57753,1243,162571,277,220324,California
Solano,2021-05-17,2442,376879,1394,192043,962,175480,86,9356,868,57149,1554,164125,950,221274,California
Solano,2021-05-18,2912,379791,1615,193658,1208,176688,89,9445,1456,57251,1443,165568,1545,222819,California
Solano,2021-05-19,5195,384986,3653,197311,1435,178123,107,9552,2008,56189,3177,168745,2115,224934,California
Solano,2021-05-20,2605,387591,1566,198877,975,179098,64,9616,951,55559,1645,170390,1015,225949,California
Solano,2021-05-21,3537,391128,1857,200734,1613,180711,67,9683,1390,54880,2136,172526,1457,227406,California
Solano,2021-05-22,2599,393727,1997,202731,534,181245,68,9751,1093,54544,1497,174023,1161,228567,California
Solano,2021-05-23,1375,395102,1133,203864,219,181464,23,9774,738,54673,634,174657,763,229330,California
Solano,2021-05-24,1831,396933,1036,204900,723,182187,72,9846,612,54143,1213,175870,683,230013,California
Solano,2021-05-25,1626,398559,818,205718,748,182935,60,9906,588,53760,1030,176900,647,230660,California
Solano,2021-05-26,1884,400443,1083,206801,746,183681,55,9961,710,53357,1169,178069,766,231426,California
Solano,2021-05-27,2142,402585,948,207749,1117,184798,77,10038,890,53081,1242,179311,966,232392,California
Solano,2021-05-28,2026,404611,1033,208782,937,185735,56,10094,766,52652,1252,180563,823,233215,California
Solano,2021-05-29,650,405261,321,209103,299,186034,30,10124,322,52677,326,180889,351,233566,California
Solano,2021-05-30,321,405582,153,209256,143,186177,25,10149,118,52620,200,181089,143,233709,California
Solano,2021-05-31,127,405709,18,209274,100,186277,9,10158,24,52550,103,181192,33,233742,California
Solano,2021-06-01,1829,407538,1175,210449,576,186853,78,10236,761,52327,1063,182255,840,234582,California
Solano,2021-06-02,1826,409364,1285,211734,476,187329,65,10301,955,52479,865,183120,1017,235599,California
Solano,2021-06-03,2073,411437,1603,213337,385,187714,85,10386,612,51721,1456,184576,698,236297,California
Solano,2021-06-04,1655,413092,1150,214487,441,188155,64,10450,553,51240,1098,185674,617,236914,California
Solano,2021-06-05,1404,414496,1011,215498,342,188497,51,10501,469,50831,929,186603,520,237434,California
Solano,2021-06-06,561,415057,448,215946,87,188584,26,10527,288,50873,272,186875,314,237748,California
Solano,2021-06-07,1236,416293,944,216890,229,188813,63,10590,412,50529,819,187694,475,238223,California
Solano,2021-06-08,1830,418123,1323,218213,473,189286,34,10624,498,49734,1327,189021,532,238755,California
Solano,2021-06-09,1676,419799,1365,219578,250,189536,61,10685,530,49183,1141,190162,590,239345,California
Solano,2021-06-10,1213,421012,840,220418,305,189841,68,10753,395,48836,810,190972,463,239808,California
Solano,2021-06-11,1338,422350,1008,221426,264,190105,66,10819,487,48540,848,191820,552,240360,California
Solano,2021-06-12,1155,423505,925,222351,171,190276,59,10878,206,47863,942,192762,265,240625,California
Solano,2021-06-13,606,424111,518,222869,80,190356,8,10886,129,47523,477,193239,137,240762,California
Solano,2021-06-14,1299,425410,916,223785,349,190705,34,10920,316,46896,975,194214,348,241110,California
Solano,2021-06-15,1470,426880,931,224716,488,191193,51,10971,610,46704,853,195067,661,241771,California
Solano,2021-06-16,1144,428024,763,225479,316,191509,65,11036,399,46427,740,195807,463,242234,California
Solano,2021-06-17,1207,429231,923,226402,220,191729,64,11100,429,46159,760,196567,492,242726,California
Solano,2021-06-18,1142,430373,849,227251,230,191959,63,11163,420,45925,717,197284,483,243209,California
Solano,2021-06-19,129,430502,53,227304,59,192018,17,11180,46,45906,82,197366,63,243272,California
Sonoma,2020-12-15,4,4,4,4,0,0,0,0,4,4,0,0,4,4,California
Sonoma,2020-12-16,28,32,28,32,0,0,0,0,28,32,0,0,28,32,California
Sonoma,2020-12-17,112,144,112,144,0,0,0,0,112,144,0,0,112,144,California
Sonoma,2020-12-18,439,583,439,583,0,0,0,0,439,583,0,0,439,583,California
Sonoma,2020-12-19,113,696,112,695,1,1,0,0,113,696,0,0,113,696,California
Sonoma,2020-12-20,176,872,176,871,0,1,0,0,176,872,0,0,176,872,California
Sonoma,2020-12-21,912,1784,910,1781,2,3,0,0,911,1783,0,0,911,1783,California
Sonoma,2020-12-22,1358,3142,1268,3049,90,93,0,0,1358,3141,0,0,1358,3141,California
Sonoma,2020-12-23,1607,4749,1233,4282,374,467,0,0,1608,4749,0,0,1608,4749,California
Sonoma,2020-12-24,313,5062,103,4385,210,677,0,0,313,5062,0,0,313,5062,California
Sonoma,2020-12-25,8,5070,1,4386,7,684,0,0,8,5070,0,0,8,5070,California
Sonoma,2020-12-26,265,5335,256,4642,9,693,0,0,265,5335,0,0,265,5335,California
Sonoma,2020-12-27,96,5431,81,4723,15,708,0,0,96,5431,0,0,96,5431,California
Sonoma,2020-12-28,982,6413,547,5270,435,1143,0,0,955,6386,0,0,955,6386,California
Sonoma,2020-12-29,1137,7550,783,6053,354,1497,0,0,1103,7489,0,0,1103,7489,California
Sonoma,2020-12-30,1088,8638,477,6530,611,2108,0,0,1080,8569,0,0,1080,8569,California
Sonoma,2020-12-31,522,9160,70,6600,452,2560,0,0,523,9092,0,0,523,9092,California
Sonoma,2021-01-01,117,9277,54,6654,63,2623,0,0,117,9209,0,0,117,9209,California
Sonoma,2021-01-02,135,9412,128,6782,7,2630,0,0,135,9344,0,0,135,9344,California
Sonoma,2021-01-03,25,9437,10,6792,15,2645,0,0,25,9369,0,0,25,9369,California
Sonoma,2021-01-04,340,9777,104,6896,236,2881,0,0,339,9708,0,0,339,9708,California
Sonoma,2021-01-05,430,10207,99,6995,331,3212,0,0,404,10096,16,16,404,10112,California
Sonoma,2021-01-06,947,11154,431,7426,516,3728,0,0,834,10823,107,123,834,10946,California
Sonoma,2021-01-07,1035,12189,540,7966,495,4223,0,0,858,11505,176,299,858,11804,California
Sonoma,2021-01-08,1805,13994,1243,9209,562,4785,0,0,1317,12336,486,785,1317,13121,California
Sonoma,2021-01-09,642,14636,403,9612,239,5024,0,0,595,12884,47,832,595,13716,California
Sonoma,2021-01-10,475,15111,463,10075,12,5036,0,0,277,12963,198,1030,277,13993,California
Sonoma,2021-01-11,1390,16501,1244,11319,146,5182,0,0,415,12408,970,2000,415,14408,California
Sonoma,2021-01-12,1545,18046,1291,12610,254,5436,0,0,395,11655,1148,3148,395,14803,California
Sonoma,2021-01-13,2051,20097,1372,13982,679,6115,0,0,1183,11974,865,4013,1184,15987,California
Sonoma,2021-01-14,1542,21639,808,14790,734,6849,0,0,1313,13058,229,4242,1313,17300,California
Sonoma,2021-01-15,1563,23202,627,15417,936,7785,0,0,1338,14183,215,4457,1340,18640,California
Sonoma,2021-01-16,1151,24353,618,16035,533,8318,0,0,904,14844,243,4700,904,19544,California
Sonoma,2021-01-17,676,25029,553,16588,123,8441,0,0,596,15360,80,4780,596,20140,California
Sonoma,2021-01-18,1104,26133,935,17523,169,8610,0,0,616,15489,488,5268,617,20757,California
Sonoma,2021-01-19,2098,28231,999,18522,1099,9709,0,0,1385,16165,711,5979,1387,22144,California
Sonoma,2021-01-20,2109,30340,631,19153,1478,11187,0,0,1437,16941,662,6641,1438,23582,California
Sonoma,2021-01-21,2301,32641,646,19799,1655,12842,0,0,2074,18791,225,6866,2075,25657,California
Sonoma,2021-01-22,2762,35403,1055,20854,1707,14549,0,0,2613,21256,148,7014,2613,28270,California
Sonoma,2021-01-23,766,36169,593,21447,173,14722,0,0,656,21803,109,7123,656,28926,California
Sonoma,2021-01-24,852,37021,719,22166,133,14855,0,0,834,22619,18,7141,834,29760,California
Sonoma,2021-01-25,2181,39202,517,22683,1664,16519,0,0,1690,23818,491,7632,1690,31450,California
Sonoma,2021-01-26,2063,41265,305,22988,1758,18277,0,0,1602,24960,460,8092,1602,33052,California
Sonoma,2021-01-27,3759,45024,1285,24273,2474,20751,0,0,3182,27569,575,8667,3184,36236,California
Sonoma,2021-01-28,4157,49181,1857,26130,2300,23051,0,0,3474,30365,680,9347,3476,39712,California
Sonoma,2021-01-29,3029,52210,1427,27557,1602,24653,0,0,2177,31694,850,10197,2179,41891,California
Sonoma,2021-01-30,2599,54809,2405,29962,194,24847,0,0,2251,33599,347,10544,2252,44143,California
Sonoma,2021-01-31,804,55613,689,30651,115,24962,0,0,576,33948,227,10771,576,44719,California
Sonoma,2021-02-01,2502,58115,863,31514,1639,26601,0,0,2117,35683,382,11153,2117,46836,California
Sonoma,2021-02-02,3610,61725,1402,32916,2208,28809,0,0,3028,38132,579,11732,3028,49864,California
Sonoma,2021-02-03,4061,65786,1334,34250,2727,31536,0,0,3118,40311,939,12671,3118,52982,California
Sonoma,2021-02-04,4226,70012,1727,35977,2499,34035,0,0,3427,42942,797,13468,3428,56410,California
Sonoma,2021-02-05,4834,74846,1752,37729,3082,37117,0,0,3801,45716,1028,14496,3802,60212,California
Sonoma,2021-02-06,2683,77529,2320,40049,363,37480,0,0,2147,47328,535,15031,2147,62359,California
Sonoma,2021-02-07,1559,79088,1421,41470,138,37618,0,0,1304,48377,255,15286,1304,63663,California
Sonoma,2021-02-08,3278,82366,1042,42512,2236,39854,0,0,2682,50464,595,15881,2682,66345,California
Sonoma,2021-02-09,3590,85956,1704,44216,1886,41740,0,0,3111,53099,477,16358,3112,69457,California
Sonoma,2021-02-10,4563,90519,2493,46709,2070,43810,0,0,3555,55653,1002,17360,3556,73013,California
Sonoma,2021-02-11,5612,96131,3038,49747,2574,46384,0,0,4421,58886,1188,18548,4421,77434,California
Sonoma,2021-02-12,5957,102088,3278,53025,2679,49063,0,0,4507,61951,1446,19994,4511,81945,California
Sonoma,2021-02-13,1997,104085,1159,54184,838,49901,0,0,1200,62357,794,20788,1200,83145,California
Sonoma,2021-02-14,2337,106422,1839,56023,498,50399,0,0,1592,63208,741,21529,1592,84737,California
Sonoma,2021-02-15,2140,108562,789,56812,1351,51750,0,0,1598,64264,542,22071,1598,86335,California
Sonoma,2021-02-16,4923,113485,2063,58875,2860,54610,0,0,3646,66639,1273,23344,3648,89983,California
Sonoma,2021-02-17,5638,119123,2927,61802,2711,57321,0,0,3592,68197,2037,25381,3595,93578,California
Sonoma,2021-02-18,7001,126124,3161,64963,3840,61161,0,0,4038,69289,2947,28328,4039,97617,California
Sonoma,2021-02-19,5585,131709,1683,66646,3902,65063,0,0,3454,70620,2125,30453,3456,101073,California
Sonoma,2021-02-20,3131,134840,2841,69487,290,65353,0,0,1217,69930,1907,32360,1217,102290,California
Sonoma,2021-02-21,535,135375,422,69909,113,65466,0,0,136,69673,393,32753,136,102426,California
Sonoma,2021-02-22,2962,138337,1405,71314,1557,67023,0,0,1227,69173,1727,34480,1227,103653,California
Sonoma,2021-02-23,3466,141803,2135,73449,1331,68354,0,0,1624,68960,1837,36317,1624,105277,California
Sonoma,2021-02-24,5752,147555,2598,76047,3154,71508,0,0,2953,69124,2790,39107,2954,108231,California
Sonoma,2021-02-25,6024,153579,2353,78400,3671,75179,0,0,3244,69611,2757,41864,3244,111475,California
Sonoma,2021-02-26,6670,160249,2946,81346,3724,78903,0,0,4236,71422,2425,44289,4236,115711,California
Sonoma,2021-02-27,4250,164499,1982,83328,2268,81171,0,0,2848,72871,1399,45688,2848,118559,California
Sonoma,2021-02-28,2511,167010,1859,85187,651,81822,1,1,753,71876,1749,47437,754,119313,California
Sonoma,2021-03-01,4137,171147,1314,86501,2821,84643,2,3,2168,72091,1956,49393,2171,121484,California
Sonoma,2021-03-02,4442,175589,1524,88025,2915,87558,3,6,2571,72803,1862,51255,2574,124058,California
Sonoma,2021-03-03,5086,180675,2650,90675,2436,89994,0,6,2337,72401,2739,53994,2337,126395,California
Sonoma,2021-03-04,5997,186672,2694,93369,3303,93297,0,6,2602,71622,3381,57375,2602,128997,California
Sonoma,2021-03-05,6511,193183,2879,96248,3617,96914,15,21,2738,70622,3754,61129,2754,131751,California
Sonoma,2021-03-06,2806,195989,1232,97480,1437,98351,137,158,1924,71807,875,62004,2060,133811,California
Sonoma,2021-03-07,1758,197747,1427,98907,295,98646,36,194,395,70878,1360,63364,431,134242,California
Sonoma,2021-03-08,4094,201841,662,99569,3256,101902,176,370,2404,71778,1678,65042,2578,136820,California
Sonoma,2021-03-09,5644,207485,3103,102672,2271,104173,270,640,2782,71966,2851,67893,3039,139859,California
Sonoma,2021-03-10,6048,213533,3207,105879,2491,106664,350,990,2439,71159,3594,71487,2787,142646,California
Sonoma,2021-03-11,7572,221105,3039,108918,3708,110372,825,1815,2569,69562,4989,76476,3392,146038,California
Sonoma,2021-03-12,7432,228537,2259,111177,3801,114173,1372,3187,2096,67712,5313,81789,3463,149501,California
Sonoma,2021-03-13,3442,231979,1697,112874,1501,115674,244,3431,2014,68539,1426,83215,2253,151754,California
Sonoma,2021-03-14,1379,233358,378,113252,859,116533,142,3573,843,68991,533,83748,985,152739,California
Sonoma,2021-03-15,5256,238614,1522,114774,3347,119880,387,3960,2174,68483,3067,86815,2559,155298,California
Sonoma,2021-03-16,6317,244931,2264,117038,3820,123700,233,4193,2904,68213,3405,90220,3135,158433,California
Sonoma,2021-03-17,6842,251773,3584,120622,3074,126774,184,4377,3299,68166,3529,93749,3482,161915,California
Sonoma,2021-03-18,7177,258950,2954,123576,3605,130379,618,4995,3126,67864,4041,97790,3739,165654,California
Sonoma,2021-03-19,7534,266484,3269,126845,4036,134415,229,5224,3055,66695,4457,102247,3288,168942,California
Sonoma,2021-03-20,3728,270212,1756,128601,1140,135555,832,6056,2016,67833,1705,103952,2843,171785,California
Sonoma,2021-03-21,1386,271598,597,129198,754,136309,35,6091,1204,68895,177,104129,1239,173024,California
Sonoma,2021-03-22,4590,276188,3125,132323,1363,137672,102,6193,3346,71105,1238,105367,3448,176472,California
Sonoma,2021-03-23,5878,282066,3643,135966,2163,139835,72,6265,4435,74179,1433,106800,4507,180979,California
Sonoma,2021-03-24,6864,288930,4313,140279,2477,142312,74,6339,4197,75802,2646,109446,4269,185248,California
Sonoma,2021-03-25,7156,296086,4217,144496,2827,145139,112,6451,4298,77384,2830,112276,4412,189660,California
Sonoma,2021-03-26,7478,303564,3479,147975,3907,149046,92,6543,3827,77675,3627,115903,3918,193578,California
Sonoma,2021-03-27,3915,307479,1509,149484,2037,151083,369,6912,1040,76218,2864,118767,1407,194985,California
Sonoma,2021-03-28,1511,308990,945,150429,538,151621,28,6940,799,76336,708,119475,826,195811,California
Sonoma,2021-03-29,2980,311970,1107,151536,1840,153461,33,6973,1533,76464,1438,120913,1566,197377,California
Sonoma,2021-03-30,5897,317867,3239,154775,2595,156056,63,7036,3059,76758,2828,123741,3122,200499,California
Sonoma,2021-03-31,5633,323500,3409,158184,2007,158063,217,7253,3251,77858,2368,126109,3468,203967,California
Sonoma,2021-04-01,6970,330470,4081,162265,2542,160605,347,7600,3777,78806,3166,129275,4114,208081,California
Sonoma,2021-04-02,5967,336437,3571,165836,2287,162892,109,7709,3586,80130,2370,131645,3694,211775,California
Sonoma,2021-04-03,3657,340094,1824,167660,1608,164500,225,7934,1609,79927,2035,133680,1832,213607,California
Sonoma,2021-04-04,1072,341166,697,168357,284,164784,91,8025,655,80261,412,134092,746,214353,California
Sonoma,2021-04-05,4452,345618,647,169004,3458,168242,347,8372,1669,79502,2775,136867,2016,216369,California
Sonoma,2021-04-06,6959,352577,3521,172525,3030,171272,408,8780,4046,81056,2898,139765,4452,220821,California
Sonoma,2021-04-07,6884,359461,3889,176414,2151,173423,844,9624,3353,81729,3516,143281,4189,225010,California
Sonoma,2021-04-08,7675,367136,4157,180571,2744,176167,774,10398,4212,83258,3452,146733,4981,229991,California
Sonoma,2021-04-09,6867,374003,3829,184400,2145,178312,893,11291,3538,84367,3315,150048,4424,234415,California
Sonoma,2021-04-10,3932,377935,1709,186109,1664,179976,559,11850,1159,83317,2761,152809,1711,236126,California
Sonoma,2021-04-11,1282,379217,607,186716,594,180570,81,11931,439,82995,842,153651,520,236646,California
Sonoma,2021-04-12,4984,384201,2073,188789,2424,182994,487,12418,1856,82216,3115,156766,2336,238982,California
Sonoma,2021-04-13,7941,392142,4672,193461,3265,186259,4,12422,3049,80392,4880,161646,3056,242038,California
Sonoma,2021-04-14,6676,398818,3805,197266,2850,189109,21,12443,2569,78889,4092,165738,2589,244627,California
Sonoma,2021-04-15,7514,406332,4288,201554,3226,192335,0,12443,3678,78756,3820,169558,3687,248314,California
Sonoma,2021-04-16,6886,413218,3461,205015,3423,195758,2,12445,3908,79703,2966,172524,3913,252227,California
Sonoma,2021-04-17,3429,416647,1740,206755,1689,197447,0,12445,1628,79551,1785,174309,1633,253860,California
Sonoma,2021-04-18,1293,417940,901,207656,392,197839,0,12445,459,79177,833,175142,459,254319,California
Sonoma,2021-04-19,3331,421271,1890,209546,1440,199279,1,12446,1457,78766,1869,177011,1458,255777,California
Sonoma,2021-04-20,6329,427600,3501,213047,2827,202106,1,12447,2356,77178,3960,180971,2372,258149,California
Sonoma,2021-04-21,6659,434259,4245,217292,2412,204518,2,12449,3056,76655,3581,184552,3058,261207,California
Sonoma,2021-04-22,6265,440524,4488,221780,1777,206295,0,12449,2525,75457,3723,188275,2525,263732,California
Sonoma,2021-04-23,7452,447976,4638,226418,2808,209103,6,12455,3644,75314,3794,192069,3651,267383,California
Sonoma,2021-04-24,2776,450752,1504,227922,1257,210360,15,12470,1545,75648,1226,193295,1560,268943,California
Sonoma,2021-04-25,1089,451841,793,228715,296,210656,0,12470,430,75422,656,193951,430,269373,California
Sonoma,2021-04-26,2935,454776,1405,230120,1502,212158,28,12498,1616,75755,1311,195262,1644,271017,California
Sonoma,2021-04-27,5498,460274,3733,233853,1641,213799,124,12622,2256,74904,3230,198492,2379,273396,California
Sonoma,2021-04-28,4913,465187,3237,237090,1477,215276,199,12821,2095,74392,2801,201293,2289,275685,California
Sonoma,2021-04-29,5114,470301,3600,240690,1369,216645,145,12966,1929,73294,3173,204466,2075,277760,California
Sonoma,2021-04-30,5467,475768,3631,244321,1541,218186,295,13261,1817,71771,3634,208100,2111,279871,California
Sonoma,2021-05-01,2489,478257,1790,246111,594,218780,105,13366,1238,71867,1243,209343,1339,281210,California
Sonoma,2021-05-02,872,479129,650,246761,171,218951,51,13417,555,72157,317,209660,607,281817,California
Sonoma,2021-05-03,3196,482325,1690,248451,1360,220311,146,13563,1054,71224,2131,211791,1198,283015,California
Sonoma,2021-05-04,4599,486924,2409,250860,2011,222322,179,13742,1453,69730,3122,214913,1628,284643,California
Sonoma,2021-05-05,3683,490607,2182,253042,1307,223629,194,13936,1314,68880,2356,217269,1506,286149,California
Sonoma,2021-05-06,4572,495179,2415,255457,2031,225660,126,14062,1301,67098,3207,220476,1425,287574,California
Sonoma,2021-05-07,3614,498793,2324,257781,1166,226826,124,14186,1090,65799,2512,222988,1213,288787,California
Sonoma,2021-05-08,1871,500664,1267,259048,512,227338,92,14278,701,65435,1157,224145,793,289580,California
Sonoma,2021-05-09,503,501167,289,259337,173,227511,41,14319,166,65309,333,224478,207,289787,California
Sonoma,2021-05-10,2319,503486,1041,260378,1145,228656,133,14452,291,63718,2012,226490,421,290208,California
Sonoma,2021-05-11,3558,507044,1912,262290,1522,230178,124,14576,925,62151,2616,229106,1049,291257,California
Sonoma,2021-05-12,4012,511056,2482,264772,1378,231556,152,14728,848,59998,3152,232258,999,292256,California
Sonoma,2021-05-13,4936,515992,2837,267609,1969,233525,130,14858,1662,58526,3262,235520,1790,294046,California
Sonoma,2021-05-14,5797,521789,3600,271209,2060,235585,137,14995,2203,57288,3579,239099,2341,296387,California
Sonoma,2021-05-15,2928,524717,2153,273362,713,236298,62,15057,1849,58128,1071,240170,1911,298298,California
Sonoma,2021-05-16,1308,526025,1091,274453,158,236456,59,15116,975,58833,329,240499,1034,299332,California
Sonoma,2021-05-17,2444,528469,1818,276271,531,236987,95,15211,899,58285,1540,242039,992,300324,California
Sonoma,2021-05-18,4339,532808,2863,279134,1367,238354,109,15320,1476,57025,2844,244883,1584,301908,California
Sonoma,2021-05-19,3759,536567,2417,281551,1227,239581,115,15435,1495,56387,2248,247131,1610,303518,California
Sonoma,2021-05-20,3386,539953,2252,283803,1040,240621,94,15529,1346,55795,2027,249158,1435,304953,California
Sonoma,2021-05-21,4218,544171,2399,286202,1689,242310,130,15659,1508,54730,2688,251846,1623,306576,California
Sonoma,2021-05-22,2339,546510,1283,287485,1017,243327,39,15698,669,53780,1658,253504,708,307284,California
Sonoma,2021-05-23,1483,547993,1214,288699,253,243580,16,15714,773,53865,704,254208,789,308073,California
Sonoma,2021-05-24,1967,549960,1248,289947,588,244168,131,15845,644,53346,1294,255502,775,308848,California
Sonoma,2021-05-25,2928,552888,1804,291751,1036,245204,88,15933,743,52005,2171,257673,830,309678,California
Sonoma,2021-05-26,2481,555369,1734,293485,638,245842,109,16042,998,51638,1471,259144,1104,310782,California
Sonoma,2021-05-27,2089,557458,1142,294627,850,246692,97,16139,703,51058,1378,260522,798,311580,California
Sonoma,2021-05-28,2144,559602,1127,295754,924,247616,93,16232,616,50251,1516,262038,709,312289,California
Sonoma,2021-05-29,1334,560936,913,296667,353,247969,68,16300,643,50282,680,262718,711,313000,California
Sonoma,2021-05-30,346,561282,212,296879,122,248091,12,16312,137,50226,204,262922,148,313148,California
Sonoma,2021-05-31,70,561352,26,296905,43,248134,1,16313,17,50191,53,262975,18,313166,California
Sonoma,2021-06-01,1939,563291,1114,298019,748,248882,77,16390,709,49756,1217,264192,782,313948,California
Sonoma,2021-06-02,1578,564869,969,298988,494,249376,115,16505,664,49625,909,265101,778,314726,California
Sonoma,2021-06-03,1999,566868,1391,300379,529,249905,79,16584,443,48599,1547,266648,521,315247,California
Sonoma,2021-06-04,2695,569563,2202,302581,386,250291,107,16691,521,47061,2165,268813,627,315874,California
Sonoma,2021-06-05,1816,571379,1495,304076,290,250581,31,16722,298,45876,1514,270327,329,316203,California
Sonoma,2021-06-06,1010,572389,935,305011,66,250647,9,16731,156,45190,851,271178,165,316368,California
Sonoma,2021-06-07,1473,573862,1244,306255,175,250822,54,16785,334,44444,1131,272309,385,316753,California
Sonoma,2021-06-08,1893,575755,1524,307779,323,251145,46,16831,531,43670,1350,273659,576,317329,California
Sonoma,2021-06-09,1635,577390,1355,309134,219,251364,61,16892,389,42887,1233,274892,450,317779,California
Sonoma,2021-06-10,1837,579227,1509,310643,223,251587,105,16997,563,42291,1262,276154,666,318445,California
Sonoma,2021-06-11,1977,581204,1626,312269,263,251850,88,17085,542,41493,1428,277582,630,319075,California
Sonoma,2021-06-12,1127,582331,890,313159,190,252040,47,17132,355,41131,765,278347,403,319478,California
Sonoma,2021-06-13,552,582883,464,313623,70,252110,18,17150,107,40811,445,278792,125,319603,California
Sonoma,2021-06-14,937,583820,673,314296,205,252315,59,17209,341,40622,589,279381,400,320003,California
Sonoma,2021-06-15,1834,585654,1380,315676,347,252662,107,17316,602,40107,1223,280604,708,320711,California
Sonoma,2021-06-16,1572,587226,1220,316896,253,252915,99,17415,508,39653,1059,281663,605,321316,California
Sonoma,2021-06-17,1018,588244,781,317677,170,253085,67,17482,407,39519,607,282270,473,321789,California
Sonoma,2021-06-18,1041,589285,768,318445,184,253269,89,17571,449,39471,585,282855,537,322326,California
Sonoma,2021-06-19,592,589877,494,318939,68,253337,30,17601,169,39248,421,283276,198,322524,California
Stanislaus,2020-12-15,5,5,5,5,0,0,0,0,5,5,0,0,5,5,California
Stanislaus,2020-12-16,36,41,36,41,0,0,0,0,36,41,0,0,36,41,California
Stanislaus,2020-12-17,74,115,74,115,0,0,0,0,74,115,0,0,74,115,California
Stanislaus,2020-12-18,342,457,336,451,6,6,0,0,342,457,0,0,342,457,California
Stanislaus,2020-12-19,131,588,131,582,0,6,0,0,131,588,0,0,131,588,California
Stanislaus,2020-12-20,87,675,87,669,0,6,0,0,87,675,0,0,87,675,California
Stanislaus,2020-12-21,998,1673,997,1666,1,7,0,0,997,1672,1,1,998,1673,California
Stanislaus,2020-12-22,793,2466,781,2447,12,19,0,0,793,2465,0,1,793,2466,California
Stanislaus,2020-12-23,446,2912,428,2875,18,37,0,0,445,2910,1,2,446,2912,California
Stanislaus,2020-12-24,96,3008,88,2963,8,45,0,0,96,3006,0,2,96,3008,California
Stanislaus,2020-12-26,53,3061,9,2972,44,89,0,0,53,3059,0,2,53,3061,California
Stanislaus,2020-12-27,11,3072,6,2978,5,94,0,0,11,3070,0,2,11,3072,California
Stanislaus,2020-12-28,486,3558,394,3372,92,186,0,0,486,3556,0,2,486,3558,California
Stanislaus,2020-12-29,494,4052,415,3787,79,265,0,0,494,4050,0,2,494,4052,California
Stanislaus,2020-12-30,534,4586,281,4068,253,518,0,0,533,4582,1,3,533,4585,California
Stanislaus,2020-12-31,277,4863,157,4225,120,638,0,0,277,4859,0,3,277,4862,California
Stanislaus,2021-01-01,15,4878,6,4231,9,647,0,0,15,4874,0,3,15,4877,California
Stanislaus,2021-01-02,33,4911,25,4256,8,655,0,0,33,4907,0,3,33,4910,California
Stanislaus,2021-01-03,90,5001,87,4343,3,658,0,0,90,4997,0,3,90,5000,California
Stanislaus,2021-01-04,230,5231,152,4495,78,736,0,0,230,5227,0,3,230,5230,California
Stanislaus,2021-01-05,839,6070,347,4842,492,1228,0,0,813,6023,25,28,821,6051,California
Stanislaus,2021-01-06,1003,7073,599,5441,404,1632,0,0,929,6885,71,99,933,6984,California
Stanislaus,2021-01-07,1079,8152,706,6147,373,2005,0,0,886,7586,188,287,889,7873,California
Stanislaus,2021-01-08,1272,9424,717,6864,555,2560,0,0,928,8179,341,628,934,8807,California
Stanislaus,2021-01-09,290,9714,142,7006,148,2708,0,0,201,8291,89,717,201,9008,California
Stanislaus,2021-01-10,48,9762,21,7027,27,2735,0,0,29,8301,19,736,29,9037,California
Stanislaus,2021-01-11,1498,11260,1214,8241,284,3019,0,0,573,7973,919,1655,591,9628,California
Stanislaus,2021-01-12,1476,12736,869,9110,607,3626,0,0,828,8171,644,2299,842,10470,California
Stanislaus,2021-01-13,1447,14183,688,9798,759,4385,0,0,1123,8983,323,2622,1135,11605,California
Stanislaus,2021-01-14,2246,16429,285,10083,1961,6346,0,0,2067,10951,176,2798,2144,13749,California
Stanislaus,2021-01-15,2824,19253,1156,11239,1668,8014,0,0,2663,13544,157,2955,2750,16499,California
Stanislaus,2021-01-16,473,19726,50,11289,423,8437,0,0,454,13982,18,2973,456,16955,California
Stanislaus,2021-01-17,244,19970,202,11491,42,8479,0,0,237,14213,6,2979,237,17192,California
Stanislaus,2021-01-18,2187,22157,1020,12511,1167,9646,0,0,1791,15692,391,3370,1870,19062,California
Stanislaus,2021-01-19,1254,23411,723,13234,531,10177,0,0,804,16051,446,3816,805,19867,California
Stanislaus,2021-01-20,1012,24423,489,13723,523,10700,0,0,717,16474,294,4110,717,20584,California
Stanislaus,2021-01-21,3693,28116,2978,16701,715,11415,0,0,3355,19611,334,4444,3471,24055,California
Stanislaus,2021-01-22,1099,29215,308,17009,791,12206,0,0,1055,20629,40,4484,1058,25113,California
Stanislaus,2021-01-23,355,29570,40,17049,315,12521,0,0,297,20870,57,4541,298,25411,California
Stanislaus,2021-01-24,302,29872,100,17149,202,12723,0,0,236,21042,66,4607,238,25649,California
Stanislaus,2021-01-25,3161,33033,228,17377,2933,15656,0,0,2821,23719,304,4911,2981,28630,California
Stanislaus,2021-01-26,1729,34762,747,18124,982,16638,0,0,1298,24610,424,5335,1315,29945,California
Stanislaus,2021-01-27,1894,36656,1053,19177,841,17479,0,0,1188,25141,659,5994,1190,31135,California
Stanislaus,2021-01-28,2211,38867,1515,20692,696,18175,0,0,1718,26439,484,6478,1782,32917,California
Stanislaus,2021-01-29,2455,41322,1202,21894,1253,19428,0,0,1918,27919,491,6969,1971,34888,California
Stanislaus,2021-01-30,295,41617,134,22028,161,19589,0,0,230,28095,54,7023,230,35118,California
Stanislaus,2021-01-31,369,41986,314,22342,55,19644,0,0,354,28437,12,7035,354,35472,California
Stanislaus,2021-02-01,1299,43285,587,22929,712,20356,0,0,942,29034,346,7381,943,36415,California
Stanislaus,2021-02-02,1211,44496,348,23277,863,21219,0,0,774,29386,425,7806,777,37192,California
Stanislaus,2021-02-03,2620,47116,1238,24515,1382,22601,0,0,1919,30625,696,8502,1935,39127,California
Stanislaus,2021-02-04,2091,49207,710,25225,1381,23982,0,0,1581,31718,495,8997,1588,40715,California
Stanislaus,2021-02-05,2852,52059,1469,26694,1383,25365,0,0,1593,32129,1195,10192,1606,42321,California
Stanislaus,2021-02-06,886,52945,299,26993,587,25952,0,0,693,32633,191,10383,695,43016,California
Stanislaus,2021-02-07,230,53175,205,27198,25,25977,0,0,41,32489,186,10569,42,43058,California
Stanislaus,2021-02-08,2043,55218,1339,28537,704,26681,0,0,1102,32720,898,11467,1129,44187,California
Stanislaus,2021-02-09,1845,57063,785,29322,1060,27741,0,0,1048,33008,771,12238,1059,45246,California
Stanislaus,2021-02-10,1941,59004,535,29857,1406,29147,0,0,1016,33125,901,13139,1018,46264,California
Stanislaus,2021-02-11,5402,64406,3272,33129,2130,31277,0,0,1228,30417,3943,17082,1235,47499,California
Stanislaus,2021-02-12,3304,67710,915,34044,2389,33666,0,0,1453,30114,1766,18848,1463,48962,California
Stanislaus,2021-02-13,1353,69063,650,34694,703,34369,0,0,983,30739,363,19211,988,49950,California
Stanislaus,2021-02-14,415,69478,164,34858,251,34620,0,0,348,31022,65,19276,348,50298,California
Stanislaus,2021-02-15,1816,71294,229,35087,1587,36207,0,0,578,30483,1121,20397,582,50880,California
Stanislaus,2021-02-16,1361,72655,422,35509,939,37146,0,0,578,30292,771,21168,580,51460,California
Stanislaus,2021-02-17,2766,75421,1695,37204,1071,38217,0,0,1924,31393,836,22004,1937,53397,California
Stanislaus,2021-02-18,3366,78787,1904,39108,1462,39679,0,0,1771,31705,1503,23507,1815,55212,California
Stanislaus,2021-02-19,2773,81560,1076,40184,1697,41376,0,0,1514,32032,1211,24718,1538,56750,California
Stanislaus,2021-02-20,751,82311,382,40566,369,41745,0,0,475,32252,256,24974,476,57226,California
Stanislaus,2021-02-21,907,83218,693,41259,214,41959,0,0,543,32468,339,25313,555,57781,California
Stanislaus,2021-02-22,2346,85564,1693,42952,653,42612,0,0,1629,33402,696,26009,1630,59411,California
Stanislaus,2021-02-23,3745,89309,679,43631,3066,45678,0,0,1739,33315,1837,27846,1750,61161,California
Stanislaus,2021-02-24,4186,93495,2856,46487,1330,47008,0,0,3116,35388,1046,28892,3119,64280,California
Stanislaus,2021-02-25,3957,97452,2718,49205,1239,48247,0,0,3150,37754,787,29679,3153,67433,California
Stanislaus,2021-02-26,4216,101668,1211,50416,3005,51252,0,0,2834,39275,1326,31005,2847,70280,California
Stanislaus,2021-02-27,2093,103761,712,51128,1380,52632,1,1,1860,40933,204,31209,1862,72142,California
Stanislaus,2021-02-28,826,104587,260,51388,566,53198,0,1,775,41670,39,31248,776,72918,California
Stanislaus,2021-03-01,2794,107381,1646,53034,1145,54343,3,4,1639,42213,1111,32359,1654,74572,California
Stanislaus,2021-03-02,2397,109778,1426,54460,970,55313,1,5,1660,43155,721,33080,1663,76235,California
Stanislaus,2021-03-03,3716,113494,2232,56692,1480,56793,4,9,2903,45266,795,33875,2906,79141,California
Stanislaus,2021-03-04,5443,118937,3107,59799,2320,59113,16,25,4190,48250,1218,35093,4202,83343,California
Stanislaus,2021-03-05,4084,123021,1120,60919,2948,62061,16,41,3086,50381,970,36063,3101,86444,California
Stanislaus,2021-03-06,3578,126599,2230,63149,1255,63316,93,134,2723,52348,851,36914,2818,89262,California
Stanislaus,2021-03-07,855,127454,387,63536,432,63748,36,170,667,52868,183,37097,703,89965,California
Stanislaus,2021-03-08,1994,129448,862,64398,1043,64791,89,259,1330,53643,644,37741,1419,91384,California
Stanislaus,2021-03-09,2178,131626,902,65300,1184,65975,92,351,1629,54832,537,38278,1726,93110,California
Stanislaus,2021-03-10,5073,136699,2506,67806,2341,68316,226,577,3735,57489,1317,39595,3974,97084,California
Stanislaus,2021-03-11,5714,142413,3140,70946,2098,70414,476,1053,4114,60659,1425,41020,4595,101679,California
Stanislaus,2021-03-12,5776,148189,1229,72175,2620,73034,1927,2980,2911,62657,2838,43858,4836,106515,California
Stanislaus,2021-03-13,3398,151587,2181,74356,1147,74181,70,3050,2698,64739,693,44551,2775,109290,California
Stanislaus,2021-03-14,988,152575,594,74950,342,74523,52,3102,486,64780,499,45050,540,109830,California
Stanislaus,2021-03-15,3687,156262,1973,76923,1353,75876,361,3463,1603,64764,1987,47037,1971,111801,California
Stanislaus,2021-03-16,4963,161225,2465,79388,2073,77949,425,3888,3558,67363,1382,48419,3981,115782,California
Stanislaus,2021-03-17,4722,165947,2849,82237,1695,79644,178,4066,2875,68610,1811,50230,3058,118840,California
Stanislaus,2021-03-18,5426,171373,3421,85658,1938,81582,67,4133,2930,69270,2342,52572,3002,121842,California
Stanislaus,2021-03-19,5919,177292,1540,87198,2861,84443,1518,5651,3104,71114,2773,55345,4617,126459,California
Stanislaus,2021-03-20,3866,181158,3033,90231,765,85208,68,5719,3372,74085,470,55815,3441,129900,California
Stanislaus,2021-03-21,1012,182170,906,91137,42,85250,64,5783,768,74680,237,56052,832,130732,California
Stanislaus,2021-03-22,2817,184987,1325,92462,768,86018,724,6507,1234,75087,1554,57606,1961,132693,California
Stanislaus,2021-03-23,3937,188924,2021,94483,1658,87676,258,6765,2800,77045,1119,58725,3077,135770,California
Stanislaus,2021-03-24,4573,193497,3222,97705,1273,88949,78,6843,2643,77886,1883,60608,2724,138494,California
Stanislaus,2021-03-25,4252,197749,2926,100631,1312,90261,14,6857,1818,77365,2355,62963,1834,140328,California
Stanislaus,2021-03-26,4764,202513,1336,101967,3354,93615,74,6931,2389,77500,2341,65304,2476,142804,California
Stanislaus,2021-03-27,4403,206916,2746,104713,1575,95190,82,7013,1379,75963,3006,68310,1469,144273,California
Stanislaus,2021-03-28,1105,208021,438,105151,559,95749,108,7121,318,75621,774,69084,432,144705,California
Stanislaus,2021-03-29,2973,210994,1825,106976,1109,96858,39,7160,1979,76661,984,70068,2024,146729,California
Stanislaus,2021-03-30,3678,214672,2064,109040,1588,98446,26,7186,2230,77485,1438,71506,2262,148991,California
Stanislaus,2021-03-31,5443,220115,3855,112895,1468,99914,120,7306,2784,77755,2638,74144,2908,151899,California
Stanislaus,2021-04-01,5734,225849,3842,116737,1803,101717,89,7395,2625,77396,3083,77227,2724,154623,California
Stanislaus,2021-04-02,5023,230872,1211,117948,3657,105374,155,7550,2243,77118,2687,79914,2409,157032,California
Stanislaus,2021-04-03,4544,235416,3303,121251,1205,106579,36,7586,2243,77119,2291,82205,2292,159324,California
Stanislaus,2021-04-04,1330,236746,474,121725,826,107405,30,7616,652,77136,669,82874,686,160010,California
Stanislaus,2021-04-05,3637,240383,2530,124255,858,108263,249,7865,2359,78481,1268,84142,2613,162623,California
Stanislaus,2021-04-06,5752,246135,4174,128429,1303,109566,275,8140,3076,79177,2661,86803,3357,165980,California
Stanislaus,2021-04-07,6354,252489,3599,132028,2326,111892,429,8569,2830,78938,3506,90309,3267,169247,California
Stanislaus,2021-04-08,5690,258179,3330,135358,1925,113817,435,9004,2777,79263,2889,93198,3214,172461,California
Stanislaus,2021-04-09,4820,262999,2103,137461,2342,116159,375,9379,2182,79221,2613,95811,2571,175032,California
Stanislaus,2021-04-10,6501,269500,3989,141450,874,117033,1638,11017,1999,78375,4476,100287,3630,178662,California
Stanislaus,2021-04-11,1521,271021,850,142300,539,117572,132,11149,669,78328,849,101136,802,179464,California
Stanislaus,2021-04-12,3596,274617,2048,144348,1104,118676,444,11593,1875,78957,1699,102835,2328,181792,California
Stanislaus,2021-04-13,5199,279816,3421,147769,1764,120440,14,11607,2919,79646,2238,105073,2927,184719,California
Stanislaus,2021-04-14,4690,284506,3284,151053,1404,121844,2,11609,2293,79585,2361,107434,2300,187019,California
Stanislaus,2021-04-15,5388,289894,3320,154373,2065,123909,3,11612,3231,80707,2113,109547,3235,190254,California
Stanislaus,2021-04-16,4328,294222,993,155366,3334,127243,1,11613,1819,80068,2463,112010,1824,192078,California
Stanislaus,2021-04-17,3165,297387,2128,157494,1037,128280,0,11613,1839,80597,1313,113323,1842,193920,California
Stanislaus,2021-04-18,539,297926,221,157715,316,128596,2,11615,411,80890,121,113444,414,194334,California
Stanislaus,2021-04-19,3464,301390,2450,160165,1012,129608,2,11617,1640,80747,1790,115234,1647,195981,California
Stanislaus,2021-04-20,3967,305357,2409,162574,1558,131166,0,11617,1730,80272,2207,117441,1732,197713,California
Stanislaus,2021-04-21,3831,309188,2558,165132,1272,132438,1,11618,1594,79677,2196,119637,1601,199314,California
Stanislaus,2021-04-22,3960,313148,2413,167545,1547,133985,0,11618,1580,78928,2333,121970,1584,200898,California
Stanislaus,2021-04-23,3595,316743,842,168387,2752,136737,1,11619,1467,78368,2035,124005,1475,202373,California
Stanislaus,2021-04-24,3795,320538,2941,171328,854,137591,0,11619,1798,78192,1979,125984,1803,204176,California
Stanislaus,2021-04-25,937,321475,480,171808,457,138048,0,11619,688,78641,243,126227,692,204868,California
Stanislaus,2021-04-26,3362,324837,2361,174169,995,139043,6,11625,1051,77414,2289,128516,1062,205930,California
Stanislaus,2021-04-27,4037,328874,2802,176971,1187,140230,48,11673,1174,75804,2836,131352,1226,207156,California
Stanislaus,2021-04-28,4263,333137,3026,179997,1175,141405,62,11735,1841,75314,2402,133754,1912,209068,California
Stanislaus,2021-04-29,3634,336771,2258,182255,1328,142733,48,11783,1446,74644,2174,135928,1504,210572,California
Stanislaus,2021-04-30,4509,341280,2046,184301,2378,145111,85,11868,1782,73806,2713,138641,1875,212447,California
Stanislaus,2021-05-01,2711,343991,1927,186228,743,145854,41,11909,1018,73188,1685,140326,1067,213514,California
Stanislaus,2021-05-02,1080,345071,616,186844,426,146280,38,11947,523,73204,551,140877,567,214081,California
Stanislaus,2021-05-03,2415,347486,1927,188771,415,146695,73,12020,910,72698,1492,142369,986,215067,California
Stanislaus,2021-05-04,3471,350957,2470,191241,911,147606,90,12110,1065,71469,2393,144762,1164,216231,California
Stanislaus,2021-05-05,3193,354150,2135,193376,983,148589,75,12185,1085,70544,2088,146850,1163,217394,California
Stanislaus,2021-05-06,3518,357668,2696,196072,698,149287,124,12309,1055,69289,2441,149291,1186,218580,California
Stanislaus,2021-05-07,2320,359988,885,196957,1272,150559,163,12472,944,69034,1364,150655,1109,219689,California
Stanislaus,2021-05-08,1960,361948,1344,198301,583,151142,33,12505,714,68559,1229,151884,754,220443,California
Stanislaus,2021-05-09,714,362662,343,198644,345,151487,26,12531,308,68490,404,152288,335,220778,California
Stanislaus,2021-05-10,1687,364349,1142,199786,449,151936,96,12627,455,67823,1220,153508,553,221331,California
Stanislaus,2021-05-11,2376,366725,1503,201289,714,152650,159,12786,679,66981,1685,155193,843,222174,California
Stanislaus,2021-05-12,2276,369001,1332,202621,835,153485,109,12895,904,66639,1358,156551,1016,223190,California
Stanislaus,2021-05-13,2006,371007,1155,203776,734,154219,117,13012,914,66590,1083,157634,1034,224224,California
Stanislaus,2021-05-14,2617,373624,1162,204938,1317,155536,138,13150,1206,66543,1392,159026,1345,225569,California
Stanislaus,2021-05-15,2482,376106,1768,206706,664,156200,50,13200,1205,66539,1267,160293,1263,226832,California
Stanislaus,2021-05-16,1025,377131,667,207373,350,156550,8,13208,559,66647,463,160756,571,227403,California
Stanislaus,2021-05-17,1930,379061,1295,208668,554,157104,81,13289,923,66656,1001,161757,1010,228413,California
Stanislaus,2021-05-18,2204,381265,1503,210171,587,157691,114,13403,1145,66866,1048,162805,1258,229671,California
Stanislaus,2021-05-19,3032,384297,2070,212241,808,158499,154,13557,1355,66714,1666,164471,1514,231185,California
Stanislaus,2021-05-20,2108,386405,1133,213374,871,159370,104,13661,862,66450,1235,165706,971,232156,California
Stanislaus,2021-05-21,2337,388742,1133,214507,1108,160478,96,13757,959,66146,1362,167068,1058,233214,California
Stanislaus,2021-05-22,1937,390679,1199,215706,669,161147,69,13826,864,66014,1066,168134,934,234148,California
Stanislaus,2021-05-23,1033,391712,666,216372,352,161499,15,13841,490,65981,538,168672,505,234653,California
Stanislaus,2021-05-24,1579,393291,1085,217457,419,161918,75,13916,609,65705,967,169639,691,235344,California
Stanislaus,2021-05-25,1701,394992,1167,218624,437,162355,97,14013,830,65768,867,170506,930,236274,California
Stanislaus,2021-05-26,1894,396886,1188,219812,655,163010,51,14064,907,65748,979,171485,959,237233,California
Stanislaus,2021-05-27,1715,398601,945,220757,695,163705,75,14139,642,65402,1063,172548,717,237950,California
Stanislaus,2021-05-28,1954,400555,890,221647,985,164690,79,14218,859,65250,1090,173638,938,238888,California
Stanislaus,2021-05-29,1312,401867,845,222492,426,165116,41,14259,613,65211,695,174333,656,239544,California
Stanislaus,2021-05-30,453,402320,273,222765,146,165262,34,14293,214,65223,236,174569,248,239792,California
Stanislaus,2021-05-31,259,402579,122,222887,130,165392,7,14300,97,65166,161,174730,104,239896,California
Stanislaus,2021-06-01,1542,404121,972,223859,518,165910,52,14352,617,64919,919,175649,672,240568,California
Stanislaus,2021-06-02,1713,405834,1093,224952,554,166464,66,14418,744,64771,960,176609,812,241380,California
Stanislaus,2021-06-03,1307,407141,772,225724,489,166953,46,14464,523,64572,771,177380,572,241952,California
Stanislaus,2021-06-04,1891,409032,1133,226857,688,167641,70,14534,718,64208,1162,178542,798,242750,California
Stanislaus,2021-06-05,1372,410404,1048,227905,298,167939,26,14560,473,63817,892,179434,501,243251,California
Stanislaus,2021-06-06,502,410906,412,228317,82,168021,8,14568,204,63733,298,179732,214,243465,California
Stanislaus,2021-06-07,1402,412308,1076,229393,281,168302,45,14613,545,63475,849,180581,591,244056,California
Stanislaus,2021-06-08,1807,414115,1361,230754,373,168675,73,14686,655,63065,1139,181720,729,244785,California
Stanislaus,2021-06-09,1753,415868,1237,231991,435,169110,81,14767,587,62572,1162,182882,669,245454,California
Stanislaus,2021-06-10,1356,417224,858,232849,439,169549,59,14826,565,62416,781,183663,625,246079,California
Stanislaus,2021-06-11,1427,418651,838,233687,538,170087,51,14877,539,62139,873,184536,596,246675,California
Stanislaus,2021-06-12,1007,419658,729,234416,255,170342,23,14900,373,61913,627,185163,401,247076,California
Stanislaus,2021-06-13,528,420186,387,234803,135,170477,6,14906,175,61747,350,185513,184,247260,California
Stanislaus,2021-06-14,1232,421418,895,235698,316,170793,21,14927,509,61563,715,186228,531,247791,California
Stanislaus,2021-06-15,1566,422984,1126,236824,397,171190,43,14970,539,61124,1023,187251,584,248375,California
Stanislaus,2021-06-16,1770,424754,1277,238101,427,171617,66,15036,700,60826,1067,188318,769,249144,California
Stanislaus,2021-06-17,1108,425862,700,238801,364,171981,44,15080,514,60797,589,188907,560,249704,California
Stanislaus,2021-06-18,1235,427097,747,239548,410,172391,78,15158,485,60618,744,189651,565,250269,California
Stanislaus,2021-06-19,378,427475,255,239803,82,172473,41,15199,149,60580,227,189878,189,250458,California
Sutter,2020-12-15,1,1,1,1,0,0,0,0,1,1,0,0,1,1,California
Sutter,2020-12-16,4,5,4,5,0,0,0,0,4,5,0,0,4,5,California
Sutter,2020-12-17,3,8,3,8,0,0,0,0,3,8,0,0,3,8,California
Sutter,2020-12-18,21,29,21,29,0,0,0,0,21,29,0,0,21,29,California
Sutter,2020-12-19,45,74,45,74,0,0,0,0,45,74,0,0,45,74,California
Sutter,2020-12-20,43,117,43,117,0,0,0,0,43,117,0,0,43,117,California
Sutter,2020-12-21,100,217,100,217,0,0,0,0,100,217,0,0,100,217,California
Sutter,2020-12-22,171,388,171,388,0,0,0,0,171,388,0,0,171,388,California
Sutter,2020-12-23,116,504,111,499,5,5,0,0,116,504,0,0,116,504,California
Sutter,2020-12-24,17,521,11,510,6,11,0,0,17,521,0,0,17,521,California
Sutter,2020-12-26,38,559,34,544,4,15,0,0,38,559,0,0,38,559,California
Sutter,2020-12-27,24,583,23,567,1,16,0,0,24,583,0,0,24,583,California
Sutter,2020-12-28,84,667,56,623,28,44,0,0,84,667,0,0,84,667,California
Sutter,2020-12-29,103,770,14,637,89,133,0,0,103,770,0,0,103,770,California
Sutter,2020-12-30,137,907,34,671,103,236,0,0,137,907,0,0,137,907,California
Sutter,2020-12-31,68,975,6,677,62,298,0,0,68,975,0,0,68,975,California
Sutter,2021-01-01,3,978,3,680,0,298,0,0,3,978,0,0,3,978,California
Sutter,2021-01-02,131,1109,129,809,2,300,0,0,131,1109,0,0,131,1109,California
Sutter,2021-01-03,1,1110,0,809,1,301,0,0,1,1110,0,0,1,1110,California
Sutter,2021-01-04,245,1355,137,946,108,409,0,0,245,1355,0,0,245,1355,California
Sutter,2021-01-05,99,1454,56,1002,43,452,0,0,96,1448,3,3,96,1451,California
Sutter,2021-01-06,203,1657,50,1052,153,605,0,0,198,1641,5,8,198,1649,California
Sutter,2021-01-07,256,1913,152,1204,104,709,0,0,247,1879,9,17,247,1896,California
Sutter,2021-01-08,150,2063,41,1245,109,818,0,0,132,1993,18,35,132,2028,California
Sutter,2021-01-09,44,2107,43,1288,1,819,0,0,3,1955,41,76,3,2031,California
Sutter,2021-01-10,396,2503,37,1325,359,1178,0,0,358,2276,37,113,358,2389,California
Sutter,2021-01-11,132,2635,116,1441,16,1194,0,0,24,2192,108,221,24,2413,California
Sutter,2021-01-12,200,2835,163,1604,37,1231,0,0,58,2108,142,363,58,2471,California
Sutter,2021-01-13,163,2998,100,1704,63,1294,0,0,72,2090,90,453,72,2543,California
Sutter,2021-01-14,146,3144,51,1755,95,1389,0,0,127,2198,19,472,127,2670,California
Sutter,2021-01-15,438,3582,131,1886,307,1696,0,0,423,2606,15,487,423,3093,California
Sutter,2021-01-16,388,3970,42,1928,346,2042,0,0,358,2934,30,517,358,3451,California
Sutter,2021-01-17,28,3998,25,1953,3,2045,0,0,12,2930,16,533,12,3463,California
Sutter,2021-01-18,120,4118,64,2017,56,2101,0,0,71,2952,49,582,71,3534,California
Sutter,2021-01-19,107,4225,42,2059,65,2166,0,0,83,3011,24,606,83,3617,California
Sutter,2021-01-20,270,4495,208,2267,62,2228,0,0,250,3241,20,626,250,3867,California
Sutter,2021-01-21,493,4988,321,2588,172,2400,0,0,474,3696,19,645,474,4341,California
Sutter,2021-01-22,245,5233,54,2642,191,2591,0,0,235,3922,9,654,235,4576,California
Sutter,2021-01-23,398,5631,39,2681,359,2950,0,0,372,4268,26,680,372,4948,California
Sutter,2021-01-24,16,5647,14,2695,2,2952,0,0,14,4280,2,682,14,4962,California
Sutter,2021-01-25,309,5956,195,2890,114,3066,0,0,153,4279,155,837,154,5116,California
Sutter,2021-01-26,248,6204,106,2996,142,3208,0,0,143,4318,104,941,143,5259,California
Sutter,2021-01-27,388,6592,256,3252,132,3340,0,0,322,4574,66,1007,322,5581,California
Sutter,2021-01-28,585,7177,359,3611,226,3566,0,0,411,4813,172,1179,411,5992,California
Sutter,2021-01-29,365,7542,87,3698,278,3844,0,0,244,4936,121,1300,244,6236,California
Sutter,2021-01-30,784,8326,38,3736,746,4590,0,0,773,5698,11,1311,773,7009,California
Sutter,2021-01-31,27,8353,26,3762,1,4591,0,0,27,5725,0,1311,27,7036,California
Sutter,2021-02-01,169,8522,50,3812,119,4710,0,0,137,5831,31,1342,137,7173,California
Sutter,2021-02-02,241,8763,24,3836,217,4927,0,0,208,6006,33,1375,208,7381,California
Sutter,2021-02-03,446,9209,39,3875,407,5334,0,0,212,5985,233,1608,212,7593,California
Sutter,2021-02-04,679,9888,365,4240,314,5648,0,0,625,6556,54,1662,625,8218,California
Sutter,2021-02-05,291,10179,32,4272,259,5907,0,0,140,6545,151,1813,140,8358,California
Sutter,2021-02-06,742,10921,30,4302,712,6619,0,0,722,7247,20,1833,722,9080,California
Sutter,2021-02-07,23,10944,19,4321,4,6623,0,0,18,7260,5,1838,18,9098,California
Sutter,2021-02-08,132,11076,29,4350,103,6726,0,0,99,7326,33,1871,99,9197,California
Sutter,2021-02-09,246,11322,45,4395,201,6927,0,0,184,7448,62,1933,184,9381,California
Sutter,2021-02-10,822,12144,383,4778,439,7366,0,0,179,6985,642,2575,179,9560,California
Sutter,2021-02-11,603,12747,270,5048,333,7699,0,0,344,7070,259,2834,344,9904,California
Sutter,2021-02-12,643,13390,69,5117,574,8273,0,0,316,7060,326,3160,316,10220,California
Sutter,2021-02-13,908,14298,48,5165,860,9133,0,0,792,7736,116,3276,792,11012,California
Sutter,2021-02-14,98,14396,26,5191,72,9205,0,0,86,7810,12,3288,86,11098,California
Sutter,2021-02-15,203,14599,72,5263,131,9336,0,0,123,7853,80,3368,123,11221,California
Sutter,2021-02-16,291,14890,45,5308,246,9582,0,0,207,7977,83,3451,207,11428,California
Sutter,2021-02-17,826,15716,430,5738,396,9978,0,0,131,7414,694,4145,131,11559,California
Sutter,2021-02-18,711,16427,59,5797,652,10630,0,0,496,7696,214,4359,496,12055,California
Sutter,2021-02-19,668,17095,379,6176,289,10919,0,0,463,7956,203,4562,463,12518,California
Sutter,2021-02-20,621,17716,56,6232,565,11484,0,0,518,8372,102,4664,518,13036,California
Sutter,2021-02-21,29,17745,26,6258,3,11487,0,0,9,8361,20,4684,9,13045,California
Sutter,2021-02-22,209,17954,122,6380,87,11574,0,0,88,8328,121,4805,88,13133,California
Sutter,2021-02-23,221,18175,31,6411,190,11764,0,0,96,8300,124,4929,96,13229,California
Sutter,2021-02-24,976,19151,348,6759,628,12392,0,0,198,7721,777,5706,198,13427,California
Sutter,2021-02-25,790,19941,501,7260,289,12681,0,0,606,8146,181,5887,606,14033,California
Sutter,2021-02-26,380,20321,61,7321,319,13000,0,0,157,8082,221,6108,157,14190,California
Sutter,2021-02-27,879,21200,48,7369,831,13831,0,0,714,8631,165,6273,714,14904,California
Sutter,2021-02-28,87,21287,43,7412,44,13875,0,0,68,8681,18,6291,68,14972,California
Sutter,2021-03-01,250,21537,61,7473,189,14064,0,0,153,8737,97,6388,153,15125,California
Sutter,2021-03-02,339,21876,60,7533,279,14343,0,0,163,8726,174,6562,163,15288,California
Sutter,2021-03-03,1406,23282,532,8065,874,15217,0,0,661,8648,739,7301,661,15949,California
Sutter,2021-03-04,1261,24543,864,8929,397,15614,0,0,948,9287,309,7610,948,16897,California
Sutter,2021-03-05,343,24886,82,9011,260,15874,1,1,210,9365,133,7743,211,17108,California
Sutter,2021-03-06,1031,25917,49,9060,977,16851,5,6,862,10063,169,7912,867,17975,California
Sutter,2021-03-07,64,25981,22,9082,41,16892,1,7,42,10084,22,7934,43,18018,California
Sutter,2021-03-08,228,26209,79,9161,137,17029,12,19,159,10186,69,8003,171,18189,California
Sutter,2021-03-09,393,26602,142,9303,238,17267,13,32,190,10186,203,8206,203,18392,California
Sutter,2021-03-10,1585,28187,685,9988,837,18104,63,95,528,9724,1053,9259,591,18983,California
Sutter,2021-03-11,895,29082,443,10431,435,18539,17,112,647,10143,245,9504,664,19647,California
Sutter,2021-03-12,684,29766,111,10542,391,18930,182,294,200,10042,481,9985,380,20027,California
Sutter,2021-03-13,1001,30767,755,11297,228,19158,18,312,787,10634,212,10197,804,20831,California
Sutter,2021-03-14,138,30905,22,11319,105,19263,11,323,46,10599,92,10289,57,20888,California
Sutter,2021-03-15,330,31235,68,11387,213,19476,49,372,156,10632,172,10461,205,21093,California
Sutter,2021-03-16,394,31629,84,11471,263,19739,47,419,214,10712,180,10641,260,21353,California
Sutter,2021-03-17,1501,33130,562,12033,917,20656,22,441,314,9869,1178,11819,335,21688,California
Sutter,2021-03-18,973,34103,176,12209,596,21252,201,642,569,10236,401,12220,768,22456,California
Sutter,2021-03-19,461,34564,163,12372,269,21521,29,671,282,10370,177,12397,311,22767,California
Sutter,2021-03-20,949,35513,118,12490,820,22341,11,682,858,11149,90,12487,869,23636,California
Sutter,2021-03-21,71,35584,49,12539,19,22360,3,685,32,11145,39,12526,35,23671,California
Sutter,2021-03-22,288,35872,118,12657,143,22503,27,712,210,11305,77,12603,237,23908,California
Sutter,2021-03-23,375,36247,115,12772,227,22730,33,745,253,11469,121,12724,285,24193,California
Sutter,2021-03-24,1690,37937,771,13543,849,23579,70,815,316,10497,1359,14083,387,24580,California
Sutter,2021-03-25,1051,38988,684,14227,323,23902,44,859,372,10237,676,14759,416,24996,California
Sutter,2021-03-26,500,39488,179,14406,305,24207,16,875,294,10344,203,14962,310,25306,California
Sutter,2021-03-27,927,40415,62,14468,863,25070,2,877,817,11057,106,15068,819,26125,California
Sutter,2021-03-28,123,40538,70,14538,53,25123,0,877,77,11090,44,15112,77,26202,California
Sutter,2021-03-29,424,40962,141,14679,227,25350,56,933,221,11166,201,15313,277,26479,California
Sutter,2021-03-30,479,41441,161,14840,308,25658,10,943,317,11331,162,15475,327,26806,California
Sutter,2021-03-31,1260,42701,180,15020,1065,26723,15,958,443,10984,804,16279,457,27263,California
Sutter,2021-04-01,1388,44089,741,15761,459,27182,188,1146,429,10650,950,17229,616,27879,California
Sutter,2021-04-02,519,44608,102,15863,299,27481,118,1264,205,10657,312,17541,319,28198,California
Sutter,2021-04-03,919,45527,79,15942,212,27693,628,1892,124,10617,791,18332,751,28949,California
Sutter,2021-04-04,117,45644,22,15964,89,27782,6,1898,54,10614,63,18395,60,29009,California
Sutter,2021-04-05,370,46014,145,16109,189,27971,36,1934,177,10637,190,18585,213,29222,California
Sutter,2021-04-06,515,46529,200,16309,259,28230,56,1990,275,10730,238,18823,331,29553,California
Sutter,2021-04-07,1486,48015,887,17196,523,28753,76,2066,611,10551,866,19689,687,30240,California
Sutter,2021-04-08,1055,49070,582,17778,358,29111,115,2181,581,10774,470,20159,693,30933,California
Sutter,2021-04-09,573,49643,248,18026,260,29371,65,2246,241,10752,328,20487,306,31239,California
Sutter,2021-04-10,839,50482,111,18137,97,29468,631,2877,116,10772,719,21206,739,31978,California
Sutter,2021-04-11,119,50601,32,18169,41,29509,46,2923,38,10774,81,21287,83,32061,California
Sutter,2021-04-12,345,50946,93,18262,199,29708,53,2976,140,10764,203,21490,193,32254,California
Sutter,2021-04-13,436,51382,127,18389,309,30017,0,2976,215,10760,219,21709,215,32469,California
Sutter,2021-04-14,1330,52712,160,18549,1169,31186,1,2977,227,9892,1096,22805,228,32697,California
Sutter,2021-04-15,539,53251,172,18721,367,31553,0,2977,215,9786,321,23126,215,32912,California
Sutter,2021-04-16,406,53657,127,18848,279,31832,0,2977,191,9764,214,23340,192,33104,California
Sutter,2021-04-17,580,54237,84,18932,496,32328,0,2977,510,10205,69,23409,510,33614,California
Sutter,2021-04-18,72,54309,12,18944,60,32388,0,2977,44,10223,26,23435,44,33658,California
Sutter,2021-04-19,291,54600,109,19053,182,32570,0,2977,121,10176,168,23603,121,33779,California
Sutter,2021-04-20,412,55012,134,19187,278,32848,0,2977,204,10172,208,23811,204,33983,California
Sutter,2021-04-21,1241,56253,423,19610,818,33666,0,2977,480,9901,751,24562,480,34463,California
Sutter,2021-04-22,503,56756,163,19773,340,34006,0,2977,256,9912,245,24807,256,34719,California
Sutter,2021-04-23,400,57156,117,19890,283,34289,0,2977,187,9888,211,25018,187,34906,California
Sutter,2021-04-24,331,57487,108,19998,222,34511,1,2978,189,9936,141,25159,189,35095,California
Sutter,2021-04-25,158,57645,76,20074,82,34593,0,2978,87,9954,69,25228,87,35182,California
Sutter,2021-04-26,305,57950,89,20163,214,34807,2,2980,133,9919,170,25398,135,35317,California
Sutter,2021-04-27,539,58489,265,20428,270,35077,4,2984,251,9890,284,25682,255,35572,California
Sutter,2021-04-28,814,59303,341,20769,465,35542,8,2992,255,9599,554,26236,263,35835,California
Sutter,2021-04-29,777,60080,138,20907,638,36180,1,2993,311,9449,462,26698,312,36147,California
Sutter,2021-04-30,362,60442,110,21017,239,36419,13,3006,146,9394,213,26911,158,36305,California
Sutter,2021-05-01,298,60740,107,21124,151,36570,40,3046,129,9397,166,27077,169,36474,California
Sutter,2021-05-02,82,60822,54,21178,26,36596,2,3048,46,9409,36,27113,48,36522,California
Sutter,2021-05-03,221,61043,110,21288,100,36696,11,3059,89,9377,132,27245,100,36622,California
Sutter,2021-05-04,542,61585,238,21526,240,36936,64,3123,226,9353,313,27558,289,36911,California
Sutter,2021-05-05,535,62120,143,21669,384,37320,8,3131,156,9144,373,27931,164,37075,California
Sutter,2021-05-06,427,62547,229,21898,180,37500,18,3149,192,9119,234,28165,209,37284,California
Sutter,2021-05-07,414,62961,144,22042,249,37749,21,3170,153,9035,258,28423,174,37458,California
Sutter,2021-05-08,197,63158,50,22092,142,37891,5,3175,106,9055,91,28514,111,37569,California
Sutter,2021-05-09,81,63239,53,22145,23,37914,5,3180,55,9089,26,28540,60,37629,California
Sutter,2021-05-10,191,63430,43,22188,130,38044,18,3198,49,9016,140,28680,67,37696,California
Sutter,2021-05-11,450,63880,219,22407,210,38254,21,3219,185,8960,260,28940,204,37900,California
Sutter,2021-05-12,443,64323,242,22649,190,38444,11,3230,162,8856,277,29217,173,38073,California
Sutter,2021-05-13,488,64811,263,22912,203,38647,22,3252,201,8794,285,29502,223,38296,California
Sutter,2021-05-14,440,65251,188,23100,236,38883,16,3268,215,8805,220,29722,231,38527,California
Sutter,2021-05-15,843,66094,308,23408,504,39387,31,3299,306,8606,536,30258,337,38864,California
Sutter,2021-05-16,141,66235,83,23491,50,39437,8,3307,75,8624,65,30323,83,38947,California
Sutter,2021-05-17,293,66528,116,23607,163,39600,14,3321,155,8656,137,30460,169,39116,California
Sutter,2021-05-18,546,67074,314,23921,227,39827,5,3326,299,8716,244,30704,304,39420,California
Sutter,2021-05-19,465,67539,267,24188,191,40018,7,3333,246,8753,216,30920,253,39673,California
Sutter,2021-05-20,461,68000,241,24429,208,40226,12,3345,227,8761,231,31151,239,39912,California
Sutter,2021-05-21,494,68494,222,24651,260,40486,12,3357,237,8755,254,31405,248,40160,California
Sutter,2021-05-22,368,68862,202,24853,163,40649,3,3360,185,8764,178,31583,187,40347,California
Sutter,2021-05-23,181,69043,85,24938,87,40736,9,3369,92,8782,83,31666,101,40448,California
Sutter,2021-05-24,239,69282,87,25025,129,40865,23,3392,99,8766,138,31804,122,40570,California
Sutter,2021-05-25,402,69684,197,25222,192,41057,13,3405,167,8715,230,32034,179,40749,California
Sutter,2021-05-26,318,70002,156,25378,153,41210,9,3414,118,8646,196,32230,127,40876,California
Sutter,2021-05-27,434,70436,115,25493,299,41509,20,3434,125,8486,305,32535,145,41021,California
Sutter,2021-05-28,339,70775,164,25657,158,41667,17,3451,179,8527,155,32690,196,41217,California
Sutter,2021-05-29,252,71027,118,25775,119,41786,15,3466,139,8572,109,32799,154,41371,California
Sutter,2021-05-30,85,71112,61,25836,21,41807,3,3469,50,8591,34,32833,53,41424,California
Sutter,2021-05-31,19,71131,2,25838,13,41820,4,3473,5,8586,14,32847,9,41433,California
Sutter,2021-06-01,309,71440,133,25971,168,41988,8,3481,127,8540,181,33028,135,41568,California
Sutter,2021-06-02,282,71722,120,26091,156,42144,6,3487,111,8491,166,33194,117,41685,California
Sutter,2021-06-03,339,72061,225,26316,105,42249,9,3496,117,8401,216,33410,126,41811,California
Sutter,2021-06-04,339,72400,197,26513,135,42384,7,3503,120,8313,215,33625,127,41938,California
Sutter,2021-06-05,436,72836,366,26879,66,42450,4,3507,155,8196,276,33901,159,42097,California
Sutter,2021-06-06,137,72973,118,26997,16,42466,3,3510,57,8178,78,33979,60,42157,California
Sutter,2021-06-07,161,73134,104,27101,48,42514,9,3519,56,8139,104,34083,65,42222,California
Sutter,2021-06-08,368,73502,207,27308,148,42662,13,3532,159,8104,207,34290,172,42394,California
Sutter,2021-06-09,366,73868,234,27542,127,42789,5,3537,128,8001,236,34526,133,42527,California
Sutter,2021-06-10,381,74249,276,27818,96,42885,9,3546,150,7932,228,34754,159,42686,California
Sutter,2021-06-11,339,74588,218,28036,115,43000,6,3552,115,7832,220,34974,120,42806,California
Sutter,2021-06-12,238,74826,168,28204,55,43055,15,3567,67,7743,171,35145,82,42888,California
Sutter,2021-06-13,83,74909,65,28269,17,43072,1,3568,24,7710,58,35203,25,42913,California
Sutter,2021-06-14,189,75098,111,28380,68,43140,10,3578,75,7683,112,35315,85,42998,California
Sutter,2021-06-15,284,75382,152,28532,119,43259,13,3591,104,7622,178,35493,117,43115,California
Sutter,2021-06-16,219,75601,141,28673,69,43328,9,3600,105,7622,114,35607,114,43229,California
Sutter,2021-06-17,277,75878,170,28843,101,43429,6,3606,120,7592,156,35763,126,43355,California
Sutter,2021-06-18,264,76142,170,29013,81,43510,13,3619,93,7532,166,35929,106,43461,California
Sutter,2021-06-19,72,76214,35,29048,35,43545,2,3621,13,7489,58,35987,15,43476,California
Tehama,2020-12-16,4,4,4,4,0,0,0,0,4,4,0,0,4,4,California
Tehama,2020-12-17,21,25,21,25,0,0,0,0,21,25,0,0,21,25,California
Tehama,2020-12-18,5,30,5,30,0,0,0,0,6,31,0,0,6,31,California
Tehama,2020-12-21,44,74,44,74,0,0,0,0,44,75,0,0,44,75,California
Tehama,2020-12-22,79,153,73,147,6,6,0,0,79,154,0,0,79,154,California
Tehama,2020-12-23,55,208,47,194,8,14,0,0,55,209,0,0,55,209,California
Tehama,2020-12-24,5,213,3,197,2,16,0,0,5,214,0,0,5,214,California
Tehama,2020-12-26,4,217,3,200,1,17,0,0,4,218,0,0,4,218,California
Tehama,2020-12-27,2,219,2,202,0,17,0,0,2,220,0,0,2,220,California
Tehama,2020-12-28,59,278,46,248,13,30,0,0,59,279,0,0,59,279,California
Tehama,2020-12-29,41,319,41,289,0,30,0,0,41,320,0,0,41,320,California
Tehama,2020-12-30,62,381,44,333,18,48,0,0,61,381,0,0,61,381,California
Tehama,2020-12-31,14,395,4,337,10,58,0,0,14,395,0,0,14,395,California
Tehama,2021-01-01,2,397,0,337,2,60,0,0,2,397,0,0,2,397,California
Tehama,2021-01-04,47,444,16,353,31,91,0,0,47,444,0,0,47,444,California
Tehama,2021-01-05,75,519,46,399,29,120,0,0,70,509,5,5,70,514,California
Tehama,2021-01-06,87,606,34,433,53,173,0,0,71,566,14,19,71,585,California
Tehama,2021-01-07,61,667,7,440,54,227,0,0,60,625,1,20,60,645,California
Tehama,2021-01-08,42,709,31,471,11,238,0,0,34,651,8,28,34,679,California
Tehama,2021-01-09,7,716,5,476,2,240,0,0,6,656,1,29,6,685,California
Tehama,2021-01-10,1,717,0,476,1,241,0,0,1,657,0,29,1,686,California
Tehama,2021-01-11,61,778,53,529,8,249,0,0,22,640,39,68,22,708,California
Tehama,2021-01-12,150,928,130,659,20,269,0,0,93,676,57,125,93,801,California
Tehama,2021-01-13,87,1015,62,721,25,294,0,0,35,659,52,177,35,836,California
Tehama,2021-01-14,243,1258,51,772,192,486,0,0,241,898,2,179,241,1077,California
Tehama,2021-01-15,291,1549,76,848,215,701,0,0,287,1181,4,183,287,1364,California
Tehama,2021-01-16,275,1824,20,868,255,956,0,0,272,1450,3,186,272,1636,California
Tehama,2021-01-17,6,1830,2,870,4,960,0,0,4,1452,2,188,4,1640,California
Tehama,2021-01-18,14,1844,7,877,7,967,0,0,8,1454,6,194,8,1648,California
Tehama,2021-01-19,311,2155,77,954,234,1201,0,0,248,1639,63,257,248,1896,California
Tehama,2021-01-20,343,2498,104,1058,239,1440,0,0,286,1869,56,313,286,2182,California
Tehama,2021-01-21,246,2744,19,1077,227,1667,0,0,231,2085,15,328,231,2413,California
Tehama,2021-01-22,247,2991,22,1099,225,1892,0,0,244,2326,3,331,244,2657,California
Tehama,2021-01-23,270,3261,7,1106,263,2155,0,0,269,2594,1,332,269,2926,California
Tehama,2021-01-24,3,3264,1,1107,2,2157,0,0,3,2597,0,332,3,2929,California
Tehama,2021-01-25,47,3311,21,1128,26,2183,0,0,23,2596,24,356,23,2952,California
Tehama,2021-01-26,359,3670,46,1174,313,2496,0,0,321,2879,38,394,321,3273,California
Tehama,2021-01-27,343,4013,24,1198,319,2815,0,0,320,3176,23,417,320,3593,California
Tehama,2021-01-28,375,4388,42,1240,333,3148,0,0,353,3507,22,439,353,3946,California
Tehama,2021-01-29,358,4746,25,1265,333,3481,0,0,338,3825,20,459,338,4284,California
Tehama,2021-01-30,114,4860,2,1267,112,3593,0,0,113,3937,1,460,113,4397,California
Tehama,2021-01-31,1,4861,0,1267,1,3594,0,0,1,3938,0,460,1,4398,California
Tehama,2021-02-01,86,4947,22,1289,64,3658,0,0,38,3928,48,508,38,4436,California
Tehama,2021-02-02,376,5323,72,1361,304,3962,0,0,277,4106,99,607,277,4713,California
Tehama,2021-02-03,441,5764,16,1377,425,4387,0,0,387,4439,54,661,387,5100,California
Tehama,2021-02-04,539,6303,106,1483,433,4820,0,0,452,4805,87,748,453,5553,California
Tehama,2021-02-05,202,6505,75,1558,127,4947,0,0,137,4877,65,813,137,5690,California
Tehama,2021-02-06,44,6549,16,1574,28,4975,0,0,32,4897,12,825,32,5722,California
Tehama,2021-02-07,5,6554,4,1578,1,4976,0,0,2,4896,3,828,2,5724,California
Tehama,2021-02-08,49,6603,14,1592,35,5011,0,0,33,4913,16,844,33,5757,California
Tehama,2021-02-09,98,6701,49,1641,49,5060,0,0,55,4925,43,887,55,5812,California
Tehama,2021-02-10,262,6963,73,1714,189,5249,0,0,168,4999,94,981,168,5980,California
Tehama,2021-02-11,245,7208,18,1732,227,5476,0,0,93,4942,150,1131,93,6073,California
Tehama,2021-02-12,419,7627,81,1813,338,5814,0,0,194,4911,225,1356,194,6267,California
Tehama,2021-02-13,410,8037,18,1831,392,6206,0,0,158,4817,252,1608,158,6425,California
Tehama,2021-02-14,38,8075,2,1833,36,6242,0,0,35,4849,3,1611,35,6460,California
Tehama,2021-02-15,62,8137,10,1843,52,6294,0,0,54,4895,8,1619,54,6514,California
Tehama,2021-02-16,261,8398,22,1865,239,6533,0,0,71,4776,190,1809,71,6585,California
Tehama,2021-02-17,326,8724,21,1886,305,6838,0,0,65,4580,261,2070,65,6650,California
Tehama,2021-02-18,393,9117,37,1923,356,7194,0,0,149,4485,244,2314,149,6799,California
Tehama,2021-02-19,241,9358,29,1952,212,7406,0,0,50,4344,191,2505,50,6849,California
Tehama,2021-02-20,289,9647,8,1960,281,7687,0,0,33,4121,256,2761,33,6882,California
Tehama,2021-02-21,4,9651,1,1961,3,7690,0,0,2,4121,2,2763,2,6884,California
Tehama,2021-02-22,49,9700,17,1978,32,7722,0,0,29,4130,20,2783,29,6913,California
Tehama,2021-02-23,60,9760,24,2002,36,7758,0,0,29,4128,31,2814,29,6942,California
Tehama,2021-02-24,351,10111,28,2030,323,8081,0,0,39,3855,312,3126,39,6981,California
Tehama,2021-02-25,404,10515,60,2090,344,8425,0,0,42,3536,361,3487,42,7023,California
Tehama,2021-02-26,503,11018,21,2111,482,8907,0,0,79,3191,424,3911,79,7102,California
Tehama,2021-02-27,331,11349,6,2117,325,9232,0,0,38,2937,292,4203,38,7140,California
Tehama,2021-02-28,22,11371,2,2119,20,9252,0,0,19,2953,3,4206,19,7159,California
Tehama,2021-03-01,67,11438,7,2126,60,9312,0,0,32,2950,35,4241,32,7191,California
Tehama,2021-03-02,167,11605,22,2148,145,9457,0,0,37,2858,129,4370,37,7228,California
Tehama,2021-03-03,171,11776,33,2181,138,9595,0,0,55,2797,116,4486,55,7283,California
Tehama,2021-03-04,729,12505,64,2245,665,10260,0,0,257,2589,465,4951,257,7540,California
Tehama,2021-03-05,440,12945,25,2270,415,10675,0,0,227,2604,212,5163,227,7767,California
Tehama,2021-03-06,344,13289,19,2289,323,10998,2,2,89,2442,254,5417,92,7859,California
Tehama,2021-03-07,6,13295,1,2290,5,11003,0,2,4,2445,1,5418,4,7863,California
Tehama,2021-03-08,68,13363,11,2301,41,11044,16,18,27,2448,40,5458,43,7906,California
Tehama,2021-03-09,408,13771,17,2318,368,11412,23,41,346,2755,62,5520,369,8275,California
Tehama,2021-03-10,378,14149,23,2341,332,11744,23,64,76,2553,301,5821,99,8374,California
Tehama,2021-03-11,552,14701,27,2368,463,12207,62,126,386,2835,166,5987,448,8822,California
Tehama,2021-03-12,344,15045,28,2396,243,12450,73,199,197,2958,147,6134,270,9092,California
Tehama,2021-03-13,58,15103,10,2406,39,12489,9,208,9,2927,49,6183,18,9110,California
Tehama,2021-03-14,63,15166,2,2408,52,12541,9,217,21,2915,42,6225,30,9140,California
Tehama,2021-03-15,172,15338,23,2431,122,12663,27,244,87,2944,85,6310,114,9254,California
Tehama,2021-03-16,449,15787,19,2450,392,13055,38,282,341,3216,107,6417,379,9633,California
Tehama,2021-03-17,471,16258,33,2483,407,13462,31,313,382,3542,87,6504,413,10046,California
Tehama,2021-03-18,534,16792,38,2521,470,13932,26,339,350,3736,182,6686,376,10422,California
Tehama,2021-03-19,347,17139,26,2547,308,14240,13,352,304,4010,43,6729,317,10739,California
Tehama,2021-03-20,57,17196,16,2563,36,14276,5,357,39,4036,18,6747,44,10783,California
Tehama,2021-03-21,12,17208,5,2568,7,14283,0,357,12,4048,0,6747,12,10795,California
Tehama,2021-03-22,105,17313,10,2578,78,14361,17,374,60,4080,45,6792,77,10872,California
Tehama,2021-03-23,104,17417,35,2613,62,14423,7,381,76,4135,28,6820,83,10955,California
Tehama,2021-03-24,97,17514,16,2629,78,14501,3,384,61,4163,36,6856,64,11019,California
Tehama,2021-03-25,568,18082,397,3026,158,14659,13,397,518,4646,48,6904,531,11550,California
Tehama,2021-03-26,577,18659,453,3479,111,14770,13,410,488,5061,86,6990,501,12051,California
Tehama,2021-03-27,523,19182,406,3885,81,14851,36,446,441,5457,81,7071,477,12528,California
Tehama,2021-03-28,41,19223,16,3901,25,14876,0,446,25,5466,16,7087,25,12553,California
Tehama,2021-03-29,130,19353,30,3931,98,14974,2,448,82,5502,47,7134,83,12636,California
Tehama,2021-03-30,428,19781,253,4184,173,15147,2,450,284,5644,144,7278,286,12922,California
Tehama,2021-03-31,424,20205,317,4501,104,15251,3,453,342,5907,81,7359,344,13266,California
Tehama,2021-04-01,565,20770,272,4773,287,15538,6,459,422,6193,142,7501,428,13694,California
Tehama,2021-04-02,497,21267,239,5012,249,15787,9,468,301,6306,196,7697,309,14003,California
Tehama,2021-04-03,77,21344,10,5022,59,15846,8,476,39,6315,38,7735,47,14050,California
Tehama,2021-04-04,41,21385,9,5031,29,15875,3,479,27,6331,14,7749,30,14080,California
Tehama,2021-04-05,130,21515,22,5053,74,15949,34,513,65,6365,65,7814,99,14179,California
Tehama,2021-04-06,550,22065,120,5173,369,16318,61,574,149,6174,401,8215,210,14389,California
Tehama,2021-04-07,457,22522,309,5482,95,16413,53,627,328,6425,128,8343,379,14768,California
Tehama,2021-04-08,662,23184,196,5678,424,16837,42,669,249,6304,412,8755,291,15059,California
Tehama,2021-04-09,489,23673,229,5907,220,17057,40,709,248,6352,240,8995,288,15347,California
Tehama,2021-04-10,102,23775,26,5933,42,17099,34,743,52,6388,50,9045,86,15433,California
Tehama,2021-04-11,47,23822,10,5943,26,17125,11,754,11,6374,36,9081,22,15455,California
Tehama,2021-04-12,120,23942,6,5949,91,17216,23,777,43,6363,77,9158,66,15521,California
Tehama,2021-04-13,424,24366,76,6025,348,17564,0,777,70,6079,354,9512,70,15591,California
Tehama,2021-04-14,433,24799,56,6081,377,17941,0,777,50,5748,381,9893,50,15641,California
Tehama,2021-04-15,558,25357,208,6289,350,18291,0,777,84,5359,474,10367,85,15726,California
Tehama,2021-04-16,680,26037,396,6685,284,18575,0,777,92,4863,588,10955,92,15818,California
Tehama,2021-04-17,391,26428,299,6984,92,18667,0,777,55,4584,335,11290,56,15874,California
Tehama,2021-04-18,21,26449,7,6991,14,18681,0,777,14,4591,7,11297,14,15888,California
Tehama,2021-04-19,109,26558,7,6998,102,18783,0,777,47,4576,62,11359,47,15935,California
Tehama,2021-04-20,585,27143,485,7483,100,18883,0,777,170,4336,412,11771,172,16107,California
Tehama,2021-04-21,538,27681,457,7940,81,18964,0,777,174,4148,362,12133,174,16281,California
Tehama,2021-04-22,555,28236,390,8330,165,19129,0,777,155,3906,397,12530,155,16436,California
Tehama,2021-04-23,487,28723,375,8705,112,19241,0,777,212,3845,274,12804,213,16649,California
Tehama,2021-04-24,116,28839,23,8728,93,19334,0,777,27,3783,89,12893,27,16676,California
Tehama,2021-04-25,31,28870,20,8748,11,19345,0,777,10,3772,21,12914,10,16686,California
Tehama,2021-04-26,94,28964,12,8760,82,19427,0,777,53,3784,41,12955,53,16739,California
Tehama,2021-04-27,278,29242,221,8981,54,19481,3,780,105,3719,173,13128,108,16847,California
Tehama,2021-04-28,426,29668,346,9327,60,19541,20,800,72,3457,353,13481,91,16938,California
Tehama,2021-04-29,396,30064,188,9515,200,19741,8,808,76,3222,319,13800,84,17022,California
Tehama,2021-04-30,379,30443,283,9798,89,19830,7,815,132,3114,247,14047,139,17161,California
Tehama,2021-05-01,79,30522,4,9802,68,19898,7,822,15,3072,64,14111,22,17183,California
Tehama,2021-05-02,46,30568,24,9826,10,19908,12,834,26,3090,20,14131,38,17221,California
Tehama,2021-05-03,128,30696,41,9867,76,19984,11,845,66,3105,62,14193,77,17298,California
Tehama,2021-05-04,172,30868,59,9926,104,20088,9,854,72,3086,100,14293,81,17379,California
Tehama,2021-05-05,94,30962,24,9950,59,20147,11,865,41,3085,53,14346,52,17431,California
Tehama,2021-05-06,182,31144,98,10048,66,20213,18,883,112,3145,70,14416,130,17561,California
Tehama,2021-05-07,197,31341,84,10132,101,20314,12,895,55,3072,140,14556,67,17628,California
Tehama,2021-05-08,56,31397,9,10141,45,20359,2,897,16,3050,40,14596,18,17646,California
Tehama,2021-05-09,19,31416,5,10146,14,20373,0,897,9,3049,10,14606,9,17655,California
Tehama,2021-05-10,84,31500,6,10152,69,20442,9,906,39,3052,44,14650,47,17702,California
Tehama,2021-05-11,191,31691,134,10286,41,20483,16,922,33,2943,158,14808,49,17751,California
Tehama,2021-05-12,216,31907,139,10425,67,20550,10,932,49,2836,166,14974,59,17810,California
Tehama,2021-05-13,256,32163,169,10594,76,20626,11,943,115,2822,140,15114,126,17936,California
Tehama,2021-05-14,259,32422,143,10737,95,20721,21,964,64,2713,194,15308,85,18021,California
Tehama,2021-05-15,245,32667,143,10880,61,20782,41,1005,170,2850,74,15382,211,18232,California
Tehama,2021-05-16,28,32695,7,10887,18,20800,3,1008,16,2857,12,15394,19,18251,California
Tehama,2021-05-17,128,32823,35,10922,76,20876,17,1025,62,2871,65,15459,79,18330,California
Tehama,2021-05-18,161,32984,83,11005,62,20938,16,1041,49,2826,110,15569,65,18395,California
Tehama,2021-05-19,137,33121,60,11065,66,21004,11,1052,49,2798,88,15657,60,18455,California
Tehama,2021-05-20,346,33467,253,11318,70,21074,23,1075,243,2962,102,15759,266,18721,California
Tehama,2021-05-21,245,33712,115,11433,117,21191,13,1088,83,2899,159,15918,96,18817,California
Tehama,2021-05-22,69,33781,35,11468,30,21221,4,1092,41,2916,28,15946,45,18862,California
Tehama,2021-05-23,51,33832,24,11492,15,21236,12,1104,14,2905,37,15983,26,18888,California
Tehama,2021-05-24,104,33936,30,11522,65,21301,9,1113,32,2874,72,16055,41,18929,California
Tehama,2021-05-25,82,34018,21,11543,53,21354,8,1121,47,2894,34,16089,54,18983,California
Tehama,2021-05-26,82,34100,32,11575,47,21401,3,1124,54,2924,27,16116,57,19040,California
Tehama,2021-05-27,166,34266,101,11676,61,21462,4,1128,55,2874,109,16225,59,19099,California
Tehama,2021-05-28,146,34412,39,11715,98,21560,9,1137,69,2876,76,16301,78,19177,California
Tehama,2021-05-29,55,34467,9,11724,41,21601,5,1142,36,2898,19,16320,41,19218,California
Tehama,2021-05-30,16,34483,5,11729,10,21611,1,1143,8,2899,8,16328,9,19227,California
Tehama,2021-05-31,18,34501,2,11731,15,21626,1,1144,5,2892,13,16341,6,19233,California
Tehama,2021-06-01,105,34606,20,11751,65,21691,20,1164,35,2877,70,16411,55,19288,California
Tehama,2021-06-02,94,34700,32,11783,57,21748,5,1169,39,2866,55,16466,44,19332,California
Tehama,2021-06-03,144,34844,103,11886,29,21777,12,1181,32,2798,112,16578,44,19376,California
Tehama,2021-06-04,154,34998,39,11925,99,21876,16,1197,65,2789,88,16666,79,19455,California
Tehama,2021-06-05,162,35160,135,12060,23,21899,4,1201,30,2692,131,16797,34,19489,California
Tehama,2021-06-06,19,35179,9,12069,2,21901,8,1209,4,2689,15,16812,12,19501,California
Tehama,2021-06-07,75,35254,29,12098,44,21945,2,1211,21,2658,54,16866,23,19524,California
Tehama,2021-06-08,108,35362,34,12132,64,22009,10,1221,45,2652,61,16927,55,19579,California
Tehama,2021-06-09,94,35456,48,12180,43,22052,3,1224,45,2651,49,16976,48,19627,California
Tehama,2021-06-10,274,35730,223,12403,41,22093,10,1234,39,2466,234,17210,49,19676,California
Tehama,2021-06-11,150,35880,69,12472,73,22166,8,1242,57,2441,90,17300,65,19741,California
Tehama,2021-06-12,64,35944,40,12512,24,22190,0,1242,25,2427,39,17339,25,19766,California
Tehama,2021-06-13,22,35966,6,12518,10,22200,6,1248,5,2421,17,17356,11,19777,California
Tehama,2021-06-14,95,36061,21,12539,70,22270,4,1252,31,2392,64,17420,35,19812,California
Tehama,2021-06-15,92,36153,42,12581,39,22309,11,1263,37,2386,54,17474,48,19860,California
Tehama,2021-06-16,94,36247,63,12644,28,22337,3,1266,48,2391,46,17520,51,19911,California
Tehama,2021-06-17,144,36391,101,12745,26,22363,17,1283,80,2425,62,17582,96,20007,California
Tehama,2021-06-18,102,36493,44,12789,46,22409,12,1295,37,2409,65,17647,49,20056,California
Tehama,2021-06-19,11,36504,7,12796,3,22412,1,1296,4,2407,7,17654,5,20061,California
Trinity,2020-12-17,4,4,4,4,0,0,0,0,4,4,0,0,4,4,California
Trinity,2020-12-18,2,6,2,6,0,0,0,0,2,6,0,0,2,6,California
Trinity,2020-12-21,39,45,39,45,0,0,0,0,39,45,0,0,39,45,California
Trinity,2020-12-22,4,49,4,49,0,0,0,0,4,49,0,0,4,49,California
Trinity,2020-12-23,6,55,5,54,1,1,0,0,6,55,0,0,6,55,California
Trinity,2020-12-28,31,86,31,85,0,1,0,0,31,86,0,0,31,86,California
Trinity,2020-12-29,8,94,7,92,1,2,0,0,8,94,0,0,8,94,California
Trinity,2020-12-30,10,104,8,100,2,4,0,0,10,104,0,0,10,104,California
Trinity,2020-12-31,2,106,1,101,1,5,0,0,2,106,0,0,2,106,California
Trinity,2021-01-04,28,134,0,101,28,33,0,0,27,133,0,0,27,133,California
Trinity,2021-01-05,2,136,1,102,1,34,0,0,2,135,0,0,2,135,California
Trinity,2021-01-06,24,160,4,106,20,54,0,0,20,151,4,4,20,155,California
Trinity,2021-01-08,49,209,2,108,47,101,0,0,48,197,2,6,48,203,California
Trinity,2021-01-11,41,250,38,146,3,104,0,0,4,164,37,43,4,207,California
Trinity,2021-01-12,10,260,6,152,4,108,0,0,5,164,5,48,5,212,California
Trinity,2021-01-13,7,267,4,156,3,111,0,0,4,165,3,51,4,216,California
Trinity,2021-01-14,4,271,1,157,3,114,0,0,4,169,0,51,4,220,California
Trinity,2021-01-15,5,276,0,157,5,119,0,0,5,174,0,51,5,225,California
Trinity,2021-01-16,2,278,0,157,2,121,0,0,2,176,0,51,2,227,California
Trinity,2021-01-18,31,309,31,188,0,121,0,0,0,145,31,82,0,227,California
Trinity,2021-01-19,35,344,15,203,20,141,0,0,21,152,14,96,21,248,California
Trinity,2021-01-20,20,364,3,206,17,158,0,0,17,166,3,99,17,265,California
Trinity,2021-01-21,17,381,7,213,10,168,0,0,17,183,0,99,17,282,California
Trinity,2021-01-22,5,386,1,214,4,172,0,0,5,188,0,99,5,287,California
Trinity,2021-01-23,7,393,3,217,4,176,0,0,7,195,0,99,7,294,California
Trinity,2021-01-25,14,407,1,218,13,189,0,0,13,207,1,100,13,307,California
Trinity,2021-01-26,10,417,1,219,9,198,0,0,9,215,1,101,9,316,California
Trinity,2021-01-27,12,429,0,219,12,210,0,0,12,227,0,101,12,328,California
Trinity,2021-01-28,13,442,3,222,10,220,0,0,10,234,3,104,10,338,California
Trinity,2021-01-29,2,444,0,222,2,222,0,0,1,234,1,105,1,339,California
Trinity,2021-01-30,12,456,11,233,1,223,0,0,12,246,0,105,12,351,California
Trinity,2021-02-01,2,458,1,234,1,224,0,0,1,246,1,106,1,352,California
Trinity,2021-02-02,15,473,3,237,12,236,0,0,14,259,1,107,14,366,California
Trinity,2021-02-03,6,479,1,238,5,241,0,0,4,261,2,109,4,370,California
Trinity,2021-02-04,41,520,32,270,9,250,0,0,34,288,7,116,34,404,California
Trinity,2021-02-05,351,871,0,270,351,601,0,0,320,577,31,147,320,724,California
Trinity,2021-02-06,211,1082,5,275,206,807,0,0,204,774,7,154,204,928,California
Trinity,2021-02-07,1,1083,0,275,1,808,0,0,1,775,0,154,1,929,California
Trinity,2021-02-08,28,1111,1,276,27,835,0,0,16,779,12,166,16,945,California
Trinity,2021-02-09,27,1138,2,278,25,860,0,0,10,772,17,183,10,955,California
Trinity,2021-02-10,122,1260,10,288,112,972,0,0,102,854,20,203,102,1057,California
Trinity,2021-02-11,338,1598,2,290,336,1308,0,0,331,1178,7,210,331,1388,California
Trinity,2021-02-12,19,1617,10,300,9,1317,0,0,14,1187,5,215,14,1402,California
Trinity,2021-02-13,11,1628,6,306,5,1322,0,0,6,1188,5,220,6,1408,California
Trinity,2021-02-14,2,1630,2,308,0,1322,0,0,2,1190,0,220,2,1410,California
Trinity,2021-02-15,47,1677,0,308,47,1369,0,0,47,1237,0,220,47,1457,California
Trinity,2021-02-16,4,1681,1,309,3,1372,0,0,2,1237,2,222,2,1459,California
Trinity,2021-02-17,94,1775,2,311,92,1464,0,0,84,1311,10,232,84,1543,California
Trinity,2021-02-18,3,1778,0,311,3,1467,0,0,1,1310,2,234,1,1544,California
Trinity,2021-02-19,308,2086,2,313,306,1773,0,0,294,1590,14,248,294,1838,California
Trinity,2021-02-20,143,2229,14,327,129,1902,0,0,115,1677,28,276,115,1953,California
Trinity,2021-02-21,1,2230,1,328,0,1902,0,0,1,1678,0,276,1,1954,California
Trinity,2021-02-22,8,2238,0,328,8,1910,0,0,5,1680,3,279,5,1959,California
Trinity,2021-02-23,10,2248,3,331,7,1917,0,0,5,1680,5,284,5,1964,California
Trinity,2021-02-24,30,2278,8,339,22,1939,0,0,7,1664,23,307,7,1971,California
Trinity,2021-02-25,37,2315,23,362,14,1953,0,0,5,1637,32,339,5,1976,California
Trinity,2021-02-26,11,2326,1,363,10,1963,0,0,5,1636,6,345,5,1981,California
Trinity,2021-02-27,10,2336,8,371,2,1965,0,0,4,1634,6,351,4,1985,California
Trinity,2021-03-01,10,2346,0,371,10,1975,0,0,5,1634,5,356,5,1990,California
Trinity,2021-03-02,9,2355,3,374,6,1981,0,0,2,1629,7,363,2,1992,California
Trinity,2021-03-03,5,2360,0,374,5,1986,0,0,4,1632,1,364,4,1996,California
Trinity,2021-03-04,23,2383,19,393,4,1990,0,0,10,1629,13,377,10,2006,California
Trinity,2021-03-05,389,2772,1,394,388,2378,0,0,121,1486,264,641,121,2127,California
Trinity,2021-03-06,203,2975,7,401,196,2574,0,0,27,1337,176,817,27,2154,California
Trinity,2021-03-07,4,2979,3,404,1,2575,0,0,3,1339,1,818,3,2157,California
Trinity,2021-03-08,4,2983,0,404,3,2578,1,1,1,1338,3,821,2,2159,California
Trinity,2021-03-09,99,3082,1,405,96,2674,2,3,93,1427,6,827,95,2254,California
Trinity,2021-03-10,126,3208,3,408,120,2794,3,6,38,1380,88,915,41,2295,California
Trinity,2021-03-11,16,3224,4,412,10,2804,2,8,5,1376,11,926,7,2302,California
Trinity,2021-03-12,399,3623,5,417,388,3192,6,14,97,1177,302,1228,103,2405,California
Trinity,2021-03-13,12,3635,7,424,3,3195,2,16,7,1181,5,1233,9,2414,California
Trinity,2021-03-14,4,3639,1,425,3,3198,0,16,3,1183,1,1234,3,2417,California
Trinity,2021-03-15,68,3707,0,425,67,3265,1,17,15,1146,53,1287,16,2433,California
Trinity,2021-03-16,116,3823,7,432,109,3374,0,17,103,1236,13,1300,103,2536,California
Trinity,2021-03-17,100,3923,3,435,97,3471,0,17,26,1188,74,1374,26,2562,California
Trinity,2021-03-18,9,3932,1,436,5,3476,3,20,4,1190,5,1379,7,2569,California
Trinity,2021-03-19,463,4395,4,440,349,3825,110,130,36,909,427,1806,146,2715,California
Trinity,2021-03-20,108,4503,7,447,101,3926,0,130,72,946,35,1841,72,2787,California
Trinity,2021-03-21,4,4507,0,447,3,3929,1,131,3,949,1,1842,4,2791,California
Trinity,2021-03-22,2,4509,0,447,2,3931,0,131,2,951,0,1842,2,2793,California
Trinity,2021-03-23,95,4604,2,449,93,4024,0,131,78,1012,17,1859,78,2871,California
Trinity,2021-03-24,12,4616,1,450,11,4035,0,131,9,1018,3,1862,9,2880,California
Trinity,2021-03-25,111,4727,8,458,97,4132,6,137,85,1083,26,1888,91,2971,California
Trinity,2021-03-26,84,4811,8,466,76,4208,0,137,77,1153,7,1895,77,3048,California
Trinity,2021-03-27,20,4831,4,470,7,4215,9,146,9,1160,11,1906,18,3066,California
Trinity,2021-03-28,5,4836,3,473,2,4217,0,146,1,1157,4,1910,1,3067,California
Trinity,2021-03-29,5,4841,0,473,5,4222,0,146,2,1156,3,1913,2,3069,California
Trinity,2021-03-30,77,4918,6,479,71,4293,0,146,66,1211,11,1924,66,3135,California
Trinity,2021-03-31,56,4974,5,484,18,4311,33,179,20,1227,36,1960,52,3187,California
Trinity,2021-04-01,40,5014,10,494,19,4330,11,190,21,1240,19,1979,32,3219,California
Trinity,2021-04-02,258,5272,5,499,178,4508,75,265,85,1228,172,2151,160,3379,California
Trinity,2021-04-03,17,5289,12,511,5,4513,0,265,7,1225,10,2161,7,3386,California
Trinity,2021-04-04,10,5299,8,519,2,4515,0,265,8,1231,2,2163,8,3394,California
Trinity,2021-04-05,60,5359,6,525,51,4566,3,268,54,1282,6,2169,57,3451,California
Trinity,2021-04-06,122,5481,15,540,104,4670,3,271,29,1221,93,2262,32,3483,California
Trinity,2021-04-07,26,5507,11,551,10,4680,5,276,19,1238,7,2269,24,3507,California
Trinity,2021-04-08,90,5597,11,562,77,4757,2,278,53,1256,37,2306,55,3562,California
Trinity,2021-04-09,168,5765,18,580,146,4903,4,282,90,1272,78,2384,94,3656,California
Trinity,2021-04-10,12,5777,7,587,5,4908,0,282,11,1282,1,2385,11,3667,California
Trinity,2021-04-11,10,5787,5,592,3,4911,2,284,4,1282,6,2391,6,3673,California
Trinity,2021-04-12,78,5865,5,597,72,4983,1,285,64,1333,13,2404,64,3737,California
Trinity,2021-04-13,104,5969,5,602,99,5082,0,285,11,1251,93,2497,11,3748,California
Trinity,2021-04-14,10,5979,5,607,5,5087,0,285,6,1253,4,2501,6,3754,California
Trinity,2021-04-15,45,6024,10,617,35,5122,0,285,15,1239,29,2530,15,3769,California
Trinity,2021-04-16,158,6182,13,630,145,5267,0,285,83,1248,74,2604,83,3852,California
Trinity,2021-04-17,11,6193,5,635,6,5273,0,285,9,1255,2,2606,9,3861,California
Trinity,2021-04-18,3,6196,1,636,2,5275,0,285,0,1252,3,2609,0,3861,California
Trinity,2021-04-19,67,6263,2,638,65,5340,0,285,66,1317,1,2610,66,3927,California
Trinity,2021-04-20,93,6356,8,646,85,5425,0,285,21,1266,72,2682,21,3948,California
Trinity,2021-04-21,22,6378,9,655,13,5438,0,285,9,1262,13,2695,9,3957,California
Trinity,2021-04-22,92,6470,5,660,87,5525,0,285,14,1198,78,2773,14,3971,California
Trinity,2021-04-23,181,6651,6,666,175,5700,0,285,112,1241,69,2842,112,4083,California
Trinity,2021-04-24,24,6675,13,679,11,5711,0,285,7,1231,17,2859,7,4090,California
Trinity,2021-04-25,10,6685,9,688,1,5712,0,285,3,1228,6,2865,3,4093,California
Trinity,2021-04-26,48,6733,9,697,39,5751,0,285,40,1260,8,2873,40,4133,California
Trinity,2021-04-27,86,6819,11,708,75,5826,0,285,23,1220,63,2936,23,4156,California
Trinity,2021-04-28,33,6852,11,719,22,5848,0,285,12,1211,21,2957,12,4168,California
Trinity,2021-04-29,34,6886,13,732,21,5869,0,285,12,1201,22,2979,12,4180,California
Trinity,2021-04-30,26,6912,21,753,5,5874,0,285,10,1196,15,2994,10,4190,California
Trinity,2021-05-01,14,6926,8,761,1,5875,5,290,4,1195,10,3004,9,4199,California
Trinity,2021-05-02,8,6934,5,766,1,5876,2,292,2,1193,6,3010,4,4203,California
Trinity,2021-05-03,58,6992,13,779,44,5920,1,293,9,1155,48,3058,10,4213,California
Trinity,2021-05-04,28,7020,11,790,16,5936,1,294,8,1144,20,3078,9,4222,California
Trinity,2021-05-05,11,7031,7,797,4,5940,0,294,4,1141,7,3085,4,4226,California
Trinity,2021-05-06,76,7107,11,808,62,6002,3,297,16,1100,60,3145,19,4245,California
Trinity,2021-05-07,181,7288,12,820,135,6137,34,331,14,981,167,3312,48,4293,California
Trinity,2021-05-08,7,7295,2,822,5,6142,0,331,2,978,5,3317,2,4295,California
Trinity,2021-05-09,11,7306,8,830,3,6145,0,331,7,981,4,3321,7,4302,California
Trinity,2021-05-10,14,7320,4,834,9,6154,1,332,7,982,7,3328,8,4310,California
Trinity,2021-05-11,8,7328,4,838,4,6158,0,332,6,986,2,3330,6,4316,California
Trinity,2021-05-12,19,7347,16,854,2,6160,1,333,14,996,5,3335,15,4331,California
Trinity,2021-05-13,15,7362,10,864,4,6164,1,334,9,1000,6,3341,10,4341,California
Trinity,2021-05-14,143,7505,19,883,96,6260,28,362,39,963,104,3445,67,4408,California
Trinity,2021-05-15,16,7521,11,894,4,6264,1,363,7,963,8,3453,8,4416,California
Trinity,2021-05-16,8,7529,6,900,2,6266,0,363,6,967,2,3455,6,4422,California
Trinity,2021-05-17,108,7637,20,920,86,6352,2,365,42,945,66,3521,44,4466,California
Trinity,2021-05-18,37,7674,7,927,29,6381,1,366,11,931,26,3547,12,4478,California
Trinity,2021-05-19,149,7823,17,944,103,6484,29,395,30,872,118,3665,59,4537,California
Trinity,2021-05-20,28,7851,21,965,4,6488,3,398,17,881,11,3676,20,4557,California
Trinity,2021-05-21,22,7873,14,979,8,6496,0,398,12,883,10,3686,12,4569,California
Trinity,2021-05-22,17,7890,14,993,3,6499,0,398,13,892,4,3690,13,4582,California
Trinity,2021-05-23,6,7896,4,997,2,6501,0,398,2,890,4,3694,2,4584,California
Trinity,2021-05-24,109,8005,12,1009,96,6597,1,399,8,799,100,3794,9,4593,California
Trinity,2021-05-25,39,8044,14,1023,25,6622,0,399,17,794,22,3816,17,4610,California
Trinity,2021-05-26,12,8056,6,1029,6,6628,0,399,4,790,8,3824,4,4614,California
Trinity,2021-05-27,30,8086,13,1042,12,6640,5,404,7,779,23,3847,12,4626,California
Trinity,2021-05-28,14,8100,10,1052,3,6643,1,405,7,780,7,3854,8,4634,California
Trinity,2021-05-29,10,8110,7,1059,2,6645,1,406,7,785,3,3857,8,4642,California
Trinity,2021-05-30,6,8116,5,1064,1,6646,0,406,0,779,6,3863,0,4642,California
Trinity,2021-05-31,4,8120,3,1067,1,6647,0,406,2,779,2,3865,2,4644,California
Trinity,2021-06-01,15,8135,8,1075,5,6652,2,408,4,775,10,3875,6,4650,California
Trinity,2021-06-02,24,8159,19,1094,3,6655,2,410,9,771,15,3890,11,4661,California
Trinity,2021-06-03,39,8198,13,1107,26,6681,0,410,13,758,26,3916,13,4674,California
Trinity,2021-06-04,45,8243,21,1128,16,6697,8,418,12,745,33,3949,20,4694,California
Trinity,2021-06-05,19,8262,18,1146,1,6698,0,418,13,752,6,3955,13,4707,California
Trinity,2021-06-06,9,8271,6,1152,2,6700,1,419,2,748,7,3962,3,4710,California
Trinity,2021-06-07,28,8299,19,1171,8,6708,1,420,12,745,16,3978,13,4723,California
Trinity,2021-06-08,15,8314,13,1184,1,6709,1,421,4,739,11,3989,5,4728,California
Trinity,2021-06-09,24,8338,14,1198,1,6710,9,430,5,734,19,4008,14,4742,California
Trinity,2021-06-10,21,8359,19,1217,2,6712,0,430,6,725,15,4023,6,4748,California
Trinity,2021-06-11,45,8404,10,1227,33,6745,2,432,14,710,31,4054,16,4764,California
Trinity,2021-06-12,9,8413,9,1236,0,6745,0,432,2,705,7,4061,2,4766,California
Trinity,2021-06-13,4,8417,4,1240,0,6745,0,432,1,703,3,4064,1,4767,California
Trinity,2021-06-14,43,8460,16,1256,27,6772,0,432,11,682,32,4096,11,4778,California
Trinity,2021-06-15,43,8503,21,1277,3,6775,19,451,9,676,34,4130,28,4806,California
Trinity,2021-06-16,11,8514,6,1283,5,6780,0,451,3,671,8,4138,3,4809,California
Trinity,2021-06-17,16,8530,13,1296,0,6780,3,454,5,669,10,4148,8,4817,California
Trinity,2021-06-18,20,8550,11,1307,7,6787,2,456,8,667,12,4160,10,4827,California
Tulare,2020-12-15,1,1,1,1,0,0,0,0,1,1,0,0,1,1,California
Tulare,2020-12-16,4,5,4,5,0,0,0,0,4,5,0,0,4,5,California
Tulare,2020-12-17,110,115,110,115,0,0,0,0,110,115,0,0,110,115,California
Tulare,2020-12-18,289,404,288,403,1,1,0,0,289,404,0,0,289,404,California
Tulare,2020-12-19,325,729,325,728,0,1,0,0,325,729,0,0,325,729,California
Tulare,2020-12-20,165,894,165,893,0,1,0,0,165,894,0,0,165,894,California
Tulare,2020-12-21,423,1317,423,1316,0,1,0,0,443,1337,0,0,443,1337,California
Tulare,2020-12-22,474,1791,473,1789,1,2,0,0,473,1810,0,0,473,1810,California
Tulare,2020-12-23,326,2117,318,2107,8,10,0,0,324,2134,0,0,324,2134,California
Tulare,2020-12-24,18,2135,16,2123,2,12,0,0,18,2152,0,0,18,2152,California
Tulare,2020-12-26,7,2142,6,2129,1,13,0,0,7,2159,0,0,7,2159,California
Tulare,2020-12-27,16,2158,12,2141,4,17,0,0,16,2175,0,0,16,2175,California
Tulare,2020-12-28,483,2641,470,2611,13,30,0,0,482,2657,0,0,482,2657,California
Tulare,2020-12-29,549,3190,477,3088,72,102,0,0,549,3206,0,0,549,3206,California
Tulare,2020-12-30,469,3659,425,3513,44,146,0,0,469,3675,0,0,469,3675,California
Tulare,2020-12-31,101,3760,23,3536,78,224,0,0,101,3776,0,0,101,3776,California
Tulare,2021-01-01,4,3764,1,3537,3,227,0,0,4,3780,0,0,4,3780,California
Tulare,2021-01-02,33,3797,20,3557,13,240,0,0,33,3813,0,0,33,3813,California
Tulare,2021-01-03,23,3820,9,3566,14,254,0,0,23,3836,0,0,23,3836,California
Tulare,2021-01-04,93,3913,16,3582,77,331,0,0,93,3929,0,0,93,3929,California
Tulare,2021-01-05,469,4382,279,3861,190,521,0,0,467,4394,2,2,467,4396,California
Tulare,2021-01-06,869,5251,634,4495,235,756,0,0,859,5243,10,12,859,5255,California
Tulare,2021-01-07,788,6039,590,5085,198,954,0,0,679,5813,109,121,679,5934,California
Tulare,2021-01-08,1296,7335,573,5658,723,1677,0,0,960,6438,335,456,960,6894,California
Tulare,2021-01-09,802,8137,202,5860,600,2277,0,0,615,6866,187,643,615,7509,California
Tulare,2021-01-10,51,8188,44,5904,7,2284,0,0,13,6841,38,681,13,7522,California
Tulare,2021-01-11,1276,9464,772,6676,504,2788,0,0,838,7241,438,1119,838,8360,California
Tulare,2021-01-12,1461,10925,510,7186,951,3739,0,0,1047,7876,413,1532,1048,9408,California
Tulare,2021-01-13,430,11355,201,7387,229,3968,0,0,355,8156,75,1607,355,9763,California
Tulare,2021-01-14,498,11853,146,7533,352,4320,0,0,472,8613,15,1622,472,10235,California
Tulare,2021-01-15,1706,13559,162,7695,1544,5864,0,0,1696,10299,10,1632,1696,11931,California
Tulare,2021-01-16,1936,15495,122,7817,1814,7678,0,0,1922,12207,14,1646,1922,13853,California
Tulare,2021-01-17,142,15637,122,7939,20,7698,0,0,132,12329,10,1656,132,13985,California
Tulare,2021-01-18,700,16337,664,8603,36,7734,0,0,301,12231,399,2055,301,14286,California
Tulare,2021-01-19,1027,17364,693,9296,334,8068,0,0,601,12406,426,2481,601,14887,California
Tulare,2021-01-20,2445,19809,614,9910,1831,9899,0,0,2032,14051,387,2868,2032,16919,California
Tulare,2021-01-21,1590,21399,186,10096,1404,11303,0,0,1562,15591,22,2890,1562,18481,California
Tulare,2021-01-22,1079,22478,191,10287,888,12191,0,0,1051,16615,27,2917,1051,19532,California
Tulare,2021-01-23,441,22919,157,10444,284,12475,0,0,420,17014,21,2938,420,19952,California
Tulare,2021-01-24,30,22949,27,10471,3,12478,0,0,28,17040,2,2940,28,19980,California
Tulare,2021-01-25,1355,24304,985,11456,370,12848,0,0,1305,18295,50,2990,1305,21285,California
Tulare,2021-01-26,1516,25820,1101,12557,415,13263,0,0,1176,19132,339,3329,1176,22461,California
Tulare,2021-01-27,1505,27325,1076,13633,429,13692,0,0,924,19476,580,3909,924,23385,California
Tulare,2021-01-28,1219,28544,777,14410,442,14134,0,0,819,19895,400,4309,819,24204,California
Tulare,2021-01-29,1139,29683,724,15134,415,14549,0,0,827,20410,312,4621,827,25031,California
Tulare,2021-01-30,1687,31370,1593,16727,94,14643,0,0,1664,22052,23,4644,1665,26696,California
Tulare,2021-01-31,69,31439,64,16791,5,14648,0,0,66,22115,3,4647,66,26762,California
Tulare,2021-02-01,1197,32636,918,17709,279,14927,0,0,834,22587,362,5009,834,27596,California
Tulare,2021-02-02,706,33342,351,18060,355,15282,0,0,459,22802,245,5254,460,28056,California
Tulare,2021-02-03,576,33918,243,18303,333,15615,0,0,328,22902,228,5482,328,28384,California
Tulare,2021-02-04,577,34495,172,18475,405,16020,0,0,285,22897,291,5773,286,28670,California
Tulare,2021-02-05,1244,35739,238,18713,1006,17026,0,0,405,22465,837,6610,405,29075,California
Tulare,2021-02-06,842,36581,165,18878,677,17703,0,0,207,22039,633,7243,207,29282,California
Tulare,2021-02-07,83,36664,70,18948,13,17716,0,0,22,22000,61,7304,22,29304,California
Tulare,2021-02-08,950,37614,330,19278,620,18336,0,0,242,21536,706,8010,242,29546,California
Tulare,2021-02-09,1439,39053,338,19616,1101,19437,0,0,359,20821,1074,9084,359,29905,California
Tulare,2021-02-10,2487,41540,1995,21611,492,19929,0,0,2087,22509,399,9483,2087,31992,California
Tulare,2021-02-11,1340,42880,380,21991,960,20889,0,0,915,22999,425,9908,915,32907,California
Tulare,2021-02-12,2795,45675,574,22565,2221,23110,0,0,1192,22595,1596,11504,1192,34099,California
Tulare,2021-02-13,2487,48162,158,22723,2329,25439,0,0,648,21408,1835,13339,648,34747,California
Tulare,2021-02-14,337,48499,39,22762,298,25737,0,0,300,21671,37,13376,300,35047,California
Tulare,2021-02-15,924,49423,292,23054,632,26369,0,0,661,22070,262,13638,661,35708,California
Tulare,2021-02-16,2860,52283,1604,24658,1256,27625,0,0,1094,21400,1765,15403,1095,36803,California
Tulare,2021-02-17,2734,55017,519,25177,2215,29840,0,0,467,19607,2260,17663,467,37270,California
Tulare,2021-02-18,2342,57359,452,25629,1890,31730,0,0,641,18556,1692,19355,641,37911,California
Tulare,2021-02-19,2336,59695,881,26510,1455,33185,0,0,959,18140,1375,20730,959,38870,California
Tulare,2021-02-20,3006,62701,1898,28408,1108,34293,0,0,1269,17677,1732,22462,1269,40139,California
Tulare,2021-02-21,96,62797,93,28501,3,34296,0,0,49,17680,46,22508,49,40188,California
Tulare,2021-02-22,1114,63911,704,29205,410,34706,0,0,215,16997,898,23406,215,40403,California
Tulare,2021-02-23,1975,65886,954,30159,1021,35727,0,0,1474,17972,499,23905,1474,41877,California
Tulare,2021-02-24,2498,68384,1557,31716,941,36668,0,0,2123,19722,374,24279,2124,44001,California
Tulare,2021-02-25,3550,71934,1996,33712,1554,38222,0,0,3129,22436,417,24696,3131,47132,California
Tulare,2021-02-26,3894,75828,1913,35625,1981,40203,0,0,3420,25384,472,25168,3420,50552,California
Tulare,2021-02-27,3027,78855,1513,37138,1514,41717,0,0,2892,28153,123,25291,2892,53444,California
Tulare,2021-02-28,1315,80170,1043,38181,272,41989,0,0,1295,29431,17,25308,1295,54739,California
Tulare,2021-03-01,1803,81973,807,38988,996,42985,0,0,1605,30840,196,25504,1605,56344,California
Tulare,2021-03-02,2797,84770,1280,40268,1517,44502,0,0,2623,33292,172,25676,2624,58968,California
Tulare,2021-03-03,4123,88893,2761,43029,1361,45863,1,1,2158,33493,1962,27638,2163,61131,California
Tulare,2021-03-04,3007,91900,1355,44384,1652,47515,0,1,2661,35813,341,27979,2661,63792,California
Tulare,2021-03-05,3472,95372,1776,46160,1681,49196,15,16,2954,38271,515,28494,2973,66765,California
Tulare,2021-03-06,3108,98480,1453,47613,1595,50791,60,76,2854,40932,251,28745,2912,69677,California
Tulare,2021-03-07,1144,99624,708,48321,415,51206,21,97,1103,42016,40,28785,1124,70801,California
Tulare,2021-03-08,1728,101352,1011,49332,548,51754,169,266,1400,43261,323,29108,1568,72369,California
Tulare,2021-03-09,3291,104643,2256,51588,884,52638,151,417,2861,45843,429,29537,3011,75380,California
Tulare,2021-03-10,2995,107638,1417,53005,1403,54041,175,592,2589,48208,397,29934,2762,78142,California
Tulare,2021-03-11,4255,111893,2008,55013,1939,55980,308,900,3294,50850,961,30895,3603,81745,California
Tulare,2021-03-12,4462,116355,2441,57454,1664,57644,357,1257,3166,53085,1288,32183,3523,85268,California
Tulare,2021-03-13,4188,120543,1961,59415,2122,59766,105,1362,3231,55470,951,33134,3336,88604,California
Tulare,2021-03-14,1865,122408,990,60405,655,60421,220,1582,1336,56495,528,33662,1553,90157,California
Tulare,2021-03-15,2777,125185,1650,62055,1010,61431,117,1699,1998,57836,776,34438,2117,92274,California
Tulare,2021-03-16,3471,128656,2126,64181,1266,62697,79,1778,1901,58253,1566,36004,1983,94257,California
Tulare,2021-03-17,4102,132758,2674,66855,1353,64050,75,1853,2340,58918,1756,37760,2421,96678,California
Tulare,2021-03-18,4681,137439,3412,70267,1196,65246,73,1926,2476,59275,2197,39957,2554,99232,California
Tulare,2021-03-19,5132,142571,3372,73639,1562,66808,198,2124,2734,59831,2378,42335,2934,102166,California
Tulare,2021-03-20,4527,147098,2821,76460,1333,68141,373,2497,2081,59851,2438,44773,2458,104624,California
Tulare,2021-03-21,2001,149099,1711,78171,264,68405,26,2523,1056,59991,941,45714,1081,105705,California
Tulare,2021-03-22,2585,151684,1789,79960,683,69088,113,2636,1703,60933,876,46590,1818,107523,California
Tulare,2021-03-23,3773,155457,2168,82128,1554,70642,51,2687,2066,61361,1696,48286,2124,109647,California
Tulare,2021-03-24,3223,158680,1999,84127,1182,71824,42,2729,1726,61641,1489,49775,1769,111416,California
Tulare,2021-03-25,3507,162187,1826,85953,1516,73340,165,2894,1683,61675,1816,51591,1850,113266,California
Tulare,2021-03-26,5301,167488,3162,89115,2026,75366,113,3007,2559,61623,2724,54315,2672,115938,California
Tulare,2021-03-27,3562,171050,1826,90941,1636,77002,100,3107,997,60162,2557,56872,1096,117034,California
Tulare,2021-03-28,1479,172529,1074,92015,374,77376,31,3138,678,60082,799,57671,719,117753,California
Tulare,2021-03-29,2896,175425,1679,93694,1109,78485,108,3246,1230,59760,1662,59333,1340,119093,California
Tulare,2021-03-30,4955,180380,2806,96500,1914,80399,235,3481,1546,58134,3399,62732,1773,120866,California
Tulare,2021-03-31,4008,184388,2368,98868,1525,81924,115,3596,1569,57388,2431,65163,1685,122551,California
Tulare,2021-04-01,4558,188946,2473,101341,2020,83944,65,3661,1566,56038,2982,68145,1632,124183,California
Tulare,2021-04-02,5402,194348,3079,104420,2201,86145,122,3783,1594,53963,3792,71937,1717,125900,California
Tulare,2021-04-03,3647,197995,2110,106530,1163,87308,374,4157,841,52408,2768,74705,1213,127113,California
Tulare,2021-04-04,1636,199631,1149,107679,480,87788,7,4164,359,51501,1273,75978,366,127479,California
Tulare,2021-04-05,3379,203010,2355,110034,753,88541,271,4435,855,50118,2511,78489,1128,128607,California
Tulare,2021-04-06,3455,206465,1476,111510,1479,90020,500,4935,932,49037,2515,81004,1434,130041,California
Tulare,2021-04-07,3940,210405,1862,113372,1638,91658,440,5375,1194,47926,2736,83740,1625,131666,California
Tulare,2021-04-08,4833,215238,2643,116015,1725,93383,465,5840,1543,46653,3277,87017,2004,133670,California
Tulare,2021-04-09,4876,220114,3007,119022,1426,94809,443,6283,1835,45899,3033,90050,2279,135949,California
Tulare,2021-04-10,3878,223992,2093,121115,1463,96272,322,6605,948,44244,2921,92971,1266,137215,California
Tulare,2021-04-11,1594,225586,1055,122170,465,96737,74,6679,496,43718,1096,94067,570,137785,California
Tulare,2021-04-12,3437,229023,2142,124312,695,97432,600,7279,1077,43045,2351,96418,1678,139463,California
Tulare,2021-04-13,2426,231449,1601,125913,815,98247,10,7289,906,42455,1509,97927,919,140382,California
Tulare,2021-04-14,2903,234352,1710,127623,1193,99440,0,7289,921,41403,1977,99904,925,141307,California
Tulare,2021-04-15,3346,237698,2179,129802,1167,100607,0,7289,1503,41079,1831,101735,1507,142814,California
Tulare,2021-04-16,3724,241422,2251,132053,1473,102080,0,7289,1508,40393,2203,103938,1517,144331,California
Tulare,2021-04-17,2255,243677,1333,133386,922,103002,0,7289,1190,40527,1061,104999,1195,145526,California
Tulare,2021-04-18,1555,245232,1216,134602,339,103341,0,7289,833,40648,721,105720,842,146368,California
Tulare,2021-04-19,2162,247394,1242,135844,917,104258,3,7292,907,40315,1251,106971,918,147286,California
Tulare,2021-04-20,2350,249744,1323,137167,1027,105285,0,7292,995,39971,1341,108312,997,148283,California
Tulare,2021-04-21,2217,251961,1337,138504,880,106165,0,7292,815,39424,1363,109675,816,149099,California
Tulare,2021-04-22,2134,254095,1187,139691,947,107112,0,7292,732,38773,1383,111058,732,149831,California
Tulare,2021-04-23,2602,256697,1592,141283,1009,108121,1,7293,1023,38229,1568,112626,1024,150855,California
Tulare,2021-04-24,1651,258348,1056,142339,593,108714,2,7295,855,38295,791,113417,857,151712,California
Tulare,2021-04-25,702,259050,528,142867,174,108888,0,7295,269,38131,433,113850,269,151981,California
Tulare,2021-04-26,1530,260580,920,143787,591,109479,19,7314,642,37909,881,114731,659,152640,California
Tulare,2021-04-27,1678,262258,681,144468,958,110437,39,7353,715,37703,959,115690,753,153393,California
Tulare,2021-04-28,1717,263975,978,145446,697,111134,42,7395,674,37380,1038,116728,715,154108,California
Tulare,2021-04-29,2018,265993,1205,146651,773,111907,40,7435,783,36978,1223,117951,821,154929,California
Tulare,2021-04-30,2449,268442,1782,148433,617,112524,50,7485,903,36392,1538,119489,952,155881,California
Tulare,2021-05-01,1430,269872,1231,149664,187,112711,12,7497,730,36444,690,120179,742,156623,California
Tulare,2021-05-02,591,270463,502,150166,72,112783,17,7514,190,36252,398,120577,206,156829,California
Tulare,2021-05-03,1627,272090,1100,151266,402,113185,125,7639,350,35457,1270,121847,475,157304,California
Tulare,2021-05-04,1564,273654,837,152103,657,113842,70,7709,628,35225,927,122774,695,157999,California
Tulare,2021-05-05,1286,274940,622,152725,573,114415,91,7800,447,34935,828,123602,538,158537,California
Tulare,2021-05-06,1976,276916,1332,154057,595,115010,49,7849,593,34202,1375,124977,642,159179,California
Tulare,2021-05-07,1842,278758,1250,155307,524,115534,68,7917,526,33487,1308,126285,593,159772,California
Tulare,2021-05-08,1235,279993,809,156116,401,115935,25,7942,526,33336,702,126987,551,160323,California
Tulare,2021-05-09,595,280588,470,156586,104,116039,21,7963,117,33002,473,127460,139,160462,California
Tulare,2021-05-10,1027,281615,593,157179,369,116408,65,8028,311,32664,714,128174,376,160838,California
Tulare,2021-05-11,1260,282875,638,157817,538,116946,84,8112,525,32545,728,128902,609,161447,California
Tulare,2021-05-12,1584,284459,1019,158836,508,117454,57,8169,433,31898,1136,130038,489,161936,California
Tulare,2021-05-13,1561,286020,989,159825,533,117987,39,8208,699,31777,858,130896,737,162673,California
Tulare,2021-05-14,1935,287955,1245,161070,626,118613,64,8272,864,31646,1058,131954,927,163600,California
Tulare,2021-05-15,1570,289525,884,161954,639,119252,47,8319,670,31465,892,132846,711,164311,California
Tulare,2021-05-16,700,290225,559,162513,129,119381,12,8331,326,31431,372,133218,338,164649,California
Tulare,2021-05-17,1544,291769,958,163471,513,119894,73,8404,738,31443,799,134017,811,165460,California
Tulare,2021-05-18,1590,293359,863,164334,672,120566,55,8459,799,31509,786,134803,852,166312,California
Tulare,2021-05-19,1479,294838,954,165288,492,121058,33,8492,771,31611,702,135505,804,167116,California
Tulare,2021-05-20,1594,296432,1078,166366,429,121487,87,8579,772,31651,818,136323,858,167974,California
Tulare,2021-05-21,1952,298384,1428,167794,483,121970,41,8620,1069,31886,875,137198,1110,169084,California
Tulare,2021-05-22,1605,299989,1145,168939,437,122407,23,8643,604,31521,993,138191,628,169712,California
Tulare,2021-05-23,396,300385,313,169252,74,122481,9,8652,200,31536,194,138385,209,169921,California
Tulare,2021-05-24,914,301299,553,169805,299,122780,62,8714,406,31498,506,138891,468,170389,California
Tulare,2021-05-25,1186,302485,708,170513,446,123226,32,8746,507,31364,673,139564,539,170928,California
Tulare,2021-05-26,883,303368,489,171002,352,123578,42,8788,403,31333,475,140039,444,171372,California
Tulare,2021-05-27,1276,304644,808,171810,437,124015,31,8819,595,31283,678,140717,628,172000,California
Tulare,2021-05-28,1185,305829,660,172470,476,124491,49,8868,631,31413,549,141266,679,172679,California
Tulare,2021-05-29,870,306699,643,173113,208,124699,19,8887,500,31564,368,141634,519,173198,California
Tulare,2021-05-30,286,306985,207,173320,71,124770,8,8895,165,31618,119,141753,173,173371,California
Tulare,2021-05-31,130,307115,50,173370,69,124839,11,8906,54,31608,75,141828,65,173436,California
Tulare,2021-06-01,1054,308169,627,173997,396,125235,31,8937,405,31402,641,142469,435,173871,California
Tulare,2021-06-02,797,308966,469,174466,295,125530,33,8970,365,31377,421,142890,396,174267,California
Tulare,2021-06-03,1146,310112,813,175279,275,125805,58,9028,423,31154,703,143593,480,174747,California
Tulare,2021-06-04,1168,311280,835,176114,301,126106,32,9060,394,30810,770,144363,426,175173,California
Tulare,2021-06-05,874,312154,695,176809,164,126270,15,9075,298,30550,573,144936,313,175486,California
Tulare,2021-06-06,419,312573,354,177163,46,126316,19,9094,138,30427,280,145216,157,175643,California
Tulare,2021-06-07,887,313460,696,177859,153,126469,38,9132,288,30156,596,145812,325,175968,California
Tulare,2021-06-08,1052,314512,776,178635,213,126682,63,9195,353,29878,694,146506,416,176384,California
Tulare,2021-06-09,1078,315590,757,179392,287,126969,34,9229,344,29525,729,147235,376,176760,California
Tulare,2021-06-10,1104,316694,890,180282,179,127148,35,9264,385,29227,717,147952,419,177179,California
Tulare,2021-06-11,1232,317926,885,181167,312,127460,35,9299,384,28808,838,148790,419,177598,California
Tulare,2021-06-12,952,318878,739,181906,202,127662,11,9310,329,28531,617,149407,340,177938,California
Tulare,2021-06-13,290,319168,202,182108,85,127747,3,9313,80,28405,209,149616,83,178021,California
Tulare,2021-06-14,771,319939,565,182673,179,127926,27,9340,299,28264,467,150083,326,178347,California
Tulare,2021-06-15,979,320918,661,183334,288,128214,30,9370,432,28185,541,150624,462,178809,California
Tulare,2021-06-16,818,321736,557,183891,222,128436,39,9409,355,28120,460,151084,395,179204,California
Tulare,2021-06-17,942,322678,690,184581,232,128668,20,9429,353,27906,587,151671,373,179577,California
Tulare,2021-06-18,948,323626,662,185243,255,128923,31,9460,343,27676,603,152274,373,179950,California
Tulare,2021-06-19,467,324093,369,185612,89,129012,9,9469,199,27620,264,152538,208,180158,California
Tuolumne,2020-12-16,47,47,47,47,0,0,0,0,47,47,0,0,47,47,California
Tuolumne,2020-12-17,18,65,18,65,0,0,0,0,18,65,0,0,18,65,California
Tuolumne,2020-12-18,101,166,100,165,1,1,0,0,101,166,0,0,101,166,California
Tuolumne,2020-12-19,4,170,4,169,0,1,0,0,4,170,0,0,4,170,California
Tuolumne,2020-12-20,2,172,2,171,0,1,0,0,2,172,0,0,2,172,California
Tuolumne,2020-12-21,116,288,102,273,14,15,0,0,116,288,0,0,116,288,California
Tuolumne,2020-12-22,170,458,170,443,0,15,0,0,170,458,0,0,170,458,California
Tuolumne,2020-12-23,184,642,182,625,2,17,0,0,184,642,0,0,184,642,California
Tuolumne,2020-12-25,1,643,1,626,0,17,0,0,1,643,0,0,1,643,California
Tuolumne,2020-12-26,2,645,2,628,0,17,0,0,2,645,0,0,2,645,California
Tuolumne,2020-12-28,76,721,74,702,2,19,0,0,76,721,0,0,76,721,California
Tuolumne,2020-12-29,102,823,39,741,63,82,0,0,102,823,0,0,102,823,California
Tuolumne,2020-12-30,79,902,22,763,57,139,0,0,79,902,0,0,79,902,California
Tuolumne,2020-12-31,27,929,20,783,7,146,0,0,27,929,0,0,27,929,California
Tuolumne,2021-01-01,6,935,5,788,1,147,0,0,6,935,0,0,6,935,California
Tuolumne,2021-01-02,118,1053,116,904,2,149,0,0,118,1053,0,0,118,1053,California
Tuolumne,2021-01-03,2,1055,2,906,0,149,0,0,2,1055,0,0,2,1055,California
Tuolumne,2021-01-04,69,1124,26,932,43,192,0,0,69,1124,0,0,69,1124,California
Tuolumne,2021-01-05,94,1218,27,959,67,259,0,0,91,1213,3,3,92,1216,California
Tuolumne,2021-01-06,132,1350,71,1030,61,320,0,0,68,1217,64,67,68,1284,California
Tuolumne,2021-01-07,120,1470,63,1093,57,377,0,0,65,1227,55,122,65,1349,California
Tuolumne,2021-01-08,105,1575,82,1175,23,400,0,0,26,1176,78,200,27,1376,California
Tuolumne,2021-01-09,2,1577,0,1175,2,402,0,0,2,1178,0,200,2,1378,California
Tuolumne,2021-01-10,3,1580,1,1176,2,404,0,0,3,1181,0,200,3,1381,California
Tuolumne,2021-01-11,114,1694,88,1264,26,430,0,0,34,1135,80,280,34,1415,California
Tuolumne,2021-01-12,101,1795,85,1349,16,446,0,0,18,1070,83,363,18,1433,California
Tuolumne,2021-01-13,231,2026,125,1474,106,552,0,0,182,1204,49,412,183,1616,California
Tuolumne,2021-01-14,148,2174,108,1582,40,592,0,0,43,1143,104,516,43,1659,California
Tuolumne,2021-01-15,477,2651,75,1657,402,994,0,0,414,1496,62,578,415,2074,California
Tuolumne,2021-01-16,7,2658,3,1660,4,998,0,0,6,1501,1,579,6,2080,California
Tuolumne,2021-01-17,8,2666,4,1664,4,1002,0,0,8,1509,0,579,8,2088,California
Tuolumne,2021-01-18,46,2712,38,1702,8,1010,0,0,9,1482,36,615,9,2097,California
Tuolumne,2021-01-19,480,3192,75,1777,405,1415,0,0,434,1870,46,661,434,2531,California
Tuolumne,2021-01-20,76,3268,58,1835,18,1433,0,0,24,1843,51,712,24,2555,California
Tuolumne,2021-01-21,57,3325,24,1859,33,1466,0,0,41,1868,16,728,41,2596,California
Tuolumne,2021-01-22,170,3495,17,1876,153,1619,0,0,162,2022,8,736,162,2758,California
Tuolumne,2021-01-23,653,4148,134,2010,519,2138,0,0,546,2474,107,843,559,3317,California
Tuolumne,2021-01-24,523,4671,2,2012,521,2659,0,0,520,2993,3,846,522,3839,California
Tuolumne,2021-01-25,50,4721,28,2040,22,2681,0,0,24,2992,26,872,25,3864,California
Tuolumne,2021-01-26,79,4800,68,2108,11,2692,0,0,40,2993,39,911,40,3904,California
Tuolumne,2021-01-27,61,4861,4,2112,57,2749,0,0,8,2949,52,963,8,3912,California
Tuolumne,2021-01-28,26,4887,6,2118,20,2769,0,0,17,2957,9,972,17,3929,California
Tuolumne,2021-01-29,70,4957,5,2123,65,2834,0,0,32,2951,38,1010,32,3961,California
Tuolumne,2021-01-30,711,5668,553,2676,158,2992,0,0,689,3635,22,1032,706,4667,California
Tuolumne,2021-01-31,8,5676,2,2678,6,2998,0,0,5,3637,3,1035,5,4672,California
Tuolumne,2021-02-01,27,5703,7,2685,20,3018,0,0,24,3658,3,1038,24,4696,California
Tuolumne,2021-02-02,654,6357,46,2731,608,3626,0,0,640,4287,11,1049,640,5336,California
Tuolumne,2021-02-03,244,6601,113,2844,131,3757,0,0,89,4221,155,1204,89,5425,California
Tuolumne,2021-02-04,123,6724,13,2857,110,3867,0,0,61,4220,62,1266,61,5486,California
Tuolumne,2021-02-05,101,6825,14,2871,87,3954,0,0,35,4190,65,1331,35,5521,California
Tuolumne,2021-02-06,858,7683,581,3452,277,4231,0,0,849,5036,9,1340,855,6376,California
Tuolumne,2021-02-07,8,7691,4,3456,4,4235,0,0,4,5036,4,1344,4,6380,California
Tuolumne,2021-02-08,92,7783,41,3497,51,4286,0,0,68,5080,24,1368,68,6448,California
Tuolumne,2021-02-09,865,8648,52,3549,813,5099,0,0,822,5859,43,1411,822,7270,California
Tuolumne,2021-02-10,92,8740,17,3566,75,5174,0,0,31,5830,60,1471,31,7301,California
Tuolumne,2021-02-11,143,8883,68,3634,75,5249,0,0,78,5843,65,1536,78,7379,California
Tuolumne,2021-02-12,650,9533,20,3654,630,5879,0,0,208,5610,441,1977,208,7587,California
Tuolumne,2021-02-13,152,9685,41,3695,111,5990,0,0,121,5701,30,2007,121,7708,California
Tuolumne,2021-02-14,152,9837,14,3709,138,6128,0,0,150,5849,2,2009,150,7858,California
Tuolumne,2021-02-15,189,10026,11,3720,178,6306,0,0,180,6020,9,2018,180,8038,California
Tuolumne,2021-02-16,531,10557,18,3738,513,6819,0,0,122,5739,405,2423,124,8162,California
Tuolumne,2021-02-17,110,10667,62,3800,48,6867,0,0,60,5750,49,2472,60,8222,California
Tuolumne,2021-02-18,683,11350,27,3827,656,7523,0,0,631,6330,52,2524,632,8854,California
Tuolumne,2021-02-19,142,11492,22,3849,120,7643,0,0,42,6272,100,2624,42,8896,California
Tuolumne,2021-02-20,906,12398,341,4190,565,8208,0,0,383,6150,508,3132,386,9282,California
Tuolumne,2021-02-21,981,13379,41,4231,940,9148,0,0,471,6118,507,3639,475,9757,California
Tuolumne,2021-02-22,79,13458,57,4288,22,9170,0,0,45,6130,33,3672,45,9802,California
Tuolumne,2021-02-23,48,13506,25,4313,23,9193,0,0,25,6133,22,3694,25,9827,California
Tuolumne,2021-02-24,105,13611,58,4371,47,9240,0,0,42,6114,62,3756,43,9870,California
Tuolumne,2021-02-25,1052,14663,34,4405,1018,10258,0,0,1019,7101,33,3789,1020,10890,California
Tuolumne,2021-02-26,151,14814,11,4416,140,10398,0,0,125,7201,26,3815,126,11016,California
Tuolumne,2021-02-27,957,15771,580,4996,377,10775,0,0,251,6767,688,4503,254,11270,California
Tuolumne,2021-02-28,56,15827,4,5000,52,10827,0,0,52,6816,3,4506,52,11322,California
Tuolumne,2021-03-01,115,15942,21,5021,93,10920,1,1,78,6860,36,4542,80,11402,California
Tuolumne,2021-03-02,709,16651,74,5095,635,11555,0,1,106,6363,603,5145,106,11508,California
Tuolumne,2021-03-03,94,16745,20,5115,74,11629,0,1,66,6402,27,5172,66,11574,California
Tuolumne,2021-03-04,1175,17920,76,5191,1099,12728,0,1,1108,7443,67,5239,1108,12682,California
Tuolumne,2021-03-05,91,18011,10,5201,81,12809,0,1,53,7460,37,5276,54,12736,California
Tuolumne,2021-03-06,1062,19073,606,5807,454,13263,2,3,205,6822,850,6126,212,12948,California
Tuolumne,2021-03-07,40,19113,12,5819,14,13277,14,17,18,6832,22,6148,32,12980,California
Tuolumne,2021-03-08,197,19310,90,5909,100,13377,7,24,139,6920,58,6206,146,13126,California
Tuolumne,2021-03-09,859,20169,15,5924,833,14210,11,35,66,6211,787,6993,78,13204,California
Tuolumne,2021-03-10,78,20247,11,5935,56,14266,11,46,54,6252,24,7017,65,13269,California
Tuolumne,2021-03-11,1287,21534,39,5974,1242,15508,6,52,1258,7489,29,7046,1266,14535,California
Tuolumne,2021-03-12,298,21832,34,6008,249,15757,15,67,189,7588,108,7154,207,14742,California
Tuolumne,2021-03-13,113,21945,13,6021,100,15857,0,67,82,7641,30,7184,83,14825,California
Tuolumne,2021-03-14,148,22093,10,6031,129,15986,9,76,7,7521,141,7325,21,14846,California
Tuolumne,2021-03-15,302,22395,82,6113,217,16203,3,79,104,7439,197,7522,115,14961,California
Tuolumne,2021-03-16,807,23202,41,6154,755,16958,11,90,669,7982,137,7659,680,15641,California
Tuolumne,2021-03-17,153,23355,33,6187,107,17065,13,103,79,8001,73,7732,92,15733,California
Tuolumne,2021-03-18,949,24304,28,6215,908,17973,13,116,317,7704,627,8359,330,16063,California
Tuolumne,2021-03-19,134,24438,17,6232,87,18060,30,146,73,7747,60,8419,103,16166,California
Tuolumne,2021-03-20,95,24533,8,6240,77,18137,10,156,41,7744,53,8472,50,16216,California
Tuolumne,2021-03-21,835,25368,391,6631,434,18571,10,166,41,7014,782,9254,52,16268,California
Tuolumne,2021-03-22,163,25531,73,6704,71,18642,19,185,96,7064,66,9320,116,16384,California
Tuolumne,2021-03-23,712,26243,637,7341,61,18703,14,199,674,7714,37,9357,687,17071,California
Tuolumne,2021-03-24,109,26352,20,7361,71,18774,18,217,75,7774,33,9390,93,17164,California
Tuolumne,2021-03-25,1301,27653,24,7385,1274,20048,3,220,327,7133,971,10361,330,17494,California
Tuolumne,2021-03-26,277,27930,17,7402,236,20284,24,244,115,7123,150,10511,140,17634,California
Tuolumne,2021-03-27,581,28511,54,7456,527,20811,0,244,316,7178,263,10774,318,17952,California
Tuolumne,2021-03-28,46,28557,5,7461,41,20852,0,244,7,7148,38,10812,8,17960,California
Tuolumne,2021-03-29,207,28764,83,7544,124,20976,0,244,109,7162,95,10907,109,18069,California
Tuolumne,2021-03-30,160,28924,8,7552,151,21127,1,245,117,7238,42,10949,118,18187,California
Tuolumne,2021-03-31,94,29018,13,7565,79,21206,2,247,37,7222,55,11004,39,18226,California
Tuolumne,2021-04-01,1253,30271,29,7594,1224,22430,0,247,229,6430,1021,12025,229,18455,California
Tuolumne,2021-04-02,167,30438,9,7603,132,22562,26,273,90,6472,74,12099,116,18571,California
Tuolumne,2021-04-03,428,30866,35,7638,392,22954,1,274,239,6525,186,12285,239,18810,California
Tuolumne,2021-04-04,33,30899,3,7641,30,22984,0,274,20,6534,11,12296,20,18830,California
Tuolumne,2021-04-05,132,31031,19,7660,106,23090,7,281,59,6527,73,12369,66,18896,California
Tuolumne,2021-04-06,652,31683,517,8177,108,23198,27,308,517,6938,134,12503,545,19441,California
Tuolumne,2021-04-07,128,31811,37,8214,75,23273,16,324,50,6926,78,12581,66,19507,California
Tuolumne,2021-04-08,1450,33261,35,8249,1400,24673,15,339,248,5992,1197,13778,263,19770,California
Tuolumne,2021-04-09,274,33535,42,8291,189,24862,43,382,132,6029,142,13920,179,19949,California
Tuolumne,2021-04-10,54,33589,2,8293,32,24894,20,402,22,6040,31,13951,42,19991,California
Tuolumne,2021-04-11,18,33607,3,8296,12,24906,3,405,12,6049,6,13957,15,20006,California
Tuolumne,2021-04-12,173,33780,66,8362,102,25008,5,410,90,6066,78,14035,95,20101,California
Tuolumne,2021-04-13,788,34568,35,8397,753,25761,0,410,171,5629,608,14643,171,20272,California
Tuolumne,2021-04-14,157,34725,30,8427,127,25888,0,410,79,5635,74,14717,80,20352,California
Tuolumne,2021-04-15,345,35070,21,8448,324,26212,0,410,60,5417,278,14995,60,20412,California
Tuolumne,2021-04-16,256,35326,52,8500,204,26416,0,410,143,5457,104,15099,144,20556,California
Tuolumne,2021-04-17,44,35370,5,8505,39,26455,0,410,27,5467,17,15116,27,20583,California
Tuolumne,2021-04-18,9,35379,2,8507,7,26462,0,410,5,5469,4,15120,6,20589,California
Tuolumne,2021-04-19,176,35555,78,8585,98,26560,0,410,99,5493,75,15195,99,20688,California
Tuolumne,2021-04-20,709,36264,615,9200,94,26654,0,410,74,4940,627,15822,74,20762,California
Tuolumne,2021-04-21,118,36382,25,9225,93,26747,0,410,62,4952,50,15872,62,20824,California
Tuolumne,2021-04-22,710,37092,45,9270,665,27412,0,410,429,5110,272,16144,430,21254,California
Tuolumne,2021-04-23,172,37264,29,9299,143,27555,0,410,81,5104,88,16232,82,21336,California
Tuolumne,2021-04-24,78,37342,17,9316,61,27616,0,410,49,5124,29,16261,49,21385,California
Tuolumne,2021-04-25,25,37367,9,9325,16,27632,0,410,22,5143,3,16264,22,21407,California
Tuolumne,2021-04-26,156,37523,56,9381,100,27732,0,410,73,5135,82,16346,74,21481,California
Tuolumne,2021-04-27,138,37661,21,9402,110,27842,7,417,63,5133,72,16418,70,21551,California
Tuolumne,2021-04-28,113,37774,21,9423,81,27923,11,428,60,5152,52,16470,71,21622,California
Tuolumne,2021-04-29,279,38053,15,9438,256,28179,8,436,54,4993,221,16691,62,21684,California
Tuolumne,2021-04-30,366,38419,23,9461,331,28510,12,448,71,4785,291,16982,83,21767,California
Tuolumne,2021-05-01,25,38444,7,9468,13,28523,5,453,16,4797,9,16991,21,21788,California
Tuolumne,2021-05-02,26,38470,3,9471,21,28544,2,455,19,4811,7,16998,21,21809,California
Tuolumne,2021-05-03,111,38581,14,9485,92,28636,5,460,36,4779,73,17071,41,21850,California
Tuolumne,2021-05-04,708,39289,601,10086,103,28739,4,464,215,4505,492,17563,218,22068,California
Tuolumne,2021-05-05,110,39399,27,10113,77,28816,6,470,58,4520,49,17612,64,22132,California
Tuolumne,2021-05-06,289,39688,13,10126,260,29076,16,486,42,4334,243,17855,57,22189,California
Tuolumne,2021-05-07,329,40017,26,10152,295,29371,8,494,71,4156,257,18112,79,22268,California
Tuolumne,2021-05-08,47,40064,6,10158,37,29408,4,498,32,4177,15,18127,36,22304,California
Tuolumne,2021-05-09,17,40081,2,10160,13,29421,2,500,3,4168,14,18141,5,22309,California
Tuolumne,2021-05-10,113,40194,44,10204,63,29484,6,506,32,4126,80,18221,38,22347,California
Tuolumne,2021-05-11,202,40396,62,10266,128,29612,12,518,55,4047,146,18367,67,22414,California
Tuolumne,2021-05-12,130,40526,20,10286,106,29718,4,522,49,4019,81,18448,53,22467,California
Tuolumne,2021-05-13,116,40642,18,10304,90,29808,8,530,72,4054,44,18492,79,22546,California
Tuolumne,2021-05-14,206,40848,76,10380,120,29928,10,540,107,4074,97,18589,117,22663,California
Tuolumne,2021-05-15,56,40904,14,10394,35,29963,7,547,18,4062,38,18627,26,22689,California
Tuolumne,2021-05-16,26,40930,8,10402,16,29979,2,549,13,4064,13,18640,15,22704,California
Tuolumne,2021-05-17,110,41040,30,10432,77,30056,3,552,47,4052,63,18703,51,22755,California
Tuolumne,2021-05-18,177,41217,53,10485,77,30133,47,599,58,4039,118,18821,105,22860,California
Tuolumne,2021-05-19,119,41336,20,10505,66,30199,33,632,47,4048,71,18892,80,22940,California
Tuolumne,2021-05-20,407,41743,19,10524,382,30581,6,638,53,3755,352,19244,59,22999,California
Tuolumne,2021-05-21,197,41940,91,10615,101,30682,5,643,119,3802,77,19321,124,23123,California
Tuolumne,2021-05-22,57,41997,17,10632,34,30716,6,649,24,3799,32,19353,29,23152,California
Tuolumne,2021-05-23,27,42024,7,10639,19,30735,1,650,10,3793,17,19370,11,23163,California
Tuolumne,2021-05-24,134,42158,41,10680,87,30822,6,656,51,3768,82,19452,57,23220,California
Tuolumne,2021-05-25,296,42454,221,10901,69,30891,6,662,112,3703,183,19635,118,23338,California
Tuolumne,2021-05-26,88,42542,24,10925,62,30953,2,664,37,3691,51,19686,39,23377,California
Tuolumne,2021-05-27,75,42617,13,10938,59,31012,3,667,30,3680,44,19730,33,23410,California
Tuolumne,2021-05-28,111,42728,53,10991,57,31069,1,668,65,3702,44,19774,66,23476,California
Tuolumne,2021-05-29,38,42766,7,10998,25,31094,6,674,17,3704,21,19795,23,23499,California
Tuolumne,2021-05-30,18,42784,1,10999,14,31108,3,677,4,3697,14,19809,7,23506,California
Tuolumne,2021-05-31,10,42794,2,11001,7,31115,1,678,2,3692,8,19817,3,23509,California
Tuolumne,2021-06-01,75,42869,20,11021,52,31167,3,681,22,3665,52,19869,25,23534,California
Tuolumne,2021-06-02,73,42942,7,11028,58,31225,8,689,23,3647,49,19918,31,23565,California
Tuolumne,2021-06-03,76,43018,25,11053,36,31261,15,704,23,3633,52,19970,38,23603,California
Tuolumne,2021-06-04,132,43150,62,11115,67,31328,3,707,38,3582,92,20062,41,23644,California
Tuolumne,2021-06-05,40,43190,10,11125,28,31356,2,709,16,3576,24,20086,18,23662,California
Tuolumne,2021-06-06,18,43208,4,11129,7,31363,7,716,4,3573,14,20100,11,23673,California
Tuolumne,2021-06-07,59,43267,14,11143,37,31400,8,724,26,3574,33,20133,34,23707,California
Tuolumne,2021-06-08,73,43340,22,11165,50,31450,1,725,27,3558,44,20177,28,23735,California
Tuolumne,2021-06-09,87,43427,45,11210,32,31482,10,735,40,3562,46,20223,50,23785,California
Tuolumne,2021-06-10,95,43522,14,11224,74,31556,7,742,26,3526,69,20292,33,23818,California
Tuolumne,2021-06-11,101,43623,47,11271,51,31607,3,745,25,3479,75,20367,28,23846,California
Tuolumne,2021-06-12,60,43683,19,11290,25,31632,16,761,18,3473,40,20407,34,23880,California
Tuolumne,2021-06-13,17,43700,2,11292,10,31642,5,766,3,3467,14,20421,8,23888,California
Tuolumne,2021-06-14,94,43794,32,11324,58,31700,4,770,52,3481,42,20463,56,23944,California
Tuolumne,2021-06-15,130,43924,82,11406,39,31739,9,779,21,3404,107,20570,30,23974,California
Tuolumne,2021-06-16,94,44018,45,11451,46,31785,3,782,53,3420,40,20610,56,24030,California
Tuolumne,2021-06-17,44,44062,10,11461,33,31818,1,783,17,3411,27,20637,18,24048,California
Tuolumne,2021-06-18,154,44216,93,11554,49,31867,12,795,56,3381,97,20734,67,24115,California
Tuolumne,2021-06-19,6,44222,0,11554,3,31870,3,798,0,3378,6,20740,3,24118,California
Ventura,2020-12-15,5,5,5,5,0,0,0,0,5,5,0,0,5,5,California
Ventura,2020-12-16,73,78,73,78,0,0,0,0,73,78,0,0,73,78,California
Ventura,2020-12-17,253,331,253,331,0,0,0,0,253,331,0,0,253,331,California
Ventura,2020-12-18,1418,1749,1418,1749,0,0,0,0,1418,1749,0,0,1418,1749,California
Ventura,2020-12-19,912,2661,911,2660,1,1,0,0,912,2661,0,0,912,2661,California
Ventura,2020-12-20,432,3093,432,3092,0,1,0,0,432,3093,0,0,432,3093,California
Ventura,2020-12-21,1460,4553,1460,4552,0,1,0,0,1460,4553,0,0,1460,4553,California
Ventura,2020-12-22,1110,5663,1105,5657,5,6,0,0,1110,5663,0,0,1110,5663,California
Ventura,2020-12-23,1035,6698,984,6641,51,57,0,0,1035,6698,0,0,1035,6698,California
Ventura,2020-12-24,476,7174,377,7018,99,156,0,0,476,7174,0,0,476,7174,California
Ventura,2020-12-25,12,7186,7,7025,5,161,0,0,12,7186,0,0,12,7186,California
Ventura,2020-12-26,115,7301,94,7119,21,182,0,0,115,7301,0,0,115,7301,California
Ventura,2020-12-27,61,7362,29,7148,32,214,0,0,61,7362,0,0,61,7362,California
Ventura,2020-12-28,1072,8434,930,8078,142,356,0,0,1072,8434,0,0,1072,8434,California
Ventura,2020-12-29,1183,9617,776,8854,407,763,0,0,1183,9617,0,0,1183,9617,California
Ventura,2020-12-30,1994,11611,1530,10384,464,1227,0,0,1994,11611,0,0,1994,11611,California
Ventura,2020-12-31,481,12092,163,10547,318,1545,0,0,476,12082,5,5,476,12087,California
Ventura,2021-01-01,38,12130,15,10562,23,1568,0,0,38,12120,0,5,38,12125,California
Ventura,2021-01-02,172,12302,78,10640,94,1662,0,0,172,12292,0,5,172,12297,California
Ventura,2021-01-03,20,12322,8,10648,12,1674,0,0,20,12312,0,5,20,12317,California
Ventura,2021-01-04,1098,13420,556,11204,542,2216,0,0,1097,13409,0,5,1097,13414,California
Ventura,2021-01-05,1380,14800,784,11988,596,2812,0,0,1334,14697,46,51,1334,14748,California
Ventura,2021-01-06,2043,16843,1168,13156,875,3687,0,0,1620,15905,414,465,1622,16370,California
Ventura,2021-01-07,2070,18913,1324,14480,746,4433,0,0,1180,16199,887,1352,1181,17551,California
Ventura,2021-01-08,2202,21115,1477,15957,725,5158,0,0,909,15818,1291,2643,910,18461,California
Ventura,2021-01-09,713,21828,494,16451,219,5377,0,0,313,15731,400,3043,313,18774,California
Ventura,2021-01-10,342,22170,325,16776,17,5394,0,0,128,15645,214,3257,128,18902,California
Ventura,2021-01-11,2442,24612,1490,18266,952,6346,0,0,1488,16183,954,4211,1492,20394,California
Ventura,2021-01-12,3042,27654,1613,19879,1429,7775,0,0,2010,17161,1032,5243,2010,22404,California
Ventura,2021-01-13,2938,30592,1442,21321,1496,9271,0,0,2043,18313,892,6135,2044,24448,California
Ventura,2021-01-14,2772,33364,1098,22419,1674,10945,0,0,2328,20199,443,6578,2329,26777,California
Ventura,2021-01-15,2885,36249,966,23385,1919,12864,0,0,2668,22651,217,6795,2669,29446,California
Ventura,2021-01-16,481,36730,187,23572,294,13158,0,0,402,22974,79,6874,402,29848,California
Ventura,2021-01-17,267,36997,143,23715,124,13282,0,0,258,23224,8,6882,258,30106,California
Ventura,2021-01-18,2220,39217,1676,25391,544,13826,0,0,1671,24348,548,7430,1672,31778,California
Ventura,2021-01-19,3054,42271,2131,27522,923,14749,0,0,2150,25598,904,8334,2154,33932,California
Ventura,2021-01-20,4105,46376,3162,30684,943,15692,0,0,3045,27587,1057,9391,3046,36978,California
Ventura,2021-01-21,3858,50234,2703,33387,1155,16847,0,0,3176,30091,674,10065,3178,40156,California
Ventura,2021-01-22,3569,53803,2458,35845,1111,17958,0,0,3402,33327,167,10232,3403,43559,California
Ventura,2021-01-23,1147,54950,633,36478,514,18472,0,0,1049,34281,97,10329,1051,44610,California
Ventura,2021-01-24,441,55391,128,36606,313,18785,0,0,428,34696,13,10342,428,45038,California
Ventura,2021-01-25,3120,58511,2016,38622,1104,19889,0,0,2564,36706,555,10897,2565,47603,California
Ventura,2021-01-26,3676,62187,2206,40828,1470,21359,0,0,2669,38371,1004,11901,2669,50272,California
Ventura,2021-01-27,3428,65615,1544,42372,1884,23243,0,0,2675,40298,750,12651,2677,52949,California
Ventura,2021-01-28,3832,69447,1983,44355,1849,25092,0,0,3212,42906,605,13256,3213,56162,California
Ventura,2021-01-29,4272,73719,2533,46888,1739,26831,0,0,3769,46185,490,13746,3769,59931,California
Ventura,2021-01-30,3038,76757,1979,48867,1059,27890,0,0,2869,48890,165,13911,2870,62801,California
Ventura,2021-01-31,802,77559,420,49287,382,28272,0,0,713,49515,88,13999,713,63514,California
Ventura,2021-02-01,3971,81530,2129,51416,1842,30114,0,0,3191,51936,772,14771,3193,66707,California
Ventura,2021-02-02,4380,85910,2338,53754,2042,32156,0,0,3351,54264,1025,15796,3353,70060,California
Ventura,2021-02-03,4423,90333,2083,55837,2340,34496,0,0,3412,56671,1006,16802,3413,73473,California
Ventura,2021-02-04,4780,95113,2288,58125,2492,36988,0,0,3503,58908,1270,18072,3507,76980,California
Ventura,2021-02-05,4883,99996,2372,60497,2511,39499,0,0,3341,60722,1529,19601,3343,80323,California
Ventura,2021-02-06,2814,102810,1506,62003,1308,40807,0,0,2413,62735,400,20001,2413,82736,California
Ventura,2021-02-07,716,103526,231,62234,485,41292,0,0,588,63196,128,20129,589,83325,California
Ventura,2021-02-08,3524,107050,1641,63875,1883,43175,0,0,2432,64542,1087,21216,2433,85758,California
Ventura,2021-02-09,4700,111750,1967,65842,2733,45908,0,0,2457,64762,2240,23456,2460,88218,California
Ventura,2021-02-10,4681,116431,2219,68061,2462,48370,0,0,2373,64840,2296,25752,2374,90592,California
Ventura,2021-02-11,4648,121079,1857,69918,2791,51161,0,0,2439,65080,2202,27954,2442,93034,California
Ventura,2021-02-12,6289,127368,2644,72562,3645,54806,0,0,3232,65262,3050,31004,3232,96266,California
Ventura,2021-02-13,3266,130634,1815,74377,1451,56257,0,0,1826,65654,1436,32440,1828,98094,California
Ventura,2021-02-14,1198,131832,117,74494,1081,57338,0,0,995,66448,203,32643,997,99091,California
Ventura,2021-02-15,3971,135803,1790,76284,2181,59519,0,0,2106,66694,1862,34505,2108,101199,California
Ventura,2021-02-16,5515,141318,2690,78974,2825,62344,0,0,2993,67176,2512,37017,2994,104193,California
Ventura,2021-02-17,5256,146574,1892,80866,3364,65708,0,0,3322,68573,1925,38942,3322,107515,California
Ventura,2021-02-18,5746,152320,1810,82676,3936,69644,0,0,3638,70117,2094,41036,3638,111153,California
Ventura,2021-02-19,6460,158780,3753,86429,2707,72351,0,0,3000,69669,3454,44490,3006,114159,California
Ventura,2021-02-20,4920,163700,3168,89597,1752,74103,0,0,2746,70254,2165,46655,2750,116909,California
Ventura,2021-02-21,1066,164766,785,90382,281,74384,0,0,445,70083,616,47271,445,117354,California
Ventura,2021-02-22,5408,170174,2416,92798,2992,77376,0,0,3468,71622,1931,49202,3470,120824,California
Ventura,2021-02-23,5919,176093,2934,95732,2985,80361,0,0,3413,72551,2488,51690,3417,124241,California
Ventura,2021-02-24,7046,183139,2608,98340,4438,84799,0,0,4256,74037,2772,54462,4258,128499,California
Ventura,2021-02-25,7536,190675,2555,100895,4981,89780,0,0,4577,75673,2946,57408,4582,133081,California
Ventura,2021-02-26,9414,200089,2767,103662,6647,96427,0,0,6170,78628,3219,60627,6174,139255,California
Ventura,2021-02-27,10550,210639,5277,108939,5273,101700,0,0,7949,84004,2583,63210,7959,147214,California
Ventura,2021-02-28,2513,213152,1611,110550,901,102601,1,1,2064,85629,440,63650,2065,149279,California
Ventura,2021-03-01,7132,220284,2837,113387,4292,106893,3,4,4732,87995,2382,66032,4748,154027,California
Ventura,2021-03-02,7705,227989,4037,117424,3666,110559,2,6,5402,91106,2292,68324,5403,159430,California
Ventura,2021-03-03,8642,236631,3908,121332,4731,115290,3,9,6101,94693,2522,70846,6109,165539,California
Ventura,2021-03-04,8283,244914,3873,125205,4410,119700,0,9,5598,97628,2668,73514,5603,171142,California
Ventura,2021-03-05,10070,254984,4816,130021,5243,124943,11,20,7182,101962,2872,76386,7206,178348,California
Ventura,2021-03-06,7729,262713,4394,134415,3182,128125,153,173,5769,105937,1951,78337,5926,184274,California
Ventura,2021-03-07,1655,264368,612,135027,941,129066,102,275,1239,106865,416,78753,1344,185618,California
Ventura,2021-03-08,6838,271206,3443,138470,3242,132308,153,428,4730,109652,2100,80853,4887,190505,California
Ventura,2021-03-09,6827,278033,3016,141486,3621,135929,190,618,3964,110961,2850,83703,4159,194664,California
Ventura,2021-03-10,7025,285058,3017,144503,3769,139698,239,857,4707,113605,2302,86005,4946,199610,California
Ventura,2021-03-11,6537,291595,2884,147387,3339,143037,314,1171,3567,114531,2954,88959,3880,203490,California
Ventura,2021-03-12,8719,300314,3043,150430,4830,147867,846,2017,4276,115228,4423,93382,5120,208610,California
Ventura,2021-03-13,7269,307583,2504,152934,3932,151799,833,2850,4337,117474,2923,96305,5169,213779,California
Ventura,2021-03-14,2098,309681,467,153401,1132,152931,499,3349,707,117291,1390,97695,1207,214986,California
Ventura,2021-03-15,7092,316773,2034,155435,3707,156638,1351,4700,3146,117862,3921,101616,4492,219478,California
Ventura,2021-03-16,8151,324924,2456,157891,4581,161219,1114,5814,4223,119282,3915,105531,5335,224813,California
Ventura,2021-03-17,7692,332616,2791,160682,4559,165778,342,6156,4691,121337,2979,108510,5034,229847,California
Ventura,2021-03-18,7404,340020,3261,163943,3996,169774,147,6303,4831,123757,2560,111070,4980,234827,California
Ventura,2021-03-19,8643,348663,3783,167726,4749,174523,111,6414,5232,125713,3385,114455,5341,240168,California
Ventura,2021-03-20,8867,357530,5923,173649,2920,177443,24,6438,4609,126113,4234,118689,4634,244802,California
Ventura,2021-03-21,2783,360313,1521,175170,890,178333,372,6810,1306,126324,1463,120152,1674,246476,California
Ventura,2021-03-22,7400,367713,3677,178847,3621,181954,102,6912,4884,128816,2496,122648,4988,251464,California
Ventura,2021-03-23,8214,375927,3907,182754,4235,186189,72,6984,4604,129909,3581,126229,4674,256138,California
Ventura,2021-03-24,8943,384870,3420,186174,5447,191636,76,7060,4482,130040,4430,130659,4561,260699,California
Ventura,2021-03-25,8811,393681,3905,190079,4805,196441,101,7161,4459,130266,4333,134992,4559,265258,California
Ventura,2021-03-26,9962,403643,3364,193443,5942,202383,656,7817,4005,128999,5926,140918,4659,269917,California
Ventura,2021-03-27,8733,412376,3921,197364,4773,207156,39,7856,2407,125160,6286,147204,2447,272364,California
Ventura,2021-03-28,2500,414876,1409,198773,1083,208239,8,7864,1349,125372,1145,148349,1357,273721,California
Ventura,2021-03-29,8616,423492,4317,203090,4253,212492,46,7910,4260,125353,4325,152674,4306,278027,California
Ventura,2021-03-30,8989,432481,4457,207547,4403,216895,129,8039,4374,125256,4600,157274,4503,282530,California
Ventura,2021-03-31,10812,443293,4857,212404,5327,222222,628,8667,4680,124456,6105,163379,5305,287835,California
Ventura,2021-04-01,10875,454168,5269,217673,4731,226953,875,9542,5479,125453,5351,168730,6348,294183,California
Ventura,2021-04-02,11809,465977,4636,222309,5837,232790,1336,10878,5659,126333,6116,174846,6996,301179,California
Ventura,2021-04-03,8083,474060,4022,226331,2886,235676,1175,12053,3411,126252,4660,179506,4579,305758,California
Ventura,2021-04-04,1710,475770,957,227288,618,236294,135,12188,1142,126967,562,180068,1277,307035,California
Ventura,2021-04-05,9415,485185,4842,232130,3460,239754,1113,13301,4802,128279,4600,184668,5912,312947,California
Ventura,2021-04-06,10970,496155,5573,237703,3906,243660,1491,14792,5656,130137,5287,189955,7145,320092,California
Ventura,2021-04-07,11470,507625,5392,243095,4580,248240,1498,16290,5250,130679,6199,196154,6741,326833,California
Ventura,2021-04-08,10452,518077,5274,248369,4197,252437,981,17271,5225,131674,5202,201356,6197,333030,California
Ventura,2021-04-09,11352,529429,4355,252724,5265,257702,1732,19003,4968,132007,6359,207715,6692,339722,California
Ventura,2021-04-10,9855,539284,4160,256884,3529,261231,2166,21169,3062,130456,6774,214489,5223,344945,California
Ventura,2021-04-11,2432,541716,850,257734,1007,262238,575,21744,680,129967,1742,216231,1253,346198,California
Ventura,2021-04-12,9069,550785,4501,262235,3733,265971,835,22579,3809,129363,5243,221474,4639,350837,California
Ventura,2021-04-13,8919,559704,4537,266772,4376,270347,6,22585,3778,128045,5102,226576,3784,354621,California
Ventura,2021-04-14,8859,568563,4125,270897,4719,275066,15,22600,3414,126076,5407,231983,3438,358059,California
Ventura,2021-04-15,9475,578038,4590,275487,4858,279924,27,22627,4162,124990,5277,237260,4191,362250,California
Ventura,2021-04-16,10244,588282,4497,279984,5745,285669,2,22629,4850,124483,5371,242631,4864,367114,California
Ventura,2021-04-17,9017,597299,5387,285371,3616,289285,14,22643,5261,126030,3739,246370,5286,372400,California
Ventura,2021-04-18,2132,599431,1012,286383,1120,290405,0,22643,917,125741,1207,247577,918,373318,California
Ventura,2021-04-19,8114,607545,4841,291224,3270,293675,3,22646,4684,127029,3405,250982,4693,378011,California
Ventura,2021-04-20,9351,616896,4935,296159,4411,298086,5,22651,4414,126555,4912,255894,4438,382449,California
Ventura,2021-04-21,8991,625887,4604,300763,4382,302468,5,22656,4315,126217,4662,260556,4324,386773,California
Ventura,2021-04-22,10072,635959,5485,306248,4587,307055,0,22656,4502,125171,5550,266106,4504,391277,California
Ventura,2021-04-23,10890,646849,5381,311629,5508,312563,1,22657,5429,125169,5433,271539,5431,396708,California
Ventura,2021-04-24,10518,657367,5880,317509,4638,317201,0,22657,6188,127046,4312,275851,6189,402897,California
Ventura,2021-04-25,2471,659838,1715,319224,756,317957,0,22657,1160,126898,1308,277159,1160,404057,California
Ventura,2021-04-26,7927,667765,4524,323748,3336,321293,67,22724,3308,125679,4589,281748,3370,407427,California
Ventura,2021-04-27,9147,676912,5094,328842,3829,325122,224,22948,3447,123666,5682,287430,3669,411096,California
Ventura,2021-04-28,8347,685259,4827,333669,3202,328324,318,23266,3273,122208,5050,292480,3592,414688,California
Ventura,2021-04-29,7872,693131,4218,337887,3390,331714,264,23530,2791,120209,5053,297533,3054,417742,California
Ventura,2021-04-30,9421,702552,5426,343313,3722,335436,273,23803,3900,118884,5487,303020,4162,421904,California
Ventura,2021-05-01,5104,707656,3615,346928,1385,336821,104,23907,2022,117952,3057,306077,2125,424029,California
Ventura,2021-05-02,2119,709775,1420,348348,609,337430,90,23997,1022,117972,1093,307170,1113,425142,California
Ventura,2021-05-03,6275,716050,3860,352208,2136,339566,279,24276,1969,115933,4286,311456,2247,427389,California
Ventura,2021-05-04,6341,722391,3294,355502,2755,342321,292,24568,2298,114496,4028,315484,2591,429980,California
Ventura,2021-05-05,5369,727760,2980,358482,2131,344452,258,24826,1932,113271,3409,318893,2184,432164,California
Ventura,2021-05-06,6216,733976,3202,361684,2747,347199,267,25093,1997,111337,4199,323092,2265,434429,California
Ventura,2021-05-07,6806,740782,3360,365044,3175,350374,271,25364,2340,109510,4437,327529,2610,437039,California
Ventura,2021-05-08,5345,746127,4147,369191,1039,351413,159,25523,1218,106773,4112,331641,1375,438414,California
Ventura,2021-05-09,1032,747159,727,369918,259,351672,46,25569,386,106565,639,332280,431,438845,California
Ventura,2021-05-10,6128,753287,4079,373997,1837,353509,212,25781,1390,103441,4725,337005,1601,440446,California
Ventura,2021-05-11,5315,758602,3273,377270,1817,355326,225,26006,1534,101430,3770,340775,1759,442205,California
Ventura,2021-05-12,4968,763570,2893,380163,1855,357181,220,26226,1540,99778,3412,344187,1760,443965,California
Ventura,2021-05-13,6252,769822,3746,383909,2296,359477,210,26436,2218,98190,4019,348206,2431,446396,California
Ventura,2021-05-14,7284,777106,4454,388363,2626,362103,204,26640,2742,96609,4524,352730,2943,449339,California
Ventura,2021-05-15,6699,783805,5352,393715,1264,363367,83,26723,2786,95589,3890,356620,2870,452209,California
Ventura,2021-05-16,2169,785974,1678,395393,438,363805,53,26776,1018,95514,1146,357766,1071,453280,California
Ventura,2021-05-17,5873,791847,3545,398938,2112,365917,216,26992,2418,94710,3437,361203,2633,455913,California
Ventura,2021-05-18,5397,797244,3163,402101,2054,367971,180,27172,2147,93805,3231,364434,2326,458239,California
Ventura,2021-05-19,5837,803081,3527,405628,2099,370070,211,27383,2389,92979,3422,367856,2596,460835,California
Ventura,2021-05-20,5458,808539,3025,408653,2277,372347,156,27539,2149,92000,3280,371136,2301,463136,California
Ventura,2021-05-21,7916,816455,4461,413114,3278,375625,177,27716,2586,89466,5298,376434,2764,465900,California
Ventura,2021-05-22,5614,822069,2859,415973,2680,378305,75,27791,1761,87458,3844,380278,1836,467736,California
Ventura,2021-05-23,1934,824003,1476,417449,387,378692,71,27862,728,87058,1199,381477,799,468535,California
Ventura,2021-05-24,4517,828520,2438,419887,1912,380604,167,28029,1437,85596,3063,384540,1601,470136,California
Ventura,2021-05-25,4282,832802,2217,422104,1913,382517,152,28181,1418,84320,2845,387385,1569,471705,California
Ventura,2021-05-26,4267,837069,2275,424379,1829,384346,163,28344,1657,83548,2592,389977,1820,473525,California
Ventura,2021-05-27,3847,840916,1893,426272,1826,386172,128,28472,1372,82585,2462,392439,1499,475024,California
Ventura,2021-05-28,4562,845478,2477,428749,1892,388064,193,28665,1986,82204,2557,394996,2176,477200,California
Ventura,2021-05-29,2136,847614,1337,430086,732,388796,67,28732,1037,82220,1088,396084,1104,478304,California
Ventura,2021-05-30,899,848513,577,430663,269,389065,53,28785,370,82116,527,396611,423,478727,California
Ventura,2021-05-31,256,848769,136,430799,110,389175,10,28795,60,81990,196,396807,70,478797,California
Ventura,2021-06-01,3983,852752,2270,433069,1549,390724,164,28959,1301,80793,2662,399469,1465,480262,California
Ventura,2021-06-02,2952,855704,1625,434694,1191,391915,136,29095,1022,80035,1916,401385,1158,481420,California
Ventura,2021-06-03,3236,858940,1997,436691,1085,393000,154,29249,919,78802,2305,403690,1072,482492,California
Ventura,2021-06-04,4573,863513,3004,439695,1409,394409,160,29409,1480,77363,3079,406769,1640,484132,California
Ventura,2021-06-05,3804,867317,3176,442871,565,394974,63,29472,1166,75966,2626,409395,1229,485361,California
Ventura,2021-06-06,1240,868557,1059,443930,136,395110,45,29517,290,75360,940,410335,334,485695,California
Ventura,2021-06-07,3158,871715,2348,446278,700,395810,110,29627,956,74238,2187,412522,1065,486760,California
Ventura,2021-06-08,3003,874718,1979,448257,894,396704,130,29757,881,73139,2110,414632,1011,487771,California
Ventura,2021-06-09,2940,877658,2039,450296,791,397495,110,29867,764,71848,2164,416796,873,488644,California
Ventura,2021-06-10,3020,880678,2114,452410,804,398299,102,29969,815,70570,2193,418989,915,489559,California
Ventura,2021-06-11,3454,884132,2374,454784,945,399244,135,30104,978,69214,2466,421455,1110,490669,California
Ventura,2021-06-12,2137,886269,1680,456464,414,399658,43,30147,509,68145,1621,423076,552,491221,California
Ventura,2021-06-13,1004,887273,768,457232,172,399830,64,30211,235,67678,768,423844,301,491522,California
Ventura,2021-06-14,2628,889901,1793,459025,709,400539,126,30337,816,66819,1800,425644,941,492463,California
Ventura,2021-06-15,2415,892316,1561,460586,747,401286,107,30444,840,66201,1563,427207,945,493408,California
Ventura,2021-06-16,2477,894793,1817,462403,557,401843,103,30547,831,65506,1628,428835,933,494341,California
Ventura,2021-06-17,2189,896982,1544,463947,551,402394,94,30641,815,65048,1367,430202,909,495250,California
Ventura,2021-06-18,2873,899855,2043,465990,723,403117,107,30748,941,64179,1916,432118,1047,496297,California
Ventura,2021-06-19,752,900607,606,466596,132,403249,14,30762,278,63998,473,432591,292,496589,California
Yolo,2020-12-15,39,39,39,39,0,0,0,0,39,39,0,0,39,39,California
Yolo,2020-12-16,78,117,78,117,0,0,0,0,78,117,0,0,78,117,California
Yolo,2020-12-17,107,224,107,224,0,0,0,0,107,224,0,0,107,224,California
Yolo,2020-12-18,230,454,230,454,0,0,0,0,230,454,0,0,230,454,California
Yolo,2020-12-19,87,541,87,541,0,0,0,0,87,541,0,0,87,541,California
Yolo,2020-12-20,104,645,104,645,0,0,0,0,104,645,0,0,104,645,California
Yolo,2020-12-21,253,898,253,898,0,0,0,0,253,898,0,0,253,898,California
Yolo,2020-12-22,383,1281,382,1280,1,1,0,0,383,1281,0,0,383,1281,California
Yolo,2020-12-23,437,1718,418,1698,19,20,0,0,437,1718,0,0,437,1718,California
Yolo,2020-12-24,152,1870,94,1792,58,78,0,0,152,1870,0,0,152,1870,California
Yolo,2020-12-25,1,1871,1,1793,0,78,0,0,1,1871,0,0,1,1871,California
Yolo,2020-12-26,75,1946,25,1818,50,128,0,0,75,1946,0,0,75,1946,California
Yolo,2020-12-27,47,1993,20,1838,27,155,0,0,47,1993,0,0,47,1993,California
Yolo,2020-12-28,351,2344,180,2018,171,326,0,0,351,2344,0,0,351,2344,California
Yolo,2020-12-29,491,2835,268,2286,223,549,0,0,491,2835,0,0,491,2835,California
Yolo,2020-12-30,633,3468,262,2548,371,920,0,0,633,3468,0,0,633,3468,California
Yolo,2020-12-31,187,3655,94,2642,93,1013,0,0,187,3655,0,0,187,3655,California
Yolo,2021-01-01,57,3712,55,2697,2,1015,0,0,57,3712,0,0,57,3712,California
Yolo,2021-01-02,69,3781,26,2723,43,1058,0,0,69,3781,0,0,69,3781,California
Yolo,2021-01-03,45,3826,19,2742,26,1084,0,0,45,3826,0,0,45,3826,California
Yolo,2021-01-04,192,4018,41,2783,151,1235,0,0,192,4018,0,0,192,4018,California
Yolo,2021-01-05,618,4636,238,3021,380,1615,0,0,556,4512,62,62,556,4574,California
Yolo,2021-01-06,486,5122,183,3204,303,1918,0,0,346,4718,140,202,346,4920,California
Yolo,2021-01-07,718,5840,233,3437,485,2403,0,0,527,5055,190,392,527,5447,California
Yolo,2021-01-08,633,6473,311,3748,322,2725,0,0,409,5241,223,615,409,5856,California
Yolo,2021-01-09,423,6896,69,3817,354,3079,0,0,377,5572,46,661,377,6233,California
Yolo,2021-01-10,405,7301,79,3896,326,3405,0,0,335,5837,70,731,335,6568,California
Yolo,2021-01-11,563,7864,329,4225,234,3639,0,0,287,5850,276,1007,289,6857,California
Yolo,2021-01-12,486,8350,368,4593,118,3757,0,0,176,5717,310,1317,177,7034,California
Yolo,2021-01-13,769,9119,312,4905,457,4214,0,0,518,5984,251,1568,518,7552,California
Yolo,2021-01-14,381,9500,182,5087,199,4413,0,0,278,6159,103,1671,278,7830,California
Yolo,2021-01-15,634,10134,325,5412,309,4722,0,0,552,6630,82,1753,553,8383,California
Yolo,2021-01-16,745,10879,90,5502,655,5377,0,0,714,7313,31,1784,714,9097,California
Yolo,2021-01-17,189,11068,119,5621,70,5447,0,0,182,7488,7,1791,182,9279,California
Yolo,2021-01-18,485,11553,306,5927,179,5626,0,0,380,7763,105,1896,380,9659,California
Yolo,2021-01-19,554,12107,369,6296,185,5811,0,0,380,7969,174,2070,380,10039,California
Yolo,2021-01-20,659,12766,379,6675,280,6091,0,0,471,8253,187,2257,471,10510,California
Yolo,2021-01-21,649,13415,386,7061,263,6354,0,0,464,8532,185,2442,464,10974,California
Yolo,2021-01-22,753,14168,252,7313,501,6855,0,0,637,9055,114,2556,637,11611,California
Yolo,2021-01-23,614,14782,122,7435,492,7347,0,0,567,9575,47,2603,567,12178,California
Yolo,2021-01-24,208,14990,123,7558,85,7432,0,0,167,9701,41,2644,167,12345,California
Yolo,2021-01-25,730,15720,159,7717,571,8003,0,0,506,9983,224,2868,506,12851,California
Yolo,2021-01-26,829,16549,329,8046,500,8503,0,0,434,10022,395,3263,434,13285,California
Yolo,2021-01-27,547,17096,216,8262,331,8834,0,0,371,10217,176,3439,371,13656,California
Yolo,2021-01-28,1053,18149,565,8827,488,9322,0,0,926,11016,127,3566,926,14582,California
Yolo,2021-01-29,897,19046,262,9089,635,9957,0,0,810,11740,86,3652,810,15392,California
Yolo,2021-01-30,1525,20571,928,10017,597,10554,0,0,1405,13031,114,3766,1405,16797,California
Yolo,2021-01-31,240,20811,202,10219,38,10592,0,0,211,13214,28,3794,211,17008,California
Yolo,2021-02-01,848,21659,361,10580,487,11079,0,0,613,13597,231,4025,614,17622,California
Yolo,2021-02-02,1342,23001,755,11335,587,11666,0,0,930,14116,412,4437,931,18553,California
Yolo,2021-02-03,1522,24523,398,11733,1124,12790,0,0,1180,14957,339,4776,1180,19733,California
Yolo,2021-02-04,1785,26308,282,12015,1503,14293,0,0,1229,15642,545,5321,1230,20963,California
Yolo,2021-02-05,1604,27912,912,12927,692,14985,0,0,1199,16438,404,5725,1200,22163,California
Yolo,2021-02-06,1954,29866,1269,14196,685,15670,0,0,1580,17645,374,6099,1581,23744,California
Yolo,2021-02-07,528,30394,246,14442,282,15952,0,0,168,17454,359,6458,168,23912,California
Yolo,2021-02-08,943,31337,328,14770,615,16567,0,0,604,17722,336,6794,604,24516,California
Yolo,2021-02-09,857,32194,385,15155,472,17039,0,0,573,18011,284,7078,573,25089,California
Yolo,2021-02-10,1466,33660,475,15630,991,18030,0,0,832,18211,634,7712,834,25923,California
Yolo,2021-02-11,1577,35237,812,16442,765,18795,0,0,1180,18994,397,8109,1180,27103,California
Yolo,2021-02-12,1920,37157,761,17203,1159,19954,0,0,1440,19959,476,8585,1441,28544,California
Yolo,2021-02-13,2056,39213,711,17914,1345,21299,0,0,1380,20663,676,9261,1380,29924,California
Yolo,2021-02-14,560,39773,151,18065,409,21708,0,0,436,20976,123,9384,436,30360,California
Yolo,2021-02-15,551,40324,210,18275,341,22049,0,0,280,20986,271,9655,281,30641,California
Yolo,2021-02-16,1128,41452,424,18699,704,22753,0,0,804,21467,324,9979,805,31446,California
Yolo,2021-02-17,1389,42841,703,19402,686,23439,0,0,996,22070,393,10372,996,32442,California
Yolo,2021-02-18,2483,45324,807,20209,1676,25115,0,0,1714,23017,768,11140,1715,34157,California
Yolo,2021-02-19,1750,47074,746,20955,1004,26119,0,0,1127,23523,621,11761,1127,35284,California
Yolo,2021-02-20,2464,49538,958,21913,1506,27625,0,0,1377,23819,1082,12843,1378,36662,California
Yolo,2021-02-21,288,49826,227,22140,61,27686,0,0,75,23682,212,13055,75,36737,California
Yolo,2021-02-22,1368,51194,598,22738,770,28456,0,0,697,23709,670,13725,697,37434,California
Yolo,2021-02-23,1133,52327,850,23588,283,28739,0,0,436,23449,696,14421,436,37870,California
Yolo,2021-02-24,2086,54413,594,24182,1492,30231,0,0,1383,24131,701,15122,1383,39253,California
Yolo,2021-02-25,1391,55804,488,24670,903,31134,0,0,919,24579,471,15593,919,40172,California
Yolo,2021-02-26,2623,58427,1033,25703,1590,32724,0,0,1380,24719,1240,16833,1380,41552,California
Yolo,2021-02-27,1686,60113,787,26490,899,33623,0,0,1236,25505,450,17283,1236,42788,California
Yolo,2021-02-28,1844,61957,1543,28033,301,33924,0,0,720,25104,1122,18405,721,43509,California
Yolo,2021-03-01,1136,63093,371,28404,765,34689,0,0,686,25342,448,18853,686,44195,California
Yolo,2021-03-02,1478,64571,697,29101,781,35470,0,0,946,25756,532,19385,946,45141,California
Yolo,2021-03-03,1868,66439,646,29747,1222,36692,0,0,845,25580,1021,20406,845,45986,California
Yolo,2021-03-04,2912,69351,1475,31222,1437,38129,0,0,1564,25799,1345,21751,1564,47550,California
Yolo,2021-03-05,2356,71707,1410,32632,935,39064,11,11,1465,26386,889,22640,1476,49026,California
Yolo,2021-03-06,1501,73208,1153,33785,319,39383,29,40,860,26636,639,23279,889,49915,California
Yolo,2021-03-07,913,74121,680,34465,219,39602,14,54,780,27297,133,23412,794,50709,California
Yolo,2021-03-08,1112,75233,501,34966,568,40170,43,97,763,27758,346,23758,807,51516,California
Yolo,2021-03-09,1267,76500,676,35642,528,40698,63,160,777,28110,488,24246,840,52356,California
Yolo,2021-03-10,1836,78336,1070,36712,474,41172,292,452,759,28081,1073,25319,1044,53400,California
Yolo,2021-03-11,2336,80672,1604,38316,666,41838,66,518,1603,29019,732,26051,1670,55070,California
Yolo,2021-03-12,2910,83582,1355,39671,1474,43312,81,599,1373,28945,1529,27580,1455,56525,California
Yolo,2021-03-13,1842,85424,726,40397,939,44251,177,776,996,29275,843,28423,1173,57698,California
Yolo,2021-03-14,1014,86438,206,40603,659,44910,149,925,538,29481,475,28898,681,58379,California
Yolo,2021-03-15,1325,87763,772,41375,369,45279,184,1109,712,29763,611,29509,893,59272,California
Yolo,2021-03-16,1889,89652,726,42101,1091,46370,72,1181,1123,30192,766,30275,1195,60467,California
Yolo,2021-03-17,2511,92163,988,43089,1449,47819,74,1255,1719,31228,789,31064,1825,62292,California
Yolo,2021-03-18,3028,95191,1036,44125,1770,49589,222,1477,1255,30936,1769,32833,1477,63769,California
Yolo,2021-03-19,2087,97278,865,44990,1153,50742,69,1546,1081,31087,999,33832,1150,64919,California
Yolo,2021-03-20,2775,100053,822,45812,1909,52651,44,1590,1088,30539,1682,35514,1134,66053,California
Yolo,2021-03-21,313,100366,211,46023,94,52745,8,1598,206,30647,106,35620,214,66267,California
Yolo,2021-03-22,1403,101769,485,46508,858,53603,60,1658,916,31138,484,36104,975,67242,California
Yolo,2021-03-23,1738,103507,940,47448,741,54344,57,1715,1065,31587,672,36776,1121,68363,California
Yolo,2021-03-24,2870,106377,1405,48853,1415,55759,50,1765,1395,31570,1463,38239,1446,69809,California
Yolo,2021-03-25,2549,108926,1417,50270,1104,56863,28,1793,1256,31572,1282,39521,1284,71093,California
Yolo,2021-03-26,2390,111316,1257,51527,1114,57977,19,1812,1020,31248,1362,40883,1038,72131,California
Yolo,2021-03-27,1658,112974,468,51995,1172,59149,18,1830,747,31103,910,41793,765,72896,California
Yolo,2021-03-28,1111,114085,866,52861,226,59375,19,1849,251,30517,855,42648,269,73165,California
Yolo,2021-03-29,2014,116099,814,53675,1170,60545,30,1879,960,30457,1050,43698,990,74155,California
Yolo,2021-03-30,2274,118373,1084,54759,1172,61717,18,1897,1167,30540,1102,44800,1185,75340,California
Yolo,2021-03-31,2355,120728,1231,55990,1087,62804,37,1934,1172,30567,1182,45982,1209,76549,California
Yolo,2021-04-01,3850,124578,1862,57852,1513,64317,475,2409,1611,30416,2236,48218,2085,78634,California
Yolo,2021-04-02,3387,127965,1518,59370,1723,66040,146,2555,2106,31393,1275,49493,2252,80886,California
Yolo,2021-04-03,1826,129791,1103,60473,504,66544,219,2774,816,31419,1009,50502,1035,81921,California
Yolo,2021-04-04,395,130186,156,60629,177,66721,62,2836,147,31380,248,50750,209,82130,California
Yolo,2021-04-05,1926,132112,741,61370,1085,67806,100,2936,1020,31600,901,51651,1121,83251,California
Yolo,2021-04-06,2586,134698,1327,62697,1087,68893,172,3108,1301,31799,1275,52926,1474,84725,California
Yolo,2021-04-07,2982,137680,1525,64222,1102,69995,355,3463,1920,33022,1056,53982,2279,87004,California
Yolo,2021-04-08,2418,140098,1003,65225,941,70936,474,3937,1022,33122,1393,55375,1493,88497,California
Yolo,2021-04-09,2572,142670,918,66143,1091,72027,563,4500,851,32811,1717,57092,1406,89903,California
Yolo,2021-04-10,1755,144425,822,66965,749,72776,184,4684,1038,33318,714,57806,1221,91124,California
Yolo,2021-04-11,932,145357,286,67251,576,73352,70,4754,372,33202,557,58363,441,91565,California
Yolo,2021-04-12,1776,147133,522,67773,1110,74462,144,4898,1104,33782,669,59032,1249,92814,California
Yolo,2021-04-13,1988,149121,916,68689,1072,75534,0,4898,1045,33885,942,59974,1045,93859,California
Yolo,2021-04-14,2806,151927,770,69459,2036,77570,0,4898,1387,33860,1413,61387,1388,95247,California
Yolo,2021-04-15,3351,155278,1138,70597,2213,79783,0,4898,2304,35124,1041,62428,2305,97552,California
Yolo,2021-04-16,3068,158346,1984,72581,1084,80867,0,4898,1968,36003,1093,63521,1972,99524,California
Yolo,2021-04-17,1604,159950,472,73053,1132,81999,0,4898,834,36071,767,64288,835,100359,California
Yolo,2021-04-18,632,160582,304,73357,328,82327,0,4898,351,36145,277,64565,351,100710,California
Yolo,2021-04-19,1670,162252,716,74073,953,83280,1,4899,766,36014,899,65464,768,101478,California
Yolo,2021-04-20,2010,164262,1019,75092,991,84271,0,4899,1085,36176,923,66387,1085,102563,California
Yolo,2021-04-21,1979,166241,987,76079,992,85263,0,4899,1074,36349,901,67288,1074,103637,California
Yolo,2021-04-22,1931,168172,872,76951,1059,86322,0,4899,960,36344,966,68254,961,104598,California
Yolo,2021-04-23,2611,170783,1531,78482,1080,87402,0,4899,1155,36054,1445,69699,1155,105753,California
Yolo,2021-04-24,1161,171944,643,79125,515,87917,3,4902,455,35814,698,70397,458,106211,California
Yolo,2021-04-25,949,172893,407,79532,542,88459,0,4902,726,36318,222,70619,726,106937,California
Yolo,2021-04-26,1234,174127,489,80021,742,89201,3,4905,528,36146,704,71323,532,107469,California
Yolo,2021-04-27,1544,175671,724,80745,801,90002,19,4924,603,35829,941,72264,624,108093,California
Yolo,2021-04-28,2035,177706,1005,81750,1003,91005,27,4951,732,35289,1299,73563,759,108852,California
Yolo,2021-04-29,1749,179455,814,82564,853,91858,82,5033,694,35012,1052,74615,775,109627,California
Yolo,2021-04-30,2011,181466,997,83561,957,92815,57,5090,966,34995,1039,75654,1022,110649,California
Yolo,2021-05-01,1281,182747,993,84554,268,93083,20,5110,372,34479,908,76562,392,111041,California
Yolo,2021-05-02,522,183269,430,84984,69,93152,23,5133,325,34630,197,76759,348,111389,California
Yolo,2021-05-03,1117,184386,404,85388,680,93832,33,5166,296,34139,819,77578,328,111717,California
Yolo,2021-05-04,1442,185828,665,86053,753,94585,24,5190,498,33721,940,78518,522,112239,California
Yolo,2021-05-05,1553,187381,428,86481,1060,95645,65,5255,449,33138,1097,79615,514,112753,California
Yolo,2021-05-06,1489,188870,692,87173,717,96362,80,5335,485,32711,992,80607,565,113318,California
Yolo,2021-05-07,2306,191176,1389,88562,866,97228,51,5386,460,31382,1838,82445,509,113827,California
Yolo,2021-05-08,841,192017,359,88921,426,97654,56,5442,314,31226,524,82969,368,114195,California
Yolo,2021-05-09,392,192409,161,89082,218,97872,13,5455,87,31022,304,83273,100,114295,California
Yolo,2021-05-10,904,193313,354,89436,505,98377,45,5500,152,30468,750,84023,196,114491,California
Yolo,2021-05-11,1144,194457,663,90099,459,98836,22,5522,277,29904,863,84886,299,114790,California
Yolo,2021-05-12,1572,196029,702,90801,837,99673,33,5555,315,29001,1254,86140,351,115141,California
Yolo,2021-05-13,2171,198200,849,91650,1266,100939,56,5611,644,28178,1523,87663,700,115841,California
Yolo,2021-05-14,2030,200230,1516,93166,483,101422,31,5642,1156,28494,871,88534,1187,117028,California
Yolo,2021-05-15,1247,201477,710,93876,490,101912,47,5689,648,28590,599,89133,695,117723,California
Yolo,2021-05-16,1408,202885,1200,95076,202,102114,6,5695,991,29175,412,89545,997,118720,California
Yolo,2021-05-17,1082,203967,395,95471,668,102782,19,5714,315,28746,763,90308,334,119054,California
Yolo,2021-05-18,1693,205660,1110,96581,563,103345,20,5734,916,28910,772,91080,936,119990,California
Yolo,2021-05-19,998,206658,577,97158,382,103727,39,5773,485,28923,511,91591,524,120514,California
Yolo,2021-05-20,1088,207746,691,97849,371,104098,26,5799,387,28641,695,92286,413,120927,California
Yolo,2021-05-21,1439,209185,936,98785,476,104574,27,5826,375,27982,1059,93345,400,121327,California
Yolo,2021-05-22,817,210002,538,99323,271,104845,8,5834,280,27739,532,93877,289,121616,California
Yolo,2021-05-23,618,210620,165,99488,436,105281,17,5851,108,27356,509,94386,126,121742,California
Yolo,2021-05-24,700,211320,341,99829,339,105620,20,5871,218,27115,480,94866,239,121981,California
Yolo,2021-05-25,875,212195,506,100335,347,105967,22,5893,343,26953,527,95393,365,122346,California
Yolo,2021-05-26,809,213004,269,100604,508,106475,32,5925,258,26696,547,95940,290,122636,California
Yolo,2021-05-27,757,213761,382,100986,327,106802,48,5973,306,26603,447,96387,354,122990,California
Yolo,2021-05-28,871,214632,394,101380,447,107249,30,6003,377,26519,490,96877,406,123396,California
Yolo,2021-05-29,591,215223,341,101721,213,107462,37,6040,272,26509,317,97194,307,123703,California
Yolo,2021-05-30,135,215358,70,101791,58,107520,7,6047,55,26493,78,97272,62,123765,California
Yolo,2021-05-31,70,215428,18,101809,48,107568,4,6051,16,26458,54,97326,19,123784,California
Yolo,2021-06-01,748,216176,323,102132,400,107968,25,6076,256,26253,486,97812,281,124065,California
Yolo,2021-06-02,755,216931,301,102433,433,108401,21,6097,235,25992,517,98329,256,124321,California
Yolo,2021-06-03,912,217843,587,103020,303,108704,22,6119,217,25539,692,99021,239,124560,California
Yolo,2021-06-04,1490,219333,1215,104235,252,108956,23,6142,380,24835,1106,100127,402,124962,California
Yolo,2021-06-05,724,220057,552,104787,155,109111,17,6159,166,24460,558,100685,183,125145,California
Yolo,2021-06-06,1111,221168,1047,105834,56,109167,8,6167,175,23708,935,101620,183,125328,California
Yolo,2021-06-07,520,221688,271,106105,228,109395,21,6188,175,23562,341,101961,195,125523,California
Yolo,2021-06-08,1039,222727,808,106913,212,109607,19,6207,199,22941,839,102800,218,125741,California
Yolo,2021-06-09,780,223507,484,107397,266,109873,30,6237,260,22713,517,103317,289,126030,California
Yolo,2021-06-10,570,224077,364,107761,174,110047,32,6269,168,22513,400,103717,200,126230,California
Yolo,2021-06-11,653,224730,443,108204,186,110233,24,6293,197,22280,454,104171,221,126451,California
Yolo,2021-06-12,450,225180,277,108481,147,110380,26,6319,125,22108,323,104494,151,126602,California
Yolo,2021-06-13,154,225334,115,108596,38,110418,1,6320,63,22082,90,104584,64,126666,California
Yolo,2021-06-14,409,225743,254,108850,123,110541,32,6352,139,21985,269,104853,172,126838,California
Yolo,2021-06-15,773,226516,402,109252,345,110886,26,6378,297,21835,473,105326,323,127161,California
Yolo,2021-06-16,471,226987,242,109494,187,111073,42,6420,166,21738,303,105629,206,127367,California
Yolo,2021-06-17,476,227463,301,109795,121,111194,54,6474,158,21634,316,105945,212,127579,California
Yolo,2021-06-18,516,227979,364,110159,133,111327,19,6493,198,21535,316,106261,217,127796,California
Yolo,2021-06-19,189,228168,127,110286,46,111373,16,6509,61,21484,128,106389,77,127873,California
Yuba,2020-12-16,4,4,4,4,0,0,0,0,4,4,0,0,4,4,California
Yuba,2020-12-17,4,8,4,8,0,0,0,0,4,8,0,0,4,8,California
Yuba,2020-12-18,7,15,7,15,0,0,0,0,7,15,0,0,7,15,California
Yuba,2020-12-19,12,27,12,27,0,0,0,0,12,27,0,0,12,27,California
Yuba,2020-12-20,19,46,19,46,0,0,0,0,19,46,0,0,19,46,California
Yuba,2020-12-21,41,87,41,87,0,0,0,0,41,87,0,0,41,87,California
Yuba,2020-12-22,84,171,84,171,0,0,0,0,84,171,0,0,84,171,California
Yuba,2020-12-23,65,236,63,234,2,2,0,0,65,236,0,0,65,236,California
Yuba,2020-12-24,21,257,11,245,10,12,0,0,21,257,0,0,21,257,California
Yuba,2020-12-25,1,258,1,246,0,12,0,0,1,258,0,0,1,258,California
Yuba,2020-12-26,14,272,13,259,1,13,0,0,14,272,0,0,14,272,California
Yuba,2020-12-27,15,287,15,274,0,13,0,0,15,287,0,0,15,287,California
Yuba,2020-12-28,50,337,34,308,16,29,0,0,50,337,0,0,50,337,California
Yuba,2020-12-29,75,412,10,318,65,94,0,0,75,412,0,0,75,412,California
Yuba,2020-12-30,66,478,21,339,45,139,0,0,66,478,0,0,66,478,California
Yuba,2020-12-31,39,517,6,345,33,172,0,0,39,517,0,0,39,517,California
Yuba,2021-01-02,23,540,22,367,1,173,0,0,23,540,0,0,23,540,California
Yuba,2021-01-03,10,550,6,373,4,177,0,0,10,550,0,0,10,550,California
Yuba,2021-01-04,92,642,23,396,69,246,0,0,92,642,0,0,92,642,California
Yuba,2021-01-05,73,715,39,435,34,280,0,0,72,713,1,1,72,714,California
Yuba,2021-01-06,154,869,76,511,78,358,0,0,148,855,6,7,148,862,California
Yuba,2021-01-07,78,947,20,531,58,416,0,0,74,925,4,11,74,936,California
Yuba,2021-01-08,76,1023,24,555,52,468,0,0,70,989,6,17,70,1006,California
Yuba,2021-01-09,18,1041,16,571,2,470,0,0,10,991,8,25,10,1016,California
Yuba,2021-01-10,115,1156,22,593,93,563,0,0,93,1062,22,47,93,1109,California
Yuba,2021-01-11,73,1229,50,643,23,586,0,0,33,1055,40,87,33,1142,California
Yuba,2021-01-12,107,1336,77,720,30,616,0,0,44,1036,63,150,44,1186,California
Yuba,2021-01-13,121,1457,73,793,48,664,0,0,54,1024,66,216,54,1240,California
Yuba,2021-01-14,113,1570,43,836,70,734,0,0,101,1113,12,228,101,1341,California
Yuba,2021-01-15,202,1772,87,923,115,849,0,0,191,1293,11,239,191,1532,California
Yuba,2021-01-16,184,1956,20,943,164,1013,0,0,171,1451,13,252,171,1703,California
Yuba,2021-01-17,13,1969,9,952,4,1017,0,0,7,1452,6,258,7,1710,California
Yuba,2021-01-18,61,2030,31,983,30,1047,0,0,37,1465,24,282,37,1747,California
Yuba,2021-01-19,82,2112,32,1015,50,1097,0,0,66,1515,16,298,66,1813,California
Yuba,2021-01-20,137,2249,87,1102,50,1147,0,0,114,1606,23,321,114,1927,California
Yuba,2021-01-21,221,2470,99,1201,122,1269,0,0,212,1809,9,330,212,2139,California
Yuba,2021-01-22,104,2574,6,1207,98,1367,0,0,95,1895,9,339,95,2234,California
Yuba,2021-01-23,203,2777,7,1214,196,1563,0,0,201,2094,2,341,201,2435,California
Yuba,2021-01-24,10,2787,7,1221,3,1566,0,0,8,2100,2,343,8,2443,California
Yuba,2021-01-25,87,2874,31,1252,56,1622,0,0,54,2122,32,375,54,2497,California
Yuba,2021-01-26,148,3022,40,1292,108,1730,0,0,90,2154,58,433,90,2587,California
Yuba,2021-01-27,187,3209,131,1423,56,1786,0,0,117,2201,70,503,117,2704,California
Yuba,2021-01-28,227,3436,92,1515,135,1921,0,0,174,2322,53,556,174,2878,California
Yuba,2021-01-29,154,3590,47,1562,107,2028,0,0,113,2394,41,597,113,2991,California
Yuba,2021-01-30,414,4004,24,1586,390,2418,0,0,403,2786,11,608,403,3394,California
Yuba,2021-01-31,18,4022,12,1598,6,2424,0,0,16,2800,2,610,16,3410,California
Yuba,2021-02-01,155,4177,76,1674,79,2503,0,0,131,2909,23,633,132,3542,California
Yuba,2021-02-02,123,4300,21,1695,102,2605,0,0,100,2986,23,656,100,3642,California
Yuba,2021-02-03,227,4527,29,1724,198,2803,0,0,117,2994,109,765,117,3759,California
Yuba,2021-02-04,295,4822,118,1842,177,2980,0,0,249,3197,46,811,249,4008,California
Yuba,2021-02-05,151,4973,33,1875,118,3098,0,0,72,3190,79,890,72,4080,California
Yuba,2021-02-06,447,5420,23,1898,424,3522,0,0,440,3623,7,897,440,4520,California
Yuba,2021-02-07,20,5440,14,1912,6,3528,0,0,16,3635,4,901,16,4536,California
Yuba,2021-02-08,100,5540,37,1949,63,3591,0,0,69,3673,31,932,69,4605,California
Yuba,2021-02-09,161,5701,61,2010,100,3691,0,0,90,3692,71,1003,90,4695,California
Yuba,2021-02-10,358,6059,173,2183,185,3876,0,0,123,3581,234,1237,123,4818,California
Yuba,2021-02-11,400,6459,65,2248,335,4211,0,0,301,3785,97,1334,301,5119,California
Yuba,2021-02-12,265,6724,26,2274,239,4450,0,0,151,3822,114,1448,151,5270,California
Yuba,2021-02-13,437,7161,36,2310,401,4851,0,0,386,4157,51,1499,386,5656,California
Yuba,2021-02-14,52,7213,10,2320,42,4893,0,0,47,4199,5,1504,47,5703,California
Yuba,2021-02-15,91,7304,38,2358,53,4946,0,0,71,4250,20,1524,71,5774,California
Yuba,2021-02-16,202,7506,52,2410,150,5096,0,0,143,4335,58,1582,143,5917,California
Yuba,2021-02-17,383,7889,158,2568,225,5321,0,0,102,4157,280,1862,102,6019,California
Yuba,2021-02-18,320,8209,50,2618,270,5591,0,0,193,4223,127,1989,193,6212,California
Yuba,2021-02-19,221,8430,78,2696,143,5734,0,0,137,4276,84,2073,137,6349,California
Yuba,2021-02-20,394,8824,31,2727,363,6097,0,0,338,4558,56,2129,338,6687,California
Yuba,2021-02-21,17,8841,14,2741,3,6100,0,0,7,4555,10,2139,7,6694,California
Yuba,2021-02-22,129,8970,79,2820,50,6150,0,0,40,4507,88,2227,40,6734,California
Yuba,2021-02-23,119,9089,28,2848,91,6241,0,0,51,4492,67,2294,52,6786,California
Yuba,2021-02-24,485,9574,139,2987,346,6587,0,0,105,4217,380,2674,105,6891,California
Yuba,2021-02-25,343,9917,135,3122,208,6795,0,0,218,4310,125,2799,218,7109,California
Yuba,2021-02-26,264,10181,70,3192,194,6989,0,0,148,4344,114,2913,148,7257,California
Yuba,2021-02-27,466,10647,46,3238,420,7409,0,0,384,4646,82,2995,384,7641,California
Yuba,2021-02-28,73,10720,23,3261,50,7459,0,0,52,4677,21,3016,52,7693,California
Yuba,2021-03-01,162,10882,46,3307,116,7575,0,0,83,4682,78,3094,83,7776,California
Yuba,2021-03-02,166,11048,40,3347,126,7701,0,0,84,4684,82,3176,84,7860,California
Yuba,2021-03-03,632,11680,158,3505,474,8175,0,0,201,4455,430,3606,201,8061,California
Yuba,2021-03-04,477,12157,274,3779,203,8378,0,0,331,4641,145,3751,331,8392,California
Yuba,2021-03-05,324,12481,59,3838,264,8642,1,1,257,4832,67,3818,258,8650,California
Yuba,2021-03-06,474,12955,32,3870,438,9080,4,5,368,5099,105,3923,372,9022,California
Yuba,2021-03-07,53,13008,29,3899,23,9103,1,6,39,5125,14,3937,40,9062,California
Yuba,2021-03-08,164,13172,52,3951,96,9199,16,22,101,5179,63,4000,117,9179,California
Yuba,2021-03-09,181,13353,47,3998,114,9313,20,42,86,5190,95,4095,106,9285,California
Yuba,2021-03-10,742,14095,237,4235,475,9788,30,72,238,4954,504,4599,268,9553,California
Yuba,2021-03-11,445,14540,198,4433,234,10022,13,85,299,5120,146,4745,312,9865,California
Yuba,2021-03-12,468,15008,85,4518,328,10350,55,140,156,5019,312,5057,211,10076,California
Yuba,2021-03-13,464,15472,342,4860,107,10457,15,155,364,5299,99,5156,379,10455,California
Yuba,2021-03-14,108,15580,20,4880,79,10536,9,164,48,5297,59,5215,57,10512,California
Yuba,2021-03-15,195,15775,53,4933,128,10664,14,178,103,5322,92,5307,117,10629,California
Yuba,2021-03-16,312,16087,78,5011,209,10873,25,203,195,5426,116,5423,220,10849,California
Yuba,2021-03-17,749,16836,166,5177,553,11426,30,233,198,5105,549,5972,228,11077,California
Yuba,2021-03-18,588,17424,158,5335,314,11740,116,349,359,5350,229,6201,474,11551,California
Yuba,2021-03-19,330,17754,119,5454,159,11899,52,401,187,5446,142,6343,238,11789,California
Yuba,2021-03-20,561,18315,82,5536,460,12359,19,420,478,5861,82,6425,497,12286,California
Yuba,2021-03-21,65,18380,39,5575,26,12385,0,420,50,5896,15,6440,50,12336,California
Yuba,2021-03-22,199,18579,73,5648,119,12504,7,427,155,6014,44,6484,162,12498,California
Yuba,2021-03-23,275,18854,81,5729,166,12670,28,455,186,6141,87,6571,214,12712,California
Yuba,2021-03-24,768,19622,255,5984,432,13102,81,536,189,5834,577,7148,270,12982,California
Yuba,2021-03-25,520,20142,272,6256,225,13327,23,559,258,5853,262,7410,281,13263,California
Yuba,2021-03-26,401,20543,141,6397,229,13556,31,590,228,5940,172,7582,259,13522,California
Yuba,2021-03-27,460,21003,29,6426,428,13984,3,593,407,6297,52,7634,409,13931,California
Yuba,2021-03-28,104,21107,43,6469,57,14041,4,597,34,6265,70,7704,38,13969,California
Yuba,2021-03-29,304,21411,90,6559,182,14223,32,629,186,6365,118,7822,218,14187,California
Yuba,2021-03-30,282,21693,72,6631,202,14425,8,637,191,6473,91,7913,199,14386,California
Yuba,2021-03-31,685,22378,116,6747,557,14982,12,649,243,6288,440,8353,255,14641,California
Yuba,2021-04-01,633,23011,295,7042,310,15292,28,677,292,6267,341,8694,320,14961,California
Yuba,2021-04-02,515,23526,101,7143,329,15621,85,762,193,6223,321,9015,277,15238,California
Yuba,2021-04-03,663,24189,57,7200,117,15738,489,1251,88,6226,574,9589,577,15815,California
Yuba,2021-04-04,60,24249,11,7211,42,15780,7,1258,31,6235,29,9618,38,15853,California
Yuba,2021-04-05,254,24503,86,7297,146,15926,22,1280,127,6258,125,9743,148,16001,California
Yuba,2021-04-06,356,24859,116,7413,179,16105,61,1341,169,6301,186,9929,229,16230,California
Yuba,2021-04-07,795,25654,413,7826,327,16432,55,1396,360,6283,432,10361,414,16644,California
Yuba,2021-04-08,765,26419,297,8123,199,16631,269,1665,284,6355,480,10841,552,17196,California
Yuba,2021-04-09,412,26831,174,8297,170,16801,68,1733,174,6360,237,11078,242,17438,California
Yuba,2021-04-10,601,27432,72,8369,79,16880,450,2183,70,6350,529,11607,519,17957,California
Yuba,2021-04-11,107,27539,27,8396,68,16948,12,2195,46,6348,60,11667,58,18015,California
Yuba,2021-04-12,215,27754,47,8443,135,17083,33,2228,79,6325,135,11802,112,18127,California
Yuba,2021-04-13,408,28162,106,8549,302,17385,0,2228,202,6322,205,12007,202,18329,California
Yuba,2021-04-14,717,28879,109,8658,608,17993,0,2228,125,5857,590,12597,125,18454,California
Yuba,2021-04-15,347,29226,131,8789,216,18209,0,2228,152,5814,195,12792,152,18606,California
Yuba,2021-04-16,346,29572,101,8890,245,18454,0,2228,184,5838,160,12952,184,18790,California
Yuba,2021-04-17,416,29988,61,8951,355,18809,0,2228,343,6109,72,13024,343,19133,California
Yuba,2021-04-18,57,30045,10,8961,47,18856,0,2228,27,6106,30,13054,27,19160,California
Yuba,2021-04-19,253,30298,106,9067,147,19003,0,2228,103,6060,150,13204,104,19264,California
Yuba,2021-04-20,326,30624,81,9148,245,19248,0,2228,181,6099,144,13348,183,19447,California
Yuba,2021-04-21,700,31324,281,9429,419,19667,0,2228,295,5989,405,13753,295,19742,California
Yuba,2021-04-22,363,31687,138,9567,225,19892,0,2228,201,6028,162,13915,201,19943,California
Yuba,2021-04-23,358,32045,117,9684,241,20133,0,2228,167,6006,189,14104,167,20110,California
Yuba,2021-04-24,220,32265,69,9753,151,20284,0,2228,124,6034,96,14200,124,20234,California
Yuba,2021-04-25,73,32338,30,9783,43,20327,0,2228,36,6033,37,14237,36,20270,California
Yuba,2021-04-26,242,32580,58,9841,180,20507,4,2232,109,6013,133,14370,113,20383,California
Yuba,2021-04-27,483,33063,165,10006,308,20815,10,2242,243,6028,238,14608,253,20636,California
Yuba,2021-04-28,439,33502,177,10183,257,21072,5,2247,151,5902,282,14890,156,20792,California
Yuba,2021-04-29,440,33942,73,10256,366,21438,1,2248,151,5766,288,15178,152,20944,California
Yuba,2021-04-30,330,34272,92,10348,208,21646,30,2278,137,5742,191,15369,167,21111,California
Yuba,2021-05-01,210,34482,95,10443,96,21742,19,2297,96,5744,113,15482,115,21226,California
Yuba,2021-05-02,73,34555,42,10485,27,21769,4,2301,38,5751,35,15517,42,21268,California
Yuba,2021-05-03,165,34720,66,10551,91,21860,8,2309,53,5702,110,15627,61,21329,California
Yuba,2021-05-04,327,35047,94,10645,212,22072,21,2330,149,5694,178,15805,170,21499,California
Yuba,2021-05-05,315,35362,77,10722,231,22303,7,2337,114,5614,201,16006,121,21620,California
Yuba,2021-05-06,277,35639,100,10822,138,22441,39,2376,91,5561,183,16189,130,21750,California
Yuba,2021-05-07,358,35997,95,10917,235,22676,28,2404,116,5462,242,16431,143,21893,California
Yuba,2021-05-08,108,36105,31,10948,71,22747,6,2410,47,5454,61,16492,53,21946,California
Yuba,2021-05-09,54,36159,24,10972,27,22774,3,2413,39,5481,15,16507,42,21988,California
Yuba,2021-05-10,172,36331,55,11027,99,22873,18,2431,54,5436,117,16624,72,22060,California
Yuba,2021-05-11,387,36718,176,11203,198,23071,13,2444,148,5359,237,16861,160,22220,California
Yuba,2021-05-12,273,36991,142,11345,123,23194,8,2452,115,5324,158,17019,123,22343,California
Yuba,2021-05-13,366,37357,195,11540,128,23322,43,2495,120,5244,243,17262,163,22506,California
Yuba,2021-05-14,368,37725,137,11677,210,23532,21,2516,159,5214,209,17471,179,22685,California
Yuba,2021-05-15,440,38165,110,11787,308,23840,22,2538,109,5015,329,17800,130,22815,California
Yuba,2021-05-16,140,38305,44,11831,87,23927,9,2547,85,5055,54,17854,94,22909,California
Yuba,2021-05-17,218,38523,91,11922,107,24034,20,2567,94,5047,122,17976,114,23023,California
Yuba,2021-05-18,393,38916,162,12084,222,24256,9,2576,168,4999,225,18201,177,23200,California
Yuba,2021-05-19,260,39176,143,12227,111,24367,6,2582,134,5013,126,18327,140,23340,California
Yuba,2021-05-20,428,39604,299,12526,117,24484,12,2594,267,5132,160,18487,279,23619,California
Yuba,2021-05-21,514,40118,270,12796,237,24721,7,2601,315,5257,197,18684,322,23941,California
Yuba,2021-05-22,230,40348,124,12920,95,24816,11,2612,91,5220,139,18823,102,24043,California
Yuba,2021-05-23,64,40412,31,12951,31,24847,2,2614,33,5224,31,18854,35,24078,California
Yuba,2021-05-24,154,40566,47,12998,90,24937,17,2631,44,5176,109,18963,61,24139,California
Yuba,2021-05-25,318,40884,110,13108,191,25128,17,2648,115,5106,201,19164,131,24270,California
Yuba,2021-05-26,237,41121,103,13211,118,25246,16,2664,93,5072,143,19307,109,24379,California
Yuba,2021-05-27,248,41369,75,13286,161,25407,12,2676,110,5059,135,19442,122,24501,California
Yuba,2021-05-28,245,41614,110,13396,129,25536,6,2682,120,5062,123,19565,126,24627,California
Yuba,2021-05-29,165,41779,67,13463,76,25612,22,2704,94,5108,70,19635,116,24743,California
Yuba,2021-05-30,51,41830,21,13484,25,25637,5,2709,21,5104,30,19665,26,24769,California
Yuba,2021-05-31,31,41861,3,13487,21,25658,7,2716,11,5102,20,19685,18,24787,California
Yuba,2021-06-01,250,42111,107,13594,136,25794,7,2723,87,5036,159,19844,93,24880,California
Yuba,2021-06-02,202,42313,81,13675,114,25908,7,2730,64,4971,137,19981,72,24952,California
Yuba,2021-06-03,176,42489,102,13777,69,25977,5,2735,63,4927,112,20093,68,25020,California
Yuba,2021-06-04,245,42734,121,13898,115,26092,9,2744,81,4853,164,20257,90,25110,California
Yuba,2021-06-05,199,42933,150,14048,43,26135,6,2750,92,4845,106,20363,98,25208,California
Yuba,2021-06-06,106,43039,90,14138,13,26148,3,2753,23,4789,82,20445,26,25234,California
Yuba,2021-06-07,117,43156,49,14187,52,26200,16,2769,38,4764,79,20524,54,25288,California
Yuba,2021-06-08,241,43397,109,14296,123,26323,9,2778,71,4676,168,20692,80,25368,California
Yuba,2021-06-09,172,43569,103,14399,62,26385,7,2785,74,4660,97,20789,81,25449,California
Yuba,2021-06-10,378,43947,304,14703,69,26454,5,2790,96,4481,280,21069,101,25550,California
Yuba,2021-06-11,331,44278,237,14940,82,26536,12,2802,65,4293,266,21335,78,25628,California
Yuba,2021-06-12,131,44409,90,15030,35,26571,6,2808,36,4240,95,21430,42,25670,California
Yuba,2021-06-13,46,44455,22,15052,22,26593,2,2810,16,4228,30,21460,18,25688,California
Yuba,2021-06-14,112,44567,51,15103,50,26643,11,2821,35,4198,76,21536,46,25734,California
Yuba,2021-06-15,240,44807,98,15201,134,26777,8,2829,91,4151,146,21682,99,25833,California
Yuba,2021-06-16,157,44964,95,15296,51,26828,11,2840,74,4155,81,21763,85,25918,California
Yuba,2021-06-17,188,45152,109,15405,68,26896,11,2851,80,4138,108,21871,91,26009,California
Yuba,2021-06-18,222,45374,109,15514,93,26989,20,2871,71,4080,149,22020,91,26100,California
Yuba,2021-06-19,55,45429,22,15536,30,27019,3,2874,9,4046,46,22066,12,26112,California
