county,administered_date,total_doses,cumulative_total_doses,pfizer_doses,cumulative_pfizer_doses,moderna_doses,cumulative_moderna_doses,jj_doses,cumulative_jj_doses,partially_vaccinated,total_partially_vaccinated,fully_vaccinated,cumulative_fully_vaccinated,at_least_one_dose,cumulative_at_least_one_dose,california_flag
All CA Counties,2020-12-15,1134,1134,1134,1134,0,0,0,0,1134,1134,0,0,1134,1134,
All CA Counties,2020-12-16,8118,9252,8118,9252,0,0,0,0,8118,9252,0,0,8118,9252,
All CA Counties,2020-12-17,25716,34968,25716,34968,0,0,0,0,25718,34970,0,0,25718,34970,
All CA Counties,2020-12-18,43746,78714,43692,78660,54,54,0,0,43746,78716,0,0,43746,78716,
All CA Counties,2020-12-19,25201,103915,25178,103838,23,77,0,0,25200,103915,1,1,25200,103916,
All CA Counties,2020-12-20,18942,122857,18910,122748,32,109,0,0,18941,122855,1,2,18941,122857,
All CA Counties,2020-12-21,49523,172380,49443,172191,80,189,0,0,49526,172380,1,3,49526,172383,
All CA Counties,2020-12-22,49847,222227,47735,219926,2112,2301,0,0,49845,222224,1,4,49845,222228,
All CA Counties,2020-12-23,50238,272465,41533,261459,8705,11006,0,0,50234,272458,0,4,50234,272462,
All CA Counties,2020-12-24,24012,296477,16316,277775,7696,18702,0,0,24009,296466,1,5,24009,296471,
All CA Counties,2020-12-25,2333,298810,2012,279787,321,19023,0,0,2333,298799,0,5,2333,298804,
All CA Counties,2020-12-26,14605,313415,9433,289220,5172,24195,0,0,14604,313402,1,6,14604,313408,
All CA Counties,2020-12-27,9389,322804,5566,294786,3823,28018,0,0,9388,322789,1,7,9388,322796,
All CA Counties,2020-12-28,45645,368449,29263,324049,16382,44400,0,0,45643,368429,3,10,45643,368439,
All CA Counties,2020-12-29,51015,419464,28511,352560,22504,66904,0,0,51011,419437,3,13,51011,419450,
All CA Counties,2020-12-30,62889,482353,35636,388196,27253,94157,0,0,62883,482317,3,16,62883,482333,
All CA Counties,2020-12-31,29286,511639,10839,399035,18447,112604,0,0,29278,511590,5,21,29278,511611,
All CA Counties,2021-01-01,3973,515612,1758,400793,2215,114819,0,0,3969,515556,3,24,3969,515580,
All CA Counties,2021-01-02,18445,534057,10231,411024,8214,123033,0,0,18444,534000,0,24,18444,534024,
All CA Counties,2021-01-03,6138,540195,3478,414502,2660,125693,0,0,6109,540097,12,36,6109,540133,
All CA Counties,2021-01-04,43497,583692,22069,436571,21428,147121,0,0,43417,583470,44,80,43417,583550,
All CA Counties,2021-01-05,56274,639966,29636,466207,26638,173759,0,0,50838,629014,5380,5460,50924,634474,
All CA Counties,2021-01-06,73083,713049,40430,506637,32653,206412,0,0,57796,671727,15111,20571,57824,692298,
All CA Counties,2021-01-07,91700,804749,52160,558797,39540,245952,0,0,61190,702616,30345,50916,61234,753532,
All CA Counties,2021-01-08,106343,911092,63956,622753,42387,288339,0,0,65298,727057,40913,91829,65354,818886,
All CA Counties,2021-01-09,44152,955244,25442,648195,18710,307049,0,0,27674,738300,16456,108285,27699,846585,
All CA Counties,2021-01-10,24229,979473,14818,663013,9411,316460,0,0,13014,740132,11199,119484,13031,859616,
All CA Counties,2021-01-11,104185,1083658,69321,732334,34864,351324,0,0,60494,757138,43651,163135,60657,920273,
All CA Counties,2021-01-12,112490,1196148,66412,798746,46078,397402,0,0,71562,788072,40849,203984,71783,992056,
All CA Counties,2021-01-13,118564,1314712,61428,860174,57136,454538,0,0,84952,839572,33526,237510,85026,1077082,
All CA Counties,2021-01-14,123261,1437973,49477,909651,73784,528322,0,0,103757,924070,19402,256912,103900,1180982,
All CA Counties,2021-01-15,141608,1579581,52032,961683,89576,617898,0,0,126625,1035986,14891,271803,126807,1307789,
All CA Counties,2021-01-16,80332,1659913,27376,989059,52956,670854,0,0,72810,1101347,7497,279300,72858,1380647,
All CA Counties,2021-01-17,48031,1707944,16775,1005834,31256,702110,0,0,44401,1142171,3622,282922,44446,1425093,
All CA Counties,2021-01-18,87618,1795562,45580,1051414,42038,744148,0,0,68486,1191757,19052,301974,68638,1493731,
All CA Counties,2021-01-19,141487,1937049,73370,1124784,68117,812265,0,0,110435,1271544,30960,332934,110747,1604478,
All CA Counties,2021-01-20,158695,2095744,80826,1205610,77869,890134,0,0,125413,1364099,33102,366036,125657,1730135,
All CA Counties,2021-01-21,172432,2268176,76411,1282021,96021,986155,0,0,153566,1499317,18665,384701,153883,1884018,
All CA Counties,2021-01-22,168769,2436945,68910,1350931,99859,1086014,0,0,154569,1639975,14071,398772,154729,2038747,
All CA Counties,2021-01-23,110979,2547924,49412,1400343,61567,1147581,0,0,98439,1726045,12481,411253,98551,2137298,
All CA Counties,2021-01-24,60880,2608804,29478,1429821,31402,1178983,0,0,56248,1777744,4601,415854,56300,2193598,
All CA Counties,2021-01-25,143821,2752625,64893,1494714,78928,1257911,0,0,109137,1852657,34567,450421,109480,2303078,
All CA Counties,2021-01-26,167639,2920264,82374,1577088,85265,1343176,0,0,130520,1946436,36995,487416,130774,2433852,
All CA Counties,2021-01-27,179467,3099731,87854,1664942,91613,1434789,0,0,140344,2048255,38723,526139,140542,2574394,
All CA Counties,2021-01-28,186798,3286529,85970,1750912,100828,1535617,0,0,153002,2167930,33515,559654,153190,2727584,
All CA Counties,2021-01-29,182599,3469128,87934,1838846,94665,1630282,0,0,148232,2282510,33803,593457,148383,2875967,
All CA Counties,2021-01-30,122723,3591851,55153,1893999,67570,1697852,0,0,107751,2375587,14810,608267,107887,2983854,
All CA Counties,2021-01-31,69167,3661018,38885,1932884,30282,1728134,0,0,64113,2434740,5010,613277,64163,3048017,
All CA Counties,2021-02-01,158130,3819148,72865,2005749,85265,1813399,0,0,120016,2516912,37971,651248,120143,3168160,
All CA Counties,2021-02-02,185651,4004799,79427,2085176,106224,1919623,0,0,139951,2611726,45353,696601,140167,3308327,
All CA Counties,2021-02-03,209853,4214652,94879,2180055,114974,2034597,0,0,156122,2714817,53260,749861,156351,3464678,
All CA Counties,2021-02-04,227378,4442030,99803,2279858,127575,2162172,0,0,166880,2822081,59960,809821,167224,3631902,
All CA Counties,2021-02-05,245248,4687278,106240,2386098,139008,2301180,0,0,166797,2911716,77700,887521,167335,3799237,
All CA Counties,2021-02-06,154407,4841685,74662,2460760,79745,2380925,0,0,119782,2997521,34459,921980,120264,3919501,
All CA Counties,2021-02-07,66606,4908291,43057,2503817,23549,2404474,0,0,50226,3031896,16295,938275,50670,3970171,
All CA Counties,2021-02-08,179828,5088119,88240,2592057,91588,2496062,0,0,118767,3090771,60612,998887,119487,4089658,
All CA Counties,2021-02-09,210235,5298354,101588,2693645,108647,2604709,0,0,126246,3134589,83551,1082438,127369,4217027,
All CA Counties,2021-02-10,247744,5546098,119651,2813296,128093,2732802,0,0,137883,3164883,109037,1191475,139331,4356358,
All CA Counties,2021-02-11,263437,5809535,130511,2943807,132926,2865728,0,0,144771,3193780,117636,1309111,146533,4502891,
All CA Counties,2021-02-12,271110,6080645,118830,3062637,152280,3018008,0,0,146627,3219058,123692,1432803,148970,4651861,
All CA Counties,2021-02-13,166215,6246860,77033,3139670,89182,3107190,0,0,91892,3238980,73908,1506711,93830,4745691,
All CA Counties,2021-02-14,95159,6342019,47434,3187104,47725,3154915,0,0,51559,3248758,43450,1550161,53228,4798919,
All CA Counties,2021-02-15,141562,6483581,62275,3249379,79287,3234202,0,0,78373,3267521,62837,1612998,81600,4880519,
All CA Counties,2021-02-16,247637,6731218,117586,3366965,130051,3364253,0,0,132877,3289409,114413,1727411,136301,5016820,
All CA Counties,2021-02-17,257345,6988563,128109,3495074,129236,3493489,0,0,128325,3292855,128527,1855938,131973,5148793,
All CA Counties,2021-02-18,271228,7259791,141594,3636668,129634,3623123,0,0,131806,3290575,138775,1994713,136495,5285288,
All CA Counties,2021-02-19,251418,7511209,145906,3782574,105512,3728635,0,0,130006,3301803,120949,2115662,132177,5417465,
All CA Counties,2021-02-20,151371,7662580,96879,3879453,54492,3783127,0,0,83315,3319588,67817,2183479,85602,5503067,
All CA Counties,2021-02-21,72082,7734662,58154,3937607,13928,3797055,0,0,35562,3321133,36299,2219778,37844,5540911,
All CA Counties,2021-02-22,162671,7897333,109126,4046733,53545,3850600,0,0,81622,3324507,80735,2300513,84109,5625020,
All CA Counties,2021-02-23,221701,8119034,116521,4163254,105180,3955780,0,0,102951,3316198,118216,2418729,109907,5734927,
All CA Counties,2021-02-24,280789,8399823,141697,4304951,139092,4094872,0,0,133970,3312541,146233,2564962,142576,5877503,
All CA Counties,2021-02-25,315561,8715384,154248,4459199,161313,4256185,0,0,164931,3336938,149985,2714947,174382,6051885,
All CA Counties,2021-02-26,349593,9064977,162860,4622059,186733,4442918,0,0,195696,3386903,153051,2867998,203016,6254901,
All CA Counties,2021-02-27,245622,9310599,117409,4739468,128195,4571113,18,18,139092,3424615,105972,2973970,143684,6398585,
All CA Counties,2021-02-28,129477,9440076,77290,4816758,52184,4623297,3,21,75843,3450998,53250,3027220,79633,6478218,
All CA Counties,2021-03-01,236195,9676271,125226,4941984,110919,4734216,50,71,136661,3493674,98900,3126120,141576,6619794,
All CA Counties,2021-03-02,275086,9951357,133854,5075838,141216,4875432,16,87,163789,3554470,110847,3236967,171643,6791437,
All CA Counties,2021-03-03,326849,10278206,161424,5237262,165387,5040819,38,125,187753,3611981,138471,3375438,195982,6987419,
All CA Counties,2021-03-04,345289,10623495,173508,5410770,171698,5212517,83,208,202269,3679595,142328,3517766,209942,7197361,
All CA Counties,2021-03-05,331152,10954647,160961,5571731,169084,5381601,1107,1315,205095,3768088,125319,3643085,213812,7411173,
All CA Counties,2021-03-06,255187,11209834,130159,5701890,117243,5498844,7785,9100,158175,3842652,96635,3739720,171199,7582372,
All CA Counties,2021-03-07,124035,11333869,75405,5777295,44593,5543437,4037,13137,77148,3881673,46725,3786445,85746,7668118,
All CA Counties,2021-03-08,214907,11548776,103371,5880666,101181,5644618,10355,23492,140114,3962694,74456,3860901,155477,7823595,
All CA Counties,2021-03-09,265690,11814466,115001,5995667,134926,5779544,15763,39255,143388,4005672,121875,3982776,164853,7988448,
All CA Counties,2021-03-10,312616,12127082,153606,6149273,135281,5914825,23729,62984,168173,4059215,143859,4126635,197402,8185850,
All CA Counties,2021-03-11,371463,12498545,179139,6328412,159527,6074352,32797,95781,191027,4108866,179587,4306222,229238,8415088,
All CA Counties,2021-03-12,387541,12886086,172318,6500730,169365,6243717,45858,141639,189153,4150258,197664,4503886,239056,8654144,
All CA Counties,2021-03-13,278150,13164236,121752,6622482,125631,6369348,30767,172406,150168,4207905,127572,4631458,185219,8839363,
All CA Counties,2021-03-14,152392,13316628,81331,6703813,56253,6425601,14808,187214,82270,4237487,69871,4701329,99453,8938816,
All CA Counties,2021-03-15,287297,13603925,136745,6840558,130207,6555808,20345,207559,156996,4288619,129628,4830957,180760,9119576,
All CA Counties,2021-03-16,366429,13970354,171458,7012016,177889,6733697,17082,224641,214446,4372726,151300,4982257,235407,9354983,
All CA Counties,2021-03-17,378231,14348585,186868,7198884,173171,6906868,18192,242833,234870,4486128,142642,5124899,256044,9611027,
All CA Counties,2021-03-18,393629,14742214,199837,7398721,176092,7082960,17700,260533,236188,4586700,156455,5281354,257027,9868054,
All CA Counties,2021-03-19,403026,15145240,210824,7609545,170889,7253849,21313,281846,236361,4681095,165784,5447138,260179,10128233,
All CA Counties,2021-03-20,289674,15434914,151873,7761418,122140,7375989,15661,297507,186162,4781921,102929,5550067,203755,10331988,
All CA Counties,2021-03-21,141197,15576111,97151,7858569,36664,7412653,7382,304889,89201,4829538,51706,5601773,99323,10431311,
All CA Counties,2021-03-22,268290,15844401,156431,8015000,100993,7513646,10866,315755,177489,4931270,90170,5691943,191902,10623213,
All CA Counties,2021-03-23,351551,16195952,192879,8207879,148013,7661659,10659,326414,226514,5047050,124216,5816159,239996,10863209,
All CA Counties,2021-03-24,381245,16577197,218553,8426432,150665,7812324,12027,338441,224759,5131729,155375,5971534,240054,11103263,
All CA Counties,2021-03-25,408906,16986103,224553,8650985,170074,7982398,14279,352720,235745,5211962,171993,6143527,252226,11355489,
All CA Counties,2021-03-26,426314,17412417,227360,8878345,183227,8165625,15727,368447,235988,5277439,189232,6332759,254709,11610198,
All CA Counties,2021-03-27,306321,17718738,162776,9041121,132255,8297880,11290,379737,157567,5300533,148026,6480785,171120,11781318,
All CA Counties,2021-03-28,165936,17884674,105919,9147040,56451,8354331,3566,383303,90933,5322314,74634,6555419,96415,11877733,
All CA Counties,2021-03-29,305968,18190642,164974,9312014,132468,8486799,8526,391829,174490,5376994,130828,6686247,185508,12063241,
All CA Counties,2021-03-30,392258,18582900,198075,9510089,176839,8663638,17344,409173,239264,5483129,152316,6838563,258451,12321692,
All CA Counties,2021-03-31,418802,19001702,227686,9737775,170075,8833713,21041,430214,240862,5569036,177097,7015660,263004,12584696,
All CA Counties,2021-04-01,479890,19481592,245617,9983392,195752,9029465,38521,468735,266512,5662950,212387,7228047,306301,12890997,
All CA Counties,2021-04-02,463259,19944851,226240,10209632,195504,9224969,41515,510250,253621,5751211,208565,7436612,296826,13187823,
All CA Counties,2021-04-03,322722,20267573,164060,10373692,118532,9343501,40130,550380,162192,5795009,159968,7596580,203766,13391589,
All CA Counties,2021-04-04,131205,20398778,68493,10442185,43968,9387469,18744,569124,58635,5800294,72336,7668916,77621,13469210,
All CA Counties,2021-04-05,347992,20746770,179418,10621603,129792,9517261,38782,607906,173482,5841340,173951,7842867,214997,13684207,
All CA Counties,2021-04-06,451871,21198641,229479,10851082,157905,9675166,64487,672393,221138,5899587,229937,8072804,288184,13972391,
All CA Counties,2021-04-07,465471,21664112,242269,11093351,154383,9829549,68819,741212,228738,5963520,235908,8308712,299841,14272232,
All CA Counties,2021-04-08,492041,22156153,248965,11342316,160068,9989617,83008,824220,233242,6024381,257794,8566506,318655,14590887,
All CA Counties,2021-04-09,482391,22638544,240272,11582588,163890,10153507,78229,902449,223971,6072640,257490,8823996,305749,14896636,
All CA Counties,2021-04-10,360286,22998830,165335,11747923,122380,10275887,72571,975020,152553,6093629,207106,9031102,228095,15124731,
All CA Counties,2021-04-11,184207,23183037,102930,11850853,47586,10323473,33691,1008711,76339,6099628,107563,9138665,113562,15238293,
All CA Counties,2021-04-12,335283,23518320,172728,12023581,125322,10448795,37233,1045944,156511,6119001,177940,9316605,197313,15435606,
All CA Counties,2021-04-13,425657,23943977,237370,12260951,187376,10636171,911,1046855,237808,6174606,186989,9503594,242594,15678200,
All CA Counties,2021-04-14,441866,24385843,248160,12509111,193437,10829608,269,1047124,231922,6203985,208918,9712512,238297,15916497,
All CA Counties,2021-04-15,479254,24865097,278922,12788033,200108,11029716,224,1047348,269399,6269718,208579,9921091,274312,16190809,
All CA Counties,2021-04-16,464878,25329975,262170,13050203,202409,11232125,299,1047647,249175,6307525,214629,10135720,252436,16443245,
All CA Counties,2021-04-17,331453,25661428,186626,13236829,144787,11376912,40,1047687,187836,6356340,142950,10278670,191765,16635010,
All CA Counties,2021-04-18,151293,25812721,95801,13332630,55477,11432389,15,1047702,79017,6367075,71928,10350598,82663,16717673,
All CA Counties,2021-04-19,313589,26126310,181387,13514017,132107,11564496,95,1047797,149033,6355494,163791,10514389,152210,16869883,
All CA Counties,2021-04-20,401472,26527782,213604,13727621,187820,11752316,48,1047845,200775,6362129,199798,10714187,206433,17076316,
All CA Counties,2021-04-21,414119,26941901,234891,13962512,178974,11931290,254,1048099,200235,6355916,212681,10926868,206468,17282784,
All CA Counties,2021-04-22,436874,27378775,248392,14210904,188411,12119701,71,1048170,196483,6320506,239184,11166052,203774,17486558,
All CA Counties,2021-04-23,427854,27806629,244380,14455284,183395,12303096,79,1048249,194340,6293228,232318,11398370,205040,17691598,
All CA Counties,2021-04-24,317654,28124283,201223,14656507,116275,12419371,156,1048405,162284,6308507,154549,11552919,169828,17861426,
All CA Counties,2021-04-25,147512,28271795,97212,14753719,50238,12469609,62,1048467,79057,6321938,68078,11620997,81509,17942935,
All CA Counties,2021-04-26,264728,28536523,154105,14907824,109241,12578850,1382,1049849,114392,6296688,149550,11770547,124300,18067235,
All CA Counties,2021-04-27,333742,28870265,184094,15091918,144353,12723203,5295,1055144,133842,6245740,198936,11969483,147988,18215223,
All CA Counties,2021-04-28,327535,29197800,186106,15278024,134001,12857204,7428,1062572,132029,6198330,194629,12164112,147219,18362442,
All CA Counties,2021-04-29,311804,29509604,180257,15458281,124706,12981910,6841,1069413,112828,6128570,198109,12362221,128349,18490791,
All CA Counties,2021-04-30,343266,29852870,197831,15656112,137405,13119315,8030,1077443,130047,6062079,212269,12574490,145778,18636569,
All CA Counties,2021-05-01,171626,30024496,110711,15766823,57952,13177267,2963,1080406,62296,6023155,108896,12683386,69972,18706541,
All CA Counties,2021-05-02,63070,30087566,48565,15815388,13404,13190671,1101,1081507,24818,6012036,38052,12721438,26933,18733474,
All CA Counties,2021-05-03,167471,30255037,97560,15912948,65289,13255960,4622,1086129,52802,5958499,114133,12835571,60596,18794070,
All CA Counties,2021-05-04,190236,30445273,119597,16032545,66491,13322451,4148,1090277,53837,5887072,135848,12971419,64421,18858491,
All CA and Non-CA Counties,2020-12-15,1141,1141,1141,1141,0,0,0,0,1141,1141,0,0,1141,1141,
All CA and Non-CA Counties,2020-12-16,8383,9524,8383,9524,0,0,0,0,8383,9524,0,0,8383,9524,
All CA and Non-CA Counties,2020-12-17,27317,36841,27317,36841,0,0,0,0,27317,36841,0,0,27317,36841,
All CA and Non-CA Counties,2020-12-18,46313,83154,46252,83093,61,61,0,0,46313,83154,0,0,46313,83154,
All CA and Non-CA Counties,2020-12-19,26321,109475,26297,109390,24,85,0,0,26320,109473,1,1,26320,109474,
All CA and Non-CA Counties,2020-12-20,19641,129116,19607,128997,34,119,0,0,19640,129112,1,2,19640,129114,
All CA and Non-CA Counties,2020-12-21,51720,180836,51637,180634,83,202,0,0,51718,180829,1,3,51718,180832,
All CA and Non-CA Counties,2020-12-22,51916,232752,49730,230364,2186,2388,0,0,51914,232742,1,4,51914,232746,
All CA and Non-CA Counties,2020-12-23,51758,284510,42920,273284,8838,11226,0,0,51754,284496,0,4,51754,284500,
All CA and Non-CA Counties,2020-12-24,24816,309326,16928,290212,7888,19114,0,0,24813,309308,1,5,24813,309313,
All CA and Non-CA Counties,2020-12-25,2366,311692,2041,292253,325,19439,0,0,2366,311674,0,5,2366,311679,
All CA and Non-CA Counties,2020-12-26,14914,326606,9638,301891,5276,24715,0,0,14913,326586,1,6,14913,326592,
All CA and Non-CA Counties,2020-12-27,9577,336183,5639,307530,3938,28653,0,0,9576,336161,1,7,9576,336168,
All CA and Non-CA Counties,2020-12-28,47067,383250,30167,337697,16900,45553,0,0,47064,383222,3,10,47064,383232,
All CA and Non-CA Counties,2020-12-29,52569,435819,29531,367228,23038,68591,0,0,52565,435784,3,13,52565,435797,
All CA and Non-CA Counties,2020-12-30,64874,500693,36927,404155,27947,96538,0,0,64866,500647,3,16,64866,500663,
All CA and Non-CA Counties,2020-12-31,30409,531102,11439,415594,18970,115508,0,0,30399,531040,6,22,30399,531062,
All CA and Non-CA Counties,2021-01-01,4084,535186,1781,417375,2303,117811,0,0,4080,535117,3,25,4080,535142,
All CA and Non-CA Counties,2021-01-02,18686,553872,10364,427739,8322,126133,0,0,18684,553800,1,26,18684,553826,
All CA and Non-CA Counties,2021-01-03,6308,560180,3568,431307,2740,128873,0,0,6279,560067,12,38,6279,560105,
All CA and Non-CA Counties,2021-01-04,44647,604827,22583,453890,22064,150937,0,0,44562,604585,44,82,44562,604667,
All CA and Non-CA Counties,2021-01-05,57815,662642,30447,484337,27368,178305,0,0,52189,651291,5569,5651,52275,656942,
All CA and Non-CA Counties,2021-01-06,75818,738460,42055,526392,33763,212068,0,0,59774,695229,15864,21515,59802,716744,
All CA and Non-CA Counties,2021-01-07,95953,834413,54802,581194,41151,253219,0,0,63750,726989,32036,53551,63796,780540,
All CA and Non-CA Counties,2021-01-08,110889,945302,66901,648095,43988,297207,0,0,67945,752191,42802,96353,68004,848544,
All CA and Non-CA Counties,2021-01-09,45473,990775,25970,674065,19503,316710,0,0,28671,764109,16780,113133,28698,877242,
All CA and Non-CA Counties,2021-01-10,24531,1015306,14999,689064,9532,326242,0,0,13196,766003,11319,124452,13213,890455,
All CA and Non-CA Counties,2021-01-11,107521,1122827,71360,760424,36161,362403,0,0,62491,783668,44989,169441,62654,953109,
All CA and Non-CA Counties,2021-01-12,116379,1239206,68733,829157,47646,410049,0,0,73906,815408,42389,211830,74129,1027238,
All CA and Non-CA Counties,2021-01-13,122270,1361476,63243,892400,59027,469076,0,0,87483,868264,34703,246533,87559,1114797,
All CA and Non-CA Counties,2021-01-14,127022,1488498,50759,943159,76263,545339,0,0,106876,955253,20031,266564,107020,1221817,
All CA and Non-CA Counties,2021-01-15,145891,1634389,53028,996187,92863,638202,0,0,130438,1070525,15348,281912,130620,1352437,
All CA and Non-CA Counties,2021-01-16,83036,1717425,27765,1023952,55271,693473,0,0,75344,1138252,7665,289577,75392,1427829,
All CA and Non-CA Counties,2021-01-17,48528,1765953,16926,1040878,31602,725075,0,0,44849,1179475,3671,293248,44894,1472723,
All CA and Non-CA Counties,2021-01-18,88867,1854820,46401,1087279,42466,767541,0,0,69277,1229396,19509,312757,69430,1542153,
All CA and Non-CA Counties,2021-01-19,145553,2000373,74712,1161991,70841,838382,0,0,113604,1311459,31856,344613,113919,1656072,
All CA and Non-CA Counties,2021-01-20,163174,2163547,82314,1244305,80860,919242,0,0,128907,1406526,34085,378698,129152,1785224,
All CA and Non-CA Counties,2021-01-21,176624,2340171,77584,1321889,99040,1018282,0,0,157195,1544823,19215,397913,157512,1942736,
All CA and Non-CA Counties,2021-01-22,173437,2513608,70024,1391913,103413,1121695,0,0,158841,1689362,14463,412376,159002,2101738,
All CA and Non-CA Counties,2021-01-23,113248,2626856,49749,1441662,63499,1185194,0,0,100545,1777375,12644,425020,100657,2202395,
All CA and Non-CA Counties,2021-01-24,61485,2688341,29724,1471386,31761,1216955,0,0,56776,1829524,4679,429699,56828,2259223,
All CA and Non-CA Counties,2021-01-25,148305,2836646,66867,1538253,81438,1298393,0,0,112753,1907189,35432,465131,113097,2372320,
All CA and Non-CA Counties,2021-01-26,173687,3010333,85362,1623615,88325,1386718,0,0,135725,2005335,37840,502971,135986,2508306,
All CA and Non-CA Counties,2021-01-27,184306,3194639,90543,1714158,93763,1480481,0,0,144566,2110764,39336,542307,144765,2653071,
All CA and Non-CA Counties,2021-01-28,192243,3386882,89000,1803158,103243,1583724,0,0,157864,2234726,34090,576397,158052,2811123,
All CA and Non-CA Counties,2021-01-29,187697,3574579,91183,1894341,96514,1680238,0,0,152549,2352846,34585,610982,152705,2963828,
All CA and Non-CA Counties,2021-01-30,127131,3701710,57516,1951857,69615,1749853,0,0,111937,2449887,15033,626015,112074,3075902,
All CA and Non-CA Counties,2021-01-31,72356,3774066,41655,1993512,30701,1780554,0,0,67247,2512119,5066,631081,67298,3143200,
All CA and Non-CA Counties,2021-02-01,163649,3937715,75468,2068980,88181,1868735,0,0,124827,2598399,38674,669755,124954,3268154,
All CA and Non-CA Counties,2021-02-02,192482,4130197,81661,2150641,110821,1979556,0,0,146055,2698598,46072,715827,146271,3414425,
All CA and Non-CA Counties,2021-02-03,217227,4347424,97005,2247646,120222,2099778,0,0,162619,2807319,54128,769955,162849,3577274,
All CA and Non-CA Counties,2021-02-04,234239,4581663,102038,2349684,132201,2231979,0,0,172747,2919466,60945,830900,173092,3750366,
All CA and Non-CA Counties,2021-02-05,252083,4833746,108472,2458156,143611,2375590,0,0,172566,3013805,78765,909665,173104,3923470,
All CA and Non-CA Counties,2021-02-06,158873,4992619,76844,2535000,82029,2457619,0,0,123782,3103153,34919,944584,124267,4047737,
All CA and Non-CA Counties,2021-02-07,68779,5061398,44848,2579848,23931,2481550,0,0,52320,3139545,16374,960958,52766,4100503,
All CA and Non-CA Counties,2021-02-08,185113,5246511,91559,2671407,93554,2575104,0,0,122959,3201529,61695,1022653,123679,4224182,
All CA and Non-CA Counties,2021-02-09,214526,5461037,103502,2774909,111024,2686128,0,0,129216,3247018,84864,1107517,130353,4354535,
All CA and Non-CA Counties,2021-02-10,253321,5714358,121549,2896458,131772,2817900,0,0,140990,3277999,111499,1219016,142480,4497015,
All CA and Non-CA Counties,2021-02-11,268263,5982621,132747,3029205,135516,2953416,0,0,148239,3309031,118986,1338002,150018,4647033,
All CA and Non-CA Counties,2021-02-12,276369,6258990,120785,3149990,155584,3109000,0,0,150036,3335877,125538,1463540,152384,4799417,
All CA and Non-CA Counties,2021-02-13,168625,6427615,77728,3227718,90897,3199897,0,0,93762,3357138,74451,1537991,95712,4895129,
All CA and Non-CA Counties,2021-02-14,96489,6524104,47834,3275552,48655,3248552,0,0,52649,3367772,43686,1581677,54320,4949449,
All CA and Non-CA Counties,2021-02-15,144112,6668216,63820,3339372,80292,3328844,0,0,79600,3386458,64145,1645822,82831,5032280,
All CA and Non-CA Counties,2021-02-16,254176,6922392,120569,3459941,133607,3462451,0,0,135521,3407109,118298,1764120,138949,5171229,
All CA and Non-CA Counties,2021-02-17,263252,7185644,131050,3590991,132202,3594653,0,0,130157,3408322,132596,1896716,133809,5305038,
All CA and Non-CA Counties,2021-02-18,277701,7463345,145357,3736348,132344,3726997,0,0,133865,3403705,143172,2039888,138555,5443593,
All CA and Non-CA Counties,2021-02-19,257293,7720638,150021,3886369,107272,3834269,0,0,132475,3414003,124349,2164237,134647,5578240,
All CA and Non-CA Counties,2021-02-20,154621,7875259,99468,3985837,55153,3889422,0,0,84518,3430949,69860,2234097,86806,5665046,
All CA and Non-CA Counties,2021-02-21,73884,7949143,59740,4045577,14144,3903566,0,0,36184,3431940,37475,2271572,38466,5703512,
All CA and Non-CA Counties,2021-02-22,166137,8115280,111665,4157242,54472,3958038,0,0,83246,3435102,82576,2354148,85738,5789250,
All CA and Non-CA Counties,2021-02-23,227604,8342884,119804,4277046,107800,4065838,0,0,105268,3425545,121795,2475943,112238,5901488,
All CA and Non-CA Counties,2021-02-24,287164,8630048,145211,4422257,141953,4207791,0,0,136471,3420525,150102,2626045,145082,6046570,
All CA and Non-CA Counties,2021-02-25,322531,8952579,157793,4580050,164738,4372529,0,0,168078,3444281,153777,2779822,177533,6224103,
All CA and Non-CA Counties,2021-02-26,356433,9309012,166493,4746543,189940,4562469,0,0,198887,3493868,156621,2936443,206208,6430311,
All CA and Non-CA Counties,2021-02-27,250942,9559954,119976,4866519,130947,4693416,19,19,140958,3530007,109415,3045858,145554,6575865,
All CA and Non-CA Counties,2021-02-28,131909,9691863,79060,4945579,52845,4746261,4,23,76647,3555571,54875,3100733,80439,6656304,
All CA and Non-CA Counties,2021-03-01,240950,9932813,128178,5073757,112721,4858982,51,74,137981,3596146,102327,3203060,142902,6799206,
All CA and Non-CA Counties,2021-03-02,281284,10214097,135864,5209621,145404,5004386,16,90,165670,3654520,115152,3318212,173526,6972732,
All CA and Non-CA Counties,2021-03-03,334610,10548707,164385,5374006,170185,5174571,40,130,190347,3709477,143625,3461837,198582,7171314,
All CA and Non-CA Counties,2021-03-04,352052,10900759,176388,5550394,175577,5350148,87,217,204614,3775040,146730,3608567,212293,7383607,
All CA and Non-CA Counties,2021-03-05,336219,11236978,163415,5713809,171683,5521831,1121,1338,207704,3863706,127776,3736343,216442,7600049,
All CA and Non-CA Counties,2021-03-06,259795,11496773,132280,5846089,119572,5641403,7943,9281,160515,3938510,98901,3835244,173705,7773754,
All CA and Non-CA Counties,2021-03-07,125586,11622359,76384,5922473,45111,5686514,4091,13372,78077,3977895,47345,3882589,86730,7860484,
All CA and Non-CA Counties,2021-03-08,217905,11840264,105102,6027575,102200,5788714,10603,23975,142202,4060376,75338,3957927,157819,8018303,
All CA and Non-CA Counties,2021-03-09,269993,12110257,117040,6144615,136864,5925578,16089,40064,145820,4104244,123743,4081670,167611,8185914,
All CA and Non-CA Counties,2021-03-10,316798,12427055,155521,6300136,137043,6062621,24234,64298,170699,4159175,145509,4227179,200440,8386354,
All CA and Non-CA Counties,2021-03-11,377532,12804587,182175,6482311,161871,6224492,33486,97784,194256,4209912,182420,4409599,233157,8619511,
All CA and Non-CA Counties,2021-03-12,393725,13198312,175935,6658246,171202,6395694,46588,144372,192435,4252425,200555,4610154,243068,8862579,
All CA and Non-CA Counties,2021-03-13,281881,13480193,123891,6782137,126756,6522450,31234,175606,152754,4311989,128711,4738865,188275,9050854,
All CA and Non-CA Counties,2021-03-14,154155,13634348,82230,6864367,56792,6579242,15133,190739,83317,4342228,70587,4809452,100826,9151680,
All CA and Non-CA Counties,2021-03-15,291238,13925586,138774,7003141,131678,6710920,20786,211525,159085,4394046,131477,4940929,183295,9334975,
All CA and Non-CA Counties,2021-03-16,373681,14299267,175583,7178724,180645,6891565,17453,228978,218401,4479184,154594,5095523,239732,9574707,
All CA and Non-CA Counties,2021-03-17,386277,14685544,191924,7370648,175795,7067360,18558,247536,239579,4594331,145973,5241496,261120,9835827,
All CA and Non-CA Counties,2021-03-18,401594,15087138,204636,7575284,178734,7246094,18224,265760,240733,4696560,159867,5401363,262096,10097923,
All CA and Non-CA Counties,2021-03-19,410315,15497453,215140,7790424,173319,7419413,21856,287616,240765,4793019,168670,5570033,265129,10363052,
All CA and Non-CA Counties,2021-03-20,294393,15791846,154954,7945378,123692,7543105,15747,303363,189793,4896483,104008,5674041,207472,10570524,
All CA and Non-CA Counties,2021-03-21,143220,15935066,98516,8043894,37235,7580340,7469,310832,90826,4945418,52101,5726142,101036,10671560,
All CA and Non-CA Counties,2021-03-22,271536,16206602,158382,8202276,102200,7682540,10954,321786,179730,5048484,91165,5817307,194231,10865791,
All CA and Non-CA Counties,2021-03-23,357543,16564145,195929,8398205,150680,7833220,10934,332720,230723,5166980,125985,5943292,244481,11110272,
All CA and Non-CA Counties,2021-03-24,388431,16952576,222226,8620431,153755,7986975,12450,345170,229793,5254965,157523,6100815,245508,11355780,
All CA and Non-CA Counties,2021-03-25,416977,17369553,228243,8848674,173968,8160943,14766,359936,241776,5339688,174021,6274836,258744,11614524,
All CA and Non-CA Counties,2021-03-26,432892,17802445,230804,9079478,186188,8347131,15900,375836,240477,5407758,191300,6466136,259370,11873894,
All CA and Non-CA Counties,2021-03-27,311629,18114074,165804,9245282,134436,8481567,11389,387225,160991,5432493,149905,6616041,174640,12048534,
All CA and Non-CA Counties,2021-03-28,168969,18283043,107520,9352802,57726,8539293,3723,390948,92966,5455470,75628,6691669,98605,12147139,
All CA and Non-CA Counties,2021-03-29,310985,18594028,167168,9519970,134960,8674253,8857,399805,177511,5511510,132821,6824490,188861,12336000,
All CA and Non-CA Counties,2021-03-30,398889,18992917,201484,9721454,179519,8853772,17886,417691,243411,5619869,154789,6979279,263148,12599148,
All CA and Non-CA Counties,2021-03-31,424898,19417815,231305,9952759,171793,9025565,21800,439491,244343,5707399,179711,7158990,267241,12866389,
All CA and Non-CA Counties,2021-04-01,487067,19904882,249825,10202584,198104,9223669,39138,478629,270792,5803306,215285,7374275,311192,13177581,
All CA and Non-CA Counties,2021-04-02,471417,20376299,230423,10433007,198351,9422020,42643,521272,258010,5893318,212331,7586606,302343,13479924,
All CA and Non-CA Counties,2021-04-03,328774,20705073,167635,10600642,119860,9541880,41279,562551,165360,5938554,162847,7749453,208083,13688007,
All CA and Non-CA Counties,2021-04-04,132991,20838064,69366,10670008,44648,9586528,18977,581528,59641,5944299,73115,7822568,78860,13766867,
All CA and Non-CA Counties,2021-04-05,351989,21190053,181352,10851360,131201,9717729,39436,620964,175435,5985913,175991,7998559,217605,13984472,
All CA and Non-CA Counties,2021-04-06,458625,21648678,233039,11084399,159545,9877274,66041,687005,223907,6044509,233910,8232469,292506,14276978,
All CA and Non-CA Counties,2021-04-07,473184,22121862,246557,11330956,156151,10033425,70476,757481,231880,6108659,240479,8472948,304629,14581607,
All CA and Non-CA Counties,2021-04-08,499810,22621672,252961,11583917,161941,10195366,84908,842389,236397,6169952,262410,8735358,323703,14905310,
All CA and Non-CA Counties,2021-04-09,489651,23111323,243930,11827847,165587,10360953,80134,922523,226880,6218678,261839,8997197,310565,15215875,
All CA and Non-CA Counties,2021-04-10,366343,23477666,168408,11996255,123517,10484470,74418,996941,154283,6238918,211429,9208626,231669,15447544,
All CA and Non-CA Counties,2021-04-11,187049,23664715,104464,12100719,48264,10532734,34321,1031262,77379,6244787,109364,9317990,115233,15562777,
All CA and Non-CA Counties,2021-04-12,339210,24003925,174896,12275615,126553,10659287,37761,1069023,158317,6264377,180057,9498047,199647,15762424,
All CA and Non-CA Counties,2021-04-13,431201,24435126,240879,12516494,189387,10848674,935,1069958,240595,6320041,189741,9687788,245405,16007829,
All CA and Non-CA Counties,2021-04-14,446987,24882113,251391,12767885,195324,11043998,272,1070230,234701,6349866,211254,9899042,241079,16248908,
All CA and Non-CA Counties,2021-04-15,485160,25367273,282501,13050386,202428,11246426,231,1070461,272607,6416168,211226,10110268,277528,16526436,
All CA and Non-CA Counties,2021-04-16,470771,25838044,265588,13315974,204877,11451303,306,1070767,252578,6454902,217113,10327381,255847,16782283,
All CA and Non-CA Counties,2021-04-17,336637,26174681,189693,13505667,146903,11598206,41,1070808,190792,6504453,145171,10472552,194722,16977005,
All CA and Non-CA Counties,2021-04-18,153385,26328066,96961,13602628,56408,11654614,16,1070824,80017,6515103,73015,10545567,83665,17060670,
All CA and Non-CA Counties,2021-04-19,317739,26645805,183367,13785995,134276,11788890,96,1070920,151215,6503750,165748,10711315,154395,17215065,
All CA and Non-CA Counties,2021-04-20,406899,27052704,216149,14002144,190702,11979592,48,1070968,203161,6509736,202833,10914148,208819,17423884,
All CA and Non-CA Counties,2021-04-21,420660,27473364,237749,14239893,182655,12162247,256,1071224,202754,6502036,216690,11130838,208990,17632874,
All CA and Non-CA Counties,2021-04-22,443939,27917303,252198,14492091,191667,12353914,74,1071298,199386,6465378,243339,11374177,206681,17839555,
All CA and Non-CA Counties,2021-04-23,433862,28351165,247511,14739602,186271,12540185,80,1071378,197016,6437459,235638,11609815,207719,18047274,
All CA and Non-CA Counties,2021-04-24,322578,28673743,204664,14944266,117754,12657939,160,1071538,164550,6452357,157203,11767018,172101,18219375,
All CA and Non-CA Counties,2021-04-25,149695,28823438,98509,15042775,51122,12709061,64,1071602,80199,6465896,69116,11836134,82655,18302030,
All CA and Non-CA Counties,2021-04-26,268216,29091654,155605,15198380,111208,12820269,1403,1073005,115981,6440362,151444,11987578,125910,18427940,
All CA and Non-CA Counties,2021-04-27,338820,29430474,185822,15384202,147414,12967683,5584,1078589,135761,6388474,202089,12189667,150201,18578141,
All CA and Non-CA Counties,2021-04-28,332313,29762787,188125,15572327,136370,13104053,7818,1086407,134035,6340700,197391,12387058,149617,18727758,
All CA and Non-CA Counties,2021-04-29,316594,30079381,182531,15754858,126814,13230867,7249,1093656,115061,6271043,200649,12587707,130992,18858750,
All CA and Non-CA Counties,2021-04-30,348684,30428065,200536,15955394,139644,13370511,8504,1102160,132529,6204583,215197,12802904,148737,19007487,
All CA and Non-CA Counties,2021-05-01,173605,30601670,111913,16067307,58412,13428923,3280,1105440,63201,6165811,109967,12912871,71195,19078682,
All CA and Non-CA Counties,2021-05-02,63854,30665524,49095,16116402,13646,13442569,1113,1106553,25307,6154900,38346,12951217,27435,19106117,
All CA and Non-CA Counties,2021-05-03,169121,30834645,98390,16214792,65955,13508524,4776,1111329,53608,6101481,114975,13066192,61556,19167673,
All CA and Non-CA Counties,2021-05-04,192972,31027617,121030,16335822,67500,13576024,4442,1115771,55014,6029972,137399,13203591,65890,19233563,
Outside California,2020-12-15,7,7,7,7,0,0,0,0,7,7,0,0,7,7,Not in California
Outside California,2020-12-16,265,272,265,272,0,0,0,0,265,272,0,0,265,272,Not in California
Outside California,2020-12-17,1599,1871,1599,1871,0,0,0,0,1599,1871,0,0,1599,1871,Not in California
Outside California,2020-12-18,2558,4429,2551,4422,7,7,0,0,2558,4429,0,0,2558,4429,Not in California
Outside California,2020-12-19,1039,5468,1038,5460,1,8,0,0,1039,5468,0,0,1039,5468,Not in California
Outside California,2020-12-20,675,6143,673,6133,2,10,0,0,675,6143,0,0,675,6143,Not in California
Outside California,2020-12-21,2192,8335,2189,8322,3,13,0,0,2192,8335,0,0,2192,8335,Not in California
Outside California,2020-12-22,2065,10400,1991,10313,74,87,0,0,2065,10400,0,0,2065,10400,Not in California
Outside California,2020-12-23,1520,11920,1387,11700,133,220,0,0,1520,11920,0,0,1520,11920,Not in California
Outside California,2020-12-24,804,12724,612,12312,192,412,0,0,804,12724,0,0,804,12724,Not in California
Outside California,2020-12-25,33,12757,29,12341,4,416,0,0,33,12757,0,0,33,12757,Not in California
Outside California,2020-12-26,308,13065,204,12545,104,520,0,0,308,13065,0,0,308,13065,Not in California
Outside California,2020-12-27,188,13253,73,12618,115,635,0,0,188,13253,0,0,188,13253,Not in California
Outside California,2020-12-28,1418,14671,900,13518,518,1153,0,0,1418,14671,0,0,1418,14671,Not in California
Outside California,2020-12-29,1551,16222,1017,14535,534,1687,0,0,1551,16222,0,0,1551,16222,Not in California
Outside California,2020-12-30,1926,18148,1235,15770,691,2378,0,0,1926,18148,0,0,1926,18148,Not in California
Outside California,2020-12-31,1121,19269,600,16370,521,2899,0,0,1120,19267,1,1,1120,19268,Not in California
Outside California,2021-01-01,111,19380,23,16393,88,2987,0,0,111,19378,0,1,111,19379,Not in California
Outside California,2021-01-02,240,19620,133,16526,107,3094,0,0,239,19616,1,2,239,19618,Not in California
Outside California,2021-01-03,170,19790,90,16616,80,3174,0,0,170,19786,0,2,170,19788,Not in California
Outside California,2021-01-04,1147,20937,511,17127,636,3810,0,0,1143,20929,0,2,1143,20931,Not in California
Outside California,2021-01-05,1540,22477,811,17938,729,4539,0,0,1349,22089,189,191,1349,22280,Not in California
Outside California,2021-01-06,2705,25182,1597,19535,1108,5647,0,0,1972,23331,730,921,1972,24252,Not in California
Outside California,2021-01-07,4143,29325,2535,22070,1608,7255,0,0,2488,24168,1653,2574,2490,26742,Not in California
Outside California,2021-01-08,4520,33845,2924,24994,1596,8851,0,0,2642,24945,1868,4442,2645,29387,Not in California
Outside California,2021-01-09,1318,35163,526,25520,792,9643,0,0,993,25616,324,4766,995,30382,Not in California
Outside California,2021-01-10,302,35465,181,25701,121,9764,0,0,182,25678,120,4886,182,30564,Not in California
Outside California,2021-01-11,3313,38778,2016,27717,1297,11061,0,0,1979,26323,1334,6220,1979,32543,Not in California
Outside California,2021-01-12,3879,42657,2313,30030,1566,12627,0,0,2336,27121,1539,7759,2337,34880,Not in California
Outside California,2021-01-13,3695,46352,1804,31834,1891,14518,0,0,2518,28464,1177,8936,2520,37400,Not in California
Outside California,2021-01-14,3756,50108,1278,33112,2478,16996,0,0,3114,30950,629,9565,3115,40515,Not in California
Outside California,2021-01-15,4279,54387,993,34105,3286,20282,0,0,3809,34302,457,10022,3809,44324,Not in California
Outside California,2021-01-16,2697,57084,382,34487,2315,22597,0,0,2528,36663,167,10189,2528,46852,Not in California
Outside California,2021-01-17,494,57578,148,34635,346,22943,0,0,445,37059,49,10238,445,47297,Not in California
Outside California,2021-01-18,1195,58773,767,35402,428,23371,0,0,739,37344,455,10693,740,48037,Not in California
Outside California,2021-01-19,4043,62816,1320,36722,2723,26094,0,0,3148,39600,895,11588,3151,51188,Not in California
Outside California,2021-01-20,4400,67216,1409,38131,2991,29085,0,0,3467,42137,931,12519,3468,54656,Not in California
Outside California,2021-01-21,4131,71347,1114,39245,3017,32102,0,0,3567,45155,549,13068,3567,58223,Not in California
Outside California,2021-01-22,4628,75975,1079,40324,3549,35651,0,0,4232,48996,392,13460,4233,62456,Not in California
Outside California,2021-01-23,2257,78232,331,40655,1926,37577,0,0,2094,50927,163,13623,2094,64550,Not in California
Outside California,2021-01-24,603,78835,244,40899,359,37936,0,0,525,51374,78,13701,525,65075,Not in California
Outside California,2021-01-25,4462,83297,1955,42854,2507,40443,0,0,3597,54110,862,14563,3598,68673,Not in California
Outside California,2021-01-26,5950,89247,2894,45748,3056,43499,0,0,5104,58376,845,15408,5111,73784,Not in California
Outside California,2021-01-27,4822,94069,2672,48420,2150,45649,0,0,4206,61971,612,16020,4207,77991,Not in California
Outside California,2021-01-28,5290,99359,2878,51298,2412,48061,0,0,4764,66220,515,16535,4764,82755,Not in California
Outside California,2021-01-29,4951,104310,3103,54401,1848,49909,0,0,4166,69610,781,17316,4171,86926,Not in California
Outside California,2021-01-30,4398,108708,2355,56756,2043,51952,0,0,4173,73562,222,17538,4174,91100,Not in California
Outside California,2021-01-31,3173,111881,2754,59510,419,52371,0,0,3118,76626,55,17593,3119,94219,Not in California
Outside California,2021-02-01,5483,117364,2569,62079,2914,55285,0,0,4790,80730,686,18279,4790,99009,Not in California
Outside California,2021-02-02,6761,124125,2166,64245,4595,59880,0,0,6041,86058,713,18992,6041,105050,Not in California
Outside California,2021-02-03,7324,131449,2080,66325,5244,65124,0,0,6459,91661,857,19849,6460,111510,Not in California
Outside California,2021-02-04,6798,138247,2177,68502,4621,69745,0,0,5809,96491,980,20829,5810,117320,Not in California
Outside California,2021-02-05,6813,145060,2217,70719,4596,74341,0,0,5751,101184,1058,21887,5751,123071,Not in California
Outside California,2021-02-06,4447,149507,2168,72887,2279,76620,0,0,3985,104719,453,22340,3988,127059,Not in California
Outside California,2021-02-07,2165,151672,1783,74670,382,77002,0,0,2088,106732,77,22417,2090,129149,Not in California
Outside California,2021-02-08,5233,156905,3270,77940,1963,78965,0,0,4179,109867,1044,23461,4179,133328,Not in California
Outside California,2021-02-09,4271,161176,1895,79835,2376,81341,0,0,2964,111547,1298,24759,2978,136306,Not in California
Outside California,2021-02-10,5542,166718,1868,81703,3674,85015,0,0,3098,112251,2436,27195,3140,139446,Not in California
Outside California,2021-02-11,4733,171451,2144,83847,2589,87604,0,0,3425,114394,1299,28494,3442,142888,Not in California
Outside California,2021-02-12,5213,176664,1917,85764,3296,90900,0,0,3392,115978,1813,30307,3397,146285,Not in California
Outside California,2021-02-13,2395,179059,692,86456,1703,92603,0,0,1853,117301,542,30849,1865,148150,Not in California
Outside California,2021-02-14,1323,180382,399,86855,924,93527,0,0,1085,118153,235,31084,1087,149237,Not in California
Outside California,2021-02-15,2507,182889,1508,88363,999,94526,0,0,1199,118061,1295,32379,1203,150440,Not in California
Outside California,2021-02-16,6435,189324,2888,91251,3547,98073,0,0,2613,116866,3812,36191,2617,153057,Not in California
Outside California,2021-02-17,5897,195221,2933,94184,2964,101037,0,0,1828,114634,4064,40255,1832,154889,Not in California
Outside California,2021-02-18,6368,201589,3663,97847,2705,103742,0,0,2040,112364,4311,44566,2041,156930,Not in California
Outside California,2021-02-19,5679,207268,3925,101772,1754,105496,0,0,2411,111513,3263,47829,2412,159342,Not in California
Outside California,2021-02-20,3238,210506,2584,104356,654,106150,0,0,1198,110674,2038,49867,1199,160541,Not in California
Outside California,2021-02-21,1784,212290,1568,105924,216,106366,0,0,618,110130,1162,51029,618,161159,Not in California
Outside California,2021-02-22,3457,215747,2530,108454,927,107293,0,0,1618,109915,1838,52867,1623,162782,Not in California
Outside California,2021-02-23,5840,221587,3232,111686,2608,109901,0,0,2302,108699,3532,56399,2316,165098,Not in California
Outside California,2021-02-24,6332,227919,3479,115165,2853,112754,0,0,2487,107351,3840,60239,2492,167590,Not in California
Outside California,2021-02-25,6894,234813,3485,118650,3409,116163,0,0,3120,106732,3743,63982,3124,170714,Not in California
Outside California,2021-02-26,6800,241613,3608,122258,3192,119355,0,0,3167,106345,3555,67537,3168,173882,Not in California
Outside California,2021-02-27,5293,246906,2553,124811,2739,122094,1,1,1847,104761,3435,70972,1851,175733,Not in California
Outside California,2021-02-28,2415,249321,1757,126568,657,122751,1,2,794,103937,1620,72592,796,176529,Not in California
Outside California,2021-03-01,4711,254032,2926,129494,1784,124535,1,3,1296,101831,3408,76000,1302,177831,Not in California
Outside California,2021-03-02,6178,260210,2002,131496,4176,128711,0,3,1869,99403,4299,80299,1871,179702,Not in California
Outside California,2021-03-03,7748,267958,2954,134450,4792,133503,2,5,2585,96843,5151,85450,2591,182293,Not in California
Outside California,2021-03-04,6710,274668,2831,137281,3875,137378,4,9,2324,94802,4371,89821,2330,184623,Not in California
Outside California,2021-03-05,5034,279702,2439,139720,2581,139959,14,23,2574,94946,2451,92272,2595,187218,Not in California
Outside California,2021-03-06,4576,284278,2110,141830,2310,142269,156,179,2317,95170,2257,94529,2481,189699,Not in California
Outside California,2021-03-07,1541,285819,978,142808,509,142778,54,233,923,95531,617,95146,978,190677,Not in California
Outside California,2021-03-08,2966,288785,1708,144516,1012,143790,246,479,2080,97006,857,96003,2332,193009,Not in California
Outside California,2021-03-09,4264,293049,2007,146523,1935,145725,322,801,2422,97912,1838,97841,2744,195753,Not in California
Outside California,2021-03-10,4173,297222,1909,148432,1761,147486,503,1304,2521,99298,1645,99486,3031,198784,Not in California
Outside California,2021-03-11,6031,303253,3023,151455,2334,149820,674,1978,3215,100377,2811,102297,3890,202674,Not in California
Outside California,2021-03-12,6102,309355,3561,155016,1816,151636,725,2703,3267,101542,2827,105124,3992,206666,Not in California
Outside California,2021-03-13,3707,313062,2135,157151,1109,152745,463,3166,2578,103463,1123,106247,3044,209710,Not in California
Outside California,2021-03-14,1746,314808,890,158041,533,153278,323,3489,1041,104123,705,106952,1365,211075,Not in California
Outside California,2021-03-15,3911,318719,2018,160059,1454,154732,439,3928,2069,104800,1836,108788,2513,213588,Not in California
Outside California,2021-03-16,7188,325907,4103,164162,2718,157450,367,4295,3911,105802,3275,112063,4277,217865,Not in California
Outside California,2021-03-17,8000,333907,5042,169204,2593,160043,365,4660,4670,107511,3327,115390,5036,222901,Not in California
Outside California,2021-03-18,7924,341831,4778,173982,2622,162665,524,5184,4516,109151,3400,118790,5040,227941,Not in California
Outside California,2021-03-19,7260,349091,4297,178279,2420,165085,543,5727,4379,111198,2878,121668,4925,232866,Not in California
Outside California,2021-03-20,4686,353777,3067,181346,1533,166618,86,5813,3612,113829,1067,122735,3698,236564,Not in California
Outside California,2021-03-21,2000,355777,1348,182694,565,167183,87,5900,1606,115131,392,123127,1694,238258,Not in California
Outside California,2021-03-22,3212,358989,1933,184627,1192,168375,87,5987,2223,116458,983,124110,2310,240568,Not in California
Outside California,2021-03-23,5969,364958,3041,187668,2658,171033,270,6257,4198,119169,1758,125868,4469,245037,Not in California
Outside California,2021-03-24,7160,372118,3664,191332,3073,174106,423,6680,5011,122457,2143,128011,5431,250468,Not in California
Outside California,2021-03-25,8023,380141,3656,194988,3880,177986,487,7167,5999,126929,2014,130025,6486,256954,Not in California
Outside California,2021-03-26,6542,386683,3425,198413,2949,180935,168,7335,4466,129510,2052,132077,4633,261587,Not in California
Outside California,2021-03-27,5269,391952,3015,201428,2155,183090,99,7434,3401,131148,1859,133936,3497,265084,Not in California
Outside California,2021-03-28,3017,394969,1592,203020,1268,184358,157,7591,2022,132337,990,134926,2179,267263,Not in California
Outside California,2021-03-29,4979,399948,2177,205197,2472,186830,330,7921,2996,133683,1981,136907,3327,270590,Not in California
Outside California,2021-03-30,6589,406537,3384,208581,2663,189493,542,8463,4120,135895,2458,139365,4670,275260,Not in California
Outside California,2021-03-31,6060,412597,3597,212178,1704,191197,759,9222,3454,137503,2602,141967,4210,279470,Not in California
Outside California,2021-04-01,7149,419746,4195,216373,2337,193534,617,9839,4250,139471,2893,144860,4861,284331,Not in California
Outside California,2021-04-02,8096,427842,4167,220540,2810,196344,1119,10958,4358,141216,3732,148592,5477,289808,Not in California
Outside California,2021-04-03,6033,433875,3566,224106,1318,197662,1149,12107,3159,142655,2869,151461,4308,294116,Not in California
Outside California,2021-04-04,1770,435645,868,224974,669,198331,233,12340,996,143110,774,152235,1229,295345,Not in California
Outside California,2021-04-05,3961,439606,1913,226887,1395,199726,653,12993,1933,143672,2025,154260,2587,297932,Not in California
Outside California,2021-04-06,6719,446325,3542,230429,1624,201350,1553,14546,2751,144020,3955,158215,4303,302235,Not in California
Outside California,2021-04-07,7674,453999,4262,234691,1755,203105,1657,16203,3103,144206,4563,162778,4749,306984,Not in California
Outside California,2021-04-08,7726,461725,3968,238659,1862,204967,1896,18099,3124,144625,4594,167372,5013,311997,Not in California
Outside California,2021-04-09,7218,468943,3632,242291,1681,206648,1905,20004,2878,145075,4335,171707,4785,316782,Not in California
Outside California,2021-04-10,6047,474990,3064,245355,1136,207784,1847,21851,1726,144329,4316,176023,3570,320352,Not in California
Outside California,2021-04-11,2826,477816,1522,246877,674,208458,630,22481,1033,144201,1792,177815,1664,322016,Not in California
Outside California,2021-04-12,3884,481700,2144,249021,1215,209673,525,23006,1788,144422,2092,179907,2313,324329,Not in California
Outside California,2021-04-13,5474,487174,3482,252503,1968,211641,24,23030,2759,144495,2710,182617,2783,327112,Not in California
Outside California,2021-04-14,5087,492261,3221,255724,1863,213504,3,23033,2772,144960,2310,184927,2775,329887,Not in California
Outside California,2021-04-15,5861,498122,3561,259285,2294,215798,6,23039,3192,145540,2619,187546,3199,333086,Not in California
Outside California,2021-04-16,5841,503963,3380,262665,2454,218252,7,23046,3372,146457,2463,190009,3380,336466,Not in California
Outside California,2021-04-17,5158,509121,3053,265718,2104,220356,1,23047,2948,147201,2204,192213,2948,339414,Not in California
Outside California,2021-04-18,2073,511194,1153,266871,919,221275,1,23048,993,147121,1075,193288,995,340409,Not in California
Outside California,2021-04-19,4115,515309,1959,268830,2155,223430,1,23049,2166,147351,1939,195227,2169,342578,Not in California
Outside California,2021-04-20,5403,520712,2531,271361,2872,226302,0,23049,2380,146714,3017,198244,2380,344958,Not in California
Outside California,2021-04-21,6504,527216,2843,274204,3659,229961,2,23051,2508,145242,3983,202227,2511,347469,Not in California
Outside California,2021-04-22,7042,534258,3792,277996,3247,233208,3,23054,2898,144007,4137,206364,2902,350371,Not in California
Outside California,2021-04-23,5975,540233,3116,281112,2858,236066,1,23055,2657,143360,3307,209671,2660,353031,Not in California
Outside California,2021-04-24,4886,545119,3418,284530,1464,237530,4,23059,2238,142961,2644,212315,2245,355276,Not in California
Outside California,2021-04-25,2160,547279,1288,285818,870,238400,2,23061,1130,143068,1027,213342,1134,356410,Not in California
Outside California,2021-04-26,3469,550748,1488,287306,1960,240360,21,23082,1583,142791,1881,215223,1604,358014,Not in California
Outside California,2021-04-27,5054,555802,1719,289025,3046,243406,289,23371,1912,141861,3136,218359,2206,360220,Not in California
Outside California,2021-04-28,4708,560510,1962,290987,2357,245763,389,23760,1958,141470,2740,221099,2349,362569,Not in California
Outside California,2021-04-29,4357,564867,2003,292990,1979,247742,375,24135,1879,141265,2461,223560,2256,364825,Not in California
Outside California,2021-04-30,4954,569821,2405,295395,2119,249861,430,24565,2091,140934,2855,226415,2524,367349,Not in California
Outside California,2021-05-01,1965,571786,1195,296590,454,250315,316,24881,893,141075,1069,227484,1210,368559,Not in California
Outside California,2021-05-02,784,572570,530,297120,242,250557,12,24893,489,141283,294,227778,502,369061,Not in California
Outside California,2021-05-03,1649,574219,830,297950,666,251223,153,25046,806,141401,841,228619,959,370020,Not in California
Outside California,2021-05-04,2734,576953,1432,299382,1009,252232,293,25339,1177,141320,1549,230168,1468,371488,Not in California
Unknown,2020-12-17,2,2,2,2,0,0,0,0,0,0,0,0,0,0,Not in California
Unknown,2020-12-18,9,11,9,11,0,0,0,0,9,9,0,0,9,9,Not in California
Unknown,2020-12-19,81,92,81,92,0,0,0,0,81,90,0,0,81,90,Not in California
Unknown,2020-12-20,24,116,24,116,0,0,0,0,24,114,0,0,24,114,Not in California
Unknown,2020-12-21,5,121,5,121,0,0,0,0,0,114,0,0,0,114,Not in California
Unknown,2020-12-22,4,125,4,125,0,0,0,0,4,118,0,0,4,118,Not in California
Unknown,2020-12-26,1,126,1,126,0,0,0,0,1,119,0,0,1,119,Not in California
Unknown,2020-12-28,4,130,4,130,0,0,0,0,3,122,0,0,3,122,Not in California
Unknown,2020-12-29,3,133,3,133,0,0,0,0,3,125,0,0,3,125,Not in California
Unknown,2020-12-30,59,192,56,189,3,3,0,0,57,182,0,0,57,182,Not in California
Unknown,2020-12-31,2,194,0,189,2,5,0,0,1,183,0,0,1,183,Not in California
Unknown,2021-01-02,1,195,0,189,1,6,0,0,1,184,0,0,1,184,Not in California
Unknown,2021-01-04,3,198,3,192,0,6,0,0,2,186,0,0,2,186,Not in California
Unknown,2021-01-05,1,199,0,192,1,7,0,0,2,188,0,0,2,188,Not in California
Unknown,2021-01-06,30,229,28,220,2,9,0,0,6,171,23,23,6,194,Not in California
Unknown,2021-01-07,110,339,107,327,3,12,0,0,72,205,38,61,72,266,Not in California
Unknown,2021-01-08,26,365,21,348,5,17,0,0,5,189,21,82,5,271,Not in California
Unknown,2021-01-09,3,368,2,350,1,18,0,0,4,193,0,82,4,275,Not in California
Unknown,2021-01-11,23,391,23,373,0,18,0,0,18,207,4,86,18,293,Not in California
Unknown,2021-01-12,10,401,8,381,2,20,0,0,8,215,1,87,9,302,Not in California
Unknown,2021-01-13,11,412,11,392,0,20,0,0,13,228,0,87,13,315,Not in California
Unknown,2021-01-14,5,417,4,396,1,21,0,0,5,233,0,87,5,320,Not in California
Unknown,2021-01-15,4,421,3,399,1,22,0,0,4,237,0,87,4,324,Not in California
Unknown,2021-01-16,7,428,7,406,0,22,0,0,6,242,1,88,6,330,Not in California
Unknown,2021-01-17,3,431,3,409,0,22,0,0,3,245,0,88,3,333,Not in California
Unknown,2021-01-18,54,485,54,463,0,22,0,0,52,295,2,90,52,385,Not in California
Unknown,2021-01-19,23,508,22,485,1,23,0,0,21,315,1,91,21,406,Not in California
Unknown,2021-01-20,79,587,79,564,0,23,0,0,27,290,52,143,27,433,Not in California
Unknown,2021-01-21,61,648,59,623,2,25,0,0,62,351,1,144,62,495,Not in California
Unknown,2021-01-22,40,688,35,658,5,30,0,0,40,391,0,144,40,535,Not in California
Unknown,2021-01-23,12,700,6,664,6,36,0,0,12,403,0,144,12,547,Not in California
Unknown,2021-01-24,2,702,2,666,0,36,0,0,3,406,0,144,3,550,Not in California
Unknown,2021-01-25,22,724,19,685,3,39,0,0,19,422,3,147,19,569,Not in California
Unknown,2021-01-26,98,822,94,779,4,43,0,0,101,523,0,147,101,670,Not in California
Unknown,2021-01-27,17,839,17,796,0,43,0,0,16,538,1,148,16,686,Not in California
Unknown,2021-01-28,155,994,152,948,3,46,0,0,98,576,60,208,98,784,Not in California
Unknown,2021-01-29,147,1141,146,1094,1,47,0,0,151,726,1,209,151,935,Not in California
Unknown,2021-01-30,10,1151,8,1102,2,49,0,0,13,738,1,210,13,948,Not in California
Unknown,2021-01-31,16,1167,16,1118,0,49,0,0,16,753,1,211,16,964,Not in California
Unknown,2021-02-01,36,1203,34,1152,2,51,0,0,21,757,17,228,21,985,Not in California
Unknown,2021-02-02,70,1273,68,1220,2,53,0,0,63,814,6,234,63,1048,Not in California
Unknown,2021-02-03,50,1323,46,1266,4,57,0,0,38,841,11,245,38,1086,Not in California
Unknown,2021-02-04,63,1386,58,1324,5,62,0,0,58,894,5,250,58,1144,Not in California
Unknown,2021-02-05,22,1408,15,1339,7,69,0,0,18,905,7,257,18,1162,Not in California
Unknown,2021-02-06,19,1427,14,1353,5,74,0,0,15,913,7,264,15,1177,Not in California
Unknown,2021-02-07,8,1435,8,1361,0,74,0,0,6,917,2,266,6,1183,Not in California
Unknown,2021-02-08,52,1487,49,1410,3,77,0,0,13,891,39,305,13,1196,Not in California
Unknown,2021-02-09,20,1507,19,1429,1,78,0,0,6,882,15,320,6,1202,Not in California
Unknown,2021-02-10,35,1542,30,1459,5,83,0,0,9,865,26,346,9,1211,Not in California
Unknown,2021-02-11,93,1635,92,1551,1,84,0,0,43,857,51,397,43,1254,Not in California
Unknown,2021-02-12,46,1681,38,1589,8,92,0,0,17,841,33,430,17,1271,Not in California
Unknown,2021-02-13,15,1696,3,1592,12,104,0,0,17,857,1,431,17,1288,Not in California
Unknown,2021-02-14,7,1703,1,1593,6,110,0,0,5,861,1,432,5,1293,Not in California
Unknown,2021-02-15,43,1746,37,1630,6,116,0,0,28,876,13,445,28,1321,Not in California
Unknown,2021-02-16,104,1850,95,1725,9,125,0,0,31,834,73,518,31,1352,Not in California
Unknown,2021-02-17,10,1860,8,1733,2,127,0,0,4,833,5,523,4,1356,Not in California
Unknown,2021-02-18,105,1965,100,1833,5,132,0,0,19,766,86,609,19,1375,Not in California
Unknown,2021-02-19,196,2161,190,2023,6,138,0,0,58,687,137,746,58,1433,Not in California
Unknown,2021-02-20,12,2173,5,2028,7,145,0,0,5,687,5,751,5,1438,Not in California
Unknown,2021-02-21,18,2191,18,2046,0,145,0,0,4,677,14,765,4,1442,Not in California
Unknown,2021-02-22,9,2200,9,2055,0,145,0,0,6,680,3,768,6,1448,Not in California
Unknown,2021-02-23,63,2263,51,2106,12,157,0,0,15,648,47,815,15,1463,Not in California
Unknown,2021-02-24,43,2306,35,2141,8,165,0,0,14,633,29,844,14,1477,Not in California
Unknown,2021-02-25,76,2382,60,2201,16,181,0,0,27,611,49,893,27,1504,Not in California
Unknown,2021-02-26,40,2422,25,2226,15,196,0,0,24,620,15,908,24,1528,Not in California
Unknown,2021-02-27,27,2449,14,2240,13,209,0,0,19,631,8,916,19,1547,Not in California
Unknown,2021-02-28,17,2466,13,2253,4,213,0,0,10,636,5,921,10,1557,Not in California
Unknown,2021-03-01,44,2510,26,2279,18,231,0,0,24,641,19,940,24,1581,Not in California
Unknown,2021-03-02,20,2530,8,2287,12,243,0,0,12,647,6,946,12,1593,Not in California
Unknown,2021-03-03,13,2543,7,2294,6,249,0,0,9,653,3,949,9,1602,Not in California
Unknown,2021-03-04,53,2596,49,2343,4,253,0,0,21,643,31,980,21,1623,Not in California
Unknown,2021-03-05,33,2629,15,2358,18,271,0,0,35,672,6,986,35,1658,Not in California
Unknown,2021-03-06,32,2661,11,2369,19,290,2,2,23,688,9,995,25,1683,Not in California
Unknown,2021-03-07,10,2671,1,2370,9,299,0,2,6,691,3,998,6,1689,Not in California
Unknown,2021-03-08,32,2703,23,2393,7,306,2,4,8,676,25,1023,10,1699,Not in California
Unknown,2021-03-09,39,2742,32,2425,3,309,4,8,10,660,30,1053,14,1713,Not in California
Unknown,2021-03-10,9,2751,6,2431,1,310,2,10,5,662,5,1058,7,1720,Not in California
Unknown,2021-03-11,38,2789,13,2444,10,320,15,25,14,669,22,1080,29,1749,Not in California
Unknown,2021-03-12,82,2871,56,2500,21,341,5,30,15,625,64,1144,20,1769,Not in California
Unknown,2021-03-13,24,2895,4,2504,16,357,4,34,8,621,16,1160,12,1781,Not in California
Unknown,2021-03-14,17,2912,9,2513,6,363,2,36,6,618,11,1171,8,1789,Not in California
Unknown,2021-03-15,30,2942,11,2524,17,380,2,38,20,627,13,1184,22,1811,Not in California
Unknown,2021-03-16,64,3006,22,2546,38,418,4,42,44,656,19,1203,48,1859,Not in California
Unknown,2021-03-17,46,3052,14,2560,31,449,1,43,39,692,4,1207,40,1899,Not in California
Unknown,2021-03-18,41,3093,21,2581,20,469,0,43,29,709,12,1219,29,1928,Not in California
Unknown,2021-03-19,29,3122,19,2600,10,479,0,43,25,726,8,1227,25,1953,Not in California
Unknown,2021-03-20,33,3155,14,2614,19,498,0,43,19,733,12,1239,19,1972,Not in California
Unknown,2021-03-21,23,3178,17,2631,6,504,0,43,19,749,3,1242,19,1991,Not in California
Unknown,2021-03-22,34,3212,18,2649,15,519,1,44,18,756,12,1254,19,2010,Not in California
Unknown,2021-03-23,23,3235,9,2658,9,528,5,49,11,761,11,1265,16,2026,Not in California
Unknown,2021-03-24,26,3261,9,2667,17,545,0,49,23,779,5,1270,23,2049,Not in California
Unknown,2021-03-25,48,3309,34,2701,14,559,0,49,32,797,14,1284,32,2081,Not in California
Unknown,2021-03-26,36,3345,19,2720,12,571,5,54,23,809,16,1300,28,2109,Not in California
Unknown,2021-03-27,39,3384,13,2733,26,597,0,54,23,812,20,1320,23,2132,Not in California
Unknown,2021-03-28,16,3400,9,2742,7,604,0,54,11,819,4,1324,11,2143,Not in California
Unknown,2021-03-29,38,3438,17,2759,20,624,1,55,25,833,12,1336,26,2169,Not in California
Unknown,2021-03-30,42,3480,25,2784,17,641,0,55,27,845,15,1351,27,2196,Not in California
Unknown,2021-03-31,36,3516,22,2806,14,655,0,55,27,860,12,1363,27,2223,Not in California
Unknown,2021-04-01,28,3544,13,2819,15,670,0,55,30,885,5,1368,30,2253,Not in California
Unknown,2021-04-02,62,3606,16,2835,37,707,9,64,31,891,34,1402,40,2293,Not in California
Unknown,2021-04-03,19,3625,9,2844,10,717,0,64,9,890,10,1412,9,2302,Not in California
Unknown,2021-04-04,16,3641,5,2849,11,728,0,64,10,895,5,1417,10,2312,Not in California
Unknown,2021-04-05,36,3677,21,2870,14,742,1,65,20,901,15,1432,21,2333,Not in California
Unknown,2021-04-06,35,3712,18,2888,16,758,1,66,18,902,18,1450,19,2352,Not in California
Unknown,2021-04-07,39,3751,26,2914,13,771,0,66,39,933,8,1458,39,2391,Not in California
Unknown,2021-04-08,43,3794,28,2942,11,782,4,70,31,946,22,1480,35,2426,Not in California
Unknown,2021-04-09,42,3836,26,2968,16,798,0,70,31,963,14,1494,31,2457,Not in California
Unknown,2021-04-10,10,3846,9,2977,1,799,0,70,4,960,7,1501,4,2461,Not in California
Unknown,2021-04-11,16,3862,12,2989,4,803,0,70,7,958,9,1510,7,2468,Not in California
Unknown,2021-04-12,43,3905,24,3013,16,819,3,73,18,954,25,1535,21,2489,Not in California
Unknown,2021-04-13,70,3975,27,3040,43,862,0,73,28,940,42,1577,28,2517,Not in California
Unknown,2021-04-14,34,4009,10,3050,24,886,0,73,7,921,26,1603,7,2524,Not in California
Unknown,2021-04-15,45,4054,18,3068,26,912,1,74,16,910,28,1631,17,2541,Not in California
Unknown,2021-04-16,52,4106,38,3106,14,926,0,74,31,920,21,1652,31,2572,Not in California
Unknown,2021-04-17,26,4132,14,3120,12,938,0,74,8,912,17,1669,9,2581,Not in California
Unknown,2021-04-18,19,4151,7,3127,12,950,0,74,7,907,12,1681,7,2588,Not in California
Unknown,2021-04-19,35,4186,21,3148,14,964,0,74,16,905,18,1699,16,2604,Not in California
Unknown,2021-04-20,24,4210,14,3162,10,974,0,74,6,893,18,1717,6,2610,Not in California
Unknown,2021-04-21,37,4247,15,3177,22,996,0,74,11,878,26,1743,11,2621,Not in California
Unknown,2021-04-22,23,4270,14,3191,9,1005,0,74,5,865,18,1761,5,2626,Not in California
Unknown,2021-04-23,33,4303,15,3206,18,1023,0,74,19,871,13,1774,19,2645,Not in California
Unknown,2021-04-24,38,4341,23,3229,15,1038,0,74,28,889,10,1784,28,2673,Not in California
Unknown,2021-04-25,23,4364,9,3238,14,1052,0,74,12,890,11,1795,12,2685,Not in California
Unknown,2021-04-26,19,4383,12,3250,7,1059,0,74,6,883,13,1808,6,2691,Not in California
Unknown,2021-04-27,24,4407,9,3259,15,1074,0,74,7,873,17,1825,7,2698,Not in California
Unknown,2021-04-28,70,4477,57,3316,12,1086,1,75,48,900,22,1847,49,2747,Not in California
Unknown,2021-04-29,433,4910,271,3587,129,1215,33,108,354,1208,79,1926,387,3134,Not in California
Unknown,2021-04-30,464,5374,300,3887,120,1335,44,152,391,1570,73,1999,435,3569,Not in California
Unknown,2021-05-01,14,5388,7,3894,6,1341,1,153,12,1581,2,2001,13,3582,Not in California
Unknown,2021-05-03,1,5389,0,3894,0,1341,1,154,0,1581,1,2002,1,3583,Not in California
Unknown,2021-05-04,2,5391,1,3895,0,1341,1,155,0,1580,2,2004,1,3584,Not in California
Alameda,2020-12-15,36,36,36,36,0,0,0,0,36,36,0,0,36,36,California
Alameda,2020-12-16,204,240,204,240,0,0,0,0,204,240,0,0,204,240,California
Alameda,2020-12-17,396,636,396,636,0,0,0,0,396,636,0,0,396,636,California
Alameda,2020-12-18,1770,2406,1770,2406,0,0,0,0,1770,2406,0,0,1770,2406,California
Alameda,2020-12-19,1355,3761,1355,3761,0,0,0,0,1355,3761,0,0,1355,3761,California
Alameda,2020-12-20,1159,4920,1158,4919,1,1,0,0,1158,4918,1,1,1158,4919,California
Alameda,2020-12-21,1862,6782,1860,6779,2,3,0,0,1861,6779,0,1,1861,6780,California
Alameda,2020-12-22,2099,8881,2047,8826,52,55,0,0,2099,8878,0,1,2099,8879,California
Alameda,2020-12-23,1941,10822,1683,10509,258,313,0,0,1941,10819,0,1,1941,10820,California
Alameda,2020-12-24,1219,12041,759,11268,460,773,0,0,1219,12038,0,1,1219,12039,California
Alameda,2020-12-25,165,12206,128,11396,37,810,0,0,165,12203,0,1,165,12204,California
Alameda,2020-12-26,868,13074,324,11720,544,1354,0,0,868,13071,0,1,868,13072,California
Alameda,2020-12-27,499,13573,256,11976,243,1597,0,0,499,13570,0,1,499,13571,California
Alameda,2020-12-28,1885,15458,959,12935,926,2523,0,0,1885,15455,0,1,1885,15456,California
Alameda,2020-12-29,2430,17888,1025,13960,1405,3928,0,0,2429,17884,0,1,2429,17885,California
Alameda,2020-12-30,3126,21014,1362,15322,1764,5692,0,0,3128,21012,0,1,3128,21013,California
Alameda,2020-12-31,1795,22809,443,15765,1352,7044,0,0,1793,22804,1,2,1793,22806,California
Alameda,2021-01-01,171,22980,70,15835,101,7145,0,0,170,22973,1,3,170,22976,California
Alameda,2021-01-02,722,23702,523,16358,199,7344,0,0,721,23694,0,3,721,23697,California
Alameda,2021-01-03,343,24045,222,16580,121,7465,0,0,340,24031,3,6,340,24037,California
Alameda,2021-01-04,1649,25694,945,17525,704,8169,0,0,1637,25657,11,17,1637,25674,California
Alameda,2021-01-05,2205,27899,1265,18790,940,9109,0,0,1969,27393,233,250,1969,27643,California
Alameda,2021-01-06,3249,31148,1781,20571,1468,10577,0,0,2431,29011,815,1065,2433,30076,California
Alameda,2021-01-07,3773,34921,2111,22682,1662,12239,0,0,2686,30623,1078,2143,2690,32766,California
Alameda,2021-01-08,4729,39650,2700,25382,2029,14268,0,0,3103,32108,1622,3765,3107,35873,California
Alameda,2021-01-09,2034,41684,1389,26771,645,14913,0,0,1173,32420,861,4626,1173,37046,California
Alameda,2021-01-10,1065,42749,845,27616,220,15133,0,0,427,32208,639,5265,427,37473,California
Alameda,2021-01-11,4643,47392,3512,31128,1131,16264,0,0,2850,33273,1792,7057,2857,40330,California
Alameda,2021-01-12,4829,52221,3250,34378,1579,17843,0,0,3437,35322,1391,8448,3440,43770,California
Alameda,2021-01-13,5035,57256,2662,37040,2373,20216,0,0,3847,37986,1184,9632,3848,47618,California
Alameda,2021-01-14,5634,62890,2768,39808,2866,23082,0,0,4748,41860,877,10509,4751,52369,California
Alameda,2021-01-15,5835,68725,2312,42120,3523,26605,0,0,5069,46173,759,11268,5072,57441,California
Alameda,2021-01-16,3006,71731,1408,43528,1598,28203,0,0,2738,48644,268,11536,2739,60180,California
Alameda,2021-01-17,1867,73598,1083,44611,784,28987,0,0,1660,50099,206,11742,1661,61841,California
Alameda,2021-01-18,3198,76796,2054,46665,1144,30131,0,0,2604,52118,590,12332,2609,64450,California
Alameda,2021-01-19,5528,82324,3332,49997,2196,32327,0,0,4336,55266,1190,13522,4338,68788,California
Alameda,2021-01-20,6767,89091,4101,54098,2666,34993,0,0,5470,59455,1285,14807,5474,74262,California
Alameda,2021-01-21,7773,96864,3403,57501,4370,39363,0,0,6941,65575,826,15633,6946,81208,California
Alameda,2021-01-22,6842,103706,2035,59536,4807,44170,0,0,5703,70148,1132,16765,5705,86913,California
Alameda,2021-01-23,3288,106994,947,60483,2341,46511,0,0,2734,72330,554,17319,2736,89649,California
Alameda,2021-01-24,2050,109044,654,61137,1396,47907,0,0,1774,73832,272,17591,1774,91423,California
Alameda,2021-01-25,5223,114267,1987,63124,3236,51143,0,0,3635,75888,1580,19171,3636,95059,California
Alameda,2021-01-26,7245,121512,2287,65411,4958,56101,0,0,5385,79421,1853,21024,5386,100445,California
Alameda,2021-01-27,6670,128182,2077,67488,4593,60694,0,0,4821,82407,1835,22859,4821,105266,California
Alameda,2021-01-28,7891,136073,2547,70035,5344,66038,0,0,5650,85833,2225,25084,5651,110917,California
Alameda,2021-01-29,7924,143997,3184,73219,4740,70778,0,0,6102,90124,1812,26896,6103,117020,California
Alameda,2021-01-30,3418,147415,1672,74891,1746,72524,0,0,2714,92140,698,27594,2714,119734,California
Alameda,2021-01-31,1905,149320,964,75855,941,73465,0,0,1661,93560,241,27835,1661,121395,California
Alameda,2021-02-01,5967,155287,3363,79218,2604,76069,0,0,4327,96254,1634,29469,4328,125723,California
Alameda,2021-02-02,7467,162754,4251,83469,3216,79285,0,0,4670,98137,2787,32256,4670,130393,California
Alameda,2021-02-03,7084,169838,3731,87200,3353,82638,0,0,4407,99878,2671,34927,4412,134805,California
Alameda,2021-02-04,9503,179341,4127,91327,5376,88014,0,0,6421,103241,3063,37990,6426,141231,California
Alameda,2021-02-05,10335,189676,5392,96719,4943,92957,0,0,6465,105848,3864,41854,6471,147702,California
Alameda,2021-02-06,6996,196672,4436,101155,2560,95517,0,0,5874,110600,1122,42976,5874,153576,California
Alameda,2021-02-07,3580,200252,2892,104047,688,96205,0,0,2639,112302,938,43914,2640,156216,California
Alameda,2021-02-08,8094,208346,5787,109834,2307,98512,0,0,5542,115305,2541,46455,5544,161760,California
Alameda,2021-02-09,9712,218058,5860,115694,3852,102364,0,0,6064,117729,3642,50097,6066,167826,California
Alameda,2021-02-10,11456,229514,6774,122468,4682,107046,0,0,6568,119434,4871,54968,6576,174402,California
Alameda,2021-02-11,13939,243453,7989,130457,5950,112996,0,0,8376,122267,5546,60514,8379,182781,California
Alameda,2021-02-12,12529,255982,5694,136151,6835,119831,0,0,7754,125263,4761,65275,7757,190538,California
Alameda,2021-02-13,7811,263793,4067,140218,3744,123575,0,0,5848,129154,1959,67234,5850,196388,California
Alameda,2021-02-14,4026,267819,2534,142752,1492,125067,0,0,2868,130869,1155,68389,2870,199258,California
Alameda,2021-02-15,5713,273532,3224,145976,2489,127556,0,0,3700,132563,2009,70398,3703,202961,California
Alameda,2021-02-16,12534,286066,6956,152932,5578,133134,0,0,9319,138682,3205,73603,9324,212285,California
Alameda,2021-02-17,14107,300173,8356,161288,5751,138885,0,0,10482,145559,3607,77210,10484,222769,California
Alameda,2021-02-18,15862,316035,10064,171352,5798,144683,0,0,11514,152737,4342,81552,11520,234289,California
Alameda,2021-02-19,17649,333684,11445,182797,6204,150887,0,0,11697,158508,5930,87482,11701,245990,California
Alameda,2021-02-20,11862,345546,9611,192408,2251,153138,0,0,9144,164942,2715,90197,9149,255139,California
Alameda,2021-02-21,6210,351756,5278,197686,932,154070,0,0,3753,166249,2446,92643,3753,258892,California
Alameda,2021-02-22,10709,362465,7929,205615,2780,156850,0,0,6748,169060,3947,96590,6758,265650,California
Alameda,2021-02-23,12722,375187,7721,213336,5001,161851,0,0,7918,172190,4795,101385,7925,273575,California
Alameda,2021-02-24,14667,389854,8216,221552,6451,168302,0,0,9512,176614,5094,106479,9518,283093,California
Alameda,2021-02-25,15618,405472,9122,230674,6496,174798,0,0,9949,180932,5637,112116,9955,293048,California
Alameda,2021-02-26,18105,423577,10643,241317,7462,182260,0,0,11710,186292,6354,118470,11714,304762,California
Alameda,2021-02-27,14710,438287,10817,252134,3891,186151,2,2,9109,189827,5578,124048,9113,313875,California
Alameda,2021-02-28,9150,447437,7711,259845,1439,187590,0,2,6076,192852,3053,127101,6078,319953,California
Alameda,2021-03-01,13242,460679,9194,269039,4043,191633,5,7,8214,196095,4982,132083,8225,328178,California
Alameda,2021-03-02,13825,474504,9605,278644,4220,195853,0,7,8884,200064,4922,137005,8891,337069,California
Alameda,2021-03-03,15401,489905,9998,288642,5402,201255,1,8,10491,205676,4882,141887,10494,347563,California
Alameda,2021-03-04,17305,507210,11067,299709,6236,207491,2,10,10877,210162,6393,148280,10879,358442,California
Alameda,2021-03-05,15862,523072,10241,309950,5612,213103,9,19,10637,215629,5185,153465,10652,369094,California
Alameda,2021-03-06,14240,537312,9966,319916,4014,217117,260,279,9350,220395,4846,158311,9612,378706,California
Alameda,2021-03-07,9300,546612,8083,327999,1136,218253,81,360,6580,224364,2694,161005,6663,385369,California
Alameda,2021-03-08,11647,558259,7165,335164,4104,222357,378,738,8660,230465,2937,163942,9038,394407,California
Alameda,2021-03-09,11382,569641,7027,342191,3926,226283,429,1167,6288,232124,5060,169002,6719,401126,California
Alameda,2021-03-10,16668,586309,11322,353513,4788,231071,558,1725,7552,231138,9092,178094,8106,409232,California
Alameda,2021-03-11,19772,606081,11559,365072,6508,237579,1705,3430,6770,226639,12972,191066,8473,417705,California
Alameda,2021-03-12,21145,627226,12317,377389,7177,244756,1651,5081,7466,222093,13656,204722,9110,426815,California
Alameda,2021-03-13,15847,643073,10105,387494,4754,249510,988,6069,5111,217487,10702,215424,6096,432911,California
Alameda,2021-03-14,10698,653771,7817,395311,2095,251605,786,6855,4654,216893,6027,221451,5433,438344,California
Alameda,2021-03-15,14310,668081,9324,404635,4468,256073,518,7373,6366,215858,7916,229367,6881,445225,California
Alameda,2021-03-16,17166,685247,11110,415745,5523,261596,533,7906,7568,214413,9547,238914,8102,453327,California
Alameda,2021-03-17,17363,702610,9780,425525,6891,268487,692,8598,8177,214129,9152,248066,8868,462195,California
Alameda,2021-03-18,19049,721659,10324,435849,7848,276335,877,9475,8769,213527,10252,258318,9650,471845,California
Alameda,2021-03-19,19108,740767,10348,446197,6974,283309,1786,11261,7651,211549,11409,269727,9431,481276,California
Alameda,2021-03-20,15620,756387,10195,456392,4606,287915,819,12080,6540,209852,9052,278779,7355,488631,California
Alameda,2021-03-21,9058,765445,7099,463491,1426,289341,533,12613,3775,208887,5274,284053,4309,492940,California
Alameda,2021-03-22,14882,780327,10000,473491,3905,293246,977,13590,7178,209358,7681,291734,8152,501092,California
Alameda,2021-03-23,19094,799421,11506,484997,6796,300042,792,14382,10716,212536,8335,300069,11513,512605,California
Alameda,2021-03-24,18969,818390,11404,496401,6574,306616,991,15373,8588,211785,10321,310390,9570,522175,California
Alameda,2021-03-25,20340,838730,11227,507628,7733,314349,1380,16753,9559,211994,10718,321108,10927,533102,California
Alameda,2021-03-26,20667,859397,12378,520006,6757,321106,1532,18285,8862,210619,11760,332868,10385,543487,California
Alameda,2021-03-27,18173,877570,12329,532335,4887,325993,957,19242,7844,209117,10284,343152,8782,552269,California
Alameda,2021-03-28,10433,888003,8449,540784,1781,327774,203,19445,3837,206580,6583,349735,4046,556315,California
Alameda,2021-03-29,14588,902591,9285,550069,4307,332081,996,20441,6275,205572,8279,358014,7271,563586,California
Alameda,2021-03-30,18453,921044,9680,559749,7079,339160,1694,22135,10839,210515,7585,365599,12528,576114,California
Alameda,2021-03-31,19230,940274,10120,569869,7044,346204,2066,24201,9537,212440,9671,375270,11596,587710,California
Alameda,2021-04-01,23009,963283,9959,579828,7561,353765,5489,29690,10984,216911,11994,387264,16465,604175,California
Alameda,2021-04-02,23812,987095,9889,589717,8246,362011,5677,35367,11587,221967,12192,399456,17248,621423,California
Alameda,2021-04-03,20081,1007176,9733,599450,5660,367671,4688,40055,10283,227157,9780,409236,14970,636393,California
Alameda,2021-04-04,9922,1017098,3962,603412,2278,369949,3682,43737,3514,227949,6398,415634,7190,643583,California
Alameda,2021-04-05,17749,1034847,7474,610886,5509,375458,4766,48503,7235,229453,10495,426129,11999,655582,California
Alameda,2021-04-06,22116,1056963,10655,621541,5646,381104,5815,54318,10064,233304,12019,438148,15870,671452,California
Alameda,2021-04-07,22424,1079387,11507,633048,5485,386589,5432,59750,11383,239110,11001,449149,16807,688259,California
Alameda,2021-04-08,25345,1104732,11460,644508,5937,392526,7948,67698,10806,243389,14469,463618,18748,707007,California
Alameda,2021-04-09,23185,1127917,10555,655063,7441,399967,5189,72887,11959,249343,11195,474813,17149,724156,California
Alameda,2021-04-10,18799,1146716,7404,662467,5580,405547,5815,78702,8162,252689,10620,485433,13966,738122,California
Alameda,2021-04-11,10974,1157690,4774,667241,2265,407812,3935,82637,4487,254627,6471,491904,8409,746531,California
Alameda,2021-04-12,17808,1175498,11693,678934,4291,412103,1824,84461,10106,258879,7675,499579,11927,758458,California
Alameda,2021-04-13,23029,1198527,14635,693569,8339,420442,55,84516,16982,269920,6006,505585,17047,775505,California
Alameda,2021-04-14,23013,1221540,15202,708771,7809,428251,2,84518,15608,278161,7374,512959,15615,791120,California
Alameda,2021-04-15,23784,1245324,15187,723958,8595,436846,2,84520,15756,285948,7979,520938,15766,806886,California
Alameda,2021-04-16,24254,1269578,14327,738285,9922,446768,5,84525,15649,293058,8554,529492,15664,822550,California
Alameda,2021-04-17,20691,1290269,14265,752550,6426,453194,0,84525,14257,300924,6405,535897,14271,836821,California
Alameda,2021-04-18,9882,1300151,7547,760097,2335,455529,0,84525,6850,304774,3005,538902,6855,843676,California
Alameda,2021-04-19,15445,1315596,9640,769737,5805,461334,0,84525,8952,307272,6464,545366,8962,852638,California
Alameda,2021-04-20,18080,1333676,11041,780778,7038,468372,1,84526,9910,309074,8129,553495,9931,862569,California
Alameda,2021-04-21,19083,1352759,11174,791952,7901,476273,8,84534,11125,312321,7905,561400,11152,873721,California
Alameda,2021-04-22,21211,1373970,13702,805654,7506,483779,3,84537,11237,313659,9928,571328,11266,884987,California
Alameda,2021-04-23,21453,1395423,13999,819653,7454,491233,0,84537,12015,316308,9390,580718,12039,897026,California
Alameda,2021-04-24,18902,1414325,14337,833990,4558,495791,7,84544,9989,317437,8877,589595,10006,907032,California
Alameda,2021-04-25,8727,1423052,6783,840773,1944,497735,0,84544,5644,320022,3069,592664,5654,912686,California
Alameda,2021-04-26,13087,1436139,9046,849819,4021,501756,20,84564,8165,323318,4899,597563,8195,920881,California
Alameda,2021-04-27,15039,1451178,8842,858661,5891,507647,306,84870,7068,322787,7929,605492,7398,928279,California
Alameda,2021-04-28,15243,1466421,9538,868199,5246,512893,459,85329,5726,319499,9485,614977,6197,934476,California
Alameda,2021-04-29,14042,1480463,8758,876957,4990,517883,294,85623,5137,316087,8866,623843,5454,939930,California
Alameda,2021-04-30,18229,1498692,11208,888165,6706,524589,315,85938,7504,313272,10668,634511,7853,947783,California
Alameda,2021-05-01,11039,1509731,7212,895377,3784,528373,43,85981,4074,310472,6948,641459,4148,951931,California
Alameda,2021-05-02,4764,1514495,3262,898639,1482,529855,20,86001,2125,309991,2630,644089,2149,954080,California
Alameda,2021-05-03,11013,1525508,8220,906859,2697,532552,96,86097,2168,303465,8816,652905,2290,956370,California
Alameda,2021-05-04,13048,1538556,9273,916132,3688,536240,87,86184,2539,295655,10464,663369,2654,959024,California
Alpine,2020-12-18,2,2,2,2,0,0,0,0,2,2,0,0,2,2,California
Alpine,2020-12-19,2,4,2,4,0,0,0,0,2,4,0,0,2,4,California
Alpine,2020-12-21,2,6,2,6,0,0,0,0,2,6,0,0,2,6,California
Alpine,2020-12-30,14,20,0,6,14,14,0,0,14,20,0,0,14,20,California
Alpine,2020-12-31,1,21,0,6,1,15,0,0,1,21,0,0,1,21,California
Alpine,2021-01-01,1,22,0,6,1,16,0,0,1,22,0,0,1,22,California
Alpine,2021-01-02,1,23,1,7,0,16,0,0,1,23,0,0,1,23,California
Alpine,2021-01-04,10,33,0,7,10,26,0,0,10,33,0,0,10,33,California
Alpine,2021-01-05,9,42,1,8,8,34,0,0,9,42,0,0,9,42,California
Alpine,2021-01-06,31,73,0,8,31,65,0,0,31,73,0,0,31,73,California
Alpine,2021-01-07,8,81,0,8,8,73,0,0,8,81,0,0,8,81,California
Alpine,2021-01-08,4,85,2,10,2,75,0,0,2,81,2,2,2,83,California
Alpine,2021-01-09,2,87,2,12,0,75,0,0,0,79,2,4,0,83,California
Alpine,2021-01-11,32,119,1,13,31,106,0,0,31,109,1,5,31,114,California
Alpine,2021-01-13,35,154,0,13,35,141,0,0,35,144,0,5,35,149,California
Alpine,2021-01-14,1,155,0,13,1,142,0,0,1,145,0,5,1,150,California
Alpine,2021-01-15,1,156,0,13,1,143,0,0,1,146,0,5,1,151,California
Alpine,2021-01-20,21,177,0,13,21,164,0,0,21,167,0,5,21,172,California
Alpine,2021-01-21,1,178,0,13,1,165,0,0,1,168,0,5,1,173,California
Alpine,2021-01-22,32,210,0,13,32,197,0,0,32,200,0,5,32,205,California
Alpine,2021-01-23,1,211,1,14,0,197,0,0,0,199,1,6,0,205,California
Alpine,2021-01-25,16,227,0,14,16,213,0,0,16,215,0,6,16,221,California
Alpine,2021-01-27,1,228,1,15,0,213,0,0,0,214,1,7,0,221,California
Alpine,2021-01-28,1,229,0,15,1,214,0,0,0,213,1,8,0,221,California
Alpine,2021-01-29,1,230,0,15,1,215,0,0,1,214,0,8,1,222,California
Alpine,2021-02-01,25,255,0,15,25,240,0,0,7,203,18,26,7,229,California
Alpine,2021-02-03,34,289,0,15,34,274,0,0,10,189,24,50,10,239,California
Alpine,2021-02-04,8,297,0,15,8,282,0,0,3,187,5,55,3,242,California
Alpine,2021-02-05,31,328,0,15,31,313,0,0,12,180,19,74,12,254,California
Alpine,2021-02-06,1,329,1,16,0,313,0,0,1,181,0,74,1,255,California
Alpine,2021-02-07,1,330,1,17,0,313,0,0,1,182,0,74,1,256,California
Alpine,2021-02-08,32,362,0,17,32,345,0,0,4,158,28,102,4,260,California
Alpine,2021-02-10,34,396,0,17,34,379,0,0,0,124,34,136,0,260,California
Alpine,2021-02-11,6,402,0,17,6,385,0,0,3,124,3,139,3,263,California
Alpine,2021-02-12,1,403,0,17,1,386,0,0,0,123,1,140,0,263,California
Alpine,2021-02-17,23,426,0,17,23,409,0,0,3,106,20,160,3,266,California
Alpine,2021-02-18,2,428,0,17,2,411,0,0,1,106,1,161,1,267,California
Alpine,2021-02-19,34,462,1,18,33,444,0,0,2,76,32,193,2,269,California
Alpine,2021-02-22,27,489,0,18,27,471,0,0,8,65,19,212,8,277,California
Alpine,2021-02-24,1,490,1,19,0,471,0,0,1,66,0,212,1,278,California
Alpine,2021-02-25,6,496,1,20,5,476,0,0,6,72,0,212,6,284,California
Alpine,2021-02-26,29,525,1,21,28,504,0,0,28,99,1,213,28,312,California
Alpine,2021-02-27,1,526,0,21,1,505,0,0,1,100,0,213,1,313,California
Alpine,2021-03-01,35,561,0,21,35,540,0,0,25,115,10,223,25,338,California
Alpine,2021-03-02,1,562,1,22,0,540,0,0,0,114,1,224,0,338,California
Alpine,2021-03-03,30,592,1,23,29,569,0,0,18,120,12,236,18,356,California
Alpine,2021-03-04,11,603,1,24,10,579,0,0,11,131,0,236,11,367,California
Alpine,2021-03-05,30,633,0,24,30,609,0,0,22,145,8,244,22,389,California
Alpine,2021-03-08,31,664,0,24,31,640,0,0,29,172,2,246,29,418,California
Alpine,2021-03-10,73,737,0,24,73,713,0,0,73,245,0,246,73,491,California
Alpine,2021-03-11,36,773,0,24,36,749,0,0,32,273,4,250,32,523,California
Alpine,2021-03-12,19,792,0,24,19,768,0,0,17,288,2,252,17,540,California
Alpine,2021-03-15,21,813,1,25,20,788,0,0,20,307,1,253,20,560,California
Alpine,2021-03-17,23,836,0,25,22,810,1,1,19,323,4,257,20,580,California
Alpine,2021-03-18,38,874,3,28,35,845,0,1,35,355,3,260,35,615,California
Alpine,2021-03-19,2,876,1,29,1,846,0,1,1,355,1,261,1,616,California
Alpine,2021-03-22,24,900,0,29,24,870,0,1,15,361,9,270,15,631,California
Alpine,2021-03-24,19,919,0,29,19,889,0,1,9,360,10,280,9,640,California
Alpine,2021-03-25,35,954,1,30,33,922,1,2,28,382,7,287,29,669,California
Alpine,2021-03-27,1,955,0,30,1,923,0,2,0,381,1,288,0,669,California
Alpine,2021-03-28,1,956,1,31,0,923,0,2,1,382,0,288,1,670,California
Alpine,2021-03-29,19,975,0,31,18,941,1,3,2,368,17,305,3,673,California
Alpine,2021-04-01,16,991,0,31,16,957,0,3,7,366,9,314,7,680,California
Alpine,2021-04-02,100,1091,1,32,99,1056,0,3,46,359,53,367,46,726,California
Alpine,2021-04-05,4,1095,1,33,3,1059,0,3,0,355,4,371,0,726,California
Alpine,2021-04-06,3,1098,2,35,1,1060,0,3,2,356,1,372,2,728,California
Alpine,2021-04-07,116,1214,0,35,115,1175,1,4,29,300,86,458,30,758,California
Alpine,2021-04-08,38,1252,0,35,36,1211,2,6,10,284,28,486,12,770,California
Alpine,2021-04-09,1,1253,0,35,1,1212,0,6,1,285,0,486,1,771,California
Alpine,2021-04-14,47,1300,0,35,47,1259,0,6,10,258,37,523,10,781,California
Alpine,2021-04-15,35,1335,0,35,35,1294,0,6,3,229,32,555,3,784,California
Alpine,2021-04-16,1,1336,0,35,1,1295,0,6,1,230,0,555,1,785,California
Alpine,2021-04-19,1,1337,0,35,1,1296,0,6,1,231,0,555,1,786,California
Alpine,2021-04-21,31,1368,0,35,31,1327,0,6,15,230,16,571,15,801,California
Alpine,2021-04-22,24,1392,0,35,24,1351,0,6,1,208,23,594,1,802,California
Alpine,2021-04-24,2,1394,2,37,0,1351,0,6,0,207,2,596,1,803,California
Alpine,2021-04-25,1,1395,1,38,0,1351,0,6,0,206,1,597,0,803,California
Alpine,2021-04-27,2,1397,1,39,1,1352,0,6,1,206,1,598,1,804,California
Alpine,2021-04-28,36,1433,0,39,36,1388,0,6,6,182,30,628,6,810,California
Alpine,2021-04-29,6,1439,1,40,5,1393,0,6,2,180,4,632,2,812,California
Alpine,2021-04-30,2,1441,1,41,0,1393,1,7,1,181,1,633,2,814,California
Amador,2020-12-16,2,2,2,2,0,0,0,0,2,2,0,0,2,2,California
Amador,2020-12-17,5,7,5,7,0,0,0,0,5,7,0,0,5,7,California
Amador,2020-12-18,45,52,45,52,0,0,0,0,45,52,0,0,45,52,California
Amador,2020-12-19,17,69,17,69,0,0,0,0,17,69,0,0,17,69,California
Amador,2020-12-20,4,73,4,73,0,0,0,0,4,73,0,0,4,73,California
Amador,2020-12-21,31,104,31,104,0,0,0,0,31,104,0,0,31,104,California
Amador,2020-12-22,35,139,34,138,1,1,0,0,35,139,0,0,35,139,California
Amador,2020-12-23,39,178,38,176,1,2,0,0,39,178,0,0,39,178,California
Amador,2020-12-24,5,183,3,179,2,4,0,0,5,183,0,0,5,183,California
Amador,2020-12-26,5,188,4,183,1,5,0,0,5,188,0,0,5,188,California
Amador,2020-12-27,1,189,0,183,1,6,0,0,1,189,0,0,1,189,California
Amador,2020-12-28,31,220,27,210,4,10,0,0,31,220,0,0,31,220,California
Amador,2020-12-29,26,246,19,229,7,17,0,0,26,246,0,0,26,246,California
Amador,2020-12-30,124,370,78,307,46,63,0,0,124,370,0,0,124,370,California
Amador,2020-12-31,191,561,166,473,25,88,0,0,191,561,0,0,191,561,California
Amador,2021-01-01,2,563,0,473,2,90,0,0,2,563,0,0,2,563,California
Amador,2021-01-02,56,619,56,529,0,90,0,0,56,619,0,0,56,619,California
Amador,2021-01-03,65,684,17,546,48,138,0,0,65,684,0,0,65,684,California
Amador,2021-01-04,124,808,1,547,123,261,0,0,124,808,0,0,124,808,California
Amador,2021-01-05,33,841,3,550,30,291,0,0,31,838,2,2,32,840,California
Amador,2021-01-06,40,881,10,560,30,321,0,0,36,870,4,6,36,876,California
Amador,2021-01-07,228,1109,69,629,159,480,0,0,216,1074,12,18,216,1092,California
Amador,2021-01-08,84,1193,70,699,14,494,0,0,40,1071,44,62,41,1133,California
Amador,2021-01-09,11,1204,11,710,0,494,0,0,2,1064,9,71,2,1135,California
Amador,2021-01-10,6,1210,4,714,2,496,0,0,2,1062,4,75,2,1137,California
Amador,2021-01-11,124,1334,44,758,80,576,0,0,88,1115,36,111,89,1226,California
Amador,2021-01-12,64,1398,49,807,15,591,0,0,40,1131,24,135,40,1266,California
Amador,2021-01-13,38,1436,23,830,15,606,0,0,26,1145,12,147,26,1292,California
Amador,2021-01-14,146,1582,20,850,126,732,0,0,136,1271,10,157,136,1428,California
Amador,2021-01-15,55,1637,24,874,31,763,0,0,48,1312,7,164,48,1476,California
Amador,2021-01-16,19,1656,12,886,7,770,0,0,13,1320,6,170,14,1490,California
Amador,2021-01-17,25,1681,5,891,20,790,0,0,25,1345,0,170,25,1515,California
Amador,2021-01-18,32,1713,28,919,4,794,0,0,10,1333,22,192,10,1525,California
Amador,2021-01-19,121,1834,96,1015,25,819,0,0,77,1366,44,236,77,1602,California
Amador,2021-01-20,184,2018,34,1049,150,969,0,0,168,1519,15,251,168,1770,California
Amador,2021-01-21,253,2271,222,1271,31,1000,0,0,144,1555,109,360,145,1915,California
Amador,2021-01-22,134,2405,72,1343,62,1062,0,0,127,1675,7,367,127,2042,California
Amador,2021-01-23,52,2457,32,1375,20,1082,0,0,50,1723,2,369,50,2092,California
Amador,2021-01-24,28,2485,12,1387,16,1098,0,0,25,1745,3,372,25,2117,California
Amador,2021-01-25,59,2544,28,1415,31,1129,0,0,42,1770,17,389,42,2159,California
Amador,2021-01-26,244,2788,16,1431,228,1357,0,0,234,1994,10,399,234,2393,California
Amador,2021-01-27,296,3084,30,1461,266,1623,0,0,249,2199,45,444,250,2643,California
Amador,2021-01-28,346,3430,76,1537,270,1893,0,0,285,2424,61,505,286,2929,California
Amador,2021-01-29,96,3526,31,1568,65,1958,0,0,81,2490,15,520,81,3010,California
Amador,2021-01-30,168,3694,35,1603,133,2091,0,0,163,2648,5,525,163,3173,California
Amador,2021-01-31,32,3726,28,1631,4,2095,0,0,31,2678,1,526,31,3204,California
Amador,2021-02-01,63,3789,23,1654,40,2135,0,0,36,2687,27,553,36,3240,California
Amador,2021-02-02,211,4000,63,1717,148,2283,0,0,126,2731,82,635,126,3366,California
Amador,2021-02-03,141,4141,38,1755,103,2386,0,0,90,2771,50,685,90,3456,California
Amador,2021-02-04,250,4391,74,1829,176,2562,0,0,164,2851,86,771,166,3622,California
Amador,2021-02-05,331,4722,63,1892,268,2830,0,0,315,3150,16,787,315,3937,California
Amador,2021-02-06,99,4821,80,1972,19,2849,0,0,95,3241,4,791,95,4032,California
Amador,2021-02-07,39,4860,35,2007,4,2853,0,0,35,3273,4,795,36,4068,California
Amador,2021-02-08,90,4950,62,2069,28,2881,0,0,73,3329,17,812,73,4141,California
Amador,2021-02-09,175,5125,83,2152,92,2973,0,0,110,3374,65,877,110,4251,California
Amador,2021-02-10,976,6101,80,2232,896,3869,0,0,943,4284,33,910,943,5194,California
Amador,2021-02-11,307,6408,119,2351,188,4057,0,0,201,4380,105,1015,201,5395,California
Amador,2021-02-12,327,6735,120,2471,207,4264,0,0,255,4563,72,1087,255,5650,California
Amador,2021-02-13,165,6900,81,2552,84,4348,0,0,139,4676,26,1113,139,5789,California
Amador,2021-02-14,124,7024,54,2606,70,4418,0,0,107,4766,17,1130,107,5896,California
Amador,2021-02-15,185,7209,60,2666,125,4543,0,0,168,4918,16,1146,168,6064,California
Amador,2021-02-16,464,7673,53,2719,411,4954,0,0,425,5305,39,1185,426,6490,California
Amador,2021-02-17,260,7933,81,2800,179,5133,0,0,164,5373,96,1281,164,6654,California
Amador,2021-02-18,398,8331,99,2899,299,5432,0,0,336,5648,62,1343,337,6991,California
Amador,2021-02-19,194,8525,77,2976,117,5549,0,0,111,5676,83,1426,111,7102,California
Amador,2021-02-20,92,8617,31,3007,61,5610,0,0,64,5712,28,1454,64,7166,California
Amador,2021-02-21,45,8662,34,3041,11,5621,0,0,15,5697,30,1484,15,7181,California
Amador,2021-02-22,63,8725,24,3065,39,5660,0,0,32,5699,30,1514,32,7213,California
Amador,2021-02-23,318,9043,54,3119,264,5924,0,0,138,5658,180,1694,139,7352,California
Amador,2021-02-24,393,9436,56,3175,337,6261,0,0,263,5795,126,1820,263,7615,California
Amador,2021-02-25,521,9957,116,3291,405,6666,0,0,280,5835,240,2060,280,7895,California
Amador,2021-02-26,609,10566,75,3366,534,7200,0,0,503,6233,106,2166,504,8399,California
Amador,2021-02-27,288,10854,93,3459,195,7395,0,0,100,6148,187,2353,102,8501,California
Amador,2021-02-28,102,10956,52,3511,50,7445,0,0,56,6161,46,2399,59,8560,California
Amador,2021-03-01,188,11144,66,3577,122,7567,0,0,119,6212,69,2468,120,8680,California
Amador,2021-03-02,379,11523,63,3640,316,7883,0,0,329,6492,50,2518,330,9010,California
Amador,2021-03-03,242,11765,79,3719,163,8046,0,0,167,6586,74,2592,168,9178,California
Amador,2021-03-04,496,12261,117,3836,379,8425,0,0,393,6876,103,2695,393,9571,California
Amador,2021-03-05,511,12772,77,3913,434,8859,0,0,293,6954,217,2912,295,9866,California
Amador,2021-03-06,99,12871,45,3958,53,8912,1,1,54,6964,45,2957,55,9921,California
Amador,2021-03-07,63,12934,42,4000,21,8933,0,1,20,6941,43,3000,20,9941,California
Amador,2021-03-08,152,13086,71,4071,80,9013,1,2,91,6972,61,3061,92,10033,California
Amador,2021-03-09,370,13456,50,4121,320,9333,0,2,292,7189,75,3136,292,10325,California
Amador,2021-03-10,509,13965,75,4196,432,9765,2,4,111,6905,398,3534,114,10439,California
Amador,2021-03-11,471,14436,115,4311,345,10110,11,15,299,7047,171,3705,313,10752,California
Amador,2021-03-12,568,15004,65,4376,495,10605,8,23,337,7167,230,3935,350,11102,California
Amador,2021-03-13,114,15118,18,4394,89,10694,7,30,74,7212,40,3975,85,11187,California
Amador,2021-03-14,90,15208,19,4413,68,10762,3,33,21,7167,69,4044,24,11211,California
Amador,2021-03-15,176,15384,25,4438,144,10906,7,40,53,7106,123,4167,62,11273,California
Amador,2021-03-16,447,15831,54,4492,383,11289,10,50,137,6945,308,4475,147,11420,California
Amador,2021-03-17,192,16023,42,4534,147,11436,3,53,116,6989,76,4551,120,11540,California
Amador,2021-03-18,475,16498,98,4632,373,11809,4,57,248,7019,227,4778,257,11797,California
Amador,2021-03-19,540,17038,56,4688,467,12276,17,74,391,7283,147,4925,411,12208,California
Amador,2021-03-20,110,17148,45,4733,64,12340,1,75,47,7271,62,4987,50,12258,California
Amador,2021-03-21,48,17196,36,4769,11,12351,1,76,31,7289,16,5003,34,12292,California
Amador,2021-03-22,113,17309,32,4801,52,12403,29,105,49,7303,64,5067,78,12370,California
Amador,2021-03-23,432,17741,47,4848,377,12780,8,113,275,7430,156,5223,283,12653,California
Amador,2021-03-24,341,18082,35,4883,54,12834,252,365,34,7410,306,5529,286,12939,California
Amador,2021-03-25,600,18682,81,4964,513,13347,6,371,389,7595,210,5739,395,13334,California
Amador,2021-03-26,739,19421,44,5008,689,14036,6,377,283,7433,454,6193,292,13626,California
Amador,2021-03-27,91,19512,15,5023,74,14110,2,379,27,7400,64,6257,31,13657,California
Amador,2021-03-28,68,19580,15,5038,51,14161,2,381,14,7364,53,6310,17,13674,California
Amador,2021-03-29,179,19759,26,5064,152,14313,1,382,81,7355,96,6406,87,13761,California
Amador,2021-03-30,527,20286,27,5091,499,14812,1,383,291,7412,235,6641,292,14053,California
Amador,2021-03-31,199,20485,56,5147,138,14950,5,388,43,7304,156,6797,48,14101,California
Amador,2021-04-01,612,21097,87,5234,525,15475,0,388,263,7222,347,7144,265,14366,California
Amador,2021-04-02,598,21695,36,5270,550,16025,12,400,379,7396,218,7362,392,14758,California
Amador,2021-04-03,82,21777,19,5289,43,16068,20,420,20,7375,62,7424,41,14799,California
Amador,2021-04-04,38,21815,3,5292,29,16097,6,426,15,7373,23,7447,21,14820,California
Amador,2021-04-05,144,21959,53,5345,74,16171,17,443,50,7348,93,7540,68,14888,California
Amador,2021-04-06,502,22461,37,5382,446,16617,19,462,222,7311,278,7818,241,15129,California
Amador,2021-04-07,100,22561,34,5416,47,16664,19,481,44,7320,54,7872,63,15192,California
Amador,2021-04-08,493,23054,83,5499,389,17053,21,502,220,7289,272,8144,241,15433,California
Amador,2021-04-09,482,23536,21,5520,442,17495,19,521,213,7251,268,8412,230,15663,California
Amador,2021-04-10,50,23586,14,5534,27,17522,9,530,22,7254,28,8440,31,15694,California
Amador,2021-04-11,49,23635,24,5558,21,17543,4,534,23,7255,26,8466,27,15721,California
Amador,2021-04-12,98,23733,26,5584,62,17605,10,544,42,7251,56,8522,52,15773,California
Amador,2021-04-13,343,24076,50,5634,293,17898,0,544,68,7045,274,8796,68,15841,California
Amador,2021-04-14,276,24352,26,5660,250,18148,0,544,175,7120,100,8896,175,16016,California
Amador,2021-04-15,329,24681,72,5732,257,18405,0,544,73,6942,251,9147,73,16089,California
Amador,2021-04-16,483,25164,29,5761,454,18859,0,544,385,7231,96,9243,385,16474,California
Amador,2021-04-17,61,25225,35,5796,26,18885,0,544,27,7224,34,9277,27,16501,California
Amador,2021-04-18,25,25250,5,5801,20,18905,0,544,11,7221,14,9291,11,16512,California
Amador,2021-04-19,69,25319,27,5828,42,18947,0,544,31,7217,37,9328,33,16545,California
Amador,2021-04-20,436,25755,54,5882,382,19329,0,544,111,7012,318,9646,113,16658,California
Amador,2021-04-21,85,25840,34,5916,51,19380,0,544,43,7014,41,9687,43,16701,California
Amador,2021-04-22,489,26329,73,5989,415,19795,1,545,104,6741,378,10065,105,16806,California
Amador,2021-04-23,355,26684,44,6033,311,20106,0,545,285,6959,69,10134,287,17093,California
Amador,2021-04-24,45,26729,23,6056,22,20128,0,545,25,6964,20,10154,25,17118,California
Amador,2021-04-25,37,26766,19,6075,18,20146,0,545,25,6977,12,10166,25,17143,California
Amador,2021-04-26,81,26847,26,6101,54,20200,1,546,39,6976,41,10207,40,17183,California
Amador,2021-04-27,481,27328,36,6137,445,20645,0,546,85,6667,394,10601,85,17268,California
Amador,2021-04-28,65,27393,28,6165,34,20679,3,549,38,6681,27,10628,41,17309,California
Amador,2021-04-29,215,27608,66,6231,42,20721,107,656,58,6689,157,10785,165,17474,California
Amador,2021-04-30,320,27928,23,6254,293,21014,4,660,84,6541,236,11021,88,17562,California
Amador,2021-05-01,18,27946,6,6260,8,21022,4,664,7,6542,10,11031,11,17573,California
Amador,2021-05-02,9,27955,3,6263,4,21026,2,666,4,6544,5,11036,7,17580,California
Amador,2021-05-03,30,27985,18,6281,9,21035,3,669,21,6559,9,11045,24,17604,California
Amador,2021-05-04,244,28229,20,6301,220,21255,4,673,46,6411,198,11243,50,17654,California
Butte,2020-12-16,3,3,3,3,0,0,0,0,3,3,0,0,3,3,California
Butte,2020-12-17,21,24,21,24,0,0,0,0,21,24,0,0,21,24,California
Butte,2020-12-18,50,74,50,74,0,0,0,0,50,74,0,0,50,74,California
Butte,2020-12-19,7,81,7,81,0,0,0,0,7,81,0,0,7,81,California
Butte,2020-12-20,10,91,10,91,0,0,0,0,10,91,0,0,10,91,California
Butte,2020-12-21,634,725,634,725,0,0,0,0,634,725,0,0,634,725,California
Butte,2020-12-22,617,1342,615,1340,2,2,0,0,617,1342,0,0,617,1342,California
Butte,2020-12-23,869,2211,853,2193,16,18,0,0,869,2211,0,0,869,2211,California
Butte,2020-12-24,159,2370,156,2349,3,21,0,0,159,2370,0,0,159,2370,California
Butte,2020-12-26,93,2463,91,2440,2,23,0,0,93,2463,0,0,93,2463,California
Butte,2020-12-27,35,2498,34,2474,1,24,0,0,35,2498,0,0,35,2498,California
Butte,2020-12-28,279,2777,273,2747,6,30,0,0,279,2777,0,0,279,2777,California
Butte,2020-12-29,203,2980,179,2926,24,54,0,0,203,2980,0,0,203,2980,California
Butte,2020-12-30,503,3483,291,3217,212,266,0,0,503,3483,0,0,503,3483,California
Butte,2020-12-31,211,3694,18,3235,193,459,0,0,211,3694,0,0,211,3694,California
Butte,2021-01-01,8,3702,1,3236,7,466,0,0,8,3702,0,0,8,3702,California
Butte,2021-01-02,41,3743,38,3274,3,469,0,0,41,3743,0,0,41,3743,California
Butte,2021-01-03,4,3747,1,3275,3,472,0,0,4,3747,0,0,4,3747,California
Butte,2021-01-04,208,3955,175,3450,33,505,0,0,208,3955,0,0,208,3955,California
Butte,2021-01-05,196,4151,151,3601,45,550,0,0,195,4149,1,1,195,4150,California
Butte,2021-01-06,623,4774,397,3998,226,776,0,0,618,4763,5,6,619,4769,California
Butte,2021-01-07,762,5536,370,4368,392,1168,0,0,742,5485,20,26,742,5511,California
Butte,2021-01-08,656,6192,529,4897,127,1295,0,0,610,6049,46,72,610,6121,California
Butte,2021-01-09,12,6204,7,4904,5,1300,0,0,7,6051,5,77,7,6128,California
Butte,2021-01-10,19,6223,5,4909,14,1314,0,0,14,6060,5,82,14,6142,California
Butte,2021-01-11,985,7208,949,5858,36,1350,0,0,357,5792,628,710,360,6502,California
Butte,2021-01-12,697,7905,652,6510,45,1395,0,0,274,5643,423,1133,274,6776,California
Butte,2021-01-13,1449,9354,955,7465,494,1889,0,0,615,5426,834,1967,617,7393,California
Butte,2021-01-14,1637,10991,896,8361,741,2630,0,0,1440,6670,196,2163,1440,8833,California
Butte,2021-01-15,1168,12159,926,9287,242,2872,0,0,1059,7619,110,2273,1059,9892,California
Butte,2021-01-16,586,12745,300,9587,286,3158,0,0,541,8115,45,2318,541,10433,California
Butte,2021-01-17,239,12984,64,9651,175,3333,0,0,202,8280,37,2355,202,10635,California
Butte,2021-01-18,342,13326,301,9952,41,3374,0,0,275,8489,66,2421,275,10910,California
Butte,2021-01-19,494,13820,429,10381,65,3439,0,0,221,8437,273,2694,221,11131,California
Butte,2021-01-20,1346,15166,665,11046,681,4120,0,0,1043,9177,303,2997,1043,12174,California
Butte,2021-01-21,1474,16640,866,11912,608,4728,0,0,1366,10436,107,3104,1366,13540,California
Butte,2021-01-22,1112,17752,453,12365,659,5387,0,0,1059,11442,53,3157,1059,14599,California
Butte,2021-01-23,127,17879,85,12450,42,5429,0,0,101,11517,26,3183,101,14700,California
Butte,2021-01-24,9,17888,7,12457,2,5431,0,0,9,11526,0,3183,9,14709,California
Butte,2021-01-25,656,18544,336,12793,320,5751,0,0,493,11856,163,3346,493,15202,California
Butte,2021-01-26,1467,20011,377,13170,1090,6841,0,0,1330,13049,137,3483,1330,16532,California
Butte,2021-01-27,2081,22092,705,13875,1376,8217,0,0,1362,13693,718,4201,1362,17894,California
Butte,2021-01-28,2263,24355,262,14137,2001,10218,0,0,1952,15335,310,4511,1952,19846,California
Butte,2021-01-29,1686,26041,488,14625,1198,11416,0,0,1307,16264,378,4889,1307,21153,California
Butte,2021-01-30,32,26073,9,14634,23,11439,0,0,29,16290,3,4892,29,21182,California
Butte,2021-01-31,17,26090,15,14649,2,11441,0,0,16,16305,1,4893,16,21198,California
Butte,2021-02-01,1749,27839,406,15055,1343,12784,0,0,1361,17280,386,5279,1361,22559,California
Butte,2021-02-02,1930,29769,362,15417,1568,14352,0,0,1627,18603,304,5583,1627,24186,California
Butte,2021-02-03,2733,32502,772,16189,1961,16313,0,0,1843,19558,888,6471,1843,26029,California
Butte,2021-02-04,2959,35461,327,16516,2632,18945,0,0,2404,21409,553,7024,2404,28433,California
Butte,2021-02-05,1252,36713,663,17179,589,19534,0,0,549,21263,703,7727,557,28990,California
Butte,2021-02-06,144,36857,103,17282,41,19575,0,0,62,21243,82,7809,62,29052,California
Butte,2021-02-07,37,36894,33,17315,4,19579,0,0,13,21232,24,7833,13,29065,California
Butte,2021-02-08,690,37584,541,17856,149,19728,0,0,238,21018,452,8285,238,29303,California
Butte,2021-02-09,951,38535,457,18313,494,20222,0,0,724,21515,227,8512,724,30027,California
Butte,2021-02-10,1706,40241,1190,19503,516,20738,0,0,697,21205,1007,9519,697,30724,California
Butte,2021-02-11,2200,42441,1348,20851,852,21590,0,0,1004,21013,1196,10715,1004,31728,California
Butte,2021-02-12,984,43425,416,21267,568,22158,0,0,333,20707,649,11364,343,32071,California
Butte,2021-02-13,252,43677,44,21311,208,22366,0,0,150,20755,102,11466,150,32221,California
Butte,2021-02-14,161,43838,9,21320,152,22518,0,0,156,20906,5,11471,156,32377,California
Butte,2021-02-15,264,44102,48,21368,216,22734,0,0,198,21038,66,11537,198,32575,California
Butte,2021-02-16,733,44835,432,21800,301,23035,0,0,275,20856,459,11996,277,32852,California
Butte,2021-02-17,1513,46348,847,22647,666,23701,0,0,841,21027,670,12666,841,33693,California
Butte,2021-02-18,1555,47903,761,23408,794,24495,0,0,747,20966,808,13474,747,34440,California
Butte,2021-02-19,1166,49069,387,23795,779,25274,0,0,401,20609,758,14232,401,34841,California
Butte,2021-02-20,474,49543,29,23824,445,25719,0,0,121,20378,352,14584,121,34962,California
Butte,2021-02-21,16,49559,14,23838,2,25721,0,0,11,20384,5,14589,11,34973,California
Butte,2021-02-22,1497,51056,296,24134,1201,26922,0,0,380,19650,1114,15703,380,35353,California
Butte,2021-02-23,1633,52689,297,24431,1336,28258,0,0,463,18948,1165,16868,463,35816,California
Butte,2021-02-24,2135,54824,597,25028,1538,29796,0,0,729,18279,1398,18266,729,36545,California
Butte,2021-02-25,2074,56898,575,25603,1499,31295,0,0,651,17513,1418,19684,652,37197,California
Butte,2021-02-26,922,57820,312,25915,610,31905,0,0,399,17392,520,20204,399,37596,California
Butte,2021-02-27,234,58054,47,25962,187,32092,0,0,186,17532,46,20250,186,37782,California
Butte,2021-02-28,140,58194,16,25978,124,32216,0,0,132,17656,8,20258,132,37914,California
Butte,2021-03-01,1627,59821,178,26156,1448,33664,1,1,328,16689,1296,21554,329,38243,California
Butte,2021-03-02,1742,61563,196,26352,1546,35210,0,1,309,15569,1429,22983,309,38552,California
Butte,2021-03-03,2781,64344,846,27198,1935,37145,0,1,481,13751,2299,25282,481,39033,California
Butte,2021-03-04,3135,67479,672,27870,2463,39608,0,1,618,11853,2516,27798,618,39651,California
Butte,2021-03-05,1348,68827,617,28487,730,40338,1,2,735,11979,610,28408,736,40387,California
Butte,2021-03-06,248,69075,28,28515,197,40535,23,25,186,12127,61,28469,209,40596,California
Butte,2021-03-07,55,69130,3,28518,35,40570,17,42,30,12149,25,28494,47,40643,California
Butte,2021-03-08,1265,70395,129,28647,1059,41629,77,119,1100,13164,162,28656,1177,41820,California
Butte,2021-03-09,1896,72291,276,28923,1517,43146,103,222,1410,14193,484,29140,1513,43333,California
Butte,2021-03-10,2319,74610,965,29888,1254,44400,100,322,1580,15138,734,29874,1679,45012,California
Butte,2021-03-11,2804,77414,1312,31200,1366,45766,126,448,1979,16429,814,30688,2105,47117,California
Butte,2021-03-12,1144,78558,329,31529,466,46232,349,797,355,16350,783,31471,704,47821,California
Butte,2021-03-13,253,78811,67,31596,137,46369,49,846,64,16273,189,31660,112,47933,California
Butte,2021-03-14,161,78972,15,31611,104,46473,42,888,21,16197,139,31799,63,47996,California
Butte,2021-03-15,1719,80691,359,31970,1067,47540,293,1181,1126,17028,588,32387,1419,49415,California
Butte,2021-03-16,1630,82321,417,32387,1135,48675,78,1259,1090,17658,537,32924,1167,50582,California
Butte,2021-03-17,1953,84274,1359,33746,513,49188,81,1340,1134,18061,811,33735,1214,51796,California
Butte,2021-03-18,1798,86072,1455,35201,214,49402,129,1469,1059,18515,733,34468,1187,52983,California
Butte,2021-03-19,699,86771,313,35514,302,49704,84,1553,345,18599,345,34813,429,53412,California
Butte,2021-03-20,205,86976,32,35546,157,49861,16,1569,93,18596,112,34925,109,53521,California
Butte,2021-03-21,58,87034,27,35573,2,49863,29,1598,15,18597,43,34968,44,53565,California
Butte,2021-03-22,1461,88495,353,35926,1014,50877,94,1692,1196,19624,263,35231,1290,54855,California
Butte,2021-03-23,1803,90298,489,36415,1200,52077,114,1806,1456,20850,344,35575,1570,56425,California
Butte,2021-03-24,2249,92547,1266,37681,857,52934,126,1932,1703,22136,542,36117,1828,58253,California
Butte,2021-03-25,1482,94029,1199,38880,192,53126,91,2023,1021,22790,458,36575,1112,59365,California
Butte,2021-03-26,1214,95243,443,39323,525,53651,246,2269,568,22966,638,37213,814,60179,California
Butte,2021-03-27,299,95542,83,39406,192,53843,24,2293,132,22956,164,37377,154,60333,California
Butte,2021-03-28,226,95768,43,39449,175,54018,8,2301,101,22942,122,37499,108,60441,California
Butte,2021-03-29,1720,97488,381,39830,1269,55287,70,2371,1306,23908,410,37909,1376,61817,California
Butte,2021-03-30,1038,98526,467,40297,481,55768,90,2461,496,23958,536,38445,586,62403,California
Butte,2021-03-31,1777,100303,1305,41602,405,56173,67,2528,1088,24430,683,39128,1155,63558,California
Butte,2021-04-01,3278,103581,2660,44262,491,56664,127,2655,2211,25707,1062,40190,2339,65897,California
Butte,2021-04-02,999,104580,418,44680,461,57125,120,2775,560,25955,431,40621,679,66576,California
Butte,2021-04-03,344,104924,45,44725,224,57349,75,2850,165,26016,179,40800,240,66816,California
Butte,2021-04-04,186,105110,23,44748,140,57489,23,2873,108,26071,76,40876,131,66947,California
Butte,2021-04-05,1959,107069,420,45168,1370,58859,169,3042,601,25489,1351,42227,769,67716,California
Butte,2021-04-06,2183,109252,616,45784,1147,60006,420,3462,785,25300,1392,43619,1203,68919,California
Butte,2021-04-07,3003,112255,1313,47097,1297,61303,393,3855,692,24080,2305,45924,1085,70004,California
Butte,2021-04-08,2720,114975,1186,48283,1269,62572,265,4120,437,22503,2279,48203,702,70706,California
Butte,2021-04-09,1364,116339,346,48629,538,63110,480,4600,326,22271,1035,49238,803,71509,California
Butte,2021-04-10,216,116555,46,48675,74,63184,96,4696,95,22341,120,49358,190,71699,California
Butte,2021-04-11,103,116658,42,48717,51,63235,10,4706,79,22408,22,49380,89,71788,California
Butte,2021-04-12,1408,118066,317,49034,958,64193,133,4839,254,21641,1154,50534,387,72175,California
Butte,2021-04-13,1637,119703,571,49605,1060,65253,6,4845,348,20714,1282,51816,355,72530,California
Butte,2021-04-14,2831,122534,2341,51946,490,65743,0,4845,1315,20519,1511,53327,1316,73846,California
Butte,2021-04-15,634,123168,390,52336,244,65987,0,4845,480,20848,151,53478,480,74326,California
Butte,2021-04-16,807,123975,414,52750,393,66380,0,4845,475,20994,329,53807,475,74801,California
Butte,2021-04-17,338,124313,61,52811,277,66657,0,4845,236,21130,100,53907,236,75037,California
Butte,2021-04-18,38,124351,8,52819,30,66687,0,4845,34,21160,4,53911,34,75071,California
Butte,2021-04-19,1558,125909,381,53200,1177,67864,0,4845,449,20503,1106,55017,449,75520,California
Butte,2021-04-20,1970,127879,718,53918,1252,69116,0,4845,778,20094,1187,56204,778,76298,California
Butte,2021-04-21,2051,129930,1166,55084,885,70001,0,4845,481,19011,1564,57768,481,76779,California
Butte,2021-04-22,2182,132112,1904,56988,278,70279,0,4845,607,18047,1571,59339,607,77386,California
Butte,2021-04-23,937,133049,437,57425,500,70779,0,4845,488,18087,448,59787,488,77874,California
Butte,2021-04-24,347,133396,140,57565,207,70986,0,4845,191,18122,156,59943,191,78065,California
Butte,2021-04-25,171,133567,67,57632,104,71090,0,4845,63,18077,108,60051,63,78128,California
Butte,2021-04-26,1468,135035,408,58040,1055,72145,5,4850,409,17435,1056,61107,414,78542,California
Butte,2021-04-27,902,135937,616,58656,261,72406,25,4875,547,17656,351,61458,572,79114,California
Butte,2021-04-28,1257,137194,816,59472,417,72823,24,4899,402,17233,850,62308,427,79541,California
Butte,2021-04-29,788,137982,463,59935,298,73121,27,4926,241,16958,543,62851,268,79809,California
Butte,2021-04-30,845,138827,369,60304,455,73576,21,4947,420,16978,420,63271,440,80249,California
Butte,2021-05-01,102,138929,12,60316,76,73652,14,4961,28,16947,73,63344,42,80291,California
Butte,2021-05-02,28,138957,5,60321,13,73665,10,4971,17,16963,11,63355,27,80318,California
Butte,2021-05-03,428,139385,148,60469,253,73918,27,4998,117,16803,304,63659,144,80462,California
Butte,2021-05-04,460,139845,200,60669,249,74167,11,5009,67,16495,386,64045,78,80540,California
Calaveras,2020-12-16,5,5,5,5,0,0,0,0,5,5,0,0,5,5,California
Calaveras,2020-12-17,3,8,3,8,0,0,0,0,3,8,0,0,3,8,California
Calaveras,2020-12-18,38,46,38,46,0,0,0,0,38,46,0,0,38,46,California
Calaveras,2020-12-19,3,49,3,49,0,0,0,0,3,49,0,0,3,49,California
Calaveras,2020-12-20,3,52,3,52,0,0,0,0,3,52,0,0,3,52,California
Calaveras,2020-12-21,55,107,48,100,7,7,0,0,55,107,0,0,55,107,California
Calaveras,2020-12-22,82,189,78,178,4,11,0,0,83,190,0,0,83,190,California
Calaveras,2020-12-23,76,265,74,252,2,13,0,0,76,266,0,0,76,266,California
Calaveras,2020-12-24,2,267,2,254,0,13,0,0,2,268,0,0,2,268,California
Calaveras,2020-12-26,3,270,3,257,0,13,0,0,3,271,0,0,3,271,California
Calaveras,2020-12-28,22,292,18,275,4,17,0,0,21,291,1,1,21,292,California
Calaveras,2020-12-29,168,460,148,423,20,37,0,0,168,459,0,1,168,460,California
Calaveras,2020-12-30,94,554,82,505,12,49,0,0,94,553,0,1,94,554,California
Calaveras,2020-12-31,35,589,25,530,10,59,0,0,35,588,0,1,35,589,California
Calaveras,2021-01-02,11,600,11,541,0,59,0,0,11,599,0,1,11,600,California
Calaveras,2021-01-03,10,610,4,545,6,65,0,0,10,609,0,1,10,610,California
Calaveras,2021-01-04,33,643,5,550,28,93,0,0,33,642,0,1,33,643,California
Calaveras,2021-01-05,40,683,9,559,31,124,0,0,32,671,8,9,37,680,California
Calaveras,2021-01-06,107,790,30,589,77,201,0,0,97,758,10,19,97,777,California
Calaveras,2021-01-07,105,895,26,615,79,280,0,0,92,840,11,30,93,870,California
Calaveras,2021-01-08,68,963,38,653,30,310,0,0,45,863,23,53,46,916,California
Calaveras,2021-01-09,5,968,5,658,0,310,0,0,2,862,3,56,2,918,California
Calaveras,2021-01-10,2,970,0,658,2,312,0,0,2,864,0,56,2,920,California
Calaveras,2021-01-11,65,1035,59,717,6,318,0,0,27,856,37,93,29,949,California
Calaveras,2021-01-12,85,1120,52,769,33,351,0,0,52,876,33,126,53,1002,California
Calaveras,2021-01-13,109,1229,44,813,65,416,0,0,75,918,34,160,76,1078,California
Calaveras,2021-01-14,137,1366,41,854,96,512,0,0,104,991,32,192,105,1183,California
Calaveras,2021-01-15,91,1457,29,883,62,574,0,0,71,1042,20,212,71,1254,California
Calaveras,2021-01-16,13,1470,2,885,11,585,0,0,12,1053,1,213,12,1266,California
Calaveras,2021-01-17,9,1479,1,886,8,593,0,0,9,1062,0,213,9,1275,California
Calaveras,2021-01-18,131,1610,19,905,112,705,0,0,118,1170,13,226,121,1396,California
Calaveras,2021-01-19,204,1814,174,1079,30,735,0,0,62,1092,141,367,63,1459,California
Calaveras,2021-01-20,376,2190,82,1161,294,1029,0,0,291,1308,84,451,300,1759,California
Calaveras,2021-01-21,462,2652,40,1201,422,1451,0,0,435,1722,27,478,441,2200,California
Calaveras,2021-01-22,401,3053,23,1224,378,1829,0,0,391,2110,10,488,398,2598,California
Calaveras,2021-01-23,22,3075,10,1234,12,1841,0,0,18,2124,4,492,18,2616,California
Calaveras,2021-01-24,13,3088,8,1242,5,1846,0,0,11,2133,2,494,11,2627,California
Calaveras,2021-01-25,85,3173,8,1250,77,1923,0,0,80,2208,5,499,80,2707,California
Calaveras,2021-01-26,47,3220,15,1265,32,1955,0,0,39,2239,8,507,39,2746,California
Calaveras,2021-01-27,133,3353,43,1308,90,2045,0,0,105,2317,27,534,105,2851,California
Calaveras,2021-01-28,163,3516,23,1331,140,2185,0,0,140,2437,23,557,143,2994,California
Calaveras,2021-01-29,386,3902,13,1344,373,2558,0,0,362,2783,24,581,370,3364,California
Calaveras,2021-01-30,27,3929,10,1354,17,2575,0,0,25,2808,0,581,25,3389,California
Calaveras,2021-01-31,6,3935,4,1358,2,2577,0,0,5,2812,1,582,5,3394,California
Calaveras,2021-02-01,24,3959,11,1369,13,2590,0,0,18,2824,6,588,18,3412,California
Calaveras,2021-02-02,108,4067,22,1391,86,2676,0,0,70,2861,34,622,71,3483,California
Calaveras,2021-02-03,429,4496,42,1433,387,3063,0,0,346,3126,82,704,347,3830,California
Calaveras,2021-02-04,379,4875,24,1457,355,3418,0,0,297,3341,82,786,297,4127,California
Calaveras,2021-02-05,78,4953,22,1479,56,3474,0,0,40,3344,38,824,41,4168,California
Calaveras,2021-02-06,21,4974,12,1491,9,3483,0,0,21,3365,0,824,21,4189,California
Calaveras,2021-02-07,4,4978,1,1492,3,3486,0,0,2,3365,2,826,2,4191,California
Calaveras,2021-02-08,38,5016,17,1509,21,3507,0,0,30,3389,6,832,30,4221,California
Calaveras,2021-02-09,190,5206,74,1583,116,3623,0,0,129,3463,55,887,129,4350,California
Calaveras,2021-02-10,512,5718,29,1612,483,4106,0,0,442,3838,70,957,445,4795,California
Calaveras,2021-02-11,583,6301,81,1693,502,4608,0,0,475,4209,105,1062,476,5271,California
Calaveras,2021-02-12,569,6870,325,2018,244,4852,0,0,493,4630,74,1136,495,5766,California
Calaveras,2021-02-13,193,7063,37,2055,156,5008,0,0,178,4793,15,1151,178,5944,California
Calaveras,2021-02-14,220,7283,71,2126,149,5157,0,0,206,4985,14,1165,206,6150,California
Calaveras,2021-02-15,383,7666,22,2148,361,5518,0,0,263,5131,117,1282,263,6413,California
Calaveras,2021-02-16,267,7933,143,2291,124,5642,0,0,231,5326,36,1318,231,6644,California
Calaveras,2021-02-17,509,8442,38,2329,471,6113,0,0,211,5248,290,1608,212,6856,California
Calaveras,2021-02-18,499,8941,91,2420,408,6521,0,0,99,4957,390,1998,99,6955,California
Calaveras,2021-02-19,439,9380,43,2463,396,6917,0,0,98,4724,331,2329,98,7053,California
Calaveras,2021-02-20,59,9439,15,2478,44,6961,0,0,48,4761,11,2340,48,7101,California
Calaveras,2021-02-21,23,9462,14,2492,9,6970,0,0,19,4776,4,2344,19,7120,California
Calaveras,2021-02-22,62,9524,38,2530,24,6994,0,0,33,4780,29,2373,33,7153,California
Calaveras,2021-02-23,125,9649,40,2570,85,7079,0,0,89,4834,36,2409,90,7243,California
Calaveras,2021-02-24,96,9745,47,2617,49,7128,0,0,66,4871,29,2438,66,7309,California
Calaveras,2021-02-25,548,10293,98,2715,450,7578,0,0,358,5042,187,2625,358,7667,California
Calaveras,2021-02-26,704,10997,46,2761,658,8236,0,0,368,5091,321,2946,370,8037,California
Calaveras,2021-02-27,202,11199,21,2782,181,8417,0,0,179,5247,23,2969,179,8216,California
Calaveras,2021-02-28,98,11297,15,2797,83,8500,0,0,93,5336,4,2973,93,8309,California
Calaveras,2021-03-01,226,11523,40,2837,186,8686,0,0,146,5404,79,3052,147,8456,California
Calaveras,2021-03-02,243,11766,91,2928,152,8838,0,0,201,5566,40,3092,202,8658,California
Calaveras,2021-03-03,510,12276,103,3031,407,9245,0,0,213,5486,293,3385,213,8871,California
Calaveras,2021-03-04,738,13014,64,3095,673,9918,1,1,349,5454,383,3768,351,9222,California
Calaveras,2021-03-05,456,13470,271,3366,181,10099,4,5,141,5288,311,4079,145,9367,California
Calaveras,2021-03-06,155,13625,42,3408,107,10206,6,11,122,5383,33,4112,128,9495,California
Calaveras,2021-03-07,75,13700,32,3440,36,10242,7,18,34,5383,41,4153,41,9536,California
Calaveras,2021-03-08,162,13862,26,3466,128,10370,8,26,128,5486,33,4186,136,9672,California
Calaveras,2021-03-09,361,14223,136,3602,219,10589,6,32,32,5198,326,4512,38,9710,California
Calaveras,2021-03-10,415,14638,27,3629,385,10974,3,35,57,4904,354,4866,60,9770,California
Calaveras,2021-03-11,844,15482,417,4046,414,11388,13,48,428,4931,414,5280,441,10211,California
Calaveras,2021-03-12,399,15881,212,4258,177,11565,10,58,326,5201,72,5352,342,10553,California
Calaveras,2021-03-13,176,16057,16,4274,152,11717,8,66,142,5320,33,5385,152,10705,California
Calaveras,2021-03-14,155,16212,10,4284,144,11861,1,67,17,5207,138,5523,25,10730,California
Calaveras,2021-03-15,331,16543,47,4331,258,12119,26,93,52,5011,278,5801,82,10812,California
Calaveras,2021-03-16,685,17228,550,4881,115,12234,20,113,545,5438,138,5939,565,11377,California
Calaveras,2021-03-17,279,17507,52,4933,213,12447,14,127,51,5278,226,6165,66,11443,California
Calaveras,2021-03-18,665,18172,570,5503,80,12527,15,142,550,5730,115,6280,567,12010,California
Calaveras,2021-03-19,231,18403,50,5553,107,12634,74,216,56,5688,171,6451,129,12139,California
Calaveras,2021-03-20,79,18482,20,5573,58,12692,1,217,23,5657,56,6507,25,12164,California
Calaveras,2021-03-21,48,18530,31,5604,6,12698,11,228,13,5646,35,6542,24,12188,California
Calaveras,2021-03-22,79,18609,36,5640,22,12720,21,249,25,5638,54,6596,46,12234,California
Calaveras,2021-03-23,292,18901,204,5844,78,12798,10,259,114,5592,170,6766,124,12358,California
Calaveras,2021-03-24,132,19033,50,5894,72,12870,10,269,43,5557,88,6854,53,12411,California
Calaveras,2021-03-25,738,19771,100,5994,635,13505,3,272,446,5717,289,7143,449,12860,California
Calaveras,2021-03-26,426,20197,28,6022,392,13897,6,278,89,5480,334,7477,97,12957,California
Calaveras,2021-03-27,212,20409,19,6041,189,14086,4,282,38,5353,171,7648,44,13001,California
Calaveras,2021-03-28,112,20521,12,6053,98,14184,2,284,8,5261,103,7751,11,13012,California
Calaveras,2021-03-29,175,20696,21,6074,151,14335,3,287,56,5204,117,7868,60,13072,California
Calaveras,2021-03-30,529,21225,21,6095,491,14826,17,304,354,5401,174,8042,371,13443,California
Calaveras,2021-03-31,321,21546,139,6234,172,14998,10,314,155,5401,166,8208,166,13609,California
Calaveras,2021-04-01,681,22227,439,6673,241,15239,1,315,186,5097,494,8702,190,13799,California
Calaveras,2021-04-02,394,22621,231,6904,155,15394,8,323,118,4951,273,8975,127,13926,California
Calaveras,2021-04-03,144,22765,32,6936,108,15502,4,327,40,4891,104,9079,44,13970,California
Calaveras,2021-04-04,78,22843,25,6961,53,15555,0,327,50,4913,28,9107,50,14020,California
Calaveras,2021-04-05,208,23051,79,7040,120,15675,9,336,99,4913,109,9216,109,14129,California
Calaveras,2021-04-06,647,23698,573,7613,61,15736,13,349,108,4498,536,9752,121,14250,California
Calaveras,2021-04-07,752,24450,654,8267,62,15798,36,385,615,5013,137,9889,652,14902,California
Calaveras,2021-04-08,941,25391,852,9119,68,15866,21,406,432,4961,507,10396,455,15357,California
Calaveras,2021-04-09,151,25542,58,9177,46,15912,47,453,55,4969,95,10491,103,15460,California
Calaveras,2021-04-10,186,25728,41,9218,127,16039,18,471,145,5092,41,10532,164,15624,California
Calaveras,2021-04-11,68,25796,43,9261,23,16062,2,473,47,5120,21,10553,49,15673,California
Calaveras,2021-04-12,104,25900,47,9308,38,16100,19,492,55,5146,49,10602,75,15748,California
Calaveras,2021-04-13,421,26321,366,9674,55,16155,0,492,362,5453,57,10659,364,16112,California
Calaveras,2021-04-14,180,26501,29,9703,151,16306,0,492,134,5542,46,10705,135,16247,California
Calaveras,2021-04-15,336,26837,287,9990,49,16355,0,492,253,5715,80,10785,253,16500,California
Calaveras,2021-04-16,98,26935,24,10014,74,16429,0,492,46,5713,48,10833,46,16546,California
Calaveras,2021-04-17,330,27265,128,10142,202,16631,0,492,288,5960,41,10874,288,16834,California
Calaveras,2021-04-18,18,27283,5,10147,13,16644,0,492,11,5964,7,10881,11,16845,California
Calaveras,2021-04-19,66,27349,24,10171,42,16686,0,492,40,5980,25,10906,41,16886,California
Calaveras,2021-04-20,258,27607,92,10263,166,16852,0,492,193,6110,63,10969,193,17079,California
Calaveras,2021-04-21,211,27818,143,10406,68,16920,0,492,86,6074,123,11092,87,17166,California
Calaveras,2021-04-22,539,28357,93,10499,446,17366,0,492,144,5827,394,11486,147,17313,California
Calaveras,2021-04-23,157,28514,80,10579,77,17443,0,492,64,5800,91,11577,64,17377,California
Calaveras,2021-04-24,169,28683,36,10615,133,17576,0,492,126,5885,42,11619,127,17504,California
Calaveras,2021-04-25,43,28726,28,10643,15,17591,0,492,22,5888,21,11640,24,17528,California
Calaveras,2021-04-26,94,28820,60,10703,34,17625,0,492,29,5853,65,11705,30,17558,California
Calaveras,2021-04-27,423,29243,58,10761,351,17976,14,506,65,5576,356,12061,79,17637,California
Calaveras,2021-04-28,543,29786,477,11238,38,18014,28,534,52,5176,491,12552,91,17728,California
Calaveras,2021-04-29,503,30289,437,11675,47,18061,19,553,70,4840,432,12984,96,17824,California
Calaveras,2021-04-30,142,30431,57,11732,80,18141,5,558,62,4835,80,13064,75,17899,California
Calaveras,2021-05-01,153,30584,80,11812,71,18212,2,560,118,4923,34,13098,122,18021,California
Calaveras,2021-05-02,10,30594,8,11820,1,18213,1,561,4,4923,5,13103,5,18026,California
Calaveras,2021-05-03,42,30636,29,11849,10,18223,3,564,23,4931,19,13122,27,18053,California
Calaveras,2021-05-04,326,30962,278,12127,14,18237,34,598,18,4677,307,13429,53,18106,California
Colusa,2020-12-18,1,1,1,1,0,0,0,0,1,1,0,0,1,1,California
Colusa,2020-12-21,2,3,2,3,0,0,0,0,2,3,0,0,2,3,California
Colusa,2020-12-22,10,13,10,13,0,0,0,0,10,13,0,0,10,13,California
Colusa,2020-12-23,10,23,10,23,0,0,0,0,10,23,0,0,10,23,California
Colusa,2020-12-24,2,25,1,24,1,1,0,0,2,25,0,0,2,25,California
Colusa,2020-12-27,1,26,1,25,0,1,0,0,1,26,0,0,1,26,California
Colusa,2020-12-28,7,33,3,28,4,5,0,0,7,33,0,0,7,33,California
Colusa,2020-12-29,11,44,8,36,3,8,0,0,11,44,0,0,11,44,California
Colusa,2020-12-30,50,94,13,49,37,45,0,0,50,94,0,0,50,94,California
Colusa,2020-12-31,18,112,1,50,17,62,0,0,18,112,0,0,18,112,California
Colusa,2021-01-04,4,116,0,50,4,66,0,0,4,116,0,0,4,116,California
Colusa,2021-01-05,67,183,1,51,66,132,0,0,67,183,0,0,67,183,California
Colusa,2021-01-06,15,198,9,60,6,138,0,0,15,198,0,0,15,198,California
Colusa,2021-01-07,38,236,4,64,34,172,0,0,37,234,1,1,37,235,California
Colusa,2021-01-08,9,245,7,71,2,174,0,0,8,241,1,2,8,243,California
Colusa,2021-01-09,2,247,1,72,1,175,0,0,2,243,0,2,2,245,California
Colusa,2021-01-10,1,248,0,72,1,176,0,0,1,244,0,2,1,246,California
Colusa,2021-01-11,12,260,6,78,6,182,0,0,7,246,5,7,7,253,California
Colusa,2021-01-12,11,271,9,87,2,184,0,0,6,247,5,12,6,259,California
Colusa,2021-01-13,21,292,13,100,8,192,0,0,13,252,8,20,13,272,California
Colusa,2021-01-14,35,327,28,128,7,199,0,0,33,283,2,22,33,305,California
Colusa,2021-01-15,41,368,5,133,36,235,0,0,39,320,2,24,39,344,California
Colusa,2021-01-16,12,380,1,134,11,246,0,0,11,330,1,25,11,355,California
Colusa,2021-01-17,3,383,2,136,1,247,0,0,2,331,1,26,2,357,California
Colusa,2021-01-18,4,387,0,136,4,251,0,0,4,335,0,26,4,361,California
Colusa,2021-01-19,9,396,8,144,1,252,0,0,5,336,4,30,5,366,California
Colusa,2021-01-20,115,511,101,245,14,266,0,0,102,425,13,43,102,468,California
Colusa,2021-01-21,56,567,41,286,15,281,0,0,55,479,1,44,55,523,California
Colusa,2021-01-22,40,607,17,303,23,304,0,0,35,509,5,49,35,558,California
Colusa,2021-01-23,35,642,6,309,29,333,0,0,35,544,0,49,35,593,California
Colusa,2021-01-25,7,649,0,309,7,340,0,0,7,551,0,49,7,600,California
Colusa,2021-01-26,8,657,5,314,3,343,0,0,5,553,3,52,5,605,California
Colusa,2021-01-27,109,766,31,345,78,421,0,0,107,658,2,54,107,712,California
Colusa,2021-01-28,79,845,46,391,33,454,0,0,72,723,7,61,72,784,California
Colusa,2021-01-29,41,886,7,398,34,488,0,0,40,762,1,62,40,824,California
Colusa,2021-01-30,27,913,4,402,23,511,0,0,27,789,0,62,27,851,California
Colusa,2021-01-31,7,920,7,409,0,511,0,0,7,796,0,62,7,858,California
Colusa,2021-02-01,27,947,10,419,17,528,0,0,22,813,5,67,22,880,California
Colusa,2021-02-02,42,989,8,427,34,562,0,0,36,843,6,73,36,916,California
Colusa,2021-02-03,69,1058,10,437,59,621,0,0,59,892,10,83,59,975,California
Colusa,2021-02-04,143,1201,81,518,62,683,0,0,115,979,28,111,115,1090,California
Colusa,2021-02-05,32,1233,8,526,24,707,0,0,29,1005,3,114,29,1119,California
Colusa,2021-02-06,284,1517,8,534,276,983,0,0,273,1267,11,125,273,1392,California
Colusa,2021-02-07,2,1519,1,535,1,984,0,0,0,1265,2,127,0,1392,California
Colusa,2021-02-08,40,1559,5,540,35,1019,0,0,37,1299,3,130,37,1429,California
Colusa,2021-02-09,231,1790,14,554,217,1236,0,0,176,1420,55,185,176,1605,California
Colusa,2021-02-10,116,1906,41,595,75,1311,0,0,73,1450,43,228,73,1678,California
Colusa,2021-02-11,97,2003,36,631,61,1372,0,0,72,1497,25,253,72,1750,California
Colusa,2021-02-12,117,2120,9,640,108,1480,0,0,79,1537,39,292,79,1829,California
Colusa,2021-02-13,60,2180,8,648,52,1532,0,0,52,1581,8,300,52,1881,California
Colusa,2021-02-14,20,2200,8,656,12,1544,0,0,14,1589,6,306,14,1895,California
Colusa,2021-02-15,45,2245,10,666,35,1579,0,0,38,1620,7,313,38,1933,California
Colusa,2021-02-16,67,2312,4,670,63,1642,0,0,66,1685,1,314,66,1999,California
Colusa,2021-02-17,206,2518,143,813,63,1705,0,0,60,1599,146,460,60,2059,California
Colusa,2021-02-18,135,2653,35,848,100,1805,0,0,112,1688,23,483,112,2171,California
Colusa,2021-02-19,155,2808,19,867,136,1941,0,0,129,1791,26,509,129,2300,California
Colusa,2021-02-20,28,2836,6,873,22,1963,0,0,12,1787,16,525,12,2312,California
Colusa,2021-02-21,1,2837,1,874,0,1963,0,0,0,1786,1,526,0,2312,California
Colusa,2021-02-22,43,2880,26,900,17,1980,0,0,29,1801,14,540,29,2341,California
Colusa,2021-02-23,22,2902,6,906,16,1996,0,0,18,1815,4,544,18,2359,California
Colusa,2021-02-24,300,3202,54,960,246,2242,0,0,158,1831,142,686,158,2517,California
Colusa,2021-02-25,102,3304,55,1015,47,2289,0,0,66,1861,36,722,66,2583,California
Colusa,2021-02-26,98,3402,13,1028,85,2374,0,0,59,1881,39,761,59,2642,California
Colusa,2021-02-27,55,3457,4,1032,51,2425,0,0,40,1906,15,776,40,2682,California
Colusa,2021-02-28,26,3483,14,1046,12,2437,0,0,18,1916,8,784,18,2700,California
Colusa,2021-03-01,46,3529,15,1061,31,2468,0,0,29,1928,17,801,29,2729,California
Colusa,2021-03-02,49,3578,13,1074,36,2504,0,0,26,1931,23,824,26,2755,California
Colusa,2021-03-03,242,3820,43,1117,199,2703,0,0,185,2059,57,881,185,2940,California
Colusa,2021-03-04,138,3958,58,1175,80,2783,0,0,80,2081,58,939,80,3020,California
Colusa,2021-03-05,98,4056,25,1200,64,2847,9,9,53,2098,45,984,62,3082,California
Colusa,2021-03-06,274,4330,9,1209,265,3112,0,9,37,1898,237,1221,37,3119,California
Colusa,2021-03-07,8,4338,5,1214,3,3115,0,9,6,1902,2,1223,6,3125,California
Colusa,2021-03-08,88,4426,20,1234,33,3148,35,44,44,1937,44,1267,79,3204,California
Colusa,2021-03-09,272,4698,70,1304,179,3327,23,67,83,1854,189,1456,106,3310,California
Colusa,2021-03-10,289,4987,37,1341,216,3543,36,103,203,2007,86,1542,239,3549,California
Colusa,2021-03-11,419,5406,59,1400,339,3882,21,124,338,2283,81,1623,357,3906,California
Colusa,2021-03-12,109,5515,18,1418,78,3960,13,137,19,2225,90,1713,32,3938,California
Colusa,2021-03-13,61,5576,16,1434,36,3996,9,146,18,2209,43,1756,27,3965,California
Colusa,2021-03-14,20,5596,0,1434,18,4014,2,148,6,2204,13,1769,8,3973,California
Colusa,2021-03-15,69,5665,26,1460,35,4049,8,156,14,2171,55,1824,22,3995,California
Colusa,2021-03-16,296,5961,16,1476,234,4283,46,202,189,2299,107,1931,235,4230,California
Colusa,2021-03-17,195,6156,49,1525,146,4429,0,202,111,2326,84,2015,111,4341,California
Colusa,2021-03-18,319,6475,33,1558,216,4645,70,272,197,2471,122,2137,267,4608,California
Colusa,2021-03-19,78,6553,20,1578,56,4701,2,274,54,2503,24,2161,56,4664,California
Colusa,2021-03-20,49,6602,7,1585,41,4742,1,275,36,2527,13,2174,37,4701,California
Colusa,2021-03-21,6,6608,4,1589,2,4744,0,275,4,2529,2,2176,4,4705,California
Colusa,2021-03-22,62,6670,10,1599,43,4787,9,284,40,2556,22,2198,49,4754,California
Colusa,2021-03-23,81,6751,16,1615,63,4850,2,286,54,2585,27,2225,56,4810,California
Colusa,2021-03-24,337,7088,57,1672,274,5124,6,292,69,2391,268,2493,74,4884,California
Colusa,2021-03-25,109,7197,60,1732,44,5168,5,297,52,2391,57,2550,57,4941,California
Colusa,2021-03-26,298,7495,47,1779,247,5415,4,301,245,2587,53,2603,249,5190,California
Colusa,2021-03-27,63,7558,5,1784,58,5473,0,301,25,2574,38,2641,25,5215,California
Colusa,2021-03-28,15,7573,6,1790,9,5482,0,301,7,2573,8,2649,7,5222,California
Colusa,2021-03-29,70,7643,19,1809,45,5527,6,307,31,2571,39,2688,37,5259,California
Colusa,2021-03-30,147,7790,78,1887,67,5594,2,309,75,2576,72,2760,77,5336,California
Colusa,2021-03-31,235,8025,42,1929,193,5787,0,309,75,2493,158,2918,75,5411,California
Colusa,2021-04-01,426,8451,67,1996,304,6091,55,364,303,2728,122,3040,357,5768,California
Colusa,2021-04-02,81,8532,12,2008,55,6146,14,378,37,2735,44,3084,51,5819,California
Colusa,2021-04-03,62,8594,10,2018,29,6175,23,401,14,2724,48,3132,37,5856,California
Colusa,2021-04-04,18,8612,0,2018,8,6183,10,411,3,2722,15,3147,13,5869,California
Colusa,2021-04-05,95,8707,25,2043,55,6238,15,426,39,2720,56,3203,54,5923,California
Colusa,2021-04-06,128,8835,33,2076,45,6283,50,476,43,2728,85,3288,93,6016,California
Colusa,2021-04-07,357,9192,40,2116,294,6577,23,499,131,2657,226,3514,155,6171,California
Colusa,2021-04-08,426,9618,33,2149,366,6943,27,526,121,2503,302,3816,148,6319,California
Colusa,2021-04-09,76,9694,21,2170,32,6975,23,549,28,2506,48,3864,51,6370,California
Colusa,2021-04-10,45,9739,9,2179,16,6991,20,569,13,2507,32,3896,33,6403,California
Colusa,2021-04-11,15,9754,2,2181,11,7002,2,571,7,2508,8,3904,9,6412,California
Colusa,2021-04-12,31,9785,3,2184,28,7030,0,571,24,2525,7,3911,24,6436,California
Colusa,2021-04-13,278,10063,23,2207,255,7285,0,571,93,2434,184,4095,93,6529,California
Colusa,2021-04-14,94,10157,19,2226,75,7360,0,571,33,2406,61,4156,33,6562,California
Colusa,2021-04-15,318,10475,42,2268,276,7636,0,571,130,2348,188,4344,130,6692,California
Colusa,2021-04-16,80,10555,11,2279,69,7705,0,571,36,2341,43,4387,36,6728,California
Colusa,2021-04-17,53,10608,7,2286,46,7751,0,571,31,2350,22,4409,31,6759,California
Colusa,2021-04-18,9,10617,2,2288,7,7758,0,571,7,2355,2,4411,7,6766,California
Colusa,2021-04-19,61,10678,22,2310,39,7797,0,571,17,2328,44,4455,17,6783,California
Colusa,2021-04-20,176,10854,32,2342,144,7941,0,571,128,2408,48,4503,128,6911,California
Colusa,2021-04-21,170,11024,59,2401,111,8052,0,571,110,2458,60,4563,110,7021,California
Colusa,2021-04-22,416,11440,25,2426,390,8442,1,572,213,2469,202,4765,213,7234,California
Colusa,2021-04-23,90,11530,17,2443,73,8515,0,572,36,2451,54,4819,36,7270,California
Colusa,2021-04-24,237,11767,19,2462,217,8732,1,573,204,2623,33,4852,205,7475,California
Colusa,2021-04-25,11,11778,5,2467,6,8738,0,573,8,2628,3,4855,8,7483,California
Colusa,2021-04-26,22,11800,4,2471,17,8755,1,574,6,2619,15,4870,6,7489,California
Colusa,2021-04-27,92,11892,21,2492,67,8822,4,578,43,2617,49,4919,47,7536,California
Colusa,2021-04-28,172,12064,27,2519,142,8964,3,581,124,2697,47,4966,127,7663,California
Colusa,2021-04-29,269,12333,13,2532,252,9216,4,585,34,2509,234,5200,46,7709,California
Colusa,2021-04-30,57,12390,17,2549,40,9256,0,585,35,2522,22,5222,35,7744,California
Colusa,2021-05-01,12,12402,2,2551,7,9263,3,588,4,2521,8,5230,7,7751,California
Colusa,2021-05-02,3,12405,0,2551,2,9265,1,589,2,2523,1,5231,3,7754,California
Colusa,2021-05-03,13,12418,1,2552,11,9276,1,590,3,2517,10,5241,4,7758,California
Colusa,2021-05-04,30,12448,16,2568,13,9289,1,591,12,2512,18,5259,13,7771,California
Contra Costa,2020-12-15,18,18,18,18,0,0,0,0,18,18,0,0,18,18,California
Contra Costa,2020-12-16,523,541,523,541,0,0,0,0,523,541,0,0,523,541,California
Contra Costa,2020-12-17,908,1449,908,1449,0,0,0,0,908,1449,0,0,908,1449,California
Contra Costa,2020-12-18,1591,3040,1590,3039,1,1,0,0,1591,3040,0,0,1591,3040,California
Contra Costa,2020-12-19,1101,4141,1100,4139,1,2,0,0,1101,4141,0,0,1101,4141,California
Contra Costa,2020-12-20,584,4725,583,4722,1,3,0,0,584,4725,0,0,584,4725,California
Contra Costa,2020-12-21,1652,6377,1650,6372,2,5,0,0,1652,6377,0,0,1652,6377,California
Contra Costa,2020-12-22,1665,8042,1561,7933,104,109,0,0,1665,8042,0,0,1665,8042,California
Contra Costa,2020-12-23,1588,9630,1339,9272,249,358,0,0,1588,9630,0,0,1588,9630,California
Contra Costa,2020-12-24,654,10284,336,9608,318,676,0,0,654,10284,0,0,654,10284,California
Contra Costa,2020-12-25,39,10323,17,9625,22,698,0,0,39,10323,0,0,39,10323,California
Contra Costa,2020-12-26,641,10964,131,9756,510,1208,0,0,641,10964,0,0,641,10964,California
Contra Costa,2020-12-27,240,11204,87,9843,153,1361,0,0,240,11204,0,0,240,11204,California
Contra Costa,2020-12-28,1830,13034,860,10703,970,2331,0,0,1830,13034,0,0,1830,13034,California
Contra Costa,2020-12-29,1829,14863,824,11527,1005,3336,0,0,1829,14863,0,0,1829,14863,California
Contra Costa,2020-12-30,2394,17257,1216,12743,1178,4514,0,0,2393,17256,0,0,2393,17256,California
Contra Costa,2020-12-31,915,18172,308,13051,607,5121,0,0,914,18170,0,0,914,18170,California
Contra Costa,2021-01-01,60,18232,23,13074,37,5158,0,0,60,18230,0,0,60,18230,California
Contra Costa,2021-01-02,335,18567,173,13247,162,5320,0,0,335,18565,0,0,335,18565,California
Contra Costa,2021-01-03,175,18742,117,13364,58,5378,0,0,174,18739,0,0,174,18739,California
Contra Costa,2021-01-04,1907,20649,1253,14617,654,6032,0,0,1885,20604,20,20,1885,20624,California
Contra Costa,2021-01-05,2103,22752,1258,15875,845,6877,0,0,1844,22191,258,278,1845,22469,California
Contra Costa,2021-01-06,3277,26029,2244,18119,1033,7910,0,0,2516,23955,755,1033,2519,24988,California
Contra Costa,2021-01-07,3092,29121,2058,20177,1034,8944,0,0,1882,24630,1207,2240,1882,26870,California
Contra Costa,2021-01-08,3382,32503,2390,22567,992,9936,0,0,1820,24896,1557,3797,1823,28693,California
Contra Costa,2021-01-09,1584,34087,1132,23699,452,10388,0,0,748,24811,835,4632,750,29443,California
Contra Costa,2021-01-10,360,34447,286,23985,74,10462,0,0,151,24753,209,4841,151,29594,California
Contra Costa,2021-01-11,3838,38285,3146,27131,692,11154,0,0,2234,25386,1604,6445,2237,31831,California
Contra Costa,2021-01-12,3904,42189,2927,30058,977,12131,0,0,2580,26644,1324,7769,2582,34413,California
Contra Costa,2021-01-13,4676,46865,2887,32945,1789,13920,0,0,3737,29447,935,8704,3738,38151,California
Contra Costa,2021-01-14,4306,51171,1554,34499,2752,16672,0,0,3924,32989,382,9086,3924,42075,California
Contra Costa,2021-01-15,5335,56506,2459,36958,2876,19548,0,0,5012,37683,322,9408,5016,47091,California
Contra Costa,2021-01-16,1718,58224,552,37510,1166,20714,0,0,1643,39251,75,9483,1643,48734,California
Contra Costa,2021-01-17,1634,59858,974,38484,660,21374,0,0,1511,40642,123,9606,1514,50248,California
Contra Costa,2021-01-18,3201,63059,1259,39743,1942,23316,0,0,2578,42604,617,10223,2579,52827,California
Contra Costa,2021-01-19,7068,70127,3161,42904,3907,27223,0,0,6063,47670,1002,11225,6068,58895,California
Contra Costa,2021-01-20,6618,76745,4059,46963,2559,29782,0,0,5384,51829,1230,12455,5389,64284,California
Contra Costa,2021-01-21,6969,83714,3106,50069,3863,33645,0,0,6243,57359,721,13176,6251,70535,California
Contra Costa,2021-01-22,6363,90077,2700,52769,3663,37308,0,0,5506,62020,848,14024,5509,76044,California
Contra Costa,2021-01-23,2023,92100,358,53127,1665,38973,0,0,1765,63531,256,14280,1767,77811,California
Contra Costa,2021-01-24,1581,93681,219,53346,1362,40335,0,0,1436,64826,145,14425,1440,79251,California
Contra Costa,2021-01-25,6652,100333,3019,56365,3633,43968,0,0,5088,68355,1562,15987,5091,84342,California
Contra Costa,2021-01-26,8081,108414,4680,61045,3401,47369,0,0,6242,72770,1831,17818,6246,90588,California
Contra Costa,2021-01-27,8242,116656,5501,66546,2741,50110,0,0,6340,77293,1821,19639,6344,96932,California
Contra Costa,2021-01-28,7442,124098,4083,70629,3359,53469,0,0,5838,81537,1598,21237,5842,102774,California
Contra Costa,2021-01-29,7440,131538,3890,74519,3550,57019,0,0,6129,86361,1307,22544,6131,108905,California
Contra Costa,2021-01-30,2083,133621,596,75115,1487,58506,0,0,1716,87717,360,22904,1716,110621,California
Contra Costa,2021-01-31,699,134320,480,75595,219,58725,0,0,573,88167,123,23027,573,111194,California
Contra Costa,2021-02-01,5524,139844,3764,79359,1760,60485,0,0,3892,90435,1627,24654,3895,115089,California
Contra Costa,2021-02-02,7757,147601,5270,84629,2487,62972,0,0,5905,94491,1850,26504,5906,120995,California
Contra Costa,2021-02-03,8271,155872,5460,90089,2811,65783,0,0,5632,97496,2628,29132,5633,126628,California
Contra Costa,2021-02-04,7442,163314,3535,93624,3907,69690,0,0,5718,101496,1720,30852,5720,132348,California
Contra Costa,2021-02-05,8426,171740,4820,98444,3606,73296,0,0,5716,104509,2703,33555,5716,138064,California
Contra Costa,2021-02-06,3470,175210,2155,100599,1315,74611,0,0,2818,106677,651,34206,2819,140883,California
Contra Costa,2021-02-07,981,176191,710,101309,271,74882,0,0,605,106907,375,34581,605,141488,California
Contra Costa,2021-02-08,5809,182000,3440,104749,2369,77251,0,0,4330,109764,1474,36055,4331,145819,California
Contra Costa,2021-02-09,8657,190657,4775,109524,3882,81133,0,0,5764,112641,2888,38943,5765,151584,California
Contra Costa,2021-02-10,8630,199287,4649,114173,3981,85114,0,0,5403,114836,3212,42155,5407,156991,California
Contra Costa,2021-02-11,9310,208597,4214,118387,5096,90210,0,0,5268,116073,4036,46191,5273,162264,California
Contra Costa,2021-02-12,10069,218666,4611,122998,5458,95668,0,0,5458,116930,4604,50795,5461,167725,California
Contra Costa,2021-02-13,4878,223544,1366,124364,3512,99180,0,0,3406,118868,1469,52264,3407,171132,California
Contra Costa,2021-02-14,2086,225630,864,125228,1222,100402,0,0,1224,119232,860,53124,1224,172356,California
Contra Costa,2021-02-15,4447,230077,2464,127692,1983,102385,0,0,2348,119489,2092,55216,2349,174705,California
Contra Costa,2021-02-16,10416,240493,4909,132601,5507,107892,0,0,4639,118362,5770,60986,4643,179348,California
Contra Costa,2021-02-17,12277,252770,6131,138732,6146,114038,0,0,5626,117353,6636,67622,5627,184975,California
Contra Costa,2021-02-18,11467,264237,5966,144698,5501,119539,0,0,5320,116539,6136,73758,5322,190297,California
Contra Costa,2021-02-19,11402,275639,7104,151802,4298,123837,0,0,5172,115498,6214,79972,5173,195470,California
Contra Costa,2021-02-20,6440,282079,2888,154690,3552,127389,0,0,4565,118206,1859,81831,4567,200037,California
Contra Costa,2021-02-21,1804,283883,1257,155947,547,127936,0,0,1089,118581,714,82545,1089,201126,California
Contra Costa,2021-02-22,7535,291418,5099,161046,2436,130372,0,0,3463,117986,4060,86605,3465,204591,California
Contra Costa,2021-02-23,11900,303318,7248,168294,4652,135024,0,0,5919,117942,5967,92572,5923,210514,California
Contra Costa,2021-02-24,10475,313793,7677,175971,2798,137822,0,0,5050,117585,5409,97981,5052,215566,California
Contra Costa,2021-02-25,11459,325252,7204,183175,4255,142077,0,0,5200,116550,6239,104220,5204,220770,California
Contra Costa,2021-02-26,10697,335949,6745,189920,3952,146029,0,0,5301,116471,5381,109601,5302,226072,California
Contra Costa,2021-02-27,6619,342568,4207,194127,2412,148441,0,0,4107,118074,2505,112106,4108,230180,California
Contra Costa,2021-02-28,3788,346356,3119,197246,669,149110,0,0,3190,120670,595,112701,3191,233371,California
Contra Costa,2021-03-01,8093,354449,6079,203325,2010,151120,4,4,4969,122536,3109,115810,4975,238346,California
Contra Costa,2021-03-02,10141,364590,6317,209642,3823,154943,1,5,5253,122918,4872,120682,5254,243600,California
Contra Costa,2021-03-03,11159,375749,6981,216623,4177,159120,1,6,6245,124265,4900,125582,6247,249847,California
Contra Costa,2021-03-04,11868,387617,7084,223707,4784,163904,0,6,6142,124700,5707,131289,6142,255989,California
Contra Costa,2021-03-05,11233,398850,6668,230375,4559,168463,6,12,6395,126278,4823,136112,6401,262390,California
Contra Costa,2021-03-06,7296,406146,4010,234385,2976,171439,310,322,4715,128732,2569,138681,5023,267413,California
Contra Costa,2021-03-07,3624,409770,2272,236657,1292,172731,60,382,2952,131073,671,139352,3012,270425,California
Contra Costa,2021-03-08,8056,417826,3765,240422,3988,176719,303,685,5371,134077,2674,142026,5678,276103,California
Contra Costa,2021-03-09,10191,428017,5004,245426,4893,181612,294,979,5037,134262,5147,147173,5332,281435,California
Contra Costa,2021-03-10,12136,440153,5962,251388,4678,186290,1496,2475,5470,134563,6656,153829,6957,288392,California
Contra Costa,2021-03-11,12461,452614,6563,257951,5338,191628,560,3035,6361,135405,6079,159908,6921,295313,California
Contra Costa,2021-03-12,12534,465148,5146,263097,6844,198472,544,3579,6264,135957,6254,166162,6806,302119,California
Contra Costa,2021-03-13,7760,472908,3073,266170,4263,202735,424,4003,3078,134788,4665,170827,3496,305615,California
Contra Costa,2021-03-14,4345,477253,2544,268714,1318,204053,483,4486,2072,135076,2266,173093,2554,308169,California
Contra Costa,2021-03-15,9374,486627,5055,273769,3565,207618,754,5240,4748,135968,4610,177703,5502,313671,California
Contra Costa,2021-03-16,14253,500880,8464,282233,5393,213011,396,5636,7270,136673,6961,184664,7666,321337,California
Contra Costa,2021-03-17,14985,515865,10339,292572,4432,217443,214,5850,8572,139073,6392,191056,8792,330129,California
Contra Costa,2021-03-18,15356,531221,8529,301101,6347,223790,480,6330,8786,141795,6542,197598,9264,339393,California
Contra Costa,2021-03-19,15491,546712,8894,309995,5207,228997,1390,7720,8297,144305,7182,204780,9692,349085,California
Contra Costa,2021-03-20,10609,557321,6331,316326,3975,232972,303,8023,5240,144496,5353,210133,5544,354629,California
Contra Costa,2021-03-21,4439,561760,3888,320214,464,233436,87,8110,2085,144320,2347,212480,2171,356800,California
Contra Costa,2021-03-22,11518,573278,8682,328896,2586,236022,250,8360,7084,147230,4422,216902,7332,364132,California
Contra Costa,2021-03-23,15580,588858,10733,339629,4677,240699,170,8530,9496,150842,6057,222959,9669,373801,California
Contra Costa,2021-03-24,14957,603815,11680,351309,3065,243764,212,8742,9193,154517,5731,228690,9406,383207,California
Contra Costa,2021-03-25,15250,619065,11882,363191,3083,246847,285,9027,9419,158425,5794,234484,9702,392909,California
Contra Costa,2021-03-26,14922,633987,10691,373882,3836,250683,395,9422,8806,161530,6092,240576,9197,402106,California
Contra Costa,2021-03-27,10421,644408,6745,380627,3166,253849,510,9932,5773,163168,4638,245214,6276,408382,California
Contra Costa,2021-03-28,4122,648530,2919,383546,1150,254999,53,9985,1765,162639,2347,247561,1818,410200,California
Contra Costa,2021-03-29,10819,659349,8444,391990,2260,257259,115,10100,7073,166097,3732,251293,7190,417390,California
Contra Costa,2021-03-30,16713,676062,9112,401102,6248,263507,1353,11453,11033,172818,5665,256958,12386,429776,California
Contra Costa,2021-03-31,17928,693990,12551,413653,3937,267444,1440,12893,11516,179395,6379,263337,12956,442732,California
Contra Costa,2021-04-01,17398,711388,12183,425836,3854,271298,1361,14254,11333,186045,6042,269379,12692,455424,California
Contra Costa,2021-04-02,17383,728771,12835,438671,3541,274839,1007,15261,11564,192805,5809,275188,12569,467993,California
Contra Costa,2021-04-03,10768,739539,6417,445088,2818,277657,1533,16794,6178,195939,4577,279765,7711,475704,California
Contra Costa,2021-04-04,3318,742857,1310,446398,1414,279071,594,17388,893,195007,2419,282184,1487,477191,California
Contra Costa,2021-04-05,12038,754895,7853,454251,3214,282285,971,18359,6581,197113,5446,287630,7552,484743,California
Contra Costa,2021-04-06,17281,772176,11997,466248,3007,285292,2277,20636,9763,201653,7499,295129,12039,496782,California
Contra Costa,2021-04-07,18469,790645,12507,478755,3161,288453,2801,23437,10492,207027,7957,303086,13331,510113,California
Contra Costa,2021-04-08,18654,809299,12459,491214,3284,291737,2911,26348,10047,211391,8581,311667,12945,523058,California
Contra Costa,2021-04-09,18692,827991,11967,503181,4253,295990,2472,28820,10008,215211,8659,320326,12479,535537,California
Contra Costa,2021-04-10,10507,838498,3816,506997,2152,298142,4539,33359,3301,215849,7191,327517,7829,543366,California
Contra Costa,2021-04-11,3328,841826,1994,508991,684,298826,650,34009,1135,215448,2187,329704,1786,545152,California
Contra Costa,2021-04-12,11851,853677,7856,516847,2961,301787,1034,35043,5602,215853,6235,335939,6640,551792,California
Contra Costa,2021-04-13,17798,871475,10887,527734,6906,308693,5,35048,11897,221881,5880,341819,11908,563700,California
Contra Costa,2021-04-14,17514,888989,10983,538717,6530,315223,1,35049,9696,223783,7798,349617,9700,573400,California
Contra Costa,2021-04-15,17435,906424,10679,549396,6755,321978,1,35050,8086,222568,9320,358937,8105,581505,California
Contra Costa,2021-04-16,16842,923266,10515,559911,6326,328304,1,35051,7602,220961,9215,368152,7608,589113,California
Contra Costa,2021-04-17,11382,934648,6261,566172,5121,333425,0,35051,6112,221822,5256,373408,6117,595230,California
Contra Costa,2021-04-18,2730,937378,2110,568282,620,334045,0,35051,1781,222661,942,374350,1781,597011,California
Contra Costa,2021-04-19,11317,948695,8465,576747,2852,336897,0,35051,3547,218464,7746,382096,3549,600560,California
Contra Costa,2021-04-20,16612,965307,10793,587540,5819,342716,0,35051,6250,214381,10337,392433,6254,606814,California
Contra Costa,2021-04-21,17275,982582,14100,601640,3175,345891,0,35051,6157,209463,11083,403516,6165,612979,California
Contra Costa,2021-04-22,17111,999693,13867,615507,3243,349134,1,35052,6063,204520,11017,414533,6074,619053,California
Contra Costa,2021-04-23,16922,1016615,13464,628971,3458,352592,0,35052,5461,198561,11427,425960,5468,624521,California
Contra Costa,2021-04-24,10866,1027481,8406,637377,2460,355052,0,35052,4147,196014,6698,432658,4151,628672,California
Contra Costa,2021-04-25,3211,1030692,2161,639538,1048,356100,2,35054,2021,196854,1186,433844,2026,630698,California
Contra Costa,2021-04-26,9512,1040204,8066,647604,1422,357522,24,35078,2780,192951,6717,440561,2814,633512,California
Contra Costa,2021-04-27,14123,1054327,10421,658025,3553,361075,149,35227,3792,186590,10312,450873,3951,637463,California
Contra Costa,2021-04-28,13630,1067957,10647,668672,2714,363789,269,35496,3376,180018,10221,461094,3649,641112,California
Contra Costa,2021-04-29,11434,1079391,8779,677451,2502,366291,153,35649,2506,173776,8904,469998,2662,643774,California
Contra Costa,2021-04-30,12656,1092047,10003,687454,2416,368707,237,35886,2881,167147,9753,479751,3124,646898,California
Contra Costa,2021-05-01,7012,1099059,5164,692618,1617,370324,231,36117,1502,163384,5498,485249,1735,648633,California
Contra Costa,2021-05-02,1602,1100661,1089,693707,501,370825,12,36129,746,163295,848,486097,759,649392,California
Contra Costa,2021-05-03,7727,1108388,7022,700729,665,371490,40,36169,1614,158851,6102,492199,1658,651050,California
Contra Costa,2021-05-04,12187,1120575,11110,711839,855,372345,222,36391,1630,150163,10542,502741,1854,652904,California
Del Norte,2020-12-21,23,23,23,23,0,0,0,0,23,23,0,0,23,23,California
Del Norte,2020-12-22,46,69,46,69,0,0,0,0,46,69,0,0,46,69,California
Del Norte,2020-12-23,58,127,48,117,10,10,0,0,56,125,0,0,56,125,California
Del Norte,2020-12-28,34,161,34,151,0,10,0,0,34,159,0,0,34,159,California
Del Norte,2020-12-29,4,165,4,155,0,10,0,0,4,163,0,0,4,163,California
Del Norte,2020-12-30,67,232,55,210,12,22,0,0,68,231,0,0,68,231,California
Del Norte,2020-12-31,16,248,13,223,3,25,0,0,16,247,0,0,16,247,California
Del Norte,2021-01-04,102,350,49,272,53,78,0,0,102,349,0,0,102,349,California
Del Norte,2021-01-05,32,382,0,272,32,110,0,0,32,381,0,0,32,381,California
Del Norte,2021-01-06,77,459,18,290,59,169,0,0,77,458,0,0,77,458,California
Del Norte,2021-01-07,21,480,1,291,20,189,0,0,21,479,0,0,21,479,California
Del Norte,2021-01-08,78,558,7,298,71,260,0,0,78,557,0,0,78,557,California
Del Norte,2021-01-11,40,598,21,319,19,279,0,0,18,554,22,22,19,576,California
Del Norte,2021-01-12,51,649,32,351,19,298,0,0,30,563,21,43,30,606,California
Del Norte,2021-01-13,86,735,40,391,46,344,0,0,53,583,33,76,53,659,California
Del Norte,2021-01-14,52,787,14,405,38,382,0,0,46,623,6,82,46,705,California
Del Norte,2021-01-15,107,894,18,423,89,471,0,0,95,706,12,94,95,800,California
Del Norte,2021-01-17,1,895,1,424,0,471,0,0,1,707,0,94,1,801,California
Del Norte,2021-01-18,2,897,0,424,2,473,0,0,2,709,0,94,2,803,California
Del Norte,2021-01-19,119,1016,56,480,63,536,0,0,77,744,42,136,77,880,California
Del Norte,2021-01-20,158,1174,84,564,74,610,0,0,96,778,62,198,96,976,California
Del Norte,2021-01-21,43,1217,40,604,3,613,0,0,32,799,11,209,32,1008,California
Del Norte,2021-01-22,20,1237,17,621,3,616,0,0,13,805,7,216,13,1021,California
Del Norte,2021-01-23,1,1238,0,621,1,617,0,0,1,806,0,216,1,1022,California
Del Norte,2021-01-24,1,1239,0,621,1,618,0,0,1,807,0,216,1,1023,California
Del Norte,2021-01-25,100,1339,82,703,18,636,0,0,56,819,44,260,56,1079,California
Del Norte,2021-01-26,18,1357,11,714,7,643,0,0,7,815,11,271,7,1086,California
Del Norte,2021-01-27,64,1421,21,735,43,686,0,0,61,873,3,274,61,1147,California
Del Norte,2021-01-28,291,1712,20,755,271,957,0,0,286,1154,5,279,286,1433,California
Del Norte,2021-01-29,55,1767,21,776,34,991,0,0,44,1187,11,290,44,1477,California
Del Norte,2021-01-30,8,1775,1,777,7,998,0,0,8,1195,0,290,8,1485,California
Del Norte,2021-02-01,41,1816,1,778,40,1038,0,0,26,1206,15,305,26,1511,California
Del Norte,2021-02-02,142,1958,34,812,108,1146,0,0,73,1211,68,373,73,1584,California
Del Norte,2021-02-03,126,2084,40,852,86,1232,0,0,71,1227,55,428,71,1655,California
Del Norte,2021-02-04,71,2155,29,881,42,1274,0,0,42,1240,29,457,42,1697,California
Del Norte,2021-02-05,184,2339,22,903,162,1436,0,0,119,1295,64,521,119,1816,California
Del Norte,2021-02-06,312,2651,6,909,306,1742,0,0,312,1607,0,521,312,2128,California
Del Norte,2021-02-07,2,2653,1,910,1,1743,0,0,2,1609,0,521,2,2130,California
Del Norte,2021-02-08,36,2689,1,911,35,1778,0,0,32,1637,4,525,32,2162,California
Del Norte,2021-02-09,8,2697,5,916,3,1781,0,0,2,1633,6,531,2,2164,California
Del Norte,2021-02-10,143,2840,20,936,123,1904,0,0,86,1663,56,587,86,2250,California
Del Norte,2021-02-11,177,3017,59,995,118,2022,0,0,64,1614,113,700,64,2314,California
Del Norte,2021-02-12,121,3138,14,1009,107,2129,0,0,67,1627,54,754,67,2381,California
Del Norte,2021-02-13,2,3140,1,1010,1,2130,0,0,2,1629,0,754,2,2383,California
Del Norte,2021-02-14,3,3143,1,1011,2,2132,0,0,2,1630,1,755,2,2385,California
Del Norte,2021-02-15,4,3147,0,1011,4,2136,0,0,2,1630,2,757,2,2387,California
Del Norte,2021-02-16,132,3279,1,1012,131,2267,0,0,13,1524,119,876,13,2400,California
Del Norte,2021-02-17,91,3370,20,1032,71,2338,0,0,24,1481,67,943,24,2424,California
Del Norte,2021-02-18,77,3447,24,1056,53,2391,0,0,51,1506,26,969,51,2475,California
Del Norte,2021-02-19,43,3490,17,1073,26,2417,0,0,33,1529,10,979,33,2508,California
Del Norte,2021-02-20,8,3498,5,1078,3,2420,0,0,6,1533,2,981,6,2514,California
Del Norte,2021-02-22,2,3500,0,1078,2,2422,0,0,2,1535,0,981,2,2516,California
Del Norte,2021-02-23,107,3607,89,1167,18,2440,0,0,31,1491,76,1057,32,2548,California
Del Norte,2021-02-24,152,3759,98,1265,54,2494,0,0,79,1497,73,1130,79,2627,California
Del Norte,2021-02-25,475,4234,131,1396,344,2838,0,0,212,1448,261,1391,212,2839,California
Del Norte,2021-02-26,212,4446,176,1572,36,2874,0,0,166,1568,46,1437,166,3005,California
Del Norte,2021-02-27,152,4598,145,1717,6,2880,1,1,141,1699,11,1448,142,3147,California
Del Norte,2021-02-28,4,4602,1,1718,3,2883,0,1,3,1701,1,1449,3,3150,California
Del Norte,2021-03-01,28,4630,2,1720,26,2909,0,1,4,1681,24,1473,4,3154,California
Del Norte,2021-03-02,220,4850,141,1861,79,2988,0,1,187,1835,33,1506,187,3341,California
Del Norte,2021-03-03,167,5017,99,1960,68,3056,0,1,126,1920,41,1547,126,3467,California
Del Norte,2021-03-04,120,5137,83,2043,37,3093,0,1,91,1983,28,1575,91,3558,California
Del Norte,2021-03-05,119,5256,9,2052,110,3203,0,1,71,2006,48,1623,71,3629,California
Del Norte,2021-03-06,466,5722,78,2130,338,3541,50,51,164,1875,302,1925,171,3800,California
Del Norte,2021-03-07,2,5724,1,2131,1,3542,0,51,1,1875,1,1926,1,3801,California
Del Norte,2021-03-08,28,5752,1,2132,25,3567,2,53,5,1859,23,1949,7,3808,California
Del Norte,2021-03-09,194,5946,112,2244,79,3646,3,56,183,2034,11,1960,186,3994,California
Del Norte,2021-03-10,233,6179,96,2340,109,3755,28,84,134,2097,99,2059,162,4156,California
Del Norte,2021-03-11,151,6330,55,2395,91,3846,5,89,103,2157,48,2107,108,4264,California
Del Norte,2021-03-12,177,6507,89,2484,88,3934,0,89,124,2228,53,2160,124,4388,California
Del Norte,2021-03-13,94,6601,93,2577,1,3935,0,89,91,2316,3,2163,91,4479,California
Del Norte,2021-03-14,1,6602,0,2577,1,3936,0,89,1,2316,1,2164,1,4480,California
Del Norte,2021-03-15,38,6640,0,2577,38,3974,0,89,34,2346,4,2168,34,4514,California
Del Norte,2021-03-16,280,6920,135,2712,145,4119,0,89,259,2584,21,2189,259,4773,California
Del Norte,2021-03-17,282,7202,95,2807,185,4304,2,91,168,2640,114,2303,170,4943,California
Del Norte,2021-03-18,285,7487,107,2914,175,4479,3,94,149,2657,135,2438,152,5095,California
Del Norte,2021-03-19,266,7753,159,3073,101,4580,6,100,91,2579,175,2613,97,5192,California
Del Norte,2021-03-20,158,7911,155,3228,3,4583,0,100,16,2453,142,2755,16,5208,California
Del Norte,2021-03-21,4,7915,2,3230,2,4585,0,100,2,2453,2,2757,2,5210,California
Del Norte,2021-03-22,42,7957,3,3233,38,4623,1,101,39,2490,3,2760,40,5250,California
Del Norte,2021-03-23,335,8292,164,3397,153,4776,18,119,165,2504,168,2928,182,5432,California
Del Norte,2021-03-24,396,8688,107,3504,248,5024,41,160,236,2621,160,3088,277,5709,California
Del Norte,2021-03-25,193,8881,89,3593,104,5128,0,160,85,2599,107,3195,85,5794,California
Del Norte,2021-03-26,231,9112,112,3705,119,5247,0,160,197,2762,34,3229,197,5991,California
Del Norte,2021-03-27,108,9220,87,3792,4,5251,17,177,17,2705,91,3320,34,6025,California
Del Norte,2021-03-28,4,9224,2,3794,2,5253,0,177,1,2703,3,3323,1,6026,California
Del Norte,2021-03-29,57,9281,6,3800,34,5287,17,194,32,2727,25,3348,49,6075,California
Del Norte,2021-03-30,339,9620,118,3918,210,5497,11,205,128,2655,211,3559,139,6214,California
Del Norte,2021-03-31,350,9970,99,4017,234,5731,17,222,195,2714,153,3712,212,6426,California
Del Norte,2021-04-01,165,10135,59,4076,72,5803,34,256,70,2724,94,3806,104,6530,California
Del Norte,2021-04-02,230,10365,78,4154,103,5906,49,305,47,2638,183,3989,97,6627,California
Del Norte,2021-04-03,106,10471,82,4236,2,5908,22,327,4,2563,101,4090,26,6653,California
Del Norte,2021-04-04,4,10475,0,4236,0,5908,4,331,0,2563,4,4094,4,6657,California
Del Norte,2021-04-05,50,10525,5,4241,41,5949,4,335,42,2602,7,4101,46,6703,California
Del Norte,2021-04-06,378,10903,119,4360,222,6171,37,372,145,2556,229,4330,183,6886,California
Del Norte,2021-04-07,427,11330,114,4474,252,6423,61,433,280,2751,146,4476,341,7227,California
Del Norte,2021-04-08,233,11563,54,4528,111,6534,68,501,111,2808,122,4598,179,7406,California
Del Norte,2021-04-09,204,11767,47,4575,80,6614,77,578,98,2876,105,4703,173,7579,California
Del Norte,2021-04-10,48,11815,27,4602,4,6618,17,595,27,2899,21,4724,44,7623,California
Del Norte,2021-04-11,12,11827,3,4605,2,6620,7,602,2,2898,10,4734,9,7632,California
Del Norte,2021-04-12,28,11855,1,4606,9,6629,18,620,1,2891,26,4760,19,7651,California
Del Norte,2021-04-13,297,12152,49,4655,248,6877,0,620,155,2904,142,4902,155,7806,California
Del Norte,2021-04-14,326,12478,23,4678,303,7180,0,620,137,2857,189,5091,142,7948,California
Del Norte,2021-04-15,163,12641,30,4708,133,7313,0,620,44,2783,119,5210,45,7993,California
Del Norte,2021-04-16,160,12801,39,4747,121,7434,0,620,58,2740,102,5312,59,8052,California
Del Norte,2021-04-17,100,12901,69,4816,31,7465,0,620,95,2830,5,5317,95,8147,California
Del Norte,2021-04-18,4,12905,3,4819,1,7466,0,620,3,2832,1,5318,3,8150,California
Del Norte,2021-04-19,50,12955,6,4825,44,7510,0,620,8,2798,42,5360,8,8158,California
Del Norte,2021-04-20,209,13164,40,4865,169,7679,0,620,74,2737,135,5495,74,8232,California
Del Norte,2021-04-21,287,13451,22,4887,265,7944,0,620,63,2579,224,5719,66,8298,California
Del Norte,2021-04-22,114,13565,15,4902,99,8043,0,620,62,2589,52,5771,62,8360,California
Del Norte,2021-04-23,151,13716,20,4922,131,8174,0,620,39,2516,112,5883,39,8399,California
Del Norte,2021-04-24,24,13740,14,4936,10,8184,0,620,19,2530,5,5888,19,8418,California
Del Norte,2021-04-25,2,13742,0,4936,2,8186,0,620,2,2532,0,5888,2,8420,California
Del Norte,2021-04-26,29,13771,0,4936,29,8215,0,620,7,2517,22,5910,7,8427,California
Del Norte,2021-04-27,173,13944,19,4955,149,8364,5,625,47,2443,126,6036,52,8479,California
Del Norte,2021-04-28,269,14213,29,4984,236,8600,4,629,52,2286,214,6250,57,8536,California
Del Norte,2021-04-29,87,14300,7,4991,77,8677,3,632,23,2248,64,6314,26,8562,California
Del Norte,2021-04-30,80,14380,5,4996,65,8742,10,642,42,2262,38,6352,52,8614,California
Del Norte,2021-05-01,6,14386,2,4998,4,8746,0,642,5,2266,1,6353,5,8619,California
Del Norte,2021-05-02,4,14390,1,4999,3,8749,0,642,4,2270,0,6353,4,8623,California
Del Norte,2021-05-03,24,14414,0,4999,22,8771,2,644,1,2251,22,6375,3,8626,California
Del Norte,2021-05-04,95,14509,5,5004,85,8856,5,649,31,2223,64,6439,36,8662,California
El Dorado,2020-12-15,12,12,12,12,0,0,0,0,12,12,0,0,12,12,California
El Dorado,2020-12-16,40,52,40,52,0,0,0,0,40,52,0,0,40,52,California
El Dorado,2020-12-17,31,83,31,83,0,0,0,0,31,83,0,0,31,83,California
El Dorado,2020-12-18,236,319,236,319,0,0,0,0,236,319,0,0,236,319,California
El Dorado,2020-12-19,116,435,116,435,0,0,0,0,116,435,0,0,116,435,California
El Dorado,2020-12-20,85,520,85,520,0,0,0,0,85,520,0,0,85,520,California
El Dorado,2020-12-21,308,828,307,827,1,1,0,0,308,828,0,0,308,828,California
El Dorado,2020-12-22,238,1066,214,1041,24,25,0,0,238,1066,0,0,238,1066,California
El Dorado,2020-12-23,189,1255,140,1181,49,74,0,0,189,1255,0,0,189,1255,California
El Dorado,2020-12-24,87,1342,66,1247,21,95,0,0,87,1342,0,0,87,1342,California
El Dorado,2020-12-25,8,1350,8,1255,0,95,0,0,8,1350,0,0,8,1350,California
El Dorado,2020-12-26,44,1394,26,1281,18,113,0,0,44,1394,0,0,44,1394,California
El Dorado,2020-12-27,37,1431,33,1314,4,117,0,0,37,1431,0,0,37,1431,California
El Dorado,2020-12-28,216,1647,169,1483,47,164,0,0,216,1647,0,0,216,1647,California
El Dorado,2020-12-29,457,2104,141,1624,316,480,0,0,457,2104,0,0,457,2104,California
El Dorado,2020-12-30,506,2610,136,1760,370,850,0,0,506,2610,0,0,506,2610,California
El Dorado,2020-12-31,110,2720,70,1830,40,890,0,0,110,2720,0,0,110,2720,California
El Dorado,2021-01-01,7,2727,4,1834,3,893,0,0,7,2727,0,0,7,2727,California
El Dorado,2021-01-02,151,2878,140,1974,11,904,0,0,151,2878,0,0,151,2878,California
El Dorado,2021-01-03,92,2970,17,1991,75,979,0,0,92,2970,0,0,92,2970,California
El Dorado,2021-01-04,189,3159,62,2053,127,1106,0,0,189,3159,0,0,189,3159,California
El Dorado,2021-01-05,204,3363,50,2103,154,1260,0,0,188,3331,16,16,188,3347,California
El Dorado,2021-01-06,262,3625,189,2292,73,1333,0,0,198,3465,64,80,198,3545,California
El Dorado,2021-01-07,329,3954,136,2428,193,1526,0,0,258,3652,71,151,258,3803,California
El Dorado,2021-01-08,976,4930,501,2929,475,2001,0,0,773,4223,203,354,774,4577,California
El Dorado,2021-01-09,194,5124,157,3086,37,2038,0,0,126,4281,68,422,126,4703,California
El Dorado,2021-01-10,180,5304,129,3215,51,2089,0,0,110,4322,70,492,111,4814,California
El Dorado,2021-01-11,659,5963,293,3508,366,2455,0,0,460,4585,198,690,461,5275,California
El Dorado,2021-01-12,695,6658,422,3930,273,2728,0,0,446,4782,249,939,446,5721,California
El Dorado,2021-01-13,699,7357,296,4226,403,3131,0,0,538,5159,161,1100,538,6259,California
El Dorado,2021-01-14,691,8048,219,4445,472,3603,0,0,596,5660,95,1195,596,6855,California
El Dorado,2021-01-15,683,8731,185,4630,498,4101,0,0,611,6199,72,1267,611,7466,California
El Dorado,2021-01-16,173,8904,104,4734,69,4170,0,0,146,6318,27,1294,146,7612,California
El Dorado,2021-01-17,100,9004,47,4781,53,4223,0,0,83,6384,17,1311,83,7695,California
El Dorado,2021-01-18,421,9425,138,4919,283,4506,0,0,353,6669,68,1379,353,8048,California
El Dorado,2021-01-19,650,10075,352,5271,298,4804,0,0,501,7022,149,1528,502,8550,California
El Dorado,2021-01-20,1010,11085,686,5957,324,5128,0,0,898,7809,111,1639,898,9448,California
El Dorado,2021-01-21,1157,12242,573,6530,584,5712,0,0,952,8597,164,1803,952,10400,California
El Dorado,2021-01-22,1103,13345,710,7240,393,6105,0,0,1049,9593,53,1856,1049,11449,California
El Dorado,2021-01-23,736,14081,617,7857,119,6224,0,0,625,10107,111,1967,625,12074,California
El Dorado,2021-01-24,126,14207,76,7933,50,6274,0,0,107,10195,19,1986,107,12181,California
El Dorado,2021-01-25,612,14819,206,8139,406,6680,0,0,524,10631,88,2074,524,12705,California
El Dorado,2021-01-26,675,15494,364,8503,311,6991,0,0,571,11099,104,2178,572,13277,California
El Dorado,2021-01-27,927,16421,329,8832,598,7589,0,0,591,11353,337,2515,591,13868,California
El Dorado,2021-01-28,1106,17527,453,9285,653,8242,0,0,745,11737,361,2876,745,14613,California
El Dorado,2021-01-29,975,18502,490,9775,485,8727,0,0,745,12254,229,3105,746,15359,California
El Dorado,2021-01-30,611,19113,359,10134,252,8979,0,0,450,12543,161,3266,450,15809,California
El Dorado,2021-01-31,209,19322,188,10322,21,9000,0,0,180,12694,29,3295,180,15989,California
El Dorado,2021-02-01,799,20121,368,10690,431,9431,0,0,655,13206,143,3438,655,16644,California
El Dorado,2021-02-02,837,20958,367,11057,470,9901,0,0,677,13723,160,3598,677,17321,California
El Dorado,2021-02-03,899,21857,475,11532,424,10325,0,0,686,14196,213,3811,686,18007,California
El Dorado,2021-02-04,1266,23123,723,12255,543,10868,0,0,871,14673,394,4205,871,18878,California
El Dorado,2021-02-05,1484,24607,598,12853,886,11754,0,0,868,14960,581,4786,868,19746,California
El Dorado,2021-02-06,639,25246,334,13187,305,12059,0,0,530,15382,109,4895,531,20277,California
El Dorado,2021-02-07,257,25503,177,13364,80,12139,0,0,193,15511,64,4959,193,20470,California
El Dorado,2021-02-08,879,26382,417,13781,462,12601,0,0,606,15844,273,5232,606,21076,California
El Dorado,2021-02-09,909,27291,487,14268,422,13023,0,0,487,15909,422,5654,487,21563,California
El Dorado,2021-02-10,1247,28538,729,14997,518,13541,0,0,656,15975,590,6244,656,22219,California
El Dorado,2021-02-11,2153,30691,891,15888,1262,14803,0,0,963,15752,1187,7431,964,23183,California
El Dorado,2021-02-12,1570,32261,824,16712,746,15549,0,0,679,15541,891,8322,680,23863,California
El Dorado,2021-02-13,978,33239,669,17381,309,15858,0,0,434,15434,541,8863,434,24297,California
El Dorado,2021-02-14,479,33718,153,17534,326,16184,0,0,396,15747,83,8946,396,24693,California
El Dorado,2021-02-15,1185,34903,387,17921,798,16982,0,0,825,16215,360,9306,828,25521,California
El Dorado,2021-02-16,1195,36098,529,18450,666,17648,0,0,675,16372,519,9825,676,26197,California
El Dorado,2021-02-17,902,37000,374,18824,528,18176,0,0,422,16316,480,10305,424,26621,California
El Dorado,2021-02-18,2086,39086,1012,19836,1074,19250,0,0,1352,16935,733,11038,1352,27973,California
El Dorado,2021-02-19,1168,40254,604,20440,564,19814,0,0,647,17062,521,11559,648,28621,California
El Dorado,2021-02-20,916,41170,435,20875,481,20295,0,0,668,17488,242,11801,668,29289,California
El Dorado,2021-02-21,282,41452,225,21100,57,20352,0,0,99,17405,182,11983,99,29388,California
El Dorado,2021-02-22,868,42320,434,21534,434,20786,0,0,285,17108,582,12565,285,29673,California
El Dorado,2021-02-23,842,43162,472,22006,370,21156,0,0,349,16965,492,13057,349,30022,California
El Dorado,2021-02-24,1027,44189,439,22445,588,21744,0,0,432,16803,595,13652,433,30455,California
El Dorado,2021-02-25,1634,45823,887,23332,747,22491,0,0,724,16625,904,14556,726,31181,California
El Dorado,2021-02-26,2353,48176,1482,24814,871,23362,0,0,1588,17450,763,15319,1588,32769,California
El Dorado,2021-02-27,1658,49834,439,25253,1219,24581,0,0,1219,18233,436,15755,1219,33988,California
El Dorado,2021-02-28,586,50420,204,25457,382,24963,0,0,434,18516,152,15907,435,34423,California
El Dorado,2021-03-01,1138,51558,453,25910,684,25647,1,1,625,18630,512,16419,626,35049,California
El Dorado,2021-03-02,901,52459,266,26176,635,26282,0,1,462,18655,437,16856,462,35511,California
El Dorado,2021-03-03,1680,54139,463,26639,1217,27499,0,1,1152,19288,521,17377,1154,36665,California
El Dorado,2021-03-04,2511,56650,1548,28187,963,28462,0,1,1227,19234,1281,18658,1227,37892,California
El Dorado,2021-03-05,1574,58224,422,28609,1147,29609,5,6,1042,19754,527,19185,1047,38939,California
El Dorado,2021-03-06,739,58963,210,28819,494,30103,35,41,392,19834,347,19532,427,39366,California
El Dorado,2021-03-07,404,59367,197,29016,189,30292,18,59,241,19932,161,19693,259,39625,California
El Dorado,2021-03-08,1325,60692,364,29380,890,31182,71,130,856,20393,466,20159,927,40552,California
El Dorado,2021-03-09,978,61670,225,29605,686,31868,67,197,580,20657,383,20542,647,41199,California
El Dorado,2021-03-10,943,62613,343,29948,544,32412,56,253,544,20863,393,20935,599,41798,California
El Dorado,2021-03-11,2997,65610,1827,31775,988,33400,182,435,1364,20791,1617,22552,1545,43343,California
El Dorado,2021-03-12,1779,67389,619,32394,913,34313,247,682,741,20759,1020,23572,988,44331,California
El Dorado,2021-03-13,1063,68452,344,32738,436,34749,283,965,375,20730,685,24257,656,44987,California
El Dorado,2021-03-14,791,69243,207,32945,472,35221,112,1077,280,20611,511,24768,392,45379,California
El Dorado,2021-03-15,1401,70644,303,33248,972,36193,126,1203,612,20565,785,25553,739,46118,California
El Dorado,2021-03-16,1210,71854,407,33655,659,36852,144,1347,569,20643,635,26188,713,46831,California
El Dorado,2021-03-17,1091,72945,351,34006,646,37498,94,1441,704,21054,387,26575,798,47629,California
El Dorado,2021-03-18,2971,75916,1750,35756,1176,38674,45,1486,1982,22099,982,27557,2027,49656,California
El Dorado,2021-03-19,1104,77020,363,36119,597,39271,144,1630,629,22398,475,28032,774,50430,California
El Dorado,2021-03-20,946,77966,269,36388,660,39931,17,1647,367,22214,568,28600,384,50814,California
El Dorado,2021-03-21,1028,78994,419,36807,604,40535,5,1652,938,23069,88,28688,943,51757,California
El Dorado,2021-03-22,1500,80494,488,37295,930,41465,82,1734,1191,24038,304,28992,1273,53030,California
El Dorado,2021-03-23,1143,81637,449,37744,602,42067,92,1826,735,24468,397,29389,827,53857,California
El Dorado,2021-03-24,1451,83088,620,38364,635,42702,196,2022,659,24559,764,30153,855,54712,California
El Dorado,2021-03-25,2483,85571,1672,40036,708,43410,103,2125,1367,24919,1110,31263,1470,56182,California
El Dorado,2021-03-26,1813,87384,694,40730,1010,44420,109,2234,947,25131,845,32108,1057,57239,California
El Dorado,2021-03-27,1311,88695,188,40918,1119,45539,4,2238,334,24498,971,33079,338,57577,California
El Dorado,2021-03-28,619,89314,181,41099,429,45968,9,2247,202,24295,414,33493,211,57788,California
El Dorado,2021-03-29,1308,90622,431,41530,861,46829,16,2263,823,24652,482,33975,839,58627,California
El Dorado,2021-03-30,1356,91978,411,41941,853,47682,92,2355,701,24796,648,34623,792,59419,California
El Dorado,2021-03-31,1560,93538,583,42524,914,48596,63,2418,704,24707,854,35477,765,60184,California
El Dorado,2021-04-01,3205,96743,1745,44269,1378,49974,82,2500,1518,24623,1685,37162,1601,61785,California
El Dorado,2021-04-02,1879,98622,556,44825,1228,51202,95,2595,754,24351,1121,38283,849,62634,California
El Dorado,2021-04-03,745,99367,290,45115,334,51536,121,2716,225,24178,518,38801,345,62979,California
El Dorado,2021-04-04,271,99638,85,45200,139,51675,47,2763,98,24151,172,38973,145,63124,California
El Dorado,2021-04-05,1419,101057,423,45623,902,52577,94,2857,591,24012,823,39796,684,63808,California
El Dorado,2021-04-06,1413,102470,523,46146,669,53246,221,3078,454,23729,957,40753,674,64482,California
El Dorado,2021-04-07,1573,104043,552,46698,576,53822,445,3523,556,23713,1014,41767,998,65480,California
El Dorado,2021-04-08,2668,106711,1721,48419,711,54533,236,3759,1116,23520,1544,43311,1351,66831,California
El Dorado,2021-04-09,1407,108118,439,48858,749,55282,219,3978,559,23450,845,44156,775,67606,California
El Dorado,2021-04-10,818,108936,219,49077,490,55772,109,4087,474,23690,342,44498,582,68188,California
El Dorado,2021-04-11,697,109633,452,49529,229,56001,16,4103,205,23420,491,44989,221,68409,California
El Dorado,2021-04-12,1278,110911,499,50028,631,56632,148,4251,561,23418,710,45699,708,69117,California
El Dorado,2021-04-13,1113,112024,608,50636,505,57137,0,4251,507,23323,602,46301,507,69624,California
El Dorado,2021-04-14,1066,113090,436,51072,629,57766,1,4252,364,22999,689,46990,365,69989,California
El Dorado,2021-04-15,2488,115578,1670,52742,818,58584,0,4252,967,22449,1518,48508,968,70957,California
El Dorado,2021-04-16,1453,117031,515,53257,938,59522,0,4252,607,22216,841,49349,608,71565,California
El Dorado,2021-04-17,764,117795,196,53453,568,60090,0,4252,483,22421,278,49627,483,72048,California
El Dorado,2021-04-18,968,118763,80,53533,888,60978,0,4252,401,22256,566,50193,401,72449,California
El Dorado,2021-04-19,1701,120464,435,53968,1266,62244,0,4252,691,21943,1004,51197,691,73140,California
El Dorado,2021-04-20,1106,121570,357,54325,749,62993,0,4252,460,21761,642,51839,460,73600,California
El Dorado,2021-04-21,1152,122722,464,54789,684,63677,4,4256,588,21793,557,52396,589,74189,California
El Dorado,2021-04-22,2532,125254,1664,56453,868,64545,0,4256,1070,21402,1461,53857,1070,75259,California
El Dorado,2021-04-23,1381,126635,494,56947,887,65432,0,4256,703,21431,675,54532,704,75963,California
El Dorado,2021-04-24,961,127596,510,57457,451,65883,0,4256,732,21936,227,54759,732,76695,California
El Dorado,2021-04-25,612,128208,433,57890,179,66062,0,4256,441,22206,171,54930,441,77136,California
El Dorado,2021-04-26,1029,129237,429,58319,584,66646,16,4272,501,22196,527,55457,517,77653,California
El Dorado,2021-04-27,947,130184,355,58674,564,67210,28,4300,437,22156,505,55962,465,78118,California
El Dorado,2021-04-28,979,131163,331,59005,607,67817,41,4341,362,21944,615,56577,403,78521,California
El Dorado,2021-04-29,1776,132939,1231,60236,517,68334,28,4369,443,21084,1331,57908,471,78992,California
El Dorado,2021-04-30,1942,134881,1203,61439,697,69031,42,4411,1204,21602,728,58636,1246,80238,California
El Dorado,2021-05-01,337,135218,134,61573,196,69227,7,4418,158,21595,172,58808,165,80403,California
El Dorado,2021-05-02,119,135337,92,61665,25,69252,2,4420,42,21565,74,58882,44,80447,California
El Dorado,2021-05-03,413,135750,205,61870,187,69439,21,4441,195,21565,217,59099,217,80664,California
El Dorado,2021-05-04,286,136036,186,62056,92,69531,8,4449,85,21458,200,59299,93,80757,California
Fresno,2020-12-15,2,2,2,2,0,0,0,0,2,2,0,0,2,2,California
Fresno,2020-12-16,121,123,121,123,0,0,0,0,121,123,0,0,121,123,California
Fresno,2020-12-17,120,243,120,243,0,0,0,0,120,243,0,0,120,243,California
Fresno,2020-12-18,343,586,343,586,0,0,0,0,343,586,0,0,343,586,California
Fresno,2020-12-19,157,743,157,743,0,0,0,0,157,743,0,0,157,743,California
Fresno,2020-12-20,258,1001,256,999,2,2,0,0,258,1001,0,0,258,1001,California
Fresno,2020-12-21,926,1927,925,1924,1,3,0,0,957,1958,0,0,957,1958,California
Fresno,2020-12-22,901,2828,872,2796,29,32,0,0,905,2863,0,0,905,2863,California
Fresno,2020-12-23,1087,3915,1046,3842,41,73,0,0,1088,3951,0,0,1088,3951,California
Fresno,2020-12-24,581,4496,562,4404,19,92,0,0,581,4532,0,0,581,4532,California
Fresno,2020-12-25,2,4498,1,4405,1,93,0,0,2,4534,0,0,2,4534,California
Fresno,2020-12-26,722,5220,713,5118,9,102,0,0,722,5256,0,0,722,5256,California
Fresno,2020-12-27,300,5520,204,5322,96,198,0,0,300,5556,0,0,300,5556,California
Fresno,2020-12-28,1062,6582,775,6097,287,485,0,0,1063,6619,0,0,1063,6619,California
Fresno,2020-12-29,1770,8352,1040,7137,730,1215,0,0,1768,8386,1,1,1768,8387,California
Fresno,2020-12-30,981,9333,478,7615,503,1718,0,0,981,9367,0,1,981,9368,California
Fresno,2020-12-31,897,10230,310,7925,587,2305,0,0,896,10263,0,1,896,10264,California
Fresno,2021-01-01,9,10239,3,7928,6,2311,0,0,9,10272,0,1,9,10273,California
Fresno,2021-01-02,1031,11270,717,8645,314,2625,0,0,1031,11303,0,1,1031,11304,California
Fresno,2021-01-03,153,11423,128,8773,25,2650,0,0,153,11456,0,1,153,11457,California
Fresno,2021-01-04,617,12040,376,9149,241,2891,0,0,617,12073,0,1,617,12074,California
Fresno,2021-01-05,778,12818,312,9461,466,3357,0,0,704,12703,74,75,704,12778,California
Fresno,2021-01-06,975,13793,346,9807,629,3986,0,0,803,13334,172,247,803,13581,California
Fresno,2021-01-07,1886,15679,915,10722,971,4957,0,0,1633,14717,253,500,1636,15217,California
Fresno,2021-01-08,1782,17461,613,11335,1169,6126,0,0,1418,15773,362,862,1418,16635,California
Fresno,2021-01-09,628,18089,386,11721,242,6368,0,0,354,15853,274,1136,354,16989,California
Fresno,2021-01-10,515,18604,485,12206,30,6398,0,0,202,15742,313,1449,202,17191,California
Fresno,2021-01-11,2158,20762,1751,13957,407,6805,0,0,1465,16517,693,2142,1468,18659,California
Fresno,2021-01-12,2524,23286,1826,15783,698,7503,0,0,1677,17347,849,2991,1679,20338,California
Fresno,2021-01-13,3538,26824,2423,18206,1115,8618,0,0,2682,19175,856,3847,2684,23022,California
Fresno,2021-01-14,4152,30976,2200,20406,1952,10570,0,0,3682,22388,469,4316,3682,26704,California
Fresno,2021-01-15,3648,34624,2533,22939,1115,11685,0,0,3290,25324,358,4674,3294,29998,California
Fresno,2021-01-16,3150,37774,2308,25247,842,12527,0,0,2686,27548,463,5137,2687,32685,California
Fresno,2021-01-17,977,38751,556,25803,421,12948,0,0,779,28129,198,5335,779,33464,California
Fresno,2021-01-18,3074,41825,2367,28170,707,13655,0,0,2409,29877,663,5998,2411,35875,California
Fresno,2021-01-19,4329,46154,2542,30712,1787,15442,0,0,3678,32908,651,6649,3682,39557,California
Fresno,2021-01-20,2994,49148,1186,31898,1808,17250,0,0,2693,35302,302,6951,2696,42253,California
Fresno,2021-01-21,4373,53521,2022,33920,2351,19601,0,0,4024,39001,330,7281,4029,46282,California
Fresno,2021-01-22,3311,56832,1347,35267,1964,21565,0,0,2922,41552,372,7653,2923,49205,California
Fresno,2021-01-23,3043,59875,1970,37237,1073,22638,0,0,2320,43157,722,8375,2327,51532,California
Fresno,2021-01-24,553,60428,373,37610,180,22818,0,0,348,43303,205,8580,351,51883,California
Fresno,2021-01-25,2344,62772,865,38475,1479,24297,0,0,1856,44675,488,9068,1860,53743,California
Fresno,2021-01-26,2021,64793,584,39059,1437,25734,0,0,1316,45289,703,9771,1317,55060,California
Fresno,2021-01-27,2267,67060,1163,40222,1104,26838,0,0,1747,46520,519,10290,1750,56810,California
Fresno,2021-01-28,4493,71553,3055,43277,1438,28276,0,0,3474,48982,1015,11305,3477,60287,California
Fresno,2021-01-29,1703,73256,983,44260,720,28996,0,0,1406,50095,294,11599,1407,61694,California
Fresno,2021-01-30,1452,74708,552,44812,900,29896,0,0,1035,50713,417,12016,1035,62729,California
Fresno,2021-01-31,226,74934,217,45029,9,29905,0,0,72,50631,154,12170,72,62801,California
Fresno,2021-02-01,3334,78268,1665,46694,1669,31574,0,0,1820,50956,1513,13683,1838,64639,California
Fresno,2021-02-02,2717,80985,550,47244,2167,33741,0,0,1585,51440,1117,14800,1601,66240,California
Fresno,2021-02-03,3536,84521,2095,49339,1441,35182,0,0,1521,50961,2001,16801,1522,67762,California
Fresno,2021-02-04,4197,88718,1898,51237,2299,37481,0,0,1930,50659,2237,19038,1935,69697,California
Fresno,2021-02-05,5329,94047,2725,53962,2604,40085,0,0,2306,49951,3018,22056,2310,72007,California
Fresno,2021-02-06,2936,96983,2048,56010,888,40973,0,0,977,48974,1956,24012,979,72986,California
Fresno,2021-02-07,470,97453,289,56299,181,41154,0,0,275,49055,194,24206,275,73261,California
Fresno,2021-02-08,4275,101728,2292,58591,1983,43137,0,0,1813,48439,2438,26644,1822,75083,California
Fresno,2021-02-09,5332,107060,2084,60675,3248,46385,0,0,3120,49431,2136,28780,3128,78211,California
Fresno,2021-02-10,3880,110940,1235,61910,2645,49030,0,0,1988,49593,1837,30617,1999,80210,California
Fresno,2021-02-11,6450,117390,2092,64002,4358,53388,0,0,3362,49888,3073,33690,3368,83578,California
Fresno,2021-02-12,5386,122776,1384,65386,4002,57390,0,0,2746,50020,2620,36310,2752,86330,California
Fresno,2021-02-13,3735,126511,1547,66933,2188,59578,0,0,2083,50469,1640,37950,2089,88419,California
Fresno,2021-02-14,1562,128073,282,67215,1280,60858,0,0,848,50606,713,38663,850,89269,California
Fresno,2021-02-15,2887,130960,271,67486,2616,63474,0,0,1783,51293,1100,39763,1787,91056,California
Fresno,2021-02-16,6685,137645,2404,69890,4281,67755,0,0,4248,53128,2419,42182,4254,95310,California
Fresno,2021-02-17,5337,142982,2455,72345,2882,70637,0,0,2986,53813,2306,44488,2991,98301,California
Fresno,2021-02-18,6858,149840,2903,75248,3955,74592,0,0,2573,52161,4236,48724,2584,100885,California
Fresno,2021-02-19,3834,153674,1101,76349,2733,77325,0,0,1829,51998,1995,50719,1832,102717,California
Fresno,2021-02-20,4538,158212,2502,78851,2036,79361,0,0,3056,53585,1475,52194,3062,105779,California
Fresno,2021-02-21,188,158400,171,79022,17,79378,0,0,129,53668,46,52240,129,105908,California
Fresno,2021-02-22,2231,160631,1002,80024,1229,80607,0,0,1224,53898,998,53238,1228,107136,California
Fresno,2021-02-23,3896,164527,1487,81511,2409,83016,0,0,3035,56085,850,54088,3037,110173,California
Fresno,2021-02-24,4182,168709,1499,83010,2683,85699,0,0,3434,58786,736,54824,3437,113610,California
Fresno,2021-02-25,7493,176202,2532,85542,4961,90660,0,0,6037,63438,1392,56216,6044,119654,California
Fresno,2021-02-26,8339,184541,3047,88589,5292,95952,0,0,7053,69232,1265,57481,7059,126713,California
Fresno,2021-02-27,6301,190842,2210,90799,4091,100043,0,0,5608,74164,681,58162,5613,132326,California
Fresno,2021-02-28,1639,192481,533,91332,1106,101149,0,0,1549,75637,77,58239,1550,133876,California
Fresno,2021-03-01,4929,197410,1304,92636,3625,104774,0,0,3621,77968,1298,59537,3629,137505,California
Fresno,2021-03-02,8611,206021,2317,94953,6294,111068,0,0,7244,83892,1343,60880,7267,144772,California
Fresno,2021-03-03,6827,212848,1690,96643,5136,116204,1,1,5813,88819,1001,61881,5928,150700,California
Fresno,2021-03-04,8563,221411,2543,99186,6020,122224,0,1,7037,94364,1500,63381,7045,157745,California
Fresno,2021-03-05,8009,229420,2709,101895,5298,127522,2,3,6987,100539,889,64270,7064,164809,California
Fresno,2021-03-06,6472,235892,3542,105437,2813,130335,117,120,5523,105240,943,65213,5644,170453,California
Fresno,2021-03-07,1478,237370,678,106115,766,131101,34,154,1250,106299,226,65439,1285,171738,California
Fresno,2021-03-08,5069,242439,2018,108133,2898,133999,153,307,3891,109185,1169,66608,4055,175793,California
Fresno,2021-03-09,7150,249589,2400,110533,4480,138479,270,577,3984,110325,3149,69757,4289,180082,California
Fresno,2021-03-10,6622,256211,2746,113279,3483,141962,393,970,5224,114562,1388,71145,5625,185707,California
Fresno,2021-03-11,11447,267658,4562,117841,6318,148280,567,1537,6215,116230,5189,76334,6857,192564,California
Fresno,2021-03-12,11593,279251,4937,122778,6203,154483,453,1990,8598,122444,2978,79312,9192,201756,California
Fresno,2021-03-13,8173,287424,3900,126678,3242,157725,1031,3021,3920,123233,4234,83546,5023,206779,California
Fresno,2021-03-14,1758,289182,467,127145,1001,158726,290,3311,660,123092,1089,84635,948,207727,California
Fresno,2021-03-15,7013,296195,3088,130233,3755,162481,170,3481,4852,126151,2146,86781,5205,212932,California
Fresno,2021-03-16,10071,306266,4419,134652,5258,167739,394,3875,6048,128698,3991,90772,6538,219470,California
Fresno,2021-03-17,8536,314802,3878,138530,3964,171703,694,4569,5759,132773,2757,93529,6832,226302,California
Fresno,2021-03-18,12265,327067,6579,145109,5056,176759,630,5199,8022,137648,4199,97728,9074,235376,California
Fresno,2021-03-19,10743,337810,5627,150736,4502,181261,614,5813,7263,142367,3452,101180,8171,243547,California
Fresno,2021-03-20,7381,345191,4423,155159,2647,183908,311,6124,4517,144623,2841,104021,5097,248644,California
Fresno,2021-03-21,1777,346968,1204,156363,202,184110,371,6495,961,145144,812,104833,1333,249977,California
Fresno,2021-03-22,5647,352615,2889,159252,2163,186273,595,7090,3853,148013,1778,106611,4647,254624,California
Fresno,2021-03-23,10538,363153,5241,164493,4803,191076,494,7584,6066,150547,4452,111063,6986,261610,California
Fresno,2021-03-24,8607,371760,3633,168126,4145,195221,829,8413,4735,152324,3839,114902,5616,267226,California
Fresno,2021-03-25,12055,383815,5575,173701,5698,200919,782,9195,6177,153528,5837,120739,7041,274267,California
Fresno,2021-03-26,12015,395830,5330,179031,6041,206960,644,9839,5280,152784,6687,127426,5943,280210,California
Fresno,2021-03-27,9364,405194,4129,183160,4152,211112,1083,10922,2934,150411,6394,133820,4021,284231,California
Fresno,2021-03-28,3281,408475,1198,184358,1396,212508,687,11609,1257,150597,2017,135837,2203,286434,California
Fresno,2021-03-29,5993,414468,1979,186337,3472,215980,542,12151,2898,150978,3071,138908,3452,289886,California
Fresno,2021-03-30,10771,425239,4211,190548,5676,221656,884,13035,4459,150031,6288,145196,5341,295227,California
Fresno,2021-03-31,9249,434488,3319,193867,4948,226604,982,14017,3791,149382,5420,150616,4771,299998,California
Fresno,2021-04-01,11410,445898,4066,197933,6494,233098,850,14867,3930,146727,7399,158015,4744,304742,California
Fresno,2021-04-02,11560,457458,4404,202337,6368,239466,788,15655,4222,144559,7184,165199,5016,309758,California
Fresno,2021-04-03,6178,463636,3377,205714,2550,242016,251,15906,2226,143134,3940,169139,2515,312273,California
Fresno,2021-04-04,1490,465126,533,206247,913,242929,44,15950,564,142824,918,170057,608,312881,California
Fresno,2021-04-05,8253,473379,4458,210705,2999,245928,796,16746,2529,140503,5714,175771,3393,316274,California
Fresno,2021-04-06,9532,482911,4008,214713,4349,250277,1175,17921,3602,139396,5897,181668,4790,321064,California
Fresno,2021-04-07,10308,493219,5299,220012,3828,254105,1181,19102,3551,137434,6722,188390,4760,325824,California
Fresno,2021-04-08,10789,504008,5114,225126,4540,258645,1135,20237,3505,134874,7244,195634,4684,330508,California
Fresno,2021-04-09,10670,514678,5103,230229,4209,262854,1358,21595,3593,132810,7037,202671,4973,335481,California
Fresno,2021-04-10,7839,522517,5144,235373,2175,265029,520,22115,3725,132953,4103,206774,4246,339727,California
Fresno,2021-04-11,1389,523906,930,236303,370,265399,89,22204,449,132556,935,207709,538,340265,California
Fresno,2021-04-12,7101,531007,3757,240060,2441,267840,903,23107,2313,131007,4765,212474,3216,343481,California
Fresno,2021-04-13,8885,539892,4221,244281,4594,272434,70,23177,3502,129320,5350,217824,3663,347144,California
Fresno,2021-04-14,8828,548720,5137,249418,3690,276124,1,23178,3629,127829,5166,222990,3675,350819,California
Fresno,2021-04-15,7767,556487,3615,253033,4150,280274,2,23180,3006,126105,4735,227725,3011,353830,California
Fresno,2021-04-16,8935,565422,4241,257274,4692,284966,2,23182,3832,124880,5064,232789,3839,357669,California
Fresno,2021-04-17,5569,570991,3734,261008,1835,286801,0,23182,2718,124765,2835,235624,2720,360389,California
Fresno,2021-04-18,1019,572010,552,261560,467,287268,0,23182,474,124697,542,236166,474,360863,California
Fresno,2021-04-19,5396,577406,2914,264474,2478,289746,4,23186,2170,123681,3193,239359,2177,363040,California
Fresno,2021-04-20,6818,584224,3313,267787,3497,293243,8,23194,2538,121972,4256,243615,2547,365587,California
Fresno,2021-04-21,6253,590477,3411,271198,2834,296077,8,23202,2589,120935,3638,247253,2601,368188,California
Fresno,2021-04-22,6318,596795,3135,274333,3182,299259,1,23203,2333,119335,3937,251190,2337,370525,California
Fresno,2021-04-23,6979,603774,3751,278084,3209,302468,19,23222,2701,117802,4241,255431,2708,373233,California
Fresno,2021-04-24,4152,607926,2482,280566,1670,304138,0,23222,1958,117578,2182,257613,1958,375191,California
Fresno,2021-04-25,1355,609281,567,281133,786,304924,2,23224,674,117575,678,258291,675,375866,California
Fresno,2021-04-26,3771,613052,1843,282976,1889,306813,39,23263,1600,117063,2149,260440,1637,377503,California
Fresno,2021-04-27,4316,617368,2112,285088,2100,308913,104,23367,1657,116182,2642,263082,1761,379264,California
Fresno,2021-04-28,4361,621729,2367,287455,1877,310790,117,23484,1801,115558,2541,265623,1917,381181,California
Fresno,2021-04-29,4218,625947,2380,289835,1713,312503,125,23609,1566,114625,2622,268245,1689,382870,California
Fresno,2021-04-30,4939,630886,3008,292843,1805,314308,126,23735,1955,113748,2957,271202,2080,384950,California
Fresno,2021-05-01,2874,633760,2463,295306,321,314629,90,23825,783,112541,2079,273281,872,385822,California
Fresno,2021-05-02,440,634200,203,295509,227,314856,10,23835,271,112660,162,273443,281,386103,California
Fresno,2021-05-03,2515,636715,1578,297087,820,315676,117,23952,820,111911,1683,275126,934,387037,California
Fresno,2021-05-04,2911,639626,1532,298619,1315,316991,64,24016,821,110716,2082,277208,887,387924,California
Glenn,2020-12-17,1,1,1,1,0,0,0,0,1,1,0,0,1,1,California
Glenn,2020-12-19,1,2,1,2,0,0,0,0,1,2,0,0,1,2,California
Glenn,2020-12-20,1,3,1,3,0,0,0,0,1,3,0,0,1,3,California
Glenn,2020-12-21,11,14,11,14,0,0,0,0,11,14,0,0,11,14,California
Glenn,2020-12-22,59,73,59,73,0,0,0,0,59,73,0,0,59,73,California
Glenn,2020-12-23,27,100,27,100,0,0,0,0,27,100,0,0,27,100,California
Glenn,2020-12-24,9,109,9,109,0,0,0,0,9,109,0,0,9,109,California
Glenn,2020-12-26,2,111,2,111,0,0,0,0,2,111,0,0,2,111,California
Glenn,2020-12-27,4,115,4,115,0,0,0,0,4,115,0,0,4,115,California
Glenn,2020-12-28,21,136,21,136,0,0,0,0,21,136,0,0,21,136,California
Glenn,2020-12-29,82,218,82,218,0,0,0,0,82,218,0,0,82,218,California
Glenn,2020-12-30,128,346,106,324,22,22,0,0,128,346,0,0,128,346,California
Glenn,2020-12-31,38,384,9,333,29,51,0,0,38,384,0,0,38,384,California
Glenn,2021-01-02,2,386,2,335,0,51,0,0,2,386,0,0,2,386,California
Glenn,2021-01-04,7,393,5,340,2,53,0,0,7,393,0,0,7,393,California
Glenn,2021-01-05,9,402,8,348,1,54,0,0,9,402,0,0,9,402,California
Glenn,2021-01-06,60,462,8,356,52,106,0,0,60,462,0,0,60,462,California
Glenn,2021-01-07,67,529,12,368,55,161,0,0,65,525,2,2,65,527,California
Glenn,2021-01-08,12,541,9,377,3,164,0,0,12,537,0,2,12,539,California
Glenn,2021-01-10,1,542,1,378,0,164,0,0,0,536,1,3,0,539,California
Glenn,2021-01-11,30,572,30,408,0,164,0,0,12,530,18,21,12,551,California
Glenn,2021-01-12,42,614,37,445,5,169,0,0,14,516,28,49,14,565,California
Glenn,2021-01-13,154,768,89,534,65,234,0,0,110,582,44,93,110,675,California
Glenn,2021-01-14,185,953,96,630,89,323,0,0,175,747,10,103,175,850,California
Glenn,2021-01-15,42,995,34,664,8,331,0,0,37,779,5,108,37,887,California
Glenn,2021-01-16,34,1029,14,678,20,351,0,0,24,793,10,118,24,911,California
Glenn,2021-01-17,4,1033,2,680,2,353,0,0,2,793,2,120,2,913,California
Glenn,2021-01-18,17,1050,16,696,1,354,0,0,9,794,8,128,9,922,California
Glenn,2021-01-19,31,1081,20,716,11,365,0,0,14,791,17,145,14,936,California
Glenn,2021-01-20,163,1244,94,810,69,434,0,0,82,792,81,226,82,1018,California
Glenn,2021-01-21,124,1368,98,908,26,460,0,0,30,728,94,320,30,1048,California
Glenn,2021-01-22,337,1705,63,971,274,734,0,0,330,1051,7,327,330,1378,California
Glenn,2021-01-23,14,1719,7,978,7,741,0,0,12,1061,2,329,12,1390,California
Glenn,2021-01-24,2,1721,2,980,0,741,0,0,2,1063,0,329,2,1392,California
Glenn,2021-01-25,27,1748,9,989,18,759,0,0,24,1084,3,332,24,1416,California
Glenn,2021-01-26,29,1777,13,1002,16,775,0,0,23,1101,6,338,23,1439,California
Glenn,2021-01-27,187,1964,13,1015,174,949,0,0,166,1246,21,359,166,1605,California
Glenn,2021-01-28,146,2110,8,1023,138,1087,0,0,116,1332,30,389,116,1721,California
Glenn,2021-01-29,296,2406,12,1035,284,1371,0,0,282,1600,14,403,282,2003,California
Glenn,2021-01-30,4,2410,0,1035,4,1375,0,0,4,1604,0,403,4,2007,California
Glenn,2021-01-31,1,2411,0,1035,1,1376,0,0,1,1605,0,403,1,2008,California
Glenn,2021-02-01,28,2439,10,1045,18,1394,0,0,16,1609,12,415,16,2024,California
Glenn,2021-02-02,28,2467,13,1058,15,1409,0,0,19,1619,9,424,19,2043,California
Glenn,2021-02-03,207,2674,58,1116,149,1558,0,0,111,1635,96,520,112,2155,California
Glenn,2021-02-04,150,2824,84,1200,66,1624,0,0,45,1575,105,625,45,2200,California
Glenn,2021-02-05,319,3143,24,1224,295,1919,0,0,299,1854,20,645,299,2499,California
Glenn,2021-02-06,14,3157,2,1226,12,1931,0,0,13,1866,1,646,13,2512,California
Glenn,2021-02-07,2,3159,2,1228,0,1931,0,0,2,1868,0,646,2,2514,California
Glenn,2021-02-08,21,3180,17,1245,4,1935,0,0,4,1855,17,663,4,2518,California
Glenn,2021-02-09,49,3229,20,1265,29,1964,0,0,36,1878,13,676,36,2554,California
Glenn,2021-02-10,139,3368,19,1284,120,2084,0,0,65,1869,74,750,65,2619,California
Glenn,2021-02-11,232,3600,132,1416,100,2184,0,0,149,1935,83,833,149,2768,California
Glenn,2021-02-12,420,4020,99,1515,321,2505,0,0,356,2227,64,897,356,3124,California
Glenn,2021-02-13,34,4054,7,1522,27,2532,0,0,16,2225,18,915,16,3140,California
Glenn,2021-02-14,1,4055,0,1522,1,2533,0,0,1,2226,0,915,1,3141,California
Glenn,2021-02-15,8,4063,0,1522,8,2541,0,0,8,2234,0,915,8,3149,California
Glenn,2021-02-16,39,4102,9,1531,30,2571,0,0,21,2237,18,933,21,3170,California
Glenn,2021-02-17,380,4482,15,1546,365,2936,0,0,302,2461,78,1011,302,3472,California
Glenn,2021-02-18,135,4617,100,1646,35,2971,0,0,111,2548,24,1035,111,3583,California
Glenn,2021-02-19,303,4920,17,1663,286,3257,0,0,29,2303,274,1309,29,3612,California
Glenn,2021-02-20,8,4928,0,1663,8,3265,0,0,0,2295,8,1317,0,3612,California
Glenn,2021-02-22,33,4961,14,1677,19,3284,0,0,17,2296,16,1333,17,3629,California
Glenn,2021-02-23,40,5001,10,1687,30,3314,0,0,28,2312,12,1345,28,3657,California
Glenn,2021-02-24,221,5222,15,1702,206,3520,0,0,47,2185,174,1519,47,3704,California
Glenn,2021-02-25,262,5484,148,1850,114,3634,0,0,118,2159,144,1663,118,3822,California
Glenn,2021-02-26,304,5788,24,1874,280,3914,0,0,20,1896,283,1946,20,3842,California
Glenn,2021-02-27,15,5803,5,1879,10,3924,0,0,5,1892,9,1955,5,3847,California
Glenn,2021-02-28,6,5809,3,1882,3,3927,0,0,3,1893,2,1957,3,3850,California
Glenn,2021-03-01,28,5837,6,1888,22,3949,0,0,12,1889,16,1973,12,3862,California
Glenn,2021-03-02,35,5872,7,1895,28,3977,0,0,17,1888,18,1991,17,3879,California
Glenn,2021-03-03,192,6064,37,1932,155,4132,0,0,101,1900,89,2080,101,3980,California
Glenn,2021-03-04,521,6585,176,2108,345,4477,0,0,376,2131,145,2225,376,4356,California
Glenn,2021-03-05,356,6941,48,2156,308,4785,0,0,35,1845,321,2546,35,4391,California
Glenn,2021-03-06,26,6967,3,2159,22,4807,1,1,9,1838,17,2563,10,4401,California
Glenn,2021-03-07,5,6972,0,2159,5,4812,0,1,3,1840,1,2564,3,4404,California
Glenn,2021-03-08,20,6992,2,2161,17,4829,1,2,18,1857,2,2566,19,4423,California
Glenn,2021-03-09,82,7074,11,2172,68,4897,3,5,54,1885,28,2594,56,4479,California
Glenn,2021-03-10,172,7246,68,2240,102,4999,2,7,95,1905,77,2671,97,4576,California
Glenn,2021-03-11,584,7830,170,2410,391,5390,23,30,454,2252,130,2801,477,5053,California
Glenn,2021-03-12,417,8247,14,2424,342,5732,61,91,41,1978,376,3177,102,5155,California
Glenn,2021-03-13,12,8259,1,2425,3,5735,8,99,1,1976,11,3188,9,5164,California
Glenn,2021-03-14,3,8262,1,2426,2,5737,0,99,2,1977,1,3189,2,5166,California
Glenn,2021-03-15,75,8337,15,2441,55,5792,5,104,60,2027,15,3204,65,5231,California
Glenn,2021-03-16,106,8443,33,2474,62,5854,11,115,65,2062,41,3245,76,5307,California
Glenn,2021-03-17,417,8860,97,2571,313,6167,7,122,116,1882,301,3546,121,5428,California
Glenn,2021-03-18,520,9380,214,2785,50,6217,256,378,145,1907,375,3921,400,5828,California
Glenn,2021-03-19,92,9472,16,2801,70,6287,6,384,71,1964,20,3941,77,5905,California
Glenn,2021-03-20,121,9593,1,2802,119,6406,1,385,119,2082,2,3943,120,6025,California
Glenn,2021-03-21,6,9599,5,2807,0,6406,1,386,3,2084,2,3945,4,6029,California
Glenn,2021-03-22,116,9715,53,2860,55,6461,8,394,96,2170,18,3963,104,6133,California
Glenn,2021-03-23,173,9888,66,2926,56,6517,51,445,100,2249,72,4035,151,6284,California
Glenn,2021-03-24,204,10092,99,3025,100,6617,5,450,132,2315,71,4106,137,6421,California
Glenn,2021-03-25,455,10547,226,3251,135,6752,94,544,326,2607,128,4234,420,6841,California
Glenn,2021-03-26,227,10774,35,3286,156,6908,36,580,176,2768,51,4285,212,7053,California
Glenn,2021-03-27,150,10924,21,3307,124,7032,5,585,140,2903,10,4295,145,7198,California
Glenn,2021-03-28,15,10939,10,3317,5,7037,0,585,10,2908,5,4300,10,7208,California
Glenn,2021-03-29,59,10998,19,3336,37,7074,3,588,45,2942,14,4314,48,7256,California
Glenn,2021-03-30,73,11071,41,3377,31,7105,1,589,42,2956,29,4343,43,7299,California
Glenn,2021-03-31,125,11196,35,3412,89,7194,1,590,54,2941,70,4413,55,7354,California
Glenn,2021-04-01,638,11834,183,3595,446,7640,9,599,227,2768,409,4822,236,7590,California
Glenn,2021-04-02,158,11992,25,3620,121,7761,12,611,122,2866,36,4858,134,7724,California
Glenn,2021-04-03,91,12083,4,3624,80,7841,7,618,80,2942,11,4869,87,7811,California
Glenn,2021-04-04,8,12091,3,3627,3,7844,2,620,4,2944,4,4873,6,7817,California
Glenn,2021-04-05,65,12156,25,3652,27,7871,13,633,28,2948,37,4910,41,7858,California
Glenn,2021-04-06,144,12300,52,3704,53,7924,39,672,38,2919,105,5015,76,7934,California
Glenn,2021-04-07,158,12458,46,3750,58,7982,54,726,72,2959,86,5101,126,8060,California
Glenn,2021-04-08,639,13097,189,3939,416,8398,34,760,138,2632,499,5600,172,8232,California
Glenn,2021-04-09,158,13255,58,3997,84,8482,16,776,101,2692,57,5657,117,8349,California
Glenn,2021-04-10,75,13330,1,3998,63,8545,11,787,63,2754,12,5669,74,8423,California
Glenn,2021-04-11,17,13347,8,4006,4,8549,5,792,7,2756,10,5679,12,8435,California
Glenn,2021-04-12,113,13460,24,4030,60,8609,29,821,19,2710,94,5773,48,8483,California
Glenn,2021-04-13,118,13578,63,4093,55,8664,0,821,32,2657,85,5858,32,8515,California
Glenn,2021-04-14,121,13699,46,4139,75,8739,0,821,67,2670,54,5912,67,8582,California
Glenn,2021-04-15,361,14060,275,4414,86,8825,0,821,125,2559,236,6148,125,8707,California
Glenn,2021-04-16,165,14225,40,4454,125,8950,0,821,81,2556,84,6232,81,8788,California
Glenn,2021-04-17,163,14388,16,4470,147,9097,0,821,35,2469,122,6354,35,8823,California
Glenn,2021-04-18,16,14404,3,4473,13,9110,0,821,13,2479,3,6357,13,8836,California
Glenn,2021-04-19,82,14486,17,4490,65,9175,0,821,27,2452,54,6411,27,8863,California
Glenn,2021-04-20,126,14612,81,4571,45,9220,0,821,57,2440,69,6480,57,8920,California
Glenn,2021-04-21,408,15020,305,4876,103,9323,0,821,282,2596,126,6606,282,9202,California
Glenn,2021-04-22,205,15225,45,4921,160,9483,0,821,43,2478,161,6767,43,9245,California
Glenn,2021-04-23,166,15391,24,4945,142,9625,0,821,46,2405,119,6886,46,9291,California
Glenn,2021-04-24,179,15570,32,4977,147,9772,0,821,44,2314,135,7021,44,9335,California
Glenn,2021-04-25,28,15598,16,4993,12,9784,0,821,21,2328,7,7028,21,9356,California
Glenn,2021-04-26,44,15642,9,5002,35,9819,0,821,18,2320,26,7054,18,9374,California
Glenn,2021-04-27,52,15694,39,5041,8,9827,5,826,24,2321,27,7081,28,9402,California
Glenn,2021-04-28,245,15939,168,5209,66,9893,11,837,124,2335,121,7202,135,9537,California
Glenn,2021-04-29,155,16094,18,5227,136,10029,1,838,39,2259,116,7318,40,9577,California
Glenn,2021-04-30,150,16244,30,5257,118,10147,2,840,45,2201,105,7423,47,9624,California
Glenn,2021-05-01,96,16340,2,5259,93,10240,1,841,22,2150,74,7497,23,9647,California
Glenn,2021-05-02,15,16355,1,5260,8,10248,6,847,9,2159,6,7503,15,9662,California
Glenn,2021-05-03,15,16370,2,5262,12,10260,1,848,8,2161,7,7510,9,9671,California
Glenn,2021-05-04,24,16394,7,5269,13,10273,4,852,10,2161,14,7524,14,9685,California
Humboldt,2020-12-15,2,2,2,2,0,0,0,0,2,2,0,0,2,2,California
Humboldt,2020-12-16,15,17,15,17,0,0,0,0,15,17,0,0,15,17,California
Humboldt,2020-12-17,117,134,117,134,0,0,0,0,117,134,0,0,117,134,California
Humboldt,2020-12-18,176,310,176,310,0,0,0,0,176,310,0,0,176,310,California
Humboldt,2020-12-19,10,320,10,320,0,0,0,0,10,320,0,0,10,320,California
Humboldt,2020-12-20,28,348,28,348,0,0,0,0,28,348,0,0,28,348,California
Humboldt,2020-12-21,165,513,165,513,0,0,0,0,165,513,0,0,165,513,California
Humboldt,2020-12-22,296,809,296,809,0,0,0,0,296,809,0,0,296,809,California
Humboldt,2020-12-23,310,1119,262,1071,48,48,0,0,312,1121,0,0,312,1121,California
Humboldt,2020-12-24,25,1144,2,1073,23,71,0,0,25,1146,0,0,25,1146,California
Humboldt,2020-12-25,2,1146,2,1075,0,71,0,0,2,1148,0,0,2,1148,California
Humboldt,2020-12-26,6,1152,5,1080,1,72,0,0,6,1154,0,0,6,1154,California
Humboldt,2020-12-28,156,1308,145,1225,11,83,0,0,156,1310,0,0,156,1310,California
Humboldt,2020-12-29,169,1477,124,1349,45,128,0,0,169,1479,0,0,169,1479,California
Humboldt,2020-12-30,223,1700,124,1473,99,227,0,0,223,1702,0,0,223,1702,California
Humboldt,2020-12-31,242,1942,79,1552,163,390,0,0,242,1944,0,0,242,1944,California
Humboldt,2021-01-01,2,1944,1,1553,1,391,0,0,2,1946,0,0,2,1946,California
Humboldt,2021-01-02,38,1982,1,1554,37,428,0,0,38,1984,0,0,38,1984,California
Humboldt,2021-01-04,217,2199,142,1696,75,503,0,0,218,2202,0,0,218,2202,California
Humboldt,2021-01-05,128,2327,18,1714,110,613,0,0,127,2328,1,1,127,2329,California
Humboldt,2021-01-06,301,2628,203,1917,98,711,0,0,229,2496,61,62,229,2558,California
Humboldt,2021-01-07,418,3046,306,2223,112,823,0,0,305,2703,98,160,305,2863,California
Humboldt,2021-01-08,418,3464,279,2502,139,962,0,0,283,2855,131,291,283,3146,California
Humboldt,2021-01-09,69,3533,45,2547,24,986,0,0,66,2919,3,294,67,3213,California
Humboldt,2021-01-10,84,3617,84,2631,0,986,0,0,4,2843,80,374,4,3217,California
Humboldt,2021-01-11,288,3905,277,2908,11,997,0,0,72,2703,212,586,72,3289,California
Humboldt,2021-01-12,482,4387,319,3227,163,1160,0,0,298,2839,162,748,298,3587,California
Humboldt,2021-01-13,481,4868,275,3502,206,1366,0,0,304,2970,174,922,305,3892,California
Humboldt,2021-01-14,521,5389,164,3666,357,1723,0,0,465,3380,56,978,466,4358,California
Humboldt,2021-01-15,374,5763,39,3705,335,2058,0,0,357,3720,17,995,357,4715,California
Humboldt,2021-01-16,170,5933,6,3711,164,2222,0,0,169,3888,1,996,169,4884,California
Humboldt,2021-01-17,6,5939,4,3715,2,2224,0,0,6,3894,0,996,6,4890,California
Humboldt,2021-01-18,293,6232,258,3973,35,2259,0,0,143,3887,150,1146,143,5033,California
Humboldt,2021-01-19,625,6857,372,4345,253,2512,0,0,498,4264,121,1267,498,5531,California
Humboldt,2021-01-20,913,7770,403,4748,510,3022,0,0,765,4892,139,1406,767,6298,California
Humboldt,2021-01-21,958,8728,260,5008,698,3720,0,0,916,5766,42,1448,916,7214,California
Humboldt,2021-01-22,675,9403,376,5384,299,4019,0,0,667,6425,8,1456,667,7881,California
Humboldt,2021-01-23,801,10204,272,5656,529,4548,0,0,792,7209,9,1465,793,8674,California
Humboldt,2021-01-24,226,10430,1,5657,225,4773,0,0,225,7433,1,1466,225,8899,California
Humboldt,2021-01-25,304,10734,233,5890,71,4844,0,0,149,7427,155,1621,149,9048,California
Humboldt,2021-01-26,526,11260,141,6031,385,5229,0,0,478,7857,48,1669,478,9526,California
Humboldt,2021-01-27,1260,12520,587,6618,673,5902,0,0,1195,8995,58,1727,1196,10722,California
Humboldt,2021-01-28,1456,13976,634,7252,822,6724,0,0,1320,10184,133,1860,1322,12044,California
Humboldt,2021-01-29,1132,15108,546,7798,586,7310,0,0,709,10471,423,2283,710,12754,California
Humboldt,2021-01-30,975,16083,458,8256,517,7827,0,0,962,11421,13,2296,963,13717,California
Humboldt,2021-01-31,311,16394,310,8566,1,7828,0,0,310,11730,1,2297,310,14027,California
Humboldt,2021-02-01,333,16727,192,8758,141,7969,0,0,189,11776,143,2440,189,14216,California
Humboldt,2021-02-02,443,17170,74,8832,369,8338,0,0,339,12016,101,2541,341,14557,California
Humboldt,2021-02-03,657,17827,259,9091,398,8736,0,0,507,12373,150,2691,507,15064,California
Humboldt,2021-02-04,638,18465,262,9353,376,9112,0,0,441,12620,194,2885,441,15505,California
Humboldt,2021-02-05,811,19276,94,9447,717,9829,0,0,625,13059,186,3071,625,16130,California
Humboldt,2021-02-06,1055,20331,444,9891,611,10440,0,0,1014,14034,40,3111,1015,17145,California
Humboldt,2021-02-07,379,20710,9,9900,370,10810,0,0,374,14405,4,3115,375,17520,California
Humboldt,2021-02-08,325,21035,142,10042,183,10993,0,0,184,14449,140,3255,184,17704,California
Humboldt,2021-02-09,493,21528,219,10261,274,11267,0,0,179,14314,314,3569,179,17883,California
Humboldt,2021-02-10,563,22091,370,10631,193,11460,0,0,232,14220,326,3895,232,18115,California
Humboldt,2021-02-11,1294,23385,393,11024,901,12361,0,0,509,13947,782,4677,509,18624,California
Humboldt,2021-02-12,1147,24532,736,11760,411,12772,0,0,707,14214,440,5117,707,19331,California
Humboldt,2021-02-13,1502,26034,554,12314,948,13720,0,0,913,14540,587,5704,913,20244,California
Humboldt,2021-02-14,112,26146,5,12319,107,13827,0,0,109,14647,2,5706,109,20353,California
Humboldt,2021-02-15,292,26438,78,12397,214,14041,0,0,195,14745,97,5803,195,20548,California
Humboldt,2021-02-16,533,26971,117,12514,416,14457,0,0,252,14717,281,6084,253,20801,California
Humboldt,2021-02-17,453,27424,281,12795,172,14629,0,0,137,14539,315,6399,137,20938,California
Humboldt,2021-02-18,968,28392,596,13391,372,15001,0,0,229,14030,738,7137,229,21167,California
Humboldt,2021-02-19,476,28868,434,13825,42,15043,0,0,89,13735,384,7521,89,21256,California
Humboldt,2021-02-20,1586,30454,980,14805,606,15649,0,0,475,13104,1108,8629,477,21733,California
Humboldt,2021-02-21,479,30933,471,15276,8,15657,0,0,184,12994,295,8924,185,21918,California
Humboldt,2021-02-22,127,31060,92,15368,35,15692,0,0,28,12925,97,9021,28,21946,California
Humboldt,2021-02-23,173,31233,70,15438,103,15795,0,0,40,12834,131,9152,40,21986,California
Humboldt,2021-02-24,1162,32395,703,16141,459,16254,0,0,584,12841,577,9729,584,22570,California
Humboldt,2021-02-25,831,33226,316,16457,515,16769,0,0,228,12468,601,10330,228,22798,California
Humboldt,2021-02-26,2143,35369,106,16563,2037,18806,0,0,453,11238,1684,12014,454,23252,California
Humboldt,2021-02-27,1694,37063,1076,17639,618,19424,0,0,871,11292,821,12835,875,24127,California
Humboldt,2021-02-28,122,37185,11,17650,111,19535,0,0,117,11404,5,12840,117,24244,California
Humboldt,2021-03-01,258,37443,47,17697,211,19746,0,0,183,11512,75,12915,183,24427,California
Humboldt,2021-03-02,286,37729,48,17745,238,19984,0,0,156,11538,130,13045,156,24583,California
Humboldt,2021-03-03,1650,39379,1096,18841,554,20538,0,0,1220,12336,423,13468,1221,25804,California
Humboldt,2021-03-04,886,40265,111,18952,775,21313,0,0,267,11986,619,14087,269,26073,California
Humboldt,2021-03-05,935,41200,184,19136,740,22053,11,11,378,11822,553,14640,389,26462,California
Humboldt,2021-03-06,1694,42894,838,19974,807,22860,49,60,711,11600,982,15622,760,27222,California
Humboldt,2021-03-07,363,43257,295,20269,50,22910,18,78,158,11571,205,15827,176,27398,California
Humboldt,2021-03-08,257,43514,6,20275,173,23083,78,156,163,11718,94,15921,241,27639,California
Humboldt,2021-03-09,465,43979,202,20477,118,23201,145,301,220,11840,243,16164,365,28004,California
Humboldt,2021-03-10,681,44660,466,20943,62,23263,153,454,412,12135,268,16432,563,28567,California
Humboldt,2021-03-11,1436,46096,461,21404,876,24139,99,553,619,12037,815,17247,717,29284,California
Humboldt,2021-03-12,1739,47835,1083,22487,435,24574,221,774,1047,12624,684,17931,1271,30555,California
Humboldt,2021-03-13,1569,49404,1021,23508,496,25070,52,826,678,12469,885,18816,730,31285,California
Humboldt,2021-03-14,142,49546,18,23526,115,25185,9,835,28,12392,114,18930,37,31322,California
Humboldt,2021-03-15,267,49813,51,23577,196,25381,20,855,51,12247,216,19146,71,31393,California
Humboldt,2021-03-16,632,50445,200,23777,172,25553,260,1115,258,12390,373,19519,516,31909,California
Humboldt,2021-03-17,729,51174,397,24174,224,25777,108,1223,336,12442,392,19911,444,32353,California
Humboldt,2021-03-18,1735,52909,1166,25340,526,26303,43,1266,1042,12839,688,20599,1085,33438,California
Humboldt,2021-03-19,1074,53983,58,25398,702,27005,314,1580,441,12964,630,21229,755,34193,California
Humboldt,2021-03-20,1375,55358,751,26149,611,27616,13,1593,427,12459,946,22175,441,34634,California
Humboldt,2021-03-21,247,55605,33,26182,185,27801,29,1622,200,12641,47,22222,229,34863,California
Humboldt,2021-03-22,114,55719,15,26197,49,27850,50,1672,57,12693,55,22277,107,34970,California
Humboldt,2021-03-23,409,56128,40,26237,326,28176,43,1715,319,12967,88,22365,362,35332,California
Humboldt,2021-03-24,1416,57544,389,26626,979,29155,48,1763,1039,13683,369,22734,1085,36417,California
Humboldt,2021-03-25,1829,59373,1204,27830,563,29718,62,1825,944,13806,883,23617,1006,37423,California
Humboldt,2021-03-26,2033,61406,438,28268,1539,31257,56,1881,1592,15017,436,24053,1647,39070,California
Humboldt,2021-03-27,1932,63338,1438,29706,326,31583,168,2049,1066,15389,862,24915,1234,40304,California
Humboldt,2021-03-28,267,63605,81,29787,115,31698,71,2120,85,15364,182,25097,157,40461,California
Humboldt,2021-03-29,466,64071,124,29911,247,31945,95,2215,198,15389,267,25364,292,40753,California
Humboldt,2021-03-30,935,65006,303,30214,519,32464,113,2328,562,15694,369,25733,674,41427,California
Humboldt,2021-03-31,1848,66854,518,30732,1234,33698,96,2424,1396,16740,448,26181,1494,42921,California
Humboldt,2021-04-01,2096,68950,703,31435,1303,35001,90,2514,1483,17707,606,26787,1573,44494,California
Humboldt,2021-04-02,1688,70638,1097,32532,487,35488,104,2618,599,17327,1083,27870,703,45197,California
Humboldt,2021-04-03,1651,72289,1494,34026,141,35629,16,2634,659,17020,982,28852,675,45872,California
Humboldt,2021-04-04,477,72766,367,34393,101,35730,9,2643,403,17359,74,28926,413,46285,California
Humboldt,2021-04-05,755,73521,454,34847,253,35983,48,2691,436,17526,317,29243,484,46769,California
Humboldt,2021-04-06,818,74339,318,35165,366,36349,134,2825,582,18010,230,29473,714,47483,California
Humboldt,2021-04-07,1477,75816,1055,36220,284,36633,138,2963,983,18639,492,29965,1121,48604,California
Humboldt,2021-04-08,1717,77533,1083,37303,476,37109,158,3121,729,18539,987,30952,887,49491,California
Humboldt,2021-04-09,1415,78948,438,37741,825,37934,152,3273,1141,19551,274,31226,1286,50777,California
Humboldt,2021-04-10,925,79873,134,37875,616,38550,175,3448,728,20257,195,31421,901,51678,California
Humboldt,2021-04-11,635,80508,136,38011,33,38583,466,3914,125,20337,510,31931,590,52268,California
Humboldt,2021-04-12,421,80929,224,38235,75,38658,122,4036,276,20589,145,32076,397,52665,California
Humboldt,2021-04-13,579,81508,320,38555,256,38914,3,4039,545,21105,31,32107,547,53212,California
Humboldt,2021-04-14,1416,82924,1033,39588,383,39297,0,4039,1312,22314,103,32210,1312,54524,California
Humboldt,2021-04-15,1804,84728,1192,40780,608,39905,4,4043,1239,23008,547,32757,1241,55765,California
Humboldt,2021-04-16,1119,85847,514,41294,605,40510,0,4043,536,22964,580,33337,536,56301,California
Humboldt,2021-04-17,1593,87440,1272,42566,321,40831,0,4043,1011,23399,576,33913,1011,57312,California
Humboldt,2021-04-18,478,87918,340,42906,138,40969,0,4043,93,23111,381,34294,93,57405,California
Humboldt,2021-04-19,186,88104,83,42989,103,41072,0,4043,72,23071,112,34406,72,57477,California
Humboldt,2021-04-20,475,88579,133,43122,342,41414,0,4043,234,23065,240,34646,234,57711,California
Humboldt,2021-04-21,1078,89657,373,43495,705,42119,0,4043,425,22848,643,35289,426,58137,California
Humboldt,2021-04-22,850,90507,498,43993,350,42469,2,4045,429,22858,419,35708,429,58566,California
Humboldt,2021-04-23,2131,92638,292,44285,1839,44308,0,4045,302,21336,1824,37532,302,58868,California
Humboldt,2021-04-24,1008,93646,874,45159,129,44437,5,4050,349,21033,657,38189,354,59222,California
Humboldt,2021-04-25,375,94021,241,45400,134,44571,0,4050,196,21053,176,38365,196,59418,California
Humboldt,2021-04-26,268,94289,188,45588,77,44648,3,4053,81,20950,185,38550,82,59500,California
Humboldt,2021-04-27,630,94919,188,45776,424,45072,18,4071,127,20594,501,39051,145,59645,California
Humboldt,2021-04-28,1410,96329,724,46500,643,45715,43,4114,352,19934,1055,40106,395,60040,California
Humboldt,2021-04-29,1582,97911,516,47016,1035,46750,31,4145,231,18848,1348,41454,262,60302,California
Humboldt,2021-04-30,1209,99120,382,47398,800,47550,27,4172,189,18048,1016,42470,216,60518,California
Humboldt,2021-05-01,317,99437,294,47692,19,47569,4,4176,262,18261,53,42523,266,60784,California
Humboldt,2021-05-02,89,99526,79,47771,9,47578,1,4177,81,18337,6,42529,82,60866,California
Humboldt,2021-05-03,179,99705,50,47821,125,47703,4,4181,59,18280,120,42649,63,60929,California
Humboldt,2021-05-04,351,100056,205,48026,130,47833,16,4197,142,18231,206,42855,157,61086,California
Imperial,2020-12-16,1,1,1,1,0,0,0,0,1,1,0,0,1,1,California
Imperial,2020-12-17,4,5,4,5,0,0,0,0,4,5,0,0,4,5,California
Imperial,2020-12-18,11,16,11,16,0,0,0,0,11,16,0,0,11,16,California
Imperial,2020-12-20,2,18,2,18,0,0,0,0,2,18,0,0,2,18,California
Imperial,2020-12-21,186,204,186,204,0,0,0,0,186,204,0,0,186,204,California
Imperial,2020-12-22,241,445,239,443,2,2,0,0,241,445,0,0,241,445,California
Imperial,2020-12-23,210,655,209,652,1,3,0,0,209,654,0,0,209,654,California
Imperial,2020-12-24,5,660,5,657,0,3,0,0,5,659,0,0,5,659,California
Imperial,2020-12-26,1,661,0,657,1,4,0,0,1,660,0,0,1,660,California
Imperial,2020-12-27,62,723,0,657,62,66,0,0,62,722,0,0,62,722,California
Imperial,2020-12-28,214,937,114,771,100,166,0,0,214,936,0,0,214,936,California
Imperial,2020-12-29,189,1126,36,807,153,319,0,0,189,1125,0,0,189,1125,California
Imperial,2020-12-30,366,1492,50,857,316,635,0,0,366,1491,0,0,366,1491,California
Imperial,2020-12-31,197,1689,26,883,171,806,0,0,197,1688,0,0,197,1688,California
Imperial,2021-01-01,47,1736,5,888,42,848,0,0,47,1735,0,0,47,1735,California
Imperial,2021-01-02,4,1740,0,888,4,852,0,0,4,1739,0,0,4,1739,California
Imperial,2021-01-03,90,1830,0,888,90,942,0,0,90,1829,0,0,90,1829,California
Imperial,2021-01-04,85,1915,5,893,80,1022,0,0,85,1914,0,0,85,1914,California
Imperial,2021-01-05,172,2087,13,906,159,1181,0,0,172,2086,0,0,172,2086,California
Imperial,2021-01-06,190,2277,25,931,165,1346,0,0,189,2274,1,1,189,2275,California
Imperial,2021-01-07,319,2596,9,940,310,1656,0,0,316,2587,3,4,316,2591,California
Imperial,2021-01-08,190,2786,50,990,140,1796,0,0,181,2759,9,13,181,2772,California
Imperial,2021-01-09,24,2810,21,1011,3,1799,0,0,24,2783,0,13,24,2796,California
Imperial,2021-01-10,1,2811,0,1011,1,1800,0,0,1,2784,0,13,1,2797,California
Imperial,2021-01-11,403,3214,244,1255,159,1959,0,0,175,2731,228,241,175,2972,California
Imperial,2021-01-12,404,3618,302,1557,102,2061,0,0,142,2612,261,502,142,3114,California
Imperial,2021-01-13,379,3997,132,1689,247,2308,0,0,280,2793,99,601,280,3394,California
Imperial,2021-01-14,260,4257,151,1840,109,2417,0,0,254,3042,5,606,254,3648,California
Imperial,2021-01-15,240,4497,182,2022,58,2475,0,0,233,3268,7,613,233,3881,California
Imperial,2021-01-16,77,4574,73,2095,4,2479,0,0,76,3343,1,614,76,3957,California
Imperial,2021-01-17,10,4584,2,2097,8,2487,0,0,10,3353,0,614,10,3967,California
Imperial,2021-01-18,1055,5639,400,2497,655,3142,0,0,957,4213,98,712,958,4925,California
Imperial,2021-01-19,165,5804,129,2626,36,3178,0,0,118,4284,47,759,118,5043,California
Imperial,2021-01-20,292,6096,195,2821,97,3275,0,0,254,4500,38,797,254,5297,California
Imperial,2021-01-21,415,6511,183,3004,232,3507,0,0,395,4875,20,817,395,5692,California
Imperial,2021-01-22,457,6968,189,3193,268,3775,0,0,448,5314,9,826,448,6140,California
Imperial,2021-01-23,1041,8009,290,3483,751,4526,0,0,1040,6353,1,827,1040,7180,California
Imperial,2021-01-24,11,8020,4,3487,7,4533,0,0,11,6364,0,827,11,7191,California
Imperial,2021-01-25,213,8233,5,3492,208,4741,0,0,34,6220,178,1005,34,7225,California
Imperial,2021-01-26,360,8593,185,3677,175,4916,0,0,217,6294,143,1148,217,7442,California
Imperial,2021-01-27,570,9163,162,3839,408,5324,0,0,237,6198,333,1481,237,7679,California
Imperial,2021-01-28,632,9795,159,3998,473,5797,0,0,525,6616,107,1588,525,8204,California
Imperial,2021-01-29,423,10218,296,4294,127,5924,0,0,373,6939,50,1638,373,8577,California
Imperial,2021-01-30,56,10274,31,4325,25,5949,0,0,39,6961,17,1655,39,8616,California
Imperial,2021-01-31,17,10291,7,4332,10,5959,0,0,16,6976,1,1656,16,8632,California
Imperial,2021-02-01,420,10711,54,4386,366,6325,0,0,209,6976,209,1865,209,8841,California
Imperial,2021-02-02,680,11391,54,4440,626,6951,0,0,499,7294,181,2046,499,9340,California
Imperial,2021-02-03,457,11848,48,4488,409,7360,0,0,264,7366,192,2238,264,9604,California
Imperial,2021-02-04,1720,13568,1200,5688,520,7880,0,0,1405,8458,313,2551,1405,11009,California
Imperial,2021-02-05,388,13956,240,5928,148,8028,0,0,152,8376,234,2785,152,11161,California
Imperial,2021-02-06,861,14817,838,6766,23,8051,0,0,824,9164,36,2821,824,11985,California
Imperial,2021-02-07,21,14838,9,6775,12,8063,0,0,20,9183,1,2822,20,12005,California
Imperial,2021-02-08,250,15088,42,6817,208,8271,0,0,182,9297,68,2890,182,12187,California
Imperial,2021-02-09,462,15550,146,6963,316,8587,0,0,304,9443,158,3048,304,12491,California
Imperial,2021-02-10,384,15934,56,7019,328,8915,0,0,94,9248,290,3338,95,12586,California
Imperial,2021-02-11,464,16398,259,7278,205,9120,0,0,89,8962,375,3713,89,12675,California
Imperial,2021-02-12,2130,18528,1411,8689,719,9839,0,0,1778,10389,351,4064,1778,14453,California
Imperial,2021-02-13,42,18570,18,8707,24,9863,0,0,34,10416,8,4072,35,14488,California
Imperial,2021-02-14,24,18594,12,8719,12,9875,0,0,21,10434,3,4075,21,14509,California
Imperial,2021-02-15,30,18624,10,8729,20,9895,0,0,23,10450,7,4082,23,14532,California
Imperial,2021-02-16,515,19139,267,8996,248,10143,0,0,293,10521,222,4304,293,14825,California
Imperial,2021-02-17,439,19578,285,9281,154,10297,0,0,83,10248,356,4660,83,14908,California
Imperial,2021-02-18,646,20224,308,9589,338,10635,0,0,140,9884,504,5164,140,15048,California
Imperial,2021-02-19,766,20990,381,9970,385,11020,0,0,192,9503,573,5737,192,15240,California
Imperial,2021-02-20,1039,22029,191,10161,848,11868,0,0,325,9117,713,6450,327,15567,California
Imperial,2021-02-21,588,22617,554,10715,34,11902,0,0,577,9684,10,6460,577,16144,California
Imperial,2021-02-22,809,23426,569,11284,240,12142,0,0,759,10393,50,6510,759,16903,California
Imperial,2021-02-23,957,24383,392,11676,565,12707,0,0,905,11246,52,6562,905,17808,California
Imperial,2021-02-24,699,25082,284,11960,415,13122,0,0,602,11752,96,6658,602,18410,California
Imperial,2021-02-25,815,25897,337,12297,478,13600,0,0,449,11841,365,7023,454,18864,California
Imperial,2021-02-26,1744,27641,1351,13648,393,13993,0,0,1569,13238,173,7196,1570,20434,California
Imperial,2021-02-27,859,28500,810,14458,49,14042,0,0,121,12622,738,7934,122,20556,California
Imperial,2021-02-28,30,28530,20,14478,10,14052,0,0,20,12632,10,7944,20,20576,California
Imperial,2021-03-01,493,29023,294,14772,198,14250,1,1,427,12997,64,8008,429,21005,California
Imperial,2021-03-02,673,29696,246,15018,427,14677,0,1,384,13095,288,8296,386,21391,California
Imperial,2021-03-03,925,30621,47,15065,877,15554,1,2,556,13297,366,8662,568,21959,California
Imperial,2021-03-04,746,31367,76,15141,669,16223,1,3,485,13553,259,8921,515,22474,California
Imperial,2021-03-05,2570,33937,1937,17078,633,16856,0,3,1245,13478,1322,10243,1247,23721,California
Imperial,2021-03-06,690,34627,238,17316,452,17308,0,3,649,14093,38,10281,653,24374,California
Imperial,2021-03-07,73,34700,40,17356,33,17341,0,3,53,14127,20,10301,54,24428,California
Imperial,2021-03-08,413,35113,330,17686,48,17389,35,38,361,14471,52,10353,396,24824,California
Imperial,2021-03-09,681,35794,310,17996,125,17514,246,284,397,14830,284,10637,643,25467,California
Imperial,2021-03-10,682,36476,312,18308,267,17781,103,387,319,14891,362,10999,423,25890,California
Imperial,2021-03-11,1788,38264,478,18786,1118,18899,192,579,1187,15681,600,11599,1390,27280,California
Imperial,2021-03-12,3701,41965,2539,21325,977,19876,185,764,2102,16372,1597,13196,2288,29568,California
Imperial,2021-03-13,1141,43106,90,21415,828,20704,223,987,855,17169,284,13480,1081,30649,California
Imperial,2021-03-14,169,43275,31,21446,126,20830,12,999,139,17291,30,13510,152,30801,California
Imperial,2021-03-15,670,43945,214,21660,198,21028,258,1257,374,17629,294,13804,632,31433,California
Imperial,2021-03-16,1070,45015,276,21936,341,21369,453,1710,533,18080,535,14339,986,32419,California
Imperial,2021-03-17,1572,46587,691,22627,744,22113,137,1847,994,18637,575,14914,1132,33551,California
Imperial,2021-03-18,1779,48366,1175,23802,544,22657,60,1907,1251,19424,526,15440,1313,34864,California
Imperial,2021-03-19,3338,51704,2446,26248,888,23545,4,1911,1501,19101,1829,17269,1506,36370,California
Imperial,2021-03-20,866,52570,551,26799,310,23855,5,1916,421,19092,441,17710,432,36802,California
Imperial,2021-03-21,217,52787,35,26834,178,24033,4,1920,159,19201,58,17768,167,36969,California
Imperial,2021-03-22,1046,53833,339,27173,700,24733,7,1927,623,19410,422,18190,631,37600,California
Imperial,2021-03-23,1390,55223,411,27584,972,25705,7,1934,890,19812,497,18687,899,38499,California
Imperial,2021-03-24,1870,57093,542,28126,901,26606,427,2361,900,20171,967,19654,1326,39825,California
Imperial,2021-03-25,2893,59986,505,28631,884,27490,1504,3865,1017,20813,1872,21526,2514,42339,California
Imperial,2021-03-26,2485,62471,879,29510,735,28225,871,4736,776,20758,1702,23228,1647,43986,California
Imperial,2021-03-27,593,63064,280,29790,261,28486,52,4788,433,21086,157,23385,485,44471,California
Imperial,2021-03-28,209,63273,51,29841,156,28642,2,4790,172,21224,36,23421,174,44645,California
Imperial,2021-03-29,1210,64483,346,30187,390,29032,474,5264,314,21119,894,24315,789,45434,California
Imperial,2021-03-30,1818,66301,675,30862,592,29624,551,5815,675,21203,1143,25458,1227,46661,California
Imperial,2021-03-31,1525,67826,714,31576,806,30430,5,5820,1008,21700,515,25973,1012,47673,California
Imperial,2021-04-01,1890,69716,464,32040,1184,31614,242,6062,815,21687,1069,27042,1056,48729,California
Imperial,2021-04-02,1261,70977,448,32488,739,32353,74,6136,746,21993,513,27555,819,49548,California
Imperial,2021-04-03,1494,72471,406,32894,1009,33362,79,6215,686,21954,804,28359,765,50313,California
Imperial,2021-04-04,84,72555,40,32934,28,33390,16,6231,25,21936,59,28418,41,50354,California
Imperial,2021-04-05,2110,74665,1279,34213,764,34154,67,6298,402,20705,1701,30119,470,50824,California
Imperial,2021-04-06,1290,75955,526,34739,575,34729,189,6487,678,20964,609,30728,868,51692,California
Imperial,2021-04-07,2147,78102,549,35288,1222,35951,376,6863,1537,22271,606,31334,1913,53605,California
Imperial,2021-04-08,2183,80285,1068,36356,821,36772,294,7157,1075,22534,1105,32439,1368,54973,California
Imperial,2021-04-09,2144,82429,635,36991,893,37665,616,7773,834,22677,1306,33745,1449,56422,California
Imperial,2021-04-10,1275,83704,183,37174,821,38486,271,8044,214,22101,1059,34804,483,56905,California
Imperial,2021-04-11,216,83920,29,37203,155,38641,32,8076,74,22065,142,34946,106,57011,California
Imperial,2021-04-12,1396,85316,761,37964,429,39070,206,8282,792,22466,600,35546,1001,58012,California
Imperial,2021-04-13,2266,87582,1443,39407,821,39891,2,8284,1587,23380,675,36221,1589,59601,California
Imperial,2021-04-14,1998,89580,940,40347,1058,40949,0,8284,1416,24220,577,36798,1417,61018,California
Imperial,2021-04-15,1924,91504,878,41225,1046,41995,0,8284,1343,24987,577,37375,1344,62362,California
Imperial,2021-04-16,2163,93667,1075,42300,1088,43083,0,8284,1279,25386,880,38255,1279,63641,California
Imperial,2021-04-17,1750,95417,878,43178,870,43953,2,8286,1367,26378,378,38633,1370,65011,California
Imperial,2021-04-18,250,95667,69,43247,181,44134,0,8286,90,26309,159,38792,90,65101,California
Imperial,2021-04-19,799,96466,250,43497,549,44683,0,8286,460,26435,338,39130,464,65565,California
Imperial,2021-04-20,1288,97754,513,44010,775,45458,0,8286,755,26660,530,39660,755,66320,California
Imperial,2021-04-21,1287,99041,324,44334,963,46421,0,8286,781,26938,503,40163,781,67101,California
Imperial,2021-04-22,1879,100920,771,45105,1108,47529,0,8286,1340,27746,534,40697,1342,68443,California
Imperial,2021-04-23,1501,102421,400,45505,1101,48630,0,8286,853,27963,640,41337,857,69300,California
Imperial,2021-04-24,516,102937,301,45806,215,48845,0,8286,203,27855,311,41648,203,69503,California
Imperial,2021-04-25,263,103200,96,45902,167,49012,0,8286,135,27863,127,41775,135,69638,California
Imperial,2021-04-26,985,104185,435,46337,547,49559,3,8289,652,28187,331,42106,655,70293,California
Imperial,2021-04-27,916,105101,337,46674,571,50130,8,8297,472,28223,444,42550,480,70773,California
Imperial,2021-04-28,1206,106307,509,47183,671,50801,26,8323,609,28264,594,43144,635,71408,California
Imperial,2021-04-29,1590,107897,754,47937,817,51618,19,8342,721,28142,863,44007,741,72149,California
Imperial,2021-04-30,1342,109239,677,48614,644,52262,21,8363,962,28751,375,44382,984,73133,California
Imperial,2021-05-01,157,109396,103,48717,52,52314,2,8365,118,28832,39,44421,120,73253,California
Imperial,2021-05-02,31,109427,7,48724,22,52336,2,8367,25,28853,6,44427,27,73280,California
Imperial,2021-05-03,1280,110707,435,49159,803,53139,42,8409,287,28197,988,45415,332,73612,California
Imperial,2021-05-04,1033,111740,542,49701,475,53614,16,8425,360,27905,668,46083,376,73988,California
Inyo,2020-12-19,85,85,85,85,0,0,0,0,85,85,0,0,85,85,California
Inyo,2020-12-20,58,143,58,143,0,0,0,0,58,143,0,0,58,143,California
Inyo,2020-12-21,88,231,85,228,3,3,0,0,88,231,0,0,88,231,California
Inyo,2020-12-22,105,336,105,333,0,3,0,0,105,336,0,0,105,336,California
Inyo,2020-12-23,70,406,67,400,3,6,0,0,70,406,0,0,70,406,California
Inyo,2020-12-24,16,422,16,416,0,6,0,0,16,422,0,0,16,422,California
Inyo,2020-12-25,1,423,0,416,1,7,0,0,1,423,0,0,1,423,California
Inyo,2020-12-26,74,497,74,490,0,7,0,0,74,497,0,0,74,497,California
Inyo,2020-12-28,48,545,36,526,12,19,0,0,48,545,0,0,48,545,California
Inyo,2020-12-29,20,565,20,546,0,19,0,0,20,565,0,0,20,565,California
Inyo,2020-12-30,56,621,54,600,2,21,0,0,56,621,0,0,56,621,California
Inyo,2020-12-31,29,650,0,600,29,50,0,0,29,650,0,0,29,650,California
Inyo,2021-01-01,1,651,0,600,1,51,0,0,1,651,0,0,1,651,California
Inyo,2021-01-03,1,652,0,600,1,52,0,0,1,652,0,0,1,652,California
Inyo,2021-01-04,1,653,1,601,0,52,0,0,1,653,0,0,1,653,California
Inyo,2021-01-05,34,687,0,601,34,86,0,0,34,687,0,0,34,687,California
Inyo,2021-01-06,68,755,0,601,68,154,0,0,68,755,0,0,68,755,California
Inyo,2021-01-07,31,786,1,602,30,184,0,0,31,786,0,0,31,786,California
Inyo,2021-01-08,9,795,8,610,1,185,0,0,4,786,5,5,5,791,California
Inyo,2021-01-09,87,882,86,696,1,186,0,0,1,701,86,91,1,792,California
Inyo,2021-01-10,52,934,52,748,0,186,0,0,0,649,52,143,0,792,California
Inyo,2021-01-11,97,1031,82,830,15,201,0,0,16,584,81,224,16,808,California
Inyo,2021-01-12,139,1170,118,948,21,222,0,0,28,501,111,335,28,836,California
Inyo,2021-01-13,86,1256,68,1016,18,240,0,0,21,458,65,400,22,858,California
Inyo,2021-01-14,59,1315,13,1029,46,286,0,0,49,497,10,410,49,907,California
Inyo,2021-01-15,163,1478,28,1057,135,421,0,0,163,660,0,410,163,1070,California
Inyo,2021-01-16,74,1552,73,1130,1,422,0,0,1,588,73,483,1,1071,California
Inyo,2021-01-18,58,1610,36,1166,22,444,0,0,19,568,39,522,19,1090,California
Inyo,2021-01-19,115,1725,72,1238,43,487,0,0,99,651,16,538,99,1189,California
Inyo,2021-01-20,147,1872,71,1309,76,563,0,0,92,688,55,593,92,1281,California
Inyo,2021-01-21,121,1993,57,1366,64,627,0,0,120,807,1,594,120,1401,California
Inyo,2021-01-22,62,2055,0,1366,62,689,0,0,61,867,1,595,61,1462,California
Inyo,2021-01-23,52,2107,52,1418,0,689,0,0,52,919,0,595,52,1514,California
Inyo,2021-01-25,49,2156,6,1424,43,732,0,0,37,944,12,607,37,1551,California
Inyo,2021-01-26,135,2291,54,1478,81,813,0,0,129,1067,6,613,129,1680,California
Inyo,2021-01-27,23,2314,2,1480,21,834,0,0,22,1088,1,614,22,1702,California
Inyo,2021-01-28,92,2406,2,1482,90,924,0,0,63,1122,29,643,63,1765,California
Inyo,2021-01-29,25,2431,3,1485,22,946,0,0,23,1143,2,645,23,1788,California
Inyo,2021-01-30,11,2442,1,1486,10,956,0,0,11,1154,0,645,11,1799,California
Inyo,2021-01-31,32,2474,4,1490,28,984,0,0,4,1130,28,673,4,1803,California
Inyo,2021-02-01,11,2485,9,1499,2,986,0,0,1,1121,10,683,1,1804,California
Inyo,2021-02-02,130,2615,14,1513,116,1102,0,0,104,1199,26,709,104,1908,California
Inyo,2021-02-03,116,2731,0,1513,116,1218,0,0,74,1231,42,751,74,1982,California
Inyo,2021-02-04,149,2880,31,1544,118,1336,0,0,90,1262,59,810,90,2072,California
Inyo,2021-02-05,118,2998,62,1606,56,1392,0,0,116,1376,2,812,116,2188,California
Inyo,2021-02-06,4,3002,2,1608,2,1394,0,0,3,1378,1,813,3,2191,California
Inyo,2021-02-07,4,3006,2,1610,2,1396,0,0,4,1382,0,813,4,2195,California
Inyo,2021-02-08,117,3123,7,1617,110,1506,0,0,97,1459,20,833,97,2292,California
Inyo,2021-02-09,194,3317,51,1668,143,1649,0,0,123,1511,71,904,123,2415,California
Inyo,2021-02-10,143,3460,18,1686,125,1774,0,0,109,1586,34,938,109,2524,California
Inyo,2021-02-11,220,3680,56,1742,164,1938,0,0,126,1618,94,1032,126,2650,California
Inyo,2021-02-12,299,3979,51,1793,248,2186,0,0,167,1653,132,1164,167,2817,California
Inyo,2021-02-13,60,4039,55,1848,5,2191,0,0,8,1609,52,1216,8,2825,California
Inyo,2021-02-14,1,4040,0,1848,1,2192,0,0,1,1610,0,1216,1,2826,California
Inyo,2021-02-15,29,4069,9,1857,20,2212,0,0,5,1591,24,1240,5,2831,California
Inyo,2021-02-16,180,4249,50,1907,130,2342,0,0,92,1595,88,1328,92,2923,California
Inyo,2021-02-17,37,4286,4,1911,33,2375,0,0,7,1572,30,1358,7,2930,California
Inyo,2021-02-18,123,4409,6,1917,117,2492,0,0,79,1607,44,1402,79,3009,California
Inyo,2021-02-19,52,4461,4,1921,48,2540,0,0,9,1573,43,1445,9,3018,California
Inyo,2021-02-20,504,4965,500,2421,4,2544,0,0,502,2073,2,1447,502,3520,California
Inyo,2021-02-21,267,5232,267,2688,0,2544,0,0,267,2340,0,1447,267,3787,California
Inyo,2021-02-22,61,5293,19,2707,42,2586,0,0,27,2333,34,1481,27,3814,California
Inyo,2021-02-23,198,5491,20,2727,178,2764,0,0,94,2324,103,1584,94,3908,California
Inyo,2021-02-24,117,5608,0,2727,117,2881,0,0,57,2321,60,1644,57,3965,California
Inyo,2021-02-25,130,5738,3,2730,127,3008,0,0,62,2315,68,1712,62,4027,California
Inyo,2021-02-26,104,5842,61,2791,43,3051,0,0,19,2249,85,1797,19,4046,California
Inyo,2021-02-27,15,5857,4,2795,11,3062,0,0,3,2240,12,1809,3,4049,California
Inyo,2021-02-28,3,5860,1,2796,2,3064,0,0,2,2241,1,1810,2,4051,California
Inyo,2021-03-01,20,5880,2,2798,18,3082,0,0,17,2255,3,1813,17,4068,California
Inyo,2021-03-02,196,6076,1,2799,195,3277,0,0,111,2281,85,1898,111,4179,California
Inyo,2021-03-03,83,6159,2,2801,81,3358,0,0,40,2278,43,1941,40,4219,California
Inyo,2021-03-04,128,6287,4,2805,124,3482,0,0,46,2242,82,2023,46,4265,California
Inyo,2021-03-05,141,6428,56,2861,85,3567,0,0,38,2177,103,2126,38,4303,California
Inyo,2021-03-06,31,6459,1,2862,30,3597,0,0,30,2206,1,2127,30,4333,California
Inyo,2021-03-07,7,6466,4,2866,3,3600,0,0,5,2209,2,2129,5,4338,California
Inyo,2021-03-08,182,6648,5,2871,177,3777,0,0,91,2209,91,2220,91,4429,California
Inyo,2021-03-09,186,6834,2,2873,184,3961,0,0,71,2165,115,2335,71,4500,California
Inyo,2021-03-10,70,6904,8,2881,61,4022,1,1,30,2156,40,2375,31,4531,California
Inyo,2021-03-11,203,7107,1,2882,197,4219,5,6,73,2104,130,2505,78,4609,California
Inyo,2021-03-12,175,7282,4,2886,166,4385,5,11,77,2088,98,2603,82,4691,California
Inyo,2021-03-13,576,7858,541,3427,25,4410,10,21,77,1677,498,3101,87,4778,California
Inyo,2021-03-14,431,8289,430,3857,1,4411,0,21,168,1583,262,3363,168,4946,California
Inyo,2021-03-15,51,8340,15,3872,34,4445,2,23,30,1594,21,3384,32,4978,California
Inyo,2021-03-16,163,8503,4,3876,153,4598,6,29,63,1564,99,3483,69,5047,California
Inyo,2021-03-17,107,8610,3,3879,97,4695,7,36,92,1648,15,3498,99,5146,California
Inyo,2021-03-18,184,8794,15,3894,162,4857,7,43,103,1677,81,3579,110,5256,California
Inyo,2021-03-19,46,8840,4,3898,38,4895,4,47,36,1707,10,3589,40,5296,California
Inyo,2021-03-20,20,8860,1,3899,10,4905,9,56,1,1698,19,3608,10,5306,California
Inyo,2021-03-22,59,8919,2,3901,52,4957,5,61,39,1722,20,3628,44,5350,California
Inyo,2021-03-23,194,9113,4,3905,186,5143,4,65,104,1740,90,3718,108,5458,California
Inyo,2021-03-24,140,9253,3,3908,133,5276,4,69,87,1778,53,3771,91,5549,California
Inyo,2021-03-25,325,9578,104,4012,217,5493,4,73,259,1975,66,3837,263,5812,California
Inyo,2021-03-26,91,9669,3,4015,84,5577,4,77,71,2030,20,3857,75,5887,California
Inyo,2021-03-27,52,9721,44,4059,5,5582,3,80,46,2073,6,3863,49,5936,California
Inyo,2021-03-28,4,9725,1,4060,2,5584,1,81,1,2072,3,3866,2,5938,California
Inyo,2021-03-29,109,9834,2,4062,102,5686,5,86,82,2133,26,3892,87,6025,California
Inyo,2021-03-30,211,10045,2,4064,204,5890,5,91,101,2129,110,4002,106,6131,California
Inyo,2021-03-31,147,10192,4,4068,138,6028,5,96,106,2199,41,4043,111,6242,California
Inyo,2021-04-01,164,10356,4,4072,159,6187,1,97,115,2266,49,4092,116,6358,California
Inyo,2021-04-02,81,10437,1,4073,78,6265,2,99,52,2291,29,4121,54,6412,California
Inyo,2021-04-03,94,10531,47,4120,33,6298,14,113,6,2224,86,4207,19,6431,California
Inyo,2021-04-04,5,10536,4,4124,0,6298,1,114,1,2222,4,4211,2,6433,California
Inyo,2021-04-05,117,10653,1,4125,112,6410,4,118,29,2167,88,4299,33,6466,California
Inyo,2021-04-06,236,10889,6,4131,167,6577,63,181,105,2204,131,4430,168,6634,California
Inyo,2021-04-07,200,11089,2,4133,72,6649,126,307,44,2218,156,4586,170,6804,California
Inyo,2021-04-08,177,11266,15,4148,145,6794,17,324,80,2218,97,4683,97,6901,California
Inyo,2021-04-09,124,11390,6,4154,95,6889,23,347,37,2192,86,4769,60,6961,California
Inyo,2021-04-10,42,11432,1,4155,24,6913,17,364,3,2173,39,4808,20,6981,California
Inyo,2021-04-11,1,11433,0,4155,1,6914,0,364,1,2174,0,4808,1,6982,California
Inyo,2021-04-12,80,11513,0,4155,75,6989,5,369,41,2181,39,4847,46,7028,California
Inyo,2021-04-13,119,11632,3,4158,113,7102,3,372,61,2188,57,4904,64,7092,California
Inyo,2021-04-14,121,11753,2,4160,119,7221,0,372,38,2143,83,4987,38,7130,California
Inyo,2021-04-15,261,12014,102,4262,159,7380,0,372,82,2046,179,5166,82,7212,California
Inyo,2021-04-16,49,12063,6,4268,43,7423,0,372,21,2039,28,5194,21,7233,California
Inyo,2021-04-17,2,12065,1,4269,1,7424,0,372,1,2039,1,5195,1,7234,California
Inyo,2021-04-19,130,12195,43,4312,87,7511,0,372,44,1997,86,5281,44,7278,California
Inyo,2021-04-20,164,12359,3,4315,161,7672,0,372,81,1995,83,5364,81,7359,California
Inyo,2021-04-21,113,12472,4,4319,109,7781,0,372,32,1946,81,5445,32,7391,California
Inyo,2021-04-22,196,12668,1,4320,195,7976,0,372,52,1854,144,5589,52,7443,California
Inyo,2021-04-23,95,12763,4,4324,91,8067,0,372,22,1803,73,5662,22,7465,California
Inyo,2021-04-24,310,13073,309,4633,1,8068,0,372,305,2103,5,5667,305,7770,California
Inyo,2021-04-25,135,13208,134,4767,1,8069,0,372,135,2238,0,5667,135,7905,California
Inyo,2021-04-26,67,13275,0,4767,66,8135,1,373,8,2188,59,5726,9,7914,California
Inyo,2021-04-27,161,13436,7,4774,149,8284,5,378,47,2126,114,5840,52,7966,California
Inyo,2021-04-28,113,13549,2,4776,111,8395,0,378,17,2047,96,5936,17,7983,California
Inyo,2021-04-29,162,13711,51,4827,110,8505,1,379,74,2034,88,6024,75,8058,California
Inyo,2021-04-30,80,13791,4,4831,73,8578,3,382,23,2003,57,6081,26,8084,California
Inyo,2021-05-01,11,13802,3,4834,8,8586,0,382,9,2010,2,6083,9,8093,California
Inyo,2021-05-02,5,13807,1,4835,2,8588,2,384,3,2013,2,6085,5,8098,California
Inyo,2021-05-03,22,13829,2,4837,15,8603,5,389,8,2012,14,6099,13,8111,California
Inyo,2021-05-04,61,13890,1,4838,58,8661,2,391,10,1973,51,6150,12,8123,California
Kern,2020-12-15,1,1,1,1,0,0,0,0,1,1,0,0,1,1,California
Kern,2020-12-16,18,19,18,19,0,0,0,0,18,19,0,0,18,19,California
Kern,2020-12-17,163,182,163,182,0,0,0,0,163,182,0,0,163,182,California
Kern,2020-12-18,322,504,322,504,0,0,0,0,322,504,0,0,322,504,California
Kern,2020-12-19,98,602,98,602,0,0,0,0,99,603,0,0,99,603,California
Kern,2020-12-20,61,663,61,663,0,0,0,0,61,664,0,0,61,664,California
Kern,2020-12-21,671,1334,670,1333,1,1,0,0,671,1335,0,0,671,1335,California
Kern,2020-12-22,531,1865,528,1861,3,4,0,0,531,1866,0,0,531,1866,California
Kern,2020-12-23,558,2423,419,2280,139,143,0,0,558,2424,0,0,558,2424,California
Kern,2020-12-24,122,2545,43,2323,79,222,0,0,122,2546,0,0,122,2546,California
Kern,2020-12-25,1,2546,1,2324,0,222,0,0,1,2547,0,0,1,2547,California
Kern,2020-12-26,33,2579,1,2325,32,254,0,0,33,2580,0,0,33,2580,California
Kern,2020-12-27,35,2614,3,2328,32,286,0,0,35,2615,0,0,35,2615,California
Kern,2020-12-28,824,3438,660,2988,164,450,0,0,824,3439,0,0,824,3439,California
Kern,2020-12-29,745,4183,452,3440,293,743,0,0,744,4182,1,1,744,4183,California
Kern,2020-12-30,1201,5384,909,4349,292,1035,0,0,1201,5383,0,1,1201,5384,California
Kern,2020-12-31,277,5661,99,4448,178,1213,0,0,277,5660,0,1,277,5661,California
Kern,2021-01-01,13,5674,6,4454,7,1220,0,0,13,5673,0,1,13,5674,California
Kern,2021-01-02,78,5752,18,4472,60,1280,0,0,78,5751,0,1,78,5752,California
Kern,2021-01-03,23,5775,4,4476,19,1299,0,0,23,5774,0,1,23,5775,California
Kern,2021-01-04,553,6328,360,4836,193,1492,0,0,553,6327,0,1,553,6328,California
Kern,2021-01-05,1133,7461,738,5574,395,1887,0,0,1121,7436,12,13,1121,7449,California
Kern,2021-01-06,1167,8628,456,6030,711,2598,0,0,1137,8543,30,43,1137,8586,California
Kern,2021-01-07,1406,10034,493,6523,913,3511,0,0,1238,9614,167,210,1238,9824,California
Kern,2021-01-08,1628,11662,768,7291,860,4371,0,0,1330,10646,299,509,1331,11155,California
Kern,2021-01-09,225,11887,76,7367,149,4520,0,0,191,10803,34,543,191,11346,California
Kern,2021-01-10,195,12082,148,7515,47,4567,0,0,154,10916,41,584,154,11500,California
Kern,2021-01-11,1554,13636,983,8498,571,5138,0,0,999,11360,555,1139,999,12499,California
Kern,2021-01-12,1869,15505,810,9308,1059,6197,0,0,1358,12207,511,1650,1358,13857,California
Kern,2021-01-13,1855,17360,871,10179,984,7181,0,0,1433,13218,422,2072,1433,15290,California
Kern,2021-01-14,2183,19543,645,10824,1538,8719,0,0,2138,15310,46,2118,2138,17428,California
Kern,2021-01-15,2703,22246,858,11682,1845,10564,0,0,2606,17822,95,2213,2607,20035,California
Kern,2021-01-16,671,22917,213,11895,458,11022,0,0,636,18423,35,2248,636,20671,California
Kern,2021-01-17,73,22990,7,11902,66,11088,0,0,71,18492,2,2250,71,20742,California
Kern,2021-01-18,1644,24634,659,12561,985,12073,0,0,1476,19800,168,2418,1476,22218,California
Kern,2021-01-19,1853,26487,1034,13595,819,12892,0,0,1386,20720,467,2885,1387,23605,California
Kern,2021-01-20,2547,29034,1613,15208,934,13826,0,0,1848,21876,694,3579,1850,25455,California
Kern,2021-01-21,2168,31202,921,16129,1247,15073,0,0,1971,23651,196,3775,1971,27426,California
Kern,2021-01-22,2711,33913,1292,17421,1419,16492,0,0,2435,25811,275,4050,2435,29861,California
Kern,2021-01-23,1245,35158,535,17956,710,17202,0,0,1199,26964,46,4096,1199,31060,California
Kern,2021-01-24,160,35318,18,17974,142,17344,0,0,154,27112,6,4102,154,31214,California
Kern,2021-01-25,2385,37703,1086,19060,1299,18643,0,0,1901,28531,483,4585,1902,33116,California
Kern,2021-01-26,2766,40469,1126,20186,1640,20283,0,0,1910,29586,855,5440,1910,35026,California
Kern,2021-01-27,3558,44027,1901,22087,1657,21940,0,0,2858,31747,697,6137,2858,37884,California
Kern,2021-01-28,2861,46888,1352,23439,1509,23449,0,0,2428,33750,428,6565,2431,40315,California
Kern,2021-01-29,3771,50659,1805,25244,1966,25415,0,0,3227,36436,541,7106,3227,43542,California
Kern,2021-01-30,1324,51983,496,25740,828,26243,0,0,1277,37668,45,7151,1277,44819,California
Kern,2021-01-31,403,52386,276,26016,127,26370,0,0,268,37801,135,7286,268,45087,California
Kern,2021-02-01,2409,54795,818,26834,1591,27961,0,0,1858,39112,548,7834,1859,46946,California
Kern,2021-02-02,2922,57717,973,27807,1949,29910,0,0,2059,40309,863,8697,2060,49006,California
Kern,2021-02-03,3653,61370,1548,29355,2105,32015,0,0,2684,42031,962,9659,2684,51690,California
Kern,2021-02-04,3803,65173,1452,30807,2351,34366,0,0,2588,43415,1204,10863,2588,54278,California
Kern,2021-02-05,4847,70020,1988,32795,2859,37225,0,0,3088,44763,1740,12603,3088,57366,California
Kern,2021-02-06,1734,71754,766,33561,968,38193,0,0,1511,46054,220,12823,1511,58877,California
Kern,2021-02-07,284,72038,151,33712,133,38326,0,0,268,46308,14,12837,268,59145,California
Kern,2021-02-08,2560,74598,787,34499,1773,40099,0,0,1253,46273,1289,14126,1254,60399,California
Kern,2021-02-09,3038,77636,986,35485,2052,42151,0,0,1467,46176,1564,15690,1467,61866,California
Kern,2021-02-10,3783,81419,1657,37142,2126,44277,0,0,1873,46156,1894,17584,1874,63740,California
Kern,2021-02-11,4258,85677,1538,38680,2720,46997,0,0,2226,46363,2019,19603,2226,65966,California
Kern,2021-02-12,4948,90625,1890,40570,3058,50055,0,0,2478,46385,2456,22059,2478,68444,California
Kern,2021-02-13,2008,92633,726,41296,1282,51337,0,0,1165,46709,841,22900,1165,69609,California
Kern,2021-02-14,351,92984,12,41308,339,51676,0,0,270,46899,80,22980,270,69879,California
Kern,2021-02-15,2738,95722,889,42197,1849,53525,0,0,1207,46583,1523,24503,1207,71086,California
Kern,2021-02-16,2944,98666,720,42917,2224,55749,0,0,1655,46960,1279,25782,1656,72742,California
Kern,2021-02-17,4067,102733,2077,44994,1990,57739,0,0,1930,46759,2132,27914,1931,74673,California
Kern,2021-02-18,3750,106483,1480,46474,2270,60009,0,0,1616,46254,2121,30035,1616,76289,California
Kern,2021-02-19,4198,110681,1916,48390,2282,62291,0,0,1740,45544,2450,32485,1740,78029,California
Kern,2021-02-20,2570,113251,967,49357,1603,63894,0,0,1339,45655,1228,33713,1339,79368,California
Kern,2021-02-21,247,113498,141,49498,106,64000,0,0,85,45580,160,33873,85,79453,California
Kern,2021-02-22,2656,116154,1148,50646,1508,65508,0,0,1424,45777,1227,35100,1424,80877,California
Kern,2021-02-23,3542,119696,1121,51767,2421,67929,0,0,1975,46188,1565,36665,1976,82853,California
Kern,2021-02-24,5164,124860,2268,54035,2896,70825,0,0,3078,47184,2082,38747,3078,85931,California
Kern,2021-02-25,5356,130216,2448,56483,2908,73733,0,0,3179,48204,2159,40906,3179,89110,California
Kern,2021-02-26,6887,137103,3521,60004,3366,77099,0,0,4360,50045,2520,43426,4361,93471,California
Kern,2021-02-27,3854,140957,1893,61897,1961,79060,0,0,2518,51234,1329,44755,2518,95989,California
Kern,2021-02-28,909,141866,498,62395,410,79470,1,1,690,51708,217,44972,691,96680,California
Kern,2021-03-01,3987,145853,1807,64202,2178,81648,2,3,2692,53115,1287,46259,2694,99374,California
Kern,2021-03-02,4370,150223,1373,65575,2996,84644,1,4,2866,54488,1493,47752,2866,102240,California
Kern,2021-03-03,5799,156022,2700,68275,3099,87743,0,4,3713,56130,2072,49824,3714,105954,California
Kern,2021-03-04,5554,161576,2162,70437,3389,91132,3,7,3558,57708,1982,51806,3560,109514,California
Kern,2021-03-05,6467,168043,2668,73105,3782,94914,17,24,4046,59358,2413,54219,4063,113577,California
Kern,2021-03-06,4711,172754,1911,75016,2699,97613,101,125,3445,61645,1258,55477,3545,117122,California
Kern,2021-03-07,2044,174798,1584,76600,411,98024,49,174,1853,63357,190,55667,1902,119024,California
Kern,2021-03-08,2814,177612,855,77455,1746,99770,213,387,1468,63693,1343,57010,1679,120703,California
Kern,2021-03-09,3623,181235,787,78242,2453,102223,383,770,2231,64917,1387,58397,2611,123314,California
Kern,2021-03-10,6022,187257,2467,80709,2484,104707,1071,1841,3503,66982,2508,60905,4573,127887,California
Kern,2021-03-11,6286,193543,2409,83118,2851,107558,1026,2867,3731,69193,2544,63449,4755,132642,California
Kern,2021-03-12,7659,201202,2920,86038,3386,110944,1353,4220,4153,71194,3496,66945,5497,138139,California
Kern,2021-03-13,4426,205628,2300,88338,1791,112735,335,4555,3008,73119,1412,68357,3337,141476,California
Kern,2021-03-14,2187,207815,1413,89751,534,113269,240,4795,1673,74514,514,68871,1909,143385,California
Kern,2021-03-15,4241,212056,1082,90833,2447,115716,712,5507,2175,75343,2055,70926,2884,146269,California
Kern,2021-03-16,4328,216384,1005,91838,2795,118511,528,6035,2327,76203,1992,72918,2852,149121,California
Kern,2021-03-17,7235,223619,3804,95642,2874,121385,557,6592,4300,78134,2924,75842,4855,153976,California
Kern,2021-03-18,6982,230601,3399,99041,3003,124388,580,7172,4156,80059,2807,78649,4732,158708,California
Kern,2021-03-19,8745,239346,4765,103806,3331,127719,649,7821,4546,81062,4186,82835,5189,163897,California
Kern,2021-03-20,5936,245282,3590,107396,2172,129891,174,7995,3814,82938,2113,84948,3989,167886,California
Kern,2021-03-21,2866,248148,1753,109149,236,130127,877,8872,1686,84326,1174,86122,2562,170448,California
Kern,2021-03-22,3936,252084,1537,110686,2043,132170,356,9228,1916,84586,2012,88134,2272,172720,California
Kern,2021-03-23,4701,256785,1656,112342,2847,135017,198,9426,2495,85100,2177,90311,2691,175411,California
Kern,2021-03-24,6988,263773,3508,115850,3008,138025,472,9898,3663,85922,3311,93622,4133,179544,California
Kern,2021-03-25,6622,270395,2880,118730,3413,141438,329,10227,3266,86174,3340,96962,3592,183136,California
Kern,2021-03-26,9584,279979,4152,122882,4178,145616,1254,11481,4745,87348,4823,101785,5997,189133,California
Kern,2021-03-27,5438,285417,3743,126625,1568,147184,127,11608,3301,88641,2135,103920,3428,192561,California
Kern,2021-03-28,4321,289738,3833,130458,474,147658,14,11622,2769,89873,1551,105471,2783,195344,California
Kern,2021-03-29,4189,293927,1637,132095,2274,149932,278,11900,2608,91186,1570,107041,2883,198227,California
Kern,2021-03-30,5508,299435,1821,133916,3307,153239,380,12280,3068,92196,2436,109477,3446,201673,California
Kern,2021-03-31,8113,307548,4281,138197,3187,156426,645,12925,4294,93324,3809,113286,4937,206610,California
Kern,2021-04-01,7587,315135,3633,141830,3657,160083,297,13222,4093,94230,3480,116766,4386,210996,California
Kern,2021-04-02,8128,323263,4184,146014,3341,163424,603,13825,4076,94868,4037,120803,4675,215671,California
Kern,2021-04-03,5681,328944,3385,149399,2114,165538,182,14007,2594,94562,3080,123883,2774,218445,California
Kern,2021-04-04,1331,330275,865,150264,382,165920,84,14091,550,94417,779,124662,634,219079,California
Kern,2021-04-05,5313,335588,2194,152458,2354,168274,765,14856,2883,95623,2420,127082,3626,222705,California
Kern,2021-04-06,6939,342527,2458,154916,3215,171489,1266,16122,3604,97175,3316,130398,4868,227573,California
Kern,2021-04-07,9194,351721,5347,160263,2892,174381,955,17077,4597,98146,4580,134978,5551,233124,California
Kern,2021-04-08,8569,360290,4737,165000,2932,177313,900,17977,3913,98326,4631,139609,4811,237935,California
Kern,2021-04-09,10077,370367,5087,170087,4009,181322,981,18958,4447,98144,5607,145216,5425,243360,California
Kern,2021-04-10,6524,376891,3433,173520,1854,183176,1237,20195,2298,97456,4217,149433,3529,246889,California
Kern,2021-04-11,3762,380653,2887,176407,358,183534,517,20712,1427,97074,2323,151756,1941,248830,California
Kern,2021-04-12,4344,384997,978,177385,2399,185933,967,21679,1557,96824,2772,154528,2522,251352,California
Kern,2021-04-13,4264,389261,1409,178794,2830,188763,25,21704,2124,96844,2130,156658,2150,253502,California
Kern,2021-04-14,6022,395283,2956,181750,3044,191807,22,21726,3065,96988,2942,159600,3086,256588,California
Kern,2021-04-15,5202,400485,2434,184184,2766,194573,2,21728,2502,96805,2687,162287,2504,259092,California
Kern,2021-04-16,7227,407712,3432,187616,3794,198367,1,21729,3080,95761,4126,166413,3082,262174,California
Kern,2021-04-17,5888,413600,3846,191462,2042,200409,0,21729,2250,94385,3627,170040,2251,264425,California
Kern,2021-04-18,3620,417220,3384,194846,236,200645,0,21729,1055,92882,2558,172598,1055,265480,California
Kern,2021-04-19,3799,421019,1725,196571,2073,202718,1,21730,1439,91981,2340,174938,1439,266919,California
Kern,2021-04-20,4295,425314,1536,198107,2758,205476,1,21731,1658,91015,2626,177564,1660,268579,California
Kern,2021-04-21,5836,431150,3121,201228,2710,208186,5,21736,2250,89702,3567,181131,2254,270833,California
Kern,2021-04-22,4774,435924,2305,203533,2469,210655,0,21736,1774,88498,2979,184110,1775,272608,California
Kern,2021-04-23,5820,441744,2915,206448,2904,213559,1,21737,1957,86627,3830,187940,1959,274567,California
Kern,2021-04-24,3926,445670,2728,209176,1188,214747,10,21747,1482,85689,2430,190370,1492,276059,California
Kern,2021-04-25,1340,447010,1064,210240,276,215023,0,21747,772,85898,563,190933,772,276831,California
Kern,2021-04-26,3642,450652,1753,211993,1836,216859,53,21800,1002,84322,2631,193564,1055,277886,California
Kern,2021-04-27,4472,455124,2183,214176,2187,219046,102,21902,1327,82616,3131,196695,1425,279311,California
Kern,2021-04-28,5687,460811,3270,217446,2298,221344,119,22021,1669,80395,4007,200702,1786,281097,California
Kern,2021-04-29,4717,465528,2634,220080,2000,223344,83,22104,1407,78595,3291,203993,1491,282588,California
Kern,2021-04-30,5184,470712,2943,223023,2091,225435,150,22254,1503,76581,3667,207660,1653,284241,California
Kern,2021-05-01,2189,472901,1614,224637,536,225971,39,22293,804,76045,1379,209039,843,285084,California
Kern,2021-05-02,1612,474513,1474,226111,131,226102,7,22300,603,75651,1004,210043,610,285694,California
Kern,2021-05-03,1876,476389,719,226830,1060,227162,97,22397,615,75116,1248,211291,713,286407,California
Kern,2021-05-04,2194,478583,857,227687,1265,228427,72,22469,672,74345,1514,212805,743,287150,California
Kings,2020-12-16,1,1,1,1,0,0,0,0,1,1,0,0,1,1,California
Kings,2020-12-17,8,9,8,9,0,0,0,0,8,9,0,0,8,9,California
Kings,2020-12-18,12,21,12,21,0,0,0,0,12,21,0,0,12,21,California
Kings,2020-12-19,11,32,11,32,0,0,0,0,11,32,0,0,11,32,California
Kings,2020-12-20,13,45,13,45,0,0,0,0,13,45,0,0,13,45,California
Kings,2020-12-21,156,201,156,201,0,0,0,0,269,314,0,0,269,314,California
Kings,2020-12-22,143,344,143,344,0,0,0,0,140,454,0,0,140,454,California
Kings,2020-12-23,134,478,122,466,12,12,0,0,135,589,0,0,135,589,California
Kings,2020-12-24,11,489,9,475,2,14,0,0,11,600,0,0,11,600,California
Kings,2020-12-26,7,496,4,479,3,17,0,0,7,607,0,0,7,607,California
Kings,2020-12-27,4,500,4,483,0,17,0,0,4,611,0,0,4,611,California
Kings,2020-12-28,131,631,103,586,28,45,0,0,132,743,0,0,132,743,California
Kings,2020-12-29,78,709,51,637,27,72,0,0,79,822,0,0,79,822,California
Kings,2020-12-30,148,857,109,746,39,111,0,0,148,970,0,0,148,970,California
Kings,2020-12-31,45,902,6,752,39,150,0,0,45,1015,0,0,45,1015,California
Kings,2021-01-01,1,903,0,752,1,151,0,0,1,1016,0,0,1,1016,California
Kings,2021-01-02,10,913,9,761,1,152,0,0,10,1026,0,0,10,1026,California
Kings,2021-01-04,112,1025,42,803,70,222,0,0,112,1138,0,0,112,1138,California
Kings,2021-01-05,196,1221,39,842,157,379,0,0,196,1334,0,0,196,1334,California
Kings,2021-01-06,277,1498,178,1020,99,478,0,0,274,1605,3,3,274,1608,California
Kings,2021-01-07,178,1676,81,1101,97,575,0,0,170,1767,8,11,170,1778,California
Kings,2021-01-08,247,1923,54,1155,193,768,0,0,228,1976,19,30,228,2006,California
Kings,2021-01-09,63,1986,9,1164,54,822,0,0,55,2023,8,38,55,2061,California
Kings,2021-01-10,15,2001,3,1167,12,834,0,0,12,2032,3,41,12,2073,California
Kings,2021-01-11,518,2519,354,1521,164,998,0,0,276,2067,242,283,277,2350,California
Kings,2021-01-12,350,2869,253,1774,97,1095,0,0,216,2152,131,414,216,2566,California
Kings,2021-01-13,414,3283,267,2041,147,1242,0,0,323,2384,91,505,323,2889,California
Kings,2021-01-14,208,3491,31,2072,177,1419,0,0,198,2562,21,526,199,3088,California
Kings,2021-01-15,416,3907,29,2101,387,1806,0,0,404,2954,12,538,404,3492,California
Kings,2021-01-16,31,3938,12,2113,19,1825,0,0,30,2983,1,539,30,3522,California
Kings,2021-01-17,9,3947,6,2119,3,1828,0,0,7,2988,2,541,7,3529,California
Kings,2021-01-18,172,4119,40,2159,132,1960,0,0,146,3108,26,567,146,3675,California
Kings,2021-01-19,376,4495,158,2317,218,2178,0,0,248,3228,128,695,248,3923,California
Kings,2021-01-20,233,4728,142,2459,91,2269,0,0,124,3247,105,800,124,4047,California
Kings,2021-01-21,191,4919,36,2495,155,2424,0,0,175,3404,18,818,175,4222,California
Kings,2021-01-22,126,5045,40,2535,86,2510,0,0,126,3525,5,823,126,4348,California
Kings,2021-01-23,26,5071,14,2549,12,2522,0,0,20,3539,6,829,20,4368,California
Kings,2021-01-24,4,5075,4,2553,0,2522,0,0,2,3539,2,831,2,4370,California
Kings,2021-01-25,124,5199,26,2579,98,2620,0,0,90,3595,34,865,90,4460,California
Kings,2021-01-26,154,5353,35,2614,119,2739,0,0,115,3671,39,904,115,4575,California
Kings,2021-01-27,319,5672,34,2648,285,3024,0,0,249,3851,69,973,249,4824,California
Kings,2021-01-28,326,5998,46,2694,280,3304,0,0,271,4067,55,1028,271,5095,California
Kings,2021-01-29,86,6084,26,2720,60,3364,0,0,69,4119,17,1045,69,5164,California
Kings,2021-01-30,1556,7640,31,2751,1525,4889,0,0,1553,5671,3,1048,1555,6719,California
Kings,2021-02-01,199,7839,64,2815,135,5024,0,0,72,5618,125,1173,72,6791,California
Kings,2021-02-02,226,8065,14,2829,212,5236,0,0,82,5557,143,1316,82,6873,California
Kings,2021-02-03,358,8423,192,3021,166,5402,0,0,203,5606,154,1470,203,7076,California
Kings,2021-02-04,395,8818,98,3119,297,5699,0,0,198,5608,196,1666,198,7274,California
Kings,2021-02-05,256,9074,14,3133,242,5941,0,0,100,5554,154,1820,100,7374,California
Kings,2021-02-06,60,9134,10,3143,50,5991,0,0,27,5548,33,1853,27,7401,California
Kings,2021-02-07,5,9139,3,3146,2,5993,0,0,3,5549,2,1855,3,7404,California
Kings,2021-02-08,170,9309,29,3175,141,6134,0,0,68,5515,102,1957,68,7472,California
Kings,2021-02-09,253,9562,57,3232,196,6330,0,0,110,5484,141,2098,110,7582,California
Kings,2021-02-10,286,9848,112,3344,174,6504,0,0,170,5538,116,2214,170,7752,California
Kings,2021-02-11,429,10277,65,3409,364,6868,0,0,316,5742,112,2326,316,8068,California
Kings,2021-02-12,622,10899,36,3445,586,7454,0,0,347,5815,274,2600,347,8415,California
Kings,2021-02-13,103,11002,6,3451,97,7551,0,0,78,5868,25,2625,78,8493,California
Kings,2021-02-14,102,11104,4,3455,98,7649,0,0,94,5954,8,2633,94,8587,California
Kings,2021-02-15,246,11350,5,3460,241,7890,0,0,137,5983,108,2741,137,8724,California
Kings,2021-02-16,485,11835,33,3493,452,8342,0,0,250,5999,234,2975,250,8974,California
Kings,2021-02-17,379,12214,22,3515,357,8699,0,0,242,6105,137,3112,243,9217,California
Kings,2021-02-18,155,12369,23,3538,132,8831,0,0,98,6146,57,3169,98,9315,California
Kings,2021-02-19,158,12527,23,3561,135,8966,0,0,102,6195,53,3222,102,9417,California
Kings,2021-02-20,171,12698,40,3601,131,9097,0,0,134,6292,37,3259,134,9551,California
Kings,2021-02-21,3,12701,2,3603,1,9098,0,0,3,6295,0,3259,3,9554,California
Kings,2021-02-22,110,12811,19,3622,91,9189,0,0,51,6287,59,3318,51,9605,California
Kings,2021-02-23,296,13107,69,3691,227,9416,0,0,179,6349,117,3435,179,9784,California
Kings,2021-02-24,592,13699,154,3845,438,9854,0,0,380,6517,212,3647,380,10164,California
Kings,2021-02-25,665,14364,115,3960,550,10404,0,0,447,6748,216,3863,447,10611,California
Kings,2021-02-26,657,15021,129,4089,528,10932,0,0,594,7280,62,3925,594,11205,California
Kings,2021-02-27,1498,16519,62,4151,1436,12368,0,0,564,6911,933,4858,564,11769,California
Kings,2021-02-28,1172,17691,597,4748,575,12943,0,0,674,7090,495,5353,674,12443,California
Kings,2021-03-01,259,17950,79,4827,180,13123,0,0,214,7259,45,5398,214,12657,California
Kings,2021-03-02,473,18423,206,5033,267,13390,0,0,423,7633,50,5448,424,13081,California
Kings,2021-03-03,626,19049,303,5336,323,13713,0,0,437,7882,188,5636,437,13518,California
Kings,2021-03-04,716,19765,343,5679,373,14086,0,0,620,8407,96,5732,621,14139,California
Kings,2021-03-05,1029,20794,349,6028,671,14757,9,9,913,9214,116,5848,923,15062,California
Kings,2021-03-06,511,21305,184,6212,314,15071,13,22,482,9680,29,5877,495,15557,California
Kings,2021-03-07,366,21671,225,6437,137,15208,4,26,358,10034,8,5885,362,15919,California
Kings,2021-03-08,361,22032,97,6534,211,15419,53,79,252,10229,109,5994,304,16223,California
Kings,2021-03-09,519,22551,238,6772,226,15645,55,134,413,10592,106,6100,469,16692,California
Kings,2021-03-10,503,23054,124,6896,288,15933,91,225,320,10820,182,6282,410,17102,California
Kings,2021-03-11,1019,24073,305,7201,604,16537,110,335,614,11141,403,6685,724,17826,California
Kings,2021-03-12,1309,25382,393,7594,822,17359,94,429,908,11745,400,7085,1004,18830,California
Kings,2021-03-13,672,26054,332,7926,296,17655,44,473,545,12208,127,7212,590,19420,California
Kings,2021-03-14,671,26725,101,8027,184,17839,386,859,200,12323,471,7683,586,20006,California
Kings,2021-03-15,682,27407,246,8273,321,18160,115,974,446,12651,235,7918,563,20569,California
Kings,2021-03-16,1039,28446,439,8712,539,18699,61,1035,703,13079,336,8254,764,21333,California
Kings,2021-03-17,1089,29535,417,9129,611,19310,61,1096,770,13598,319,8573,838,22171,California
Kings,2021-03-18,1098,30633,466,9595,410,19720,222,1318,766,14258,331,8904,991,23162,California
Kings,2021-03-19,931,31564,468,10063,378,20098,85,1403,714,14853,217,9121,812,23974,California
Kings,2021-03-20,622,32186,255,10318,337,20435,30,1433,449,15168,171,9292,486,24460,California
Kings,2021-03-21,1400,33586,1085,11403,304,20739,11,1444,846,15471,554,9846,857,25317,California
Kings,2021-03-22,449,34035,203,11606,163,20902,83,1527,276,15661,173,10019,363,25680,California
Kings,2021-03-23,898,34933,492,12098,343,21245,63,1590,575,15981,321,10340,641,26321,California
Kings,2021-03-24,920,35853,477,12575,420,21665,23,1613,511,16110,407,10747,536,26857,California
Kings,2021-03-25,886,36739,441,13016,419,22084,26,1639,442,16136,442,11189,468,27325,California
Kings,2021-03-26,1279,38018,372,13388,822,22906,85,1724,527,16000,747,11936,611,27936,California
Kings,2021-03-27,616,38634,245,13633,359,23265,12,1736,169,15736,445,12381,181,28117,California
Kings,2021-03-28,547,39181,476,14109,64,23329,7,1743,341,15886,206,12587,356,28473,California
Kings,2021-03-29,456,39637,201,14310,195,23524,60,1803,250,15991,204,12791,309,28782,California
Kings,2021-03-30,835,40472,462,14772,335,23859,38,1841,415,16025,419,13210,453,29235,California
Kings,2021-03-31,724,41196,375,15147,285,24144,64,1905,415,16202,302,13512,479,29714,California
Kings,2021-04-01,748,41944,375,15522,294,24438,79,1984,337,16213,405,13917,416,30130,California
Kings,2021-04-02,979,42923,426,15948,431,24869,122,2106,408,16176,566,14483,529,30659,California
Kings,2021-04-03,473,43396,329,16277,136,25005,8,2114,160,16039,307,14790,170,30829,California
Kings,2021-04-04,156,43552,82,16359,68,25073,6,2120,44,15978,111,14901,50,30879,California
Kings,2021-04-05,1046,44598,322,16681,474,25547,250,2370,244,15671,801,15702,494,31373,California
Kings,2021-04-06,1181,45779,447,17128,426,25973,308,2678,292,15384,886,16588,599,31972,California
Kings,2021-04-07,1340,47119,641,17769,515,26488,184,2862,414,15059,923,17511,598,32570,California
Kings,2021-04-08,1591,48710,627,18396,713,27201,251,3113,362,14450,1222,18733,613,33183,California
Kings,2021-04-09,1103,49813,522,18918,407,27608,174,3287,237,13995,864,19597,409,33592,California
Kings,2021-04-10,592,50405,329,19247,161,27769,102,3389,180,13866,411,20008,282,33874,California
Kings,2021-04-11,324,50729,74,19321,244,28013,6,3395,192,13932,132,20140,198,34072,California
Kings,2021-04-12,697,51426,311,19632,186,28199,200,3595,190,13817,505,20645,390,34462,California
Kings,2021-04-13,878,52304,506,20138,372,28571,0,3595,285,13515,592,21237,290,34752,California
Kings,2021-04-14,1020,53324,564,20702,456,29027,0,3595,371,13238,649,21886,372,35124,California
Kings,2021-04-15,1024,54348,499,21201,524,29551,1,3596,455,13126,568,22454,456,35580,California
Kings,2021-04-16,764,55112,360,21561,404,29955,0,3596,268,12899,495,22949,268,35848,California
Kings,2021-04-17,455,55567,242,21803,213,30168,0,3596,199,12843,255,23204,199,36047,California
Kings,2021-04-18,548,56115,238,22041,310,30478,0,3596,69,12433,479,23683,69,36116,California
Kings,2021-04-19,522,56637,287,22328,234,30712,1,3597,284,12481,236,23919,284,36400,California
Kings,2021-04-20,727,57364,440,22768,287,30999,0,3597,241,12238,484,24403,241,36641,California
Kings,2021-04-21,633,57997,305,23073,328,31327,0,3597,219,12048,409,24812,219,36860,California
Kings,2021-04-22,548,58545,276,23349,272,31599,0,3597,204,11912,341,25153,205,37065,California
Kings,2021-04-23,662,59207,290,23639,372,31971,0,3597,329,11912,329,25482,329,37394,California
Kings,2021-04-24,240,59447,174,23813,65,32036,1,3598,116,11906,123,25605,117,37511,California
Kings,2021-04-25,195,59642,176,23989,19,32055,0,3598,159,12029,36,25641,159,37670,California
Kings,2021-04-26,288,59930,148,24137,137,32192,3,3601,181,12107,106,25747,184,37854,California
Kings,2021-04-27,396,60326,171,24308,204,32396,21,3622,162,12057,233,25980,183,38037,California
Kings,2021-04-28,445,60771,236,24544,194,32590,15,3637,239,12105,206,26186,254,38291,California
Kings,2021-04-29,258,61029,98,24642,149,32739,11,3648,122,12105,133,26319,133,38424,California
Kings,2021-04-30,339,61368,161,24803,164,32903,14,3662,149,12081,187,26506,163,38587,California
Kings,2021-05-01,162,61530,117,24920,41,32944,4,3666,35,11995,125,26631,39,38626,California
Kings,2021-05-02,127,61657,120,25040,7,32951,0,3666,111,12090,16,26647,111,38737,California
Kings,2021-05-03,380,62037,182,25222,191,33142,7,3673,88,11893,292,26939,95,38832,California
Kings,2021-05-04,361,62398,166,25388,181,33323,14,3687,93,11732,268,27207,107,38939,California
Lake,2020-12-17,4,4,4,4,0,0,0,0,4,4,0,0,4,4,California
Lake,2020-12-18,51,55,51,55,0,0,0,0,51,55,0,0,51,55,California
Lake,2020-12-19,3,58,3,58,0,0,0,0,3,58,0,0,3,58,California
Lake,2020-12-20,6,64,6,64,0,0,0,0,6,64,0,0,6,64,California
Lake,2020-12-21,86,150,86,150,0,0,0,0,86,150,0,0,86,150,California
Lake,2020-12-22,63,213,60,210,3,3,0,0,63,213,0,0,63,213,California
Lake,2020-12-23,123,336,114,324,9,12,0,0,123,336,0,0,123,336,California
Lake,2020-12-24,2,338,0,324,2,14,0,0,2,338,0,0,2,338,California
Lake,2020-12-26,2,340,2,326,0,14,0,0,2,340,0,0,2,340,California
Lake,2020-12-27,2,342,2,328,0,14,0,0,2,342,0,0,2,342,California
Lake,2020-12-28,52,394,43,371,9,23,0,0,52,394,0,0,52,394,California
Lake,2020-12-29,51,445,46,417,5,28,0,0,51,445,0,0,51,445,California
Lake,2020-12-30,124,569,117,534,7,35,0,0,124,569,0,0,124,569,California
Lake,2020-12-31,67,636,64,598,3,38,0,0,67,636,0,0,67,636,California
Lake,2021-01-01,1,637,0,598,1,39,0,0,1,637,0,0,1,637,California
Lake,2021-01-02,2,639,1,599,1,40,0,0,2,639,0,0,2,639,California
Lake,2021-01-04,87,726,21,620,66,106,0,0,87,726,0,0,87,726,California
Lake,2021-01-05,120,846,59,679,61,167,0,0,118,842,2,2,118,844,California
Lake,2021-01-06,105,951,65,744,40,207,0,0,103,943,2,4,103,947,California
Lake,2021-01-07,107,1058,84,828,23,230,0,0,98,1032,9,13,98,1045,California
Lake,2021-01-08,152,1210,124,952,28,258,0,0,100,1080,52,65,100,1145,California
Lake,2021-01-09,63,1273,61,1013,2,260,0,0,59,1135,4,69,59,1204,California
Lake,2021-01-10,3,1276,3,1016,0,260,0,0,0,1132,3,72,0,1204,California
Lake,2021-01-11,192,1468,151,1167,41,301,0,0,112,1164,80,152,112,1316,California
Lake,2021-01-12,80,1548,48,1215,32,333,0,0,56,1196,24,176,56,1372,California
Lake,2021-01-13,164,1712,112,1327,52,385,0,0,107,1246,57,233,107,1479,California
Lake,2021-01-14,147,1859,46,1373,101,486,0,0,125,1349,22,255,125,1604,California
Lake,2021-01-15,215,2074,92,1465,123,609,0,0,188,1510,27,282,188,1792,California
Lake,2021-01-16,134,2208,81,1546,53,662,0,0,132,1640,2,284,132,1924,California
Lake,2021-01-17,18,2226,6,1552,12,674,0,0,12,1646,6,290,12,1936,California
Lake,2021-01-18,246,2472,226,1778,20,694,0,0,126,1652,120,410,126,2062,California
Lake,2021-01-19,311,2783,117,1895,194,888,0,0,266,1874,45,455,267,2329,California
Lake,2021-01-20,422,3205,80,1975,342,1230,0,0,358,2169,63,518,358,2687,California
Lake,2021-01-21,433,3638,49,2024,384,1614,0,0,398,2532,35,553,398,3085,California
Lake,2021-01-22,318,3956,46,2070,272,1886,0,0,282,2778,36,589,282,3367,California
Lake,2021-01-23,122,4078,5,2075,117,2003,0,0,121,2898,1,590,121,3488,California
Lake,2021-01-24,4,4082,1,2076,3,2006,0,0,4,2902,0,590,4,3492,California
Lake,2021-01-25,257,4339,95,2171,162,2168,0,0,176,2997,81,671,176,3668,California
Lake,2021-01-26,428,4767,36,2207,392,2560,0,0,405,3379,23,694,405,4073,California
Lake,2021-01-27,359,5126,41,2248,318,2878,0,0,331,3683,28,722,332,4405,California
Lake,2021-01-28,499,5625,161,2409,338,3216,0,0,370,3924,129,851,370,4775,California
Lake,2021-01-29,637,6262,83,2492,554,3770,0,0,577,4441,60,911,577,5352,California
Lake,2021-01-30,556,6818,45,2537,511,4281,0,0,550,4985,6,917,550,5902,California
Lake,2021-01-31,14,6832,8,2545,6,4287,0,0,12,4995,2,919,12,5914,California
Lake,2021-02-01,179,7011,18,2563,161,4448,0,0,166,5148,13,932,166,6080,California
Lake,2021-02-02,565,7576,152,2715,413,4861,0,0,399,5381,166,1098,399,6479,California
Lake,2021-02-03,445,8021,33,2748,412,5273,0,0,340,5616,105,1203,340,6819,California
Lake,2021-02-04,120,8141,69,2817,51,5324,0,0,73,5642,47,1250,73,6892,California
Lake,2021-02-05,378,8519,69,2886,309,5633,0,0,288,5842,88,1338,288,7180,California
Lake,2021-02-06,275,8794,40,2926,235,5868,0,0,264,6095,11,1349,264,7444,California
Lake,2021-02-07,2,8796,1,2927,1,5869,0,0,2,6097,0,1349,2,7446,California
Lake,2021-02-08,278,9074,206,3133,72,5941,0,0,159,6137,119,1468,159,7605,California
Lake,2021-02-09,345,9419,25,3158,320,6261,0,0,301,6395,43,1511,301,7906,California
Lake,2021-02-10,351,9770,55,3213,296,6557,0,0,275,6594,76,1587,275,8181,California
Lake,2021-02-11,169,9939,18,3231,151,6708,0,0,56,6537,113,1700,56,8237,California
Lake,2021-02-12,377,10316,29,3260,348,7056,0,0,290,6741,86,1786,290,8527,California
Lake,2021-02-13,246,10562,7,3267,239,7295,0,0,235,6965,11,1797,235,8762,California
Lake,2021-02-14,19,10581,4,3271,15,7310,0,0,6,6958,13,1810,6,8768,California
Lake,2021-02-15,172,10753,13,3284,159,7469,0,0,8,6803,163,1973,8,8776,California
Lake,2021-02-16,423,11176,23,3307,400,7869,0,0,176,6732,247,2220,176,8952,California
Lake,2021-02-17,351,11527,54,3361,297,8166,0,0,70,6522,280,2500,70,9022,California
Lake,2021-02-18,457,11984,69,3430,388,8554,0,0,114,6293,343,2843,114,9136,California
Lake,2021-02-19,418,12402,25,3455,393,8947,0,0,93,6061,325,3168,93,9229,California
Lake,2021-02-20,294,12696,60,3515,234,9181,0,0,251,6270,42,3210,251,9480,California
Lake,2021-02-21,6,12702,6,3521,0,9181,0,0,0,6264,6,3216,0,9480,California
Lake,2021-02-22,140,12842,24,3545,116,9297,0,0,43,6210,97,3313,43,9523,California
Lake,2021-02-23,213,13055,14,3559,199,9496,0,0,28,6053,185,3498,28,9551,California
Lake,2021-02-24,956,14011,378,3937,578,10074,0,0,417,5932,538,4036,417,9968,California
Lake,2021-02-25,732,14743,464,4401,268,10342,0,0,472,6146,258,4294,472,10440,California
Lake,2021-02-26,996,15739,304,4705,692,11034,0,0,350,5853,643,4937,350,10790,California
Lake,2021-02-27,410,16149,97,4802,313,11347,0,0,328,6099,82,5019,328,11118,California
Lake,2021-02-28,18,16167,12,4814,6,11353,0,0,10,6101,8,5027,10,11128,California
Lake,2021-03-01,596,16763,53,4867,543,11896,0,0,443,6391,153,5180,443,11571,California
Lake,2021-03-02,744,17507,18,4885,726,12622,0,0,289,6224,456,5636,289,11860,California
Lake,2021-03-03,360,17867,197,5082,163,12785,0,0,135,6134,225,5861,135,11995,California
Lake,2021-03-04,577,18444,509,5591,68,12853,0,0,562,6681,15,5876,562,12557,California
Lake,2021-03-05,1037,19481,40,5631,997,13850,0,0,174,5996,859,6735,174,12731,California
Lake,2021-03-06,34,19515,9,5640,24,13874,1,1,21,6005,13,6748,22,12753,California
Lake,2021-03-07,7,19522,5,5645,2,13876,0,1,4,6006,3,6751,4,12757,California
Lake,2021-03-08,339,19861,267,5912,63,13939,9,10,299,6274,40,6791,308,13065,California
Lake,2021-03-09,914,20775,29,5941,868,14807,17,27,392,6162,521,7312,409,13474,California
Lake,2021-03-10,204,20979,60,6001,131,14938,13,40,136,6243,68,7380,149,13623,California
Lake,2021-03-11,583,21562,47,6048,62,15000,474,514,48,6230,535,7915,522,14145,California
Lake,2021-03-12,854,22416,203,6251,627,15627,24,538,363,6127,490,8405,387,14532,California
Lake,2021-03-13,278,22694,21,6272,20,15647,237,775,16,6118,261,8666,252,14784,California
Lake,2021-03-14,11,22705,2,6274,9,15656,0,775,7,6121,4,8670,7,14791,California
Lake,2021-03-15,642,23347,14,6288,611,16267,17,792,483,6462,159,8829,500,15291,California
Lake,2021-03-16,1113,24460,834,7122,262,16529,17,809,446,6261,663,9492,462,15753,California
Lake,2021-03-17,247,24707,122,7244,103,16632,22,831,90,6216,157,9649,112,15865,California
Lake,2021-03-18,748,25455,373,7617,338,16970,37,868,372,6249,375,10024,408,16273,California
Lake,2021-03-19,580,26035,313,7930,247,17217,20,888,473,6636,106,10130,493,16766,California
Lake,2021-03-20,248,26283,8,7938,237,17454,3,891,29,6451,217,10347,32,16798,California
Lake,2021-03-21,16,26299,11,7949,4,17458,1,892,11,6458,5,10352,12,16810,California
Lake,2021-03-22,324,26623,244,8193,66,17524,14,906,238,6624,86,10438,252,17062,California
Lake,2021-03-23,416,27039,18,8211,385,17909,13,919,353,6928,62,10500,366,17428,California
Lake,2021-03-24,414,27453,61,8272,345,18254,8,927,317,7158,96,10596,326,17754,California
Lake,2021-03-25,656,28109,468,8740,182,18436,6,933,171,6850,485,11081,177,17931,California
Lake,2021-03-26,69,28178,33,8773,35,18471,1,934,45,6872,24,11105,46,17977,California
Lake,2021-03-27,309,28487,7,8780,299,18770,3,937,17,6602,290,11395,20,17997,California
Lake,2021-03-28,16,28503,7,8787,9,18779,0,937,10,6606,6,11401,10,18007,California
Lake,2021-03-29,899,29402,268,9055,629,19408,2,939,193,6097,704,12105,195,18202,California
Lake,2021-03-30,454,29856,305,9360,147,19555,2,941,368,6382,85,12190,370,18572,California
Lake,2021-03-31,583,30439,60,9420,523,20078,0,941,418,6643,157,12347,418,18990,California
Lake,2021-04-01,424,30863,219,9639,193,20271,12,953,179,6592,242,12589,191,19181,California
Lake,2021-04-02,221,31084,40,9679,153,20424,28,981,98,6595,123,12712,126,19307,California
Lake,2021-04-03,30,31114,6,9685,21,20445,3,984,11,6590,19,12731,14,19321,California
Lake,2021-04-04,21,31135,11,9696,8,20453,2,986,16,6603,5,12736,18,19339,California
Lake,2021-04-05,635,31770,70,9766,546,20999,19,1005,396,6781,236,12972,414,19753,California
Lake,2021-04-06,471,32241,15,9781,430,21429,26,1031,299,6935,171,13143,325,20078,California
Lake,2021-04-07,517,32758,56,9837,410,21839,51,1082,350,7171,165,13308,401,20479,California
Lake,2021-04-08,598,33356,485,10322,46,21885,67,1149,102,6847,493,13801,169,20648,California
Lake,2021-04-09,283,33639,44,10366,170,22055,69,1218,49,6734,231,14032,118,20766,California
Lake,2021-04-10,253,33892,15,10381,14,22069,224,1442,11,6727,242,14274,235,21001,California
Lake,2021-04-11,22,33914,17,10398,3,22072,2,1444,7,6721,15,14289,9,21010,California
Lake,2021-04-12,1068,34982,231,10629,804,22876,33,1477,248,6183,819,15108,281,21291,California
Lake,2021-04-13,180,35162,109,10738,71,22947,0,1477,53,6109,127,15235,53,21344,California
Lake,2021-04-14,608,35770,37,10775,571,23518,0,1477,547,6595,61,15296,547,21891,California
Lake,2021-04-15,624,36394,177,10952,447,23965,0,1477,317,6605,307,15603,317,22208,California
Lake,2021-04-16,259,36653,25,10977,233,24198,1,1478,69,6486,189,15792,70,22278,California
Lake,2021-04-17,39,36692,11,10988,28,24226,0,1478,29,6505,10,15802,29,22307,California
Lake,2021-04-18,8,36700,5,10993,3,24229,0,1478,0,6497,8,15810,0,22307,California
Lake,2021-04-19,295,36995,39,11032,256,24485,0,1478,245,6692,50,15860,245,22552,California
Lake,2021-04-20,691,37686,277,11309,414,24899,0,1478,112,6227,578,16438,113,22665,California
Lake,2021-04-21,533,38219,63,11372,470,25369,0,1478,204,6103,328,16766,204,22869,California
Lake,2021-04-22,457,38676,47,11419,410,25779,0,1478,312,6271,144,16910,312,23181,California
Lake,2021-04-23,113,38789,57,11476,56,25835,0,1478,67,6292,46,16956,67,23248,California
Lake,2021-04-24,53,38842,9,11485,44,25879,0,1478,39,6317,14,16970,39,23287,California
Lake,2021-04-25,36,38878,19,11504,17,25896,0,1478,23,6327,13,16983,23,23310,California
Lake,2021-04-26,276,39154,73,11577,202,26098,1,1479,79,6210,197,17180,80,23390,California
Lake,2021-04-27,228,39382,21,11598,189,26287,18,1497,75,6150,153,17333,93,23483,California
Lake,2021-04-28,445,39827,45,11643,389,26676,11,1508,103,5924,339,17672,113,23596,California
Lake,2021-04-29,169,39996,67,11710,88,26764,14,1522,89,5948,79,17751,103,23699,California
Lake,2021-04-30,259,40255,46,11756,194,26958,19,1541,130,5968,129,17880,149,23848,California
Lake,2021-05-01,24,40279,15,11771,9,26967,0,1541,16,5976,8,17888,16,23864,California
Lake,2021-05-02,9,40288,1,11772,6,26973,2,1543,5,5979,4,17892,7,23871,California
Lake,2021-05-03,362,40650,12,11784,323,27296,27,1570,62,5769,299,18191,89,23960,California
Lake,2021-05-04,318,40968,185,11969,99,27395,34,1604,97,5680,220,18411,131,24091,California
Lassen,2020-12-16,8,8,8,8,0,0,0,0,8,8,0,0,8,8,California
Lassen,2020-12-17,6,14,6,14,0,0,0,0,6,14,0,0,6,14,California
Lassen,2020-12-18,1,15,1,15,0,0,0,0,1,15,0,0,1,15,California
Lassen,2020-12-19,5,20,5,20,0,0,0,0,5,20,0,0,5,20,California
Lassen,2020-12-20,2,22,2,22,0,0,0,0,2,22,0,0,2,22,California
Lassen,2020-12-21,11,33,11,33,0,0,0,0,11,33,0,0,11,33,California
Lassen,2020-12-22,23,56,23,56,0,0,0,0,23,56,0,0,23,56,California
Lassen,2020-12-23,6,62,6,62,0,0,0,0,6,62,0,0,6,62,California
Lassen,2020-12-24,11,73,11,73,0,0,0,0,11,73,0,0,11,73,California
Lassen,2020-12-28,3,76,2,75,1,1,0,0,3,76,0,0,3,76,California
Lassen,2020-12-29,35,111,35,110,0,1,0,0,35,111,0,0,35,111,California
Lassen,2020-12-30,37,148,36,146,1,2,0,0,37,148,0,0,37,148,California
Lassen,2020-12-31,49,197,42,188,7,9,0,0,49,197,0,0,49,197,California
Lassen,2021-01-02,1,198,0,188,1,10,0,0,1,198,0,0,1,198,California
Lassen,2021-01-04,15,213,1,189,14,24,0,0,15,213,0,0,15,213,California
Lassen,2021-01-05,194,407,53,242,141,165,0,0,194,407,0,0,194,407,California
Lassen,2021-01-06,93,500,42,284,51,216,0,0,85,485,8,8,86,493,California
Lassen,2021-01-07,43,543,7,291,36,252,0,0,37,516,6,14,37,530,California
Lassen,2021-01-08,50,593,2,293,48,300,0,0,50,566,0,14,50,580,California
Lassen,2021-01-09,12,605,6,299,6,306,0,0,12,578,0,14,12,592,California
Lassen,2021-01-11,27,632,5,304,22,328,0,0,27,605,0,14,27,619,California
Lassen,2021-01-12,49,681,29,333,20,348,0,0,30,616,19,33,30,649,California
Lassen,2021-01-13,161,842,18,351,143,491,0,0,146,747,15,48,146,795,California
Lassen,2021-01-14,163,1005,18,369,145,636,0,0,151,886,12,60,151,946,California
Lassen,2021-01-15,33,1038,6,375,27,663,0,0,33,919,0,60,33,979,California
Lassen,2021-01-16,34,1072,33,408,1,664,0,0,34,953,0,60,34,1013,California
Lassen,2021-01-17,1,1073,0,408,1,665,0,0,1,954,0,60,1,1014,California
Lassen,2021-01-18,5,1078,2,410,3,668,0,0,4,957,1,61,4,1018,California
Lassen,2021-01-19,185,1263,36,446,149,817,0,0,157,1086,28,89,157,1175,California
Lassen,2021-01-20,189,1452,101,547,88,905,0,0,105,1122,69,158,105,1280,California
Lassen,2021-01-21,145,1597,93,640,52,957,0,0,121,1225,18,176,121,1401,California
Lassen,2021-01-22,31,1628,18,658,13,970,0,0,21,1236,10,186,21,1422,California
Lassen,2021-01-23,2,1630,0,658,2,972,0,0,2,1238,0,186,2,1424,California
Lassen,2021-01-24,1,1631,0,658,1,973,0,0,1,1239,0,186,1,1425,California
Lassen,2021-01-25,11,1642,0,658,11,984,0,0,11,1250,0,186,11,1436,California
Lassen,2021-01-26,126,1768,12,670,114,1098,0,0,122,1368,4,190,122,1558,California
Lassen,2021-01-27,85,1853,33,703,52,1150,0,0,69,1421,16,206,69,1627,California
Lassen,2021-01-28,85,1938,14,717,71,1221,0,0,84,1504,1,207,84,1711,California
Lassen,2021-01-29,23,1961,7,724,16,1237,0,0,22,1525,1,208,22,1733,California
Lassen,2021-02-01,62,2023,4,728,58,1295,0,0,36,1535,26,234,36,1769,California
Lassen,2021-02-02,177,2200,12,740,165,1460,0,0,44,1446,133,367,44,1813,California
Lassen,2021-02-03,96,2296,21,761,75,1535,0,0,51,1452,45,412,51,1864,California
Lassen,2021-02-04,112,2408,15,776,97,1632,0,0,63,1466,49,461,63,1927,California
Lassen,2021-02-05,65,2473,12,788,53,1685,0,0,23,1447,42,503,23,1950,California
Lassen,2021-02-06,69,2542,34,822,35,1720,0,0,36,1451,32,535,36,1986,California
Lassen,2021-02-07,2,2544,2,824,0,1720,0,0,2,1453,0,535,2,1988,California
Lassen,2021-02-08,43,2587,4,828,39,1759,0,0,18,1446,25,560,18,2006,California
Lassen,2021-02-09,129,2716,8,836,121,1880,0,0,50,1417,79,639,50,2056,California
Lassen,2021-02-10,183,2899,21,857,162,2042,0,0,75,1384,108,747,75,2131,California
Lassen,2021-02-11,184,3083,16,873,168,2210,0,0,80,1361,103,850,80,2211,California
Lassen,2021-02-12,42,3125,11,884,31,2241,0,0,14,1347,28,878,14,2225,California
Lassen,2021-02-13,12,3137,3,887,9,2250,0,0,10,1355,2,880,10,2235,California
Lassen,2021-02-14,13,3150,0,887,13,2263,0,0,12,1366,1,881,12,2247,California
Lassen,2021-02-15,21,3171,2,889,19,2282,0,0,17,1379,4,885,17,2264,California
Lassen,2021-02-16,192,3363,4,893,188,2470,0,0,31,1251,159,1044,31,2295,California
Lassen,2021-02-17,184,3547,94,987,90,2560,0,0,11,1089,173,1217,11,2306,California
Lassen,2021-02-18,80,3627,22,1009,58,2618,0,0,20,1049,60,1277,20,2326,California
Lassen,2021-02-19,82,3709,62,1071,20,2638,0,0,18,1003,64,1341,18,2344,California
Lassen,2021-02-20,8,3717,0,1071,8,2646,0,0,6,1007,2,1343,6,2350,California
Lassen,2021-02-21,22,3739,2,1073,20,2666,0,0,18,1021,4,1347,18,2368,California
Lassen,2021-02-22,23,3762,8,1081,15,2681,0,0,5,1008,18,1365,5,2373,California
Lassen,2021-02-23,153,3915,10,1091,143,2824,0,0,41,937,112,1477,41,2414,California
Lassen,2021-02-24,166,4081,17,1108,149,2973,0,0,108,988,57,1534,108,2522,California
Lassen,2021-02-25,156,4237,19,1127,137,3110,0,0,99,1030,57,1591,99,2621,California
Lassen,2021-02-26,73,4310,16,1143,57,3167,0,0,36,1029,37,1628,36,2657,California
Lassen,2021-02-27,8,4318,7,1150,1,3168,0,0,3,1027,5,1633,3,2660,California
Lassen,2021-02-28,6,4324,1,1151,5,3173,0,0,3,1027,3,1636,3,2663,California
Lassen,2021-03-01,41,4365,4,1155,37,3210,0,0,8,1002,33,1669,8,2671,California
Lassen,2021-03-02,106,4471,8,1163,98,3308,0,0,80,1056,26,1695,80,2751,California
Lassen,2021-03-03,170,4641,12,1175,158,3466,0,0,113,1112,57,1752,113,2864,California
Lassen,2021-03-04,148,4789,15,1190,133,3599,0,0,98,1161,49,1801,98,2962,California
Lassen,2021-03-05,47,4836,7,1197,17,3616,23,23,11,1159,36,1837,34,2996,California
Lassen,2021-03-06,56,4892,5,1202,29,3645,22,45,6,1137,50,1887,28,3024,California
Lassen,2021-03-07,56,4948,1,1203,0,3645,55,100,1,1138,55,1942,56,3080,California
Lassen,2021-03-08,90,5038,2,1205,8,3653,80,180,3,1135,86,2028,83,3163,California
Lassen,2021-03-09,137,5175,11,1216,109,3762,17,197,88,1192,49,2077,106,3269,California
Lassen,2021-03-10,173,5348,10,1226,162,3924,1,198,79,1179,93,2170,80,3349,California
Lassen,2021-03-11,185,5533,16,1242,162,4086,7,205,113,1230,69,2239,120,3469,California
Lassen,2021-03-12,35,5568,18,1260,13,4099,4,209,12,1223,23,2262,16,3485,California
Lassen,2021-03-13,49,5617,0,1260,3,4102,46,255,1,1221,48,2310,46,3531,California
Lassen,2021-03-14,14,5631,2,1262,11,4113,1,256,2,1212,12,2322,3,3534,California
Lassen,2021-03-15,32,5663,1,1263,31,4144,0,256,16,1212,16,2338,16,3550,California
Lassen,2021-03-16,93,5756,2,1265,85,4229,6,262,74,1273,19,2357,80,3630,California
Lassen,2021-03-17,1084,6840,9,1274,1070,5299,5,267,1064,2322,20,2377,1069,4699,California
Lassen,2021-03-18,95,6935,9,1283,85,5384,1,268,81,2390,14,2391,82,4781,California
Lassen,2021-03-19,17,6952,11,1294,2,5386,4,272,7,2391,10,2401,11,4792,California
Lassen,2021-03-20,29,6981,3,1297,23,5409,3,275,22,2409,7,2408,25,4817,California
Lassen,2021-03-21,34,7015,0,1297,34,5443,0,275,14,2404,19,2427,14,4831,California
Lassen,2021-03-22,57,7072,1,1298,56,5499,0,275,54,2455,3,2430,54,4885,California
Lassen,2021-03-23,117,7189,9,1307,107,5606,1,276,66,2471,51,2481,67,4952,California
Lassen,2021-03-24,212,7401,13,1320,199,5805,0,276,107,2474,104,2585,107,5059,California
Lassen,2021-03-25,151,7552,20,1340,131,5936,0,276,69,2461,82,2667,69,5128,California
Lassen,2021-03-26,78,7630,13,1353,26,5962,39,315,19,2460,59,2726,58,5186,California
Lassen,2021-03-27,20,7650,4,1357,1,5963,15,330,3,2461,17,2743,18,5204,California
Lassen,2021-03-28,18,7668,3,1360,5,5968,10,340,4,2461,14,2757,14,5218,California
Lassen,2021-03-29,52,7720,0,1360,27,5995,25,365,20,2475,31,2788,45,5263,California
Lassen,2021-03-30,198,7918,10,1370,163,6158,25,390,51,2404,147,2935,76,5339,California
Lassen,2021-03-31,146,8064,12,1382,112,6270,22,412,62,2404,84,3019,84,5423,California
Lassen,2021-04-01,166,8230,16,1398,131,6401,19,431,49,2356,116,3135,68,5491,California
Lassen,2021-04-02,29,8259,4,1402,3,6404,22,453,2,2353,27,3162,24,5515,California
Lassen,2021-04-03,12,8271,0,1402,2,6406,10,463,0,2351,12,3174,10,5525,California
Lassen,2021-04-04,7,8278,2,1404,0,6406,5,468,1,2351,6,3180,6,5531,California
Lassen,2021-04-05,23,8301,4,1408,12,6418,7,475,11,2358,11,3191,18,5549,California
Lassen,2021-04-06,183,8484,8,1416,145,6563,30,505,52,2309,131,3322,82,5631,California
Lassen,2021-04-07,136,8620,7,1423,92,6655,37,542,33,2278,103,3425,72,5703,California
Lassen,2021-04-08,169,8789,8,1431,105,6760,56,598,33,2235,132,3557,89,5792,California
Lassen,2021-04-09,52,8841,6,1437,11,6771,35,633,9,2236,42,3599,43,5835,California
Lassen,2021-04-10,9,8850,0,1437,2,6773,7,640,0,2235,8,3607,7,5842,California
Lassen,2021-04-11,5,8855,2,1439,0,6773,3,643,2,2237,3,3610,5,5847,California
Lassen,2021-04-12,25,8880,2,1441,10,6783,13,656,1,2227,24,3634,14,5861,California
Lassen,2021-04-13,129,9009,6,1447,123,6906,0,656,40,2179,88,3722,40,5901,California
Lassen,2021-04-14,987,9996,16,1463,971,7877,0,656,51,1295,935,4657,51,5952,California
Lassen,2021-04-15,147,10143,14,1477,133,8010,0,656,19,1186,128,4785,19,5971,California
Lassen,2021-04-16,11,10154,4,1481,7,8017,0,656,5,1185,6,4791,5,5976,California
Lassen,2021-04-17,24,10178,3,1484,21,8038,0,656,4,1169,20,4811,4,5980,California
Lassen,2021-04-18,5,10183,2,1486,3,8041,0,656,2,1168,3,4814,2,5982,California
Lassen,2021-04-19,33,10216,0,1486,33,8074,0,656,17,1169,16,4830,17,5999,California
Lassen,2021-04-20,138,10354,7,1493,131,8205,0,656,52,1135,86,4916,52,6051,California
Lassen,2021-04-21,163,10517,10,1503,153,8358,0,656,32,1038,129,5045,32,6083,California
Lassen,2021-04-22,102,10619,16,1519,86,8444,0,656,33,1002,69,5114,33,6116,California
Lassen,2021-04-23,28,10647,3,1522,25,8469,0,656,22,1018,6,5120,22,6138,California
Lassen,2021-04-24,10,10657,6,1528,4,8473,0,656,4,1016,6,5126,4,6142,California
Lassen,2021-04-25,5,10662,0,1528,4,8477,1,657,3,1018,2,5128,4,6146,California
Lassen,2021-04-26,40,10702,1,1529,35,8512,4,661,7,996,33,5161,11,6157,California
Lassen,2021-04-27,120,10822,10,1539,107,8619,3,664,68,1015,52,5213,71,6228,California
Lassen,2021-04-28,82,10904,8,1547,72,8691,2,666,29,993,53,5266,31,6259,California
Lassen,2021-04-29,51,10955,5,1552,43,8734,3,669,12,969,39,5305,15,6274,California
Lassen,2021-04-30,12,10967,7,1559,1,8735,4,673,3,967,9,5314,7,6281,California
Lassen,2021-05-01,1,10968,0,1559,1,8736,0,673,1,968,0,5314,1,6282,California
Lassen,2021-05-02,6,10974,2,1561,4,8740,0,673,5,972,1,5315,5,6287,California
Lassen,2021-05-03,18,10992,3,1564,10,8750,5,678,4,967,14,5329,9,6296,California
Lassen,2021-05-04,57,11049,3,1567,50,8800,4,682,12,938,45,5374,16,6312,California
Los Angeles,2020-12-15,392,392,392,392,0,0,0,0,392,392,0,0,392,392,California
Los Angeles,2020-12-16,3364,3756,3364,3756,0,0,0,0,3364,3756,0,0,3364,3756,California
Los Angeles,2020-12-17,10234,13990,10234,13990,0,0,0,0,10235,13991,0,0,10235,13991,California
Los Angeles,2020-12-18,14519,28509,14495,28485,24,24,0,0,14519,28510,0,0,14519,28510,California
Los Angeles,2020-12-19,7227,35736,7219,35704,8,32,0,0,7228,35738,0,0,7228,35738,California
Los Angeles,2020-12-20,4591,40327,4584,40288,7,39,0,0,4593,40331,0,0,4593,40331,California
Los Angeles,2020-12-21,13684,54011,13670,53958,14,53,0,0,13685,54015,1,1,13685,54016,California
Los Angeles,2020-12-22,11522,65533,11141,65099,381,434,0,0,11523,65537,1,2,11523,65539,California
Los Angeles,2020-12-23,11885,77418,10131,75230,1754,2188,0,0,11886,77423,0,2,11886,77425,California
Los Angeles,2020-12-24,7018,84436,4249,79479,2769,4957,0,0,7021,84444,0,2,7021,84446,California
Los Angeles,2020-12-25,525,84961,419,79898,106,5063,0,0,525,84969,0,2,525,84971,California
Los Angeles,2020-12-26,2524,87485,2179,82077,345,5408,0,0,2524,87492,1,3,2524,87495,California
Los Angeles,2020-12-27,1756,89241,1027,83104,729,6137,0,0,1756,89248,0,3,1756,89251,California
Los Angeles,2020-12-28,10280,99521,6378,89482,3902,10039,0,0,10278,99525,1,4,10278,99529,California
Los Angeles,2020-12-29,11595,111116,6074,95556,5521,15560,0,0,11597,111122,0,4,11597,111126,California
Los Angeles,2020-12-30,14861,125977,8084,103640,6777,22337,0,0,14860,125982,0,4,14860,125986,California
Los Angeles,2020-12-31,7925,133902,2752,106392,5173,27510,0,0,7923,133903,2,6,7923,133909,California
Los Angeles,2021-01-01,991,134893,270,106662,721,28231,0,0,991,134894,0,6,991,134900,California
Los Angeles,2021-01-02,4455,139348,1654,108316,2801,31032,0,0,4455,139349,0,6,4455,139355,California
Los Angeles,2021-01-03,940,140288,212,108528,728,31760,0,0,939,140287,1,7,939,140294,California
Los Angeles,2021-01-04,12697,152985,4880,113408,7817,39577,0,0,12683,152967,3,10,12683,152977,California
Los Angeles,2021-01-05,16018,169003,7079,120487,8939,48516,0,0,14117,165213,1874,1884,14120,167097,California
Los Angeles,2021-01-06,22578,191581,12083,132570,10495,59011,0,0,16985,176680,5525,7409,16992,184089,California
Los Angeles,2021-01-07,29376,220957,15812,148382,13564,72575,0,0,18868,185099,10462,17871,18881,202970,California
Los Angeles,2021-01-08,33080,254037,17900,166282,15180,87755,0,0,20858,193770,12195,30066,20866,223836,California
Los Angeles,2021-01-09,12364,266401,7074,173356,5290,93045,0,0,7498,196410,4864,34930,7504,231340,California
Los Angeles,2021-01-10,4657,271058,3629,176985,1028,94073,0,0,1928,195610,2729,37659,1929,233269,California
Los Angeles,2021-01-11,25792,296850,16247,193232,9545,103618,0,0,14865,199567,10916,48575,14873,248142,California
Los Angeles,2021-01-12,29217,326067,16077,209309,13140,116758,0,0,19087,208551,10112,58687,19096,267238,California
Los Angeles,2021-01-13,29275,355342,15641,224950,13634,130392,0,0,20327,219951,8931,67618,20331,287569,California
Los Angeles,2021-01-14,29236,384578,12715,237665,16521,146913,0,0,23734,238211,5483,73101,23743,311312,California
Los Angeles,2021-01-15,33798,418376,12361,250026,21437,168350,0,0,30227,264899,3546,76647,30234,341546,California
Los Angeles,2021-01-16,17555,435931,4963,254989,12592,180942,0,0,15779,278914,1768,78415,15783,357329,California
Los Angeles,2021-01-17,5187,441118,2307,257296,2880,183822,0,0,4942,283614,244,78659,4944,362273,California
Los Angeles,2021-01-18,15582,456700,10061,267357,5521,189343,0,0,10876,289798,4694,83353,10878,373151,California
Los Angeles,2021-01-19,38447,495147,20564,287921,17883,207226,0,0,30657,312716,7749,91102,30667,403818,California
Los Angeles,2021-01-20,45748,540895,23909,311830,21839,229065,0,0,38264,343536,7454,98556,38274,442092,California
Los Angeles,2021-01-21,48701,589596,22450,334280,26251,255316,0,0,44434,383779,4205,102761,44448,486540,California
Los Angeles,2021-01-22,47869,637465,22229,356509,25640,280956,0,0,44457,424878,3368,106129,44467,531007,California
Los Angeles,2021-01-23,33953,671418,15707,372216,18246,299202,0,0,31902,454772,2019,108148,31913,562920,California
Los Angeles,2021-01-24,15735,687153,12213,384429,3522,302724,0,0,15186,469418,541,108689,15187,578107,California
Los Angeles,2021-01-25,38741,725894,16444,400873,22297,325021,0,0,30246,491214,8466,117155,30262,608369,California
Los Angeles,2021-01-26,49240,775134,24454,425327,24786,349807,0,0,41055,524138,8150,125305,41074,649443,California
Los Angeles,2021-01-27,48520,823654,25822,451149,22698,372505,0,0,39283,554337,9102,134407,39301,688744,California
Los Angeles,2021-01-28,48598,872252,23112,474261,25486,397991,0,0,40192,586258,8285,142692,40206,728950,California
Los Angeles,2021-01-29,49257,921509,25411,499672,23846,421837,0,0,39201,615773,9702,152394,39217,768167,California
Los Angeles,2021-01-30,30004,951513,15414,515086,14590,436427,0,0,25859,637568,4068,156462,25863,794030,California
Los Angeles,2021-01-31,13010,964523,10372,525458,2638,439065,0,0,12082,648739,915,157377,12086,806116,California
Los Angeles,2021-02-01,38022,1002545,16196,541654,21826,460891,0,0,27746,666250,10244,167621,27755,833871,California
Los Angeles,2021-02-02,44213,1046758,17892,559546,26321,487212,0,0,32037,686151,12139,179760,32040,865911,California
Los Angeles,2021-02-03,52102,1098860,19548,579094,32554,519766,0,0,37335,708960,14532,194292,37341,903252,California
Los Angeles,2021-02-04,57161,1156021,20698,599792,36463,556229,0,0,39087,730295,17767,212059,39102,942354,California
Los Angeles,2021-02-05,61157,1217178,21041,620833,40116,596345,0,0,39266,748094,21473,233532,39272,981626,California
Los Angeles,2021-02-06,35478,1252656,13289,634122,22189,618534,0,0,27056,766823,8349,241881,27078,1008704,California
Los Angeles,2021-02-07,10805,1263461,8389,642511,2416,620950,0,0,8417,772874,2372,244253,8423,1017127,California
Los Angeles,2021-02-08,46702,1310163,21482,663993,25220,646170,0,0,30548,787406,16018,260271,30550,1047677,California
Los Angeles,2021-02-09,55716,1365879,24585,688578,31131,677301,0,0,28362,788494,27281,287552,28369,1076046,California
Los Angeles,2021-02-10,66877,1432756,29405,717983,37472,714773,0,0,30824,783647,35680,323232,30833,1106879,California
Los Angeles,2021-02-11,57953,1490709,30850,748833,27103,741876,0,0,27991,782119,29523,352755,27995,1134874,California
Los Angeles,2021-02-12,59497,1550206,29781,778614,29716,771592,0,0,25954,774883,33206,385961,25970,1160844,California
Los Angeles,2021-02-13,33777,1583983,19605,798219,14172,785764,0,0,15456,772139,18237,404198,15493,1176337,California
Los Angeles,2021-02-14,21880,1605863,14968,813187,6912,792676,0,0,8779,767880,13041,417239,8782,1185119,California
Los Angeles,2021-02-15,32429,1638292,15853,829040,16576,809252,0,0,17789,771096,14579,431818,17795,1202914,California
Los Angeles,2021-02-16,63954,1702246,32493,861533,31461,840713,0,0,29837,766913,34032,465850,29849,1232763,California
Los Angeles,2021-02-17,64422,1766668,34271,895804,30151,870864,0,0,26392,755451,37860,503710,26398,1259161,California
Los Angeles,2021-02-18,68228,1834896,34700,930504,33528,904392,0,0,28603,744612,39451,543161,28612,1287773,California
Los Angeles,2021-02-19,58061,1892957,35886,966390,22175,926567,0,0,28483,743628,29481,572642,28497,1316270,California
Los Angeles,2021-02-20,32753,1925710,23853,990243,8900,935467,0,0,15757,742441,16953,589595,15766,1332036,California
Los Angeles,2021-02-21,16692,1942402,15039,1005282,1653,937120,0,0,8499,742785,8158,597753,8502,1340538,California
Los Angeles,2021-02-22,34284,1976686,24960,1030242,9324,946444,0,0,17725,744035,16487,614240,17737,1358275,California
Los Angeles,2021-02-23,53613,2030299,22752,1052994,30861,977305,0,0,21122,732780,32388,646628,21133,1379408,California
Los Angeles,2021-02-24,64178,2094477,28343,1081337,35835,1013140,0,0,28277,725335,35739,682367,28294,1407702,California
Los Angeles,2021-02-25,73476,2167953,33724,1115061,39752,1052892,0,0,38563,729152,34758,717125,38575,1446277,California
Los Angeles,2021-02-26,82732,2250685,38576,1153637,44156,1097048,0,0,47348,741372,35156,752281,47376,1493653,California
Los Angeles,2021-02-27,58595,2309280,24940,1178577,33651,1130699,4,4,29951,742848,28503,780784,29979,1523632,California
Los Angeles,2021-02-28,26795,2336075,18490,1197067,8304,1139003,1,5,18851,753860,7847,788631,18859,1542491,California
Los Angeles,2021-03-01,55519,2391594,31112,1228179,24391,1163394,16,21,33661,765849,21703,810334,33692,1576183,California
Los Angeles,2021-03-02,70936,2462530,31463,1259642,39471,1202865,2,23,43364,781771,27454,837788,43376,1619559,California
Los Angeles,2021-03-03,82699,2545229,41589,1301231,41101,1243966,9,32,51995,803249,30548,868336,52026,1671585,California
Los Angeles,2021-03-04,89568,2634797,45720,1346951,43838,1287804,10,42,56532,826948,32861,901197,56560,1728145,California
Los Angeles,2021-03-05,87590,2722387,42641,1389592,44923,1332727,26,68,58386,856365,29028,930225,58445,1786590,California
Los Angeles,2021-03-06,66138,2788525,33254,1422846,31071,1363798,1813,1881,42600,877381,23402,953627,44418,1831008,California
Los Angeles,2021-03-07,25670,2814195,19294,1442140,5578,1369376,798,2679,19787,892106,5858,959485,20583,1851591,California
Los Angeles,2021-03-08,51349,2865544,26664,1468804,22742,1392118,1943,4622,38610,920012,12644,972129,40550,1892141,California
Los Angeles,2021-03-09,68887,2934431,26411,1495215,39205,1431323,3271,7893,41162,936860,27577,999706,44425,1936566,California
Los Angeles,2021-03-10,78884,3013315,37300,1532515,36938,1468261,4646,12539,49565,961869,29168,1028874,54177,1990743,California
Los Angeles,2021-03-11,91808,3105123,44778,1577293,40596,1508857,6434,18973,53883,984400,37752,1066626,60283,2051026,California
Los Angeles,2021-03-12,96641,3201764,42829,1620122,40065,1548922,13747,32720,56138,1013913,40326,1106952,69839,2120865,California
Los Angeles,2021-03-13,73932,3275696,34373,1654495,27660,1576582,11899,44619,43971,1039883,29857,1136809,55827,2176692,California
Los Angeles,2021-03-14,38031,3313727,25409,1679904,10206,1586788,2416,47035,25498,1055306,12473,1149282,27896,2204588,California
Los Angeles,2021-03-15,73453,3387180,35517,1715421,32601,1619389,5335,52370,44817,1076986,28453,1177735,50133,2254721,California
Los Angeles,2021-03-16,98246,3485426,42441,1757862,50046,1669435,5759,58129,64178,1113006,33889,1211624,69909,2324630,California
Los Angeles,2021-03-17,95164,3580590,42780,1800642,44193,1713628,8191,66320,63938,1153989,31040,1242664,72023,2396653,California
Los Angeles,2021-03-18,99835,3680425,47216,1847858,47435,1761063,5184,71504,63679,1186949,35893,1278557,68853,2465506,California
Los Angeles,2021-03-19,106360,3786785,55075,1902933,46615,1807678,4670,76174,66135,1217735,39973,1318530,70759,2536265,California
Los Angeles,2021-03-20,74973,3861758,36564,1939497,33900,1841578,4509,80683,51988,1251393,22825,1341355,56483,2592748,California
Los Angeles,2021-03-21,33555,3895313,24766,1964263,7946,1849524,843,81526,21800,1262383,11652,1353007,22642,2615390,California
Los Angeles,2021-03-22,67902,3963215,40195,2004458,25709,1875233,1998,83524,48366,1293420,19323,1372330,50360,2665750,California
Los Angeles,2021-03-23,93573,4056788,50544,2055002,40109,1915342,2920,86444,62052,1327088,31294,1403624,64962,2730712,California
Los Angeles,2021-03-24,102087,4158875,54237,2109239,44984,1960326,2866,89310,60547,1349234,41255,1444879,63401,2794113,California
Los Angeles,2021-03-25,107375,4266250,57462,2166701,46256,2006582,3657,92967,61647,1369056,45470,1490349,65292,2859405,California
Los Angeles,2021-03-26,111771,4378021,60920,2227621,46762,2053344,4089,97056,63697,1388994,47828,1538177,67766,2927171,California
Los Angeles,2021-03-27,81310,4459331,42827,2270448,36366,2089710,2117,99173,42259,1394544,38825,1577002,44375,2971546,California
Los Angeles,2021-03-28,40835,4500166,27311,2297759,12941,2102651,583,99756,20764,1395912,19979,1596981,21347,2992893,California
Los Angeles,2021-03-29,81276,4581442,45892,2343651,33787,2136438,1597,101353,46614,1409634,34484,1631465,48206,3041099,California
Los Angeles,2021-03-30,106747,4688189,50290,2393941,50745,2187183,5712,107065,65532,1439846,41010,1672475,71222,3112321,California
Los Angeles,2021-03-31,119694,4807883,60132,2454073,51062,2238245,8500,115565,70112,1469073,49346,1721821,78573,3190894,California
Los Angeles,2021-04-01,129921,4937804,60681,2514754,54473,2292718,14767,130332,70784,1495682,58887,1780708,85496,3276390,California
Los Angeles,2021-04-02,127901,5065705,56515,2571269,56558,2349276,14828,145160,68902,1520687,58706,1839414,83711,3360101,California
Los Angeles,2021-04-03,95988,5161693,43790,2615059,39184,2388460,13014,158174,47716,1533257,48114,1887528,60684,3420785,California
Los Angeles,2021-04-04,38897,5200590,20332,2635391,11993,2400453,6572,164746,16690,1534352,22141,1909669,23236,3444021,California
Los Angeles,2021-04-05,92858,5293448,43946,2679337,38874,2439327,10038,174784,44754,1541155,47940,1957609,54743,3498764,California
Los Angeles,2021-04-06,119790,5413238,56397,2735734,43323,2482650,20070,194854,55636,1552835,63941,2021550,75621,3574385,California
Los Angeles,2021-04-07,118435,5531673,53905,2789639,43683,2526333,20847,215701,54197,1563779,64017,2085567,74961,3649346,California
Los Angeles,2021-04-08,131065,5662738,57801,2847440,49446,2575779,23818,239519,59786,1576258,71022,2156589,83501,3732847,California
Los Angeles,2021-04-09,129185,5791923,56026,2903466,49663,2625442,23496,263015,56161,1583040,72764,2229353,79546,3812393,California
Los Angeles,2021-04-10,100386,5892309,42675,2946141,33930,2659372,23781,286796,37224,1581009,62955,2292308,60924,3873317,California
Los Angeles,2021-04-11,41481,5933790,22446,2968587,9579,2668951,9456,296252,14451,1577916,26963,2319271,23870,3897187,California
Los Angeles,2021-04-12,78119,6011909,38319,3006906,33577,2702528,6223,302475,32609,1571379,45330,2364601,38793,3935980,California
Los Angeles,2021-04-13,116640,6128549,58782,3065688,57438,2759966,420,302895,61832,1579028,54606,2419207,62255,3998235,California
Los Angeles,2021-04-14,116376,6244925,58709,3124397,57541,2817507,126,303021,63322,1589649,52820,2472027,63441,4061676,California
Los Angeles,2021-04-15,125958,6370883,67997,3192394,57793,2875300,168,303189,71646,1607378,54082,2526109,71811,4133487,California
Los Angeles,2021-04-16,127617,6498500,67957,3260351,59517,2934817,143,303332,67453,1615050,59926,2586035,67598,4201085,California
Los Angeles,2021-04-17,96358,6594858,50607,3310958,45726,2980543,25,303357,54931,1628764,41248,2627283,54962,4256047,California
Los Angeles,2021-04-18,33740,6628598,22377,3333335,11362,2991905,1,303358,18663,1632416,15018,2642301,18670,4274717,California
Los Angeles,2021-04-19,73898,6702496,39369,3372704,34506,3026411,23,303381,33171,1625041,40576,2682877,33201,4307918,California
Los Angeles,2021-04-20,100689,6803185,49295,3421999,51379,3077790,15,303396,50208,1624990,50275,2733152,50224,4358142,California
Los Angeles,2021-04-21,108078,6911263,51916,3473915,55973,3133763,189,303585,48280,1613925,59536,2792688,48471,4406613,California
Los Angeles,2021-04-22,113686,7024949,58675,3532590,54977,3188740,34,303619,50131,1600797,63298,2855986,50170,4456783,California
Los Angeles,2021-04-23,112396,7137345,61535,3594125,50845,3239585,16,303635,53622,1595922,58515,2914501,53640,4510423,California
Los Angeles,2021-04-24,86973,7224318,55871,3649996,31076,3270661,26,303661,48880,1606935,37897,2952398,48910,4559333,California
Los Angeles,2021-04-25,37710,7262028,25051,3675047,12654,3283315,5,303666,20405,1610128,17217,2969615,20410,4579743,California
Los Angeles,2021-04-26,66036,7328064,35415,3710462,30177,3313492,444,304110,33023,1610745,32843,3002458,33460,4613203,California
Los Angeles,2021-04-27,83520,7411584,40119,3750581,41733,3355225,1668,305778,31806,1592729,51483,3053941,33467,4646670,California
Los Angeles,2021-04-28,80392,7491976,38184,3788765,40240,3395465,1968,307746,30998,1576535,49155,3103096,32961,4679631,California
Los Angeles,2021-04-29,78669,7570645,38978,3827743,38029,3433494,1662,309408,28548,1556899,49847,3152943,30211,4709842,California
Los Angeles,2021-04-30,91544,7662189,45579,3873322,43790,3477284,2175,311583,33317,1534472,57914,3210857,35487,4745329,California
Los Angeles,2021-05-01,50218,7712407,28223,3901545,21249,3498533,746,312329,18949,1523039,31126,3241983,19693,4765022,California
Los Angeles,2021-05-02,11426,7723833,9045,3910590,2297,3500830,84,312413,5416,1522571,5966,3247949,5498,4770520,California
Los Angeles,2021-05-03,36664,7760497,16292,3926882,19054,3519884,1318,313731,13849,1515061,22670,3270619,15160,4785680,California
Los Angeles,2021-05-04,54058,7814555,32981,3959863,19945,3539829,1132,314863,14751,1491820,39116,3309735,15875,4801555,California
Madera,2020-12-16,22,22,22,22,0,0,0,0,22,22,0,0,22,22,California
Madera,2020-12-17,13,35,13,35,0,0,0,0,13,35,0,0,13,35,California
Madera,2020-12-18,61,96,61,96,0,0,0,0,60,95,0,0,60,95,California
Madera,2020-12-19,5,101,5,101,0,0,0,0,5,100,0,0,5,100,California
Madera,2020-12-20,14,115,14,115,0,0,0,0,14,114,0,0,14,114,California
Madera,2020-12-21,60,175,60,175,0,0,0,0,60,174,0,0,60,174,California
Madera,2020-12-22,97,272,95,270,2,2,0,0,97,271,0,0,97,271,California
Madera,2020-12-23,68,340,68,338,0,2,0,0,68,339,0,0,68,339,California
Madera,2020-12-24,45,385,40,378,5,7,0,0,45,384,0,0,45,384,California
Madera,2020-12-26,28,413,26,404,2,9,0,0,28,412,0,0,28,412,California
Madera,2020-12-27,30,443,12,416,18,27,0,0,30,442,0,0,30,442,California
Madera,2020-12-28,107,550,37,453,70,97,0,0,107,549,0,0,107,549,California
Madera,2020-12-29,175,725,40,493,135,232,0,0,175,724,0,0,175,724,California
Madera,2020-12-30,218,943,86,579,132,364,0,0,218,942,0,0,218,942,California
Madera,2020-12-31,201,1144,80,659,121,485,0,0,201,1143,0,0,201,1143,California
Madera,2021-01-01,1,1145,1,660,0,485,0,0,1,1144,0,0,1,1144,California
Madera,2021-01-02,90,1235,34,694,56,541,0,0,90,1234,0,0,90,1234,California
Madera,2021-01-03,5,1240,5,699,0,541,0,0,5,1239,0,0,5,1239,California
Madera,2021-01-04,129,1369,65,764,64,605,0,0,129,1368,0,0,129,1368,California
Madera,2021-01-05,279,1648,143,907,136,741,0,0,275,1639,4,4,275,1643,California
Madera,2021-01-06,184,1832,27,934,157,898,0,0,164,1783,20,24,164,1807,California
Madera,2021-01-07,396,2228,113,1047,283,1181,0,0,374,2135,22,46,374,2181,California
Madera,2021-01-08,419,2647,72,1119,347,1528,0,0,364,2446,54,100,365,2546,California
Madera,2021-01-09,37,2684,14,1133,23,1551,0,0,28,2465,9,109,28,2574,California
Madera,2021-01-10,17,2701,14,1147,3,1554,0,0,5,2458,12,121,5,2579,California
Madera,2021-01-11,238,2939,190,1337,48,1602,0,0,195,2610,43,164,195,2774,California
Madera,2021-01-12,390,3329,157,1494,233,1835,0,0,284,2788,106,270,284,3058,California
Madera,2021-01-13,185,3514,91,1585,94,1929,0,0,129,2862,56,326,130,3188,California
Madera,2021-01-14,554,4068,82,1667,472,2401,0,0,520,3348,34,360,520,3708,California
Madera,2021-01-15,600,4668,160,1827,440,2841,0,0,579,3906,21,381,579,4287,California
Madera,2021-01-16,382,5050,47,1874,335,3176,0,0,353,4230,29,410,353,4640,California
Madera,2021-01-17,335,5385,15,1889,320,3496,0,0,331,4557,4,414,331,4971,California
Madera,2021-01-18,77,5462,61,1950,16,3512,0,0,58,4597,18,432,58,5029,California
Madera,2021-01-19,572,6034,135,2085,437,3949,0,0,545,5116,27,459,546,5575,California
Madera,2021-01-20,235,6269,80,2165,155,4104,0,0,207,5296,27,486,207,5782,California
Madera,2021-01-21,237,6506,130,2295,107,4211,0,0,204,5469,31,517,204,5986,California
Madera,2021-01-22,257,6763,83,2378,174,4385,0,0,243,5698,14,531,243,6229,California
Madera,2021-01-23,100,6863,52,2430,48,4433,0,0,76,5750,24,555,76,6305,California
Madera,2021-01-24,101,6964,82,2512,19,4452,0,0,78,5805,23,578,78,6383,California
Madera,2021-01-25,255,7219,124,2636,131,4583,0,0,141,5832,114,692,141,6524,California
Madera,2021-01-26,483,7702,189,2825,294,4877,0,0,293,5938,189,881,295,6819,California
Madera,2021-01-27,736,8438,63,2888,673,5550,0,0,600,6403,136,1017,601,7420,California
Madera,2021-01-28,541,8979,106,2994,435,5985,0,0,438,6738,103,1120,438,7858,California
Madera,2021-01-29,468,9447,95,3089,373,6358,0,0,412,7094,56,1176,412,8270,California
Madera,2021-01-30,505,9952,16,3105,489,6847,0,0,451,7491,54,1230,451,8721,California
Madera,2021-01-31,9,9961,6,3111,3,6850,0,0,8,7498,1,1231,8,8729,California
Madera,2021-02-01,257,10218,73,3184,184,7034,0,0,197,7635,60,1291,197,8926,California
Madera,2021-02-02,252,10470,87,3271,165,7199,0,0,161,7707,90,1381,162,9088,California
Madera,2021-02-03,593,11063,459,3730,134,7333,0,0,474,8065,117,1498,475,9563,California
Madera,2021-02-04,388,11451,121,3851,267,7600,0,0,111,7901,276,1774,112,9675,California
Madera,2021-02-05,975,12426,297,4148,678,8278,0,0,369,7670,601,2375,370,10045,California
Madera,2021-02-06,360,12786,325,4473,35,8313,0,0,321,7953,38,2413,321,10366,California
Madera,2021-02-07,35,12821,7,4480,28,8341,0,0,30,7978,5,2418,30,10396,California
Madera,2021-02-08,384,13205,308,4788,76,8417,0,0,270,8135,113,2531,270,10666,California
Madera,2021-02-09,479,13684,119,4907,360,8777,0,0,197,8054,279,2810,198,10864,California
Madera,2021-02-10,428,14112,148,5055,280,9057,0,0,322,8270,106,2916,322,11186,California
Madera,2021-02-11,936,15048,307,5362,629,9686,0,0,407,8150,528,3444,408,11594,California
Madera,2021-02-12,843,15891,119,5481,724,10410,0,0,310,7936,527,3971,313,11907,California
Madera,2021-02-13,485,16376,44,5525,441,10851,0,0,139,7732,345,4316,141,12048,California
Madera,2021-02-14,399,16775,75,5600,324,11175,0,0,137,7608,262,4578,138,12186,California
Madera,2021-02-15,244,17019,98,5698,146,11321,0,0,175,7715,68,4646,175,12361,California
Madera,2021-02-16,775,17794,183,5881,592,11913,0,0,229,7402,543,5189,230,12591,California
Madera,2021-02-17,608,18402,273,6154,335,12248,0,0,338,7477,265,5454,340,12931,California
Madera,2021-02-18,1299,19701,540,6694,759,13007,0,0,1121,8422,178,5632,1123,14054,California
Madera,2021-02-19,861,20562,545,7239,316,13323,0,0,719,9001,142,5774,721,14775,California
Madera,2021-02-20,1069,21631,978,8217,91,13414,0,0,998,9930,70,5844,999,15774,California
Madera,2021-02-21,963,22594,820,9037,143,13557,0,0,958,10883,5,5849,958,16732,California
Madera,2021-02-22,908,23502,832,9869,76,13633,0,0,854,11683,54,5903,854,17586,California
Madera,2021-02-23,769,24271,496,10365,273,13906,0,0,549,12013,219,6122,549,18135,California
Madera,2021-02-24,906,25177,300,10665,606,14512,0,0,378,11863,528,6650,378,18513,California
Madera,2021-02-25,1016,26193,306,10971,710,15222,0,0,586,12021,428,7078,586,19099,California
Madera,2021-02-26,1072,27265,185,11156,887,16109,0,0,697,12345,373,7451,697,19796,California
Madera,2021-02-27,872,28137,245,11401,627,16736,0,0,449,12377,420,7871,452,20248,California
Madera,2021-02-28,189,28326,29,11430,160,16896,0,0,183,12554,6,7877,183,20431,California
Madera,2021-03-01,373,28699,119,11549,254,17150,0,0,193,12569,178,8055,193,20624,California
Madera,2021-03-02,650,29349,268,11817,382,17532,0,0,538,12996,112,8167,539,21163,California
Madera,2021-03-03,1320,30669,705,12522,615,18147,0,0,920,13543,397,8564,944,22107,California
Madera,2021-03-04,1175,31844,505,13027,670,18817,0,0,930,14230,246,8810,933,23040,California
Madera,2021-03-05,1326,33170,406,13433,908,19725,12,12,1063,15055,261,9071,1086,24126,California
Madera,2021-03-06,803,33973,622,14055,149,19874,32,44,484,15253,319,9390,517,24643,California
Madera,2021-03-07,153,34126,27,14082,104,19978,22,66,103,15328,50,9440,125,24768,California
Madera,2021-03-08,596,34722,335,14417,202,20180,59,125,303,15399,293,9733,364,25132,California
Madera,2021-03-09,455,35177,160,14577,261,20441,34,159,277,15542,176,9909,319,25451,California
Madera,2021-03-10,1132,36309,509,15086,546,20987,77,236,706,15904,422,10331,784,26235,California
Madera,2021-03-11,1659,37968,844,15930,483,21470,332,568,748,16086,909,11240,1091,27326,California
Madera,2021-03-12,1529,39497,777,16707,597,22067,155,723,751,16241,776,12016,931,28257,California
Madera,2021-03-13,1812,41309,1269,17976,345,22412,198,921,746,16137,1064,13080,960,29217,California
Madera,2021-03-14,581,41890,448,18424,101,22513,32,953,293,16176,286,13366,325,29542,California
Madera,2021-03-15,730,42620,214,18638,469,22982,47,1000,507,16535,220,13586,579,30121,California
Madera,2021-03-16,820,43440,421,19059,352,23334,47,1047,638,17058,179,13765,702,30823,California
Madera,2021-03-17,1413,44853,932,19991,419,23753,62,1109,860,17525,545,14310,1012,31835,California
Madera,2021-03-18,1872,46725,648,20639,1164,24917,60,1169,910,17624,955,15265,1054,32889,California
Madera,2021-03-19,1494,48219,587,21226,823,25740,84,1253,960,18204,528,15793,1108,33997,California
Madera,2021-03-20,1129,49348,772,21998,306,26046,51,1304,579,18331,549,16342,676,34673,California
Madera,2021-03-21,1073,50421,872,22870,156,26202,45,1349,357,18021,713,17055,403,35076,California
Madera,2021-03-22,1358,51779,852,23722,438,26640,68,1417,686,18148,669,17724,796,35872,California
Madera,2021-03-23,1396,53175,840,24562,465,27105,91,1508,737,18401,657,18381,910,36782,California
Madera,2021-03-24,905,54080,469,25031,405,27510,31,1539,600,18733,303,18684,635,37417,California
Madera,2021-03-25,1122,55202,488,25519,610,28120,24,1563,644,18947,467,19151,681,38098,California
Madera,2021-03-26,1439,56641,509,26028,798,28918,132,1695,675,18999,758,19909,810,38908,California
Madera,2021-03-27,830,57471,530,26558,279,29197,21,1716,373,18942,451,20360,394,39302,California
Madera,2021-03-28,419,57890,136,26694,222,29419,61,1777,229,19095,189,20549,342,39644,California
Madera,2021-03-29,678,58568,178,26872,473,29892,27,1804,488,19427,187,20736,519,40163,California
Madera,2021-03-30,1014,59582,561,27433,421,30313,32,1836,555,19559,456,21192,588,40751,California
Madera,2021-03-31,1319,60901,487,27920,697,31010,135,1971,447,19276,866,22058,583,41334,California
Madera,2021-04-01,1230,62131,537,28457,644,31654,49,2020,440,18978,785,22843,487,41821,California
Madera,2021-04-02,1526,63657,408,28865,1059,32713,59,2079,471,18465,1045,23888,532,42353,California
Madera,2021-04-03,875,64532,684,29549,171,32884,20,2099,382,18385,491,24379,411,42764,California
Madera,2021-04-04,184,64716,65,29614,117,33001,2,2101,85,18373,99,24478,87,42851,California
Madera,2021-04-05,734,65450,255,29869,421,33422,58,2159,340,18392,393,24871,412,43263,California
Madera,2021-04-06,1688,67138,878,30747,462,33884,348,2507,633,18318,1054,25925,980,44243,California
Madera,2021-04-07,1198,68336,372,31119,677,34561,149,2656,454,18186,740,26665,608,44851,California
Madera,2021-04-08,1696,70032,657,31776,785,35346,254,2910,572,17899,1120,27785,833,45684,California
Madera,2021-04-09,1608,71640,670,32446,790,36136,148,3058,939,18325,664,28449,1090,46774,California
Madera,2021-04-10,953,72593,678,33124,208,36344,67,3125,707,18854,246,28695,775,47549,California
Madera,2021-04-11,775,73368,628,33752,69,36413,78,3203,286,18729,487,29182,362,47911,California
Madera,2021-04-12,779,74147,266,34018,435,36848,78,3281,302,18633,477,29659,381,48292,California
Madera,2021-04-13,1234,75381,609,34627,584,37432,41,3322,732,18916,500,30159,783,49075,California
Madera,2021-04-14,1361,76742,837,35464,524,37956,0,3322,575,18713,784,30943,581,49656,California
Madera,2021-04-15,1084,77826,456,35920,627,38583,1,3323,432,18506,641,31584,434,50090,California
Madera,2021-04-16,1279,79105,518,36438,761,39344,0,3323,443,18124,826,32410,444,50534,California
Madera,2021-04-17,1265,80370,1065,37503,200,39544,0,3323,827,18514,437,32847,827,51361,California
Madera,2021-04-18,244,80614,207,37710,37,39581,0,3323,99,18469,144,32991,99,51460,California
Madera,2021-04-19,796,81410,232,37942,563,40144,1,3324,269,18218,521,33512,270,51730,California
Madera,2021-04-20,866,82276,424,38366,442,40586,0,3324,238,17833,625,34137,240,51970,California
Madera,2021-04-21,855,83131,448,38814,407,40993,0,3324,297,17577,555,34692,299,52269,California
Madera,2021-04-22,1053,84184,510,39324,543,41536,0,3324,392,17313,657,35349,393,52662,California
Madera,2021-04-23,919,85103,294,39618,624,42160,1,3325,313,17025,602,35951,314,52976,California
Madera,2021-04-24,703,85806,464,40082,239,42399,0,3325,284,16895,415,36366,285,53261,California
Madera,2021-04-25,264,86070,160,40242,101,42500,3,3328,118,16874,143,36509,122,53383,California
Madera,2021-04-26,502,86572,89,40331,408,42908,5,3333,102,16582,399,36908,107,53490,California
Madera,2021-04-27,554,87126,258,40589,275,43183,21,3354,295,16641,258,37166,317,53807,California
Madera,2021-04-28,433,87559,189,40778,228,43411,16,3370,217,16659,215,37381,233,54040,California
Madera,2021-04-29,456,88015,203,40981,224,43635,29,3399,228,16695,221,37602,257,54297,California
Madera,2021-04-30,859,88874,492,41473,354,43989,13,3412,224,16301,632,38234,238,54535,California
Madera,2021-05-01,837,89711,792,42265,41,44030,4,3416,328,16124,509,38743,332,54867,California
Madera,2021-05-02,330,90041,317,42582,12,44042,1,3417,121,16037,209,38952,122,54989,California
Madera,2021-05-03,368,90409,138,42720,214,44256,16,3433,73,15832,294,39246,89,55078,California
Madera,2021-05-04,647,91056,373,43093,247,44503,27,3460,120,15453,525,39771,146,55224,California
Marin,2020-12-15,2,2,2,2,0,0,0,0,2,2,0,0,2,2,California
Marin,2020-12-16,107,109,107,109,0,0,0,0,107,109,0,0,107,109,California
Marin,2020-12-17,260,369,260,369,0,0,0,0,260,369,0,0,260,369,California
Marin,2020-12-18,373,742,373,742,0,0,0,0,373,742,0,0,373,742,California
Marin,2020-12-19,349,1091,348,1090,1,1,0,0,349,1091,0,0,349,1091,California
Marin,2020-12-20,167,1258,166,1256,1,2,0,0,167,1258,0,0,167,1258,California
Marin,2020-12-21,238,1496,235,1491,3,5,0,0,238,1496,0,0,238,1496,California
Marin,2020-12-22,522,2018,318,1809,204,209,0,0,522,2018,0,0,522,2018,California
Marin,2020-12-23,730,2748,321,2130,409,618,0,0,730,2748,0,0,730,2748,California
Marin,2020-12-24,357,3105,159,2289,198,816,0,0,357,3105,0,0,357,3105,California
Marin,2020-12-25,27,3132,0,2289,27,843,0,0,27,3132,0,0,27,3132,California
Marin,2020-12-26,142,3274,93,2382,49,892,0,0,142,3274,0,0,142,3274,California
Marin,2020-12-27,92,3366,55,2437,37,929,0,0,92,3366,0,0,92,3366,California
Marin,2020-12-28,408,3774,99,2536,309,1238,0,0,408,3774,0,0,408,3774,California
Marin,2020-12-29,402,4176,88,2624,314,1552,0,0,402,4176,0,0,402,4176,California
Marin,2020-12-30,626,4802,388,3012,238,1790,0,0,626,4802,0,0,626,4802,California
Marin,2020-12-31,196,4998,33,3045,163,1953,0,0,196,4998,0,0,196,4998,California
Marin,2021-01-01,16,5014,6,3051,10,1963,0,0,16,5014,0,0,16,5014,California
Marin,2021-01-02,106,5120,100,3151,6,1969,0,0,106,5120,0,0,106,5120,California
Marin,2021-01-03,54,5174,36,3187,18,1987,0,0,51,5171,0,0,51,5171,California
Marin,2021-01-04,295,5469,191,3378,104,2091,0,0,294,5464,1,1,294,5465,California
Marin,2021-01-05,368,5837,222,3600,146,2237,0,0,325,5746,43,44,325,5790,California
Marin,2021-01-06,819,6656,318,3918,501,2738,0,0,641,6209,178,222,641,6431,California
Marin,2021-01-07,890,7546,502,4420,388,3126,0,0,544,6407,346,568,544,6975,California
Marin,2021-01-08,971,8517,515,4935,456,3582,0,0,594,6625,376,944,594,7569,California
Marin,2021-01-09,618,9135,223,5158,395,3977,0,0,486,6979,132,1076,486,8055,California
Marin,2021-01-10,129,9264,100,5258,29,4006,0,0,55,6960,74,1150,55,8110,California
Marin,2021-01-11,468,9732,326,5584,142,4148,0,0,248,6990,220,1370,250,8360,California
Marin,2021-01-12,936,10668,539,6123,397,4545,0,0,568,7193,365,1735,568,8928,California
Marin,2021-01-13,1175,11843,498,6621,677,5222,0,0,937,7892,238,1973,937,9865,California
Marin,2021-01-14,1068,12911,318,6939,750,5972,0,0,918,8662,148,2121,918,10783,California
Marin,2021-01-15,1153,14064,354,7293,799,6771,0,0,1023,9557,129,2250,1024,11807,California
Marin,2021-01-16,1120,15184,914,8207,206,6977,0,0,1046,10529,74,2324,1046,12853,California
Marin,2021-01-17,1232,16416,1113,9320,119,7096,0,0,1204,11709,27,2351,1207,14060,California
Marin,2021-01-18,360,16776,159,9479,201,7297,0,0,309,11967,51,2402,309,14369,California
Marin,2021-01-19,1156,17932,914,10393,242,7539,0,0,984,12780,171,2573,984,15353,California
Marin,2021-01-20,1790,19722,1208,11601,582,8121,0,0,1060,13121,719,3292,1060,16413,California
Marin,2021-01-21,1684,21406,1062,12663,622,8743,0,0,1331,14104,350,3642,1333,17746,California
Marin,2021-01-22,1699,23105,1088,13751,611,9354,0,0,1531,15467,168,3810,1531,19277,California
Marin,2021-01-23,1843,24948,1342,15093,501,9855,0,0,1755,17135,87,3897,1755,21032,California
Marin,2021-01-24,613,25561,166,15259,447,10302,0,0,581,17684,32,3929,581,21613,California
Marin,2021-01-25,1126,26687,227,15486,899,11201,0,0,692,17943,434,4363,693,22306,California
Marin,2021-01-26,1508,28195,786,16272,722,11923,0,0,1129,18694,378,4741,1129,23435,California
Marin,2021-01-27,1708,29903,880,17152,828,12751,0,0,1352,19693,354,5095,1353,24788,California
Marin,2021-01-28,2079,31982,1070,18222,1009,13760,0,0,1815,21246,263,5358,1816,26604,California
Marin,2021-01-29,2195,34177,1446,19668,749,14509,0,0,1991,23046,192,5550,1992,28596,California
Marin,2021-01-30,1720,35897,905,20573,815,15324,0,0,1642,24611,78,5628,1643,30239,California
Marin,2021-01-31,456,36353,319,20892,137,15461,0,0,430,25015,26,5654,430,30669,California
Marin,2021-02-01,1089,37442,417,21309,672,16133,0,0,890,25707,199,5853,891,31560,California
Marin,2021-02-02,1352,38794,462,21771,890,17023,0,0,723,25811,619,6472,723,32283,California
Marin,2021-02-03,1781,40575,429,22200,1352,18375,0,0,1256,26543,524,6996,1256,33539,California
Marin,2021-02-04,1540,42115,513,22713,1027,19402,0,0,937,26880,600,7596,937,34476,California
Marin,2021-02-05,2176,44291,682,23395,1494,20896,0,0,1338,27384,834,8430,1338,35814,California
Marin,2021-02-06,1425,45716,850,24245,575,21471,0,0,602,27164,822,9252,602,36416,California
Marin,2021-02-07,1288,47004,1006,25251,282,21753,0,0,489,26855,798,10050,489,36905,California
Marin,2021-02-08,1519,48523,754,26005,765,22518,0,0,726,26790,791,10841,726,37631,California
Marin,2021-02-09,1782,50305,1122,27127,660,23178,0,0,835,26678,947,11788,835,38466,California
Marin,2021-02-10,2337,52642,1491,28618,846,24024,0,0,1217,26778,1118,12906,1218,39684,California
Marin,2021-02-11,2868,55510,1645,30263,1223,25247,0,0,1453,26824,1410,14316,1456,41140,California
Marin,2021-02-12,3065,58575,1541,31804,1524,26771,0,0,1566,26894,1496,15812,1566,42706,California
Marin,2021-02-13,2334,60909,1243,33047,1091,27862,0,0,1127,26816,1205,17017,1127,43833,California
Marin,2021-02-14,811,61720,302,33349,509,28371,0,0,718,27442,93,17110,719,44552,California
Marin,2021-02-15,1216,62936,355,33704,861,29232,0,0,836,27900,379,17489,837,45389,California
Marin,2021-02-16,2461,65397,1055,34759,1406,30638,0,0,1502,28444,958,18447,1502,46891,California
Marin,2021-02-17,2098,67495,942,35701,1156,31794,0,0,1085,28519,1011,19458,1086,47977,California
Marin,2021-02-18,2417,69912,1582,37283,835,32629,0,0,1060,28223,1356,20814,1060,49037,California
Marin,2021-02-19,2762,72674,2159,39442,603,33232,0,0,1221,27916,1529,22343,1222,50259,California
Marin,2021-02-20,2565,75239,2112,41554,453,33685,0,0,1216,27791,1342,23685,1217,51476,California
Marin,2021-02-21,1282,76521,1090,42644,192,33877,0,0,908,28329,370,24055,908,52384,California
Marin,2021-02-22,1827,78348,1407,44051,420,34297,0,0,1215,28934,610,24665,1215,53599,California
Marin,2021-02-23,2835,81183,1616,45667,1219,35516,0,0,1907,29923,919,25584,1908,55507,California
Marin,2021-02-24,3511,84694,1608,47275,1903,37419,0,0,2252,30924,1252,26836,2253,57760,California
Marin,2021-02-25,3927,88621,1808,49083,2119,39538,0,0,2770,32545,1150,27986,2771,60531,California
Marin,2021-02-26,3489,92110,1886,50969,1603,41141,0,0,2531,34131,946,28932,2532,63063,California
Marin,2021-02-27,2608,94718,1495,52464,1113,42254,0,0,1775,35078,830,29762,1777,64840,California
Marin,2021-02-28,1378,96096,917,53381,461,42715,0,0,1042,35787,333,30095,1042,65882,California
Marin,2021-03-01,2482,98578,1540,54921,942,43657,0,0,1668,36647,808,30903,1668,67550,California
Marin,2021-03-02,2440,101018,1604,56525,835,44492,1,1,1689,37589,748,31651,1690,69240,California
Marin,2021-03-03,4315,105333,2398,58923,1914,46406,3,4,2795,38872,1515,33166,2798,72038,California
Marin,2021-03-04,3344,108677,1647,60570,1696,48102,1,5,2331,40201,1006,34172,2335,74373,California
Marin,2021-03-05,3034,111711,1140,61710,1882,49984,12,17,1781,40744,1250,35422,1793,76166,California
Marin,2021-03-06,3227,114938,2315,64025,834,50818,78,95,2654,42907,568,35990,2731,78897,California
Marin,2021-03-07,1371,116309,1153,65178,194,51012,24,119,981,43526,386,36376,1005,79902,California
Marin,2021-03-08,1873,118182,1368,66546,388,51400,117,236,1408,44589,462,36838,1525,81427,California
Marin,2021-03-09,2100,120282,1217,67763,776,52176,107,343,1426,45450,672,37510,1533,82960,California
Marin,2021-03-10,4398,124680,2459,70222,1659,53835,280,623,3172,47682,1222,38732,3454,86414,California
Marin,2021-03-11,4565,129245,1875,72097,2555,56390,135,758,3274,49807,1284,40016,3409,89823,California
Marin,2021-03-12,3978,133223,1540,73637,2082,58472,356,1114,1566,49328,2401,42417,1922,91745,California
Marin,2021-03-13,4092,137315,2857,76494,1163,59635,72,1186,2419,50143,1671,44088,2486,94231,California
Marin,2021-03-14,2273,139588,1096,77590,1060,60695,117,1303,726,49441,1545,45633,843,95074,California
Marin,2021-03-15,3229,142817,1762,79352,1420,62115,47,1350,1218,48704,2001,47634,1264,96338,California
Marin,2021-03-16,4298,147115,2314,81666,1620,63735,364,1714,1523,47817,2772,50406,1885,98223,California
Marin,2021-03-17,4175,151290,2265,83931,1866,65601,44,1758,2055,47806,2109,52515,2098,100321,California
Marin,2021-03-18,4475,155765,2250,86181,2150,67751,75,1833,2243,47905,2217,54732,2316,102637,California
Marin,2021-03-19,4466,160231,2283,88464,1964,69715,219,2052,2430,48525,2028,56760,2648,105285,California
Marin,2021-03-20,3577,163808,1982,90446,1481,71196,114,2166,2035,49140,1535,58295,2150,107435,California
Marin,2021-03-21,1533,165341,1128,91574,380,71576,25,2191,799,49232,732,59027,824,108259,California
Marin,2021-03-22,2468,167809,2134,93708,169,71745,165,2356,993,48919,1471,60498,1158,109417,California
Marin,2021-03-23,4238,172047,2191,95899,1917,73662,130,2486,1936,48689,2296,62794,2066,111483,California
Marin,2021-03-24,4418,176465,2898,98797,1416,75078,104,2590,1798,47980,2609,65403,1900,113383,California
Marin,2021-03-25,4638,181103,2834,101631,1736,76814,68,2658,2266,47952,2360,67763,2332,115715,California
Marin,2021-03-26,4284,185387,2324,103955,1746,78560,214,2872,2419,48737,1848,69611,2633,118348,California
Marin,2021-03-27,3692,189079,2650,106605,1023,79583,19,2891,1145,47363,2537,72148,1163,119511,California
Marin,2021-03-28,2380,191459,1719,108324,655,80238,6,2897,1105,47205,1269,73417,1111,120622,California
Marin,2021-03-29,2690,194149,2095,110419,570,80808,25,2922,1190,46922,1498,74915,1215,121837,California
Marin,2021-03-30,4652,198801,3645,114064,974,81782,33,2955,3058,48422,1591,76506,3091,124928,California
Marin,2021-03-31,5794,204595,4108,118172,1637,83419,49,3004,2578,47844,3205,79711,2627,127555,California
Marin,2021-04-01,4394,208989,2270,120442,1873,85292,251,3255,2113,47934,2273,81984,2363,129918,California
Marin,2021-04-02,3691,212680,1834,122276,1494,86786,363,3618,1973,48555,1711,83695,2332,132250,California
Marin,2021-04-03,3836,216516,2520,124796,947,87733,369,3987,1465,48028,2361,86056,1834,134084,California
Marin,2021-04-04,1636,218152,1228,126024,204,87937,204,4191,1194,48986,440,86496,1398,135482,California
Marin,2021-04-05,2189,220341,1520,127544,298,88235,371,4562,1260,49692,923,87419,1629,137111,California
Marin,2021-04-06,3943,224284,2111,129655,1284,89519,548,5110,2193,50685,1745,89164,2738,139849,California
Marin,2021-04-07,3913,228197,1981,131636,1293,90812,639,5749,1427,50272,2479,91643,2066,141915,California
Marin,2021-04-08,4996,233193,1953,133589,2435,93247,608,6357,2279,50441,2708,94351,2877,144792,California
Marin,2021-04-09,3942,237135,1531,135120,1685,94932,726,7083,1291,49809,2646,96997,2014,146806,California
Marin,2021-04-10,3184,240319,1461,136581,1290,96222,433,7516,1434,49933,1740,98737,1864,148670,California
Marin,2021-04-11,1057,241376,802,137383,93,96315,162,7678,475,49988,581,99318,636,149306,California
Marin,2021-04-12,1731,243107,1230,138613,341,96656,160,7838,919,50259,809,100127,1080,150386,California
Marin,2021-04-13,3706,246813,2269,140882,1430,98086,7,7845,1344,49258,2352,102479,1351,151737,California
Marin,2021-04-14,4146,250959,2474,143356,1670,99756,2,7847,1701,48523,2437,104916,1702,153439,California
Marin,2021-04-15,5546,256505,3926,147282,1620,101376,0,7847,3177,49345,2356,107272,3178,156617,California
Marin,2021-04-16,4237,260742,2231,149513,2003,103379,3,7850,2062,49247,2163,109435,2065,158682,California
Marin,2021-04-17,3522,264264,2151,151664,1371,104750,0,7850,1759,49248,1758,111193,1759,160441,California
Marin,2021-04-18,3198,267462,3096,154760,102,104852,0,7850,2562,51177,633,111826,2562,163003,California
Marin,2021-04-19,2013,269475,1845,156605,168,105020,0,7850,1160,51489,850,112676,1162,164165,California
Marin,2021-04-20,3690,273165,2552,159157,1138,106158,0,7850,1476,50756,2209,114885,1476,165641,California
Marin,2021-04-21,3999,277164,2941,162098,1055,107213,3,7853,1375,49522,2610,117495,1376,167017,California
Marin,2021-04-22,4207,281371,3205,165303,1002,108215,0,7853,1485,48295,2715,120210,1488,168505,California
Marin,2021-04-23,3224,284595,1826,167129,1398,109613,0,7853,1237,47551,1982,122192,1238,169743,California
Marin,2021-04-24,2511,287106,1692,168821,818,110431,1,7854,924,46898,1578,123770,925,170668,California
Marin,2021-04-25,1388,288494,1271,170092,117,110548,0,7854,313,46141,1070,124840,313,170981,California
Marin,2021-04-26,1523,290017,1322,171414,198,110746,3,7857,341,45305,1181,126021,345,171326,California
Marin,2021-04-27,2920,292937,2138,173552,744,111490,38,7895,944,44317,1966,127987,978,172304,California
Marin,2021-04-28,2200,295137,1505,175057,652,112142,43,7938,672,43506,1525,129512,714,173018,California
Marin,2021-04-29,2490,297627,1683,176740,743,112885,64,8002,689,42464,1795,131307,753,173771,California
Marin,2021-04-30,1833,299460,1194,177934,553,113438,86,8088,664,42052,1163,132470,751,174522,California
Marin,2021-05-01,1559,301019,865,178799,691,114129,3,8091,470,41444,1081,133551,473,174995,California
Marin,2021-05-02,563,301582,516,179315,47,114176,0,8091,169,41222,391,133942,169,175164,California
Marin,2021-05-03,861,302443,727,180042,113,114289,21,8112,145,40675,712,134654,165,175329,California
Marin,2021-05-04,1567,304010,994,181036,531,114820,42,8154,289,39732,1274,135928,331,175660,California
Mariposa,2020-12-17,37,37,37,37,0,0,0,0,39,39,0,0,39,39,California
Mariposa,2020-12-18,56,93,56,93,0,0,0,0,57,96,0,0,57,96,California
Mariposa,2020-12-20,2,95,2,95,0,0,0,0,2,98,0,0,2,98,California
Mariposa,2020-12-21,47,142,47,142,0,0,0,0,52,150,0,0,52,150,California
Mariposa,2020-12-22,5,147,5,147,0,0,0,0,5,155,0,0,5,155,California
Mariposa,2020-12-23,17,164,17,164,0,0,0,0,17,172,0,0,17,172,California
Mariposa,2020-12-24,1,165,0,164,1,1,0,0,0,172,0,0,0,172,California
Mariposa,2020-12-26,1,166,1,165,0,1,0,0,1,173,0,0,1,173,California
Mariposa,2020-12-27,1,167,0,165,1,2,0,0,1,174,0,0,1,174,California
Mariposa,2020-12-28,6,173,3,168,3,5,0,0,6,180,0,0,6,180,California
Mariposa,2020-12-29,33,206,3,171,30,35,0,0,33,213,0,0,33,213,California
Mariposa,2020-12-30,25,231,4,175,21,56,0,0,25,238,0,0,25,238,California
Mariposa,2020-12-31,16,247,0,175,16,72,0,0,16,254,0,0,16,254,California
Mariposa,2021-01-02,1,248,1,176,0,72,0,0,1,255,0,0,1,255,California
Mariposa,2021-01-04,8,256,1,177,7,79,0,0,8,263,0,0,8,263,California
Mariposa,2021-01-05,24,280,14,191,10,89,0,0,14,267,10,10,14,277,California
Mariposa,2021-01-06,6,286,3,194,3,92,0,0,3,267,3,13,3,280,California
Mariposa,2021-01-07,52,338,47,241,5,97,0,0,5,225,47,60,5,285,California
Mariposa,2021-01-08,108,446,79,320,29,126,0,0,33,183,75,135,33,318,California
Mariposa,2021-01-09,1,447,0,320,1,127,0,0,1,184,0,135,1,319,California
Mariposa,2021-01-11,31,478,10,330,21,148,0,0,23,199,8,143,23,342,California
Mariposa,2021-01-12,19,497,4,334,15,163,0,0,15,210,4,147,15,357,California
Mariposa,2021-01-13,21,518,4,338,17,180,0,0,18,225,3,150,18,375,California
Mariposa,2021-01-14,73,591,7,345,66,246,0,0,67,286,6,156,67,442,California
Mariposa,2021-01-15,66,657,26,371,40,286,0,0,56,332,10,166,56,498,California
Mariposa,2021-01-16,14,671,2,373,12,298,0,0,13,344,1,167,13,511,California
Mariposa,2021-01-17,2,673,0,373,2,300,0,0,2,346,0,167,2,513,California
Mariposa,2021-01-18,3,676,3,376,0,300,0,0,1,345,2,169,1,514,California
Mariposa,2021-01-19,8,684,4,380,4,304,0,0,5,348,2,171,5,519,California
Mariposa,2021-01-20,23,707,1,381,22,326,0,0,22,369,1,172,22,541,California
Mariposa,2021-01-21,64,771,7,388,57,383,0,0,60,425,4,176,60,601,California
Mariposa,2021-01-22,55,826,2,390,53,436,0,0,55,480,0,176,55,656,California
Mariposa,2021-01-23,116,942,2,392,114,550,0,0,115,594,1,177,115,771,California
Mariposa,2021-01-24,2,944,2,394,0,550,0,0,2,596,0,177,2,773,California
Mariposa,2021-01-25,4,948,1,395,3,553,0,0,0,592,4,181,0,773,California
Mariposa,2021-01-26,36,984,4,399,32,585,0,0,4,568,32,213,8,781,California
Mariposa,2021-01-27,22,1006,1,400,21,606,0,0,13,572,9,222,13,794,California
Mariposa,2021-01-28,126,1132,3,403,123,729,0,0,113,673,12,234,113,907,California
Mariposa,2021-01-29,84,1216,22,425,62,791,0,0,83,755,1,235,83,990,California
Mariposa,2021-01-30,9,1225,1,426,8,799,0,0,8,762,1,236,8,998,California
Mariposa,2021-01-31,1,1226,0,426,1,800,0,0,1,763,0,236,1,999,California
Mariposa,2021-02-01,87,1313,30,456,57,857,0,0,66,808,21,257,66,1065,California
Mariposa,2021-02-02,15,1328,3,459,12,869,0,0,9,811,6,263,9,1074,California
Mariposa,2021-02-03,20,1348,1,460,19,888,0,0,14,819,6,269,14,1088,California
Mariposa,2021-02-04,93,1441,8,468,85,973,0,0,88,904,4,273,89,1177,California
Mariposa,2021-02-05,188,1629,5,473,183,1156,0,0,162,1040,26,299,162,1339,California
Mariposa,2021-02-06,11,1640,4,477,7,1163,0,0,10,1049,1,300,10,1349,California
Mariposa,2021-02-08,40,1680,2,479,38,1201,0,0,21,1051,19,319,21,1370,California
Mariposa,2021-02-09,43,1723,25,504,18,1219,0,0,37,1082,6,325,37,1407,California
Mariposa,2021-02-10,28,1751,5,509,23,1242,0,0,17,1095,10,335,23,1430,California
Mariposa,2021-02-11,374,2125,5,514,369,1611,0,0,361,1445,13,348,363,1793,California
Mariposa,2021-02-12,184,2309,8,522,176,1787,0,0,141,1543,43,391,141,1934,California
Mariposa,2021-02-13,11,2320,3,525,8,1795,0,0,9,1550,2,393,9,1943,California
Mariposa,2021-02-14,8,2328,4,529,4,1799,0,0,5,1552,3,396,5,1948,California
Mariposa,2021-02-15,9,2337,3,532,6,1805,0,0,7,1557,2,398,7,1955,California
Mariposa,2021-02-16,57,2394,34,566,23,1828,0,0,34,1568,23,421,34,1989,California
Mariposa,2021-02-17,36,2430,8,574,28,1856,0,0,27,1588,8,429,28,2017,California
Mariposa,2021-02-18,56,2486,7,581,49,1905,0,0,20,1572,36,465,20,2037,California
Mariposa,2021-02-19,82,2568,3,584,79,1984,0,0,77,1644,5,470,77,2114,California
Mariposa,2021-02-20,251,2819,4,588,247,2231,0,0,222,1838,28,498,222,2336,California
Mariposa,2021-02-21,236,3055,3,591,233,2464,0,0,235,2072,1,499,235,2571,California
Mariposa,2021-02-22,24,3079,7,598,17,2481,0,0,21,2090,3,502,21,2592,California
Mariposa,2021-02-23,42,3121,36,634,6,2487,0,0,25,2098,17,519,25,2617,California
Mariposa,2021-02-24,20,3141,3,637,17,2504,0,0,8,2095,11,530,8,2625,California
Mariposa,2021-02-25,17,3158,8,645,9,2513,0,0,11,2100,6,536,11,2636,California
Mariposa,2021-02-26,420,3578,7,652,413,2926,0,0,359,2399,61,597,360,2996,California
Mariposa,2021-02-27,171,3749,5,657,166,3092,0,0,160,2548,11,608,160,3156,California
Mariposa,2021-02-28,2,3751,1,658,1,3093,0,0,0,2546,2,610,0,3156,California
Mariposa,2021-03-01,82,3833,26,684,56,3149,0,0,17,2499,64,674,17,3173,California
Mariposa,2021-03-02,21,3854,14,698,7,3156,0,0,11,2501,9,683,11,3184,California
Mariposa,2021-03-03,70,3924,5,703,65,3221,0,0,66,2564,4,687,67,3251,California
Mariposa,2021-03-04,34,3958,8,711,26,3247,0,0,20,2570,14,701,20,3271,California
Mariposa,2021-03-05,52,4010,9,720,43,3290,0,0,38,2599,14,715,43,3314,California
Mariposa,2021-03-06,15,4025,6,726,9,3299,0,0,7,2598,8,723,7,3321,California
Mariposa,2021-03-07,1,4026,1,727,0,3299,0,0,0,2597,1,724,0,3321,California
Mariposa,2021-03-08,38,4064,4,731,23,3322,11,11,9,2588,29,753,20,3341,California
Mariposa,2021-03-09,45,4109,18,749,17,3339,10,21,14,2581,31,784,24,3365,California
Mariposa,2021-03-10,29,4138,9,758,10,3349,10,31,9,2580,20,804,19,3384,California
Mariposa,2021-03-11,464,4602,6,764,440,3789,18,49,224,2586,239,1043,245,3629,California
Mariposa,2021-03-12,253,4855,7,771,219,4008,27,76,113,2585,140,1183,139,3768,California
Mariposa,2021-03-13,32,4887,6,777,11,4019,15,91,11,2589,21,1204,25,3793,California
Mariposa,2021-03-14,17,4904,2,779,4,4023,11,102,3,2589,14,1218,14,3807,California
Mariposa,2021-03-15,76,4980,7,786,31,4054,38,140,31,2613,45,1263,69,3876,California
Mariposa,2021-03-16,82,5062,32,818,15,4069,35,175,24,2614,58,1321,59,3935,California
Mariposa,2021-03-17,71,5133,10,828,53,4122,8,183,51,2654,19,1340,59,3994,California
Mariposa,2021-03-18,66,5199,15,843,41,4163,10,193,41,2680,25,1365,51,4045,California
Mariposa,2021-03-19,337,5536,9,852,323,4486,5,198,303,2954,34,1399,308,4353,California
Mariposa,2021-03-20,426,5962,5,857,419,4905,2,200,47,2625,379,1778,50,4403,California
Mariposa,2021-03-21,14,5976,8,865,5,4910,1,201,9,2631,4,1782,10,4413,California
Mariposa,2021-03-22,36,6012,7,872,21,4931,8,209,25,2654,11,1793,34,4447,California
Mariposa,2021-03-23,53,6065,33,905,10,4941,10,219,32,2675,21,1814,42,4489,California
Mariposa,2021-03-24,55,6120,5,910,48,4989,2,221,50,2722,5,1819,52,4541,California
Mariposa,2021-03-25,73,6193,15,925,50,5039,8,229,53,2763,20,1839,61,4602,California
Mariposa,2021-03-26,486,6679,9,934,476,5515,1,230,250,2778,236,2075,251,4853,California
Mariposa,2021-03-27,225,6904,8,942,217,5732,0,230,90,2735,135,2210,92,4945,California
Mariposa,2021-03-28,5,6909,0,942,2,5734,3,233,1,2735,4,2214,4,4949,California
Mariposa,2021-03-29,18,6927,5,947,13,5747,0,233,11,2739,7,2221,11,4960,California
Mariposa,2021-03-30,36,6963,13,960,7,5754,16,249,13,2745,23,2244,29,4989,California
Mariposa,2021-03-31,91,7054,16,976,68,5822,7,256,71,2803,20,2264,78,5067,California
Mariposa,2021-04-01,51,7105,9,985,34,5856,8,264,31,2822,20,2284,39,5106,California
Mariposa,2021-04-02,348,7453,11,996,335,6191,2,266,309,3095,38,2322,311,5417,California
Mariposa,2021-04-03,10,7463,7,1003,3,6194,0,266,5,3095,5,2327,5,5422,California
Mariposa,2021-04-04,2,7465,1,1004,0,6194,1,267,0,3094,2,2329,1,5423,California
Mariposa,2021-04-05,31,7496,23,1027,5,6199,3,270,15,3096,16,2345,18,5441,California
Mariposa,2021-04-06,43,7539,20,1047,7,6206,16,286,13,3096,29,2374,29,5470,California
Mariposa,2021-04-07,97,7636,6,1053,72,6278,19,305,28,3074,69,2443,47,5517,California
Mariposa,2021-04-08,274,7910,13,1066,242,6520,19,324,140,3102,132,2575,160,5677,California
Mariposa,2021-04-09,34,7944,9,1075,13,6533,12,336,10,3100,24,2599,22,5699,California
Mariposa,2021-04-10,200,8144,1,1076,189,6722,10,346,186,3282,13,2612,195,5894,California
Mariposa,2021-04-11,115,8259,4,1080,109,6831,2,348,48,3266,67,2679,51,5945,California
Mariposa,2021-04-12,37,8296,11,1091,24,6855,2,350,9,3249,28,2707,11,5956,California
Mariposa,2021-04-13,53,8349,45,1136,8,6863,0,350,34,3264,19,2726,34,5990,California
Mariposa,2021-04-14,112,8461,7,1143,105,6968,0,350,59,3271,52,2778,59,6049,California
Mariposa,2021-04-15,55,8516,17,1160,38,7006,0,350,40,3299,12,2790,40,6089,California
Mariposa,2021-04-16,384,8900,12,1172,372,7378,0,350,106,3127,278,3068,106,6195,California
Mariposa,2021-04-17,11,8911,6,1178,5,7383,0,350,8,3132,3,3071,8,6203,California
Mariposa,2021-04-18,6,8917,0,1178,6,7389,0,350,3,3132,3,3074,3,6206,California
Mariposa,2021-04-19,53,8970,23,1201,30,7419,0,350,28,3136,24,3098,28,6234,California
Mariposa,2021-04-20,63,9033,50,1251,13,7432,0,350,40,3156,20,3118,40,6274,California
Mariposa,2021-04-21,88,9121,12,1263,76,7508,0,350,40,3149,47,3165,40,6314,California
Mariposa,2021-04-22,44,9165,8,1271,36,7544,0,350,36,3178,7,3172,36,6350,California
Mariposa,2021-04-23,314,9479,69,1340,245,7789,0,350,145,3155,169,3341,146,6496,California
Mariposa,2021-04-24,105,9584,9,1349,96,7885,0,350,43,3137,61,3402,43,6539,California
Mariposa,2021-04-26,12,9596,9,1358,3,7888,0,350,2,3129,10,3412,2,6541,California
Mariposa,2021-04-27,29,9625,15,1373,13,7901,1,351,14,3133,11,3423,15,6556,California
Mariposa,2021-04-28,18,9643,13,1386,3,7904,2,353,12,3141,6,3429,14,6570,California
Mariposa,2021-04-29,26,9669,12,1398,13,7917,1,354,22,3160,4,3433,23,6593,California
Mariposa,2021-04-30,51,9720,4,1402,42,7959,5,359,39,3192,12,3445,44,6637,California
Mariposa,2021-05-03,11,9731,10,1412,1,7960,0,359,6,3194,4,3449,6,6643,California
Mariposa,2021-05-04,33,9764,28,1440,5,7965,0,359,29,3219,4,3453,29,6672,California
Mendocino,2020-12-17,70,70,70,70,0,0,0,0,70,70,0,0,70,70,California
Mendocino,2020-12-18,85,155,84,154,1,1,0,0,84,154,0,0,84,154,California
Mendocino,2020-12-19,4,159,4,158,0,1,0,0,4,158,0,0,4,158,California
Mendocino,2020-12-20,7,166,7,165,0,1,0,0,7,165,0,0,7,165,California
Mendocino,2020-12-21,241,407,241,406,0,1,0,0,77,242,0,0,77,242,California
Mendocino,2020-12-22,250,657,189,595,61,62,0,0,250,492,0,0,250,492,California
Mendocino,2020-12-23,270,927,47,642,223,285,0,0,269,761,0,0,269,761,California
Mendocino,2020-12-24,49,976,8,650,41,326,0,0,49,810,0,0,49,810,California
Mendocino,2020-12-25,1,977,0,650,1,327,0,0,1,811,0,0,1,811,California
Mendocino,2020-12-26,2,979,2,652,0,327,0,0,2,813,0,0,2,813,California
Mendocino,2020-12-27,1,980,0,652,1,328,0,0,1,814,0,0,1,814,California
Mendocino,2020-12-28,74,1054,9,661,65,393,0,0,74,888,0,0,74,888,California
Mendocino,2020-12-29,122,1176,61,722,61,454,0,0,122,1010,0,0,122,1010,California
Mendocino,2020-12-30,123,1299,68,790,55,509,0,0,123,1133,0,0,123,1133,California
Mendocino,2020-12-31,130,1429,95,885,35,544,0,0,130,1263,0,0,130,1263,California
Mendocino,2021-01-01,7,1436,5,890,2,546,0,0,7,1270,0,0,7,1270,California
Mendocino,2021-01-02,1,1437,1,891,0,546,0,0,1,1271,0,0,1,1271,California
Mendocino,2021-01-04,840,2277,19,910,821,1367,0,0,840,2111,0,0,840,2111,California
Mendocino,2021-01-05,71,2348,35,945,36,1403,0,0,58,2156,13,13,58,2169,California
Mendocino,2021-01-06,155,2503,133,1078,22,1425,0,0,145,2291,10,23,145,2314,California
Mendocino,2021-01-07,357,2860,238,1316,119,1544,0,0,294,2522,63,86,294,2608,California
Mendocino,2021-01-08,95,2955,82,1398,13,1557,0,0,41,2510,54,140,42,2650,California
Mendocino,2021-01-09,10,2965,6,1404,4,1561,0,0,8,2516,2,142,8,2658,California
Mendocino,2021-01-10,8,2973,8,1412,0,1561,0,0,1,2510,7,149,1,2659,California
Mendocino,2021-01-11,101,3074,92,1504,9,1570,0,0,43,2496,57,206,43,2702,California
Mendocino,2021-01-12,385,3459,375,1879,10,1580,0,0,269,2649,116,322,269,2971,California
Mendocino,2021-01-13,484,3943,145,2024,339,1919,0,0,443,3054,39,361,444,3415,California
Mendocino,2021-01-14,636,4579,20,2044,616,2535,0,0,627,3672,9,370,627,4042,California
Mendocino,2021-01-15,1857,6436,859,2903,998,3533,0,0,1852,5520,5,375,1853,5895,California
Mendocino,2021-01-16,791,7227,50,2953,741,4274,0,0,789,6307,2,377,789,6684,California
Mendocino,2021-01-17,553,7780,1,2954,552,4826,0,0,552,6858,1,378,552,7236,California
Mendocino,2021-01-18,488,8268,463,3417,25,4851,0,0,476,7322,12,390,476,7712,California
Mendocino,2021-01-19,334,8602,148,3565,186,5037,0,0,158,7304,176,566,158,7870,California
Mendocino,2021-01-20,553,9155,406,3971,147,5184,0,0,447,7648,104,670,448,8318,California
Mendocino,2021-01-21,536,9691,223,4194,313,5497,0,0,352,7817,183,853,352,8670,California
Mendocino,2021-01-22,149,9840,58,4252,91,5588,0,0,110,7888,39,892,110,8780,California
Mendocino,2021-01-23,155,9995,83,4335,72,5660,0,0,149,8031,6,898,149,8929,California
Mendocino,2021-01-24,5,10000,3,4338,2,5662,0,0,5,8036,0,898,5,8934,California
Mendocino,2021-01-25,191,10191,18,4356,173,5835,0,0,121,8087,70,968,121,9055,California
Mendocino,2021-01-26,156,10347,56,4412,100,5935,0,0,95,8121,61,1029,95,9150,California
Mendocino,2021-01-27,439,10786,369,4781,70,6005,0,0,174,8037,258,1287,174,9324,California
Mendocino,2021-01-28,590,11376,526,5307,64,6069,0,0,495,8438,94,1381,495,9819,California
Mendocino,2021-01-29,392,11768,351,5658,41,6110,0,0,363,8773,29,1410,364,10183,California
Mendocino,2021-01-30,48,11816,30,5688,18,6128,0,0,41,8807,7,1417,41,10224,California
Mendocino,2021-01-31,273,12089,2,5690,271,6399,0,0,3,8540,270,1687,3,10227,California
Mendocino,2021-02-01,381,12470,52,5742,329,6728,0,0,59,8277,322,2009,59,10286,California
Mendocino,2021-02-02,722,13192,502,6244,220,6948,0,0,364,8283,358,2367,364,10650,California
Mendocino,2021-02-03,391,13583,206,6450,185,7133,0,0,221,8336,168,2535,221,10871,California
Mendocino,2021-02-04,624,14207,529,6979,95,7228,0,0,500,8712,124,2659,500,11371,California
Mendocino,2021-02-05,1298,15505,1211,8190,87,7315,0,0,584,8584,712,3371,584,11955,California
Mendocino,2021-02-06,559,16064,158,8348,401,7716,0,0,544,9113,15,3386,544,12499,California
Mendocino,2021-02-07,32,16096,28,8376,4,7720,0,0,32,9145,0,3386,32,12531,California
Mendocino,2021-02-08,746,16842,715,9091,31,7751,0,0,284,8967,462,3848,284,12815,California
Mendocino,2021-02-09,141,16983,58,9149,83,7834,0,0,89,9004,52,3900,89,12904,California
Mendocino,2021-02-10,1481,18464,921,10070,560,8394,0,0,741,9011,734,4634,741,13645,California
Mendocino,2021-02-11,1133,19597,208,10278,925,9319,0,0,280,8438,853,5487,280,13925,California
Mendocino,2021-02-12,1404,21001,161,10439,1243,10562,0,0,639,8313,764,6251,639,14564,California
Mendocino,2021-02-13,496,21497,12,10451,484,11046,0,0,103,8029,392,6643,108,14672,California
Mendocino,2021-02-14,694,22191,3,10454,691,11737,0,0,134,7603,560,7203,134,14806,California
Mendocino,2021-02-15,329,22520,42,10496,287,12024,0,0,174,7622,155,7358,174,14980,California
Mendocino,2021-02-16,200,22720,51,10547,149,12173,0,0,130,7682,70,7428,130,15110,California
Mendocino,2021-02-17,1352,24072,1190,11737,162,12335,0,0,877,8086,473,7901,877,15987,California
Mendocino,2021-02-18,1781,25853,640,12377,1141,13476,0,0,1215,8736,565,8466,1215,17202,California
Mendocino,2021-02-19,749,26602,146,12523,603,14079,0,0,610,9207,139,8605,610,17812,California
Mendocino,2021-02-20,570,27172,544,13067,26,14105,0,0,540,9719,28,8633,540,18352,California
Mendocino,2021-02-21,325,27497,6,13073,319,14424,0,0,313,10021,11,8644,313,18665,California
Mendocino,2021-02-22,162,27659,30,13103,132,14556,0,0,69,9999,91,8735,69,18734,California
Mendocino,2021-02-23,674,28333,661,13764,13,14569,0,0,612,10550,61,8796,612,19346,California
Mendocino,2021-02-24,1839,30172,1759,15523,80,14649,0,0,1430,11577,405,9201,1432,20778,California
Mendocino,2021-02-25,1704,31876,532,16055,1172,15821,0,0,1285,12444,418,9619,1285,22063,California
Mendocino,2021-02-26,1403,33279,748,16803,655,16476,0,0,1040,13123,361,9980,1040,23103,California
Mendocino,2021-02-27,200,33479,151,16954,49,16525,0,0,77,13078,122,10102,77,23180,California
Mendocino,2021-02-28,35,33514,13,16967,22,16547,0,0,24,13091,11,10113,24,23204,California
Mendocino,2021-03-01,577,34091,533,17500,44,16591,0,0,539,13593,37,10150,539,23743,California
Mendocino,2021-03-02,71,34162,24,17524,47,16638,0,0,41,13605,29,10179,41,23784,California
Mendocino,2021-03-03,1713,35875,1330,18854,383,17021,0,0,1080,14054,631,10810,1080,24864,California
Mendocino,2021-03-04,1768,37643,147,19001,1621,18642,0,0,1551,15391,215,11025,1552,26416,California
Mendocino,2021-03-05,209,37852,148,19149,52,18694,9,9,117,15427,90,11115,126,26542,California
Mendocino,2021-03-06,242,38094,20,19169,197,18891,25,34,201,15613,40,11155,226,26768,California
Mendocino,2021-03-07,505,38599,8,19177,477,19368,20,54,118,15364,386,11541,137,26905,California
Mendocino,2021-03-08,124,38723,29,19206,59,19427,36,90,64,15406,58,11599,100,27005,California
Mendocino,2021-03-09,571,39294,231,19437,299,19726,41,131,473,15822,98,11697,514,27519,California
Mendocino,2021-03-10,1109,40403,980,20417,64,19790,65,196,268,15320,838,12535,336,27855,California
Mendocino,2021-03-11,821,41224,611,21028,157,19947,53,249,394,15342,425,12960,447,28302,California
Mendocino,2021-03-12,2017,43241,1030,22058,892,20839,95,344,1211,15849,799,13759,1306,29608,California
Mendocino,2021-03-13,654,43895,524,22582,73,20912,57,401,97,15450,553,14312,154,29762,California
Mendocino,2021-03-14,104,43999,2,22584,95,21007,7,408,11,15379,89,14401,18,29780,California
Mendocino,2021-03-15,597,44596,51,22635,488,21495,58,466,209,15258,387,14788,266,30046,California
Mendocino,2021-03-16,570,45166,374,23009,151,21646,45,511,139,15013,429,15217,184,30230,California
Mendocino,2021-03-17,1563,46729,1359,24368,56,21702,148,659,214,14036,1346,16563,369,30599,California
Mendocino,2021-03-18,1307,48036,248,24616,1021,22723,38,697,284,13342,1015,17578,321,30920,California
Mendocino,2021-03-19,1755,49791,856,25472,838,23561,61,758,332,12318,1419,18997,395,31315,California
Mendocino,2021-03-20,68,49859,10,25482,37,23598,21,779,12,12295,56,19053,33,31348,California
Mendocino,2021-03-21,8,49867,1,25483,2,23600,5,784,3,12298,5,19058,8,31356,California
Mendocino,2021-03-22,624,50491,580,26063,15,23615,29,813,146,11998,474,19532,174,31530,California
Mendocino,2021-03-23,165,50656,33,26096,102,23717,30,843,115,12093,50,19582,145,31675,California
Mendocino,2021-03-24,911,51567,840,26936,24,23741,47,890,114,11459,795,20377,161,31836,California
Mendocino,2021-03-25,1986,53553,50,26986,1917,25658,19,909,174,9842,1809,22186,192,32028,California
Mendocino,2021-03-26,506,54059,357,27343,124,25782,25,934,324,10009,182,22368,349,32377,California
Mendocino,2021-03-27,142,54201,12,27355,118,25900,12,946,81,10041,60,22428,92,32469,California
Mendocino,2021-03-28,26,54227,5,27360,17,25917,4,950,3,10026,22,22450,7,32476,California
Mendocino,2021-03-29,186,54413,97,27457,47,25964,42,992,95,10072,91,22541,137,32613,California
Mendocino,2021-03-30,683,55096,598,28055,48,26012,37,1029,412,10251,270,22811,449,33062,California
Mendocino,2021-03-31,866,55962,271,28326,535,26547,60,1089,405,10257,459,23270,465,33527,California
Mendocino,2021-04-01,1707,57669,399,28725,1230,27777,78,1167,382,9399,1317,24587,459,33986,California
Mendocino,2021-04-02,1283,58952,1055,29780,155,27932,73,1240,223,8638,1057,25644,296,34282,California
Mendocino,2021-04-03,704,59656,9,29789,674,28606,21,1261,84,8127,616,26260,105,34387,California
Mendocino,2021-04-04,69,59725,34,29823,29,28635,6,1267,54,8172,15,26275,60,34447,California
Mendocino,2021-04-05,210,59935,142,29965,44,28679,24,1291,131,8245,79,26354,152,34599,California
Mendocino,2021-04-06,383,60318,121,30086,179,28858,83,1374,106,8157,277,26631,189,34788,California
Mendocino,2021-04-07,481,60799,173,30259,63,28921,245,1619,116,8154,363,26994,360,35148,California
Mendocino,2021-04-08,1491,62290,913,31172,462,29383,116,1735,1001,8787,484,27478,1117,36265,California
Mendocino,2021-04-09,757,63047,425,31597,171,29554,161,1896,396,8984,360,27838,557,36822,California
Mendocino,2021-04-10,400,63447,89,31686,265,29819,46,1942,98,8826,302,28140,144,36966,California
Mendocino,2021-04-11,122,63569,47,31733,18,29837,57,1999,58,8877,64,28204,115,37081,California
Mendocino,2021-04-12,618,64187,511,32244,46,29883,61,2060,411,9142,207,28411,472,37553,California
Mendocino,2021-04-13,287,64474,224,32468,62,29945,1,2061,220,9296,67,28478,221,37774,California
Mendocino,2021-04-14,513,64987,423,32891,89,30034,1,2062,411,9606,102,28580,412,38186,California
Mendocino,2021-04-15,654,65641,325,33216,328,30362,1,2063,394,9745,256,28836,395,38581,California
Mendocino,2021-04-16,122,65763,48,33264,72,30434,2,2065,73,9772,48,28884,75,38656,California
Mendocino,2021-04-17,197,65960,11,33275,186,30620,0,2065,69,9714,127,29011,69,38725,California
Mendocino,2021-04-18,8,65968,2,33277,5,30625,1,2066,4,9715,4,29015,5,38730,California
Mendocino,2021-04-19,532,66500,506,33783,24,30649,2,2068,433,10052,98,29113,435,39165,California
Mendocino,2021-04-20,407,66907,279,34062,127,30776,1,2069,261,10168,146,29259,262,39427,California
Mendocino,2021-04-21,182,67089,123,34185,58,30834,1,2070,114,10215,67,29326,114,39541,California
Mendocino,2021-04-22,476,67565,300,34485,175,31009,1,2071,321,10383,153,29479,321,39862,California
Mendocino,2021-04-23,818,68383,676,35161,142,31151,0,2071,666,10899,150,29629,666,40528,California
Mendocino,2021-04-24,101,68484,14,35175,87,31238,0,2071,94,10986,7,29636,94,40622,California
Mendocino,2021-04-25,52,68536,28,35203,20,31258,4,2075,18,10974,34,29670,22,40644,California
Mendocino,2021-04-26,264,68800,205,35408,54,31312,5,2080,180,11076,83,29753,185,40829,California
Mendocino,2021-04-27,174,68974,67,35475,83,31395,24,2104,90,11106,83,29836,113,40942,California
Mendocino,2021-04-28,184,69158,134,35609,39,31434,11,2115,104,11141,80,29916,115,41057,California
Mendocino,2021-04-29,955,70113,707,36316,235,31669,13,2128,91,10382,863,30779,104,41161,California
Mendocino,2021-04-30,558,70671,349,36665,197,31866,12,2140,213,10262,345,31124,225,41386,California
Mendocino,2021-05-01,435,71106,412,37077,19,31885,4,2144,352,10536,82,31206,356,41742,California
Mendocino,2021-05-02,7,71113,2,37079,2,31887,3,2147,3,10539,3,31209,6,41748,California
Mendocino,2021-05-03,70,71183,25,37104,26,31913,19,2166,31,10551,38,31247,50,41798,California
Mendocino,2021-05-04,280,71463,240,37344,32,31945,8,2174,86,10451,194,31441,94,41892,California
Merced,2020-12-16,3,3,3,3,0,0,0,0,3,3,0,0,3,3,California
Merced,2020-12-17,5,8,5,8,0,0,0,0,5,8,0,0,5,8,California
Merced,2020-12-18,143,151,143,151,0,0,0,0,143,151,0,0,143,151,California
Merced,2020-12-19,39,190,39,190,0,0,0,0,39,190,0,0,39,190,California
Merced,2020-12-20,17,207,17,207,0,0,0,0,17,207,0,0,17,207,California
Merced,2020-12-21,125,332,122,329,3,3,0,0,125,332,0,0,125,332,California
Merced,2020-12-22,152,484,152,481,0,3,0,0,152,484,0,0,152,484,California
Merced,2020-12-23,248,732,242,723,6,9,0,0,248,732,0,0,248,732,California
Merced,2020-12-24,72,804,72,795,0,9,0,0,72,804,0,0,72,804,California
Merced,2020-12-25,4,808,4,799,0,9,0,0,4,808,0,0,4,808,California
Merced,2020-12-26,6,814,3,802,3,12,0,0,6,814,0,0,6,814,California
Merced,2020-12-27,12,826,11,813,1,13,0,0,12,826,0,0,12,826,California
Merced,2020-12-28,123,949,98,911,25,38,0,0,123,949,0,0,123,949,California
Merced,2020-12-29,180,1129,124,1035,56,94,0,0,180,1129,0,0,180,1129,California
Merced,2020-12-30,214,1343,89,1124,125,219,0,0,214,1343,0,0,214,1343,California
Merced,2020-12-31,103,1446,34,1158,69,288,0,0,103,1446,0,0,103,1446,California
Merced,2021-01-01,2,1448,0,1158,2,290,0,0,2,1448,0,0,2,1448,California
Merced,2021-01-02,128,1576,117,1275,11,301,0,0,128,1576,0,0,128,1576,California
Merced,2021-01-03,9,1585,5,1280,4,305,0,0,9,1585,0,0,9,1585,California
Merced,2021-01-04,81,1666,43,1323,38,343,0,0,81,1666,0,0,81,1666,California
Merced,2021-01-05,320,1986,231,1554,89,432,0,0,314,1976,6,6,316,1982,California
Merced,2021-01-06,254,2240,103,1657,151,583,0,0,248,2218,6,12,248,2230,California
Merced,2021-01-07,184,2424,80,1737,104,687,0,0,174,2381,11,23,174,2404,California
Merced,2021-01-08,527,2951,393,2130,134,821,0,0,376,2607,150,173,376,2780,California
Merced,2021-01-09,23,2974,10,2140,13,834,0,0,17,2618,6,179,17,2797,California
Merced,2021-01-10,10,2984,6,2146,4,838,0,0,6,2620,4,183,6,2803,California
Merced,2021-01-11,225,3209,167,2313,58,896,0,0,101,2599,124,307,103,2906,California
Merced,2021-01-12,280,3489,157,2470,123,1019,0,0,230,2778,51,358,230,3136,California
Merced,2021-01-13,372,3861,173,2643,199,1218,0,0,221,2851,151,509,224,3360,California
Merced,2021-01-14,325,4186,201,2844,124,1342,0,0,160,2848,164,673,161,3521,California
Merced,2021-01-15,572,4758,126,2970,446,1788,0,0,534,3345,39,712,536,4057,California
Merced,2021-01-16,201,4959,122,3092,79,1867,0,0,196,3536,5,717,196,4253,California
Merced,2021-01-17,49,5008,12,3104,37,1904,0,0,48,3583,1,718,48,4301,California
Merced,2021-01-18,260,5268,126,3230,134,2038,0,0,238,3802,22,740,241,4542,California
Merced,2021-01-19,703,5971,580,3810,123,2161,0,0,532,4167,171,911,536,5078,California
Merced,2021-01-20,571,6542,466,4276,105,2266,0,0,515,4629,56,967,518,5596,California
Merced,2021-01-21,1005,7547,645,4921,360,2626,0,0,906,5439,99,1066,909,6505,California
Merced,2021-01-22,1301,8848,683,5604,618,3244,0,0,1275,6700,26,1092,1287,7792,California
Merced,2021-01-23,307,9155,185,5789,122,3366,0,0,202,6797,105,1197,202,7994,California
Merced,2021-01-24,32,9187,14,5803,18,3384,0,0,23,6812,8,1205,23,8017,California
Merced,2021-01-25,727,9914,241,6044,486,3870,0,0,667,7421,59,1264,668,8685,California
Merced,2021-01-26,912,10826,483,6527,429,4299,0,0,671,7879,214,1478,672,9357,California
Merced,2021-01-27,976,11802,582,7109,394,4693,0,0,809,8523,165,1643,809,10166,California
Merced,2021-01-28,1136,12938,591,7700,545,5238,0,0,1015,9418,121,1764,1016,11182,California
Merced,2021-01-29,845,13783,321,8021,524,5762,0,0,600,9782,238,2002,602,11784,California
Merced,2021-01-30,259,14042,27,8048,232,5994,0,0,243,10009,16,2018,243,12027,California
Merced,2021-01-31,45,14087,10,8058,35,6029,0,0,44,10052,1,2019,44,12071,California
Merced,2021-02-01,373,14460,52,8110,321,6350,0,0,325,10331,47,2066,326,12397,California
Merced,2021-02-02,293,14753,181,8291,112,6462,0,0,174,10389,117,2183,175,12572,California
Merced,2021-02-03,349,15102,71,8362,278,6740,0,0,168,10376,181,2364,168,12740,California
Merced,2021-02-04,371,15473,146,8508,225,6965,0,0,240,10487,130,2494,241,12981,California
Merced,2021-02-05,512,15985,173,8681,339,7304,0,0,272,10522,239,2733,274,13255,California
Merced,2021-02-06,387,16372,218,8899,169,7473,0,0,244,10625,142,2875,245,13500,California
Merced,2021-02-07,21,16393,13,8912,8,7481,0,0,14,10632,7,2882,14,13514,California
Merced,2021-02-08,278,16671,196,9108,82,7563,0,0,169,10694,108,2990,170,13684,California
Merced,2021-02-09,1212,17883,952,10060,260,7823,0,0,775,11041,429,3419,776,14460,California
Merced,2021-02-10,1852,19735,1431,11491,421,8244,0,0,1273,11744,570,3989,1273,15733,California
Merced,2021-02-11,2501,22236,2005,13496,496,8740,0,0,1816,12883,677,4666,1816,17549,California
Merced,2021-02-12,1713,23949,1012,14508,701,9441,0,0,750,12680,954,5620,751,18300,California
Merced,2021-02-13,360,24309,205,14713,155,9596,0,0,264,12851,95,5715,266,18566,California
Merced,2021-02-14,116,24425,26,14739,90,9686,0,0,95,12926,21,5736,96,18662,California
Merced,2021-02-15,273,24698,40,14779,233,9919,0,0,170,12999,98,5834,171,18833,California
Merced,2021-02-16,1211,25909,842,15621,369,10288,0,0,838,13484,355,6189,840,19673,California
Merced,2021-02-17,1875,27784,1630,17251,245,10533,0,0,1315,14254,547,6736,1317,20990,California
Merced,2021-02-18,1198,28982,810,18061,388,10921,0,0,397,13870,781,7517,397,21387,California
Merced,2021-02-19,1260,30242,411,18472,849,11770,0,0,535,13688,719,8236,537,21924,California
Merced,2021-02-20,276,30518,31,18503,245,12015,0,0,142,13698,132,8368,142,22066,California
Merced,2021-02-21,76,30594,62,18565,14,12029,0,0,32,13686,44,8412,32,22098,California
Merced,2021-02-22,825,31419,292,18857,533,12562,0,0,480,13822,344,8756,480,22578,California
Merced,2021-02-23,1079,32498,421,19278,658,13220,0,0,638,14024,436,9192,638,23216,California
Merced,2021-02-24,813,33311,301,19579,512,13732,0,0,443,14107,361,9553,444,23660,California
Merced,2021-02-25,1752,35063,863,20442,889,14621,0,0,1302,14964,447,10000,1304,24964,California
Merced,2021-02-26,2131,37194,1361,21803,770,15391,0,0,1724,16284,405,10405,1725,26689,California
Merced,2021-02-27,2519,39713,1101,22904,1418,16809,0,0,2234,18234,284,10689,2234,28923,California
Merced,2021-02-28,298,40011,71,22975,227,17036,0,0,250,18440,44,10733,250,29173,California
Merced,2021-03-01,1111,41122,279,23254,832,17868,0,0,773,18883,330,11063,773,29946,California
Merced,2021-03-02,1746,42868,903,24157,842,18710,1,1,1360,19867,377,11440,1361,31307,California
Merced,2021-03-03,2209,45077,1724,25881,484,19194,1,2,1455,20585,738,12178,1456,32763,California
Merced,2021-03-04,2880,47957,2267,28148,611,19805,2,4,1911,21547,952,13130,1914,34677,California
Merced,2021-03-05,2062,50019,1192,29340,846,20651,24,28,1526,22574,524,13654,1551,36228,California
Merced,2021-03-06,1156,51175,654,29994,480,21131,22,50,901,23243,254,13908,923,37151,California
Merced,2021-03-07,227,51402,63,30057,139,21270,25,75,198,23437,29,13937,223,37374,California
Merced,2021-03-08,1279,52681,682,30739,532,21802,65,140,1068,24359,210,14147,1132,38506,California
Merced,2021-03-09,1689,54370,996,31735,586,22388,107,247,1097,24976,588,14735,1205,39711,California
Merced,2021-03-10,2685,57055,1861,33596,625,23013,199,446,1616,25739,1057,15792,1820,41531,California
Merced,2021-03-11,1928,58983,683,34279,1039,24052,206,652,1221,26493,695,16487,1449,42980,California
Merced,2021-03-12,2188,61171,896,35175,1025,25077,267,919,1476,27540,708,17195,1755,44735,California
Merced,2021-03-13,720,61891,309,35484,168,25245,243,1162,412,27896,300,17495,656,45391,California
Merced,2021-03-14,248,62139,136,35620,82,25327,30,1192,149,27978,98,17593,180,45571,California
Merced,2021-03-15,1499,63638,491,36111,753,26080,255,1447,983,28706,509,18102,1237,46808,California
Merced,2021-03-16,1428,65066,684,36795,518,26598,226,1673,947,29404,472,18574,1170,47978,California
Merced,2021-03-17,1942,67008,1041,37836,723,27321,178,1851,1495,30639,440,19014,1675,49653,California
Merced,2021-03-18,2024,69032,1161,38997,716,28037,147,1998,1383,31550,633,19647,1544,51197,California
Merced,2021-03-19,2656,71688,1446,40443,1018,29055,192,2190,1382,31861,1263,20910,1574,52771,California
Merced,2021-03-20,2412,74100,1484,41927,533,29588,395,2585,960,31770,1450,22360,1359,54130,California
Merced,2021-03-21,556,74656,343,42270,200,29788,13,2598,437,32103,119,22479,452,54582,California
Merced,2021-03-22,1260,75916,629,42899,555,30343,76,2674,888,32704,365,22844,966,55548,California
Merced,2021-03-23,1819,77735,1095,43994,660,31003,64,2738,1344,33642,471,23315,1409,56957,California
Merced,2021-03-24,1392,79127,865,44859,492,31495,35,2773,929,34149,457,23772,964,57921,California
Merced,2021-03-25,3296,82423,2268,47127,1007,32502,21,2794,2076,35037,1212,24984,2100,60021,California
Merced,2021-03-26,1916,84339,1074,48201,808,33310,34,2828,886,34934,1022,26006,919,60940,California
Merced,2021-03-27,3026,87365,1759,49960,1197,34507,70,2898,1381,34752,1634,27640,1452,62392,California
Merced,2021-03-28,509,87874,210,50170,292,34799,7,2905,210,34673,297,27937,218,62610,California
Merced,2021-03-29,1654,89528,623,50793,867,35666,164,3069,660,34513,988,28925,828,63438,California
Merced,2021-03-30,2123,91651,789,51582,1275,36941,59,3128,978,34409,1141,30066,1037,64475,California
Merced,2021-03-31,2105,93756,1392,52974,679,37620,34,3162,940,34234,1150,31216,975,65450,California
Merced,2021-04-01,2154,95910,1003,53977,1031,38651,120,3282,983,34174,1165,32381,1105,66555,California
Merced,2021-04-02,2307,98217,620,54597,1285,39936,402,3684,766,33819,1525,33906,1170,67725,California
Merced,2021-04-03,853,99070,383,54980,459,40395,11,3695,455,33893,394,34300,468,68193,California
Merced,2021-04-04,365,99435,141,55121,220,40615,4,3699,138,33812,226,34526,145,68338,California
Merced,2021-04-05,1248,100683,592,55713,445,41060,211,3910,409,33596,835,35361,619,68957,California
Merced,2021-04-06,2406,103089,890,56603,692,41752,824,4734,894,33805,1508,36869,1717,70674,California
Merced,2021-04-07,1636,104725,879,57482,650,42402,107,4841,591,33472,1033,37902,700,71374,California
Merced,2021-04-08,2230,106955,1128,58610,886,43288,216,5057,777,33038,1425,39327,991,72365,California
Merced,2021-04-09,1675,108630,474,59084,625,43913,576,5633,561,33082,1095,40422,1139,73504,California
Merced,2021-04-10,687,109317,361,59445,141,44054,185,5818,172,32928,510,40932,356,73860,California
Merced,2021-04-11,485,109802,279,59724,72,44126,134,5952,145,32870,338,41270,280,74140,California
Merced,2021-04-12,1413,111215,925,60649,365,44491,123,6075,813,33241,565,41835,936,75076,California
Merced,2021-04-13,2021,113236,1449,62098,569,45060,3,6078,937,33183,1002,42837,944,76020,California
Merced,2021-04-14,2033,115269,1206,63304,827,45887,0,6078,899,33078,1006,43843,901,76921,California
Merced,2021-04-15,3000,118269,1966,65270,1034,46921,0,6078,951,32210,1823,45666,955,77876,California
Merced,2021-04-16,2352,120621,1147,66417,1205,48126,0,6078,962,31878,1294,46960,962,78838,California
Merced,2021-04-17,1434,122055,788,67205,646,48772,0,6078,370,31190,1059,48019,371,79209,California
Merced,2021-04-18,466,122521,248,67453,218,48990,0,6078,191,31133,248,48267,191,79400,California
Merced,2021-04-19,1314,123835,738,68191,576,49566,0,6078,702,31317,518,48785,702,80102,California
Merced,2021-04-20,1406,125241,730,68921,676,50242,0,6078,783,31547,554,49339,784,80886,California
Merced,2021-04-21,1459,126700,877,69798,582,50824,0,6078,753,31705,596,49935,754,81640,California
Merced,2021-04-22,1596,128296,735,70533,861,51685,0,6078,778,31745,738,50673,778,82418,California
Merced,2021-04-23,1609,129905,652,71185,957,52642,0,6078,870,31923,693,51366,871,83289,California
Merced,2021-04-24,564,130469,395,71580,169,52811,0,6078,388,32140,172,51538,389,83678,California
Merced,2021-04-25,324,130793,185,71765,139,52950,0,6078,192,32201,131,51669,192,83870,California
Merced,2021-04-26,1056,131849,398,72163,658,53608,0,6078,533,32243,493,52162,535,84405,California
Merced,2021-04-27,1434,133283,585,72748,839,54447,10,6088,579,32043,790,52952,590,84995,California
Merced,2021-04-28,1326,134609,644,73392,673,55120,9,6097,759,32266,547,53499,770,85765,California
Merced,2021-04-29,1270,135879,482,73874,765,55885,23,6120,595,32217,668,54167,619,86384,California
Merced,2021-04-30,1291,137170,523,74397,726,56611,42,6162,645,32260,644,54811,687,87071,California
Merced,2021-05-01,385,137555,121,74518,264,56875,0,6162,165,32208,218,55029,166,87237,California
Merced,2021-05-02,184,137739,40,74558,132,57007,12,6174,74,32186,110,55139,88,87325,California
Merced,2021-05-03,604,138343,386,74944,183,57190,35,6209,223,32088,378,55517,280,87605,California
Merced,2021-05-04,493,138836,263,75207,195,57385,35,6244,128,31888,363,55880,163,87768,California
Modoc,2020-12-16,1,1,1,1,0,0,0,0,1,1,0,0,1,1,California
Modoc,2020-12-21,100,101,100,101,0,0,0,0,100,101,0,0,100,101,California
Modoc,2020-12-22,14,115,14,115,0,0,0,0,14,115,0,0,14,115,California
Modoc,2020-12-23,4,119,4,119,0,0,0,0,4,119,0,0,4,119,California
Modoc,2020-12-24,1,120,1,120,0,0,0,0,1,120,0,0,1,120,California
Modoc,2020-12-28,2,122,2,122,0,0,0,0,2,122,0,0,2,122,California
Modoc,2020-12-29,10,132,1,123,9,9,0,0,10,132,0,0,10,132,California
Modoc,2020-12-30,7,139,0,123,7,16,0,0,7,139,0,0,7,139,California
Modoc,2021-01-02,2,141,0,123,2,18,0,0,2,141,0,0,2,141,California
Modoc,2021-01-04,8,149,0,123,8,26,0,0,8,149,0,0,8,149,California
Modoc,2021-01-05,2,151,1,124,1,27,0,0,2,151,0,0,2,151,California
Modoc,2021-01-06,3,154,2,126,1,28,0,0,2,152,1,1,2,153,California
Modoc,2021-01-07,72,226,0,126,72,100,0,0,72,224,0,1,72,225,California
Modoc,2021-01-08,105,331,0,126,105,205,0,0,105,329,0,1,105,330,California
Modoc,2021-01-10,1,332,1,127,0,205,0,0,0,328,1,2,0,330,California
Modoc,2021-01-11,91,423,82,209,9,214,0,0,19,275,72,74,19,349,California
Modoc,2021-01-12,94,517,25,234,69,283,0,0,68,317,26,100,68,417,California
Modoc,2021-01-13,24,541,4,238,20,303,0,0,22,337,2,102,22,439,California
Modoc,2021-01-14,129,670,6,244,123,426,0,0,124,456,5,107,124,563,California
Modoc,2021-01-15,6,676,1,245,5,431,0,0,6,462,0,107,6,569,California
Modoc,2021-01-16,1,677,1,246,0,431,0,0,1,463,0,107,1,570,California
Modoc,2021-01-18,1,678,1,247,0,431,0,0,1,464,0,107,1,571,California
Modoc,2021-01-19,5,683,3,250,2,433,0,0,3,465,2,109,3,574,California
Modoc,2021-01-20,11,694,1,251,10,443,0,0,11,476,0,109,11,585,California
Modoc,2021-01-21,157,851,2,253,155,598,0,0,157,633,0,109,157,742,California
Modoc,2021-01-22,2,853,0,253,2,600,0,0,2,635,0,109,2,744,California
Modoc,2021-01-25,11,864,0,253,11,611,0,0,11,646,0,109,11,755,California
Modoc,2021-01-26,65,929,1,254,64,675,0,0,65,711,0,109,65,820,California
Modoc,2021-01-27,41,970,2,256,39,714,0,0,25,720,16,125,25,845,California
Modoc,2021-01-28,144,1114,1,257,143,857,0,0,144,864,0,125,144,989,California
Modoc,2021-01-29,3,1117,1,258,2,859,0,0,3,867,0,125,3,992,California
Modoc,2021-02-01,25,1142,12,270,13,872,0,0,11,864,14,139,11,1003,California
Modoc,2021-02-02,170,1312,2,272,168,1040,0,0,167,1028,3,142,167,1170,California
Modoc,2021-02-03,18,1330,13,285,5,1045,0,0,11,1032,7,149,11,1181,California
Modoc,2021-02-04,155,1485,4,289,151,1196,0,0,27,931,128,277,27,1208,California
Modoc,2021-02-05,4,1489,3,292,1,1197,0,0,3,933,1,278,3,1211,California
Modoc,2021-02-08,9,1498,2,294,7,1204,0,0,8,940,1,279,8,1219,California
Modoc,2021-02-09,197,1695,13,307,184,1388,0,0,65,873,132,411,65,1284,California
Modoc,2021-02-10,5,1700,2,309,3,1391,0,0,4,876,1,412,4,1288,California
Modoc,2021-02-11,201,1901,3,312,198,1589,0,0,83,841,118,530,83,1371,California
Modoc,2021-02-12,4,1905,0,312,4,1593,0,0,2,841,2,532,2,1373,California
Modoc,2021-02-13,1,1906,0,312,1,1594,0,0,1,842,0,532,1,1374,California
Modoc,2021-02-16,147,2053,6,318,141,1735,0,0,143,981,4,536,143,1517,California
Modoc,2021-02-17,24,2077,1,319,23,1758,0,0,12,981,12,548,12,1529,California
Modoc,2021-02-18,188,2265,2,321,186,1944,0,0,25,845,162,710,26,1555,California
Modoc,2021-02-19,2,2267,2,323,0,1944,0,0,2,847,0,710,2,1557,California
Modoc,2021-02-20,1,2268,1,324,0,1944,0,0,1,848,0,710,1,1558,California
Modoc,2021-02-22,17,2285,9,333,8,1952,0,0,3,837,14,724,3,1561,California
Modoc,2021-02-23,20,2305,2,335,18,1970,0,0,1,819,19,743,1,1562,California
Modoc,2021-02-24,90,2395,1,336,89,2059,0,0,30,789,60,803,30,1592,California
Modoc,2021-02-25,169,2564,1,337,168,2227,0,0,13,646,156,959,13,1605,California
Modoc,2021-02-26,3,2567,0,337,3,2230,0,0,1,645,2,961,1,1606,California
Modoc,2021-02-27,5,2572,5,342,0,2230,0,0,2,644,3,964,2,1608,California
Modoc,2021-03-01,5,2577,0,342,5,2235,0,0,0,640,4,968,0,1608,California
Modoc,2021-03-02,193,2770,12,354,181,2416,0,0,26,499,167,1135,26,1634,California
Modoc,2021-03-03,12,2782,6,360,6,2422,0,0,2,491,10,1145,2,1636,California
Modoc,2021-03-04,175,2957,2,362,173,2595,0,0,148,612,27,1172,148,1784,California
Modoc,2021-03-05,4,2961,3,365,1,2596,0,0,2,612,2,1174,2,1786,California
Modoc,2021-03-06,11,2972,0,365,1,2597,10,10,1,613,10,1184,11,1797,California
Modoc,2021-03-07,6,2978,1,366,0,2597,5,15,1,614,5,1189,6,1803,California
Modoc,2021-03-08,8,2986,1,367,3,2600,4,19,1,613,6,1195,5,1808,California
Modoc,2021-03-09,126,3112,10,377,108,2708,8,27,61,617,65,1260,69,1877,California
Modoc,2021-03-10,9,3121,3,380,2,2710,4,31,4,620,5,1265,8,1885,California
Modoc,2021-03-11,207,3328,0,380,99,2809,108,139,22,565,185,1450,130,2015,California
Modoc,2021-03-12,10,3338,1,381,4,2813,5,144,4,568,6,1456,9,2024,California
Modoc,2021-03-13,4,3342,0,381,1,2814,3,147,1,569,3,1459,4,2028,California
Modoc,2021-03-15,12,3354,1,382,10,2824,1,148,10,578,2,1461,11,2039,California
Modoc,2021-03-16,173,3527,1,383,168,2992,4,152,42,492,131,1592,45,2084,California
Modoc,2021-03-17,10,3537,1,384,4,2996,5,157,2,491,8,1600,7,2091,California
Modoc,2021-03-18,66,3603,1,385,58,3054,7,164,34,500,32,1632,41,2132,California
Modoc,2021-03-19,5,3608,0,385,0,3054,5,169,0,500,5,1637,5,2137,California
Modoc,2021-03-20,6,3614,2,387,1,3055,3,172,1,499,5,1642,4,2141,California
Modoc,2021-03-21,4,3618,1,388,1,3056,2,174,2,501,2,1644,4,2145,California
Modoc,2021-03-22,18,3636,1,389,11,3067,6,180,12,513,6,1650,18,2163,California
Modoc,2021-03-23,35,3671,5,394,27,3094,3,183,27,535,8,1658,30,2193,California
Modoc,2021-03-24,29,3700,1,395,18,3112,10,193,2,520,27,1685,12,2205,California
Modoc,2021-03-25,77,3777,1,396,74,3186,2,195,45,535,32,1717,47,2252,California
Modoc,2021-03-26,7,3784,2,398,2,3188,3,198,2,535,5,1722,5,2257,California
Modoc,2021-03-27,2,3786,0,398,1,3189,1,199,1,536,1,1723,2,2259,California
Modoc,2021-03-28,2,3788,1,399,0,3189,1,200,0,535,2,1725,1,2260,California
Modoc,2021-03-29,14,3802,1,400,5,3194,8,208,5,539,9,1734,13,2273,California
Modoc,2021-03-30,56,3858,10,410,39,3233,7,215,22,534,34,1768,29,2302,California
Modoc,2021-03-31,9,3867,3,413,2,3235,4,219,3,535,6,1774,7,2309,California
Modoc,2021-04-01,169,4036,2,415,162,3397,5,224,34,439,135,1909,39,2348,California
Modoc,2021-04-02,4,4040,0,415,1,3398,3,227,0,439,3,1912,3,2351,California
Modoc,2021-04-03,5,4045,2,417,0,3398,3,230,2,441,2,1914,4,2355,California
Modoc,2021-04-05,9,4054,0,417,9,3407,0,230,9,450,0,1914,9,2364,California
Modoc,2021-04-06,24,4078,5,422,9,3416,10,240,6,448,18,1932,16,2380,California
Modoc,2021-04-07,12,4090,1,423,4,3420,7,247,3,449,9,1941,10,2390,California
Modoc,2021-04-08,97,4187,1,424,93,3513,3,250,26,407,71,2012,29,2419,California
Modoc,2021-04-09,11,4198,2,426,6,3519,3,253,2,402,9,2021,4,2423,California
Modoc,2021-04-10,5,4203,0,426,1,3520,4,257,0,401,5,2026,4,2427,California
Modoc,2021-04-11,2,4205,2,428,0,3520,0,257,1,401,1,2027,1,2428,California
Modoc,2021-04-12,14,4219,1,429,9,3529,4,261,1,395,11,2038,5,2433,California
Modoc,2021-04-13,28,4247,27,456,1,3530,0,261,21,409,7,2045,21,2454,California
Modoc,2021-04-14,2,4249,2,458,0,3530,0,261,1,409,1,2046,1,2455,California
Modoc,2021-04-15,99,4348,0,458,99,3629,0,261,26,362,73,2119,26,2481,California
Modoc,2021-04-16,4,4352,4,462,0,3629,0,261,3,364,1,2120,3,2484,California
Modoc,2021-04-17,2,4354,2,464,0,3629,0,261,2,366,0,2120,2,2486,California
Modoc,2021-04-18,1,4355,0,464,1,3630,0,261,1,367,0,2120,1,2487,California
Modoc,2021-04-19,7,4362,1,465,6,3636,0,261,2,364,5,2125,2,2489,California
Modoc,2021-04-20,27,4389,2,467,25,3661,0,261,9,355,18,2143,9,2498,California
Modoc,2021-04-21,3,4392,3,470,0,3661,0,261,1,354,2,2145,1,2499,California
Modoc,2021-04-22,98,4490,4,474,94,3755,0,261,41,338,57,2202,41,2540,California
Modoc,2021-04-23,4,4494,0,474,4,3759,0,261,3,340,1,2203,3,2543,California
Modoc,2021-04-24,3,4497,1,475,1,3760,1,262,2,342,1,2204,3,2546,California
Modoc,2021-04-25,1,4498,1,476,0,3760,0,262,1,343,0,2204,1,2547,California
Modoc,2021-04-26,8,4506,1,477,7,3767,0,262,3,341,5,2209,3,2550,California
Modoc,2021-04-27,6,4512,4,481,1,3768,1,263,0,336,6,2215,1,2551,California
Modoc,2021-04-28,3,4515,0,481,3,3771,0,263,0,333,3,2218,0,2551,California
Modoc,2021-04-29,52,4567,2,483,50,3821,0,263,17,315,35,2253,17,2568,California
Modoc,2021-04-30,3,4570,3,486,0,3821,0,263,2,316,1,2254,2,2570,California
Modoc,2021-05-01,1,4571,1,487,0,3821,0,263,0,315,1,2255,0,2570,California
Modoc,2021-05-02,3,4574,2,489,1,3822,0,263,2,316,1,2256,2,2572,California
Modoc,2021-05-03,10,4584,0,489,9,3831,1,264,0,307,10,2266,1,2573,California
Modoc,2021-05-04,5,4589,2,491,3,3834,0,264,2,306,3,2269,2,2575,California
Mono,2020-12-18,1,1,1,1,0,0,0,0,1,1,0,0,1,1,California
Mono,2020-12-19,5,6,5,6,0,0,0,0,5,6,0,0,5,6,California
Mono,2020-12-20,7,13,7,13,0,0,0,0,7,13,0,0,7,13,California
Mono,2020-12-21,24,37,17,30,7,7,0,0,24,37,0,0,24,37,California
Mono,2020-12-22,66,103,65,95,1,8,0,0,66,103,0,0,66,103,California
Mono,2020-12-23,70,173,42,137,28,36,0,0,70,173,0,0,70,173,California
Mono,2020-12-24,3,176,1,138,2,38,0,0,3,176,0,0,3,176,California
Mono,2020-12-26,3,179,3,141,0,38,0,0,3,179,0,0,3,179,California
Mono,2020-12-28,94,273,63,204,31,69,0,0,94,273,0,0,94,273,California
Mono,2020-12-29,29,302,29,233,0,69,0,0,29,302,0,0,29,302,California
Mono,2020-12-30,77,379,36,269,41,110,0,0,77,379,0,0,77,379,California
Mono,2020-12-31,4,383,1,270,3,113,0,0,4,383,0,0,4,383,California
Mono,2021-01-01,4,387,4,274,0,113,0,0,4,387,0,0,4,387,California
Mono,2021-01-02,2,389,2,276,0,113,0,0,2,389,0,0,2,389,California
Mono,2021-01-04,1,390,0,276,1,114,0,0,1,390,0,0,1,390,California
Mono,2021-01-05,45,435,2,278,43,157,0,0,44,433,1,1,44,434,California
Mono,2021-01-06,44,479,0,278,44,201,0,0,44,477,0,1,44,478,California
Mono,2021-01-07,55,534,3,281,52,253,0,0,54,530,1,2,54,532,California
Mono,2021-01-08,2,536,1,282,1,254,0,0,1,530,1,3,1,533,California
Mono,2021-01-09,4,540,4,286,0,254,0,0,0,526,4,7,0,533,California
Mono,2021-01-10,5,545,5,291,0,254,0,0,0,521,5,12,0,533,California
Mono,2021-01-11,8,553,5,296,3,257,0,0,4,521,4,16,4,537,California
Mono,2021-01-12,282,835,75,371,207,464,0,0,218,676,63,79,218,755,California
Mono,2021-01-13,233,1068,73,444,160,624,0,0,178,799,55,134,178,933,California
Mono,2021-01-14,73,1141,71,515,2,626,0,0,73,872,0,134,73,1006,California
Mono,2021-01-15,62,1203,2,517,60,686,0,0,62,934,0,134,62,1068,California
Mono,2021-01-16,4,1207,3,520,1,687,0,0,1,932,3,137,1,1069,California
Mono,2021-01-18,64,1271,55,575,9,696,0,0,2,872,62,199,2,1071,California
Mono,2021-01-19,209,1480,207,782,2,698,0,0,171,1006,38,237,172,1243,California
Mono,2021-01-20,231,1711,199,981,32,730,0,0,170,1115,61,298,170,1413,California
Mono,2021-01-21,3,1714,3,984,0,730,0,0,3,1118,0,298,3,1416,California
Mono,2021-01-22,4,1718,0,984,4,734,0,0,4,1122,0,298,4,1420,California
Mono,2021-01-23,595,2313,595,1579,0,734,0,0,594,1715,1,299,594,2014,California
Mono,2021-01-25,203,2516,165,1744,38,772,0,0,164,1840,39,338,164,2178,California
Mono,2021-01-26,505,3021,503,2247,2,774,0,0,499,2333,6,344,499,2677,California
Mono,2021-01-27,5,3026,1,2248,4,778,0,0,5,2338,0,344,5,2682,California
Mono,2021-01-28,7,3033,3,2251,4,782,0,0,3,2337,4,348,3,2685,California
Mono,2021-01-30,202,3235,200,2451,2,784,0,0,201,2537,1,349,201,2886,California
Mono,2021-01-31,243,3478,138,2589,105,889,0,0,139,2572,104,453,139,3025,California
Mono,2021-02-01,27,3505,27,2616,0,889,0,0,0,2545,27,480,0,3025,California
Mono,2021-02-02,5,3510,0,2616,5,894,0,0,2,2544,3,483,2,3027,California
Mono,2021-02-03,4,3514,2,2618,2,896,0,0,2,2544,2,485,2,3029,California
Mono,2021-02-04,211,3725,158,2776,53,949,0,0,90,2513,121,606,90,3119,California
Mono,2021-02-05,615,4340,609,3385,6,955,0,0,612,3122,3,609,612,3731,California
Mono,2021-02-06,139,4479,138,3523,1,956,0,0,137,3257,2,611,137,3868,California
Mono,2021-02-07,2,4481,0,3523,2,958,0,0,2,3259,0,611,2,3870,California
Mono,2021-02-08,171,4652,171,3694,0,958,0,0,15,3119,155,766,15,3885,California
Mono,2021-02-09,226,4878,6,3700,220,1178,0,0,14,2921,212,978,14,3899,California
Mono,2021-02-10,537,5415,187,3887,350,1528,0,0,195,2775,342,1320,196,4095,California
Mono,2021-02-11,7,5422,4,3891,3,1531,0,0,2,2772,5,1325,2,4097,California
Mono,2021-02-12,84,5506,20,3911,64,1595,0,0,26,2740,58,1383,26,4123,California
Mono,2021-02-13,586,6092,586,4497,0,1595,0,0,25,2205,560,1943,25,4148,California
Mono,2021-02-15,167,6259,165,4662,2,1597,0,0,3,2046,162,2105,3,4151,California
Mono,2021-02-16,515,6774,512,5174,3,1600,0,0,45,1624,467,2572,45,4196,California
Mono,2021-02-17,6,6780,1,5175,5,1605,0,0,1,1620,5,2577,1,4197,California
Mono,2021-02-18,3,6783,2,5177,1,1606,0,0,2,1621,1,2578,2,4199,California
Mono,2021-02-19,54,6837,53,5230,1,1607,0,0,54,1675,0,2578,54,4253,California
Mono,2021-02-20,4,6841,4,5234,0,1607,0,0,4,1679,0,2578,4,4257,California
Mono,2021-02-21,3,6844,3,5237,0,1607,0,0,3,1682,0,2578,3,4260,California
Mono,2021-02-22,285,7129,284,5521,1,1608,0,0,24,1446,260,2838,24,4284,California
Mono,2021-02-23,135,7264,115,5636,20,1628,0,0,22,1355,113,2951,22,4306,California
Mono,2021-02-24,8,7272,3,5639,5,1633,0,0,2,1351,6,2957,2,4308,California
Mono,2021-02-25,5,7277,2,5641,3,1636,0,0,3,1353,1,2958,3,4311,California
Mono,2021-02-26,596,7873,595,6236,1,1637,0,0,20,798,575,3533,20,4331,California
Mono,2021-02-27,141,8014,137,6373,4,1641,0,0,4,668,134,3667,4,4335,California
Mono,2021-03-01,2,8016,2,6375,0,1641,0,0,1,669,0,3667,1,4336,California
Mono,2021-03-02,5,8021,3,6378,2,1643,0,0,3,670,2,3669,3,4339,California
Mono,2021-03-03,82,8103,2,6380,80,1723,0,0,79,747,2,3671,79,4418,California
Mono,2021-03-04,5,8108,1,6381,4,1727,0,0,3,748,2,3673,3,4421,California
Mono,2021-03-05,37,8145,27,6408,10,1737,0,0,14,739,23,3696,14,4435,California
Mono,2021-03-06,510,8655,17,6425,493,2230,0,0,502,1236,6,3702,503,4938,California
Mono,2021-03-07,1,8656,0,6425,1,2231,0,0,0,1235,1,3703,0,4938,California
Mono,2021-03-08,538,9194,11,6436,524,2755,3,3,529,1758,9,3712,532,5470,California
Mono,2021-03-09,6,9200,2,6438,3,2758,1,4,3,1760,2,3714,4,5474,California
Mono,2021-03-10,286,9486,90,6528,193,2951,3,7,9,1497,275,3989,12,5486,California
Mono,2021-03-11,10,9496,0,6528,1,2952,9,16,0,1496,10,3999,9,5495,California
Mono,2021-03-12,7,9503,1,6529,1,2953,5,21,0,1494,7,4006,5,5500,California
Mono,2021-03-13,824,10327,387,6916,437,3390,0,21,816,2302,8,4014,816,6316,California
Mono,2021-03-14,4,10331,4,6920,0,3390,0,21,1,2300,3,4017,1,6317,California
Mono,2021-03-15,29,10360,23,6943,1,3391,5,26,12,2301,16,4033,17,6334,California
Mono,2021-03-16,16,10376,6,6949,4,3395,6,32,8,2307,8,4041,14,6348,California
Mono,2021-03-17,33,10409,4,6953,21,3416,8,40,21,2324,12,4053,29,6377,California
Mono,2021-03-18,21,10430,2,6955,11,3427,8,48,9,2329,12,4065,17,6394,California
Mono,2021-03-19,21,10451,1,6956,17,3444,3,51,17,2346,3,4068,20,6414,California
Mono,2021-03-20,5,10456,3,6959,1,3445,1,52,4,2350,1,4069,5,6419,California
Mono,2021-03-21,1,10457,1,6960,0,3445,0,52,1,2351,0,4069,1,6420,California
Mono,2021-03-22,11,10468,0,6960,6,3451,5,57,5,2355,6,4075,10,6430,California
Mono,2021-03-23,41,10509,5,6965,31,3482,5,62,18,2355,23,4098,23,6453,California
Mono,2021-03-24,11,10520,1,6966,5,3487,5,67,5,2359,6,4104,10,6463,California
Mono,2021-03-25,19,10539,3,6969,12,3499,4,71,12,2368,7,4111,16,6479,California
Mono,2021-03-26,19,10558,3,6972,11,3510,5,76,10,2375,8,4119,15,6494,California
Mono,2021-03-27,350,10908,347,7319,3,3513,0,76,324,2673,26,4145,324,6818,California
Mono,2021-03-28,1,10909,1,7320,0,3513,0,76,1,2674,0,4145,1,6819,California
Mono,2021-03-29,10,10919,3,7323,6,3519,1,77,8,2681,2,4147,9,6828,California
Mono,2021-03-30,14,10933,0,7323,10,3529,4,81,9,2689,5,4152,13,6841,California
Mono,2021-03-31,125,11058,7,7330,117,3646,1,82,46,2658,78,4230,47,6888,California
Mono,2021-04-01,8,11066,0,7330,7,3653,1,83,3,2657,5,4235,4,6892,California
Mono,2021-04-02,17,11083,2,7332,15,3668,0,83,6,2652,11,4246,6,6898,California
Mono,2021-04-03,849,11932,366,7698,483,4151,0,83,35,1875,812,5058,35,6933,California
Mono,2021-04-05,529,12461,17,7715,511,4662,1,84,31,1410,497,5555,32,6965,California
Mono,2021-04-06,20,12481,2,7717,5,4667,13,97,2,1407,18,5573,15,6980,California
Mono,2021-04-07,24,12505,2,7719,3,4670,19,116,4,1410,20,5593,23,7003,California
Mono,2021-04-08,21,12526,2,7721,2,4672,17,133,3,1412,18,5611,20,7023,California
Mono,2021-04-09,37,12563,4,7725,4,4676,29,162,7,1418,30,5641,36,7059,California
Mono,2021-04-10,446,13009,2,7727,437,5113,7,169,28,1035,418,6059,35,7094,California
Mono,2021-04-11,1,13010,1,7728,0,5113,0,169,0,1034,1,6060,0,7094,California
Mono,2021-04-12,6,13016,0,7728,3,5116,3,172,3,1037,3,6063,6,7100,California
Mono,2021-04-13,18,13034,2,7730,15,5131,1,173,12,1044,6,6069,13,7113,California
Mono,2021-04-14,26,13060,1,7731,25,5156,0,173,7,1032,19,6088,7,7120,California
Mono,2021-04-15,18,13078,3,7734,15,5171,0,173,9,1032,9,6097,9,7129,California
Mono,2021-04-16,14,13092,1,7735,13,5184,0,173,5,1028,9,6106,5,7134,California
Mono,2021-04-17,51,13143,2,7737,49,5233,0,173,44,1065,7,6113,44,7178,California
Mono,2021-04-18,2,13145,1,7738,1,5234,0,173,2,1067,0,6113,2,7180,California
Mono,2021-04-19,526,13671,319,8057,207,5441,0,173,200,943,324,6437,200,7380,California
Mono,2021-04-20,17,13688,2,8059,15,5456,0,173,12,950,5,6442,12,7392,California
Mono,2021-04-21,9,13697,1,8060,8,5464,0,173,4,949,5,6447,4,7396,California
Mono,2021-04-22,27,13724,13,8073,14,5478,0,173,13,948,14,6461,13,7409,California
Mono,2021-04-23,21,13745,2,8075,19,5497,0,173,11,949,10,6471,11,7420,California
Mono,2021-04-24,34,13779,20,8095,14,5511,0,173,19,953,15,6486,19,7439,California
Mono,2021-04-25,3,13782,2,8097,1,5512,0,173,3,956,0,6486,3,7442,California
Mono,2021-04-26,8,13790,1,8098,7,5519,0,173,2,952,6,6492,2,7444,California
Mono,2021-04-27,63,13853,40,8138,18,5537,5,178,49,992,14,6506,54,7498,California
Mono,2021-04-28,56,13909,38,8176,16,5553,2,180,44,1028,10,6516,46,7544,California
Mono,2021-04-29,12,13921,3,8179,6,5559,3,183,4,1027,8,6524,7,7551,California
Mono,2021-04-30,13,13934,3,8182,8,5567,2,185,7,1030,6,6530,9,7560,California
Mono,2021-05-01,108,14042,3,8185,105,5672,0,185,97,1116,11,6541,97,7657,California
Mono,2021-05-03,2,14044,1,8186,1,5673,0,185,2,1118,0,6541,2,7659,California
Mono,2021-05-04,1,14045,0,8186,1,5674,0,185,1,1119,0,6541,1,7660,California
Monterey,2020-12-16,4,4,4,4,0,0,0,0,4,4,0,0,4,4,California
Monterey,2020-12-17,83,87,83,87,0,0,0,0,83,87,0,0,83,87,California
Monterey,2020-12-18,482,569,482,569,0,0,0,0,482,569,0,0,482,569,California
Monterey,2020-12-19,579,1148,579,1148,0,0,0,0,579,1148,0,0,579,1148,California
Monterey,2020-12-20,422,1570,422,1570,0,0,0,0,422,1570,0,0,422,1570,California
Monterey,2020-12-21,719,2289,719,2289,0,0,0,0,719,2289,0,0,719,2289,California
Monterey,2020-12-22,533,2822,520,2809,13,13,0,0,533,2822,0,0,533,2822,California
Monterey,2020-12-23,436,3258,261,3070,175,188,0,0,436,3258,0,0,436,3258,California
Monterey,2020-12-24,84,3342,10,3080,74,262,0,0,84,3342,0,0,84,3342,California
Monterey,2020-12-25,6,3348,0,3080,6,268,0,0,6,3348,0,0,6,3348,California
Monterey,2020-12-26,92,3440,5,3085,87,355,0,0,92,3440,0,0,92,3440,California
Monterey,2020-12-27,7,3447,4,3089,3,358,0,0,7,3447,0,0,7,3447,California
Monterey,2020-12-28,475,3922,25,3114,450,808,0,0,475,3922,0,0,475,3922,California
Monterey,2020-12-29,898,4820,167,3281,731,1539,0,0,898,4820,0,0,898,4820,California
Monterey,2020-12-30,568,5388,98,3379,470,2009,0,0,568,5388,0,0,568,5388,California
Monterey,2020-12-31,33,5421,11,3390,22,2031,0,0,33,5421,0,0,33,5421,California
Monterey,2021-01-01,12,5433,2,3392,10,2041,0,0,12,5433,0,0,12,5433,California
Monterey,2021-01-02,137,5570,134,3526,3,2044,0,0,137,5570,0,0,137,5570,California
Monterey,2021-01-03,30,5600,29,3555,1,2045,0,0,30,5600,0,0,30,5600,California
Monterey,2021-01-04,411,6011,18,3573,393,2438,0,0,411,6011,0,0,411,6011,California
Monterey,2021-01-05,752,6763,327,3900,425,2863,0,0,738,6735,14,14,738,6749,California
Monterey,2021-01-06,655,7418,172,4072,483,3346,0,0,633,7346,22,36,633,7382,California
Monterey,2021-01-07,745,8163,571,4643,174,3520,0,0,422,7447,321,357,422,7804,California
Monterey,2021-01-08,1087,9250,734,5377,353,3873,0,0,394,7148,693,1050,394,8198,California
Monterey,2021-01-09,964,10214,936,6313,28,3901,0,0,313,6810,651,1701,313,8511,California
Monterey,2021-01-10,273,10487,270,6583,3,3904,0,0,8,6553,265,1966,8,8519,California
Monterey,2021-01-11,1066,11553,985,7568,81,3985,0,0,363,6213,703,2669,363,8882,California
Monterey,2021-01-12,464,12017,387,7955,77,4062,0,0,203,6155,261,2930,203,9085,California
Monterey,2021-01-13,1217,13234,592,8547,625,4687,0,0,1172,7282,45,2975,1172,10257,California
Monterey,2021-01-14,1114,14348,160,8707,954,5641,0,0,1096,8363,18,2993,1099,11356,California
Monterey,2021-01-15,1046,15394,44,8751,1002,6643,0,0,1033,9383,13,3006,1033,12389,California
Monterey,2021-01-16,362,15756,299,9050,63,6706,0,0,357,9735,5,3011,357,12746,California
Monterey,2021-01-17,309,16065,288,9338,21,6727,0,0,296,10018,13,3024,296,13042,California
Monterey,2021-01-18,402,16467,50,9388,352,7079,0,0,381,10378,21,3045,381,13423,California
Monterey,2021-01-19,577,17044,396,9784,181,7260,0,0,418,10639,157,3202,418,13841,California
Monterey,2021-01-20,532,17576,270,10054,262,7522,0,0,326,10759,206,3408,326,14167,California
Monterey,2021-01-21,840,18416,93,10147,747,8269,0,0,730,11383,110,3518,734,14901,California
Monterey,2021-01-22,1050,19466,193,10340,857,9126,0,0,1011,12355,39,3557,1011,15912,California
Monterey,2021-01-23,240,19706,174,10514,66,9192,0,0,117,12351,122,3679,118,16030,California
Monterey,2021-01-24,56,19762,38,10552,18,9210,0,0,22,12339,34,3713,22,16052,California
Monterey,2021-01-25,782,20544,173,10725,609,9819,0,0,157,11878,618,4331,157,16209,California
Monterey,2021-01-26,927,21471,223,10948,704,10523,0,0,235,11421,692,5023,235,16444,California
Monterey,2021-01-27,857,22328,308,11256,549,11072,0,0,378,11320,479,5502,378,16822,California
Monterey,2021-01-28,2021,24349,737,11993,1284,12356,0,0,1681,12663,340,5842,1683,18505,California
Monterey,2021-01-29,1228,25577,706,12699,522,12878,0,0,1111,13659,116,5958,1112,19617,California
Monterey,2021-01-30,440,26017,293,12992,147,13025,0,0,183,13585,257,6215,183,19800,California
Monterey,2021-01-31,493,26510,71,13063,422,13447,0,0,483,14059,10,6225,484,20284,California
Monterey,2021-02-01,1660,28170,1147,14210,513,13960,0,0,1097,14594,562,6787,1097,21381,California
Monterey,2021-02-02,2153,30323,455,14665,1698,15658,0,0,1546,15534,606,7393,1546,22927,California
Monterey,2021-02-03,2327,32650,1045,15710,1282,16940,0,0,1552,16315,771,8164,1552,24479,California
Monterey,2021-02-04,2763,35413,2079,17789,684,17624,0,0,2457,18468,304,8468,2457,26936,California
Monterey,2021-02-05,3641,39054,2820,20609,821,18445,0,0,3207,21246,429,8897,3207,30143,California
Monterey,2021-02-06,1095,40149,378,20987,717,19162,0,0,754,21661,339,9236,754,30897,California
Monterey,2021-02-07,315,40464,270,21257,45,19207,0,0,96,21538,219,9455,96,30993,California
Monterey,2021-02-08,516,40980,290,21547,226,19433,0,0,426,21874,90,9545,426,31419,California
Monterey,2021-02-09,861,41841,673,22220,188,19621,0,0,551,22117,310,9855,553,31972,California
Monterey,2021-02-10,2085,43926,1114,23334,971,20592,0,0,1234,22501,851,10706,1235,33207,California
Monterey,2021-02-11,2499,46425,971,24305,1528,22120,0,0,1544,23094,953,11659,1546,34753,California
Monterey,2021-02-12,2585,49010,426,24731,2159,24279,0,0,1517,23544,1067,12726,1517,36270,California
Monterey,2021-02-13,1068,50078,50,24781,1018,25297,0,0,977,24430,91,12817,977,37247,California
Monterey,2021-02-14,591,50669,73,24854,518,25815,0,0,518,24875,73,12890,518,37765,California
Monterey,2021-02-15,1368,52037,160,25014,1208,27023,0,0,982,25474,384,13274,983,38748,California
Monterey,2021-02-16,1089,53126,244,25258,845,27868,0,0,866,26117,223,13497,866,39614,California
Monterey,2021-02-17,1935,55061,1162,26420,773,28641,0,0,1637,27460,296,13793,1639,41253,California
Monterey,2021-02-18,2223,57284,1175,27595,1048,29689,0,0,906,27062,1306,15099,908,42161,California
Monterey,2021-02-19,2936,60220,1532,29127,1404,31093,0,0,1345,26818,1590,16689,1346,43507,California
Monterey,2021-02-20,1004,61224,604,29731,400,31493,0,0,950,27715,53,16742,950,44457,California
Monterey,2021-02-21,1239,62463,1211,30942,28,31521,0,0,1170,28818,67,16809,1170,45627,California
Monterey,2021-02-22,976,63439,843,31785,133,31654,0,0,643,29130,331,17140,643,46270,California
Monterey,2021-02-23,950,64389,618,32403,332,31986,0,0,300,28782,649,17789,301,46571,California
Monterey,2021-02-24,2461,66850,1313,33716,1148,33134,0,0,1849,30025,607,18396,1850,48421,California
Monterey,2021-02-25,4403,71253,2413,36129,1990,35124,0,0,1472,28574,2924,21320,1473,49894,California
Monterey,2021-02-26,5246,76499,3081,39210,2165,37289,0,0,2624,28580,2619,23939,2625,52519,California
Monterey,2021-02-27,996,77495,182,39392,814,38103,0,0,805,29199,186,24125,805,53324,California
Monterey,2021-02-28,1527,79022,81,39473,1446,39549,0,0,1065,29807,457,24582,1065,54389,California
Monterey,2021-03-01,1280,80302,138,39611,1139,40688,3,3,743,30021,533,25115,747,55136,California
Monterey,2021-03-02,2727,83029,1718,41329,1009,41697,0,3,1877,31052,846,25961,1877,57013,California
Monterey,2021-03-03,3200,86229,1241,42570,1959,43656,0,3,1260,30375,1938,27899,1261,58274,California
Monterey,2021-03-04,4549,90778,1468,44038,3081,46737,0,3,2949,31728,1596,29495,2949,61223,California
Monterey,2021-03-05,3586,94364,1620,45658,1689,48426,277,280,2955,34330,630,30125,3232,64455,California
Monterey,2021-03-06,5030,99394,1067,46725,3660,52086,303,583,4126,37856,901,31026,4427,68882,California
Monterey,2021-03-07,520,99914,108,46833,167,52253,245,828,233,38045,287,31313,476,69358,California
Monterey,2021-03-08,1657,101571,326,47159,942,53195,389,1217,1119,39013,538,31851,1506,70864,California
Monterey,2021-03-09,1906,103477,678,47837,952,54147,276,1493,1418,40218,487,32338,1692,72556,California
Monterey,2021-03-10,3116,106593,1019,48856,1609,55756,488,1981,1415,40425,1695,34033,1902,74458,California
Monterey,2021-03-11,4101,110694,1402,50258,2326,58082,373,2354,2341,41386,1753,35786,2714,77172,California
Monterey,2021-03-12,4306,115000,2046,52304,2130,60212,130,2484,2630,42472,1673,37459,2759,79931,California
Monterey,2021-03-13,5238,120238,960,53264,3931,64143,347,2831,3931,45444,1307,38766,4279,84210,California
Monterey,2021-03-14,2147,122385,1325,54589,797,64940,25,2856,577,44487,1559,40325,602,84812,California
Monterey,2021-03-15,3939,126324,1265,55854,2385,67325,289,3145,2254,45348,1681,42006,2542,87354,California
Monterey,2021-03-16,3490,129814,571,56425,2545,69870,374,3519,2081,46391,1408,43414,2451,89805,California
Monterey,2021-03-17,5701,135515,2332,58757,3117,72987,252,3771,4107,49168,1587,45001,4364,94169,California
Monterey,2021-03-18,4350,139865,2153,60910,2030,75017,167,3938,2995,51020,1348,46349,3200,97369,California
Monterey,2021-03-19,5389,145254,2557,63467,2687,77704,145,4083,4114,54010,1270,47619,4260,101629,California
Monterey,2021-03-20,3307,148561,420,63887,2192,79896,695,4778,2230,55860,1074,48693,2924,104553,California
Monterey,2021-03-21,623,149184,200,64087,415,80311,8,4786,556,56358,65,48758,563,105116,California
Monterey,2021-03-22,2455,151639,1430,65517,963,81274,62,4848,2247,58461,204,48962,2307,107423,California
Monterey,2021-03-23,3969,155608,2348,67865,1579,82853,42,4890,2514,59567,1450,50412,2556,109979,California
Monterey,2021-03-24,4982,160590,2088,69953,2584,85437,310,5200,3627,62151,1351,51763,3935,113914,California
Monterey,2021-03-25,5213,165803,1210,71163,3646,89083,357,5557,2591,62486,2614,54377,2949,116863,California
Monterey,2021-03-26,5292,171095,2603,73766,2623,91706,66,5623,2655,62581,2628,57005,2723,119586,California
Monterey,2021-03-27,4760,175855,1420,75186,3084,94790,256,5879,3049,64178,1708,58713,3305,122891,California
Monterey,2021-03-28,1106,176961,333,75519,764,95554,9,5888,623,64332,478,59191,632,123523,California
Monterey,2021-03-29,3166,180127,1402,76921,1750,97304,14,5902,1950,65090,1209,60400,1967,125490,California
Monterey,2021-03-30,4437,184564,2133,79054,2262,99566,42,5944,2752,66213,1675,62075,2798,128288,California
Monterey,2021-03-31,5283,189847,2377,81431,2116,101682,790,6734,3338,68389,1942,64017,4118,132406,California
Monterey,2021-04-01,6013,195860,2060,83491,3546,105228,407,7141,3007,68808,2992,67009,3411,135817,California
Monterey,2021-04-02,4659,200519,2239,85730,2359,107587,61,7202,3164,70542,1494,68503,3228,139045,California
Monterey,2021-04-03,5748,206267,1094,86824,3633,111220,1021,8223,1175,68176,4557,73060,2191,141236,California
Monterey,2021-04-04,754,207021,155,86979,585,111805,14,8237,486,68410,268,73328,502,141738,California
Monterey,2021-04-05,3969,210990,2464,89443,1278,113083,227,8464,1462,67597,2502,75830,1689,143427,California
Monterey,2021-04-06,3327,214317,1314,90757,1541,114624,472,8936,1114,66971,2211,78041,1585,145012,California
Monterey,2021-04-07,5475,219792,1361,92118,3604,118228,510,9446,2634,67283,2830,80871,3142,148154,California
Monterey,2021-04-08,6464,226256,3454,95572,2210,120438,800,10246,3171,67968,3287,84158,3972,152126,California
Monterey,2021-04-09,5497,231753,3349,98921,1518,121956,630,10876,2218,67540,3275,87433,2847,154973,California
Monterey,2021-04-10,10012,241765,4887,103808,2977,124933,2148,13024,4893,69469,5111,92544,7040,162013,California
Monterey,2021-04-11,5421,247186,4253,108061,568,125501,600,13624,4379,73411,1036,93580,4978,166991,California
Monterey,2021-04-12,4048,251234,1834,109895,1904,127405,310,13934,895,71602,3014,96594,1205,168196,California
Monterey,2021-04-13,3123,254357,720,110615,2398,129803,5,13939,1493,71493,1608,98202,1499,169695,California
Monterey,2021-04-14,6558,260915,3110,113725,3446,133249,2,13941,1795,68540,4750,102952,1797,171492,California
Monterey,2021-04-15,5722,266637,3868,117593,1854,135103,0,13941,3810,70468,1882,104834,3810,175302,California
Monterey,2021-04-16,4661,271298,2389,119982,2258,137361,14,13955,2173,70178,2477,107311,2187,177489,California
Monterey,2021-04-17,5426,276724,1329,121311,4097,141458,0,13955,3616,71997,1797,109108,3616,181105,California
Monterey,2021-04-18,834,277558,253,121564,581,142039,0,13955,234,71635,596,109704,234,181339,California
Monterey,2021-04-19,3667,281225,1284,122848,2383,144422,0,13955,1752,71480,1907,111611,1752,183091,California
Monterey,2021-04-20,3757,284982,1574,124422,2183,146605,0,13955,1548,70841,2188,113799,1549,184640,California
Monterey,2021-04-21,5773,290755,3150,127572,2623,149228,0,13955,2834,70772,2905,116704,2836,187476,California
Monterey,2021-04-22,4694,295449,1009,128581,3685,152913,0,13955,1948,70010,2710,119414,1948,189424,California
Monterey,2021-04-23,5635,301084,2627,131208,3007,155920,1,13956,2214,68827,3401,122815,2218,191642,California
Monterey,2021-04-24,4074,305158,570,131778,3504,159424,0,13956,1523,67833,2517,125332,1523,193165,California
Monterey,2021-04-25,1230,306388,601,132379,629,160053,0,13956,786,68184,435,125767,786,193951,California
Monterey,2021-04-26,3377,309765,2119,134498,1242,161295,16,13972,852,66551,2501,128268,868,194819,California
Monterey,2021-04-27,2500,312265,865,135363,1518,162813,117,14089,1093,66359,1401,129669,1209,196028,California
Monterey,2021-04-28,3223,315488,1121,136484,1967,164780,135,14224,2107,67493,1105,130774,2239,198267,California
Monterey,2021-04-29,3975,319463,2244,138728,1666,166446,65,14289,1460,66512,2509,133283,1528,199795,California
Monterey,2021-04-30,2893,322356,1569,140297,1259,167705,65,14354,720,65129,2166,135449,783,200578,California
Monterey,2021-05-01,4565,326921,4031,144328,523,168228,11,14365,435,61458,4115,139564,444,201022,California
Monterey,2021-05-02,3807,330728,3775,148103,32,168260,0,14365,149,57957,3650,143214,149,201171,California
Monterey,2021-05-03,1693,332421,1278,149381,338,168598,77,14442,365,57079,1320,144534,442,201613,California
Monterey,2021-05-04,678,333099,199,149580,459,169057,20,14462,299,57026,372,144906,319,201932,California
Napa,2020-12-16,12,12,12,12,0,0,0,0,12,12,0,0,12,12,California
Napa,2020-12-17,44,56,44,56,0,0,0,0,44,56,0,0,44,56,California
Napa,2020-12-18,101,157,101,157,0,0,0,0,101,157,0,0,101,157,California
Napa,2020-12-19,221,378,221,378,0,0,0,0,221,378,0,0,221,378,California
Napa,2020-12-20,188,566,188,566,0,0,0,0,188,566,0,0,188,566,California
Napa,2020-12-21,309,875,309,875,0,0,0,0,310,876,0,0,310,876,California
Napa,2020-12-22,340,1215,331,1206,9,9,0,0,340,1216,0,0,340,1216,California
Napa,2020-12-23,427,1642,318,1524,109,118,0,0,427,1643,0,0,427,1643,California
Napa,2020-12-24,139,1781,78,1602,61,179,0,0,139,1782,0,0,139,1782,California
Napa,2020-12-25,1,1782,1,1603,0,179,0,0,1,1783,0,0,1,1783,California
Napa,2020-12-26,39,1821,11,1614,28,207,0,0,39,1822,0,0,39,1822,California
Napa,2020-12-27,32,1853,16,1630,16,223,0,0,32,1854,0,0,32,1854,California
Napa,2020-12-28,251,2104,185,1815,66,289,0,0,280,2134,0,0,280,2134,California
Napa,2020-12-29,273,2377,214,2029,59,348,0,0,307,2441,0,0,307,2441,California
Napa,2020-12-30,628,3005,485,2514,143,491,0,0,636,3077,0,0,636,3077,California
Napa,2020-12-31,461,3466,373,2887,88,579,0,0,461,3538,0,0,461,3538,California
Napa,2021-01-01,1,3467,1,2888,0,579,0,0,1,3539,0,0,1,3539,California
Napa,2021-01-02,98,3565,93,2981,5,584,0,0,98,3637,0,0,98,3637,California
Napa,2021-01-03,13,3578,11,2992,2,586,0,0,9,3646,0,0,9,3646,California
Napa,2021-01-04,106,3684,64,3056,42,628,0,0,106,3752,0,0,106,3752,California
Napa,2021-01-05,162,3846,85,3141,77,705,0,0,145,3873,24,24,145,3897,California
Napa,2021-01-06,460,4306,115,3256,345,1050,0,0,396,4207,62,86,396,4293,California
Napa,2021-01-07,497,4803,234,3490,263,1313,0,0,397,4505,99,185,397,4690,California
Napa,2021-01-08,442,5245,226,3716,216,1529,0,0,262,4588,179,364,262,4952,California
Napa,2021-01-09,325,5570,300,4016,25,1554,0,0,189,4641,136,500,189,5141,California
Napa,2021-01-10,184,5754,101,4117,83,1637,0,0,109,4675,75,575,109,5250,California
Napa,2021-01-11,883,6637,426,4543,457,2094,0,0,510,4813,374,949,512,5762,California
Napa,2021-01-12,1311,7948,370,4913,941,3035,0,0,996,5494,315,1264,996,6758,California
Napa,2021-01-13,1312,9260,264,5177,1048,4083,0,0,1150,6484,161,1425,1151,7909,California
Napa,2021-01-14,1053,10313,173,5350,880,4963,0,0,935,7303,116,1541,935,8844,California
Napa,2021-01-15,1456,11769,384,5734,1072,6035,0,0,1308,8456,156,1697,1309,10153,California
Napa,2021-01-16,357,12126,134,5868,223,6258,0,0,339,8777,18,1715,339,10492,California
Napa,2021-01-17,341,12467,176,6044,165,6423,0,0,331,9098,10,1725,331,10823,California
Napa,2021-01-18,1081,13548,197,6241,884,7307,0,0,990,9997,91,1816,990,11813,California
Napa,2021-01-19,1010,14558,405,6646,605,7912,0,0,768,10524,241,2057,768,12581,California
Napa,2021-01-20,824,15382,185,6831,639,8551,0,0,642,10986,180,2237,642,13223,California
Napa,2021-01-21,1335,16717,374,7205,961,9512,0,0,1080,11813,254,2491,1081,14304,California
Napa,2021-01-22,1540,18257,412,7617,1128,10640,0,0,1213,12701,326,2817,1214,15518,California
Napa,2021-01-23,398,18655,318,7935,80,10720,0,0,336,12975,62,2879,336,15854,California
Napa,2021-01-24,266,18921,189,8124,77,10797,0,0,208,13125,58,2937,208,16062,California
Napa,2021-01-25,1522,20443,231,8355,1291,12088,0,0,1432,14467,90,3027,1432,17494,California
Napa,2021-01-26,881,21324,285,8640,596,12684,0,0,787,15161,94,3121,788,18282,California
Napa,2021-01-27,627,21951,221,8861,406,13090,0,0,471,15477,156,3277,472,18754,California
Napa,2021-01-28,390,22341,177,9038,213,13303,0,0,198,15485,190,3467,198,18952,California
Napa,2021-01-29,254,22595,65,9103,189,13492,0,0,159,15549,95,3562,159,19111,California
Napa,2021-01-30,804,23399,695,9798,109,13601,0,0,640,16025,164,3726,640,19751,California
Napa,2021-01-31,655,24054,625,10423,30,13631,0,0,629,16628,26,3752,629,20380,California
Napa,2021-02-01,315,24369,110,10533,205,13836,0,0,163,16639,152,3904,163,20543,California
Napa,2021-02-02,608,24977,281,10814,327,14163,0,0,298,16630,307,4211,298,20841,California
Napa,2021-02-03,745,25722,310,11124,435,14598,0,0,431,16748,313,4524,431,21272,California
Napa,2021-02-04,789,26511,373,11497,416,15014,0,0,441,16843,346,4870,441,21713,California
Napa,2021-02-05,713,27224,313,11810,400,15414,0,0,345,16820,368,5238,345,22058,California
Napa,2021-02-06,435,27659,146,11956,289,15703,0,0,330,17045,105,5343,330,22388,California
Napa,2021-02-07,176,27835,163,12119,13,15716,0,0,71,17011,105,5448,71,22459,California
Napa,2021-02-08,838,28673,191,12310,647,16363,0,0,274,16724,561,6009,274,22733,California
Napa,2021-02-09,1078,29751,443,12753,635,16998,0,0,438,16522,640,6649,438,23171,California
Napa,2021-02-10,1720,31471,193,12946,1527,18525,0,0,453,15712,1264,7913,454,23625,California
Napa,2021-02-11,1492,32963,194,13140,1298,19823,0,0,406,15044,1074,8987,406,24031,California
Napa,2021-02-12,2162,35125,839,13979,1323,21146,0,0,722,14329,1437,10424,722,24753,California
Napa,2021-02-13,497,35622,52,14031,445,21591,0,0,313,14458,184,10608,313,25066,California
Napa,2021-02-14,355,35977,89,14120,266,21857,0,0,194,14491,161,10769,194,25260,California
Napa,2021-02-15,873,36850,182,14302,691,22548,0,0,220,14060,651,11420,220,25480,California
Napa,2021-02-16,1288,38138,597,14899,691,23239,0,0,612,13997,675,12095,612,26092,California
Napa,2021-02-17,1051,39189,534,15433,517,23756,0,0,481,13910,568,12663,481,26573,California
Napa,2021-02-18,1897,41086,485,15918,1412,25168,0,0,658,13332,1236,13899,658,27231,California
Napa,2021-02-19,1482,42568,587,16505,895,26063,0,0,676,13203,805,14704,676,27907,California
Napa,2021-02-20,822,43390,596,17101,226,26289,0,0,274,12929,548,15252,274,28181,California
Napa,2021-02-21,798,44188,735,17836,63,26352,0,0,196,12523,602,15854,196,28377,California
Napa,2021-02-22,443,44631,187,18023,256,26608,0,0,138,12356,305,16159,138,28515,California
Napa,2021-02-23,1126,45757,301,18324,825,27433,0,0,308,11846,818,16977,308,28823,California
Napa,2021-02-24,1164,46921,643,18967,521,27954,0,0,575,11835,587,17564,576,29399,California
Napa,2021-02-25,2553,49474,1221,20188,1332,29286,0,0,1841,12965,711,18275,1841,31240,California
Napa,2021-02-26,1500,50974,524,20712,976,30262,0,0,587,12641,911,19186,587,31827,California
Napa,2021-02-27,1118,52092,380,21092,738,31000,0,0,865,13255,251,19437,865,32692,California
Napa,2021-02-28,560,52652,459,21551,101,31101,0,0,461,13619,97,19534,461,33153,California
Napa,2021-03-01,1101,53753,815,22366,286,31387,0,0,832,14183,268,19802,832,33985,California
Napa,2021-03-02,1483,55236,1024,23390,459,31846,0,0,1142,14985,340,20142,1142,35127,California
Napa,2021-03-03,1553,56789,690,24080,863,32709,0,0,1368,16169,184,20326,1368,36495,California
Napa,2021-03-04,1710,58499,785,24865,925,33634,0,0,1472,17406,235,20561,1472,37967,California
Napa,2021-03-05,1892,60391,785,25650,1103,34737,4,4,1475,18470,415,20976,1479,39446,California
Napa,2021-03-06,648,61039,281,25931,336,35073,31,35,535,18925,111,21087,566,40012,California
Napa,2021-03-07,521,61560,319,26250,187,35260,15,50,371,19161,150,21237,386,40398,California
Napa,2021-03-08,706,62266,330,26580,323,35583,53,103,529,19568,175,21412,582,40980,California
Napa,2021-03-09,1633,63899,570,27150,1017,36600,46,149,1201,20386,429,21841,1247,42227,California
Napa,2021-03-10,1477,65376,917,28067,467,37067,93,242,775,20555,698,22539,867,43094,California
Napa,2021-03-11,1850,67226,1055,29122,666,37733,129,371,960,20753,890,23429,1088,44182,California
Napa,2021-03-12,1506,68732,915,30037,495,38228,96,467,803,20950,701,24130,898,45080,California
Napa,2021-03-13,1164,69896,299,30336,841,39069,24,491,827,21466,335,24465,851,45931,California
Napa,2021-03-14,611,70507,329,30665,134,39203,148,639,227,21457,383,24848,374,46305,California
Napa,2021-03-15,949,71456,408,31073,472,39675,69,708,480,21539,467,25315,549,46854,California
Napa,2021-03-16,1837,73293,387,31460,1324,40999,126,834,1377,22587,456,25771,1504,48358,California
Napa,2021-03-17,2496,75789,1848,33308,469,41468,179,1013,1587,23444,909,26680,1766,50124,California
Napa,2021-03-18,2103,77892,916,34224,1177,42645,10,1023,1282,23917,819,27499,1292,51416,California
Napa,2021-03-19,1444,79336,872,35096,544,43189,28,1051,716,23936,725,28224,744,52160,California
Napa,2021-03-20,1005,80341,529,35625,323,43512,153,1204,431,23947,573,28797,584,52744,California
Napa,2021-03-21,701,81042,680,36305,19,43531,2,1206,350,23949,350,29147,352,53096,California
Napa,2021-03-22,1088,82130,913,37218,164,43695,11,1217,476,23828,608,29755,487,53583,California
Napa,2021-03-23,1514,83644,822,38040,675,44370,17,1234,1001,24336,510,30265,1018,54601,California
Napa,2021-03-24,1704,85348,944,38984,752,45122,8,1242,819,24279,884,31149,827,55428,California
Napa,2021-03-25,1630,86978,1049,40033,527,45649,54,1296,745,24195,883,32032,799,56227,California
Napa,2021-03-26,1294,88272,831,40864,457,46106,6,1302,589,24089,701,32733,595,56822,California
Napa,2021-03-27,945,89217,431,41295,487,46593,27,1329,313,23797,632,33365,340,57162,California
Napa,2021-03-28,484,89701,374,41669,103,46696,7,1336,184,23689,299,33664,191,57353,California
Napa,2021-03-29,1194,90895,871,42540,318,47014,5,1341,734,23969,459,34123,739,58092,California
Napa,2021-03-30,2531,93426,929,43469,1598,48612,4,1345,1746,24934,785,34908,1750,59842,California
Napa,2021-03-31,1963,95389,958,44427,936,49548,69,1414,804,24649,1156,36064,871,60713,California
Napa,2021-04-01,1726,97115,829,45256,782,50330,115,1529,470,23983,1251,37315,585,61298,California
Napa,2021-04-02,1831,98946,821,46077,868,51198,142,1671,456,23209,1372,38687,598,61896,California
Napa,2021-04-03,622,99568,360,46437,203,51401,59,1730,208,23061,414,39101,266,62162,California
Napa,2021-04-04,353,99921,144,46581,151,51552,58,1788,124,23015,228,39329,182,62344,California
Napa,2021-04-05,1264,101185,755,47336,291,51843,218,2006,574,23118,689,40018,792,63136,California
Napa,2021-04-06,2214,103399,558,47894,1401,53244,255,2261,524,22210,1687,41705,779,63915,California
Napa,2021-04-07,1719,105118,699,48593,799,54043,221,2482,522,21760,1192,42897,742,64657,California
Napa,2021-04-08,1848,106966,1059,49652,419,54462,370,2852,976,22236,868,43765,1344,66001,California
Napa,2021-04-09,1532,108498,920,50572,310,54772,302,3154,678,22363,852,44617,979,66980,California
Napa,2021-04-10,1028,109526,345,50917,583,55355,100,3254,238,21911,789,45406,337,67317,California
Napa,2021-04-11,386,109912,301,51218,62,55417,23,3277,157,21862,229,45635,180,67497,California
Napa,2021-04-12,784,110696,303,51521,358,55775,123,3400,293,21786,490,46125,414,67911,California
Napa,2021-04-13,2519,113215,840,52361,1679,57454,0,3400,917,21105,1598,47723,917,68828,California
Napa,2021-04-14,2058,115273,975,53336,1083,58537,0,3400,1006,21066,1045,48768,1006,69834,California
Napa,2021-04-15,1616,116889,524,53860,1092,59629,0,3400,864,21183,747,49515,864,70698,California
Napa,2021-04-16,2897,119786,1569,55429,1328,60957,0,3400,2185,22658,710,50225,2185,72883,California
Napa,2021-04-17,1124,120910,266,55695,858,61815,0,3400,828,23190,296,50521,828,73711,California
Napa,2021-04-18,263,121173,171,55866,92,61907,0,3400,118,23164,144,50665,118,73829,California
Napa,2021-04-19,608,121781,339,56205,269,62176,0,3400,266,23089,341,51006,266,74095,California
Napa,2021-04-20,2911,124692,1951,58156,960,63136,0,3400,1975,24130,935,51941,1976,76071,California
Napa,2021-04-21,2823,127515,2067,60223,756,63892,0,3400,1774,24861,1044,52985,1775,77846,California
Napa,2021-04-22,1611,129126,1114,61337,497,64389,0,3400,821,24896,786,53771,821,78667,California
Napa,2021-04-23,1542,130668,1165,62502,375,64764,2,3402,1074,25506,464,54235,1074,79741,California
Napa,2021-04-24,539,131207,313,62815,226,64990,0,3402,284,25536,254,54489,284,80025,California
Napa,2021-04-25,248,131455,191,63006,57,65047,0,3402,129,25547,118,54607,129,80154,California
Napa,2021-04-26,488,131943,256,63262,232,65279,0,3402,251,25564,234,54841,251,80405,California
Napa,2021-04-27,1482,133425,424,63686,1047,66326,11,3413,618,25332,861,55702,629,81034,California
Napa,2021-04-28,869,134294,382,64068,470,66796,17,3430,289,25059,579,56281,306,81340,California
Napa,2021-04-29,565,134859,294,64362,255,67051,16,3446,173,24860,387,56668,188,81528,California
Napa,2021-04-30,565,135424,285,64647,218,67269,62,3508,243,24843,321,56989,304,81832,California
Napa,2021-05-01,246,135670,208,64855,34,67303,4,3512,73,24747,173,57162,77,81909,California
Napa,2021-05-02,168,135838,147,65002,21,67324,0,3512,68,24716,99,57261,68,81977,California
Napa,2021-05-03,208,136046,107,65109,78,67402,23,3535,63,24659,144,57405,87,82064,California
Napa,2021-05-04,552,136598,214,65323,233,67635,105,3640,214,24642,336,57741,319,82383,California
Nevada,2020-12-16,3,3,3,3,0,0,0,0,3,3,0,0,3,3,California
Nevada,2020-12-17,6,9,6,9,0,0,0,0,6,9,0,0,6,9,California
Nevada,2020-12-18,52,61,52,61,0,0,0,0,52,61,0,0,52,61,California
Nevada,2020-12-19,55,116,55,116,0,0,0,0,55,116,0,0,55,116,California
Nevada,2020-12-20,12,128,12,128,0,0,0,0,12,128,0,0,12,128,California
Nevada,2020-12-21,69,197,69,197,0,0,0,0,69,197,0,0,69,197,California
Nevada,2020-12-22,91,288,89,286,2,2,0,0,91,288,0,0,91,288,California
Nevada,2020-12-23,233,521,202,488,31,33,0,0,233,521,0,0,233,521,California
Nevada,2020-12-24,13,534,11,499,2,35,0,0,13,534,0,0,13,534,California
Nevada,2020-12-25,3,537,3,502,0,35,0,0,3,537,0,0,3,537,California
Nevada,2020-12-26,6,543,4,506,2,37,0,0,6,543,0,0,6,543,California
Nevada,2020-12-27,88,631,88,594,0,37,0,0,88,631,0,0,88,631,California
Nevada,2020-12-28,170,801,93,687,77,114,0,0,170,801,0,0,170,801,California
Nevada,2020-12-29,100,901,74,761,26,140,0,0,100,901,0,0,100,901,California
Nevada,2020-12-30,86,987,66,827,20,160,0,0,86,987,0,0,86,987,California
Nevada,2020-12-31,39,1026,9,836,30,190,0,0,39,1026,0,0,39,1026,California
Nevada,2021-01-01,1,1027,0,836,1,191,0,0,1,1027,0,0,1,1027,California
Nevada,2021-01-02,1,1028,1,837,0,191,0,0,1,1028,0,0,1,1028,California
Nevada,2021-01-03,129,1157,126,963,3,194,0,0,129,1157,0,0,129,1157,California
Nevada,2021-01-04,71,1228,47,1010,24,218,0,0,71,1228,0,0,71,1228,California
Nevada,2021-01-05,273,1501,132,1142,141,359,0,0,272,1499,1,1,272,1500,California
Nevada,2021-01-06,91,1592,43,1185,48,407,0,0,83,1574,8,9,83,1583,California
Nevada,2021-01-07,215,1807,43,1228,172,579,0,0,208,1777,6,15,209,1792,California
Nevada,2021-01-08,222,2029,128,1356,94,673,0,0,170,1895,52,67,170,1962,California
Nevada,2021-01-09,64,2093,56,1412,8,681,0,0,16,1863,48,115,16,1978,California
Nevada,2021-01-10,17,2110,9,1421,8,689,0,0,9,1864,8,123,9,1987,California
Nevada,2021-01-11,185,2295,131,1552,54,743,0,0,57,1793,128,251,57,2044,California
Nevada,2021-01-12,597,2892,451,2003,146,889,0,0,531,2258,66,317,531,2575,California
Nevada,2021-01-13,257,3149,146,2149,111,1000,0,0,122,2245,135,452,122,2697,California
Nevada,2021-01-14,238,3387,127,2276,111,1111,0,0,220,2448,17,469,220,2917,California
Nevada,2021-01-15,394,3781,169,2445,225,1336,0,0,296,2646,98,567,296,3213,California
Nevada,2021-01-16,296,4077,15,2460,281,1617,0,0,292,2934,4,571,292,3505,California
Nevada,2021-01-17,35,4112,31,2491,4,1621,0,0,33,2965,2,573,33,3538,California
Nevada,2021-01-18,151,4263,41,2532,110,1731,0,0,141,3096,10,583,141,3679,California
Nevada,2021-01-19,244,4507,85,2617,159,1890,0,0,225,3302,19,602,225,3904,California
Nevada,2021-01-20,258,4765,153,2770,105,1995,0,0,245,3534,13,615,245,4149,California
Nevada,2021-01-21,338,5103,207,2977,131,2126,0,0,325,3846,13,628,325,4474,California
Nevada,2021-01-22,346,5449,209,3186,137,2263,0,0,316,4132,30,658,316,4790,California
Nevada,2021-01-23,177,5626,104,3290,73,2336,0,0,177,4309,0,658,177,4967,California
Nevada,2021-01-24,105,5731,98,3388,7,2343,0,0,66,4336,39,697,66,5033,California
Nevada,2021-01-25,267,5998,137,3525,130,2473,0,0,206,4481,61,758,206,5239,California
Nevada,2021-01-26,401,6399,141,3666,260,2733,0,0,297,4674,104,862,297,5536,California
Nevada,2021-01-27,417,6816,248,3914,169,2902,0,0,393,5043,24,886,393,5929,California
Nevada,2021-01-28,469,7285,318,4232,151,3053,0,0,425,5425,43,929,425,6354,California
Nevada,2021-01-29,602,7887,392,4624,210,3263,0,0,576,5977,25,954,577,6931,California
Nevada,2021-01-30,232,8119,105,4729,127,3390,0,0,229,6203,3,957,229,7160,California
Nevada,2021-01-31,102,8221,86,4815,16,3406,0,0,101,6304,1,958,102,7262,California
Nevada,2021-02-01,291,8512,71,4886,220,3626,0,0,277,6567,14,972,277,7539,California
Nevada,2021-02-02,511,9023,173,5059,338,3964,0,0,323,6702,188,1160,323,7862,California
Nevada,2021-02-03,810,9833,570,5629,240,4204,0,0,758,7409,51,1211,758,8620,California
Nevada,2021-02-04,738,10571,392,6021,346,4550,0,0,488,7648,249,1460,488,9108,California
Nevada,2021-02-05,644,11215,365,6386,279,4829,0,0,454,7914,188,1648,454,9562,California
Nevada,2021-02-06,268,11483,82,6468,186,5015,0,0,241,8128,27,1675,241,9803,California
Nevada,2021-02-07,245,11728,192,6660,53,5068,0,0,191,8265,54,1729,191,9994,California
Nevada,2021-02-08,650,12378,408,7068,242,5310,0,0,552,8719,98,1827,552,10546,California
Nevada,2021-02-09,601,12979,337,7405,264,5574,0,0,463,9044,138,1965,463,11009,California
Nevada,2021-02-10,647,13626,322,7727,325,5899,0,0,418,9234,229,2194,419,11428,California
Nevada,2021-02-11,871,14497,504,8231,367,6266,0,0,541,9446,329,2523,541,11969,California
Nevada,2021-02-12,932,15429,435,8666,497,6763,0,0,614,9744,316,2839,614,12583,California
Nevada,2021-02-13,599,16028,236,8902,363,7126,0,0,390,9930,205,3044,391,12974,California
Nevada,2021-02-14,229,16257,119,9021,110,7236,0,0,201,10103,28,3072,201,13175,California
Nevada,2021-02-15,709,16966,438,9459,271,7507,0,0,535,10464,174,3246,535,13710,California
Nevada,2021-02-16,620,17586,197,9656,423,7930,0,0,451,10747,168,3414,451,14161,California
Nevada,2021-02-17,1186,18772,764,10420,422,8352,0,0,858,11277,328,3742,858,15019,California
Nevada,2021-02-18,1006,19778,547,10967,459,8811,0,0,600,11473,404,4146,600,15619,California
Nevada,2021-02-19,1013,20791,630,11597,383,9194,0,0,652,11765,361,4507,653,16272,California
Nevada,2021-02-20,298,21089,106,11703,192,9386,0,0,173,11814,124,4631,173,16445,California
Nevada,2021-02-21,88,21177,83,11786,5,9391,0,0,8,11743,79,4710,8,16453,California
Nevada,2021-02-22,494,21671,327,12113,167,9558,0,0,346,11942,147,4857,346,16799,California
Nevada,2021-02-23,468,22139,219,12332,249,9807,0,0,206,11889,259,5116,206,17005,California
Nevada,2021-02-24,474,22613,235,12567,239,10046,0,0,249,11915,225,5341,251,17256,California
Nevada,2021-02-25,861,23474,465,13032,396,10442,0,0,431,11918,428,5769,431,17687,California
Nevada,2021-02-26,1234,24708,880,13912,354,10796,0,0,407,11501,824,6593,407,18094,California
Nevada,2021-02-27,352,25060,110,14022,242,11038,0,0,182,11513,170,6763,182,18276,California
Nevada,2021-02-28,266,25326,153,14175,113,11151,0,0,123,11494,142,6905,123,18399,California
Nevada,2021-03-01,819,26145,426,14601,393,11544,0,0,354,11385,463,7368,354,18753,California
Nevada,2021-03-02,706,26851,262,14863,444,11988,0,0,480,11643,222,7590,480,19233,California
Nevada,2021-03-03,965,27816,492,15355,472,12460,1,1,493,11666,471,8061,494,19727,California
Nevada,2021-03-04,1102,28918,614,15969,488,12948,0,1,465,11497,634,8695,465,20192,California
Nevada,2021-03-05,816,29734,457,16426,349,13297,10,11,361,11415,453,9148,371,20563,California
Nevada,2021-03-06,358,30092,121,16547,210,13507,27,38,145,11374,213,9361,172,20735,California
Nevada,2021-03-07,208,30300,109,16656,80,13587,19,57,67,11319,141,9502,86,20821,California
Nevada,2021-03-08,804,31104,538,17194,221,13808,45,102,358,11278,445,9947,404,21225,California
Nevada,2021-03-09,669,31773,318,17512,301,14109,50,152,366,11392,301,10248,415,21640,California
Nevada,2021-03-10,958,32731,604,18116,297,14406,57,209,321,11137,633,10881,378,22018,California
Nevada,2021-03-11,1103,33834,724,18840,354,14760,25,234,550,11167,545,11426,575,22593,California
Nevada,2021-03-12,1190,35024,722,19562,438,15198,30,264,504,11016,684,12110,533,23126,California
Nevada,2021-03-13,268,35292,52,19614,211,15409,5,269,97,10947,170,12280,101,23227,California
Nevada,2021-03-14,155,35447,21,19635,128,15537,6,275,33,10864,122,12402,39,23266,California
Nevada,2021-03-15,840,36287,456,20091,372,15909,12,287,357,10753,480,12882,369,23635,California
Nevada,2021-03-16,993,37280,465,20556,467,16376,61,348,646,11114,346,13228,707,24342,California
Nevada,2021-03-17,1014,38294,450,21006,554,16930,10,358,584,11281,427,13655,594,24936,California
Nevada,2021-03-18,969,39263,526,21532,420,17350,23,381,476,11291,489,14144,499,25435,California
Nevada,2021-03-19,751,40014,437,21969,282,17632,32,413,352,11279,396,14540,384,25819,California
Nevada,2021-03-20,822,40836,92,22061,306,17938,424,837,234,11352,582,15122,655,26474,California
Nevada,2021-03-21,58,40894,32,22093,25,17963,1,838,40,11376,17,15139,41,26515,California
Nevada,2021-03-22,795,41689,513,22606,277,18240,5,843,538,11664,255,15394,543,27058,California
Nevada,2021-03-23,852,42541,383,22989,443,18683,26,869,641,12123,208,15602,667,27725,California
Nevada,2021-03-24,1017,43558,540,23529,470,19153,7,876,649,12415,363,15965,655,28380,California
Nevada,2021-03-25,899,44457,451,23980,423,19576,25,901,494,12529,404,16369,518,28898,California
Nevada,2021-03-26,1137,45594,432,24412,668,20244,37,938,827,13085,307,16676,863,29761,California
Nevada,2021-03-27,567,46161,71,24483,480,20724,16,954,386,13306,181,16857,402,30163,California
Nevada,2021-03-28,174,46335,50,24533,111,20835,13,967,39,13226,132,16989,52,30215,California
Nevada,2021-03-29,821,47156,501,25034,298,21133,22,989,393,13215,425,17414,414,30629,California
Nevada,2021-03-30,1044,48200,476,25510,534,21667,34,1023,541,13295,495,17909,575,31204,California
Nevada,2021-03-31,1172,49372,659,26169,496,22163,17,1040,695,13538,468,18377,711,31915,California
Nevada,2021-04-01,1224,50596,715,26884,456,22619,53,1093,541,13454,678,19055,594,32509,California
Nevada,2021-04-02,1282,51878,655,27539,591,23210,36,1129,761,13734,517,19572,797,33306,California
Nevada,2021-04-03,287,52165,89,27628,160,23370,38,1167,83,13652,203,19775,121,33427,California
Nevada,2021-04-04,128,52293,42,27670,79,23449,7,1174,79,13689,49,19824,86,33513,California
Nevada,2021-04-05,933,53226,612,28282,302,23751,19,1193,621,14021,308,20132,640,34153,California
Nevada,2021-04-06,1067,54293,661,28943,263,24014,143,1336,469,14041,592,20724,612,34765,California
Nevada,2021-04-07,1135,55428,808,29751,245,24259,82,1418,600,14194,528,21252,681,35446,California
Nevada,2021-04-08,1272,56700,891,30642,298,24557,83,1501,700,14408,569,21821,783,36229,California
Nevada,2021-04-09,1235,57935,845,31487,321,24878,69,1570,838,14918,397,22218,907,37136,California
Nevada,2021-04-10,266,58201,81,31568,109,24987,76,1646,115,14959,150,22368,191,37327,California
Nevada,2021-04-11,100,58301,31,31599,65,25052,4,1650,39,14941,61,22429,43,37370,California
Nevada,2021-04-12,734,59035,537,32136,180,25232,17,1667,310,14847,421,22850,327,37697,California
Nevada,2021-04-13,877,59912,350,32486,527,25759,0,1667,468,14908,407,23257,468,38165,California
Nevada,2021-04-14,1048,60960,564,33050,484,26243,0,1667,537,14942,503,23760,537,38702,California
Nevada,2021-04-15,1058,62018,702,33752,356,26599,0,1667,614,15122,434,24194,614,39316,California
Nevada,2021-04-16,897,62915,696,34448,201,26800,0,1667,529,15284,367,24561,529,39845,California
Nevada,2021-04-17,194,63109,52,34500,142,26942,0,1667,84,15259,109,24670,84,39929,California
Nevada,2021-04-18,181,63290,17,34517,164,27106,0,1667,101,15280,80,24750,101,40030,California
Nevada,2021-04-19,750,64040,481,34998,269,27375,0,1667,304,15146,438,25188,304,40334,California
Nevada,2021-04-20,795,64835,307,35305,488,27863,0,1667,298,14952,492,25680,298,40632,California
Nevada,2021-04-21,898,65733,491,35796,407,28270,0,1667,267,14595,624,26304,267,40899,California
Nevada,2021-04-22,989,66722,616,36412,373,28643,0,1667,338,14293,640,26944,338,41237,California
Nevada,2021-04-23,1215,67937,538,36950,677,29320,0,1667,396,13880,809,27753,396,41633,California
Nevada,2021-04-24,519,68456,73,37023,446,29766,0,1667,169,13700,349,28102,169,41802,California
Nevada,2021-04-25,115,68571,60,37083,50,29816,5,1672,50,13691,64,28166,55,41857,California
Nevada,2021-04-26,697,69268,527,37610,162,29978,8,1680,196,13403,492,28658,204,42061,California
Nevada,2021-04-27,758,70026,345,37955,409,30387,4,1684,394,13445,356,29014,398,42459,California
Nevada,2021-04-28,886,70912,524,38479,357,30744,5,1689,347,13263,534,29548,352,42811,California
Nevada,2021-04-29,867,71779,595,39074,266,31010,6,1695,221,12845,645,30193,227,43038,California
Nevada,2021-04-30,1146,72925,687,39761,453,31463,6,1701,192,12091,952,31145,198,43236,California
Nevada,2021-05-01,63,72988,12,39773,49,31512,2,1703,30,12090,33,31178,32,43268,California
Nevada,2021-05-02,15,73003,7,39780,8,31520,0,1703,10,12095,5,31183,10,43278,California
Nevada,2021-05-03,487,73490,340,40120,134,31654,13,1716,162,11946,323,31506,174,43452,California
Nevada,2021-05-04,471,73961,153,40273,303,31957,15,1731,268,12031,198,31704,283,43735,California
Orange,2020-12-15,16,16,16,16,0,0,0,0,16,16,0,0,16,16,California
Orange,2020-12-16,365,381,365,381,0,0,0,0,365,381,0,0,365,381,California
Orange,2020-12-17,3725,4106,3725,4106,0,0,0,0,3724,4105,0,0,3724,4105,California
Orange,2020-12-18,5052,9158,5045,9151,7,7,0,0,5051,9156,0,0,5051,9156,California
Orange,2020-12-19,2230,11388,2223,11374,7,14,0,0,2229,11385,0,0,2229,11385,California
Orange,2020-12-20,1986,13374,1983,13357,3,17,0,0,1987,13372,0,0,1987,13372,California
Orange,2020-12-21,4251,17625,4245,17602,6,23,0,0,4251,17623,0,0,4251,17623,California
Orange,2020-12-22,3982,21607,3947,21549,35,58,0,0,3982,21605,0,0,3982,21605,California
Orange,2020-12-23,3558,25165,3197,24746,361,419,0,0,3560,25165,0,0,3560,25165,California
Orange,2020-12-24,1377,26542,1078,25824,299,718,0,0,1377,26542,0,0,1377,26542,California
Orange,2020-12-25,17,26559,12,25836,5,723,0,0,17,26559,0,0,17,26559,California
Orange,2020-12-26,1023,27582,424,26260,599,1322,0,0,1023,27582,0,0,1023,27582,California
Orange,2020-12-27,582,28164,275,26535,307,1629,0,0,582,28164,0,0,582,28164,California
Orange,2020-12-28,3539,31703,2567,29102,972,2601,0,0,3539,31703,0,0,3539,31703,California
Orange,2020-12-29,3572,35275,2563,31665,1009,3610,0,0,3571,35273,1,1,3571,35274,California
Orange,2020-12-30,5125,40400,3558,35223,1567,5177,0,0,5125,40398,0,1,5125,40399,California
Orange,2020-12-31,1497,41897,800,36023,697,5874,0,0,1497,41895,0,1,1497,41896,California
Orange,2021-01-01,529,42426,288,36311,241,6115,0,0,528,42422,1,2,528,42424,California
Orange,2021-01-02,1406,43832,896,37207,510,6625,0,0,1406,43828,0,2,1406,43830,California
Orange,2021-01-03,577,44409,319,37526,258,6883,0,0,577,44405,0,2,577,44407,California
Orange,2021-01-04,2738,47147,1561,39087,1177,8060,0,0,2739,47143,1,3,2739,47146,California
Orange,2021-01-05,3519,50666,2293,41380,1226,9286,0,0,3112,49855,403,406,3115,50261,California
Orange,2021-01-06,4991,55657,3464,44844,1527,10813,0,0,3625,52126,1354,1760,3625,53886,California
Orange,2021-01-07,9257,64914,5163,50007,4094,14907,0,0,5689,54264,3555,5315,5693,59579,California
Orange,2021-01-08,9412,74326,5264,55271,4148,19055,0,0,5651,56166,3751,9066,5653,65232,California
Orange,2021-01-09,4999,79325,1739,57010,3260,22315,0,0,3718,58603,1281,10347,3718,68950,California
Orange,2021-01-10,4235,83560,1042,58052,3193,25508,0,0,3355,61083,879,11226,3359,72309,California
Orange,2021-01-11,9440,93000,4901,62953,4539,30047,0,0,5819,63279,3624,14850,5820,78129,California
Orange,2021-01-12,8815,101815,4722,67675,4093,34140,0,0,5351,65169,3462,18312,5352,83481,California
Orange,2021-01-13,10242,112057,4913,72588,5329,39469,0,0,7042,69023,3195,21507,7049,90530,California
Orange,2021-01-14,9966,122023,3775,76363,6191,45660,0,0,8376,75817,1588,23095,8382,98912,California
Orange,2021-01-15,10162,132185,2621,78984,7541,53201,0,0,9287,84227,883,23978,9293,108205,California
Orange,2021-01-16,8707,140892,2097,81081,6610,59811,0,0,8311,92147,396,24374,8316,116521,California
Orange,2021-01-17,8156,149048,1484,82565,6672,66483,0,0,8009,100019,147,24521,8019,124540,California
Orange,2021-01-18,9752,158800,4460,87025,5292,71775,0,0,7509,105285,2245,26766,7511,132051,California
Orange,2021-01-19,7493,166293,5418,92443,2075,73850,0,0,4862,107517,2631,29397,4863,136914,California
Orange,2021-01-20,8364,174657,5904,98347,2460,76310,0,0,5307,109773,3058,32455,5314,142228,California
Orange,2021-01-21,10949,185606,4847,103194,6102,82412,0,0,10138,119111,810,33265,10148,152376,California
Orange,2021-01-22,13610,199216,5096,108290,8514,90926,0,0,12766,131048,837,34102,12774,165150,California
Orange,2021-01-23,13131,212347,6186,114476,6945,97871,0,0,12149,142225,980,35082,12157,177307,California
Orange,2021-01-24,9817,222164,4289,118765,5528,103399,0,0,9490,151394,324,35406,9493,186800,California
Orange,2021-01-25,10437,232601,5859,124624,4578,107977,0,0,7712,156391,2720,38126,7717,194517,California
Orange,2021-01-26,11900,244501,7725,132349,4175,112152,0,0,9736,163970,2160,40286,9739,204256,California
Orange,2021-01-27,13424,257925,8002,140351,5422,117574,0,0,10722,172006,2691,42977,10727,214983,California
Orange,2021-01-28,13024,270949,7198,147549,5826,123400,0,0,11162,181328,1848,44825,11170,226153,California
Orange,2021-01-29,13632,284581,8445,155994,5187,128587,0,0,10741,189196,2877,47702,10745,236898,California
Orange,2021-01-30,12932,297513,4444,160438,8488,137075,0,0,12195,200672,722,48424,12198,249096,California
Orange,2021-01-31,13719,311232,4946,165384,8773,145848,0,0,13267,213500,447,48871,13275,262371,California
Orange,2021-02-01,14058,325290,5797,171181,8261,154109,0,0,12047,223561,1991,50862,12052,274423,California
Orange,2021-02-02,15422,340712,8372,179553,7050,161159,0,0,12671,233592,2643,53505,12674,287097,California
Orange,2021-02-03,16759,357471,12579,192132,4180,165339,0,0,13740,244396,2941,56446,13745,300842,California
Orange,2021-02-04,19831,377302,12955,205087,6876,172215,0,0,14746,254096,5054,61500,14754,315596,California
Orange,2021-02-05,20753,398055,12015,217102,8738,180953,0,0,14473,262332,6239,67739,14475,330071,California
Orange,2021-02-06,16321,414376,10787,227889,5534,186487,0,0,11065,268374,5241,72980,11283,341354,California
Orange,2021-02-07,11523,425899,8102,235991,3421,189908,0,0,7548,272131,3960,76940,7717,349071,California
Orange,2021-02-08,14863,440762,8499,244490,6364,196272,0,0,8840,274979,5993,82933,8841,357912,California
Orange,2021-02-09,17658,458420,12020,256510,5638,201910,0,0,10697,278793,6888,89821,10702,368614,California
Orange,2021-02-10,20908,479328,11187,267697,9721,211631,0,0,12665,283320,8147,97968,12674,381288,California
Orange,2021-02-11,22010,501338,11398,279095,10612,222243,0,0,12352,286158,9532,107500,12370,393658,California
Orange,2021-02-12,24767,526105,11901,290996,12866,235109,0,0,14630,290714,10080,117580,14636,408294,California
Orange,2021-02-13,22015,548120,11914,302910,10101,245210,0,0,11147,291839,10664,128244,11789,420083,California
Orange,2021-02-14,16191,564311,6573,309483,9618,254828,0,0,9550,294774,6616,134860,9551,429634,California
Orange,2021-02-15,17224,581535,7393,316876,9831,264659,0,0,8881,295365,8299,143159,8890,438524,California
Orange,2021-02-16,19923,601458,8980,325856,10943,275602,0,0,10713,296936,9166,152325,10737,449261,California
Orange,2021-02-17,17856,619314,9317,335173,8539,284141,0,0,9177,297510,8634,160959,9208,458469,California
Orange,2021-02-18,14995,634309,9840,345013,5155,289296,0,0,6745,296064,8199,169158,6753,465222,California
Orange,2021-02-19,18176,652485,10884,355897,7292,296588,0,0,6934,291818,11192,180350,6946,472168,California
Orange,2021-02-20,7491,659976,5589,361486,1902,298490,0,0,3761,291880,3709,184059,3771,475939,California
Orange,2021-02-21,4333,664309,3655,365141,678,299168,0,0,782,289145,3517,187576,782,476721,California
Orange,2021-02-22,9627,673936,7852,372993,1775,300943,0,0,3892,287344,5708,193284,3907,480628,California
Orange,2021-02-23,13263,687199,7248,380241,6015,306958,0,0,3492,281135,9711,202995,3502,484130,California
Orange,2021-02-24,21164,708363,12836,393077,8328,315286,0,0,5397,270847,15704,218699,5416,489546,California
Orange,2021-02-25,22647,731010,12281,405358,10366,325652,0,0,7983,264253,14593,233292,7999,497545,California
Orange,2021-02-26,27733,758743,14062,419420,13671,339323,0,0,11175,259014,16439,249731,11200,508745,California
Orange,2021-02-27,24964,783707,10072,429492,14890,354213,2,2,7252,248674,17609,267340,7269,516014,California
Orange,2021-02-28,19038,802745,7374,436866,11664,365877,0,2,4805,239375,14121,281461,4822,520836,California
Orange,2021-03-01,18381,821126,8377,445243,9999,375876,5,7,7104,235293,11203,292664,7121,527957,California
Orange,2021-03-02,18796,839922,8880,454123,9913,385789,3,10,9171,234913,9581,302245,9201,537158,California
Orange,2021-03-03,20358,860280,9501,463624,10854,396643,3,13,10967,236589,9316,311561,10992,548150,California
Orange,2021-03-04,22304,882584,12842,476466,9449,406092,13,26,11584,237529,10683,322244,11623,559773,California
Orange,2021-03-05,20721,903305,10742,487208,9935,416027,44,70,12685,242323,7995,330239,12789,572562,California
Orange,2021-03-06,23897,927202,13125,500333,9908,425935,864,934,12653,244654,11211,341450,13542,586104,California
Orange,2021-03-07,14834,942036,8309,508642,6137,432072,388,1322,8662,247588,6136,347586,9070,595174,California
Orange,2021-03-08,16186,958222,7408,516050,7518,439590,1260,2582,10396,253526,5744,353330,11682,606856,California
Orange,2021-03-09,19716,977938,8578,524628,8707,448297,2431,5013,11315,258912,8363,361693,13749,620605,California
Orange,2021-03-10,24012,1001950,11751,536379,9096,457393,3165,8178,12143,262406,11811,373504,15305,635910,California
Orange,2021-03-11,28856,1030806,15680,552059,9055,466448,4121,12299,13409,264575,15361,388865,17530,653440,California
Orange,2021-03-12,29194,1060000,14215,566274,11144,477592,3835,16134,14665,268648,14450,403315,18523,671963,California
Orange,2021-03-13,27692,1087692,10149,576423,13617,491209,3926,20060,14010,272956,13628,416943,17936,689899,California
Orange,2021-03-14,18777,1106469,8137,584560,8122,499331,2518,22578,11857,280433,6891,423834,14368,704267,California
Orange,2021-03-15,22967,1129436,10108,594668,12099,511430,760,23338,14348,286987,8549,432383,15103,719370,California
Orange,2021-03-16,26309,1155745,11121,605789,14966,526396,222,23560,17125,295236,9106,441489,17355,736725,California
Orange,2021-03-17,27162,1182907,13531,619320,13155,539551,476,24036,19414,307444,7680,449169,19888,756613,California
Orange,2021-03-18,27651,1210558,13888,633208,13491,553042,272,24308,21552,323237,6036,455205,21829,778442,California
Orange,2021-03-19,33339,1243897,18329,651537,14583,567625,427,24735,24845,340131,8388,463593,25282,803724,California
Orange,2021-03-20,25735,1269632,13537,665074,11992,579617,206,24941,22029,358718,3647,467240,22234,825958,California
Orange,2021-03-21,18458,1288090,10664,675738,7067,586684,727,25668,15706,372424,2727,469967,16433,842391,California
Orange,2021-03-22,22658,1310748,11697,687435,10639,597323,322,25990,19169,388509,3414,473381,19499,861890,California
Orange,2021-03-23,25878,1336626,13414,700849,11833,609156,631,26621,20803,404946,5000,478381,21437,883327,California
Orange,2021-03-24,28941,1365567,16121,716970,11924,621080,896,27517,21947,420876,6916,485297,22846,906173,California
Orange,2021-03-25,32156,1397723,17139,734109,14352,635432,665,28182,24160,437785,7915,493212,24824,930997,California
Orange,2021-03-26,34649,1432372,17969,752078,15835,651267,845,29027,24955,453992,9595,502807,25802,956799,California
Orange,2021-03-27,28319,1460691,13543,765621,14463,665730,313,29340,19773,465621,8459,511266,20088,976887,California
Orange,2021-03-28,24688,1485379,12769,778390,11852,677582,67,29407,18615,478300,6007,517273,18686,995573,California
Orange,2021-03-29,26353,1511732,12051,790441,13753,691335,549,29956,17913,488396,8366,525639,18462,1014035,California
Orange,2021-03-30,30471,1542203,13811,804252,16276,707611,384,30340,21306,500989,9097,534736,21690,1035725,California
Orange,2021-03-31,36796,1578999,19343,823595,16860,724471,593,30933,24030,512945,12671,547407,24627,1060352,California
Orange,2021-04-01,39800,1618799,21005,844600,17246,741717,1549,32482,26011,526806,13693,561100,27554,1087906,California
Orange,2021-04-02,39598,1658397,19987,864587,17916,759633,1695,34177,22520,534038,16989,578089,24221,1112127,California
Orange,2021-04-03,29817,1688214,15614,880201,12589,772222,1614,35791,14180,534262,15567,593656,15791,1127918,California
Orange,2021-04-04,18226,1706440,10634,890835,6903,779125,689,36480,8159,533085,10020,603676,8843,1136761,California
Orange,2021-04-05,29677,1736117,13914,904749,12479,791604,3284,39764,13824,534393,15787,619463,17095,1153856,California
Orange,2021-04-06,33072,1769189,15518,920267,14240,805844,3314,43078,14344,533396,18641,638104,17644,1171500,California
Orange,2021-04-07,35705,1804894,19963,940230,11271,817115,4471,47549,15772,533755,19861,657965,20220,1191720,California
Orange,2021-04-08,38373,1843267,21401,961631,11632,828747,5340,52889,18741,538269,19541,677506,24055,1215775,California
Orange,2021-04-09,40297,1883564,23507,985138,11740,840487,5050,57939,17863,538812,22352,699858,22895,1238670,California
Orange,2021-04-10,33994,1917558,18055,1003193,11800,852287,4139,62078,14132,537281,19782,719640,18251,1256921,California
Orange,2021-04-11,25428,1942986,14370,1017563,7823,860110,3235,65313,9796,534715,15586,735226,13020,1269941,California
Orange,2021-04-12,30192,1973178,15324,1032887,11398,871508,3470,68783,11894,531818,18246,753472,15349,1285290,California
Orange,2021-04-13,32195,2005373,18098,1050985,14035,885543,62,68845,15020,529782,17115,770587,15079,1300369,California
Orange,2021-04-14,34096,2039469,19896,1070881,14170,899713,30,68875,14972,525745,19041,789628,15004,1315373,California
Orange,2021-04-15,39547,2079016,24084,1094965,15452,915165,11,68886,18313,522936,21135,810763,18326,1333699,California
Orange,2021-04-16,40957,2119973,24047,1119012,16884,932049,26,68912,18477,519053,22392,833155,18509,1352208,California
Orange,2021-04-17,29676,2149649,17244,1136256,12429,944478,3,68915,12803,515058,16805,849960,12810,1365018,California
Orange,2021-04-18,21330,2170979,12891,1149147,8438,952916,1,68916,8444,510666,12840,862800,8448,1373466,California
Orange,2021-04-19,32289,2203268,17777,1166924,14510,967426,2,68918,14827,508114,17384,880184,14832,1388298,California
Orange,2021-04-20,34984,2238252,18140,1185064,16841,984267,3,68921,17483,508168,17431,897615,17485,1405783,California
Orange,2021-04-21,40251,2278503,23100,1208164,17141,1001408,10,68931,18985,505981,21182,918797,18995,1424778,California
Orange,2021-04-22,39026,2317529,20603,1228767,18416,1019824,7,68938,16254,499590,22659,941456,16268,1441046,California
Orange,2021-04-23,39755,2357284,20463,1249230,19286,1039110,6,68944,17637,495217,22018,963474,17645,1458691,California
Orange,2021-04-24,31767,2389051,16631,1265861,15101,1054211,35,68979,13367,490293,18328,981802,13404,1472095,California
Orange,2021-04-25,22895,2411946,12899,1278760,9983,1064194,13,68992,9820,487108,13023,994825,9838,1481933,California
Orange,2021-04-26,25175,2437121,11992,1290752,13009,1077203,174,69166,11014,484215,14081,1008906,11188,1493121,California
Orange,2021-04-27,27635,2464756,12570,1303322,14579,1091782,486,69652,10509,478231,16985,1025891,11001,1504122,California
Orange,2021-04-28,29546,2494302,14691,1318013,14039,1105821,816,70468,11546,472690,17901,1043792,12360,1516482,California
Orange,2021-04-29,25398,2519700,13615,1331628,10913,1116734,870,71338,9113,466454,16216,1060008,9980,1526462,California
Orange,2021-04-30,28087,2547787,15939,1347567,11259,1127993,889,72227,11661,462655,16350,1076358,12551,1539013,California
Orange,2021-05-01,12623,2560410,8932,1356499,3076,1131069,615,72842,5982,462641,6610,1082968,6596,1545609,California
Orange,2021-05-02,8861,2569271,6473,1362972,2079,1133148,309,73151,3631,461374,5206,1088174,3939,1549548,California
Orange,2021-05-03,12096,2581367,6788,1369760,4946,1138094,362,73513,4135,457956,7915,1096089,4497,1554045,California
Orange,2021-05-04,12002,2593369,6489,1376249,5133,1143227,380,73893,4477,455317,7488,1103577,4849,1558894,California
Placer,2020-12-15,29,29,29,29,0,0,0,0,29,29,0,0,29,29,California
Placer,2020-12-16,54,83,54,83,0,0,0,0,54,83,0,0,54,83,California
Placer,2020-12-17,139,222,139,222,0,0,0,0,139,222,0,0,139,222,California
Placer,2020-12-18,331,553,331,553,0,0,0,0,331,553,0,0,331,553,California
Placer,2020-12-19,252,805,252,805,0,0,0,0,252,805,0,0,252,805,California
Placer,2020-12-20,234,1039,234,1039,0,0,0,0,234,1039,0,0,234,1039,California
Placer,2020-12-21,492,1531,491,1530,1,1,0,0,492,1531,0,0,492,1531,California
Placer,2020-12-22,675,2206,668,2198,7,8,0,0,675,2206,0,0,675,2206,California
Placer,2020-12-23,745,2951,659,2857,86,94,0,0,745,2951,0,0,745,2951,California
Placer,2020-12-24,398,3349,346,3203,52,146,0,0,398,3349,0,0,398,3349,California
Placer,2020-12-26,156,3505,111,3314,45,191,0,0,156,3505,0,0,156,3505,California
Placer,2020-12-27,186,3691,163,3477,23,214,0,0,186,3691,0,0,186,3691,California
Placer,2020-12-28,663,4354,536,4013,127,341,0,0,663,4354,0,0,663,4354,California
Placer,2020-12-29,761,5115,513,4526,248,589,0,0,761,5115,0,0,761,5115,California
Placer,2020-12-30,728,5843,454,4980,274,863,0,0,726,5841,0,0,726,5841,California
Placer,2020-12-31,529,6372,343,5323,186,1049,0,0,529,6370,0,0,529,6370,California
Placer,2021-01-01,15,6387,11,5334,4,1053,0,0,15,6385,0,0,15,6385,California
Placer,2021-01-02,184,6571,152,5486,32,1085,0,0,184,6569,0,0,184,6569,California
Placer,2021-01-03,154,6725,79,5565,75,1160,0,0,154,6723,0,0,154,6723,California
Placer,2021-01-04,619,7344,180,5745,439,1599,0,0,619,7342,0,0,619,7342,California
Placer,2021-01-05,725,8069,159,5904,566,2165,0,0,642,7903,82,82,643,7985,California
Placer,2021-01-06,760,8829,244,6148,516,2681,0,0,618,8379,142,224,618,8603,California
Placer,2021-01-07,985,9814,368,6516,617,3298,0,0,780,8954,205,429,780,9383,California
Placer,2021-01-08,1183,10997,528,7044,655,3953,0,0,855,9484,325,754,855,10238,California
Placer,2021-01-09,449,11446,321,7365,128,4081,0,0,233,9502,215,969,233,10471,California
Placer,2021-01-10,329,11775,186,7551,143,4224,0,0,164,9501,165,1134,164,10635,California
Placer,2021-01-11,1424,13199,806,8357,618,4842,0,0,836,9750,588,1722,837,11472,California
Placer,2021-01-12,1648,14847,876,9233,772,5614,0,0,1046,10194,602,2324,1046,12518,California
Placer,2021-01-13,1632,16479,819,10052,813,6427,0,0,1210,10987,420,2744,1213,13731,California
Placer,2021-01-14,1769,18248,652,10704,1117,7544,0,0,1414,12050,352,3096,1415,15146,California
Placer,2021-01-15,1933,20181,722,11426,1211,8755,0,0,1583,13285,349,3445,1584,16730,California
Placer,2021-01-16,1470,21651,719,12145,751,9506,0,0,1349,14514,121,3566,1350,18080,California
Placer,2021-01-17,564,22215,398,12543,166,9672,0,0,432,14814,132,3698,432,18512,California
Placer,2021-01-18,977,23192,539,13082,438,10110,0,0,748,15334,229,3927,749,19261,California
Placer,2021-01-19,2608,25800,1947,15029,661,10771,0,0,2158,17042,450,4377,2158,21419,California
Placer,2021-01-20,2261,28061,1695,16724,566,11337,0,0,1933,18648,328,4705,1934,23353,California
Placer,2021-01-21,2553,30614,1112,17836,1441,12778,0,0,2160,20417,392,5097,2161,25514,California
Placer,2021-01-22,2305,32919,595,18431,1710,14488,0,0,2130,22375,173,5270,2131,27645,California
Placer,2021-01-23,1189,34108,380,18811,809,15297,0,0,1034,23254,155,5425,1034,28679,California
Placer,2021-01-24,507,34615,265,19076,242,15539,0,0,431,23610,76,5501,432,29111,California
Placer,2021-01-25,1671,36286,803,19879,868,16407,0,0,1383,24706,288,5789,1384,30495,California
Placer,2021-01-26,1853,38139,1028,20907,825,17232,0,0,1589,26031,264,6053,1589,32084,California
Placer,2021-01-27,1839,39978,1152,22059,687,17919,0,0,1596,27387,241,6294,1597,33681,California
Placer,2021-01-28,1805,41783,1115,23174,690,18609,0,0,1557,28698,246,6540,1557,35238,California
Placer,2021-01-29,1892,43675,1171,24345,721,19330,0,0,1700,30209,191,6731,1702,36940,California
Placer,2021-01-30,1725,45400,971,25316,754,20084,0,0,1604,31693,120,6851,1604,38544,California
Placer,2021-01-31,780,46180,624,25940,156,20240,0,0,712,32338,68,6919,713,39257,California
Placer,2021-02-01,2071,48251,1090,27030,981,21221,0,0,1757,33781,314,7233,1757,41014,California
Placer,2021-02-02,2373,50624,1539,28569,834,22055,0,0,1883,35177,487,7720,1883,42897,California
Placer,2021-02-03,2918,53542,1875,30444,1043,23098,0,0,2294,36851,620,8340,2294,45191,California
Placer,2021-02-04,2758,56300,1186,31630,1572,24670,0,0,1934,37966,820,9160,1935,47126,California
Placer,2021-02-05,2729,59029,1204,32834,1525,26195,0,0,1402,38047,1322,10482,1403,48529,California
Placer,2021-02-06,1946,60975,1308,34142,638,26833,0,0,1397,38895,549,11031,1397,49926,California
Placer,2021-02-07,1221,62196,910,35052,311,27144,0,0,937,39549,283,11314,937,50863,California
Placer,2021-02-08,3302,65498,1767,36819,1535,28679,0,0,1977,40210,1317,12631,1978,52841,California
Placer,2021-02-09,3546,69044,2175,38994,1371,30050,0,0,1642,39950,1902,14533,1642,54483,California
Placer,2021-02-10,3745,72789,2189,41183,1556,31606,0,0,1742,39694,2000,16533,1744,56227,California
Placer,2021-02-11,3685,76474,1904,43087,1781,33387,0,0,1586,39195,2086,18619,1587,57814,California
Placer,2021-02-12,2841,79315,1322,44409,1519,34906,0,0,1666,39721,1141,19760,1667,59481,California
Placer,2021-02-13,2533,81848,1484,45893,1049,35955,0,0,1882,40952,651,20411,1882,61363,California
Placer,2021-02-14,1080,82928,674,46567,406,36361,0,0,737,41349,340,20751,737,62100,California
Placer,2021-02-15,2240,85168,1044,47611,1196,37557,0,0,1531,42171,710,21461,1532,63632,California
Placer,2021-02-16,3571,88739,1780,49391,1791,39348,0,0,1587,41784,1975,23436,1588,65220,California
Placer,2021-02-17,3541,92280,1960,51351,1581,40929,0,0,1509,41265,2028,25464,1509,66729,California
Placer,2021-02-18,3792,96072,2045,53396,1747,42676,0,0,1625,40733,2158,27622,1626,68355,California
Placer,2021-02-19,3585,99657,1910,55306,1675,44351,0,0,1327,39807,2254,29876,1328,69683,California
Placer,2021-02-20,1975,101632,1233,56539,742,45093,0,0,891,39623,1078,30954,894,70577,California
Placer,2021-02-21,971,102603,729,57268,242,45335,0,0,280,39216,688,31642,281,70858,California
Placer,2021-02-22,2522,105125,1774,59042,748,46083,0,0,604,37903,1917,33559,604,71462,California
Placer,2021-02-23,2542,107667,1571,60613,971,47054,0,0,878,37118,1663,35222,878,72340,California
Placer,2021-02-24,3285,110952,1174,61787,2111,49165,0,0,1789,37423,1486,36708,1791,74131,California
Placer,2021-02-25,3530,114482,1422,63209,2108,51273,0,0,1876,37654,1646,38354,1877,76008,California
Placer,2021-02-26,4095,118577,2374,65583,1721,52994,0,0,2353,38269,1738,40092,2353,78361,California
Placer,2021-02-27,2819,121396,1493,67076,1326,54320,0,0,1454,38367,1359,41451,1457,79818,California
Placer,2021-02-28,1397,122793,793,67869,604,54924,0,0,587,38150,804,42255,587,80405,California
Placer,2021-03-01,2997,125790,1990,69859,1007,55931,0,0,1549,38256,1443,43698,1549,81954,California
Placer,2021-03-02,2871,128661,1763,71622,1108,57039,0,0,1879,39148,987,44685,1879,83833,California
Placer,2021-03-03,3323,131984,1424,73046,1899,58938,0,0,1818,39468,1499,46184,1819,85652,California
Placer,2021-03-04,3626,135610,1452,74498,2174,61112,0,0,1895,39645,1719,47903,1896,87548,California
Placer,2021-03-05,3005,138615,1029,75527,1954,63066,22,22,1805,40274,1198,49101,1827,89375,California
Placer,2021-03-06,2408,141023,1483,77010,829,63895,96,118,924,39817,1477,50578,1020,90395,California
Placer,2021-03-07,1298,142321,752,77762,508,64403,38,156,531,39622,764,51342,569,90964,California
Placer,2021-03-08,2909,145230,1828,79590,968,65371,113,269,1651,40130,1256,52598,1764,92728,California
Placer,2021-03-09,3170,148400,1679,81269,1400,66771,91,360,1815,40684,1352,53950,1906,94634,California
Placer,2021-03-10,3276,151676,1318,82587,1851,68622,107,467,1705,40930,1566,55516,1812,96446,California
Placer,2021-03-11,3578,155254,1591,84178,1863,70485,124,591,1726,40939,1844,57360,1853,98299,California
Placer,2021-03-12,3671,158925,1483,85661,1407,71892,781,1372,1250,40557,2414,59774,2032,100331,California
Placer,2021-03-13,2105,161030,739,86400,1248,73140,118,1490,1129,40832,973,60747,1248,101579,California
Placer,2021-03-14,1639,162669,672,87072,818,73958,149,1639,892,41126,747,61494,1041,102620,California
Placer,2021-03-15,3176,165845,1529,88601,1516,75474,131,1770,1761,41605,1414,62908,1893,104513,California
Placer,2021-03-16,3558,169403,1916,90517,1509,76983,133,1903,2284,42760,1263,64171,2418,106931,California
Placer,2021-03-17,3412,172815,1726,92243,1587,78570,99,2002,2202,43855,1208,65379,2303,109234,California
Placer,2021-03-18,3963,176778,2197,94440,1728,80298,38,2040,2825,45586,1131,66510,2862,112096,California
Placer,2021-03-19,3428,180206,2062,96502,1102,81400,264,2304,2186,46800,1235,67745,2449,114545,California
Placer,2021-03-20,2136,182342,895,97397,1144,82544,97,2401,1301,47366,831,68576,1397,115942,California
Placer,2021-03-21,1251,183593,573,97970,669,83213,9,2410,943,48013,305,68881,952,116894,California
Placer,2021-03-22,3264,186857,2099,100069,1078,84291,87,2497,2192,49225,1068,69949,2280,119174,California
Placer,2021-03-23,3521,190378,2093,102162,1337,85628,91,2588,2521,50843,995,70944,2613,121787,California
Placer,2021-03-24,3785,194163,1996,104158,1693,87321,96,2684,1950,51076,1813,72757,2046,123833,California
Placer,2021-03-25,3775,197938,1793,105951,1885,89206,97,2781,1724,50854,2042,74799,1820,125653,California
Placer,2021-03-26,3753,201691,1657,107608,1864,91070,232,3013,1579,50504,2161,76960,1811,127464,California
Placer,2021-03-27,1595,203286,468,108076,1107,92177,20,3033,651,50238,937,77897,671,128135,California
Placer,2021-03-28,1102,204388,527,108603,565,92742,10,3043,373,49897,724,78621,383,128518,California
Placer,2021-03-29,3554,207942,1986,110589,1534,94276,34,3077,1721,49829,1824,80445,1756,130274,California
Placer,2021-03-30,3980,211922,2103,112692,1833,96109,44,3121,2096,50098,1870,82315,2139,132413,California
Placer,2021-03-31,4080,216002,1830,114522,2176,98285,74,3195,1682,49462,2391,84706,1755,134168,California
Placer,2021-04-01,2897,218899,1361,115883,1490,99775,46,3241,1599,49810,1297,86003,1645,135813,California
Placer,2021-04-02,2830,221729,1445,117328,1321,101096,64,3305,1586,50222,1237,87240,1649,137462,California
Placer,2021-04-03,1852,223581,983,118311,741,101837,128,3433,889,50283,956,88196,1017,138479,California
Placer,2021-04-04,709,224290,361,118672,295,102132,53,3486,285,50199,422,88618,338,138817,California
Placer,2021-04-05,2986,227276,1890,120562,914,103046,182,3668,1739,50877,1243,89861,1921,140738,California
Placer,2021-04-06,4270,231546,2471,123033,1500,104546,299,3967,1519,49949,2746,92607,1818,142556,California
Placer,2021-04-07,4492,236038,2560,125593,1471,106017,461,4428,2051,50022,2436,95043,2509,145065,California
Placer,2021-04-08,4685,240723,2594,128187,1545,107562,546,4974,1571,49036,3103,98146,2117,147182,California
Placer,2021-04-09,4075,244798,2246,130433,1215,108777,614,5588,1213,48012,2853,100999,1829,149011,California
Placer,2021-04-10,1980,246778,853,131286,947,109724,180,5768,847,47908,1130,102129,1026,150037,California
Placer,2021-04-11,1324,248102,503,131789,788,110512,33,5801,427,47474,893,103022,459,150496,California
Placer,2021-04-12,4103,252205,2653,134442,1070,111582,380,6181,2469,48699,1623,104645,2848,153344,California
Placer,2021-04-13,4333,256538,2987,137429,1345,112927,1,6182,2183,48737,2146,106791,2184,155528,California
Placer,2021-04-14,4062,260600,2507,139936,1554,114481,1,6183,1795,48274,2258,109049,1795,157323,California
Placer,2021-04-15,4407,265007,2426,142362,1980,116461,1,6184,2291,48460,2106,111155,2292,159615,California
Placer,2021-04-16,3657,268664,2171,144533,1486,117947,0,6184,1426,47661,2225,113380,1426,161041,California
Placer,2021-04-17,2346,271010,795,145328,1551,119498,0,6184,1455,48228,888,114268,1455,162496,California
Placer,2021-04-18,1156,272166,233,145561,923,120421,0,6184,404,47882,750,115018,404,162900,California
Placer,2021-04-19,2906,275072,1777,147338,1129,121550,0,6184,1145,47270,1758,116776,1146,164046,California
Placer,2021-04-20,3769,278841,2446,149784,1323,122873,0,6184,2400,48309,1361,118137,2400,166446,California
Placer,2021-04-21,3647,282488,2390,152174,1256,124129,1,6185,2377,49421,1266,119403,2378,168824,California
Placer,2021-04-22,3536,286024,2142,154316,1394,125523,0,6185,1734,49356,1799,121202,1734,170558,California
Placer,2021-04-23,3480,289504,2309,156625,1170,126693,1,6186,1362,48609,2110,123312,1363,171921,California
Placer,2021-04-24,2065,291569,1248,157873,817,127510,0,6186,1210,48970,849,124161,1210,173131,California
Placer,2021-04-25,899,292468,496,158369,403,127913,0,6186,555,49181,344,124505,555,173686,California
Placer,2021-04-26,2191,294659,1200,159569,968,128881,23,6209,1091,49203,1091,125596,1113,174799,California
Placer,2021-04-27,2487,297146,1306,160875,1146,130027,35,6244,1469,49695,1013,126609,1505,176304,California
Placer,2021-04-28,2696,299842,1677,162552,982,131009,37,6281,1397,49837,1292,127901,1434,177738,California
Placer,2021-04-29,2874,302716,1784,164336,1036,132045,54,6335,1081,49184,1788,129689,1135,178873,California
Placer,2021-04-30,2715,305431,1685,166021,985,133030,45,6380,1051,48620,1660,131349,1096,179969,California
Placer,2021-05-01,809,306240,575,166596,228,133258,6,6386,356,48531,451,131800,362,180331,California
Placer,2021-05-02,353,306593,274,166870,79,133337,0,6386,189,48557,163,131963,189,180520,California
Placer,2021-05-03,876,307469,568,167438,274,133611,34,6420,254,48226,619,132582,288,180808,California
Placer,2021-05-04,1287,308756,725,168163,473,134084,89,6509,534,48096,753,133335,623,181431,California
Plumas,2020-12-18,4,4,4,4,0,0,0,0,4,4,0,0,4,4,California
Plumas,2020-12-19,1,5,1,5,0,0,0,0,1,5,0,0,1,5,California
Plumas,2020-12-21,45,50,45,50,0,0,0,0,45,50,0,0,45,50,California
Plumas,2020-12-22,92,142,92,142,0,0,0,0,92,142,0,0,92,142,California
Plumas,2020-12-23,50,192,50,192,0,0,0,0,50,192,0,0,50,192,California
Plumas,2020-12-24,6,198,6,198,0,0,0,0,6,198,0,0,6,198,California
Plumas,2020-12-28,8,206,0,198,8,8,0,0,8,206,0,0,8,206,California
Plumas,2020-12-29,32,238,22,220,10,18,0,0,32,238,0,0,32,238,California
Plumas,2020-12-30,22,260,1,221,21,39,0,0,22,260,0,0,22,260,California
Plumas,2020-12-31,4,264,1,222,3,42,0,0,4,264,0,0,4,264,California
Plumas,2021-01-04,10,274,4,226,6,48,0,0,10,274,0,0,10,274,California
Plumas,2021-01-05,22,296,2,228,20,68,0,0,22,296,0,0,22,296,California
Plumas,2021-01-06,124,420,5,233,119,187,0,0,124,420,0,0,124,420,California
Plumas,2021-01-07,53,473,2,235,51,238,0,0,52,471,1,1,52,472,California
Plumas,2021-01-08,12,485,5,240,7,245,0,0,8,475,4,5,8,480,California
Plumas,2021-01-09,2,487,2,242,0,245,0,0,1,475,1,6,1,481,California
Plumas,2021-01-11,59,546,50,292,9,254,0,0,12,440,47,53,12,493,California
Plumas,2021-01-12,155,701,86,378,69,323,0,0,71,427,84,137,71,564,California
Plumas,2021-01-13,56,757,50,428,6,329,0,0,10,391,46,183,10,574,California
Plumas,2021-01-14,96,853,14,442,82,411,0,0,91,477,5,188,91,665,California
Plumas,2021-01-15,62,915,7,449,55,466,0,0,60,535,2,190,60,725,California
Plumas,2021-01-16,58,973,1,450,57,523,0,0,58,593,0,190,58,783,California
Plumas,2021-01-18,2,975,1,451,1,524,0,0,2,595,0,190,2,785,California
Plumas,2021-01-19,36,1011,5,456,31,555,0,0,32,623,4,194,32,817,California
Plumas,2021-01-20,121,1132,3,459,118,673,0,0,119,740,2,196,119,936,California
Plumas,2021-01-21,112,1244,2,461,110,783,0,0,112,852,0,196,112,1048,California
Plumas,2021-01-22,5,1249,1,462,4,787,0,0,5,857,0,196,5,1053,California
Plumas,2021-01-23,92,1341,1,463,91,878,0,0,92,949,0,196,92,1145,California
Plumas,2021-01-24,1,1342,1,464,0,878,0,0,1,950,0,196,1,1146,California
Plumas,2021-01-25,10,1352,7,471,3,881,0,0,7,954,3,199,7,1153,California
Plumas,2021-01-26,60,1412,2,473,58,939,0,0,52,998,8,207,52,1205,California
Plumas,2021-01-27,25,1437,20,493,5,944,0,0,5,983,20,227,5,1210,California
Plumas,2021-01-28,23,1460,0,493,23,967,0,0,21,1002,2,229,21,1231,California
Plumas,2021-01-29,8,1468,2,495,6,973,0,0,7,1008,1,230,7,1238,California
Plumas,2021-01-30,8,1476,4,499,4,977,0,0,7,1014,1,231,7,1245,California
Plumas,2021-01-31,3,1479,3,502,0,977,0,0,3,1017,0,231,3,1248,California
Plumas,2021-02-01,15,1494,2,504,13,990,0,0,7,1016,8,239,7,1255,California
Plumas,2021-02-02,21,1515,2,506,19,1009,0,0,2,999,19,258,2,1257,California
Plumas,2021-02-03,128,1643,8,514,120,1129,0,0,13,898,114,372,13,1270,California
Plumas,2021-02-04,101,1744,8,522,93,1222,0,0,23,843,78,450,23,1293,California
Plumas,2021-02-05,24,1768,11,533,13,1235,0,0,9,837,15,465,9,1302,California
Plumas,2021-02-06,7,1775,0,533,7,1242,0,0,7,844,0,465,7,1309,California
Plumas,2021-02-08,16,1791,7,540,9,1251,0,0,4,836,12,477,4,1313,California
Plumas,2021-02-09,171,1962,1,541,170,1421,0,0,111,887,60,537,111,1424,California
Plumas,2021-02-10,89,2051,9,550,80,1501,0,0,80,959,9,546,81,1505,California
Plumas,2021-02-11,322,2373,7,557,315,1816,0,0,263,1163,59,605,263,1768,California
Plumas,2021-02-12,122,2495,3,560,119,1935,0,0,118,1277,4,609,118,1886,California
Plumas,2021-02-13,73,2568,4,564,69,2004,0,0,14,1232,59,668,14,1900,California
Plumas,2021-02-14,8,2576,5,569,3,2007,0,0,8,1240,0,668,8,1908,California
Plumas,2021-02-15,27,2603,5,574,22,2029,0,0,24,1261,3,671,24,1932,California
Plumas,2021-02-16,76,2679,4,578,72,2101,0,0,14,1213,62,733,14,1946,California
Plumas,2021-02-17,136,2815,5,583,131,2232,0,0,12,1101,124,857,12,1958,California
Plumas,2021-02-18,128,2943,6,589,122,2354,0,0,19,1012,109,966,20,1978,California
Plumas,2021-02-19,41,2984,4,593,37,2391,0,0,6,983,35,1001,6,1984,California
Plumas,2021-02-20,104,3088,7,600,97,2488,0,0,12,903,92,1093,12,1996,California
Plumas,2021-02-21,5,3093,5,605,0,2488,0,0,1,900,4,1097,1,1997,California
Plumas,2021-02-22,3,3096,1,606,2,2490,0,0,0,897,3,1100,0,1997,California
Plumas,2021-02-23,25,3121,5,611,20,2510,0,0,17,906,8,1108,17,2014,California
Plumas,2021-02-24,456,3577,7,618,449,2959,0,0,443,1336,13,1121,443,2457,California
Plumas,2021-02-25,231,3808,10,628,221,3180,0,0,170,1445,61,1182,170,2627,California
Plumas,2021-02-26,264,4072,8,636,256,3436,0,0,256,1694,8,1190,257,2884,California
Plumas,2021-02-27,40,4112,4,640,36,3472,0,0,33,1720,7,1197,33,2917,California
Plumas,2021-02-28,1,4113,0,640,1,3473,0,0,1,1721,0,1197,1,2918,California
Plumas,2021-03-01,13,4126,3,643,10,3483,0,0,8,1725,4,1201,8,2926,California
Plumas,2021-03-02,8,4134,0,643,8,3491,0,0,6,1729,2,1203,6,2932,California
Plumas,2021-03-03,152,4286,10,653,142,3633,0,0,136,1849,16,1219,136,3068,California
Plumas,2021-03-04,252,4538,9,662,243,3876,0,0,230,2057,22,1241,230,3298,California
Plumas,2021-03-05,400,4938,7,669,388,4264,5,5,389,2440,11,1252,394,3692,California
Plumas,2021-03-06,19,4957,2,671,9,4273,8,13,3,2435,16,1268,11,3703,California
Plumas,2021-03-07,13,4970,2,673,2,4275,9,22,3,2437,10,1278,12,3715,California
Plumas,2021-03-08,29,4999,3,676,2,4277,24,46,3,2438,26,1304,27,3742,California
Plumas,2021-03-09,132,5131,1,677,116,4393,15,61,18,2357,114,1418,33,3775,California
Plumas,2021-03-10,255,5386,3,680,238,4631,14,75,108,2333,146,1564,122,3897,California
Plumas,2021-03-11,181,5567,8,688,168,4799,5,80,146,2449,35,1599,151,4048,California
Plumas,2021-03-12,595,6162,3,691,304,5103,288,368,23,2188,572,2171,311,4359,California
Plumas,2021-03-13,25,6187,4,695,10,5113,11,379,5,2184,20,2191,16,4375,California
Plumas,2021-03-14,12,6199,3,698,4,5117,5,384,1,2180,10,2201,6,4381,California
Plumas,2021-03-15,32,6231,1,699,24,5141,7,391,6,2167,26,2227,13,4394,California
Plumas,2021-03-16,60,6291,3,702,56,5197,1,392,49,2206,11,2238,50,4444,California
Plumas,2021-03-17,73,6364,9,711,63,5260,1,393,58,2251,14,2252,59,4503,California
Plumas,2021-03-18,60,6424,6,717,38,5298,16,409,12,2231,48,2300,28,4531,California
Plumas,2021-03-19,164,6588,6,723,156,5454,2,411,155,2382,7,2307,158,4689,California
Plumas,2021-03-20,693,7281,4,727,688,6142,1,412,673,3038,18,2325,674,5363,California
Plumas,2021-03-21,2,7283,1,728,1,6143,0,412,1,3039,0,2325,1,5364,California
Plumas,2021-03-22,183,7466,2,730,181,6324,0,412,176,3208,7,2332,176,5540,California
Plumas,2021-03-23,27,7493,2,732,25,6349,0,412,13,3207,14,2346,13,5553,California
Plumas,2021-03-24,654,8147,7,739,646,6995,1,413,224,3003,429,2775,225,5778,California
Plumas,2021-03-25,299,8446,7,746,290,7285,2,415,155,3014,144,2919,155,5933,California
Plumas,2021-03-26,312,8758,9,755,303,7588,0,415,46,2795,265,3184,46,5979,California
Plumas,2021-03-27,12,8770,1,756,10,7598,1,416,2,2788,10,3194,3,5982,California
Plumas,2021-03-28,5,8775,3,759,1,7599,1,417,3,2790,2,3196,4,5986,California
Plumas,2021-03-29,12,8787,4,763,7,7606,1,418,4,2787,8,3204,5,5991,California
Plumas,2021-03-30,151,8938,3,766,147,7753,1,419,24,2685,127,3331,25,6016,California
Plumas,2021-03-31,287,9225,2,768,284,8037,1,420,267,2933,20,3351,268,6284,California
Plumas,2021-04-01,294,9519,10,778,283,8320,1,421,58,2757,234,3585,58,6342,California
Plumas,2021-04-02,374,9893,5,783,368,8688,1,422,28,2452,334,3919,29,6371,California
Plumas,2021-04-03,16,9909,3,786,5,8693,8,430,4,2452,12,3931,12,6383,California
Plumas,2021-04-04,3,9912,1,787,1,8694,1,431,0,2450,3,3934,1,6384,California
Plumas,2021-04-05,12,9924,3,790,8,8702,1,432,5,2449,7,3941,6,6390,California
Plumas,2021-04-06,120,10044,6,796,88,8790,26,458,13,2381,107,4048,39,6429,California
Plumas,2021-04-07,280,10324,6,802,99,8889,175,633,27,2330,253,4301,202,6631,California
Plumas,2021-04-08,149,10473,3,805,131,9020,15,648,34,2264,114,4415,48,6679,California
Plumas,2021-04-09,50,10523,9,814,25,9045,16,664,19,2267,31,4446,34,6713,California
Plumas,2021-04-10,23,10546,2,816,5,9050,16,680,4,2268,19,4465,20,6733,California
Plumas,2021-04-11,4,10550,3,819,0,9050,1,681,3,2271,1,4466,4,6737,California
Plumas,2021-04-12,9,10559,4,823,3,9053,2,683,6,2276,3,4469,8,6745,California
Plumas,2021-04-13,206,10765,5,828,201,9254,0,683,138,2346,68,4537,138,6883,California
Plumas,2021-04-14,108,10873,7,835,101,9355,0,683,54,2346,54,4591,54,6937,California
Plumas,2021-04-15,50,10923,2,837,48,9403,0,683,32,2360,18,4609,32,6969,California
Plumas,2021-04-16,144,11067,4,841,140,9543,0,683,4,2224,140,4749,4,6973,California
Plumas,2021-04-17,666,11733,1,842,665,10208,0,683,20,1600,644,5393,20,6993,California
Plumas,2021-04-18,3,11736,2,844,1,10209,0,683,1,1599,2,5395,1,6994,California
Plumas,2021-04-19,38,11774,3,847,35,10244,0,683,5,1571,33,5428,5,6999,California
Plumas,2021-04-20,41,11815,4,851,37,10281,0,683,25,1581,15,5443,25,7024,California
Plumas,2021-04-21,313,12128,5,856,307,10588,1,684,18,1305,294,5737,18,7042,California
Plumas,2021-04-22,270,12398,7,863,263,10851,0,684,130,1295,140,5877,130,7172,California
Plumas,2021-04-23,73,12471,6,869,67,10918,0,684,16,1254,57,5934,16,7188,California
Plumas,2021-04-24,171,12642,5,874,166,11084,0,684,146,1376,24,5958,146,7334,California
Plumas,2021-04-26,27,12669,2,876,25,11109,0,684,8,1366,18,5976,8,7342,California
Plumas,2021-04-27,88,12757,3,879,85,11194,0,684,52,1382,36,6012,52,7394,California
Plumas,2021-04-28,232,12989,3,882,229,11423,0,684,32,1215,199,6211,32,7426,California
Plumas,2021-04-29,144,13133,64,946,79,11502,1,685,104,1280,40,6251,105,7531,California
Plumas,2021-04-30,17,13150,7,953,9,11511,1,686,4,1272,13,6264,5,7536,California
Plumas,2021-05-01,2,13152,0,953,1,11512,1,687,1,1273,1,6265,2,7538,California
Plumas,2021-05-02,3,13155,3,956,0,11512,0,687,1,1272,2,6267,1,7539,California
Plumas,2021-05-03,12,13167,2,958,4,11516,6,693,3,1272,9,6276,9,7548,California
Plumas,2021-05-04,16,13183,1,959,10,11526,5,698,8,1277,8,6284,13,7561,California
Riverside,2020-12-15,5,5,5,5,0,0,0,0,5,5,0,0,5,5,California
Riverside,2020-12-16,64,69,64,69,0,0,0,0,64,69,0,0,64,69,California
Riverside,2020-12-17,805,874,805,874,0,0,0,0,805,874,0,0,805,874,California
Riverside,2020-12-18,1723,2597,1722,2596,1,1,0,0,1723,2597,0,0,1723,2597,California
Riverside,2020-12-19,1027,3624,1024,3620,3,4,0,0,1025,3621,1,1,1025,3622,California
Riverside,2020-12-20,1085,4709,1084,4704,1,5,0,0,1085,4706,0,1,1085,4707,California
Riverside,2020-12-21,2272,6981,2270,6974,2,7,0,0,2272,6978,0,1,2272,6979,California
Riverside,2020-12-22,2253,9234,2214,9188,39,46,0,0,2252,9230,0,1,2252,9231,California
Riverside,2020-12-23,2129,11363,1792,10980,337,383,0,0,2130,11360,0,1,2130,11361,California
Riverside,2020-12-24,827,12190,625,11605,202,585,0,0,827,12187,0,1,827,12188,California
Riverside,2020-12-25,28,12218,5,11610,23,608,0,0,28,12215,0,1,28,12216,California
Riverside,2020-12-26,400,12618,257,11867,143,751,0,0,400,12615,0,1,400,12616,California
Riverside,2020-12-27,361,12979,243,12110,118,869,0,0,361,12976,0,1,361,12977,California
Riverside,2020-12-28,1626,14605,1126,13236,500,1369,0,0,1626,14602,0,1,1626,14603,California
Riverside,2020-12-29,1737,16342,972,14208,765,2134,0,0,1737,16339,0,1,1737,16340,California
Riverside,2020-12-30,2578,18920,1685,15893,893,3027,0,0,2577,18916,0,1,2577,18917,California
Riverside,2020-12-31,1023,19943,395,16288,628,3655,0,0,1024,19940,0,1,1024,19941,California
Riverside,2021-01-01,114,20057,44,16332,70,3725,0,0,114,20054,0,1,114,20055,California
Riverside,2021-01-02,833,20890,693,17025,140,3865,0,0,833,20887,0,1,833,20888,California
Riverside,2021-01-03,345,21235,300,17325,45,3910,0,0,344,21231,0,1,344,21232,California
Riverside,2021-01-04,1262,22497,795,18120,467,4377,0,0,1262,22493,0,1,1262,22494,California
Riverside,2021-01-05,1980,24477,1362,19482,618,4995,0,0,1885,24289,89,90,1885,24379,California
Riverside,2021-01-06,2484,26961,1112,20594,1372,6367,0,0,2178,26165,302,392,2178,26557,California
Riverside,2021-01-07,2768,29729,1814,22408,954,7321,0,0,1706,26815,1058,1450,1708,28265,California
Riverside,2021-01-08,4049,33778,2935,25343,1114,8435,0,0,2238,27246,1807,3257,2238,30503,California
Riverside,2021-01-09,2069,35847,844,26187,1225,9660,0,0,1723,28624,345,3602,1723,32226,California
Riverside,2021-01-10,1664,37511,735,26922,929,10589,0,0,1060,29080,604,4206,1060,33286,California
Riverside,2021-01-11,4520,42031,3100,30022,1420,12009,0,0,2785,30133,1733,5939,2786,36072,California
Riverside,2021-01-12,3403,45434,2730,32752,673,12682,0,0,1716,30167,1682,7621,1716,37788,California
Riverside,2021-01-13,4383,49817,2867,35619,1516,14198,0,0,2779,31345,1601,9222,2779,40567,California
Riverside,2021-01-14,5491,55308,1894,37513,3597,17795,0,0,4904,35662,587,9809,4904,45471,California
Riverside,2021-01-15,6149,61457,2094,39607,4055,21850,0,0,5861,41236,287,10096,5861,51332,California
Riverside,2021-01-16,3610,65067,1018,40625,2592,24442,0,0,3364,44355,246,10342,3365,54697,California
Riverside,2021-01-17,3595,68662,582,41207,3013,27455,0,0,3398,47558,195,10537,3398,58095,California
Riverside,2021-01-18,3721,72383,2019,43226,1702,29157,0,0,2716,49269,1005,11542,2716,60811,California
Riverside,2021-01-19,7406,79789,2639,45865,4767,33924,0,0,6289,54442,1117,12659,6290,67101,California
Riverside,2021-01-20,8029,87818,2942,48807,5087,39011,0,0,6486,59398,1534,14193,6490,73591,California
Riverside,2021-01-21,8318,96136,3477,52284,4841,43852,0,0,7700,66479,619,14812,7700,81291,California
Riverside,2021-01-22,8723,104859,2977,55261,5746,49598,0,0,8293,74345,428,15240,8294,89585,California
Riverside,2021-01-23,5926,110785,2393,57654,3533,53131,0,0,5198,78816,728,15968,5199,94784,California
Riverside,2021-01-24,3034,113819,1430,59084,1604,54735,0,0,2820,81426,211,16179,2821,97605,California
Riverside,2021-01-25,7878,121697,4537,63621,3341,58076,0,0,6752,87054,1125,17304,6753,104358,California
Riverside,2021-01-26,9118,130815,5731,69352,3387,61463,0,0,7609,93157,1507,18811,7610,111968,California
Riverside,2021-01-27,10891,141706,6377,75729,4514,65977,0,0,9288,100848,1600,20411,9291,121259,California
Riverside,2021-01-28,11429,153135,6724,82453,4705,70682,0,0,10270,109968,1151,21562,10271,131530,California
Riverside,2021-01-29,11904,165039,7258,89711,4646,75328,0,0,10535,119165,1342,22904,10539,142069,California
Riverside,2021-01-30,9054,174093,4609,94320,4445,79773,0,0,8591,127297,460,23364,8592,150661,California
Riverside,2021-01-31,5157,179250,4247,98567,910,80683,0,0,5024,132193,132,23496,5028,155689,California
Riverside,2021-02-01,10864,190114,6706,105273,4158,84841,0,0,9081,139500,1777,25273,9084,164773,California
Riverside,2021-02-02,9513,199627,4850,110123,4663,89504,0,0,8021,146039,1485,26758,8024,172797,California
Riverside,2021-02-03,12000,211627,4979,115102,7021,96525,0,0,9771,153591,2219,28977,9771,182568,California
Riverside,2021-02-04,13552,225179,6046,121148,7506,104031,0,0,11436,162920,2109,31086,11438,194006,California
Riverside,2021-02-05,14329,239508,5399,126547,8930,112961,0,0,11282,171168,3039,34125,11287,205293,California
Riverside,2021-02-06,7262,246770,4286,130833,2976,115937,0,0,5621,175159,1633,35758,5624,210917,California
Riverside,2021-02-07,2166,248936,795,131628,1371,117308,0,0,1850,176695,315,36073,1851,212768,California
Riverside,2021-02-08,12450,261386,5530,137158,6920,124228,0,0,10165,184596,2268,38341,10169,222937,California
Riverside,2021-02-09,9649,271035,4529,141687,5120,129348,0,0,7724,190409,1916,40257,7729,230666,California
Riverside,2021-02-10,12065,283100,6981,148668,5084,134432,0,0,8896,196156,3157,43414,8904,239570,California
Riverside,2021-02-11,16582,299682,9041,157709,7541,141973,0,0,12102,203815,4458,47872,12117,251687,California
Riverside,2021-02-12,17688,317370,10822,168531,6866,148839,0,0,12829,211842,4814,52686,12841,264528,California
Riverside,2021-02-13,6325,323695,2126,170657,4199,153038,0,0,3096,211748,3211,55897,3117,267645,California
Riverside,2021-02-14,4929,328624,1121,171778,3808,156846,0,0,2175,211174,2750,58647,2176,269821,California
Riverside,2021-02-15,9816,338440,4996,176774,4820,161666,0,0,5405,212183,4403,63050,5412,275233,California
Riverside,2021-02-16,16109,354549,10109,186883,6000,167666,0,0,9249,214587,6853,69903,9257,284490,California
Riverside,2021-02-17,15008,369557,8202,195085,6806,174472,0,0,7442,214486,7553,77456,7452,291942,California
Riverside,2021-02-18,15471,385028,8940,204025,6531,181003,0,0,8048,215142,7405,84861,8061,300003,California
Riverside,2021-02-19,15254,400282,8219,212244,7035,188038,0,0,7209,214333,8026,92887,7217,307220,California
Riverside,2021-02-20,8063,408345,4254,216498,3809,191847,0,0,2083,210456,5963,98850,2086,309306,California
Riverside,2021-02-21,3430,411775,2910,219408,520,192367,0,0,1027,209094,2389,101239,1027,310333,California
Riverside,2021-02-22,12355,424130,7759,227167,4596,196963,0,0,5104,206970,7233,108472,5109,315442,California
Riverside,2021-02-23,11089,435219,7557,234724,3532,200495,0,0,5390,206694,5670,114142,5394,320836,California
Riverside,2021-02-24,14802,450021,8102,242826,6700,207195,0,0,6305,204558,8458,122600,6322,327158,California
Riverside,2021-02-25,17314,467335,7380,250206,9934,217129,0,0,8036,203363,9257,131857,8062,335220,California
Riverside,2021-02-26,18586,485921,6712,256918,11874,229003,0,0,9286,203439,9242,141099,9318,344538,California
Riverside,2021-02-27,11385,497306,4917,261835,6468,235471,0,0,5678,203470,5673,146772,5704,350242,California
Riverside,2021-02-28,4623,501929,2959,264794,1664,237135,0,0,2375,203615,2237,149009,2382,352624,California
Riverside,2021-03-01,14307,516236,6095,270889,8211,245346,1,1,8431,206232,5842,154851,8459,361083,California
Riverside,2021-03-02,15280,531516,7439,278328,7840,253186,1,2,8973,208949,6284,161135,9001,370084,California
Riverside,2021-03-03,16852,548368,8345,286673,8507,261693,0,2,7277,206827,9526,170661,7404,377488,California
Riverside,2021-03-04,18699,567067,7444,294117,11251,272944,4,6,8880,206086,9775,180436,9034,386522,California
Riverside,2021-03-05,18719,585786,7507,301624,11168,284112,44,50,9261,206260,9408,189844,9582,396104,California
Riverside,2021-03-06,9441,595227,5010,306634,3949,288061,482,532,4693,206731,4734,194578,5205,401309,California
Riverside,2021-03-07,4174,599401,2698,309332,1086,289147,390,922,1960,206881,2204,196782,2354,403663,California
Riverside,2021-03-08,11927,611328,4739,314071,6780,295927,408,1330,5312,206050,6597,203379,5766,409429,California
Riverside,2021-03-09,14653,625981,6762,320833,7393,303320,498,1828,5785,203617,8850,212229,6417,415846,California
Riverside,2021-03-10,15607,641588,8384,329217,6344,309664,879,2707,6004,201087,9564,221793,7034,422880,California
Riverside,2021-03-11,19183,660771,9437,338654,7910,317574,1836,4543,7560,199105,11589,233382,9607,432487,California
Riverside,2021-03-12,21139,681910,7918,346572,8487,326061,4734,9277,7091,197242,14015,247397,12152,444639,California
Riverside,2021-03-13,8390,690300,2506,349078,4679,330740,1205,10482,4294,198744,4076,251473,5578,450217,California
Riverside,2021-03-14,4606,694906,1582,350660,1734,332474,1290,11772,2046,199527,2550,254023,3333,453550,California
Riverside,2021-03-15,18661,713567,7847,358507,9143,341617,1671,13443,9188,201051,9434,263457,10958,464508,California
Riverside,2021-03-16,20887,734454,10137,368644,9935,351552,815,14258,11384,203880,9463,272920,12292,476800,California
Riverside,2021-03-17,21260,755714,10904,379548,9307,360859,1049,15307,12769,209299,8459,281379,13878,490678,California
Riverside,2021-03-18,22550,778264,11726,391274,9171,370030,1653,16960,12518,213491,9987,291366,14179,504857,California
Riverside,2021-03-19,24003,802267,12576,403850,10477,380507,950,17910,14035,218922,9916,301282,15347,520204,California
Riverside,2021-03-20,10594,812861,6841,410691,2590,383097,1163,19073,6827,223174,3739,305021,7991,528195,California
Riverside,2021-03-21,3676,816537,2872,413563,551,383648,253,19326,2524,224813,1139,306160,2778,530973,California
Riverside,2021-03-22,16629,833166,9918,423481,6159,389807,552,19878,10597,229974,5985,312145,11146,542119,California
Riverside,2021-03-23,18535,851701,10489,433970,7624,397431,422,20300,11949,235829,6531,318676,12386,554505,California
Riverside,2021-03-24,18667,870368,10405,444375,8143,405574,119,20419,12843,243020,5778,324454,12969,567474,California
Riverside,2021-03-25,21085,891453,11642,456017,9265,414839,178,20597,14171,250529,6848,331302,14357,581831,California
Riverside,2021-03-26,24048,915501,11865,467882,12011,426850,172,20769,15008,256769,8943,340245,15183,597014,California
Riverside,2021-03-27,9255,924756,4857,472739,3342,430192,1056,21825,4788,258164,4449,344694,5844,602858,California
Riverside,2021-03-28,4722,929478,3105,475844,1525,431717,92,21917,2837,259219,1875,346569,2930,605788,California
Riverside,2021-03-29,17627,947105,8447,484291,9064,440781,116,22033,10961,263675,6632,353201,11088,616876,California
Riverside,2021-03-30,18308,965413,9537,493828,8567,449348,204,22237,11795,269200,6477,359678,12002,628878,California
Riverside,2021-03-31,17972,983385,8377,502205,9296,458644,299,22536,11425,274430,6504,366182,11734,640612,California
Riverside,2021-04-01,25325,1008710,12384,514589,12198,470842,743,23279,16390,282684,8877,375059,17131,657743,California
Riverside,2021-04-02,25996,1034706,14016,528605,11049,481891,931,24210,16346,290591,9596,384655,17503,675246,California
Riverside,2021-04-03,9234,1043940,5891,534496,2783,484674,560,24770,5996,293925,3221,387876,6555,681801,California
Riverside,2021-04-04,3350,1047290,2047,536543,1082,485756,221,24991,1749,294302,1594,389470,1971,683772,California
Riverside,2021-04-05,18307,1065597,9395,545938,7092,492848,1820,26811,9876,297603,8399,397869,11700,695472,California
Riverside,2021-04-06,23593,1089190,12251,558189,9250,502098,2092,28903,13143,302431,10404,408273,15232,710704,California
Riverside,2021-04-07,24487,1113677,13175,571364,8857,510955,2455,31358,13652,307746,10793,419066,16108,726812,California
Riverside,2021-04-08,26929,1140606,14812,586176,9198,520153,2919,34277,16430,316637,10442,429508,19333,746145,California
Riverside,2021-04-09,25971,1166577,15306,601482,8265,528418,2400,36677,15877,324881,10052,439560,18296,764441,California
Riverside,2021-04-10,11914,1178491,6707,608189,3827,532245,1380,38057,5226,324835,6648,446208,6602,771043,California
Riverside,2021-04-11,4554,1183045,2719,610908,1242,533487,593,38650,2161,325207,2381,448589,2753,773796,California
Riverside,2021-04-12,20005,1203050,8913,619821,8510,541997,2582,41232,10076,327975,9891,458480,12659,786455,California
Riverside,2021-04-13,19872,1222922,11134,630955,8713,550710,25,41257,11353,330876,8479,466959,11380,797835,California
Riverside,2021-04-14,21981,1244903,12093,643048,9873,560583,15,41272,10765,330502,11156,478115,10782,808617,California
Riverside,2021-04-15,21593,1266496,12132,655180,9454,570037,7,41279,11313,331606,10218,488333,11322,819939,California
Riverside,2021-04-16,24916,1291412,14427,669607,10483,580520,6,41285,11627,330010,13236,501569,11640,831579,California
Riverside,2021-04-17,9840,1301252,6490,676097,3350,583870,0,41285,4976,330143,4849,506418,4982,836561,California
Riverside,2021-04-18,3856,1305108,2812,678909,1037,584907,7,41292,1840,329988,2004,508422,1849,838410,California
Riverside,2021-04-19,19429,1324537,11566,690475,7861,592768,2,41294,6958,324522,12432,520854,6966,845376,California
Riverside,2021-04-20,18760,1343297,9880,700355,8871,601639,9,41303,7680,321172,11043,531897,7693,853069,California
Riverside,2021-04-21,19375,1362672,11038,711393,8329,609968,8,41311,7646,317161,11672,543569,7661,860730,California
Riverside,2021-04-22,23046,1385718,13417,724810,9626,619594,3,41314,8571,311329,14410,557979,8578,869308,California
Riverside,2021-04-23,23076,1408794,13576,738386,9486,629080,14,41328,9009,306344,14016,571995,9031,878339,California
Riverside,2021-04-24,10440,1419234,7296,745682,3142,632222,2,41330,4851,305642,5556,577551,4854,883193,California
Riverside,2021-04-25,4211,1423445,2826,748508,1385,633607,0,41330,2205,305856,1992,579543,2206,885399,California
Riverside,2021-04-26,15822,1439267,9984,758492,5797,639404,41,41371,5285,300681,10504,590047,5329,890728,California
Riverside,2021-04-27,16985,1456252,9610,768102,7217,646621,158,41529,5852,295603,11088,601135,6010,896738,California
Riverside,2021-04-28,15652,1471904,8529,776631,6894,653515,229,41758,5239,290712,10359,611494,5468,902206,California
Riverside,2021-04-29,16202,1488106,9982,786613,5933,659448,287,42045,4691,284231,11459,622953,4978,907184,California
Riverside,2021-04-30,18096,1506202,10472,797085,7293,666741,331,42376,5744,278001,12309,635262,6079,913263,California
Riverside,2021-05-01,3850,1510052,2832,799917,973,667714,45,42421,1162,276538,2669,637931,1206,914469,California
Riverside,2021-05-02,1076,1511128,734,800651,297,668011,45,42466,355,276224,715,638646,401,914870,California
Riverside,2021-05-03,14015,1525143,8138,808789,5677,673688,200,42666,3146,268750,10821,649467,3347,918217,California
Riverside,2021-05-04,11160,1536303,7407,816196,3579,677267,174,42840,2829,263458,8296,657763,3004,921221,California
Sacramento,2020-12-15,315,315,315,315,0,0,0,0,315,315,0,0,315,315,California
Sacramento,2020-12-16,643,958,643,958,0,0,0,0,643,958,0,0,643,958,California
Sacramento,2020-12-17,646,1604,646,1604,0,0,0,0,646,1604,0,0,646,1604,California
Sacramento,2020-12-18,972,2576,972,2576,0,0,0,0,972,2576,0,0,972,2576,California
Sacramento,2020-12-19,612,3188,612,3188,0,0,0,0,612,3188,0,0,612,3188,California
Sacramento,2020-12-20,633,3821,633,3821,0,0,0,0,633,3821,0,0,633,3821,California
Sacramento,2020-12-21,1677,5498,1677,5498,0,0,0,0,1678,5499,0,0,1678,5499,California
Sacramento,2020-12-22,2096,7594,2063,7561,33,33,0,0,2096,7595,0,0,2096,7595,California
Sacramento,2020-12-23,2250,9844,2082,9643,168,201,0,0,2250,9845,0,0,2250,9845,California
Sacramento,2020-12-24,1046,10890,835,10478,211,412,0,0,1046,10891,0,0,1046,10891,California
Sacramento,2020-12-25,1,10891,0,10478,1,413,0,0,1,10892,0,0,1,10892,California
Sacramento,2020-12-26,509,11400,291,10769,218,631,0,0,509,11401,0,0,509,11401,California
Sacramento,2020-12-27,351,11751,247,11016,104,735,0,0,351,11752,0,0,351,11752,California
Sacramento,2020-12-28,1903,13654,1324,12340,579,1314,0,0,1902,13653,1,1,1902,13654,California
Sacramento,2020-12-29,1951,15605,1188,13528,763,2077,0,0,1951,15604,0,1,1951,15605,California
Sacramento,2020-12-30,2556,18161,1454,14982,1102,3179,0,0,2557,18161,0,1,2557,18162,California
Sacramento,2020-12-31,1229,19390,695,15677,534,3713,0,0,1230,19391,0,1,1230,19392,California
Sacramento,2021-01-01,81,19471,70,15747,11,3724,0,0,81,19472,0,1,81,19473,California
Sacramento,2021-01-02,563,20034,362,16109,201,3925,0,0,563,20035,0,1,563,20036,California
Sacramento,2021-01-03,410,20444,221,16330,189,4114,0,0,410,20445,0,1,410,20446,California
Sacramento,2021-01-04,1958,22402,845,17175,1113,5227,0,0,1956,22400,1,2,1956,22402,California
Sacramento,2021-01-05,2212,24614,986,18161,1226,6453,0,0,1858,23911,354,356,1865,24267,California
Sacramento,2021-01-06,2734,27348,1621,19782,1113,7566,0,0,1959,25098,772,1128,1959,26226,California
Sacramento,2021-01-07,2828,30176,1504,21286,1324,8890,0,0,1968,26209,857,1985,1968,28194,California
Sacramento,2021-01-08,3299,33475,2094,23380,1205,10095,0,0,2262,27439,1033,3018,2263,30457,California
Sacramento,2021-01-09,1287,34762,798,24178,489,10584,0,0,897,27948,388,3406,897,31354,California
Sacramento,2021-01-10,1246,36008,710,24888,536,11120,0,0,775,28254,470,3876,776,32130,California
Sacramento,2021-01-11,4349,40357,2959,27847,1390,12510,0,0,2413,28744,1935,5811,2425,34555,California
Sacramento,2021-01-12,4395,44752,3033,30880,1362,13872,0,0,2428,29210,1966,7777,2432,36987,California
Sacramento,2021-01-13,3789,48541,2173,33053,1616,15488,0,0,2375,30173,1413,9190,2376,39363,California
Sacramento,2021-01-14,4620,53161,2367,35420,2253,17741,0,0,3697,32951,919,10109,3697,43060,California
Sacramento,2021-01-15,4420,57581,2263,37683,2157,19898,0,0,3698,35929,721,10830,3699,46759,California
Sacramento,2021-01-16,2090,59671,1292,38975,798,20696,0,0,1873,37585,217,11047,1873,48632,California
Sacramento,2021-01-17,1638,61309,951,39926,687,21383,0,0,1460,38870,178,11225,1463,50095,California
Sacramento,2021-01-18,2862,64171,1768,41694,1094,22477,0,0,2335,40680,526,11751,2336,52431,California
Sacramento,2021-01-19,5000,69171,3053,44747,1947,24424,0,0,3730,43142,1270,13021,3732,56163,California
Sacramento,2021-01-20,4782,73953,2825,47572,1957,26381,0,0,3564,45491,1220,14241,3569,59732,California
Sacramento,2021-01-21,5190,79143,2990,50562,2200,28581,0,0,4227,48762,957,15198,4228,63960,California
Sacramento,2021-01-22,4978,84121,2653,53215,2325,30906,0,0,4677,53140,300,15498,4678,68638,California
Sacramento,2021-01-23,3728,87849,1559,54774,2169,33075,0,0,3271,55954,457,15955,3271,71909,California
Sacramento,2021-01-24,1591,89440,996,55770,595,33670,0,0,1350,57064,241,16196,1351,73260,California
Sacramento,2021-01-25,4359,93799,2110,57880,2249,35919,0,0,2942,58591,1417,17613,2944,76204,California
Sacramento,2021-01-26,4723,98522,2136,60016,2587,38506,0,0,3521,60914,1200,18813,3523,79727,California
Sacramento,2021-01-27,5804,104326,3050,63066,2754,41260,0,0,4200,63515,1601,20414,4202,83929,California
Sacramento,2021-01-28,5360,109686,2707,65773,2653,43913,0,0,4266,66689,1093,21507,4267,88196,California
Sacramento,2021-01-29,5399,115085,2938,68711,2461,46374,0,0,4374,70047,1016,22523,4374,92570,California
Sacramento,2021-01-30,4513,119598,2208,70919,2305,48679,0,0,4078,73692,433,22956,4078,96648,California
Sacramento,2021-01-31,2302,121900,2008,72927,294,48973,0,0,2027,75448,273,23229,2029,98677,California
Sacramento,2021-02-01,5908,127808,3014,75941,2894,51867,0,0,4245,78034,1659,24888,4245,102922,California
Sacramento,2021-02-02,6929,134737,3761,79702,3168,55035,0,0,4846,80818,2064,26952,4848,107770,California
Sacramento,2021-02-03,7090,141827,3551,83253,3539,58574,0,0,5230,84200,1850,28802,5232,113002,California
Sacramento,2021-02-04,7716,149543,3638,86891,4078,62652,0,0,5500,87494,2206,31008,5500,118502,California
Sacramento,2021-02-05,7803,157346,4444,91335,3359,66011,0,0,4869,89455,2911,33919,4872,123374,California
Sacramento,2021-02-06,8432,165778,3449,94784,4983,70994,0,0,7104,95236,1324,35243,7105,130479,California
Sacramento,2021-02-07,4066,169844,2182,96966,1884,72878,0,0,2846,96872,1212,36455,2848,133327,California
Sacramento,2021-02-08,6196,176040,3200,100166,2996,75874,0,0,3887,98454,2305,38760,3887,137214,California
Sacramento,2021-02-09,6803,182843,3593,103759,3210,79084,0,0,4012,99685,2782,41542,4013,141227,California
Sacramento,2021-02-10,7657,190500,4173,107932,3484,82568,0,0,4532,101108,3111,44653,4534,145761,California
Sacramento,2021-02-11,9587,200087,5737,113669,3850,86418,0,0,5552,102640,4022,48675,5554,151315,California
Sacramento,2021-02-12,10648,210735,4141,117810,6507,92925,0,0,6398,104846,4195,52870,6401,157716,California
Sacramento,2021-02-13,7606,218341,2992,120802,4614,97539,0,0,6023,109288,1581,54451,6023,163739,California
Sacramento,2021-02-14,3132,221473,1936,122738,1196,98735,0,0,2071,110304,1059,55510,2075,165814,California
Sacramento,2021-02-15,5981,227454,2039,124777,3942,102677,0,0,4159,112650,1815,57325,4161,169975,California
Sacramento,2021-02-16,9022,236476,4200,128977,4822,107499,0,0,5293,114225,3722,61047,5297,175272,California
Sacramento,2021-02-17,8822,245298,4976,133953,3846,111345,0,0,5134,115685,3676,64723,5136,180408,California
Sacramento,2021-02-18,9528,254826,5713,139666,3815,115160,0,0,5751,117669,3770,68493,5754,186162,California
Sacramento,2021-02-19,9999,264825,6132,145798,3867,119027,0,0,5909,119506,4077,72570,5914,192076,California
Sacramento,2021-02-20,7353,272178,5371,151169,1982,121009,0,0,4301,120764,3044,75614,4302,196378,California
Sacramento,2021-02-21,2917,275095,2320,153489,597,121606,0,0,1018,119891,1891,77505,1018,197396,California
Sacramento,2021-02-22,6186,281281,3743,157232,2443,124049,0,0,2683,119086,3492,80997,2687,200083,California
Sacramento,2021-02-23,7133,288414,4434,161666,2699,126748,0,0,3469,118911,3648,84645,3473,203556,California
Sacramento,2021-02-24,9641,298055,5293,166959,4348,131096,0,0,5282,119856,4342,88987,5287,208843,California
Sacramento,2021-02-25,10093,308148,5406,172365,4687,135783,0,0,5589,120956,4489,93476,5589,214432,California
Sacramento,2021-02-26,13885,322033,6455,178820,7430,143213,0,0,9562,126230,4292,97768,9566,223998,California
Sacramento,2021-02-27,10797,332830,6715,185535,4079,147292,3,3,7936,131327,2843,100611,7940,231938,California
Sacramento,2021-02-28,5604,338434,2216,187751,3388,150680,0,3,2588,130914,3002,103613,2589,234527,California
Sacramento,2021-03-01,8033,346467,3465,191216,4568,155248,0,3,4345,131595,3666,107279,4347,238874,California
Sacramento,2021-03-02,9234,355701,4016,195232,5217,160465,1,4,5667,133714,3552,110831,5671,244545,California
Sacramento,2021-03-03,10907,366608,4997,200229,5907,166372,3,7,6501,135832,4388,115219,6506,251051,California
Sacramento,2021-03-04,13396,380004,6151,206380,7241,173613,4,11,7459,137394,5907,121126,7469,258520,California
Sacramento,2021-03-05,10562,390566,4878,211258,5654,179267,30,41,7020,140923,3521,124647,7050,265570,California
Sacramento,2021-03-06,8077,398643,3097,214355,4858,184125,122,163,4087,141158,3973,128620,4208,269778,California
Sacramento,2021-03-07,7579,406222,2191,216546,5303,189428,85,248,3725,141116,3850,132470,3808,273586,California
Sacramento,2021-03-08,9097,415319,4240,220786,4633,194061,224,472,5957,144168,3127,135597,6179,279765,California
Sacramento,2021-03-09,9529,424848,4525,225311,4731,198792,273,745,5485,145897,4029,139626,5758,285523,California
Sacramento,2021-03-10,11666,436514,7476,232787,3861,202653,329,1074,6823,148243,4808,144434,7154,292677,California
Sacramento,2021-03-11,13879,450393,8895,241682,4194,206847,790,1864,8240,151671,5601,150035,9029,301706,California
Sacramento,2021-03-12,17249,467642,8301,249983,8116,214963,832,2696,8141,151596,9056,159091,8981,310687,California
Sacramento,2021-03-13,12944,480586,3571,253554,8950,223913,423,3119,8145,155376,4786,163877,8566,319253,California
Sacramento,2021-03-14,8373,488959,3461,257015,4282,228195,630,3749,4476,156607,3874,167751,5105,324358,California
Sacramento,2021-03-15,12148,501107,4816,261831,6683,234878,649,4398,7068,159267,5059,172810,7719,332077,California
Sacramento,2021-03-16,13948,515055,6197,268028,7113,241991,638,5036,8616,163218,5299,178109,9250,341327,California
Sacramento,2021-03-17,13568,528623,6567,274595,6391,248382,610,5646,8748,167788,4793,182902,9363,350690,California
Sacramento,2021-03-18,14023,542646,6600,281195,6859,255241,564,6210,9292,172939,4703,187605,9854,360544,California
Sacramento,2021-03-19,15076,557722,7482,288677,6225,261466,1369,7579,7636,174527,7415,195020,9003,369547,California
Sacramento,2021-03-20,12884,570606,7528,296205,5017,266483,339,7918,8171,178357,4682,199702,8512,378059,California
Sacramento,2021-03-21,5597,576203,2751,298956,2807,269290,39,7957,4946,182705,639,200341,4987,383046,California
Sacramento,2021-03-22,9274,585477,4782,303738,3711,273001,781,8738,6265,186769,2983,203324,7047,390093,California
Sacramento,2021-03-23,11304,596781,6740,310478,3756,276757,808,9546,7307,190924,3959,207283,8114,398207,California
Sacramento,2021-03-24,11834,608615,7261,317739,3942,280699,631,10177,6742,193288,5011,212294,7375,405582,California
Sacramento,2021-03-25,12561,621176,6841,324580,4913,285612,807,10984,7303,196178,5216,217510,8106,413688,California
Sacramento,2021-03-26,17601,638777,8310,332890,8803,294415,488,11472,8621,196376,8913,226423,9111,422799,California
Sacramento,2021-03-27,9647,648424,3548,336438,5813,300228,286,11758,5208,197458,4408,230831,5490,428289,California
Sacramento,2021-03-28,6497,654921,3211,339649,3038,303266,248,12006,3127,197477,3360,234191,3379,431668,California
Sacramento,2021-03-29,10998,665919,5889,345538,4738,308004,371,12377,5215,197310,5755,239946,5588,437256,California
Sacramento,2021-03-30,11812,677731,6061,351599,5360,313364,391,12768,6043,197997,5746,245692,6433,443689,California
Sacramento,2021-03-31,13365,691096,7818,359417,5150,318514,397,13165,5659,196365,7681,253373,6049,449738,California
Sacramento,2021-04-01,15605,706701,8729,368146,6656,325170,220,13385,5885,192787,9689,263062,6111,455849,California
Sacramento,2021-04-02,17008,723709,9654,377800,6628,331798,726,14111,8960,194454,8021,271083,9688,465537,California
Sacramento,2021-04-03,10348,734057,6165,383965,3636,335434,547,14658,6359,197397,3961,275044,6904,472441,California
Sacramento,2021-04-04,3678,737735,1521,385486,1970,337404,187,14845,1442,196791,2232,277276,1626,474067,California
Sacramento,2021-04-05,11985,749720,7523,393009,3632,341036,830,15675,5349,196363,6602,283878,6174,480241,California
Sacramento,2021-04-06,15529,765249,8828,401837,5360,346396,1341,17016,6867,195938,8632,292510,8207,488448,California
Sacramento,2021-04-07,14687,779936,7951,409788,5159,351555,1577,18593,7127,197106,7527,300037,8695,497143,California
Sacramento,2021-04-08,14886,794822,6685,416473,5235,356790,2966,21559,5913,197030,8942,308979,8866,506009,California
Sacramento,2021-04-09,15770,810592,7659,424132,5947,362737,2164,23723,6114,195682,9619,318598,8271,514280,California
Sacramento,2021-04-10,11636,822228,3111,427243,7472,370209,1053,24776,4592,194299,7020,325618,5637,519917,California
Sacramento,2021-04-11,9489,831717,3098,430341,6169,376378,222,24998,2602,190259,6863,332481,2823,522740,California
Sacramento,2021-04-12,12863,844580,4985,435326,6016,382394,1862,26860,4918,189133,7894,340375,6768,529508,California
Sacramento,2021-04-13,14233,858813,7942,443268,6287,388681,4,26864,5580,186095,8626,349001,5588,535096,California
Sacramento,2021-04-14,14103,872916,7154,450422,6947,395628,2,26866,5114,182259,8956,357957,5120,540216,California
Sacramento,2021-04-15,15300,888216,7436,457858,7862,403490,2,26868,6451,179898,8817,366774,6456,546672,California
Sacramento,2021-04-16,15959,904175,8242,466100,7717,411207,0,26868,7079,178137,8842,375616,7081,553753,California
Sacramento,2021-04-17,12000,916175,4398,470498,7602,418809,0,26868,7919,181995,4064,379680,7922,561675,California
Sacramento,2021-04-18,7227,923402,1932,472430,5295,424104,0,26868,3441,181663,3774,383454,3442,565117,California
Sacramento,2021-04-19,10519,933921,5692,478122,4824,428928,3,26871,4713,180595,5786,389240,4718,569835,California
Sacramento,2021-04-20,11062,944983,6716,484838,4343,433271,3,26874,5896,181349,5149,394389,5903,575738,California
Sacramento,2021-04-21,11437,956420,6606,491444,4829,438100,2,26876,6218,182376,5194,399583,6221,581959,California
Sacramento,2021-04-22,12327,968747,7423,498867,4901,443001,3,26879,6647,183374,5654,405237,6652,588611,California
Sacramento,2021-04-23,13856,982603,8408,507275,5448,448449,0,26879,6336,182224,7487,412724,6337,594948,California
Sacramento,2021-04-24,11299,993902,6993,514268,4305,452754,1,26880,5929,182822,5333,418057,5931,600879,California
Sacramento,2021-04-25,7967,1001869,4479,518747,3488,456242,0,26880,4155,183178,3800,421857,4156,605035,California
Sacramento,2021-04-26,9816,1011685,6157,524904,3634,459876,25,26905,4475,182365,5314,427171,4501,609536,California
Sacramento,2021-04-27,11173,1022858,7353,532257,3700,463576,120,27025,5446,182233,5698,432869,5566,615102,California
Sacramento,2021-04-28,9471,1032329,5521,537778,3750,467326,200,27225,5080,183153,4365,437234,5285,620387,California
Sacramento,2021-04-29,8360,1040689,5401,543179,2663,469989,296,27521,4174,183461,4163,441397,4471,624858,California
Sacramento,2021-04-30,10095,1050784,5926,549105,3935,473924,234,27755,5022,183691,5027,446424,5257,630115,California
Sacramento,2021-05-01,5070,1055854,3370,552475,1606,475530,94,27849,1628,182000,3416,449840,1725,631840,California
Sacramento,2021-05-02,2376,1058230,2039,554514,330,475860,7,27856,1593,182829,771,450611,1600,633440,California
Sacramento,2021-05-03,4774,1063004,3450,557964,1207,477067,117,27973,2715,183615,2045,452656,2831,636271,California
Sacramento,2021-05-04,5998,1069002,3983,561947,1915,478982,100,28073,2194,182137,3773,456429,2295,638566,California
San Benito,2020-12-16,2,2,2,2,0,0,0,0,2,2,0,0,2,2,California
San Benito,2020-12-17,8,10,8,10,0,0,0,0,8,10,0,0,8,10,California
San Benito,2020-12-18,32,42,32,42,0,0,0,0,32,42,0,0,32,42,California
San Benito,2020-12-19,47,89,47,89,0,0,0,0,47,89,0,0,47,89,California
San Benito,2020-12-20,22,111,21,110,1,1,0,0,22,111,0,0,22,111,California
San Benito,2020-12-21,48,159,48,158,0,1,0,0,48,159,0,0,48,159,California
San Benito,2020-12-22,65,224,65,223,0,1,0,0,65,224,0,0,65,224,California
San Benito,2020-12-23,48,272,36,259,12,13,0,0,48,272,0,0,48,272,California
San Benito,2020-12-24,12,284,4,263,8,21,0,0,12,284,0,0,12,284,California
San Benito,2020-12-25,4,288,4,267,0,21,0,0,4,288,0,0,4,288,California
San Benito,2020-12-26,13,301,4,271,9,30,0,0,13,301,0,0,13,301,California
San Benito,2020-12-27,8,309,7,278,1,31,0,0,8,309,0,0,8,309,California
San Benito,2020-12-28,63,372,36,314,27,58,0,0,63,372,0,0,63,372,California
San Benito,2020-12-29,49,421,20,334,29,87,0,0,49,421,0,0,49,421,California
San Benito,2020-12-30,59,480,37,371,22,109,0,0,59,480,0,0,59,480,California
San Benito,2020-12-31,19,499,2,373,17,126,0,0,19,499,0,0,19,499,California
San Benito,2021-01-02,25,524,24,397,1,127,0,0,25,524,0,0,25,524,California
San Benito,2021-01-03,3,527,1,398,2,129,0,0,3,527,0,0,3,527,California
San Benito,2021-01-04,62,589,23,421,39,168,0,0,62,589,0,0,62,589,California
San Benito,2021-01-05,119,708,37,458,82,250,0,0,116,702,3,3,116,705,California
San Benito,2021-01-06,97,805,42,500,55,305,0,0,83,771,14,17,83,788,California
San Benito,2021-01-07,80,885,43,543,37,342,0,0,52,795,28,45,52,840,California
San Benito,2021-01-08,129,1014,66,609,63,405,0,0,86,838,43,88,86,926,California
San Benito,2021-01-09,43,1057,30,639,13,418,0,0,29,853,14,102,29,955,California
San Benito,2021-01-10,15,1072,13,652,2,420,0,0,5,848,10,112,5,960,California
San Benito,2021-01-11,102,1174,59,711,43,463,0,0,49,844,53,165,49,1009,California
San Benito,2021-01-12,156,1330,53,764,103,566,0,0,120,928,36,201,120,1129,California
San Benito,2021-01-13,190,1520,35,799,155,721,0,0,163,1064,27,228,163,1292,California
San Benito,2021-01-14,116,1636,23,822,93,814,0,0,99,1146,17,245,99,1391,California
San Benito,2021-01-15,215,1851,21,843,194,1008,0,0,201,1333,14,259,201,1592,California
San Benito,2021-01-16,27,1878,9,852,18,1026,0,0,21,1348,6,265,21,1613,California
San Benito,2021-01-17,11,1889,5,857,6,1032,0,0,8,1353,3,268,8,1621,California
San Benito,2021-01-18,36,1925,23,880,13,1045,0,0,21,1359,15,283,21,1642,California
San Benito,2021-01-19,151,2076,64,944,87,1132,0,0,125,1458,26,309,125,1767,California
San Benito,2021-01-20,275,2351,94,1038,181,1313,0,0,229,1642,45,354,229,1996,California
San Benito,2021-01-21,124,2475,31,1069,93,1406,0,0,100,1718,24,378,100,2096,California
San Benito,2021-01-22,231,2706,19,1088,212,1618,0,0,221,1929,10,388,221,2317,California
San Benito,2021-01-23,31,2737,17,1105,14,1632,0,0,13,1924,18,406,13,2330,California
San Benito,2021-01-24,11,2748,3,1108,8,1640,0,0,7,1927,4,410,7,2337,California
San Benito,2021-01-25,67,2815,25,1133,42,1682,0,0,21,1902,46,456,21,2358,California
San Benito,2021-01-26,134,2949,41,1174,93,1775,0,0,81,1930,53,509,81,2439,California
San Benito,2021-01-27,230,3179,69,1243,161,1936,0,0,190,2080,40,549,190,2629,California
San Benito,2021-01-28,155,3334,32,1275,123,2059,0,0,123,2172,31,580,123,2752,California
San Benito,2021-01-29,284,3618,31,1306,253,2312,0,0,261,2411,22,602,261,3013,California
San Benito,2021-01-30,50,3668,31,1337,19,2331,0,0,28,2417,22,624,28,3041,California
San Benito,2021-01-31,16,3684,5,1342,11,2342,0,0,11,2423,5,629,11,3052,California
San Benito,2021-02-01,133,3817,28,1370,105,2447,0,0,89,2468,44,673,89,3141,California
San Benito,2021-02-02,226,4043,49,1419,177,2624,0,0,136,2514,90,763,136,3277,California
San Benito,2021-02-03,336,4379,42,1461,294,2918,0,0,272,2722,64,827,272,3549,California
San Benito,2021-02-04,162,4541,24,1485,138,3056,0,0,118,2796,44,871,118,3667,California
San Benito,2021-02-05,289,4830,40,1525,249,3305,0,0,227,2961,62,933,227,3894,California
San Benito,2021-02-06,49,4879,9,1534,40,3345,0,0,32,2976,17,950,32,3926,California
San Benito,2021-02-07,15,4894,7,1541,8,3353,0,0,14,2989,1,951,14,3940,California
San Benito,2021-02-08,138,5032,15,1556,123,3476,0,0,92,3035,46,997,92,4032,California
San Benito,2021-02-09,326,5358,64,1620,262,3738,0,0,194,3097,132,1129,194,4226,California
San Benito,2021-02-10,319,5677,88,1708,231,3969,0,0,111,3001,207,1336,111,4337,California
San Benito,2021-02-11,296,5973,32,1740,264,4233,0,0,198,3101,98,1434,198,4535,California
San Benito,2021-02-12,412,6385,30,1770,382,4615,0,0,207,3104,204,1638,207,4742,California
San Benito,2021-02-13,57,6442,8,1778,49,4664,0,0,43,3133,14,1652,43,4785,California
San Benito,2021-02-14,40,6482,5,1783,35,4699,0,0,30,3153,10,1662,30,4815,California
San Benito,2021-02-15,106,6588,9,1792,97,4796,0,0,95,3237,11,1673,95,4910,California
San Benito,2021-02-16,205,6793,11,1803,194,4990,0,0,101,3234,104,1777,101,5011,California
San Benito,2021-02-17,327,7120,30,1833,297,5287,0,0,278,3463,49,1826,278,5289,California
San Benito,2021-02-18,293,7413,38,1871,255,5542,0,0,72,3314,221,2047,72,5361,California
San Benito,2021-02-19,342,7755,45,1916,297,5839,0,0,177,3326,165,2212,177,5538,California
San Benito,2021-02-20,45,7800,26,1942,19,5858,0,0,36,3353,9,2221,36,5574,California
San Benito,2021-02-21,23,7823,8,1950,15,5873,0,0,14,3358,9,2230,14,5588,California
San Benito,2021-02-22,132,7955,36,1986,96,5969,0,0,98,3423,33,2263,98,5686,California
San Benito,2021-02-23,374,8329,92,2078,282,6251,0,0,262,3573,112,2375,262,5948,California
San Benito,2021-02-24,376,8705,63,2141,313,6564,0,0,236,3669,140,2515,236,6184,California
San Benito,2021-02-25,392,9097,63,2204,329,6893,0,0,271,3817,123,2638,271,6455,California
San Benito,2021-02-26,640,9737,72,2276,568,7461,0,0,397,3971,243,2881,397,6852,California
San Benito,2021-02-27,98,9835,36,2312,62,7523,0,0,83,4039,15,2896,83,6935,California
San Benito,2021-02-28,248,10083,24,2336,224,7747,0,0,239,4269,9,2905,239,7174,California
San Benito,2021-03-01,224,10307,59,2395,165,7912,0,0,155,4354,70,2975,155,7329,California
San Benito,2021-03-02,275,10582,90,2485,185,8097,0,0,205,4489,70,3045,205,7534,California
San Benito,2021-03-03,393,10975,58,2543,335,8432,0,0,217,4532,174,3219,217,7751,California
San Benito,2021-03-04,610,11585,124,2667,471,8903,15,15,429,4784,181,3400,433,8184,California
San Benito,2021-03-05,582,12167,305,2972,264,9167,13,28,373,4962,208,3608,386,8570,California
San Benito,2021-03-06,190,12357,66,3038,110,9277,14,42,139,5064,51,3659,153,8723,California
San Benito,2021-03-07,647,13004,603,3641,22,9299,22,64,615,5669,32,3691,637,9360,California
San Benito,2021-03-08,288,13292,65,3706,177,9476,46,110,167,5761,121,3812,213,9573,California
San Benito,2021-03-09,423,13715,84,3790,240,9716,99,209,137,5685,285,4097,209,9782,California
San Benito,2021-03-10,402,14117,114,3904,193,9909,95,304,232,5842,170,4267,327,10109,California
San Benito,2021-03-11,467,14584,119,4023,196,10105,152,456,206,5939,261,4528,358,10467,California
San Benito,2021-03-12,511,15095,117,4140,300,10405,94,550,229,5983,280,4808,324,10791,California
San Benito,2021-03-13,202,15297,102,4242,82,10487,18,568,128,6058,71,4879,146,10937,California
San Benito,2021-03-14,232,15529,40,4282,172,10659,20,588,180,6207,51,4930,200,11137,California
San Benito,2021-03-15,325,15854,100,4382,206,10865,19,607,191,6283,134,5064,210,11347,California
San Benito,2021-03-16,496,16350,218,4600,247,11112,31,638,349,6515,147,5211,379,11726,California
San Benito,2021-03-17,785,17135,475,5075,289,11401,21,659,559,6865,222,5433,572,12298,California
San Benito,2021-03-18,786,17921,524,5599,207,11608,55,714,572,7271,212,5645,618,12916,California
San Benito,2021-03-19,777,18698,404,6003,350,11958,23,737,577,7671,200,5845,600,13516,California
San Benito,2021-03-20,239,18937,147,6150,80,12038,12,749,183,7810,56,5901,195,13711,California
San Benito,2021-03-21,108,19045,56,6206,47,12085,5,754,81,7869,27,5928,86,13797,California
San Benito,2021-03-22,344,19389,171,6377,148,12233,25,779,221,7992,123,6051,246,14043,California
San Benito,2021-03-23,475,19864,197,6574,268,12501,10,789,215,7956,260,6311,224,14267,California
San Benito,2021-03-24,575,20439,305,6879,263,12764,7,796,360,8109,214,6525,367,14634,California
San Benito,2021-03-25,741,21180,440,7319,297,13061,4,800,442,8260,295,6820,446,15080,California
San Benito,2021-03-26,999,22179,517,7836,479,13540,3,803,331,7927,667,7487,334,15414,California
San Benito,2021-03-27,332,22511,184,8020,115,13655,33,836,215,8059,116,7603,248,15662,California
San Benito,2021-03-28,692,23203,570,8590,117,13772,5,841,126,7624,566,8169,131,15793,California
San Benito,2021-03-29,344,23547,110,8700,214,13986,20,861,149,7597,195,8364,168,15961,California
San Benito,2021-03-30,571,24118,268,8968,209,14195,94,955,288,7696,283,8647,382,16343,California
San Benito,2021-03-31,582,24700,356,9324,202,14397,24,979,334,7808,246,8893,358,16701,California
San Benito,2021-04-01,930,25630,372,9696,520,14917,38,1017,554,8019,375,9268,586,17287,California
San Benito,2021-04-02,540,26170,264,9960,141,15058,135,1152,267,8148,273,9541,402,17689,California
San Benito,2021-04-03,252,26422,87,10047,103,15161,62,1214,74,8106,178,9719,136,17825,California
San Benito,2021-04-04,144,26566,109,10156,30,15191,5,1219,107,8181,37,9756,112,17937,California
San Benito,2021-04-05,351,26917,171,10327,138,15329,42,1261,143,8157,208,9964,184,18121,California
San Benito,2021-04-06,459,27376,158,10485,127,15456,174,1435,158,8188,301,10265,332,18453,California
San Benito,2021-04-07,922,28298,520,11005,212,15668,190,1625,253,7963,668,10933,443,18896,California
San Benito,2021-04-08,848,29146,425,11430,173,15841,250,1875,216,7798,631,11564,466,19362,California
San Benito,2021-04-09,838,29984,497,11927,250,16091,91,1966,289,7629,549,12113,380,19742,California
San Benito,2021-04-10,319,30303,191,12118,71,16162,57,2023,174,7715,145,12258,231,19973,California
San Benito,2021-04-11,470,30773,270,12388,167,16329,33,2056,249,7770,220,12478,275,20248,California
San Benito,2021-04-12,523,31296,283,12671,129,16458,111,2167,272,7900,250,12728,380,20628,California
San Benito,2021-04-13,752,32048,290,12961,439,16897,23,2190,523,8219,228,12956,547,21175,California
San Benito,2021-04-14,836,32884,658,13619,178,17075,0,2190,401,8190,430,13386,401,21576,California
San Benito,2021-04-15,929,33813,721,14340,207,17282,1,2191,459,8181,469,13855,460,22036,California
San Benito,2021-04-16,694,34507,363,14703,322,17604,9,2200,291,8081,400,14255,300,22336,California
San Benito,2021-04-17,315,34822,227,14930,88,17692,0,2200,127,8020,188,14443,127,22463,California
San Benito,2021-04-18,491,35313,410,15340,81,17773,0,2200,241,8012,250,14693,242,22705,California
San Benito,2021-04-19,727,36040,586,15926,141,17914,0,2200,411,8109,315,15008,412,23117,California
San Benito,2021-04-20,747,36787,399,16325,347,18261,1,2201,476,8319,266,15274,476,23593,California
San Benito,2021-04-21,954,37741,703,17028,251,18512,0,2201,522,8423,418,15692,522,24115,California
San Benito,2021-04-22,892,38633,689,17717,203,18715,0,2201,566,8671,318,16010,566,24681,California
San Benito,2021-04-23,623,39256,394,18111,228,18943,1,2202,338,8774,236,16246,339,25020,California
San Benito,2021-04-24,348,39604,196,18307,152,19095,0,2202,158,8782,150,16396,158,25178,California
San Benito,2021-04-25,196,39800,119,18426,77,19172,0,2202,85,8775,92,16488,85,25263,California
San Benito,2021-04-26,462,40262,366,18792,96,19268,0,2202,243,8859,159,16647,243,25506,California
San Benito,2021-04-27,516,40778,258,19050,251,19519,7,2209,388,9136,118,16765,395,25901,California
San Benito,2021-04-28,510,41288,357,19407,144,19663,9,2218,350,9339,155,16920,358,26259,California
San Benito,2021-04-29,532,41820,185,19592,337,20000,10,2228,199,9230,333,17253,224,26483,California
San Benito,2021-04-30,349,42169,197,19789,143,20143,9,2237,178,9248,169,17422,187,26670,California
San Benito,2021-05-01,81,42250,66,19855,14,20157,1,2238,28,9225,52,17474,29,26699,California
San Benito,2021-05-02,113,42363,105,19960,4,20161,4,2242,32,9180,81,17555,36,26735,California
San Benito,2021-05-03,231,42594,191,20151,36,20197,4,2246,59,9073,172,17727,65,26800,California
San Benito,2021-05-04,217,42811,127,20278,89,20286,1,2247,89,9037,127,17854,91,26891,California
San Bernardino,2020-12-15,13,13,13,13,0,0,0,0,13,13,0,0,13,13,California
San Bernardino,2020-12-16,107,120,107,120,0,0,0,0,107,120,0,0,107,120,California
San Bernardino,2020-12-17,2353,2473,2353,2473,0,0,0,0,2353,2473,0,0,2353,2473,California
San Bernardino,2020-12-18,3144,5617,3141,5614,3,3,0,0,3145,5618,0,0,3145,5618,California
San Bernardino,2020-12-19,1070,6687,1069,6683,1,4,0,0,1071,6689,0,0,1071,6689,California
San Bernardino,2020-12-20,1174,7861,1172,7855,2,6,0,0,1174,7863,0,0,1174,7863,California
San Bernardino,2020-12-21,2452,10313,2447,10302,5,11,0,0,2452,10315,0,0,2452,10315,California
San Bernardino,2020-12-22,2269,12582,2143,12445,126,137,0,0,2270,12585,0,0,2270,12585,California
San Bernardino,2020-12-23,2648,15230,1455,13900,1193,1330,0,0,2647,15232,0,0,2647,15232,California
San Bernardino,2020-12-24,1158,16388,582,14482,576,1906,0,0,1160,16392,0,0,1160,16392,California
San Bernardino,2020-12-25,75,16463,14,14496,61,1967,0,0,75,16467,0,0,75,16467,California
San Bernardino,2020-12-26,462,16925,254,14750,208,2175,0,0,462,16929,0,0,462,16929,California
San Bernardino,2020-12-27,343,17268,160,14910,183,2358,0,0,343,17272,0,0,343,17272,California
San Bernardino,2020-12-28,1567,18835,712,15622,855,3213,0,0,1568,18840,0,0,1568,18840,California
San Bernardino,2020-12-29,2211,21046,1042,16664,1169,4382,0,0,2211,21051,0,0,2211,21051,California
San Bernardino,2020-12-30,2895,23941,1459,18123,1436,5818,0,0,2896,23947,0,0,2896,23947,California
San Bernardino,2020-12-31,1358,25299,440,18563,918,6736,0,0,1356,25303,0,0,1356,25303,California
San Bernardino,2021-01-01,282,25581,150,18713,132,6868,0,0,281,25584,0,0,281,25584,California
San Bernardino,2021-01-02,475,26056,338,19051,137,7005,0,0,475,26059,0,0,475,26059,California
San Bernardino,2021-01-03,135,26191,85,19136,50,7055,0,0,135,26194,0,0,135,26194,California
San Bernardino,2021-01-04,2120,28311,1287,20423,833,7888,0,0,2119,28313,0,0,2119,28313,California
San Bernardino,2021-01-05,2334,30645,1462,21885,872,8760,0,0,2224,30428,109,109,2224,30537,California
San Bernardino,2021-01-06,3432,34077,2352,24237,1080,9840,0,0,2938,32879,488,597,2939,33476,California
San Bernardino,2021-01-07,5416,39493,4504,28741,912,10752,0,0,2482,32446,2915,3512,2482,35958,California
San Bernardino,2021-01-08,5367,44860,4445,33186,922,11674,0,0,2291,31666,3072,6584,2292,38250,California
San Bernardino,2021-01-09,1398,46258,1099,34285,299,11973,0,0,902,32072,496,7080,902,39152,California
San Bernardino,2021-01-10,1023,47281,597,34882,426,12399,0,0,576,32201,447,7527,576,39728,California
San Bernardino,2021-01-11,4979,52260,4074,38956,905,13304,0,0,2765,32755,2211,9738,2765,42493,California
San Bernardino,2021-01-12,4229,56489,3218,42174,1011,14315,0,0,2516,33559,1712,11450,2516,45009,California
San Bernardino,2021-01-13,4556,61045,2849,45023,1707,16022,0,0,3333,35683,1210,12660,3334,48343,California
San Bernardino,2021-01-14,4789,65834,2816,47839,1973,17995,0,0,4206,39310,579,13239,4206,52549,California
San Bernardino,2021-01-15,5982,71816,2977,50816,3005,21000,0,0,5586,44513,386,13625,5589,58138,California
San Bernardino,2021-01-16,2258,74074,1293,52109,965,21965,0,0,2116,46487,142,13767,2116,60254,California
San Bernardino,2021-01-17,1189,75263,515,52624,674,22639,0,0,1099,47499,89,13856,1101,61355,California
San Bernardino,2021-01-18,4269,79532,2639,55263,1630,24269,0,0,3648,50530,620,14476,3651,65006,California
San Bernardino,2021-01-19,6306,85838,3709,58972,2597,26866,0,0,5215,54658,1089,15565,5217,70223,California
San Bernardino,2021-01-20,6804,92642,3737,62709,3067,29933,0,0,4875,57614,1921,17486,4877,75100,California
San Bernardino,2021-01-21,5981,98623,3078,65787,2903,32836,0,0,4864,61373,1108,18594,4867,79967,California
San Bernardino,2021-01-22,6520,105143,3051,68838,3469,36305,0,0,5798,66452,720,19314,5799,85766,California
San Bernardino,2021-01-23,3108,108251,1891,70729,1217,37522,0,0,2719,68783,388,19702,2719,88485,California
San Bernardino,2021-01-24,1195,109446,462,71191,733,38255,0,0,1094,69776,101,19803,1094,89579,California
San Bernardino,2021-01-25,6871,116317,3396,74587,3475,41730,0,0,5021,72952,1848,21651,5024,94603,California
San Bernardino,2021-01-26,7107,123424,3569,78156,3538,45268,0,0,5009,75864,2098,23749,5010,99613,California
San Bernardino,2021-01-27,8489,131913,4146,82302,4343,49611,0,0,5693,78769,2788,26537,5693,105306,California
San Bernardino,2021-01-28,8585,140498,4079,86381,4506,54117,0,0,6260,82709,2320,28857,6260,111566,California
San Bernardino,2021-01-29,8183,148681,3771,90152,4412,58529,0,0,6215,86971,1954,30811,6216,117782,California
San Bernardino,2021-01-30,3091,151772,1901,92053,1190,59719,0,0,2804,89489,286,31097,2804,120586,California
San Bernardino,2021-01-31,924,152696,494,92547,430,60149,0,0,870,90306,53,31150,870,121456,California
San Bernardino,2021-02-01,7543,160239,4231,96778,3312,63461,0,0,4926,92618,2614,33764,4926,126382,California
San Bernardino,2021-02-02,10425,170664,3652,100430,6773,70234,0,0,8363,98924,2058,35822,8364,134746,California
San Bernardino,2021-02-03,8986,179650,4148,104578,4838,75072,0,0,6492,102931,2486,38308,6493,141239,California
San Bernardino,2021-02-04,10514,190164,5196,109774,5318,80390,0,0,7412,107252,3091,41399,7412,148651,California
San Bernardino,2021-02-05,10987,201151,5911,115685,5076,85466,0,0,7462,111201,3514,44913,7463,156114,California
San Bernardino,2021-02-06,5253,206404,2205,117890,3048,88514,0,0,3617,113210,1611,46524,3620,159734,California
San Bernardino,2021-02-07,844,207248,490,118380,354,88868,0,0,466,113302,375,46899,467,160201,California
San Bernardino,2021-02-08,7277,214525,3880,122260,3397,92265,0,0,5609,117246,1665,48564,5609,165810,California
San Bernardino,2021-02-09,9901,224426,5815,128075,4086,96351,0,0,6672,120694,3227,51791,6675,172485,California
San Bernardino,2021-02-10,12007,236433,6531,134606,5476,101827,0,0,7841,124381,4155,55946,7842,180327,California
San Bernardino,2021-02-11,12376,248809,7108,141714,5268,107095,0,0,7884,127799,4469,60415,7887,188214,California
San Bernardino,2021-02-12,10381,259190,5929,147643,4452,111547,0,0,5673,128779,4693,65108,5673,193887,California
San Bernardino,2021-02-13,6022,265212,4001,151644,2021,113568,0,0,3784,130346,2222,67330,3789,197676,California
San Bernardino,2021-02-14,1549,266761,650,152294,899,114467,0,0,871,130547,670,68000,871,198547,California
San Bernardino,2021-02-15,5455,272216,2994,155288,2461,116928,0,0,3055,131216,2386,70386,3055,201602,California
San Bernardino,2021-02-16,12600,284816,7371,162659,5229,122157,0,0,7964,134558,4623,75009,7965,209567,California
San Bernardino,2021-02-17,11784,296600,6452,169111,5332,127489,0,0,7141,137075,4626,79635,7143,216710,California
San Bernardino,2021-02-18,12458,309058,7589,176700,4869,132358,0,0,7706,140045,4737,84372,7707,224417,California
San Bernardino,2021-02-19,11496,320554,5931,182631,5565,137923,0,0,6804,142175,4674,89046,6804,231221,California
San Bernardino,2021-02-20,4497,325051,3449,186080,1048,138971,0,0,2038,141758,2456,91502,2039,233260,California
San Bernardino,2021-02-21,1023,326074,567,186647,456,139427,0,0,326,141387,697,92199,326,233586,California
San Bernardino,2021-02-22,8621,334695,5320,191967,3301,142728,0,0,4029,140836,4581,96780,4030,237616,California
San Bernardino,2021-02-23,9092,343787,5422,197389,3670,146398,0,0,4576,140926,4486,101266,4576,242192,California
San Bernardino,2021-02-24,12353,356140,7150,204539,5203,151601,0,0,6085,140769,6243,107509,6086,248278,California
San Bernardino,2021-02-25,12992,369132,6269,210808,6723,158324,0,0,7558,142915,5415,112924,7561,255839,California
San Bernardino,2021-02-26,13548,382680,6374,217182,7174,165498,0,0,7543,144517,5944,118868,7546,263385,California
San Bernardino,2021-02-27,6609,389289,3676,220858,2932,168430,1,1,4787,147493,1812,120680,4788,268173,California
San Bernardino,2021-02-28,1739,391028,711,221569,1028,169458,0,1,1122,148003,612,121292,1122,269295,California
San Bernardino,2021-03-01,8405,399433,4335,225904,4068,173526,2,3,3831,147292,4552,125844,3841,273136,California
San Bernardino,2021-03-02,13649,413082,5366,231270,8283,181809,0,3,6422,146519,7198,133042,6425,279561,California
San Bernardino,2021-03-03,12668,425750,6437,237707,6229,188038,2,5,5872,145621,6777,139819,5879,285440,California
San Bernardino,2021-03-04,13658,439408,6861,244568,6797,194835,0,5,5934,143855,7703,147522,5937,291377,California
San Bernardino,2021-03-05,14148,453556,7314,251882,6833,201668,1,6,6840,143435,7279,154801,6859,298236,California
San Bernardino,2021-03-06,9638,463194,5387,257269,4036,205704,215,221,4512,143050,5111,159912,4726,302962,California
San Bernardino,2021-03-07,1569,464763,925,258194,589,206293,55,276,999,143536,568,160480,1054,304016,California
San Bernardino,2021-03-08,7975,472738,3502,261696,4313,210606,160,436,3515,142760,4454,164934,3678,307694,California
San Bernardino,2021-03-09,12602,485340,7031,268727,5327,215933,244,680,4864,140144,7725,172659,5109,312803,California
San Bernardino,2021-03-10,13997,499337,7686,276413,5779,221712,532,1212,6194,139098,7777,180436,6731,319534,California
San Bernardino,2021-03-11,15220,514557,7128,283541,6536,228248,1556,2768,7261,139972,7939,188375,8813,328347,California
San Bernardino,2021-03-12,15261,529818,6807,290348,6416,234664,2038,4806,7275,141373,7958,196333,9359,337706,California
San Bernardino,2021-03-13,8273,538091,4494,294842,3269,237933,510,5316,4899,143419,3364,199697,5410,343116,California
San Bernardino,2021-03-14,3217,541308,1612,296454,1032,238965,573,5889,1837,144449,1374,201071,2404,345520,California
San Bernardino,2021-03-15,11325,552633,5328,301782,3972,242937,2025,7914,5546,146247,5769,206840,7567,353087,California
San Bernardino,2021-03-16,16094,568727,7986,309768,7164,250101,944,8858,9831,150781,6238,213078,10772,363859,California
San Bernardino,2021-03-17,17080,585807,8580,318348,7752,257853,748,9606,10286,155039,6777,219855,11035,374894,California
San Bernardino,2021-03-18,16496,602303,8190,326538,7921,265774,385,9991,9769,158492,6701,226556,10154,385048,California
San Bernardino,2021-03-19,16804,619107,8333,334871,7884,273658,587,10578,9634,161621,7146,233702,10275,395323,California
San Bernardino,2021-03-20,9379,628486,5914,340785,2880,276538,585,11163,5565,163976,3791,237493,6146,401469,California
San Bernardino,2021-03-21,2750,631236,2239,343024,464,277002,47,11210,2226,165737,512,238005,2273,403742,California
San Bernardino,2021-03-22,9564,640800,4492,347516,4637,281639,435,11645,6937,170499,2610,240615,7372,411114,California
San Bernardino,2021-03-23,15423,656223,8744,356260,6057,287696,622,12267,9648,175013,5755,246370,10269,421383,California
San Bernardino,2021-03-24,14998,671221,7767,364027,6932,294628,299,12566,9985,180319,4979,251349,10285,431668,California
San Bernardino,2021-03-25,16925,688146,8291,372318,8337,302965,297,12863,10756,185246,6122,257471,11049,442717,California
San Bernardino,2021-03-26,17932,706078,8589,380907,8576,311541,767,13630,10899,189908,7004,264475,11666,454383,California
San Bernardino,2021-03-27,10719,716797,6901,387808,3069,314610,749,14379,6146,192246,4556,269031,6894,461277,California
San Bernardino,2021-03-28,3540,720337,2476,390284,951,315561,113,14492,2502,193829,1031,270062,2614,463891,California
San Bernardino,2021-03-29,11684,732021,6067,396351,5220,320781,397,14889,7973,198504,3695,273757,8370,472261,California
San Bernardino,2021-03-30,16816,748837,9419,405770,6689,327470,708,15597,10815,204053,5968,279725,11517,483778,California
San Bernardino,2021-03-31,16194,765031,9145,414915,6419,333889,630,16227,10837,210185,5333,285058,11465,495243,California
San Bernardino,2021-04-01,19424,784455,10248,425163,7819,341708,1357,17584,12530,217203,6861,291919,13879,509122,California
San Bernardino,2021-04-02,18570,803025,9330,434493,7971,349679,1269,18853,11243,222452,7303,299222,12552,521674,California
San Bernardino,2021-04-03,10942,813967,6829,441322,2990,352669,1123,19976,5989,224624,4937,304159,7109,528783,California
San Bernardino,2021-04-04,2454,816421,1487,442809,720,353389,247,20223,1255,224931,1194,305353,1501,530284,California
San Bernardino,2021-04-05,11711,828132,5257,448066,4729,358118,1725,21948,6003,226968,5687,311040,7724,538008,California
San Bernardino,2021-04-06,19614,847746,11033,459099,6490,364608,2091,24039,10420,230320,9157,320197,12509,550517,California
San Bernardino,2021-04-07,20727,868473,11074,470173,7205,371813,2448,26487,11333,234722,9367,329564,13769,564286,California
San Bernardino,2021-04-08,21579,890052,11051,481224,7937,379750,2591,29078,11941,239640,9608,339172,14526,578812,California
San Bernardino,2021-04-09,21496,911548,10887,492111,8075,387825,2534,31612,11728,244159,9735,348907,14254,593066,California
San Bernardino,2021-04-10,15548,927096,8062,500173,3809,391634,3677,35289,7743,247786,7784,356691,11411,604477,California
San Bernardino,2021-04-11,4376,931472,2555,502728,882,392516,939,36228,2027,248407,2343,359034,2964,607441,California
San Bernardino,2021-04-12,13285,944757,6156,508884,5494,398010,1635,37863,6288,249350,6978,366012,7921,615362,California
San Bernardino,2021-04-13,19159,963916,10923,519807,8218,406228,18,37881,10973,252179,8163,374175,10992,626354,California
San Bernardino,2021-04-14,18942,982858,10243,530050,8696,414924,3,37884,10823,254916,8090,382265,10827,637181,California
San Bernardino,2021-04-15,19972,1002830,11160,541210,8807,423731,5,37889,10624,256237,9311,391576,10632,647813,California
San Bernardino,2021-04-16,18451,1021281,10507,551717,7943,431674,1,37890,9130,256085,9282,400858,9130,656943,California
San Bernardino,2021-04-17,11845,1033126,7821,559538,4024,435698,0,37890,6231,256731,5585,406443,6231,663174,California
San Bernardino,2021-04-18,2870,1035996,1966,561504,904,436602,0,37890,1309,256491,1549,407992,1309,664483,California
San Bernardino,2021-04-19,12437,1048433,6618,568122,5819,442421,0,37890,4829,253737,7587,415579,4833,669316,California
San Bernardino,2021-04-20,17483,1065916,9758,577880,7722,450143,3,37893,8012,252303,9449,425028,8015,677331,California
San Bernardino,2021-04-21,17870,1083786,10272,588152,7595,457738,3,37896,7959,250408,9857,434885,7962,685293,California
San Bernardino,2021-04-22,19046,1102832,10899,599051,8143,465881,4,37900,7830,247076,11166,446051,7834,693127,California
San Bernardino,2021-04-23,18173,1121005,10348,609399,7823,473704,2,37902,7956,244865,10171,456222,7960,701087,California
San Bernardino,2021-04-24,12759,1133764,9445,618844,3312,477016,2,37904,6885,245896,5856,462078,6887,707974,California
San Bernardino,2021-04-25,3408,1137172,2237,621081,1171,478187,0,37904,1690,245882,1705,463783,1691,709665,California
San Bernardino,2021-04-26,9980,1147152,5320,626401,4572,482759,88,37992,4268,244558,5679,469462,4355,714020,California
San Bernardino,2021-04-27,15390,1162542,9184,635585,6040,488799,166,38158,6253,241880,9097,478559,6419,720439,California
San Bernardino,2021-04-28,13840,1176382,8221,643806,5351,494150,268,38426,4969,238263,8845,487404,5228,725667,California
San Bernardino,2021-04-29,14131,1190513,8175,651981,5710,499860,246,38672,4697,233808,9396,496800,4941,730608,California
San Bernardino,2021-04-30,15622,1206135,10068,662049,5290,505150,264,38936,5720,229932,9857,506657,5981,736589,California
San Bernardino,2021-05-01,7839,1213974,6352,668401,1298,506448,189,39125,2482,227268,5334,511991,2670,739259,California
San Bernardino,2021-05-02,855,1214829,621,669022,205,506653,29,39154,296,227037,555,512546,324,739583,California
San Bernardino,2021-05-03,6804,1221633,3449,672471,3088,509741,267,39421,1933,224389,4847,517393,2199,741782,California
San Bernardino,2021-05-04,10249,1231882,6676,679147,3305,513046,268,39689,2773,219982,7449,524842,3042,744824,California
San Diego,2020-12-15,119,119,119,119,0,0,0,0,119,119,0,0,119,119,California
San Diego,2020-12-16,1103,1222,1103,1222,0,0,0,0,1103,1222,0,0,1103,1222,California
San Diego,2020-12-17,2350,3572,2350,3572,0,0,0,0,2350,3572,0,0,2350,3572,California
San Diego,2020-12-18,3672,7244,3671,7243,1,1,0,0,3672,7244,0,0,3672,7244,California
San Diego,2020-12-19,2312,9556,2312,9555,0,1,0,0,2312,9556,0,0,2312,9556,California
San Diego,2020-12-20,1184,10740,1183,10738,1,2,0,0,1184,10740,0,0,1184,10740,California
San Diego,2020-12-21,3524,14264,3523,14261,1,3,0,0,3524,14264,0,0,3524,14264,California
San Diego,2020-12-22,4056,18320,3414,17675,642,645,0,0,4056,18320,0,0,4056,18320,California
San Diego,2020-12-23,3179,21499,1976,19651,1203,1848,0,0,3179,21499,0,0,3179,21499,California
San Diego,2020-12-24,2737,24236,2219,21870,518,2366,0,0,2737,24236,0,0,2737,24236,California
San Diego,2020-12-25,874,25110,873,22743,1,2367,0,0,874,25110,0,0,874,25110,California
San Diego,2020-12-26,3295,28405,2144,24887,1151,3518,0,0,3295,28405,0,0,3295,28405,California
San Diego,2020-12-27,2508,30913,1617,26504,891,4409,0,0,2507,30911,1,1,2507,30912,California
San Diego,2020-12-28,5901,36814,4213,30717,1688,6097,0,0,5901,36812,0,1,5901,36813,California
San Diego,2020-12-29,5590,42404,3015,33732,2575,8672,0,0,5590,42402,0,1,5590,42403,California
San Diego,2020-12-30,5952,48356,3107,36839,2845,11517,0,0,5952,48354,0,1,5952,48355,California
San Diego,2020-12-31,3036,51392,1053,37892,1983,13500,0,0,3036,51390,0,1,3036,51391,California
San Diego,2021-01-01,1005,52397,451,38343,554,14054,0,0,1005,52395,0,1,1005,52396,California
San Diego,2021-01-02,3762,56159,1320,39663,2442,16496,0,0,3762,56157,0,1,3762,56158,California
San Diego,2021-01-03,859,57018,632,40295,227,16723,0,0,858,57015,0,1,858,57016,California
San Diego,2021-01-04,3703,60721,2052,42347,1651,18374,0,0,3696,60711,0,1,3696,60712,California
San Diego,2021-01-05,4342,65063,2154,44501,2188,20562,0,0,3725,63835,613,614,3737,64449,California
San Diego,2021-01-06,4947,70010,2299,46800,2648,23210,0,0,3711,66337,1213,1827,3715,68164,California
San Diego,2021-01-07,5611,75621,2982,49782,2629,25839,0,0,3453,67645,2151,3978,3459,71623,California
San Diego,2021-01-08,7867,83488,4957,54739,2910,28749,0,0,4081,67973,3769,7747,4097,75720,California
San Diego,2021-01-09,3501,86989,1940,56679,1561,30310,0,0,1951,68397,1538,9285,1962,77682,California
San Diego,2021-01-10,1882,88871,1293,57972,589,30899,0,0,779,68094,1091,10376,788,78470,California
San Diego,2021-01-11,10332,99203,5860,63832,4472,35371,0,0,6806,71397,3519,13895,6822,85292,California
San Diego,2021-01-12,11203,110406,5317,69149,5886,41257,0,0,7829,75974,3365,17260,7942,93234,California
San Diego,2021-01-13,11483,121889,5028,74177,6455,47712,0,0,8936,82400,2534,19794,8960,102194,California
San Diego,2021-01-14,12368,134257,4753,78930,7615,55327,0,0,10200,90475,2159,21953,10234,112428,California
San Diego,2021-01-15,15128,149385,5355,84285,9773,65100,0,0,12487,100392,2622,24575,12539,124967,California
San Diego,2021-01-16,10771,160156,3595,87880,7176,72276,0,0,9325,108307,1441,26016,9356,134323,California
San Diego,2021-01-17,8684,168840,2501,90381,6183,78459,0,0,7845,115332,839,26855,7864,142187,California
San Diego,2021-01-18,12501,181341,5941,96322,6560,85019,0,0,9670,122265,2792,29647,9725,151912,California
San Diego,2021-01-19,14761,196102,5831,102153,8930,93949,0,0,11629,131036,3118,32765,11889,163801,California
San Diego,2021-01-20,18328,214430,6387,108540,11941,105890,0,0,15006,142916,3301,36066,15181,178982,California
San Diego,2021-01-21,17407,231837,5898,114438,11509,117399,0,0,16014,157695,1382,37448,16161,195143,California
San Diego,2021-01-22,17674,249511,4753,119191,12921,130320,0,0,15619,171373,2041,39489,15719,210862,California
San Diego,2021-01-23,14482,263993,5273,124464,9209,139529,0,0,12119,181198,2350,41839,12175,223037,California
San Diego,2021-01-24,11916,275909,3359,127823,8557,148086,0,0,10943,191205,971,42810,10978,234015,California
San Diego,2021-01-25,12264,288173,5794,133617,6470,154556,0,0,9245,197593,3012,45822,9400,243415,California
San Diego,2021-01-26,14958,303131,7659,141276,7299,161855,0,0,11643,206113,3310,49132,11830,255245,California
San Diego,2021-01-27,20764,323895,8128,149404,12636,174491,0,0,17672,220850,3078,52210,17815,273060,California
San Diego,2021-01-28,21308,345203,7650,157054,13658,188149,0,0,19042,237716,2256,54466,19122,292182,California
San Diego,2021-01-29,19708,364911,6465,163519,13243,201392,0,0,17281,252626,2417,56883,17327,309509,California
San Diego,2021-01-30,15904,380815,3667,167186,12237,213629,0,0,13226,263280,2668,59551,13322,322831,California
San Diego,2021-01-31,14799,395614,5754,172940,9045,222674,0,0,14442,277395,353,59904,14468,337299,California
San Diego,2021-02-01,20530,416144,7239,180179,13291,235965,0,0,17339,291634,3177,63081,17416,354715,California
San Diego,2021-02-02,23207,439351,8695,188874,14512,250477,0,0,19672,307948,3525,66606,19839,374554,California
San Diego,2021-02-03,27455,466806,11562,200436,15893,266370,0,0,23270,327236,4167,70773,23455,398009,California
San Diego,2021-02-04,24386,491192,10032,210468,14354,280724,0,0,19676,342500,4693,75466,19957,417966,California
San Diego,2021-02-05,25025,516217,8988,219456,16037,296761,0,0,18333,354644,6669,82135,18813,436779,California
San Diego,2021-02-06,20794,537011,8569,228025,12225,308986,0,0,17529,369132,3259,85394,17747,454526,California
San Diego,2021-02-07,12133,549144,5376,233401,6757,315743,0,0,10263,377799,1850,87244,10517,465043,California
San Diego,2021-02-08,20107,569251,8520,241921,11587,327330,0,0,12681,383755,7409,94653,13365,478408,California
San Diego,2021-02-09,20410,589661,8249,250170,12161,339491,0,0,13204,390841,7185,101838,14271,492679,California
San Diego,2021-02-10,23026,612687,9388,259558,13638,353129,0,0,13886,397007,9081,110919,15247,507926,California
San Diego,2021-02-11,23815,636502,10156,269714,13659,366788,0,0,12751,400400,11035,121954,14428,522354,California
San Diego,2021-02-12,23851,660353,7466,277180,16385,383173,0,0,11919,402665,11914,133868,14179,536533,California
San Diego,2021-02-13,20049,680402,9041,286221,11008,394181,0,0,10919,405657,9122,142990,12114,548647,California
San Diego,2021-02-14,11189,691591,7433,293654,3756,397937,0,0,6333,408783,4852,147842,7978,556625,California
San Diego,2021-02-15,15280,706871,7770,301424,7510,405447,0,0,7848,412396,7411,155253,11024,567649,California
San Diego,2021-02-16,19286,726157,11255,312679,8031,413478,0,0,9238,414928,10038,165291,12570,580219,California
San Diego,2021-02-17,23405,749562,10989,323668,12416,425894,0,0,8141,411367,15253,180544,11692,591911,California
San Diego,2021-02-18,23580,773142,12022,335690,11558,437452,0,0,7794,407983,15776,196320,12392,604303,California
San Diego,2021-02-19,15915,789057,10922,346612,4993,442445,0,0,6632,407446,9263,205583,8726,613029,California
San Diego,2021-02-20,10260,799317,6362,352974,3898,446343,0,0,5813,411048,4444,210027,8046,621075,California
San Diego,2021-02-21,11529,810846,10116,363090,1413,447756,0,0,5195,412199,6306,216333,7457,628532,California
San Diego,2021-02-22,12450,823296,10589,373679,1861,449617,0,0,5800,413778,6643,222976,8222,636754,California
San Diego,2021-02-23,25899,849195,14523,388202,11376,460993,0,0,9662,414100,16231,239207,16553,653307,California
San Diego,2021-02-24,28957,878152,12764,400966,16193,477186,0,0,6869,407411,22068,261275,15379,668686,California
San Diego,2021-02-25,33195,911347,14717,415683,18478,495664,0,0,10168,403909,23009,284284,19507,688193,California
San Diego,2021-02-26,33475,944822,12406,428089,21069,516733,0,0,12152,401943,21295,305579,19329,707522,California
San Diego,2021-02-27,21246,966068,9676,437765,11570,528303,0,0,11457,408061,9785,315364,15903,723425,California
San Diego,2021-02-28,15259,981327,9960,447725,5299,533602,0,0,9512,415568,5746,321110,13253,736678,California
San Diego,2021-03-01,24205,1005532,14280,462005,9924,543526,1,1,14720,425621,9411,330521,19464,756142,California
San Diego,2021-03-02,26119,1031651,14035,476040,12084,555610,0,1,12748,432676,13362,343883,20417,776559,California
San Diego,2021-03-03,33986,1065637,15911,491951,18072,573682,3,4,14069,434683,19901,363784,21908,798467,California
San Diego,2021-03-04,28322,1093959,14108,506059,14214,587896,0,4,12666,439049,15635,379419,20001,818468,California
San Diego,2021-03-05,28925,1122884,14828,520887,14015,601911,82,86,13495,444305,15416,394835,20672,839140,California
San Diego,2021-03-06,23361,1146245,9525,530412,13135,615046,701,787,10296,447475,13052,407887,16222,855362,California
San Diego,2021-03-07,18206,1164451,9298,539710,8337,623383,571,1358,6912,448223,11288,419175,12036,867398,California
San Diego,2021-03-08,23095,1187546,11223,550933,10973,634356,899,2257,11462,453891,11621,430796,17289,884687,California
San Diego,2021-03-09,25861,1213407,11949,562882,12157,646513,1755,4012,10110,455581,15739,446535,17429,902116,California
San Diego,2021-03-10,25261,1238668,10735,573617,12134,658647,2392,6404,9880,457881,15369,461904,17669,919785,California
San Diego,2021-03-11,28674,1267342,11001,584618,14075,672722,3598,10002,10018,457998,18638,480542,18755,938540,California
San Diego,2021-03-12,27070,1294412,9454,594072,14482,687204,3134,13136,9963,457537,17093,497635,16632,955172,California
San Diego,2021-03-13,25975,1320387,7298,601370,17073,704277,1604,14740,10076,457509,15896,513531,15868,971040,California
San Diego,2021-03-14,13706,1334093,5361,606731,7609,711886,736,15476,4788,456545,8910,522441,7946,978986,California
San Diego,2021-03-15,22022,1356115,10164,616895,11079,722965,779,16255,9033,456511,12971,535412,12937,991923,California
San Diego,2021-03-16,29916,1386031,15699,632594,13802,736767,415,16670,15657,462060,14235,549647,19784,1011707,California
San Diego,2021-03-17,26304,1412335,12205,644799,13390,750157,709,17379,16770,472507,9522,559169,19969,1031676,California
San Diego,2021-03-18,31484,1443819,17786,662585,12788,762945,910,18289,17015,478585,14437,573606,20515,1052191,California
San Diego,2021-03-19,30239,1474058,14352,676937,14895,777840,992,19281,19351,489775,10872,584478,22062,1074253,California
San Diego,2021-03-20,27826,1501884,8413,685350,17622,795462,1791,21072,21391,508139,6426,590904,24790,1099043,California
San Diego,2021-03-21,16522,1518406,12046,697396,3759,799221,717,21789,7700,510451,8809,599713,11121,1110164,California
San Diego,2021-03-22,22490,1540896,13127,710523,9116,808337,247,22036,14321,520165,8157,607870,17871,1128035,California
San Diego,2021-03-23,25976,1566872,13638,724161,12075,820412,263,22299,17154,531052,8808,616678,19695,1147730,California
San Diego,2021-03-24,29527,1596399,19744,743905,9420,829832,363,22662,17116,539351,12403,629081,20702,1168432,California
San Diego,2021-03-25,30282,1626681,18251,762156,11374,841206,657,23319,17965,547821,12300,641381,20770,1189202,California
San Diego,2021-03-26,32081,1658762,17898,780054,13626,854832,557,23876,17543,554386,14509,655890,21074,1210276,California
San Diego,2021-03-27,25445,1684207,10993,791047,14059,868891,393,24269,15722,563065,9707,665597,18386,1228662,California
San Diego,2021-03-28,15033,1699240,9191,800238,5786,874677,56,24325,9280,568131,5748,671345,10814,1239476,California
San Diego,2021-03-29,26658,1725898,12889,813127,13173,887850,596,24921,16441,577391,10208,681553,19468,1258944,California
San Diego,2021-03-30,33210,1759108,17897,831024,14543,902393,770,25691,22043,590906,11155,692708,24670,1283614,California
San Diego,2021-03-31,30361,1789469,18742,849766,10965,913358,654,26345,20606,603561,9738,702446,22393,1306007,California
San Diego,2021-04-01,34240,1823709,20046,869812,12806,926164,1388,27733,23255,618584,10958,713404,25981,1331988,California
San Diego,2021-04-02,35591,1859300,20646,890458,12323,938487,2622,30355,24111,635263,11461,724865,28140,1360128,California
San Diego,2021-04-03,30780,1890080,14425,904883,11794,950281,4561,34916,19707,649911,11061,735926,25709,1385837,California
San Diego,2021-04-04,9029,1899109,5199,910082,2931,953212,899,35815,4828,651699,4196,740122,5984,1391821,California
San Diego,2021-04-05,29666,1928775,15392,925474,11727,964939,2547,38362,19423,666182,10229,750351,24712,1416533,California
San Diego,2021-04-06,38610,1967385,20373,945847,12468,977407,5769,44131,22436,680901,16158,766509,30877,1447410,California
San Diego,2021-04-07,35710,2003095,21982,967829,9264,986671,4464,48595,20483,693046,15202,781711,27347,1474757,California
San Diego,2021-04-08,35118,2038213,21373,989202,9685,996356,4060,52655,21353,707342,13745,795456,28041,1502798,California
San Diego,2021-04-09,38241,2076454,22853,1012055,10276,1006632,5112,57767,20879,719747,17292,812748,29697,1532495,California
San Diego,2021-04-10,29005,2105459,11832,1023887,13228,1019860,3945,61712,15088,728078,13905,826653,22236,1554731,California
San Diego,2021-04-11,16204,2121663,10085,1033972,3852,1023712,2267,63979,7305,732397,8896,835549,13215,1567946,California
San Diego,2021-04-12,30603,2152266,12877,1046849,13455,1037167,4271,68250,17127,743990,13460,849009,25053,1592999,California
San Diego,2021-04-13,37271,2189537,17893,1064742,19343,1056510,35,68285,24902,760287,12349,861358,28646,1621645,California
San Diego,2021-04-14,32796,2222333,18799,1083541,13986,1070496,11,68296,17748,768999,15033,876391,23745,1645390,California
San Diego,2021-04-15,38977,2261310,20229,1103770,18746,1089242,2,68298,23638,781929,15315,891706,28245,1673635,California
San Diego,2021-04-16,33264,2294574,18494,1122264,14769,1104011,1,68299,19258,790127,13938,905644,22136,1695771,California
San Diego,2021-04-17,27629,2322203,13487,1135751,14142,1118153,0,68299,12256,790905,15275,920919,16053,1711824,California
San Diego,2021-04-18,14232,2336435,8885,1144636,5344,1123497,3,68302,6662,793598,7557,928476,10250,1722074,California
San Diego,2021-04-19,26313,2362748,13443,1158079,12869,1136366,1,68303,12469,795211,13827,942303,15440,1737514,California
San Diego,2021-04-20,38662,2401410,17483,1175562,21179,1157545,0,68303,19829,801734,18814,961117,25337,1762851,California
San Diego,2021-04-21,34826,2436236,20828,1196390,13998,1171543,0,68303,16888,806595,17906,979023,22767,1785618,California
San Diego,2021-04-22,44317,2480553,22765,1219155,21546,1193089,6,68309,22181,813755,22097,1001120,29257,1814875,California
San Diego,2021-04-23,41976,2522529,25965,1245120,16009,1209098,2,68311,15599,813492,26352,1027472,26089,1840964,California
San Diego,2021-04-24,34248,2556777,18728,1263848,15505,1224603,15,68326,15412,817421,18806,1046278,22735,1863699,California
San Diego,2021-04-25,12436,2569213,7661,1271509,4775,1229378,0,68326,5849,819014,6579,1052857,8172,1871871,California
San Diego,2021-04-26,29938,2599151,14622,1286131,15193,1244571,123,68449,10072,817813,19858,1072715,18657,1890528,California
San Diego,2021-04-27,41439,2640590,22573,1308704,18466,1263037,400,68849,18176,821925,23235,1095950,27347,1917875,California
San Diego,2021-04-28,37280,2677870,21825,1330529,14817,1277854,638,69487,16725,826425,20533,1116483,25033,1942908,California
San Diego,2021-04-29,37674,2715544,23965,1354494,13104,1290958,605,70092,15148,828199,22500,1138983,24274,1967182,California
San Diego,2021-04-30,37573,2753117,22930,1377424,13723,1304681,920,71012,14659,828410,22890,1161873,23101,1990283,California
San Diego,2021-05-01,17605,2770722,6701,1384125,10537,1315218,367,71379,6670,829111,10930,1172803,11631,2001914,California
San Diego,2021-05-02,5255,2775977,4265,1388390,717,1315935,273,71652,1485,828084,3768,1176571,2741,2004655,California
San Diego,2021-05-03,17503,2793480,6709,1395099,10047,1325982,747,72399,6637,827675,10858,1187429,10449,2015104,California
San Diego,2021-05-04,16640,2810120,9572,1404671,6738,1332720,330,72729,5236,828182,11398,1198827,11905,2027009,California
San Francisco,2020-12-15,7,7,7,7,0,0,0,0,7,7,0,0,7,7,California
San Francisco,2020-12-16,229,236,229,236,0,0,0,0,229,236,0,0,229,236,California
San Francisco,2020-12-17,394,630,394,630,0,0,0,0,394,630,0,0,394,630,California
San Francisco,2020-12-18,877,1507,876,1506,1,1,0,0,877,1507,0,0,877,1507,California
San Francisco,2020-12-19,601,2108,601,2107,0,1,0,0,601,2108,0,0,601,2108,California
San Francisco,2020-12-20,484,2592,484,2591,0,1,0,0,484,2592,0,0,484,2592,California
San Francisco,2020-12-21,1162,3754,1162,3753,0,1,0,0,1162,3754,0,0,1162,3754,California
San Francisco,2020-12-22,1401,5155,1367,5120,34,35,0,0,1401,5155,0,0,1401,5155,California
San Francisco,2020-12-23,1336,6491,1046,6166,290,325,0,0,1336,6491,0,0,1336,6491,California
San Francisco,2020-12-24,841,7332,503,6669,338,663,0,0,841,7332,0,0,841,7332,California
San Francisco,2020-12-25,34,7366,29,6698,5,668,0,0,34,7366,0,0,34,7366,California
San Francisco,2020-12-26,245,7611,151,6849,94,762,0,0,245,7611,0,0,245,7611,California
San Francisco,2020-12-27,273,7884,60,6909,213,975,0,0,273,7884,0,0,273,7884,California
San Francisco,2020-12-28,1270,9154,686,7595,584,1559,0,0,1270,9154,0,0,1270,9154,California
San Francisco,2020-12-29,1242,10396,621,8216,621,2180,0,0,1242,10396,0,0,1242,10396,California
San Francisco,2020-12-30,1486,11882,779,8995,707,2887,0,0,1486,11882,0,0,1486,11882,California
San Francisco,2020-12-31,964,12846,411,9406,553,3440,0,0,963,12845,0,0,963,12845,California
San Francisco,2021-01-01,82,12928,68,9474,14,3454,0,0,82,12927,0,0,82,12927,California
San Francisco,2021-01-02,334,13262,302,9776,32,3486,0,0,334,13261,0,0,334,13261,California
San Francisco,2021-01-03,294,13556,102,9878,192,3678,0,0,293,13553,1,1,293,13554,California
San Francisco,2021-01-04,1840,15396,1358,11236,482,4160,0,0,1837,15387,3,4,1837,15391,California
San Francisco,2021-01-05,2234,17630,1416,12652,818,4978,0,0,2199,17553,35,39,2201,17592,California
San Francisco,2021-01-06,1870,19500,1161,13813,709,5687,0,0,1605,18896,263,302,1606,19198,California
San Francisco,2021-01-07,2062,21562,1203,15016,859,6546,0,0,1605,20047,454,756,1605,20803,California
San Francisco,2021-01-08,2331,23893,1631,16647,700,7246,0,0,1494,20709,832,1588,1494,22297,California
San Francisco,2021-01-09,1389,25282,893,17540,496,7742,0,0,885,21092,504,2092,887,23184,California
San Francisco,2021-01-10,919,26201,541,18081,378,8120,0,0,460,21094,458,2550,460,23644,California
San Francisco,2021-01-11,2503,28704,1871,19952,632,8752,0,0,1402,21394,1102,3652,1402,25046,California
San Francisco,2021-01-12,3089,31793,2060,22012,1029,9781,0,0,1896,22099,1193,4845,1898,26944,California
San Francisco,2021-01-13,2824,34617,1601,23613,1223,11004,0,0,1993,23261,831,5676,1993,28937,California
San Francisco,2021-01-14,2439,37056,1098,24711,1341,12345,0,0,1880,24582,559,6235,1880,30817,California
San Francisco,2021-01-15,2740,39796,1146,25857,1594,13939,0,0,2348,26542,390,6625,2350,33167,California
San Francisco,2021-01-16,2252,42048,964,26821,1288,15227,0,0,2086,28463,166,6791,2087,35254,California
San Francisco,2021-01-17,1919,43967,533,27354,1386,16613,0,0,1704,29952,215,7006,1704,36958,California
San Francisco,2021-01-18,1376,45343,591,27945,785,17398,0,0,1113,30805,262,7268,1115,38073,California
San Francisco,2021-01-19,2573,47916,1473,29418,1100,18498,0,0,1827,31886,746,8014,1827,39900,California
San Francisco,2021-01-20,2718,50634,1096,30514,1622,20120,0,0,1969,33110,746,8760,1970,41870,California
San Francisco,2021-01-21,3301,53935,937,31451,2364,22484,0,0,2474,34759,825,9585,2474,44344,California
San Francisco,2021-01-22,3180,57115,638,32089,2542,25026,0,0,2738,37057,440,10025,2738,47082,California
San Francisco,2021-01-23,3088,60203,608,32697,2480,27506,0,0,2722,39415,365,10390,2723,49805,California
San Francisco,2021-01-24,2423,62626,362,33059,2061,29567,0,0,2194,41383,226,10616,2194,51999,California
San Francisco,2021-01-25,4584,67210,1782,34841,2802,32369,0,0,3034,42870,1548,12164,3035,55034,California
San Francisco,2021-01-26,4666,71876,2136,36977,2530,34899,0,0,3075,44359,1588,13752,3077,58111,California
San Francisco,2021-01-27,4426,76302,2073,39050,2353,37252,0,0,3076,46089,1346,15098,3076,61187,California
San Francisco,2021-01-28,3753,80055,1553,40603,2200,39452,0,0,2592,47525,1156,16254,2592,63779,California
San Francisco,2021-01-29,4720,84775,1680,42283,3040,42492,0,0,3453,49718,1260,17514,3453,67232,California
San Francisco,2021-01-30,3770,88545,1838,44121,1932,44424,0,0,3322,52597,447,17961,3326,70558,California
San Francisco,2021-01-31,2351,90896,823,44944,1528,45952,0,0,2199,54646,151,18112,2200,72758,California
San Francisco,2021-02-01,3789,94685,1525,46469,2264,48216,0,0,2887,56632,902,19014,2888,75646,California
San Francisco,2021-02-02,4646,99331,1964,48433,2682,50898,0,0,2881,57754,1759,20773,2881,78527,California
San Francisco,2021-02-03,5052,104383,2367,50800,2685,53583,0,0,3749,60203,1301,22074,3750,82277,California
San Francisco,2021-02-04,5023,109406,2434,53234,2589,56172,0,0,3859,62900,1162,23236,3859,86136,California
San Francisco,2021-02-05,5936,115342,3194,56428,2742,58914,0,0,4594,66155,1340,24576,4595,90731,California
San Francisco,2021-02-06,5470,120812,3650,60078,1820,60734,0,0,4569,69828,898,25474,4571,95302,California
San Francisco,2021-02-07,4325,125137,3174,63252,1151,61885,0,0,3748,73003,576,26050,3751,99053,California
San Francisco,2021-02-08,6697,131834,4611,67863,2086,63971,0,0,5483,77291,1197,27247,5485,104538,California
San Francisco,2021-02-09,5923,137757,3988,71851,1935,65906,0,0,4368,80109,1551,28798,4369,108907,California
San Francisco,2021-02-10,6860,144617,4176,76027,2684,68590,0,0,5086,83432,1766,30564,5089,113996,California
San Francisco,2021-02-11,6700,151317,3973,80000,2727,71317,0,0,4889,86514,1808,32372,4890,118886,California
San Francisco,2021-02-12,5312,156629,2665,82665,2647,73964,0,0,3480,88163,1831,34203,3480,122366,California
San Francisco,2021-02-13,4359,160988,2547,85212,1812,75776,0,0,3036,89878,1323,35526,3038,125404,California
San Francisco,2021-02-14,3416,164404,2243,87455,1173,76949,0,0,2292,91048,1123,36649,2293,127697,California
San Francisco,2021-02-15,2771,167175,1505,88960,1266,78215,0,0,1677,91633,1092,37741,1677,129374,California
San Francisco,2021-02-16,4989,172164,2727,91687,2262,80477,0,0,2954,92565,2028,39769,2960,132334,California
San Francisco,2021-02-17,5398,177562,2680,94367,2718,83195,0,0,2958,93094,2430,42199,2959,135293,California
San Francisco,2021-02-18,5372,182934,2629,96996,2743,85938,0,0,2804,93333,2568,44767,2807,138100,California
San Francisco,2021-02-19,5635,188569,2646,99642,2989,88927,0,0,2930,93566,2699,47466,2932,141032,California
San Francisco,2021-02-20,4520,193089,2180,101822,2340,91267,0,0,1703,92461,2809,50275,1704,142736,California
San Francisco,2021-02-21,2738,195827,1370,103192,1368,92635,0,0,1142,92014,1590,51865,1143,143879,California
San Francisco,2021-02-22,5097,200924,3173,106365,1924,94559,0,0,2562,92051,2527,54392,2564,146443,California
San Francisco,2021-02-23,5453,206377,3083,109448,2370,96929,0,0,2761,92126,2686,57078,2761,149204,California
San Francisco,2021-02-24,8976,215353,5083,114531,3893,100822,0,0,4787,92735,4179,61257,4788,153992,California
San Francisco,2021-02-25,9760,225113,6861,121392,2899,103721,0,0,6304,95588,3453,64710,6306,160298,California
San Francisco,2021-02-26,11919,237032,7734,129126,4185,107906,0,0,7065,97798,4856,69566,7066,167364,California
San Francisco,2021-02-27,8906,245938,5668,134794,3237,111143,1,1,4509,97926,4383,73949,4511,171875,California
San Francisco,2021-02-28,7710,253648,5533,140327,2177,113320,0,1,3828,97875,3880,77829,3829,175704,California
San Francisco,2021-03-01,10730,264378,7218,147545,3510,116830,2,3,5208,97590,5501,83330,5216,180920,California
San Francisco,2021-03-02,8871,273249,5664,153209,3207,120037,0,3,5142,99012,3721,87051,5143,186063,California
San Francisco,2021-03-03,11026,284275,6336,159545,4689,124726,1,4,6029,100059,4986,92037,6033,192096,California
San Francisco,2021-03-04,8644,292919,5437,164982,3207,127933,0,4,4872,101165,3766,95803,4872,196968,California
San Francisco,2021-03-05,8682,301601,5143,170125,3536,131469,3,7,5450,103403,3216,99019,5454,202422,California
San Francisco,2021-03-06,6880,308481,4435,174560,2237,133706,208,215,4229,105174,2663,101682,4434,206856,California
San Francisco,2021-03-07,5129,313610,3976,178536,1095,134801,58,273,2883,105855,2260,103942,2941,209797,California
San Francisco,2021-03-08,7151,320761,5176,183712,1789,136590,186,459,5595,110049,1587,105529,5781,215578,California
San Francisco,2021-03-09,6718,327479,3941,187653,2403,138993,374,833,4587,112867,2138,107667,4956,220534,California
San Francisco,2021-03-10,10401,337880,5886,193539,4015,143008,500,1333,6356,115701,4024,111691,6858,227392,California
San Francisco,2021-03-11,10034,347914,6348,199887,2726,145734,960,2293,6590,119815,3428,115119,7542,234934,California
San Francisco,2021-03-12,10736,358650,6264,206151,3159,148893,1313,3606,5974,122359,4740,119859,7284,242218,California
San Francisco,2021-03-13,6579,365229,3831,209982,1690,150583,1058,4664,4070,124984,2501,122360,5126,247344,California
San Francisco,2021-03-14,7489,372718,4844,214826,2405,152988,240,4904,4043,125834,3433,125793,4283,251627,California
San Francisco,2021-03-15,11923,384641,9097,223923,1889,154877,937,5841,8260,131372,3651,129444,9189,260816,California
San Francisco,2021-03-16,12062,396703,8193,232116,3412,158289,457,6298,8779,137342,3265,132709,9235,270051,California
San Francisco,2021-03-17,13184,409887,8137,240253,4493,162782,554,6852,9520,143776,3636,136345,10070,280121,California
San Francisco,2021-03-18,9960,419847,6744,246997,2594,165376,622,7474,5673,145805,4262,140607,6291,286412,California
San Francisco,2021-03-19,12022,431869,8705,255702,2852,168228,465,7939,6399,147066,5599,146206,6860,293272,California
San Francisco,2021-03-20,8717,440586,6382,262084,1876,170104,459,8398,5199,149237,3489,149695,5660,298932,California
San Francisco,2021-03-21,6447,447033,5899,267983,414,170518,134,8532,3683,150303,2751,152446,3817,302749,California
San Francisco,2021-03-22,9738,456771,6832,274815,2062,172580,844,9376,5136,151697,4581,157027,5975,308724,California
San Francisco,2021-03-23,11145,467916,7368,282183,3130,175710,647,10023,6706,154639,4408,161435,7350,316074,California
San Francisco,2021-03-24,12280,480196,9391,291574,2354,178064,535,10558,6337,155604,5904,167339,6869,322943,California
San Francisco,2021-03-25,11804,492000,8640,300214,2602,180666,562,11120,5902,156231,5833,173172,6460,329403,California
San Francisco,2021-03-26,11846,503846,8193,308407,3423,184089,230,11350,6102,156847,5713,178885,6329,335732,California
San Francisco,2021-03-27,8627,512473,5753,314160,2529,186618,345,11695,3915,156411,4695,183580,4259,339991,California
San Francisco,2021-03-28,6578,519051,5243,319403,1293,187911,42,11737,3168,156231,3387,186967,3207,343198,California
San Francisco,2021-03-29,11372,530423,7874,327277,3315,191226,183,11920,5102,155269,6246,193213,5284,348482,California
San Francisco,2021-03-30,11485,541908,7173,334450,4022,195248,290,12210,6853,157805,4607,197820,7143,355625,California
San Francisco,2021-03-31,12091,553999,8026,342476,3769,199017,296,12506,5542,157120,6517,204337,5832,361457,California
San Francisco,2021-04-01,13729,567728,7287,349763,4803,203820,1639,14145,5976,157010,7720,212057,7610,369067,California
San Francisco,2021-04-02,14632,582360,6452,356215,6371,210191,1809,15954,6908,158018,7705,219762,8713,377780,California
San Francisco,2021-04-03,10386,592746,4781,360996,3819,214010,1786,17740,4810,159048,5563,225325,6593,384373,California
San Francisco,2021-04-04,8987,601733,4753,365749,2583,216593,1651,19391,3611,158947,5363,230688,5262,389635,California
San Francisco,2021-04-05,15908,617641,9748,375497,4285,220878,1875,21266,6355,157643,9529,240217,8225,397860,California
San Francisco,2021-04-06,15961,633602,9454,384951,4451,225329,2056,23322,6281,156316,9659,249876,8332,406192,California
San Francisco,2021-04-07,16746,650348,9965,394916,4558,229887,2223,25545,7046,155892,9680,259556,9256,415448,California
San Francisco,2021-04-08,14085,664433,6698,401614,2997,232884,4390,29935,4627,155458,9431,268987,8997,424445,California
San Francisco,2021-04-09,15695,680128,7595,409209,4773,237657,3327,33262,6679,156461,8987,277974,9990,434435,California
San Francisco,2021-04-10,13138,693266,5671,414880,5845,243502,1622,34884,7144,159248,5970,283944,8757,443192,California
San Francisco,2021-04-11,9968,703234,7460,422340,1337,244839,1171,36055,5198,160856,4758,288702,6366,449558,California
San Francisco,2021-04-12,10558,713792,6871,429211,2561,247400,1126,37181,4873,161187,5664,294366,5995,455553,California
San Francisco,2021-04-13,10685,724477,7270,436481,3403,250803,12,37193,5412,161362,5252,299618,5427,460980,California
San Francisco,2021-04-14,13251,737728,7993,444474,5257,256060,1,37194,6423,160989,6797,306415,6424,467404,California
San Francisco,2021-04-15,13563,751291,9399,453873,4163,260223,1,37195,7993,163446,5541,311956,7998,475402,California
San Francisco,2021-04-16,12878,764169,8678,462551,4156,264379,44,37239,7650,165941,5203,317159,7698,483100,California
San Francisco,2021-04-17,9990,774159,7274,469825,2715,267094,1,37240,7074,170120,2899,320058,7078,490178,California
San Francisco,2021-04-18,6572,780731,5025,474850,1546,268640,1,37241,4081,171731,2473,322531,4084,494262,California
San Francisco,2021-04-19,10801,791532,8105,482955,2691,271331,5,37246,6953,174866,3833,326364,6968,501230,California
San Francisco,2021-04-20,12253,803785,7153,490108,5099,276430,1,37247,8467,179572,3764,330128,8470,509700,California
San Francisco,2021-04-21,10485,814270,7488,497596,2993,279423,4,37251,6385,181891,4074,334202,6393,516093,California
San Francisco,2021-04-22,10345,824615,7676,505272,2668,282091,1,37252,5977,183530,4345,338547,5984,522077,California
San Francisco,2021-04-23,10278,834893,5921,511193,4357,286448,0,37252,6141,185569,4108,342655,6147,528224,California
San Francisco,2021-04-24,7954,842847,5488,516681,2466,288914,0,37252,4734,187109,3201,345856,4741,532965,California
San Francisco,2021-04-25,5034,847881,4341,521022,687,289601,6,37258,2955,188007,2066,347922,2964,535929,California
San Francisco,2021-04-26,7443,855324,5235,526257,2197,291798,11,37269,3665,187939,3755,351677,3687,539616,California
San Francisco,2021-04-27,7865,863189,5282,531539,2457,294255,126,37395,3921,188074,3921,355598,4056,543672,California
San Francisco,2021-04-28,8681,871870,6067,537606,2428,296683,186,37581,4389,188388,4268,359866,4582,548254,California
San Francisco,2021-04-29,7940,879810,4701,542307,3040,299723,199,37780,3771,188221,4144,364010,3977,552231,California
San Francisco,2021-04-30,10259,890069,4904,547211,5155,304878,200,37980,3773,185746,6453,370463,3978,556209,California
San Francisco,2021-05-01,5128,895197,2229,549440,2885,307763,14,37994,1062,182775,4049,374512,1078,557287,California
San Francisco,2021-05-02,3851,899048,2008,551448,1840,309603,3,37997,508,179952,3337,377849,514,557801,California
San Francisco,2021-05-03,7008,906056,4296,555744,2682,312285,30,38027,1863,176725,5127,382976,1900,559701,California
San Francisco,2021-05-04,6523,912579,3834,559578,2628,314913,61,38088,1650,173591,4852,387828,1718,561419,California
San Joaquin,2020-12-15,12,12,12,12,0,0,0,0,12,12,0,0,12,12,California
San Joaquin,2020-12-16,306,318,306,318,0,0,0,0,306,318,0,0,306,318,California
San Joaquin,2020-12-17,311,629,311,629,0,0,0,0,311,629,0,0,311,629,California
San Joaquin,2020-12-18,522,1151,518,1147,4,4,0,0,522,1151,0,0,522,1151,California
San Joaquin,2020-12-19,188,1339,188,1335,0,4,0,0,188,1339,0,0,188,1339,California
San Joaquin,2020-12-20,113,1452,112,1447,1,5,0,0,113,1452,0,0,113,1452,California
San Joaquin,2020-12-21,489,1941,489,1936,0,5,0,0,489,1941,0,0,489,1941,California
San Joaquin,2020-12-22,966,2907,846,2782,120,125,0,0,965,2906,0,0,965,2906,California
San Joaquin,2020-12-23,973,3880,914,3696,59,184,0,0,971,3877,0,0,971,3877,California
San Joaquin,2020-12-24,214,4094,186,3882,28,212,0,0,213,4090,0,0,213,4090,California
San Joaquin,2020-12-25,14,4108,14,3896,0,212,0,0,14,4104,0,0,14,4104,California
San Joaquin,2020-12-26,101,4209,29,3925,72,284,0,0,101,4205,0,0,101,4205,California
San Joaquin,2020-12-27,42,4251,29,3954,13,297,0,0,42,4247,0,0,42,4247,California
San Joaquin,2020-12-28,621,4872,420,4374,201,498,0,0,621,4868,0,0,621,4868,California
San Joaquin,2020-12-29,796,5668,671,5045,125,623,0,0,796,5664,0,0,796,5664,California
San Joaquin,2020-12-30,1006,6674,714,5759,292,915,0,0,1004,6668,0,0,1004,6668,California
San Joaquin,2020-12-31,453,7127,202,5961,251,1166,0,0,453,7121,0,0,453,7121,California
San Joaquin,2021-01-01,19,7146,11,5972,8,1174,0,0,19,7140,0,0,19,7140,California
San Joaquin,2021-01-02,261,7407,239,6211,22,1196,0,0,261,7401,0,0,261,7401,California
San Joaquin,2021-01-03,37,7444,19,6230,18,1214,0,0,36,7436,1,1,36,7437,California
San Joaquin,2021-01-04,474,7918,337,6567,137,1351,0,0,472,7907,1,2,472,7909,California
San Joaquin,2021-01-05,976,8894,644,7211,332,1683,0,0,808,8583,168,170,844,8753,California
San Joaquin,2021-01-06,1218,10112,705,7916,513,2196,0,0,916,9204,298,468,919,9672,California
San Joaquin,2021-01-07,1069,11181,675,8591,394,2590,0,0,782,9703,284,752,783,10455,California
San Joaquin,2021-01-08,1191,12372,819,9410,372,2962,0,0,708,9933,482,1234,712,11167,California
San Joaquin,2021-01-09,376,12748,300,9710,76,3038,0,0,247,10051,129,1363,247,11414,California
San Joaquin,2021-01-10,222,12970,114,9824,108,3146,0,0,170,10169,52,1415,170,11584,California
San Joaquin,2021-01-11,1520,14490,1316,11140,204,3350,0,0,859,10435,660,2075,926,12510,California
San Joaquin,2021-01-12,1423,15913,1019,12159,404,3754,0,0,655,10396,764,2839,725,13235,California
San Joaquin,2021-01-13,1523,17436,892,13051,631,4385,0,0,952,10783,570,3409,957,14192,California
San Joaquin,2021-01-14,1648,19084,876,13927,772,5157,0,0,1310,11790,318,3727,1325,15517,California
San Joaquin,2021-01-15,1596,20680,618,14545,978,6135,0,0,1382,12981,200,3927,1391,16908,California
San Joaquin,2021-01-16,1140,21820,192,14737,948,7083,0,0,1113,14068,26,3953,1113,18021,California
San Joaquin,2021-01-17,1613,23433,130,14867,1483,8566,0,0,1575,15607,38,3991,1577,19598,California
San Joaquin,2021-01-18,736,24169,237,15104,499,9065,0,0,616,16107,116,4107,616,20214,California
San Joaquin,2021-01-19,1854,26023,886,15990,968,10033,0,0,1175,16613,675,4782,1181,21395,California
San Joaquin,2021-01-20,2073,28096,1277,17267,796,10829,0,0,1426,17403,642,5424,1432,22827,California
San Joaquin,2021-01-21,1959,30055,888,18155,1071,11900,0,0,1565,18586,387,5811,1570,24397,California
San Joaquin,2021-01-22,1956,32011,913,19068,1043,12943,0,0,1813,20264,138,5949,1816,26213,California
San Joaquin,2021-01-23,891,32902,402,19470,489,13432,0,0,608,20593,282,6231,611,26824,California
San Joaquin,2021-01-24,344,33246,134,19604,210,13642,0,0,323,20897,19,6250,323,27147,California
San Joaquin,2021-01-25,1976,35222,1133,20737,843,14485,0,0,1417,21762,556,6806,1421,28568,California
San Joaquin,2021-01-26,2142,37364,1113,21850,1029,15514,0,0,1536,22698,604,7410,1540,30108,California
San Joaquin,2021-01-27,1721,39085,765,22615,956,16470,0,0,1230,23447,487,7897,1236,31344,California
San Joaquin,2021-01-28,2017,41102,758,23373,1259,17729,0,0,1374,24184,640,8537,1377,32721,California
San Joaquin,2021-01-29,2135,43237,1041,24414,1094,18823,0,0,1789,25639,341,8878,1796,34517,California
San Joaquin,2021-01-30,2159,45396,349,24763,1810,20633,0,0,1984,27452,173,9051,1986,36503,California
San Joaquin,2021-01-31,1553,46949,176,24939,1377,22010,0,0,1492,28885,60,9111,1493,37996,California
San Joaquin,2021-02-01,2482,49431,1310,26249,1172,23182,0,0,1752,29911,729,9840,1755,39751,California
San Joaquin,2021-02-02,2585,52016,1168,27417,1417,24599,0,0,1970,31329,556,10396,1974,41725,California
San Joaquin,2021-02-03,3054,55070,1208,28625,1846,26445,0,0,2191,32668,857,11253,2196,43921,California
San Joaquin,2021-02-04,3428,58498,1709,30334,1719,28164,0,0,2625,34498,798,12051,2628,46549,California
San Joaquin,2021-02-05,3207,61705,1854,32188,1353,29517,0,0,2352,36005,849,12900,2356,48905,California
San Joaquin,2021-02-06,1120,62825,785,32973,335,29852,0,0,945,36779,173,13073,947,49852,California
San Joaquin,2021-02-07,611,63436,484,33457,127,29979,0,0,409,36994,195,13268,410,50262,California
San Joaquin,2021-02-08,1771,65207,1031,34488,740,30719,0,0,1440,38128,310,13578,1444,51706,California
San Joaquin,2021-02-09,2092,67299,1134,35622,958,31677,0,0,1563,39233,459,14037,1564,53270,California
San Joaquin,2021-02-10,2553,69852,1250,36872,1303,32980,0,0,1336,39381,1188,15225,1336,54606,California
San Joaquin,2021-02-11,2924,72776,1502,38374,1422,34402,0,0,1714,39919,1181,16406,1719,56325,California
San Joaquin,2021-02-12,2796,75572,1120,39494,1676,36078,0,0,1582,40305,1201,17607,1587,57912,California
San Joaquin,2021-02-13,2110,77682,397,39891,1713,37791,0,0,848,39908,1251,18858,854,58766,California
San Joaquin,2021-02-14,1900,79582,261,40152,1639,39430,0,0,689,39411,1187,20045,690,59456,California
San Joaquin,2021-02-15,1975,81557,833,40985,1142,40572,0,0,1195,39858,752,20797,1199,60655,California
San Joaquin,2021-02-16,3142,84699,1369,42354,1773,42345,0,0,1741,40216,1389,22186,1747,62402,California
San Joaquin,2021-02-17,3261,87960,1262,43616,1999,44344,0,0,1858,40687,1391,23577,1862,64264,California
San Joaquin,2021-02-18,3317,91277,1363,44979,1954,46298,0,0,1895,41193,1396,24973,1902,66166,California
San Joaquin,2021-02-19,4235,95512,2395,47374,1840,48138,0,0,2385,41780,1799,26772,2386,68552,California
San Joaquin,2021-02-20,1535,97047,650,48024,885,49023,0,0,1059,42364,475,27247,1059,69611,California
San Joaquin,2021-02-21,634,97681,478,48502,156,49179,0,0,401,42536,230,27477,402,70013,California
San Joaquin,2021-02-22,3504,101185,2471,50973,1033,50212,0,0,2516,44099,958,28435,2521,72534,California
San Joaquin,2021-02-23,4274,105459,2597,53570,1677,51889,0,0,2632,45120,1615,30050,2636,75170,California
San Joaquin,2021-02-24,5671,111130,3375,56945,2296,54185,0,0,4087,47649,1562,31612,4091,79261,California
San Joaquin,2021-02-25,6282,117412,3884,60829,2398,56583,0,0,4061,49528,2192,33804,4071,83332,California
San Joaquin,2021-02-26,5432,122844,2836,63665,2596,59179,0,0,3736,51603,1669,35473,3744,87076,California
San Joaquin,2021-02-27,5415,128259,1609,65274,3806,62985,0,0,2596,51441,2772,38245,2610,89686,California
San Joaquin,2021-02-28,3039,131298,1089,66363,1950,64935,0,0,1999,52420,1022,39267,2001,91687,California
San Joaquin,2021-03-01,4060,135358,1789,68152,2271,67206,0,0,2298,52982,1746,41013,2308,93995,California
San Joaquin,2021-03-02,4153,139511,1655,69807,2498,69704,0,0,2605,54114,1530,42543,2662,96657,California
San Joaquin,2021-03-03,5733,145244,3402,73209,2329,72033,2,2,4143,56691,1567,44110,4144,100801,California
San Joaquin,2021-03-04,5652,150896,2241,75450,3408,75441,3,5,3697,58451,1945,46055,3705,104506,California
San Joaquin,2021-03-05,4399,155295,1863,77313,2532,77973,4,9,3035,60144,1350,47405,3043,107549,California
San Joaquin,2021-03-06,3282,158577,2163,79476,989,78962,130,139,2701,62400,578,47983,2834,110383,California
San Joaquin,2021-03-07,1204,159781,552,80028,606,79568,46,185,922,63089,264,48247,953,111336,California
San Joaquin,2021-03-08,3113,162894,1249,81277,1740,81308,124,309,2112,64333,991,49238,2235,113571,California
San Joaquin,2021-03-09,3954,166848,1777,83054,2051,83359,126,435,2617,65757,1322,50560,2746,116317,California
San Joaquin,2021-03-10,4619,171467,2453,85507,2028,85387,138,573,3403,68094,1204,51764,3541,119858,California
San Joaquin,2021-03-11,4910,176377,2329,87836,1984,87371,597,1170,2920,69636,1980,53744,3522,123380,California
San Joaquin,2021-03-12,6243,182620,3118,90954,2793,90164,332,1502,4149,72049,2074,55818,4487,127867,California
San Joaquin,2021-03-13,3050,185670,1446,92400,1478,91642,126,1628,2291,73720,752,56570,2423,130290,California
San Joaquin,2021-03-14,2149,187819,667,93067,1180,92822,302,1930,1037,73955,1108,57678,1343,131633,California
San Joaquin,2021-03-15,6041,193860,3477,96544,2161,94983,403,2333,3173,74700,2844,60522,3589,135222,California
San Joaquin,2021-03-16,6798,200658,3864,100408,2678,97661,256,2589,4019,76216,2767,63289,4283,139505,California
San Joaquin,2021-03-17,7731,208389,4636,105044,3025,100686,70,2659,4307,77211,3391,66680,4386,143891,California
San Joaquin,2021-03-18,7599,215988,4462,109506,2631,103317,506,3165,3760,77681,3803,70483,4273,148164,California
San Joaquin,2021-03-19,7888,223876,4623,114129,2723,106040,542,3707,4785,79970,3084,73567,5373,153537,California
San Joaquin,2021-03-20,3656,227532,2114,116243,1299,107339,243,3950,1832,80245,1811,75378,2086,155623,California
San Joaquin,2021-03-21,2097,229629,1490,117733,401,107740,206,4156,1193,80789,898,76276,1442,157065,California
San Joaquin,2021-03-22,3939,233568,2012,119745,1511,109251,416,4572,2339,81960,1589,77865,2760,159825,California
San Joaquin,2021-03-23,5340,238908,2618,122363,2556,111807,166,4738,3707,84221,1617,79482,3878,163703,California
San Joaquin,2021-03-24,6787,245695,4214,126577,2487,114294,86,4824,3021,83596,3740,83222,3115,166818,California
San Joaquin,2021-03-25,5495,251190,3255,129832,2199,116493,41,4865,3276,84720,2200,85422,3324,170142,California
San Joaquin,2021-03-26,6116,257306,2522,132354,3445,119938,149,5014,3232,85256,2864,88286,3400,173542,California
San Joaquin,2021-03-27,4593,261899,2607,134961,1943,121881,43,5057,1807,84355,2766,91052,1865,175407,California
San Joaquin,2021-03-28,2695,264594,1788,136749,882,122763,25,5082,1301,84392,1376,92428,1413,176820,California
San Joaquin,2021-03-29,3987,268581,2149,138898,1816,124579,22,5104,2016,84496,1961,94389,2065,178885,California
San Joaquin,2021-03-30,6160,274741,3132,142030,2937,127516,91,5195,3430,85337,2706,97095,3547,182432,California
San Joaquin,2021-03-31,6534,281275,4117,146147,2358,129874,59,5254,3316,85537,3204,100299,3404,185836,California
San Joaquin,2021-04-01,6302,287577,2936,149083,3285,133159,81,5335,2791,84979,3496,103795,2938,188774,California
San Joaquin,2021-04-02,6280,293857,2858,151941,2933,136092,489,5824,2500,84250,3759,107554,3030,191804,California
San Joaquin,2021-04-03,4101,297958,2312,154253,1463,137555,326,6150,1978,84456,2106,109660,2312,194116,California
San Joaquin,2021-04-04,2258,300216,1344,155597,712,138267,202,6352,1540,85498,710,110370,1752,195868,California
San Joaquin,2021-04-05,4447,304663,2810,158407,1467,139734,170,6522,2615,86473,1825,112195,2800,198668,California
San Joaquin,2021-04-06,6947,311610,4456,162863,2232,141966,259,6781,3290,86398,3636,115831,3561,202229,California
San Joaquin,2021-04-07,8266,319876,4500,167363,2195,144161,1571,8352,3476,86684,4776,120607,5062,207291,California
San Joaquin,2021-04-08,8609,328485,4659,172022,1933,146094,2017,10369,3286,86690,5301,125908,5307,212598,California
San Joaquin,2021-04-09,8745,337230,4224,176246,2977,149071,1544,11913,3143,85814,5582,131490,4706,217304,California
San Joaquin,2021-04-10,5145,342375,1613,177859,1627,150698,1905,13818,1711,85999,3429,134919,3614,220918,California
San Joaquin,2021-04-11,3998,346373,1535,179394,1298,151996,1165,14983,1695,86564,2291,137210,2856,223774,California
San Joaquin,2021-04-12,5870,352243,2299,181693,2041,154037,1530,16513,2256,86757,3598,140808,3791,227565,California
San Joaquin,2021-04-13,7391,359634,4253,185946,3133,157170,5,16518,4525,88446,2849,143657,4538,232103,California
San Joaquin,2021-04-14,7074,366708,3536,189482,3538,160708,0,16518,4133,89668,2920,146577,4142,236245,California
San Joaquin,2021-04-15,7576,374284,4417,193899,3159,163867,0,16518,4177,90484,3367,149944,4183,240428,California
San Joaquin,2021-04-16,6945,381229,3512,197411,3430,167297,3,16521,4010,91600,2908,152852,4024,244452,California
San Joaquin,2021-04-17,4946,386175,2602,200013,2342,169639,2,16523,3469,93619,1468,154320,3487,247939,California
San Joaquin,2021-04-18,2428,388603,1339,201352,1089,170728,0,16523,1299,93811,1114,155434,1306,249245,California
San Joaquin,2021-04-19,5043,393646,2696,204048,2347,173075,0,16523,2695,94190,2326,157760,2705,251950,California
San Joaquin,2021-04-20,6139,399785,3202,207250,2937,176012,0,16523,2898,93880,3219,160979,2909,254859,California
San Joaquin,2021-04-21,5264,405049,2766,210016,2498,178510,0,16523,2881,94428,2339,163318,2887,257746,California
San Joaquin,2021-04-22,5112,410161,2977,212993,2135,180645,0,16523,2936,95220,2151,165469,2943,260689,California
San Joaquin,2021-04-23,5765,415926,2731,215724,3033,183678,1,16524,3656,96790,2092,167561,3662,264351,California
San Joaquin,2021-04-24,5058,420984,3446,219170,1611,185289,1,16525,3264,98285,1775,169336,3270,267621,California
San Joaquin,2021-04-25,2800,423784,2331,221501,469,185758,0,16525,1782,99068,1005,170341,1788,269409,California
San Joaquin,2021-04-26,3464,427248,2220,223721,1243,187001,1,16526,1743,99104,1711,172052,1747,271156,California
San Joaquin,2021-04-27,4136,431384,2406,226127,1681,188682,49,16575,1763,98569,2356,174408,1821,272977,California
San Joaquin,2021-04-28,5267,436651,3098,229225,2094,190776,75,16650,2549,98515,2691,177099,2637,275614,California
San Joaquin,2021-04-29,4608,441259,2668,231893,1889,192665,51,16701,2347,98673,2248,179347,2406,278020,California
San Joaquin,2021-04-30,4724,445983,2260,234153,2400,195065,64,16765,2426,98893,2281,181628,2501,280521,California
San Joaquin,2021-05-01,2514,448497,1339,235492,1165,196230,10,16775,1618,99643,892,182520,1642,282163,California
San Joaquin,2021-05-02,1449,449946,946,236438,486,196716,17,16792,688,99591,758,183278,706,282869,California
San Joaquin,2021-05-03,2120,452066,1291,237729,823,197539,6,16798,1064,99623,1045,184323,1077,283946,California
San Joaquin,2021-05-04,2986,455052,2075,239804,816,198355,95,16893,1174,99102,1802,186125,1281,285227,California
San Luis Obispo,2020-12-16,4,4,4,4,0,0,0,0,4,4,0,0,4,4,California
San Luis Obispo,2020-12-17,196,200,196,200,0,0,0,0,196,200,0,0,196,200,California
San Luis Obispo,2020-12-18,224,424,224,424,0,0,0,0,224,424,0,0,224,424,California
San Luis Obispo,2020-12-19,162,586,162,586,0,0,0,0,162,586,0,0,162,586,California
San Luis Obispo,2020-12-20,215,801,215,801,0,0,0,0,215,801,0,0,215,801,California
San Luis Obispo,2020-12-21,548,1349,548,1349,0,0,0,0,548,1349,0,0,548,1349,California
San Luis Obispo,2020-12-22,308,1657,304,1653,4,4,0,0,308,1657,0,0,308,1657,California
San Luis Obispo,2020-12-23,681,2338,367,2020,314,318,0,0,681,2338,0,0,681,2338,California
San Luis Obispo,2020-12-24,194,2532,19,2039,175,493,0,0,194,2532,0,0,194,2532,California
San Luis Obispo,2020-12-25,2,2534,1,2040,1,494,0,0,2,2534,0,0,2,2534,California
San Luis Obispo,2020-12-26,89,2623,12,2052,77,571,0,0,89,2623,0,0,89,2623,California
San Luis Obispo,2020-12-27,76,2699,0,2052,76,647,0,0,76,2699,0,0,76,2699,California
San Luis Obispo,2020-12-28,880,3579,430,2482,450,1097,0,0,880,3579,0,0,880,3579,California
San Luis Obispo,2020-12-29,903,4482,502,2984,401,1498,0,0,903,4482,0,0,903,4482,California
San Luis Obispo,2020-12-30,1172,5654,681,3665,491,1989,0,0,1172,5654,0,0,1172,5654,California
San Luis Obispo,2020-12-31,106,5760,4,3669,102,2091,0,0,106,5760,0,0,106,5760,California
San Luis Obispo,2021-01-01,13,5773,8,3677,5,2096,0,0,13,5773,0,0,13,5773,California
San Luis Obispo,2021-01-02,33,5806,8,3685,25,2121,0,0,33,5806,0,0,33,5806,California
San Luis Obispo,2021-01-03,16,5822,6,3691,10,2131,0,0,16,5822,0,0,16,5822,California
San Luis Obispo,2021-01-04,678,6500,524,4215,154,2285,0,0,678,6500,0,0,678,6500,California
San Luis Obispo,2021-01-05,974,7474,756,4971,218,2503,0,0,972,7470,2,2,972,7472,California
San Luis Obispo,2021-01-06,725,8199,480,5451,245,2748,0,0,717,8180,7,9,717,8189,California
San Luis Obispo,2021-01-07,1126,9325,948,6399,178,2926,0,0,684,8422,442,451,684,8873,California
San Luis Obispo,2021-01-08,881,10206,804,7203,77,3003,0,0,512,8566,368,819,512,9385,California
San Luis Obispo,2021-01-09,204,10410,195,7398,9,3012,0,0,27,8416,177,996,27,9412,California
San Luis Obispo,2021-01-10,12,10422,8,7406,4,3016,0,0,8,8420,4,1000,8,9420,California
San Luis Obispo,2021-01-11,552,10974,501,7907,51,3067,0,0,292,8453,259,1259,292,9712,California
San Luis Obispo,2021-01-12,597,11571,380,8287,217,3284,0,0,319,8494,278,1537,319,10031,California
San Luis Obispo,2021-01-13,884,12455,255,8542,629,3913,0,0,646,8904,236,1773,646,10677,California
San Luis Obispo,2021-01-14,730,13185,244,8786,486,4399,0,0,605,9397,112,1885,605,11282,California
San Luis Obispo,2021-01-15,729,13914,287,9073,442,4841,0,0,554,9781,170,2055,554,11836,California
San Luis Obispo,2021-01-16,99,14013,81,9154,18,4859,0,0,94,9870,5,2060,94,11930,California
San Luis Obispo,2021-01-17,67,14080,61,9215,6,4865,0,0,67,9937,0,2060,67,11997,California
San Luis Obispo,2021-01-18,1372,15452,389,9604,983,5848,0,0,1110,10785,262,2322,1110,13107,California
San Luis Obispo,2021-01-19,1585,17037,417,10021,1168,7016,0,0,1177,11554,408,2730,1177,14284,California
San Luis Obispo,2021-01-20,1884,18921,596,10617,1288,8304,0,0,1293,12259,589,3319,1294,15578,California
San Luis Obispo,2021-01-21,1570,20491,466,11083,1104,9408,0,0,1197,13088,369,3688,1198,16776,California
San Luis Obispo,2021-01-22,1522,22013,509,11592,1013,10421,0,0,1207,13982,313,4001,1207,17983,California
San Luis Obispo,2021-01-23,313,22326,295,11887,18,10439,0,0,297,14263,16,4017,297,18280,California
San Luis Obispo,2021-01-24,245,22571,237,12124,8,10447,0,0,239,14496,6,4023,239,18519,California
San Luis Obispo,2021-01-25,2074,24645,606,12730,1468,11915,0,0,1244,14910,830,4853,1244,19763,California
San Luis Obispo,2021-01-26,2001,26646,703,13433,1298,13213,0,0,1135,15179,866,5719,1135,20898,California
San Luis Obispo,2021-01-27,1611,28257,284,13717,1327,14540,0,0,1152,15872,459,6178,1152,22050,California
San Luis Obispo,2021-01-28,1485,29742,342,14059,1143,15683,0,0,1225,16838,259,6437,1225,23275,California
San Luis Obispo,2021-01-29,1734,31476,681,14740,1053,16736,0,0,1450,18004,284,6721,1450,24725,California
San Luis Obispo,2021-01-30,37,31513,18,14758,19,16755,0,0,26,18020,10,6731,26,24751,California
San Luis Obispo,2021-01-31,26,31539,20,14778,6,16761,0,0,23,18040,3,6734,23,24774,California
San Luis Obispo,2021-02-01,1694,33233,730,15508,964,17725,0,0,1399,19145,294,7028,1399,26173,California
San Luis Obispo,2021-02-02,1895,35128,677,16185,1218,18943,0,0,1521,20292,374,7402,1521,27694,California
San Luis Obispo,2021-02-03,1705,36833,728,16913,977,19920,0,0,1292,21171,413,7815,1292,28986,California
San Luis Obispo,2021-02-04,1657,38490,800,17713,857,20777,0,0,1090,21694,567,8382,1090,30076,California
San Luis Obispo,2021-02-05,1603,40093,716,18429,887,21664,0,0,1059,22209,545,8927,1060,31136,California
San Luis Obispo,2021-02-06,159,40252,92,18521,67,21731,0,0,93,22236,66,8993,93,31229,California
San Luis Obispo,2021-02-07,144,40396,99,18620,45,21776,0,0,74,22241,70,9063,75,31304,California
San Luis Obispo,2021-02-08,856,41252,468,19088,388,22164,0,0,496,22378,359,9422,496,31800,California
San Luis Obispo,2021-02-09,1123,42375,448,19536,675,22839,0,0,541,22350,576,9998,548,32348,California
San Luis Obispo,2021-02-10,1427,43802,486,20022,941,23780,0,0,521,21971,903,10901,524,32872,California
San Luis Obispo,2021-02-11,1330,45132,844,20866,486,24266,0,0,655,21954,672,11573,655,33527,California
San Luis Obispo,2021-02-12,787,45919,363,21229,424,24690,0,0,417,22001,370,11943,417,33944,California
San Luis Obispo,2021-02-13,392,46311,126,21355,266,24956,0,0,284,22179,107,12050,285,34229,California
San Luis Obispo,2021-02-14,317,46628,41,21396,276,25232,0,0,281,22425,36,12086,282,34511,California
San Luis Obispo,2021-02-15,724,47352,137,21533,587,25819,0,0,467,22638,254,12340,467,34978,California
San Luis Obispo,2021-02-16,2962,50314,1194,22727,1768,27587,0,0,1359,22400,1597,13937,1359,36337,California
San Luis Obispo,2021-02-17,2775,53089,1238,23965,1537,29124,0,0,1028,21690,1738,15675,1028,37365,California
San Luis Obispo,2021-02-18,2812,55901,1446,25411,1366,30490,0,0,1123,21133,1681,17356,1124,38489,California
San Luis Obispo,2021-02-19,1452,57353,1332,26743,120,30610,0,0,1129,21940,322,17678,1129,39618,California
San Luis Obispo,2021-02-20,250,57603,80,26823,170,30780,0,0,214,22118,36,17714,214,39832,California
San Luis Obispo,2021-02-21,48,57651,44,26867,4,30784,0,0,29,22128,19,17733,29,39861,California
San Luis Obispo,2021-02-22,2403,60054,1858,28725,545,31329,0,0,1459,22644,944,18677,1460,41321,California
San Luis Obispo,2021-02-23,1854,61908,1739,30464,115,31444,0,0,1361,23514,492,19169,1362,42683,California
San Luis Obispo,2021-02-24,2644,64552,1301,31765,1343,32787,0,0,836,22544,1806,20975,836,43519,California
San Luis Obispo,2021-02-25,2130,66682,1243,33008,887,33674,0,0,1205,22832,918,21893,1206,44725,California
San Luis Obispo,2021-02-26,2644,69326,1148,34156,1496,35170,0,0,1324,22844,1312,23205,1324,46049,California
San Luis Obispo,2021-02-27,566,69892,340,34496,226,35396,0,0,520,23318,46,23251,520,46569,California
San Luis Obispo,2021-02-28,198,70090,73,34569,125,35521,0,0,163,23450,31,23282,163,46732,California
San Luis Obispo,2021-03-01,2956,73046,1841,36410,1114,36635,1,1,2034,24563,923,24205,2036,48768,California
San Luis Obispo,2021-03-02,2985,76031,1886,38296,1099,37734,0,1,1841,25265,1140,25345,1842,50610,California
San Luis Obispo,2021-03-03,2274,78305,331,38627,1943,39677,0,1,826,24650,1442,26787,827,51437,California
San Luis Obispo,2021-03-04,2175,80480,1147,39774,1028,40705,0,1,1166,24811,1007,27794,1168,52605,California
San Luis Obispo,2021-03-05,2296,82776,1018,40792,1208,41913,70,71,1291,25182,990,28784,1361,53966,California
San Luis Obispo,2021-03-06,832,83608,309,41101,416,42329,107,178,612,25675,220,29004,713,54679,California
San Luis Obispo,2021-03-07,199,83807,32,41133,83,42412,84,262,70,25702,128,29132,155,54834,California
San Luis Obispo,2021-03-08,2726,86533,753,41886,1659,44071,314,576,1543,26378,1180,30312,1856,56690,California
San Luis Obispo,2021-03-09,2914,89447,955,42841,1723,45794,236,812,1512,26728,1399,31711,1749,58439,California
San Luis Obispo,2021-03-10,3179,92626,1238,44079,1671,47465,270,1082,1815,27453,1360,33071,2085,60524,California
San Luis Obispo,2021-03-11,3102,95728,1272,45351,1528,48993,302,1384,1707,28075,1386,34457,2008,62532,California
San Luis Obispo,2021-03-12,3211,98939,1282,46633,1591,50584,338,1722,1603,28419,1600,36057,1944,64476,California
San Luis Obispo,2021-03-13,791,99730,260,46893,422,51006,109,1831,429,28595,361,36418,537,65013,California
San Luis Obispo,2021-03-14,513,100243,53,46946,349,51355,111,1942,134,28462,378,36796,245,65258,California
San Luis Obispo,2021-03-15,3049,103292,1096,48042,1855,53210,98,2040,1529,28573,1516,38312,1627,66885,California
San Luis Obispo,2021-03-16,2841,106133,1510,49552,1231,54441,100,2140,1446,28729,1389,39701,1545,68430,California
San Luis Obispo,2021-03-17,3422,109555,1448,51000,1713,56154,261,2401,1978,29532,1435,41136,2238,70668,California
San Luis Obispo,2021-03-18,2788,112343,1445,52445,1150,57304,193,2594,1338,29617,1446,42582,1531,72199,California
San Luis Obispo,2021-03-19,2584,114927,1562,54007,701,58005,321,2915,961,29286,1615,44197,1284,73483,California
San Luis Obispo,2021-03-20,831,115758,496,54503,299,58304,36,2951,384,29259,447,44644,420,73903,California
San Luis Obispo,2021-03-21,186,115944,45,54548,138,58442,3,2954,157,29390,29,44673,160,74063,California
San Luis Obispo,2021-03-22,2683,118627,1169,55717,1466,59908,48,3002,1863,30486,815,45488,1911,75974,California
San Luis Obispo,2021-03-23,3354,121981,2209,57926,1127,61035,18,3020,2262,31678,1088,46576,2280,78254,California
San Luis Obispo,2021-03-24,3483,125464,2130,60056,1283,62318,70,3090,2615,33499,863,47439,2684,80938,California
San Luis Obispo,2021-03-25,3657,129121,2285,62341,1360,63678,12,3102,2634,35124,1020,48459,2645,83583,California
San Luis Obispo,2021-03-26,3134,132255,1757,64098,956,64634,421,3523,1751,35918,1377,49836,2171,85754,California
San Luis Obispo,2021-03-27,992,133247,507,64605,393,65027,92,3615,451,35922,539,50375,543,86297,California
San Luis Obispo,2021-03-28,443,133690,151,64756,236,65263,56,3671,242,36019,201,50576,298,86595,California
San Luis Obispo,2021-03-29,2570,136260,1271,66027,1166,66429,133,3804,1651,36896,907,51483,1784,88379,California
San Luis Obispo,2021-03-30,3491,139751,1905,67932,1444,67873,142,3946,2341,38231,1146,52629,2481,90860,California
San Luis Obispo,2021-03-31,3834,143585,2453,70385,1234,69107,147,4093,2471,39495,1353,53982,2617,93477,California
San Luis Obispo,2021-04-01,3797,147382,2416,72801,1287,70394,94,4187,2685,41170,1104,55086,2779,96256,California
San Luis Obispo,2021-04-02,1747,149129,686,73487,750,71144,311,4498,950,41633,796,55882,1259,97515,California
San Luis Obispo,2021-04-03,1096,150225,552,74039,417,71561,127,4625,481,41631,610,56492,608,98123,California
San Luis Obispo,2021-04-04,378,150603,130,74169,208,71769,40,4665,232,41757,146,56638,272,98395,California
San Luis Obispo,2021-04-05,3597,154200,1943,76112,1544,73313,110,4775,2037,42345,1557,58195,2145,100540,California
San Luis Obispo,2021-04-06,4015,158215,2143,78255,1563,74876,309,5084,1951,42549,2056,60251,2260,102800,California
San Luis Obispo,2021-04-07,4260,162475,2338,80593,1582,76458,340,5424,2464,43571,1780,62031,2802,105602,California
San Luis Obispo,2021-04-08,3998,166473,2188,82781,1421,77879,389,5813,2169,44307,1822,63853,2558,108160,California
San Luis Obispo,2021-04-09,3601,170074,1707,84488,1152,79031,742,6555,1510,44473,2082,65935,2248,110408,California
San Luis Obispo,2021-04-10,1571,171645,559,85047,350,79381,662,7217,483,44529,1087,67022,1143,111551,California
San Luis Obispo,2021-04-11,311,171956,63,85110,185,79566,63,7280,124,44531,185,67207,187,111738,California
San Luis Obispo,2021-04-12,3361,175317,1695,86805,1503,81069,163,7443,1406,44145,1955,69162,1569,113307,California
San Luis Obispo,2021-04-13,3629,178946,2091,88896,1537,82606,1,7444,1963,44446,1664,70826,1965,115272,California
San Luis Obispo,2021-04-14,2842,181788,1676,90572,1163,83769,3,7447,1658,44933,1173,71999,1660,116932,California
San Luis Obispo,2021-04-15,3644,185432,2361,92933,1282,85051,1,7448,1942,45191,1685,73684,1943,118875,California
San Luis Obispo,2021-04-16,3598,189030,2186,95119,1409,86460,3,7451,1793,45185,1801,75485,1795,120670,California
San Luis Obispo,2021-04-17,1097,190127,432,95551,663,87123,2,7453,717,45525,379,75864,719,121389,California
San Luis Obispo,2021-04-18,318,190445,96,95647,221,87344,1,7454,109,45428,207,76071,110,121499,California
San Luis Obispo,2021-04-19,3067,193512,1284,96931,1745,89089,38,7492,1131,44663,1934,78005,1169,122668,California
San Luis Obispo,2021-04-20,3549,197061,1931,98862,1618,90707,0,7492,1373,43872,2164,80169,1373,124041,California
San Luis Obispo,2021-04-21,3896,200957,1788,100650,2108,92815,0,7492,1629,43249,2252,82421,1629,125670,California
San Luis Obispo,2021-04-22,4554,205511,2049,102699,2505,95320,0,7492,1499,41710,3040,85461,1501,127171,California
San Luis Obispo,2021-04-23,1468,206979,850,103549,614,95934,4,7496,703,41665,759,86220,714,127885,California
San Luis Obispo,2021-04-24,1081,208060,444,103993,618,96552,19,7515,495,41598,581,86801,514,128399,California
San Luis Obispo,2021-04-25,344,208404,162,104155,182,96734,0,7515,113,41481,230,87031,113,128512,California
San Luis Obispo,2021-04-26,901,209305,294,104449,590,97324,17,7532,335,41277,555,87586,351,128863,California
San Luis Obispo,2021-04-27,3513,212818,1806,106255,1640,98964,67,7599,1317,40469,2191,89777,1383,130246,California
San Luis Obispo,2021-04-28,3312,216130,1857,108112,1393,100357,62,7661,1159,39551,2139,91916,1221,131467,California
San Luis Obispo,2021-04-29,3205,219335,1860,109972,1272,101629,73,7734,1055,38539,2140,94056,1128,132595,California
San Luis Obispo,2021-04-30,2628,221963,1495,111467,1069,102698,64,7798,822,37630,1793,95849,884,133479,California
San Luis Obispo,2021-05-01,141,222104,52,111519,68,102766,21,7819,42,37595,97,95946,62,133541,California
San Luis Obispo,2021-05-02,28,222132,10,111529,13,102779,5,7824,20,37612,8,95954,25,133566,California
San Luis Obispo,2021-05-03,397,222529,30,111559,312,103091,55,7879,117,37502,280,96234,170,133736,California
San Luis Obispo,2021-05-04,2043,224572,1359,112918,676,103767,8,7887,566,36602,1473,97707,573,134309,California
San Mateo,2020-12-15,26,26,26,26,0,0,0,0,26,26,0,0,26,26,California
San Mateo,2020-12-16,110,136,110,136,0,0,0,0,110,136,0,0,110,136,California
San Mateo,2020-12-17,164,300,164,300,0,0,0,0,164,300,0,0,164,300,California
San Mateo,2020-12-18,741,1041,739,1039,2,2,0,0,741,1041,0,0,741,1041,California
San Mateo,2020-12-19,511,1552,511,1550,0,2,0,0,511,1552,0,0,511,1552,California
San Mateo,2020-12-20,510,2062,508,2058,2,4,0,0,510,2062,0,0,510,2062,California
San Mateo,2020-12-21,1155,3217,1155,3213,0,4,0,0,1155,3217,0,0,1155,3217,California
San Mateo,2020-12-22,1517,4734,1510,4723,7,11,0,0,1517,4734,0,0,1517,4734,California
San Mateo,2020-12-23,1573,6307,1385,6108,188,199,0,0,1573,6307,0,0,1573,6307,California
San Mateo,2020-12-24,867,7174,609,6717,258,457,0,0,867,7174,0,0,867,7174,California
San Mateo,2020-12-25,115,7289,111,6828,4,461,0,0,115,7289,0,0,115,7289,California
San Mateo,2020-12-26,561,7850,418,7246,143,604,0,0,561,7850,0,0,561,7850,California
San Mateo,2020-12-27,307,8157,176,7422,131,735,0,0,307,8157,0,0,307,8157,California
San Mateo,2020-12-28,1049,9206,703,8125,346,1081,0,0,1049,9206,0,0,1049,9206,California
San Mateo,2020-12-29,1130,10336,705,8830,425,1506,0,0,1130,10336,0,0,1130,10336,California
San Mateo,2020-12-30,1264,11600,760,9590,504,2010,0,0,1264,11600,0,0,1264,11600,California
San Mateo,2020-12-31,717,12317,232,9822,485,2495,0,0,716,12315,1,1,716,12316,California
San Mateo,2021-01-01,56,12373,40,9862,16,2511,0,0,56,12371,0,1,56,12372,California
San Mateo,2021-01-02,400,12773,270,10132,130,2641,0,0,400,12771,0,1,400,12772,California
San Mateo,2021-01-03,282,13055,207,10339,75,2716,0,0,279,13047,3,4,279,13051,California
San Mateo,2021-01-04,1053,14108,680,11019,373,3089,0,0,1053,14100,0,4,1053,14104,California
San Mateo,2021-01-05,1200,15308,705,11724,495,3584,0,0,1171,15243,29,33,1172,15276,California
San Mateo,2021-01-06,1447,16755,950,12674,497,4081,0,0,1266,16331,179,212,1267,16543,California
San Mateo,2021-01-07,1454,18209,808,13482,646,4727,0,0,1164,17213,283,495,1165,17708,California
San Mateo,2021-01-08,1840,20049,1191,14673,649,5376,0,0,1141,17663,692,1187,1142,18850,California
San Mateo,2021-01-09,1180,21229,776,15449,404,5780,0,0,723,17929,457,1644,723,19573,California
San Mateo,2021-01-10,702,21931,573,16022,129,5909,0,0,266,17759,436,2080,266,19839,California
San Mateo,2021-01-11,2594,24525,1485,17507,1109,7018,0,0,1528,18222,1067,3147,1530,21369,California
San Mateo,2021-01-12,3279,27804,1771,19278,1508,8526,0,0,2097,19142,1180,4327,2100,23469,California
San Mateo,2021-01-13,3479,31283,1750,21028,1729,10255,0,0,2446,20558,1033,5360,2449,25918,California
San Mateo,2021-01-14,3776,35059,1583,22611,2193,12448,0,0,3092,22971,684,6044,3097,29015,California
San Mateo,2021-01-15,4330,39389,1710,24321,2620,15068,0,0,3802,26249,526,6570,3804,32819,California
San Mateo,2021-01-16,3084,42473,776,25097,2308,17376,0,0,2764,28693,320,6890,2764,35583,California
San Mateo,2021-01-17,1311,43784,309,25406,1002,18378,0,0,1102,29586,209,7099,1102,36685,California
San Mateo,2021-01-18,1365,45149,533,25939,832,19210,0,0,990,30208,372,7471,994,37679,California
San Mateo,2021-01-19,2794,47943,1784,27723,1010,20220,0,0,2002,31421,789,8260,2002,39681,California
San Mateo,2021-01-20,2794,50737,1539,29262,1255,21475,0,0,1949,32529,842,9102,1950,41631,California
San Mateo,2021-01-21,2835,53572,1287,30549,1548,23023,0,0,2250,34198,584,9686,2253,43884,California
San Mateo,2021-01-22,2792,56364,1135,31684,1657,24680,0,0,2493,36395,297,9983,2494,46378,California
San Mateo,2021-01-23,2885,59249,1690,33374,1195,25875,0,0,2521,38553,364,10347,2522,48900,California
San Mateo,2021-01-24,1519,60768,374,33748,1145,27020,0,0,1209,39453,309,10656,1209,50109,California
San Mateo,2021-01-25,4429,65197,3146,36894,1283,28303,0,0,3534,42097,893,11549,3537,53646,California
San Mateo,2021-01-26,4297,69494,2982,39876,1315,29618,0,0,3393,44587,903,12452,3393,57039,California
San Mateo,2021-01-27,2787,72281,1470,41346,1317,30935,0,0,1792,45392,988,13440,1793,58832,California
San Mateo,2021-01-28,2800,75081,1353,42699,1447,32382,0,0,1950,46507,835,14275,1950,60782,California
San Mateo,2021-01-29,2982,78063,1339,44038,1643,34025,0,0,2149,47829,830,15105,2152,62934,California
San Mateo,2021-01-30,3375,81438,1476,45514,1899,35924,0,0,2918,50292,456,15561,2919,65853,California
San Mateo,2021-01-31,1681,83119,897,46411,784,36708,0,0,1518,51649,161,15722,1518,67371,California
San Mateo,2021-02-01,2925,86044,1345,47756,1580,38288,0,0,2217,53163,704,16426,2218,69589,California
San Mateo,2021-02-02,3175,89219,1729,49485,1446,39734,0,0,2159,54309,1013,17439,2159,71748,California
San Mateo,2021-02-03,4880,94099,1948,51433,2932,42666,0,0,3827,57087,1050,18489,3828,75576,California
San Mateo,2021-02-04,6293,100392,2592,54025,3701,46367,0,0,4933,60669,1354,19843,4936,80512,California
San Mateo,2021-02-05,6801,107193,2554,56579,4247,50614,0,0,4974,63833,1810,21653,4974,85486,California
San Mateo,2021-02-06,3283,110476,1917,58496,1366,51980,0,0,2619,65791,663,22316,2621,88107,California
San Mateo,2021-02-07,1897,112373,1343,59839,554,52534,0,0,1710,67314,187,22503,1710,89817,California
San Mateo,2021-02-08,5277,117650,2244,62083,3033,55567,0,0,3103,68307,2110,24613,3103,92920,California
San Mateo,2021-02-09,6182,123832,3220,65303,2962,58529,0,0,3338,68806,2839,27452,3338,96258,California
San Mateo,2021-02-10,6503,130335,3274,68577,3229,61758,0,0,3429,69170,3065,30517,3429,99687,California
San Mateo,2021-02-11,7052,137387,3581,72158,3471,65229,0,0,3799,69728,3244,33761,3802,103489,California
San Mateo,2021-02-12,6617,144004,2950,75108,3667,68896,0,0,4700,72516,1914,35675,4702,108191,California
San Mateo,2021-02-13,6089,150093,3992,79100,2097,70993,0,0,2637,71705,3448,39123,2637,110828,California
San Mateo,2021-02-14,4631,154724,3016,82116,1615,72608,0,0,1982,71043,2645,41768,1983,112811,California
San Mateo,2021-02-15,3166,157890,1457,83573,1709,74317,0,0,1786,71454,1376,43144,1787,114598,California
San Mateo,2021-02-16,7148,165038,1874,85447,5274,79591,0,0,5283,74875,1864,45008,5285,119883,California
San Mateo,2021-02-17,7057,172095,1934,87381,5123,84714,0,0,5066,77957,1986,46994,5068,124951,California
San Mateo,2021-02-18,6693,178788,4625,92006,2068,86782,0,0,4446,80163,2242,49236,4448,129399,California
San Mateo,2021-02-19,7809,186597,5609,97615,2200,88982,0,0,5816,83992,1987,51223,5816,135215,California
San Mateo,2021-02-20,3732,190329,2417,100032,1315,90297,0,0,2307,84881,1418,52641,2307,137522,California
San Mateo,2021-02-21,2305,192634,1464,101496,841,91138,0,0,1260,85101,1040,53681,1260,138782,California
San Mateo,2021-02-22,4419,197053,3196,104692,1223,92361,0,0,2781,86250,1632,55313,2781,141563,California
San Mateo,2021-02-23,4286,201339,3041,107733,1245,93606,0,0,2481,86932,1799,57112,2481,144044,California
San Mateo,2021-02-24,7274,208613,3255,110988,4019,97625,0,0,4851,89366,2418,59530,4852,148896,California
San Mateo,2021-02-25,9082,217695,4008,114996,5074,102699,0,0,6014,92327,3053,62583,6014,154910,California
San Mateo,2021-02-26,9764,227459,3714,118710,6050,108749,0,0,6842,96264,2909,65492,6846,161756,California
San Mateo,2021-02-27,6681,234140,3412,122122,3268,112017,1,1,3631,96855,3046,68538,3637,165393,California
San Mateo,2021-02-28,4123,238263,2505,124627,1618,113635,0,1,2554,97846,1564,70102,2555,167948,California
San Mateo,2021-03-01,5639,243902,3525,128152,2113,115748,1,2,2791,97802,2836,72938,2792,170740,California
San Mateo,2021-03-02,5788,249690,3981,132133,1806,117554,1,3,3334,98692,2446,75384,3336,174076,California
San Mateo,2021-03-03,8338,258028,3897,136030,4439,121993,2,5,3600,97568,4726,80110,3602,177678,California
San Mateo,2021-03-04,8414,266442,3936,139966,4476,126469,2,7,3802,96780,4594,84704,3806,181484,California
San Mateo,2021-03-05,9083,275525,5981,145947,3099,129568,3,10,6411,100546,2652,87356,6418,187902,California
San Mateo,2021-03-06,7844,283369,5433,151380,2235,131803,176,186,5732,104350,2103,89459,5907,193809,California
San Mateo,2021-03-07,3468,286837,2314,153694,1087,132890,67,253,2005,104963,1459,90918,2072,195881,California
San Mateo,2021-03-08,4436,291273,2476,156170,1742,134632,218,471,3215,107184,1213,92131,3434,199315,California
San Mateo,2021-03-09,4549,295822,2122,158292,2154,136786,273,744,3006,108926,1536,93667,3278,202593,California
San Mateo,2021-03-10,6918,302740,2642,160934,3990,140776,286,1030,4567,111440,2338,96005,4852,207445,California
San Mateo,2021-03-11,9125,311865,5729,166663,3005,143781,391,1421,3714,110161,5383,101388,4104,211549,California
San Mateo,2021-03-12,10493,322358,6607,173270,3511,147292,375,1796,3497,107055,6979,108367,3873,215422,California
San Mateo,2021-03-13,8099,330457,3415,176685,3059,150351,1625,3421,3912,108411,4176,112543,5532,220954,California
San Mateo,2021-03-14,4936,335393,3304,179989,1525,151876,107,3528,2905,109399,2024,114567,3012,223966,California
San Mateo,2021-03-15,7124,342517,4576,184565,2372,154248,176,3704,3768,109993,3350,117917,3944,227910,California
San Mateo,2021-03-16,11908,354425,4356,188921,7429,161677,123,3827,4858,107941,7035,124952,4983,232893,California
San Mateo,2021-03-17,10793,365218,4361,193282,6307,167984,125,3952,4892,107084,5878,130830,5021,237914,California
San Mateo,2021-03-18,7231,372449,4029,197311,3019,171003,183,4135,4307,108653,2919,133749,4488,242402,California
San Mateo,2021-03-19,7361,379810,4721,202032,1973,172976,667,4802,3611,109191,3740,137489,4278,246680,California
San Mateo,2021-03-20,8278,388088,6426,208458,1518,174494,334,5136,5406,112074,2857,140346,5740,252420,California
San Mateo,2021-03-21,4146,392234,3122,211580,793,175287,231,5367,2344,112854,1792,142138,2572,254992,California
San Mateo,2021-03-22,5217,397451,3543,215123,1257,176544,417,5784,2861,113789,2344,144482,3279,258271,California
San Mateo,2021-03-23,9770,407221,4442,219565,5132,181676,196,5980,4654,113551,5087,149569,4849,263120,California
San Mateo,2021-03-24,9435,416656,5439,225004,3856,185532,140,6120,4103,112525,5266,154835,4240,267360,California
San Mateo,2021-03-25,10004,426660,4870,229874,4866,190398,268,6388,4417,111727,5486,160321,4688,272048,California
San Mateo,2021-03-26,11140,437800,7659,237533,3316,193714,165,6553,4456,109702,6647,166968,4622,276670,California
San Mateo,2021-03-27,10432,448232,7963,245496,2363,196077,106,6659,4700,108791,5714,172682,4803,281473,California
San Mateo,2021-03-28,4214,452446,2701,248197,1402,197479,111,6770,2106,108910,2099,174781,2218,283691,California
San Mateo,2021-03-29,6011,458457,3744,251941,2015,199494,252,7022,2849,108867,3144,177925,3101,286792,California
San Mateo,2021-03-30,7062,465519,4003,255944,2906,202400,153,7175,4454,110880,2594,180519,4607,291399,California
San Mateo,2021-03-31,7197,472716,4546,260490,2513,204913,138,7313,4055,111947,3126,183645,4193,295592,California
San Mateo,2021-04-01,10392,483108,5096,265586,4117,209030,1179,8492,5579,113925,4777,188422,6755,302347,California
San Mateo,2021-04-02,10618,493726,5062,270648,3994,213024,1562,10054,5566,116017,5035,193457,7127,309474,California
San Mateo,2021-04-03,9645,503371,5469,276117,2444,215468,1732,11786,4865,117840,4775,198232,6598,316072,California
San Mateo,2021-04-04,5388,508759,2598,278715,1543,217011,1247,13033,1707,117122,3671,201903,2953,319025,California
San Mateo,2021-04-05,8938,517697,4752,283467,2452,219463,1734,14767,3854,117635,5073,206976,5586,324611,California
San Mateo,2021-04-06,13094,530791,8201,291668,3043,222506,1850,16617,7485,121382,5596,212572,9343,333954,California
San Mateo,2021-04-07,11315,542106,5244,296912,4401,226907,1670,18287,4805,121361,6490,219062,6469,340423,California
San Mateo,2021-04-08,10006,552112,5003,301915,2444,229351,2559,20846,4441,122801,5551,224613,6991,347414,California
San Mateo,2021-04-09,11210,563322,5440,307355,3297,232648,2473,23319,5048,124157,6160,230773,7516,354930,California
San Mateo,2021-04-10,11109,574431,5652,313007,4039,236687,1418,24737,4608,123700,6480,237253,6023,360953,California
San Mateo,2021-04-11,6602,581033,3275,316282,880,237567,2447,27184,2333,124211,4263,241516,4774,365727,California
San Mateo,2021-04-12,7292,588325,4462,320744,1872,239439,958,28142,3543,124980,3733,245249,4502,370229,California
San Mateo,2021-04-13,8104,596429,5061,325805,3034,242473,9,28151,4288,125469,3810,249059,4299,374528,California
San Mateo,2021-04-14,8329,604758,5417,331222,2910,245383,2,28153,4306,125770,4013,253072,4314,378842,California
San Mateo,2021-04-15,10952,615710,7268,338490,3683,249066,1,28154,7180,129204,3749,256821,7183,386025,California
San Mateo,2021-04-16,9926,625636,6859,345349,3051,252117,16,28170,6316,131947,3594,260415,6337,392362,California
San Mateo,2021-04-17,9597,635233,6405,351754,3189,255306,3,28173,6087,134540,3502,263917,6095,398457,California
San Mateo,2021-04-18,5389,640622,2581,354335,2808,258114,0,28173,3653,136473,1726,265643,3659,402116,California
San Mateo,2021-04-19,8312,648934,5406,359741,2906,261020,0,28173,5395,138967,2908,268551,5402,407518,California
San Mateo,2021-04-20,10187,659121,5648,365389,4539,265559,0,28173,6543,141892,3628,272179,6553,414071,California
San Mateo,2021-04-21,8904,668025,6016,371405,2888,268447,0,28173,5504,144015,3388,275567,5511,419582,California
San Mateo,2021-04-22,9371,677396,6227,377632,3143,271590,1,28174,5214,145109,4126,279693,5220,424802,California
San Mateo,2021-04-23,9314,686710,6100,383732,3214,274804,0,28174,5196,146226,4094,283787,5211,430013,California
San Mateo,2021-04-24,11192,697902,8004,391736,3188,277992,0,28174,6041,147142,5133,288920,6049,436062,California
San Mateo,2021-04-25,5485,703387,3852,395588,1632,279624,1,28175,3898,149474,1576,290496,3908,439970,California
San Mateo,2021-04-26,5936,709323,4349,399937,1580,281204,7,28182,3441,150444,2489,292985,3459,443429,California
San Mateo,2021-04-27,10629,719952,7526,407463,2999,284203,104,28286,4245,148434,6363,299348,4353,447782,California
San Mateo,2021-04-28,7373,727325,4249,411712,2922,287125,202,28488,3814,148903,3550,302898,4019,451801,California
San Mateo,2021-04-29,7023,734348,3328,415040,3525,290650,170,28658,3044,148167,3958,306856,3222,455023,California
San Mateo,2021-04-30,7535,741883,4757,419797,2626,293276,152,28810,3196,147206,4322,311178,3361,458384,California
San Mateo,2021-05-01,4307,746190,2821,422618,1470,294746,16,28826,2052,147036,2246,313424,2076,460460,California
San Mateo,2021-05-02,1560,747750,702,423320,856,295602,2,28828,729,146946,824,314248,734,461194,California
San Mateo,2021-05-03,3930,751680,2795,426115,1110,296712,25,28853,1439,145928,2484,316732,1466,462660,California
San Mateo,2021-05-04,4252,755932,2579,428694,1617,298329,56,28909,1737,145225,2509,319241,1806,464466,California
Santa Barbara,2020-12-15,2,2,2,2,0,0,0,0,2,2,0,0,2,2,California
Santa Barbara,2020-12-16,2,4,2,4,0,0,0,0,2,4,0,0,2,4,California
Santa Barbara,2020-12-17,54,58,54,58,0,0,0,0,54,58,0,0,54,58,California
Santa Barbara,2020-12-18,378,436,377,435,1,1,0,0,378,436,0,0,378,436,California
Santa Barbara,2020-12-19,325,761,325,760,0,1,0,0,325,761,0,0,325,761,California
Santa Barbara,2020-12-20,235,996,235,995,0,1,0,0,235,996,0,0,235,996,California
Santa Barbara,2020-12-21,651,1647,649,1644,2,3,0,0,651,1647,0,0,651,1647,California
Santa Barbara,2020-12-22,243,1890,241,1885,2,5,0,0,243,1890,0,0,243,1890,California
Santa Barbara,2020-12-23,320,2210,202,2087,118,123,0,0,320,2210,0,0,320,2210,California
Santa Barbara,2020-12-24,88,2298,40,2127,48,171,0,0,88,2298,0,0,88,2298,California
Santa Barbara,2020-12-26,326,2624,66,2193,260,431,0,0,326,2624,0,0,326,2624,California
Santa Barbara,2020-12-27,62,2686,1,2194,61,492,0,0,62,2686,0,0,62,2686,California
Santa Barbara,2020-12-28,357,3043,224,2418,133,625,0,0,357,3043,0,0,357,3043,California
Santa Barbara,2020-12-29,554,3597,360,2778,194,819,0,0,554,3597,0,0,554,3597,California
Santa Barbara,2020-12-30,587,4184,405,3183,182,1001,0,0,587,4184,0,0,587,4184,California
Santa Barbara,2020-12-31,240,4424,114,3297,126,1127,0,0,240,4424,0,0,240,4424,California
Santa Barbara,2021-01-01,111,4535,108,3405,3,1130,0,0,111,4535,0,0,111,4535,California
Santa Barbara,2021-01-02,587,5122,223,3628,364,1494,0,0,587,5122,0,0,587,5122,California
Santa Barbara,2021-01-03,23,5145,15,3643,8,1502,0,0,23,5145,0,0,23,5145,California
Santa Barbara,2021-01-04,309,5454,246,3889,63,1565,0,0,308,5453,0,0,308,5453,California
Santa Barbara,2021-01-05,752,6206,379,4268,373,1938,0,0,725,6151,27,27,725,6178,California
Santa Barbara,2021-01-06,655,6861,276,4544,379,2317,0,0,596,6689,58,85,596,6774,California
Santa Barbara,2021-01-07,1033,7894,711,5255,322,2639,0,0,527,6714,502,587,527,7301,California
Santa Barbara,2021-01-08,1202,9096,840,6095,362,3001,0,0,709,6930,493,1080,709,8010,California
Santa Barbara,2021-01-09,566,9662,293,6388,273,3274,0,0,320,7004,246,1326,320,8330,California
Santa Barbara,2021-01-10,62,9724,50,6438,12,3286,0,0,46,7034,16,1342,46,8376,California
Santa Barbara,2021-01-11,839,10563,670,7108,169,3455,0,0,616,7428,222,1564,616,8992,California
Santa Barbara,2021-01-12,1426,11989,634,7742,792,4247,0,0,1270,8542,156,1720,1270,10262,California
Santa Barbara,2021-01-13,1227,13216,280,8022,947,5194,0,0,1101,9517,126,1846,1101,11363,California
Santa Barbara,2021-01-14,1250,14466,134,8156,1116,6310,0,0,1196,10661,53,1899,1197,12560,California
Santa Barbara,2021-01-15,1802,16268,420,8576,1382,7692,0,0,1721,12302,80,1979,1721,14281,California
Santa Barbara,2021-01-16,1272,17540,202,8778,1070,8762,0,0,1233,13497,38,2017,1233,15514,California
Santa Barbara,2021-01-17,123,17663,20,8798,103,8865,0,0,120,13614,3,2020,120,15634,California
Santa Barbara,2021-01-18,1151,18814,417,9215,734,9599,0,0,966,14395,185,2205,966,16600,California
Santa Barbara,2021-01-19,1638,20452,569,9784,1069,10668,0,0,1360,15478,277,2482,1360,17960,California
Santa Barbara,2021-01-20,2014,22466,463,10247,1551,12219,0,0,1710,16885,303,2785,1710,19670,California
Santa Barbara,2021-01-21,3088,25554,1818,12065,1270,13489,0,0,2930,19658,158,2943,2931,22601,California
Santa Barbara,2021-01-22,3014,28568,1862,13927,1152,14641,0,0,2857,22361,154,3097,2857,25458,California
Santa Barbara,2021-01-23,1734,30302,1106,15033,628,15269,0,0,1223,23074,510,3607,1223,26681,California
Santa Barbara,2021-01-24,844,31146,752,15785,92,15361,0,0,835,23900,9,3616,835,27516,California
Santa Barbara,2021-01-25,1243,32389,500,16285,743,16104,0,0,1003,24663,240,3856,1003,28519,California
Santa Barbara,2021-01-26,2049,34438,468,16753,1581,17685,0,0,1661,25938,386,4242,1661,30180,California
Santa Barbara,2021-01-27,1163,35601,400,17153,763,18448,0,0,903,26583,259,4501,904,31084,California
Santa Barbara,2021-01-28,894,36495,297,17450,597,19045,0,0,680,27052,211,4712,680,31764,California
Santa Barbara,2021-01-29,1334,37829,539,17989,795,19840,0,0,981,27685,350,5062,983,32747,California
Santa Barbara,2021-01-30,1890,39719,1418,19407,472,20312,0,0,1486,28770,401,5463,1486,34233,California
Santa Barbara,2021-01-31,1454,41173,1216,20623,238,20550,0,0,1415,30146,39,5502,1415,35648,California
Santa Barbara,2021-02-01,942,42115,520,21143,422,20972,0,0,553,30310,389,5891,553,36201,California
Santa Barbara,2021-02-02,1823,43938,699,21842,1124,22096,0,0,1047,30583,774,6665,1047,37248,California
Santa Barbara,2021-02-03,1941,45879,1078,22920,863,22959,0,0,1499,31650,432,7097,1499,38747,California
Santa Barbara,2021-02-04,2775,48654,1863,24783,912,23871,0,0,2480,33840,290,7387,2480,41227,California
Santa Barbara,2021-02-05,2905,51559,2060,26843,845,24716,0,0,2262,35460,642,8029,2262,43489,California
Santa Barbara,2021-02-06,1207,52766,339,27182,868,25584,0,0,796,35845,411,8440,796,44285,California
Santa Barbara,2021-02-07,301,53067,263,27445,38,25622,0,0,266,36077,34,8474,266,44551,California
Santa Barbara,2021-02-08,955,54022,311,27756,644,26266,0,0,668,36458,287,8761,668,45219,California
Santa Barbara,2021-02-09,2439,56461,313,28069,2126,28392,0,0,1121,36270,1309,10070,1121,46340,California
Santa Barbara,2021-02-10,2763,59224,1498,29567,1265,29657,0,0,803,35122,1951,12021,803,47143,California
Santa Barbara,2021-02-11,4181,63405,2804,32371,1377,31034,0,0,623,32195,3550,15571,623,47766,California
Santa Barbara,2021-02-12,3310,66715,950,33321,2360,33394,0,0,774,30438,2531,18102,774,48540,California
Santa Barbara,2021-02-13,1235,67950,341,33662,894,34288,0,0,561,30328,671,18773,561,49101,California
Santa Barbara,2021-02-14,331,68281,34,33696,297,34585,0,0,285,30567,46,18819,285,49386,California
Santa Barbara,2021-02-15,965,69246,337,34033,628,35213,0,0,492,30591,468,19287,492,49878,California
Santa Barbara,2021-02-16,2109,71355,397,34430,1712,36925,0,0,716,29918,1389,20676,716,50594,California
Santa Barbara,2021-02-17,1434,72789,320,34750,1114,38039,0,0,521,29528,911,21587,521,51115,California
Santa Barbara,2021-02-18,3253,76042,2647,37397,606,38645,0,0,1518,29346,1700,23287,1518,52633,California
Santa Barbara,2021-02-19,3596,79638,2642,40039,954,39599,0,0,2329,30411,1264,24551,2329,54962,California
Santa Barbara,2021-02-20,2220,81858,1434,41473,786,40385,0,0,1667,31534,544,25095,1667,56629,California
Santa Barbara,2021-02-21,125,81983,97,41570,28,40413,0,0,58,31525,67,25162,58,56687,California
Santa Barbara,2021-02-22,938,82921,246,41816,692,41105,0,0,261,31116,670,25832,261,56948,California
Santa Barbara,2021-02-23,3187,86108,1044,42860,2143,43248,0,0,421,28775,2762,28594,421,57369,California
Santa Barbara,2021-02-24,3196,89304,1087,43947,2109,45357,0,0,721,27031,2465,31059,721,58090,California
Santa Barbara,2021-02-25,3451,92755,1917,45864,1534,46891,0,0,985,25558,2459,33518,986,59076,California
Santa Barbara,2021-02-26,3664,96419,2175,48039,1489,48380,0,0,1979,25859,1678,35196,1979,61055,California
Santa Barbara,2021-02-27,1527,97946,562,48601,965,49345,0,0,846,26032,675,35871,848,61903,California
Santa Barbara,2021-02-28,1084,99030,221,48822,863,50208,0,0,892,26738,187,36058,893,62796,California
Santa Barbara,2021-03-01,1631,100661,464,49286,1167,51375,0,0,1082,27284,537,36595,1083,63879,California
Santa Barbara,2021-03-02,2616,103277,413,49699,2203,53578,0,0,2120,28921,484,37079,2121,66000,California
Santa Barbara,2021-03-03,4626,107903,2099,51798,2526,56104,1,1,4032,32373,584,37663,4036,70036,California
Santa Barbara,2021-03-04,3413,111316,2280,54078,1133,57237,0,1,2860,34688,545,38208,2860,72896,California
Santa Barbara,2021-03-05,3809,115125,2160,56238,1590,58827,59,60,3083,37110,720,38928,3142,76038,California
Santa Barbara,2021-03-06,2434,117559,725,56963,1489,60316,220,280,1667,38233,763,39691,1886,77924,California
Santa Barbara,2021-03-07,559,118118,122,57085,308,60624,129,409,381,38567,177,39868,511,78435,California
Santa Barbara,2021-03-08,1572,119690,376,57461,854,61478,342,751,792,38927,774,40642,1134,79569,California
Santa Barbara,2021-03-09,2774,122464,324,57785,1675,63153,775,1526,719,38365,2052,42694,1490,81059,California
Santa Barbara,2021-03-10,2750,125214,544,58329,1159,64312,1047,2573,1033,38734,1711,44405,2080,83139,California
Santa Barbara,2021-03-11,5573,130787,3029,61358,1431,65743,1113,3686,2281,38843,3280,47685,3389,86528,California
Santa Barbara,2021-03-12,3659,134446,2092,63450,1138,66881,429,4115,2173,39964,1478,49163,2599,89127,California
Santa Barbara,2021-03-13,3471,137917,1923,65373,1339,68220,209,4324,2694,42093,775,49938,2904,92031,California
Santa Barbara,2021-03-14,777,138694,368,65741,352,68572,57,4381,459,42291,318,50256,516,92547,California
Santa Barbara,2021-03-15,2104,140798,694,66435,1119,69691,291,4672,1267,43014,833,51089,1556,94103,California
Santa Barbara,2021-03-16,3724,144522,1170,67605,2213,71904,341,5013,2741,45116,980,52069,3082,97185,California
Santa Barbara,2021-03-17,3296,147818,971,68576,1920,73824,405,5418,2306,46837,988,53057,2709,99894,California
Santa Barbara,2021-03-18,5119,152937,2797,71373,2122,75946,200,5618,3899,49728,1208,54265,4099,103993,California
Santa Barbara,2021-03-19,4437,157374,2764,74137,1341,77287,332,5950,3049,51724,1384,55649,3380,107373,California
Santa Barbara,2021-03-20,2161,159535,827,74964,1323,78610,11,5961,1327,52229,832,56481,1337,108710,California
Santa Barbara,2021-03-21,1162,160697,382,75346,751,79361,29,5990,838,52773,323,56804,867,109577,California
Santa Barbara,2021-03-22,2775,163472,1912,77258,819,80180,44,6034,2223,54495,545,57349,2267,111844,California
Santa Barbara,2021-03-23,4470,167942,2248,79506,2126,82306,96,6130,3710,57551,750,58099,3806,115650,California
Santa Barbara,2021-03-24,5399,173341,3155,82661,1507,83813,737,6867,2967,58842,2412,60511,3703,119353,California
Santa Barbara,2021-03-25,5543,178884,3275,85936,2081,85894,187,7054,2774,59049,2754,63265,2961,122314,California
Santa Barbara,2021-03-26,5075,183959,3217,89153,1560,87454,298,7352,2236,58760,2823,66088,2534,124848,California
Santa Barbara,2021-03-27,2924,186883,1221,90374,1660,89114,43,7395,1593,59068,1326,67414,1634,126482,California
Santa Barbara,2021-03-28,2769,189652,1647,92021,1094,90208,28,7423,1886,60105,878,68292,1915,128397,California
Santa Barbara,2021-03-29,4042,193694,2086,94107,1887,92095,69,7492,3232,62602,804,69096,3301,131698,California
Santa Barbara,2021-03-30,6788,200482,3509,97616,3131,95226,148,7640,4561,65097,2212,71308,4707,136405,California
Santa Barbara,2021-03-31,8636,209118,5512,103128,3059,98285,65,7705,5057,66657,3562,74870,5122,141527,California
Santa Barbara,2021-04-01,6992,216110,5176,108304,1558,99843,258,7963,4145,68225,2833,77703,4401,145928,California
Santa Barbara,2021-04-02,6587,222697,4518,112822,1477,101320,592,8555,3377,68990,3202,80905,3967,149895,California
Santa Barbara,2021-04-03,3779,226476,2098,114920,1613,102933,68,8623,2491,70264,1284,82189,2558,152453,California
Santa Barbara,2021-04-04,896,227372,444,115364,412,103345,40,8663,498,70406,396,82585,538,152991,California
Santa Barbara,2021-04-05,3451,230823,2279,117643,915,104260,257,8920,2162,71542,1283,83868,2419,155410,California
Santa Barbara,2021-04-06,5439,236262,2806,120449,2099,106359,534,9454,3324,73297,2101,85969,3856,159266,California
Santa Barbara,2021-04-07,5976,242238,3277,123726,2159,108518,540,9994,4072,76013,1894,87863,4610,163876,California
Santa Barbara,2021-04-08,7375,249613,5025,128751,637,109155,1713,11707,3408,77165,3965,91828,5117,168993,California
Santa Barbara,2021-04-09,7283,256896,4861,133612,1077,110232,1345,13052,3295,77821,3980,95808,4636,173629,California
Santa Barbara,2021-04-10,6636,263532,4596,138208,1424,111656,616,13668,4514,80832,2118,97926,5129,178758,California
Santa Barbara,2021-04-11,2653,266185,1941,140149,414,112070,298,13966,1834,82146,814,98740,2128,180886,California
Santa Barbara,2021-04-12,4444,270629,2865,143014,1025,113095,554,14520,1939,82138,2498,101238,2490,183376,California
Santa Barbara,2021-04-13,6295,276924,4136,147150,2153,115248,6,14526,2609,81069,3683,104921,2614,185990,California
Santa Barbara,2021-04-14,6737,283661,4414,151564,2321,117569,2,14528,4223,82788,2505,107426,4224,190214,California
Santa Barbara,2021-04-15,6937,290598,4091,155655,2845,120414,1,14529,3844,83553,3081,110507,3846,194060,California
Santa Barbara,2021-04-16,6372,296970,3746,159401,2615,123029,11,14540,4393,85992,1964,112471,4403,198463,California
Santa Barbara,2021-04-17,5307,302277,3867,163268,1440,124469,0,14540,4103,88899,1196,113667,4103,202566,California
Santa Barbara,2021-04-18,2122,304399,1472,164740,650,125119,0,14540,370,87522,1748,115415,371,202937,California
Santa Barbara,2021-04-19,3198,307597,2217,166957,976,126095,5,14545,1002,86337,2193,117608,1008,203945,California
Santa Barbara,2021-04-20,5872,313469,3948,170905,1923,128018,1,14546,1661,83799,4199,121807,1661,205606,California
Santa Barbara,2021-04-21,5476,318945,3638,174543,1838,129856,0,14546,1750,81835,3714,125521,1750,207356,California
Santa Barbara,2021-04-22,5069,324014,2546,177089,2522,132378,1,14547,1463,79707,3593,129114,1465,208821,California
Santa Barbara,2021-04-23,5530,329544,3875,180964,1655,134033,0,14547,1956,78099,3564,132678,1956,210777,California
Santa Barbara,2021-04-24,4420,333964,2876,183840,1539,135572,5,14552,1666,77024,2746,135424,1671,212448,California
Santa Barbara,2021-04-25,1833,335797,1187,185027,646,136218,0,14552,501,76201,1324,136748,501,212949,California
Santa Barbara,2021-04-26,2856,338653,1776,186803,1060,137278,20,14572,430,74231,2420,139168,450,213399,California
Santa Barbara,2021-04-27,3596,342249,1985,188788,1524,138802,87,14659,1082,72893,2506,141674,1168,214567,California
Santa Barbara,2021-04-28,4680,346929,2733,191521,1832,140634,115,14774,1313,70966,3356,145030,1429,215996,California
Santa Barbara,2021-04-29,4830,351759,3578,195099,1086,141720,166,14940,1244,68803,3574,148604,1411,217407,California
Santa Barbara,2021-04-30,4774,356533,3605,198704,1026,142746,143,15083,1321,66823,3444,152048,1464,218871,California
Santa Barbara,2021-05-01,4304,360837,3554,202258,749,143495,1,15084,680,63888,3617,155665,682,219553,California
Santa Barbara,2021-05-02,663,361500,416,202674,162,143657,85,15169,185,63681,477,156142,270,219823,California
Santa Barbara,2021-05-03,818,362318,312,202986,435,144092,71,15240,297,63530,519,156661,368,220191,California
Santa Barbara,2021-05-04,1311,363629,1079,204065,228,144320,4,15244,774,63775,533,157194,778,220969,California
Santa Clara,2020-12-15,65,65,65,65,0,0,0,0,65,65,0,0,65,65,California
Santa Clara,2020-12-16,136,201,136,201,0,0,0,0,136,201,0,0,136,201,California
Santa Clara,2020-12-17,392,593,392,593,0,0,0,0,392,593,0,0,392,593,California
Santa Clara,2020-12-18,1673,2266,1673,2266,0,0,0,0,1673,2266,0,0,1673,2266,California
Santa Clara,2020-12-19,2077,4343,2077,4343,0,0,0,0,2076,4342,0,0,2076,4342,California
Santa Clara,2020-12-20,1897,6240,1891,6234,6,6,0,0,1894,6236,0,0,1894,6236,California
Santa Clara,2020-12-21,2670,8910,2670,8904,0,6,0,0,2668,8904,0,0,2668,8904,California
Santa Clara,2020-12-22,3122,12032,3113,12017,9,15,0,0,3119,12023,0,0,3119,12023,California
Santa Clara,2020-12-23,3257,15289,3072,15089,185,200,0,0,3255,15278,0,0,3255,15278,California
Santa Clara,2020-12-24,1897,17186,1711,16800,186,386,0,0,1891,17168,1,1,1891,17169,California
Santa Clara,2020-12-25,343,17529,342,17142,1,387,0,0,343,17511,0,1,343,17512,California
Santa Clara,2020-12-26,1263,18792,1031,18173,232,619,0,0,1262,18773,0,1,1262,18774,California
Santa Clara,2020-12-27,647,19439,507,18680,140,759,0,0,647,19420,0,1,647,19421,California
Santa Clara,2020-12-28,2330,21769,1728,20408,602,1361,0,0,2330,21750,0,1,2330,21751,California
Santa Clara,2020-12-29,2327,24096,1467,21875,860,2221,0,0,2325,24075,0,1,2325,24076,California
Santa Clara,2020-12-30,2991,27087,1900,23775,1091,3312,0,0,2989,27062,2,3,2989,27065,California
Santa Clara,2020-12-31,1211,28298,387,24162,824,4136,0,0,1210,28271,1,4,1210,28275,California
Santa Clara,2021-01-01,142,28440,10,24172,132,4268,0,0,141,28411,1,5,141,28416,California
Santa Clara,2021-01-02,1084,29524,815,24987,269,4537,0,0,1084,29495,0,5,1084,29500,California
Santa Clara,2021-01-03,583,30107,368,25355,215,4752,0,0,578,30070,3,8,578,30078,California
Santa Clara,2021-01-04,2469,32576,1669,27024,800,5552,0,0,2466,32536,0,8,2466,32544,California
Santa Clara,2021-01-05,3064,35640,2008,29032,1056,6608,0,0,2876,35231,187,195,2882,35426,California
Santa Clara,2021-01-06,3325,38965,1959,30991,1366,7974,0,0,2751,37413,570,765,2752,38178,California
Santa Clara,2021-01-07,4215,43180,2557,33548,1658,9632,0,0,3147,39507,1058,1823,3152,41330,California
Santa Clara,2021-01-08,5841,49021,3818,37366,2023,11655,0,0,3789,41248,2048,3871,3789,45119,California
Santa Clara,2021-01-09,2972,51993,1864,39230,1108,12763,0,0,1688,41655,1284,5155,1691,46810,California
Santa Clara,2021-01-10,1957,53950,1512,40742,445,13208,0,0,744,41187,1212,6367,744,47554,California
Santa Clara,2021-01-11,5939,59889,3738,44480,2201,15409,0,0,3377,42008,2561,8928,3382,50936,California
Santa Clara,2021-01-12,6803,66692,3400,47880,3403,18812,0,0,4560,44327,2242,11170,4561,55497,California
Santa Clara,2021-01-13,7365,74057,3045,50925,4320,23132,0,0,5199,47363,2164,13334,5200,60697,California
Santa Clara,2021-01-14,8224,82281,2790,53715,5434,28566,0,0,6486,52118,1733,15067,6488,67185,California
Santa Clara,2021-01-15,9451,91732,2682,56397,6769,35335,0,0,8135,58945,1313,16380,8140,75325,California
Santa Clara,2021-01-16,4300,96032,1227,57624,3073,38408,0,0,3467,61583,829,17209,3467,78792,California
Santa Clara,2021-01-17,3215,99247,603,58227,2612,41020,0,0,2718,63804,497,17706,2718,81510,California
Santa Clara,2021-01-18,5087,104334,1151,59378,3936,44956,0,0,4535,67788,552,18258,4536,86046,California
Santa Clara,2021-01-19,8472,112806,2668,62046,5804,50760,0,0,6798,72918,1671,19929,6801,92847,California
Santa Clara,2021-01-20,8000,120806,4028,66074,3972,54732,0,0,6458,77839,1537,21466,6458,99305,California
Santa Clara,2021-01-21,8564,129370,3658,69732,4906,59638,0,0,7409,84097,1153,22619,7411,106716,California
Santa Clara,2021-01-22,8609,137979,3229,72961,5380,65018,0,0,8046,91584,562,23181,8049,114765,California
Santa Clara,2021-01-23,3782,141761,1689,74650,2093,67111,0,0,2823,93449,959,24140,2824,117589,California
Santa Clara,2021-01-24,2824,144585,1421,76071,1403,68514,0,0,2337,95302,484,24624,2337,119926,California
Santa Clara,2021-01-25,8371,152956,3784,79855,4587,73101,0,0,6308,99559,2055,26679,6312,126238,California
Santa Clara,2021-01-26,8235,161191,3766,83621,4469,77570,0,0,6118,103572,2107,28786,6120,132358,California
Santa Clara,2021-01-27,8711,169902,3827,87448,4884,82454,0,0,6789,108461,1901,30687,6790,139148,California
Santa Clara,2021-01-28,9459,179361,3794,91242,5665,88119,0,0,7503,114032,1936,32623,7507,146655,California
Santa Clara,2021-01-29,9503,188864,3938,95180,5565,93684,0,0,7335,119209,2159,34782,7336,153991,California
Santa Clara,2021-01-30,4183,193047,2074,97254,2109,95793,0,0,2977,120988,1199,35981,2978,156969,California
Santa Clara,2021-01-31,2172,195219,1303,98557,869,96662,0,0,1581,121981,588,36569,1581,158550,California
Santa Clara,2021-02-01,7829,203048,3484,102041,4345,101007,0,0,6141,126442,1681,38250,6142,164692,California
Santa Clara,2021-02-02,8517,211565,2872,104913,5645,106652,0,0,6523,130980,1988,40238,6526,171218,California
Santa Clara,2021-02-03,9194,220759,3482,108395,5712,112364,0,0,6917,135632,2271,42509,6923,178141,California
Santa Clara,2021-02-04,10886,231645,4116,112511,6770,119134,0,0,8606,141971,2270,44779,8609,186750,California
Santa Clara,2021-02-05,11907,243552,4344,116855,7563,126697,0,0,8449,146978,3443,48222,8450,195200,California
Santa Clara,2021-02-06,5182,248734,2818,119673,2364,129061,0,0,4019,149840,1159,49381,4021,199221,California
Santa Clara,2021-02-07,3472,252206,2347,122020,1125,130186,0,0,3019,152408,452,49833,3020,202241,California
Santa Clara,2021-02-08,10008,262214,3481,125501,6527,136713,0,0,7292,156999,2702,52535,7293,209534,California
Santa Clara,2021-02-09,11150,273364,3813,129314,7337,144050,0,0,7669,161200,3471,56006,7672,217206,California
Santa Clara,2021-02-10,12631,285995,4905,134219,7726,151776,0,0,6903,162390,5715,61721,6905,224111,California
Santa Clara,2021-02-11,13478,299473,4710,138929,8768,160544,0,0,7674,164275,5790,67511,7675,231786,California
Santa Clara,2021-02-12,14539,314012,4487,143416,10052,170596,0,0,6986,163730,7533,75044,6988,238774,California
Santa Clara,2021-02-13,6063,320075,1450,144866,4613,175209,0,0,2211,162097,3846,78890,2213,240987,California
Santa Clara,2021-02-14,4613,324688,1140,146006,3473,178682,0,0,1468,160423,3144,82034,1470,242457,California
Santa Clara,2021-02-15,6250,330938,2796,148802,3454,182136,0,0,2704,159588,3539,85573,2704,245161,California
Santa Clara,2021-02-16,13756,344694,3994,152796,9762,191898,0,0,6923,159695,6816,92389,6923,252084,California
Santa Clara,2021-02-17,14061,358755,5487,158283,8574,200472,0,0,7044,159745,6999,99388,7049,259133,California
Santa Clara,2021-02-18,14175,372930,8351,166634,5824,206296,0,0,7223,160061,6910,106298,7226,266359,California
Santa Clara,2021-02-19,14797,387727,9516,176150,5281,211577,0,0,8611,162506,6170,112468,8615,274974,California
Santa Clara,2021-02-20,6812,394539,5099,181249,1713,213290,0,0,3674,163051,3129,115597,3674,278648,California
Santa Clara,2021-02-21,3245,397784,2429,183678,816,214106,0,0,1164,162144,2073,117670,1166,279814,California
Santa Clara,2021-02-22,10153,407937,6081,189759,4072,218178,0,0,4735,161472,5408,123078,4736,284550,California
Santa Clara,2021-02-23,11867,419804,7701,197460,4166,222344,0,0,6734,163090,5120,128198,6738,291288,California
Santa Clara,2021-02-24,14128,433932,9097,206557,5031,227375,0,0,8748,166474,5364,133562,8748,300036,California
Santa Clara,2021-02-25,14589,448521,9236,215793,5353,232728,0,0,7876,167663,6692,140254,7881,307917,California
Santa Clara,2021-02-26,14552,463073,8435,224228,6117,238845,0,0,7997,169134,6529,146783,8000,315917,California
Santa Clara,2021-02-27,8056,471129,5494,229722,2561,241406,1,1,4456,170008,3590,150373,4464,320381,California
Santa Clara,2021-02-28,4716,475845,3069,232791,1647,243053,0,1,2203,169707,2504,152877,2203,322584,California
Santa Clara,2021-03-01,14064,489909,7973,240764,6088,249141,3,4,8702,173070,5342,158219,8705,331289,California
Santa Clara,2021-03-02,15853,505762,9385,250149,6467,255608,1,5,10107,177457,5722,163941,10109,341398,California
Santa Clara,2021-03-03,18417,524179,9038,259187,9378,264986,1,6,11442,181968,6938,170879,11449,352847,California
Santa Clara,2021-03-04,16372,540551,8923,268110,7446,272432,3,9,9543,184764,6752,177631,9548,362395,California
Santa Clara,2021-03-05,16457,557008,9133,277243,7199,279631,125,134,9126,186707,7312,184943,9255,371650,California
Santa Clara,2021-03-06,9352,566360,6268,283511,2649,282280,435,569,7045,191893,2294,187237,7480,379130,California
Santa Clara,2021-03-07,6720,573080,4410,287921,2079,284359,231,800,5354,196119,1358,188595,5584,384714,California
Santa Clara,2021-03-08,12833,585913,6678,294599,5593,289952,562,1362,8220,200306,4596,193191,8783,393497,California
Santa Clara,2021-03-09,14903,600816,6214,300813,7361,297313,1328,2690,6592,199931,8293,201484,7918,401415,California
Santa Clara,2021-03-10,14996,615812,6474,307287,6419,303732,2103,4793,6110,199263,8861,210345,8193,409608,California
Santa Clara,2021-03-11,16986,632798,7734,315021,7749,311481,1503,6296,6037,195869,10921,221266,7527,417135,California
Santa Clara,2021-03-12,17624,650422,9064,324085,6991,318472,1569,7865,5948,191734,11636,232902,7501,424636,California
Santa Clara,2021-03-13,10699,661121,6189,330274,3018,321490,1492,9357,4789,192112,5887,238789,6265,430901,California
Santa Clara,2021-03-14,6481,667602,3350,333624,1824,323314,1307,10664,3197,193339,3268,242057,4495,435396,California
Santa Clara,2021-03-15,12742,680344,6517,340141,5957,329271,268,10932,5966,192820,6754,248811,6235,441631,California
Santa Clara,2021-03-16,18127,698471,10252,350393,7667,336938,208,11140,8786,192499,9313,258124,8992,450623,California
Santa Clara,2021-03-17,19811,718282,11223,361616,8420,345358,168,11308,10227,193353,9536,267660,10390,461013,California
Santa Clara,2021-03-18,18979,737261,8875,370491,8943,354301,1161,12469,9037,193656,9890,277550,10193,471206,California
Santa Clara,2021-03-19,19156,756417,9849,380340,8310,362611,997,13466,9946,195439,9152,286702,10935,482141,California
Santa Clara,2021-03-20,11460,767877,6293,386633,4340,366951,827,14293,6741,198312,4691,291393,7564,489705,California
Santa Clara,2021-03-21,8252,776129,3729,390362,3124,370075,1399,15692,5540,202538,2702,294095,6928,496633,California
Santa Clara,2021-03-22,16240,792369,9055,399417,6842,376917,343,16035,9279,205223,6937,301032,9622,506255,California
Santa Clara,2021-03-23,19149,811518,12184,411601,6451,383368,514,16549,11236,209106,7867,308899,11750,518005,California
Santa Clara,2021-03-24,22508,834026,14499,426100,7600,390968,409,16958,14618,216287,7848,316747,15029,533034,California
Santa Clara,2021-03-25,22818,856844,13063,439163,8771,399739,984,17942,14733,223969,8023,324770,15705,548739,California
Santa Clara,2021-03-26,21819,878663,13900,453063,7536,407275,383,18325,13498,229562,8283,333053,13876,562615,California
Santa Clara,2021-03-27,15600,894263,10381,463444,4456,411731,763,19088,8411,231584,7148,340201,9170,571785,California
Santa Clara,2021-03-28,11989,906252,8297,471741,2979,414710,713,19801,6489,233306,5475,345676,7197,578982,California
Santa Clara,2021-03-29,20513,926765,12585,484326,7203,421913,725,20526,11178,235906,9296,354972,11896,590878,California
Santa Clara,2021-03-30,25505,952270,15189,499515,8383,430296,1933,22459,16325,245011,9147,364119,18252,609130,California
Santa Clara,2021-03-31,20311,972581,11776,511291,7411,437707,1124,23583,12559,250969,7715,371834,13673,622803,California
Santa Clara,2021-04-01,31450,1004031,19659,530950,8800,446507,2991,26574,19888,262327,11503,383337,22861,645664,California
Santa Clara,2021-04-02,24911,1028942,14219,545169,8578,455085,2114,28688,16268,272088,8614,391951,18375,664039,California
Santa Clara,2021-04-03,15125,1044067,9173,554342,3462,458547,2490,31178,8399,276263,6707,398658,10882,674921,California
Santa Clara,2021-04-04,7573,1051640,4008,558350,2411,460958,1154,32332,3939,277730,3625,402283,5092,680013,California
Santa Clara,2021-04-05,21586,1073226,14379,572729,4747,465705,2460,34792,14087,286799,7475,409758,16544,696557,California
Santa Clara,2021-04-06,29225,1102451,16093,588822,7724,473429,5408,40200,17542,298094,11643,421401,22938,719495,California
Santa Clara,2021-04-07,30493,1132944,15743,604565,8329,481758,6421,46621,18618,311289,11824,433225,25019,744514,California
Santa Clara,2021-04-08,29519,1162463,16100,620665,5927,487685,7492,54113,16055,321419,13394,446619,23524,768038,California
Santa Clara,2021-04-09,27555,1190018,13638,634303,6755,494440,7162,61275,14039,329132,13462,460081,21175,789213,California
Santa Clara,2021-04-10,21165,1211183,12241,646544,3735,498175,5189,66464,11326,335811,9808,469889,16487,805700,California
Santa Clara,2021-04-11,15896,1227079,9510,656054,2630,500805,3756,70220,8231,340147,7637,477526,11973,817673,California
Santa Clara,2021-04-12,26669,1253748,18777,674831,5486,506291,2406,72626,18197,352325,8420,485946,20598,838271,California
Santa Clara,2021-04-13,33960,1287708,26750,701581,7184,513475,26,72652,26203,370895,7681,493627,26251,864522,California
Santa Clara,2021-04-14,36363,1324071,27565,729146,8795,522270,3,72655,25843,386308,10460,504087,25873,890395,California
Santa Clara,2021-04-15,43719,1367790,33929,763075,9790,532060,0,72655,33713,410140,9905,513992,33737,924132,California
Santa Clara,2021-04-16,37755,1405545,26136,789211,11617,543677,2,72657,27315,427107,10373,524365,27340,951472,California
Santa Clara,2021-04-17,21494,1427039,14943,804154,6550,550227,1,72658,14965,435600,6489,530854,14982,966454,California
Santa Clara,2021-04-18,16306,1443345,10576,814730,5730,555957,0,72658,10212,439762,6060,536914,10222,976676,California
Santa Clara,2021-04-19,28517,1471862,20593,835323,7923,563880,1,72659,17115,445571,11335,548249,17144,993820,California
Santa Clara,2021-04-20,36631,1508493,22203,857526,14427,578307,1,72660,22467,454008,14060,562309,22497,1016317,California
Santa Clara,2021-04-21,36432,1544925,21009,878535,15422,593729,1,72661,24071,465833,12279,574588,24104,1040421,California
Santa Clara,2021-04-22,36896,1581821,24520,903055,12375,606104,1,72662,17365,463825,19433,594021,17425,1057846,California
Santa Clara,2021-04-23,31694,1613515,19265,922320,12429,618533,0,72662,14871,462020,16721,610742,14916,1072762,California
Santa Clara,2021-04-24,20367,1633882,14725,937045,5641,624174,1,72663,11328,464403,8972,619714,11355,1084117,California
Santa Clara,2021-04-25,12972,1646854,9238,946283,3727,627901,7,72670,8069,467643,4858,624572,8098,1092215,California
Santa Clara,2021-04-26,21485,1668339,16384,962667,5044,632945,57,72727,8369,463062,13025,637597,8444,1100659,California
Santa Clara,2021-04-27,24449,1692788,17149,979816,7013,639958,287,73014,10432,459882,13933,651530,10753,1111412,California
Santa Clara,2021-04-28,23846,1716634,17300,997116,6106,646064,440,73454,9600,455798,14174,665704,10090,1121502,California
Santa Clara,2021-04-29,21249,1737883,15412,1012528,5454,651518,383,73837,7661,450374,13529,679233,8105,1129607,California
Santa Clara,2021-04-30,21478,1759361,14690,1027218,6444,657962,344,74181,8996,447364,12417,691650,9407,1139014,California
Santa Clara,2021-05-01,12602,1771963,10980,1038198,1560,659522,62,74243,4333,443557,8241,699891,4434,1143448,California
Santa Clara,2021-05-02,7234,1779197,6475,1044673,681,660203,78,74321,2634,441711,4572,704463,2726,1146174,California
Santa Clara,2021-05-03,16086,1795283,13813,1058486,2075,662278,198,74519,3765,433432,12270,716733,3991,1150165,California
Santa Clara,2021-05-04,7026,1802309,4577,1063063,2270,664548,179,74698,2011,430651,4991,721724,2210,1152375,California
Santa Cruz,2020-12-15,2,2,2,2,0,0,0,0,2,2,0,0,2,2,California
Santa Cruz,2020-12-16,58,60,58,60,0,0,0,0,58,60,0,0,58,60,California
Santa Cruz,2020-12-17,389,449,389,449,0,0,0,0,389,449,0,0,389,449,California
Santa Cruz,2020-12-18,464,913,464,913,0,0,0,0,464,913,0,0,464,913,California
Santa Cruz,2020-12-19,179,1092,178,1091,1,1,0,0,179,1092,0,0,179,1092,California
Santa Cruz,2020-12-20,95,1187,95,1186,0,1,0,0,95,1187,0,0,95,1187,California
Santa Cruz,2020-12-21,435,1622,435,1621,0,1,0,0,435,1622,0,0,435,1622,California
Santa Cruz,2020-12-22,424,2046,423,2044,1,2,0,0,424,2046,0,0,424,2046,California
Santa Cruz,2020-12-23,372,2418,329,2373,43,45,0,0,372,2418,0,0,372,2418,California
Santa Cruz,2020-12-24,125,2543,49,2422,76,121,0,0,125,2543,0,0,125,2543,California
Santa Cruz,2020-12-25,11,2554,11,2433,0,121,0,0,11,2554,0,0,11,2554,California
Santa Cruz,2020-12-26,64,2618,45,2478,19,140,0,0,64,2618,0,0,64,2618,California
Santa Cruz,2020-12-27,32,2650,27,2505,5,145,0,0,32,2650,0,0,32,2650,California
Santa Cruz,2020-12-28,485,3135,108,2613,377,522,0,0,485,3135,0,0,485,3135,California
Santa Cruz,2020-12-29,799,3934,370,2983,429,951,0,0,799,3934,0,0,799,3934,California
Santa Cruz,2020-12-30,356,4290,164,3147,192,1143,0,0,356,4290,0,0,356,4290,California
Santa Cruz,2020-12-31,313,4603,11,3158,302,1445,0,0,313,4603,0,0,313,4603,California
Santa Cruz,2021-01-01,33,4636,1,3159,32,1477,0,0,33,4636,0,0,33,4636,California
Santa Cruz,2021-01-02,71,4707,57,3216,14,1491,0,0,71,4707,0,0,71,4707,California
Santa Cruz,2021-01-03,15,4722,7,3223,8,1499,0,0,15,4722,0,0,15,4722,California
Santa Cruz,2021-01-04,281,5003,123,3346,158,1657,0,0,279,5001,0,0,279,5001,California
Santa Cruz,2021-01-05,566,5569,428,3774,138,1795,0,0,264,4963,302,302,264,5265,California
Santa Cruz,2021-01-06,803,6372,670,4444,133,1928,0,0,464,5089,338,640,464,5729,California
Santa Cruz,2021-01-07,539,6911,212,4656,327,2255,0,0,386,5323,153,793,387,6116,California
Santa Cruz,2021-01-08,935,7846,562,5218,373,2628,0,0,487,5363,448,1241,488,6604,California
Santa Cruz,2021-01-09,464,8310,123,5341,341,2969,0,0,410,5719,54,1295,410,7014,California
Santa Cruz,2021-01-10,80,8390,70,5411,10,2979,0,0,21,5681,59,1354,21,7035,California
Santa Cruz,2021-01-11,724,9114,590,6001,134,3113,0,0,191,5340,533,1887,192,7227,California
Santa Cruz,2021-01-12,736,9850,532,6533,204,3317,0,0,493,5590,243,2130,493,7720,California
Santa Cruz,2021-01-13,525,10375,228,6761,297,3614,0,0,441,5950,81,2211,441,8161,California
Santa Cruz,2021-01-14,556,10931,102,6863,454,4068,0,0,490,6374,66,2277,490,8651,California
Santa Cruz,2021-01-15,1458,12389,77,6940,1381,5449,0,0,1393,7705,64,2341,1395,10046,California
Santa Cruz,2021-01-16,427,12816,54,6994,373,5822,0,0,408,8094,19,2360,408,10454,California
Santa Cruz,2021-01-17,297,13113,41,7035,256,6078,0,0,272,8341,25,2385,272,10726,California
Santa Cruz,2021-01-18,1016,14129,106,7141,910,6988,0,0,954,9233,62,2447,954,11680,California
Santa Cruz,2021-01-19,1622,15751,524,7665,1098,8086,0,0,1269,10152,351,2798,1270,12950,California
Santa Cruz,2021-01-20,1237,16988,183,7848,1054,9140,0,0,1040,10998,194,2992,1040,13990,California
Santa Cruz,2021-01-21,1711,18699,200,8048,1511,10651,0,0,1603,12495,108,3100,1605,15595,California
Santa Cruz,2021-01-22,1797,20496,532,8580,1265,11916,0,0,1695,14092,99,3199,1696,17291,California
Santa Cruz,2021-01-23,402,20898,147,8727,255,12171,0,0,342,14375,59,3258,342,17633,California
Santa Cruz,2021-01-24,116,21014,21,8748,95,12266,0,0,98,14455,18,3276,98,17731,California
Santa Cruz,2021-01-25,1063,22077,361,9109,702,12968,0,0,552,14496,511,3787,552,18283,California
Santa Cruz,2021-01-26,1695,23772,248,9357,1447,14415,0,0,1183,15167,512,4299,1183,19466,California
Santa Cruz,2021-01-27,1653,25425,449,9806,1204,15619,0,0,1269,16054,382,4681,1269,20735,California
Santa Cruz,2021-01-28,1749,27174,292,10098,1457,17076,0,0,1472,17250,277,4958,1473,22208,California
Santa Cruz,2021-01-29,1735,28909,490,10588,1245,18321,0,0,1605,18726,129,5087,1605,23813,California
Santa Cruz,2021-01-30,1060,29969,309,10897,751,19072,0,0,926,19518,134,5221,926,24739,California
Santa Cruz,2021-01-31,222,30191,113,11010,109,19181,0,0,208,19712,14,5235,208,24947,California
Santa Cruz,2021-02-01,1233,31424,760,11770,473,19654,0,0,826,20131,407,5642,826,25773,California
Santa Cruz,2021-02-02,1012,32436,128,11898,884,20538,0,0,857,20834,154,5796,857,26630,California
Santa Cruz,2021-02-03,2237,34673,960,12858,1277,21815,0,0,1922,22445,311,6107,1922,28552,California
Santa Cruz,2021-02-04,1855,36528,773,13631,1082,22897,0,0,1518,23627,336,6443,1518,30070,California
Santa Cruz,2021-02-05,3170,39698,792,14423,2378,25275,0,0,2849,26156,320,6763,2849,32919,California
Santa Cruz,2021-02-06,2588,42286,164,14587,2424,27699,0,0,2241,28050,347,7110,2241,35160,California
Santa Cruz,2021-02-07,909,43195,122,14709,787,28486,0,0,891,28923,18,7128,891,36051,California
Santa Cruz,2021-02-08,717,43912,203,14912,514,29000,0,0,516,29239,200,7328,516,36567,California
Santa Cruz,2021-02-09,2377,46289,1057,15969,1320,30320,0,0,2110,31086,263,7591,2110,38677,California
Santa Cruz,2021-02-10,2204,48493,580,16549,1624,31944,0,0,1503,31898,692,8283,1504,40181,California
Santa Cruz,2021-02-11,1857,50350,317,16866,1540,33484,0,0,1330,32703,525,8808,1330,41511,California
Santa Cruz,2021-02-12,3228,53578,422,17288,2806,36290,0,0,1819,33124,1400,10208,1821,43332,California
Santa Cruz,2021-02-13,1712,55290,124,17412,1588,37878,0,0,1298,34008,414,10622,1298,44630,California
Santa Cruz,2021-02-14,1410,56700,70,17482,1340,39218,0,0,1146,34890,264,10886,1146,45776,California
Santa Cruz,2021-02-15,1583,58283,280,17762,1303,40521,0,0,566,34440,1017,11903,567,46343,California
Santa Cruz,2021-02-16,1698,59981,208,17970,1490,42011,0,0,539,33842,1137,13040,539,46882,California
Santa Cruz,2021-02-17,2922,62903,976,18946,1946,43957,0,0,1221,33378,1688,14728,1224,48106,California
Santa Cruz,2021-02-18,2883,65786,638,19584,2245,46202,0,0,1232,32963,1647,16375,1232,49338,California
Santa Cruz,2021-02-19,3271,69057,1145,20729,2126,48328,0,0,2012,33719,1256,17631,2012,51350,California
Santa Cruz,2021-02-20,2387,71444,1499,22228,888,49216,0,0,1894,35120,493,18124,1894,53244,California
Santa Cruz,2021-02-21,829,72273,362,22590,467,49683,0,0,703,35699,124,18248,703,53947,California
Santa Cruz,2021-02-22,1258,73531,967,23557,291,49974,0,0,535,35513,721,18969,535,54482,California
Santa Cruz,2021-02-23,2100,75631,939,24496,1161,51135,0,0,711,34836,1388,20357,711,55193,California
Santa Cruz,2021-02-24,3193,78824,1671,26167,1522,52657,0,0,1215,34077,1974,22331,1215,56408,California
Santa Cruz,2021-02-25,3246,82070,1436,27603,1810,54467,0,0,1787,34413,1452,23783,1788,58196,California
Santa Cruz,2021-02-26,2726,84796,764,28367,1962,56429,0,0,1551,34795,1171,24954,1553,59749,California
Santa Cruz,2021-02-27,2634,87430,930,29297,1704,58133,0,0,1835,35832,798,25752,1835,61584,California
Santa Cruz,2021-02-28,1301,88731,361,29658,940,59073,0,0,1087,36708,211,25963,1087,62671,California
Santa Cruz,2021-03-01,1829,90560,1256,30914,573,59646,0,0,689,36260,1137,27100,689,63360,California
Santa Cruz,2021-03-02,1535,92095,362,31276,1173,60819,0,0,856,36442,677,27777,859,64219,California
Santa Cruz,2021-03-03,2370,94465,633,31909,1737,62556,0,0,1299,36673,1068,28845,1299,65518,California
Santa Cruz,2021-03-04,3016,97481,1413,33322,1602,64158,1,1,2031,37732,974,29819,2033,67551,California
Santa Cruz,2021-03-05,2614,100095,487,33809,2109,66267,18,19,1133,37405,1478,31297,1151,68702,California
Santa Cruz,2021-03-06,3871,103966,1347,35156,2419,68686,105,124,2159,37955,1712,33009,2262,70964,California
Santa Cruz,2021-03-07,1347,105313,129,35285,1144,69830,74,198,556,37795,790,33799,630,71594,California
Santa Cruz,2021-03-08,1083,106396,219,35504,735,70565,129,327,651,38144,431,34230,780,72374,California
Santa Cruz,2021-03-09,1776,108172,244,35748,1385,71950,147,474,702,37921,1072,35302,849,73223,California
Santa Cruz,2021-03-10,3864,112036,2090,37838,1624,73574,150,624,1997,38205,1865,37167,2149,75372,California
Santa Cruz,2021-03-11,2807,114843,1220,39058,1413,74987,174,798,1547,38669,1259,38426,1723,77095,California
Santa Cruz,2021-03-12,2764,117607,892,39950,1579,76566,293,1091,911,38023,1849,40275,1203,78298,California
Santa Cruz,2021-03-13,2313,119920,1335,41285,934,77500,44,1135,1180,38117,1131,41406,1225,79523,California
Santa Cruz,2021-03-14,906,120826,217,41502,675,78175,14,1149,441,38108,463,41869,454,79977,California
Santa Cruz,2021-03-15,1356,122182,484,41986,836,79011,36,1185,583,37958,770,42639,620,80597,California
Santa Cruz,2021-03-16,2318,124500,1088,43074,1188,80199,42,1227,1341,38366,974,43613,1382,81979,California
Santa Cruz,2021-03-17,3872,128372,2235,45309,1627,81826,10,1237,2518,39547,1350,44963,2531,84510,California
Santa Cruz,2021-03-18,3870,132242,2094,47403,1656,83482,120,1357,2067,39934,1800,46763,2187,86697,California
Santa Cruz,2021-03-19,3283,135525,1323,48726,1735,85217,225,1582,1652,40185,1626,48389,1877,88574,California
Santa Cruz,2021-03-20,2169,137694,1614,50340,518,85735,37,1619,1096,40248,1070,49459,1133,89707,California
Santa Cruz,2021-03-21,827,138521,440,50780,265,86000,122,1741,444,40434,381,49840,567,90274,California
Santa Cruz,2021-03-22,1379,139900,851,51631,505,86505,23,1764,946,40974,430,50270,970,91244,California
Santa Cruz,2021-03-23,2567,142467,1442,53073,1075,87580,50,1814,1712,41883,853,51123,1762,93006,California
Santa Cruz,2021-03-24,3028,145495,2036,55109,971,88551,21,1835,1992,42864,1031,52154,2012,95018,California
Santa Cruz,2021-03-25,2648,148143,1330,56439,1283,89834,35,1870,1355,42968,1286,53440,1390,96408,California
Santa Cruz,2021-03-26,3041,151184,1836,58275,1178,91012,27,1897,2057,44075,977,54417,2084,98492,California
Santa Cruz,2021-03-27,3240,154424,2014,60289,1201,92213,25,1922,1529,43928,1702,56119,1555,100047,California
Santa Cruz,2021-03-28,932,155356,572,60861,346,92559,14,1936,495,44004,433,56552,509,100556,California
Santa Cruz,2021-03-29,1978,157334,884,61745,1026,93585,68,2004,1279,44655,696,57248,1347,101903,California
Santa Cruz,2021-03-30,2730,160064,821,62566,1746,95331,163,2167,1757,45603,971,58219,1919,103822,California
Santa Cruz,2021-03-31,4084,164148,2732,65298,1304,96635,48,2215,2099,45769,1981,60200,2147,105969,California
Santa Cruz,2021-04-01,4028,168176,2155,67453,1766,98401,107,2322,2029,45912,1993,62193,2136,108105,California
Santa Cruz,2021-04-02,3149,171325,1428,68881,1539,99940,182,2504,1741,46432,1403,63596,1923,110028,California
Santa Cruz,2021-04-03,2260,173585,1232,70113,893,100833,135,2639,888,46085,1369,64965,1022,111050,California
Santa Cruz,2021-04-04,936,174521,491,70604,390,101223,55,2694,550,46304,386,65351,605,111655,California
Santa Cruz,2021-04-05,2261,176782,796,71400,1294,102517,171,2865,1391,46997,869,66220,1562,113217,California
Santa Cruz,2021-04-06,3410,180192,1658,73058,1367,103884,385,3250,1974,47927,1426,67646,2356,115573,California
Santa Cruz,2021-04-07,4157,184349,1639,74697,2155,106039,363,3613,1865,47866,2288,69934,2227,117800,California
Santa Cruz,2021-04-08,4271,188620,2351,77048,1403,107442,517,4130,2511,49141,1751,71685,3026,120826,California
Santa Cruz,2021-04-09,3570,192190,1510,78558,1659,109101,401,4531,1961,49901,1603,73288,2363,123189,California
Santa Cruz,2021-04-10,2261,194451,1091,79649,919,110020,251,4782,1067,50028,1190,74478,1317,124506,California
Santa Cruz,2021-04-11,995,195446,520,80169,383,110403,92,4874,480,50085,515,74993,572,125078,California
Santa Cruz,2021-04-12,2292,197738,826,80995,1039,111442,427,5301,1097,50428,1180,76173,1523,126601,California
Santa Cruz,2021-04-13,2895,200633,1458,82453,1435,112877,2,5303,1630,50800,1260,77433,1632,128233,California
Santa Cruz,2021-04-14,4637,205270,2258,84711,2379,115256,0,5303,2376,50926,2252,79685,2378,130611,California
Santa Cruz,2021-04-15,4958,210228,3144,87855,1814,117070,0,5303,3147,52273,1800,81485,3147,133758,California
Santa Cruz,2021-04-16,4429,214657,2545,90400,1882,118952,2,5305,2470,52795,1951,83436,2473,136231,California
Santa Cruz,2021-04-17,2270,216927,895,91295,1375,120327,0,5305,1508,53543,760,84196,1508,137739,California
Santa Cruz,2021-04-18,1073,218000,515,91810,558,120885,0,5305,599,53670,472,84668,599,138338,California
Santa Cruz,2021-04-19,2438,220438,1528,93338,909,121794,1,5306,1504,54243,931,85599,1504,139842,California
Santa Cruz,2021-04-20,3137,223575,1708,95046,1429,123223,0,5306,1784,54686,1342,86941,1785,141627,California
Santa Cruz,2021-04-21,4274,227849,2897,97943,1377,124600,0,5306,2408,55243,1851,88792,2408,144035,California
Santa Cruz,2021-04-22,4340,232189,2925,100868,1415,126015,0,5306,2440,55793,1890,90682,2440,146475,California
Santa Cruz,2021-04-23,3080,235269,1745,102613,1334,127349,1,5307,1387,55496,1685,92367,1388,147863,California
Santa Cruz,2021-04-24,2252,237521,1084,103697,1165,128514,3,5310,692,54641,1550,93917,695,148558,California
Santa Cruz,2021-04-25,1095,238616,700,104397,383,128897,12,5322,451,54467,636,94553,462,149020,California
Santa Cruz,2021-04-26,1771,240387,906,105303,850,129747,15,5337,665,54052,1097,95650,682,149702,California
Santa Cruz,2021-04-27,2765,243152,844,106147,1855,131602,66,5403,1379,54115,1382,97032,1445,151147,California
Santa Cruz,2021-04-28,3351,246503,1874,108021,1403,133005,74,5477,1740,54326,1601,98633,1812,152959,California
Santa Cruz,2021-04-29,3115,249618,2134,110155,926,133931,55,5532,1113,53504,1991,100624,1169,154128,California
Santa Cruz,2021-04-30,2028,251646,1119,111274,867,134798,42,5574,885,53293,1137,101761,926,155054,California
Santa Cruz,2021-05-01,842,252488,770,112044,68,134866,4,5578,418,53294,422,102183,423,155477,California
Santa Cruz,2021-05-02,317,252805,291,112335,26,134892,0,5578,87,53153,230,102413,89,155566,California
Santa Cruz,2021-05-03,1313,254118,658,112993,626,135518,29,5607,467,52815,834,103247,496,156062,California
Santa Cruz,2021-05-04,1832,255950,1125,114118,693,136211,14,5621,498,51993,1334,104581,512,156574,California
Shasta,2020-12-16,131,131,131,131,0,0,0,0,131,131,0,0,131,131,California
Shasta,2020-12-17,418,549,418,549,0,0,0,0,418,549,0,0,418,549,California
Shasta,2020-12-18,166,715,166,715,0,0,0,0,166,715,0,0,166,715,California
Shasta,2020-12-19,1,716,1,716,0,0,0,0,1,716,0,0,1,716,California
Shasta,2020-12-21,79,795,79,795,0,0,0,0,79,795,0,0,79,795,California
Shasta,2020-12-22,191,986,186,981,5,5,0,0,191,986,0,0,191,986,California
Shasta,2020-12-23,173,1159,169,1150,4,9,0,0,173,1159,0,0,173,1159,California
Shasta,2020-12-24,18,1177,18,1168,0,9,0,0,18,1177,0,0,18,1177,California
Shasta,2020-12-26,4,1181,1,1169,3,12,0,0,4,1181,0,0,4,1181,California
Shasta,2020-12-27,1,1182,0,1169,1,13,0,0,1,1182,0,0,1,1182,California
Shasta,2020-12-28,40,1222,31,1200,9,22,0,0,40,1222,0,0,40,1222,California
Shasta,2020-12-29,186,1408,185,1385,1,23,0,0,186,1408,0,0,186,1408,California
Shasta,2020-12-30,178,1586,168,1553,10,33,0,0,178,1586,0,0,178,1586,California
Shasta,2020-12-31,83,1669,2,1555,81,114,0,0,83,1669,0,0,83,1669,California
Shasta,2021-01-02,2,1671,0,1555,2,116,0,0,2,1671,0,0,2,1671,California
Shasta,2021-01-03,1,1672,1,1556,0,116,0,0,1,1672,0,0,1,1672,California
Shasta,2021-01-04,371,2043,305,1861,66,182,0,0,372,2044,0,0,372,2044,California
Shasta,2021-01-05,335,2378,314,2175,21,203,0,0,254,2217,81,81,254,2298,California
Shasta,2021-01-06,466,2844,395,2570,71,274,0,0,204,2160,261,342,204,2502,California
Shasta,2021-01-07,124,2968,36,2606,88,362,0,0,103,2242,21,363,103,2605,California
Shasta,2021-01-08,525,3493,448,3054,77,439,0,0,317,2351,208,571,317,2922,California
Shasta,2021-01-09,72,3565,63,3117,9,448,0,0,70,2419,2,573,70,2992,California
Shasta,2021-01-10,5,3570,0,3117,5,453,0,0,4,2423,1,574,5,2997,California
Shasta,2021-01-11,407,3977,184,3301,223,676,0,0,372,2760,35,609,372,3369,California
Shasta,2021-01-12,484,4461,327,3628,157,833,0,0,310,2896,174,783,310,3679,California
Shasta,2021-01-13,599,5060,267,3895,332,1165,0,0,430,3157,169,952,430,4109,California
Shasta,2021-01-14,499,5559,51,3946,448,1613,0,0,481,3620,18,970,481,4590,California
Shasta,2021-01-15,692,6251,136,4082,556,2169,0,0,690,4308,2,972,690,5280,California
Shasta,2021-01-16,898,7149,54,4136,844,3013,0,0,895,5200,3,975,895,6175,California
Shasta,2021-01-17,27,7176,6,4142,21,3034,0,0,23,5219,4,979,23,6198,California
Shasta,2021-01-18,599,7775,129,4271,470,3504,0,0,591,5802,8,987,591,6789,California
Shasta,2021-01-19,1058,8833,398,4669,660,4164,0,0,910,6564,148,1135,910,7699,California
Shasta,2021-01-20,678,9511,410,5079,268,4432,0,0,493,6877,180,1315,493,8192,California
Shasta,2021-01-21,631,10142,278,5357,353,4785,0,0,608,7462,23,1338,608,8800,California
Shasta,2021-01-22,445,10587,171,5528,274,5059,0,0,439,7895,6,1344,439,9239,California
Shasta,2021-01-23,68,10655,5,5533,63,5122,0,0,67,7961,1,1345,67,9306,California
Shasta,2021-01-24,25,10680,2,5535,23,5145,0,0,24,7984,1,1346,24,9330,California
Shasta,2021-01-25,749,11429,490,6025,259,5404,0,0,464,8164,284,1630,464,9794,California
Shasta,2021-01-26,710,12139,333,6358,377,5781,0,0,476,8408,232,1862,476,10270,California
Shasta,2021-01-27,459,12598,179,6537,280,6061,0,0,410,8769,49,1911,410,10680,California
Shasta,2021-01-28,886,13484,576,7113,310,6371,0,0,664,9211,222,2133,664,11344,California
Shasta,2021-01-29,831,14315,330,7443,501,6872,0,0,641,9663,190,2323,642,11986,California
Shasta,2021-01-30,616,14931,14,7457,602,7474,0,0,607,10261,9,2332,607,12593,California
Shasta,2021-01-31,28,14959,4,7461,24,7498,0,0,26,10285,2,2334,26,12619,California
Shasta,2021-02-01,530,15489,148,7609,382,7880,0,0,386,10527,144,2478,386,13005,California
Shasta,2021-02-02,982,16471,494,8103,488,8368,0,0,890,11327,90,2568,890,13895,California
Shasta,2021-02-03,718,17189,210,8313,508,8876,0,0,484,11577,234,2802,484,14379,California
Shasta,2021-02-04,1083,18272,664,8977,419,9295,0,0,890,12275,192,2994,890,15269,California
Shasta,2021-02-05,1240,19512,164,9141,1076,10371,0,0,1033,13102,206,3200,1033,16302,California
Shasta,2021-02-06,1743,21255,41,9182,1702,12073,0,0,1720,14799,23,3223,1720,18022,California
Shasta,2021-02-07,26,21281,3,9185,23,12096,0,0,24,14821,2,3225,24,18046,California
Shasta,2021-02-08,597,21878,167,9352,430,12526,0,0,306,14836,291,3516,306,18352,California
Shasta,2021-02-09,1122,23000,652,10004,470,12996,0,0,730,15174,392,3908,730,19082,California
Shasta,2021-02-10,1117,24117,781,10785,336,13332,0,0,594,15245,524,4432,595,19677,California
Shasta,2021-02-11,886,25003,186,10971,700,14032,0,0,364,15092,517,4949,364,20041,California
Shasta,2021-02-12,1724,26727,1143,12114,581,14613,0,0,1174,15716,550,5499,1174,21215,California
Shasta,2021-02-13,1383,28110,367,12481,1016,15629,0,0,570,15473,814,6313,571,21786,California
Shasta,2021-02-14,150,28260,4,12485,146,15775,0,0,126,15575,24,6337,126,21912,California
Shasta,2021-02-15,380,28640,90,12575,290,16065,0,0,211,15617,169,6506,211,22123,California
Shasta,2021-02-16,1190,29830,516,13091,674,16739,0,0,419,15266,770,7276,419,22542,California
Shasta,2021-02-17,1033,30863,438,13529,595,17334,0,0,413,15059,620,7896,413,22955,California
Shasta,2021-02-18,924,31787,443,13972,481,17815,0,0,437,15009,487,8383,437,23392,California
Shasta,2021-02-19,1329,33116,936,14908,393,18208,0,0,862,15404,467,8850,862,24254,California
Shasta,2021-02-20,802,33918,89,14997,713,18921,0,0,303,15208,499,9349,303,24557,California
Shasta,2021-02-21,31,33949,2,14999,29,18950,0,0,9,15195,22,9371,9,24566,California
Shasta,2021-02-22,426,34375,74,15073,352,19302,0,0,177,15124,248,9619,177,24743,California
Shasta,2021-02-23,907,35282,467,15540,440,19742,0,0,322,14861,585,10204,322,25065,California
Shasta,2021-02-24,886,36168,504,16044,382,20124,0,0,270,14516,615,10819,270,25335,California
Shasta,2021-02-25,516,36684,160,16204,356,20480,0,0,162,14325,353,11172,162,25497,California
Shasta,2021-02-26,791,37475,94,16298,697,21177,0,0,331,14198,458,11630,331,25828,California
Shasta,2021-02-27,829,38304,27,16325,802,21979,0,0,188,13747,639,12269,188,26016,California
Shasta,2021-02-28,176,38480,4,16329,172,22151,0,0,126,13823,50,12319,126,26142,California
Shasta,2021-03-01,584,39064,59,16388,525,22676,0,0,295,13830,288,12607,295,26437,California
Shasta,2021-03-02,1016,40080,465,16853,551,23227,0,0,331,13478,683,13290,331,26768,California
Shasta,2021-03-03,665,40745,167,17020,498,23725,0,0,243,13299,422,13712,243,27011,California
Shasta,2021-03-04,2303,43048,1694,18714,609,24334,0,0,1267,13532,1035,14747,1268,28279,California
Shasta,2021-03-05,1541,44589,162,18876,1350,25684,29,29,794,13607,748,15495,823,29102,California
Shasta,2021-03-06,2743,47332,386,19262,2310,27994,47,76,858,12629,1883,17378,905,30007,California
Shasta,2021-03-07,91,47423,3,19265,56,28050,32,108,37,12644,54,17432,69,30076,California
Shasta,2021-03-08,568,47991,46,19311,383,28433,139,247,155,12527,411,17843,294,30370,California
Shasta,2021-03-09,708,48699,48,19359,482,28915,178,425,329,12654,379,18222,506,30876,California
Shasta,2021-03-10,800,49499,256,19615,342,29257,202,627,135,12326,664,18886,336,31212,California
Shasta,2021-03-11,1176,50675,173,19788,731,29988,272,899,659,12741,516,19402,931,32143,California
Shasta,2021-03-12,1531,52206,835,20623,447,30435,249,1148,398,12254,1132,20534,645,32788,California
Shasta,2021-03-13,758,52964,425,21048,233,30668,100,1248,474,12544,283,20817,573,33361,California
Shasta,2021-03-14,1019,53983,8,21056,989,31657,22,1270,881,13310,138,20955,904,34265,California
Shasta,2021-03-15,498,54481,35,21091,363,32020,100,1370,210,13331,288,21243,309,34574,California
Shasta,2021-03-16,1132,55613,147,21238,918,32938,67,1437,849,13964,283,21526,916,35490,California
Shasta,2021-03-17,734,56347,191,21429,485,33423,58,1495,395,14084,333,21859,453,35943,California
Shasta,2021-03-18,1191,57538,236,21665,851,34274,104,1599,811,14623,376,22235,915,36858,California
Shasta,2021-03-19,644,58182,196,21861,392,34666,56,1655,411,14858,232,22467,467,37325,California
Shasta,2021-03-20,748,58930,490,22351,244,34910,14,1669,600,15324,148,22615,614,37939,California
Shasta,2021-03-21,312,59242,297,22648,4,34914,11,1680,286,15596,25,22640,297,38236,California
Shasta,2021-03-22,348,59590,37,22685,275,35189,36,1716,200,15685,147,22787,236,38472,California
Shasta,2021-03-23,819,60409,161,22846,600,35789,58,1774,627,16183,187,22974,685,39157,California
Shasta,2021-03-24,607,61016,156,23002,414,36203,37,1811,366,16346,240,23214,403,39560,California
Shasta,2021-03-25,877,61893,197,23199,663,36866,17,1828,639,16767,235,23449,656,40216,California
Shasta,2021-03-26,1835,63728,1402,24601,403,37269,30,1858,1478,17919,357,23806,1509,41725,California
Shasta,2021-03-27,1595,65323,405,25006,318,37587,872,2730,575,18345,1018,24824,1444,43169,California
Shasta,2021-03-28,405,65728,299,25305,96,37683,10,2740,302,18556,101,24925,312,43481,California
Shasta,2021-03-29,419,66147,41,25346,366,38049,12,2752,165,18480,253,25178,177,43658,California
Shasta,2021-03-30,654,66801,186,25532,461,38510,7,2759,441,18718,210,25388,448,44106,California
Shasta,2021-03-31,618,67419,206,25738,407,38917,5,2764,382,18874,231,25619,387,44493,California
Shasta,2021-04-01,893,68312,245,25983,636,39553,12,2776,577,19148,315,25934,589,45082,California
Shasta,2021-04-02,754,69066,201,26184,501,40054,52,2828,415,19278,337,26271,467,45549,California
Shasta,2021-04-03,513,69579,361,26545,133,40187,19,2847,389,19562,124,26395,408,45957,California
Shasta,2021-04-04,291,69870,177,26722,94,40281,20,2867,217,19725,74,26469,237,46194,California
Shasta,2021-04-05,441,70311,67,26789,311,40592,63,2930,255,19857,186,26655,318,46512,California
Shasta,2021-04-06,853,71164,174,26963,504,41096,175,3105,401,19983,449,27104,575,47087,California
Shasta,2021-04-07,651,71815,213,27176,275,41371,163,3268,256,20010,391,27495,418,47505,California
Shasta,2021-04-08,1136,72951,259,27435,723,42094,154,3422,229,19487,905,28400,382,47887,California
Shasta,2021-04-09,2580,75531,2062,29497,309,42403,209,3631,2016,21151,559,28959,2223,50110,California
Shasta,2021-04-10,877,76408,593,30090,156,42559,128,3759,265,20931,612,29571,392,50502,California
Shasta,2021-04-11,1250,77658,395,30485,835,43394,20,3779,143,19991,1103,30674,163,50665,California
Shasta,2021-04-12,336,77994,8,30493,267,43661,61,3840,97,19910,238,30912,157,50822,California
Shasta,2021-04-13,1053,79047,164,30657,887,44548,2,3842,297,19454,754,31666,298,51120,California
Shasta,2021-04-14,602,79649,143,30800,457,45005,2,3844,225,19305,376,32042,227,51347,California
Shasta,2021-04-15,1066,80715,259,31059,807,45812,0,3844,309,18858,756,32798,309,51656,California
Shasta,2021-04-16,2331,83046,1837,32896,494,46306,0,3844,948,18424,1382,34180,948,52604,California
Shasta,2021-04-17,642,83688,410,33306,232,46538,0,3844,196,18174,446,34626,196,52800,California
Shasta,2021-04-18,266,83954,241,33547,25,46563,0,3844,33,17976,231,34857,33,52833,California
Shasta,2021-04-19,384,84338,31,33578,353,46916,0,3844,164,17920,220,35077,164,52997,California
Shasta,2021-04-20,1013,85351,256,33834,757,47673,0,3844,386,17680,626,35703,386,53383,California
Shasta,2021-04-21,605,85956,220,34054,385,48058,0,3844,306,17688,298,36001,306,53689,California
Shasta,2021-04-22,956,86912,279,34333,677,48735,0,3844,302,17338,652,36653,302,53991,California
Shasta,2021-04-23,657,87569,262,34595,395,49130,0,3844,329,17340,327,36980,329,54320,California
Shasta,2021-04-24,596,88165,360,34955,236,49366,0,3844,107,16958,489,37469,107,54427,California
Shasta,2021-04-25,213,88378,183,35138,29,49395,1,3845,38,16822,175,37644,39,54466,California
Shasta,2021-04-26,465,88843,50,35188,410,49805,5,3850,331,17025,132,37776,335,54801,California
Shasta,2021-04-27,511,89354,169,35357,306,50111,36,3886,291,17133,217,37993,325,55126,California
Shasta,2021-04-28,513,89867,130,35487,350,50461,33,3919,212,17076,301,38294,244,55370,California
Shasta,2021-04-29,663,90530,106,35593,538,50999,19,3938,161,16755,501,38795,180,55550,California
Shasta,2021-04-30,2037,92567,1669,37262,341,51340,27,3965,248,15241,1789,40584,275,55825,California
Shasta,2021-05-01,168,92735,16,37278,83,51423,69,4034,57,15256,111,40695,126,55951,California
Shasta,2021-05-02,28,92763,14,37292,7,51430,7,4041,14,15263,14,40709,21,55972,California
Shasta,2021-05-03,170,92933,37,37329,123,51553,10,4051,97,15298,72,40781,107,56079,California
Shasta,2021-05-04,172,93105,46,37375,115,51668,11,4062,91,15319,81,40862,102,56181,California
Sierra,2020-12-18,1,1,1,1,0,0,0,0,1,1,0,0,1,1,California
Sierra,2020-12-21,2,3,2,3,0,0,0,0,2,3,0,0,2,3,California
Sierra,2020-12-22,12,15,12,15,0,0,0,0,12,15,0,0,12,15,California
Sierra,2020-12-23,4,19,4,19,0,0,0,0,4,19,0,0,4,19,California
Sierra,2020-12-28,1,20,0,19,1,1,0,0,1,20,0,0,1,20,California
Sierra,2020-12-29,49,69,7,26,42,43,0,0,49,69,0,0,49,69,California
Sierra,2020-12-30,2,71,0,26,2,45,0,0,2,71,0,0,2,71,California
Sierra,2020-12-31,13,84,0,26,13,58,0,0,13,84,0,0,13,84,California
Sierra,2021-01-01,1,85,1,27,0,58,0,0,1,85,0,0,1,85,California
Sierra,2021-01-05,64,149,2,29,62,120,0,0,64,149,0,0,64,149,California
Sierra,2021-01-06,1,150,1,30,0,120,0,0,1,150,0,0,1,150,California
Sierra,2021-01-07,21,171,1,31,20,140,0,0,20,169,1,1,20,170,California
Sierra,2021-01-08,1,172,1,32,0,140,0,0,1,170,0,1,1,171,California
Sierra,2021-01-11,3,175,3,35,0,140,0,0,0,167,3,4,0,171,California
Sierra,2021-01-12,40,215,12,47,28,168,0,0,28,183,12,16,28,199,California
Sierra,2021-01-13,4,219,3,50,1,169,0,0,1,181,3,19,1,200,California
Sierra,2021-01-14,35,254,2,52,33,202,0,0,35,216,0,19,35,235,California
Sierra,2021-01-15,3,257,1,53,2,204,0,0,3,219,0,19,3,238,California
Sierra,2021-01-18,2,259,0,53,2,206,0,0,2,221,0,19,2,240,California
Sierra,2021-01-19,32,291,0,53,32,238,0,0,32,253,0,19,32,272,California
Sierra,2021-01-20,1,292,1,54,0,238,0,0,1,254,0,19,1,273,California
Sierra,2021-01-21,53,345,0,54,53,291,0,0,53,307,0,19,53,326,California
Sierra,2021-01-22,2,347,0,54,2,293,0,0,2,309,0,19,2,328,California
Sierra,2021-01-23,2,349,0,54,2,295,0,0,2,311,0,19,2,330,California
Sierra,2021-01-26,62,411,0,54,62,357,0,0,24,297,38,57,24,354,California
Sierra,2021-01-27,4,415,4,58,0,357,0,0,0,293,4,61,0,354,California
Sierra,2021-01-28,53,468,0,58,53,410,0,0,43,326,10,71,43,397,California
Sierra,2021-01-29,2,470,0,58,2,412,0,0,2,328,0,71,2,399,California
Sierra,2021-01-30,3,473,3,61,0,412,0,0,2,329,1,72,2,401,California
Sierra,2021-02-01,1,474,0,61,1,413,0,0,0,328,1,73,0,401,California
Sierra,2021-02-02,58,532,1,62,57,470,0,0,19,308,39,112,19,420,California
Sierra,2021-02-03,6,538,5,67,1,471,0,0,5,312,1,113,5,425,California
Sierra,2021-02-04,105,643,6,73,99,570,0,0,56,319,49,162,56,481,California
Sierra,2021-02-05,6,649,4,77,2,572,0,0,5,323,1,163,5,486,California
Sierra,2021-02-09,51,700,0,77,51,623,0,0,48,368,3,166,48,534,California
Sierra,2021-02-10,5,705,2,79,3,626,0,0,4,371,1,167,4,538,California
Sierra,2021-02-11,196,901,1,80,195,821,0,0,134,443,62,229,134,672,California
Sierra,2021-02-12,21,922,0,80,21,842,0,0,20,462,1,230,20,692,California
Sierra,2021-02-13,1,923,1,81,0,842,0,0,1,463,0,230,1,693,California
Sierra,2021-02-15,2,925,2,83,0,842,0,0,0,461,2,232,0,693,California
Sierra,2021-02-16,43,968,0,83,43,885,0,0,10,438,33,265,10,703,California
Sierra,2021-02-17,4,972,0,83,4,889,0,0,1,436,3,268,1,704,California
Sierra,2021-02-18,141,1113,0,83,141,1030,0,0,91,477,50,318,91,795,California
Sierra,2021-02-19,2,1115,1,84,1,1031,0,0,1,477,1,319,1,796,California
Sierra,2021-02-20,2,1117,2,86,0,1031,0,0,0,475,2,321,0,796,California
Sierra,2021-02-22,1,1118,1,87,0,1031,0,0,1,476,0,321,1,797,California
Sierra,2021-02-23,4,1122,0,87,4,1035,0,0,4,480,0,321,4,801,California
Sierra,2021-02-24,4,1126,3,90,1,1036,0,0,3,482,1,322,3,804,California
Sierra,2021-02-25,125,1251,2,92,123,1159,0,0,58,474,66,388,58,862,California
Sierra,2021-02-26,11,1262,6,98,5,1164,0,0,4,471,7,395,4,866,California
Sierra,2021-02-27,2,1264,2,100,0,1164,0,0,0,469,2,397,0,866,California
Sierra,2021-03-01,2,1266,2,102,0,1164,0,0,0,467,2,399,0,866,California
Sierra,2021-03-02,56,1322,0,102,56,1220,0,0,38,487,18,417,38,904,California
Sierra,2021-03-03,2,1324,2,104,0,1220,0,0,1,487,1,418,1,905,California
Sierra,2021-03-04,108,1432,0,104,108,1328,0,0,58,495,50,468,58,963,California
Sierra,2021-03-05,13,1445,1,105,12,1340,0,0,11,504,2,470,11,974,California
Sierra,2021-03-07,1,1446,1,106,0,1340,0,0,0,503,1,471,0,974,California
Sierra,2021-03-08,2,1448,2,108,0,1340,0,0,2,505,0,471,2,976,California
Sierra,2021-03-09,56,1504,0,108,56,1396,0,0,12,473,44,515,12,988,California
Sierra,2021-03-10,6,1510,0,108,6,1402,0,0,4,475,2,517,4,992,California
Sierra,2021-03-11,175,1685,0,108,175,1577,0,0,43,387,131,648,43,1035,California
Sierra,2021-03-12,20,1705,1,109,19,1596,0,0,0,367,20,668,0,1035,California
Sierra,2021-03-13,28,1733,0,109,28,1624,0,0,28,395,0,668,28,1063,California
Sierra,2021-03-14,1,1734,0,109,0,1624,1,1,0,395,1,669,1,1064,California
Sierra,2021-03-15,1,1735,1,110,0,1624,0,1,0,394,1,670,0,1064,California
Sierra,2021-03-16,36,1771,0,110,35,1659,1,2,23,405,13,683,24,1088,California
Sierra,2021-03-17,4,1775,3,113,1,1660,0,2,1,403,3,686,1,1089,California
Sierra,2021-03-18,158,1933,0,113,158,1818,0,2,65,375,93,779,65,1154,California
Sierra,2021-03-19,4,1937,2,115,2,1820,0,2,1,373,3,782,1,1155,California
Sierra,2021-03-20,1,1938,0,115,1,1821,0,2,1,374,0,782,1,1156,California
Sierra,2021-03-23,22,1960,0,115,22,1843,0,2,13,378,9,791,13,1169,California
Sierra,2021-03-24,3,1963,1,116,2,1845,0,2,1,377,2,793,1,1170,California
Sierra,2021-03-25,100,2063,1,117,99,1944,0,2,51,379,49,842,51,1221,California
Sierra,2021-03-26,12,2075,1,118,11,1955,0,2,9,385,3,845,9,1230,California
Sierra,2021-03-27,2,2077,1,119,1,1956,0,2,0,383,2,847,0,1230,California
Sierra,2021-03-29,1,2078,1,120,0,1956,0,2,0,382,1,848,0,1230,California
Sierra,2021-03-30,55,2133,1,121,54,2010,0,2,22,371,33,881,22,1252,California
Sierra,2021-03-31,8,2141,0,121,8,2018,0,2,8,379,0,881,8,1260,California
Sierra,2021-04-01,61,2202,2,123,59,2077,0,2,6,331,54,935,6,1266,California
Sierra,2021-04-02,3,2205,2,125,1,2078,0,2,2,332,1,936,2,1268,California
Sierra,2021-04-04,1,2206,0,125,1,2079,0,2,0,332,0,936,0,1268,California
Sierra,2021-04-05,1,2207,1,126,0,2079,0,2,1,333,0,936,1,1269,California
Sierra,2021-04-06,10,2217,0,126,10,2089,0,2,0,323,10,946,0,1269,California
Sierra,2021-04-07,15,2232,3,129,6,2095,6,8,3,321,11,957,9,1278,California
Sierra,2021-04-08,53,2285,2,131,51,2146,0,8,16,300,37,994,16,1294,California
Sierra,2021-04-09,2,2287,2,133,0,2146,0,8,1,300,1,995,1,1295,California
Sierra,2021-04-10,27,2314,0,133,27,2173,0,8,0,273,27,1022,0,1295,California
Sierra,2021-04-13,46,2360,0,133,46,2219,0,8,5,237,41,1063,5,1300,California
Sierra,2021-04-14,2,2362,1,134,1,2220,0,8,2,239,0,1063,2,1302,California
Sierra,2021-04-15,49,2411,1,135,48,2268,0,8,2,194,47,1110,2,1304,California
Sierra,2021-04-16,1,2412,0,135,1,2269,0,8,1,195,0,1110,1,1305,California
Sierra,2021-04-17,2,2414,1,136,1,2270,0,8,1,195,1,1111,1,1306,California
Sierra,2021-04-19,1,2415,1,137,0,2270,0,8,0,194,1,1112,0,1306,California
Sierra,2021-04-20,34,2449,1,138,33,2303,0,8,7,174,27,1139,7,1313,California
Sierra,2021-04-21,2,2451,1,139,1,2304,0,8,1,174,1,1140,1,1314,California
Sierra,2021-04-22,66,2517,2,141,64,2368,0,8,5,119,60,1200,5,1319,California
Sierra,2021-04-23,13,2530,0,141,13,2381,0,8,5,116,8,1208,5,1324,California
Sierra,2021-04-24,4,2534,0,141,4,2385,0,8,4,120,0,1208,4,1328,California
Sierra,2021-04-27,28,2562,1,142,27,2412,0,8,5,102,23,1231,5,1333,California
Sierra,2021-04-28,9,2571,2,144,7,2419,0,8,1,96,7,1238,1,1334,California
Sierra,2021-04-29,22,2593,3,147,19,2438,0,8,15,104,7,1245,15,1349,California
Sierra,2021-04-30,3,2596,1,148,2,2440,0,8,1,103,2,1247,1,1350,California
Siskiyou,2020-12-16,2,2,2,2,0,0,0,0,2,2,0,0,2,2,California
Siskiyou,2020-12-17,4,6,4,6,0,0,0,0,4,6,0,0,4,6,California
Siskiyou,2020-12-18,2,8,2,8,0,0,0,0,2,8,0,0,2,8,California
Siskiyou,2020-12-19,4,12,4,12,0,0,0,0,4,12,0,0,4,12,California
Siskiyou,2020-12-20,1,13,1,13,0,0,0,0,1,13,0,0,1,13,California
Siskiyou,2020-12-21,132,145,132,145,0,0,0,0,132,145,0,0,132,145,California
Siskiyou,2020-12-22,159,304,159,304,0,0,0,0,159,304,0,0,159,304,California
Siskiyou,2020-12-23,142,446,142,446,0,0,0,0,142,446,0,0,142,446,California
Siskiyou,2020-12-24,5,451,5,451,0,0,0,0,5,451,0,0,5,451,California
Siskiyou,2020-12-26,2,453,0,451,2,2,0,0,2,453,0,0,2,453,California
Siskiyou,2020-12-27,2,455,0,451,2,4,0,0,2,455,0,0,2,455,California
Siskiyou,2020-12-28,3,458,1,452,2,6,0,0,3,458,0,0,3,458,California
Siskiyou,2020-12-29,6,464,2,454,4,10,0,0,6,464,0,0,6,464,California
Siskiyou,2020-12-30,98,562,3,457,95,105,0,0,98,562,0,0,98,562,California
Siskiyou,2020-12-31,12,574,0,457,12,117,0,0,12,574,0,0,12,574,California
Siskiyou,2021-01-02,1,575,1,458,0,117,0,0,1,575,0,0,1,575,California
Siskiyou,2021-01-03,1,576,0,458,1,118,0,0,1,576,0,0,1,576,California
Siskiyou,2021-01-04,130,706,3,461,127,245,0,0,130,706,0,0,130,706,California
Siskiyou,2021-01-05,117,823,4,465,113,358,0,0,116,821,1,1,116,822,California
Siskiyou,2021-01-06,59,882,6,471,53,411,0,0,55,872,4,5,55,877,California
Siskiyou,2021-01-07,178,1060,4,475,174,585,0,0,177,1048,1,6,177,1054,California
Siskiyou,2021-01-08,41,1101,3,478,38,623,0,0,39,1085,2,8,39,1093,California
Siskiyou,2021-01-09,2,1103,2,480,0,623,0,0,0,1083,2,10,0,1093,California
Siskiyou,2021-01-11,226,1329,65,545,161,784,0,0,163,1183,63,73,163,1256,California
Siskiyou,2021-01-12,322,1651,274,819,48,832,0,0,88,1038,234,307,89,1345,California
Siskiyou,2021-01-13,157,1808,137,956,20,852,0,0,23,927,134,441,23,1368,California
Siskiyou,2021-01-14,26,1834,1,957,25,877,0,0,25,951,1,442,25,1393,California
Siskiyou,2021-01-15,35,1869,3,960,32,909,0,0,35,986,0,442,35,1428,California
Siskiyou,2021-01-16,7,1876,2,962,5,914,0,0,7,993,0,442,7,1435,California
Siskiyou,2021-01-17,1,1877,1,963,0,914,0,0,0,992,1,443,0,1435,California
Siskiyou,2021-01-18,77,1954,4,967,73,987,0,0,75,1065,2,445,75,1510,California
Siskiyou,2021-01-19,21,1975,1,968,20,1007,0,0,20,1084,1,446,20,1530,California
Siskiyou,2021-01-20,47,2022,35,1003,12,1019,0,0,43,1123,4,450,43,1573,California
Siskiyou,2021-01-21,42,2064,1,1004,41,1060,0,0,42,1165,0,450,42,1615,California
Siskiyou,2021-01-22,1328,3392,1176,2180,152,1212,0,0,1328,2493,0,450,1328,2943,California
Siskiyou,2021-01-23,5,3397,1,2181,4,1216,0,0,2,2492,3,453,2,2945,California
Siskiyou,2021-01-25,182,3579,8,2189,174,1390,0,0,178,2666,4,457,178,3123,California
Siskiyou,2021-01-26,148,3727,3,2192,145,1535,0,0,140,2798,8,465,140,3263,California
Siskiyou,2021-01-27,181,3908,1,2193,180,1715,0,0,126,2869,55,520,126,3389,California
Siskiyou,2021-01-28,232,4140,118,2311,114,1829,0,0,226,3089,6,526,226,3615,California
Siskiyou,2021-01-29,248,4388,2,2313,246,2075,0,0,246,3333,2,528,246,3861,California
Siskiyou,2021-01-30,3,4391,2,2315,1,2076,0,0,3,3336,0,528,3,3864,California
Siskiyou,2021-02-01,195,4586,3,2318,192,2268,0,0,105,3351,90,618,105,3969,California
Siskiyou,2021-02-02,289,4875,45,2363,244,2512,0,0,147,3356,142,760,147,4116,California
Siskiyou,2021-02-03,314,5189,1,2364,313,2825,0,0,264,3570,50,810,264,4380,California
Siskiyou,2021-02-04,321,5510,7,2371,314,3139,0,0,200,3649,121,931,200,4580,California
Siskiyou,2021-02-05,513,6023,4,2375,509,3648,0,0,348,3832,165,1096,348,4928,California
Siskiyou,2021-02-06,15,6038,0,2375,15,3663,0,0,15,3847,0,1096,15,4943,California
Siskiyou,2021-02-07,3,6041,2,2377,1,3664,0,0,3,3850,0,1096,3,4946,California
Siskiyou,2021-02-08,221,6262,5,2382,216,3880,0,0,216,4061,5,1101,216,5162,California
Siskiyou,2021-02-09,196,6458,4,2386,192,4072,0,0,163,4191,33,1134,163,5325,California
Siskiyou,2021-02-10,370,6828,40,2426,330,4402,0,0,317,4456,52,1186,317,5642,California
Siskiyou,2021-02-11,190,7018,1,2427,189,4591,0,0,174,4614,16,1202,174,5816,California
Siskiyou,2021-02-12,1691,8709,1199,3626,492,5083,0,0,501,3925,1190,2392,501,6317,California
Siskiyou,2021-02-13,36,8745,2,3628,34,5117,0,0,32,3953,4,2396,32,6349,California
Siskiyou,2021-02-14,5,8750,1,3629,4,5121,0,0,5,3958,0,2396,5,6354,California
Siskiyou,2021-02-15,107,8857,10,3639,97,5218,0,0,105,4061,2,2398,105,6459,California
Siskiyou,2021-02-16,114,8971,2,3641,112,5330,0,0,99,4145,15,2413,99,6558,California
Siskiyou,2021-02-17,185,9156,15,3656,170,5500,0,0,171,4302,14,2427,171,6729,California
Siskiyou,2021-02-18,222,9378,89,3745,133,5633,0,0,98,4276,124,2551,98,6827,California
Siskiyou,2021-02-19,70,9448,33,3778,37,5670,0,0,34,4274,36,2587,34,6861,California
Siskiyou,2021-02-20,21,9469,3,3781,18,5688,0,0,17,4287,4,2591,17,6878,California
Siskiyou,2021-02-21,1,9470,1,3782,0,5688,0,0,1,4288,0,2591,1,6879,California
Siskiyou,2021-02-22,124,9594,1,3783,123,5811,0,0,18,4200,106,2697,18,6897,California
Siskiyou,2021-02-23,196,9790,15,3798,181,5992,0,0,52,4108,144,2841,52,6949,California
Siskiyou,2021-02-24,147,9937,4,3802,143,6135,0,0,35,4031,112,2953,35,6984,California
Siskiyou,2021-02-25,300,10237,24,3826,276,6411,0,0,154,4039,146,3099,154,7138,California
Siskiyou,2021-02-26,669,10906,10,3836,659,7070,0,0,367,4104,302,3401,367,7505,California
Siskiyou,2021-02-27,33,10939,5,3841,28,7098,0,0,28,4127,5,3406,28,7533,California
Siskiyou,2021-02-28,5,10944,4,3845,1,7099,0,0,4,4130,1,3407,4,7537,California
Siskiyou,2021-03-01,280,11224,6,3851,274,7373,0,0,50,3950,230,3637,50,7587,California
Siskiyou,2021-03-02,190,11414,1,3852,189,7562,0,0,70,3900,120,3757,70,7657,California
Siskiyou,2021-03-03,343,11757,7,3859,336,7898,0,0,153,3863,190,3947,153,7810,California
Siskiyou,2021-03-04,782,12539,610,4469,172,8070,0,0,626,4333,156,4103,626,8436,California
Siskiyou,2021-03-05,326,12865,6,4475,309,8379,11,11,105,4231,218,4321,116,8552,California
Siskiyou,2021-03-06,43,12908,3,4478,33,8412,7,18,28,4251,15,4336,35,8587,California
Siskiyou,2021-03-07,12,12920,4,4482,0,8412,8,26,3,4253,9,4345,11,8598,California
Siskiyou,2021-03-08,361,13281,31,4513,295,8707,35,61,59,4045,302,4647,94,8692,California
Siskiyou,2021-03-09,161,13442,0,4513,108,8815,53,114,55,4047,106,4753,108,8800,California
Siskiyou,2021-03-10,221,13663,7,4520,184,8999,30,144,31,3918,190,4943,61,8861,California
Siskiyou,2021-03-11,470,14133,203,4723,220,9219,47,191,270,4036,199,5142,317,9178,California
Siskiyou,2021-03-12,647,14780,141,4864,467,9686,39,230,184,3798,461,5603,223,9401,California
Siskiyou,2021-03-13,428,15208,381,5245,24,9710,23,253,382,4157,46,5649,405,9806,California
Siskiyou,2021-03-14,20,15228,1,5246,3,9713,16,269,2,4157,18,5667,18,9824,California
Siskiyou,2021-03-15,453,15681,257,5503,176,9889,20,289,321,4366,132,5799,341,10165,California
Siskiyou,2021-03-16,255,15936,32,5535,206,10095,17,306,140,4409,114,5913,157,10322,California
Siskiyou,2021-03-17,202,16138,9,5544,185,10280,8,314,34,4283,168,6081,42,10364,California
Siskiyou,2021-03-18,926,17064,788,6332,126,10406,12,326,810,4989,116,6197,822,11186,California
Siskiyou,2021-03-19,67,17131,9,6341,45,10451,13,339,20,4975,47,6244,33,11219,California
Siskiyou,2021-03-20,30,17161,7,6348,18,10469,5,344,6,4962,24,6268,11,11230,California
Siskiyou,2021-03-21,10,17171,4,6352,1,10470,5,349,4,4965,6,6274,9,11239,California
Siskiyou,2021-03-22,207,17378,21,6373,164,10634,22,371,144,5071,60,6334,166,11405,California
Siskiyou,2021-03-23,195,17573,19,6392,166,10800,10,381,141,5168,54,6388,151,11556,California
Siskiyou,2021-03-24,141,17714,48,6440,93,10893,0,381,116,5259,25,6413,116,11672,California
Siskiyou,2021-03-25,569,18283,318,6758,248,11141,3,384,398,5489,171,6584,401,12073,California
Siskiyou,2021-03-26,304,18587,35,6793,269,11410,0,384,104,5395,198,6782,104,12177,California
Siskiyou,2021-03-27,37,18624,4,6797,28,11438,5,389,9,5381,28,6810,14,12191,California
Siskiyou,2021-03-28,8,18632,7,6804,1,11439,0,389,5,5383,3,6813,5,12196,California
Siskiyou,2021-03-29,98,18730,11,6815,85,11524,2,391,47,5382,50,6863,49,12245,California
Siskiyou,2021-03-30,99,18829,4,6819,94,11618,1,392,39,5362,60,6923,40,12285,California
Siskiyou,2021-03-31,190,19019,21,6840,166,11784,3,395,50,5277,139,7062,54,12339,California
Siskiyou,2021-04-01,823,19842,667,7507,156,11940,0,395,217,4888,606,7668,217,12556,California
Siskiyou,2021-04-02,346,20188,197,7704,145,12085,4,399,65,4678,279,7947,69,12625,California
Siskiyou,2021-04-03,26,20214,5,7709,14,12099,7,406,5,4669,21,7968,12,12637,California
Siskiyou,2021-04-04,2,20216,2,7711,0,12099,0,406,1,4669,1,7969,1,12638,California
Siskiyou,2021-04-05,436,20652,330,8041,79,12178,27,433,24,4309,411,8380,51,12689,California
Siskiyou,2021-04-06,215,20867,32,8073,130,12308,53,486,123,4393,91,8471,175,12864,California
Siskiyou,2021-04-07,115,20982,11,8084,62,12370,42,528,65,4450,50,8521,107,12971,California
Siskiyou,2021-04-08,346,21328,183,8267,122,12492,41,569,60,4265,286,8807,101,13072,California
Siskiyou,2021-04-09,547,21875,380,8647,130,12622,37,606,84,3925,462,9269,122,13194,California
Siskiyou,2021-04-10,46,21921,6,8653,3,12625,37,643,7,3930,39,9308,44,13238,California
Siskiyou,2021-04-11,8,21929,5,8658,1,12626,2,645,2,3928,6,9314,4,13242,California
Siskiyou,2021-04-12,129,22058,25,8683,103,12729,1,646,49,3898,80,9394,50,13292,California
Siskiyou,2021-04-13,204,22262,36,8719,167,12896,1,647,78,3851,126,9520,79,13371,California
Siskiyou,2021-04-14,158,22420,66,8785,92,12988,0,647,86,3867,70,9590,86,13457,California
Siskiyou,2021-04-15,1116,23536,956,9741,160,13148,0,647,436,3623,680,10270,436,13893,California
Siskiyou,2021-04-16,289,23825,198,9939,91,13239,0,647,258,3851,30,10300,258,14151,California
Siskiyou,2021-04-17,12,23837,9,9948,3,13242,0,647,8,3855,4,10304,8,14159,California
Siskiyou,2021-04-18,5,23842,3,9951,2,13244,0,647,2,3854,3,10307,2,14161,California
Siskiyou,2021-04-19,126,23968,22,9973,104,13348,0,647,43,3814,83,10390,43,14204,California
Siskiyou,2021-04-20,236,24204,4,9977,232,13580,0,647,93,3764,143,10533,93,14297,California
Siskiyou,2021-04-21,96,24300,12,9989,84,13664,0,647,26,3720,70,10603,26,14323,California
Siskiyou,2021-04-22,414,24714,302,10291,112,13776,0,647,50,3406,364,10967,50,14373,California
Siskiyou,2021-04-23,158,24872,13,10304,145,13921,0,647,136,3521,21,10988,136,14509,California
Siskiyou,2021-04-24,27,24899,4,10308,23,13944,0,647,19,3532,8,10996,19,14528,California
Siskiyou,2021-04-25,2,24901,0,10308,2,13946,0,647,2,3534,0,10996,2,14530,California
Siskiyou,2021-04-26,100,25001,7,10315,88,14034,5,652,25,3489,75,11071,30,14560,California
Siskiyou,2021-04-27,102,25103,3,10318,97,14131,2,654,83,3558,16,11087,85,14645,California
Siskiyou,2021-04-28,111,25214,9,10327,94,14225,8,662,54,3563,57,11144,62,14707,California
Siskiyou,2021-04-29,102,25316,14,10341,87,14312,1,663,30,3522,72,11216,31,14738,California
Siskiyou,2021-04-30,90,25406,20,10361,69,14381,1,664,44,3523,43,11259,44,14782,California
Siskiyou,2021-05-01,8,25414,4,10365,1,14382,3,667,5,3528,3,11262,8,14790,California
Siskiyou,2021-05-02,8,25422,3,10368,5,14387,0,667,7,3534,1,11263,7,14797,California
Siskiyou,2021-05-03,94,25516,20,10388,72,14459,2,669,41,3524,53,11316,43,14840,California
Siskiyou,2021-05-04,64,25580,4,10392,59,14518,1,670,21,3504,42,11358,22,14862,California
Solano,2020-12-15,4,4,4,4,0,0,0,0,4,4,0,0,4,4,California
Solano,2020-12-16,71,75,71,75,0,0,0,0,71,75,0,0,71,75,California
Solano,2020-12-17,153,228,153,228,0,0,0,0,153,228,0,0,153,228,California
Solano,2020-12-18,445,673,444,672,1,1,0,0,445,673,0,0,445,673,California
Solano,2020-12-19,517,1190,517,1189,0,1,0,0,517,1190,0,0,517,1190,California
Solano,2020-12-20,355,1545,353,1542,2,3,0,0,355,1545,0,0,355,1545,California
Solano,2020-12-21,573,2118,571,2113,2,5,0,0,573,2118,0,0,573,2118,California
Solano,2020-12-22,663,2781,630,2743,33,38,0,0,663,2781,0,0,663,2781,California
Solano,2020-12-23,860,3641,773,3516,87,125,0,0,859,3640,0,0,859,3640,California
Solano,2020-12-24,421,4062,170,3686,251,376,0,0,421,4061,0,0,421,4061,California
Solano,2020-12-25,10,4072,2,3688,8,384,0,0,10,4071,0,0,10,4071,California
Solano,2020-12-26,175,4247,48,3736,127,511,0,0,175,4246,0,0,175,4246,California
Solano,2020-12-27,104,4351,29,3765,75,586,0,0,104,4350,0,0,104,4350,California
Solano,2020-12-28,864,5215,421,4186,443,1029,0,0,864,5214,0,0,864,5214,California
Solano,2020-12-29,893,6108,374,4560,519,1548,0,0,893,6107,0,0,893,6107,California
Solano,2020-12-30,1212,7320,599,5159,613,2161,0,0,1212,7319,0,0,1212,7319,California
Solano,2020-12-31,537,7857,136,5295,401,2562,0,0,537,7856,0,0,537,7856,California
Solano,2021-01-01,14,7871,13,5308,1,2563,0,0,14,7870,0,0,14,7870,California
Solano,2021-01-02,213,8084,165,5473,48,2611,0,0,213,8083,0,0,213,8083,California
Solano,2021-01-03,57,8141,40,5513,17,2628,0,0,52,8135,0,0,52,8135,California
Solano,2021-01-04,451,8592,246,5759,205,2833,0,0,441,8573,3,3,441,8576,California
Solano,2021-01-05,725,9317,377,6136,348,3181,0,0,571,8995,149,152,571,9147,California
Solano,2021-01-06,844,10161,436,6572,408,3589,0,0,582,9317,260,412,582,9729,California
Solano,2021-01-07,1064,11225,683,7255,381,3970,0,0,607,9470,455,867,608,10337,California
Solano,2021-01-08,1135,12360,777,8032,358,4328,0,0,542,9439,575,1442,544,10881,California
Solano,2021-01-09,885,13245,763,8795,122,4450,0,0,428,9413,454,1896,428,11309,California
Solano,2021-01-10,254,13499,194,8989,60,4510,0,0,153,9465,101,1997,153,11462,California
Solano,2021-01-11,1329,14828,1118,10107,211,4721,0,0,813,9762,516,2513,813,12275,California
Solano,2021-01-12,1567,16395,1169,11276,398,5119,0,0,1016,10229,550,3063,1017,13292,California
Solano,2021-01-13,1465,17860,1005,12281,460,5579,0,0,1205,11176,258,3321,1205,14497,California
Solano,2021-01-14,1869,19729,799,13080,1070,6649,0,0,1555,12417,314,3635,1555,16052,California
Solano,2021-01-15,1694,21423,1059,14139,635,7284,0,0,1396,13515,298,3933,1396,17448,California
Solano,2021-01-16,1290,22713,903,15042,387,7671,0,0,1115,14455,175,4108,1115,18563,California
Solano,2021-01-17,1044,23757,760,15802,284,7955,0,0,1026,15463,18,4126,1026,19589,California
Solano,2021-01-18,1415,25172,857,16659,558,8513,0,0,1297,16644,118,4244,1299,20888,California
Solano,2021-01-19,1645,26817,1336,17995,309,8822,0,0,1373,17746,271,4515,1373,22261,California
Solano,2021-01-20,2033,28850,1422,19417,611,9433,0,0,1548,18812,482,4997,1548,23809,California
Solano,2021-01-21,3164,32014,1004,20421,2160,11593,0,0,2819,21287,345,5342,2820,26629,California
Solano,2021-01-22,1755,33769,844,21265,911,12504,0,0,1565,22662,190,5532,1565,28194,California
Solano,2021-01-23,733,34502,239,21504,494,12998,0,0,529,22987,205,5737,530,28724,California
Solano,2021-01-24,402,34904,60,21564,342,13340,0,0,336,23257,66,5803,336,29060,California
Solano,2021-01-25,1641,36545,622,22186,1019,14359,0,0,1090,23797,551,6354,1091,30151,California
Solano,2021-01-26,1774,38319,737,22923,1037,15396,0,0,1142,24309,631,6985,1143,31294,California
Solano,2021-01-27,1776,40095,725,23648,1051,16447,0,0,1181,24908,582,7567,1181,32475,California
Solano,2021-01-28,1951,42046,703,24351,1248,17695,0,0,1360,25679,590,8157,1361,33836,California
Solano,2021-01-29,1699,43745,784,25135,915,18610,0,0,1345,26672,352,8509,1345,35181,California
Solano,2021-01-30,710,44455,220,25355,490,19100,0,0,549,27060,161,8670,549,35730,California
Solano,2021-01-31,486,44941,394,25749,92,19192,0,0,231,27037,255,8925,232,35962,California
Solano,2021-02-01,1507,46448,987,26736,520,19712,0,0,765,27063,739,9664,765,36727,California
Solano,2021-02-02,3353,49801,1112,27848,2241,21953,0,0,2531,28776,818,10482,2531,39258,California
Solano,2021-02-03,2261,52062,1305,29153,956,22909,0,0,1164,28847,1093,11575,1164,40422,California
Solano,2021-02-04,1795,53857,908,30061,887,23796,0,0,1076,29209,714,12289,1076,41498,California
Solano,2021-02-05,3079,56936,1410,31471,1669,25465,0,0,2079,30297,991,13280,2079,43577,California
Solano,2021-02-06,3044,59980,1169,32640,1875,27340,0,0,2229,31715,811,14091,2229,45806,California
Solano,2021-02-07,849,60829,785,33425,64,27404,0,0,232,31330,617,14708,232,46038,California
Solano,2021-02-08,1740,62569,1234,34659,506,27910,0,0,705,31002,1033,15741,705,46743,California
Solano,2021-02-09,1916,64485,1482,36141,434,28344,0,0,689,30465,1226,16967,689,47432,California
Solano,2021-02-10,2261,66746,1500,37641,761,29105,0,0,829,29862,1432,18399,829,48261,California
Solano,2021-02-11,2495,69241,1486,39127,1009,30114,0,0,1198,29775,1286,19685,1199,49460,California
Solano,2021-02-12,4165,73406,1604,40731,2561,32675,0,0,2843,31303,1315,21000,2843,52303,California
Solano,2021-02-13,2821,76227,245,40976,2576,35251,0,0,2433,33351,385,21385,2433,54736,California
Solano,2021-02-14,691,76918,201,41177,490,35741,0,0,410,33483,279,21664,411,55147,California
Solano,2021-02-15,1299,78217,324,41501,975,36716,0,0,674,33533,624,22288,674,55821,California
Solano,2021-02-16,2564,80781,1396,42897,1168,37884,0,0,1679,34328,884,23172,1679,57500,California
Solano,2021-02-17,2927,83708,1433,44330,1494,39378,0,0,1943,35291,981,24153,1944,59444,California
Solano,2021-02-18,2754,86462,845,45175,1909,41287,0,0,822,34189,1925,26078,823,60267,California
Solano,2021-02-19,2359,88821,1408,46583,951,42238,0,0,1146,34128,1209,27287,1148,61415,California
Solano,2021-02-20,2549,91370,382,46965,2167,44405,0,0,2077,35732,473,27760,2077,63492,California
Solano,2021-02-21,2150,93520,1860,48825,290,44695,0,0,1857,37300,289,28049,1857,65349,California
Solano,2021-02-22,1711,95231,1042,49867,669,45364,0,0,906,37404,803,28852,907,66256,California
Solano,2021-02-23,2826,98057,1087,50954,1739,47103,0,0,1925,38431,898,29750,1925,68181,California
Solano,2021-02-24,2464,100521,1234,52188,1230,48333,0,0,1384,38737,1078,30828,1384,69565,California
Solano,2021-02-25,2376,102897,1431,53619,945,49278,0,0,1297,38961,1073,31901,1297,70862,California
Solano,2021-02-26,2984,105881,1838,55457,1146,50424,0,0,1672,39326,1307,33208,1672,72534,California
Solano,2021-02-27,3647,109528,1373,56830,2273,52697,1,1,2955,41598,684,33892,2956,75490,California
Solano,2021-02-28,1357,110885,1039,57869,318,53015,0,1,1079,42403,275,34167,1080,76570,California
Solano,2021-03-01,2423,113308,1052,58921,1370,54385,1,2,1821,43627,598,34765,1822,78392,California
Solano,2021-03-02,2156,115464,1364,60285,792,55177,0,2,1269,44009,887,35652,1269,79661,California
Solano,2021-03-03,2204,117668,1252,61537,952,56129,0,2,1371,44556,825,36477,1372,81033,California
Solano,2021-03-04,4339,122007,3402,64939,935,57064,2,4,3129,46487,1203,37680,3134,84167,California
Solano,2021-03-05,4892,126899,1665,66604,3222,60286,5,9,3941,49492,941,38621,3946,88113,California
Solano,2021-03-06,3834,130733,826,67430,2969,63255,39,48,2644,50994,1181,39802,2683,90796,California
Solano,2021-03-07,3536,134269,736,68166,2790,66045,10,58,1952,51383,1574,41376,1963,92759,California
Solano,2021-03-08,2108,136377,1315,69481,523,66568,270,328,1595,52737,509,41885,1863,94622,California
Solano,2021-03-09,3128,139505,1508,70989,1568,68136,52,380,2239,54136,889,42774,2288,96910,California
Solano,2021-03-10,2367,141872,1717,72706,564,68700,86,466,1251,54359,1112,43886,1335,98245,California
Solano,2021-03-11,5978,147850,1725,74431,3999,72699,254,720,4935,58506,1042,44928,5189,103434,California
Solano,2021-03-12,5961,153811,1560,75991,4226,76925,175,895,3175,59074,2782,47710,3350,106784,California
Solano,2021-03-13,4572,158383,804,76795,3684,80609,84,979,2242,59079,2323,50033,2328,109112,California
Solano,2021-03-14,3988,162371,3112,79907,423,81032,453,1432,1652,58850,2331,52364,2102,111214,California
Solano,2021-03-15,4000,166371,2443,82350,1240,82272,317,1749,2511,60197,1481,53845,2828,114042,California
Solano,2021-03-16,3055,169426,1324,83674,1495,83767,236,1985,1559,60500,1491,55336,1794,115836,California
Solano,2021-03-17,6274,175700,1663,85337,4520,88287,91,2076,4850,64020,1421,56757,4941,120777,California
Solano,2021-03-18,5156,180856,1817,87154,3303,91590,36,2112,3805,66517,1343,58100,3840,124617,California
Solano,2021-03-19,3390,184246,2475,89629,842,92432,73,2185,1837,66882,1546,59646,1911,126528,California
Solano,2021-03-20,5501,189747,1667,91296,3780,96212,54,2239,2827,67098,2665,62311,2881,129409,California
Solano,2021-03-21,1665,191412,1563,92859,78,96290,24,2263,852,67161,811,63122,874,130283,California
Solano,2021-03-22,2643,194055,2018,94877,575,96865,50,2313,1668,67906,969,64091,1714,131997,California
Solano,2021-03-23,3442,197497,1611,96488,1788,98653,43,2356,1438,67386,2000,66091,1480,133477,California
Solano,2021-03-24,2806,200303,1757,98245,1015,99668,34,2390,1367,67354,1433,67524,1401,134878,California
Solano,2021-03-25,4819,205122,3949,102194,835,100503,35,2425,2268,67111,2547,70071,2304,137182,California
Solano,2021-03-26,3208,208330,2082,104276,1090,101593,36,2461,1742,67431,1458,71529,1778,138960,California
Solano,2021-03-27,4183,212513,1147,105423,3000,104593,36,2497,1799,66888,2378,73907,1835,140795,California
Solano,2021-03-28,1411,213924,1103,106526,290,104883,18,2515,564,66628,843,74750,583,141378,California
Solano,2021-03-29,3466,217390,2030,108556,1419,106302,17,2532,1599,66386,1858,76608,1616,142994,California
Solano,2021-03-30,2998,220388,2010,110566,898,107200,90,2622,1911,67302,1085,77693,2001,144995,California
Solano,2021-03-31,3108,223496,2113,112679,836,108036,159,2781,1841,68034,1264,78957,1996,146991,California
Solano,2021-04-01,5494,228990,2077,114756,3272,111308,145,2926,3484,69664,1999,80956,3629,150620,California
Solano,2021-04-02,6469,235459,2209,116965,4094,115402,166,3092,2483,68341,3971,84927,2648,153268,California
Solano,2021-04-03,1519,236978,956,117921,409,115811,154,3246,554,68086,963,85890,708,153976,California
Solano,2021-04-04,777,237755,286,118207,190,116001,301,3547,239,68092,534,86424,540,154516,California
Solano,2021-04-05,2954,240709,2012,120219,736,116737,206,3753,1505,68355,1447,87871,1710,156226,California
Solano,2021-04-06,5731,246440,1620,121839,3620,120357,491,4244,1559,66238,4166,92037,2049,158275,California
Solano,2021-04-07,5781,252221,4459,126298,929,121286,393,4637,3274,67410,2494,94531,3666,161941,California
Solano,2021-04-08,6385,258606,1768,128066,3762,125048,855,5492,1791,65482,4568,99099,2640,164581,California
Solano,2021-04-09,6205,264811,1639,129705,3728,128776,838,6330,1499,63131,4687,103786,2336,166917,California
Solano,2021-04-10,1708,266519,946,130651,449,129225,313,6643,791,63319,916,104702,1104,168021,California
Solano,2021-04-11,1202,267721,741,131392,334,129559,127,6770,617,63481,582,105284,744,168765,California
Solano,2021-04-12,3244,270965,1668,133060,1217,130776,359,7129,1342,63282,1897,107181,1698,170463,California
Solano,2021-04-13,2519,273484,1087,134147,1431,132207,1,7130,1315,63398,1200,108381,1316,171779,California
Solano,2021-04-14,6377,279861,1927,136074,4450,136657,0,7130,1871,60775,4494,112875,1871,173650,California
Solano,2021-04-15,5610,285471,2118,138192,3492,140149,0,7130,1707,58591,3891,116766,1707,175357,California
Solano,2021-04-16,3642,289113,2552,140744,1088,141237,2,7132,2273,59504,1362,118128,2275,177632,California
Solano,2021-04-17,3234,292347,1057,141801,2177,143414,0,7132,1127,58533,2099,120227,1128,178760,California
Solano,2021-04-18,994,293341,599,142400,395,143809,0,7132,529,58598,464,120691,529,179289,California
Solano,2021-04-19,2051,295392,1154,143554,897,144706,0,7132,1140,58834,906,121597,1142,180431,California
Solano,2021-04-20,2982,298374,1816,145370,1166,145872,0,7132,1667,59190,1311,122908,1667,182098,California
Solano,2021-04-21,3513,301887,2295,147665,1218,147090,0,7132,1759,59201,1748,124656,1759,183857,California
Solano,2021-04-22,2880,304767,1435,149100,1445,148535,0,7132,1765,59854,1112,125768,1765,185622,California
Solano,2021-04-23,4094,308861,2046,151146,2048,150583,0,7132,2452,60674,1633,127401,2453,188075,California
Solano,2021-04-24,3306,312167,2228,153374,1076,151659,2,7134,2353,62133,896,128297,2355,190430,California
Solano,2021-04-25,1430,313597,1116,154490,314,151973,0,7134,1130,62970,293,128590,1130,191560,California
Solano,2021-04-26,2372,315969,1550,156040,818,152791,4,7138,1260,63134,1100,129690,1264,192824,California
Solano,2021-04-27,2273,318242,1202,157242,1047,153838,24,7162,1259,63410,1008,130698,1284,194108,California
Solano,2021-04-28,4308,322550,3361,160603,904,154742,43,7205,2794,64743,1504,132202,2837,196945,California
Solano,2021-04-29,3404,325954,1030,161633,2343,157085,31,7236,1371,64123,2022,134224,1402,198347,California
Solano,2021-04-30,3423,329377,1853,163486,1450,158535,120,7356,1681,64192,1734,135958,1803,200150,California
Solano,2021-05-01,1525,330902,1259,164745,189,158724,77,7433,859,64467,662,136620,937,201087,California
Solano,2021-05-02,886,331788,806,165551,77,158801,3,7436,444,64476,438,137058,447,201534,California
Solano,2021-05-03,1140,332928,817,166368,288,159089,35,7471,484,64341,654,137712,519,202053,California
Solano,2021-05-04,1268,334196,831,167199,416,159505,21,7492,527,64148,741,138453,548,202601,California
Sonoma,2020-12-15,4,4,4,4,0,0,0,0,4,4,0,0,4,4,California
Sonoma,2020-12-16,27,31,27,31,0,0,0,0,27,31,0,0,27,31,California
Sonoma,2020-12-17,103,134,103,134,0,0,0,0,103,134,0,0,103,134,California
Sonoma,2020-12-18,421,555,421,555,0,0,0,0,421,555,0,0,421,555,California
Sonoma,2020-12-19,111,666,110,665,1,1,0,0,111,666,0,0,111,666,California
Sonoma,2020-12-20,174,840,174,839,0,1,0,0,174,840,0,0,174,840,California
Sonoma,2020-12-21,910,1750,908,1747,2,3,0,0,909,1749,0,0,909,1749,California
Sonoma,2020-12-22,1354,3104,1262,3009,92,95,0,0,1354,3103,0,0,1354,3103,California
Sonoma,2020-12-23,1605,4709,1229,4238,376,471,0,0,1606,4709,0,0,1606,4709,California
Sonoma,2020-12-24,305,5014,101,4339,204,675,0,0,305,5014,0,0,305,5014,California
Sonoma,2020-12-25,8,5022,2,4341,6,681,0,0,8,5022,0,0,8,5022,California
Sonoma,2020-12-26,267,5289,256,4597,11,692,0,0,267,5289,0,0,267,5289,California
Sonoma,2020-12-27,93,5382,80,4677,13,705,0,0,93,5382,0,0,93,5382,California
Sonoma,2020-12-28,986,6368,552,5229,434,1139,0,0,957,6339,0,0,957,6339,California
Sonoma,2020-12-29,1129,7497,776,6005,353,1492,0,0,1095,7434,0,0,1095,7434,California
Sonoma,2020-12-30,1093,8590,479,6484,614,2106,0,0,1085,8519,0,0,1085,8519,California
Sonoma,2020-12-31,517,9107,71,6555,446,2552,0,0,518,9037,0,0,518,9037,California
Sonoma,2021-01-01,11,9118,6,6561,5,2557,0,0,11,9048,0,0,11,9048,California
Sonoma,2021-01-02,132,9250,126,6687,6,2563,0,0,132,9180,0,0,132,9180,California
Sonoma,2021-01-03,25,9275,11,6698,14,2577,0,0,25,9205,0,0,25,9205,California
Sonoma,2021-01-04,341,9616,105,6803,236,2813,0,0,340,9545,0,0,340,9545,California
Sonoma,2021-01-05,438,10054,102,6905,336,3149,0,0,414,9944,15,15,414,9959,California
Sonoma,2021-01-06,947,11001,433,7338,514,3663,0,0,835,10674,105,120,835,10794,California
Sonoma,2021-01-07,1030,12031,535,7873,495,4158,0,0,860,11365,169,289,860,11654,California
Sonoma,2021-01-08,1789,13820,1232,9105,557,4715,0,0,1318,12214,469,758,1318,12972,California
Sonoma,2021-01-09,640,14460,403,9508,237,4952,0,0,592,12758,48,806,592,13564,California
Sonoma,2021-01-10,472,14932,461,9969,11,4963,0,0,279,12844,193,999,279,13843,California
Sonoma,2021-01-11,1382,16314,1236,11205,146,5109,0,0,414,12294,964,1963,414,14257,California
Sonoma,2021-01-12,1546,17860,1293,12498,253,5362,0,0,395,11540,1149,3112,395,14652,California
Sonoma,2021-01-13,2073,19933,1427,13925,646,6008,0,0,1212,11894,858,3970,1212,15864,California
Sonoma,2021-01-14,1530,21463,808,14733,722,6730,0,0,1300,12964,230,4200,1300,17164,California
Sonoma,2021-01-15,1564,23027,634,15367,930,7660,0,0,1344,14098,211,4411,1345,18509,California
Sonoma,2021-01-16,1143,24170,616,15983,527,8187,0,0,897,14753,242,4653,897,19406,California
Sonoma,2021-01-17,669,24839,548,16531,121,8308,0,0,588,15260,81,4734,588,19994,California
Sonoma,2021-01-18,1105,25944,931,17462,174,8482,0,0,615,15386,490,5224,616,20610,California
Sonoma,2021-01-19,2095,28039,1005,18467,1090,9572,0,0,1386,16066,707,5931,1387,21997,California
Sonoma,2021-01-20,2075,30114,626,19093,1449,11021,0,0,1414,16829,652,6583,1415,23412,California
Sonoma,2021-01-21,2262,32376,646,19739,1616,12637,0,0,2043,18656,217,6800,2044,25456,California
Sonoma,2021-01-22,2734,35110,1041,20780,1693,14330,0,0,2586,21095,147,6947,2586,28042,California
Sonoma,2021-01-23,768,35878,593,21373,175,14505,0,0,661,21650,106,7053,661,28703,California
Sonoma,2021-01-24,852,36730,716,22089,136,14641,0,0,836,22470,16,7069,836,29539,California
Sonoma,2021-01-25,2171,38901,520,22609,1651,16292,0,0,1684,23667,487,7556,1684,31223,California
Sonoma,2021-01-26,2014,40915,302,22911,1712,18004,0,0,1558,24770,455,8011,1558,32781,California
Sonoma,2021-01-27,3697,44612,1279,24190,2418,20422,0,0,3124,27326,571,8582,3127,35908,California
Sonoma,2021-01-28,4117,48729,1847,26037,2270,22692,0,0,3446,30105,668,9250,3447,39355,California
Sonoma,2021-01-29,2967,51696,1411,27448,1556,24248,0,0,2134,31409,831,10081,2135,41490,California
Sonoma,2021-01-30,2584,54280,2396,29844,188,24436,0,0,2244,33314,340,10421,2245,43735,California
Sonoma,2021-01-31,777,55057,665,30509,112,24548,0,0,579,33696,197,10618,579,44314,California
Sonoma,2021-02-01,2505,57562,884,31393,1621,26169,0,0,2100,35394,402,11020,2100,46414,California
Sonoma,2021-02-02,3519,61081,1371,32764,2148,28317,0,0,2949,37775,568,11588,2949,49363,California
Sonoma,2021-02-03,4035,65116,1323,34087,2712,31029,0,0,3105,39952,928,12516,3105,52468,California
Sonoma,2021-02-04,4198,69314,1709,35796,2489,33518,0,0,3417,42591,779,13295,3418,55886,California
Sonoma,2021-02-05,4813,74127,1740,37536,3073,36591,0,0,3797,45377,1012,14307,3798,59684,California
Sonoma,2021-02-06,2655,76782,2295,39831,360,36951,0,0,2097,46917,557,14864,2097,61781,California
Sonoma,2021-02-07,1535,78317,1400,41231,135,37086,0,0,1284,47950,251,15115,1284,63065,California
Sonoma,2021-02-08,3255,81572,1033,42264,2222,39308,0,0,2675,50046,579,15694,2675,65740,California
Sonoma,2021-02-09,3563,85135,1697,43961,1866,41174,0,0,3084,52654,477,16171,3085,68825,California
Sonoma,2021-02-10,4528,89663,2476,46437,2052,43226,0,0,3491,55115,1031,17202,3492,72317,California
Sonoma,2021-02-11,5561,95224,3010,49447,2551,45777,0,0,4378,58312,1181,18383,4378,76695,California
Sonoma,2021-02-12,5894,101118,3237,52684,2657,48434,0,0,4475,61375,1415,19798,4478,81173,California
Sonoma,2021-02-13,1983,103101,1152,53836,831,49265,0,0,1201,61797,779,20577,1201,82374,California
Sonoma,2021-02-14,2315,105416,1822,55658,493,49758,0,0,1569,62621,745,21322,1569,83943,California
Sonoma,2021-02-15,2138,107554,791,56449,1347,51105,0,0,1604,63692,533,21855,1604,85547,California
Sonoma,2021-02-16,4895,112449,2051,58500,2844,53949,0,0,3642,66085,1249,23104,3642,89189,California
Sonoma,2021-02-17,5586,118035,2891,61391,2695,56644,0,0,3565,67639,2013,25117,3567,92756,California
Sonoma,2021-02-18,6916,124951,3132,64523,3784,60428,0,0,4000,68731,2908,28025,4000,96756,California
Sonoma,2021-02-19,5513,130464,1666,66189,3847,64275,0,0,3416,70056,2092,30117,3417,100173,California
Sonoma,2021-02-20,3123,133587,2843,69032,280,64555,0,0,1218,69375,1899,32016,1218,101391,California
Sonoma,2021-02-21,517,134104,413,69445,104,64659,0,0,128,69117,386,32402,128,101519,California
Sonoma,2021-02-22,2872,136976,1353,70798,1519,66178,0,0,1196,68642,1671,34073,1196,102715,California
Sonoma,2021-02-23,3359,140335,2069,72867,1290,67468,0,0,1615,68517,1740,35813,1615,104330,California
Sonoma,2021-02-24,5630,145965,2540,75407,3090,70558,0,0,2910,68714,2715,38528,2912,107242,California
Sonoma,2021-02-25,5787,151752,2236,77643,3551,74109,0,0,3105,69158,2661,41189,3105,110347,California
Sonoma,2021-02-26,6252,158004,2752,80395,3500,77609,0,0,3966,70843,2281,43470,3966,114313,California
Sonoma,2021-02-27,4020,162024,1906,82301,2114,79723,0,0,2681,72187,1337,44807,2681,116994,California
Sonoma,2021-02-28,2333,164357,1849,84150,484,80207,0,0,611,71086,1712,46519,611,117605,California
Sonoma,2021-03-01,3738,168095,1131,85281,2607,82814,0,0,1878,71115,1850,48369,1879,119484,California
Sonoma,2021-03-02,4333,172428,1473,86754,2860,85674,0,0,2523,71836,1802,50171,2523,122007,California
Sonoma,2021-03-03,5023,177451,2627,89381,2396,88070,0,0,2309,71438,2707,52878,2309,124316,California
Sonoma,2021-03-04,5906,183357,2656,92037,3250,91320,0,0,2565,70676,3327,56205,2565,126881,California
Sonoma,2021-03-05,6424,189781,2814,94851,3595,94915,15,15,2703,69687,3708,59913,2719,129600,California
Sonoma,2021-03-06,2775,192556,1211,96062,1430,96345,134,149,1909,70869,860,60773,2042,131642,California
Sonoma,2021-03-07,1683,194239,1393,97455,255,96600,35,184,357,69937,1324,62097,392,132034,California
Sonoma,2021-03-08,4046,198285,653,98108,3218,99818,175,359,2376,70826,1660,63757,2549,134583,California
Sonoma,2021-03-09,5481,203766,3001,101109,2238,102056,242,601,2674,70942,2800,66557,2916,137499,California
Sonoma,2021-03-10,5944,209710,3167,104276,2450,104506,327,928,2395,70128,3535,70092,2721,140220,California
Sonoma,2021-03-11,7510,217220,2992,107268,3698,108204,820,1748,2555,68558,4946,75038,3376,143596,California
Sonoma,2021-03-12,7393,224613,2264,109532,3767,111971,1362,3110,2105,66751,5269,80307,3462,147058,California
Sonoma,2021-03-13,3247,227860,1544,111076,1468,113439,235,3345,1852,67441,1394,81701,2084,149142,California
Sonoma,2021-03-14,1378,229238,382,111458,855,114294,141,3486,850,67906,525,82226,990,150132,California
Sonoma,2021-03-15,5220,234458,1498,112956,3337,117631,385,3871,2191,67459,3021,85247,2574,152706,California
Sonoma,2021-03-16,6269,240727,2235,115191,3802,121433,232,4103,2901,67229,3362,88609,3132,155838,California
Sonoma,2021-03-17,6737,247464,3521,118712,3036,124469,180,4283,3284,67250,3442,92051,3463,159301,California
Sonoma,2021-03-18,7111,254575,2933,121645,3565,128034,613,4896,3176,67108,3928,95979,3786,163087,California
Sonoma,2021-03-19,7478,262053,3232,124877,4015,132049,231,5127,3194,66272,4265,100244,3429,166516,California
Sonoma,2021-03-20,3626,265679,1744,126621,1052,133101,830,5957,1971,67421,1648,101892,2797,169313,California
Sonoma,2021-03-21,1381,267060,602,127223,746,133847,33,5990,1216,68507,163,102055,1249,170562,California
Sonoma,2021-03-22,4513,271573,3088,130311,1324,135171,101,6091,3422,70944,1086,103141,3523,174085,California
Sonoma,2021-03-23,5793,277366,3599,133910,2118,137289,76,6167,4421,74077,1364,104505,4497,178582,California
Sonoma,2021-03-24,6600,283966,4268,138178,2266,139555,66,6233,3990,75541,2593,107098,4057,182639,California
Sonoma,2021-03-25,6978,290944,4190,142368,2681,142236,107,6340,4228,77150,2728,109826,4337,186976,California
Sonoma,2021-03-26,7273,298217,3447,145815,3737,145973,89,6429,3807,77595,3451,113277,3896,190872,California
Sonoma,2021-03-27,3797,302014,1501,147316,1934,147907,362,6791,1121,76409,2669,115946,1483,192355,California
Sonoma,2021-03-28,1504,303518,946,148262,531,148438,27,6818,943,76821,558,116504,970,193325,California
Sonoma,2021-03-29,2855,306373,1092,149354,1730,150168,33,6851,1582,77167,1269,117773,1615,194940,California
Sonoma,2021-03-30,5687,312060,3129,152483,2496,152664,62,6913,2998,77543,2683,120456,3059,197999,California
Sonoma,2021-03-31,5495,317555,3336,155819,1945,154609,214,7127,3205,78683,2280,122736,3420,201419,California
Sonoma,2021-04-01,6683,324238,3969,159788,2378,156987,336,7463,3583,79512,3082,125818,3911,205330,California
Sonoma,2021-04-02,5909,330147,3537,163325,2263,159250,109,7572,3559,80837,2344,128162,3669,208999,California
Sonoma,2021-04-03,3366,333513,1645,164970,1500,160750,221,7793,1462,80627,1892,130054,1682,210681,California
Sonoma,2021-04-04,1057,334570,687,165657,280,161030,90,7883,666,80996,387,130441,756,211437,California
Sonoma,2021-04-05,4355,338925,588,166245,3430,164460,337,8220,1639,80263,2709,133150,1976,213413,California
Sonoma,2021-04-06,6843,345768,3467,169712,2976,167436,400,8620,3972,81775,2858,136008,4370,217783,California
Sonoma,2021-04-07,6750,352518,3811,173523,2104,169540,835,9455,3273,82411,3468,139476,4104,221887,California
Sonoma,2021-04-08,7491,360009,4092,177615,2629,172169,770,10225,4082,83861,3398,142874,4848,226735,California
Sonoma,2021-04-09,6750,366759,3756,181371,2109,174278,885,11110,3465,84935,3272,146146,4346,231081,California
Sonoma,2021-04-10,3821,370580,1680,183051,1588,175866,553,11663,1093,83857,2719,148865,1641,232722,California
Sonoma,2021-04-11,1278,371858,604,183655,593,176459,81,11744,434,83529,843,149708,515,233237,California
Sonoma,2021-04-12,4933,376791,2054,185709,2397,178856,482,12226,1847,82773,3078,152786,2322,235559,California
Sonoma,2021-04-13,7783,384574,4612,190321,3169,182025,2,12228,2959,80918,4816,157602,2961,238520,California
Sonoma,2021-04-14,6466,391040,3673,193994,2773,184798,20,12248,2512,79510,3939,161541,2531,241051,California
Sonoma,2021-04-15,7104,398144,4036,198030,3068,187866,0,12248,3505,79427,3588,165129,3505,244556,California
Sonoma,2021-04-16,6787,404931,3414,201444,3372,191238,1,12249,3849,80344,2933,168062,3850,248406,California
Sonoma,2021-04-17,3091,408022,1495,202939,1596,192834,0,12249,1494,80251,1588,169650,1495,249901,California
Sonoma,2021-04-18,1200,409222,808,203747,392,193226,0,12249,369,79791,829,170479,369,250270,California
Sonoma,2021-04-19,3291,412513,1873,205620,1417,194643,1,12250,1449,79403,1838,172317,1450,251720,California
Sonoma,2021-04-20,6256,418769,3450,209070,2806,197449,0,12250,2370,77900,3874,176191,2371,254091,California
Sonoma,2021-04-21,6336,425105,4181,213251,2153,199602,2,12252,2916,77413,3404,179595,2917,257008,California
Sonoma,2021-04-22,6096,431201,4428,217679,1668,201270,0,12252,2469,76268,3614,183209,2469,259477,California
Sonoma,2021-04-23,7246,438447,4597,222276,2643,203913,6,12258,3609,76256,3628,186837,3616,263093,California
Sonoma,2021-04-24,2692,441139,1482,223758,1196,205109,14,12272,1525,76630,1165,188002,1539,264632,California
Sonoma,2021-04-25,1076,442215,784,224542,292,205401,0,12272,428,76412,646,188648,428,265060,California
Sonoma,2021-04-26,2559,444774,1243,225785,1291,206692,25,12297,1439,76762,1114,189762,1464,266524,California
Sonoma,2021-04-27,5070,449844,3599,229384,1375,208067,96,12393,2103,76008,2953,192715,2199,268723,California
Sonoma,2021-04-28,4394,454238,2866,232250,1360,209427,168,12561,1851,75493,2529,195244,2014,270737,California
Sonoma,2021-04-29,4267,458505,3010,235260,1116,210543,141,12702,1562,74499,2698,197942,1704,272441,California
Sonoma,2021-04-30,4924,463429,3280,238540,1409,211952,235,12937,1679,73175,3239,201181,1915,274356,California
Sonoma,2021-05-01,2078,465507,1552,240092,488,212440,38,12975,1154,73445,921,202102,1191,275547,California
Sonoma,2021-05-02,491,465998,423,240515,59,212499,9,12984,420,73804,71,202173,430,275977,California
Sonoma,2021-05-03,2647,468645,1311,241826,1278,213777,58,13042,934,73087,1708,203881,991,276968,California
Sonoma,2021-05-04,3470,472115,1790,243616,1604,215381,76,13118,942,71588,2516,206397,1017,277985,California
Stanislaus,2020-12-15,3,3,3,3,0,0,0,0,3,3,0,0,3,3,California
Stanislaus,2020-12-16,37,40,37,40,0,0,0,0,37,40,0,0,37,40,California
Stanislaus,2020-12-17,74,114,74,114,0,0,0,0,74,114,0,0,74,114,California
Stanislaus,2020-12-18,337,451,331,445,6,6,0,0,337,451,0,0,337,451,California
Stanislaus,2020-12-19,133,584,133,578,0,6,0,0,133,584,0,0,133,584,California
Stanislaus,2020-12-20,85,669,85,663,0,6,0,0,85,669,0,0,85,669,California
Stanislaus,2020-12-21,998,1667,997,1660,1,7,0,0,997,1666,0,0,997,1666,California
Stanislaus,2020-12-22,795,2462,783,2443,12,19,0,0,795,2461,0,0,795,2461,California
Stanislaus,2020-12-23,447,2909,430,2873,17,36,0,0,446,2907,0,0,446,2907,California
Stanislaus,2020-12-24,97,3006,88,2961,9,45,0,0,97,3004,0,0,97,3004,California
Stanislaus,2020-12-26,51,3057,8,2969,43,88,0,0,51,3055,0,0,51,3055,California
Stanislaus,2020-12-27,11,3068,6,2975,5,93,0,0,11,3066,0,0,11,3066,California
Stanislaus,2020-12-28,489,3557,394,3369,95,188,0,0,489,3555,0,0,489,3555,California
Stanislaus,2020-12-29,494,4051,416,3785,78,266,0,0,494,4049,0,0,494,4049,California
Stanislaus,2020-12-30,534,4585,279,4064,255,521,0,0,533,4581,1,1,533,4582,California
Stanislaus,2020-12-31,275,4860,156,4220,119,640,0,0,275,4856,0,1,275,4857,California
Stanislaus,2021-01-01,12,4872,4,4224,8,648,0,0,12,4868,0,1,12,4869,California
Stanislaus,2021-01-02,31,4903,24,4248,7,655,0,0,31,4899,0,1,31,4900,California
Stanislaus,2021-01-03,90,4993,87,4335,3,658,0,0,90,4989,0,1,90,4990,California
Stanislaus,2021-01-04,229,5222,150,4485,79,737,0,0,229,5218,0,1,229,5219,California
Stanislaus,2021-01-05,832,6054,342,4827,490,1227,0,0,810,6012,21,22,815,6034,California
Stanislaus,2021-01-06,1002,7056,599,5426,403,1630,0,0,931,6876,68,90,932,6966,California
Stanislaus,2021-01-07,1076,8132,700,6126,376,2006,0,0,888,7584,181,271,889,7855,California
Stanislaus,2021-01-08,1279,9411,723,6849,556,2562,0,0,938,8188,338,609,942,8797,California
Stanislaus,2021-01-09,285,9696,141,6990,144,2706,0,0,195,8293,90,699,195,8992,California
Stanislaus,2021-01-10,48,9744,21,7011,27,2733,0,0,29,8303,19,718,29,9021,California
Stanislaus,2021-01-11,1521,11265,1245,8256,276,3009,0,0,596,7996,919,1637,612,9633,California
Stanislaus,2021-01-12,1463,12728,861,9117,602,3611,0,0,827,8197,632,2269,833,10466,California
Stanislaus,2021-01-13,1432,14160,681,9798,751,4362,0,0,1111,8995,321,2590,1119,11585,California
Stanislaus,2021-01-14,2221,16381,280,10078,1941,6303,0,0,2063,10961,156,2746,2122,13707,California
Stanislaus,2021-01-15,2805,19186,1145,11223,1660,7963,0,0,2662,13555,139,2885,2733,16440,California
Stanislaus,2021-01-16,469,19655,50,11273,419,8382,0,0,454,13997,14,2899,456,16896,California
Stanislaus,2021-01-17,243,19898,201,11474,42,8424,0,0,237,14229,5,2904,237,17133,California
Stanislaus,2021-01-18,2181,22079,1022,12496,1159,9583,0,0,1807,15729,369,3273,1869,19002,California
Stanislaus,2021-01-19,1248,23327,720,13216,528,10111,0,0,805,16094,441,3714,806,19808,California
Stanislaus,2021-01-20,998,24325,483,13699,515,10626,0,0,708,16513,289,4003,708,20516,California
Stanislaus,2021-01-21,3637,27962,2942,16641,695,11321,0,0,3333,19632,302,4305,3421,23937,California
Stanislaus,2021-01-22,1060,29022,306,16947,754,12075,0,0,1016,20612,40,4345,1020,24957,California
Stanislaus,2021-01-23,338,29360,38,16985,300,12375,0,0,282,20843,55,4400,286,25243,California
Stanislaus,2021-01-24,292,29652,100,17085,192,12567,0,0,226,21005,66,4466,228,25471,California
Stanislaus,2021-01-25,3136,32788,226,17311,2910,15477,0,0,2827,23691,275,4741,2961,28432,California
Stanislaus,2021-01-26,1719,34507,743,18054,976,16453,0,0,1298,24587,417,5158,1313,29745,California
Stanislaus,2021-01-27,1862,36369,1024,19078,838,17291,0,0,1159,25087,660,5818,1160,30905,California
Stanislaus,2021-01-28,2195,38564,1500,20578,695,17986,0,0,1713,26378,474,6292,1765,32670,California
Stanislaus,2021-01-29,2428,40992,1189,21767,1239,19225,0,0,1911,27860,472,6764,1954,34624,California
Stanislaus,2021-01-30,290,41282,129,21896,161,19386,0,0,227,28035,52,6816,227,34851,California
Stanislaus,2021-01-31,365,41647,312,22208,53,19439,0,0,351,28375,11,6827,351,35202,California
Stanislaus,2021-02-01,1256,42903,551,22759,705,20144,0,0,914,28958,331,7158,914,36116,California
Stanislaus,2021-02-02,1231,44134,373,23132,858,21002,0,0,779,29297,444,7602,783,36899,California
Stanislaus,2021-02-03,2460,46594,1082,24214,1378,22380,0,0,1791,30429,665,8267,1797,38696,California
Stanislaus,2021-02-04,2089,48683,726,24940,1363,23743,0,0,1574,31503,505,8772,1579,40275,California
Stanislaus,2021-02-05,2831,51514,1457,26397,1374,25117,0,0,1591,31913,1187,9959,1597,41872,California
Stanislaus,2021-02-06,882,52396,299,26696,583,25700,0,0,692,32418,188,10147,693,42565,California
Stanislaus,2021-02-07,212,52608,188,26884,24,25724,0,0,42,32292,169,10316,43,42608,California
Stanislaus,2021-02-08,2014,54622,1317,28201,697,26421,0,0,1098,32514,883,11199,1105,43713,California
Stanislaus,2021-02-09,1823,56445,775,28976,1048,27469,0,0,1042,32797,763,11962,1046,44759,California
Stanislaus,2021-02-10,1927,58372,530,29506,1397,28866,0,0,1011,32913,897,12859,1013,45772,California
Stanislaus,2021-02-11,5358,63730,3254,32760,2104,30970,0,0,1226,30187,3956,16815,1230,47002,California
Stanislaus,2021-02-12,3279,67009,909,33669,2370,33340,0,0,1451,29875,1764,18579,1452,48454,California
Stanislaus,2021-02-13,1347,68356,648,34317,699,34039,0,0,980,30496,363,18942,984,49438,California
Stanislaus,2021-02-14,421,68777,169,34486,252,34291,0,0,352,30781,67,19009,352,49790,California
Stanislaus,2021-02-15,1803,70580,228,34714,1575,35866,0,0,579,30242,1123,20132,584,50374,California
Stanislaus,2021-02-16,1358,71938,421,35135,937,36803,0,0,580,30054,770,20902,582,50956,California
Stanislaus,2021-02-17,2723,74661,1661,36796,1062,37865,0,0,1932,31205,788,21690,1939,52895,California
Stanislaus,2021-02-18,3334,77995,1886,38682,1448,39313,0,0,1788,31535,1470,23160,1800,54695,California
Stanislaus,2021-02-19,2704,80699,1043,39725,1661,40974,0,0,1520,31914,1150,24310,1529,56224,California
Stanislaus,2021-02-20,743,81442,376,40101,367,41341,0,0,482,32152,246,24556,484,56708,California
Stanislaus,2021-02-21,902,82344,687,40788,215,41556,0,0,551,32384,330,24886,562,57270,California
Stanislaus,2021-02-22,2334,84678,1687,42475,647,42203,0,0,1634,33345,675,25561,1636,58906,California
Stanislaus,2021-02-23,3686,88364,679,43154,3007,45210,0,0,1734,33271,1814,27375,1740,60646,California
Stanislaus,2021-02-24,4138,92502,2830,45984,1308,46518,0,0,3127,35407,995,28370,3131,63777,California
Stanislaus,2021-02-25,3868,96370,2638,48622,1230,47748,0,0,3070,37699,781,29151,3073,66850,California
Stanislaus,2021-02-26,4159,100529,1200,49822,2959,50707,0,0,2816,39224,1300,30451,2825,69675,California
Stanislaus,2021-02-27,2067,102596,697,50519,1369,52076,1,1,1841,40867,199,30650,1842,71517,California
Stanislaus,2021-02-28,800,103396,258,50777,542,52618,0,1,755,41585,38,30688,756,72273,California
Stanislaus,2021-03-01,2744,106140,1614,52391,1130,53748,0,1,1624,42114,1100,31788,1629,73902,California
Stanislaus,2021-03-02,2370,108510,1407,53798,962,54710,1,2,1652,43056,711,32499,1653,75555,California
Stanislaus,2021-03-03,3695,112205,2219,56017,1474,56184,2,4,2894,45165,785,33284,2894,78449,California
Stanislaus,2021-03-04,5416,117621,3100,59117,2300,58484,16,20,4199,48183,1193,34477,4211,82660,California
Stanislaus,2021-03-05,4005,121626,1107,60224,2882,61366,16,36,3045,50300,943,35420,3060,85720,California
Stanislaus,2021-03-06,3569,125195,2223,62447,1253,62619,93,129,2718,52266,847,36267,2813,88533,California
Stanislaus,2021-03-07,842,126037,383,62830,423,63042,36,165,654,52774,182,36449,690,89223,California
Stanislaus,2021-03-08,1978,128015,852,63682,1037,64079,89,254,1320,53536,646,37095,1408,90631,California
Stanislaus,2021-03-09,2160,130175,890,64572,1178,65257,92,346,1625,54730,527,37622,1721,92352,California
Stanislaus,2021-03-10,5040,135215,2488,67060,2331,67588,221,567,3727,57392,1297,38919,3959,96311,California
Stanislaus,2021-03-11,5699,140914,3127,70187,2097,69685,475,1042,4128,60582,1415,40334,4605,100916,California
Stanislaus,2021-03-12,5748,146662,1223,71410,2606,72291,1919,2961,2920,62603,2814,43148,4835,105751,California
Stanislaus,2021-03-13,3372,150034,2176,73586,1128,73419,68,3029,2684,64679,681,43829,2757,108508,California
Stanislaus,2021-03-14,989,151023,593,74179,345,73764,51,3080,487,64720,500,44329,541,109049,California
Stanislaus,2021-03-15,3676,154699,1966,76145,1352,75116,358,3438,1602,64707,1979,46308,1966,111015,California
Stanislaus,2021-03-16,4896,159595,2442,78587,2044,77160,410,3848,3533,67305,1344,47652,3942,114957,California
Stanislaus,2021-03-17,4702,164297,2847,81434,1679,78839,176,4024,2884,68572,1799,49451,3066,118023,California
Stanislaus,2021-03-18,5400,169697,3408,84842,1926,80765,66,4090,2973,69335,2281,51732,3044,121067,California
Stanislaus,2021-03-19,5909,175606,1526,86368,2858,83623,1525,5615,3102,71179,2782,54514,4626,125693,California
Stanislaus,2021-03-20,3829,179435,2996,89364,765,84388,68,5683,3359,74143,463,54977,3427,129120,California
Stanislaus,2021-03-21,981,180416,881,90245,35,84423,65,5748,747,74723,232,55209,812,129932,California
Stanislaus,2021-03-22,2800,183216,1313,91558,763,85186,724,6472,1243,75147,1542,56751,1966,131898,California
Stanislaus,2021-03-23,3931,187147,2010,93568,1661,86847,260,6732,2812,77133,1102,57853,3088,134986,California
Stanislaus,2021-03-24,4518,191665,3204,96772,1246,88093,68,6800,2631,77990,1845,59698,2702,137688,California
Stanislaus,2021-03-25,4223,195888,2903,99675,1304,89397,16,6816,1812,77483,2336,62034,1829,139517,California
Stanislaus,2021-03-26,4701,200589,1331,101006,3295,92692,75,6891,2372,77647,2296,64330,2460,141977,California
Stanislaus,2021-03-27,4300,204889,2697,103703,1574,94266,29,6920,1390,76185,2894,67224,1432,143409,California
Stanislaus,2021-03-28,1094,205983,434,104137,555,94821,105,7025,345,75907,741,67965,463,143872,California
Stanislaus,2021-03-29,2954,208937,1812,105949,1103,95924,39,7064,1970,76946,977,68942,2016,145888,California
Stanislaus,2021-03-30,3640,212577,2037,107986,1576,97500,27,7091,2221,77792,1411,70353,2257,148145,California
Stanislaus,2021-03-31,5365,217942,3804,111790,1444,98944,117,7208,2747,78069,2602,72955,2879,151024,California
Stanislaus,2021-04-01,5689,223631,3811,115601,1789,100733,89,7297,2614,77735,3062,76017,2728,153752,California
Stanislaus,2021-04-02,4924,228555,1203,116804,3570,104303,151,7448,2192,77447,2649,78666,2361,156113,California
Stanislaus,2021-04-03,4515,233070,3284,120088,1194,105497,37,7485,2222,77444,2285,80951,2282,158395,California
Stanislaus,2021-04-04,1309,234379,470,120558,810,106307,29,7514,649,77478,655,81606,689,159084,California
Stanislaus,2021-04-05,3603,237982,2516,123074,837,107144,250,7764,2338,78815,1257,82863,2594,161678,California
Stanislaus,2021-04-06,5678,243660,4150,127224,1255,108399,273,8037,3029,79488,2635,85498,3308,164986,California
Stanislaus,2021-04-07,6312,249972,3582,130806,2311,110710,419,8456,2808,79229,3491,88989,3232,168218,California
Stanislaus,2021-04-08,5630,255602,3288,134094,1911,112621,431,8887,2727,79506,2886,91875,3163,171381,California
Stanislaus,2021-04-09,4769,260371,2070,136164,2333,114954,366,9253,2154,79443,2596,94471,2533,173914,California
Stanislaus,2021-04-10,6439,266810,3948,140112,858,115812,1633,10886,1970,78592,4448,98919,3597,177511,California
Stanislaus,2021-04-11,1511,268321,847,140959,531,116343,133,11019,659,78536,849,99768,793,178304,California
Stanislaus,2021-04-12,3560,271881,2018,142977,1098,117441,444,11463,1853,79142,1698,101466,2304,180608,California
Stanislaus,2021-04-13,5158,277039,3387,146364,1758,119199,13,11476,2896,79813,2230,103696,2901,183509,California
Stanislaus,2021-04-14,4604,281643,3223,149587,1381,120580,0,11476,2229,79703,2345,106041,2235,185744,California
Stanislaus,2021-04-15,5364,287007,3304,152891,2058,122638,2,11478,3234,80847,2094,108135,3238,188982,California
Stanislaus,2021-04-16,4252,291259,969,153860,3283,125921,0,11478,1796,80228,2417,110552,1798,190780,California
Stanislaus,2021-04-17,3103,294362,2070,155930,1033,126954,0,11478,1805,80751,1286,111838,1809,192589,California
Stanislaus,2021-04-18,519,294881,206,156136,313,127267,0,11478,399,81038,114,111952,401,192990,California
Stanislaus,2021-04-19,3444,298325,2445,158581,999,128266,0,11478,1648,80927,1767,113719,1656,194646,California
Stanislaus,2021-04-20,3957,302282,2401,160982,1556,129822,0,11478,1740,80478,2191,115910,1742,196388,California
Stanislaus,2021-04-21,3770,306052,2511,163493,1258,131080,1,11479,1614,79976,2123,118033,1621,198009,California
Stanislaus,2021-04-22,3930,309982,2390,165883,1540,132620,0,11479,1586,79265,2302,120335,1591,199600,California
Stanislaus,2021-04-23,3577,313559,839,166722,2738,135358,0,11479,1470,78727,2015,122350,1477,201077,California
Stanislaus,2021-04-24,3713,317272,2911,169633,802,136160,0,11479,1753,78542,1945,124295,1760,202837,California
Stanislaus,2021-04-25,932,318204,478,170111,454,136614,0,11479,685,78990,242,124537,690,203527,California
Stanislaus,2021-04-26,3159,321363,2222,172333,931,137545,6,11485,947,77753,2197,126734,960,204487,California
Stanislaus,2021-04-27,3785,325148,2653,174986,1090,138635,42,11527,1065,76158,2703,129437,1108,205595,California
Stanislaus,2021-04-28,4020,329168,2847,177833,1111,139746,62,11589,1782,75794,2223,131660,1859,207454,California
Stanislaus,2021-04-29,3418,332586,2097,179930,1275,141021,46,11635,1342,75136,2063,133723,1405,208859,California
Stanislaus,2021-04-30,4293,336879,2008,181938,2225,143246,60,11695,1722,74407,2560,136283,1831,210690,California
Stanislaus,2021-05-01,2275,339154,1670,183608,593,143839,12,11707,793,73755,1480,137763,828,211518,California
Stanislaus,2021-05-02,687,339841,349,183957,332,144171,6,11713,344,73770,337,138100,352,211870,California
Stanislaus,2021-05-03,1820,341661,1426,185383,365,144536,29,11742,695,73395,1118,139218,743,212613,California
Stanislaus,2021-05-04,2497,344158,1887,187270,573,145109,37,11779,636,72244,1854,141072,703,213316,California
Sutter,2020-12-15,1,1,1,1,0,0,0,0,1,1,0,0,1,1,California
Sutter,2020-12-16,4,5,4,5,0,0,0,0,4,5,0,0,4,5,California
Sutter,2020-12-17,2,7,2,7,0,0,0,0,2,7,0,0,2,7,California
Sutter,2020-12-18,20,27,20,27,0,0,0,0,20,27,0,0,20,27,California
Sutter,2020-12-19,44,71,44,71,0,0,0,0,44,71,0,0,44,71,California
Sutter,2020-12-20,42,113,42,113,0,0,0,0,42,113,0,0,42,113,California
Sutter,2020-12-21,100,213,100,213,0,0,0,0,100,213,0,0,100,213,California
Sutter,2020-12-22,172,385,172,385,0,0,0,0,172,385,0,0,172,385,California
Sutter,2020-12-23,116,501,111,496,5,5,0,0,116,501,0,0,116,501,California
Sutter,2020-12-24,17,518,11,507,6,11,0,0,17,518,0,0,17,518,California
Sutter,2020-12-26,39,557,35,542,4,15,0,0,39,557,0,0,39,557,California
Sutter,2020-12-27,24,581,23,565,1,16,0,0,24,581,0,0,24,581,California
Sutter,2020-12-28,83,664,55,620,28,44,0,0,83,664,0,0,83,664,California
Sutter,2020-12-29,101,765,14,634,87,131,0,0,101,765,0,0,101,765,California
Sutter,2020-12-30,136,901,34,668,102,233,0,0,136,901,0,0,136,901,California
Sutter,2020-12-31,70,971,6,674,64,297,0,0,70,971,0,0,70,971,California
Sutter,2021-01-01,3,974,3,677,0,297,0,0,3,974,0,0,3,974,California
Sutter,2021-01-02,133,1107,131,808,2,299,0,0,133,1107,0,0,133,1107,California
Sutter,2021-01-03,1,1108,0,808,1,300,0,0,1,1108,0,0,1,1108,California
Sutter,2021-01-04,247,1355,139,947,108,408,0,0,247,1355,0,0,247,1355,California
Sutter,2021-01-05,99,1454,56,1003,43,451,0,0,97,1450,2,2,97,1452,California
Sutter,2021-01-06,204,1658,50,1053,154,605,0,0,199,1644,5,7,199,1651,California
Sutter,2021-01-07,252,1910,151,1204,101,706,0,0,243,1879,8,15,243,1894,California
Sutter,2021-01-08,147,2057,40,1244,107,813,0,0,130,1992,17,32,130,2024,California
Sutter,2021-01-09,45,2102,43,1287,2,815,0,0,4,1955,41,73,4,2028,California
Sutter,2021-01-10,397,2499,37,1324,360,1175,0,0,359,2277,37,110,359,2387,California
Sutter,2021-01-11,132,2631,114,1438,18,1193,0,0,26,2197,106,216,26,2413,California
Sutter,2021-01-12,201,2832,164,1602,37,1230,0,0,58,2112,143,359,58,2471,California
Sutter,2021-01-13,161,2993,98,1700,63,1293,0,0,71,2094,89,448,71,2542,California
Sutter,2021-01-14,145,3138,49,1749,96,1389,0,0,126,2201,19,467,126,2668,California
Sutter,2021-01-15,436,3574,132,1881,304,1693,0,0,421,2607,15,482,421,3089,California
Sutter,2021-01-16,385,3959,42,1923,343,2036,0,0,353,2929,31,513,353,3442,California
Sutter,2021-01-17,26,3985,24,1947,2,2038,0,0,10,2923,16,529,10,3452,California
Sutter,2021-01-18,116,4101,61,2008,55,2093,0,0,69,2945,47,576,69,3521,California
Sutter,2021-01-19,104,4205,43,2051,61,2154,0,0,79,2999,25,601,79,3600,California
Sutter,2021-01-20,255,4460,190,2241,65,2219,0,0,235,3214,20,621,235,3835,California
Sutter,2021-01-21,471,4931,303,2544,168,2387,0,0,452,3647,19,640,452,4287,California
Sutter,2021-01-22,269,5200,81,2625,188,2575,0,0,260,3898,9,649,260,4547,California
Sutter,2021-01-23,398,5598,40,2665,358,2933,0,0,371,4242,27,676,371,4918,California
Sutter,2021-01-24,17,5615,14,2679,3,2936,0,0,15,4255,2,678,15,4933,California
Sutter,2021-01-25,307,5922,197,2876,110,3046,0,0,152,4253,154,832,152,5085,California
Sutter,2021-01-26,244,6166,103,2979,141,3187,0,0,145,4300,98,930,145,5230,California
Sutter,2021-01-27,385,6551,255,3234,130,3317,0,0,320,4555,65,995,320,5550,California
Sutter,2021-01-28,524,7075,301,3535,223,3540,0,0,395,4822,128,1123,395,5945,California
Sutter,2021-01-29,419,7494,146,3681,273,3813,0,0,254,4911,165,1288,254,6199,California
Sutter,2021-01-30,775,8269,38,3719,737,4550,0,0,764,5664,11,1299,764,6963,California
Sutter,2021-01-31,27,8296,27,3746,0,4550,0,0,27,5691,0,1299,27,6990,California
Sutter,2021-02-01,165,8461,49,3795,116,4666,0,0,134,5794,31,1330,134,7124,California
Sutter,2021-02-02,244,8705,27,3822,217,4883,0,0,212,5974,32,1362,212,7336,California
Sutter,2021-02-03,443,9148,38,3860,405,5288,0,0,209,5949,234,1596,209,7545,California
Sutter,2021-02-04,670,9818,366,4226,304,5592,0,0,620,6519,50,1646,620,8165,California
Sutter,2021-02-05,285,10103,32,4258,253,5845,0,0,136,6506,149,1795,136,8301,California
Sutter,2021-02-06,734,10837,29,4287,705,6550,0,0,713,7198,21,1816,713,9014,California
Sutter,2021-02-07,23,10860,20,4307,3,6553,0,0,19,7213,4,1820,19,9033,California
Sutter,2021-02-08,134,10994,29,4336,105,6658,0,0,98,7275,36,1856,98,9131,California
Sutter,2021-02-09,245,11239,45,4381,200,6858,0,0,184,7398,61,1917,184,9315,California
Sutter,2021-02-10,818,12057,379,4760,439,7297,0,0,177,6935,640,2557,177,9492,California
Sutter,2021-02-11,604,12661,275,5035,329,7626,0,0,346,7023,258,2815,346,9838,California
Sutter,2021-02-12,633,13294,67,5102,566,8192,0,0,310,7011,322,3137,310,10148,California
Sutter,2021-02-13,898,14192,49,5151,849,9041,0,0,781,7675,117,3254,781,10929,California
Sutter,2021-02-14,90,14282,25,5176,65,9106,0,0,80,7745,10,3264,80,11009,California
Sutter,2021-02-15,198,14480,73,5249,125,9231,0,0,119,7785,79,3343,119,11128,California
Sutter,2021-02-16,288,14768,45,5294,243,9474,0,0,205,7908,82,3425,205,11333,California
Sutter,2021-02-17,823,15591,428,5722,395,9869,0,0,129,7343,694,4119,129,11462,California
Sutter,2021-02-18,699,16290,55,5777,644,10513,0,0,489,7623,209,4328,489,11951,California
Sutter,2021-02-19,664,16954,377,6154,287,10800,0,0,462,7885,200,4528,462,12413,California
Sutter,2021-02-20,617,17571,51,6205,566,11366,0,0,514,8297,102,4630,514,12927,California
Sutter,2021-02-21,29,17600,26,6231,3,11369,0,0,6,8280,23,4653,6,12933,California
Sutter,2021-02-22,207,17807,122,6353,85,11454,0,0,87,8247,120,4773,87,13020,California
Sutter,2021-02-23,224,18031,33,6386,191,11645,0,0,98,8219,126,4899,98,13118,California
Sutter,2021-02-24,958,18989,348,6734,610,12255,0,0,189,7640,768,5667,189,13307,California
Sutter,2021-02-25,776,19765,490,7224,286,12541,0,0,595,8057,178,5845,595,13902,California
Sutter,2021-02-26,368,20133,59,7283,309,12850,0,0,152,7995,214,6059,152,14054,California
Sutter,2021-02-27,865,20998,44,7327,821,13671,0,0,710,8548,157,6216,710,14764,California
Sutter,2021-02-28,83,21081,38,7365,45,13716,0,0,64,8594,18,6234,64,14828,California
Sutter,2021-03-01,248,21329,62,7427,186,13902,0,0,151,8648,97,6331,151,14979,California
Sutter,2021-03-02,334,21663,57,7484,277,14179,0,0,160,8635,173,6504,160,15139,California
Sutter,2021-03-03,1384,23047,514,7998,870,15049,0,0,647,8551,731,7235,647,15786,California
Sutter,2021-03-04,1256,24303,868,8866,388,15437,0,0,950,9199,302,7537,950,16736,California
Sutter,2021-03-05,336,24639,76,8942,259,15696,1,1,203,9271,132,7669,204,16940,California
Sutter,2021-03-06,1025,25664,46,8988,974,16670,5,6,863,9977,162,7831,868,17808,California
Sutter,2021-03-07,64,25728,23,9011,40,16710,1,7,44,10002,20,7851,45,17853,California
Sutter,2021-03-08,224,25952,77,9088,135,16845,12,19,156,10102,68,7919,168,18021,California
Sutter,2021-03-09,385,26337,135,9223,237,17082,13,32,182,10095,202,8121,195,18216,California
Sutter,2021-03-10,1569,27906,682,9905,826,17908,61,93,526,9642,1040,9161,587,18803,California
Sutter,2021-03-11,891,28797,438,10343,434,18342,19,112,646,10065,242,9403,665,19468,California
Sutter,2021-03-12,671,29468,109,10452,380,18722,182,294,198,9973,470,9873,378,19846,California
Sutter,2021-03-13,982,30450,749,11201,216,18938,17,311,782,10574,198,10071,799,20645,California
Sutter,2021-03-14,128,30578,21,11222,96,19034,11,322,43,10543,85,10156,54,20699,California
Sutter,2021-03-15,318,30896,66,11288,203,19237,49,371,151,10577,166,10322,200,20899,California
Sutter,2021-03-16,386,31282,86,11374,254,19491,46,417,210,10656,176,10498,255,21154,California
Sutter,2021-03-17,1496,32778,564,11938,913,20404,19,436,311,9809,1177,11675,330,21484,California
Sutter,2021-03-18,953,33731,166,12104,587,20991,200,636,564,10184,388,12063,763,22247,California
Sutter,2021-03-19,463,34194,164,12268,270,21261,29,665,283,10318,178,12241,312,22559,California
Sutter,2021-03-20,953,35147,116,12384,826,22087,11,676,865,11106,88,12329,876,23435,California
Sutter,2021-03-21,67,35214,47,12431,17,22104,3,679,37,11116,30,12359,40,23475,California
Sutter,2021-03-22,287,35501,121,12552,140,22244,26,705,211,11278,75,12434,237,23712,California
Sutter,2021-03-23,376,35877,115,12667,229,22473,32,737,253,11440,123,12557,285,23997,California
Sutter,2021-03-24,1684,37561,773,13440,841,23314,70,807,317,10474,1353,13910,387,24384,California
Sutter,2021-03-25,1036,38597,677,14117,318,23632,41,848,366,10213,668,14578,407,24791,California
Sutter,2021-03-26,482,39079,171,14288,294,23926,17,865,292,10335,187,14765,309,25100,California
Sutter,2021-03-27,934,40013,63,14351,869,24795,2,867,826,11058,105,14870,828,25928,California
Sutter,2021-03-28,125,40138,71,14422,54,24849,0,867,78,11091,45,14915,78,26006,California
Sutter,2021-03-29,421,40559,142,14564,224,25073,55,922,221,11169,198,15113,276,26282,California
Sutter,2021-03-30,477,41036,158,14722,309,25382,10,932,319,11340,158,15271,329,26611,California
Sutter,2021-03-31,1245,42281,175,14897,1054,26436,16,948,444,11008,791,16062,459,27070,California
Sutter,2021-04-01,1373,43654,727,15624,458,26894,188,1136,416,10662,950,17012,604,27674,California
Sutter,2021-04-02,514,44168,98,15722,298,27192,118,1254,205,10674,308,17320,320,27994,California
Sutter,2021-04-03,909,45077,76,15798,209,27401,624,1878,119,10629,788,18108,743,28737,California
Sutter,2021-04-04,117,45194,22,15820,89,27490,6,1884,54,10626,63,18171,60,28797,California
Sutter,2021-04-05,366,45560,143,15963,187,27677,36,1920,175,10650,187,18358,211,29008,California
Sutter,2021-04-06,509,46069,195,16158,258,27935,56,1976,273,10744,235,18593,329,29337,California
Sutter,2021-04-07,1476,47545,869,17027,532,28467,75,2051,612,10573,858,19451,687,30024,California
Sutter,2021-04-08,1026,48571,577,17604,340,28807,109,2160,563,10785,458,19909,670,30694,California
Sutter,2021-04-09,555,49126,245,17849,247,29054,63,2223,233,10761,320,20229,296,30990,California
Sutter,2021-04-10,817,49943,105,17954,87,29141,625,2848,104,10773,711,20940,723,31713,California
Sutter,2021-04-11,108,50051,26,17980,40,29181,42,2890,30,10767,78,21018,72,31785,California
Sutter,2021-04-12,336,50387,90,18070,192,29373,54,2944,136,10757,200,21218,190,31975,California
Sutter,2021-04-13,426,50813,123,18193,303,29676,0,2944,210,10753,214,21432,210,32185,California
Sutter,2021-04-14,1293,52106,160,18353,1132,30808,1,2945,213,9894,1074,22506,215,32400,California
Sutter,2021-04-15,527,52633,171,18524,356,31164,0,2945,211,9791,314,22820,211,32611,California
Sutter,2021-04-16,386,53019,115,18639,271,31435,0,2945,175,9756,210,23030,175,32786,California
Sutter,2021-04-17,572,53591,82,18721,490,31925,0,2945,500,10187,69,23099,500,33286,California
Sutter,2021-04-18,67,53658,8,18729,59,31984,0,2945,42,10205,24,23123,42,33328,California
Sutter,2021-04-19,289,53947,110,18839,179,32163,0,2945,121,10160,166,23289,121,33449,California
Sutter,2021-04-20,390,54337,135,18974,255,32418,0,2945,202,10175,187,23476,202,33651,California
Sutter,2021-04-21,1241,55578,423,19397,818,33236,0,2945,478,9899,754,24230,478,34129,California
Sutter,2021-04-22,466,56044,158,19555,308,33544,0,2945,247,9928,218,24448,247,34376,California
Sutter,2021-04-23,393,56437,111,19666,282,33826,0,2945,186,9908,206,24654,186,34562,California
Sutter,2021-04-24,324,56761,105,19771,219,34045,0,2945,185,9955,138,24792,185,34747,California
Sutter,2021-04-25,158,56919,76,19847,82,34127,0,2945,86,9972,69,24861,86,34833,California
Sutter,2021-04-26,259,57178,60,19907,197,34324,2,2947,117,9951,140,25001,119,34952,California
Sutter,2021-04-27,488,57666,232,20139,252,34576,4,2951,226,9923,259,25260,231,35183,California
Sutter,2021-04-28,782,58448,321,20460,453,35029,8,2959,235,9625,541,25801,243,35426,California
Sutter,2021-04-29,643,59091,124,20584,519,35548,0,2959,253,9490,388,26189,253,35679,California
Sutter,2021-04-30,345,59436,110,20694,222,35770,13,2972,147,9454,196,26385,160,35839,California
Sutter,2021-05-01,178,59614,18,20712,119,35889,41,3013,65,9449,111,26496,106,35945,California
Sutter,2021-05-02,13,59627,6,20718,7,35896,0,3013,9,9454,4,26500,9,35954,California
Sutter,2021-05-03,52,59679,9,20727,38,35934,5,3018,25,9459,25,26525,30,35984,California
Sutter,2021-05-04,269,59948,115,20842,121,36055,33,3051,116,9459,149,26674,149,36133,California
Tehama,2020-12-15,1,1,1,1,0,0,0,0,1,1,0,0,1,1,California
Tehama,2020-12-16,2,3,2,3,0,0,0,0,2,3,0,0,2,3,California
Tehama,2020-12-17,12,15,12,15,0,0,0,0,12,15,0,0,12,15,California
Tehama,2020-12-18,2,17,2,17,0,0,0,0,3,18,0,0,3,18,California
Tehama,2020-12-21,33,50,33,50,0,0,0,0,33,51,0,0,33,51,California
Tehama,2020-12-22,68,118,62,112,6,6,0,0,68,119,0,0,68,119,California
Tehama,2020-12-23,48,166,40,152,8,14,0,0,48,167,0,0,48,167,California
Tehama,2020-12-24,5,171,3,155,2,16,0,0,5,172,0,0,5,172,California
Tehama,2020-12-26,3,174,2,157,1,17,0,0,3,175,0,0,3,175,California
Tehama,2020-12-27,2,176,2,159,0,17,0,0,2,177,0,0,2,177,California
Tehama,2020-12-28,56,232,43,202,13,30,0,0,56,233,0,0,56,233,California
Tehama,2020-12-29,31,263,31,233,0,30,0,0,31,264,0,0,31,264,California
Tehama,2020-12-30,54,317,38,271,16,46,0,0,53,317,0,0,53,317,California
Tehama,2020-12-31,14,331,4,275,10,56,0,0,14,331,0,0,14,331,California
Tehama,2021-01-01,2,333,0,275,2,58,0,0,2,333,0,0,2,333,California
Tehama,2021-01-04,32,365,9,284,23,81,0,0,32,365,0,0,32,365,California
Tehama,2021-01-05,70,435,43,327,27,108,0,0,67,429,3,3,67,432,California
Tehama,2021-01-06,71,506,21,348,50,158,0,0,62,483,8,11,62,494,California
Tehama,2021-01-07,57,563,7,355,50,208,0,0,56,538,1,12,56,550,California
Tehama,2021-01-08,32,595,24,379,8,216,0,0,27,560,5,17,27,577,California
Tehama,2021-01-09,7,602,5,384,2,218,0,0,5,563,2,19,5,582,California
Tehama,2021-01-10,1,603,0,384,1,219,0,0,1,564,0,19,1,583,California
Tehama,2021-01-11,48,651,46,430,2,221,0,0,15,546,33,52,15,598,California
Tehama,2021-01-12,116,767,96,526,20,241,0,0,71,572,45,97,71,669,California
Tehama,2021-01-13,73,840,55,581,18,259,0,0,27,553,46,143,27,696,California
Tehama,2021-01-14,225,1065,50,631,175,434,0,0,223,774,2,145,223,919,California
Tehama,2021-01-15,247,1312,74,705,173,607,0,0,243,1013,4,149,243,1162,California
Tehama,2021-01-16,272,1584,27,732,245,852,0,0,269,1279,3,152,269,1431,California
Tehama,2021-01-17,13,1597,9,741,4,856,0,0,11,1288,2,154,11,1442,California
Tehama,2021-01-18,10,1607,6,747,4,860,0,0,5,1288,5,159,5,1447,California
Tehama,2021-01-19,288,1895,62,809,226,1086,0,0,233,1466,55,214,233,1680,California
Tehama,2021-01-20,301,2196,87,896,214,1300,0,0,251,1668,49,263,251,1931,California
Tehama,2021-01-21,214,2410,11,907,203,1503,0,0,204,1862,10,273,204,2135,California
Tehama,2021-01-22,219,2629,17,924,202,1705,0,0,216,2075,3,276,216,2351,California
Tehama,2021-01-23,261,2890,10,934,251,1956,0,0,260,2334,1,277,260,2611,California
Tehama,2021-01-25,32,2922,14,948,18,1974,0,0,14,2330,18,295,14,2625,California
Tehama,2021-01-26,323,3245,42,990,281,2255,0,0,286,2579,37,332,286,2911,California
Tehama,2021-01-27,299,3544,21,1011,278,2533,0,0,279,2838,20,352,279,3190,California
Tehama,2021-01-28,340,3884,29,1040,311,2844,0,0,325,3148,15,367,325,3515,California
Tehama,2021-01-29,321,4205,19,1059,302,3146,0,0,304,3435,17,384,304,3819,California
Tehama,2021-01-30,103,4308,2,1061,101,3247,0,0,102,3536,1,385,102,3921,California
Tehama,2021-01-31,1,4309,0,1061,1,3248,0,0,1,3537,0,385,1,3922,California
Tehama,2021-02-01,78,4387,22,1083,56,3304,0,0,36,3531,42,427,36,3958,California
Tehama,2021-02-02,343,4730,63,1146,280,3584,0,0,246,3683,94,521,246,4204,California
Tehama,2021-02-03,381,5111,12,1158,369,3953,0,0,337,3976,44,565,337,4541,California
Tehama,2021-02-04,468,5579,98,1256,370,4323,0,0,389,4287,79,644,390,4931,California
Tehama,2021-02-05,170,5749,73,1329,97,4420,0,0,109,4336,61,705,110,5041,California
Tehama,2021-02-06,28,5777,13,1342,15,4435,0,0,16,4340,12,717,16,5057,California
Tehama,2021-02-07,5,5782,4,1346,1,4436,0,0,2,4339,3,720,2,5059,California
Tehama,2021-02-08,36,5818,14,1360,22,4458,0,0,27,4357,9,729,27,5086,California
Tehama,2021-02-09,78,5896,34,1394,44,4502,0,0,44,4367,34,763,44,5130,California
Tehama,2021-02-10,234,6130,62,1456,172,4674,0,0,158,4449,76,839,158,5288,California
Tehama,2021-02-11,222,6352,16,1472,206,4880,0,0,82,4393,138,977,82,5370,California
Tehama,2021-02-12,361,6713,62,1534,299,5179,0,0,175,4383,186,1163,176,5546,California
Tehama,2021-02-13,386,7099,13,1547,373,5552,0,0,147,4291,239,1402,147,5693,California
Tehama,2021-02-14,33,7132,0,1547,33,5585,0,0,32,4322,1,1403,32,5725,California
Tehama,2021-02-15,51,7183,9,1556,42,5627,0,0,45,4361,6,1409,45,5770,California
Tehama,2021-02-16,242,7425,16,1572,226,5853,0,0,60,4239,182,1591,60,5830,California
Tehama,2021-02-17,280,7705,12,1584,268,6121,0,0,54,4067,226,1817,54,5884,California
Tehama,2021-02-18,368,8073,32,1616,336,6457,0,0,144,3987,224,2041,144,6028,California
Tehama,2021-02-19,213,8286,18,1634,195,6652,0,0,42,3858,171,2212,42,6070,California
Tehama,2021-02-20,271,8557,6,1640,265,6917,0,0,26,3639,245,2457,26,6096,California
Tehama,2021-02-22,37,8594,13,1653,24,6941,0,0,24,3650,13,2470,24,6120,California
Tehama,2021-02-23,46,8640,19,1672,27,6968,0,0,26,3656,20,2490,26,6146,California
Tehama,2021-02-24,298,8938,12,1684,286,7254,0,0,26,3410,272,2762,26,6172,California
Tehama,2021-02-25,377,9315,61,1745,316,7570,0,0,38,3109,339,3101,38,6210,California
Tehama,2021-02-26,455,9770,19,1764,436,8006,0,0,70,2794,385,3486,70,6280,California
Tehama,2021-02-27,294,10064,5,1769,289,8295,0,0,34,2568,260,3746,34,6314,California
Tehama,2021-02-28,23,10087,2,1771,21,8316,0,0,20,2585,3,3749,20,6334,California
Tehama,2021-03-01,65,10152,8,1779,57,8373,0,0,31,2582,34,3783,31,6365,California
Tehama,2021-03-02,126,10278,18,1797,108,8481,0,0,30,2516,96,3879,30,6395,California
Tehama,2021-03-03,140,10418,33,1830,107,8588,0,0,47,2470,93,3972,47,6442,California
Tehama,2021-03-04,612,11030,35,1865,577,9165,0,0,222,2309,383,4355,222,6664,California
Tehama,2021-03-05,392,11422,18,1883,374,9539,0,0,215,2348,176,4531,215,6879,California
Tehama,2021-03-06,299,11721,17,1900,282,9821,0,0,81,2213,217,4748,82,6961,California
Tehama,2021-03-07,5,11726,1,1901,4,9825,0,0,3,2215,1,4749,3,6964,California
Tehama,2021-03-08,58,11784,12,1913,31,9856,15,15,27,2227,30,4779,42,7006,California
Tehama,2021-03-09,362,12146,5,1918,338,10194,19,34,307,2498,55,4834,326,7332,California
Tehama,2021-03-10,351,12497,12,1930,318,10512,21,55,69,2307,281,5115,90,7422,California
Tehama,2021-03-11,484,12981,14,1944,424,10936,46,101,341,2551,143,5258,387,7809,California
Tehama,2021-03-12,304,13285,19,1963,220,11156,65,166,179,2670,125,5383,244,8053,California
Tehama,2021-03-13,45,13330,8,1971,31,11187,6,172,6,2643,39,5422,12,8065,California
Tehama,2021-03-14,51,13381,3,1974,37,11224,11,183,10,2623,41,5463,21,8086,California
Tehama,2021-03-15,151,13532,21,1995,110,11334,20,203,84,2660,67,5530,104,8190,California
Tehama,2021-03-16,410,13942,14,2009,358,11692,38,241,310,2909,99,5629,348,8538,California
Tehama,2021-03-17,422,14364,22,2031,368,12060,32,273,337,3195,83,5712,369,8907,California
Tehama,2021-03-18,484,14848,25,2056,435,12495,24,297,305,3347,177,5889,329,9236,California
Tehama,2021-03-19,314,15162,23,2079,278,12773,13,310,272,3590,42,5931,285,9521,California
Tehama,2021-03-20,40,15202,8,2087,30,12803,2,312,28,3608,12,5943,30,9551,California
Tehama,2021-03-21,12,15214,5,2092,7,12810,0,312,12,3620,0,5943,12,9563,California
Tehama,2021-03-22,90,15304,7,2099,66,12876,17,329,49,3645,41,5984,66,9629,California
Tehama,2021-03-23,85,15389,24,2123,54,12930,7,336,66,3699,19,6003,73,9702,California
Tehama,2021-03-24,86,15475,16,2139,68,12998,2,338,55,3725,31,6034,57,9759,California
Tehama,2021-03-25,514,15989,351,2490,150,13148,13,351,467,4159,46,6080,480,10239,California
Tehama,2021-03-26,481,16470,374,2864,95,13243,12,363,406,4502,75,6155,418,10657,California
Tehama,2021-03-27,440,16910,348,3212,67,13310,25,388,373,4834,66,6221,398,11055,California
Tehama,2021-03-28,34,16944,13,3225,21,13331,0,388,22,4844,12,6233,22,11077,California
Tehama,2021-03-29,123,17067,32,3257,90,13421,1,389,78,4878,44,6277,78,11155,California
Tehama,2021-03-30,363,17430,212,3469,149,13570,2,391,249,5015,114,6391,251,11406,California
Tehama,2021-03-31,379,17809,278,3747,98,13668,3,394,307,5253,71,6462,309,11715,California
Tehama,2021-04-01,523,18332,243,3990,274,13942,6,400,389,5514,134,6596,395,12110,California
Tehama,2021-04-02,444,18776,204,4194,234,14176,6,406,260,5595,184,6780,265,12375,California
Tehama,2021-04-03,61,18837,3,4197,53,14229,5,411,30,5599,31,6811,35,12410,California
Tehama,2021-04-04,34,18871,6,4203,27,14256,1,412,22,5610,12,6823,23,12433,California
Tehama,2021-04-05,114,18985,20,4223,68,14324,26,438,59,5640,55,6878,85,12518,California
Tehama,2021-04-06,483,19468,105,4328,327,14651,51,489,135,5478,348,7226,186,12704,California
Tehama,2021-04-07,418,19886,279,4607,95,14746,44,533,304,5712,113,7339,347,13051,California
Tehama,2021-04-08,597,20483,172,4779,387,15133,38,571,227,5608,369,7708,265,13316,California
Tehama,2021-04-09,420,20903,186,4965,201,15334,33,604,208,5639,210,7918,241,13557,California
Tehama,2021-04-10,72,20975,9,4974,37,15371,26,630,39,5671,33,7951,65,13622,California
Tehama,2021-04-11,33,21008,7,4981,15,15386,11,641,8,5665,25,7976,19,13641,California
Tehama,2021-04-12,113,21121,6,4987,88,15474,19,660,44,5659,69,8045,63,13704,California
Tehama,2021-04-13,297,21418,57,5044,240,15714,0,660,63,5488,234,8279,63,13767,California
Tehama,2021-04-14,465,21883,49,5093,416,16130,0,660,51,5126,413,8692,51,13818,California
Tehama,2021-04-15,495,22378,192,5285,303,16433,0,660,85,4801,410,9102,85,13903,California
Tehama,2021-04-16,584,22962,332,5617,252,16685,0,660,94,4405,490,9592,94,13997,California
Tehama,2021-04-17,345,23307,266,5883,79,16764,0,660,51,4164,293,9885,52,14049,California
Tehama,2021-04-18,16,23323,2,5885,14,16778,0,660,12,4172,4,9889,12,14061,California
Tehama,2021-04-19,93,23416,7,5892,86,16864,0,660,41,4161,52,9941,41,14102,California
Tehama,2021-04-20,500,23916,412,6304,88,16952,0,660,149,3963,349,10290,151,14253,California
Tehama,2021-04-21,511,24427,437,6741,74,17026,0,660,184,3820,327,10617,184,14437,California
Tehama,2021-04-22,508,24935,358,7099,150,17176,0,660,151,3615,356,10973,151,14588,California
Tehama,2021-04-23,432,25367,335,7434,97,17273,0,660,203,3590,229,11202,204,14792,California
Tehama,2021-04-24,104,25471,18,7452,86,17359,0,660,30,3546,74,11276,30,14822,California
Tehama,2021-04-25,29,25500,18,7470,11,17370,0,660,11,3539,18,11294,11,14833,California
Tehama,2021-04-26,72,25572,7,7477,65,17435,0,660,43,3553,29,11323,43,14876,California
Tehama,2021-04-27,249,25821,204,7681,45,17480,0,660,94,3492,155,11478,94,14970,California
Tehama,2021-04-28,323,26144,244,7925,62,17542,17,677,60,3306,263,11741,77,15047,California
Tehama,2021-04-29,287,26431,129,8054,153,17695,5,682,54,3133,232,11973,59,15106,California
Tehama,2021-04-30,295,26726,220,8274,71,17766,4,686,103,3048,192,12165,107,15213,California
Tehama,2021-05-01,63,26789,3,8277,59,17825,1,687,11,3008,52,12217,12,15225,California
Tehama,2021-05-02,33,26822,20,8297,1,17826,12,699,18,3023,15,12232,30,15255,California
Tehama,2021-05-03,89,26911,24,8321,59,17885,6,705,54,3049,34,12266,60,15315,California
Tehama,2021-05-04,107,27018,46,8367,55,17940,6,711,35,3018,72,12338,41,15356,California
Trinity,2020-12-17,4,4,4,4,0,0,0,0,4,4,0,0,4,4,California
Trinity,2020-12-18,2,6,2,6,0,0,0,0,2,6,0,0,2,6,California
Trinity,2020-12-21,39,45,39,45,0,0,0,0,39,45,0,0,39,45,California
Trinity,2020-12-22,5,50,5,50,0,0,0,0,5,50,0,0,5,50,California
Trinity,2020-12-23,5,55,5,55,0,0,0,0,5,55,0,0,5,55,California
Trinity,2020-12-28,30,85,30,85,0,0,0,0,30,85,0,0,30,85,California
Trinity,2020-12-29,8,93,7,92,1,1,0,0,8,93,0,0,8,93,California
Trinity,2020-12-30,10,103,8,100,2,3,0,0,10,103,0,0,10,103,California
Trinity,2020-12-31,2,105,1,101,1,4,0,0,2,105,0,0,2,105,California
Trinity,2021-01-04,27,132,0,101,27,31,0,0,26,131,0,0,26,131,California
Trinity,2021-01-05,2,134,1,102,1,32,0,0,2,133,0,0,2,133,California
Trinity,2021-01-06,24,158,4,106,20,52,0,0,20,149,4,4,20,153,California
Trinity,2021-01-08,49,207,2,108,47,99,0,0,48,195,2,6,48,201,California
Trinity,2021-01-11,42,249,39,147,3,102,0,0,4,161,38,44,4,205,California
Trinity,2021-01-12,9,258,7,154,2,104,0,0,4,160,5,49,4,209,California
Trinity,2021-01-13,7,265,4,158,3,107,0,0,4,161,3,52,4,213,California
Trinity,2021-01-14,4,269,1,159,3,110,0,0,4,165,0,52,4,217,California
Trinity,2021-01-15,4,273,0,159,4,114,0,0,4,169,0,52,4,221,California
Trinity,2021-01-16,4,277,0,159,4,118,0,0,4,173,0,52,4,225,California
Trinity,2021-01-18,31,308,31,190,0,118,0,0,1,144,30,82,1,226,California
Trinity,2021-01-19,96,404,14,204,82,200,0,0,82,212,14,96,82,308,California
Trinity,2021-01-20,19,423,3,207,16,216,0,0,17,227,2,98,17,325,California
Trinity,2021-01-21,17,440,7,214,10,226,0,0,17,244,0,98,17,342,California
Trinity,2021-01-22,5,445,1,215,4,230,0,0,5,249,0,98,5,347,California
Trinity,2021-01-23,7,452,3,218,4,234,0,0,7,256,0,98,7,354,California
Trinity,2021-01-25,14,466,1,219,13,247,0,0,13,268,1,99,13,367,California
Trinity,2021-01-26,10,476,1,220,9,256,0,0,9,276,1,100,9,376,California
Trinity,2021-01-27,12,488,0,220,12,268,0,0,12,288,0,100,12,388,California
Trinity,2021-01-28,13,501,3,223,10,278,0,0,10,295,3,103,10,398,California
Trinity,2021-01-29,3,504,1,224,2,280,0,0,2,296,1,104,2,400,California
Trinity,2021-01-30,12,516,11,235,1,281,0,0,12,308,0,104,12,412,California
Trinity,2021-02-01,2,518,1,236,1,282,0,0,1,308,1,105,1,413,California
Trinity,2021-02-02,13,531,3,239,10,292,0,0,13,321,0,105,13,426,California
Trinity,2021-02-03,6,537,1,240,5,297,0,0,3,321,3,108,3,429,California
Trinity,2021-02-04,42,579,32,272,10,307,0,0,35,349,7,115,35,464,California
Trinity,2021-02-05,350,929,0,272,350,657,0,0,320,639,30,145,320,784,California
Trinity,2021-02-06,210,1139,5,277,205,862,0,0,203,835,7,152,203,987,California
Trinity,2021-02-07,1,1140,0,277,1,863,0,0,1,836,0,152,1,988,California
Trinity,2021-02-08,25,1165,0,277,25,888,0,0,15,841,10,162,15,1003,California
Trinity,2021-02-09,27,1192,2,279,25,913,0,0,11,836,16,178,11,1014,California
Trinity,2021-02-10,122,1314,10,289,112,1025,0,0,102,918,20,198,102,1116,California
Trinity,2021-02-11,339,1653,2,291,337,1362,0,0,332,1243,7,205,332,1448,California
Trinity,2021-02-12,14,1667,6,297,8,1370,0,0,10,1249,4,209,10,1458,California
Trinity,2021-02-13,12,1679,5,302,7,1377,0,0,5,1247,7,216,5,1463,California
Trinity,2021-02-14,2,1681,2,304,0,1377,0,0,2,1249,0,216,2,1465,California
Trinity,2021-02-15,47,1728,0,304,47,1424,0,0,47,1296,0,216,47,1512,California
Trinity,2021-02-16,6,1734,2,306,4,1428,0,0,3,1296,3,219,3,1515,California
Trinity,2021-02-17,94,1828,2,308,92,1520,0,0,84,1370,10,229,84,1599,California
Trinity,2021-02-18,4,1832,0,308,4,1524,0,0,1,1368,3,232,1,1600,California
Trinity,2021-02-19,304,2136,2,310,302,1826,0,0,290,1644,14,246,290,1890,California
Trinity,2021-02-20,141,2277,14,324,127,1953,0,0,113,1729,28,274,113,2003,California
Trinity,2021-02-22,8,2285,0,324,8,1961,0,0,5,1731,3,277,5,2008,California
Trinity,2021-02-23,11,2296,4,328,7,1968,0,0,6,1732,5,282,6,2014,California
Trinity,2021-02-24,30,2326,8,336,22,1990,0,0,7,1716,23,305,7,2021,California
Trinity,2021-02-25,36,2362,23,359,13,2003,0,0,5,1690,31,336,5,2026,California
Trinity,2021-02-26,11,2373,1,360,10,2013,0,0,5,1689,6,342,5,2031,California
Trinity,2021-02-27,9,2382,7,367,2,2015,0,0,4,1688,5,347,4,2035,California
Trinity,2021-03-01,8,2390,0,367,8,2023,0,0,5,1690,3,350,5,2040,California
Trinity,2021-03-02,9,2399,3,370,6,2029,0,0,2,1685,7,357,2,2042,California
Trinity,2021-03-03,5,2404,0,370,5,2034,0,0,4,1688,1,358,4,2046,California
Trinity,2021-03-04,20,2424,15,385,5,2039,0,0,13,1694,7,365,13,2059,California
Trinity,2021-03-05,388,2812,1,386,387,2426,0,0,121,1552,263,628,121,2180,California
Trinity,2021-03-06,202,3014,7,393,195,2621,0,0,27,1404,175,803,27,2207,California
Trinity,2021-03-07,4,3018,3,396,1,2622,0,0,3,1406,1,804,3,2210,California
Trinity,2021-03-08,3,3021,0,396,2,2624,1,1,1,1406,2,806,2,2212,California
Trinity,2021-03-09,94,3115,0,396,92,2716,2,3,89,1492,5,811,91,2303,California
Trinity,2021-03-10,126,3241,3,399,120,2836,3,6,38,1445,88,899,41,2344,California
Trinity,2021-03-11,13,3254,3,402,8,2844,2,8,4,1442,9,908,6,2350,California
Trinity,2021-03-12,385,3639,5,407,374,3218,6,14,90,1243,295,1203,96,2446,California
Trinity,2021-03-13,13,3652,8,415,3,3221,2,16,8,1248,5,1208,10,2456,California
Trinity,2021-03-14,2,3654,0,415,2,3223,0,16,2,1250,0,1208,2,2458,California
Trinity,2021-03-15,67,3721,0,415,66,3289,1,17,14,1212,53,1261,15,2473,California
Trinity,2021-03-16,115,3836,7,422,108,3397,0,17,101,1299,14,1275,101,2574,California
Trinity,2021-03-17,100,3936,3,425,97,3494,0,17,26,1251,74,1349,26,2600,California
Trinity,2021-03-18,10,3946,2,427,5,3499,3,20,5,1254,5,1354,8,2608,California
Trinity,2021-03-19,459,4405,4,431,345,3844,110,130,36,977,423,1777,146,2754,California
Trinity,2021-03-20,104,4509,7,438,97,3941,0,130,69,1011,35,1812,69,2823,California
Trinity,2021-03-21,4,4513,0,438,3,3944,1,131,3,1014,1,1813,4,2827,California
Trinity,2021-03-22,2,4515,0,438,2,3946,0,131,2,1016,0,1813,2,2829,California
Trinity,2021-03-23,95,4610,1,439,94,4040,0,131,78,1077,17,1830,78,2907,California
Trinity,2021-03-24,12,4622,1,440,11,4051,0,131,9,1083,3,1833,9,2916,California
Trinity,2021-03-25,109,4731,7,447,96,4147,6,137,83,1146,26,1859,89,3005,California
Trinity,2021-03-26,85,4816,8,455,77,4224,0,137,78,1217,7,1866,78,3083,California
Trinity,2021-03-27,18,4834,4,459,5,4229,9,146,7,1222,11,1877,16,3099,California
Trinity,2021-03-28,5,4839,3,462,2,4231,0,146,1,1219,4,1881,1,3100,California
Trinity,2021-03-29,5,4844,0,462,5,4236,0,146,2,1218,3,1884,2,3102,California
Trinity,2021-03-30,76,4920,4,466,72,4308,0,146,67,1276,9,1893,67,3169,California
Trinity,2021-03-31,56,4976,5,471,19,4327,32,178,21,1293,35,1928,52,3221,California
Trinity,2021-04-01,41,5017,11,482,19,4346,11,189,21,1305,20,1948,32,3253,California
Trinity,2021-04-02,240,5257,5,487,161,4507,74,263,70,1280,169,2117,144,3397,California
Trinity,2021-04-03,19,5276,14,501,5,4512,0,263,9,1279,10,2127,9,3406,California
Trinity,2021-04-04,10,5286,8,509,2,4514,0,263,8,1285,2,2129,8,3414,California
Trinity,2021-04-05,59,5345,6,515,52,4566,1,264,55,1337,4,2133,56,3470,California
Trinity,2021-04-06,110,5455,13,528,94,4660,3,267,22,1274,88,2221,25,3495,California
Trinity,2021-04-07,21,5476,12,540,4,4664,5,272,13,1284,8,2229,18,3513,California
Trinity,2021-04-08,87,5563,10,550,75,4739,2,274,50,1299,37,2266,52,3565,California
Trinity,2021-04-09,168,5731,20,570,143,4882,5,279,89,1314,79,2345,94,3659,California
Trinity,2021-04-10,11,5742,7,577,4,4886,0,279,10,1323,1,2346,10,3669,California
Trinity,2021-04-11,9,5751,5,582,2,4888,2,281,4,1324,5,2351,6,3675,California
Trinity,2021-04-12,77,5828,5,587,71,4959,1,282,64,1376,12,2363,64,3739,California
Trinity,2021-04-13,96,5924,4,591,92,5051,0,282,10,1300,86,2449,10,3749,California
Trinity,2021-04-14,10,5934,5,596,5,5056,0,282,6,1302,4,2453,6,3755,California
Trinity,2021-04-15,43,5977,10,606,33,5089,0,282,14,1287,29,2482,14,3769,California
Trinity,2021-04-16,143,6120,12,618,131,5220,0,282,71,1286,72,2554,71,3840,California
Trinity,2021-04-17,11,6131,5,623,6,5226,0,282,9,1293,2,2556,9,3849,California
Trinity,2021-04-18,1,6132,1,624,0,5226,0,282,0,1292,1,2557,0,3849,California
Trinity,2021-04-19,5,6137,2,626,3,5229,0,282,4,1295,1,2558,4,3853,California
Trinity,2021-04-20,92,6229,8,634,84,5313,0,282,20,1243,72,2630,20,3873,California
Trinity,2021-04-21,22,6251,9,643,13,5326,0,282,9,1239,13,2643,9,3882,California
Trinity,2021-04-22,91,6342,5,648,86,5412,0,282,14,1176,77,2720,14,3896,California
Trinity,2021-04-23,178,6520,6,654,172,5584,0,282,109,1216,69,2789,109,4005,California
Trinity,2021-04-24,21,6541,14,668,7,5591,0,282,5,1205,16,2805,5,4010,California
Trinity,2021-04-25,10,6551,9,677,1,5592,0,282,3,1202,6,2811,3,4013,California
Trinity,2021-04-26,45,6596,6,683,39,5631,0,282,40,1237,5,2816,40,4053,California
Trinity,2021-04-27,85,6681,7,690,78,5709,0,282,22,1196,63,2879,22,4075,California
Trinity,2021-04-28,27,6708,10,700,17,5726,0,282,8,1185,19,2898,8,4083,California
Trinity,2021-04-29,30,6738,13,713,16,5742,1,283,9,1174,21,2919,10,4093,California
Trinity,2021-04-30,27,6765,21,734,6,5748,0,283,9,1165,18,2937,9,4102,California
Trinity,2021-05-01,7,6772,2,736,0,5748,5,288,2,1167,5,2942,7,4109,California
Trinity,2021-05-02,1,6773,1,737,0,5748,0,288,1,1168,0,2942,1,4110,California
Trinity,2021-05-03,47,6820,3,740,44,5792,0,288,6,1133,41,2983,6,4116,California
Trinity,2021-05-04,4,6824,3,743,0,5792,1,289,2,1134,2,2985,3,4119,California
Tulare,2020-12-15,1,1,1,1,0,0,0,0,1,1,0,0,1,1,California
Tulare,2020-12-16,3,4,3,4,0,0,0,0,3,4,0,0,3,4,California
Tulare,2020-12-17,110,114,110,114,0,0,0,0,110,114,0,0,110,114,California
Tulare,2020-12-18,289,403,289,403,0,0,0,0,289,403,0,0,289,403,California
Tulare,2020-12-19,328,731,328,731,0,0,0,0,328,731,0,0,328,731,California
Tulare,2020-12-20,166,897,165,896,1,1,0,0,166,897,0,0,166,897,California
Tulare,2020-12-21,423,1320,423,1319,0,1,0,0,443,1340,0,0,443,1340,California
Tulare,2020-12-22,469,1789,467,1786,2,3,0,0,468,1808,0,0,468,1808,California
Tulare,2020-12-23,328,2117,320,2106,8,11,0,0,326,2134,0,0,326,2134,California
Tulare,2020-12-24,18,2135,16,2122,2,13,0,0,18,2152,0,0,18,2152,California
Tulare,2020-12-26,8,2143,7,2129,1,14,0,0,8,2160,0,0,8,2160,California
Tulare,2020-12-27,16,2159,12,2141,4,18,0,0,16,2176,0,0,16,2176,California
Tulare,2020-12-28,481,2640,469,2610,12,30,0,0,480,2656,0,0,480,2656,California
Tulare,2020-12-29,546,3186,478,3088,68,98,0,0,546,3202,0,0,546,3202,California
Tulare,2020-12-30,474,3660,435,3523,39,137,0,0,474,3676,0,0,474,3676,California
Tulare,2020-12-31,94,3754,22,3545,72,209,0,0,94,3770,0,0,94,3770,California
Tulare,2021-01-01,2,3756,1,3546,1,210,0,0,2,3772,0,0,2,3772,California
Tulare,2021-01-02,29,3785,17,3563,12,222,0,0,29,3801,0,0,29,3801,California
Tulare,2021-01-03,23,3808,9,3572,14,236,0,0,23,3824,0,0,23,3824,California
Tulare,2021-01-04,92,3900,16,3588,76,312,0,0,92,3916,0,0,92,3916,California
Tulare,2021-01-05,460,4360,278,3866,182,494,0,0,458,4372,2,2,458,4374,California
Tulare,2021-01-06,864,5224,635,4501,229,723,0,0,854,5216,10,12,854,5228,California
Tulare,2021-01-07,781,6005,583,5084,198,921,0,0,674,5783,107,119,674,5902,California
Tulare,2021-01-08,1267,7272,575,5659,692,1613,0,0,929,6375,337,456,929,6831,California
Tulare,2021-01-09,742,8014,204,5863,538,2151,0,0,554,6741,188,644,554,7385,California
Tulare,2021-01-10,50,8064,44,5907,6,2157,0,0,11,6713,39,683,11,7396,California
Tulare,2021-01-11,1270,9334,769,6676,501,2658,0,0,834,7111,436,1119,834,8230,California
Tulare,2021-01-12,1404,10738,488,7164,916,3574,0,0,997,7703,406,1525,998,9228,California
Tulare,2021-01-13,457,11195,228,7392,229,3803,0,0,382,8010,75,1600,382,9610,California
Tulare,2021-01-14,491,11686,140,7532,351,4154,0,0,465,8460,15,1615,465,10075,California
Tulare,2021-01-15,1620,13306,152,7684,1468,5622,0,0,1611,10062,9,1624,1611,11686,California
Tulare,2021-01-16,1899,15205,114,7798,1785,7407,0,0,1885,11933,14,1638,1885,13571,California
Tulare,2021-01-17,141,15346,122,7920,19,7426,0,0,131,12054,10,1648,131,13702,California
Tulare,2021-01-18,693,16039,660,8580,33,7459,0,0,295,11951,398,2046,295,13997,California
Tulare,2021-01-19,1006,17045,683,9263,323,7782,0,0,578,12101,428,2474,578,14575,California
Tulare,2021-01-20,2381,19426,567,9830,1814,9596,0,0,1992,13704,389,2863,1992,16567,California
Tulare,2021-01-21,1511,20937,150,9980,1361,10957,0,0,1485,15168,21,2884,1485,18052,California
Tulare,2021-01-22,1059,21996,190,10170,869,11826,0,0,1034,16178,24,2908,1034,19086,California
Tulare,2021-01-23,439,22435,156,10326,283,12109,0,0,418,16575,21,2929,418,19504,California
Tulare,2021-01-24,30,22465,27,10353,3,12112,0,0,28,16601,2,2931,28,19532,California
Tulare,2021-01-25,1325,23790,979,11332,346,12458,0,0,1296,17868,29,2960,1296,20828,California
Tulare,2021-01-26,1499,25289,1100,12432,399,12857,0,0,1174,18718,324,3284,1174,22002,California
Tulare,2021-01-27,1499,26788,1070,13502,429,13286,0,0,922,19064,576,3860,922,22924,California
Tulare,2021-01-28,1203,27991,769,14271,434,13720,0,0,808,19477,395,4255,808,23732,California
Tulare,2021-01-29,1129,29120,719,14990,410,14130,0,0,819,19986,310,4565,819,24551,California
Tulare,2021-01-30,1674,30794,1580,16570,94,14224,0,0,1650,21613,24,4589,1651,26202,California
Tulare,2021-01-31,51,30845,47,16617,4,14228,0,0,48,21658,3,4592,48,26250,California
Tulare,2021-02-01,1186,32031,917,17534,269,14497,0,0,831,22136,353,4945,831,27081,California
Tulare,2021-02-02,676,32707,328,17862,348,14845,0,0,445,22353,229,5174,446,27527,California
Tulare,2021-02-03,613,33320,287,18149,326,15171,0,0,336,22414,275,5449,336,27863,California
Tulare,2021-02-04,551,33871,164,18313,387,15558,0,0,265,22395,285,5734,266,28129,California
Tulare,2021-02-05,1233,35104,236,18549,997,16555,0,0,416,21996,815,6549,416,28545,California
Tulare,2021-02-06,836,35940,158,18707,678,17233,0,0,268,21698,566,7115,268,28813,California
Tulare,2021-02-07,81,36021,69,18776,12,17245,0,0,23,21663,58,7173,23,28836,California
Tulare,2021-02-08,942,36963,328,19104,614,17859,0,0,245,21214,694,7867,245,29081,California
Tulare,2021-02-09,1408,38371,327,19431,1081,18940,0,0,361,20533,1042,8909,361,29442,California
Tulare,2021-02-10,2467,40838,1984,21415,483,19423,0,0,2067,22203,397,9306,2067,31509,California
Tulare,2021-02-11,1323,42161,376,21791,947,20370,0,0,938,22756,385,9691,938,32447,California
Tulare,2021-02-12,2778,44939,575,22366,2203,22573,0,0,1209,22403,1562,11253,1209,33656,California
Tulare,2021-02-13,2480,47419,157,22523,2323,24896,0,0,667,21260,1810,13063,667,34323,California
Tulare,2021-02-14,333,47752,36,22559,297,25193,0,0,300,21527,33,13096,300,34623,California
Tulare,2021-02-15,918,48670,292,22851,626,25819,0,0,661,21932,256,13352,661,35284,California
Tulare,2021-02-16,2833,51503,1597,24448,1236,27055,0,0,1077,21254,1755,15107,1077,36361,California
Tulare,2021-02-17,2698,54201,509,24957,2189,29244,0,0,461,19483,2232,17339,461,36822,California
Tulare,2021-02-18,2301,56502,456,25413,1845,31089,0,0,634,18458,1659,18998,634,37456,California
Tulare,2021-02-19,2296,58798,856,26269,1440,32529,0,0,943,18050,1351,20349,943,38399,California
Tulare,2021-02-20,2989,61787,1891,28160,1098,33627,0,0,1267,17600,1717,22066,1267,39666,California
Tulare,2021-02-21,94,61881,90,28250,4,33631,0,0,59,17624,35,22101,59,39725,California
Tulare,2021-02-22,1107,62988,702,28952,405,34036,0,0,210,16939,895,22996,210,39935,California
Tulare,2021-02-23,1946,64934,939,29891,1007,35043,0,0,1458,17910,487,23483,1458,41393,California
Tulare,2021-02-24,2475,67409,1551,31442,924,35967,0,0,2097,19631,377,23860,2098,43491,California
Tulare,2021-02-25,3486,70895,1951,33393,1535,37502,0,0,3071,22291,411,24271,3071,46562,California
Tulare,2021-02-26,3838,74733,1880,35273,1958,39460,0,0,3375,25205,461,24732,3375,49937,California
Tulare,2021-02-27,2902,77635,1394,36667,1508,40968,0,0,2770,27854,121,24853,2770,52707,California
Tulare,2021-02-28,1304,78939,1033,37700,271,41239,0,0,1285,29122,17,24870,1285,53992,California
Tulare,2021-03-01,1739,80678,773,38473,966,42205,0,0,1554,30493,183,25053,1554,55546,California
Tulare,2021-03-02,2685,83363,1194,39667,1491,43696,0,0,2518,32847,165,25218,2519,58065,California
Tulare,2021-03-03,3918,87281,2597,42264,1321,45017,0,0,1967,32868,1948,27166,1969,60034,California
Tulare,2021-03-04,2882,90163,1301,43565,1581,46598,0,0,2563,35115,316,27482,2563,62597,California
Tulare,2021-03-05,3286,93449,1694,45259,1577,48175,15,15,2779,37408,503,27985,2796,65393,California
Tulare,2021-03-06,3057,96506,1432,46691,1566,49741,59,74,2809,40029,245,28230,2866,68259,California
Tulare,2021-03-07,1093,97599,683,47374,389,50130,21,95,1053,41063,40,28270,1074,69333,California
Tulare,2021-03-08,1688,99287,1000,48374,520,50650,168,263,1372,42290,312,28582,1539,70872,California
Tulare,2021-03-09,3181,102468,2182,50556,852,51502,147,410,2784,44822,397,28979,2929,73801,California
Tulare,2021-03-10,2787,105255,1383,51939,1229,52731,175,585,2406,47028,373,29352,2579,76380,California
Tulare,2021-03-11,4136,109391,1962,53901,1874,54605,300,885,3201,49594,935,30287,3501,79881,California
Tulare,2021-03-12,4335,113726,2378,56279,1609,56214,348,1233,3066,51749,1261,31548,3416,83297,California
Tulare,2021-03-13,4005,117731,1848,58127,2052,58266,105,1338,3068,53991,931,32479,3173,86470,California
Tulare,2021-03-14,1800,119531,973,59100,608,58874,219,1557,1272,54954,527,33006,1490,87960,California
Tulare,2021-03-15,2730,122261,1611,60711,1004,59878,115,1672,1957,56256,771,33777,2073,90033,California
Tulare,2021-03-16,3420,125681,2114,62825,1229,61107,77,1749,1872,56663,1545,35322,1952,91985,California
Tulare,2021-03-17,4011,129692,2607,65432,1327,62434,77,1826,2269,57280,1736,37058,2353,94338,California
Tulare,2021-03-18,4600,134292,3353,68785,1174,63608,73,1899,2442,57644,2153,39211,2517,96855,California
Tulare,2021-03-19,5057,139349,3314,72099,1548,65156,195,2094,2711,58224,2328,41539,2908,99763,California
Tulare,2021-03-20,4449,143798,2759,74858,1318,66474,372,2466,2111,58379,2331,43870,2486,102249,California
Tulare,2021-03-21,1918,145716,1630,76488,262,66736,26,2492,988,58465,927,44797,1013,103262,California
Tulare,2021-03-22,2497,148213,1709,78197,676,67412,112,2604,1666,59420,825,45622,1780,105042,California
Tulare,2021-03-23,3725,151938,2139,80336,1534,68946,52,2656,2083,59929,1632,47254,2141,107183,California
Tulare,2021-03-24,3163,155101,1956,82292,1165,70111,42,2698,1808,60431,1348,48602,1850,109033,California
Tulare,2021-03-25,3439,158540,1783,84075,1484,71595,172,2870,1694,60560,1739,50341,1868,110901,California
Tulare,2021-03-26,5207,163747,3108,87183,1990,73585,109,2979,2569,60618,2620,52961,2678,113579,California
Tulare,2021-03-27,3486,167233,1789,88972,1599,75184,98,3077,970,59175,2509,55470,1066,114645,California
Tulare,2021-03-28,1456,168689,1051,90023,374,75558,31,3108,676,59110,778,56248,713,115358,California
Tulare,2021-03-29,2893,171582,1673,91696,1109,76667,111,3219,1224,58783,1664,57912,1337,116695,California
Tulare,2021-03-30,4790,176372,2761,94457,1799,78466,230,3449,1558,57344,3224,61136,1785,118480,California
Tulare,2021-03-31,3755,180127,2199,96656,1444,79910,112,3561,1514,56739,2233,63369,1628,120108,California
Tulare,2021-04-01,4357,184484,2357,99013,1935,81845,65,3626,1527,55512,2820,66189,1593,121701,California
Tulare,2021-04-02,5218,189702,2980,101993,2121,83966,117,3743,1661,53751,3540,69729,1779,123480,California
Tulare,2021-04-03,3479,193181,2001,103994,1123,85089,355,4098,845,52353,2597,72326,1199,124679,California
Tulare,2021-04-04,1615,194796,1130,105124,478,85567,7,4105,389,51525,1224,73550,396,125075,California
Tulare,2021-04-05,3300,198096,2321,107445,716,86283,263,4368,858,50215,2432,75982,1122,126197,California
Tulare,2021-04-06,3385,201481,1465,108910,1429,87712,491,4859,926,49183,2453,78435,1421,127618,California
Tulare,2021-04-07,3753,205234,1816,110726,1517,89229,420,5279,1240,48328,2506,80941,1651,129269,California
Tulare,2021-04-08,4687,209921,2590,113316,1642,90871,455,5734,1518,47137,3161,84102,1970,131239,California
Tulare,2021-04-09,4755,214676,2941,116257,1395,92266,419,6153,1825,46459,2923,87025,2245,133484,California
Tulare,2021-04-10,3796,218472,2047,118304,1433,93699,316,6469,968,44920,2821,89846,1282,134766,California
Tulare,2021-04-11,1573,220045,1034,119338,467,94166,72,6541,589,44600,981,90827,661,135427,California
Tulare,2021-04-12,3359,223404,2105,121443,660,94826,594,7135,1082,44008,2269,93096,1677,137104,California
Tulare,2021-04-13,2392,225796,1579,123022,803,95629,10,7145,911,43458,1473,94569,923,138027,California
Tulare,2021-04-14,2819,228615,1674,124696,1145,96774,0,7145,915,42471,1902,96471,915,138942,California
Tulare,2021-04-15,3198,231813,2087,126783,1111,97885,0,7145,1426,42137,1762,98233,1428,140370,California
Tulare,2021-04-16,3626,235439,2212,128995,1414,99299,0,7145,1467,41453,2151,100384,1467,141837,California
Tulare,2021-04-17,2167,237606,1270,130265,897,100196,0,7145,1175,41640,989,101373,1176,143013,California
Tulare,2021-04-18,1513,239119,1185,131450,328,100524,0,7145,813,41754,699,102072,813,143826,California
Tulare,2021-04-19,2112,241231,1217,132667,893,101417,2,7147,898,41442,1212,103284,900,144726,California
Tulare,2021-04-20,2318,243549,1301,133968,1017,102434,0,7147,991,41120,1315,104599,993,145719,California
Tulare,2021-04-21,2169,245718,1316,135284,853,103287,0,7147,830,40646,1304,105903,830,146549,California
Tulare,2021-04-22,2093,247811,1169,136453,924,104211,0,7147,737,40046,1337,107240,737,147286,California
Tulare,2021-04-23,2515,250326,1548,138001,966,105177,1,7148,978,39497,1527,108767,978,148264,California
Tulare,2021-04-24,1636,251962,1056,139057,578,105755,2,7150,865,39599,765,109532,867,149131,California
Tulare,2021-04-25,696,252658,522,139579,174,105929,0,7150,267,39437,429,109961,267,149398,California
Tulare,2021-04-26,1434,254092,845,140424,570,106499,19,7169,603,39232,825,110786,620,150018,California
Tulare,2021-04-27,1556,255648,596,141020,923,107422,37,7206,658,39031,895,111681,694,150712,California
Tulare,2021-04-28,1480,257128,823,141843,623,108045,34,7240,600,38788,877,112558,634,151346,California
Tulare,2021-04-29,1651,258779,994,142837,622,108667,35,7275,651,38477,995,113553,684,152030,California
Tulare,2021-04-30,2247,261026,1619,144456,580,109247,48,7323,845,37972,1398,114951,893,152923,California
Tulare,2021-05-01,1103,262129,981,145437,115,109362,7,7330,555,37993,541,115492,562,153485,California
Tulare,2021-05-02,456,262585,416,145853,32,109394,8,7338,137,37821,317,115809,145,153630,California
Tulare,2021-05-03,1385,263970,907,146760,370,109764,108,7446,293,37134,1088,116897,401,154031,California
Tulare,2021-05-04,808,264778,356,147116,408,110172,44,7490,274,36921,530,117427,317,154348,California
Tuolumne,2020-12-16,47,47,47,47,0,0,0,0,47,47,0,0,47,47,California
Tuolumne,2020-12-17,17,64,17,64,0,0,0,0,17,64,0,0,17,64,California
Tuolumne,2020-12-18,101,165,100,164,1,1,0,0,101,165,0,0,101,165,California
Tuolumne,2020-12-19,5,170,5,169,0,1,0,0,5,170,0,0,5,170,California
Tuolumne,2020-12-20,1,171,1,170,0,1,0,0,1,171,0,0,1,171,California
Tuolumne,2020-12-21,116,287,102,272,14,15,0,0,116,287,0,0,116,287,California
Tuolumne,2020-12-22,172,459,172,444,0,15,0,0,172,459,0,0,172,459,California
Tuolumne,2020-12-23,186,645,184,628,2,17,0,0,186,645,0,0,186,645,California
Tuolumne,2020-12-26,3,648,3,631,0,17,0,0,3,648,0,0,3,648,California
Tuolumne,2020-12-28,77,725,75,706,2,19,0,0,77,725,0,0,77,725,California
Tuolumne,2020-12-29,102,827,39,745,63,82,0,0,102,827,0,0,102,827,California
Tuolumne,2020-12-30,78,905,22,767,56,138,0,0,78,905,0,0,78,905,California
Tuolumne,2020-12-31,27,932,20,787,7,145,0,0,27,932,0,0,27,932,California
Tuolumne,2021-01-01,7,939,6,793,1,146,0,0,7,939,0,0,7,939,California
Tuolumne,2021-01-02,118,1057,115,908,3,149,0,0,118,1057,0,0,118,1057,California
Tuolumne,2021-01-03,2,1059,2,910,0,149,0,0,2,1059,0,0,2,1059,California
Tuolumne,2021-01-04,69,1128,26,936,43,192,0,0,69,1128,0,0,69,1128,California
Tuolumne,2021-01-05,92,1220,26,962,66,258,0,0,89,1215,3,3,90,1218,California
Tuolumne,2021-01-06,132,1352,72,1034,60,318,0,0,68,1219,64,67,68,1286,California
Tuolumne,2021-01-07,119,1471,62,1096,57,375,0,0,64,1228,55,122,64,1350,California
Tuolumne,2021-01-08,103,1574,79,1175,24,399,0,0,26,1179,76,198,27,1377,California
Tuolumne,2021-01-09,1,1575,0,1175,1,400,0,0,1,1180,0,198,1,1378,California
Tuolumne,2021-01-10,3,1578,1,1176,2,402,0,0,3,1183,0,198,3,1381,California
Tuolumne,2021-01-11,114,1692,88,1264,26,428,0,0,33,1135,81,279,33,1414,California
Tuolumne,2021-01-12,102,1794,86,1350,16,444,0,0,17,1067,85,364,17,1431,California
Tuolumne,2021-01-13,231,2025,125,1475,106,550,0,0,182,1201,49,413,183,1614,California
Tuolumne,2021-01-14,147,2172,107,1582,40,590,0,0,42,1139,104,517,42,1656,California
Tuolumne,2021-01-15,474,2646,72,1654,402,992,0,0,412,1491,61,578,413,2069,California
Tuolumne,2021-01-16,7,2653,3,1657,4,996,0,0,6,1496,1,579,6,2075,California
Tuolumne,2021-01-17,8,2661,5,1662,3,999,0,0,7,1503,0,579,7,2082,California
Tuolumne,2021-01-18,46,2707,38,1700,8,1007,0,0,9,1476,36,615,9,2091,California
Tuolumne,2021-01-19,473,3180,72,1772,401,1408,0,0,427,1857,46,661,427,2518,California
Tuolumne,2021-01-20,76,3256,58,1830,18,1426,0,0,24,1830,51,712,24,2542,California
Tuolumne,2021-01-21,55,3311,22,1852,33,1459,0,0,40,1855,15,727,40,2582,California
Tuolumne,2021-01-22,168,3479,16,1868,152,1611,0,0,161,2009,7,734,161,2743,California
Tuolumne,2021-01-23,665,4144,147,2015,518,2129,0,0,552,2458,113,847,562,3305,California
Tuolumne,2021-01-24,523,4667,1,2016,522,2651,0,0,519,2975,3,850,520,3825,California
Tuolumne,2021-01-25,49,4716,28,2044,21,2672,0,0,22,2971,27,877,23,3848,California
Tuolumne,2021-01-26,80,4796,68,2112,12,2684,0,0,40,2972,40,917,41,3889,California
Tuolumne,2021-01-27,60,4856,4,2116,56,2740,0,0,7,2927,52,969,7,3896,California
Tuolumne,2021-01-28,27,4883,7,2123,20,2760,0,0,18,2936,9,978,18,3914,California
Tuolumne,2021-01-29,74,4957,6,2129,68,2828,0,0,35,2932,39,1017,35,3949,California
Tuolumne,2021-01-30,709,5666,552,2681,157,2985,0,0,686,3612,23,1040,703,4652,California
Tuolumne,2021-01-31,8,5674,2,2683,6,2991,0,0,5,3614,3,1043,5,4657,California
Tuolumne,2021-02-01,25,5699,6,2689,19,3010,0,0,22,3633,3,1046,22,4679,California
Tuolumne,2021-02-02,646,6345,37,2726,609,3619,0,0,635,4259,9,1055,635,5314,California
Tuolumne,2021-02-03,238,6583,109,2835,129,3748,0,0,86,4193,152,1207,86,5400,California
Tuolumne,2021-02-04,123,6706,12,2847,111,3859,0,0,60,4190,63,1270,60,5460,California
Tuolumne,2021-02-05,98,6804,12,2859,86,3945,0,0,35,4163,62,1332,35,5495,California
Tuolumne,2021-02-06,852,7656,580,3439,272,4217,0,0,848,5008,4,1336,849,6344,California
Tuolumne,2021-02-07,7,7663,4,3443,3,4220,0,0,3,5007,4,1340,3,6347,California
Tuolumne,2021-02-08,91,7754,40,3483,51,4271,0,0,67,5050,24,1364,67,6414,California
Tuolumne,2021-02-09,864,8618,53,3536,811,5082,0,0,825,5836,39,1403,825,7239,California
Tuolumne,2021-02-10,89,8707,15,3551,74,5156,0,0,28,5804,60,1463,28,7267,California
Tuolumne,2021-02-11,141,8848,66,3617,75,5231,0,0,75,5813,66,1529,75,7342,California
Tuolumne,2021-02-12,643,9491,19,3636,624,5855,0,0,204,5579,438,1967,204,7546,California
Tuolumne,2021-02-13,148,9639,42,3678,106,5961,0,0,117,5671,25,1992,117,7663,California
Tuolumne,2021-02-14,148,9787,12,3690,136,6097,0,0,147,5817,1,1993,147,7810,California
Tuolumne,2021-02-15,185,9972,10,3700,175,6272,0,0,176,5984,9,2002,176,7986,California
Tuolumne,2021-02-16,526,10498,17,3717,509,6781,0,0,123,5709,400,2402,125,8111,California
Tuolumne,2021-02-17,110,10608,63,3780,47,6828,0,0,63,5726,46,2448,63,8174,California
Tuolumne,2021-02-18,677,11285,26,3806,651,7479,0,0,627,6304,50,2498,628,8802,California
Tuolumne,2021-02-19,142,11427,23,3829,119,7598,0,0,43,6248,99,2597,43,8845,California
Tuolumne,2021-02-20,904,12331,342,4171,562,8160,0,0,386,6129,506,3103,387,9232,California
Tuolumne,2021-02-21,976,13307,36,4207,940,9100,0,0,471,6098,502,3605,471,9703,California
Tuolumne,2021-02-22,78,13385,57,4264,21,9121,0,0,47,6115,30,3635,47,9750,California
Tuolumne,2021-02-23,47,13432,23,4287,24,9145,0,0,25,6119,21,3656,25,9775,California
Tuolumne,2021-02-24,103,13535,58,4345,45,9190,0,0,43,6103,59,3715,43,9818,California
Tuolumne,2021-02-25,1054,14589,35,4380,1019,10209,0,0,1023,7095,31,3746,1023,10841,California
Tuolumne,2021-02-26,144,14733,10,4390,134,10343,0,0,121,7193,23,3769,121,10962,California
Tuolumne,2021-02-27,948,15681,576,4966,372,10715,0,0,245,6755,685,4454,247,11209,California
Tuolumne,2021-02-28,55,15736,4,4970,51,10766,0,0,52,6805,2,4456,52,11261,California
Tuolumne,2021-03-01,112,15848,21,4991,91,10857,0,0,77,6850,33,4489,78,11339,California
Tuolumne,2021-03-02,704,16552,72,5063,632,11489,0,0,105,6357,598,5087,105,11444,California
Tuolumne,2021-03-03,90,16642,22,5085,68,11557,0,0,65,6397,25,5112,65,11509,California
Tuolumne,2021-03-04,1170,17812,74,5159,1096,12653,0,0,1108,7443,62,5174,1108,12617,California
Tuolumne,2021-03-05,84,17896,10,5169,74,12727,0,0,47,7455,36,5210,48,12665,California
Tuolumne,2021-03-06,1050,18946,603,5772,445,13172,2,2,202,6814,846,6056,205,12870,California
Tuolumne,2021-03-07,41,18987,12,5784,14,13186,15,17,18,6824,23,6079,33,12903,California
Tuolumne,2021-03-08,195,19182,88,5872,100,13286,7,24,139,6914,56,6135,146,13049,California
Tuolumne,2021-03-09,856,20038,16,5888,829,14115,11,35,68,6209,785,6920,80,13129,California
Tuolumne,2021-03-10,77,20115,12,5900,54,14169,11,46,53,6249,24,6944,64,13193,California
Tuolumne,2021-03-11,1281,21396,36,5936,1239,15408,6,52,1256,7488,25,6969,1264,14457,California
Tuolumne,2021-03-12,298,21694,33,5969,250,15658,15,67,192,7593,105,7074,210,14667,California
Tuolumne,2021-03-13,112,21806,12,5981,100,15758,0,67,87,7657,24,7098,88,14755,California
Tuolumne,2021-03-14,142,21948,8,5989,125,15883,9,76,8,7545,134,7232,22,14777,California
Tuolumne,2021-03-15,293,22241,79,6068,212,16095,2,78,100,7462,192,7424,109,14886,California
Tuolumne,2021-03-16,805,23046,39,6107,755,16850,11,89,668,8004,137,7561,679,15565,California
Tuolumne,2021-03-17,150,23196,30,6137,107,16957,13,102,77,8022,71,7632,89,15654,California
Tuolumne,2021-03-18,948,24144,29,6166,906,17863,13,115,318,7725,629,8261,332,15986,California
Tuolumne,2021-03-19,130,24274,16,6182,83,17946,31,146,69,7765,59,8320,99,16085,California
Tuolumne,2021-03-20,89,24363,7,6189,72,18018,10,156,37,7760,51,8371,46,16131,California
Tuolumne,2021-03-21,833,25196,390,6579,434,18452,9,165,40,7019,790,9161,49,16180,California
Tuolumne,2021-03-22,163,25359,72,6651,72,18524,19,184,97,7069,66,9227,116,16296,California
Tuolumne,2021-03-23,709,26068,639,7290,56,18580,14,198,673,7719,36,9263,686,16982,California
Tuolumne,2021-03-24,109,26177,19,7309,72,18652,18,216,77,7783,31,9294,95,17077,California
Tuolumne,2021-03-25,1294,27471,23,7332,1268,19920,3,219,323,7140,969,10263,326,17403,California
Tuolumne,2021-03-26,268,27739,16,7348,229,20149,23,242,110,7125,148,10411,133,17536,California
Tuolumne,2021-03-27,577,28316,54,7402,523,20672,0,242,316,7184,258,10669,317,17853,California
Tuolumne,2021-03-28,49,28365,8,7410,41,20713,0,242,9,7155,39,10708,10,17863,California
Tuolumne,2021-03-29,200,28565,80,7490,120,20833,0,242,103,7164,94,10802,103,17966,California
Tuolumne,2021-03-30,159,28724,11,7501,147,20980,1,243,117,7241,41,10843,118,18084,California
Tuolumne,2021-03-31,91,28815,14,7515,75,21055,2,245,34,7223,56,10899,38,18122,California
Tuolumne,2021-04-01,1245,30060,30,7545,1215,22270,0,245,222,6425,1021,11920,223,18345,California
Tuolumne,2021-04-02,161,30221,10,7555,125,22395,26,271,89,6469,71,11991,115,18460,California
Tuolumne,2021-04-03,419,30640,35,7590,383,22778,1,272,235,6523,184,12175,238,18698,California
Tuolumne,2021-04-04,32,30672,2,7592,30,22808,0,272,20,6532,11,12186,20,18718,California
Tuolumne,2021-04-05,126,30798,19,7611,101,22909,6,278,55,6522,71,12257,61,18779,California
Tuolumne,2021-04-06,639,31437,511,8122,101,23010,27,305,506,6923,133,12390,534,19313,California
Tuolumne,2021-04-07,124,31561,36,8158,72,23082,16,321,46,6907,78,12468,62,19375,California
Tuolumne,2021-04-08,1432,32993,32,8190,1386,24468,14,335,239,5970,1190,13658,253,19628,California
Tuolumne,2021-04-09,267,33260,41,8231,182,24650,44,379,125,6002,140,13798,172,19800,California
Tuolumne,2021-04-10,56,33316,2,8233,34,24684,20,399,23,6013,32,13830,43,19843,California
Tuolumne,2021-04-11,17,33333,2,8235,12,24696,3,402,12,6023,5,13835,15,19858,California
Tuolumne,2021-04-12,161,33494,67,8302,89,24785,5,407,87,6047,68,13903,92,19950,California
Tuolumne,2021-04-13,784,34278,36,8338,748,25533,0,407,169,5608,608,14511,169,20119,California
Tuolumne,2021-04-14,137,34415,26,8364,111,25644,0,407,66,5607,68,14579,67,20186,California
Tuolumne,2021-04-15,332,34747,20,8384,312,25956,0,407,55,5390,272,14851,55,20241,California
Tuolumne,2021-04-16,237,34984,50,8434,187,26143,0,407,133,5425,98,14949,133,20374,California
Tuolumne,2021-04-17,43,35027,6,8440,37,26180,0,407,27,5436,16,14965,27,20401,California
Tuolumne,2021-04-18,7,35034,2,8442,5,26185,0,407,3,5435,4,14969,3,20404,California
Tuolumne,2021-04-19,166,35200,76,8518,90,26275,0,407,91,5454,72,15041,91,20495,California
Tuolumne,2021-04-20,712,35912,618,9136,94,26369,0,407,78,4904,628,15669,78,20573,California
Tuolumne,2021-04-21,116,36028,26,9162,90,26459,0,407,61,4915,50,15719,61,20634,California
Tuolumne,2021-04-22,694,36722,46,9208,648,27107,0,407,423,5077,261,15980,423,21057,California
Tuolumne,2021-04-23,159,36881,31,9239,128,27235,0,407,85,5090,72,16052,85,21142,California
Tuolumne,2021-04-24,78,36959,17,9256,61,27296,0,407,50,5112,28,16080,50,21192,California
Tuolumne,2021-04-25,26,36985,9,9265,17,27313,0,407,23,5132,3,16083,23,21215,California
Tuolumne,2021-04-26,149,37134,56,9321,93,27406,0,407,68,5121,80,16163,69,21284,California
Tuolumne,2021-04-27,124,37258,20,9341,97,27503,7,414,58,5122,64,16227,65,21349,California
Tuolumne,2021-04-28,99,37357,21,9362,67,27570,11,425,53,5141,45,16272,64,21413,California
Tuolumne,2021-04-29,253,37610,16,9378,228,27798,9,434,40,4977,213,16485,49,21462,California
Tuolumne,2021-04-30,337,37947,19,9397,306,28104,12,446,60,4774,275,16760,72,21534,California
Tuolumne,2021-05-01,8,37955,3,9400,2,28106,3,449,4,4777,4,16764,7,21541,California
Tuolumne,2021-05-02,9,37964,1,9401,8,28114,0,449,8,4784,1,16765,8,21549,California
Tuolumne,2021-05-03,47,38011,8,9409,38,28152,1,450,15,4768,32,16797,16,21565,California
Tuolumne,2021-05-04,213,38224,188,9597,22,28174,3,453,167,4892,46,16843,170,21735,California
Ventura,2020-12-15,5,5,5,5,0,0,0,0,5,5,0,0,5,5,California
Ventura,2020-12-16,72,77,72,77,0,0,0,0,72,77,0,0,72,77,California
Ventura,2020-12-17,249,326,249,326,0,0,0,0,249,326,0,0,249,326,California
Ventura,2020-12-18,1411,1737,1411,1737,0,0,0,0,1411,1737,0,0,1411,1737,California
Ventura,2020-12-19,910,2647,910,2647,0,0,0,0,910,2647,0,0,910,2647,California
Ventura,2020-12-20,429,3076,429,3076,0,0,0,0,429,3076,0,0,429,3076,California
Ventura,2020-12-21,1469,4545,1469,4545,0,0,0,0,1469,4545,0,0,1469,4545,California
Ventura,2020-12-22,1104,5649,1099,5644,5,5,0,0,1104,5649,0,0,1104,5649,California
Ventura,2020-12-23,1027,6676,980,6624,47,52,0,0,1027,6676,0,0,1027,6676,California
Ventura,2020-12-24,477,7153,379,7003,98,150,0,0,477,7153,0,0,477,7153,California
Ventura,2020-12-25,11,7164,7,7010,4,154,0,0,11,7164,0,0,11,7164,California
Ventura,2020-12-26,112,7276,91,7101,21,175,0,0,112,7276,0,0,112,7276,California
Ventura,2020-12-27,58,7334,27,7128,31,206,0,0,58,7334,0,0,58,7334,California
Ventura,2020-12-28,1071,8405,931,8059,140,346,0,0,1071,8405,0,0,1071,8405,California
Ventura,2020-12-29,1170,9575,764,8823,406,752,0,0,1170,9575,0,0,1170,9575,California
Ventura,2020-12-30,1984,11559,1519,10342,465,1217,0,0,1984,11559,0,0,1984,11559,California
Ventura,2020-12-31,480,12039,162,10504,318,1535,0,0,480,12039,0,0,480,12039,California
Ventura,2021-01-01,24,12063,6,10510,18,1553,0,0,24,12063,0,0,24,12063,California
Ventura,2021-01-02,173,12236,79,10589,94,1647,0,0,173,12236,0,0,173,12236,California
Ventura,2021-01-03,15,12251,8,10597,7,1654,0,0,15,12251,0,0,15,12251,California
Ventura,2021-01-04,1082,13333,551,11148,531,2185,0,0,1081,13332,0,0,1081,13332,California
Ventura,2021-01-05,1373,14706,777,11925,596,2781,0,0,1332,14623,41,41,1332,14664,California
Ventura,2021-01-06,2057,16763,1179,13104,878,3659,0,0,1626,15829,422,463,1628,16292,California
Ventura,2021-01-07,2068,18831,1326,14430,742,4401,0,0,1182,16127,884,1347,1182,17474,California
Ventura,2021-01-08,2198,21029,1475,15905,723,5124,0,0,906,15744,1290,2637,907,18381,California
Ventura,2021-01-09,721,21750,500,16405,221,5345,0,0,319,15661,402,3039,319,18700,California
Ventura,2021-01-10,341,22091,326,16731,15,5360,0,0,127,15574,214,3253,127,18827,California
Ventura,2021-01-11,2448,24539,1490,18221,958,6318,0,0,1495,16119,953,4206,1498,20325,California
Ventura,2021-01-12,3041,27580,1611,19832,1430,7748,0,0,2016,17110,1025,5231,2016,22341,California
Ventura,2021-01-13,2923,30503,1423,21255,1500,9248,0,0,2040,18271,880,6111,2041,24382,California
Ventura,2021-01-14,2731,33234,1060,22315,1671,10919,0,0,2285,20112,445,6556,2286,26668,California
Ventura,2021-01-15,2887,36121,972,23287,1915,12834,0,0,2674,22574,213,6769,2675,29343,California
Ventura,2021-01-16,484,36605,187,23474,297,13131,0,0,404,22898,80,6849,404,29747,California
Ventura,2021-01-17,259,36864,137,23611,122,13253,0,0,253,23145,6,6855,253,30000,California
Ventura,2021-01-18,2218,39082,1672,25283,546,13799,0,0,1667,24263,550,7405,1668,31668,California
Ventura,2021-01-19,3040,42122,2119,27402,921,14720,0,0,2146,25518,894,8299,2149,33817,California
Ventura,2021-01-20,4084,46206,3133,30535,951,15671,0,0,3036,27510,1045,9344,3037,36854,California
Ventura,2021-01-21,3837,50043,2673,33208,1164,16835,0,0,3163,30004,671,10015,3165,40019,California
Ventura,2021-01-22,3614,53657,2493,35701,1121,17956,0,0,3453,33296,161,10176,3453,43472,California
Ventura,2021-01-23,1185,54842,650,36351,535,18491,0,0,1084,34282,100,10276,1086,44558,California
Ventura,2021-01-24,451,55293,137,36488,314,18805,0,0,438,34707,13,10289,438,44996,California
Ventura,2021-01-25,3153,58446,2032,38520,1121,19926,0,0,2599,36754,553,10842,2600,47596,California
Ventura,2021-01-26,3709,62155,2203,40723,1506,21432,0,0,2711,38469,997,11839,2712,50308,California
Ventura,2021-01-27,3460,65615,1559,42282,1901,23333,0,0,2718,40449,738,12577,2718,53026,California
Ventura,2021-01-28,3874,69489,1993,44275,1881,25214,0,0,3260,43113,597,13174,3261,56287,California
Ventura,2021-01-29,4271,73760,2524,46799,1747,26961,0,0,3768,46391,490,13664,3768,60055,California
Ventura,2021-01-30,3036,76796,1964,48763,1072,28033,0,0,2866,49092,166,13830,2867,62922,California
Ventura,2021-01-31,833,77629,445,49208,388,28421,0,0,748,49755,85,13915,748,63670,California
Ventura,2021-02-01,3943,81572,2113,51321,1830,30251,0,0,3169,52154,771,14686,3170,66840,California
Ventura,2021-02-02,4405,85977,2374,53695,2031,32282,0,0,3381,54516,1020,15706,3382,70222,California
Ventura,2021-02-03,4452,90429,2089,55784,2363,34645,0,0,3441,56952,1006,16712,3442,73664,California
Ventura,2021-02-04,4776,95205,2288,58072,2488,37133,0,0,3518,59222,1250,17962,3520,77184,California
Ventura,2021-02-05,4833,100038,2313,60385,2520,39653,0,0,3341,61086,1479,19441,3343,80527,California
Ventura,2021-02-06,2837,102875,1515,61900,1322,40975,0,0,2434,63118,402,19843,2434,82961,California
Ventura,2021-02-07,710,103585,241,62141,469,41444,0,0,584,63577,126,19969,585,83546,California
Ventura,2021-02-08,3499,107084,1624,63765,1875,43319,0,0,2428,64939,1066,21035,2428,85974,California
Ventura,2021-02-09,4715,111799,1971,65736,2744,46063,0,0,2465,65158,2249,23284,2468,88442,California
Ventura,2021-02-10,4713,116512,2236,67972,2477,48540,0,0,2392,65241,2310,25594,2393,90835,California
Ventura,2021-02-11,4659,121171,1862,69834,2797,51337,0,0,2445,65482,2207,27801,2448,93283,California
Ventura,2021-02-12,6303,127474,2659,72493,3644,54981,0,0,3223,65629,3076,30877,3223,96506,California
Ventura,2021-02-13,3297,130771,1827,74320,1470,56451,0,0,1845,66028,1448,32325,1847,98353,California
Ventura,2021-02-14,1226,131997,124,74444,1102,57553,0,0,1010,66823,216,32541,1011,99364,California
Ventura,2021-02-15,3987,135984,1798,76242,2189,59742,0,0,2117,67073,1867,34408,2117,101481,California
Ventura,2021-02-16,5540,141524,2704,78946,2836,62578,0,0,3010,67561,2522,36930,3010,104491,California
Ventura,2021-02-17,5232,146756,1920,80866,3312,65890,0,0,3265,68868,1958,38888,3265,107756,California
Ventura,2021-02-18,5776,152532,1829,82695,3947,69837,0,0,3634,70371,2131,41019,3634,111390,California
Ventura,2021-02-19,6454,158986,3769,86464,2685,72522,0,0,3010,69946,3437,44456,3012,114402,California
Ventura,2021-02-20,4933,163919,3165,89629,1768,74290,0,0,2770,70561,2158,46614,2773,117175,California
Ventura,2021-02-21,1045,164964,757,90386,288,74578,0,0,429,70380,610,47224,429,117604,California
Ventura,2021-02-22,5368,170332,2409,92795,2959,77537,0,0,3452,71925,1907,49131,3452,121056,California
Ventura,2021-02-23,5928,176260,2966,95761,2962,80499,0,0,3415,72845,2497,51628,3417,124473,California
Ventura,2021-02-24,6997,183257,2610,98371,4387,84886,0,0,4249,74362,2734,54362,4251,128724,California
Ventura,2021-02-25,7492,190749,2572,100943,4920,89806,0,0,4575,76037,2902,57264,4577,133301,California
Ventura,2021-02-26,9341,200090,2762,103705,6579,96385,0,0,6160,79044,3155,60419,6162,139463,California
Ventura,2021-02-27,9988,210078,5269,108974,4719,101104,0,0,7370,83819,2603,63022,7378,146841,California
Ventura,2021-02-28,2570,212648,1635,110609,934,102038,1,1,2097,85450,466,63488,2097,148938,California
Ventura,2021-03-01,6939,219587,2811,113420,4128,106166,0,1,4624,87782,2305,65793,4637,153575,California
Ventura,2021-03-02,7481,227068,3935,117355,3544,109710,2,3,5254,90818,2218,68011,5254,158829,California
Ventura,2021-03-03,8517,235585,3899,121254,4618,114328,0,3,6075,94468,2429,70440,6079,164908,California
Ventura,2021-03-04,8096,243681,3869,125123,4227,118555,0,3,5470,97328,2612,73052,5472,170380,California
Ventura,2021-03-05,9966,253647,4797,129920,5159,123714,10,13,7079,101551,2874,75926,7097,177477,California
Ventura,2021-03-06,7239,260886,4398,134318,2688,126402,153,166,5325,105123,1908,77834,5480,182957,California
Ventura,2021-03-07,1649,262535,602,134920,946,127348,101,267,1233,106041,416,78250,1334,184291,California
Ventura,2021-03-08,6738,269273,3414,138334,3170,130518,154,421,4633,108732,2099,80349,4790,189081,California
Ventura,2021-03-09,6538,275811,2813,141147,3527,134045,198,619,3669,109745,2856,83205,3869,192950,California
Ventura,2021-03-10,6799,282610,2967,144114,3595,137640,237,856,4483,112159,2306,85511,4720,197670,California
Ventura,2021-03-11,6363,288973,2887,147001,3169,140809,307,1163,3418,112951,2932,88443,3724,201394,California
Ventura,2021-03-12,8498,297471,3034,150035,4619,145428,845,2008,4090,113495,4390,92833,4934,206328,California
Ventura,2021-03-13,6679,304150,2497,152532,3342,148770,840,2848,3754,115171,2917,95750,4593,210921,California
Ventura,2021-03-14,2130,306280,477,153009,1157,149927,496,3344,730,114998,1399,97149,1226,212147,California
Ventura,2021-03-15,6917,313197,2050,155059,3519,153446,1348,4692,2975,115403,3917,101066,4322,216469,California
Ventura,2021-03-16,7911,321108,2459,157518,4338,157784,1114,5806,3986,116591,3911,104977,5099,221568,California
Ventura,2021-03-17,7460,328568,2763,160281,4350,162134,347,6153,4463,118427,2976,107953,4812,226380,California
Ventura,2021-03-18,7221,335789,3268,163549,3800,165934,153,6306,4703,120776,2505,110458,4854,231234,California
Ventura,2021-03-19,8393,344182,3771,167320,4512,170446,110,6416,5020,122549,3355,113813,5128,236362,California
Ventura,2021-03-20,8142,352324,5246,172566,2876,173322,20,6436,3893,122235,4228,118041,3914,240276,California
Ventura,2021-03-21,2779,355103,1509,174075,899,174221,371,6807,1316,122469,1452,119493,1686,241962,California
Ventura,2021-03-22,7337,362440,3685,177760,3550,177771,102,6909,4844,124939,2478,121971,4948,246910,California
Ventura,2021-03-23,8181,370621,3879,181639,4230,182001,72,6981,4668,126191,3487,125458,4739,251649,California
Ventura,2021-03-24,8868,379489,3408,185047,5385,187386,75,7056,4428,126283,4411,129869,4503,256152,California
Ventura,2021-03-25,8796,388285,3902,188949,4793,192179,101,7157,4452,126510,4326,134195,4553,260705,California
Ventura,2021-03-26,9816,398101,3345,192294,5818,197997,653,7810,3899,125171,5889,140084,4550,265255,California
Ventura,2021-03-27,8111,406212,3903,196197,4168,202165,40,7850,2402,121924,5690,145774,2443,267698,California
Ventura,2021-03-28,2520,408732,1403,197600,1108,203273,9,7859,1381,122180,1134,146908,1390,269088,California
Ventura,2021-03-29,8453,417185,4261,201861,4148,207421,44,7903,4223,122245,4202,151110,4267,273355,California
Ventura,2021-03-30,8935,426120,4408,206269,4399,211820,128,8031,4541,122531,4381,155491,4667,278022,California
Ventura,2021-03-31,10680,436800,4812,211081,5241,217061,627,8658,4639,121775,6021,161512,5265,283287,California
Ventura,2021-04-01,10634,447434,5182,216263,4579,221640,873,9531,5359,122746,5257,166769,6228,289515,California
Ventura,2021-04-02,11553,458987,4584,220847,5712,227352,1257,10788,5530,123538,5998,172767,6790,296305,California
Ventura,2021-04-03,8013,467000,3954,224801,2928,230280,1131,11919,3369,123402,4634,177401,4498,300803,California
Ventura,2021-04-04,1705,468705,957,225758,620,230900,128,12047,1152,124134,548,177949,1280,302083,California
Ventura,2021-04-05,9250,477955,4871,230629,3322,234222,1057,13104,4720,125389,4521,182470,5776,307859,California
Ventura,2021-04-06,10796,488751,5536,236165,3795,238017,1465,14569,5540,127159,5232,187702,7002,314861,California
Ventura,2021-04-07,11272,500023,5422,241587,4380,242397,1470,16039,5153,127675,6103,193805,6619,321480,California
Ventura,2021-04-08,10204,510227,5291,246878,3984,246381,929,16968,5097,128603,5090,198895,6018,327498,California
Ventura,2021-04-09,11056,521283,4333,251211,5030,251411,1693,18661,4854,128963,6182,205077,6542,334040,California
Ventura,2021-04-10,9118,530401,3493,254704,3478,254889,2147,20808,2994,127992,6108,211185,5137,339177,California
Ventura,2021-04-11,2422,532823,865,255569,993,255882,564,21372,688,127515,1727,212912,1250,340427,California
Ventura,2021-04-12,8868,541691,4463,260032,3609,259491,796,22168,3736,126928,5114,218026,4527,344954,California
Ventura,2021-04-13,8757,550448,4435,264467,4316,263807,6,22174,3742,125695,4981,223007,3748,348702,California
Ventura,2021-04-14,8649,559097,4056,268523,4578,268385,15,22189,3362,123824,5250,228257,3379,352081,California
Ventura,2021-04-15,9232,568329,4474,272997,4751,273136,7,22196,4054,122726,5159,233416,4061,356142,California
Ventura,2021-04-16,10087,578416,4474,277471,5613,278749,0,22196,4836,122325,5238,238654,4837,360979,California
Ventura,2021-04-17,8520,586936,5295,282766,3224,281973,1,22197,4985,123787,3525,242179,4987,365966,California
Ventura,2021-04-18,2128,589064,1014,283780,1114,283087,0,22197,906,123476,1217,243396,906,366872,California
Ventura,2021-04-19,8006,597070,4842,288622,3163,286250,1,22198,4627,124743,3362,246758,4629,371501,California
Ventura,2021-04-20,9210,606280,4898,293520,4312,290562,0,22198,4349,124247,4846,251604,4350,375851,California
Ventura,2021-04-21,8819,615099,4530,298050,4286,294848,3,22201,4190,123824,4618,256222,4195,380046,California
Ventura,2021-04-22,9999,625098,5474,303524,4525,299373,0,22201,4477,122796,5505,261727,4477,384523,California
Ventura,2021-04-23,10739,635837,5361,308885,5378,304751,0,22201,5358,122799,5355,267082,5358,389881,California
Ventura,2021-04-24,10291,646128,5897,314782,4394,309145,0,22201,6089,124696,4193,271275,6090,395971,California
Ventura,2021-04-25,2467,648595,1698,316480,769,309914,0,22201,1139,124510,1325,272600,1139,397110,California
Ventura,2021-04-26,6795,655390,3938,320418,2805,312719,52,22253,2790,123361,3991,276591,2842,399952,California
Ventura,2021-04-27,7984,663374,4442,324860,3387,316106,155,22408,2984,121512,4987,281578,3138,403090,California
Ventura,2021-04-28,7607,670981,4361,329221,2966,319072,280,22688,3055,120309,4538,286116,3335,406425,California
Ventura,2021-04-29,6790,677771,3727,332948,2845,321917,218,22906,2477,118710,4294,290410,2695,409120,California
Ventura,2021-04-30,8598,686369,5111,338059,3233,325150,254,23160,3560,117501,5015,295425,3806,412926,California
Ventura,2021-05-01,2866,689235,2352,340411,501,325651,13,23173,1210,117078,1647,297072,1224,414150,California
Ventura,2021-05-02,697,689932,620,341031,71,325722,6,23179,631,117650,65,297137,637,414787,California
Ventura,2021-05-03,3679,693611,2313,343344,1197,326919,169,23348,997,116152,2663,299800,1165,415952,California
Ventura,2021-05-04,3736,697347,2084,345428,1502,328421,150,23498,1222,115016,2508,302308,1372,417324,California
Yolo,2020-12-15,39,39,39,39,0,0,0,0,39,39,0,0,39,39,California
Yolo,2020-12-16,78,117,78,117,0,0,0,0,78,117,0,0,78,117,California
Yolo,2020-12-17,101,218,101,218,0,0,0,0,101,218,0,0,101,218,California
Yolo,2020-12-18,210,428,210,428,0,0,0,0,210,428,0,0,210,428,California
Yolo,2020-12-19,87,515,87,515,0,0,0,0,87,515,0,0,87,515,California
Yolo,2020-12-20,101,616,101,616,0,0,0,0,101,616,0,0,101,616,California
Yolo,2020-12-21,253,869,253,869,0,0,0,0,253,869,0,0,253,869,California
Yolo,2020-12-22,382,1251,381,1250,1,1,0,0,382,1251,0,0,382,1251,California
Yolo,2020-12-23,431,1682,412,1662,19,20,0,0,431,1682,0,0,431,1682,California
Yolo,2020-12-24,150,1832,94,1756,56,76,0,0,150,1832,0,0,150,1832,California
Yolo,2020-12-25,1,1833,1,1757,0,76,0,0,1,1833,0,0,1,1833,California
Yolo,2020-12-26,75,1908,25,1782,50,126,0,0,75,1908,0,0,75,1908,California
Yolo,2020-12-27,46,1954,19,1801,27,153,0,0,46,1954,0,0,46,1954,California
Yolo,2020-12-28,346,2300,179,1980,167,320,0,0,346,2300,0,0,346,2300,California
Yolo,2020-12-29,487,2787,268,2248,219,539,0,0,487,2787,0,0,487,2787,California
Yolo,2020-12-30,621,3408,254,2502,367,906,0,0,621,3408,0,0,621,3408,California
Yolo,2020-12-31,185,3593,95,2597,90,996,0,0,185,3593,0,0,185,3593,California
Yolo,2021-01-01,57,3650,56,2653,1,997,0,0,57,3650,0,0,57,3650,California
Yolo,2021-01-02,68,3718,25,2678,43,1040,0,0,68,3718,0,0,68,3718,California
Yolo,2021-01-03,44,3762,19,2697,25,1065,0,0,44,3762,0,0,44,3762,California
Yolo,2021-01-04,193,3955,43,2740,150,1215,0,0,193,3955,0,0,193,3955,California
Yolo,2021-01-05,611,4566,236,2976,375,1590,0,0,550,4444,61,61,550,4505,California
Yolo,2021-01-06,480,5046,183,3159,297,1887,0,0,349,4662,131,192,349,4854,California
Yolo,2021-01-07,709,5755,233,3392,476,2363,0,0,520,4994,188,380,520,5374,California
Yolo,2021-01-08,633,6388,312,3704,321,2684,0,0,416,5194,216,596,416,5790,California
Yolo,2021-01-09,409,6797,68,3772,341,3025,0,0,363,5511,46,642,363,6153,California
Yolo,2021-01-10,393,7190,80,3852,313,3338,0,0,323,5764,70,712,323,6476,California
Yolo,2021-01-11,562,7752,325,4177,237,3575,0,0,293,5790,269,981,295,6771,California
Yolo,2021-01-12,481,8233,364,4541,117,3692,0,0,173,5656,308,1289,174,6945,California
Yolo,2021-01-13,770,9003,312,4853,458,4150,0,0,520,5926,250,1539,520,7465,California
Yolo,2021-01-14,375,9378,181,5034,194,4344,0,0,271,6093,104,1643,271,7736,California
Yolo,2021-01-15,624,10002,319,5353,305,4649,0,0,545,6560,79,1722,546,8282,California
Yolo,2021-01-16,740,10742,95,5448,645,5294,0,0,709,7238,31,1753,709,8991,California
Yolo,2021-01-17,186,10928,117,5565,69,5363,0,0,179,7410,7,1760,179,9170,California
Yolo,2021-01-18,478,11406,303,5868,175,5538,0,0,379,7690,99,1859,379,9549,California
Yolo,2021-01-19,554,11960,372,6240,182,5720,0,0,379,7894,175,2034,379,9928,California
Yolo,2021-01-20,659,12619,380,6620,279,5999,0,0,474,8184,184,2218,474,10402,California
Yolo,2021-01-21,648,13267,383,7003,265,6264,0,0,459,8454,189,2407,459,10861,California
Yolo,2021-01-22,745,14012,250,7253,495,6759,0,0,628,8967,115,2522,628,11489,California
Yolo,2021-01-23,613,14625,123,7376,490,7249,0,0,566,9486,47,2569,566,12055,California
Yolo,2021-01-24,207,14832,124,7500,83,7332,0,0,166,9611,41,2610,166,12221,California
Yolo,2021-01-25,728,15560,153,7653,575,7907,0,0,514,9911,214,2824,514,12735,California
Yolo,2021-01-26,817,16377,327,7980,490,8397,0,0,428,9950,389,3213,428,13163,California
Yolo,2021-01-27,554,16931,222,8202,332,8729,0,0,381,10158,173,3386,381,13544,California
Yolo,2021-01-28,1049,17980,566,8768,483,9212,0,0,925,10960,123,3509,925,14469,California
Yolo,2021-01-29,867,18847,263,9031,604,9816,0,0,785,11664,81,3590,785,15254,California
Yolo,2021-01-30,1516,20363,916,9947,600,10416,0,0,1408,12970,102,3692,1408,16662,California
Yolo,2021-01-31,249,20612,211,10158,38,10454,0,0,214,13150,34,3726,214,16876,California
Yolo,2021-02-01,845,21457,361,10519,484,10938,0,0,614,13536,228,3954,614,17490,California
Yolo,2021-02-02,1324,22781,748,11267,576,11514,0,0,933,14079,391,4345,934,18424,California
Yolo,2021-02-03,1514,24295,397,11664,1117,12631,0,0,1183,14934,328,4673,1183,19607,California
Yolo,2021-02-04,1787,26082,281,11945,1506,14137,0,0,1238,15635,538,5211,1239,20846,California
Yolo,2021-02-05,1595,27677,902,12847,693,14830,0,0,1198,16437,397,5608,1199,22045,California
Yolo,2021-02-06,1918,29595,1247,14094,671,15501,0,0,1558,17636,360,5968,1559,23604,California
Yolo,2021-02-07,518,30113,249,14343,269,15770,0,0,171,17461,346,6314,171,23775,California
Yolo,2021-02-08,948,31061,332,14675,616,16386,0,0,605,17726,340,6654,605,24380,California
Yolo,2021-02-09,860,31921,388,15063,472,16858,0,0,578,18022,282,6936,578,24958,California
Yolo,2021-02-10,1455,33376,475,15538,980,17838,0,0,818,18205,637,7573,820,25778,California
Yolo,2021-02-11,1564,34940,797,16335,767,18605,0,0,1184,19009,380,7953,1184,26962,California
Yolo,2021-02-12,1909,36849,750,17085,1159,19764,0,0,1441,19986,464,8417,1441,28403,California
Yolo,2021-02-13,2053,38902,711,17796,1342,21106,0,0,1388,20709,665,9082,1388,29791,California
Yolo,2021-02-14,568,39470,153,17949,415,21521,0,0,443,21028,124,9206,443,30234,California
Yolo,2021-02-15,531,40001,189,18138,342,21863,0,0,266,21030,265,9471,267,30501,California
Yolo,2021-02-16,1122,41123,425,18563,697,22560,0,0,808,21524,314,9785,808,31309,California
Yolo,2021-02-17,1383,42506,700,19263,683,23243,0,0,991,22123,392,10177,991,32300,California
Yolo,2021-02-18,2496,45002,814,20077,1682,24925,0,0,1727,23081,769,10946,1727,34027,California
Yolo,2021-02-19,1740,46742,744,20821,996,25921,0,0,1119,23581,619,11565,1119,35146,California
Yolo,2021-02-20,2433,49175,942,21763,1491,27412,0,0,1361,23876,1067,12632,1362,36508,California
Yolo,2021-02-21,282,49457,225,21988,57,27469,0,0,73,23741,208,12840,73,36581,California
Yolo,2021-02-22,1361,50818,601,22589,760,28229,0,0,692,23765,668,13508,692,37273,California
Yolo,2021-02-23,1122,51940,842,23431,280,28509,0,0,438,23521,682,14190,438,37711,California
Yolo,2021-02-24,2093,54033,590,24021,1503,30012,0,0,1382,24194,709,14899,1382,39093,California
Yolo,2021-02-25,1339,55372,444,24465,895,30907,0,0,874,24604,464,15363,874,39967,California
Yolo,2021-02-26,2585,57957,998,25463,1587,32494,0,0,1382,24786,1200,16563,1382,41349,California
Yolo,2021-02-27,1654,59611,766,26229,888,33382,0,0,1204,25540,450,17013,1204,42553,California
Yolo,2021-02-28,1776,61387,1493,27722,283,33665,0,0,681,25128,1093,18106,681,43234,California
Yolo,2021-03-01,1099,62486,364,28086,735,34400,0,0,668,25367,429,18535,668,43902,California
Yolo,2021-03-02,1462,63948,683,28769,779,35179,0,0,931,25767,531,19066,931,44833,California
Yolo,2021-03-03,1836,65784,628,29397,1208,36387,0,0,830,25593,1004,20070,830,45663,California
Yolo,2021-03-04,2908,68692,1449,30846,1459,37846,0,0,1576,25839,1330,21400,1576,47239,California
Yolo,2021-03-05,2350,71042,1399,32245,940,38786,11,11,1472,26445,877,22277,1483,48722,California
Yolo,2021-03-06,1470,72512,1121,33366,320,39106,29,40,838,26683,629,22906,867,49589,California
Yolo,2021-03-07,906,73418,671,34037,221,39327,14,54,772,27335,134,23040,786,50375,California
Yolo,2021-03-08,1088,74506,486,34523,559,39886,43,97,760,27812,327,23367,804,51179,California
Yolo,2021-03-09,1243,75749,670,35193,513,40399,60,157,755,28141,486,23853,815,51994,California
Yolo,2021-03-10,1793,77542,1046,36239,458,40857,289,446,751,28136,1039,24892,1034,53028,California
Yolo,2021-03-11,2283,79825,1539,37778,677,41534,67,513,1570,29062,712,25604,1638,54666,California
Yolo,2021-03-12,2886,82711,1342,39120,1465,42999,79,592,1368,28998,1510,27114,1446,56112,California
Yolo,2021-03-13,1843,84554,730,39850,936,43935,177,769,1008,29351,832,27946,1185,57297,California
Yolo,2021-03-14,1006,85560,212,40062,644,44579,150,919,525,29542,480,28426,671,57968,California
Yolo,2021-03-15,1323,86883,774,40836,373,44952,176,1095,707,29809,614,29040,881,58849,California
Yolo,2021-03-16,1868,88751,717,41553,1079,46031,72,1167,1105,30223,763,29803,1177,60026,California
Yolo,2021-03-17,2486,91237,968,42521,1446,47477,72,1239,1705,31253,778,30581,1808,61834,California
Yolo,2021-03-18,2889,94126,897,43418,1768,49245,224,1463,1177,30945,1709,32290,1401,63235,California
Yolo,2021-03-19,2069,96195,846,44264,1155,50400,68,1531,1089,31128,974,33264,1157,64392,California
Yolo,2021-03-20,2746,98941,815,45079,1890,52290,41,1572,1114,30659,1626,34890,1157,65549,California
Yolo,2021-03-21,316,99257,215,45294,93,52383,8,1580,229,30810,86,34976,237,65786,California
Yolo,2021-03-22,1392,100649,487,45781,853,53236,52,1632,919,31310,470,35446,970,66756,California
Yolo,2021-03-23,1730,102379,931,46712,743,53979,56,1688,1071,31779,658,36104,1127,67883,California
Yolo,2021-03-24,2848,105227,1392,48104,1407,55386,49,1737,1422,31837,1414,37518,1472,69355,California
Yolo,2021-03-25,2434,107661,1303,49407,1104,56490,27,1764,1169,31778,1255,38773,1196,70551,California
Yolo,2021-03-26,2385,110046,1243,50650,1123,57613,19,1783,1023,31464,1355,40128,1041,71592,California
Yolo,2021-03-27,1648,111694,455,51105,1177,58790,16,1799,763,31359,884,41012,779,72371,California
Yolo,2021-03-28,1108,112802,862,51967,228,59018,18,1817,276,30825,828,41840,294,72665,California
Yolo,2021-03-29,2010,114812,820,52787,1160,60178,30,1847,981,30811,1025,42865,1011,73676,California
Yolo,2021-03-30,2270,117082,1068,53855,1179,61357,23,1870,1182,30933,1083,43948,1205,74881,California
Yolo,2021-03-31,2337,119419,1212,55067,1089,62446,36,1906,1195,31023,1141,45089,1231,76112,California
Yolo,2021-04-01,3748,123167,1767,56834,1507,63953,474,2380,1553,30857,2192,47281,2026,78138,California
Yolo,2021-04-02,3372,126539,1502,58336,1726,65679,144,2524,2087,31809,1279,48560,2231,80369,California
Yolo,2021-04-03,1785,128324,1077,59413,493,66172,215,2739,796,31832,988,49548,1011,81380,California
Yolo,2021-04-04,386,128710,151,59564,173,66345,62,2801,144,31796,242,49790,206,81586,California
Yolo,2021-04-05,1902,130612,728,60292,1076,67421,98,2899,1010,32017,887,50677,1108,82694,California
Yolo,2021-04-06,2559,133171,1298,61590,1091,68512,170,3069,1309,32256,1241,51918,1480,84174,California
Yolo,2021-04-07,2967,136138,1513,63103,1103,69615,351,3420,1921,33487,1039,52957,2270,86444,California
Yolo,2021-04-08,2409,138547,996,64099,944,70559,469,3889,1021,33590,1385,54342,1488,87932,California
Yolo,2021-04-09,2428,140975,880,64979,1052,71611,496,4385,806,33271,1619,55961,1300,89232,California
Yolo,2021-04-10,1691,142666,795,65774,724,72335,172,4557,1004,33763,683,56644,1175,90407,California
Yolo,2021-04-11,864,143530,259,66033,560,72895,45,4602,341,33628,520,57164,385,90792,California
Yolo,2021-04-12,1754,145284,516,66549,1095,73990,143,4745,1086,34192,665,57829,1229,92021,California
Yolo,2021-04-13,1928,147212,873,67422,1055,75045,0,4745,998,34262,928,58757,998,93019,California
Yolo,2021-04-14,2736,149948,736,68158,2000,77045,0,4745,1352,34235,1379,60136,1352,94371,California
Yolo,2021-04-15,3218,153166,1044,69202,2174,79219,0,4745,2257,35535,957,61093,2257,96628,California
Yolo,2021-04-16,2903,156069,1844,71046,1059,80278,0,4745,1832,36301,1066,62159,1832,98460,California
Yolo,2021-04-17,1515,157584,420,71466,1095,81373,0,4745,746,36282,765,62924,746,99206,California
Yolo,2021-04-18,591,158175,263,71729,328,81701,0,4745,348,36390,240,63164,348,99554,California
Yolo,2021-04-19,1668,159843,719,72448,948,82649,1,4746,770,36268,893,64057,771,100325,California
Yolo,2021-04-20,1998,161841,1011,73459,987,83636,0,4746,1074,36420,922,64979,1074,101399,California
Yolo,2021-04-21,1994,163835,992,74451,1002,84638,0,4746,1095,36619,896,65875,1095,102494,California
Yolo,2021-04-22,1795,165630,738,75189,1057,85695,0,4746,948,36726,842,66717,949,103443,California
Yolo,2021-04-23,2580,168210,1495,76684,1085,86780,0,4746,1154,36464,1416,68133,1154,104597,California
Yolo,2021-04-24,1152,169362,630,77314,520,87300,2,4748,455,36231,690,68823,457,105054,California
Yolo,2021-04-25,942,170304,401,77715,541,87841,0,4748,721,36732,220,69043,721,105775,California
Yolo,2021-04-26,1161,171465,436,78151,722,88563,3,4751,474,36525,685,69728,478,106253,California
Yolo,2021-04-27,1452,172917,665,78816,778,89341,9,4760,557,36198,895,70623,568,106821,California
Yolo,2021-04-28,1932,174849,985,79801,922,90263,25,4785,658,35610,1271,71894,683,107504,California
Yolo,2021-04-29,1252,176101,601,80402,589,90852,62,4847,477,35378,772,72666,540,108044,California
Yolo,2021-04-30,1817,177918,925,81327,835,91687,57,4904,899,35423,911,73577,956,109000,California
Yolo,2021-05-01,585,178503,354,81681,219,91906,12,4916,182,35214,403,73980,194,109194,California
Yolo,2021-05-02,362,178865,328,82009,22,91928,12,4928,267,35399,94,74074,279,109473,California
Yolo,2021-05-03,920,179785,243,82252,656,92584,21,4949,226,34954,692,74766,247,109720,California
Yolo,2021-05-04,1126,180911,553,82805,567,93151,6,4955,339,34516,783,75549,345,110065,California
Yuba,2020-12-16,4,4,4,4,0,0,0,0,4,4,0,0,4,4,California
Yuba,2020-12-17,4,8,4,8,0,0,0,0,4,8,0,0,4,8,California
Yuba,2020-12-18,8,16,8,16,0,0,0,0,8,16,0,0,8,16,California
Yuba,2020-12-19,12,28,12,28,0,0,0,0,12,28,0,0,12,28,California
Yuba,2020-12-20,20,48,20,48,0,0,0,0,20,48,0,0,20,48,California
Yuba,2020-12-21,40,88,40,88,0,0,0,0,40,88,0,0,40,88,California
Yuba,2020-12-22,86,174,86,174,0,0,0,0,86,174,0,0,86,174,California
Yuba,2020-12-23,64,238,62,236,2,2,0,0,64,238,0,0,64,238,California
Yuba,2020-12-24,20,258,10,246,10,12,0,0,20,258,0,0,20,258,California
Yuba,2020-12-26,15,273,13,259,2,14,0,0,15,273,0,0,15,273,California
Yuba,2020-12-27,15,288,15,274,0,14,0,0,15,288,0,0,15,288,California
Yuba,2020-12-28,51,339,35,309,16,30,0,0,51,339,0,0,51,339,California
Yuba,2020-12-29,75,414,10,319,65,95,0,0,75,414,0,0,75,414,California
Yuba,2020-12-30,63,477,20,339,43,138,0,0,63,477,0,0,63,477,California
Yuba,2020-12-31,37,514,7,346,30,168,0,0,37,514,0,0,37,514,California
Yuba,2021-01-02,23,537,22,368,1,169,0,0,23,537,0,0,23,537,California
Yuba,2021-01-03,10,547,6,374,4,173,0,0,10,547,0,0,10,547,California
Yuba,2021-01-04,90,637,21,395,69,242,0,0,90,637,0,0,90,637,California
Yuba,2021-01-05,70,707,38,433,32,274,0,0,69,705,1,1,69,706,California
Yuba,2021-01-06,154,861,76,509,78,352,0,0,148,847,6,7,148,854,California
Yuba,2021-01-07,75,936,19,528,56,408,0,0,72,915,4,11,72,926,California
Yuba,2021-01-08,73,1009,25,553,48,456,0,0,66,974,7,18,66,992,California
Yuba,2021-01-09,19,1028,16,569,3,459,0,0,11,977,8,26,11,1003,California
Yuba,2021-01-10,117,1145,22,591,95,554,0,0,95,1050,22,48,95,1098,California
Yuba,2021-01-11,72,1217,50,641,22,576,0,0,32,1042,40,88,32,1130,California
Yuba,2021-01-12,107,1324,77,718,30,606,0,0,42,1019,65,153,42,1172,California
Yuba,2021-01-13,119,1443,72,790,47,653,0,0,54,1009,64,217,54,1226,California
Yuba,2021-01-14,109,1552,43,833,66,719,0,0,97,1094,12,229,97,1323,California
Yuba,2021-01-15,206,1758,88,921,118,837,0,0,195,1278,11,240,195,1518,California
Yuba,2021-01-16,184,1942,21,942,163,1000,0,0,172,1437,13,253,172,1690,California
Yuba,2021-01-17,13,1955,9,951,4,1004,0,0,7,1438,6,259,7,1697,California
Yuba,2021-01-18,60,2015,32,983,28,1032,0,0,35,1448,25,284,35,1732,California
Yuba,2021-01-19,80,2095,29,1012,51,1083,0,0,65,1498,15,299,65,1797,California
Yuba,2021-01-20,133,2228,87,1099,46,1129,0,0,110,1585,23,322,110,1907,California
Yuba,2021-01-21,212,2440,96,1195,116,1245,0,0,204,1781,8,330,204,2111,California
Yuba,2021-01-22,103,2543,6,1201,97,1342,0,0,94,1866,9,339,94,2205,California
Yuba,2021-01-23,200,2743,7,1208,193,1535,0,0,197,2060,3,342,197,2402,California
Yuba,2021-01-24,10,2753,7,1215,3,1538,0,0,8,2066,2,344,8,2410,California
Yuba,2021-01-25,84,2837,28,1243,56,1594,0,0,53,2089,30,374,53,2463,California
Yuba,2021-01-26,148,2985,39,1282,109,1703,0,0,90,2121,58,432,90,2553,California
Yuba,2021-01-27,182,3167,128,1410,54,1757,0,0,115,2169,67,499,115,2668,California
Yuba,2021-01-28,215,3382,79,1489,136,1893,0,0,174,2302,41,540,174,2842,California
Yuba,2021-01-29,159,3541,56,1545,103,1996,0,0,112,2367,47,587,112,2954,California
Yuba,2021-01-30,410,3951,23,1568,387,2383,0,0,399,2755,11,598,399,3353,California
Yuba,2021-01-31,17,3968,12,1580,5,2388,0,0,15,2768,2,600,15,3368,California
Yuba,2021-02-01,155,4123,75,1655,80,2468,0,0,131,2877,23,623,132,3500,California
Yuba,2021-02-02,123,4246,23,1678,100,2568,0,0,101,2956,22,645,101,3601,California
Yuba,2021-02-03,226,4472,29,1707,197,2765,0,0,114,2959,111,756,114,3715,California
Yuba,2021-02-04,295,4767,120,1827,175,2940,0,0,252,3168,43,799,252,3967,California
Yuba,2021-02-05,147,4914,32,1859,115,3055,0,0,71,3163,76,875,71,4038,California
Yuba,2021-02-06,449,5363,26,1885,423,3478,0,0,441,3596,8,883,441,4479,California
Yuba,2021-02-07,18,5381,11,1896,7,3485,0,0,15,3608,3,886,15,4494,California
Yuba,2021-02-08,96,5477,35,1931,61,3546,0,0,66,3644,30,916,66,4560,California
Yuba,2021-02-09,153,5630,55,1986,98,3644,0,0,84,3659,69,985,84,4644,California
Yuba,2021-02-10,352,5982,172,2158,180,3824,0,0,114,3536,237,1222,114,4758,California
Yuba,2021-02-11,397,6379,63,2221,334,4158,0,0,300,3741,95,1317,300,5058,California
Yuba,2021-02-12,265,6644,27,2248,238,4396,0,0,151,3778,114,1431,151,5209,California
Yuba,2021-02-13,435,7079,35,2283,400,4796,0,0,387,4117,48,1479,387,5596,California
Yuba,2021-02-14,54,7133,11,2294,43,4839,0,0,49,4161,5,1484,49,5645,California
Yuba,2021-02-15,87,7220,36,2330,51,4890,0,0,68,4210,19,1503,68,5713,California
Yuba,2021-02-16,199,7419,53,2383,146,5036,0,0,140,4292,58,1561,140,5853,California
Yuba,2021-02-17,372,7791,156,2539,216,5252,0,0,99,4119,272,1833,99,5952,California
Yuba,2021-02-18,317,8108,46,2585,271,5523,0,0,194,4190,123,1956,194,6146,California
Yuba,2021-02-19,226,8334,84,2669,142,5665,0,0,143,4250,83,2039,143,6289,California
Yuba,2021-02-20,389,8723,30,2699,359,6024,0,0,335,4531,54,2093,335,6624,California
Yuba,2021-02-21,17,8740,14,2713,3,6027,0,0,7,4528,10,2103,7,6631,California
Yuba,2021-02-22,128,8868,79,2792,49,6076,0,0,38,4477,89,2192,38,6669,California
Yuba,2021-02-23,113,8981,25,2817,88,6164,0,0,46,4457,66,2258,46,6715,California
Yuba,2021-02-24,481,9462,135,2952,346,6510,0,0,107,4190,374,2632,107,6822,California
Yuba,2021-02-25,335,9797,134,3086,201,6711,0,0,207,4269,128,2760,207,7029,California
Yuba,2021-02-26,256,10053,67,3153,189,6900,0,0,143,4301,111,2871,143,7172,California
Yuba,2021-02-27,471,10524,46,3199,425,7325,0,0,382,4596,87,2958,382,7554,California
Yuba,2021-02-28,66,10590,21,3220,45,7370,0,0,45,4620,21,2979,45,7599,California
Yuba,2021-03-01,155,10745,40,3260,115,7485,0,0,79,4624,75,3054,79,7678,California
Yuba,2021-03-02,158,10903,35,3295,123,7608,0,0,78,4622,80,3134,78,7756,California
Yuba,2021-03-03,622,11525,159,3454,463,8071,0,0,200,4401,421,3555,200,7956,California
Yuba,2021-03-04,467,11992,270,3724,197,8268,0,0,326,4587,140,3695,326,8282,California
Yuba,2021-03-05,317,12309,60,3784,256,8524,1,1,249,4769,68,3763,250,8532,California
Yuba,2021-03-06,475,12784,35,3819,436,8960,4,5,369,5036,106,3869,373,8905,California
Yuba,2021-03-07,49,12833,27,3846,21,8981,1,6,33,5054,16,3885,34,8939,California
Yuba,2021-03-08,159,12992,49,3895,94,9075,16,22,100,5111,59,3944,116,9055,California
Yuba,2021-03-09,175,13167,46,3941,110,9185,19,41,83,5121,92,4036,102,9157,California
Yuba,2021-03-10,736,13903,233,4174,473,9658,30,71,232,4880,503,4539,262,9419,California
Yuba,2021-03-11,427,14330,186,4360,229,9887,12,83,294,5053,133,4672,306,9725,California
Yuba,2021-03-12,463,14793,87,4447,322,10209,54,137,150,4944,313,4985,204,9929,California
Yuba,2021-03-13,454,15247,334,4781,105,10314,15,152,360,5226,93,5078,375,10304,California
Yuba,2021-03-14,107,15354,21,4802,76,10390,10,162,46,5222,60,5138,56,10360,California
Yuba,2021-03-15,190,15544,49,4851,124,10514,17,179,96,5241,94,5232,113,10473,California
Yuba,2021-03-16,290,15834,71,4922,194,10708,25,204,177,5331,112,5344,202,10675,California
Yuba,2021-03-17,739,16573,162,5084,548,11256,29,233,193,5009,544,5888,222,10897,California
Yuba,2021-03-18,573,17146,151,5235,309,11565,113,346,349,5246,224,6112,461,11358,California
Yuba,2021-03-19,325,17471,120,5355,156,11721,49,395,186,5343,138,6250,235,11593,California
Yuba,2021-03-20,554,18025,80,5435,456,12177,18,413,474,5756,79,6329,492,12085,California
Yuba,2021-03-21,60,18085,35,5470,25,12202,0,413,48,5792,12,6341,48,12133,California
Yuba,2021-03-22,190,18275,70,5540,113,12315,7,420,148,5905,42,6383,155,12288,California
Yuba,2021-03-23,263,18538,79,5619,157,12472,27,447,177,6025,84,6467,204,12492,California
Yuba,2021-03-24,766,19304,252,5871,433,12905,81,528,187,5715,577,7044,267,12759,California
Yuba,2021-03-25,495,19799,262,6133,211,13116,22,550,244,5730,251,7295,266,13025,California
Yuba,2021-03-26,389,20188,143,6276,219,13335,27,577,223,5815,165,7460,250,13275,California
Yuba,2021-03-27,459,20647,27,6303,429,13764,3,580,404,6167,54,7514,406,13681,California
Yuba,2021-03-28,99,20746,40,6343,55,13819,4,584,37,6146,62,7576,41,13722,California
Yuba,2021-03-29,292,21038,86,6429,174,13993,32,616,176,6238,116,7692,208,13930,California
Yuba,2021-03-30,273,21311,67,6496,198,14191,8,624,192,6357,81,7773,200,14130,California
Yuba,2021-03-31,670,21981,113,6609,545,14736,12,636,240,6180,429,8202,252,14382,California
Yuba,2021-04-01,611,22592,282,6891,300,15036,29,665,278,6154,333,8535,307,14689,California
Yuba,2021-04-02,491,23083,93,6984,315,15351,83,748,184,6114,306,8841,266,14955,California
Yuba,2021-04-03,652,23735,55,7039,115,15466,482,1230,86,6117,565,9406,568,15523,California
Yuba,2021-04-04,58,23793,11,7050,41,15507,6,1236,33,6131,25,9431,39,15562,California
Yuba,2021-04-05,245,24038,78,7128,147,15654,20,1256,123,6153,120,9551,142,15704,California
Yuba,2021-04-06,352,24390,114,7242,177,15831,61,1317,168,6199,183,9734,229,15933,California
Yuba,2021-04-07,770,25160,396,7638,321,16152,53,1370,347,6178,420,10154,399,16332,California
Yuba,2021-04-08,724,25884,291,7929,171,16323,262,1632,258,6232,465,10619,519,16851,California
Yuba,2021-04-09,391,26275,170,8099,157,16480,64,1696,159,6224,231,10850,223,17074,California
Yuba,2021-04-10,593,26868,72,8171,74,16554,447,2143,70,6220,521,11371,517,17591,California
Yuba,2021-04-11,98,26966,22,8193,64,16618,12,2155,39,6212,59,11430,51,17642,California
Yuba,2021-04-12,210,27176,46,8239,135,16753,29,2184,80,6192,129,11559,109,17751,California
Yuba,2021-04-13,394,27570,100,8339,294,17047,0,2184,202,6203,191,11750,202,17953,California
Yuba,2021-04-14,690,28260,107,8446,583,17630,0,2184,117,5748,572,12322,117,18070,California
Yuba,2021-04-15,330,28590,124,8570,206,17836,0,2184,144,5706,186,12508,144,18214,California
Yuba,2021-04-16,331,28921,101,8671,230,18066,0,2184,179,5733,152,12660,179,18393,California
Yuba,2021-04-17,392,29313,55,8726,337,18403,0,2184,321,5984,70,12730,321,18714,California
Yuba,2021-04-18,52,29365,9,8735,43,18446,0,2184,24,5980,28,12758,24,18738,California
Yuba,2021-04-19,245,29610,102,8837,143,18589,0,2184,104,5943,141,12899,104,18842,California
Yuba,2021-04-20,301,29911,78,8915,223,18812,0,2184,175,5994,125,13024,176,19018,California
Yuba,2021-04-21,705,30616,287,9202,418,19230,0,2184,304,5897,401,13425,304,19322,California
Yuba,2021-04-22,311,30927,117,9319,194,19424,0,2184,177,5940,134,13559,177,19499,California
Yuba,2021-04-23,334,31261,105,9424,229,19653,0,2184,162,5930,172,13731,162,19661,California
Yuba,2021-04-24,216,31477,68,9492,148,19801,0,2184,123,5960,93,13824,123,19784,California
Yuba,2021-04-25,74,31551,30,9522,44,19845,0,2184,37,5960,37,13861,37,19821,California
Yuba,2021-04-26,217,31768,47,9569,166,20011,4,2188,102,5951,115,13976,106,19927,California
Yuba,2021-04-27,456,32224,149,9718,297,20308,10,2198,227,5961,227,14203,237,20164,California
Yuba,2021-04-28,415,32639,168,9886,242,20550,5,2203,134,5825,275,14478,139,20303,California
Yuba,2021-04-29,378,33017,60,9946,316,20866,2,2205,121,5692,256,14734,123,20426,California
Yuba,2021-04-30,307,33324,89,10035,190,21056,28,2233,133,5681,171,14905,160,20586,California
Yuba,2021-05-01,118,33442,33,10068,67,21123,18,2251,40,5662,77,14982,58,20644,California
Yuba,2021-05-02,29,33471,17,10085,9,21132,3,2254,16,5668,13,14995,19,20663,California
Yuba,2021-05-03,83,33554,22,10107,55,21187,6,2260,29,5652,51,15046,35,20698,California
Yuba,2021-05-04,189,33743,53,10160,123,21310,13,2273,83,5642,106,15152,96,20794,California
