county,administered_date,total_doses,cumulative_total_doses,pfizer_doses,cumulative_pfizer_doses,moderna_doses,cumulative_moderna_doses,jj_doses,cumulative_jj_doses,partially_vaccinated,total_partially_vaccinated,fully_vaccinated,cumulative_fully_vaccinated,at_least_one_dose,cumulative_at_least_one_dose,california_flag
All CA Counties,2020-12-15,1154,1154,1154,1154,0,0,0,0,1154,1154,0,0,1154,1154,
All CA Counties,2020-12-16,8455,9609,8455,9609,0,0,0,0,8455,9609,0,0,8455,9609,
All CA Counties,2020-12-17,26516,36125,26516,36125,0,0,0,0,26518,36127,0,0,26518,36127,
All CA Counties,2020-12-18,45227,81352,45168,81293,59,59,0,0,45227,81353,1,1,45227,81354,
All CA Counties,2020-12-19,25503,106855,25477,106770,26,85,0,0,25502,106854,1,2,25502,106856,
All CA Counties,2020-12-20,19118,125973,19089,125859,29,114,0,0,19117,125970,1,3,19117,125973,
All CA Counties,2020-12-21,49776,175749,49684,175543,92,206,0,0,49777,175745,3,6,49778,175751,
All CA Counties,2020-12-22,50166,225915,48027,223570,2139,2345,0,0,50158,225897,6,12,50158,225909,
All CA Counties,2020-12-23,50727,276642,41912,265482,8815,11160,0,0,50721,276616,5,17,50724,276633,
All CA Counties,2020-12-24,24104,300746,16351,281833,7753,18913,0,0,24099,300712,5,22,24101,300734,
All CA Counties,2020-12-25,2349,303095,2024,283857,325,19238,0,0,2349,303061,0,22,2349,303083,
All CA Counties,2020-12-26,14628,317723,9470,293327,5158,24396,0,0,14626,317685,2,24,14626,317709,
All CA Counties,2020-12-27,9465,327188,5606,298933,3859,28255,0,0,9462,327144,3,27,9462,327171,
All CA Counties,2020-12-28,46098,373286,29525,328458,16573,44828,0,0,46095,373236,3,30,46095,373266,
All CA Counties,2020-12-29,51323,424609,28596,357054,22727,67555,0,0,51318,424550,4,34,51318,424584,
All CA Counties,2020-12-30,63134,487743,35646,392700,27488,95043,0,0,63122,487666,9,43,63125,487709,
All CA Counties,2020-12-31,29575,517318,10931,403631,18644,113687,0,0,29555,517204,18,61,29556,517265,
All CA Counties,2021-01-01,4581,521899,2071,405702,2510,116197,0,0,4573,521770,7,68,4573,521838,
All CA Counties,2021-01-02,18528,540427,10251,415953,8277,124474,0,0,18523,540291,2,70,18523,540361,
All CA Counties,2021-01-03,6201,546628,3509,419462,2692,127166,0,0,6167,546445,13,83,6167,546528,
All CA Counties,2021-01-04,43619,590247,22012,441474,21607,148773,0,0,43539,589943,41,124,43539,590067,
All CA Counties,2021-01-05,56703,646950,29895,471369,26808,175581,0,0,51049,635493,5593,5717,51143,641210,
All CA Counties,2021-01-06,73592,720542,40605,511974,32987,208568,0,0,57876,677872,15536,21253,57915,699125,
All CA Counties,2021-01-07,92517,813059,52649,564623,39868,248436,0,0,61003,707593,31340,52593,61061,760186,
All CA Counties,2021-01-08,107025,920084,64279,628902,42746,291182,0,0,65234,731246,41650,94243,65303,825489,
All CA Counties,2021-01-09,44495,964579,25595,654497,18900,310082,0,0,27862,742530,16606,110849,27890,853379,
All CA Counties,2021-01-10,24372,988951,14889,669386,9483,319565,0,0,13111,744417,11243,122092,13130,866509,
All CA Counties,2021-01-11,104771,1093722,69694,739080,35077,354642,0,0,60785,761438,43939,166031,60960,927469,
All CA Counties,2021-01-12,114062,1207784,67596,806676,46466,401108,0,0,72478,792679,41479,207510,72720,1000189,
All CA Counties,2021-01-13,119580,1327364,62064,868740,57516,458624,0,0,85555,844388,33936,241446,85645,1085834,
All CA Counties,2021-01-14,124274,1451638,49844,918584,74430,533054,0,0,104499,929395,19671,261117,104678,1190512,
All CA Counties,2021-01-15,142423,1594061,52088,970672,90335,623389,0,0,127152,1041601,15173,276290,127379,1317891,
All CA Counties,2021-01-16,80760,1674821,27454,998126,53306,676695,0,0,73131,1107184,7601,283891,73184,1391075,
All CA Counties,2021-01-17,48322,1723143,16900,1015026,31422,708117,0,0,44641,1148200,3671,287562,44687,1435762,
All CA Counties,2021-01-18,88353,1811496,46123,1061149,42230,750347,0,0,68977,1198052,19302,306864,69154,1504916,
All CA Counties,2021-01-19,142386,1953882,73804,1134953,68582,818929,0,0,111087,1278267,31202,338066,111417,1616333,
All CA Counties,2021-01-20,161253,2115135,82249,1217202,79004,897933,0,0,127433,1372377,33592,371658,127702,1744035,
All CA Counties,2021-01-21,174395,2289530,77243,1294445,97152,995085,0,0,155117,1508821,19050,390708,155494,1899529,
All CA Counties,2021-01-22,170496,2460026,69506,1363951,100990,1096075,0,0,156061,1650750,14291,404999,156220,2055749,
All CA Counties,2021-01-23,111713,2571739,49508,1413459,62205,1158280,0,0,99113,1737441,12540,417539,99231,2154980,
All CA Counties,2021-01-24,60947,2632686,29384,1442843,31563,1189843,0,0,56248,1789090,4664,422203,56313,2211293,
All CA Counties,2021-01-25,145530,2778216,65420,1508263,80110,1269953,0,0,110197,1864471,35195,457398,110576,2321869,
All CA Counties,2021-01-26,169403,2947619,83047,1591310,86356,1356309,0,0,131604,1958696,37659,495057,131884,2453753,
All CA Counties,2021-01-27,183014,3130633,87832,1679142,95182,1451491,0,0,143261,2062762,39412,534469,143478,2597231,
All CA Counties,2021-01-28,188521,3319154,86839,1765981,101682,1553173,0,0,154063,2182907,34156,568625,154301,2751532,
All CA Counties,2021-01-29,184386,3503540,88427,1854408,95959,1649132,0,0,149360,2298015,34435,603060,149543,2901075,
All CA Counties,2021-01-30,123889,3627429,55685,1910093,68204,1717336,0,0,108379,2391207,15336,618396,108528,3009603,
All CA Counties,2021-01-31,69157,3696586,38609,1948702,30548,1747884,0,0,64203,2450569,4899,623295,64261,3073864,
All CA Counties,2021-02-01,162188,3858774,75704,2024406,86484,1834368,0,0,121132,2530959,40873,664168,121263,3195127,
All CA Counties,2021-02-02,186129,4044903,78288,2102694,107841,1942209,0,0,141335,2628018,44500,708668,141559,3336686,
All CA Counties,2021-02-03,211979,4256882,95954,2198648,116025,2058234,0,0,157269,2731340,54203,762871,157525,3494211,
All CA Counties,2021-02-04,228822,4485704,100131,2298779,128691,2186925,0,0,167819,2839070,60458,823329,168188,3662399,
All CA Counties,2021-02-05,246955,4732659,106692,2405471,140263,2327188,0,0,167686,2928866,78442,901771,168238,3830637,
All CA Counties,2021-02-06,155044,4887703,74975,2480446,80069,2407257,0,0,120108,3014708,34762,936533,120604,3951241,
All CA Counties,2021-02-07,66976,4954679,43294,2523740,23682,2430939,0,0,50490,3049248,16402,952935,50942,4002183,
All CA Counties,2021-02-08,181352,5136031,89172,2612912,92180,2523119,0,0,119527,3108152,61374,1014309,120278,4122461,
All CA Counties,2021-02-09,211754,5347785,102264,2715176,109490,2632609,0,0,126789,3151603,84497,1098806,127948,4250409,
All CA Counties,2021-02-10,249664,5597449,120127,2835303,129537,2762146,0,0,138403,3181079,110412,1209218,139888,4390297,
All CA Counties,2021-02-11,266562,5864011,131797,2967100,134765,2896911,0,0,145330,3208169,120056,1329274,147146,4537443,
All CA Counties,2021-02-12,273863,6137874,119983,3087083,153880,3050791,0,0,147532,3232694,125403,1454677,149928,4687371,
All CA Counties,2021-02-13,167451,6305325,77760,3164843,89691,3140482,0,0,92290,3252174,74767,1529444,94247,4781618,
All CA Counties,2021-02-14,95801,6401126,47718,3212561,48083,3188565,0,0,51741,3261580,43882,1573326,53288,4834906,
All CA Counties,2021-02-15,142988,6544114,62670,3275231,80318,3268883,0,0,78997,3280110,63602,1636928,82132,4917038,
All CA Counties,2021-02-16,249714,6793828,118435,3393666,131279,3400162,0,0,133403,3300713,115915,1752843,136518,5053556,
All CA Counties,2021-02-17,259804,7053632,129295,3522961,130509,3530671,0,0,129094,3302912,130131,1882974,132330,5185886,
All CA Counties,2021-02-18,273868,7327500,142657,3665618,131211,3661882,0,0,132256,3298560,140852,2023826,136500,5322386,
All CA Counties,2021-02-19,253975,7581475,147149,3812767,106826,3768708,0,0,130798,3308805,122649,2146475,132894,5455280,
All CA Counties,2021-02-20,154201,7735676,98736,3911503,55465,3824173,0,0,84816,3326521,69094,2215569,86810,5542090,
All CA Counties,2021-02-21,82974,7818650,68674,3980177,14300,3838473,0,0,41723,3328813,40983,2256552,43275,5585365,
All CA Counties,2021-02-22,165339,7983989,110651,4090828,54688,3893161,0,0,82749,3331036,82249,2338801,84472,5669837,
All CA Counties,2021-02-23,227493,8211482,120317,4211145,107176,4000337,0,0,105842,3321901,121004,2459805,111869,5781706,
All CA Counties,2021-02-24,284454,8495936,143822,4354967,140632,4140969,0,0,135017,3315707,148780,2608585,142586,5924292,
All CA Counties,2021-02-25,323280,8819216,159407,4514374,163873,4304842,0,0,169291,3340337,153261,2761846,177891,6102183,
All CA Counties,2021-02-26,357987,9177203,166881,4681255,191106,4495948,0,0,199291,3389204,157741,2919587,206608,6308791,
All CA Counties,2021-02-27,253898,9431101,123542,4804797,130332,4626280,24,24,144264,3428944,108980,3028567,148720,6457511,
All CA Counties,2021-02-28,135319,9566420,81091,4885888,54215,4680495,13,37,79601,3456149,55257,3083824,82462,6539973,
All CA Counties,2021-03-01,245266,9811686,130505,5016393,114625,4795120,136,173,141219,3498374,103201,3187025,145426,6685399,
All CA Counties,2021-03-02,290595,10102281,146763,5163156,143801,4938921,31,204,175247,3565776,114786,3301811,182188,6867587,
All CA Counties,2021-03-03,335946,10438227,167308,5330464,168572,5107493,66,270,194112,3626174,141100,3442911,201498,7069085,
All CA Counties,2021-03-04,353561,10791788,178721,5509185,174742,5282235,98,368,207806,3696177,144961,3587872,214964,7284049,
All CA Counties,2021-03-05,341092,11132880,167653,5676838,172308,5454543,1131,1499,212197,3788738,128042,3715914,220603,7504652,
All CA Counties,2021-03-06,260090,11392970,133518,5810356,118714,5573257,7858,9357,161730,3865113,97922,3813836,174297,7678949,
All CA Counties,2021-03-07,128166,11521136,78710,5889066,45280,5618537,4176,13533,80339,3905675,47627,3861463,88189,7767138,
All CA Counties,2021-03-08,221383,11742519,108246,5997312,102636,5721173,10501,24034,145058,3990337,75891,3937354,160553,7927691,
All CA Counties,2021-03-09,293330,12035849,140226,6137538,137168,5858341,15936,39970,164290,4046112,128525,4065879,184300,8111991,
All CA Counties,2021-03-10,324526,12360375,161775,6299313,138249,5996590,24502,64472,175490,4101967,148319,4214198,204174,8316165,
All CA Counties,2021-03-11,378377,12738752,183080,6482393,161952,6158542,33345,97817,194036,4150224,183340,4397538,231597,8547762,
All CA Counties,2021-03-12,397440,13136192,177673,6660066,173431,6331973,46336,144153,194631,4193434,201938,4599476,245148,8792910,
All CA Counties,2021-03-13,284724,13420916,125364,6785430,128187,6460160,31173,175326,153619,4251833,130637,4730113,189036,8981946,
All CA Counties,2021-03-14,155181,13576097,83432,6868862,56641,6516801,15108,190434,78634,4271588,76240,4806353,95995,9077941,
All CA Counties,2021-03-15,291928,13868025,139699,7008561,131588,6648389,20641,211075,158624,4321729,132508,4938861,182649,9260590,
All CA Counties,2021-03-16,371848,14239873,174773,7183334,179678,6828067,17397,228472,215568,4402402,155496,5094357,236169,9496759,
All CA Counties,2021-03-17,386419,14626292,191653,7374987,176114,7004181,18652,247124,239384,4516814,146139,5240496,260551,9757310,
All CA Counties,2021-03-18,404143,15030435,207136,7582123,178657,7182838,18350,265474,239696,4613615,163296,5403792,260097,10017407,
All CA Counties,2021-03-19,412859,15443294,217369,7799492,173802,7356640,21688,287162,239590,4704599,172254,5576046,263238,10280645,
All CA Counties,2021-03-20,295683,15738977,155644,7955136,124120,7480760,15919,303081,186608,4800219,108350,5684396,203970,10484615,
All CA Counties,2021-03-21,144324,15883301,99882,8055018,36900,7517660,7542,310623,88612,4842421,55303,5739699,97505,10582120,
All CA Counties,2021-03-22,274563,16157864,159764,8214782,103560,7621220,11239,321862,178512,4939956,95221,5834920,192756,10774876,
All CA Counties,2021-03-23,359781,16517645,198453,8413235,150232,7771452,11096,332958,220863,5036576,137958,5972878,234578,11009454,
All CA Counties,2021-03-24,389085,16906730,222681,8635916,153860,7925312,12544,345502,225792,5115015,161993,6134871,240432,11249886,
All CA Counties,2021-03-25,419549,17326279,231187,8867103,173456,8098768,14906,360408,237395,5188689,180776,6315647,254450,11504336,
All CA Counties,2021-03-26,436345,17762624,233311,9100414,186911,8285679,16123,376531,235427,5243457,199632,6515279,254400,11758736,
All CA Counties,2021-03-27,313750,18076374,166900,9267314,135047,8420726,11803,388334,157671,5259990,155191,6670470,171724,11930460,
All CA Counties,2021-03-28,169517,18245891,109136,9376450,56791,8477517,3590,391924,88711,5273875,80332,6750802,94217,12024677,
All CA Counties,2021-03-29,311481,18557372,167514,9543964,134910,8612427,9057,400981,173144,5321072,137512,6888314,184709,12209386,
All CA Counties,2021-03-30,399978,18957350,202511,9746475,179208,8791635,18259,419240,224717,5391409,174420,7062734,244757,12454143,
All CA Counties,2021-03-31,427707,19385057,232464,9978939,173473,8965108,21770,441010,237743,5463094,188850,7251584,260535,12714678,
All CA Counties,2021-04-01,493933,19878990,252860,10231799,200629,9165737,40444,481454,271846,5555934,220581,7472165,313421,13028099,
All CA Counties,2021-04-02,475491,20354481,231832,10463631,200385,9366122,43274,524728,257894,5642418,216300,7688465,302784,13330883,
All CA Counties,2021-04-03,330519,20685000,168494,10632125,120476,9486598,41549,566277,164611,5684496,165208,7853673,207286,13538169,
All CA Counties,2021-04-04,132653,20817653,69195,10701320,44378,9530976,19080,585357,58052,5687487,74267,7927940,77258,13615427,
All CA Counties,2021-04-05,354391,21172044,182593,10883913,131903,9662879,39895,625252,174199,5724575,179445,8107385,216533,13831960,
All CA Counties,2021-04-06,459077,21631121,232648,11116561,160777,9823656,65652,690904,222495,5779029,235587,8342972,290041,14122001,
All CA Counties,2021-04-07,474063,22105184,246313,11362874,157582,9981238,70168,761072,230544,5838234,242505,8585477,301710,14423711,
All CA Counties,2021-04-08,501541,22606725,253081,11615955,163813,10145051,84647,845719,235886,5896565,264389,8849866,322720,14746431,
All CA Counties,2021-04-09,496914,23103639,247808,11863763,168992,10314043,80114,925833,228726,5941373,267041,9116907,311849,15058280,
All CA Counties,2021-04-10,368492,23472131,168699,12032462,125349,10439392,74444,1000277,154523,5959813,213164,9330071,231604,15289884,
All CA Counties,2021-04-11,188127,23660258,105702,12138164,48332,10487724,34093,1034370,78114,5965207,109638,9439709,115032,15404916,
All CA Counties,2021-04-12,341796,24002054,175658,12313822,127828,10615552,38310,1072680,158155,5982647,182589,9622298,200029,15604945,
All CA Counties,2021-04-13,435088,24437142,243616,12557438,190507,10806059,965,1073645,243129,6038936,190874,9813172,247163,15852108,
All CA Counties,2021-04-14,455470,24892612,255416,12812854,199760,11005819,294,1073939,237366,6064341,216827,10029999,242232,16094340,
All CA Counties,2021-04-15,495998,25388610,288995,13101849,206706,11212525,297,1074236,277651,6128457,216769,10246768,280885,16375225,
All CA Counties,2021-04-16,480654,25869264,270459,13372308,209882,11422407,313,1074549,256410,6164846,222826,10469594,259215,16634440,
All CA Counties,2021-04-17,345398,26214662,193666,13565974,151667,11574074,65,1074614,196684,6217034,147755,10617349,199943,16834383,
All CA Counties,2021-04-18,156143,26370805,99215,13665189,56910,11630984,18,1074632,80484,6225363,75201,10692550,83530,16917913,
All CA Counties,2021-04-19,322077,26692882,185005,13850194,136974,11767958,98,1074730,152690,6211690,168380,10860930,154707,17072620,
All CA Counties,2021-04-20,410798,27103680,218494,14068688,192223,11960181,81,1074811,204279,6213839,205359,11066289,207508,17280128,
All CA Counties,2021-04-21,424983,27528663,240078,14308766,184634,12144815,271,1075082,204743,6203464,218617,11284906,208242,17488370,
All CA Counties,2021-04-22,448293,27976956,255116,14563882,193099,12337914,78,1075160,200101,6160250,246695,11531601,203481,17691851,
All CA Counties,2021-04-23,440307,28417263,250099,14813981,190117,12528031,91,1075251,199679,6124261,239141,11770742,203152,17895003,
All CA Counties,2021-04-24,325790,28743053,205065,15019046,120546,12648577,179,1075430,165470,6133872,159328,11930070,168939,18063942,
All CA Counties,2021-04-25,149814,28892867,98731,15117777,51009,12699586,74,1075504,80551,6147170,68773,11998843,82071,18146013,
All CA Counties,2021-04-26,300943,29193810,173573,15291350,125830,12825416,1540,1077044,131555,6116502,168336,12167179,137668,18283681,
All CA Counties,2021-04-27,369411,29563221,203389,15494739,159386,12984802,6636,1083680,149054,6056261,219151,12386330,158910,18442591,
All CA Counties,2021-04-28,353308,29916529,201891,15696630,143495,13128297,7922,1091602,145567,6005595,206575,12592905,155909,18598500,
All CA Counties,2021-04-29,362942,30279471,208497,15905127,146508,13274805,7937,1099539,133216,5920188,228478,12821383,143071,18741571,
All CA Counties,2021-04-30,376051,30655522,214862,16119989,152245,13427050,8944,1108483,142543,5841566,232155,13053538,153533,18895104,
All CA Counties,2021-05-01,248182,30903704,158569,16278558,83546,13510596,6067,1114550,90076,5782768,157200,13210738,98402,18993506,
All CA Counties,2021-05-02,117009,31020713,81769,16360327,31357,13541953,3883,1118433,40926,5752318,75661,13286399,45211,19038717,
All CA Counties,2021-05-03,254044,31274757,155894,16516221,89387,13631340,8763,1127196,77587,5664051,175552,13461951,87285,19126002,
All CA Counties,2021-05-04,328200,31602957,199909,16716130,118486,13749826,9805,1137001,97522,5543034,229570,13691521,108553,19234555,
All CA Counties,2021-05-05,335100,31938057,209124,16925254,115912,13865738,10064,1147065,94903,5410106,238911,13930432,105983,19340538,
All CA Counties,2021-05-06,349606,32287663,227756,17153010,111304,13977042,10546,1157611,88596,5252430,259326,14189758,101650,19442188,
All CA Counties,2021-05-07,349265,32636928,218420,17371430,120968,14098010,9877,1167488,94989,5105714,252853,14442611,106137,19548325,
All CA Counties,2021-05-08,225845,32862773,142973,17514403,75990,14174000,6882,1174370,61811,5012821,163061,14605672,70168,19618493,
All CA Counties,2021-05-09,93355,32956128,70358,17584761,20025,14194025,2972,1177342,25340,4973910,67677,14673349,28766,19647259,
All CA Counties,2021-05-10,202654,33158782,115275,17700036,79537,14273562,7842,1185184,50575,4882394,151242,14824591,59726,19706985,
All CA Counties,2021-05-11,266365,33425147,149269,17849305,108485,14382047,8611,1193795,70731,4768801,194674,15019265,81081,19788066,
All CA Counties,2021-05-12,268567,33693714,155925,18005230,103527,14485574,9115,1202910,75800,4663183,191697,15210962,86079,19874145,
All CA Counties,2021-05-13,316271,34009985,204414,18209644,104452,14590026,7405,1210315,121591,4601326,193514,15404476,131657,20005802,
All CA Counties,2021-05-14,339705,34349690,218139,18427783,112667,14702693,8899,1219214,135468,4544814,202968,15607444,146456,20152258,
All CA Counties,2021-05-15,278707,34628397,194779,18622562,77965,14780658,5963,1225177,114878,4503697,162944,15770388,121827,20274085,
All CA Counties,2021-05-16,136344,34764741,104604,18727166,28812,14809470,2928,1228105,55196,4481536,80691,15851079,58530,20332615,
All CA Counties,2021-05-17,238782,35003523,156959,18884125,74414,14883884,7409,1235514,95850,4443620,142036,15993115,104120,20436735,
All CA Counties,2021-05-18,279745,35283268,170291,19054416,102062,14985946,7392,1242906,110399,4394588,168226,16161341,119194,20555929,
All CA Counties,2021-05-19,274553,35557821,171556,19225972,95450,15081396,7547,1250453,115106,4359964,158396,16319737,123772,20679701,
All CA Counties,2021-05-20,261403,35819224,155925,19381897,97362,15178758,8116,1258569,101829,4313002,158428,16478165,111466,20791167,
All CA Counties,2021-05-21,281579,36100803,173157,19555054,100473,15279231,7949,1266518,108912,4259690,171395,16649560,118083,20909250,
All CA Counties,2021-05-22,203444,36304247,134753,19689807,62488,15341719,6203,1272721,86907,4238179,115748,16765308,94237,21003487,
All CA Counties,2021-05-23,86568,36390815,60205,19750012,23673,15365392,2690,1275411,37899,4230898,48251,16813559,40970,21044457,
All CA Counties,2021-05-24,167256,36558071,96923,19846935,62048,15427440,8285,1283696,63129,4199845,103323,16916882,72270,21116727,
All CA Counties,2021-05-25,189092,36747163,111076,19958011,70028,15497468,7988,1291684,71846,4165123,116228,17033110,81506,21198233,
All CA Counties,2021-05-26,184080,36931243,106009,20064020,70242,15567710,7829,1299513,71818,4134724,111166,17144276,80767,21279000,
All CA Counties,2021-05-27,171786,37103029,98278,20162298,65022,15632732,8486,1307999,70280,4113956,100667,17244943,79899,21358899,
All CA Counties,2021-05-28,188098,37291127,108577,20270875,72443,15705175,7078,1315077,81915,4098880,105221,17350164,90145,21449044,
All CA Counties,2021-05-29,106375,37397502,65336,20336211,37260,15742435,3779,1318856,50965,4099261,54879,17405043,55260,21504304,
All CA Counties,2021-05-30,46775,37444277,30859,20367070,13467,15755902,2449,1321305,20937,4097297,25604,17430647,23640,21527944,
All CA Counties,2021-05-31,19730,37464007,11618,20378688,7141,15763043,971,1322276,6455,4091718,13128,17443775,7549,21535493,
All CA Counties,2021-06-01,167693,37631700,97926,20476614,62748,15825791,7019,1329295,62097,4057140,104627,17548402,70049,21605542,
All CA Counties,2021-06-02,142122,37773822,84063,20560677,50990,15876781,7069,1336364,54824,4033394,86407,17634809,62661,21668203,
All CA Counties,2021-06-03,170204,37944026,116491,20677168,46717,15923498,6996,1343360,52103,3976243,117265,17752074,60114,21728317,
All CA Counties,2021-06-04,198342,38142368,139816,20816984,52410,15975908,6116,1349476,59662,3906223,137641,17889715,67621,21795938,
All CA Counties,2021-06-05,156188,38298556,117947,20934931,32689,16008597,5552,1355028,43769,3844835,111648,18001363,50260,21846198,
All CA Counties,2021-06-06,63369,38361925,53378,20988309,7785,16016382,2206,1357234,18535,3821831,44549,18045912,21545,21867743,
All CA Counties,2021-06-07,135892,38497817,99780,21088089,30260,16046642,5852,1363086,40841,3774783,94455,18140367,47407,21915150,
All CA Counties,2021-06-08,157393,38655210,114353,21202442,36326,16082968,6714,1369800,47660,3721334,108852,18249219,55403,21970553,
All CA Counties,2021-06-09,151372,38806582,110213,21312655,34445,16117413,6714,1376514,42115,3662599,108475,18357694,49740,22020293,
All CA Counties,2021-06-10,145949,38952531,105182,21417837,33500,16150913,7267,1383781,43078,3611823,102160,18459854,51384,22071677,
All CA Counties,2021-06-11,158118,39110649,111146,21528983,40309,16191222,6663,1390444,49288,3560727,107947,18567801,56851,22128528,
All CA Counties,2021-06-12,114114,39224763,86479,21615462,23945,16215167,3690,1394134,32718,3516935,80851,18648652,37059,22165587,
All CA Counties,2021-06-13,44394,39269157,33064,21648526,9292,16224459,2038,1396172,11453,3498113,32705,18681357,13883,22179470,
All CA Counties,2021-06-14,114719,39383876,81567,21730093,26425,16250884,6727,1402899,39136,3469588,74998,18756355,46473,22225943,
All CA Counties,2021-06-15,131137,39515013,88652,21818745,33772,16284656,8713,1411612,44109,3437090,86200,18842555,53702,22279645,
All CA Counties,2021-06-16,119897,39634910,84470,21903215,27813,16312469,7614,1419226,41482,3409234,77681,18920236,49825,22329470,
All CA Counties,2021-06-17,112212,39747122,78101,21981316,26708,16339177,7403,1426629,39879,3385529,71611,18991847,47906,22377376,
All CA Counties,2021-06-18,126113,39873235,87615,22068931,31470,16370647,7028,1433657,45442,3358932,79814,19071661,53217,22430593,
All CA Counties,2021-06-19,75045,39948280,54762,22123693,16578,16387225,3705,1437362,28119,3344949,46312,19117973,32329,22462922,
All CA Counties,2021-06-20,30538,39978818,22987,22146680,6204,16393429,1347,1438709,11532,3339244,18797,19136770,13092,22476014,
All CA Counties,2021-06-21,69794,40048612,43927,22190607,20266,16413695,5601,1444310,36063,3348064,33358,19170128,42178,22518192,
All CA Counties,2021-06-22,98060,40146672,68719,22259326,23991,16437686,5350,1449660,38383,3333347,59103,19229231,44386,22562578,
All CA Counties,2021-06-23,88570,40235242,62850,22322176,20699,16458385,5021,1454681,36407,3323705,51650,19280881,42008,22604586,
All CA Counties,2021-06-24,46397,40281639,32639,22354815,9980,16468365,3778,1458459,17562,3316806,28481,19309362,21582,22626168,
All CA and Non-CA Counties,2020-12-15,1163,1163,1163,1163,0,0,0,0,1163,1163,0,0,1163,1163,
All CA and Non-CA Counties,2020-12-16,8728,9891,8728,9891,0,0,0,0,8728,9891,0,0,8728,9891,
All CA and Non-CA Counties,2020-12-17,28124,38015,28124,38015,0,0,0,0,28124,38015,0,0,28124,38015,
All CA and Non-CA Counties,2020-12-18,47760,85775,47694,85709,66,66,0,0,47759,85773,1,1,47759,85774,
All CA and Non-CA Counties,2020-12-19,26538,112313,26511,112220,27,93,0,0,26537,112309,1,2,26537,112311,
All CA and Non-CA Counties,2020-12-20,19795,132108,19763,131983,32,125,0,0,19794,132102,1,3,19794,132105,
All CA and Non-CA Counties,2020-12-21,51955,184063,51860,183843,95,220,0,0,51952,184052,3,6,51953,184058,
All CA and Non-CA Counties,2020-12-22,52228,236291,50014,233857,2214,2434,0,0,52220,236266,6,12,52220,236278,
All CA and Non-CA Counties,2020-12-23,52256,288547,43298,277155,8958,11392,0,0,52249,288512,6,18,52252,288530,
All CA and Non-CA Counties,2020-12-24,24905,313452,16962,294117,7943,19335,0,0,24900,313409,5,23,24902,313432,
All CA and Non-CA Counties,2020-12-25,2383,315835,2053,296170,330,19665,0,0,2383,315792,0,23,2383,315815,
All CA and Non-CA Counties,2020-12-26,14935,330770,9677,305847,5258,24923,0,0,14933,330723,2,25,14933,330748,
All CA and Non-CA Counties,2020-12-27,9654,340424,5678,311525,3976,28899,0,0,9651,340371,3,28,9651,340399,
All CA and Non-CA Counties,2020-12-28,47508,387932,30426,341951,17082,45981,0,0,47504,387872,3,31,47504,387903,
All CA and Non-CA Counties,2020-12-29,52868,440800,29618,371569,23250,69231,0,0,52863,440731,4,35,52863,440766,
All CA and Non-CA Counties,2020-12-30,65064,505864,36923,408492,28141,97372,0,0,65052,505777,9,44,65055,505821,
All CA and Non-CA Counties,2020-12-31,30675,536539,11528,420020,19147,116519,0,0,30653,536412,19,63,30654,536475,
All CA and Non-CA Counties,2021-01-01,4696,541235,2097,422117,2599,119118,0,0,4688,541093,7,70,4688,541163,
All CA and Non-CA Counties,2021-01-02,18775,560010,10385,432502,8390,127508,0,0,18769,559859,3,73,18769,559932,
All CA and Non-CA Counties,2021-01-03,6373,566383,3602,436104,2771,130279,0,0,6339,566185,13,86,6339,566271,
All CA and Non-CA Counties,2021-01-04,44761,611144,22522,458626,22239,152518,0,0,44675,610818,42,128,44675,610946,
All CA and Non-CA Counties,2021-01-05,58250,669394,30715,489341,27535,180053,0,0,52402,657530,5785,5913,52497,663443,
All CA and Non-CA Counties,2021-01-06,76266,745660,42188,531529,34078,214131,0,0,59818,701122,16265,22178,59857,723300,
All CA and Non-CA Counties,2021-01-07,96712,842372,55251,586780,41461,255592,0,0,63541,731729,32994,55172,63601,786901,
All CA and Non-CA Counties,2021-01-08,111505,953877,67184,653964,44321,299913,0,0,67849,756144,43506,98678,67921,854822,
All CA and Non-CA Counties,2021-01-09,45806,999683,26131,680095,19675,319588,0,0,28846,768087,16933,115611,28876,883698,
All CA and Non-CA Counties,2021-01-10,24683,1024366,15077,695172,9606,329194,0,0,13300,770041,11365,126976,13319,897017,
All CA and Non-CA Counties,2021-01-11,108050,1132416,71710,766882,36340,365534,0,0,62735,787683,45268,172244,62910,959927,
All CA and Non-CA Counties,2021-01-12,117906,1250322,69903,836785,48003,413537,0,0,74778,819689,43018,215262,75024,1034951,
All CA and Non-CA Counties,2021-01-13,123252,1373574,63874,900659,59378,472915,0,0,88046,872712,35117,250379,88140,1123091,
All CA and Non-CA Counties,2021-01-14,127946,1501520,51113,951772,76833,549748,0,0,107526,960116,20303,270682,107707,1230798,
All CA and Non-CA Counties,2021-01-15,146635,1648155,53090,1004862,93545,643293,0,0,130886,1075591,15638,286320,131113,1361911,
All CA and Non-CA Counties,2021-01-16,83419,1731574,27847,1032709,55572,698865,0,0,75615,1143485,7774,294094,75668,1437579,
All CA and Non-CA Counties,2021-01-17,48828,1780402,17055,1049764,31773,730638,0,0,45098,1184909,3720,297814,45144,1482723,
All CA and Non-CA Counties,2021-01-18,89612,1870014,46948,1096712,42664,773302,0,0,69775,1235100,19762,317576,69953,1552676,
All CA and Non-CA Counties,2021-01-19,146506,2016520,75163,1171875,71343,844645,0,0,114305,1317635,32103,349679,114638,1667314,
All CA and Non-CA Counties,2021-01-20,165773,2182293,83754,1255629,82019,926664,0,0,130957,1414277,34585,384264,131227,1798541,
All CA and Non-CA Counties,2021-01-21,178684,2360977,78457,1334086,100227,1026891,0,0,158829,1553870,19613,403877,159206,1957747,
All CA and Non-CA Counties,2021-01-22,175152,2536129,70631,1404717,104521,1131412,0,0,160311,1699649,14692,418569,160471,2118218,
All CA and Non-CA Counties,2021-01-23,113999,2650128,49863,1454580,64136,1195548,0,0,101232,1788292,12707,431276,101350,2219568,
All CA and Non-CA Counties,2021-01-24,61556,2711684,29633,1484213,31923,1227471,0,0,56778,1840390,4745,436021,56843,2276411,
All CA and Non-CA Counties,2021-01-25,150076,2861760,67417,1551630,82659,1310130,0,0,113875,1918588,36058,472079,114256,2390667,
All CA and Non-CA Counties,2021-01-26,175543,3037303,86083,1637713,89460,1399590,0,0,136887,2017244,38518,510597,137174,2527841,
All CA and Non-CA Counties,2021-01-27,188165,3225468,90589,1728302,97576,1497166,0,0,147781,2125204,40039,550636,147999,2675840,
All CA and Non-CA Counties,2021-01-28,193938,3419406,89829,1818131,104109,1601275,0,0,158882,2249578,34746,585382,159120,2834960,
All CA and Non-CA Counties,2021-01-29,189411,3608817,91625,1909756,97786,1699061,0,0,153578,2368103,35239,620621,153764,2988724,
All CA and Non-CA Counties,2021-01-30,128336,3737153,58120,1967876,70216,1769277,0,0,112596,2465281,15568,636189,112746,3101470,
All CA and Non-CA Counties,2021-01-31,72223,3809376,41252,2009128,30971,1800248,0,0,67213,2527598,4955,641144,67272,3168742,
All CA and Non-CA Counties,2021-02-01,167803,3977179,78315,2087443,89488,1889736,0,0,126017,2612150,41596,682740,126148,3294890,
All CA and Non-CA Counties,2021-02-02,192995,4170174,80503,2167946,112492,2002228,0,0,147467,2714618,45223,727963,147691,3442581,
All CA and Non-CA Counties,2021-02-03,219445,4389619,98089,2266035,121356,2123584,0,0,163842,2823631,55087,783050,164100,3606681,
All CA and Non-CA Counties,2021-02-04,235765,4625384,102361,2368396,133404,2256988,0,0,173732,2936257,61476,844526,174102,3780783,
All CA and Non-CA Counties,2021-02-05,253772,4879156,108930,2477326,144842,2401830,0,0,173410,3030690,79529,924055,173962,3954745,
All CA and Non-CA Counties,2021-02-06,159469,5038625,77130,2554456,82339,2484169,0,0,124062,3120025,35226,959281,124561,4079306,
All CA and Non-CA Counties,2021-02-07,69208,5107833,45132,2599588,24076,2508245,0,0,52635,3156626,16488,975769,53089,4132395,
All CA and Non-CA Counties,2021-02-08,186708,5294541,92563,2692151,94145,2602390,0,0,123788,3218707,62458,1038227,124539,4256934,
All CA and Non-CA Counties,2021-02-09,216054,5510595,104198,2796349,111856,2714246,0,0,129762,3263829,85813,1124040,130935,4387869,
All CA and Non-CA Counties,2021-02-10,255343,5765938,122104,2918453,133239,2847485,0,0,141604,3294079,112880,1236920,143130,4530999,
All CA and Non-CA Counties,2021-02-11,271533,6037471,134157,3052610,137376,2984861,0,0,148920,3323408,121425,1358345,150754,4681753,
All CA and Non-CA Counties,2021-02-12,279188,6316659,121977,3174587,157211,3142072,0,0,150977,3349515,127270,1485615,153377,4835130,
All CA and Non-CA Counties,2021-02-13,169875,6486534,78495,3253082,91380,3233452,0,0,94136,3370276,75344,1560959,96105,4931235,
All CA and Non-CA Counties,2021-02-14,97166,6583700,48142,3301224,49024,3282476,0,0,52854,3380550,44129,1605088,54403,4985638,
All CA and Non-CA Counties,2021-02-15,145627,6729327,64276,3365500,81351,3363827,0,0,80272,3399013,64947,1670035,83410,5069048,
All CA and Non-CA Counties,2021-02-16,256292,6985619,121449,3486949,134843,3498670,0,0,136029,3418306,119856,1789891,139149,5208197,
All CA and Non-CA Counties,2021-02-17,265770,7251389,132294,3619243,133476,3632146,0,0,130933,3418228,134252,1924143,134174,5342371,
All CA and Non-CA Counties,2021-02-18,280533,7531922,146509,3765752,134024,3766170,0,0,134359,3411444,145388,2069531,138604,5480975,
All CA and Non-CA Counties,2021-02-19,259915,7791837,151293,3917045,108622,3874792,0,0,133295,3420754,126083,2195614,135393,5616368,
All CA and Non-CA Counties,2021-02-20,157655,7949492,101531,4018576,56124,3930916,0,0,86088,3437565,71272,2266886,88083,5704451,
All CA and Non-CA Counties,2021-02-21,85750,8035242,71226,4089802,14524,3945440,0,0,42611,3438863,42865,2309751,44163,5748614,
All CA and Non-CA Counties,2021-02-22,168833,8204075,113207,4203009,55626,4001066,0,0,84393,3440888,84096,2393847,86121,5834735,
All CA and Non-CA Counties,2021-02-23,233560,8437635,123727,4326736,109833,4110899,0,0,108197,3430418,124708,2518555,114238,5948973,
All CA and Non-CA Counties,2021-02-24,290909,8728544,147386,4474122,143523,4254422,0,0,137482,3422710,152764,2671319,145056,6094029,
All CA and Non-CA Counties,2021-02-25,330268,9058812,162962,4637084,167306,4421728,0,0,172377,3446563,157131,2828450,180984,6275013,
All CA and Non-CA Counties,2021-02-26,364897,9423709,170527,4807611,194370,4616098,0,0,202418,3494862,161438,2989888,209737,6484750,
All CA and Non-CA Counties,2021-02-27,259394,9683103,126313,4933924,133056,4749154,25,25,146157,3532910,112569,3102457,150617,6635367,
All CA and Non-CA Counties,2021-02-28,137771,9820874,82869,5016793,54888,4804042,14,39,80413,3559295,56892,3159349,83277,6718644,
All CA and Non-CA Counties,2021-03-01,250290,10071164,133688,5150481,116465,4920507,137,176,142606,3599287,106827,3266176,146819,6865463,
All CA and Non-CA Counties,2021-03-02,297354,10368518,149262,5299743,148061,5068568,31,207,177326,3664106,119450,3385626,184269,7049732,
All CA and Non-CA Counties,2021-03-03,343894,10712412,170438,5470181,173388,5241956,68,275,196805,3721963,146339,3531965,204196,7253928,
All CA and Non-CA Counties,2021-03-04,360436,11072848,181673,5651854,178659,5420615,104,379,210142,3789789,149482,3681447,217308,7471236,
All CA and Non-CA Counties,2021-03-05,346390,11419238,170334,5822188,174911,5595526,1145,1524,214948,3882584,130581,3812028,223376,7694612,
All CA and Non-CA Counties,2021-03-06,264716,11683954,135670,5957858,121030,5716556,8016,9540,164081,3959205,100194,3912222,176815,7871427,
All CA and Non-CA Counties,2021-03-07,129768,11813722,79737,6037595,45798,5762354,4233,13773,81313,4000172,48255,3960477,89222,7960649,
All CA and Non-CA Counties,2021-03-08,224544,12038266,110124,6147719,103669,5866023,10751,24524,147280,4086403,76802,4037279,163033,8123682,
All CA and Non-CA Counties,2021-03-09,298070,12336336,142673,6290392,139143,6005166,16254,40778,167078,4143335,130474,4167753,187406,8311088,
All CA and Non-CA Counties,2021-03-10,328938,12665274,163885,6454277,140037,6145203,25016,65794,178211,4200749,150002,4317755,207416,8518504,
All CA and Non-CA Counties,2021-03-11,384569,13049843,186248,6640525,164283,6309486,34038,99832,197349,4250141,186211,4503966,235603,8754107,
All CA and Non-CA Counties,2021-03-12,403970,13453813,181610,6822135,175296,6484782,47064,146896,198199,4294697,204888,4708854,249444,9003551,
All CA and Non-CA Counties,2021-03-13,288548,13742361,127572,6949707,129327,6614109,31649,178545,156209,4354938,131863,4840717,192104,9195655,
All CA and Non-CA Counties,2021-03-14,156993,13899354,84363,7034070,57179,6671288,15451,193996,79622,4375202,77063,4917780,97327,9292982,
All CA and Non-CA Counties,2021-03-15,295994,14195348,141825,7175895,133056,6804344,21113,215109,160793,4426096,134400,5052180,185294,9478276,
All CA and Non-CA Counties,2021-03-16,379415,14574763,179161,7355056,182463,6986807,17791,232900,219777,4508013,158851,5211031,240768,9719044,
All CA and Non-CA Counties,2021-03-17,394885,14969648,197122,7552178,178729,7165536,19034,251934,244469,4624519,149513,5360544,266019,9985063,
All CA and Non-CA Counties,2021-03-18,412484,15382132,212280,7764458,181309,7346845,18895,270829,244513,4723169,166809,5527353,265459,10250522,
All CA and Non-CA Counties,2021-03-19,420201,15802333,221721,7986179,176249,7523094,22231,293060,243990,4816163,175191,5702544,268185,10518707,
All CA and Non-CA Counties,2021-03-20,300451,16102784,158787,8144966,125657,7648751,16007,309067,190252,4914403,109463,5812007,207703,10726410,
All CA and Non-CA Counties,2021-03-21,146424,16249208,101322,8246288,37472,7686223,7630,316697,90291,4957955,55720,5867727,99272,10825682,
All CA and Non-CA Counties,2021-03-22,277862,16527070,161755,8408043,104778,7791001,11329,328026,180771,5056810,96249,5963976,195104,11020786,
All CA and Non-CA Counties,2021-03-23,365881,16892951,201560,8609603,152917,7943918,11404,339430,224993,5155914,139913,6103889,239017,11259803,
All CA and Non-CA Counties,2021-03-24,396433,17289384,226446,8836049,156994,8100912,12993,352423,230852,5237579,164274,6268163,245939,11505742,
All CA and Non-CA Counties,2021-03-25,427841,17717225,235045,9071094,177365,8278277,15431,367854,243410,5315531,183039,6451202,260991,11766733,
All CA and Non-CA Counties,2021-03-26,443046,18160271,236849,9307943,189892,8468169,16305,384159,239839,5372631,201893,6653095,258993,12025726,
All CA and Non-CA Counties,2021-03-27,319322,18479593,170020,9477963,137281,8605450,12021,396180,161167,5390806,157261,6810356,175436,12201162,
All CA and Non-CA Counties,2021-03-28,172614,18652207,110793,9588756,58070,8663520,3751,399931,90707,5405754,81426,6891782,96374,12297536,
All CA and Non-CA Counties,2021-03-29,316706,18968913,169839,9758595,137465,8800985,9402,409333,176134,5454059,139739,7031521,188044,12485580,
All CA and Non-CA Counties,2021-03-30,406896,19375809,206151,9964746,181918,8982903,18827,428160,228803,5526237,177240,7208761,249418,12734998,
All CA and Non-CA Counties,2021-03-31,434077,19809886,236264,10201010,175265,9158168,22548,450708,241133,5599113,191824,7400585,264700,12999698,
All CA and Non-CA Counties,2021-04-01,501533,20311419,257419,10458429,203016,9361184,41098,491806,276259,5693833,223759,7624344,318479,13318177,
All CA and Non-CA Counties,2021-04-02,483980,20795399,236344,10694773,203213,9564397,44423,536229,262281,5781756,220393,7844737,308316,13626493,
All CA and Non-CA Counties,2021-04-03,336835,21132234,172280,10867053,121845,9686242,42710,578939,167974,5825411,168155,8012892,211810,13838303,
All CA and Non-CA Counties,2021-04-04,134451,21266685,70080,10937133,45052,9731294,19319,598258,59034,5828807,75081,8087973,78477,13916780,
All CA and Non-CA Counties,2021-04-05,358559,21625244,184614,11121747,133383,9864677,40562,638820,176192,5866384,181614,8269587,219191,14135971,
All CA and Non-CA Counties,2021-04-06,466255,22091499,236504,11358251,162452,10027129,67299,706119,225364,5921056,239881,8509468,294553,14430524,
All CA and Non-CA Counties,2021-04-07,482307,22573806,250940,11609191,159498,10186627,71869,777988,233752,5980136,247529,8756997,306609,14737133,
All CA and Non-CA Counties,2021-04-08,509838,23083644,257447,11866638,165797,10352424,86594,864582,239201,6038744,269361,9026358,327969,15065102,
All CA and Non-CA Counties,2021-04-09,504512,23588156,251701,12118339,170729,10523153,82082,946664,231648,6083775,271704,9298062,316735,15381837,
All CA and Non-CA Counties,2021-04-10,374598,23962754,171691,12290030,126600,10649753,76307,1022971,156198,6101320,217586,9515648,235131,15616968,
All CA and Non-CA Counties,2021-04-11,190991,24153745,107266,12397296,48987,10698740,34738,1057709,79085,6106439,111527,9627175,116646,15733614,
All CA and Non-CA Counties,2021-04-12,346009,24499754,178013,12575309,129125,10827865,38871,1096580,160036,6123997,184914,9812089,202472,15936086,
All CA and Non-CA Counties,2021-04-13,440965,24940719,247370,12822679,192606,11020471,989,1097569,246165,6180512,193708,10005797,250223,16186309,
All CA and Non-CA Counties,2021-04-14,460970,25401689,258940,13081619,201732,11222203,298,1097867,240373,6206460,219313,10225110,245261,16431570,
All CA and Non-CA Counties,2021-04-15,502206,25903895,292910,13374529,208992,11431195,304,1098171,280971,6271084,219605,10444715,284229,16715799,
All CA and Non-CA Counties,2021-04-16,486615,26390510,273873,13648402,212422,11643617,320,1098491,259726,6308176,225458,10670173,262550,16978349,
All CA and Non-CA Counties,2021-04-17,350954,26741464,197166,13845568,153722,11797339,66,1098557,199881,6361235,150101,10820274,203160,17181509,
All CA and Non-CA Counties,2021-04-18,158285,26899749,100415,13945983,57851,11855190,19,1098576,81508,6369478,76314,10896588,84557,17266066,
All CA and Non-CA Counties,2021-04-19,326277,27226026,187030,14133013,139148,11994338,99,1098675,154850,6355942,170408,11066996,156872,17422938,
All CA and Non-CA Counties,2021-04-20,416234,27642260,220983,14353996,195170,12189508,81,1098756,206503,6357113,208561,11275557,209732,17632670,
All CA and Non-CA Counties,2021-04-21,431474,28073734,242810,14596806,188388,12377896,276,1099032,207080,6344946,222752,11498309,210585,17843255,
All CA and Non-CA Counties,2021-04-22,455165,28528899,258631,14855437,196454,12574350,80,1099112,202607,6299904,251048,11749357,206006,18049261,
All CA and Non-CA Counties,2021-04-23,446218,28975117,253100,15108537,193026,12767376,92,1099204,202081,6262870,242631,11991988,205597,18254858,
All CA and Non-CA Counties,2021-04-24,330493,29305610,208132,15316669,122177,12889553,184,1099388,167333,6271552,162160,12154148,170842,18425700,
All CA and Non-CA Counties,2021-04-25,152052,29457662,99989,15416658,51988,12941541,75,1099463,81729,6284976,69829,12223977,83253,18508953,
All CA and Non-CA Counties,2021-04-26,305104,29762766,175417,15592075,128120,13069661,1567,1101030,133438,6253950,170604,12394581,139578,18648531,
All CA and Non-CA Counties,2021-04-27,375136,30137902,205510,15797585,162617,13232278,7009,1108039,151053,6192374,222866,12617447,161290,18809821,
All CA and Non-CA Counties,2021-04-28,358201,30496103,203974,16001559,145907,13378185,8320,1116359,147498,6141087,209522,12826969,158235,18968056,
All CA and Non-CA Counties,2021-04-29,367816,30863919,210751,16212310,148694,13526879,8371,1124730,135049,6054926,231500,13058469,145339,19113395,
All CA and Non-CA Counties,2021-04-30,380984,31244903,217237,16429547,154374,13681253,9373,1134103,144388,5975523,235230,13293699,155827,19269222,
All CA and Non-CA Counties,2021-05-01,251382,31496285,160425,16589972,84461,13765714,6496,1140599,91340,5916543,159124,13452823,100144,19369366,
All CA and Non-CA Counties,2021-05-02,118874,31615159,82861,16672833,32006,13797720,4007,1144606,41759,5886024,76689,13529512,46170,19415536,
All CA and Non-CA Counties,2021-05-03,256967,31872126,157486,16830319,90431,13888151,9050,1153656,78716,5797383,177341,13706853,88700,19504236,
All CA and Non-CA Counties,2021-05-04,332161,32204287,202038,17032357,119876,14008027,10247,1163903,98840,5675489,232205,13939058,110311,19614547,
All CA and Non-CA Counties,2021-05-05,339572,32543859,211626,17243983,117510,14125537,10436,1174339,96519,5541707,241760,14180818,107978,19722525,
All CA and Non-CA Counties,2021-05-06,354104,32897963,230511,17474494,112703,14238240,10890,1185229,90164,5383019,262250,14443068,103562,19826087,
All CA and Non-CA Counties,2021-05-07,353911,33251874,221092,17695586,122554,14360794,10265,1195494,96588,5235259,255887,14698955,108127,19934214,
All CA and Non-CA Counties,2021-05-08,229054,33480928,145128,17840714,76792,14437586,7134,1202628,62863,5141526,165208,14864163,71475,20005689,
All CA and Non-CA Counties,2021-05-09,94736,33575664,71272,17911986,20366,14457952,3098,1205726,25932,5102547,68461,14932624,29482,20035171,
All CA and Non-CA Counties,2021-05-10,205222,33780886,116446,18028432,80601,14538553,8175,1213901,51493,5010643,152883,15085507,60979,20096150,
All CA and Non-CA Counties,2021-05-11,269344,34050230,150679,18179111,109751,14648304,8914,1222815,71852,4896620,196530,15282037,82507,20178657,
All CA and Non-CA Counties,2021-05-12,271766,34321996,157461,18336572,104863,14753167,9442,1232257,77069,4790674,193621,15475658,87675,20266332,
All CA and Non-CA Counties,2021-05-13,319492,34641488,206291,18542863,105583,14858750,7618,1239875,123030,4728693,195291,15670949,133310,20399642,
All CA and Non-CA Counties,2021-05-14,343289,34984777,220165,18763028,113988,14972738,9136,1249011,137099,4672107,204912,15875861,148326,20547968,
All CA and Non-CA Counties,2021-05-15,281363,35266140,196349,18959377,78908,15051646,6106,1255117,116027,4630785,164443,16040304,123121,20671089,
All CA and Non-CA Counties,2021-05-16,137986,35404126,105653,19065030,29335,15080981,2998,1258115,55945,4608553,81581,16121885,59349,20730438,
All CA and Non-CA Counties,2021-05-17,241839,35645965,158584,19223614,75609,15156590,7646,1265761,97170,4570461,143768,16265653,105676,20836114,
All CA and Non-CA Counties,2021-05-18,282996,35928961,171930,19395544,103353,15259943,7713,1273474,111855,4521427,170008,16435661,120974,20957088,
All CA and Non-CA Counties,2021-05-19,277912,36206873,173243,19568787,96853,15356796,7816,1281290,116575,4486662,160275,16595936,125510,21082598,
All CA and Non-CA Counties,2021-05-20,264539,36471412,157657,19726444,98516,15455312,8366,1289656,103252,4439673,160130,16756066,113141,21195739,
All CA and Non-CA Counties,2021-05-21,284789,36756201,174946,19901390,101641,15556953,8202,1297858,110295,4386182,173210,16929276,119719,21315458,
All CA and Non-CA Counties,2021-05-22,206260,36962461,136600,20037990,63254,15620207,6406,1304264,88429,4365109,117036,17046312,95963,21411421,
All CA and Non-CA Counties,2021-05-23,88102,37050563,61203,20099193,24131,15644338,2768,1307032,38666,4357908,49017,17095329,41816,21453237,
All CA and Non-CA Counties,2021-05-24,169612,37220175,98024,20197217,62956,15707294,8632,1315664,64147,4326891,104652,17199981,73635,21526872,
All CA and Non-CA Counties,2021-05-25,191464,37411639,112176,20309393,70962,15778256,8326,1323990,72849,4292150,117588,17317569,82847,21609719,
All CA and Non-CA Counties,2021-05-26,186471,37598110,107113,20416506,71172,15849428,8186,1332176,72818,4261729,112549,17430118,82128,21691847,
All CA and Non-CA Counties,2021-05-27,173969,37772079,99364,20515870,65830,15915258,8775,1340951,71274,4241061,101849,17531967,81181,21773028,
All CA and Non-CA Counties,2021-05-28,190547,37962626,109799,20625669,73315,15988573,7433,1348384,83031,4226131,106547,17638514,91617,21864645,
All CA and Non-CA Counties,2021-05-29,108050,38070676,66175,20691844,37741,16026314,4134,1352518,51687,4226641,55828,17694342,56338,21920983,
All CA and Non-CA Counties,2021-05-30,47696,38118372,31421,20723265,13701,16040015,2574,1355092,21398,4224807,26060,17720402,24226,21945209,
All CA and Non-CA Counties,2021-05-31,20154,38138526,11803,20735068,7340,16047355,1011,1356103,6635,4219216,13360,17733762,7769,21952978,
All CA and Non-CA Counties,2021-06-01,169857,38308383,99065,20834133,63465,16110820,7327,1363430,63147,4184888,105737,17839499,71409,22024387,
All CA and Non-CA Counties,2021-06-02,144166,38452549,85086,20919219,51664,16162484,7416,1370846,55774,4161356,87490,17926989,63958,22088345,
All CA and Non-CA Counties,2021-06-03,172368,38624917,117689,21036908,47371,16209855,7308,1378154,53087,4104327,118438,18045427,61409,22149754,
All CA and Non-CA Counties,2021-06-04,200912,38825829,141255,21178163,53224,16263079,6433,1384587,60786,4034307,139081,18184508,69061,22218815,
All CA and Non-CA Counties,2021-06-05,157924,38983753,119160,21297323,33049,16296128,5715,1390302,44565,3972943,112584,18297092,51220,22270035,
All CA and Non-CA Counties,2021-06-06,64327,39048080,54098,21351421,7939,16304067,2290,1392592,18999,3949994,45042,18342134,22093,22292128,
All CA and Non-CA Counties,2021-06-07,137832,39185912,100830,21452251,30818,16334885,6184,1398776,41663,3902983,95572,18437706,48561,22340689,
All CA and Non-CA Counties,2021-06-08,159475,39345387,115545,21567796,36871,16371756,7059,1405835,48470,3849422,110118,18547824,56557,22397246,
All CA and Non-CA Counties,2021-06-09,153357,39498744,111405,21679201,34953,16406709,6999,1412834,42937,3790636,109632,18657456,50846,22448092,
All CA and Non-CA Counties,2021-06-10,147897,39646641,106315,21785516,34008,16440717,7574,1420408,43911,3739891,103270,18760726,52525,22500617,
All CA and Non-CA Counties,2021-06-11,160290,39806931,112399,21897915,40900,16481617,6991,1427399,50214,3688811,109186,18869912,58106,22558723,
All CA and Non-CA Counties,2021-06-12,115701,39922632,87659,21985574,24227,16505844,3815,1431214,33348,3644823,81804,18951716,37816,22596539,
All CA and Non-CA Counties,2021-06-13,45344,39967976,33713,22019287,9494,16515338,2137,1433351,11873,3625994,33231,18984947,14402,22610941,
All CA and Non-CA Counties,2021-06-14,116463,40084439,82546,22101833,26896,16542234,7021,1440372,39881,3597513,75991,19060938,47510,22658451,
All CA and Non-CA Counties,2021-06-15,132866,40217305,89608,22191441,34276,16576510,8982,1449354,44883,3565109,87149,19148087,54745,22713196,
All CA and Non-CA Counties,2021-06-16,121550,40338855,85451,22276892,28268,16604778,7831,1457185,42285,3537431,78523,19226610,50845,22764041,
All CA and Non-CA Counties,2021-06-17,114020,40452875,79107,22355999,27176,16631954,7737,1464922,40701,3513899,72594,19299204,49062,22813103,
All CA and Non-CA Counties,2021-06-18,128046,40580921,88673,22444672,31901,16663855,7472,1472394,46276,3487486,80907,19380111,54494,22867597,
All CA and Non-CA Counties,2021-06-19,76089,40657010,55456,22500128,16836,16680691,3797,1476191,28661,3473638,46810,19426921,32962,22900559,
All CA and Non-CA Counties,2021-06-20,31318,40688328,23553,22523681,6370,16687061,1395,1477586,11998,3468136,19108,19446029,13606,22914165,
All CA and Non-CA Counties,2021-06-21,71053,40759381,44561,22568242,20591,16707652,5901,1483487,36753,3477382,33922,19479951,43168,22957333,
All CA and Non-CA Counties,2021-06-22,99668,40859049,69746,22637988,24340,16731992,5582,1489069,39263,3463054,59826,19539777,45498,23002831,
All CA and Non-CA Counties,2021-06-23,90167,40949216,63714,22701702,21118,16753110,5335,1494404,37167,3453654,52480,19592257,43080,23045911,
All CA and Non-CA Counties,2021-06-24,47237,40996453,33034,22734736,10196,16763306,4007,1498411,17965,3446951,28917,19621174,22214,23068125,
Outside California,2020-12-15,9,9,9,9,0,0,0,0,9,9,0,0,9,9,Not in California
Outside California,2020-12-16,273,282,273,282,0,0,0,0,273,282,0,0,273,282,Not in California
Outside California,2020-12-17,1606,1888,1606,1888,0,0,0,0,1606,1888,0,0,1606,1888,Not in California
Outside California,2020-12-18,2532,4420,2525,4413,7,7,0,0,2532,4420,0,0,2532,4420,Not in California
Outside California,2020-12-19,1035,5455,1034,5447,1,8,0,0,1035,5455,0,0,1035,5455,Not in California
Outside California,2020-12-20,677,6132,674,6121,3,11,0,0,677,6132,0,0,677,6132,Not in California
Outside California,2020-12-21,2175,8307,2172,8293,3,14,0,0,2175,8307,0,0,2175,8307,Not in California
Outside California,2020-12-22,2062,10369,1987,10280,75,89,0,0,2062,10369,0,0,2062,10369,Not in California
Outside California,2020-12-23,1529,11898,1386,11666,143,232,0,0,1528,11896,1,1,1528,11897,Not in California
Outside California,2020-12-24,801,12699,611,12277,190,422,0,0,801,12697,0,1,801,12698,Not in California
Outside California,2020-12-25,34,12733,29,12306,5,427,0,0,34,12731,0,1,34,12732,Not in California
Outside California,2020-12-26,307,13040,207,12513,100,527,0,0,307,13038,0,1,307,13039,Not in California
Outside California,2020-12-27,189,13229,72,12585,117,644,0,0,189,13227,0,1,189,13228,Not in California
Outside California,2020-12-28,1406,14635,897,13482,509,1153,0,0,1406,14633,0,1,1406,14634,Not in California
Outside California,2020-12-29,1540,16175,1018,14500,522,1675,0,0,1540,16173,0,1,1540,16174,Not in California
Outside California,2020-12-30,1876,18051,1223,15723,653,2328,0,0,1876,18049,0,1,1876,18050,Not in California
Outside California,2020-12-31,1099,19150,597,16320,502,2830,0,0,1098,19146,1,2,1098,19148,Not in California
Outside California,2021-01-01,115,19265,26,16346,89,2919,0,0,115,19261,0,2,115,19263,Not in California
Outside California,2021-01-02,246,19511,134,16480,112,3031,0,0,245,19505,1,3,245,19508,Not in California
Outside California,2021-01-03,172,19683,93,16573,79,3110,0,0,172,19677,0,3,172,19680,Not in California
Outside California,2021-01-04,1139,20822,507,17080,632,3742,0,0,1134,20810,1,4,1134,20814,Not in California
Outside California,2021-01-05,1547,22369,820,17900,727,4469,0,0,1353,21972,192,196,1354,22168,Not in California
Outside California,2021-01-06,2670,25039,1581,19481,1089,5558,0,0,1938,23181,729,925,1938,24106,Not in California
Outside California,2021-01-07,4126,29165,2534,22015,1592,7150,0,0,2470,23999,1654,2579,2472,26578,Not in California
Outside California,2021-01-08,4479,33644,2905,24920,1574,8724,0,0,2613,24759,1856,4435,2616,29194,Not in California
Outside California,2021-01-09,1309,34953,534,25454,775,9499,0,0,981,25415,327,4762,983,30177,Not in California
Outside California,2021-01-10,311,35264,188,25642,123,9622,0,0,189,25482,122,4884,189,30366,Not in California
Outside California,2021-01-11,3259,38523,1996,27638,1263,10885,0,0,1930,26083,1329,6213,1930,32296,Not in California
Outside California,2021-01-12,3832,42355,2296,29934,1536,12421,0,0,2290,26838,1538,7751,2293,34589,Not in California
Outside California,2021-01-13,3661,46016,1799,31733,1862,14283,0,0,2479,28140,1181,8932,2483,37072,Not in California
Outside California,2021-01-14,3669,49685,1266,32999,2403,16686,0,0,3024,30534,632,9564,3026,40098,Not in California
Outside California,2021-01-15,4205,53890,996,33995,3209,19895,0,0,3727,33796,465,10029,3727,43825,Not in California
Outside California,2021-01-16,2653,56543,387,34382,2266,22161,0,0,2478,36101,173,10202,2478,46303,Not in California
Outside California,2021-01-17,502,57045,151,34533,351,22512,0,0,453,36505,49,10251,453,46756,Not in California
Outside California,2021-01-18,1204,58249,770,35303,434,22946,0,0,745,36793,458,10709,746,47502,Not in California
Outside California,2021-01-19,4096,62345,1335,36638,2761,25707,0,0,3198,39096,898,11607,3201,50703,Not in California
Outside California,2021-01-20,4441,66786,1426,38064,3015,28722,0,0,3496,41652,941,12548,3497,54200,Not in California
Outside California,2021-01-21,4235,71021,1162,39226,3073,31795,0,0,3657,44747,562,13110,3657,57857,Not in California
Outside California,2021-01-22,4620,75641,1094,40320,3526,35321,0,0,4214,48561,401,13511,4215,62072,Not in California
Outside California,2021-01-23,2274,77915,348,40668,1926,37247,0,0,2107,50501,167,13678,2107,64179,Not in California
Outside California,2021-01-24,607,78522,247,40915,360,37607,0,0,526,50946,81,13759,526,64705,Not in California
Outside California,2021-01-25,4527,83049,1980,42895,2547,40154,0,0,3662,53750,860,14619,3664,68369,Not in California
Outside California,2021-01-26,6051,89100,2948,45843,3103,43257,0,0,5192,58091,858,15477,5199,73568,Not in California
Outside California,2021-01-27,5134,94234,2740,48583,2394,45651,0,0,4504,61970,626,16103,4505,78073,Not in California
Outside California,2021-01-28,5267,99501,2842,51425,2425,48076,0,0,4726,66166,530,16633,4726,82799,Not in California
Outside California,2021-01-29,4884,104385,3057,54482,1827,49903,0,0,4073,69439,803,17436,4076,86875,Not in California
Outside California,2021-01-30,4436,108821,2426,56908,2010,51913,0,0,4204,73414,230,17666,4205,91080,Not in California
Outside California,2021-01-31,3051,111872,2628,59536,423,52336,0,0,2994,76353,56,17722,2995,94075,Not in California
Outside California,2021-02-01,5580,117452,2578,62114,3002,55338,0,0,4866,80514,705,18427,4866,98941,Not in California
Outside California,2021-02-02,6799,124251,2149,64263,4650,59988,0,0,6074,85873,715,19142,6074,105015,Not in California
Outside California,2021-02-03,7422,131673,2092,66355,5330,65318,0,0,6541,91544,872,20014,6543,111558,Not in California
Outside California,2021-02-04,6883,138556,2175,68530,4708,70026,0,0,5859,96392,1012,21026,5860,117418,Not in California
Outside California,2021-02-05,6798,145354,2223,70753,4575,74601,0,0,5710,101020,1082,22108,5710,123128,Not in California
Outside California,2021-02-06,4411,149765,2141,72894,2270,76871,0,0,3944,104509,458,22566,3947,127075,Not in California
Outside California,2021-02-07,2223,151988,1829,74723,394,77265,0,0,2138,106565,84,22650,2140,129215,Not in California
Outside California,2021-02-08,5300,157288,3338,78061,1962,79227,0,0,4246,109768,1043,23693,4246,133461,Not in California
Outside California,2021-02-09,4281,161569,1915,79976,2366,81593,0,0,2969,111450,1301,24994,2983,136444,Not in California
Outside California,2021-02-10,5645,167214,1947,81923,3698,85291,0,0,3192,112240,2443,27437,3233,139677,Not in California
Outside California,2021-02-11,4883,172097,2273,84196,2610,87901,0,0,3547,114482,1323,28760,3565,143242,Not in California
Outside California,2021-02-12,5281,177378,1958,86154,3323,91224,0,0,3431,116080,1837,30597,3435,146677,Not in California
Outside California,2021-02-13,2412,179790,730,86884,1682,92906,0,0,1838,117357,573,31170,1850,148527,Not in California
Outside California,2021-02-14,1358,181148,422,87306,936,93842,0,0,1109,118223,245,31415,1111,149638,Not in California
Outside California,2021-02-15,2595,183743,1568,88874,1027,94869,0,0,1247,118142,1331,32746,1250,150888,Not in California
Outside California,2021-02-16,6467,190210,2914,91788,3553,98422,0,0,2593,116877,3863,36609,2598,153486,Not in California
Outside California,2021-02-17,5954,196164,2989,94777,2965,101387,0,0,1835,114603,4114,40723,1840,155326,Not in California
Outside California,2021-02-18,6564,202728,3756,98533,2808,104195,0,0,2086,112238,4452,45175,2087,157413,Not in California
Outside California,2021-02-19,5749,208477,3958,102491,1791,105986,0,0,2444,111387,3297,48472,2446,159859,Not in California
Outside California,2021-02-20,3448,211925,2791,105282,657,106643,0,0,1270,110484,2174,50646,1271,161130,Not in California
Outside California,2021-02-21,2761,214686,2537,107819,224,106867,0,0,887,109503,1868,52514,887,162017,Not in California
Outside California,2021-02-22,3486,218172,2548,110367,938,107805,0,0,1639,109303,1844,54358,1644,163661,Not in California
Outside California,2021-02-23,6007,224179,3361,113728,2646,110451,0,0,2340,107997,3660,58018,2354,166015,Not in California
Outside California,2021-02-24,6416,230595,3533,117261,2883,113334,0,0,2451,106494,3959,61977,2456,168471,Not in California
Outside California,2021-02-25,6920,237515,3500,120761,3420,116754,0,0,3062,105738,3825,65802,3069,171540,Not in California
Outside California,2021-02-26,6872,244387,3622,124383,3250,120004,0,0,3107,105164,3683,69485,3109,174649,Not in California
Outside California,2021-02-27,5473,249860,2755,127138,2717,122721,1,1,1881,103468,3581,73066,1885,176534,Not in California
Outside California,2021-02-28,2434,252294,1765,128903,668,123389,1,2,801,102642,1630,74696,804,177338,Not in California
Outside California,2021-03-01,4980,257274,3157,132060,1822,125211,1,3,1363,100404,3607,78303,1369,178707,Not in California
Outside California,2021-03-02,6739,264013,2490,134550,4249,129460,0,3,2067,97815,4658,82961,2069,180776,Not in California
Outside California,2021-03-03,7937,271950,3123,137673,4812,134272,2,5,2686,95270,5236,88197,2691,183467,Not in California
Outside California,2021-03-04,6832,278782,2912,140585,3914,138186,6,11,2323,93110,4491,92688,2331,185798,Not in California
Outside California,2021-03-05,5273,284055,2666,143251,2593,140779,14,25,2728,93327,2533,95221,2750,188548,Not in California
Outside California,2021-03-06,4606,288661,2140,145391,2310,143089,156,181,2335,93559,2268,97489,2500,191048,Not in California
Outside California,2021-03-07,1601,290262,1026,146417,518,143607,57,238,972,93962,628,98117,1031,192079,Not in California
Outside California,2021-03-08,3130,293392,1856,148273,1026,144633,248,486,2215,95547,886,99003,2471,194550,Not in California
Outside California,2021-03-09,4703,298095,2417,150690,1972,146605,314,800,2779,96720,1920,100923,3093,197643,Not in California
Outside California,2021-03-10,4403,302498,2105,152795,1787,148392,511,1311,2716,98276,1678,102601,3234,200877,Not in California
Outside California,2021-03-11,6163,308661,3155,155950,2329,150721,679,1990,3306,99411,2850,105451,3985,204862,Not in California
Outside California,2021-03-12,6463,315124,3885,159835,1855,152576,723,2713,3558,100797,2895,108346,4281,209143,Not in California
Outside California,2021-03-13,3809,318933,2204,162039,1133,153709,472,3185,2584,102639,1216,109562,3058,212201,Not in California
Outside California,2021-03-14,1798,320731,925,162964,532,154241,341,3526,983,103149,815,110377,1325,213526,Not in California
Outside California,2021-03-15,4036,324767,2116,165080,1450,155691,470,3996,2149,103892,1880,112257,2623,216149,Not in California
Outside California,2021-03-16,7518,332285,4367,169447,2761,158452,390,4386,4181,105125,3334,115591,4567,220716,Not in California
Outside California,2021-03-17,8429,340714,5455,174902,2593,161045,381,4767,5053,107190,3370,118961,5435,226151,Not in California
Outside California,2021-03-18,8309,349023,5125,180027,2639,163684,545,5312,4797,109030,3502,122463,5342,231493,Not in California
Outside California,2021-03-19,7314,356337,4334,184361,2437,166121,543,5855,4377,111024,2930,125393,4924,236417,Not in California
Outside California,2021-03-20,4741,361078,3128,187489,1525,167646,88,5943,3629,113640,1102,126495,3718,240135,Not in California
Outside California,2021-03-21,2082,363160,1428,188917,566,168212,88,6031,1665,114979,414,126909,1753,241888,Not in California
Outside California,2021-03-22,3263,366423,1972,190889,1202,169414,89,6120,2241,116292,1016,127925,2329,244217,Not in California
Outside California,2021-03-23,6076,372499,3098,193987,2675,172089,303,6423,4118,118770,1944,129869,4422,248639,Not in California
Outside California,2021-03-24,7326,379825,3756,197743,3121,175210,449,6872,5043,121984,2276,132145,5490,254129,Not in California
Outside California,2021-03-25,8255,388080,3834,201577,3896,179106,525,7397,5989,126245,2254,134399,6515,260644,Not in California
Outside California,2021-03-26,6665,394745,3518,205095,2970,182076,177,7574,4394,128569,2246,136645,4570,265214,Not in California
Outside California,2021-03-27,5539,400284,3105,208200,2219,184295,215,7789,3478,130208,2052,138697,3691,268905,Not in California
Outside California,2021-03-28,3079,403363,1648,209848,1270,185565,161,7950,1984,131264,1089,139786,2145,271050,Not in California
Outside California,2021-03-29,5186,408549,2306,212154,2535,188100,345,8295,2966,132360,2215,142001,3311,274361,Not in California
Outside California,2021-03-30,6876,415425,3613,215767,2695,190795,568,8863,4061,134191,2805,144806,4636,278997,Not in California
Outside California,2021-03-31,6334,421759,3778,219545,1778,192573,778,9641,3364,135367,2963,147769,4139,283136,Not in California
Outside California,2021-04-01,7577,429336,4544,224089,2379,194952,654,10295,4396,137235,3173,150942,5041,288177,Not in California
Outside California,2021-04-02,8450,437786,4495,228584,2815,197767,1140,11435,4371,138672,4070,155012,5507,293684,Not in California
Outside California,2021-04-03,6297,444083,3777,232361,1359,199126,1161,12596,3350,140246,2937,157949,4511,298195,Not in California
Outside California,2021-04-04,1783,445866,881,233242,663,199789,239,12835,973,140647,809,158758,1210,299405,Not in California
Outside California,2021-04-05,4137,450003,2004,235246,1467,201256,666,13501,1977,141133,2155,160913,2641,302046,Not in California
Outside California,2021-04-06,7156,457159,3842,239088,1668,202924,1646,15147,2857,141349,4283,165196,4499,306545,Not in California
Outside California,2021-04-07,8207,465366,4602,243690,1905,204829,1700,16847,3182,141207,5015,170211,4873,311418,Not in California
Outside California,2021-04-08,8260,473626,4342,248032,1977,206806,1941,18788,3298,141482,4951,175162,5226,316644,Not in California
Outside California,2021-04-09,7563,481189,3869,251901,1726,208532,1968,20756,2898,141692,4652,179814,4862,321506,Not in California
Outside California,2021-04-10,6095,487284,2983,254884,1250,209782,1862,22618,1670,140798,4415,184229,3521,325027,Not in California
Outside California,2021-04-11,2853,490137,1557,256441,651,210433,645,23263,966,140523,1884,186113,1609,326636,Not in California
Outside California,2021-04-12,4174,494311,2334,258775,1280,211713,560,23823,1863,140645,2302,188415,2424,329060,Not in California
Outside California,2021-04-13,5830,500141,3726,262501,2080,213793,24,23847,3018,140881,2806,191221,3042,332102,Not in California
Outside California,2021-04-14,5471,505612,3515,266016,1952,215745,4,23851,3001,141441,2463,193684,3023,335125,Not in California
Outside California,2021-04-15,6176,511788,3898,269914,2272,218017,6,23857,3309,141959,2815,196499,3333,338458,Not in California
Outside California,2021-04-16,5934,517722,3397,273311,2530,220547,7,23864,3306,142668,2616,199115,3325,341783,Not in California
Outside California,2021-04-17,5532,523254,3485,276796,2046,222593,1,23865,3189,143545,2331,201446,3208,344991,Not in California
Outside California,2021-04-18,2123,525377,1193,277989,929,223522,1,23866,1016,143463,1101,202547,1019,346010,Not in California
Outside California,2021-04-19,4165,529542,2003,279992,2161,225683,1,23867,2146,143606,2008,204555,2151,348161,Not in California
Outside California,2021-04-20,5413,534955,2476,282468,2937,228620,0,23867,2221,142645,3182,207737,2221,350382,Not in California
Outside California,2021-04-21,6454,541409,2715,285183,3734,232354,5,23872,2323,140863,4111,211848,2329,352711,Not in California
Outside California,2021-04-22,6849,548258,3500,288683,3347,235701,2,23874,2500,139046,4336,216184,2519,355230,Not in California
Outside California,2021-04-23,5880,554138,2985,291668,2894,238595,1,23875,2387,138000,3476,219660,2430,357660,Not in California
Outside California,2021-04-24,4671,558809,3045,294713,1621,240216,5,23880,1845,137066,2819,222479,1885,359545,Not in California
Outside California,2021-04-25,2217,561026,1249,295962,967,241183,1,23881,1169,137195,1044,223523,1173,360718,Not in California
Outside California,2021-04-26,4131,565157,1826,297788,2278,243461,27,23908,1871,136842,2251,225774,1898,362616,Not in California
Outside California,2021-04-27,5695,570852,2104,299892,3219,246680,372,24280,1990,135517,3695,229469,2370,364986,Not in California
Outside California,2021-04-28,4864,575716,2063,301955,2405,249085,396,24676,1922,134905,2927,232396,2315,367301,Not in California
Outside California,2021-04-29,4838,580554,2231,304186,2173,251258,434,25110,1817,134157,3000,235396,2252,369553,Not in California
Outside California,2021-04-30,4904,585458,2361,306547,2119,253377,424,25534,1830,133371,3060,238456,2274,371827,Not in California
Outside California,2021-05-01,3171,588629,1834,308381,908,254285,429,25963,1247,133183,1913,240369,1725,373552,Not in California
Outside California,2021-05-02,1851,590480,1086,309467,642,254927,123,26086,828,133116,1020,241389,953,374505,Not in California
Outside California,2021-05-03,2897,593377,1574,311041,1039,255966,284,26370,1122,132752,1770,243159,1406,375911,Not in California
Outside California,2021-05-04,3942,597319,2119,313160,1385,257351,438,26808,1313,131881,2620,245779,1749,377660,Not in California
Outside California,2021-05-05,4445,601764,2490,315650,1584,258935,371,27179,1603,131028,2834,248613,1981,379641,Not in California
Outside California,2021-05-06,4464,606228,2736,318386,1391,260326,337,27516,1557,130021,2901,251514,1894,381535,Not in California
Outside California,2021-05-07,4618,610846,2659,321045,1575,261901,384,27900,1589,128982,3015,254529,1976,383511,Not in California
Outside California,2021-05-08,3194,614040,2145,323190,799,262700,250,28150,1046,128142,2139,256668,1299,384810,Not in California
Outside California,2021-05-09,1363,615403,909,324099,332,263032,122,28272,583,128070,775,257443,703,385513,Not in California
Outside California,2021-05-10,2547,617950,1160,325259,1057,264089,330,28602,915,127692,1625,259068,1247,386760,Not in California
Outside California,2021-05-11,2964,620914,1402,326661,1263,265352,299,28901,1113,127257,1849,260917,1414,388174,Not in California
Outside California,2021-05-12,3185,624099,1527,328188,1332,266684,326,29227,1264,126931,1916,262833,1590,389764,Not in California
Outside California,2021-05-13,3202,627301,1865,330053,1129,267813,208,29435,1428,126799,1768,264601,1636,391400,Not in California
Outside California,2021-05-14,3558,630859,2005,332058,1317,269130,236,29671,1616,126720,1934,266535,1855,393255,Not in California
Outside California,2021-05-15,2634,633493,1550,333608,941,270071,143,29814,1136,126511,1490,268025,1281,394536,Not in California
Outside California,2021-05-16,1613,635106,1029,334637,515,270586,69,29883,731,126432,879,268904,800,395336,Not in California
Outside California,2021-05-17,3030,638136,1604,336241,1191,271777,235,30118,1306,126252,1720,270624,1540,396876,Not in California
Outside California,2021-05-18,3217,641353,1616,337857,1282,273059,319,30437,1433,126236,1771,272395,1755,398631,Not in California
Outside California,2021-05-19,3327,644680,1664,339521,1395,274454,268,30705,1456,126098,1862,274257,1724,400355,Not in California
Outside California,2021-05-20,3115,647795,1716,341237,1150,275604,249,30954,1411,126066,1694,275951,1662,402017,Not in California
Outside California,2021-05-21,3185,650980,1775,343012,1161,276765,249,31203,1372,125887,1800,277751,1621,403638,Not in California
Outside California,2021-05-22,2785,653765,1822,344834,761,277526,202,31405,1506,126323,1273,279024,1709,405347,Not in California
Outside California,2021-05-23,1524,655289,992,345826,454,277980,78,31483,761,126401,762,279786,840,406187,Not in California
Outside California,2021-05-24,2343,657632,1092,346918,905,278885,346,31829,1010,126433,1324,281110,1356,407543,Not in California
Outside California,2021-05-25,2350,659982,1089,348007,929,279814,332,32161,995,126413,1347,282457,1327,408870,Not in California
Outside California,2021-05-26,2379,662361,1095,349102,928,280742,356,32517,997,126396,1374,283831,1357,410227,Not in California
Outside California,2021-05-27,2160,664521,1070,350172,803,281545,287,32804,987,126501,1168,284999,1273,411500,Not in California
Outside California,2021-05-28,2426,666947,1209,351381,867,282412,350,33154,1103,126639,1316,286315,1454,412954,Not in California
Outside California,2021-05-29,1650,668597,821,352202,474,282886,355,33509,701,126751,945,287260,1057,414011,Not in California
Outside California,2021-05-30,912,669509,556,352758,232,283118,124,33633,457,126881,451,287711,581,414592,Not in California
Outside California,2021-05-31,421,669930,184,352942,197,283315,40,33673,179,126870,230,287941,219,414811,Not in California
Outside California,2021-06-01,2132,672062,1120,354062,710,284025,302,33975,1034,127112,1095,289036,1337,416148,Not in California
Outside California,2021-06-02,2035,674097,1018,355080,670,284695,347,34322,946,127327,1078,290114,1293,417441,Not in California
Outside California,2021-06-03,2143,676240,1179,356259,652,285347,312,34634,974,127450,1162,291276,1285,418726,Not in California
Outside California,2021-06-04,2540,678780,1419,357678,804,286151,317,34951,1107,127446,1427,292703,1423,420149,Not in California
Outside California,2021-06-05,1705,680485,1192,358870,351,286502,162,35113,779,127466,922,293625,942,421091,Not in California
Outside California,2021-06-06,930,681415,700,359570,149,286651,81,35194,456,127530,473,294098,537,421628,Not in California
Outside California,2021-06-07,1919,683334,1040,360610,550,287201,329,35523,814,127569,1104,295202,1143,422771,Not in California
Outside California,2021-06-08,2060,685394,1178,361788,540,287741,342,35865,804,127463,1251,296453,1145,423916,Not in California
Outside California,2021-06-09,1956,687350,1174,362962,498,288239,284,36149,805,127406,1145,297598,1088,425004,Not in California
Outside California,2021-06-10,1932,689282,1120,364082,505,288744,307,36456,827,127441,1100,298698,1135,426139,Not in California
Outside California,2021-06-11,2162,691444,1245,365327,590,289334,327,36783,921,127456,1234,299932,1249,427388,Not in California
Outside California,2021-06-12,1571,693015,1168,366495,278,289612,125,36908,620,127256,947,300879,747,428135,Not in California
Outside California,2021-06-13,939,693954,642,367137,198,289810,99,37007,417,127254,518,301397,516,428651,Not in California
Outside California,2021-06-14,1732,695686,968,368105,470,290280,294,37301,741,127302,985,302382,1033,429684,Not in California
Outside California,2021-06-15,1702,697388,938,369043,495,290775,269,37570,763,127401,933,303315,1032,430716,Not in California
Outside California,2021-06-16,1646,699034,977,370020,452,291227,217,37787,798,127576,840,304155,1015,431731,Not in California
Outside California,2021-06-17,1790,700824,995,371015,463,291690,332,38119,810,127740,978,305133,1142,432873,Not in California
Outside California,2021-06-18,1914,702738,1043,372058,427,292117,444,38563,823,127921,1085,306218,1266,434139,Not in California
Outside California,2021-06-19,1029,703767,682,372740,256,292373,91,38654,540,128066,485,306703,630,434769,Not in California
Outside California,2021-06-20,767,704534,556,373296,165,292538,46,38700,460,128268,304,307007,506,435275,Not in California
Outside California,2021-06-21,1245,705779,624,373920,321,292859,300,39000,681,128690,559,307566,981,436256,Not in California
Outside California,2021-06-22,1587,707366,1012,374932,343,293202,232,39232,865,129070,717,308283,1097,437353,Not in California
Outside California,2021-06-23,1586,708952,858,375790,415,293617,313,39545,752,129306,827,309110,1063,438416,Not in California
Outside California,2021-06-24,840,709792,395,376185,216,293833,229,39774,403,129502,436,309546,632,439048,Not in California
Unknown,2020-12-17,2,2,2,2,0,0,0,0,0,0,0,0,0,0,Not in California
Unknown,2020-12-18,1,3,1,3,0,0,0,0,0,0,0,0,0,0,Not in California
Unknown,2020-12-21,4,7,4,7,0,0,0,0,0,0,0,0,0,0,Not in California
Unknown,2020-12-28,4,11,4,11,0,0,0,0,3,3,0,0,3,3,Not in California
Unknown,2020-12-29,5,16,4,15,1,1,0,0,5,8,0,0,5,8,Not in California
Unknown,2020-12-30,54,70,54,69,0,1,0,0,54,62,0,0,54,62,Not in California
Unknown,2020-12-31,1,71,0,69,1,2,0,0,0,62,0,0,0,62,Not in California
Unknown,2021-01-02,1,72,0,69,1,3,0,0,1,63,0,0,1,63,Not in California
Unknown,2021-01-04,3,75,3,72,0,3,0,0,2,65,0,0,2,65,Not in California
Unknown,2021-01-06,4,79,2,74,2,5,0,0,4,69,0,0,4,69,Not in California
Unknown,2021-01-07,69,148,68,142,1,6,0,0,68,137,0,0,68,137,Not in California
Unknown,2021-01-08,1,149,0,142,1,7,0,0,2,139,0,0,2,139,Not in California
Unknown,2021-01-09,2,151,2,144,0,7,0,0,3,142,0,0,3,142,Not in California
Unknown,2021-01-11,20,171,20,164,0,7,0,0,20,162,0,0,20,162,Not in California
Unknown,2021-01-12,12,183,11,175,1,8,0,0,10,172,1,1,11,173,Not in California
Unknown,2021-01-13,11,194,11,186,0,8,0,0,12,184,0,1,12,185,Not in California
Unknown,2021-01-14,3,197,3,189,0,8,0,0,3,187,0,1,3,188,Not in California
Unknown,2021-01-15,7,204,6,195,1,9,0,0,7,194,0,1,7,195,Not in California
Unknown,2021-01-16,6,210,6,201,0,9,0,0,6,200,0,1,6,201,Not in California
Unknown,2021-01-17,4,214,4,205,0,9,0,0,4,204,0,1,4,205,Not in California
Unknown,2021-01-18,55,269,55,260,0,9,0,0,53,255,2,3,53,258,Not in California
Unknown,2021-01-19,24,293,24,284,0,9,0,0,20,272,3,6,20,278,Not in California
Unknown,2021-01-20,79,372,79,363,0,9,0,0,28,248,52,58,28,306,Not in California
Unknown,2021-01-21,54,426,52,415,2,11,0,0,55,302,1,59,55,361,Not in California
Unknown,2021-01-22,36,462,31,446,5,16,0,0,36,338,0,59,36,397,Not in California
Unknown,2021-01-23,12,474,7,453,5,21,0,0,12,350,0,59,12,409,Not in California
Unknown,2021-01-24,2,476,2,455,0,21,0,0,4,354,0,59,4,413,Not in California
Unknown,2021-01-25,19,495,17,472,2,23,0,0,16,367,3,62,16,429,Not in California
Unknown,2021-01-26,89,584,88,560,1,24,0,0,91,457,1,63,91,520,Not in California
Unknown,2021-01-27,17,601,17,577,0,24,0,0,16,472,1,64,16,536,Not in California
Unknown,2021-01-28,150,751,148,725,2,26,0,0,93,505,60,124,93,629,Not in California
Unknown,2021-01-29,141,892,141,866,0,26,0,0,145,649,1,125,145,774,Not in California
Unknown,2021-01-30,11,903,9,875,2,28,0,0,13,660,2,127,13,787,Not in California
Unknown,2021-01-31,15,918,15,890,0,28,0,0,16,676,0,127,16,803,Not in California
Unknown,2021-02-01,35,953,33,923,2,30,0,0,19,677,18,145,19,822,Not in California
Unknown,2021-02-02,67,1020,66,989,1,31,0,0,58,727,8,153,58,880,Not in California
Unknown,2021-02-03,44,1064,43,1032,1,32,0,0,32,747,12,165,32,912,Not in California
Unknown,2021-02-04,60,1124,55,1087,5,37,0,0,54,795,6,171,54,966,Not in California
Unknown,2021-02-05,19,1143,15,1102,4,41,0,0,14,804,5,176,14,980,Not in California
Unknown,2021-02-06,14,1157,14,1116,0,41,0,0,10,808,6,182,10,990,Not in California
Unknown,2021-02-07,9,1166,9,1125,0,41,0,0,7,813,2,184,7,997,Not in California
Unknown,2021-02-08,56,1222,53,1178,3,44,0,0,15,787,41,225,15,1012,Not in California
Unknown,2021-02-09,19,1241,19,1197,0,44,0,0,4,776,15,240,4,1016,Not in California
Unknown,2021-02-10,34,1275,30,1227,4,48,0,0,9,760,25,265,9,1025,Not in California
Unknown,2021-02-11,88,1363,87,1314,1,49,0,0,43,757,46,311,43,1068,Not in California
Unknown,2021-02-12,44,1407,36,1350,8,57,0,0,14,741,30,341,14,1082,Not in California
Unknown,2021-02-13,12,1419,5,1355,7,64,0,0,8,745,4,345,8,1090,Not in California
Unknown,2021-02-14,7,1426,2,1357,5,69,0,0,4,747,2,347,4,1094,Not in California
Unknown,2021-02-15,44,1470,38,1395,6,75,0,0,28,761,14,361,28,1122,Not in California
Unknown,2021-02-16,111,1581,100,1495,11,86,0,0,33,716,78,439,33,1155,Not in California
Unknown,2021-02-17,12,1593,10,1505,2,88,0,0,4,713,7,446,4,1159,Not in California
Unknown,2021-02-18,101,1694,96,1601,5,93,0,0,17,646,84,530,17,1176,Not in California
Unknown,2021-02-19,191,1885,186,1787,5,98,0,0,53,562,137,667,53,1229,Not in California
Unknown,2021-02-20,6,1891,4,1791,2,100,0,0,2,560,4,671,2,1231,Not in California
Unknown,2021-02-21,15,1906,15,1806,0,100,0,0,1,547,14,685,1,1232,Not in California
Unknown,2021-02-22,8,1914,8,1814,0,100,0,0,5,549,3,688,5,1237,Not in California
Unknown,2021-02-23,60,1974,49,1863,11,111,0,0,15,520,44,732,15,1252,Not in California
Unknown,2021-02-24,39,2013,31,1894,8,119,0,0,14,509,25,757,14,1266,Not in California
Unknown,2021-02-25,68,2081,55,1949,13,132,0,0,24,488,45,802,24,1290,Not in California
Unknown,2021-02-26,38,2119,24,1973,14,146,0,0,20,494,14,816,20,1310,Not in California
Unknown,2021-02-27,23,2142,16,1989,7,153,0,0,12,498,8,824,12,1322,Not in California
Unknown,2021-02-28,18,2160,13,2002,5,158,0,0,11,504,5,829,11,1333,Not in California
Unknown,2021-03-01,44,2204,26,2028,18,176,0,0,24,509,19,848,24,1357,Not in California
Unknown,2021-03-02,20,2224,9,2037,11,187,0,0,12,515,6,854,12,1369,Not in California
Unknown,2021-03-03,11,2235,7,2044,4,191,0,0,7,519,3,857,7,1376,Not in California
Unknown,2021-03-04,43,2278,40,2084,3,194,0,0,13,502,30,887,13,1389,Not in California
Unknown,2021-03-05,25,2303,15,2099,10,204,0,0,23,519,6,893,23,1412,Not in California
Unknown,2021-03-06,20,2323,12,2111,6,210,2,2,16,533,4,897,18,1430,Not in California
Unknown,2021-03-07,1,2324,1,2112,0,210,0,2,2,535,0,897,2,1432,Not in California
Unknown,2021-03-08,31,2355,22,2134,7,217,2,4,7,519,25,922,9,1441,Not in California
Unknown,2021-03-09,37,2392,30,2164,3,220,4,8,9,503,29,951,13,1454,Not in California
Unknown,2021-03-10,9,2401,5,2169,1,221,3,11,5,506,5,956,8,1462,Not in California
Unknown,2021-03-11,29,2430,13,2182,2,223,14,25,7,506,21,977,21,1483,Not in California
Unknown,2021-03-12,67,2497,52,2234,10,233,5,30,10,466,55,1032,15,1498,Not in California
Unknown,2021-03-13,15,2512,4,2238,7,240,4,34,6,466,10,1042,10,1508,Not in California
Unknown,2021-03-14,14,2526,6,2244,6,246,2,36,5,465,8,1050,7,1515,Not in California
Unknown,2021-03-15,30,2556,10,2254,18,264,2,38,20,475,12,1062,22,1537,Not in California
Unknown,2021-03-16,49,2605,21,2275,24,288,4,42,28,486,21,1083,32,1569,Not in California
Unknown,2021-03-17,37,2642,14,2289,22,310,1,43,32,515,4,1087,33,1602,Not in California
Unknown,2021-03-18,32,2674,19,2308,13,323,0,43,20,524,11,1098,20,1622,Not in California
Unknown,2021-03-19,28,2702,18,2326,10,333,0,43,23,540,7,1105,23,1645,Not in California
Unknown,2021-03-20,27,2729,15,2341,12,345,0,43,15,544,11,1116,15,1660,Not in California
Unknown,2021-03-21,18,2747,12,2353,6,351,0,43,14,555,3,1119,14,1674,Not in California
Unknown,2021-03-22,36,2783,19,2372,16,367,1,44,18,562,12,1131,19,1693,Not in California
Unknown,2021-03-23,24,2807,9,2381,10,377,5,49,12,568,11,1142,17,1710,Not in California
Unknown,2021-03-24,22,2829,9,2390,13,390,0,49,17,580,5,1147,17,1727,Not in California
Unknown,2021-03-25,37,2866,24,2414,13,403,0,49,26,597,9,1156,26,1753,Not in California
Unknown,2021-03-26,36,2902,20,2434,11,414,5,54,18,605,15,1171,23,1776,Not in California
Unknown,2021-03-27,33,2935,15,2449,15,429,3,57,18,608,18,1189,21,1797,Not in California
Unknown,2021-03-28,18,2953,9,2458,9,438,0,57,12,615,5,1194,12,1809,Not in California
Unknown,2021-03-29,39,2992,19,2477,20,458,0,57,24,627,12,1206,24,1833,Not in California
Unknown,2021-03-30,42,3034,27,2504,15,473,0,57,25,637,15,1221,25,1858,Not in California
Unknown,2021-03-31,36,3070,22,2526,14,487,0,57,26,652,11,1232,26,1884,Not in California
Unknown,2021-04-01,23,3093,15,2541,8,495,0,57,17,664,5,1237,17,1901,Not in California
Unknown,2021-04-02,39,3132,17,2558,13,508,9,66,16,666,23,1260,25,1926,Not in California
Unknown,2021-04-03,19,3151,9,2567,10,518,0,66,13,669,10,1270,13,1939,Not in California
Unknown,2021-04-04,15,3166,4,2571,11,529,0,66,9,673,5,1275,9,1948,Not in California
Unknown,2021-04-05,31,3197,17,2588,13,542,1,67,16,676,14,1289,17,1965,Not in California
Unknown,2021-04-06,22,3219,14,2602,7,549,1,68,12,678,11,1300,13,1978,Not in California
Unknown,2021-04-07,37,3256,25,2627,11,560,1,69,26,695,9,1309,26,2004,Not in California
Unknown,2021-04-08,37,3293,24,2651,7,567,6,75,17,697,21,1330,23,2027,Not in California
Unknown,2021-04-09,35,3328,24,2675,11,578,0,75,24,710,11,1341,24,2051,Not in California
Unknown,2021-04-10,11,3339,9,2684,1,579,1,76,5,709,7,1348,6,2057,Not in California
Unknown,2021-04-11,11,3350,7,2691,4,583,0,76,5,709,5,1353,5,2062,Not in California
Unknown,2021-04-12,39,3389,21,2712,17,600,1,77,18,705,23,1376,19,2081,Not in California
Unknown,2021-04-13,47,3436,28,2740,19,619,0,77,18,695,28,1404,18,2099,Not in California
Unknown,2021-04-14,29,3465,9,2749,20,639,0,77,6,678,23,1427,6,2105,Not in California
Unknown,2021-04-15,32,3497,17,2766,14,653,1,78,11,668,21,1448,11,2116,Not in California
Unknown,2021-04-16,27,3524,17,2783,10,663,0,78,10,662,16,1464,10,2126,Not in California
Unknown,2021-04-17,24,3548,15,2798,9,672,0,78,8,656,15,1479,9,2135,Not in California
Unknown,2021-04-18,19,3567,7,2805,12,684,0,78,8,652,12,1491,8,2143,Not in California
Unknown,2021-04-19,35,3602,22,2827,13,697,0,78,14,646,20,1511,14,2157,Not in California
Unknown,2021-04-20,23,3625,13,2840,10,707,0,78,3,629,20,1531,3,2160,Not in California
Unknown,2021-04-21,37,3662,17,2857,20,727,0,78,14,619,24,1555,14,2174,Not in California
Unknown,2021-04-22,23,3685,15,2872,8,735,0,78,6,608,17,1572,6,2180,Not in California
Unknown,2021-04-23,31,3716,16,2888,15,750,0,78,15,609,14,1586,15,2195,Not in California
Unknown,2021-04-24,32,3748,22,2910,10,760,0,78,18,614,13,1599,18,2213,Not in California
Unknown,2021-04-25,21,3769,9,2919,12,772,0,78,9,611,12,1611,9,2222,Not in California
Unknown,2021-04-26,30,3799,18,2937,12,784,0,78,12,606,17,1628,12,2234,Not in California
Unknown,2021-04-27,30,3829,17,2954,12,796,1,79,9,596,20,1648,10,2244,Not in California
Unknown,2021-04-28,29,3858,20,2974,7,803,2,81,9,587,20,1668,11,2255,Not in California
Unknown,2021-04-29,36,3894,23,2997,13,816,0,81,16,581,22,1690,16,2271,Not in California
Unknown,2021-04-30,29,3923,14,3011,10,826,5,86,15,586,15,1705,20,2291,Not in California
Unknown,2021-05-01,29,3952,22,3033,7,833,0,86,17,592,11,1716,17,2308,Not in California
Unknown,2021-05-02,14,3966,6,3039,7,840,1,87,5,590,8,1724,6,2314,Not in California
Unknown,2021-05-03,26,3992,18,3057,5,845,3,90,7,580,19,1743,9,2323,Not in California
Unknown,2021-05-04,19,4011,10,3067,5,850,4,94,5,574,15,1758,9,2332,Not in California
Unknown,2021-05-05,27,4038,12,3079,14,864,1,95,13,573,15,1773,14,2346,Not in California
Unknown,2021-05-06,34,4072,19,3098,8,872,7,102,11,568,23,1796,18,2364,Not in California
Unknown,2021-05-07,28,4100,13,3111,11,883,4,106,10,563,19,1815,14,2378,Not in California
Unknown,2021-05-08,15,4115,10,3121,3,886,2,108,6,563,8,1823,8,2386,Not in California
Unknown,2021-05-09,18,4133,5,3126,9,895,4,112,9,567,9,1832,13,2399,Not in California
Unknown,2021-05-10,21,4154,11,3137,7,902,3,115,3,557,16,1848,6,2405,Not in California
Unknown,2021-05-11,15,4169,8,3145,3,905,4,119,8,562,7,1855,12,2417,Not in California
Unknown,2021-05-12,14,4183,9,3154,4,909,1,120,5,560,8,1863,6,2423,Not in California
Unknown,2021-05-13,19,4202,12,3166,2,911,5,125,11,568,9,1872,17,2440,Not in California
Unknown,2021-05-14,26,4228,21,3187,4,915,1,126,15,573,10,1882,15,2455,Not in California
Unknown,2021-05-15,22,4250,20,3207,2,917,0,126,13,577,9,1891,13,2468,Not in California
Unknown,2021-05-16,29,4279,20,3227,8,925,1,127,18,585,11,1902,19,2487,Not in California
Unknown,2021-05-17,27,4306,21,3248,4,929,2,129,14,589,12,1914,16,2503,Not in California
Unknown,2021-05-18,34,4340,23,3271,9,938,2,131,23,603,11,1925,25,2528,Not in California
Unknown,2021-05-19,32,4372,23,3294,8,946,1,132,13,600,17,1942,14,2542,Not in California
Unknown,2021-05-20,21,4393,16,3310,4,950,1,133,12,605,8,1950,13,2555,Not in California
Unknown,2021-05-21,25,4418,14,3324,7,957,4,137,11,605,15,1965,15,2570,Not in California
Unknown,2021-05-22,31,4449,25,3349,5,962,1,138,16,607,15,1980,17,2587,Not in California
Unknown,2021-05-23,10,4459,6,3355,4,966,0,138,6,609,4,1984,6,2593,Not in California
Unknown,2021-05-24,13,4472,9,3364,3,969,1,139,8,613,5,1989,9,2602,Not in California
Unknown,2021-05-25,22,4494,11,3375,5,974,6,145,8,614,13,2002,14,2616,Not in California
Unknown,2021-05-26,12,4506,9,3384,2,976,1,146,3,609,9,2011,4,2620,Not in California
Unknown,2021-05-27,23,4529,16,3400,5,981,2,148,7,604,14,2025,9,2629,Not in California
Unknown,2021-05-28,23,4552,13,3413,5,986,5,153,13,612,10,2035,18,2647,Not in California
Unknown,2021-05-29,25,4577,18,3431,7,993,0,153,21,629,4,2039,21,2668,Not in California
Unknown,2021-05-30,9,4586,6,3437,2,995,1,154,4,629,5,2044,5,2673,Not in California
Unknown,2021-05-31,3,4589,1,3438,2,997,0,154,1,628,2,2046,1,2674,Not in California
Unknown,2021-06-01,32,4621,19,3457,7,1004,6,160,16,636,15,2061,23,2697,Not in California
Unknown,2021-06-02,9,4630,5,3462,4,1008,0,160,4,635,5,2066,4,2701,Not in California
Unknown,2021-06-03,21,4651,19,3481,2,1010,0,160,10,634,11,2077,10,2711,Not in California
Unknown,2021-06-04,30,4681,20,3501,10,1020,0,160,17,638,13,2090,17,2728,Not in California
Unknown,2021-06-05,31,4712,21,3522,9,1029,1,161,17,642,14,2104,18,2746,Not in California
Unknown,2021-06-06,28,4740,20,3542,5,1034,3,164,8,633,20,2124,11,2757,Not in California
Unknown,2021-06-07,21,4761,10,3552,8,1042,3,167,8,631,13,2137,11,2768,Not in California
Unknown,2021-06-08,22,4783,14,3566,5,1047,3,170,6,625,15,2152,9,2777,Not in California
Unknown,2021-06-09,29,4812,18,3584,10,1057,1,171,17,631,12,2164,18,2795,Not in California
Unknown,2021-06-10,16,4828,13,3597,3,1060,0,171,6,627,10,2174,6,2801,Not in California
Unknown,2021-06-11,10,4838,8,3605,1,1061,1,172,5,628,5,2179,6,2807,Not in California
Unknown,2021-06-12,16,4854,12,3617,4,1065,0,172,10,632,6,2185,10,2817,Not in California
Unknown,2021-06-13,11,4865,7,3624,4,1069,0,172,3,627,8,2193,3,2820,Not in California
Unknown,2021-06-14,12,4877,11,3635,1,1070,0,172,4,623,8,2201,4,2824,Not in California
Unknown,2021-06-15,27,4904,18,3653,9,1079,0,172,11,618,16,2217,11,2835,Not in California
Unknown,2021-06-16,7,4911,4,3657,3,1082,0,172,5,621,2,2219,5,2840,Not in California
Unknown,2021-06-17,18,4929,11,3668,5,1087,2,174,12,630,5,2224,14,2854,Not in California
Unknown,2021-06-18,19,4948,15,3683,4,1091,0,174,11,633,8,2232,11,2865,Not in California
Unknown,2021-06-19,15,4963,12,3695,2,1093,1,175,2,623,13,2245,3,2868,Not in California
Unknown,2021-06-20,13,4976,10,3705,1,1094,2,177,6,624,7,2252,8,2876,Not in California
Unknown,2021-06-21,14,4990,10,3715,4,1098,0,177,9,628,5,2257,9,2885,Not in California
Unknown,2021-06-22,21,5011,15,3730,6,1104,0,177,15,637,6,2263,15,2900,Not in California
Unknown,2021-06-23,11,5022,6,3736,4,1108,1,178,8,643,3,2266,9,2909,Not in California
Alameda,2020-12-15,37,37,37,37,0,0,0,0,37,37,0,0,37,37,California
Alameda,2020-12-16,210,247,210,247,0,0,0,0,210,247,0,0,210,247,California
Alameda,2020-12-17,512,759,512,759,0,0,0,0,512,759,0,0,512,759,California
Alameda,2020-12-18,1928,2687,1927,2686,1,1,0,0,1928,2687,0,0,1928,2687,California
Alameda,2020-12-19,1437,4124,1437,4123,0,1,0,0,1437,4124,0,0,1437,4124,California
Alameda,2020-12-20,1186,5310,1185,5308,1,2,0,0,1185,5308,1,1,1185,5309,California
Alameda,2020-12-21,1855,7165,1853,7161,2,4,0,0,1854,7162,0,1,1854,7163,California
Alameda,2020-12-22,2108,9273,2054,9215,54,58,0,0,2107,9268,1,2,2107,9270,California
Alameda,2020-12-23,1949,11222,1693,10908,256,314,0,0,1949,11217,0,2,1949,11219,California
Alameda,2020-12-24,1224,12446,759,11667,465,779,0,0,1224,12441,0,2,1224,12443,California
Alameda,2020-12-25,164,12610,127,11794,37,816,0,0,164,12605,0,2,164,12607,California
Alameda,2020-12-26,866,13476,325,12119,541,1357,0,0,866,13471,0,2,866,13473,California
Alameda,2020-12-27,500,13976,257,12376,243,1600,0,0,500,13971,0,2,500,13973,California
Alameda,2020-12-28,1892,15868,964,13340,928,2528,0,0,1892,15863,0,2,1892,15865,California
Alameda,2020-12-29,2493,18361,1080,14420,1413,3941,0,0,2492,18355,0,2,2492,18357,California
Alameda,2020-12-30,3107,21468,1330,15750,1777,5718,0,0,3107,21462,0,2,3107,21464,California
Alameda,2020-12-31,1808,23276,448,16198,1360,7078,0,0,1806,23267,1,3,1806,23270,California
Alameda,2021-01-01,180,23456,75,16273,105,7183,0,0,178,23443,2,5,178,23448,California
Alameda,2021-01-02,728,24184,527,16800,201,7384,0,0,727,24170,0,5,727,24175,California
Alameda,2021-01-03,337,24521,218,17018,119,7503,0,0,334,24501,3,8,334,24509,California
Alameda,2021-01-04,1624,26145,913,17931,711,8214,0,0,1612,26102,11,19,1612,26121,California
Alameda,2021-01-05,2230,28375,1285,19216,945,9159,0,0,1976,27827,251,270,1976,28097,California
Alameda,2021-01-06,3287,31662,1815,21031,1472,10631,0,0,2407,29360,877,1147,2410,30507,California
Alameda,2021-01-07,3840,35502,2158,23189,1682,12313,0,0,2638,30810,1193,2340,2643,33150,California
Alameda,2021-01-08,4783,40285,2737,25926,2046,14359,0,0,3032,32101,1746,4086,3037,36187,California
Alameda,2021-01-09,2041,42326,1388,27314,653,15012,0,0,1172,32404,869,4955,1172,37359,California
Alameda,2021-01-10,1069,43395,845,28159,224,15236,0,0,430,32194,640,5595,430,37789,California
Alameda,2021-01-11,4685,48080,3543,31702,1142,16378,0,0,2866,33250,1817,7412,2873,40662,California
Alameda,2021-01-12,4865,52945,3282,34984,1583,17961,0,0,3453,35296,1410,8822,3456,44118,California
Alameda,2021-01-13,5062,58007,2680,37664,2382,20343,0,0,3851,37943,1206,10028,3853,47971,California
Alameda,2021-01-14,5688,63695,2813,40477,2875,23218,0,0,4781,41829,898,10926,4784,52755,California
Alameda,2021-01-15,5880,69575,2336,42813,3544,26762,0,0,5095,46150,778,11704,5099,57854,California
Alameda,2021-01-16,3025,72600,1406,44219,1619,28381,0,0,2752,48630,273,11977,2753,60607,California
Alameda,2021-01-17,1890,74490,1093,45312,797,29178,0,0,1682,50105,208,12185,1683,62290,California
Alameda,2021-01-18,3207,77697,2054,47366,1153,30331,0,0,2611,52127,591,12776,2613,64903,California
Alameda,2021-01-19,5559,83256,3341,50707,2218,32549,0,0,4358,55288,1199,13975,4360,69263,California
Alameda,2021-01-20,6828,90084,4130,54837,2698,35247,0,0,5523,59523,1292,15267,5527,74790,California
Alameda,2021-01-21,7868,97952,3447,58284,4421,39668,0,0,7017,65701,844,16111,7022,81812,California
Alameda,2021-01-22,6907,104859,2053,60337,4854,44522,0,0,5755,70315,1143,17254,5757,87569,California
Alameda,2021-01-23,3309,108168,957,61294,2352,46874,0,0,2751,72509,557,17811,2751,90320,California
Alameda,2021-01-24,2050,110218,656,61950,1394,48268,0,0,1774,74011,272,18083,1774,92094,California
Alameda,2021-01-25,5233,115451,1983,63933,3250,51518,0,0,3643,76073,1582,19665,3644,95738,California
Alameda,2021-01-26,7381,122832,2330,66263,5051,56569,0,0,5474,79649,1899,21564,5475,101213,California
Alameda,2021-01-27,6772,129604,2085,68348,4687,61256,0,0,4893,82675,1867,23431,4893,106106,California
Alameda,2021-01-28,7949,137553,2564,70912,5385,66641,0,0,5687,86118,2246,25677,5689,111795,California
Alameda,2021-01-29,8043,145596,3200,74112,4843,71484,0,0,6187,90462,1845,27522,6189,117984,California
Alameda,2021-01-30,3465,149061,1700,75812,1765,73249,0,0,2751,92505,708,28230,2751,120735,California
Alameda,2021-01-31,1934,150995,959,76771,975,74224,0,0,1691,93956,240,28470,1691,122426,California
Alameda,2021-02-01,6525,157520,3893,80664,2632,76856,0,0,4372,96185,2144,30614,4373,126799,California
Alameda,2021-02-02,7097,164617,3815,84479,3282,80138,0,0,4755,98608,2332,32946,4755,131554,California
Alameda,2021-02-03,7153,171770,3774,88253,3379,83517,0,0,4438,100343,2708,35654,4443,135997,California
Alameda,2021-02-04,9609,181379,4178,92431,5431,88948,0,0,6459,103670,3137,38791,6464,142461,California
Alameda,2021-02-05,10394,191773,5416,97847,4978,93926,0,0,6490,106270,3897,42688,6497,148958,California
Alameda,2021-02-06,7034,198807,4461,102308,2573,96499,0,0,5886,111010,1146,43834,5886,154844,California
Alameda,2021-02-07,3592,202399,2899,105207,693,97192,0,0,2644,112710,945,44779,2645,157489,California
Alameda,2021-02-08,8164,210563,5835,111042,2329,99521,0,0,5569,115696,2585,47364,5571,163060,California
Alameda,2021-02-09,9767,220330,5885,116927,3882,103403,0,0,6090,118130,3658,51022,6092,169152,California
Alameda,2021-02-10,11572,231902,6845,123772,4727,108130,0,0,6610,119801,4947,55969,6618,175770,California
Alameda,2021-02-11,14054,245956,8063,131835,5991,114121,0,0,8426,122622,5609,61578,8430,184200,California
Alameda,2021-02-12,12676,258632,5769,137604,6907,121028,0,0,7827,125625,4827,66405,7830,192030,California
Alameda,2021-02-13,7871,266503,4084,141688,3787,124815,0,0,5873,129507,1993,68398,5875,197905,California
Alameda,2021-02-14,4059,270562,2555,144243,1504,126319,0,0,2872,131199,1183,69581,2875,200780,California
Alameda,2021-02-15,5705,276267,3207,147450,2498,128817,0,0,3706,132911,1997,71578,3709,204489,California
Alameda,2021-02-16,12609,288876,6997,154447,5612,134429,0,0,9338,138999,3259,74837,9347,213836,California
Alameda,2021-02-17,14224,303100,8444,162891,5780,140209,0,0,10550,145895,3656,78493,10552,224388,California
Alameda,2021-02-18,16014,319114,10168,173059,5846,146055,0,0,11618,153133,4386,82879,11624,236012,California
Alameda,2021-02-19,17928,337042,11620,184679,6308,152363,0,0,11836,158905,6069,88948,11841,247853,California
Alameda,2021-02-20,12096,349138,9768,194447,2328,154691,0,0,9289,165399,2801,91749,9295,257148,California
Alameda,2021-02-21,7860,356998,6887,201334,973,155664,0,0,5308,168169,2540,94289,5310,262458,California
Alameda,2021-02-22,11023,368021,8116,209450,2907,158571,0,0,6924,171017,4085,98374,6933,269391,California
Alameda,2021-02-23,13133,381154,7969,217419,5164,163735,0,0,8137,174175,4986,103360,8144,277535,California
Alameda,2021-02-24,14954,396108,8428,225847,6526,170261,0,0,9645,178581,5244,108604,9650,287185,California
Alameda,2021-02-25,16122,412230,9348,235195,6774,177035,0,0,10155,182812,5935,114539,10166,297351,California
Alameda,2021-02-26,18772,431002,10949,246144,7823,184858,0,0,11895,187882,6831,121370,11901,309252,California
Alameda,2021-02-27,15273,446275,11265,257409,4006,188864,2,2,9435,191509,5813,127183,9440,318692,California
Alameda,2021-02-28,10180,456455,8488,265897,1691,190555,1,3,6596,194552,3556,130739,6599,325291,California
Alameda,2021-03-01,14187,470642,9802,275699,4374,194929,11,14,8671,197774,5467,136206,8689,333980,California
Alameda,2021-03-02,15149,485791,10891,286590,4257,199186,1,15,9905,202466,5222,141428,9914,343894,California
Alameda,2021-03-03,15931,501722,10444,297034,5484,204670,3,18,10890,208352,5012,146440,10898,354792,California
Alameda,2021-03-04,17581,519303,11275,308309,6304,210974,2,20,11061,212937,6479,152919,11064,365856,California
Alameda,2021-03-05,16399,535702,10726,319035,5663,216637,10,30,11060,218723,5292,158211,11078,376934,California
Alameda,2021-03-06,14645,550347,10321,329356,4058,220695,266,296,9693,223779,4904,163115,9960,386894,California
Alameda,2021-03-07,9831,560178,8535,337891,1212,221907,84,380,7023,228109,2779,165894,7109,394003,California
Alameda,2021-03-08,12066,572244,7508,345399,4176,226083,382,762,9022,234518,2993,168887,9402,403405,California
Alameda,2021-03-09,14821,587065,10381,355780,4008,230091,432,1194,8071,236309,6715,175602,8506,411911,California
Alameda,2021-03-10,17671,604736,12231,368011,4873,234964,567,1761,7952,235136,9690,185292,8517,420428,California
Alameda,2021-03-11,19961,624697,11688,379699,6557,241521,1716,3477,6785,230482,13145,198437,8491,428919,California
Alameda,2021-03-12,21556,646253,12590,392289,7257,248778,1709,5186,7450,225555,14075,212512,9148,438067,California
Alameda,2021-03-13,16221,662474,10410,402699,4806,253584,1005,6191,5147,220660,11038,223550,6143,444210,California
Alameda,2021-03-14,10956,673430,8057,410756,2103,255687,796,6987,3341,217195,7593,231143,4128,448338,California
Alameda,2021-03-15,14596,688026,9536,420292,4522,260209,538,7525,6308,215782,8256,239399,6843,455181,California
Alameda,2021-03-16,17415,705441,11284,431576,5586,265795,545,8070,7468,213904,9893,249292,8015,463196,California
Alameda,2021-03-17,17801,723242,10101,441677,6966,272761,734,8804,8277,213438,9476,258768,9010,472206,California
Alameda,2021-03-18,19455,742697,10622,452299,7931,280692,902,9706,8836,212592,10588,269356,9742,481948,California
Alameda,2021-03-19,19744,762441,10839,463138,7091,287783,1814,11520,7804,210309,11890,281246,9607,491555,California
Alameda,2021-03-20,15931,778372,10437,473575,4633,292416,861,12381,6384,208035,9512,290758,7238,498793,California
Alameda,2021-03-21,9319,787691,7324,480899,1437,293853,558,12939,3436,206157,5872,296630,3994,502787,California
Alameda,2021-03-22,15293,802984,10285,491184,3991,297844,1017,13956,6963,205831,8298,304928,7972,510759,California
Alameda,2021-03-23,19622,822606,11900,503084,6903,304747,819,14775,10011,207105,9560,314488,10834,521593,California
Alameda,2021-03-24,19531,842137,11816,514900,6688,311435,1027,15802,8581,205817,10886,325374,9598,531191,California
Alameda,2021-03-25,20824,862961,11592,526492,7820,319255,1412,17214,9560,205583,11194,336568,10960,542151,California
Alameda,2021-03-26,21211,884172,12795,539287,6841,326096,1575,18789,8598,203180,12563,349131,10160,552311,California
Alameda,2021-03-27,18502,902674,12619,551906,4924,331020,959,19748,7601,200874,10853,359984,8547,560858,California
Alameda,2021-03-28,10731,913405,8728,560634,1798,332818,205,19953,3491,197356,7221,367205,3703,564561,California
Alameda,2021-03-29,14925,928330,9515,570149,4411,337229,999,20952,5986,195439,8899,376104,6982,571543,California
Alameda,2021-03-30,18876,947206,9930,580079,7223,344452,1723,22675,9482,197277,9359,385463,11197,582740,California
Alameda,2021-03-31,19680,966886,10386,590465,7175,351627,2119,24794,9217,198167,10431,395894,11321,594061,California
Alameda,2021-04-01,23614,990500,10160,600625,7759,359386,5695,30489,11228,202726,12331,408225,16890,610951,California
Alameda,2021-04-02,24403,1014903,10037,610662,8479,367865,5887,36376,11850,207916,12511,420736,17701,628652,California
Alameda,2021-04-03,20529,1035432,9933,620595,5724,373589,4872,41248,10364,213002,10140,430876,15226,643878,California
Alameda,2021-04-04,10020,1045452,4005,624600,2302,375891,3713,44961,3460,213630,6540,437416,7168,651046,California
Alameda,2021-04-05,17991,1063443,7586,632186,5591,381482,4814,49775,7337,215151,10627,448043,12148,663194,California
Alameda,2021-04-06,22446,1085889,10810,642996,5758,387240,5878,55653,10206,219009,12201,460244,16059,679253,California
Alameda,2021-04-07,22795,1108684,11716,654712,5582,392822,5497,61150,11526,224792,11222,471466,17005,696258,California
Alameda,2021-04-08,25806,1134490,11663,666375,6104,398926,8039,69189,11045,229171,14679,486145,19058,715316,California
Alameda,2021-04-09,23691,1158181,10823,677198,7596,406522,5272,74461,12186,235157,11468,497613,17454,732770,California
Alameda,2021-04-10,19451,1177632,7520,684718,5699,412221,6232,80693,8275,238493,11150,508763,14486,747256,California
Alameda,2021-04-11,11106,1188738,4871,689589,2272,414493,3963,84656,4535,240424,6552,515315,8483,755739,California
Alameda,2021-04-12,18321,1207059,11886,701475,4436,418929,1999,86655,10322,244779,7959,523274,12314,768053,California
Alameda,2021-04-13,23270,1230329,14745,716220,8464,427393,61,86716,17090,255813,6124,529398,17158,785211,California
Alameda,2021-04-14,23409,1253738,15352,731572,8055,435448,2,86718,15685,263825,7682,537080,15694,800905,California
Alameda,2021-04-15,24475,1278213,15605,747177,8865,444313,5,86723,16162,271754,8248,545328,16177,817082,California
Alameda,2021-04-16,24879,1303092,14641,761818,10231,454544,7,86730,15904,278771,8910,554238,15927,833009,California
Alameda,2021-04-17,21179,1324271,14635,776453,6542,461086,2,86732,14636,286923,6500,560738,14652,847661,California
Alameda,2021-04-18,10130,1334401,7762,784215,2368,463454,0,86732,7016,290866,3082,563820,7025,854686,California
Alameda,2021-04-19,15901,1350302,9859,794074,6041,469495,1,86733,9210,293436,6650,570470,9220,863906,California
Alameda,2021-04-20,18491,1368793,11253,805327,7236,476731,2,86735,10098,295221,8336,578806,10121,874027,California
Alameda,2021-04-21,19506,1388299,11359,816686,8135,484866,12,86747,11333,298477,8111,586917,11367,885394,California
Alameda,2021-04-22,21697,1409996,13944,830630,7748,492614,5,86752,11513,299894,10127,597044,11544,896938,California
Alameda,2021-04-23,22015,1432011,14205,844835,7806,500420,4,86756,12266,302514,9679,606723,12299,909237,California
Alameda,2021-04-24,19081,1451092,14481,859316,4592,505012,8,86764,10078,303656,8957,615680,10099,919336,California
Alameda,2021-04-25,9027,1460119,7021,866337,2005,507017,1,86765,5911,306490,3087,618767,5921,925257,California
Alameda,2021-04-26,14551,1474670,10016,876353,4509,511526,26,86791,8989,309996,5523,624290,9029,934286,California
Alameda,2021-04-27,16501,1491171,9738,886091,6395,517921,368,87159,7743,309432,8702,632992,8138,942424,California
Alameda,2021-04-28,16643,1507814,10462,896553,5712,523633,469,87628,6718,306747,9889,642881,7204,949628,California
Alameda,2021-04-29,17359,1525173,10376,906929,6651,530284,332,87960,6420,302644,10878,653759,6775,956403,California
Alameda,2021-04-30,20283,1545456,12660,919589,7278,537562,345,88305,8326,299488,11869,665628,8713,965116,California
Alameda,2021-05-01,14061,1559517,9403,928992,4448,542010,210,88515,5247,296203,8771,674399,5486,970602,California
Alameda,2021-05-02,7109,1566626,4961,933953,1976,543986,172,88687,2896,295083,4191,678590,3071,973673,California
Alameda,2021-05-03,14617,1581243,10984,944937,3311,547297,322,89009,2861,286602,11699,690289,3218,976891,California
Alameda,2021-05-04,18476,1599719,13246,958183,4868,552165,362,89371,3722,276041,14682,704971,4121,981012,California
Alameda,2021-05-05,18621,1618340,13570,971753,4543,556708,508,89879,3803,265615,14753,719724,4327,985339,California
Alameda,2021-05-06,18785,1637125,14176,985929,3913,560621,696,90575,3692,255002,15015,734739,4402,989741,California
Alameda,2021-05-07,19291,1656416,12964,998893,5910,566531,417,90992,4412,245042,14806,749545,4846,994587,California
Alameda,2021-05-08,16520,1672936,11291,1010184,5016,571547,213,91205,3108,235009,13371,762916,3338,997925,California
Alameda,2021-05-09,8536,1681472,6985,1017169,1408,572955,143,91348,1438,229519,7076,769992,1586,999511,California
Alameda,2021-05-10,10193,1691665,6965,1024134,2904,575859,324,91672,2532,224759,7626,777618,2866,1002377,California
Alameda,2021-05-11,15301,1706966,8227,1032361,6759,582618,315,91987,2806,215471,12445,790063,3157,1005534,California
Alameda,2021-05-12,13398,1720364,8903,1041264,4051,586669,444,92431,2990,208579,10361,800424,3469,1009003,California
Alameda,2021-05-13,18072,1738436,13023,1054287,4506,591175,543,92974,5935,203013,12085,812509,6519,1015522,California
Alameda,2021-05-14,20814,1759250,14154,1068441,6192,597367,468,93442,7265,197293,13468,825977,7748,1023270,California
Alameda,2021-05-15,17322,1776572,12639,1081080,4450,601817,233,93675,5931,192122,11339,837316,6168,1029438,California
Alameda,2021-05-16,8427,1784999,7199,1088279,1131,602948,97,93772,2813,189455,5582,842898,2915,1032353,California
Alameda,2021-05-17,13474,1798473,10032,1098311,2913,605861,529,94301,4244,185053,9191,852089,4789,1037142,California
Alameda,2021-05-18,14258,1812731,10367,1108678,3466,609327,425,94726,5054,181376,9158,861247,5481,1042623,California
Alameda,2021-05-19,14519,1827250,9954,1118632,4226,613553,339,95065,6030,179308,8438,869685,6370,1048993,California
Alameda,2021-05-20,13298,1840548,8747,1127379,4017,617570,534,95599,5834,178264,7412,877097,6368,1055361,California
Alameda,2021-05-21,15302,1855850,10060,1137439,4971,622541,271,95870,5209,173725,10024,887121,5485,1060846,California
Alameda,2021-05-22,10312,1866162,7448,1144887,2696,625237,168,96038,4167,171950,6113,893234,4338,1065184,California
Alameda,2021-05-23,4957,1871119,3777,1148664,1091,626328,89,96127,1633,170369,3304,896538,1723,1066907,California
Alameda,2021-05-24,7001,1878120,3971,1152635,2772,629100,258,96385,2657,168986,4303,900841,2920,1069827,California
Alameda,2021-05-25,8029,1886149,5193,1157828,2578,631678,258,96643,3540,168379,4453,905294,3846,1073673,California
Alameda,2021-05-26,8302,1894451,5188,1163016,2810,634488,304,96947,3591,167600,4685,909979,3906,1077579,California
Alameda,2021-05-27,8160,1902611,4876,1167892,2883,637371,401,97348,3413,166709,4705,914684,3814,1081393,California
Alameda,2021-05-28,8630,1911241,5046,1172938,3359,640730,225,97573,3646,165624,4958,919642,3873,1085266,California
Alameda,2021-05-29,4953,1916194,2997,1175935,1769,642499,187,97760,2564,166011,2366,922008,2753,1088019,California
Alameda,2021-05-30,2445,1918639,1601,1177536,755,643254,89,97849,977,165620,1460,923468,1069,1089088,California
Alameda,2021-05-31,1158,1919797,856,1178392,247,643501,55,97904,348,165228,795,924263,403,1089491,California
Alameda,2021-06-01,7121,1926918,4989,1183381,1886,645387,246,98150,3093,164567,4002,928265,3341,1092832,California
Alameda,2021-06-02,5815,1932733,3615,1186996,1976,647363,224,98374,2249,163496,3535,931800,2464,1095296,California
Alameda,2021-06-03,8512,1941245,6436,1193432,1795,649158,281,98655,2790,160877,5685,937485,3066,1098362,California
Alameda,2021-06-04,10504,1951749,7751,1201183,2512,651670,241,98896,2870,156397,7593,945078,3113,1101475,California
Alameda,2021-06-05,8083,1959832,5872,1207055,2050,653720,161,99057,1808,152122,6242,951320,1967,1103442,California
Alameda,2021-06-06,3659,1963491,3301,1210356,277,653997,81,99138,1086,150725,2565,953885,1168,1104610,California
Alameda,2021-06-07,5869,1969360,4279,1214635,1413,655410,177,99315,1788,148632,4058,957943,1965,1106575,California
Alameda,2021-06-08,7277,1976637,5812,1220447,1223,656633,242,99557,2129,145881,5121,963064,2370,1108945,California
Alameda,2021-06-09,7292,1983929,5962,1226409,1136,657769,194,99751,1695,142192,5574,968638,1885,1110830,California
Alameda,2021-06-10,8011,1991940,6704,1233113,1000,658769,307,100058,2152,138814,5834,974472,2456,1113286,California
Alameda,2021-06-11,8047,1999987,6181,1239294,1643,660412,223,100281,2461,135945,5558,980030,2689,1115975,California
Alameda,2021-06-12,5505,2005492,4222,1243516,1095,661507,188,100469,1372,133400,4109,984139,1564,1117539,California
Alameda,2021-06-13,2262,2007754,1713,1245229,427,661934,122,100591,648,132566,1602,985741,768,1118307,California
Alameda,2021-06-14,4567,2012321,3435,1248664,921,662855,211,100802,1679,131588,2867,988608,1889,1120196,California
Alameda,2021-06-15,6016,2018337,4372,1253036,1363,664218,281,101083,1797,129484,4181,992789,2077,1122273,California
Alameda,2021-06-16,5158,2023495,4122,1257158,830,665048,206,101289,1527,127600,3614,996403,1730,1124003,California
Alameda,2021-06-17,5569,2029064,4502,1261660,837,665885,230,101519,1824,125943,3713,1000116,2056,1126059,California
Alameda,2021-06-18,5924,2034988,4460,1266120,1209,667094,255,101774,1972,124240,3927,1004043,2224,1128283,California
Alameda,2021-06-19,3445,2038433,2605,1268725,681,667775,159,101933,1056,123077,2377,1006420,1214,1129497,California
Alameda,2021-06-20,1396,2039829,1164,1269889,187,667962,45,101978,522,122774,869,1007289,566,1130063,California
Alameda,2021-06-21,2723,2042552,1850,1271739,708,668670,165,102143,1395,123022,1312,1008601,1560,1131623,California
Alameda,2021-06-22,4564,2047116,3534,1275273,838,669508,192,102335,1403,121470,3145,1011746,1593,1133216,California
Alameda,2021-06-23,3464,2050580,2670,1277943,611,670119,183,102518,1167,120532,2284,1014030,1346,1134562,California
Alameda,2021-06-24,3114,2053694,2505,1280448,398,670517,211,102729,1025,119695,2072,1016102,1235,1135797,California
Alpine,2020-12-18,2,2,2,2,0,0,0,0,2,2,0,0,2,2,California
Alpine,2020-12-19,2,4,2,4,0,0,0,0,2,4,0,0,2,4,California
Alpine,2020-12-21,2,6,2,6,0,0,0,0,2,6,0,0,2,6,California
Alpine,2020-12-30,14,20,0,6,14,14,0,0,14,20,0,0,14,20,California
Alpine,2020-12-31,1,21,0,6,1,15,0,0,1,21,0,0,1,21,California
Alpine,2021-01-01,1,22,0,6,1,16,0,0,1,22,0,0,1,22,California
Alpine,2021-01-02,1,23,1,7,0,16,0,0,1,23,0,0,1,23,California
Alpine,2021-01-04,10,33,0,7,10,26,0,0,10,33,0,0,10,33,California
Alpine,2021-01-05,9,42,1,8,8,34,0,0,9,42,0,0,9,42,California
Alpine,2021-01-06,31,73,0,8,31,65,0,0,31,73,0,0,31,73,California
Alpine,2021-01-07,8,81,0,8,8,73,0,0,8,81,0,0,8,81,California
Alpine,2021-01-08,4,85,2,10,2,75,0,0,2,81,2,2,2,83,California
Alpine,2021-01-09,2,87,2,12,0,75,0,0,0,79,2,4,0,83,California
Alpine,2021-01-11,32,119,1,13,31,106,0,0,31,109,1,5,31,114,California
Alpine,2021-01-13,35,154,0,13,35,141,0,0,35,144,0,5,35,149,California
Alpine,2021-01-14,1,155,0,13,1,142,0,0,1,145,0,5,1,150,California
Alpine,2021-01-15,1,156,0,13,1,143,0,0,1,146,0,5,1,151,California
Alpine,2021-01-20,21,177,0,13,21,164,0,0,21,167,0,5,21,172,California
Alpine,2021-01-21,1,178,0,13,1,165,0,0,1,168,0,5,1,173,California
Alpine,2021-01-22,33,211,0,13,33,198,0,0,33,201,0,5,33,206,California
Alpine,2021-01-23,1,212,1,14,0,198,0,0,0,200,1,6,0,206,California
Alpine,2021-01-25,16,228,0,14,16,214,0,0,16,216,0,6,16,222,California
Alpine,2021-01-27,1,229,1,15,0,214,0,0,0,215,1,7,0,222,California
Alpine,2021-01-28,1,230,0,15,1,215,0,0,0,214,1,8,0,222,California
Alpine,2021-01-29,1,231,0,15,1,216,0,0,1,215,0,8,1,223,California
Alpine,2021-02-01,25,256,0,15,25,241,0,0,7,204,18,26,7,230,California
Alpine,2021-02-03,34,290,0,15,34,275,0,0,10,190,24,50,10,240,California
Alpine,2021-02-04,8,298,0,15,8,283,0,0,3,188,5,55,3,243,California
Alpine,2021-02-05,31,329,0,15,31,314,0,0,12,181,19,74,12,255,California
Alpine,2021-02-07,1,330,1,16,0,314,0,0,1,182,0,74,1,256,California
Alpine,2021-02-08,32,362,0,16,32,346,0,0,4,158,28,102,4,260,California
Alpine,2021-02-10,34,396,0,16,34,380,0,0,0,124,34,136,0,260,California
Alpine,2021-02-11,6,402,0,16,6,386,0,0,3,124,3,139,3,263,California
Alpine,2021-02-12,1,403,0,16,1,387,0,0,0,123,1,140,0,263,California
Alpine,2021-02-17,23,426,0,16,23,410,0,0,3,106,20,160,3,266,California
Alpine,2021-02-18,2,428,0,16,2,412,0,0,1,106,1,161,1,267,California
Alpine,2021-02-19,34,462,1,17,33,445,0,0,2,76,32,193,2,269,California
Alpine,2021-02-22,27,489,0,17,27,472,0,0,8,65,19,212,8,277,California
Alpine,2021-02-24,1,490,1,18,0,472,0,0,1,66,0,212,1,278,California
Alpine,2021-02-25,6,496,1,19,5,477,0,0,6,72,0,212,6,284,California
Alpine,2021-02-26,30,526,1,20,29,506,0,0,29,100,1,213,29,313,California
Alpine,2021-02-27,1,527,0,20,1,507,0,0,1,101,0,213,1,314,California
Alpine,2021-03-01,36,563,0,20,36,543,0,0,26,117,10,223,26,340,California
Alpine,2021-03-03,30,593,1,21,29,572,0,0,18,123,12,235,18,358,California
Alpine,2021-03-04,11,604,1,22,10,582,0,0,11,134,0,235,11,369,California
Alpine,2021-03-05,30,634,0,22,30,612,0,0,22,148,8,243,22,391,California
Alpine,2021-03-08,31,665,0,22,31,643,0,0,29,175,2,245,29,420,California
Alpine,2021-03-10,73,738,0,22,73,716,0,0,73,248,0,245,73,493,California
Alpine,2021-03-11,35,773,0,22,35,751,0,0,31,275,4,249,31,524,California
Alpine,2021-03-12,19,792,0,22,19,770,0,0,17,290,2,251,17,541,California
Alpine,2021-03-15,21,813,1,23,20,790,0,0,20,309,1,252,20,561,California
Alpine,2021-03-17,23,836,0,23,22,812,1,1,19,325,4,256,20,581,California
Alpine,2021-03-18,38,874,3,26,35,847,0,1,35,357,3,259,35,616,California
Alpine,2021-03-19,2,876,1,27,1,848,0,1,1,357,1,260,1,617,California
Alpine,2021-03-22,24,900,0,27,24,872,0,1,15,363,9,269,15,632,California
Alpine,2021-03-24,19,919,0,27,19,891,0,1,8,360,11,280,8,640,California
Alpine,2021-03-25,35,954,1,28,33,924,1,2,27,381,7,287,28,668,California
Alpine,2021-03-27,1,955,0,28,1,925,0,2,0,380,1,288,0,668,California
Alpine,2021-03-28,1,956,1,29,0,925,0,2,1,381,0,288,1,669,California
Alpine,2021-03-29,19,975,0,29,18,943,1,3,2,367,17,305,3,672,California
Alpine,2021-04-01,18,993,0,29,18,961,0,3,8,365,10,315,8,680,California
Alpine,2021-04-02,101,1094,1,30,100,1061,0,3,46,357,54,369,46,726,California
Alpine,2021-04-05,4,1098,1,31,3,1064,0,3,0,353,4,373,0,726,California
Alpine,2021-04-06,3,1101,2,33,1,1065,0,3,2,354,1,374,2,728,California
Alpine,2021-04-07,117,1218,0,33,116,1181,1,4,30,299,86,460,31,759,California
Alpine,2021-04-08,37,1255,0,33,35,1216,2,6,10,284,27,487,12,771,California
Alpine,2021-04-09,2,1257,0,33,2,1218,0,6,2,286,0,487,2,773,California
Alpine,2021-04-14,47,1304,0,33,47,1265,0,6,10,259,37,524,10,783,California
Alpine,2021-04-15,35,1339,0,33,35,1300,0,6,3,230,32,556,3,786,California
Alpine,2021-04-16,1,1340,0,33,1,1301,0,6,1,231,0,556,1,787,California
Alpine,2021-04-19,1,1341,0,33,1,1302,0,6,1,232,0,556,1,788,California
Alpine,2021-04-21,31,1372,0,33,31,1333,0,6,15,231,16,572,15,803,California
Alpine,2021-04-22,24,1396,0,33,24,1357,0,6,1,209,23,595,1,804,California
Alpine,2021-04-24,2,1398,2,35,0,1357,0,6,0,208,2,597,1,805,California
Alpine,2021-04-25,1,1399,1,36,0,1357,0,6,0,207,1,598,0,805,California
Alpine,2021-04-27,2,1401,1,37,1,1358,0,6,1,207,1,599,1,806,California
Alpine,2021-04-28,36,1437,0,37,36,1394,0,6,6,183,30,629,6,812,California
Alpine,2021-04-29,7,1444,1,38,6,1400,0,6,1,178,6,635,1,813,California
Alpine,2021-04-30,2,1446,1,39,0,1400,1,7,1,179,1,636,2,815,California
Alpine,2021-05-02,1,1447,0,39,0,1400,1,8,0,179,1,637,1,816,California
Alpine,2021-05-05,17,1464,0,39,17,1417,0,8,4,170,13,650,4,820,California
Alpine,2021-05-06,8,1472,0,39,8,1425,0,8,0,162,8,658,0,820,California
Alpine,2021-05-07,1,1473,0,39,1,1426,0,8,0,161,1,659,0,820,California
Alpine,2021-05-10,1,1474,0,39,1,1427,0,8,1,162,0,659,1,821,California
Alpine,2021-05-12,1,1475,0,39,0,1427,1,9,0,162,1,660,1,822,California
Alpine,2021-05-13,3,1478,0,39,3,1430,0,9,0,159,3,663,0,822,California
Alpine,2021-05-17,2,1480,0,39,2,1432,0,9,1,159,1,664,1,823,California
Alpine,2021-05-18,1,1481,0,39,1,1433,0,9,1,160,0,664,1,824,California
Alpine,2021-05-19,15,1496,0,39,15,1448,0,9,0,145,15,679,0,824,California
Alpine,2021-05-20,1,1497,1,40,0,1448,0,9,0,144,1,680,0,824,California
Alpine,2021-05-21,1,1498,1,41,0,1448,0,9,0,143,1,681,0,824,California
Alpine,2021-05-25,2,1500,0,41,2,1450,0,9,0,141,2,683,0,824,California
Alpine,2021-05-27,3,1503,2,43,1,1451,0,9,3,144,0,683,3,827,California
Alpine,2021-05-28,2,1505,1,44,1,1452,0,9,2,146,0,683,2,829,California
Alpine,2021-05-29,1,1506,0,44,1,1453,0,9,1,147,0,683,1,830,California
Alpine,2021-06-02,8,1514,0,44,8,1461,0,9,1,141,7,690,1,831,California
Alpine,2021-06-04,1,1515,0,44,1,1462,0,9,1,142,0,690,1,832,California
Alpine,2021-06-07,1,1516,0,44,1,1463,0,9,0,141,1,691,0,832,California
Alpine,2021-06-10,1,1517,1,45,0,1463,0,9,1,142,0,691,1,833,California
Alpine,2021-06-15,1,1518,0,45,1,1464,0,9,0,141,1,692,0,833,California
Alpine,2021-06-18,1,1519,1,46,0,1464,0,9,0,140,1,693,0,833,California
Alpine,2021-06-19,1,1520,1,47,0,1464,0,9,0,139,1,694,0,833,California
Amador,2020-12-16,2,2,2,2,0,0,0,0,2,2,0,0,2,2,California
Amador,2020-12-17,5,7,5,7,0,0,0,0,5,7,0,0,5,7,California
Amador,2020-12-18,45,52,45,52,0,0,0,0,45,52,0,0,45,52,California
Amador,2020-12-19,16,68,16,68,0,0,0,0,16,68,0,0,16,68,California
Amador,2020-12-20,4,72,4,72,0,0,0,0,4,72,0,0,4,72,California
Amador,2020-12-21,31,103,31,103,0,0,0,0,31,103,0,0,31,103,California
Amador,2020-12-22,35,138,34,137,1,1,0,0,35,138,0,0,35,138,California
Amador,2020-12-23,40,178,39,176,1,2,0,0,40,178,0,0,40,178,California
Amador,2020-12-24,5,183,3,179,2,4,0,0,5,183,0,0,5,183,California
Amador,2020-12-26,5,188,4,183,1,5,0,0,5,188,0,0,5,188,California
Amador,2020-12-27,1,189,0,183,1,6,0,0,1,189,0,0,1,189,California
Amador,2020-12-28,31,220,27,210,4,10,0,0,31,220,0,0,31,220,California
Amador,2020-12-29,25,245,18,228,7,17,0,0,25,245,0,0,25,245,California
Amador,2020-12-30,123,368,77,305,46,63,0,0,123,368,0,0,123,368,California
Amador,2020-12-31,194,562,169,474,25,88,0,0,194,562,0,0,194,562,California
Amador,2021-01-01,2,564,0,474,2,90,0,0,2,564,0,0,2,564,California
Amador,2021-01-02,57,621,57,531,0,90,0,0,57,621,0,0,57,621,California
Amador,2021-01-03,66,687,17,548,49,139,0,0,66,687,0,0,66,687,California
Amador,2021-01-04,125,812,2,550,123,262,0,0,125,812,0,0,125,812,California
Amador,2021-01-05,33,845,3,553,30,292,0,0,32,843,1,1,32,844,California
Amador,2021-01-06,40,885,11,564,29,321,0,0,36,875,4,5,36,880,California
Amador,2021-01-07,229,1114,69,633,160,481,0,0,217,1080,12,17,217,1097,California
Amador,2021-01-08,84,1198,69,702,15,496,0,0,41,1079,43,60,42,1139,California
Amador,2021-01-09,11,1209,11,713,0,496,0,0,2,1072,9,69,2,1141,California
Amador,2021-01-10,6,1215,4,717,2,498,0,0,2,1070,4,73,2,1143,California
Amador,2021-01-11,125,1340,44,761,81,579,0,0,88,1122,37,110,89,1232,California
Amador,2021-01-12,65,1405,50,811,15,594,0,0,41,1139,24,134,41,1273,California
Amador,2021-01-13,40,1445,24,835,16,610,0,0,28,1155,12,146,28,1301,California
Amador,2021-01-14,151,1596,23,858,128,738,0,0,141,1287,10,156,142,1443,California
Amador,2021-01-15,61,1657,26,884,35,773,0,0,52,1330,9,165,52,1495,California
Amador,2021-01-16,19,1676,12,896,7,780,0,0,13,1338,6,171,14,1509,California
Amador,2021-01-17,25,1701,5,901,20,800,0,0,25,1363,0,171,25,1534,California
Amador,2021-01-18,32,1733,28,929,4,804,0,0,10,1351,22,193,10,1544,California
Amador,2021-01-19,124,1857,100,1029,24,828,0,0,81,1389,43,236,81,1625,California
Amador,2021-01-20,183,2040,33,1062,150,978,0,0,168,1543,14,250,168,1793,California
Amador,2021-01-21,259,2299,229,1291,30,1008,0,0,148,1581,111,361,149,1942,California
Amador,2021-01-22,138,2437,75,1366,63,1071,0,0,132,1707,6,367,132,2074,California
Amador,2021-01-23,53,2490,33,1399,20,1091,0,0,50,1754,3,370,50,2124,California
Amador,2021-01-24,28,2518,12,1411,16,1107,0,0,25,1776,3,373,25,2149,California
Amador,2021-01-25,60,2578,29,1440,31,1138,0,0,42,1800,18,391,42,2191,California
Amador,2021-01-26,246,2824,17,1457,229,1367,0,0,236,2026,10,401,236,2427,California
Amador,2021-01-27,301,3125,33,1490,268,1635,0,0,254,2237,44,445,255,2682,California
Amador,2021-01-28,369,3494,97,1587,272,1907,0,0,288,2445,81,526,289,2971,California
Amador,2021-01-29,99,3593,33,1620,66,1973,0,0,84,2514,15,541,84,3055,California
Amador,2021-01-30,169,3762,37,1657,132,2105,0,0,164,2673,5,546,164,3219,California
Amador,2021-01-31,33,3795,28,1685,5,2110,0,0,32,2704,1,547,32,3251,California
Amador,2021-02-01,67,3862,24,1709,43,2153,0,0,40,2717,27,574,40,3291,California
Amador,2021-02-02,216,4078,66,1775,150,2303,0,0,129,2761,85,659,129,3420,California
Amador,2021-02-03,143,4221,39,1814,104,2407,0,0,91,2801,51,710,91,3511,California
Amador,2021-02-04,251,4472,75,1889,176,2583,0,0,164,2880,87,797,166,3677,California
Amador,2021-02-05,334,4806,64,1953,270,2853,0,0,316,3179,17,814,316,3993,California
Amador,2021-02-06,100,4906,81,2034,19,2872,0,0,95,3269,5,819,95,4088,California
Amador,2021-02-07,39,4945,35,2069,4,2876,0,0,35,3301,4,823,36,4124,California
Amador,2021-02-08,92,5037,64,2133,28,2904,0,0,73,3355,19,842,73,4197,California
Amador,2021-02-09,175,5212,82,2215,93,2997,0,0,109,3398,66,908,109,4306,California
Amador,2021-02-10,980,6192,80,2295,900,3897,0,0,946,4310,34,942,946,5252,California
Amador,2021-02-11,311,6503,120,2415,191,4088,0,0,200,4401,109,1051,200,5452,California
Amador,2021-02-12,330,6833,123,2538,207,4295,0,0,255,4581,75,1126,255,5707,California
Amador,2021-02-13,170,7003,83,2621,87,4382,0,0,144,4699,26,1152,144,5851,California
Amador,2021-02-14,122,7125,54,2675,68,4450,0,0,105,4787,17,1169,105,5956,California
Amador,2021-02-15,188,7313,61,2736,127,4577,0,0,171,4942,16,1185,171,6127,California
Amador,2021-02-16,464,7777,51,2787,413,4990,0,0,424,5328,40,1225,426,6553,California
Amador,2021-02-17,263,8040,84,2871,179,5169,0,0,165,5395,98,1323,165,6718,California
Amador,2021-02-18,397,8437,99,2970,298,5467,0,0,332,5663,65,1388,333,7051,California
Amador,2021-02-19,196,8633,78,3048,118,5585,0,0,111,5689,85,1473,111,7162,California
Amador,2021-02-20,96,8729,33,3081,63,5648,0,0,68,5729,28,1501,68,7230,California
Amador,2021-02-21,47,8776,34,3115,13,5661,0,0,14,5711,32,1533,14,7244,California
Amador,2021-02-22,65,8841,26,3141,39,5700,0,0,32,5711,32,1565,32,7276,California
Amador,2021-02-23,322,9163,56,3197,266,5966,0,0,140,5670,182,1747,141,7417,California
Amador,2021-02-24,396,9559,59,3256,337,6303,0,0,263,5804,130,1877,264,7681,California
Amador,2021-02-25,525,10084,119,3375,406,6709,0,0,276,5835,248,2125,279,7960,California
Amador,2021-02-26,633,10717,81,3456,552,7261,0,0,514,6233,118,2243,516,8476,California
Amador,2021-02-27,293,11010,94,3550,199,7460,0,0,98,6143,194,2437,104,8580,California
Amador,2021-02-28,107,11117,56,3606,51,7511,0,0,61,6160,46,2483,63,8643,California
Amador,2021-03-01,199,11316,70,3676,129,7640,0,0,126,6215,73,2556,128,8771,California
Amador,2021-03-02,382,11698,63,3739,319,7959,0,0,333,6500,49,2605,334,9105,California
Amador,2021-03-03,243,11941,79,3818,164,8123,0,0,167,6593,75,2680,168,9273,California
Amador,2021-03-04,499,12440,116,3934,383,8506,0,0,395,6886,103,2783,396,9669,California
Amador,2021-03-05,515,12955,77,4011,438,8944,0,0,292,6961,221,3004,296,9965,California
Amador,2021-03-06,103,13058,50,4061,52,8996,1,1,57,6973,46,3050,58,10023,California
Amador,2021-03-07,65,13123,44,4105,21,9017,0,1,22,6952,43,3093,22,10045,California
Amador,2021-03-08,153,13276,71,4176,81,9098,1,2,92,6984,61,3154,93,10138,California
Amador,2021-03-09,375,13651,51,4227,324,9422,0,2,292,7199,79,3233,294,10432,California
Amador,2021-03-10,519,14170,77,4304,440,9862,2,4,112,6908,407,3640,116,10548,California
Amador,2021-03-11,479,14649,120,4424,349,10211,10,14,300,7044,178,3818,314,10862,California
Amador,2021-03-12,574,15223,70,4494,497,10708,7,21,336,7158,237,4055,351,11213,California
Amador,2021-03-13,116,15339,18,4512,91,10799,7,28,74,7202,42,4097,86,11299,California
Amador,2021-03-14,89,15428,19,4531,67,10866,3,31,22,7160,67,4164,25,11324,California
Amador,2021-03-15,183,15611,27,4558,149,11015,7,38,55,7096,128,4292,64,11388,California
Amador,2021-03-16,453,16064,54,4612,389,11404,10,48,139,6933,312,4604,149,11537,California
Amador,2021-03-17,384,16448,43,4655,338,11742,3,51,262,7077,122,4726,266,11803,California
Amador,2021-03-18,512,16960,99,4754,409,12151,4,55,257,7087,254,4980,264,12067,California
Amador,2021-03-19,540,17500,57,4811,468,12619,15,70,385,7341,153,5133,407,12474,California
Amador,2021-03-20,111,17611,46,4857,65,12684,0,70,46,7325,64,5197,48,12522,California
Amador,2021-03-21,50,17661,37,4894,12,12696,1,71,30,7339,19,5216,33,12555,California
Amador,2021-03-22,115,17776,34,4928,53,12749,28,99,50,7352,65,5281,78,12633,California
Amador,2021-03-23,433,18209,47,4975,379,13128,7,106,274,7476,158,5439,282,12915,California
Amador,2021-03-24,342,18551,35,5010,55,13183,252,358,35,7457,306,5745,287,13202,California
Amador,2021-03-25,610,19161,86,5096,517,13700,7,365,394,7643,215,5960,401,13603,California
Amador,2021-03-26,749,19910,44,5140,698,14398,7,372,280,7471,466,6426,294,13897,California
Amador,2021-03-27,90,20000,15,5155,73,14471,2,374,27,7439,63,6489,31,13928,California
Amador,2021-03-28,70,20070,16,5171,52,14523,2,376,12,7397,57,6546,15,13943,California
Amador,2021-03-29,184,20254,28,5199,155,14678,1,377,79,7379,103,6649,85,14028,California
Amador,2021-03-30,535,20789,28,5227,506,15184,1,378,291,7430,243,6892,294,14322,California
Amador,2021-03-31,201,20990,58,5285,138,15322,5,383,44,7324,155,7047,49,14371,California
Amador,2021-04-01,616,21606,87,5372,529,15851,0,383,263,7240,351,7398,267,14638,California
Amador,2021-04-02,611,22217,39,5411,559,16410,13,396,378,7405,232,7630,397,15035,California
Amador,2021-04-03,87,22304,24,5435,43,16453,20,416,21,7382,66,7696,43,15078,California
Amador,2021-04-04,38,22342,3,5438,29,16482,6,422,15,7380,23,7719,21,15099,California
Amador,2021-04-05,146,22488,53,5491,76,16558,17,439,49,7353,96,7815,69,15168,California
Amador,2021-04-06,505,22993,39,5530,448,17006,18,457,224,7316,279,8094,242,15410,California
Amador,2021-04-07,100,23093,34,5564,47,17053,19,476,43,7323,55,8149,62,15472,California
Amador,2021-04-08,498,23591,84,5648,393,17446,21,497,221,7291,275,8424,243,15715,California
Amador,2021-04-09,483,24074,21,5669,442,17888,20,517,211,7251,271,8695,231,15946,California
Amador,2021-04-10,50,24124,14,5683,27,17915,9,526,22,7254,28,8723,31,15977,California
Amador,2021-04-11,50,24174,25,5708,21,17936,4,530,23,7255,26,8749,27,16004,California
Amador,2021-04-12,98,24272,26,5734,62,17998,10,540,42,7251,56,8805,52,16056,California
Amador,2021-04-13,346,24618,49,5783,297,18295,0,540,66,7040,278,9083,67,16123,California
Amador,2021-04-14,280,24898,26,5809,254,18549,0,540,56,6876,221,9304,57,16180,California
Amador,2021-04-15,341,25239,78,5887,263,18812,0,540,72,6690,258,9562,72,16252,California
Amador,2021-04-16,482,25721,29,5916,453,19265,0,540,381,6975,100,9662,385,16637,California
Amador,2021-04-17,62,25783,34,5950,28,19293,0,540,26,6965,36,9698,26,16663,California
Amador,2021-04-18,28,25811,8,5958,20,19313,0,540,12,6963,15,9713,13,16676,California
Amador,2021-04-19,69,25880,27,5985,42,19355,0,540,30,6957,38,9751,32,16708,California
Amador,2021-04-20,437,26317,55,6040,382,19737,0,540,110,6749,320,10071,112,16820,California
Amador,2021-04-21,88,26405,34,6074,53,19790,1,541,44,6752,42,10113,45,16865,California
Amador,2021-04-22,507,26912,78,6152,428,20218,1,542,99,6466,390,10503,104,16969,California
Amador,2021-04-23,363,27275,47,6199,316,20534,0,542,285,6680,73,10576,287,17256,California
Amador,2021-04-24,50,27325,25,6224,25,20559,0,542,29,6689,20,10596,29,17285,California
Amador,2021-04-25,41,27366,19,6243,22,20581,0,542,29,6706,12,10608,29,17314,California
Amador,2021-04-26,92,27458,27,6270,64,20645,1,543,43,6704,48,10656,46,17360,California
Amador,2021-04-27,501,27959,44,6314,456,21101,1,544,91,6391,406,11062,93,17453,California
Amador,2021-04-28,69,28028,29,6343,37,21138,3,547,41,6407,28,11090,44,17497,California
Amador,2021-04-29,224,28252,69,6412,46,21184,109,656,65,6421,159,11249,173,17670,California
Amador,2021-04-30,341,28593,26,6438,311,21495,4,660,89,6269,252,11501,100,17770,California
Amador,2021-05-01,43,28636,15,6453,23,21518,5,665,22,6277,19,11520,27,17797,California
Amador,2021-05-02,28,28664,14,6467,11,21529,3,668,11,6275,17,11537,15,17812,California
Amador,2021-05-03,68,28732,34,6501,24,21553,10,678,27,6271,41,11578,37,17849,California
Amador,2021-05-04,467,29199,28,6529,432,21985,7,685,68,5947,399,11977,75,17924,California
Amador,2021-05-05,204,29403,151,6680,44,22029,9,694,161,6075,40,12017,168,18092,California
Amador,2021-05-06,110,29513,56,6736,49,22078,5,699,63,6098,45,12062,68,18160,California
Amador,2021-05-07,126,29639,29,6765,90,22168,7,706,66,6111,60,12122,73,18233,California
Amador,2021-05-08,41,29680,8,6773,30,22198,3,709,20,6113,21,12143,23,18256,California
Amador,2021-05-09,16,29696,1,6774,9,22207,6,715,4,6111,12,12155,10,18266,California
Amador,2021-05-10,62,29758,15,6789,44,22251,3,718,26,6104,36,12191,29,18295,California
Amador,2021-05-11,102,29860,34,6823,42,22293,26,744,45,6118,57,12248,71,18366,California
Amador,2021-05-12,68,29928,24,6847,41,22334,3,747,32,6117,36,12284,35,18401,California
Amador,2021-05-13,76,30004,40,6887,30,22364,6,753,37,6122,38,12322,43,18444,California
Amador,2021-05-14,399,30403,38,6925,357,22721,4,757,88,5906,310,12632,94,18538,California
Amador,2021-05-15,51,30454,20,6945,21,22742,10,767,23,5912,28,12660,34,18572,California
Amador,2021-05-16,38,30492,15,6960,23,22765,0,767,17,5908,21,12681,17,18589,California
Amador,2021-05-17,75,30567,22,6982,51,22816,2,769,35,5907,39,12720,38,18627,California
Amador,2021-05-18,252,30819,172,7154,45,22861,35,804,167,6025,84,12804,202,18829,California
Amador,2021-05-19,75,30894,24,7178,47,22908,4,808,35,6027,39,12843,41,18870,California
Amador,2021-05-20,88,30982,46,7224,37,22945,5,813,29,6003,58,12901,34,18904,California
Amador,2021-05-21,273,31255,29,7253,242,23187,2,815,39,5810,234,13135,41,18945,California
Amador,2021-05-22,47,31302,16,7269,26,23213,5,820,13,5795,34,13169,19,18964,California
Amador,2021-05-23,26,31328,4,7273,19,23232,3,823,5,5782,21,13190,8,18972,California
Amador,2021-05-24,88,31416,29,7302,47,23279,12,835,40,5786,48,13238,52,19024,California
Amador,2021-05-25,139,31555,87,7389,27,23306,25,860,80,5834,57,13295,105,19129,California
Amador,2021-05-26,205,31760,161,7550,37,23343,7,867,40,5717,164,13459,47,19176,California
Amador,2021-05-27,81,31841,36,7586,36,23379,9,876,30,5705,51,13510,39,19215,California
Amador,2021-05-28,69,31910,26,7612,39,23418,4,880,29,5698,40,13550,33,19248,California
Amador,2021-05-29,26,31936,2,7614,21,23439,3,883,10,5695,16,13566,13,19261,California
Amador,2021-05-30,19,31955,5,7619,8,23447,6,889,5,5692,14,13580,11,19272,California
Amador,2021-05-31,10,31965,0,7619,9,23456,1,890,2,5687,8,13588,3,19275,California
Amador,2021-06-01,96,32061,67,7686,24,23480,5,895,43,5683,52,13640,48,19323,California
Amador,2021-06-02,47,32108,17,7703,22,23502,8,903,17,5679,30,13670,26,19349,California
Amador,2021-06-03,59,32167,26,7729,28,23530,5,908,19,5664,39,13709,24,19373,California
Amador,2021-06-04,101,32268,22,7751,58,23588,21,929,23,5630,78,13787,44,19417,California
Amador,2021-06-05,39,32307,16,7767,20,23608,3,932,4,5602,35,13822,7,19424,California
Amador,2021-06-06,18,32325,8,7775,9,23617,1,933,8,5601,10,13832,9,19433,California
Amador,2021-06-07,45,32370,18,7793,23,23640,4,937,17,5594,28,13860,21,19454,California
Amador,2021-06-08,176,32546,140,7933,25,23665,11,948,55,5541,120,13980,67,19521,California
Amador,2021-06-09,48,32594,19,7952,20,23685,9,957,12,5526,36,14016,21,19542,California
Amador,2021-06-10,54,32648,22,7974,20,23705,12,969,19,5522,35,14051,31,19573,California
Amador,2021-06-11,56,32704,17,7991,34,23739,5,974,17,5505,39,14090,22,19595,California
Amador,2021-06-12,22,32726,9,8000,11,23750,2,976,8,5502,13,14103,10,19605,California
Amador,2021-06-13,9,32735,2,8002,6,23756,1,977,2,5498,7,14110,3,19608,California
Amador,2021-06-14,47,32782,24,8026,20,23776,3,980,14,5482,33,14143,17,19625,California
Amador,2021-06-15,42,32824,11,8037,19,23795,12,992,17,5486,25,14168,29,19654,California
Amador,2021-06-16,75,32899,34,8071,31,23826,10,1002,34,5489,41,14209,44,19698,California
Amador,2021-06-17,47,32946,23,8094,20,23846,4,1006,28,5503,18,14227,32,19730,California
Amador,2021-06-18,155,33101,119,8213,29,23875,7,1013,62,5479,93,14320,69,19799,California
Amador,2021-06-19,31,33132,8,8221,15,23890,8,1021,11,5479,20,14340,20,19819,California
Amador,2021-06-20,8,33140,6,8227,1,23891,1,1022,3,5478,5,14345,4,19823,California
Amador,2021-06-21,46,33186,14,8241,23,23914,9,1031,15,5471,31,14376,24,19847,California
Amador,2021-06-22,48,33234,28,8269,18,23932,2,1033,35,5495,13,14389,37,19884,California
Amador,2021-06-23,29,33263,18,8287,11,23943,0,1033,21,5508,8,14397,21,19905,California
Amador,2021-06-24,9,33272,4,8291,5,23948,0,1033,5,5510,3,14400,5,19910,California
Butte,2020-12-16,3,3,3,3,0,0,0,0,3,3,0,0,3,3,California
Butte,2020-12-17,21,24,21,24,0,0,0,0,21,24,0,0,21,24,California
Butte,2020-12-18,51,75,51,75,0,0,0,0,51,75,0,0,51,75,California
Butte,2020-12-19,7,82,7,82,0,0,0,0,7,82,0,0,7,82,California
Butte,2020-12-20,10,92,10,92,0,0,0,0,10,92,0,0,10,92,California
Butte,2020-12-21,631,723,631,723,0,0,0,0,631,723,0,0,631,723,California
Butte,2020-12-22,619,1342,617,1340,2,2,0,0,619,1342,0,0,619,1342,California
Butte,2020-12-23,877,2219,861,2201,16,18,0,0,877,2219,0,0,877,2219,California
Butte,2020-12-24,159,2378,155,2356,4,22,0,0,159,2378,0,0,159,2378,California
Butte,2020-12-26,92,2470,90,2446,2,24,0,0,92,2470,0,0,92,2470,California
Butte,2020-12-27,35,2505,34,2480,1,25,0,0,35,2505,0,0,35,2505,California
Butte,2020-12-28,279,2784,273,2753,6,31,0,0,279,2784,0,0,279,2784,California
Butte,2020-12-29,205,2989,181,2934,24,55,0,0,205,2989,0,0,205,2989,California
Butte,2020-12-30,513,3502,291,3225,222,277,0,0,513,3502,0,0,513,3502,California
Butte,2020-12-31,213,3715,18,3243,195,472,0,0,213,3715,0,0,213,3715,California
Butte,2021-01-01,12,3727,4,3247,8,480,0,0,12,3727,0,0,12,3727,California
Butte,2021-01-02,40,3767,37,3284,3,483,0,0,40,3767,0,0,40,3767,California
Butte,2021-01-03,3,3770,0,3284,3,486,0,0,3,3770,0,0,3,3770,California
Butte,2021-01-04,208,3978,175,3459,33,519,0,0,208,3978,0,0,208,3978,California
Butte,2021-01-05,197,4175,152,3611,45,564,0,0,196,4173,1,1,196,4174,California
Butte,2021-01-06,626,4801,396,4007,230,794,0,0,621,4790,5,6,622,4796,California
Butte,2021-01-07,763,5564,369,4376,394,1188,0,0,743,5513,20,26,743,5539,California
Butte,2021-01-08,673,6237,531,4907,142,1330,0,0,626,6092,47,73,626,6165,California
Butte,2021-01-09,13,6250,8,4915,5,1335,0,0,7,6093,6,79,7,6172,California
Butte,2021-01-10,19,6269,5,4920,14,1349,0,0,14,6102,5,84,14,6186,California
Butte,2021-01-11,984,7253,948,5868,36,1385,0,0,357,5835,627,711,360,6546,California
Butte,2021-01-12,700,7953,655,6523,45,1430,0,0,276,5687,424,1135,276,6822,California
Butte,2021-01-13,1571,9524,1076,7599,495,1925,0,0,728,5575,842,1977,730,7552,California
Butte,2021-01-14,1637,11161,893,8492,744,2669,0,0,1440,6819,196,2173,1440,8992,California
Butte,2021-01-15,1062,12223,819,9311,243,2912,0,0,953,7662,110,2283,953,9945,California
Butte,2021-01-16,588,12811,301,9612,287,3199,0,0,543,8160,45,2328,543,10488,California
Butte,2021-01-17,239,13050,64,9676,175,3374,0,0,201,8323,38,2366,201,10689,California
Butte,2021-01-18,347,13397,305,9981,42,3416,0,0,279,8535,67,2433,279,10968,California
Butte,2021-01-19,495,13892,433,10414,62,3478,0,0,222,8484,273,2706,222,11190,California
Butte,2021-01-20,1373,15265,690,11104,683,4161,0,0,1070,9251,303,3009,1070,12260,California
Butte,2021-01-21,1479,16744,868,11972,611,4772,0,0,1371,10515,107,3116,1371,13631,California
Butte,2021-01-22,1140,17884,482,12454,658,5430,0,0,1086,11547,54,3170,1086,14717,California
Butte,2021-01-23,127,18011,85,12539,42,5472,0,0,102,11624,25,3195,102,14819,California
Butte,2021-01-24,8,18019,6,12545,2,5474,0,0,8,11632,0,3195,8,14827,California
Butte,2021-01-25,661,18680,338,12883,323,5797,0,0,498,11967,163,3358,498,15325,California
Butte,2021-01-26,1474,20154,378,13261,1096,6893,0,0,1337,13167,137,3495,1337,16662,California
Butte,2021-01-27,2108,22262,706,13967,1402,8295,0,0,1373,13806,734,4229,1373,18035,California
Butte,2021-01-28,2268,24530,261,14228,2007,10302,0,0,1956,15451,311,4540,1956,19991,California
Butte,2021-01-29,1694,26224,491,14719,1203,11505,0,0,1312,16383,380,4920,1312,21303,California
Butte,2021-01-30,31,26255,8,14727,23,11528,0,0,29,16410,2,4922,29,21332,California
Butte,2021-01-31,16,26271,14,14741,2,11530,0,0,15,16424,1,4923,15,21347,California
Butte,2021-02-01,1760,28031,406,15147,1354,12884,0,0,1367,17402,389,5312,1367,22714,California
Butte,2021-02-02,1938,29969,362,15509,1576,14460,0,0,1635,18733,304,5616,1635,24349,California
Butte,2021-02-03,2754,32723,780,16289,1974,16434,0,0,1856,19693,896,6512,1856,26205,California
Butte,2021-02-04,2969,35692,325,16614,2644,19078,0,0,2408,21543,558,7070,2408,28613,California
Butte,2021-02-05,1277,36969,668,17282,609,19687,0,0,554,21375,723,7793,555,29168,California
Butte,2021-02-06,150,37119,105,17387,45,19732,0,0,65,21355,85,7878,65,29233,California
Butte,2021-02-07,39,37158,35,17422,4,19736,0,0,14,21344,25,7903,14,29247,California
Butte,2021-02-08,698,37856,546,17968,152,19888,0,0,240,21127,457,8360,240,29487,California
Butte,2021-02-09,955,38811,460,18428,495,20383,0,0,724,21620,231,8591,724,30211,California
Butte,2021-02-10,1709,40520,1190,19618,519,20902,0,0,671,21255,1036,9627,671,30882,California
Butte,2021-02-11,2205,42725,1346,20964,859,21761,0,0,1005,21060,1200,10827,1005,31887,California
Butte,2021-02-12,1000,43725,435,21399,565,22326,0,0,323,20707,676,11503,323,32210,California
Butte,2021-02-13,250,43975,43,21442,207,22533,0,0,149,20755,101,11604,149,32359,California
Butte,2021-02-14,164,44139,10,21452,154,22687,0,0,158,20907,6,11610,158,32517,California
Butte,2021-02-15,264,44403,49,21501,215,22902,0,0,197,21037,67,11677,197,32714,California
Butte,2021-02-16,737,45140,435,21936,302,23204,0,0,280,20859,458,12135,280,32994,California
Butte,2021-02-17,1522,46662,852,22788,670,23874,0,0,845,21029,675,12810,845,33839,California
Butte,2021-02-18,1570,48232,769,23557,801,24675,0,0,757,20973,813,13623,757,34596,California
Butte,2021-02-19,1169,49401,391,23948,778,25453,0,0,400,20611,762,14385,400,34996,California
Butte,2021-02-20,481,49882,32,23980,449,25902,0,0,126,20383,354,14739,126,35122,California
Butte,2021-02-21,18,49900,16,23996,2,25904,0,0,13,20391,5,14744,13,35135,California
Butte,2021-02-22,1505,51405,295,24291,1210,27114,0,0,376,19641,1126,15870,376,35511,California
Butte,2021-02-23,1639,53044,296,24587,1343,28457,0,0,465,18938,1168,17038,465,35976,California
Butte,2021-02-24,2140,55184,597,25184,1543,30000,0,0,724,18254,1408,18446,724,36700,California
Butte,2021-02-25,2080,57264,577,25761,1503,31503,0,0,653,17487,1421,19867,654,37354,California
Butte,2021-02-26,924,58188,310,26071,614,32117,0,0,399,17365,521,20388,399,37753,California
Butte,2021-02-27,241,58429,50,26121,191,32308,0,0,189,17504,50,20438,189,37942,California
Butte,2021-02-28,143,58572,17,26138,126,32434,0,0,135,17631,8,20446,135,38077,California
Butte,2021-03-01,1640,60212,180,26318,1459,33893,1,1,337,16671,1298,21744,338,38415,California
Butte,2021-03-02,1753,61965,201,26519,1552,35445,0,1,306,15535,1442,23186,306,38721,California
Butte,2021-03-03,2795,64760,856,27375,1939,37384,0,1,481,13707,2309,25495,481,39202,California
Butte,2021-03-04,3158,67918,683,28058,2475,39859,0,1,631,11813,2525,28020,631,39833,California
Butte,2021-03-05,1360,69278,620,28678,739,40598,1,2,736,11930,620,28640,737,40570,California
Butte,2021-03-06,250,69528,27,28705,200,40798,23,25,187,12078,62,28702,210,40780,California
Butte,2021-03-07,56,69584,3,28708,36,40834,17,42,31,12101,25,28727,48,40828,California
Butte,2021-03-08,1273,70857,131,28839,1064,41898,78,120,1103,13115,167,28894,1181,42009,California
Butte,2021-03-09,1908,72765,284,29123,1522,43420,102,222,1413,14139,491,29385,1515,43524,California
Butte,2021-03-10,2323,75088,971,30094,1252,44672,100,322,1580,15082,737,30122,1680,45204,California
Butte,2021-03-11,2816,77904,1322,31416,1368,46040,126,448,1980,16363,825,30947,2106,47310,California
Butte,2021-03-12,1165,79069,333,31749,465,46505,367,815,355,16281,804,31751,722,48032,California
Butte,2021-03-13,274,79343,70,31819,143,46648,61,876,65,16197,209,31960,125,48157,California
Butte,2021-03-14,164,79507,16,31835,106,46754,42,918,21,16118,142,32102,63,48220,California
Butte,2021-03-15,1740,81247,358,32193,1088,47842,294,1212,1145,16971,586,32688,1439,49659,California
Butte,2021-03-16,1659,82906,422,32615,1158,49000,79,1291,1110,17615,544,33232,1188,50847,California
Butte,2021-03-17,1960,84866,1358,33973,521,49521,81,1372,1138,18019,814,34046,1218,52065,California
Butte,2021-03-18,1813,86679,1464,35437,220,49741,129,1501,1063,18466,744,34790,1191,53256,California
Butte,2021-03-19,697,87376,312,35749,301,50042,84,1585,344,18550,344,35134,428,53684,California
Butte,2021-03-20,209,87585,31,35780,161,50203,17,1602,97,18552,112,35246,114,53798,California
Butte,2021-03-21,70,87655,37,35817,4,50207,29,1631,22,18557,46,35292,51,53849,California
Butte,2021-03-22,1488,89143,355,36172,1039,51246,94,1725,1223,19611,263,35555,1317,55166,California
Butte,2021-03-23,1858,91001,521,36693,1223,52469,114,1839,1505,20881,349,35904,1619,56785,California
Butte,2021-03-24,2267,93268,1270,37963,871,53340,126,1965,1713,22170,549,36453,1838,58623,California
Butte,2021-03-25,1486,94754,1200,39163,194,53534,92,2057,1018,22816,464,36917,1110,59733,California
Butte,2021-03-26,1213,95967,442,39605,524,54058,247,2304,563,22983,643,37560,810,60543,California
Butte,2021-03-27,304,96271,85,39690,195,54253,24,2328,135,22974,166,37726,157,60700,California
Butte,2021-03-28,228,96499,44,39734,176,54429,8,2336,102,22960,123,37849,109,60809,California
Butte,2021-03-29,1763,98262,382,40116,1311,55740,70,2406,1342,23956,416,38265,1412,62221,California
Butte,2021-03-30,1037,99299,471,40587,476,56216,90,2496,490,23995,541,38806,580,62801,California
Butte,2021-03-31,1777,101076,1302,41889,408,56624,67,2563,1084,24460,686,39492,1151,63952,California
Butte,2021-04-01,3339,104415,2713,44602,497,57121,129,2692,2262,25781,1070,40562,2391,66343,California
Butte,2021-04-02,1008,105423,422,45024,465,57586,121,2813,568,26036,432,40994,687,67030,California
Butte,2021-04-03,346,105769,47,45071,225,57811,74,2887,164,26092,182,41176,238,67268,California
Butte,2021-04-04,189,105958,25,45096,141,57952,23,2910,110,26148,77,41253,133,67401,California
Butte,2021-04-05,1972,107930,420,45516,1381,59333,171,3081,595,25544,1368,42621,764,68165,California
Butte,2021-04-06,2216,110146,620,46136,1173,60506,423,3504,804,25366,1403,44024,1225,69390,California
Butte,2021-04-07,3041,113187,1322,47458,1326,61832,393,3897,716,24156,2319,46343,1109,70499,California
Butte,2021-04-08,2753,115940,1201,48659,1283,63115,269,4166,458,22591,2292,48635,727,71226,California
Butte,2021-04-09,1378,117318,354,49013,542,63657,482,4648,330,22354,1044,49679,807,72033,California
Butte,2021-04-10,228,117546,48,49061,80,63737,100,4748,102,22430,125,49804,201,72234,California
Butte,2021-04-11,107,117653,44,49105,53,63790,10,4758,83,22500,23,49827,93,72327,California
Butte,2021-04-12,1415,119068,315,49420,966,64756,134,4892,235,21689,1180,51007,369,72696,California
Butte,2021-04-13,1654,120722,574,49994,1074,65830,6,4898,345,20738,1302,52309,351,73047,California
Butte,2021-04-14,2851,123573,2358,52352,493,66323,0,4898,1328,20549,1518,53827,1329,74376,California
Butte,2021-04-15,643,124216,394,52746,249,66572,0,4898,484,20878,155,53982,484,74860,California
Butte,2021-04-16,815,125031,418,53164,397,66969,0,4898,481,21027,332,54314,481,75341,California
Butte,2021-04-17,345,125376,61,53225,284,67253,0,4898,241,21166,102,54416,241,75582,California
Butte,2021-04-18,48,125424,14,53239,34,67287,0,4898,43,21204,5,54421,43,75625,California
Butte,2021-04-19,1563,126987,381,53620,1182,68469,0,4898,427,20498,1133,55554,427,76052,California
Butte,2021-04-20,1993,128980,727,54347,1266,69735,0,4898,752,20017,1233,56787,752,76804,California
Butte,2021-04-21,2050,131030,1167,55514,883,70618,0,4898,467,18908,1576,58363,467,77271,California
Butte,2021-04-22,2233,133263,1949,57463,284,70902,0,4898,618,17915,1611,59974,618,77889,California
Butte,2021-04-23,945,134208,448,57911,497,71399,0,4898,487,17945,457,60431,487,78376,California
Butte,2021-04-24,347,134555,137,58048,210,71609,0,4898,190,17979,156,60587,190,78566,California
Butte,2021-04-25,174,134729,69,58117,105,71714,0,4898,65,17935,109,60696,65,78631,California
Butte,2021-04-26,1563,136292,458,58575,1100,72814,5,4903,406,17194,1152,61848,411,79042,California
Butte,2021-04-27,1024,137316,684,59259,313,73127,27,4930,587,17377,432,62280,615,79657,California
Butte,2021-04-28,1391,138707,937,60196,429,73556,25,4955,501,17017,886,63166,526,80183,California
Butte,2021-04-29,890,139597,544,60740,321,73877,25,4980,301,16760,583,63749,326,80509,California
Butte,2021-04-30,897,140494,390,61130,486,74363,21,5001,449,16788,441,64190,469,80978,California
Butte,2021-05-01,242,140736,64,61194,158,74521,20,5021,72,16710,168,64358,90,81068,California
Butte,2021-05-02,151,140887,63,61257,75,74596,13,5034,44,16660,107,64465,57,81125,California
Butte,2021-05-03,635,141522,257,61514,347,74943,31,5065,177,16420,448,64913,208,81333,California
Butte,2021-05-04,822,142344,318,61832,472,75415,32,5097,214,16063,602,65515,245,81578,California
Butte,2021-05-05,1362,143706,1109,62941,215,75630,38,5135,287,15318,1069,66584,324,81902,California
Butte,2021-05-06,934,144640,672,63613,225,75855,37,5172,359,15142,572,67156,396,82298,California
Butte,2021-05-07,561,145201,291,63904,234,76089,36,5208,286,15191,272,67428,321,82619,California
Butte,2021-05-08,170,145371,36,63940,125,76214,9,5217,87,15205,82,67510,96,82715,California
Butte,2021-05-09,93,145464,20,63960,70,76284,3,5220,49,15213,44,67554,52,82767,California
Butte,2021-05-10,516,145980,305,64265,168,76452,43,5263,210,15163,303,67857,253,83020,California
Butte,2021-05-11,870,146850,643,64908,169,76621,58,5321,277,14908,590,68447,335,83355,California
Butte,2021-05-12,767,147617,483,65391,238,76859,46,5367,344,14880,418,68865,390,83745,California
Butte,2021-05-13,942,148559,622,66013,255,77114,65,5432,349,14710,582,69447,412,84157,California
Butte,2021-05-14,864,149423,538,66551,293,77407,33,5465,381,14643,480,69927,413,84570,California
Butte,2021-05-15,504,149927,244,66795,226,77633,34,5499,237,14648,266,70193,271,84841,California
Butte,2021-05-16,167,150094,81,66876,68,77701,18,5517,97,14694,69,70262,115,84956,California
Butte,2021-05-17,757,150851,484,67360,224,77925,49,5566,324,14636,430,70692,372,85328,California
Butte,2021-05-18,1066,151917,733,68093,284,78209,49,5615,476,14577,584,71276,525,85853,California
Butte,2021-05-19,827,152744,536,68629,247,78456,44,5659,329,14456,493,71769,372,86225,California
Butte,2021-05-20,979,153723,654,69283,215,78671,110,5769,389,14367,587,72356,498,86723,California
Butte,2021-05-21,890,154613,544,69827,320,78991,26,5795,306,14118,580,72936,331,87054,California
Butte,2021-05-22,298,154911,138,69965,145,79136,15,5810,145,14127,150,73086,159,87213,California
Butte,2021-05-23,124,155035,75,70040,48,79184,1,5811,79,14162,45,73131,80,87293,California
Butte,2021-05-24,340,155375,153,70193,137,79321,50,5861,171,14215,167,73298,220,87513,California
Butte,2021-05-25,700,156075,449,70642,215,79536,36,5897,343,14250,350,73648,385,87898,California
Butte,2021-05-26,561,156636,179,70821,359,79895,23,5920,244,14212,309,73957,271,88169,California
Butte,2021-05-27,864,157500,622,71443,224,80119,18,5938,427,14226,432,74389,446,88615,California
Butte,2021-05-28,518,158018,140,71583,299,80418,79,6017,215,14220,300,74689,294,88909,California
Butte,2021-05-29,224,158242,116,71699,96,80514,12,6029,148,14304,76,74765,160,89069,California
Butte,2021-05-30,107,158349,56,71755,51,80565,0,6029,61,14319,46,74811,61,89130,California
Butte,2021-05-31,44,158393,23,71778,18,80583,3,6032,25,14328,19,74830,28,89158,California
Butte,2021-06-01,677,159070,427,72205,214,80797,36,6068,258,14206,416,75246,294,89452,California
Butte,2021-06-02,821,159891,568,72773,208,81005,45,6113,354,14140,464,75710,398,89850,California
Butte,2021-06-03,625,160516,421,73194,187,81192,17,6130,211,13957,411,76121,228,90078,California
Butte,2021-06-04,480,160996,274,73468,178,81370,28,6158,146,13804,327,76448,174,90252,California
Butte,2021-06-05,318,161314,205,73673,93,81463,20,6178,96,13700,220,76668,116,90368,California
Butte,2021-06-06,134,161448,99,73772,33,81496,2,6180,33,13635,100,76768,35,90403,California
Butte,2021-06-07,401,161849,257,74029,115,81611,29,6209,172,13608,228,76996,201,90604,California
Butte,2021-06-08,648,162497,467,74496,163,81774,18,6227,188,13367,449,77445,208,90812,California
Butte,2021-06-09,432,162929,295,74791,118,81892,19,6246,146,13252,280,77725,165,90977,California
Butte,2021-06-10,632,163561,449,75240,151,82043,32,6278,238,13128,392,78117,268,91245,California
Butte,2021-06-11,445,164006,265,75505,159,82202,21,6299,149,13004,294,78411,170,91415,California
Butte,2021-06-12,250,164256,152,75657,88,82290,10,6309,75,12915,174,78585,85,91500,California
Butte,2021-06-13,97,164353,64,75721,30,82320,3,6312,20,12861,77,78662,23,91523,California
Butte,2021-06-14,386,164739,231,75952,135,82455,20,6332,142,12781,243,78905,163,91686,California
Butte,2021-06-15,546,165285,384,76336,137,82592,25,6357,161,12588,379,79284,186,91872,California
Butte,2021-06-16,418,165703,257,76593,116,82708,45,6402,173,12563,242,79526,217,92089,California
Butte,2021-06-17,580,166283,432,77025,121,82829,27,6429,179,12369,400,79926,206,92295,California
Butte,2021-06-18,407,166690,203,77228,151,82980,53,6482,158,12330,247,80173,208,92503,California
Butte,2021-06-19,207,166897,153,77381,49,83029,5,6487,92,12312,115,80288,97,92600,California
Butte,2021-06-20,93,166990,68,77449,25,83054,0,6487,24,12267,69,80357,24,92624,California
Butte,2021-06-21,269,167259,163,77612,90,83144,16,6503,130,12276,137,80494,146,92770,California
Butte,2021-06-22,420,167679,274,77886,121,83265,25,6528,152,12189,264,80758,177,92947,California
Butte,2021-06-23,437,168116,329,78215,87,83352,21,6549,160,12093,276,81034,180,93127,California
Butte,2021-06-24,221,168337,163,78378,42,83394,16,6565,80,12048,140,81174,95,93222,California
Calaveras,2020-12-16,5,5,5,5,0,0,0,0,5,5,0,0,5,5,California
Calaveras,2020-12-17,3,8,3,8,0,0,0,0,3,8,0,0,3,8,California
Calaveras,2020-12-18,39,47,39,47,0,0,0,0,39,47,0,0,39,47,California
Calaveras,2020-12-19,3,50,3,50,0,0,0,0,3,50,0,0,3,50,California
Calaveras,2020-12-20,4,54,4,54,0,0,0,0,4,54,0,0,4,54,California
Calaveras,2020-12-21,54,108,47,101,7,7,0,0,54,108,0,0,54,108,California
Calaveras,2020-12-22,81,189,77,178,4,11,0,0,82,190,0,0,82,190,California
Calaveras,2020-12-23,76,265,74,252,2,13,0,0,76,266,0,0,76,266,California
Calaveras,2020-12-24,2,267,2,254,0,13,0,0,2,268,0,0,2,268,California
Calaveras,2020-12-26,3,270,3,257,0,13,0,0,3,271,0,0,3,271,California
Calaveras,2020-12-28,21,291,17,274,4,17,0,0,20,290,1,1,20,291,California
Calaveras,2020-12-29,160,451,138,412,22,39,0,0,160,450,0,1,160,451,California
Calaveras,2020-12-30,94,545,82,494,12,51,0,0,94,544,0,1,94,545,California
Calaveras,2020-12-31,37,582,26,520,11,62,0,0,37,581,0,1,37,582,California
Calaveras,2021-01-02,11,593,11,531,0,62,0,0,11,592,0,1,11,593,California
Calaveras,2021-01-03,10,603,4,535,6,68,0,0,10,602,0,1,10,603,California
Calaveras,2021-01-04,33,636,5,540,28,96,0,0,33,635,0,1,33,636,California
Calaveras,2021-01-05,41,677,10,550,31,127,0,0,32,663,9,10,37,673,California
Calaveras,2021-01-06,107,784,30,580,77,204,0,0,97,750,10,20,97,770,California
Calaveras,2021-01-07,105,889,26,606,79,283,0,0,92,832,11,31,93,863,California
Calaveras,2021-01-08,69,958,39,645,30,313,0,0,45,855,24,55,47,910,California
Calaveras,2021-01-09,5,963,5,650,0,313,0,0,2,854,3,58,2,912,California
Calaveras,2021-01-10,2,965,0,650,2,315,0,0,2,856,0,58,2,914,California
Calaveras,2021-01-11,65,1030,59,709,6,321,0,0,27,848,37,95,29,943,California
Calaveras,2021-01-12,85,1115,52,761,33,354,0,0,52,868,33,128,53,996,California
Calaveras,2021-01-13,109,1224,45,806,64,418,0,0,75,910,34,162,76,1072,California
Calaveras,2021-01-14,141,1365,44,850,97,515,0,0,108,987,32,194,109,1181,California
Calaveras,2021-01-15,92,1457,28,878,64,579,0,0,72,1039,20,214,72,1253,California
Calaveras,2021-01-16,13,1470,2,880,11,590,0,0,12,1050,1,215,12,1265,California
Calaveras,2021-01-17,9,1479,1,881,8,598,0,0,9,1059,0,215,9,1274,California
Calaveras,2021-01-18,134,1613,20,901,114,712,0,0,119,1167,15,230,123,1397,California
Calaveras,2021-01-19,208,1821,177,1078,31,743,0,0,70,1102,137,367,72,1469,California
Calaveras,2021-01-20,378,2199,82,1160,296,1039,0,0,285,1312,92,459,302,1771,California
Calaveras,2021-01-21,465,2664,42,1202,423,1462,0,0,423,1711,42,501,441,2212,California
Calaveras,2021-01-22,402,3066,23,1225,379,1841,0,0,386,2094,16,517,399,2611,California
Calaveras,2021-01-23,18,3084,8,1233,10,1851,0,0,17,2110,1,518,17,2628,California
Calaveras,2021-01-24,14,3098,8,1241,6,1857,0,0,12,2120,2,520,12,2640,California
Calaveras,2021-01-25,87,3185,8,1249,79,1936,0,0,82,2197,5,525,82,2722,California
Calaveras,2021-01-26,48,3233,16,1265,32,1968,0,0,39,2227,9,534,39,2761,California
Calaveras,2021-01-27,130,3363,46,1311,84,2052,0,0,101,2300,28,562,101,2862,California
Calaveras,2021-01-28,165,3528,25,1336,140,2192,0,0,137,2415,28,590,143,3005,California
Calaveras,2021-01-29,369,3897,13,1349,356,2548,0,0,336,2733,33,623,351,3356,California
Calaveras,2021-01-30,27,3924,10,1359,17,2565,0,0,25,2758,0,623,25,3381,California
Calaveras,2021-01-31,6,3930,4,1363,2,2567,0,0,5,2762,1,624,5,3386,California
Calaveras,2021-02-01,28,3958,12,1375,16,2583,0,0,19,2772,9,633,19,3405,California
Calaveras,2021-02-02,109,4067,22,1397,87,2670,0,0,70,2809,34,667,71,3476,California
Calaveras,2021-02-03,436,4503,44,1441,392,3062,0,0,351,3078,84,751,353,3829,California
Calaveras,2021-02-04,384,4887,25,1466,359,3421,0,0,299,3296,85,836,303,4132,California
Calaveras,2021-02-05,79,4966,22,1488,57,3478,0,0,40,3299,39,875,42,4174,California
Calaveras,2021-02-06,22,4988,12,1500,10,3488,0,0,22,3321,0,875,22,4196,California
Calaveras,2021-02-07,5,4993,1,1501,4,3492,0,0,2,3321,2,877,2,4198,California
Calaveras,2021-02-08,41,5034,19,1520,22,3514,0,0,33,3348,6,883,33,4231,California
Calaveras,2021-02-09,192,5226,76,1596,116,3630,0,0,129,3417,61,944,130,4361,California
Calaveras,2021-02-10,515,5741,32,1628,483,4113,0,0,441,3792,74,1018,449,4810,California
Calaveras,2021-02-11,587,6328,84,1712,503,4616,0,0,468,4156,116,1134,480,5290,California
Calaveras,2021-02-12,570,6898,324,2036,246,4862,0,0,486,4569,82,1216,495,5785,California
Calaveras,2021-02-13,200,7098,45,2081,155,5017,0,0,185,4739,15,1231,185,5970,California
Calaveras,2021-02-14,223,7321,71,2152,152,5169,0,0,207,4932,14,1245,207,6177,California
Calaveras,2021-02-15,383,7704,24,2176,359,5528,0,0,261,5077,118,1363,263,6440,California
Calaveras,2021-02-16,269,7973,145,2321,124,5652,0,0,231,5273,38,1401,234,6674,California
Calaveras,2021-02-17,514,8487,40,2361,474,6126,0,0,206,5194,291,1692,212,6886,California
Calaveras,2021-02-18,499,8986,92,2453,407,6533,0,0,96,4911,379,2071,96,6982,California
Calaveras,2021-02-19,440,9426,43,2496,397,6930,0,0,97,4681,328,2399,98,7080,California
Calaveras,2021-02-20,58,9484,15,2511,43,6973,0,0,48,4719,10,2409,48,7128,California
Calaveras,2021-02-21,25,9509,15,2526,10,6983,0,0,18,4731,6,2415,18,7146,California
Calaveras,2021-02-22,62,9571,38,2564,24,7007,0,0,33,4735,29,2444,33,7179,California
Calaveras,2021-02-23,128,9699,43,2607,85,7092,0,0,90,4790,38,2482,93,7272,California
Calaveras,2021-02-24,97,9796,48,2655,49,7141,0,0,67,4828,29,2511,67,7339,California
Calaveras,2021-02-25,554,10350,102,2757,452,7593,0,0,355,5000,191,2702,363,7702,California
Calaveras,2021-02-26,778,11128,45,2802,733,8326,0,0,411,5070,343,3045,413,8115,California
Calaveras,2021-02-27,204,11332,23,2825,181,8507,0,0,180,5226,24,3069,180,8295,California
Calaveras,2021-02-28,96,11428,15,2840,81,8588,0,0,91,5312,5,3074,91,8386,California
Calaveras,2021-03-01,244,11672,47,2887,197,8785,0,0,151,5376,89,3163,153,8539,California
Calaveras,2021-03-02,254,11926,100,2987,154,8939,0,0,205,5538,46,3209,208,8747,California
Calaveras,2021-03-03,561,12487,106,3093,455,9394,0,0,218,5420,337,3546,219,8966,California
Calaveras,2021-03-04,749,13236,70,3163,678,10072,1,1,350,5386,390,3936,356,9322,California
Calaveras,2021-03-05,455,13691,271,3434,180,10252,4,5,141,5229,302,4238,145,9467,California
Calaveras,2021-03-06,154,13845,42,3476,106,10358,6,11,113,5308,41,4279,120,9587,California
Calaveras,2021-03-07,76,13921,32,3508,37,10395,7,18,35,5309,41,4320,42,9629,California
Calaveras,2021-03-08,166,14087,29,3537,129,10524,8,26,130,5413,35,4355,139,9768,California
Calaveras,2021-03-09,369,14456,138,3675,225,10749,6,32,32,5120,331,4686,38,9806,California
Calaveras,2021-03-10,430,14886,35,3710,392,11141,3,35,58,4820,362,5048,62,9868,California
Calaveras,2021-03-11,869,15755,435,4145,421,11562,13,48,432,4844,423,5471,447,10315,California
Calaveras,2021-03-12,422,16177,221,4366,191,11753,10,58,322,5088,99,5570,343,10658,California
Calaveras,2021-03-13,188,16365,18,4384,162,11915,8,66,138,5190,48,5618,150,10808,California
Calaveras,2021-03-14,156,16521,11,4395,144,12059,1,67,18,5077,138,5756,25,10833,California
Calaveras,2021-03-15,333,16854,50,4445,258,12317,25,92,54,4882,278,6034,83,10916,California
Calaveras,2021-03-16,691,17545,554,4999,117,12434,20,112,546,5305,143,6177,566,11482,California
Calaveras,2021-03-17,288,17833,53,5052,221,12655,14,126,53,5144,229,6406,68,11550,California
Calaveras,2021-03-18,666,18499,570,5622,80,12735,16,142,547,5591,119,6525,566,12116,California
Calaveras,2021-03-19,233,18732,50,5672,109,12844,74,216,59,5552,170,6695,131,12247,California
Calaveras,2021-03-20,80,18812,22,5694,57,12901,1,217,22,5518,58,6753,24,12271,California
Calaveras,2021-03-21,47,18859,29,5723,7,12908,11,228,10,5504,36,6789,22,12293,California
Calaveras,2021-03-22,80,18939,36,5759,23,12931,21,249,25,5495,55,6844,46,12339,California
Calaveras,2021-03-23,297,19236,205,5964,82,13013,10,259,116,5452,169,7013,126,12465,California
Calaveras,2021-03-24,136,19372,52,6016,74,13087,10,269,44,5416,90,7103,54,12519,California
Calaveras,2021-03-25,748,20120,105,6121,639,13726,4,273,448,5578,290,7393,452,12971,California
Calaveras,2021-03-26,430,20550,28,6149,396,14122,6,279,89,5337,338,7731,97,13068,California
Calaveras,2021-03-27,211,20761,20,6169,187,14309,4,283,37,5209,171,7902,43,13111,California
Calaveras,2021-03-28,112,20873,12,6181,98,14407,2,285,8,5117,103,8005,11,13122,California
Calaveras,2021-03-29,185,21058,25,6206,157,14564,3,288,59,5057,123,8128,63,13185,California
Calaveras,2021-03-30,541,21599,25,6231,499,15063,17,305,363,5260,177,8305,380,13565,California
Calaveras,2021-03-31,327,21926,143,6374,174,15237,10,315,159,5262,168,8473,170,13735,California
Calaveras,2021-04-01,689,22615,445,6819,243,15480,1,316,182,4952,503,8976,193,13928,California
Calaveras,2021-04-02,397,23012,232,7051,157,15637,8,324,116,4805,274,9250,127,14055,California
Calaveras,2021-04-03,143,23155,34,7085,105,15742,4,328,40,4746,103,9353,44,14099,California
Calaveras,2021-04-04,82,23237,26,7111,56,15798,0,328,50,4764,32,9385,50,14149,California
Calaveras,2021-04-05,212,23449,81,7192,121,15919,10,338,100,4762,112,9497,110,14259,California
Calaveras,2021-04-06,655,24104,575,7767,66,15985,14,352,114,4353,537,10034,128,14387,California
Calaveras,2021-04-07,760,24864,662,8429,61,16046,37,389,619,4871,141,10175,659,15046,California
Calaveras,2021-04-08,947,25811,855,9284,70,16116,22,411,434,4820,510,10685,459,15505,California
Calaveras,2021-04-09,156,25967,59,9343,48,16164,49,460,55,4828,99,10784,107,15612,California
Calaveras,2021-04-10,192,26159,42,9385,131,16295,19,479,148,4953,43,10827,168,15780,California
Calaveras,2021-04-11,70,26229,45,9430,23,16318,2,481,49,4983,21,10848,51,15831,California
Calaveras,2021-04-12,107,26336,46,9476,42,16360,19,500,57,5010,50,10898,77,15908,California
Calaveras,2021-04-13,427,26763,372,9848,55,16415,0,500,366,5319,60,10958,369,16277,California
Calaveras,2021-04-14,184,26947,28,9876,156,16571,0,500,135,5406,49,11007,136,16413,California
Calaveras,2021-04-15,334,27281,283,10159,51,16622,0,500,245,5568,85,11092,247,16660,California
Calaveras,2021-04-16,108,27389,32,10191,76,16698,0,500,50,5568,51,11143,51,16711,California
Calaveras,2021-04-17,332,27721,128,10319,204,16902,0,500,290,5816,42,11185,290,17001,California
Calaveras,2021-04-18,18,27739,5,10324,13,16915,0,500,11,5820,7,11192,11,17012,California
Calaveras,2021-04-19,75,27814,27,10351,48,16963,0,500,44,5836,30,11222,46,17058,California
Calaveras,2021-04-20,271,28085,94,10445,177,17140,0,500,197,5966,68,11290,198,17256,California
Calaveras,2021-04-21,216,28301,145,10590,71,17211,0,500,83,5919,131,11421,84,17340,California
Calaveras,2021-04-22,545,28846,96,10686,449,17660,0,500,143,5665,399,11820,145,17485,California
Calaveras,2021-04-23,159,29005,80,10766,79,17739,0,500,64,5637,92,11912,64,17549,California
Calaveras,2021-04-24,172,29177,37,10803,135,17874,0,500,129,5725,42,11954,130,17679,California
Calaveras,2021-04-25,42,29219,28,10831,14,17888,0,500,21,5727,21,11975,23,17702,California
Calaveras,2021-04-26,118,29337,73,10904,45,17933,0,500,34,5679,83,12058,35,17737,California
Calaveras,2021-04-27,445,29782,74,10978,358,18291,13,513,57,5365,384,12442,70,17807,California
Calaveras,2021-04-28,649,30431,578,11556,40,18331,31,544,55,4866,592,13034,93,17900,California
Calaveras,2021-04-29,518,30949,442,11998,57,18388,19,563,73,4520,443,13477,97,17997,California
Calaveras,2021-04-30,152,31101,61,12059,86,18474,5,568,67,4514,84,13561,78,18075,California
Calaveras,2021-05-01,202,31303,111,12170,88,18562,3,571,134,4588,67,13628,141,18216,California
Calaveras,2021-05-02,53,31356,36,12206,16,18578,1,572,20,4579,31,13659,22,18238,California
Calaveras,2021-05-03,94,31450,69,12275,20,18598,5,577,30,4555,63,13722,39,18277,California
Calaveras,2021-05-04,419,31869,330,12605,52,18650,37,614,44,4263,374,14096,82,18359,California
Calaveras,2021-05-05,113,31982,58,12663,23,18673,32,646,50,4283,61,14157,81,18440,California
Calaveras,2021-05-06,255,32237,194,12857,37,18710,24,670,47,4149,206,14363,72,18512,California
Calaveras,2021-05-07,89,32326,25,12882,58,18768,6,676,58,4182,31,14394,64,18576,California
Calaveras,2021-05-08,290,32616,143,13025,145,18913,2,678,90,4078,196,14590,92,18668,California
Calaveras,2021-05-09,29,32645,12,13037,14,18927,3,681,13,4078,16,14606,16,18684,California
Calaveras,2021-05-10,60,32705,25,13062,34,18961,1,682,28,4078,30,14636,30,18714,California
Calaveras,2021-05-11,135,32840,90,13152,33,18994,12,694,94,4145,40,14676,107,18821,California
Calaveras,2021-05-12,170,33010,48,13200,122,19116,0,694,52,4080,117,14793,52,18873,California
Calaveras,2021-05-13,121,33131,66,13266,40,19156,15,709,65,4107,54,14847,81,18954,California
Calaveras,2021-05-14,149,33280,92,13358,54,19210,3,712,100,4162,48,14895,103,19057,California
Calaveras,2021-05-15,267,33547,95,13453,169,19379,3,715,106,4116,155,15050,109,19166,California
Calaveras,2021-05-16,29,33576,12,13465,17,19396,0,715,14,4116,15,15065,15,19181,California
Calaveras,2021-05-17,90,33666,42,13507,41,19437,7,722,48,4131,41,15106,56,19237,California
Calaveras,2021-05-18,227,33893,61,13568,144,19581,22,744,72,4071,154,15260,94,19331,California
Calaveras,2021-05-19,150,34043,62,13630,84,19665,4,748,72,4071,77,15337,77,19408,California
Calaveras,2021-05-20,204,34247,80,13710,98,19763,26,774,66,4027,135,15472,91,19499,California
Calaveras,2021-05-21,97,34344,55,13765,38,19801,4,778,59,4052,37,15509,62,19561,California
Calaveras,2021-05-22,301,34645,160,13925,141,19942,0,778,148,4048,152,15661,148,19709,California
Calaveras,2021-05-23,31,34676,16,13941,15,19957,0,778,13,4043,18,15679,13,19722,California
Calaveras,2021-05-24,76,34752,40,13981,20,19977,16,794,32,4048,44,15723,49,19771,California
Calaveras,2021-05-25,123,34875,47,14028,59,20036,17,811,56,4054,67,15790,73,19844,California
Calaveras,2021-05-26,121,34996,87,14115,30,20066,4,815,83,4103,37,15827,86,19930,California
Calaveras,2021-05-27,83,35079,43,14158,36,20102,4,819,27,4082,53,15880,32,19962,California
Calaveras,2021-05-28,85,35164,44,14202,37,20139,4,823,42,4085,43,15923,46,20008,California
Calaveras,2021-05-29,69,35233,23,14225,41,20180,5,828,33,4088,36,15959,39,20047,California
Calaveras,2021-05-30,36,35269,14,14239,17,20197,5,833,11,4079,25,15984,16,20063,California
Calaveras,2021-05-31,5,35274,0,14239,3,20200,2,835,0,4076,5,15989,2,20065,California
Calaveras,2021-06-01,145,35419,97,14336,42,20242,6,841,45,4027,100,16089,51,20116,California
Calaveras,2021-06-02,85,35504,54,14390,27,20269,4,845,36,4018,49,16138,40,20156,California
Calaveras,2021-06-03,93,35597,55,14445,31,20300,7,852,42,4020,49,16187,51,20207,California
Calaveras,2021-06-04,140,35737,94,14539,34,20334,12,864,37,3966,103,16290,49,20256,California
Calaveras,2021-06-05,85,35822,28,14567,55,20389,2,866,34,3952,50,16340,36,20292,California
Calaveras,2021-06-06,40,35862,28,14595,9,20398,3,869,21,3957,19,16359,24,20316,California
Calaveras,2021-06-07,62,35924,45,14640,9,20407,8,877,25,3954,36,16395,33,20349,California
Calaveras,2021-06-08,125,36049,79,14719,39,20446,7,884,57,3952,66,16461,64,20413,California
Calaveras,2021-06-09,95,36144,51,14770,38,20484,6,890,30,3925,65,16526,38,20451,California
Calaveras,2021-06-10,119,36263,58,14828,52,20536,9,899,41,3899,76,16602,50,20501,California
Calaveras,2021-06-11,103,36366,58,14886,40,20576,5,904,32,3865,71,16673,37,20538,California
Calaveras,2021-06-12,62,36428,36,14922,24,20600,2,906,20,3845,42,16715,22,20560,California
Calaveras,2021-06-13,31,36459,18,14940,9,20609,4,910,8,3834,23,16738,12,20572,California
Calaveras,2021-06-14,59,36518,39,14979,16,20625,4,914,22,3824,37,16775,27,20599,California
Calaveras,2021-06-15,89,36607,54,15033,26,20651,9,923,23,3791,66,16841,33,20632,California
Calaveras,2021-06-16,179,36786,138,15171,27,20678,14,937,39,3705,139,16980,53,20685,California
Calaveras,2021-06-17,59,36845,31,15202,23,20701,5,942,24,3702,32,17012,29,20714,California
Calaveras,2021-06-18,59,36904,40,15242,15,20716,4,946,24,3695,35,17047,28,20742,California
Calaveras,2021-06-19,66,36970,23,15265,26,20742,17,963,23,3692,43,17090,40,20782,California
Calaveras,2021-06-20,6,36976,2,15267,3,20745,1,964,2,3691,4,17094,3,20785,California
Calaveras,2021-06-21,38,37014,14,15281,18,20763,6,970,23,3706,15,17109,30,20815,California
Calaveras,2021-06-22,62,37076,31,15312,29,20792,2,972,28,3704,33,17142,31,20846,California
Calaveras,2021-06-23,45,37121,32,15344,10,20802,3,975,21,3704,24,17166,24,20870,California
Calaveras,2021-06-24,15,37136,1,15345,14,20816,0,975,7,3703,8,17174,7,20877,California
Colusa,2020-12-18,1,1,1,1,0,0,0,0,1,1,0,0,1,1,California
Colusa,2020-12-21,2,3,2,3,0,0,0,0,2,3,0,0,2,3,California
Colusa,2020-12-22,10,13,10,13,0,0,0,0,10,13,0,0,10,13,California
Colusa,2020-12-23,10,23,10,23,0,0,0,0,10,23,0,0,10,23,California
Colusa,2020-12-24,2,25,1,24,1,1,0,0,2,25,0,0,2,25,California
Colusa,2020-12-27,1,26,1,25,0,1,0,0,1,26,0,0,1,26,California
Colusa,2020-12-28,7,33,3,28,4,5,0,0,7,33,0,0,7,33,California
Colusa,2020-12-29,10,43,8,36,2,7,0,0,10,43,0,0,10,43,California
Colusa,2020-12-30,51,94,14,50,37,44,0,0,51,94,0,0,51,94,California
Colusa,2020-12-31,18,112,1,51,17,61,0,0,18,112,0,0,18,112,California
Colusa,2021-01-04,4,116,0,51,4,65,0,0,4,116,0,0,4,116,California
Colusa,2021-01-05,68,184,1,52,67,132,0,0,68,184,0,0,68,184,California
Colusa,2021-01-06,15,199,9,61,6,138,0,0,15,199,0,0,15,199,California
Colusa,2021-01-07,39,238,5,66,34,172,0,0,38,236,1,1,38,237,California
Colusa,2021-01-08,9,247,7,73,2,174,0,0,8,243,1,2,8,245,California
Colusa,2021-01-09,2,249,1,74,1,175,0,0,2,245,0,2,2,247,California
Colusa,2021-01-10,1,250,0,74,1,176,0,0,1,246,0,2,1,248,California
Colusa,2021-01-11,12,262,6,80,6,182,0,0,7,248,5,7,7,255,California
Colusa,2021-01-12,11,273,9,89,2,184,0,0,6,249,5,12,6,261,California
Colusa,2021-01-13,21,294,13,102,8,192,0,0,13,254,8,20,13,274,California
Colusa,2021-01-14,35,329,28,130,7,199,0,0,33,285,2,22,33,307,California
Colusa,2021-01-15,42,371,5,135,37,236,0,0,40,323,2,24,40,347,California
Colusa,2021-01-16,12,383,1,136,11,247,0,0,11,333,1,25,11,358,California
Colusa,2021-01-17,3,386,2,138,1,248,0,0,2,334,1,26,2,360,California
Colusa,2021-01-18,4,390,0,138,4,252,0,0,4,338,0,26,4,364,California
Colusa,2021-01-19,9,399,8,146,1,253,0,0,5,339,4,30,5,369,California
Colusa,2021-01-20,115,514,101,247,14,267,0,0,101,426,14,44,101,470,California
Colusa,2021-01-21,59,573,44,291,15,282,0,0,58,483,1,45,58,528,California
Colusa,2021-01-22,40,613,17,308,23,305,0,0,35,513,5,50,35,563,California
Colusa,2021-01-23,35,648,6,314,29,334,0,0,35,548,0,50,35,598,California
Colusa,2021-01-25,7,655,0,314,7,341,0,0,7,555,0,50,7,605,California
Colusa,2021-01-26,8,663,5,319,3,344,0,0,5,557,3,53,5,610,California
Colusa,2021-01-27,109,772,31,350,78,422,0,0,107,662,2,55,107,717,California
Colusa,2021-01-28,83,855,48,398,35,457,0,0,74,727,9,64,74,791,California
Colusa,2021-01-29,43,898,7,405,36,493,0,0,42,768,1,65,42,833,California
Colusa,2021-01-30,27,925,4,409,23,516,0,0,27,795,0,65,27,860,California
Colusa,2021-01-31,7,932,7,416,0,516,0,0,7,802,0,65,7,867,California
Colusa,2021-02-01,27,959,10,426,17,533,0,0,22,819,5,70,22,889,California
Colusa,2021-02-02,42,1001,8,434,34,567,0,0,36,849,6,76,36,925,California
Colusa,2021-02-03,69,1070,10,444,59,626,0,0,58,896,11,87,58,983,California
Colusa,2021-02-04,143,1213,81,525,62,688,0,0,115,983,28,115,115,1098,California
Colusa,2021-02-05,32,1245,8,533,24,712,0,0,29,1009,3,118,29,1127,California
Colusa,2021-02-06,285,1530,9,542,276,988,0,0,274,1272,11,129,274,1401,California
Colusa,2021-02-07,2,1532,1,543,1,989,0,0,0,1270,2,131,0,1401,California
Colusa,2021-02-08,40,1572,5,548,35,1024,0,0,37,1304,3,134,37,1438,California
Colusa,2021-02-09,231,1803,14,562,217,1241,0,0,176,1425,55,189,176,1614,California
Colusa,2021-02-10,117,1920,42,604,75,1316,0,0,73,1454,44,233,73,1687,California
Colusa,2021-02-11,101,2021,38,642,63,1379,0,0,74,1501,27,260,74,1761,California
Colusa,2021-02-12,117,2138,9,651,108,1487,0,0,78,1539,40,300,78,1839,California
Colusa,2021-02-13,60,2198,8,659,52,1539,0,0,52,1583,8,308,52,1891,California
Colusa,2021-02-14,21,2219,8,667,13,1552,0,0,15,1592,6,314,15,1906,California
Colusa,2021-02-15,46,2265,10,677,36,1588,0,0,39,1624,7,321,39,1945,California
Colusa,2021-02-16,67,2332,4,681,63,1651,0,0,66,1689,1,322,66,2011,California
Colusa,2021-02-17,205,2537,143,824,62,1713,0,0,59,1602,146,468,59,2070,California
Colusa,2021-02-18,135,2672,35,859,100,1813,0,0,112,1691,23,491,112,2182,California
Colusa,2021-02-19,155,2827,19,878,136,1949,0,0,129,1794,26,517,129,2311,California
Colusa,2021-02-20,28,2855,6,884,22,1971,0,0,12,1790,16,533,12,2323,California
Colusa,2021-02-21,1,2856,1,885,0,1971,0,0,0,1789,1,534,0,2323,California
Colusa,2021-02-22,43,2899,26,911,17,1988,0,0,29,1804,14,548,29,2352,California
Colusa,2021-02-23,22,2921,6,917,16,2004,0,0,18,1818,4,552,18,2370,California
Colusa,2021-02-24,300,3221,54,971,246,2250,0,0,158,1834,142,694,158,2528,California
Colusa,2021-02-25,102,3323,55,1026,47,2297,0,0,66,1864,36,730,66,2594,California
Colusa,2021-02-26,100,3423,14,1040,86,2383,0,0,60,1884,40,770,60,2654,California
Colusa,2021-02-27,55,3478,4,1044,51,2434,0,0,40,1909,15,785,40,2694,California
Colusa,2021-02-28,27,3505,15,1059,12,2446,0,0,18,1918,9,794,18,2712,California
Colusa,2021-03-01,46,3551,15,1074,31,2477,0,0,29,1930,17,811,29,2741,California
Colusa,2021-03-02,49,3600,13,1087,36,2513,0,0,26,1933,23,834,26,2767,California
Colusa,2021-03-03,246,3846,46,1133,200,2713,0,0,189,2065,57,891,189,2956,California
Colusa,2021-03-04,139,3985,59,1192,80,2793,0,0,80,2086,59,950,80,3036,California
Colusa,2021-03-05,98,4083,25,1217,64,2857,9,9,53,2103,45,995,62,3098,California
Colusa,2021-03-06,275,4358,9,1226,266,3123,0,9,38,1904,237,1232,38,3136,California
Colusa,2021-03-07,8,4366,5,1231,3,3126,0,9,6,1908,2,1234,6,3142,California
Colusa,2021-03-08,89,4455,21,1252,33,3159,35,44,45,1944,44,1278,80,3222,California
Colusa,2021-03-09,276,4731,74,1326,179,3338,23,67,85,1861,191,1469,108,3330,California
Colusa,2021-03-10,289,5020,38,1364,215,3553,36,103,203,2014,86,1555,239,3569,California
Colusa,2021-03-11,420,5440,60,1424,339,3892,21,124,339,2291,81,1636,358,3927,California
Colusa,2021-03-12,111,5551,18,1442,80,3972,13,137,20,2233,91,1727,33,3960,California
Colusa,2021-03-13,61,5612,16,1458,36,4008,9,146,18,2217,43,1770,27,3987,California
Colusa,2021-03-14,19,5631,0,1458,17,4025,2,148,5,2211,13,1783,7,3994,California
Colusa,2021-03-15,71,5702,27,1485,36,4061,8,156,15,2178,56,1839,23,4017,California
Colusa,2021-03-16,297,5999,16,1501,235,4296,46,202,189,2305,108,1947,235,4252,California
Colusa,2021-03-17,194,6193,50,1551,144,4440,0,202,108,2327,86,2033,108,4360,California
Colusa,2021-03-18,325,6518,38,1589,216,4656,71,273,201,2476,124,2157,273,4633,California
Colusa,2021-03-19,80,6598,20,1609,58,4714,2,275,55,2508,25,2182,57,4690,California
Colusa,2021-03-20,50,6648,8,1617,41,4755,1,276,37,2533,13,2195,38,4728,California
Colusa,2021-03-21,6,6654,4,1621,2,4757,0,276,3,2533,3,2198,3,4731,California
Colusa,2021-03-22,62,6716,10,1631,43,4800,9,285,40,2560,22,2220,49,4780,California
Colusa,2021-03-23,83,6799,16,1647,65,4865,2,287,56,2591,27,2247,58,4838,California
Colusa,2021-03-24,340,7139,57,1704,277,5142,6,293,68,2392,272,2519,73,4911,California
Colusa,2021-03-25,109,7248,60,1764,44,5186,5,298,52,2392,57,2576,57,4968,California
Colusa,2021-03-26,300,7548,47,1811,249,5435,4,302,247,2590,53,2629,251,5219,California
Colusa,2021-03-27,63,7611,5,1816,58,5493,0,302,25,2577,38,2667,25,5244,California
Colusa,2021-03-28,16,7627,7,1823,9,5502,0,302,8,2577,8,2675,8,5252,California
Colusa,2021-03-29,72,7699,20,1843,46,5548,6,308,32,2575,40,2715,38,5290,California
Colusa,2021-03-30,151,7850,82,1925,67,5615,2,310,72,2570,79,2794,74,5364,California
Colusa,2021-03-31,234,8084,41,1966,193,5808,0,310,70,2477,163,2957,70,5434,California
Colusa,2021-04-01,435,8519,73,2039,307,6115,55,365,311,2719,123,3080,365,5799,California
Colusa,2021-04-02,82,8601,13,2052,55,6170,14,379,38,2727,44,3124,52,5851,California
Colusa,2021-04-03,61,8662,10,2062,28,6198,23,402,14,2716,47,3171,36,5887,California
Colusa,2021-04-04,18,8680,0,2062,8,6206,10,412,3,2714,15,3186,13,5900,California
Colusa,2021-04-05,97,8777,26,2088,55,6261,16,428,39,2711,58,3244,55,5955,California
Colusa,2021-04-06,130,8907,35,2123,45,6306,50,478,43,2717,87,3331,93,6048,California
Colusa,2021-04-07,358,9265,42,2165,293,6599,23,501,132,2647,226,3557,156,6204,California
Colusa,2021-04-08,429,9694,34,2199,368,6967,27,528,121,2490,305,3862,148,6352,California
Colusa,2021-04-09,77,9771,21,2220,32,6999,24,552,28,2493,49,3911,52,6404,California
Colusa,2021-04-10,45,9816,10,2230,14,7013,21,573,11,2491,34,3945,32,6436,California
Colusa,2021-04-11,16,9832,3,2233,11,7024,2,575,8,2493,8,3953,10,6446,California
Colusa,2021-04-12,32,9864,3,2236,29,7053,0,575,25,2511,7,3960,25,6471,California
Colusa,2021-04-13,280,10144,23,2259,257,7310,0,575,95,2422,184,4144,95,6566,California
Colusa,2021-04-14,97,10241,20,2279,77,7387,0,575,35,2395,62,4206,35,6601,California
Colusa,2021-04-15,324,10565,47,2326,277,7664,0,575,132,2335,192,4398,132,6733,California
Colusa,2021-04-16,82,10647,11,2337,71,7735,0,575,36,2326,45,4443,36,6769,California
Colusa,2021-04-17,52,10699,7,2344,45,7780,0,575,30,2334,22,4465,30,6799,California
Colusa,2021-04-18,9,10708,2,2346,7,7787,0,575,7,2339,2,4467,7,6806,California
Colusa,2021-04-19,62,10770,22,2368,40,7827,0,575,18,2313,44,4511,18,6824,California
Colusa,2021-04-20,183,10953,33,2401,150,7977,0,575,132,2394,51,4562,132,6956,California
Colusa,2021-04-21,170,11123,59,2460,111,8088,0,575,110,2444,60,4622,110,7066,California
Colusa,2021-04-22,425,11548,27,2487,397,8485,1,576,221,2462,203,4825,221,7287,California
Colusa,2021-04-23,92,11640,17,2504,75,8560,0,576,36,2442,56,4881,36,7323,California
Colusa,2021-04-24,241,11881,19,2523,221,8781,1,577,210,2621,31,4912,210,7533,California
Colusa,2021-04-25,12,11893,6,2529,6,8787,0,577,8,2625,4,4916,8,7541,California
Colusa,2021-04-26,25,11918,5,2534,19,8806,1,578,6,2613,18,4934,6,7547,California
Colusa,2021-04-27,95,12013,23,2557,68,8874,4,582,44,2610,51,4985,48,7595,California
Colusa,2021-04-28,191,12204,28,2585,160,9034,3,585,140,2703,50,5035,143,7738,California
Colusa,2021-04-29,317,12521,27,2612,286,9320,4,589,47,2486,268,5303,51,7789,California
Colusa,2021-04-30,66,12587,19,2631,47,9367,0,589,42,2504,24,5327,42,7831,California
Colusa,2021-05-01,19,12606,8,2639,8,9375,3,592,9,2506,10,5337,12,7843,California
Colusa,2021-05-02,4,12610,1,2640,2,9377,1,593,2,2507,2,5339,3,7846,California
Colusa,2021-05-03,31,12641,7,2647,24,9401,0,593,15,2506,16,5355,15,7861,California
Colusa,2021-05-04,97,12738,53,2700,43,9444,1,594,68,2546,29,5384,69,7930,California
Colusa,2021-05-05,82,12820,19,2719,62,9506,1,595,35,2535,47,5431,36,7966,California
Colusa,2021-05-06,254,13074,16,2735,236,9742,2,597,111,2505,143,5574,113,8079,California
Colusa,2021-05-07,66,13140,4,2739,58,9800,4,601,30,2503,36,5610,34,8113,California
Colusa,2021-05-08,17,13157,5,2744,12,9812,0,601,9,2504,8,5618,9,8122,California
Colusa,2021-05-09,13,13170,5,2749,5,9817,3,604,6,2506,7,5625,9,8131,California
Colusa,2021-05-10,16,13186,7,2756,9,9826,0,604,6,2502,10,5635,6,8137,California
Colusa,2021-05-11,93,13279,34,2790,59,9885,0,604,50,2509,43,5678,50,8187,California
Colusa,2021-05-12,74,13353,31,2821,39,9924,4,608,20,2479,54,5732,24,8211,California
Colusa,2021-05-13,242,13595,24,2845,217,10141,1,609,78,2394,164,5896,79,8290,California
Colusa,2021-05-14,85,13680,18,2863,52,10193,15,624,33,2391,51,5947,48,8338,California
Colusa,2021-05-15,39,13719,10,2873,27,10220,2,626,21,2396,18,5965,23,8361,California
Colusa,2021-05-16,23,13742,6,2879,10,10230,7,633,10,2400,13,5978,17,8378,California
Colusa,2021-05-17,24,13766,4,2883,18,10248,2,635,12,2402,12,5990,14,8392,California
Colusa,2021-05-18,102,13868,26,2909,74,10322,2,637,46,2394,56,6046,48,8440,California
Colusa,2021-05-19,220,14088,44,2953,156,10478,20,657,69,2332,151,6197,89,8529,California
Colusa,2021-05-20,281,14369,33,2986,244,10722,4,661,69,2193,212,6409,73,8602,California
Colusa,2021-05-21,71,14440,24,3010,45,10767,2,663,36,2196,35,6444,38,8640,California
Colusa,2021-05-22,218,14658,21,3031,196,10963,1,664,30,2039,188,6632,31,8671,California
Colusa,2021-05-23,19,14677,8,3039,7,10970,4,668,6,2036,13,6645,10,8681,California
Colusa,2021-05-24,26,14703,3,3042,18,10988,5,673,15,2045,11,6656,20,8701,California
Colusa,2021-05-25,135,14838,75,3117,58,11046,2,675,52,2017,83,6739,55,8756,California
Colusa,2021-05-26,72,14910,25,3142,47,11093,0,675,32,2009,40,6779,32,8788,California
Colusa,2021-05-27,172,15082,17,3159,155,11248,0,675,55,1947,117,6896,55,8843,California
Colusa,2021-05-28,79,15161,25,3184,53,11301,1,676,40,1949,39,6935,41,8884,California
Colusa,2021-05-29,40,15201,18,3202,18,11319,4,680,29,1971,11,6946,33,8917,California
Colusa,2021-05-30,8,15209,1,3203,2,11321,5,685,1,1970,7,6953,6,8923,California
Colusa,2021-05-31,4,15213,0,3203,4,11325,0,685,1,1968,3,6956,1,8924,California
Colusa,2021-06-01,50,15263,16,3219,33,11358,1,686,26,1971,24,6980,27,8951,California
Colusa,2021-06-02,146,15409,20,3239,124,11482,2,688,52,1932,93,7073,54,9005,California
Colusa,2021-06-03,63,15472,20,3259,42,11524,1,689,26,1925,34,7107,27,9032,California
Colusa,2021-06-04,60,15532,19,3278,37,11561,4,693,21,1911,39,7146,25,9057,California
Colusa,2021-06-05,35,15567,16,3294,18,11579,1,694,17,1911,18,7164,18,9075,California
Colusa,2021-06-06,10,15577,5,3299,4,11583,1,695,6,1914,4,7168,7,9082,California
Colusa,2021-06-07,22,15599,6,3305,16,11599,0,695,12,1916,10,7178,12,9094,California
Colusa,2021-06-08,75,15674,21,3326,54,11653,0,695,30,1901,45,7223,30,9124,California
Colusa,2021-06-09,70,15744,39,3365,31,11684,0,695,28,1887,42,7265,28,9152,California
Colusa,2021-06-10,58,15802,23,3388,31,11715,4,699,14,1861,44,7309,18,9170,California
Colusa,2021-06-11,60,15862,33,3421,27,11742,0,699,29,1859,31,7340,29,9199,California
Colusa,2021-06-12,35,15897,21,3442,14,11756,0,699,9,1842,26,7366,9,9208,California
Colusa,2021-06-13,10,15907,3,3445,5,11761,2,701,2,1838,8,7374,4,9212,California
Colusa,2021-06-14,19,15926,9,3454,10,11771,0,701,7,1833,12,7386,7,9219,California
Colusa,2021-06-15,76,16002,36,3490,39,11810,1,702,19,1796,57,7443,20,9239,California
Colusa,2021-06-16,55,16057,15,3505,39,11849,1,703,15,1772,40,7483,16,9255,California
Colusa,2021-06-17,117,16174,10,3515,106,11955,1,704,17,1690,100,7583,18,9273,California
Colusa,2021-06-18,63,16237,32,3547,27,11982,4,708,25,1681,38,7621,29,9302,California
Colusa,2021-06-19,26,16263,21,3568,4,11986,1,709,6,1668,20,7641,7,9309,California
Colusa,2021-06-20,10,16273,7,3575,3,11989,0,709,8,1674,2,7643,8,9317,California
Colusa,2021-06-21,19,16292,3,3578,16,12005,0,709,8,1671,11,7654,8,9325,California
Colusa,2021-06-22,69,16361,30,3608,34,12039,5,714,30,1668,38,7692,35,9360,California
Colusa,2021-06-23,49,16410,27,3635,22,12061,0,714,21,1661,28,7720,21,9381,California
Colusa,2021-06-24,27,16437,8,3643,17,12078,2,716,8,1652,19,7739,10,9391,California
Contra Costa,2020-12-15,19,19,19,19,0,0,0,0,19,19,0,0,19,19,California
Contra Costa,2020-12-16,522,541,522,541,0,0,0,0,522,541,0,0,522,541,California
Contra Costa,2020-12-17,1047,1588,1047,1588,0,0,0,0,1047,1588,0,0,1047,1588,California
Contra Costa,2020-12-18,1753,3341,1751,3339,2,2,0,0,1753,3341,0,0,1753,3341,California
Contra Costa,2020-12-19,1112,4453,1111,4450,1,3,0,0,1112,4453,0,0,1112,4453,California
Contra Costa,2020-12-20,596,5049,595,5045,1,4,0,0,596,5049,0,0,596,5049,California
Contra Costa,2020-12-21,1665,6714,1662,6707,3,7,0,0,1665,6714,0,0,1665,6714,California
Contra Costa,2020-12-22,1673,8387,1566,8273,107,114,0,0,1673,8387,0,0,1673,8387,California
Contra Costa,2020-12-23,1618,10005,1367,9640,251,365,0,0,1618,10005,0,0,1618,10005,California
Contra Costa,2020-12-24,656,10661,334,9974,322,687,0,0,656,10661,0,0,656,10661,California
Contra Costa,2020-12-25,41,10702,19,9993,22,709,0,0,41,10702,0,0,41,10702,California
Contra Costa,2020-12-26,649,11351,135,10128,514,1223,0,0,649,11351,0,0,649,11351,California
Contra Costa,2020-12-27,242,11593,87,10215,155,1378,0,0,242,11593,0,0,242,11593,California
Contra Costa,2020-12-28,1845,13438,870,11085,975,2353,0,0,1845,13438,0,0,1845,13438,California
Contra Costa,2020-12-29,1843,15281,826,11911,1017,3370,0,0,1843,15281,0,0,1843,15281,California
Contra Costa,2020-12-30,2409,17690,1219,13130,1190,4560,0,0,2407,17687,2,2,2408,17689,California
Contra Costa,2020-12-31,926,18616,310,13440,616,5176,0,0,925,18612,0,2,925,18614,California
Contra Costa,2021-01-01,66,18682,24,13464,42,5218,0,0,66,18678,0,2,66,18680,California
Contra Costa,2021-01-02,346,19028,178,13642,168,5386,0,0,346,19024,0,2,346,19026,California
Contra Costa,2021-01-03,181,19209,122,13764,59,5445,0,0,180,19204,0,2,180,19206,California
Contra Costa,2021-01-04,1902,21111,1244,15008,658,6103,0,0,1882,21068,18,20,1882,21088,California
Contra Costa,2021-01-05,2115,23226,1264,16272,851,6954,0,0,1829,22613,285,305,1830,22918,California
Contra Costa,2021-01-06,3293,26519,2260,18532,1033,7987,0,0,2481,24291,806,1111,2484,25402,California
Contra Costa,2021-01-07,3111,29630,2076,20608,1035,9022,0,0,1796,24776,1312,2423,1797,27199,California
Contra Costa,2021-01-08,3413,33043,2406,23014,1007,10029,0,0,1767,24906,1641,4064,1771,28970,California
Contra Costa,2021-01-09,1592,34635,1139,24153,453,10482,0,0,734,24785,857,4921,736,29706,California
Contra Costa,2021-01-10,362,34997,287,24440,75,10557,0,0,151,24725,211,5132,151,29857,California
Contra Costa,2021-01-11,3854,38851,3157,27597,697,11254,0,0,2229,25332,1625,6757,2232,32089,California
Contra Costa,2021-01-12,3946,42797,2959,30556,987,12241,0,0,2597,26584,1348,8105,2600,34689,California
Contra Costa,2021-01-13,4765,47562,2963,33519,1802,14043,0,0,3796,29416,965,9070,3797,38486,California
Contra Costa,2021-01-14,4328,51890,1569,35088,2759,16802,0,0,3941,32970,387,9457,3941,42427,California
Contra Costa,2021-01-15,5355,57245,2470,37558,2885,19687,0,0,5026,37672,328,9785,5030,47457,California
Contra Costa,2021-01-16,1744,58989,566,38124,1178,20865,0,0,1667,39262,77,9862,1667,49124,California
Contra Costa,2021-01-17,1669,60658,984,39108,685,21550,0,0,1548,40692,121,9983,1551,50675,California
Contra Costa,2021-01-18,3223,63881,1276,40384,1947,23497,0,0,2592,42660,625,10608,2593,53268,California
Contra Costa,2021-01-19,7081,70962,3166,43550,3915,27412,0,0,6071,47731,1005,11613,6076,59344,California
Contra Costa,2021-01-20,6745,77707,4153,47703,2592,30004,0,0,5496,51987,1245,12858,5501,64845,California
Contra Costa,2021-01-21,7052,84759,3127,50830,3925,33929,0,0,6317,57583,729,13587,6325,71170,California
Contra Costa,2021-01-22,6439,91198,2741,53571,3698,37627,0,0,5575,62306,855,14442,5578,76748,California
Contra Costa,2021-01-23,2051,93249,360,53931,1691,39318,0,0,1787,63833,262,14704,1789,78537,California
Contra Costa,2021-01-24,1590,94839,218,54149,1372,40690,0,0,1441,65129,149,14853,1445,79982,California
Contra Costa,2021-01-25,6711,101550,3048,57197,3663,44353,0,0,5129,68682,1580,16433,5133,85115,California
Contra Costa,2021-01-26,8181,109731,4728,61925,3453,47806,0,0,6307,73128,1866,18299,6312,91427,California
Contra Costa,2021-01-27,8245,117976,5443,67368,2802,50608,0,0,6383,77665,1850,20149,6387,97814,California
Contra Costa,2021-01-28,7495,125471,4104,71472,3391,53999,0,0,5875,81930,1614,21763,5879,103693,California
Contra Costa,2021-01-29,7502,132973,3916,75388,3586,57585,0,0,6174,86783,1323,23086,6176,109869,California
Contra Costa,2021-01-30,2152,135125,649,76037,1503,59088,0,0,1750,88138,395,23481,1750,111619,California
Contra Costa,2021-01-31,668,135793,437,76474,231,59319,0,0,573,88619,92,23573,573,112192,California
Contra Costa,2021-02-01,5872,141665,4084,80558,1788,61107,0,0,3958,90674,1906,25479,3961,116153,California
Contra Costa,2021-02-02,7641,149306,5119,85677,2522,63629,0,0,5926,94888,1713,27192,5927,122080,California
Contra Costa,2021-02-03,8311,157617,5483,91160,2828,66457,0,0,5634,97857,2666,29858,5635,127715,California
Contra Costa,2021-02-04,7504,165121,3583,94743,3921,70378,0,0,5736,101831,1765,31623,5739,133454,California
Contra Costa,2021-02-05,8471,173592,4828,99571,3643,74021,0,0,5765,104897,2699,34322,5765,139219,California
Contra Costa,2021-02-06,3488,177080,2166,101737,1322,75343,0,0,2831,107073,656,34978,2832,142051,California
Contra Costa,2021-02-07,992,178072,719,102456,273,75616,0,0,606,107295,384,35362,606,142657,California
Contra Costa,2021-02-08,5891,183963,3503,105959,2388,78004,0,0,4388,110188,1496,36858,4389,147046,California
Contra Costa,2021-02-09,8702,192665,4801,110760,3901,81905,0,0,5780,113055,2914,39772,5781,152827,California
Contra Costa,2021-02-10,8699,201364,4673,115433,4026,85931,0,0,5384,115144,3299,43071,5388,158215,California
Contra Costa,2021-02-11,9392,210756,4243,119676,5149,91080,0,0,5291,116345,4095,47166,5296,163511,California
Contra Costa,2021-02-12,10152,220908,4658,124334,5494,96574,0,0,5481,117167,4663,51829,5485,168996,California
Contra Costa,2021-02-13,4926,225834,1383,125717,3543,100117,0,0,3426,119099,1496,53325,3428,172424,California
Contra Costa,2021-02-14,2108,227942,870,126587,1238,101355,0,0,1224,119441,882,54207,1224,173648,California
Contra Costa,2021-02-15,4498,232440,2487,129074,2011,103366,0,0,2344,119640,2146,56353,2345,175993,California
Contra Costa,2021-02-16,10463,242903,4941,134015,5522,108888,0,0,4659,118508,5796,62149,4664,180657,California
Contra Costa,2021-02-17,12360,255263,6185,140200,6175,115063,0,0,5651,117466,6694,68843,5652,186309,California
Contra Costa,2021-02-18,11562,266825,6004,146204,5558,120621,0,0,5352,116622,6198,75041,5354,191663,California
Contra Costa,2021-02-19,11529,278354,7188,153392,4341,124962,0,0,5212,115534,6302,81343,5214,196877,California
Contra Costa,2021-02-20,6559,284913,2969,156361,3590,128552,0,0,4621,118237,1921,83264,4624,201501,California
Contra Costa,2021-02-21,2334,287247,1755,158116,579,129131,0,0,1571,119046,762,84026,1571,203072,California
Contra Costa,2021-02-22,7762,295009,5244,163360,2518,131649,0,0,3567,118436,4180,88206,3570,206642,California
Contra Costa,2021-02-23,12253,307262,7532,170892,4721,136370,0,0,6167,118539,6071,94277,6174,212816,California
Contra Costa,2021-02-24,10748,318010,7890,178782,2858,139228,0,0,5221,118255,5508,99785,5224,218040,California
Contra Costa,2021-02-25,11899,329909,7553,186335,4346,143574,0,0,5528,117440,6350,106135,5535,223575,California
Contra Costa,2021-02-26,11114,341023,7017,193352,4097,147671,0,0,5507,117357,5592,111727,5509,229084,California
Contra Costa,2021-02-27,6903,347926,4446,197798,2457,150128,0,0,4329,119122,2566,114293,4331,233415,California
Contra Costa,2021-02-28,4337,352263,3597,201395,739,150867,1,1,3662,122114,672,114965,3664,237079,California
Contra Costa,2021-03-01,8680,360943,6578,207973,2096,152963,6,7,5348,124153,3317,118282,5356,242435,California
Contra Costa,2021-03-02,10689,371632,6843,214816,3845,156808,1,8,5730,124941,4943,123225,5731,248166,California
Contra Costa,2021-03-03,11408,383040,7175,221991,4232,161040,1,9,6433,126416,4960,128185,6435,254601,California
Contra Costa,2021-03-04,11996,395036,7177,229168,4817,165857,2,11,6247,126935,5730,133915,6249,260850,California
Contra Costa,2021-03-05,11509,406545,6916,236084,4586,170443,7,18,6618,128688,4873,138788,6626,267476,California
Contra Costa,2021-03-06,7510,414055,4209,240293,2990,173433,311,329,4915,131331,2581,141369,5224,272700,California
Contra Costa,2021-03-07,3855,417910,2465,242758,1327,174760,63,392,3168,133877,685,142054,3231,275931,California
Contra Costa,2021-03-08,8252,426162,3932,246690,4015,178775,305,697,5544,137035,2696,144750,5854,281785,California
Contra Costa,2021-03-09,11195,437357,5941,252631,4957,183732,297,994,5859,137869,5325,150075,6159,287944,California
Contra Costa,2021-03-10,12471,449828,6232,258863,4740,188472,1499,2493,5680,138259,6778,156853,7168,295112,California
Contra Costa,2021-03-11,12535,462363,6597,265460,5370,193842,568,3061,6394,139102,6118,162971,6961,302073,California
Contra Costa,2021-03-12,12685,475048,5228,270688,6889,200731,568,3629,6311,139623,6354,169325,6875,308948,California
Contra Costa,2021-03-13,7902,482950,3176,273864,4294,205025,432,4061,3114,138394,4769,174094,3540,312488,California
Contra Costa,2021-03-14,4445,487395,2634,276498,1327,206352,484,4545,1695,137831,2741,176835,2178,314666,California
Contra Costa,2021-03-15,9507,496902,5161,281659,3588,209940,758,5303,4703,138509,4783,181618,5461,320127,California
Contra Costa,2021-03-16,14408,511310,8586,290245,5413,215353,409,5712,7119,138771,7265,188883,7527,327654,California
Contra Costa,2021-03-17,15155,526465,10478,300723,4456,219809,221,5933,8480,140829,6648,195531,8706,336360,California
Contra Costa,2021-03-18,15515,541980,8660,309383,6374,226183,481,6414,8579,142989,6899,202430,9059,345419,California
Contra Costa,2021-03-19,15724,557704,9098,318481,5226,231409,1400,7814,8165,145020,7542,209972,9573,354992,California
Contra Costa,2021-03-20,10764,568468,6452,324933,3997,235406,315,8129,5090,144774,5650,215622,5404,360396,California
Contra Costa,2021-03-21,4581,573049,4009,328942,474,235880,98,8227,1782,143865,2788,218410,1879,362275,California
Contra Costa,2021-03-22,11695,584744,8809,337751,2626,238506,260,8487,6804,146052,4874,223284,7061,369336,California
Contra Costa,2021-03-23,15743,600487,10864,348615,4709,243215,170,8657,9057,148623,6657,229941,9228,378564,California
Contra Costa,2021-03-24,15097,615584,11766,360381,3117,246332,214,8871,9134,152044,5929,235870,9350,387914,California
Contra Costa,2021-03-25,15425,631009,12024,372405,3107,249439,294,9165,9427,155801,5960,241830,9717,397631,California
Contra Costa,2021-03-26,15127,646136,10856,383261,3868,253307,403,9568,8685,158471,6414,248244,9084,406715,California
Contra Costa,2021-03-27,10589,656725,6886,390147,3191,256498,512,10080,5619,159636,4958,253202,6123,412838,California
Contra Costa,2021-03-28,4248,660973,3032,393179,1164,257662,52,10132,1616,158684,2620,255822,1668,414506,California
Contra Costa,2021-03-29,10954,671927,8540,401719,2298,259960,116,10248,6953,161772,3983,259805,7071,421577,California
Contra Costa,2021-03-30,16841,688768,9210,410929,6271,266231,1360,11608,10373,167058,6445,266250,11731,433308,California
Contra Costa,2021-03-31,18090,706858,12654,423583,3990,270221,1446,13054,11359,173172,6683,272933,12797,446105,California
Contra Costa,2021-04-01,17630,724488,12301,435884,3938,274159,1391,14445,11415,179794,6179,279112,12801,458906,California
Contra Costa,2021-04-02,17546,742034,12906,448790,3608,277767,1032,15477,11619,186524,5915,285027,12645,471551,California
Contra Costa,2021-04-03,10887,752921,6501,455291,2836,280603,1550,17027,6211,189618,4662,289689,7756,479307,California
Contra Costa,2021-04-04,3354,756275,1329,456620,1426,282029,599,17626,848,188565,2498,292187,1445,480752,California
Contra Costa,2021-04-05,12142,768417,7913,464533,3244,285273,985,18611,6587,190596,5540,297727,7571,488323,California
Contra Costa,2021-04-06,17384,785801,12033,476566,3056,288329,2295,20906,9736,194996,7626,305353,12026,500349,California
Contra Costa,2021-04-07,18638,804439,12610,489176,3201,291530,2827,23733,10558,200356,8058,313411,13418,513767,California
Contra Costa,2021-04-08,18727,823166,12475,501651,3323,294853,2929,26662,10032,204638,8667,322078,12949,526716,California
Contra Costa,2021-04-09,18914,842080,12069,513720,4336,299189,2509,29171,10108,208470,8776,330854,12608,539324,California
Contra Costa,2021-04-10,10593,852673,3836,517556,2191,301380,4566,33737,3313,209075,7259,338113,7864,547188,California
Contra Costa,2021-04-11,3367,856040,2008,519564,694,302074,665,34402,1135,208649,2226,340339,1800,548988,California
Contra Costa,2021-04-12,12026,868066,7928,527492,3017,305091,1081,35483,5656,209039,6353,346692,6743,555731,California
Contra Costa,2021-04-13,17968,886034,11022,538514,6938,312029,8,35491,11985,215082,5955,352647,11998,567729,California
Contra Costa,2021-04-14,17783,903817,11173,549687,6609,318638,1,35492,9880,217089,7879,360526,9886,577615,California
Contra Costa,2021-04-15,17595,921412,10794,560481,6800,325438,1,35493,8157,215865,9408,369934,8184,585799,California
Contra Costa,2021-04-16,17015,938427,10592,571073,6422,331860,1,35494,7689,214266,9297,379231,7698,593497,California
Contra Costa,2021-04-17,11581,950008,6357,577430,5224,337084,0,35494,6251,215214,5310,384541,6258,599755,California
Contra Costa,2021-04-18,2788,952796,2157,579587,631,337715,0,35494,1804,216044,974,385515,1804,601559,California
Contra Costa,2021-04-19,11510,964306,8588,588175,2922,340637,0,35494,3665,211897,7816,393331,3669,605228,California
Contra Costa,2021-04-20,16847,981153,10924,599099,5923,346560,0,35494,6389,207868,10425,403756,6396,611624,California
Contra Costa,2021-04-21,17508,998661,14259,613358,3248,349808,1,35495,6289,202995,11173,414929,6300,617924,California
Contra Costa,2021-04-22,17161,1015822,13872,627230,3287,353095,2,35497,6059,198000,11065,425994,6070,623994,California
Contra Costa,2021-04-23,17000,1032822,13490,640720,3509,356604,1,35498,5486,192020,11478,437472,5498,629492,California
Contra Costa,2021-04-24,10955,1043777,8441,649161,2513,359117,1,35499,4199,189492,6731,444203,4203,633695,California
Contra Costa,2021-04-25,3287,1047064,2217,651378,1068,360185,2,35501,2076,190364,1210,445413,2082,635777,California
Contra Costa,2021-04-26,10026,1057090,8347,659725,1655,361840,24,35525,3021,186437,6985,452398,3058,638835,California
Contra Costa,2021-04-27,14648,1071738,10677,670402,3793,365633,178,35703,3982,179967,10641,463039,4171,643006,California
Contra Costa,2021-04-28,14243,1085981,11085,681487,2872,368505,286,35989,3815,173679,10393,473432,4105,647111,California
Contra Costa,2021-04-29,13436,1099417,10388,691875,2879,371384,169,36158,3209,166867,10196,483628,3384,650495,California
Contra Costa,2021-04-30,13735,1113152,10799,702674,2679,374063,257,36415,3128,159680,10578,494206,3391,653886,California
Contra Costa,2021-05-01,8038,1121190,5846,708520,1869,375932,323,36738,1915,155823,6095,500301,2238,656124,California
Contra Costa,2021-05-02,2342,1123532,1593,710113,668,376600,81,36819,990,155554,1340,501641,1071,657195,California
Contra Costa,2021-05-03,9135,1132667,8016,718129,943,377543,176,36995,1924,150466,7193,508834,2105,659300,California
Contra Costa,2021-05-04,14078,1146745,12139,730268,1609,379152,330,37325,2285,141317,11764,520598,2615,661915,California
Contra Costa,2021-05-05,12603,1159348,10867,741135,1534,380686,202,37527,2430,133805,10145,530743,2633,664548,California
Contra Costa,2021-05-06,10287,1169635,8537,749672,1413,382099,337,37864,1930,127746,8332,539075,2273,666821,California
Contra Costa,2021-05-07,9646,1179281,7745,757417,1677,383776,224,38088,2220,122794,7392,546467,2440,669261,California
Contra Costa,2021-05-08,5292,1184573,3978,761395,1146,384922,168,38256,1239,120167,4038,550505,1411,670672,California
Contra Costa,2021-05-09,2109,1186682,1780,763175,270,385192,59,38315,454,119034,1648,552153,515,671187,California
Contra Costa,2021-05-10,4926,1191608,3937,767112,769,385961,220,38535,1329,117006,3575,555728,1547,672734,California
Contra Costa,2021-05-11,8773,1200381,4570,771682,3965,389926,238,38773,1735,111968,7018,562746,1980,674714,California
Contra Costa,2021-05-12,9249,1209630,4753,776435,4230,394156,266,39039,1652,106323,7569,570315,1924,676638,California
Contra Costa,2021-05-13,11766,1221396,7847,784282,3732,397888,187,39226,4256,103285,7483,577798,4445,681083,California
Contra Costa,2021-05-14,12246,1233642,8179,792461,3783,401671,284,39510,5067,101483,7152,584950,5350,686433,California
Contra Costa,2021-05-15,10023,1243665,7271,799732,2634,404305,118,39628,4426,100446,5583,590533,4546,690979,California
Contra Costa,2021-05-16,2437,1246102,2127,801859,264,404569,46,39674,1088,100236,1343,591876,1133,692112,California
Contra Costa,2021-05-17,7036,1253138,5669,807528,1195,405764,172,39846,3529,100451,3487,595363,3702,695814,California
Contra Costa,2021-05-18,10221,1263359,6979,814507,3024,408788,218,40064,4464,99408,5727,601090,4684,700498,California
Contra Costa,2021-05-19,8470,1271829,6845,821352,1429,410217,196,40260,3858,98871,4593,605683,4056,704554,California
Contra Costa,2021-05-20,7152,1278981,5636,826988,1329,411546,187,40447,3358,98649,3767,609450,3545,708099,California
Contra Costa,2021-05-21,7062,1286043,5405,832393,1445,412991,212,40659,3253,98328,3783,613233,3462,711561,California
Contra Costa,2021-05-22,5110,1291153,4038,836431,891,413882,181,40840,2486,98394,2599,615832,2665,714226,California
Contra Costa,2021-05-23,1225,1292378,800,837231,369,414251,56,40896,595,98422,622,616454,650,714876,California
Contra Costa,2021-05-24,4666,1297044,3851,841082,640,414891,175,41071,2194,98333,2460,618914,2371,717247,California
Contra Costa,2021-05-25,6267,1303311,5096,846178,921,415812,250,41321,2627,97605,3622,622536,2894,720141,California
Contra Costa,2021-05-26,5617,1308928,3602,849780,1826,417638,189,41510,1928,96068,3667,626203,2130,722271,California
Contra Costa,2021-05-27,3804,1312732,2690,852470,937,418575,177,41687,1631,95716,2158,628361,1806,724077,California
Contra Costa,2021-05-28,5349,1318081,3739,856209,1438,420013,172,41859,2248,95056,3076,631437,2416,726493,California
Contra Costa,2021-05-29,3273,1321354,2127,858336,1029,421042,117,41976,1654,95219,1609,633046,1772,728265,California
Contra Costa,2021-05-30,921,1322275,583,858919,310,421352,28,42004,361,95051,558,633604,390,728655,California
Contra Costa,2021-05-31,385,1322660,264,859183,109,421461,12,42016,127,94934,255,633859,138,728793,California
Contra Costa,2021-06-01,4793,1327453,3564,862747,1084,422545,145,42161,1716,93737,3060,636919,1863,730656,California
Contra Costa,2021-06-02,3421,1330874,2423,865170,853,423398,145,42306,1406,93283,2004,638923,1550,732206,California
Contra Costa,2021-06-03,5400,1336274,4497,869667,788,424186,115,42421,1408,90821,3985,642908,1523,733729,California
Contra Costa,2021-06-04,6343,1342617,5315,874982,890,425076,138,42559,1569,87767,4757,647665,1703,735432,California
Contra Costa,2021-06-05,5175,1347792,4386,879368,677,425753,112,42671,1088,84889,4076,651741,1198,736630,California
Contra Costa,2021-06-06,1349,1349141,1177,880545,142,425895,30,42701,378,84331,966,652707,408,737038,California
Contra Costa,2021-06-07,4914,1354055,4322,884867,492,426387,100,42801,1402,82333,3501,656208,1503,738541,California
Contra Costa,2021-06-08,6087,1360142,5250,890117,714,427101,123,42924,1433,79251,4639,660847,1557,740098,California
Contra Costa,2021-06-09,4844,1364986,4128,894245,570,427671,146,43070,1242,77057,3583,664430,1389,741487,California
Contra Costa,2021-06-10,4768,1369754,4005,898250,597,428268,166,43236,1228,74927,3524,667954,1394,742881,California
Contra Costa,2021-06-11,4836,1374590,3959,902209,678,428946,199,43435,1278,72860,3543,671497,1476,744357,California
Contra Costa,2021-06-12,3157,1377747,2676,904885,414,429360,67,43502,718,71215,2428,673925,783,745140,California
Contra Costa,2021-06-13,1136,1378883,848,905733,180,429540,108,43610,283,70760,846,674771,391,745531,California
Contra Costa,2021-06-14,3874,1382757,3274,909007,471,430011,129,43739,1141,69310,2717,677488,1267,746798,California
Contra Costa,2021-06-15,4166,1386923,3471,912478,534,430545,161,43900,1313,67940,2844,680332,1474,748272,California
Contra Costa,2021-06-16,3462,1390385,2820,915298,459,431004,183,44083,1215,67108,2228,682560,1396,749668,California
Contra Costa,2021-06-17,2756,1393141,2255,917553,375,431379,126,44209,1050,66582,1699,684259,1173,750841,California
Contra Costa,2021-06-18,3664,1396805,3017,920570,457,431836,190,44399,1323,65763,2330,686589,1511,752352,California
Contra Costa,2021-06-19,2018,1398823,1686,922256,229,432065,103,44502,576,65004,1439,688028,680,753032,California
Contra Costa,2021-06-20,784,1399607,657,922913,98,432163,29,44531,330,64912,450,688478,358,753390,California
Contra Costa,2021-06-21,1807,1401414,1378,924291,273,432436,156,44687,975,65217,824,689302,1129,754519,California
Contra Costa,2021-06-22,3009,1404423,2550,926841,322,432758,137,44824,1170,64697,1826,691128,1306,755825,California
Contra Costa,2021-06-23,2526,1406949,2110,928951,323,433081,93,44917,1018,64308,1500,692628,1111,756936,California
Contra Costa,2021-06-24,1587,1408536,1342,930293,149,433230,96,45013,577,63978,1002,693630,672,757608,California
Del Norte,2020-12-21,23,23,23,23,0,0,0,0,23,23,0,0,23,23,California
Del Norte,2020-12-22,46,69,46,69,0,0,0,0,46,69,0,0,46,69,California
Del Norte,2020-12-23,59,128,48,117,11,11,0,0,57,126,0,0,57,126,California
Del Norte,2020-12-28,34,162,34,151,0,11,0,0,34,160,0,0,34,160,California
Del Norte,2020-12-29,4,166,4,155,0,11,0,0,4,164,0,0,4,164,California
Del Norte,2020-12-30,67,233,55,210,12,23,0,0,68,232,0,0,68,232,California
Del Norte,2020-12-31,16,249,13,223,3,26,0,0,16,248,0,0,16,248,California
Del Norte,2021-01-04,103,352,50,273,53,79,0,0,103,351,0,0,103,351,California
Del Norte,2021-01-05,32,384,0,273,32,111,0,0,32,383,0,0,32,383,California
Del Norte,2021-01-06,77,461,18,291,59,170,0,0,77,460,0,0,77,460,California
Del Norte,2021-01-07,21,482,1,292,20,190,0,0,21,481,0,0,21,481,California
Del Norte,2021-01-08,77,559,7,299,70,260,0,0,77,558,0,0,77,558,California
Del Norte,2021-01-11,40,599,21,320,19,279,0,0,18,555,22,22,19,577,California
Del Norte,2021-01-12,52,651,33,353,19,298,0,0,31,565,21,43,31,608,California
Del Norte,2021-01-13,86,737,40,393,46,344,0,0,53,585,33,76,53,661,California
Del Norte,2021-01-14,53,790,14,407,39,383,0,0,47,626,6,82,47,708,California
Del Norte,2021-01-15,107,897,18,425,89,472,0,0,95,709,12,94,95,803,California
Del Norte,2021-01-17,1,898,1,426,0,472,0,0,1,710,0,94,1,804,California
Del Norte,2021-01-18,2,900,0,426,2,474,0,0,2,712,0,94,2,806,California
Del Norte,2021-01-19,119,1019,56,482,63,537,0,0,77,747,42,136,77,883,California
Del Norte,2021-01-20,160,1179,85,567,75,612,0,0,97,781,63,199,97,980,California
Del Norte,2021-01-21,43,1222,40,607,3,615,0,0,32,802,11,210,32,1012,California
Del Norte,2021-01-22,19,1241,17,624,2,617,0,0,12,807,7,217,12,1024,California
Del Norte,2021-01-23,1,1242,0,624,1,618,0,0,1,808,0,217,1,1025,California
Del Norte,2021-01-24,1,1243,0,624,1,619,0,0,1,809,0,217,1,1026,California
Del Norte,2021-01-25,101,1344,83,707,18,637,0,0,56,820,45,262,56,1082,California
Del Norte,2021-01-26,18,1362,11,718,7,644,0,0,7,816,11,273,7,1089,California
Del Norte,2021-01-27,64,1426,21,739,43,687,0,0,61,874,3,276,61,1150,California
Del Norte,2021-01-28,293,1719,20,759,273,960,0,0,288,1157,5,281,288,1438,California
Del Norte,2021-01-29,64,1783,23,782,41,1001,0,0,44,1181,20,301,44,1482,California
Del Norte,2021-01-30,8,1791,1,783,7,1008,0,0,8,1189,0,301,8,1490,California
Del Norte,2021-02-01,41,1832,1,784,40,1048,0,0,26,1200,15,316,26,1516,California
Del Norte,2021-02-02,142,1974,35,819,107,1155,0,0,73,1206,68,384,74,1590,California
Del Norte,2021-02-03,129,2103,42,861,87,1242,0,0,74,1225,55,439,74,1664,California
Del Norte,2021-02-04,69,2172,27,888,42,1284,0,0,41,1237,29,468,41,1705,California
Del Norte,2021-02-05,184,2356,22,910,162,1446,0,0,119,1292,64,532,119,1824,California
Del Norte,2021-02-06,311,2667,5,915,306,1752,0,0,311,1603,0,532,311,2135,California
Del Norte,2021-02-07,2,2669,1,916,1,1753,0,0,2,1605,0,532,2,2137,California
Del Norte,2021-02-08,35,2704,1,917,34,1787,0,0,31,1632,4,536,31,2168,California
Del Norte,2021-02-09,8,2712,5,922,3,1790,0,0,2,1628,6,542,2,2170,California
Del Norte,2021-02-10,143,2855,20,942,123,1913,0,0,86,1658,56,598,86,2256,California
Del Norte,2021-02-11,178,3033,59,1001,119,2032,0,0,64,1608,114,712,64,2320,California
Del Norte,2021-02-12,122,3155,14,1015,108,2140,0,0,68,1622,54,766,68,2388,California
Del Norte,2021-02-13,2,3157,1,1016,1,2141,0,0,2,1624,0,766,2,2390,California
Del Norte,2021-02-14,3,3160,1,1017,2,2143,0,0,2,1625,1,767,2,2392,California
Del Norte,2021-02-15,5,3165,0,1017,5,2148,0,0,3,1626,2,769,3,2395,California
Del Norte,2021-02-16,132,3297,1,1018,131,2279,0,0,13,1520,119,888,13,2408,California
Del Norte,2021-02-17,93,3390,20,1038,73,2352,0,0,25,1478,67,955,25,2433,California
Del Norte,2021-02-18,77,3467,24,1062,53,2405,0,0,51,1503,26,981,51,2484,California
Del Norte,2021-02-19,43,3510,17,1079,26,2431,0,0,33,1526,10,991,33,2517,California
Del Norte,2021-02-20,9,3519,6,1085,3,2434,0,0,6,1529,3,994,6,2523,California
Del Norte,2021-02-22,2,3521,0,1085,2,2436,0,0,2,1531,0,994,2,2525,California
Del Norte,2021-02-23,107,3628,89,1174,18,2454,0,0,31,1487,75,1069,31,2556,California
Del Norte,2021-02-24,155,3783,100,1274,55,2509,0,0,80,1492,75,1144,80,2636,California
Del Norte,2021-02-25,478,4261,131,1405,347,2856,0,0,213,1442,263,1407,213,2849,California
Del Norte,2021-02-26,213,4474,177,1582,36,2892,0,0,166,1561,47,1454,166,3015,California
Del Norte,2021-02-27,150,4624,144,1726,5,2897,1,1,141,1694,9,1463,142,3157,California
Del Norte,2021-02-28,4,4628,1,1727,3,2900,0,1,3,1696,1,1464,3,3160,California
Del Norte,2021-03-01,28,4656,2,1729,26,2926,0,1,4,1677,23,1487,4,3164,California
Del Norte,2021-03-02,222,4878,142,1871,80,3006,0,1,188,1831,34,1521,188,3352,California
Del Norte,2021-03-03,176,5054,107,1978,69,3075,0,1,134,1923,42,1563,134,3486,California
Del Norte,2021-03-04,120,5174,83,2061,37,3112,0,1,91,1986,28,1591,91,3577,California
Del Norte,2021-03-05,122,5296,11,2072,111,3223,0,1,74,2012,48,1639,74,3651,California
Del Norte,2021-03-06,465,5761,77,2149,339,3562,49,50,163,1880,302,1941,170,3821,California
Del Norte,2021-03-07,2,5763,1,2150,1,3563,0,50,1,1880,1,1942,1,3822,California
Del Norte,2021-03-08,29,5792,1,2151,26,3589,2,52,6,1866,22,1964,8,3830,California
Del Norte,2021-03-09,194,5986,113,2264,78,3667,3,55,183,2041,11,1975,186,4016,California
Del Norte,2021-03-10,235,6221,96,2360,111,3778,28,83,134,2102,101,2076,162,4178,California
Del Norte,2021-03-11,151,6372,55,2415,91,3869,5,88,103,2162,48,2124,108,4286,California
Del Norte,2021-03-12,178,6550,89,2504,89,3958,0,88,125,2234,53,2177,125,4411,California
Del Norte,2021-03-13,94,6644,93,2597,1,3959,0,88,91,2322,3,2180,91,4502,California
Del Norte,2021-03-14,1,6645,0,2597,1,3960,0,88,1,2322,1,2181,1,4503,California
Del Norte,2021-03-15,38,6683,0,2597,38,3998,0,88,34,2352,4,2185,34,4537,California
Del Norte,2021-03-16,282,6965,135,2732,147,4145,0,88,261,2592,21,2206,261,4798,California
Del Norte,2021-03-17,284,7249,95,2827,187,4332,2,90,170,2650,114,2320,172,4970,California
Del Norte,2021-03-18,284,7533,107,2934,175,4507,2,92,149,2667,134,2454,151,5121,California
Del Norte,2021-03-19,270,7803,160,3094,104,4611,6,98,92,2587,178,2632,98,5219,California
Del Norte,2021-03-20,157,7960,154,3248,3,4614,0,98,15,2460,142,2774,15,5234,California
Del Norte,2021-03-21,4,7964,2,3250,2,4616,0,98,2,2460,2,2776,2,5236,California
Del Norte,2021-03-22,43,8007,3,3253,39,4655,1,99,39,2497,3,2779,40,5276,California
Del Norte,2021-03-23,335,8342,164,3417,153,4808,18,117,164,2509,169,2948,181,5457,California
Del Norte,2021-03-24,397,8739,107,3524,250,5058,40,157,229,2610,168,3116,269,5726,California
Del Norte,2021-03-25,192,8931,88,3612,104,5162,0,157,85,2589,106,3222,85,5811,California
Del Norte,2021-03-26,234,9165,113,3725,121,5283,0,157,197,2749,37,3259,197,6008,California
Del Norte,2021-03-27,107,9272,86,3811,4,5287,17,174,17,2693,90,3349,34,6042,California
Del Norte,2021-03-28,4,9276,2,3813,2,5289,0,174,1,2691,3,3352,1,6043,California
Del Norte,2021-03-29,57,9333,6,3819,34,5323,17,191,32,2715,25,3377,49,6092,California
Del Norte,2021-03-30,338,9671,119,3938,208,5531,11,202,126,2640,212,3589,137,6229,California
Del Norte,2021-03-31,356,10027,101,4039,238,5769,17,219,200,2703,154,3743,217,6446,California
Del Norte,2021-04-01,164,10191,58,4097,72,5841,34,253,69,2712,94,3837,103,6549,California
Del Norte,2021-04-02,233,10424,79,4176,105,5946,49,302,49,2627,184,4021,99,6648,California
Del Norte,2021-04-03,108,10532,83,4259,2,5948,23,325,5,2553,102,4123,28,6676,California
Del Norte,2021-04-04,4,10536,0,4259,0,5948,4,329,0,2553,4,4127,4,6680,California
Del Norte,2021-04-05,47,10583,5,4264,38,5986,4,333,40,2590,7,4134,44,6724,California
Del Norte,2021-04-06,380,10963,120,4384,223,6209,37,370,146,2544,230,4364,184,6908,California
Del Norte,2021-04-07,438,11401,115,4499,261,6470,62,432,290,2748,148,4512,352,7260,California
Del Norte,2021-04-08,229,11630,54,4553,106,6576,69,501,105,2798,124,4636,174,7434,California
Del Norte,2021-04-09,207,11837,47,4600,83,6659,77,578,100,2867,106,4742,175,7609,California
Del Norte,2021-04-10,47,11884,26,4626,4,6663,17,595,27,2891,20,4762,44,7653,California
Del Norte,2021-04-11,12,11896,3,4629,2,6665,7,602,2,2890,10,4772,9,7662,California
Del Norte,2021-04-12,27,11923,1,4630,9,6674,17,619,1,2883,25,4797,18,7680,California
Del Norte,2021-04-13,299,12222,50,4680,249,6923,0,619,155,2894,144,4941,155,7835,California
Del Norte,2021-04-14,331,12553,23,4703,308,7231,0,619,139,2846,192,5133,144,7979,California
Del Norte,2021-04-15,164,12717,31,4734,133,7364,0,619,45,2773,119,5252,46,8025,California
Del Norte,2021-04-16,162,12879,40,4774,122,7486,0,619,60,2732,102,5354,61,8086,California
Del Norte,2021-04-17,108,12987,76,4850,32,7518,0,619,102,2828,6,5360,102,8188,California
Del Norte,2021-04-18,6,12993,5,4855,1,7519,0,619,5,2832,1,5361,5,8193,California
Del Norte,2021-04-19,51,13044,6,4861,45,7564,0,619,9,2799,42,5403,9,8202,California
Del Norte,2021-04-20,208,13252,40,4901,168,7732,0,619,73,2737,135,5538,73,8275,California
Del Norte,2021-04-21,289,13541,23,4924,266,7998,0,619,64,2579,225,5763,67,8342,California
Del Norte,2021-04-22,114,13655,15,4939,99,8097,0,619,62,2589,52,5815,62,8404,California
Del Norte,2021-04-23,154,13809,22,4961,132,8229,0,619,40,2515,114,5929,40,8444,California
Del Norte,2021-04-24,25,13834,14,4975,11,8240,0,619,20,2530,5,5934,20,8464,California
Del Norte,2021-04-25,2,13836,0,4975,2,8242,0,619,2,2532,0,5934,2,8466,California
Del Norte,2021-04-26,31,13867,0,4975,31,8273,0,619,9,2519,22,5956,9,8475,California
Del Norte,2021-04-27,181,14048,21,4996,155,8428,5,624,50,2444,131,6087,56,8531,California
Del Norte,2021-04-28,351,14399,100,5096,246,8674,5,629,63,2226,287,6374,69,8600,California
Del Norte,2021-04-29,93,14492,6,5102,83,8757,4,633,26,2189,67,6441,30,8630,California
Del Norte,2021-04-30,86,14578,7,5109,69,8826,10,643,46,2205,40,6481,56,8686,California
Del Norte,2021-05-01,7,14585,2,5111,5,8831,0,643,5,2208,2,6483,5,8691,California
Del Norte,2021-05-02,8,14593,0,5111,8,8839,0,643,8,2216,0,6483,8,8699,California
Del Norte,2021-05-03,40,14633,3,5114,34,8873,3,646,2,2184,37,6520,5,8704,California
Del Norte,2021-05-04,222,14855,36,5150,181,9054,5,651,47,2061,175,6695,52,8756,California
Del Norte,2021-05-05,234,15089,20,5170,206,9260,8,659,59,1954,174,6869,67,8823,California
Del Norte,2021-05-06,113,15202,26,5196,74,9334,13,672,26,1906,87,6956,39,8862,California
Del Norte,2021-05-07,151,15353,28,5224,119,9453,4,676,31,1821,120,7076,35,8897,California
Del Norte,2021-05-08,65,15418,55,5279,8,9461,2,678,7,1772,58,7134,9,8906,California
Del Norte,2021-05-09,10,15428,4,5283,3,9464,3,681,2,1769,8,7142,5,8911,California
Del Norte,2021-05-10,24,15452,3,5286,17,9481,4,685,14,1777,10,7152,18,8929,California
Del Norte,2021-05-11,172,15624,50,5336,120,9601,2,687,33,1673,139,7291,35,8964,California
Del Norte,2021-05-12,150,15774,23,5359,117,9718,10,697,27,1588,122,7413,37,9001,California
Del Norte,2021-05-13,69,15843,31,5390,37,9755,1,698,39,1598,30,7443,40,9041,California
Del Norte,2021-05-14,76,15919,26,5416,49,9804,1,699,41,1605,35,7478,42,9083,California
Del Norte,2021-05-15,96,16015,53,5469,37,9841,6,705,53,1621,43,7521,59,9142,California
Del Norte,2021-05-16,11,16026,0,5469,11,9852,0,705,11,1632,0,7521,11,9153,California
Del Norte,2021-05-17,26,16052,3,5472,20,9872,3,708,15,1639,11,7532,18,9171,California
Del Norte,2021-05-18,129,16181,69,5541,60,9932,0,708,81,1672,48,7580,81,9252,California
Del Norte,2021-05-19,97,16278,14,5555,66,9998,17,725,39,1669,58,7638,55,9307,California
Del Norte,2021-05-20,100,16378,33,5588,64,10062,3,728,41,1655,58,7696,44,9351,California
Del Norte,2021-05-21,81,16459,34,5622,44,10106,3,731,44,1665,37,7733,47,9398,California
Del Norte,2021-05-22,24,16483,8,5630,16,10122,0,731,11,1664,12,7745,11,9409,California
Del Norte,2021-05-23,14,16497,5,5635,9,10131,0,731,7,1664,7,7752,7,9416,California
Del Norte,2021-05-24,25,16522,9,5644,16,10147,0,731,16,1671,9,7761,16,9432,California
Del Norte,2021-05-25,46,16568,5,5649,35,10182,6,737,17,1668,26,7787,23,9455,California
Del Norte,2021-05-26,117,16685,36,5685,74,10256,7,744,54,1667,62,7849,61,9516,California
Del Norte,2021-05-27,72,16757,27,5712,41,10297,4,748,34,1667,38,7887,38,9554,California
Del Norte,2021-05-28,52,16809,7,5719,37,10334,8,756,8,1639,44,7931,16,9570,California
Del Norte,2021-05-29,8,16817,0,5719,4,10338,4,760,3,1641,5,7936,7,9577,California
Del Norte,2021-05-30,6,16823,0,5719,6,10344,0,760,1,1637,5,7941,1,9578,California
Del Norte,2021-05-31,4,16827,2,5721,2,10346,0,760,3,1639,1,7942,3,9581,California
Del Norte,2021-06-01,52,16879,6,5727,39,10385,7,767,11,1616,41,7983,18,9599,California
Del Norte,2021-06-02,84,16963,11,5738,68,10453,5,772,19,1575,65,8048,24,9623,California
Del Norte,2021-06-03,61,17024,36,5774,23,10476,2,774,27,1570,34,8082,29,9652,California
Del Norte,2021-06-04,71,17095,25,5799,41,10517,5,779,20,1544,51,8133,25,9677,California
Del Norte,2021-06-05,1,17096,0,5799,1,10518,0,779,0,1543,1,8134,0,9677,California
Del Norte,2021-06-06,10,17106,4,5803,4,10522,2,781,7,1549,3,8137,9,9686,California
Del Norte,2021-06-07,40,17146,9,5812,26,10548,5,786,15,1544,25,8162,20,9706,California
Del Norte,2021-06-08,112,17258,81,5893,26,10574,5,791,33,1503,79,8241,38,9744,California
Del Norte,2021-06-09,58,17316,11,5904,40,10614,7,798,17,1486,41,8282,24,9768,California
Del Norte,2021-06-10,57,17373,27,5931,23,10637,7,805,12,1461,44,8326,19,9787,California
Del Norte,2021-06-11,59,17432,23,5954,27,10664,9,814,14,1439,45,8371,23,9810,California
Del Norte,2021-06-12,17,17449,3,5957,11,10675,3,817,2,1429,15,8386,5,9815,California
Del Norte,2021-06-13,61,17510,43,6000,13,10688,5,822,13,1399,48,8434,18,9833,California
Del Norte,2021-06-14,37,17547,15,6015,18,10706,4,826,15,1396,22,8456,19,9852,California
Del Norte,2021-06-15,38,17585,9,6024,21,10727,8,834,5,1376,33,8489,13,9865,California
Del Norte,2021-06-16,99,17684,38,6062,50,10777,11,845,22,1332,77,8566,33,9898,California
Del Norte,2021-06-17,31,17715,13,6075,15,10792,3,848,7,1318,24,8590,10,9908,California
Del Norte,2021-06-18,48,17763,22,6097,21,10813,5,853,19,1313,29,8619,24,9932,California
Del Norte,2021-06-19,11,17774,0,6097,7,10820,4,857,3,1312,8,8627,7,9939,California
Del Norte,2021-06-20,13,17787,9,6106,4,10824,0,857,8,1315,5,8632,8,9947,California
Del Norte,2021-06-21,24,17811,9,6115,10,10834,5,862,10,1316,14,8646,15,9962,California
Del Norte,2021-06-22,38,17849,9,6124,18,10852,11,873,14,1317,24,8670,25,9987,California
Del Norte,2021-06-23,67,17916,32,6156,30,10882,5,878,31,1317,36,8706,36,10023,California
Del Norte,2021-06-24,28,17944,18,6174,7,10889,3,881,11,1314,17,8723,14,10037,California
El Dorado,2020-12-15,12,12,12,12,0,0,0,0,12,12,0,0,12,12,California
El Dorado,2020-12-16,40,52,40,52,0,0,0,0,40,52,0,0,40,52,California
El Dorado,2020-12-17,33,85,33,85,0,0,0,0,33,85,0,0,33,85,California
El Dorado,2020-12-18,262,347,262,347,0,0,0,0,262,347,0,0,262,347,California
El Dorado,2020-12-19,118,465,118,465,0,0,0,0,118,465,0,0,118,465,California
El Dorado,2020-12-20,87,552,87,552,0,0,0,0,87,552,0,0,87,552,California
El Dorado,2020-12-21,311,863,310,862,1,1,0,0,311,863,0,0,311,863,California
El Dorado,2020-12-22,239,1102,215,1077,24,25,0,0,239,1102,0,0,239,1102,California
El Dorado,2020-12-23,190,1292,141,1218,49,74,0,0,190,1292,0,0,190,1292,California
El Dorado,2020-12-24,86,1378,65,1283,21,95,0,0,86,1378,0,0,86,1378,California
El Dorado,2020-12-25,8,1386,8,1291,0,95,0,0,8,1386,0,0,8,1386,California
El Dorado,2020-12-26,45,1431,27,1318,18,113,0,0,45,1431,0,0,45,1431,California
El Dorado,2020-12-27,38,1469,34,1352,4,117,0,0,38,1469,0,0,38,1469,California
El Dorado,2020-12-28,218,1687,169,1521,49,166,0,0,218,1687,0,0,218,1687,California
El Dorado,2020-12-29,462,2149,145,1666,317,483,0,0,462,2149,0,0,462,2149,California
El Dorado,2020-12-30,510,2659,139,1805,371,854,0,0,510,2659,0,0,510,2659,California
El Dorado,2020-12-31,110,2769,70,1875,40,894,0,0,110,2769,0,0,110,2769,California
El Dorado,2021-01-01,7,2776,4,1879,3,897,0,0,7,2776,0,0,7,2776,California
El Dorado,2021-01-02,153,2929,141,2020,12,909,0,0,153,2929,0,0,153,2929,California
El Dorado,2021-01-03,94,3023,18,2038,76,985,0,0,94,3023,0,0,94,3023,California
El Dorado,2021-01-04,192,3215,61,2099,131,1116,0,0,192,3215,0,0,192,3215,California
El Dorado,2021-01-05,230,3445,74,2173,156,1272,0,0,212,3409,18,18,212,3427,California
El Dorado,2021-01-06,243,3688,168,2341,75,1347,0,0,177,3521,65,83,177,3604,California
El Dorado,2021-01-07,338,4026,138,2479,200,1547,0,0,260,3703,78,161,260,3864,California
El Dorado,2021-01-08,992,5018,512,2991,480,2027,0,0,766,4244,226,387,767,4631,California
El Dorado,2021-01-09,198,5216,160,3151,38,2065,0,0,127,4300,71,458,127,4758,California
El Dorado,2021-01-10,180,5396,131,3282,49,2114,0,0,109,4339,71,529,110,4868,California
El Dorado,2021-01-11,661,6057,295,3577,366,2480,0,0,460,4600,200,729,461,5329,California
El Dorado,2021-01-12,810,6867,426,4003,384,2864,0,0,559,4908,251,980,559,5888,California
El Dorado,2021-01-13,704,7571,299,4302,405,3269,0,0,540,5284,164,1144,540,6428,California
El Dorado,2021-01-14,797,8368,222,4524,575,3844,0,0,702,5891,95,1239,702,7130,California
El Dorado,2021-01-15,797,9165,190,4714,607,4451,0,0,723,6540,74,1313,723,7853,California
El Dorado,2021-01-16,173,9338,102,4816,71,4522,0,0,146,6659,27,1340,146,7999,California
El Dorado,2021-01-17,107,9445,50,4866,57,4579,0,0,89,6730,18,1358,89,8088,California
El Dorado,2021-01-18,427,9872,143,5009,284,4863,0,0,353,7009,74,1432,353,8441,California
El Dorado,2021-01-19,753,10625,451,5460,302,5165,0,0,602,7461,151,1583,603,9044,California
El Dorado,2021-01-20,1014,11639,691,6151,323,5488,0,0,900,8248,113,1696,900,9944,California
El Dorado,2021-01-21,1270,12909,682,6833,588,6076,0,0,1062,9143,167,1863,1062,11006,California
El Dorado,2021-01-22,1239,14148,839,7672,400,6476,0,0,1181,10267,57,1920,1181,12187,California
El Dorado,2021-01-23,745,14893,620,8292,125,6601,0,0,629,10780,116,2036,629,12816,California
El Dorado,2021-01-24,128,15021,78,8370,50,6651,0,0,108,10868,20,2056,108,12924,California
El Dorado,2021-01-25,698,15719,292,8662,406,7057,0,0,610,11390,88,2144,610,13534,California
El Dorado,2021-01-26,685,16404,370,9032,315,7372,0,0,577,11859,108,2252,577,14111,California
El Dorado,2021-01-27,995,17399,392,9424,603,7975,0,0,656,12175,340,2592,656,14767,California
El Dorado,2021-01-28,1111,18510,454,9878,657,8632,0,0,749,12562,362,2954,749,15516,California
El Dorado,2021-01-29,1045,19555,557,10435,488,9120,0,0,753,13025,291,3245,754,16270,California
El Dorado,2021-01-30,547,20102,295,10730,252,9372,0,0,450,13379,96,3341,450,16720,California
El Dorado,2021-01-31,234,20336,211,10941,23,9395,0,0,183,13511,51,3392,183,16903,California
El Dorado,2021-02-01,801,21137,369,11310,432,9827,0,0,652,14014,149,3541,652,17555,California
El Dorado,2021-02-02,851,21988,369,11679,482,10309,0,0,685,14533,166,3707,685,18240,California
El Dorado,2021-02-03,905,22893,476,12155,429,10738,0,0,693,15014,212,3919,693,18933,California
El Dorado,2021-02-04,1252,24145,707,12862,545,11283,0,0,870,15504,380,4299,870,19803,California
El Dorado,2021-02-05,1500,25645,605,13467,895,12178,0,0,865,15771,598,4897,865,20668,California
El Dorado,2021-02-06,637,26282,332,13799,305,12483,0,0,530,16195,107,5004,531,21199,California
El Dorado,2021-02-07,262,26544,180,13979,82,12565,0,0,196,16325,66,5070,196,21395,California
El Dorado,2021-02-08,882,27426,418,14397,464,13029,0,0,606,16655,276,5346,606,22001,California
El Dorado,2021-02-09,976,28402,547,14944,429,13458,0,0,545,16769,431,5777,545,22546,California
El Dorado,2021-02-10,1269,29671,743,15687,526,13984,0,0,669,16839,599,6376,669,23215,California
El Dorado,2021-02-11,2168,31839,897,16584,1271,15255,0,0,755,16185,1410,7786,756,23971,California
El Dorado,2021-02-12,1582,33421,830,17414,752,16007,0,0,674,15953,907,8693,675,24646,California
El Dorado,2021-02-13,981,34402,670,18084,311,16318,0,0,435,15845,543,9236,435,25081,California
El Dorado,2021-02-14,492,34894,157,18241,335,16653,0,0,400,16153,92,9328,400,25481,California
El Dorado,2021-02-15,1179,36073,386,18627,793,17446,0,0,819,16616,360,9688,823,26304,California
El Dorado,2021-02-16,1207,37280,529,19156,678,18124,0,0,669,16749,537,10225,670,26974,California
El Dorado,2021-02-17,956,38236,422,19578,534,18658,0,0,462,16720,494,10719,465,27439,California
El Dorado,2021-02-18,2105,40341,1028,20606,1077,19735,0,0,1069,16754,1035,11754,1069,28508,California
El Dorado,2021-02-19,1226,41567,656,21262,570,20305,0,0,686,16901,539,12293,686,29194,California
El Dorado,2021-02-20,947,42514,455,21717,492,20797,0,0,681,17321,261,12554,681,29875,California
El Dorado,2021-02-21,291,42805,233,21950,58,20855,0,0,105,17240,186,12740,105,29980,California
El Dorado,2021-02-22,884,43689,444,22394,440,21295,0,0,276,16909,607,13347,276,30256,California
El Dorado,2021-02-23,861,44550,482,22876,379,21674,0,0,352,16753,508,13855,352,30608,California
El Dorado,2021-02-24,1037,45587,447,23323,590,22264,0,0,433,16582,604,14459,433,31041,California
El Dorado,2021-02-25,1922,47509,1150,24473,772,23036,0,0,698,16067,1217,15676,702,31743,California
El Dorado,2021-02-26,2405,49914,1505,25978,900,23936,0,0,1619,16903,783,16459,1619,33362,California
El Dorado,2021-02-27,1689,51603,447,26425,1242,25178,0,0,1241,17699,445,16904,1241,34603,California
El Dorado,2021-02-28,665,52268,230,26655,435,25613,0,0,497,18029,168,17072,498,35101,California
El Dorado,2021-03-01,1164,53432,468,27123,694,26307,2,2,643,18154,520,17592,645,35746,California
El Dorado,2021-03-02,938,54370,273,27396,664,26971,1,3,491,18202,445,18037,493,36239,California
El Dorado,2021-03-03,1709,56079,469,27865,1240,28211,0,3,1164,18830,538,18575,1166,37405,California
El Dorado,2021-03-04,2522,58601,1550,29415,972,29183,0,3,1201,18714,1318,19893,1202,38607,California
El Dorado,2021-03-05,1590,60191,432,29847,1153,30336,5,8,1052,19239,532,20425,1057,39664,California
El Dorado,2021-03-06,743,60934,217,30064,491,30827,35,43,393,19318,349,20774,428,40092,California
El Dorado,2021-03-07,410,61344,200,30264,191,31018,19,62,244,19417,164,20938,263,40355,California
El Dorado,2021-03-08,1334,62678,369,30633,892,31910,73,135,862,19882,469,21407,934,41289,California
El Dorado,2021-03-09,992,63670,231,30864,692,32602,69,204,589,20152,388,21795,658,41947,California
El Dorado,2021-03-10,957,64627,349,31213,552,33154,56,260,551,20358,400,22195,606,42553,California
El Dorado,2021-03-11,3034,67661,1839,33052,1011,34165,184,444,1291,20108,1722,23917,1472,44025,California
El Dorado,2021-03-12,1797,69458,626,33678,928,35093,243,687,743,20058,1036,24953,986,45011,California
El Dorado,2021-03-13,1071,70529,347,34025,441,35534,283,970,371,20012,697,25650,651,45662,California
El Dorado,2021-03-14,800,71329,208,34233,481,36015,111,1081,277,19877,523,26173,388,46050,California
El Dorado,2021-03-15,1398,72727,304,34537,969,36984,125,1206,609,19827,785,26958,735,46785,California
El Dorado,2021-03-16,1226,73953,417,34954,665,37649,144,1350,564,19878,657,27615,708,47493,California
El Dorado,2021-03-17,1147,75100,361,35315,690,38339,96,1446,747,20320,399,28014,841,48334,California
El Dorado,2021-03-18,3012,78112,1782,37097,1185,39524,45,1491,1979,21319,1025,29039,2024,50358,California
El Dorado,2021-03-19,1126,79238,365,37462,610,40134,151,1642,628,21600,497,29536,778,51136,California
El Dorado,2021-03-20,950,80188,270,37732,664,40798,16,1658,368,21414,570,30106,384,51520,California
El Dorado,2021-03-21,1028,81216,420,38152,603,41401,5,1663,916,22225,110,30216,921,52441,California
El Dorado,2021-03-22,1507,82723,488,38640,937,42338,82,1745,1184,23173,318,30534,1266,53707,California
El Dorado,2021-03-23,1156,83879,456,39096,605,42943,95,1840,733,23590,411,30945,828,54535,California
El Dorado,2021-03-24,1462,85341,628,39724,641,43584,193,2033,661,23670,774,31719,854,55389,California
El Dorado,2021-03-25,2522,87863,1689,41413,729,44313,104,2137,1373,24006,1142,32861,1478,56867,California
El Dorado,2021-03-26,1826,89689,699,42112,1017,45330,110,2247,930,24174,873,33734,1041,57908,California
El Dorado,2021-03-27,1327,91016,189,42301,1133,46463,5,2252,319,23496,1002,34736,324,58232,California
El Dorado,2021-03-28,640,91656,184,42485,446,46909,10,2262,168,23206,468,35204,178,58410,California
El Dorado,2021-03-29,1317,92973,432,42917,869,47778,16,2278,821,23550,493,35697,837,59247,California
El Dorado,2021-03-30,1365,94338,416,43333,856,48634,93,2371,680,23644,677,36374,771,60018,California
El Dorado,2021-03-31,1570,95908,587,43920,918,49552,65,2436,693,23525,874,37248,755,60773,California
El Dorado,2021-04-01,3249,99157,1775,45695,1391,50943,83,2519,1542,23448,1703,38951,1626,62399,California
El Dorado,2021-04-02,1898,101055,565,46260,1237,52180,96,2615,749,23150,1143,40094,845,63244,California
El Dorado,2021-04-03,753,101808,298,46558,334,52514,121,2736,232,22984,518,40612,352,63596,California
El Dorado,2021-04-04,273,102081,85,46643,140,52654,48,2784,98,22956,174,40786,146,63742,California
El Dorado,2021-04-05,1424,103505,423,47066,907,53561,94,2878,592,22815,826,41612,685,64427,California
El Dorado,2021-04-06,1414,104919,525,47591,670,54231,219,3097,451,22523,959,42571,667,65094,California
El Dorado,2021-04-07,1592,106511,560,48151,583,54814,449,3546,562,22504,1027,43598,1008,66102,California
El Dorado,2021-04-08,2691,109202,1729,49880,726,55540,236,3782,1115,22287,1567,45165,1350,67452,California
El Dorado,2021-04-09,1447,110649,458,50338,768,56308,221,4003,575,22210,869,46034,792,68244,California
El Dorado,2021-04-10,826,111475,227,50565,487,56795,112,4115,477,22452,346,46380,588,68832,California
El Dorado,2021-04-11,703,112178,453,51018,234,57029,16,4131,208,22182,494,46874,224,69056,California
El Dorado,2021-04-12,1288,113466,502,51520,637,57666,149,4280,566,22181,715,47589,714,69770,California
El Dorado,2021-04-13,1122,114588,610,52130,512,58178,0,4280,508,22079,610,48199,508,70278,California
El Dorado,2021-04-14,1099,115687,466,52596,632,58810,1,4281,380,21755,705,48904,381,70659,California
El Dorado,2021-04-15,2525,118212,1696,54292,829,59639,0,4281,963,21162,1557,50461,964,71623,California
El Dorado,2021-04-16,1473,119685,522,54814,951,60590,0,4281,608,20910,861,51322,609,72232,California
El Dorado,2021-04-17,800,120485,203,55017,597,61187,0,4281,498,21110,299,51621,499,72731,California
El Dorado,2021-04-18,1040,121525,90,55107,950,62137,0,4281,413,20897,626,52247,413,73144,California
El Dorado,2021-04-19,1738,123263,444,55551,1294,63431,0,4281,699,20563,1033,53280,699,73843,California
El Dorado,2021-04-20,1119,124382,365,55916,754,64185,0,4281,462,20374,652,53932,463,74306,California
El Dorado,2021-04-21,1169,125551,470,56386,695,64880,4,4285,597,20409,564,54496,599,74905,California
El Dorado,2021-04-22,2555,128106,1687,58073,868,65748,0,4285,1062,19982,1489,55985,1062,75967,California
El Dorado,2021-04-23,1410,129516,496,58569,914,66662,0,4285,714,20004,693,56678,715,76682,California
El Dorado,2021-04-24,974,130490,521,59090,453,67115,0,4285,738,20508,234,56912,738,77420,California
El Dorado,2021-04-25,656,131146,449,59539,207,67322,0,4285,469,20790,187,57099,469,77889,California
El Dorado,2021-04-26,1195,132341,485,60024,693,68015,17,4302,562,20740,628,57727,578,78467,California
El Dorado,2021-04-27,1118,133459,414,60438,666,68681,38,4340,496,20659,615,58342,534,79001,California
El Dorado,2021-04-28,1067,134526,355,60793,672,69353,40,4380,433,20499,633,58975,473,79474,California
El Dorado,2021-04-29,1981,136507,1353,62146,596,69949,32,4412,584,19721,1394,60369,616,80090,California
El Dorado,2021-04-30,2129,138636,1341,63487,747,70696,41,4453,1363,20370,754,61123,1403,81493,California
El Dorado,2021-05-01,619,139255,285,63772,306,71002,28,4481,276,20338,336,61459,304,81797,California
El Dorado,2021-05-02,301,139556,214,63986,58,71060,29,4510,100,20268,198,61657,128,81925,California
El Dorado,2021-05-03,825,140381,402,64388,373,71433,50,4560,280,20058,541,62198,331,82256,California
El Dorado,2021-05-04,889,141270,440,64828,389,71822,60,4620,318,19869,567,62765,378,82634,California
El Dorado,2021-05-05,893,142163,446,65274,373,72195,74,4694,428,19908,463,63228,502,83136,California
El Dorado,2021-05-06,1120,143283,488,65762,584,72779,48,4742,477,19792,637,63865,521,83657,California
El Dorado,2021-05-07,982,144265,377,66139,546,73325,59,4801,401,19670,581,64446,459,84116,California
El Dorado,2021-05-08,484,144749,149,66288,298,73623,37,4838,185,19595,297,64743,222,84338,California
El Dorado,2021-05-09,221,144970,82,66370,112,73735,27,4865,102,19606,118,64861,129,84467,California
El Dorado,2021-05-10,828,145798,276,66646,494,74229,58,4923,240,19324,578,65439,296,84763,California
El Dorado,2021-05-11,685,146483,298,66944,325,74554,62,4985,294,19293,388,65827,357,85120,California
El Dorado,2021-05-12,645,147128,340,67284,264,74818,41,5026,270,19230,375,66202,312,85432,California
El Dorado,2021-05-13,1265,148393,798,68082,427,75245,40,5066,483,18976,776,66978,522,85954,California
El Dorado,2021-05-14,1411,149804,813,68895,514,75759,84,5150,686,19026,720,67698,770,86724,California
El Dorado,2021-05-15,906,150710,560,69455,290,76049,56,5206,321,18818,585,68283,377,87101,California
El Dorado,2021-05-16,666,151376,463,69918,177,76226,26,5232,233,18644,433,68716,259,87360,California
El Dorado,2021-05-17,1579,152955,671,70589,859,77085,49,5281,566,18249,1009,69725,614,87974,California
El Dorado,2021-05-18,1028,153983,516,71105,458,77543,54,5335,447,18170,580,70305,501,88475,California
El Dorado,2021-05-19,816,154799,331,71436,433,77976,52,5387,318,18048,491,70796,369,88844,California
El Dorado,2021-05-20,1173,155972,650,72086,448,78424,75,5462,451,17853,719,71515,524,89368,California
El Dorado,2021-05-21,2337,158309,1746,73832,548,78972,43,5505,823,17209,1510,73025,866,90234,California
El Dorado,2021-05-22,708,159017,205,74037,467,79439,36,5541,228,16994,479,73504,264,90498,California
El Dorado,2021-05-23,289,159306,115,74152,145,79584,29,5570,94,16924,193,73697,123,90621,California
El Dorado,2021-05-24,876,160182,450,74602,357,79941,69,5639,305,16729,567,74264,372,90993,California
El Dorado,2021-05-25,608,160790,255,74857,317,80258,36,5675,224,16611,381,74645,263,91256,California
El Dorado,2021-05-26,810,161600,398,75255,388,80646,24,5699,279,16388,529,75174,306,91562,California
El Dorado,2021-05-27,621,162221,244,75499,342,80988,35,5734,314,16430,306,75480,348,91910,California
El Dorado,2021-05-28,730,162951,255,75754,411,81399,64,5798,307,16381,420,75900,371,92281,California
El Dorado,2021-05-29,390,163341,111,75865,263,81662,16,5814,172,16351,218,76118,188,92469,California
El Dorado,2021-05-30,173,163514,101,75966,58,81720,14,5828,84,16361,88,76206,98,92567,California
El Dorado,2021-05-31,37,163551,12,75978,14,81734,11,5839,8,16351,29,76235,19,92586,California
El Dorado,2021-06-01,674,164225,289,76267,346,82080,39,5878,231,16181,440,76675,270,92856,California
El Dorado,2021-06-02,629,164854,299,76566,280,82360,50,5928,259,16124,369,77044,312,93168,California
El Dorado,2021-06-03,727,165581,338,76904,346,82706,43,5971,180,15800,547,77591,223,93391,California
El Dorado,2021-06-04,885,166466,527,77431,324,83030,34,6005,187,15326,696,78287,222,93613,California
El Dorado,2021-06-05,388,166854,224,77655,152,83182,12,6017,84,15119,303,78590,96,93709,California
El Dorado,2021-06-06,277,167131,192,77847,69,83251,16,6033,51,14960,225,78815,66,93775,California
El Dorado,2021-06-07,783,167914,485,78332,258,83509,40,6073,170,14564,606,79421,210,93985,California
El Dorado,2021-06-08,631,168545,382,78714,216,83725,33,6106,131,14230,497,79918,163,94148,California
El Dorado,2021-06-09,464,169009,277,78991,161,83886,26,6132,112,14016,352,80270,138,94286,California
El Dorado,2021-06-10,587,169596,366,79357,190,84076,31,6163,162,13786,423,80693,193,94479,California
El Dorado,2021-06-11,657,170253,393,79750,220,84296,44,6207,130,13434,526,81219,174,94653,California
El Dorado,2021-06-12,260,170513,153,79903,88,84384,19,6226,61,13316,198,81417,80,94733,California
El Dorado,2021-06-13,162,170675,90,79993,54,84438,18,6244,36,13245,125,81542,54,94787,California
El Dorado,2021-06-14,508,171183,357,80350,121,84559,30,6274,133,13033,375,81917,163,94950,California
El Dorado,2021-06-15,447,171630,237,80587,173,84732,37,6311,126,12878,318,82235,163,95113,California
El Dorado,2021-06-16,505,172135,355,80942,109,84841,41,6352,131,12677,373,82608,172,95285,California
El Dorado,2021-06-17,437,172572,267,81209,137,84978,33,6385,140,12555,296,82904,174,95459,California
El Dorado,2021-06-18,394,172966,251,81460,109,85087,34,6419,119,12434,274,83178,153,95612,California
El Dorado,2021-06-19,247,173213,154,81614,80,85167,13,6432,91,12383,155,83333,104,95716,California
El Dorado,2021-06-20,123,173336,89,81703,28,85195,6,6438,52,12370,71,83404,58,95774,California
El Dorado,2021-06-21,307,173643,158,81861,129,85324,20,6458,119,12323,186,83590,139,95913,California
El Dorado,2021-06-22,392,174035,256,82117,114,85438,22,6480,132,12218,259,83849,154,96067,California
El Dorado,2021-06-23,422,174457,291,82408,109,85547,22,6502,139,12098,281,84130,161,96228,California
El Dorado,2021-06-24,268,174725,159,82567,98,85645,11,6513,91,12023,177,84307,102,96330,California
Fresno,2020-12-15,2,2,2,2,0,0,0,0,2,2,0,0,2,2,California
Fresno,2020-12-16,124,126,124,126,0,0,0,0,124,126,0,0,124,126,California
Fresno,2020-12-17,123,249,123,249,0,0,0,0,123,249,0,0,123,249,California
Fresno,2020-12-18,350,599,350,599,0,0,0,0,350,599,0,0,350,599,California
Fresno,2020-12-19,161,760,161,760,0,0,0,0,161,760,0,0,161,760,California
Fresno,2020-12-20,256,1016,254,1014,2,2,0,0,256,1016,0,0,256,1016,California
Fresno,2020-12-21,930,1946,928,1942,2,4,0,0,959,1975,0,0,959,1975,California
Fresno,2020-12-22,910,2856,878,2820,32,36,0,0,914,2889,0,0,914,2889,California
Fresno,2020-12-23,1089,3945,1046,3866,43,79,0,0,1090,3979,0,0,1090,3979,California
Fresno,2020-12-24,590,4535,564,4430,26,105,0,0,590,4569,0,0,590,4569,California
Fresno,2020-12-25,3,4538,1,4431,2,107,0,0,3,4572,0,0,3,4572,California
Fresno,2020-12-26,723,5261,714,5145,9,116,0,0,723,5295,0,0,723,5295,California
Fresno,2020-12-27,306,5567,210,5355,96,212,0,0,306,5601,0,0,306,5601,California
Fresno,2020-12-28,1094,6661,800,6155,294,506,0,0,1095,6696,0,0,1095,6696,California
Fresno,2020-12-29,1765,8426,998,7153,767,1273,0,0,1763,8458,1,1,1763,8459,California
Fresno,2020-12-30,985,9411,446,7599,539,1812,0,0,985,9443,0,1,985,9444,California
Fresno,2020-12-31,930,10341,310,7909,620,2432,0,0,929,10372,0,1,929,10373,California
Fresno,2021-01-01,10,10351,3,7912,7,2439,0,0,10,10382,0,1,10,10383,California
Fresno,2021-01-02,1026,11377,712,8624,314,2753,0,0,1026,11408,0,1,1026,11409,California
Fresno,2021-01-03,156,11533,130,8754,26,2779,0,0,156,11564,0,1,156,11565,California
Fresno,2021-01-04,623,12156,376,9130,247,3026,0,0,623,12187,0,1,623,12188,California
Fresno,2021-01-05,785,12941,312,9442,473,3499,0,0,711,12824,74,75,711,12899,California
Fresno,2021-01-06,991,13932,348,9790,643,4142,0,0,817,13467,174,249,817,13716,California
Fresno,2021-01-07,1898,15830,917,10707,981,5123,0,0,1643,14858,255,504,1646,15362,California
Fresno,2021-01-08,1794,17624,615,11322,1179,6302,0,0,1428,15923,364,868,1429,16791,California
Fresno,2021-01-09,637,18261,390,11712,247,6549,0,0,359,16004,278,1146,359,17150,California
Fresno,2021-01-10,518,18779,488,12200,30,6579,0,0,204,15894,314,1460,204,17354,California
Fresno,2021-01-11,2227,21006,1810,14010,417,6996,0,0,1532,16735,695,2155,1536,18890,California
Fresno,2021-01-12,2536,23542,1831,15841,705,7701,0,0,1682,17563,856,3011,1684,20574,California
Fresno,2021-01-13,3569,27111,2439,18280,1130,8831,0,0,2714,19424,856,3867,2717,23291,California
Fresno,2021-01-14,4155,31266,2194,20474,1961,10792,0,0,3683,22636,471,4338,3683,26974,California
Fresno,2021-01-15,3678,34944,2539,23013,1139,11931,0,0,3319,25600,359,4697,3323,30297,California
Fresno,2021-01-16,3164,38108,2318,25331,846,12777,0,0,2695,27827,469,5166,2696,32993,California
Fresno,2021-01-17,979,39087,557,25888,422,13199,0,0,779,28406,200,5366,779,33772,California
Fresno,2021-01-18,3089,42176,2376,28264,713,13912,0,0,2433,30187,654,6020,2435,36207,California
Fresno,2021-01-19,4418,46594,2624,30888,1794,15706,0,0,3700,33173,718,6738,3704,39911,California
Fresno,2021-01-20,3038,49632,1217,32105,1821,17527,0,0,2721,35582,315,7053,2724,42635,California
Fresno,2021-01-21,4406,54038,2041,34146,2365,19892,0,0,4045,39295,338,7391,4051,46686,California
Fresno,2021-01-22,3328,57366,1354,35500,1974,21866,0,0,2938,41860,374,7765,2939,49625,California
Fresno,2021-01-23,3065,60431,1981,37481,1084,22950,0,0,2342,43485,722,8487,2347,51972,California
Fresno,2021-01-24,558,60989,377,37858,181,23131,0,0,351,43631,207,8694,353,52325,California
Fresno,2021-01-25,2449,63438,866,38724,1583,24714,0,0,1872,44929,577,9271,1875,54200,California
Fresno,2021-01-26,2094,65532,592,39316,1502,26216,0,0,1328,45494,764,10035,1329,55529,California
Fresno,2021-01-27,2309,67841,1136,40452,1173,27389,0,0,1726,46642,581,10616,1729,57258,California
Fresno,2021-01-28,4558,72399,3047,43499,1511,28900,0,0,3481,49052,1074,11690,3484,60742,California
Fresno,2021-01-29,1680,74079,950,44449,730,29630,0,0,1377,50131,299,11989,1378,62120,California
Fresno,2021-01-30,1452,75531,546,44995,906,30536,0,0,1035,50749,417,12406,1035,63155,California
Fresno,2021-01-31,226,75757,215,45210,11,30547,0,0,72,50667,154,12560,72,63227,California
Fresno,2021-02-01,3352,79109,1656,46866,1696,32243,0,0,1783,50891,1568,14128,1792,65019,California
Fresno,2021-02-02,2734,81843,552,47418,2182,34425,0,0,1587,51361,1132,15260,1602,66621,California
Fresno,2021-02-03,3574,85417,2109,49527,1465,35890,0,0,1552,50901,2013,17273,1553,68174,California
Fresno,2021-02-04,4211,89628,1904,51431,2307,38197,0,0,1930,50585,2251,19524,1935,70109,California
Fresno,2021-02-05,5358,94986,2736,54167,2622,40819,0,0,2313,49862,3040,22564,2317,72426,California
Fresno,2021-02-06,2937,97923,2045,56212,892,41711,0,0,966,48866,1963,24527,967,73393,California
Fresno,2021-02-07,470,98393,288,56500,182,41893,0,0,274,48945,195,24722,274,73667,California
Fresno,2021-02-08,4283,102676,2292,58792,1991,43884,0,0,1807,48298,2463,27185,1816,75483,California
Fresno,2021-02-09,5353,108029,2088,60880,3265,47149,0,0,3130,49290,2147,29332,3139,78622,California
Fresno,2021-02-10,3910,111939,1236,62116,2674,49823,0,0,1996,49437,1861,31193,2008,80630,California
Fresno,2021-02-11,6464,118403,2092,64208,4372,54195,0,0,3346,49690,3099,34292,3352,83982,California
Fresno,2021-02-12,5430,123833,1390,65598,4040,58235,0,0,2739,49768,2673,36965,2751,86733,California
Fresno,2021-02-13,3769,127602,1570,67168,2199,60434,0,0,2089,50194,1669,38634,2095,88828,California
Fresno,2021-02-14,1577,129179,286,67454,1291,61725,0,0,847,50315,729,39363,850,89678,California
Fresno,2021-02-15,2906,132085,271,67725,2635,64360,0,0,1799,51015,1103,40466,1803,91481,California
Fresno,2021-02-16,6722,138807,2415,70140,4307,68667,0,0,4252,52822,2453,42919,4260,95741,California
Fresno,2021-02-17,5354,144161,2464,72604,2890,71557,0,0,2990,53498,2319,45238,2995,98736,California
Fresno,2021-02-18,6889,151050,2908,75512,3981,75538,0,0,2593,51849,4253,49491,2604,101340,California
Fresno,2021-02-19,3939,154989,1104,76616,2835,78373,0,0,1838,51605,2089,51580,1845,103185,California
Fresno,2021-02-20,4547,159536,2501,79117,2046,80419,0,0,3056,53182,1485,53065,3062,106247,California
Fresno,2021-02-21,194,159730,175,79292,19,80438,0,0,130,53262,50,53115,130,106377,California
Fresno,2021-02-22,2253,161983,1004,80296,1249,81687,0,0,1237,53495,1006,54121,1239,107616,California
Fresno,2021-02-23,4695,166678,2265,82561,2430,84117,0,0,3814,56442,869,54990,3816,111432,California
Fresno,2021-02-24,4219,170897,1504,84065,2715,86832,0,0,3465,59166,743,55733,3467,114899,California
Fresno,2021-02-25,8724,179621,3748,87813,4976,91808,0,0,7223,64963,1437,57170,7234,122133,California
Fresno,2021-02-26,9057,188678,3712,91525,5345,97153,0,0,7733,71401,1301,58471,7739,129872,California
Fresno,2021-02-27,7301,195979,3166,94691,4134,101287,1,1,6583,77288,703,59174,6590,136462,California
Fresno,2021-02-28,1663,197642,538,95229,1125,102412,0,1,1570,78779,80,59254,1571,138033,California
Fresno,2021-03-01,5118,202760,1326,96555,3792,106204,0,1,3695,81074,1407,60661,3702,141735,California
Fresno,2021-03-02,9893,212653,3393,99948,6500,112704,0,1,8502,88236,1367,62028,8529,150264,California
Fresno,2021-03-03,7082,219735,1786,101734,5295,117999,1,2,6061,93404,1008,63036,6176,156440,California
Fresno,2021-03-04,10474,230209,4131,105865,6343,124342,0,2,8722,100411,1724,64760,8731,165171,California
Fresno,2021-03-05,9375,239584,3641,109506,5732,130074,2,4,8070,107386,1172,65932,8147,173318,California
Fresno,2021-03-06,7021,246605,3955,113461,2948,133022,118,122,6021,112538,992,66924,6144,179462,California
Fresno,2021-03-07,1496,248101,682,114143,777,133799,37,159,1266,113615,227,67151,1304,180766,California
Fresno,2021-03-08,5342,253443,2058,116201,3133,136932,151,310,4048,116544,1282,68433,4211,184977,California
Fresno,2021-03-09,8669,262112,3805,120006,4592,141524,272,582,4664,117531,3984,72417,4971,189948,California
Fresno,2021-03-10,6929,269041,2877,122883,3662,145186,390,972,5411,121832,1509,73926,5810,195758,California
Fresno,2021-03-11,11638,280679,4597,127480,6490,151676,551,1523,6330,123508,5281,79207,6957,202715,California
Fresno,2021-03-12,12097,292776,5150,132630,6520,158196,427,1950,9090,130178,2987,82194,9657,212372,California
Fresno,2021-03-13,8361,301137,4068,136698,3280,161476,1013,2963,4046,131018,4294,86488,5134,217506,California
Fresno,2021-03-14,1777,302914,482,137180,1006,162482,289,3252,670,130881,1096,87584,959,218465,California
Fresno,2021-03-15,7156,310070,3184,140364,3795,166277,177,3429,4962,134024,2179,89763,5322,223787,California
Fresno,2021-03-16,10244,320314,4545,144909,5305,171582,394,3823,5432,135166,4780,94543,5922,229709,California
Fresno,2021-03-17,8748,329062,3997,148906,4049,175631,702,4525,5936,139400,2789,97332,7023,236732,California
Fresno,2021-03-18,12546,341608,6784,155690,5085,180716,677,5202,7104,142211,5392,102724,8203,244935,California
Fresno,2021-03-19,11270,352878,5944,161634,4706,185422,620,5822,6990,145866,4250,106974,7905,252840,California
Fresno,2021-03-20,7640,360518,4609,166243,2706,188128,325,6147,3820,146496,3790,110764,4420,257260,California
Fresno,2021-03-21,1846,362364,1255,167498,214,188342,377,6524,1010,147055,828,111592,1387,258647,California
Fresno,2021-03-22,5684,368048,2906,170404,2182,190524,596,7120,3841,149867,1825,113417,4637,263284,California
Fresno,2021-03-23,10651,378699,5324,175728,4827,195351,500,7620,5134,150436,5494,118911,6063,269347,California
Fresno,2021-03-24,8897,387596,3848,179576,4216,199567,833,8453,4982,152426,3878,122789,5868,275215,California
Fresno,2021-03-25,12235,399831,5690,185266,5741,205308,804,9257,4756,150637,7430,130219,5641,280856,California
Fresno,2021-03-26,12252,412083,5468,190734,6138,211446,646,9903,4451,148013,7741,137960,5117,285973,California
Fresno,2021-03-27,10147,422230,4858,195592,4201,215647,1088,10991,2973,144945,7135,145095,4067,290040,California
Fresno,2021-03-28,3422,425652,1324,196916,1407,217054,691,11682,1279,145062,2135,147230,2252,292292,California
Fresno,2021-03-29,6004,431656,2018,198934,3447,220501,539,12221,2900,145438,3075,150305,3451,295743,California
Fresno,2021-03-30,11022,442678,4277,203211,5846,226347,899,13120,3831,143010,7159,157464,4731,300474,California
Fresno,2021-03-31,9737,452415,3395,206606,5344,231691,998,14118,3670,141650,6022,163486,4662,305136,California
Fresno,2021-04-01,12248,464663,4222,210828,7155,238846,871,14989,4062,138454,8083,171569,4887,310023,California
Fresno,2021-04-02,12117,476780,4639,215467,6691,245537,787,15776,4276,135844,7677,179246,5067,315090,California
Fresno,2021-04-03,6425,483205,3533,219000,2630,248167,262,16038,2145,134026,4261,183507,2443,317533,California
Fresno,2021-04-04,1499,484704,538,219538,916,249083,45,16083,545,133672,944,184451,590,318123,California
Fresno,2021-04-05,8350,493054,4479,224017,3068,252151,803,16886,2447,131104,5886,190337,3318,321441,California
Fresno,2021-04-06,9646,502700,4035,228052,4418,256569,1193,18079,3547,129800,6059,196396,4755,326196,California
Fresno,2021-04-07,10652,513352,5515,233567,3918,260487,1219,19298,3542,127522,7063,203459,4785,330981,California
Fresno,2021-04-08,10989,524341,5180,238747,4644,265131,1165,20463,3448,124685,7490,210949,4653,335634,California
Fresno,2021-04-09,11477,535818,5345,244092,4727,269858,1405,21868,3625,121931,7803,218752,5049,340683,California
Fresno,2021-04-10,7934,543752,5173,249265,2232,272090,529,22397,3686,121915,4229,222981,4213,344896,California
Fresno,2021-04-11,1400,545152,936,250201,372,272462,92,22489,448,121509,947,223928,541,345437,California
Fresno,2021-04-12,7576,552728,4094,254295,2548,275010,934,23423,2415,119727,5129,229057,3347,348784,California
Fresno,2021-04-13,9036,561764,4313,258608,4652,279662,71,23494,3521,117934,5476,234533,3683,352467,California
Fresno,2021-04-14,9763,571527,5809,264417,3953,283615,1,23495,3796,115854,5923,240456,3843,356310,California
Fresno,2021-04-15,8525,580052,4241,268658,4281,287896,3,23498,3205,113774,5291,245747,3211,359521,California
Fresno,2021-04-16,9630,589682,4673,273331,4955,292851,2,23500,3923,112039,5665,251412,3930,363451,California
Fresno,2021-04-17,5663,595345,3782,277113,1881,294732,0,23500,2697,111795,2943,254355,2699,366150,California
Fresno,2021-04-18,1042,596387,567,277680,475,295207,0,23500,478,111714,559,254914,478,366628,California
Fresno,2021-04-19,5657,602044,3093,280773,2561,297768,3,23503,2272,110647,3344,258258,2277,368905,California
Fresno,2021-04-20,7008,609052,3477,284250,3522,301290,9,23512,2640,108952,4344,262602,2649,371554,California
Fresno,2021-04-21,6418,615470,3552,287802,2857,304147,9,23521,2680,107944,3700,266302,2692,374246,California
Fresno,2021-04-22,6396,621866,3169,290971,3226,307373,1,23522,2339,106289,3998,270300,2343,376589,California
Fresno,2021-04-23,7130,628996,3829,294800,3284,310657,17,23539,2729,104710,4313,274613,2734,379323,California
Fresno,2021-04-24,4172,633168,2491,297291,1681,312338,0,23539,1917,104385,2242,276855,1917,381240,California
Fresno,2021-04-25,1370,634538,551,297842,816,313154,3,23542,685,104395,679,277534,689,381929,California
Fresno,2021-04-26,4236,638774,2136,299978,2055,315209,45,23587,1799,103832,2406,279940,1843,383772,California
Fresno,2021-04-27,4854,643628,2452,302430,2276,317485,126,23713,1903,102933,2928,282868,2029,385801,California
Fresno,2021-04-28,4779,648407,2669,305099,1980,319465,130,23843,1989,102286,2767,285635,2120,387921,California
Fresno,2021-04-29,4813,653220,2660,307759,2013,321478,140,23983,1821,101283,2962,288597,1959,389880,California
Fresno,2021-04-30,5425,658645,3286,311045,2006,323484,133,24116,2156,100339,3238,291835,2294,392174,California
Fresno,2021-05-01,4197,662842,3464,314509,593,324077,140,24256,1224,98758,2954,294789,1373,393547,California
Fresno,2021-05-02,1252,664094,776,315285,425,324502,51,24307,613,98797,627,295416,666,394213,California
Fresno,2021-05-03,4046,668140,2700,317985,1155,325657,191,24498,1303,97580,2715,298131,1498,395711,California
Fresno,2021-05-04,4860,673000,2525,320510,2183,327840,152,24650,1553,96008,3280,301411,1708,397419,California
Fresno,2021-05-05,5294,678294,3339,323849,1727,329567,228,24878,1653,94274,3614,305025,1880,399299,California
Fresno,2021-05-06,4142,682436,2546,326395,1491,331058,105,24983,1407,93084,2703,307728,1513,400812,California
Fresno,2021-05-07,5018,687454,3292,329687,1558,332616,168,25151,1551,91359,3443,311171,1718,402530,California
Fresno,2021-05-08,3894,691348,2484,332171,1262,333878,148,25299,1163,89965,2708,313879,1314,403844,California
Fresno,2021-05-09,675,692023,347,332518,285,334163,43,25342,332,90003,337,314216,375,404219,California
Fresno,2021-05-10,2966,694989,1578,334096,1247,335410,141,25483,925,89040,2030,316246,1067,405286,California
Fresno,2021-05-11,3753,698742,1934,336030,1722,337132,97,25580,1197,87793,2543,318789,1296,406582,California
Fresno,2021-05-12,4005,702747,2566,338596,1275,338407,164,25744,1453,86882,2528,321317,1617,408199,California
Fresno,2021-05-13,4175,706922,2440,341036,1630,340037,105,25849,1916,86685,2219,323536,2022,410221,California
Fresno,2021-05-14,5110,712032,3075,344111,1851,341888,184,26033,2208,86212,2869,326405,2396,412617,California
Fresno,2021-05-15,3621,715653,2713,346824,776,342664,132,26165,1848,86432,1763,328168,1983,414600,California
Fresno,2021-05-16,1441,717094,942,347766,465,343129,34,26199,804,86644,631,328799,843,415443,California
Fresno,2021-05-17,4177,721271,2819,350585,1196,344325,162,26361,2248,87152,1901,330700,2409,417852,California
Fresno,2021-05-18,4113,725384,2537,353122,1420,345745,156,26517,2096,87412,1993,332693,2253,420105,California
Fresno,2021-05-19,4353,729737,2764,355886,1412,347157,177,26694,2111,87483,2219,334912,2290,422395,California
Fresno,2021-05-20,4105,733842,2446,358332,1471,348628,188,26882,1913,87408,2174,337086,2099,424494,California
Fresno,2021-05-21,4573,738415,2980,361312,1498,350126,95,26977,2074,87108,2467,339553,2167,426661,California
Fresno,2021-05-22,3938,742353,2923,364235,842,350968,173,27150,2271,87900,1650,341203,2442,429103,California
Fresno,2021-05-23,909,743262,579,364814,300,351268,30,27180,465,87961,434,341637,495,429598,California
Fresno,2021-05-24,3231,746493,2024,366838,1092,352360,115,27295,1489,87855,1718,343355,1612,431210,California
Fresno,2021-05-25,3206,749699,1924,368762,1156,353516,126,27421,1345,87499,1846,345201,1490,432700,California
Fresno,2021-05-26,3251,752950,2147,370909,997,354513,107,27528,1590,87586,1640,346841,1727,434427,California
Fresno,2021-05-27,3143,756093,1910,372819,1126,355639,107,27635,1404,87390,1714,348555,1518,435945,California
Fresno,2021-05-28,3429,759522,2209,375028,1125,356764,95,27730,1887,87858,1523,350078,1991,437936,California
Fresno,2021-05-29,2275,761797,1656,376684,549,357313,70,27800,1248,88164,1017,351095,1323,439259,California
Fresno,2021-05-30,887,762684,535,377219,317,357630,35,27835,423,88180,447,351542,463,439722,California
Fresno,2021-05-31,318,763002,160,377379,146,357776,12,27847,133,88146,180,351722,146,439868,California
Fresno,2021-06-01,3021,766023,1817,379196,1107,358883,97,27944,1214,87676,1784,353506,1314,441182,California
Fresno,2021-06-02,2665,768688,1719,380915,855,359738,91,28035,1082,87300,1554,355060,1178,442360,California
Fresno,2021-06-03,2948,771636,2021,382936,824,360562,103,28138,1104,86688,1821,356881,1209,443569,California
Fresno,2021-06-04,3240,774876,2350,385286,789,361351,101,28239,1077,85731,2139,359020,1182,444751,California
Fresno,2021-06-05,3105,777981,2292,387578,692,362043,121,28360,1228,85226,1853,360873,1348,446099,California
Fresno,2021-06-06,1168,779149,929,388507,201,362244,38,28398,415,84930,749,361622,453,446552,California
Fresno,2021-06-07,3084,782233,2424,390931,568,362812,92,28490,894,83746,2169,363791,985,447537,California
Fresno,2021-06-08,2705,784938,1993,392924,643,363455,69,28559,812,82744,1883,365674,881,448418,California
Fresno,2021-06-09,2934,787872,2192,395116,652,364107,90,28649,964,81847,1951,367625,1054,449472,California
Fresno,2021-06-10,2651,790523,1926,397042,655,364762,70,28719,926,81137,1705,369330,995,450467,California
Fresno,2021-06-11,3130,793653,2192,399234,828,365590,110,28829,1159,80472,1934,371264,1269,451736,California
Fresno,2021-06-12,2899,796552,2291,401525,442,366032,166,28995,775,79297,2111,373375,936,452672,California
Fresno,2021-06-13,709,797261,459,401984,233,366265,17,29012,200,79010,504,373879,217,452889,California
Fresno,2021-06-14,2495,799756,1814,403798,552,366817,129,29141,958,78577,1518,375397,1085,453974,California
Fresno,2021-06-15,2368,802124,1702,405500,590,367407,76,29217,935,78172,1415,376812,1010,454984,California
Fresno,2021-06-16,2632,804756,1893,407393,625,368032,114,29331,1039,77742,1581,378393,1151,456135,California
Fresno,2021-06-17,2242,806998,1570,408963,581,368613,91,29422,948,77498,1281,379674,1037,457172,California
Fresno,2021-06-18,2965,809963,2121,411084,726,369339,118,29540,1197,77063,1751,381425,1316,458488,California
Fresno,2021-06-19,1690,811653,1246,412330,367,369706,77,29617,584,76620,1102,382527,659,459147,California
Fresno,2021-06-20,497,812150,351,412681,135,369841,11,29628,190,76519,302,382829,201,459348,California
Fresno,2021-06-21,1614,813764,1078,413759,472,370313,64,29692,930,76843,670,383499,994,460342,California
Fresno,2021-06-22,2138,815902,1474,415233,559,370872,105,29797,985,76792,1139,384638,1088,461430,California
Fresno,2021-06-23,2020,817922,1454,416687,505,371377,61,29858,1002,76852,1002,385640,1062,462492,California
Fresno,2021-06-24,999,818921,699,417386,234,371611,66,29924,343,76612,648,386288,408,462900,California
Glenn,2020-12-17,1,1,1,1,0,0,0,0,1,1,0,0,1,1,California
Glenn,2020-12-19,1,2,1,2,0,0,0,0,1,2,0,0,1,2,California
Glenn,2020-12-20,1,3,1,3,0,0,0,0,1,3,0,0,1,3,California
Glenn,2020-12-21,12,15,12,15,0,0,0,0,12,15,0,0,12,15,California
Glenn,2020-12-22,59,74,59,74,0,0,0,0,59,74,0,0,59,74,California
Glenn,2020-12-23,28,102,28,102,0,0,0,0,28,102,0,0,28,102,California
Glenn,2020-12-24,9,111,9,111,0,0,0,0,9,111,0,0,9,111,California
Glenn,2020-12-26,2,113,2,113,0,0,0,0,2,113,0,0,2,113,California
Glenn,2020-12-27,4,117,4,117,0,0,0,0,4,117,0,0,4,117,California
Glenn,2020-12-28,21,138,21,138,0,0,0,0,21,138,0,0,21,138,California
Glenn,2020-12-29,82,220,82,220,0,0,0,0,82,220,0,0,82,220,California
Glenn,2020-12-30,129,349,106,326,23,23,0,0,129,349,0,0,129,349,California
Glenn,2020-12-31,38,387,9,335,29,52,0,0,38,387,0,0,38,387,California
Glenn,2021-01-02,3,390,3,338,0,52,0,0,3,390,0,0,3,390,California
Glenn,2021-01-04,7,397,5,343,2,54,0,0,7,397,0,0,7,397,California
Glenn,2021-01-05,9,406,8,351,1,55,0,0,9,406,0,0,9,406,California
Glenn,2021-01-06,60,466,8,359,52,107,0,0,60,466,0,0,60,466,California
Glenn,2021-01-07,67,533,12,371,55,162,0,0,65,529,2,2,65,531,California
Glenn,2021-01-08,12,545,9,380,3,165,0,0,12,541,0,2,12,543,California
Glenn,2021-01-10,1,546,1,381,0,165,0,0,0,540,1,3,0,543,California
Glenn,2021-01-11,30,576,30,411,0,165,0,0,12,534,18,21,12,555,California
Glenn,2021-01-12,42,618,37,448,5,170,0,0,14,520,28,49,14,569,California
Glenn,2021-01-13,221,839,158,606,63,233,0,0,176,651,45,94,176,745,California
Glenn,2021-01-14,119,958,30,636,89,322,0,0,109,750,10,104,109,854,California
Glenn,2021-01-15,40,998,33,669,7,329,0,0,35,780,5,109,35,889,California
Glenn,2021-01-16,33,1031,14,683,19,348,0,0,23,793,10,119,23,912,California
Glenn,2021-01-17,4,1035,2,685,2,350,0,0,2,793,2,121,2,914,California
Glenn,2021-01-18,17,1052,16,701,1,351,0,0,9,794,8,129,9,923,California
Glenn,2021-01-19,30,1082,20,721,10,361,0,0,13,790,17,146,13,936,California
Glenn,2021-01-20,163,1245,94,815,69,430,0,0,82,791,81,227,82,1018,California
Glenn,2021-01-21,124,1369,98,913,26,456,0,0,30,727,94,321,30,1048,California
Glenn,2021-01-22,338,1707,64,977,274,730,0,0,331,1051,7,328,331,1379,California
Glenn,2021-01-23,16,1723,9,986,7,737,0,0,13,1061,3,331,13,1392,California
Glenn,2021-01-24,2,1725,2,988,0,737,0,0,2,1063,0,331,2,1394,California
Glenn,2021-01-25,27,1752,9,997,18,755,0,0,24,1084,3,334,24,1418,California
Glenn,2021-01-26,30,1782,14,1011,16,771,0,0,24,1102,6,340,24,1442,California
Glenn,2021-01-27,190,1972,13,1024,177,948,0,0,168,1248,22,362,168,1610,California
Glenn,2021-01-28,147,2119,8,1032,139,1087,0,0,117,1335,30,392,117,1727,California
Glenn,2021-01-29,296,2415,12,1044,284,1371,0,0,282,1603,14,406,282,2009,California
Glenn,2021-01-30,4,2419,0,1044,4,1375,0,0,4,1607,0,406,4,2013,California
Glenn,2021-01-31,1,2420,0,1044,1,1376,0,0,1,1608,0,406,1,2014,California
Glenn,2021-02-01,31,2451,11,1055,20,1396,0,0,19,1615,12,418,19,2033,California
Glenn,2021-02-02,31,2482,16,1071,15,1411,0,0,21,1626,10,428,21,2054,California
Glenn,2021-02-03,281,2763,127,1198,154,1565,0,0,135,1616,146,574,136,2190,California
Glenn,2021-02-04,85,2848,18,1216,67,1632,0,0,28,1587,57,631,28,2218,California
Glenn,2021-02-05,319,3167,24,1240,295,1927,0,0,299,1866,20,651,299,2517,California
Glenn,2021-02-06,14,3181,2,1242,12,1939,0,0,13,1878,1,652,13,2530,California
Glenn,2021-02-07,2,3183,2,1244,0,1939,0,0,2,1880,0,652,2,2532,California
Glenn,2021-02-08,21,3204,17,1261,4,1943,0,0,4,1867,17,669,4,2536,California
Glenn,2021-02-09,49,3253,20,1281,29,1972,0,0,36,1890,13,682,36,2572,California
Glenn,2021-02-10,137,3390,19,1300,118,2090,0,0,66,1885,71,753,66,2638,California
Glenn,2021-02-11,233,3623,133,1433,100,2190,0,0,151,1953,83,836,151,2789,California
Glenn,2021-02-12,419,4042,99,1532,320,2510,0,0,354,2242,65,901,354,3143,California
Glenn,2021-02-13,37,4079,9,1541,28,2538,0,0,17,2239,20,921,17,3160,California
Glenn,2021-02-14,1,4080,0,1541,1,2539,0,0,1,2240,0,921,1,3161,California
Glenn,2021-02-15,9,4089,0,1541,9,2548,0,0,8,2247,1,922,8,3169,California
Glenn,2021-02-16,40,4129,9,1550,31,2579,0,0,22,2251,18,940,22,3191,California
Glenn,2021-02-17,380,4509,14,1564,366,2945,0,0,302,2475,78,1018,302,3493,California
Glenn,2021-02-18,134,4643,99,1663,35,2980,0,0,110,2561,24,1042,110,3603,California
Glenn,2021-02-19,303,4946,17,1680,286,3266,0,0,29,2316,274,1316,29,3632,California
Glenn,2021-02-20,9,4955,0,1680,9,3275,0,0,1,2309,8,1324,1,3633,California
Glenn,2021-02-21,1,4956,1,1681,0,3275,0,0,1,2310,0,1324,1,3634,California
Glenn,2021-02-22,33,4989,14,1695,19,3294,0,0,16,2309,17,1341,16,3650,California
Glenn,2021-02-23,41,5030,10,1705,31,3325,0,0,29,2326,12,1353,29,3679,California
Glenn,2021-02-24,255,5285,48,1753,207,3532,0,0,47,2165,208,1561,47,3726,California
Glenn,2021-02-25,233,5518,119,1872,114,3646,0,0,120,2172,113,1674,120,3846,California
Glenn,2021-02-26,304,5822,24,1896,280,3926,0,0,20,1909,283,1957,20,3866,California
Glenn,2021-02-27,16,5838,6,1902,10,3936,0,0,6,1906,9,1966,6,3872,California
Glenn,2021-02-28,6,5844,3,1905,3,3939,0,0,3,1907,2,1968,3,3875,California
Glenn,2021-03-01,28,5872,6,1911,22,3961,0,0,12,1903,16,1984,12,3887,California
Glenn,2021-03-02,35,5907,7,1918,28,3989,0,0,17,1902,18,2002,17,3904,California
Glenn,2021-03-03,191,6098,37,1955,154,4143,0,0,100,1913,89,2091,100,4004,California
Glenn,2021-03-04,521,6619,175,2130,346,4489,0,0,374,2140,147,2238,374,4378,California
Glenn,2021-03-05,357,6976,49,2179,308,4797,0,0,35,1853,322,2560,35,4413,California
Glenn,2021-03-06,28,7004,4,2183,23,4820,1,1,11,1848,17,2577,12,4425,California
Glenn,2021-03-07,5,7009,0,2183,5,4825,0,1,3,1850,1,2578,3,4428,California
Glenn,2021-03-08,20,7029,2,2185,17,4842,1,2,18,1867,2,2580,19,4447,California
Glenn,2021-03-09,82,7111,12,2197,67,4909,3,5,54,1895,28,2608,56,4503,California
Glenn,2021-03-10,172,7283,69,2266,101,5010,2,7,94,1913,78,2686,96,4599,California
Glenn,2021-03-11,582,7865,168,2434,391,5401,23,30,453,2260,129,2815,476,5075,California
Glenn,2021-03-12,420,8285,14,2448,343,5744,63,93,42,1987,378,3193,105,5180,California
Glenn,2021-03-13,13,8298,1,2449,4,5748,8,101,1,1984,12,3205,9,5189,California
Glenn,2021-03-14,3,8301,1,2450,2,5750,0,101,1,1983,2,3207,1,5190,California
Glenn,2021-03-15,76,8377,15,2465,56,5806,5,106,61,2034,15,3222,66,5256,California
Glenn,2021-03-16,109,8486,34,2499,65,5871,10,116,69,2073,40,3262,79,5335,California
Glenn,2021-03-17,417,8903,98,2597,312,6183,7,123,116,1893,301,3563,121,5456,California
Glenn,2021-03-18,522,9425,216,2813,50,6233,256,379,144,1914,378,3941,399,5855,California
Glenn,2021-03-19,96,9521,16,2829,74,6307,6,385,75,1975,20,3961,81,5936,California
Glenn,2021-03-20,133,9654,2,2831,130,6437,1,386,130,2103,3,3964,131,6067,California
Glenn,2021-03-21,6,9660,5,2836,0,6437,1,387,3,2105,2,3966,4,6071,California
Glenn,2021-03-22,123,9783,54,2890,61,6498,8,395,103,2198,18,3984,111,6182,California
Glenn,2021-03-23,179,9962,67,2957,61,6559,51,446,104,2280,73,4057,155,6337,California
Glenn,2021-03-24,208,10170,100,3057,103,6662,5,451,134,2347,72,4129,139,6476,California
Glenn,2021-03-25,471,10641,230,3287,147,6809,94,545,343,2657,127,4256,437,6913,California
Glenn,2021-03-26,238,10879,37,3324,165,6974,36,581,187,2829,51,4307,223,7136,California
Glenn,2021-03-27,168,11047,22,3346,140,7114,6,587,154,2975,14,4321,160,7296,California
Glenn,2021-03-28,15,11062,10,3356,5,7119,0,587,10,2980,5,4326,10,7306,California
Glenn,2021-03-29,61,11123,20,3376,38,7157,3,590,47,3016,14,4340,50,7356,California
Glenn,2021-03-30,76,11199,43,3419,32,7189,1,591,44,3031,30,4370,45,7401,California
Glenn,2021-03-31,124,11323,35,3454,88,7277,1,592,54,3017,69,4439,55,7456,California
Glenn,2021-04-01,656,11979,188,3642,459,7736,9,601,244,2861,409,4848,253,7709,California
Glenn,2021-04-02,170,12149,26,3668,132,7868,12,613,133,2969,37,4885,145,7854,California
Glenn,2021-04-03,95,12244,4,3672,84,7952,7,620,84,3049,11,4896,91,7945,California
Glenn,2021-04-04,9,12253,3,3675,4,7956,2,622,5,3052,4,4900,7,7952,California
Glenn,2021-04-05,67,12320,26,3701,28,7984,13,635,30,3058,37,4937,43,7995,California
Glenn,2021-04-06,145,12465,52,3753,53,8037,40,675,37,3027,107,5044,76,8071,California
Glenn,2021-04-07,161,12626,47,3800,60,8097,54,729,75,3070,86,5130,129,8200,California
Glenn,2021-04-08,640,13266,188,3988,418,8515,34,763,138,2742,500,5630,172,8372,California
Glenn,2021-04-09,159,13425,56,4044,86,8601,17,780,101,2801,58,5688,117,8489,California
Glenn,2021-04-10,76,13501,1,4045,60,8661,15,795,58,2857,17,5705,73,8562,California
Glenn,2021-04-11,17,13518,8,4053,4,8665,5,800,7,2859,10,5715,12,8574,California
Glenn,2021-04-12,116,13634,26,4079,61,8726,29,829,21,2814,95,5810,50,8624,California
Glenn,2021-04-13,118,13752,63,4142,55,8781,0,829,30,2756,88,5898,30,8654,California
Glenn,2021-04-14,123,13875,47,4189,76,8857,0,829,68,2769,55,5953,68,8722,California
Glenn,2021-04-15,365,14240,276,4465,89,8946,0,829,124,2653,240,6193,124,8846,California
Glenn,2021-04-16,169,14409,42,4507,127,9073,0,829,79,2642,90,6283,79,8925,California
Glenn,2021-04-17,168,14577,17,4524,151,9224,0,829,29,2540,131,6414,29,8954,California
Glenn,2021-04-18,16,14593,3,4527,13,9237,0,829,13,2550,3,6417,13,8967,California
Glenn,2021-04-19,83,14676,17,4544,66,9303,0,829,22,2512,60,6477,22,8989,California
Glenn,2021-04-20,125,14801,81,4625,44,9347,0,829,52,2491,73,6550,52,9041,California
Glenn,2021-04-21,423,15224,320,4945,103,9450,0,829,289,2646,134,6684,289,9330,California
Glenn,2021-04-22,208,15432,48,4993,160,9610,0,829,33,2505,174,6858,33,9363,California
Glenn,2021-04-23,179,15611,24,5017,155,9765,0,829,41,2409,137,6995,41,9404,California
Glenn,2021-04-24,180,15791,32,5049,148,9913,0,829,31,2291,149,7144,31,9435,California
Glenn,2021-04-25,30,15821,18,5067,12,9925,0,829,22,2305,8,7152,22,9457,California
Glenn,2021-04-26,48,15869,12,5079,36,9961,0,829,19,2295,29,7181,19,9476,California
Glenn,2021-04-27,64,15933,49,5128,10,9971,5,834,32,2299,32,7213,36,9512,California
Glenn,2021-04-28,260,16193,181,5309,68,10039,11,845,131,2313,128,7341,142,9654,California
Glenn,2021-04-29,182,16375,23,5332,157,10196,2,847,36,2205,146,7487,38,9692,California
Glenn,2021-04-30,156,16531,35,5367,119,10315,2,849,38,2127,118,7605,40,9732,California
Glenn,2021-05-01,108,16639,13,5380,94,10409,1,850,26,2072,82,7687,27,9759,California
Glenn,2021-05-02,30,16669,12,5392,9,10418,9,859,15,2081,15,7702,24,9783,California
Glenn,2021-05-03,39,16708,24,5416,14,10432,1,860,14,2071,25,7727,15,9798,California
Glenn,2021-05-04,58,16766,34,5450,19,10451,5,865,28,2074,30,7757,33,9831,California
Glenn,2021-05-05,125,16891,38,5488,77,10528,10,875,52,2063,73,7830,62,9893,California
Glenn,2021-05-06,111,17002,41,5529,65,10593,5,880,40,2037,71,7901,45,9938,California
Glenn,2021-05-07,119,17121,33,5562,77,10670,9,889,30,1988,88,7989,39,9977,California
Glenn,2021-05-08,65,17186,12,5574,49,10719,4,893,21,1970,43,8032,25,10002,California
Glenn,2021-05-09,17,17203,11,5585,6,10725,0,893,13,1979,4,8036,13,10015,California
Glenn,2021-05-10,36,17239,14,5599,17,10742,5,898,13,1974,23,8059,18,10033,California
Glenn,2021-05-11,78,17317,55,5654,14,10756,9,907,16,1937,62,8121,25,10058,California
Glenn,2021-05-12,335,17652,252,5906,69,10825,14,921,52,1720,283,8404,66,10124,California
Glenn,2021-05-13,159,17811,60,5966,80,10905,19,940,69,1718,90,8494,88,10212,California
Glenn,2021-05-14,106,17917,25,5991,76,10981,5,945,40,1697,66,8560,45,10257,California
Glenn,2021-05-15,67,17984,40,6031,24,11005,3,948,34,1701,32,8592,36,10293,California
Glenn,2021-05-16,31,18015,18,6049,13,11018,0,948,9,1688,22,8614,9,10302,California
Glenn,2021-05-17,86,18101,61,6110,21,11039,4,952,60,1726,26,8640,64,10366,California
Glenn,2021-05-18,67,18168,50,6160,13,11052,4,956,23,1709,44,8684,27,10393,California
Glenn,2021-05-19,199,18367,118,6278,69,11121,12,968,74,1670,124,8808,85,10478,California
Glenn,2021-05-20,118,18485,77,6355,39,11160,2,970,83,1720,35,8843,85,10563,California
Glenn,2021-05-21,70,18555,26,6381,43,11203,1,971,30,1711,40,8883,31,10594,California
Glenn,2021-05-22,56,18611,24,6405,32,11235,0,971,29,1713,27,8910,29,10623,California
Glenn,2021-05-23,28,18639,15,6420,13,11248,0,971,12,1710,15,8925,12,10635,California
Glenn,2021-05-24,29,18668,10,6430,15,11263,4,975,10,1706,18,8943,14,10649,California
Glenn,2021-05-25,47,18715,36,6466,9,11272,2,977,24,1709,23,8966,26,10675,California
Glenn,2021-05-26,75,18790,16,6482,55,11327,4,981,27,1692,48,9014,31,10706,California
Glenn,2021-05-27,100,18890,62,6544,37,11364,1,982,46,1687,52,9066,47,10753,California
Glenn,2021-05-28,63,18953,19,6563,37,11401,7,989,33,1697,30,9096,40,10793,California
Glenn,2021-05-29,48,19001,11,6574,33,11434,4,993,21,1695,27,9123,25,10818,California
Glenn,2021-05-30,21,19022,13,6587,8,11442,0,993,8,1691,12,9135,8,10826,California
Glenn,2021-05-31,4,19026,0,6587,4,11446,0,993,0,1687,4,9139,0,10826,California
Glenn,2021-06-01,56,19082,31,6618,22,11468,3,996,24,1682,32,9171,27,10853,California
Glenn,2021-06-02,98,19180,49,6667,46,11514,3,999,39,1665,59,9230,42,10895,California
Glenn,2021-06-03,76,19256,43,6710,26,11540,7,1006,18,1634,56,9286,25,10920,California
Glenn,2021-06-04,76,19332,36,6746,37,11577,3,1009,41,1643,35,9321,44,10964,California
Glenn,2021-06-05,55,19387,30,6776,22,11599,3,1012,17,1625,38,9359,20,10984,California
Glenn,2021-06-06,31,19418,28,6804,2,11601,1,1013,15,1626,15,9374,16,11000,California
Glenn,2021-06-07,68,19486,59,6863,7,11608,2,1015,13,1587,54,9428,15,11015,California
Glenn,2021-06-08,35,19521,19,6882,11,11619,5,1020,16,1589,19,9447,21,11036,California
Glenn,2021-06-09,64,19585,36,6918,21,11640,7,1027,31,1594,33,9480,38,11074,California
Glenn,2021-06-10,117,19702,86,7004,25,11665,6,1033,34,1551,83,9563,40,11114,California
Glenn,2021-06-11,87,19789,56,7060,28,11693,3,1036,24,1515,63,9626,27,11141,California
Glenn,2021-06-12,35,19824,19,7079,13,11706,3,1039,13,1509,22,9648,16,11157,California
Glenn,2021-06-13,11,19835,11,7090,0,11706,0,1039,5,1508,6,9654,5,11162,California
Glenn,2021-06-14,40,19875,27,7117,10,11716,3,1042,17,1506,22,9676,20,11182,California
Glenn,2021-06-15,48,19923,33,7150,14,11730,1,1043,24,1507,24,9700,25,11207,California
Glenn,2021-06-16,87,20010,52,7202,34,11764,1,1044,58,1539,27,9727,59,11266,California
Glenn,2021-06-17,61,20071,36,7238,21,11785,4,1048,7,1496,54,9781,11,11277,California
Glenn,2021-06-18,81,20152,45,7283,15,11800,21,1069,26,1488,55,9836,47,11324,California
Glenn,2021-06-19,43,20195,22,7305,21,11821,0,1069,24,1493,19,9855,24,11348,California
Glenn,2021-06-20,14,20209,10,7315,4,11825,0,1069,3,1485,11,9866,3,11351,California
Glenn,2021-06-21,25,20234,17,7332,6,11831,2,1071,18,1498,7,9873,20,11371,California
Glenn,2021-06-22,45,20279,30,7362,13,11844,2,1073,21,1498,23,9896,23,11394,California
Glenn,2021-06-23,54,20333,37,7399,14,11858,3,1076,29,1505,25,9921,32,11426,California
Glenn,2021-06-24,23,20356,12,7411,10,11868,1,1077,8,1499,15,9936,9,11435,California
Humboldt,2020-12-15,2,2,2,2,0,0,0,0,2,2,0,0,2,2,California
Humboldt,2020-12-16,16,18,16,18,0,0,0,0,16,18,0,0,16,18,California
Humboldt,2020-12-17,117,135,117,135,0,0,0,0,117,135,0,0,117,135,California
Humboldt,2020-12-18,177,312,177,312,0,0,0,0,177,312,0,0,177,312,California
Humboldt,2020-12-19,10,322,10,322,0,0,0,0,10,322,0,0,10,322,California
Humboldt,2020-12-20,28,350,28,350,0,0,0,0,28,350,0,0,28,350,California
Humboldt,2020-12-21,167,517,167,517,0,0,0,0,167,517,0,0,167,517,California
Humboldt,2020-12-22,335,852,335,852,0,0,0,0,335,852,0,0,335,852,California
Humboldt,2020-12-23,322,1174,264,1116,58,58,0,0,324,1176,0,0,324,1176,California
Humboldt,2020-12-24,25,1199,2,1118,23,81,0,0,25,1201,0,0,25,1201,California
Humboldt,2020-12-25,2,1201,2,1120,0,81,0,0,2,1203,0,0,2,1203,California
Humboldt,2020-12-26,6,1207,5,1125,1,82,0,0,6,1209,0,0,6,1209,California
Humboldt,2020-12-28,207,1414,149,1274,58,140,0,0,207,1416,0,0,207,1416,California
Humboldt,2020-12-29,184,1598,123,1397,61,201,0,0,185,1601,0,0,185,1601,California
Humboldt,2020-12-30,232,1830,127,1524,105,306,0,0,232,1833,0,0,232,1833,California
Humboldt,2020-12-31,246,2076,81,1605,165,471,0,0,246,2079,0,0,246,2079,California
Humboldt,2021-01-01,3,2079,2,1607,1,472,0,0,3,2082,0,0,3,2082,California
Humboldt,2021-01-02,40,2119,2,1609,38,510,0,0,40,2122,0,0,40,2122,California
Humboldt,2021-01-04,219,2338,142,1751,77,587,0,0,220,2342,0,0,220,2342,California
Humboldt,2021-01-05,133,2471,21,1772,112,699,0,0,133,2474,1,1,133,2475,California
Humboldt,2021-01-06,315,2786,215,1987,100,799,0,0,242,2655,61,62,242,2717,California
Humboldt,2021-01-07,435,3221,323,2310,112,911,0,0,318,2873,100,162,318,3035,California
Humboldt,2021-01-08,426,3647,286,2596,140,1051,0,0,287,3027,133,295,287,3322,California
Humboldt,2021-01-09,68,3715,44,2640,24,1075,0,0,65,3090,3,298,66,3388,California
Humboldt,2021-01-10,84,3799,84,2724,0,1075,0,0,4,3014,80,378,4,3392,California
Humboldt,2021-01-11,292,4091,281,3005,11,1086,0,0,71,2868,217,595,71,3463,California
Humboldt,2021-01-12,503,4594,339,3344,164,1250,0,0,286,2959,195,790,286,3749,California
Humboldt,2021-01-13,500,5094,281,3625,219,1469,0,0,321,3105,176,966,322,4071,California
Humboldt,2021-01-14,550,5644,167,3792,383,1852,0,0,494,3544,56,1022,495,4566,California
Humboldt,2021-01-15,371,6015,28,3820,343,2195,0,0,354,3881,17,1039,354,4920,California
Humboldt,2021-01-16,169,6184,6,3826,163,2358,0,0,168,4048,1,1040,168,5088,California
Humboldt,2021-01-17,6,6190,4,3830,2,2360,0,0,6,4054,0,1040,6,5094,California
Humboldt,2021-01-18,305,6495,270,4100,35,2395,0,0,151,4051,154,1194,151,5245,California
Humboldt,2021-01-19,658,7153,399,4499,259,2654,0,0,528,4455,124,1318,528,5773,California
Humboldt,2021-01-20,918,8071,389,4888,529,3183,0,0,754,5055,156,1474,756,6529,California
Humboldt,2021-01-21,971,9042,260,5148,711,3894,0,0,928,5940,43,1517,928,7457,California
Humboldt,2021-01-22,689,9731,381,5529,308,4202,0,0,679,6610,10,1527,680,8137,California
Humboldt,2021-01-23,928,10659,283,5812,645,4847,0,0,919,7521,9,1536,920,9057,California
Humboldt,2021-01-24,229,10888,1,5813,228,5075,0,0,228,7748,1,1537,228,9285,California
Humboldt,2021-01-25,351,11239,234,6047,117,5192,0,0,154,7705,197,1734,154,9439,California
Humboldt,2021-01-26,544,11783,149,6196,395,5587,0,0,480,8121,64,1798,480,9919,California
Humboldt,2021-01-27,1272,13055,584,6780,688,6275,0,0,1200,9259,64,1862,1202,11121,California
Humboldt,2021-01-28,1462,14517,635,7415,827,7102,0,0,1321,10444,138,2000,1323,12444,California
Humboldt,2021-01-29,1165,15682,548,7963,617,7719,0,0,695,10669,470,2470,695,13139,California
Humboldt,2021-01-30,1029,16711,470,8433,559,8278,0,0,984,11609,45,2515,985,14124,California
Humboldt,2021-01-31,317,17028,315,8748,2,8280,0,0,316,11924,1,2516,316,14440,California
Humboldt,2021-02-01,336,17364,192,8940,144,8424,0,0,185,11958,151,2667,185,14625,California
Humboldt,2021-02-02,452,17816,79,9019,373,8797,0,0,347,12205,102,2769,349,14974,California
Humboldt,2021-02-03,676,18492,267,9286,409,9206,0,0,521,12571,155,2924,521,15495,California
Humboldt,2021-02-04,651,19143,260,9546,391,9597,0,0,443,12809,205,3129,443,15938,California
Humboldt,2021-02-05,813,19956,95,9641,718,10315,0,0,625,13246,188,3317,625,16563,California
Humboldt,2021-02-06,1082,21038,469,10110,613,10928,0,0,1036,14238,45,3362,1037,17600,California
Humboldt,2021-02-07,379,21417,8,10118,371,11299,0,0,374,14609,4,3366,375,17975,California
Humboldt,2021-02-08,338,21755,147,10265,191,11490,0,0,180,14632,157,3523,180,18155,California
Humboldt,2021-02-09,504,22259,228,10493,276,11766,0,0,177,14482,327,3850,177,18332,California
Humboldt,2021-02-10,564,22823,371,10864,193,11959,0,0,233,14389,326,4176,233,18565,California
Humboldt,2021-02-11,1320,24143,397,11261,923,12882,0,0,495,14063,822,4998,496,19061,California
Humboldt,2021-02-12,1168,25311,747,12008,421,13303,0,0,711,14317,457,5455,711,19772,California
Humboldt,2021-02-13,1548,26859,601,12609,947,14250,0,0,923,14618,623,6078,924,20696,California
Humboldt,2021-02-14,113,26972,5,12614,108,14358,0,0,110,14726,2,6080,110,20806,California
Humboldt,2021-02-15,294,27266,81,12695,213,14571,0,0,193,14819,100,6180,193,20999,California
Humboldt,2021-02-16,548,27814,123,12818,425,14996,0,0,253,14779,295,6475,255,21254,California
Humboldt,2021-02-17,454,28268,282,13100,172,15168,0,0,134,14594,319,6794,134,21388,California
Humboldt,2021-02-18,1027,29295,603,13703,424,15592,0,0,276,14121,749,7543,276,21664,California
Humboldt,2021-02-19,482,29777,434,14137,48,15640,0,0,92,13827,386,7929,92,21756,California
Humboldt,2021-02-20,1729,31506,1027,15164,702,16342,0,0,482,13068,1244,9173,485,22241,California
Humboldt,2021-02-21,479,31985,471,15635,8,16350,0,0,179,12948,300,9473,180,22421,California
Humboldt,2021-02-22,138,32123,94,15729,44,16394,0,0,29,12870,107,9580,29,22450,California
Humboldt,2021-02-23,182,32305,71,15800,111,16505,0,0,44,12778,136,9716,44,22494,California
Humboldt,2021-02-24,1216,33521,742,16542,474,16979,0,0,585,12735,629,10345,586,23080,California
Humboldt,2021-02-25,838,34359,319,16861,519,17498,0,0,232,12363,604,10949,232,23312,California
Humboldt,2021-02-26,2153,36512,108,16969,2045,19543,0,0,441,11099,1706,12655,442,23754,California
Humboldt,2021-02-27,1713,38225,1091,18060,622,20165,0,0,853,11098,858,13513,857,24611,California
Humboldt,2021-02-28,126,38351,11,18071,115,20280,0,0,118,11209,7,13520,118,24729,California
Humboldt,2021-03-01,262,38613,47,18118,215,20495,0,0,188,11323,74,13594,188,24917,California
Humboldt,2021-03-02,304,38917,51,18169,253,20748,0,0,166,11351,138,13732,166,25083,California
Humboldt,2021-03-03,1672,40589,1105,19274,567,21315,0,0,1223,12133,442,14174,1224,26307,California
Humboldt,2021-03-04,925,41514,114,19388,811,22126,0,0,300,11810,625,14799,302,26609,California
Humboldt,2021-03-05,948,42462,189,19577,748,22874,11,11,390,11656,555,15354,401,27010,California
Humboldt,2021-03-06,1798,44260,936,20513,813,23687,49,60,797,11502,1000,16354,846,27856,California
Humboldt,2021-03-07,368,44628,296,20809,54,23741,18,78,158,11468,210,16564,176,28032,California
Humboldt,2021-03-08,276,44904,6,20815,191,23932,79,157,180,11632,95,16659,259,28291,California
Humboldt,2021-03-09,501,45405,206,21021,147,24079,148,305,245,11770,254,16913,392,28683,California
Humboldt,2021-03-10,695,46100,470,21491,70,24149,155,460,420,12069,274,17187,573,29256,California
Humboldt,2021-03-11,1484,47584,461,21952,923,25072,100,560,653,11995,826,18013,752,30008,California
Humboldt,2021-03-12,1752,49336,1085,23037,445,25517,222,782,1054,12584,690,18703,1279,31287,California
Humboldt,2021-03-13,1585,50921,1037,24074,497,26014,51,833,671,12397,908,19611,721,32008,California
Humboldt,2021-03-14,143,51064,19,24093,116,26130,8,841,29,12320,114,19725,37,32045,California
Humboldt,2021-03-15,278,51342,51,24144,205,26335,22,863,59,12182,219,19944,81,32126,California
Humboldt,2021-03-16,638,51980,201,24345,176,26511,261,1124,262,12328,375,20319,521,32647,California
Humboldt,2021-03-17,733,52713,396,24741,229,26740,108,1232,341,12386,391,20710,449,33096,California
Humboldt,2021-03-18,1740,54453,1165,25906,532,27272,43,1275,1038,12770,697,21407,1081,34177,California
Humboldt,2021-03-19,1077,55530,61,25967,700,27972,316,1591,441,12892,634,22041,756,34933,California
Humboldt,2021-03-20,1383,56913,756,26723,613,28585,14,1605,424,12374,957,22998,439,35372,California
Humboldt,2021-03-21,252,57165,34,26757,189,28774,29,1634,207,12564,45,23043,235,35607,California
Humboldt,2021-03-22,119,57284,15,26772,54,28828,50,1684,62,12621,55,23098,112,35719,California
Humboldt,2021-03-23,414,57698,42,26814,329,29157,43,1727,320,12892,92,23190,363,36082,California
Humboldt,2021-03-24,1414,59112,389,27203,978,30135,47,1774,1038,13608,368,23558,1084,37166,California
Humboldt,2021-03-25,1844,60956,1214,28417,566,30701,64,1838,948,13725,894,24452,1011,38177,California
Humboldt,2021-03-26,2044,63000,440,28857,1546,32247,58,1896,1596,14936,442,24894,1653,39830,California
Humboldt,2021-03-27,2090,65090,1494,30351,422,32669,174,2070,1115,15254,971,25865,1289,41119,California
Humboldt,2021-03-28,268,65358,82,30433,114,32783,72,2142,81,15222,186,26051,154,41273,California
Humboldt,2021-03-29,467,65825,124,30557,247,33030,96,2238,197,15245,269,26320,292,41565,California
Humboldt,2021-03-30,947,66772,303,30860,530,33560,114,2352,561,15538,381,26701,674,42239,California
Humboldt,2021-03-31,1868,68640,522,31382,1248,34808,98,2450,1409,16592,455,27156,1509,43748,California
Humboldt,2021-04-01,2119,70759,709,32091,1317,36125,93,2543,1480,17534,631,27787,1573,45321,California
Humboldt,2021-04-02,1728,72487,1112,33203,510,36635,106,2649,622,17162,1100,28887,728,46049,California
Humboldt,2021-04-03,1669,74156,1508,34711,146,36781,15,2664,671,16860,988,29875,686,46735,California
Humboldt,2021-04-04,484,74640,371,35082,104,36885,9,2673,403,17192,80,29955,412,47147,California
Humboldt,2021-04-05,780,75420,465,35547,267,37152,48,2721,444,17351,333,30288,492,47639,California
Humboldt,2021-04-06,848,76268,319,35866,395,37547,134,2855,590,17821,252,30540,722,48361,California
Humboldt,2021-04-07,1502,77770,1068,36934,292,37839,142,2997,994,18452,505,31045,1136,49497,California
Humboldt,2021-04-08,1755,79525,1098,38032,498,38337,159,3156,745,18348,1008,32053,904,50401,California
Humboldt,2021-04-09,1445,80970,440,38472,850,39187,155,3311,1155,19362,289,32342,1303,51704,California
Humboldt,2021-04-10,942,81912,138,38610,629,39816,175,3486,742,20079,198,32540,915,52619,California
Humboldt,2021-04-11,646,82558,138,38748,36,39852,472,3958,129,20161,517,33057,599,53218,California
Humboldt,2021-04-12,442,83000,230,38978,85,39937,127,4085,281,20409,160,33217,408,53626,California
Humboldt,2021-04-13,593,83593,324,39302,264,40201,5,4090,556,20935,34,33251,560,54186,California
Humboldt,2021-04-14,1448,85041,1046,40348,402,40603,0,4090,1332,22152,115,33366,1332,55518,California
Humboldt,2021-04-15,1834,86875,1203,41551,627,41230,4,4094,1260,22859,555,33921,1262,56780,California
Humboldt,2021-04-16,1142,88017,522,42073,620,41850,0,4094,557,22834,582,34503,557,57337,California
Humboldt,2021-04-17,1861,89878,1538,43611,323,42173,0,4094,1055,23089,800,35303,1055,58392,California
Humboldt,2021-04-18,670,90548,354,43965,315,42488,1,4095,85,22595,579,35882,85,58477,California
Humboldt,2021-04-19,202,90750,85,44050,117,42605,0,4095,87,22569,113,35995,87,58564,California
Humboldt,2021-04-20,496,91246,130,44180,366,42971,0,4095,245,22564,250,36245,245,58809,California
Humboldt,2021-04-21,1098,92344,384,44564,714,43685,0,4095,437,22350,652,36897,438,59247,California
Humboldt,2021-04-22,884,93228,529,45093,354,44039,1,4096,449,22367,432,37329,449,59696,California
Humboldt,2021-04-23,2165,95393,308,45401,1857,45896,0,4096,314,20834,1847,39176,314,60010,California
Humboldt,2021-04-24,1097,96490,884,46285,208,46104,5,4101,366,20477,728,39904,371,60381,California
Humboldt,2021-04-25,376,96866,241,46526,135,46239,0,4101,194,20491,180,40084,194,60575,California
Humboldt,2021-04-26,360,97226,251,46777,105,46344,4,4105,103,20341,255,40339,105,60680,California
Humboldt,2021-04-27,764,97990,264,47041,471,46815,29,4134,155,19918,607,40946,184,60864,California
Humboldt,2021-04-28,1554,99544,802,47843,707,47522,45,4179,407,19226,1144,42090,452,61316,California
Humboldt,2021-04-29,1743,101287,595,48438,1110,48632,38,4217,293,18112,1445,43535,331,61647,California
Humboldt,2021-04-30,1255,102542,399,48837,822,49454,34,4251,195,17285,1054,44589,227,61874,California
Humboldt,2021-05-01,467,103009,385,49222,60,49514,22,4273,289,17419,177,44766,311,62185,California
Humboldt,2021-05-02,232,103241,185,49407,38,49552,9,4282,116,17430,115,44881,126,62311,California
Humboldt,2021-05-03,619,103860,376,49783,219,49771,24,4306,104,17045,513,45394,128,62439,California
Humboldt,2021-05-04,834,104694,489,50272,299,50070,46,4352,257,16773,574,45968,302,62741,California
Humboldt,2021-05-05,1718,106412,1101,51373,559,50629,58,4410,179,15477,1531,47499,235,62976,California
Humboldt,2021-05-06,1692,108104,1075,52448,365,50994,252,4662,138,14316,1551,49050,390,63366,California
Humboldt,2021-05-07,1424,109528,303,52751,1061,52055,60,4722,236,13425,1185,50235,294,63660,California
Humboldt,2021-05-08,743,110271,147,52898,573,52628,23,4745,90,12887,651,50886,113,63773,California
Humboldt,2021-05-09,907,111178,855,53753,42,52670,10,4755,47,12084,860,51746,57,63830,California
Humboldt,2021-05-10,217,111395,36,53789,142,52812,39,4794,82,12070,135,51881,121,63951,California
Humboldt,2021-05-11,500,111895,148,53937,279,53091,73,4867,187,12017,313,52194,260,64211,California
Humboldt,2021-05-12,622,112517,142,54079,434,53525,46,4913,230,11901,391,52585,275,64486,California
Humboldt,2021-05-13,628,113145,302,54381,299,53824,27,4940,289,11880,337,52922,316,64802,California
Humboldt,2021-05-14,712,113857,142,54523,466,54290,104,5044,233,11740,476,53398,336,65138,California
Humboldt,2021-05-15,784,114641,643,55166,133,54423,8,5052,211,11387,572,53970,219,65357,California
Humboldt,2021-05-16,122,114763,54,55220,64,54487,4,5056,68,11405,54,54024,72,65429,California
Humboldt,2021-05-17,409,115172,215,55435,171,54658,23,5079,230,11479,177,54201,251,65680,California
Humboldt,2021-05-18,665,115837,327,55762,309,54967,29,5108,366,11576,298,54499,395,66075,California
Humboldt,2021-05-19,994,116831,550,56312,401,55368,43,5151,359,11345,631,55130,400,66475,California
Humboldt,2021-05-20,818,117649,605,56917,200,55568,13,5164,594,11732,221,55351,608,67083,California
Humboldt,2021-05-21,877,118526,291,57208,525,56093,61,5225,372,11660,505,55856,433,67516,California
Humboldt,2021-05-22,413,118939,319,57527,86,56179,8,5233,147,11551,264,56120,155,67671,California
Humboldt,2021-05-23,390,119329,322,57849,65,56244,3,5236,73,11310,317,56437,76,67747,California
Humboldt,2021-05-24,332,119661,172,58021,131,56375,29,5265,186,11380,145,56582,215,67962,California
Humboldt,2021-05-25,532,120193,339,58360,169,56544,24,5289,291,11457,238,56820,315,68277,California
Humboldt,2021-05-26,647,120840,310,58670,313,56857,24,5313,312,11460,334,57154,337,68614,California
Humboldt,2021-05-27,466,121306,247,58917,182,57039,37,5350,281,11593,185,57339,318,68932,California
Humboldt,2021-05-28,410,121716,193,59110,170,57209,47,5397,179,11589,230,57569,226,69158,California
Humboldt,2021-05-29,172,121888,103,59213,66,57275,3,5400,98,11616,74,57643,101,69259,California
Humboldt,2021-05-30,104,121992,45,59258,54,57329,5,5405,49,11616,54,57697,54,69313,California
Humboldt,2021-05-31,72,122064,26,59284,40,57369,6,5411,48,11646,23,57720,53,69366,California
Humboldt,2021-06-01,459,122523,266,59550,178,57547,15,5426,197,11598,262,57982,214,69580,California
Humboldt,2021-06-02,532,123055,250,59800,228,57775,54,5480,237,11602,289,58271,293,69873,California
Humboldt,2021-06-03,391,123446,226,60026,143,57918,22,5502,86,11433,277,58548,108,69981,California
Humboldt,2021-06-04,506,123952,316,60342,166,58084,24,5526,133,11261,328,58876,156,70137,California
Humboldt,2021-06-05,408,124360,313,60655,50,58134,45,5571,205,11363,148,59024,250,70387,California
Humboldt,2021-06-06,169,124529,117,60772,43,58177,9,5580,69,11346,95,59119,78,70465,California
Humboldt,2021-06-07,354,124883,216,60988,114,58291,24,5604,112,11240,242,59361,136,70601,California
Humboldt,2021-06-08,522,125405,303,61291,190,58481,29,5633,153,11054,367,59728,181,70782,California
Humboldt,2021-06-09,397,125802,203,61494,147,58628,47,5680,123,10952,272,60000,170,70952,California
Humboldt,2021-06-10,563,126365,445,61939,91,58719,27,5707,96,10610,463,60463,121,71073,California
Humboldt,2021-06-11,438,126803,246,62185,164,58883,28,5735,100,10402,337,60800,129,71202,California
Humboldt,2021-06-12,176,126979,130,62315,46,58929,0,5735,48,10323,127,60927,48,71250,California
Humboldt,2021-06-13,214,127193,146,62461,43,58972,25,5760,92,10319,120,61047,116,71366,California
Humboldt,2021-06-14,419,127612,254,62715,138,59110,27,5787,117,10162,301,61348,144,71510,California
Humboldt,2021-06-15,545,128157,370,63085,147,59257,28,5815,154,9958,385,61733,181,71691,California
Humboldt,2021-06-16,483,128640,322,63407,114,59371,47,5862,140,9811,334,62067,187,71878,California
Humboldt,2021-06-17,396,129036,259,63666,91,59462,46,5908,98,9657,298,62365,144,72022,California
Humboldt,2021-06-18,398,129434,227,63893,142,59604,29,5937,128,9549,264,62629,156,72178,California
Humboldt,2021-06-19,202,129636,136,64029,45,59649,21,5958,87,9542,114,62743,107,72285,California
Humboldt,2021-06-20,80,129716,36,64065,30,59679,14,5972,33,9544,45,62788,47,72332,California
Humboldt,2021-06-21,152,129868,71,64136,54,59733,27,5999,54,9528,98,62886,82,72414,California
Humboldt,2021-06-22,348,130216,219,64355,110,59843,19,6018,144,9488,203,63089,163,72577,California
Humboldt,2021-06-23,346,130562,248,64603,71,59914,27,6045,105,9384,234,63323,130,72707,California
Humboldt,2021-06-24,83,130645,41,64644,16,59930,26,6071,36,9399,47,63370,62,72769,California
Imperial,2020-12-16,1,1,1,1,0,0,0,0,1,1,0,0,1,1,California
Imperial,2020-12-17,4,5,4,5,0,0,0,0,4,5,0,0,4,5,California
Imperial,2020-12-18,12,17,12,17,0,0,0,0,12,17,0,0,12,17,California
Imperial,2020-12-20,3,20,3,20,0,0,0,0,3,20,0,0,3,20,California
Imperial,2020-12-21,185,205,185,205,0,0,0,0,185,205,0,0,185,205,California
Imperial,2020-12-22,240,445,238,443,2,2,0,0,240,445,0,0,240,445,California
Imperial,2020-12-23,212,657,211,654,1,3,0,0,211,656,0,0,211,656,California
Imperial,2020-12-24,7,664,7,661,0,3,0,0,7,663,0,0,7,663,California
Imperial,2020-12-26,3,667,1,662,2,5,0,0,3,666,0,0,3,666,California
Imperial,2020-12-27,62,729,0,662,62,67,0,0,62,728,0,0,62,728,California
Imperial,2020-12-28,216,945,115,777,101,168,0,0,216,944,0,0,216,944,California
Imperial,2020-12-29,191,1136,37,814,154,322,0,0,191,1135,0,0,191,1135,California
Imperial,2020-12-30,367,1503,51,865,316,638,0,0,367,1502,0,0,367,1502,California
Imperial,2020-12-31,199,1702,28,893,171,809,0,0,199,1701,0,0,199,1701,California
Imperial,2021-01-01,47,1749,5,898,42,851,0,0,47,1748,0,0,47,1748,California
Imperial,2021-01-02,5,1754,0,898,5,856,0,0,5,1753,0,0,5,1753,California
Imperial,2021-01-03,90,1844,0,898,90,946,0,0,90,1843,0,0,90,1843,California
Imperial,2021-01-04,87,1931,7,905,80,1026,0,0,87,1930,0,0,87,1930,California
Imperial,2021-01-05,173,2104,14,919,159,1185,0,0,173,2103,0,0,173,2103,California
Imperial,2021-01-06,192,2296,26,945,166,1351,0,0,191,2293,1,1,191,2294,California
Imperial,2021-01-07,330,2626,12,957,318,1669,0,0,325,2613,5,6,325,2619,California
Imperial,2021-01-08,194,2820,51,1008,143,1812,0,0,185,2789,9,15,185,2804,California
Imperial,2021-01-09,24,2844,21,1029,3,1815,0,0,24,2813,0,15,24,2828,California
Imperial,2021-01-10,4,2848,1,1030,3,1818,0,0,3,2815,1,16,3,2831,California
Imperial,2021-01-11,403,3251,243,1273,160,1978,0,0,176,2764,227,243,176,3007,California
Imperial,2021-01-12,412,3663,304,1577,108,2086,0,0,150,2653,261,504,150,3157,California
Imperial,2021-01-13,386,4049,135,1712,251,2337,0,0,284,2835,102,606,284,3441,California
Imperial,2021-01-14,268,4317,151,1863,117,2454,0,0,262,3092,5,611,262,3703,California
Imperial,2021-01-15,247,4564,182,2045,65,2519,0,0,239,3323,8,619,239,3942,California
Imperial,2021-01-16,94,4658,74,2119,20,2539,0,0,93,3415,1,620,93,4035,California
Imperial,2021-01-17,18,4676,5,2124,13,2552,0,0,17,3431,1,621,17,4052,California
Imperial,2021-01-18,1070,5746,398,2522,672,3224,0,0,972,4306,98,719,973,5025,California
Imperial,2021-01-19,171,5917,128,2650,43,3267,0,0,124,4383,47,766,124,5149,California
Imperial,2021-01-20,300,6217,198,2848,102,3369,0,0,261,4605,39,805,261,5410,California
Imperial,2021-01-21,436,6653,185,3033,251,3620,0,0,414,4997,22,827,414,5824,California
Imperial,2021-01-22,476,7129,188,3221,288,3908,0,0,467,5455,9,836,467,6291,California
Imperial,2021-01-23,1064,8193,292,3513,772,4680,0,0,1062,6515,2,838,1062,7353,California
Imperial,2021-01-24,24,8217,2,3515,22,4702,0,0,24,6539,0,838,24,7377,California
Imperial,2021-01-25,224,8441,10,3525,214,4916,0,0,41,6399,181,1019,41,7418,California
Imperial,2021-01-26,377,8818,181,3706,196,5112,0,0,232,6488,144,1163,233,7651,California
Imperial,2021-01-27,588,9406,163,3869,425,5537,0,0,254,6408,334,1497,254,7905,California
Imperial,2021-01-28,654,10060,165,4034,489,6026,0,0,544,6842,110,1607,544,8449,California
Imperial,2021-01-29,446,10506,298,4332,148,6174,0,0,397,7190,49,1656,397,8846,California
Imperial,2021-01-30,83,10589,40,4372,43,6217,0,0,66,7239,17,1673,66,8912,California
Imperial,2021-01-31,27,10616,4,4376,23,6240,0,0,26,7264,1,1674,26,8938,California
Imperial,2021-02-01,464,11080,67,4443,397,6637,0,0,251,7304,211,1885,251,9189,California
Imperial,2021-02-02,745,11825,63,4506,682,7319,0,0,563,7685,182,2067,563,9752,California
Imperial,2021-02-03,493,12318,52,4558,441,7760,0,0,296,7785,196,2263,296,10048,California
Imperial,2021-02-04,1778,14096,1220,5778,558,8318,0,0,1460,8928,317,2580,1460,11508,California
Imperial,2021-02-05,455,14551,254,6032,201,8519,0,0,218,8910,238,2818,220,11728,California
Imperial,2021-02-06,889,15440,848,6880,41,8560,0,0,854,9727,37,2855,854,12582,California
Imperial,2021-02-07,49,15489,17,6897,32,8592,0,0,45,9768,4,2859,45,12627,California
Imperial,2021-02-08,275,15764,46,6943,229,8821,0,0,207,9907,68,2927,207,12834,California
Imperial,2021-02-09,490,16254,153,7096,337,9158,0,0,323,10066,167,3094,326,13160,California
Imperial,2021-02-10,479,16733,59,7155,420,9578,0,0,111,9812,368,3462,114,13274,California
Imperial,2021-02-11,1083,17816,387,7542,696,10274,0,0,180,9097,898,4360,183,13457,California
Imperial,2021-02-12,2177,19993,1435,8977,742,11016,0,0,1821,10565,359,4719,1827,15284,California
Imperial,2021-02-13,81,20074,28,9005,53,11069,0,0,63,10609,21,4740,65,15349,California
Imperial,2021-02-14,49,20123,34,9039,15,11084,0,0,46,10652,3,4743,46,15395,California
Imperial,2021-02-15,145,20268,37,9076,108,11192,0,0,127,10764,18,4761,130,15525,California
Imperial,2021-02-16,520,20788,264,9340,256,11448,0,0,302,10852,218,4979,306,15831,California
Imperial,2021-02-17,460,21248,303,9643,157,11605,0,0,104,10605,356,5335,109,15940,California
Imperial,2021-02-18,673,21921,326,9969,347,11952,0,0,156,10255,516,5851,166,16106,California
Imperial,2021-02-19,792,22713,401,10370,391,12343,0,0,208,9882,583,6434,210,16316,California
Imperial,2021-02-20,1061,23774,208,10578,853,13196,0,0,336,9505,723,7157,346,16662,California
Imperial,2021-02-21,601,24375,569,11147,32,13228,0,0,592,10092,8,7165,595,17257,California
Imperial,2021-02-22,826,25201,583,11730,243,13471,0,0,767,10805,59,7224,772,18029,California
Imperial,2021-02-23,1027,26228,434,12164,593,14064,0,0,945,11682,81,7305,958,18987,California
Imperial,2021-02-24,752,26980,316,12480,436,14500,0,0,636,12217,115,7420,650,19637,California
Imperial,2021-02-25,902,27882,369,12849,533,15033,0,0,504,12347,397,7817,527,20164,California
Imperial,2021-02-26,2342,30224,1381,14230,961,15994,0,0,1830,13688,511,8328,1852,22016,California
Imperial,2021-02-27,993,31217,905,15135,88,16082,0,0,236,13186,758,9086,256,22272,California
Imperial,2021-02-28,94,31311,75,15210,19,16101,0,0,74,13251,20,9106,85,22357,California
Imperial,2021-03-01,557,31868,331,15541,223,16324,3,3,473,13657,81,9187,487,22844,California
Imperial,2021-03-02,749,32617,272,15813,476,16800,1,4,410,13744,337,9524,424,23268,California
Imperial,2021-03-03,973,33590,67,15880,905,17705,1,5,578,13960,391,9915,607,23875,California
Imperial,2021-03-04,810,34400,122,16002,687,18392,1,6,519,14240,289,10204,569,24444,California
Imperial,2021-03-05,3140,37540,2240,18242,900,19292,0,6,1755,14639,1388,11592,1787,26231,California
Imperial,2021-03-06,742,38282,253,18495,489,19781,0,6,675,15275,64,11656,700,26931,California
Imperial,2021-03-07,125,38407,70,18565,55,19836,0,6,73,15322,51,11707,98,27029,California
Imperial,2021-03-08,470,38877,359,18924,76,19912,35,41,378,15677,92,11799,447,27476,California
Imperial,2021-03-09,713,39590,322,19246,143,20055,248,289,415,16044,298,12097,665,28141,California
Imperial,2021-03-10,722,40312,332,19578,284,20339,106,395,336,16114,385,12482,455,28596,California
Imperial,2021-03-11,1833,42145,494,20072,1148,21487,191,586,1207,16912,622,13104,1420,30016,California
Imperial,2021-03-12,4887,47032,3467,23539,1211,22698,209,795,3128,18518,1753,14857,3359,33375,California
Imperial,2021-03-13,1218,48250,100,23639,884,23582,234,1029,881,19324,334,15191,1140,34515,California
Imperial,2021-03-14,203,48453,48,23687,141,23723,14,1043,145,19441,58,15249,175,34690,California
Imperial,2021-03-15,715,49168,239,23926,218,23941,258,1301,391,19787,322,15571,668,35358,California
Imperial,2021-03-16,1155,50323,307,24233,379,24320,469,1770,558,20249,595,16166,1057,36415,California
Imperial,2021-03-17,1636,51959,705,24938,792,25112,139,1909,1030,20828,599,16765,1178,37593,California
Imperial,2021-03-18,1839,53798,1215,26153,564,25676,60,1969,1276,21611,559,17324,1342,38935,California
Imperial,2021-03-19,3828,57626,2794,28947,1031,26707,3,1972,1933,21663,1887,19211,1939,40874,California
Imperial,2021-03-20,1791,59417,559,29506,1225,27932,7,1979,1333,22557,452,19663,1346,42220,California
Imperial,2021-03-21,272,59689,84,29590,183,28115,5,1984,165,22628,107,19770,178,42398,California
Imperial,2021-03-22,1072,60761,360,29950,705,28820,7,1991,625,22821,445,20215,638,43036,California
Imperial,2021-03-23,1501,62262,512,30462,983,29803,6,1997,929,23193,568,20783,940,43976,California
Imperial,2021-03-24,2156,64418,582,31044,1148,30951,426,2423,1160,23789,993,21776,1589,45565,California
Imperial,2021-03-25,3223,67641,714,31758,889,31840,1620,4043,1200,24584,2017,23793,2812,48377,California
Imperial,2021-03-26,3206,70847,1190,32948,1038,32878,978,5021,911,24195,2283,26076,1894,50271,California
Imperial,2021-03-27,633,71480,285,33233,291,33169,57,5078,446,24516,184,26260,505,50776,California
Imperial,2021-03-28,220,71700,57,33290,161,33330,2,5080,177,24655,41,26301,180,50956,California
Imperial,2021-03-29,1493,73193,364,33654,404,33734,725,5805,328,24548,1162,27463,1055,52011,California
Imperial,2021-03-30,2107,75300,694,34348,597,34331,816,6621,687,24630,1418,28881,1500,53511,California
Imperial,2021-03-31,1546,76846,728,35076,812,35143,6,6627,1022,25136,521,29402,1027,54538,California
Imperial,2021-04-01,2072,78918,431,35507,1396,36539,245,6872,879,25073,1187,30589,1124,55662,California
Imperial,2021-04-02,1973,80891,484,35991,1412,37951,77,6949,1339,25862,628,31217,1417,57079,California
Imperial,2021-04-03,1530,82421,433,36424,1017,38968,80,7029,705,25827,822,32039,787,57866,California
Imperial,2021-04-04,88,82509,44,36468,27,38995,17,7046,24,25805,64,32103,42,57908,California
Imperial,2021-04-05,3410,85919,2320,38788,925,39920,165,7211,808,24193,2592,34695,980,58888,California
Imperial,2021-04-06,1327,87246,537,39325,600,40520,190,7401,688,24440,634,35329,881,59769,California
Imperial,2021-04-07,2171,89417,560,39885,1235,41755,376,7777,1561,25761,614,35943,1935,61704,California
Imperial,2021-04-08,2226,91643,1087,40972,841,42596,298,8075,1074,25984,1147,37090,1370,63074,California
Imperial,2021-04-09,3228,94871,1670,42642,938,43534,620,8695,1520,26421,1700,38790,2137,65211,California
Imperial,2021-04-10,1313,96184,190,42832,849,44383,274,8969,229,25842,1081,39871,502,65713,California
Imperial,2021-04-11,225,96409,36,42868,157,44540,32,9001,78,25808,147,40018,113,65826,California
Imperial,2021-04-12,1455,97864,778,43646,456,44996,221,9222,825,26231,624,40642,1047,66873,California
Imperial,2021-04-13,2944,100808,1903,45549,1039,46035,2,9224,2048,27392,892,41534,2053,68926,California
Imperial,2021-04-14,2047,102855,954,46503,1093,47128,0,9224,1401,28158,640,42174,1406,70332,California
Imperial,2021-04-15,2009,104864,924,47427,1085,48213,0,9224,1371,28902,633,42807,1377,71709,California
Imperial,2021-04-16,3455,108319,1799,49226,1656,49869,0,9224,2160,29784,1281,44088,2163,73872,California
Imperial,2021-04-17,1829,110148,939,50165,888,50757,2,9226,1420,30803,404,44492,1423,75295,California
Imperial,2021-04-18,266,110414,78,50243,188,50945,0,9226,93,30728,171,44663,96,75391,California
Imperial,2021-04-19,851,111265,270,50513,581,51526,0,9226,473,30831,375,45038,478,75869,California
Imperial,2021-04-20,1338,112603,542,51055,796,52322,0,9226,752,31001,585,45623,755,76624,California
Imperial,2021-04-21,1399,114002,342,51397,1056,53378,1,9227,816,31241,576,46199,816,77440,California
Imperial,2021-04-22,2361,116363,815,52212,1546,54924,0,9227,1645,32188,700,46899,1647,79087,California
Imperial,2021-04-23,2815,119178,534,52746,2281,57205,0,9227,1088,31584,1696,48595,1092,80179,California
Imperial,2021-04-24,549,119727,324,53070,225,57430,0,9227,198,31434,348,48943,198,80377,California
Imperial,2021-04-25,272,119999,102,53172,170,57600,0,9227,140,31444,130,49073,140,80517,California
Imperial,2021-04-26,1233,121232,484,53656,745,58345,4,9231,709,31639,518,49591,713,81230,California
Imperial,2021-04-27,1124,122356,371,54027,744,59089,9,9240,557,31645,561,50152,567,81797,California
Imperial,2021-04-28,1496,123852,650,54677,817,59906,29,9269,679,31541,812,50964,708,82505,California
Imperial,2021-04-29,1840,125692,863,55540,931,60837,46,9315,818,31395,1011,51975,865,83370,California
Imperial,2021-04-30,3279,128971,1686,57226,1559,62396,34,9349,1578,31319,1688,53663,1612,84982,California
Imperial,2021-05-01,327,129298,126,57352,198,62594,3,9352,163,31324,163,53826,168,85150,California
Imperial,2021-05-02,88,129386,29,57381,57,62651,2,9354,51,31341,37,53863,54,85204,California
Imperial,2021-05-03,1645,131031,545,57926,1051,63702,49,9403,372,30501,1260,55123,420,85624,California
Imperial,2021-05-04,1759,132790,962,58888,770,64472,27,9430,541,29859,1210,56333,568,86192,California
Imperial,2021-05-05,1510,134300,901,59789,589,65061,20,9450,444,29270,1054,57387,465,86657,California
Imperial,2021-05-06,1716,136016,1138,60927,536,65597,42,9492,541,28686,1169,58556,585,87242,California
Imperial,2021-05-07,2584,138600,1445,62372,1094,66691,45,9537,858,27886,1706,60262,906,88148,California
Imperial,2021-05-08,789,139389,644,63016,136,66827,9,9546,188,27491,594,60856,199,88347,California
Imperial,2021-05-09,101,139490,69,63085,31,66858,1,9547,31,27456,67,60923,32,88379,California
Imperial,2021-05-10,1168,140658,301,63386,743,67601,124,9671,348,27114,812,61735,470,88849,California
Imperial,2021-05-11,1478,142136,476,63862,983,68584,19,9690,498,26664,972,62707,522,89371,California
Imperial,2021-05-12,860,142996,274,64136,547,69131,39,9729,307,26461,548,63255,345,89716,California
Imperial,2021-05-13,1865,144861,1248,65384,545,69676,72,9801,820,26317,1035,64290,891,90607,California
Imperial,2021-05-14,1763,146624,972,66356,732,70408,59,9860,1162,26949,589,64879,1221,91828,California
Imperial,2021-05-15,1234,147858,479,66835,733,71141,22,9882,472,26688,756,65635,495,92323,California
Imperial,2021-05-16,127,147985,86,66921,37,71178,4,9886,53,26672,73,65708,57,92380,California
Imperial,2021-05-17,1979,149964,723,67644,1205,72383,51,9937,690,26131,1282,66990,741,93121,California
Imperial,2021-05-18,1715,151679,893,68537,748,73131,74,10011,942,26381,767,67757,1017,94138,California
Imperial,2021-05-19,1302,152981,620,69157,613,73744,69,10080,613,26381,681,68438,681,94819,California
Imperial,2021-05-20,1629,154610,1012,70169,551,74295,66,10146,731,26292,886,69324,797,95616,California
Imperial,2021-05-21,1919,156529,1232,71401,624,74919,63,10209,967,26382,940,70264,1030,96646,California
Imperial,2021-05-22,295,156824,191,71592,86,75005,18,10227,151,26413,138,70402,169,96815,California
Imperial,2021-05-23,92,156916,34,71626,49,75054,9,10236,32,26396,58,70460,41,96856,California
Imperial,2021-05-24,1276,158192,624,72250,594,75648,58,10294,528,26240,741,71201,585,97441,California
Imperial,2021-05-25,1482,159674,482,72732,966,76614,34,10328,546,25895,926,72127,581,98022,California
Imperial,2021-05-26,1054,160728,551,73283,453,77067,50,10378,465,25825,586,72713,516,98538,California
Imperial,2021-05-27,1322,162050,730,74013,522,77589,70,10448,652,25882,665,73378,722,99260,California
Imperial,2021-05-28,1025,163075,591,74604,362,77951,72,10520,381,25702,634,74012,454,99714,California
Imperial,2021-05-29,223,163298,123,74727,94,78045,6,10526,112,25709,111,74123,118,99832,California
Imperial,2021-05-30,97,163395,29,74756,66,78111,2,10528,66,25746,31,74154,68,99900,California
Imperial,2021-05-31,79,163474,20,74776,53,78164,6,10534,36,25745,43,74197,42,99942,California
Imperial,2021-06-01,1181,164655,548,75324,568,78732,65,10599,468,25573,706,74903,534,100476,California
Imperial,2021-06-02,1085,165740,597,75921,397,79129,91,10690,549,25685,527,75430,639,101115,California
Imperial,2021-06-03,1244,166984,733,76654,416,79545,95,10785,588,25719,649,76079,683,101798,California
Imperial,2021-06-04,2205,169189,1588,78242,515,80060,102,10887,969,25564,1225,77304,1070,102868,California
Imperial,2021-06-05,364,169553,232,78474,117,80177,15,10902,176,25571,184,77488,191,103059,California
Imperial,2021-06-06,79,169632,46,78520,21,80198,12,10914,44,25592,35,77523,56,103115,California
Imperial,2021-06-07,1002,170634,653,79173,284,80482,65,10979,491,25640,508,78031,556,103671,California
Imperial,2021-06-08,1333,171967,1011,80184,266,80748,56,11035,540,25447,789,78820,596,104267,California
Imperial,2021-06-09,1054,173021,766,80950,231,80979,57,11092,488,25433,559,79379,545,104812,California
Imperial,2021-06-10,1124,174145,770,81720,310,81289,44,11136,439,25234,681,80060,482,105294,California
Imperial,2021-06-11,1617,175762,1179,82899,395,81684,43,11179,709,25090,896,80956,752,106046,California
Imperial,2021-06-12,238,176000,123,83022,104,81788,11,11190,99,25062,138,81094,110,106156,California
Imperial,2021-06-13,83,176083,21,83043,60,81848,2,11192,52,25087,30,81124,55,106211,California
Imperial,2021-06-14,864,176947,610,83653,212,82060,42,11234,372,25013,488,81612,414,106625,California
Imperial,2021-06-15,997,177944,733,84386,235,82295,29,11263,448,24948,543,82155,478,107103,California
Imperial,2021-06-16,909,178853,616,85002,248,82543,45,11308,449,24987,456,82611,495,107598,California
Imperial,2021-06-17,1017,179870,750,85752,226,82769,41,11349,453,24920,559,83170,492,108090,California
Imperial,2021-06-18,1054,180924,754,86506,246,83015,54,11403,656,25242,388,83558,710,108800,California
Imperial,2021-06-19,270,181194,187,86693,78,83093,5,11408,144,25266,125,83683,149,108949,California
Imperial,2021-06-20,63,181257,30,86723,29,83122,4,11412,24,25255,39,83722,28,108977,California
Imperial,2021-06-21,651,181908,387,87110,226,83348,38,11450,395,25440,250,83972,435,109412,California
Imperial,2021-06-22,1067,182975,755,87865,269,83617,43,11493,591,25607,468,84440,635,110047,California
Imperial,2021-06-23,1005,183980,698,88563,256,83873,51,11544,544,25749,452,84892,594,110641,California
Imperial,2021-06-24,594,184574,428,88991,129,84002,37,11581,264,25722,328,85220,301,110942,California
Inyo,2020-12-19,85,85,85,85,0,0,0,0,85,85,0,0,85,85,California
Inyo,2020-12-20,58,143,58,143,0,0,0,0,58,143,0,0,58,143,California
Inyo,2020-12-21,88,231,85,228,3,3,0,0,88,231,0,0,88,231,California
Inyo,2020-12-22,105,336,105,333,0,3,0,0,105,336,0,0,105,336,California
Inyo,2020-12-23,70,406,67,400,3,6,0,0,70,406,0,0,70,406,California
Inyo,2020-12-24,15,421,15,415,0,6,0,0,15,421,0,0,15,421,California
Inyo,2020-12-25,1,422,0,415,1,7,0,0,1,422,0,0,1,422,California
Inyo,2020-12-26,74,496,74,489,0,7,0,0,74,496,0,0,74,496,California
Inyo,2020-12-28,49,545,37,526,12,19,0,0,49,545,0,0,49,545,California
Inyo,2020-12-29,19,564,19,545,0,19,0,0,19,564,0,0,19,564,California
Inyo,2020-12-30,56,620,54,599,2,21,0,0,56,620,0,0,56,620,California
Inyo,2020-12-31,29,649,0,599,29,50,0,0,29,649,0,0,29,649,California
Inyo,2021-01-01,1,650,0,599,1,51,0,0,1,650,0,0,1,650,California
Inyo,2021-01-03,1,651,0,599,1,52,0,0,1,651,0,0,1,651,California
Inyo,2021-01-04,3,654,1,600,2,54,0,0,3,654,0,0,3,654,California
Inyo,2021-01-05,34,688,0,600,34,88,0,0,34,688,0,0,34,688,California
Inyo,2021-01-06,68,756,0,600,68,156,0,0,68,756,0,0,68,756,California
Inyo,2021-01-07,31,787,1,601,30,186,0,0,31,787,0,0,31,787,California
Inyo,2021-01-08,9,796,8,609,1,187,0,0,4,787,5,5,5,792,California
Inyo,2021-01-09,87,883,86,695,1,188,0,0,1,702,86,91,1,793,California
Inyo,2021-01-10,52,935,52,747,0,188,0,0,0,650,52,143,0,793,California
Inyo,2021-01-11,97,1032,82,829,15,203,0,0,16,585,81,224,16,809,California
Inyo,2021-01-12,138,1170,117,946,21,224,0,0,28,503,110,334,28,837,California
Inyo,2021-01-13,86,1256,68,1014,18,242,0,0,21,460,65,399,22,859,California
Inyo,2021-01-14,59,1315,13,1027,46,288,0,0,49,499,10,409,49,908,California
Inyo,2021-01-15,163,1478,28,1055,135,423,0,0,163,662,0,409,163,1071,California
Inyo,2021-01-16,74,1552,73,1128,1,424,0,0,1,590,73,482,1,1072,California
Inyo,2021-01-18,59,1611,37,1165,22,446,0,0,19,569,40,522,19,1091,California
Inyo,2021-01-19,115,1726,73,1238,42,488,0,0,98,650,17,539,98,1189,California
Inyo,2021-01-20,149,1875,72,1310,77,565,0,0,94,689,55,594,94,1283,California
Inyo,2021-01-21,120,1995,57,1367,63,628,0,0,119,807,1,595,119,1402,California
Inyo,2021-01-22,62,2057,0,1367,62,690,0,0,61,867,1,596,61,1463,California
Inyo,2021-01-23,52,2109,51,1418,1,691,0,0,52,919,0,596,52,1515,California
Inyo,2021-01-25,49,2158,6,1424,43,734,0,0,37,944,12,608,37,1552,California
Inyo,2021-01-26,135,2293,54,1478,81,815,0,0,129,1067,6,614,129,1681,California
Inyo,2021-01-27,24,2317,2,1480,22,837,0,0,23,1089,1,615,23,1704,California
Inyo,2021-01-28,92,2409,2,1482,90,927,0,0,63,1123,29,644,63,1767,California
Inyo,2021-01-29,25,2434,3,1485,22,949,0,0,23,1144,2,646,23,1790,California
Inyo,2021-01-30,11,2445,1,1486,10,959,0,0,11,1155,0,646,11,1801,California
Inyo,2021-01-31,32,2477,4,1490,28,987,0,0,4,1131,28,674,4,1805,California
Inyo,2021-02-01,11,2488,9,1499,2,989,0,0,1,1122,10,684,1,1806,California
Inyo,2021-02-02,130,2618,14,1513,116,1105,0,0,104,1200,26,710,104,1910,California
Inyo,2021-02-03,117,2735,0,1513,117,1222,0,0,74,1231,43,753,74,1984,California
Inyo,2021-02-04,151,2886,33,1546,118,1340,0,0,91,1263,60,813,92,2076,California
Inyo,2021-02-05,118,3004,62,1608,56,1396,0,0,116,1377,2,815,116,2192,California
Inyo,2021-02-06,4,3008,2,1610,2,1398,0,0,3,1379,1,816,3,2195,California
Inyo,2021-02-07,4,3012,2,1612,2,1400,0,0,4,1383,0,816,4,2199,California
Inyo,2021-02-08,117,3129,7,1619,110,1510,0,0,97,1460,20,836,97,2296,California
Inyo,2021-02-09,200,3329,52,1671,148,1658,0,0,128,1516,72,908,128,2424,California
Inyo,2021-02-10,141,3470,17,1688,124,1782,0,0,107,1589,34,942,107,2531,California
Inyo,2021-02-11,221,3691,57,1745,164,1946,0,0,126,1620,95,1037,126,2657,California
Inyo,2021-02-12,302,3993,52,1797,250,2196,0,0,168,1654,134,1171,168,2825,California
Inyo,2021-02-13,59,4052,54,1851,5,2201,0,0,8,1611,51,1222,8,2833,California
Inyo,2021-02-14,2,4054,0,1851,2,2203,0,0,2,1613,0,1222,2,2835,California
Inyo,2021-02-15,29,4083,9,1860,20,2223,0,0,5,1594,24,1246,5,2840,California
Inyo,2021-02-16,179,4262,50,1910,129,2352,0,0,92,1600,86,1332,92,2932,California
Inyo,2021-02-17,38,4300,4,1914,34,2386,0,0,8,1578,30,1362,8,2940,California
Inyo,2021-02-18,122,4422,6,1920,116,2502,0,0,79,1614,43,1405,79,3019,California
Inyo,2021-02-19,52,4474,4,1924,48,2550,0,0,9,1580,43,1448,9,3028,California
Inyo,2021-02-20,511,4985,506,2430,5,2555,0,0,508,2085,3,1451,508,3536,California
Inyo,2021-02-21,442,5427,442,2872,0,2555,0,0,442,2527,0,1451,442,3978,California
Inyo,2021-02-22,61,5488,19,2891,42,2597,0,0,27,2520,34,1485,27,4005,California
Inyo,2021-02-23,198,5686,19,2910,179,2776,0,0,94,2511,103,1588,94,4099,California
Inyo,2021-02-24,118,5804,0,2910,118,2894,0,0,57,2507,61,1649,57,4156,California
Inyo,2021-02-25,132,5936,5,2915,127,3021,0,0,62,2499,70,1719,62,4218,California
Inyo,2021-02-26,105,6041,61,2976,44,3065,0,0,20,2434,85,1804,20,4238,California
Inyo,2021-02-27,14,6055,3,2979,11,3076,0,0,2,2424,12,1816,2,4240,California
Inyo,2021-02-28,3,6058,1,2980,2,3078,0,0,2,2425,1,1817,2,4242,California
Inyo,2021-03-01,19,6077,2,2982,17,3095,0,0,17,2440,2,1819,17,4259,California
Inyo,2021-03-02,197,6274,1,2983,196,3291,0,0,112,2467,85,1904,112,4371,California
Inyo,2021-03-03,86,6360,3,2986,83,3374,0,0,42,2465,44,1948,42,4413,California
Inyo,2021-03-04,127,6487,3,2989,124,3498,0,0,45,2429,81,2029,45,4458,California
Inyo,2021-03-05,144,6631,57,3046,87,3585,0,0,40,2365,104,2133,40,4498,California
Inyo,2021-03-06,30,6661,1,3047,29,3614,0,0,29,2393,1,2134,29,4527,California
Inyo,2021-03-07,7,6668,4,3051,3,3617,0,0,5,2396,2,2136,5,4532,California
Inyo,2021-03-08,184,6852,5,3056,179,3796,0,0,91,2394,93,2229,91,4623,California
Inyo,2021-03-09,191,7043,3,3059,188,3984,0,0,74,2351,117,2346,74,4697,California
Inyo,2021-03-10,71,7114,8,3067,62,4046,1,1,30,2341,41,2387,31,4728,California
Inyo,2021-03-11,205,7319,1,3068,199,4245,5,6,74,2289,131,2518,79,4807,California
Inyo,2021-03-12,176,7495,4,3072,166,4411,6,12,77,2273,99,2617,83,4890,California
Inyo,2021-03-13,585,8080,550,3622,25,4436,10,22,71,1841,513,3130,81,4971,California
Inyo,2021-03-14,441,8521,440,4062,1,4437,0,22,5,1411,435,3565,5,4976,California
Inyo,2021-03-15,51,8572,15,4077,34,4471,2,24,30,1422,21,3586,32,5008,California
Inyo,2021-03-16,164,8736,4,4081,154,4625,6,30,64,1393,99,3685,70,5078,California
Inyo,2021-03-17,108,8844,3,4084,98,4723,7,37,92,1476,16,3701,99,5177,California
Inyo,2021-03-18,185,9029,16,4100,162,4885,7,44,104,1506,81,3782,111,5288,California
Inyo,2021-03-19,46,9075,4,4104,38,4923,4,48,36,1536,10,3792,40,5328,California
Inyo,2021-03-20,20,9095,1,4105,10,4933,9,57,1,1527,19,3811,10,5338,California
Inyo,2021-03-22,59,9154,3,4108,51,4984,5,62,39,1551,20,3831,44,5382,California
Inyo,2021-03-23,195,9349,4,4112,187,5171,4,66,105,1570,90,3921,109,5491,California
Inyo,2021-03-24,140,9489,3,4115,133,5304,4,70,86,1606,54,3975,90,5581,California
Inyo,2021-03-25,331,9820,110,4225,218,5522,3,73,265,1808,66,4041,268,5849,California
Inyo,2021-03-26,92,9912,3,4228,85,5607,4,77,71,1862,21,4062,75,5924,California
Inyo,2021-03-27,54,9966,46,4274,5,5612,3,80,48,1907,6,4068,51,5975,California
Inyo,2021-03-28,4,9970,1,4275,2,5614,1,81,1,1906,3,4071,2,5977,California
Inyo,2021-03-29,109,10079,2,4277,102,5716,5,86,82,1967,26,4097,87,6064,California
Inyo,2021-03-30,221,10300,2,4279,214,5930,5,91,109,1969,112,4209,114,6178,California
Inyo,2021-03-31,150,10450,4,4283,141,6071,5,96,108,2040,42,4251,113,6291,California
Inyo,2021-04-01,166,10616,3,4286,162,6233,1,97,117,2109,49,4300,118,6409,California
Inyo,2021-04-02,80,10696,1,4287,77,6310,2,99,50,2131,30,4330,52,6461,California
Inyo,2021-04-03,92,10788,46,4333,32,6342,14,113,4,2062,86,4416,17,6478,California
Inyo,2021-04-04,5,10793,4,4337,0,6342,1,114,1,2060,4,4420,2,6480,California
Inyo,2021-04-05,117,10910,1,4338,112,6454,4,118,29,2005,88,4508,33,6513,California
Inyo,2021-04-06,237,11147,5,4343,169,6623,63,181,105,2041,132,4640,168,6681,California
Inyo,2021-04-07,205,11352,2,4345,76,6699,127,308,48,2058,158,4798,175,6856,California
Inyo,2021-04-08,181,11533,15,4360,149,6848,17,325,81,2056,100,4898,98,6954,California
Inyo,2021-04-09,125,11658,7,4367,95,6943,23,348,37,2029,87,4985,60,7014,California
Inyo,2021-04-10,42,11700,1,4368,24,6967,17,365,3,2010,39,5024,20,7034,California
Inyo,2021-04-11,1,11701,0,4368,1,6968,0,365,1,2011,0,5024,1,7035,California
Inyo,2021-04-12,79,11780,0,4368,74,7042,5,370,41,2019,38,5062,46,7081,California
Inyo,2021-04-13,124,11904,5,4373,116,7158,3,373,64,2027,59,5121,67,7148,California
Inyo,2021-04-14,130,12034,2,4375,128,7286,0,373,45,1987,85,5206,45,7193,California
Inyo,2021-04-15,275,12309,117,4492,158,7444,0,373,79,1870,196,5402,79,7272,California
Inyo,2021-04-16,47,12356,5,4497,42,7486,0,373,19,1861,28,5430,19,7291,California
Inyo,2021-04-17,2,12358,1,4498,1,7487,0,373,1,1861,1,5431,1,7292,California
Inyo,2021-04-19,132,12490,45,4543,87,7574,0,373,45,1819,87,5518,45,7337,California
Inyo,2021-04-20,163,12653,2,4545,161,7735,0,373,79,1814,84,5602,79,7416,California
Inyo,2021-04-21,114,12767,5,4550,109,7844,0,373,33,1766,81,5683,33,7449,California
Inyo,2021-04-22,196,12963,1,4551,195,8039,0,373,51,1672,145,5828,51,7500,California
Inyo,2021-04-23,95,13058,4,4555,91,8130,0,373,22,1621,73,5901,22,7522,California
Inyo,2021-04-24,309,13367,308,4863,1,8131,0,373,305,1922,4,5905,305,7827,California
Inyo,2021-04-25,135,13502,134,4997,1,8132,0,373,135,2057,0,5905,135,7962,California
Inyo,2021-04-26,93,13595,2,4999,90,8222,1,374,11,1988,81,5986,12,7974,California
Inyo,2021-04-27,183,13778,6,5005,172,8394,5,379,47,1904,136,6122,52,8026,California
Inyo,2021-04-28,121,13899,2,5007,117,8511,2,381,20,1825,101,6223,22,8048,California
Inyo,2021-04-29,172,14071,56,5063,116,8627,0,381,77,1808,94,6317,77,8125,California
Inyo,2021-04-30,83,14154,5,5068,77,8704,1,382,23,1772,60,6377,24,8149,California
Inyo,2021-05-01,12,14166,3,5071,9,8713,0,382,10,1780,2,6379,10,8159,California
Inyo,2021-05-02,7,14173,3,5074,2,8715,2,384,4,1783,3,6382,6,8165,California
Inyo,2021-05-03,39,14212,1,5075,34,8749,4,388,6,1760,33,6415,10,8175,California
Inyo,2021-05-04,123,14335,2,5077,117,8866,4,392,19,1679,104,6519,23,8198,California
Inyo,2021-05-05,36,14371,0,5077,34,8900,2,394,11,1667,25,6544,13,8211,California
Inyo,2021-05-06,93,14464,4,5081,81,8981,8,402,13,1608,80,6624,21,8232,California
Inyo,2021-05-07,49,14513,4,5085,37,9018,8,410,24,1616,24,6648,32,8264,California
Inyo,2021-05-08,11,14524,2,5087,4,9022,5,415,4,1618,7,6655,9,8273,California
Inyo,2021-05-09,1,14525,0,5087,1,9023,0,415,0,1617,1,6656,0,8273,California
Inyo,2021-05-10,70,14595,1,5088,67,9090,2,417,32,1613,39,6695,35,8308,California
Inyo,2021-05-11,88,14683,1,5089,84,9174,3,420,20,1568,68,6763,23,8331,California
Inyo,2021-05-12,42,14725,1,5090,39,9213,2,422,10,1548,32,6795,12,8343,California
Inyo,2021-05-13,76,14801,1,5091,74,9287,1,423,13,1499,63,6858,14,8357,California
Inyo,2021-05-14,28,14829,5,5096,18,9305,5,428,14,1504,14,6872,19,8376,California
Inyo,2021-05-15,379,15208,366,5462,11,9316,2,430,85,1297,294,7166,87,8463,California
Inyo,2021-05-16,199,15407,199,5661,0,9316,0,430,72,1242,127,7293,72,8535,California
Inyo,2021-05-17,63,15470,3,5664,56,9372,4,434,18,1220,44,7337,22,8557,California
Inyo,2021-05-18,83,15553,2,5666,80,9452,1,435,17,1172,66,7403,18,8575,California
Inyo,2021-05-19,48,15601,2,5668,41,9493,5,440,14,1157,34,7437,19,8594,California
Inyo,2021-05-20,146,15747,83,5751,62,9555,1,441,37,1085,110,7547,38,8632,California
Inyo,2021-05-21,49,15796,18,5769,26,9581,5,446,19,1079,30,7577,24,8656,California
Inyo,2021-05-22,25,15821,15,5784,7,9588,3,449,18,1093,7,7584,21,8677,California
Inyo,2021-05-23,2,15823,1,5785,0,9588,1,450,0,1092,2,7586,1,8678,California
Inyo,2021-05-24,33,15856,6,5791,24,9612,3,453,13,1088,20,7606,16,8694,California
Inyo,2021-05-25,83,15939,39,5830,42,9654,2,455,48,1103,35,7641,50,8744,California
Inyo,2021-05-26,43,15982,16,5846,25,9679,2,457,20,1103,22,7663,22,8766,California
Inyo,2021-05-27,39,16021,10,5856,21,9700,8,465,12,1097,26,7689,20,8786,California
Inyo,2021-05-28,26,16047,6,5862,15,9715,5,470,8,1092,18,7707,13,8799,California
Inyo,2021-05-29,16,16063,5,5867,11,9726,0,470,7,1090,9,7716,7,8806,California
Inyo,2021-05-30,2,16065,0,5867,2,9728,0,470,0,1088,2,7718,0,8806,California
Inyo,2021-06-01,55,16120,16,5883,33,9761,6,476,23,1085,32,7750,29,8835,California
Inyo,2021-06-02,11,16131,9,5892,1,9762,1,477,10,1095,1,7751,11,8846,California
Inyo,2021-06-03,25,16156,0,5892,18,9780,7,484,1,1079,24,7775,8,8854,California
Inyo,2021-06-04,32,16188,6,5898,22,9802,4,488,12,1075,20,7795,16,8870,California
Inyo,2021-06-05,17,16205,8,5906,8,9810,1,489,4,1067,13,7808,5,8875,California
Inyo,2021-06-06,1,16206,1,5907,0,9810,0,489,1,1068,0,7808,1,8876,California
Inyo,2021-06-07,51,16257,15,5922,33,9843,3,492,5,1030,46,7854,8,8884,California
Inyo,2021-06-08,53,16310,25,5947,25,9868,3,495,26,1032,27,7881,29,8913,California
Inyo,2021-06-09,111,16421,95,6042,14,9882,2,497,14,951,97,7978,16,8929,California
Inyo,2021-06-10,53,16474,39,6081,9,9891,5,502,15,933,38,8016,20,8949,California
Inyo,2021-06-11,44,16518,23,6104,19,9910,2,504,17,925,27,8043,19,8968,California
Inyo,2021-06-12,14,16532,7,6111,6,9916,1,505,5,922,9,8052,6,8974,California
Inyo,2021-06-13,1,16533,0,6111,1,9917,0,505,0,921,1,8053,0,8974,California
Inyo,2021-06-14,60,16593,28,6139,29,9946,3,508,8,880,52,8105,11,8985,California
Inyo,2021-06-15,53,16646,40,6179,9,9955,4,512,10,851,43,8148,14,8999,California
Inyo,2021-06-16,34,16680,20,6199,14,9969,0,512,7,831,27,8175,7,9006,California
Inyo,2021-06-17,23,16703,13,6212,6,9975,4,516,5,823,17,8192,9,9015,California
Inyo,2021-06-18,14,16717,5,6217,6,9981,3,519,2,816,12,8204,5,9020,California
Inyo,2021-06-19,20,16737,6,6223,13,9994,1,520,7,811,13,8217,8,9028,California
Inyo,2021-06-21,29,16766,8,6231,18,10012,3,523,13,811,16,8233,16,9044,California
Inyo,2021-06-22,37,16803,31,6262,5,10017,1,524,19,813,18,8251,20,9064,California
Inyo,2021-06-23,11,16814,6,6268,5,10022,0,524,1,804,10,8261,1,9065,California
Inyo,2021-06-24,3,16817,0,6268,3,10025,0,524,1,803,2,8263,1,9066,California
Kern,2020-12-15,1,1,1,1,0,0,0,0,1,1,0,0,1,1,California
Kern,2020-12-16,19,20,19,20,0,0,0,0,19,20,0,0,19,20,California
Kern,2020-12-17,164,184,164,184,0,0,0,0,164,184,0,0,164,184,California
Kern,2020-12-18,325,509,325,509,0,0,0,0,325,509,0,0,325,509,California
Kern,2020-12-19,99,608,99,608,0,0,0,0,100,609,0,0,100,609,California
Kern,2020-12-20,62,670,62,670,0,0,0,0,62,671,0,0,62,671,California
Kern,2020-12-21,674,1344,673,1343,1,1,0,0,674,1345,0,0,674,1345,California
Kern,2020-12-22,533,1877,530,1873,3,4,0,0,533,1878,0,0,533,1878,California
Kern,2020-12-23,558,2435,420,2293,138,142,0,0,558,2436,0,0,558,2436,California
Kern,2020-12-24,123,2558,44,2337,79,221,0,0,123,2559,0,0,123,2559,California
Kern,2020-12-25,1,2559,1,2338,0,221,0,0,1,2560,0,0,1,2560,California
Kern,2020-12-26,34,2593,2,2340,32,253,0,0,34,2594,0,0,34,2594,California
Kern,2020-12-27,35,2628,3,2343,32,285,0,0,35,2629,0,0,35,2629,California
Kern,2020-12-28,832,3460,667,3010,165,450,0,0,832,3461,0,0,832,3461,California
Kern,2020-12-29,744,4204,451,3461,293,743,0,0,743,4203,1,1,743,4204,California
Kern,2020-12-30,1207,5411,914,4375,293,1036,0,0,1207,5410,0,1,1207,5411,California
Kern,2020-12-31,276,5687,99,4474,177,1213,0,0,276,5686,0,1,276,5687,California
Kern,2021-01-01,18,5705,9,4483,9,1222,0,0,18,5704,0,1,18,5705,California
Kern,2021-01-02,79,5784,18,4501,61,1283,0,0,79,5783,0,1,79,5784,California
Kern,2021-01-03,23,5807,4,4505,19,1302,0,0,23,5806,0,1,23,5807,California
Kern,2021-01-04,555,6362,361,4866,194,1496,0,0,555,6361,0,1,555,6362,California
Kern,2021-01-05,1135,7497,740,5606,395,1891,0,0,1123,7472,12,13,1123,7485,California
Kern,2021-01-06,1166,8663,450,6056,716,2607,0,0,1136,8578,30,43,1136,8621,California
Kern,2021-01-07,1414,10077,491,6547,923,3530,0,0,1244,9653,169,212,1244,9865,California
Kern,2021-01-08,1631,11708,771,7318,860,4390,0,0,1330,10682,302,514,1331,11196,California
Kern,2021-01-09,229,11937,79,7397,150,4540,0,0,193,10839,36,550,193,11389,California
Kern,2021-01-10,195,12132,149,7546,46,4586,0,0,154,10952,41,591,154,11543,California
Kern,2021-01-11,1562,13694,989,8535,573,5159,0,0,1003,11396,559,1150,1003,12546,California
Kern,2021-01-12,1879,15573,817,9352,1062,6221,0,0,1362,12241,517,1667,1362,13908,California
Kern,2021-01-13,1861,17434,877,10229,984,7205,0,0,1437,13254,424,2091,1437,15345,California
Kern,2021-01-14,2201,19635,652,10881,1549,8754,0,0,2155,15363,46,2137,2155,17500,California
Kern,2021-01-15,2728,22363,861,11742,1867,10621,0,0,2631,17900,95,2232,2632,20132,California
Kern,2021-01-16,675,23038,213,11955,462,11083,0,0,640,18505,35,2267,640,20772,California
Kern,2021-01-17,74,23112,7,11962,67,11150,0,0,72,18575,2,2269,72,20844,California
Kern,2021-01-18,1647,24759,658,12620,989,12139,0,0,1480,19888,167,2436,1480,22324,California
Kern,2021-01-19,1869,26628,1034,13654,835,12974,0,0,1401,20822,468,2904,1402,23726,California
Kern,2021-01-20,2629,29257,1685,15339,944,13918,0,0,1923,22046,701,3605,1925,25651,California
Kern,2021-01-21,2136,31393,873,16212,1263,15181,0,0,1939,23789,196,3801,1939,27590,California
Kern,2021-01-22,2732,34125,1310,17522,1422,16603,0,0,2451,25960,280,4081,2451,30041,California
Kern,2021-01-23,1252,35377,544,18066,708,17311,0,0,1205,27118,47,4128,1205,31246,California
Kern,2021-01-24,154,35531,12,18078,142,17453,0,0,148,27260,6,4134,148,31394,California
Kern,2021-01-25,2385,37916,1083,19161,1302,18755,0,0,1900,28677,484,4618,1901,33295,California
Kern,2021-01-26,2790,40706,1131,20292,1659,20414,0,0,1928,29744,861,5479,1928,35223,California
Kern,2021-01-27,3560,44266,1898,22190,1662,22076,0,0,2860,31907,697,6176,2860,38083,California
Kern,2021-01-28,2895,47161,1361,23551,1534,23610,0,0,2462,33944,428,6604,2465,40548,California
Kern,2021-01-29,3804,50965,1806,25357,1998,25608,0,0,3253,36649,548,7152,3253,43801,California
Kern,2021-01-30,1335,52300,500,25857,835,26443,0,0,1283,37882,50,7202,1283,45084,California
Kern,2021-01-31,403,52703,276,26133,127,26570,0,0,268,38015,135,7337,268,45352,California
Kern,2021-02-01,2590,55293,978,27111,1612,28182,0,0,1875,39179,712,8049,1876,47228,California
Kern,2021-02-02,2766,58059,803,27914,1963,30145,0,0,2060,40534,706,8755,2061,49289,California
Kern,2021-02-03,3692,61751,1557,29471,2135,32280,0,0,2715,42279,970,9725,2715,52004,California
Kern,2021-02-04,3817,65568,1453,30924,2364,34644,0,0,2592,43656,1215,10940,2592,54596,California
Kern,2021-02-05,4869,70437,1989,32913,2880,37524,0,0,3104,45014,1746,12686,3104,57700,California
Kern,2021-02-06,1741,72178,770,33683,971,38495,0,0,1512,46300,226,12912,1512,59212,California
Kern,2021-02-07,283,72461,150,33833,133,38628,0,0,265,46549,16,12928,265,59477,California
Kern,2021-02-08,2567,75028,788,34621,1779,40407,0,0,1258,46517,1291,14219,1259,60736,California
Kern,2021-02-09,3042,78070,982,35603,2060,42467,0,0,1464,46412,1569,15788,1464,62200,California
Kern,2021-02-10,3823,81893,1672,37275,2151,44618,0,0,1893,46392,1914,17702,1894,64094,California
Kern,2021-02-11,4293,86186,1542,38817,2751,47369,0,0,2234,46582,2046,19748,2236,66330,California
Kern,2021-02-12,4996,91182,1910,40727,3086,50455,0,0,2486,46572,2496,22244,2486,68816,California
Kern,2021-02-13,2014,93196,735,41462,1279,51734,0,0,1159,46878,853,23097,1159,69975,California
Kern,2021-02-14,353,93549,12,41474,341,52075,0,0,271,47068,81,23178,271,70246,California
Kern,2021-02-15,2758,96307,904,42378,1854,53929,0,0,1220,46758,1530,24708,1220,71466,California
Kern,2021-02-16,2958,99265,720,43098,2238,56167,0,0,1655,47120,1294,26002,1656,73122,California
Kern,2021-02-17,4084,103349,2082,45180,2002,58169,0,0,1928,46899,2150,28152,1929,75051,California
Kern,2021-02-18,3775,107124,1495,46675,2280,60449,0,0,1623,46381,2141,30293,1623,76674,California
Kern,2021-02-19,4202,111326,1917,48592,2285,62734,0,0,1740,45666,2455,32748,1740,78414,California
Kern,2021-02-20,2603,113929,972,49564,1631,64365,0,0,1359,45785,1240,33988,1359,79773,California
Kern,2021-02-21,272,114201,166,49730,106,64471,0,0,91,45698,179,34167,92,79865,California
Kern,2021-02-22,2676,116877,1156,50886,1520,65991,0,0,1436,45900,1234,35401,1436,81301,California
Kern,2021-02-23,3586,120463,1133,52019,2453,68444,0,0,1989,46295,1595,36996,1990,83291,California
Kern,2021-02-24,5215,125678,2291,54310,2924,71368,0,0,3104,47293,2106,39102,3104,86395,California
Kern,2021-02-25,5389,131067,2459,56769,2930,74298,0,0,3197,48317,2173,41275,3197,89592,California
Kern,2021-02-26,6936,138003,3541,60310,3395,77693,0,0,4369,50127,2561,43836,4371,93963,California
Kern,2021-02-27,3958,141961,1983,62293,1975,79668,0,0,2614,51406,1335,45171,2614,96577,California
Kern,2021-02-28,917,142878,503,62796,413,80081,1,1,696,51884,219,45390,697,97274,California
Kern,2021-03-01,4022,146900,1826,64622,2192,82273,4,5,2702,53280,1310,46700,2706,99980,California
Kern,2021-03-02,4495,151395,1417,66039,3074,85347,4,9,2961,54719,1523,48223,2962,102942,California
Kern,2021-03-03,6005,157400,2847,68886,3156,88503,2,11,3889,56508,2101,50324,3890,106832,California
Kern,2021-03-04,5704,163104,2282,71168,3417,91920,5,16,3699,58221,1989,52313,3702,110534,California
Kern,2021-03-05,6661,169765,2879,74047,3763,95683,19,35,4203,59995,2448,54761,4222,114756,California
Kern,2021-03-06,4761,174526,1931,75978,2722,98405,108,143,3482,62312,1272,56033,3589,118345,California
Kern,2021-03-07,2062,176588,1592,77570,413,98818,57,200,1861,64031,199,56232,1918,120263,California
Kern,2021-03-08,2911,179499,925,78495,1763,100581,223,423,1528,64400,1380,57612,1749,122012,California
Kern,2021-03-09,3748,183247,815,79310,2544,103125,389,812,2341,65727,1398,59010,2725,124737,California
Kern,2021-03-10,6166,189413,2571,81881,2519,105644,1076,1888,3609,67869,2541,61551,4683,129420,California
Kern,2021-03-11,6344,195757,2443,84324,2872,108516,1029,2917,3774,70107,2560,64111,4798,134218,California
Kern,2021-03-12,7863,203620,3083,87407,3425,111941,1355,4272,4326,72252,3524,67635,5669,139887,California
Kern,2021-03-13,4684,208304,2535,89942,1811,113752,338,4610,3257,74421,1420,69055,3589,143476,California
Kern,2021-03-14,2313,210617,1535,91477,535,114287,243,4853,1789,75926,524,69579,2029,145505,California
Kern,2021-03-15,4282,214899,1109,92586,2461,116748,712,5565,2202,76766,2067,71646,2907,148412,California
Kern,2021-03-16,4450,219349,1021,93607,2893,119641,536,6101,2425,77709,2012,73658,2955,151367,California
Kern,2021-03-17,7472,226821,4087,97694,2834,122475,551,6652,4494,79787,2966,76624,5044,156411,California
Kern,2021-03-18,7313,234134,3707,101401,3017,125492,589,7241,4433,81946,2859,79483,5018,161429,California
Kern,2021-03-19,9021,243155,5006,106407,3355,128847,660,7901,4735,83067,4267,83750,5388,166817,California
Kern,2021-03-20,6193,249348,3831,110238,2188,131035,174,8075,3922,84906,2258,86008,4097,170914,California
Kern,2021-03-21,3058,252406,1935,112173,239,131274,884,8959,1851,86440,1200,87208,2734,173648,California
Kern,2021-03-22,3995,256401,1569,113742,2069,133343,357,9316,1938,86695,2040,89248,2295,175943,California
Kern,2021-03-23,4755,261156,1680,115422,2874,136217,201,9517,2489,87144,2237,91485,2686,178629,California
Kern,2021-03-24,7197,268353,3681,119103,3039,139256,477,9994,3658,87756,3521,95006,4133,182762,California
Kern,2021-03-25,6799,275152,3011,122114,3455,142711,333,10327,3224,87753,3557,98563,3554,186316,California
Kern,2021-03-26,9889,285041,4425,126539,4206,146917,1258,11585,4730,88601,5138,103701,5986,192302,California
Kern,2021-03-27,5718,290759,3997,130536,1592,148509,129,11714,3451,89915,2265,105966,3579,195881,California
Kern,2021-03-28,4693,295452,4201,134737,478,148987,14,11728,2959,91156,1732,107698,2973,198854,California
Kern,2021-03-29,4266,299718,1684,136421,2304,151291,278,12006,2615,92408,1638,109336,2890,201744,California
Kern,2021-03-30,5613,305331,1878,138299,3348,154639,387,12393,3070,93322,2539,111875,3453,205197,California
Kern,2021-03-31,8431,313762,4554,142853,3229,157868,648,13041,4318,94190,4095,115970,4963,210160,California
Kern,2021-04-01,7922,321684,3883,146736,3736,161604,303,13344,4234,95064,3659,119629,4533,214693,California
Kern,2021-04-02,8464,330148,4461,151197,3393,164997,610,13954,4221,95661,4226,123855,4823,219516,California
Kern,2021-04-03,6004,336152,3672,154869,2148,167145,184,14138,2658,95163,3337,127192,2839,222355,California
Kern,2021-04-04,1341,337493,874,155743,382,167527,85,14223,477,94862,861,128053,560,222915,California
Kern,2021-04-05,5377,342870,2222,157965,2381,169908,774,14997,2901,96044,2464,130517,3646,226561,California
Kern,2021-04-06,7145,350015,2482,160447,3283,173191,1380,16377,3568,97436,3552,134069,4944,231505,California
Kern,2021-04-07,9396,359411,5481,165928,2950,176141,965,17342,4577,98177,4799,138868,5540,237045,California
Kern,2021-04-08,8680,368091,4809,170737,2957,179098,914,18256,3727,97880,4926,143794,4629,241674,California
Kern,2021-04-09,10295,378386,5152,175889,4149,183247,994,19250,4366,97334,5903,149697,5357,247031,California
Kern,2021-04-10,6604,384990,3466,179355,1889,185136,1249,20499,2142,96267,4452,154149,3385,250416,California
Kern,2021-04-11,3935,388925,2922,182277,369,185505,644,21143,1276,95536,2644,156793,1913,252329,California
Kern,2021-04-12,4427,393352,996,183273,2456,187961,975,22118,1589,95284,2814,159607,2562,254891,California
Kern,2021-04-13,4323,397675,1425,184698,2872,190833,26,22144,2130,95262,2177,161784,2155,257046,California
Kern,2021-04-14,6117,403792,3010,187708,3085,193918,22,22166,3017,95219,3081,164865,3038,260084,California
Kern,2021-04-15,5324,409116,2500,190208,2821,196739,3,22169,2530,94975,2777,167642,2533,262617,California
Kern,2021-04-16,7327,416443,3476,193684,3850,200589,1,22170,3002,93685,4296,171938,3006,265623,California
Kern,2021-04-17,6010,422453,3942,197626,2068,202657,0,22170,2154,92003,3838,175776,2156,267779,California
Kern,2021-04-18,3852,426305,3608,201234,244,202901,0,22170,954,90068,2889,178665,954,268733,California
Kern,2021-04-19,3858,430163,1742,202976,2114,205015,2,22172,1439,89110,2397,181062,1439,270172,California
Kern,2021-04-20,4421,434584,1609,204585,2810,207825,2,22174,1687,88086,2712,183774,1688,271860,California
Kern,2021-04-21,5902,440486,3166,207751,2731,210556,5,22179,2161,86533,3717,187491,2164,274024,California
Kern,2021-04-22,4835,445321,2342,210093,2493,213049,0,22179,1729,85181,3082,190573,1730,275754,California
Kern,2021-04-23,6151,451472,3028,213121,3122,216171,1,22180,1920,82914,4190,194763,1923,277677,California
Kern,2021-04-24,4024,455496,2807,215928,1206,217377,11,22191,1452,81825,2552,197315,1463,279140,California
Kern,2021-04-25,1404,456900,1116,217044,288,217665,0,22191,827,82081,571,197886,827,279967,California
Kern,2021-04-26,3876,460776,1835,218879,1989,219654,52,22243,1068,80404,2799,200685,1122,281089,California
Kern,2021-04-27,4798,465574,2325,221204,2365,222019,108,22351,1466,78657,3318,204003,1571,282660,California
Kern,2021-04-28,6323,471897,3725,224929,2474,224493,124,22475,1804,76083,4499,208502,1925,284585,California
Kern,2021-04-29,5528,477425,3065,227994,2364,226857,99,22574,1627,73930,3880,212382,1727,286312,California
Kern,2021-04-30,5611,483036,3132,231126,2320,229177,159,22733,1620,71732,3976,216358,1778,288090,California
Kern,2021-05-01,2718,485754,1930,233056,729,229906,59,22792,1083,71249,1624,217982,1141,289231,California
Kern,2021-05-02,1897,487651,1607,234663,268,230174,22,22814,696,70773,1194,219176,718,289949,California
Kern,2021-05-03,2555,490206,1033,235696,1388,231562,134,22948,788,69944,1752,220928,923,290872,California
Kern,2021-05-04,3695,493901,1331,237027,2255,233817,109,23057,1301,68974,2378,223306,1408,292280,California
Kern,2021-05-05,4198,498099,2176,239203,1870,235687,152,23209,1392,67728,2789,226095,1543,293823,California
Kern,2021-05-06,3603,501702,1635,240838,1822,237509,146,23355,1137,66567,2440,228535,1279,295102,California
Kern,2021-05-07,4625,506327,2311,243149,2138,239647,176,23531,1303,64755,3290,231825,1478,296580,California
Kern,2021-05-08,2898,509225,1827,244976,955,240602,116,23647,892,63770,1991,233816,1006,297586,California
Kern,2021-05-09,1350,510575,1175,246151,145,240747,30,23677,448,63355,893,234709,478,298064,California
Kern,2021-05-10,2269,512844,885,247036,1281,242028,103,23780,672,62551,1578,236287,774,298838,California
Kern,2021-05-11,2649,515493,925,247961,1598,243626,126,23906,957,61955,1680,237967,1084,299922,California
Kern,2021-05-12,3643,519136,1467,249428,2025,245651,151,24057,1166,60808,2462,240429,1315,301237,California
Kern,2021-05-13,3530,522666,1864,251292,1512,247163,154,24211,1650,60742,1866,242295,1800,303037,California
Kern,2021-05-14,4334,527000,2571,253863,1540,248703,223,24434,2010,60669,2304,244599,2231,305268,California
Kern,2021-05-15,2944,529944,1919,255782,937,249640,88,24522,1565,60957,1364,245963,1652,306920,California
Kern,2021-05-16,1549,531493,1325,257107,184,249824,40,24562,883,61220,660,246623,923,307843,California
Kern,2021-05-17,2329,533822,1006,258113,1176,251000,147,24709,1183,61416,1133,247756,1329,309172,California
Kern,2021-05-18,3184,537006,1468,259581,1584,252584,132,24841,1623,61626,1543,249299,1753,310925,California
Kern,2021-05-19,3836,540842,2393,261974,1314,253898,129,24970,1845,61619,1978,251277,1971,312896,California
Kern,2021-05-20,3107,543949,1689,263663,1275,255173,143,25113,1432,61538,1654,252931,1573,314469,California
Kern,2021-05-21,3648,547597,2209,265872,1304,256477,135,25248,1867,61784,1756,254687,2002,316471,California
Kern,2021-05-22,2956,550553,2302,268174,605,257082,49,25297,1421,61728,1523,256210,1467,317938,California
Kern,2021-05-23,1263,551816,1069,269243,168,257250,26,25323,665,61828,590,256800,690,318628,California
Kern,2021-05-24,1854,553670,782,270025,958,258208,114,25437,872,61837,976,257776,985,319613,California
Kern,2021-05-25,2405,556075,1114,271139,1202,259410,89,25526,1119,61779,1272,259048,1214,320827,California
Kern,2021-05-26,2793,558868,1616,272755,1074,260484,103,25629,1198,61504,1579,260627,1304,322131,California
Kern,2021-05-27,2406,561274,1235,273990,1068,261552,103,25732,1263,61748,1121,261748,1365,323496,California
Kern,2021-05-28,2733,564007,1388,275378,1234,262786,111,25843,1269,61676,1450,263198,1378,324874,California
Kern,2021-05-29,1905,565912,1263,276641,594,263380,48,25891,933,61699,958,264156,981,325855,California
Kern,2021-05-30,862,566774,705,277346,138,263518,19,25910,437,61736,418,264574,455,326310,California
Kern,2021-05-31,132,566906,41,277387,80,263598,11,25921,46,61709,83,264657,56,326366,California
Kern,2021-06-01,2288,569194,950,278337,1267,264865,71,25992,1002,61511,1270,265927,1072,327438,California
Kern,2021-06-02,2250,571444,1303,279640,841,265706,106,26098,950,61280,1289,267216,1058,328496,California
Kern,2021-06-03,2374,573818,1337,280977,882,266588,155,26253,861,60794,1502,268718,1016,329512,California
Kern,2021-06-04,2951,576769,1913,282890,929,267517,109,26362,862,59696,2071,270789,973,330485,California
Kern,2021-06-05,2526,579295,2040,284930,452,267969,34,26396,792,58798,1724,272513,826,331311,California
Kern,2021-06-06,1225,580520,1120,286050,82,268051,23,26419,440,58481,780,273293,463,331774,California
Kern,2021-06-07,1803,582323,1122,287172,586,268637,95,26514,679,58144,1111,274404,774,332548,California
Kern,2021-06-08,2123,584446,1235,288407,816,269453,72,26586,677,57465,1427,275831,748,333296,California
Kern,2021-06-09,2621,587067,1845,290252,687,270140,89,26675,825,56596,1782,277613,913,334209,California
Kern,2021-06-10,2228,589295,1382,291634,747,270887,99,26774,785,56046,1432,279045,882,335091,California
Kern,2021-06-11,2825,592120,1905,293539,829,271716,91,26865,1049,55423,1764,280809,1141,336232,California
Kern,2021-06-12,1789,593909,1331,294870,408,272124,50,26915,535,54759,1249,282058,585,336817,California
Kern,2021-06-13,918,594827,801,295671,110,272234,7,26922,273,54398,642,282700,281,337098,California
Kern,2021-06-14,1852,596679,1128,296799,628,272862,96,27018,662,53976,1179,283879,757,337855,California
Kern,2021-06-15,2113,598792,1180,297979,855,273717,78,27096,820,53589,1285,285164,898,338753,California
Kern,2021-06-16,2076,600868,1371,299350,628,274345,77,27173,828,53261,1232,286396,904,339657,California
Kern,2021-06-17,1821,602689,1132,300482,575,274920,114,27287,884,53332,928,287324,999,340656,California
Kern,2021-06-18,2152,604841,1351,301833,684,275604,117,27404,895,53104,1239,288563,1011,341667,California
Kern,2021-06-19,1201,606042,865,302698,306,275910,30,27434,509,52961,682,289245,539,342206,California
Kern,2021-06-20,707,606749,585,303283,103,276013,19,27453,263,52799,444,289689,282,342488,California
Kern,2021-06-21,1198,607947,636,303919,485,276498,77,27530,648,52980,542,290231,723,343211,California
Kern,2021-06-22,1613,609560,859,304778,681,277179,73,27603,656,52763,946,291177,729,343940,California
Kern,2021-06-23,1670,611230,1056,305834,537,277716,77,27680,727,52641,924,292101,802,344742,California
Kern,2021-06-24,996,612226,621,306455,320,278036,55,27735,391,52488,598,292699,445,345187,California
Kings,2020-12-16,1,1,1,1,0,0,0,0,1,1,0,0,1,1,California
Kings,2020-12-17,8,9,8,9,0,0,0,0,8,9,0,0,8,9,California
Kings,2020-12-18,12,21,12,21,0,0,0,0,12,21,0,0,12,21,California
Kings,2020-12-19,12,33,12,33,0,0,0,0,12,33,0,0,12,33,California
Kings,2020-12-20,13,46,13,46,0,0,0,0,13,46,0,0,13,46,California
Kings,2020-12-21,156,202,156,202,0,0,0,0,268,314,0,0,268,314,California
Kings,2020-12-22,141,343,141,343,0,0,0,0,138,452,0,0,138,452,California
Kings,2020-12-23,136,479,123,466,13,13,0,0,137,589,0,0,137,589,California
Kings,2020-12-24,11,490,9,475,2,15,0,0,11,600,0,0,11,600,California
Kings,2020-12-26,7,497,4,479,3,18,0,0,7,607,0,0,7,607,California
Kings,2020-12-27,4,501,4,483,0,18,0,0,4,611,0,0,4,611,California
Kings,2020-12-28,131,632,103,586,28,46,0,0,132,743,0,0,132,743,California
Kings,2020-12-29,82,714,54,640,28,74,0,0,83,826,0,0,83,826,California
Kings,2020-12-30,152,866,111,751,41,115,0,0,152,978,0,0,152,978,California
Kings,2020-12-31,45,911,6,757,39,154,0,0,45,1023,0,0,45,1023,California
Kings,2021-01-01,1,912,0,757,1,155,0,0,1,1024,0,0,1,1024,California
Kings,2021-01-02,12,924,10,767,2,157,0,0,12,1036,0,0,12,1036,California
Kings,2021-01-04,111,1035,41,808,70,227,0,0,111,1147,0,0,111,1147,California
Kings,2021-01-05,195,1230,39,847,156,383,0,0,195,1342,0,0,195,1342,California
Kings,2021-01-06,278,1508,179,1026,99,482,0,0,275,1614,3,3,275,1617,California
Kings,2021-01-07,182,1690,83,1109,99,581,0,0,174,1780,8,11,174,1791,California
Kings,2021-01-08,250,1940,55,1164,195,776,0,0,230,1990,20,31,230,2021,California
Kings,2021-01-09,63,2003,9,1173,54,830,0,0,55,2037,8,39,55,2076,California
Kings,2021-01-10,15,2018,3,1176,12,842,0,0,12,2046,3,42,12,2088,California
Kings,2021-01-11,517,2535,353,1529,164,1006,0,0,276,2082,241,283,277,2365,California
Kings,2021-01-12,347,2882,251,1780,96,1102,0,0,214,2166,130,413,214,2579,California
Kings,2021-01-13,421,3303,274,2054,147,1249,0,0,330,2405,91,504,330,2909,California
Kings,2021-01-14,210,3513,30,2084,180,1429,0,0,200,2585,21,525,201,3110,California
Kings,2021-01-15,417,3930,30,2114,387,1816,0,0,405,2978,12,537,405,3515,California
Kings,2021-01-16,28,3958,9,2123,19,1835,0,0,27,3004,1,538,27,3542,California
Kings,2021-01-17,12,3970,9,2132,3,1838,0,0,10,3012,2,540,10,3552,California
Kings,2021-01-18,173,4143,41,2173,132,1970,0,0,147,3133,26,566,147,3699,California
Kings,2021-01-19,382,4525,162,2335,220,2190,0,0,252,3255,130,696,252,3951,California
Kings,2021-01-20,237,4762,146,2481,91,2281,0,0,127,3277,105,801,127,4078,California
Kings,2021-01-21,213,4975,57,2538,156,2437,0,0,196,3454,19,820,196,4274,California
Kings,2021-01-22,104,5079,17,2555,87,2524,0,0,103,3552,5,825,103,4377,California
Kings,2021-01-23,26,5105,14,2569,12,2536,0,0,19,3564,7,832,19,4396,California
Kings,2021-01-24,4,5109,4,2573,0,2536,0,0,2,3564,2,834,2,4398,California
Kings,2021-01-25,127,5236,27,2600,100,2636,0,0,92,3621,35,869,92,4490,California
Kings,2021-01-26,156,5392,35,2635,121,2757,0,0,114,3693,42,911,114,4604,California
Kings,2021-01-27,328,5720,35,2670,293,3050,0,0,252,3870,75,986,252,4856,California
Kings,2021-01-28,332,6052,46,2716,286,3336,0,0,276,4090,56,1042,276,5132,California
Kings,2021-01-29,111,6163,27,2743,84,3420,0,0,94,4167,17,1059,94,5226,California
Kings,2021-01-30,1568,7731,31,2774,1537,4957,0,0,1565,5731,3,1062,1567,6793,California
Kings,2021-01-31,1,7732,1,2775,0,4957,0,0,1,5732,0,1062,1,6794,California
Kings,2021-02-01,222,7954,68,2843,154,5111,0,0,92,5696,128,1190,92,6886,California
Kings,2021-02-02,247,8201,16,2859,231,5342,0,0,95,5640,151,1341,95,6981,California
Kings,2021-02-03,403,8604,194,3053,209,5551,0,0,244,5726,158,1499,244,7225,California
Kings,2021-02-04,433,9037,102,3155,331,5882,0,0,228,5750,204,1703,228,7453,California
Kings,2021-02-05,338,9375,57,3212,281,6163,0,0,178,5771,157,1860,178,7631,California
Kings,2021-02-06,61,9436,10,3222,51,6214,0,0,28,5766,33,1893,28,7659,California
Kings,2021-02-07,6,9442,4,3226,2,6216,0,0,3,5766,3,1896,3,7662,California
Kings,2021-02-08,175,9617,29,3255,146,6362,0,0,68,5727,107,2003,68,7730,California
Kings,2021-02-09,256,9873,59,3314,197,6559,0,0,112,5697,142,2145,112,7842,California
Kings,2021-02-10,374,10247,113,3427,261,6820,0,0,256,5835,118,2263,256,8098,California
Kings,2021-02-11,480,10727,66,3493,414,7234,0,0,359,6074,120,2383,359,8457,California
Kings,2021-02-12,627,11354,36,3529,591,7825,0,0,350,6148,276,2659,350,8807,California
Kings,2021-02-13,231,11585,7,3536,224,8049,0,0,204,6325,27,2686,204,9011,California
Kings,2021-02-14,103,11688,4,3540,99,8148,0,0,95,6412,8,2694,95,9106,California
Kings,2021-02-15,248,11936,5,3545,243,8391,0,0,138,6441,109,2803,138,9244,California
Kings,2021-02-16,589,12525,33,3578,556,8947,0,0,350,6554,238,3041,351,9595,California
Kings,2021-02-17,439,12964,24,3602,415,9362,0,0,300,6717,139,3180,302,9897,California
Kings,2021-02-18,342,13306,22,3624,320,9682,0,0,210,6796,131,3311,210,10107,California
Kings,2021-02-19,209,13515,24,3648,185,9867,0,0,129,6848,77,3388,129,10236,California
Kings,2021-02-20,171,13686,40,3688,131,9998,0,0,134,6945,37,3425,134,10370,California
Kings,2021-02-21,3,13689,2,3690,1,9999,0,0,3,6948,0,3425,3,10373,California
Kings,2021-02-22,122,13811,20,3710,102,10101,0,0,57,6940,65,3490,57,10430,California
Kings,2021-02-23,435,14246,70,3780,365,10466,0,0,315,7135,120,3610,315,10745,California
Kings,2021-02-24,738,14984,156,3936,582,11048,0,0,523,7443,215,3825,523,11268,California
Kings,2021-02-25,818,15802,132,4068,686,11734,0,0,593,7813,223,4048,593,11861,California
Kings,2021-02-26,851,16653,136,4204,715,12449,0,0,774,8510,77,4125,774,12635,California
Kings,2021-02-27,1519,18172,65,4269,1454,13903,0,0,582,8156,936,5061,582,13217,California
Kings,2021-02-28,1207,19379,598,4867,609,14512,0,0,675,8303,529,5590,676,13893,California
Kings,2021-03-01,294,19673,90,4957,204,14716,0,0,223,8455,71,5661,223,14116,California
Kings,2021-03-02,589,20262,258,5215,331,15047,0,0,515,8898,74,5735,517,14633,California
Kings,2021-03-03,752,21014,327,5542,425,15472,0,0,528,9204,222,5957,528,15161,California
Kings,2021-03-04,826,21840,356,5898,470,15942,0,0,697,9773,129,6086,698,15859,California
Kings,2021-03-05,1191,23031,369,6267,813,16755,9,9,1040,10673,151,6237,1051,16910,California
Kings,2021-03-06,518,23549,187,6454,318,17073,13,22,488,11144,30,6267,501,17411,California
Kings,2021-03-07,364,23913,223,6677,137,17210,4,26,355,11494,9,6276,359,17770,California
Kings,2021-03-08,382,24295,98,6775,231,17441,53,79,265,11694,117,6393,317,18087,California
Kings,2021-03-09,685,24980,387,7162,243,17684,55,134,577,12220,107,6500,633,18720,California
Kings,2021-03-10,714,25694,208,7370,401,18085,105,239,508,12628,204,6704,612,19332,California
Kings,2021-03-11,1199,26893,429,7799,654,18739,116,355,753,13053,444,7148,869,20201,California
Kings,2021-03-12,1513,28406,447,8246,972,19711,94,449,983,13604,528,7676,1079,21280,California
Kings,2021-03-13,682,29088,334,8580,306,20017,42,491,559,14083,123,7799,602,21882,California
Kings,2021-03-14,674,29762,101,8681,184,20201,389,880,200,14198,474,8273,589,22471,California
Kings,2021-03-15,712,30474,266,8947,327,20528,119,999,469,14547,242,8515,591,23062,California
Kings,2021-03-16,1165,31639,478,9425,624,21152,63,1062,750,14945,415,8930,813,23875,California
Kings,2021-03-17,1109,32748,419,9844,628,21780,62,1124,781,15467,328,9258,850,24725,California
Kings,2021-03-18,1129,33877,474,10318,432,22212,223,1347,748,16061,379,9637,973,25698,California
Kings,2021-03-19,972,34849,468,10786,417,22629,87,1434,727,16644,244,9881,827,26525,California
Kings,2021-03-20,641,35490,256,11042,354,22983,31,1465,466,16975,173,10054,504,27029,California
Kings,2021-03-21,1422,36912,1090,12132,320,23303,12,1477,863,17291,559,10613,875,27904,California
Kings,2021-03-22,452,37364,201,12333,165,23468,86,1563,268,17466,183,10796,358,28262,California
Kings,2021-03-23,1045,38409,506,12839,475,23943,64,1627,550,17590,493,11289,617,28879,California
Kings,2021-03-24,1091,39500,487,13326,581,24524,23,1650,498,17522,591,11880,523,29402,California
Kings,2021-03-25,1050,40550,472,13798,551,25075,27,1677,445,17390,603,12483,471,29873,California
Kings,2021-03-26,1405,41955,381,14179,937,26012,87,1764,515,17106,885,13368,601,30474,California
Kings,2021-03-27,643,42598,259,14438,372,26384,12,1776,155,16787,486,13854,167,30641,California
Kings,2021-03-28,673,43271,602,15040,64,26448,7,1783,408,16945,265,14119,423,31064,California
Kings,2021-03-29,470,43741,212,15252,197,26645,61,1844,257,17051,211,14330,317,31381,California
Kings,2021-03-30,867,44608,475,15727,353,26998,39,1883,429,17081,437,14767,467,31848,California
Kings,2021-03-31,814,45422,408,16135,333,27331,73,1956,418,17184,388,15155,491,32339,California
Kings,2021-04-01,890,46312,487,16622,313,27644,90,2046,354,17098,530,15685,444,32783,California
Kings,2021-04-02,1116,47428,455,17077,535,28179,126,2172,394,16900,717,16402,519,33302,California
Kings,2021-04-03,495,47923,348,17425,138,28317,9,2181,170,16761,319,16721,180,33482,California
Kings,2021-04-04,156,48079,82,17507,68,28385,6,2187,42,16696,113,16834,48,33530,California
Kings,2021-04-05,1062,49141,327,17834,480,28865,255,2442,239,16367,822,17656,493,34023,California
Kings,2021-04-06,1230,50371,473,18307,444,29309,313,2755,285,16022,942,18598,597,34620,California
Kings,2021-04-07,1368,51739,654,18961,528,29837,186,2941,337,15517,1028,19626,523,35143,California
Kings,2021-04-08,1630,53369,637,19598,740,30577,253,3194,375,14897,1248,20874,628,35771,California
Kings,2021-04-09,1176,54545,544,20142,452,31029,180,3374,234,14368,940,21814,411,36182,California
Kings,2021-04-10,596,55141,333,20475,161,31190,102,3476,174,14224,420,22234,276,36458,California
Kings,2021-04-11,355,55496,76,20551,272,31462,7,3483,196,14270,157,22391,203,36661,California
Kings,2021-04-12,709,56205,314,20865,192,31654,203,3686,193,14152,514,22905,396,37057,California
Kings,2021-04-13,917,57122,527,21392,390,32044,0,3686,293,13828,622,23527,298,37355,California
Kings,2021-04-14,1050,58172,579,21971,471,32515,0,3686,379,13537,671,24198,380,37735,California
Kings,2021-04-15,1062,59234,523,22494,538,33053,1,3687,454,13386,606,24804,455,38190,California
Kings,2021-04-16,797,60031,365,22859,432,33485,0,3687,263,13118,532,25336,264,38454,California
Kings,2021-04-17,461,60492,246,23105,215,33700,0,3687,189,13036,271,25607,189,38643,California
Kings,2021-04-18,568,61060,242,23347,326,34026,0,3687,45,12558,523,26130,45,38688,California
Kings,2021-04-19,567,61627,325,23672,242,34268,0,3687,295,12584,269,26399,295,38983,California
Kings,2021-04-20,738,62365,447,24119,291,34559,0,3687,236,12319,501,26900,236,39219,California
Kings,2021-04-21,648,63013,310,24429,338,34897,0,3687,223,12125,417,27317,223,39442,California
Kings,2021-04-22,560,63573,279,24708,281,35178,0,3687,206,11981,351,27668,207,39649,California
Kings,2021-04-23,667,64240,288,24996,379,35557,0,3687,325,11968,338,28006,325,39974,California
Kings,2021-04-24,247,64487,179,25175,67,35624,1,3688,119,11961,127,28133,120,40094,California
Kings,2021-04-25,203,64690,183,25358,20,35644,0,3688,166,12090,37,28170,166,40260,California
Kings,2021-04-26,317,65007,168,25526,146,35790,3,3691,199,12175,117,28287,202,40462,California
Kings,2021-04-27,425,65432,188,25714,218,36008,19,3710,180,12131,243,28530,199,40661,California
Kings,2021-04-28,516,65948,256,25970,240,36248,20,3730,267,12169,249,28779,287,40948,California
Kings,2021-04-29,291,66239,114,26084,165,36413,12,3742,136,12165,152,28931,148,41096,California
Kings,2021-04-30,367,66606,164,26248,186,36599,17,3759,152,12123,211,29142,169,41265,California
Kings,2021-05-01,227,66833,165,26413,52,36651,10,3769,72,12051,154,29296,82,41347,California
Kings,2021-05-02,169,67002,147,26560,22,36673,0,3769,127,12136,42,29338,127,41474,California
Kings,2021-05-03,473,67475,251,26811,209,36882,13,3782,121,11919,351,29689,134,41608,California
Kings,2021-05-04,523,67998,265,27076,238,37120,20,3802,163,11743,359,30048,183,41791,California
Kings,2021-05-05,558,68556,292,27368,246,37366,20,3822,140,11485,418,30466,160,41951,California
Kings,2021-05-06,548,69104,269,27637,256,37622,23,3845,122,11206,424,30890,145,42096,California
Kings,2021-05-07,365,69469,208,27845,143,37765,14,3859,147,11151,216,31106,161,42257,California
Kings,2021-05-08,231,69700,166,28011,53,37818,12,3871,75,11082,155,31261,86,42343,California
Kings,2021-05-09,191,69891,63,28074,128,37946,0,3871,40,10971,151,31412,40,42383,California
Kings,2021-05-10,341,70232,264,28338,67,38013,10,3881,112,10865,227,31639,121,42504,California
Kings,2021-05-11,382,70614,237,28575,116,38129,29,3910,119,10751,263,31902,149,42653,California
Kings,2021-05-12,401,71015,163,28738,224,38353,14,3924,172,10710,227,32129,186,42839,California
Kings,2021-05-13,410,71425,167,28905,235,38588,8,3932,170,10648,240,32369,178,43017,California
Kings,2021-05-14,463,71888,317,29222,115,38703,31,3963,242,10702,220,32589,274,43291,California
Kings,2021-05-15,350,72238,250,29472,82,38785,18,3981,193,10756,157,32746,211,43502,California
Kings,2021-05-16,247,72485,221,29693,25,38810,1,3982,76,10662,171,32917,77,43579,California
Kings,2021-05-17,407,72892,323,30016,67,38877,17,3999,216,10705,190,33107,233,43812,California
Kings,2021-05-18,395,73287,278,30294,104,38981,13,4012,227,10778,168,33275,241,44053,California
Kings,2021-05-19,572,73859,279,30573,271,39252,22,4034,228,10686,342,33617,250,44303,California
Kings,2021-05-20,448,74307,234,30807,187,39439,27,4061,264,10794,184,33801,292,44595,California
Kings,2021-05-21,517,74824,262,31069,244,39683,11,4072,265,10822,248,34049,276,44871,California
Kings,2021-05-22,307,75131,247,31316,48,39731,12,4084,219,10967,86,34135,231,45102,California
Kings,2021-05-23,230,75361,221,31537,9,39740,0,4084,107,10951,123,34258,107,45209,California
Kings,2021-05-24,247,75608,162,31699,71,39811,14,4098,117,10952,130,34388,131,45340,California
Kings,2021-05-25,406,76014,269,31968,104,39915,33,4131,237,11055,167,34555,270,45610,California
Kings,2021-05-26,303,76317,123,32091,163,40078,17,4148,120,11012,182,34737,139,45749,California
Kings,2021-05-27,327,76644,176,32267,133,40211,18,4166,180,11066,144,34881,198,45947,California
Kings,2021-05-28,285,76929,138,32405,130,40341,17,4183,138,11077,144,35025,155,46102,California
Kings,2021-05-29,173,77102,100,32505,62,40403,11,4194,91,11098,81,35106,102,46204,California
Kings,2021-05-30,130,77232,113,32618,15,40418,2,4196,70,11110,60,35166,72,46276,California
Kings,2021-05-31,42,77274,23,32641,16,40434,3,4199,15,11101,27,35193,18,46294,California
Kings,2021-06-01,318,77592,187,32828,115,40549,16,4215,121,11044,193,35386,136,46430,California
Kings,2021-06-02,276,77868,125,32953,144,40693,7,4222,86,10950,187,35573,93,46523,California
Kings,2021-06-03,224,78092,126,33079,87,40780,11,4233,70,10885,146,35719,81,46604,California
Kings,2021-06-04,427,78519,283,33362,130,40910,14,4247,154,10784,269,35988,168,46772,California
Kings,2021-06-05,254,78773,220,33582,27,40937,7,4254,62,10675,179,36167,70,46842,California
Kings,2021-06-06,162,78935,154,33736,3,40940,5,4259,81,10684,77,36244,86,46928,California
Kings,2021-06-07,292,79227,221,33957,57,40997,14,4273,95,10595,197,36441,108,47036,California
Kings,2021-06-08,312,79539,240,34197,52,41049,20,4293,84,10472,227,36668,104,47140,California
Kings,2021-06-09,396,79935,261,34458,126,41175,9,4302,117,10322,276,36944,126,47266,California
Kings,2021-06-10,338,80273,220,34678,105,41280,13,4315,84,10165,254,37198,97,47363,California
Kings,2021-06-11,372,80645,281,34959,88,41368,3,4318,143,10087,224,37422,146,47509,California
Kings,2021-06-12,269,80914,221,35180,44,41412,4,4322,69,9976,184,37606,73,47582,California
Kings,2021-06-13,128,81042,119,35299,8,41420,1,4323,35,9920,92,37698,36,47618,California
Kings,2021-06-14,239,81281,173,35472,46,41466,20,4343,102,9905,137,37835,122,47740,California
Kings,2021-06-15,254,81535,180,35652,63,41529,11,4354,89,9841,164,37999,100,47840,California
Kings,2021-06-16,253,81788,129,35781,116,41645,8,4362,91,9786,155,38154,100,47940,California
Kings,2021-06-17,208,81996,111,35892,87,41732,10,4372,81,9750,127,38281,91,48031,California
Kings,2021-06-18,252,82248,173,36065,70,41802,9,4381,119,9745,133,38414,128,48159,California
Kings,2021-06-19,101,82349,69,36134,27,41829,5,4386,40,9729,61,38475,45,48204,California
Kings,2021-06-20,83,82432,68,36202,9,41838,6,4392,28,9708,55,38530,34,48238,California
Kings,2021-06-21,178,82610,94,36296,53,41891,31,4423,94,9749,84,38614,125,48363,California
Kings,2021-06-22,198,82808,127,36423,63,41954,8,4431,82,9723,116,38730,90,48453,California
Kings,2021-06-23,200,83008,94,36517,91,42045,15,4446,87,9713,112,38842,102,48555,California
Kings,2021-06-24,65,83073,9,36526,52,42097,4,4450,18,9688,47,38889,22,48577,California
Lake,2020-12-17,4,4,4,4,0,0,0,0,4,4,0,0,4,4,California
Lake,2020-12-18,51,55,51,55,0,0,0,0,51,55,0,0,51,55,California
Lake,2020-12-19,3,58,3,58,0,0,0,0,3,58,0,0,3,58,California
Lake,2020-12-20,6,64,6,64,0,0,0,0,6,64,0,0,6,64,California
Lake,2020-12-21,87,151,87,151,0,0,0,0,87,151,0,0,87,151,California
Lake,2020-12-22,63,214,60,211,3,3,0,0,63,214,0,0,63,214,California
Lake,2020-12-23,124,338,115,326,9,12,0,0,124,338,0,0,124,338,California
Lake,2020-12-24,2,340,0,326,2,14,0,0,2,340,0,0,2,340,California
Lake,2020-12-26,2,342,2,328,0,14,0,0,2,342,0,0,2,342,California
Lake,2020-12-27,2,344,2,330,0,14,0,0,2,344,0,0,2,344,California
Lake,2020-12-28,52,396,43,373,9,23,0,0,52,396,0,0,52,396,California
Lake,2020-12-29,50,446,45,418,5,28,0,0,50,446,0,0,50,446,California
Lake,2020-12-30,129,575,121,539,8,36,0,0,129,575,0,0,129,575,California
Lake,2020-12-31,67,642,64,603,3,39,0,0,67,642,0,0,67,642,California
Lake,2021-01-01,3,645,0,603,3,42,0,0,3,645,0,0,3,645,California
Lake,2021-01-02,2,647,1,604,1,43,0,0,2,647,0,0,2,647,California
Lake,2021-01-04,88,735,21,625,67,110,0,0,88,735,0,0,88,735,California
Lake,2021-01-05,120,855,59,684,61,171,0,0,118,851,2,2,118,853,California
Lake,2021-01-06,103,958,64,748,39,210,0,0,101,950,2,4,101,954,California
Lake,2021-01-07,109,1067,85,833,24,234,0,0,100,1041,9,13,100,1054,California
Lake,2021-01-08,155,1222,126,959,29,263,0,0,103,1092,52,65,103,1157,California
Lake,2021-01-09,63,1285,61,1020,2,265,0,0,59,1147,4,69,59,1216,California
Lake,2021-01-10,3,1288,3,1023,0,265,0,0,0,1144,3,72,0,1216,California
Lake,2021-01-11,189,1477,150,1173,39,304,0,0,109,1173,80,152,109,1325,California
Lake,2021-01-12,81,1558,48,1221,33,337,0,0,57,1206,24,176,57,1382,California
Lake,2021-01-13,169,1727,114,1335,55,392,0,0,110,1257,59,235,110,1492,California
Lake,2021-01-14,151,1878,48,1383,103,495,0,0,129,1364,22,257,129,1621,California
Lake,2021-01-15,221,2099,95,1478,126,621,0,0,193,1529,28,285,193,1814,California
Lake,2021-01-16,136,2235,83,1561,53,674,0,0,134,1661,2,287,134,1948,California
Lake,2021-01-17,18,2253,6,1567,12,686,0,0,12,1667,6,293,12,1960,California
Lake,2021-01-18,245,2498,226,1793,19,705,0,0,125,1672,120,413,125,2085,California
Lake,2021-01-19,316,2814,119,1912,197,902,0,0,270,1897,46,459,271,2356,California
Lake,2021-01-20,426,3240,82,1994,344,1246,0,0,361,2194,64,523,361,2717,California
Lake,2021-01-21,439,3679,49,2043,390,1636,0,0,404,2563,35,558,404,3121,California
Lake,2021-01-22,322,4001,47,2090,275,1911,0,0,285,2811,37,595,285,3406,California
Lake,2021-01-23,126,4127,6,2096,120,2031,0,0,125,2935,1,596,125,3531,California
Lake,2021-01-24,5,4132,2,2098,3,2034,0,0,5,2940,0,596,5,3536,California
Lake,2021-01-25,259,4391,96,2194,163,2197,0,0,177,3035,82,678,177,3713,California
Lake,2021-01-26,434,4825,36,2230,398,2595,0,0,410,3421,24,702,410,4123,California
Lake,2021-01-27,362,5187,40,2270,322,2917,0,0,335,3730,27,729,336,4459,California
Lake,2021-01-28,498,5685,160,2430,338,3255,0,0,369,3970,129,858,369,4828,California
Lake,2021-01-29,654,6339,101,2531,553,3808,0,0,579,4474,75,933,579,5407,California
Lake,2021-01-30,559,6898,44,2575,515,4323,0,0,553,5021,6,939,553,5960,California
Lake,2021-01-31,14,6912,8,2583,6,4329,0,0,12,5031,2,941,12,5972,California
Lake,2021-02-01,180,7092,18,2601,162,4491,0,0,166,5183,14,955,166,6138,California
Lake,2021-02-02,565,7657,153,2754,412,4903,0,0,397,5412,168,1123,397,6535,California
Lake,2021-02-03,445,8102,33,2787,412,5315,0,0,341,5649,104,1227,341,6876,California
Lake,2021-02-04,121,8223,70,2857,51,5366,0,0,71,5670,50,1277,71,6947,California
Lake,2021-02-05,382,8605,72,2929,310,5676,0,0,288,5866,92,1369,288,7235,California
Lake,2021-02-06,278,8883,44,2973,234,5910,0,0,264,6116,14,1383,264,7499,California
Lake,2021-02-07,2,8885,1,2974,1,5911,0,0,2,6118,0,1383,2,7501,California
Lake,2021-02-08,278,9163,206,3180,72,5983,0,0,159,6158,119,1502,159,7660,California
Lake,2021-02-09,345,9508,24,3204,321,6304,0,0,301,6416,43,1545,301,7961,California
Lake,2021-02-10,354,9862,54,3258,300,6604,0,0,273,6608,81,1626,273,8234,California
Lake,2021-02-11,179,10041,18,3276,161,6765,0,0,59,6547,120,1746,59,8293,California
Lake,2021-02-12,377,10418,29,3305,348,7113,0,0,286,6743,90,1836,286,8579,California
Lake,2021-02-13,252,10670,8,3313,244,7357,0,0,239,6969,13,1849,239,8818,California
Lake,2021-02-14,21,10691,5,3318,16,7373,0,0,7,6962,14,1863,7,8825,California
Lake,2021-02-15,172,10863,13,3331,159,7532,0,0,8,6807,163,2026,8,8833,California
Lake,2021-02-16,427,11290,23,3354,404,7936,0,0,177,6734,250,2276,177,9010,California
Lake,2021-02-17,352,11642,55,3409,297,8233,0,0,71,6525,280,2556,71,9081,California
Lake,2021-02-18,460,12102,71,3480,389,8622,0,0,115,6296,344,2900,115,9196,California
Lake,2021-02-19,433,12535,28,3508,405,9027,0,0,94,6051,339,3239,94,9290,California
Lake,2021-02-20,295,12830,61,3569,234,9261,0,0,251,6259,43,3282,251,9541,California
Lake,2021-02-21,6,12836,6,3575,0,9261,0,0,0,6253,6,3288,0,9541,California
Lake,2021-02-22,141,12977,23,3598,118,9379,0,0,42,6196,99,3387,42,9583,California
Lake,2021-02-23,215,13192,15,3613,200,9579,0,0,28,6037,187,3574,28,9611,California
Lake,2021-02-24,1009,14201,429,4042,580,10159,0,0,468,5965,540,4114,468,10079,California
Lake,2021-02-25,761,14962,496,4538,265,10424,0,0,500,6207,258,4372,500,10579,California
Lake,2021-02-26,1020,15982,323,4861,697,11121,0,0,364,5919,652,5024,364,10943,California
Lake,2021-02-27,410,16392,97,4958,313,11434,0,0,327,6164,82,5106,327,11270,California
Lake,2021-02-28,21,16413,12,4970,9,11443,0,0,12,6167,9,5115,12,11282,California
Lake,2021-03-01,595,17008,55,5025,540,11983,0,0,442,6456,153,5268,442,11724,California
Lake,2021-03-02,747,17755,18,5043,729,12712,0,0,288,6286,458,5726,288,12012,California
Lake,2021-03-03,370,18125,196,5239,174,12886,0,0,147,6210,223,5949,147,12159,California
Lake,2021-03-04,578,18703,506,5745,72,12958,0,0,562,6756,16,5965,562,12721,California
Lake,2021-03-05,1047,19750,52,5797,995,13953,0,0,186,6085,857,6822,186,12907,California
Lake,2021-03-06,35,19785,9,5806,25,13978,1,1,22,6095,13,6835,23,12930,California
Lake,2021-03-07,8,19793,6,5812,2,13980,0,1,5,6097,3,6838,5,12935,California
Lake,2021-03-08,342,20135,267,6079,65,14045,10,11,300,6365,42,6880,310,13245,California
Lake,2021-03-09,931,21066,44,6123,870,14915,17,28,407,6267,523,7403,425,13670,California
Lake,2021-03-10,205,21271,60,6183,131,15046,14,42,135,6347,70,7473,150,13820,California
Lake,2021-03-11,587,21858,49,6232,64,15110,474,516,47,6328,540,8013,521,14341,California
Lake,2021-03-12,852,22710,203,6435,624,15734,25,541,361,6225,489,8502,386,14727,California
Lake,2021-03-13,282,22992,22,6457,24,15758,236,777,19,6217,262,8764,254,14981,California
Lake,2021-03-14,11,23003,2,6459,9,15767,0,777,7,6220,4,8768,7,14988,California
Lake,2021-03-15,642,23645,13,6472,611,16378,18,795,481,6558,161,8929,499,15487,California
Lake,2021-03-16,1117,24762,836,7308,264,16642,17,812,378,6217,735,9664,394,15881,California
Lake,2021-03-17,249,25011,122,7430,105,16747,22,834,92,6174,157,9821,114,15995,California
Lake,2021-03-18,750,25761,377,7807,336,17083,37,871,355,6173,392,10213,391,16386,California
Lake,2021-03-19,586,26347,317,8124,249,17332,20,891,476,6560,109,10322,496,16882,California
Lake,2021-03-20,249,26596,9,8133,237,17569,3,894,31,6378,216,10538,34,16916,California
Lake,2021-03-21,15,26611,10,8143,4,17573,1,895,10,6384,5,10543,11,16927,California
Lake,2021-03-22,337,26948,256,8399,67,17640,14,909,250,6561,87,10630,264,17191,California
Lake,2021-03-23,429,27377,21,8420,394,18034,14,923,363,6873,65,10695,377,17568,California
Lake,2021-03-24,423,27800,62,8482,353,18387,8,931,326,7112,96,10791,335,17903,California
Lake,2021-03-25,675,28475,483,8965,185,18572,7,938,174,6791,501,11292,180,18083,California
Lake,2021-03-26,67,28542,32,8997,34,18606,1,939,31,6787,36,11328,32,18115,California
Lake,2021-03-27,309,28851,7,9004,299,18905,3,942,17,6517,290,11618,20,18135,California
Lake,2021-03-28,17,28868,8,9012,9,18914,0,942,9,6518,8,11626,9,18144,California
Lake,2021-03-29,986,29854,286,9298,698,19612,2,944,204,5944,780,12406,206,18350,California
Lake,2021-03-30,465,30319,314,9612,149,19761,2,946,366,6214,98,12504,368,18718,California
Lake,2021-03-31,615,30934,60,9672,555,20316,0,946,433,6474,173,12677,433,19151,California
Lake,2021-04-01,449,31383,234,9906,203,20519,12,958,187,6415,258,12935,199,19350,California
Lake,2021-04-02,223,31606,41,9947,154,20673,28,986,97,6414,126,13061,125,19475,California
Lake,2021-04-03,33,31639,6,9953,24,20697,3,989,13,6410,20,13081,16,19491,California
Lake,2021-04-04,20,31659,11,9964,7,20704,2,991,15,6422,5,13086,17,19508,California
Lake,2021-04-05,644,32303,71,10035,553,21257,20,1011,402,6604,239,13325,421,19929,California
Lake,2021-04-06,480,32783,17,10052,437,21694,26,1037,308,6767,171,13496,334,20263,California
Lake,2021-04-07,524,33307,57,10109,415,22109,52,1089,354,7005,168,13664,406,20669,California
Lake,2021-04-08,604,33911,493,10602,45,22154,66,1155,103,6676,498,14162,169,20838,California
Lake,2021-04-09,281,34192,39,10641,173,22327,69,1224,48,6562,230,14392,116,20954,California
Lake,2021-04-10,256,34448,15,10656,15,22342,226,1450,11,6554,245,14637,237,21191,California
Lake,2021-04-11,21,34469,16,10672,3,22345,2,1452,7,6549,14,14651,9,21200,California
Lake,2021-04-12,1083,35552,233,10905,816,23161,34,1486,244,5989,838,15489,278,21478,California
Lake,2021-04-13,181,35733,110,11015,71,23232,0,1486,54,5916,127,15616,54,21532,California
Lake,2021-04-14,619,36352,38,11053,581,23813,0,1486,554,6405,65,15681,554,22086,California
Lake,2021-04-15,646,36998,192,11245,454,24267,0,1486,332,6423,314,15995,332,22418,California
Lake,2021-04-16,267,37265,31,11276,236,24503,0,1486,76,6309,190,16185,76,22494,California
Lake,2021-04-17,42,37307,12,11288,30,24533,0,1486,32,6331,10,16195,32,22526,California
Lake,2021-04-18,9,37316,6,11294,3,24536,0,1486,0,6322,9,16204,0,22526,California
Lake,2021-04-19,298,37614,39,11333,259,24795,0,1486,247,6518,51,16255,247,22773,California
Lake,2021-04-20,695,38309,281,11614,414,25209,0,1486,95,6015,599,16854,96,22869,California
Lake,2021-04-21,531,38840,62,11676,469,25678,0,1486,196,5876,335,17189,196,23065,California
Lake,2021-04-22,471,39311,51,11727,420,26098,0,1486,323,6052,147,17336,323,23388,California
Lake,2021-04-23,120,39431,62,11789,58,26156,0,1486,72,6077,47,17383,72,23460,California
Lake,2021-04-24,55,39486,9,11798,46,26202,0,1486,41,6104,14,17397,41,23501,California
Lake,2021-04-25,37,39523,20,11818,17,26219,0,1486,25,6117,12,17409,25,23526,California
Lake,2021-04-26,294,39817,82,11900,211,26430,1,1487,89,6002,205,17614,90,23616,California
Lake,2021-04-27,249,40066,24,11924,207,26637,18,1505,86,5943,163,17777,104,23720,California
Lake,2021-04-28,512,40578,51,11975,446,27083,15,1520,91,5629,419,18196,105,23825,California
Lake,2021-04-29,208,40786,81,12056,111,27194,16,1536,109,5654,99,18295,124,23949,California
Lake,2021-04-30,288,41074,44,12100,213,27407,31,1567,147,5691,141,18436,178,24127,California
Lake,2021-05-01,49,41123,27,12127,20,27427,2,1569,34,5713,14,18450,36,24163,California
Lake,2021-05-02,18,41141,9,12136,8,27435,1,1570,9,5714,9,18459,10,24173,California
Lake,2021-05-03,412,41553,30,12166,347,27782,35,1605,66,5470,345,18804,101,24274,California
Lake,2021-05-04,404,41957,217,12383,139,27921,48,1653,124,5363,279,19083,172,24446,California
Lake,2021-05-05,629,42586,44,12427,573,28494,12,1665,84,4916,542,19625,95,24541,California
Lake,2021-05-06,141,42727,19,12446,93,28587,29,1694,72,4947,69,19694,100,24641,California
Lake,2021-05-07,166,42893,29,12475,117,28704,20,1714,102,5007,62,19756,122,24763,California
Lake,2021-05-08,43,42936,8,12483,35,28739,0,1714,36,5036,7,19763,36,24799,California
Lake,2021-05-09,17,42953,2,12485,10,28749,5,1719,10,5044,7,19770,15,24814,California
Lake,2021-05-10,245,43198,11,12496,206,28955,28,1747,59,4946,185,19955,87,24901,California
Lake,2021-05-11,194,43392,25,12521,152,29107,17,1764,115,5000,79,20034,133,25034,California
Lake,2021-05-12,542,43934,33,12554,489,29596,20,1784,56,4589,486,20520,75,25109,California
Lake,2021-05-13,318,44252,69,12623,235,29831,14,1798,72,4431,244,20764,86,25195,California
Lake,2021-05-14,268,44520,83,12706,167,29998,18,1816,163,4508,103,20867,180,25375,California
Lake,2021-05-15,45,44565,19,12725,23,30021,3,1819,28,4522,17,20884,31,25406,California
Lake,2021-05-16,33,44598,19,12744,13,30034,1,1820,18,4526,15,20899,19,25425,California
Lake,2021-05-17,315,44913,44,12788,256,30290,15,1835,82,4393,230,21129,97,25522,California
Lake,2021-05-18,301,45214,65,12853,217,30507,19,1854,174,4460,126,21255,193,25715,California
Lake,2021-05-19,313,45527,57,12910,241,30748,15,1869,88,4339,224,21479,103,25818,California
Lake,2021-05-20,236,45763,60,12970,165,30913,11,1880,93,4300,143,21622,104,25922,California
Lake,2021-05-21,274,46037,51,13021,199,31112,24,1904,114,4280,158,21780,138,26060,California
Lake,2021-05-22,97,46134,53,13074,41,31153,3,1907,48,4282,49,21829,51,26111,California
Lake,2021-05-23,58,46192,28,13102,29,31182,1,1908,30,4285,28,21857,31,26142,California
Lake,2021-05-24,157,46349,36,13138,107,31289,14,1922,71,4284,86,21943,85,26227,California
Lake,2021-05-25,205,46554,58,13196,136,31425,11,1933,75,4241,129,22072,86,26313,California
Lake,2021-05-26,151,46705,44,13240,96,31521,11,1944,54,4211,95,22167,65,26378,California
Lake,2021-05-27,175,46880,49,13289,112,31633,14,1958,61,4173,113,22280,75,26453,California
Lake,2021-05-28,222,47102,21,13310,163,31796,38,1996,50,4091,169,22449,87,26540,California
Lake,2021-05-29,37,47139,10,13320,21,31817,6,2002,14,4088,23,22472,20,26560,California
Lake,2021-05-30,22,47161,6,13326,14,31831,2,2004,12,4092,10,22482,14,26574,California
Lake,2021-05-31,63,47224,21,13347,40,31871,2,2006,53,4137,10,22492,55,26629,California
Lake,2021-06-01,199,47423,40,13387,150,32021,9,2015,69,4086,129,22621,78,26707,California
Lake,2021-06-02,133,47556,46,13433,75,32096,12,2027,54,4073,79,22700,66,26773,California
Lake,2021-06-03,179,47735,51,13484,109,32205,19,2046,77,4067,102,22802,96,26869,California
Lake,2021-06-04,183,47918,53,13537,115,32320,15,2061,45,3991,136,22938,60,26929,California
Lake,2021-06-05,91,48009,56,13593,27,32347,8,2069,55,4018,36,22974,63,26992,California
Lake,2021-06-06,67,48076,37,13630,30,32377,0,2069,23,3997,44,23018,23,27015,California
Lake,2021-06-07,88,48164,28,13658,52,32429,8,2077,30,3978,57,23075,38,27053,California
Lake,2021-06-08,179,48343,68,13726,99,32528,12,2089,67,3945,112,23187,79,27132,California
Lake,2021-06-09,172,48515,43,13769,125,32653,4,2093,37,3853,133,23320,41,27173,California
Lake,2021-06-10,127,48642,62,13831,52,32705,13,2106,50,3839,77,23397,63,27236,California
Lake,2021-06-11,208,48850,67,13898,118,32823,23,2129,48,3752,158,23555,71,27307,California
Lake,2021-06-12,66,48916,38,13936,22,32845,6,2135,34,3760,32,23587,40,27347,California
Lake,2021-06-13,29,48945,16,13952,13,32858,0,2135,14,3759,15,23602,14,27361,California
Lake,2021-06-14,179,49124,87,14039,79,32937,13,2148,50,3694,128,23730,63,27424,California
Lake,2021-06-15,244,49368,65,14104,162,33099,17,2165,78,3623,166,23896,95,27519,California
Lake,2021-06-16,163,49531,57,14161,91,33190,15,2180,55,3586,107,24003,70,27589,California
Lake,2021-06-17,179,49710,86,14247,83,33273,10,2190,80,3578,98,24101,90,27679,California
Lake,2021-06-18,133,49843,38,14285,86,33359,9,2199,52,3558,81,24182,61,27740,California
Lake,2021-06-19,67,49910,25,14310,42,33401,0,2199,34,3559,33,24215,34,27774,California
Lake,2021-06-20,22,49932,8,14318,12,33413,2,2201,11,3561,11,24226,13,27787,California
Lake,2021-06-21,67,49999,17,14335,43,33456,7,2208,30,3561,37,24263,37,27824,California
Lake,2021-06-22,135,50134,51,14386,74,33530,10,2218,62,3561,72,24335,72,27896,California
Lake,2021-06-23,134,50268,64,14450,55,33585,15,2233,76,3594,58,24393,91,27987,California
Lake,2021-06-24,102,50370,68,14518,22,33607,12,2245,27,3559,74,24467,39,28026,California
Lassen,2020-12-16,8,8,8,8,0,0,0,0,8,8,0,0,8,8,California
Lassen,2020-12-17,6,14,6,14,0,0,0,0,6,14,0,0,6,14,California
Lassen,2020-12-18,1,15,1,15,0,0,0,0,1,15,0,0,1,15,California
Lassen,2020-12-19,5,20,5,20,0,0,0,0,5,20,0,0,5,20,California
Lassen,2020-12-20,2,22,2,22,0,0,0,0,2,22,0,0,2,22,California
Lassen,2020-12-21,11,33,11,33,0,0,0,0,11,33,0,0,11,33,California
Lassen,2020-12-22,23,56,23,56,0,0,0,0,23,56,0,0,23,56,California
Lassen,2020-12-23,6,62,6,62,0,0,0,0,6,62,0,0,6,62,California
Lassen,2020-12-24,11,73,11,73,0,0,0,0,11,73,0,0,11,73,California
Lassen,2020-12-28,3,76,2,75,1,1,0,0,3,76,0,0,3,76,California
Lassen,2020-12-29,35,111,35,110,0,1,0,0,35,111,0,0,35,111,California
Lassen,2020-12-30,36,147,35,145,1,2,0,0,36,147,0,0,36,147,California
Lassen,2020-12-31,49,196,42,187,7,9,0,0,49,196,0,0,49,196,California
Lassen,2021-01-02,1,197,0,187,1,10,0,0,1,197,0,0,1,197,California
Lassen,2021-01-04,15,212,2,189,13,23,0,0,15,212,0,0,15,212,California
Lassen,2021-01-05,193,405,52,241,141,164,0,0,193,405,0,0,193,405,California
Lassen,2021-01-06,95,500,44,285,51,215,0,0,87,485,8,8,88,493,California
Lassen,2021-01-07,43,543,7,292,36,251,0,0,37,516,6,14,37,530,California
Lassen,2021-01-08,50,593,2,294,48,299,0,0,50,566,0,14,50,580,California
Lassen,2021-01-09,12,605,6,300,6,305,0,0,12,578,0,14,12,592,California
Lassen,2021-01-11,27,632,5,305,22,327,0,0,27,605,0,14,27,619,California
Lassen,2021-01-12,49,681,29,334,20,347,0,0,30,616,19,33,30,649,California
Lassen,2021-01-13,161,842,19,353,142,489,0,0,146,747,15,48,146,795,California
Lassen,2021-01-14,163,1005,18,371,145,634,0,0,151,886,12,60,151,946,California
Lassen,2021-01-15,33,1038,6,377,27,661,0,0,33,919,0,60,33,979,California
Lassen,2021-01-16,34,1072,33,410,1,662,0,0,34,953,0,60,34,1013,California
Lassen,2021-01-17,1,1073,0,410,1,663,0,0,1,954,0,60,1,1014,California
Lassen,2021-01-18,5,1078,2,412,3,666,0,0,4,957,1,61,4,1018,California
Lassen,2021-01-19,186,1264,36,448,150,816,0,0,158,1087,28,89,158,1176,California
Lassen,2021-01-20,189,1453,101,549,88,904,0,0,106,1125,68,157,106,1282,California
Lassen,2021-01-21,145,1598,93,642,52,956,0,0,121,1228,18,175,121,1403,California
Lassen,2021-01-22,31,1629,18,660,13,969,0,0,21,1239,10,185,21,1424,California
Lassen,2021-01-23,2,1631,0,660,2,971,0,0,2,1241,0,185,2,1426,California
Lassen,2021-01-24,1,1632,0,660,1,972,0,0,1,1242,0,185,1,1427,California
Lassen,2021-01-25,12,1644,1,661,11,983,0,0,11,1252,1,186,11,1438,California
Lassen,2021-01-26,126,1770,12,673,114,1097,0,0,122,1370,4,190,122,1560,California
Lassen,2021-01-27,90,1860,37,710,53,1150,0,0,72,1424,18,208,72,1632,California
Lassen,2021-01-28,86,1946,16,726,70,1220,0,0,85,1508,1,209,85,1717,California
Lassen,2021-01-29,23,1969,7,733,16,1236,0,0,22,1529,1,210,22,1739,California
Lassen,2021-02-01,61,2030,4,737,57,1293,0,0,36,1540,25,235,36,1775,California
Lassen,2021-02-02,177,2207,12,749,165,1458,0,0,44,1451,133,368,44,1819,California
Lassen,2021-02-03,97,2304,21,770,76,1534,0,0,50,1454,47,415,50,1869,California
Lassen,2021-02-04,112,2416,15,785,97,1631,0,0,63,1468,49,464,63,1932,California
Lassen,2021-02-05,66,2482,12,797,54,1685,0,0,24,1450,42,506,24,1956,California
Lassen,2021-02-06,69,2551,34,831,35,1720,0,0,36,1454,32,538,36,1992,California
Lassen,2021-02-07,3,2554,3,834,0,1720,0,0,3,1457,0,538,3,1995,California
Lassen,2021-02-08,44,2598,4,838,40,1760,0,0,18,1449,26,564,18,2013,California
Lassen,2021-02-09,128,2726,7,845,121,1881,0,0,49,1419,79,643,49,2062,California
Lassen,2021-02-10,184,2910,22,867,162,2043,0,0,76,1387,108,751,76,2138,California
Lassen,2021-02-11,183,3093,16,883,167,2210,0,0,79,1363,103,854,79,2217,California
Lassen,2021-02-12,44,3137,11,894,33,2243,0,0,16,1351,28,882,16,2233,California
Lassen,2021-02-13,11,3148,3,897,8,2251,0,0,9,1358,2,884,9,2242,California
Lassen,2021-02-14,13,3161,0,897,13,2264,0,0,12,1369,1,885,12,2254,California
Lassen,2021-02-15,22,3183,3,900,19,2283,0,0,17,1382,4,889,17,2271,California
Lassen,2021-02-16,193,3376,4,904,189,2472,0,0,31,1253,160,1049,31,2302,California
Lassen,2021-02-17,183,3559,94,998,89,2561,0,0,10,1090,173,1222,10,2312,California
Lassen,2021-02-18,80,3639,23,1021,57,2618,0,0,19,1048,61,1283,19,2331,California
Lassen,2021-02-19,83,3722,62,1083,21,2639,0,0,19,1003,64,1347,19,2350,California
Lassen,2021-02-20,8,3730,0,1083,8,2647,0,0,6,1007,2,1349,6,2356,California
Lassen,2021-02-21,22,3752,2,1085,20,2667,0,0,18,1021,4,1353,18,2374,California
Lassen,2021-02-22,24,3776,10,1095,14,2681,0,0,6,1009,18,1371,6,2380,California
Lassen,2021-02-23,154,3930,10,1105,144,2825,0,0,43,941,111,1482,43,2423,California
Lassen,2021-02-24,166,4096,16,1121,150,2975,0,0,107,990,58,1540,107,2530,California
Lassen,2021-02-25,158,4254,21,1142,137,3112,0,0,99,1030,59,1599,99,2629,California
Lassen,2021-02-26,74,4328,16,1158,58,3170,0,0,37,1030,37,1636,37,2666,California
Lassen,2021-02-27,8,4336,7,1165,1,3171,0,0,3,1028,5,1641,3,2669,California
Lassen,2021-02-28,7,4343,2,1167,5,3176,0,0,3,1027,4,1645,3,2672,California
Lassen,2021-03-01,42,4385,4,1171,38,3214,0,0,8,1002,33,1678,8,2680,California
Lassen,2021-03-02,108,4493,8,1179,100,3314,0,0,81,1057,26,1704,81,2761,California
Lassen,2021-03-03,169,4662,11,1190,158,3472,0,0,113,1114,56,1760,113,2874,California
Lassen,2021-03-04,149,4811,17,1207,132,3604,0,0,98,1162,50,1810,98,2972,California
Lassen,2021-03-05,49,4860,7,1214,18,3622,24,24,11,1159,38,1848,35,3007,California
Lassen,2021-03-06,55,4915,4,1218,29,3651,22,46,5,1136,50,1898,27,3034,California
Lassen,2021-03-07,58,4973,3,1221,0,3651,55,101,3,1139,55,1953,58,3092,California
Lassen,2021-03-08,88,5061,2,1223,7,3658,79,180,3,1136,85,2038,82,3174,California
Lassen,2021-03-09,137,5198,11,1234,109,3767,17,197,89,1194,48,2086,106,3280,California
Lassen,2021-03-10,175,5373,10,1244,163,3930,2,199,79,1180,95,2181,81,3361,California
Lassen,2021-03-11,185,5558,16,1260,162,4092,7,206,113,1231,69,2250,120,3481,California
Lassen,2021-03-12,34,5592,17,1277,13,4105,4,210,12,1225,22,2272,16,3497,California
Lassen,2021-03-13,48,5640,0,1277,2,4107,46,256,1,1224,47,2319,46,3543,California
Lassen,2021-03-14,14,5654,2,1279,11,4118,1,257,2,1215,12,2331,3,3546,California
Lassen,2021-03-15,34,5688,3,1282,31,4149,0,257,16,1213,18,2349,16,3562,California
Lassen,2021-03-16,93,5781,2,1284,85,4234,6,263,74,1274,19,2368,80,3642,California
Lassen,2021-03-17,1082,6863,9,1293,1068,5302,5,268,1063,2323,19,2387,1068,4710,California
Lassen,2021-03-18,94,6957,9,1302,84,5386,1,269,81,2392,13,2400,82,4792,California
Lassen,2021-03-19,18,6975,11,1313,3,5389,4,273,7,2392,11,2411,11,4803,California
Lassen,2021-03-20,30,7005,3,1316,24,5413,3,276,23,2411,7,2418,26,4829,California
Lassen,2021-03-21,34,7039,1,1317,33,5446,0,276,14,2406,19,2437,14,4843,California
Lassen,2021-03-22,59,7098,1,1318,58,5504,0,276,56,2459,3,2440,56,4899,California
Lassen,2021-03-23,120,7218,11,1329,108,5612,1,277,67,2474,53,2493,68,4967,California
Lassen,2021-03-24,213,7431,13,1342,199,5811,1,278,106,2476,105,2598,107,5074,California
Lassen,2021-03-25,155,7586,23,1365,132,5943,0,278,72,2465,83,2681,72,5146,California
Lassen,2021-03-26,78,7664,13,1378,26,5969,39,317,19,2464,58,2739,57,5203,California
Lassen,2021-03-27,21,7685,4,1382,1,5970,16,333,3,2465,18,2757,19,5222,California
Lassen,2021-03-28,17,7702,4,1386,4,5974,9,342,2,2461,15,2772,11,5233,California
Lassen,2021-03-29,53,7755,0,1386,28,6002,25,367,20,2474,32,2804,45,5278,California
Lassen,2021-03-30,200,7955,10,1396,164,6166,26,393,52,2404,148,2952,78,5356,California
Lassen,2021-03-31,147,8102,12,1408,113,6279,22,415,62,2404,84,3036,84,5440,California
Lassen,2021-04-01,166,8268,15,1423,131,6410,20,435,48,2355,117,3153,68,5508,California
Lassen,2021-04-02,30,8298,4,1427,3,6413,23,458,2,2352,28,3181,25,5533,California
Lassen,2021-04-03,12,8310,0,1427,2,6415,10,468,0,2350,12,3193,10,5543,California
Lassen,2021-04-04,7,8317,2,1429,0,6415,5,473,1,2350,6,3199,6,5549,California
Lassen,2021-04-05,22,8339,4,1433,11,6426,7,480,11,2357,11,3210,18,5567,California
Lassen,2021-04-06,183,8522,8,1441,145,6571,30,510,53,2310,130,3340,83,5650,California
Lassen,2021-04-07,135,8657,6,1447,92,6663,37,547,32,2278,103,3443,71,5721,California
Lassen,2021-04-08,169,8826,9,1456,104,6767,56,603,32,2233,133,3576,88,5809,California
Lassen,2021-04-09,51,8877,6,1462,10,6777,35,638,8,2233,42,3618,42,5851,California
Lassen,2021-04-10,10,8887,0,1462,2,6779,8,646,0,2232,9,3627,8,5859,California
Lassen,2021-04-11,6,8893,2,1464,1,6780,3,649,3,2235,3,3630,6,5865,California
Lassen,2021-04-12,32,8925,4,1468,15,6795,13,662,4,2224,28,3658,17,5882,California
Lassen,2021-04-13,129,9054,6,1474,123,6918,0,662,40,2176,88,3746,40,5922,California
Lassen,2021-04-14,989,10043,16,1490,973,7891,0,662,51,1290,937,4683,51,5973,California
Lassen,2021-04-15,147,10190,14,1504,133,8024,0,662,19,1181,128,4811,19,5992,California
Lassen,2021-04-16,14,10204,5,1509,9,8033,0,662,6,1179,8,4819,6,5998,California
Lassen,2021-04-17,25,10229,3,1512,22,8055,0,662,4,1162,21,4840,4,6002,California
Lassen,2021-04-18,5,10234,2,1514,3,8058,0,662,2,1161,3,4843,2,6004,California
Lassen,2021-04-19,34,10268,0,1514,34,8092,0,662,17,1161,17,4860,17,6021,California
Lassen,2021-04-20,137,10405,7,1521,130,8222,0,662,51,1126,86,4946,51,6072,California
Lassen,2021-04-21,165,10570,10,1531,154,8376,1,663,32,1028,131,5077,33,6105,California
Lassen,2021-04-22,104,10674,16,1547,88,8464,0,663,34,992,70,5147,34,6139,California
Lassen,2021-04-23,25,10699,1,1548,24,8488,0,663,19,1005,6,5153,19,6158,California
Lassen,2021-04-24,9,10708,5,1553,4,8492,0,663,3,1002,6,5159,3,6161,California
Lassen,2021-04-25,5,10713,0,1553,4,8496,1,664,3,1004,2,5161,4,6165,California
Lassen,2021-04-26,42,10755,2,1555,36,8532,4,668,8,983,33,5194,12,6177,California
Lassen,2021-04-27,122,10877,9,1564,110,8642,3,671,69,1002,53,5247,72,6249,California
Lassen,2021-04-28,82,10959,7,1571,73,8715,2,673,29,980,53,5300,31,6280,California
Lassen,2021-04-29,68,11027,7,1578,58,8773,3,676,23,962,44,5344,26,6306,California
Lassen,2021-04-30,13,11040,8,1586,2,8775,3,679,4,960,9,5353,7,6313,California
Lassen,2021-05-01,4,11044,0,1586,3,8778,1,680,3,963,1,5354,4,6317,California
Lassen,2021-05-02,11,11055,7,1593,4,8782,0,680,7,966,4,5358,7,6324,California
Lassen,2021-05-03,18,11073,2,1595,10,8792,6,686,3,960,15,5373,9,6333,California
Lassen,2021-05-04,72,11145,5,1600,59,8851,8,694,20,936,52,5425,28,6361,California
Lassen,2021-05-05,82,11227,4,1604,67,8918,11,705,26,918,55,5480,37,6398,California
Lassen,2021-05-06,84,11311,21,1625,41,8959,22,727,25,906,59,5539,47,6445,California
Lassen,2021-05-07,49,11360,33,1658,11,8970,5,732,41,944,8,5547,46,6491,California
Lassen,2021-05-08,11,11371,0,1658,5,8975,6,738,4,947,7,5554,10,6501,California
Lassen,2021-05-09,3,11374,1,1659,0,8975,2,740,0,946,3,5557,2,6503,California
Lassen,2021-05-10,12,11386,1,1660,8,8983,3,743,6,949,6,5563,9,6512,California
Lassen,2021-05-11,71,11457,1,1661,61,9044,9,752,19,925,52,5615,28,6540,California
Lassen,2021-05-12,45,11502,5,1666,34,9078,6,758,15,916,30,5645,21,6561,California
Lassen,2021-05-13,39,11541,11,1677,23,9101,5,763,13,908,26,5671,18,6579,California
Lassen,2021-05-14,23,11564,5,1682,10,9111,8,771,12,917,11,5682,20,6599,California
Lassen,2021-05-15,16,11580,2,1684,4,9115,10,781,4,919,12,5694,14,6613,California
Lassen,2021-05-16,7,11587,2,1686,3,9118,2,783,2,919,4,5698,4,6617,California
Lassen,2021-05-17,36,11623,4,1690,20,9138,12,795,11,917,25,5723,23,6640,California
Lassen,2021-05-18,94,11717,11,1701,70,9208,13,808,30,896,64,5787,43,6683,California
Lassen,2021-05-19,61,11778,4,1705,46,9254,11,819,9,864,51,5838,19,6702,California
Lassen,2021-05-20,35,11813,8,1713,18,9272,9,828,12,862,23,5861,21,6723,California
Lassen,2021-05-21,67,11880,33,1746,20,9292,14,842,37,883,30,5891,51,6774,California
Lassen,2021-05-22,17,11897,2,1748,7,9299,8,850,7,888,10,5901,15,6789,California
Lassen,2021-05-23,6,11903,4,1752,1,9300,1,851,0,883,6,5907,1,6790,California
Lassen,2021-05-24,12,11915,1,1753,9,9309,2,853,6,886,5,5912,8,6798,California
Lassen,2021-05-25,101,12016,6,1759,86,9395,9,862,34,862,67,5979,43,6841,California
Lassen,2021-05-26,59,12075,1,1760,42,9437,16,878,11,841,48,6027,27,6868,California
Lassen,2021-05-27,45,12120,18,1778,21,9458,6,884,15,833,29,6056,21,6889,California
Lassen,2021-05-28,75,12195,49,1827,18,9476,8,892,33,832,42,6098,41,6930,California
Lassen,2021-05-29,15,12210,1,1828,12,9488,2,894,9,837,6,6104,11,6941,California
Lassen,2021-05-30,2,12212,0,1828,1,9489,1,895,1,838,1,6105,2,6943,California
Lassen,2021-05-31,7,12219,0,1828,6,9495,1,896,1,834,6,6111,2,6945,California
Lassen,2021-06-01,45,12264,2,1830,36,9531,7,903,16,828,29,6140,23,6968,California
Lassen,2021-06-02,59,12323,2,1832,41,9572,16,919,15,816,43,6183,31,6999,California
Lassen,2021-06-03,31,12354,6,1838,15,9587,10,929,8,811,23,6206,18,7017,California
Lassen,2021-06-04,39,12393,2,1840,25,9612,12,941,13,810,26,6232,25,7042,California
Lassen,2021-06-05,14,12407,3,1843,7,9619,4,945,4,808,10,6242,8,7050,California
Lassen,2021-06-06,5,12412,0,1843,2,9621,3,948,1,808,4,6246,4,7054,California
Lassen,2021-06-07,19,12431,0,1843,10,9631,9,957,3,804,16,6262,12,7066,California
Lassen,2021-06-08,40,12471,6,1849,30,9661,4,961,16,800,24,6286,20,7086,California
Lassen,2021-06-09,19,12490,2,1851,15,9676,2,963,7,798,11,6297,9,7095,California
Lassen,2021-06-10,24,12514,10,1861,12,9688,2,965,12,800,12,6309,14,7109,California
Lassen,2021-06-11,43,12557,29,1890,13,9701,1,966,12,782,31,6340,13,7122,California
Lassen,2021-06-12,6,12563,2,1892,4,9705,0,966,2,780,4,6344,2,7124,California
Lassen,2021-06-13,3,12566,2,1894,1,9706,0,966,1,779,2,6346,1,7125,California
Lassen,2021-06-14,9,12575,1,1895,6,9712,2,968,3,779,5,6351,5,7130,California
Lassen,2021-06-15,51,12626,5,1900,40,9752,6,974,15,764,36,6387,21,7151,California
Lassen,2021-06-16,12,12638,1,1901,6,9758,5,979,7,771,5,6392,12,7163,California
Lassen,2021-06-17,24,12662,12,1913,8,9766,4,983,10,771,14,6406,14,7177,California
Lassen,2021-06-18,51,12713,21,1934,21,9787,9,992,12,752,39,6445,20,7197,California
Lassen,2021-06-19,13,12726,1,1935,10,9797,2,994,5,751,8,6453,7,7204,California
Lassen,2021-06-20,7,12733,3,1938,3,9800,1,995,6,757,1,6454,7,7211,California
Lassen,2021-06-21,14,12747,0,1938,11,9811,3,998,4,754,10,6464,7,7218,California
Lassen,2021-06-22,37,12784,1,1939,35,9846,1,999,19,756,18,6482,20,7238,California
Lassen,2021-06-23,18,12802,2,1941,12,9858,4,1003,5,752,13,6495,9,7247,California
Lassen,2021-06-24,15,12817,4,1945,5,9863,6,1009,6,755,9,6504,12,7259,California
Los Angeles,2020-12-15,399,399,399,399,0,0,0,0,399,399,0,0,399,399,California
Los Angeles,2020-12-16,3588,3987,3588,3987,0,0,0,0,3588,3987,0,0,3588,3987,California
Los Angeles,2020-12-17,10427,14414,10427,14414,0,0,0,0,10428,14415,0,0,10428,14415,California
Los Angeles,2020-12-18,14808,29222,14783,29197,25,25,0,0,14807,29222,0,0,14807,29222,California
Los Angeles,2020-12-19,7317,36539,7308,36505,9,34,0,0,7319,36541,0,0,7319,36541,California
Los Angeles,2020-12-20,4672,41211,4662,41167,10,44,0,0,4674,41215,0,0,4674,41215,California
Los Angeles,2020-12-21,13792,55003,13775,54942,17,61,0,0,13792,55006,1,1,13792,55007,California
Los Angeles,2020-12-22,11606,66609,11213,66155,393,454,0,0,11605,66609,2,3,11605,66612,California
Los Angeles,2020-12-23,12023,78632,10242,76397,1781,2235,0,0,12024,78633,0,3,12024,78636,California
Los Angeles,2020-12-24,7071,85703,4278,80675,2793,5028,0,0,7073,85706,0,3,7073,85709,California
Los Angeles,2020-12-25,530,86233,423,81098,107,5135,0,0,531,86237,0,3,531,86240,California
Los Angeles,2020-12-26,2546,88779,2194,83292,352,5487,0,0,2545,88780,2,5,2545,88785,California
Los Angeles,2020-12-27,1786,90565,1045,84337,741,6228,0,0,1786,90566,0,5,1786,90571,California
Los Angeles,2020-12-28,10397,100962,6446,90783,3951,10179,0,0,10394,100959,1,6,10394,100965,California
Los Angeles,2020-12-29,11688,112650,6131,96914,5557,15736,0,0,11689,112647,1,7,11689,112654,California
Los Angeles,2020-12-30,14968,127618,8135,105049,6833,22569,0,0,14967,127614,0,7,14967,127621,California
Los Angeles,2020-12-31,8013,135631,2778,107827,5235,27804,0,0,8008,135618,4,11,8008,135629,California
Los Angeles,2021-01-01,1098,136729,322,108149,776,28580,0,0,1096,136712,2,13,1096,136725,California
Los Angeles,2021-01-02,4507,141236,1683,109832,2824,31404,0,0,4506,141218,0,13,4506,141231,California
Los Angeles,2021-01-03,974,142210,231,110063,743,32147,0,0,972,142188,2,15,972,142203,California
Los Angeles,2021-01-04,12811,155021,4911,114974,7900,40047,0,0,12795,154980,3,18,12795,154998,California
Los Angeles,2021-01-05,16152,171173,7134,122108,9018,49065,0,0,14203,167269,1920,1938,14209,169207,California
Los Angeles,2021-01-06,22814,193987,12128,134236,10686,59751,0,0,17118,178769,5628,7566,17128,186335,California
Los Angeles,2021-01-07,29702,223689,16022,150258,13680,73431,0,0,18913,186957,10741,18307,18929,205264,California
Los Angeles,2021-01-08,33314,257003,18005,168263,15309,88740,0,0,20990,195661,12296,30603,21000,226264,California
Los Angeles,2021-01-09,12463,269466,7113,175376,5350,94090,0,0,7571,198350,4889,35492,7578,233842,California
Los Angeles,2021-01-10,4720,274186,3657,179033,1063,95153,0,0,1975,197581,2745,38237,1976,235818,California
Los Angeles,2021-01-11,25970,300156,16332,195365,9638,104791,0,0,14978,201591,10979,49216,14989,250807,California
Los Angeles,2021-01-12,29497,329653,16259,211624,13238,118029,0,0,19280,210683,10200,59416,19292,270099,California
Los Angeles,2021-01-13,29481,359134,15722,227346,13759,131788,0,0,20452,222129,9012,68428,20458,290557,California
Los Angeles,2021-01-14,29446,388580,12762,240108,16684,148472,0,0,23876,240464,5552,73980,23887,314444,California
Los Angeles,2021-01-15,34120,422700,12443,252551,21677,170149,0,0,30507,267394,3586,77566,30516,344960,California
Los Angeles,2021-01-16,17724,440424,5009,257560,12715,182864,0,0,15927,281539,1788,79354,15933,360893,California
Los Angeles,2021-01-17,5271,445695,2356,259916,2915,185779,0,0,5012,286295,258,79612,5014,365907,California
Los Angeles,2021-01-18,15764,461459,10157,270073,5607,191386,0,0,11014,292575,4736,84348,11016,376923,California
Los Angeles,2021-01-19,38842,500301,20692,290765,18150,209536,0,0,30974,315738,7826,92174,30989,407912,California
Los Angeles,2021-01-20,46759,547060,24297,315062,22462,231998,0,0,39204,347433,7521,99695,39216,447128,California
Los Angeles,2021-01-21,49237,596297,22561,337623,26676,258674,0,0,44890,388063,4275,103970,44905,492033,California
Los Angeles,2021-01-22,48668,644965,22499,360122,26169,284843,0,0,45160,429779,3458,107428,45174,537207,California
Los Angeles,2021-01-23,34350,679315,15814,375936,18536,303379,0,0,32255,459984,2063,109491,32268,569475,California
Los Angeles,2021-01-24,15765,695080,12192,388128,3573,306952,0,0,15204,474638,553,110044,15207,584682,California
Los Angeles,2021-01-25,39727,734807,16706,404834,23021,329973,0,0,31033,497026,8660,118704,31048,615730,California
Los Angeles,2021-01-26,49853,784660,24713,429547,25140,355113,0,0,41549,530330,8266,126970,41570,657300,California
Los Angeles,2021-01-27,51191,835851,25950,455497,25241,380354,0,0,41693,562695,9352,136322,41717,699017,California
Los Angeles,2021-01-28,49230,885081,23501,478998,25729,406083,0,0,40643,594891,8463,144785,40659,739676,California
Los Angeles,2021-01-29,50036,935117,25720,504718,24316,430399,0,0,39795,624824,9879,154664,39812,779488,California
Los Angeles,2021-01-30,30439,965556,15604,520322,14835,445234,0,0,26101,646677,4254,158918,26107,805595,California
Los Angeles,2021-01-31,13086,978642,10298,530620,2788,448022,0,0,12164,657938,907,159825,12168,817763,California
Los Angeles,2021-02-01,38867,1017509,16448,547068,22419,470441,0,0,28143,675415,10678,170503,28155,845918,California
Los Angeles,2021-02-02,45085,1062594,18120,565188,26965,497406,0,0,32742,695863,12299,182802,32747,878665,California
Los Angeles,2021-02-03,52667,1115261,19703,584891,32964,530370,0,0,37620,718696,14797,197599,37630,916295,California
Los Angeles,2021-02-04,57624,1172885,20800,605691,36824,567194,0,0,39364,740132,17944,215543,39380,955675,California
Los Angeles,2021-02-05,61949,1234834,21247,626938,40702,607896,0,0,39699,758047,21796,237339,39711,995386,California
Los Angeles,2021-02-06,35790,1270624,13447,640385,22343,630239,0,0,27244,776848,8466,245805,27267,1022653,California
Los Angeles,2021-02-07,11003,1281627,8510,648895,2493,632732,0,0,8586,783041,2400,248205,8593,1031246,California
Los Angeles,2021-02-08,47285,1328912,21823,670718,25462,658194,0,0,30897,797699,16245,264450,30903,1062149,California
Los Angeles,2021-02-09,56173,1385085,24780,695498,31393,689587,0,0,28516,798653,27572,292022,28526,1090675,California
Los Angeles,2021-02-10,67448,1452533,29532,725030,37916,727503,0,0,30848,793311,36205,328227,30863,1121538,California
Los Angeles,2021-02-11,58815,1511348,31388,756418,27427,754930,0,0,28290,791550,30059,358286,28298,1149836,California
Los Angeles,2021-02-12,60472,1571820,30106,786524,30366,785296,0,0,26348,784180,33739,392025,26369,1176205,California
Los Angeles,2021-02-13,34117,1605937,19934,806458,14183,799479,0,0,15507,781230,18511,410536,15561,1191766,California
Los Angeles,2021-02-14,22002,1627939,15020,821478,6982,806461,0,0,8834,776972,13101,423637,8843,1200609,California
Los Angeles,2021-02-15,33167,1661106,16090,837568,17077,823538,0,0,18160,780213,14936,438573,18177,1218786,California
Los Angeles,2021-02-16,64631,1725737,32858,870426,31773,855311,0,0,29913,775536,34609,473182,29932,1248718,California
Los Angeles,2021-02-17,65298,1791035,34811,905237,30487,885798,0,0,26514,763484,38581,511763,26529,1275247,California
Los Angeles,2021-02-18,69063,1860098,35072,940309,33991,919789,0,0,28739,752118,40126,551889,28760,1304007,California
Los Angeles,2021-02-19,58768,1918866,36244,976553,22524,942313,0,0,28716,750917,29938,581827,28737,1332744,California
Los Angeles,2021-02-20,33218,1952084,24193,1000746,9025,951338,0,0,16013,749806,17147,598974,16036,1348780,California
Los Angeles,2021-02-21,22416,1974500,20726,1021472,1690,953028,0,0,11165,749793,11184,610158,11171,1359951,California
Los Angeles,2021-02-22,35084,2009584,25522,1046994,9562,962590,0,0,18092,750999,16907,627065,18113,1378064,California
Los Angeles,2021-02-23,55465,2065049,23924,1070918,31541,994131,0,0,21705,739099,33634,660699,21734,1399798,California
Los Angeles,2021-02-24,65366,2130415,29115,1100033,36251,1030382,0,0,28184,730327,36993,697692,28221,1428019,California
Los Angeles,2021-02-25,74528,2204943,34107,1134140,40421,1070803,0,0,38422,732858,35927,733619,38458,1466477,California
Los Angeles,2021-02-26,84205,2289148,38978,1173118,45227,1116030,0,0,47236,743418,36725,770344,47285,1513762,California
Los Angeles,2021-02-27,60658,2349806,26736,1199854,33914,1149944,8,8,30967,744911,29519,799863,31012,1544774,California
Los Angeles,2021-02-28,27061,2376867,18654,1218508,8404,1158348,3,11,18976,755933,7974,807837,18996,1563770,California
Los Angeles,2021-03-01,57553,2434420,32654,1251162,24858,1183206,41,52,34540,767752,22798,830635,34617,1598387,California
Los Angeles,2021-03-02,78372,2512792,38008,1289170,40356,1223562,8,60,49441,788465,28772,859407,49485,1647872,California
Los Angeles,2021-03-03,86285,2599077,44244,1333414,42023,1265585,18,78,54672,811770,31421,890828,54726,1702598,California
Los Angeles,2021-03-04,91983,2691060,47166,1380580,44801,1310386,16,94,58260,836556,33531,924359,58317,1760915,California
Los Angeles,2021-03-05,90789,2781849,44777,1425357,45978,1356364,34,128,60661,867406,29914,954273,60764,1821679,California
Los Angeles,2021-03-06,67592,2849441,34482,1459839,31279,1387643,1831,1959,43541,888897,23899,978172,45390,1867069,California
Los Angeles,2021-03-07,27396,2876837,20861,1480700,5695,1393338,840,2799,21181,904745,6181,984353,22029,1889098,California
Los Angeles,2021-03-08,54596,2931433,29537,1510237,23089,1416427,1970,4769,41265,934779,13212,997565,43246,1932344,California
Los Angeles,2021-03-09,81962,3013395,39102,1549339,39570,1455997,3290,8059,52218,960703,29585,1027150,55509,1987853,California
Los Angeles,2021-03-10,83594,3096989,41181,1590520,37518,1493515,4895,12954,52890,987942,30512,1057662,57751,2045604,California
Los Angeles,2021-03-11,93430,3190419,45800,1636320,40891,1534406,6739,19693,54719,1010858,38505,1096167,61421,2107025,California
Los Angeles,2021-03-12,99817,3290236,45246,1681566,40638,1575044,13933,33626,58271,1041693,41323,1137490,72158,2179183,California
Los Angeles,2021-03-13,75988,3366224,35884,1717450,28114,1603158,11990,45616,45308,1068393,30560,1168050,57260,2236443,California
Los Angeles,2021-03-14,39238,3405462,26371,1743821,10312,1613470,2555,48171,24044,1079859,15119,1183169,26585,2263028,California
Los Angeles,2021-03-15,75657,3481119,37182,1781003,33011,1646481,5464,53635,45805,1101452,29650,1212819,51243,2314271,California
Los Angeles,2021-03-16,100544,3581663,44232,1825235,50427,1696908,5885,59520,65141,1137254,35184,1248003,70986,2385257,California
Los Angeles,2021-03-17,98150,3679813,44880,1870115,44945,1741853,8325,67845,65805,1179115,32122,1280125,73983,2459240,California
Los Angeles,2021-03-18,103613,3783426,49737,1919852,48286,1790139,5590,73435,65546,1212484,37754,1317879,71123,2530363,California
Los Angeles,2021-03-19,109849,3893275,57469,1977321,47589,1837728,4791,78226,67687,1243040,41871,1359750,72427,2602790,California
Los Angeles,2021-03-20,76654,3969929,37869,2015190,34187,1871915,4598,82824,51978,1275124,24479,1384229,56563,2659353,California
Los Angeles,2021-03-21,34837,4004766,25937,2041127,7994,1879909,906,83730,22298,1285918,12408,1396637,23202,2682555,California
Los Angeles,2021-03-22,71232,4075998,41912,2083039,27148,1907057,2172,85902,49932,1317004,21014,1417651,52100,2734655,California
Los Angeles,2021-03-23,97090,4173088,52727,2135766,41117,1948174,3246,89148,58602,1340632,38206,1455857,61834,2796489,California
Los Angeles,2021-03-24,105538,4278626,56129,2191895,46236,1994410,3173,92321,60552,1359704,44642,1500499,63714,2860203,California
Los Angeles,2021-03-25,111386,4390012,59867,2251762,47612,2042022,3907,96228,62273,1377083,48784,1549283,66163,2926366,California
Los Angeles,2021-03-26,115788,4505800,63497,2315259,48047,2090069,4244,100472,63712,1393243,51764,1601047,67924,2994290,California
Los Angeles,2021-03-27,83791,4589591,44105,2359364,37547,2127616,2139,102611,42675,1397229,40829,1641876,44815,3039105,California
Los Angeles,2021-03-28,42288,4631879,28692,2388056,13011,2140627,585,103196,20059,1395780,22095,1663971,20646,3059751,California
Los Angeles,2021-03-29,83434,4715313,47022,2435078,34639,2175266,1773,104969,46152,1406651,37052,1701023,47923,3107674,California
Los Angeles,2021-03-30,109562,4824875,52452,2487530,51169,2226435,5941,110910,57036,1417321,52270,1753293,62940,3170614,California
Los Angeles,2021-03-31,123177,4948052,62312,2549842,52015,2278450,8850,119760,68389,1440045,54452,1807745,77176,3247790,California
Los Angeles,2021-04-01,134149,5082201,62944,2612786,55743,2334193,15462,135222,71676,1465005,62087,1869832,87047,3334837,California
Los Angeles,2021-04-02,133117,5215318,59597,2672383,57934,2392127,15586,150808,70440,1488660,62317,1932149,85972,3420809,California
Los Angeles,2021-04-03,98906,5314224,45328,2717711,39914,2432041,13664,164472,48680,1500910,50019,1982168,62269,3483078,California
Los Angeles,2021-04-04,39304,5353528,20581,2738292,12075,2444116,6648,171120,16365,1501036,22843,2005011,22969,3506047,California
Los Angeles,2021-04-05,94423,5447951,44742,2783034,39351,2483467,10330,181450,44433,1505962,49763,2054774,54689,3560736,California
Los Angeles,2021-04-06,121795,5569746,57457,2840491,43971,2527438,20367,201817,55697,1516068,65826,2120600,75932,3636668,California
Los Angeles,2021-04-07,121293,5691039,55264,2895755,44768,2572206,21261,223078,54546,1525268,66467,2187067,75667,3712335,California
Los Angeles,2021-04-08,133875,5824914,59000,2954755,50631,2622837,24244,247322,60104,1536020,73424,2260491,84176,3796511,California
Los Angeles,2021-04-09,132770,5957684,57655,3012410,50979,2673816,24136,271458,56698,1540945,75731,2336222,80656,3877167,California
Los Angeles,2021-04-10,102096,6059780,43159,3055569,34716,2708532,24221,295679,37364,1537921,64470,2400692,61446,3938613,California
Los Angeles,2021-04-11,41983,6101763,22696,3078265,9881,2718413,9406,305085,14452,1534277,27438,2428130,23794,3962407,California
Los Angeles,2021-04-12,79776,6181539,38992,3117257,34312,2752725,6472,311557,32602,1526349,46941,2475071,39013,4001420,California
Los Angeles,2021-04-13,118565,6300104,59791,3177048,58338,2811063,436,311993,62677,1533857,55611,2530682,63119,4064539,California
Los Angeles,2021-04-14,120387,6420491,60265,3237313,59987,2871050,135,312128,65222,1544348,54865,2585547,65356,4129895,California
Los Angeles,2021-04-15,131722,6552213,71241,3308554,60283,2931333,198,312326,75329,1563668,56075,2641622,75395,4205290,California
Los Angeles,2021-04-16,131894,6684107,69673,3378227,62075,2993408,146,312472,69524,1571261,62012,2703634,69605,4274895,California
Los Angeles,2021-04-17,99661,6783768,52159,3430386,47472,3040880,30,312502,57062,1585999,42347,2745981,57085,4331980,California
Los Angeles,2021-04-18,34550,6818318,22944,3453330,11605,3052485,1,312503,18977,1589507,15479,2761460,18987,4350967,California
Los Angeles,2021-04-19,77239,6895557,40473,3493803,36749,3089234,17,312520,34755,1582032,42260,2803720,34785,4385752,California
Los Angeles,2021-04-20,104078,6999635,50773,3544576,53275,3142509,30,312550,51623,1581521,52172,2855892,51661,4437413,California
Los Angeles,2021-04-21,111767,7111402,53289,3597865,58287,3200796,191,312741,49634,1569602,61750,2917642,49831,4487244,California
Los Angeles,2021-04-22,117069,7228471,60135,3658000,56901,3257697,33,312774,51675,1556286,65037,2982679,51721,4538965,California
Los Angeles,2021-04-23,116414,7344885,63254,3721254,53139,3310836,21,312795,55623,1551482,60458,3043137,55654,4594619,California
Los Angeles,2021-04-24,90417,7435302,57453,3778707,32922,3343758,42,312837,50471,1562311,39697,3082834,50526,4645145,California
Los Angeles,2021-04-25,37986,7473288,25160,3803867,12820,3356578,6,312843,20447,1565350,17414,3100248,20453,4665598,California
Los Angeles,2021-04-26,78220,7551508,40417,3844284,37294,3393872,509,313352,38644,1565162,39341,3139589,39153,4704751,California
Los Angeles,2021-04-27,94555,7646063,45098,3889382,47456,3441328,2001,315353,36590,1546075,57668,3197257,38581,4743332,California
Los Angeles,2021-04-28,86558,7732621,41311,3930693,43153,3484481,2094,317447,34196,1530352,52003,3249260,36280,4779612,California
Los Angeles,2021-04-29,93241,7825862,46038,3976731,44990,3529471,2213,319660,33680,1507085,59153,3308413,35886,4815498,California
Los Angeles,2021-04-30,101501,7927363,49842,4026573,49203,3578674,2456,322116,37140,1482769,63899,3372312,39583,4855081,California
Los Angeles,2021-05-01,75705,8003068,42353,4068926,31833,3610507,1519,323635,28543,1466003,46825,3419137,30059,4885140,California
Los Angeles,2021-05-02,28069,8031137,18023,4086949,9306,3619813,740,324375,10166,1459136,17779,3436916,10912,4896052,California
Los Angeles,2021-05-03,62553,8093690,30376,4117325,29939,3649752,2238,326613,22742,1444569,39534,3476450,24967,4921019,California
Los Angeles,2021-05-04,87369,8181059,48183,4165508,36891,3686643,2295,328908,27436,1414677,59613,3536063,29721,4950740,California
Los Angeles,2021-05-05,91031,8272090,53118,4218626,35522,3722165,2391,331299,25269,1376934,65393,3601456,27650,4978390,California
Los Angeles,2021-05-06,97257,8369347,58297,4276923,36443,3758608,2517,333816,23091,1328755,73773,3675229,25594,5003984,California
Los Angeles,2021-05-07,97862,8467209,57745,4334668,37741,3796349,2376,336192,26990,1287610,70493,3745722,29348,5033332,California
Los Angeles,2021-05-08,65134,8532343,42685,4377353,20752,3817101,1697,337889,17746,1259997,47055,3792777,19442,5052774,California
Los Angeles,2021-05-09,23735,8556078,18079,4395432,4918,3822019,738,338627,6008,1249116,17626,3810403,6745,5059519,California
Los Angeles,2021-05-10,49592,8605670,26061,4421493,21644,3843663,1887,340514,15057,1231759,34297,3844700,16940,5076459,California
Los Angeles,2021-05-11,69736,8675406,37370,4458863,30226,3873889,2140,342654,18257,1200935,51206,3895906,20382,5096841,California
Los Angeles,2021-05-12,71866,8747272,39106,4497969,30440,3904329,2320,344974,20897,1173486,50650,3946556,23201,5120042,California
Los Angeles,2021-05-13,78378,8825650,47255,4545224,29390,3933719,1733,346707,28532,1154291,49449,3996005,30254,5150296,California
Los Angeles,2021-05-14,89717,8915367,57126,4602350,30711,3964430,1880,348587,34509,1135825,54849,4050854,36383,5186679,California
Los Angeles,2021-05-15,75517,8990884,52863,4655213,21147,3985577,1507,350094,29178,1120443,46055,4096909,30673,5217352,California
Los Angeles,2021-05-16,30627,9021511,24223,4679436,5793,3991370,611,350705,12071,1114669,18456,4115365,12682,5230034,California
Los Angeles,2021-05-17,61958,9083469,40112,4719548,20060,4011430,1786,352491,25156,1105031,36554,4151919,26916,5256950,California
Los Angeles,2021-05-18,64935,9148404,38324,4757872,24779,4036209,1832,354323,25761,1093691,38901,4190820,27561,5284511,California
Los Angeles,2021-05-19,67517,9215921,40690,4798562,24987,4061196,1840,356163,29363,1086999,37880,4228700,31188,5315699,California
Los Angeles,2021-05-20,66238,9282159,36996,4835558,27163,4088359,2079,358242,25562,1074337,40295,4268995,27633,5343332,California
Los Angeles,2021-05-21,70090,9352249,42498,4878056,25515,4113874,2077,360319,27735,1062165,41969,4310964,29797,5373129,California
Los Angeles,2021-05-22,57151,9409400,37246,4915302,18254,4132128,1651,361970,23254,1053396,33660,4344624,24891,5398020,California
Los Angeles,2021-05-23,23529,9432929,16188,4931490,6498,4138626,843,362813,10543,1051920,12858,4357482,11382,5409402,California
Los Angeles,2021-05-24,48499,9481428,26595,4958085,20053,4158679,1851,364664,18323,1042136,29942,4387424,20158,5429560,California
Los Angeles,2021-05-25,49804,9531232,28816,4986901,19218,4177897,1770,366434,19200,1032880,30351,4417775,21095,5450655,California
Los Angeles,2021-05-26,47172,9578404,26671,5013572,18664,4196561,1837,368271,19772,1027497,26982,4444757,21599,5472254,California
Los Angeles,2021-05-27,45458,9623862,25421,5038993,18202,4214763,1835,370106,19065,1022256,26150,4470907,20909,5493163,California
Los Angeles,2021-05-28,52299,9676161,29635,5068628,20766,4235529,1898,372004,23391,1018948,28591,4499498,25283,5518446,California
Los Angeles,2021-05-29,30471,9706632,17606,5086234,11821,4247350,1044,373048,14327,1018357,15957,4515455,15366,5533812,California
Los Angeles,2021-05-30,12467,9719099,8173,5094407,3561,4250911,733,373781,5897,1018485,6515,4521970,6643,5540455,California
Los Angeles,2021-05-31,6038,9725137,3735,5098142,1997,4252908,306,374087,1735,1016280,4246,4526216,2041,5542496,California
Los Angeles,2021-06-01,46231,9771368,25893,5124035,18767,4271675,1571,375658,17700,1007348,28190,4554406,19258,5561754,California
Los Angeles,2021-06-02,38520,9809888,22228,5146263,14843,4286518,1449,377107,15369,1001282,22872,4577278,16806,5578560,California
Los Angeles,2021-06-03,42741,9852629,28298,5174561,12886,4299404,1557,378664,14750,989864,27709,4604987,16291,5594851,California
Los Angeles,2021-06-04,52299,9904928,35328,5209889,15296,4314700,1675,380339,16630,972838,35311,4640298,18285,5613136,California
Los Angeles,2021-06-05,42389,9947317,30397,5240286,10617,4325317,1375,381714,12543,957083,29659,4669957,13904,5627040,California
Los Angeles,2021-06-06,14647,9961964,12083,5252369,1828,4327145,736,382450,4077,951392,10502,4680459,4811,5631851,California
Los Angeles,2021-06-07,36847,9998811,26306,5278675,9094,4336239,1447,383897,11792,939759,24858,4705317,13225,5645076,California
Los Angeles,2021-06-08,38296,10037107,26375,5305050,10333,4346572,1588,385485,12981,929296,25020,4730337,14557,5659633,California
Los Angeles,2021-06-09,39757,10076864,28069,5333119,10172,4356744,1516,387001,11737,914755,27772,4758109,13231,5672864,California
Los Angeles,2021-06-10,36512,10113376,25270,5358389,9642,4366386,1600,388601,11542,903136,24744,4782853,13125,5685989,California
Los Angeles,2021-06-11,41084,10154460,28160,5386549,11270,4377656,1654,390255,13446,890879,27343,4810196,15086,5701075,California
Los Angeles,2021-06-12,33259,10187719,23944,5410493,8095,4385751,1220,391475,10301,879597,22792,4832988,11510,5712585,California
Los Angeles,2021-06-13,11486,10199205,8221,5418714,2629,4388380,636,392111,2748,874303,8672,4841660,3378,5715963,California
Los Angeles,2021-06-14,32464,10231669,23326,5442040,7765,4396145,1373,393484,11593,866569,20684,4862344,12950,5728913,California
Los Angeles,2021-06-15,33707,10265376,22636,5464676,9393,4405538,1678,395162,11768,858399,21590,4883934,13420,5742333,California
Los Angeles,2021-06-16,32144,10297520,22229,5486905,8201,4413739,1714,396876,11293,850774,20626,4904560,13001,5755334,California
Los Angeles,2021-06-17,28331,10325851,19137,5506042,7838,4421577,1356,398232,10545,845128,17535,4922095,11889,5767223,California
Los Angeles,2021-06-18,33701,10359552,23313,5529355,8810,4430387,1578,399810,12092,837532,21248,4943343,13652,5780875,California
Los Angeles,2021-06-19,21221,10380773,14391,5543746,5727,4436114,1103,400913,8125,833916,12828,4956171,9212,5790087,California
Los Angeles,2021-06-20,8424,10389197,5927,5549673,2008,4438122,489,401402,3068,832187,5282,4961453,3553,5793640,California
Los Angeles,2021-06-21,18284,10407481,11378,5561051,5845,4443967,1061,402463,9982,835030,8188,4969641,11031,5804671,California
Los Angeles,2021-06-22,24932,10432413,16965,5578016,6845,4450812,1122,403585,9817,831016,14949,4984590,10935,5815606,California
Los Angeles,2021-06-23,23562,10455975,16458,5594474,6108,4456920,996,404581,9635,827877,13763,4998353,10624,5826230,California
Los Angeles,2021-06-24,12581,10468556,8909,5603383,2750,4459670,922,405503,4489,825302,7952,5006305,5377,5831607,California
Madera,2020-12-16,22,22,22,22,0,0,0,0,22,22,0,0,22,22,California
Madera,2020-12-17,12,34,12,34,0,0,0,0,12,34,0,0,12,34,California
Madera,2020-12-18,60,94,60,94,0,0,0,0,60,94,0,0,60,94,California
Madera,2020-12-19,5,99,5,99,0,0,0,0,5,99,0,0,5,99,California
Madera,2020-12-20,14,113,14,113,0,0,0,0,14,113,0,0,14,113,California
Madera,2020-12-21,59,172,59,172,0,0,0,0,59,172,0,0,59,172,California
Madera,2020-12-22,97,269,95,267,2,2,0,0,97,269,0,0,97,269,California
Madera,2020-12-23,67,336,67,334,0,2,0,0,67,336,0,0,67,336,California
Madera,2020-12-24,45,381,40,374,5,7,0,0,45,381,0,0,45,381,California
Madera,2020-12-26,27,408,26,400,1,8,0,0,27,408,0,0,27,408,California
Madera,2020-12-27,30,438,12,412,18,26,0,0,30,438,0,0,30,438,California
Madera,2020-12-28,107,545,36,448,71,97,0,0,107,545,0,0,107,545,California
Madera,2020-12-29,175,720,37,485,138,235,0,0,175,720,0,0,175,720,California
Madera,2020-12-30,224,944,88,573,136,371,0,0,224,944,0,0,224,944,California
Madera,2020-12-31,202,1146,80,653,122,493,0,0,202,1146,0,0,202,1146,California
Madera,2021-01-01,2,1148,1,654,1,494,0,0,2,1148,0,0,2,1148,California
Madera,2021-01-02,89,1237,33,687,56,550,0,0,89,1237,0,0,89,1237,California
Madera,2021-01-03,4,1241,4,691,0,550,0,0,4,1241,0,0,4,1241,California
Madera,2021-01-04,130,1371,66,757,64,614,0,0,130,1371,0,0,130,1371,California
Madera,2021-01-05,280,1651,143,900,137,751,0,0,276,1643,4,4,276,1647,California
Madera,2021-01-06,184,1835,27,927,157,908,0,0,164,1787,20,24,164,1811,California
Madera,2021-01-07,401,2236,117,1044,284,1192,0,0,378,2143,23,47,379,2190,California
Madera,2021-01-08,419,2655,72,1116,347,1539,0,0,364,2454,54,101,365,2555,California
Madera,2021-01-09,37,2692,14,1130,23,1562,0,0,28,2473,9,110,28,2583,California
Madera,2021-01-10,17,2709,14,1144,3,1565,0,0,5,2466,12,122,5,2588,California
Madera,2021-01-11,239,2948,191,1335,48,1613,0,0,198,2623,41,163,198,2786,California
Madera,2021-01-12,389,3337,157,1492,232,1845,0,0,285,2804,104,267,285,3071,California
Madera,2021-01-13,182,3519,91,1583,91,1936,0,0,126,2875,56,323,127,3198,California
Madera,2021-01-14,555,4074,83,1666,472,2408,0,0,521,3362,34,357,521,3719,California
Madera,2021-01-15,599,4673,160,1826,439,2847,0,0,578,3919,21,378,578,4297,California
Madera,2021-01-16,383,5056,49,1875,334,3181,0,0,355,4246,28,406,355,4652,California
Madera,2021-01-17,334,5390,15,1890,319,3500,0,0,330,4572,4,410,330,4982,California
Madera,2021-01-18,77,5467,61,1951,16,3516,0,0,58,4612,18,428,58,5040,California
Madera,2021-01-19,569,6036,134,2085,435,3951,0,0,542,5128,27,455,543,5583,California
Madera,2021-01-20,239,6275,81,2166,158,4109,0,0,210,5310,28,483,210,5793,California
Madera,2021-01-21,242,6517,133,2299,109,4218,0,0,208,5486,32,515,208,6001,California
Madera,2021-01-22,258,6775,83,2382,175,4393,0,0,242,5712,16,531,242,6243,California
Madera,2021-01-23,101,6876,53,2435,48,4441,0,0,77,5765,24,555,77,6320,California
Madera,2021-01-24,100,6976,81,2516,19,4460,0,0,78,5821,22,577,78,6398,California
Madera,2021-01-25,269,7245,126,2642,143,4603,0,0,146,5844,123,700,146,6544,California
Madera,2021-01-26,493,7738,190,2832,303,4906,0,0,301,5955,191,891,302,6846,California
Madera,2021-01-27,744,8482,63,2895,681,5587,0,0,607,6427,137,1028,609,7455,California
Madera,2021-01-28,549,9031,110,3005,439,6026,0,0,443,6765,106,1134,444,7899,California
Madera,2021-01-29,469,9500,94,3099,375,6401,0,0,414,7124,55,1189,414,8313,California
Madera,2021-01-30,504,10004,16,3115,488,6889,0,0,450,7520,54,1243,450,8763,California
Madera,2021-01-31,8,10012,5,3120,3,6892,0,0,7,7526,1,1244,7,8770,California
Madera,2021-02-01,331,10343,146,3266,185,7077,0,0,205,7605,126,1370,205,8975,California
Madera,2021-02-02,253,10596,89,3355,164,7241,0,0,160,7674,92,1462,161,9136,California
Madera,2021-02-03,597,11193,461,3816,136,7377,0,0,478,8036,117,1579,479,9615,California
Madera,2021-02-04,398,11591,126,3942,272,7649,0,0,117,7874,280,1859,118,9733,California
Madera,2021-02-05,977,12568,299,4241,678,8327,0,0,370,7644,601,2460,371,10104,California
Madera,2021-02-06,361,12929,326,4567,35,8362,0,0,320,7924,40,2500,320,10424,California
Madera,2021-02-07,35,12964,7,4574,28,8390,0,0,30,7949,5,2505,30,10454,California
Madera,2021-02-08,383,13347,307,4881,76,8466,0,0,268,8103,114,2619,268,10722,California
Madera,2021-02-09,481,13828,117,4998,364,8830,0,0,197,8020,281,2900,198,10920,California
Madera,2021-02-10,433,14261,149,5147,284,9114,0,0,326,8241,106,3006,327,11247,California
Madera,2021-02-11,935,15196,306,5453,629,9743,0,0,402,8112,532,3538,403,11650,California
Madera,2021-02-12,847,16043,120,5573,727,10470,0,0,313,7900,528,4066,316,11966,California
Madera,2021-02-13,484,16527,45,5618,439,10909,0,0,136,7692,347,4413,139,12105,California
Madera,2021-02-14,401,16928,74,5692,327,11236,0,0,135,7562,266,4679,136,12241,California
Madera,2021-02-15,246,17174,100,5792,146,11382,0,0,175,7667,70,4749,175,12416,California
Madera,2021-02-16,777,17951,184,5976,593,11975,0,0,227,7347,548,5297,228,12644,California
Madera,2021-02-17,614,18565,275,6251,339,12314,0,0,341,7424,266,5563,343,12987,California
Madera,2021-02-18,1301,19866,539,6790,762,13076,0,0,1122,8368,179,5742,1123,14110,California
Madera,2021-02-19,859,20725,543,7333,316,13392,0,0,717,8944,142,5884,718,14828,California
Madera,2021-02-20,1071,21796,979,8312,92,13484,0,0,998,9871,72,5956,999,15827,California
Madera,2021-02-21,963,22759,820,9132,143,13627,0,0,958,10824,5,5961,958,16785,California
Madera,2021-02-22,912,23671,834,9966,78,13705,0,0,856,11624,56,6017,856,17641,California
Madera,2021-02-23,736,24407,464,10430,272,13977,0,0,522,11933,213,6230,522,18163,California
Madera,2021-02-24,911,25318,300,10730,611,14588,0,0,381,11785,529,6759,381,18544,California
Madera,2021-02-25,1034,26352,317,11047,717,15305,0,0,600,11953,432,7191,600,19144,California
Madera,2021-02-26,1094,27446,198,11245,896,16201,0,0,712,12285,380,7571,712,19856,California
Madera,2021-02-27,926,28372,293,11538,633,16834,0,0,495,12356,428,7999,499,20355,California
Madera,2021-02-28,193,28565,30,11568,163,16997,0,0,187,12537,6,8005,187,20542,California
Madera,2021-03-01,378,28943,119,11687,259,17256,0,0,195,12551,181,8186,195,20737,California
Madera,2021-03-02,742,29685,350,12037,392,17648,0,0,628,13069,112,8298,630,21367,California
Madera,2021-03-03,1358,31043,729,12766,629,18277,0,0,952,13644,403,8701,978,22345,California
Madera,2021-03-04,1204,32247,526,13292,678,18955,0,0,951,14344,254,8955,954,23299,California
Madera,2021-03-05,1360,33607,420,13712,927,19882,13,13,1079,15168,279,9234,1103,24402,California
Madera,2021-03-06,817,34424,635,14347,150,20032,32,45,499,15383,317,9551,532,24934,California
Madera,2021-03-07,154,34578,27,14374,105,20137,22,67,105,15461,49,9600,127,25061,California
Madera,2021-03-08,603,35181,336,14710,208,20345,59,126,310,15539,293,9893,371,25432,California
Madera,2021-03-09,597,35778,296,15006,267,20612,34,160,408,15802,187,10080,450,25882,California
Madera,2021-03-10,1192,36970,558,15564,554,21166,80,240,756,16208,431,10511,837,26719,California
Madera,2021-03-11,1683,38653,867,16431,488,21654,328,568,770,16407,911,11422,1110,27829,California
Madera,2021-03-12,1583,40236,820,17251,608,22262,155,723,801,16612,780,12202,985,28814,California
Madera,2021-03-13,1889,42125,1328,18579,362,22624,199,922,820,16582,1065,13267,1035,29849,California
Madera,2021-03-14,585,42710,449,19028,104,22728,32,954,294,16620,288,13555,326,30175,California
Madera,2021-03-15,741,43451,225,19253,470,23198,46,1000,516,16986,222,13777,588,30763,California
Madera,2021-03-16,931,44382,528,19781,356,23554,47,1047,741,17604,187,13964,805,31568,California
Madera,2021-03-17,1463,45845,980,20761,420,23974,63,1110,909,18120,545,14509,1061,32629,California
Madera,2021-03-18,1956,47801,687,21448,1205,25179,64,1174,978,18273,972,15481,1125,33754,California
Madera,2021-03-19,1586,49387,591,22039,913,26092,82,1256,1044,18927,538,16019,1192,34946,California
Madera,2021-03-20,1182,50569,776,22815,353,26445,53,1309,614,19075,567,16586,715,35661,California
Madera,2021-03-21,1101,51670,899,23714,157,26602,45,1354,381,18785,717,17303,427,36088,California
Madera,2021-03-22,1360,53030,854,24568,440,27042,66,1420,688,18912,669,17972,796,36884,California
Madera,2021-03-23,1432,54462,877,25445,464,27506,91,1511,682,19019,748,18720,855,37739,California
Madera,2021-03-24,949,55411,510,25955,408,27914,31,1542,616,19340,330,19050,651,38390,California
Madera,2021-03-25,1167,56578,527,26482,616,28530,24,1566,643,19506,514,19564,680,39070,California
Madera,2021-03-26,1521,58099,577,27059,812,29342,132,1698,713,19550,804,20368,848,39918,California
Madera,2021-03-27,927,59026,605,27664,297,29639,25,1723,415,19483,508,20876,441,40359,California
Madera,2021-03-28,435,59461,151,27815,224,29863,60,1783,241,19644,193,21069,354,40713,California
Madera,2021-03-29,682,60143,178,27993,475,30338,29,1812,489,19977,189,21258,522,41235,California
Madera,2021-03-30,1069,61212,605,28598,435,30773,29,1841,478,19898,588,21846,509,41744,California
Madera,2021-03-31,1401,62613,543,29141,721,31494,137,1978,425,19491,970,22816,563,42307,California
Madera,2021-04-01,1385,63998,626,29767,708,32202,51,2029,481,19127,894,23710,530,42837,California
Madera,2021-04-02,1607,65605,461,30228,1087,33289,59,2088,479,18549,1117,24827,539,43376,California
Madera,2021-04-03,963,66568,764,30992,179,33468,20,2108,393,18403,568,25395,422,43798,California
Madera,2021-04-04,187,66755,65,31057,120,33588,2,2110,87,18392,100,25495,89,43887,California
Madera,2021-04-05,735,67490,252,31309,424,34012,59,2169,338,18408,395,25890,411,44298,California
Madera,2021-04-06,1703,69193,887,32196,462,34474,354,2523,529,18120,1172,27062,884,45182,California
Madera,2021-04-07,1228,70421,382,32578,696,35170,150,2673,423,17896,802,27864,578,45760,California
Madera,2021-04-08,1726,72147,669,33247,798,35968,259,2932,555,17552,1164,29028,820,46580,California
Madera,2021-04-09,1647,73794,695,33942,803,36771,149,3081,945,17952,697,29725,1097,47677,California
Madera,2021-04-10,978,74772,686,34628,224,36995,68,3149,711,18464,268,29993,780,48457,California
Madera,2021-04-11,813,75585,658,35286,76,37071,79,3228,288,18308,521,30514,365,48822,California
Madera,2021-04-12,817,76402,295,35581,447,37518,75,3303,316,18199,501,31015,392,49214,California
Madera,2021-04-13,1248,77650,617,36198,589,38107,42,3345,726,18457,520,31535,778,49992,California
Madera,2021-04-14,1400,79050,867,37065,533,38640,0,3345,577,18217,823,32358,583,50575,California
Madera,2021-04-15,1171,80221,510,37575,660,39300,1,3346,423,17906,736,33094,425,51000,California
Madera,2021-04-16,1361,81582,546,38121,815,40115,0,3346,385,17331,962,34056,387,51387,California
Madera,2021-04-17,1295,82877,1091,39212,204,40319,0,3346,775,17588,518,34574,775,52162,California
Madera,2021-04-18,250,83127,210,39422,40,40359,0,3346,89,17518,159,34733,89,52251,California
Madera,2021-04-19,812,83939,243,39665,568,40927,1,3347,281,17274,525,35258,281,52532,California
Madera,2021-04-20,883,84822,435,40100,448,41375,0,3347,225,16847,654,35912,227,52759,California
Madera,2021-04-21,864,85686,457,40557,407,41782,0,3347,293,16572,570,36482,295,53054,California
Madera,2021-04-22,1080,86766,513,41070,567,42349,0,3347,375,16247,701,37183,376,53430,California
Madera,2021-04-23,960,87726,307,41377,653,43002,0,3347,335,15962,620,37803,335,53765,California
Madera,2021-04-24,709,88435,467,41844,242,43244,0,3347,248,15754,457,38260,249,54014,California
Madera,2021-04-25,264,88699,160,42004,101,43345,3,3350,117,15732,143,38403,121,54135,California
Madera,2021-04-26,553,89252,99,42103,448,43793,6,3356,128,15444,422,38825,134,54269,California
Madera,2021-04-27,621,89873,275,42378,321,44114,25,3381,315,15480,305,39130,341,54610,California
Madera,2021-04-28,501,90374,199,42577,283,44397,19,3400,245,15489,254,39384,263,54873,California
Madera,2021-04-29,547,90921,245,42822,275,44672,27,3427,257,15490,283,39667,284,55157,California
Madera,2021-04-30,938,91859,506,43328,416,45088,16,3443,271,15117,661,40328,288,55445,California
Madera,2021-05-01,968,92827,870,44198,85,45173,13,3456,389,14941,578,40906,402,55847,California
Madera,2021-05-02,401,93228,353,44551,43,45216,5,3461,146,14837,255,41161,151,55998,California
Madera,2021-05-03,500,93728,198,44749,262,45478,40,3501,101,14582,396,41557,141,56139,California
Madera,2021-05-04,905,94633,435,45184,426,45904,44,3545,214,14149,691,42248,258,56397,California
Madera,2021-05-05,1016,95649,485,45669,471,46375,60,3605,277,13749,737,42985,337,56734,California
Madera,2021-05-06,697,96346,247,45916,418,46793,32,3637,156,13401,536,43521,188,56922,California
Madera,2021-05-07,809,97155,279,46195,509,47302,21,3658,194,13006,609,44130,214,57136,California
Madera,2021-05-08,971,98126,758,46953,202,47504,11,3669,185,12417,785,44915,196,57332,California
Madera,2021-05-09,146,98272,20,46973,115,47619,11,3680,35,12353,110,45025,46,57378,California
Madera,2021-05-10,359,98631,73,47046,274,47893,12,3692,99,12205,259,45284,111,57489,California
Madera,2021-05-11,529,99160,177,47223,343,48236,9,3701,171,12029,356,45640,180,57669,California
Madera,2021-05-12,505,99665,228,47451,241,48477,36,3737,127,11816,376,46016,163,57832,California
Madera,2021-05-13,508,100173,309,47760,167,48644,32,3769,179,11701,326,46342,211,58043,California
Madera,2021-05-14,537,100710,270,48030,243,48887,24,3793,236,11663,298,46640,260,58303,California
Madera,2021-05-15,560,101270,476,48506,76,48963,8,3801,363,11839,195,46835,371,58674,California
Madera,2021-05-16,256,101526,188,48694,36,48999,32,3833,105,11825,151,46986,137,58811,California
Madera,2021-05-17,451,101977,189,48883,234,49233,28,3861,205,11815,243,47229,233,59044,California
Madera,2021-05-18,549,102526,366,49249,159,49392,24,3885,289,11872,256,47485,313,59357,California
Madera,2021-05-19,487,103013,224,49473,241,49633,22,3907,216,11841,269,47754,238,59595,California
Madera,2021-05-20,591,103604,269,49742,284,49917,38,3945,233,11761,351,48105,271,59866,California
Madera,2021-05-21,502,104106,193,49935,282,50199,27,3972,193,11677,304,48409,220,60086,California
Madera,2021-05-22,902,105008,816,50751,74,50273,12,3984,530,11848,371,48780,542,60628,California
Madera,2021-05-23,266,105274,239,50990,17,50290,10,3994,142,11877,123,48903,152,60780,California
Madera,2021-05-24,303,105577,136,51126,126,50416,41,4035,118,11853,184,49087,160,60940,California
Madera,2021-05-25,382,105959,170,51296,180,50596,32,4067,152,11810,228,49315,185,61125,California
Madera,2021-05-26,447,106406,260,51556,165,50761,22,4089,239,11866,205,49520,261,61386,California
Madera,2021-05-27,374,106780,136,51692,200,50961,38,4127,132,11800,238,49758,172,61558,California
Madera,2021-05-28,445,107225,171,51863,246,51207,28,4155,176,11737,267,50025,204,61762,California
Madera,2021-05-29,308,107533,217,52080,73,51280,18,4173,168,11783,140,50165,186,61948,California
Madera,2021-05-30,61,107594,26,52106,31,51311,4,4177,28,11783,32,50197,32,61980,California
Madera,2021-05-31,26,107620,9,52115,13,51324,4,4181,12,11785,14,50211,16,61996,California
Madera,2021-06-01,287,107907,143,52258,121,51445,23,4204,108,11739,177,50388,131,62127,California
Madera,2021-06-02,396,108303,126,52384,247,51692,23,4227,121,11609,274,50662,144,62271,California
Madera,2021-06-03,281,108584,149,52533,117,51809,15,4242,90,11523,191,50853,105,62376,California
Madera,2021-06-04,376,108960,241,52774,124,51933,11,4253,148,11455,227,51080,159,62535,California
Madera,2021-06-05,511,109471,386,53160,112,52045,13,4266,148,11258,358,51438,161,62696,California
Madera,2021-06-06,135,109606,115,53275,13,52058,7,4273,39,11208,96,51534,46,62742,California
Madera,2021-06-07,250,109856,155,53430,74,52132,21,4294,44,11067,206,51740,65,62807,California
Madera,2021-06-08,388,110244,273,53703,94,52226,21,4315,98,10896,290,52030,119,62926,California
Madera,2021-06-09,371,110615,236,53939,109,52335,26,4341,142,10836,228,52258,168,63094,California
Madera,2021-06-10,339,110954,196,54135,127,52462,16,4357,116,10747,221,52479,132,63226,California
Madera,2021-06-11,379,111333,220,54355,127,52589,32,4389,171,10741,207,52686,201,63427,California
Madera,2021-06-12,570,111903,501,54856,54,52643,15,4404,91,10368,479,53165,106,63533,California
Madera,2021-06-13,192,112095,158,55014,29,52672,5,4409,53,10288,138,53303,58,63591,California
Madera,2021-06-14,227,112322,163,55177,41,52713,23,4432,89,10265,135,53438,112,63703,California
Madera,2021-06-15,359,112681,248,55425,78,52791,33,4465,155,10250,203,53641,188,63891,California
Madera,2021-06-16,328,113009,252,55677,62,52853,14,4479,119,10179,204,53845,133,64024,California
Madera,2021-06-17,264,113273,131,55808,124,52977,9,4488,98,10121,165,54010,107,64131,California
Madera,2021-06-18,273,113546,174,55982,75,53052,24,4512,117,10106,155,54165,140,64271,California
Madera,2021-06-19,246,113792,199,56181,39,53091,8,4520,80,10028,166,54331,88,64359,California
Madera,2021-06-20,55,113847,45,56226,3,53094,7,4527,27,10034,28,54359,34,64393,California
Madera,2021-06-21,164,114011,79,56305,60,53154,25,4552,73,10041,91,54450,98,64491,California
Madera,2021-06-22,235,114246,158,56463,58,53212,19,4571,115,10057,118,54568,134,64625,California
Madera,2021-06-23,262,114508,188,56651,65,53277,9,4580,139,10082,123,54691,148,64773,California
Madera,2021-06-24,136,114644,56,56707,64,53341,16,4596,51,10064,85,54776,67,64840,California
Marin,2020-12-15,2,2,2,2,0,0,0,0,2,2,0,0,2,2,California
Marin,2020-12-16,108,110,108,110,0,0,0,0,108,110,0,0,108,110,California
Marin,2020-12-17,274,384,274,384,0,0,0,0,274,384,0,0,274,384,California
Marin,2020-12-18,390,774,390,774,0,0,0,0,390,774,0,0,390,774,California
Marin,2020-12-19,348,1122,347,1121,1,1,0,0,348,1122,0,0,348,1122,California
Marin,2020-12-20,167,1289,166,1287,1,2,0,0,167,1289,0,0,167,1289,California
Marin,2020-12-21,237,1526,234,1521,3,5,0,0,237,1526,0,0,237,1526,California
Marin,2020-12-22,522,2048,318,1839,204,209,0,0,522,2048,0,0,522,2048,California
Marin,2020-12-23,731,2779,316,2155,415,624,0,0,731,2779,0,0,731,2779,California
Marin,2020-12-24,359,3138,160,2315,199,823,0,0,359,3138,0,0,359,3138,California
Marin,2020-12-25,27,3165,0,2315,27,850,0,0,27,3165,0,0,27,3165,California
Marin,2020-12-26,144,3309,95,2410,49,899,0,0,144,3309,0,0,144,3309,California
Marin,2020-12-27,91,3400,54,2464,37,936,0,0,91,3400,0,0,91,3400,California
Marin,2020-12-28,408,3808,99,2563,309,1245,0,0,408,3808,0,0,408,3808,California
Marin,2020-12-29,399,4207,88,2651,311,1556,0,0,399,4207,0,0,399,4207,California
Marin,2020-12-30,630,4837,390,3041,240,1796,0,0,630,4837,0,0,630,4837,California
Marin,2020-12-31,201,5038,35,3076,166,1962,0,0,200,5036,1,1,200,5037,California
Marin,2021-01-01,30,5068,14,3090,16,1978,0,0,30,5066,0,1,30,5067,California
Marin,2021-01-02,112,5180,106,3196,6,1984,0,0,112,5178,0,1,112,5179,California
Marin,2021-01-03,49,5229,31,3227,18,2002,0,0,45,5223,0,1,45,5224,California
Marin,2021-01-04,297,5526,193,3420,104,2106,0,0,296,5518,1,2,296,5520,California
Marin,2021-01-05,367,5893,219,3639,148,2254,0,0,324,5799,43,45,324,5844,California
Marin,2021-01-06,821,6714,320,3959,501,2755,0,0,639,6256,182,227,639,6483,California
Marin,2021-01-07,889,7603,502,4461,387,3142,0,0,530,6427,359,586,530,7013,California
Marin,2021-01-08,976,8579,517,4978,459,3601,0,0,587,6626,388,974,587,7600,California
Marin,2021-01-09,617,9196,222,5200,395,3996,0,0,487,6983,130,1104,487,8087,California
Marin,2021-01-10,131,9327,102,5302,29,4025,0,0,57,6966,74,1178,57,8144,California
Marin,2021-01-11,469,9796,325,5627,144,4169,0,0,248,6995,221,1399,250,8394,California
Marin,2021-01-12,938,10734,544,6171,394,4563,0,0,568,7197,366,1765,568,8962,California
Marin,2021-01-13,1173,11907,497,6668,676,5239,0,0,938,7900,235,2000,938,9900,California
Marin,2021-01-14,1076,12983,323,6991,753,5992,0,0,925,8676,149,2149,925,10825,California
Marin,2021-01-15,1164,14147,357,7348,807,6799,0,0,1033,9580,130,2279,1034,11859,California
Marin,2021-01-16,1127,15274,917,8265,210,7009,0,0,1051,10555,76,2355,1051,12910,California
Marin,2021-01-17,1228,16502,1109,9374,119,7128,0,0,1199,11729,28,2383,1202,14112,California
Marin,2021-01-18,365,16867,160,9534,205,7333,0,0,315,11994,50,2433,315,14427,California
Marin,2021-01-19,1153,18020,911,10445,242,7575,0,0,982,12806,170,2603,982,15409,California
Marin,2021-01-20,1795,19815,1210,11655,585,8160,0,0,1060,13143,723,3326,1060,16469,California
Marin,2021-01-21,1699,21514,1067,12722,632,8792,0,0,1340,14129,356,3682,1342,17811,California
Marin,2021-01-22,1711,23225,1090,13812,621,9413,0,0,1536,15491,175,3857,1537,19348,California
Marin,2021-01-23,1853,25078,1347,15159,506,9919,0,0,1764,17167,88,3945,1764,21112,California
Marin,2021-01-24,617,25695,165,15324,452,10371,0,0,584,17718,33,3978,584,21696,California
Marin,2021-01-25,1128,26823,230,15554,898,11269,0,0,692,17975,436,4414,693,22389,California
Marin,2021-01-26,1521,28344,783,16337,738,12007,0,0,1143,18741,377,4791,1143,23532,California
Marin,2021-01-27,1731,30075,891,17228,840,12847,0,0,1361,19735,368,5159,1362,24894,California
Marin,2021-01-28,2091,32166,1074,18302,1017,13864,0,0,1824,21294,266,5425,1825,26719,California
Marin,2021-01-29,2211,34377,1438,19740,773,14637,0,0,2013,23122,186,5611,2014,28733,California
Marin,2021-01-30,1719,36096,906,20646,813,15450,0,0,1639,24682,80,5691,1640,30373,California
Marin,2021-01-31,460,36556,323,20969,137,15587,0,0,433,25088,27,5718,433,30806,California
Marin,2021-02-01,1102,37658,417,21386,685,16272,0,0,903,25794,198,5916,904,31710,California
Marin,2021-02-02,1428,39086,498,21884,930,17202,0,0,762,25901,655,6571,762,32472,California
Marin,2021-02-03,1783,40869,425,22309,1358,18560,0,0,1274,26667,508,7079,1274,33746,California
Marin,2021-02-04,1536,42405,506,22815,1030,19590,0,0,927,26989,605,7684,927,34673,California
Marin,2021-02-05,2179,44584,676,23491,1503,21093,0,0,1337,27488,838,8522,1337,36010,California
Marin,2021-02-06,1429,46013,850,24341,579,21672,0,0,603,27266,825,9347,603,36613,California
Marin,2021-02-07,1295,47308,1010,25351,285,21957,0,0,496,26964,798,10145,496,37109,California
Marin,2021-02-08,1533,48841,758,26109,775,22732,0,0,731,26896,799,10944,731,37840,California
Marin,2021-02-09,1788,50629,1127,27236,661,23393,0,0,842,26792,946,11890,842,38682,California
Marin,2021-02-10,2356,52985,1502,28738,854,24247,0,0,1228,26895,1126,13016,1229,39911,California
Marin,2021-02-11,2884,55869,1653,30391,1231,25478,0,0,1455,26929,1424,14440,1458,41369,California
Marin,2021-02-12,3084,58953,1548,31939,1536,27014,0,0,1570,26989,1511,15951,1571,42940,California
Marin,2021-02-13,2344,61297,1246,33185,1098,28112,0,0,1126,26899,1216,17167,1126,44066,California
Marin,2021-02-14,819,62116,306,33491,513,28625,0,0,725,27531,94,17261,726,44792,California
Marin,2021-02-15,1229,63345,359,33850,870,29495,0,0,845,27994,383,17644,846,45638,California
Marin,2021-02-16,2470,65815,1057,34907,1413,30908,0,0,1506,28537,963,18607,1506,47144,California
Marin,2021-02-17,2112,67927,951,35858,1161,32069,0,0,1094,28616,1016,19623,1095,48239,California
Marin,2021-02-18,2432,70359,1590,37448,842,32911,0,0,1065,28317,1364,20987,1065,49304,California
Marin,2021-02-19,2789,73148,2178,39626,611,33522,0,0,1242,28027,1533,22520,1243,50547,California
Marin,2021-02-20,2620,75768,2151,41777,469,33991,0,0,1252,27921,1360,23880,1254,51801,California
Marin,2021-02-21,1330,77098,1129,42906,201,34192,0,0,944,28483,382,24262,944,52745,California
Marin,2021-02-22,1870,78968,1434,44340,436,34628,0,0,1237,29090,630,24892,1237,53982,California
Marin,2021-02-23,2911,81879,1681,46021,1230,35858,0,0,1953,30098,946,25838,1954,55936,California
Marin,2021-02-24,3547,85426,1635,47656,1912,37770,0,0,2269,31097,1271,27109,2270,58206,California
Marin,2021-02-25,4100,89526,1938,49594,2162,39932,0,0,2899,32805,1192,28301,2900,61106,California
Marin,2021-02-26,3682,93208,2006,51600,1676,41608,0,0,2654,34444,1016,29317,2655,63761,California
Marin,2021-02-27,2744,95952,1616,53216,1128,42736,0,0,1899,35505,840,30157,1901,65662,California
Marin,2021-02-28,1647,97599,929,54145,718,43454,0,0,1295,36451,349,30506,1295,66957,California
Marin,2021-03-01,2696,100295,1672,55817,1023,44477,1,1,1819,37403,868,31374,1820,68777,California
Marin,2021-03-02,2536,102831,1690,57507,845,45322,1,2,1735,38343,797,32171,1737,70514,California
Marin,2021-03-03,4353,107184,2426,59933,1923,47245,4,6,2817,39634,1530,33701,2821,73335,California
Marin,2021-03-04,3403,110587,1671,61604,1731,48976,1,7,2379,41001,1017,34718,2384,75719,California
Marin,2021-03-05,3085,113672,1179,62783,1894,50870,12,19,1806,41545,1274,35992,1818,77537,California
Marin,2021-03-06,3238,116910,2321,65104,839,51709,78,97,2661,43712,572,36564,2739,80276,California
Marin,2021-03-07,1397,118307,1173,66277,200,51909,24,121,999,44342,393,36957,1023,81299,California
Marin,2021-03-08,1903,120210,1391,67668,395,52304,117,238,1426,45412,473,37430,1543,82842,California
Marin,2021-03-09,2233,122443,1343,69011,779,53083,111,349,1547,46385,683,38113,1656,84498,California
Marin,2021-03-10,4473,126916,2511,71522,1669,54752,293,642,3219,48647,1249,39362,3511,88009,California
Marin,2021-03-11,4596,131512,1889,73411,2570,57322,137,779,3292,50779,1297,40659,3429,91438,California
Marin,2021-03-12,4009,135521,1553,74964,2099,59421,357,1136,1564,50266,2433,43092,1920,93358,California
Marin,2021-03-13,4112,139633,2867,77831,1171,60592,74,1210,2391,51007,1719,44811,2460,95818,California
Marin,2021-03-14,2282,141915,1104,78935,1060,61652,118,1328,699,50241,1581,46392,815,96633,California
Marin,2021-03-15,3264,145179,1783,80718,1432,63084,49,1377,1219,49475,2034,48426,1268,97901,California
Marin,2021-03-16,4306,149485,2324,83042,1619,64703,363,1740,1465,48464,2837,51263,1826,99727,California
Marin,2021-03-17,4224,153709,2289,85331,1882,66585,53,1793,2064,48433,2147,53410,2116,101843,California
Marin,2021-03-18,4506,158215,2278,87609,2153,68738,75,1868,2140,48296,2349,55759,2212,104055,California
Marin,2021-03-19,4496,162711,2309,89918,1966,70704,221,2089,2331,48691,2154,57913,2549,106604,California
Marin,2021-03-20,3602,166313,1999,91917,1488,72192,115,2204,1932,49078,1661,59574,2048,108652,California
Marin,2021-03-21,1549,167862,1148,93065,378,72570,23,2227,806,49167,740,60314,829,109481,California
Marin,2021-03-22,2502,170364,2156,95221,178,72748,168,2395,911,48661,1585,61899,1079,110560,California
Marin,2021-03-23,4294,174658,2237,97458,1928,74676,129,2524,1904,48312,2382,64281,2033,112593,California
Marin,2021-03-24,4465,179123,2907,100365,1443,76119,115,2639,1816,47605,2636,66917,1929,114522,California
Marin,2021-03-25,4666,183789,2844,103209,1750,77869,72,2711,2250,47524,2402,69319,2321,116843,California
Marin,2021-03-26,4324,188113,2353,105562,1757,79626,214,2925,2402,48234,1907,71226,2617,119460,California
Marin,2021-03-27,3712,191825,2662,108224,1031,80657,19,2944,1143,46837,2558,73784,1161,120621,California
Marin,2021-03-28,2384,194209,1722,109946,656,81313,6,2950,841,46148,1536,75320,847,121468,California
Marin,2021-03-29,2701,196910,2103,112049,572,81885,26,2976,1140,45756,1558,76878,1166,122634,California
Marin,2021-03-30,4678,201588,3655,115704,989,82874,34,3010,2956,47027,1719,78597,2990,125624,California
Marin,2021-03-31,5847,207435,4141,119845,1657,84531,49,3059,2553,46347,3283,81880,2603,128227,California
Marin,2021-04-01,4464,211899,2291,122136,1915,86446,258,3317,2117,46386,2335,84215,2374,130601,California
Marin,2021-04-02,3752,215651,1863,123999,1518,87964,371,3688,2012,47028,1732,85947,2374,132975,California
Marin,2021-04-03,3866,219517,2521,126520,966,88930,379,4067,1460,46476,2394,88341,1842,134817,California
Marin,2021-04-04,1653,221170,1241,127761,210,89140,202,4269,1200,47427,451,88792,1402,136219,California
Marin,2021-04-05,2222,223392,1541,129302,306,89446,375,4644,1272,48127,945,89737,1645,137864,California
Marin,2021-04-06,3993,227385,2125,131427,1315,90761,553,5197,2219,49129,1768,91505,2770,140634,California
Marin,2021-04-07,3996,231381,2015,133442,1333,92094,648,5845,1464,48718,2522,94027,2111,142745,California
Marin,2021-04-08,5064,236445,1979,135421,2473,94567,612,6457,2307,48884,2744,96771,2910,145655,California
Marin,2021-04-09,4005,240450,1567,136988,1709,96276,729,7186,1327,48263,2674,99445,2053,147708,California
Marin,2021-04-10,3227,243677,1486,138474,1307,97583,434,7620,1451,48382,1762,101207,1881,149589,California
Marin,2021-04-11,1069,244746,813,139287,93,97676,163,7783,478,48433,589,101796,640,150229,California
Marin,2021-04-12,1761,246507,1250,140537,348,98024,163,7946,922,48684,835,102631,1086,151315,California
Marin,2021-04-13,3780,250287,2312,142849,1461,99485,7,7953,1389,47700,2380,105011,1396,152711,California
Marin,2021-04-14,4269,254556,2554,145403,1712,101197,3,7956,1750,46957,2494,107505,1751,154462,California
Marin,2021-04-15,5645,260201,3981,149384,1664,102861,0,7956,3232,47792,2398,109903,3233,157695,California
Marin,2021-04-16,4304,264505,2258,151642,2043,104904,3,7959,2093,47694,2195,112098,2097,159792,California
Marin,2021-04-17,3583,268088,2180,153822,1403,106307,0,7959,1792,47703,1784,113882,1793,161585,California
Marin,2021-04-18,3197,271285,3096,156918,101,106408,0,7959,2550,49609,644,114526,2550,164135,California
Marin,2021-04-19,2066,273351,1887,158805,178,106586,1,7960,1167,49886,892,115418,1169,165304,California
Marin,2021-04-20,3734,277085,2582,161387,1152,107738,0,7960,1477,49117,2247,117665,1478,166782,California
Marin,2021-04-21,4064,281149,2976,164363,1085,108823,3,7963,1392,47858,2652,120317,1393,168175,California
Marin,2021-04-22,4242,285391,3223,167586,1019,109842,0,7963,1503,46636,2729,123046,1507,169682,California
Marin,2021-04-23,3250,288641,1812,169398,1438,111280,0,7963,1249,45896,1990,125036,1250,170932,California
Marin,2021-04-24,2529,291170,1687,171085,841,112121,1,7964,926,45233,1591,126627,928,171860,California
Marin,2021-04-25,1381,292551,1263,172348,118,112239,0,7964,304,44469,1068,127695,304,172164,California
Marin,2021-04-26,1638,294189,1402,173750,233,112472,3,7967,404,43647,1231,128926,409,172573,California
Marin,2021-04-27,3068,297257,2208,175958,809,113281,51,8018,999,42632,2060,130986,1045,173618,California
Marin,2021-04-28,2324,299581,1599,177557,674,113955,51,8069,733,41828,1587,132573,783,174401,California
Marin,2021-04-29,2910,302491,1989,179546,859,114814,62,8131,806,40604,2093,134666,869,175270,California
Marin,2021-04-30,1972,304463,1279,180825,606,115420,87,8218,699,40126,1264,135930,786,176056,California
Marin,2021-05-01,1839,306302,1027,181852,789,116209,23,8241,546,39410,1284,137214,568,176624,California
Marin,2021-05-02,730,307032,590,182442,111,116320,29,8270,201,39116,523,137737,229,176853,California
Marin,2021-05-03,1228,308260,1002,183444,170,116490,56,8326,267,38482,956,138693,322,177175,California
Marin,2021-05-04,2938,311198,1970,185414,876,117366,92,8418,477,36598,2453,141146,569,177744,California
Marin,2021-05-05,2779,313977,2020,187434,633,117999,126,8544,450,34851,2322,143468,575,178319,California
Marin,2021-05-06,3266,317243,2531,189965,646,118645,89,8633,427,32535,2829,146297,513,178832,California
Marin,2021-05-07,2048,319291,1545,191510,417,119062,86,8719,381,31339,1660,147957,464,179296,California
Marin,2021-05-08,2478,321769,1872,193382,484,119546,122,8841,340,29672,2130,150087,463,179759,California
Marin,2021-05-09,983,322752,899,194281,65,119611,19,8860,114,28940,866,150953,134,179893,California
Marin,2021-05-10,1411,324163,1150,195431,191,119802,70,8930,203,28009,1203,152156,272,180165,California
Marin,2021-05-11,2318,326481,1846,197277,416,120218,56,8986,297,26342,2019,154175,352,180517,California
Marin,2021-05-12,1857,328338,1461,198738,327,120545,69,9055,301,25160,1550,155725,368,180885,California
Marin,2021-05-13,2684,331022,2295,201033,335,120880,54,9109,1418,25373,1258,156983,1471,182356,California
Marin,2021-05-14,2204,333226,1450,202483,654,121534,100,9209,884,25042,1314,158297,983,183339,California
Marin,2021-05-15,2760,335986,2279,204762,401,121935,80,9289,1676,25715,1083,159380,1756,185095,California
Marin,2021-05-16,1648,337634,1593,206355,50,121985,5,9294,1333,26741,312,159692,1338,186433,California
Marin,2021-05-17,2141,339775,1988,208343,110,122095,43,9337,1703,28056,431,160123,1746,188179,California
Marin,2021-05-18,1538,341313,1192,209535,291,122386,55,9392,796,28170,735,160858,849,189028,California
Marin,2021-05-19,1569,342882,1242,210777,257,122643,70,9462,774,28223,789,161647,842,189870,California
Marin,2021-05-20,1825,344707,1488,212265,251,122894,86,9548,753,27999,1064,162711,840,190710,California
Marin,2021-05-21,1474,346181,845,213110,580,123474,49,9597,440,27461,1027,163738,489,191199,California
Marin,2021-05-22,1433,347614,1085,214195,290,123764,58,9655,963,28016,466,164204,1021,192220,California
Marin,2021-05-23,476,348090,422,214617,42,123806,12,9667,219,27994,254,164458,232,192452,California
Marin,2021-05-24,672,348762,498,215115,134,123940,40,9707,351,28066,318,164776,390,192842,California
Marin,2021-05-25,1004,349766,626,215741,332,124272,46,9753,316,27745,680,165456,359,193201,California
Marin,2021-05-26,724,350490,492,216233,182,124454,50,9803,260,27596,460,165916,311,193512,California
Marin,2021-05-27,1036,351526,666,216899,291,124745,79,9882,346,27334,687,166603,425,193937,California
Marin,2021-05-28,1107,352633,719,217618,308,125053,80,9962,327,26963,776,167379,405,194342,California
Marin,2021-05-29,376,353009,219,217837,147,125200,10,9972,215,27027,161,167540,225,194567,California
Marin,2021-05-30,97,353106,57,217894,35,125235,5,9977,57,27050,39,167579,62,194629,California
Marin,2021-05-31,27,353133,13,217907,13,125248,1,9978,14,27052,13,167592,15,194644,California
Marin,2021-06-01,760,353893,553,218460,162,125410,45,10023,328,26994,430,168022,372,195016,California
Marin,2021-06-02,626,354519,475,218935,99,125509,52,10075,218,26858,404,168426,268,195284,California
Marin,2021-06-03,1503,356022,1330,220265,114,125623,59,10134,232,25881,1268,169694,291,195575,California
Marin,2021-06-04,1032,357054,858,221123,141,125764,33,10167,188,25262,838,170532,219,195794,California
Marin,2021-06-05,1925,358979,1708,222831,169,125933,48,10215,319,24030,1599,172131,367,196161,California
Marin,2021-06-06,1410,360389,1361,224192,15,125948,34,10249,201,23057,1208,173339,235,196396,California
Marin,2021-06-07,1940,362329,1823,226015,67,126015,50,10299,240,21653,1694,175033,290,196686,California
Marin,2021-06-08,980,363309,871,226886,68,126083,41,10340,234,21189,739,175772,275,196961,California
Marin,2021-06-09,743,364052,667,227553,66,126149,10,10350,136,20729,606,176378,146,197107,California
Marin,2021-06-10,882,364934,772,228325,60,126209,50,10400,183,20267,695,177073,233,197340,California
Marin,2021-06-11,683,365617,573,228898,78,126287,32,10432,145,19906,538,177611,177,197517,California
Marin,2021-06-12,922,366539,792,229690,89,126376,41,10473,154,19336,765,178376,195,197712,California
Marin,2021-06-13,417,366956,386,230076,20,126396,11,10484,70,19073,344,178720,81,197793,California
Marin,2021-06-14,866,367822,739,230815,80,126476,47,10531,212,18681,650,179370,258,198051,California
Marin,2021-06-15,537,368359,427,231242,84,126560,26,10557,169,18509,367,179737,195,198246,California
Marin,2021-06-16,489,368848,406,231648,37,126597,46,10603,160,18390,324,180061,205,198451,California
Marin,2021-06-17,558,369406,481,232129,46,126643,31,10634,194,18251,363,180424,224,198675,California
Marin,2021-06-18,478,369884,372,232501,71,126714,35,10669,169,18151,303,180727,203,198878,California
Marin,2021-06-19,367,370251,296,232797,37,126751,34,10703,146,18110,219,180946,178,199056,California
Marin,2021-06-20,113,370364,88,232885,14,126765,11,10714,47,18102,66,181012,58,199114,California
Marin,2021-06-21,349,370713,248,233133,46,126811,55,10769,141,18091,207,181219,196,199310,California
Marin,2021-06-22,450,371163,351,233484,69,126880,30,10799,139,17952,308,181527,169,199479,California
Marin,2021-06-23,351,371514,295,233779,24,126904,32,10831,119,17871,232,181759,151,199630,California
Marin,2021-06-24,264,371778,200,233979,20,126924,44,10875,82,17816,179,181938,124,199754,California
Mariposa,2020-12-17,37,37,37,37,0,0,0,0,39,39,0,0,39,39,California
Mariposa,2020-12-18,55,92,55,92,0,0,0,0,56,95,0,0,56,95,California
Mariposa,2020-12-20,2,94,2,94,0,0,0,0,2,97,0,0,2,97,California
Mariposa,2020-12-21,49,143,49,143,0,0,0,0,53,150,0,0,53,150,California
Mariposa,2020-12-22,5,148,5,148,0,0,0,0,5,155,0,0,5,155,California
Mariposa,2020-12-23,16,164,16,164,0,0,0,0,16,171,0,0,16,171,California
Mariposa,2020-12-24,1,165,0,164,1,1,0,0,0,171,1,1,1,172,California
Mariposa,2020-12-26,1,166,1,165,0,1,0,0,1,172,0,1,1,173,California
Mariposa,2020-12-27,1,167,0,165,1,2,0,0,1,173,0,1,1,174,California
Mariposa,2020-12-28,6,173,3,168,3,5,0,0,6,179,0,1,6,180,California
Mariposa,2020-12-29,33,206,3,171,30,35,0,0,33,212,0,1,33,213,California
Mariposa,2020-12-30,26,232,4,175,22,57,0,0,26,238,0,1,26,239,California
Mariposa,2020-12-31,17,249,0,175,17,74,0,0,17,255,0,1,17,256,California
Mariposa,2021-01-02,1,250,1,176,0,74,0,0,1,256,0,1,1,257,California
Mariposa,2021-01-04,9,259,2,178,7,81,0,0,9,265,0,1,9,266,California
Mariposa,2021-01-05,24,283,14,192,10,91,0,0,14,269,10,11,14,280,California
Mariposa,2021-01-06,6,289,3,195,3,94,0,0,3,269,3,14,3,283,California
Mariposa,2021-01-07,50,339,45,240,5,99,0,0,5,229,45,59,5,288,California
Mariposa,2021-01-08,108,447,79,319,29,128,0,0,33,187,75,134,33,321,California
Mariposa,2021-01-09,1,448,0,319,1,129,0,0,1,188,0,134,1,322,California
Mariposa,2021-01-11,31,479,10,329,21,150,0,0,23,203,8,142,23,345,California
Mariposa,2021-01-12,19,498,4,333,15,165,0,0,15,214,4,146,15,360,California
Mariposa,2021-01-13,21,519,4,337,17,182,0,0,18,229,3,149,18,378,California
Mariposa,2021-01-14,74,593,7,344,67,249,0,0,68,291,6,155,68,446,California
Mariposa,2021-01-15,68,661,27,371,41,290,0,0,58,339,10,165,58,504,California
Mariposa,2021-01-16,14,675,2,373,12,302,0,0,13,351,1,166,13,517,California
Mariposa,2021-01-17,3,678,1,374,2,304,0,0,2,352,1,167,2,519,California
Mariposa,2021-01-18,4,682,3,377,1,305,0,0,2,352,2,169,2,521,California
Mariposa,2021-01-19,8,690,4,381,4,309,0,0,5,355,2,171,5,526,California
Mariposa,2021-01-20,23,713,1,382,22,331,0,0,22,376,1,172,22,548,California
Mariposa,2021-01-21,66,779,8,390,58,389,0,0,62,434,4,176,62,610,California
Mariposa,2021-01-22,56,835,3,393,53,442,0,0,56,490,0,176,56,666,California
Mariposa,2021-01-23,116,951,2,395,114,556,0,0,114,602,2,178,114,780,California
Mariposa,2021-01-24,2,953,2,397,0,556,0,0,2,604,0,178,2,782,California
Mariposa,2021-01-25,5,958,1,398,4,560,0,0,1,601,4,182,1,783,California
Mariposa,2021-01-26,37,995,4,402,33,593,0,0,5,578,32,214,9,792,California
Mariposa,2021-01-27,26,1021,2,404,24,617,0,0,13,579,12,226,13,805,California
Mariposa,2021-01-28,127,1148,3,407,124,741,0,0,114,681,12,238,114,919,California
Mariposa,2021-01-29,83,1231,22,429,61,802,0,0,82,762,1,239,82,1001,California
Mariposa,2021-01-30,9,1240,1,430,8,810,0,0,8,769,1,240,8,1009,California
Mariposa,2021-01-31,1,1241,0,430,1,811,0,0,1,770,0,240,1,1010,California
Mariposa,2021-02-01,90,1331,32,462,58,869,0,0,69,818,21,261,69,1079,California
Mariposa,2021-02-02,15,1346,3,465,12,881,0,0,9,821,6,267,9,1088,California
Mariposa,2021-02-03,20,1366,1,466,19,900,0,0,13,828,6,273,13,1101,California
Mariposa,2021-02-04,98,1464,8,474,90,990,0,0,93,918,4,277,94,1195,California
Mariposa,2021-02-05,192,1656,5,479,187,1177,0,0,166,1058,26,303,166,1361,California
Mariposa,2021-02-06,11,1667,4,483,7,1184,0,0,10,1067,1,304,10,1371,California
Mariposa,2021-02-07,1,1668,0,483,1,1185,0,0,1,1068,0,304,1,1372,California
Mariposa,2021-02-08,42,1710,2,485,40,1225,0,0,23,1072,19,323,23,1395,California
Mariposa,2021-02-09,43,1753,25,510,18,1243,0,0,37,1103,6,329,37,1432,California
Mariposa,2021-02-10,28,1781,5,515,23,1266,0,0,17,1116,10,339,23,1455,California
Mariposa,2021-02-11,374,2155,5,520,369,1635,0,0,359,1463,15,354,362,1817,California
Mariposa,2021-02-12,184,2339,8,528,176,1811,0,0,140,1559,44,398,140,1957,California
Mariposa,2021-02-13,11,2350,3,531,8,1819,0,0,9,1566,2,400,9,1966,California
Mariposa,2021-02-14,8,2358,4,535,4,1823,0,0,5,1568,3,403,5,1971,California
Mariposa,2021-02-15,9,2367,3,538,6,1829,0,0,7,1573,2,405,7,1978,California
Mariposa,2021-02-16,59,2426,35,573,24,1853,0,0,35,1585,24,429,36,2014,California
Mariposa,2021-02-17,37,2463,9,582,28,1881,0,0,27,1604,9,438,28,2042,California
Mariposa,2021-02-18,58,2521,7,589,51,1932,0,0,20,1586,38,476,20,2062,California
Mariposa,2021-02-19,82,2603,3,592,79,2011,0,0,75,1655,7,483,76,2138,California
Mariposa,2021-02-20,255,2858,4,596,251,2262,0,0,223,1848,30,513,223,2361,California
Mariposa,2021-02-21,237,3095,4,600,233,2495,0,0,235,2082,1,514,235,2596,California
Mariposa,2021-02-22,24,3119,9,609,15,2510,0,0,21,2100,3,517,21,2617,California
Mariposa,2021-02-23,43,3162,37,646,6,2516,0,0,25,2107,18,535,25,2642,California
Mariposa,2021-02-24,21,3183,3,649,18,2534,0,0,8,2103,12,547,8,2650,California
Mariposa,2021-02-25,18,3201,9,658,9,2543,0,0,12,2109,6,553,12,2662,California
Mariposa,2021-02-26,421,3622,7,665,414,2957,0,0,354,2404,67,620,362,3024,California
Mariposa,2021-02-27,172,3794,7,672,165,3122,0,0,161,2554,11,631,161,3185,California
Mariposa,2021-02-28,2,3796,1,673,1,3123,0,0,0,2552,2,633,0,3185,California
Mariposa,2021-03-01,85,3881,26,699,59,3182,0,0,17,2503,67,700,18,3203,California
Mariposa,2021-03-02,21,3902,14,713,7,3189,0,0,11,2505,9,709,11,3214,California
Mariposa,2021-03-03,72,3974,6,719,66,3255,0,0,66,2566,6,715,67,3281,California
Mariposa,2021-03-04,40,4014,9,728,31,3286,0,0,19,2565,21,736,20,3301,California
Mariposa,2021-03-05,60,4074,9,737,51,3337,0,0,39,2590,21,757,46,3347,California
Mariposa,2021-03-06,17,4091,7,744,10,3347,0,0,7,2588,10,767,8,3355,California
Mariposa,2021-03-07,1,4092,1,745,0,3347,0,0,0,2587,1,768,0,3355,California
Mariposa,2021-03-08,39,4131,4,749,24,3371,11,11,9,2577,30,798,20,3375,California
Mariposa,2021-03-09,45,4176,18,767,17,3388,10,21,14,2570,31,829,24,3399,California
Mariposa,2021-03-10,34,4210,12,779,12,3400,10,31,10,2566,24,853,20,3419,California
Mariposa,2021-03-11,471,4681,6,785,446,3846,19,50,225,2569,245,1098,248,3667,California
Mariposa,2021-03-12,254,4935,8,793,218,4064,28,78,110,2564,144,1242,139,3806,California
Mariposa,2021-03-13,34,4969,6,799,13,4077,15,93,12,2568,22,1264,26,3832,California
Mariposa,2021-03-14,17,4986,2,801,4,4081,11,104,3,2568,14,1278,14,3846,California
Mariposa,2021-03-15,77,5063,8,809,31,4112,38,142,31,2591,46,1324,69,3915,California
Mariposa,2021-03-16,82,5145,33,842,14,4126,35,177,24,2592,58,1382,59,3974,California
Mariposa,2021-03-17,72,5217,10,852,54,4180,8,185,51,2631,20,1402,59,4033,California
Mariposa,2021-03-18,66,5283,16,868,40,4220,10,195,41,2657,25,1427,51,4084,California
Mariposa,2021-03-19,340,5623,11,879,324,4544,5,200,303,2928,37,1464,308,4392,California
Mariposa,2021-03-20,426,6049,6,885,418,4962,2,202,46,2597,380,1844,49,4441,California
Mariposa,2021-03-21,15,6064,9,894,5,4967,1,203,10,2604,4,1848,11,4452,California
Mariposa,2021-03-22,38,6102,8,902,22,4989,8,211,26,2627,12,1860,35,4487,California
Mariposa,2021-03-23,55,6157,35,937,10,4999,10,221,34,2650,21,1881,44,4531,California
Mariposa,2021-03-24,57,6214,6,943,49,5048,2,223,52,2699,5,1886,54,4585,California
Mariposa,2021-03-25,76,6290,15,958,53,5101,8,231,54,2741,20,1906,62,4647,California
Mariposa,2021-03-26,489,6779,9,967,479,5580,1,232,252,2757,237,2143,253,4900,California
Mariposa,2021-03-27,224,7003,9,976,215,5795,0,232,89,2713,135,2278,91,4991,California
Mariposa,2021-03-28,5,7008,0,976,2,5797,3,235,1,2713,4,2282,4,4995,California
Mariposa,2021-03-29,19,7027,6,982,13,5810,0,235,12,2718,7,2289,12,5007,California
Mariposa,2021-03-30,36,7063,13,995,7,5817,16,251,13,2724,23,2312,29,5036,California
Mariposa,2021-03-31,89,7152,16,1011,66,5883,7,258,68,2778,21,2333,75,5111,California
Mariposa,2021-04-01,54,7206,11,1022,35,5918,8,266,35,2802,19,2352,43,5154,California
Mariposa,2021-04-02,348,7554,13,1035,333,6251,2,268,306,3069,41,2393,308,5462,California
Mariposa,2021-04-03,11,7565,8,1043,3,6254,0,268,6,3070,5,2398,6,5468,California
Mariposa,2021-04-04,2,7567,1,1044,0,6254,1,269,0,3069,2,2400,1,5469,California
Mariposa,2021-04-05,33,7600,22,1066,7,6261,4,273,16,3072,17,2417,20,5489,California
Mariposa,2021-04-06,43,7643,21,1087,6,6267,16,289,13,3072,29,2446,29,5518,California
Mariposa,2021-04-07,98,7741,6,1093,73,6340,19,308,28,3049,70,2516,47,5565,California
Mariposa,2021-04-08,280,8021,16,1109,245,6585,19,327,145,3081,133,2649,165,5730,California
Mariposa,2021-04-09,39,8060,9,1118,15,6600,15,342,11,3079,28,2677,26,5756,California
Mariposa,2021-04-10,202,8262,4,1122,188,6788,10,352,187,3262,13,2690,196,5952,California
Mariposa,2021-04-11,124,8386,4,1126,118,6906,2,354,57,3255,67,2757,60,6012,California
Mariposa,2021-04-12,43,8429,14,1140,27,6933,2,356,14,3242,29,2786,16,6028,California
Mariposa,2021-04-13,53,8482,46,1186,7,6940,0,356,34,3257,19,2805,34,6062,California
Mariposa,2021-04-14,113,8595,9,1195,104,7044,0,356,58,3261,54,2859,58,6120,California
Mariposa,2021-04-15,57,8652,16,1211,41,7085,0,356,42,3291,12,2871,42,6162,California
Mariposa,2021-04-16,381,9033,11,1222,370,7455,0,356,106,3122,275,3146,106,6268,California
Mariposa,2021-04-17,11,9044,7,1229,4,7459,0,356,8,3127,3,3149,8,6276,California
Mariposa,2021-04-18,7,9051,0,1229,7,7466,0,356,3,3126,4,3153,3,6279,California
Mariposa,2021-04-19,58,9109,26,1255,32,7498,0,356,30,3130,26,3179,30,6309,California
Mariposa,2021-04-20,61,9170,48,1303,13,7511,0,356,37,3145,22,3201,37,6346,California
Mariposa,2021-04-21,92,9262,14,1317,78,7589,0,356,43,3140,48,3249,43,6389,California
Mariposa,2021-04-22,51,9313,11,1328,40,7629,0,356,38,3166,12,3261,38,6427,California
Mariposa,2021-04-23,315,9628,70,1398,245,7874,0,356,144,3141,171,3432,146,6573,California
Mariposa,2021-04-24,106,9734,10,1408,96,7970,0,356,43,3122,62,3494,43,6616,California
Mariposa,2021-04-26,16,9750,11,1419,5,7975,0,356,5,3116,11,3505,5,6621,California
Mariposa,2021-04-27,34,9784,17,1436,15,7990,2,358,15,3118,16,3521,18,6639,California
Mariposa,2021-04-28,73,9857,13,1449,53,8043,7,365,27,3106,46,3567,34,6673,California
Mariposa,2021-04-29,84,9941,12,1461,71,8114,1,366,79,3181,5,3572,80,6753,California
Mariposa,2021-04-30,210,10151,5,1466,200,8314,5,371,62,3100,148,3720,67,6820,California
Mariposa,2021-05-01,3,10154,2,1468,1,8315,0,371,1,3099,2,3722,1,6821,California
Mariposa,2021-05-02,3,10157,2,1470,0,8315,1,372,0,3097,3,3725,1,6822,California
Mariposa,2021-05-03,15,10172,11,1481,3,8318,1,373,6,3095,9,3734,7,6829,California
Mariposa,2021-05-04,50,10222,31,1512,15,8333,4,377,37,3123,13,3747,41,6870,California
Mariposa,2021-05-05,57,10279,9,1521,46,8379,2,379,18,3104,39,3786,20,6890,California
Mariposa,2021-05-06,56,10335,36,1557,15,8394,5,384,39,3131,17,3803,44,6934,California
Mariposa,2021-05-07,28,10363,8,1565,17,8411,3,387,13,3132,15,3818,16,6950,California
Mariposa,2021-05-08,282,10645,7,1572,275,8686,0,387,33,2918,249,4067,35,6985,California
Mariposa,2021-05-09,2,10647,1,1573,1,8687,0,387,0,2916,2,4069,0,6985,California
Mariposa,2021-05-10,20,10667,9,1582,9,8696,2,389,5,2908,15,4084,7,6992,California
Mariposa,2021-05-11,28,10695,18,1600,10,8706,0,389,21,2923,6,4090,21,7013,California
Mariposa,2021-05-12,67,10762,4,1604,58,8764,5,394,6,2873,61,4151,11,7024,California
Mariposa,2021-05-13,48,10810,8,1612,38,8802,2,396,13,2853,35,4186,15,7039,California
Mariposa,2021-05-14,250,11060,122,1734,121,8923,7,403,118,2846,132,4318,125,7164,California
Mariposa,2021-05-15,19,11079,9,1743,8,8931,2,405,11,2852,6,4324,12,7176,California
Mariposa,2021-05-16,3,11082,1,1744,1,8932,1,406,1,2852,2,4326,2,7178,California
Mariposa,2021-05-17,18,11100,7,1751,7,8939,4,410,8,2853,10,4336,11,7189,California
Mariposa,2021-05-18,63,11163,43,1794,15,8954,5,415,46,2888,16,4352,51,7240,California
Mariposa,2021-05-19,71,11234,32,1826,38,8992,1,416,52,2923,18,4370,53,7293,California
Mariposa,2021-05-20,33,11267,18,1844,13,9005,2,418,12,2916,21,4391,14,7307,California
Mariposa,2021-05-21,93,11360,8,1852,83,9088,2,420,43,2913,48,4439,45,7352,California
Mariposa,2021-05-22,48,11408,6,1858,41,9129,1,421,17,2900,31,4470,18,7370,California
Mariposa,2021-05-23,4,11412,2,1860,1,9130,1,422,2,2901,2,4472,3,7373,California
Mariposa,2021-05-24,14,11426,8,1868,4,9134,2,424,9,2907,5,4477,11,7384,California
Mariposa,2021-05-25,26,11452,16,1884,10,9144,0,424,18,2917,8,4485,18,7402,California
Mariposa,2021-05-26,35,11487,4,1888,27,9171,4,428,28,2942,7,4492,32,7434,California
Mariposa,2021-05-27,120,11607,64,1952,55,9226,1,429,62,2947,58,4550,63,7497,California
Mariposa,2021-05-28,66,11673,6,1958,56,9282,4,433,24,2933,42,4592,28,7525,California
Mariposa,2021-05-29,8,11681,2,1960,5,9287,1,434,3,2934,3,4595,4,7529,California
Mariposa,2021-05-30,1,11682,0,1960,0,9287,1,435,0,2934,1,4596,1,7530,California
Mariposa,2021-05-31,2,11684,0,1960,1,9288,1,436,0,2933,2,4598,1,7531,California
Mariposa,2021-06-01,14,11698,3,1963,11,9299,0,436,5,2929,9,4607,5,7536,California
Mariposa,2021-06-02,26,11724,14,1977,7,9306,5,441,6,2921,19,4626,11,7547,California
Mariposa,2021-06-03,20,11744,10,1987,7,9313,3,444,7,2918,13,4639,10,7557,California
Mariposa,2021-06-04,91,11835,80,2067,9,9322,2,446,27,2884,62,4701,28,7585,California
Mariposa,2021-06-05,30,11865,4,2071,24,9346,2,448,7,2870,23,4724,9,7594,California
Mariposa,2021-06-06,4,11869,3,2074,0,9346,1,449,1,2869,3,4727,2,7596,California
Mariposa,2021-06-07,10,11879,5,2079,5,9351,0,449,4,2868,5,4732,4,7600,California
Mariposa,2021-06-08,45,11924,34,2113,9,9360,2,451,13,2851,32,4764,15,7615,California
Mariposa,2021-06-09,28,11952,21,2134,2,9362,5,456,6,2840,22,4786,11,7626,California
Mariposa,2021-06-10,16,11968,8,2142,5,9367,3,459,6,2840,10,4796,10,7636,California
Mariposa,2021-06-11,43,12011,12,2154,23,9390,8,467,9,2823,34,4830,17,7653,California
Mariposa,2021-06-12,17,12028,11,2165,5,9395,1,468,3,2812,14,4844,3,7656,California
Mariposa,2021-06-13,1,12029,0,2165,0,9395,1,469,0,2812,1,4845,1,7657,California
Mariposa,2021-06-14,12,12041,4,2169,7,9402,1,470,5,2811,7,4852,6,7663,California
Mariposa,2021-06-15,23,12064,11,2180,11,9413,1,471,6,2801,17,4869,7,7670,California
Mariposa,2021-06-16,28,12092,12,2192,15,9428,1,472,7,2788,21,4890,8,7678,California
Mariposa,2021-06-17,11,12103,6,2198,5,9433,0,472,4,2785,7,4897,4,7682,California
Mariposa,2021-06-18,66,12169,49,2247,16,9449,1,473,32,2785,33,4930,33,7715,California
Mariposa,2021-06-19,18,12187,5,2252,13,9462,0,473,6,2779,12,4942,6,7721,California
Mariposa,2021-06-21,11,12198,4,2256,7,9469,0,473,7,2783,3,4945,7,7728,California
Mariposa,2021-06-22,23,12221,9,2265,11,9480,3,476,13,2789,10,4955,16,7744,California
Mariposa,2021-06-23,4,12225,1,2266,2,9482,1,477,3,2792,1,4956,4,7748,California
Mariposa,2021-06-24,3,12228,0,2266,3,9485,0,477,1,2791,2,4958,1,7749,California
Mendocino,2020-12-17,70,70,70,70,0,0,0,0,70,70,0,0,70,70,California
Mendocino,2020-12-18,85,155,84,154,1,1,0,0,84,154,0,0,84,154,California
Mendocino,2020-12-19,4,159,4,158,0,1,0,0,4,158,0,0,4,158,California
Mendocino,2020-12-20,7,166,7,165,0,1,0,0,7,165,0,0,7,165,California
Mendocino,2020-12-21,238,404,238,403,0,1,0,0,77,242,0,0,77,242,California
Mendocino,2020-12-22,252,656,191,594,61,62,0,0,252,494,0,0,252,494,California
Mendocino,2020-12-23,271,927,48,642,223,285,0,0,270,764,0,0,270,764,California
Mendocino,2020-12-24,49,976,8,650,41,326,0,0,49,813,0,0,49,813,California
Mendocino,2020-12-25,1,977,0,650,1,327,0,0,1,814,0,0,1,814,California
Mendocino,2020-12-26,2,979,2,652,0,327,0,0,2,816,0,0,2,816,California
Mendocino,2020-12-27,1,980,0,652,1,328,0,0,1,817,0,0,1,817,California
Mendocino,2020-12-28,74,1054,9,661,65,393,0,0,74,891,0,0,74,891,California
Mendocino,2020-12-29,122,1176,61,722,61,454,0,0,122,1013,0,0,122,1013,California
Mendocino,2020-12-30,123,1299,69,791,54,508,0,0,123,1136,0,0,123,1136,California
Mendocino,2020-12-31,132,1431,97,888,35,543,0,0,132,1268,0,0,132,1268,California
Mendocino,2021-01-01,10,1441,7,895,3,546,0,0,10,1278,0,0,10,1278,California
Mendocino,2021-01-04,838,2279,18,913,820,1366,0,0,838,2116,0,0,838,2116,California
Mendocino,2021-01-05,71,2350,36,949,35,1401,0,0,58,2161,13,13,58,2174,California
Mendocino,2021-01-06,157,2507,135,1084,22,1423,0,0,147,2298,10,23,147,2321,California
Mendocino,2021-01-07,362,2869,239,1323,123,1546,0,0,299,2534,63,86,299,2620,California
Mendocino,2021-01-08,95,2964,82,1405,13,1559,0,0,41,2522,54,140,42,2662,California
Mendocino,2021-01-09,10,2974,6,1411,4,1563,0,0,8,2528,2,142,8,2670,California
Mendocino,2021-01-10,9,2983,8,1419,1,1564,0,0,2,2523,7,149,2,2672,California
Mendocino,2021-01-11,102,3085,92,1511,10,1574,0,0,44,2510,57,206,44,2716,California
Mendocino,2021-01-12,389,3474,379,1890,10,1584,0,0,272,2665,117,323,272,2988,California
Mendocino,2021-01-13,496,3970,149,2039,347,1931,0,0,451,3074,43,366,452,3440,California
Mendocino,2021-01-14,654,4624,20,2059,634,2565,0,0,645,3710,9,375,645,4085,California
Mendocino,2021-01-15,1874,6498,864,2923,1010,3575,0,0,1869,5575,5,380,1870,5955,California
Mendocino,2021-01-16,791,7289,48,2971,743,4318,0,0,789,6362,2,382,789,6744,California
Mendocino,2021-01-17,554,7843,1,2972,553,4871,0,0,553,6914,1,383,553,7297,California
Mendocino,2021-01-18,488,8331,463,3435,25,4896,0,0,475,7376,13,396,475,7772,California
Mendocino,2021-01-19,335,8666,149,3584,186,5082,0,0,159,7359,176,572,159,7931,California
Mendocino,2021-01-20,556,9222,408,3992,148,5230,0,0,449,7704,105,677,450,8381,California
Mendocino,2021-01-21,539,9761,226,4218,313,5543,0,0,353,7872,185,862,353,8734,California
Mendocino,2021-01-22,150,9911,59,4277,91,5634,0,0,110,7942,40,902,110,8844,California
Mendocino,2021-01-23,157,10068,85,4362,72,5706,0,0,151,8087,6,908,151,8995,California
Mendocino,2021-01-24,5,10073,3,4365,2,5708,0,0,5,8092,0,908,5,9000,California
Mendocino,2021-01-25,192,10265,18,4383,174,5882,0,0,122,8144,70,978,122,9122,California
Mendocino,2021-01-26,155,10420,54,4437,101,5983,0,0,95,8179,60,1038,95,9217,California
Mendocino,2021-01-27,443,10863,373,4810,70,6053,0,0,177,8097,259,1297,177,9394,California
Mendocino,2021-01-28,602,11465,538,5348,64,6117,0,0,505,8506,96,1393,505,9899,California
Mendocino,2021-01-29,392,11857,351,5699,41,6158,0,0,363,8841,29,1422,364,10263,California
Mendocino,2021-01-30,49,11906,31,5730,18,6176,0,0,42,8876,7,1429,42,10305,California
Mendocino,2021-01-31,275,12181,2,5732,273,6449,0,0,4,8609,271,1700,4,10309,California
Mendocino,2021-02-01,381,12562,53,5785,328,6777,0,0,60,8348,321,2021,60,10369,California
Mendocino,2021-02-02,743,13305,523,6308,220,6997,0,0,381,8367,362,2383,381,10750,California
Mendocino,2021-02-03,395,13700,209,6517,186,7183,0,0,224,8422,169,2552,224,10974,California
Mendocino,2021-02-04,630,14330,535,7052,95,7278,0,0,503,8798,127,2679,503,11477,California
Mendocino,2021-02-05,1306,15636,1217,8269,89,7367,0,0,587,8668,717,3396,587,12064,California
Mendocino,2021-02-06,559,16195,159,8428,400,7767,0,0,544,9197,15,3411,544,12608,California
Mendocino,2021-02-07,34,16229,30,8458,4,7771,0,0,34,9231,0,3411,34,12642,California
Mendocino,2021-02-08,751,16980,718,9176,33,7804,0,0,287,9054,464,3875,287,12929,California
Mendocino,2021-02-09,141,17121,58,9234,83,7887,0,0,89,9091,52,3927,89,13018,California
Mendocino,2021-02-10,1489,18610,924,10158,565,8452,0,0,741,9091,741,4668,741,13759,California
Mendocino,2021-02-11,1213,19823,209,10367,1004,9456,0,0,301,8480,912,5580,301,14060,California
Mendocino,2021-02-12,1459,21282,163,10530,1296,10752,0,0,658,8338,800,6380,658,14718,California
Mendocino,2021-02-13,504,21786,14,10544,490,11242,0,0,104,8048,399,6779,109,14827,California
Mendocino,2021-02-14,693,22479,3,10547,690,11932,0,0,134,7623,559,7338,134,14961,California
Mendocino,2021-02-15,334,22813,43,10590,291,12223,0,0,175,7640,158,7496,175,15136,California
Mendocino,2021-02-16,200,23013,50,10640,150,12373,0,0,129,7698,71,7567,129,15265,California
Mendocino,2021-02-17,1357,24370,1194,11834,163,12536,0,0,878,8099,477,8044,878,16143,California
Mendocino,2021-02-18,1804,26174,658,12492,1146,13682,0,0,1225,8747,577,8621,1225,17368,California
Mendocino,2021-02-19,751,26925,146,12638,605,14287,0,0,612,9220,139,8760,612,17980,California
Mendocino,2021-02-20,576,27501,550,13188,26,14313,0,0,545,9736,29,8789,545,18525,California
Mendocino,2021-02-21,324,27825,6,13194,318,14631,0,0,312,10037,11,8800,312,18837,California
Mendocino,2021-02-22,161,27986,29,13223,132,14763,0,0,69,10016,90,8890,69,18906,California
Mendocino,2021-02-23,861,28847,847,14070,14,14777,0,0,646,10449,213,9103,646,19552,California
Mendocino,2021-02-24,1847,30694,1765,15835,82,14859,0,0,1432,11473,410,9513,1434,20986,California
Mendocino,2021-02-25,1714,32408,538,16373,1176,16035,0,0,1289,12338,424,9937,1289,22275,California
Mendocino,2021-02-26,1418,33826,750,17123,668,16703,0,0,1049,13021,366,10303,1049,23324,California
Mendocino,2021-02-27,201,34027,152,17275,49,16752,0,0,77,12975,123,10426,77,23401,California
Mendocino,2021-02-28,36,34063,14,17289,22,16774,0,0,24,12987,12,10438,24,23425,California
Mendocino,2021-03-01,592,34655,548,17837,44,16818,0,0,551,13500,38,10476,551,23976,California
Mendocino,2021-03-02,75,34730,28,17865,47,16865,0,0,42,13510,32,10508,42,24018,California
Mendocino,2021-03-03,2036,36766,1334,19199,702,17567,0,0,1386,14248,648,11156,1386,25404,California
Mendocino,2021-03-04,1853,38619,152,19351,1701,19268,0,0,1633,15666,217,11373,1635,27039,California
Mendocino,2021-03-05,478,39097,417,19768,52,19320,9,9,372,15945,102,11475,381,27420,California
Mendocino,2021-03-06,248,39345,23,19791,198,19518,27,36,204,16133,43,11518,231,27651,California
Mendocino,2021-03-07,524,39869,26,19817,478,19996,20,56,137,15903,386,11904,156,27807,California
Mendocino,2021-03-08,123,39992,28,19845,58,20054,37,93,64,15947,57,11961,101,27908,California
Mendocino,2021-03-09,940,40932,598,20443,301,20355,41,134,832,16712,108,12069,873,28781,California
Mendocino,2021-03-10,1147,42079,984,21427,98,20453,65,199,269,16176,873,12942,337,29118,California
Mendocino,2021-03-11,842,42921,625,22052,162,20615,55,254,400,16192,439,13381,455,29573,California
Mendocino,2021-03-12,2064,44985,1053,23105,899,21514,112,366,1234,16714,824,14205,1346,30919,California
Mendocino,2021-03-13,704,45689,569,23674,77,21591,58,424,107,16286,593,14798,165,31084,California
Mendocino,2021-03-14,105,45794,3,23677,95,21686,7,431,12,16216,89,14887,19,31103,California
Mendocino,2021-03-15,600,46394,51,23728,490,22176,59,490,208,16093,389,15276,266,31369,California
Mendocino,2021-03-16,585,46979,389,24117,150,22326,46,536,119,15794,464,15740,165,31534,California
Mendocino,2021-03-17,1584,48563,1379,25496,56,22382,149,685,218,14809,1359,17099,374,31908,California
Mendocino,2021-03-18,1310,49873,248,25744,1024,23406,38,723,279,14102,1023,18122,316,32224,California
Mendocino,2021-03-19,1780,51653,857,26601,862,24268,61,784,333,13056,1442,19564,396,32620,California
Mendocino,2021-03-20,70,51723,10,26611,39,24307,21,805,12,13031,58,19622,33,32653,California
Mendocino,2021-03-21,8,51731,1,26612,2,24309,5,810,3,13034,5,19627,8,32661,California
Mendocino,2021-03-22,656,52387,612,27224,15,24324,29,839,145,12700,507,20134,173,32834,California
Mendocino,2021-03-23,165,52552,34,27258,101,24425,30,869,114,12793,51,20185,144,32978,California
Mendocino,2021-03-24,919,53471,843,28101,29,24454,47,916,114,12151,803,20988,161,33139,California
Mendocino,2021-03-25,2017,55488,54,28155,1943,26397,20,936,176,10510,1835,22823,194,33333,California
Mendocino,2021-03-26,547,56035,395,28550,126,26523,26,962,114,10217,432,23255,139,33472,California
Mendocino,2021-03-27,162,56197,31,28581,119,26642,12,974,84,10235,77,23332,95,33567,California
Mendocino,2021-03-28,27,56224,7,28588,16,26658,4,978,5,10223,21,23353,9,33576,California
Mendocino,2021-03-29,191,56415,98,28686,49,26707,44,1022,96,10268,95,23448,140,33716,California
Mendocino,2021-03-30,718,57133,633,29319,48,26755,37,1059,107,9803,609,24057,144,33860,California
Mendocino,2021-03-31,918,58051,281,29600,576,27331,61,1120,153,9255,762,24819,214,34074,California
Mendocino,2021-04-01,1752,59803,425,30025,1246,28577,81,1201,383,8360,1358,26177,463,34537,California
Mendocino,2021-04-02,1310,61113,1078,31103,159,28736,73,1274,160,7446,1147,27324,233,34770,California
Mendocino,2021-04-03,712,61825,12,31115,679,29415,21,1295,87,6934,620,27944,108,34878,California
Mendocino,2021-04-04,71,61896,35,31150,30,29445,6,1301,55,6979,16,27960,61,34939,California
Mendocino,2021-04-05,213,62109,141,31291,48,29493,24,1325,127,7041,86,28046,148,35087,California
Mendocino,2021-04-06,401,62510,124,31415,182,29675,95,1420,108,6951,293,28339,203,35290,California
Mendocino,2021-04-07,492,63002,180,31595,65,29740,247,1667,118,6943,371,28710,363,35653,California
Mendocino,2021-04-08,1501,64503,921,32516,465,30205,115,1782,1008,7580,487,29197,1124,36777,California
Mendocino,2021-04-09,760,65263,428,32944,171,30376,161,1943,397,7775,363,29560,558,37335,California
Mendocino,2021-04-10,404,65667,92,33036,266,30642,46,1989,99,7615,305,29865,145,37480,California
Mendocino,2021-04-11,122,65789,47,33083,19,30661,56,2045,59,7667,63,29928,115,37595,California
Mendocino,2021-04-12,622,66411,514,33597,48,30709,60,2105,408,7921,214,30142,468,38063,California
Mendocino,2021-04-13,292,66703,229,33826,63,30772,0,2105,224,8077,68,30210,224,38287,California
Mendocino,2021-04-14,525,67228,430,34256,95,30867,0,2105,422,8396,103,30313,422,38709,California
Mendocino,2021-04-15,662,67890,328,34584,334,31201,0,2105,387,8513,270,30583,387,39096,California
Mendocino,2021-04-16,129,68019,55,34639,73,31274,1,2106,80,8545,48,30631,80,39176,California
Mendocino,2021-04-17,195,68214,12,34651,183,31457,0,2106,68,8488,125,30756,68,39244,California
Mendocino,2021-04-18,17,68231,9,34660,8,31465,0,2106,9,8491,6,30762,9,39253,California
Mendocino,2021-04-19,540,68771,516,35176,23,31488,1,2107,429,8811,110,30872,430,39683,California
Mendocino,2021-04-20,428,69199,296,35472,132,31620,0,2107,268,8920,159,31031,268,39951,California
Mendocino,2021-04-21,197,69396,135,35607,61,31681,1,2108,117,8959,78,31109,117,40068,California
Mendocino,2021-04-22,487,69883,316,35923,170,31851,1,2109,312,9100,171,31280,312,40380,California
Mendocino,2021-04-23,858,70741,706,36629,152,32003,0,2109,699,9643,156,31436,699,41079,California
Mendocino,2021-04-24,110,70851,16,36645,94,32097,0,2109,103,9739,7,31443,103,41182,California
Mendocino,2021-04-25,58,70909,34,36679,20,32117,4,2113,18,9722,39,31482,22,41204,California
Mendocino,2021-04-26,308,71217,238,36917,65,32182,5,2118,201,9822,106,31588,206,41410,California
Mendocino,2021-04-27,208,71425,91,37008,90,32272,27,2145,95,9831,112,31700,121,41531,California
Mendocino,2021-04-28,222,71647,147,37155,56,32328,19,2164,127,9882,95,31795,146,41677,California
Mendocino,2021-04-29,1147,72794,842,37997,290,32618,15,2179,113,8981,1029,32824,128,41805,California
Mendocino,2021-04-30,610,73404,385,38382,215,32833,10,2189,231,8844,378,33202,241,42046,California
Mendocino,2021-05-01,476,73880,435,38817,33,32866,8,2197,370,9117,105,33307,378,42424,California
Mendocino,2021-05-02,56,73936,46,38863,7,32873,3,2200,9,9082,47,33354,12,42436,California
Mendocino,2021-05-03,148,74084,85,38948,41,32914,22,2222,43,9044,103,33457,65,42501,California
Mendocino,2021-05-04,379,74463,253,39201,93,33007,33,2255,141,8980,238,33695,174,42675,California
Mendocino,2021-05-05,878,75341,790,39991,73,33080,15,2270,223,8563,654,34349,237,42912,California
Mendocino,2021-05-06,632,75973,381,40372,229,33309,22,2292,154,8263,476,34825,176,43088,California
Mendocino,2021-05-07,190,76163,36,40408,129,33438,25,2317,122,8342,67,34892,146,43234,California
Mendocino,2021-05-08,126,76289,5,40413,120,33558,1,2318,110,8438,15,34907,111,43345,California
Mendocino,2021-05-09,22,76311,7,40420,14,33572,1,2319,5,8427,17,34924,6,43351,California
Mendocino,2021-05-10,244,76555,161,40581,78,33650,5,2324,151,8490,93,35017,156,43507,California
Mendocino,2021-05-11,281,76836,144,40725,119,33769,18,2342,130,8486,150,35167,146,43653,California
Mendocino,2021-05-12,143,76979,81,40806,54,33823,8,2350,44,8441,97,35264,52,43705,California
Mendocino,2021-05-13,1236,78215,1122,41928,97,33920,17,2367,323,7868,913,36177,340,44045,California
Mendocino,2021-05-14,726,78941,496,42424,167,34087,63,2430,250,7710,471,36648,313,44358,California
Mendocino,2021-05-15,85,79026,29,42453,52,34139,4,2434,40,7709,45,36693,44,44402,California
Mendocino,2021-05-16,117,79143,104,42557,11,34150,2,2436,100,7795,16,36709,102,44504,California
Mendocino,2021-05-17,177,79320,84,42641,77,34227,16,2452,102,7838,75,36784,118,44622,California
Mendocino,2021-05-18,243,79563,117,42758,98,34325,28,2480,107,7837,135,36919,134,44756,California
Mendocino,2021-05-19,327,79890,191,42949,115,34440,21,2501,242,8017,83,37002,263,45019,California
Mendocino,2021-05-20,294,80184,116,43065,136,34576,42,2543,105,7978,186,37188,147,45166,California
Mendocino,2021-05-21,655,80839,476,43541,164,34740,15,2558,510,8359,144,37332,525,45691,California
Mendocino,2021-05-22,787,81626,676,44217,103,34843,8,2566,242,8065,544,37876,250,45941,California
Mendocino,2021-05-23,29,81655,12,44229,10,34853,7,2573,15,8072,14,37890,21,45962,California
Mendocino,2021-05-24,129,81784,45,44274,63,34916,21,2594,62,8089,66,37956,83,46045,California
Mendocino,2021-05-25,296,82080,177,44451,89,35005,30,2624,135,8093,160,38116,164,46209,California
Mendocino,2021-05-26,325,82405,244,44695,69,35074,12,2636,132,8044,193,38309,144,46353,California
Mendocino,2021-05-27,245,82650,112,44807,111,35185,22,2658,102,8026,141,38450,123,46476,California
Mendocino,2021-05-28,236,82886,97,44904,126,35311,13,2671,153,8111,81,38531,166,46642,California
Mendocino,2021-05-29,48,82934,17,44921,26,35337,5,2676,27,8122,21,38552,32,46674,California
Mendocino,2021-05-30,15,82949,2,44923,12,35349,1,2677,10,8128,5,38557,11,46685,California
Mendocino,2021-05-31,6,82955,0,44923,5,35354,1,2678,2,8128,3,38560,3,46688,California
Mendocino,2021-06-01,313,83268,105,45028,199,35553,9,2687,85,7994,228,38788,94,46782,California
Mendocino,2021-06-02,155,83423,58,45086,89,35642,8,2695,54,7957,99,38887,62,46844,California
Mendocino,2021-06-03,558,83981,457,45543,92,35734,9,2704,123,7661,428,39315,132,46976,California
Mendocino,2021-06-04,324,84305,197,45740,104,35838,23,2727,88,7537,235,39550,111,47087,California
Mendocino,2021-06-05,225,84530,92,45832,115,35953,18,2745,72,7476,151,39701,90,47177,California
Mendocino,2021-06-06,63,84593,58,45890,2,35955,3,2748,2,7420,61,39762,5,47182,California
Mendocino,2021-06-07,147,84740,71,45961,64,36019,12,2760,58,7401,89,39851,70,47252,California
Mendocino,2021-06-08,231,84971,131,46092,87,36106,13,2773,98,7384,128,39979,111,47363,California
Mendocino,2021-06-09,312,85283,249,46341,53,36159,10,2783,108,7299,203,40182,118,47481,California
Mendocino,2021-06-10,132,85415,71,46412,45,36204,16,2799,59,7301,73,40255,75,47556,California
Mendocino,2021-06-11,721,86136,563,46975,131,36335,27,2826,108,6825,611,40866,135,47691,California
Mendocino,2021-06-12,77,86213,53,47028,18,36353,6,2832,27,6809,49,40915,33,47724,California
Mendocino,2021-06-13,29,86242,16,47044,11,36364,2,2834,15,6813,13,40928,17,47741,California
Mendocino,2021-06-14,131,86373,60,47104,52,36416,19,2853,48,6797,82,41010,66,47807,California
Mendocino,2021-06-15,260,86633,167,47271,74,36490,19,2872,83,6722,177,41187,102,47909,California
Mendocino,2021-06-16,270,86903,168,47439,80,36570,22,2894,66,6608,202,41389,88,47997,California
Mendocino,2021-06-17,169,87072,89,47528,64,36634,16,2910,55,6566,113,41502,71,48068,California
Mendocino,2021-06-18,265,87337,123,47651,112,36746,30,2940,74,6479,190,41692,103,48171,California
Mendocino,2021-06-19,75,87412,43,47694,25,36771,7,2947,17,6445,58,41750,24,48195,California
Mendocino,2021-06-20,12,87424,4,47698,4,36775,4,2951,7,6451,5,41755,11,48206,California
Mendocino,2021-06-21,97,87521,31,47729,55,36830,11,2962,43,6453,51,41806,53,48259,California
Mendocino,2021-06-22,133,87654,86,47815,34,36864,13,2975,56,6447,75,41881,69,48328,California
Mendocino,2021-06-23,176,87830,124,47939,33,36897,19,2994,62,6414,114,41995,81,48409,California
Mendocino,2021-06-24,130,87960,86,48025,33,36930,11,3005,43,6381,87,42082,54,48463,California
Merced,2020-12-16,3,3,3,3,0,0,0,0,3,3,0,0,3,3,California
Merced,2020-12-17,9,12,9,12,0,0,0,0,9,12,0,0,9,12,California
Merced,2020-12-18,146,158,146,158,0,0,0,0,146,158,0,0,146,158,California
Merced,2020-12-19,39,197,39,197,0,0,0,0,39,197,0,0,39,197,California
Merced,2020-12-20,18,215,18,215,0,0,0,0,18,215,0,0,18,215,California
Merced,2020-12-21,125,340,122,337,3,3,0,0,125,340,0,0,125,340,California
Merced,2020-12-22,152,492,152,489,0,3,0,0,152,492,0,0,152,492,California
Merced,2020-12-23,254,746,248,737,6,9,0,0,254,746,0,0,254,746,California
Merced,2020-12-24,72,818,72,809,0,9,0,0,72,818,0,0,72,818,California
Merced,2020-12-25,4,822,4,813,0,9,0,0,4,822,0,0,4,822,California
Merced,2020-12-26,6,828,3,816,3,12,0,0,6,828,0,0,6,828,California
Merced,2020-12-27,12,840,11,827,1,13,0,0,12,840,0,0,12,840,California
Merced,2020-12-28,121,961,96,923,25,38,0,0,121,961,0,0,121,961,California
Merced,2020-12-29,194,1155,123,1046,71,109,0,0,194,1155,0,0,194,1155,California
Merced,2020-12-30,216,1371,89,1135,127,236,0,0,216,1371,0,0,216,1371,California
Merced,2020-12-31,103,1474,34,1169,69,305,0,0,103,1474,0,0,103,1474,California
Merced,2021-01-01,5,1479,1,1170,4,309,0,0,5,1479,0,0,5,1479,California
Merced,2021-01-02,129,1608,118,1288,11,320,0,0,129,1608,0,0,129,1608,California
Merced,2021-01-03,9,1617,5,1293,4,324,0,0,9,1617,0,0,9,1617,California
Merced,2021-01-04,83,1700,43,1336,40,364,0,0,83,1700,0,0,83,1700,California
Merced,2021-01-05,327,2027,232,1568,95,459,0,0,321,2017,6,6,323,2023,California
Merced,2021-01-06,259,2286,106,1674,153,612,0,0,253,2264,6,12,253,2276,California
Merced,2021-01-07,187,2473,83,1757,104,716,0,0,175,2426,13,25,175,2451,California
Merced,2021-01-08,528,3001,394,2151,134,850,0,0,375,2649,152,177,375,2826,California
Merced,2021-01-09,23,3024,10,2161,13,863,0,0,17,2660,6,183,17,2843,California
Merced,2021-01-10,11,3035,7,2168,4,867,0,0,7,2663,4,187,7,2850,California
Merced,2021-01-11,230,3265,171,2339,59,926,0,0,102,2639,128,315,104,2954,California
Merced,2021-01-12,297,3562,172,2511,125,1051,0,0,247,2835,51,366,247,3201,California
Merced,2021-01-13,391,3953,177,2688,214,1265,0,0,237,2921,154,520,240,3441,California
Merced,2021-01-14,327,4280,204,2892,123,1388,0,0,160,2916,166,686,161,3602,California
Merced,2021-01-15,588,4868,132,3024,456,1844,0,0,549,3428,40,726,552,4154,California
Merced,2021-01-16,213,5081,129,3153,84,1928,0,0,196,3607,17,743,196,4350,California
Merced,2021-01-17,50,5131,12,3165,38,1966,0,0,49,3655,1,744,49,4399,California
Merced,2021-01-18,266,5397,127,3292,139,2105,0,0,243,3879,23,767,247,4646,California
Merced,2021-01-19,713,6110,589,3881,124,2229,0,0,540,4253,173,940,547,5193,California
Merced,2021-01-20,572,6682,467,4348,105,2334,0,0,515,4714,57,997,518,5711,California
Merced,2021-01-21,1018,7700,650,4998,368,2702,0,0,918,5535,100,1097,921,6632,California
Merced,2021-01-22,1315,9015,694,5692,621,3323,0,0,1287,6807,27,1124,1299,7931,California
Merced,2021-01-23,324,9339,197,5889,127,3450,0,0,217,6917,107,1231,217,8148,California
Merced,2021-01-24,37,9376,15,5904,22,3472,0,0,28,6937,8,1239,28,8176,California
Merced,2021-01-25,730,10106,241,6145,489,3961,0,0,669,7547,60,1299,670,8846,California
Merced,2021-01-26,933,11039,487,6632,446,4407,0,0,676,7995,229,1528,677,9523,California
Merced,2021-01-27,988,12027,588,7220,400,4807,0,0,816,8642,170,1698,817,10340,California
Merced,2021-01-28,1141,13168,595,7815,546,5353,0,0,1017,9538,123,1821,1019,11359,California
Merced,2021-01-29,850,14018,319,8134,531,5884,0,0,596,9895,242,2063,599,11958,California
Merced,2021-01-30,263,14281,28,8162,235,6119,0,0,246,10124,17,2080,246,12204,California
Merced,2021-01-31,47,14328,11,8173,36,6155,0,0,46,10169,1,2081,46,12250,California
Merced,2021-02-01,379,14707,51,8224,328,6483,0,0,327,10446,51,2132,328,12578,California
Merced,2021-02-02,308,15015,182,8406,126,6609,0,0,179,10501,126,2258,181,12759,California
Merced,2021-02-03,350,15365,72,8478,278,6887,0,0,169,10488,182,2440,169,12928,California
Merced,2021-02-04,374,15739,148,8626,226,7113,0,0,241,10598,132,2572,242,13170,California
Merced,2021-02-05,515,16254,173,8799,342,7455,0,0,273,10633,240,2812,275,13445,California
Merced,2021-02-06,391,16645,220,9019,171,7626,0,0,246,10739,142,2954,248,13693,California
Merced,2021-02-07,21,16666,13,9032,8,7634,0,0,14,10746,7,2961,14,13707,California
Merced,2021-02-08,283,16949,198,9230,85,7719,0,0,171,10808,110,3071,172,13879,California
Merced,2021-02-09,1219,18168,955,10185,264,7983,0,0,771,11141,440,3511,773,14652,California
Merced,2021-02-10,1873,20041,1437,11622,436,8419,0,0,1277,11832,586,4097,1277,15929,California
Merced,2021-02-11,2514,22555,2014,13636,500,8919,0,0,1819,12969,683,4780,1820,17749,California
Merced,2021-02-12,1726,24281,1023,14659,703,9622,0,0,750,12764,958,5738,753,18502,California
Merced,2021-02-13,363,24644,208,14867,155,9777,0,0,264,12935,95,5833,266,18768,California
Merced,2021-02-14,117,24761,26,14893,91,9868,0,0,95,13009,22,5855,96,18864,California
Merced,2021-02-15,275,25036,42,14935,233,10101,0,0,169,13080,99,5954,170,19034,California
Merced,2021-02-16,1219,26255,846,15781,373,10474,0,0,834,13554,366,6320,840,19874,California
Merced,2021-02-17,1890,28145,1644,17425,246,10720,0,0,1315,14319,559,6879,1324,21198,California
Merced,2021-02-18,1222,29367,825,18250,397,11117,0,0,405,13933,796,7675,410,21608,California
Merced,2021-02-19,1267,30634,417,18667,850,11967,0,0,537,13749,724,8399,540,22148,California
Merced,2021-02-20,280,30914,33,18700,247,12214,0,0,141,13754,137,8536,142,22290,California
Merced,2021-02-21,77,30991,62,18762,15,12229,0,0,30,13740,45,8581,31,22321,California
Merced,2021-02-22,834,31825,296,19058,538,12767,0,0,480,13871,352,8933,483,22804,California
Merced,2021-02-23,1090,32915,423,19481,667,13434,0,0,639,14069,445,9378,643,23447,California
Merced,2021-02-24,825,33740,306,19787,519,13953,0,0,451,14159,364,9742,454,23901,California
Merced,2021-02-25,1779,35519,884,20671,895,14848,0,0,1316,15025,459,10201,1325,25226,California
Merced,2021-02-26,2163,37682,1384,22055,779,15627,0,0,1738,16353,416,10617,1744,26970,California
Merced,2021-02-27,2616,40298,1186,23241,1430,17057,0,0,2327,18394,287,10904,2328,29298,California
Merced,2021-02-28,314,40612,75,23316,238,17295,1,1,255,18596,55,10959,257,29555,California
Merced,2021-03-01,1145,41757,284,23600,860,18155,1,2,779,19028,356,11315,788,30343,California
Merced,2021-03-02,1760,43517,912,24512,847,19002,1,3,1363,20008,388,11703,1368,31711,California
Merced,2021-03-03,2241,45758,1740,26252,500,19502,1,4,1474,20738,748,12451,1478,33189,California
Merced,2021-03-04,2903,48661,2279,28531,622,20124,2,6,1918,21699,967,13418,1928,35117,California
Merced,2021-03-05,2078,50739,1198,29729,856,20980,24,30,1531,22725,532,13950,1558,36675,California
Merced,2021-03-06,1169,51908,664,30393,483,21463,22,52,908,23400,260,14210,935,37610,California
Merced,2021-03-07,230,52138,66,30459,139,21602,25,77,201,23597,29,14239,226,37836,California
Merced,2021-03-08,1410,53548,812,31271,533,22135,65,142,1191,24636,218,14457,1257,39093,California
Merced,2021-03-09,1758,55306,1025,32296,625,22760,108,250,1102,25200,648,15105,1212,40305,California
Merced,2021-03-10,2745,58051,1888,34184,657,23417,200,450,1627,25933,1103,16208,1836,42141,California
Merced,2021-03-11,1980,60031,715,34899,1064,24481,201,651,1225,26645,738,16946,1450,43591,California
Merced,2021-03-12,2237,62268,907,35806,1059,25540,271,922,1490,27678,742,17688,1775,45366,California
Merced,2021-03-13,1024,63292,318,36124,466,26006,240,1162,710,28322,306,17994,950,46316,California
Merced,2021-03-14,250,63542,137,36261,83,26089,30,1192,150,28403,99,18093,180,46496,California
Merced,2021-03-15,1534,65076,499,36760,779,26868,256,1448,1009,29150,517,18610,1264,47760,California
Merced,2021-03-16,1475,66551,718,37478,530,27398,227,1675,978,29873,485,19095,1208,48968,California
Merced,2021-03-17,2003,68554,1082,38560,740,28138,181,1856,1531,31126,462,19557,1715,50683,California
Merced,2021-03-18,2136,70690,1263,39823,725,28863,148,2004,1395,31958,726,20283,1558,52241,California
Merced,2021-03-19,2680,73370,1463,41286,1022,29885,195,2199,1393,32268,1277,21560,1587,53828,California
Merced,2021-03-20,2455,75825,1528,42814,532,30417,395,2594,959,32138,1491,23051,1361,55189,California
Merced,2021-03-21,559,76384,344,43158,202,30619,13,2607,438,32471,120,23171,453,55642,California
Merced,2021-03-22,1270,77654,635,43793,559,31178,76,2683,888,33068,373,23544,970,56612,California
Merced,2021-03-23,1896,79550,1159,44952,671,31849,66,2749,1364,34015,524,24068,1471,58083,California
Merced,2021-03-24,1484,81034,935,45887,514,32363,35,2784,994,34567,483,24551,1035,59118,California
Merced,2021-03-25,3346,84380,2292,48179,1031,33394,23,2807,2096,35456,1237,25788,2126,61244,California
Merced,2021-03-26,1958,86338,1101,49280,821,34215,36,2843,892,35346,1051,26839,941,62185,California
Merced,2021-03-27,3581,89919,1915,51195,1243,35458,423,3266,1553,35318,2013,28852,1985,64170,California
Merced,2021-03-28,522,90441,215,51410,300,35758,7,3273,213,35234,306,29158,222,64392,California
Merced,2021-03-29,1844,92285,784,52194,891,36649,169,3442,674,34923,1161,30319,850,65242,California
Merced,2021-03-30,2167,94452,809,53003,1299,37948,59,3501,995,34820,1166,31485,1063,66305,California
Merced,2021-03-31,2162,96614,1411,54414,710,38658,41,3542,957,34634,1187,32672,1001,67306,California
Merced,2021-04-01,2362,98976,1056,55470,1176,39834,130,3672,1057,34532,1291,33963,1189,68495,California
Merced,2021-04-02,2354,101330,644,56114,1303,41137,407,4079,787,34190,1549,35512,1207,69702,California
Merced,2021-04-03,1090,102420,600,56714,471,41608,19,4098,661,34460,419,35931,689,70391,California
Merced,2021-04-04,373,102793,143,56857,226,41834,4,4102,143,34380,229,36160,149,70540,California
Merced,2021-04-05,1282,104075,610,57467,459,42293,213,4315,402,34141,872,37032,633,71173,California
Merced,2021-04-06,2433,106508,899,58366,704,42997,830,5145,877,34315,1551,38583,1725,72898,California
Merced,2021-04-07,1682,108190,900,59266,674,43671,108,5253,576,33931,1087,39670,703,73601,California
Merced,2021-04-08,2478,110668,1333,60599,928,44599,217,5470,986,33673,1459,41129,1201,74802,California
Merced,2021-04-09,1708,112376,479,61078,651,45250,578,6048,558,33691,1130,42259,1148,75950,California
Merced,2021-04-10,984,113360,371,61449,425,45675,188,6236,175,33251,803,43062,363,76313,California
Merced,2021-04-11,488,113848,281,61730,72,45747,135,6371,147,33195,339,43401,283,76596,California
Merced,2021-04-12,1516,115364,992,62722,400,46147,124,6495,867,33581,609,44010,995,77591,California
Merced,2021-04-13,2054,117418,1468,64190,584,46731,2,6497,933,33502,1027,45037,948,78539,California
Merced,2021-04-14,2238,119656,1394,65584,844,47575,0,6497,1043,33497,1061,46098,1056,79595,California
Merced,2021-04-15,3038,122694,1989,67573,1049,48624,0,6497,939,32598,1863,47961,964,80559,California
Merced,2021-04-16,2393,125087,1170,68743,1223,49847,0,6497,959,32240,1330,49291,972,81531,California
Merced,2021-04-17,2107,127194,1448,70191,658,50505,1,6498,663,31496,1436,50727,692,82223,California
Merced,2021-04-18,476,127670,250,70441,226,50731,0,6498,190,31431,258,50985,193,82416,California
Merced,2021-04-19,1352,129022,753,71194,599,51330,0,6498,706,31597,547,51532,713,83129,California
Merced,2021-04-20,1489,130511,742,71936,747,52077,0,6498,787,31771,630,52162,804,83933,California
Merced,2021-04-21,1527,132038,916,72852,611,52688,0,6498,768,31904,645,52807,778,84711,California
Merced,2021-04-22,1641,133679,746,73598,895,53583,0,6498,768,31906,782,53589,784,85495,California
Merced,2021-04-23,1665,135344,689,74287,976,54559,0,6498,894,32081,723,54312,898,86393,California
Merced,2021-04-24,878,136222,703,74990,175,54734,0,6498,551,32314,322,54634,555,86948,California
Merced,2021-04-25,332,136554,192,75182,140,54874,0,6498,192,32374,136,54770,196,87144,California
Merced,2021-04-26,1235,137789,534,75716,701,55575,0,6498,634,32453,564,55334,643,87787,California
Merced,2021-04-27,1795,139584,899,76615,884,56459,12,6510,717,32178,1008,56342,733,88520,California
Merced,2021-04-28,1382,140966,683,77298,691,57150,8,6518,785,32404,572,56914,798,89318,California
Merced,2021-04-29,1468,142434,645,77943,798,57948,25,6543,698,32373,760,57674,729,90047,California
Merced,2021-04-30,1471,143905,618,78561,809,58757,44,6587,751,32458,713,58387,798,90845,California
Merced,2021-05-01,564,144469,242,78803,318,59075,4,6591,264,32430,295,58682,267,91112,California
Merced,2021-05-02,299,144768,122,78925,162,59237,15,6606,125,32405,173,58855,148,91260,California
Merced,2021-05-03,854,145622,557,79482,226,59463,71,6677,307,32243,543,59398,381,91641,California
Merced,2021-05-04,1027,146649,546,80028,429,59892,52,6729,376,32030,645,60043,432,92073,California
Merced,2021-05-05,1393,148042,891,80919,426,60318,76,6805,613,31954,767,60810,691,92764,California
Merced,2021-05-06,923,148965,480,81399,393,60711,50,6855,300,31690,616,61426,352,93116,California
Merced,2021-05-07,1143,150108,497,81896,604,61315,42,6897,432,31465,705,62131,480,93596,California
Merced,2021-05-08,399,150507,202,82098,161,61476,36,6933,184,31471,214,62345,220,93816,California
Merced,2021-05-09,212,150719,105,82203,100,61576,7,6940,100,31467,111,62456,107,93923,California
Merced,2021-05-10,700,151419,357,82560,306,61882,37,6977,191,31189,507,62963,229,94152,California
Merced,2021-05-11,1152,152571,684,83244,411,62293,57,7034,447,30993,700,63663,504,94656,California
Merced,2021-05-12,1091,153662,622,83866,427,62720,42,7076,381,30710,707,64370,424,95080,California
Merced,2021-05-13,885,154547,477,84343,366,63086,42,7118,370,30612,510,64880,412,95492,California
Merced,2021-05-14,1034,155581,623,84966,371,63457,40,7158,541,30707,487,65367,582,96074,California
Merced,2021-05-15,763,156344,577,85543,167,63624,19,7177,450,30877,301,65668,471,96545,California
Merced,2021-05-16,350,156694,234,85777,108,63732,8,7185,198,30934,150,65818,207,96752,California
Merced,2021-05-17,1099,157793,715,86492,354,64086,30,7215,539,30951,553,66371,570,97322,California
Merced,2021-05-18,1283,159076,857,87349,395,64481,31,7246,727,31161,549,66920,759,98081,California
Merced,2021-05-19,1116,160192,758,88107,351,64832,7,7253,626,31312,487,67407,638,98719,California
Merced,2021-05-20,1059,161251,560,88667,443,65275,56,7309,408,31129,649,68056,466,99185,California
Merced,2021-05-21,1198,162449,688,89355,482,65757,28,7337,497,30966,690,68746,527,99712,California
Merced,2021-05-22,752,163201,538,89893,201,65958,13,7350,449,31131,300,69046,465,100177,California
Merced,2021-05-23,339,163540,238,90131,88,66046,13,7363,225,31256,113,69159,238,100415,California
Merced,2021-05-24,600,164140,249,90380,321,66367,30,7393,226,31145,369,69528,258,100673,California
Merced,2021-05-25,770,164910,435,90815,301,66668,34,7427,403,31218,363,69891,436,101109,California
Merced,2021-05-26,989,165899,558,91373,398,67066,33,7460,415,31096,572,70463,450,101559,California
Merced,2021-05-27,926,166825,653,92026,239,67305,34,7494,569,31347,353,70816,604,102163,California
Merced,2021-05-28,768,167593,350,92376,372,67677,46,7540,338,31310,421,71237,384,102547,California
Merced,2021-05-29,393,167986,272,92648,113,67790,8,7548,173,31275,217,71454,182,102729,California
Merced,2021-05-30,215,168201,146,92794,58,67848,11,7559,135,31341,80,71534,146,102875,California
Merced,2021-05-31,111,168312,25,92819,80,67928,6,7565,32,31303,77,71611,39,102914,California
Merced,2021-06-01,862,169174,539,93358,291,68219,32,7597,352,31181,505,72116,383,103297,California
Merced,2021-06-02,747,169921,485,93843,236,68455,26,7623,367,31201,373,72489,393,103690,California
Merced,2021-06-03,758,170679,481,94324,243,68698,34,7657,337,31156,415,72904,370,104060,California
Merced,2021-06-04,790,171469,448,94772,320,69018,22,7679,328,31052,456,73360,352,104412,California
Merced,2021-06-05,492,171961,387,95159,94,69112,11,7690,182,30940,305,73665,193,104605,California
Merced,2021-06-06,224,172185,188,95347,30,69142,6,7696,84,30890,140,73805,90,104695,California
Merced,2021-06-07,659,172844,527,95874,119,69261,13,7709,196,30638,463,74268,211,104906,California
Merced,2021-06-08,860,173704,638,96512,198,69459,24,7733,276,30358,580,74848,300,105206,California
Merced,2021-06-09,783,174487,647,97159,121,69580,15,7748,239,30077,535,75383,254,105460,California
Merced,2021-06-10,646,175133,446,97605,180,69760,20,7768,269,29996,370,75753,289,105749,California
Merced,2021-06-11,568,175701,358,97963,195,69955,15,7783,237,29922,328,76081,254,106003,California
Merced,2021-06-12,463,176164,359,98322,81,70036,23,7806,158,29799,304,76385,181,106184,California
Merced,2021-06-13,256,176420,134,98456,117,70153,5,7811,68,29684,188,76573,73,106257,California
Merced,2021-06-14,546,176966,358,98814,155,70308,33,7844,257,29687,288,76861,291,106548,California
Merced,2021-06-15,786,177752,557,99371,202,70510,27,7871,271,29479,507,77368,299,106847,California
Merced,2021-06-16,661,178413,440,99811,199,70709,22,7893,314,29478,337,77705,336,107183,California
Merced,2021-06-17,733,179146,557,100368,145,70854,31,7924,235,29254,490,78195,266,107449,California
Merced,2021-06-18,757,179903,496,100864,231,71085,30,7954,384,29302,366,78561,414,107863,California
Merced,2021-06-19,363,180266,249,101113,87,71172,27,7981,196,29360,165,78726,223,108086,California
Merced,2021-06-20,238,180504,184,101297,46,71218,8,7989,140,29411,97,78823,148,108234,California
Merced,2021-06-21,317,180821,191,101488,116,71334,10,7999,197,29499,119,78942,207,108441,California
Merced,2021-06-22,501,181322,347,101835,136,71470,18,8017,248,29513,253,79195,267,108708,California
Merced,2021-06-23,268,181590,114,101949,145,71615,9,8026,136,29530,128,79323,145,108853,California
Merced,2021-06-24,39,181629,18,101967,17,71632,4,8030,15,29525,24,79347,19,108872,California
Modoc,2020-12-16,1,1,1,1,0,0,0,0,1,1,0,0,1,1,California
Modoc,2020-12-21,99,100,99,100,0,0,0,0,99,100,0,0,99,100,California
Modoc,2020-12-22,14,114,14,114,0,0,0,0,14,114,0,0,14,114,California
Modoc,2020-12-23,4,118,4,118,0,0,0,0,4,118,0,0,4,118,California
Modoc,2020-12-24,1,119,1,119,0,0,0,0,1,119,0,0,1,119,California
Modoc,2020-12-28,2,121,2,121,0,0,0,0,2,121,0,0,2,121,California
Modoc,2020-12-29,10,131,1,122,9,9,0,0,10,131,0,0,10,131,California
Modoc,2020-12-30,7,138,0,122,7,16,0,0,7,138,0,0,7,138,California
Modoc,2021-01-02,3,141,1,123,2,18,0,0,3,141,0,0,3,141,California
Modoc,2021-01-04,8,149,0,123,8,26,0,0,8,149,0,0,8,149,California
Modoc,2021-01-05,3,152,2,125,1,27,0,0,3,152,0,0,3,152,California
Modoc,2021-01-06,3,155,2,127,1,28,0,0,2,153,1,1,2,154,California
Modoc,2021-01-07,72,227,0,127,72,100,0,0,72,225,0,1,72,226,California
Modoc,2021-01-08,105,332,0,127,105,205,0,0,105,330,0,1,105,331,California
Modoc,2021-01-10,1,333,1,128,0,205,0,0,0,329,1,2,0,331,California
Modoc,2021-01-11,90,423,81,209,9,214,0,0,19,277,71,73,19,350,California
Modoc,2021-01-12,94,517,25,234,69,283,0,0,68,319,26,99,68,418,California
Modoc,2021-01-13,24,541,4,238,20,303,0,0,22,339,2,101,22,440,California
Modoc,2021-01-14,129,670,6,244,123,426,0,0,124,458,5,106,124,564,California
Modoc,2021-01-15,6,676,1,245,5,431,0,0,6,464,0,106,6,570,California
Modoc,2021-01-16,2,678,1,246,1,432,0,0,2,466,0,106,2,572,California
Modoc,2021-01-18,3,681,1,247,2,434,0,0,3,469,0,106,3,575,California
Modoc,2021-01-19,5,686,3,250,2,436,0,0,3,470,2,108,3,578,California
Modoc,2021-01-20,11,697,1,251,10,446,0,0,11,481,0,108,11,589,California
Modoc,2021-01-21,157,854,2,253,155,601,0,0,157,638,0,108,157,746,California
Modoc,2021-01-22,2,856,0,253,2,603,0,0,2,640,0,108,2,748,California
Modoc,2021-01-25,11,867,0,253,11,614,0,0,11,651,0,108,11,759,California
Modoc,2021-01-26,65,932,1,254,64,678,0,0,65,716,0,108,65,824,California
Modoc,2021-01-27,42,974,3,257,39,717,0,0,26,726,16,124,26,850,California
Modoc,2021-01-28,146,1120,2,259,144,861,0,0,145,870,1,125,145,995,California
Modoc,2021-01-29,3,1123,1,260,2,863,0,0,3,873,0,125,3,998,California
Modoc,2021-02-01,26,1149,13,273,13,876,0,0,12,871,14,139,12,1010,California
Modoc,2021-02-02,170,1319,2,275,168,1044,0,0,167,1035,3,142,167,1177,California
Modoc,2021-02-03,18,1337,13,288,5,1049,0,0,11,1039,7,149,11,1188,California
Modoc,2021-02-04,155,1492,4,292,151,1200,0,0,27,938,128,277,27,1215,California
Modoc,2021-02-05,2,1494,2,294,0,1200,0,0,1,938,1,278,1,1216,California
Modoc,2021-02-08,9,1503,2,296,7,1207,0,0,8,945,1,279,8,1224,California
Modoc,2021-02-09,197,1700,13,309,184,1391,0,0,65,878,132,411,65,1289,California
Modoc,2021-02-10,5,1705,2,311,3,1394,0,0,4,881,1,412,4,1293,California
Modoc,2021-02-11,201,1906,3,314,198,1592,0,0,83,846,118,530,83,1376,California
Modoc,2021-02-12,4,1910,0,314,4,1596,0,0,2,846,2,532,2,1378,California
Modoc,2021-02-13,2,1912,0,314,2,1598,0,0,1,846,1,533,1,1379,California
Modoc,2021-02-16,147,2059,6,320,141,1739,0,0,141,981,6,539,141,1520,California
Modoc,2021-02-17,25,2084,2,322,23,1762,0,0,12,980,13,552,12,1532,California
Modoc,2021-02-18,187,2271,2,324,185,1947,0,0,24,843,162,714,25,1557,California
Modoc,2021-02-19,3,2274,3,327,0,1947,0,0,2,844,1,715,2,1559,California
Modoc,2021-02-20,1,2275,1,328,0,1947,0,0,0,843,1,716,0,1559,California
Modoc,2021-02-22,17,2292,9,337,8,1955,0,0,3,832,14,730,3,1562,California
Modoc,2021-02-23,20,2312,2,339,18,1973,0,0,1,814,19,749,1,1563,California
Modoc,2021-02-24,91,2403,1,340,90,2063,0,0,31,785,60,809,31,1594,California
Modoc,2021-02-25,169,2572,0,340,169,2232,0,0,12,640,157,966,12,1606,California
Modoc,2021-02-26,3,2575,0,340,3,2235,0,0,1,639,2,968,1,1607,California
Modoc,2021-02-27,4,2579,4,344,0,2235,0,0,2,639,2,970,2,1609,California
Modoc,2021-03-01,6,2585,0,344,6,2241,0,0,1,636,4,974,1,1610,California
Modoc,2021-03-02,193,2778,12,356,181,2422,0,0,26,495,167,1141,26,1636,California
Modoc,2021-03-03,12,2790,6,362,6,2428,0,0,2,487,10,1151,2,1638,California
Modoc,2021-03-04,174,2964,2,364,172,2600,0,0,147,607,27,1178,147,1785,California
Modoc,2021-03-05,3,2967,3,367,0,2600,0,0,2,608,1,1179,2,1787,California
Modoc,2021-03-06,11,2978,0,367,1,2601,10,10,1,609,10,1189,11,1798,California
Modoc,2021-03-07,8,2986,2,369,0,2601,6,16,2,611,6,1195,8,1806,California
Modoc,2021-03-08,8,2994,1,370,3,2604,4,20,1,610,6,1201,5,1811,California
Modoc,2021-03-09,127,3121,10,380,108,2712,9,29,61,614,66,1267,70,1881,California
Modoc,2021-03-10,9,3130,3,383,2,2714,4,33,4,617,5,1272,8,1889,California
Modoc,2021-03-11,207,3337,0,383,99,2813,108,141,22,562,185,1457,130,2019,California
Modoc,2021-03-12,10,3347,1,384,4,2817,5,146,4,565,6,1463,9,2028,California
Modoc,2021-03-13,4,3351,0,384,1,2818,3,149,1,566,3,1466,4,2032,California
Modoc,2021-03-15,12,3363,1,385,10,2828,1,150,10,575,2,1468,11,2043,California
Modoc,2021-03-16,173,3536,1,386,168,2996,4,154,42,489,131,1599,45,2088,California
Modoc,2021-03-17,10,3546,1,387,4,3000,5,159,2,488,8,1607,7,2095,California
Modoc,2021-03-18,66,3612,2,389,57,3057,7,166,34,497,32,1639,41,2136,California
Modoc,2021-03-19,5,3617,0,389,0,3057,5,171,0,497,5,1644,5,2141,California
Modoc,2021-03-20,5,3622,2,391,0,3057,3,174,0,495,5,1649,3,2144,California
Modoc,2021-03-21,3,3625,1,392,0,3057,2,176,1,496,2,1651,3,2147,California
Modoc,2021-03-22,17,3642,1,393,11,3068,5,181,12,508,5,1656,17,2164,California
Modoc,2021-03-23,37,3679,7,400,27,3095,3,184,28,530,9,1665,31,2195,California
Modoc,2021-03-24,29,3708,1,401,18,3113,10,194,1,513,28,1693,11,2206,California
Modoc,2021-03-25,77,3785,1,402,74,3187,2,196,45,528,32,1725,47,2253,California
Modoc,2021-03-26,7,3792,2,404,2,3189,3,199,2,528,5,1730,5,2258,California
Modoc,2021-03-27,2,3794,0,404,1,3190,1,200,1,529,1,1731,2,2260,California
Modoc,2021-03-28,2,3796,1,405,0,3190,1,201,0,528,2,1733,1,2261,California
Modoc,2021-03-29,14,3810,1,406,5,3195,8,209,5,532,9,1742,13,2274,California
Modoc,2021-03-30,54,3864,9,415,38,3233,7,216,20,525,34,1776,27,2301,California
Modoc,2021-03-31,10,3874,3,418,3,3236,4,220,4,527,6,1782,8,2309,California
Modoc,2021-04-01,167,4041,2,420,160,3396,5,225,32,429,135,1917,37,2346,California
Modoc,2021-04-02,5,4046,0,420,2,3398,3,228,1,430,3,1920,4,2350,California
Modoc,2021-04-03,5,4051,2,422,0,3398,3,231,2,432,2,1922,4,2354,California
Modoc,2021-04-05,9,4060,0,422,9,3407,0,231,9,441,0,1922,9,2363,California
Modoc,2021-04-06,24,4084,5,427,9,3416,10,241,6,439,18,1940,16,2379,California
Modoc,2021-04-07,12,4096,1,428,4,3420,7,248,3,440,9,1949,10,2389,California
Modoc,2021-04-08,95,4191,1,429,92,3512,2,250,26,399,69,2018,28,2417,California
Modoc,2021-04-09,11,4202,2,431,6,3518,3,253,2,394,9,2027,4,2421,California
Modoc,2021-04-10,5,4207,0,431,1,3519,4,257,0,393,5,2032,4,2425,California
Modoc,2021-04-11,2,4209,2,433,0,3519,0,257,1,393,1,2033,1,2426,California
Modoc,2021-04-12,14,4223,0,433,10,3529,4,261,1,387,11,2044,5,2431,California
Modoc,2021-04-13,30,4253,29,462,1,3530,0,261,21,399,9,2053,21,2452,California
Modoc,2021-04-14,2,4255,2,464,0,3530,0,261,1,399,1,2054,1,2453,California
Modoc,2021-04-15,100,4355,0,464,100,3630,0,261,27,354,72,2126,27,2480,California
Modoc,2021-04-16,4,4359,4,468,0,3630,0,261,3,356,1,2127,3,2483,California
Modoc,2021-04-17,2,4361,2,470,0,3630,0,261,2,358,0,2127,2,2485,California
Modoc,2021-04-18,1,4362,0,470,1,3631,0,261,1,359,0,2127,1,2486,California
Modoc,2021-04-19,7,4369,0,470,7,3638,0,261,2,356,5,2132,2,2488,California
Modoc,2021-04-20,26,4395,2,472,24,3662,0,261,8,346,18,2150,8,2496,California
Modoc,2021-04-21,3,4398,3,475,0,3662,0,261,1,345,2,2152,1,2497,California
Modoc,2021-04-22,95,4493,1,476,94,3756,0,261,38,326,57,2209,38,2535,California
Modoc,2021-04-23,4,4497,0,476,4,3760,0,261,3,328,1,2210,3,2538,California
Modoc,2021-04-24,2,4499,0,476,1,3761,1,262,1,329,1,2211,2,2540,California
Modoc,2021-04-25,1,4500,1,477,0,3761,0,262,1,330,0,2211,1,2541,California
Modoc,2021-04-26,7,4507,0,477,7,3768,0,262,2,327,5,2216,2,2543,California
Modoc,2021-04-27,5,4512,4,481,0,3768,1,263,0,323,5,2221,1,2544,California
Modoc,2021-04-28,7,4519,1,482,5,3773,1,264,2,321,5,2226,3,2547,California
Modoc,2021-04-29,63,4582,2,484,61,3834,0,264,22,302,41,2267,22,2569,California
Modoc,2021-04-30,3,4585,2,486,1,3835,0,264,1,301,2,2269,1,2570,California
Modoc,2021-05-01,1,4586,1,487,0,3835,0,264,0,300,1,2270,0,2570,California
Modoc,2021-05-02,4,4590,3,490,1,3836,0,264,3,302,1,2271,3,2573,California
Modoc,2021-05-03,11,4601,0,490,10,3846,1,265,1,294,10,2281,2,2575,California
Modoc,2021-05-04,11,4612,3,493,6,3852,2,267,5,295,6,2287,7,2582,California
Modoc,2021-05-05,27,4639,24,517,2,3854,1,268,8,285,19,2306,9,2591,California
Modoc,2021-05-06,54,4693,3,520,49,3903,2,270,21,275,33,2339,23,2614,California
Modoc,2021-05-07,8,4701,3,523,3,3906,2,272,2,273,6,2345,4,2618,California
Modoc,2021-05-08,3,4704,2,525,0,3906,1,273,1,273,2,2347,2,2620,California
Modoc,2021-05-09,1,4705,1,526,0,3906,0,273,0,272,1,2348,0,2620,California
Modoc,2021-05-10,2,4707,0,526,1,3907,1,274,1,273,1,2349,2,2622,California
Modoc,2021-05-11,3,4710,2,528,0,3907,1,275,0,271,3,2352,1,2623,California
Modoc,2021-05-12,2,4712,0,528,0,3907,2,277,0,271,2,2354,2,2625,California
Modoc,2021-05-13,42,4754,0,528,38,3945,4,281,14,261,28,2382,18,2643,California
Modoc,2021-05-14,8,4762,3,531,0,3945,5,286,3,264,5,2387,8,2651,California
Modoc,2021-05-15,4,4766,3,534,1,3946,0,286,4,268,0,2387,4,2655,California
Modoc,2021-05-16,3,4769,1,535,2,3948,0,286,1,267,2,2389,1,2656,California
Modoc,2021-05-17,5,4774,3,538,2,3950,0,286,4,270,1,2390,4,2660,California
Modoc,2021-05-18,23,4797,12,550,9,3959,2,288,14,277,9,2399,16,2676,California
Modoc,2021-05-19,9,4806,2,552,3,3962,4,292,5,282,4,2403,9,2685,California
Modoc,2021-05-20,59,4865,3,555,47,4009,9,301,8,248,51,2454,17,2702,California
Modoc,2021-05-21,6,4871,4,559,1,4010,1,302,2,247,4,2458,3,2705,California
Modoc,2021-05-22,2,4873,2,561,0,4010,0,302,1,247,1,2459,1,2706,California
Modoc,2021-05-23,2,4875,2,563,0,4010,0,302,0,245,2,2461,0,2706,California
Modoc,2021-05-24,4,4879,1,564,1,4011,2,304,2,247,2,2463,4,2710,California
Modoc,2021-05-25,2,4881,1,565,1,4012,0,304,1,247,1,2464,1,2711,California
Modoc,2021-05-26,35,4916,32,597,3,4015,0,304,25,263,10,2474,26,2737,California
Modoc,2021-05-27,28,4944,1,598,22,4037,5,309,6,252,22,2496,11,2748,California
Modoc,2021-05-28,8,4952,1,599,4,4041,3,312,3,253,5,2501,6,2754,California
Modoc,2021-05-29,1,4953,1,600,0,4041,0,312,0,252,1,2502,0,2754,California
Modoc,2021-06-01,7,4960,0,600,6,4047,1,313,2,250,5,2507,3,2757,California
Modoc,2021-06-02,7,4967,0,600,5,4052,2,315,4,253,3,2510,6,2763,California
Modoc,2021-06-03,25,4992,1,601,22,4074,2,317,4,238,21,2531,6,2769,California
Modoc,2021-06-04,5,4997,3,604,1,4075,1,318,0,234,5,2536,1,2770,California
Modoc,2021-06-05,1,4998,0,604,1,4076,0,318,0,233,1,2537,0,2770,California
Modoc,2021-06-07,4,5002,4,608,0,4076,0,318,1,231,3,2540,1,2771,California
Modoc,2021-06-08,26,5028,7,615,18,4094,1,319,19,244,7,2547,20,2791,California
Modoc,2021-06-09,3,5031,2,617,1,4095,0,319,2,245,1,2548,2,2793,California
Modoc,2021-06-10,21,5052,1,618,19,4114,1,320,7,239,14,2562,8,2801,California
Modoc,2021-06-11,5,5057,3,621,1,4115,1,321,2,239,3,2565,3,2804,California
Modoc,2021-06-12,2,5059,1,622,1,4116,0,321,0,237,2,2567,0,2804,California
Modoc,2021-06-14,4,5063,0,622,2,4118,2,323,0,235,4,2571,2,2806,California
Modoc,2021-06-15,6,5069,0,622,4,4122,2,325,3,237,3,2574,5,2811,California
Modoc,2021-06-16,41,5110,25,647,11,4133,5,330,22,247,19,2593,29,2840,California
Modoc,2021-06-17,46,5156,20,667,25,4158,1,331,27,256,19,2612,28,2868,California
Modoc,2021-06-18,3,5159,0,667,1,4159,2,333,1,257,2,2614,3,2871,California
Modoc,2021-06-19,3,5162,0,667,1,4160,2,335,1,258,2,2616,3,2874,California
Modoc,2021-06-22,7,5169,0,667,7,4167,0,335,5,261,2,2618,5,2879,California
Modoc,2021-06-23,4,5173,0,667,3,4170,1,336,1,260,3,2621,2,2881,California
Modoc,2021-06-24,29,5202,14,681,12,4182,3,339,20,274,9,2630,23,2904,California
Mono,2020-12-18,1,1,1,1,0,0,0,0,1,1,0,0,1,1,California
Mono,2020-12-19,5,6,5,6,0,0,0,0,5,6,0,0,5,6,California
Mono,2020-12-20,7,13,7,13,0,0,0,0,7,13,0,0,7,13,California
Mono,2020-12-21,24,37,17,30,7,7,0,0,24,37,0,0,24,37,California
Mono,2020-12-22,66,103,65,95,1,8,0,0,66,103,0,0,66,103,California
Mono,2020-12-23,71,174,43,138,28,36,0,0,71,174,0,0,71,174,California
Mono,2020-12-24,3,177,1,139,2,38,0,0,3,177,0,0,3,177,California
Mono,2020-12-26,3,180,3,142,0,38,0,0,3,180,0,0,3,180,California
Mono,2020-12-27,1,181,0,142,1,39,0,0,1,181,0,0,1,181,California
Mono,2020-12-28,94,275,63,205,31,70,0,0,94,275,0,0,94,275,California
Mono,2020-12-29,29,304,29,234,0,70,0,0,29,304,0,0,29,304,California
Mono,2020-12-30,77,381,36,270,41,111,0,0,77,381,0,0,77,381,California
Mono,2020-12-31,4,385,1,271,3,114,0,0,4,385,0,0,4,385,California
Mono,2021-01-01,4,389,4,275,0,114,0,0,4,389,0,0,4,389,California
Mono,2021-01-02,2,391,2,277,0,114,0,0,2,391,0,0,2,391,California
Mono,2021-01-04,2,393,0,277,2,116,0,0,2,393,0,0,2,393,California
Mono,2021-01-05,45,438,2,279,43,159,0,0,44,436,1,1,44,437,California
Mono,2021-01-06,44,482,0,279,44,203,0,0,44,480,0,1,44,481,California
Mono,2021-01-07,55,537,3,282,52,255,0,0,54,533,1,2,54,535,California
Mono,2021-01-08,2,539,1,283,1,256,0,0,1,533,1,3,1,536,California
Mono,2021-01-09,4,543,4,287,0,256,0,0,0,529,4,7,0,536,California
Mono,2021-01-10,5,548,5,292,0,256,0,0,0,524,5,12,0,536,California
Mono,2021-01-11,8,556,5,297,3,259,0,0,4,524,4,16,4,540,California
Mono,2021-01-12,283,839,75,372,208,467,0,0,219,680,63,79,219,759,California
Mono,2021-01-13,234,1073,73,445,161,628,0,0,179,804,55,134,179,938,California
Mono,2021-01-14,74,1147,72,517,2,630,0,0,73,876,1,135,73,1011,California
Mono,2021-01-15,65,1212,3,520,62,692,0,0,65,941,0,135,65,1076,California
Mono,2021-01-16,4,1216,3,523,1,693,0,0,1,939,3,138,1,1077,California
Mono,2021-01-18,64,1280,55,578,9,702,0,0,2,879,62,200,2,1079,California
Mono,2021-01-19,211,1491,208,786,3,705,0,0,173,1015,38,238,174,1253,California
Mono,2021-01-20,234,1725,200,986,34,739,0,0,172,1125,62,300,172,1425,California
Mono,2021-01-21,4,1729,4,990,0,739,0,0,4,1129,0,300,4,1429,California
Mono,2021-01-22,4,1733,0,990,4,743,0,0,4,1133,0,300,4,1433,California
Mono,2021-01-23,591,2324,591,1581,0,743,0,0,590,1722,1,301,590,2023,California
Mono,2021-01-24,1,2325,0,1581,1,744,0,0,0,1721,1,302,0,2023,California
Mono,2021-01-25,200,2525,162,1743,38,782,0,0,161,1843,39,341,161,2184,California
Mono,2021-01-26,501,3026,499,2242,2,784,0,0,495,2332,6,347,495,2679,California
Mono,2021-01-27,5,3031,1,2243,4,788,0,0,5,2337,0,347,5,2684,California
Mono,2021-01-28,6,3037,2,2245,4,792,0,0,2,2335,4,351,2,2686,California
Mono,2021-01-30,199,3236,197,2442,2,794,0,0,198,2532,1,352,198,2884,California
Mono,2021-01-31,242,3478,137,2579,105,899,0,0,138,2566,104,456,138,3022,California
Mono,2021-02-01,27,3505,27,2606,0,899,0,0,0,2539,27,483,0,3022,California
Mono,2021-02-02,5,3510,0,2606,5,904,0,0,2,2538,3,486,2,3024,California
Mono,2021-02-03,4,3514,2,2608,2,906,0,0,2,2538,2,488,2,3026,California
Mono,2021-02-04,214,3728,159,2767,55,961,0,0,91,2507,122,610,91,3117,California
Mono,2021-02-05,612,4340,606,3373,6,967,0,0,609,3113,3,613,609,3726,California
Mono,2021-02-06,135,4475,134,3507,1,968,0,0,134,3246,1,614,134,3860,California
Mono,2021-02-07,2,4477,0,3507,2,970,0,0,2,3248,0,614,2,3862,California
Mono,2021-02-08,172,4649,172,3679,0,970,0,0,15,3107,156,770,15,3877,California
Mono,2021-02-09,228,4877,6,3685,222,1192,0,0,13,2905,215,985,13,3890,California
Mono,2021-02-10,541,5418,187,3872,354,1546,0,0,198,2761,343,1328,199,4089,California
Mono,2021-02-11,8,5426,5,3877,3,1549,0,0,3,2759,5,1333,3,4092,California
Mono,2021-02-12,88,5514,21,3898,67,1616,0,0,27,2725,61,1394,27,4119,California
Mono,2021-02-13,583,6097,583,4481,0,1616,0,0,24,2191,558,1952,24,4143,California
Mono,2021-02-15,167,6264,165,4646,2,1618,0,0,2,2030,163,2115,2,4145,California
Mono,2021-02-16,516,6780,512,5158,4,1622,0,0,45,1608,468,2583,46,4191,California
Mono,2021-02-17,7,6787,2,5160,5,1627,0,0,2,1605,5,2588,2,4193,California
Mono,2021-02-18,4,6791,2,5162,2,1629,0,0,3,1607,1,2589,3,4196,California
Mono,2021-02-19,55,6846,54,5216,1,1630,0,0,55,1662,0,2589,55,4251,California
Mono,2021-02-20,4,6850,4,5220,0,1630,0,0,4,1666,0,2589,4,4255,California
Mono,2021-02-21,6,6856,6,5226,0,1630,0,0,4,1668,2,2591,4,4259,California
Mono,2021-02-22,282,7138,281,5507,1,1631,0,0,24,1435,257,2848,24,4283,California
Mono,2021-02-23,138,7276,118,5625,20,1651,0,0,23,1343,115,2963,23,4306,California
Mono,2021-02-24,11,7287,3,5628,8,1659,0,0,4,1340,7,2970,4,4310,California
Mono,2021-02-25,5,7292,2,5630,3,1662,0,0,3,1342,1,2971,3,4313,California
Mono,2021-02-26,595,7887,593,6223,2,1664,0,0,21,790,573,3544,21,4334,California
Mono,2021-02-27,138,8025,134,6357,4,1668,0,0,4,662,132,3676,4,4338,California
Mono,2021-02-28,1,8026,0,6357,0,1668,1,1,0,662,1,3677,1,4339,California
Mono,2021-03-01,3,8029,2,6359,1,1669,0,1,2,664,0,3677,2,4341,California
Mono,2021-03-02,6,8035,4,6363,2,1671,0,1,4,666,2,3679,4,4345,California
Mono,2021-03-03,114,8149,3,6366,111,1782,0,1,110,773,3,3682,110,4455,California
Mono,2021-03-04,6,8155,2,6368,4,1786,0,1,3,773,3,3685,3,4458,California
Mono,2021-03-05,38,8193,28,6396,10,1796,0,1,14,763,24,3709,14,4472,California
Mono,2021-03-06,506,8699,18,6414,488,2284,0,1,497,1254,7,3716,498,4970,California
Mono,2021-03-07,1,8700,0,6414,1,2285,0,1,0,1253,1,3717,0,4970,California
Mono,2021-03-08,532,9232,11,6425,518,2803,3,4,522,1768,10,3727,525,5495,California
Mono,2021-03-09,6,9238,2,6427,3,2806,1,5,3,1770,2,3729,4,5499,California
Mono,2021-03-10,287,9525,91,6518,193,2999,3,8,9,1507,275,4004,12,5511,California
Mono,2021-03-11,10,9535,0,6518,1,3000,9,17,0,1506,10,4014,9,5520,California
Mono,2021-03-12,6,9541,1,6519,1,3001,4,21,0,1504,6,4020,4,5524,California
Mono,2021-03-13,820,10361,384,6903,436,3437,0,21,812,2308,8,4028,812,6336,California
Mono,2021-03-14,5,10366,5,6908,0,3437,0,21,1,2305,4,4032,1,6337,California
Mono,2021-03-15,31,10397,23,6931,3,3440,5,26,14,2308,16,4048,19,6356,California
Mono,2021-03-16,16,10413,6,6937,4,3444,6,32,8,2314,8,4056,14,6370,California
Mono,2021-03-17,33,10446,5,6942,20,3464,8,40,21,2331,12,4068,29,6399,California
Mono,2021-03-18,21,10467,2,6944,11,3475,8,48,8,2334,13,4081,16,6415,California
Mono,2021-03-19,21,10488,1,6945,17,3492,3,51,17,2351,3,4084,20,6435,California
Mono,2021-03-20,5,10493,3,6948,1,3493,1,52,4,2355,1,4085,5,6440,California
Mono,2021-03-21,1,10494,1,6949,0,3493,0,52,1,2356,0,4085,1,6441,California
Mono,2021-03-22,11,10505,0,6949,6,3499,5,57,5,2360,6,4091,10,6451,California
Mono,2021-03-23,43,10548,6,6955,32,3531,5,62,17,2356,26,4117,22,6473,California
Mono,2021-03-24,14,10562,1,6956,8,3539,5,67,5,2358,9,4126,11,6484,California
Mono,2021-03-25,19,10581,3,6959,12,3551,4,71,12,2367,7,4133,16,6500,California
Mono,2021-03-26,19,10600,3,6962,11,3562,5,76,10,2374,8,4141,15,6515,California
Mono,2021-03-27,352,10952,349,7311,3,3565,0,76,325,2672,27,4168,325,6840,California
Mono,2021-03-29,10,10962,3,7314,6,3571,1,77,8,2679,2,4170,9,6849,California
Mono,2021-03-30,12,10974,0,7314,8,3579,4,81,7,2685,5,4175,11,6860,California
Mono,2021-03-31,135,11109,7,7321,127,3706,1,82,23,2598,111,4286,24,6884,California
Mono,2021-04-01,9,11118,0,7321,8,3714,1,83,4,2598,5,4291,5,6889,California
Mono,2021-04-02,18,11136,2,7323,16,3730,0,83,7,2594,11,4302,7,6896,California
Mono,2021-04-03,863,11999,371,7694,492,4222,0,83,48,1830,812,5114,48,6944,California
Mono,2021-04-04,1,12000,1,7695,0,4222,0,83,0,1829,1,5115,0,6944,California
Mono,2021-04-05,529,12529,18,7713,510,4732,1,84,35,1372,493,5608,36,6980,California
Mono,2021-04-06,19,12548,1,7714,5,4737,13,97,1,1368,18,5626,14,6994,California
Mono,2021-04-07,23,12571,2,7716,2,4739,19,116,2,1368,21,5647,21,7015,California
Mono,2021-04-08,26,12597,4,7720,3,4742,19,135,6,1373,20,5667,25,7040,California
Mono,2021-04-09,38,12635,4,7724,5,4747,29,164,8,1380,30,5697,37,7077,California
Mono,2021-04-10,451,13086,2,7726,442,5189,7,171,30,996,421,6118,37,7114,California
Mono,2021-04-11,1,13087,1,7727,0,5189,0,171,0,995,1,6119,0,7114,California
Mono,2021-04-12,6,13093,0,7727,3,5192,3,174,3,998,3,6122,6,7120,California
Mono,2021-04-13,20,13113,3,7730,16,5208,1,175,14,1007,6,6128,15,7135,California
Mono,2021-04-14,26,13139,2,7732,24,5232,0,175,8,997,18,6146,8,7143,California
Mono,2021-04-15,18,13157,4,7736,14,5246,0,175,10,999,8,6154,10,7153,California
Mono,2021-04-16,18,13175,1,7737,17,5263,0,175,7,995,11,6165,7,7160,California
Mono,2021-04-17,52,13227,2,7739,50,5313,0,175,45,1033,7,6172,45,7205,California
Mono,2021-04-18,1,13228,0,7739,1,5314,0,175,1,1034,0,6172,1,7206,California
Mono,2021-04-19,536,13764,328,8067,208,5522,0,175,202,904,332,6504,202,7408,California
Mono,2021-04-20,15,13779,2,8069,13,5535,0,175,10,909,5,6509,10,7418,California
Mono,2021-04-21,7,13786,0,8069,7,5542,0,175,2,906,5,6514,2,7420,California
Mono,2021-04-22,25,13811,11,8080,14,5556,0,175,11,903,14,6528,11,7431,California
Mono,2021-04-23,22,13833,2,8082,20,5576,0,175,12,905,10,6538,12,7443,California
Mono,2021-04-24,35,13868,21,8103,14,5590,0,175,20,910,15,6553,20,7463,California
Mono,2021-04-25,3,13871,2,8105,1,5591,0,175,3,913,0,6553,3,7466,California
Mono,2021-04-26,12,13883,2,8107,10,5601,0,175,3,907,9,6562,3,7469,California
Mono,2021-04-27,67,13950,41,8148,19,5620,7,182,51,949,16,6578,58,7527,California
Mono,2021-04-28,62,14012,40,8188,18,5638,4,186,48,989,12,6590,52,7579,California
Mono,2021-04-29,10,14022,3,8191,4,5642,3,189,3,988,7,6597,6,7585,California
Mono,2021-04-30,17,14039,3,8194,11,5653,3,192,8,990,9,6606,11,7596,California
Mono,2021-05-01,109,14148,5,8199,104,5757,0,192,96,1074,12,6618,96,7692,California
Mono,2021-05-02,1,14149,1,8200,0,5757,0,192,1,1075,0,6618,1,7693,California
Mono,2021-05-03,2,14151,1,8201,1,5758,0,192,1,1075,1,6619,1,7694,California
Mono,2021-05-04,20,14171,1,8202,13,5771,6,198,10,1081,10,6629,16,7710,California
Mono,2021-05-05,52,14223,8,8210,40,5811,4,202,45,1123,7,6636,49,7759,California
Mono,2021-05-06,16,14239,4,8214,11,5822,1,203,10,1128,6,6642,11,7770,California
Mono,2021-05-07,29,14268,22,8236,7,5829,0,203,25,1149,4,6646,25,7795,California
Mono,2021-05-08,53,14321,7,8243,46,5875,0,203,24,1144,29,6675,24,7819,California
Mono,2021-05-09,1,14322,1,8244,0,5875,0,203,0,1144,0,6675,0,7819,California
Mono,2021-05-10,17,14339,1,8245,12,5887,4,207,9,1149,8,6683,13,7832,California
Mono,2021-05-11,15,14354,2,8247,10,5897,3,210,5,1147,10,6693,8,7840,California
Mono,2021-05-12,12,14366,0,8247,11,5908,1,211,4,1144,8,6701,5,7845,California
Mono,2021-05-13,46,14412,31,8278,14,5922,1,212,37,1173,9,6710,38,7883,California
Mono,2021-05-14,11,14423,1,8279,9,5931,1,213,6,1175,5,6715,7,7890,California
Mono,2021-05-15,65,14488,24,8303,34,5965,7,220,18,1153,47,6762,25,7915,California
Mono,2021-05-16,6,14494,4,8307,1,5966,1,221,2,1152,4,6766,3,7918,California
Mono,2021-05-17,249,14743,34,8341,208,6174,7,228,54,1020,194,6960,62,7980,California
Mono,2021-05-18,134,14877,110,8451,23,6197,1,229,87,1062,47,7007,89,8069,California
Mono,2021-05-19,119,14996,112,8563,2,6199,5,234,76,1100,43,7050,81,8150,California
Mono,2021-05-20,71,15067,56,8619,10,6209,5,239,54,1142,17,7067,59,8209,California
Mono,2021-05-21,23,15090,4,8623,16,6225,3,242,10,1142,13,7080,13,8222,California
Mono,2021-05-22,21,15111,11,8634,8,6233,2,244,15,1153,6,7086,17,8239,California
Mono,2021-05-23,2,15113,0,8634,2,6235,0,244,1,1153,1,7087,1,8240,California
Mono,2021-05-24,16,15129,2,8636,13,6248,1,245,9,1157,7,7094,11,8251,California
Mono,2021-05-25,14,15143,5,8641,9,6257,0,245,7,1157,7,7101,7,8258,California
Mono,2021-05-26,18,15161,2,8643,15,6272,1,246,7,1154,11,7112,8,8266,California
Mono,2021-05-27,9,15170,0,8643,9,6281,0,246,6,1158,2,7114,6,8272,California
Mono,2021-05-28,41,15211,28,8671,13,6294,0,246,10,1137,31,7145,10,8282,California
Mono,2021-05-29,129,15340,27,8698,99,6393,3,249,32,1075,97,7242,35,8317,California
Mono,2021-06-01,16,15356,7,8705,9,6402,0,249,9,1077,7,7249,9,8326,California
Mono,2021-06-02,48,15404,4,8709,44,6446,0,249,11,1051,37,7286,11,8337,California
Mono,2021-06-03,11,15415,1,8710,7,6453,3,252,1,1045,10,7296,4,8341,California
Mono,2021-06-04,13,15428,2,8712,10,6463,1,253,4,1041,9,7305,5,8346,California
Mono,2021-06-05,44,15472,23,8735,21,6484,0,253,5,1007,39,7344,5,8351,California
Mono,2021-06-06,1,15473,0,8735,1,6485,0,253,0,1006,1,7345,0,8351,California
Mono,2021-06-07,99,15572,87,8822,8,6493,4,257,12,935,87,7432,16,8367,California
Mono,2021-06-08,113,15685,103,8925,8,6501,2,259,12,848,101,7533,14,8381,California
Mono,2021-06-09,7,15692,2,8927,5,6506,0,259,1,843,6,7539,1,8382,California
Mono,2021-06-10,6,15698,0,8927,4,6510,2,261,2,843,4,7543,4,8386,California
Mono,2021-06-11,73,15771,62,8989,6,6516,5,266,6,787,67,7610,11,8397,California
Mono,2021-06-12,1,15772,1,8990,0,6516,0,266,0,786,1,7611,0,8397,California
Mono,2021-06-13,1,15773,0,8990,1,6517,0,266,1,787,0,7611,1,8398,California
Mono,2021-06-14,63,15836,29,9019,28,6545,6,272,20,770,43,7654,26,8424,California
Mono,2021-06-15,7,15843,4,9023,3,6548,0,272,3,769,4,7658,3,8427,California
Mono,2021-06-16,13,15856,4,9027,9,6557,0,272,5,766,8,7666,5,8432,California
Mono,2021-06-17,6,15862,1,9028,3,6560,2,274,2,766,4,7670,4,8436,California
Mono,2021-06-18,5,15867,3,9031,1,6561,1,275,1,765,3,7673,2,8438,California
Mono,2021-06-19,3,15870,3,9034,0,6561,0,275,3,768,0,7673,3,8441,California
Mono,2021-06-20,1,15871,0,9034,1,6562,0,275,0,767,1,7674,0,8441,California
Mono,2021-06-21,14,15885,2,9036,10,6572,2,277,3,762,10,7684,5,8446,California
Mono,2021-06-22,11,15896,1,9037,9,6581,1,278,4,761,6,7690,5,8451,California
Mono,2021-06-23,12,15908,0,9037,6,6587,6,284,2,760,10,7700,9,8460,California
Mono,2021-06-24,7,15915,0,9037,5,6592,2,286,2,759,5,7705,4,8464,California
Monterey,2020-12-16,6,6,6,6,0,0,0,0,6,6,0,0,6,6,California
Monterey,2020-12-17,87,93,87,93,0,0,0,0,87,93,0,0,87,93,California
Monterey,2020-12-18,488,581,488,581,0,0,0,0,488,581,0,0,488,581,California
Monterey,2020-12-19,581,1162,580,1161,1,1,0,0,580,1161,0,0,580,1161,California
Monterey,2020-12-20,422,1584,422,1583,0,1,0,0,422,1583,0,0,422,1583,California
Monterey,2020-12-21,724,2308,724,2307,0,1,0,0,724,2307,0,0,724,2307,California
Monterey,2020-12-22,536,2844,523,2830,13,14,0,0,536,2843,0,0,536,2843,California
Monterey,2020-12-23,441,3285,265,3095,176,190,0,0,441,3284,0,0,441,3284,California
Monterey,2020-12-24,85,3370,11,3106,74,264,0,0,85,3369,0,0,85,3369,California
Monterey,2020-12-25,6,3376,0,3106,6,270,0,0,6,3375,0,0,6,3375,California
Monterey,2020-12-26,92,3468,5,3111,87,357,0,0,92,3467,0,0,92,3467,California
Monterey,2020-12-27,6,3474,3,3114,3,360,0,0,6,3473,0,0,6,3473,California
Monterey,2020-12-28,477,3951,25,3139,452,812,0,0,477,3950,0,0,477,3950,California
Monterey,2020-12-29,900,4851,167,3306,733,1545,0,0,900,4850,0,0,900,4850,California
Monterey,2020-12-30,567,5418,97,3403,470,2015,0,0,567,5417,0,0,567,5417,California
Monterey,2020-12-31,33,5451,11,3414,22,2037,0,0,33,5450,0,0,33,5450,California
Monterey,2021-01-01,13,5464,3,3417,10,2047,0,0,13,5463,0,0,13,5463,California
Monterey,2021-01-02,137,5601,134,3551,3,2050,0,0,137,5600,0,0,137,5600,California
Monterey,2021-01-03,30,5631,29,3580,1,2051,0,0,30,5630,0,0,30,5630,California
Monterey,2021-01-04,413,6044,19,3599,394,2445,0,0,413,6043,0,0,413,6043,California
Monterey,2021-01-05,758,6802,330,3929,428,2873,0,0,744,6773,14,14,744,6787,California
Monterey,2021-01-06,662,7464,175,4104,487,3360,0,0,638,7387,24,38,638,7425,California
Monterey,2021-01-07,753,8217,577,4681,176,3536,0,0,425,7486,326,364,425,7850,California
Monterey,2021-01-08,1093,9310,737,5418,356,3892,0,0,395,7183,698,1062,395,8245,California
Monterey,2021-01-09,963,10273,933,6351,30,3922,0,0,311,6844,650,1712,311,8556,California
Monterey,2021-01-10,272,10545,270,6621,2,3924,0,0,8,6588,264,1976,8,8564,California
Monterey,2021-01-11,1069,11614,987,7608,82,4006,0,0,365,6249,704,2680,365,8929,California
Monterey,2021-01-12,469,12083,390,7998,79,4085,0,0,206,6192,263,2943,206,9135,California
Monterey,2021-01-13,1221,13304,595,8593,626,4711,0,0,1175,7321,46,2989,1175,10310,California
Monterey,2021-01-14,1125,14429,171,8764,954,5665,0,0,1104,8408,21,3010,1108,11418,California
Monterey,2021-01-15,1053,15482,46,8810,1007,6672,0,0,1041,9437,12,3022,1041,12459,California
Monterey,2021-01-16,364,15846,300,9110,64,6736,0,0,359,9791,5,3027,359,12818,California
Monterey,2021-01-17,313,16159,293,9403,20,6756,0,0,301,10080,12,3039,301,13119,California
Monterey,2021-01-18,398,16557,48,9451,350,7106,0,0,376,10434,22,3061,376,13495,California
Monterey,2021-01-19,582,17139,397,9848,185,7291,0,0,422,10698,158,3219,422,13917,California
Monterey,2021-01-20,543,17682,269,10117,274,7565,0,0,334,10823,209,3428,334,14251,California
Monterey,2021-01-21,849,18531,93,10210,756,8321,0,0,739,11456,110,3538,743,14994,California
Monterey,2021-01-22,1066,19597,197,10407,869,9190,0,0,1025,12440,41,3579,1025,16019,California
Monterey,2021-01-23,244,19841,175,10582,69,9259,0,0,120,12439,123,3702,122,16141,California
Monterey,2021-01-24,61,19902,38,10620,23,9282,0,0,27,12432,34,3736,27,16168,California
Monterey,2021-01-25,800,20702,176,10796,624,9906,0,0,174,11987,619,4355,174,16342,California
Monterey,2021-01-26,945,21647,226,11022,719,10625,0,0,247,11536,698,5053,247,16589,California
Monterey,2021-01-27,851,22498,298,11320,553,11178,0,0,371,11427,480,5533,371,16960,California
Monterey,2021-01-28,2033,24531,742,12062,1291,12469,0,0,1689,12774,344,5877,1691,18651,California
Monterey,2021-01-29,1279,25810,713,12775,566,13035,0,0,1161,13819,117,5994,1162,19813,California
Monterey,2021-01-30,463,26273,295,13070,168,13203,0,0,207,13770,256,6250,207,20020,California
Monterey,2021-01-31,496,26769,74,13144,422,13625,0,0,485,14245,11,6261,486,20506,California
Monterey,2021-02-01,1648,28417,1133,14277,515,14140,0,0,1081,14760,566,6827,1081,21587,California
Monterey,2021-02-02,2176,30593,467,14744,1709,15849,0,0,1567,15719,608,7435,1567,23154,California
Monterey,2021-02-03,2342,32935,1049,15793,1293,17142,0,0,1565,16511,773,8208,1565,24719,California
Monterey,2021-02-04,2817,35752,2101,17894,716,17858,0,0,2504,18706,309,8517,2504,27223,California
Monterey,2021-02-05,3675,39427,2828,20722,847,18705,0,0,3233,21502,437,8954,3233,30456,California
Monterey,2021-02-06,1099,40526,379,21101,720,19425,0,0,754,21914,342,9296,754,31210,California
Monterey,2021-02-07,317,40843,272,21373,45,19470,0,0,97,21791,220,9516,97,31307,California
Monterey,2021-02-08,520,41363,291,21664,229,19699,0,0,430,22131,90,9606,430,31737,California
Monterey,2021-02-09,876,42239,682,22346,194,19893,0,0,564,22385,312,9918,566,32303,California
Monterey,2021-02-10,2088,44327,1108,23454,980,20873,0,0,1237,22772,851,10769,1238,33541,California
Monterey,2021-02-11,2517,46844,975,24429,1542,22415,0,0,1554,23367,961,11730,1556,35097,California
Monterey,2021-02-12,2607,49451,434,24863,2173,24588,0,0,1525,23812,1081,12811,1526,36623,California
Monterey,2021-02-13,1074,50525,50,24913,1024,25612,0,0,985,24709,88,12899,985,37608,California
Monterey,2021-02-14,598,51123,74,24987,524,26136,0,0,525,25161,73,12972,525,38133,California
Monterey,2021-02-15,1386,52509,166,25153,1220,27356,0,0,991,25760,393,13365,992,39125,California
Monterey,2021-02-16,1096,53605,247,25400,849,28205,0,0,871,26406,225,13590,871,39996,California
Monterey,2021-02-17,1957,55562,1174,26574,783,28988,0,0,1646,27744,310,13900,1648,41644,California
Monterey,2021-02-18,2236,57798,1180,27754,1056,30044,0,0,910,27344,1312,15212,912,42556,California
Monterey,2021-02-19,2941,60739,1535,29289,1406,31450,0,0,1346,27098,1594,16806,1348,43904,California
Monterey,2021-02-20,1017,61756,614,29903,403,31853,0,0,958,27999,58,16864,959,44863,California
Monterey,2021-02-21,1251,63007,1223,31126,28,31881,0,0,1180,29111,69,16933,1181,46044,California
Monterey,2021-02-22,999,64006,851,31977,148,32029,0,0,646,29406,351,17284,646,46690,California
Monterey,2021-02-23,968,64974,621,32598,347,32376,0,0,303,29046,664,17948,304,46994,California
Monterey,2021-02-24,2472,67446,1317,33915,1155,33531,0,0,1855,30290,612,18560,1856,48850,California
Monterey,2021-02-25,4413,71859,2420,36335,1993,35524,0,0,1475,28836,2931,21491,1477,50327,California
Monterey,2021-02-26,5298,77157,3087,39422,2211,37735,0,0,2629,28800,2666,24157,2630,52957,California
Monterey,2021-02-27,1025,78182,187,39609,838,38573,0,0,816,29412,204,24361,816,53773,California
Monterey,2021-02-28,1534,79716,85,39694,1448,40021,1,1,1067,30018,462,24823,1068,54841,California
Monterey,2021-03-01,1295,81011,143,39837,1149,41170,3,4,753,30238,536,25359,756,55597,California
Monterey,2021-03-02,2815,83826,1732,41569,1083,42253,0,4,1953,31333,858,26217,1953,57550,California
Monterey,2021-03-03,3219,87045,1246,42815,1973,44226,0,4,1280,30677,1937,28154,1281,58831,California
Monterey,2021-03-04,4577,91622,1474,44289,3103,47329,0,4,2948,32003,1624,29778,2950,61781,California
Monterey,2021-03-05,3681,95303,1624,45913,1779,49108,278,282,3008,34617,672,30450,3286,65067,California
Monterey,2021-03-06,5065,100368,1070,46983,3691,52799,304,586,4160,38178,902,31352,4463,69530,California
Monterey,2021-03-07,521,100889,107,47090,168,52967,246,832,232,38365,289,31641,476,70006,California
Monterey,2021-03-08,1673,102562,329,47419,956,53923,388,1220,1126,39330,547,32188,1512,71518,California
Monterey,2021-03-09,1991,104553,700,48119,1016,54939,275,1495,1488,40589,502,32690,1761,73279,California
Monterey,2021-03-10,3183,107736,1030,49149,1665,56604,488,1983,1466,40829,1711,34401,1951,75230,California
Monterey,2021-03-11,4170,111906,1413,50562,2383,58987,374,2357,2396,41832,1767,36168,2770,78000,California
Monterey,2021-03-12,4422,116328,2044,52606,2243,61230,135,2492,2727,43001,1692,37860,2861,80861,California
Monterey,2021-03-13,5304,121632,962,53568,3995,65225,347,2839,3979,46003,1324,39184,4326,85187,California
Monterey,2021-03-14,2163,123795,1332,54900,806,66031,25,2864,575,45025,1578,40762,600,85787,California
Monterey,2021-03-15,3973,127768,1273,56173,2411,68442,289,3153,2278,45902,1691,42453,2568,88355,California
Monterey,2021-03-16,3528,131296,580,56753,2563,71005,385,3538,2104,46965,1422,43875,2485,90840,California
Monterey,2021-03-17,5800,137096,2345,59098,3198,74203,257,3795,4193,49819,1601,45476,4455,95295,California
Monterey,2021-03-18,4464,141560,2163,61261,2132,76335,169,3964,3101,51768,1358,46834,3307,98602,California
Monterey,2021-03-19,5501,147061,2572,63833,2783,79118,146,4110,4215,54849,1281,48115,4362,102964,California
Monterey,2021-03-20,3368,150429,421,64254,2254,81372,693,4803,2279,56736,1085,49200,2972,105936,California
Monterey,2021-03-21,637,151066,210,64464,418,81790,9,4812,565,57239,70,49270,573,106509,California
Monterey,2021-03-22,2489,153555,1432,65896,994,82784,63,4875,2276,59366,210,49480,2337,108846,California
Monterey,2021-03-23,4023,157578,2356,68252,1624,84408,43,4918,2556,60502,1462,50942,2598,111444,California
Monterey,2021-03-24,5111,162689,2110,70362,2682,87090,319,5237,3736,63183,1370,52312,4051,115495,California
Monterey,2021-03-25,5328,168017,1226,71588,3743,90833,359,5596,2684,63591,2636,54948,3044,118539,California
Monterey,2021-03-26,5442,173459,2607,74195,2757,93590,78,5674,2782,63804,2649,57597,2862,121401,California
Monterey,2021-03-27,4841,178300,1441,75636,3145,96735,255,5929,3116,65453,1722,59319,3371,124772,California
Monterey,2021-03-28,1120,179420,343,75979,768,97503,9,5938,626,65600,488,59807,635,125407,California
Monterey,2021-03-29,3234,182654,1418,77397,1802,99305,14,5952,2008,66408,1218,61025,2026,127433,California
Monterey,2021-03-30,4516,187170,2136,79533,2334,101639,46,5998,2771,67494,1734,62759,2820,130253,California
Monterey,2021-03-31,5428,192598,2416,81949,2215,103854,797,6795,3442,69741,1983,64742,4230,134483,California
Monterey,2021-04-01,6146,198744,2056,84005,3677,107531,413,7208,3106,70229,3025,67767,3513,137996,California
Monterey,2021-04-02,4710,203454,2187,86192,2459,109990,64,7272,3165,71918,1543,69310,3232,141228,California
Monterey,2021-04-03,5942,209396,1119,87311,3777,113767,1046,8318,1233,69489,4700,74010,2271,143499,California
Monterey,2021-04-04,769,210165,157,87468,597,114364,15,8333,498,69732,271,74281,514,144013,California
Monterey,2021-04-05,4032,214197,2489,89957,1306,115670,237,8570,1498,68936,2529,76810,1733,145746,California
Monterey,2021-04-06,3446,217643,1352,91309,1621,117291,473,9043,1183,68330,2259,79069,1653,147399,California
Monterey,2021-04-07,5636,223279,1378,92687,3739,121030,519,9562,2695,68609,2930,81999,3209,150608,California
Monterey,2021-04-08,6688,229967,3506,96193,2371,123401,811,10373,3298,69334,3385,85384,4110,154718,California
Monterey,2021-04-09,5765,235732,3434,99627,1690,125091,641,11014,2291,68791,3471,88855,2928,157646,California
Monterey,2021-04-10,10289,246021,4962,104589,3121,128212,2206,13220,4997,70710,5280,94135,7199,164845,California
Monterey,2021-04-11,5515,251536,4336,108925,570,128782,609,13829,4464,74732,1045,95180,5067,169912,California
Monterey,2021-04-12,4150,255686,1882,110807,1952,130734,316,14145,958,72952,3053,98233,1273,171185,California
Monterey,2021-04-13,3215,258901,732,111539,2477,133211,6,14151,1553,72869,1644,99877,1561,172746,California
Monterey,2021-04-14,6836,265737,3171,114710,3662,136873,3,14154,1866,69791,4948,104825,1870,174616,California
Monterey,2021-04-15,5908,271645,3898,118608,2010,138883,0,14154,3885,71685,1992,106817,3886,178502,California
Monterey,2021-04-16,4885,276530,2437,121045,2435,141318,13,14167,2252,71331,2620,109437,2266,180768,California
Monterey,2021-04-17,5855,282385,1397,122442,4458,145776,0,14167,3800,73094,2039,111476,3802,184570,California
Monterey,2021-04-18,848,283233,257,122699,591,146367,0,14167,243,72736,601,112077,243,184813,California
Monterey,2021-04-19,3621,286854,1156,123855,2465,148832,0,14167,1655,72437,1954,114031,1655,186468,California
Monterey,2021-04-20,3802,290656,1506,125361,2296,151128,0,14167,1504,71666,2276,116307,1505,187973,California
Monterey,2021-04-21,5996,296652,3193,128554,2803,153931,0,14167,2896,71503,3061,119368,2898,190871,California
Monterey,2021-04-22,4846,301498,1021,129575,3825,157756,0,14167,1973,70647,2829,122197,1973,192844,California
Monterey,2021-04-23,5660,307158,2626,132201,3033,160789,1,14168,2229,69471,3411,125608,2235,195079,California
Monterey,2021-04-24,4284,311442,583,132784,3701,164490,0,14168,1547,68300,2720,128328,1549,196628,California
Monterey,2021-04-25,1243,312685,607,133391,636,165126,0,14168,790,68647,443,128771,790,197418,California
Monterey,2021-04-26,3738,316423,2195,135586,1526,166652,17,14185,978,66907,2735,131506,995,198413,California
Monterey,2021-04-27,2868,319291,930,136516,1798,168450,140,14325,1215,66612,1649,133155,1354,199767,California
Monterey,2021-04-28,3620,322911,1363,137879,2105,170555,152,14477,2228,67610,1377,134532,2375,202142,California
Monterey,2021-04-29,4519,327430,2405,140284,2038,172593,76,14553,1641,66462,2866,137398,1718,203860,California
Monterey,2021-04-30,3222,330652,1661,141945,1486,174079,75,14628,814,64950,2399,139797,887,204747,California
Monterey,2021-05-01,5642,336294,4235,146180,1367,175446,40,14668,684,60735,4937,144734,722,205469,California
Monterey,2021-05-02,4347,340641,3921,150101,399,175845,27,14695,301,57031,4032,148766,328,205797,California
Monterey,2021-05-03,2543,343184,1564,151665,865,176710,114,14809,586,55784,1947,150713,700,206497,California
Monterey,2021-05-04,1789,344973,592,152257,1107,177817,90,14899,645,55390,1130,151843,736,207233,California
Monterey,2021-05-05,3367,348340,1230,153487,2051,179868,86,14985,1075,54270,2282,154125,1162,208395,California
Monterey,2021-05-06,4177,352517,2747,156234,1213,181081,217,15202,1114,52552,3048,157173,1330,209725,California
Monterey,2021-05-07,1949,354466,937,157171,914,181995,98,15300,696,52100,1245,158418,793,210518,California
Monterey,2021-05-08,2601,357067,1371,158542,907,182902,323,15623,925,51680,1664,160082,1244,211762,California
Monterey,2021-05-09,393,357460,113,158655,253,183155,27,15650,139,51593,253,160335,166,211928,California
Monterey,2021-05-10,2788,360248,2048,160703,693,183848,47,15697,517,49897,2261,162596,565,212493,California
Monterey,2021-05-11,1840,362088,926,161629,836,184684,78,15775,754,49657,1074,163670,834,213327,California
Monterey,2021-05-12,3852,365940,2001,163630,1768,186452,83,15858,858,47618,2981,166651,942,214269,California
Monterey,2021-05-13,2665,368605,1589,165219,1022,187474,54,15912,1543,48102,1111,167762,1595,215864,California
Monterey,2021-05-14,1858,370463,574,165793,1184,188658,100,16012,756,47864,1093,168855,855,216719,California
Monterey,2021-05-15,3384,373847,823,166616,2296,190954,265,16277,955,46664,2416,171271,1216,217935,California
Monterey,2021-05-16,902,374749,551,167167,280,191234,71,16348,231,46300,665,171936,301,218236,California
Monterey,2021-05-17,2188,376937,1287,168454,824,192058,77,16425,1027,46255,1149,173085,1104,219340,California
Monterey,2021-05-18,1728,378665,663,169117,1021,193079,44,16469,788,46158,931,174016,834,220174,California
Monterey,2021-05-19,3602,382267,2335,171452,1176,194255,91,16560,1933,46520,1663,175679,2025,222199,California
Monterey,2021-05-20,2729,384996,929,172381,1690,195945,110,16670,918,45754,1797,177476,1031,223230,California
Monterey,2021-05-21,3264,388260,1313,173694,1860,197805,91,16761,1021,44636,2229,179705,1111,224341,California
Monterey,2021-05-22,2121,390381,723,174417,1118,198923,280,17041,797,44401,1315,181020,1080,225421,California
Monterey,2021-05-23,840,391221,486,174903,338,199261,16,17057,484,44550,352,181372,501,225922,California
Monterey,2021-05-24,1671,392892,498,175401,1113,200374,60,17117,541,44026,1126,182498,602,226524,California
Monterey,2021-05-25,1414,394306,530,175931,814,201188,70,17187,552,43803,848,183346,625,227149,California
Monterey,2021-05-26,2652,396958,1016,176947,1580,202768,56,17243,1000,43225,1638,184984,1060,228209,California
Monterey,2021-05-27,2482,399440,1360,178307,1066,203834,56,17299,897,42610,1569,186553,954,229163,California
Monterey,2021-05-28,1737,401177,576,178883,1101,204935,60,17359,759,42463,967,187520,820,229983,California
Monterey,2021-05-29,986,402163,634,179517,319,205254,33,17392,422,42362,557,188077,456,230439,California
Monterey,2021-05-30,379,402542,163,179680,202,205456,14,17406,146,42290,232,188309,160,230599,California
Monterey,2021-05-31,186,402728,33,179713,144,205600,9,17415,54,42222,131,188440,63,230662,California
Monterey,2021-06-01,1706,404434,908,180621,666,206266,132,17547,534,41729,1155,189595,662,231324,California
Monterey,2021-06-02,1669,406103,963,181584,657,206923,49,17596,707,41528,957,190552,756,232080,California
Monterey,2021-06-03,2203,408306,1409,182993,759,207682,35,17631,510,40389,1683,192235,544,232624,California
Monterey,2021-06-04,1325,409631,684,183677,608,208290,33,17664,533,40170,785,193020,566,233190,California
Monterey,2021-06-05,2167,411798,848,184525,699,208989,620,18284,474,39578,1678,194698,1086,234276,California
Monterey,2021-06-06,492,412290,404,184929,79,209068,9,18293,294,39683,197,194895,302,234578,California
Monterey,2021-06-07,934,413224,485,185414,403,209471,46,18339,395,39594,528,195423,439,235017,California
Monterey,2021-06-08,1143,414367,701,186115,418,209889,24,18363,416,39317,716,196139,439,235456,California
Monterey,2021-06-09,2895,417262,2170,188285,599,210488,126,18489,636,37824,2255,198394,762,236218,California
Monterey,2021-06-10,1463,418725,887,189172,517,211005,59,18548,522,37469,934,199328,579,236797,California
Monterey,2021-06-11,1384,420109,752,189924,556,211561,76,18624,503,37172,874,200202,577,237374,California
Monterey,2021-06-12,740,420849,502,190426,223,211784,15,18639,348,37145,390,200592,363,237737,California
Monterey,2021-06-13,589,421438,457,190883,120,211904,12,18651,122,36815,464,201056,134,237871,California
Monterey,2021-06-14,1385,422823,996,191879,355,212259,34,18685,394,36258,985,202041,428,238299,California
Monterey,2021-06-15,1131,423954,560,192439,448,212707,123,18808,398,36055,724,202765,521,238820,California
Monterey,2021-06-16,1558,425512,1089,193528,438,213145,31,18839,396,35327,1154,203919,426,239246,California
Monterey,2021-06-17,1166,426678,674,194202,339,213484,153,18992,424,35165,738,204657,576,239822,California
Monterey,2021-06-18,1193,427871,724,194926,442,213926,27,19019,532,35069,655,205312,559,240381,California
Monterey,2021-06-19,1302,429173,1007,195933,265,214191,30,19049,489,34783,805,206117,519,240900,California
Monterey,2021-06-20,234,429407,156,196089,70,214261,8,19057,80,34718,154,206271,89,240989,California
Monterey,2021-06-21,670,430077,366,196455,271,214532,33,19090,384,34853,281,206552,416,241405,California
Monterey,2021-06-22,1503,431580,961,197416,353,214885,189,19279,487,34520,1004,207556,671,242076,California
Monterey,2021-06-23,1056,432636,712,198128,314,215199,30,19309,432,34366,615,208171,461,242537,California
Monterey,2021-06-24,494,433130,300,198428,181,215380,13,19322,247,34382,244,208415,260,242797,California
Napa,2020-12-16,12,12,12,12,0,0,0,0,12,12,0,0,12,12,California
Napa,2020-12-17,46,58,46,58,0,0,0,0,46,58,0,0,46,58,California
Napa,2020-12-18,105,163,105,163,0,0,0,0,105,163,0,0,105,163,California
Napa,2020-12-19,222,385,222,385,0,0,0,0,222,385,0,0,222,385,California
Napa,2020-12-20,190,575,190,575,0,0,0,0,190,575,0,0,190,575,California
Napa,2020-12-21,313,888,313,888,0,0,0,0,314,889,0,0,314,889,California
Napa,2020-12-22,339,1227,330,1218,9,9,0,0,339,1228,0,0,339,1228,California
Napa,2020-12-23,435,1662,323,1541,112,121,0,0,435,1663,0,0,435,1663,California
Napa,2020-12-24,140,1802,78,1619,62,183,0,0,140,1803,0,0,140,1803,California
Napa,2020-12-25,1,1803,1,1620,0,183,0,0,1,1804,0,0,1,1804,California
Napa,2020-12-26,39,1842,11,1631,28,211,0,0,39,1843,0,0,39,1843,California
Napa,2020-12-27,32,1874,16,1647,16,227,0,0,32,1875,0,0,32,1875,California
Napa,2020-12-28,252,2126,185,1832,67,294,0,0,279,2154,0,0,279,2154,California
Napa,2020-12-29,273,2399,215,2047,58,352,0,0,306,2460,0,0,306,2460,California
Napa,2020-12-30,628,3027,481,2528,147,499,0,0,636,3096,0,0,636,3096,California
Napa,2020-12-31,458,3485,369,2897,89,588,0,0,458,3554,0,0,458,3554,California
Napa,2021-01-01,1,3486,1,2898,0,588,0,0,1,3555,0,0,1,3555,California
Napa,2021-01-02,96,3582,91,2989,5,593,0,0,96,3651,0,0,96,3651,California
Napa,2021-01-03,14,3596,12,3001,2,595,0,0,9,3660,0,0,9,3660,California
Napa,2021-01-04,105,3701,63,3064,42,637,0,0,105,3765,0,0,105,3765,California
Napa,2021-01-05,163,3864,86,3150,77,714,0,0,146,3887,24,24,146,3911,California
Napa,2021-01-06,462,4326,116,3266,346,1060,0,0,397,4221,63,87,397,4308,California
Napa,2021-01-07,498,4824,236,3502,262,1322,0,0,394,4512,103,190,394,4702,California
Napa,2021-01-08,444,5268,228,3730,216,1538,0,0,260,4589,183,373,260,4962,California
Napa,2021-01-09,329,5597,304,4034,25,1563,0,0,191,4642,138,511,191,5153,California
Napa,2021-01-10,186,5783,103,4137,83,1646,0,0,109,4674,77,588,109,5262,California
Napa,2021-01-11,879,6662,425,4562,454,2100,0,0,507,4810,373,961,509,5771,California
Napa,2021-01-12,1329,7991,380,4942,949,3049,0,0,1006,5493,323,1284,1006,6777,California
Napa,2021-01-13,1316,9307,268,5210,1048,4097,0,0,1152,6483,163,1447,1153,7930,California
Napa,2021-01-14,1051,10358,169,5379,882,4979,0,0,934,7302,115,1562,934,8864,California
Napa,2021-01-15,1466,11824,384,5763,1082,6061,0,0,1319,8467,155,1717,1320,10184,California
Napa,2021-01-16,360,12184,132,5895,228,6289,0,0,342,8791,18,1735,342,10526,California
Napa,2021-01-17,344,12528,179,6074,165,6454,0,0,334,9115,10,1745,334,10860,California
Napa,2021-01-18,1077,13605,196,6270,881,7335,0,0,986,10010,91,1836,986,11846,California
Napa,2021-01-19,1005,14610,403,6673,602,7937,0,0,765,10536,239,2075,765,12611,California
Napa,2021-01-20,834,15444,189,6862,645,8582,0,0,646,10997,186,2261,647,13258,California
Napa,2021-01-21,1337,16781,377,7239,960,9542,0,0,1084,11830,252,2513,1085,14343,California
Napa,2021-01-22,1547,18328,412,7651,1135,10677,0,0,1219,12723,327,2840,1220,15563,California
Napa,2021-01-23,397,18725,318,7969,79,10756,0,0,336,12998,61,2901,336,15899,California
Napa,2021-01-24,268,18993,189,8158,79,10835,0,0,210,13150,58,2959,210,16109,California
Napa,2021-01-25,1524,20517,232,8390,1292,12127,0,0,1433,14492,91,3050,1433,17542,California
Napa,2021-01-26,878,21395,284,8674,594,12721,0,0,783,15181,95,3145,784,18326,California
Napa,2021-01-27,631,22026,222,8896,409,13130,0,0,471,15492,161,3306,472,18798,California
Napa,2021-01-28,390,22416,175,9071,215,13345,0,0,198,15500,190,3496,198,18996,California
Napa,2021-01-29,265,22681,66,9137,199,13544,0,0,168,15571,97,3593,168,19164,California
Napa,2021-01-30,820,23501,709,9846,111,13655,0,0,650,16051,170,3763,650,19814,California
Napa,2021-01-31,693,24194,661,10507,32,13687,0,0,668,16694,25,3788,668,20482,California
Napa,2021-02-01,324,24518,114,10621,210,13897,0,0,166,16702,158,3946,166,20648,California
Napa,2021-02-02,616,25134,283,10904,333,14230,0,0,304,16697,309,4255,304,20952,California
Napa,2021-02-03,747,25881,310,11214,437,14667,0,0,432,16815,314,4569,432,21384,California
Napa,2021-02-04,791,26672,371,11585,420,15087,0,0,441,16908,348,4917,441,21825,California
Napa,2021-02-05,714,27386,312,11897,402,15489,0,0,343,16880,371,5288,343,22168,California
Napa,2021-02-06,438,27824,145,12042,293,15782,0,0,333,17108,105,5393,333,22501,California
Napa,2021-02-07,179,28003,166,12208,13,15795,0,0,71,17071,108,5501,71,22572,California
Napa,2021-02-08,836,28839,191,12399,645,16440,0,0,276,16789,558,6059,276,22848,California
Napa,2021-02-09,1092,29931,452,12851,640,17080,0,0,445,16588,646,6705,445,23293,California
Napa,2021-02-10,1736,31667,195,13046,1541,18621,0,0,452,15760,1281,7986,453,23746,California
Napa,2021-02-11,1504,33171,197,13243,1307,19928,0,0,407,15083,1084,9070,407,24153,California
Napa,2021-02-12,2195,35366,866,14109,1329,21257,0,0,727,14347,1463,10533,727,24880,California
Napa,2021-02-13,510,35876,56,14165,454,21711,0,0,319,14475,191,10724,319,25199,California
Napa,2021-02-14,356,36232,89,14254,267,21978,0,0,192,14503,164,10888,192,25391,California
Napa,2021-02-15,879,37111,183,14437,696,22674,0,0,223,14072,654,11542,223,25614,California
Napa,2021-02-16,1294,38405,599,15036,695,23369,0,0,617,14014,675,12217,617,26231,California
Napa,2021-02-17,1051,39456,533,15569,518,23887,0,0,481,13928,568,12785,482,26713,California
Napa,2021-02-18,1900,41356,484,16053,1416,25303,0,0,660,13351,1237,14022,660,27373,California
Napa,2021-02-19,1501,42857,592,16645,909,26212,0,0,679,13210,820,14842,679,28052,California
Napa,2021-02-20,870,43727,636,17281,234,26446,0,0,283,12906,587,15429,283,28335,California
Napa,2021-02-21,889,44616,819,18100,70,26516,0,0,193,12403,696,16125,193,28528,California
Napa,2021-02-22,474,45090,198,18298,276,26792,0,0,146,12221,328,16453,146,28674,California
Napa,2021-02-23,1156,46246,314,18612,842,27634,0,0,328,11721,828,17281,328,29002,California
Napa,2021-02-24,1190,47436,660,19272,530,28164,0,0,597,11727,591,17872,597,29599,California
Napa,2021-02-25,2596,50032,1251,20523,1345,29509,0,0,1877,12886,718,18590,1877,31476,California
Napa,2021-02-26,1554,51586,552,21075,1002,30511,0,0,619,12572,933,19523,619,32095,California
Napa,2021-02-27,1189,52775,425,21500,764,31275,0,0,932,13249,255,19778,932,33027,California
Napa,2021-02-28,725,53500,605,22105,120,31395,0,0,608,13742,115,19893,608,33635,California
Napa,2021-03-01,1176,54676,882,22987,294,31689,0,0,897,14362,277,20170,897,34532,California
Napa,2021-03-02,1506,56182,1049,24036,457,32146,0,0,1159,15175,346,20516,1159,35691,California
Napa,2021-03-03,1572,57754,695,24731,877,33023,0,0,1382,16368,189,20705,1382,37073,California
Napa,2021-03-04,1720,59474,790,25521,930,33953,0,0,1478,17607,239,20944,1478,38551,California
Napa,2021-03-05,1905,61379,790,26311,1111,35064,4,4,1483,18675,419,21363,1487,40038,California
Napa,2021-03-06,657,62036,288,26599,338,35402,31,35,544,19139,111,21474,575,40613,California
Napa,2021-03-07,534,62570,322,26921,196,35598,16,51,382,19386,151,21625,398,41011,California
Napa,2021-03-08,716,63286,336,27257,327,35925,53,104,538,19802,175,21800,591,41602,California
Napa,2021-03-09,1689,64975,607,27864,1036,36961,46,150,1249,20661,436,22236,1295,42897,California
Napa,2021-03-10,1500,66475,925,28789,481,37442,94,244,800,20856,696,22932,891,43788,California
Napa,2021-03-11,1885,68360,1064,29853,689,38131,132,376,990,21082,895,23827,1121,44909,California
Napa,2021-03-12,1516,69876,921,30774,500,38631,95,471,807,21278,706,24533,902,45811,California
Napa,2021-03-13,1179,71055,311,31085,843,39474,25,496,833,21793,344,24877,859,46670,California
Napa,2021-03-14,616,71671,334,31419,134,39608,148,644,207,21739,408,25285,354,47024,California
Napa,2021-03-15,958,72629,412,31831,478,40086,68,712,480,21811,476,25761,548,47572,California
Napa,2021-03-16,1855,74484,393,32224,1335,41421,127,839,1381,22850,470,26231,1509,49081,California
Napa,2021-03-17,2528,77012,1860,34084,489,41910,179,1018,1599,23700,928,27159,1778,50859,California
Napa,2021-03-18,2144,79156,951,35035,1182,43092,11,1029,1283,24136,858,28017,1294,52153,California
Napa,2021-03-19,1459,80615,886,35921,545,43637,28,1057,693,24094,763,28780,721,52874,California
Napa,2021-03-20,1010,81625,529,36450,328,43965,153,1210,388,24014,621,29401,541,53415,California
Napa,2021-03-21,716,82341,692,37142,21,43986,3,1213,224,23751,490,29891,227,53642,California
Napa,2021-03-22,1302,83643,1123,38265,167,44153,12,1225,438,23342,859,30750,450,54092,California
Napa,2021-03-23,1896,85539,1199,39464,680,44833,17,1242,1009,23485,883,31633,1026,55118,California
Napa,2021-03-24,1712,87251,947,40411,756,45589,9,1251,817,23416,894,32527,825,55943,California
Napa,2021-03-25,1933,89184,1058,41469,821,46410,54,1305,770,23083,1157,33684,824,56767,California
Napa,2021-03-26,1312,90496,839,42308,467,46877,6,1311,587,22957,719,34403,593,57360,California
Napa,2021-03-27,953,91449,434,42742,492,47369,27,1338,294,22619,659,35062,321,57681,California
Napa,2021-03-28,493,91942,382,43124,104,47473,7,1345,181,22497,310,35372,188,57869,California
Napa,2021-03-29,1202,93144,876,44000,321,47794,5,1350,729,22760,471,35843,734,58603,California
Napa,2021-03-30,2799,95943,933,44933,1861,49655,5,1355,1978,23921,822,36665,1983,60586,California
Napa,2021-03-31,1975,97918,963,45896,943,50598,69,1424,799,23614,1173,37838,866,61452,California
Napa,2021-04-01,1759,99677,847,46743,795,51393,117,1541,482,22942,1270,39108,598,62050,California
Napa,2021-04-02,1872,101549,844,47587,886,52279,142,1683,477,22168,1392,40500,618,62668,California
Napa,2021-04-03,639,102188,373,47960,207,52486,59,1742,214,22016,424,40924,272,62940,California
Napa,2021-04-04,359,102547,145,48105,155,52641,59,1801,123,21963,235,41159,182,63122,California
Napa,2021-04-05,1276,103823,758,48863,299,52940,219,2020,573,22055,701,41860,793,63915,California
Napa,2021-04-06,2268,106091,565,49428,1444,54384,259,2279,526,21100,1739,43599,784,64699,California
Napa,2021-04-07,1752,107843,708,50136,822,55206,222,2501,532,20638,1214,44813,752,65451,California
Napa,2021-04-08,1868,109711,1070,51206,423,55629,375,2876,964,21078,898,45711,1338,66789,California
Napa,2021-04-09,1548,111259,927,52133,316,55945,305,3181,678,21193,867,46578,982,67771,California
Napa,2021-04-10,1051,112310,353,52486,595,56540,103,3284,246,20738,804,47382,349,68120,California
Napa,2021-04-11,386,112696,300,52786,63,56603,23,3307,159,20693,227,47609,182,68302,California
Napa,2021-04-12,795,113491,302,53088,368,56971,125,3432,292,20605,501,48110,413,68715,California
Napa,2021-04-13,2595,116086,871,53959,1724,58695,0,3432,949,19913,1641,49751,949,69664,California
Napa,2021-04-14,2160,118246,1017,54976,1143,59838,0,3432,1054,19869,1098,50849,1054,70718,California
Napa,2021-04-15,2095,120341,537,55513,1558,61396,0,3432,904,19589,1184,52033,904,71622,California
Napa,2021-04-16,3011,123352,1641,57154,1370,62766,0,3432,2279,21141,727,52760,2279,73901,California
Napa,2021-04-17,1165,124517,273,57427,892,63658,0,3432,860,21697,304,53064,860,74761,California
Napa,2021-04-18,271,124788,176,57603,95,63753,0,3432,121,21668,150,53214,121,74882,California
Napa,2021-04-19,631,125419,342,57945,289,64042,0,3432,277,21592,353,53567,277,75159,California
Napa,2021-04-20,3051,128470,2072,60017,979,65021,0,3432,2083,22710,966,54533,2084,77243,California
Napa,2021-04-21,2949,131419,2173,62190,776,65797,0,3432,1876,23520,1067,55600,1877,79120,California
Napa,2021-04-22,1809,133228,1275,63465,534,66331,0,3432,858,23431,947,56547,858,79978,California
Napa,2021-04-23,1641,134869,1258,64723,381,66712,2,3434,1162,24118,475,57022,1162,81140,California
Napa,2021-04-24,573,135442,322,65045,251,66963,0,3434,297,24142,273,57295,297,81437,California
Napa,2021-04-25,247,135689,189,65234,58,67021,0,3434,127,24150,119,57414,127,81564,California
Napa,2021-04-26,546,136235,279,65513,267,67288,0,3434,281,24171,260,57674,281,81845,California
Napa,2021-04-27,1780,138015,461,65974,1307,68595,12,3446,588,23583,1188,58862,600,82445,California
Napa,2021-04-28,1009,139024,461,66435,531,69126,17,3463,342,23277,665,59527,359,82804,California
Napa,2021-04-29,722,139746,354,66789,349,69475,19,3482,261,23102,454,59981,279,83083,California
Napa,2021-04-30,615,140361,306,67095,245,69720,64,3546,255,23061,359,60340,318,83401,California
Napa,2021-05-01,331,140692,272,67367,48,69768,11,3557,122,22985,209,60549,133,83534,California
Napa,2021-05-02,239,140931,194,67561,39,69807,6,3563,101,22955,137,60686,107,83641,California
Napa,2021-05-03,637,141568,498,68059,104,69911,35,3598,111,22580,522,61208,147,83788,California
Napa,2021-05-04,1139,142707,725,68784,302,70213,112,3710,302,22161,833,62041,414,84202,California
Napa,2021-05-05,1040,143747,702,69486,300,70513,38,3748,264,21690,773,62814,302,84504,California
Napa,2021-05-06,723,144470,320,69806,380,70893,23,3771,375,21749,339,63153,398,84902,California
Napa,2021-05-07,1565,146035,1334,71140,168,71061,63,3834,326,20921,1216,64369,388,85290,California
Napa,2021-05-08,253,146288,163,71303,79,71140,11,3845,87,20854,165,64534,98,85388,California
Napa,2021-05-09,112,146400,80,71383,32,71172,0,3845,53,20848,59,64593,53,85441,California
Napa,2021-05-10,425,146825,143,71526,263,71435,19,3864,109,20661,315,64908,128,85569,California
Napa,2021-05-11,2178,149003,1791,73317,362,71797,25,3889,372,19258,1800,66708,397,85966,California
Napa,2021-05-12,2202,151205,1374,74691,771,72568,57,3946,302,17722,1894,68602,358,86324,California
Napa,2021-05-13,1968,153173,1253,75944,675,73243,40,3986,868,17538,1093,69695,909,87233,California
Napa,2021-05-14,1968,155141,1188,77132,694,73937,86,4072,535,16735,1425,71120,622,87855,California
Napa,2021-05-15,1071,156212,364,77496,695,74632,12,4084,257,16194,811,71931,270,88125,California
Napa,2021-05-16,240,156452,160,77656,78,74710,2,4086,69,16094,171,72102,71,88196,California
Napa,2021-05-17,892,157344,347,78003,515,75225,30,4116,307,15909,523,72625,338,88534,California
Napa,2021-05-18,1076,158420,552,78555,467,75692,57,4173,513,15921,558,73183,570,89104,California
Napa,2021-05-19,971,159391,570,79125,371,76063,30,4203,516,16014,452,73635,545,89649,California
Napa,2021-05-20,660,160051,435,79560,194,76257,31,4234,386,16159,272,73907,417,90066,California
Napa,2021-05-21,528,160579,266,79826,230,76487,32,4266,221,16107,305,74212,253,90319,California
Napa,2021-05-22,461,161040,274,80100,178,76665,9,4275,191,16038,270,74482,201,90520,California
Napa,2021-05-23,394,161434,348,80448,35,76700,11,4286,294,16243,100,74582,305,90825,California
Napa,2021-05-24,375,161809,179,80627,176,76876,20,4306,149,16188,224,74806,169,90994,California
Napa,2021-05-25,434,162243,178,80805,185,77061,71,4377,146,16121,287,75093,220,91214,California
Napa,2021-05-26,560,162803,362,81167,174,77235,24,4401,321,16232,236,75329,347,91561,California
Napa,2021-05-27,396,163199,169,81336,199,77434,28,4429,150,16164,246,75575,178,91739,California
Napa,2021-05-28,405,163604,209,81545,172,77606,24,4453,169,16123,232,75807,191,91930,California
Napa,2021-05-29,128,163732,79,81624,45,77651,4,4457,74,16148,53,75860,78,92008,California
Napa,2021-05-30,98,163830,61,81685,32,77683,5,4462,32,16121,64,75924,37,92045,California
Napa,2021-05-31,51,163881,17,81702,28,77711,6,4468,9,16094,42,75966,15,92060,California
Napa,2021-06-01,602,164483,312,82014,266,77977,24,4492,268,16057,328,76294,291,92351,California
Napa,2021-06-02,415,164898,246,82260,147,78124,22,4514,201,16067,212,76506,222,92573,California
Napa,2021-06-03,756,165654,462,82722,269,78393,25,4539,131,15599,622,77128,154,92727,California
Napa,2021-06-04,783,166437,602,83324,144,78537,37,4576,145,15145,636,77764,182,92909,California
Napa,2021-06-05,309,166746,250,83574,47,78584,12,4588,73,14996,234,77998,85,92994,California
Napa,2021-06-06,144,166890,125,83699,18,78602,1,4589,47,14948,96,78094,48,93042,California
Napa,2021-06-07,394,167284,286,83985,80,78682,28,4617,92,14766,302,78396,120,93162,California
Napa,2021-06-08,620,167904,492,84477,111,78793,17,4634,274,14714,343,78739,291,93453,California
Napa,2021-06-09,553,168457,449,84926,89,78882,15,4649,95,14367,457,79196,110,93563,California
Napa,2021-06-10,511,168968,416,85342,63,78945,32,4681,109,14106,402,79598,141,93704,California
Napa,2021-06-11,411,169379,267,85609,120,79065,24,4705,119,13958,291,79889,143,93847,California
Napa,2021-06-12,204,169583,172,85781,27,79092,5,4710,42,13844,161,80050,47,93894,California
Napa,2021-06-13,286,169869,273,86054,8,79100,5,4715,27,13617,259,80309,32,93926,California
Napa,2021-06-14,482,170351,338,86392,118,79218,26,4741,95,13352,383,80692,118,94044,California
Napa,2021-06-15,377,170728,277,86669,87,79305,13,4754,185,13360,190,80882,198,94242,California
Napa,2021-06-16,256,170984,165,86834,76,79381,15,4769,82,13287,170,81052,97,94339,California
Napa,2021-06-17,390,171374,322,87156,60,79441,8,4777,70,13045,320,81372,78,94417,California
Napa,2021-06-18,265,171639,173,87329,81,79522,11,4788,89,12971,174,81546,100,94517,California
Napa,2021-06-19,111,171750,77,87406,23,79545,11,4799,47,12967,62,81608,58,94575,California
Napa,2021-06-20,54,171804,42,87448,9,79554,3,4802,19,12954,35,81643,22,94597,California
Napa,2021-06-21,155,171959,73,87521,63,79617,19,4821,74,12966,81,81724,93,94690,California
Napa,2021-06-22,373,172332,297,87818,62,79679,14,4835,111,12831,260,81984,125,94815,California
Napa,2021-06-23,325,172657,259,88077,45,79724,21,4856,104,12737,218,82202,124,94939,California
Napa,2021-06-24,98,172755,57,88134,36,79760,5,4861,39,12723,58,82260,44,94983,California
Nevada,2020-12-16,3,3,3,3,0,0,0,0,3,3,0,0,3,3,California
Nevada,2020-12-17,7,10,7,10,0,0,0,0,7,10,0,0,7,10,California
Nevada,2020-12-18,56,66,56,66,0,0,0,0,56,66,0,0,56,66,California
Nevada,2020-12-19,55,121,55,121,0,0,0,0,55,121,0,0,55,121,California
Nevada,2020-12-20,12,133,12,133,0,0,0,0,12,133,0,0,12,133,California
Nevada,2020-12-21,69,202,69,202,0,0,0,0,69,202,0,0,69,202,California
Nevada,2020-12-22,90,292,88,290,2,2,0,0,90,292,0,0,90,292,California
Nevada,2020-12-23,233,525,202,492,31,33,0,0,233,525,0,0,233,525,California
Nevada,2020-12-24,13,538,11,503,2,35,0,0,13,538,0,0,13,538,California
Nevada,2020-12-25,3,541,3,506,0,35,0,0,3,541,0,0,3,541,California
Nevada,2020-12-26,6,547,4,510,2,37,0,0,6,547,0,0,6,547,California
Nevada,2020-12-27,89,636,89,599,0,37,0,0,89,636,0,0,89,636,California
Nevada,2020-12-28,170,806,93,692,77,114,0,0,170,806,0,0,170,806,California
Nevada,2020-12-29,99,905,73,765,26,140,0,0,99,905,0,0,99,905,California
Nevada,2020-12-30,86,991,66,831,20,160,0,0,86,991,0,0,86,991,California
Nevada,2020-12-31,39,1030,9,840,30,190,0,0,39,1030,0,0,39,1030,California
Nevada,2021-01-01,3,1033,0,840,3,193,0,0,3,1033,0,0,3,1033,California
Nevada,2021-01-02,1,1034,1,841,0,193,0,0,1,1034,0,0,1,1034,California
Nevada,2021-01-03,130,1164,125,966,5,198,0,0,130,1164,0,0,130,1164,California
Nevada,2021-01-04,72,1236,47,1013,25,223,0,0,72,1236,0,0,72,1236,California
Nevada,2021-01-05,274,1510,133,1146,141,364,0,0,273,1508,1,1,273,1509,California
Nevada,2021-01-06,90,1600,42,1188,48,412,0,0,82,1582,8,9,82,1591,California
Nevada,2021-01-07,216,1816,44,1232,172,584,0,0,208,1784,7,16,209,1800,California
Nevada,2021-01-08,220,2036,128,1360,92,676,0,0,164,1893,56,72,165,1965,California
Nevada,2021-01-09,63,2099,56,1416,7,683,0,0,14,1858,49,121,14,1979,California
Nevada,2021-01-10,18,2117,9,1425,9,692,0,0,10,1860,8,129,10,1989,California
Nevada,2021-01-11,186,2303,131,1556,55,747,0,0,58,1790,128,257,58,2047,California
Nevada,2021-01-12,600,2903,453,2009,147,894,0,0,533,2256,67,324,533,2580,California
Nevada,2021-01-13,262,3165,148,2157,114,1008,0,0,128,2250,134,458,128,2708,California
Nevada,2021-01-14,238,3403,127,2284,111,1119,0,0,221,2455,16,474,221,2929,California
Nevada,2021-01-15,400,3803,173,2457,227,1346,0,0,299,2653,101,575,299,3228,California
Nevada,2021-01-16,296,4099,15,2472,281,1627,0,0,292,2941,4,579,292,3520,California
Nevada,2021-01-17,37,4136,33,2505,4,1631,0,0,35,2974,2,581,35,3555,California
Nevada,2021-01-18,154,4290,44,2549,110,1741,0,0,142,3104,12,593,142,3697,California
Nevada,2021-01-19,248,4538,88,2637,160,1901,0,0,228,3312,20,613,228,3925,California
Nevada,2021-01-20,275,4813,165,2802,110,2011,0,0,261,3559,14,627,261,4186,California
Nevada,2021-01-21,342,5155,207,3009,135,2146,0,0,328,3873,14,641,328,4514,California
Nevada,2021-01-22,376,5531,235,3244,141,2287,0,0,345,4187,31,672,345,4859,California
Nevada,2021-01-23,180,5711,105,3349,75,2362,0,0,180,4367,0,672,180,5039,California
Nevada,2021-01-24,106,5817,98,3447,8,2370,0,0,67,4395,39,711,67,5106,California
Nevada,2021-01-25,264,6081,135,3582,129,2499,0,0,203,4537,61,772,203,5309,California
Nevada,2021-01-26,408,6489,144,3726,264,2763,0,0,303,4735,105,877,303,5612,California
Nevada,2021-01-27,426,6915,252,3978,174,2937,0,0,401,5111,25,902,401,6013,California
Nevada,2021-01-28,479,7394,326,4304,153,3090,0,0,435,5503,43,945,435,6448,California
Nevada,2021-01-29,607,8001,393,4697,214,3304,0,0,579,6056,27,972,580,7028,California
Nevada,2021-01-30,233,8234,105,4802,128,3432,0,0,230,6283,3,975,230,7258,California
Nevada,2021-01-31,103,8337,86,4888,17,3449,0,0,99,6380,3,978,100,7358,California
Nevada,2021-02-01,293,8630,70,4958,223,3672,0,0,279,6645,14,992,279,7637,California
Nevada,2021-02-02,530,9160,186,5144,344,4016,0,0,331,6777,199,1191,331,7968,California
Nevada,2021-02-03,819,9979,575,5719,244,4260,0,0,764,7487,54,1245,764,8732,California
Nevada,2021-02-04,740,10719,392,6111,348,4608,0,0,489,7726,250,1495,489,9221,California
Nevada,2021-02-05,652,11371,369,6480,283,4891,0,0,462,8000,188,1683,462,9683,California
Nevada,2021-02-06,270,11641,82,6562,188,5079,0,0,242,8214,28,1711,242,9925,California
Nevada,2021-02-07,246,11887,192,6754,54,5133,0,0,192,8352,54,1765,192,10117,California
Nevada,2021-02-08,652,12539,405,7159,247,5380,0,0,551,8802,101,1866,551,10668,California
Nevada,2021-02-09,606,13145,339,7498,267,5647,0,0,463,9122,143,2009,463,11131,California
Nevada,2021-02-10,654,13799,326,7824,328,5975,0,0,422,9313,232,2241,423,11554,California
Nevada,2021-02-11,885,14684,511,8335,374,6349,0,0,552,9534,331,2572,552,12106,California
Nevada,2021-02-12,953,15637,443,8778,510,6859,0,0,628,9840,322,2894,628,12734,California
Nevada,2021-02-13,610,16247,239,9017,371,7230,0,0,391,10017,215,3109,392,13126,California
Nevada,2021-02-14,235,16482,121,9138,114,7344,0,0,206,10194,29,3138,206,13332,California
Nevada,2021-02-15,710,17192,437,9575,273,7617,0,0,535,10554,175,3313,535,13867,California
Nevada,2021-02-16,625,17817,201,9776,424,8041,0,0,455,10840,169,3482,455,14322,California
Nevada,2021-02-17,1192,19009,769,10545,423,8464,0,0,855,11358,337,3819,855,15177,California
Nevada,2021-02-18,1017,20026,553,11098,464,8928,0,0,601,11546,413,4232,601,15778,California
Nevada,2021-02-19,1026,21052,634,11732,392,9320,0,0,659,11841,365,4597,660,16438,California
Nevada,2021-02-20,300,21352,107,11839,193,9513,0,0,176,11894,123,4720,176,16614,California
Nevada,2021-02-21,90,21442,83,11922,7,9520,0,0,7,11821,80,4800,7,16621,California
Nevada,2021-02-22,499,21941,332,12254,167,9687,0,0,353,12029,145,4945,353,16974,California
Nevada,2021-02-23,495,22436,242,12496,253,9940,0,0,221,11980,271,5216,222,17196,California
Nevada,2021-02-24,479,22915,242,12738,237,10177,0,0,253,12011,226,5442,257,17453,California
Nevada,2021-02-25,870,23785,470,13208,400,10577,0,0,436,12015,432,5874,436,17889,California
Nevada,2021-02-26,1246,25031,886,14094,360,10937,0,0,415,11602,828,6702,415,18304,California
Nevada,2021-02-27,359,25390,112,14206,247,11184,0,0,190,11623,169,6871,190,18494,California
Nevada,2021-02-28,274,25664,160,14366,114,11298,0,0,126,11602,147,7018,126,18620,California
Nevada,2021-03-01,840,26504,437,14803,403,11701,0,0,368,11501,469,7487,368,18988,California
Nevada,2021-03-02,742,27246,292,15095,450,12151,0,0,511,11786,226,7713,511,19499,California
Nevada,2021-03-03,992,28238,509,15604,482,12633,1,1,518,11834,472,8185,520,20019,California
Nevada,2021-03-04,1111,29349,621,16225,490,13123,0,1,468,11663,639,8824,468,20487,California
Nevada,2021-03-05,843,30192,477,16702,356,13479,10,11,377,11586,464,9288,387,20874,California
Nevada,2021-03-06,364,30556,121,16823,216,13695,27,38,149,11546,215,9503,175,21049,California
Nevada,2021-03-07,210,30766,109,16932,82,13777,19,57,70,11495,140,9643,89,21138,California
Nevada,2021-03-08,829,31595,560,17492,223,14000,46,103,376,11466,452,10095,423,21561,California
Nevada,2021-03-09,793,32388,403,17895,340,14340,50,153,466,11656,325,10420,515,22076,California
Nevada,2021-03-10,1007,33395,648,18543,303,14643,56,209,341,11392,660,11080,396,22472,California
Nevada,2021-03-11,1108,34503,725,19268,358,15001,25,234,550,11417,550,11630,575,23047,California
Nevada,2021-03-12,1208,35711,728,19996,450,15451,30,264,511,11263,693,12323,539,23586,California
Nevada,2021-03-13,296,36007,57,20053,234,15685,5,269,117,11207,177,12500,121,23707,California
Nevada,2021-03-14,157,36164,20,20073,132,15817,5,274,33,11121,124,12624,38,23745,California
Nevada,2021-03-15,853,37017,464,20537,377,16194,12,286,360,11004,489,13113,372,24117,California
Nevada,2021-03-16,1000,38017,468,21005,470,16664,62,348,637,11341,361,13474,698,24815,California
Nevada,2021-03-17,1025,39042,454,21459,561,17225,10,358,584,11498,438,13912,595,25410,California
Nevada,2021-03-18,982,40024,532,21991,427,17652,23,381,478,11498,500,14412,500,25910,California
Nevada,2021-03-19,762,40786,440,22431,285,17937,37,418,354,11485,404,14816,391,26301,California
Nevada,2021-03-20,824,41610,93,22524,304,18241,427,845,229,11548,589,15405,652,26953,California
Nevada,2021-03-21,59,41669,32,22556,26,18267,1,846,40,11571,18,15423,41,26994,California
Nevada,2021-03-22,803,42472,519,23075,279,18546,5,851,533,11842,267,15690,538,27532,California
Nevada,2021-03-23,864,43336,391,23466,446,18992,27,878,620,12248,241,15931,647,28179,California
Nevada,2021-03-24,1023,44359,543,24009,473,19465,7,885,639,12515,378,16309,645,28824,California
Nevada,2021-03-25,912,45271,462,24471,425,19890,25,910,494,12617,416,16725,518,29342,California
Nevada,2021-03-26,1150,46421,442,24913,669,20559,39,949,823,13154,324,17049,861,30203,California
Nevada,2021-03-27,571,46992,72,24985,483,21042,16,965,388,13376,182,17231,404,30607,California
Nevada,2021-03-28,176,47168,52,25037,111,21153,13,978,38,13292,135,17366,51,30658,California
Nevada,2021-03-29,826,47994,504,25541,300,21453,22,1000,374,13238,449,17815,395,31053,California
Nevada,2021-03-30,1058,49052,482,26023,542,21995,34,1034,487,13196,563,18378,521,31574,California
Nevada,2021-03-31,1180,50232,660,26683,503,22498,17,1051,669,13379,502,18880,685,32259,California
Nevada,2021-04-01,1245,51477,724,27407,468,22966,53,1104,551,13298,684,19564,603,32862,California
Nevada,2021-04-02,1296,52773,664,28071,596,23562,36,1140,764,13570,528,20092,800,33662,California
Nevada,2021-04-03,288,53061,86,28157,162,23724,40,1180,81,13485,206,20298,121,33783,California
Nevada,2021-04-04,129,53190,42,28199,80,23804,7,1187,77,13517,52,20350,84,33867,California
Nevada,2021-04-05,937,54127,615,28814,302,24106,20,1207,621,13846,311,20661,640,34507,California
Nevada,2021-04-06,1075,55202,666,29480,265,24371,144,1351,434,13789,634,21295,577,35084,California
Nevada,2021-04-07,1147,56349,819,30299,245,24616,83,1434,608,13947,532,21827,690,35774,California
Nevada,2021-04-08,1279,57628,891,31190,305,24921,83,1517,707,14169,568,22395,790,36564,California
Nevada,2021-04-09,1250,58878,849,32039,333,25254,68,1585,845,14678,403,22798,912,37476,California
Nevada,2021-04-10,277,59155,78,32117,123,25377,76,1661,110,14698,166,22964,186,37662,California
Nevada,2021-04-11,106,59261,34,32151,66,25443,6,1667,41,14680,65,23029,47,37709,California
Nevada,2021-04-12,750,60011,542,32693,191,25634,17,1684,319,14590,426,23455,336,38045,California
Nevada,2021-04-13,891,60902,355,33048,536,26170,0,1684,472,14647,415,23870,472,38517,California
Nevada,2021-04-14,1057,61959,568,33616,489,26659,0,1684,538,14674,511,24381,538,39055,California
Nevada,2021-04-15,1081,63040,710,34326,371,27030,0,1684,625,14855,444,24825,625,39680,California
Nevada,2021-04-16,902,63942,697,35023,205,27235,0,1684,523,15001,377,25202,523,40203,California
Nevada,2021-04-17,201,64143,55,35078,146,27381,0,1684,86,14974,113,25315,86,40289,California
Nevada,2021-04-18,188,64331,20,35098,168,27549,0,1684,103,14992,85,25400,103,40392,California
Nevada,2021-04-19,755,65086,483,35581,272,27821,0,1684,308,14863,437,25837,308,40700,California
Nevada,2021-04-20,818,65904,317,35898,501,28322,0,1684,312,14676,499,26336,312,41012,California
Nevada,2021-04-21,909,66813,496,36394,413,28735,0,1684,270,14316,630,26966,270,41282,California
Nevada,2021-04-22,994,67807,621,37015,373,29108,0,1684,337,14008,646,27612,338,41620,California
Nevada,2021-04-23,1224,69031,544,37559,680,29788,0,1684,395,13586,817,28429,395,42015,California
Nevada,2021-04-24,516,69547,69,37628,447,30235,0,1684,166,13404,348,28777,166,42181,California
Nevada,2021-04-25,115,69662,61,37689,49,30284,5,1689,51,13396,63,28840,55,42236,California
Nevada,2021-04-26,745,70407,561,38250,176,30460,8,1697,219,13107,516,29356,227,42463,California
Nevada,2021-04-27,815,71222,378,38628,432,30892,5,1702,410,13125,397,29753,415,42878,California
Nevada,2021-04-28,985,72207,577,39205,403,31295,5,1707,385,12920,595,30348,390,43268,California
Nevada,2021-04-29,1011,73218,706,39911,301,31596,4,1711,275,12465,734,31082,279,43547,California
Nevada,2021-04-30,1228,74446,726,40637,493,32089,9,1720,205,11658,1021,32103,214,43761,California
Nevada,2021-05-01,144,74590,60,40697,80,32169,4,1724,63,11646,79,32182,67,43828,California
Nevada,2021-05-02,58,74648,32,40729,22,32191,4,1728,20,11632,38,32220,24,43852,California
Nevada,2021-05-03,610,75258,405,41134,186,32377,19,1747,179,11402,427,32647,197,44049,California
Nevada,2021-05-04,589,75847,170,41304,401,32778,18,1765,335,11505,250,32897,353,44402,California
Nevada,2021-05-05,734,76581,378,41682,342,33120,14,1779,323,11440,402,33299,337,44739,California
Nevada,2021-05-06,803,77384,564,42246,228,33348,11,1790,197,11051,597,33896,208,44947,California
Nevada,2021-05-07,885,78269,488,42734,362,33710,35,1825,196,10597,685,34581,231,45178,California
Nevada,2021-05-08,171,78440,19,42753,132,33842,20,1845,79,10605,91,34672,99,45277,California
Nevada,2021-05-09,44,78484,8,42761,34,33876,2,1847,21,10605,23,34695,23,45300,California
Nevada,2021-05-10,391,78875,248,43009,119,33995,24,1871,76,10391,314,35009,100,45400,California
Nevada,2021-05-11,517,79392,155,43164,349,34344,13,1884,132,10159,377,35386,145,45545,California
Nevada,2021-05-12,541,79933,236,43400,294,34638,11,1895,155,9947,378,35764,166,45711,California
Nevada,2021-05-13,835,80768,552,43952,273,34911,10,1905,431,9992,396,36160,441,46152,California
Nevada,2021-05-14,785,81553,581,44533,186,35097,18,1923,440,10109,341,36501,458,46610,California
Nevada,2021-05-15,187,81740,87,44620,92,35189,8,1931,87,10105,99,36600,95,46705,California
Nevada,2021-05-16,156,81896,50,44670,106,35295,0,1931,54,10057,102,36702,54,46759,California
Nevada,2021-05-17,494,82390,316,44986,148,35443,30,1961,211,10026,272,36974,241,47000,California
Nevada,2021-05-18,418,82808,255,45241,159,35602,4,1965,222,10059,194,37168,227,47227,California
Nevada,2021-05-19,492,83300,356,45597,131,35733,5,1970,258,10097,225,37393,263,47490,California
Nevada,2021-05-20,607,83907,351,45948,244,35977,12,1982,216,9939,386,37779,228,47718,California
Nevada,2021-05-21,508,84415,327,46275,171,36148,10,1992,224,9892,281,38060,234,47952,California
Nevada,2021-05-22,244,84659,34,46309,157,36305,53,2045,93,9887,151,38211,146,48098,California
Nevada,2021-05-23,50,84709,18,46327,32,36337,0,2045,17,9872,32,38243,17,48115,California
Nevada,2021-05-24,309,85018,219,46546,79,36416,11,2056,106,9789,200,38443,117,48232,California
Nevada,2021-05-25,341,85359,82,46628,247,36663,12,2068,83,9631,253,38696,95,48327,California
Nevada,2021-05-26,452,85811,196,46824,246,36909,10,2078,135,9466,310,39006,145,48472,California
Nevada,2021-05-27,422,86233,226,47050,174,37083,22,2100,183,9435,236,39242,205,48677,California
Nevada,2021-05-28,346,86579,213,47263,111,37194,22,2122,193,9501,150,39392,216,48893,California
Nevada,2021-05-29,67,86646,12,47275,55,37249,0,2122,42,9518,25,39417,42,48935,California
Nevada,2021-05-30,38,86684,20,47295,16,37265,2,2124,26,9534,12,39429,28,48963,California
Nevada,2021-05-31,6,86690,4,47299,0,37265,2,2126,2,9534,4,39433,4,48967,California
Nevada,2021-06-01,421,87111,128,47427,276,37541,17,2143,102,9343,310,39743,119,49086,California
Nevada,2021-06-02,402,87513,165,47592,230,37771,7,2150,102,9159,293,40036,109,49195,California
Nevada,2021-06-03,559,88072,403,47995,151,37922,5,2155,100,8810,454,40490,105,49300,California
Nevada,2021-06-04,544,88616,435,48430,105,38027,4,2159,111,8496,429,40919,115,49415,California
Nevada,2021-06-05,169,88785,66,48496,101,38128,2,2161,62,8455,106,41025,65,49480,California
Nevada,2021-06-06,53,88838,40,48536,13,38141,0,2161,12,8426,41,41066,12,49492,California
Nevada,2021-06-07,267,89105,195,48731,42,38183,30,2191,61,8316,201,41267,91,49583,California
Nevada,2021-06-08,287,89392,188,48919,85,38268,14,2205,65,8182,213,41480,79,49662,California
Nevada,2021-06-09,326,89718,217,49136,102,38370,7,2212,81,8030,240,41720,88,49750,California
Nevada,2021-06-10,275,89993,179,49315,88,38458,8,2220,74,7917,194,41914,81,49831,California
Nevada,2021-06-11,326,90319,233,49548,74,38532,19,2239,75,7762,248,42162,93,49924,California
Nevada,2021-06-12,91,90410,53,49601,33,38565,5,2244,26,7728,65,42227,31,49955,California
Nevada,2021-06-13,32,90442,17,49618,14,38579,1,2245,6,7709,26,42253,7,49962,California
Nevada,2021-06-14,189,90631,135,49753,43,38622,11,2256,50,7637,133,42386,61,50023,California
Nevada,2021-06-15,169,90800,95,49848,66,38688,8,2264,64,7608,101,42487,72,50095,California
Nevada,2021-06-16,237,91037,133,49981,96,38784,8,2272,70,7526,160,42647,78,50173,California
Nevada,2021-06-17,222,91259,131,50112,78,38862,13,2285,39,7396,182,42829,52,50225,California
Nevada,2021-06-18,219,91478,150,50262,51,38913,18,2303,67,7331,150,42979,85,50310,California
Nevada,2021-06-19,68,91546,33,50295,30,38943,5,2308,29,7326,39,43018,34,50344,California
Nevada,2021-06-20,27,91573,20,50315,7,38950,0,2308,8,7316,18,43036,8,50352,California
Nevada,2021-06-21,106,91679,48,50363,53,39003,5,2313,51,7323,49,43085,56,50408,California
Nevada,2021-06-22,162,91841,97,50460,53,39056,12,2325,64,7307,92,43177,76,50484,California
Nevada,2021-06-23,208,92049,135,50595,43,39099,30,2355,85,7303,118,43295,114,50598,California
Nevada,2021-06-24,121,92170,72,50667,32,39131,17,2372,41,7286,75,43370,58,50656,California
Orange,2020-12-15,16,16,16,16,0,0,0,0,16,16,0,0,16,16,California
Orange,2020-12-16,396,412,396,412,0,0,0,0,396,412,0,0,396,412,California
Orange,2020-12-17,3761,4173,3761,4173,0,0,0,0,3760,4172,0,0,3760,4172,California
Orange,2020-12-18,5123,9296,5115,9288,8,8,0,0,5121,9292,1,1,5121,9293,California
Orange,2020-12-19,2246,11542,2239,11527,7,15,0,0,2245,11537,0,1,2245,11538,California
Orange,2020-12-20,2001,13543,1998,13525,3,18,0,0,2002,13539,0,1,2002,13540,California
Orange,2020-12-21,4271,17814,4265,17790,6,24,0,0,4271,17810,0,1,4271,17811,California
Orange,2020-12-22,4000,21814,3964,21754,36,60,0,0,4000,21810,0,1,4000,21811,California
Orange,2020-12-23,3606,25420,3238,24992,368,428,0,0,3608,25418,0,1,3608,25419,California
Orange,2020-12-24,1388,26808,1087,26079,301,729,0,0,1388,26806,0,1,1388,26807,California
Orange,2020-12-25,21,26829,16,26095,5,734,0,0,21,26827,0,1,21,26828,California
Orange,2020-12-26,997,27826,424,26519,573,1307,0,0,997,27824,0,1,997,27825,California
Orange,2020-12-27,585,28411,276,26795,309,1616,0,0,585,28409,0,1,585,28410,California
Orange,2020-12-28,3629,32040,2636,29431,993,2609,0,0,3629,32038,0,1,3629,32039,California
Orange,2020-12-29,3527,35567,2506,31937,1021,3630,0,0,3526,35563,1,2,3526,35565,California
Orange,2020-12-30,5145,40712,3555,35492,1590,5220,0,0,5145,40708,0,2,5145,40710,California
Orange,2020-12-31,1534,42246,820,36312,714,5934,0,0,1531,42236,3,5,1531,42241,California
Orange,2021-01-01,696,42942,380,36692,316,6250,0,0,694,42928,2,7,694,42935,California
Orange,2021-01-02,1369,44311,845,37537,524,6774,0,0,1366,44292,2,9,1366,44301,California
Orange,2021-01-03,591,44902,325,37862,266,7040,0,0,591,44883,0,9,591,44892,California
Orange,2021-01-04,2779,47681,1574,39436,1205,8245,0,0,2780,47662,1,10,2780,47672,California
Orange,2021-01-05,3554,51235,2318,41754,1236,9481,0,0,3140,50394,411,421,3143,50815,California
Orange,2021-01-06,5047,56282,3479,45233,1568,11049,0,0,3667,52693,1368,1789,3667,54482,California
Orange,2021-01-07,9358,65640,5218,50451,4140,15189,0,0,5740,54835,3603,5392,5745,60227,California
Orange,2021-01-08,9495,75135,5314,55765,4181,19370,0,0,5692,56738,3792,9184,5695,65922,California
Orange,2021-01-09,5043,80178,1755,57520,3288,22658,0,0,3755,59205,1288,10472,3755,69677,California
Orange,2021-01-10,4260,84438,1049,58569,3211,25869,0,0,3377,61704,882,11354,3381,73058,California
Orange,2021-01-11,9515,93953,4938,63507,4577,30446,0,0,5871,63932,3647,15001,5875,78933,California
Orange,2021-01-12,9008,102961,4851,68358,4157,34603,0,0,5518,65964,3488,18489,5520,84453,California
Orange,2021-01-13,10356,113317,4950,73308,5406,40009,0,0,7130,69879,3222,21711,7137,91590,California
Orange,2021-01-14,10116,123433,3818,77126,6298,46307,0,0,8515,76801,1599,23310,8521,100111,California
Orange,2021-01-15,10320,133753,2673,79799,7647,53954,0,0,9429,85337,899,24209,9435,109546,California
Orange,2021-01-16,8835,142588,2118,81917,6717,60671,0,0,8433,93375,400,24609,8438,117984,California
Orange,2021-01-17,8267,150855,1518,83435,6749,67420,0,0,8112,101342,155,24764,8122,126106,California
Orange,2021-01-18,9799,160654,4449,87884,5350,72770,0,0,7530,106603,2272,27036,7533,133639,California
Orange,2021-01-19,7620,168274,5483,93367,2137,74907,0,0,4977,108939,2642,29678,4978,138617,California
Orange,2021-01-20,8528,176802,5957,99324,2571,77478,0,0,5452,111324,3075,32753,5460,144077,California
Orange,2021-01-21,11185,187987,4949,104273,6236,83714,0,0,10346,120845,836,33589,10357,154434,California
Orange,2021-01-22,13893,201880,5168,109441,8725,92439,0,0,13018,133005,866,34455,13026,167460,California
Orange,2021-01-23,13307,215187,6219,115660,7088,99527,0,0,12365,144440,939,35394,12374,179834,California
Orange,2021-01-24,9950,225137,4302,119962,5648,105175,0,0,9597,153693,348,35742,9601,189435,California
Orange,2021-01-25,10520,235657,5879,125841,4641,109816,0,0,7773,158734,2737,38479,7778,197213,California
Orange,2021-01-26,11982,247639,7724,133565,4258,114074,0,0,9793,166345,2185,40664,9796,207009,California
Orange,2021-01-27,13648,261287,8025,141590,5623,119697,0,0,10892,174498,2745,43409,10898,217907,California
Orange,2021-01-28,13271,274558,7261,148851,6010,125707,0,0,11343,183938,1912,45321,11352,229259,California
Orange,2021-01-29,13840,288398,8481,157332,5359,131066,0,0,10891,191902,2930,48251,10894,240153,California
Orange,2021-01-30,13225,301623,4522,161854,8703,139769,0,0,12431,203560,777,49028,12435,252588,California
Orange,2021-01-31,13870,315493,4938,166792,8932,148701,0,0,13404,216512,459,49487,13411,265999,California
Orange,2021-02-01,15055,330548,6547,173339,8508,157209,0,0,12531,226554,2497,51984,12539,278538,California
Orange,2021-02-02,15244,345792,8027,181366,7217,164426,0,0,12738,236829,2469,54453,12744,291282,California
Orange,2021-02-03,16816,362608,12479,193845,4337,168763,0,0,13821,247741,2914,57367,13826,305108,California
Orange,2021-02-04,20153,382761,13108,206953,7045,175808,0,0,14996,257620,5125,62492,15004,320112,California
Orange,2021-02-05,21004,403765,12076,219029,8928,184736,0,0,14607,265890,6349,68841,14619,334731,California
Orange,2021-02-06,16530,420295,10861,229890,5669,190405,0,0,11230,272056,5284,74125,11450,346181,California
Orange,2021-02-07,11610,431905,8122,238012,3488,193893,0,0,7610,275854,3983,78108,7781,353962,California
Orange,2021-02-08,15223,447128,8730,246742,6493,200386,0,0,9109,278883,6084,84192,9113,363075,California
Orange,2021-02-09,17904,465032,12133,258875,5771,206157,0,0,10794,282656,7035,91227,10808,373883,California
Orange,2021-02-10,21102,486134,11233,270108,9869,216026,0,0,12778,287228,8229,99456,12801,386684,California
Orange,2021-02-11,22370,508504,11603,281711,10767,226793,0,0,12466,289950,9768,109224,12490,399174,California
Orange,2021-02-12,25147,533651,12102,293813,13045,239838,0,0,14752,294396,10326,119550,14772,413946,California
Orange,2021-02-13,22140,555791,11989,305802,10151,249989,0,0,11154,295385,10822,130372,11811,425757,California
Orange,2021-02-14,16311,572102,6640,312442,9671,259660,0,0,9627,298366,6654,137026,9635,435392,California
Orange,2021-02-15,17487,589589,7518,319960,9969,269629,0,0,9015,298976,8426,145452,9036,444428,California
Orange,2021-02-16,20193,609782,9120,329080,11073,280702,0,0,10850,300578,9287,154739,10889,455317,California
Orange,2021-02-17,18181,627963,9510,338590,8671,289373,0,0,9285,301095,8837,163576,9354,464671,California
Orange,2021-02-18,15270,643233,9993,348583,5277,294650,0,0,6892,299700,8320,171896,6925,471596,California
Orange,2021-02-19,18358,661591,10960,359543,7398,302048,0,0,6956,295336,11346,183242,6982,478578,California
Orange,2021-02-20,7645,669236,5688,365231,1957,304005,0,0,3833,295413,3785,187027,3862,482440,California
Orange,2021-02-21,4659,673895,3959,369190,700,304705,0,0,969,292744,3646,190673,977,483417,California
Orange,2021-02-22,9827,683722,7992,377182,1835,306540,0,0,3976,290931,5815,196488,4002,487419,California
Orange,2021-02-23,13640,697362,7475,384657,6165,312705,0,0,3628,284663,9939,206427,3671,491090,California
Orange,2021-02-24,21417,718779,12933,397590,8484,321189,0,0,5457,274299,15890,222317,5526,496616,California
Orange,2021-02-25,23047,741826,12460,410050,10587,331776,0,0,8118,267619,14851,237168,8171,504787,California
Orange,2021-02-26,28272,770098,14310,424360,13962,345738,0,0,11436,262423,16700,253868,11504,516291,California
Orange,2021-02-27,25333,795431,10319,434679,15011,360749,3,3,7398,252073,17812,271680,7462,523753,California
Orange,2021-02-28,19281,814712,7484,442163,11797,372546,0,3,4896,242764,14248,285928,4939,528692,California
Orange,2021-03-01,18916,833628,8655,450818,10243,382789,18,21,7369,238764,11432,297360,7432,536124,California
Orange,2021-03-02,19648,853276,9489,460307,10155,392944,4,25,9588,238419,9999,307359,9654,545778,California
Orange,2021-03-03,21358,874634,10143,470450,11210,404154,5,30,11503,240224,9767,317126,11572,557350,California
Orange,2021-03-04,22894,897528,13155,483605,9725,413879,14,44,11824,241096,11025,328151,11897,569247,California
Orange,2021-03-05,21466,918994,11179,494784,10238,424117,49,93,13113,246052,8306,336457,13262,582509,California
Orange,2021-03-06,24447,943441,13430,508214,10141,434258,876,969,12897,248376,11499,347956,13823,596332,California
Orange,2021-03-07,15451,958892,8675,516889,6360,440618,416,1385,8999,251432,6410,354366,9466,605798,California
Orange,2021-03-08,17039,975931,7889,524778,7838,448456,1312,2697,10894,257622,6073,360439,12263,618061,California
Orange,2021-03-09,21328,997259,9871,534649,8989,457445,2468,5165,12560,263949,8724,369163,15051,633112,California
Orange,2021-03-10,25023,1022282,12284,546933,9278,466723,3461,8626,12599,267678,12355,381518,16084,649196,California
Orange,2021-03-11,29249,1051531,15812,562745,9198,475921,4239,12865,13508,269802,15637,397155,17761,666957,California
Orange,2021-03-12,29619,1081150,14409,577154,11327,487248,3883,16748,14833,273866,14691,411846,18755,685712,California
Orange,2021-03-13,28005,1109155,10298,587452,13747,500995,3960,20708,14139,278171,13803,425649,18108,703820,California
Orange,2021-03-14,18995,1128150,8256,595708,8188,509183,2551,23259,11836,285438,7123,432772,14390,718210,California
Orange,2021-03-15,23301,1151451,10284,605992,12248,521431,769,24028,14488,291984,8719,441491,15265,733475,California
Orange,2021-03-16,26666,1178117,11301,617293,15090,536521,275,24303,17198,300101,9382,450873,17499,750974,California
Orange,2021-03-17,27548,1205665,13708,631001,13277,549798,563,24866,19573,312353,7887,458760,20139,771113,California
Orange,2021-03-18,28099,1233764,14167,645168,13629,563427,303,25169,21734,328113,6292,465052,22052,793165,California
Orange,2021-03-19,33857,1267621,18618,663786,14785,578212,454,25623,25064,344969,8676,473728,25532,818697,California
Orange,2021-03-20,25949,1293570,13664,677450,12079,590291,206,25829,22084,363475,3793,477521,22299,840996,California
Orange,2021-03-21,18683,1312253,10821,688271,7115,597406,747,26576,15790,377160,2855,480376,16540,857536,California
Orange,2021-03-22,22893,1335146,11870,700141,10699,608105,324,26900,19226,393159,3563,483939,19562,877098,California
Orange,2021-03-23,26313,1361459,13749,713890,11918,620023,646,27546,20821,409226,5406,489345,21473,898571,California
Orange,2021-03-24,29400,1390859,16465,730355,12005,632028,930,28476,22032,424932,7261,496606,22967,921538,California
Orange,2021-03-25,32678,1423537,17375,747730,14585,646613,718,29194,24293,441668,8278,504884,25014,946552,California
Orange,2021-03-26,35102,1458639,18237,765967,15997,662610,868,30062,24908,457388,10067,514951,25787,972339,California
Orange,2021-03-27,28632,1487271,13719,779686,14597,677207,316,30378,19808,468794,8722,523673,20128,992467,California
Orange,2021-03-28,24978,1512249,12988,792674,11922,689129,68,30446,18628,481232,6264,529937,18702,1011169,California
Orange,2021-03-29,26709,1538958,12252,804926,13889,703018,568,31014,17843,490896,8752,538689,18416,1029585,California
Orange,2021-03-30,31053,1570011,14054,818980,16361,719379,638,31652,20470,501518,10486,549175,21108,1050693,California
Orange,2021-03-31,37352,1607363,19593,838573,17040,736419,719,32371,23703,512428,13514,562689,24424,1075117,California
Orange,2021-04-01,40870,1648233,21453,860026,17471,753890,1946,34317,26266,526208,14418,577107,28198,1103315,California
Orange,2021-04-02,40416,1688649,20392,880418,18165,772055,1859,36176,22740,533259,17554,594661,24605,1127920,California
Orange,2021-04-03,30489,1719138,15787,896205,12926,784981,1776,37952,14364,533361,16031,610692,16133,1144053,California
Orange,2021-04-04,18512,1737650,10745,906950,6994,791975,773,38725,8165,532010,10285,620977,8934,1152987,California
Orange,2021-04-05,30240,1767890,14140,921090,12675,804650,3425,42150,13844,532973,16299,637276,17262,1170249,California
Orange,2021-04-06,33636,1801526,15746,936836,14433,819083,3457,45607,14422,531718,19110,656386,17855,1188104,California
Orange,2021-04-07,36432,1837958,20251,957087,11522,830605,4659,50266,16040,532088,20291,676677,20661,1208765,California
Orange,2021-04-08,39484,1877442,21830,978917,12095,842700,5559,55825,19107,536466,20255,696932,24633,1233398,California
Orange,2021-04-09,41354,1918796,24059,1002976,12000,854700,5295,61120,18254,536995,22989,719921,23518,1256916,California
Orange,2021-04-10,34832,1953628,18377,1021353,12154,866854,4301,65421,14420,535382,20311,740232,18698,1275614,California
Orange,2021-04-11,25850,1979478,14644,1035997,7918,874772,3288,68709,9915,532691,15876,756108,13185,1288799,California
Orange,2021-04-12,30845,2010323,15574,1051571,11619,886391,3652,72361,12131,529825,18630,774738,15764,1304563,California
Orange,2021-04-13,32856,2043179,18503,1070074,14283,900674,70,72431,15302,527726,17472,792210,15373,1319936,California
Orange,2021-04-14,35069,2078248,20574,1090648,14459,915133,36,72467,15257,523338,19692,811902,15304,1335240,California
Orange,2021-04-15,40915,2119163,24921,1115569,15979,931112,15,72482,19058,520676,21730,833632,19068,1354308,California
Orange,2021-04-16,42126,2161289,24780,1140349,17316,948428,30,72512,19068,516865,22920,856552,19109,1373417,California
Orange,2021-04-17,30684,2191973,17403,1157752,13274,961702,7,72519,13483,513308,17054,873606,13497,1386914,California
Orange,2021-04-18,21890,2213863,13191,1170943,8699,970401,0,72519,8661,508817,13158,886764,8667,1395581,California
Orange,2021-04-19,33040,2246903,18266,1189209,14770,985171,4,72523,15237,506368,17697,904461,15248,1410829,California
Orange,2021-04-20,35889,2282792,18665,1207874,17217,1002388,7,72530,17944,506474,17854,922315,17960,1428789,California
Orange,2021-04-21,41263,2324055,23769,1231643,17485,1019873,9,72539,19569,504537,21518,943833,19581,1448370,California
Orange,2021-04-22,39484,2363539,20860,1252503,18614,1038487,10,72549,16429,498078,22909,966742,16450,1464820,California
Orange,2021-04-23,40350,2403889,20904,1273407,19438,1057925,8,72557,18019,493906,22210,988952,18038,1482858,California
Orange,2021-04-24,32082,2435971,16781,1290188,15269,1073194,32,72589,13440,488831,18550,1007502,13475,1496333,California
Orange,2021-04-25,23006,2458977,12989,1303177,10002,1083196,15,72604,9828,485572,13109,1020611,9850,1506183,California
Orange,2021-04-26,28861,2487838,14123,1317300,14540,1097736,198,72802,12503,482038,16238,1036849,12704,1518887,California
Orange,2021-04-27,31310,2519148,14712,1332012,15966,1113702,632,73434,11838,475219,19295,1056144,12476,1531363,California
Orange,2021-04-28,30985,2550133,15517,1347529,14584,1128286,884,74318,12416,470084,18435,1074579,13300,1544663,California
Orange,2021-04-29,32042,2582175,17497,1365026,13576,1141862,969,75287,11379,461885,20542,1095121,12343,1557006,California
Orange,2021-04-30,30012,2612187,17139,1382165,11926,1153788,947,76234,12764,458455,17134,1112255,13704,1570710,California
Orange,2021-05-01,22948,2635135,15726,1397891,6233,1160021,989,77223,8765,454137,14065,1126320,9747,1580457,California
Orange,2021-05-02,15442,2650577,10287,1408178,4510,1164531,645,77868,5376,450155,9997,1136317,6015,1586472,California
Orange,2021-05-03,20686,2671263,12636,1420814,7288,1171819,762,78630,6495,443313,14100,1150417,7258,1593730,California
Orange,2021-05-04,23763,2695026,13579,1434393,9269,1181088,915,79545,8175,436919,15475,1165892,9081,1602811,California
Orange,2021-05-05,25217,2720243,14241,1448634,10079,1191167,897,80442,8125,428988,16954,1182846,9023,1611834,California
Orange,2021-05-06,26559,2746802,16105,1464739,9451,1200618,1003,81445,7286,418130,19140,1201986,8282,1620116,California
Orange,2021-05-07,29095,2775897,17520,1482259,10522,1211140,1053,82498,8095,406493,20779,1222765,9142,1629258,California
Orange,2021-05-08,18688,2794585,12397,1494656,5492,1216632,799,83297,5411,399546,13148,1235913,6201,1635459,California
Orange,2021-05-09,10989,2805574,8352,1503008,2262,1218894,375,83672,2865,394712,8076,1243989,3242,1638701,California
Orange,2021-05-10,19231,2824805,11763,1514771,6686,1225580,782,84454,4272,384903,14865,1258854,5056,1643757,California
Orange,2021-05-11,22126,2846931,12282,1527053,9114,1234694,730,85184,5293,374196,16725,1275579,6018,1649775,California
Orange,2021-05-12,23924,2870855,14847,1541900,8239,1242933,838,86022,6848,364937,16943,1292522,7684,1657459,California
Orange,2021-05-13,22116,2892971,13716,1555616,7792,1250725,608,86630,8352,360246,13652,1306174,8961,1666420,California
Orange,2021-05-14,26826,2919797,17744,1573360,8231,1258956,851,87481,10775,355935,15909,1322083,11598,1678018,California
Orange,2021-05-15,20441,2940238,14758,1588118,5133,1264089,550,88031,8339,352786,12031,1334114,8882,1686900,California
Orange,2021-05-16,15197,2955435,12490,1600608,2368,1266457,339,88370,6461,350905,8679,1342793,6798,1693698,California
Orange,2021-05-17,19428,2974863,12721,1613329,6007,1272464,700,89070,6934,346099,12427,1355220,7621,1701319,California
Orange,2021-05-18,20564,2995427,11977,1625306,7918,1280382,669,89739,8099,342487,12372,1367592,8760,1710079,California
Orange,2021-05-19,22538,3017965,12900,1638206,8965,1289347,673,90412,7934,336601,14485,1382077,8599,1718678,California
Orange,2021-05-20,22403,3040368,13116,1651322,8620,1297967,667,91079,7837,330648,14456,1396533,8503,1727181,California
Orange,2021-05-21,25583,3065951,14638,1665960,10219,1308186,726,91805,8461,322821,17010,1413543,9183,1736364,California
Orange,2021-05-22,18267,3084218,12152,1678112,5568,1313754,547,92352,6950,319092,11226,1424769,7497,1743861,California
Orange,2021-05-23,9808,3094026,6726,1684838,2809,1316563,273,92625,3473,316547,6291,1431060,3746,1747607,California
Orange,2021-05-24,15403,3109429,9056,1693894,5725,1322288,622,93247,5712,313275,9601,1440661,6329,1753936,California
Orange,2021-05-25,15643,3125072,9209,1703103,5911,1328199,523,93770,5600,309501,9932,1450593,6158,1760094,California
Orange,2021-05-26,15261,3140333,8564,1711667,6196,1334395,501,94271,5642,306139,9527,1460120,6165,1766259,California
Orange,2021-05-27,14415,3154748,8678,1720345,5193,1339588,544,94815,6389,305121,7950,1468070,6932,1773191,California
Orange,2021-05-28,16809,3171557,9912,1730257,6268,1345856,629,95444,7424,303874,9292,1477362,8045,1781236,California
Orange,2021-05-29,8988,3180545,5264,1735521,3365,1349221,359,95803,4163,303623,4768,1482130,4517,1785753,California
Orange,2021-05-30,5984,3186529,3885,1739406,1822,1351043,277,96080,2160,302270,3788,1485918,2435,1788188,California
Orange,2021-05-31,1696,3188225,1051,1740457,598,1351641,47,96127,542,301724,1135,1487053,589,1788777,California
Orange,2021-06-01,13395,3201620,7779,1748236,5126,1356767,490,96617,5168,299255,8121,1495174,5652,1794429,California
Orange,2021-06-02,13014,3214634,8064,1756300,4532,1361299,418,97035,4512,295845,8351,1503525,4941,1799370,California
Orange,2021-06-03,12880,3227514,8893,1765193,3533,1364832,454,97489,4411,292299,8407,1511932,4861,1804231,California
Orange,2021-06-04,17128,3244642,12149,1777342,4400,1369232,579,98068,5246,286328,11796,1523728,5825,1810056,California
Orange,2021-06-05,12920,3257562,9752,1787094,2787,1372019,381,98449,3868,281578,8997,1532725,4247,1814303,California
Orange,2021-06-06,5337,3262899,4535,1791629,602,1372621,200,98649,1937,280336,3379,1536104,2137,1816440,California
Orange,2021-06-07,10773,3273672,7617,1799246,2692,1375313,464,99113,3437,276968,7263,1543367,3895,1820335,California
Orange,2021-06-08,12179,3285851,8775,1808021,2895,1378208,509,99622,3807,273005,8282,1551649,4319,1824654,California
Orange,2021-06-09,11725,3297576,8116,1816137,3152,1381360,457,100079,3313,268443,8327,1559976,3765,1828419,California
Orange,2021-06-10,11576,3309152,8424,1824561,2690,1384050,462,100541,3415,264215,8101,1568077,3873,1832292,California
Orange,2021-06-11,13254,3322406,9309,1833870,3447,1387497,498,101039,4291,260126,8874,1576951,4785,1837077,California
Orange,2021-06-12,9782,3332188,7491,1841361,1975,1389472,316,101355,3018,256750,6710,1583661,3334,1840411,California
Orange,2021-06-13,4043,3336231,2944,1844305,937,1390409,162,101517,1053,255009,2957,1586618,1216,1841627,California
Orange,2021-06-14,9840,3346071,7176,1851481,2206,1392615,458,101975,3353,252383,6435,1593053,3809,1845436,California
Orange,2021-06-15,10182,3356253,7333,1858814,2417,1395032,432,102407,3575,249852,6534,1599587,4003,1849439,California
Orange,2021-06-16,9551,3365804,6866,1865680,2221,1397253,464,102871,3282,247383,6211,1605798,3742,1853181,California
Orange,2021-06-17,9315,3375119,7038,1872718,1913,1399166,364,103235,3326,245145,5928,1611726,3690,1856871,California
Orange,2021-06-18,11032,3386151,8027,1880745,2527,1401693,478,103713,3849,242364,7105,1618831,4324,1861195,California
Orange,2021-06-19,6298,3392449,4705,1885450,1355,1403048,238,103951,2609,241575,3639,1622470,2850,1864045,California
Orange,2021-06-20,3072,3395521,2385,1887835,595,1403643,92,104043,1047,240702,2012,1624482,1139,1865184,California
Orange,2021-06-21,6596,3402117,4538,1892373,1628,1405271,430,104473,3566,241698,3001,1627483,3997,1869181,California
Orange,2021-06-22,7654,3409771,5657,1898030,1647,1406918,350,104823,2918,240297,4670,1632153,3269,1872450,California
Orange,2021-06-23,7108,3416879,5333,1903363,1479,1408397,296,105119,2901,239331,4161,1636314,3195,1875645,California
Orange,2021-06-24,2669,3419548,1923,1905286,512,1408909,234,105353,1098,239108,1554,1637868,1331,1876976,California
Placer,2020-12-15,29,29,29,29,0,0,0,0,29,29,0,0,29,29,California
Placer,2020-12-16,56,85,56,85,0,0,0,0,56,85,0,0,56,85,California
Placer,2020-12-17,148,233,148,233,0,0,0,0,148,233,0,0,148,233,California
Placer,2020-12-18,429,662,429,662,0,0,0,0,429,662,0,0,429,662,California
Placer,2020-12-19,253,915,253,915,0,0,0,0,253,915,0,0,253,915,California
Placer,2020-12-20,234,1149,234,1149,0,0,0,0,234,1149,0,0,234,1149,California
Placer,2020-12-21,498,1647,496,1645,2,2,0,0,498,1647,0,0,498,1647,California
Placer,2020-12-22,678,2325,671,2316,7,9,0,0,678,2325,0,0,678,2325,California
Placer,2020-12-23,757,3082,668,2984,89,98,0,0,757,3082,0,0,757,3082,California
Placer,2020-12-24,405,3487,351,3335,54,152,0,0,405,3487,0,0,405,3487,California
Placer,2020-12-26,159,3646,114,3449,45,197,0,0,159,3646,0,0,159,3646,California
Placer,2020-12-27,184,3830,162,3611,22,219,0,0,184,3830,0,0,184,3830,California
Placer,2020-12-28,668,4498,540,4151,128,347,0,0,668,4498,0,0,668,4498,California
Placer,2020-12-29,769,5267,517,4668,252,599,0,0,769,5267,0,0,769,5267,California
Placer,2020-12-30,733,6000,457,5125,276,875,0,0,731,5998,0,0,731,5998,California
Placer,2020-12-31,541,6541,354,5479,187,1062,0,0,541,6539,0,0,541,6539,California
Placer,2021-01-01,16,6557,12,5491,4,1066,0,0,16,6555,0,0,16,6555,California
Placer,2021-01-02,187,6744,154,5645,33,1099,0,0,187,6742,0,0,187,6742,California
Placer,2021-01-03,154,6898,79,5724,75,1174,0,0,154,6896,0,0,154,6896,California
Placer,2021-01-04,620,7518,179,5903,441,1615,0,0,620,7516,0,0,620,7516,California
Placer,2021-01-05,733,8251,160,6063,573,2188,0,0,644,8073,88,88,645,8161,California
Placer,2021-01-06,765,9016,249,6312,516,2704,0,0,613,8534,152,240,613,8774,California
Placer,2021-01-07,990,10006,369,6681,621,3325,0,0,763,9070,227,467,763,9537,California
Placer,2021-01-08,1187,11193,530,7211,657,3982,0,0,796,9478,388,855,796,10333,California
Placer,2021-01-09,455,11648,322,7533,133,4115,0,0,238,9500,216,1071,238,10571,California
Placer,2021-01-10,331,11979,187,7720,144,4259,0,0,163,9495,168,1239,163,10734,California
Placer,2021-01-11,1438,13417,814,8534,624,4883,0,0,844,9746,594,1833,845,11579,California
Placer,2021-01-12,1675,15092,893,9427,782,5665,0,0,1062,10197,612,2445,1063,12642,California
Placer,2021-01-13,1653,16745,833,10260,820,6485,0,0,1221,10991,430,2875,1224,13866,California
Placer,2021-01-14,1804,18549,668,10928,1136,7621,0,0,1440,12071,361,3236,1441,15307,California
Placer,2021-01-15,1942,20491,722,11650,1220,8841,0,0,1590,13311,351,3587,1591,16898,California
Placer,2021-01-16,1477,21968,718,12368,759,9600,0,0,1355,14545,122,3709,1356,18254,California
Placer,2021-01-17,570,22538,399,12767,171,9771,0,0,432,14839,138,3847,432,18686,California
Placer,2021-01-18,997,23535,557,13324,440,10211,0,0,756,15355,241,4088,757,19443,California
Placer,2021-01-19,2634,26169,1968,15292,666,10877,0,0,2176,17073,458,4546,2176,21619,California
Placer,2021-01-20,2293,28462,1714,17006,579,11456,0,0,1958,18697,335,4881,1959,23578,California
Placer,2021-01-21,2588,31050,1132,18138,1456,12912,0,0,2186,20483,401,5282,2187,25765,California
Placer,2021-01-22,2371,33421,649,18787,1722,14634,0,0,2197,22509,172,5454,2198,27963,California
Placer,2021-01-23,1199,34620,387,19174,812,15446,0,0,1041,23392,158,5612,1041,29004,California
Placer,2021-01-24,504,35124,259,19433,245,15691,0,0,432,23753,72,5684,433,29437,California
Placer,2021-01-25,1685,36809,807,20240,878,16569,0,0,1390,24849,295,5979,1391,30828,California
Placer,2021-01-26,1881,38690,1043,21283,838,17407,0,0,1614,26196,267,6246,1614,32442,California
Placer,2021-01-27,1864,40554,1168,22451,696,18103,0,0,1611,27557,251,6497,1612,34054,California
Placer,2021-01-28,1813,42367,1125,23576,688,18791,0,0,1561,28868,250,6747,1561,35615,California
Placer,2021-01-29,1919,44286,1181,24757,738,19529,0,0,1719,30390,199,6946,1721,37336,California
Placer,2021-01-30,1741,46027,980,25737,761,20290,0,0,1620,31890,120,7066,1620,38956,California
Placer,2021-01-31,787,46814,626,26363,161,20451,0,0,717,32538,70,7136,718,39674,California
Placer,2021-02-01,2090,48904,1105,27468,985,21436,0,0,1773,33995,316,7452,1773,41447,California
Placer,2021-02-02,2417,51321,1554,29022,863,22299,0,0,1909,35399,505,7957,1909,43356,California
Placer,2021-02-03,2934,54255,1887,30909,1047,23346,0,0,2307,37083,623,8580,2307,45663,California
Placer,2021-02-04,2780,57035,1192,32101,1588,24934,0,0,1942,38192,834,9414,1943,47606,California
Placer,2021-02-05,2755,59790,1227,33328,1528,26462,0,0,1405,38252,1345,10759,1405,49011,California
Placer,2021-02-06,1975,61765,1334,34662,641,27103,0,0,1424,39125,551,11310,1424,50435,California
Placer,2021-02-07,1223,62988,911,35573,312,27415,0,0,936,39775,286,11596,936,51371,California
Placer,2021-02-08,3319,66307,1778,37351,1541,28956,0,0,1954,40372,1358,12954,1955,53326,California
Placer,2021-02-09,3570,69877,2183,39534,1387,30343,0,0,1652,40108,1916,14870,1652,54978,California
Placer,2021-02-10,3780,73657,2212,41746,1568,31911,0,0,1760,39854,2016,16886,1762,56740,California
Placer,2021-02-11,3729,77386,1921,43667,1808,33719,0,0,1582,39304,2133,19019,1583,58323,California
Placer,2021-02-12,2872,80258,1341,45008,1531,35250,0,0,1673,39816,1162,20181,1674,59997,California
Placer,2021-02-13,2538,82796,1473,46481,1065,36315,0,0,1890,41058,648,20829,1890,61887,California
Placer,2021-02-14,1091,83887,684,47165,407,36722,0,0,739,41447,350,21179,739,62626,California
Placer,2021-02-15,2256,86143,1045,48210,1211,37933,0,0,1548,42288,708,21887,1549,64175,California
Placer,2021-02-16,3599,89742,1798,50008,1801,39734,0,0,1596,41891,1994,23881,1597,65772,California
Placer,2021-02-17,3559,93301,1978,51986,1581,41315,0,0,1513,41362,2042,25923,1513,67285,California
Placer,2021-02-18,3839,97140,2072,54058,1767,43082,0,0,1634,40802,2195,28118,1635,68920,California
Placer,2021-02-19,3644,100784,1954,56012,1690,44772,0,0,1361,39886,2278,30396,1362,70282,California
Placer,2021-02-20,2059,102843,1289,57301,770,45542,0,0,938,39714,1113,31509,941,71223,California
Placer,2021-02-21,1004,103847,740,58041,264,45806,0,0,286,39286,715,32224,287,71510,California
Placer,2021-02-22,2527,106374,1765,59806,762,46568,0,0,609,37978,1917,34141,609,72119,California
Placer,2021-02-23,2647,109021,1613,61419,1034,47602,0,0,899,37130,1747,35888,899,73018,California
Placer,2021-02-24,3339,112360,1198,62617,2141,49743,0,0,1812,37427,1517,37405,1814,74832,California
Placer,2021-02-25,3739,116099,1547,64164,2192,51935,0,0,2044,37788,1687,39092,2048,76880,California
Placer,2021-02-26,4273,120372,2454,66618,1819,53754,0,0,2477,38474,1792,40884,2478,79358,California
Placer,2021-02-27,2917,123289,1538,68156,1379,55133,0,0,1499,38563,1412,42296,1501,80859,California
Placer,2021-02-28,1590,124879,875,69031,714,55847,1,1,731,38441,854,43150,732,81591,California
Placer,2021-03-01,3209,128088,2135,71166,1074,56921,0,1,1637,38513,1565,44715,1637,83228,California
Placer,2021-03-02,2920,131008,1802,72968,1118,58039,0,1,1903,39409,1007,45722,1903,85131,California
Placer,2021-03-03,3391,134399,1480,74448,1911,59950,0,1,1854,39734,1530,47252,1855,86986,California
Placer,2021-03-04,3636,138035,1463,75911,2173,62123,0,1,1893,39897,1731,48983,1894,88880,California
Placer,2021-03-05,3015,141050,1035,76946,1959,64082,21,22,1812,40530,1200,50183,1833,90713,California
Placer,2021-03-06,2442,143492,1513,78459,834,64916,95,117,939,40069,1495,51678,1034,91747,California
Placer,2021-03-07,1324,144816,773,79232,511,65427,40,157,548,39884,773,52451,588,92335,California
Placer,2021-03-08,2921,147737,1834,81066,974,66401,113,270,1654,40386,1265,53716,1767,94102,California
Placer,2021-03-09,3214,150951,1713,82779,1410,67811,91,361,1844,40954,1367,55083,1935,96037,California
Placer,2021-03-10,3316,154267,1339,84118,1870,69681,107,468,1727,41204,1583,56666,1833,97870,California
Placer,2021-03-11,3669,157936,1668,85786,1876,71557,125,593,1754,41181,1904,58570,1881,99751,California
Placer,2021-03-12,3702,161638,1495,87281,1426,72983,781,1374,1246,40765,2445,61015,2029,101780,California
Placer,2021-03-13,2135,163773,751,88032,1262,74245,122,1496,1109,40973,1023,62038,1231,103011,California
Placer,2021-03-14,1653,165426,681,88713,821,75066,151,1647,894,41259,759,62797,1045,104056,California
Placer,2021-03-15,3228,168654,1555,90268,1543,76609,130,1777,1776,41717,1449,64246,1907,105963,California
Placer,2021-03-16,3596,172250,1940,92208,1522,78131,134,1911,2292,42850,1293,65539,2426,108389,California
Placer,2021-03-17,3469,175719,1749,93957,1616,79747,104,2015,2231,43951,1235,66774,2336,110725,California
Placer,2021-03-18,4122,179841,2336,96293,1747,81494,39,2054,2865,45604,1250,68024,2903,113628,California
Placer,2021-03-19,3461,183302,2075,98368,1118,82612,268,2322,2159,46735,1293,69317,2424,116052,California
Placer,2021-03-20,2165,185467,910,99278,1156,83768,99,2421,1309,47291,851,70168,1407,117459,California
Placer,2021-03-21,1267,186734,583,99861,674,84442,10,2431,883,47803,381,70549,893,118352,California
Placer,2021-03-22,3297,190031,2118,101979,1087,85529,92,2523,2139,48880,1154,71703,2231,120583,California
Placer,2021-03-23,3591,193622,2122,104101,1379,86908,90,2613,2567,50519,1019,72722,2658,123241,California
Placer,2021-03-24,3805,197427,2007,106108,1700,88608,98,2711,1918,50672,1864,74586,2017,125258,California
Placer,2021-03-25,3867,201294,1869,107977,1898,90506,100,2811,1728,50371,2128,76714,1827,127085,California
Placer,2021-03-26,3790,205084,1677,109654,1881,92387,232,3043,1520,49868,2255,78969,1752,128837,California
Placer,2021-03-27,1611,206695,481,110135,1109,93496,21,3064,609,49502,995,79964,629,129466,California
Placer,2021-03-28,1116,207811,530,110665,576,94072,10,3074,303,49007,808,80772,313,129779,California
Placer,2021-03-29,3584,211395,1999,112664,1549,95621,36,3110,1730,48931,1845,82617,1769,131548,California
Placer,2021-03-30,3982,215377,2097,114761,1841,97462,44,3154,2076,49158,1892,84509,2119,133667,California
Placer,2021-03-31,4116,219493,1837,116598,2205,99667,74,3228,1687,48496,2422,86931,1760,135427,California
Placer,2021-04-01,2999,222492,1445,118043,1506,101173,48,3276,1668,48887,1325,88256,1716,137143,California
Placer,2021-04-02,2849,225341,1455,119498,1327,102500,67,3343,1597,49304,1245,89501,1662,138805,California
Placer,2021-04-03,1865,227206,997,120495,739,103239,129,3472,895,49364,962,90463,1022,139827,California
Placer,2021-04-04,716,227922,367,120862,296,103535,53,3525,287,49279,425,90888,340,140167,California
Placer,2021-04-05,3023,230945,1912,122774,924,104459,187,3712,1754,49955,1264,92152,1940,142107,California
Placer,2021-04-06,4318,235263,2497,125271,1518,105977,303,4015,1539,49025,2771,94923,1841,143948,California
Placer,2021-04-07,4569,239832,2607,127878,1497,107474,465,4480,2085,49094,2477,97400,2546,146494,California
Placer,2021-04-08,4739,244571,2615,130493,1578,109052,546,5026,1585,48083,3141,100541,2130,148624,California
Placer,2021-04-09,4157,248728,2282,132775,1249,110301,626,5652,1248,47059,2900,103441,1876,150500,California
Placer,2021-04-10,2045,250773,886,133661,976,111277,183,5835,878,46956,1164,104605,1061,151561,California
Placer,2021-04-11,1363,252136,535,134196,795,112072,33,5868,459,46547,900,105505,491,152052,California
Placer,2021-04-12,4135,256271,2663,136859,1086,113158,386,6254,2476,47760,1649,107154,2862,154914,California
Placer,2021-04-13,4371,260642,3008,139867,1362,114520,1,6255,2197,47789,2169,109323,2198,157112,California
Placer,2021-04-14,4181,264823,2597,142464,1583,116103,1,6256,1865,47349,2305,111628,1865,158977,California
Placer,2021-04-15,4523,269346,2519,144983,2003,118106,1,6257,2358,47552,2156,113784,2359,161336,California
Placer,2021-04-16,3709,273055,2199,147182,1510,119616,0,6257,1452,46753,2251,116035,1452,162788,California
Placer,2021-04-17,2441,275496,852,148034,1589,121205,0,6257,1528,47374,908,116943,1529,164317,California
Placer,2021-04-18,1193,276689,260,148294,933,122138,0,6257,415,47013,776,117719,415,164732,California
Placer,2021-04-19,2961,279650,1823,150117,1138,123276,0,6257,1178,46415,1778,119497,1180,165912,California
Placer,2021-04-20,3826,283476,2479,152596,1347,124623,0,6257,2413,47424,1404,120901,2413,168325,California
Placer,2021-04-21,3691,287167,2415,155011,1275,125898,1,6258,2410,48557,1278,122179,2411,170736,California
Placer,2021-04-22,3668,290835,2265,157276,1403,127301,0,6258,1747,48388,1916,124095,1747,172483,California
Placer,2021-04-23,3511,294346,2324,159600,1186,128487,1,6259,1378,47641,2126,126221,1379,173862,California
Placer,2021-04-24,2083,296429,1267,160867,815,129302,1,6260,1213,47993,861,127082,1213,175075,California
Placer,2021-04-25,908,297337,500,161367,408,129710,0,6260,558,48201,350,127432,558,175633,California
Placer,2021-04-26,2473,299810,1331,162698,1118,130828,24,6284,1198,48157,1266,128698,1222,176855,California
Placer,2021-04-27,2765,302575,1452,164150,1264,132092,49,6333,1569,48584,1192,129890,1619,178474,California
Placer,2021-04-28,3014,305589,1885,166035,1093,133185,36,6369,1600,48816,1404,131294,1636,180110,California
Placer,2021-04-29,3391,308980,2194,168229,1143,134328,54,6423,1422,48329,1963,133257,1476,181586,California
Placer,2021-04-30,2978,311958,1789,170018,1140,135468,49,6472,1177,47760,1795,135052,1226,182812,California
Placer,2021-05-01,1338,313296,935,170953,378,135846,25,6497,612,47676,720,135772,636,183448,California
Placer,2021-05-02,735,314031,572,171525,141,135987,22,6519,331,47627,402,136174,353,183801,California
Placer,2021-05-03,1620,315651,999,172524,554,136541,67,6586,442,46960,1175,137349,508,184309,California
Placer,2021-05-04,2308,317959,1301,173825,841,137382,166,6752,866,46557,1435,138784,1032,185341,California
Placer,2021-05-05,3701,321660,2513,176338,1083,138465,105,6857,972,44913,2721,141505,1077,186418,California
Placer,2021-05-06,3091,324751,1892,178230,1123,139588,76,6933,809,43542,2256,143761,885,187303,California
Placer,2021-05-07,2819,327570,1895,180125,831,140419,93,7026,792,42411,2016,145777,885,188188,California
Placer,2021-05-08,1335,328905,711,180836,581,141000,43,7069,392,41903,941,146718,433,188621,California
Placer,2021-05-09,433,329338,203,181039,209,141209,21,7090,208,41907,225,146943,229,188850,California
Placer,2021-05-10,1925,331263,1028,182067,801,142010,96,7186,425,40933,1495,148438,521,189371,California
Placer,2021-05-11,2898,334161,2069,184136,711,142721,118,7304,607,39377,2281,150719,725,190096,California
Placer,2021-05-12,2878,337039,1998,186134,823,143544,57,7361,728,38021,2143,152862,787,190883,California
Placer,2021-05-13,2872,339911,1856,187990,968,144512,48,7409,1038,37274,1832,154694,1085,191968,California
Placer,2021-05-14,2849,342760,1873,189863,840,145352,136,7545,1399,37368,1435,156129,1529,193497,California
Placer,2021-05-15,2092,344852,1359,191222,709,146061,24,7569,929,37164,1157,157286,953,194450,California
Placer,2021-05-16,1016,345868,529,191751,468,146529,19,7588,348,36865,666,157952,367,194817,California
Placer,2021-05-17,2361,348229,1572,193323,713,147242,76,7664,1032,36648,1325,159277,1108,195925,California
Placer,2021-05-18,2491,350720,1669,194992,742,147984,80,7744,1126,36492,1361,160638,1205,197130,California
Placer,2021-05-19,2540,353260,1594,196586,900,148884,46,7790,892,35787,1643,162281,938,198068,California
Placer,2021-05-20,2533,355793,1640,198226,845,149729,48,7838,885,35081,1639,163920,933,199001,California
Placer,2021-05-21,2444,358237,1527,199753,772,150501,145,7983,1093,34974,1343,165263,1236,200237,California
Placer,2021-05-22,1604,359841,1056,200809,506,151007,42,8025,762,34941,837,166100,804,201041,California
Placer,2021-05-23,597,360438,331,201140,251,151258,15,8040,269,34898,328,166428,285,201326,California
Placer,2021-05-24,1490,361928,745,201885,606,151864,139,8179,436,34421,1052,167480,575,201901,California
Placer,2021-05-25,1791,363719,942,202827,749,152613,100,8279,640,34025,1144,168624,748,202649,California
Placer,2021-05-26,1580,365299,907,203734,634,153247,39,8318,610,33712,966,169590,653,203302,California
Placer,2021-05-27,1465,366764,721,204455,699,153946,45,8363,664,33630,791,170381,709,204011,California
Placer,2021-05-28,1705,368469,858,205313,750,154696,97,8460,739,33506,961,171342,837,204848,California
Placer,2021-05-29,747,369216,403,205716,313,155009,31,8491,386,33564,358,171700,416,205264,California
Placer,2021-05-30,341,369557,229,205945,98,155107,14,8505,219,33676,121,171821,233,205497,California
Placer,2021-05-31,147,369704,69,206014,61,155168,17,8522,30,33606,116,171937,46,205543,California
Placer,2021-06-01,1674,371378,881,206895,720,155888,73,8595,636,33283,1032,172969,709,206252,California
Placer,2021-06-02,1504,372882,760,207655,676,156564,68,8663,489,32826,1014,173983,557,206809,California
Placer,2021-06-03,1693,374575,1022,208677,613,157177,58,8721,426,32047,1262,175245,483,207292,California
Placer,2021-06-04,1854,376429,1313,209990,487,157664,54,8775,454,31162,1391,176636,506,207798,California
Placer,2021-06-05,1083,377512,769,210759,273,157937,41,8816,269,30662,810,177446,310,208108,California
Placer,2021-06-06,484,377996,345,211104,122,158059,17,8833,126,30448,357,177803,143,208251,California
Placer,2021-06-07,1054,379050,719,211823,263,158322,72,8905,227,29921,824,178627,297,208548,California
Placer,2021-06-08,1719,380769,1307,213130,363,158685,49,8954,434,29121,1282,179909,482,209030,California
Placer,2021-06-09,1166,381935,848,213978,265,158950,53,9007,261,28534,902,180811,315,209345,California
Placer,2021-06-10,1246,383181,854,214832,316,159266,76,9083,307,27979,936,181747,381,209726,California
Placer,2021-06-11,1488,384669,1070,215902,359,159625,59,9142,343,27241,1140,182887,402,210128,California
Placer,2021-06-12,1010,385679,752,216654,232,159857,26,9168,220,26699,788,183675,246,210374,California
Placer,2021-06-13,393,386072,302,216956,80,159937,11,9179,101,26520,291,183966,112,210486,California
Placer,2021-06-14,775,386847,529,217485,201,160138,45,9224,234,26262,536,184502,278,210764,California
Placer,2021-06-15,1286,388133,860,218345,364,160502,62,9286,433,25907,849,185351,494,211258,California
Placer,2021-06-16,1031,389164,745,219090,231,160733,55,9341,336,25603,694,186045,390,211648,California
Placer,2021-06-17,879,390043,607,219697,234,160967,38,9379,277,25320,598,186643,315,211963,California
Placer,2021-06-18,1153,391196,764,220461,300,161267,89,9468,381,25019,771,187414,470,212433,California
Placer,2021-06-19,604,391800,434,220895,136,161403,34,9502,234,24920,366,187780,267,212700,California
Placer,2021-06-20,281,392081,231,221126,43,161446,7,9509,107,24861,172,187952,113,212813,California
Placer,2021-06-21,474,392555,277,221403,167,161613,30,9539,230,24877,244,188196,260,213073,California
Placer,2021-06-22,884,393439,623,222026,208,161821,53,9592,267,24587,610,188806,320,213393,California
Placer,2021-06-23,832,394271,601,222627,185,162006,46,9638,386,24574,445,189251,432,213825,California
Placer,2021-06-24,512,394783,293,222920,178,162184,41,9679,161,24427,349,189600,202,214027,California
Plumas,2020-12-18,3,3,3,3,0,0,0,0,3,3,0,0,3,3,California
Plumas,2020-12-19,1,4,1,4,0,0,0,0,1,4,0,0,1,4,California
Plumas,2020-12-21,45,49,45,49,0,0,0,0,45,49,0,0,45,49,California
Plumas,2020-12-22,92,141,92,141,0,0,0,0,92,141,0,0,92,141,California
Plumas,2020-12-23,50,191,50,191,0,0,0,0,50,191,0,0,50,191,California
Plumas,2020-12-24,6,197,6,197,0,0,0,0,6,197,0,0,6,197,California
Plumas,2020-12-28,8,205,0,197,8,8,0,0,8,205,0,0,8,205,California
Plumas,2020-12-29,32,237,22,219,10,18,0,0,32,237,0,0,32,237,California
Plumas,2020-12-30,23,260,1,220,22,40,0,0,23,260,0,0,23,260,California
Plumas,2020-12-31,4,264,1,221,3,43,0,0,4,264,0,0,4,264,California
Plumas,2021-01-01,1,265,0,221,1,44,0,0,1,265,0,0,1,265,California
Plumas,2021-01-02,1,266,0,221,1,45,0,0,1,266,0,0,1,266,California
Plumas,2021-01-04,10,276,4,225,6,51,0,0,10,276,0,0,10,276,California
Plumas,2021-01-05,22,298,2,227,20,71,0,0,22,298,0,0,22,298,California
Plumas,2021-01-06,123,421,5,232,118,189,0,0,123,421,0,0,123,421,California
Plumas,2021-01-07,53,474,2,234,51,240,0,0,52,472,1,1,52,473,California
Plumas,2021-01-08,11,485,4,238,7,247,0,0,8,477,3,4,8,481,California
Plumas,2021-01-09,2,487,2,240,0,247,0,0,1,477,1,5,1,482,California
Plumas,2021-01-11,58,545,50,290,8,255,0,0,11,441,47,52,11,493,California
Plumas,2021-01-12,155,700,86,376,69,324,0,0,71,428,84,136,71,564,California
Plumas,2021-01-13,55,755,50,426,5,329,0,0,9,391,46,182,9,573,California
Plumas,2021-01-14,97,852,14,440,83,412,0,0,92,478,5,187,92,665,California
Plumas,2021-01-15,62,914,7,447,55,467,0,0,60,536,2,189,60,725,California
Plumas,2021-01-16,58,972,1,448,57,524,0,0,58,594,0,189,58,783,California
Plumas,2021-01-18,2,974,1,449,1,525,0,0,2,596,0,189,2,785,California
Plumas,2021-01-19,36,1010,5,454,31,556,0,0,32,624,4,193,32,817,California
Plumas,2021-01-20,121,1131,3,457,118,674,0,0,119,741,2,195,119,936,California
Plumas,2021-01-21,112,1243,2,459,110,784,0,0,112,853,0,195,112,1048,California
Plumas,2021-01-22,5,1248,1,460,4,788,0,0,5,858,0,195,5,1053,California
Plumas,2021-01-23,93,1341,2,462,91,879,0,0,93,951,0,195,93,1146,California
Plumas,2021-01-24,1,1342,1,463,0,879,0,0,1,952,0,195,1,1147,California
Plumas,2021-01-25,10,1352,7,470,3,882,0,0,7,956,3,198,7,1154,California
Plumas,2021-01-26,59,1411,2,472,57,939,0,0,51,999,8,206,51,1205,California
Plumas,2021-01-27,26,1437,20,492,6,945,0,0,6,985,20,226,6,1211,California
Plumas,2021-01-28,24,1461,0,492,24,969,0,0,22,1005,2,228,22,1233,California
Plumas,2021-01-29,9,1470,3,495,6,975,0,0,8,1012,1,229,8,1241,California
Plumas,2021-01-30,9,1479,4,499,5,980,0,0,7,1017,2,231,7,1248,California
Plumas,2021-01-31,3,1482,3,502,0,980,0,0,3,1020,0,231,3,1251,California
Plumas,2021-02-01,19,1501,3,505,16,996,0,0,11,1023,8,239,11,1262,California
Plumas,2021-02-02,24,1525,4,509,20,1016,0,0,4,1007,20,259,4,1266,California
Plumas,2021-02-03,128,1653,8,517,120,1136,0,0,13,906,114,373,13,1279,California
Plumas,2021-02-04,102,1755,8,525,94,1230,0,0,23,850,79,452,23,1302,California
Plumas,2021-02-05,24,1779,11,536,13,1243,0,0,9,844,15,467,9,1311,California
Plumas,2021-02-06,8,1787,1,537,7,1250,0,0,8,852,0,467,8,1319,California
Plumas,2021-02-08,16,1803,7,544,9,1259,0,0,4,844,12,479,4,1323,California
Plumas,2021-02-09,172,1975,2,546,170,1429,0,0,112,896,60,539,112,1435,California
Plumas,2021-02-10,87,2062,9,555,78,1507,0,0,79,968,8,547,80,1515,California
Plumas,2021-02-11,320,2382,6,561,314,1821,0,0,261,1170,59,606,261,1776,California
Plumas,2021-02-12,124,2506,4,565,120,1941,0,0,119,1284,5,611,119,1895,California
Plumas,2021-02-13,75,2581,5,570,70,2011,0,0,15,1239,60,671,15,1910,California
Plumas,2021-02-14,8,2589,5,575,3,2014,0,0,8,1247,0,671,8,1918,California
Plumas,2021-02-15,26,2615,5,580,21,2035,0,0,23,1267,3,674,23,1941,California
Plumas,2021-02-16,77,2692,4,584,73,2108,0,0,14,1218,63,737,14,1955,California
Plumas,2021-02-17,136,2828,5,589,131,2239,0,0,12,1106,124,861,12,1967,California
Plumas,2021-02-18,130,2958,6,595,124,2363,0,0,21,1019,109,970,22,1989,California
Plumas,2021-02-19,43,3001,6,601,37,2400,0,0,7,990,36,1006,7,1996,California
Plumas,2021-02-20,105,3106,7,608,98,2498,0,0,13,911,92,1098,13,2009,California
Plumas,2021-02-21,6,3112,5,613,1,2499,0,0,2,909,4,1102,2,2011,California
Plumas,2021-02-22,4,3116,2,615,2,2501,0,0,1,907,3,1105,1,2012,California
Plumas,2021-02-23,24,3140,5,620,19,2520,0,0,17,917,7,1112,17,2029,California
Plumas,2021-02-24,459,3599,8,628,451,2971,0,0,446,1350,13,1125,446,2475,California
Plumas,2021-02-25,234,3833,12,640,222,3193,0,0,169,1454,65,1190,169,2644,California
Plumas,2021-02-26,268,4101,9,649,259,3452,0,0,260,1707,8,1198,261,2905,California
Plumas,2021-02-27,41,4142,4,653,37,3489,0,0,34,1734,7,1205,34,2939,California
Plumas,2021-02-28,1,4143,0,653,1,3490,0,0,1,1735,0,1205,1,2940,California
Plumas,2021-03-01,20,4163,6,659,14,3504,0,0,12,1740,7,1212,12,2952,California
Plumas,2021-03-02,10,4173,0,659,10,3514,0,0,7,1745,2,1214,7,2959,California
Plumas,2021-03-03,155,4328,11,670,144,3658,0,0,138,1866,17,1231,138,3097,California
Plumas,2021-03-04,253,4581,9,679,244,3902,0,0,231,2075,22,1253,231,3328,California
Plumas,2021-03-05,399,4980,6,685,388,4290,5,5,388,2457,11,1264,393,3721,California
Plumas,2021-03-06,19,4999,2,687,9,4299,8,13,3,2452,16,1280,11,3732,California
Plumas,2021-03-07,13,5012,2,689,2,4301,9,22,3,2454,10,1290,12,3744,California
Plumas,2021-03-08,30,5042,3,692,3,4304,24,46,3,2455,27,1317,28,3772,California
Plumas,2021-03-09,133,5175,2,694,116,4420,15,61,18,2373,115,1432,33,3805,California
Plumas,2021-03-10,253,5428,3,697,236,4656,14,75,107,2349,145,1577,121,3926,California
Plumas,2021-03-11,178,5606,8,705,165,4821,5,80,143,2462,35,1612,148,4074,California
Plumas,2021-03-12,594,6200,4,709,303,5124,287,367,22,2199,572,2184,309,4383,California
Plumas,2021-03-13,28,6228,5,714,12,5136,11,378,7,2196,21,2205,18,4401,California
Plumas,2021-03-14,12,6240,3,717,4,5140,5,383,1,2192,10,2215,6,4407,California
Plumas,2021-03-15,32,6272,1,718,24,5164,7,390,6,2179,26,2241,13,4420,California
Plumas,2021-03-16,61,6333,3,721,57,5221,1,391,49,2218,11,2252,50,4470,California
Plumas,2021-03-17,77,6410,10,731,66,5287,1,392,60,2263,16,2268,61,4531,California
Plumas,2021-03-18,62,6472,7,738,39,5326,16,408,14,2245,48,2316,30,4561,California
Plumas,2021-03-19,165,6637,7,745,156,5482,2,410,155,2395,8,2324,158,4719,California
Plumas,2021-03-20,698,7335,4,749,693,6175,1,411,676,3052,20,2344,677,5396,California
Plumas,2021-03-21,2,7337,1,750,1,6176,0,411,1,3053,0,2344,1,5397,California
Plumas,2021-03-22,182,7519,2,752,180,6356,0,411,175,3221,7,2351,175,5572,California
Plumas,2021-03-23,28,7547,2,754,26,6382,0,411,14,3221,14,2365,14,5586,California
Plumas,2021-03-24,655,8202,6,760,648,7030,1,412,222,3013,432,2797,224,5810,California
Plumas,2021-03-25,307,8509,7,767,298,7328,2,414,163,3032,144,2941,163,5973,California
Plumas,2021-03-26,315,8824,9,776,306,7634,0,414,46,2810,268,3209,46,6019,California
Plumas,2021-03-27,13,8837,1,777,11,7645,1,415,3,2804,10,3219,4,6023,California
Plumas,2021-03-28,5,8842,3,780,1,7646,1,416,3,2806,2,3221,4,6027,California
Plumas,2021-03-29,12,8854,4,784,7,7653,1,417,4,2803,8,3229,5,6032,California
Plumas,2021-03-30,152,9006,3,787,148,7801,1,418,25,2702,127,3356,26,6058,California
Plumas,2021-03-31,297,9303,4,791,292,8093,1,419,272,2950,25,3381,273,6331,California
Plumas,2021-04-01,308,9611,12,803,295,8388,1,420,66,2777,239,3620,66,6397,California
Plumas,2021-04-02,377,9988,5,808,371,8759,1,421,31,2475,334,3954,32,6429,California
Plumas,2021-04-03,16,10004,3,811,5,8764,8,429,3,2473,13,3967,11,6440,California
Plumas,2021-04-04,3,10007,1,812,1,8765,1,430,0,2471,3,3970,1,6441,California
Plumas,2021-04-05,12,10019,4,816,7,8772,1,431,4,2469,7,3977,5,6446,California
Plumas,2021-04-06,120,10139,6,822,88,8860,26,457,13,2401,107,4084,39,6485,California
Plumas,2021-04-07,283,10422,8,830,99,8959,176,633,29,2352,254,4338,205,6690,California
Plumas,2021-04-08,151,10573,4,834,132,9091,15,648,35,2286,115,4453,49,6739,California
Plumas,2021-04-09,51,10624,10,844,24,9115,17,665,18,2287,33,4486,34,6773,California
Plumas,2021-04-10,25,10649,2,846,6,9121,17,682,5,2289,20,4506,22,6795,California
Plumas,2021-04-11,4,10653,3,849,0,9121,1,683,3,2292,1,4507,4,6799,California
Plumas,2021-04-12,13,10666,5,854,5,9126,3,686,7,2297,5,4512,10,6809,California
Plumas,2021-04-13,211,10877,5,859,206,9332,0,686,141,2368,70,4582,141,6950,California
Plumas,2021-04-14,111,10988,8,867,103,9435,0,686,56,2370,54,4636,56,7006,California
Plumas,2021-04-15,53,11041,2,869,51,9486,0,686,33,2384,19,4655,33,7039,California
Plumas,2021-04-16,142,11183,2,871,140,9626,0,686,2,2246,140,4795,2,7041,California
Plumas,2021-04-17,670,11853,2,873,668,10294,0,686,18,1615,649,5444,18,7059,California
Plumas,2021-04-18,4,11857,3,876,1,10295,0,686,1,1613,3,5447,1,7060,California
Plumas,2021-04-19,38,11895,3,879,35,10330,0,686,5,1585,33,5480,5,7065,California
Plumas,2021-04-20,42,11937,5,884,37,10367,0,686,26,1596,15,5495,26,7091,California
Plumas,2021-04-21,311,12248,5,889,305,10672,1,687,18,1321,293,5788,18,7109,California
Plumas,2021-04-22,273,12521,8,897,265,10937,0,687,125,1298,148,5936,125,7234,California
Plumas,2021-04-23,73,12594,6,903,67,11004,0,687,16,1257,57,5993,16,7250,California
Plumas,2021-04-24,171,12765,5,908,166,11170,0,687,144,1375,26,6019,144,7394,California
Plumas,2021-04-26,30,12795,4,912,26,11196,0,687,8,1362,21,6040,8,7402,California
Plumas,2021-04-27,90,12885,3,915,87,11283,0,687,53,1378,37,6077,53,7455,California
Plumas,2021-04-28,287,13172,4,919,283,11566,0,687,38,1169,247,6324,38,7493,California
Plumas,2021-04-29,171,13343,68,987,103,11669,0,687,118,1234,53,6377,118,7611,California
Plumas,2021-04-30,21,13364,10,997,11,11680,0,687,5,1223,16,6393,5,7616,California
Plumas,2021-05-01,7,13371,1,998,5,11685,1,688,1,1221,4,6397,2,7618,California
Plumas,2021-05-02,3,13374,3,1001,0,11685,0,688,1,1220,2,6399,1,7619,California
Plumas,2021-05-03,20,13394,7,1008,7,11692,6,694,6,1220,12,6411,12,7631,California
Plumas,2021-05-04,32,13426,5,1013,21,11713,6,700,19,1233,12,6423,25,7656,California
Plumas,2021-05-05,49,13475,6,1019,42,11755,1,701,22,1229,27,6450,23,7679,California
Plumas,2021-05-06,57,13532,2,1021,50,11805,5,706,15,1207,42,6492,20,7699,California
Plumas,2021-05-07,22,13554,5,1026,16,11821,1,707,8,1202,14,6506,9,7708,California
Plumas,2021-05-08,6,13560,0,1026,4,11825,2,709,4,1206,2,6508,6,7714,California
Plumas,2021-05-10,51,13611,1,1027,27,11852,23,732,23,1224,28,6536,46,7760,California
Plumas,2021-05-11,162,13773,3,1030,140,11992,19,751,12,1105,150,6686,31,7791,California
Plumas,2021-05-12,99,13872,2,1032,89,12081,8,759,37,1089,61,6747,45,7836,California
Plumas,2021-05-13,34,13906,3,1035,29,12110,2,761,12,1081,22,6769,14,7850,California
Plumas,2021-05-14,20,13926,4,1039,11,12121,5,766,10,1086,10,6779,15,7865,California
Plumas,2021-05-15,10,13936,4,1043,4,12125,2,768,4,1086,6,6785,6,7871,California
Plumas,2021-05-16,2,13938,1,1044,1,12126,0,768,1,1086,1,6786,1,7872,California
Plumas,2021-05-17,13,13951,0,1044,4,12130,9,777,4,1090,9,6795,13,7885,California
Plumas,2021-05-18,42,13993,7,1051,34,12164,1,778,22,1093,20,6815,23,7908,California
Plumas,2021-05-19,47,14040,3,1054,30,12194,14,792,12,1085,35,6850,27,7935,California
Plumas,2021-05-20,188,14228,135,1189,42,12236,11,803,79,1067,108,6958,90,8025,California
Plumas,2021-05-21,28,14256,7,1196,14,12250,7,810,13,1072,15,6973,20,8045,California
Plumas,2021-05-22,137,14393,2,1198,135,12385,0,810,7,951,128,7101,7,8052,California
Plumas,2021-05-23,1,14394,1,1199,0,12385,0,810,0,950,1,7102,0,8052,California
Plumas,2021-05-24,51,14445,37,1236,13,12398,1,811,41,983,9,7111,42,8094,California
Plumas,2021-05-25,65,14510,3,1239,61,12459,1,812,14,947,51,7162,15,8109,California
Plumas,2021-05-26,41,14551,7,1246,27,12486,7,819,17,948,23,7185,24,8133,California
Plumas,2021-05-27,99,14650,25,1271,61,12547,13,832,40,943,58,7243,53,8186,California
Plumas,2021-05-28,42,14692,15,1286,25,12572,2,834,22,948,19,7262,24,8210,California
Plumas,2021-05-29,8,14700,0,1286,8,12580,0,834,6,953,2,7264,7,8217,California
Plumas,2021-05-30,1,14701,0,1286,1,12581,0,834,0,953,0,7264,0,8217,California
Plumas,2021-05-31,7,14708,0,1286,4,12585,3,837,0,951,5,7269,3,8220,California
Plumas,2021-06-01,32,14740,7,1293,20,12605,5,842,9,943,23,7292,15,8235,California
Plumas,2021-06-02,57,14797,6,1299,31,12636,20,862,10,926,47,7339,30,8265,California
Plumas,2021-06-03,59,14856,17,1316,33,12669,9,871,27,930,32,7371,36,8301,California
Plumas,2021-06-04,14,14870,3,1319,10,12679,1,872,8,934,5,7376,9,8310,California
Plumas,2021-06-05,7,14877,3,1322,4,12683,0,872,2,931,5,7381,2,8312,California
Plumas,2021-06-06,2,14879,1,1323,1,12684,0,872,0,929,2,7383,0,8312,California
Plumas,2021-06-07,37,14916,5,1328,25,12709,7,879,9,917,28,7411,16,8328,California
Plumas,2021-06-08,28,14944,9,1337,17,12726,2,881,6,903,22,7433,8,8336,California
Plumas,2021-06-09,42,14986,5,1342,34,12760,3,884,9,882,33,7466,12,8348,California
Plumas,2021-06-10,32,15018,15,1357,13,12773,4,888,10,874,22,7488,14,8362,California
Plumas,2021-06-11,24,15042,13,1370,9,12782,2,890,8,868,16,7504,10,8372,California
Plumas,2021-06-12,11,15053,3,1373,7,12789,1,891,5,868,6,7510,6,8378,California
Plumas,2021-06-13,3,15056,1,1374,2,12791,0,891,3,871,0,7510,3,8381,California
Plumas,2021-06-14,97,15153,88,1462,6,12797,3,894,13,803,84,7594,16,8397,California
Plumas,2021-06-15,27,15180,7,1469,18,12815,2,896,9,796,18,7612,11,8408,California
Plumas,2021-06-16,33,15213,11,1480,13,12828,9,905,9,790,24,7636,18,8426,California
Plumas,2021-06-17,49,15262,30,1510,15,12843,4,909,11,768,37,7673,15,8441,California
Plumas,2021-06-18,37,15299,16,1526,14,12857,7,916,13,764,24,7697,20,8461,California
Plumas,2021-06-19,9,15308,2,1528,7,12864,0,916,2,759,7,7704,2,8463,California
Plumas,2021-06-21,9,15317,4,1532,4,12868,1,917,5,761,4,7708,6,8469,California
Plumas,2021-06-22,28,15345,11,1543,15,12883,2,919,9,753,19,7727,11,8480,California
Plumas,2021-06-23,27,15372,15,1558,9,12892,3,922,15,759,12,7739,18,8498,California
Plumas,2021-06-24,19,15391,13,1571,3,12895,3,925,10,763,8,7747,12,8510,California
Riverside,2020-12-15,7,7,7,7,0,0,0,0,7,7,0,0,7,7,California
Riverside,2020-12-16,96,103,96,103,0,0,0,0,96,103,0,0,96,103,California
Riverside,2020-12-17,833,936,833,936,0,0,0,0,833,936,0,0,833,936,California
Riverside,2020-12-18,1777,2713,1776,2712,1,1,0,0,1777,2713,0,0,1777,2713,California
Riverside,2020-12-19,1056,3769,1053,3765,3,4,0,0,1054,3766,1,1,1054,3767,California
Riverside,2020-12-20,1114,4883,1113,4878,1,5,0,0,1114,4880,0,1,1114,4881,California
Riverside,2020-12-21,2338,7221,2336,7214,2,7,0,0,2338,7218,0,1,2338,7219,California
Riverside,2020-12-22,2294,9515,2247,9461,47,54,0,0,2293,9511,0,1,2293,9512,California
Riverside,2020-12-23,2166,11681,1822,11283,344,398,0,0,2167,11678,0,1,2167,11679,California
Riverside,2020-12-24,857,12538,654,11937,203,601,0,0,857,12535,0,1,857,12536,California
Riverside,2020-12-25,41,12579,18,11955,23,624,0,0,40,12575,0,1,40,12576,California
Riverside,2020-12-26,490,13069,270,12225,220,844,0,0,490,13065,0,1,490,13066,California
Riverside,2020-12-27,398,13467,268,12493,130,974,0,0,397,13461,1,2,397,13463,California
Riverside,2020-12-28,1716,15183,1197,13690,519,1493,0,0,1716,15177,0,2,1716,15179,California
Riverside,2020-12-29,1809,16992,1026,14716,783,2276,0,0,1809,16986,0,2,1809,16988,California
Riverside,2020-12-30,2650,19642,1725,16441,925,3201,0,0,2648,19633,1,3,2648,19636,California
Riverside,2020-12-31,1079,20721,421,16862,658,3859,0,0,1080,20712,1,4,1080,20716,California
Riverside,2021-01-01,131,20852,57,16919,74,3933,0,0,131,20843,0,4,131,20847,California
Riverside,2021-01-02,894,21746,707,17626,187,4120,0,0,894,21737,0,4,894,21741,California
Riverside,2021-01-03,358,22104,304,17930,54,4174,0,0,357,22094,0,4,357,22098,California
Riverside,2021-01-04,1302,23406,809,18739,493,4667,0,0,1301,23395,0,4,1301,23399,California
Riverside,2021-01-05,2060,25466,1415,20154,645,5312,0,0,1936,25214,117,121,1936,25335,California
Riverside,2021-01-06,2593,28059,1157,21311,1436,6748,0,0,2252,27131,335,456,2252,27587,California
Riverside,2021-01-07,2881,30940,1883,23194,998,7746,0,0,1768,27795,1106,1562,1770,29357,California
Riverside,2021-01-08,4118,35058,2974,26168,1144,8890,0,0,2264,28210,1849,3411,2264,31621,California
Riverside,2021-01-09,2135,37193,876,27044,1259,10149,0,0,1758,29593,375,3786,1758,33379,California
Riverside,2021-01-10,1697,38890,750,27794,947,11096,0,0,1082,30060,615,4401,1082,34461,California
Riverside,2021-01-11,4617,43507,3156,30950,1461,12557,0,0,2840,31125,1775,6176,2840,37301,California
Riverside,2021-01-12,3520,47027,2779,33729,741,13298,0,0,1807,31227,1708,7884,1810,39111,California
Riverside,2021-01-13,4582,51609,3000,36729,1582,14880,0,0,2937,32523,1641,9525,2937,42048,California
Riverside,2021-01-14,5773,57382,2046,38775,3727,18607,0,0,5142,37038,629,10154,5144,47192,California
Riverside,2021-01-15,6281,63663,2104,40879,4177,22784,0,0,5946,42652,333,10487,5947,53139,California
Riverside,2021-01-16,3718,67381,1034,41913,2684,25468,0,0,3456,45847,262,10749,3457,56596,California
Riverside,2021-01-17,3663,71044,604,42517,3059,28527,0,0,3454,49094,207,10956,3454,60050,California
Riverside,2021-01-18,3865,74909,2107,44624,1758,30285,0,0,2817,50863,1048,12004,2817,62867,California
Riverside,2021-01-19,7541,82450,2689,47313,4852,35137,0,0,6396,56119,1145,13149,6401,69268,California
Riverside,2021-01-20,8380,90830,3178,50491,5202,40339,0,0,6690,61140,1675,14824,6696,75964,California
Riverside,2021-01-21,8522,99352,3536,54027,4986,45325,0,0,7846,68310,677,15501,7847,83811,California
Riverside,2021-01-22,8947,108299,3043,57070,5904,51229,0,0,8475,76317,470,15971,8477,92288,California
Riverside,2021-01-23,6071,114370,2355,59425,3716,54945,0,0,5262,80772,808,16779,5263,97551,California
Riverside,2021-01-24,3119,117489,1435,60860,1684,56629,0,0,2894,83445,222,17001,2895,100446,California
Riverside,2021-01-25,8024,125513,4591,65451,3433,60062,0,0,6859,89144,1162,18163,6861,107307,California
Riverside,2021-01-26,9233,134746,5718,71169,3515,63577,0,0,7702,95319,1528,19691,7703,115010,California
Riverside,2021-01-27,11129,145875,6431,77600,4698,68275,0,0,9489,103177,1634,21325,9492,124502,California
Riverside,2021-01-28,11741,157616,6829,84429,4912,73187,0,0,10543,112532,1190,22515,10545,135047,California
Riverside,2021-01-29,12109,169725,7320,91749,4789,77976,0,0,10714,121880,1371,23886,10719,145766,California
Riverside,2021-01-30,9199,178924,4629,96378,4570,82546,0,0,8698,130082,497,24383,8699,154465,California
Riverside,2021-01-31,5197,184121,4227,100605,970,83516,0,0,5056,135003,140,24523,5061,159526,California
Riverside,2021-02-01,11145,195266,6817,107422,4328,87844,0,0,9233,142335,1905,26428,9237,168763,California
Riverside,2021-02-02,9675,204941,4876,112298,4799,92643,0,0,8166,149009,1498,27926,8172,176935,California
Riverside,2021-02-03,12444,217385,5210,117508,7234,99877,0,0,9991,156562,2443,30369,9996,186931,California
Riverside,2021-02-04,13759,231144,6064,123572,7695,107572,0,0,11617,166053,2133,32502,11624,198555,California
Riverside,2021-02-05,14648,245792,5543,129115,9105,116677,0,0,11410,174242,3229,35731,11418,209973,California
Riverside,2021-02-06,7353,253145,4279,133394,3074,119751,0,0,5687,178274,1659,37390,5691,215664,California
Riverside,2021-02-07,2225,255370,813,134207,1412,121163,0,0,1887,179832,336,37726,1894,217558,California
Riverside,2021-02-08,12605,267975,5593,139800,7012,128175,0,0,10234,187725,2354,40080,10247,227805,California
Riverside,2021-02-09,9796,277771,4561,144361,5235,133410,0,0,7777,193513,2010,42090,7798,235603,California
Riverside,2021-02-10,12268,290039,7020,151381,5248,138658,0,0,9013,199302,3242,45332,9031,244634,California
Riverside,2021-02-11,16873,306912,9099,160480,7774,146432,0,0,12228,206944,4623,49955,12265,256899,California
Riverside,2021-02-12,18016,324928,10909,171389,7107,153539,0,0,12947,214894,5024,54979,12974,269873,California
Riverside,2021-02-13,6416,331344,2160,173549,4256,157795,0,0,3112,214748,3289,58268,3143,273016,California
Riverside,2021-02-14,5031,336375,1180,174729,3851,161646,0,0,2257,214248,2770,61038,2270,275286,California
Riverside,2021-02-15,9991,346366,5105,179834,4886,166532,0,0,5517,215317,4464,65502,5533,280819,California
Riverside,2021-02-16,16310,362676,10182,190016,6128,172660,0,0,9383,217809,6917,72419,9409,290228,California
Riverside,2021-02-17,15303,377979,8384,198400,6919,179579,0,0,7592,217761,7695,80114,7647,297875,California
Riverside,2021-02-18,15728,393707,9027,207427,6701,186280,0,0,8083,218266,7621,87735,8126,306001,California
Riverside,2021-02-19,15477,409184,8292,215719,7185,193465,0,0,7307,217453,8148,95883,7335,313336,California
Riverside,2021-02-20,8452,417636,4534,220253,3918,197383,0,0,2248,213523,6187,102070,2257,315593,California
Riverside,2021-02-21,4414,422050,3896,224149,518,197901,0,0,1261,211659,3136,105206,1272,316865,California
Riverside,2021-02-22,12466,434516,7830,231979,4636,202537,0,0,5151,209522,7299,112505,5162,322027,California
Riverside,2021-02-23,11380,445896,7723,239702,3657,206194,0,0,5544,209290,5806,118311,5574,327601,California
Riverside,2021-02-24,14951,460847,8134,247836,6817,213011,0,0,6345,207124,8567,126878,6401,334002,California
Riverside,2021-02-25,17619,478466,7495,255331,10124,223135,0,0,8163,205927,9430,136308,8233,342235,California
Riverside,2021-02-26,18949,497415,6849,262180,12100,235235,0,0,9448,206001,9441,145749,9515,351750,California
Riverside,2021-02-27,12196,509611,5646,267826,6550,241785,0,0,5805,205504,6359,152108,5862,357612,California
Riverside,2021-02-28,4999,514610,3287,271113,1712,243497,0,0,2481,205511,2505,154613,2512,360124,California
Riverside,2021-03-01,14494,529104,6176,277289,8313,251810,5,5,8519,208154,5934,160547,8577,368701,California
Riverside,2021-03-02,15545,544649,7596,284885,7948,259758,1,6,9095,210875,6427,166974,9148,377849,California
Riverside,2021-03-03,17264,561913,8549,293434,8715,268473,0,6,7519,208859,9694,176668,7678,385527,California
Riverside,2021-03-04,19010,580923,7558,300992,11447,279920,5,11,9057,208209,9908,186576,9258,394785,California
Riverside,2021-03-05,19141,600064,7698,308690,11397,291317,46,57,9452,208387,9639,196215,9817,404602,California
Riverside,2021-03-06,9633,609697,5102,313792,4049,295366,482,539,4776,208851,4843,201058,5307,409909,California
Riverside,2021-03-07,4323,614020,2789,316581,1143,296509,391,930,2024,209010,2289,203347,2448,412357,California
Riverside,2021-03-08,12131,626151,4836,321417,6884,303393,411,1341,5413,208218,6696,210043,5904,418261,California
Riverside,2021-03-09,15001,641152,7013,328430,7479,310872,509,1850,5948,205799,9030,219073,6611,424872,California
Riverside,2021-03-10,16150,657302,8669,337099,6548,317420,933,2783,6264,203340,9842,228915,7383,432255,California
Riverside,2021-03-11,19548,676850,9570,346669,8107,325527,1871,4654,7644,201219,11866,240781,9745,442000,California
Riverside,2021-03-12,21362,698212,8001,354670,8599,334126,4762,9416,7080,199153,14242,255023,12176,454176,California
Riverside,2021-03-13,8619,706831,2581,357251,4809,338935,1229,10645,4394,200679,4202,259225,5728,459904,California
Riverside,2021-03-14,4815,711646,1642,358893,1798,340733,1375,12020,2108,201477,2692,261917,3490,463394,California
Riverside,2021-03-15,18806,730452,7926,366819,9208,349941,1672,13692,9213,202934,9546,271463,11003,474397,California
Riverside,2021-03-16,21119,751571,10279,377098,10026,359967,814,14506,11451,205682,9631,281094,12379,486776,California
Riverside,2021-03-17,21565,773136,11068,388166,9436,369403,1061,15567,12895,211078,8631,289725,14027,500803,California
Riverside,2021-03-18,22923,796059,11977,400143,9271,378674,1675,17242,12651,215204,10219,299944,14345,515148,California
Riverside,2021-03-19,24294,820353,12760,412903,10560,389234,974,18216,14143,220598,10093,310037,15487,530635,California
Riverside,2021-03-20,10861,831214,6930,419833,2725,391959,1206,19422,6921,224830,3908,313945,8140,538775,California
Riverside,2021-03-21,3871,835085,3009,422842,584,392543,278,19700,2587,226437,1264,315209,2871,541646,California
Riverside,2021-03-22,16739,851824,9984,432826,6200,398743,555,20255,10628,231571,6051,321260,11185,552831,California
Riverside,2021-03-23,18773,870597,10604,443430,7746,406489,423,20678,11981,237269,6732,327992,12430,565261,California
Riverside,2021-03-24,18887,889484,10521,453951,8244,414733,122,20800,12910,244402,5924,333916,13057,578318,California
Riverside,2021-03-25,21279,910763,11728,465679,9364,424097,187,20987,14184,251769,7021,340937,14388,592706,California
Riverside,2021-03-26,24279,935042,11991,477670,12115,436212,173,21160,15056,257897,9116,350053,15244,607950,California
Riverside,2021-03-27,9385,944427,4905,482575,3426,439638,1054,22214,4840,259279,4518,354571,5900,613850,California
Riverside,2021-03-28,4808,949235,3154,485729,1561,441199,93,22307,2857,260294,1938,356509,2953,616803,California
Riverside,2021-03-29,17732,966967,8471,494200,9137,450336,124,22431,10950,264654,6736,363245,11096,627899,California
Riverside,2021-03-30,18448,985415,9606,503806,8634,458970,208,22639,11740,269941,6666,369911,11953,639852,California
Riverside,2021-03-31,18254,1003669,8487,512293,9446,468416,321,22960,11401,274872,6803,376714,11734,651586,California
Riverside,2021-04-01,25712,1029381,12556,524849,12359,480775,797,23757,16511,283057,9127,385841,17312,668898,California
Riverside,2021-04-02,26265,1055646,14119,538968,11165,491940,981,24738,16408,290877,9793,395634,17613,686511,California
Riverside,2021-04-03,9459,1065105,5996,544964,2849,494789,614,25352,6083,294217,3356,398990,6696,693207,California
Riverside,2021-04-04,3440,1068545,2079,547043,1094,495883,267,25619,1723,294502,1706,400696,1991,695198,California
Riverside,2021-04-05,18577,1087122,9502,556545,7198,503081,1877,27496,9970,297793,8564,409260,11855,707053,California
Riverside,2021-04-06,23927,1111049,12431,568976,9324,512405,2172,29668,13333,302750,10541,419801,15498,722551,California
Riverside,2021-04-07,25016,1136065,13480,582456,9000,521405,2536,32204,13898,308116,11068,430869,16434,738985,California
Riverside,2021-04-08,27645,1163710,15258,597714,9358,530763,3029,35233,16845,317249,10729,441598,19862,758847,California
Riverside,2021-04-09,26519,1190229,15582,613296,8432,539195,2505,37738,16141,325600,10326,451924,18677,777524,California
Riverside,2021-04-10,12160,1202389,6811,620107,3926,543121,1423,39161,5329,325562,6785,458709,6747,784271,California
Riverside,2021-04-11,4694,1207083,2791,622898,1263,544384,640,39801,2207,325939,2475,461184,2852,787123,California
Riverside,2021-04-12,20290,1227373,9041,631939,8588,552972,2661,42462,10153,328663,10097,471281,12821,799944,California
Riverside,2021-04-13,20268,1247641,11344,643283,8896,561868,28,42490,11616,331703,8612,479893,11652,811596,California
Riverside,2021-04-14,22493,1270134,12406,655689,10072,571940,15,42505,11026,331369,11397,491290,11063,822659,California
Riverside,2021-04-15,22276,1292410,12613,668302,9655,581595,8,42513,11781,332749,10421,501711,11801,834460,California
Riverside,2021-04-16,25412,1317822,14678,682980,10728,592323,6,42519,11827,331071,13524,515235,11846,846306,California
Riverside,2021-04-17,10006,1327828,6600,689580,3406,595729,0,42519,5038,331177,4942,520177,5048,851354,California
Riverside,2021-04-18,3943,1331771,2866,692446,1070,596799,7,42526,1855,330978,2070,522247,1871,853225,California
Riverside,2021-04-19,19729,1351500,11723,704169,8003,604802,3,42529,7113,325543,12564,534811,7129,860354,California
Riverside,2021-04-20,19139,1370639,10114,714283,9016,613818,9,42538,7832,322132,11259,546070,7848,868202,California
Riverside,2021-04-21,20102,1390741,11587,725870,8505,622323,10,42548,8110,318344,11919,557989,8131,876333,California
Riverside,2021-04-22,23406,1414147,13641,739511,9761,632084,4,42552,8746,312517,14588,572577,8761,885094,California
Riverside,2021-04-23,23417,1437564,13754,753265,9649,641733,14,42566,9173,307541,14184,586761,9208,894302,California
Riverside,2021-04-24,10538,1448102,7329,760594,3205,644938,4,42570,4832,306712,5668,592429,4839,899141,California
Riverside,2021-04-25,4264,1452366,2834,763428,1423,646361,7,42577,2207,306889,2039,594468,2216,901357,California
Riverside,2021-04-26,17165,1469531,10737,774165,6381,652742,47,42624,5846,301526,11273,605741,5910,907267,California
Riverside,2021-04-27,18410,1487941,10494,784659,7715,660457,201,42825,6398,296167,11965,617706,6606,913873,California
Riverside,2021-04-28,16593,1504534,8927,793586,7403,667860,263,43088,5591,291092,10939,628645,5864,919737,California
Riverside,2021-04-29,18816,1523350,11497,805083,6971,674831,348,43436,5428,283543,13323,641968,5774,925511,California
Riverside,2021-04-30,19966,1543316,11508,816591,8075,682906,383,43819,6477,276969,13435,655403,6861,932372,California
Riverside,2021-05-01,6858,1550174,4932,821523,1753,684659,173,43992,2354,275023,4475,659878,2529,934901,California
Riverside,2021-05-02,3388,1553562,2213,823736,966,685625,209,44201,1085,274039,2285,662163,1301,936202,California
Riverside,2021-05-03,18058,1571620,11086,834822,6479,692104,493,44694,4171,264882,13820,675983,4663,940865,California
Riverside,2021-05-04,17447,1589067,11075,845897,5913,698017,459,45153,4924,257823,12454,688437,5395,946260,California
Riverside,2021-05-05,16155,1605222,9251,855148,6534,704551,370,45523,4660,251439,11434,699871,5050,951310,California
Riverside,2021-05-06,17901,1623123,10000,865148,7485,712036,416,45939,4526,243123,13297,713168,4981,956291,California
Riverside,2021-05-07,20531,1643654,11645,876793,8441,720477,445,46384,5432,233986,15017,728185,5880,962171,California
Riverside,2021-05-08,6950,1650604,4578,881371,2109,722586,263,46647,2585,232512,4331,732516,2857,965028,California
Riverside,2021-05-09,2328,1652932,1531,882902,644,723230,153,46800,853,232060,1466,733982,1014,966042,California
Riverside,2021-05-10,10109,1663041,5172,888074,4549,727779,388,47188,2872,228139,7187,741169,3266,969308,California
Riverside,2021-05-11,13922,1676963,8349,896423,5054,732833,519,47707,3803,222438,10038,751207,4337,973645,California
Riverside,2021-05-12,12915,1689878,6588,903011,5994,738827,333,48040,4050,218009,8812,760019,4383,978028,California
Riverside,2021-05-13,15241,1705119,9325,912336,5639,744466,277,48317,5564,214239,9624,769643,5854,983882,California
Riverside,2021-05-14,18226,1723345,11546,923882,5886,750352,794,49111,7230,211339,10924,780567,8024,991906,California
Riverside,2021-05-15,9881,1733226,7120,931002,2363,752715,398,49509,5095,212075,4757,785324,5493,997399,California
Riverside,2021-05-16,3512,1736738,2555,933557,839,753554,118,49627,1732,212156,1767,787091,1848,999247,California
Riverside,2021-05-17,11799,1748537,7592,941149,3854,757408,353,49980,5150,211046,6617,793708,5507,1004754,California
Riverside,2021-05-18,15109,1763646,9333,950482,5421,762829,355,50335,6133,208606,8929,802637,6489,1011243,California
Riverside,2021-05-19,12220,1775866,7733,958215,4249,767078,238,50573,6027,208732,6143,808780,6269,1017512,California
Riverside,2021-05-20,11872,1787738,7440,965655,4177,771255,255,50828,5392,207952,6431,815211,5651,1023163,California
Riverside,2021-05-21,14460,1802198,8909,974564,5228,776483,323,51151,6206,206295,8188,823399,6531,1029694,California
Riverside,2021-05-22,7198,1809396,4869,979433,2132,778615,197,51348,3863,207058,3298,826697,4061,1033755,California
Riverside,2021-05-23,2588,1811984,1676,981109,835,779450,77,51425,1266,207091,1309,828006,1342,1035097,California
Riverside,2021-05-24,8642,1820626,5575,986684,2756,782206,311,51736,3843,206481,4764,832770,4154,1039251,California
Riverside,2021-05-25,9734,1830360,5797,992481,3667,785873,270,52006,3889,204897,5805,838575,4221,1043472,California
Riverside,2021-05-26,8925,1839285,5530,998011,3064,788937,331,52337,3927,204250,4949,843524,4302,1047774,California
Riverside,2021-05-27,8559,1847844,5122,1003133,3201,792138,236,52573,4038,204061,4470,847994,4281,1052055,California
Riverside,2021-05-28,10775,1858619,6523,1009656,3941,796079,311,52884,5054,203778,5659,853653,5376,1057431,California
Riverside,2021-05-29,5019,1863638,3417,1013073,1478,797557,124,53008,2853,204616,2144,855797,2982,1060413,California
Riverside,2021-05-30,1963,1865601,1418,1014491,477,798034,68,53076,1078,204884,878,856675,1146,1061559,California
Riverside,2021-05-31,878,1866479,499,1014990,346,798380,33,53109,336,204717,537,857212,370,1061929,California
Riverside,2021-06-01,9169,1875648,5661,1020651,3271,801651,237,53346,3612,203059,5506,862718,3848,1065777,California
Riverside,2021-06-02,7130,1882778,4344,1024995,2509,804160,277,53623,2862,201982,4224,866942,3147,1068924,California
Riverside,2021-06-03,7965,1890743,5304,1030299,2390,806550,271,53894,2750,199824,5175,872117,3017,1071941,California
Riverside,2021-06-04,10687,1901430,7604,1037903,2824,809374,259,54153,3723,196895,6913,879030,3984,1075925,California
Riverside,2021-06-05,6930,1908360,5111,1043014,1272,810646,547,54700,2171,194881,4735,883765,2721,1078646,California
Riverside,2021-06-06,2197,1910557,1866,1044880,280,810926,51,54751,777,194297,1413,885178,829,1079475,California
Riverside,2021-06-07,6902,1917459,5227,1050107,1444,812370,231,54982,2266,192191,4606,889784,2500,1081975,California
Riverside,2021-06-08,9058,1926517,6566,1056673,2218,814588,274,55256,3042,189549,5961,895745,3319,1085294,California
Riverside,2021-06-09,7723,1934240,5626,1062299,1802,816390,295,55551,2367,186896,5313,901058,2660,1087954,California
Riverside,2021-06-10,7569,1941809,5335,1067634,2002,818392,232,55783,2371,184333,5170,906228,2607,1090561,California
Riverside,2021-06-11,8863,1950672,6008,1073642,2568,820960,287,56070,3002,181824,5800,912028,3291,1093852,California
Riverside,2021-06-12,5308,1955980,3923,1077565,1257,822217,128,56198,1652,179984,3626,915654,1786,1095638,California
Riverside,2021-06-13,1799,1957779,1339,1078904,416,822633,44,56242,541,179323,1246,916900,585,1096223,California
Riverside,2021-06-14,6348,1964127,4547,1083451,1498,824131,303,56545,2192,177694,4120,921020,2491,1098714,California
Riverside,2021-06-15,7152,1971279,4902,1088353,1942,826073,308,56853,2744,176391,4360,925380,3057,1101771,California
Riverside,2021-06-16,6830,1978109,4716,1093069,1806,827879,308,57161,2442,174795,4345,929725,2749,1104520,California
Riverside,2021-06-17,6490,1984599,4577,1097646,1675,829554,238,57399,2499,173580,3958,933683,2743,1107263,California
Riverside,2021-06-18,8204,1992803,5950,1103596,1985,831539,269,57668,3407,172511,4750,938433,3681,1110944,California
Riverside,2021-06-19,4274,1997077,3282,1106878,838,832377,154,57822,1797,172015,2450,940883,1954,1112898,California
Riverside,2021-06-20,1506,1998583,1146,1108024,324,832701,36,57858,579,171716,916,941799,617,1113515,California
Riverside,2021-06-21,4243,2002826,2816,1110840,1157,833858,270,58128,2214,172190,2010,943809,2484,1115999,California
Riverside,2021-06-22,6243,2009069,4407,1115247,1593,835451,243,58371,2676,171586,3528,947337,2924,1118923,California
Riverside,2021-06-23,5398,2014467,3827,1119074,1329,836780,242,58613,2525,171515,2838,950175,2767,1121690,California
Riverside,2021-06-24,2616,2017083,1611,1120685,859,837639,146,58759,940,170950,1651,951826,1086,1122776,California
Sacramento,2020-12-15,315,315,315,315,0,0,0,0,315,315,0,0,315,315,California
Sacramento,2020-12-16,646,961,646,961,0,0,0,0,646,961,0,0,646,961,California
Sacramento,2020-12-17,704,1665,704,1665,0,0,0,0,704,1665,0,0,704,1665,California
Sacramento,2020-12-18,1114,2779,1114,2779,0,0,0,0,1115,2780,0,0,1115,2780,California
Sacramento,2020-12-19,613,3392,613,3392,0,0,0,0,613,3393,0,0,613,3393,California
Sacramento,2020-12-20,632,4024,632,4024,0,0,0,0,632,4025,0,0,632,4025,California
Sacramento,2020-12-21,1675,5699,1675,5699,0,0,0,0,1676,5701,0,0,1676,5701,California
Sacramento,2020-12-22,2110,7809,2075,7774,35,35,0,0,2110,7811,0,0,2110,7811,California
Sacramento,2020-12-23,2266,10075,2092,9866,174,209,0,0,2266,10077,0,0,2266,10077,California
Sacramento,2020-12-24,1044,11119,832,10698,212,421,0,0,1044,11121,0,0,1044,11121,California
Sacramento,2020-12-25,2,11121,1,10699,1,422,0,0,2,11123,0,0,2,11123,California
Sacramento,2020-12-26,511,11632,292,10991,219,641,0,0,511,11634,0,0,511,11634,California
Sacramento,2020-12-27,357,11989,251,11242,106,747,0,0,357,11991,0,0,357,11991,California
Sacramento,2020-12-28,1913,13902,1327,12569,586,1333,0,0,1912,13902,1,1,1912,13903,California
Sacramento,2020-12-29,1973,15875,1202,13771,771,2104,0,0,1973,15875,0,1,1973,15876,California
Sacramento,2020-12-30,2564,18439,1460,15231,1104,3208,0,0,2565,18440,0,1,2565,18441,California
Sacramento,2020-12-31,1234,19673,696,15927,538,3746,0,0,1235,19675,0,1,1235,19676,California
Sacramento,2021-01-01,82,19755,70,15997,12,3758,0,0,82,19757,0,1,82,19758,California
Sacramento,2021-01-02,575,20330,369,16366,206,3964,0,0,575,20332,0,1,575,20333,California
Sacramento,2021-01-03,413,20743,224,16590,189,4153,0,0,413,20745,0,1,413,20746,California
Sacramento,2021-01-04,1948,22691,837,17427,1111,5264,0,0,1946,22690,1,2,1946,22692,California
Sacramento,2021-01-05,2218,24909,994,18421,1224,6488,0,0,1854,24187,364,366,1861,24553,California
Sacramento,2021-01-06,2732,27641,1617,20038,1115,7603,0,0,1936,25330,793,1159,1936,26489,California
Sacramento,2021-01-07,2849,30490,1511,21549,1338,8941,0,0,1921,26326,925,2084,1921,28410,California
Sacramento,2021-01-08,3296,33786,2083,23632,1213,10154,0,0,2178,27391,1114,3198,2179,30589,California
Sacramento,2021-01-09,1298,35084,802,24434,496,10650,0,0,901,27897,395,3593,901,31490,California
Sacramento,2021-01-10,1253,36337,712,25146,541,11191,0,0,782,28210,470,4063,783,32273,California
Sacramento,2021-01-11,4364,40701,2963,28109,1401,12592,0,0,2421,28701,1942,6005,2433,34706,California
Sacramento,2021-01-12,4663,45364,3273,31382,1390,13982,0,0,2621,29286,2041,8046,2626,37332,California
Sacramento,2021-01-13,3850,49214,2226,33608,1624,15606,0,0,2429,30297,1420,9466,2431,39763,California
Sacramento,2021-01-14,4636,53850,2337,35945,2299,17905,0,0,3714,33092,919,10385,3714,43477,California
Sacramento,2021-01-15,4467,58317,2266,38211,2201,20106,0,0,3744,36114,723,11108,3745,47222,California
Sacramento,2021-01-16,2095,60412,1287,39498,808,20914,0,0,1874,37768,220,11328,1874,49096,California
Sacramento,2021-01-17,1686,62098,987,40485,699,21613,0,0,1501,39087,185,11513,1504,50600,California
Sacramento,2021-01-18,2831,64929,1731,42216,1100,22713,0,0,2251,40760,579,12092,2252,52852,California
Sacramento,2021-01-19,4996,69925,3038,45254,1958,24671,0,0,3752,43270,1244,13336,3754,56606,California
Sacramento,2021-01-20,4851,74776,2870,48124,1981,26652,0,0,3615,45653,1238,14574,3621,60227,California
Sacramento,2021-01-21,5232,80008,3007,51131,2225,28877,0,0,4261,48951,965,15539,4263,64490,California
Sacramento,2021-01-22,5033,85041,2686,53817,2347,31224,0,0,4730,53380,302,15841,4731,69221,California
Sacramento,2021-01-23,3755,88796,1561,55378,2194,33418,0,0,3292,56209,463,16304,3292,72513,California
Sacramento,2021-01-24,1629,90425,1014,56392,615,34033,0,0,1385,57351,244,16548,1386,73899,California
Sacramento,2021-01-25,4424,94849,2167,58559,2257,36290,0,0,2945,58819,1479,18027,2947,76846,California
Sacramento,2021-01-26,4766,99615,2164,60723,2602,38892,0,0,3555,61167,1209,19236,3557,80403,California
Sacramento,2021-01-27,5860,105475,3046,63769,2814,41706,0,0,4234,63782,1621,20857,4236,84639,California
Sacramento,2021-01-28,5414,110889,2736,66505,2678,44384,0,0,4308,66986,1105,21962,4309,88948,California
Sacramento,2021-01-29,5434,116323,2942,69447,2492,46876,0,0,4404,70368,1022,22984,4404,93352,California
Sacramento,2021-01-30,4533,120856,2205,71652,2328,49204,0,0,4101,74040,429,23413,4101,97453,California
Sacramento,2021-01-31,2341,123197,2040,73692,301,49505,0,0,2062,75827,277,23690,2064,99517,California
Sacramento,2021-02-01,5966,129163,3039,76731,2927,52432,0,0,4274,78414,1687,25377,4274,103791,California
Sacramento,2021-02-02,7028,136191,3788,80519,3240,55672,0,0,4864,81136,2144,27521,4866,108657,California
Sacramento,2021-02-03,7173,143364,3618,84137,3555,59227,0,0,5296,84566,1868,29389,5298,113955,California
Sacramento,2021-02-04,7784,151148,3678,87815,4106,63333,0,0,5528,87846,2248,31637,5528,119483,California
Sacramento,2021-02-05,7893,159041,4501,92316,3392,66725,0,0,4936,89853,2934,34571,4941,124424,California
Sacramento,2021-02-06,8493,167534,3493,95809,5000,71725,0,0,7132,95627,1359,35930,7133,131557,California
Sacramento,2021-02-07,4094,171628,2203,98012,1891,73616,0,0,2887,97314,1202,37132,2889,134446,California
Sacramento,2021-02-08,6272,177900,3258,101270,3014,76630,0,0,3920,98887,2347,39479,3920,138366,California
Sacramento,2021-02-09,6796,184696,3569,104839,3227,79857,0,0,3995,100092,2792,42271,3997,142363,California
Sacramento,2021-02-10,7750,192446,4246,109085,3504,83361,0,0,4571,101502,3165,45436,4575,146938,California
Sacramento,2021-02-11,9632,202078,5739,114824,3893,87254,0,0,5530,102947,4087,49523,5532,152470,California
Sacramento,2021-02-12,10753,212831,4182,119006,6571,93825,0,0,6444,105149,4245,53768,6447,158917,California
Sacramento,2021-02-13,7732,220563,3008,122014,4724,98549,0,0,6129,109680,1599,55367,6130,165047,California
Sacramento,2021-02-14,3246,223809,1995,124009,1251,99800,0,0,2117,110675,1127,56494,2122,167169,California
Sacramento,2021-02-15,6030,229839,2052,126061,3978,103778,0,0,4189,113032,1835,58329,4192,171361,California
Sacramento,2021-02-16,9281,239120,4228,130289,5053,108831,0,0,5330,114423,3944,62273,5335,176696,California
Sacramento,2021-02-17,8881,248001,5008,135297,3873,112704,0,0,5148,115851,3722,65995,5150,181846,California
Sacramento,2021-02-18,9622,257623,5766,141063,3856,116560,0,0,5738,117718,3875,69870,5742,187588,California
Sacramento,2021-02-19,10099,267722,6185,147248,3914,120474,0,0,5972,119581,4117,73987,5980,193568,California
Sacramento,2021-02-20,7865,275587,5791,153039,2074,122548,0,0,4750,121225,3109,77096,4753,198321,California
Sacramento,2021-02-21,3077,278664,2432,155471,645,123193,0,0,1094,120342,1977,79073,1094,199415,California
Sacramento,2021-02-22,6320,284984,3823,159294,2497,125690,0,0,2776,119589,3533,82606,2780,202195,California
Sacramento,2021-02-23,7280,292264,4514,163808,2766,128456,0,0,3548,119427,3715,86321,3553,205748,California
Sacramento,2021-02-24,9867,302131,5426,169234,4441,132897,0,0,5400,120382,4451,90772,5406,211154,California
Sacramento,2021-02-25,11297,313428,6479,175713,4818,137715,0,0,6644,122390,4637,95409,6645,217799,California
Sacramento,2021-02-26,14455,327883,6818,182531,7637,145352,0,0,9905,127784,4518,99927,9912,227711,California
Sacramento,2021-02-27,11125,339008,6888,189419,4234,149586,3,3,8220,133129,2879,102806,8224,235935,California
Sacramento,2021-02-28,6208,345216,2345,191764,3863,153449,0,3,3110,133158,3084,105890,3113,239048,California
Sacramento,2021-03-01,8639,353855,3631,195395,5006,158455,2,5,4705,133957,3911,109801,4710,243758,California
Sacramento,2021-03-02,9332,363187,4051,199446,5280,163735,1,6,5718,136085,3595,113396,5723,249481,California
Sacramento,2021-03-03,11136,374323,5092,204538,6041,169776,3,9,6683,138341,4432,117828,6688,256169,California
Sacramento,2021-03-04,13502,387825,6219,210757,7279,177055,4,13,7506,139894,5964,123792,7517,263686,California
Sacramento,2021-03-05,10667,398492,4936,215693,5701,182756,30,43,7077,143435,3567,127359,7108,270794,California
Sacramento,2021-03-06,8141,406633,3127,218820,4892,187648,122,165,4139,143706,3989,131348,4260,275054,California
Sacramento,2021-03-07,7634,414267,2224,221044,5320,192968,90,255,3763,143691,3866,135214,3851,278905,California
Sacramento,2021-03-08,9139,423406,4271,225315,4642,197610,226,481,5975,146739,3151,138365,6199,285104,California
Sacramento,2021-03-09,9656,433062,4583,229898,4779,202389,294,775,5547,148489,4091,142456,5841,290945,California
Sacramento,2021-03-10,11825,444887,7527,237425,3940,206329,358,1133,6902,150870,4884,147340,7265,298210,California
Sacramento,2021-03-11,15092,459979,10015,247440,4247,210576,830,1963,8940,154526,6110,153450,9766,307976,California
Sacramento,2021-03-12,18092,478071,8355,255795,8869,219445,868,2831,8869,155097,9171,162621,9742,317718,California
Sacramento,2021-03-13,13030,491101,3583,259378,9018,228463,429,3260,7848,158200,5170,167791,8273,325991,California
Sacramento,2021-03-14,8407,499508,3474,262852,4299,232762,634,3894,4433,159315,3950,171741,5065,331056,California
Sacramento,2021-03-15,12268,511776,4882,267734,6723,239485,663,4557,7065,161866,5177,176918,7728,338784,California
Sacramento,2021-03-16,14061,525837,6252,273986,7155,246640,654,5211,8650,165788,5375,182293,9297,348081,California
Sacramento,2021-03-17,13835,539672,6667,280653,6532,253172,636,5847,8811,170239,4998,187291,9449,357530,California
Sacramento,2021-03-18,15799,555471,8300,288953,6895,260067,604,6451,10023,175122,5742,193033,10625,368155,California
Sacramento,2021-03-19,15696,571167,8011,296964,6293,266360,1392,7843,7925,176686,7743,200776,9307,377462,California
Sacramento,2021-03-20,12967,584134,7554,304518,5070,271430,343,8186,8065,180223,4872,205648,8409,385871,California
Sacramento,2021-03-21,5621,589755,2772,307290,2809,274239,40,8226,4878,184414,729,206377,4920,390791,California
Sacramento,2021-03-22,9419,599174,4823,312113,3743,277982,853,9079,6216,188307,3174,209551,7067,397858,California
Sacramento,2021-03-23,11440,610614,6841,318954,3793,281775,806,9885,7335,192385,4061,213612,8139,405997,California
Sacramento,2021-03-24,11913,622527,7293,326247,3990,285765,630,10515,6746,194677,5086,218698,7378,413375,California
Sacramento,2021-03-25,14234,636761,8372,334619,5021,290786,841,11356,8552,198428,5636,224334,9387,422762,California
Sacramento,2021-03-26,18326,655087,8956,343575,8859,299645,511,11867,9172,199028,9086,233420,9686,432448,California
Sacramento,2021-03-27,9718,664805,3584,347159,5843,305488,291,12158,5100,199829,4585,238005,5386,437834,California
Sacramento,2021-03-28,6546,671351,3230,350389,3067,308555,249,12407,2706,198958,3829,241834,2958,440792,California
Sacramento,2021-03-29,11062,682413,5912,356301,4760,313315,390,12797,4956,198228,6076,247910,5346,446138,California
Sacramento,2021-03-30,11916,694329,6106,362407,5392,318707,418,13215,6022,198797,5869,253779,6438,452576,California
Sacramento,2021-03-31,13484,707813,7873,370280,5200,323907,411,13626,5580,196904,7877,261656,5984,458560,California
Sacramento,2021-04-01,17496,725309,10475,380755,6778,330685,243,13869,7358,194417,10092,271748,7605,466165,California
Sacramento,2021-04-02,17180,742489,9725,390480,6713,337398,742,14611,9019,196048,8129,279877,9760,475925,California
Sacramento,2021-04-03,10451,752940,6236,396716,3665,341063,550,15161,6411,198993,4010,283887,6955,482880,California
Sacramento,2021-04-04,3731,756671,1532,398248,1993,343056,206,15367,1452,198373,2273,286160,1653,484533,California
Sacramento,2021-04-05,12088,768759,7574,405822,3672,346728,842,16209,5393,197944,6658,292818,6229,490762,California
Sacramento,2021-04-06,15706,784465,8884,414706,5476,352204,1346,17555,6949,197509,8724,301542,8289,499051,California
Sacramento,2021-04-07,14908,799373,8055,422761,5233,357437,1620,19175,7176,198601,7691,309233,8783,507834,California
Sacramento,2021-04-08,15125,814498,6810,429571,5312,362749,3003,22178,6017,198528,9074,318307,9001,516835,California
Sacramento,2021-04-09,18351,832849,9381,438952,6739,369488,2231,24409,7448,197335,10861,329168,9668,526503,California
Sacramento,2021-04-10,12885,845734,3852,442804,7811,377299,1222,25631,5346,196367,7510,336678,6542,533045,California
Sacramento,2021-04-11,10819,856553,4370,447174,6221,383520,228,25859,3868,193535,6926,343604,4094,537139,California
Sacramento,2021-04-12,13031,869584,5071,452245,6067,389587,1893,27752,4964,192375,8002,351606,6842,543981,California
Sacramento,2021-04-13,16314,885898,9985,462230,6324,395911,5,27757,7589,191280,8693,360299,7598,551579,California
Sacramento,2021-04-14,15058,900956,8012,470242,7044,402955,2,27759,5940,188140,9086,369385,5946,557525,California
Sacramento,2021-04-15,16445,917401,8461,478703,7981,410936,3,27762,6682,185104,9724,379109,6688,564213,California
Sacramento,2021-04-16,17591,934992,9719,488422,7872,418808,0,27762,7976,183513,9571,388680,7980,572193,California
Sacramento,2021-04-17,15410,950402,6177,494599,9233,428041,0,27762,11166,190463,4221,392901,11171,583364,California
Sacramento,2021-04-18,8471,958873,3078,497677,5393,433434,0,27762,3761,189534,4691,397592,3762,587126,California
Sacramento,2021-04-19,10654,969527,5751,503428,4898,438332,5,27767,4739,188393,5888,403480,4747,591873,California
Sacramento,2021-04-20,11228,980755,6802,510230,4423,442755,3,27770,5960,189120,5240,408720,5967,597840,California
Sacramento,2021-04-21,11584,992339,6698,516928,4884,447639,2,27772,6280,190126,5278,413998,6284,604124,California
Sacramento,2021-04-22,14906,1007245,9927,526855,4975,452614,4,27776,6866,188992,8006,422004,6872,610996,California
Sacramento,2021-04-23,15925,1023170,10018,536873,5907,458521,0,27776,7379,187864,8509,430513,7381,618377,California
Sacramento,2021-04-24,11337,1034507,7008,543881,4328,462849,1,27777,5941,188448,5359,435872,5943,624320,California
Sacramento,2021-04-25,8008,1042515,4476,548357,3532,466381,0,27777,4167,188789,3827,439699,4168,628488,California
Sacramento,2021-04-26,10621,1053136,6630,554987,3967,470348,24,27801,5021,188265,5569,445268,5045,633533,California
Sacramento,2021-04-27,12066,1065202,7910,562897,4001,474349,155,27956,5921,188235,6111,451379,6081,639614,California
Sacramento,2021-04-28,10536,1075738,5888,568785,4443,478792,205,28161,5849,189638,4656,456035,6059,645673,California
Sacramento,2021-04-29,10915,1086653,7334,576119,3278,482070,303,28464,6020,191105,4859,460894,6326,651999,California
Sacramento,2021-04-30,12491,1099144,7842,583961,4386,486456,263,28727,5882,190688,6563,467457,6146,658145,California
Sacramento,2021-05-01,7602,1106746,5478,589439,1948,488404,176,28903,2769,188835,4796,472253,2943,661088,California
Sacramento,2021-05-02,5011,1111757,4313,593752,547,488951,151,29054,2231,188461,2754,475007,2380,663468,California
Sacramento,2021-05-03,9140,1120897,7305,601057,1553,490504,282,29336,3971,187564,5146,480153,4249,667717,California
Sacramento,2021-05-04,9421,1130318,5731,606788,3380,493884,310,29646,3796,186088,5581,485734,4105,671822,California
Sacramento,2021-05-05,11242,1141560,6164,612952,4617,498501,461,30107,4589,184524,6607,492341,5043,676865,California
Sacramento,2021-05-06,11215,1152775,6211,619163,4696,503197,308,30415,4613,183163,6278,498619,4917,681782,California
Sacramento,2021-05-07,10635,1163410,6185,625348,4079,507276,371,30786,4470,181894,6112,504731,4843,686625,California
Sacramento,2021-05-08,8242,1171652,3824,629172,4188,511464,230,31016,2713,179340,5490,510221,2936,689561,California
Sacramento,2021-05-09,3150,1174802,1655,630827,1382,512846,113,31129,1172,178658,1967,512188,1285,690846,California
Sacramento,2021-05-10,8091,1182893,3743,634570,4076,516922,272,31401,1986,174844,6074,518262,2260,693106,California
Sacramento,2021-05-11,8297,1191190,5167,639737,2871,519793,259,31660,2887,172611,5379,523641,3146,696252,California
Sacramento,2021-05-12,8566,1199756,5151,644888,3158,522951,257,31917,3040,170415,5491,529132,3295,699547,California
Sacramento,2021-05-13,11933,1211689,7703,652591,3954,526905,276,32193,4640,168080,7251,536383,4916,704463,California
Sacramento,2021-05-14,12389,1224078,7074,659665,5028,531933,287,32480,5178,166390,7155,543538,5465,709928,California
Sacramento,2021-05-15,13192,1237270,8020,667685,5026,536959,146,32626,5857,165089,7300,550838,5999,715927,California
Sacramento,2021-05-16,7895,1245165,4142,671827,3640,540599,113,32739,2163,161658,5709,556547,2278,718205,California
Sacramento,2021-05-17,10385,1255550,6304,678131,3790,544389,291,33030,3962,159527,6387,562934,4256,722461,California
Sacramento,2021-05-18,9722,1265272,6097,684228,3414,547803,211,33241,3691,157444,5990,568924,3907,726368,California
Sacramento,2021-05-19,9769,1275041,6244,690472,3261,551064,264,33505,4509,157005,5218,574142,4779,731147,California
Sacramento,2021-05-20,10168,1285209,6692,697164,3216,554280,260,33765,3865,154880,6251,580393,4126,735273,California
Sacramento,2021-05-21,10726,1295935,6808,703972,3595,557875,323,34088,4584,153693,6100,586493,4913,740186,California
Sacramento,2021-05-22,7411,1303346,4593,708565,2646,560521,172,34260,3356,153199,4025,590518,3531,743717,California
Sacramento,2021-05-23,4199,1307545,2892,711457,1204,561725,103,34363,1933,152989,2247,592765,2037,745754,California
Sacramento,2021-05-24,7655,1315200,4573,716030,2752,564477,330,34693,2395,150499,5214,597979,2724,748478,California
Sacramento,2021-05-25,6683,1321883,3875,719905,2516,566993,292,34985,2380,148911,4277,602256,2689,751167,California
Sacramento,2021-05-26,8534,1330417,4724,724629,3475,570468,335,35320,2818,146406,5665,607921,3160,754327,California
Sacramento,2021-05-27,6660,1337077,3640,728269,2780,573248,240,35560,2967,145962,3653,611574,3209,757536,California
Sacramento,2021-05-28,8241,1345318,4580,732849,3287,576535,374,35934,3498,145131,4705,616279,3874,761410,California
Sacramento,2021-05-29,4390,1349708,2683,735532,1551,578086,156,36090,2236,145393,2130,618409,2392,763802,California
Sacramento,2021-05-30,1666,1351374,1050,736582,577,578663,39,36129,773,145320,886,619295,813,764615,California
Sacramento,2021-05-31,881,1352255,440,737022,428,579091,13,36142,311,145075,569,619864,324,764939,California
Sacramento,2021-06-01,6954,1359209,4180,741202,2567,581658,207,36349,2677,143724,4236,624100,2885,767824,California
Sacramento,2021-06-02,6081,1365290,3349,744551,2518,584176,214,36563,2307,142523,3729,627829,2528,770352,California
Sacramento,2021-06-03,7424,1372714,5063,749614,2177,586353,184,36747,2150,139620,5234,633063,2331,772683,California
Sacramento,2021-06-04,7040,1379754,4518,754132,2311,588664,211,36958,2219,137261,4790,637853,2431,775114,California
Sacramento,2021-06-05,6180,1385934,4546,758678,1493,590157,141,37099,1750,134749,4401,642254,1889,777003,California
Sacramento,2021-06-06,2372,1388306,1860,760538,454,590611,58,37157,797,134036,1569,643823,856,777859,California
Sacramento,2021-06-07,5541,1393847,3876,764414,1484,592095,181,37338,1600,131898,3915,647738,1777,779636,California
Sacramento,2021-06-08,5389,1399236,3677,768091,1532,593627,180,37518,1817,130351,3547,651285,2000,781636,California
Sacramento,2021-06-09,6161,1405397,4272,772363,1704,595331,185,37703,1642,127710,4467,655752,1826,783462,California
Sacramento,2021-06-10,5411,1410808,3459,775822,1740,597071,212,37915,1705,125970,3657,659409,1917,785379,California
Sacramento,2021-06-11,7553,1418361,5214,781036,2145,599216,194,38109,2082,122806,5438,664847,2274,787653,California
Sacramento,2021-06-12,4719,1423080,3052,784088,1549,600765,118,38227,1305,120840,3391,668238,1425,789078,California
Sacramento,2021-06-13,1926,1425006,1417,785505,467,601232,42,38269,431,119829,1483,669721,472,789550,California
Sacramento,2021-06-14,4301,1429307,2786,788291,1354,602586,161,38430,1405,118514,2879,672600,1564,791114,California
Sacramento,2021-06-15,4899,1434206,2962,791253,1714,604300,223,38653,1727,117306,3157,675757,1949,793063,California
Sacramento,2021-06-16,4478,1438684,3010,794263,1248,605548,220,38873,1578,116222,2874,678631,1790,794853,California
Sacramento,2021-06-17,4060,1442744,2641,796904,1254,606802,165,39038,1400,115154,2629,681260,1561,796414,California
Sacramento,2021-06-18,5124,1447868,3348,800252,1535,608337,241,39279,1746,113787,3354,684614,1987,798401,California
Sacramento,2021-06-19,3301,1451169,2244,802496,913,609250,144,39423,1187,113019,2098,686712,1330,799731,California
Sacramento,2021-06-20,1227,1452396,909,803405,291,609541,27,39450,560,112948,658,687370,587,800318,California
Sacramento,2021-06-21,2511,1454907,1333,804738,1020,610561,158,39608,1241,113088,1257,688627,1397,801715,California
Sacramento,2021-06-22,3899,1458806,2688,807426,1019,611580,192,39800,1545,112492,2329,690956,1733,803448,California
Sacramento,2021-06-23,4024,1462830,2780,810206,1044,612624,200,40000,1513,111709,2492,693448,1709,805157,California
Sacramento,2021-06-24,2005,1464835,1253,811459,588,613212,164,40164,771,111417,1227,694675,935,806092,California
San Benito,2020-12-16,29,29,29,29,0,0,0,0,29,29,0,0,29,29,California
San Benito,2020-12-17,48,77,48,77,0,0,0,0,48,77,0,0,48,77,California
San Benito,2020-12-18,72,149,72,149,0,0,0,0,72,149,0,0,72,149,California
San Benito,2020-12-19,48,197,48,197,0,0,0,0,48,197,0,0,48,197,California
San Benito,2020-12-20,23,220,23,220,0,0,0,0,23,220,0,0,23,220,California
San Benito,2020-12-21,77,297,77,297,0,0,0,0,77,297,0,0,77,297,California
San Benito,2020-12-22,101,398,101,398,0,0,0,0,101,398,0,0,101,398,California
San Benito,2020-12-23,86,484,74,472,12,12,0,0,86,484,0,0,86,484,California
San Benito,2020-12-24,13,497,5,477,8,20,0,0,13,497,0,0,13,497,California
San Benito,2020-12-25,4,501,4,481,0,20,0,0,4,501,0,0,4,501,California
San Benito,2020-12-26,13,514,4,485,9,29,0,0,13,514,0,0,13,514,California
San Benito,2020-12-27,8,522,7,492,1,30,0,0,8,522,0,0,8,522,California
San Benito,2020-12-28,65,587,36,528,29,59,0,0,65,587,0,0,65,587,California
San Benito,2020-12-29,49,636,21,549,28,87,0,0,49,636,0,0,49,636,California
San Benito,2020-12-30,60,696,38,587,22,109,0,0,60,696,0,0,60,696,California
San Benito,2020-12-31,19,715,2,589,17,126,0,0,19,715,0,0,19,715,California
San Benito,2021-01-02,24,739,23,612,1,127,0,0,24,739,0,0,24,739,California
San Benito,2021-01-03,4,743,2,614,2,129,0,0,3,742,0,0,3,742,California
San Benito,2021-01-04,61,804,23,637,38,167,0,0,61,803,0,0,61,803,California
San Benito,2021-01-05,117,921,37,674,80,247,0,0,114,914,3,3,114,917,California
San Benito,2021-01-06,102,1023,43,717,59,306,0,0,87,986,15,18,87,1004,California
San Benito,2021-01-07,106,1129,68,785,38,344,0,0,54,988,52,70,54,1058,California
San Benito,2021-01-08,182,1311,90,875,92,436,0,0,117,1040,65,135,117,1175,California
San Benito,2021-01-09,44,1355,31,906,13,449,0,0,30,1056,14,149,30,1205,California
San Benito,2021-01-10,17,1372,15,921,2,451,0,0,5,1049,12,161,5,1210,California
San Benito,2021-01-11,172,1544,107,1028,65,516,0,0,72,1021,100,261,72,1282,California
San Benito,2021-01-12,161,1705,57,1085,104,620,0,0,121,1102,40,301,121,1403,California
San Benito,2021-01-13,240,1945,69,1154,171,791,0,0,189,1240,51,352,189,1592,California
San Benito,2021-01-14,131,2076,24,1178,107,898,0,0,112,1333,19,371,112,1704,California
San Benito,2021-01-15,216,2292,21,1199,195,1093,0,0,202,1521,14,385,202,1906,California
San Benito,2021-01-16,26,2318,9,1208,17,1110,0,0,20,1535,6,391,20,1926,California
San Benito,2021-01-17,12,2330,5,1213,7,1117,0,0,9,1541,3,394,9,1935,California
San Benito,2021-01-18,37,2367,23,1236,14,1131,0,0,22,1548,15,409,22,1957,California
San Benito,2021-01-19,186,2553,80,1316,106,1237,0,0,148,1658,38,447,148,2105,California
San Benito,2021-01-20,331,2884,96,1412,235,1472,0,0,284,1896,46,493,284,2389,California
San Benito,2021-01-21,146,3030,33,1445,113,1585,0,0,120,1990,26,519,120,2509,California
San Benito,2021-01-22,237,3267,19,1464,218,1803,0,0,227,2207,10,529,227,2736,California
San Benito,2021-01-23,31,3298,17,1481,14,1817,0,0,13,2202,18,547,13,2749,California
San Benito,2021-01-24,29,3327,3,1484,26,1843,0,0,25,2223,4,551,25,2774,California
San Benito,2021-01-25,65,3392,24,1508,41,1884,0,0,19,2196,46,597,19,2793,California
San Benito,2021-01-26,138,3530,41,1549,97,1981,0,0,86,2230,52,649,86,2879,California
San Benito,2021-01-27,231,3761,70,1619,161,2142,0,0,191,2381,40,689,191,3070,California
San Benito,2021-01-28,154,3915,32,1651,122,2264,0,0,122,2472,31,720,122,3192,California
San Benito,2021-01-29,295,4210,35,1686,260,2524,0,0,270,2718,24,744,270,3462,California
San Benito,2021-01-30,52,4262,33,1719,19,2543,0,0,29,2724,23,767,29,3491,California
San Benito,2021-01-31,16,4278,5,1724,11,2554,0,0,11,2730,5,772,11,3502,California
San Benito,2021-02-01,136,4414,28,1752,108,2662,0,0,92,2778,44,816,92,3594,California
San Benito,2021-02-02,227,4641,49,1801,178,2840,0,0,137,2825,90,906,137,3731,California
San Benito,2021-02-03,339,4980,42,1843,297,3137,0,0,272,3030,67,973,272,4003,California
San Benito,2021-02-04,166,5146,24,1867,142,3279,0,0,120,3104,46,1019,120,4123,California
San Benito,2021-02-05,294,5440,41,1908,253,3532,0,0,231,3272,63,1082,231,4354,California
San Benito,2021-02-06,50,5490,9,1917,41,3573,0,0,33,3288,17,1099,33,4387,California
San Benito,2021-02-07,17,5507,8,1925,9,3582,0,0,15,3301,2,1101,15,4402,California
San Benito,2021-02-08,140,5647,17,1942,123,3705,0,0,94,3349,46,1147,94,4496,California
San Benito,2021-02-09,326,5973,64,2006,262,3967,0,0,194,3411,132,1279,194,4690,California
San Benito,2021-02-10,322,6295,90,2096,232,4199,0,0,112,3314,209,1488,112,4802,California
San Benito,2021-02-11,299,6594,33,2129,266,4465,0,0,201,3417,98,1586,201,5003,California
San Benito,2021-02-12,414,7008,32,2161,382,4847,0,0,209,3422,204,1790,209,5212,California
San Benito,2021-02-13,55,7063,7,2168,48,4895,0,0,43,3453,12,1802,43,5255,California
San Benito,2021-02-14,40,7103,5,2173,35,4930,0,0,30,3473,10,1812,30,5285,California
San Benito,2021-02-15,105,7208,9,2182,96,5026,0,0,94,3556,11,1823,94,5379,California
San Benito,2021-02-16,207,7415,12,2194,195,5221,0,0,102,3553,105,1928,102,5481,California
San Benito,2021-02-17,327,7742,29,2223,298,5519,0,0,278,3782,49,1977,278,5759,California
San Benito,2021-02-18,294,8036,38,2261,256,5775,0,0,73,3634,221,2198,73,5832,California
San Benito,2021-02-19,342,8378,46,2307,296,6071,0,0,177,3646,165,2363,177,6009,California
San Benito,2021-02-20,45,8423,25,2332,20,6091,0,0,35,3671,10,2373,35,6044,California
San Benito,2021-02-21,23,8446,8,2340,15,6106,0,0,14,3676,9,2382,14,6058,California
San Benito,2021-02-22,134,8580,36,2376,98,6204,0,0,100,3743,33,2415,100,6158,California
San Benito,2021-02-23,379,8959,94,2470,285,6489,0,0,262,3888,117,2532,262,6420,California
San Benito,2021-02-24,381,9340,68,2538,313,6802,0,0,243,3993,138,2670,243,6663,California
San Benito,2021-02-25,393,9733,64,2602,329,7131,0,0,271,4140,124,2794,271,6934,California
San Benito,2021-02-26,654,10387,76,2678,578,7709,0,0,404,4294,250,3044,404,7338,California
San Benito,2021-02-27,105,10492,41,2719,64,7773,0,0,86,4361,19,3063,86,7424,California
San Benito,2021-02-28,254,10746,30,2749,224,7997,0,0,243,4593,11,3074,243,7667,California
San Benito,2021-03-01,233,10979,61,2810,172,8169,0,0,162,4683,72,3146,162,7829,California
San Benito,2021-03-02,286,11265,97,2907,189,8358,0,0,214,4825,72,3218,214,8043,California
San Benito,2021-03-03,406,11671,66,2973,340,8698,0,0,227,4875,177,3395,227,8270,California
San Benito,2021-03-04,616,12287,126,3099,475,9173,15,15,430,5122,186,3581,433,8703,California
San Benito,2021-03-05,583,12870,306,3405,265,9438,12,27,373,5299,208,3789,385,9088,California
San Benito,2021-03-06,193,13063,69,3474,110,9548,14,41,140,5400,53,3842,154,9242,California
San Benito,2021-03-07,648,13711,603,4077,22,9570,23,64,615,6005,33,3875,638,9880,California
San Benito,2021-03-08,290,14001,66,4143,177,9747,47,111,167,6096,123,3998,214,10094,California
San Benito,2021-03-09,423,14424,83,4226,241,9988,99,210,137,6020,285,4283,209,10303,California
San Benito,2021-03-10,403,14827,114,4340,194,10182,95,305,232,6176,171,4454,327,10630,California
San Benito,2021-03-11,473,15300,122,4462,198,10380,153,458,209,6274,264,4718,362,10992,California
San Benito,2021-03-12,522,15822,123,4585,302,10682,97,555,233,6318,287,5005,331,11323,California
San Benito,2021-03-13,200,16022,99,4684,83,10765,18,573,126,6391,71,5076,144,11467,California
San Benito,2021-03-14,233,16255,40,4724,173,10938,20,593,180,6539,52,5128,200,11667,California
San Benito,2021-03-15,324,16579,100,4824,205,11143,19,612,191,6616,133,5261,210,11877,California
San Benito,2021-03-16,499,17078,218,5042,250,11393,31,643,351,6849,148,5409,381,12258,California
San Benito,2021-03-17,791,17869,479,5521,290,11683,22,665,561,7198,226,5635,575,12833,California
San Benito,2021-03-18,790,18659,528,6049,206,11889,56,721,574,7605,214,5849,621,13454,California
San Benito,2021-03-19,778,19437,403,6452,351,12240,24,745,576,8002,202,6051,599,14053,California
San Benito,2021-03-20,245,19682,149,6601,83,12323,13,758,186,8142,59,6110,199,14252,California
San Benito,2021-03-21,108,19790,56,6657,47,12370,5,763,80,8199,28,6138,85,14337,California
San Benito,2021-03-22,353,20143,173,6830,155,12525,25,788,222,8315,131,6269,247,14584,California
San Benito,2021-03-23,477,20620,199,7029,268,12793,10,798,210,8267,267,6536,219,14803,California
San Benito,2021-03-24,575,21195,304,7333,264,13057,7,805,353,8406,221,6757,360,15163,California
San Benito,2021-03-25,742,21937,442,7775,296,13353,4,809,440,8552,298,7055,444,15607,California
San Benito,2021-03-26,1020,22957,520,8295,495,13848,5,814,337,8212,682,7737,342,15949,California
San Benito,2021-03-27,337,23294,188,8483,117,13965,32,846,218,8344,118,7855,250,16199,California
San Benito,2021-03-28,734,24028,608,9091,121,14086,5,851,129,7873,605,8460,134,16333,California
San Benito,2021-03-29,344,24372,108,9199,216,14302,20,871,143,7834,201,8661,162,16495,California
San Benito,2021-03-30,577,24949,273,9472,211,14513,93,964,293,7936,284,8945,386,16881,California
San Benito,2021-03-31,597,25546,368,9840,205,14718,24,988,343,8052,251,9196,367,17248,California
San Benito,2021-04-01,952,26498,383,10223,530,15248,39,1027,564,8262,387,9583,597,17845,California
San Benito,2021-04-02,540,27038,261,10484,143,15391,136,1163,263,8385,276,9859,399,18244,California
San Benito,2021-04-03,254,27292,87,10571,103,15494,64,1227,75,8345,178,10037,138,18382,California
San Benito,2021-04-04,143,27435,108,10679,30,15524,5,1232,106,8419,37,10074,111,18493,California
San Benito,2021-04-05,353,27788,169,10848,140,15664,44,1276,142,8393,211,10285,185,18678,California
San Benito,2021-04-06,466,28254,162,11010,127,15791,177,1453,161,8425,305,10590,337,19015,California
San Benito,2021-04-07,943,29197,525,11535,227,16018,191,1644,264,8203,677,11267,455,19470,California
San Benito,2021-04-08,866,30063,434,11969,178,16196,254,1898,228,8048,637,11904,482,19952,California
San Benito,2021-04-09,853,30916,505,12474,256,16452,92,1990,297,7882,555,12459,389,20341,California
San Benito,2021-04-10,341,31257,206,12680,77,16529,58,2048,192,7983,149,12608,250,20591,California
San Benito,2021-04-11,480,31737,273,12953,172,16701,35,2083,270,8056,210,12818,283,20874,California
San Benito,2021-04-12,530,32267,286,13239,132,16833,112,2195,278,8191,251,13069,386,21260,California
San Benito,2021-04-13,758,33025,293,13532,442,17275,23,2218,525,8508,232,13301,549,21809,California
San Benito,2021-04-14,832,33857,655,14187,177,17452,0,2218,395,8472,431,13732,395,22204,California
San Benito,2021-04-15,945,34802,735,14922,209,17661,1,2219,474,8478,470,14202,476,22680,California
San Benito,2021-04-16,711,35513,371,15293,331,17992,9,2228,301,8382,407,14609,311,22991,California
San Benito,2021-04-17,322,35835,226,15519,96,18088,0,2228,129,8316,195,14804,129,23120,California
San Benito,2021-04-18,494,36329,413,15932,81,18169,0,2228,240,8304,254,15058,242,23362,California
San Benito,2021-04-19,742,37071,592,16524,150,18319,0,2228,418,8402,322,15380,420,23782,California
San Benito,2021-04-20,775,37846,404,16928,369,18688,2,2230,489,8611,281,15661,490,24272,California
San Benito,2021-04-21,955,38801,704,17632,251,18939,0,2230,516,8703,424,16085,516,24788,California
San Benito,2021-04-22,889,39690,687,18319,202,19141,0,2230,559,8940,322,16407,559,25347,California
San Benito,2021-04-23,631,40321,395,18714,235,19376,1,2231,338,9034,244,16651,338,25685,California
San Benito,2021-04-24,363,40684,203,18917,160,19536,0,2231,167,9045,156,16807,167,25852,California
San Benito,2021-04-25,205,40889,128,19045,77,19613,0,2231,95,9048,92,16899,95,25947,California
San Benito,2021-04-26,487,41376,385,19430,102,19715,0,2231,255,9132,171,17070,255,26202,California
San Benito,2021-04-27,553,41929,279,19709,267,19982,7,2238,407,9410,136,17206,414,26616,California
San Benito,2021-04-28,549,42478,387,20096,154,20136,8,2246,387,9647,157,17363,394,27010,California
San Benito,2021-04-29,631,43109,232,20328,389,20525,10,2256,254,9551,377,17740,281,27291,California
San Benito,2021-04-30,372,43481,205,20533,160,20685,7,2263,199,9586,171,17911,206,27497,California
San Benito,2021-05-01,196,43677,143,20676,44,20729,9,2272,66,9532,129,18040,75,27572,California
San Benito,2021-05-02,189,43866,160,20836,25,20754,4,2276,58,9463,131,18171,62,27634,California
San Benito,2021-05-03,359,44225,282,21118,67,20821,10,2286,86,9289,273,18444,99,27733,California
San Benito,2021-05-04,400,44625,242,21360,150,20971,8,2294,148,9194,250,18694,155,27888,California
San Benito,2021-05-05,602,45227,423,21783,163,21134,16,2310,214,9039,385,19079,230,28118,California
San Benito,2021-05-06,612,45839,485,22268,112,21246,15,2325,224,8894,384,19463,239,28357,California
San Benito,2021-05-07,449,46288,284,22552,155,21401,10,2335,172,8802,275,19738,183,28540,California
San Benito,2021-05-08,274,46562,222,22774,47,21448,5,2340,156,8845,118,19856,161,28701,California
San Benito,2021-05-09,100,46662,75,22849,22,21470,3,2343,47,8842,53,19909,50,28751,California
San Benito,2021-05-10,410,47072,322,23171,64,21534,24,2367,53,8563,357,20266,78,28829,California
San Benito,2021-05-11,814,47886,402,23573,396,21930,16,2383,181,8130,631,20897,198,29027,California
San Benito,2021-05-12,491,48377,389,23962,89,22019,13,2396,112,7878,378,21275,126,29153,California
San Benito,2021-05-13,731,49108,625,24587,89,22108,17,2413,210,7586,518,21793,226,29379,California
San Benito,2021-05-14,599,49707,442,25029,150,22258,7,2420,232,7460,365,22158,239,29618,California
San Benito,2021-05-15,226,49933,170,25199,50,22308,6,2426,125,7490,101,22259,131,29749,California
San Benito,2021-05-16,169,50102,141,25340,26,22334,2,2428,92,7507,77,22336,94,29843,California
San Benito,2021-05-17,378,50480,307,25647,62,22396,9,2437,174,7488,202,22538,183,30026,California
San Benito,2021-05-18,673,51153,353,26000,315,22711,5,2442,211,7243,462,23000,217,30243,California
San Benito,2021-05-19,570,51723,419,26419,143,22854,8,2450,232,7145,338,23338,240,30483,California
San Benito,2021-05-20,588,52311,465,26884,112,22966,11,2461,315,7199,272,23610,326,30809,California
San Benito,2021-05-21,463,52774,272,27156,175,23141,16,2477,216,7186,245,23855,232,31041,California
San Benito,2021-05-22,293,53067,221,27377,67,23208,5,2482,179,7259,112,23967,185,31226,California
San Benito,2021-05-23,92,53159,54,27431,34,23242,4,2486,34,7238,58,24025,37,31263,California
San Benito,2021-05-24,300,53459,252,27683,41,23283,7,2493,188,7322,112,24137,196,31459,California
San Benito,2021-05-25,523,53982,238,27921,278,23561,7,2500,167,7143,354,24491,175,31634,California
San Benito,2021-05-26,313,54295,196,28117,110,23671,7,2507,126,7092,186,24677,135,31769,California
San Benito,2021-05-27,408,54703,312,28429,73,23744,23,2530,151,7012,257,24934,177,31946,California
San Benito,2021-05-28,282,54985,175,28604,100,23844,7,2537,109,6956,172,25106,116,32062,California
San Benito,2021-05-29,146,55131,124,28728,20,23864,2,2539,62,6936,84,25190,64,32126,California
San Benito,2021-05-30,269,55400,253,28981,16,23880,0,2539,93,6854,175,25365,93,32219,California
San Benito,2021-05-31,100,55500,87,29068,11,23891,2,2541,43,6843,56,25421,45,32264,California
San Benito,2021-06-01,266,55766,119,29187,121,24012,26,2567,98,6799,167,25588,123,32387,California
San Benito,2021-06-02,320,56086,242,29429,76,24088,2,2569,117,6717,202,25790,120,32507,California
San Benito,2021-06-03,334,56420,284,29713,43,24131,7,2576,98,6588,234,26024,105,32612,California
San Benito,2021-06-04,268,56688,200,29913,68,24199,0,2576,84,6489,183,26207,84,32696,California
San Benito,2021-06-05,92,56780,73,29986,18,24217,1,2577,19,6437,72,26279,20,32716,California
San Benito,2021-06-06,58,56838,48,30034,7,24224,3,2580,15,6412,43,26322,18,32734,California
San Benito,2021-06-07,337,57175,297,30331,35,24259,5,2585,87,6256,248,26570,92,32826,California
San Benito,2021-06-08,307,57482,215,30546,77,24336,15,2600,96,6157,210,26780,111,32937,California
San Benito,2021-06-09,239,57721,188,30734,43,24379,8,2608,70,6066,169,26949,78,33015,California
San Benito,2021-06-10,358,58079,330,31064,21,24400,7,2615,73,5864,282,27231,80,33095,California
San Benito,2021-06-11,267,58346,226,31290,21,24421,20,2635,91,5800,175,27406,111,33206,California
San Benito,2021-06-12,157,58503,143,31433,10,24431,4,2639,50,5762,92,27498,54,33260,California
San Benito,2021-06-13,52,58555,40,31473,10,24441,2,2641,17,5753,28,27526,19,33279,California
San Benito,2021-06-14,177,58732,149,31622,24,24465,4,2645,62,5704,114,27640,65,33344,California
San Benito,2021-06-15,218,58950,125,31747,87,24552,6,2651,77,5649,139,27779,84,33428,California
San Benito,2021-06-16,212,59162,170,31917,29,24581,13,2664,72,5595,139,27918,85,33513,California
San Benito,2021-06-17,252,59414,208,32125,17,24598,27,2691,78,5527,174,28092,106,33619,California
San Benito,2021-06-18,157,59571,100,32225,50,24648,7,2698,64,5505,93,28185,71,33690,California
San Benito,2021-06-19,115,59686,109,32334,6,24654,0,2698,48,5486,67,28252,48,33738,California
San Benito,2021-06-20,38,59724,36,32370,2,24656,0,2698,18,5484,20,28272,18,33756,California
San Benito,2021-06-21,105,59829,75,32445,15,24671,15,2713,54,5502,50,28322,68,33824,California
San Benito,2021-06-22,194,60023,124,32569,58,24729,12,2725,75,5470,118,28440,86,33910,California
San Benito,2021-06-23,150,60173,112,32681,27,24756,11,2736,62,5455,88,28528,73,33983,California
San Benito,2021-06-24,100,60273,77,32758,12,24768,11,2747,39,5445,60,28588,50,34033,California
San Bernardino,2020-12-15,13,13,13,13,0,0,0,0,13,13,0,0,13,13,California
San Bernardino,2020-12-16,113,126,113,126,0,0,0,0,113,126,0,0,113,126,California
San Bernardino,2020-12-17,2375,2501,2375,2501,0,0,0,0,2375,2501,0,0,2375,2501,California
San Bernardino,2020-12-18,3173,5674,3170,5671,3,3,0,0,3174,5675,0,0,3174,5675,California
San Bernardino,2020-12-19,1076,6750,1075,6746,1,4,0,0,1077,6752,0,0,1077,6752,California
San Bernardino,2020-12-20,1181,7931,1178,7924,3,7,0,0,1181,7933,0,0,1181,7933,California
San Bernardino,2020-12-21,2461,10392,2455,10379,6,13,0,0,2461,10394,0,0,2461,10394,California
San Bernardino,2020-12-22,2282,12674,2153,12532,129,142,0,0,2283,12677,0,0,2283,12677,California
San Bernardino,2020-12-23,2676,15350,1468,14000,1208,1350,0,0,2674,15351,0,0,2674,15351,California
San Bernardino,2020-12-24,1160,16510,582,14582,578,1928,0,0,1161,16511,1,1,1161,16512,California
San Bernardino,2020-12-25,76,16586,15,14597,61,1989,0,0,76,16587,0,1,76,16588,California
San Bernardino,2020-12-26,466,17052,255,14852,211,2200,0,0,466,17053,0,1,466,17054,California
San Bernardino,2020-12-27,351,17403,164,15016,187,2387,0,0,350,17402,1,2,350,17404,California
San Bernardino,2020-12-28,1588,18991,717,15733,871,3258,0,0,1589,18991,0,2,1589,18993,California
San Bernardino,2020-12-29,2230,21221,1048,16781,1182,4440,0,0,2230,21221,0,2,2230,21223,California
San Bernardino,2020-12-30,2914,24135,1461,18242,1453,5893,0,0,2914,24135,0,2,2914,24137,California
San Bernardino,2020-12-31,1379,25514,441,18683,938,6831,0,0,1377,25512,0,2,1377,25514,California
San Bernardino,2021-01-01,288,25802,152,18835,136,6967,0,0,287,25799,0,2,287,25801,California
San Bernardino,2021-01-02,485,26287,345,19180,140,7107,0,0,485,26284,0,2,485,26286,California
San Bernardino,2021-01-03,142,26429,88,19268,54,7161,0,0,142,26426,0,2,142,26428,California
San Bernardino,2021-01-04,2142,28571,1293,20561,849,8010,0,0,2141,28567,0,2,2141,28569,California
San Bernardino,2021-01-05,2344,30915,1462,22023,882,8892,0,0,2232,30689,110,112,2232,30801,California
San Bernardino,2021-01-06,3459,34374,2358,24381,1101,9993,0,0,2960,33157,493,605,2961,33762,California
San Bernardino,2021-01-07,5448,39822,4515,28896,933,10926,0,0,2489,32706,2940,3545,2489,36251,California
San Bernardino,2021-01-08,5383,45205,4456,33352,927,11853,0,0,2291,31910,3088,6633,2292,38543,California
San Bernardino,2021-01-09,1406,46611,1100,34452,306,12159,0,0,906,32316,500,7133,906,39449,California
San Bernardino,2021-01-10,1027,47638,599,35051,428,12587,0,0,577,32443,450,7583,577,40026,California
San Bernardino,2021-01-11,4988,52626,4075,39126,913,13500,0,0,2772,33002,2213,9796,2772,42798,California
San Bernardino,2021-01-12,4247,56873,3225,42351,1022,14522,0,0,2520,33797,1725,11521,2520,45318,California
San Bernardino,2021-01-13,4590,61463,2854,45205,1736,16258,0,0,3363,35946,1215,12736,3364,48682,California
San Bernardino,2021-01-14,4873,66336,2880,48085,1993,18251,0,0,4286,39649,583,13319,4286,52968,California
San Bernardino,2021-01-15,6004,72340,2964,51049,3040,21291,0,0,5603,44864,391,13710,5606,58574,California
San Bernardino,2021-01-16,2276,74616,1294,52343,982,22273,0,0,2132,46852,144,13854,2132,60706,California
San Bernardino,2021-01-17,1192,75808,508,52851,684,22957,0,0,1108,47879,83,13937,1110,61816,California
San Bernardino,2021-01-18,4283,80091,2647,55498,1636,24593,0,0,3654,50908,628,14565,3657,65473,California
San Bernardino,2021-01-19,6352,86443,3716,59214,2636,27229,0,0,5258,55076,1092,15657,5260,70733,California
San Bernardino,2021-01-20,6910,93353,3793,63007,3117,30346,0,0,4938,58054,1962,17619,4940,75673,California
San Bernardino,2021-01-21,6033,99386,3096,66103,2937,33283,0,0,4903,61840,1120,18739,4906,80579,California
San Bernardino,2021-01-22,6584,105970,3071,69174,3513,36796,0,0,5856,66971,726,19465,5857,86436,California
San Bernardino,2021-01-23,3141,109111,1901,71075,1240,38036,0,0,2737,69305,403,19868,2737,89173,California
San Bernardino,2021-01-24,1209,110320,462,71537,747,38783,0,0,1105,70306,104,19972,1105,90278,California
San Bernardino,2021-01-25,6920,117240,3414,74951,3506,42289,0,0,5062,73517,1854,21826,5065,95343,California
San Bernardino,2021-01-26,7110,124350,3543,78494,3567,45856,0,0,5004,76418,2105,23931,5006,100349,California
San Bernardino,2021-01-27,8562,132912,4147,82641,4415,50271,0,0,5733,79331,2820,26751,5733,106082,California
San Bernardino,2021-01-28,8650,141562,4088,86729,4562,54833,0,0,6307,83300,2338,29089,6307,112389,California
San Bernardino,2021-01-29,8235,149797,3761,90490,4474,59307,0,0,6245,87572,1974,31063,6246,118635,California
San Bernardino,2021-01-30,3112,152909,1895,92385,1217,60524,0,0,2819,90100,292,31355,2820,121455,California
San Bernardino,2021-01-31,929,153838,484,92869,445,60969,0,0,871,90914,57,31412,871,122326,California
San Bernardino,2021-02-01,7623,161461,4254,97123,3369,64338,0,0,4964,93224,2655,34067,4965,127291,California
San Bernardino,2021-02-02,10544,172005,3683,100806,6861,71199,0,0,8448,99582,2092,36159,8450,135741,California
San Bernardino,2021-02-03,9086,181091,4165,104971,4921,76120,0,0,6562,103629,2516,38675,6563,142304,California
San Bernardino,2021-02-04,10597,191688,5211,110182,5386,81506,0,0,7471,107986,3115,41790,7472,149776,California
San Bernardino,2021-02-05,11119,202807,5958,116140,5161,86667,0,0,7541,111962,3566,45356,7542,157318,California
San Bernardino,2021-02-06,5294,208101,2225,118365,3069,89736,0,0,3654,114003,1616,46972,3657,160975,California
San Bernardino,2021-02-07,852,208953,493,118858,359,90095,0,0,476,114107,373,47345,477,161452,California
San Bernardino,2021-02-08,7313,216266,3893,122751,3420,93515,0,0,5627,118050,1684,49029,5627,167079,California
San Bernardino,2021-02-09,10164,226430,5909,128660,4255,97770,0,0,6847,121585,3316,52345,6851,173930,California
San Bernardino,2021-02-10,12160,238590,6481,135141,5679,103449,0,0,8002,125441,4147,56492,8003,181933,California
San Bernardino,2021-02-11,12528,251118,7175,142316,5353,108802,0,0,7965,128874,4536,61028,7969,189902,California
San Bernardino,2021-02-12,10572,261690,5989,148305,4583,113385,0,0,5778,129881,4774,65802,5781,195683,California
San Bernardino,2021-02-13,6099,267789,4058,152363,2041,115426,0,0,3821,131445,2262,68064,3826,199509,California
San Bernardino,2021-02-14,1571,269360,663,153026,908,116334,0,0,881,131644,683,68747,882,200391,California
San Bernardino,2021-02-15,5503,274863,3006,156032,2497,118831,0,0,3072,132298,2418,71165,3072,203463,California
San Bernardino,2021-02-16,12689,287552,7419,163451,5270,124101,0,0,7990,135606,4686,75851,7994,211457,California
San Bernardino,2021-02-17,11863,299415,6488,169939,5375,129476,0,0,7163,138094,4680,80531,7168,218625,California
San Bernardino,2021-02-18,12525,311940,7610,177549,4915,134391,0,0,7715,141017,4794,85325,7717,226342,California
San Bernardino,2021-02-19,11648,323588,5972,183521,5676,140067,0,0,6896,143183,4732,90057,6898,233240,California
San Bernardino,2021-02-20,4536,328124,3475,186996,1061,141128,0,0,2049,142753,2482,92539,2052,235292,California
San Bernardino,2021-02-21,1152,329276,689,187685,463,141591,0,0,403,142408,749,93288,404,235696,California
San Bernardino,2021-02-22,8700,337976,5362,193047,3338,144929,0,0,4051,141823,4637,97925,4052,239748,California
San Bernardino,2021-02-23,9515,347491,5778,198825,3737,148666,0,0,4837,142014,4652,102577,4843,244591,California
San Bernardino,2021-02-24,12530,360021,7200,206025,5330,153996,0,0,6192,141894,6318,108895,6198,250789,California
San Bernardino,2021-02-25,13158,373179,6300,212325,6858,160854,0,0,7660,144077,5481,114376,7664,258453,California
San Bernardino,2021-02-26,13725,386904,6391,218716,7334,168188,0,0,7647,145718,6014,120390,7655,266108,California
San Bernardino,2021-02-27,6704,393608,3749,222465,2954,171142,1,1,4822,148675,1870,122260,4827,270935,California
San Bernardino,2021-02-28,1785,395393,747,223212,1038,172180,0,1,1144,149189,632,122892,1146,272081,California
San Bernardino,2021-03-01,8505,403898,4385,227597,4116,176296,4,5,3867,148459,4612,127504,3882,275963,California
San Bernardino,2021-03-02,13924,417822,5574,233171,8350,184646,0,5,6551,147680,7340,134844,6561,282524,California
San Bernardino,2021-03-03,13146,430968,6692,239863,6450,191096,4,9,6205,146980,6917,141761,6217,288741,California
San Bernardino,2021-03-04,13995,444963,6941,246804,7053,198149,1,10,6069,145154,7904,149665,6078,294819,California
San Bernardino,2021-03-05,14490,459453,7573,254377,6915,205064,2,12,7064,144848,7393,157058,7087,301906,California
San Bernardino,2021-03-06,9751,469204,5472,259849,4055,209119,224,236,4558,144453,5175,162233,4780,306686,California
San Bernardino,2021-03-07,1687,470891,1020,260869,595,209714,72,308,1061,144965,624,162857,1136,307822,California
San Bernardino,2021-03-08,8136,479027,3600,264469,4366,214080,170,478,3617,144248,4509,167366,3792,311614,California
San Bernardino,2021-03-09,13124,492151,7498,271967,5376,219456,250,728,5294,141979,7816,175182,5547,317161,California
San Bernardino,2021-03-10,14239,506390,7869,279836,5814,225270,556,1284,6371,141067,7841,183023,6929,324090,California
San Bernardino,2021-03-11,15677,522067,7258,287094,6813,232083,1606,2890,7388,141796,8266,191289,8995,333085,California
San Bernardino,2021-03-12,15621,537688,6960,294054,6611,238694,2050,4940,7365,143032,8224,199513,9460,342545,California
San Bernardino,2021-03-13,8412,546100,4584,298638,3312,242006,516,5456,4981,145112,3420,202933,5500,348045,California
San Bernardino,2021-03-14,3302,549402,1672,300310,1047,243053,583,6039,1843,146082,1452,204385,2422,350467,California
San Bernardino,2021-03-15,11438,560840,5401,305711,4003,247056,2034,8073,5463,147614,5960,210345,7492,357959,California
San Bernardino,2021-03-16,16272,577112,8055,313766,7274,254330,943,9016,9899,152118,6345,216690,10849,368808,California
San Bernardino,2021-03-17,17487,594599,8693,322459,8045,262375,749,9765,10579,156559,6889,223579,11330,380138,California
San Bernardino,2021-03-18,16745,611344,8282,330741,8076,270451,387,10152,9893,160014,6825,230404,10280,390418,California
San Bernardino,2021-03-19,17073,628417,8474,339215,8002,278453,597,10749,9791,163199,7254,237658,10439,400857,California
San Bernardino,2021-03-20,9499,637916,5975,345190,2928,281381,596,11345,5620,165557,3852,241510,6210,407067,California
San Bernardino,2021-03-21,2821,640737,2299,347489,471,281852,51,11396,2263,167326,545,242055,2314,409381,California
San Bernardino,2021-03-22,9657,650394,4543,352032,4677,286529,437,11833,6999,172125,2637,244692,7436,416817,California
San Bernardino,2021-03-23,15648,666042,8879,360911,6149,292678,620,12453,9658,176434,5967,250659,10276,427093,California
San Bernardino,2021-03-24,15222,681264,7833,368744,7083,299761,306,12759,10044,181646,5139,255798,10351,437444,California
San Bernardino,2021-03-25,17111,698375,8377,377121,8429,308190,305,13064,10793,186473,6266,262064,11093,448537,California
San Bernardino,2021-03-26,18242,716617,8676,385797,8796,316986,770,13834,10890,190814,7321,269385,11662,460199,California
San Bernardino,2021-03-27,10882,727499,7021,392818,3106,320092,755,14589,6188,193083,4672,274057,6941,467140,California
San Bernardino,2021-03-28,3644,731143,2558,395376,972,321064,114,14703,2523,194609,1111,275168,2637,469777,California
San Bernardino,2021-03-29,11819,742962,6140,401516,5277,326341,402,15105,7968,199147,3831,278999,8369,478146,California
San Bernardino,2021-03-30,17025,759987,9502,411018,6804,333145,719,15824,10530,203930,6456,285455,11239,489385,California
San Bernardino,2021-03-31,16641,776628,9370,420388,6629,339774,642,16466,10876,209712,5733,291188,11515,500900,California
San Bernardino,2021-04-01,19873,796501,10490,430878,7957,347731,1426,17892,12732,216770,7092,298280,14150,515050,California
San Bernardino,2021-04-02,18936,815437,9549,440427,8092,355823,1295,19187,11423,222045,7484,305764,12759,527809,California
San Bernardino,2021-04-03,11177,826614,6990,447417,3042,358865,1145,20332,6074,224171,5084,310848,7210,535019,California
San Bernardino,2021-04-04,2510,829124,1514,448931,746,359611,250,20582,1260,224439,1242,312090,1510,536529,California
San Bernardino,2021-04-05,11858,840982,5311,454242,4772,364383,1775,22357,6035,226442,5800,317890,7803,544332,California
San Bernardino,2021-04-06,19869,860851,11179,465421,6563,370946,2127,24484,10480,229696,9342,327232,12596,556928,California
San Bernardino,2021-04-07,21187,882038,11376,476797,7309,378255,2502,26986,11515,234059,9639,336871,14002,570930,California
San Bernardino,2021-04-08,22106,904144,11337,488134,8133,386388,2636,29622,12108,238824,9968,346839,14733,585663,California
San Bernardino,2021-04-09,21983,926127,11178,499312,8178,394566,2627,32249,11928,243347,10016,356855,14539,600202,California
San Bernardino,2021-04-10,15736,941863,8144,507456,3868,398434,3724,35973,7811,246965,7901,364756,11519,611721,California
San Bernardino,2021-04-11,4450,946313,2590,510046,893,399327,967,36940,2044,247569,2400,367156,3004,614725,California
San Bernardino,2021-04-12,13526,959839,6243,516289,5611,404938,1672,38612,6402,248539,7099,374255,8069,622794,California
San Bernardino,2021-04-13,19477,979316,11103,527392,8355,413293,19,38631,11186,251487,8260,382515,11208,634002,California
San Bernardino,2021-04-14,19541,998857,10444,537836,9094,422387,3,38634,11016,254022,8487,391002,11022,645024,California
San Bernardino,2021-04-15,20629,1019486,11531,549367,9092,431479,6,38640,10943,255327,9646,400648,10951,655975,California
San Bernardino,2021-04-16,18896,1038382,10702,560069,8193,439672,1,38641,9275,255029,9574,410222,9276,665251,California
San Bernardino,2021-04-17,12076,1050458,7963,568032,4113,443785,0,38641,6318,255634,5713,415935,6318,671569,California
San Bernardino,2021-04-18,2945,1053403,2019,570051,926,444711,0,38641,1304,255310,1628,417563,1304,672873,California
San Bernardino,2021-04-19,12681,1066084,6774,576825,5907,450618,0,38641,4942,252543,7714,425277,4947,677820,California
San Bernardino,2021-04-20,17894,1083978,9988,586813,7903,458521,3,38644,8145,250976,9717,434994,8150,685970,California
San Bernardino,2021-04-21,18291,1102269,10436,597249,7853,466374,2,38646,8010,248775,10216,445210,8015,693985,California
San Bernardino,2021-04-22,19256,1121525,10992,608241,8260,474634,4,38650,7831,245243,11370,456580,7838,701823,California
San Bernardino,2021-04-23,18535,1140060,10600,618841,7934,482568,1,38651,8051,242868,10429,467009,8054,709877,California
San Bernardino,2021-04-24,12859,1152919,9483,628324,3374,485942,2,38653,6909,243844,5935,472944,6911,716788,California
San Bernardino,2021-04-25,3421,1156340,2237,630561,1184,487126,0,38653,1681,243803,1724,474668,1683,718471,California
San Bernardino,2021-04-26,11150,1167490,6005,636566,5055,492181,90,38743,4758,242300,6352,481020,4849,723320,California
San Bernardino,2021-04-27,16535,1184025,9954,646520,6370,498551,211,38954,6782,239584,9709,490729,6993,730313,California
San Bernardino,2021-04-28,14747,1198772,8744,655264,5726,504277,277,39231,5276,235684,9445,500174,5545,735858,California
San Bernardino,2021-04-29,16239,1215011,9329,664593,6642,510919,268,39499,5378,230503,10824,510998,5643,741501,California
San Bernardino,2021-04-30,16567,1231578,10452,675045,5835,516754,280,39779,6096,226445,10432,521430,6374,747875,California
San Bernardino,2021-05-01,10763,1242341,8420,683465,2029,518783,314,40093,3721,223439,7037,528467,4031,751906,California
San Bernardino,2021-05-02,2945,1245286,2129,685594,685,519468,131,40224,1050,222734,1885,530352,1180,753086,California
San Bernardino,2021-05-03,10056,1255342,5784,691378,3868,523336,404,40628,2904,218901,7141,537493,3308,756394,California
San Bernardino,2021-05-04,15794,1271136,9609,700987,5729,529065,456,41084,4616,212836,11134,548627,5069,761463,California
San Bernardino,2021-05-05,15583,1286719,9061,710048,6110,535175,412,41496,4398,206503,11138,559765,4805,766268,California
San Bernardino,2021-05-06,15816,1302535,9005,719053,6397,541572,414,41910,4289,199718,11487,571252,4702,770970,California
San Bernardino,2021-05-07,15518,1318053,8694,727747,6448,548020,376,42286,4634,193896,10828,582080,5006,775976,California
San Bernardino,2021-05-08,9274,1327327,6136,733883,2871,550891,267,42553,3156,191234,6085,588165,3423,779399,California
San Bernardino,2021-05-09,1821,1329148,1119,735002,612,551503,90,42643,730,190972,1084,589249,822,780221,California
San Bernardino,2021-05-10,7540,1336688,3448,738450,3776,555279,316,42959,2317,188425,5178,594427,2631,782852,California
San Bernardino,2021-05-11,12196,1348884,6716,745166,5129,560408,351,43310,3847,184315,8309,602736,4199,787051,California
San Bernardino,2021-05-12,12721,1361605,6917,752083,5489,565897,315,43625,3763,179480,8911,611647,4076,791127,California
San Bernardino,2021-05-13,13485,1375090,8188,760271,4946,570843,351,43976,5377,177141,8062,619709,5723,796850,California
San Bernardino,2021-05-14,13973,1389063,9343,769614,4292,575135,338,44314,5937,175434,7982,627691,6275,803125,California
San Bernardino,2021-05-15,11416,1400479,8502,778116,2726,577861,188,44502,4661,173555,6722,634413,4843,807968,California
San Bernardino,2021-05-16,2789,1403268,2057,780173,670,578531,62,44564,1308,173464,1462,635875,1371,809339,California
San Bernardino,2021-05-17,10081,1413349,6800,786973,2988,581519,293,44857,4547,172802,5499,641374,4837,814176,California
San Bernardino,2021-05-18,13441,1426790,8830,795803,4362,585881,249,45106,6059,171752,7355,648729,6305,820481,California
San Bernardino,2021-05-19,11542,1438332,7219,803022,3943,589824,380,45486,5354,171330,6153,654882,5731,826212,California
San Bernardino,2021-05-20,11545,1449877,6890,809912,4338,594162,317,45803,5171,170484,6333,661215,5487,831699,California
San Bernardino,2021-05-21,12603,1462480,8344,818256,3877,598039,382,46185,5476,169265,7073,668288,5854,837553,California
San Bernardino,2021-05-22,8912,1471392,6679,824935,2025,600064,208,46393,4274,169154,4589,672877,4478,842031,California
San Bernardino,2021-05-23,2315,1473707,1430,826365,793,600857,92,46485,1103,169145,1203,674080,1194,843225,California
San Bernardino,2021-05-24,6678,1480385,4181,830546,2194,603051,303,46788,2934,168693,3689,677769,3237,846462,California
San Bernardino,2021-05-25,9322,1489707,5720,836266,3347,606398,255,47043,4114,167922,5173,682942,4402,850864,California
San Bernardino,2021-05-26,8229,1497936,5226,841492,2755,609153,248,47291,3740,167489,4446,687388,4013,854877,California
San Bernardino,2021-05-27,7650,1505586,4657,846149,2756,611909,237,47528,3511,167142,4100,691488,3753,858630,California
San Bernardino,2021-05-28,8794,1514380,5464,851613,3050,614959,280,47808,4402,167477,4347,695835,4682,863312,California
San Bernardino,2021-05-29,5044,1519424,3362,854975,1563,616522,119,47927,2653,167877,2372,698207,2772,866084,California
San Bernardino,2021-05-30,1745,1521169,1235,856210,431,616953,79,48006,899,168018,840,699047,981,867065,California
San Bernardino,2021-05-31,891,1522060,566,856776,309,617262,16,48022,318,167785,569,699616,336,867401,California
San Bernardino,2021-06-01,8642,1530702,5553,862329,2843,620105,246,48268,3526,166504,5059,704675,3778,871179,California
San Bernardino,2021-06-02,6834,1537536,4297,866626,2296,622401,241,48509,2948,165850,3853,708528,3199,874378,California
San Bernardino,2021-06-03,7949,1545485,5358,871984,2392,624793,199,48708,2715,163556,5210,713738,2916,877294,California
San Bernardino,2021-06-04,9105,1554590,6148,878132,2666,627459,291,48999,3140,161069,5917,719655,3430,880724,California
San Bernardino,2021-06-05,6537,1561127,4990,883122,1421,628880,126,49125,2262,159201,4253,723908,2385,883109,California
San Bernardino,2021-06-06,2023,1563150,1684,884806,275,629155,64,49189,841,158933,1173,725081,905,884014,California
San Bernardino,2021-06-07,6279,1569429,4883,889689,1182,630337,214,49403,2008,156905,4248,729329,2220,886234,California
San Bernardino,2021-06-08,8403,1577832,6104,895793,2084,632421,215,49618,2732,154241,5607,734936,2943,889177,California
San Bernardino,2021-06-09,6967,1584799,4958,900751,1827,634248,182,49800,2263,152031,4656,739592,2446,891623,California
San Bernardino,2021-06-10,7059,1591858,4991,905742,1868,636116,200,50000,2231,149680,4781,744373,2430,894053,California
San Bernardino,2021-06-11,8034,1599892,5629,911371,2178,638294,227,50227,2923,147763,5065,749438,3148,897201,California
San Bernardino,2021-06-12,5876,1605768,4631,916002,1124,639418,121,50348,1726,145483,4129,753567,1849,899050,California
San Bernardino,2021-06-13,1483,1607251,1053,917055,359,639777,71,50419,425,144924,1054,754621,495,899545,California
San Bernardino,2021-06-14,4900,1612151,3537,920592,1144,640921,219,50638,1900,144068,2973,757594,2117,901662,California
San Bernardino,2021-06-15,7137,1619288,5054,925646,1839,642760,244,50882,2569,142358,4518,762112,2808,904470,California
San Bernardino,2021-06-16,6336,1625624,4516,930162,1609,644369,211,51093,2340,140961,3949,766061,2552,907022,California
San Bernardino,2021-06-17,5624,1631248,3955,934117,1509,645878,160,51253,2199,139932,3388,769449,2359,909381,California
San Bernardino,2021-06-18,6865,1638113,4609,938726,2015,647893,241,51494,2588,138518,4241,773690,2827,912208,California
San Bernardino,2021-06-19,4056,1642169,3031,941757,895,648788,130,51624,1753,138120,2279,775969,1881,914089,California
San Bernardino,2021-06-20,1463,1643632,1124,942881,279,649067,60,51684,589,137902,867,776836,649,914738,California
San Bernardino,2021-06-21,3523,1647155,2280,945161,1025,650092,218,51902,1978,138569,1527,778363,2194,916932,California
San Bernardino,2021-06-22,5584,1652739,3822,948983,1562,651654,200,52102,2238,137691,3318,781681,2440,919372,California
San Bernardino,2021-06-23,4881,1657620,3485,952468,1216,652870,180,52282,2053,137119,2803,784484,2231,921603,California
San Bernardino,2021-06-24,2423,1660043,1730,954198,546,653416,147,52429,966,136790,1437,785921,1108,922711,California
San Diego,2020-12-15,119,119,119,119,0,0,0,0,119,119,0,0,119,119,California
San Diego,2020-12-16,1074,1193,1074,1193,0,0,0,0,1074,1193,0,0,1074,1193,California
San Diego,2020-12-17,2323,3516,2323,3516,0,0,0,0,2323,3516,0,0,2323,3516,California
San Diego,2020-12-18,3606,7122,3605,7121,1,1,0,0,3606,7122,0,0,3606,7122,California
San Diego,2020-12-19,2268,9390,2268,9389,0,1,0,0,2268,9390,0,0,2268,9390,California
San Diego,2020-12-20,1148,10538,1147,10536,1,2,0,0,1148,10538,0,0,1148,10538,California
San Diego,2020-12-21,3457,13995,3455,13991,2,4,0,0,3457,13995,0,0,3457,13995,California
San Diego,2020-12-22,4016,18011,3381,17372,635,639,0,0,4016,18011,0,0,4016,18011,California
San Diego,2020-12-23,3156,21167,1957,19329,1199,1838,0,0,3156,21167,0,0,3156,21167,California
San Diego,2020-12-24,2701,23868,2187,21516,514,2352,0,0,2701,23868,0,0,2701,23868,California
San Diego,2020-12-25,856,24724,855,22371,1,2353,0,0,856,24724,0,0,856,24724,California
San Diego,2020-12-26,3196,27920,2127,24498,1069,3422,0,0,3196,27920,0,0,3196,27920,California
San Diego,2020-12-27,2478,30398,1593,26091,885,4307,0,0,2477,30396,1,1,2477,30397,California
San Diego,2020-12-28,5828,36226,4155,30246,1673,5980,0,0,5828,36224,0,1,5828,36225,California
San Diego,2020-12-29,5494,41720,2941,33187,2553,8533,0,0,5494,41718,0,1,5494,41719,California
San Diego,2020-12-30,5844,47564,3045,36232,2799,11332,0,0,5844,47562,0,1,5844,47563,California
San Diego,2020-12-31,2962,50526,1023,37255,1939,13271,0,0,2962,50524,0,1,2962,50525,California
San Diego,2021-01-01,992,51518,442,37697,550,13821,0,0,992,51516,0,1,992,51517,California
San Diego,2021-01-02,3666,55184,1287,38984,2379,16200,0,0,3666,55182,0,1,3666,55183,California
San Diego,2021-01-03,832,56016,621,39605,211,16411,0,0,831,56013,0,1,831,56014,California
San Diego,2021-01-04,3639,59655,2018,41623,1621,18032,0,0,3633,59646,0,1,3633,59647,California
San Diego,2021-01-05,4293,63948,2141,43764,2152,20184,0,0,3710,62788,580,581,3722,63369,California
San Diego,2021-01-06,4830,68778,2246,46010,2584,22768,0,0,3635,65253,1174,1755,3639,67008,California
San Diego,2021-01-07,5542,74320,2926,48936,2616,25384,0,0,3429,66582,2108,3863,3437,70445,California
San Diego,2021-01-08,7789,82109,4885,53821,2904,28288,0,0,4057,66940,3716,7579,4074,74519,California
San Diego,2021-01-09,3416,85525,1906,55727,1510,29798,0,0,1892,67329,1514,9093,1903,76422,California
San Diego,2021-01-10,1845,87370,1276,57003,569,30367,0,0,756,67018,1077,10170,766,77188,California
San Diego,2021-01-11,10189,97559,5792,62795,4397,34764,0,0,6704,70262,3478,13648,6722,83910,California
San Diego,2021-01-12,10995,108554,5254,68049,5741,40505,0,0,7655,74696,3331,16979,7765,91675,California
San Diego,2021-01-13,11286,119840,4985,73034,6301,46806,0,0,8770,80987,2505,19484,8796,100471,California
San Diego,2021-01-14,11953,131793,4512,77546,7441,54247,0,0,9832,88739,2114,21598,9866,110337,California
San Diego,2021-01-15,14784,146577,5231,82777,9553,63800,0,0,12186,98401,2580,24178,12242,122579,California
San Diego,2021-01-16,10530,157107,3549,86326,6981,70781,0,0,9100,106107,1426,25604,9132,131711,California
San Diego,2021-01-17,8471,165578,2431,88757,6040,76821,0,0,7645,112945,826,26430,7664,139375,California
San Diego,2021-01-18,12655,178233,6215,94972,6440,83261,0,0,9848,120080,2776,29206,9911,149286,California
San Diego,2021-01-19,14405,192638,5626,100598,8779,92040,0,0,11313,128573,3083,32289,11576,160862,California
San Diego,2021-01-20,18064,210702,6327,106925,11737,103777,0,0,14767,140246,3277,35566,14950,175812,California
San Diego,2021-01-21,17025,227727,5740,112665,11285,115062,0,0,15659,154693,1357,36923,15804,191616,California
San Diego,2021-01-22,17194,244921,4576,117241,12618,127680,0,0,15198,167994,1983,38906,15284,206900,California
San Diego,2021-01-23,14057,258978,5200,122441,8857,136537,0,0,11795,177600,2251,41157,11857,218757,California
San Diego,2021-01-24,11567,270545,3248,125689,8319,144856,0,0,10605,187288,960,42117,10648,229405,California
San Diego,2021-01-25,11974,282519,5664,131353,6310,151166,0,0,9002,193483,2964,45081,9159,238564,California
San Diego,2021-01-26,14954,297473,7814,139167,7140,158306,0,0,11571,201864,3381,48462,11762,250326,California
San Diego,2021-01-27,20155,317628,7828,146995,12327,170633,0,0,17168,216200,2978,51440,17314,267640,California
San Diego,2021-01-28,20897,338525,7594,154589,13303,183936,0,0,18654,232710,2232,53672,18742,286382,California
San Diego,2021-01-29,19279,357804,6371,160960,12908,196844,0,0,16848,247189,2421,56093,16900,303282,California
San Diego,2021-01-30,15477,373281,3557,164517,11920,208764,0,0,12840,257502,2628,58721,12941,316223,California
San Diego,2021-01-31,14504,387785,5714,170231,8790,217554,0,0,14157,271348,343,59064,14189,330412,California
San Diego,2021-02-01,20481,408266,7497,177728,12984,230538,0,0,16994,284944,3474,62538,17070,347482,California
San Diego,2021-02-02,22483,430749,8280,186008,14203,244741,0,0,19252,301135,3223,65761,19414,366896,California
San Diego,2021-02-03,27211,457960,11703,197711,15508,260249,0,0,22989,320105,4203,69964,23173,390069,California
San Diego,2021-02-04,23805,481765,9805,207516,14000,274249,0,0,19256,335106,4534,74498,19535,409604,California
San Diego,2021-02-05,24229,505994,8593,216109,15636,289885,0,0,17819,346993,6385,80883,18272,427876,California
San Diego,2021-02-06,20392,526386,8445,224554,11947,301832,0,0,17182,361189,3207,84090,17403,445279,California
San Diego,2021-02-07,11902,538288,5313,229867,6589,308421,0,0,10053,369656,1838,85928,10305,455584,California
San Diego,2021-02-08,19792,558080,8423,238290,11369,319790,0,0,12432,375414,7349,93277,13107,468691,California
San Diego,2021-02-09,20140,578220,8237,246527,11903,331693,0,0,12969,382286,7150,100427,14022,482713,California
San Diego,2021-02-10,22608,600828,9266,255793,13342,345035,0,0,13632,388343,8925,109352,14982,497695,California
San Diego,2021-02-11,23460,624288,10078,265871,13382,358417,0,0,12552,391673,10882,120234,14212,511907,California
San Diego,2021-02-12,23255,647543,7275,273146,15980,374397,0,0,11537,393754,11700,131934,13781,525688,California
San Diego,2021-02-13,19724,667267,8947,282093,10777,385174,0,0,10733,396667,8985,140919,11898,537586,California
San Diego,2021-02-14,11014,678281,7324,289417,3690,388864,0,0,6127,399402,4883,145802,7618,545204,California
San Diego,2021-02-15,14966,693247,7560,296977,7406,396270,0,0,7583,402662,7361,153163,10621,555825,California
San Diego,2021-02-16,18978,712225,11074,308051,7904,404174,0,0,9031,404693,9936,163099,11967,567792,California
San Diego,2021-02-17,22946,735171,10721,318772,12225,416399,0,0,7850,400450,15083,178182,10840,578632,California
San Diego,2021-02-18,23250,758421,11884,330656,11366,427765,0,0,7625,396481,15614,193796,11645,590277,California
San Diego,2021-02-19,15574,773995,10808,341464,4766,432531,0,0,6361,395578,9194,202990,8291,598568,California
San Diego,2021-02-20,9986,783981,6226,347690,3760,436291,0,0,5619,398696,4365,207355,7483,606051,California
San Diego,2021-02-21,11416,795397,10012,357702,1404,437695,0,0,5027,398828,6384,213739,6516,612567,California
San Diego,2021-02-22,12199,807596,10400,368102,1799,439494,0,0,5582,399413,6612,220351,7197,619764,California
San Diego,2021-02-23,25203,832799,14094,382196,11109,450603,0,0,9224,398483,15969,236320,15039,634803,California
San Diego,2021-02-24,28450,861249,12581,394777,15869,466472,0,0,6623,390620,21807,258127,13944,648747,California
San Diego,2021-02-25,32493,893742,14405,409182,18088,484560,0,0,9784,386006,22687,280814,18073,666820,California
San Diego,2021-02-26,32676,926418,12128,421310,20548,505108,0,0,11673,383707,20972,301786,18673,685493,California
San Diego,2021-02-27,20702,947120,9357,430667,11345,516453,0,0,11095,389366,9601,311387,15260,700753,California
San Diego,2021-02-28,14914,962034,9748,440415,5166,521619,0,0,9253,395680,5660,317047,11974,712727,California
San Diego,2021-03-01,23892,985926,14076,454491,9815,531434,1,1,14495,404655,9317,326364,18292,731019,California
San Diego,2021-03-02,25792,1011718,13888,468379,11904,543338,0,1,12550,410578,13230,339594,19153,750172,California
San Diego,2021-03-03,33512,1045230,15770,484149,17739,561077,3,4,13823,411571,19664,359258,20657,770829,California
San Diego,2021-03-04,27838,1073068,13880,498029,13958,575035,0,4,12389,415170,15428,374686,19027,789856,California
San Diego,2021-03-05,28464,1101532,14660,512689,13724,588759,80,84,13292,419974,15144,389830,19948,809804,California
San Diego,2021-03-06,23030,1124562,9402,522091,12931,601690,697,781,10163,422572,12854,402684,15452,825256,California
San Diego,2021-03-07,17925,1142487,9126,531217,8231,609921,568,1349,6810,422411,11103,413787,10942,836198,California
San Diego,2021-03-08,22702,1165189,11040,542257,10756,620677,906,2255,11264,427924,11417,425204,16930,853128,California
San Diego,2021-03-09,25417,1190606,11701,553958,11965,632642,1751,4006,9949,428032,15452,440656,15560,868688,California
San Diego,2021-03-10,25073,1215679,10505,564463,12184,644826,2384,6390,9916,429173,15141,455797,16282,884970,California
San Diego,2021-03-11,28065,1243744,10778,575241,13768,658594,3519,9909,9781,428104,18259,474056,17190,902160,California
San Diego,2021-03-12,26860,1270604,9404,584645,14362,672956,3094,13003,9826,427609,17021,491077,16526,918686,California
San Diego,2021-03-13,25873,1296477,7192,591837,16923,689879,1758,14761,10008,427604,15860,506937,15855,934541,California
San Diego,2021-03-14,13679,1310156,5406,597243,7539,697418,734,15495,4761,426455,8909,515846,7760,942301,California
San Diego,2021-03-15,21756,1331912,10026,607269,10948,708366,782,16277,8959,426452,12780,528626,12777,955078,California
San Diego,2021-03-16,29531,1361443,15473,622742,13646,722012,412,16689,15595,431508,13912,542538,18968,974046,California
San Diego,2021-03-17,26085,1387528,12134,634876,13234,735246,717,17406,16668,441517,9400,551938,19409,993455,California
San Diego,2021-03-18,31092,1418620,17486,652362,12687,747933,919,18325,16929,446726,14128,566066,19337,1012792,California
San Diego,2021-03-19,30075,1448695,14252,666614,14772,762705,1051,19376,19273,457451,10782,576848,21507,1034299,California
San Diego,2021-03-20,27569,1476264,8389,675003,17406,780111,1774,21150,21272,475290,6286,583134,24125,1058424,California
San Diego,2021-03-21,16253,1492517,11854,686857,3704,783815,695,21845,7635,476326,8604,591738,9640,1068064,California
San Diego,2021-03-22,22370,1514887,13038,699895,9047,792862,285,22130,14250,485500,8106,599844,17280,1085344,California
San Diego,2021-03-23,25692,1540579,13463,713358,11943,804805,286,22416,17012,496152,8666,608510,19318,1104662,California
San Diego,2021-03-24,29268,1569847,19559,732917,9320,814125,389,22805,16973,503251,12282,620792,19381,1124043,California
San Diego,2021-03-25,30106,1599953,18124,751041,11300,825425,682,23487,17877,511695,12208,633000,20652,1144695,California
San Diego,2021-03-26,31814,1631767,17788,768829,13511,838936,515,24002,17367,517951,14422,647422,20678,1165373,California
San Diego,2021-03-27,25351,1657118,11038,779867,13933,852869,380,24382,15605,526452,9728,657150,18229,1183602,California
San Diego,2021-03-28,14979,1672097,9173,789040,5748,858617,58,24440,9227,531455,5745,662895,10748,1194350,California
San Diego,2021-03-29,26553,1698650,12820,801860,13103,871720,630,25070,16348,540667,10194,673089,19406,1213756,California
San Diego,2021-03-30,33042,1731692,17790,819650,14462,886182,790,25860,21884,554009,11145,684234,24487,1238243,California
San Diego,2021-03-31,30265,1761957,18668,838318,10889,897071,708,26568,20526,566623,9721,693955,22335,1260578,California
San Diego,2021-04-01,34098,1796055,19903,858221,12719,909790,1476,28044,23111,581556,10965,704920,25898,1286476,California
San Diego,2021-04-02,35580,1831635,20584,878805,12220,922010,2776,30820,23985,598168,11575,716495,28187,1314663,California
San Diego,2021-04-03,30718,1862353,14401,893206,11703,933713,4614,35434,19581,612433,11122,727617,25387,1340050,California
San Diego,2021-04-04,8984,1871337,5158,898364,2908,936621,918,36352,4775,614099,4203,731820,5869,1345919,California
San Diego,2021-04-05,29600,1900937,15321,913685,11594,948215,2685,39037,19211,628088,10372,742192,24361,1370280,California
San Diego,2021-04-06,38516,1939453,20269,933954,12350,960565,5897,44934,22145,641882,16351,758543,30145,1400425,California
San Diego,2021-04-07,35585,1975038,21831,955785,9208,969773,4546,49480,20134,652337,15426,773969,25881,1426306,California
San Diego,2021-04-08,34963,2010001,21222,977007,9613,979386,4128,53608,21114,666306,13828,787797,27797,1454103,California
San Diego,2021-04-09,38099,2048100,22726,999733,10217,989603,5156,58764,20567,677851,17469,805266,29014,1483117,California
San Diego,2021-04-10,28936,2077036,11697,1011430,13250,1002853,3989,62753,14919,685763,14006,819272,21918,1505035,California
San Diego,2021-04-11,16133,2093169,9981,1021411,3857,1006710,2295,65048,7135,689198,8993,828265,12428,1517463,California
San Diego,2021-04-12,30606,2123775,12836,1034247,13496,1020206,4274,69322,16981,700501,13609,841874,24912,1542375,California
San Diego,2021-04-13,36888,2160663,17682,1051929,19171,1039377,35,69357,24462,715418,12405,854279,27322,1569697,California
San Diego,2021-04-14,32826,2193489,18805,1070734,14008,1053385,13,69370,17665,722270,15147,869426,21999,1591696,California
San Diego,2021-04-15,39248,2232737,20332,1091066,18911,1072296,5,69375,23752,733409,15471,884897,26610,1618306,California
San Diego,2021-04-16,33533,2266270,18454,1109520,15076,1087372,3,69378,19354,741021,14120,899017,21732,1640038,California
San Diego,2021-04-17,27824,2294094,13525,1123045,14299,1101671,0,69378,12277,740901,15452,914469,15332,1655370,California
San Diego,2021-04-18,14355,2308449,8811,1131856,5541,1107212,3,69381,6649,742808,7693,922162,9600,1664970,California
San Diego,2021-04-19,26501,2334950,13547,1145403,12953,1120165,1,69382,12418,742878,14064,936226,14134,1679104,California
San Diego,2021-04-20,38963,2373913,17756,1163159,21205,1141370,2,69384,19841,746571,19101,955327,22794,1701898,California
San Diego,2021-04-21,35188,2409101,20811,1183970,14377,1155747,0,69384,17124,748695,18028,973355,20152,1722050,California
San Diego,2021-04-22,44390,2453491,22789,1206759,21597,1177344,4,69388,22213,751802,22137,995492,25244,1747294,California
San Diego,2021-04-23,42047,2495538,25894,1232653,16151,1193495,2,69390,15672,744283,26342,1021834,18823,1766117,California
San Diego,2021-04-24,34867,2530405,18884,1251537,15968,1209463,15,69405,15544,743725,19285,1041119,18727,1784844,California
San Diego,2021-04-25,12630,2543035,7668,1259205,4962,1214425,0,69405,5886,744239,6732,1047851,7246,1792090,California
San Diego,2021-04-26,33140,2576175,16553,1275758,16448,1230873,139,69544,11592,738826,21528,1069379,16115,1808205,California
San Diego,2021-04-27,44542,2620717,24416,1300174,19572,1250445,554,70098,19598,737127,24902,1094281,23203,1831408,California
San Diego,2021-04-28,38087,2658804,22442,1322616,14970,1265415,675,70773,17192,736366,20858,1115139,20097,1851505,California
San Diego,2021-04-29,37955,2696759,24119,1346735,13179,1278594,657,71430,15347,731491,22572,1137711,17697,1869202,California
San Diego,2021-04-30,37928,2734687,22925,1369660,13922,1292516,1081,72511,14826,726157,23064,1160775,17730,1886932,California
San Diego,2021-05-01,24186,2758873,10657,1380317,12891,1305407,638,73149,9498,723762,14679,1175454,12284,1899216,California
San Diego,2021-05-02,10603,2769476,7427,1387744,2594,1308001,582,73731,3226,720528,7373,1182827,4139,1903355,California
San Diego,2021-05-03,25165,2794641,12376,1400120,11639,1319640,1150,74881,9243,715829,15900,1198727,11201,1914556,California
San Diego,2021-05-04,31686,2826327,17474,1417594,12933,1332573,1279,76160,11429,709392,20230,1218957,13793,1928349,California
San Diego,2021-05-05,27630,2853957,16881,1434475,9471,1342044,1278,77438,10593,705194,17015,1235972,12817,1941166,California
San Diego,2021-05-06,28232,2882189,18685,1453160,8635,1350679,912,78350,10719,701778,17485,1253457,14069,1955235,California
San Diego,2021-05-07,29567,2911756,19324,1472484,9203,1359882,1040,79390,10965,696425,18567,1272024,13214,1968449,California
San Diego,2021-05-08,22702,2934458,10719,1483203,11240,1371122,743,80133,7197,690313,15479,1287503,9367,1977816,California
San Diego,2021-05-09,7447,2941905,5589,1488792,1452,1372574,406,80539,2622,688940,4819,1292322,3446,1981262,California
San Diego,2021-05-10,21485,2963390,8395,1497187,12272,1384846,818,81357,5859,681292,15597,1307919,7949,1989211,California
San Diego,2021-05-11,28031,2991421,11490,1508677,15725,1400571,816,82173,9823,675396,18183,1326102,12287,2001498,California
San Diego,2021-05-12,22937,3014358,12478,1521155,9587,1410158,872,83045,8553,671589,14358,1340460,10551,2012049,California
San Diego,2021-05-13,31404,3045762,19052,1540207,11713,1421871,639,83684,13208,669877,18140,1358600,16428,2028477,California
San Diego,2021-05-14,30832,3076594,19782,1559989,10213,1432084,837,84521,14139,670272,16653,1375253,17048,2045525,California
San Diego,2021-05-15,26095,3102689,16417,1576406,8856,1440940,822,85343,10816,667642,15227,1390480,12597,2058122,California
San Diego,2021-05-16,13256,3115945,9967,1586373,2727,1443667,562,85905,6613,668567,6631,1397111,7556,2065678,California
San Diego,2021-05-17,21310,3137255,12923,1599296,7643,1451310,744,86649,8877,666657,12395,1409506,10485,2076163,California
San Diego,2021-05-18,34063,3171318,19237,1618533,13964,1465274,862,87511,13254,661430,20776,1430282,15549,2091712,California
San Diego,2021-05-19,28358,3199676,17783,1636316,9795,1475069,780,88291,12083,659167,16244,1446526,13981,2105693,California
San Diego,2021-05-20,34615,3234291,19107,1655423,14690,1489759,818,89109,11716,650368,22867,1469393,14068,2119761,California
San Diego,2021-05-21,26964,3261255,17135,1672558,8842,1498601,987,90096,10963,647579,15969,1485362,13180,2132941,California
San Diego,2021-05-22,21430,3282685,12342,1684900,7842,1506443,1246,91342,8943,646420,12464,1497826,11305,2144246,California
San Diego,2021-05-23,7192,3289877,5089,1689989,1795,1508238,308,91650,3433,646805,3735,1501561,4120,2148366,California
San Diego,2021-05-24,17624,3307501,8923,1698912,6793,1515031,1908,93558,6278,644516,11328,1512889,9039,2157405,California
San Diego,2021-05-25,24194,3331695,13088,1712000,9267,1524298,1839,95397,8465,640276,15700,1528589,11460,2168865,California
San Diego,2021-05-26,19113,3350808,10591,1722591,6513,1530811,2009,97406,6634,637333,12449,1541038,9506,2178371,California
San Diego,2021-05-27,20581,3371389,11941,1734532,6249,1537060,2391,99797,6958,634179,13604,1554642,10450,2188821,California
San Diego,2021-05-28,21229,3392618,13185,1747717,7336,1544396,708,100505,8408,631633,12801,1567443,10255,2199076,California
San Diego,2021-05-29,11958,3404576,7562,1755279,3907,1548303,489,100994,5180,631051,6765,1574208,6183,2205259,California
San Diego,2021-05-30,4667,3409243,3188,1758467,1101,1549404,378,101372,2031,631061,2631,1576839,2641,2207900,California
San Diego,2021-05-31,2586,3411829,1744,1760211,671,1550075,171,101543,852,630481,1728,1578567,1148,2209048,California
San Diego,2021-06-01,21219,3433048,11315,1771526,8275,1558350,1629,103172,5954,623758,15239,1593806,8516,2217564,California
San Diego,2021-06-02,16998,3450046,8744,1780270,6181,1564531,2073,105245,5498,620573,11474,1605280,8289,2225853,California
San Diego,2021-06-03,19161,3469207,11984,1792254,5378,1569909,1799,107044,5175,614624,13965,1619245,8016,2233869,California
San Diego,2021-06-04,19776,3488983,13814,1806068,5347,1575256,615,107659,5730,608842,14016,1633261,8234,2242103,California
San Diego,2021-06-05,15732,3504715,11962,1818030,2988,1578244,782,108441,4463,603802,11252,1644513,6212,2248315,California
San Diego,2021-06-06,5583,3510298,4515,1822545,757,1579001,311,108752,1727,602803,3845,1648358,2846,2251161,California
San Diego,2021-06-07,12755,3523053,8010,1830555,3396,1582397,1349,110101,3567,599286,9170,1657528,5653,2256814,California
San Diego,2021-06-08,20428,3543481,14444,1844999,4098,1586495,1886,111987,5069,591941,15346,1672874,8001,2264815,California
San Diego,2021-06-09,17017,3560498,11329,1856328,3738,1590233,1950,113937,4375,586593,12626,1685500,7278,2272093,California
San Diego,2021-06-10,17843,3578341,11845,1868173,3921,1594154,2077,116014,4390,580710,13426,1698926,7543,2279636,California
San Diego,2021-06-11,15769,3594110,10049,1878222,4373,1598527,1347,117361,4326,575891,11413,1710339,6594,2286230,California
San Diego,2021-06-12,10974,3605084,8411,1886633,2141,1600668,422,117783,3177,572346,7778,1718117,4233,2290463,California
San Diego,2021-06-13,4146,3609230,3099,1889732,842,1601510,205,117988,1042,570889,3098,1721215,1641,2292104,California
San Diego,2021-06-14,12602,3621832,7564,1897296,2847,1604357,2191,120179,3652,568447,8936,1730151,6494,2298598,California
San Diego,2021-06-15,17871,3639703,10227,1907523,4209,1608566,3435,123614,4732,564399,13129,1743280,9081,2307679,California
San Diego,2021-06-16,13930,3653633,8848,1916371,2772,1611338,2310,125924,4474,562514,9442,1752722,7557,2315236,California
San Diego,2021-06-17,14662,3668295,8432,1924803,3394,1614732,2836,128760,4143,559633,10508,1763230,7627,2322863,California
San Diego,2021-06-18,14086,3682381,8709,1933512,3552,1618284,1825,130585,4413,556997,9664,1772894,7028,2329891,California
San Diego,2021-06-19,7514,3689895,5556,1939068,1498,1619782,460,131045,2757,555999,4741,1777635,3743,2333634,California
San Diego,2021-06-20,3101,3692996,2251,1941319,650,1620432,200,131245,1158,555635,1939,1779574,1575,2335209,California
San Diego,2021-06-21,9097,3702093,5136,1946455,2422,1622854,1539,132784,3898,556416,5192,1784766,5973,2341182,California
San Diego,2021-06-22,11258,3713351,7546,1954001,2582,1625436,1130,133914,4447,555870,6805,1791571,6259,2347441,California
San Diego,2021-06-23,10627,3723978,6973,1960974,2256,1627692,1398,135312,4436,556141,6182,1797753,6453,2353894,California
San Diego,2021-06-24,4261,3728239,3009,1963983,647,1628339,605,135917,2020,556827,2235,1799988,2921,2356815,California
San Francisco,2020-12-15,6,6,6,6,0,0,0,0,6,6,0,0,6,6,California
San Francisco,2020-12-16,232,238,232,238,0,0,0,0,232,238,0,0,232,238,California
San Francisco,2020-12-17,414,652,414,652,0,0,0,0,414,652,0,0,414,652,California
San Francisco,2020-12-18,908,1560,907,1559,1,1,0,0,908,1560,0,0,908,1560,California
San Francisco,2020-12-19,605,2165,605,2164,0,1,0,0,605,2165,0,0,605,2165,California
San Francisco,2020-12-20,482,2647,482,2646,0,1,0,0,482,2647,0,0,482,2647,California
San Francisco,2020-12-21,1162,3809,1162,3808,0,1,0,0,1162,3809,0,0,1162,3809,California
San Francisco,2020-12-22,1398,5207,1364,5172,34,35,0,0,1398,5207,0,0,1398,5207,California
San Francisco,2020-12-23,1351,6558,1053,6225,298,333,0,0,1351,6558,0,0,1351,6558,California
San Francisco,2020-12-24,842,7400,504,6729,338,671,0,0,842,7400,0,0,842,7400,California
San Francisco,2020-12-25,37,7437,31,6760,6,677,0,0,37,7437,0,0,37,7437,California
San Francisco,2020-12-26,248,7685,153,6913,95,772,0,0,248,7685,0,0,248,7685,California
San Francisco,2020-12-27,274,7959,60,6973,214,986,0,0,274,7959,0,0,274,7959,California
San Francisco,2020-12-28,1278,9237,692,7665,586,1572,0,0,1278,9237,0,0,1278,9237,California
San Francisco,2020-12-29,1262,10499,632,8297,630,2202,0,0,1262,10499,0,0,1262,10499,California
San Francisco,2020-12-30,1487,11986,781,9078,706,2908,0,0,1487,11986,0,0,1487,11986,California
San Francisco,2020-12-31,977,12963,415,9493,562,3470,0,0,976,12962,0,0,976,12962,California
San Francisco,2021-01-01,104,13067,77,9570,27,3497,0,0,104,13066,0,0,104,13066,California
San Francisco,2021-01-02,335,13402,301,9871,34,3531,0,0,335,13401,0,0,335,13401,California
San Francisco,2021-01-03,299,13701,105,9976,194,3725,0,0,298,13698,1,1,298,13699,California
San Francisco,2021-01-04,1844,15545,1357,11333,487,4212,0,0,1841,15536,3,4,1841,15540,California
San Francisco,2021-01-05,2241,17786,1422,12755,819,5031,0,0,2202,17701,39,43,2204,17744,California
San Francisco,2021-01-06,1874,19660,1162,13917,712,5743,0,0,1605,19040,267,310,1606,19350,California
San Francisco,2021-01-07,2075,21735,1210,15127,865,6608,0,0,1601,20170,471,781,1601,20951,California
San Francisco,2021-01-08,2336,24071,1644,16771,692,7300,0,0,1474,20787,857,1638,1474,22425,California
San Francisco,2021-01-09,1396,25467,899,17670,497,7797,0,0,887,21167,509,2147,889,23314,California
San Francisco,2021-01-10,919,26386,541,18211,378,8175,0,0,460,21169,458,2605,460,23774,California
San Francisco,2021-01-11,2512,28898,1871,20082,641,8816,0,0,1407,21470,1106,3711,1407,25181,California
San Francisco,2021-01-12,3097,31995,2061,22143,1036,9852,0,0,1901,22178,1195,4906,1903,27084,California
San Francisco,2021-01-13,2844,34839,1613,23756,1231,11083,0,0,2005,23344,839,5745,2005,29089,California
San Francisco,2021-01-14,2458,37297,1108,24864,1350,12433,0,0,1893,24672,565,6310,1893,30982,California
San Francisco,2021-01-15,2772,40069,1162,26026,1610,14043,0,0,2369,26642,401,6711,2371,33353,California
San Francisco,2021-01-16,2272,42341,972,26998,1300,15343,0,0,2104,28579,168,6879,2105,35458,California
San Francisco,2021-01-17,1944,44285,539,27537,1405,16748,0,0,1724,30083,220,7099,1724,37182,California
San Francisco,2021-01-18,1389,45674,603,28140,786,17534,0,0,1119,30934,269,7368,1120,38302,California
San Francisco,2021-01-19,2600,48274,1481,29621,1119,18653,0,0,1844,32022,756,8124,1844,40146,California
San Francisco,2021-01-20,2777,51051,1130,30751,1647,20300,0,0,2018,33285,756,8880,2019,42165,California
San Francisco,2021-01-21,3354,54405,950,31701,2404,22704,0,0,2515,34962,838,9718,2515,44680,California
San Francisco,2021-01-22,3225,57630,657,32358,2568,25272,0,0,2777,37293,446,10164,2777,47457,California
San Francisco,2021-01-23,3116,60746,611,32969,2505,27777,0,0,2747,39673,368,10532,2748,50205,California
San Francisco,2021-01-24,2432,63178,364,33333,2068,29845,0,0,2198,41641,230,10762,2198,52403,California
San Francisco,2021-01-25,4646,67824,1835,35168,2811,32656,0,0,3054,43107,1589,12351,3055,55458,California
San Francisco,2021-01-26,4755,72579,2182,37350,2573,35229,0,0,3105,44567,1647,13998,3107,58565,California
San Francisco,2021-01-27,4385,76964,1986,39336,2399,37628,0,0,3076,46336,1307,15305,3076,61641,California
San Francisco,2021-01-28,3804,80768,1580,40916,2224,39852,0,0,2633,47805,1164,16469,2633,64274,California
San Francisco,2021-01-29,4770,85538,1700,42616,3070,42922,0,0,3476,49994,1287,17756,3476,67750,California
San Francisco,2021-01-30,3812,89350,1850,44466,1962,44884,0,0,3352,52891,459,18215,3356,71106,California
San Francisco,2021-01-31,2360,91710,821,45287,1539,46423,0,0,2208,54949,151,18366,2209,73315,California
San Francisco,2021-02-01,4006,95716,1716,47003,2290,48713,0,0,2924,56792,1082,19448,2925,76240,California
San Francisco,2021-02-02,4564,100280,1818,48821,2746,51459,0,0,2955,58144,1603,21051,2955,79195,California
San Francisco,2021-02-03,5119,105399,2401,51222,2718,54177,0,0,3795,60618,1322,22373,3796,82991,California
San Francisco,2021-02-04,5051,110450,2436,53658,2615,56792,0,0,3876,63321,1173,23546,3876,86867,California
San Francisco,2021-02-05,6002,116452,3239,56897,2763,59555,0,0,4648,66618,1352,24898,4649,91516,California
San Francisco,2021-02-06,5508,121960,3688,60585,1820,61375,0,0,4605,70323,902,25800,4607,96123,California
San Francisco,2021-02-07,4363,126323,3210,63795,1153,62528,0,0,3782,73530,578,26378,3785,99908,California
San Francisco,2021-02-08,6775,133098,4657,68452,2118,64646,0,0,5542,77857,1217,27595,5544,105452,California
San Francisco,2021-02-09,5961,139059,4014,72466,1947,66593,0,0,4411,80711,1559,29154,4413,109865,California
San Francisco,2021-02-10,6929,145988,4203,76669,2726,69319,0,0,5102,83995,1822,30976,5106,114971,California
San Francisco,2021-02-11,6754,152742,4002,80671,2752,72071,0,0,4916,87080,1833,32809,4918,119889,California
San Francisco,2021-02-12,5369,158111,2693,83364,2676,74747,0,0,3502,88713,1869,34678,3502,123391,California
San Francisco,2021-02-13,4404,162515,2579,85943,1825,76572,0,0,3059,90430,1345,36023,3062,126453,California
San Francisco,2021-02-14,3439,165954,2255,88198,1184,77756,0,0,2305,91604,1133,37156,2307,128760,California
San Francisco,2021-02-15,2789,168743,1512,89710,1277,79033,0,0,1682,92181,1105,38261,1682,130442,California
San Francisco,2021-02-16,5131,173874,2822,92532,2309,81342,0,0,3002,93068,2122,40383,3009,133451,California
San Francisco,2021-02-17,5369,179243,2629,95161,2740,84082,0,0,2963,93639,2395,42778,2966,136417,California
San Francisco,2021-02-18,5411,184654,2644,97805,2767,86849,0,0,2802,93840,2607,45385,2808,139225,California
San Francisco,2021-02-19,5680,190334,2666,100471,3014,89863,0,0,2947,94062,2727,48112,2949,142174,California
San Francisco,2021-02-20,4620,194954,2241,102712,2379,92242,0,0,1736,92926,2874,50986,1738,143912,California
San Francisco,2021-02-21,2901,197855,1528,104240,1373,93615,0,0,1291,92617,1601,52587,1292,145204,California
San Francisco,2021-02-22,5195,203050,3238,107478,1957,95572,0,0,2614,92663,2571,55158,2617,147821,California
San Francisco,2021-02-23,5618,208668,3200,110678,2418,97990,0,0,2870,92792,2741,57899,2870,150691,California
San Francisco,2021-02-24,9141,217809,5175,115853,3966,101956,0,0,4885,93437,4243,62142,4888,155579,California
San Francisco,2021-02-25,10066,227875,7031,122884,3035,104991,0,0,6467,96310,3596,65738,6469,162048,California
San Francisco,2021-02-26,12380,240255,8037,130921,4343,109334,0,0,7311,98554,5068,70806,7312,169360,California
San Francisco,2021-02-27,9417,249672,6062,136983,3354,112688,1,1,4695,98542,4709,75515,4697,174057,California
San Francisco,2021-02-28,7920,257592,5659,142642,2261,114949,0,1,3868,98363,4048,79563,3869,177926,California
San Francisco,2021-03-01,11410,269002,7697,150339,3708,118657,5,6,5562,98110,5822,85385,5569,183495,California
San Francisco,2021-03-02,10035,279037,6758,157097,3277,121934,0,6,5671,99429,4353,89738,5672,189167,California
San Francisco,2021-03-03,11407,290444,6659,163756,4747,126681,1,7,6258,100555,5136,94874,6262,195429,California
San Francisco,2021-03-04,8810,299254,5530,169286,3280,129961,0,7,4973,101701,3829,98703,4975,200404,California
San Francisco,2021-03-05,9252,308506,5663,174949,3585,133546,4,11,5796,104060,3442,102145,5801,206205,California
San Francisco,2021-03-06,7184,315690,4692,179641,2283,135829,209,220,4489,106047,2708,104853,4695,210900,California
San Francisco,2021-03-07,5416,321106,4224,183865,1132,136961,60,280,3119,106916,2310,107163,3179,214079,California
San Francisco,2021-03-08,7549,328655,5482,189347,1878,138839,189,469,5958,111440,1623,108786,6147,220226,California
San Francisco,2021-03-09,8346,337001,5531,194878,2438,141277,377,846,6089,115639,2262,111048,6461,226687,California
San Francisco,2021-03-10,11260,348261,6617,201495,4139,145416,504,1350,7044,118993,4193,115241,7547,234234,California
San Francisco,2021-03-11,10123,358384,6387,207882,2767,148183,969,2319,6634,123117,3470,118711,7594,241828,California
San Francisco,2021-03-12,10893,369277,6358,214240,3186,151369,1349,3668,6060,125707,4812,123523,7402,249230,California
San Francisco,2021-03-13,6755,376032,3948,218188,1724,153093,1083,4751,4190,128423,2555,126078,5271,254501,California
San Francisco,2021-03-14,7575,383607,4928,223116,2405,155498,242,4993,3970,129046,3587,129665,4210,258711,California
San Francisco,2021-03-15,12124,395731,9271,232387,1907,157405,946,5939,8396,134663,3712,133377,9329,268040,California
San Francisco,2021-03-16,12264,407995,8341,240728,3449,160854,474,6413,8813,140524,3428,136805,9289,277329,California
San Francisco,2021-03-17,13596,421591,8441,249169,4525,165379,630,7043,9743,147068,3823,140628,10367,287696,California
San Francisco,2021-03-18,10238,431829,6999,256168,2613,167992,626,7669,5824,149120,4390,145018,6442,294138,California
San Francisco,2021-03-19,12540,444369,9185,265353,2882,170874,473,8142,6551,150175,5961,150979,7016,301154,California
San Francisco,2021-03-20,8927,453296,6567,271920,1893,172767,467,8609,5178,152106,3717,154696,5648,306802,California
San Francisco,2021-03-21,6675,459971,6116,278036,420,173187,139,8748,3760,153105,2898,157594,3897,310699,California
San Francisco,2021-03-22,9896,469867,6871,284907,2186,175373,839,9587,5087,154239,4784,162378,5918,316617,California
San Francisco,2021-03-23,11390,481257,7581,292488,3159,178532,650,10237,6342,156205,5018,167396,6984,323601,California
San Francisco,2021-03-24,12412,493669,9512,302000,2362,180894,538,10775,6174,156713,6195,173591,6703,330304,California
San Francisco,2021-03-25,12009,505678,8767,310767,2675,183569,567,11342,5826,156992,6110,179701,6389,336693,California
San Francisco,2021-03-26,12053,517731,8352,319119,3466,187035,235,11577,5842,156889,6176,185877,6073,342766,California
San Francisco,2021-03-27,8882,526613,5909,325028,2622,189657,351,11928,3812,156004,5046,190923,4161,346927,California
San Francisco,2021-03-28,6672,533285,5326,330354,1304,190961,42,11970,2974,155345,3672,194595,3013,349940,California
San Francisco,2021-03-29,11651,544936,8017,338371,3450,194411,184,12154,4820,153547,6800,201395,5002,354942,California
San Francisco,2021-03-30,11690,556626,7317,345688,4083,198494,290,12444,5507,153189,6156,207551,5798,360740,California
San Francisco,2021-03-31,12322,568948,8195,353883,3827,202321,300,12744,4914,151023,7374,214925,5208,365948,California
San Francisco,2021-04-01,14016,582964,7441,361324,4878,207199,1697,14441,6029,150779,7947,222872,7703,373651,California
San Francisco,2021-04-02,14882,597846,6570,367894,6421,213620,1891,16332,6941,151680,7917,230789,8818,382469,California
San Francisco,2021-04-03,10608,608454,4925,372819,3857,217477,1826,18158,4841,152593,5747,236536,6660,389129,California
San Francisco,2021-04-04,9056,617510,4805,377624,2593,220070,1658,19816,3576,152361,5462,241998,5230,394359,California
San Francisco,2021-04-05,16083,633593,9837,387461,4354,224424,1892,21708,6270,150733,9782,251780,8154,402513,California
San Francisco,2021-04-06,16126,649719,9545,397006,4511,228935,2070,23778,6276,149248,9821,261601,8336,410849,California
San Francisco,2021-04-07,16894,666613,10050,407056,4604,233539,2240,26018,7003,148607,9865,271466,9224,420073,California
San Francisco,2021-04-08,14242,680855,6776,413832,3031,236570,4435,30453,4636,148079,9568,281034,9040,429113,California
San Francisco,2021-04-09,15888,696743,7683,421515,4840,241410,3365,33818,6621,148809,9233,290267,9963,439076,California
San Francisco,2021-04-10,13358,710101,5713,427228,5886,247296,1759,35577,7116,151454,6216,296483,8861,447937,California
San Francisco,2021-04-11,10074,720175,7549,434777,1348,248644,1177,36754,5212,152988,4848,301331,6382,454319,California
San Francisco,2021-04-12,10655,730830,6920,441697,2582,251226,1153,37907,4881,153266,5750,307081,6028,460347,California
San Francisco,2021-04-13,10867,741697,7366,449063,3489,254715,12,37919,5478,153399,5362,312443,5495,465842,California
San Francisco,2021-04-14,13386,755083,8064,457127,5321,260036,1,37920,6363,152782,6983,319426,6366,472208,California
San Francisco,2021-04-15,13871,768954,9611,466738,4259,264295,1,37921,8100,155151,5737,325163,8106,480314,California
San Francisco,2021-04-16,13042,781996,8769,475507,4229,268524,44,37965,7643,157475,5368,330531,7692,488006,California
San Francisco,2021-04-17,10244,792240,7378,482885,2865,271389,1,37966,7239,161732,2987,333518,7244,495250,California
San Francisco,2021-04-18,6670,798910,5110,487995,1558,272947,2,37968,4120,163325,2531,336049,4124,499374,California
San Francisco,2021-04-19,10966,809876,8223,496218,2738,275685,5,37973,7046,166485,3902,339951,7062,506436,California
San Francisco,2021-04-20,12442,822318,7290,503508,5150,280835,2,37975,8552,171178,3863,343814,8556,514992,California
San Francisco,2021-04-21,10663,832981,7606,511114,3052,283887,5,37980,6509,173570,4127,347941,6519,521511,California
San Francisco,2021-04-22,10494,843475,7750,518864,2743,286630,1,37981,6045,175203,4420,352361,6053,527564,California
San Francisco,2021-04-23,10378,853853,5941,524805,4437,291067,0,37981,6153,177168,4195,356556,6160,533724,California
San Francisco,2021-04-24,7968,861821,5479,530284,2489,293556,0,37981,4708,178647,3239,359795,4718,538442,California
San Francisco,2021-04-25,5044,866865,4338,534622,700,294256,6,37987,2952,179531,2079,361874,2963,541405,California
San Francisco,2021-04-26,8215,875080,5802,540424,2401,296657,12,37999,4075,179523,4111,365985,4103,545508,California
San Francisco,2021-04-27,8720,883800,5848,546272,2702,299359,170,38169,4345,179699,4349,370334,4525,550033,California
San Francisco,2021-04-28,9508,893308,6571,552843,2747,302106,190,38359,4979,180376,4498,374832,5175,555208,California
San Francisco,2021-04-29,9401,902709,5453,558296,3754,305860,194,38553,4608,180425,4767,379599,4816,560024,California
San Francisco,2021-04-30,10901,913610,5199,563495,5501,311361,201,38754,3981,177737,6875,386474,4187,564211,California
San Francisco,2021-05-01,6960,920570,3590,567085,3255,314616,115,38869,1675,174278,5250,391724,1791,566002,California
San Francisco,2021-05-02,5331,925901,3088,570173,2145,316761,98,38967,973,171005,4348,396072,1075,567077,California
San Francisco,2021-05-03,9695,935596,6604,576777,2927,319688,164,39131,2441,166396,7222,403294,2613,569690,California
San Francisco,2021-05-04,9408,945004,6026,582803,3131,322819,251,39382,2297,161871,7078,410372,2553,572243,California
San Francisco,2021-05-05,9045,954049,6385,589188,2349,325168,311,39693,2207,157603,6791,417163,2523,574766,California
San Francisco,2021-05-06,10734,964783,8574,597762,1688,326856,472,40165,1838,151052,8863,426026,2312,577078,California
San Francisco,2021-05-07,10126,974909,6477,604239,3376,330232,273,40438,1641,144505,8459,434485,1912,578990,California
San Francisco,2021-05-08,8373,983282,3553,607792,4690,334922,130,40568,973,138242,7368,441853,1105,580095,California
San Francisco,2021-05-09,6690,989972,5826,613618,781,335703,83,40651,1210,134073,5457,447310,1288,581383,California
San Francisco,2021-05-10,6992,996964,4952,618570,1789,337492,251,40902,1043,129446,5920,453230,1293,582676,California
San Francisco,2021-05-11,7396,1004360,5318,623888,1859,339351,219,41121,1448,125198,5914,459144,1666,584342,California
San Francisco,2021-05-12,8150,1012510,5947,629835,1746,341097,457,41578,1850,121232,6268,465412,2302,586644,California
San Francisco,2021-05-13,11374,1023884,8375,638210,2773,343870,226,41804,4383,118888,6961,472373,4617,591261,California
San Francisco,2021-05-14,9561,1033445,6812,645022,2578,346448,171,41975,3204,115948,6327,478700,3387,594648,California
San Francisco,2021-05-15,8126,1041571,6434,651456,1636,348084,56,42031,3210,114326,4900,483600,3278,597926,California
San Francisco,2021-05-16,4965,1046536,4184,655640,722,348806,59,42090,1840,113119,3106,486706,1899,599825,California
San Francisco,2021-05-17,7244,1053780,5389,661029,1690,350496,165,42255,2470,111004,4753,491459,2638,602463,California
San Francisco,2021-05-18,8696,1062476,4970,665999,3550,354046,176,42431,1955,106441,6694,498153,2131,604594,California
San Francisco,2021-05-19,7487,1069963,5543,671542,1711,355757,233,42664,2452,104117,5007,503160,2683,607277,California
San Francisco,2021-05-20,5948,1075911,4002,675544,1695,357452,251,42915,1646,101744,4265,507425,1892,609169,California
San Francisco,2021-05-21,7191,1083102,4070,679614,2935,360387,186,43101,1838,98457,5306,512731,2019,611188,California
San Francisco,2021-05-22,4792,1087894,3608,683222,1093,361480,91,43192,2181,98138,2590,515321,2271,613459,California
San Francisco,2021-05-23,1833,1089727,1391,684613,368,361848,74,43266,837,98063,986,516307,911,614370,California
San Francisco,2021-05-24,4035,1093762,2841,687454,1032,362880,162,43428,1193,96602,2817,519124,1356,615726,California
San Francisco,2021-05-25,3695,1097457,2402,689856,1070,363950,223,43651,1040,95271,2637,521761,1306,617032,California
San Francisco,2021-05-26,3960,1101417,2552,692408,1262,365212,146,43797,1094,93694,2843,524604,1266,618298,California
San Francisco,2021-05-27,3710,1105127,2142,694550,1392,366604,176,43973,1201,92575,2497,527101,1378,619676,California
San Francisco,2021-05-28,3778,1108905,2154,696704,1463,368067,161,44134,1350,91684,2402,529503,1511,621187,California
San Francisco,2021-05-29,2024,1110929,1458,698162,464,368531,102,44236,876,91530,1126,530629,972,622159,California
San Francisco,2021-05-30,964,1111893,689,698851,238,368769,37,44273,400,91407,560,531189,437,622596,California
San Francisco,2021-05-31,258,1112151,209,699060,42,368811,7,44280,87,91332,169,531358,94,622690,California
San Francisco,2021-06-01,3565,1115716,2157,701217,1221,370032,187,44467,1246,90463,2303,533661,1434,624124,California
San Francisco,2021-06-02,2454,1118170,1774,702991,557,370589,123,44590,881,89918,1560,535221,1015,625139,California
San Francisco,2021-06-03,3951,1122121,2711,705702,1037,371626,203,44793,942,88067,2991,538212,1140,626279,California
San Francisco,2021-06-04,5718,1127839,4844,710546,738,372364,136,44929,1253,85023,4430,542642,1386,627665,California
San Francisco,2021-06-05,3703,1131542,3126,713672,429,372793,148,45077,881,83239,2810,545452,1026,628691,California
San Francisco,2021-06-06,2326,1133868,2176,715848,112,372905,38,45115,512,81981,1808,547260,550,629241,California
San Francisco,2021-06-07,3631,1137499,3008,718856,489,373394,134,45249,931,80364,2683,549943,1066,630307,California
San Francisco,2021-06-08,2826,1140325,2223,721079,437,373831,166,45415,831,79377,1978,551921,991,631298,California
San Francisco,2021-06-09,2314,1142639,1853,722932,325,374156,136,45551,661,78535,1637,553558,795,632093,California
San Francisco,2021-06-10,2493,1145132,1906,724838,398,374554,189,45740,768,77779,1713,555271,957,633050,California
San Francisco,2021-06-11,3152,1148284,2487,727325,500,375054,165,45905,933,76681,2195,557466,1097,634147,California
San Francisco,2021-06-12,3040,1151324,2638,729963,275,375329,127,46032,725,75230,2301,559767,850,634997,California
San Francisco,2021-06-13,918,1152242,797,730760,74,375403,47,46079,235,74836,675,560442,281,635278,California
San Francisco,2021-06-14,2516,1154758,2034,732794,331,375734,151,46230,882,74246,1623,562065,1033,636311,California
San Francisco,2021-06-15,1895,1156653,1469,734263,293,376027,133,46363,672,73837,1214,563279,805,637116,California
San Francisco,2021-06-16,1841,1158494,1390,735653,257,376284,194,46557,635,73470,1189,564468,822,637938,California
San Francisco,2021-06-17,1974,1160468,1523,737176,255,376539,196,46753,651,73004,1308,565776,842,638780,California
San Francisco,2021-06-18,2326,1162794,1731,738907,421,376960,174,46927,750,72362,1562,567338,920,639700,California
San Francisco,2021-06-19,1405,1164199,1183,740090,112,377072,110,47037,431,71940,960,568298,538,640238,California
San Francisco,2021-06-20,626,1164825,536,740626,55,377127,35,47072,258,71871,362,568660,293,640531,California
San Francisco,2021-06-21,1149,1165974,861,741487,179,377306,109,47181,606,72051,533,569193,713,641244,California
San Francisco,2021-06-22,1557,1167531,1221,742708,228,377534,108,47289,542,71694,1000,570193,643,641887,California
San Francisco,2021-06-23,1472,1169003,1159,743867,174,377708,139,47428,590,71546,870,571063,722,642609,California
San Francisco,2021-06-24,1056,1170059,735,744602,174,377882,147,47575,321,71284,725,571788,463,643072,California
San Joaquin,2020-12-15,14,14,14,14,0,0,0,0,14,14,0,0,14,14,California
San Joaquin,2020-12-16,310,324,310,324,0,0,0,0,310,324,0,0,310,324,California
San Joaquin,2020-12-17,322,646,322,646,0,0,0,0,322,646,0,0,322,646,California
San Joaquin,2020-12-18,536,1182,532,1178,4,4,0,0,536,1182,0,0,536,1182,California
San Joaquin,2020-12-19,190,1372,190,1368,0,4,0,0,190,1372,0,0,190,1372,California
San Joaquin,2020-12-20,116,1488,114,1482,2,6,0,0,116,1488,0,0,116,1488,California
San Joaquin,2020-12-21,494,1982,493,1975,1,7,0,0,494,1982,0,0,494,1982,California
San Joaquin,2020-12-22,977,2959,856,2831,121,128,0,0,976,2958,0,0,976,2958,California
San Joaquin,2020-12-23,977,3936,920,3751,57,185,0,0,975,3933,2,2,977,3935,California
San Joaquin,2020-12-24,215,4151,187,3938,28,213,0,0,214,4147,1,3,215,4150,California
San Joaquin,2020-12-25,15,4166,15,3953,0,213,0,0,15,4162,0,3,15,4165,California
San Joaquin,2020-12-26,103,4269,31,3984,72,285,0,0,103,4265,0,3,103,4268,California
San Joaquin,2020-12-27,44,4313,31,4015,13,298,0,0,44,4309,0,3,44,4312,California
San Joaquin,2020-12-28,625,4938,423,4438,202,500,0,0,625,4934,0,3,625,4937,California
San Joaquin,2020-12-29,796,5734,666,5104,130,630,0,0,796,5730,0,3,796,5733,California
San Joaquin,2020-12-30,1013,6747,720,5824,293,923,0,0,1011,6741,2,5,1013,6746,California
San Joaquin,2020-12-31,454,7201,203,6027,251,1174,0,0,454,7195,1,6,455,7201,California
San Joaquin,2021-01-01,23,7224,13,6040,10,1184,0,0,23,7218,0,6,23,7224,California
San Joaquin,2021-01-02,266,7490,243,6283,23,1207,0,0,266,7484,0,6,266,7490,California
San Joaquin,2021-01-03,37,7527,20,6303,17,1224,0,0,36,7519,1,7,36,7526,California
San Joaquin,2021-01-04,479,8006,340,6643,139,1363,0,0,477,7995,1,8,477,8003,California
San Joaquin,2021-01-05,986,8992,651,7294,335,1698,0,0,814,8675,172,180,852,8855,California
San Joaquin,2021-01-06,1228,10220,714,8008,514,2212,0,0,922,9300,301,481,926,9781,California
San Joaquin,2021-01-07,1086,11306,687,8695,399,2611,0,0,786,9791,297,778,788,10569,California
San Joaquin,2021-01-08,1209,12515,827,9522,382,2993,0,0,713,10013,495,1273,717,11286,California
San Joaquin,2021-01-09,380,12895,301,9823,79,3072,0,0,246,10127,134,1407,248,11534,California
San Joaquin,2021-01-10,224,13119,116,9939,108,3180,0,0,171,10246,52,1459,171,11705,California
San Joaquin,2021-01-11,1536,14655,1327,11266,209,3389,0,0,869,10517,666,2125,937,12642,California
San Joaquin,2021-01-12,1485,16140,1067,12333,418,3807,0,0,702,10512,779,2904,774,13416,California
San Joaquin,2021-01-13,1540,17680,900,13233,640,4447,0,0,960,10901,578,3482,967,14383,California
San Joaquin,2021-01-14,1760,19440,973,14206,787,5234,0,0,1413,12006,326,3808,1431,15814,California
San Joaquin,2021-01-15,1544,20984,548,14754,996,6230,0,0,1306,13111,223,4031,1328,17142,California
San Joaquin,2021-01-16,1135,22119,182,14936,953,7183,0,0,1102,14182,32,4063,1103,18245,California
San Joaquin,2021-01-17,1628,23747,138,15074,1490,8673,0,0,1585,15726,43,4106,1587,19832,California
San Joaquin,2021-01-18,742,24489,239,15313,503,9176,0,0,620,16229,118,4224,621,20453,California
San Joaquin,2021-01-19,1881,26370,902,16215,979,10155,0,0,1197,16755,679,4903,1205,21658,California
San Joaquin,2021-01-20,2095,28465,1287,17502,808,10963,0,0,1446,17566,642,5545,1453,23111,California
San Joaquin,2021-01-21,1981,30446,895,18397,1086,12049,0,0,1584,18769,390,5935,1593,24704,California
San Joaquin,2021-01-22,1960,32406,896,19293,1064,13113,0,0,1818,20452,137,6072,1820,26524,California
San Joaquin,2021-01-23,893,33299,392,19685,501,13614,0,0,607,20776,285,6357,609,27133,California
San Joaquin,2021-01-24,355,33654,137,19822,218,13832,0,0,332,21088,20,6377,332,27465,California
San Joaquin,2021-01-25,2002,35656,1147,20969,855,14687,0,0,1431,21954,568,6945,1434,28899,California
San Joaquin,2021-01-26,2153,37809,1111,22080,1042,15729,0,0,1530,22877,616,7561,1539,30438,California
San Joaquin,2021-01-27,1742,39551,771,22851,971,16700,0,0,1239,23626,498,8059,1247,31685,California
San Joaquin,2021-01-28,2057,41608,777,23628,1280,17980,0,0,1393,24370,660,8719,1404,33089,California
San Joaquin,2021-01-29,2167,43775,1052,24680,1115,19095,0,0,1815,25849,346,9065,1825,34914,California
San Joaquin,2021-01-30,2173,45948,352,25032,1821,20916,0,0,1992,27665,180,9245,1996,36910,California
San Joaquin,2021-01-31,1552,47500,173,25205,1379,22295,0,0,1485,29087,66,9311,1488,38398,California
San Joaquin,2021-02-01,2482,49982,1293,26498,1189,23484,0,0,1716,30042,766,10077,1721,40119,California
San Joaquin,2021-02-02,2589,52571,1156,27654,1433,24917,0,0,1976,31471,552,10629,1981,42100,California
San Joaquin,2021-02-03,3084,55655,1217,28871,1867,26784,0,0,2209,32825,867,11496,2221,44321,California
San Joaquin,2021-02-04,3547,59202,1813,30684,1734,28518,0,0,2646,34584,895,12391,2654,46975,California
San Joaquin,2021-02-05,3167,62369,1793,32477,1374,29892,0,0,2334,36114,820,13211,2350,49325,California
San Joaquin,2021-02-06,1085,63454,739,33216,346,30238,0,0,937,36907,145,13356,938,50263,California
San Joaquin,2021-02-07,619,64073,490,33706,129,30367,0,0,414,37122,200,13556,415,50678,California
San Joaquin,2021-02-08,1784,65857,1029,34735,755,31122,0,0,1439,38245,322,13878,1445,52123,California
San Joaquin,2021-02-09,2119,67976,1144,35879,975,32097,0,0,1573,39345,476,14354,1576,53699,California
San Joaquin,2021-02-10,2581,70557,1248,37127,1333,33430,0,0,1350,39488,1209,15563,1352,55051,California
San Joaquin,2021-02-11,2904,73461,1461,38588,1443,34873,0,0,1675,39975,1196,16759,1683,56734,California
San Joaquin,2021-02-12,2833,76294,1127,39715,1706,36579,0,0,1602,40378,1206,17965,1609,58343,California
San Joaquin,2021-02-13,2129,78423,404,40119,1725,38304,0,0,856,39983,1258,19223,863,59206,California
San Joaquin,2021-02-14,1913,80336,263,40382,1650,39954,0,0,696,39495,1185,20408,697,59903,California
San Joaquin,2021-02-15,2001,82337,840,41222,1161,41115,0,0,1202,39933,768,21176,1206,61109,California
San Joaquin,2021-02-16,3187,85524,1387,42609,1800,42915,0,0,1755,40287,1416,22592,1770,62879,California
San Joaquin,2021-02-17,3291,88815,1269,43878,2022,44937,0,0,1870,40758,1406,23998,1877,64756,California
San Joaquin,2021-02-18,3358,92173,1382,45260,1976,46913,0,0,1909,41263,1412,25410,1917,66673,California
San Joaquin,2021-02-19,4294,96467,2429,47689,1865,48778,0,0,2393,41817,1847,27257,2401,69074,California
San Joaquin,2021-02-20,1574,98041,675,48364,899,49677,0,0,1066,42383,506,27763,1072,70146,California
San Joaquin,2021-02-21,677,98718,513,48877,164,49841,0,0,427,42565,247,28010,429,70575,California
San Joaquin,2021-02-22,3562,102280,2513,51390,1049,50890,0,0,2541,44122,992,29002,2549,73124,California
San Joaquin,2021-02-23,4342,106622,2644,54034,1698,52588,0,0,2658,45150,1649,30651,2677,75801,California
San Joaquin,2021-02-24,5781,112403,3440,57474,2341,54929,0,0,4144,47695,1610,32261,4155,79956,California
San Joaquin,2021-02-25,6385,118788,3950,61424,2435,57364,0,0,4099,49581,2240,34501,4126,84082,California
San Joaquin,2021-02-26,5523,124311,2861,64285,2662,60026,0,0,3784,51678,1702,36203,3799,87881,California
San Joaquin,2021-02-27,5488,129799,1633,65918,3855,63881,0,0,2642,51555,2784,38987,2661,90542,California
San Joaquin,2021-02-28,3115,132914,1127,67045,1988,65869,0,0,2051,52575,1035,40022,2055,92597,California
San Joaquin,2021-03-01,4263,137177,1830,68875,2430,68299,3,3,2335,53037,1908,41930,2370,94967,California
San Joaquin,2021-03-02,4235,141412,1689,70564,2546,70845,0,3,2649,54189,1563,43493,2715,97682,California
San Joaquin,2021-03-03,5828,147240,3459,74023,2367,73212,2,5,4191,56782,1611,45104,4204,101886,California
San Joaquin,2021-03-04,5728,152968,2274,76297,3451,76663,3,8,3736,58553,1975,47079,3746,105632,California
San Joaquin,2021-03-05,4507,157475,1903,78200,2599,79262,5,13,3109,60301,1381,48460,3129,108761,California
San Joaquin,2021-03-06,3325,160800,2188,80388,1007,80269,130,143,2735,62585,586,49046,2870,111631,California
San Joaquin,2021-03-07,1224,162024,567,80955,609,80878,48,191,936,63286,270,49316,971,112602,California
San Joaquin,2021-03-08,3149,165173,1266,82221,1759,82637,124,315,2094,64497,1043,50359,2254,114856,California
San Joaquin,2021-03-09,4173,169346,1863,84084,2181,84818,129,444,2670,65834,1484,51843,2821,117677,California
San Joaquin,2021-03-10,4878,174224,2525,86609,2211,87029,142,586,3434,67992,1428,53271,3586,121263,California
San Joaquin,2021-03-11,5189,179413,2445,89054,2140,89169,604,1190,2938,69313,2236,55507,3557,124820,California
San Joaquin,2021-03-12,6570,185983,3228,92282,3006,92175,336,1526,4156,71441,2386,57893,4514,129334,California
San Joaquin,2021-03-13,3232,189215,1509,93791,1598,93773,125,1651,2322,72997,901,58794,2457,131791,California
San Joaquin,2021-03-14,2172,191387,678,94469,1189,94962,305,1956,1024,73192,1141,59935,1336,133127,California
San Joaquin,2021-03-15,6127,197514,3509,97978,2212,97174,406,2362,3178,73890,2913,62848,3611,136738,California
San Joaquin,2021-03-16,6906,204420,3919,101897,2731,99905,256,2618,4061,75399,2819,65667,4328,141066,California
San Joaquin,2021-03-17,7926,212346,4722,106619,3133,103038,71,2689,4365,76346,3514,69181,4461,145527,California
San Joaquin,2021-03-18,7713,220059,4531,111150,2675,105713,507,3196,3821,76837,3845,73026,4336,149863,California
San Joaquin,2021-03-19,8004,228063,4687,115837,2776,108489,541,3737,4852,79157,3127,76153,5447,155310,California
San Joaquin,2021-03-20,3697,231760,2139,117976,1316,109805,242,3979,1823,79393,1848,78001,2084,157394,California
San Joaquin,2021-03-21,2128,233888,1510,119486,411,110216,207,4186,1188,79906,926,78927,1439,158833,California
San Joaquin,2021-03-22,4082,237970,2082,121568,1585,111801,415,4601,2442,81152,1623,80550,2869,161702,California
San Joaquin,2021-03-23,5476,243446,2684,124252,2625,114426,167,4768,3783,83448,1668,82218,3964,165666,California
San Joaquin,2021-03-24,6918,250364,4270,128522,2560,116986,88,4856,3067,82808,3808,86026,3168,168834,California
San Joaquin,2021-03-25,5667,256031,3351,131873,2271,119257,45,4901,3383,83985,2258,88284,3435,172269,California
San Joaquin,2021-03-26,6269,262300,2594,134467,3523,122780,152,5053,3299,84518,2942,91226,3475,175744,California
San Joaquin,2021-03-27,4677,266977,2627,137094,1976,124756,74,5127,1799,83552,2851,94077,1885,177629,California
San Joaquin,2021-03-28,2738,269715,1821,138915,892,125648,25,5152,1295,83528,1423,95500,1399,179028,California
San Joaquin,2021-03-29,4129,273844,2197,141112,1909,127557,23,5175,2086,83636,2027,97527,2135,181163,California
San Joaquin,2021-03-30,6333,280177,3176,144288,3064,130621,93,5268,3509,84474,2792,100319,3630,184793,California
San Joaquin,2021-03-31,6735,286912,4183,148471,2492,133113,60,5328,3436,84736,3271,103590,3533,188326,California
San Joaquin,2021-04-01,6525,293437,3000,151471,3435,136548,90,5418,2911,84222,3585,107175,3071,191397,California
San Joaquin,2021-04-02,6430,299867,2889,154360,3046,139594,495,5913,2568,83488,3834,111009,3100,194497,California
San Joaquin,2021-04-03,4209,304076,2389,156749,1494,141088,326,6239,2011,83663,2180,113189,2355,196852,California
San Joaquin,2021-04-04,2291,306367,1371,158120,715,141803,205,6444,1547,84702,733,113922,1772,198624,California
San Joaquin,2021-04-05,4832,311199,2845,160965,1749,143552,238,6682,2685,85506,2133,116055,2937,201561,California
San Joaquin,2021-04-06,7160,318359,4552,165517,2329,145881,279,6961,3421,85523,3705,119760,3722,205283,California
San Joaquin,2021-04-07,8439,326798,4572,170089,2277,148158,1590,8551,3558,85838,4858,124618,5173,210456,California
San Joaquin,2021-04-08,8870,335668,4756,174845,1974,150132,2140,10691,3361,85872,5478,130096,5512,215968,California
San Joaquin,2021-04-09,9034,344702,4390,179235,3079,153211,1565,12256,3328,85123,5678,135774,4929,220897,California
San Joaquin,2021-04-10,5260,349962,1665,180900,1687,154898,1908,14164,1791,85370,3457,139231,3704,224601,California
San Joaquin,2021-04-11,4301,354263,1770,182670,1364,156262,1167,15331,1973,86198,2315,141546,3143,227744,California
San Joaquin,2021-04-12,6158,360421,2504,185174,2103,158365,1551,16882,2431,86505,3699,145245,4006,231750,California
San Joaquin,2021-04-13,7641,368062,4402,189576,3230,161595,9,16891,4672,88285,2941,148186,4721,236471,California
San Joaquin,2021-04-14,7710,375772,3913,193489,3795,165390,2,16893,4638,89926,3046,151232,4687,241158,California
San Joaquin,2021-04-15,8007,383779,4756,198245,3251,168641,0,16893,4426,90872,3537,154769,4483,245641,California
San Joaquin,2021-04-16,7892,391671,4286,202531,3603,172244,3,16896,4760,92573,3098,157867,4799,250440,California
San Joaquin,2021-04-17,5197,396868,2819,205350,2376,174620,2,16898,3684,94784,1500,159367,3711,254151,California
San Joaquin,2021-04-18,2496,399364,1391,206741,1105,175725,0,16898,1320,94959,1160,160527,1335,255486,California
San Joaquin,2021-04-19,5285,404649,2820,209561,2465,178190,0,16898,2756,95269,2493,163020,2803,258289,California
San Joaquin,2021-04-20,6300,410949,3306,212867,2994,181184,0,16898,2947,94932,3320,166340,2983,261272,California
San Joaquin,2021-04-21,5727,416676,3152,216019,2575,183759,0,16898,2914,95130,2752,169092,2950,264222,California
San Joaquin,2021-04-22,5380,422056,3154,219173,2224,185983,2,16900,3054,95953,2291,171383,3114,267336,California
San Joaquin,2021-04-23,6025,428081,2856,222029,3168,189151,1,16901,3772,97530,2228,173611,3805,271141,California
San Joaquin,2021-04-24,5274,433355,3630,225659,1642,190793,2,16903,3432,99166,1814,175425,3450,274591,California
San Joaquin,2021-04-25,3079,436434,2593,228252,486,191279,0,16903,2044,100208,1010,176435,2052,276643,California
San Joaquin,2021-04-26,4150,440584,2667,230919,1479,192758,4,16907,2153,100434,1980,178415,2206,278849,California
San Joaquin,2021-04-27,4724,445308,2676,233595,1986,194744,62,16969,1969,99770,2728,181143,2064,280913,California
San Joaquin,2021-04-28,5719,451027,3385,236980,2255,196999,79,17048,2760,99745,2924,184067,2899,283812,California
San Joaquin,2021-04-29,5033,456060,2913,239893,2063,199062,57,17105,2514,99872,2490,186557,2617,286429,California
San Joaquin,2021-04-30,5093,461153,2457,242350,2569,201631,67,17172,2580,100071,2492,189049,2691,289120,California
San Joaquin,2021-05-01,3364,464517,1922,244272,1384,203015,58,17230,2136,101068,1218,190267,2215,291335,California
San Joaquin,2021-05-02,2307,466824,1602,245874,648,203663,57,17287,1169,101168,1134,191401,1234,292569,California
San Joaquin,2021-05-03,3390,470214,2265,248139,1045,204708,80,17367,1399,100699,1974,193375,1505,294074,California
San Joaquin,2021-05-04,4955,475169,3318,251457,1480,206188,157,17524,1792,99541,3140,196515,1982,296056,California
San Joaquin,2021-05-05,5186,480355,3562,255019,1461,207649,163,17687,2296,99161,2858,199373,2478,298534,California
San Joaquin,2021-05-06,4717,485072,3141,258160,1446,209095,130,17817,2044,98698,2656,202029,2193,300727,California
San Joaquin,2021-05-07,5177,490249,2980,261140,2045,211140,152,17969,1925,97555,3230,205259,2087,302814,California
San Joaquin,2021-05-08,3282,493531,2111,263251,1070,212210,101,18070,1213,96825,2053,207312,1323,304137,California
San Joaquin,2021-05-09,1486,495017,847,264098,569,212779,70,18140,593,96604,890,208202,669,304806,California
San Joaquin,2021-05-10,2852,497869,1481,265579,1246,214025,125,18265,933,95765,1902,210104,1063,305869,California
San Joaquin,2021-05-11,4246,502115,2218,267797,1906,215931,122,18387,1353,94396,2876,212980,1507,307376,California
San Joaquin,2021-05-12,4450,506565,2105,269902,2220,218151,125,18512,1474,93050,2957,215937,1611,308987,California
San Joaquin,2021-05-13,4791,511356,2790,272692,1911,220062,90,18602,1874,92129,2901,218838,1980,310967,California
San Joaquin,2021-05-14,5786,517142,3444,276136,2233,222295,109,18711,2446,91380,3312,222150,2563,313530,California
San Joaquin,2021-05-15,5244,522386,3120,279256,2043,224338,81,18792,1649,89551,3564,225714,1735,315265,California
San Joaquin,2021-05-16,3570,525956,2797,282053,724,225062,49,18841,1436,88923,2121,227835,1493,316758,California
San Joaquin,2021-05-17,4151,530107,2485,284538,1569,226631,97,18938,1801,88497,2333,230168,1907,318665,California
San Joaquin,2021-05-18,3985,534092,2297,286835,1569,228200,119,19057,1898,88443,2070,232238,2016,320681,California
San Joaquin,2021-05-19,4772,538864,2778,289613,1859,230059,135,19192,2109,88063,2632,234870,2252,322933,California
San Joaquin,2021-05-20,3980,542844,2381,291994,1495,231554,104,19296,1790,87794,2167,237037,1898,324831,California
San Joaquin,2021-05-21,5075,547919,2983,294977,1970,233524,122,19418,2369,87618,2677,239714,2501,327332,California
San Joaquin,2021-05-22,4052,551971,2541,297518,1417,234941,94,19512,1813,87311,2226,241940,1919,329251,California
San Joaquin,2021-05-23,2475,554446,2022,299540,409,235350,44,19556,1452,87799,1012,242952,1500,330751,California
San Joaquin,2021-05-24,2972,557418,1698,301238,1181,236531,93,19649,1384,87708,1572,244524,1481,332232,California
San Joaquin,2021-05-25,3119,560537,1942,303180,1027,237558,150,19799,1474,87706,1627,246151,1625,333857,California
San Joaquin,2021-05-26,3898,564435,2400,305580,1423,238981,75,19874,1631,87165,2250,248401,1709,335566,California
San Joaquin,2021-05-27,3129,567564,1705,307285,1340,240321,84,19958,1344,86828,1769,250170,1432,336998,California
San Joaquin,2021-05-28,3116,570680,1668,308953,1357,241678,91,20049,1473,86781,1619,251789,1572,338570,California
San Joaquin,2021-05-29,2150,572830,1189,310142,925,242603,36,20085,975,86625,1171,252960,1015,339585,California
San Joaquin,2021-05-30,975,573805,522,310664,427,243030,26,20111,410,86505,559,253519,439,340024,California
San Joaquin,2021-05-31,621,574426,259,310923,355,243385,7,20118,238,86371,379,253898,245,340269,California
San Joaquin,2021-06-01,2458,576884,1485,312408,876,244261,97,20215,1177,86381,1272,255170,1282,341551,California
San Joaquin,2021-06-02,2726,579610,1615,314023,1057,245318,54,20269,1155,86043,1555,256725,1217,342768,California
San Joaquin,2021-06-03,2844,582454,1754,315777,1033,246351,57,20326,1098,85472,1731,258456,1160,343928,California
San Joaquin,2021-06-04,3137,585591,1926,317703,1104,247455,107,20433,1091,84650,2018,260474,1196,345124,California
San Joaquin,2021-06-05,2375,587966,1823,319526,495,247950,57,20490,1117,84664,1165,261639,1179,346303,California
San Joaquin,2021-06-06,1098,589064,884,320410,177,248127,37,20527,459,84541,620,262259,497,346800,California
San Joaquin,2021-06-07,2823,591887,2097,322507,685,248812,41,20568,985,83745,1831,264090,1035,347835,California
San Joaquin,2021-06-08,2766,594653,2097,324604,624,249436,45,20613,877,82797,1873,265963,925,348760,California
San Joaquin,2021-06-09,2844,597497,1980,326584,820,250256,44,20657,961,81938,1865,267828,1006,349766,California
San Joaquin,2021-06-10,2658,600155,1930,328514,661,250917,67,20724,1002,81360,1651,269479,1073,350839,California
San Joaquin,2021-06-11,2949,603104,2036,330550,796,251713,117,20841,973,80483,1967,271446,1090,351929,California
San Joaquin,2021-06-12,1855,604959,1396,331946,428,252141,31,20872,631,79948,1218,272664,683,352612,California
San Joaquin,2021-06-13,1049,606008,810,332756,191,252332,48,20920,484,79921,561,273225,534,353146,California
San Joaquin,2021-06-14,2213,608221,1489,334245,652,252984,72,20992,982,79755,1222,274447,1056,354202,California
San Joaquin,2021-06-15,2241,610462,1496,335741,667,253651,78,21070,873,79353,1356,275803,954,355156,California
San Joaquin,2021-06-16,2484,612946,1720,337461,682,254333,82,21152,889,78747,1579,277382,973,356129,California
San Joaquin,2021-06-17,2581,615527,1836,339297,688,255021,57,21209,880,77998,1687,279069,938,357067,California
San Joaquin,2021-06-18,2754,618281,1805,341102,875,255896,74,21283,1144,77617,1600,280669,1219,358286,California
San Joaquin,2021-06-19,1385,619666,860,341962,266,256162,259,21542,492,77483,886,281555,752,359038,California
San Joaquin,2021-06-20,632,620298,494,342456,112,256274,26,21568,280,77441,347,281902,305,359343,California
San Joaquin,2021-06-21,1615,621913,956,343412,551,256825,108,21676,829,77598,780,282682,937,360280,California
San Joaquin,2021-06-22,1862,623775,1236,344648,558,257383,68,21744,809,77431,1043,283725,876,361156,California
San Joaquin,2021-06-23,982,624757,598,345246,352,257735,32,21776,404,77297,572,284297,438,361594,California
San Joaquin,2021-06-24,188,624945,122,345368,46,257781,20,21796,113,77356,75,284372,134,361728,California
San Luis Obispo,2020-12-16,4,4,4,4,0,0,0,0,4,4,0,0,4,4,California
San Luis Obispo,2020-12-17,196,200,196,200,0,0,0,0,196,200,0,0,196,200,California
San Luis Obispo,2020-12-18,224,424,224,424,0,0,0,0,224,424,0,0,224,424,California
San Luis Obispo,2020-12-19,164,588,164,588,0,0,0,0,164,588,0,0,164,588,California
San Luis Obispo,2020-12-20,215,803,215,803,0,0,0,0,215,803,0,0,215,803,California
San Luis Obispo,2020-12-21,550,1353,549,1352,1,1,0,0,550,1353,0,0,550,1353,California
San Luis Obispo,2020-12-22,309,1662,305,1657,4,5,0,0,309,1662,0,0,309,1662,California
San Luis Obispo,2020-12-23,681,2343,367,2024,314,319,0,0,681,2343,0,0,681,2343,California
San Luis Obispo,2020-12-24,194,2537,19,2043,175,494,0,0,194,2537,0,0,194,2537,California
San Luis Obispo,2020-12-25,2,2539,1,2044,1,495,0,0,2,2539,0,0,2,2539,California
San Luis Obispo,2020-12-26,89,2628,12,2056,77,572,0,0,89,2628,0,0,89,2628,California
San Luis Obispo,2020-12-27,76,2704,0,2056,76,648,0,0,76,2704,0,0,76,2704,California
San Luis Obispo,2020-12-28,878,3582,429,2485,449,1097,0,0,878,3582,0,0,878,3582,California
San Luis Obispo,2020-12-29,904,4486,504,2989,400,1497,0,0,904,4486,0,0,904,4486,California
San Luis Obispo,2020-12-30,1173,5659,680,3669,493,1990,0,0,1173,5659,0,0,1173,5659,California
San Luis Obispo,2020-12-31,109,5768,4,3673,105,2095,0,0,109,5768,0,0,109,5768,California
San Luis Obispo,2021-01-01,17,5785,10,3683,7,2102,0,0,17,5785,0,0,17,5785,California
San Luis Obispo,2021-01-02,34,5819,8,3691,26,2128,0,0,34,5819,0,0,34,5819,California
San Luis Obispo,2021-01-03,17,5836,6,3697,11,2139,0,0,17,5836,0,0,17,5836,California
San Luis Obispo,2021-01-04,680,6516,524,4221,156,2295,0,0,680,6516,0,0,680,6516,California
San Luis Obispo,2021-01-05,973,7489,755,4976,218,2513,0,0,970,7483,3,3,970,7486,California
San Luis Obispo,2021-01-06,728,8217,481,5457,247,2760,0,0,720,8196,7,10,720,8206,California
San Luis Obispo,2021-01-07,1125,9342,948,6405,177,2937,0,0,682,8435,443,453,682,8888,California
San Luis Obispo,2021-01-08,883,10225,804,7209,79,3016,0,0,514,8581,368,821,514,9402,California
San Luis Obispo,2021-01-09,205,10430,195,7404,10,3026,0,0,28,8432,177,998,28,9430,California
San Luis Obispo,2021-01-10,12,10442,8,7412,4,3030,0,0,8,8436,4,1002,8,9438,California
San Luis Obispo,2021-01-11,560,11002,509,7921,51,3081,0,0,298,8473,261,1263,298,9736,California
San Luis Obispo,2021-01-12,600,11602,382,8303,218,3299,0,0,319,8511,281,1544,319,10055,California
San Luis Obispo,2021-01-13,887,12489,259,8562,628,3927,0,0,650,8926,235,1779,650,10705,California
San Luis Obispo,2021-01-14,728,13217,239,8801,489,4416,0,0,606,9419,113,1892,606,11311,California
San Luis Obispo,2021-01-15,734,13951,293,9094,441,4857,0,0,555,9800,174,2066,555,11866,California
San Luis Obispo,2021-01-16,101,14052,81,9175,20,4877,0,0,96,9891,5,2071,96,11962,California
San Luis Obispo,2021-01-17,63,14115,56,9231,7,4884,0,0,63,9954,0,2071,63,12025,California
San Luis Obispo,2021-01-18,1369,15484,388,9619,981,5865,0,0,1106,10797,263,2334,1106,13131,California
San Luis Obispo,2021-01-19,1582,17066,416,10035,1166,7031,0,0,1175,11565,407,2741,1175,14306,California
San Luis Obispo,2021-01-20,1893,18959,602,10637,1291,8322,0,0,1300,12275,591,3332,1301,15607,California
San Luis Obispo,2021-01-21,1580,20539,470,11107,1110,9432,0,0,1208,13116,368,3700,1209,16816,California
San Luis Obispo,2021-01-22,1525,22064,509,11616,1016,10448,0,0,1208,14009,315,4015,1208,18024,California
San Luis Obispo,2021-01-23,312,22376,293,11909,19,10467,0,0,296,14289,16,4031,296,18320,California
San Luis Obispo,2021-01-24,243,22619,235,12144,8,10475,0,0,237,14520,6,4037,237,18557,California
San Luis Obispo,2021-01-25,2075,24694,602,12746,1473,11948,0,0,1245,14935,830,4867,1245,19802,California
San Luis Obispo,2021-01-26,2003,26697,703,13449,1300,13248,0,0,1140,15212,863,5730,1140,20942,California
San Luis Obispo,2021-01-27,1608,28305,279,13728,1329,14577,0,0,1149,15902,459,6189,1149,22091,California
San Luis Obispo,2021-01-28,1495,29800,343,14071,1152,15729,0,0,1230,16869,263,6452,1230,23321,California
San Luis Obispo,2021-01-29,1747,31547,689,14760,1058,16787,0,0,1458,18038,289,6741,1458,24779,California
San Luis Obispo,2021-01-30,41,31588,19,14779,22,16809,0,0,29,18056,11,6752,29,24808,California
San Luis Obispo,2021-01-31,29,31617,19,14798,10,16819,0,0,27,18081,2,6754,27,24835,California
San Luis Obispo,2021-02-01,1714,33331,743,15541,971,17790,0,0,1408,19184,305,7059,1408,26243,California
San Luis Obispo,2021-02-02,1901,35232,680,16221,1221,19011,0,0,1527,20337,374,7433,1527,27770,California
San Luis Obispo,2021-02-03,1714,36946,730,16951,984,19995,0,0,1299,21221,415,7848,1299,29069,California
San Luis Obispo,2021-02-04,1665,38611,802,17753,863,20858,0,0,1098,21752,567,8415,1098,30167,California
San Luis Obispo,2021-02-05,1607,40218,717,18470,890,21748,0,0,1062,22269,546,8961,1063,31230,California
San Luis Obispo,2021-02-06,178,40396,108,18578,70,21818,0,0,98,22287,80,9041,98,31328,California
San Luis Obispo,2021-02-07,123,40519,78,18656,45,21863,0,0,72,22309,51,9092,73,31401,California
San Luis Obispo,2021-02-08,864,41383,472,19128,392,22255,0,0,502,22450,361,9453,502,31903,California
San Luis Obispo,2021-02-09,1128,42511,448,19576,680,22935,0,0,546,22427,576,10029,553,32456,California
San Luis Obispo,2021-02-10,1443,43954,493,20069,950,23885,0,0,528,22045,913,10942,531,32987,California
San Luis Obispo,2021-02-11,1336,45290,846,20915,490,24375,0,0,659,22029,675,11617,659,33646,California
San Luis Obispo,2021-02-12,784,46074,362,21277,422,24797,0,0,417,22079,367,11984,417,34063,California
San Luis Obispo,2021-02-13,396,46470,131,21408,265,25062,0,0,288,22260,107,12091,288,34351,California
San Luis Obispo,2021-02-14,323,46793,44,21452,279,25341,0,0,284,22506,39,12130,285,34636,California
San Luis Obispo,2021-02-15,730,47523,139,21591,591,25932,0,0,475,22727,254,12384,475,35111,California
San Luis Obispo,2021-02-16,2973,50496,1198,22789,1775,27707,0,0,1364,22482,1609,13993,1364,36475,California
San Luis Obispo,2021-02-17,2790,53286,1243,24032,1547,29254,0,0,1028,21757,1753,15746,1028,37503,California
San Luis Obispo,2021-02-18,2835,56121,1466,25498,1369,30623,0,0,1136,21204,1690,17436,1137,38640,California
San Luis Obispo,2021-02-19,1471,57592,1349,26847,122,30745,0,0,1139,22013,330,17766,1139,39779,California
San Luis Obispo,2021-02-20,257,57849,83,26930,174,30919,0,0,219,22194,38,17804,219,39998,California
San Luis Obispo,2021-02-21,57,57906,53,26983,4,30923,0,0,32,22201,25,17829,32,40030,California
San Luis Obispo,2021-02-22,2421,60327,1871,28854,550,31473,0,0,1472,22726,948,18777,1473,41503,California
San Luis Obispo,2021-02-23,1862,62189,1747,30601,115,31588,0,0,1366,23598,495,19272,1367,42870,California
San Luis Obispo,2021-02-24,2647,64836,1301,31902,1346,32934,0,0,836,22626,1808,21080,836,43706,California
San Luis Obispo,2021-02-25,2132,66968,1243,33145,889,33823,0,0,1207,22916,918,21998,1208,44914,California
San Luis Obispo,2021-02-26,2652,69620,1150,34295,1502,35325,0,0,1331,22936,1311,23309,1331,46245,California
San Luis Obispo,2021-02-27,583,70203,354,34649,229,35554,0,0,527,23407,56,23365,527,46772,California
San Luis Obispo,2021-02-28,194,70397,67,34716,127,35681,0,0,160,23534,33,23398,160,46932,California
San Luis Obispo,2021-03-01,3010,73407,1879,36595,1129,36810,2,2,2078,24683,932,24330,2081,49013,California
San Luis Obispo,2021-03-02,3042,76449,1912,38507,1130,37940,0,2,1887,25421,1150,25480,1888,50901,California
San Luis Obispo,2021-03-03,2349,78798,342,38849,2007,39947,0,2,854,24787,1489,26969,855,51756,California
San Luis Obispo,2021-03-04,2203,81001,1163,40012,1040,40987,0,2,1185,24959,1015,27984,1187,52943,California
San Luis Obispo,2021-03-05,2305,83306,1021,41033,1214,42201,70,72,1298,25334,993,28977,1368,54311,California
San Luis Obispo,2021-03-06,842,84148,312,41345,422,42623,108,180,619,25832,223,29200,721,55032,California
San Luis Obispo,2021-03-07,202,84350,34,41379,84,42707,84,264,74,25863,127,29327,158,55190,California
San Luis Obispo,2021-03-08,2738,87088,758,42137,1662,44369,318,582,1542,26532,1191,30518,1860,57050,California
San Luis Obispo,2021-03-09,2963,90051,974,43111,1741,46110,248,830,1531,26884,1428,31946,1780,58830,California
San Luis Obispo,2021-03-10,3199,93250,1241,44352,1676,47786,282,1112,1816,27603,1379,33325,2098,60928,California
San Luis Obispo,2021-03-11,3332,96582,1303,45655,1706,49492,323,1435,1810,28226,1510,34835,2133,63061,California
San Luis Obispo,2021-03-12,3240,99822,1257,46912,1643,51135,340,1775,1624,28584,1609,36444,1967,65028,California
San Luis Obispo,2021-03-13,802,100624,262,47174,431,51566,109,1884,431,28754,370,36814,540,65568,California
San Luis Obispo,2021-03-14,516,101140,54,47228,351,51917,111,1995,134,28619,380,37194,245,65813,California
San Luis Obispo,2021-03-15,3070,104210,1104,48332,1865,53782,101,2096,1530,28716,1537,38731,1634,67447,California
San Luis Obispo,2021-03-16,2860,107070,1511,49843,1239,55021,110,2206,1441,28854,1412,40143,1550,68997,California
San Luis Obispo,2021-03-17,3459,110529,1449,51292,1748,56769,262,2468,2007,29683,1440,41583,2269,71266,California
San Luis Obispo,2021-03-18,2824,113353,1449,52741,1161,57930,214,2682,1349,29777,1468,43051,1562,72828,California
San Luis Obispo,2021-03-19,2599,115952,1573,54314,704,58634,322,3004,963,29437,1627,44678,1287,74115,California
San Luis Obispo,2021-03-20,840,116792,501,54815,302,58936,37,3041,385,29405,454,45132,422,74537,California
San Luis Obispo,2021-03-21,189,116981,45,54860,140,59076,4,3045,159,29538,29,45161,162,74699,California
San Luis Obispo,2021-03-22,2764,119745,1174,56034,1542,60618,48,3093,1930,30686,830,45991,1978,76677,California
San Luis Obispo,2021-03-23,3346,123091,2225,58259,1092,61710,29,3122,2224,31822,1117,47108,2253,78930,California
San Luis Obispo,2021-03-24,3571,126662,2186,60445,1300,63010,85,3207,2661,33663,904,48012,2745,81675,California
San Luis Obispo,2021-03-25,3706,130368,2324,62769,1370,64380,12,3219,2653,35279,1048,49060,2664,84339,California
San Luis Obispo,2021-03-26,3254,133622,1801,64570,1021,65401,432,3651,1823,36108,1426,50486,2255,86594,California
San Luis Obispo,2021-03-27,995,134617,507,65077,397,65798,91,3742,451,36108,542,51028,542,87136,California
San Luis Obispo,2021-03-28,449,135066,155,65232,238,66036,56,3798,247,36210,201,51229,303,87439,California
San Luis Obispo,2021-03-29,2629,137695,1323,66555,1173,67209,133,3931,1681,37091,933,52162,1814,89253,California
San Luis Obispo,2021-03-30,3534,141229,1939,68494,1454,68663,141,4072,2345,38393,1182,53344,2484,91737,California
San Luis Obispo,2021-03-31,3895,145124,2478,70972,1269,69932,148,4220,2505,39666,1379,54723,2652,94389,California
San Luis Obispo,2021-04-01,3898,149022,2469,73441,1311,71243,118,4338,2718,41335,1165,55888,2834,97223,California
San Luis Obispo,2021-04-02,1760,150782,692,74133,753,71996,315,4653,956,41803,801,56689,1269,98492,California
San Luis Obispo,2021-04-03,1112,151894,556,74689,429,72425,127,4780,494,41810,614,57303,621,99113,California
San Luis Obispo,2021-04-04,388,152282,134,74823,214,72639,40,4820,240,41942,148,57451,280,99393,California
San Luis Obispo,2021-04-05,3615,155897,1940,76763,1562,74201,113,4933,2014,42471,1597,59048,2126,101519,California
San Luis Obispo,2021-04-06,4165,160062,2202,78965,1639,75840,324,5257,1979,42597,2177,61225,2303,103822,California
San Luis Obispo,2021-04-07,4289,164351,2345,81310,1577,77417,367,5624,2452,43591,1822,63047,2816,106638,California
San Luis Obispo,2021-04-08,3998,168349,2192,83502,1398,78815,408,6032,2136,44282,1853,64900,2544,109182,California
San Luis Obispo,2021-04-09,3690,172039,1756,85258,1173,79988,761,6793,1508,44375,2170,67070,2263,111445,California
San Luis Obispo,2021-04-10,1597,173636,570,85828,357,80345,670,7463,499,44443,1097,68167,1165,112610,California
San Luis Obispo,2021-04-11,317,173953,64,85892,186,80531,67,7530,126,44447,189,68356,193,112803,California
San Luis Obispo,2021-04-12,3420,177373,1720,87612,1538,82069,162,7692,1419,44028,1999,70355,1580,114383,California
San Luis Obispo,2021-04-13,3704,181077,2146,89758,1557,83626,1,7693,1988,44306,1712,72067,1990,116373,California
San Luis Obispo,2021-04-14,3616,184693,2063,91821,1548,85174,5,7698,1767,44246,1832,73899,1772,118145,California
San Luis Obispo,2021-04-15,3773,188466,2455,94276,1317,86491,1,7699,2031,44558,1721,75620,2033,120178,California
San Luis Obispo,2021-04-16,3685,192151,2248,96524,1433,87924,4,7703,1779,44442,1897,77517,1781,121959,California
San Luis Obispo,2021-04-17,1096,193247,434,96958,660,88584,2,7705,712,44773,383,77900,714,122673,California
San Luis Obispo,2021-04-18,326,193573,102,97060,223,88807,1,7706,115,44681,207,78107,115,122788,California
San Luis Obispo,2021-04-19,3208,196781,1354,98414,1816,90623,38,7744,1098,43714,2104,80211,1137,123925,California
San Luis Obispo,2021-04-20,3647,200428,2030,100444,1617,92240,0,7744,1341,42759,2296,82507,1341,125266,California
San Luis Obispo,2021-04-21,3987,204415,1838,102282,2149,94389,0,7744,1589,41974,2377,84884,1592,126858,California
San Luis Obispo,2021-04-22,4599,209014,2070,104352,2529,96918,0,7744,1415,40226,3165,88049,1417,128275,California
San Luis Obispo,2021-04-23,1416,210430,827,105179,585,97503,4,7748,703,40225,709,88758,708,128983,California
San Luis Obispo,2021-04-24,1083,211513,439,105618,625,98128,19,7767,509,40172,581,89339,528,129511,California
San Luis Obispo,2021-04-25,349,211862,163,105781,186,98314,0,7767,112,40050,234,89573,112,129623,California
San Luis Obispo,2021-04-26,1079,212941,394,106175,667,98981,18,7785,395,39790,672,90245,412,130035,California
San Luis Obispo,2021-04-27,3919,216860,1989,108164,1851,100832,79,7864,1531,39020,2379,92624,1609,131644,California
San Luis Obispo,2021-04-28,3802,220662,2097,110261,1633,102465,72,7936,1344,37990,2446,95070,1416,133060,California
San Luis Obispo,2021-04-29,3709,224371,2120,112381,1522,103987,67,8003,1243,36851,2450,97520,1311,134371,California
San Luis Obispo,2021-04-30,2988,227359,1676,114057,1238,105225,74,8077,920,35793,2050,99570,992,135363,California
San Luis Obispo,2021-05-01,472,227831,163,114220,274,105499,35,8112,98,35555,370,99940,132,135495,California
San Luis Obispo,2021-05-02,173,228004,54,114274,99,105598,20,8132,43,35488,130,100070,63,135558,California
San Luis Obispo,2021-05-03,892,228896,287,114561,494,106092,111,8243,223,35153,667,100737,332,135890,California
San Luis Obispo,2021-05-04,2948,231844,1906,116467,971,107063,71,8314,863,34006,2078,102815,931,136821,California
San Luis Obispo,2021-05-05,2828,234672,1870,118337,892,107955,66,8380,680,32617,2136,104951,747,137568,California
San Luis Obispo,2021-05-06,2832,237504,1909,120246,859,108814,64,8444,724,31314,2091,107042,788,138356,California
San Luis Obispo,2021-05-07,2345,239849,1770,122016,507,109321,68,8512,601,30261,1723,108765,670,139026,California
San Luis Obispo,2021-05-08,569,240418,334,122350,211,109532,24,8536,192,30119,358,109123,216,139242,California
San Luis Obispo,2021-05-09,166,240584,43,122393,104,109636,19,8555,46,30065,119,109242,65,139307,California
San Luis Obispo,2021-05-10,726,241310,154,122547,520,110156,52,8607,154,29702,567,109809,204,139511,California
San Luis Obispo,2021-05-11,1188,242498,596,123143,517,110673,75,8682,360,29315,822,110631,435,139946,California
San Luis Obispo,2021-05-12,2451,244949,1607,124750,761,111434,83,8765,674,28313,1759,112390,757,140703,California
San Luis Obispo,2021-05-13,1185,246134,717,125467,406,111840,62,8827,490,28175,689,113079,551,141254,California
San Luis Obispo,2021-05-14,2245,248379,1639,127106,554,112394,52,8879,923,27845,1304,114383,974,142228,California
San Luis Obispo,2021-05-15,989,249368,456,127562,499,112893,34,8913,464,27822,522,114905,499,142727,California
San Luis Obispo,2021-05-16,308,249676,164,127726,138,113031,6,8919,175,27871,132,115037,181,142908,California
San Luis Obispo,2021-05-17,1685,251361,975,128701,650,113681,60,8979,668,27591,1008,116045,728,143636,California
San Luis Obispo,2021-05-18,1893,253254,1159,129860,702,114383,32,9011,722,27181,1165,117210,755,144391,California
San Luis Obispo,2021-05-19,1450,254704,625,130485,762,115145,63,9074,409,26617,1035,118245,471,144862,California
San Luis Obispo,2021-05-20,1137,255841,498,130983,602,115747,37,9111,341,26210,785,119030,378,145240,California
San Luis Obispo,2021-05-21,1081,256922,573,131556,467,116214,41,9152,511,26202,560,119590,552,145792,California
San Luis Obispo,2021-05-22,682,257604,325,131881,334,116548,23,9175,343,26236,332,119922,366,146158,California
San Luis Obispo,2021-05-23,146,257750,68,131949,72,116620,6,9181,51,26199,94,120016,57,146215,California
San Luis Obispo,2021-05-24,561,258311,263,132212,264,116884,34,9215,202,26078,357,120373,236,146451,California
San Luis Obispo,2021-05-25,872,259183,429,132641,416,117300,27,9242,349,25938,515,120888,375,146826,California
San Luis Obispo,2021-05-26,2144,261327,993,133634,1096,118396,55,9297,671,25196,1467,122355,725,147551,California
San Luis Obispo,2021-05-27,1867,263194,666,134300,1169,119565,32,9329,490,24345,1372,123727,521,148072,California
San Luis Obispo,2021-05-28,895,264089,463,134763,411,119976,21,9350,476,24425,417,124144,497,148569,California
San Luis Obispo,2021-05-29,377,264466,153,134916,213,120189,11,9361,214,24489,162,124306,226,148795,California
San Luis Obispo,2021-05-30,89,264555,36,134952,45,120234,8,9369,34,24476,54,124360,41,148836,California
San Luis Obispo,2021-05-31,41,264596,5,134957,23,120257,13,9382,16,24480,24,124384,28,148864,California
San Luis Obispo,2021-06-01,746,265342,325,135282,391,120648,30,9412,267,24303,475,124859,298,149162,California
San Luis Obispo,2021-06-02,631,265973,288,135570,303,120951,40,9452,187,24091,438,125297,226,149388,California
San Luis Obispo,2021-06-03,913,266886,452,136022,430,121381,31,9483,253,23718,657,125954,284,149672,California
San Luis Obispo,2021-06-04,2463,269349,1520,137542,903,122284,40,9523,701,22707,1750,127704,739,150411,California
San Luis Obispo,2021-06-05,662,270011,288,137830,353,122637,21,9544,323,22713,338,128042,344,150755,California
San Luis Obispo,2021-06-06,185,270196,132,137962,44,122681,9,9553,46,22629,139,128181,55,150810,California
San Luis Obispo,2021-06-07,545,270741,358,138320,149,122830,38,9591,156,22436,387,128568,194,151004,California
San Luis Obispo,2021-06-08,782,271523,525,138845,216,123046,41,9632,245,22189,533,129101,286,151290,California
San Luis Obispo,2021-06-09,622,272145,354,139199,237,123283,31,9663,185,21970,435,129536,216,151506,California
San Luis Obispo,2021-06-10,757,272902,365,139564,353,123636,39,9702,228,21710,527,130063,267,151773,California
San Luis Obispo,2021-06-11,924,273826,541,140105,347,123983,36,9738,344,21515,576,130639,381,152154,California
San Luis Obispo,2021-06-12,391,274217,267,140372,121,124104,3,9741,167,21462,223,130862,170,152324,California
San Luis Obispo,2021-06-13,159,274376,91,140463,65,124169,3,9744,42,21390,117,130979,45,152369,California
San Luis Obispo,2021-06-14,455,274831,298,140761,126,124295,31,9775,130,21227,322,131301,159,152528,California
San Luis Obispo,2021-06-15,638,275469,397,141158,203,124498,38,9813,237,21104,397,131698,274,152802,California
San Luis Obispo,2021-06-16,604,276073,361,141519,212,124710,31,9844,179,20895,418,132116,209,153011,California
San Luis Obispo,2021-06-17,598,276671,341,141860,231,124941,26,9870,199,20722,398,132514,225,153236,California
San Luis Obispo,2021-06-18,772,277443,505,142365,221,125162,46,9916,272,20545,496,133010,319,153555,California
San Luis Obispo,2021-06-19,266,277709,151,142516,101,125263,14,9930,101,20497,163,133173,115,153670,California
San Luis Obispo,2021-06-20,109,277818,72,142588,29,125292,8,9938,44,20485,64,133237,52,153722,California
San Luis Obispo,2021-06-21,350,278168,221,142809,103,125395,26,9964,156,20475,192,133429,182,153904,California
San Luis Obispo,2021-06-22,611,278779,360,143169,221,125616,30,9994,273,20442,336,133765,303,154207,California
San Luis Obispo,2021-06-23,480,279259,266,143435,193,125809,21,10015,227,20437,253,134018,248,154455,California
San Luis Obispo,2021-06-24,163,279422,77,143512,85,125894,1,10016,77,20430,85,134103,78,154533,California
San Mateo,2020-12-15,27,27,27,27,0,0,0,0,27,27,0,0,27,27,California
San Mateo,2020-12-16,112,139,112,139,0,0,0,0,112,139,0,0,112,139,California
San Mateo,2020-12-17,174,313,174,313,0,0,0,0,174,313,0,0,174,313,California
San Mateo,2020-12-18,774,1087,772,1085,2,2,0,0,774,1087,0,0,774,1087,California
San Mateo,2020-12-19,518,1605,518,1603,0,2,0,0,518,1605,0,0,518,1605,California
San Mateo,2020-12-20,506,2111,505,2108,1,3,0,0,506,2111,0,0,506,2111,California
San Mateo,2020-12-21,1147,3258,1146,3254,1,4,0,0,1147,3258,0,0,1147,3258,California
San Mateo,2020-12-22,1517,4775,1509,4763,8,12,0,0,1516,4773,1,1,1516,4774,California
San Mateo,2020-12-23,1571,6346,1380,6143,191,203,0,0,1571,6344,0,1,1571,6345,California
San Mateo,2020-12-24,868,7214,609,6752,259,462,0,0,868,7212,0,1,868,7213,California
San Mateo,2020-12-25,114,7328,110,6862,4,466,0,0,114,7326,0,1,114,7327,California
San Mateo,2020-12-26,563,7891,418,7280,145,611,0,0,563,7889,0,1,563,7890,California
San Mateo,2020-12-27,304,8195,173,7453,131,742,0,0,304,8193,0,1,304,8194,California
San Mateo,2020-12-28,1059,9254,709,8162,350,1092,0,0,1059,9252,0,1,1059,9253,California
San Mateo,2020-12-29,1140,10394,716,8878,424,1516,0,0,1140,10392,0,1,1140,10393,California
San Mateo,2020-12-30,1269,11663,764,9642,505,2021,0,0,1269,11661,0,1,1269,11662,California
San Mateo,2020-12-31,713,12376,230,9872,483,2504,0,0,712,12372,1,2,712,12374,California
San Mateo,2021-01-01,114,12490,78,9950,36,2540,0,0,114,12486,0,2,114,12488,California
San Mateo,2021-01-02,404,12894,273,10223,131,2671,0,0,404,12890,0,2,404,12892,California
San Mateo,2021-01-03,284,13178,209,10432,75,2746,0,0,281,13168,3,5,281,13173,California
San Mateo,2021-01-04,1054,14232,681,11113,373,3119,0,0,1054,14222,0,5,1054,14227,California
San Mateo,2021-01-05,1216,15448,715,11828,501,3620,0,0,1183,15373,33,38,1184,15411,California
San Mateo,2021-01-06,1461,16909,959,12787,502,4122,0,0,1267,16450,191,229,1268,16679,California
San Mateo,2021-01-07,1463,18372,816,13603,647,4769,0,0,1152,17299,304,533,1153,17832,California
San Mateo,2021-01-08,1856,20228,1201,14804,655,5424,0,0,1141,17732,708,1241,1141,18973,California
San Mateo,2021-01-09,1186,21414,782,15586,404,5828,0,0,722,17990,464,1705,722,19695,California
San Mateo,2021-01-10,708,22122,579,16165,129,5957,0,0,267,17816,441,2146,267,19962,California
San Mateo,2021-01-11,2612,24734,1506,17671,1106,7063,0,0,1535,18276,1077,3223,1537,21499,California
San Mateo,2021-01-12,3452,28186,1938,19609,1514,8577,0,0,2229,19295,1214,4437,2233,23732,California
San Mateo,2021-01-13,3421,31607,1673,21282,1748,10325,0,0,2370,20616,1051,5488,2372,26104,California
San Mateo,2021-01-14,3801,35408,1608,22890,2193,12518,0,0,3100,23020,701,6189,3105,29209,California
San Mateo,2021-01-15,4351,39759,1735,24625,2616,15134,0,0,3802,26278,546,6735,3804,33013,California
San Mateo,2021-01-16,3089,42848,771,25396,2318,17452,0,0,2758,28707,330,7065,2759,35772,California
San Mateo,2021-01-17,1314,44162,303,25699,1011,18463,0,0,1110,29613,204,7269,1110,36882,California
San Mateo,2021-01-18,1371,45533,542,26241,829,19292,0,0,991,30227,377,7646,991,37873,California
San Mateo,2021-01-19,2811,48344,1800,28041,1011,20303,0,0,2006,31431,802,8448,2006,39879,California
San Mateo,2021-01-20,2817,51161,1553,29594,1264,21567,0,0,1967,32552,847,9295,1968,41847,California
San Mateo,2021-01-21,2889,54050,1309,30903,1580,23147,0,0,2297,34262,590,9885,2300,44147,California
San Mateo,2021-01-22,2835,56885,1146,32049,1689,24836,0,0,2527,36485,305,10190,2528,46675,California
San Mateo,2021-01-23,2897,59782,1688,33737,1209,26045,0,0,2528,38645,369,10559,2529,49204,California
San Mateo,2021-01-24,1517,61299,376,34113,1141,27186,0,0,1206,39542,310,10869,1207,50411,California
San Mateo,2021-01-25,4432,65731,3152,37265,1280,28466,0,0,3523,42163,906,11775,3527,53938,California
San Mateo,2021-01-26,4351,70082,3007,40272,1344,29810,0,0,3416,44647,933,12708,3417,57355,California
San Mateo,2021-01-27,2833,72915,1479,41751,1354,31164,0,0,1823,45467,1004,13712,1824,59179,California
San Mateo,2021-01-28,2831,75746,1369,43120,1462,32626,0,0,1973,46598,842,14554,1973,61152,California
San Mateo,2021-01-29,3028,78774,1358,44478,1670,34296,0,0,2178,47930,848,15402,2180,63332,California
San Mateo,2021-01-30,3420,82194,1490,45968,1930,36226,0,0,2952,50416,467,15869,2953,66285,California
San Mateo,2021-01-31,1694,83888,901,46869,793,37019,0,0,1530,51784,162,16031,1530,67815,California
San Mateo,2021-02-01,2967,86855,1371,48240,1596,38615,0,0,2236,53294,727,16758,2237,70052,California
San Mateo,2021-02-02,3254,90109,1750,49990,1504,40119,0,0,2210,54463,1041,17799,2210,72262,California
San Mateo,2021-02-03,5032,95141,2077,52067,2955,43074,0,0,3881,57197,1148,18947,3882,76144,California
San Mateo,2021-02-04,6247,101388,2506,54573,3741,46815,0,0,4964,60887,1278,20225,4968,81112,California
San Mateo,2021-02-05,6842,108230,2555,57128,4287,51102,0,0,5006,64075,1818,22043,5006,86118,California
San Mateo,2021-02-06,3287,111517,1913,59041,1374,52476,0,0,2626,66043,660,22703,2628,88746,California
San Mateo,2021-02-07,1901,113418,1343,60384,558,53034,0,0,1710,67562,191,22894,1710,90456,California
San Mateo,2021-02-08,5302,118720,2265,62649,3037,56071,0,0,3127,68579,2110,25004,3127,93583,California
San Mateo,2021-02-09,6196,124916,3221,65870,2975,59046,0,0,3340,69069,2850,27854,3340,96923,California
San Mateo,2021-02-10,6536,131452,3286,69156,3250,62296,0,0,3439,69424,3084,30938,3439,100362,California
San Mateo,2021-02-11,7105,138557,3600,72756,3505,65801,0,0,3813,69957,3283,34221,3816,104178,California
San Mateo,2021-02-12,6676,145233,2998,75754,3678,69479,0,0,4724,72735,1948,36169,4726,108904,California
San Mateo,2021-02-13,6142,151375,4029,79783,2113,71592,0,0,2648,71894,3489,39658,2648,111552,California
San Mateo,2021-02-14,4656,156031,3029,82812,1627,73219,0,0,1988,71221,2662,42320,1989,113541,California
San Mateo,2021-02-15,3177,159208,1460,84272,1717,74936,0,0,1795,71641,1376,43696,1796,115337,California
San Mateo,2021-02-16,7186,166394,1904,86176,5282,80218,0,0,5292,75043,1892,45588,5294,120631,California
San Mateo,2021-02-17,7109,173503,1980,88156,5129,85347,0,0,5049,78038,2055,47643,5050,125681,California
San Mateo,2021-02-18,6718,180221,4627,92783,2091,87438,0,0,4457,80241,2257,49900,4460,130141,California
San Mateo,2021-02-19,7858,188079,5616,98399,2242,89680,0,0,5816,84022,2035,51935,5816,135957,California
San Mateo,2021-02-20,3796,191875,2452,100851,1344,91024,0,0,2341,84917,1447,53382,2342,138299,California
San Mateo,2021-02-21,2668,194543,1807,102658,861,91885,0,0,1590,85437,1071,54453,1591,139890,California
San Mateo,2021-02-22,4496,199039,3259,105917,1237,93122,0,0,2832,86612,1658,56111,2833,142723,California
San Mateo,2021-02-23,4417,203456,3158,109075,1259,94381,0,0,2575,87354,1833,57944,2575,145298,California
San Mateo,2021-02-24,7387,210843,3328,112403,4059,98440,0,0,4897,89771,2481,60425,4898,150196,California
San Mateo,2021-02-25,9317,220160,4150,116553,5167,103607,0,0,6143,92758,3157,63582,6144,156340,California
San Mateo,2021-02-26,10074,230234,3891,120444,6183,109790,0,0,6976,96655,3083,66665,6980,163320,California
San Mateo,2021-02-27,6910,237144,3569,124013,3340,113130,1,1,3763,97285,3140,69805,3770,167090,California
San Mateo,2021-02-28,4467,241611,2757,126770,1710,114840,0,1,2684,98195,1775,71580,2685,169775,California
San Mateo,2021-03-01,6049,247660,3811,130581,2234,117074,4,5,2991,98149,3043,74623,2997,172772,California
San Mateo,2021-03-02,6291,253951,4465,135046,1825,118899,1,6,3618,99104,2665,77288,3620,176392,California
San Mateo,2021-03-03,8547,262498,4040,139086,4505,123404,2,8,3707,97986,4827,82115,3709,180101,California
San Mateo,2021-03-04,8571,271069,4021,143107,4546,127950,4,12,3876,97196,4672,86787,3882,183983,California
San Mateo,2021-03-05,9399,280468,6257,149364,3138,131088,4,16,6587,101000,2790,89577,6594,190577,California
San Mateo,2021-03-06,7999,288467,5567,154931,2256,133344,176,192,5863,104915,2124,91701,6039,196616,California
San Mateo,2021-03-07,3630,292097,2456,157387,1103,134447,71,263,2140,105642,1486,93187,2213,198829,California
San Mateo,2021-03-08,4555,296652,2575,159962,1760,136207,220,483,3328,107968,1220,94407,3546,202375,California
San Mateo,2021-03-09,5351,302003,2871,162833,2204,138411,276,759,3726,110354,1613,96020,3999,206374,California
San Mateo,2021-03-10,7277,309280,2956,165789,4035,142446,286,1045,4837,113051,2424,98444,5121,211495,California
San Mateo,2021-03-11,9196,318476,5764,171553,3039,145485,393,1438,3736,111749,5427,103871,4125,215620,California
San Mateo,2021-03-12,10654,329130,6707,178260,3559,149044,388,1826,3598,108699,7035,110906,3985,219605,California
San Mateo,2021-03-13,8252,337382,3535,181795,3083,152127,1634,3460,3982,110051,4254,115160,5606,225211,California
San Mateo,2021-03-14,5031,342413,3396,185191,1527,153654,108,3568,2657,110450,2366,117526,2765,227976,California
San Mateo,2021-03-15,7244,349657,4677,189868,2388,156042,179,3747,3802,110998,3435,120961,3983,231959,California
San Mateo,2021-03-16,12026,361683,4435,194303,7467,163509,124,3871,4842,108802,7165,128126,4969,236928,California
San Mateo,2021-03-17,10979,372662,4474,198777,6359,169868,146,4017,4962,107924,5988,134114,5110,242038,California
San Mateo,2021-03-18,7408,380070,4149,202926,3069,172937,190,4207,4400,109512,3000,137114,4588,246626,California
San Mateo,2021-03-19,7592,387662,4898,207824,2021,174958,673,4880,3645,109894,3936,141050,4318,250944,California
San Mateo,2021-03-20,8418,396080,6551,214375,1532,176490,335,5215,5367,112564,3032,144082,5702,256646,California
San Mateo,2021-03-21,4274,400354,3235,217610,806,177296,233,5448,2282,113095,1981,146063,2512,259158,California
San Mateo,2021-03-22,5363,405717,3645,221255,1293,178589,425,5873,2822,113815,2526,148589,3246,262404,California
San Mateo,2021-03-23,9961,415678,4589,225844,5174,183763,198,6071,4498,113079,5431,154020,4695,267099,California
San Mateo,2021-03-24,9601,425279,5548,231392,3907,187670,146,6217,4110,111917,5415,159435,4253,271352,California
San Mateo,2021-03-25,10204,435483,5018,236410,4917,192587,269,6486,4458,111006,5641,165076,4730,276082,California
San Mateo,2021-03-26,11352,446835,7796,244206,3388,195975,168,6654,4337,108540,6972,172048,4506,280588,California
San Mateo,2021-03-27,10603,457438,8109,252315,2385,198360,109,6763,4670,107404,5914,177962,4778,285366,California
San Mateo,2021-03-28,4301,461739,2783,255098,1405,199765,113,6876,1999,107225,2292,180254,2113,287479,California
San Mateo,2021-03-29,6119,467858,3795,258893,2068,201833,256,7132,2741,106863,3359,183613,2997,290476,California
San Mateo,2021-03-30,7214,475072,4102,262995,2958,204791,154,7286,3882,107583,3316,186929,4036,294512,California
San Mateo,2021-03-31,7369,482441,4651,267646,2576,207367,142,7428,3873,108120,3478,190407,4015,298527,California
San Mateo,2021-04-01,10699,493140,5281,272927,4200,211567,1218,8646,5734,110154,4914,195321,6948,305475,California
San Mateo,2021-04-02,10969,504109,5239,278166,4130,215697,1600,10246,5766,112332,5179,200500,7357,312832,California
San Mateo,2021-04-03,10037,514146,5783,283949,2480,218177,1774,12020,5120,114317,4907,205407,6892,319724,California
San Mateo,2021-04-04,5469,519615,2636,286585,1576,219753,1257,13277,1706,113530,3747,209154,2960,322684,California
San Mateo,2021-04-05,9066,528681,4826,291411,2494,222247,1746,15023,3876,113976,5172,214326,5618,328302,California
San Mateo,2021-04-06,13285,541966,8297,299708,3128,225375,1860,16883,7570,117711,5699,220025,9434,337736,California
San Mateo,2021-04-07,11525,553491,5344,305052,4482,229857,1699,18582,4891,117680,6613,226638,6582,344318,California
San Mateo,2021-04-08,10270,563761,5118,310170,2536,232393,2616,21198,4550,119132,5700,232338,7152,351470,California
San Mateo,2021-04-09,11453,575214,5583,315753,3369,235762,2501,23699,5133,120441,6316,238654,7625,359095,California
San Mateo,2021-04-10,11314,586528,5755,321508,4112,239874,1447,25146,4682,119962,6600,245254,6121,365216,California
San Mateo,2021-04-11,6659,593187,3308,324816,879,240753,2472,27618,2321,120419,4331,249585,4788,370004,California
San Mateo,2021-04-12,7431,600618,4529,329345,1922,242675,980,28598,3583,121151,3826,253411,4558,374562,California
San Mateo,2021-04-13,8299,608917,5163,334508,3125,245800,11,28609,4384,121646,3902,257313,4397,378959,California
San Mateo,2021-04-14,8435,617352,5437,339945,2997,248797,1,28610,4307,121853,4109,261422,4316,383275,California
San Mateo,2021-04-15,11295,628647,7488,347433,3805,252602,2,28612,7358,125305,3910,265332,7362,390637,California
San Mateo,2021-04-16,10157,638804,6970,354403,3171,255773,16,28628,6422,128038,3711,269043,6444,397081,California
San Mateo,2021-04-17,9860,648664,6563,360966,3295,259068,2,28630,6236,130669,3613,272656,6244,403325,California
San Mateo,2021-04-18,5504,654168,2637,363603,2867,261935,0,28630,3701,132586,1790,274446,3707,407032,California
San Mateo,2021-04-19,8471,662639,5499,369102,2972,264907,0,28630,5497,135137,2958,277404,5509,412541,California
San Mateo,2021-04-20,10436,673075,5808,374910,4627,269534,1,28631,6672,138081,3740,281144,6684,419225,California
San Mateo,2021-04-21,9128,682203,6134,381044,2992,272526,2,28633,5622,140227,3484,284628,5630,424855,California
San Mateo,2021-04-22,9765,691968,6515,387559,3249,275775,1,28634,5431,141365,4298,288926,5436,430291,California
San Mateo,2021-04-23,9585,701553,6303,393862,3282,279057,0,28634,5377,142580,4180,293106,5395,435686,California
San Mateo,2021-04-24,11302,712855,8054,401916,3248,282305,0,28634,5819,142950,5460,298566,5830,441516,California
San Mateo,2021-04-25,5558,718413,3878,405794,1678,283983,2,28636,3951,145325,1591,300157,3966,445482,California
San Mateo,2021-04-26,6715,725128,4827,410621,1880,285863,8,28644,3905,146454,2796,302953,3925,449407,California
San Mateo,2021-04-27,11434,736562,8023,418644,3256,289119,155,28799,4673,144562,6728,309681,4836,454243,California
San Mateo,2021-04-28,7954,744516,4530,423174,3219,292338,205,29004,4241,145318,3697,313378,4453,458696,California
San Mateo,2021-04-29,8169,752685,3803,426977,4193,296531,173,29177,3685,144738,4455,317833,3875,462571,California
San Mateo,2021-04-30,8194,760879,5106,432083,2934,299465,154,29331,3451,143647,4715,322548,3624,466195,California
San Mateo,2021-05-01,6206,767085,4148,436231,1940,301405,118,29449,2681,142953,3507,326055,2813,469008,California
San Mateo,2021-05-02,3193,770278,1753,437984,1370,302775,70,29519,1153,142150,2031,328086,1228,470236,California
San Mateo,2021-05-03,6092,776370,4540,442524,1407,304182,145,29664,1853,139922,4228,332314,2000,472236,California
San Mateo,2021-05-04,7412,783782,5038,447562,2202,306384,172,29836,2510,137736,4887,337201,2701,474937,California
San Mateo,2021-05-05,7058,790840,4652,452214,2247,308631,159,29995,2425,135721,4603,341804,2588,477525,California
San Mateo,2021-05-06,8620,799460,6736,458950,1709,310340,175,30170,1760,130820,6840,348644,1939,479464,California
San Mateo,2021-05-07,8236,807696,5886,464836,2065,312405,285,30455,1836,126579,6375,355019,2134,481598,California
San Mateo,2021-05-08,6674,814370,4048,468884,2387,314792,239,30694,1838,123837,4823,359842,2081,483679,California
San Mateo,2021-05-09,3133,817503,2439,471323,620,315412,74,30768,1060,122909,2062,361904,1134,484813,California
San Mateo,2021-05-10,4635,822138,3329,474652,1136,316548,170,30938,758,119979,3867,365771,937,485750,California
San Mateo,2021-05-11,6772,828910,5071,479723,1572,318120,129,31067,1728,116811,5029,370800,1861,487611,California
San Mateo,2021-05-12,6967,835877,5050,484773,1702,319822,215,31282,1793,113664,5159,375959,2012,489623,California
San Mateo,2021-05-13,9767,845644,7348,492121,2322,322144,97,31379,3640,111322,6093,382052,3751,493374,California
San Mateo,2021-05-14,8569,854213,6348,498469,2106,324250,115,31494,2793,108479,5758,387810,2915,496289,California
San Mateo,2021-05-15,10636,864849,8336,506805,2198,326448,102,31596,4715,107409,5908,393718,4838,501127,California
San Mateo,2021-05-16,7148,871997,5087,511892,1991,328439,70,31666,2176,104704,4952,398670,2247,503374,California
San Mateo,2021-05-17,7092,879089,5012,516904,1971,330410,109,31775,2151,102041,4926,403596,2263,505637,California
San Mateo,2021-05-18,8500,887589,5866,522770,2536,332946,98,31873,3109,99989,5265,408861,3213,508850,California
San Mateo,2021-05-19,7925,895514,5909,528679,1894,334840,122,31995,3700,99636,4178,413039,3825,512675,California
San Mateo,2021-05-20,5647,901161,3476,532155,2037,336877,134,32129,2251,98651,3372,416411,2387,515062,California
San Mateo,2021-05-21,7028,908189,4782,536937,2101,338978,145,32274,2044,95878,4962,421373,2189,517251,California
San Mateo,2021-05-22,6340,914529,4311,541248,1962,340940,67,32341,2624,94874,3697,425070,2693,519944,California
San Mateo,2021-05-23,2972,917501,1643,542891,1240,342180,89,32430,1146,94295,1814,426884,1235,521179,California
San Mateo,2021-05-24,3476,920977,2255,545146,1072,343252,149,32579,1119,93224,2337,429221,1266,522445,California
San Mateo,2021-05-25,4783,925760,3013,548159,1590,344842,180,32759,1580,91825,3181,432402,1782,524227,California
San Mateo,2021-05-26,5718,931478,3076,551235,2524,347366,118,32877,1785,89830,3911,436313,1916,526143,California
San Mateo,2021-05-27,3773,935251,2203,553438,1471,348837,99,32976,1220,88619,2528,438841,1317,527460,California
San Mateo,2021-05-28,3518,938769,2206,555644,1227,350064,85,33061,1335,87896,2143,440984,1420,528880,California
San Mateo,2021-05-29,3225,941994,2281,557925,893,350957,51,33112,1308,87363,1892,442876,1359,530239,California
San Mateo,2021-05-30,1627,943621,1098,559023,468,351425,61,33173,646,87098,972,443848,707,530946,California
San Mateo,2021-05-31,437,944058,274,559297,155,351580,8,33181,159,86989,276,444124,167,531113,California
San Mateo,2021-06-01,3338,947396,1973,561270,1269,352849,96,33277,1044,85849,2281,446405,1141,532254,California
San Mateo,2021-06-02,2774,950170,1839,563109,857,353706,78,33355,1103,85383,1655,448060,1189,533443,California
San Mateo,2021-06-03,3814,953984,2996,566105,705,354411,113,33468,843,83380,2957,451017,954,534397,California
San Mateo,2021-06-04,4128,958112,3182,569287,851,355262,95,33563,1126,81605,2983,454000,1208,535605,California
San Mateo,2021-06-05,5143,963255,4494,573781,549,355811,100,33663,964,78521,4148,458148,1064,536669,California
San Mateo,2021-06-06,2495,965750,2057,575838,377,356188,61,33724,536,77176,1938,460086,593,537262,California
San Mateo,2021-06-07,3113,968863,2610,578448,423,356611,80,33804,782,75713,2324,462410,861,538123,California
San Mateo,2021-06-08,4073,972936,3444,581892,525,357136,104,33908,1002,73784,3036,465446,1107,539230,California
San Mateo,2021-06-09,4141,977077,3567,585459,504,357640,70,33978,622,70967,3507,468953,690,539920,California
San Mateo,2021-06-10,2959,980036,2390,587849,453,358093,116,34094,757,69655,2186,471139,874,540794,California
San Mateo,2021-06-11,2847,982883,2285,590134,451,358544,111,34205,910,68748,1928,473067,1021,541815,California
San Mateo,2021-06-12,3140,986023,2802,592936,258,358802,80,34285,772,67247,2353,475420,852,542667,California
San Mateo,2021-06-13,1403,987426,1054,593990,286,359088,63,34348,361,66642,1029,476449,424,543091,California
San Mateo,2021-06-14,2423,989849,2095,596085,246,359334,82,34430,781,65894,1611,478060,863,543954,California
San Mateo,2021-06-15,2261,992110,1797,597882,345,359679,119,34549,688,65145,1556,479616,807,544761,California
San Mateo,2021-06-16,2436,994546,2025,599907,261,359940,150,34699,707,64311,1686,481302,852,545613,California
San Mateo,2021-06-17,1942,996488,1606,601513,248,360188,88,34787,691,63888,1202,482504,779,546392,California
San Mateo,2021-06-18,2124,998612,1786,603299,263,360451,75,34862,618,63090,1487,483991,689,547081,California
San Mateo,2021-06-19,1777,1000389,1561,604860,157,360608,59,34921,589,62620,1117,485108,647,547728,California
San Mateo,2021-06-20,769,1001158,698,605558,60,360668,11,34932,288,62472,447,485555,299,548027,California
San Mateo,2021-06-21,1224,1002382,917,606475,238,360906,69,35001,597,62519,621,486176,668,548695,California
San Mateo,2021-06-22,1564,1003946,1273,607748,203,361109,88,35089,590,62239,957,487133,677,549372,California
San Mateo,2021-06-23,1732,1005678,1464,609212,172,361281,96,35185,590,61807,1118,488251,686,550058,California
San Mateo,2021-06-24,790,1006468,563,609775,144,361425,83,35268,238,61581,544,488795,318,550376,California
Santa Barbara,2020-12-15,2,2,2,2,0,0,0,0,2,2,0,0,2,2,California
Santa Barbara,2020-12-16,2,4,2,4,0,0,0,0,2,4,0,0,2,4,California
Santa Barbara,2020-12-17,56,60,56,60,0,0,0,0,56,60,0,0,56,60,California
Santa Barbara,2020-12-18,382,442,381,441,1,1,0,0,382,442,0,0,382,442,California
Santa Barbara,2020-12-19,325,767,325,766,0,1,0,0,325,767,0,0,325,767,California
Santa Barbara,2020-12-20,236,1003,236,1002,0,1,0,0,236,1003,0,0,236,1003,California
Santa Barbara,2020-12-21,656,1659,654,1656,2,3,0,0,656,1659,0,0,656,1659,California
Santa Barbara,2020-12-22,247,1906,245,1901,2,5,0,0,247,1906,0,0,247,1906,California
Santa Barbara,2020-12-23,325,2231,207,2108,118,123,0,0,325,2231,0,0,325,2231,California
Santa Barbara,2020-12-24,88,2319,40,2148,48,171,0,0,88,2319,0,0,88,2319,California
Santa Barbara,2020-12-26,326,2645,66,2214,260,431,0,0,326,2645,0,0,326,2645,California
Santa Barbara,2020-12-27,62,2707,1,2215,61,492,0,0,62,2707,0,0,62,2707,California
Santa Barbara,2020-12-28,358,3065,225,2440,133,625,0,0,358,3065,0,0,358,3065,California
Santa Barbara,2020-12-29,561,3626,358,2798,203,828,0,0,561,3626,0,0,561,3626,California
Santa Barbara,2020-12-30,582,4208,399,3197,183,1011,0,0,582,4208,0,0,582,4208,California
Santa Barbara,2020-12-31,243,4451,115,3312,128,1139,0,0,243,4451,0,0,243,4451,California
Santa Barbara,2021-01-01,117,4568,111,3423,6,1145,0,0,117,4568,0,0,117,4568,California
Santa Barbara,2021-01-02,598,5166,232,3655,366,1511,0,0,598,5166,0,0,598,5166,California
Santa Barbara,2021-01-03,23,5189,15,3670,8,1519,0,0,23,5189,0,0,23,5189,California
Santa Barbara,2021-01-04,306,5495,243,3913,63,1582,0,0,305,5494,0,0,305,5494,California
Santa Barbara,2021-01-05,756,6251,380,4293,376,1958,0,0,728,6194,28,28,728,6222,California
Santa Barbara,2021-01-06,658,6909,276,4569,382,2340,0,0,597,6731,60,88,597,6819,California
Santa Barbara,2021-01-07,1032,7941,709,5278,323,2663,0,0,528,6759,500,588,528,7347,California
Santa Barbara,2021-01-08,1208,9149,848,6126,360,3023,0,0,713,6977,495,1083,713,8060,California
Santa Barbara,2021-01-09,565,9714,293,6419,272,3295,0,0,319,7050,246,1329,319,8379,California
Santa Barbara,2021-01-10,64,9778,51,6470,13,3308,0,0,47,7080,17,1346,47,8426,California
Santa Barbara,2021-01-11,846,10624,677,7147,169,3477,0,0,618,7471,227,1573,618,9044,California
Santa Barbara,2021-01-12,1445,12069,648,7795,797,4274,0,0,1285,8596,160,1733,1285,10329,California
Santa Barbara,2021-01-13,1221,13290,270,8065,951,5225,0,0,1094,9563,127,1860,1094,11423,California
Santa Barbara,2021-01-14,1257,14547,139,8204,1118,6343,0,0,1201,10710,55,1915,1202,12625,California
Santa Barbara,2021-01-15,1805,16352,421,8625,1384,7727,0,0,1722,12351,81,1996,1722,14347,California
Santa Barbara,2021-01-16,1279,17631,203,8828,1076,8803,0,0,1239,13551,39,2035,1239,15586,California
Santa Barbara,2021-01-17,126,17757,23,8851,103,8906,0,0,123,13671,3,2038,123,15709,California
Santa Barbara,2021-01-18,1154,18911,420,9271,734,9640,0,0,968,14453,186,2224,968,16677,California
Santa Barbara,2021-01-19,1642,20553,570,9841,1072,10712,0,0,1362,15538,277,2501,1362,18039,California
Santa Barbara,2021-01-20,2118,22671,550,10391,1568,12280,0,0,1759,16939,358,2859,1759,19798,California
Santa Barbara,2021-01-21,3205,25876,1923,12314,1282,13562,0,0,3045,19825,160,3019,3046,22844,California
Santa Barbara,2021-01-22,2940,28816,1783,14097,1157,14719,0,0,2776,22441,161,3180,2777,25621,California
Santa Barbara,2021-01-23,1734,30550,1104,15201,630,15349,0,0,1218,23144,515,3695,1218,26839,California
Santa Barbara,2021-01-24,843,31393,750,15951,93,15442,0,0,833,23967,10,3705,833,27672,California
Santa Barbara,2021-01-25,1240,32633,493,16444,747,16189,0,0,1004,24735,236,3941,1004,28676,California
Santa Barbara,2021-01-26,2051,34684,466,16910,1585,17774,0,0,1666,26018,383,4324,1666,30342,California
Santa Barbara,2021-01-27,1173,35857,402,17312,771,18545,0,0,911,26670,261,4585,913,31255,California
Santa Barbara,2021-01-28,898,36755,295,17607,603,19148,0,0,682,27140,212,4797,682,31937,California
Santa Barbara,2021-01-29,1355,38110,534,18141,821,19969,0,0,991,27773,360,5157,993,32930,California
Santa Barbara,2021-01-30,1908,40018,1420,19561,488,20457,0,0,1491,28850,414,5571,1491,34421,California
Santa Barbara,2021-01-31,1453,41471,1213,20774,240,20697,0,0,1414,30225,39,5610,1414,35835,California
Santa Barbara,2021-02-01,954,42425,527,21301,427,21124,0,0,554,30379,400,6010,554,36389,California
Santa Barbara,2021-02-02,1811,44236,683,21984,1128,22252,0,0,1042,30654,767,6777,1042,37431,California
Santa Barbara,2021-02-03,1962,46198,1083,23067,879,23131,0,0,1513,31728,439,7216,1513,38944,California
Santa Barbara,2021-02-04,2801,48999,1874,24941,927,24058,0,0,2500,33933,295,7511,2500,41444,California
Santa Barbara,2021-02-05,2926,51925,2078,27019,848,24906,0,0,2281,35572,642,8153,2281,43725,California
Santa Barbara,2021-02-06,1201,53126,338,27357,863,25769,0,0,791,35953,410,8563,791,44516,California
Santa Barbara,2021-02-07,311,53437,268,27625,43,25812,0,0,272,36188,37,8600,272,44788,California
Santa Barbara,2021-02-08,956,54393,312,27937,644,26456,0,0,666,36564,290,8890,666,45454,California
Santa Barbara,2021-02-09,2447,56840,315,28252,2132,28588,0,0,1121,36369,1316,10206,1121,46575,California
Santa Barbara,2021-02-10,2778,59618,1503,29755,1275,29863,0,0,775,35154,1991,12197,776,47351,California
Santa Barbara,2021-02-11,4206,63824,2819,32574,1387,31250,0,0,633,32226,3561,15758,633,47984,California
Santa Barbara,2021-02-12,3311,67135,949,33523,2362,33612,0,0,773,30467,2532,18290,773,48757,California
Santa Barbara,2021-02-13,1237,68372,344,33867,893,34505,0,0,563,30358,672,18962,563,49320,California
Santa Barbara,2021-02-14,335,68707,37,33904,298,34803,0,0,288,30600,47,19009,289,49609,California
Santa Barbara,2021-02-15,979,69686,345,34249,634,35437,0,0,498,30621,478,19487,499,50108,California
Santa Barbara,2021-02-16,2118,71804,405,34654,1713,37150,0,0,725,29957,1389,20876,725,50833,California
Santa Barbara,2021-02-17,1448,73252,326,34980,1122,38272,0,0,522,29560,922,21798,525,51358,California
Santa Barbara,2021-02-18,3272,76524,2665,37645,607,38879,0,0,1527,29380,1708,23506,1528,52886,California
Santa Barbara,2021-02-19,3597,80121,2640,40285,957,39836,0,0,2327,30440,1267,24773,2327,55213,California
Santa Barbara,2021-02-20,2265,82386,1472,41757,793,40629,0,0,1707,31599,548,25321,1707,56920,California
Santa Barbara,2021-02-21,138,82524,109,41866,29,40658,0,0,62,31587,74,25395,62,56982,California
Santa Barbara,2021-02-22,940,83464,249,42115,691,41349,0,0,273,31195,665,26060,273,57255,California
Santa Barbara,2021-02-23,3193,86657,1047,43162,2146,43495,0,0,426,28859,2763,28823,427,57682,California
Santa Barbara,2021-02-24,3222,89879,1100,44262,2122,45617,0,0,726,27099,2486,31309,726,58408,California
Santa Barbara,2021-02-25,3467,93346,1924,46186,1543,47160,0,0,992,25628,2467,33776,996,59404,California
Santa Barbara,2021-02-26,3683,97029,2182,48368,1501,48661,0,0,1984,25924,1689,35465,1985,61389,California
Santa Barbara,2021-02-27,1544,98573,566,48934,978,49639,0,0,861,26111,679,36144,866,62255,California
Santa Barbara,2021-02-28,1088,99661,223,49157,865,50504,0,0,895,26821,187,36331,897,63152,California
Santa Barbara,2021-03-01,1668,101329,487,49644,1179,51683,2,2,1106,27385,545,36876,1109,64261,California
Santa Barbara,2021-03-02,2671,104000,426,50070,2245,53928,0,2,2165,29059,493,37369,2167,66428,California
Santa Barbara,2021-03-03,4652,108652,2107,52177,2543,56471,2,4,4049,32523,592,37961,4056,70484,California
Santa Barbara,2021-03-04,3444,112096,2292,54469,1152,57623,0,4,2875,34841,560,38521,2878,73362,California
Santa Barbara,2021-03-05,3832,115928,2173,56642,1600,59223,59,63,3100,37274,727,39248,3160,76522,California
Santa Barbara,2021-03-06,2442,118370,732,57374,1491,60714,219,282,1675,38403,762,40010,1891,78413,California
Santa Barbara,2021-03-07,566,118936,123,57497,311,61025,132,414,383,38737,182,40192,516,78929,California
Santa Barbara,2021-03-08,1586,120522,383,57880,860,61885,343,757,800,39101,779,40971,1143,80072,California
Santa Barbara,2021-03-09,2802,123324,347,58227,1685,63570,770,1527,743,38556,2056,43027,1511,81583,California
Santa Barbara,2021-03-10,2775,126099,554,58781,1167,64737,1054,2581,1044,38927,1726,44753,2097,83680,California
Santa Barbara,2021-03-11,5594,131693,3036,61817,1442,66179,1116,3697,2284,39025,3295,48048,3393,87073,California
Santa Barbara,2021-03-12,3705,135398,2110,63927,1161,67340,434,4131,2181,40121,1516,49564,2612,89685,California
Santa Barbara,2021-03-13,3503,138901,1940,65867,1356,68696,207,4338,2698,42224,802,50366,2905,92590,California
Santa Barbara,2021-03-14,813,139714,395,66262,361,69057,57,4395,488,42447,324,50690,547,93137,California
Santa Barbara,2021-03-15,2123,141837,700,66962,1132,70189,291,4686,1275,43170,841,51531,1564,94701,California
Santa Barbara,2021-03-16,3737,145574,1185,68147,2209,72398,343,5029,2741,45264,991,52522,3085,97786,California
Santa Barbara,2021-03-17,3327,148901,979,69126,1944,74342,404,5433,2333,47006,991,53513,2733,100519,California
Santa Barbara,2021-03-18,5240,154141,2801,71927,2237,76579,202,5635,4011,50006,1213,54726,4213,104732,California
Santa Barbara,2021-03-19,4458,158599,2777,74704,1347,77926,334,5969,3061,52007,1393,56119,3394,108126,California
Santa Barbara,2021-03-20,2193,160792,841,75545,1335,79261,17,5986,1337,52510,853,56972,1356,109482,California
Santa Barbara,2021-03-21,1172,161964,385,75930,757,80018,30,6016,842,53056,327,57299,873,110355,California
Santa Barbara,2021-03-22,2785,164749,1919,77849,822,80840,44,6060,2221,54767,555,57854,2266,112621,California
Santa Barbara,2021-03-23,4472,169221,2255,80104,2116,82956,101,6161,3696,57797,766,58620,3796,116417,California
Santa Barbara,2021-03-24,5430,174651,3156,83260,1520,84476,754,6915,2973,59087,2433,61053,3723,120140,California
Santa Barbara,2021-03-25,5567,180218,3274,86534,2099,86575,194,7109,2784,59300,2765,63818,2978,123118,California
Santa Barbara,2021-03-26,5099,185317,3229,89763,1572,88147,298,7407,2244,59005,2838,66656,2543,125661,California
Santa Barbara,2021-03-27,2962,188279,1226,90989,1693,89840,43,7450,1623,59334,1335,67991,1664,127325,California
Santa Barbara,2021-03-28,2787,191066,1659,92648,1100,90940,28,7478,1896,60372,887,68878,1925,129250,California
Santa Barbara,2021-03-29,4044,195110,2085,94733,1889,92829,70,7548,3224,62850,816,69694,3294,132544,California
Santa Barbara,2021-03-30,6805,201915,3512,98245,3142,95971,151,7699,4535,65278,2255,71949,4683,137227,California
Santa Barbara,2021-03-31,8684,210599,5527,103772,3090,99061,67,7766,5033,66749,3629,75578,5100,142327,California
Santa Barbara,2021-04-01,7059,217658,5214,108986,1585,100646,260,8026,4175,68322,2861,78439,4434,146761,California
Santa Barbara,2021-04-02,6657,224315,4561,113547,1501,102147,595,8621,3423,69113,3226,81665,4017,150778,California
Santa Barbara,2021-04-03,3817,228132,2111,115658,1635,103782,71,8692,2518,70408,1292,82957,2587,153365,California
Santa Barbara,2021-04-04,903,229035,445,116103,417,104199,41,8733,499,70546,402,83359,540,153905,California
Santa Barbara,2021-04-05,3478,232513,2298,118401,921,105120,259,8992,2174,71684,1295,84654,2433,156338,California
Santa Barbara,2021-04-06,5494,238007,2837,121238,2116,107236,541,9533,3359,73463,2119,86773,3898,160236,California
Santa Barbara,2021-04-07,6023,244030,3291,124529,2189,109425,543,10076,4086,76162,1928,88701,4627,164863,California
Santa Barbara,2021-04-08,7429,251459,5048,129577,651,110076,1730,11806,3428,77323,3993,92694,5154,170017,California
Santa Barbara,2021-04-09,7345,258804,4887,134464,1096,111172,1362,13168,3309,77961,4026,96720,4664,174681,California
Santa Barbara,2021-04-10,6723,265527,4657,139121,1448,112620,618,13786,4570,81004,2144,98864,5187,179868,California
Santa Barbara,2021-04-11,2682,268209,1967,141088,413,113033,302,14088,1857,82339,819,99683,2154,182022,California
Santa Barbara,2021-04-12,4431,272640,2849,143937,1026,114059,556,14644,1918,82306,2506,102189,2473,184495,California
Santa Barbara,2021-04-13,6388,279028,4190,148127,2192,116251,6,14650,2663,81254,3720,105909,2668,187163,California
Santa Barbara,2021-04-14,6812,285840,4422,152549,2388,118639,2,14652,4241,82938,2560,108469,4244,191407,California
Santa Barbara,2021-04-15,7024,292864,4117,156666,2906,121545,1,14653,3812,83552,3200,111669,3814,195221,California
Santa Barbara,2021-04-16,6430,299294,3776,160442,2643,124188,11,14664,4425,86001,1986,113655,4435,199656,California
Santa Barbara,2021-04-17,5369,304663,3889,164331,1480,125668,0,14664,4134,88915,1220,114875,4134,203790,California
Santa Barbara,2021-04-18,2184,306847,1522,165853,662,126330,0,14664,383,87504,1795,116670,384,204174,California
Santa Barbara,2021-04-19,3273,310120,2259,168112,1008,127338,6,14670,1044,86334,2221,118891,1051,205225,California
Santa Barbara,2021-04-20,5947,316067,3982,172094,1964,129302,1,14671,1683,83769,4248,123139,1683,206908,California
Santa Barbara,2021-04-21,5515,321582,3642,175736,1873,131175,0,14671,1759,81791,3739,126878,1761,208669,California
Santa Barbara,2021-04-22,5098,326680,2558,178294,2539,133714,1,14672,1453,79620,3627,130505,1456,210125,California
Santa Barbara,2021-04-23,5575,332255,3868,182162,1707,135421,0,14672,1960,77980,3600,134105,1960,212085,California
Santa Barbara,2021-04-24,4427,336682,2873,185035,1549,136970,5,14677,1636,76849,2772,136877,1641,213726,California
Santa Barbara,2021-04-25,1837,338519,1183,186218,654,137624,0,14677,498,76017,1330,138207,498,214224,California
Santa Barbara,2021-04-26,3242,341761,1975,188193,1246,138870,21,14698,559,73922,2676,140883,581,214805,California
Santa Barbara,2021-04-27,3965,345726,2170,190363,1693,140563,102,14800,1171,72411,2784,143667,1273,216078,California
Santa Barbara,2021-04-28,4917,350643,2865,193228,1935,142498,117,14917,1399,70430,3501,147168,1520,217598,California
Santa Barbara,2021-04-29,5251,355894,3795,197023,1229,143727,227,15144,1434,68288,3801,150969,1659,219257,California
Santa Barbara,2021-04-30,4947,360841,3691,200714,1092,144819,164,15308,1408,66338,3521,154490,1571,220828,California
Santa Barbara,2021-05-01,5250,366091,4057,204771,1159,145978,34,15342,893,62926,4341,158831,929,221757,California
Santa Barbara,2021-05-02,1134,367225,668,205439,338,146316,128,15470,307,62535,826,159657,435,222192,California
Santa Barbara,2021-05-03,2204,369429,1477,206916,589,146905,138,15608,440,61354,1757,161414,576,222768,California
Santa Barbara,2021-05-04,3297,372726,1673,208589,1552,148457,72,15680,1146,60434,2137,163551,1217,223985,California
Santa Barbara,2021-05-05,5441,378167,3678,212267,1616,150073,147,15827,630,56414,4798,168349,778,224763,California
Santa Barbara,2021-05-06,5042,383209,3901,216168,1037,151110,104,15931,962,53416,4064,172413,1066,225829,California
Santa Barbara,2021-05-07,4656,387865,3642,219810,834,151944,180,16111,997,50946,3644,176057,1174,227003,California
Santa Barbara,2021-05-08,4236,392101,3150,222960,988,152932,98,16209,886,48594,3337,179394,985,227988,California
Santa Barbara,2021-05-09,701,392802,111,223071,550,153482,40,16249,466,48867,234,179628,507,228495,California
Santa Barbara,2021-05-10,1327,394129,628,223699,615,154097,84,16333,363,48351,962,180590,446,228941,California
Santa Barbara,2021-05-11,1877,396006,786,224485,795,154892,296,16629,424,47624,1444,182034,717,229658,California
Santa Barbara,2021-05-12,2036,398042,740,225225,1072,155964,224,16853,517,46858,1507,183541,741,230399,California
Santa Barbara,2021-05-13,3892,401934,2789,228014,907,156871,196,17049,1251,45675,2629,186170,1446,231845,California
Santa Barbara,2021-05-14,4153,406087,2529,230543,1530,158401,94,17143,1630,44889,2508,188678,1722,233567,California
Santa Barbara,2021-05-15,3524,409611,2564,233107,941,159342,19,17162,1845,45087,1667,190345,1865,235432,California
Santa Barbara,2021-05-16,1068,410679,467,233574,486,159828,115,17277,468,45075,595,190940,583,236015,California
Santa Barbara,2021-05-17,1641,412320,935,234509,643,160471,63,17340,865,45232,770,191710,927,236942,California
Santa Barbara,2021-05-18,1844,414164,1160,235669,589,161060,95,17435,971,45442,857,192567,1067,238009,California
Santa Barbara,2021-05-19,1771,415935,975,236644,755,161815,41,17476,818,45356,944,193511,858,238867,California
Santa Barbara,2021-05-20,1727,417662,947,237591,661,162476,119,17595,869,45499,846,194357,989,239856,California
Santa Barbara,2021-05-21,3460,421122,2342,239933,1064,163540,54,17649,1272,44653,2173,196530,1327,241183,California
Santa Barbara,2021-05-22,2466,423588,1704,241637,718,164258,44,17693,1394,45027,1065,197595,1439,242622,California
Santa Barbara,2021-05-23,753,424341,330,241967,393,164651,30,17723,412,45129,340,197935,442,243064,California
Santa Barbara,2021-05-24,1008,425349,590,242557,355,165006,63,17786,486,45161,517,198452,549,243613,California
Santa Barbara,2021-05-25,1400,426749,569,243126,762,165768,69,17855,457,44750,937,199389,526,244139,California
Santa Barbara,2021-05-26,3010,429759,1710,244836,1178,166946,122,17977,837,43551,2158,201547,959,245098,California
Santa Barbara,2021-05-27,1950,431709,1209,246045,599,167545,142,18119,824,43399,1119,202666,967,246065,California
Santa Barbara,2021-05-28,1502,433211,695,246740,655,168200,152,18271,612,43276,887,203553,764,246829,California
Santa Barbara,2021-05-29,902,434113,318,247058,547,168747,37,18308,371,43156,528,204081,408,247237,California
Santa Barbara,2021-05-30,499,434612,179,247237,222,168969,98,18406,186,43128,311,204392,283,247520,California
Santa Barbara,2021-05-31,96,434708,43,247280,43,169012,10,18416,23,43088,72,204464,32,247552,California
Santa Barbara,2021-06-01,1128,435836,592,247872,477,169489,59,18475,459,42945,663,205127,520,248072,California
Santa Barbara,2021-06-02,984,436820,586,248458,315,169804,83,18558,428,42906,552,205679,513,248585,California
Santa Barbara,2021-06-03,2053,438873,1543,250001,453,170257,57,18615,616,42145,1432,207111,671,249256,California
Santa Barbara,2021-06-04,1457,440330,670,250671,647,170904,140,18755,487,41807,962,208073,624,249880,California
Santa Barbara,2021-06-05,2924,443254,2212,252883,660,171564,52,18807,500,39945,2413,210486,551,250431,California
Santa Barbara,2021-06-06,913,444167,482,253365,412,171976,19,18826,261,39576,649,211135,280,250711,California
Santa Barbara,2021-06-07,1164,445331,831,254196,282,172258,51,18877,303,39072,858,211993,354,251065,California
Santa Barbara,2021-06-08,1106,446437,714,254910,360,172618,32,18909,294,38591,806,212799,325,251390,California
Santa Barbara,2021-06-09,1018,447455,693,255603,240,172858,85,18994,325,38311,690,213489,410,251800,California
Santa Barbara,2021-06-10,2385,449840,2071,257674,243,173101,71,19065,525,37050,1857,215346,596,252396,California
Santa Barbara,2021-06-11,1309,451149,606,258280,599,173700,104,19169,392,36636,910,216256,496,252892,California
Santa Barbara,2021-06-12,890,452039,600,258880,267,173967,23,19192,238,36252,644,216900,260,253152,California
Santa Barbara,2021-06-13,483,452522,295,259175,91,174058,97,19289,126,36120,355,217255,223,253375,California
Santa Barbara,2021-06-14,1254,453776,856,260031,322,174380,76,19365,339,35628,907,218162,415,253790,California
Santa Barbara,2021-06-15,1133,454909,754,260785,344,174724,35,19400,397,35331,729,218891,432,254222,California
Santa Barbara,2021-06-16,931,455840,646,261431,238,174962,47,19447,353,35157,572,219463,398,254620,California
Santa Barbara,2021-06-17,1873,457713,1542,262973,242,175204,89,19536,622,34621,1247,220710,711,255331,California
Santa Barbara,2021-06-18,1101,458814,713,263686,289,175493,99,19635,361,34345,736,221446,460,255791,California
Santa Barbara,2021-06-19,540,459354,363,264049,145,175638,32,19667,250,34340,287,221733,282,256073,California
Santa Barbara,2021-06-20,370,459724,212,264261,148,175786,10,19677,154,34288,215,221948,163,256236,California
Santa Barbara,2021-06-21,526,460250,263,264524,210,175996,53,19730,273,34365,249,222197,326,256562,California
Santa Barbara,2021-06-22,751,461001,492,265016,229,176225,30,19760,294,34235,453,222650,323,256885,California
Santa Barbara,2021-06-23,772,461773,563,265579,178,176403,31,19791,332,34162,435,223085,362,257247,California
Santa Barbara,2021-06-24,998,462771,894,266473,60,176463,44,19835,396,34004,597,223682,439,257686,California
Santa Clara,2020-12-15,70,70,70,70,0,0,0,0,70,70,0,0,70,70,California
Santa Clara,2020-12-16,151,221,151,221,0,0,0,0,151,221,0,0,151,221,California
Santa Clara,2020-12-17,406,627,406,627,0,0,0,0,406,627,0,0,406,627,California
Santa Clara,2020-12-18,1755,2382,1755,2382,0,0,0,0,1755,2382,0,0,1755,2382,California
Santa Clara,2020-12-19,2075,4457,2075,4457,0,0,0,0,2074,4456,0,0,2074,4456,California
Santa Clara,2020-12-20,1900,6357,1899,6356,1,1,0,0,1897,6353,0,0,1897,6353,California
Santa Clara,2020-12-21,2676,9033,2676,9032,0,1,0,0,2674,9026,1,1,2674,9027,California
Santa Clara,2020-12-22,3125,12158,3118,12150,7,8,0,0,3120,12144,2,3,3120,12147,California
Santa Clara,2020-12-23,3270,15428,3081,15231,189,197,0,0,3267,15410,1,4,3267,15414,California
Santa Clara,2020-12-24,1889,17317,1698,16929,191,388,0,0,1883,17291,2,6,1883,17297,California
Santa Clara,2020-12-25,346,17663,345,17274,1,389,0,0,346,17637,0,6,346,17643,California
Santa Clara,2020-12-26,1273,18936,1038,18312,235,624,0,0,1272,18909,0,6,1272,18915,California
Santa Clara,2020-12-27,657,19593,514,18826,143,767,0,0,657,19566,0,6,657,19572,California
Santa Clara,2020-12-28,2350,21943,1741,20567,609,1376,0,0,2350,21916,0,6,2350,21922,California
Santa Clara,2020-12-29,2373,24316,1507,22074,866,2242,0,0,2371,24287,0,6,2371,24293,California
Santa Clara,2020-12-30,2997,27313,1896,23970,1101,3343,0,0,2994,27278,3,9,2994,27287,California
Santa Clara,2020-12-31,1232,28545,396,24366,836,4179,0,0,1231,28508,1,10,1231,28518,California
Santa Clara,2021-01-01,147,28692,13,24379,134,4313,0,0,146,28653,1,11,146,28664,California
Santa Clara,2021-01-02,1095,29787,821,25200,274,4587,0,0,1095,29748,0,11,1095,29759,California
Santa Clara,2021-01-03,588,30375,371,25571,217,4804,0,0,583,30328,3,14,583,30342,California
Santa Clara,2021-01-04,2483,32858,1680,27251,803,5607,0,0,2480,32808,0,14,2480,32822,California
Santa Clara,2021-01-05,3093,35951,2028,29279,1065,6672,0,0,2903,35528,189,203,2909,35731,California
Santa Clara,2021-01-06,3364,39315,1992,31271,1372,8044,0,0,2755,37681,604,807,2757,38488,California
Santa Clara,2021-01-07,4233,43548,2572,33843,1661,9705,0,0,3146,39756,1076,1883,3151,41639,California
Santa Clara,2021-01-08,5883,49431,3852,37695,2031,11736,0,0,3768,41417,2107,3990,3768,45407,California
Santa Clara,2021-01-09,3035,52466,1917,39612,1118,12854,0,0,1712,41812,1320,5310,1715,47122,California
Santa Clara,2021-01-10,1973,54439,1523,41135,450,13304,0,0,755,41351,1216,6526,755,47877,California
Santa Clara,2021-01-11,5990,60429,3783,44918,2207,15511,0,0,3398,42165,2589,9115,3403,51280,California
Santa Clara,2021-01-12,6908,67337,3502,48420,3406,18917,0,0,4569,44411,2324,11439,4570,55850,California
Santa Clara,2021-01-13,7471,74808,3138,51558,4333,23250,0,0,5220,47385,2247,13686,5221,61071,California
Santa Clara,2021-01-14,8308,83116,2867,54425,5441,28691,0,0,6507,52102,1792,15478,6509,67580,California
Santa Clara,2021-01-15,9561,92677,2768,57193,6793,35484,0,0,8160,58870,1397,16875,8165,75745,California
Santa Clara,2021-01-16,4354,97031,1255,58448,3099,38583,0,0,3496,61512,854,17729,3496,79241,California
Santa Clara,2021-01-17,3241,100272,615,59063,2626,41209,0,0,2733,63740,505,18234,2733,81974,California
Santa Clara,2021-01-18,5122,105394,1177,60240,3945,45154,0,0,4558,67735,564,18798,4559,86533,California
Santa Clara,2021-01-19,8518,113912,2702,62942,5816,50970,0,0,6819,72862,1695,20493,6822,93355,California
Santa Clara,2021-01-20,8155,122067,4156,67098,3999,54969,0,0,6597,77906,1553,22046,6597,99952,California
Santa Clara,2021-01-21,8783,130850,3816,70914,4967,59936,0,0,7560,84250,1218,23264,7562,107514,California
Santa Clara,2021-01-22,8682,139532,3258,74172,5424,65360,0,0,8103,91781,575,23839,8106,115620,California
Santa Clara,2021-01-23,3804,143336,1684,75856,2120,67480,0,0,2836,93650,968,24807,2837,118457,California
Santa Clara,2021-01-24,2849,146185,1429,77285,1420,68900,0,0,2355,95515,490,25297,2355,120812,California
Santa Clara,2021-01-25,8406,154591,3806,81091,4600,73500,0,0,6321,99761,2077,27374,6323,127135,California
Santa Clara,2021-01-26,8326,162917,3791,84882,4535,78035,0,0,6174,103797,2142,29516,6178,133313,California
Santa Clara,2021-01-27,8819,171736,3887,88769,4932,82967,0,0,6873,108746,1925,31441,6874,140187,California
Santa Clara,2021-01-28,9544,181280,3828,92597,5716,88683,0,0,7552,114331,1971,33412,7556,147743,California
Santa Clara,2021-01-29,9612,190892,3970,96567,5642,94325,0,0,7411,119553,2190,35602,7412,155155,California
Santa Clara,2021-01-30,4213,195105,2095,98662,2118,96443,0,0,2990,121329,1215,36817,2991,158146,California
Santa Clara,2021-01-31,2198,197303,1318,99980,880,97323,0,0,1594,122326,597,37414,1594,159740,California
Santa Clara,2021-02-01,7880,205183,3513,103493,4367,101690,0,0,6171,126798,1701,39115,6173,165913,California
Santa Clara,2021-02-02,8654,213837,2901,106394,5753,107443,0,0,6619,131392,2028,41143,6622,172535,California
Santa Clara,2021-02-03,9281,223118,3506,109900,5775,113218,0,0,6977,136076,2299,43442,6983,179518,California
Santa Clara,2021-02-04,11026,234144,4170,114070,6856,120074,0,0,8712,142487,2305,45747,8716,188234,California
Santa Clara,2021-02-05,11983,246127,4377,118447,7606,127680,0,0,8502,147524,3466,49213,8503,196737,California
Santa Clara,2021-02-06,5223,251350,2840,121287,2383,130063,0,0,4040,150389,1178,50391,4043,200780,California
Santa Clara,2021-02-07,3485,254835,2356,123643,1129,131192,0,0,3028,152963,455,50846,3029,203809,California
Santa Clara,2021-02-08,10069,264904,3523,127166,6546,137738,0,0,7329,157566,2727,53573,7330,211139,California
Santa Clara,2021-02-09,11221,276125,3832,130998,7389,145127,0,0,7695,161754,3511,57084,7699,218838,California
Santa Clara,2021-02-10,12755,288880,4955,135953,7800,152927,0,0,6868,162753,5872,62956,6871,225709,California
Santa Clara,2021-02-11,13628,302508,4772,140725,8856,161783,0,0,7718,164579,5893,68849,7719,233428,California
Santa Clara,2021-02-12,14677,317185,4534,145259,10143,171926,0,0,7030,163986,7625,76474,7032,240460,California
Santa Clara,2021-02-13,6146,323331,1489,146748,4657,176583,0,0,2239,162328,3899,80373,2241,242701,California
Santa Clara,2021-02-14,4642,327973,1155,147903,3487,180070,0,0,1477,160644,3163,83536,1479,244180,California
Santa Clara,2021-02-15,6309,334282,2820,150723,3489,183559,0,0,2724,159791,3578,87114,2725,246905,California
Santa Clara,2021-02-16,13817,348099,4011,154734,9806,193365,0,0,6938,159868,6863,93977,6940,253845,California
Santa Clara,2021-02-17,14122,362221,5532,160266,8590,201955,0,0,7038,159847,7065,101042,7044,260889,California
Santa Clara,2021-02-18,14273,376494,8406,168672,5867,207822,0,0,7266,160151,6965,108007,7269,268158,California
Santa Clara,2021-02-19,14918,391412,9585,178257,5333,213155,0,0,8669,162595,6232,114239,8676,276834,California
Santa Clara,2021-02-20,6972,398384,5208,183465,1764,214919,0,0,3756,163147,3205,117444,3757,280591,California
Santa Clara,2021-02-21,3398,401782,2524,185989,874,215793,0,0,1262,162285,2126,119570,1264,281855,California
Santa Clara,2021-02-22,10324,412106,6172,192161,4152,219945,0,0,4801,161576,5511,125081,4802,286657,California
Santa Clara,2021-02-23,12030,424136,7785,199946,4245,224190,0,0,6801,163167,5214,130295,6805,293462,California
Santa Clara,2021-02-24,14298,438434,9230,209176,5068,229258,0,0,8836,166559,5444,135739,8836,302298,California
Santa Clara,2021-02-25,15054,453488,9596,218772,5458,234716,0,0,8188,167914,6841,142580,8196,310494,California
Santa Clara,2021-02-26,14997,468485,8691,227463,6306,241022,0,0,8166,169284,6803,149383,8173,318667,California
Santa Clara,2021-02-27,8301,476786,5723,233186,2577,243599,1,1,4628,170257,3663,153046,4636,323303,California
Santa Clara,2021-02-28,5377,482163,3674,236860,1703,245302,0,1,2667,170228,2697,155743,2668,325971,California
Santa Clara,2021-03-01,14542,496705,8364,245224,6172,251474,6,7,9005,173722,5517,161260,9011,334982,California
Santa Clara,2021-03-02,16129,512834,9549,254773,6579,258053,1,8,10287,178196,5816,167076,10290,345272,California
Santa Clara,2021-03-03,18667,531501,9240,264013,9423,267476,4,12,11612,182799,7017,174093,11620,356892,California
Santa Clara,2021-03-04,16559,548060,9013,273026,7543,275019,3,15,9641,185613,6833,180926,9647,366539,California
Santa Clara,2021-03-05,16626,564686,9254,282280,7246,282265,126,141,9226,187592,7378,188304,9357,375896,California
Santa Clara,2021-03-06,9439,574125,6313,288593,2675,284940,451,592,7079,192775,2348,190652,7531,383427,California
Santa Clara,2021-03-07,6826,580951,4473,293066,2107,287047,246,838,5436,197073,1381,192033,5679,389106,California
Santa Clara,2021-03-08,12927,593878,6741,299807,5614,292661,572,1410,8289,201313,4620,196653,8860,397966,California
Santa Clara,2021-03-09,15314,609192,6527,306334,7458,300119,1329,2739,6901,201144,8393,205046,8224,406190,California
Santa Clara,2021-03-10,15195,624387,6624,312958,6455,306574,2116,4855,6242,200552,8922,213968,8330,414520,California
Santa Clara,2021-03-11,17137,641524,7789,320747,7843,314417,1505,6360,6080,197096,11024,224992,7568,422088,California
Santa Clara,2021-03-12,17742,659266,9125,329872,7049,321466,1568,7928,5959,192862,11738,236730,7504,429592,California
Santa Clara,2021-03-13,10863,670129,6296,336168,3065,324531,1502,9430,4843,193186,5997,242727,6321,435913,California
Santa Clara,2021-03-14,6521,676650,3381,339549,1833,326364,1307,10737,3154,194287,3348,246075,4449,440362,California
Santa Clara,2021-03-15,12844,689494,6559,346108,6007,332371,278,11015,5972,193691,6846,252921,6250,446612,California
Santa Clara,2021-03-16,18324,707818,10351,356459,7765,340136,208,11223,8895,193391,9401,262322,9101,455713,California
Santa Clara,2021-03-17,20089,727907,11419,367878,8502,348638,168,11391,10374,194266,9662,271984,10537,466250,California
Santa Clara,2021-03-18,19280,747187,9037,376915,9084,357722,1159,12550,9110,194410,10115,282099,10259,476509,California
Santa Clara,2021-03-19,19507,766694,10050,386965,8451,366173,1006,13556,10015,195991,9429,291528,11010,487519,California
Santa Clara,2021-03-20,11581,778275,6382,393347,4367,370540,832,14388,6728,198726,4823,296351,7558,495077,California
Santa Clara,2021-03-21,8350,786625,3825,397172,3131,373671,1394,15782,5338,202446,2996,299347,6716,501793,California
Santa Clara,2021-03-22,16477,803102,9154,406326,6970,380641,353,16135,9125,204596,7324,306671,9474,511267,California
Santa Clara,2021-03-23,19473,822575,12363,418689,6584,387225,526,16661,11279,208256,8141,314812,11801,523068,California
Santa Clara,2021-03-24,22797,845372,14629,433318,7750,394975,418,17079,14700,215323,8052,322864,15119,538187,California
Santa Clara,2021-03-25,23087,868459,13201,446519,8893,403868,993,18072,14857,222995,8162,331026,15834,554021,California
Santa Clara,2021-03-26,22107,890566,14051,460570,7667,411535,389,18461,13618,228544,8450,339476,13999,568020,California
Santa Clara,2021-03-27,15753,906319,10482,471052,4501,416036,770,19231,8457,230518,7248,346724,9222,577242,California
Santa Clara,2021-03-28,12070,918389,8364,479416,2989,419025,717,19948,6476,232137,5566,352290,7185,584427,California
Santa Clara,2021-03-29,20683,939072,12627,492043,7332,426357,724,20672,11202,234619,9436,361726,11918,596345,California
Santa Clara,2021-03-30,25767,964839,15276,507319,8539,434896,1952,22624,16221,243274,9501,371227,18156,614501,California
Santa Clara,2021-03-31,20614,985453,11923,519242,7555,442451,1136,23760,12630,249087,7937,379164,13750,628251,California
Santa Clara,2021-04-01,32003,1017456,19876,539118,9040,451491,3087,26847,20226,260662,11704,390868,23279,651530,California
Santa Clara,2021-04-02,25353,1042809,14380,553498,8788,460279,2185,29032,16569,270661,8739,399607,18738,670268,California
Santa Clara,2021-04-03,15371,1058180,9313,562811,3522,463801,2536,31568,8502,274835,6847,406454,11021,681289,California
Santa Clara,2021-04-04,7652,1065832,4043,566854,2437,466238,1172,32740,3970,276294,3670,410124,5129,686418,California
Santa Clara,2021-04-05,21958,1087790,14601,581455,4883,471121,2474,35214,14359,285545,7570,417694,16821,703239,California
Santa Clara,2021-04-06,29747,1117537,16344,597799,7908,479029,5495,40709,17818,296951,11877,429571,23283,726522,California
Santa Clara,2021-04-07,31029,1148566,16007,613806,8504,487533,6518,47227,18919,310299,12052,441623,25400,751922,California
Santa Clara,2021-04-08,30148,1178714,16446,630252,6062,493595,7640,54867,16407,320636,13664,455287,24001,775923,California
Santa Clara,2021-04-09,28230,1206944,13977,644229,6953,500548,7300,62167,14413,328553,13748,469035,21665,797588,California
Santa Clara,2021-04-10,21598,1228542,12472,656701,3809,504357,5317,67484,11556,335367,10005,479040,16819,814407,California
Santa Clara,2021-04-11,16099,1244641,9651,666352,2664,507021,3784,71268,8350,339760,7714,486754,12107,826514,California
Santa Clara,2021-04-12,27138,1271779,19075,685427,5593,512614,2470,73738,18475,352091,8601,495355,20932,847446,California
Santa Clara,2021-04-13,34676,1306455,27262,712689,7384,519998,30,73768,26712,370968,7888,503243,26765,874211,California
Santa Clara,2021-04-14,37212,1343667,28200,740889,9008,529006,4,73772,26397,386664,10742,513985,26438,900649,California
Santa Clara,2021-04-15,44657,1388324,34557,775446,10095,539101,5,73777,34357,410872,10181,524166,34389,935038,California
Santa Clara,2021-04-16,38826,1427150,26580,802026,12243,551344,3,73780,27773,427704,10971,535137,27803,962841,California
Santa Clara,2021-04-17,22268,1449418,15214,817240,7052,558396,2,73782,15287,436094,6918,542055,15308,978149,California
Santa Clara,2021-04-18,16576,1465994,10781,828021,5795,564191,0,73782,10391,440346,6151,548206,10403,988552,California
Santa Clara,2021-04-19,29038,1495032,20939,848960,8098,572289,1,73783,17362,446142,11602,559808,17398,1005950,California
Santa Clara,2021-04-20,37240,1532272,22617,871577,14621,586910,2,73785,22727,454511,14399,574207,22768,1028718,California
Santa Clara,2021-04-21,37026,1569298,21439,893016,15585,602495,2,73787,24447,466528,12474,586681,24491,1053209,California
Santa Clara,2021-04-22,37343,1606641,24858,917874,12484,614979,1,73788,17641,464641,19604,606285,17717,1070926,California
Santa Clara,2021-04-23,32105,1638746,19487,937361,12617,627596,1,73789,15055,462814,16943,623228,15116,1086042,California
Santa Clara,2021-04-24,21194,1659940,15483,952844,5710,633306,1,73790,12047,465821,9072,632300,12079,1098121,California
Santa Clara,2021-04-25,13604,1673544,9836,962680,3762,637068,6,73796,8690,469671,4871,637171,8721,1106842,California
Santa Clara,2021-04-26,25021,1698565,19229,981909,5733,642801,59,73855,10364,465563,14559,651730,10451,1117293,California
Santa Clara,2021-04-27,27547,1726112,19520,1001429,7640,650441,387,74242,11985,462519,15469,667199,12425,1129718,California
Santa Clara,2021-04-28,26019,1752131,19240,1020669,6341,656782,438,74680,11016,459126,14919,682118,11526,1141244,California
Santa Clara,2021-04-29,24017,1776148,17507,1038176,6111,662893,399,75079,8984,453640,14952,697070,9466,1150710,California
Santa Clara,2021-04-30,23083,1799231,15754,1053930,6961,669854,368,75447,9761,450630,13229,710299,10219,1160929,California
Santa Clara,2021-05-01,17470,1816701,14498,1068428,2712,672566,260,75707,5479,444475,11940,722239,5785,1166714,California
Santa Clara,2021-05-02,11297,1827998,9372,1077800,1692,674258,233,75940,3486,440449,7767,730006,3741,1170455,California
Santa Clara,2021-05-03,22865,1850863,19373,1097173,3062,677320,430,76370,5134,428405,17653,747659,5609,1176064,California
Santa Clara,2021-05-04,30654,1881517,23988,1121161,6125,683445,541,76911,5462,409370,25087,772746,6052,1182116,California
Santa Clara,2021-05-05,32580,1914097,24832,1145993,7203,690648,545,77456,5499,388460,26982,799728,6072,1188188,California
Santa Clara,2021-05-06,35462,1949559,29536,1175529,5456,696104,470,77926,4684,362993,30644,830372,5177,1193365,California
Santa Clara,2021-05-07,32588,1982147,26181,1201710,5918,702022,489,78415,4632,340342,27823,858195,5172,1198537,California
Santa Clara,2021-05-08,16480,1998627,13388,1215098,2668,704690,424,78839,3470,331331,12920,871115,3909,1202446,California
Santa Clara,2021-05-09,10514,2009141,9144,1224242,1184,705874,186,79025,2449,325951,8028,879143,2648,1205094,California
Santa Clara,2021-05-10,20811,2029952,16658,1240900,3750,709624,403,79428,2716,311077,18014,897157,3140,1208234,California
Santa Clara,2021-05-11,22148,2052100,16597,1257497,5109,714733,442,79870,3999,297465,18059,915216,4447,1212681,California
Santa Clara,2021-05-12,21354,2073454,15693,1273190,5139,719872,522,80392,4537,285807,16724,931940,5066,1217747,California
Santa Clara,2021-05-13,28297,2101751,22933,1296123,5062,724934,302,80694,11425,280756,16786,948726,11735,1229482,California
Santa Clara,2021-05-14,27827,2129578,19455,1315578,7985,732919,387,81081,9814,273052,17918,966644,10214,1239696,California
Santa Clara,2021-05-15,20967,2150545,16861,1332439,3825,736744,281,81362,8130,268719,12751,979395,8418,1248114,California
Santa Clara,2021-05-16,16144,2166689,13153,1345592,2815,739559,176,81538,5244,263324,10818,990213,5423,1253537,California
Santa Clara,2021-05-17,20202,2186891,15871,1361463,3966,743525,365,81903,6891,257345,13237,1003450,7258,1260795,California
Santa Clara,2021-05-18,26078,2212969,16653,1378116,9010,752535,415,82318,7305,246427,18636,1022086,7718,1268513,California
Santa Clara,2021-05-19,24584,2237553,14377,1392493,9784,762319,423,82741,7504,237395,16967,1039053,7935,1276448,California
Santa Clara,2021-05-20,18362,2255915,12036,1404529,5876,768195,450,83191,6191,231949,12083,1051136,6637,1283085,California
Santa Clara,2021-05-21,22311,2278226,14830,1419359,6984,775179,497,83688,7667,225593,14535,1065671,8179,1291264,California
Santa Clara,2021-05-22,12906,2291132,9771,1429130,2785,777964,350,84038,5652,224410,7190,1072861,6007,1297271,California
Santa Clara,2021-05-23,8204,2299336,6063,1435193,1939,779903,202,84240,3297,223052,4859,1077720,3501,1300772,California
Santa Clara,2021-05-24,10307,2309643,7279,1442472,2579,782482,449,84689,3559,220375,6686,1084406,4009,1304781,California
Santa Clara,2021-05-25,11478,2321121,7946,1450418,3113,785595,419,85108,4414,218271,6989,1091395,4885,1309666,California
Santa Clara,2021-05-26,10417,2331538,6757,1457175,3323,788918,337,85445,3963,216245,6348,1097743,4322,1313988,California
Santa Clara,2021-05-27,9399,2340937,6000,1463175,2926,791844,473,85918,3588,214559,5744,1103487,4058,1318046,California
Santa Clara,2021-05-28,10874,2351811,7054,1470229,3393,795237,427,86345,4494,213169,6314,1109801,4924,1322970,California
Santa Clara,2021-05-29,6331,2358142,4320,1474549,1731,796968,280,86625,2909,212975,3381,1113182,3187,1326157,California
Santa Clara,2021-05-30,3815,2361957,2860,1477409,746,797714,209,86834,1820,213036,1967,1115149,2028,1328185,California
Santa Clara,2021-05-31,1094,2363051,626,1478035,359,798073,109,86943,439,212935,649,1115798,548,1328733,California
Santa Clara,2021-06-01,9072,2372123,6376,1484411,2314,800387,382,87325,3287,210893,5710,1121508,3668,1332401,California
Santa Clara,2021-06-02,7681,2379804,5522,1489933,1808,802195,351,87676,2966,209541,4660,1126168,3308,1335709,California
Santa Clara,2021-06-03,12217,2392021,10111,1500044,1737,803932,369,88045,2653,203059,9507,1135675,3025,1338734,California
Santa Clara,2021-06-04,13572,2405593,11370,1511414,1886,805818,316,88361,3322,196503,10188,1145863,3632,1342366,California
Santa Clara,2021-06-05,10436,2416029,8978,1520392,1199,807017,259,88620,2206,190786,8180,1154043,2463,1344829,California
Santa Clara,2021-06-06,6886,2422915,6137,1526529,595,807612,154,88774,1434,186975,5398,1159441,1587,1346416,California
Santa Clara,2021-06-07,9879,2432794,8327,1534856,1307,808919,245,89019,2396,182169,7446,1166887,2640,1349056,California
Santa Clara,2021-06-08,9142,2441936,7464,1542320,1407,810326,271,89290,2484,178321,6600,1173487,2752,1351808,California
Santa Clara,2021-06-09,9490,2451426,7926,1550246,1312,811638,252,89542,2272,173682,7158,1180645,2519,1354327,California
Santa Clara,2021-06-10,8315,2459741,6903,1557149,1087,812725,325,89867,2283,170307,5980,1186625,2605,1356932,California
Santa Clara,2021-06-11,10202,2469943,8665,1565814,1258,813983,279,90146,2521,165478,7629,1194254,2800,1359732,California
Santa Clara,2021-06-12,7162,2477105,5965,1571779,1031,815014,166,90312,1705,161938,5411,1199665,1871,1361603,California
Santa Clara,2021-06-13,3718,2480823,3004,1574783,603,815617,111,90423,895,160142,2802,1202467,1006,1362609,California
Santa Clara,2021-06-14,5933,2486756,4806,1579589,903,816520,224,90647,2101,158668,3799,1206266,2325,1364934,California
Santa Clara,2021-06-15,7351,2494107,5957,1585546,1094,817614,300,90947,2086,155840,5216,1211482,2388,1367322,California
Santa Clara,2021-06-16,6350,2500457,5137,1590683,903,818517,310,91257,2096,154040,4207,1215689,2407,1369729,California
Santa Clara,2021-06-17,5355,2505812,4338,1595021,772,819289,245,91502,1844,152685,3440,1219129,2085,1371814,California
Santa Clara,2021-06-18,5430,2511242,4383,1599404,878,820167,169,91671,1798,151100,3551,1222680,1966,1373780,California
Santa Clara,2021-06-19,4514,2515756,3610,1603014,702,820869,202,91873,1289,149401,3190,1225870,1491,1375271,California
Santa Clara,2021-06-20,2138,2517894,1755,1604769,319,821188,64,91937,686,148715,1436,1227306,750,1376021,California
Santa Clara,2021-06-21,3651,2521545,2742,1607511,685,821873,224,92161,1792,148904,1826,1229132,2015,1378036,California
Santa Clara,2021-06-22,4960,2526505,3940,1611451,804,822677,216,92377,1678,147552,3244,1232376,1892,1379928,California
Santa Clara,2021-06-23,4446,2530951,3491,1614942,753,823430,202,92579,1588,146517,2824,1235200,1789,1381717,California
Santa Clara,2021-06-24,2641,2533592,1957,1616899,504,823934,180,92759,921,145930,1688,1236888,1101,1382818,California
Santa Cruz,2020-12-15,2,2,2,2,0,0,0,0,2,2,0,0,2,2,California
Santa Cruz,2020-12-16,57,59,57,59,0,0,0,0,57,59,0,0,57,59,California
Santa Cruz,2020-12-17,389,448,389,448,0,0,0,0,389,448,0,0,389,448,California
Santa Cruz,2020-12-18,466,914,466,914,0,0,0,0,466,914,0,0,466,914,California
Santa Cruz,2020-12-19,182,1096,181,1095,1,1,0,0,182,1096,0,0,182,1096,California
Santa Cruz,2020-12-20,93,1189,93,1188,0,1,0,0,93,1189,0,0,93,1189,California
Santa Cruz,2020-12-21,437,1626,436,1624,1,2,0,0,437,1626,0,0,437,1626,California
Santa Cruz,2020-12-22,424,2050,423,2047,1,3,0,0,424,2050,0,0,424,2050,California
Santa Cruz,2020-12-23,369,2419,325,2372,44,47,0,0,369,2419,0,0,369,2419,California
Santa Cruz,2020-12-24,125,2544,49,2421,76,123,0,0,125,2544,0,0,125,2544,California
Santa Cruz,2020-12-25,10,2554,10,2431,0,123,0,0,10,2554,0,0,10,2554,California
Santa Cruz,2020-12-26,65,2619,46,2477,19,142,0,0,65,2619,0,0,65,2619,California
Santa Cruz,2020-12-27,32,2651,27,2504,5,147,0,0,32,2651,0,0,32,2651,California
Santa Cruz,2020-12-28,483,3134,108,2612,375,522,0,0,483,3134,0,0,483,3134,California
Santa Cruz,2020-12-29,797,3931,369,2981,428,950,0,0,797,3931,0,0,797,3931,California
Santa Cruz,2020-12-30,357,4288,165,3146,192,1142,0,0,357,4288,0,0,357,4288,California
Santa Cruz,2020-12-31,312,4600,11,3157,301,1443,0,0,312,4600,0,0,312,4600,California
Santa Cruz,2021-01-01,33,4633,1,3158,32,1475,0,0,33,4633,0,0,33,4633,California
Santa Cruz,2021-01-02,69,4702,55,3213,14,1489,0,0,69,4702,0,0,69,4702,California
Santa Cruz,2021-01-03,15,4717,7,3220,8,1497,0,0,15,4717,0,0,15,4717,California
Santa Cruz,2021-01-04,281,4998,123,3343,158,1655,0,0,279,4996,0,0,279,4996,California
Santa Cruz,2021-01-05,570,5568,434,3777,136,1791,0,0,268,4962,302,302,268,5264,California
Santa Cruz,2021-01-06,801,6369,669,4446,132,1923,0,0,463,5088,337,639,463,5727,California
Santa Cruz,2021-01-07,537,6906,210,4656,327,2250,0,0,384,5320,153,792,385,6112,California
Santa Cruz,2021-01-08,941,7847,566,5222,375,2625,0,0,492,5364,449,1241,493,6605,California
Santa Cruz,2021-01-09,466,8313,125,5347,341,2966,0,0,410,5718,56,1297,410,7015,California
Santa Cruz,2021-01-10,79,8392,70,5417,9,2975,0,0,20,5679,59,1356,20,7035,California
Santa Cruz,2021-01-11,728,9120,592,6009,136,3111,0,0,193,5338,535,1891,194,7229,California
Santa Cruz,2021-01-12,733,9853,530,6539,203,3314,0,0,490,5585,243,2134,490,7719,California
Santa Cruz,2021-01-13,533,10386,234,6773,299,3613,0,0,446,5947,84,2218,446,8165,California
Santa Cruz,2021-01-14,563,10949,104,6877,459,4072,0,0,496,6376,67,2285,496,8661,California
Santa Cruz,2021-01-15,1465,12414,79,6956,1386,5458,0,0,1399,7712,65,2350,1401,10062,California
Santa Cruz,2021-01-16,424,12838,53,7009,371,5829,0,0,405,8098,19,2369,405,10467,California
Santa Cruz,2021-01-17,297,13135,41,7050,256,6085,0,0,272,8345,25,2394,272,10739,California
Santa Cruz,2021-01-18,1015,14150,104,7154,911,6996,0,0,953,9236,62,2456,953,11692,California
Santa Cruz,2021-01-19,1629,15779,526,7680,1103,8099,0,0,1276,10162,351,2807,1277,12969,California
Santa Cruz,2021-01-20,1254,17033,185,7865,1069,9168,0,0,1053,11017,198,3005,1053,14022,California
Santa Cruz,2021-01-21,1725,18758,199,8064,1526,10694,0,0,1617,12528,108,3113,1619,15641,California
Santa Cruz,2021-01-22,1808,20566,526,8590,1282,11976,0,0,1705,14134,100,3213,1706,17347,California
Santa Cruz,2021-01-23,403,20969,147,8737,256,12232,0,0,344,14420,58,3271,344,17691,California
Santa Cruz,2021-01-24,113,21082,20,8757,93,12325,0,0,96,14499,17,3288,96,17787,California
Santa Cruz,2021-01-25,1068,22150,363,9120,705,13030,0,0,557,14545,511,3799,557,18344,California
Santa Cruz,2021-01-26,1700,23850,251,9371,1449,14479,0,0,1187,15219,513,4312,1187,19531,California
Santa Cruz,2021-01-27,1684,25534,460,9831,1224,15703,0,0,1294,16125,388,4700,1294,20825,California
Santa Cruz,2021-01-28,1773,27307,295,10126,1478,17181,0,0,1495,17343,278,4978,1496,22321,California
Santa Cruz,2021-01-29,1754,29061,493,10619,1261,18442,0,0,1620,18830,133,5111,1620,23941,California
Santa Cruz,2021-01-30,1080,30141,312,10931,768,19210,0,0,944,19638,136,5247,944,24885,California
Santa Cruz,2021-01-31,224,30365,112,11043,112,19322,0,0,210,19834,14,5261,210,25095,California
Santa Cruz,2021-02-01,1233,31598,757,11800,476,19798,0,0,826,20253,407,5668,826,25921,California
Santa Cruz,2021-02-02,1020,32618,130,11930,890,20688,0,0,864,20963,154,5822,864,26785,California
Santa Cruz,2021-02-03,2249,34867,965,12895,1284,21972,0,0,1933,22584,312,6134,1933,28718,California
Santa Cruz,2021-02-04,1859,36726,772,13667,1087,23059,0,0,1519,23764,339,6473,1519,30237,California
Santa Cruz,2021-02-05,3173,39899,791,14458,2382,25441,0,0,2851,26294,321,6794,2851,33088,California
Santa Cruz,2021-02-06,2587,42486,161,14619,2426,27867,0,0,2242,28191,345,7139,2242,35330,California
Santa Cruz,2021-02-07,919,43405,124,14743,795,28662,0,0,901,29074,18,7157,901,36231,California
Santa Cruz,2021-02-08,719,44124,202,14945,517,29179,0,0,518,29392,200,7357,518,36749,California
Santa Cruz,2021-02-09,2375,46499,1056,16001,1319,30498,0,0,2109,31235,266,7623,2109,38858,California
Santa Cruz,2021-02-10,2220,48719,578,16579,1642,32140,0,0,1512,32051,697,8320,1513,40371,California
Santa Cruz,2021-02-11,1867,50586,319,16898,1548,33688,0,0,1336,32858,529,8849,1336,41707,California
Santa Cruz,2021-02-12,3253,53839,423,17321,2830,36518,0,0,1831,33278,1413,10262,1833,43540,California
Santa Cruz,2021-02-13,1709,55548,122,17443,1587,38105,0,0,1298,34165,411,10673,1298,44838,California
Santa Cruz,2021-02-14,1409,56957,68,17511,1341,39446,0,0,1147,35050,262,10935,1147,45985,California
Santa Cruz,2021-02-15,1586,58543,284,17795,1302,40748,0,0,569,34603,1017,11952,570,46555,California
Santa Cruz,2021-02-16,1708,60251,212,18007,1496,42244,0,0,538,33993,1148,13100,538,47093,California
Santa Cruz,2021-02-17,2932,63183,980,18987,1952,44196,0,0,1220,33517,1699,14799,1223,48316,California
Santa Cruz,2021-02-18,2896,66079,642,19629,2254,46450,0,0,1235,33095,1657,16456,1235,49551,California
Santa Cruz,2021-02-19,3292,69371,1156,20785,2136,48586,0,0,2018,33842,1271,17727,2018,51569,California
Santa Cruz,2021-02-20,2405,71776,1510,22295,895,49481,0,0,1901,35239,504,18231,1901,53470,California
Santa Cruz,2021-02-21,847,72623,376,22671,471,49952,0,0,716,35827,129,18360,717,54187,California
Santa Cruz,2021-02-22,1269,73892,976,23647,293,50245,0,0,540,35640,727,19087,540,54727,California
Santa Cruz,2021-02-23,2101,75993,939,24586,1162,51407,0,0,712,34964,1388,20475,712,55439,California
Santa Cruz,2021-02-24,3205,79198,1672,26258,1533,52940,0,0,1213,34190,1987,22462,1213,56652,California
Santa Cruz,2021-02-25,3283,82481,1450,27708,1833,54773,0,0,1810,34538,1464,23926,1812,58464,California
Santa Cruz,2021-02-26,2759,85240,773,28481,1986,56759,0,0,1571,34928,1183,25109,1573,60037,California
Santa Cruz,2021-02-27,2663,87903,941,29422,1722,58481,0,0,1856,35979,805,25914,1856,61893,California
Santa Cruz,2021-02-28,1316,89219,375,29797,941,59422,0,0,1089,36844,224,26138,1089,62982,California
Santa Cruz,2021-03-01,1918,91137,1262,31059,656,60078,0,0,732,36392,1184,27322,732,63714,California
Santa Cruz,2021-03-02,1568,92705,376,31435,1192,61270,0,0,889,36606,678,28000,892,64606,California
Santa Cruz,2021-03-03,2383,95088,648,32083,1735,63005,0,0,1309,36844,1071,29071,1309,65915,California
Santa Cruz,2021-03-04,3023,98111,1421,33504,1601,64606,1,1,2030,37894,982,30053,2032,67947,California
Santa Cruz,2021-03-05,2649,100760,502,34006,2129,66735,18,19,1159,37584,1487,31540,1177,69124,California
Santa Cruz,2021-03-06,3883,104643,1351,35357,2427,69162,105,124,2169,38142,1714,33254,2272,71396,California
Santa Cruz,2021-03-07,1351,105994,129,35486,1149,70311,73,197,561,37988,788,34042,634,72030,California
Santa Cruz,2021-03-08,1103,107097,225,35711,746,71057,132,329,663,38341,440,34482,793,72823,California
Santa Cruz,2021-03-09,1819,108916,273,35984,1394,72451,152,481,722,38121,1094,35576,874,73697,California
Santa Cruz,2021-03-10,3906,112822,2103,38087,1653,74104,150,631,2013,38394,1891,37467,2164,75861,California
Santa Cruz,2021-03-11,2840,115662,1230,39317,1435,75539,175,806,1562,38857,1277,38744,1740,77601,California
Santa Cruz,2021-03-12,2804,118466,895,40212,1613,77152,296,1102,926,38203,1874,40618,1220,78821,California
Santa Cruz,2021-03-13,2353,120819,1351,41563,958,78110,44,1146,1192,38282,1158,41776,1237,80058,California
Santa Cruz,2021-03-14,912,121731,218,41781,681,78791,13,1159,436,38256,474,42250,448,80506,California
Santa Cruz,2021-03-15,1374,123105,483,42264,855,79646,36,1195,588,38099,782,43032,625,81131,California
Santa Cruz,2021-03-16,2375,125480,1132,43396,1199,80845,44,1239,1377,38525,993,44025,1419,82550,California
Santa Cruz,2021-03-17,4078,129558,2422,45818,1645,82490,11,1250,2700,39867,1371,45396,2713,85263,California
Santa Cruz,2021-03-18,3949,133507,2125,47943,1704,84194,120,1370,2126,40293,1820,47216,2246,87509,California
Santa Cruz,2021-03-19,3460,136967,1366,49309,1868,86062,226,1596,1818,40700,1637,48853,2044,89553,California
Santa Cruz,2021-03-20,2241,139208,1642,50951,532,86594,67,1663,1098,40723,1142,49995,1165,90718,California
Santa Cruz,2021-03-21,864,140072,467,51418,269,86863,128,1791,462,40915,399,50394,591,91309,California
Santa Cruz,2021-03-22,1402,141474,856,52274,523,87386,23,1814,978,41497,420,50814,1002,92311,California
Santa Cruz,2021-03-23,2641,144115,1486,53760,1104,88490,51,1865,1766,42442,872,51686,1817,94128,California
Santa Cruz,2021-03-24,3161,147276,2141,55901,999,89489,21,1886,2103,43513,1052,52738,2123,96251,California
Santa Cruz,2021-03-25,2689,149965,1351,57252,1301,90790,37,1923,1364,43596,1318,54056,1401,97652,California
Santa Cruz,2021-03-26,3179,153144,1841,59093,1310,92100,28,1951,2161,44773,1011,55067,2188,99840,California
Santa Cruz,2021-03-27,3259,156403,2027,61120,1205,93305,27,1978,1516,44584,1733,56800,1544,101384,California
Santa Cruz,2021-03-28,944,157347,585,61705,345,93650,14,1992,497,44652,443,57243,511,101895,California
Santa Cruz,2021-03-29,2028,159375,899,62604,1061,94711,68,2060,1284,45264,740,57983,1352,103247,California
Santa Cruz,2021-03-30,2753,162128,829,63433,1760,96471,164,2224,1743,46163,1007,58990,1906,105153,California
Santa Cruz,2021-03-31,4221,166349,2854,66287,1317,97788,50,2274,2225,46447,1991,60981,2275,107428,California
Santa Cruz,2021-04-01,4098,170447,2188,68475,1801,99589,109,2383,2081,46628,2009,62990,2190,109618,California
Santa Cruz,2021-04-02,3332,173779,1436,69911,1714,101303,182,2565,1906,47294,1422,64412,2088,111706,California
Santa Cruz,2021-04-03,2283,176062,1245,71156,901,102204,137,2702,891,46931,1390,65802,1027,112733,California
Santa Cruz,2021-04-04,945,177007,494,71650,395,102599,56,2758,552,47146,393,66195,608,113341,California
Santa Cruz,2021-04-05,2292,179299,802,72452,1322,103921,168,2926,1417,47858,874,67069,1586,114927,California
Santa Cruz,2021-04-06,3446,182745,1679,74131,1384,105305,383,3309,1991,48782,1444,68513,2368,117295,California
Santa Cruz,2021-04-07,4224,186969,1668,75799,2185,107490,371,3680,1819,48569,2402,70915,2189,119484,California
Santa Cruz,2021-04-08,4333,191302,2377,78176,1430,108920,526,4206,2558,49885,1766,72681,3082,122566,California
Santa Cruz,2021-04-09,3764,195066,1533,79709,1821,110741,410,4616,2117,50773,1640,74321,2528,125094,California
Santa Cruz,2021-04-10,2303,197369,1106,80815,937,111678,260,4876,1088,50908,1211,75532,1346,126440,California
Santa Cruz,2021-04-11,1015,198384,533,81348,387,112065,95,4971,496,50979,519,76051,590,127030,California
Santa Cruz,2021-04-12,2351,200735,841,82189,1084,113149,426,5397,1127,51322,1210,77261,1553,128583,California
Santa Cruz,2021-04-13,2979,203714,1482,83671,1495,114644,2,5399,1680,51714,1290,78551,1682,130265,California
Santa Cruz,2021-04-14,4784,208498,2306,85977,2478,117122,0,5399,2315,51572,2459,81010,2317,132582,California
Santa Cruz,2021-04-15,5137,213635,3255,89232,1882,119004,0,5399,3221,52893,1902,82912,3223,135805,California
Santa Cruz,2021-04-16,4640,218275,2572,91804,2066,121070,2,5401,2519,53304,2112,85024,2523,138328,California
Santa Cruz,2021-04-17,2294,220569,919,92723,1375,122445,0,5401,1513,54039,778,85802,1513,139841,California
Santa Cruz,2021-04-18,1079,221648,523,93246,555,123000,1,5402,595,54154,481,86283,596,140437,California
Santa Cruz,2021-04-19,2609,224257,1536,94782,1072,124072,1,5403,1640,54828,966,87249,1640,142077,California
Santa Cruz,2021-04-20,3247,227504,1713,96495,1534,125606,0,5403,1846,55284,1390,88639,1846,143923,California
Santa Cruz,2021-04-21,4374,231878,2917,99412,1457,127063,0,5403,2373,55675,1983,90622,2374,146297,California
Santa Cruz,2021-04-22,4367,236245,2948,102360,1419,128482,0,5403,2443,56205,1914,92536,2444,148741,California
Santa Cruz,2021-04-23,3229,239474,1747,104107,1481,129963,1,5404,1399,55784,1820,94356,1399,150140,California
Santa Cruz,2021-04-24,2271,241745,1092,105199,1176,131139,3,5407,698,54923,1562,95918,701,150841,California
Santa Cruz,2021-04-25,1100,242845,707,105906,381,131520,12,5419,457,54756,635,96553,468,151309,California
Santa Cruz,2021-04-26,2148,244993,1057,106963,1074,132594,17,5436,900,54438,1236,97789,918,152227,California
Santa Cruz,2021-04-27,3019,248012,982,107945,1955,134549,82,5518,1509,54527,1502,99291,1591,153818,California
Santa Cruz,2021-04-28,3513,251525,1951,109896,1485,136034,77,5595,1853,54807,1647,100938,1927,155745,California
Santa Cruz,2021-04-29,3811,255336,2538,112434,1210,137244,63,5658,1343,53758,2458,103396,1409,157154,California
Santa Cruz,2021-04-30,2403,257739,1212,113646,1148,138392,43,5701,1014,53435,1381,104777,1058,158212,California
Santa Cruz,2021-05-01,1322,259061,1050,114696,239,138631,33,5734,608,53367,710,105487,642,158854,California
Santa Cruz,2021-05-02,658,259719,465,115161,167,138798,26,5760,216,53168,442,105929,243,159097,California
Santa Cruz,2021-05-03,1942,261661,1003,116164,872,139670,67,5827,658,52621,1273,107202,726,159823,California
Santa Cruz,2021-05-04,2740,264401,1598,117762,1071,140741,71,5898,882,51717,1855,109057,951,160774,California
Santa Cruz,2021-05-05,2826,267227,1422,119184,1324,142065,80,5978,748,50515,2035,111092,833,161607,California
Santa Cruz,2021-05-06,3893,271120,2473,121657,1199,143264,221,6199,881,48620,2994,114086,1099,162706,California
Santa Cruz,2021-05-07,2805,273925,1291,122948,1431,144695,83,6282,438,46782,2361,116447,523,163229,California
Santa Cruz,2021-05-08,1379,275304,694,123642,657,145352,28,6310,388,46209,991,117438,418,163647,California
Santa Cruz,2021-05-09,537,275841,341,123983,173,145525,23,6333,171,46039,364,117802,194,163841,California
Santa Cruz,2021-05-10,2090,277931,1248,125231,776,146301,66,6399,414,44852,1667,119469,480,164321,California
Santa Cruz,2021-05-11,2427,280358,1378,126609,961,147262,88,6487,666,43849,1756,121225,753,165074,California
Santa Cruz,2021-05-12,3222,283580,1385,127994,1756,149018,81,6568,576,41870,2637,123862,658,165732,California
Santa Cruz,2021-05-13,3977,287557,2699,130693,1184,150202,94,6662,1445,40884,2527,126389,1541,167273,California
Santa Cruz,2021-05-14,3076,290633,1708,132401,1328,151530,40,6702,1222,40303,1846,128235,1265,168538,California
Santa Cruz,2021-05-15,2299,292932,1330,133731,957,152487,12,6714,1114,40247,1182,129417,1126,169664,California
Santa Cruz,2021-05-16,758,293690,383,134114,353,152840,22,6736,220,39953,537,129954,243,169907,California
Santa Cruz,2021-05-17,1582,295272,828,134942,683,153523,71,6807,566,39575,1015,130969,637,170544,California
Santa Cruz,2021-05-18,2380,297652,1474,136416,882,154405,24,6831,1163,39552,1210,132179,1187,171731,California
Santa Cruz,2021-05-19,3163,300815,1906,138322,1220,155625,37,6868,1354,39143,1800,133979,1391,173122,California
Santa Cruz,2021-05-20,3457,304272,2484,140806,825,156450,148,7016,1625,39089,1827,135806,1773,174895,California
Santa Cruz,2021-05-21,1797,306069,927,141733,780,157230,90,7106,625,38638,1166,136972,715,175610,California
Santa Cruz,2021-05-22,1748,307817,1354,143087,383,157613,11,7117,613,38132,1131,138103,625,176235,California
Santa Cruz,2021-05-23,477,308294,265,143352,193,157806,19,7136,151,37980,322,138425,170,176405,California
Santa Cruz,2021-05-24,1180,309474,673,144025,428,158234,79,7215,305,37497,867,139292,384,176789,California
Santa Cruz,2021-05-25,2312,311786,1326,145351,941,159175,45,7260,483,36344,1682,140974,529,177318,California
Santa Cruz,2021-05-26,1785,313571,843,146194,897,160072,45,7305,491,35606,1278,142252,540,177858,California
Santa Cruz,2021-05-27,1356,314927,741,146935,510,160582,105,7410,476,35314,873,143125,581,178439,California
Santa Cruz,2021-05-28,867,315794,389,147324,448,161030,30,7440,381,35250,476,143601,412,178851,California
Santa Cruz,2021-05-29,597,316391,338,147662,247,161277,12,7452,328,35323,267,143868,340,179191,California
Santa Cruz,2021-05-30,247,316638,124,147786,109,161386,14,7466,95,35282,149,144017,108,179299,California
Santa Cruz,2021-05-31,146,316784,64,147850,81,161467,1,7467,45,35228,100,144117,46,179345,California
Santa Cruz,2021-06-01,970,317754,601,148451,356,161823,13,7480,359,34990,609,144726,371,179716,California
Santa Cruz,2021-06-02,931,318685,551,149002,339,162162,41,7521,366,34838,560,145286,408,180124,California
Santa Cruz,2021-06-03,2321,321006,1563,150565,720,162882,38,7559,548,33661,1763,147049,586,180710,California
Santa Cruz,2021-06-04,1084,322090,748,151313,301,163183,35,7594,255,33130,822,147871,291,181001,California
Santa Cruz,2021-06-05,1080,323170,883,152196,192,163375,5,7599,186,32431,890,148761,191,181192,California
Santa Cruz,2021-06-06,416,323586,307,152503,92,163467,17,7616,142,32320,271,149032,160,181352,California
Santa Cruz,2021-06-07,867,324453,646,153149,190,163657,31,7647,233,31951,633,149665,264,181616,California
Santa Cruz,2021-06-08,1526,325979,1227,154376,274,163931,25,7672,319,31094,1202,150867,345,181961,California
Santa Cruz,2021-06-09,1475,327454,1161,155537,297,164228,17,7689,292,30228,1176,152043,310,182271,California
Santa Cruz,2021-06-10,2023,329477,1664,157201,287,164515,72,7761,364,29007,1654,153697,433,182704,California
Santa Cruz,2021-06-11,841,330318,525,157726,281,164796,35,7796,293,28791,542,154239,326,183030,California
Santa Cruz,2021-06-12,979,331297,861,158587,112,164908,6,7802,169,28159,807,155046,175,183205,California
Santa Cruz,2021-06-13,205,331502,138,158725,46,164954,21,7823,33,28041,172,155218,54,183259,California
Santa Cruz,2021-06-14,584,332086,384,159109,164,165118,36,7859,181,27857,400,155618,216,183475,California
Santa Cruz,2021-06-15,977,333063,726,159835,228,165346,23,7882,350,27607,624,156242,374,183849,California
Santa Cruz,2021-06-16,848,333911,630,160465,183,165529,35,7917,275,27347,569,156811,309,184158,California
Santa Cruz,2021-06-17,821,334732,643,161108,139,165668,39,7956,306,27179,512,157323,344,184502,California
Santa Cruz,2021-06-18,651,335383,404,161512,216,165884,31,7987,295,27153,352,157675,326,184828,California
Santa Cruz,2021-06-19,338,335721,268,161780,64,165948,6,7993,121,27066,214,157889,127,184955,California
Santa Cruz,2021-06-20,163,335884,116,161896,28,165976,19,8012,69,27060,94,157983,88,185043,California
Santa Cruz,2021-06-21,363,336247,260,162156,85,166061,18,8030,187,27089,174,158157,203,185246,California
Santa Cruz,2021-06-22,700,336947,501,162657,169,166230,30,8060,271,26963,428,158585,302,185548,California
Santa Cruz,2021-06-23,385,337332,281,162938,98,166328,6,8066,190,26968,190,158775,195,185743,California
Santa Cruz,2021-06-24,271,337603,213,163151,43,166371,15,8081,97,26907,173,158948,112,185855,California
Shasta,2020-12-16,131,131,131,131,0,0,0,0,131,131,0,0,131,131,California
Shasta,2020-12-17,421,552,421,552,0,0,0,0,421,552,0,0,421,552,California
Shasta,2020-12-18,166,718,166,718,0,0,0,0,166,718,0,0,166,718,California
Shasta,2020-12-19,1,719,1,719,0,0,0,0,1,719,0,0,1,719,California
Shasta,2020-12-21,79,798,79,798,0,0,0,0,79,798,0,0,79,798,California
Shasta,2020-12-22,193,991,188,986,5,5,0,0,193,991,0,0,193,991,California
Shasta,2020-12-23,173,1164,169,1155,4,9,0,0,173,1164,0,0,173,1164,California
Shasta,2020-12-24,18,1182,18,1173,0,9,0,0,18,1182,0,0,18,1182,California
Shasta,2020-12-26,4,1186,1,1174,3,12,0,0,4,1186,0,0,4,1186,California
Shasta,2020-12-27,1,1187,0,1174,1,13,0,0,1,1187,0,0,1,1187,California
Shasta,2020-12-28,40,1227,31,1205,9,22,0,0,40,1227,0,0,40,1227,California
Shasta,2020-12-29,186,1413,185,1390,1,23,0,0,186,1413,0,0,186,1413,California
Shasta,2020-12-30,177,1590,167,1557,10,33,0,0,177,1590,0,0,177,1590,California
Shasta,2020-12-31,83,1673,2,1559,81,114,0,0,83,1673,0,0,83,1673,California
Shasta,2021-01-02,2,1675,0,1559,2,116,0,0,2,1675,0,0,2,1675,California
Shasta,2021-01-03,1,1676,1,1560,0,116,0,0,1,1676,0,0,1,1676,California
Shasta,2021-01-04,373,2049,307,1867,66,182,0,0,374,2050,0,0,374,2050,California
Shasta,2021-01-05,337,2386,314,2181,23,205,0,0,255,2223,82,82,255,2305,California
Shasta,2021-01-06,466,2852,395,2576,71,276,0,0,203,2164,262,344,203,2508,California
Shasta,2021-01-07,125,2977,37,2613,88,364,0,0,103,2245,22,366,103,2611,California
Shasta,2021-01-08,525,3502,448,3061,77,441,0,0,317,2354,208,574,317,2928,California
Shasta,2021-01-09,73,3575,64,3125,9,450,0,0,71,2423,2,576,71,2999,California
Shasta,2021-01-10,5,3580,0,3125,5,455,0,0,3,2426,2,578,5,3004,California
Shasta,2021-01-11,409,3989,186,3311,223,678,0,0,373,2763,36,614,373,3377,California
Shasta,2021-01-12,489,4478,332,3643,157,835,0,0,314,2902,175,789,314,3691,California
Shasta,2021-01-13,603,5081,269,3912,334,1169,0,0,432,3164,170,959,432,4123,California
Shasta,2021-01-14,503,5584,52,3964,451,1620,0,0,485,3631,18,977,485,4608,California
Shasta,2021-01-15,688,6272,134,4098,554,2174,0,0,686,4315,2,979,686,5294,California
Shasta,2021-01-16,897,7169,53,4151,844,3018,0,0,894,5206,3,982,894,6188,California
Shasta,2021-01-17,27,7196,6,4157,21,3039,0,0,23,5225,4,986,23,6211,California
Shasta,2021-01-18,598,7794,129,4286,469,3508,0,0,590,5807,8,994,590,6801,California
Shasta,2021-01-19,1064,8858,401,4687,663,4171,0,0,916,6575,148,1142,916,7717,California
Shasta,2021-01-20,677,9535,409,5096,268,4439,0,0,491,6885,181,1323,491,8208,California
Shasta,2021-01-21,634,10169,280,5376,354,4793,0,0,611,7473,23,1346,611,8819,California
Shasta,2021-01-22,451,10620,177,5553,274,5067,0,0,445,7912,6,1352,445,9264,California
Shasta,2021-01-23,68,10688,5,5558,63,5130,0,0,67,7978,1,1353,67,9331,California
Shasta,2021-01-24,26,10714,3,5561,23,5153,0,0,25,8002,1,1354,25,9356,California
Shasta,2021-01-25,748,11462,489,6050,259,5412,0,0,461,8177,286,1640,461,9817,California
Shasta,2021-01-26,713,12175,333,6383,380,5792,0,0,479,8424,232,1872,479,10296,California
Shasta,2021-01-27,463,12638,181,6564,282,6074,0,0,413,8788,49,1921,413,10709,California
Shasta,2021-01-28,892,13530,579,7143,313,6387,0,0,670,9236,222,2143,670,11379,California
Shasta,2021-01-29,834,14364,330,7473,504,6891,0,0,644,9691,190,2333,645,12024,California
Shasta,2021-01-30,615,14979,14,7487,601,7492,0,0,605,10286,10,2343,605,12629,California
Shasta,2021-01-31,27,15006,4,7491,23,7515,0,0,25,10309,2,2345,25,12654,California
Shasta,2021-02-01,532,15538,148,7639,384,7899,0,0,387,10551,145,2490,387,13041,California
Shasta,2021-02-02,992,16530,501,8140,491,8390,0,0,899,11359,91,2581,899,13940,California
Shasta,2021-02-03,725,17255,213,8353,512,8902,0,0,490,11614,235,2816,490,14430,California
Shasta,2021-02-04,1102,18357,675,9028,427,9329,0,0,908,12329,193,3009,908,15338,California
Shasta,2021-02-05,1264,19621,167,9195,1097,10426,0,0,1057,13180,206,3215,1057,16395,California
Shasta,2021-02-06,1745,21366,41,9236,1704,12130,0,0,1722,14879,23,3238,1722,18117,California
Shasta,2021-02-07,25,21391,3,9239,22,12152,0,0,23,14900,2,3240,23,18140,California
Shasta,2021-02-08,601,21992,169,9408,432,12584,0,0,309,14917,292,3532,309,18449,California
Shasta,2021-02-09,1130,23122,658,10066,472,13056,0,0,735,15258,395,3927,736,19185,California
Shasta,2021-02-10,1126,24248,787,10853,339,13395,0,0,599,15330,528,4455,600,19785,California
Shasta,2021-02-11,894,25142,187,11040,707,14102,0,0,370,15181,519,4974,370,20155,California
Shasta,2021-02-12,1796,26938,1212,12252,584,14686,0,0,1238,15861,558,5532,1238,21393,California
Shasta,2021-02-13,1382,28320,374,12626,1008,15694,0,0,569,15617,814,6346,570,21963,California
Shasta,2021-02-14,149,28469,5,12631,144,15838,0,0,124,15716,25,6371,124,22087,California
Shasta,2021-02-15,381,28850,92,12723,289,16127,0,0,212,15759,169,6540,212,22299,California
Shasta,2021-02-16,1201,30051,523,13246,678,16805,0,0,426,15411,774,7314,426,22725,California
Shasta,2021-02-17,1035,31086,436,13682,599,17404,0,0,412,15200,623,7937,412,23137,California
Shasta,2021-02-18,953,32039,471,14153,482,17886,0,0,459,15166,494,8431,460,23597,California
Shasta,2021-02-19,1337,33376,946,15099,391,18277,0,0,870,15569,467,8898,870,24467,California
Shasta,2021-02-20,802,34178,91,15190,711,18988,0,0,304,15375,498,9396,304,24771,California
Shasta,2021-02-21,32,34210,3,15193,29,19017,0,0,10,15363,22,9418,10,24781,California
Shasta,2021-02-22,433,34643,79,15272,354,19371,0,0,181,15293,251,9669,181,24962,California
Shasta,2021-02-23,912,35555,471,15743,441,19812,0,0,328,15037,584,10253,328,25290,California
Shasta,2021-02-24,892,36447,509,16252,383,20195,0,0,274,14694,617,10870,274,25564,California
Shasta,2021-02-25,519,36966,163,16415,356,20551,0,0,163,14502,355,11225,163,25727,California
Shasta,2021-02-26,797,37763,98,16513,699,21250,0,0,337,14380,459,11684,337,26064,California
Shasta,2021-02-27,829,38592,27,16540,802,22052,0,0,189,13932,637,12321,189,26253,California
Shasta,2021-02-28,176,38768,4,16544,172,22224,0,0,127,14010,49,12370,127,26380,California
Shasta,2021-03-01,588,39356,61,16605,527,22751,0,0,297,14017,290,12660,297,26677,California
Shasta,2021-03-02,1030,40386,474,17079,556,23307,0,0,338,13665,690,13350,338,27015,California
Shasta,2021-03-03,680,41066,175,17254,505,23812,0,0,247,13479,433,13783,247,27262,California
Shasta,2021-03-04,3035,44101,2418,19672,617,24429,0,0,1733,13914,1299,15082,1734,28996,California
Shasta,2021-03-05,1560,45661,162,19834,1369,25798,29,29,787,13956,774,15856,816,29812,California
Shasta,2021-03-06,2743,48404,385,20219,2311,28109,47,76,855,12972,1886,17742,902,30714,California
Shasta,2021-03-07,93,48497,4,20223,57,28166,32,108,39,12989,54,17796,71,30785,California
Shasta,2021-03-08,571,49068,48,20271,384,28550,139,247,157,12873,412,18208,296,31081,California
Shasta,2021-03-09,1256,50324,596,20867,482,29032,178,425,696,13187,559,18767,873,31954,California
Shasta,2021-03-10,805,51129,258,21125,345,29377,202,627,141,12866,663,19430,342,32296,California
Shasta,2021-03-11,1559,52688,472,21597,816,30193,271,898,942,13465,614,20044,1213,33509,California
Shasta,2021-03-12,1562,54250,847,22444,466,30659,249,1147,412,12975,1149,21193,659,34168,California
Shasta,2021-03-13,759,55009,425,22869,233,30892,101,1248,475,13266,283,21476,574,34742,California
Shasta,2021-03-14,1017,56026,8,22877,986,31878,23,1271,878,14030,139,21615,903,35645,California
Shasta,2021-03-15,497,56523,36,22913,361,32239,100,1371,209,14050,288,21903,308,35953,California
Shasta,2021-03-16,1142,57665,150,23063,925,33164,67,1438,858,14691,284,22187,925,36878,California
Shasta,2021-03-17,739,58404,191,23254,490,33654,58,1496,398,14814,333,22520,456,37334,California
Shasta,2021-03-18,1548,59952,589,23843,855,34509,104,1600,1118,15610,426,22946,1222,38556,California
Shasta,2021-03-19,647,60599,198,24041,393,34902,56,1656,412,15844,234,23180,468,39024,California
Shasta,2021-03-20,749,61348,490,24531,245,35147,14,1670,600,16309,149,23329,614,39638,California
Shasta,2021-03-21,312,61660,297,24828,4,35151,11,1681,285,16579,26,23355,296,39934,California
Shasta,2021-03-22,347,62007,37,24865,274,35425,36,1717,199,16667,147,23502,235,40169,California
Shasta,2021-03-23,1312,63319,653,25518,600,36025,59,1776,759,16937,548,24050,818,40987,California
Shasta,2021-03-24,610,63929,155,25673,417,36442,38,1814,366,17098,243,24293,404,41391,California
Shasta,2021-03-25,1134,65063,451,26124,662,37104,21,1835,823,17634,309,24602,845,42236,California
Shasta,2021-03-26,1838,66901,1404,27528,404,37508,30,1865,1477,18781,361,24963,1508,43744,California
Shasta,2021-03-27,1595,68496,406,27934,317,37825,872,2737,577,19210,1016,25979,1445,45189,California
Shasta,2021-03-28,408,68904,301,28235,97,37922,10,2747,302,19418,104,26083,312,45501,California
Shasta,2021-03-29,424,69328,40,28275,372,38294,12,2759,168,19343,255,26338,180,45681,California
Shasta,2021-03-30,1250,70578,770,29045,463,38757,17,2776,626,19365,621,26959,643,46324,California
Shasta,2021-03-31,619,71197,206,29251,407,39164,6,2782,382,19521,232,27191,388,46712,California
Shasta,2021-04-01,897,72094,247,29498,637,39801,13,2795,575,19789,320,27511,588,47300,California
Shasta,2021-04-02,756,72850,198,29696,503,40304,55,2850,412,19914,342,27853,467,47767,California
Shasta,2021-04-03,514,73364,362,30058,133,40437,19,2869,389,20197,125,27978,408,48175,California
Shasta,2021-04-04,293,73657,176,30234,96,40533,21,2890,219,20363,74,28052,240,48415,California
Shasta,2021-04-05,444,74101,68,30302,312,40845,64,2954,252,20487,192,28244,316,48731,California
Shasta,2021-04-06,1172,75273,487,30789,507,41352,178,3132,540,20577,627,28871,717,49448,California
Shasta,2021-04-07,663,75936,216,31005,282,41634,165,3297,260,20601,399,29270,423,49871,California
Shasta,2021-04-08,1155,77091,264,31269,734,42368,157,3454,223,20050,929,30199,378,50249,California
Shasta,2021-04-09,2601,79692,2078,33347,309,42677,214,3668,2017,21700,577,30776,2227,52476,California
Shasta,2021-04-10,884,80576,596,33943,157,42834,131,3799,269,21484,614,31390,398,52874,California
Shasta,2021-04-11,1251,81827,398,34341,833,43667,20,3819,144,20545,1103,32493,164,53038,California
Shasta,2021-04-12,341,82168,7,34348,270,43937,64,3883,98,20464,242,32735,161,53199,California
Shasta,2021-04-13,1278,83446,368,34716,908,44845,2,3885,339,19870,934,33669,340,53539,California
Shasta,2021-04-14,594,84040,143,34859,449,45294,2,3887,221,19721,372,34041,223,53762,California
Shasta,2021-04-15,1086,85126,258,35117,827,46121,1,3888,302,19244,779,34820,302,54064,California
Shasta,2021-04-16,2359,87485,1858,36975,501,46622,0,3888,949,18785,1408,36228,949,55013,California
Shasta,2021-04-17,648,88133,417,37392,231,46853,0,3888,193,18524,455,36683,194,55207,California
Shasta,2021-04-18,270,88403,244,37636,26,46879,0,3888,35,18326,233,36916,35,55242,California
Shasta,2021-04-19,383,88786,28,37664,355,47234,0,3888,165,18273,218,37134,165,55407,California
Shasta,2021-04-20,1023,89809,263,37927,760,47994,0,3888,380,18012,641,37775,380,55787,California
Shasta,2021-04-21,606,90415,220,38147,386,48380,0,3888,308,18022,298,38073,308,56095,California
Shasta,2021-04-22,965,91380,282,38429,683,49063,0,3888,297,17653,666,38739,297,56392,California
Shasta,2021-04-23,658,92038,263,38692,395,49458,0,3888,328,17652,329,39068,328,56720,California
Shasta,2021-04-24,602,92640,359,39051,242,49700,1,3889,109,17270,491,39559,109,56829,California
Shasta,2021-04-25,210,92850,180,39231,29,49729,1,3890,36,17133,174,39733,37,56866,California
Shasta,2021-04-26,503,93353,54,39285,444,50173,5,3895,355,17346,146,39879,359,57225,California
Shasta,2021-04-27,547,93900,178,39463,329,50502,40,3935,301,17441,243,40122,338,57563,California
Shasta,2021-04-28,577,94477,159,39622,385,50887,33,3968,250,17396,327,40449,282,57845,California
Shasta,2021-04-29,783,95260,119,39741,640,51527,24,3992,180,16998,602,41051,204,58049,California
Shasta,2021-04-30,2272,97532,1845,41586,396,51923,31,4023,271,15300,2000,43051,302,58351,California
Shasta,2021-05-01,224,97756,20,41606,128,52051,76,4099,96,15344,128,43179,172,58523,California
Shasta,2021-05-02,47,97803,17,41623,17,52068,13,4112,20,15350,27,43206,33,58556,California
Shasta,2021-05-03,354,98157,95,41718,233,52301,26,4138,113,15249,240,43446,139,58695,California
Shasta,2021-05-04,528,98685,193,41911,296,52597,39,4177,251,15265,274,43720,290,58985,California
Shasta,2021-05-05,445,99130,150,42061,277,52874,18,4195,204,15246,241,43961,222,59207,California
Shasta,2021-05-06,695,99825,265,42326,390,53264,40,4235,298,15194,388,44349,336,59543,California
Shasta,2021-05-07,1118,100943,737,43063,342,53606,39,4274,305,14726,812,45161,344,59887,California
Shasta,2021-05-08,167,101110,83,43146,73,53679,11,4285,97,14763,70,45231,107,59994,California
Shasta,2021-05-09,66,101176,15,43161,46,53725,5,4290,35,14772,31,45262,40,60034,California
Shasta,2021-05-10,257,101433,21,43182,187,53912,49,4339,111,14786,144,45406,158,60192,California
Shasta,2021-05-11,522,101955,160,43342,211,54123,151,4490,182,14780,339,45745,333,60525,California
Shasta,2021-05-12,398,102353,146,43488,228,54351,24,4514,133,14673,264,46009,157,60682,California
Shasta,2021-05-13,579,102932,239,43727,323,54674,17,4531,224,14561,353,46362,241,60923,California
Shasta,2021-05-14,647,103579,274,44001,347,55021,26,4557,297,14536,349,46711,324,61247,California
Shasta,2021-05-15,397,103976,127,44128,165,55186,105,4662,165,14574,231,46942,269,61516,California
Shasta,2021-05-16,222,104198,155,44283,57,55243,10,4672,163,14688,59,47001,173,61689,California
Shasta,2021-05-17,539,104737,245,44528,234,55477,60,4732,285,14780,253,47254,345,62034,California
Shasta,2021-05-18,612,105349,293,44821,295,55772,24,4756,327,14845,286,47540,351,62385,California
Shasta,2021-05-19,591,105940,280,45101,243,56015,68,4824,287,14900,300,47840,355,62740,California
Shasta,2021-05-20,576,106516,265,45366,292,56307,19,4843,279,14902,295,48135,297,63037,California
Shasta,2021-05-21,657,107173,301,45667,337,56644,19,4862,341,14949,313,48448,360,63397,California
Shasta,2021-05-22,234,107407,133,45800,93,56737,8,4870,145,15016,87,48535,154,63551,California
Shasta,2021-05-23,114,107521,49,45849,56,56793,9,4879,69,15049,45,48580,78,63629,California
Shasta,2021-05-24,532,108053,163,46012,338,57131,31,4910,186,14921,345,48925,217,63846,California
Shasta,2021-05-25,466,108519,199,46211,222,57353,45,4955,159,14821,303,49228,203,64049,California
Shasta,2021-05-26,372,108891,147,46358,200,57553,25,4980,148,14771,223,49451,173,64222,California
Shasta,2021-05-27,421,109312,154,46512,258,57811,9,4989,155,14672,263,49714,164,64386,California
Shasta,2021-05-28,445,109757,198,46710,218,58029,29,5018,209,14677,233,49947,238,64624,California
Shasta,2021-05-29,225,109982,63,46773,131,58160,31,5049,93,14667,132,50079,122,64746,California
Shasta,2021-05-30,87,110069,50,46823,35,58195,2,5051,59,14700,28,50107,61,64807,California
Shasta,2021-05-31,35,110104,8,46831,26,58221,1,5052,11,14689,23,50130,12,64819,California
Shasta,2021-06-01,533,110637,157,46988,230,58451,146,5198,140,14590,386,50516,287,65106,California
Shasta,2021-06-02,294,110931,119,47107,166,58617,9,5207,120,14548,172,50688,130,65236,California
Shasta,2021-06-03,365,111296,153,47260,203,58820,9,5216,115,14424,249,50937,125,65361,California
Shasta,2021-06-04,576,111872,285,47545,263,59083,28,5244,202,14281,373,51310,230,65591,California
Shasta,2021-06-05,258,112130,153,47698,88,59171,17,5261,82,14206,175,51485,100,65691,California
Shasta,2021-06-06,163,112293,128,47826,33,59204,2,5263,49,14143,114,51599,51,65742,California
Shasta,2021-06-07,403,112696,234,48060,152,59356,17,5280,110,13978,292,51891,127,65869,California
Shasta,2021-06-08,506,113202,298,48358,162,59518,46,5326,151,13823,351,52242,196,66065,California
Shasta,2021-06-09,485,113687,274,48632,123,59641,88,5414,111,13650,371,52613,198,66263,California
Shasta,2021-06-10,417,114104,252,48884,140,59781,25,5439,125,13514,286,52899,150,66413,California
Shasta,2021-06-11,456,114560,255,49139,165,59946,36,5475,126,13348,328,53227,162,66575,California
Shasta,2021-06-12,212,114772,139,49278,67,60013,6,5481,78,13299,133,53360,84,66659,California
Shasta,2021-06-13,89,114861,55,49333,32,60045,2,5483,25,13262,64,53424,27,66686,California
Shasta,2021-06-14,287,115148,156,49489,112,60157,19,5502,84,13163,202,53626,103,66789,California
Shasta,2021-06-15,462,115610,233,49722,111,60268,118,5620,163,13144,294,53920,275,67064,California
Shasta,2021-06-16,258,115868,150,49872,96,60364,12,5632,82,13066,172,54092,94,67158,California
Shasta,2021-06-17,292,116160,125,49997,131,60495,36,5668,107,13025,184,54276,143,67301,California
Shasta,2021-06-18,357,116517,226,50223,110,60605,21,5689,151,12992,205,54481,172,67473,California
Shasta,2021-06-19,116,116633,75,50298,39,60644,2,5691,54,12987,61,54542,56,67529,California
Shasta,2021-06-20,59,116692,37,50335,19,60663,3,5694,23,12977,36,54578,26,67555,California
Shasta,2021-06-21,209,116901,72,50407,108,60771,29,5723,86,12970,122,54700,115,67670,California
Shasta,2021-06-22,367,117268,137,50544,82,60853,148,5871,92,12933,267,54967,230,67900,California
Shasta,2021-06-23,212,117480,130,50674,70,60923,12,5883,91,12916,120,55087,103,68003,California
Shasta,2021-06-24,125,117605,71,50745,40,60963,14,5897,48,12902,76,55163,62,68065,California
Sierra,2020-12-18,1,1,1,1,0,0,0,0,1,1,0,0,1,1,California
Sierra,2020-12-21,2,3,2,3,0,0,0,0,2,3,0,0,2,3,California
Sierra,2020-12-22,12,15,12,15,0,0,0,0,12,15,0,0,12,15,California
Sierra,2020-12-23,4,19,4,19,0,0,0,0,4,19,0,0,4,19,California
Sierra,2020-12-28,1,20,0,19,1,1,0,0,1,20,0,0,1,20,California
Sierra,2020-12-29,49,69,7,26,42,43,0,0,49,69,0,0,49,69,California
Sierra,2020-12-30,2,71,0,26,2,45,0,0,2,71,0,0,2,71,California
Sierra,2020-12-31,13,84,0,26,13,58,0,0,13,84,0,0,13,84,California
Sierra,2021-01-01,1,85,1,27,0,58,0,0,1,85,0,0,1,85,California
Sierra,2021-01-05,63,148,2,29,61,119,0,0,63,148,0,0,63,148,California
Sierra,2021-01-06,1,149,1,30,0,119,0,0,1,149,0,0,1,149,California
Sierra,2021-01-07,21,170,1,31,20,139,0,0,20,168,1,1,20,169,California
Sierra,2021-01-08,1,171,1,32,0,139,0,0,1,169,0,1,1,170,California
Sierra,2021-01-11,3,174,3,35,0,139,0,0,0,166,3,4,0,170,California
Sierra,2021-01-12,39,213,12,47,27,166,0,0,27,181,12,16,27,197,California
Sierra,2021-01-13,4,217,3,50,1,167,0,0,1,179,3,19,1,198,California
Sierra,2021-01-14,35,252,2,52,33,200,0,0,35,214,0,19,35,233,California
Sierra,2021-01-15,3,255,1,53,2,202,0,0,3,217,0,19,3,236,California
Sierra,2021-01-18,3,258,0,53,3,205,0,0,3,220,0,19,3,239,California
Sierra,2021-01-19,32,290,0,53,32,237,0,0,32,252,0,19,32,271,California
Sierra,2021-01-20,1,291,1,54,0,237,0,0,1,253,0,19,1,272,California
Sierra,2021-01-21,52,343,0,54,52,289,0,0,52,305,0,19,52,324,California
Sierra,2021-01-22,2,345,0,54,2,291,0,0,2,307,0,19,2,326,California
Sierra,2021-01-23,2,347,0,54,2,293,0,0,2,309,0,19,2,328,California
Sierra,2021-01-25,1,348,1,55,0,293,0,0,1,310,0,19,1,329,California
Sierra,2021-01-26,62,410,1,56,61,354,0,0,24,296,38,57,24,353,California
Sierra,2021-01-27,4,414,4,60,0,354,0,0,0,292,4,61,0,353,California
Sierra,2021-01-28,53,467,0,60,53,407,0,0,43,325,10,71,43,396,California
Sierra,2021-01-29,2,469,0,60,2,409,0,0,2,327,0,71,2,398,California
Sierra,2021-01-30,3,472,3,63,0,409,0,0,2,328,1,72,2,400,California
Sierra,2021-02-01,1,473,0,63,1,410,0,0,0,327,1,73,0,400,California
Sierra,2021-02-02,57,530,1,64,56,466,0,0,18,306,39,112,18,418,California
Sierra,2021-02-03,6,536,5,69,1,467,0,0,5,310,1,113,5,423,California
Sierra,2021-02-04,102,638,5,74,97,564,0,0,53,314,49,162,53,476,California
Sierra,2021-02-05,6,644,4,78,2,566,0,0,5,318,1,163,5,481,California
Sierra,2021-02-09,51,695,0,78,51,617,0,0,48,363,3,166,48,529,California
Sierra,2021-02-10,5,700,2,80,3,620,0,0,4,366,1,167,4,533,California
Sierra,2021-02-11,195,895,1,81,194,814,0,0,134,439,61,228,134,667,California
Sierra,2021-02-12,20,915,0,81,20,834,0,0,20,459,0,228,20,687,California
Sierra,2021-02-13,1,916,1,82,0,834,0,0,1,460,0,228,1,688,California
Sierra,2021-02-15,3,919,3,85,0,834,0,0,0,457,3,231,0,688,California
Sierra,2021-02-16,44,963,1,86,43,877,0,0,10,433,34,265,10,698,California
Sierra,2021-02-17,4,967,0,86,4,881,0,0,1,431,3,268,1,699,California
Sierra,2021-02-18,139,1106,0,86,139,1020,0,0,90,472,49,317,90,789,California
Sierra,2021-02-19,2,1108,1,87,1,1021,0,0,1,472,1,318,1,790,California
Sierra,2021-02-20,2,1110,2,89,0,1021,0,0,0,470,2,320,0,790,California
Sierra,2021-02-22,1,1111,1,90,0,1021,0,0,1,471,0,320,1,791,California
Sierra,2021-02-23,4,1115,0,90,4,1025,0,0,4,475,0,320,4,795,California
Sierra,2021-02-24,3,1118,2,92,1,1026,0,0,3,478,0,320,3,798,California
Sierra,2021-02-25,124,1242,2,94,122,1148,0,0,58,471,65,385,58,856,California
Sierra,2021-02-26,11,1253,6,100,5,1153,0,0,4,468,7,392,4,860,California
Sierra,2021-02-27,2,1255,2,102,0,1153,0,0,0,466,2,394,0,860,California
Sierra,2021-03-01,2,1257,2,104,0,1153,0,0,0,464,2,396,0,860,California
Sierra,2021-03-02,56,1313,0,104,56,1209,0,0,38,484,18,414,38,898,California
Sierra,2021-03-03,2,1315,2,106,0,1209,0,0,1,484,1,415,1,899,California
Sierra,2021-03-04,108,1423,0,106,108,1317,0,0,60,496,48,463,60,959,California
Sierra,2021-03-05,13,1436,1,107,12,1329,0,0,11,505,2,465,11,970,California
Sierra,2021-03-07,1,1437,1,108,0,1329,0,0,0,504,1,466,0,970,California
Sierra,2021-03-08,2,1439,2,110,0,1329,0,0,2,506,0,466,2,972,California
Sierra,2021-03-09,56,1495,0,110,56,1385,0,0,12,474,44,510,12,984,California
Sierra,2021-03-10,6,1501,0,110,6,1391,0,0,4,476,2,512,4,988,California
Sierra,2021-03-11,173,1674,0,110,173,1564,0,0,41,385,132,644,41,1029,California
Sierra,2021-03-12,20,1694,1,111,19,1583,0,0,0,365,20,664,0,1029,California
Sierra,2021-03-13,27,1721,0,111,27,1610,0,0,27,392,0,664,27,1056,California
Sierra,2021-03-14,1,1722,0,111,0,1610,1,1,0,392,1,665,1,1057,California
Sierra,2021-03-15,2,1724,1,112,0,1610,1,2,0,391,2,667,1,1058,California
Sierra,2021-03-16,35,1759,0,112,34,1644,1,3,22,401,13,680,23,1081,California
Sierra,2021-03-17,3,1762,2,114,1,1645,0,3,0,398,3,683,0,1081,California
Sierra,2021-03-18,157,1919,0,114,157,1802,0,3,65,371,92,775,65,1146,California
Sierra,2021-03-19,4,1923,2,116,2,1804,0,3,1,369,3,778,1,1147,California
Sierra,2021-03-20,1,1924,0,116,1,1805,0,3,1,370,0,778,1,1148,California
Sierra,2021-03-23,22,1946,0,116,22,1827,0,3,13,374,9,787,13,1161,California
Sierra,2021-03-24,3,1949,1,117,2,1829,0,3,1,373,2,789,1,1162,California
Sierra,2021-03-25,99,2048,1,118,98,1927,0,3,50,374,49,838,50,1212,California
Sierra,2021-03-26,12,2060,1,119,11,1938,0,3,8,378,4,842,8,1220,California
Sierra,2021-03-27,1,2061,0,119,1,1939,0,3,0,377,1,843,0,1220,California
Sierra,2021-03-29,1,2062,1,120,0,1939,0,3,0,376,1,844,0,1220,California
Sierra,2021-03-30,54,2116,1,121,53,1992,0,3,22,366,32,876,22,1242,California
Sierra,2021-03-31,8,2124,0,121,8,2000,0,3,8,374,0,876,8,1250,California
Sierra,2021-04-01,63,2187,1,122,62,2062,0,3,5,323,56,932,5,1255,California
Sierra,2021-04-02,3,2190,2,124,1,2063,0,3,2,324,1,933,2,1257,California
Sierra,2021-04-04,1,2191,0,124,1,2064,0,3,0,324,0,933,0,1257,California
Sierra,2021-04-06,11,2202,0,124,11,2075,0,3,1,315,10,943,1,1258,California
Sierra,2021-04-07,14,2216,3,127,6,2081,5,8,3,313,10,953,8,1266,California
Sierra,2021-04-08,53,2269,2,129,51,2132,0,8,16,292,37,990,16,1282,California
Sierra,2021-04-09,2,2271,2,131,0,2132,0,8,1,292,1,991,1,1283,California
Sierra,2021-04-10,27,2298,0,131,27,2159,0,8,0,265,27,1018,0,1283,California
Sierra,2021-04-13,43,2341,0,131,43,2202,0,8,5,232,38,1056,5,1288,California
Sierra,2021-04-14,1,2342,0,131,1,2203,0,8,1,233,0,1056,1,1289,California
Sierra,2021-04-15,48,2390,1,132,47,2250,0,8,2,189,46,1102,2,1291,California
Sierra,2021-04-17,2,2392,1,133,1,2251,0,8,1,189,1,1103,1,1292,California
Sierra,2021-04-18,1,2393,0,133,1,2252,0,8,0,189,0,1103,0,1292,California
Sierra,2021-04-19,1,2394,1,134,0,2252,0,8,0,188,1,1104,0,1292,California
Sierra,2021-04-20,34,2428,1,135,33,2285,0,8,7,168,27,1131,7,1299,California
Sierra,2021-04-21,2,2430,1,136,1,2286,0,8,1,168,1,1132,1,1300,California
Sierra,2021-04-22,64,2494,1,137,63,2349,0,8,5,115,58,1190,5,1305,California
Sierra,2021-04-23,13,2507,0,137,13,2362,0,8,5,112,8,1198,5,1310,California
Sierra,2021-04-24,4,2511,0,137,4,2366,0,8,4,116,0,1198,4,1314,California
Sierra,2021-04-27,27,2538,0,137,27,2393,0,8,4,97,23,1221,4,1318,California
Sierra,2021-04-28,10,2548,2,139,8,2401,0,8,1,89,9,1230,1,1319,California
Sierra,2021-04-29,20,2568,2,141,18,2419,0,8,14,97,6,1236,14,1333,California
Sierra,2021-04-30,4,2572,2,143,2,2421,0,8,2,97,2,1238,2,1335,California
Sierra,2021-05-01,1,2573,0,143,1,2422,0,8,0,97,0,1238,0,1335,California
Sierra,2021-05-03,1,2574,1,144,0,2422,0,8,1,98,0,1238,1,1336,California
Sierra,2021-05-04,1,2575,0,144,1,2423,0,8,0,97,1,1239,0,1336,California
Sierra,2021-05-05,22,2597,0,144,22,2445,0,8,7,89,15,1254,7,1343,California
Sierra,2021-05-06,1,2598,1,145,0,2445,0,8,0,88,1,1255,0,1343,California
Sierra,2021-05-07,1,2599,1,146,0,2445,0,8,1,89,0,1255,1,1344,California
Sierra,2021-05-08,1,2600,0,146,0,2445,1,9,0,89,1,1256,1,1345,California
Sierra,2021-05-11,11,2611,0,146,4,2449,7,16,0,85,11,1267,7,1352,California
Sierra,2021-05-12,11,2622,1,147,10,2459,0,16,8,90,3,1270,8,1360,California
Sierra,2021-05-13,3,2625,2,149,1,2460,0,16,2,91,1,1271,2,1362,California
Sierra,2021-05-14,3,2628,1,150,2,2462,0,16,3,94,0,1271,3,1365,California
Sierra,2021-05-17,1,2629,1,151,0,2462,0,16,1,95,0,1271,1,1366,California
Sierra,2021-05-18,2,2631,0,151,1,2463,1,17,0,94,2,1273,1,1367,California
Sierra,2021-05-19,5,2636,2,153,3,2466,0,17,1,91,4,1277,1,1368,California
Sierra,2021-05-20,9,2645,8,161,0,2466,1,18,8,99,1,1278,9,1377,California
Sierra,2021-05-21,5,2650,2,163,3,2469,0,18,1,96,4,1282,1,1378,California
Sierra,2021-05-22,5,2655,0,163,5,2474,0,18,1,93,4,1286,1,1379,California
Sierra,2021-05-23,1,2656,0,163,1,2475,0,18,1,94,0,1286,1,1380,California
Sierra,2021-05-24,3,2659,1,164,2,2477,0,18,2,95,1,1287,2,1382,California
Sierra,2021-05-25,3,2662,0,164,3,2480,0,18,1,94,2,1289,1,1383,California
Sierra,2021-05-26,8,2670,0,164,8,2488,0,18,4,94,4,1293,4,1387,California
Sierra,2021-05-27,9,2679,1,165,7,2495,1,19,2,90,7,1300,3,1390,California
Sierra,2021-05-28,4,2683,2,167,2,2497,0,19,2,90,2,1302,2,1392,California
Sierra,2021-05-29,2,2685,0,167,2,2499,0,19,2,92,0,1302,2,1394,California
Sierra,2021-05-30,1,2686,1,168,0,2499,0,19,1,93,0,1302,1,1395,California
Sierra,2021-06-01,1,2687,0,168,1,2500,0,19,0,92,1,1303,0,1395,California
Sierra,2021-06-02,23,2710,0,168,21,2521,2,21,0,72,22,1325,2,1397,California
Sierra,2021-06-03,3,2713,2,170,1,2522,0,21,0,69,3,1328,0,1397,California
Sierra,2021-06-04,2,2715,2,172,0,2522,0,21,1,69,1,1329,1,1398,California
Sierra,2021-06-08,1,2716,1,173,0,2522,0,21,1,70,0,1329,1,1399,California
Sierra,2021-06-09,8,2724,1,174,5,2527,2,23,0,64,8,1337,2,1401,California
Sierra,2021-06-10,8,2732,8,182,0,2527,0,23,4,64,4,1341,4,1405,California
Sierra,2021-06-11,3,2735,1,183,2,2529,0,23,0,61,3,1344,0,1405,California
Sierra,2021-06-12,1,2736,1,184,0,2529,0,23,1,62,0,1344,1,1406,California
Sierra,2021-06-13,1,2737,1,185,0,2529,0,23,0,61,1,1345,0,1406,California
Sierra,2021-06-14,6,2743,4,189,1,2530,1,24,2,60,4,1349,3,1409,California
Sierra,2021-06-15,2,2745,1,190,1,2531,0,24,1,61,0,1349,1,1410,California
Sierra,2021-06-16,3,2748,0,190,3,2534,0,24,2,62,1,1350,2,1412,California
Sierra,2021-06-17,4,2752,2,192,1,2535,1,25,2,63,2,1352,3,1415,California
Sierra,2021-06-18,2,2754,1,193,0,2535,1,26,0,62,2,1354,1,1416,California
Sierra,2021-06-21,1,2755,0,193,1,2536,0,26,0,61,1,1355,0,1416,California
Sierra,2021-06-22,5,2760,3,196,2,2538,0,26,3,62,2,1357,3,1419,California
Sierra,2021-06-23,6,2766,0,196,6,2544,0,26,2,60,4,1361,2,1421,California
Sierra,2021-06-24,6,2772,0,196,2,2546,4,30,1,60,5,1366,5,1426,California
Siskiyou,2020-12-16,2,2,2,2,0,0,0,0,2,2,0,0,2,2,California
Siskiyou,2020-12-17,4,6,4,6,0,0,0,0,4,6,0,0,4,6,California
Siskiyou,2020-12-18,2,8,2,8,0,0,0,0,2,8,0,0,2,8,California
Siskiyou,2020-12-19,4,12,4,12,0,0,0,0,4,12,0,0,4,12,California
Siskiyou,2020-12-20,1,13,1,13,0,0,0,0,1,13,0,0,1,13,California
Siskiyou,2020-12-21,132,145,132,145,0,0,0,0,132,145,0,0,132,145,California
Siskiyou,2020-12-22,159,304,159,304,0,0,0,0,159,304,0,0,159,304,California
Siskiyou,2020-12-23,142,446,142,446,0,0,0,0,142,446,0,0,142,446,California
Siskiyou,2020-12-24,5,451,5,451,0,0,0,0,5,451,0,0,5,451,California
Siskiyou,2020-12-26,2,453,0,451,2,2,0,0,2,453,0,0,2,453,California
Siskiyou,2020-12-27,2,455,0,451,2,4,0,0,2,455,0,0,2,455,California
Siskiyou,2020-12-28,3,458,1,452,2,6,0,0,3,458,0,0,3,458,California
Siskiyou,2020-12-29,6,464,2,454,4,10,0,0,6,464,0,0,6,464,California
Siskiyou,2020-12-30,100,564,3,457,97,107,0,0,100,564,0,0,100,564,California
Siskiyou,2020-12-31,12,576,0,457,12,119,0,0,12,576,0,0,12,576,California
Siskiyou,2021-01-02,1,577,1,458,0,119,0,0,1,577,0,0,1,577,California
Siskiyou,2021-01-03,1,578,0,458,1,120,0,0,1,578,0,0,1,578,California
Siskiyou,2021-01-04,130,708,3,461,127,247,0,0,130,708,0,0,130,708,California
Siskiyou,2021-01-05,118,826,4,465,114,361,0,0,116,823,2,2,117,825,California
Siskiyou,2021-01-06,59,885,6,471,53,414,0,0,55,874,4,6,55,880,California
Siskiyou,2021-01-07,178,1063,4,475,174,588,0,0,177,1050,1,7,177,1057,California
Siskiyou,2021-01-08,41,1104,3,478,38,626,0,0,39,1087,2,9,39,1096,California
Siskiyou,2021-01-09,3,1107,3,481,0,626,0,0,1,1086,2,11,1,1097,California
Siskiyou,2021-01-11,226,1333,65,546,161,787,0,0,163,1186,63,74,163,1260,California
Siskiyou,2021-01-12,324,1657,274,820,50,837,0,0,91,1045,233,307,92,1352,California
Siskiyou,2021-01-13,158,1815,137,957,21,858,0,0,23,933,135,442,23,1375,California
Siskiyou,2021-01-14,36,1851,1,958,35,893,0,0,35,967,1,443,35,1410,California
Siskiyou,2021-01-15,55,1906,3,961,52,945,0,0,55,1022,0,443,55,1465,California
Siskiyou,2021-01-16,7,1913,2,963,5,950,0,0,7,1029,0,443,7,1472,California
Siskiyou,2021-01-17,1,1914,1,964,0,950,0,0,0,1028,1,444,0,1472,California
Siskiyou,2021-01-18,75,1989,3,967,72,1022,0,0,73,1099,2,446,73,1545,California
Siskiyou,2021-01-19,41,2030,1,968,40,1062,0,0,40,1138,1,447,40,1585,California
Siskiyou,2021-01-20,68,2098,35,1003,33,1095,0,0,64,1198,4,451,64,1649,California
Siskiyou,2021-01-21,68,2166,1,1004,67,1162,0,0,68,1266,0,451,68,1717,California
Siskiyou,2021-01-22,1343,3509,1175,2179,168,1330,0,0,1343,2609,0,451,1343,3060,California
Siskiyou,2021-01-23,6,3515,2,2181,4,1334,0,0,3,2609,3,454,3,3063,California
Siskiyou,2021-01-25,208,3723,8,2189,200,1534,0,0,204,2809,4,458,204,3267,California
Siskiyou,2021-01-26,158,3881,4,2193,154,1688,0,0,149,2949,9,467,149,3416,California
Siskiyou,2021-01-27,202,4083,2,2195,200,1888,0,0,138,3024,63,530,138,3554,California
Siskiyou,2021-01-28,260,4343,118,2313,142,2030,0,0,235,3240,19,549,235,3789,California
Siskiyou,2021-01-29,272,4615,3,2316,269,2299,0,0,253,3474,19,568,253,4042,California
Siskiyou,2021-01-30,6,4621,5,2321,1,2300,0,0,6,3480,0,568,6,4048,California
Siskiyou,2021-02-01,215,4836,3,2324,212,2512,0,0,114,3493,101,669,114,4162,California
Siskiyou,2021-02-02,318,5154,45,2369,273,2785,0,0,165,3505,153,822,165,4327,California
Siskiyou,2021-02-03,334,5488,1,2370,333,3118,0,0,265,3701,69,891,265,4592,California
Siskiyou,2021-02-04,367,5855,7,2377,360,3478,0,0,226,3786,141,1032,226,4818,California
Siskiyou,2021-02-05,545,6400,4,2381,541,4019,0,0,370,3981,175,1207,370,5188,California
Siskiyou,2021-02-06,15,6415,0,2381,15,4034,0,0,15,3996,0,1207,15,5203,California
Siskiyou,2021-02-07,2,6417,1,2382,1,4035,0,0,2,3998,0,1207,2,5205,California
Siskiyou,2021-02-08,243,6660,4,2386,239,4274,0,0,217,4189,26,1233,217,5422,California
Siskiyou,2021-02-09,248,6908,4,2390,244,4518,0,0,195,4331,53,1286,195,5617,California
Siskiyou,2021-02-10,390,7298,41,2431,349,4867,0,0,320,4582,69,1355,320,5937,California
Siskiyou,2021-02-11,215,7513,1,2432,214,5081,0,0,185,4737,30,1385,185,6122,California
Siskiyou,2021-02-12,1706,9219,1200,3632,506,5587,0,0,500,4031,1206,2591,500,6622,California
Siskiyou,2021-02-13,36,9255,2,3634,34,5621,0,0,31,4057,5,2596,31,6653,California
Siskiyou,2021-02-14,6,9261,2,3636,4,5625,0,0,6,4063,0,2596,6,6659,California
Siskiyou,2021-02-15,105,9366,8,3644,97,5722,0,0,103,4164,2,2598,103,6762,California
Siskiyou,2021-02-16,136,9502,2,3646,134,5856,0,0,100,4228,36,2634,100,6862,California
Siskiyou,2021-02-17,297,9799,16,3662,281,6137,0,0,261,4453,36,2670,261,7123,California
Siskiyou,2021-02-18,270,10069,88,3750,182,6319,0,0,128,4439,142,2812,128,7251,California
Siskiyou,2021-02-19,96,10165,34,3784,62,6381,0,0,35,4415,59,2871,35,7286,California
Siskiyou,2021-02-20,23,10188,5,3789,18,6399,0,0,16,4426,7,2878,18,7304,California
Siskiyou,2021-02-21,1,10189,1,3790,0,6399,0,0,1,4427,0,2878,1,7305,California
Siskiyou,2021-02-22,207,10396,2,3792,205,6604,0,0,75,4370,132,3010,75,7380,California
Siskiyou,2021-02-23,346,10742,15,3807,331,6935,0,0,194,4412,152,3162,194,7574,California
Siskiyou,2021-02-24,172,10914,5,3812,167,7102,0,0,49,4338,123,3285,49,7623,California
Siskiyou,2021-02-25,312,11226,25,3837,287,7389,0,0,157,4341,154,3439,157,7780,California
Siskiyou,2021-02-26,674,11900,11,3848,663,8052,0,0,369,4405,305,3744,369,8149,California
Siskiyou,2021-02-27,32,11932,5,3853,27,8079,0,0,28,4429,4,3748,28,8177,California
Siskiyou,2021-02-28,4,11936,4,3857,0,8079,0,0,3,4431,1,3749,3,8180,California
Siskiyou,2021-03-01,291,12227,6,3863,285,8364,0,0,50,4240,241,3990,50,8230,California
Siskiyou,2021-03-02,211,12438,1,3864,210,8574,0,0,70,4169,141,4131,70,8300,California
Siskiyou,2021-03-03,349,12787,11,3875,338,8912,0,0,155,4130,194,4325,155,8455,California
Siskiyou,2021-03-04,827,13614,622,4497,205,9117,0,0,646,4595,181,4506,646,9101,California
Siskiyou,2021-03-05,347,13961,6,4503,330,9447,11,11,105,4472,239,4745,116,9217,California
Siskiyou,2021-03-06,43,14004,3,4506,33,9480,7,18,28,4492,15,4760,35,9252,California
Siskiyou,2021-03-07,12,14016,4,4510,0,9480,8,26,2,4492,10,4770,10,9262,California
Siskiyou,2021-03-08,367,14383,28,4538,304,9784,35,61,67,4294,300,5070,102,9364,California
Siskiyou,2021-03-09,176,14559,2,4540,120,9904,54,115,43,4258,133,5203,97,9461,California
Siskiyou,2021-03-10,222,14781,7,4547,185,10089,30,145,26,4118,196,5399,56,9517,California
Siskiyou,2021-03-11,492,15273,205,4752,240,10329,47,192,282,4238,209,5608,329,9846,California
Siskiyou,2021-03-12,653,15926,141,4893,473,10802,39,231,183,3992,468,6076,222,10068,California
Siskiyou,2021-03-13,427,16353,379,5272,25,10827,23,254,379,4346,48,6124,402,10470,California
Siskiyou,2021-03-14,19,16372,0,5272,3,10830,16,270,1,4345,18,6142,17,10487,California
Siskiyou,2021-03-15,498,16870,258,5530,176,11006,64,334,322,4555,176,6318,386,10873,California
Siskiyou,2021-03-16,258,17128,34,5564,207,11213,17,351,141,4597,116,6434,158,11031,California
Siskiyou,2021-03-17,202,17330,9,5573,185,11398,8,359,34,4471,168,6602,42,11073,California
Siskiyou,2021-03-18,927,18257,789,6362,126,11524,12,371,809,5174,118,6720,821,11894,California
Siskiyou,2021-03-19,68,18325,10,6372,45,11569,13,384,19,5157,49,6769,32,11926,California
Siskiyou,2021-03-20,30,18355,7,6379,18,11587,5,389,6,5144,24,6793,11,11937,California
Siskiyou,2021-03-21,10,18365,4,6383,1,11588,5,394,4,5147,6,6799,9,11946,California
Siskiyou,2021-03-22,208,18573,21,6404,165,11753,22,416,145,5254,60,6859,167,12113,California
Siskiyou,2021-03-23,194,18767,19,6423,166,11919,9,425,141,5350,53,6912,149,12262,California
Siskiyou,2021-03-24,143,18910,48,6471,95,12014,0,425,116,5439,27,6939,116,12378,California
Siskiyou,2021-03-25,572,19482,320,6791,249,12263,3,428,400,5670,172,7111,403,12781,California
Siskiyou,2021-03-26,305,19787,35,6826,270,12533,0,428,104,5575,199,7310,104,12885,California
Siskiyou,2021-03-27,38,19825,5,6831,28,12561,5,433,10,5562,28,7338,15,12900,California
Siskiyou,2021-03-28,8,19833,7,6838,1,12562,0,433,5,5564,3,7341,5,12905,California
Siskiyou,2021-03-29,95,19928,10,6848,83,12645,2,435,45,5561,50,7391,47,12952,California
Siskiyou,2021-03-30,101,20029,6,6854,94,12739,1,436,40,5541,61,7452,41,12993,California
Siskiyou,2021-03-31,191,20220,21,6875,167,12906,3,439,48,5453,140,7592,52,13045,California
Siskiyou,2021-04-01,830,21050,671,7546,159,13065,0,439,214,5051,616,8208,214,13259,California
Siskiyou,2021-04-02,347,21397,197,7743,146,13211,4,443,66,4842,279,8487,70,13329,California
Siskiyou,2021-04-03,26,21423,5,7748,14,13225,7,450,5,4833,21,8508,12,13341,California
Siskiyou,2021-04-04,1,21424,0,7748,1,13226,0,450,1,4834,0,8508,1,13342,California
Siskiyou,2021-04-05,438,21862,331,8079,81,13307,26,476,27,4477,410,8918,53,13395,California
Siskiyou,2021-04-06,219,22081,37,8116,129,13436,53,529,126,4564,91,9009,178,13573,California
Siskiyou,2021-04-07,116,22197,11,8127,63,13499,42,571,65,4621,51,9060,108,13681,California
Siskiyou,2021-04-08,354,22551,187,8314,126,13625,41,612,64,4436,290,9350,105,13786,California
Siskiyou,2021-04-09,546,23097,377,8691,131,13756,38,650,84,4098,461,9811,123,13909,California
Siskiyou,2021-04-10,46,23143,6,8697,3,13759,37,687,7,4103,39,9850,44,13953,California
Siskiyou,2021-04-11,8,23151,5,8702,1,13760,2,689,2,4101,6,9856,4,13957,California
Siskiyou,2021-04-12,128,23279,24,8726,103,13863,1,690,48,4070,80,9936,49,14006,California
Siskiyou,2021-04-13,208,23487,37,8763,170,14033,1,691,82,4027,126,10062,83,14089,California
Siskiyou,2021-04-14,156,23643,64,8827,92,14125,0,691,84,4041,70,10132,84,14173,California
Siskiyou,2021-04-15,1116,24759,957,9784,159,14284,0,691,437,3800,679,10811,438,14611,California
Siskiyou,2021-04-16,308,25067,214,9998,94,14378,0,691,270,4033,37,10848,270,14881,California
Siskiyou,2021-04-17,11,25078,8,10006,3,14381,0,691,7,4036,4,10852,7,14888,California
Siskiyou,2021-04-18,5,25083,3,10009,2,14383,0,691,1,4033,4,10856,1,14889,California
Siskiyou,2021-04-19,129,25212,24,10033,105,14488,0,691,47,3998,82,10938,47,14936,California
Siskiyou,2021-04-20,236,25448,5,10038,231,14719,0,691,94,3951,141,11079,94,15030,California
Siskiyou,2021-04-21,96,25544,10,10048,86,14805,0,691,27,3909,69,11148,27,15057,California
Siskiyou,2021-04-22,414,25958,301,10349,113,14918,0,691,50,3595,364,11512,50,15107,California
Siskiyou,2021-04-23,181,26139,15,10364,166,15084,0,691,159,3733,21,11533,159,15266,California
Siskiyou,2021-04-24,28,26167,4,10368,24,15108,0,691,20,3745,8,11541,20,15286,California
Siskiyou,2021-04-25,2,26169,0,10368,2,15110,0,691,2,3747,0,11541,2,15288,California
Siskiyou,2021-04-26,101,26270,5,10373,91,15201,5,696,25,3701,76,11617,30,15318,California
Siskiyou,2021-04-27,114,26384,5,10378,107,15308,2,698,87,3765,25,11642,89,15407,California
Siskiyou,2021-04-28,111,26495,8,10386,95,15403,8,706,53,3768,58,11700,61,15468,California
Siskiyou,2021-04-29,148,26643,15,10401,132,15535,1,707,30,3681,118,11818,31,15499,California
Siskiyou,2021-04-30,102,26745,20,10421,81,15616,1,708,45,3672,54,11872,45,15544,California
Siskiyou,2021-05-01,11,26756,7,10428,1,15617,3,711,7,3678,4,11876,10,15554,California
Siskiyou,2021-05-02,11,26767,5,10433,6,15623,0,711,9,3685,2,11878,9,15563,California
Siskiyou,2021-05-03,110,26877,23,10456,85,15708,2,713,47,3671,63,11941,49,15612,California
Siskiyou,2021-05-04,121,26998,6,10462,113,15821,2,715,60,3673,60,12001,62,15674,California
Siskiyou,2021-05-05,114,27112,20,10482,85,15906,9,724,39,3647,74,12075,48,15722,California
Siskiyou,2021-05-06,366,27478,296,10778,64,15970,6,730,190,3667,176,12251,196,15918,California
Siskiyou,2021-05-07,307,27785,219,10997,83,16053,5,735,31,3428,275,12526,36,15954,California
Siskiyou,2021-05-08,25,27810,4,11001,20,16073,1,736,18,3440,7,12533,19,15973,California
Siskiyou,2021-05-09,1,27811,0,11001,1,16074,0,736,0,3439,1,12534,0,15973,California
Siskiyou,2021-05-10,98,27909,67,11068,30,16104,1,737,21,3384,77,12611,22,15995,California
Siskiyou,2021-05-11,87,27996,8,11076,74,16178,5,742,51,3404,36,12647,56,16051,California
Siskiyou,2021-05-12,56,28052,4,11080,48,16226,4,746,16,3384,40,12687,20,16071,California
Siskiyou,2021-05-13,82,28134,35,11115,38,16264,9,755,37,3385,45,12732,46,16117,California
Siskiyou,2021-05-14,176,28310,82,11197,93,16357,1,756,108,3427,67,12799,109,16226,California
Siskiyou,2021-05-15,43,28353,13,11210,28,16385,2,758,36,3459,6,12805,38,16264,California
Siskiyou,2021-05-16,6,28359,2,11212,4,16389,0,758,4,3461,2,12807,4,16268,California
Siskiyou,2021-05-17,66,28425,2,11214,41,16430,23,781,11,3440,55,12862,34,16302,California
Siskiyou,2021-05-18,220,28645,83,11297,133,16563,4,785,123,3471,96,12958,127,16429,California
Siskiyou,2021-05-19,156,28801,96,11393,59,16622,1,786,124,3564,32,12990,125,16554,California
Siskiyou,2021-05-20,532,29333,429,11822,101,16723,2,788,236,3508,294,13284,238,16792,California
Siskiyou,2021-05-21,197,29530,95,11917,102,16825,0,788,109,3530,87,13371,109,16901,California
Siskiyou,2021-05-22,41,29571,19,11936,22,16847,0,788,26,3541,15,13386,26,16927,California
Siskiyou,2021-05-23,4,29575,3,11939,1,16848,0,788,2,3541,2,13388,2,16929,California
Siskiyou,2021-05-24,18,29593,3,11942,15,16863,0,788,5,3534,12,13400,5,16934,California
Siskiyou,2021-05-25,157,29750,16,11958,121,16984,20,808,50,3499,105,13505,70,17004,California
Siskiyou,2021-05-26,76,29826,19,11977,57,17041,0,808,41,3505,35,13540,41,17045,California
Siskiyou,2021-05-27,133,29959,94,12071,37,17078,2,810,57,3488,76,13616,59,17104,California
Siskiyou,2021-05-28,156,30115,60,12131,95,17173,1,811,104,3542,51,13667,105,17209,California
Siskiyou,2021-05-29,16,30131,9,12140,4,17177,3,814,5,3539,11,13678,8,17217,California
Siskiyou,2021-05-31,2,30133,1,12141,0,17177,1,815,1,3540,1,13679,2,17219,California
Siskiyou,2021-06-01,86,30219,20,12161,66,17243,0,815,29,3513,56,13735,29,17248,California
Siskiyou,2021-06-02,122,30341,33,12194,89,17332,0,815,45,3481,77,13812,45,17293,California
Siskiyou,2021-06-03,156,30497,109,12303,42,17374,5,820,40,3410,116,13928,45,17338,California
Siskiyou,2021-06-04,99,30596,76,12379,23,17397,0,820,20,3351,79,14007,20,17358,California
Siskiyou,2021-06-05,37,30633,17,12396,19,17416,1,821,15,3345,22,14029,16,17374,California
Siskiyou,2021-06-06,3,30636,2,12398,0,17416,1,822,0,3343,3,14032,1,17375,California
Siskiyou,2021-06-07,38,30674,4,12402,30,17446,4,826,26,3361,12,14044,30,17405,California
Siskiyou,2021-06-08,207,30881,92,12494,112,17558,3,829,62,3286,140,14184,65,17470,California
Siskiyou,2021-06-09,113,30994,84,12578,28,17586,1,830,31,3236,82,14266,32,17502,California
Siskiyou,2021-06-10,177,31171,145,12723,31,17617,1,831,78,3216,99,14365,79,17581,California
Siskiyou,2021-06-11,110,31281,58,12781,45,17662,7,838,22,3178,67,14432,29,17610,California
Siskiyou,2021-06-12,29,31310,6,12787,23,17685,0,838,9,3167,20,14452,9,17619,California
Siskiyou,2021-06-13,24,31334,16,12803,8,17693,0,838,2,3147,22,14474,2,17621,California
Siskiyou,2021-06-14,24,31358,4,12807,16,17709,4,842,11,3148,13,14487,14,17635,California
Siskiyou,2021-06-15,88,31446,21,12828,54,17763,13,855,33,3139,55,14542,46,17681,California
Siskiyou,2021-06-16,102,31548,23,12851,77,17840,2,857,49,3137,53,14595,51,17732,California
Siskiyou,2021-06-17,185,31733,142,12993,31,17871,12,869,39,3043,145,14740,51,17783,California
Siskiyou,2021-06-18,99,31832,64,13057,27,17898,8,877,20,2992,79,14819,28,17811,California
Siskiyou,2021-06-19,26,31858,17,13074,9,17907,0,877,12,2990,14,14833,12,17823,California
Siskiyou,2021-06-20,2,31860,1,13075,0,17907,1,878,1,2991,1,14834,2,17825,California
Siskiyou,2021-06-21,37,31897,3,13078,33,17940,1,879,27,3009,10,14844,28,17853,California
Siskiyou,2021-06-22,66,31963,25,13103,37,17977,4,883,32,3011,34,14878,36,17889,California
Siskiyou,2021-06-23,49,32012,5,13108,40,18017,4,887,11,2989,37,14915,15,17904,California
Siskiyou,2021-06-24,78,32090,46,13154,24,18041,8,895,41,3001,37,14952,49,17953,California
Solano,2020-12-15,4,4,4,4,0,0,0,0,4,4,0,0,4,4,California
Solano,2020-12-16,70,74,70,74,0,0,0,0,70,74,0,0,70,74,California
Solano,2020-12-17,171,245,171,245,0,0,0,0,171,245,0,0,171,245,California
Solano,2020-12-18,478,723,477,722,1,1,0,0,478,723,0,0,478,723,California
Solano,2020-12-19,521,1244,521,1243,0,1,0,0,521,1244,0,0,521,1244,California
Solano,2020-12-20,357,1601,355,1598,2,3,0,0,357,1601,0,0,357,1601,California
Solano,2020-12-21,574,2175,572,2170,2,5,0,0,574,2175,0,0,574,2175,California
Solano,2020-12-22,663,2838,630,2800,33,38,0,0,663,2838,0,0,663,2838,California
Solano,2020-12-23,865,3703,774,3574,91,129,0,0,864,3701,1,1,864,3702,California
Solano,2020-12-24,424,4127,171,3745,253,382,0,0,424,4125,0,1,424,4126,California
Solano,2020-12-25,10,4137,2,3747,8,390,0,0,10,4135,0,1,10,4136,California
Solano,2020-12-26,174,4311,48,3795,126,516,0,0,174,4309,0,1,174,4310,California
Solano,2020-12-27,106,4417,29,3824,77,593,0,0,106,4415,0,1,106,4416,California
Solano,2020-12-28,873,5290,426,4250,447,1040,0,0,873,5288,0,1,873,5289,California
Solano,2020-12-29,910,6200,376,4626,534,1574,0,0,910,6198,0,1,910,6199,California
Solano,2020-12-30,1243,7443,606,5232,637,2211,0,0,1243,7441,0,1,1243,7442,California
Solano,2020-12-31,546,7989,142,5374,404,2615,0,0,546,7987,0,1,546,7988,California
Solano,2021-01-01,14,8003,13,5387,1,2616,0,0,14,8001,0,1,14,8002,California
Solano,2021-01-02,217,8220,169,5556,48,2664,0,0,217,8218,0,1,217,8219,California
Solano,2021-01-03,57,8277,41,5597,16,2680,0,0,51,8269,0,1,51,8270,California
Solano,2021-01-04,452,8729,244,5841,208,2888,0,0,443,8710,2,3,443,8713,California
Solano,2021-01-05,735,9464,381,6222,354,3242,0,0,574,9128,156,159,574,9287,California
Solano,2021-01-06,847,10311,438,6660,409,3651,0,0,575,9433,270,429,575,9862,California
Solano,2021-01-07,1070,11381,686,7346,384,4035,0,0,592,9550,476,905,593,10455,California
Solano,2021-01-08,1151,12532,783,8129,368,4403,0,0,549,9517,584,1489,551,11006,California
Solano,2021-01-09,886,13418,763,8892,123,4526,0,0,428,9490,455,1944,428,11434,California
Solano,2021-01-10,253,13671,192,9084,61,4587,0,0,152,9541,101,2045,152,11586,California
Solano,2021-01-11,1337,15008,1124,10208,213,4800,0,0,818,9840,519,2564,818,12404,California
Solano,2021-01-12,1583,16591,1181,11389,402,5202,0,0,1026,10311,556,3120,1027,13431,California
Solano,2021-01-13,1472,18063,1006,12395,466,5668,0,0,1213,11267,257,3377,1213,14644,California
Solano,2021-01-14,1896,19959,818,13213,1078,6746,0,0,1579,12530,316,3693,1579,16223,California
Solano,2021-01-15,1727,21686,1066,14279,661,7407,0,0,1426,13655,301,3994,1426,17649,California
Solano,2021-01-16,1297,22983,906,15185,391,7798,0,0,1123,14604,174,4168,1123,18772,California
Solano,2021-01-17,1054,24037,758,15943,296,8094,0,0,1034,15619,20,4188,1035,19807,California
Solano,2021-01-18,1433,25470,857,16800,576,8670,0,0,1316,16819,117,4305,1317,21124,California
Solano,2021-01-19,1665,27135,1347,18147,318,8988,0,0,1391,17937,273,4578,1391,22515,California
Solano,2021-01-20,2051,29186,1422,19569,629,9617,0,0,1564,19017,484,5062,1564,24079,California
Solano,2021-01-21,3208,32394,1024,20593,2184,11801,0,0,2851,21513,357,5419,2853,26932,California
Solano,2021-01-22,1789,34183,853,21446,936,12737,0,0,1591,22907,198,5617,1592,28524,California
Solano,2021-01-23,745,34928,243,21689,502,13239,0,0,535,23232,211,5828,536,29060,California
Solano,2021-01-24,410,35338,64,21753,346,13585,0,0,342,23506,68,5896,342,29402,California
Solano,2021-01-25,1677,37015,632,22385,1045,14630,0,0,1117,24065,559,6455,1118,30520,California
Solano,2021-01-26,1807,38822,749,23134,1058,15688,0,0,1162,24583,645,7100,1163,31683,California
Solano,2021-01-27,1814,40636,722,23856,1092,16780,0,0,1197,25167,613,7713,1197,32880,California
Solano,2021-01-28,1974,42610,713,24569,1261,18041,0,0,1376,25947,597,8310,1377,34257,California
Solano,2021-01-29,1725,44335,783,25352,942,18983,0,0,1359,26943,363,8673,1359,35616,California
Solano,2021-01-30,939,45274,439,25791,500,19483,0,0,610,27225,329,9002,611,36227,California
Solano,2021-01-31,268,45542,176,25967,92,19575,0,0,175,27308,92,9094,175,36402,California
Solano,2021-02-01,1558,47100,1031,26998,527,20102,0,0,772,27297,783,9877,772,37174,California
Solano,2021-02-02,3385,50485,1103,28101,2282,22384,0,0,2566,29049,814,10691,2566,39740,California
Solano,2021-02-03,2279,52764,1315,29416,964,23348,0,0,1173,29119,1103,11794,1173,40913,California
Solano,2021-02-04,1809,54573,903,30319,906,24254,0,0,1079,29473,725,12519,1079,41992,California
Solano,2021-02-05,3120,57693,1424,31743,1696,25950,0,0,2108,30576,1005,13524,2108,44100,California
Solano,2021-02-06,3077,60770,1171,32914,1906,27856,0,0,2257,32017,816,14340,2257,46357,California
Solano,2021-02-07,846,61616,781,33695,65,27921,0,0,234,31641,611,14951,235,46592,California
Solano,2021-02-08,1773,63389,1244,34939,529,28450,0,0,725,31320,1046,15997,725,47317,California
Solano,2021-02-09,1958,65347,1492,36431,466,28916,0,0,702,30767,1255,17252,702,48019,California
Solano,2021-02-10,2289,67636,1507,37938,782,29698,0,0,838,30155,1450,18702,838,48857,California
Solano,2021-02-11,2540,70176,1499,39437,1041,30739,0,0,1201,30029,1328,20030,1202,50059,California
Solano,2021-02-12,4276,74452,1636,41073,2640,33379,0,0,2915,31591,1353,21383,2915,52974,California
Solano,2021-02-13,2890,77342,247,41320,2643,36022,0,0,2475,33654,412,21795,2475,55449,California
Solano,2021-02-14,732,78074,204,41524,528,36550,0,0,406,33737,324,22119,407,55856,California
Solano,2021-02-15,1277,79351,267,41791,1010,37560,0,0,654,33768,623,22742,654,56510,California
Solano,2021-02-16,2576,81927,1392,43183,1184,38744,0,0,1676,34546,899,23641,1677,58187,California
Solano,2021-02-17,3264,85191,1458,44641,1806,40550,0,0,2208,35703,1053,24694,2210,60397,California
Solano,2021-02-18,2911,88102,850,45491,2061,42611,0,0,859,34517,2045,26739,859,61256,California
Solano,2021-02-19,2475,90577,1458,46949,1017,43628,0,0,1179,34408,1290,28029,1181,62437,California
Solano,2021-02-20,2745,93322,393,47342,2352,45980,0,0,2229,36120,517,28546,2229,64666,California
Solano,2021-02-21,2331,95653,2005,49347,326,46306,0,0,2001,37796,325,28871,2001,66667,California
Solano,2021-02-22,1816,97469,1065,50412,751,47057,0,0,944,37872,869,29740,945,67612,California
Solano,2021-02-23,2956,100425,1148,51560,1808,48865,0,0,2004,38927,949,30689,2004,69616,California
Solano,2021-02-24,2539,102964,1270,52830,1269,50134,0,0,1412,39216,1124,31813,1413,71029,California
Solano,2021-02-25,2641,105605,1569,54399,1072,51206,0,0,1457,39494,1179,32992,1457,72486,California
Solano,2021-02-26,3545,109150,2272,56671,1273,52479,0,0,2097,40148,1443,34435,2097,74583,California
Solano,2021-02-27,3985,113135,1537,58208,2447,54926,1,1,3222,42616,755,35190,3223,77806,California
Solano,2021-02-28,1948,115083,1571,59779,376,55302,1,2,1618,43908,327,35517,1619,79425,California
Solano,2021-03-01,2746,117829,1222,61001,1523,56825,1,3,2070,45309,670,36187,2071,81496,California
Solano,2021-03-02,2306,120135,1407,62408,899,57724,0,3,1292,45588,1013,37200,1292,82788,California
Solano,2021-03-03,2267,122402,1275,63683,992,58716,0,3,1403,46137,855,38055,1404,84192,California
Solano,2021-03-04,4399,126801,3432,67115,965,59681,2,5,3162,48077,1227,39282,3167,87359,California
Solano,2021-03-05,4940,131741,1682,68797,3253,62934,5,10,3968,51088,962,40244,3973,91332,California
Solano,2021-03-06,3863,135604,836,69633,2988,65922,39,49,2649,52573,1203,41447,2688,94020,California
Solano,2021-03-07,3578,139182,762,70395,2806,68728,10,59,1953,52925,1612,43059,1964,95984,California
Solano,2021-03-08,2157,141339,1353,71748,535,69263,269,328,1620,54283,529,43588,1887,97871,California
Solano,2021-03-09,3242,144581,1575,73323,1612,70875,55,383,2332,55758,908,44496,2383,100254,California
Solano,2021-03-10,2432,147013,1763,75086,583,71458,86,469,1275,55966,1152,45648,1360,101614,California
Solano,2021-03-11,6044,153057,1764,76850,4026,75484,254,723,4984,60149,1056,46704,5239,106853,California
Solano,2021-03-12,6053,159110,1581,78431,4293,79777,179,902,3172,60624,2875,49579,3350,110203,California
Solano,2021-03-13,4609,163719,808,79239,3716,83493,85,987,2236,60582,2366,51945,2324,112527,California
Solano,2021-03-14,4022,167741,3137,82376,430,83923,455,1442,1555,60128,2462,54407,2008,114535,California
Solano,2021-03-15,4034,171775,2461,84837,1245,85168,328,1770,2517,61463,1508,55915,2843,117378,California
Solano,2021-03-16,3096,174871,1324,86161,1537,86705,235,2005,1569,61743,1523,57438,1803,119181,California
Solano,2021-03-17,6511,181382,1686,87847,4730,91435,95,2100,4950,65230,1558,58996,5045,124226,California
Solano,2021-03-18,5217,186599,1855,89702,3324,94759,38,2138,3746,67552,1463,60459,3785,128011,California
Solano,2021-03-19,3587,190186,2649,92351,863,95622,75,2213,1636,67321,1943,62402,1712,129723,California
Solano,2021-03-20,5586,195772,1678,94029,3853,99475,55,2268,2631,67062,2945,65347,2686,132409,California
Solano,2021-03-21,1696,197468,1587,95616,84,99559,25,2293,378,66149,1314,66661,401,132810,California
Solano,2021-03-22,2704,200172,2051,97667,602,100161,51,2344,1571,66641,1127,67788,1619,134429,California
Solano,2021-03-23,3557,203729,1679,99346,1834,101995,44,2388,1394,65921,2157,69945,1437,135866,California
Solano,2021-03-24,2842,206571,1775,101121,1032,103027,35,2423,1361,65841,1474,71419,1394,137260,California
Solano,2021-03-25,4891,211462,4004,105125,852,103879,35,2458,2277,65544,2609,74028,2312,139572,California
Solano,2021-03-26,3246,214708,2107,107232,1102,104981,37,2495,1742,65829,1494,75522,1779,141351,California
Solano,2021-03-27,4218,218926,1160,108392,3019,108000,39,2534,1659,64972,2553,78075,1696,143047,California
Solano,2021-03-28,1424,220350,1112,109504,294,108294,18,2552,539,64648,881,78956,557,143604,California
Solano,2021-03-29,3540,223890,2047,111551,1477,109771,16,2568,1550,64238,1977,80933,1567,145171,California
Solano,2021-03-30,3055,226945,2023,113574,940,110711,92,2660,1904,65084,1150,82083,1996,147167,California
Solano,2021-03-31,3154,230099,2146,115720,847,111558,161,2821,1845,65780,1306,83389,2002,149169,California
Solano,2021-04-01,5572,235671,2112,117832,3308,114866,152,2973,3516,67405,2043,85432,3668,152837,California
Solano,2021-04-02,6631,242302,2235,120067,4227,119093,169,3142,2552,66061,4063,89495,2719,155556,California
Solano,2021-04-03,1532,243834,970,121037,408,119501,154,3296,568,65820,962,90457,721,156277,California
Solano,2021-04-04,781,244615,288,121325,193,119694,300,3596,241,65825,536,90993,541,156818,California
Solano,2021-04-05,3011,247626,2059,123384,744,120438,208,3804,1517,66056,1492,92485,1723,158541,California
Solano,2021-04-06,6068,253694,1642,125026,3938,124376,488,4292,1642,63767,4417,96902,2128,160669,California
Solano,2021-04-07,5988,259682,4640,129666,947,125323,401,4693,3402,65004,2566,99468,3803,164472,California
Solano,2021-04-08,6497,266179,1802,131468,3823,129146,872,5565,1810,63020,4657,104125,2673,167145,California
Solano,2021-04-09,6319,272498,1665,133133,3804,132950,850,6415,1525,60621,4768,108893,2369,169514,California
Solano,2021-04-10,1753,274251,964,134097,452,133402,337,6752,808,60821,943,109836,1143,170657,California
Solano,2021-04-11,1239,275490,772,134869,336,133738,131,6883,642,61000,594,110430,773,171430,California
Solano,2021-04-12,3298,278788,1702,136571,1232,134970,364,7247,1351,60771,1941,112371,1712,173142,California
Solano,2021-04-13,2570,281358,1114,137685,1455,136425,1,7248,1339,60884,1227,113598,1340,174482,California
Solano,2021-04-14,6542,287900,1966,139651,4576,141001,0,7248,1852,58055,4682,118280,1853,176335,California
Solano,2021-04-15,5736,293636,2168,141819,3567,144568,1,7249,1743,55820,3979,122259,1744,178079,California
Solano,2021-04-16,3712,297348,2599,144418,1111,145679,2,7251,2301,56720,1403,123662,2303,180382,California
Solano,2021-04-17,3286,300634,1073,145491,2213,147892,0,7251,1126,55699,2149,125811,1128,181510,California
Solano,2021-04-18,1007,301641,613,146104,394,148286,0,7251,529,55751,477,126288,529,182039,California
Solano,2021-04-19,2158,303799,1172,147276,986,149272,0,7251,1170,55941,982,127270,1172,183211,California
Solano,2021-04-20,3057,306856,1866,149142,1191,150463,0,7251,1696,56283,1354,128624,1696,184907,California
Solano,2021-04-21,3831,310687,2347,151489,1484,151947,0,7251,2019,56499,1803,130427,2019,186926,California
Solano,2021-04-22,3023,313710,1505,152994,1518,153465,0,7251,1793,57066,1226,131653,1793,188719,California
Solano,2021-04-23,4180,317890,2106,155100,2074,155539,0,7251,2518,57929,1657,133310,2520,191239,California
Solano,2021-04-24,3890,321780,2343,157443,1545,157084,2,7253,2582,59291,1222,134532,2584,193823,California
Solano,2021-04-25,1430,323210,1116,158559,314,157398,0,7253,1131,60130,292,134824,1131,194954,California
Solano,2021-04-26,2594,325804,1681,160240,909,158307,4,7257,1429,60412,1152,135976,1434,196388,California
Solano,2021-04-27,2586,328390,1292,161532,1264,159571,30,7287,1463,60794,1112,137088,1494,197882,California
Solano,2021-04-28,6037,334427,4985,166517,1006,160577,46,7333,3771,62359,2253,139341,3818,201700,California
Solano,2021-04-29,4545,338972,1447,167964,3063,163640,35,7368,2049,61957,2486,141827,2084,203784,California
Solano,2021-04-30,4131,343103,2191,170155,1800,165440,140,7508,1909,61800,2206,144033,2049,205833,California
Solano,2021-05-01,2184,345287,1682,171837,302,165742,200,7708,1298,62418,880,144913,1498,207331,California
Solano,2021-05-02,1200,346487,941,172778,234,165976,25,7733,661,62570,534,145447,686,208017,California
Solano,2021-05-03,1466,347953,1018,173796,361,166337,87,7820,603,62401,860,146307,691,208708,California
Solano,2021-05-04,1815,349768,1060,174856,689,167026,66,7886,816,62286,997,147304,882,209590,California
Solano,2021-05-05,2282,352050,1437,176293,732,167758,113,7999,1098,62315,1180,148484,1209,210799,California
Solano,2021-05-06,1990,354040,1189,177482,592,168350,209,8208,723,61984,1255,149739,924,211723,California
Solano,2021-05-07,2820,356860,1963,179445,737,169087,120,8328,974,61238,1838,151577,1092,212815,California
Solano,2021-05-08,1448,358308,905,180350,427,169514,116,8444,546,61002,898,152475,662,213477,California
Solano,2021-05-09,441,358749,264,180614,166,169680,11,8455,175,60926,263,152738,187,213664,California
Solano,2021-05-10,1336,360085,610,181224,619,170299,107,8562,389,60479,942,153680,495,214159,California
Solano,2021-05-11,2292,362377,1163,182387,1040,171339,89,8651,642,59565,1645,155325,731,214890,California
Solano,2021-05-12,2138,364515,1213,183600,749,172088,176,8827,700,59016,1423,156748,874,215764,California
Solano,2021-05-13,3076,367591,2119,185719,745,172833,212,9039,1637,59430,1435,158183,1849,217613,California
Solano,2021-05-14,2496,370087,1703,187422,671,173504,122,9161,1067,59198,1421,159604,1189,218802,California
Solano,2021-05-15,3414,373501,2763,190185,566,174070,85,9246,1303,58486,2099,161703,1387,220189,California
Solano,2021-05-16,1494,374995,1098,191283,363,174433,33,9279,248,57523,1243,162946,280,220469,California
Solano,2021-05-17,2452,377447,1406,192689,959,175392,87,9366,871,56916,1561,164507,954,221423,California
Solano,2021-05-18,2924,380371,1621,194310,1214,176606,89,9455,1462,57017,1449,165956,1550,222973,California
Solano,2021-05-19,5497,385868,3940,198250,1429,178035,128,9583,2109,55877,3378,169334,2238,225211,California
Solano,2021-05-20,2610,388478,1573,199823,974,179009,63,9646,955,55249,1646,170980,1018,226229,California
Solano,2021-05-21,3553,392031,1866,201689,1618,180627,69,9715,1391,54556,2153,173133,1460,227689,California
Solano,2021-05-22,2736,394767,2109,203798,533,181160,94,9809,1152,54224,1577,174710,1245,228934,California
Solano,2021-05-23,1386,396153,1140,204938,221,181381,25,9834,749,54364,634,175344,774,229708,California
Solano,2021-05-24,1839,397992,1046,205984,720,182101,73,9907,614,53831,1219,176563,686,230394,California
Solano,2021-05-25,1620,399612,821,206805,741,182842,58,9965,581,53441,1031,177594,641,231035,California
Solano,2021-05-26,1894,401506,1088,207893,749,183591,57,10022,707,53027,1182,178776,768,231803,California
Solano,2021-05-27,2130,403636,942,208835,1113,184704,75,10097,882,52746,1237,180013,956,232759,California
Solano,2021-05-28,2018,405654,1024,209859,938,185642,56,10153,764,52321,1246,181259,821,233580,California
Solano,2021-05-29,657,406311,325,210184,301,185943,31,10184,327,52350,328,181587,357,233937,California
Solano,2021-05-30,323,406634,155,210339,143,186086,25,10209,119,52293,201,181788,144,234081,California
Solano,2021-05-31,130,406764,20,210359,101,186187,9,10218,26,52224,104,181892,35,234116,California
Solano,2021-06-01,1827,408591,1172,211531,576,186763,79,10297,756,51995,1066,182958,837,234953,California
Solano,2021-06-02,1825,410416,1286,212817,473,187236,66,10363,958,52156,860,183818,1021,235974,California
Solano,2021-06-03,2187,412603,1726,214543,378,187614,83,10446,706,51471,1475,185293,790,236764,California
Solano,2021-06-04,1653,414256,1147,215690,440,188054,66,10512,508,50904,1141,186434,574,237338,California
Solano,2021-06-05,1419,415675,1025,216715,343,188397,51,10563,472,50486,941,187375,523,237861,California
Solano,2021-06-06,671,416346,551,217266,87,188484,33,10596,379,50607,291,187666,412,238273,California
Solano,2021-06-07,1242,417588,949,218215,230,188714,63,10659,414,50260,824,188490,477,238750,California
Solano,2021-06-08,1831,419419,1322,219537,475,189189,34,10693,498,49463,1329,189819,532,239282,California
Solano,2021-06-09,1950,421369,1637,221174,251,189440,62,10755,615,48810,1329,191148,676,239958,California
Solano,2021-06-10,1218,422587,847,222021,305,189745,66,10821,393,48452,817,191965,459,240417,California
Solano,2021-06-11,1602,424189,1271,223292,265,190010,66,10887,595,48110,1002,192967,660,241077,California
Solano,2021-06-12,1199,425388,920,224212,218,190228,61,10948,207,47393,985,193952,268,241345,California
Solano,2021-06-13,607,425995,517,224729,81,190309,9,10957,118,47031,489,194441,127,241472,California
Solano,2021-06-14,1313,427308,930,225659,349,190658,34,10991,307,46372,998,195439,339,241811,California
Solano,2021-06-15,1466,428774,931,226590,484,191142,51,11042,611,46186,848,196287,662,242473,California
Solano,2021-06-16,1159,429933,769,227359,321,191463,69,11111,396,45893,757,197044,464,242937,California
Solano,2021-06-17,1217,431150,930,228289,218,191681,69,11180,433,45627,767,197811,501,243438,California
Solano,2021-06-18,1179,432329,875,229164,237,191918,67,11247,441,45402,733,198544,508,243946,California
Solano,2021-06-19,427,432756,300,229464,100,192018,27,11274,162,45330,261,198805,189,244135,California
Solano,2021-06-20,183,432939,140,229604,36,192054,7,11281,85,45324,98,198903,92,244227,California
Solano,2021-06-21,629,433568,405,230009,162,192216,62,11343,395,45548,233,199136,457,244684,California
Solano,2021-06-22,1148,434716,867,230876,236,192452,45,11388,421,45291,723,199859,466,245150,California
Solano,2021-06-23,1156,435872,914,231790,171,192623,71,11459,407,45024,744,200603,477,245627,California
Solano,2021-06-24,617,436489,471,232261,96,192719,50,11509,249,44957,366,200969,299,245926,California
Sonoma,2020-12-15,4,4,4,4,0,0,0,0,4,4,0,0,4,4,California
Sonoma,2020-12-16,27,31,27,31,0,0,0,0,27,31,0,0,27,31,California
Sonoma,2020-12-17,111,142,111,142,0,0,0,0,111,142,0,0,111,142,California
Sonoma,2020-12-18,436,578,436,578,0,0,0,0,436,578,0,0,436,578,California
Sonoma,2020-12-19,112,690,111,689,1,1,0,0,112,690,0,0,112,690,California
Sonoma,2020-12-20,176,866,176,865,0,1,0,0,176,866,0,0,176,866,California
Sonoma,2020-12-21,911,1777,909,1774,2,3,0,0,910,1776,0,0,910,1776,California
Sonoma,2020-12-22,1356,3133,1265,3039,91,94,0,0,1356,3132,0,0,1356,3132,California
Sonoma,2020-12-23,1607,4740,1230,4269,377,471,0,0,1608,4740,0,0,1608,4740,California
Sonoma,2020-12-24,307,5047,102,4371,205,676,0,0,307,5047,0,0,307,5047,California
Sonoma,2020-12-25,8,5055,2,4373,6,682,0,0,8,5055,0,0,8,5055,California
Sonoma,2020-12-26,268,5323,257,4630,11,693,0,0,268,5323,0,0,268,5323,California
Sonoma,2020-12-27,94,5417,80,4710,14,707,0,0,94,5417,0,0,94,5417,California
Sonoma,2020-12-28,981,6398,547,5257,434,1141,0,0,954,6371,0,0,954,6371,California
Sonoma,2020-12-29,1136,7534,782,6039,354,1495,0,0,1102,7473,0,0,1102,7473,California
Sonoma,2020-12-30,1095,8629,481,6520,614,2109,0,0,1087,8560,0,0,1087,8560,California
Sonoma,2020-12-31,520,9149,71,6591,449,2558,0,0,521,9081,0,0,521,9081,California
Sonoma,2021-01-01,162,9311,75,6666,87,2645,0,0,162,9243,0,0,162,9243,California
Sonoma,2021-01-02,139,9450,130,6796,9,2654,0,0,139,9382,0,0,139,9382,California
Sonoma,2021-01-03,25,9475,10,6806,15,2669,0,0,25,9407,0,0,25,9407,California
Sonoma,2021-01-04,343,9818,107,6913,236,2905,0,0,342,9749,0,0,342,9749,California
Sonoma,2021-01-05,436,10254,102,7015,334,3239,0,0,410,10143,16,16,410,10159,California
Sonoma,2021-01-06,951,11205,432,7447,519,3758,0,0,836,10870,109,125,836,10995,California
Sonoma,2021-01-07,1034,12239,536,7983,498,4256,0,0,859,11555,174,299,859,11854,California
Sonoma,2021-01-08,1795,14034,1234,9217,561,4817,0,0,1311,12384,482,781,1311,13165,California
Sonoma,2021-01-09,642,14676,402,9619,240,5057,0,0,594,12930,48,829,594,13759,California
Sonoma,2021-01-10,471,15147,460,10079,11,5068,0,0,277,13013,194,1023,277,14036,California
Sonoma,2021-01-11,1388,16535,1241,11320,147,5215,0,0,414,12458,969,1992,414,14450,California
Sonoma,2021-01-12,1550,18085,1293,12613,257,5472,0,0,401,11712,1147,3139,401,14851,California
Sonoma,2021-01-13,2051,20136,1369,13982,682,6154,0,0,1183,12031,865,4004,1184,16035,California
Sonoma,2021-01-14,1542,21678,808,14790,734,6888,0,0,1313,13115,229,4233,1313,17348,California
Sonoma,2021-01-15,1564,23242,631,15421,933,7821,0,0,1340,14243,214,4447,1342,18690,California
Sonoma,2021-01-16,1153,24395,618,16039,535,8356,0,0,906,14906,243,4690,906,19596,California
Sonoma,2021-01-17,679,25074,556,16595,123,8479,0,0,599,15425,80,4770,599,20195,California
Sonoma,2021-01-18,1112,26186,941,17536,171,8650,0,0,622,15558,490,5260,623,20818,California
Sonoma,2021-01-19,2103,28289,1005,18541,1098,9748,0,0,1387,16232,714,5974,1388,22206,California
Sonoma,2021-01-20,2116,30405,640,19181,1476,11224,0,0,1444,17015,662,6636,1445,23651,California
Sonoma,2021-01-21,2292,32697,647,19828,1645,12869,0,0,2065,18856,225,6861,2066,25717,California
Sonoma,2021-01-22,2769,35466,1056,20884,1713,14582,0,0,2618,21324,150,7011,2618,28335,California
Sonoma,2021-01-23,771,36237,596,21480,175,14757,0,0,660,21874,110,7121,660,28995,California
Sonoma,2021-01-24,849,37086,714,22194,135,14892,0,0,831,22687,18,7139,831,29826,California
Sonoma,2021-01-25,2183,39269,520,22714,1663,16555,0,0,1692,23888,491,7630,1692,31518,California
Sonoma,2021-01-26,2061,41330,308,23022,1753,18308,0,0,1594,25016,466,8096,1594,33112,California
Sonoma,2021-01-27,3744,45074,1279,24301,2465,20773,0,0,3161,27599,581,8677,3164,36276,California
Sonoma,2021-01-28,4137,49211,1843,26144,2294,23067,0,0,3456,30378,678,9355,3457,39733,California
Sonoma,2021-01-29,3020,52231,1422,27566,1598,24665,0,0,2173,31707,845,10200,2174,41907,California
Sonoma,2021-01-30,2600,54831,2403,29969,197,24862,0,0,2251,33611,348,10548,2252,44159,California
Sonoma,2021-01-31,804,55635,689,30658,115,24977,0,0,573,33954,230,10778,573,44732,California
Sonoma,2021-02-01,2501,58136,862,31520,1639,26616,0,0,2115,35687,382,11160,2115,46847,California
Sonoma,2021-02-02,3615,61751,1402,32922,2213,28829,0,0,3028,38131,584,11744,3028,49875,California
Sonoma,2021-02-03,4073,65824,1333,34255,2740,31569,0,0,3125,40312,944,12688,3125,53000,California
Sonoma,2021-02-04,4245,70069,1744,35999,2501,34070,0,0,3446,42962,797,13485,3447,56447,California
Sonoma,2021-02-05,4859,74928,1760,37759,3099,37169,0,0,3804,45718,1050,14535,3806,60253,California
Sonoma,2021-02-06,2669,77597,2300,40059,369,37538,0,0,2128,47306,540,15075,2128,62381,California
Sonoma,2021-02-07,1553,79150,1415,41474,138,37676,0,0,1292,48337,261,15336,1292,63673,California
Sonoma,2021-02-08,3287,82437,1043,42517,2244,39920,0,0,2684,50420,601,15937,2684,66357,California
Sonoma,2021-02-09,3591,86028,1711,44228,1880,41800,0,0,3106,53044,483,16420,3107,69464,California
Sonoma,2021-02-10,4588,90616,2509,46737,2079,43879,0,0,3567,55597,1015,17435,3568,73032,California
Sonoma,2021-02-11,5632,96248,3043,49780,2589,46468,0,0,4427,58822,1202,18637,4427,77459,California
Sonoma,2021-02-12,5956,102204,3278,53058,2678,49146,0,0,4508,61890,1443,20080,4511,81970,California
Sonoma,2021-02-13,2016,104220,1163,54221,853,49999,0,0,1209,62295,804,20884,1209,83179,California
Sonoma,2021-02-14,2330,106550,1826,56047,504,50503,0,0,1581,63131,745,21629,1581,84760,California
Sonoma,2021-02-15,2150,108700,792,56839,1358,51861,0,0,1606,64193,544,22173,1606,86366,California
Sonoma,2021-02-16,4948,113648,2087,58926,2861,54722,0,0,3673,66596,1271,23444,3674,90040,California
Sonoma,2021-02-17,5629,119277,2924,61850,2705,57427,0,0,3582,68143,2037,25481,3584,93624,California
Sonoma,2021-02-18,6969,126246,3151,65001,3818,61245,0,0,4014,69219,2939,28420,4015,97639,California
Sonoma,2021-02-19,5596,131842,1695,66696,3901,65146,0,0,3460,70553,2128,30548,3462,101101,California
Sonoma,2021-02-20,3146,134988,2849,69545,297,65443,0,0,1227,69869,1911,32459,1227,102328,California
Sonoma,2021-02-21,550,135538,436,69981,114,65557,0,0,148,69621,396,32855,148,102476,California
Sonoma,2021-02-22,2962,138500,1405,71386,1557,67114,0,0,1227,69123,1725,34580,1227,103703,California
Sonoma,2021-02-23,3459,141959,2126,73512,1333,68447,0,0,1621,68913,1831,36411,1621,105324,California
Sonoma,2021-02-24,5725,147684,2574,76086,3151,71598,0,0,2931,69060,2785,39196,2932,108256,California
Sonoma,2021-02-25,6017,153701,2359,78445,3658,75256,0,0,3226,69519,2767,41963,3226,111482,California
Sonoma,2021-02-26,6643,160344,2932,81377,3711,78967,0,0,4212,71308,2423,44386,4212,115694,California
Sonoma,2021-02-27,4232,164576,1960,83337,2272,81239,0,0,2844,72767,1385,45771,2844,118538,California
Sonoma,2021-02-28,2504,167080,1853,85190,650,81889,1,1,761,71796,1733,47504,762,119300,California
Sonoma,2021-03-01,4138,171218,1320,86510,2817,84706,1,2,2166,72006,1958,49462,2168,121468,California
Sonoma,2021-03-02,4422,175640,1525,88035,2895,87601,2,4,2552,72700,1860,51322,2554,124022,California
Sonoma,2021-03-03,5093,180733,2646,90681,2447,90048,0,4,2339,72297,2742,54064,2339,126361,California
Sonoma,2021-03-04,5980,186713,2688,93369,3292,93340,0,4,2591,71513,3375,57439,2591,128952,California
Sonoma,2021-03-05,6510,193223,2870,96239,3625,96965,15,19,2747,70532,3744,61183,2763,131715,California
Sonoma,2021-03-06,2806,196029,1228,97467,1441,98406,137,156,1928,71726,870,62053,2064,133779,California
Sonoma,2021-03-07,1737,197766,1401,98868,300,98706,36,192,402,70832,1332,63385,438,134217,California
Sonoma,2021-03-08,4088,201854,666,99534,3247,101953,175,367,2393,71716,1682,65067,2566,136783,California
Sonoma,2021-03-09,5620,207474,3095,102629,2257,104210,268,635,2746,71854,2863,67930,3001,139784,California
Sonoma,2021-03-10,6053,213527,3217,105846,2486,106696,350,985,2445,71055,3592,71522,2793,142577,California
Sonoma,2021-03-11,7567,221094,3028,108874,3715,110411,824,1809,2572,69470,4979,76501,3394,145971,California
Sonoma,2021-03-12,7432,228526,2271,111145,3797,114208,1364,3173,2086,67595,5320,81821,3445,149416,California
Sonoma,2021-03-13,3450,231976,1712,112857,1499,115707,239,3412,2014,68409,1434,83255,2248,151664,California
Sonoma,2021-03-14,1402,233378,391,113248,868,116575,143,3555,851,68855,548,83803,994,152658,California
Sonoma,2021-03-15,5258,238636,1521,114769,3350,119925,387,3942,2178,68355,3063,86866,2563,155221,California
Sonoma,2021-03-16,6329,244965,2272,117041,3826,123751,231,4173,2904,68070,3418,90284,3133,158354,California
Sonoma,2021-03-17,6801,251766,3547,120588,3075,126826,179,4352,3293,68048,3492,93776,3470,161824,California
Sonoma,2021-03-18,7158,258924,2953,123541,3590,130416,615,4967,3128,67769,4017,97793,3738,165562,California
Sonoma,2021-03-19,7526,266450,3262,126803,4033,134449,231,5198,3057,66614,4447,102240,3292,168854,California
Sonoma,2021-03-20,3731,270181,1760,128563,1147,135596,824,6022,2021,67752,1702,103942,2840,171694,California
Sonoma,2021-03-21,1399,271580,613,129176,751,136347,35,6057,1210,68814,183,104125,1245,172939,California
Sonoma,2021-03-22,4577,276157,3119,132295,1358,137705,100,6157,3331,71005,1240,105365,3431,176370,California
Sonoma,2021-03-23,5875,282032,3638,135933,2163,139868,74,6231,4428,74071,1437,106802,4503,180873,California
Sonoma,2021-03-24,6838,288870,4282,140215,2481,142349,75,6306,4163,75654,2653,109455,4236,185109,California
Sonoma,2021-03-25,7140,296010,4203,144418,2826,145175,111,6417,4293,77241,2819,112274,4406,189515,California
Sonoma,2021-03-26,7471,303481,3476,147894,3900,149075,95,6512,3819,77529,3625,115899,3913,193428,California
Sonoma,2021-03-27,3872,307353,1516,149410,1994,151069,362,6874,999,76027,2860,118759,1358,194786,California
Sonoma,2021-03-28,1518,308871,953,150363,537,151606,28,6902,800,76139,714,119473,826,195612,California
Sonoma,2021-03-29,2981,311852,1111,151474,1837,153443,33,6935,1541,76282,1431,120904,1574,197186,California
Sonoma,2021-03-30,5893,317745,3229,154703,2601,156044,63,6998,3076,76613,2808,123712,3139,200325,California
Sonoma,2021-03-31,5647,323392,3418,158121,2012,158056,217,7215,3247,77692,2385,126097,3464,203789,California
Sonoma,2021-04-01,6964,330356,4076,162197,2543,160599,345,7560,3780,78650,3157,129254,4115,207904,California
Sonoma,2021-04-02,5971,336327,3574,165771,2287,162886,110,7670,3580,79959,2380,131634,3689,211593,California
Sonoma,2021-04-03,3661,339988,1823,167594,1610,164496,228,7898,1601,79738,2046,133680,1825,213418,California
Sonoma,2021-04-04,1067,341055,693,168287,283,164779,91,7989,648,80063,414,134094,739,214157,California
Sonoma,2021-04-05,4450,345505,662,168949,3440,168219,348,8337,1672,79313,2770,136864,2020,216177,California
Sonoma,2021-04-06,6935,352440,3514,172463,3010,171229,411,8748,4028,80859,2891,139755,4437,220614,California
Sonoma,2021-04-07,6857,359297,3872,176335,2139,173368,846,9594,3337,81531,3503,143258,4175,224789,California
Sonoma,2021-04-08,7681,366978,4152,180487,2752,176120,777,10371,4202,83037,3468,146726,4974,229763,California
Sonoma,2021-04-09,6870,373848,3834,184321,2145,178265,891,11262,3533,84130,3323,150049,4416,234179,California
Sonoma,2021-04-10,3925,377773,1709,186030,1653,179918,563,11825,1155,83084,2757,152806,1711,235890,California
Sonoma,2021-04-11,1292,379065,613,186643,597,180515,82,11907,440,82756,850,153656,522,236412,California
Sonoma,2021-04-12,4970,384035,2069,188712,2414,182929,487,12394,1855,81990,3101,156757,2335,238747,California
Sonoma,2021-04-13,7943,391978,4675,193387,3264,186193,4,12398,3054,80171,4876,161633,3057,241804,California
Sonoma,2021-04-14,6708,398686,3788,197175,2899,189092,21,12419,2581,78659,4112,165745,2600,244404,California
Sonoma,2021-04-15,7554,406240,4287,201462,3267,192359,0,12419,3676,78474,3862,169607,3677,248081,California
Sonoma,2021-04-16,6935,413175,3465,204927,3468,195827,2,12421,3919,79392,3004,172611,3922,252003,California
Sonoma,2021-04-17,3541,416716,1830,206757,1711,197538,0,12421,1692,79255,1830,174441,1693,253696,California
Sonoma,2021-04-18,1381,418097,982,207739,399,197937,0,12421,538,78951,842,175283,538,254234,California
Sonoma,2021-04-19,3443,421540,1894,209633,1548,199485,1,12422,1531,78577,1906,177189,1532,255766,California
Sonoma,2021-04-20,6378,427918,3513,213146,2864,202349,1,12423,2380,76976,3984,181173,2383,258149,California
Sonoma,2021-04-21,6751,434669,4295,217441,2454,204803,2,12425,3106,76460,3623,184796,3107,261256,California
Sonoma,2021-04-22,6450,441119,4500,221941,1949,206752,1,12426,2624,75278,3806,188602,2624,263880,California
Sonoma,2021-04-23,7542,448661,4643,226584,2892,209644,7,12433,3689,75136,3839,192441,3697,267577,California
Sonoma,2021-04-24,2786,451447,1515,228099,1257,210901,14,12447,1548,75465,1233,193674,1562,269139,California
Sonoma,2021-04-25,1086,452533,789,228888,297,211198,0,12447,431,75244,652,194326,431,269570,California
Sonoma,2021-04-26,2974,455507,1419,230307,1527,212725,28,12475,1638,75582,1328,195654,1666,271236,California
Sonoma,2021-04-27,5523,461030,3731,234038,1668,214393,124,12599,2257,74709,3253,198907,2380,273616,California
Sonoma,2021-04-28,4908,465938,3230,237268,1478,215871,200,12799,2099,74211,2792,201699,2294,275910,California
Sonoma,2021-04-29,5087,471025,3590,240858,1353,217224,144,12943,1911,73102,3164,204863,2055,277965,California
Sonoma,2021-04-30,5555,476580,3627,244485,1632,218856,296,13239,1826,71509,3714,208577,2121,280086,California
Sonoma,2021-05-01,2504,479084,1783,246268,615,219471,106,13345,1237,71589,1258,209835,1338,281424,California
Sonoma,2021-05-02,871,479955,650,246918,170,219641,51,13396,554,71878,317,210152,606,282030,California
Sonoma,2021-05-03,3252,483207,1681,248599,1426,221067,145,13541,1071,70924,2168,212320,1214,283244,California
Sonoma,2021-05-04,4601,487808,2409,251008,2014,223081,178,13719,1459,69438,3119,215439,1633,284877,California
Sonoma,2021-05-05,3707,491515,2185,253193,1328,224409,194,13913,1319,68577,2372,217811,1511,286388,California
Sonoma,2021-05-06,4581,496096,2410,255603,2044,226453,127,14040,1300,66784,3217,221028,1424,287812,California
Sonoma,2021-05-07,3638,499734,2325,257928,1190,227643,123,14163,1096,65474,2529,223557,1219,289031,California
Sonoma,2021-05-08,1886,501620,1278,259206,516,228159,92,14255,669,65030,1205,224762,761,289792,California
Sonoma,2021-05-09,498,502118,284,259490,173,228332,41,14296,160,64898,333,225095,201,289993,California
Sonoma,2021-05-10,2350,504468,1038,260528,1179,229511,133,14429,295,63285,2038,227133,425,290418,California
Sonoma,2021-05-11,3596,508064,1934,262462,1539,231050,123,14552,882,61594,2696,229829,1005,291423,California
Sonoma,2021-05-12,4043,512107,2498,264960,1393,232443,152,14704,851,59416,3180,233009,1002,292425,California
Sonoma,2021-05-13,4964,517071,2837,267797,1997,234440,130,14834,1660,57913,3291,236300,1788,294213,California
Sonoma,2021-05-14,5849,522920,3608,271405,2103,236543,138,14972,2222,56661,3613,239913,2361,296574,California
Sonoma,2021-05-15,2982,525902,2198,273603,721,237264,63,15035,1871,57492,1103,241016,1934,298508,California
Sonoma,2021-05-16,1322,527224,1104,274707,159,237423,59,15094,983,58200,334,241350,1042,299550,California
Sonoma,2021-05-17,2442,529666,1815,276522,532,237955,95,15189,892,57640,1545,242895,985,300535,California
Sonoma,2021-05-18,4333,533999,2858,279380,1366,239321,109,15298,1466,56365,2849,245744,1574,302109,California
Sonoma,2021-05-19,3872,537871,2416,281796,1341,240662,115,15413,1500,55625,2356,248100,1616,303725,California
Sonoma,2021-05-20,3425,541296,2245,284041,1086,241748,94,15507,1337,54976,2075,250175,1426,305151,California
Sonoma,2021-05-21,4261,545557,2395,286436,1737,243485,129,15636,1508,53868,2730,252905,1622,306773,California
Sonoma,2021-05-22,2339,547896,1282,287718,1017,244502,40,15676,665,52911,1662,254567,705,307478,California
Sonoma,2021-05-23,1485,549381,1212,288930,255,244757,18,15694,775,53000,704,255271,793,308271,California
Sonoma,2021-05-24,1986,551367,1243,290173,611,245368,132,15826,646,52466,1312,256583,778,309049,California
Sonoma,2021-05-25,2941,554308,1798,291971,1055,246423,88,15914,742,51110,2185,258768,829,309878,California
Sonoma,2021-05-26,2482,556790,1729,293700,642,247065,111,16025,1002,50754,1466,260234,1110,310988,California
Sonoma,2021-05-27,2078,558868,1139,294839,842,247907,97,16122,699,50178,1370,261604,794,311782,California
Sonoma,2021-05-28,2181,561049,1125,295964,963,248870,93,16215,627,49356,1542,263146,720,312502,California
Sonoma,2021-05-29,1347,562396,919,296883,360,249230,68,16283,652,49392,684,263830,720,313222,California
Sonoma,2021-05-30,345,562741,212,297095,122,249352,11,16294,137,49336,203,264033,147,313369,California
Sonoma,2021-05-31,70,562811,26,297121,43,249395,1,16295,17,49301,53,264086,18,313387,California
Sonoma,2021-06-01,1940,564751,1110,298231,754,250149,76,16371,707,48860,1220,265306,779,314166,California
Sonoma,2021-06-02,1582,566333,970,299201,497,250646,115,16486,656,48712,921,266227,773,314939,California
Sonoma,2021-06-03,2005,568338,1382,300583,544,251190,79,16565,443,47682,1553,267780,523,315462,California
Sonoma,2021-06-04,2708,571046,2205,302788,396,251586,107,16672,516,46122,2183,269963,623,316085,California
Sonoma,2021-06-05,1817,572863,1491,304279,295,251881,31,16703,280,44901,1532,271495,311,316396,California
Sonoma,2021-06-06,1012,573875,936,305215,67,251948,9,16712,155,44211,854,272349,164,316560,California
Sonoma,2021-06-07,1478,575353,1237,306452,186,252134,55,16767,331,43455,1139,273488,383,316943,California
Sonoma,2021-06-08,1894,577247,1522,307974,326,252460,46,16813,534,42685,1348,274836,578,317521,California
Sonoma,2021-06-09,1643,578890,1355,309329,226,252686,62,16875,389,41896,1240,276076,451,317972,California
Sonoma,2021-06-10,1834,580724,1507,310836,223,252909,104,16979,558,41293,1263,277339,660,318632,California
Sonoma,2021-06-11,1995,582719,1632,312468,272,253181,91,17070,541,40478,1447,278786,632,319264,California
Sonoma,2021-06-12,1127,583846,890,313358,191,253372,46,17116,353,40110,768,279554,400,319664,California
Sonoma,2021-06-13,553,584399,465,313823,70,253442,18,17134,105,39785,448,280002,123,319787,California
Sonoma,2021-06-14,949,585348,677,314500,212,253654,60,17194,348,39599,593,280595,407,320194,California
Sonoma,2021-06-15,1849,587197,1380,315880,361,254015,108,17302,611,39088,1229,281824,718,320912,California
Sonoma,2021-06-16,1562,588759,1209,317089,252,254267,101,17403,501,38632,1056,282880,600,321512,California
Sonoma,2021-06-17,1030,589789,784,317873,167,254434,79,17482,406,38496,620,283500,484,321996,California
Sonoma,2021-06-18,1064,590853,770,318643,193,254627,101,17583,451,38441,604,284104,549,322545,California
Sonoma,2021-06-19,830,591683,686,319329,106,254733,38,17621,274,38199,553,284657,311,322856,California
Sonoma,2021-06-20,243,591926,199,319528,37,254770,7,17628,83,38132,157,284814,90,322946,California
Sonoma,2021-06-21,530,592456,306,319834,146,254916,78,17706,256,38201,264,285078,333,323279,California
Sonoma,2021-06-22,1241,593697,982,320816,169,255085,90,17796,578,38208,658,285736,665,323944,California
Sonoma,2021-06-23,1204,594901,930,321746,194,255279,80,17876,475,38040,723,286459,555,324499,California
Sonoma,2021-06-24,653,595554,431,322177,150,255429,72,17948,276,38016,371,286830,347,324846,California
Stanislaus,2020-12-15,5,5,5,5,0,0,0,0,5,5,0,0,5,5,California
Stanislaus,2020-12-16,38,43,38,43,0,0,0,0,38,43,0,0,38,43,California
Stanislaus,2020-12-17,74,117,74,117,0,0,0,0,74,117,0,0,74,117,California
Stanislaus,2020-12-18,343,460,337,454,6,6,0,0,343,460,0,0,343,460,California
Stanislaus,2020-12-19,134,594,134,588,0,6,0,0,134,594,0,0,134,594,California
Stanislaus,2020-12-20,87,681,87,675,0,6,0,0,87,681,0,0,87,681,California
Stanislaus,2020-12-21,999,1680,998,1673,1,7,0,0,998,1679,1,1,999,1680,California
Stanislaus,2020-12-22,796,2476,784,2457,12,19,0,0,796,2475,0,1,796,2476,California
Stanislaus,2020-12-23,450,2926,431,2888,19,38,0,0,449,2924,1,2,450,2926,California
Stanislaus,2020-12-24,98,3024,89,2977,9,47,0,0,98,3022,0,2,98,3024,California
Stanislaus,2020-12-26,53,3077,9,2986,44,91,0,0,53,3075,0,2,53,3077,California
Stanislaus,2020-12-27,11,3088,6,2992,5,96,0,0,11,3086,0,2,11,3088,California
Stanislaus,2020-12-28,490,3578,396,3388,94,190,0,0,490,3576,0,2,490,3578,California
Stanislaus,2020-12-29,500,4078,415,3803,85,275,0,0,500,4076,0,2,500,4078,California
Stanislaus,2020-12-30,538,4616,281,4084,257,532,0,0,537,4612,1,3,537,4615,California
Stanislaus,2020-12-31,282,4898,158,4242,124,656,0,0,282,4894,0,3,282,4897,California
Stanislaus,2021-01-01,16,4914,7,4249,9,665,0,0,16,4910,0,3,16,4913,California
Stanislaus,2021-01-02,34,4948,26,4275,8,673,0,0,34,4944,0,3,34,4947,California
Stanislaus,2021-01-03,90,5038,87,4362,3,676,0,0,90,5034,0,3,90,5037,California
Stanislaus,2021-01-04,232,5270,152,4514,80,756,0,0,232,5266,0,3,232,5269,California
Stanislaus,2021-01-05,844,6114,349,4863,495,1251,0,0,818,6067,25,28,826,6095,California
Stanislaus,2021-01-06,1010,7124,605,5468,405,1656,0,0,932,6930,75,103,938,7033,California
Stanislaus,2021-01-07,1083,8207,705,6173,378,2034,0,0,889,7634,189,292,893,7926,California
Stanislaus,2021-01-08,1282,9489,723,6896,559,2593,0,0,934,8230,345,637,941,8867,California
Stanislaus,2021-01-09,288,9777,143,7039,145,2738,0,0,198,8338,90,727,198,9065,California
Stanislaus,2021-01-10,49,9826,22,7061,27,2765,0,0,29,8347,20,747,29,9094,California
Stanislaus,2021-01-11,1502,11328,1217,8278,285,3050,0,0,573,8016,923,1670,592,9686,California
Stanislaus,2021-01-12,1479,12807,867,9145,612,3662,0,0,830,8218,645,2315,847,10533,California
Stanislaus,2021-01-13,1453,14260,692,9837,761,4423,0,0,1123,9027,329,2644,1138,11671,California
Stanislaus,2021-01-14,2248,16508,288,10125,1960,6383,0,0,2058,10984,187,2831,2144,13815,California
Stanislaus,2021-01-15,2835,19343,1165,11290,1670,8053,0,0,2666,13578,165,2996,2759,16574,California
Stanislaus,2021-01-16,474,19817,50,11340,424,8477,0,0,455,14017,18,3014,457,17031,California
Stanislaus,2021-01-17,244,20061,202,11542,42,8519,0,0,237,14248,6,3020,237,17268,California
Stanislaus,2021-01-18,2190,22251,1023,12565,1167,9686,0,0,1789,15725,396,3416,1873,19141,California
Stanislaus,2021-01-19,1256,23507,724,13289,532,10218,0,0,806,16086,446,3862,807,19948,California
Stanislaus,2021-01-20,1013,24520,490,13779,523,10741,0,0,716,16507,295,4157,716,20664,California
Stanislaus,2021-01-21,3700,28220,2980,16759,720,11461,0,0,3351,19639,345,4502,3477,24141,California
Stanislaus,2021-01-22,1101,29321,311,17070,790,12251,0,0,1056,20657,41,4543,1059,25200,California
Stanislaus,2021-01-23,360,29681,43,17113,317,12568,0,0,301,20901,58,4601,302,25502,California
Stanislaus,2021-01-24,301,29982,98,17211,203,12771,0,0,235,21072,66,4667,237,25739,California
Stanislaus,2021-01-25,3166,33148,229,17440,2937,15708,0,0,2815,23742,315,4982,2985,28724,California
Stanislaus,2021-01-26,1738,34886,749,18189,989,16697,0,0,1290,24617,441,5423,1316,30040,California
Stanislaus,2021-01-27,1904,36790,1059,19248,845,17542,0,0,1188,25142,667,6090,1192,31232,California
Stanislaus,2021-01-28,2218,39008,1516,20764,702,18244,0,0,1711,26431,497,6587,1786,33018,California
Stanislaus,2021-01-29,2458,41466,1204,21968,1254,19498,0,0,1912,27902,499,7086,1970,34988,California
Stanislaus,2021-01-30,299,41765,135,22103,164,19662,0,0,232,28078,56,7142,232,35220,California
Stanislaus,2021-01-31,370,42135,315,22418,55,19717,0,0,354,28420,13,7155,355,35575,California
Stanislaus,2021-02-01,1299,43434,584,23002,715,20432,0,0,937,29011,348,7503,939,36514,California
Stanislaus,2021-02-02,1215,44649,347,23349,868,21300,0,0,774,29359,431,7934,779,37293,California
Stanislaus,2021-02-03,2626,47275,1239,24588,1387,22687,0,0,1920,30595,701,8635,1937,39230,California
Stanislaus,2021-02-04,2101,49376,714,25302,1387,24074,0,0,1579,31675,510,9145,1590,40820,California
Stanislaus,2021-02-05,2861,52237,1475,26777,1386,25460,0,0,1592,32081,1202,10347,1608,42428,California
Stanislaus,2021-02-06,885,53122,299,27076,586,26046,0,0,693,32586,190,10537,695,43123,California
Stanislaus,2021-02-07,232,53354,207,27283,25,26071,0,0,43,32444,186,10723,44,43167,California
Stanislaus,2021-02-08,2049,55403,1341,28624,708,26779,0,0,1102,32670,905,11628,1131,44298,California
Stanislaus,2021-02-09,1852,57255,787,29411,1065,27844,0,0,1047,32954,776,12404,1060,45358,California
Stanislaus,2021-02-10,1947,59202,535,29946,1412,29256,0,0,1016,33069,905,13309,1020,46378,California
Stanislaus,2021-02-11,5413,64615,3278,33224,2135,31391,0,0,1220,30364,3943,17252,1238,47616,California
Stanislaus,2021-02-12,3312,67927,919,34143,2393,33784,0,0,1450,30060,1771,19023,1467,49083,California
Stanislaus,2021-02-13,1363,69290,656,34799,707,34491,0,0,986,30681,370,19393,991,50074,California
Stanislaus,2021-02-14,424,69714,171,34970,253,34744,0,0,352,30963,70,19463,352,50426,California
Stanislaus,2021-02-15,1824,71538,233,35203,1591,36335,0,0,582,30431,1122,20585,590,51016,California
Stanislaus,2021-02-16,1366,72904,424,35627,942,37277,0,0,577,30238,777,21362,584,51600,California
Stanislaus,2021-02-17,2766,75670,1697,37324,1069,38346,0,0,1905,31322,853,22215,1937,53537,California
Stanislaus,2021-02-18,3378,79048,1908,39232,1470,39816,0,0,1767,31630,1513,23728,1821,55358,California
Stanislaus,2021-02-19,2782,81830,1085,40317,1697,41513,0,0,1517,31958,1216,24944,1544,56902,California
Stanislaus,2021-02-20,756,82586,385,40702,371,41884,0,0,473,32173,263,25207,478,57380,California
Stanislaus,2021-02-21,911,83497,696,41398,215,42099,0,0,542,32387,343,25550,557,57937,California
Stanislaus,2021-02-22,2357,85854,1703,43101,654,42753,0,0,1632,33322,704,26254,1639,59576,California
Stanislaus,2021-02-23,3751,89605,678,43779,3073,45826,0,0,1723,33224,1848,28102,1750,61326,California
Stanislaus,2021-02-24,4197,93802,2863,46642,1334,47160,0,0,3113,35290,1059,29161,3125,64451,California
Stanislaus,2021-02-25,3968,97770,2724,49366,1244,48404,0,0,3152,37656,796,29957,3162,67613,California
Stanislaus,2021-02-26,4228,101998,1220,50586,3008,51412,0,0,2833,39178,1334,31291,2856,70469,California
Stanislaus,2021-02-27,2099,104097,712,51298,1386,52798,1,1,1864,40838,206,31497,1866,72335,California
Stanislaus,2021-02-28,830,104927,263,51561,567,53365,0,1,777,41575,41,31538,778,73113,California
Stanislaus,2021-03-01,3086,108013,1649,53210,1432,54797,5,6,1644,41865,1393,32931,1683,74796,California
Stanislaus,2021-03-02,2403,110416,1429,54639,973,55770,1,7,1657,42801,730,33661,1666,76462,California
Stanislaus,2021-03-03,3725,114141,2239,56878,1482,57252,4,11,2904,44910,803,34464,2912,79374,California
Stanislaus,2021-03-04,5461,119602,3117,59995,2328,59580,16,27,4191,47893,1229,35693,4212,83586,California
Stanislaus,2021-03-05,4095,123697,1126,61121,2953,62533,16,43,3089,50026,975,36668,3108,86694,California
Stanislaus,2021-03-06,3594,127291,2238,63359,1263,63796,93,136,2736,52005,854,37522,2833,89527,California
Stanislaus,2021-03-07,856,128147,390,63749,430,64226,36,172,666,52523,185,37707,703,90230,California
Stanislaus,2021-03-08,2012,130159,871,64620,1052,65278,89,261,1336,53296,656,38363,1429,91659,California
Stanislaus,2021-03-09,2646,132805,1004,65624,1550,66828,92,353,1635,54046,997,39360,1747,93406,California
Stanislaus,2021-03-10,5510,138315,2698,68322,2585,69413,227,580,3741,56311,1743,41103,4008,97414,California
Stanislaus,2021-03-11,6132,144447,3345,71667,2311,71724,476,1056,4127,59107,1823,42926,4619,102033,California
Stanislaus,2021-03-12,6261,150708,1357,73024,2975,74699,1929,2985,2926,60672,3305,46231,4870,106903,California
Stanislaus,2021-03-13,3706,154414,2316,75340,1319,76018,71,3056,2811,62687,886,47117,2901,109804,California
Stanislaus,2021-03-14,993,155407,594,75934,347,76365,52,3108,490,62730,500,47617,543,110347,California
Stanislaus,2021-03-15,3801,159208,1984,77918,1455,77820,362,3470,1647,62691,2057,49674,2018,112365,California
Stanislaus,2021-03-16,5088,164296,2499,80417,2152,79972,437,3907,3651,65369,1414,51088,4092,116457,California
Stanislaus,2021-03-17,4888,169184,2905,83322,1805,81777,178,4085,2939,66586,1912,53000,3129,119586,California
Stanislaus,2021-03-18,5535,174719,3452,86774,2013,83790,70,4155,3019,67322,2361,55361,3097,122683,California
Stanislaus,2021-03-19,6026,180745,1581,88355,2922,86712,1523,5678,3188,69234,2796,58157,4708,127391,California
Stanislaus,2021-03-20,3875,184620,3037,91392,770,87482,68,5746,3378,72208,473,58630,3447,130838,California
Stanislaus,2021-03-21,1015,185635,907,92299,42,87524,66,5812,768,72802,240,58870,834,131672,California
Stanislaus,2021-03-22,3006,188641,1391,93690,889,88413,726,6538,1403,73363,1572,60442,2133,133805,California
Stanislaus,2021-03-23,4104,192745,2097,95787,1748,90161,259,6797,2952,75465,1133,61575,3235,137040,California
Stanislaus,2021-03-24,4683,197428,3265,99052,1340,91501,78,6875,2745,76407,1889,63464,2831,139871,California
Stanislaus,2021-03-25,4396,201824,2984,102036,1395,92896,17,6892,1949,76010,2368,65832,1971,141842,California
Stanislaus,2021-03-26,4917,206741,1399,103435,3444,96340,74,6966,2521,76257,2362,68194,2609,144451,California
Stanislaus,2021-03-27,4429,211170,2757,106192,1588,97928,84,7050,1393,74725,3018,71212,1486,145937,California
Stanislaus,2021-03-28,1113,212283,443,106635,562,98490,108,7158,320,74382,779,71991,436,146373,California
Stanislaus,2021-03-29,3155,215438,1834,108469,1282,99772,39,7197,2145,75574,1000,72991,2192,148565,California
Stanislaus,2021-03-30,3838,219276,2072,110541,1740,101512,26,7223,2370,76530,1457,74448,2413,150978,California
Stanislaus,2021-03-31,5573,224849,3861,114402,1591,103103,121,7344,2895,76905,2656,77104,3031,154009,California
Stanislaus,2021-04-01,5891,230740,3852,118254,1940,105043,99,7443,2736,76637,3128,80232,2860,156869,California
Stanislaus,2021-04-02,5160,235900,1219,119473,3773,108816,168,7611,2356,76469,2710,82942,2542,159411,California
Stanislaus,2021-04-03,4682,240582,3432,122905,1214,110030,36,7647,2250,76365,2420,85362,2316,161727,California
Stanislaus,2021-04-04,1326,241908,475,123380,821,110851,30,7677,649,76383,668,86030,686,162413,California
Stanislaus,2021-04-05,3747,245655,2551,125931,937,111788,259,7936,2429,77775,1308,87338,2700,165113,California
Stanislaus,2021-04-06,5937,251592,4222,130153,1430,113218,285,8221,3205,78564,2716,90054,3505,168618,California
Stanislaus,2021-04-07,6498,258090,3652,133805,2410,115628,436,8657,2900,78347,3579,93633,3362,171980,California
Stanislaus,2021-04-08,5864,263954,3415,137220,2004,117632,445,9102,2891,78755,2944,96577,3352,175332,California
Stanislaus,2021-04-09,4978,268932,2164,139384,2435,120067,379,9481,2273,78754,2676,99253,2675,178007,California
Stanislaus,2021-04-10,6514,275446,3998,143382,877,120944,1639,11120,1995,77897,4492,103745,3635,181642,California
Stanislaus,2021-04-11,1529,276975,855,144237,541,121485,133,11253,664,77841,862,104607,806,182448,California
Stanislaus,2021-04-12,3777,280752,2117,146354,1211,122696,449,11702,1950,78470,1795,106402,2424,184872,California
Stanislaus,2021-04-13,5387,286139,3494,149848,1879,124575,14,11716,2966,79091,2372,108774,2993,187865,California
Stanislaus,2021-04-14,4812,290951,3335,153183,1475,126050,2,11718,2341,79025,2431,111205,2365,190230,California
Stanislaus,2021-04-15,5542,296493,3384,156567,2155,128205,3,11721,3249,80069,2239,113444,3283,193513,California
Stanislaus,2021-04-16,4461,300954,1056,157623,3404,131609,1,11722,1859,79396,2547,115991,1874,195387,California
Stanislaus,2021-04-17,3173,304127,2133,159756,1040,132649,0,11722,1839,79920,1320,117311,1844,197231,California
Stanislaus,2021-04-18,543,304670,225,159981,316,132965,2,11724,412,80211,124,117435,415,197646,California
Stanislaus,2021-04-19,3607,308277,2456,162437,1149,134114,2,11726,1653,79973,1912,119347,1674,199320,California
Stanislaus,2021-04-20,4076,312353,2432,164869,1644,135758,0,11726,1742,79441,2293,121640,1761,201081,California
Stanislaus,2021-04-21,3909,316262,2566,167435,1342,137100,1,11727,1585,78788,2272,123912,1619,202700,California
Stanislaus,2021-04-22,4067,320329,2417,169852,1650,138750,0,11727,1615,78016,2403,126315,1631,204331,California
Stanislaus,2021-04-23,3727,324056,852,170704,2874,141624,1,11728,1525,77455,2105,128420,1544,205875,California
Stanislaus,2021-04-24,3872,327928,2949,173653,923,142547,0,11728,1853,77318,2001,130421,1864,207739,California
Stanislaus,2021-04-25,939,328867,483,174136,456,143003,0,11728,688,77765,245,130666,692,208431,California
Stanislaus,2021-04-26,3601,332468,2401,176537,1194,144197,6,11734,1124,76474,2450,133116,1159,209590,California
Stanislaus,2021-04-27,4220,336688,2835,179372,1337,145534,48,11782,1223,74804,2963,136079,1293,210883,California
Stanislaus,2021-04-28,4465,341153,3069,182441,1334,146868,62,11844,1903,74259,2540,138619,1995,212878,California
Stanislaus,2021-04-29,3880,345033,2358,184799,1474,148342,48,11892,1509,73495,2347,140966,1583,214461,California
Stanislaus,2021-04-30,4738,349771,2099,186898,2555,150897,84,11976,1847,72597,2867,143833,1969,216430,California
Stanislaus,2021-05-01,2719,352490,1932,188830,746,151643,41,12017,1017,71973,1693,145526,1069,217499,California
Stanislaus,2021-05-02,1084,353574,621,189451,425,152068,38,12055,520,71984,558,146084,569,218068,California
Stanislaus,2021-05-03,2552,356126,1990,191441,491,152559,71,12126,969,71473,1567,147651,1056,219124,California
Stanislaus,2021-05-04,3679,359805,2519,193960,1066,153625,94,12220,1155,70229,2510,150161,1266,220390,California
Stanislaus,2021-05-05,3330,363135,2183,196143,1072,154697,75,12295,1149,69301,2161,152322,1233,221623,California
Stanislaus,2021-05-06,3626,366761,2720,198863,782,155479,124,12419,1096,68030,2505,154827,1234,222857,California
Stanislaus,2021-05-07,2506,369267,961,199824,1383,156862,162,12581,1045,67791,1449,156276,1210,224067,California
Stanislaus,2021-05-08,1965,371232,1349,201173,583,157445,33,12614,714,67311,1234,157510,754,224821,California
Stanislaus,2021-05-09,714,371946,342,201515,346,157791,26,12640,309,67244,403,157913,336,225157,California
Stanislaus,2021-05-10,1791,373737,1141,202656,553,158344,97,12737,483,66530,1297,159210,583,225740,California
Stanislaus,2021-05-11,2496,376233,1547,204203,789,159133,160,12897,737,65687,1747,160957,904,226644,California
Stanislaus,2021-05-12,2380,378613,1353,205556,918,160051,109,13006,941,65316,1424,162381,1053,227697,California
Stanislaus,2021-05-13,2074,380687,1187,206743,769,160820,118,13124,955,65282,1110,163491,1076,228773,California
Stanislaus,2021-05-14,2748,383435,1231,207974,1378,162198,139,13263,1296,65288,1432,164923,1438,230211,California
Stanislaus,2021-05-15,2491,385926,1774,209748,667,162865,50,13313,1208,65283,1273,166196,1268,231479,California
Stanislaus,2021-05-16,1024,386950,667,210415,349,163214,8,13321,559,65392,462,166658,571,232050,California
Stanislaus,2021-05-17,2044,388994,1378,211793,585,163799,81,13402,1002,65445,1036,167694,1089,233139,California
Stanislaus,2021-05-18,2279,391273,1563,213356,602,164401,114,13516,1190,65672,1078,168772,1305,234444,California
Stanislaus,2021-05-19,3116,394389,2142,215498,820,165221,154,13670,1400,65525,1704,170476,1557,236001,California
Stanislaus,2021-05-20,2214,396603,1190,216688,920,166141,104,13774,904,65239,1299,171775,1013,237014,California
Stanislaus,2021-05-21,2482,399085,1213,217901,1171,167312,98,13872,1022,64921,1443,173218,1125,238139,California
Stanislaus,2021-05-22,1999,401084,1205,219106,725,168037,69,13941,870,64739,1122,174340,940,239079,California
Stanislaus,2021-05-23,1047,402131,680,219786,352,168389,15,13956,500,64712,542,174882,515,239594,California
Stanislaus,2021-05-24,1745,403876,1190,220976,476,168865,79,14035,675,64406,1067,175949,761,240355,California
Stanislaus,2021-05-25,1803,405679,1232,222208,470,169335,101,14136,865,64440,934,176883,968,241323,California
Stanislaus,2021-05-26,2018,407697,1259,223467,707,170042,52,14188,961,64404,1049,177932,1013,242336,California
Stanislaus,2021-05-27,1775,409472,973,224440,723,170765,79,14267,656,64030,1109,179041,735,243071,California
Stanislaus,2021-05-28,2157,411629,1015,225455,1058,171823,84,14351,952,63866,1200,180241,1036,244107,California
Stanislaus,2021-05-29,1313,412942,846,226301,426,172249,41,14392,614,63828,695,180936,657,244764,California
Stanislaus,2021-05-30,455,413397,273,226574,148,172397,34,14426,214,63839,237,181173,248,245012,California
Stanislaus,2021-05-31,259,413656,122,226696,130,172527,7,14433,97,63782,161,181334,104,245116,California
Stanislaus,2021-06-01,1675,415331,1046,227742,576,173103,53,14486,661,63491,1008,182342,717,245833,California
Stanislaus,2021-06-02,1792,417123,1140,228882,583,173686,69,14555,777,63335,1005,183347,849,246682,California
Stanislaus,2021-06-03,1386,418509,820,229702,519,174205,47,14602,551,63113,822,184169,600,247282,California
Stanislaus,2021-06-04,1898,420407,1137,230839,691,174896,70,14672,721,62741,1167,185336,795,248077,California
Stanislaus,2021-06-05,1377,421784,1053,231892,298,175194,26,14698,477,62351,894,186230,504,248581,California
Stanislaus,2021-06-06,505,422289,413,232305,83,175277,9,14707,205,62266,300,186530,215,248796,California
Stanislaus,2021-06-07,1590,423879,1216,233521,329,175606,45,14752,601,61931,980,187510,645,249441,California
Stanislaus,2021-06-08,1898,425777,1422,234943,402,176008,74,14826,691,61502,1194,188704,765,250206,California
Stanislaus,2021-06-09,1835,427612,1298,236241,455,176463,82,14908,623,61000,1208,189912,706,250912,California
Stanislaus,2021-06-10,1466,429078,925,237166,480,176943,61,14969,616,60839,840,190752,679,251591,California
Stanislaus,2021-06-11,1466,430544,874,238040,541,177484,51,15020,546,60533,905,191657,599,252190,California
Stanislaus,2021-06-12,1012,431556,734,238774,255,177739,23,15043,375,60304,630,192287,401,252591,California
Stanislaus,2021-06-13,536,432092,395,239169,135,177874,6,15049,176,60131,357,192644,184,252775,California
Stanislaus,2021-06-14,1342,433434,953,240122,367,178241,22,15071,520,59861,813,193457,543,253318,California
Stanislaus,2021-06-15,1569,435003,1130,241252,396,178637,43,15114,538,59417,1027,194484,583,253901,California
Stanislaus,2021-06-16,1917,436920,1379,242631,472,179109,66,15180,769,59107,1145,195629,835,254736,California
Stanislaus,2021-06-17,1131,438051,714,243345,373,179482,44,15224,526,59079,600,196229,572,255308,California
Stanislaus,2021-06-18,1292,439343,777,244122,436,179918,79,15303,515,58904,771,197000,596,255904,California
Stanislaus,2021-06-19,850,440193,623,244745,182,180100,45,15348,371,58846,475,197475,417,256321,California
Stanislaus,2021-06-20,304,440497,212,244957,86,180186,6,15354,141,58830,163,197638,147,256468,California
Stanislaus,2021-06-21,936,441433,535,245492,276,180462,125,15479,477,58980,454,198092,604,257072,California
Stanislaus,2021-06-22,1177,442610,858,246350,260,180722,59,15538,488,58848,682,198774,550,257622,California
Stanislaus,2021-06-23,628,443238,331,246681,259,180981,38,15576,278,58815,349,199123,316,257938,California
Stanislaus,2021-06-24,87,443325,38,246719,42,181023,7,15583,28,58794,58,199181,37,257975,California
Sutter,2020-12-15,1,1,1,1,0,0,0,0,1,1,0,0,1,1,California
Sutter,2020-12-16,4,5,4,5,0,0,0,0,4,5,0,0,4,5,California
Sutter,2020-12-17,3,8,3,8,0,0,0,0,3,8,0,0,3,8,California
Sutter,2020-12-18,21,29,21,29,0,0,0,0,21,29,0,0,21,29,California
Sutter,2020-12-19,45,74,45,74,0,0,0,0,45,74,0,0,45,74,California
Sutter,2020-12-20,43,117,43,117,0,0,0,0,43,117,0,0,43,117,California
Sutter,2020-12-21,99,216,99,216,0,0,0,0,99,216,0,0,99,216,California
Sutter,2020-12-22,172,388,172,388,0,0,0,0,172,388,0,0,172,388,California
Sutter,2020-12-23,115,503,110,498,5,5,0,0,115,503,0,0,115,503,California
Sutter,2020-12-24,17,520,11,509,6,11,0,0,17,520,0,0,17,520,California
Sutter,2020-12-26,38,558,34,543,4,15,0,0,38,558,0,0,38,558,California
Sutter,2020-12-27,24,582,23,566,1,16,0,0,24,582,0,0,24,582,California
Sutter,2020-12-28,83,665,55,621,28,44,0,0,83,665,0,0,83,665,California
Sutter,2020-12-29,101,766,14,635,87,131,0,0,101,766,0,0,101,766,California
Sutter,2020-12-30,136,902,33,668,103,234,0,0,136,902,0,0,136,902,California
Sutter,2020-12-31,70,972,6,674,64,298,0,0,70,972,0,0,70,972,California
Sutter,2021-01-01,3,975,3,677,0,298,0,0,3,975,0,0,3,975,California
Sutter,2021-01-02,131,1106,129,806,2,300,0,0,131,1106,0,0,131,1106,California
Sutter,2021-01-03,1,1107,0,806,1,301,0,0,1,1107,0,0,1,1107,California
Sutter,2021-01-04,247,1354,138,944,109,410,0,0,247,1354,0,0,247,1354,California
Sutter,2021-01-05,99,1453,56,1000,43,453,0,0,96,1447,3,3,96,1450,California
Sutter,2021-01-06,205,1658,50,1050,155,608,0,0,200,1642,5,8,200,1650,California
Sutter,2021-01-07,252,1910,152,1202,100,708,0,0,242,1875,9,17,242,1892,California
Sutter,2021-01-08,150,2060,40,1242,110,818,0,0,133,1991,17,34,133,2025,California
Sutter,2021-01-09,46,2106,43,1285,3,821,0,0,5,1955,41,75,5,2030,California
Sutter,2021-01-10,394,2500,37,1322,357,1178,0,0,356,2274,37,112,356,2386,California
Sutter,2021-01-11,132,2632,115,1437,17,1195,0,0,25,2192,107,219,25,2411,California
Sutter,2021-01-12,202,2834,165,1602,37,1232,0,0,58,2106,144,363,58,2469,California
Sutter,2021-01-13,162,2996,99,1701,63,1295,0,0,72,2089,89,452,72,2541,California
Sutter,2021-01-14,147,3143,51,1752,96,1391,0,0,127,2196,20,472,127,2668,California
Sutter,2021-01-15,436,3579,131,1883,305,1696,0,0,422,2604,14,486,422,3090,California
Sutter,2021-01-16,384,3963,41,1924,343,2039,0,0,353,2927,30,516,353,3443,California
Sutter,2021-01-17,26,3989,24,1948,2,2041,0,0,10,2921,16,532,10,3453,California
Sutter,2021-01-18,118,4107,63,2011,55,2096,0,0,70,2943,48,580,70,3523,California
Sutter,2021-01-19,107,4214,42,2053,65,2161,0,0,83,3002,24,604,83,3606,California
Sutter,2021-01-20,271,4485,207,2260,64,2225,0,0,251,3233,20,624,251,3857,California
Sutter,2021-01-21,490,4975,319,2579,171,2396,0,0,472,3687,18,642,472,4329,California
Sutter,2021-01-22,241,5216,53,2632,188,2584,0,0,231,3909,9,651,231,4560,California
Sutter,2021-01-23,396,5612,39,2671,357,2941,0,0,370,4253,26,677,370,4930,California
Sutter,2021-01-24,16,5628,14,2685,2,2943,0,0,14,4265,2,679,14,4944,California
Sutter,2021-01-25,306,5934,196,2881,110,3053,0,0,150,4260,155,834,150,5094,California
Sutter,2021-01-26,248,6182,108,2989,140,3193,0,0,144,4301,103,937,144,5238,California
Sutter,2021-01-27,388,6570,256,3245,132,3325,0,0,321,4555,67,1004,321,5559,California
Sutter,2021-01-28,582,7152,358,3603,224,3549,0,0,409,4793,171,1175,409,5968,California
Sutter,2021-01-29,364,7516,88,3691,276,3825,0,0,242,4913,122,1297,242,6210,California
Sutter,2021-01-30,777,8293,38,3729,739,4564,0,0,766,5668,11,1308,766,6976,California
Sutter,2021-01-31,28,8321,27,3756,1,4565,0,0,28,5696,0,1308,28,7004,California
Sutter,2021-02-01,170,8491,53,3809,117,4682,0,0,137,5801,32,1340,137,7141,California
Sutter,2021-02-02,246,8737,27,3836,219,4901,0,0,213,5981,33,1373,213,7354,California
Sutter,2021-02-03,447,9184,40,3876,407,5308,0,0,211,5957,235,1608,211,7565,California
Sutter,2021-02-04,670,9854,366,4242,304,5612,0,0,620,6528,49,1657,620,8185,California
Sutter,2021-02-05,288,10142,32,4274,256,5868,0,0,135,6510,153,1810,135,8320,California
Sutter,2021-02-06,733,10875,28,4302,705,6573,0,0,711,7199,22,1832,711,9031,California
Sutter,2021-02-07,24,10899,20,4322,4,6577,0,0,20,7215,4,1836,20,9051,California
Sutter,2021-02-08,136,11035,31,4353,105,6682,0,0,98,7275,38,1874,98,9149,California
Sutter,2021-02-09,247,11282,45,4398,202,6884,0,0,186,7400,61,1935,186,9335,California
Sutter,2021-02-10,820,12102,382,4780,438,7322,0,0,178,6937,641,2576,178,9513,California
Sutter,2021-02-11,607,12709,274,5054,333,7655,0,0,347,7024,260,2836,347,9860,California
Sutter,2021-02-12,636,13345,68,5122,568,8223,0,0,311,7011,324,3160,311,10171,California
Sutter,2021-02-13,903,14248,48,5170,855,9078,0,0,787,7682,116,3276,787,10958,California
Sutter,2021-02-14,90,14338,25,5195,65,9143,0,0,79,7750,11,3287,79,11037,California
Sutter,2021-02-15,202,14540,72,5267,130,9273,0,0,123,7794,79,3366,123,11160,California
Sutter,2021-02-16,290,14830,45,5312,245,9518,0,0,205,7915,84,3450,205,11365,California
Sutter,2021-02-17,825,15655,428,5740,397,9915,0,0,132,7355,692,4142,132,11497,California
Sutter,2021-02-18,706,16361,57,5797,649,10564,0,0,492,7634,213,4355,492,11989,California
Sutter,2021-02-19,665,17026,377,6174,288,10852,0,0,461,7893,202,4557,461,12450,California
Sutter,2021-02-20,620,17646,55,6229,565,11417,0,0,517,8308,102,4659,517,12967,California
Sutter,2021-02-21,28,17674,27,6256,1,11418,0,0,7,8294,21,4680,7,12974,California
Sutter,2021-02-22,208,17882,123,6379,85,11503,0,0,85,8256,123,4803,85,13059,California
Sutter,2021-02-23,224,18106,34,6413,190,11693,0,0,97,8226,127,4930,97,13156,California
Sutter,2021-02-24,970,19076,350,6763,620,12313,0,0,194,7645,775,5705,194,13350,California
Sutter,2021-02-25,786,19862,498,7261,288,12601,0,0,605,8073,177,5882,605,13955,California
Sutter,2021-02-26,379,20241,61,7322,318,12919,0,0,158,8012,219,6101,158,14113,California
Sutter,2021-02-27,865,21106,46,7368,819,13738,0,0,711,8567,156,6257,711,14824,California
Sutter,2021-02-28,89,21195,43,7411,46,13784,0,0,68,8615,20,6277,68,14892,California
Sutter,2021-03-01,251,21446,63,7474,188,13972,0,0,153,8670,98,6375,153,15045,California
Sutter,2021-03-02,339,21785,59,7533,280,14252,0,0,162,8657,175,6550,162,15207,California
Sutter,2021-03-03,1402,23187,530,8063,872,15124,0,0,661,8583,735,7285,661,15868,California
Sutter,2021-03-04,1252,24439,863,8926,389,15513,0,0,945,9226,302,7587,945,16813,California
Sutter,2021-03-05,340,24779,80,9006,259,15772,1,1,207,9301,133,7720,208,17021,California
Sutter,2021-03-06,1025,25804,46,9052,974,16746,5,6,856,9995,167,7887,861,17882,California
Sutter,2021-03-07,67,25871,23,9075,43,16789,1,7,46,10021,21,7908,47,17929,California
Sutter,2021-03-08,228,26099,80,9155,136,16925,12,19,159,10123,69,7977,171,18100,California
Sutter,2021-03-09,389,26488,137,9292,240,17165,12,31,185,10116,204,8181,197,18297,California
Sutter,2021-03-10,1568,28056,680,9972,827,17992,61,92,522,9658,1041,9222,583,18880,California
Sutter,2021-03-11,892,28948,440,10412,433,18425,19,111,645,10078,244,9466,664,19544,California
Sutter,2021-03-12,677,29625,111,10523,386,18811,180,291,200,9982,474,9940,378,19922,California
Sutter,2021-03-13,988,30613,751,11274,219,19030,18,309,781,10575,205,10145,798,20720,California
Sutter,2021-03-14,131,30744,22,11296,98,19128,11,320,45,10545,86,10231,56,20776,California
Sutter,2021-03-15,322,31066,67,11363,206,19334,49,369,151,10576,169,10400,200,20976,California
Sutter,2021-03-16,391,31457,86,11449,258,19592,47,416,212,10655,179,10579,258,21234,California
Sutter,2021-03-17,1499,32956,562,12011,915,20507,22,438,309,9805,1180,11759,330,21564,California
Sutter,2021-03-18,974,33930,181,12192,589,21096,204,642,565,10168,404,12163,767,22331,California
Sutter,2021-03-19,463,34393,166,12358,268,21364,29,671,282,10300,179,12342,311,22642,California
Sutter,2021-03-20,951,35344,118,12476,822,22186,11,682,860,11081,90,12432,871,23513,California
Sutter,2021-03-21,68,35412,47,12523,18,22204,3,685,33,11082,35,12467,36,23549,California
Sutter,2021-03-22,288,35700,120,12643,142,22346,26,711,212,11245,75,12542,238,23787,California
Sutter,2021-03-23,377,36077,113,12756,231,22577,33,744,253,11407,123,12665,285,24072,California
Sutter,2021-03-24,1689,37766,774,13530,845,23422,70,814,314,10432,1359,14024,384,24456,California
Sutter,2021-03-25,1042,38808,679,14209,320,23742,43,857,368,10172,671,14695,411,24867,California
Sutter,2021-03-26,495,39303,175,14384,303,24045,17,874,293,10285,197,14892,310,25177,California
Sutter,2021-03-27,927,40230,62,14446,863,24908,2,876,813,10991,109,15001,815,25992,California
Sutter,2021-03-28,125,40355,72,14518,53,24961,0,876,77,11022,46,15047,77,26069,California
Sutter,2021-03-29,427,40782,143,14661,228,25189,56,932,224,11101,201,15248,280,26349,California
Sutter,2021-03-30,480,41262,161,14822,309,25498,10,942,317,11265,163,15411,327,26676,California
Sutter,2021-03-31,1257,42519,177,14999,1064,26562,16,958,442,10920,802,16213,457,27133,California
Sutter,2021-04-01,1387,43906,742,15741,460,27022,185,1143,430,10588,946,17159,614,27747,California
Sutter,2021-04-02,516,44422,101,15842,297,27319,118,1261,204,10596,310,17469,318,28065,California
Sutter,2021-04-03,908,45330,77,15919,209,27528,622,1883,122,10557,782,18251,743,28808,California
Sutter,2021-04-04,118,45448,22,15941,90,27618,6,1889,54,10553,64,18315,60,28868,California
Sutter,2021-04-05,369,45817,145,16086,187,27805,37,1926,176,10576,190,18505,213,29081,California
Sutter,2021-04-06,510,46327,198,16284,256,28061,56,1982,273,10670,235,18740,329,29410,California
Sutter,2021-04-07,1482,47809,887,17171,521,28582,74,2056,610,10492,862,19602,684,30094,California
Sutter,2021-04-08,1059,48868,586,17757,358,28940,115,2171,581,10713,472,20074,693,30787,California
Sutter,2021-04-09,569,49437,249,18006,255,29195,65,2236,238,10689,327,20401,303,31090,California
Sutter,2021-04-10,829,50266,111,18117,88,29283,630,2866,110,10706,714,21115,731,31821,California
Sutter,2021-04-11,120,50386,33,18150,40,29323,47,2913,38,10708,82,21197,84,31905,California
Sutter,2021-04-12,343,50729,93,18243,196,29519,54,2967,139,10699,202,21399,193,32098,California
Sutter,2021-04-13,432,51161,126,18369,306,29825,0,2967,215,10699,215,21614,215,32313,California
Sutter,2021-04-14,1330,52491,163,18532,1166,30991,1,2968,226,9830,1096,22710,227,32540,California
Sutter,2021-04-15,541,53032,173,18705,368,31359,0,2968,218,9729,319,23029,218,32758,California
Sutter,2021-04-16,408,53440,129,18834,279,31638,0,2968,189,9701,217,23246,189,32947,California
Sutter,2021-04-17,581,54021,82,18916,499,32137,0,2968,510,10141,70,23316,510,33457,California
Sutter,2021-04-18,70,54091,11,18927,59,32196,0,2968,42,10157,26,23342,42,33499,California
Sutter,2021-04-19,293,54384,112,19039,181,32377,0,2968,122,10110,169,23511,122,33621,California
Sutter,2021-04-20,420,54804,137,19176,283,32660,0,2968,205,10101,214,23725,205,33826,California
Sutter,2021-04-21,1241,56045,430,19606,811,33471,0,2968,482,9837,746,24471,482,34308,California
Sutter,2021-04-22,496,56541,163,19769,333,33804,0,2968,247,9838,246,24717,247,34555,California
Sutter,2021-04-23,403,56944,120,19889,283,34087,0,2968,186,9810,214,24931,186,34741,California
Sutter,2021-04-24,326,57270,107,19996,218,34305,1,2969,185,9855,140,25071,185,34926,California
Sutter,2021-04-25,158,57428,75,20071,83,34388,0,2969,86,9871,70,25141,86,35012,California
Sutter,2021-04-26,305,57733,89,20160,214,34602,2,2971,132,9834,171,25312,134,35146,California
Sutter,2021-04-27,537,58270,263,20423,270,34872,4,2975,248,9802,284,25596,252,35398,California
Sutter,2021-04-28,815,59085,342,20765,465,35337,8,2983,256,9514,552,26148,264,35662,California
Sutter,2021-04-29,777,59862,137,20902,639,35976,1,2984,309,9360,464,26612,310,35972,California
Sutter,2021-04-30,358,60220,108,21010,237,36213,13,2997,145,9307,210,26822,157,36129,California
Sutter,2021-05-01,300,60520,108,21118,151,36364,41,3038,129,9309,168,26990,170,36299,California
Sutter,2021-05-02,81,60601,54,21172,25,36389,2,3040,45,9320,36,27026,47,36346,California
Sutter,2021-05-03,218,60819,110,21282,99,36488,9,3049,89,9289,129,27155,98,36444,California
Sutter,2021-05-04,539,61358,236,21518,239,36727,64,3113,224,9264,312,27467,287,36731,California
Sutter,2021-05-05,554,61912,163,21681,383,37110,8,3121,163,9050,385,27852,171,36902,California
Sutter,2021-05-06,427,62339,228,21909,178,37288,21,3142,191,9026,235,28087,211,37113,California
Sutter,2021-05-07,413,62752,147,22056,244,37532,22,3164,156,8950,254,28341,178,37291,California
Sutter,2021-05-08,197,62949,51,22107,140,37672,6,3170,106,8971,91,28432,112,37403,California
Sutter,2021-05-09,81,63030,53,22160,23,37695,5,3175,55,9005,26,28458,60,37463,California
Sutter,2021-05-10,191,63221,43,22203,130,37825,18,3193,49,8932,140,28598,67,37530,California
Sutter,2021-05-11,453,63674,219,22422,213,38038,21,3214,186,8875,262,28860,205,37735,California
Sutter,2021-05-12,444,64118,243,22665,190,38228,11,3225,161,8768,279,29139,172,37907,California
Sutter,2021-05-13,488,64606,261,22926,205,38433,22,3247,202,8707,285,29424,224,38131,California
Sutter,2021-05-14,440,65046,188,23114,236,38669,16,3263,217,8722,218,29642,233,38364,California
Sutter,2021-05-15,850,65896,316,23430,503,39172,31,3294,310,8524,539,30181,341,38705,California
Sutter,2021-05-16,139,66035,82,23512,49,39221,8,3302,76,8546,62,30243,84,38789,California
Sutter,2021-05-17,289,66324,115,23627,160,39381,14,3316,153,8578,135,30378,167,38956,California
Sutter,2021-05-18,551,66875,312,23939,235,39616,4,3320,307,8648,241,30619,311,39267,California
Sutter,2021-05-19,463,67338,264,24203,192,39808,7,3327,246,8687,214,30833,253,39520,California
Sutter,2021-05-20,455,67793,235,24438,208,40016,12,3339,224,8696,227,31060,236,39756,California
Sutter,2021-05-21,488,68281,221,24659,255,40271,12,3351,236,8694,249,31309,247,40003,California
Sutter,2021-05-22,366,68647,202,24861,161,40432,3,3354,184,8703,177,31486,186,40189,California
Sutter,2021-05-23,180,68827,84,24945,87,40519,9,3363,91,8720,83,31569,100,40289,California
Sutter,2021-05-24,238,69065,87,25032,128,40647,23,3386,98,8703,138,31707,121,40410,California
Sutter,2021-05-25,398,69463,194,25226,191,40838,13,3399,163,8651,229,31936,177,40587,California
Sutter,2021-05-26,323,69786,159,25385,155,40993,9,3408,114,8571,204,32140,124,40711,California
Sutter,2021-05-27,434,70220,117,25502,298,41291,19,3427,127,8414,303,32443,146,40857,California
Sutter,2021-05-28,339,70559,163,25665,159,41450,17,3444,176,8450,158,32601,194,41051,California
Sutter,2021-05-29,253,70812,119,25784,119,41569,15,3459,140,8496,109,32710,155,41206,California
Sutter,2021-05-30,84,70896,61,25845,20,41589,3,3462,49,8514,34,32744,52,41258,California
Sutter,2021-05-31,19,70915,3,25848,13,41602,3,3465,6,8510,13,32757,9,41267,California
Sutter,2021-06-01,311,71226,133,25981,170,41772,8,3473,128,8464,182,32939,136,41403,California
Sutter,2021-06-02,280,71506,119,26100,155,41927,6,3479,111,8418,163,33102,117,41520,California
Sutter,2021-06-03,341,71847,223,26323,108,42035,10,3489,117,8327,218,33320,127,41647,California
Sutter,2021-06-04,341,72188,197,26520,137,42172,7,3496,121,8239,216,33536,128,41775,California
Sutter,2021-06-05,438,72626,368,26888,66,42238,4,3500,155,8120,278,33814,159,41934,California
Sutter,2021-06-06,140,72766,121,27009,16,42254,3,3503,59,8103,79,33893,62,41996,California
Sutter,2021-06-07,163,72929,105,27114,49,42303,9,3512,57,8064,105,33998,66,42062,California
Sutter,2021-06-08,364,73293,203,27317,149,42452,12,3524,156,8026,206,34204,168,42230,California
Sutter,2021-06-09,367,73660,234,27551,128,42580,5,3529,129,7924,236,34440,134,42364,California
Sutter,2021-06-10,383,74043,276,27827,97,42677,10,3539,150,7854,230,34670,160,42524,California
Sutter,2021-06-11,337,74380,215,28042,116,42793,6,3545,116,7758,217,34887,121,42645,California
Sutter,2021-06-12,243,74623,170,28212,58,42851,15,3560,71,7672,172,35059,86,42731,California
Sutter,2021-06-13,83,74706,65,28277,17,42868,1,3561,24,7639,58,35117,25,42756,California
Sutter,2021-06-14,190,74896,111,28388,68,42936,11,3572,75,7612,113,35230,86,42842,California
Sutter,2021-06-15,281,75177,151,28539,117,43053,13,3585,104,7554,175,35405,117,42959,California
Sutter,2021-06-16,221,75398,142,28681,70,43123,9,3594,106,7554,115,35520,115,43074,California
Sutter,2021-06-17,281,75679,171,28852,104,43227,6,3600,122,7525,157,35677,128,43202,California
Sutter,2021-06-18,264,75943,169,29021,80,43307,15,3615,95,7470,165,35842,110,43312,California
Sutter,2021-06-19,209,76152,140,29161,65,43372,4,3619,60,7387,147,35989,64,43376,California
Sutter,2021-06-20,70,76222,49,29210,19,43391,2,3621,31,7381,39,36028,33,43409,California
Sutter,2021-06-21,112,76334,54,29264,47,43438,11,3632,51,7384,59,36087,62,43471,California
Sutter,2021-06-22,219,76553,126,29390,90,43528,3,3635,87,7344,130,36217,90,43561,California
Sutter,2021-06-23,178,76731,109,29499,68,43596,1,3636,77,7321,101,36318,78,43639,California
Sutter,2021-06-24,129,76860,72,29571,48,43644,9,3645,48,7297,81,36399,57,43696,California
Tehama,2020-12-15,1,1,1,1,0,0,0,0,1,1,0,0,1,1,California
Tehama,2020-12-16,2,3,2,3,0,0,0,0,2,3,0,0,2,3,California
Tehama,2020-12-17,12,15,12,15,0,0,0,0,12,15,0,0,12,15,California
Tehama,2020-12-18,2,17,2,17,0,0,0,0,3,18,0,0,3,18,California
Tehama,2020-12-21,33,50,33,50,0,0,0,0,33,51,0,0,33,51,California
Tehama,2020-12-22,69,119,63,113,6,6,0,0,69,120,0,0,69,120,California
Tehama,2020-12-23,48,167,40,153,8,14,0,0,48,168,0,0,48,168,California
Tehama,2020-12-24,5,172,3,156,2,16,0,0,5,173,0,0,5,173,California
Tehama,2020-12-26,3,175,2,158,1,17,0,0,3,176,0,0,3,176,California
Tehama,2020-12-27,2,177,2,160,0,17,0,0,2,178,0,0,2,178,California
Tehama,2020-12-28,56,233,43,203,13,30,0,0,56,234,0,0,56,234,California
Tehama,2020-12-29,31,264,31,234,0,30,0,0,31,265,0,0,31,265,California
Tehama,2020-12-30,54,318,38,272,16,46,0,0,53,318,0,0,53,318,California
Tehama,2020-12-31,14,332,4,276,10,56,0,0,14,332,0,0,14,332,California
Tehama,2021-01-01,2,334,0,276,2,58,0,0,2,334,0,0,2,334,California
Tehama,2021-01-04,32,366,9,285,23,81,0,0,32,366,0,0,32,366,California
Tehama,2021-01-05,70,436,43,328,27,108,0,0,67,430,3,3,67,433,California
Tehama,2021-01-06,71,507,21,349,50,158,0,0,62,484,8,11,62,495,California
Tehama,2021-01-07,57,564,7,356,50,208,0,0,56,539,1,12,56,551,California
Tehama,2021-01-08,33,597,24,380,9,217,0,0,28,562,5,17,28,579,California
Tehama,2021-01-09,7,604,5,385,2,219,0,0,5,565,2,19,5,584,California
Tehama,2021-01-10,1,605,0,385,1,220,0,0,1,566,0,19,1,585,California
Tehama,2021-01-11,48,653,46,431,2,222,0,0,15,548,33,52,15,600,California
Tehama,2021-01-12,132,785,112,543,20,242,0,0,86,588,46,98,86,686,California
Tehama,2021-01-13,72,857,55,598,17,259,0,0,26,568,46,144,26,712,California
Tehama,2021-01-14,223,1080,50,648,173,432,0,0,221,787,2,146,221,933,California
Tehama,2021-01-15,250,1330,75,723,175,607,0,0,246,1029,4,150,246,1179,California
Tehama,2021-01-16,263,1593,19,742,244,851,0,0,260,1286,3,153,260,1439,California
Tehama,2021-01-17,6,1599,2,744,4,855,0,0,4,1288,2,155,4,1443,California
Tehama,2021-01-18,10,1609,6,750,4,859,0,0,5,1288,5,160,5,1448,California
Tehama,2021-01-19,292,1901,65,815,227,1086,0,0,237,1470,55,215,237,1685,California
Tehama,2021-01-20,302,2203,87,902,215,1301,0,0,252,1673,49,264,252,1937,California
Tehama,2021-01-21,214,2417,11,913,203,1504,0,0,204,1867,10,274,204,2141,California
Tehama,2021-01-22,223,2640,21,934,202,1706,0,0,220,2084,3,277,220,2361,California
Tehama,2021-01-23,258,2898,7,941,251,1957,0,0,257,2340,1,278,257,2618,California
Tehama,2021-01-24,1,2899,1,942,0,1957,0,0,1,2341,0,278,1,2619,California
Tehama,2021-01-25,33,2932,15,957,18,1975,0,0,15,2338,18,296,15,2634,California
Tehama,2021-01-26,323,3255,42,999,281,2256,0,0,286,2587,37,333,286,2920,California
Tehama,2021-01-27,301,3556,21,1020,280,2536,0,0,281,2848,20,353,281,3201,California
Tehama,2021-01-28,343,3899,31,1051,312,2848,0,0,328,3161,15,368,328,3529,California
Tehama,2021-01-29,322,4221,19,1070,303,3151,0,0,305,3449,17,385,305,3834,California
Tehama,2021-01-30,102,4323,2,1072,100,3251,0,0,101,3549,1,386,101,3935,California
Tehama,2021-01-31,1,4324,0,1072,1,3252,0,0,1,3550,0,386,1,3936,California
Tehama,2021-02-01,78,4402,22,1094,56,3308,0,0,36,3544,42,428,36,3972,California
Tehama,2021-02-02,358,4760,64,1158,294,3602,0,0,260,3706,98,526,260,4232,California
Tehama,2021-02-03,400,5160,12,1170,388,3990,0,0,356,4018,44,570,356,4588,California
Tehama,2021-02-04,498,5658,99,1269,399,4389,0,0,417,4355,81,651,418,5006,California
Tehama,2021-02-05,181,5839,73,1342,108,4497,0,0,119,4412,62,713,119,5125,California
Tehama,2021-02-06,28,5867,14,1356,14,4511,0,0,16,4416,12,725,16,5141,California
Tehama,2021-02-07,5,5872,4,1360,1,4512,0,0,2,4415,3,728,2,5143,California
Tehama,2021-02-08,36,5908,14,1374,22,4534,0,0,27,4433,9,737,27,5170,California
Tehama,2021-02-09,78,5986,34,1408,44,4578,0,0,44,4443,34,771,44,5214,California
Tehama,2021-02-10,233,6219,63,1471,170,4748,0,0,158,4526,75,846,158,5372,California
Tehama,2021-02-11,220,6439,15,1486,205,4953,0,0,82,4472,136,982,82,5454,California
Tehama,2021-02-12,365,6804,66,1552,299,5252,0,0,173,4453,192,1174,173,5627,California
Tehama,2021-02-13,384,7188,14,1566,370,5622,0,0,145,4359,239,1413,145,5772,California
Tehama,2021-02-14,38,7226,2,1568,36,5658,0,0,36,4393,2,1415,36,5808,California
Tehama,2021-02-15,52,7278,10,1578,42,5700,0,0,46,4433,6,1421,46,5854,California
Tehama,2021-02-16,243,7521,16,1594,227,5927,0,0,60,4310,183,1604,60,5914,California
Tehama,2021-02-17,281,7802,12,1606,269,6196,0,0,53,4135,228,1832,53,5967,California
Tehama,2021-02-18,371,8173,32,1638,339,6535,0,0,145,4054,226,2058,145,6112,California
Tehama,2021-02-19,214,8387,18,1656,196,6731,0,0,43,3926,171,2229,43,6155,California
Tehama,2021-02-20,272,8659,7,1663,265,6996,0,0,27,3708,245,2474,27,6182,California
Tehama,2021-02-21,1,8660,1,1664,0,6996,0,0,1,3709,0,2474,1,6183,California
Tehama,2021-02-22,40,8700,16,1680,24,7020,0,0,27,3723,13,2487,27,6210,California
Tehama,2021-02-23,47,8747,20,1700,27,7047,0,0,26,3728,21,2508,26,6236,California
Tehama,2021-02-24,303,9050,13,1713,290,7337,0,0,29,3483,274,2782,29,6265,California
Tehama,2021-02-25,380,9430,60,1773,320,7657,0,0,40,3183,340,3122,40,6305,California
Tehama,2021-02-26,461,9891,19,1792,442,8099,0,0,71,2864,390,3512,71,6376,California
Tehama,2021-02-27,294,10185,5,1797,289,8388,0,0,34,2638,260,3772,34,6410,California
Tehama,2021-02-28,23,10208,2,1799,21,8409,0,0,20,2655,3,3775,20,6430,California
Tehama,2021-03-01,67,10275,8,1807,59,8468,0,0,33,2654,34,3809,33,6463,California
Tehama,2021-03-02,151,10426,18,1825,133,8601,0,0,30,2563,121,3930,30,6493,California
Tehama,2021-03-03,166,10592,32,1857,134,8735,0,0,50,2497,116,4046,50,6543,California
Tehama,2021-03-04,656,11248,36,1893,620,9355,0,0,224,2296,425,4471,224,6767,California
Tehama,2021-03-05,404,11652,20,1913,384,9739,0,0,215,2323,188,4659,215,6982,California
Tehama,2021-03-06,303,11955,15,1928,288,10027,0,0,80,2182,222,4881,81,7063,California
Tehama,2021-03-07,5,11960,1,1929,4,10031,0,0,3,2184,1,4882,3,7066,California
Tehama,2021-03-08,57,12017,12,1941,30,10061,15,15,26,2195,30,4912,41,7107,California
Tehama,2021-03-09,366,12383,8,1949,339,10400,19,34,311,2470,55,4967,330,7437,California
Tehama,2021-03-10,355,12738,17,1966,317,10717,21,55,73,2283,281,5248,94,7531,California
Tehama,2021-03-11,492,13230,18,1984,426,11143,48,103,345,2529,147,5395,393,7924,California
Tehama,2021-03-12,306,13536,20,2004,221,11364,65,168,178,2645,127,5522,243,8167,California
Tehama,2021-03-13,48,13584,8,2012,34,11398,6,174,6,2615,42,5564,12,8179,California
Tehama,2021-03-14,53,13637,3,2015,40,11438,10,184,9,2590,44,5608,19,8198,California
Tehama,2021-03-15,154,13791,22,2037,112,11550,20,204,84,2624,70,5678,104,8302,California
Tehama,2021-03-16,417,14208,14,2051,365,11915,38,242,314,2874,102,5780,352,8654,California
Tehama,2021-03-17,434,14642,22,2073,380,12295,32,274,351,3176,81,5861,383,9037,California
Tehama,2021-03-18,487,15129,26,2099,437,12732,24,298,309,3333,176,6037,333,9370,California
Tehama,2021-03-19,318,15447,22,2121,283,13015,13,311,276,3580,42,6079,289,9659,California
Tehama,2021-03-20,41,15488,8,2129,31,13046,2,313,29,3599,12,6091,31,9690,California
Tehama,2021-03-21,12,15500,5,2134,7,13053,0,313,12,3611,0,6091,12,9702,California
Tehama,2021-03-22,91,15591,7,2141,67,13120,17,330,50,3637,41,6132,67,9769,California
Tehama,2021-03-23,88,15679,28,2169,54,13174,6,336,70,3695,18,6150,76,9845,California
Tehama,2021-03-24,86,15765,16,2185,68,13242,2,338,55,3721,31,6181,57,9902,California
Tehama,2021-03-25,526,16291,356,2541,157,13399,13,351,473,4155,52,6233,486,10388,California
Tehama,2021-03-26,515,16806,404,2945,99,13498,12,363,435,4525,77,6310,447,10835,California
Tehama,2021-03-27,458,17264,362,3307,71,13569,25,388,389,4871,68,6378,414,11249,California
Tehama,2021-03-28,31,17295,10,3317,21,13590,0,388,19,4878,12,6390,19,11268,California
Tehama,2021-03-29,124,17419,31,3348,92,13682,1,389,78,4910,46,6436,78,11346,California
Tehama,2021-03-30,371,17790,221,3569,148,13830,2,391,252,5045,119,6555,254,11600,California
Tehama,2021-03-31,400,18190,298,3867,99,13929,3,394,327,5302,72,6627,329,11929,California
Tehama,2021-04-01,527,18717,247,4114,274,14203,6,400,394,5570,132,6759,400,12329,California
Tehama,2021-04-02,458,19175,215,4329,237,14440,6,406,272,5661,186,6945,277,12606,California
Tehama,2021-04-03,62,19237,4,4333,53,14493,5,411,31,5666,31,6976,36,12642,California
Tehama,2021-04-04,35,19272,7,4340,27,14520,1,412,23,5678,12,6988,24,12666,California
Tehama,2021-04-05,117,19389,21,4361,69,14589,27,439,61,5710,56,7044,88,12754,California
Tehama,2021-04-06,492,19881,109,4470,332,14921,51,490,138,5545,354,7398,189,12943,California
Tehama,2021-04-07,416,20297,283,4753,90,15011,43,533,303,5778,112,7510,345,13288,California
Tehama,2021-04-08,606,20903,175,4928,391,15402,40,573,230,5673,375,7885,270,13558,California
Tehama,2021-04-09,429,21332,192,5120,204,15606,33,606,214,5706,214,8099,247,13805,California
Tehama,2021-04-10,79,21411,9,5129,38,15644,32,638,40,5739,39,8138,72,13877,California
Tehama,2021-04-11,33,21444,7,5136,15,15659,11,649,8,5733,25,8163,19,13896,California
Tehama,2021-04-12,112,21556,6,5142,87,15746,19,668,40,5720,72,8235,59,13955,California
Tehama,2021-04-13,389,21945,66,5208,323,16069,0,668,67,5465,322,8557,67,14022,California
Tehama,2021-04-14,407,22352,53,5261,354,16423,0,668,50,5160,355,8912,50,14072,California
Tehama,2021-04-15,516,22868,193,5454,323,16746,0,668,80,4805,435,9347,80,14152,California
Tehama,2021-04-16,599,23467,343,5797,256,17002,0,668,76,4358,523,9870,76,14228,California
Tehama,2021-04-17,349,23816,269,6066,80,17082,0,668,41,4093,307,10177,42,14270,California
Tehama,2021-04-18,16,23832,2,6068,14,17096,0,668,13,4103,3,10180,13,14283,California
Tehama,2021-04-19,95,23927,7,6075,88,17184,0,668,41,4090,54,10234,41,14324,California
Tehama,2021-04-20,527,24454,434,6509,93,17277,0,668,153,3874,371,10605,155,14479,California
Tehama,2021-04-21,507,24961,432,6941,75,17352,0,668,167,3703,338,10943,167,14646,California
Tehama,2021-04-22,522,25483,366,7307,156,17508,0,668,153,3490,366,11309,153,14799,California
Tehama,2021-04-23,446,25929,347,7654,99,17607,0,668,198,3442,247,11556,199,14998,California
Tehama,2021-04-24,104,26033,18,7672,86,17693,0,668,27,3392,77,11633,27,15025,California
Tehama,2021-04-25,29,26062,18,7690,11,17704,0,668,9,3382,19,11652,9,15034,California
Tehama,2021-04-26,84,26146,10,7700,74,17778,0,668,46,3390,38,11690,46,15080,California
Tehama,2021-04-27,254,26400,206,7906,47,17825,1,669,95,3327,159,11849,96,15176,California
Tehama,2021-04-28,400,26800,321,8227,62,17887,17,686,69,3082,331,12180,86,15262,California
Tehama,2021-04-29,356,27156,171,8398,179,18066,6,692,71,2875,284,12464,77,15339,California
Tehama,2021-04-30,325,27481,239,8637,80,18146,6,698,113,2782,212,12676,119,15458,California
Tehama,2021-05-01,71,27552,4,8641,64,18210,3,701,13,2740,58,12734,16,15474,California
Tehama,2021-05-02,46,27598,24,8665,10,18220,12,713,26,2758,20,12754,38,15512,California
Tehama,2021-05-03,117,27715,40,8705,69,18289,8,721,62,2773,55,12809,70,15582,California
Tehama,2021-05-04,161,27876,57,8762,97,18386,7,728,69,2757,92,12901,76,15658,California
Tehama,2021-05-05,88,27964,23,8785,55,18441,10,738,39,2757,49,12950,49,15707,California
Tehama,2021-05-06,166,28130,92,8877,59,18500,15,753,100,2806,66,13016,115,15822,California
Tehama,2021-05-07,170,28300,70,8947,89,18589,11,764,46,2741,122,13138,57,15879,California
Tehama,2021-05-08,50,28350,6,8953,43,18632,1,765,14,2720,36,13174,15,15894,California
Tehama,2021-05-09,16,28366,4,8957,12,18644,0,765,7,2718,9,13183,7,15901,California
Tehama,2021-05-10,78,28444,7,8964,65,18709,6,771,38,2722,39,13222,43,15944,California
Tehama,2021-05-11,164,28608,115,9079,39,18748,10,781,31,2630,133,13355,41,15985,California
Tehama,2021-05-12,211,28819,133,9212,68,18816,10,791,47,2523,164,13519,57,16042,California
Tehama,2021-05-13,246,29065,167,9379,71,18887,8,799,112,2510,133,13652,120,16162,California
Tehama,2021-05-14,246,29311,133,9512,92,18979,21,820,59,2404,186,13838,80,16242,California
Tehama,2021-05-15,224,29535,135,9647,54,19033,35,855,161,2538,62,13900,196,16438,California
Tehama,2021-05-16,27,29562,7,9654,17,19050,3,858,15,2544,12,13912,18,16456,California
Tehama,2021-05-17,111,29673,30,9684,66,19116,15,873,54,2557,56,13968,69,16525,California
Tehama,2021-05-18,149,29822,77,9761,57,19173,15,888,46,2517,101,14069,61,16586,California
Tehama,2021-05-19,125,29947,53,9814,62,19235,10,898,41,2484,84,14153,51,16637,California
Tehama,2021-05-20,325,30272,234,10048,68,19303,23,921,224,2631,100,14253,247,16884,California
Tehama,2021-05-21,220,30492,99,10147,108,19411,13,934,80,2586,138,14391,93,16977,California
Tehama,2021-05-22,64,30556,31,10178,29,19440,4,938,37,2600,27,14418,41,17018,California
Tehama,2021-05-23,48,30604,23,10201,14,19454,11,949,12,2587,36,14454,23,17041,California
Tehama,2021-05-24,96,30700,30,10231,58,19512,8,957,31,2561,65,14519,39,17080,California
Tehama,2021-05-25,76,30776,19,10250,49,19561,8,965,46,2585,29,14548,53,17133,California
Tehama,2021-05-26,78,30854,29,10279,46,19607,3,968,50,2611,27,14575,53,17186,California
Tehama,2021-05-27,152,31006,95,10374,53,19660,4,972,50,2565,100,14675,54,17240,California
Tehama,2021-05-28,132,31138,36,10410,89,19749,7,979,61,2563,70,14745,68,17308,California
Tehama,2021-05-29,52,31190,8,10418,39,19788,5,984,35,2586,17,14762,40,17348,California
Tehama,2021-05-30,11,31201,2,10420,8,19796,1,985,3,2582,8,14770,4,17352,California
Tehama,2021-05-31,17,31218,2,10422,14,19810,1,986,5,2576,12,14782,6,17358,California
Tehama,2021-06-01,94,31312,17,10439,60,19870,17,1003,30,2559,64,14846,47,17405,California
Tehama,2021-06-02,87,31399,30,10469,52,19922,5,1008,31,2543,56,14902,40,17445,California
Tehama,2021-06-03,134,31533,100,10569,23,19945,11,1019,28,2476,106,15008,39,17484,California
Tehama,2021-06-04,134,31667,34,10603,86,20031,14,1033,59,2473,74,15082,71,17555,California
Tehama,2021-06-05,156,31823,126,10729,22,20053,8,1041,30,2386,125,15207,38,17593,California
Tehama,2021-06-06,13,31836,7,10736,1,20054,5,1046,2,2382,11,15218,7,17600,California
Tehama,2021-06-07,66,31902,26,10762,38,20092,2,1048,16,2350,50,15268,18,17618,California
Tehama,2021-06-08,100,32002,33,10795,58,20150,9,1057,41,2341,59,15327,50,17668,California
Tehama,2021-06-09,85,32087,42,10837,41,20191,2,1059,43,2344,42,15369,45,17713,California
Tehama,2021-06-10,259,32346,209,11046,40,20231,10,1069,38,2172,220,15589,48,17761,California
Tehama,2021-06-11,141,32487,64,11110,68,20299,9,1078,51,2145,87,15676,60,17821,California
Tehama,2021-06-12,60,32547,37,11147,23,20322,0,1078,23,2131,37,15713,23,17844,California
Tehama,2021-06-13,22,32569,6,11153,10,20332,6,1084,5,2125,17,15730,11,17855,California
Tehama,2021-06-14,88,32657,14,11167,68,20400,6,1090,26,2095,62,15792,32,17887,California
Tehama,2021-06-15,89,32746,39,11206,39,20439,11,1101,34,2086,54,15846,45,17932,California
Tehama,2021-06-16,90,32836,60,11266,27,20466,3,1104,48,2095,42,15888,51,17983,California
Tehama,2021-06-17,147,32983,104,11370,28,20494,15,1119,84,2132,61,15949,98,18081,California
Tehama,2021-06-18,98,33081,39,11409,45,20539,14,1133,31,2110,67,16016,45,18126,California
Tehama,2021-06-19,38,33119,13,11422,20,20559,5,1138,17,2111,21,16037,22,18148,California
Tehama,2021-06-20,13,33132,3,11425,9,20568,1,1139,4,2107,9,16046,5,18153,California
Tehama,2021-06-21,55,33187,11,11436,37,20605,7,1146,19,2097,36,16082,26,18179,California
Tehama,2021-06-22,74,33261,22,11458,40,20645,12,1158,31,2098,42,16124,43,18222,California
Tehama,2021-06-23,90,33351,54,11512,32,20677,4,1162,45,2102,44,16168,48,18270,California
Tehama,2021-06-24,50,33401,28,11540,17,20694,5,1167,32,2121,18,16186,37,18307,California
Trinity,2020-12-17,4,4,4,4,0,0,0,0,4,4,0,0,4,4,California
Trinity,2020-12-18,2,6,2,6,0,0,0,0,2,6,0,0,2,6,California
Trinity,2020-12-21,38,44,38,44,0,0,0,0,38,44,0,0,38,44,California
Trinity,2020-12-22,4,48,4,48,0,0,0,0,4,48,0,0,4,48,California
Trinity,2020-12-23,6,54,5,53,1,1,0,0,6,54,0,0,6,54,California
Trinity,2020-12-28,31,85,31,84,0,1,0,0,31,85,0,0,31,85,California
Trinity,2020-12-29,8,93,7,91,1,2,0,0,8,93,0,0,8,93,California
Trinity,2020-12-30,10,103,8,99,2,4,0,0,10,103,0,0,10,103,California
Trinity,2020-12-31,2,105,1,100,1,5,0,0,2,105,0,0,2,105,California
Trinity,2021-01-04,28,133,0,100,28,33,0,0,27,132,0,0,27,132,California
Trinity,2021-01-05,3,136,1,101,2,35,0,0,3,135,0,0,3,135,California
Trinity,2021-01-06,24,160,4,105,20,55,0,0,20,151,4,4,20,155,California
Trinity,2021-01-08,49,209,2,107,47,102,0,0,48,197,2,6,48,203,California
Trinity,2021-01-11,41,250,38,145,3,105,0,0,4,164,37,43,4,207,California
Trinity,2021-01-12,9,259,6,151,3,108,0,0,4,163,5,48,4,211,California
Trinity,2021-01-13,7,266,4,155,3,111,0,0,4,164,3,51,4,215,California
Trinity,2021-01-14,4,270,1,156,3,114,0,0,4,168,0,51,4,219,California
Trinity,2021-01-15,4,274,0,156,4,118,0,0,4,172,0,51,4,223,California
Trinity,2021-01-16,4,278,0,156,4,122,0,0,4,176,0,51,4,227,California
Trinity,2021-01-18,31,309,31,187,0,122,0,0,0,145,31,82,0,227,California
Trinity,2021-01-19,35,344,14,201,21,143,0,0,21,152,14,96,21,248,California
Trinity,2021-01-20,20,364,3,204,17,160,0,0,17,166,3,99,17,265,California
Trinity,2021-01-21,17,381,7,211,10,170,0,0,17,183,0,99,17,282,California
Trinity,2021-01-22,5,386,1,212,4,174,0,0,5,188,0,99,5,287,California
Trinity,2021-01-23,7,393,3,215,4,178,0,0,7,195,0,99,7,294,California
Trinity,2021-01-25,14,407,1,216,13,191,0,0,13,207,1,100,13,307,California
Trinity,2021-01-26,10,417,1,217,9,200,0,0,9,215,1,101,9,316,California
Trinity,2021-01-27,12,429,0,217,12,212,0,0,12,227,0,101,12,328,California
Trinity,2021-01-28,13,442,3,220,10,222,0,0,10,234,3,104,10,338,California
Trinity,2021-01-29,2,444,0,220,2,224,0,0,1,234,1,105,1,339,California
Trinity,2021-01-30,12,456,11,231,1,225,0,0,12,246,0,105,12,351,California
Trinity,2021-02-01,2,458,1,232,1,226,0,0,1,246,1,106,1,352,California
Trinity,2021-02-02,15,473,3,235,12,238,0,0,14,259,1,107,14,366,California
Trinity,2021-02-03,7,480,1,236,6,244,0,0,4,260,3,110,4,370,California
Trinity,2021-02-04,42,522,32,268,10,254,0,0,35,288,7,117,35,405,California
Trinity,2021-02-05,354,876,0,268,354,608,0,0,323,580,31,148,323,728,California
Trinity,2021-02-06,210,1086,5,273,205,813,0,0,203,776,7,155,203,931,California
Trinity,2021-02-07,1,1087,0,273,1,814,0,0,1,777,0,155,1,932,California
Trinity,2021-02-08,27,1114,0,273,27,841,0,0,16,782,11,166,16,948,California
Trinity,2021-02-09,27,1141,2,275,25,866,0,0,11,777,16,182,11,959,California
Trinity,2021-02-10,122,1263,10,285,112,978,0,0,102,859,20,202,102,1061,California
Trinity,2021-02-11,339,1602,2,287,337,1315,0,0,332,1184,7,209,332,1393,California
Trinity,2021-02-12,18,1620,10,297,8,1323,0,0,14,1194,4,213,14,1407,California
Trinity,2021-02-13,13,1633,6,303,7,1330,0,0,6,1193,7,220,6,1413,California
Trinity,2021-02-14,2,1635,2,305,0,1330,0,0,2,1195,0,220,2,1415,California
Trinity,2021-02-15,47,1682,0,305,47,1377,0,0,47,1242,0,220,47,1462,California
Trinity,2021-02-16,4,1686,1,306,3,1380,0,0,2,1242,2,222,2,1464,California
Trinity,2021-02-17,94,1780,2,308,92,1472,0,0,84,1316,10,232,84,1548,California
Trinity,2021-02-18,4,1784,0,308,4,1476,0,0,1,1314,3,235,1,1549,California
Trinity,2021-02-19,306,2090,2,310,304,1780,0,0,292,1592,14,249,292,1841,California
Trinity,2021-02-20,142,2232,14,324,128,1908,0,0,114,1678,28,277,114,1955,California
Trinity,2021-02-21,1,2233,1,325,0,1908,0,0,1,1679,0,277,1,1956,California
Trinity,2021-02-22,8,2241,0,325,8,1916,0,0,5,1681,3,280,5,1961,California
Trinity,2021-02-23,10,2251,3,328,7,1923,0,0,5,1681,5,285,5,1966,California
Trinity,2021-02-24,30,2281,8,336,22,1945,0,0,7,1665,23,308,7,1973,California
Trinity,2021-02-25,36,2317,23,359,13,1958,0,0,5,1639,31,339,5,1978,California
Trinity,2021-02-26,11,2328,1,360,10,1968,0,0,5,1638,6,345,5,1983,California
Trinity,2021-02-27,10,2338,8,368,2,1970,0,0,4,1636,6,351,4,1987,California
Trinity,2021-03-01,10,2348,0,368,10,1980,0,0,5,1636,5,356,5,1992,California
Trinity,2021-03-02,9,2357,3,371,6,1986,0,0,2,1631,7,363,2,1994,California
Trinity,2021-03-03,4,2361,0,371,4,1990,0,0,3,1633,1,364,3,1997,California
Trinity,2021-03-04,24,2385,19,390,5,1995,0,0,10,1629,14,378,10,2007,California
Trinity,2021-03-05,388,2773,1,391,387,2382,0,0,120,1485,264,642,120,2127,California
Trinity,2021-03-06,202,2975,7,398,195,2577,0,0,26,1335,176,818,26,2153,California
Trinity,2021-03-07,4,2979,3,401,1,2578,0,0,3,1337,1,819,3,2156,California
Trinity,2021-03-08,5,2984,1,402,3,2581,1,1,2,1337,3,822,3,2159,California
Trinity,2021-03-09,94,3078,0,402,92,2673,2,3,88,1421,6,828,90,2249,California
Trinity,2021-03-10,126,3204,3,405,120,2793,3,6,38,1374,88,916,41,2290,California
Trinity,2021-03-11,16,3220,4,409,10,2803,2,8,5,1370,11,927,7,2297,California
Trinity,2021-03-12,398,3618,5,414,387,3190,6,14,96,1170,302,1229,102,2399,California
Trinity,2021-03-13,13,3631,8,422,3,3193,2,16,8,1175,5,1234,10,2409,California
Trinity,2021-03-14,4,3635,1,423,3,3196,0,16,3,1177,1,1235,3,2412,California
Trinity,2021-03-15,67,3702,0,423,66,3262,1,17,14,1139,53,1288,15,2427,California
Trinity,2021-03-16,116,3818,7,430,109,3371,0,17,103,1229,13,1301,103,2530,California
Trinity,2021-03-17,100,3918,3,433,97,3468,0,17,26,1181,74,1375,26,2556,California
Trinity,2021-03-18,10,3928,2,435,5,3473,3,20,5,1184,5,1380,8,2564,California
Trinity,2021-03-19,460,4388,4,439,346,3819,110,130,35,904,425,1805,145,2709,California
Trinity,2021-03-20,105,4493,7,446,98,3917,0,130,70,940,34,1839,70,2779,California
Trinity,2021-03-21,4,4497,0,446,3,3920,1,131,3,943,1,1840,4,2783,California
Trinity,2021-03-22,2,4499,0,446,2,3922,0,131,2,945,0,1840,2,2785,California
Trinity,2021-03-23,95,4594,2,448,93,4015,0,131,77,1004,18,1858,77,2862,California
Trinity,2021-03-24,12,4606,1,449,11,4026,0,131,9,1010,3,1861,9,2871,California
Trinity,2021-03-25,111,4717,8,457,97,4123,6,137,85,1075,26,1887,91,2962,California
Trinity,2021-03-26,84,4801,8,465,76,4199,0,137,77,1145,7,1894,77,3039,California
Trinity,2021-03-27,20,4821,4,469,7,4206,9,146,9,1152,11,1905,18,3057,California
Trinity,2021-03-28,5,4826,3,472,2,4208,0,146,1,1149,4,1909,1,3058,California
Trinity,2021-03-29,6,4832,1,473,5,4213,0,146,2,1147,4,1913,2,3060,California
Trinity,2021-03-30,77,4909,5,478,72,4285,0,146,67,1204,10,1923,67,3127,California
Trinity,2021-03-31,56,4965,5,483,19,4304,32,178,21,1221,35,1958,52,3179,California
Trinity,2021-04-01,40,5005,10,493,19,4323,11,189,21,1234,19,1977,32,3211,California
Trinity,2021-04-02,249,5254,5,498,170,4493,74,263,77,1214,171,2148,151,3362,California
Trinity,2021-04-03,17,5271,12,510,5,4498,0,263,7,1211,10,2158,7,3369,California
Trinity,2021-04-04,10,5281,8,518,2,4500,0,263,8,1217,2,2160,8,3377,California
Trinity,2021-04-05,58,5339,6,524,51,4551,1,264,54,1268,4,2164,55,3432,California
Trinity,2021-04-06,117,5456,15,539,99,4650,3,267,28,1210,89,2253,31,3463,California
Trinity,2021-04-07,27,5483,12,551,10,4660,5,272,19,1226,8,2261,24,3487,California
Trinity,2021-04-08,89,5572,10,561,77,4737,2,274,52,1243,37,2298,54,3541,California
Trinity,2021-04-09,169,5741,20,581,145,4882,4,278,91,1260,78,2376,95,3636,California
Trinity,2021-04-10,11,5752,7,588,4,4886,0,278,10,1269,1,2377,10,3646,California
Trinity,2021-04-11,10,5762,5,593,3,4889,2,280,4,1269,6,2383,6,3652,California
Trinity,2021-04-12,77,5839,5,598,71,4960,1,281,64,1321,12,2395,64,3716,California
Trinity,2021-04-13,104,5943,5,603,99,5059,0,281,11,1239,93,2488,11,3727,California
Trinity,2021-04-14,10,5953,5,608,5,5064,0,281,6,1241,4,2492,6,3733,California
Trinity,2021-04-15,46,5999,11,619,35,5099,0,281,16,1228,29,2521,16,3749,California
Trinity,2021-04-16,151,6150,13,632,138,5237,0,281,78,1234,72,2593,78,3827,California
Trinity,2021-04-17,11,6161,5,637,6,5243,0,281,9,1241,2,2595,9,3836,California
Trinity,2021-04-18,3,6164,1,638,2,5245,0,281,0,1238,3,2598,0,3836,California
Trinity,2021-04-19,67,6231,2,640,65,5310,0,281,66,1303,1,2599,66,3902,California
Trinity,2021-04-20,94,6325,8,648,86,5396,0,281,21,1251,73,2672,21,3923,California
Trinity,2021-04-21,22,6347,9,657,13,5409,0,281,9,1247,13,2685,9,3932,California
Trinity,2021-04-22,92,6439,5,662,87,5496,0,281,14,1183,78,2763,14,3946,California
Trinity,2021-04-23,179,6618,6,668,173,5669,0,281,111,1226,68,2831,111,4057,California
Trinity,2021-04-24,23,6641,12,680,11,5680,0,281,6,1215,17,2848,6,4063,California
Trinity,2021-04-25,10,6651,9,689,1,5681,0,281,3,1212,6,2854,3,4066,California
Trinity,2021-04-26,48,6699,9,698,39,5720,0,281,40,1244,8,2862,40,4106,California
Trinity,2021-04-27,88,6787,11,709,77,5797,0,281,23,1202,65,2927,23,4129,California
Trinity,2021-04-28,33,6820,11,720,22,5819,0,281,12,1193,21,2948,12,4141,California
Trinity,2021-04-29,34,6854,13,733,21,5840,0,281,12,1183,22,2970,12,4153,California
Trinity,2021-04-30,27,6881,21,754,6,5846,0,281,8,1173,18,2988,8,4161,California
Trinity,2021-05-01,15,6896,8,762,2,5848,5,286,5,1173,10,2998,10,4171,California
Trinity,2021-05-02,8,6904,5,767,1,5849,2,288,2,1171,6,3004,4,4175,California
Trinity,2021-05-03,58,6962,13,780,44,5893,1,289,9,1133,48,3052,10,4185,California
Trinity,2021-05-04,23,6985,11,791,11,5904,1,290,8,1127,15,3067,9,4194,California
Trinity,2021-05-05,11,6996,7,798,4,5908,0,290,4,1124,7,3074,4,4198,California
Trinity,2021-05-06,73,7069,10,808,61,5969,2,292,16,1085,57,3131,18,4216,California
Trinity,2021-05-07,176,7245,12,820,130,6099,34,326,14,971,162,3293,48,4264,California
Trinity,2021-05-08,6,7251,2,822,4,6103,0,326,2,969,4,3297,2,4266,California
Trinity,2021-05-09,11,7262,8,830,3,6106,0,326,7,972,4,3301,7,4273,California
Trinity,2021-05-10,16,7278,6,836,9,6115,1,327,8,973,8,3309,9,4282,California
Trinity,2021-05-11,7,7285,3,839,4,6119,0,327,5,976,2,3311,5,4287,California
Trinity,2021-05-12,19,7304,16,855,2,6121,1,328,14,986,5,3316,15,4302,California
Trinity,2021-05-13,15,7319,10,865,4,6125,1,329,9,990,6,3322,10,4312,California
Trinity,2021-05-14,138,7457,19,884,91,6216,28,357,39,958,99,3421,67,4379,California
Trinity,2021-05-15,15,7472,10,894,4,6220,1,358,7,959,7,3428,8,4387,California
Trinity,2021-05-16,8,7480,6,900,2,6222,0,358,6,963,2,3430,6,4393,California
Trinity,2021-05-17,108,7588,20,920,86,6308,2,360,42,941,66,3496,44,4437,California
Trinity,2021-05-18,37,7625,7,927,29,6337,1,361,11,927,26,3522,12,4449,California
Trinity,2021-05-19,143,7768,17,944,97,6434,29,390,26,866,116,3638,55,4504,California
Trinity,2021-05-20,28,7796,21,965,4,6438,3,393,17,875,11,3649,20,4524,California
Trinity,2021-05-21,21,7817,12,977,9,6447,0,393,12,878,9,3658,12,4536,California
Trinity,2021-05-22,17,7834,14,991,3,6450,0,393,13,887,4,3662,13,4549,California
Trinity,2021-05-23,6,7840,4,995,2,6452,0,393,2,885,4,3666,2,4551,California
Trinity,2021-05-24,109,7949,12,1007,96,6548,1,394,8,794,100,3766,9,4560,California
Trinity,2021-05-25,39,7988,14,1021,25,6573,0,394,17,789,22,3788,17,4577,California
Trinity,2021-05-26,12,8000,6,1027,6,6579,0,394,4,785,8,3796,4,4581,California
Trinity,2021-05-27,30,8030,13,1040,12,6591,5,399,7,774,23,3819,12,4593,California
Trinity,2021-05-28,14,8044,10,1050,3,6594,1,400,7,775,7,3826,8,4601,California
Trinity,2021-05-29,10,8054,7,1057,2,6596,1,401,7,780,3,3829,8,4609,California
Trinity,2021-05-30,6,8060,5,1062,1,6597,0,401,0,774,6,3835,0,4609,California
Trinity,2021-05-31,4,8064,3,1065,1,6598,0,401,2,774,2,3837,2,4611,California
Trinity,2021-06-01,15,8079,8,1073,5,6603,2,403,4,770,10,3847,6,4617,California
Trinity,2021-06-02,24,8103,19,1092,3,6606,2,405,9,766,15,3862,11,4628,California
Trinity,2021-06-03,39,8142,13,1105,26,6632,0,405,13,753,26,3888,13,4641,California
Trinity,2021-06-04,45,8187,21,1126,16,6648,8,413,12,740,33,3921,20,4661,California
Trinity,2021-06-05,19,8206,18,1144,1,6649,0,413,13,747,6,3927,13,4674,California
Trinity,2021-06-06,9,8215,6,1150,2,6651,1,414,2,743,7,3934,3,4677,California
Trinity,2021-06-07,28,8243,19,1169,8,6659,1,415,12,740,16,3950,13,4690,California
Trinity,2021-06-08,14,8257,12,1181,1,6660,1,416,4,735,10,3960,5,4695,California
Trinity,2021-06-09,24,8281,14,1195,1,6661,9,425,5,730,19,3979,14,4709,California
Trinity,2021-06-10,20,8301,18,1213,2,6663,0,425,5,720,15,3994,5,4714,California
Trinity,2021-06-11,45,8346,10,1223,33,6696,2,427,14,705,31,4025,16,4730,California
Trinity,2021-06-12,9,8355,9,1232,0,6696,0,427,2,700,7,4032,2,4732,California
Trinity,2021-06-13,4,8359,4,1236,0,6696,0,427,1,698,3,4035,1,4733,California
Trinity,2021-06-14,43,8402,16,1252,27,6723,0,427,11,677,32,4067,11,4744,California
Trinity,2021-06-15,45,8447,21,1273,3,6726,21,448,9,670,36,4103,29,4773,California
Trinity,2021-06-16,10,8457,6,1279,4,6730,0,448,3,666,7,4110,3,4776,California
Trinity,2021-06-17,15,8472,13,1292,0,6730,2,450,5,664,9,4119,7,4783,California
Trinity,2021-06-18,15,8487,10,1302,3,6733,2,452,6,663,9,4128,8,4791,California
Trinity,2021-06-19,10,8497,10,1312,0,6733,0,452,2,657,8,4136,2,4793,California
Trinity,2021-06-20,3,8500,3,1315,0,6733,0,452,3,660,0,4136,3,4796,California
Trinity,2021-06-21,8,8508,6,1321,0,6733,2,454,5,664,3,4139,7,4803,California
Trinity,2021-06-22,33,8541,10,1331,13,6746,10,464,14,669,19,4158,24,4827,California
Trinity,2021-06-23,15,8556,8,1339,1,6747,6,470,2,664,13,4171,8,4835,California
Trinity,2021-06-24,11,8567,4,1343,4,6751,3,473,5,666,6,4177,8,4843,California
Tulare,2020-12-15,1,1,1,1,0,0,0,0,1,1,0,0,1,1,California
Tulare,2020-12-16,4,5,4,5,0,0,0,0,4,5,0,0,4,5,California
Tulare,2020-12-17,110,115,110,115,0,0,0,0,110,115,0,0,110,115,California
Tulare,2020-12-18,290,405,289,404,1,1,0,0,290,405,0,0,290,405,California
Tulare,2020-12-19,327,732,327,731,0,1,0,0,327,732,0,0,327,732,California
Tulare,2020-12-20,165,897,165,896,0,1,0,0,165,897,0,0,165,897,California
Tulare,2020-12-21,423,1320,423,1319,0,1,0,0,443,1340,0,0,443,1340,California
Tulare,2020-12-22,470,1790,468,1787,2,3,0,0,469,1809,0,0,469,1809,California
Tulare,2020-12-23,326,2116,318,2105,8,11,0,0,324,2133,0,0,324,2133,California
Tulare,2020-12-24,18,2134,16,2121,2,13,0,0,18,2151,0,0,18,2151,California
Tulare,2020-12-26,8,2142,7,2128,1,14,0,0,8,2159,0,0,8,2159,California
Tulare,2020-12-27,16,2158,12,2140,4,18,0,0,16,2175,0,0,16,2175,California
Tulare,2020-12-28,483,2641,470,2610,13,31,0,0,482,2657,0,0,482,2657,California
Tulare,2020-12-29,547,3188,477,3087,70,101,0,0,547,3204,0,0,547,3204,California
Tulare,2020-12-30,469,3657,425,3512,44,145,0,0,469,3673,0,0,469,3673,California
Tulare,2020-12-31,100,3757,22,3534,78,223,0,0,100,3773,0,0,100,3773,California
Tulare,2021-01-01,3,3760,1,3535,2,225,0,0,3,3776,0,0,3,3776,California
Tulare,2021-01-02,32,3792,19,3554,13,238,0,0,32,3808,0,0,32,3808,California
Tulare,2021-01-03,23,3815,9,3563,14,252,0,0,23,3831,0,0,23,3831,California
Tulare,2021-01-04,93,3908,16,3579,77,329,0,0,93,3924,0,0,93,3924,California
Tulare,2021-01-05,465,4373,279,3858,186,515,0,0,463,4385,2,2,463,4387,California
Tulare,2021-01-06,861,5234,631,4489,230,745,0,0,851,5226,10,12,851,5238,California
Tulare,2021-01-07,782,6016,585,5074,197,942,0,0,674,5792,108,120,674,5912,California
Tulare,2021-01-08,1280,7296,573,5647,707,1649,0,0,943,6399,336,456,943,6855,California
Tulare,2021-01-09,805,8101,204,5851,601,2250,0,0,617,6828,188,644,617,7472,California
Tulare,2021-01-10,51,8152,43,5894,8,2258,0,0,13,6803,38,682,13,7485,California
Tulare,2021-01-11,1274,9426,771,6665,503,2761,0,0,835,7199,439,1121,835,8320,California
Tulare,2021-01-12,1451,10877,504,7169,947,3708,0,0,1040,7830,410,1531,1041,9361,California
Tulare,2021-01-13,431,11308,200,7369,231,3939,0,0,356,8111,75,1606,356,9717,California
Tulare,2021-01-14,495,11803,143,7512,352,4291,0,0,469,8565,15,1621,469,10186,California
Tulare,2021-01-15,1651,13454,156,7668,1495,5786,0,0,1642,10198,9,1630,1642,11828,California
Tulare,2021-01-16,1924,15378,112,7780,1812,7598,0,0,1910,12094,14,1644,1910,13738,California
Tulare,2021-01-17,142,15520,122,7902,20,7618,0,0,132,12216,10,1654,132,13870,California
Tulare,2021-01-18,697,16217,661,8563,36,7654,0,0,296,12111,401,2055,296,14166,California
Tulare,2021-01-19,1014,17231,688,9251,326,7980,0,0,587,12271,427,2482,587,14753,California
Tulare,2021-01-20,2427,19658,615,9866,1812,9792,0,0,2013,13897,388,2870,2014,16767,California
Tulare,2021-01-21,1573,21231,184,10050,1389,11181,0,0,1547,15423,21,2891,1547,18314,California
Tulare,2021-01-22,1067,22298,191,10241,876,12057,0,0,1040,16437,26,2917,1040,19354,California
Tulare,2021-01-23,441,22739,157,10398,284,12341,0,0,420,16836,21,2938,420,19774,California
Tulare,2021-01-24,30,22769,27,10425,3,12344,0,0,28,16862,2,2940,28,19802,California
Tulare,2021-01-25,1350,24119,985,11410,365,12709,0,0,1299,18110,51,2991,1299,21101,California
Tulare,2021-01-26,1509,25628,1100,12510,409,13118,0,0,1171,18944,337,3328,1171,22272,California
Tulare,2021-01-27,1501,27129,1067,13577,434,13552,0,0,923,19290,577,3905,923,23195,California
Tulare,2021-01-28,1215,28344,776,14353,439,13991,0,0,816,19707,399,4304,816,24011,California
Tulare,2021-01-29,1129,29473,718,15071,411,14402,0,0,819,20216,310,4614,819,24830,California
Tulare,2021-01-30,1674,31147,1579,16650,95,14497,0,0,1649,21841,25,4639,1650,26480,California
Tulare,2021-01-31,66,31213,61,16711,5,14502,0,0,63,21901,3,4642,63,26543,California
Tulare,2021-02-01,1185,32398,912,17623,273,14775,0,0,824,22365,360,5002,824,27367,California
Tulare,2021-02-02,702,33100,350,17973,352,15127,0,0,459,22584,241,5243,460,27827,California
Tulare,2021-02-03,575,33675,243,18216,332,15459,0,0,330,22689,225,5468,330,28157,California
Tulare,2021-02-04,568,34243,170,18386,398,15857,0,0,280,22683,287,5755,281,28438,California
Tulare,2021-02-05,1241,35484,237,18623,1004,16861,0,0,406,22256,833,6588,406,28844,California
Tulare,2021-02-06,835,36319,155,18778,680,17541,0,0,208,21839,625,7213,208,29052,California
Tulare,2021-02-07,84,36403,71,18849,13,17554,0,0,23,21801,61,7274,23,29075,California
Tulare,2021-02-08,945,37348,328,19177,617,18171,0,0,239,21336,704,7978,239,29314,California
Tulare,2021-02-09,1417,38765,337,19514,1080,19251,0,0,344,20612,1068,9046,344,29658,California
Tulare,2021-02-10,2483,41248,1989,21503,494,19745,0,0,2079,22288,403,9449,2079,31737,California
Tulare,2021-02-11,1335,42583,373,21876,962,20707,0,0,910,22773,425,9874,910,32647,California
Tulare,2021-02-12,2785,45368,575,22451,2210,22917,0,0,1181,22357,1597,11471,1181,33828,California
Tulare,2021-02-13,2480,47848,159,22610,2321,25238,0,0,643,21167,1833,13304,643,34471,California
Tulare,2021-02-14,340,48188,40,22650,300,25538,0,0,303,21433,37,13341,303,34774,California
Tulare,2021-02-15,922,49110,295,22945,627,26165,0,0,662,21836,259,13600,662,35436,California
Tulare,2021-02-16,2835,51945,1595,24540,1240,27405,0,0,1073,21150,1760,15360,1074,36510,California
Tulare,2021-02-17,2704,54649,513,25053,2191,29596,0,0,456,19364,2242,17602,456,36966,California
Tulare,2021-02-18,2344,56993,452,25505,1892,31488,0,0,644,18316,1692,19294,644,37610,California
Tulare,2021-02-19,2330,59323,877,26382,1453,32941,0,0,961,17911,1367,20661,962,38572,California
Tulare,2021-02-20,2981,62304,1881,28263,1100,34041,0,0,1259,17454,1717,22378,1260,39832,California
Tulare,2021-02-21,96,62400,92,28355,4,34045,0,0,49,17457,46,22424,49,39881,California
Tulare,2021-02-22,1106,63506,700,29055,406,34451,0,0,210,16772,895,23319,210,40091,California
Tulare,2021-02-23,1961,65467,947,30002,1014,35465,0,0,1465,17743,494,23813,1465,41556,California
Tulare,2021-02-24,2489,67956,1550,31552,939,36404,0,0,2109,19474,379,24192,2110,43666,California
Tulare,2021-02-25,3521,71477,1989,33541,1532,37936,0,0,3104,22167,413,24605,3106,46772,California
Tulare,2021-02-26,3865,75342,1892,35433,1973,39909,0,0,3389,25082,474,25079,3389,50161,California
Tulare,2021-02-27,3006,78348,1496,36929,1510,41419,0,0,2872,27832,122,25201,2872,53033,California
Tulare,2021-02-28,1313,79661,1040,37969,273,41692,0,0,1291,29105,18,25219,1291,54324,California
Tulare,2021-03-01,1788,81449,806,38775,982,42674,0,0,1597,30513,189,25408,1597,55921,California
Tulare,2021-03-02,2821,84270,1270,40045,1551,44225,0,0,2642,32979,177,25585,2643,58564,California
Tulare,2021-03-03,4084,88354,2734,42779,1349,45574,1,1,2130,33161,1951,27536,2133,60697,California
Tulare,2021-03-04,2979,91333,1344,44123,1635,47209,0,1,2638,35463,336,27872,2638,63335,California
Tulare,2021-03-05,3503,94836,1758,45881,1730,48939,15,16,2984,37948,516,28388,3001,66336,California
Tulare,2021-03-06,3092,97928,1443,47324,1589,50528,60,76,2837,40592,252,28640,2896,69232,California
Tulare,2021-03-07,1141,99069,707,48031,413,50941,21,97,1099,41671,41,28681,1120,70352,California
Tulare,2021-03-08,1738,100807,1008,49039,561,51502,169,266,1405,42916,328,29009,1573,71925,California
Tulare,2021-03-09,3267,104074,2245,51284,874,52376,148,414,2853,45503,413,29422,3000,74925,California
Tulare,2021-03-10,2978,107052,1402,52686,1401,53777,175,589,2572,47852,396,29818,2745,77670,California
Tulare,2021-03-11,4236,111288,1994,54680,1938,55715,304,893,3290,50500,946,30764,3594,81264,California
Tulare,2021-03-12,4413,115701,2431,57111,1630,57345,352,1245,3127,52701,1278,32042,3479,84743,California
Tulare,2021-03-13,4154,119855,1945,59056,2104,59449,105,1350,3199,55056,949,32991,3304,88047,California
Tulare,2021-03-14,1860,121715,987,60043,653,60102,220,1570,1334,56082,525,33516,1551,89598,California
Tulare,2021-03-15,2755,124470,1632,61675,1008,61110,115,1685,1975,57399,776,34292,2093,91691,California
Tulare,2021-03-16,3438,127908,2119,63794,1242,62352,77,1762,1879,57803,1555,35847,1959,93650,California
Tulare,2021-03-17,4080,131988,2662,66456,1342,63694,76,1838,2327,58466,1747,37594,2410,96060,California
Tulare,2021-03-18,4663,136651,3402,69858,1189,64883,72,1910,2461,58810,2192,39786,2536,98596,California
Tulare,2021-03-19,5119,141770,3377,73235,1547,66430,195,2105,2736,59380,2363,42149,2933,101529,California
Tulare,2021-03-20,4488,146258,2794,76029,1322,67752,372,2477,2064,59403,2416,44565,2439,103968,California
Tulare,2021-03-21,2008,148266,1719,77748,263,68015,26,2503,1063,59550,941,45506,1088,105056,California
Tulare,2021-03-22,2570,150836,1780,79528,678,68693,112,2615,1688,60476,876,46382,1802,106858,California
Tulare,2021-03-23,3790,154626,2189,81717,1549,70242,52,2667,2081,60917,1699,48081,2140,108998,California
Tulare,2021-03-24,3199,157825,1985,83702,1173,71415,41,2708,1719,61205,1472,49553,1760,110758,California
Tulare,2021-03-25,3478,161303,1810,85512,1494,72909,174,2882,1672,61255,1798,51351,1848,112606,California
Tulare,2021-03-26,5262,166565,3136,88648,2014,74923,112,2994,2545,61212,2700,54051,2657,115263,California
Tulare,2021-03-27,3539,170104,1814,90462,1627,76550,98,3092,989,59756,2542,56593,1086,116349,California
Tulare,2021-03-28,1475,171579,1070,91532,374,76924,31,3123,676,59673,797,57390,714,117063,California
Tulare,2021-03-29,2887,174466,1672,93204,1108,78032,107,3230,1226,59352,1656,59046,1335,118398,California
Tulare,2021-03-30,4925,179391,2788,95992,1906,79938,231,3461,1498,57657,3416,62462,1721,120119,California
Tulare,2021-03-31,3972,183363,2343,98335,1514,81452,115,3576,1555,56919,2409,64871,1671,121790,California
Tulare,2021-04-01,4540,187903,2455,100790,2012,83464,73,3649,1557,55577,2973,67844,1631,123421,California
Tulare,2021-04-02,5356,193259,3059,103849,2181,85645,116,3765,1550,53455,3789,71633,1667,125088,California
Tulare,2021-04-03,3629,196888,2094,105943,1160,86805,375,4140,834,51905,2757,74390,1207,126295,California
Tulare,2021-04-04,1634,198522,1147,107090,480,87285,7,4147,358,50998,1272,75662,365,126660,California
Tulare,2021-04-05,3356,201878,2343,109433,745,88030,268,4415,851,49625,2492,78154,1119,127779,California
Tulare,2021-04-06,3439,205317,1470,110903,1472,89502,497,4912,893,48479,2538,80692,1392,129171,California
Tulare,2021-04-07,3905,209222,1839,112742,1626,91128,440,5352,1175,47365,2719,83411,1605,130776,California
Tulare,2021-04-08,4798,214020,2627,115369,1712,92840,459,5811,1521,46077,3264,86675,1976,132752,California
Tulare,2021-04-09,4846,218866,2996,118365,1413,94253,437,6248,1819,45315,3019,89694,2257,135009,California
Tulare,2021-04-10,3842,222708,2071,120436,1451,95704,320,6568,934,43666,2899,92593,1250,136259,California
Tulare,2021-04-11,1590,224298,1051,121487,465,96169,74,6642,490,43133,1097,93690,564,136823,California
Tulare,2021-04-12,3423,227721,2135,123622,692,96861,596,7238,1071,42459,2342,96032,1668,138491,California
Tulare,2021-04-13,2413,230134,1593,125215,811,97672,9,7247,903,41875,1498,97530,914,139405,California
Tulare,2021-04-14,2881,233015,1703,126918,1178,98850,0,7247,916,40831,1960,99490,916,140321,California
Tulare,2021-04-15,3319,236334,2167,129085,1152,100002,0,7247,1479,40483,1827,101317,1479,141800,California
Tulare,2021-04-16,3722,240056,2250,131335,1472,101474,0,7247,1491,39756,2218,103535,1491,143291,California
Tulare,2021-04-17,2253,242309,1326,132661,927,102401,0,7247,1197,39904,1050,104585,1198,144489,California
Tulare,2021-04-18,1546,243855,1208,133869,338,102739,0,7247,823,40005,722,105307,823,145312,California
Tulare,2021-04-19,2169,246024,1254,135123,914,103653,1,7248,909,39660,1255,106562,910,146222,California
Tulare,2021-04-20,2355,248379,1322,136445,1033,104686,0,7248,995,39310,1345,107907,995,147217,California
Tulare,2021-04-21,2225,250604,1343,137788,882,105568,0,7248,823,38773,1361,109268,824,148041,California
Tulare,2021-04-22,2114,252718,1178,138966,936,106504,0,7248,728,38134,1367,110635,728,148769,California
Tulare,2021-04-23,2589,255307,1583,140549,1005,107509,1,7249,1017,37592,1560,112195,1018,149787,California
Tulare,2021-04-24,1644,256951,1054,141603,588,108097,2,7251,852,37659,787,112982,854,150641,California
Tulare,2021-04-25,695,257646,522,142125,173,108270,0,7251,266,37496,429,113411,266,150907,California
Tulare,2021-04-26,1527,259173,919,143044,589,108859,19,7270,642,37277,878,114289,659,151566,California
Tulare,2021-04-27,1669,260842,676,143720,955,109814,38,7308,712,37074,952,115241,749,152315,California
Tulare,2021-04-28,1713,262555,972,144692,699,110513,42,7350,674,36755,1034,116275,715,153030,California
Tulare,2021-04-29,2005,264560,1199,145891,768,111281,38,7388,774,36346,1219,117494,810,153840,California
Tulare,2021-04-30,2443,267003,1779,147670,614,111895,50,7438,902,35764,1533,119027,951,154791,California
Tulare,2021-05-01,1419,268422,1218,148888,189,112084,12,7450,729,35825,680,119707,741,155532,California
Tulare,2021-05-02,589,269011,500,149388,72,112156,17,7467,187,35630,398,120105,203,155735,California
Tulare,2021-05-03,1622,270633,1095,150483,402,112558,125,7592,349,34838,1266,121371,474,156209,California
Tulare,2021-05-04,1560,272193,832,151315,658,113216,70,7662,626,34607,924,122295,693,156902,California
Tulare,2021-05-05,1299,273492,638,151953,572,113788,89,7751,447,34302,841,123136,536,157438,California
Tulare,2021-05-06,1969,275461,1328,153281,592,114380,49,7800,591,33572,1370,124506,640,158078,California
Tulare,2021-05-07,1838,277299,1246,154527,524,114904,68,7868,520,32849,1310,125816,587,158665,California
Tulare,2021-05-08,1233,278532,807,155334,401,115305,25,7893,526,32701,700,126516,552,159217,California
Tulare,2021-05-09,587,279119,464,155798,102,115407,21,7914,115,32371,467,126983,137,159354,California
Tulare,2021-05-10,1025,280144,591,156389,368,115775,66,7980,310,32036,711,127694,376,159730,California
Tulare,2021-05-11,1255,281399,638,157027,538,116313,79,8059,521,31909,727,128421,600,160330,California
Tulare,2021-05-12,1581,282980,1017,158044,506,116819,58,8117,431,31262,1135,129556,488,160818,California
Tulare,2021-05-13,1581,284561,1015,159059,528,117347,38,8155,728,31178,849,130405,765,161583,California
Tulare,2021-05-14,1974,286535,1283,160342,629,117976,62,8217,903,31085,1058,131463,965,162548,California
Tulare,2021-05-15,1569,288104,885,161227,637,118613,47,8264,669,30903,892,132355,710,163258,California
Tulare,2021-05-16,698,288802,557,161784,129,118742,12,8276,325,30869,371,132726,337,163595,California
Tulare,2021-05-17,1538,290340,954,162738,511,119253,73,8349,733,30877,798,133524,806,164401,California
Tulare,2021-05-18,1580,291920,855,163593,672,119925,53,8402,792,30936,784,134308,843,165244,California
Tulare,2021-05-19,1478,293398,954,164547,490,120415,34,8436,769,31037,702,135010,803,166047,California
Tulare,2021-05-20,1575,294973,1060,165607,428,120843,87,8523,758,31068,813,135823,844,166891,California
Tulare,2021-05-21,1946,296919,1421,167028,483,121326,42,8565,1066,31304,872,136695,1108,167999,California
Tulare,2021-05-22,1606,298525,1141,168169,442,121768,23,8588,603,30936,995,137690,627,168626,California
Tulare,2021-05-23,401,298926,318,168487,73,121841,10,8598,205,30957,194,137884,215,168841,California
Tulare,2021-05-24,910,299836,553,169040,297,122138,60,8658,407,30922,502,138386,467,169308,California
Tulare,2021-05-25,1180,301016,702,169742,446,122584,32,8690,502,30786,672,139058,536,169844,California
Tulare,2021-05-26,880,301896,485,170227,353,122937,42,8732,398,30749,478,139536,441,170285,California
Tulare,2021-05-27,1272,303168,806,171033,435,123372,31,8763,594,30701,675,140211,627,170912,California
Tulare,2021-05-28,1183,304351,659,171692,475,123847,49,8812,628,30829,549,140760,677,171589,California
Tulare,2021-05-29,875,305226,646,172338,209,124056,20,8832,502,30980,371,141131,522,172111,California
Tulare,2021-05-30,284,305510,205,172543,71,124127,8,8840,165,31036,117,141248,173,172284,California
Tulare,2021-05-31,131,305641,51,172594,69,124196,11,8851,55,31027,75,141323,66,172350,California
Tulare,2021-06-01,1055,306696,627,173221,397,124593,31,8882,405,30820,642,141965,435,172785,California
Tulare,2021-06-02,797,307493,468,173689,296,124889,33,8915,364,30795,421,142386,396,173181,California
Tulare,2021-06-03,1139,308632,810,174499,273,125162,56,8971,396,30523,723,143109,451,173632,California
Tulare,2021-06-04,1168,309800,831,175330,305,125467,32,9003,362,30115,802,143911,394,174026,California
Tulare,2021-06-05,880,310680,697,176027,168,125635,15,9018,299,29850,579,144490,314,174340,California
Tulare,2021-06-06,419,311099,356,176383,45,125680,18,9036,139,29728,279,144769,157,174497,California
Tulare,2021-06-07,873,311972,686,177069,153,125833,34,9070,281,29454,589,145358,315,174812,California
Tulare,2021-06-08,1045,313017,772,177841,213,126046,60,9130,352,29177,689,146047,412,175224,California
Tulare,2021-06-09,1078,314095,755,178596,287,126333,36,9166,343,28824,730,146777,377,175601,California
Tulare,2021-06-10,1096,315191,879,179475,181,126514,36,9202,385,28535,709,147486,420,176021,California
Tulare,2021-06-11,1231,316422,884,180359,312,126826,35,9237,382,28113,839,148325,417,176438,California
Tulare,2021-06-12,945,317367,732,181091,202,127028,11,9248,326,27837,613,148938,337,176775,California
Tulare,2021-06-13,310,317677,222,181313,85,127113,3,9251,92,27715,217,149155,95,176870,California
Tulare,2021-06-14,767,318444,562,181875,179,127292,26,9277,298,27575,464,149619,324,177194,California
Tulare,2021-06-15,983,319427,665,182540,288,127580,30,9307,435,27499,541,150160,465,177659,California
Tulare,2021-06-16,850,320277,577,183117,223,127803,50,9357,375,27453,472,150632,426,178085,California
Tulare,2021-06-17,1022,321299,752,183869,240,128043,30,9387,408,27280,611,151243,438,178523,California
Tulare,2021-06-18,985,322284,692,184561,257,128300,36,9423,373,27078,610,151853,408,178931,California
Tulare,2021-06-19,850,323134,679,185240,158,128458,13,9436,391,27027,455,152308,404,179335,California
Tulare,2021-06-20,249,323383,186,185426,55,128513,8,9444,74,26935,175,152483,83,179418,California
Tulare,2021-06-21,504,323887,327,185753,147,128660,30,9474,294,27050,209,152692,324,179742,California
Tulare,2021-06-22,742,324629,508,186261,210,128870,24,9498,339,27017,397,153089,364,180106,California
Tulare,2021-06-23,727,325356,495,186756,206,129076,26,9524,396,27112,327,153416,422,180528,California
Tulare,2021-06-24,419,325775,316,187072,63,129139,40,9564,190,27116,226,153642,230,180758,California
Tuolumne,2020-12-16,47,47,47,47,0,0,0,0,47,47,0,0,47,47,California
Tuolumne,2020-12-17,18,65,18,65,0,0,0,0,18,65,0,0,18,65,California
Tuolumne,2020-12-18,101,166,100,165,1,1,0,0,101,166,0,0,101,166,California
Tuolumne,2020-12-19,5,171,5,170,0,1,0,0,5,171,0,0,5,171,California
Tuolumne,2020-12-20,2,173,2,172,0,1,0,0,2,173,0,0,2,173,California
Tuolumne,2020-12-21,115,288,101,273,14,15,0,0,115,288,0,0,115,288,California
Tuolumne,2020-12-22,172,460,172,445,0,15,0,0,172,460,0,0,172,460,California
Tuolumne,2020-12-23,185,645,183,628,2,17,0,0,185,645,0,0,185,645,California
Tuolumne,2020-12-25,1,646,1,629,0,17,0,0,1,646,0,0,1,646,California
Tuolumne,2020-12-26,2,648,2,631,0,17,0,0,2,648,0,0,2,648,California
Tuolumne,2020-12-28,76,724,74,705,2,19,0,0,76,724,0,0,76,724,California
Tuolumne,2020-12-29,103,827,39,744,64,83,0,0,103,827,0,0,103,827,California
Tuolumne,2020-12-30,77,904,22,766,55,138,0,0,77,904,0,0,77,904,California
Tuolumne,2020-12-31,27,931,20,786,7,145,0,0,27,931,0,0,27,931,California
Tuolumne,2021-01-01,6,937,5,791,1,146,0,0,6,937,0,0,6,937,California
Tuolumne,2021-01-02,119,1056,116,907,3,149,0,0,119,1056,0,0,119,1056,California
Tuolumne,2021-01-03,2,1058,2,909,0,149,0,0,2,1058,0,0,2,1058,California
Tuolumne,2021-01-04,69,1127,26,935,43,192,0,0,69,1127,0,0,69,1127,California
Tuolumne,2021-01-05,93,1220,27,962,66,258,0,0,90,1215,3,3,91,1218,California
Tuolumne,2021-01-06,132,1352,72,1034,60,318,0,0,68,1219,64,67,68,1286,California
Tuolumne,2021-01-07,120,1472,64,1098,56,374,0,0,64,1227,56,123,64,1350,California
Tuolumne,2021-01-08,106,1578,82,1180,24,398,0,0,27,1178,78,201,29,1379,California
Tuolumne,2021-01-09,2,1580,0,1180,2,400,0,0,2,1180,0,201,2,1381,California
Tuolumne,2021-01-10,3,1583,1,1181,2,402,0,0,3,1183,0,201,3,1384,California
Tuolumne,2021-01-11,117,1700,91,1272,26,428,0,0,35,1136,82,283,35,1419,California
Tuolumne,2021-01-12,102,1802,86,1358,16,444,0,0,18,1070,84,367,18,1437,California
Tuolumne,2021-01-13,231,2033,125,1483,106,550,0,0,182,1204,49,416,183,1620,California
Tuolumne,2021-01-14,148,2181,108,1591,40,590,0,0,43,1143,104,520,43,1663,California
Tuolumne,2021-01-15,475,2656,73,1664,402,992,0,0,412,1494,62,582,413,2076,California
Tuolumne,2021-01-16,7,2663,3,1667,4,996,0,0,6,1499,1,583,6,2082,California
Tuolumne,2021-01-17,8,2671,4,1671,4,1000,0,0,8,1507,0,583,8,2090,California
Tuolumne,2021-01-18,46,2717,38,1709,8,1008,0,0,9,1480,36,619,9,2099,California
Tuolumne,2021-01-19,478,3195,74,1783,404,1412,0,0,432,1866,46,665,432,2531,California
Tuolumne,2021-01-20,76,3271,58,1841,18,1430,0,0,24,1839,51,716,24,2555,California
Tuolumne,2021-01-21,58,3329,24,1865,34,1464,0,0,42,1865,16,732,42,2597,California
Tuolumne,2021-01-22,170,3499,17,1882,153,1617,0,0,162,2019,8,740,162,2759,California
Tuolumne,2021-01-23,651,4150,132,2014,519,2136,0,0,543,2468,108,848,557,3316,California
Tuolumne,2021-01-24,523,4673,2,2016,521,2657,0,0,519,2986,4,852,522,3838,California
Tuolumne,2021-01-25,50,4723,28,2044,22,2679,0,0,24,2985,26,878,25,3863,California
Tuolumne,2021-01-26,81,4804,68,2112,13,2692,0,0,40,2985,41,919,41,3904,California
Tuolumne,2021-01-27,60,4864,4,2116,56,2748,0,0,8,2942,51,970,8,3912,California
Tuolumne,2021-01-28,26,4890,6,2122,20,2768,0,0,17,2950,9,979,17,3929,California
Tuolumne,2021-01-29,71,4961,6,2128,65,2833,0,0,32,2943,39,1018,32,3961,California
Tuolumne,2021-01-30,713,5674,554,2682,159,2992,0,0,689,3626,24,1042,707,4668,California
Tuolumne,2021-01-31,9,5683,2,2684,7,2999,0,0,6,3629,3,1045,6,4674,California
Tuolumne,2021-02-01,27,5710,7,2691,20,3019,0,0,24,3650,3,1048,24,4698,California
Tuolumne,2021-02-02,653,6363,46,2737,607,3626,0,0,640,4280,10,1058,640,5338,California
Tuolumne,2021-02-03,241,6604,112,2849,129,3755,0,0,88,4215,153,1211,88,5426,California
Tuolumne,2021-02-04,123,6727,13,2862,110,3865,0,0,61,4214,62,1273,61,5487,California
Tuolumne,2021-02-05,100,6827,13,2875,87,3952,0,0,36,4187,63,1336,36,5523,California
Tuolumne,2021-02-06,859,7686,583,3458,276,4228,0,0,849,5033,10,1346,856,6379,California
Tuolumne,2021-02-07,8,7694,4,3462,4,4232,0,0,4,5033,4,1350,4,6383,California
Tuolumne,2021-02-08,92,7786,41,3503,51,4283,0,0,68,5077,24,1374,68,6451,California
Tuolumne,2021-02-09,863,8649,51,3554,812,5095,0,0,821,5856,42,1416,821,7272,California
Tuolumne,2021-02-10,94,8743,18,3572,76,5171,0,0,31,5826,61,1477,31,7303,California
Tuolumne,2021-02-11,144,8887,68,3640,76,5247,0,0,78,5838,66,1543,78,7381,California
Tuolumne,2021-02-12,650,9537,20,3660,630,5877,0,0,209,5607,440,1983,209,7590,California
Tuolumne,2021-02-13,155,9692,44,3704,111,5988,0,0,121,5695,33,2016,121,7711,California
Tuolumne,2021-02-14,152,9844,14,3718,138,6126,0,0,151,5845,1,2017,151,7862,California
Tuolumne,2021-02-15,187,10031,11,3729,176,6302,0,0,178,6014,9,2026,178,8040,California
Tuolumne,2021-02-16,530,10561,18,3747,512,6814,0,0,122,5734,404,2430,124,8164,California
Tuolumne,2021-02-17,111,10672,63,3810,48,6862,0,0,61,5746,49,2479,61,8225,California
Tuolumne,2021-02-18,686,11358,27,3837,659,7521,0,0,634,6329,52,2531,635,8860,California
Tuolumne,2021-02-19,146,11504,25,3862,121,7642,0,0,46,6275,100,2631,46,8906,California
Tuolumne,2021-02-20,907,12411,342,4204,565,8207,0,0,383,6154,508,3139,387,9293,California
Tuolumne,2021-02-21,983,13394,42,4246,941,9148,0,0,471,6122,508,3647,476,9769,California
Tuolumne,2021-02-22,80,13474,58,4304,22,9170,0,0,46,6135,33,3680,46,9815,California
Tuolumne,2021-02-23,49,13523,25,4329,24,9194,0,0,25,6138,23,3703,26,9841,California
Tuolumne,2021-02-24,105,13628,58,4387,47,9241,0,0,41,6118,63,3766,43,9884,California
Tuolumne,2021-02-25,1054,14682,35,4422,1019,10260,0,0,1021,7107,33,3799,1022,10906,California
Tuolumne,2021-02-26,152,14834,12,4434,140,10400,0,0,126,7208,26,3825,127,11033,California
Tuolumne,2021-02-27,956,15790,580,5014,376,10776,0,0,245,6769,692,4517,253,11286,California
Tuolumne,2021-02-28,56,15846,4,5018,52,10828,0,0,52,6818,3,4520,52,11338,California
Tuolumne,2021-03-01,119,15965,22,5040,96,10924,1,1,78,6858,40,4560,80,11418,California
Tuolumne,2021-03-02,710,16675,75,5115,635,11559,0,1,107,6362,603,5163,107,11525,California
Tuolumne,2021-03-03,95,16770,21,5136,74,11633,0,1,66,6400,28,5191,66,11591,California
Tuolumne,2021-03-04,1175,17945,77,5213,1098,12731,0,1,1107,7440,67,5258,1107,12698,California
Tuolumne,2021-03-05,90,18035,9,5222,81,12812,0,1,51,7455,38,5296,53,12751,California
Tuolumne,2021-03-06,1061,19096,606,5828,453,13265,2,3,198,6811,855,6151,211,12962,California
Tuolumne,2021-03-07,42,19138,13,5841,14,13279,15,18,19,6822,23,6174,34,12996,California
Tuolumne,2021-03-08,197,19335,90,5931,100,13379,7,25,140,6911,57,6231,146,13142,California
Tuolumne,2021-03-09,872,20207,19,5950,842,14221,11,36,65,6188,801,7032,78,13220,California
Tuolumne,2021-03-10,95,20302,17,5967,67,14288,11,47,54,6212,41,7073,65,13285,California
Tuolumne,2021-03-11,1303,21605,43,6010,1254,15542,6,53,1257,7432,46,7119,1266,14551,California
Tuolumne,2021-03-12,312,21917,43,6053,254,15796,15,68,189,7518,121,7240,207,14758,California
Tuolumne,2021-03-13,117,22034,12,6065,105,15901,0,68,83,7569,33,7273,84,14842,California
Tuolumne,2021-03-14,148,22182,10,6075,129,16030,9,77,7,7449,141,7414,21,14863,California
Tuolumne,2021-03-15,302,22484,82,6157,217,16247,3,80,104,7367,197,7611,115,14978,California
Tuolumne,2021-03-16,809,23293,42,6199,756,17003,11,91,671,7914,137,7748,684,15662,California
Tuolumne,2021-03-17,156,23449,34,6233,109,17112,13,104,80,7931,75,7823,92,15754,California
Tuolumne,2021-03-18,952,24401,28,6261,911,18023,13,117,317,7631,630,8453,330,16084,California
Tuolumne,2021-03-19,138,24539,20,6281,88,18111,30,147,75,7674,62,8515,105,16189,California
Tuolumne,2021-03-20,93,24632,8,6289,75,18186,10,157,39,7669,53,8568,48,16237,California
Tuolumne,2021-03-21,837,25469,393,6682,434,18620,10,167,37,6936,785,9353,52,16289,California
Tuolumne,2021-03-22,163,25632,73,6755,71,18691,19,186,95,6985,67,9420,116,16405,California
Tuolumne,2021-03-23,715,26347,639,7394,62,18753,14,200,675,7634,39,9459,688,17093,California
Tuolumne,2021-03-24,112,26459,22,7416,72,18825,18,218,78,7697,33,9492,96,17189,California
Tuolumne,2021-03-25,1301,27760,24,7440,1274,20099,3,221,327,7056,971,10463,330,17519,California
Tuolumne,2021-03-26,280,28040,19,7459,237,20336,24,245,119,7051,149,10612,144,17663,California
Tuolumne,2021-03-27,581,28621,54,7513,527,20863,0,245,315,7107,262,10874,318,17981,California
Tuolumne,2021-03-28,48,28669,7,7520,41,20904,0,245,8,7077,39,10913,9,17990,California
Tuolumne,2021-03-29,206,28875,83,7603,123,21027,0,245,109,7092,94,11007,109,18099,California
Tuolumne,2021-03-30,168,29043,12,7615,155,21182,1,246,122,7171,45,11052,124,18223,California
Tuolumne,2021-03-31,97,29140,14,7629,81,21263,2,248,40,7158,55,11107,42,18265,California
Tuolumne,2021-04-01,1252,30392,30,7659,1222,22485,0,248,228,6366,1021,12128,229,18494,California
Tuolumne,2021-04-02,171,30563,12,7671,133,22618,26,274,93,6410,75,12203,119,18613,California
Tuolumne,2021-04-03,429,30992,35,7706,392,23010,2,276,239,6464,187,12390,241,18854,California
Tuolumne,2021-04-04,34,31026,4,7710,30,23040,0,276,21,6474,11,12401,21,18875,California
Tuolumne,2021-04-05,131,31157,19,7729,105,23145,7,283,58,6466,73,12474,65,18940,California
Tuolumne,2021-04-06,653,31810,517,8246,109,23254,27,310,517,6876,135,12609,545,19485,California
Tuolumne,2021-04-07,128,31938,37,8283,75,23329,16,326,50,6864,78,12687,66,19551,California
Tuolumne,2021-04-08,1451,33389,35,8318,1401,24730,15,341,250,5933,1196,13883,265,19816,California
Tuolumne,2021-04-09,278,33667,43,8361,190,24920,45,386,132,5968,146,14029,181,19997,California
Tuolumne,2021-04-10,55,33722,2,8363,33,24953,20,406,23,5980,31,14060,43,20040,California
Tuolumne,2021-04-11,18,33740,3,8366,12,24965,3,409,12,5989,6,14066,15,20055,California
Tuolumne,2021-04-12,172,33912,66,8432,101,25066,5,414,89,6006,78,14144,95,20150,California
Tuolumne,2021-04-13,789,34701,35,8467,754,25820,0,414,171,5568,609,14753,171,20321,California
Tuolumne,2021-04-14,158,34859,31,8498,127,25947,0,414,79,5573,75,14828,80,20401,California
Tuolumne,2021-04-15,346,35205,22,8520,324,26271,0,414,61,5356,278,15106,61,20462,California
Tuolumne,2021-04-16,260,35465,55,8575,205,26476,0,414,142,5391,109,15215,144,20606,California
Tuolumne,2021-04-17,44,35509,6,8581,38,26514,0,414,28,5403,16,15231,28,20634,California
Tuolumne,2021-04-18,11,35520,3,8584,8,26522,0,414,6,5405,5,15236,7,20641,California
Tuolumne,2021-04-19,177,35697,79,8663,98,26620,0,414,98,5428,77,15313,100,20741,California
Tuolumne,2021-04-20,712,36409,617,9280,95,26715,0,414,74,4872,630,15943,74,20815,California
Tuolumne,2021-04-21,121,36530,26,9306,95,26810,0,414,63,4883,52,15995,63,20878,California
Tuolumne,2021-04-22,711,37241,46,9352,665,27475,0,414,429,5040,273,16268,430,21308,California
Tuolumne,2021-04-23,179,37420,31,9383,148,27623,0,414,81,5030,92,16360,82,21390,California
Tuolumne,2021-04-24,79,37499,18,9401,61,27684,0,414,50,5051,29,16389,50,21440,California
Tuolumne,2021-04-25,26,37525,10,9411,16,27700,0,414,23,5071,3,16392,23,21463,California
Tuolumne,2021-04-26,158,37683,56,9467,102,27802,0,414,74,5063,83,16475,75,21538,California
Tuolumne,2021-04-27,143,37826,23,9490,113,27915,7,421,65,5061,75,16550,73,21611,California
Tuolumne,2021-04-28,119,37945,24,9514,84,27999,11,432,63,5080,55,16605,74,21685,California
Tuolumne,2021-04-29,282,38227,19,9533,255,28254,8,440,55,4920,223,16828,63,21748,California
Tuolumne,2021-04-30,372,38599,25,9558,335,28589,12,452,72,4711,296,17124,87,21835,California
Tuolumne,2021-05-01,25,38624,7,9565,13,28602,5,457,16,4723,9,17133,21,21856,California
Tuolumne,2021-05-02,26,38650,3,9568,21,28623,2,459,19,4737,7,17140,21,21877,California
Tuolumne,2021-05-03,111,38761,15,9583,91,28714,5,464,37,4707,72,17212,42,21919,California
Tuolumne,2021-05-04,708,39469,601,10184,102,28816,5,469,213,4431,493,17705,217,22136,California
Tuolumne,2021-05-05,110,39579,26,10210,78,28894,6,475,58,4446,49,17754,64,22200,California
Tuolumne,2021-05-06,290,39869,13,10223,261,29155,16,491,42,4260,243,17997,57,22257,California
Tuolumne,2021-05-07,329,40198,26,10249,295,29450,8,499,63,4073,265,18262,78,22335,California
Tuolumne,2021-05-08,51,40249,8,10257,39,29489,4,503,33,4092,18,18280,37,22372,California
Tuolumne,2021-05-09,17,40266,2,10259,13,29502,2,505,3,4083,14,18294,5,22377,California
Tuolumne,2021-05-10,112,40378,44,10303,63,29565,5,510,31,4040,80,18374,37,22414,California
Tuolumne,2021-05-11,202,40580,62,10365,128,29693,12,522,54,3959,147,18521,66,22480,California
Tuolumne,2021-05-12,132,40712,21,10386,107,29800,4,526,50,3931,82,18603,54,22534,California
Tuolumne,2021-05-13,116,40828,18,10404,90,29890,8,534,72,3966,44,18647,79,22613,California
Tuolumne,2021-05-14,206,41034,76,10480,119,30009,11,545,106,3985,98,18745,117,22730,California
Tuolumne,2021-05-15,58,41092,15,10495,36,30045,7,552,19,3973,39,18784,27,22757,California
Tuolumne,2021-05-16,27,41119,9,10504,16,30061,2,554,13,3974,14,18798,15,22772,California
Tuolumne,2021-05-17,110,41229,30,10534,77,30138,3,557,47,3962,63,18861,51,22823,California
Tuolumne,2021-05-18,181,41410,57,10591,77,30215,47,604,60,3949,120,18981,107,22930,California
Tuolumne,2021-05-19,118,41528,20,10611,65,30280,33,637,46,3957,71,19052,79,23009,California
Tuolumne,2021-05-20,411,41939,21,10632,383,30663,7,644,53,3661,356,19408,60,23069,California
Tuolumne,2021-05-21,200,42139,94,10726,101,30764,5,649,119,3706,79,19487,124,23193,California
Tuolumne,2021-05-22,58,42197,18,10744,34,30798,6,655,25,3704,32,19519,30,23223,California
Tuolumne,2021-05-23,27,42224,7,10751,19,30817,1,656,10,3698,17,19536,11,23234,California
Tuolumne,2021-05-24,137,42361,43,10794,88,30905,6,662,52,3672,84,19620,58,23292,California
Tuolumne,2021-05-25,296,42657,222,11016,68,30973,6,668,111,3605,184,19804,117,23409,California
Tuolumne,2021-05-26,89,42746,25,11041,63,31036,1,669,39,3595,50,19854,40,23449,California
Tuolumne,2021-05-27,75,42821,14,11055,59,31095,2,671,31,3585,43,19897,33,23482,California
Tuolumne,2021-05-28,111,42932,52,11107,58,31153,1,672,64,3605,45,19942,65,23547,California
Tuolumne,2021-05-29,38,42970,7,11114,25,31178,6,678,17,3607,21,19963,23,23570,California
Tuolumne,2021-05-30,18,42988,1,11115,14,31192,3,681,4,3600,14,19977,7,23577,California
Tuolumne,2021-05-31,10,42998,2,11117,7,31199,1,682,2,3595,8,19985,3,23580,California
Tuolumne,2021-06-01,77,43075,21,11138,52,31251,4,686,24,3571,52,20037,28,23608,California
Tuolumne,2021-06-02,73,43148,8,11146,57,31308,8,694,24,3554,49,20086,32,23640,California
Tuolumne,2021-06-03,75,43223,25,11171,35,31343,15,709,23,3542,50,20136,38,23678,California
Tuolumne,2021-06-04,131,43354,62,11233,66,31409,3,712,38,3492,91,20227,41,23719,California
Tuolumne,2021-06-05,41,43395,11,11244,28,31437,2,714,16,3485,25,20252,18,23737,California
Tuolumne,2021-06-06,19,43414,5,11249,7,31444,7,721,5,3483,14,20266,12,23749,California
Tuolumne,2021-06-07,59,43473,14,11263,37,31481,8,729,26,3484,33,20299,34,23783,California
Tuolumne,2021-06-08,74,43547,22,11285,51,31532,1,730,28,3469,44,20343,29,23812,California
Tuolumne,2021-06-09,87,43634,45,11330,32,31564,10,740,40,3473,46,20389,50,23862,California
Tuolumne,2021-06-10,97,43731,14,11344,76,31640,7,747,26,3435,71,20460,33,23895,California
Tuolumne,2021-06-11,101,43832,47,11391,51,31691,3,750,25,3388,75,20535,28,23923,California
Tuolumne,2021-06-12,62,43894,20,11411,26,31717,16,766,18,3380,42,20577,34,23957,California
Tuolumne,2021-06-13,17,43911,2,11413,10,31727,5,771,3,3374,14,20591,8,23965,California
Tuolumne,2021-06-14,100,44011,33,11446,63,31790,4,775,52,3382,48,20639,56,24021,California
Tuolumne,2021-06-15,130,44141,82,11528,39,31829,9,784,21,3305,107,20746,30,24051,California
Tuolumne,2021-06-16,96,44237,47,11575,46,31875,3,787,54,3321,41,20787,57,24108,California
Tuolumne,2021-06-17,44,44281,10,11585,33,31908,1,788,17,3312,27,20814,18,24126,California
Tuolumne,2021-06-18,170,44451,95,11680,61,31969,14,802,60,3276,109,20923,73,24199,California
Tuolumne,2021-06-19,26,44477,9,11689,14,31983,3,805,10,3273,16,20939,13,24212,California
Tuolumne,2021-06-20,13,44490,2,11691,11,31994,0,805,10,3280,3,20942,10,24222,California
Tuolumne,2021-06-21,40,44530,4,11695,35,32029,1,806,21,3283,19,20961,22,24244,California
Tuolumne,2021-06-22,42,44572,9,11704,33,32062,0,806,20,3282,21,20982,20,24264,California
Tuolumne,2021-06-23,48,44620,4,11708,26,32088,18,824,23,3298,25,21007,41,24305,California
Tuolumne,2021-06-24,16,44636,2,11710,11,32099,3,827,7,3300,9,21016,11,24316,California
Ventura,2020-12-15,5,5,5,5,0,0,0,0,5,5,0,0,5,5,California
Ventura,2020-12-16,75,80,75,80,0,0,0,0,75,80,0,0,75,80,California
Ventura,2020-12-17,314,394,314,394,0,0,0,0,314,394,0,0,314,394,California
Ventura,2020-12-18,1598,1992,1598,1992,0,0,0,0,1598,1992,0,0,1598,1992,California
Ventura,2020-12-19,987,2979,986,2978,1,1,0,0,987,2979,0,0,987,2979,California
Ventura,2020-12-20,459,3438,459,3437,0,1,0,0,459,3438,0,0,459,3438,California
Ventura,2020-12-21,1518,4956,1518,4955,0,1,0,0,1518,4956,0,0,1518,4956,California
Ventura,2020-12-22,1160,6116,1154,6109,6,7,0,0,1160,6116,0,0,1160,6116,California
Ventura,2020-12-23,1087,7203,1037,7146,50,57,0,0,1087,7203,0,0,1087,7203,California
Ventura,2020-12-24,478,7681,379,7525,99,156,0,0,478,7681,0,0,478,7681,California
Ventura,2020-12-25,12,7693,7,7532,5,161,0,0,12,7693,0,0,12,7693,California
Ventura,2020-12-26,112,7805,91,7623,21,182,0,0,112,7805,0,0,112,7805,California
Ventura,2020-12-27,59,7864,27,7650,32,214,0,0,59,7864,0,0,59,7864,California
Ventura,2020-12-28,1092,8956,949,8599,143,357,0,0,1092,8956,0,0,1092,8956,California
Ventura,2020-12-29,1185,10141,775,9374,410,767,0,0,1185,10141,0,0,1185,10141,California
Ventura,2020-12-30,2000,12141,1532,10906,468,1235,0,0,2000,12141,0,0,2000,12141,California
Ventura,2020-12-31,486,12627,164,11070,322,1557,0,0,481,12617,5,5,481,12622,California
Ventura,2021-01-01,38,12665,15,11085,23,1580,0,0,38,12655,0,5,38,12660,California
Ventura,2021-01-02,177,12842,81,11166,96,1676,0,0,177,12832,0,5,177,12837,California
Ventura,2021-01-03,19,12861,8,11174,11,1687,0,0,19,12851,0,5,19,12856,California
Ventura,2021-01-04,1030,13891,493,11667,537,2224,0,0,1028,13879,0,5,1028,13884,California
Ventura,2021-01-05,1380,15271,783,12450,597,2821,0,0,1268,15038,109,114,1268,15152,California
Ventura,2021-01-06,2071,17342,1187,13637,884,3705,0,0,1570,16118,492,606,1572,16724,California
Ventura,2021-01-07,2082,19424,1332,14969,750,4455,0,0,1039,16120,1038,1644,1040,17764,California
Ventura,2021-01-08,2199,21623,1475,16444,724,5179,0,0,904,15733,1293,2937,906,18670,California
Ventura,2021-01-09,724,22347,503,16947,221,5400,0,0,318,15645,406,3343,318,18988,California
Ventura,2021-01-10,344,22691,327,17274,17,5417,0,0,129,15559,215,3558,129,19117,California
Ventura,2021-01-11,2457,25148,1492,18766,965,6382,0,0,1503,16111,954,4512,1506,20623,California
Ventura,2021-01-12,3057,28205,1617,20383,1440,7822,0,0,1936,16926,1121,5633,1936,22559,California
Ventura,2021-01-13,2944,31149,1433,21816,1511,9333,0,0,2034,18054,907,6540,2035,24594,California
Ventura,2021-01-14,2789,33938,1106,22922,1683,11016,0,0,2326,19919,462,7002,2327,26921,California
Ventura,2021-01-15,2894,36832,967,23889,1927,12943,0,0,2680,22386,214,7216,2681,29602,California
Ventura,2021-01-16,491,37323,188,24077,303,13246,0,0,411,22717,80,7296,411,30013,California
Ventura,2021-01-17,267,37590,139,24216,128,13374,0,0,260,22971,6,7302,260,30273,California
Ventura,2021-01-18,2218,39808,1666,25882,552,13926,0,0,1668,24091,549,7851,1669,31942,California
Ventura,2021-01-19,3063,42871,2134,28016,929,14855,0,0,2154,25339,909,8760,2157,34099,California
Ventura,2021-01-20,4139,47010,3173,31189,966,15821,0,0,3072,27348,1064,9824,3073,37172,California
Ventura,2021-01-21,3883,50893,2702,33891,1181,17002,0,0,3199,29875,676,10500,3203,40375,California
Ventura,2021-01-22,3642,54535,2505,36396,1137,18139,0,0,3475,33183,167,10667,3475,43850,California
Ventura,2021-01-23,1191,55726,651,37047,540,18679,0,0,1090,34175,100,10767,1092,44942,California
Ventura,2021-01-24,455,56181,135,37182,320,18999,0,0,442,34604,13,10780,442,45384,California
Ventura,2021-01-25,3173,59354,2036,39218,1137,20136,0,0,2612,36657,560,11340,2613,47997,California
Ventura,2021-01-26,3736,63090,2213,41431,1523,21659,0,0,2725,38376,1007,12347,2726,50723,California
Ventura,2021-01-27,3508,66598,1570,43001,1938,23597,0,0,2755,40382,749,13096,2755,53478,California
Ventura,2021-01-28,3910,70508,2007,45008,1903,25500,0,0,3284,43058,610,13706,3286,56764,California
Ventura,2021-01-29,4307,74815,2542,47550,1765,27265,0,0,3797,46359,496,14202,3797,60561,California
Ventura,2021-01-30,3053,77868,1965,49515,1088,28353,0,0,2880,49071,169,14371,2881,63442,California
Ventura,2021-01-31,839,78707,447,49962,392,28745,0,0,751,49735,87,14458,751,64193,California
Ventura,2021-02-01,3996,82703,2124,52086,1872,30617,0,0,3211,52171,777,15235,3213,67406,California
Ventura,2021-02-02,4446,87149,2385,54471,2061,32678,0,0,3419,54569,1023,16258,3421,70827,California
Ventura,2021-02-03,4481,91630,2092,56563,2389,35067,0,0,3455,57004,1021,17279,3456,74283,California
Ventura,2021-02-04,4823,96453,2309,58872,2514,37581,0,0,3543,59278,1272,18551,3546,77829,California
Ventura,2021-02-05,4918,101371,2388,61260,2530,40111,0,0,3376,61130,1528,20079,3380,81209,California
Ventura,2021-02-06,2863,104234,1523,62783,1340,41451,0,0,2456,63180,406,20485,2456,83665,California
Ventura,2021-02-07,745,104979,245,63028,500,41951,0,0,620,63676,125,20610,621,84286,California
Ventura,2021-02-08,3525,108504,1634,64662,1891,43842,0,0,2438,65032,1082,21692,2438,86724,California
Ventura,2021-02-09,4747,113251,1977,66639,2770,46612,0,0,2481,65252,2264,23956,2484,89208,California
Ventura,2021-02-10,4758,118009,2248,68887,2510,49122,0,0,2400,65309,2344,26300,2401,91609,California
Ventura,2021-02-11,4723,122732,1883,70770,2840,51962,0,0,2480,65557,2235,28535,2483,94092,California
Ventura,2021-02-12,6377,129109,2687,73457,3690,55652,0,0,3262,65711,3108,31643,3262,97354,California
Ventura,2021-02-13,3326,132435,1842,75299,1484,57136,0,0,1854,66099,1468,33111,1856,99210,California
Ventura,2021-02-14,1230,133665,126,75425,1104,58240,0,0,1011,66894,218,33329,1013,100223,California
Ventura,2021-02-15,4028,137693,1825,77250,2203,60443,0,0,2127,67125,1898,35227,2129,102352,California
Ventura,2021-02-16,5591,143284,2736,79986,2855,63298,0,0,3029,67603,2552,37779,3030,105382,California
Ventura,2021-02-17,5325,148609,1930,81916,3395,66693,0,0,3339,68966,1976,39755,3339,108721,California
Ventura,2021-02-18,5809,154418,1843,83759,3966,70659,0,0,3650,70472,2144,41899,3650,112371,California
Ventura,2021-02-19,6485,160903,3777,87536,2708,73367,0,0,3007,70012,3472,45371,3012,115383,California
Ventura,2021-02-20,4952,165855,3178,90714,1774,75141,0,0,2771,70616,2171,47542,2775,118158,California
Ventura,2021-02-21,1116,166971,823,91537,293,75434,0,0,457,70419,654,48196,457,118615,California
Ventura,2021-02-22,5433,172404,2426,93963,3007,78441,0,0,3473,71943,1950,50146,3474,122089,California
Ventura,2021-02-23,6000,178404,2982,96945,3018,81459,0,0,3427,72821,2553,52699,3431,125520,California
Ventura,2021-02-24,7096,185500,2619,99564,4477,85936,0,0,4258,74261,2821,55520,4261,129781,California
Ventura,2021-02-25,7626,193126,2580,102144,5046,90982,0,0,4586,75825,3027,58547,4591,134372,California
Ventura,2021-02-26,9474,202600,2782,104926,6692,97674,0,0,6169,78717,3280,61827,6172,140544,California
Ventura,2021-02-27,10625,213225,5299,110225,5326,103000,0,0,7971,84062,2636,64463,7981,148525,California
Ventura,2021-02-28,2580,215805,1647,111872,932,103932,1,1,2100,85691,472,64935,2101,150626,California
Ventura,2021-03-01,7172,222977,2855,114727,4314,108246,3,4,4760,88075,2392,67327,4776,155402,California
Ventura,2021-03-02,7744,230721,4050,118777,3692,111938,2,6,5425,91192,2309,69636,5426,160828,California
Ventura,2021-03-03,8721,239442,3935,122712,4783,116721,3,9,6137,94772,2564,72200,6144,166972,California
Ventura,2021-03-04,8318,247760,3885,126597,4433,121154,0,9,5604,97684,2698,74898,5610,172582,California
Ventura,2021-03-05,10107,257867,4817,131414,5279,126433,11,20,7190,101997,2901,77799,7214,179796,California
Ventura,2021-03-06,7806,265673,4407,135821,3245,129678,154,174,5816,105989,1982,79781,5974,185770,California
Ventura,2021-03-07,1668,267341,619,136440,949,130627,100,274,1248,106920,420,80201,1351,187121,California
Ventura,2021-03-08,6864,274205,3447,139887,3261,133888,156,430,4746,109717,2109,82310,4906,192027,California
Ventura,2021-03-09,6898,281103,3035,142922,3663,137551,200,630,4000,111038,2884,85194,4205,196232,California
Ventura,2021-03-10,7054,288157,3021,145943,3791,141342,242,872,4703,113646,2337,87531,4945,201177,California
Ventura,2021-03-11,6583,294740,2906,148849,3360,144702,317,1189,3586,114568,2980,90511,3902,205079,California
Ventura,2021-03-12,8762,303502,3061,151910,4857,149559,844,2033,4286,115239,4457,94968,5128,210207,California
Ventura,2021-03-13,7318,310820,2512,154422,3960,153519,846,2879,4354,117482,2955,97923,5198,215405,California
Ventura,2021-03-14,2146,312966,490,154912,1159,154678,497,3376,724,117284,1420,99343,1222,216627,California
Ventura,2021-03-15,7131,320097,2059,156971,3724,158402,1348,4724,3169,117861,3935,103278,4512,221139,California
Ventura,2021-03-16,8192,328289,2469,159440,4609,163011,1114,5838,4241,119276,3938,107216,5353,226492,California
Ventura,2021-03-17,7743,336032,2805,162245,4589,167600,349,6187,4714,121335,3006,110222,5065,231557,California
Ventura,2021-03-18,7600,343632,3300,165545,4147,171747,153,6340,5002,123905,2584,112806,5154,236711,California
Ventura,2021-03-19,8697,352329,3823,169368,4761,176508,113,6453,5286,125917,3385,116191,5397,242108,California
Ventura,2021-03-20,8918,361247,5956,175324,2938,179446,24,6477,4642,126332,4252,120443,4667,246775,California
Ventura,2021-03-21,2813,364060,1532,176856,909,180355,372,6849,1324,126549,1475,121918,1692,248467,California
Ventura,2021-03-22,7445,371505,3714,180570,3628,183983,103,6952,4910,129049,2515,124433,5015,253482,California
Ventura,2021-03-23,8297,379802,3957,184527,4266,188249,74,7026,4668,130189,3600,128033,4740,258222,California
Ventura,2021-03-24,8967,388769,3436,187963,5453,193702,78,7104,4491,130318,4443,132476,4572,262794,California
Ventura,2021-03-25,8879,397648,3933,191896,4842,198544,104,7208,4500,130563,4358,136834,4603,267397,California
Ventura,2021-03-26,9993,407641,3384,195280,5955,204499,654,7862,4029,129312,5932,142766,4681,272078,California
Ventura,2021-03-27,8800,416441,3950,199230,4807,209306,43,7905,2436,125467,6325,149091,2480,274558,California
Ventura,2021-03-28,2548,418989,1431,200661,1108,210414,9,7914,1377,125688,1165,150256,1386,275944,California
Ventura,2021-03-29,8669,427658,4331,204992,4292,214706,46,7960,4289,125675,4348,154604,4335,280279,California
Ventura,2021-03-30,9042,436700,4482,209474,4428,219134,132,8092,4409,125599,4617,159221,4541,284820,California
Ventura,2021-03-31,10870,447570,4879,214353,5362,224496,629,8721,4708,124799,6134,165355,5334,290154,California
Ventura,2021-04-01,10950,458520,5312,219665,4749,229245,889,9610,5529,125837,5375,170730,6413,296567,California
Ventura,2021-04-02,11872,470392,4667,224332,5860,235105,1345,10955,5697,126739,6142,176872,7044,303611,California
Ventura,2021-04-03,8161,478553,4038,228370,2944,238049,1179,12134,3443,126648,4706,181578,4615,308226,California
Ventura,2021-04-04,1720,480273,962,229332,623,238672,135,12269,1147,127364,566,182144,1282,309508,California
Ventura,2021-04-05,9474,489747,4878,234210,3475,242147,1121,13390,4836,128695,4623,186767,5954,315462,California
Ventura,2021-04-06,11025,500772,5587,239797,3940,246087,1498,14888,5669,130531,5328,192095,7164,322626,California
Ventura,2021-04-07,11534,512306,5421,245218,4599,250686,1514,16402,5279,131079,6237,198332,6785,329411,California
Ventura,2021-04-08,10512,522818,5303,250521,4222,254908,987,17389,5248,132066,5239,203571,6226,335637,California
Ventura,2021-04-09,11401,534219,4401,254922,5269,260177,1731,19120,4995,132402,6381,209952,6717,342354,California
Ventura,2021-04-10,9887,544106,4178,259100,3536,263713,2173,21293,3069,130840,6799,216751,5237,347591,California
Ventura,2021-04-11,2453,546559,862,259962,1015,264728,576,21869,687,130346,1755,218506,1261,348852,California
Ventura,2021-04-12,9127,555686,4538,264500,3753,268481,836,22705,3826,129721,5281,223787,4656,353508,California
Ventura,2021-04-13,8973,564659,4575,269075,4392,272873,6,22711,3797,128387,5137,228924,3803,357311,California
Ventura,2021-04-14,8907,573566,4151,273226,4741,277614,15,22726,3419,126378,5448,234372,3439,360750,California
Ventura,2021-04-15,9538,583104,4614,277840,4897,282511,27,22753,4116,125138,5384,239756,4144,364894,California
Ventura,2021-04-16,10361,593465,4578,282418,5781,288292,2,22755,4891,124591,5444,245200,4897,369791,California
Ventura,2021-04-17,9059,602524,5407,287825,3638,291930,14,22769,5281,126126,3760,248960,5295,375086,California
Ventura,2021-04-18,2166,604690,1030,288855,1136,293066,0,22769,925,125819,1233,250193,926,376012,California
Ventura,2021-04-19,8160,612850,4865,293720,3292,296358,3,22772,4701,127090,3434,253627,4705,380717,California
Ventura,2021-04-20,9479,622329,4995,298715,4479,300837,5,22777,4468,126578,4985,258612,4473,385190,California
Ventura,2021-04-21,9059,631388,4644,303359,4410,305247,5,22782,4346,126235,4695,263307,4352,389542,California
Ventura,2021-04-22,10131,641519,5512,308871,4619,309866,0,22782,4504,125134,5607,268914,4506,394048,California
Ventura,2021-04-23,10940,652459,5410,314281,5529,315395,1,22783,5440,125105,5471,274385,5442,399490,California
Ventura,2021-04-24,10575,663034,5913,320194,4662,320057,0,22783,6212,126973,4345,278730,6213,405703,California
Ventura,2021-04-25,2491,665525,1720,321914,771,320828,0,22783,1160,126806,1327,280057,1160,406863,California
Ventura,2021-04-26,7964,673489,4548,326462,3349,324177,67,22850,3312,125558,4622,284679,3374,410237,California
Ventura,2021-04-27,9164,682653,5091,331553,3845,328022,228,23078,3444,123528,5701,290380,3671,413908,California
Ventura,2021-04-28,8380,691033,4837,336390,3223,331245,320,23398,3277,122049,5076,295456,3597,417505,California
Ventura,2021-04-29,7888,698921,4222,340612,3402,334647,264,23662,2793,120038,5067,300523,3056,420561,California
Ventura,2021-04-30,9476,708397,5452,346064,3750,338397,274,23936,3894,118649,5546,306069,4157,424718,California
Ventura,2021-05-01,5154,713551,3643,349707,1405,339802,106,24042,2043,117713,3084,309153,2148,426866,California
Ventura,2021-05-02,2136,715687,1431,351138,614,340416,91,24133,1034,117742,1097,310250,1126,427992,California
Ventura,2021-05-03,6323,722010,3889,355027,2153,342569,281,24414,1983,115686,4319,314569,2263,430255,California
Ventura,2021-05-04,6397,728407,3320,358347,2779,345348,298,24712,2312,114229,4070,318639,2613,432868,California
Ventura,2021-05-05,5442,733849,3032,361379,2150,347498,260,24972,1945,112958,3469,322108,2198,435066,California
Ventura,2021-05-06,6237,740086,3214,364593,2754,350252,269,25241,1999,111009,4217,326325,2268,437334,California
Ventura,2021-05-07,6880,746966,3431,368024,3175,353427,274,25515,2348,109127,4503,330828,2621,439955,California
Ventura,2021-05-08,5371,752337,4169,372193,1044,354471,158,25673,1217,106360,4140,334968,1373,441328,California
Ventura,2021-05-09,1039,753376,733,372926,260,354731,46,25719,389,106151,643,335611,434,441762,California
Ventura,2021-05-10,6152,759528,4098,377024,1844,356575,210,25929,1393,103008,4745,340356,1602,443364,California
Ventura,2021-05-11,5329,764857,3278,380302,1827,358402,224,26153,1533,100980,3784,344140,1756,445120,California
Ventura,2021-05-12,4988,769845,2909,383211,1859,360261,220,26373,1540,99308,3432,347572,1760,446880,California
Ventura,2021-05-13,6354,776199,3846,387057,2301,362562,207,26580,2295,97771,4043,351615,2506,449386,California
Ventura,2021-05-14,7501,783700,4656,391713,2637,365199,208,26788,2883,96259,4600,356215,3088,452474,California
Ventura,2021-05-15,6752,790452,5390,397103,1274,366473,88,26876,2805,95231,3921,360136,2893,455367,California
Ventura,2021-05-16,2170,792622,1679,398782,439,366912,52,26928,1021,95160,1144,361280,1073,456440,California
Ventura,2021-05-17,5893,798515,3559,402341,2120,369032,214,27142,2429,94356,3446,364726,2642,459082,California
Ventura,2021-05-18,5421,803936,3168,405509,2073,371105,180,27322,2156,93443,3247,367973,2334,461416,California
Ventura,2021-05-19,5840,809776,3525,409034,2104,373209,211,27533,2395,92627,3418,371391,2602,464018,California
Ventura,2021-05-20,5470,815246,3026,412060,2285,375494,159,27692,2156,91655,3283,374674,2311,466329,California
Ventura,2021-05-21,7929,823175,4467,416527,3286,378780,176,27868,2592,89120,5305,379979,2770,469099,California
Ventura,2021-05-22,5650,828825,2890,419417,2685,381465,75,27943,1769,87093,3871,383850,1844,470943,California
Ventura,2021-05-23,1947,830772,1483,420900,392,381857,72,28015,729,86686,1208,385058,801,471744,California
Ventura,2021-05-24,4543,835315,2465,423365,1910,383767,168,28183,1452,85231,3072,388130,1617,473361,California
Ventura,2021-05-25,4296,839611,2229,425594,1915,385682,152,28335,1418,83947,2860,390990,1576,474937,California
Ventura,2021-05-26,4281,843892,2282,427876,1835,387517,164,28499,1648,83156,2613,393603,1822,476759,California
Ventura,2021-05-27,3870,847762,1908,429784,1834,389351,128,28627,1380,82185,2478,396081,1507,478266,California
Ventura,2021-05-28,4566,852328,2480,432264,1892,391243,194,28821,1986,81800,2562,398643,2177,480443,California
Ventura,2021-05-29,2157,854485,1349,433613,741,391984,67,28888,1054,81831,1092,399735,1123,481566,California
Ventura,2021-05-30,911,855396,583,434196,275,392259,53,28941,370,81717,538,400273,424,481990,California
Ventura,2021-05-31,258,855654,138,434334,111,392370,9,28950,61,81590,197,400470,70,482060,California
Ventura,2021-06-01,4000,859654,2275,436609,1559,393929,166,29116,1301,80379,2679,403149,1468,483528,California
Ventura,2021-06-02,2964,862618,1631,438240,1197,395126,136,29252,1024,79613,1926,405075,1160,484688,California
Ventura,2021-06-03,3241,865859,2004,440244,1082,396208,155,29407,883,78305,2347,407422,1039,485727,California
Ventura,2021-06-04,4593,870452,3022,443266,1410,397618,161,29568,1420,76726,3159,410581,1580,487307,California
Ventura,2021-06-05,3810,874262,3181,446447,566,398184,63,29631,1154,75299,2644,413225,1217,488524,California
Ventura,2021-06-06,1249,875511,1067,447514,137,398321,45,29676,293,74690,946,414171,337,488861,California
Ventura,2021-06-07,3169,878680,2355,449869,704,399025,110,29786,949,73543,2205,416376,1058,489919,California
Ventura,2021-06-08,3020,881700,1993,451862,894,399919,133,29919,880,72427,2129,418505,1013,490932,California
Ventura,2021-06-09,2943,884643,2050,453912,787,400706,106,30025,762,71125,2169,420674,867,491799,California
Ventura,2021-06-10,3027,887670,2116,456028,809,401515,102,30127,811,69832,2204,422878,911,492710,California
Ventura,2021-06-11,3467,891137,2380,458408,950,402465,137,30264,983,68475,2474,425352,1117,493827,California
Ventura,2021-06-12,2160,893297,1695,460103,419,402884,46,30310,515,67400,1636,426988,561,494388,California
Ventura,2021-06-13,1013,894310,776,460879,173,403057,64,30374,239,66932,773,427761,305,494693,California
Ventura,2021-06-14,2647,896957,1809,462688,709,403766,129,30503,818,66061,1817,429578,946,495639,California
Ventura,2021-06-15,2436,899393,1571,464259,755,404521,110,30613,849,65444,1574,431152,957,496596,California
Ventura,2021-06-16,2484,901877,1824,466083,554,405075,106,30719,827,64738,1638,432790,932,497528,California
Ventura,2021-06-17,2216,904093,1557,467640,563,405638,96,30815,821,64268,1387,434177,917,498445,California
Ventura,2021-06-18,2960,907053,2087,469727,750,406388,123,30938,975,63395,1970,436147,1097,499542,California
Ventura,2021-06-19,1372,908425,1064,470791,283,406671,25,30963,523,63104,839,436986,548,500090,California
Ventura,2021-06-20,693,909118,538,471329,114,406785,41,31004,262,62979,428,437414,303,500393,California
Ventura,2021-06-21,1686,910804,1082,472411,487,407272,117,31121,838,63095,838,438252,954,501347,California
Ventura,2021-06-22,1955,912759,1373,473784,485,407757,97,31218,730,62708,1213,439465,826,502173,California
Ventura,2021-06-23,1741,914500,1200,474984,438,408195,103,31321,723,62524,1009,440474,825,502998,California
Ventura,2021-06-24,1138,915638,714,475698,325,408520,99,31420,406,62305,724,441198,505,503503,California
Yolo,2020-12-15,39,39,39,39,0,0,0,0,39,39,0,0,39,39,California
Yolo,2020-12-16,79,118,79,118,0,0,0,0,79,118,0,0,79,118,California
Yolo,2020-12-17,104,222,104,222,0,0,0,0,104,222,0,0,104,222,California
Yolo,2020-12-18,234,456,234,456,0,0,0,0,234,456,0,0,234,456,California
Yolo,2020-12-19,88,544,88,544,0,0,0,0,88,544,0,0,88,544,California
Yolo,2020-12-20,101,645,101,645,0,0,0,0,101,645,0,0,101,645,California
Yolo,2020-12-21,255,900,255,900,0,0,0,0,255,900,0,0,255,900,California
Yolo,2020-12-22,385,1285,384,1284,1,1,0,0,385,1285,0,0,385,1285,California
Yolo,2020-12-23,437,1722,417,1701,20,21,0,0,437,1722,0,0,437,1722,California
Yolo,2020-12-24,153,1875,97,1798,56,77,0,0,153,1875,0,0,153,1875,California
Yolo,2020-12-25,1,1876,1,1799,0,77,0,0,1,1876,0,0,1,1876,California
Yolo,2020-12-26,75,1951,25,1824,50,127,0,0,75,1951,0,0,75,1951,California
Yolo,2020-12-27,46,1997,19,1843,27,154,0,0,46,1997,0,0,46,1997,California
Yolo,2020-12-28,352,2349,181,2024,171,325,0,0,352,2349,0,0,352,2349,California
Yolo,2020-12-29,494,2843,269,2293,225,550,0,0,494,2843,0,0,494,2843,California
Yolo,2020-12-30,626,3469,256,2549,370,920,0,0,626,3469,0,0,626,3469,California
Yolo,2020-12-31,184,3653,94,2643,90,1010,0,0,184,3653,0,0,184,3653,California
Yolo,2021-01-01,58,3711,56,2699,2,1012,0,0,58,3711,0,0,58,3711,California
Yolo,2021-01-02,70,3781,27,2726,43,1055,0,0,70,3781,0,0,70,3781,California
Yolo,2021-01-03,44,3825,19,2745,25,1080,0,0,44,3825,0,0,44,3825,California
Yolo,2021-01-04,193,4018,41,2786,152,1232,0,0,193,4018,0,0,193,4018,California
Yolo,2021-01-05,617,4635,235,3021,382,1614,0,0,555,4511,62,62,555,4573,California
Yolo,2021-01-06,486,5121,185,3206,301,1915,0,0,347,4719,139,201,347,4920,California
Yolo,2021-01-07,713,5834,236,3442,477,2392,0,0,519,5045,193,394,519,5439,California
Yolo,2021-01-08,634,6468,313,3755,321,2713,0,0,408,5228,225,619,408,5847,California
Yolo,2021-01-09,411,6879,71,3826,340,3053,0,0,365,5547,46,665,365,6212,California
Yolo,2021-01-10,394,7273,80,3906,314,3367,0,0,324,5801,70,735,324,6536,California
Yolo,2021-01-11,564,7837,328,4234,236,3603,0,0,290,5819,274,1009,292,6828,California
Yolo,2021-01-12,567,8404,445,4679,122,3725,0,0,196,5645,371,1380,197,7025,California
Yolo,2021-01-13,775,9179,313,4992,462,4187,0,0,522,5914,253,1633,522,7547,California
Yolo,2021-01-14,381,9560,183,5175,198,4385,0,0,277,6087,104,1737,277,7824,California
Yolo,2021-01-15,632,10192,323,5498,309,4694,0,0,551,6558,81,1818,552,8376,California
Yolo,2021-01-16,745,10937,96,5594,649,5343,0,0,714,7241,31,1849,714,9090,California
Yolo,2021-01-17,192,11129,121,5715,71,5414,0,0,185,7419,7,1856,185,9275,California
Yolo,2021-01-18,484,11613,305,6020,179,5593,0,0,379,7693,105,1961,379,9654,California
Yolo,2021-01-19,559,12172,372,6392,187,5780,0,0,382,7898,177,2138,382,10036,California
Yolo,2021-01-20,663,12835,383,6775,280,6060,0,0,475,8186,187,2325,475,10511,California
Yolo,2021-01-21,649,13484,384,7159,265,6325,0,0,460,8457,189,2514,460,10971,California
Yolo,2021-01-22,756,14240,254,7413,502,6827,0,0,639,8981,115,2629,639,11610,California
Yolo,2021-01-23,621,14861,125,7538,496,7323,0,0,572,9504,49,2678,572,12182,California
Yolo,2021-01-24,208,15069,123,7661,85,7408,0,0,167,9630,41,2719,167,12349,California
Yolo,2021-01-25,737,15806,159,7820,578,7986,0,0,513,9919,224,2943,513,12862,California
Yolo,2021-01-26,829,16635,326,8146,503,8489,0,0,435,9960,394,3337,435,13297,California
Yolo,2021-01-27,683,17318,230,8376,453,8942,0,0,399,10075,284,3621,399,13696,California
Yolo,2021-01-28,1053,18371,567,8943,486,9428,0,0,927,10877,125,3746,927,14623,California
Yolo,2021-01-29,918,19289,267,9210,651,10079,0,0,833,11626,84,3830,833,15456,California
Yolo,2021-01-30,1527,20816,923,10133,604,10683,0,0,1407,12919,114,3944,1407,16863,California
Yolo,2021-01-31,240,21056,202,10335,38,10721,0,0,211,13102,28,3972,211,17074,California
Yolo,2021-02-01,858,21914,367,10702,491,11212,0,0,621,13489,234,4206,621,17695,California
Yolo,2021-02-02,1353,23267,755,11457,598,11810,0,0,934,14005,419,4625,935,18630,California
Yolo,2021-02-03,1531,24798,399,11856,1132,12942,0,0,1188,14853,340,4965,1188,19818,California
Yolo,2021-02-04,1808,26606,285,12141,1523,14465,0,0,1254,15565,543,5508,1255,21073,California
Yolo,2021-02-05,1612,28218,915,13056,697,15162,0,0,1207,16369,404,5912,1208,22281,California
Yolo,2021-02-06,1926,30144,1255,14311,671,15833,0,0,1563,17570,363,6275,1564,23845,California
Yolo,2021-02-07,522,30666,251,14562,271,16104,0,0,172,17393,349,6624,172,24017,California
Yolo,2021-02-08,953,31619,336,14898,617,16721,0,0,606,17655,344,6968,606,24623,California
Yolo,2021-02-09,859,32478,385,15283,474,17195,0,0,573,17942,286,7254,573,25196,California
Yolo,2021-02-10,1477,33955,483,15766,994,18189,0,0,830,18127,647,7901,832,26028,California
Yolo,2021-02-11,1581,35536,808,16574,773,18962,0,0,1186,18918,395,8296,1186,27214,California
Yolo,2021-02-12,1932,37468,761,17335,1171,20133,0,0,1450,19891,478,8774,1451,28665,California
Yolo,2021-02-13,2059,39527,713,18048,1346,21479,0,0,1385,20602,674,9448,1385,30050,California
Yolo,2021-02-14,574,40101,155,18203,419,21898,0,0,447,20923,126,9574,447,30497,California
Yolo,2021-02-15,533,40634,191,18394,342,22240,0,0,265,20921,268,9842,266,30763,California
Yolo,2021-02-16,1137,41771,427,18821,710,22950,0,0,811,21407,326,10168,812,31575,California
Yolo,2021-02-17,1393,43164,702,19523,691,23641,0,0,992,21998,401,10569,992,32567,California
Yolo,2021-02-18,2500,45664,818,20341,1682,25323,0,0,1723,22946,776,11345,1724,34291,California
Yolo,2021-02-19,1762,47426,755,21096,1007,26330,0,0,1134,23454,626,11971,1134,35425,California
Yolo,2021-02-20,2460,49886,956,22052,1504,27834,0,0,1372,23745,1082,13053,1373,36798,California
Yolo,2021-02-21,291,50177,229,22281,62,27896,0,0,79,23613,211,13264,79,36877,California
Yolo,2021-02-22,1373,51550,599,22880,774,28670,0,0,694,23629,678,13942,694,37571,California
Yolo,2021-02-23,1146,52696,854,23734,292,28962,0,0,441,23367,703,14645,441,38012,California
Yolo,2021-02-24,2098,54794,597,24331,1501,30463,0,0,1385,24041,711,15356,1385,39397,California
Yolo,2021-02-25,1397,56191,494,24825,903,31366,0,0,921,24487,475,15831,921,40318,California
Yolo,2021-02-26,2656,58847,1044,25869,1612,32978,0,0,1387,24608,1266,17097,1387,41705,California
Yolo,2021-02-27,1688,60535,780,26649,908,33886,0,0,1234,25388,454,17551,1234,42939,California
Yolo,2021-02-28,1825,62360,1524,28173,301,34187,0,0,709,24984,1114,18665,710,43649,California
Yolo,2021-03-01,1149,63509,378,28551,771,34958,0,0,693,25223,454,19119,693,44342,California
Yolo,2021-03-02,1484,64993,702,29253,782,35740,0,0,951,25641,533,19652,951,45293,California
Yolo,2021-03-03,1876,66869,650,29903,1226,36966,0,0,849,25465,1025,20677,849,46142,California
Yolo,2021-03-04,2932,69801,1470,31373,1462,38428,0,0,1566,25668,1363,22040,1566,47708,California
Yolo,2021-03-05,2367,72168,1411,32784,945,39373,11,11,1472,26257,894,22934,1483,49191,California
Yolo,2021-03-06,1490,73658,1136,33920,325,39698,29,40,849,26497,638,23572,878,50069,California
Yolo,2021-03-07,919,74577,681,34601,224,39922,14,54,783,27158,136,23708,797,50866,California
Yolo,2021-03-08,1104,75681,494,35095,567,40489,43,97,773,27645,330,24038,817,51683,California
Yolo,2021-03-09,1278,76959,691,35786,524,41013,63,160,783,27998,493,24531,846,52529,California
Yolo,2021-03-10,1825,78784,1062,36848,471,41484,292,452,758,27979,1062,25593,1043,53572,California
Yolo,2021-03-11,2352,81136,1603,38451,683,42167,66,518,1609,28913,742,26335,1676,55248,California
Yolo,2021-03-12,2921,84057,1359,39810,1481,43648,81,599,1376,28834,1537,27872,1458,56706,California
Yolo,2021-03-13,1850,85907,735,40545,939,44587,176,775,1003,29169,844,28716,1179,57885,California
Yolo,2021-03-14,1015,86922,212,40757,652,45239,151,926,526,29352,488,29204,671,58556,California
Yolo,2021-03-15,1322,88244,768,41525,375,45614,179,1105,710,29628,610,29814,886,59442,California
Yolo,2021-03-16,1882,90126,722,42247,1087,46701,73,1178,1115,30048,767,30581,1187,60629,California
Yolo,2021-03-17,2524,92650,987,43234,1464,48165,73,1251,1729,31089,792,31373,1833,62462,California
Yolo,2021-03-18,3041,95691,1037,44271,1778,49943,226,1477,1259,30796,1778,33151,1485,63947,California
Yolo,2021-03-19,2105,97796,877,45148,1159,51102,69,1546,1086,30938,1013,34164,1155,65102,California
Yolo,2021-03-20,2780,100576,821,45969,1917,53019,42,1588,1096,30400,1678,35842,1140,66242,California
Yolo,2021-03-21,316,100892,214,46183,94,53113,8,1596,208,30509,107,35949,216,66458,California
Yolo,2021-03-22,1405,102297,492,46675,855,53968,58,1654,918,31000,484,36433,975,67433,California
Yolo,2021-03-23,1759,104056,950,47625,752,54720,57,1711,1081,31460,677,37110,1137,68570,California
Yolo,2021-03-24,2883,106939,1408,49033,1425,56145,50,1761,1398,31437,1472,38582,1449,70019,California
Yolo,2021-03-25,2559,109498,1423,50456,1107,57252,29,1790,1261,31440,1287,39869,1290,71309,California
Yolo,2021-03-26,2410,111908,1264,51720,1126,58378,20,1810,1024,31104,1379,41248,1043,72352,California
Yolo,2021-03-27,1659,113567,458,52178,1183,59561,18,1828,753,30970,905,42153,771,73123,California
Yolo,2021-03-28,1111,114678,868,53046,224,59785,19,1847,255,30392,852,43005,274,73397,California
Yolo,2021-03-29,2030,116708,824,53870,1176,60961,30,1877,965,30326,1061,44066,995,74392,California
Yolo,2021-03-30,2288,118996,1086,54956,1180,62141,22,1899,1169,30404,1114,45180,1192,75584,California
Yolo,2021-03-31,2353,121349,1227,56183,1089,63230,37,1936,1177,30443,1175,46355,1214,76798,California
Yolo,2021-04-01,3854,125203,1863,58046,1515,64745,476,2412,1610,30287,2241,48596,2085,78883,California
Yolo,2021-04-02,3404,128607,1526,59572,1732,66477,146,2558,2108,31251,1290,49886,2254,81137,California
Yolo,2021-04-03,1824,130431,1104,60676,499,66976,221,2779,806,31261,1017,50903,1027,82164,California
Yolo,2021-04-04,395,130826,157,60833,177,67153,61,2840,147,31221,248,51151,208,82372,California
Yolo,2021-04-05,1921,132747,738,61571,1083,68236,100,2940,1020,31446,896,52047,1121,83493,California
Yolo,2021-04-06,2586,135333,1316,62887,1100,69336,170,3110,1306,31651,1270,53317,1475,84968,California
Yolo,2021-04-07,2990,138323,1517,64404,1117,70453,356,3466,1922,32871,1062,54379,2282,87250,California
Yolo,2021-04-08,2428,140751,1007,65411,946,71399,475,3941,1030,32977,1395,55774,1501,88751,California
Yolo,2021-04-09,2597,143348,922,66333,1094,72493,581,4522,855,32666,1739,57513,1428,90179,California
Yolo,2021-04-10,1763,145111,830,67163,749,73242,184,4706,1040,33170,719,58232,1223,91402,California
Yolo,2021-04-11,895,146006,286,67449,565,73807,44,4750,369,33059,523,58755,412,91814,California
Yolo,2021-04-12,1773,147779,529,67978,1102,74909,142,4892,1099,33630,671,59426,1242,93056,California
Yolo,2021-04-13,1989,149768,917,68895,1072,75981,0,4892,1045,33732,943,60369,1045,94101,California
Yolo,2021-04-14,2803,152571,773,69668,2030,78011,0,4892,1384,33703,1413,61782,1384,95485,California
Yolo,2021-04-15,3348,155919,1141,70809,2207,80218,0,4892,2296,34953,1046,62828,2296,97781,California
Yolo,2021-04-16,3097,159016,1997,72806,1100,81318,0,4892,1982,35828,1107,63935,1982,99763,California
Yolo,2021-04-17,1626,160642,478,73284,1148,82466,0,4892,848,35901,775,64710,848,100611,California
Yolo,2021-04-18,638,161280,311,73595,327,82793,0,4892,356,35979,278,64988,356,100967,California
Yolo,2021-04-19,1683,162963,723,74318,959,83752,1,4893,778,35858,900,65888,779,101746,California
Yolo,2021-04-20,2019,164982,1020,75338,999,84751,0,4893,1083,36007,934,66822,1083,102829,California
Yolo,2021-04-21,2007,166989,1001,76339,1006,85757,0,4893,1096,36197,906,67728,1096,103925,California
Yolo,2021-04-22,1950,168939,889,77228,1061,86818,0,4893,967,36187,978,68706,968,104893,California
Yolo,2021-04-23,2622,171561,1535,78763,1087,87905,0,4893,1158,35892,1453,70159,1158,106051,California
Yolo,2021-04-24,1173,172734,647,79410,523,88428,3,4896,462,35654,703,70862,465,106516,California
Yolo,2021-04-25,950,173684,406,79816,544,88972,0,4896,728,36161,221,71083,728,107244,California
Yolo,2021-04-26,1234,174918,488,80304,743,89715,3,4899,524,35982,707,71790,528,107772,California
Yolo,2021-04-27,1545,176463,720,81024,806,90521,19,4918,603,35664,942,72732,624,108396,California
Yolo,2021-04-28,2047,178510,1009,82033,1011,91532,27,4945,740,35128,1303,74035,767,109163,California
Yolo,2021-04-29,1760,180270,825,82858,852,92384,83,5028,699,34851,1057,75092,780,109943,California
Yolo,2021-04-30,2018,182288,1000,83858,959,93343,59,5087,967,34832,1044,76136,1025,110968,California
Yolo,2021-05-01,1285,183573,997,84855,268,93611,20,5107,376,34320,908,77044,396,111364,California
Yolo,2021-05-02,522,184095,428,85283,71,93682,23,5130,324,34469,198,77242,347,111711,California
Yolo,2021-05-03,1121,185216,405,85688,682,94364,34,5164,300,33983,819,78061,333,112044,California
Yolo,2021-05-04,1460,186676,676,86364,759,95123,25,5189,509,33570,947,79008,534,112578,California
Yolo,2021-05-05,1576,188252,443,86807,1067,96190,66,5255,455,32977,1114,80122,521,113099,California
Yolo,2021-05-06,1522,189774,709,87516,731,96921,82,5337,500,32550,1009,81131,582,113681,California
Yolo,2021-05-07,2320,192094,1397,88913,872,97793,51,5388,465,31217,1847,82978,514,114195,California
Yolo,2021-05-08,843,192937,369,89282,418,98211,56,5444,318,31067,522,83500,372,114567,California
Yolo,2021-05-09,395,193332,164,89446,218,98429,13,5457,90,30866,304,83804,103,114670,California
Yolo,2021-05-10,901,194233,356,89802,500,98929,45,5502,152,30315,747,84551,196,114866,California
Yolo,2021-05-11,1146,195379,664,90466,460,99389,22,5524,280,29755,862,85413,302,115168,California
Yolo,2021-05-12,1576,196955,709,91175,834,100223,33,5557,318,28854,1255,86668,354,115522,California
Yolo,2021-05-13,2179,199134,859,92034,1265,101488,55,5612,649,28032,1526,88194,704,116226,California
Yolo,2021-05-14,2035,201169,1517,93551,487,101975,31,5643,1155,28341,877,89071,1186,117412,California
Yolo,2021-05-15,1276,202445,733,94284,496,102471,47,5690,661,28434,615,89686,708,118120,California
Yolo,2021-05-16,1410,203855,1199,95483,204,102675,7,5697,986,29008,419,90105,993,119113,California
Yolo,2021-05-17,1084,204939,393,95876,673,103348,18,5715,315,28577,765,90870,334,119447,California
Yolo,2021-05-18,1691,206630,1108,96984,561,103909,22,5737,916,28745,770,91640,938,120385,California
Yolo,2021-05-19,1006,207636,586,97570,381,104290,39,5776,489,28758,515,92155,528,120913,California
Yolo,2021-05-20,1094,208730,697,98267,371,104661,26,5802,388,28472,700,92855,414,121327,California
Yolo,2021-05-21,1440,210170,931,99198,482,105143,27,5829,372,27807,1062,93917,397,121724,California
Yolo,2021-05-22,822,210992,540,99738,274,105417,8,5837,280,27560,536,94453,289,122013,California
Yolo,2021-05-23,612,211604,161,99899,435,105852,16,5853,105,27176,506,94959,122,122135,California
Yolo,2021-05-24,703,212307,347,100246,336,106188,20,5873,218,26933,482,95441,239,122374,California
Yolo,2021-05-25,883,213190,511,100757,349,106537,23,5896,341,26763,536,95977,366,122740,California
Yolo,2021-05-26,820,214010,271,101028,516,107053,33,5929,250,26485,566,96543,288,123028,California
Yolo,2021-05-27,760,214770,382,101410,327,107380,51,5980,306,26392,450,96993,357,123385,California
Yolo,2021-05-28,878,215648,400,101810,449,107829,29,6009,378,26302,496,97489,406,123791,California
Yolo,2021-05-29,598,216246,347,102157,215,108044,36,6045,274,26288,322,97811,308,124099,California
Yolo,2021-05-30,135,216381,70,102227,58,108102,7,6052,54,26270,79,97890,61,124160,California
Yolo,2021-05-31,68,216449,19,102246,47,108149,2,6054,16,26235,52,97942,17,124177,California
Yolo,2021-06-01,756,217205,326,102572,405,108554,25,6079,258,26026,492,98434,283,124460,California
Yolo,2021-06-02,763,217968,306,102878,436,108990,21,6100,237,25761,523,98957,258,124718,California
Yolo,2021-06-03,931,218899,593,103471,314,109304,24,6124,218,25293,710,99667,242,124960,California
Yolo,2021-06-04,1494,220393,1215,104686,256,109560,23,6147,380,24585,1110,100777,402,125362,California
Yolo,2021-06-05,714,221107,545,105231,152,109712,17,6164,147,24182,567,101344,164,125526,California
Yolo,2021-06-06,1108,222215,1044,106275,57,109769,7,6171,177,23436,930,102274,184,125710,California
Yolo,2021-06-07,516,222731,271,106546,226,109995,19,6190,175,23293,337,102611,194,125904,California
Yolo,2021-06-08,1044,223775,814,107360,212,110207,18,6208,203,22674,840,103451,221,126125,California
Yolo,2021-06-09,791,224566,491,107851,269,110476,31,6239,261,22438,527,103978,291,126416,California
Yolo,2021-06-10,571,225137,361,108212,177,110653,33,6272,169,22240,400,104378,202,126618,California
Yolo,2021-06-11,654,225791,447,108659,183,110836,24,6296,196,22004,456,104834,220,126838,California
Yolo,2021-06-12,483,226274,279,108938,179,111015,25,6321,148,21844,333,105167,173,127011,California
Yolo,2021-06-13,155,226429,116,109054,38,111053,1,6322,64,21820,90,105257,66,127077,California
Yolo,2021-06-14,410,226839,253,109307,124,111177,33,6355,137,21719,272,105529,171,127248,California
Yolo,2021-06-15,773,227612,399,109706,348,111525,26,6381,302,21579,468,105997,328,127576,California
Yolo,2021-06-16,472,228084,239,109945,191,111716,42,6423,167,21483,303,106300,207,127783,California
Yolo,2021-06-17,496,228580,316,110261,125,111841,55,6478,172,21388,322,106622,227,128010,California
Yolo,2021-06-18,549,229129,392,110653,135,111976,22,6500,208,21279,338,106960,229,128239,California
Yolo,2021-06-19,319,229448,205,110858,98,112074,16,6516,115,21206,204,107164,131,128370,California
Yolo,2021-06-20,114,229562,74,110932,36,112110,4,6520,62,21223,50,107214,67,128437,California
Yolo,2021-06-21,198,229760,88,111020,98,112208,12,6532,111,21260,86,107300,123,128560,California
Yolo,2021-06-22,522,230282,296,111316,209,112417,17,6549,247,21251,273,107573,264,128824,California
Yolo,2021-06-23,362,230644,203,111519,143,112560,16,6565,145,21198,214,107787,161,128985,California
Yolo,2021-06-24,240,230884,156,111675,50,112610,34,6599,109,21210,131,107918,143,129128,California
Yuba,2020-12-16,4,4,4,4,0,0,0,0,4,4,0,0,4,4,California
Yuba,2020-12-17,4,8,4,8,0,0,0,0,4,8,0,0,4,8,California
Yuba,2020-12-18,8,16,8,16,0,0,0,0,8,16,0,0,8,16,California
Yuba,2020-12-19,12,28,12,28,0,0,0,0,12,28,0,0,12,28,California
Yuba,2020-12-20,19,47,19,47,0,0,0,0,19,47,0,0,19,47,California
Yuba,2020-12-21,41,88,41,88,0,0,0,0,41,88,0,0,41,88,California
Yuba,2020-12-22,86,174,86,174,0,0,0,0,86,174,0,0,86,174,California
Yuba,2020-12-23,65,239,63,237,2,2,0,0,65,239,0,0,65,239,California
Yuba,2020-12-24,20,259,10,247,10,12,0,0,20,259,0,0,20,259,California
Yuba,2020-12-25,1,260,1,248,0,12,0,0,1,260,0,0,1,260,California
Yuba,2020-12-26,13,273,12,260,1,13,0,0,13,273,0,0,13,273,California
Yuba,2020-12-27,15,288,15,275,0,13,0,0,15,288,0,0,15,288,California
Yuba,2020-12-28,51,339,35,310,16,29,0,0,51,339,0,0,51,339,California
Yuba,2020-12-29,75,414,10,320,65,94,0,0,75,414,0,0,75,414,California
Yuba,2020-12-30,63,477,20,340,43,137,0,0,63,477,0,0,63,477,California
Yuba,2020-12-31,40,517,7,347,33,170,0,0,40,517,0,0,40,517,California
Yuba,2021-01-02,23,540,22,369,1,171,0,0,23,540,0,0,23,540,California
Yuba,2021-01-03,10,550,6,375,4,175,0,0,10,550,0,0,10,550,California
Yuba,2021-01-04,92,642,23,398,69,244,0,0,92,642,0,0,92,642,California
Yuba,2021-01-05,71,713,39,437,32,276,0,0,70,711,1,1,70,712,California
Yuba,2021-01-06,154,867,76,513,78,354,0,0,148,853,6,7,148,860,California
Yuba,2021-01-07,74,941,19,532,55,409,0,0,71,920,4,11,71,931,California
Yuba,2021-01-08,73,1014,24,556,49,458,0,0,66,979,7,18,66,997,California
Yuba,2021-01-09,19,1033,16,572,3,461,0,0,11,982,8,26,11,1008,California
Yuba,2021-01-10,117,1150,22,594,95,556,0,0,95,1055,22,48,95,1103,California
Yuba,2021-01-11,73,1223,50,644,23,579,0,0,33,1048,40,88,33,1136,California
Yuba,2021-01-12,109,1332,79,723,30,609,0,0,44,1027,65,153,44,1180,California
Yuba,2021-01-13,120,1452,72,795,48,657,0,0,55,1018,64,217,55,1235,California
Yuba,2021-01-14,113,1565,43,838,70,727,0,0,101,1107,12,229,101,1336,California
Yuba,2021-01-15,203,1768,85,923,118,845,0,0,193,1290,10,239,193,1529,California
Yuba,2021-01-16,186,1954,21,944,165,1010,0,0,174,1451,13,252,174,1703,California
Yuba,2021-01-17,13,1967,9,953,4,1014,0,0,7,1452,6,258,7,1710,California
Yuba,2021-01-18,61,2028,32,985,29,1043,0,0,36,1463,25,283,36,1746,California
Yuba,2021-01-19,80,2108,30,1015,50,1093,0,0,65,1513,15,298,65,1811,California
Yuba,2021-01-20,135,2243,88,1103,47,1140,0,0,112,1602,23,321,112,1923,California
Yuba,2021-01-21,221,2464,103,1206,118,1258,0,0,211,1803,10,331,211,2134,California
Yuba,2021-01-22,106,2570,6,1212,100,1358,0,0,97,1891,9,340,97,2231,California
Yuba,2021-01-23,199,2769,7,1219,192,1550,0,0,197,2086,2,342,197,2428,California
Yuba,2021-01-24,10,2779,7,1226,3,1553,0,0,8,2092,2,344,8,2436,California
Yuba,2021-01-25,86,2865,30,1256,56,1609,0,0,53,2113,32,376,53,2489,California
Yuba,2021-01-26,150,3015,41,1297,109,1718,0,0,91,2145,59,435,91,2580,California
Yuba,2021-01-27,185,3200,129,1426,56,1774,0,0,117,2194,68,503,117,2697,California
Yuba,2021-01-28,227,3427,89,1515,138,1912,0,0,176,2319,51,554,176,2873,California
Yuba,2021-01-29,150,3577,46,1561,104,2016,0,0,111,2391,39,593,111,2984,California
Yuba,2021-01-30,409,3986,23,1584,386,2402,0,0,398,2778,11,604,398,3382,California
Yuba,2021-01-31,18,4004,12,1596,6,2408,0,0,16,2792,2,606,16,3398,California
Yuba,2021-02-01,154,4158,74,1670,80,2488,0,0,130,2900,23,629,131,3529,California
Yuba,2021-02-02,127,4285,23,1693,104,2592,0,0,104,2981,23,652,104,3633,California
Yuba,2021-02-03,228,4513,30,1723,198,2790,0,0,116,2986,111,763,116,3749,California
Yuba,2021-02-04,297,4810,120,1843,177,2967,0,0,252,3193,45,808,252,4001,California
Yuba,2021-02-05,147,4957,32,1875,115,3082,0,0,71,3188,76,884,71,4072,California
Yuba,2021-02-06,450,5407,26,1901,424,3506,0,0,442,3622,8,892,442,4514,California
Yuba,2021-02-07,20,5427,13,1914,7,3513,0,0,16,3634,4,896,16,4530,California
Yuba,2021-02-08,97,5524,34,1948,63,3576,0,0,65,3667,32,928,65,4595,California
Yuba,2021-02-09,154,5678,56,2004,98,3674,0,0,84,3681,70,998,84,4679,California
Yuba,2021-02-10,358,6036,175,2179,183,3857,0,0,119,3562,238,1236,119,4798,California
Yuba,2021-02-11,405,6441,68,2247,337,4194,0,0,303,3765,100,1336,303,5101,California
Yuba,2021-02-12,269,6710,28,2275,241,4435,0,0,152,3800,117,1453,152,5253,California
Yuba,2021-02-13,437,7147,36,2311,401,4836,0,0,387,4137,50,1503,387,5640,California
Yuba,2021-02-14,52,7199,10,2321,42,4878,0,0,47,4179,5,1508,47,5687,California
Yuba,2021-02-15,89,7288,36,2357,53,4931,0,0,69,4228,20,1528,69,5756,California
Yuba,2021-02-16,201,7489,53,2410,148,5079,0,0,142,4312,58,1586,142,5898,California
Yuba,2021-02-17,375,7864,156,2566,219,5298,0,0,99,4136,275,1861,99,5997,California
Yuba,2021-02-18,320,8184,48,2614,272,5570,0,0,194,4204,126,1987,194,6191,California
Yuba,2021-02-19,227,8411,82,2696,145,5715,0,0,142,4261,85,2072,142,6333,California
Yuba,2021-02-20,391,8802,31,2727,360,6075,0,0,336,4542,55,2127,336,6669,California
Yuba,2021-02-21,17,8819,14,2741,3,6078,0,0,7,4539,10,2137,7,6676,California
Yuba,2021-02-22,128,8947,79,2820,49,6127,0,0,39,4490,88,2225,39,6715,California
Yuba,2021-02-23,116,9063,25,2845,91,6218,0,0,48,4472,67,2292,49,6764,California
Yuba,2021-02-24,484,9547,137,2982,347,6565,0,0,108,4204,376,2668,108,6872,California
Yuba,2021-02-25,346,9893,140,3122,206,6771,0,0,216,4290,130,2798,216,7088,California
Yuba,2021-02-26,261,10154,69,3191,192,6963,0,0,145,4321,114,2912,145,7233,California
Yuba,2021-02-27,473,10627,47,3238,426,7389,0,0,385,4620,86,2998,385,7618,California
Yuba,2021-02-28,72,10699,23,3261,49,7438,0,0,48,4644,24,3022,48,7666,California
Yuba,2021-03-01,161,10860,42,3303,119,7557,0,0,81,4646,79,3101,81,7747,California
Yuba,2021-03-02,160,11020,36,3339,124,7681,0,0,80,4646,80,3181,80,7827,California
Yuba,2021-03-03,628,11648,160,3499,468,8149,0,0,201,4421,426,3607,201,8028,California
Yuba,2021-03-04,470,12118,273,3772,197,8346,0,0,327,4606,142,3749,327,8355,California
Yuba,2021-03-05,323,12441,61,3833,261,8607,1,1,255,4794,68,3817,256,8611,California
Yuba,2021-03-06,475,12916,35,3868,436,9043,4,5,368,5060,106,3923,372,8983,California
Yuba,2021-03-07,51,12967,28,3896,22,9065,1,6,36,5082,15,3938,37,9020,California
Yuba,2021-03-08,158,13125,48,3944,94,9159,16,22,99,5138,59,3997,115,9135,California
Yuba,2021-03-09,178,13303,47,3991,111,9270,20,42,84,5148,94,4091,104,9239,California
Yuba,2021-03-10,737,14040,235,4226,472,9742,30,72,234,4909,503,4594,264,9503,California
Yuba,2021-03-11,435,14475,195,4421,228,9970,12,84,292,5070,143,4737,304,9807,California
Yuba,2021-03-12,463,14938,87,4508,323,10293,53,137,151,4962,312,5049,204,10011,California
Yuba,2021-03-13,457,15395,338,4846,104,10397,15,152,359,5239,97,5146,374,10385,California
Yuba,2021-03-14,107,15502,21,4867,76,10473,10,162,46,5236,59,5205,56,10441,California
Yuba,2021-03-15,193,15695,50,4917,127,10600,16,178,98,5255,95,5300,114,10555,California
Yuba,2021-03-16,297,15992,72,4989,201,10801,24,202,185,5353,111,5411,209,10764,California
Yuba,2021-03-17,746,16738,164,5153,551,11352,31,233,196,5033,547,5958,227,10991,California
Yuba,2021-03-18,588,17326,161,5314,314,11666,113,346,357,5271,231,6189,469,11460,California
Yuba,2021-03-19,333,17659,120,5434,159,11825,54,400,187,5366,145,6334,240,11700,California
Yuba,2021-03-20,552,18211,80,5514,454,12279,18,418,472,5777,79,6413,490,12190,California
Yuba,2021-03-21,61,18272,36,5550,25,12304,0,418,48,5812,13,6426,48,12238,California
Yuba,2021-03-22,191,18463,70,5620,114,12418,7,425,149,5926,42,6468,156,12394,California
Yuba,2021-03-23,264,18727,79,5699,159,12577,26,451,178,6046,84,6552,204,12598,California
Yuba,2021-03-24,772,19499,255,5954,436,13013,81,532,187,5731,583,7135,268,12866,California
Yuba,2021-03-25,507,20006,270,6224,215,13228,22,554,254,5754,253,7388,276,13142,California
Yuba,2021-03-26,398,20404,143,6367,226,13454,29,583,225,5836,172,7560,254,13396,California
Yuba,2021-03-27,460,20864,28,6395,429,13883,3,586,405,6189,54,7614,407,13803,California
Yuba,2021-03-28,101,20965,42,6437,55,13938,4,590,34,6160,67,7681,38,13841,California
Yuba,2021-03-29,296,21261,86,6523,178,14116,32,622,179,6254,117,7798,211,14052,California
Yuba,2021-03-30,274,21535,69,6592,197,14313,8,630,189,6366,85,7883,197,14249,California
Yuba,2021-03-31,675,22210,115,6707,548,14861,12,642,242,6189,431,8314,254,14503,California
Yuba,2021-04-01,626,22836,290,6997,307,15168,29,671,292,6176,334,8648,321,14824,California
Yuba,2021-04-02,502,23338,95,7092,324,15492,83,754,185,6127,316,8964,267,15091,California
Yuba,2021-04-03,654,23992,55,7147,117,15609,482,1236,87,6130,566,9530,569,15660,California
Yuba,2021-04-04,60,24052,11,7158,42,15651,7,1243,33,6143,27,9557,40,15700,California
Yuba,2021-04-05,245,24297,79,7237,145,15796,21,1264,124,6168,119,9676,144,15844,California
Yuba,2021-04-06,358,24655,115,7352,182,15978,61,1325,173,6217,184,9860,233,16077,California
Yuba,2021-04-07,787,25442,407,7759,327,16305,53,1378,359,6203,425,10285,411,16488,California
Yuba,2021-04-08,754,26196,292,8051,197,16502,265,1643,283,6280,470,10755,547,17035,California
Yuba,2021-04-09,405,26601,173,8224,165,16667,67,1710,170,6283,234,10989,237,17272,California
Yuba,2021-04-10,595,27196,72,8296,75,16742,448,2158,71,6279,522,11511,518,17790,California
Yuba,2021-04-11,103,27299,25,8321,66,16808,12,2170,44,6277,58,11569,56,17846,California
Yuba,2021-04-12,212,27511,45,8366,137,16945,30,2200,80,6255,131,11700,109,17955,California
Yuba,2021-04-13,399,27910,103,8469,296,17241,0,2200,202,6261,196,11896,202,18157,California
Yuba,2021-04-14,715,28625,109,8578,606,17847,0,2200,128,5803,586,12482,128,18285,California
Yuba,2021-04-15,344,28969,134,8712,210,18057,0,2200,150,5759,194,12676,150,18435,California
Yuba,2021-04-16,342,29311,100,8812,242,18299,0,2200,181,5781,159,12835,181,18616,California
Yuba,2021-04-17,406,29717,60,8872,346,18645,0,2200,334,6044,71,12906,334,18950,California
Yuba,2021-04-18,55,29772,10,8882,45,18690,0,2200,25,6040,29,12935,25,18975,California
Yuba,2021-04-19,247,30019,102,8984,145,18835,0,2200,104,6001,143,13078,104,19079,California
Yuba,2021-04-20,318,30337,80,9064,238,19073,0,2200,179,6043,138,13216,180,19259,California
Yuba,2021-04-21,701,31038,282,9346,419,19492,0,2200,300,5942,401,13617,300,19559,California
Yuba,2021-04-22,361,31399,138,9484,223,19715,0,2200,202,5985,159,13776,202,19761,California
Yuba,2021-04-23,348,31747,113,9597,235,19950,0,2200,166,5971,180,13956,166,19927,California
Yuba,2021-04-24,217,31964,69,9666,148,20098,0,2200,123,6000,94,14050,123,20050,California
Yuba,2021-04-25,71,32035,29,9695,42,20140,0,2200,34,5997,37,14087,34,20084,California
Yuba,2021-04-26,235,32270,54,9749,177,20317,4,2204,108,5982,127,14214,112,20196,California
Yuba,2021-04-27,481,32751,164,9913,307,20624,10,2214,239,5991,240,14454,249,20445,California
Yuba,2021-04-28,437,33188,178,10091,254,20878,5,2219,151,5867,280,14734,156,20601,California
Yuba,2021-04-29,434,33622,70,10161,363,21241,1,2220,152,5739,281,15015,153,20754,California
Yuba,2021-04-30,331,33953,93,10254,208,21449,30,2250,140,5720,189,15204,170,20924,California
Yuba,2021-05-01,206,34159,91,10345,96,21545,19,2269,92,5718,113,15317,111,21035,California
Yuba,2021-05-02,71,34230,40,10385,27,21572,4,2273,38,5727,33,15350,42,21077,California
Yuba,2021-05-03,163,34393,64,10449,90,21662,9,2282,51,5677,110,15460,60,21137,California
Yuba,2021-05-04,328,34721,97,10546,210,21872,21,2303,145,5660,183,15643,166,21303,California
Yuba,2021-05-05,324,35045,86,10632,231,22103,7,2310,115,5573,209,15852,122,21425,California
Yuba,2021-05-06,280,35325,103,10735,139,22242,38,2348,92,5518,185,16037,130,21555,California
Yuba,2021-05-07,352,35677,91,10826,233,22475,28,2376,114,5421,238,16275,141,21696,California
Yuba,2021-05-08,103,35780,31,10857,69,22544,3,2379,45,5411,58,16333,48,21744,California
Yuba,2021-05-09,54,35834,24,10881,27,22571,3,2382,39,5438,15,16348,42,21786,California
Yuba,2021-05-10,173,36007,56,10937,99,22670,18,2400,54,5392,118,16466,72,21858,California
Yuba,2021-05-11,384,36391,173,11110,197,22867,14,2414,148,5319,234,16700,161,22019,California
Yuba,2021-05-12,274,36665,144,11254,122,22989,8,2422,115,5283,159,16859,123,22142,California
Yuba,2021-05-13,364,37029,196,11450,125,23114,43,2465,118,5201,243,17102,161,22303,California
Yuba,2021-05-14,366,37395,138,11588,208,23322,20,2485,158,5170,208,17310,177,22480,California
Yuba,2021-05-15,435,37830,112,11700,302,23624,21,2506,113,4983,320,17630,133,22613,California
Yuba,2021-05-16,138,37968,44,11744,85,23709,9,2515,87,5029,50,17680,96,22709,California
Yuba,2021-05-17,217,38185,90,11834,107,23816,20,2535,95,5024,120,17800,115,22824,California
Yuba,2021-05-18,393,38578,162,11996,222,24038,9,2544,169,4978,224,18024,178,23002,California
Yuba,2021-05-19,260,38838,144,12140,110,24148,6,2550,132,4988,128,18152,138,23140,California
Yuba,2021-05-20,425,39263,297,12437,116,24264,12,2562,266,5108,158,18310,278,23418,California
Yuba,2021-05-21,517,39780,271,12708,238,24502,8,2570,315,5231,200,18510,323,23741,California
Yuba,2021-05-22,225,40005,120,12828,96,24598,9,2579,92,5199,133,18643,101,23842,California
Yuba,2021-05-23,64,40069,32,12860,30,24628,2,2581,34,5205,30,18673,36,23878,California
Yuba,2021-05-24,154,40223,46,12906,91,24719,17,2598,42,5154,111,18784,60,23938,California
Yuba,2021-05-25,317,40540,110,13016,190,24909,17,2615,113,5084,202,18986,132,24070,California
Yuba,2021-05-26,229,40769,97,13113,116,25025,16,2631,84,5041,144,19130,101,24171,California
Yuba,2021-05-27,247,41016,76,13189,160,25185,11,2642,107,5023,137,19267,119,24290,California
Yuba,2021-05-28,247,41263,110,13299,130,25315,7,2649,122,5029,123,19390,129,24419,California
Yuba,2021-05-29,163,41426,67,13366,74,25389,22,2671,93,5075,69,19459,115,24534,California
Yuba,2021-05-30,50,41476,20,13386,25,25414,5,2676,20,5070,30,19489,25,24559,California
Yuba,2021-05-31,31,41507,3,13389,21,25435,7,2683,11,5068,20,19509,18,24577,California
Yuba,2021-06-01,246,41753,107,13496,132,25567,7,2690,85,5002,157,19666,91,24668,California
Yuba,2021-06-02,201,41954,82,13578,112,25679,7,2697,64,4938,136,19802,72,24740,California
Yuba,2021-06-03,177,42131,103,13681,68,25747,6,2703,64,4896,112,19914,70,24810,California
Yuba,2021-06-04,243,42374,121,13802,113,25860,9,2712,81,4824,162,20076,90,24900,California
Yuba,2021-06-05,198,42572,150,13952,42,25902,6,2718,89,4811,108,20184,95,24995,California
Yuba,2021-06-06,106,42678,90,14042,13,25915,3,2721,24,4757,81,20265,27,25022,California
Yuba,2021-06-07,118,42796,50,14092,52,25967,16,2737,38,4731,80,20345,54,25076,California
Yuba,2021-06-08,241,43037,111,14203,123,26090,7,2744,71,4641,168,20513,78,25154,California
Yuba,2021-06-09,170,43207,103,14306,61,26151,6,2750,74,4626,95,20608,80,25234,California
Yuba,2021-06-10,377,43584,302,14608,66,26217,9,2759,94,4448,281,20889,103,25337,California
Yuba,2021-06-11,330,43914,235,14843,83,26300,12,2771,67,4265,263,21152,80,25417,California
Yuba,2021-06-12,132,44046,89,14932,37,26337,6,2777,37,4213,95,21247,43,25460,California
Yuba,2021-06-13,47,44093,22,14954,22,26359,3,2780,16,4201,31,21278,19,25479,California
Yuba,2021-06-14,112,44205,53,15007,48,26407,11,2791,35,4171,76,21354,46,25525,California
Yuba,2021-06-15,240,44445,98,15105,134,26541,8,2799,90,4121,148,21502,98,25623,California
Yuba,2021-06-16,153,44598,91,15196,51,26592,11,2810,72,4126,78,21580,83,25706,California
Yuba,2021-06-17,194,44792,113,15309,69,26661,12,2822,83,4110,111,21691,95,25801,California
Yuba,2021-06-18,223,45015,111,15420,90,26751,22,2844,70,4051,151,21842,92,25893,California
Yuba,2021-06-19,140,45155,71,15491,62,26813,7,2851,37,3992,103,21945,44,25937,California
Yuba,2021-06-20,33,45188,19,15510,11,26824,3,2854,13,3988,20,21965,16,25953,California
Yuba,2021-06-21,85,45273,38,15548,39,26863,8,2862,41,3996,40,22005,48,26001,California
Yuba,2021-06-22,170,45443,71,15619,89,26952,10,2872,67,3971,102,22107,77,26078,California
Yuba,2021-06-23,113,45556,65,15684,43,26995,5,2877,48,3959,65,22172,53,26131,California
Yuba,2021-06-24,65,45621,26,15710,33,27028,6,2883,26,3952,39,22211,32,26163,California
