county,administered_date,total_doses,cumulative_total_doses,pfizer_doses,cumulative_pfizer_doses,moderna_doses,cumulative_moderna_doses,jj_doses,cumulative_jj_doses,partially_vaccinated,total_partially_vaccinated,fully_vaccinated,cumulative_fully_vaccinated,at_least_one_dose,cumulative_at_least_one_dose,california_flag
All CA Counties,2020-12-15,1133,1133,1133,1133,0,0,0,0,1133,1133,0,0,1133,1133,
All CA Counties,2020-12-16,8117,9250,8117,9250,0,0,0,0,8117,9250,0,0,8117,9250,
All CA Counties,2020-12-17,25715,34965,25715,34965,0,0,0,0,25717,34967,0,0,25717,34967,
All CA Counties,2020-12-18,43743,78708,43689,78654,54,54,0,0,43744,78711,0,0,43744,78711,
All CA Counties,2020-12-19,25199,103907,25176,103830,23,77,0,0,25198,103908,1,1,25198,103909,
All CA Counties,2020-12-20,18939,122846,18907,122737,32,109,0,0,18938,122845,1,2,18938,122847,
All CA Counties,2020-12-21,49520,172366,49440,172177,80,189,0,0,49523,172367,1,3,49523,172370,
All CA Counties,2020-12-22,49846,222212,47734,219911,2112,2301,0,0,49844,222210,1,4,49844,222214,
All CA Counties,2020-12-23,50234,272446,41530,261441,8704,11005,0,0,50230,272440,0,4,50230,272444,
All CA Counties,2020-12-24,24009,296455,16316,277757,7693,18698,0,0,24006,296445,1,5,24006,296450,
All CA Counties,2020-12-25,2331,298786,2012,279769,319,19017,0,0,2331,298776,0,5,2331,298781,
All CA Counties,2020-12-26,14604,313390,9432,289201,5172,24189,0,0,14603,313378,1,6,14603,313384,
All CA Counties,2020-12-27,9388,322778,5565,294766,3823,28012,0,0,9387,322764,1,7,9387,322771,
All CA Counties,2020-12-28,45642,368420,29261,324027,16381,44393,0,0,45640,368401,3,10,45640,368411,
All CA Counties,2020-12-29,51013,419433,28509,352536,22504,66897,0,0,51009,419407,3,13,51009,419420,
All CA Counties,2020-12-30,62883,482316,35632,388168,27251,94148,0,0,62877,482281,3,16,62877,482297,
All CA Counties,2020-12-31,29280,511596,10833,399001,18447,112595,0,0,29272,511548,5,21,29272,511569,
All CA Counties,2021-01-01,3954,515550,1748,400749,2206,114801,0,0,3949,515494,3,24,3949,515518,
All CA Counties,2021-01-02,18434,533984,10224,410973,8210,123011,0,0,18433,533927,0,24,18433,533951,
All CA Counties,2021-01-03,6131,540115,3474,414447,2657,125668,0,0,6102,540017,12,36,6102,540053,
All CA Counties,2021-01-04,43360,583475,21939,436386,21421,147089,0,0,43280,583253,44,80,43280,583333,
All CA Counties,2021-01-05,56213,639688,29595,465981,26618,173707,0,0,50777,628736,5380,5460,50863,634196,
All CA Counties,2021-01-06,72974,712662,40356,506337,32618,206325,0,0,57691,671348,15107,20567,57719,691915,
All CA Counties,2021-01-07,91676,804338,52153,558490,39523,245848,0,0,61239,702353,30278,50845,61283,753198,
All CA Counties,2021-01-08,106321,910659,63951,622441,42370,288218,0,0,65279,726778,40910,91755,65335,818533,
All CA Counties,2021-01-09,44144,954803,25438,647879,18706,306924,0,0,27669,738019,16453,108208,27694,846227,
All CA Counties,2021-01-10,24216,979019,14815,662694,9401,316325,0,0,13001,739838,11199,119407,13018,859245,
All CA Counties,2021-01-11,104141,1083160,69280,731974,34861,351186,0,0,60453,756806,43648,163055,60616,919861,
All CA Counties,2021-01-12,112474,1195634,66405,798379,46069,397255,0,0,71547,787726,40848,203903,71768,991629,
All CA Counties,2021-01-13,118525,1314159,61398,859777,57127,454382,0,0,84915,839190,33524,237427,84988,1076617,
All CA Counties,2021-01-14,123077,1437236,49305,909082,73772,528154,0,0,103575,923507,19400,256827,103717,1180334,
All CA Counties,2021-01-15,141579,1578815,52023,961105,89556,617710,0,0,126597,1035395,14890,271717,126778,1307112,
All CA Counties,2021-01-16,80326,1659141,27373,988478,52953,670663,0,0,72806,1100754,7495,279212,72854,1379966,
All CA Counties,2021-01-17,48024,1707165,16771,1005249,31253,701916,0,0,44395,1141572,3622,282834,44440,1424406,
All CA Counties,2021-01-18,87597,1794762,45562,1050811,42035,743951,0,0,68470,1191144,19047,301881,68619,1493025,
All CA Counties,2021-01-19,141453,1936215,73344,1124155,68109,812060,0,0,110406,1270907,30955,332836,110718,1603743,
All CA Counties,2021-01-20,158071,2094286,80206,1204361,77865,889925,0,0,124947,1363153,32944,365780,125190,1728933,
All CA Counties,2021-01-21,172134,2266420,76128,1280489,96006,985931,0,0,153310,1498157,18623,384403,153627,1882560,
All CA Counties,2021-01-22,168667,2435087,68820,1349309,99847,1085778,0,0,154477,1638732,14061,398464,154636,2037196,
All CA Counties,2021-01-23,110959,2546046,49397,1398706,61562,1147340,0,0,98430,1724804,12470,410934,98542,2135738,
All CA Counties,2021-01-24,60876,2606922,29474,1428180,31402,1178742,0,0,56243,1776497,4602,415536,56295,2192033,
All CA Counties,2021-01-25,143755,2750677,64834,1493014,78921,1257663,0,0,109085,1851334,34587,450123,109424,2301457,
All CA Counties,2021-01-26,167604,2918281,82344,1575358,85260,1342923,0,0,130524,1945155,36956,487079,130777,2432234,
All CA Counties,2021-01-27,179277,3097558,87792,1663150,91485,1434408,0,0,140348,2047136,38564,525643,140545,2572779,
All CA Counties,2021-01-28,186710,3284268,85951,1749101,100759,1535167,0,0,152926,2166745,33503,559146,153112,2725891,
All CA Counties,2021-01-29,182537,3466805,87881,1836982,94656,1629823,0,0,148182,2281288,33790,592936,148333,2874224,
All CA Counties,2021-01-30,122707,3589512,55147,1892129,67560,1697383,0,0,107741,2374361,14804,607740,107877,2982101,
All CA Counties,2021-01-31,69157,3658669,38878,1931007,30279,1727662,0,0,64112,2433525,4998,612738,64162,3046263,
All CA Counties,2021-02-01,158045,3816714,72800,2003807,85245,1812907,0,0,119979,2515706,37924,650662,120105,3166368,
All CA Counties,2021-02-02,185598,4002312,79411,2083218,106187,1919094,0,0,139940,2610550,45312,695974,140156,3306524,
All CA Counties,2021-02-03,209753,4212065,94796,2178014,114957,2034051,0,0,156129,2713754,53154,749128,156358,3462882,
All CA Counties,2021-02-04,227255,4439320,99705,2277719,127550,2161601,0,0,166925,2821230,59793,808921,167269,3630151,
All CA Counties,2021-02-05,245184,4684504,106214,2383933,138970,2300571,0,0,166788,2910908,77645,886566,167323,3797474,
All CA Counties,2021-02-06,154394,4838898,74653,2458586,79741,2380312,0,0,119774,2996711,34454,921020,120257,3917731,
All CA Counties,2021-02-07,66596,4905494,43049,2501635,23547,2403859,0,0,50226,3031095,16285,937305,50669,3968400,
All CA Counties,2021-02-08,179803,5085297,88228,2589863,91575,2495434,0,0,118771,3090000,60584,997889,119489,4087889,
All CA Counties,2021-02-09,210191,5295488,101554,2691417,108637,2604071,0,0,126307,3133979,83452,1081341,127431,4215320,
All CA Counties,2021-02-10,247661,5543149,119583,2811000,128078,2732149,0,0,138193,3164959,108659,1190000,139639,4354959,
All CA Counties,2021-02-11,263297,5806446,130452,2941452,132845,2864994,0,0,144956,3194362,117314,1307314,146717,4501676,
All CA Counties,2021-02-12,271011,6077457,118798,3060250,152213,3017207,0,0,146679,3219840,123543,1430857,149021,4650697,
All CA Counties,2021-02-13,166171,6243628,77001,3137251,89170,3106377,0,0,91862,3239744,73895,1504752,93799,4744496,
All CA Counties,2021-02-14,95145,6338773,47427,3184678,47718,3154095,0,0,51557,3249533,43437,1548189,53226,4797722,
All CA Counties,2021-02-15,141444,6480217,62169,3246847,79275,3233370,0,0,78372,3268369,62723,1610912,81559,4879281,
All CA Counties,2021-02-16,247553,6727770,117525,3364372,130028,3363398,0,0,132855,3290300,114351,1725263,136282,5015563,
All CA Counties,2021-02-17,256831,6984601,128083,3492455,128748,3492146,0,0,128297,3294204,128042,1853305,131946,5147509,
All CA Counties,2021-02-18,271140,7255741,141565,3634020,129575,3621721,0,0,131835,3292064,138662,1991967,136522,5284031,
All CA Counties,2021-02-19,251261,7507002,145779,3779799,105482,3727203,0,0,129949,3303315,120870,2112837,132121,5416152,
All CA Counties,2021-02-20,151325,7658327,96837,3876636,54488,3781691,0,0,83297,3321108,67792,2180629,85585,5501737,
All CA Counties,2021-02-21,72000,7730327,58091,3934727,13909,3795600,0,0,35520,3322654,36261,2216890,37807,5539544,
All CA Counties,2021-02-22,162590,7892917,109072,4043799,53518,3849118,0,0,81606,3326072,80675,2297565,84093,5623637,
All CA Counties,2021-02-23,221620,8114537,116472,4160271,105148,3954266,0,0,102914,3317767,118182,2415747,109877,5733514,
All CA Counties,2021-02-24,280669,8395206,141617,4301888,139052,4093318,0,0,133905,3314104,146179,2561926,142516,5876030,
All CA Counties,2021-02-25,315431,8710637,154142,4456030,161289,4254607,0,0,164896,3338563,149892,2711818,174351,6050381,
All CA Counties,2021-02-26,349437,9060074,162739,4618769,186698,4441305,0,0,195600,3388487,152995,2864813,202919,6253300,
All CA Counties,2021-02-27,245559,9305633,117368,4736137,128173,4569478,18,18,139059,3426191,105946,2970759,143650,6396950,
All CA Counties,2021-02-28,129416,9435049,77239,4813376,52174,4621652,3,21,75813,3452577,53222,3023981,79608,6476558,
All CA Counties,2021-03-01,235934,9670983,125010,4938386,110878,4732530,46,67,136453,3495089,98854,3122835,141366,6617924,
All CA Counties,2021-03-02,274903,9945886,133739,5072125,141149,4873679,15,82,163676,3555839,110783,3233618,171533,6789457,
All CA Counties,2021-03-03,326610,10272496,161259,5233384,165313,5038992,38,120,187625,3613329,138364,3371982,195854,6985311,
All CA Counties,2021-03-04,345074,10617570,173362,5406746,171630,5210622,82,202,202169,3680943,142221,3514203,209835,7195146,
All CA Counties,2021-03-05,330954,10948524,160884,5567630,168966,5379588,1104,1306,204961,3769356,125257,3639460,213670,7408816,
All CA Counties,2021-03-06,255046,11203570,130046,5697676,117222,5496810,7778,9084,158070,3843848,96599,3736059,171091,7579907,
All CA Counties,2021-03-07,123988,11327558,75383,5773059,44573,5541383,4032,13116,77113,3882846,46713,3782772,85711,7665618,
All CA Counties,2021-03-08,214687,11542245,103207,5876266,101131,5642514,10349,23465,139959,3963763,74392,3857164,155309,7820927,
All CA Counties,2021-03-09,265559,11807804,114935,5991201,134865,5777379,15759,39224,143306,4006713,121827,3978991,164777,7985704,
All CA Counties,2021-03-10,312391,12120195,153439,6144640,135230,5912609,23722,62946,168009,4060145,143803,4122794,197235,8182939,
All CA Counties,2021-03-11,371215,12491410,179018,6323658,159496,6072105,32701,95647,190901,4109697,179470,4302264,229022,8411961,
All CA Counties,2021-03-12,387380,12878790,172208,6495866,169337,6241442,45835,141482,189071,4151063,197586,4499850,238952,8650913,
All CA Counties,2021-03-13,278056,13156846,121700,6617566,125617,6367059,30739,172221,150143,4208727,127506,4627356,185170,8836083,
All CA Counties,2021-03-14,152312,13309158,81288,6698854,56247,6423306,14777,186998,82249,4238315,69816,4697172,99404,8935487,
All CA Counties,2021-03-15,287127,13596285,136627,6835481,130177,6553483,20323,207321,156900,4289401,129559,4826731,180645,9116132,
All CA Counties,2021-03-16,366284,13962569,171350,7006831,177856,6731339,17078,224399,214340,4373434,151270,4978001,235303,9351435,
All CA Counties,2021-03-17,377983,14340552,186703,7193534,173104,6904443,18176,242575,234696,4486711,142574,5120575,255851,9607286,
All CA Counties,2021-03-18,393427,14733979,199670,7393204,176059,7080502,17698,260273,236055,4587218,156390,5276965,256897,9864183,
All CA Counties,2021-03-19,402800,15136779,210651,7603855,170844,7251346,21305,281578,236244,4681591,165681,5442646,260054,10124237,
All CA Counties,2021-03-20,289574,15426353,151800,7755655,122116,7373462,15658,297236,186117,4782419,102875,5545521,203703,10327940,
All CA Counties,2021-03-21,141108,15567461,97071,7852726,36655,7410117,7382,304618,89146,4830008,51677,5597198,99266,10427206,
All CA Counties,2021-03-22,268154,15835615,156351,8009077,100954,7511071,10849,315467,177426,4931728,90102,5687300,191822,10619028,
All CA Counties,2021-03-23,351400,16187015,192773,8201850,147971,7659042,10656,326123,226449,5047512,124143,5811443,239927,10858955,
All CA Counties,2021-03-24,381063,16568078,218411,8420261,150627,7809669,12025,338148,224709,5132258,155256,5966699,240002,11098957,
All CA Counties,2021-03-25,408723,16976801,224418,8644679,170032,7979701,14273,352421,235700,5212568,171864,6138563,252174,11351131,
All CA Counties,2021-03-26,426114,17402915,227228,8871907,183160,8162861,15726,368147,235924,5278108,189104,6327667,254644,11605775,
All CA Counties,2021-03-27,306219,17709134,162699,9034606,132234,8295095,11286,379433,157534,5301227,147963,6475630,171082,11776857,
All CA Counties,2021-03-28,165874,17875008,105862,9140468,56446,8351541,3566,382999,90905,5323007,74605,6550235,96385,11873242,
All CA Counties,2021-03-29,305727,18180735,164830,9305298,132376,8483917,8521,391520,174486,5377907,130598,6680833,185498,12058740,
All CA Counties,2021-03-30,392085,18572820,197960,9503258,176786,8660703,17339,408859,239272,5484212,152144,6832977,258449,12317189,
All CA Counties,2021-03-31,418579,18991399,227542,9730800,170003,8830706,21034,429893,240783,5570173,176960,7009937,262921,12580110,
All CA Counties,2021-04-01,479535,19470934,245469,9976269,195555,9026261,38511,468404,266427,5664246,212133,7222070,306206,12886316,
All CA Counties,2021-04-02,462965,19933899,226084,10202353,195383,9221644,41498,509902,253532,5752602,208368,7430438,296724,13183040,
All CA Counties,2021-04-03,322538,20256437,163969,10366322,118455,9340099,40114,550016,162116,5796410,159868,7590306,203676,13386716,
All CA Counties,2021-04-04,131019,20387456,68330,10434652,43950,9384049,18739,568755,58503,5801609,72290,7662596,77489,13464205,
All CA Counties,2021-04-05,347694,20735150,179285,10613937,129671,9513720,38738,607493,173428,5842797,173716,7836312,214904,13679109,
All CA Counties,2021-04-06,451250,21186400,229140,10843077,157709,9671429,64401,671894,220734,5900777,229725,8066037,287705,13966814,
All CA Counties,2021-04-07,465122,21651522,242063,11085140,154287,9825716,68772,740666,228602,5964738,235697,8301734,299658,14266472,
All CA Counties,2021-04-08,491701,22143223,248767,11333907,159979,9985695,82955,823621,233113,6025620,257598,8559332,318480,14584952,
All CA Counties,2021-04-09,481726,22624949,240052,11573959,163559,10149254,78115,901736,223749,6073968,257067,8816399,305415,14890367,
All CA Counties,2021-04-10,359913,22984862,165133,11739092,122224,10271478,72556,974292,152318,6094840,206977,9023376,227849,15118216,
All CA Counties,2021-04-11,184008,23168870,102757,11841849,47574,10319052,33677,1007969,76199,6100755,107505,9130881,113420,15231636,
All CA Counties,2021-04-12,334994,23503864,172552,12014401,125241,10444293,37201,1045170,156339,6120038,177828,9308709,197111,15428747,
All CA Counties,2021-04-13,425279,23929143,237048,12251449,187321,10631614,910,1046080,237582,6175567,186836,9495545,242365,15671112,
All CA Counties,2021-04-14,441607,24370750,248006,12499455,193333,10824947,268,1046348,231949,6205267,208640,9704185,238340,15909452,
All CA Counties,2021-04-15,479096,24849846,278877,12778332,199996,11024943,223,1046571,269432,6271224,208396,9912581,274353,16183805,
All CA Counties,2021-04-16,464412,25314258,262087,13040419,202027,11226970,298,1046869,249081,6309304,214262,10126843,252342,16436147,
All CA Counties,2021-04-17,331235,25645493,186582,13227001,144613,11371583,40,1046909,187793,6358255,142783,10269626,191734,16627881,
All CA Counties,2021-04-18,151273,25796766,95784,13322785,55474,11427057,15,1046924,79015,6369011,71913,10341539,82669,16710550,
All CA Counties,2021-04-19,313435,26110201,181307,13504092,132034,11559091,94,1047018,149034,6357582,163641,10505180,152212,16862762,
All CA Counties,2021-04-20,401321,26511522,213532,13717624,187742,11746833,47,1047065,200760,6364344,199668,10704848,206430,17069192,
All CA Counties,2021-04-21,413704,26925226,234746,13952370,178708,11925541,250,1047315,200047,6358167,212468,10917316,206291,17275483,
All CA Counties,2021-04-22,436645,27361871,248332,14200702,188243,12113784,70,1047385,196466,6322959,238980,11156296,203772,17479255,
All CA Counties,2021-04-23,427269,27789140,243945,14444647,183245,12297029,79,1047464,193927,6295459,232156,11388452,204656,17683911,
All CA Counties,2021-04-24,317443,28106583,201067,14645714,116220,12413249,156,1047620,162183,6310758,154445,11542897,169744,17853655,
All CA Counties,2021-04-25,147310,28253893,97031,14742745,50217,12463466,62,1047682,78911,6324097,68027,11610924,81366,17935021,
All CA Counties,2021-04-26,264094,28517987,153669,14896414,109052,12572518,1373,1049055,114109,6298917,149201,11760125,124021,18059042,
All CA Counties,2021-04-27,333176,28851163,183733,15080147,144157,12716675,5286,1054341,133577,6248017,198642,11958767,147742,18206784,
All CA Counties,2021-04-28,326821,29177984,185754,15265901,133656,12850331,7411,1061752,131812,6200900,194139,12152906,147022,18353806,
All CA Counties,2021-04-29,305454,29483438,175371,15441272,123302,12973633,6781,1068533,109235,6130365,195364,12348270,124829,18478635,
All CA Counties,2021-04-30,262456,29745894,151840,15593112,106395,13080028,4221,1072754,94456,6069016,167277,12515547,105928,18584563,
All CA Counties,2021-05-01,169474,29915368,109662,15702774,56972,13137000,2840,1075594,61221,6029965,107829,12623376,68778,18653341,
All CA Counties,2021-05-02,62354,29977722,48125,15750899,13158,13150158,1071,1076665,24615,6019122,37542,12660918,26699,18680040,
All CA Counties,2021-05-03,146630,30124352,84198,15835097,58808,13208966,3624,1080289,46524,5972651,99658,12760576,53187,18733227,
All CA and Non-CA Counties,2020-12-15,1140,1140,1140,1140,0,0,0,0,1140,1140,0,0,1140,1140,
All CA and Non-CA Counties,2020-12-16,8382,9522,8382,9522,0,0,0,0,8382,9522,0,0,8382,9522,
All CA and Non-CA Counties,2020-12-17,27316,36838,27316,36838,0,0,0,0,27316,36838,0,0,27316,36838,
All CA and Non-CA Counties,2020-12-18,46310,83148,46249,83087,61,61,0,0,46310,83148,0,0,46310,83148,
All CA and Non-CA Counties,2020-12-19,26319,109467,26295,109382,24,85,0,0,26318,109465,1,1,26318,109466,
All CA and Non-CA Counties,2020-12-20,19637,129104,19603,128985,34,119,0,0,19636,129100,1,2,19636,129102,
All CA and Non-CA Counties,2020-12-21,51717,180821,51634,180619,83,202,0,0,51715,180814,1,3,51715,180817,
All CA and Non-CA Counties,2020-12-22,51914,232735,49729,230348,2185,2387,0,0,51912,232725,1,4,51912,232729,
All CA and Non-CA Counties,2020-12-23,51754,284489,42917,273265,8837,11224,0,0,51750,284475,0,4,51750,284479,
All CA and Non-CA Counties,2020-12-24,24813,309302,16928,290193,7885,19109,0,0,24810,309284,1,5,24810,309289,
All CA and Non-CA Counties,2020-12-25,2364,311666,2041,292234,323,19432,0,0,2364,311648,0,5,2364,311653,
All CA and Non-CA Counties,2020-12-26,14913,326579,9637,301871,5276,24708,0,0,14912,326559,1,6,14912,326565,
All CA and Non-CA Counties,2020-12-27,9576,336155,5638,307509,3938,28646,0,0,9575,336133,1,7,9575,336140,
All CA and Non-CA Counties,2020-12-28,47064,383219,30165,337674,16899,45545,0,0,47061,383191,3,10,47061,383201,
All CA and Non-CA Counties,2020-12-29,52567,435786,29529,367203,23038,68583,0,0,52563,435751,3,13,52563,435764,
All CA and Non-CA Counties,2020-12-30,64868,500654,36923,404126,27945,96528,0,0,64860,500608,3,16,64860,500624,
All CA and Non-CA Counties,2020-12-31,30403,531057,11433,415559,18970,115498,0,0,30393,530995,6,22,30393,531017,
All CA and Non-CA Counties,2021-01-01,4065,535122,1771,417330,2294,117792,0,0,4060,535052,3,25,4060,535077,
All CA and Non-CA Counties,2021-01-02,18675,553797,10357,427687,8318,126110,0,0,18673,553724,1,26,18673,553750,
All CA and Non-CA Counties,2021-01-03,6301,560098,3564,431251,2737,128847,0,0,6272,559984,12,38,6272,560022,
All CA and Non-CA Counties,2021-01-04,44509,604607,22452,453703,22057,150904,0,0,44424,604364,44,82,44424,604446,
All CA and Non-CA Counties,2021-01-05,57754,662361,30406,484109,27348,178252,0,0,52128,651009,5569,5651,52214,656660,
All CA and Non-CA Counties,2021-01-06,75708,738069,41980,526089,33728,211980,0,0,59669,694847,15859,21510,59697,716357,
All CA and Non-CA Counties,2021-01-07,95928,833997,54795,580884,41133,253113,0,0,63798,726722,31969,53479,63844,780201,
All CA and Non-CA Counties,2021-01-08,110867,944864,66896,647780,43971,297084,0,0,67926,751908,42799,96278,67985,848186,
All CA and Non-CA Counties,2021-01-09,45464,990328,25966,673746,19498,316582,0,0,28665,763823,16777,113055,28692,876878,
All CA and Non-CA Counties,2021-01-10,24518,1014846,14996,688742,9522,326104,0,0,13183,765704,11319,124374,13200,890078,
All CA and Non-CA Counties,2021-01-11,107473,1122319,71315,760057,36158,362262,0,0,62447,783329,44985,169359,62610,952688,
All CA and Non-CA Counties,2021-01-12,116363,1238682,68726,828783,47637,409899,0,0,73891,815055,42388,211747,74114,1026802,
All CA and Non-CA Counties,2021-01-13,122228,1360910,63211,891994,59017,468916,0,0,87444,867874,34700,246447,87519,1114321,
All CA and Non-CA Counties,2021-01-14,126833,1487743,50583,942577,76250,545166,0,0,106689,954677,20029,266476,106832,1221153,
All CA and Non-CA Counties,2021-01-15,145861,1633604,53019,995596,92842,638008,0,0,130409,1069920,15347,281823,130590,1351743,
All CA and Non-CA Counties,2021-01-16,83030,1716634,27762,1023358,55268,693276,0,0,75340,1137645,7663,289486,75388,1427131,
All CA and Non-CA Counties,2021-01-17,48521,1765155,16922,1040280,31599,724875,0,0,44843,1178862,3671,293157,44888,1472019,
All CA and Non-CA Counties,2021-01-18,88846,1854001,46383,1086663,42463,767338,0,0,69261,1228769,19504,312661,69411,1541430,
All CA and Non-CA Counties,2021-01-19,145516,1999517,74684,1161347,70832,838170,0,0,113572,1310805,31851,344512,113887,1655317,
All CA and Non-CA Counties,2021-01-20,162547,2162064,81692,1243039,80855,919025,0,0,128439,1405562,33926,378438,128683,1784000,
All CA and Non-CA Counties,2021-01-21,176324,2338388,77299,1320338,99025,1018050,0,0,156937,1543643,19173,397611,157254,1941254,
All CA and Non-CA Counties,2021-01-22,173334,2511722,69933,1390271,103401,1121451,0,0,158749,1688100,14452,412063,158909,2100163,
All CA and Non-CA Counties,2021-01-23,113228,2624950,49734,1440005,63494,1184945,0,0,100536,1776115,12633,424696,100648,2200811,
All CA and Non-CA Counties,2021-01-24,61480,2686430,29719,1469724,31761,1216706,0,0,56770,1828257,4680,429376,56822,2257633,
All CA and Non-CA Counties,2021-01-25,148238,2834668,66807,1536531,81431,1298137,0,0,112700,1905844,35453,464829,113040,2370673,
All CA and Non-CA Counties,2021-01-26,173651,3008319,85331,1621862,88320,1386457,0,0,135728,2004031,37801,502630,135988,2506661,
All CA and Non-CA Counties,2021-01-27,184114,3192433,90479,1712341,93635,1480092,0,0,144570,2109624,39175,541805,144768,2651429,
All CA and Non-CA Counties,2021-01-28,192155,3384588,88981,1801322,103174,1583266,0,0,157788,2233520,34078,575883,157974,2809403,
All CA and Non-CA Counties,2021-01-29,187561,3572149,91062,1892384,96499,1679765,0,0,152427,2351531,34570,610453,152581,2961984,
All CA and Non-CA Counties,2021-01-30,127055,3699204,57449,1949833,69606,1749371,0,0,111868,2448509,15026,625479,112004,3073988,
All CA and Non-CA Counties,2021-01-31,72345,3771549,41648,1991481,30697,1780068,0,0,67246,2510753,5053,630532,67297,3141285,
All CA and Non-CA Counties,2021-02-01,163561,3935110,75400,2066881,88161,1868229,0,0,124790,2597045,38624,669156,124916,3266201,
All CA and Non-CA Counties,2021-02-02,192427,4127537,81644,2148525,110783,1979012,0,0,146043,2697274,46030,715186,146259,3412460,
All CA and Non-CA Counties,2021-02-03,217125,4344662,96922,2245447,120203,2099215,0,0,162625,2806108,54021,769207,162855,3575315,
All CA and Non-CA Counties,2021-02-04,234109,4578771,101933,2347380,132176,2231391,0,0,172788,2918466,60775,829982,173133,3748448,
All CA and Non-CA Counties,2021-02-05,252019,4830790,108446,2455826,143573,2374964,0,0,172558,3012850,78709,908691,173093,3921541,
All CA and Non-CA Counties,2021-02-06,158859,4989649,76835,2532661,82024,2456988,0,0,123774,3102197,34913,943604,124260,4045801,
All CA and Non-CA Counties,2021-02-07,68768,5058417,44839,2577500,23929,2480917,0,0,52319,3138597,16364,959968,52764,4098565,
All CA and Non-CA Counties,2021-02-08,185087,5243504,91547,2669047,93540,2574457,0,0,122963,3200612,61666,1021634,123681,4222246,
All CA and Non-CA Counties,2021-02-09,214481,5457985,103467,2772514,111014,2685471,0,0,129277,3246264,84763,1106397,130415,4352661,
All CA and Non-CA Counties,2021-02-10,253234,5711219,121479,2893993,131755,2817226,0,0,141299,3277933,111118,1217515,142787,4495448,
All CA and Non-CA Counties,2021-02-11,268120,5979339,132687,3026680,135433,2952659,0,0,148423,3309472,118662,1336177,150201,4645649,
All CA and Non-CA Counties,2021-02-12,276268,6255607,120754,3147434,155514,3108173,0,0,150087,3336518,125388,1461565,152434,4798083,
All CA and Non-CA Counties,2021-02-13,168581,6424188,77696,3225130,90885,3199058,0,0,93732,3357761,74438,1536003,95681,4893764,
All CA and Non-CA Counties,2021-02-14,96475,6520663,47827,3272957,48648,3247706,0,0,52647,3368406,43673,1579676,54318,4948082,
All CA and Non-CA Counties,2021-02-15,143993,6664656,63714,3336671,80279,3327985,0,0,79598,3387164,64031,1643707,82789,5030871,
All CA and Non-CA Counties,2021-02-16,254089,6918745,120507,3457178,133582,3461567,0,0,135499,3407861,118233,1761940,138930,5169801,
All CA and Non-CA Counties,2021-02-17,262735,7181480,131023,3588201,131712,3593279,0,0,130127,3409531,132110,1894050,133780,5303581,
All CA and Non-CA Counties,2021-02-18,277612,7459092,145327,3733528,132285,3725564,0,0,133894,3405055,143058,2037108,138582,5442163,
All CA and Non-CA Counties,2021-02-19,257136,7716228,149894,3883422,107242,3832806,0,0,132419,3415378,124269,2161377,134592,5576755,
All CA and Non-CA Counties,2021-02-20,154573,7870801,99424,3982846,55149,3887955,0,0,84498,3432330,69835,2231212,86787,5663542,
All CA and Non-CA Counties,2021-02-21,73802,7944603,59677,4042523,14125,3902080,0,0,36142,3433322,37437,2268649,38429,5701971,
All CA and Non-CA Counties,2021-02-22,166054,8110657,111609,4154132,54445,3956525,0,0,83230,3436530,82514,2351163,85722,5787693,
All CA and Non-CA Counties,2021-02-23,227522,8338179,119754,4273886,107768,4064293,0,0,105231,3426978,121760,2472923,112208,5899901,
All CA and Non-CA Counties,2021-02-24,287043,8625222,145131,4419017,141912,4206205,0,0,136406,3421953,150047,2622970,145022,6044923,
All CA and Non-CA Counties,2021-02-25,322402,8947624,157688,4576705,164714,4370919,0,0,168044,3445772,153684,2776654,177503,6222426,
All CA and Non-CA Counties,2021-02-26,356273,9303897,166371,4743076,189902,4560821,0,0,198788,3495316,156564,2933218,206108,6428534,
All CA and Non-CA Counties,2021-02-27,250880,9554777,119935,4863011,130926,4691747,19,19,140925,3531446,109390,3042608,145520,6574054,
All CA and Non-CA Counties,2021-02-28,131847,9686624,79009,4942020,52834,4744581,4,23,76616,3557012,54847,3097455,80413,6654467,
All CA and Non-CA Counties,2021-03-01,240689,9927313,127962,5069982,112680,4857261,47,70,137773,3597423,102281,3199736,142692,6797159,
All CA and Non-CA Counties,2021-03-02,281099,10208412,135748,5205730,145336,5002597,15,85,165556,3655751,115087,3314823,173415,6970574,
All CA and Non-CA Counties,2021-03-03,334371,10542783,164221,5369951,170110,5172707,40,125,190221,3710691,143516,3458339,198456,7169030,
All CA and Non-CA Counties,2021-03-04,351833,10894616,176238,5546189,175509,5348216,86,211,204510,3776250,146623,3604962,212182,7381212,
All CA and Non-CA Counties,2021-03-05,336022,11230638,163339,5709528,171565,5519781,1118,1329,207570,3864835,127715,3732677,216300,7597512,
All CA and Non-CA Counties,2021-03-06,259652,11490290,132166,5841694,119550,5639331,7936,9265,160408,3939565,98865,3831542,173595,7771107,
All CA and Non-CA Counties,2021-03-07,125539,11615829,76362,5918056,45091,5684422,4086,13351,78042,3978927,47333,3878875,86695,7857802,
All CA and Non-CA Counties,2021-03-08,217673,11833502,104926,6022982,102150,5786572,10597,23948,142034,4061291,75275,3954150,157639,8015441,
All CA and Non-CA Counties,2021-03-09,269858,12103360,116971,6139953,136802,5923374,16085,40033,145734,4105127,123695,4077845,167531,8182972,
All CA and Non-CA Counties,2021-03-10,316488,12419848,155270,6295223,136992,6060366,24226,64259,170451,4159863,145452,4223297,200188,8383160,
All CA and Non-CA Counties,2021-03-11,377171,12797019,181942,6477165,161840,6222206,33389,97648,194019,4210391,182301,4405598,232829,8615989,
All CA and Non-CA Counties,2021-03-12,393563,13190582,175825,6652990,171173,6393379,46565,144213,192353,4252879,200476,4606074,242964,8858953,
All CA and Non-CA Counties,2021-03-13,281783,13472365,123836,6776826,126741,6520120,31206,175419,152727,4312460,128643,4734717,188224,9047177,
All CA and Non-CA Counties,2021-03-14,154073,13626438,82185,6859011,56786,6576906,15102,190521,83294,4342703,70532,4805249,100775,9147952,
All CA and Non-CA Counties,2021-03-15,291065,13917503,138656,6997667,131648,6708554,20761,211282,158989,4394475,131405,4936654,183177,9331129,
All CA and Non-CA Counties,2021-03-16,373534,14291037,175473,7173140,180612,6889166,17449,228731,218298,4479547,154559,5091213,239631,9570760,
All CA and Non-CA Counties,2021-03-17,386025,14677062,191756,7364896,175727,7064893,18542,247273,239401,4594565,145905,5237118,260923,9831683,
All CA and Non-CA Counties,2021-03-18,401389,15078451,204466,7569362,178701,7243594,18222,265495,240596,4696724,159803,5396921,261962,10093645,
All CA and Non-CA Counties,2021-03-19,410088,15488539,214966,7784328,173274,7416868,21848,287343,240649,4793164,168565,5565486,265005,10358650,
All CA and Non-CA Counties,2021-03-20,294289,15782828,154880,7939208,123665,7540533,15744,303087,189745,4896628,103953,5669439,207417,10566067,
All CA and Non-CA Counties,2021-03-21,143131,15925959,98436,8037644,37226,7577759,7469,310556,90771,4945535,52072,5721511,100979,10667046,
All CA and Non-CA Counties,2021-03-22,271399,16197358,158301,8195945,102161,7679920,10937,321493,179666,5048588,91097,5812608,194150,10861196,
All CA and Non-CA Counties,2021-03-23,357389,16554747,195822,8391767,150637,7830557,10930,332423,230657,5167088,125910,5938518,244410,11105606,
All CA and Non-CA Counties,2021-03-24,388250,16942997,222083,8613850,153719,7984276,12448,344871,229743,5255141,157403,6095921,245456,11351062,
All CA and Non-CA Counties,2021-03-25,416792,17359789,228108,8841958,173925,8158201,14759,359630,241731,5339942,173890,6269811,258691,11609753,
All CA and Non-CA Counties,2021-03-26,432688,17792477,230670,9072628,186119,8344320,15899,375529,240408,5408070,191172,6460983,259300,11869053,
All CA and Non-CA Counties,2021-03-27,311526,18104003,165727,9238355,134414,8478734,11385,386914,160957,5432829,149842,6610825,174601,12043654,
All CA and Non-CA Counties,2021-03-28,168908,18272911,107464,9345819,57721,8536455,3723,390637,92940,5455808,75598,6686423,98577,12142231,
All CA and Non-CA Counties,2021-03-29,310727,18583638,167007,9512826,134868,8671323,8852,399489,177508,5512087,132573,6818996,188852,12331083,
All CA and Non-CA Counties,2021-03-30,398713,18982351,201367,9714193,179465,8850788,17881,417370,243418,5620619,154613,6973609,263145,12594228,
All CA and Non-CA Counties,2021-03-31,424666,19407017,231152,9945345,171721,9022509,21793,439163,244254,5708195,179573,7153182,267149,12861377,
All CA and Non-CA Counties,2021-04-01,486688,19893705,249654,10194999,197907,9220416,39127,478290,270688,5804246,215026,7368208,311077,13172454,
All CA and Non-CA Counties,2021-04-02,471140,20364845,230264,10425263,198250,9418666,42626,520916,257934,5894366,212135,7580343,302255,13474709,
All CA and Non-CA Counties,2021-04-03,328581,20693426,167519,10592782,119799,9538465,41263,562179,165276,5939605,162746,7743089,207985,13682694,
All CA and Non-CA Counties,2021-04-04,132805,20826231,69203,10661985,44630,9583095,18972,581151,59510,5945266,73068,7816157,78729,13761423,
All CA and Non-CA Counties,2021-04-05,351677,21177908,181215,10843200,131071,9714166,39391,620542,175369,5987011,175754,7991911,217499,13978922,
All CA and Non-CA Counties,2021-04-06,457990,21635898,232692,11075892,159346,9873512,65952,686494,223493,6045331,233694,8225605,292014,14270936,
All CA and Non-CA Counties,2021-04-07,472825,22108723,246351,11322243,156048,10029560,70426,756920,231734,6109498,240267,8465872,304434,14575370,
All CA and Non-CA Counties,2021-04-08,499467,22608190,252763,11575006,161851,10191411,84853,841773,236263,6170807,262212,8728084,323521,14898891,
All CA and Non-CA Counties,2021-04-09,489004,23097194,243730,11818736,165255,10356666,80019,921792,226675,6219641,261413,8989497,310247,15209138,
All CA and Non-CA Counties,2021-04-10,365967,23463161,168205,11986941,123359,10480025,74403,996195,154043,6239760,211301,9200798,231420,15440558,
All CA and Non-CA Counties,2021-04-11,186846,23650007,104287,12091228,48252,10528277,34307,1030502,77235,6245541,109306,9310104,115087,15555645,
All CA and Non-CA Counties,2021-04-12,338948,23988955,174749,12265977,126471,10654748,37728,1068230,158175,6265073,179942,9490046,199474,15755119,
All CA and Non-CA Counties,2021-04-13,430833,24419788,240569,12506546,189330,10844078,934,1069164,240378,6320670,189589,9679635,245186,16000305,
All CA and Non-CA Counties,2021-04-14,446724,24866512,251235,12757781,195218,11039296,271,1069435,234727,6350817,210974,9890609,241121,16241426,
All CA and Non-CA Counties,2021-04-15,484998,25351510,282452,13040233,202316,11241612,230,1069665,272637,6417341,211042,10101651,277566,16518992,
All CA and Non-CA Counties,2021-04-16,470304,25821814,265504,13305737,204495,11446107,305,1069970,252485,6456351,216744,10318395,255754,16774746,
All CA and Non-CA Counties,2021-04-17,336419,26158233,189649,13495386,146729,11592836,41,1070011,190750,6506040,145003,10463398,194692,16969438,
All CA and Non-CA Counties,2021-04-18,153364,26311597,96943,13592329,56405,11649241,16,1070027,80015,6516712,72999,10536397,83671,17053109,
All CA and Non-CA Counties,2021-04-19,317567,26629164,183269,13775598,134203,11783444,95,1070122,151199,6505495,165597,10701994,154380,17207489,
All CA and Non-CA Counties,2021-04-20,406737,27035901,216074,13991672,190616,11974060,47,1070169,203142,6511611,202696,10904690,208812,17416301,
All CA and Non-CA Counties,2021-04-21,420241,27456142,237602,14229274,182387,12156447,252,1070421,202566,6503951,216473,11121163,208813,17625114,
All CA and Non-CA Counties,2021-04-22,443711,27899853,252138,14481412,191500,12347947,73,1070494,199371,6467498,243134,11364297,206681,17831795,
All CA and Non-CA Counties,2021-04-23,433198,28333051,246999,14728411,186119,12534066,80,1070574,196545,6439320,235455,11599752,207277,18039072,
All CA and Non-CA Counties,2021-04-24,322363,28655414,204505,14932916,117698,12651764,160,1070734,164446,6454236,157098,11756850,172014,18211086,
All CA and Non-CA Counties,2021-04-25,149481,28804895,98316,15031232,51101,12702865,64,1070798,80042,6467673,69064,11825914,82501,18293587,
All CA and Non-CA Counties,2021-04-26,267527,29072422,155116,15186348,111017,12813882,1394,1072192,115660,6442188,151078,11976992,125593,18419180,
All CA and Non-CA Counties,2021-04-27,338232,29410654,185441,15371789,147216,12961098,5575,1077767,135490,6390358,201779,12178771,149949,18569129,
All CA and Non-CA Counties,2021-04-28,331582,29742236,187759,15559548,136022,13097120,7801,1085568,133813,6342883,196890,12375661,149415,18718544,
All CA and Non-CA Counties,2021-04-29,310150,30052386,177576,15737124,125386,13222506,7188,1092756,111404,6272414,197877,12573538,127408,18845952,
All CA and Non-CA Counties,2021-04-30,265729,30318115,153333,15890457,107890,13330396,4506,1097262,95791,6210754,169208,12742746,107548,18953500,
All CA and Non-CA Counties,2021-05-01,171341,30489456,110762,16001219,57424,13387820,3155,1100417,62096,6171905,108818,12851564,69969,19023469,
All CA and Non-CA Counties,2021-05-02,63134,30552590,48654,16049873,13397,13401217,1083,1101500,25102,6161270,37834,12889398,27199,19050668,
All CA and Non-CA Counties,2021-05-03,148065,30700655,84888,16134761,59426,13460643,3751,1105251,47201,6114848,100414,12989812,53992,19104660,
Outside California,2020-12-15,7,7,7,7,0,0,0,0,7,7,0,0,7,7,Not in California
Outside California,2020-12-16,265,272,265,272,0,0,0,0,265,272,0,0,265,272,Not in California
Outside California,2020-12-17,1599,1871,1599,1871,0,0,0,0,1599,1871,0,0,1599,1871,Not in California
Outside California,2020-12-18,2558,4429,2551,4422,7,7,0,0,2558,4429,0,0,2558,4429,Not in California
Outside California,2020-12-19,1039,5468,1038,5460,1,8,0,0,1039,5468,0,0,1039,5468,Not in California
Outside California,2020-12-20,674,6142,672,6132,2,10,0,0,674,6142,0,0,674,6142,Not in California
Outside California,2020-12-21,2192,8334,2189,8321,3,13,0,0,2192,8334,0,0,2192,8334,Not in California
Outside California,2020-12-22,2064,10398,1991,10312,73,86,0,0,2064,10398,0,0,2064,10398,Not in California
Outside California,2020-12-23,1520,11918,1387,11699,133,219,0,0,1520,11918,0,0,1520,11918,Not in California
Outside California,2020-12-24,804,12722,612,12311,192,411,0,0,804,12722,0,0,804,12722,Not in California
Outside California,2020-12-25,33,12755,29,12340,4,415,0,0,33,12755,0,0,33,12755,Not in California
Outside California,2020-12-26,308,13063,204,12544,104,519,0,0,308,13063,0,0,308,13063,Not in California
Outside California,2020-12-27,188,13251,73,12617,115,634,0,0,188,13251,0,0,188,13251,Not in California
Outside California,2020-12-28,1418,14669,900,13517,518,1152,0,0,1418,14669,0,0,1418,14669,Not in California
Outside California,2020-12-29,1551,16220,1017,14534,534,1686,0,0,1551,16220,0,0,1551,16220,Not in California
Outside California,2020-12-30,1926,18146,1235,15769,691,2377,0,0,1926,18146,0,0,1926,18146,Not in California
Outside California,2020-12-31,1121,19267,600,16369,521,2898,0,0,1120,19265,1,1,1120,19266,Not in California
Outside California,2021-01-01,111,19378,23,16392,88,2986,0,0,111,19376,0,1,111,19377,Not in California
Outside California,2021-01-02,240,19618,133,16525,107,3093,0,0,239,19614,1,2,239,19616,Not in California
Outside California,2021-01-03,170,19788,90,16615,80,3173,0,0,170,19784,0,2,170,19786,Not in California
Outside California,2021-01-04,1146,20934,510,17125,636,3809,0,0,1142,20926,0,2,1142,20928,Not in California
Outside California,2021-01-05,1540,22474,811,17936,729,4538,0,0,1349,22086,189,191,1349,22277,Not in California
Outside California,2021-01-06,2704,25178,1596,19532,1108,5646,0,0,1972,23329,729,920,1972,24249,Not in California
Outside California,2021-01-07,4142,29320,2535,22067,1607,7253,0,0,2487,24165,1653,2573,2489,26738,Not in California
Outside California,2021-01-08,4520,33840,2924,24991,1596,8849,0,0,2642,24942,1868,4441,2645,29383,Not in California
Outside California,2021-01-09,1317,35157,526,25517,791,9640,0,0,992,25612,324,4765,994,30377,Not in California
Outside California,2021-01-10,302,35459,181,25698,121,9761,0,0,182,25674,120,4885,182,30559,Not in California
Outside California,2021-01-11,3309,38768,2012,27710,1297,11058,0,0,1976,26317,1333,6218,1976,32535,Not in California
Outside California,2021-01-12,3879,42647,2313,30023,1566,12624,0,0,2336,27115,1539,7757,2337,34872,Not in California
Outside California,2021-01-13,3692,46339,1802,31825,1890,14514,0,0,2516,28457,1176,8933,2518,37390,Not in California
Outside California,2021-01-14,3752,50091,1275,33100,2477,16991,0,0,3110,30939,629,9562,3111,40501,Not in California
Outside California,2021-01-15,4278,54369,993,34093,3285,20276,0,0,3808,34290,457,10019,3808,44309,Not in California
Outside California,2021-01-16,2697,57066,382,34475,2315,22591,0,0,2528,36651,167,10186,2528,46837,Not in California
Outside California,2021-01-17,494,57560,148,34623,346,22937,0,0,445,37047,49,10235,445,47282,Not in California
Outside California,2021-01-18,1195,58755,767,35390,428,23365,0,0,739,37332,455,10690,740,48022,Not in California
Outside California,2021-01-19,4040,62795,1318,36708,2722,26087,0,0,3145,39585,895,11585,3148,51170,Not in California
Outside California,2021-01-20,4397,67192,1407,38115,2990,29077,0,0,3465,42121,930,12515,3466,54636,Not in California
Outside California,2021-01-21,4130,71322,1113,39228,3017,32094,0,0,3566,45138,549,13064,3566,58202,Not in California
Outside California,2021-01-22,4627,75949,1078,40306,3549,35643,0,0,4232,48980,391,13455,4233,62435,Not in California
Outside California,2021-01-23,2257,78206,331,40637,1926,37569,0,0,2094,50911,163,13618,2094,64529,Not in California
Outside California,2021-01-24,602,78808,243,40880,359,37928,0,0,524,51357,78,13696,524,65053,Not in California
Outside California,2021-01-25,4461,83269,1954,42834,2507,40435,0,0,3596,54091,863,14559,3597,68650,Not in California
Outside California,2021-01-26,5949,89218,2893,45727,3056,43491,0,0,5103,58356,845,15404,5110,73760,Not in California
Outside California,2021-01-27,4820,94038,2670,48397,2150,45641,0,0,4206,61953,610,16014,4207,77967,Not in California
Outside California,2021-01-28,5290,99328,2878,51275,2412,48053,0,0,4764,66202,515,16529,4764,82731,Not in California
Outside California,2021-01-29,4877,104205,3035,54310,1842,49895,0,0,4094,69520,779,17308,4097,86828,Not in California
Outside California,2021-01-30,4338,108543,2294,56604,2044,51939,0,0,4114,73413,221,17529,4114,90942,Not in California
Outside California,2021-01-31,3172,111715,2754,59358,418,52357,0,0,3118,76478,54,17583,3119,94061,Not in California
Outside California,2021-02-01,5480,117195,2566,61924,2914,55271,0,0,4790,80585,683,18266,4790,98851,Not in California
Outside California,2021-02-02,6759,123954,2165,64089,4594,59865,0,0,6040,85913,712,18978,6040,104891,Not in California
Outside California,2021-02-03,7322,131276,2080,66169,5242,65107,0,0,6458,91516,856,19834,6459,111350,Not in California
Outside California,2021-02-04,6793,138069,2172,68341,4621,69728,0,0,5807,96347,977,20811,5808,117158,Not in California
Outside California,2021-02-05,6813,144882,2217,70558,4596,74324,0,0,5752,101042,1057,21868,5752,122910,Not in California
Outside California,2021-02-06,4446,149328,2168,72726,2278,76602,0,0,3985,104578,452,22320,3988,126898,Not in California
Outside California,2021-02-07,2164,151492,1782,74508,382,76984,0,0,2087,106590,77,22397,2089,128987,Not in California
Outside California,2021-02-08,5232,156724,3270,77778,1962,78946,0,0,4179,109726,1043,23440,4179,133166,Not in California
Outside California,2021-02-09,4270,160994,1894,79672,2376,81322,0,0,2965,111409,1296,24736,2979,136145,Not in California
Outside California,2021-02-10,5538,166532,1866,81538,3672,84994,0,0,3097,112115,2433,27169,3139,139284,Not in California
Outside California,2021-02-11,4731,171263,2144,83682,2587,87581,0,0,3424,114258,1298,28467,3441,142725,Not in California
Outside California,2021-02-12,5211,176474,1918,85600,3293,90874,0,0,3391,115842,1812,30279,3396,146121,Not in California
Outside California,2021-02-13,2395,178869,692,86292,1703,92577,0,0,1853,117165,542,30821,1865,147986,Not in California
Outside California,2021-02-14,1323,180192,399,86691,924,93501,0,0,1085,118017,235,31056,1087,149073,Not in California
Outside California,2021-02-15,2506,182698,1508,88199,998,94499,0,0,1198,117924,1295,32351,1202,150275,Not in California
Outside California,2021-02-16,6432,189130,2887,91086,3545,98044,0,0,2613,116732,3809,36160,2617,152892,Not in California
Outside California,2021-02-17,5894,195024,2932,94018,2962,101006,0,0,1826,114499,4063,40223,1830,154722,Not in California
Outside California,2021-02-18,6367,201391,3662,97680,2705,103711,0,0,2040,112230,4310,44533,2041,156763,Not in California
Outside California,2021-02-19,5679,207070,3925,101605,1754,105465,0,0,2412,111381,3262,47795,2413,159176,Not in California
Outside California,2021-02-20,3236,210306,2582,104187,654,106119,0,0,1196,110540,2038,49833,1197,160373,Not in California
Outside California,2021-02-21,1784,212090,1568,105755,216,106335,0,0,618,109996,1162,50995,618,160991,Not in California
Outside California,2021-02-22,3455,215545,2528,108283,927,107262,0,0,1618,109783,1836,52831,1623,162614,Not in California
Outside California,2021-02-23,5839,221384,3231,111514,2608,109870,0,0,2302,108568,3531,56362,2316,164930,Not in California
Outside California,2021-02-24,6331,227715,3479,114993,2852,112722,0,0,2487,107221,3839,60201,2492,167422,Not in California
Outside California,2021-02-25,6895,234610,3486,118479,3409,116131,0,0,3121,106603,3743,63944,3125,170547,Not in California
Outside California,2021-02-26,6796,241406,3607,122086,3189,119320,0,0,3164,106214,3554,67498,3165,173712,Not in California
Outside California,2021-02-27,5294,246700,2553,124639,2740,122060,1,1,1847,104629,3436,70934,1851,175563,Not in California
Outside California,2021-02-28,2414,249114,1757,126396,656,122716,1,2,793,103804,1620,72554,795,176358,Not in California
Outside California,2021-03-01,4711,253825,2926,129322,1784,124500,1,3,1296,101698,3408,75962,1302,177660,Not in California
Outside California,2021-03-02,6176,260001,2001,131323,4175,128675,0,3,1868,99270,4298,80260,1870,179530,Not in California
Outside California,2021-03-03,7748,267749,2955,134278,4791,133466,2,5,2587,96714,5149,85409,2593,182123,Not in California
Outside California,2021-03-04,6706,274455,2827,137105,3875,137341,4,9,2320,94669,4371,89780,2326,184449,Not in California
Outside California,2021-03-05,5035,279490,2440,139545,2581,139922,14,23,2574,94812,2452,92232,2595,187044,Not in California
Outside California,2021-03-06,4574,284064,2109,141654,2309,142231,156,179,2315,95034,2257,94489,2479,189523,Not in California
Outside California,2021-03-07,1541,285605,978,142632,509,142740,54,233,923,95395,617,95106,978,190501,Not in California
Outside California,2021-03-08,2954,288559,1696,144328,1012,143752,246,479,2067,96857,858,95964,2320,192821,Not in California
Outside California,2021-03-09,4260,292819,2004,146332,1934,145686,322,801,2418,97759,1838,97802,2740,195561,Not in California
Outside California,2021-03-10,4088,296907,1825,148157,1761,147447,502,1303,2437,99061,1644,99446,2946,198507,Not in California
Outside California,2021-03-11,5919,302826,2911,151068,2334,149781,674,1977,3104,100030,2810,102256,3779,202286,Not in California
Outside California,2021-03-12,6101,308927,3561,154629,1815,151596,725,2702,3267,101196,2826,105082,3992,206278,Not in California
Outside California,2021-03-13,3703,312630,2132,156761,1108,152704,463,3165,2576,103117,1121,106203,3042,209320,Not in California
Outside California,2021-03-14,1744,314374,888,157649,533,153237,323,3488,1039,103775,705,106908,1363,210683,Not in California
Outside California,2021-03-15,3908,318282,2018,159667,1454,154691,436,3924,2069,104452,1833,108741,2510,213193,Not in California
Outside California,2021-03-16,7186,325468,4101,163768,2718,157409,367,4291,3914,105462,3270,112011,4280,217473,Not in California
Outside California,2021-03-17,7996,333464,5039,168807,2592,160001,365,4656,4666,107167,3327,115338,5032,222505,Not in California
Outside California,2021-03-18,7922,341386,4776,173583,2622,162623,524,5180,4513,108803,3401,118739,5037,227542,Not in California
Outside California,2021-03-19,7259,348645,4296,177879,2420,165043,543,5723,4380,110853,2876,121615,4926,232468,Not in California
Outside California,2021-03-20,4682,353327,3066,180945,1530,166573,86,5809,3609,113482,1066,122681,3695,236163,Not in California
Outside California,2021-03-21,2000,355327,1348,182293,565,167138,87,5896,1606,114784,392,123073,1694,237857,Not in California
Outside California,2021-03-22,3211,358538,1932,184225,1192,168330,87,5983,2222,116110,983,124056,2309,240166,Not in California
Outside California,2021-03-23,5966,364504,3040,187265,2657,170987,269,6252,4197,118821,1756,125812,4467,244633,Not in California
Outside California,2021-03-24,7161,371665,3663,190928,3075,174062,423,6675,5013,122112,2142,127954,5433,250066,Not in California
Outside California,2021-03-25,8021,379686,3656,194584,3879,177941,486,7161,5999,126585,2012,129966,6485,256551,Not in California
Outside California,2021-03-26,6538,386224,3423,198007,2947,180888,168,7329,4462,129162,2052,132018,4629,261180,Not in California
Outside California,2021-03-27,5268,391492,3015,201022,2154,183042,99,7428,3400,130799,1859,133877,3496,264676,Not in California
Outside California,2021-03-28,3018,394510,1593,202615,1268,184310,157,7585,2024,131991,989,134866,2181,266857,Not in California
Outside California,2021-03-29,4962,399472,2160,204775,2472,186782,330,7915,2997,133356,1963,136829,3328,270185,Not in California
Outside California,2021-03-30,6586,406058,3382,208157,2662,189444,542,8457,4120,135572,2454,139283,4670,274855,Not in California
Outside California,2021-03-31,6051,412109,3588,211745,1704,191148,759,9216,3446,137174,2601,141884,4203,279058,Not in California
Outside California,2021-04-01,7125,419234,4172,215917,2337,193485,616,9832,4231,139127,2888,144772,4841,283899,Not in California
Outside California,2021-04-02,8112,427346,4164,220081,2829,196314,1119,10951,4373,140887,3733,148505,5493,289392,Not in California
Outside California,2021-04-03,6024,433370,3541,223622,1334,197648,1149,12100,3151,142319,2868,151373,4300,293692,Not in California
Outside California,2021-04-04,1770,435140,868,224490,669,198317,233,12333,997,142776,773,152146,1230,294922,Not in California
Outside California,2021-04-05,3948,439088,1910,226400,1386,199703,652,12985,1922,143328,2023,154169,2575,297497,Not in California
Outside California,2021-04-06,6706,445794,3535,229935,1621,201324,1550,14535,2742,143668,3951,158120,4291,301788,Not in California
Outside California,2021-04-07,7665,453459,4263,234198,1748,203072,1654,16189,3096,143846,4562,162682,4740,306528,Not in California
Outside California,2021-04-08,7724,461183,3969,238167,1861,204933,1894,18083,3124,144265,4592,167274,5011,311539,Not in California
Outside California,2021-04-09,7237,468420,3653,241820,1680,206613,1904,19987,2900,144739,4332,171606,4806,316345,Not in California
Outside California,2021-04-10,6044,474464,3063,244883,1134,207747,1847,21834,1722,143990,4317,175923,3568,319913,Not in California
Outside California,2021-04-11,2823,477287,1519,246402,674,208421,630,22464,1030,143859,1792,177715,1661,321574,Not in California
Outside California,2021-04-12,3912,481199,2174,248576,1214,209635,524,22988,1819,144113,2089,179804,2343,323917,Not in California
Outside California,2021-04-13,5484,486683,3494,252070,1966,211601,24,23012,2768,144195,2711,182515,2793,326710,Not in California
Outside California,2021-04-14,5083,491766,3219,255289,1861,213462,3,23015,2770,144660,2308,184823,2773,329483,Not in California
Outside California,2021-04-15,5857,497623,3557,258846,2294,215756,6,23021,3189,145238,2618,187441,3196,332679,Not in California
Outside California,2021-04-16,5840,503463,3379,262225,2454,218210,7,23028,3373,146158,2461,189902,3381,336060,Not in California
Outside California,2021-04-17,5158,508621,3053,265278,2104,220314,1,23029,2949,146904,2203,192105,2949,339009,Not in California
Outside California,2021-04-18,2072,510693,1152,266430,919,221233,1,23030,993,146825,1074,193179,995,340004,Not in California
Outside California,2021-04-19,4097,514790,1941,268371,2155,223388,1,23031,2149,147039,1938,195117,2152,342156,Not in California
Outside California,2021-04-20,5392,520182,2528,270899,2864,226252,0,23031,2376,146405,3010,198127,2376,344532,Not in California
Outside California,2021-04-21,6500,526682,2841,273740,3657,229909,2,23033,2508,144937,3979,202106,2511,347043,Not in California
Outside California,2021-04-22,7043,533725,3792,277532,3248,233157,3,23036,2900,143705,4136,206242,2904,349947,Not in California
Outside California,2021-04-23,5896,539621,3039,280571,2856,236013,1,23037,2599,143021,3286,209528,2602,352549,Not in California
Outside California,2021-04-24,4882,544503,3415,283986,1463,237476,4,23041,2235,142620,2643,212171,2242,354791,Not in California
Outside California,2021-04-25,2148,546651,1276,285262,870,238346,2,23043,1119,142717,1026,213197,1123,355914,Not in California
Outside California,2021-04-26,3415,550066,1435,286697,1959,240305,21,23064,1545,142418,1865,215062,1566,357480,Not in California
Outside California,2021-04-27,5032,555098,1699,288396,3044,243349,289,23353,1906,141498,3120,218182,2200,359680,Not in California
Outside California,2021-04-28,4691,559789,1948,290344,2354,245703,389,23742,1953,141113,2729,220911,2344,362024,Not in California
Outside California,2021-04-29,4286,564075,1955,292299,1957,247660,374,24116,1837,140892,2435,223346,2214,364238,Not in California
Outside California,2021-04-30,3264,567339,1492,293791,1488,249148,284,24400,1329,140577,1928,225274,1613,365851,Not in California
Outside California,2021-05-01,1856,569195,1094,294885,448,249596,314,24714,866,140771,987,226261,1181,367032,Not in California
Outside California,2021-05-02,780,569975,529,295414,239,249835,12,24726,487,140979,292,226553,500,367532,Not in California
Outside California,2021-05-03,1434,571409,690,296104,618,250453,126,24852,677,141028,755,227308,804,368336,Not in California
Unknown,2020-12-17,2,2,2,2,0,0,0,0,0,0,0,0,0,0,Not in California
Unknown,2020-12-18,9,11,9,11,0,0,0,0,8,8,0,0,8,8,Not in California
Unknown,2020-12-19,81,92,81,92,0,0,0,0,81,89,0,0,81,89,Not in California
Unknown,2020-12-20,24,116,24,116,0,0,0,0,24,113,0,0,24,113,Not in California
Unknown,2020-12-21,5,121,5,121,0,0,0,0,0,113,0,0,0,113,Not in California
Unknown,2020-12-22,4,125,4,125,0,0,0,0,4,117,0,0,4,117,Not in California
Unknown,2020-12-26,1,126,1,126,0,0,0,0,1,118,0,0,1,118,Not in California
Unknown,2020-12-28,4,130,4,130,0,0,0,0,3,121,0,0,3,121,Not in California
Unknown,2020-12-29,3,133,3,133,0,0,0,0,3,124,0,0,3,124,Not in California
Unknown,2020-12-30,59,192,56,189,3,3,0,0,57,181,0,0,57,181,Not in California
Unknown,2020-12-31,2,194,0,189,2,5,0,0,1,182,0,0,1,182,Not in California
Unknown,2021-01-02,1,195,0,189,1,6,0,0,1,183,0,0,1,183,Not in California
Unknown,2021-01-04,3,198,3,192,0,6,0,0,2,185,0,0,2,185,Not in California
Unknown,2021-01-05,1,199,0,192,1,7,0,0,2,187,0,0,2,187,Not in California
Unknown,2021-01-06,30,229,28,220,2,9,0,0,6,170,23,23,6,193,Not in California
Unknown,2021-01-07,110,339,107,327,3,12,0,0,72,204,38,61,72,265,Not in California
Unknown,2021-01-08,26,365,21,348,5,17,0,0,5,188,21,82,5,270,Not in California
Unknown,2021-01-09,3,368,2,350,1,18,0,0,4,192,0,82,4,274,Not in California
Unknown,2021-01-11,23,391,23,373,0,18,0,0,18,206,4,86,18,292,Not in California
Unknown,2021-01-12,10,401,8,381,2,20,0,0,8,214,1,87,9,301,Not in California
Unknown,2021-01-13,11,412,11,392,0,20,0,0,13,227,0,87,13,314,Not in California
Unknown,2021-01-14,4,416,3,395,1,21,0,0,4,231,0,87,4,318,Not in California
Unknown,2021-01-15,4,420,3,398,1,22,0,0,4,235,0,87,4,322,Not in California
Unknown,2021-01-16,7,427,7,405,0,22,0,0,6,240,1,88,6,328,Not in California
Unknown,2021-01-17,3,430,3,408,0,22,0,0,3,243,0,88,3,331,Not in California
Unknown,2021-01-18,54,484,54,462,0,22,0,0,52,293,2,90,52,383,Not in California
Unknown,2021-01-19,23,507,22,484,1,23,0,0,21,313,1,91,21,404,Not in California
Unknown,2021-01-20,79,586,79,563,0,23,0,0,27,288,52,143,27,431,Not in California
Unknown,2021-01-21,60,646,58,621,2,25,0,0,61,348,1,144,61,492,Not in California
Unknown,2021-01-22,40,686,35,656,5,30,0,0,40,388,0,144,40,532,Not in California
Unknown,2021-01-23,12,698,6,662,6,36,0,0,12,400,0,144,12,544,Not in California
Unknown,2021-01-24,2,700,2,664,0,36,0,0,3,403,0,144,3,547,Not in California
Unknown,2021-01-25,22,722,19,683,3,39,0,0,19,419,3,147,19,566,Not in California
Unknown,2021-01-26,98,820,94,777,4,43,0,0,101,520,0,147,101,667,Not in California
Unknown,2021-01-27,17,837,17,794,0,43,0,0,16,535,1,148,16,683,Not in California
Unknown,2021-01-28,155,992,152,946,3,46,0,0,98,573,60,208,98,781,Not in California
Unknown,2021-01-29,147,1139,146,1092,1,47,0,0,151,723,1,209,151,932,Not in California
Unknown,2021-01-30,10,1149,8,1100,2,49,0,0,13,735,1,210,13,945,Not in California
Unknown,2021-01-31,16,1165,16,1116,0,49,0,0,16,750,1,211,16,961,Not in California
Unknown,2021-02-01,36,1201,34,1150,2,51,0,0,21,754,17,228,21,982,Not in California
Unknown,2021-02-02,70,1271,68,1218,2,53,0,0,63,811,6,234,63,1045,Not in California
Unknown,2021-02-03,50,1321,46,1264,4,57,0,0,38,838,11,245,38,1083,Not in California
Unknown,2021-02-04,61,1382,56,1320,5,62,0,0,56,889,5,250,56,1139,Not in California
Unknown,2021-02-05,22,1404,15,1335,7,69,0,0,18,900,7,257,18,1157,Not in California
Unknown,2021-02-06,19,1423,14,1349,5,74,0,0,15,908,7,264,15,1172,Not in California
Unknown,2021-02-07,8,1431,8,1357,0,74,0,0,6,912,2,266,6,1178,Not in California
Unknown,2021-02-08,52,1483,49,1406,3,77,0,0,13,886,39,305,13,1191,Not in California
Unknown,2021-02-09,20,1503,19,1425,1,78,0,0,5,876,15,320,5,1196,Not in California
Unknown,2021-02-10,35,1538,30,1455,5,83,0,0,9,859,26,346,9,1205,Not in California
Unknown,2021-02-11,92,1630,91,1546,1,84,0,0,43,852,50,396,43,1248,Not in California
Unknown,2021-02-12,46,1676,38,1584,8,92,0,0,17,836,33,429,17,1265,Not in California
Unknown,2021-02-13,15,1691,3,1587,12,104,0,0,17,852,1,430,17,1282,Not in California
Unknown,2021-02-14,7,1698,1,1588,6,110,0,0,5,856,1,431,5,1287,Not in California
Unknown,2021-02-15,43,1741,37,1625,6,116,0,0,28,871,13,444,28,1315,Not in California
Unknown,2021-02-16,104,1845,95,1720,9,125,0,0,31,829,73,517,31,1346,Not in California
Unknown,2021-02-17,10,1855,8,1728,2,127,0,0,4,828,5,522,4,1350,Not in California
Unknown,2021-02-18,105,1960,100,1828,5,132,0,0,19,761,86,608,19,1369,Not in California
Unknown,2021-02-19,196,2156,190,2018,6,138,0,0,58,682,137,745,58,1427,Not in California
Unknown,2021-02-20,12,2168,5,2023,7,145,0,0,5,682,5,750,5,1432,Not in California
Unknown,2021-02-21,18,2186,18,2041,0,145,0,0,4,672,14,764,4,1436,Not in California
Unknown,2021-02-22,9,2195,9,2050,0,145,0,0,6,675,3,767,6,1442,Not in California
Unknown,2021-02-23,63,2258,51,2101,12,157,0,0,15,643,47,814,15,1457,Not in California
Unknown,2021-02-24,43,2301,35,2136,8,165,0,0,14,628,29,843,14,1471,Not in California
Unknown,2021-02-25,76,2377,60,2196,16,181,0,0,27,606,49,892,27,1498,Not in California
Unknown,2021-02-26,40,2417,25,2221,15,196,0,0,24,615,15,907,24,1522,Not in California
Unknown,2021-02-27,27,2444,14,2235,13,209,0,0,19,626,8,915,19,1541,Not in California
Unknown,2021-02-28,17,2461,13,2248,4,213,0,0,10,631,5,920,10,1551,Not in California
Unknown,2021-03-01,44,2505,26,2274,18,231,0,0,24,636,19,939,24,1575,Not in California
Unknown,2021-03-02,20,2525,8,2282,12,243,0,0,12,642,6,945,12,1587,Not in California
Unknown,2021-03-03,13,2538,7,2289,6,249,0,0,9,648,3,948,9,1596,Not in California
Unknown,2021-03-04,53,2591,49,2338,4,253,0,0,21,638,31,979,21,1617,Not in California
Unknown,2021-03-05,33,2624,15,2353,18,271,0,0,35,667,6,985,35,1652,Not in California
Unknown,2021-03-06,32,2656,11,2364,19,290,2,2,23,683,9,994,25,1677,Not in California
Unknown,2021-03-07,10,2666,1,2365,9,299,0,2,6,686,3,997,6,1683,Not in California
Unknown,2021-03-08,32,2698,23,2388,7,306,2,4,8,671,25,1022,10,1693,Not in California
Unknown,2021-03-09,39,2737,32,2420,3,309,4,8,10,655,30,1052,14,1707,Not in California
Unknown,2021-03-10,9,2746,6,2426,1,310,2,10,5,657,5,1057,7,1714,Not in California
Unknown,2021-03-11,37,2783,13,2439,10,320,14,24,14,664,21,1078,28,1742,Not in California
Unknown,2021-03-12,82,2865,56,2495,21,341,5,29,15,620,64,1142,20,1762,Not in California
Unknown,2021-03-13,24,2889,4,2499,16,357,4,33,8,616,16,1158,12,1774,Not in California
Unknown,2021-03-14,17,2906,9,2508,6,363,2,35,6,613,11,1169,8,1782,Not in California
Unknown,2021-03-15,30,2936,11,2519,17,380,2,37,20,622,13,1182,22,1804,Not in California
Unknown,2021-03-16,64,3000,22,2541,38,418,4,41,44,651,19,1201,48,1852,Not in California
Unknown,2021-03-17,46,3046,14,2555,31,449,1,42,39,687,4,1205,40,1892,Not in California
Unknown,2021-03-18,40,3086,20,2575,20,469,0,42,28,703,12,1217,28,1920,Not in California
Unknown,2021-03-19,29,3115,19,2594,10,479,0,42,25,720,8,1225,25,1945,Not in California
Unknown,2021-03-20,33,3148,14,2608,19,498,0,42,19,727,12,1237,19,1964,Not in California
Unknown,2021-03-21,23,3171,17,2625,6,504,0,42,19,743,3,1240,19,1983,Not in California
Unknown,2021-03-22,34,3205,18,2643,15,519,1,43,18,750,12,1252,19,2002,Not in California
Unknown,2021-03-23,23,3228,9,2652,9,528,5,48,11,755,11,1263,16,2018,Not in California
Unknown,2021-03-24,26,3254,9,2661,17,545,0,48,21,771,5,1268,21,2039,Not in California
Unknown,2021-03-25,48,3302,34,2695,14,559,0,48,32,789,14,1282,32,2071,Not in California
Unknown,2021-03-26,36,3338,19,2714,12,571,5,53,22,800,16,1298,27,2098,Not in California
Unknown,2021-03-27,39,3377,13,2727,26,597,0,53,23,803,20,1318,23,2121,Not in California
Unknown,2021-03-28,16,3393,9,2736,7,604,0,53,11,810,4,1322,11,2132,Not in California
Unknown,2021-03-29,38,3431,17,2753,20,624,1,54,25,824,12,1334,26,2158,Not in California
Unknown,2021-03-30,42,3473,25,2778,17,641,0,54,26,835,15,1349,26,2184,Not in California
Unknown,2021-03-31,36,3509,22,2800,14,655,0,54,25,848,12,1361,25,2209,Not in California
Unknown,2021-04-01,28,3537,13,2813,15,670,0,54,30,873,5,1366,30,2239,Not in California
Unknown,2021-04-02,63,3600,16,2829,38,708,9,63,29,877,34,1400,38,2277,Not in California
Unknown,2021-04-03,19,3619,9,2838,10,718,0,63,9,876,10,1410,9,2286,Not in California
Unknown,2021-04-04,16,3635,5,2843,11,729,0,63,10,881,5,1415,10,2296,Not in California
Unknown,2021-04-05,35,3670,20,2863,14,743,1,64,19,886,15,1430,20,2316,Not in California
Unknown,2021-04-06,34,3704,17,2880,16,759,1,65,17,886,18,1448,18,2334,Not in California
Unknown,2021-04-07,38,3742,25,2905,13,772,0,65,36,914,8,1456,36,2370,Not in California
Unknown,2021-04-08,42,3784,27,2932,11,783,4,69,26,922,22,1478,30,2400,Not in California
Unknown,2021-04-09,41,3825,25,2957,16,799,0,69,26,934,14,1492,26,2426,Not in California
Unknown,2021-04-10,10,3835,9,2966,1,800,0,69,3,930,7,1499,3,2429,Not in California
Unknown,2021-04-11,15,3850,11,2977,4,804,0,69,6,927,9,1508,6,2435,Not in California
Unknown,2021-04-12,42,3892,23,3000,16,820,3,72,17,922,25,1533,20,2455,Not in California
Unknown,2021-04-13,70,3962,27,3027,43,863,0,72,28,908,42,1575,28,2483,Not in California
Unknown,2021-04-14,34,3996,10,3037,24,887,0,72,8,890,26,1601,8,2491,Not in California
Unknown,2021-04-15,45,4041,18,3055,26,913,1,73,16,879,28,1629,17,2508,Not in California
Unknown,2021-04-16,52,4093,38,3093,14,927,0,73,31,889,21,1650,31,2539,Not in California
Unknown,2021-04-17,26,4119,14,3107,12,939,0,73,8,881,17,1667,9,2548,Not in California
Unknown,2021-04-18,19,4138,7,3114,12,951,0,73,7,876,12,1679,7,2555,Not in California
Unknown,2021-04-19,35,4173,21,3135,14,965,0,73,16,874,18,1697,16,2571,Not in California
Unknown,2021-04-20,24,4197,14,3149,10,975,0,73,6,862,18,1715,6,2577,Not in California
Unknown,2021-04-21,37,4234,15,3164,22,997,0,73,11,847,26,1741,11,2588,Not in California
Unknown,2021-04-22,23,4257,14,3178,9,1006,0,73,5,834,18,1759,5,2593,Not in California
Unknown,2021-04-23,33,4290,15,3193,18,1024,0,73,19,840,13,1772,19,2612,Not in California
Unknown,2021-04-24,38,4328,23,3216,15,1039,0,73,28,858,10,1782,28,2640,Not in California
Unknown,2021-04-25,23,4351,9,3225,14,1053,0,73,12,859,11,1793,12,2652,Not in California
Unknown,2021-04-26,18,4369,12,3237,6,1059,0,73,6,853,12,1805,6,2658,Not in California
Unknown,2021-04-27,24,4393,9,3246,15,1074,0,73,7,843,17,1822,7,2665,Not in California
Unknown,2021-04-28,70,4463,57,3303,12,1086,1,74,48,870,22,1844,49,2714,Not in California
Unknown,2021-04-29,410,4873,250,3553,127,1213,33,107,332,1157,78,1922,365,3079,Not in California
Unknown,2021-04-30,9,4882,1,3554,7,1220,1,108,6,1161,3,1925,7,3086,Not in California
Unknown,2021-05-01,11,4893,6,3560,4,1224,1,109,9,1169,2,1927,10,3096,Not in California
Unknown,2021-05-03,1,4894,0,3560,0,1224,1,110,0,1169,1,1928,1,3097,Not in California
Alameda,2020-12-15,36,36,36,36,0,0,0,0,36,36,0,0,36,36,California
Alameda,2020-12-16,203,239,203,239,0,0,0,0,203,239,0,0,203,239,California
Alameda,2020-12-17,396,635,396,635,0,0,0,0,396,635,0,0,396,635,California
Alameda,2020-12-18,1769,2404,1769,2404,0,0,0,0,1769,2404,0,0,1769,2404,California
Alameda,2020-12-19,1355,3759,1355,3759,0,0,0,0,1355,3759,0,0,1355,3759,California
Alameda,2020-12-20,1159,4918,1158,4917,1,1,0,0,1158,4916,1,1,1158,4917,California
Alameda,2020-12-21,1862,6780,1860,6777,2,3,0,0,1861,6777,0,1,1861,6778,California
Alameda,2020-12-22,2099,8879,2047,8824,52,55,0,0,2099,8876,0,1,2099,8877,California
Alameda,2020-12-23,1940,10819,1682,10506,258,313,0,0,1940,10816,0,1,1940,10817,California
Alameda,2020-12-24,1219,12038,759,11265,460,773,0,0,1219,12035,0,1,1219,12036,California
Alameda,2020-12-25,165,12203,128,11393,37,810,0,0,165,12200,0,1,165,12201,California
Alameda,2020-12-26,868,13071,324,11717,544,1354,0,0,868,13068,0,1,868,13069,California
Alameda,2020-12-27,499,13570,256,11973,243,1597,0,0,499,13567,0,1,499,13568,California
Alameda,2020-12-28,1884,15454,958,12931,926,2523,0,0,1884,15451,0,1,1884,15452,California
Alameda,2020-12-29,2429,17883,1024,13955,1405,3928,0,0,2428,17879,0,1,2428,17880,California
Alameda,2020-12-30,3126,21009,1362,15317,1764,5692,0,0,3128,21007,0,1,3128,21008,California
Alameda,2020-12-31,1793,22802,441,15758,1352,7044,0,0,1791,22797,1,2,1791,22799,California
Alameda,2021-01-01,171,22973,70,15828,101,7145,0,0,170,22966,1,3,170,22969,California
Alameda,2021-01-02,721,23694,522,16350,199,7344,0,0,720,23686,0,3,720,23689,California
Alameda,2021-01-03,341,24035,220,16570,121,7465,0,0,338,24021,3,6,338,24027,California
Alameda,2021-01-04,1649,25684,945,17515,704,8169,0,0,1637,25647,11,17,1637,25664,California
Alameda,2021-01-05,2205,27889,1265,18780,940,9109,0,0,1969,27383,233,250,1969,27633,California
Alameda,2021-01-06,3247,31136,1780,20560,1467,10576,0,0,2430,29001,814,1064,2432,30065,California
Alameda,2021-01-07,3773,34909,2111,22671,1662,12238,0,0,2686,30613,1078,2142,2690,32755,California
Alameda,2021-01-08,4727,39636,2699,25370,2028,14266,0,0,3102,32098,1621,3763,3106,35861,California
Alameda,2021-01-09,2034,41670,1389,26759,645,14911,0,0,1174,32412,860,4623,1174,37035,California
Alameda,2021-01-10,1064,42734,845,27604,219,15130,0,0,426,32199,639,5262,426,37461,California
Alameda,2021-01-11,4642,47376,3511,31115,1131,16261,0,0,2849,33263,1792,7054,2856,40317,California
Alameda,2021-01-12,4829,52205,3250,34365,1579,17840,0,0,3437,35312,1391,8445,3440,43757,California
Alameda,2021-01-13,5034,57239,2661,37026,2373,20213,0,0,3846,37975,1184,9629,3847,47604,California
Alameda,2021-01-14,5606,62845,2741,39767,2865,23078,0,0,4720,41821,877,10506,4723,52327,California
Alameda,2021-01-15,5835,68680,2312,42079,3523,26601,0,0,5069,46134,759,11265,5072,57399,California
Alameda,2021-01-16,3006,71686,1408,43487,1598,28199,0,0,2738,48605,268,11533,2739,60138,California
Alameda,2021-01-17,1867,73553,1083,44570,784,28983,0,0,1660,50060,206,11739,1661,61799,California
Alameda,2021-01-18,3198,76751,2054,46624,1144,30127,0,0,2604,52079,590,12329,2609,64408,California
Alameda,2021-01-19,5525,82276,3330,49954,2195,32322,0,0,4335,55228,1188,13517,4337,68745,California
Alameda,2021-01-20,6697,88973,4032,53986,2665,34987,0,0,5400,59347,1285,14802,5404,74149,California
Alameda,2021-01-21,7767,96740,3398,57384,4369,39356,0,0,6935,65461,826,15628,6940,81089,California
Alameda,2021-01-22,6841,103581,2034,59418,4807,44163,0,0,5703,70035,1131,16759,5705,86794,California
Alameda,2021-01-23,3287,106868,946,60364,2341,46504,0,0,2734,72218,553,17312,2736,89530,California
Alameda,2021-01-24,2050,108918,654,61018,1396,47900,0,0,1774,73720,272,17584,1774,91304,California
Alameda,2021-01-25,5223,114141,1987,63005,3236,51136,0,0,3635,75776,1580,19164,3636,94940,California
Alameda,2021-01-26,7245,121386,2287,65292,4958,56094,0,0,5385,79309,1853,21017,5386,100326,California
Alameda,2021-01-27,6669,128055,2076,67368,4593,60687,0,0,4820,82294,1835,22852,4820,105146,California
Alameda,2021-01-28,7890,135945,2546,69914,5344,66031,0,0,5649,85719,2225,25077,5650,110796,California
Alameda,2021-01-29,7923,143868,3183,73097,4740,70771,0,0,6101,90009,1812,26889,6102,116898,California
Alameda,2021-01-30,3418,147286,1672,74769,1746,72517,0,0,2714,92025,698,27587,2714,119612,California
Alameda,2021-01-31,1905,149191,964,75733,941,73458,0,0,1661,93445,241,27828,1661,121273,California
Alameda,2021-02-01,5962,155153,3358,79091,2604,76062,0,0,4324,96138,1632,29460,4325,125598,California
Alameda,2021-02-02,7467,162620,4251,83342,3216,79278,0,0,4670,98021,2787,32247,4670,130268,California
Alameda,2021-02-03,7083,169703,3730,87072,3353,82631,0,0,4409,99767,2668,34915,4414,134682,California
Alameda,2021-02-04,9501,179204,4127,91199,5374,88005,0,0,6445,103180,3037,37952,6450,141132,California
Alameda,2021-02-05,10333,189537,5391,96590,4942,92947,0,0,6465,105789,3862,41814,6471,147603,California
Alameda,2021-02-06,6995,196532,4435,101025,2560,95507,0,0,5874,110542,1121,42935,5874,153477,California
Alameda,2021-02-07,3580,200112,2892,103917,688,96195,0,0,2640,112246,937,43872,2641,156118,California
Alameda,2021-02-08,8094,208206,5787,109704,2307,98502,0,0,5542,115249,2541,46413,5544,161662,California
Alameda,2021-02-09,9711,217917,5860,115564,3851,102353,0,0,6063,117672,3642,50055,6065,167727,California
Alameda,2021-02-10,11455,229372,6773,122337,4682,107035,0,0,6633,119508,4805,54860,6641,174368,California
Alameda,2021-02-11,13936,243308,7988,130325,5948,112983,0,0,8379,122350,5540,60400,8382,182750,California
Alameda,2021-02-12,12529,255837,5694,136019,6835,119818,0,0,7754,125346,4761,65161,7757,190507,California
Alameda,2021-02-13,7808,263645,4066,140085,3742,123560,0,0,5846,129236,1958,67119,5848,196355,California
Alameda,2021-02-14,4026,267671,2534,142619,1492,125052,0,0,2868,130951,1155,68274,2870,199225,California
Alameda,2021-02-15,5713,273384,3224,145843,2489,127541,0,0,3701,132647,2008,70282,3704,202929,California
Alameda,2021-02-16,12533,285917,6955,152798,5578,133119,0,0,9319,138767,3204,73486,9324,212253,California
Alameda,2021-02-17,14104,300021,8356,161154,5748,138867,0,0,10483,145649,3603,77089,10485,222738,California
Alameda,2021-02-18,15860,315881,10062,171216,5798,144665,0,0,11512,152825,4342,81431,11518,234256,California
Alameda,2021-02-19,17645,333526,11442,182658,6203,150868,0,0,11694,158594,5929,87360,11698,245954,California
Alameda,2021-02-20,11862,345388,9611,192269,2251,153119,0,0,9144,165028,2715,90075,9149,255103,California
Alameda,2021-02-21,6204,351592,5272,197541,932,154051,0,0,3749,166332,2445,92520,3749,258852,California
Alameda,2021-02-22,10707,362299,7927,205468,2780,156831,0,0,6748,169145,3945,96465,6758,265610,California
Alameda,2021-02-23,12721,375020,7721,213189,5000,161831,0,0,7918,172276,4794,101259,7925,273535,California
Alameda,2021-02-24,14656,389676,8206,221395,6450,168281,0,0,9503,176693,5092,106351,9509,283044,California
Alameda,2021-02-25,15615,405291,9120,230515,6495,174776,0,0,9947,181010,5636,111987,9953,292997,California
Alameda,2021-02-26,18102,423393,10641,241156,7461,182237,0,0,11707,186367,6354,118341,11711,304708,California
Alameda,2021-02-27,14710,438103,10817,251973,3891,186128,2,2,9109,189902,5578,123919,9113,313821,California
Alameda,2021-02-28,9142,447245,7703,259676,1439,187567,0,2,6070,192922,3051,126970,6071,319892,California
Alameda,2021-03-01,13233,460478,9188,268864,4041,191608,4,6,8208,196161,4979,131949,8218,328110,California
Alameda,2021-03-02,13820,474298,9602,278466,4218,195826,0,6,8880,200127,4921,136870,8887,336997,California
Alameda,2021-03-03,15392,489690,9990,288456,5401,201227,1,7,10486,205738,4878,141748,10489,347486,California
Alameda,2021-03-04,17296,506986,11062,299518,6233,207460,1,8,10873,210224,6388,148136,10874,358360,California
Alameda,2021-03-05,15856,522842,10238,309756,5609,213069,9,17,10633,215689,5183,153319,10648,369008,California
Alameda,2021-03-06,14233,537075,9962,319718,4012,217081,259,276,9346,220453,4843,158162,9607,378615,California
Alameda,2021-03-07,9297,546372,8080,327798,1136,218217,81,357,6578,224421,2693,160855,6661,385276,California
Alameda,2021-03-08,11641,558013,7161,334959,4102,222319,378,735,8657,230522,2934,163789,9035,394311,California
Alameda,2021-03-09,11378,569391,7025,341984,3924,226243,429,1164,6287,232183,5057,168846,6718,401029,California
Alameda,2021-03-10,16663,586054,11318,353302,4787,231030,558,1722,7548,231194,9091,177937,8102,409131,California
Alameda,2021-03-11,19762,605816,11555,364857,6502,237532,1705,3427,6766,226695,12967,190904,8468,417599,California
Alameda,2021-03-12,21144,626960,12316,377173,7177,244709,1651,5078,7467,222152,13654,204558,9111,426710,California
Alameda,2021-03-13,15836,642796,10103,387276,4752,249461,981,6059,5108,217545,10694,215252,6087,432797,California
Alameda,2021-03-14,10694,653490,7814,395090,2095,251556,785,6844,4654,216954,6023,221275,5432,438229,California
Alameda,2021-03-15,14307,667797,9324,404414,4466,256022,517,7361,6364,215917,7915,229190,6878,445107,California
Alameda,2021-03-16,17157,684954,11104,415518,5520,261542,533,7894,7560,214465,9546,238736,8094,453201,California
Alameda,2021-03-17,17355,702309,9773,425291,6890,268432,692,8586,8170,214175,9151,247887,8861,462062,California
Alameda,2021-03-18,19041,721350,10318,435609,7846,276278,877,9463,8765,213573,10248,258135,9646,471708,California
Alameda,2021-03-19,19103,740453,10344,445953,6973,283251,1786,11249,7650,211598,11405,269540,9430,481138,California
Alameda,2021-03-20,15615,756068,10190,456143,4606,287857,819,12068,6538,209902,9049,278589,7353,488491,California
Alameda,2021-03-21,9055,765123,7096,463239,1426,289283,533,12601,3773,208936,5273,283862,4307,492798,California
Alameda,2021-03-22,14878,780001,9997,473236,3904,293187,977,13578,7180,209415,7675,291537,8154,500952,California
Alameda,2021-03-23,19084,799085,11503,484739,6789,299976,792,14370,10710,212591,8331,299868,11507,512459,California
Alameda,2021-03-24,18963,818048,11399,496138,6573,306549,991,15361,8594,211857,10310,310178,9576,522035,California
Alameda,2021-03-25,20336,838384,11224,507362,7732,314281,1380,16741,9556,212065,10716,320894,10924,532959,California
Alameda,2021-03-26,20657,859041,12371,519733,6755,321036,1531,18272,8860,210695,11752,332646,10382,543341,California
Alameda,2021-03-27,18169,877210,12325,532058,4887,325923,957,19229,7844,209197,10280,342926,8782,552123,California
Alameda,2021-03-28,10427,887637,8443,540501,1781,327704,203,19432,3833,206658,6581,349507,4042,556165,California
Alameda,2021-03-29,14582,902219,9280,549781,4307,332011,995,20427,6275,205655,8273,357780,7270,563435,California
Alameda,2021-03-30,18445,920664,9675,559456,7078,339089,1692,22119,10836,210598,7580,365360,12523,575958,California
Alameda,2021-03-31,19224,939888,10118,569574,7042,346131,2064,24183,9538,212530,9663,375023,11595,587553,California
Alameda,2021-04-01,22999,962887,9952,579526,7558,353689,5489,29672,10978,216999,11991,387014,16460,604013,California
Alameda,2021-04-02,23786,986673,9867,589393,8243,361932,5676,35348,11563,222034,12190,399204,17225,621238,California
Alameda,2021-04-03,20074,1006747,9728,599121,5659,367591,4687,40035,10279,227222,9777,408981,14965,636203,California
Alameda,2021-04-04,9918,1016665,3959,603080,2278,369869,3681,43716,3513,228016,6395,415376,7189,643392,California
Alameda,2021-04-05,17720,1034385,7450,610530,5505,375374,4765,48481,7214,229507,10487,425863,11978,655370,California
Alameda,2021-04-06,22083,1056468,10623,621153,5645,381019,5815,54296,10031,233326,12020,437883,15839,671209,California
Alameda,2021-04-07,22408,1078876,11491,632644,5485,386504,5432,59728,11377,239136,10991,448874,16801,688010,California
Alameda,2021-04-08,25326,1104202,11447,644091,5938,392442,7941,67669,10799,243413,14457,463331,18734,706744,California
Alameda,2021-04-09,23152,1127354,10528,654619,7439,399881,5185,72854,11935,249348,11186,474517,17121,723865,California
Alameda,2021-04-10,18785,1146139,7392,662011,5580,405461,5813,78667,8156,252694,10612,485129,13958,737823,California
Alameda,2021-04-11,10970,1157109,4771,666782,2265,407726,3934,82601,4489,254640,6465,491594,8411,746234,California
Alameda,2021-04-12,17791,1174900,11679,678461,4288,412014,1824,84425,10095,258887,7669,499263,11916,758150,California
Alameda,2021-04-13,23012,1197912,14620,693081,8338,420352,54,84479,16981,269941,5990,505253,17044,775194,California
Alameda,2021-04-14,23009,1220921,15198,708279,7809,428161,2,84481,15611,278192,7367,512620,15618,790812,California
Alameda,2021-04-15,23744,1244665,15186,723465,8556,436717,2,84483,15757,286018,7941,520561,15767,806579,California
Alameda,2021-04-16,24247,1268912,14322,737787,9920,446637,5,84488,15648,293133,8548,529109,15663,822242,California
Alameda,2021-04-17,20680,1289592,14256,752043,6424,453061,0,84488,14250,300995,6402,535511,14264,836506,California
Alameda,2021-04-18,9880,1299472,7545,759588,2335,455396,0,84488,6848,304843,3005,538516,6853,843359,California
Alameda,2021-04-19,15443,1314915,9639,769227,5804,461200,0,84488,8953,307344,6462,544978,8963,852322,California
Alameda,2021-04-20,18076,1332991,11037,780264,7038,468238,1,84489,9915,309160,8120,553098,9936,862258,California
Alameda,2021-04-21,19078,1352069,11173,791437,7900,476138,5,84494,11125,312409,7901,560999,11150,873408,California
Alameda,2021-04-22,21182,1373251,13700,805137,7479,483617,3,84497,11240,313780,9898,570897,11269,884677,California
Alameda,2021-04-23,21448,1394699,13994,819131,7454,491071,0,84497,12013,316429,9388,580285,12037,896714,California
Alameda,2021-04-24,18873,1413572,14308,833439,4558,495629,7,84504,9968,317544,8870,589155,9985,906699,California
Alameda,2021-04-25,8691,1422263,6747,840186,1944,497573,0,84504,5612,320101,3065,592220,5622,912321,California
Alameda,2021-04-26,13072,1435335,9038,849224,4014,501587,20,84524,8155,323392,4894,597114,8185,920506,California
Alameda,2021-04-27,15019,1450354,8825,858049,5888,507475,306,84830,7065,322875,7912,605026,7395,927901,California
Alameda,2021-04-28,15237,1465591,9535,867584,5243,512718,459,85289,5722,319585,9483,614509,6193,934094,California
Alameda,2021-04-29,13789,1479380,8541,876125,4954,517672,294,85583,5010,316170,8741,623250,5326,939420,California
Alameda,2021-04-30,14997,1494377,9093,885218,5822,523494,82,85665,5770,312873,9179,632429,5882,945302,California
Alameda,2021-05-01,11000,1505377,7187,892405,3770,527264,43,85708,4049,310062,6934,639363,4123,949425,California
Alameda,2021-05-02,4757,1510134,3256,895661,1481,528745,20,85728,2122,309582,2626,641989,2146,951571,California
Alameda,2021-05-03,10457,1520591,7770,903431,2614,531359,73,85801,2104,303457,8329,650318,2204,953775,California
Alpine,2020-12-18,2,2,2,2,0,0,0,0,2,2,0,0,2,2,California
Alpine,2020-12-19,2,4,2,4,0,0,0,0,2,4,0,0,2,4,California
Alpine,2020-12-21,2,6,2,6,0,0,0,0,2,6,0,0,2,6,California
Alpine,2020-12-30,14,20,0,6,14,14,0,0,14,20,0,0,14,20,California
Alpine,2020-12-31,1,21,0,6,1,15,0,0,1,21,0,0,1,21,California
Alpine,2021-01-01,1,22,0,6,1,16,0,0,1,22,0,0,1,22,California
Alpine,2021-01-02,1,23,1,7,0,16,0,0,1,23,0,0,1,23,California
Alpine,2021-01-04,10,33,0,7,10,26,0,0,10,33,0,0,10,33,California
Alpine,2021-01-05,9,42,1,8,8,34,0,0,9,42,0,0,9,42,California
Alpine,2021-01-06,31,73,0,8,31,65,0,0,31,73,0,0,31,73,California
Alpine,2021-01-07,8,81,0,8,8,73,0,0,8,81,0,0,8,81,California
Alpine,2021-01-08,4,85,2,10,2,75,0,0,2,81,2,2,2,83,California
Alpine,2021-01-09,2,87,2,12,0,75,0,0,0,79,2,4,0,83,California
Alpine,2021-01-11,32,119,1,13,31,106,0,0,31,109,1,5,31,114,California
Alpine,2021-01-13,35,154,0,13,35,141,0,0,35,144,0,5,35,149,California
Alpine,2021-01-14,1,155,0,13,1,142,0,0,1,145,0,5,1,150,California
Alpine,2021-01-15,1,156,0,13,1,143,0,0,1,146,0,5,1,151,California
Alpine,2021-01-20,21,177,0,13,21,164,0,0,21,167,0,5,21,172,California
Alpine,2021-01-21,1,178,0,13,1,165,0,0,1,168,0,5,1,173,California
Alpine,2021-01-22,32,210,0,13,32,197,0,0,32,200,0,5,32,205,California
Alpine,2021-01-23,1,211,1,14,0,197,0,0,0,199,1,6,0,205,California
Alpine,2021-01-25,16,227,0,14,16,213,0,0,16,215,0,6,16,221,California
Alpine,2021-01-27,1,228,1,15,0,213,0,0,0,214,1,7,0,221,California
Alpine,2021-01-28,1,229,0,15,1,214,0,0,0,213,1,8,0,221,California
Alpine,2021-01-29,1,230,0,15,1,215,0,0,1,214,0,8,1,222,California
Alpine,2021-02-01,25,255,0,15,25,240,0,0,7,203,18,26,7,229,California
Alpine,2021-02-03,34,289,0,15,34,274,0,0,10,189,24,50,10,239,California
Alpine,2021-02-04,8,297,0,15,8,282,0,0,3,187,5,55,3,242,California
Alpine,2021-02-05,31,328,0,15,31,313,0,0,12,180,19,74,12,254,California
Alpine,2021-02-06,1,329,1,16,0,313,0,0,1,181,0,74,1,255,California
Alpine,2021-02-07,1,330,1,17,0,313,0,0,1,182,0,74,1,256,California
Alpine,2021-02-08,32,362,0,17,32,345,0,0,4,158,28,102,4,260,California
Alpine,2021-02-10,34,396,0,17,34,379,0,0,0,124,34,136,0,260,California
Alpine,2021-02-11,6,402,0,17,6,385,0,0,3,124,3,139,3,263,California
Alpine,2021-02-12,1,403,0,17,1,386,0,0,0,123,1,140,0,263,California
Alpine,2021-02-17,23,426,0,17,23,409,0,0,3,106,20,160,3,266,California
Alpine,2021-02-18,2,428,0,17,2,411,0,0,1,106,1,161,1,267,California
Alpine,2021-02-19,34,462,1,18,33,444,0,0,2,76,32,193,2,269,California
Alpine,2021-02-22,27,489,0,18,27,471,0,0,8,65,19,212,8,277,California
Alpine,2021-02-24,1,490,1,19,0,471,0,0,1,66,0,212,1,278,California
Alpine,2021-02-25,6,496,1,20,5,476,0,0,6,72,0,212,6,284,California
Alpine,2021-02-26,29,525,1,21,28,504,0,0,28,99,1,213,28,312,California
Alpine,2021-02-27,1,526,0,21,1,505,0,0,1,100,0,213,1,313,California
Alpine,2021-03-01,35,561,0,21,35,540,0,0,25,115,10,223,25,338,California
Alpine,2021-03-02,1,562,1,22,0,540,0,0,0,114,1,224,0,338,California
Alpine,2021-03-03,30,592,1,23,29,569,0,0,18,120,12,236,18,356,California
Alpine,2021-03-04,11,603,1,24,10,579,0,0,11,131,0,236,11,367,California
Alpine,2021-03-05,30,633,0,24,30,609,0,0,22,145,8,244,22,389,California
Alpine,2021-03-08,31,664,0,24,31,640,0,0,29,172,2,246,29,418,California
Alpine,2021-03-10,73,737,0,24,73,713,0,0,73,245,0,246,73,491,California
Alpine,2021-03-11,36,773,0,24,36,749,0,0,32,273,4,250,32,523,California
Alpine,2021-03-12,19,792,0,24,19,768,0,0,17,288,2,252,17,540,California
Alpine,2021-03-15,21,813,1,25,20,788,0,0,20,307,1,253,20,560,California
Alpine,2021-03-17,23,836,0,25,22,810,1,1,19,323,4,257,20,580,California
Alpine,2021-03-18,38,874,3,28,35,845,0,1,35,355,3,260,35,615,California
Alpine,2021-03-19,2,876,1,29,1,846,0,1,1,355,1,261,1,616,California
Alpine,2021-03-22,24,900,0,29,24,870,0,1,15,361,9,270,15,631,California
Alpine,2021-03-24,19,919,0,29,19,889,0,1,9,360,10,280,9,640,California
Alpine,2021-03-25,35,954,1,30,33,922,1,2,28,382,7,287,29,669,California
Alpine,2021-03-27,1,955,0,30,1,923,0,2,0,381,1,288,0,669,California
Alpine,2021-03-28,1,956,1,31,0,923,0,2,1,382,0,288,1,670,California
Alpine,2021-03-29,19,975,0,31,18,941,1,3,2,368,17,305,3,673,California
Alpine,2021-04-01,16,991,0,31,16,957,0,3,7,366,9,314,7,680,California
Alpine,2021-04-02,100,1091,1,32,99,1056,0,3,46,359,53,367,46,726,California
Alpine,2021-04-05,4,1095,1,33,3,1059,0,3,0,355,4,371,0,726,California
Alpine,2021-04-06,3,1098,2,35,1,1060,0,3,2,356,1,372,2,728,California
Alpine,2021-04-07,116,1214,0,35,115,1175,1,4,29,300,86,458,30,758,California
Alpine,2021-04-08,38,1252,0,35,36,1211,2,6,10,284,28,486,12,770,California
Alpine,2021-04-09,1,1253,0,35,1,1212,0,6,1,285,0,486,1,771,California
Alpine,2021-04-14,47,1300,0,35,47,1259,0,6,10,258,37,523,10,781,California
Alpine,2021-04-15,35,1335,0,35,35,1294,0,6,3,229,32,555,3,784,California
Alpine,2021-04-16,1,1336,0,35,1,1295,0,6,1,230,0,555,1,785,California
Alpine,2021-04-19,1,1337,0,35,1,1296,0,6,1,231,0,555,1,786,California
Alpine,2021-04-21,31,1368,0,35,31,1327,0,6,15,230,16,571,15,801,California
Alpine,2021-04-22,24,1392,0,35,24,1351,0,6,1,208,23,594,1,802,California
Alpine,2021-04-24,2,1394,2,37,0,1351,0,6,0,207,2,596,1,803,California
Alpine,2021-04-25,1,1395,1,38,0,1351,0,6,0,206,1,597,0,803,California
Alpine,2021-04-27,2,1397,1,39,1,1352,0,6,1,206,1,598,1,804,California
Alpine,2021-04-28,36,1433,0,39,36,1388,0,6,6,182,30,628,6,810,California
Alpine,2021-04-29,6,1439,1,40,5,1393,0,6,2,180,4,632,2,812,California
Alpine,2021-04-30,2,1441,1,41,0,1393,1,7,1,181,1,633,2,814,California
Amador,2020-12-16,2,2,2,2,0,0,0,0,2,2,0,0,2,2,California
Amador,2020-12-17,5,7,5,7,0,0,0,0,5,7,0,0,5,7,California
Amador,2020-12-18,45,52,45,52,0,0,0,0,45,52,0,0,45,52,California
Amador,2020-12-19,17,69,17,69,0,0,0,0,17,69,0,0,17,69,California
Amador,2020-12-20,4,73,4,73,0,0,0,0,4,73,0,0,4,73,California
Amador,2020-12-21,31,104,31,104,0,0,0,0,31,104,0,0,31,104,California
Amador,2020-12-22,35,139,34,138,1,1,0,0,35,139,0,0,35,139,California
Amador,2020-12-23,39,178,38,176,1,2,0,0,39,178,0,0,39,178,California
Amador,2020-12-24,5,183,3,179,2,4,0,0,5,183,0,0,5,183,California
Amador,2020-12-26,5,188,4,183,1,5,0,0,5,188,0,0,5,188,California
Amador,2020-12-27,1,189,0,183,1,6,0,0,1,189,0,0,1,189,California
Amador,2020-12-28,31,220,27,210,4,10,0,0,31,220,0,0,31,220,California
Amador,2020-12-29,26,246,19,229,7,17,0,0,26,246,0,0,26,246,California
Amador,2020-12-30,124,370,78,307,46,63,0,0,124,370,0,0,124,370,California
Amador,2020-12-31,191,561,166,473,25,88,0,0,191,561,0,0,191,561,California
Amador,2021-01-01,2,563,0,473,2,90,0,0,2,563,0,0,2,563,California
Amador,2021-01-02,56,619,56,529,0,90,0,0,56,619,0,0,56,619,California
Amador,2021-01-03,65,684,17,546,48,138,0,0,65,684,0,0,65,684,California
Amador,2021-01-04,124,808,1,547,123,261,0,0,124,808,0,0,124,808,California
Amador,2021-01-05,33,841,3,550,30,291,0,0,31,838,2,2,32,840,California
Amador,2021-01-06,40,881,10,560,30,321,0,0,36,870,4,6,36,876,California
Amador,2021-01-07,228,1109,69,629,159,480,0,0,216,1074,12,18,216,1092,California
Amador,2021-01-08,84,1193,70,699,14,494,0,0,40,1071,44,62,41,1133,California
Amador,2021-01-09,11,1204,11,710,0,494,0,0,2,1064,9,71,2,1135,California
Amador,2021-01-10,6,1210,4,714,2,496,0,0,2,1062,4,75,2,1137,California
Amador,2021-01-11,124,1334,44,758,80,576,0,0,88,1115,36,111,89,1226,California
Amador,2021-01-12,64,1398,49,807,15,591,0,0,40,1131,24,135,40,1266,California
Amador,2021-01-13,38,1436,23,830,15,606,0,0,26,1145,12,147,26,1292,California
Amador,2021-01-14,146,1582,20,850,126,732,0,0,136,1271,10,157,136,1428,California
Amador,2021-01-15,55,1637,24,874,31,763,0,0,48,1312,7,164,48,1476,California
Amador,2021-01-16,19,1656,12,886,7,770,0,0,13,1320,6,170,14,1490,California
Amador,2021-01-17,25,1681,5,891,20,790,0,0,25,1345,0,170,25,1515,California
Amador,2021-01-18,32,1713,28,919,4,794,0,0,10,1333,22,192,10,1525,California
Amador,2021-01-19,121,1834,96,1015,25,819,0,0,77,1366,44,236,77,1602,California
Amador,2021-01-20,184,2018,34,1049,150,969,0,0,168,1519,15,251,168,1770,California
Amador,2021-01-21,253,2271,222,1271,31,1000,0,0,144,1555,109,360,145,1915,California
Amador,2021-01-22,134,2405,72,1343,62,1062,0,0,127,1675,7,367,127,2042,California
Amador,2021-01-23,52,2457,32,1375,20,1082,0,0,50,1723,2,369,50,2092,California
Amador,2021-01-24,28,2485,12,1387,16,1098,0,0,25,1745,3,372,25,2117,California
Amador,2021-01-25,59,2544,28,1415,31,1129,0,0,42,1770,17,389,42,2159,California
Amador,2021-01-26,244,2788,16,1431,228,1357,0,0,234,1994,10,399,234,2393,California
Amador,2021-01-27,296,3084,30,1461,266,1623,0,0,249,2199,45,444,250,2643,California
Amador,2021-01-28,346,3430,76,1537,270,1893,0,0,285,2424,61,505,286,2929,California
Amador,2021-01-29,96,3526,31,1568,65,1958,0,0,81,2490,15,520,81,3010,California
Amador,2021-01-30,168,3694,35,1603,133,2091,0,0,163,2648,5,525,163,3173,California
Amador,2021-01-31,32,3726,28,1631,4,2095,0,0,31,2678,1,526,31,3204,California
Amador,2021-02-01,63,3789,23,1654,40,2135,0,0,36,2687,27,553,36,3240,California
Amador,2021-02-02,211,4000,63,1717,148,2283,0,0,126,2731,82,635,126,3366,California
Amador,2021-02-03,141,4141,38,1755,103,2386,0,0,90,2771,50,685,90,3456,California
Amador,2021-02-04,250,4391,74,1829,176,2562,0,0,164,2851,86,771,166,3622,California
Amador,2021-02-05,331,4722,63,1892,268,2830,0,0,315,3150,16,787,315,3937,California
Amador,2021-02-06,99,4821,80,1972,19,2849,0,0,95,3241,4,791,95,4032,California
Amador,2021-02-07,38,4859,35,2007,3,2852,0,0,35,3273,3,794,35,4067,California
Amador,2021-02-08,90,4949,62,2069,28,2880,0,0,73,3329,17,811,73,4140,California
Amador,2021-02-09,175,5124,83,2152,92,2972,0,0,110,3374,65,876,110,4250,California
Amador,2021-02-10,976,6100,80,2232,896,3868,0,0,943,4284,33,909,943,5193,California
Amador,2021-02-11,307,6407,119,2351,188,4056,0,0,201,4380,105,1014,201,5394,California
Amador,2021-02-12,326,6733,119,2470,207,4263,0,0,254,4562,72,1086,254,5648,California
Amador,2021-02-13,165,6898,81,2551,84,4347,0,0,139,4675,26,1112,139,5787,California
Amador,2021-02-14,124,7022,54,2605,70,4417,0,0,107,4765,17,1129,107,5894,California
Amador,2021-02-15,185,7207,60,2665,125,4542,0,0,168,4917,16,1145,168,6062,California
Amador,2021-02-16,464,7671,53,2718,411,4953,0,0,425,5304,39,1184,426,6488,California
Amador,2021-02-17,260,7931,81,2799,179,5132,0,0,164,5372,96,1280,164,6652,California
Amador,2021-02-18,398,8329,99,2898,299,5431,0,0,336,5647,62,1342,337,6989,California
Amador,2021-02-19,194,8523,77,2975,117,5548,0,0,111,5675,83,1425,111,7100,California
Amador,2021-02-20,92,8615,31,3006,61,5609,0,0,64,5711,28,1453,64,7164,California
Amador,2021-02-21,45,8660,34,3040,11,5620,0,0,15,5696,30,1483,15,7179,California
Amador,2021-02-22,63,8723,24,3064,39,5659,0,0,32,5698,30,1513,32,7211,California
Amador,2021-02-23,318,9041,54,3118,264,5923,0,0,138,5657,180,1693,139,7350,California
Amador,2021-02-24,393,9434,56,3174,337,6260,0,0,263,5794,126,1819,263,7613,California
Amador,2021-02-25,521,9955,116,3290,405,6665,0,0,280,5834,240,2059,280,7893,California
Amador,2021-02-26,608,10563,75,3365,533,7198,0,0,503,6233,105,2164,504,8397,California
Amador,2021-02-27,288,10851,93,3458,195,7393,0,0,100,6148,187,2351,102,8499,California
Amador,2021-02-28,102,10953,52,3510,50,7443,0,0,56,6161,46,2397,59,8558,California
Amador,2021-03-01,188,11141,66,3576,122,7565,0,0,119,6212,69,2466,120,8678,California
Amador,2021-03-02,379,11520,63,3639,316,7881,0,0,329,6492,50,2516,330,9008,California
Amador,2021-03-03,242,11762,79,3718,163,8044,0,0,167,6586,74,2590,168,9176,California
Amador,2021-03-04,496,12258,117,3835,379,8423,0,0,393,6876,103,2693,393,9569,California
Amador,2021-03-05,511,12769,77,3912,434,8857,0,0,293,6954,217,2910,295,9864,California
Amador,2021-03-06,99,12868,45,3957,53,8910,1,1,54,6964,45,2955,55,9919,California
Amador,2021-03-07,63,12931,42,3999,21,8931,0,1,20,6941,43,2998,20,9939,California
Amador,2021-03-08,152,13083,71,4070,80,9011,1,2,91,6972,61,3059,92,10031,California
Amador,2021-03-09,370,13453,50,4120,320,9331,0,2,292,7189,75,3134,292,10323,California
Amador,2021-03-10,509,13962,75,4195,432,9763,2,4,111,6905,398,3532,114,10437,California
Amador,2021-03-11,471,14433,115,4310,345,10108,11,15,299,7047,171,3703,313,10750,California
Amador,2021-03-12,568,15001,65,4375,495,10603,8,23,337,7167,230,3933,350,11100,California
Amador,2021-03-13,114,15115,18,4393,89,10692,7,30,74,7212,40,3973,85,11185,California
Amador,2021-03-14,90,15205,19,4412,68,10760,3,33,21,7167,69,4042,24,11209,California
Amador,2021-03-15,176,15381,25,4437,144,10904,7,40,53,7106,123,4165,62,11271,California
Amador,2021-03-16,447,15828,54,4491,383,11287,10,50,137,6945,308,4473,147,11418,California
Amador,2021-03-17,192,16020,42,4533,147,11434,3,53,116,6989,76,4549,120,11538,California
Amador,2021-03-18,475,16495,98,4631,373,11807,4,57,248,7019,227,4776,257,11795,California
Amador,2021-03-19,540,17035,56,4687,467,12274,17,74,391,7283,147,4923,411,12206,California
Amador,2021-03-20,109,17144,45,4732,63,12337,1,75,46,7270,62,4985,49,12255,California
Amador,2021-03-21,48,17192,36,4768,11,12348,1,76,31,7288,16,5001,34,12289,California
Amador,2021-03-22,113,17305,32,4800,52,12400,29,105,49,7302,64,5065,78,12367,California
Amador,2021-03-23,432,17737,47,4847,377,12777,8,113,275,7429,156,5221,283,12650,California
Amador,2021-03-24,341,18078,35,4882,54,12831,252,365,34,7409,306,5527,286,12936,California
Amador,2021-03-25,600,18678,81,4963,513,13344,6,371,389,7594,210,5737,395,13331,California
Amador,2021-03-26,739,19417,44,5007,689,14033,6,377,283,7432,454,6191,292,13623,California
Amador,2021-03-27,91,19508,15,5022,74,14107,2,379,27,7399,64,6255,31,13654,California
Amador,2021-03-28,68,19576,15,5037,51,14158,2,381,14,7363,53,6308,17,13671,California
Amador,2021-03-29,179,19755,26,5063,152,14310,1,382,81,7354,96,6404,87,13758,California
Amador,2021-03-30,527,20282,27,5090,499,14809,1,383,291,7411,235,6639,292,14050,California
Amador,2021-03-31,199,20481,56,5146,138,14947,5,388,43,7303,156,6795,48,14098,California
Amador,2021-04-01,612,21093,87,5233,525,15472,0,388,263,7221,347,7142,265,14363,California
Amador,2021-04-02,598,21691,36,5269,550,16022,12,400,379,7395,218,7360,392,14755,California
Amador,2021-04-03,82,21773,19,5288,43,16065,20,420,20,7374,62,7422,41,14796,California
Amador,2021-04-04,38,21811,3,5291,29,16094,6,426,15,7372,23,7445,21,14817,California
Amador,2021-04-05,144,21955,53,5344,74,16168,17,443,50,7347,93,7538,68,14885,California
Amador,2021-04-06,504,22459,37,5381,448,16616,19,462,224,7312,278,7816,243,15128,California
Amador,2021-04-07,100,22559,34,5415,47,16663,19,481,44,7321,54,7870,63,15191,California
Amador,2021-04-08,495,23054,83,5498,391,17054,21,502,222,7292,272,8142,243,15434,California
Amador,2021-04-09,485,23539,21,5519,445,17499,19,521,216,7257,268,8410,233,15667,California
Amador,2021-04-10,50,23589,14,5533,27,17526,9,530,22,7260,28,8438,31,15698,California
Amador,2021-04-11,48,23637,23,5556,21,17547,4,534,22,7260,26,8464,26,15724,California
Amador,2021-04-12,98,23735,26,5582,62,17609,10,544,42,7256,56,8520,52,15776,California
Amador,2021-04-13,343,24078,50,5632,293,17902,0,544,68,7050,274,8794,68,15844,California
Amador,2021-04-14,275,24353,26,5658,249,18151,0,544,175,7126,99,8893,175,16019,California
Amador,2021-04-15,329,24682,72,5730,257,18408,0,544,73,6948,251,9144,73,16092,California
Amador,2021-04-16,483,25165,29,5759,454,18862,0,544,385,7237,96,9240,385,16477,California
Amador,2021-04-17,61,25226,35,5794,26,18888,0,544,27,7230,34,9274,27,16504,California
Amador,2021-04-18,25,25251,5,5799,20,18908,0,544,11,7227,14,9288,11,16515,California
Amador,2021-04-19,69,25320,27,5826,42,18950,0,544,31,7223,37,9325,33,16548,California
Amador,2021-04-20,436,25756,54,5880,382,19332,0,544,111,7018,318,9643,113,16661,California
Amador,2021-04-21,85,25841,34,5914,51,19383,0,544,43,7020,41,9684,43,16704,California
Amador,2021-04-22,489,26330,73,5987,415,19798,1,545,104,6747,378,10062,105,16809,California
Amador,2021-04-23,355,26685,44,6031,311,20109,0,545,285,6965,69,10131,287,17096,California
Amador,2021-04-24,45,26730,23,6054,22,20131,0,545,25,6970,20,10151,25,17121,California
Amador,2021-04-25,37,26767,19,6073,18,20149,0,545,25,6983,12,10163,25,17146,California
Amador,2021-04-26,81,26848,26,6099,54,20203,1,546,39,6982,41,10204,40,17186,California
Amador,2021-04-27,481,27329,36,6135,445,20648,0,546,85,6673,394,10598,85,17271,California
Amador,2021-04-28,65,27394,28,6163,34,20682,3,549,38,6687,27,10625,41,17312,California
Amador,2021-04-29,210,27604,65,6228,38,20720,107,656,55,6694,155,10780,162,17474,California
Amador,2021-04-30,286,27890,16,6244,268,20988,2,658,64,6538,222,11002,66,17540,California
Amador,2021-05-01,18,27908,6,6250,8,20996,4,662,7,6539,10,11012,11,17551,California
Amador,2021-05-02,9,27917,3,6253,4,21000,2,664,4,6541,5,11017,7,17558,California
Amador,2021-05-03,30,27947,18,6271,9,21009,3,667,21,6556,9,11026,24,17582,California
Butte,2020-12-16,3,3,3,3,0,0,0,0,3,3,0,0,3,3,California
Butte,2020-12-17,21,24,21,24,0,0,0,0,21,24,0,0,21,24,California
Butte,2020-12-18,50,74,50,74,0,0,0,0,50,74,0,0,50,74,California
Butte,2020-12-19,7,81,7,81,0,0,0,0,7,81,0,0,7,81,California
Butte,2020-12-20,10,91,10,91,0,0,0,0,10,91,0,0,10,91,California
Butte,2020-12-21,634,725,634,725,0,0,0,0,634,725,0,0,634,725,California
Butte,2020-12-22,617,1342,615,1340,2,2,0,0,617,1342,0,0,617,1342,California
Butte,2020-12-23,869,2211,853,2193,16,18,0,0,869,2211,0,0,869,2211,California
Butte,2020-12-24,159,2370,156,2349,3,21,0,0,159,2370,0,0,159,2370,California
Butte,2020-12-26,93,2463,91,2440,2,23,0,0,93,2463,0,0,93,2463,California
Butte,2020-12-27,35,2498,34,2474,1,24,0,0,35,2498,0,0,35,2498,California
Butte,2020-12-28,279,2777,273,2747,6,30,0,0,279,2777,0,0,279,2777,California
Butte,2020-12-29,203,2980,179,2926,24,54,0,0,203,2980,0,0,203,2980,California
Butte,2020-12-30,503,3483,291,3217,212,266,0,0,503,3483,0,0,503,3483,California
Butte,2020-12-31,211,3694,18,3235,193,459,0,0,211,3694,0,0,211,3694,California
Butte,2021-01-01,8,3702,1,3236,7,466,0,0,8,3702,0,0,8,3702,California
Butte,2021-01-02,41,3743,38,3274,3,469,0,0,41,3743,0,0,41,3743,California
Butte,2021-01-03,4,3747,1,3275,3,472,0,0,4,3747,0,0,4,3747,California
Butte,2021-01-04,208,3955,175,3450,33,505,0,0,208,3955,0,0,208,3955,California
Butte,2021-01-05,196,4151,151,3601,45,550,0,0,195,4149,1,1,195,4150,California
Butte,2021-01-06,623,4774,397,3998,226,776,0,0,618,4763,5,6,619,4769,California
Butte,2021-01-07,762,5536,370,4368,392,1168,0,0,742,5485,20,26,742,5511,California
Butte,2021-01-08,656,6192,529,4897,127,1295,0,0,610,6049,46,72,610,6121,California
Butte,2021-01-09,12,6204,7,4904,5,1300,0,0,7,6051,5,77,7,6128,California
Butte,2021-01-10,19,6223,5,4909,14,1314,0,0,14,6060,5,82,14,6142,California
Butte,2021-01-11,985,7208,949,5858,36,1350,0,0,357,5792,628,710,360,6502,California
Butte,2021-01-12,697,7905,652,6510,45,1395,0,0,274,5643,423,1133,274,6776,California
Butte,2021-01-13,1449,9354,955,7465,494,1889,0,0,615,5426,834,1967,617,7393,California
Butte,2021-01-14,1637,10991,896,8361,741,2630,0,0,1440,6670,196,2163,1440,8833,California
Butte,2021-01-15,1168,12159,926,9287,242,2872,0,0,1059,7619,110,2273,1059,9892,California
Butte,2021-01-16,586,12745,300,9587,286,3158,0,0,541,8115,45,2318,541,10433,California
Butte,2021-01-17,239,12984,64,9651,175,3333,0,0,202,8280,37,2355,202,10635,California
Butte,2021-01-18,342,13326,301,9952,41,3374,0,0,275,8489,66,2421,275,10910,California
Butte,2021-01-19,494,13820,429,10381,65,3439,0,0,221,8437,273,2694,221,11131,California
Butte,2021-01-20,1346,15166,665,11046,681,4120,0,0,1043,9177,303,2997,1043,12174,California
Butte,2021-01-21,1474,16640,866,11912,608,4728,0,0,1366,10436,107,3104,1366,13540,California
Butte,2021-01-22,1112,17752,453,12365,659,5387,0,0,1059,11442,53,3157,1059,14599,California
Butte,2021-01-23,127,17879,85,12450,42,5429,0,0,101,11517,26,3183,101,14700,California
Butte,2021-01-24,9,17888,7,12457,2,5431,0,0,9,11526,0,3183,9,14709,California
Butte,2021-01-25,656,18544,336,12793,320,5751,0,0,493,11856,163,3346,493,15202,California
Butte,2021-01-26,1467,20011,377,13170,1090,6841,0,0,1330,13049,137,3483,1330,16532,California
Butte,2021-01-27,2081,22092,705,13875,1376,8217,0,0,1362,13693,718,4201,1362,17894,California
Butte,2021-01-28,2263,24355,262,14137,2001,10218,0,0,1952,15335,310,4511,1952,19846,California
Butte,2021-01-29,1686,26041,488,14625,1198,11416,0,0,1307,16264,378,4889,1307,21153,California
Butte,2021-01-30,32,26073,9,14634,23,11439,0,0,29,16290,3,4892,29,21182,California
Butte,2021-01-31,17,26090,15,14649,2,11441,0,0,16,16305,1,4893,16,21198,California
Butte,2021-02-01,1748,27838,406,15055,1342,12783,0,0,1360,17279,386,5279,1360,22558,California
Butte,2021-02-02,1930,29768,362,15417,1568,14351,0,0,1627,18602,304,5583,1627,24185,California
Butte,2021-02-03,2733,32501,772,16189,1961,16312,0,0,1843,19557,888,6471,1843,26028,California
Butte,2021-02-04,2959,35460,327,16516,2632,18944,0,0,2404,21408,553,7024,2404,28432,California
Butte,2021-02-05,1252,36712,663,17179,589,19533,0,0,549,21262,703,7727,557,28989,California
Butte,2021-02-06,144,36856,103,17282,41,19574,0,0,62,21242,82,7809,62,29051,California
Butte,2021-02-07,37,36893,33,17315,4,19578,0,0,13,21231,24,7833,13,29064,California
Butte,2021-02-08,689,37582,540,17855,149,19727,0,0,238,21018,451,8284,238,29302,California
Butte,2021-02-09,951,38533,457,18312,494,20221,0,0,724,21515,227,8511,724,30026,California
Butte,2021-02-10,1706,40239,1190,19502,516,20737,0,0,697,21205,1007,9518,697,30723,California
Butte,2021-02-11,2200,42439,1348,20850,852,21589,0,0,1004,21013,1196,10714,1004,31727,California
Butte,2021-02-12,984,43423,416,21266,568,22157,0,0,333,20707,649,11363,343,32070,California
Butte,2021-02-13,252,43675,44,21310,208,22365,0,0,150,20755,102,11465,150,32220,California
Butte,2021-02-14,160,43835,9,21319,151,22516,0,0,155,20905,5,11470,155,32375,California
Butte,2021-02-15,264,44099,48,21367,216,22732,0,0,198,21037,66,11536,198,32573,California
Butte,2021-02-16,732,44831,431,21798,301,23033,0,0,274,20854,459,11995,276,32849,California
Butte,2021-02-17,1513,46344,847,22645,666,23699,0,0,841,21025,670,12665,841,33690,California
Butte,2021-02-18,1555,47899,761,23406,794,24493,0,0,747,20964,808,13473,747,34437,California
Butte,2021-02-19,1166,49065,387,23793,779,25272,0,0,401,20607,758,14231,401,34838,California
Butte,2021-02-20,473,49538,28,23821,445,25717,0,0,120,20375,352,14583,120,34958,California
Butte,2021-02-21,16,49554,14,23835,2,25719,0,0,11,20381,5,14588,11,34969,California
Butte,2021-02-22,1497,51051,296,24131,1201,26920,0,0,381,19648,1114,15702,381,35350,California
Butte,2021-02-23,1633,52684,297,24428,1336,28256,0,0,463,18946,1165,16867,463,35813,California
Butte,2021-02-24,2135,54819,597,25025,1538,29794,0,0,729,18277,1398,18265,729,36542,California
Butte,2021-02-25,2073,56892,575,25600,1498,31292,0,0,651,17512,1417,19682,652,37194,California
Butte,2021-02-26,922,57814,312,25912,610,31902,0,0,399,17391,520,20202,399,37593,California
Butte,2021-02-27,234,58048,47,25959,187,32089,0,0,186,17531,46,20248,186,37779,California
Butte,2021-02-28,140,58188,16,25975,124,32213,0,0,132,17655,8,20256,132,37911,California
Butte,2021-03-01,1627,59815,178,26153,1448,33661,1,1,328,16688,1296,21552,329,38240,California
Butte,2021-03-02,1742,61557,196,26349,1546,35207,0,1,309,15568,1429,22981,309,38549,California
Butte,2021-03-03,2781,64338,846,27195,1935,37142,0,1,481,13750,2299,25280,481,39030,California
Butte,2021-03-04,3135,67473,672,27867,2463,39605,0,1,618,11852,2516,27796,618,39648,California
Butte,2021-03-05,1348,68821,617,28484,730,40335,1,2,735,11978,610,28406,736,40384,California
Butte,2021-03-06,248,69069,28,28512,197,40532,23,25,186,12126,61,28467,209,40593,California
Butte,2021-03-07,55,69124,3,28515,35,40567,17,42,30,12148,25,28492,47,40640,California
Butte,2021-03-08,1264,70388,129,28644,1058,41625,77,119,1099,13162,162,28654,1176,41816,California
Butte,2021-03-09,1896,72284,276,28920,1517,43142,103,222,1410,14191,484,29138,1513,43329,California
Butte,2021-03-10,2319,74603,965,29885,1254,44396,100,322,1580,15136,734,29872,1679,45008,California
Butte,2021-03-11,2804,77407,1312,31197,1366,45762,126,448,1979,16427,814,30686,2105,47113,California
Butte,2021-03-12,1141,78548,328,31525,466,46228,347,795,354,16347,781,31467,701,47814,California
Butte,2021-03-13,252,78800,66,31591,137,46365,49,844,64,16271,188,31655,112,47926,California
Butte,2021-03-14,160,78960,14,31605,104,46469,42,886,21,16196,138,31793,63,47989,California
Butte,2021-03-15,1719,80679,359,31964,1067,47536,293,1179,1126,17027,588,32381,1419,49408,California
Butte,2021-03-16,1629,82308,416,32380,1135,48671,78,1257,1090,17658,536,32917,1167,50575,California
Butte,2021-03-17,1952,84260,1359,33739,512,49183,81,1338,1133,18060,811,33728,1213,51788,California
Butte,2021-03-18,1798,86058,1455,35194,214,49397,129,1467,1059,18514,733,34461,1187,52975,California
Butte,2021-03-19,699,86757,313,35507,302,49699,84,1551,345,18598,345,34806,429,53404,California
Butte,2021-03-20,205,86962,32,35539,157,49856,16,1567,93,18595,112,34918,109,53513,California
Butte,2021-03-21,58,87020,27,35566,2,49858,29,1596,15,18596,43,34961,44,53557,California
Butte,2021-03-22,1461,88481,353,35919,1014,50872,94,1690,1196,19623,263,35224,1290,54847,California
Butte,2021-03-23,1800,90281,488,36407,1198,52070,114,1804,1454,20847,344,35568,1568,56415,California
Butte,2021-03-24,2247,92528,1264,37671,857,52927,126,1930,1701,22131,542,36110,1826,58241,California
Butte,2021-03-25,1482,94010,1199,38870,192,53119,91,2021,1021,22785,458,36568,1112,59353,California
Butte,2021-03-26,1214,95224,443,39313,525,53644,246,2267,568,22961,638,37206,814,60167,California
Butte,2021-03-27,299,95523,83,39396,192,53836,24,2291,132,22951,164,37370,154,60321,California
Butte,2021-03-28,225,95748,42,39438,175,54011,8,2299,100,22936,122,37492,107,60428,California
Butte,2021-03-29,1720,97468,381,39819,1269,55280,70,2369,1306,23901,411,37903,1376,61804,California
Butte,2021-03-30,1038,98506,467,40286,481,55761,90,2459,496,23951,536,38439,586,62390,California
Butte,2021-03-31,1777,100283,1305,41591,405,56166,67,2526,1088,24423,683,39122,1155,63545,California
Butte,2021-04-01,3278,103561,2660,44251,491,56657,127,2653,2211,25700,1062,40184,2339,65884,California
Butte,2021-04-02,999,104560,418,44669,461,57118,120,2773,560,25948,431,40615,679,66563,California
Butte,2021-04-03,344,104904,45,44714,224,57342,75,2848,165,26009,179,40794,240,66803,California
Butte,2021-04-04,186,105090,23,44737,140,57482,23,2871,108,26064,76,40870,131,66934,California
Butte,2021-04-05,1958,107048,419,45156,1370,58852,169,3040,601,25483,1350,42220,769,67703,California
Butte,2021-04-06,2183,109231,616,45772,1147,59999,420,3460,785,25294,1392,43612,1203,68906,California
Butte,2021-04-07,3002,112233,1312,47084,1297,61296,393,3853,691,24073,2305,45917,1084,69990,California
Butte,2021-04-08,2718,114951,1185,48269,1268,62564,265,4118,436,22495,2279,48196,701,70691,California
Butte,2021-04-09,1364,116315,346,48615,538,63102,480,4598,326,22263,1035,49231,803,71494,California
Butte,2021-04-10,216,116531,46,48661,74,63176,96,4694,95,22333,120,49351,190,71684,California
Butte,2021-04-11,103,116634,42,48703,51,63227,10,4704,79,22400,22,49373,89,71773,California
Butte,2021-04-12,1408,118042,317,49020,958,64185,133,4837,254,21633,1154,50527,387,72160,California
Butte,2021-04-13,1637,119679,571,49591,1060,65245,6,4843,348,20706,1282,51809,355,72515,California
Butte,2021-04-14,2830,122509,2341,51932,489,65734,0,4843,1316,20514,1509,53318,1317,73832,California
Butte,2021-04-15,634,123143,390,52322,244,65978,0,4843,480,20843,151,53469,480,74312,California
Butte,2021-04-16,807,123950,414,52736,393,66371,0,4843,475,20989,329,53798,475,74787,California
Butte,2021-04-17,338,124288,61,52797,277,66648,0,4843,236,21125,100,53898,236,75023,California
Butte,2021-04-18,38,124326,8,52805,30,66678,0,4843,34,21155,4,53902,34,75057,California
Butte,2021-04-19,1558,125884,381,53186,1177,67855,0,4843,449,20498,1106,55008,449,75506,California
Butte,2021-04-20,1969,127853,718,53904,1251,69106,0,4843,781,20096,1183,56191,781,76287,California
Butte,2021-04-21,2051,129904,1166,55070,885,69991,0,4843,481,19013,1564,57755,481,76768,California
Butte,2021-04-22,2182,132086,1904,56974,278,70269,0,4843,608,18051,1570,59325,608,77376,California
Butte,2021-04-23,937,133023,437,57411,500,70769,0,4843,488,18091,448,59773,488,77864,California
Butte,2021-04-24,347,133370,140,57551,207,70976,0,4843,191,18126,156,59929,191,78055,California
Butte,2021-04-25,171,133541,67,57618,104,71080,0,4843,64,18083,107,60036,64,78119,California
Butte,2021-04-26,1468,135009,408,58026,1055,72135,5,4848,410,17443,1055,61091,415,78534,California
Butte,2021-04-27,902,135911,616,58642,261,72396,25,4873,547,17664,351,61442,572,79106,California
Butte,2021-04-28,1256,137167,815,59457,417,72813,24,4897,402,17241,849,62291,426,79532,California
Butte,2021-04-29,771,137938,449,59906,296,73109,26,4923,236,16972,531,62822,262,79794,California
Butte,2021-04-30,607,138545,252,60158,335,73444,20,4943,321,17030,282,63104,340,80134,California
Butte,2021-05-01,91,138636,12,60170,69,73513,10,4953,22,16994,68,63172,32,80166,California
Butte,2021-05-02,27,138663,5,60175,12,73525,10,4963,16,17009,11,63183,26,80192,California
Butte,2021-05-03,415,139078,148,60323,253,73778,14,4977,117,16849,291,63474,131,80323,California
Calaveras,2020-12-16,5,5,5,5,0,0,0,0,5,5,0,0,5,5,California
Calaveras,2020-12-17,3,8,3,8,0,0,0,0,3,8,0,0,3,8,California
Calaveras,2020-12-18,38,46,38,46,0,0,0,0,38,46,0,0,38,46,California
Calaveras,2020-12-19,3,49,3,49,0,0,0,0,3,49,0,0,3,49,California
Calaveras,2020-12-20,3,52,3,52,0,0,0,0,3,52,0,0,3,52,California
Calaveras,2020-12-21,55,107,48,100,7,7,0,0,55,107,0,0,55,107,California
Calaveras,2020-12-22,82,189,78,178,4,11,0,0,83,190,0,0,83,190,California
Calaveras,2020-12-23,76,265,74,252,2,13,0,0,76,266,0,0,76,266,California
Calaveras,2020-12-24,2,267,2,254,0,13,0,0,2,268,0,0,2,268,California
Calaveras,2020-12-26,3,270,3,257,0,13,0,0,3,271,0,0,3,271,California
Calaveras,2020-12-28,22,292,18,275,4,17,0,0,21,291,1,1,21,292,California
Calaveras,2020-12-29,168,460,148,423,20,37,0,0,168,459,0,1,168,460,California
Calaveras,2020-12-30,94,554,82,505,12,49,0,0,94,553,0,1,94,554,California
Calaveras,2020-12-31,35,589,25,530,10,59,0,0,35,588,0,1,35,589,California
Calaveras,2021-01-02,11,600,11,541,0,59,0,0,11,599,0,1,11,600,California
Calaveras,2021-01-03,10,610,4,545,6,65,0,0,10,609,0,1,10,610,California
Calaveras,2021-01-04,33,643,5,550,28,93,0,0,33,642,0,1,33,643,California
Calaveras,2021-01-05,40,683,9,559,31,124,0,0,32,671,8,9,37,680,California
Calaveras,2021-01-06,107,790,30,589,77,201,0,0,97,758,10,19,97,777,California
Calaveras,2021-01-07,105,895,26,615,79,280,0,0,92,840,11,30,93,870,California
Calaveras,2021-01-08,68,963,38,653,30,310,0,0,45,863,23,53,46,916,California
Calaveras,2021-01-09,5,968,5,658,0,310,0,0,2,862,3,56,2,918,California
Calaveras,2021-01-10,2,970,0,658,2,312,0,0,2,864,0,56,2,920,California
Calaveras,2021-01-11,65,1035,59,717,6,318,0,0,27,856,37,93,29,949,California
Calaveras,2021-01-12,85,1120,52,769,33,351,0,0,52,876,33,126,53,1002,California
Calaveras,2021-01-13,109,1229,44,813,65,416,0,0,75,918,34,160,76,1078,California
Calaveras,2021-01-14,137,1366,41,854,96,512,0,0,104,991,32,192,105,1183,California
Calaveras,2021-01-15,91,1457,29,883,62,574,0,0,71,1042,20,212,71,1254,California
Calaveras,2021-01-16,13,1470,2,885,11,585,0,0,12,1053,1,213,12,1266,California
Calaveras,2021-01-17,9,1479,1,886,8,593,0,0,9,1062,0,213,9,1275,California
Calaveras,2021-01-18,131,1610,19,905,112,705,0,0,118,1170,13,226,121,1396,California
Calaveras,2021-01-19,204,1814,174,1079,30,735,0,0,62,1092,141,367,63,1459,California
Calaveras,2021-01-20,376,2190,82,1161,294,1029,0,0,291,1308,84,451,300,1759,California
Calaveras,2021-01-21,462,2652,40,1201,422,1451,0,0,435,1722,27,478,441,2200,California
Calaveras,2021-01-22,401,3053,23,1224,378,1829,0,0,391,2110,10,488,398,2598,California
Calaveras,2021-01-23,22,3075,10,1234,12,1841,0,0,18,2124,4,492,18,2616,California
Calaveras,2021-01-24,13,3088,8,1242,5,1846,0,0,11,2133,2,494,11,2627,California
Calaveras,2021-01-25,85,3173,8,1250,77,1923,0,0,80,2208,5,499,80,2707,California
Calaveras,2021-01-26,47,3220,15,1265,32,1955,0,0,39,2239,8,507,39,2746,California
Calaveras,2021-01-27,133,3353,43,1308,90,2045,0,0,105,2317,27,534,105,2851,California
Calaveras,2021-01-28,163,3516,23,1331,140,2185,0,0,140,2437,23,557,143,2994,California
Calaveras,2021-01-29,386,3902,13,1344,373,2558,0,0,362,2783,24,581,370,3364,California
Calaveras,2021-01-30,27,3929,10,1354,17,2575,0,0,25,2808,0,581,25,3389,California
Calaveras,2021-01-31,5,3934,3,1357,2,2577,0,0,4,2811,1,582,4,3393,California
Calaveras,2021-02-01,24,3958,11,1368,13,2590,0,0,18,2823,6,588,18,3411,California
Calaveras,2021-02-02,108,4066,22,1390,86,2676,0,0,70,2860,34,622,71,3482,California
Calaveras,2021-02-03,429,4495,42,1432,387,3063,0,0,346,3125,82,704,347,3829,California
Calaveras,2021-02-04,379,4874,24,1456,355,3418,0,0,297,3340,82,786,297,4126,California
Calaveras,2021-02-05,78,4952,22,1478,56,3474,0,0,40,3343,38,824,41,4167,California
Calaveras,2021-02-06,21,4973,12,1490,9,3483,0,0,21,3364,0,824,21,4188,California
Calaveras,2021-02-07,4,4977,1,1491,3,3486,0,0,2,3364,2,826,2,4190,California
Calaveras,2021-02-08,38,5015,17,1508,21,3507,0,0,30,3388,6,832,30,4220,California
Calaveras,2021-02-09,190,5205,74,1582,116,3623,0,0,129,3462,55,887,129,4349,California
Calaveras,2021-02-10,512,5717,29,1611,483,4106,0,0,442,3837,70,957,445,4794,California
Calaveras,2021-02-11,583,6300,81,1692,502,4608,0,0,475,4208,105,1062,476,5270,California
Calaveras,2021-02-12,569,6869,325,2017,244,4852,0,0,493,4629,74,1136,495,5765,California
Calaveras,2021-02-13,194,7063,37,2054,157,5009,0,0,179,4793,15,1151,179,5944,California
Calaveras,2021-02-14,220,7283,71,2125,149,5158,0,0,206,4985,14,1165,206,6150,California
Calaveras,2021-02-15,383,7666,22,2147,361,5519,0,0,263,5131,117,1282,263,6413,California
Calaveras,2021-02-16,267,7933,143,2290,124,5643,0,0,231,5326,36,1318,231,6644,California
Calaveras,2021-02-17,509,8442,38,2328,471,6114,0,0,211,5248,290,1608,212,6856,California
Calaveras,2021-02-18,499,8941,91,2419,408,6522,0,0,99,4957,390,1998,99,6955,California
Calaveras,2021-02-19,439,9380,43,2462,396,6918,0,0,98,4724,331,2329,98,7053,California
Calaveras,2021-02-20,59,9439,15,2477,44,6962,0,0,48,4761,11,2340,48,7101,California
Calaveras,2021-02-21,22,9461,13,2490,9,6971,0,0,19,4777,3,2343,19,7120,California
Calaveras,2021-02-22,62,9523,38,2528,24,6995,0,0,33,4781,29,2372,33,7153,California
Calaveras,2021-02-23,125,9648,40,2568,85,7080,0,0,89,4835,36,2408,90,7243,California
Calaveras,2021-02-24,96,9744,47,2615,49,7129,0,0,66,4872,29,2437,66,7309,California
Calaveras,2021-02-25,548,10292,98,2713,450,7579,0,0,358,5043,187,2624,358,7667,California
Calaveras,2021-02-26,704,10996,46,2759,658,8237,0,0,368,5092,321,2945,370,8037,California
Calaveras,2021-02-27,202,11198,21,2780,181,8418,0,0,179,5248,23,2968,179,8216,California
Calaveras,2021-02-28,98,11296,15,2795,83,8501,0,0,93,5337,4,2972,93,8309,California
Calaveras,2021-03-01,226,11522,40,2835,186,8687,0,0,146,5405,79,3051,147,8456,California
Calaveras,2021-03-02,243,11765,91,2926,152,8839,0,0,201,5567,40,3091,202,8658,California
Calaveras,2021-03-03,510,12275,103,3029,407,9246,0,0,213,5487,293,3384,213,8871,California
Calaveras,2021-03-04,738,13013,64,3093,673,9919,1,1,349,5455,383,3767,351,9222,California
Calaveras,2021-03-05,456,13469,271,3364,181,10100,4,5,141,5289,311,4078,145,9367,California
Calaveras,2021-03-06,155,13624,42,3406,107,10207,6,11,122,5384,33,4111,128,9495,California
Calaveras,2021-03-07,75,13699,32,3438,36,10243,7,18,34,5384,41,4152,41,9536,California
Calaveras,2021-03-08,162,13861,26,3464,128,10371,8,26,128,5487,33,4185,136,9672,California
Calaveras,2021-03-09,361,14222,136,3600,219,10590,6,32,32,5199,326,4511,38,9710,California
Calaveras,2021-03-10,415,14637,27,3627,385,10975,3,35,57,4905,354,4865,60,9770,California
Calaveras,2021-03-11,844,15481,417,4044,414,11389,13,48,428,4932,414,5279,441,10211,California
Calaveras,2021-03-12,398,15879,211,4255,177,11566,10,58,326,5202,71,5350,341,10552,California
Calaveras,2021-03-13,178,16057,16,4271,154,11720,8,66,144,5323,33,5383,154,10706,California
Calaveras,2021-03-14,155,16212,10,4281,144,11864,1,67,17,5210,138,5521,25,10731,California
Calaveras,2021-03-15,331,16543,47,4328,258,12122,26,93,52,5014,278,5799,82,10813,California
Calaveras,2021-03-16,685,17228,550,4878,115,12237,20,113,545,5441,138,5937,565,11378,California
Calaveras,2021-03-17,279,17507,52,4930,213,12450,14,127,51,5281,226,6163,66,11444,California
Calaveras,2021-03-18,665,18172,570,5500,80,12530,15,142,550,5733,115,6278,567,12011,California
Calaveras,2021-03-19,231,18403,50,5550,107,12637,74,216,56,5691,171,6449,129,12140,California
Calaveras,2021-03-20,79,18482,20,5570,58,12695,1,217,23,5660,56,6505,25,12165,California
Calaveras,2021-03-21,48,18530,31,5601,6,12701,11,228,13,5649,35,6540,24,12189,California
Calaveras,2021-03-22,79,18609,36,5637,22,12723,21,249,25,5641,54,6594,46,12235,California
Calaveras,2021-03-23,292,18901,204,5841,78,12801,10,259,114,5595,170,6764,124,12359,California
Calaveras,2021-03-24,132,19033,50,5891,72,12873,10,269,43,5560,88,6852,53,12412,California
Calaveras,2021-03-25,738,19771,100,5991,635,13508,3,272,446,5720,289,7141,449,12861,California
Calaveras,2021-03-26,426,20197,28,6019,392,13900,6,278,89,5483,334,7475,97,12958,California
Calaveras,2021-03-27,212,20409,19,6038,189,14089,4,282,38,5356,171,7646,44,13002,California
Calaveras,2021-03-28,112,20521,12,6050,98,14187,2,284,8,5264,103,7749,11,13013,California
Calaveras,2021-03-29,175,20696,21,6071,151,14338,3,287,56,5207,117,7866,60,13073,California
Calaveras,2021-03-30,529,21225,21,6092,491,14829,17,304,354,5404,174,8040,371,13444,California
Calaveras,2021-03-31,321,21546,139,6231,172,15001,10,314,155,5404,166,8206,166,13610,California
Calaveras,2021-04-01,681,22227,439,6670,241,15242,1,315,186,5100,494,8700,190,13800,California
Calaveras,2021-04-02,393,22620,230,6900,155,15397,8,323,118,4954,273,8973,127,13927,California
Calaveras,2021-04-03,144,22764,32,6932,108,15505,4,327,40,4894,104,9077,44,13971,California
Calaveras,2021-04-04,78,22842,25,6957,53,15558,0,327,50,4916,28,9105,50,14021,California
Calaveras,2021-04-05,208,23050,79,7036,120,15678,9,336,99,4916,109,9214,109,14130,California
Calaveras,2021-04-06,646,23696,573,7609,60,15738,13,349,107,4500,536,9750,120,14250,California
Calaveras,2021-04-07,752,24448,654,8263,62,15800,36,385,615,5015,137,9887,652,14902,California
Calaveras,2021-04-08,941,25389,852,9115,68,15868,21,406,432,4963,507,10394,455,15357,California
Calaveras,2021-04-09,151,25540,58,9173,46,15914,47,453,55,4971,95,10489,103,15460,California
Calaveras,2021-04-10,186,25726,41,9214,127,16041,18,471,145,5094,41,10530,164,15624,California
Calaveras,2021-04-11,67,25793,43,9257,22,16063,2,473,46,5121,21,10551,48,15672,California
Calaveras,2021-04-12,104,25897,47,9304,38,16101,19,492,55,5147,49,10600,75,15747,California
Calaveras,2021-04-13,422,26319,367,9671,55,16156,0,492,364,5457,56,10656,366,16113,California
Calaveras,2021-04-14,180,26499,29,9700,151,16307,0,492,134,5546,46,10702,135,16248,California
Calaveras,2021-04-15,336,26835,287,9987,49,16356,0,492,253,5719,80,10782,253,16501,California
Calaveras,2021-04-16,98,26933,24,10011,74,16430,0,492,46,5717,48,10830,46,16547,California
Calaveras,2021-04-17,330,27263,128,10139,202,16632,0,492,288,5964,41,10871,288,16835,California
Calaveras,2021-04-18,18,27281,5,10144,13,16645,0,492,11,5968,7,10878,11,16846,California
Calaveras,2021-04-19,66,27347,24,10168,42,16687,0,492,40,5984,25,10903,41,16887,California
Calaveras,2021-04-20,258,27605,92,10260,166,16853,0,492,193,6114,63,10966,193,17080,California
Calaveras,2021-04-21,211,27816,143,10403,68,16921,0,492,86,6078,123,11089,87,17167,California
Calaveras,2021-04-22,539,28355,93,10496,446,17367,0,492,144,5831,394,11483,147,17314,California
Calaveras,2021-04-23,157,28512,80,10576,77,17444,0,492,64,5804,91,11574,64,17378,California
Calaveras,2021-04-24,169,28681,36,10612,133,17577,0,492,126,5889,42,11616,127,17505,California
Calaveras,2021-04-25,43,28724,28,10640,15,17592,0,492,22,5892,21,11637,24,17529,California
Calaveras,2021-04-26,94,28818,60,10700,34,17626,0,492,29,5857,65,11702,30,17559,California
Calaveras,2021-04-27,423,29241,58,10758,351,17977,14,506,65,5580,356,12058,79,17638,California
Calaveras,2021-04-28,543,29784,477,11235,38,18015,28,534,52,5180,491,12549,91,17729,California
Calaveras,2021-04-29,501,30285,437,11672,45,18060,19,553,68,4842,432,12981,94,17823,California
Calaveras,2021-04-30,82,30367,20,11692,57,18117,5,558,41,4848,41,13022,47,17870,California
Calaveras,2021-05-01,152,30519,79,11771,71,18188,2,560,118,4937,33,13055,122,17992,California
Calaveras,2021-05-02,10,30529,8,11779,1,18189,1,561,4,4937,5,13060,5,17997,California
Calaveras,2021-05-03,39,30568,26,11805,10,18199,3,564,22,4946,17,13077,26,18023,California
Colusa,2020-12-18,1,1,1,1,0,0,0,0,1,1,0,0,1,1,California
Colusa,2020-12-21,2,3,2,3,0,0,0,0,2,3,0,0,2,3,California
Colusa,2020-12-22,10,13,10,13,0,0,0,0,10,13,0,0,10,13,California
Colusa,2020-12-23,10,23,10,23,0,0,0,0,10,23,0,0,10,23,California
Colusa,2020-12-24,2,25,1,24,1,1,0,0,2,25,0,0,2,25,California
Colusa,2020-12-27,1,26,1,25,0,1,0,0,1,26,0,0,1,26,California
Colusa,2020-12-28,7,33,3,28,4,5,0,0,7,33,0,0,7,33,California
Colusa,2020-12-29,11,44,8,36,3,8,0,0,11,44,0,0,11,44,California
Colusa,2020-12-30,50,94,13,49,37,45,0,0,50,94,0,0,50,94,California
Colusa,2020-12-31,18,112,1,50,17,62,0,0,18,112,0,0,18,112,California
Colusa,2021-01-04,4,116,0,50,4,66,0,0,4,116,0,0,4,116,California
Colusa,2021-01-05,67,183,1,51,66,132,0,0,67,183,0,0,67,183,California
Colusa,2021-01-06,15,198,9,60,6,138,0,0,15,198,0,0,15,198,California
Colusa,2021-01-07,38,236,4,64,34,172,0,0,37,234,1,1,37,235,California
Colusa,2021-01-08,9,245,7,71,2,174,0,0,8,241,1,2,8,243,California
Colusa,2021-01-09,2,247,1,72,1,175,0,0,2,243,0,2,2,245,California
Colusa,2021-01-10,1,248,0,72,1,176,0,0,1,244,0,2,1,246,California
Colusa,2021-01-11,12,260,6,78,6,182,0,0,7,246,5,7,7,253,California
Colusa,2021-01-12,11,271,9,87,2,184,0,0,6,247,5,12,6,259,California
Colusa,2021-01-13,21,292,13,100,8,192,0,0,13,252,8,20,13,272,California
Colusa,2021-01-14,35,327,28,128,7,199,0,0,33,283,2,22,33,305,California
Colusa,2021-01-15,41,368,5,133,36,235,0,0,39,320,2,24,39,344,California
Colusa,2021-01-16,12,380,1,134,11,246,0,0,11,330,1,25,11,355,California
Colusa,2021-01-17,3,383,2,136,1,247,0,0,2,331,1,26,2,357,California
Colusa,2021-01-18,4,387,0,136,4,251,0,0,4,335,0,26,4,361,California
Colusa,2021-01-19,9,396,8,144,1,252,0,0,5,336,4,30,5,366,California
Colusa,2021-01-20,115,511,101,245,14,266,0,0,102,425,13,43,102,468,California
Colusa,2021-01-21,56,567,41,286,15,281,0,0,55,479,1,44,55,523,California
Colusa,2021-01-22,40,607,17,303,23,304,0,0,35,509,5,49,35,558,California
Colusa,2021-01-23,35,642,6,309,29,333,0,0,35,544,0,49,35,593,California
Colusa,2021-01-25,7,649,0,309,7,340,0,0,7,551,0,49,7,600,California
Colusa,2021-01-26,8,657,5,314,3,343,0,0,5,553,3,52,5,605,California
Colusa,2021-01-27,109,766,31,345,78,421,0,0,107,658,2,54,107,712,California
Colusa,2021-01-28,79,845,46,391,33,454,0,0,72,723,7,61,72,784,California
Colusa,2021-01-29,41,886,7,398,34,488,0,0,40,762,1,62,40,824,California
Colusa,2021-01-30,27,913,4,402,23,511,0,0,27,789,0,62,27,851,California
Colusa,2021-01-31,7,920,7,409,0,511,0,0,7,796,0,62,7,858,California
Colusa,2021-02-01,27,947,10,419,17,528,0,0,22,813,5,67,22,880,California
Colusa,2021-02-02,42,989,8,427,34,562,0,0,36,843,6,73,36,916,California
Colusa,2021-02-03,69,1058,10,437,59,621,0,0,59,892,10,83,59,975,California
Colusa,2021-02-04,143,1201,81,518,62,683,0,0,115,979,28,111,115,1090,California
Colusa,2021-02-05,32,1233,8,526,24,707,0,0,29,1005,3,114,29,1119,California
Colusa,2021-02-06,284,1517,8,534,276,983,0,0,273,1267,11,125,273,1392,California
Colusa,2021-02-07,2,1519,1,535,1,984,0,0,0,1265,2,127,0,1392,California
Colusa,2021-02-08,40,1559,5,540,35,1019,0,0,37,1299,3,130,37,1429,California
Colusa,2021-02-09,231,1790,14,554,217,1236,0,0,176,1420,55,185,176,1605,California
Colusa,2021-02-10,116,1906,41,595,75,1311,0,0,73,1450,43,228,73,1678,California
Colusa,2021-02-11,97,2003,36,631,61,1372,0,0,72,1497,25,253,72,1750,California
Colusa,2021-02-12,117,2120,9,640,108,1480,0,0,79,1537,39,292,79,1829,California
Colusa,2021-02-13,60,2180,8,648,52,1532,0,0,52,1581,8,300,52,1881,California
Colusa,2021-02-14,20,2200,8,656,12,1544,0,0,14,1589,6,306,14,1895,California
Colusa,2021-02-15,45,2245,10,666,35,1579,0,0,38,1620,7,313,38,1933,California
Colusa,2021-02-16,67,2312,4,670,63,1642,0,0,66,1685,1,314,66,1999,California
Colusa,2021-02-17,206,2518,143,813,63,1705,0,0,60,1599,146,460,60,2059,California
Colusa,2021-02-18,135,2653,35,848,100,1805,0,0,112,1688,23,483,112,2171,California
Colusa,2021-02-19,155,2808,19,867,136,1941,0,0,129,1791,26,509,129,2300,California
Colusa,2021-02-20,28,2836,6,873,22,1963,0,0,12,1787,16,525,12,2312,California
Colusa,2021-02-21,1,2837,1,874,0,1963,0,0,0,1786,1,526,0,2312,California
Colusa,2021-02-22,43,2880,26,900,17,1980,0,0,29,1801,14,540,29,2341,California
Colusa,2021-02-23,22,2902,6,906,16,1996,0,0,18,1815,4,544,18,2359,California
Colusa,2021-02-24,300,3202,54,960,246,2242,0,0,158,1831,142,686,158,2517,California
Colusa,2021-02-25,102,3304,55,1015,47,2289,0,0,66,1861,36,722,66,2583,California
Colusa,2021-02-26,98,3402,13,1028,85,2374,0,0,59,1881,39,761,59,2642,California
Colusa,2021-02-27,55,3457,4,1032,51,2425,0,0,40,1906,15,776,40,2682,California
Colusa,2021-02-28,26,3483,14,1046,12,2437,0,0,18,1916,8,784,18,2700,California
Colusa,2021-03-01,46,3529,15,1061,31,2468,0,0,29,1928,17,801,29,2729,California
Colusa,2021-03-02,49,3578,13,1074,36,2504,0,0,26,1931,23,824,26,2755,California
Colusa,2021-03-03,242,3820,43,1117,199,2703,0,0,185,2059,57,881,185,2940,California
Colusa,2021-03-04,138,3958,58,1175,80,2783,0,0,80,2081,58,939,80,3020,California
Colusa,2021-03-05,98,4056,25,1200,64,2847,9,9,53,2098,45,984,62,3082,California
Colusa,2021-03-06,274,4330,9,1209,265,3112,0,9,37,1898,237,1221,37,3119,California
Colusa,2021-03-07,8,4338,5,1214,3,3115,0,9,6,1902,2,1223,6,3125,California
Colusa,2021-03-08,88,4426,20,1234,33,3148,35,44,44,1937,44,1267,79,3204,California
Colusa,2021-03-09,272,4698,70,1304,179,3327,23,67,83,1854,189,1456,106,3310,California
Colusa,2021-03-10,287,4985,35,1339,216,3543,36,103,201,2005,86,1542,237,3547,California
Colusa,2021-03-11,419,5404,59,1398,339,3882,21,124,338,2281,81,1623,357,3904,California
Colusa,2021-03-12,109,5513,18,1416,78,3960,13,137,19,2223,90,1713,32,3936,California
Colusa,2021-03-13,61,5574,16,1432,36,3996,9,146,18,2207,43,1756,27,3963,California
Colusa,2021-03-14,20,5594,0,1432,18,4014,2,148,6,2202,13,1769,8,3971,California
Colusa,2021-03-15,69,5663,26,1458,35,4049,8,156,14,2169,55,1824,22,3993,California
Colusa,2021-03-16,295,5958,15,1473,234,4283,46,202,188,2296,107,1931,234,4227,California
Colusa,2021-03-17,195,6153,49,1522,146,4429,0,202,111,2323,84,2015,111,4338,California
Colusa,2021-03-18,319,6472,33,1555,216,4645,70,272,197,2468,122,2137,267,4605,California
Colusa,2021-03-19,78,6550,20,1575,56,4701,2,274,54,2500,24,2161,56,4661,California
Colusa,2021-03-20,49,6599,7,1582,41,4742,1,275,36,2524,13,2174,37,4698,California
Colusa,2021-03-21,6,6605,4,1586,2,4744,0,275,4,2526,2,2176,4,4702,California
Colusa,2021-03-22,62,6667,10,1596,43,4787,9,284,40,2553,22,2198,49,4751,California
Colusa,2021-03-23,81,6748,16,1612,63,4850,2,286,54,2582,27,2225,56,4807,California
Colusa,2021-03-24,337,7085,57,1669,274,5124,6,292,69,2388,268,2493,74,4881,California
Colusa,2021-03-25,109,7194,60,1729,44,5168,5,297,52,2388,57,2550,57,4938,California
Colusa,2021-03-26,298,7492,47,1776,247,5415,4,301,245,2584,53,2603,249,5187,California
Colusa,2021-03-27,63,7555,5,1781,58,5473,0,301,25,2571,38,2641,25,5212,California
Colusa,2021-03-28,15,7570,6,1787,9,5482,0,301,7,2570,8,2649,7,5219,California
Colusa,2021-03-29,69,7639,19,1806,44,5526,6,307,30,2567,39,2688,36,5255,California
Colusa,2021-03-30,147,7786,78,1884,67,5593,2,309,75,2572,72,2760,77,5332,California
Colusa,2021-03-31,235,8021,42,1926,193,5786,0,309,75,2489,158,2918,75,5407,California
Colusa,2021-04-01,426,8447,67,1993,304,6090,55,364,303,2724,122,3040,357,5764,California
Colusa,2021-04-02,81,8528,12,2005,55,6145,14,378,37,2731,44,3084,51,5815,California
Colusa,2021-04-03,62,8590,10,2015,29,6174,23,401,14,2720,48,3132,37,5852,California
Colusa,2021-04-04,18,8608,0,2015,8,6182,10,411,3,2718,15,3147,13,5865,California
Colusa,2021-04-05,95,8703,25,2040,55,6237,15,426,39,2716,56,3203,54,5919,California
Colusa,2021-04-06,128,8831,33,2073,45,6282,50,476,43,2724,85,3288,93,6012,California
Colusa,2021-04-07,357,9188,40,2113,294,6576,23,499,133,2657,224,3512,157,6169,California
Colusa,2021-04-08,426,9614,33,2146,366,6942,27,526,121,2503,302,3814,148,6317,California
Colusa,2021-04-09,76,9690,21,2167,32,6974,23,549,28,2506,48,3862,51,6368,California
Colusa,2021-04-10,45,9735,9,2176,16,6990,20,569,13,2507,32,3894,33,6401,California
Colusa,2021-04-11,15,9750,2,2178,11,7001,2,571,7,2508,8,3902,9,6410,California
Colusa,2021-04-12,31,9781,3,2181,28,7029,0,571,24,2525,7,3909,24,6434,California
Colusa,2021-04-13,278,10059,23,2204,255,7284,0,571,94,2436,183,4092,94,6528,California
Colusa,2021-04-14,94,10153,19,2223,75,7359,0,571,33,2408,61,4153,33,6561,California
Colusa,2021-04-15,318,10471,42,2265,276,7635,0,571,130,2350,188,4341,130,6691,California
Colusa,2021-04-16,80,10551,11,2276,69,7704,0,571,36,2343,43,4384,36,6727,California
Colusa,2021-04-17,53,10604,7,2283,46,7750,0,571,31,2352,22,4406,31,6758,California
Colusa,2021-04-18,9,10613,2,2285,7,7757,0,571,7,2357,2,4408,7,6765,California
Colusa,2021-04-19,61,10674,22,2307,39,7796,0,571,17,2330,44,4452,17,6782,California
Colusa,2021-04-20,176,10850,32,2339,144,7940,0,571,128,2410,48,4500,128,6910,California
Colusa,2021-04-21,170,11020,59,2398,111,8051,0,571,110,2460,60,4560,110,7020,California
Colusa,2021-04-22,416,11436,25,2423,390,8441,1,572,213,2471,202,4762,213,7233,California
Colusa,2021-04-23,90,11526,17,2440,73,8514,0,572,36,2453,54,4816,36,7269,California
Colusa,2021-04-24,237,11763,19,2459,217,8731,1,573,204,2625,33,4849,205,7474,California
Colusa,2021-04-25,11,11774,5,2464,6,8737,0,573,8,2630,3,4852,8,7482,California
Colusa,2021-04-26,22,11796,4,2468,17,8754,1,574,7,2623,14,4866,7,7489,California
Colusa,2021-04-27,92,11888,21,2489,67,8821,4,578,43,2621,49,4915,47,7536,California
Colusa,2021-04-28,172,12060,27,2516,142,8963,3,581,124,2701,47,4962,127,7663,California
Colusa,2021-04-29,266,12326,10,2526,252,9215,4,585,32,2512,233,5195,44,7707,California
Colusa,2021-04-30,46,12372,10,2536,36,9251,0,585,25,2516,21,5216,25,7732,California
Colusa,2021-05-01,12,12384,2,2538,7,9258,3,588,4,2515,8,5224,7,7739,California
Colusa,2021-05-02,3,12387,0,2538,2,9260,1,589,2,2517,1,5225,3,7742,California
Colusa,2021-05-03,12,12399,1,2539,11,9271,0,589,3,2511,9,5234,3,7745,California
Contra Costa,2020-12-15,18,18,18,18,0,0,0,0,18,18,0,0,18,18,California
Contra Costa,2020-12-16,523,541,523,541,0,0,0,0,523,541,0,0,523,541,California
Contra Costa,2020-12-17,908,1449,908,1449,0,0,0,0,908,1449,0,0,908,1449,California
Contra Costa,2020-12-18,1590,3039,1589,3038,1,1,0,0,1590,3039,0,0,1590,3039,California
Contra Costa,2020-12-19,1101,4140,1100,4138,1,2,0,0,1101,4140,0,0,1101,4140,California
Contra Costa,2020-12-20,584,4724,583,4721,1,3,0,0,584,4724,0,0,584,4724,California
Contra Costa,2020-12-21,1652,6376,1650,6371,2,5,0,0,1652,6376,0,0,1652,6376,California
Contra Costa,2020-12-22,1665,8041,1561,7932,104,109,0,0,1665,8041,0,0,1665,8041,California
Contra Costa,2020-12-23,1587,9628,1339,9271,248,357,0,0,1587,9628,0,0,1587,9628,California
Contra Costa,2020-12-24,654,10282,336,9607,318,675,0,0,654,10282,0,0,654,10282,California
Contra Costa,2020-12-25,39,10321,17,9624,22,697,0,0,39,10321,0,0,39,10321,California
Contra Costa,2020-12-26,641,10962,131,9755,510,1207,0,0,641,10962,0,0,641,10962,California
Contra Costa,2020-12-27,240,11202,87,9842,153,1360,0,0,240,11202,0,0,240,11202,California
Contra Costa,2020-12-28,1830,13032,860,10702,970,2330,0,0,1830,13032,0,0,1830,13032,California
Contra Costa,2020-12-29,1829,14861,824,11526,1005,3335,0,0,1829,14861,0,0,1829,14861,California
Contra Costa,2020-12-30,2394,17255,1216,12742,1178,4513,0,0,2393,17254,0,0,2393,17254,California
Contra Costa,2020-12-31,915,18170,308,13050,607,5120,0,0,914,18168,0,0,914,18168,California
Contra Costa,2021-01-01,60,18230,23,13073,37,5157,0,0,60,18228,0,0,60,18228,California
Contra Costa,2021-01-02,334,18564,173,13246,161,5318,0,0,334,18562,0,0,334,18562,California
Contra Costa,2021-01-03,175,18739,117,13363,58,5376,0,0,174,18736,0,0,174,18736,California
Contra Costa,2021-01-04,1907,20646,1253,14616,654,6030,0,0,1885,20601,20,20,1885,20621,California
Contra Costa,2021-01-05,2103,22749,1258,15874,845,6875,0,0,1844,22188,258,278,1845,22466,California
Contra Costa,2021-01-06,3275,26024,2242,18116,1033,7908,0,0,2514,23950,755,1033,2517,24983,California
Contra Costa,2021-01-07,3092,29116,2058,20174,1034,8942,0,0,1882,24625,1207,2240,1882,26865,California
Contra Costa,2021-01-08,3382,32498,2390,22564,992,9934,0,0,1821,24893,1556,3796,1824,28689,California
Contra Costa,2021-01-09,1584,34082,1132,23696,452,10386,0,0,748,24808,835,4631,750,29439,California
Contra Costa,2021-01-10,360,34442,286,23982,74,10460,0,0,151,24750,209,4840,151,29590,California
Contra Costa,2021-01-11,3838,38280,3146,27128,692,11152,0,0,2234,25383,1604,6444,2237,31827,California
Contra Costa,2021-01-12,3903,42183,2927,30055,976,12128,0,0,2579,26640,1324,7768,2581,34408,California
Contra Costa,2021-01-13,4676,46859,2887,32942,1789,13917,0,0,3737,29443,935,8703,3738,38146,California
Contra Costa,2021-01-14,4305,51164,1553,34495,2752,16669,0,0,3923,32984,382,9085,3923,42069,California
Contra Costa,2021-01-15,5335,56499,2459,36954,2876,19545,0,0,5012,37678,322,9407,5016,47085,California
Contra Costa,2021-01-16,1718,58217,552,37506,1166,20711,0,0,1643,39246,75,9482,1643,48728,California
Contra Costa,2021-01-17,1634,59851,974,38480,660,21371,0,0,1511,40637,123,9605,1514,50242,California
Contra Costa,2021-01-18,3198,63049,1256,39736,1942,23313,0,0,2575,42596,617,10222,2576,52818,California
Contra Costa,2021-01-19,7068,70117,3161,42897,3907,27220,0,0,6063,47662,1002,11224,6068,58886,California
Contra Costa,2021-01-20,6615,76732,4057,46954,2558,29778,0,0,5382,51820,1229,12453,5387,64273,California
Contra Costa,2021-01-21,6965,83697,3103,50057,3862,33640,0,0,6241,57350,719,13172,6249,70522,California
Contra Costa,2021-01-22,6363,90060,2700,52757,3663,37303,0,0,5506,62011,848,14020,5509,76031,California
Contra Costa,2021-01-23,2023,92083,358,53115,1665,38968,0,0,1765,63522,256,14276,1767,77798,California
Contra Costa,2021-01-24,1581,93664,219,53334,1362,40330,0,0,1436,64817,145,14421,1440,79238,California
Contra Costa,2021-01-25,6651,100315,3018,56352,3633,43963,0,0,5087,68345,1562,15983,5090,84328,California
Contra Costa,2021-01-26,8081,108396,4680,61032,3401,47364,0,0,6242,72760,1831,17814,6246,90574,California
Contra Costa,2021-01-27,8239,116635,5499,66531,2740,50104,0,0,6341,77288,1817,19631,6345,96919,California
Contra Costa,2021-01-28,7440,124075,4081,70612,3359,53463,0,0,5837,81532,1597,21228,5841,102760,California
Contra Costa,2021-01-29,7440,131515,3890,74502,3550,57013,0,0,6129,86356,1307,22535,6131,108891,California
Contra Costa,2021-01-30,2082,133597,596,75098,1486,58499,0,0,1716,87713,359,22894,1716,110607,California
Contra Costa,2021-01-31,699,134296,480,75578,219,58718,0,0,573,88163,123,23017,573,111180,California
Contra Costa,2021-02-01,5524,139820,3764,79342,1760,60478,0,0,3892,90431,1627,24644,3895,115075,California
Contra Costa,2021-02-02,7757,147577,5270,84612,2487,62965,0,0,5905,94487,1850,26494,5906,120981,California
Contra Costa,2021-02-03,8267,155844,5457,90069,2810,65775,0,0,5630,97492,2626,29120,5631,126612,California
Contra Costa,2021-02-04,7440,163284,3534,93603,3906,69681,0,0,5717,101492,1719,30839,5719,132331,California
Contra Costa,2021-02-05,8424,171708,4818,98421,3606,73287,0,0,5716,104507,2701,33540,5716,138047,California
Contra Costa,2021-02-06,3469,175177,2154,100575,1315,74602,0,0,2817,106674,651,34191,2818,140865,California
Contra Costa,2021-02-07,981,176158,710,101285,271,74873,0,0,605,106904,375,34566,605,141470,California
Contra Costa,2021-02-08,5809,181967,3440,104725,2369,77242,0,0,4330,109761,1474,36040,4331,145801,California
Contra Costa,2021-02-09,8646,190613,4764,109489,3882,81124,0,0,5761,112643,2880,38920,5762,151563,California
Contra Costa,2021-02-10,8630,199243,4649,114138,3981,85105,0,0,5403,114838,3212,42132,5407,156970,California
Contra Costa,2021-02-11,9307,208550,4213,118351,5094,90199,0,0,5268,116078,4033,46165,5273,162243,California
Contra Costa,2021-02-12,10068,218618,4610,122961,5458,95657,0,0,5458,116936,4603,50768,5461,167704,California
Contra Costa,2021-02-13,4877,223495,1365,124326,3512,99169,0,0,3406,118875,1468,52236,3407,171111,California
Contra Costa,2021-02-14,2086,225581,864,125190,1222,100391,0,0,1224,119239,860,53096,1224,172335,California
Contra Costa,2021-02-15,4446,230027,2463,127653,1983,102374,0,0,2348,119497,2091,55187,2349,174684,California
Contra Costa,2021-02-16,10413,240440,4907,132560,5506,107880,0,0,4636,118367,5770,60957,4640,179324,California
Contra Costa,2021-02-17,12273,252713,6128,138688,6145,114025,0,0,5624,117358,6634,67591,5625,184949,California
Contra Costa,2021-02-18,11459,264172,5958,144646,5501,119526,0,0,5320,116552,6128,73719,5322,190271,California
Contra Costa,2021-02-19,11400,275572,7104,151750,4296,123822,0,0,5172,115512,6213,79932,5173,195444,California
Contra Costa,2021-02-20,6440,282012,2888,154638,3552,127374,0,0,4565,118220,1859,81791,4567,200011,California
Contra Costa,2021-02-21,1802,283814,1255,155893,547,127921,0,0,1088,118595,713,82504,1088,201099,California
Contra Costa,2021-02-22,7535,291349,5099,160992,2436,130357,0,0,3464,118002,4059,86563,3466,204565,California
Contra Costa,2021-02-23,11898,303247,7248,168240,4650,135007,0,0,5921,117964,5963,92526,5925,210490,California
Contra Costa,2021-02-24,10472,313719,7675,175915,2797,137804,0,0,5047,117604,5409,97935,5049,215539,California
Contra Costa,2021-02-25,11458,325177,7205,183120,4253,142057,0,0,5200,116570,6238,104173,5204,220743,California
Contra Costa,2021-02-26,10694,335871,6743,189863,3951,146008,0,0,5300,116492,5379,109552,5301,226044,California
Contra Costa,2021-02-27,6618,342489,4206,194069,2412,148420,0,0,4106,118094,2505,112057,4107,230151,California
Contra Costa,2021-02-28,3788,346277,3119,197188,669,149089,0,0,3191,120692,594,112651,3192,233343,California
Contra Costa,2021-03-01,8088,354365,6075,203263,2009,151098,4,4,4966,122557,3107,115758,4972,238315,California
Contra Costa,2021-03-02,10140,364505,6317,209580,3822,154920,1,5,5254,122942,4870,120628,5255,243570,California
Contra Costa,2021-03-03,11153,375658,6976,216556,4176,159096,1,6,6240,124285,4899,125527,6242,249812,California
Contra Costa,2021-03-04,11866,387524,7083,223639,4783,163879,0,6,6141,124720,5706,131233,6141,255953,California
Contra Costa,2021-03-05,11228,398752,6667,230306,4556,168435,5,11,6393,126298,4820,136053,6398,262351,California
Contra Costa,2021-03-06,7294,406046,4008,234314,2976,171411,310,321,4713,128750,2569,138622,5021,267372,California
Contra Costa,2021-03-07,3622,409668,2270,236584,1292,172703,60,381,2950,131089,671,139293,3010,270382,California
Contra Costa,2021-03-08,8047,417715,3757,240341,3987,176690,303,684,5368,134096,2668,141961,5675,276057,California
Contra Costa,2021-03-09,10188,427903,5002,245343,4892,181582,294,978,5035,134280,5146,147107,5330,281387,California
Contra Costa,2021-03-10,12133,440036,5962,251305,4676,186258,1495,2473,5470,134582,6654,153761,6956,288343,California
Contra Costa,2021-03-11,12457,452493,6560,257865,5337,191595,560,3033,6357,135420,6079,159840,6917,295260,California
Contra Costa,2021-03-12,12530,465023,5143,263008,6843,198438,544,3577,6260,135968,6254,166094,6802,302062,California
Contra Costa,2021-03-13,7759,472782,3073,266081,4262,202700,424,4001,3078,134800,4664,170758,3496,305558,California
Contra Costa,2021-03-14,4345,477127,2544,268625,1318,204018,483,4484,2073,135090,2265,173023,2555,308113,California
Contra Costa,2021-03-15,9369,486496,5052,273677,3565,207583,752,5236,4747,135983,4606,177629,5499,313612,California
Contra Costa,2021-03-16,14249,500745,8462,282139,5391,212974,396,5632,7267,136684,6962,184591,7663,321275,California
Contra Costa,2021-03-17,14973,515718,10334,292473,4428,217402,211,5843,8567,139082,6385,190976,8783,330058,California
Contra Costa,2021-03-18,15353,531071,8527,301000,6346,223748,480,6323,8783,141800,6543,197519,9261,339319,California
Contra Costa,2021-03-19,15483,546554,8887,309887,5206,228954,1390,7713,8292,144308,7179,204698,9687,349006,California
Contra Costa,2021-03-20,10606,557160,6328,316215,3975,232929,303,8016,5237,144496,5353,210051,5541,354547,California
Contra Costa,2021-03-21,4439,561599,3888,320103,464,233393,87,8103,2085,144320,2347,212398,2171,356718,California
Contra Costa,2021-03-22,11515,573114,8682,328785,2583,235976,250,8353,7083,147231,4420,216818,7331,364049,California
Contra Costa,2021-03-23,15577,588691,10732,339517,4675,240651,170,8523,9495,150843,6056,222874,9668,373717,California
Contra Costa,2021-03-24,14950,603641,11677,351194,3061,243712,212,8735,9189,154516,5729,228603,9402,383119,California
Contra Costa,2021-03-25,15243,618884,11875,363069,3083,246795,285,9020,9417,158427,5789,234392,9700,392819,California
Contra Costa,2021-03-26,14918,633802,10687,373756,3836,250631,395,9415,8807,161537,6088,240480,9198,402017,California
Contra Costa,2021-03-27,10418,644220,6742,380498,3166,253797,510,9925,5772,163176,4636,245116,6275,408292,California
Contra Costa,2021-03-28,4121,648341,2918,383416,1150,254947,53,9978,1765,162648,2346,247462,1818,410110,California
Contra Costa,2021-03-29,10814,659155,8439,391855,2260,257207,115,10093,7071,166107,3729,251191,7188,417298,California
Contra Costa,2021-03-30,16705,675860,9105,400960,6247,263454,1353,11446,11029,172828,5661,256852,12382,429680,California
Contra Costa,2021-03-31,17923,693783,12547,413507,3937,267391,1439,12885,11517,179412,6373,263225,12957,442637,California
Contra Costa,2021-04-01,17395,711178,12180,425687,3854,271245,1361,14246,11333,186065,6039,269264,12692,455329,California
Contra Costa,2021-04-02,17360,728538,12813,438500,3540,274785,1007,15253,11544,192808,5806,275070,12549,467878,California
Contra Costa,2021-04-03,10767,739305,6416,444916,2818,277603,1533,16786,6178,195943,4576,279646,7711,475589,California
Contra Costa,2021-04-04,3317,742622,1309,446225,1414,279017,594,17380,892,195010,2419,282065,1486,477075,California
Contra Costa,2021-04-05,12023,754645,7841,454066,3212,282229,970,18350,6576,197119,5437,287502,7546,484621,California
Contra Costa,2021-04-06,17264,771909,11985,466051,3004,285233,2275,20625,9752,201652,7493,294995,12026,496647,California
Contra Costa,2021-04-07,18461,790370,12499,478550,3161,288394,2801,23426,10486,207022,7955,302950,13325,509972,California
Contra Costa,2021-04-08,18643,809013,12450,491000,3283,291677,2910,26336,10040,211381,8578,311528,12937,522909,California
Contra Costa,2021-04-09,18684,827697,11961,502961,4253,295930,2470,28806,10011,215212,8649,320177,12480,535389,California
Contra Costa,2021-04-10,10500,838197,3813,506774,2148,298078,4539,33345,3297,215849,7188,327365,7825,543214,California
Contra Costa,2021-04-11,3323,841520,1990,508764,683,298761,650,33995,1130,215444,2187,329552,1782,544996,California
Contra Costa,2021-04-12,11847,853367,7852,516616,2961,301722,1034,35029,5602,215852,6232,335784,6640,551636,California
Contra Costa,2021-04-13,17793,871160,10883,527499,6905,308627,5,35034,11894,221879,5878,341662,11905,563541,California
Contra Costa,2021-04-14,17511,888671,10981,538480,6529,315156,1,35035,9700,223792,7791,349453,9704,573245,California
Contra Costa,2021-04-15,17425,906096,10678,549158,6746,321902,1,35036,8089,222593,9307,358760,8108,581353,California
Contra Costa,2021-04-16,16842,922938,10515,559673,6326,328228,1,35037,7607,220996,9210,367970,7613,588966,California
Contra Costa,2021-04-17,11382,934320,6261,565934,5121,333349,0,35037,6113,221859,5255,373225,6118,595084,California
Contra Costa,2021-04-18,2730,937050,2110,568044,620,333969,0,35037,1781,222698,942,374167,1781,596865,California
Contra Costa,2021-04-19,11316,948366,8464,576508,2852,336821,0,35037,3547,218502,7745,381912,3549,600414,California
Contra Costa,2021-04-20,16608,964974,10790,587298,5818,342639,0,35037,6250,214423,10333,392245,6254,606668,California
Contra Costa,2021-04-21,17271,982245,14100,601398,3171,345810,0,35037,6157,209509,11079,403324,6165,612833,California
Contra Costa,2021-04-22,17106,999351,13865,615263,3240,349050,1,35038,6063,204571,11012,414336,6074,618907,California
Contra Costa,2021-04-23,16917,1016268,13460,628723,3457,352507,0,35038,5461,198617,11422,425758,5468,624375,California
Contra Costa,2021-04-24,10863,1027131,8403,637126,2460,354967,0,35038,4148,196075,6694,432452,4152,628527,California
Contra Costa,2021-04-25,3205,1030336,2155,639281,1048,356015,2,35040,2015,196909,1186,433638,2020,630547,California
Contra Costa,2021-04-26,9512,1039848,8066,647347,1422,357437,24,35064,2782,193010,6715,440353,2816,633363,California
Contra Costa,2021-04-27,14117,1053965,10418,657765,3550,360987,149,35213,3789,186649,10309,450662,3948,637311,California
Contra Costa,2021-04-28,13626,1067591,10645,668410,2712,363699,269,35482,3377,180083,10216,460878,3650,640961,California
Contra Costa,2021-04-29,11330,1078921,8701,677111,2476,366175,153,35635,2453,173838,8854,469732,2609,643570,California
Contra Costa,2021-04-30,11425,1090346,9359,686470,1941,368116,125,35760,2338,167238,9068,478800,2468,646038,California
Contra Costa,2021-05-01,6964,1097310,5152,691622,1586,369702,226,35986,1465,163444,5487,484287,1693,647731,California
Contra Costa,2021-05-02,1594,1098904,1084,692706,499,370201,11,35997,741,163352,845,485132,753,648484,California
Contra Costa,2021-05-03,7676,1106580,6997,699703,647,370848,32,36029,1596,158914,6070,491202,1632,650116,California
Del Norte,2020-12-21,23,23,23,23,0,0,0,0,23,23,0,0,23,23,California
Del Norte,2020-12-22,46,69,46,69,0,0,0,0,46,69,0,0,46,69,California
Del Norte,2020-12-23,58,127,48,117,10,10,0,0,56,125,0,0,56,125,California
Del Norte,2020-12-28,34,161,34,151,0,10,0,0,34,159,0,0,34,159,California
Del Norte,2020-12-29,4,165,4,155,0,10,0,0,4,163,0,0,4,163,California
Del Norte,2020-12-30,67,232,55,210,12,22,0,0,68,231,0,0,68,231,California
Del Norte,2020-12-31,16,248,13,223,3,25,0,0,16,247,0,0,16,247,California
Del Norte,2021-01-04,102,350,49,272,53,78,0,0,102,349,0,0,102,349,California
Del Norte,2021-01-05,32,382,0,272,32,110,0,0,32,381,0,0,32,381,California
Del Norte,2021-01-06,77,459,18,290,59,169,0,0,77,458,0,0,77,458,California
Del Norte,2021-01-07,21,480,1,291,20,189,0,0,21,479,0,0,21,479,California
Del Norte,2021-01-08,78,558,7,298,71,260,0,0,78,557,0,0,78,557,California
Del Norte,2021-01-11,40,598,21,319,19,279,0,0,18,554,22,22,19,576,California
Del Norte,2021-01-12,51,649,32,351,19,298,0,0,30,563,21,43,30,606,California
Del Norte,2021-01-13,86,735,40,391,46,344,0,0,53,583,33,76,53,659,California
Del Norte,2021-01-14,52,787,14,405,38,382,0,0,46,623,6,82,46,705,California
Del Norte,2021-01-15,107,894,18,423,89,471,0,0,95,706,12,94,95,800,California
Del Norte,2021-01-17,1,895,1,424,0,471,0,0,1,707,0,94,1,801,California
Del Norte,2021-01-18,2,897,0,424,2,473,0,0,2,709,0,94,2,803,California
Del Norte,2021-01-19,119,1016,56,480,63,536,0,0,77,744,42,136,77,880,California
Del Norte,2021-01-20,158,1174,84,564,74,610,0,0,96,778,62,198,96,976,California
Del Norte,2021-01-21,43,1217,40,604,3,613,0,0,32,799,11,209,32,1008,California
Del Norte,2021-01-22,20,1237,17,621,3,616,0,0,13,805,7,216,13,1021,California
Del Norte,2021-01-23,1,1238,0,621,1,617,0,0,1,806,0,216,1,1022,California
Del Norte,2021-01-24,1,1239,0,621,1,618,0,0,1,807,0,216,1,1023,California
Del Norte,2021-01-25,100,1339,82,703,18,636,0,0,56,819,44,260,56,1079,California
Del Norte,2021-01-26,18,1357,11,714,7,643,0,0,7,815,11,271,7,1086,California
Del Norte,2021-01-27,64,1421,21,735,43,686,0,0,61,873,3,274,61,1147,California
Del Norte,2021-01-28,291,1712,20,755,271,957,0,0,286,1154,5,279,286,1433,California
Del Norte,2021-01-29,55,1767,21,776,34,991,0,0,44,1187,11,290,44,1477,California
Del Norte,2021-01-30,8,1775,1,777,7,998,0,0,8,1195,0,290,8,1485,California
Del Norte,2021-02-01,41,1816,1,778,40,1038,0,0,26,1206,15,305,26,1511,California
Del Norte,2021-02-02,142,1958,34,812,108,1146,0,0,73,1211,68,373,73,1584,California
Del Norte,2021-02-03,126,2084,40,852,86,1232,0,0,71,1227,55,428,71,1655,California
Del Norte,2021-02-04,71,2155,29,881,42,1274,0,0,42,1240,29,457,42,1697,California
Del Norte,2021-02-05,184,2339,22,903,162,1436,0,0,119,1295,64,521,119,1816,California
Del Norte,2021-02-06,312,2651,6,909,306,1742,0,0,312,1607,0,521,312,2128,California
Del Norte,2021-02-07,2,2653,1,910,1,1743,0,0,2,1609,0,521,2,2130,California
Del Norte,2021-02-08,36,2689,1,911,35,1778,0,0,32,1637,4,525,32,2162,California
Del Norte,2021-02-09,8,2697,5,916,3,1781,0,0,2,1633,6,531,2,2164,California
Del Norte,2021-02-10,143,2840,20,936,123,1904,0,0,86,1663,56,587,86,2250,California
Del Norte,2021-02-11,177,3017,59,995,118,2022,0,0,64,1614,113,700,64,2314,California
Del Norte,2021-02-12,121,3138,14,1009,107,2129,0,0,67,1627,54,754,67,2381,California
Del Norte,2021-02-13,2,3140,1,1010,1,2130,0,0,2,1629,0,754,2,2383,California
Del Norte,2021-02-14,3,3143,1,1011,2,2132,0,0,2,1630,1,755,2,2385,California
Del Norte,2021-02-15,4,3147,0,1011,4,2136,0,0,2,1630,2,757,2,2387,California
Del Norte,2021-02-16,132,3279,1,1012,131,2267,0,0,13,1524,119,876,13,2400,California
Del Norte,2021-02-17,91,3370,20,1032,71,2338,0,0,24,1481,67,943,24,2424,California
Del Norte,2021-02-18,77,3447,24,1056,53,2391,0,0,51,1506,26,969,51,2475,California
Del Norte,2021-02-19,43,3490,17,1073,26,2417,0,0,33,1529,10,979,33,2508,California
Del Norte,2021-02-20,8,3498,5,1078,3,2420,0,0,6,1533,2,981,6,2514,California
Del Norte,2021-02-22,2,3500,0,1078,2,2422,0,0,2,1535,0,981,2,2516,California
Del Norte,2021-02-23,107,3607,89,1167,18,2440,0,0,31,1491,76,1057,32,2548,California
Del Norte,2021-02-24,152,3759,98,1265,54,2494,0,0,79,1497,73,1130,79,2627,California
Del Norte,2021-02-25,475,4234,131,1396,344,2838,0,0,212,1448,261,1391,212,2839,California
Del Norte,2021-02-26,212,4446,176,1572,36,2874,0,0,166,1568,46,1437,166,3005,California
Del Norte,2021-02-27,152,4598,145,1717,6,2880,1,1,141,1699,11,1448,142,3147,California
Del Norte,2021-02-28,4,4602,1,1718,3,2883,0,1,3,1701,1,1449,3,3150,California
Del Norte,2021-03-01,28,4630,2,1720,26,2909,0,1,4,1681,24,1473,4,3154,California
Del Norte,2021-03-02,220,4850,141,1861,79,2988,0,1,187,1835,33,1506,187,3341,California
Del Norte,2021-03-03,167,5017,99,1960,68,3056,0,1,126,1920,41,1547,126,3467,California
Del Norte,2021-03-04,120,5137,83,2043,37,3093,0,1,91,1983,28,1575,91,3558,California
Del Norte,2021-03-05,119,5256,9,2052,110,3203,0,1,71,2006,48,1623,71,3629,California
Del Norte,2021-03-06,466,5722,78,2130,338,3541,50,51,164,1875,302,1925,171,3800,California
Del Norte,2021-03-07,2,5724,1,2131,1,3542,0,51,1,1875,1,1926,1,3801,California
Del Norte,2021-03-08,28,5752,1,2132,25,3567,2,53,5,1859,23,1949,7,3808,California
Del Norte,2021-03-09,194,5946,112,2244,79,3646,3,56,183,2034,11,1960,186,3994,California
Del Norte,2021-03-10,233,6179,96,2340,109,3755,28,84,134,2097,99,2059,162,4156,California
Del Norte,2021-03-11,151,6330,55,2395,91,3846,5,89,103,2157,48,2107,108,4264,California
Del Norte,2021-03-12,177,6507,89,2484,88,3934,0,89,124,2228,53,2160,124,4388,California
Del Norte,2021-03-13,94,6601,93,2577,1,3935,0,89,91,2316,3,2163,91,4479,California
Del Norte,2021-03-14,1,6602,0,2577,1,3936,0,89,1,2316,1,2164,1,4480,California
Del Norte,2021-03-15,38,6640,0,2577,38,3974,0,89,34,2346,4,2168,34,4514,California
Del Norte,2021-03-16,280,6920,135,2712,145,4119,0,89,259,2584,21,2189,259,4773,California
Del Norte,2021-03-17,282,7202,95,2807,185,4304,2,91,168,2640,114,2303,170,4943,California
Del Norte,2021-03-18,285,7487,107,2914,175,4479,3,94,149,2657,135,2438,152,5095,California
Del Norte,2021-03-19,266,7753,159,3073,101,4580,6,100,91,2579,175,2613,97,5192,California
Del Norte,2021-03-20,158,7911,155,3228,3,4583,0,100,16,2453,142,2755,16,5208,California
Del Norte,2021-03-21,4,7915,2,3230,2,4585,0,100,2,2453,2,2757,2,5210,California
Del Norte,2021-03-22,42,7957,3,3233,38,4623,1,101,39,2490,3,2760,40,5250,California
Del Norte,2021-03-23,335,8292,164,3397,153,4776,18,119,165,2504,168,2928,182,5432,California
Del Norte,2021-03-24,396,8688,107,3504,248,5024,41,160,236,2621,160,3088,277,5709,California
Del Norte,2021-03-25,193,8881,89,3593,104,5128,0,160,85,2599,107,3195,85,5794,California
Del Norte,2021-03-26,231,9112,112,3705,119,5247,0,160,197,2762,34,3229,197,5991,California
Del Norte,2021-03-27,108,9220,87,3792,4,5251,17,177,17,2705,91,3320,34,6025,California
Del Norte,2021-03-28,4,9224,2,3794,2,5253,0,177,1,2703,3,3323,1,6026,California
Del Norte,2021-03-29,57,9281,6,3800,34,5287,17,194,32,2727,25,3348,49,6075,California
Del Norte,2021-03-30,339,9620,118,3918,210,5497,11,205,128,2655,211,3559,139,6214,California
Del Norte,2021-03-31,350,9970,99,4017,234,5731,17,222,195,2714,153,3712,212,6426,California
Del Norte,2021-04-01,165,10135,59,4076,72,5803,34,256,70,2724,94,3806,104,6530,California
Del Norte,2021-04-02,230,10365,78,4154,103,5906,49,305,47,2638,183,3989,97,6627,California
Del Norte,2021-04-03,106,10471,82,4236,2,5908,22,327,4,2563,101,4090,26,6653,California
Del Norte,2021-04-04,4,10475,0,4236,0,5908,4,331,0,2563,4,4094,4,6657,California
Del Norte,2021-04-05,50,10525,5,4241,41,5949,4,335,42,2602,7,4101,46,6703,California
Del Norte,2021-04-06,378,10903,119,4360,222,6171,37,372,145,2556,229,4330,183,6886,California
Del Norte,2021-04-07,427,11330,114,4474,252,6423,61,433,280,2751,146,4476,341,7227,California
Del Norte,2021-04-08,233,11563,54,4528,111,6534,68,501,111,2808,122,4598,179,7406,California
Del Norte,2021-04-09,204,11767,47,4575,80,6614,77,578,98,2876,105,4703,173,7579,California
Del Norte,2021-04-10,48,11815,27,4602,4,6618,17,595,27,2899,21,4724,44,7623,California
Del Norte,2021-04-11,12,11827,3,4605,2,6620,7,602,2,2898,10,4734,9,7632,California
Del Norte,2021-04-12,28,11855,1,4606,9,6629,18,620,1,2891,26,4760,19,7651,California
Del Norte,2021-04-13,297,12152,49,4655,248,6877,0,620,155,2904,142,4902,155,7806,California
Del Norte,2021-04-14,326,12478,23,4678,303,7180,0,620,137,2857,189,5091,142,7948,California
Del Norte,2021-04-15,163,12641,30,4708,133,7313,0,620,44,2783,119,5210,45,7993,California
Del Norte,2021-04-16,160,12801,39,4747,121,7434,0,620,58,2740,102,5312,59,8052,California
Del Norte,2021-04-17,100,12901,69,4816,31,7465,0,620,95,2830,5,5317,95,8147,California
Del Norte,2021-04-18,4,12905,3,4819,1,7466,0,620,3,2832,1,5318,3,8150,California
Del Norte,2021-04-19,50,12955,6,4825,44,7510,0,620,8,2798,42,5360,8,8158,California
Del Norte,2021-04-20,209,13164,40,4865,169,7679,0,620,74,2737,135,5495,74,8232,California
Del Norte,2021-04-21,287,13451,22,4887,265,7944,0,620,63,2579,224,5719,66,8298,California
Del Norte,2021-04-22,114,13565,15,4902,99,8043,0,620,62,2589,52,5771,62,8360,California
Del Norte,2021-04-23,151,13716,20,4922,131,8174,0,620,39,2516,112,5883,39,8399,California
Del Norte,2021-04-24,24,13740,14,4936,10,8184,0,620,19,2530,5,5888,19,8418,California
Del Norte,2021-04-25,2,13742,0,4936,2,8186,0,620,2,2532,0,5888,2,8420,California
Del Norte,2021-04-26,29,13771,0,4936,29,8215,0,620,7,2517,22,5910,7,8427,California
Del Norte,2021-04-27,173,13944,19,4955,149,8364,5,625,47,2443,126,6036,52,8479,California
Del Norte,2021-04-28,269,14213,29,4984,236,8600,4,629,52,2286,214,6250,57,8536,California
Del Norte,2021-04-29,87,14300,7,4991,77,8677,3,632,23,2248,64,6314,26,8562,California
Del Norte,2021-04-30,73,14373,5,4996,58,8735,10,642,42,2269,31,6345,52,8614,California
Del Norte,2021-05-01,6,14379,2,4998,4,8739,0,642,5,2273,1,6346,5,8619,California
Del Norte,2021-05-02,4,14383,1,4999,3,8742,0,642,4,2277,0,6346,4,8623,California
Del Norte,2021-05-03,24,14407,0,4999,22,8764,2,644,1,2258,22,6368,3,8626,California
El Dorado,2020-12-15,12,12,12,12,0,0,0,0,12,12,0,0,12,12,California
El Dorado,2020-12-16,40,52,40,52,0,0,0,0,40,52,0,0,40,52,California
El Dorado,2020-12-17,31,83,31,83,0,0,0,0,31,83,0,0,31,83,California
El Dorado,2020-12-18,236,319,236,319,0,0,0,0,236,319,0,0,236,319,California
El Dorado,2020-12-19,116,435,116,435,0,0,0,0,116,435,0,0,116,435,California
El Dorado,2020-12-20,85,520,85,520,0,0,0,0,85,520,0,0,85,520,California
El Dorado,2020-12-21,308,828,307,827,1,1,0,0,308,828,0,0,308,828,California
El Dorado,2020-12-22,238,1066,214,1041,24,25,0,0,238,1066,0,0,238,1066,California
El Dorado,2020-12-23,189,1255,140,1181,49,74,0,0,189,1255,0,0,189,1255,California
El Dorado,2020-12-24,87,1342,66,1247,21,95,0,0,87,1342,0,0,87,1342,California
El Dorado,2020-12-25,8,1350,8,1255,0,95,0,0,8,1350,0,0,8,1350,California
El Dorado,2020-12-26,44,1394,26,1281,18,113,0,0,44,1394,0,0,44,1394,California
El Dorado,2020-12-27,37,1431,33,1314,4,117,0,0,37,1431,0,0,37,1431,California
El Dorado,2020-12-28,216,1647,169,1483,47,164,0,0,216,1647,0,0,216,1647,California
El Dorado,2020-12-29,457,2104,141,1624,316,480,0,0,457,2104,0,0,457,2104,California
El Dorado,2020-12-30,506,2610,136,1760,370,850,0,0,506,2610,0,0,506,2610,California
El Dorado,2020-12-31,110,2720,70,1830,40,890,0,0,110,2720,0,0,110,2720,California
El Dorado,2021-01-01,7,2727,4,1834,3,893,0,0,7,2727,0,0,7,2727,California
El Dorado,2021-01-02,151,2878,140,1974,11,904,0,0,151,2878,0,0,151,2878,California
El Dorado,2021-01-03,92,2970,17,1991,75,979,0,0,92,2970,0,0,92,2970,California
El Dorado,2021-01-04,189,3159,62,2053,127,1106,0,0,189,3159,0,0,189,3159,California
El Dorado,2021-01-05,204,3363,50,2103,154,1260,0,0,188,3331,16,16,188,3347,California
El Dorado,2021-01-06,262,3625,189,2292,73,1333,0,0,198,3465,64,80,198,3545,California
El Dorado,2021-01-07,329,3954,136,2428,193,1526,0,0,258,3652,71,151,258,3803,California
El Dorado,2021-01-08,976,4930,501,2929,475,2001,0,0,773,4223,203,354,774,4577,California
El Dorado,2021-01-09,194,5124,157,3086,37,2038,0,0,126,4281,68,422,126,4703,California
El Dorado,2021-01-10,180,5304,129,3215,51,2089,0,0,110,4322,70,492,111,4814,California
El Dorado,2021-01-11,659,5963,293,3508,366,2455,0,0,460,4585,198,690,461,5275,California
El Dorado,2021-01-12,695,6658,422,3930,273,2728,0,0,446,4782,249,939,446,5721,California
El Dorado,2021-01-13,699,7357,296,4226,403,3131,0,0,538,5159,161,1100,538,6259,California
El Dorado,2021-01-14,691,8048,219,4445,472,3603,0,0,596,5660,95,1195,596,6855,California
El Dorado,2021-01-15,683,8731,185,4630,498,4101,0,0,611,6199,72,1267,611,7466,California
El Dorado,2021-01-16,173,8904,104,4734,69,4170,0,0,146,6318,27,1294,146,7612,California
El Dorado,2021-01-17,100,9004,47,4781,53,4223,0,0,83,6384,17,1311,83,7695,California
El Dorado,2021-01-18,421,9425,138,4919,283,4506,0,0,353,6669,68,1379,353,8048,California
El Dorado,2021-01-19,650,10075,352,5271,298,4804,0,0,501,7022,149,1528,502,8550,California
El Dorado,2021-01-20,1010,11085,686,5957,324,5128,0,0,898,7809,111,1639,898,9448,California
El Dorado,2021-01-21,1156,12241,572,6529,584,5712,0,0,951,8596,164,1803,951,10399,California
El Dorado,2021-01-22,1103,13344,710,7239,393,6105,0,0,1049,9592,53,1856,1049,11448,California
El Dorado,2021-01-23,736,14080,617,7856,119,6224,0,0,625,10106,111,1967,625,12073,California
El Dorado,2021-01-24,126,14206,76,7932,50,6274,0,0,107,10194,19,1986,107,12180,California
El Dorado,2021-01-25,610,14816,204,8136,406,6680,0,0,522,10628,88,2074,522,12702,California
El Dorado,2021-01-26,675,15491,364,8500,311,6991,0,0,571,11096,104,2178,572,13274,California
El Dorado,2021-01-27,927,16418,329,8829,598,7589,0,0,591,11350,337,2515,591,13865,California
El Dorado,2021-01-28,1106,17524,453,9282,653,8242,0,0,745,11734,361,2876,745,14610,California
El Dorado,2021-01-29,975,18499,490,9772,485,8727,0,0,745,12251,229,3105,746,15356,California
El Dorado,2021-01-30,611,19110,359,10131,252,8979,0,0,450,12540,161,3266,450,15806,California
El Dorado,2021-01-31,209,19319,188,10319,21,9000,0,0,180,12691,29,3295,180,15986,California
El Dorado,2021-02-01,799,20118,368,10687,431,9431,0,0,655,13203,143,3438,655,16641,California
El Dorado,2021-02-02,837,20955,367,11054,470,9901,0,0,677,13720,160,3598,677,17318,California
El Dorado,2021-02-03,899,21854,475,11529,424,10325,0,0,686,14193,213,3811,686,18004,California
El Dorado,2021-02-04,1266,23120,723,12252,543,10868,0,0,871,14670,394,4205,871,18875,California
El Dorado,2021-02-05,1484,24604,598,12850,886,11754,0,0,868,14957,581,4786,868,19743,California
El Dorado,2021-02-06,639,25243,334,13184,305,12059,0,0,530,15379,109,4895,531,20274,California
El Dorado,2021-02-07,256,25499,176,13360,80,12139,0,0,192,15507,64,4959,192,20466,California
El Dorado,2021-02-08,879,26378,417,13777,462,12601,0,0,606,15840,273,5232,606,21072,California
El Dorado,2021-02-09,909,27287,487,14264,422,13023,0,0,487,15905,422,5654,487,21559,California
El Dorado,2021-02-10,1247,28534,729,14993,518,13541,0,0,656,15971,590,6244,656,22215,California
El Dorado,2021-02-11,2153,30687,891,15884,1262,14803,0,0,963,15748,1187,7431,964,23179,California
El Dorado,2021-02-12,1569,32256,823,16707,746,15549,0,0,678,15536,891,8322,679,23858,California
El Dorado,2021-02-13,978,33234,669,17376,309,15858,0,0,434,15429,541,8863,434,24292,California
El Dorado,2021-02-14,479,33713,153,17529,326,16184,0,0,396,15742,83,8946,396,24688,California
El Dorado,2021-02-15,1185,34898,387,17916,798,16982,0,0,825,16210,360,9306,828,25516,California
El Dorado,2021-02-16,1195,36093,529,18445,666,17648,0,0,675,16367,519,9825,676,26192,California
El Dorado,2021-02-17,902,36995,374,18819,528,18176,0,0,422,16311,480,10305,424,26616,California
El Dorado,2021-02-18,2086,39081,1012,19831,1074,19250,0,0,1353,16932,732,11037,1353,27969,California
El Dorado,2021-02-19,1167,40248,603,20434,564,19814,0,0,646,17058,521,11558,647,28616,California
El Dorado,2021-02-20,916,41164,435,20869,481,20295,0,0,668,17484,242,11800,668,29284,California
El Dorado,2021-02-21,282,41446,225,21094,57,20352,0,0,99,17401,182,11982,99,29383,California
El Dorado,2021-02-22,868,42314,434,21528,434,20786,0,0,285,17104,582,12564,285,29668,California
El Dorado,2021-02-23,842,43156,472,22000,370,21156,0,0,350,16963,491,13055,350,30018,California
El Dorado,2021-02-24,1017,44173,439,22439,578,21734,0,0,422,16791,595,13650,423,30441,California
El Dorado,2021-02-25,1634,45807,887,23326,747,22481,0,0,726,16617,902,14552,728,31169,California
El Dorado,2021-02-26,2353,48160,1482,24808,871,23352,0,0,1588,17442,763,15315,1588,32757,California
El Dorado,2021-02-27,1658,49818,439,25247,1219,24571,0,0,1219,18225,436,15751,1219,33976,California
El Dorado,2021-02-28,586,50404,204,25451,382,24953,0,0,434,18508,152,15903,435,34411,California
El Dorado,2021-03-01,1137,51541,453,25904,684,25637,0,0,625,18622,511,16414,625,35036,California
El Dorado,2021-03-02,900,52441,266,26170,634,26271,0,0,461,18646,437,16851,461,35497,California
El Dorado,2021-03-03,1679,54120,463,26633,1216,27487,0,0,1151,19278,521,17372,1153,36650,California
El Dorado,2021-03-04,2511,56631,1548,28181,963,28450,0,0,1227,19224,1281,18653,1227,37877,California
El Dorado,2021-03-05,1574,58205,422,28603,1147,29597,5,5,1043,19746,526,19179,1048,38925,California
El Dorado,2021-03-06,739,58944,210,28813,494,30091,35,40,392,19826,347,19526,427,39352,California
El Dorado,2021-03-07,404,59348,197,29010,189,30280,18,58,241,19924,161,19687,259,39611,California
El Dorado,2021-03-08,1325,60673,364,29374,890,31170,71,129,856,20385,466,20153,927,40538,California
El Dorado,2021-03-09,970,61643,225,29599,678,31848,67,196,572,20641,383,20536,639,41177,California
El Dorado,2021-03-10,943,62586,343,29942,544,32392,56,252,544,20847,393,20929,599,41776,California
El Dorado,2021-03-11,2997,65583,1827,31769,988,33380,182,434,1365,20777,1616,22545,1546,43322,California
El Dorado,2021-03-12,1779,67362,619,32388,913,34293,247,681,741,20745,1020,23565,988,44310,California
El Dorado,2021-03-13,1063,68425,344,32732,436,34729,283,964,375,20716,685,24250,656,44966,California
El Dorado,2021-03-14,791,69216,207,32939,472,35201,112,1076,280,20597,511,24761,392,45358,California
El Dorado,2021-03-15,1400,70616,302,33241,972,36173,126,1202,611,20550,785,25546,738,46096,California
El Dorado,2021-03-16,1209,71825,406,33647,659,36832,144,1346,568,20627,635,26181,712,46808,California
El Dorado,2021-03-17,1090,72915,351,33998,645,37477,94,1440,703,21037,387,26568,797,47605,California
El Dorado,2021-03-18,2970,75885,1750,35748,1176,38653,44,1484,1982,22082,981,27549,2026,49631,California
El Dorado,2021-03-19,1104,76989,363,36111,597,39250,144,1628,629,22381,475,28024,774,50405,California
El Dorado,2021-03-20,945,77934,268,36379,660,39910,17,1645,366,22196,568,28592,383,50788,California
El Dorado,2021-03-21,1027,78961,418,36797,604,40514,5,1650,937,23050,88,28680,942,51730,California
El Dorado,2021-03-22,1500,80461,488,37285,930,41444,82,1732,1191,24019,304,28984,1273,53003,California
El Dorado,2021-03-23,1142,81603,449,37734,601,42045,92,1824,734,24448,397,29381,826,53829,California
El Dorado,2021-03-24,1451,83054,620,38354,635,42680,196,2020,659,24539,764,30145,855,54684,California
El Dorado,2021-03-25,2473,85527,1672,40026,698,43378,103,2123,1367,24909,1100,31245,1470,56154,California
El Dorado,2021-03-26,1812,87339,694,40720,1009,44387,109,2232,946,25120,845,32090,1056,57210,California
El Dorado,2021-03-27,1311,88650,188,40908,1119,45506,4,2236,334,24487,971,33061,338,57548,California
El Dorado,2021-03-28,619,89269,181,41089,429,45935,9,2245,202,24284,414,33475,211,57759,California
El Dorado,2021-03-29,1308,90577,431,41520,861,46796,16,2261,823,24641,482,33957,839,58598,California
El Dorado,2021-03-30,1356,91933,411,41931,853,47649,92,2353,701,24785,648,34605,792,59390,California
El Dorado,2021-03-31,1560,93493,583,42514,914,48563,63,2416,706,24700,852,35457,767,60157,California
El Dorado,2021-04-01,3205,96698,1745,44259,1378,49941,82,2498,1518,24616,1685,37142,1601,61758,California
El Dorado,2021-04-02,1879,98577,556,44815,1228,51169,95,2593,754,24344,1121,38263,849,62607,California
El Dorado,2021-04-03,745,99322,290,45105,334,51503,121,2714,225,24171,518,38781,345,62952,California
El Dorado,2021-04-04,269,99591,85,45190,137,51640,47,2761,97,24144,171,38952,144,63096,California
El Dorado,2021-04-05,1419,101010,423,45613,902,52542,94,2855,591,24005,823,39775,684,63780,California
El Dorado,2021-04-06,1412,102422,522,46135,669,53211,221,3076,453,23721,957,40732,673,64453,California
El Dorado,2021-04-07,1563,103985,552,46687,566,53777,445,3521,554,23711,1006,41738,996,65449,California
El Dorado,2021-04-08,2666,106651,1721,48408,709,54486,236,3757,1114,23516,1544,43282,1349,66798,California
El Dorado,2021-04-09,1405,108056,439,48847,748,55234,218,3975,558,23445,844,44126,773,67571,California
El Dorado,2021-04-10,818,108874,219,49066,490,55724,109,4084,474,23685,342,44468,582,68153,California
El Dorado,2021-04-11,697,109571,452,49518,229,55953,16,4100,205,23415,491,44959,221,68374,California
El Dorado,2021-04-12,1278,110849,499,50017,631,56584,148,4248,562,23415,709,45668,709,69083,California
El Dorado,2021-04-13,1113,111962,608,50625,505,57089,0,4248,508,23322,601,46269,508,69591,California
El Dorado,2021-04-14,1066,113028,436,51061,629,57718,1,4249,364,22998,689,46958,365,69956,California
El Dorado,2021-04-15,2488,115516,1670,52731,818,58536,0,4249,967,22448,1518,48476,968,70924,California
El Dorado,2021-04-16,1453,116969,515,53246,938,59474,0,4249,607,22215,841,49317,608,71532,California
El Dorado,2021-04-17,762,117731,196,53442,566,60040,0,4249,483,22422,276,49593,483,72015,California
El Dorado,2021-04-18,968,118699,80,53522,888,60928,0,4249,401,22257,566,50159,401,72416,California
El Dorado,2021-04-19,1701,120400,435,53957,1266,62194,0,4249,691,21944,1004,51163,691,73107,California
El Dorado,2021-04-20,1106,121506,357,54314,749,62943,0,4249,460,21762,642,51805,460,73567,California
El Dorado,2021-04-21,1151,122657,464,54778,684,63627,3,4252,588,21794,557,52362,589,74156,California
El Dorado,2021-04-22,2521,125178,1664,56442,857,64484,0,4252,1066,21406,1454,53816,1066,75222,California
El Dorado,2021-04-23,1381,126559,494,56936,887,65371,0,4252,703,21435,675,54491,704,75926,California
El Dorado,2021-04-24,961,127520,510,57446,451,65822,0,4252,732,21940,227,54718,732,76658,California
El Dorado,2021-04-25,611,128131,433,57879,178,66000,0,4252,440,22209,171,54889,440,77098,California
El Dorado,2021-04-26,1028,129159,429,58308,583,66583,16,4268,501,22200,526,55415,517,77615,California
El Dorado,2021-04-27,942,130101,355,58663,559,67142,28,4296,438,22167,499,55914,466,78081,California
El Dorado,2021-04-28,890,130991,331,58994,518,67660,41,4337,351,22022,537,56451,392,78473,California
El Dorado,2021-04-29,1725,132716,1215,60209,483,68143,27,4364,429,21184,1294,57745,456,78929,California
El Dorado,2021-04-30,1437,134153,1025,61234,399,68542,13,4377,1056,21880,373,58118,1069,79998,California
El Dorado,2021-05-01,336,134489,134,61368,195,68737,7,4384,157,21872,172,58290,164,80162,California
El Dorado,2021-05-02,119,134608,92,61460,25,68762,2,4386,42,21842,74,58364,44,80206,California
El Dorado,2021-05-03,360,134968,204,61664,152,68914,4,4390,162,21812,197,58561,167,80373,California
Fresno,2020-12-15,2,2,2,2,0,0,0,0,2,2,0,0,2,2,California
Fresno,2020-12-16,121,123,121,123,0,0,0,0,121,123,0,0,121,123,California
Fresno,2020-12-17,120,243,120,243,0,0,0,0,120,243,0,0,120,243,California
Fresno,2020-12-18,343,586,343,586,0,0,0,0,343,586,0,0,343,586,California
Fresno,2020-12-19,157,743,157,743,0,0,0,0,157,743,0,0,157,743,California
Fresno,2020-12-20,258,1001,256,999,2,2,0,0,258,1001,0,0,258,1001,California
Fresno,2020-12-21,926,1927,925,1924,1,3,0,0,957,1958,0,0,957,1958,California
Fresno,2020-12-22,901,2828,872,2796,29,32,0,0,905,2863,0,0,905,2863,California
Fresno,2020-12-23,1087,3915,1046,3842,41,73,0,0,1088,3951,0,0,1088,3951,California
Fresno,2020-12-24,581,4496,562,4404,19,92,0,0,581,4532,0,0,581,4532,California
Fresno,2020-12-25,2,4498,1,4405,1,93,0,0,2,4534,0,0,2,4534,California
Fresno,2020-12-26,722,5220,713,5118,9,102,0,0,722,5256,0,0,722,5256,California
Fresno,2020-12-27,300,5520,204,5322,96,198,0,0,300,5556,0,0,300,5556,California
Fresno,2020-12-28,1062,6582,775,6097,287,485,0,0,1063,6619,0,0,1063,6619,California
Fresno,2020-12-29,1770,8352,1040,7137,730,1215,0,0,1768,8386,1,1,1768,8387,California
Fresno,2020-12-30,981,9333,478,7615,503,1718,0,0,981,9367,0,1,981,9368,California
Fresno,2020-12-31,897,10230,310,7925,587,2305,0,0,896,10263,0,1,896,10264,California
Fresno,2021-01-01,9,10239,3,7928,6,2311,0,0,9,10272,0,1,9,10273,California
Fresno,2021-01-02,1031,11270,717,8645,314,2625,0,0,1031,11303,0,1,1031,11304,California
Fresno,2021-01-03,153,11423,128,8773,25,2650,0,0,153,11456,0,1,153,11457,California
Fresno,2021-01-04,615,12038,375,9148,240,2890,0,0,615,12071,0,1,615,12072,California
Fresno,2021-01-05,778,12816,312,9460,466,3356,0,0,704,12701,74,75,704,12776,California
Fresno,2021-01-06,975,13791,346,9806,629,3985,0,0,803,13332,172,247,803,13579,California
Fresno,2021-01-07,1886,15677,915,10721,971,4956,0,0,1633,14715,253,500,1636,15215,California
Fresno,2021-01-08,1781,17458,613,11334,1168,6124,0,0,1417,15770,362,862,1417,16632,California
Fresno,2021-01-09,628,18086,386,11720,242,6366,0,0,354,15850,274,1136,354,16986,California
Fresno,2021-01-10,515,18601,485,12205,30,6396,0,0,202,15739,313,1449,202,17188,California
Fresno,2021-01-11,2158,20759,1751,13956,407,6803,0,0,1465,16514,693,2142,1468,18656,California
Fresno,2021-01-12,2524,23283,1826,15782,698,7501,0,0,1677,17344,849,2991,1679,20335,California
Fresno,2021-01-13,3537,26820,2422,18204,1115,8616,0,0,2681,19171,856,3847,2683,23018,California
Fresno,2021-01-14,4152,30972,2200,20404,1952,10568,0,0,3682,22384,469,4316,3682,26700,California
Fresno,2021-01-15,3646,34618,2532,22936,1114,11682,0,0,3288,25318,358,4674,3292,29992,California
Fresno,2021-01-16,3150,37768,2308,25244,842,12524,0,0,2686,27542,463,5137,2687,32679,California
Fresno,2021-01-17,977,38745,556,25800,421,12945,0,0,779,28123,198,5335,779,33458,California
Fresno,2021-01-18,3074,41819,2367,28167,707,13652,0,0,2409,29871,663,5998,2411,35869,California
Fresno,2021-01-19,4327,46146,2540,30707,1787,15439,0,0,3676,32900,651,6649,3680,39549,California
Fresno,2021-01-20,2994,49140,1186,31893,1808,17247,0,0,2693,35294,302,6951,2696,42245,California
Fresno,2021-01-21,4350,53490,1999,33892,2351,19598,0,0,4002,38972,329,7280,4007,46252,California
Fresno,2021-01-22,3310,56800,1347,35239,1963,21561,0,0,2921,41522,372,7652,2922,49174,California
Fresno,2021-01-23,3043,59843,1970,37209,1073,22634,0,0,2320,43127,722,8374,2327,51501,California
Fresno,2021-01-24,552,60395,372,37581,180,22814,0,0,347,43272,205,8579,350,51851,California
Fresno,2021-01-25,2344,62739,865,38446,1479,24293,0,0,1856,44644,488,9067,1860,53711,California
Fresno,2021-01-26,2021,64760,584,39030,1437,25730,0,0,1316,45258,703,9770,1317,55028,California
Fresno,2021-01-27,2267,67027,1163,40193,1104,26834,0,0,1747,46489,519,10289,1750,56778,California
Fresno,2021-01-28,4491,71518,3055,43248,1436,28270,0,0,3473,48951,1014,11303,3476,60254,California
Fresno,2021-01-29,1702,73220,983,44231,719,28989,0,0,1405,50063,294,11597,1406,61660,California
Fresno,2021-01-30,1451,74671,551,44782,900,29889,0,0,1034,50680,417,12014,1034,62694,California
Fresno,2021-01-31,225,74896,216,44998,9,29898,0,0,71,50597,154,12168,71,62765,California
Fresno,2021-02-01,3330,78226,1663,46661,1667,31565,0,0,1817,50920,1512,13680,1835,64600,California
Fresno,2021-02-02,2717,80943,550,47211,2167,33732,0,0,1585,51404,1117,14797,1601,66201,California
Fresno,2021-02-03,3533,84476,2095,49306,1438,35170,0,0,1518,50922,2001,16798,1519,67720,California
Fresno,2021-02-04,4196,88672,1897,51203,2299,37469,0,0,1930,50621,2236,19034,1935,69655,California
Fresno,2021-02-05,5326,93998,2724,53927,2602,40071,0,0,2304,49912,3017,22051,2308,71963,California
Fresno,2021-02-06,2936,96934,2048,55975,888,40959,0,0,977,48935,1956,24007,979,72942,California
Fresno,2021-02-07,470,97404,289,56264,181,41140,0,0,275,49016,194,24201,275,73217,California
Fresno,2021-02-08,4275,101679,2292,58556,1983,43123,0,0,1813,48400,2438,26639,1822,75039,California
Fresno,2021-02-09,5329,107008,2081,60637,3248,46371,0,0,3120,49394,2134,28773,3128,78167,California
Fresno,2021-02-10,3880,110888,1235,61872,2645,49016,0,0,1988,49556,1837,30610,1999,80166,California
Fresno,2021-02-11,6448,117336,2090,63962,4358,53374,0,0,3383,49895,3050,33660,3389,83555,California
Fresno,2021-02-12,5386,122722,1384,65346,4002,57376,0,0,2747,50029,2619,36279,2753,86308,California
Fresno,2021-02-13,3735,126457,1547,66893,2188,59564,0,0,2083,50478,1640,37919,2089,88397,California
Fresno,2021-02-14,1562,128019,282,67175,1280,60844,0,0,849,50617,712,38631,851,89248,California
Fresno,2021-02-15,2887,130906,271,67446,2616,63460,0,0,1783,51304,1100,39731,1787,91035,California
Fresno,2021-02-16,6683,137589,2403,69849,4280,67740,0,0,4246,53137,2419,42150,4252,95287,California
Fresno,2021-02-17,5336,142925,2455,72304,2881,70621,0,0,2986,53822,2306,44456,2991,98278,California
Fresno,2021-02-18,6857,149782,2903,75207,3954,74575,0,0,2573,52171,4235,48691,2584,100862,California
Fresno,2021-02-19,3834,153616,1101,76308,2733,77308,0,0,1829,52008,1995,50686,1832,102694,California
Fresno,2021-02-20,4538,158154,2502,78810,2036,79344,0,0,3057,53597,1474,52160,3063,105757,California
Fresno,2021-02-21,188,158342,171,78981,17,79361,0,0,129,53680,46,52206,129,105886,California
Fresno,2021-02-22,2229,160571,1001,79982,1228,80589,0,0,1223,53910,997,53203,1227,107113,California
Fresno,2021-02-23,3893,164464,1484,81466,2409,82998,0,0,3034,56097,849,54052,3036,110149,California
Fresno,2021-02-24,4179,168643,1496,82962,2683,85681,0,0,3432,58797,735,54787,3435,113584,California
Fresno,2021-02-25,7489,176132,2529,85491,4960,90641,0,0,6033,63445,1392,56179,6040,119624,California
Fresno,2021-02-26,8331,184463,3041,88532,5290,95931,0,0,7048,69237,1262,57441,7054,126678,California
Fresno,2021-02-27,6299,190762,2208,90740,4091,100022,0,0,5608,74170,680,58121,5613,132291,California
Fresno,2021-02-28,1638,192400,532,91272,1106,101128,0,0,1548,75642,77,58198,1549,133840,California
Fresno,2021-03-01,4921,197321,1298,92570,3623,104751,0,0,3614,77967,1297,59495,3622,137462,California
Fresno,2021-03-02,8587,205908,2311,94881,6276,111027,0,0,7226,83879,1337,60832,7249,144711,California
Fresno,2021-03-03,6811,212719,1684,96565,5126,116153,1,1,5797,88790,1001,61833,5912,150623,California
Fresno,2021-03-04,8544,221263,2538,99103,6006,122159,0,1,7022,94324,1496,63329,7030,157653,California
Fresno,2021-03-05,7954,229217,2706,101809,5246,127405,2,3,6934,100448,887,64216,7011,164664,California
Fresno,2021-03-06,6471,235688,3542,105351,2812,130217,117,120,5523,105150,942,65158,5644,170308,California
Fresno,2021-03-07,1477,237165,677,106028,766,130983,34,154,1249,106208,226,65384,1284,171592,California
Fresno,2021-03-08,5062,242227,2017,108045,2892,133875,153,307,3884,109087,1169,66553,4048,175640,California
Fresno,2021-03-09,7136,249363,2392,110437,4474,138349,270,577,3974,110221,3145,69698,4279,179919,California
Fresno,2021-03-10,6616,255979,2742,113179,3481,141830,393,970,5221,114458,1385,71083,5622,185541,California
Fresno,2021-03-11,11445,267424,4560,117739,6318,148148,567,1537,6213,116124,5189,76272,6855,192396,California
Fresno,2021-03-12,11577,279001,4921,122660,6203,154351,453,1990,8582,122322,2978,79250,9176,201572,California
Fresno,2021-03-13,8166,287167,3899,126559,3242,157593,1025,3015,3919,123110,4228,83478,5016,206588,California
Fresno,2021-03-14,1747,288914,466,127025,1001,158594,280,3295,659,122968,1079,84557,937,207525,California
Fresno,2021-03-15,6980,295894,3058,130083,3752,162346,170,3465,4821,125997,2145,86702,5174,212699,California
Fresno,2021-03-16,10061,305955,4411,134494,5256,167602,394,3859,6043,128543,3987,90689,6533,219232,California
Fresno,2021-03-17,8530,314485,3873,138367,3963,171565,694,4553,5755,132615,2756,93445,6828,226060,California
Fresno,2021-03-18,12264,326749,6578,144945,5056,176621,630,5183,8023,137493,4197,97642,9075,235135,California
Fresno,2021-03-19,10742,337491,5627,150572,4501,181122,614,5797,7265,142216,3450,101092,8173,243308,California
Fresno,2021-03-20,7379,344870,4422,154994,2646,183768,311,6108,4517,144474,2839,103931,5097,248405,California
Fresno,2021-03-21,1775,346645,1202,156196,202,183970,371,6479,961,144997,810,104741,1333,249738,California
Fresno,2021-03-22,5646,352291,2888,159084,2163,186133,595,7074,3855,147871,1775,106516,4649,254387,California
Fresno,2021-03-23,10535,362826,5239,164323,4802,190935,494,7568,6066,150406,4451,110967,6986,261373,California
Fresno,2021-03-24,8601,371427,3631,167954,4141,195076,829,8397,4731,152181,3838,114805,5613,266986,California
Fresno,2021-03-25,12054,383481,5574,173528,5698,200774,782,9179,6184,153398,5831,120636,7048,274034,California
Fresno,2021-03-26,12011,395492,5327,178855,6040,206814,644,9823,5281,152660,6682,127318,5944,279978,California
Fresno,2021-03-27,9363,404855,4129,182984,4152,210966,1082,10905,2934,150286,6394,133712,4020,283998,California
Fresno,2021-03-28,3281,408136,1198,184182,1396,212362,687,11592,1257,150472,2017,135729,2203,286201,California
Fresno,2021-03-29,5990,414126,1976,186158,3472,215834,542,12134,2901,150862,3065,138794,3455,289656,California
Fresno,2021-03-30,10767,424893,4208,190366,5676,221510,883,13017,4464,149928,6279,145073,5345,295001,California
Fresno,2021-03-31,9249,434142,3319,193685,4948,226458,982,13999,3794,149285,5417,150490,4774,299775,California
Fresno,2021-04-01,11328,445470,4066,197751,6412,232870,850,14849,3922,146688,7328,157818,4731,304506,California
Fresno,2021-04-02,11553,457023,4404,202155,6363,239233,786,15635,4233,144546,7167,164985,5025,309531,California
Fresno,2021-04-03,6175,463198,3377,205532,2547,241780,251,15886,2223,143118,3940,168925,2512,312043,California
Fresno,2021-04-04,1490,464688,533,206065,913,242693,44,15930,564,142808,918,169843,608,312651,California
Fresno,2021-04-05,8250,472938,4454,210519,2999,245692,797,16727,2531,140494,5710,175553,3396,316047,California
Fresno,2021-04-06,9475,482413,3955,214474,4345,250037,1175,17902,3589,139418,5854,181407,4778,320825,California
Fresno,2021-04-07,10306,492719,5298,219772,3827,253864,1181,19083,3554,137464,6718,188125,4764,325589,California
Fresno,2021-04-08,10785,503504,5113,224885,4537,258401,1135,20218,3504,134906,7241,195366,4683,330272,California
Fresno,2021-04-09,10658,514162,5094,229979,4207,262608,1357,21575,3589,132843,7031,202397,4968,335240,California
Fresno,2021-04-10,7836,521998,5141,235120,2175,264783,520,22095,3724,132986,4102,206499,4245,339485,California
Fresno,2021-04-11,1389,523387,930,236050,370,265153,89,22184,449,132589,935,207434,538,340023,California
Fresno,2021-04-12,7099,530486,3757,239807,2439,267592,903,23087,2313,131042,4763,212197,3216,343239,California
Fresno,2021-04-13,8882,539368,4220,244027,4592,272184,70,23157,3505,129364,5344,217541,3666,346905,California
Fresno,2021-04-14,8827,548195,5136,249163,3690,275874,1,23158,3635,127886,5159,222700,3681,350586,California
Fresno,2021-04-15,7765,555960,3613,252776,4150,280024,2,23160,3005,126162,4734,227434,3010,353596,California
Fresno,2021-04-16,8934,564894,4240,257016,4692,284716,2,23162,3832,124938,5063,232497,3839,357435,California
Fresno,2021-04-17,5568,570462,3734,260750,1834,286550,0,23162,2719,124825,2834,235331,2721,360156,California
Fresno,2021-04-18,1019,571481,552,261302,467,287017,0,23162,474,124757,542,235873,474,360630,California
Fresno,2021-04-19,5396,576877,2914,264216,2478,289495,4,23166,2172,123745,3191,239064,2179,362809,California
Fresno,2021-04-20,6817,583694,3312,267528,3497,292992,8,23174,2540,122040,4254,243318,2549,365358,California
Fresno,2021-04-21,6249,589943,3410,270938,2831,295823,8,23182,2591,121011,3632,246950,2603,367961,California
Fresno,2021-04-22,6317,596260,3134,274072,3182,299005,1,23183,2333,119411,3937,250887,2337,370298,California
Fresno,2021-04-23,6940,603200,3750,277822,3171,302176,19,23202,2686,117886,4218,255105,2693,372991,California
Fresno,2021-04-24,4152,607352,2482,280304,1670,303846,0,23202,1958,117662,2182,257287,1958,374949,California
Fresno,2021-04-25,1342,608694,566,280870,774,304620,2,23204,665,117653,675,257962,666,375615,California
Fresno,2021-04-26,3749,612443,1842,282712,1868,306488,39,23243,1597,117157,2130,260092,1634,377249,California
Fresno,2021-04-27,4304,616747,2112,284824,2088,308576,104,23347,1654,116282,2633,262725,1758,379007,California
Fresno,2021-04-28,4322,621069,2366,287190,1839,310415,117,23464,1799,115692,2505,265230,1915,380922,California
Fresno,2021-04-29,4164,625233,2339,289529,1700,312115,125,23589,1539,114759,2595,267825,1662,382584,California
Fresno,2021-04-30,3638,628871,2154,291683,1426,313541,58,23647,1423,114045,2195,270020,1481,384065,California
Fresno,2021-05-01,2823,631694,2422,294105,316,313857,85,23732,779,112876,2032,272052,863,384928,California
Fresno,2021-05-02,428,632122,197,294302,222,314079,9,23741,267,112998,154,272206,276,385204,California
Fresno,2021-05-03,2370,634492,1557,295859,711,314790,102,23843,773,112283,1587,273793,872,386076,California
Glenn,2020-12-17,1,1,1,1,0,0,0,0,1,1,0,0,1,1,California
Glenn,2020-12-19,1,2,1,2,0,0,0,0,1,2,0,0,1,2,California
Glenn,2020-12-20,1,3,1,3,0,0,0,0,1,3,0,0,1,3,California
Glenn,2020-12-21,11,14,11,14,0,0,0,0,11,14,0,0,11,14,California
Glenn,2020-12-22,59,73,59,73,0,0,0,0,59,73,0,0,59,73,California
Glenn,2020-12-23,27,100,27,100,0,0,0,0,27,100,0,0,27,100,California
Glenn,2020-12-24,9,109,9,109,0,0,0,0,9,109,0,0,9,109,California
Glenn,2020-12-26,2,111,2,111,0,0,0,0,2,111,0,0,2,111,California
Glenn,2020-12-27,4,115,4,115,0,0,0,0,4,115,0,0,4,115,California
Glenn,2020-12-28,21,136,21,136,0,0,0,0,21,136,0,0,21,136,California
Glenn,2020-12-29,82,218,82,218,0,0,0,0,82,218,0,0,82,218,California
Glenn,2020-12-30,128,346,106,324,22,22,0,0,128,346,0,0,128,346,California
Glenn,2020-12-31,38,384,9,333,29,51,0,0,38,384,0,0,38,384,California
Glenn,2021-01-02,2,386,2,335,0,51,0,0,2,386,0,0,2,386,California
Glenn,2021-01-04,7,393,5,340,2,53,0,0,7,393,0,0,7,393,California
Glenn,2021-01-05,9,402,8,348,1,54,0,0,9,402,0,0,9,402,California
Glenn,2021-01-06,60,462,8,356,52,106,0,0,60,462,0,0,60,462,California
Glenn,2021-01-07,67,529,12,368,55,161,0,0,65,525,2,2,65,527,California
Glenn,2021-01-08,12,541,9,377,3,164,0,0,12,537,0,2,12,539,California
Glenn,2021-01-10,1,542,1,378,0,164,0,0,0,536,1,3,0,539,California
Glenn,2021-01-11,30,572,30,408,0,164,0,0,12,530,18,21,12,551,California
Glenn,2021-01-12,42,614,37,445,5,169,0,0,14,516,28,49,14,565,California
Glenn,2021-01-13,153,767,88,533,65,234,0,0,109,581,44,93,109,674,California
Glenn,2021-01-14,185,952,96,629,89,323,0,0,175,746,10,103,175,849,California
Glenn,2021-01-15,42,994,34,663,8,331,0,0,37,778,5,108,37,886,California
Glenn,2021-01-16,34,1028,14,677,20,351,0,0,24,792,10,118,24,910,California
Glenn,2021-01-17,4,1032,2,679,2,353,0,0,2,792,2,120,2,912,California
Glenn,2021-01-18,17,1049,16,695,1,354,0,0,9,793,8,128,9,921,California
Glenn,2021-01-19,31,1080,20,715,11,365,0,0,14,790,17,145,14,935,California
Glenn,2021-01-20,163,1243,94,809,69,434,0,0,82,791,81,226,82,1017,California
Glenn,2021-01-21,124,1367,98,907,26,460,0,0,30,727,94,320,30,1047,California
Glenn,2021-01-22,337,1704,63,970,274,734,0,0,330,1050,7,327,330,1377,California
Glenn,2021-01-23,14,1718,7,977,7,741,0,0,12,1060,2,329,12,1389,California
Glenn,2021-01-24,2,1720,2,979,0,741,0,0,2,1062,0,329,2,1391,California
Glenn,2021-01-25,27,1747,9,988,18,759,0,0,24,1083,3,332,24,1415,California
Glenn,2021-01-26,29,1776,13,1001,16,775,0,0,23,1100,6,338,23,1438,California
Glenn,2021-01-27,187,1963,13,1014,174,949,0,0,166,1245,21,359,166,1604,California
Glenn,2021-01-28,146,2109,8,1022,138,1087,0,0,116,1331,30,389,116,1720,California
Glenn,2021-01-29,296,2405,12,1034,284,1371,0,0,282,1599,14,403,282,2002,California
Glenn,2021-01-30,4,2409,0,1034,4,1375,0,0,4,1603,0,403,4,2006,California
Glenn,2021-01-31,1,2410,0,1034,1,1376,0,0,1,1604,0,403,1,2007,California
Glenn,2021-02-01,28,2438,10,1044,18,1394,0,0,16,1608,12,415,16,2023,California
Glenn,2021-02-02,28,2466,13,1057,15,1409,0,0,19,1618,9,424,19,2042,California
Glenn,2021-02-03,207,2673,58,1115,149,1558,0,0,111,1634,96,520,112,2154,California
Glenn,2021-02-04,150,2823,84,1199,66,1624,0,0,45,1574,105,625,45,2199,California
Glenn,2021-02-05,319,3142,24,1223,295,1919,0,0,299,1853,20,645,299,2498,California
Glenn,2021-02-06,14,3156,2,1225,12,1931,0,0,13,1865,1,646,13,2511,California
Glenn,2021-02-07,2,3158,2,1227,0,1931,0,0,2,1867,0,646,2,2513,California
Glenn,2021-02-08,21,3179,17,1244,4,1935,0,0,4,1854,17,663,4,2517,California
Glenn,2021-02-09,49,3228,20,1264,29,1964,0,0,36,1877,13,676,36,2553,California
Glenn,2021-02-10,139,3367,19,1283,120,2084,0,0,65,1868,74,750,65,2618,California
Glenn,2021-02-11,232,3599,132,1415,100,2184,0,0,149,1934,83,833,149,2767,California
Glenn,2021-02-12,420,4019,99,1514,321,2505,0,0,356,2226,64,897,356,3123,California
Glenn,2021-02-13,34,4053,7,1521,27,2532,0,0,16,2224,18,915,16,3139,California
Glenn,2021-02-14,1,4054,0,1521,1,2533,0,0,1,2225,0,915,1,3140,California
Glenn,2021-02-15,8,4062,0,1521,8,2541,0,0,8,2233,0,915,8,3148,California
Glenn,2021-02-16,39,4101,9,1530,30,2571,0,0,21,2236,18,933,21,3169,California
Glenn,2021-02-17,380,4481,15,1545,365,2936,0,0,302,2460,78,1011,302,3471,California
Glenn,2021-02-18,135,4616,100,1645,35,2971,0,0,111,2547,24,1035,111,3582,California
Glenn,2021-02-19,303,4919,17,1662,286,3257,0,0,29,2302,274,1309,29,3611,California
Glenn,2021-02-20,8,4927,0,1662,8,3265,0,0,0,2294,8,1317,0,3611,California
Glenn,2021-02-22,33,4960,14,1676,19,3284,0,0,17,2295,16,1333,17,3628,California
Glenn,2021-02-23,40,5000,10,1686,30,3314,0,0,28,2311,12,1345,28,3656,California
Glenn,2021-02-24,221,5221,15,1701,206,3520,0,0,47,2184,174,1519,47,3703,California
Glenn,2021-02-25,262,5483,148,1849,114,3634,0,0,118,2158,144,1663,118,3821,California
Glenn,2021-02-26,304,5787,24,1873,280,3914,0,0,20,1895,283,1946,20,3841,California
Glenn,2021-02-27,15,5802,5,1878,10,3924,0,0,5,1891,9,1955,5,3846,California
Glenn,2021-02-28,6,5808,3,1881,3,3927,0,0,3,1892,2,1957,3,3849,California
Glenn,2021-03-01,28,5836,6,1887,22,3949,0,0,12,1888,16,1973,12,3861,California
Glenn,2021-03-02,35,5871,7,1894,28,3977,0,0,17,1887,18,1991,17,3878,California
Glenn,2021-03-03,192,6063,37,1931,155,4132,0,0,101,1899,89,2080,101,3979,California
Glenn,2021-03-04,521,6584,176,2107,345,4477,0,0,376,2130,145,2225,376,4355,California
Glenn,2021-03-05,356,6940,48,2155,308,4785,0,0,35,1844,321,2546,35,4390,California
Glenn,2021-03-06,26,6966,3,2158,22,4807,1,1,9,1837,17,2563,10,4400,California
Glenn,2021-03-07,5,6971,0,2158,5,4812,0,1,3,1839,1,2564,3,4403,California
Glenn,2021-03-08,20,6991,2,2160,17,4829,1,2,18,1856,2,2566,19,4422,California
Glenn,2021-03-09,82,7073,11,2171,68,4897,3,5,54,1884,28,2594,56,4478,California
Glenn,2021-03-10,172,7245,68,2239,102,4999,2,7,95,1904,77,2671,97,4575,California
Glenn,2021-03-11,584,7829,170,2409,391,5390,23,30,454,2251,130,2801,477,5052,California
Glenn,2021-03-12,417,8246,14,2423,342,5732,61,91,41,1977,376,3177,102,5154,California
Glenn,2021-03-13,12,8258,1,2424,3,5735,8,99,1,1975,11,3188,9,5163,California
Glenn,2021-03-14,3,8261,1,2425,2,5737,0,99,2,1976,1,3189,2,5165,California
Glenn,2021-03-15,75,8336,15,2440,55,5792,5,104,60,2026,15,3204,65,5230,California
Glenn,2021-03-16,106,8442,33,2473,62,5854,11,115,65,2061,41,3245,76,5306,California
Glenn,2021-03-17,417,8859,97,2570,313,6167,7,122,116,1881,301,3546,121,5427,California
Glenn,2021-03-18,520,9379,214,2784,50,6217,256,378,145,1906,375,3921,400,5827,California
Glenn,2021-03-19,91,9470,16,2800,69,6286,6,384,70,1962,20,3941,76,5903,California
Glenn,2021-03-20,121,9591,1,2801,119,6405,1,385,119,2080,2,3943,120,6023,California
Glenn,2021-03-21,6,9597,5,2806,0,6405,1,386,3,2082,2,3945,4,6027,California
Glenn,2021-03-22,116,9713,53,2859,55,6460,8,394,96,2168,18,3963,104,6131,California
Glenn,2021-03-23,173,9886,66,2925,56,6516,51,445,100,2247,72,4035,151,6282,California
Glenn,2021-03-24,204,10090,99,3024,100,6616,5,450,132,2313,71,4106,137,6419,California
Glenn,2021-03-25,455,10545,226,3250,135,6751,94,544,326,2605,128,4234,420,6839,California
Glenn,2021-03-26,227,10772,35,3285,156,6907,36,580,176,2766,51,4285,212,7051,California
Glenn,2021-03-27,150,10922,21,3306,124,7031,5,585,140,2901,10,4295,145,7196,California
Glenn,2021-03-28,15,10937,10,3316,5,7036,0,585,10,2906,5,4300,10,7206,California
Glenn,2021-03-29,59,10996,19,3335,37,7073,3,588,45,2940,14,4314,48,7254,California
Glenn,2021-03-30,73,11069,41,3376,31,7104,1,589,42,2954,29,4343,43,7297,California
Glenn,2021-03-31,125,11194,35,3411,89,7193,1,590,54,2939,70,4413,55,7352,California
Glenn,2021-04-01,638,11832,183,3594,446,7639,9,599,227,2766,409,4822,236,7588,California
Glenn,2021-04-02,158,11990,25,3619,121,7760,12,611,122,2864,36,4858,134,7722,California
Glenn,2021-04-03,91,12081,4,3623,80,7840,7,618,80,2940,11,4869,87,7809,California
Glenn,2021-04-04,8,12089,3,3626,3,7843,2,620,4,2942,4,4873,6,7815,California
Glenn,2021-04-05,65,12154,25,3651,27,7870,13,633,28,2946,37,4910,41,7856,California
Glenn,2021-04-06,144,12298,52,3703,53,7923,39,672,38,2917,105,5015,76,7932,California
Glenn,2021-04-07,158,12456,46,3749,58,7981,54,726,72,2957,86,5101,126,8058,California
Glenn,2021-04-08,639,13095,189,3938,416,8397,34,760,138,2630,499,5600,172,8230,California
Glenn,2021-04-09,158,13253,58,3996,84,8481,16,776,101,2690,57,5657,117,8347,California
Glenn,2021-04-10,75,13328,1,3997,63,8544,11,787,63,2752,12,5669,74,8421,California
Glenn,2021-04-11,17,13345,8,4005,4,8548,5,792,7,2754,10,5679,12,8433,California
Glenn,2021-04-12,113,13458,24,4029,60,8608,29,821,19,2708,94,5773,48,8481,California
Glenn,2021-04-13,118,13576,63,4092,55,8663,0,821,32,2655,85,5858,32,8513,California
Glenn,2021-04-14,121,13697,46,4138,75,8738,0,821,67,2668,54,5912,67,8580,California
Glenn,2021-04-15,361,14058,275,4413,86,8824,0,821,125,2557,236,6148,125,8705,California
Glenn,2021-04-16,164,14222,40,4453,124,8948,0,821,81,2555,83,6231,81,8786,California
Glenn,2021-04-17,163,14385,16,4469,147,9095,0,821,35,2468,122,6353,35,8821,California
Glenn,2021-04-18,16,14401,3,4472,13,9108,0,821,13,2478,3,6356,13,8834,California
Glenn,2021-04-19,82,14483,17,4489,65,9173,0,821,27,2451,54,6410,27,8861,California
Glenn,2021-04-20,126,14609,81,4570,45,9218,0,821,57,2439,69,6479,57,8918,California
Glenn,2021-04-21,408,15017,305,4875,103,9321,0,821,282,2595,126,6605,282,9200,California
Glenn,2021-04-22,205,15222,45,4920,160,9481,0,821,43,2477,161,6766,43,9243,California
Glenn,2021-04-23,166,15388,24,4944,142,9623,0,821,46,2404,119,6885,46,9289,California
Glenn,2021-04-24,179,15567,32,4976,147,9770,0,821,44,2313,135,7020,44,9333,California
Glenn,2021-04-25,28,15595,16,4992,12,9782,0,821,21,2327,7,7027,21,9354,California
Glenn,2021-04-26,44,15639,9,5001,35,9817,0,821,18,2319,26,7053,18,9372,California
Glenn,2021-04-27,52,15691,39,5040,8,9825,5,826,24,2320,27,7080,28,9400,California
Glenn,2021-04-28,245,15936,168,5208,66,9891,11,837,124,2334,121,7201,135,9535,California
Glenn,2021-04-29,154,16090,17,5225,136,10027,1,838,39,2259,115,7316,40,9575,California
Glenn,2021-04-30,132,16222,15,5240,115,10142,2,840,38,2205,94,7410,40,9615,California
Glenn,2021-05-01,96,16318,2,5242,93,10235,1,841,22,2154,74,7484,23,9638,California
Glenn,2021-05-02,15,16333,1,5243,8,10243,6,847,9,2163,6,7490,15,9653,California
Glenn,2021-05-03,15,16348,2,5245,12,10255,1,848,8,2165,7,7497,9,9662,California
Humboldt,2020-12-15,2,2,2,2,0,0,0,0,2,2,0,0,2,2,California
Humboldt,2020-12-16,15,17,15,17,0,0,0,0,15,17,0,0,15,17,California
Humboldt,2020-12-17,117,134,117,134,0,0,0,0,117,134,0,0,117,134,California
Humboldt,2020-12-18,176,310,176,310,0,0,0,0,176,310,0,0,176,310,California
Humboldt,2020-12-19,10,320,10,320,0,0,0,0,10,320,0,0,10,320,California
Humboldt,2020-12-20,28,348,28,348,0,0,0,0,28,348,0,0,28,348,California
Humboldt,2020-12-21,165,513,165,513,0,0,0,0,165,513,0,0,165,513,California
Humboldt,2020-12-22,296,809,296,809,0,0,0,0,296,809,0,0,296,809,California
Humboldt,2020-12-23,310,1119,262,1071,48,48,0,0,312,1121,0,0,312,1121,California
Humboldt,2020-12-24,25,1144,2,1073,23,71,0,0,25,1146,0,0,25,1146,California
Humboldt,2020-12-25,2,1146,2,1075,0,71,0,0,2,1148,0,0,2,1148,California
Humboldt,2020-12-26,6,1152,5,1080,1,72,0,0,6,1154,0,0,6,1154,California
Humboldt,2020-12-28,156,1308,145,1225,11,83,0,0,156,1310,0,0,156,1310,California
Humboldt,2020-12-29,168,1476,124,1349,44,127,0,0,168,1478,0,0,168,1478,California
Humboldt,2020-12-30,223,1699,124,1473,99,226,0,0,223,1701,0,0,223,1701,California
Humboldt,2020-12-31,242,1941,79,1552,163,389,0,0,242,1943,0,0,242,1943,California
Humboldt,2021-01-01,2,1943,1,1553,1,390,0,0,2,1945,0,0,2,1945,California
Humboldt,2021-01-02,38,1981,1,1554,37,427,0,0,38,1983,0,0,38,1983,California
Humboldt,2021-01-04,217,2198,142,1696,75,502,0,0,218,2201,0,0,218,2201,California
Humboldt,2021-01-05,128,2326,18,1714,110,612,0,0,127,2327,1,1,127,2328,California
Humboldt,2021-01-06,301,2627,203,1917,98,710,0,0,229,2495,61,62,229,2557,California
Humboldt,2021-01-07,418,3045,306,2223,112,822,0,0,305,2702,98,160,305,2862,California
Humboldt,2021-01-08,418,3463,279,2502,139,961,0,0,283,2854,131,291,283,3145,California
Humboldt,2021-01-09,69,3532,45,2547,24,985,0,0,66,2918,3,294,67,3212,California
Humboldt,2021-01-10,84,3616,84,2631,0,985,0,0,4,2842,80,374,4,3216,California
Humboldt,2021-01-11,288,3904,277,2908,11,996,0,0,72,2702,212,586,72,3288,California
Humboldt,2021-01-12,482,4386,319,3227,163,1159,0,0,298,2838,162,748,298,3586,California
Humboldt,2021-01-13,481,4867,275,3502,206,1365,0,0,304,2969,174,922,305,3891,California
Humboldt,2021-01-14,521,5388,164,3666,357,1722,0,0,465,3379,56,978,466,4357,California
Humboldt,2021-01-15,374,5762,39,3705,335,2057,0,0,357,3719,17,995,357,4714,California
Humboldt,2021-01-16,170,5932,6,3711,164,2221,0,0,169,3887,1,996,169,4883,California
Humboldt,2021-01-17,6,5938,4,3715,2,2223,0,0,6,3893,0,996,6,4889,California
Humboldt,2021-01-18,293,6231,258,3973,35,2258,0,0,143,3886,150,1146,143,5032,California
Humboldt,2021-01-19,625,6856,372,4345,253,2511,0,0,498,4263,121,1267,498,5530,California
Humboldt,2021-01-20,913,7769,403,4748,510,3021,0,0,765,4891,139,1406,767,6297,California
Humboldt,2021-01-21,958,8727,260,5008,698,3719,0,0,916,5765,42,1448,916,7213,California
Humboldt,2021-01-22,675,9402,376,5384,299,4018,0,0,667,6424,8,1456,667,7880,California
Humboldt,2021-01-23,801,10203,272,5656,529,4547,0,0,792,7208,9,1465,793,8673,California
Humboldt,2021-01-24,226,10429,1,5657,225,4772,0,0,225,7432,1,1466,225,8898,California
Humboldt,2021-01-25,304,10733,233,5890,71,4843,0,0,149,7426,155,1621,149,9047,California
Humboldt,2021-01-26,526,11259,141,6031,385,5228,0,0,478,7856,48,1669,478,9525,California
Humboldt,2021-01-27,1260,12519,587,6618,673,5901,0,0,1195,8994,58,1727,1196,10721,California
Humboldt,2021-01-28,1456,13975,634,7252,822,6723,0,0,1320,10183,133,1860,1322,12043,California
Humboldt,2021-01-29,1132,15107,546,7798,586,7309,0,0,710,10472,422,2282,711,12754,California
Humboldt,2021-01-30,975,16082,458,8256,517,7826,0,0,962,11422,13,2295,963,13717,California
Humboldt,2021-01-31,311,16393,310,8566,1,7827,0,0,310,11731,1,2296,310,14027,California
Humboldt,2021-02-01,333,16726,192,8758,141,7968,0,0,189,11777,143,2439,189,14216,California
Humboldt,2021-02-02,443,17169,74,8832,369,8337,0,0,339,12017,101,2540,341,14557,California
Humboldt,2021-02-03,656,17825,259,9091,397,8734,0,0,506,12373,150,2690,506,15063,California
Humboldt,2021-02-04,638,18463,262,9353,376,9110,0,0,441,12620,194,2884,441,15504,California
Humboldt,2021-02-05,811,19274,94,9447,717,9827,0,0,625,13059,186,3070,625,16129,California
Humboldt,2021-02-06,1055,20329,444,9891,611,10438,0,0,1014,14034,40,3110,1015,17144,California
Humboldt,2021-02-07,379,20708,9,9900,370,10808,0,0,374,14405,4,3114,375,17519,California
Humboldt,2021-02-08,325,21033,142,10042,183,10991,0,0,184,14449,140,3254,184,17703,California
Humboldt,2021-02-09,493,21526,219,10261,274,11265,0,0,179,14314,314,3568,179,17882,California
Humboldt,2021-02-10,563,22089,370,10631,193,11458,0,0,232,14220,326,3894,232,18114,California
Humboldt,2021-02-11,1293,23382,392,11023,901,12359,0,0,508,13946,782,4676,508,18622,California
Humboldt,2021-02-12,1147,24529,736,11759,411,12770,0,0,707,14213,440,5116,707,19329,California
Humboldt,2021-02-13,1502,26031,554,12313,948,13718,0,0,913,14539,587,5703,913,20242,California
Humboldt,2021-02-14,112,26143,5,12318,107,13825,0,0,109,14646,2,5705,109,20351,California
Humboldt,2021-02-15,292,26435,78,12396,214,14039,0,0,195,14744,97,5802,195,20546,California
Humboldt,2021-02-16,533,26968,117,12513,416,14455,0,0,252,14716,281,6083,253,20799,California
Humboldt,2021-02-17,453,27421,281,12794,172,14627,0,0,137,14538,315,6398,137,20936,California
Humboldt,2021-02-18,968,28389,596,13390,372,14999,0,0,229,14029,738,7136,229,21165,California
Humboldt,2021-02-19,476,28865,434,13824,42,15041,0,0,89,13734,384,7520,89,21254,California
Humboldt,2021-02-20,1585,30450,979,14803,606,15647,0,0,474,13102,1108,8628,476,21730,California
Humboldt,2021-02-21,479,30929,471,15274,8,15655,0,0,184,12992,295,8923,185,21915,California
Humboldt,2021-02-22,126,31055,92,15366,34,15689,0,0,27,12922,97,9020,27,21942,California
Humboldt,2021-02-23,173,31228,70,15436,103,15792,0,0,40,12831,131,9151,40,21982,California
Humboldt,2021-02-24,1162,32390,703,16139,459,16251,0,0,584,12838,577,9728,584,22566,California
Humboldt,2021-02-25,831,33221,316,16455,515,16766,0,0,228,12465,601,10329,228,22794,California
Humboldt,2021-02-26,2142,35363,106,16561,2036,18802,0,0,453,11236,1683,12012,454,23248,California
Humboldt,2021-02-27,1692,37055,1074,17635,618,19420,0,0,870,11290,820,12832,874,24122,California
Humboldt,2021-02-28,122,37177,11,17646,111,19531,0,0,117,11402,5,12837,117,24239,California
Humboldt,2021-03-01,258,37435,47,17693,211,19742,0,0,183,11510,75,12912,183,24422,California
Humboldt,2021-03-02,286,37721,48,17741,238,19980,0,0,156,11536,130,13042,156,24578,California
Humboldt,2021-03-03,1649,39370,1096,18837,553,20533,0,0,1220,12334,423,13465,1221,25799,California
Humboldt,2021-03-04,886,40256,111,18948,775,21308,0,0,268,11986,618,14083,270,26069,California
Humboldt,2021-03-05,935,41191,184,19132,740,22048,11,11,378,11822,553,14636,389,26458,California
Humboldt,2021-03-06,1693,42884,837,19969,807,22855,49,60,710,11599,982,15618,759,27217,California
Humboldt,2021-03-07,363,43247,295,20264,50,22905,18,78,158,11570,205,15823,176,27393,California
Humboldt,2021-03-08,257,43504,6,20270,173,23078,78,156,163,11717,94,15917,241,27634,California
Humboldt,2021-03-09,460,43964,202,20472,113,23191,145,301,215,11834,243,16160,360,27994,California
Humboldt,2021-03-10,681,44645,466,20938,62,23253,153,454,412,12129,268,16428,563,28557,California
Humboldt,2021-03-11,1433,46078,461,21399,873,24126,99,553,616,12028,815,17243,714,29271,California
Humboldt,2021-03-12,1739,47817,1083,22482,435,24561,221,774,1047,12615,684,17927,1271,30542,California
Humboldt,2021-03-13,1569,49386,1021,23503,496,25057,52,826,678,12460,885,18812,730,31272,California
Humboldt,2021-03-14,142,49528,18,23521,115,25172,9,835,28,12383,114,18926,37,31309,California
Humboldt,2021-03-15,267,49795,51,23572,196,25368,20,855,51,12238,216,19142,71,31380,California
Humboldt,2021-03-16,632,50427,200,23772,172,25540,260,1115,258,12381,373,19515,516,31896,California
Humboldt,2021-03-17,728,51155,397,24169,223,25763,108,1223,335,12432,392,19907,443,32339,California
Humboldt,2021-03-18,1731,52886,1166,25335,522,26285,43,1266,1038,12825,688,20595,1081,33420,California
Humboldt,2021-03-19,1074,53960,58,25393,702,26987,314,1580,441,12950,630,21225,755,34175,California
Humboldt,2021-03-20,1375,55335,751,26144,611,27598,13,1593,428,12447,945,22170,442,34617,California
Humboldt,2021-03-21,247,55582,33,26177,185,27783,29,1622,200,12629,47,22217,229,34846,California
Humboldt,2021-03-22,111,55693,14,26191,47,27830,50,1672,55,12679,55,22272,105,34951,California
Humboldt,2021-03-23,408,56101,40,26231,325,28155,43,1715,318,12952,88,22360,361,35312,California
Humboldt,2021-03-24,1416,57517,389,26620,979,29134,48,1763,1039,13668,369,22729,1085,36397,California
Humboldt,2021-03-25,1829,59346,1204,27824,563,29697,62,1825,944,13791,883,23612,1006,37403,California
Humboldt,2021-03-26,2033,61379,438,28262,1539,31236,56,1881,1592,15002,436,24048,1647,39050,California
Humboldt,2021-03-27,1932,63311,1438,29700,326,31562,168,2049,1066,15374,862,24910,1234,40284,California
Humboldt,2021-03-28,267,63578,81,29781,115,31677,71,2120,85,15349,182,25092,157,40441,California
Humboldt,2021-03-29,466,64044,124,29905,247,31924,95,2215,198,15374,267,25359,292,40733,California
Humboldt,2021-03-30,935,64979,303,30208,519,32443,113,2328,562,15679,369,25728,674,41407,California
Humboldt,2021-03-31,1848,66827,518,30726,1234,33677,96,2424,1396,16725,448,26176,1494,42901,California
Humboldt,2021-04-01,2095,68922,702,31428,1303,34980,90,2514,1482,17691,606,26782,1572,44473,California
Humboldt,2021-04-02,1688,70610,1097,32525,487,35467,104,2618,599,17311,1083,27865,703,45176,California
Humboldt,2021-04-03,1651,72261,1494,34019,141,35608,16,2634,659,17004,982,28847,675,45851,California
Humboldt,2021-04-04,477,72738,367,34386,101,35709,9,2643,403,17343,74,28921,413,46264,California
Humboldt,2021-04-05,755,73493,454,34840,253,35962,48,2691,436,17510,317,29238,484,46748,California
Humboldt,2021-04-06,818,74311,318,35158,366,36328,134,2825,582,17994,230,29468,714,47462,California
Humboldt,2021-04-07,1476,75787,1054,36212,284,36612,138,2963,982,18622,492,29960,1120,48582,California
Humboldt,2021-04-08,1714,77501,1082,37294,474,37086,158,3121,727,18521,986,30946,885,49467,California
Humboldt,2021-04-09,1415,78916,438,37732,825,37911,152,3273,1141,19533,274,31220,1286,50753,California
Humboldt,2021-04-10,924,79840,134,37866,616,38527,174,3447,728,20239,195,31415,901,51654,California
Humboldt,2021-04-11,635,80475,136,38002,33,38560,466,3913,125,20319,510,31925,590,52244,California
Humboldt,2021-04-12,421,80896,224,38226,75,38635,122,4035,276,20571,145,32070,397,52641,California
Humboldt,2021-04-13,579,81475,320,38546,256,38891,3,4038,545,21087,31,32101,547,53188,California
Humboldt,2021-04-14,1412,82887,1033,39579,379,39270,0,4038,1311,22298,100,32201,1311,54499,California
Humboldt,2021-04-15,1795,84682,1192,40771,599,39869,4,4042,1237,22997,540,32741,1239,55738,California
Humboldt,2021-04-16,1119,85801,514,41285,605,40474,0,4042,536,22953,580,33321,536,56274,California
Humboldt,2021-04-17,1593,87394,1272,42557,321,40795,0,4042,1011,23388,576,33897,1011,57285,California
Humboldt,2021-04-18,476,87870,340,42897,136,40931,0,4042,92,23100,380,34277,92,57377,California
Humboldt,2021-04-19,184,88054,83,42980,101,41032,0,4042,72,23062,110,34387,72,57449,California
Humboldt,2021-04-20,475,88529,133,43113,342,41374,0,4042,234,23056,240,34627,234,57683,California
Humboldt,2021-04-21,1070,89599,373,43486,697,42071,0,4042,422,22841,638,35265,423,58106,California
Humboldt,2021-04-22,850,90449,498,43984,350,42421,2,4044,429,22851,419,35684,429,58535,California
Humboldt,2021-04-23,2131,92580,292,44276,1839,44260,0,4044,302,21329,1824,37508,302,58837,California
Humboldt,2021-04-24,1006,93586,874,45150,127,44387,5,4049,349,21028,655,38163,354,59191,California
Humboldt,2021-04-25,375,93961,241,45391,134,44521,0,4049,196,21048,176,38339,196,59387,California
Humboldt,2021-04-26,268,94229,188,45579,77,44598,3,4052,81,20945,185,38524,82,59469,California
Humboldt,2021-04-27,629,94858,187,45766,424,45022,18,4070,127,20590,500,39024,145,59614,California
Humboldt,2021-04-28,1410,96268,724,46490,643,45665,43,4113,352,19930,1055,40079,395,60009,California
Humboldt,2021-04-29,1506,97774,502,46992,973,46638,31,4144,214,18886,1289,41368,245,60254,California
Humboldt,2021-04-30,900,98674,171,47163,717,47355,12,4156,141,18283,756,42124,153,60407,California
Humboldt,2021-05-01,310,98984,288,47451,19,47374,3,4159,261,18500,47,42171,264,60671,California
Humboldt,2021-05-02,87,99071,78,47529,8,47382,1,4160,80,18576,5,42176,81,60752,California
Humboldt,2021-05-03,175,99246,46,47575,125,47507,4,4164,58,18521,117,42293,62,60814,California
Imperial,2020-12-16,1,1,1,1,0,0,0,0,1,1,0,0,1,1,California
Imperial,2020-12-17,4,5,4,5,0,0,0,0,4,5,0,0,4,5,California
Imperial,2020-12-18,11,16,11,16,0,0,0,0,11,16,0,0,11,16,California
Imperial,2020-12-20,2,18,2,18,0,0,0,0,2,18,0,0,2,18,California
Imperial,2020-12-21,186,204,186,204,0,0,0,0,186,204,0,0,186,204,California
Imperial,2020-12-22,241,445,239,443,2,2,0,0,241,445,0,0,241,445,California
Imperial,2020-12-23,210,655,209,652,1,3,0,0,209,654,0,0,209,654,California
Imperial,2020-12-24,5,660,5,657,0,3,0,0,5,659,0,0,5,659,California
Imperial,2020-12-26,1,661,0,657,1,4,0,0,1,660,0,0,1,660,California
Imperial,2020-12-27,62,723,0,657,62,66,0,0,62,722,0,0,62,722,California
Imperial,2020-12-28,214,937,114,771,100,166,0,0,214,936,0,0,214,936,California
Imperial,2020-12-29,189,1126,36,807,153,319,0,0,189,1125,0,0,189,1125,California
Imperial,2020-12-30,366,1492,50,857,316,635,0,0,366,1491,0,0,366,1491,California
Imperial,2020-12-31,197,1689,26,883,171,806,0,0,197,1688,0,0,197,1688,California
Imperial,2021-01-01,46,1735,5,888,41,847,0,0,46,1734,0,0,46,1734,California
Imperial,2021-01-02,4,1739,0,888,4,851,0,0,4,1738,0,0,4,1738,California
Imperial,2021-01-03,90,1829,0,888,90,941,0,0,90,1828,0,0,90,1828,California
Imperial,2021-01-04,85,1914,5,893,80,1021,0,0,85,1913,0,0,85,1913,California
Imperial,2021-01-05,172,2086,13,906,159,1180,0,0,172,2085,0,0,172,2085,California
Imperial,2021-01-06,190,2276,25,931,165,1345,0,0,189,2273,1,1,189,2274,California
Imperial,2021-01-07,319,2595,9,940,310,1655,0,0,316,2586,3,4,316,2590,California
Imperial,2021-01-08,190,2785,50,990,140,1795,0,0,181,2758,9,13,181,2771,California
Imperial,2021-01-09,24,2809,21,1011,3,1798,0,0,24,2782,0,13,24,2795,California
Imperial,2021-01-10,1,2810,0,1011,1,1799,0,0,1,2783,0,13,1,2796,California
Imperial,2021-01-11,403,3213,244,1255,159,1958,0,0,175,2730,228,241,175,2971,California
Imperial,2021-01-12,404,3617,302,1557,102,2060,0,0,142,2611,261,502,142,3113,California
Imperial,2021-01-13,379,3996,132,1689,247,2307,0,0,280,2792,99,601,280,3393,California
Imperial,2021-01-14,260,4256,151,1840,109,2416,0,0,254,3041,5,606,254,3647,California
Imperial,2021-01-15,240,4496,182,2022,58,2474,0,0,233,3267,7,613,233,3880,California
Imperial,2021-01-16,77,4573,73,2095,4,2478,0,0,76,3342,1,614,76,3956,California
Imperial,2021-01-17,10,4583,2,2097,8,2486,0,0,10,3352,0,614,10,3966,California
Imperial,2021-01-18,1055,5638,400,2497,655,3141,0,0,957,4212,98,712,958,4924,California
Imperial,2021-01-19,165,5803,129,2626,36,3177,0,0,118,4283,47,759,118,5042,California
Imperial,2021-01-20,292,6095,195,2821,97,3274,0,0,254,4499,38,797,254,5296,California
Imperial,2021-01-21,415,6510,183,3004,232,3506,0,0,395,4874,20,817,395,5691,California
Imperial,2021-01-22,457,6967,189,3193,268,3774,0,0,448,5313,9,826,448,6139,California
Imperial,2021-01-23,1041,8008,290,3483,751,4525,0,0,1040,6352,1,827,1040,7179,California
Imperial,2021-01-24,11,8019,4,3487,7,4532,0,0,11,6363,0,827,11,7190,California
Imperial,2021-01-25,213,8232,5,3492,208,4740,0,0,34,6219,178,1005,34,7224,California
Imperial,2021-01-26,360,8592,185,3677,175,4915,0,0,217,6293,143,1148,217,7441,California
Imperial,2021-01-27,570,9162,162,3839,408,5323,0,0,237,6197,333,1481,237,7678,California
Imperial,2021-01-28,632,9794,159,3998,473,5796,0,0,525,6615,107,1588,525,8203,California
Imperial,2021-01-29,423,10217,296,4294,127,5923,0,0,373,6938,50,1638,373,8576,California
Imperial,2021-01-30,56,10273,31,4325,25,5948,0,0,39,6960,17,1655,39,8615,California
Imperial,2021-01-31,17,10290,7,4332,10,5958,0,0,16,6975,1,1656,16,8631,California
Imperial,2021-02-01,419,10709,53,4385,366,6324,0,0,208,6974,209,1865,208,8839,California
Imperial,2021-02-02,680,11389,54,4439,626,6950,0,0,499,7292,181,2046,499,9338,California
Imperial,2021-02-03,457,11846,48,4487,409,7359,0,0,264,7364,192,2238,264,9602,California
Imperial,2021-02-04,1720,13566,1200,5687,520,7879,0,0,1406,8458,312,2550,1406,11008,California
Imperial,2021-02-05,388,13954,240,5927,148,8027,0,0,152,8376,234,2784,152,11160,California
Imperial,2021-02-06,861,14815,838,6765,23,8050,0,0,824,9164,36,2820,824,11984,California
Imperial,2021-02-07,21,14836,9,6774,12,8062,0,0,20,9183,1,2821,20,12004,California
Imperial,2021-02-08,250,15086,42,6816,208,8270,0,0,182,9297,68,2889,182,12186,California
Imperial,2021-02-09,462,15548,146,6962,316,8586,0,0,304,9443,158,3047,304,12490,California
Imperial,2021-02-10,384,15932,56,7018,328,8914,0,0,94,9248,290,3337,95,12585,California
Imperial,2021-02-11,464,16396,259,7277,205,9119,0,0,89,8962,375,3712,89,12674,California
Imperial,2021-02-12,2130,18526,1411,8688,719,9838,0,0,1778,10389,351,4063,1778,14452,California
Imperial,2021-02-13,42,18568,18,8706,24,9862,0,0,34,10416,8,4071,35,14487,California
Imperial,2021-02-14,24,18592,12,8718,12,9874,0,0,21,10434,3,4074,21,14508,California
Imperial,2021-02-15,30,18622,10,8728,20,9894,0,0,23,10450,7,4081,23,14531,California
Imperial,2021-02-16,515,19137,267,8995,248,10142,0,0,293,10521,222,4303,293,14824,California
Imperial,2021-02-17,439,19576,285,9280,154,10296,0,0,83,10248,356,4659,83,14907,California
Imperial,2021-02-18,646,20222,308,9588,338,10634,0,0,140,9884,504,5163,140,15047,California
Imperial,2021-02-19,766,20988,381,9969,385,11019,0,0,192,9503,573,5736,192,15239,California
Imperial,2021-02-20,1039,22027,191,10160,848,11867,0,0,325,9117,713,6449,327,15566,California
Imperial,2021-02-21,588,22615,554,10714,34,11901,0,0,577,9684,10,6459,577,16143,California
Imperial,2021-02-22,809,23424,569,11283,240,12141,0,0,759,10393,50,6509,759,16902,California
Imperial,2021-02-23,957,24381,392,11675,565,12706,0,0,905,11246,52,6561,905,17807,California
Imperial,2021-02-24,699,25080,284,11959,415,13121,0,0,602,11752,96,6657,602,18409,California
Imperial,2021-02-25,815,25895,337,12296,478,13599,0,0,449,11841,365,7022,454,18863,California
Imperial,2021-02-26,1744,27639,1351,13647,393,13992,0,0,1569,13238,173,7195,1570,20433,California
Imperial,2021-02-27,859,28498,810,14457,49,14041,0,0,121,12622,738,7933,122,20555,California
Imperial,2021-02-28,30,28528,20,14477,10,14051,0,0,20,12632,10,7943,20,20575,California
Imperial,2021-03-01,493,29021,294,14771,198,14249,1,1,428,12999,63,8006,430,21005,California
Imperial,2021-03-02,673,29694,246,15017,427,14676,0,1,384,13096,289,8295,386,21391,California
Imperial,2021-03-03,925,30619,47,15064,877,15553,1,2,556,13298,366,8661,568,21959,California
Imperial,2021-03-04,746,31365,76,15140,669,16222,1,3,485,13554,259,8920,515,22474,California
Imperial,2021-03-05,2570,33935,1937,17077,633,16855,0,3,1245,13479,1322,10242,1247,23721,California
Imperial,2021-03-06,689,34624,237,17314,452,17307,0,3,648,14093,38,10280,652,24373,California
Imperial,2021-03-07,73,34697,40,17354,33,17340,0,3,53,14127,20,10300,54,24427,California
Imperial,2021-03-08,413,35110,330,17684,48,17388,35,38,361,14471,52,10352,396,24823,California
Imperial,2021-03-09,681,35791,310,17994,125,17513,246,284,397,14830,284,10636,643,25466,California
Imperial,2021-03-10,682,36473,312,18306,267,17780,103,387,319,14891,362,10998,423,25889,California
Imperial,2021-03-11,1788,38261,478,18784,1118,18898,192,579,1187,15681,600,11598,1390,27279,California
Imperial,2021-03-12,3701,41962,2539,21323,977,19875,185,764,2102,16372,1597,13195,2288,29567,California
Imperial,2021-03-13,1141,43103,90,21413,828,20703,223,987,855,17169,284,13479,1081,30648,California
Imperial,2021-03-14,169,43272,31,21444,126,20829,12,999,139,17291,30,13509,152,30800,California
Imperial,2021-03-15,670,43942,214,21658,198,21027,258,1257,374,17629,294,13803,632,31432,California
Imperial,2021-03-16,1070,45012,276,21934,341,21368,453,1710,533,18080,535,14338,986,32418,California
Imperial,2021-03-17,1572,46584,691,22625,744,22112,137,1847,994,18637,575,14913,1132,33550,California
Imperial,2021-03-18,1779,48363,1175,23800,544,22656,60,1907,1251,19424,526,15439,1313,34863,California
Imperial,2021-03-19,3337,51700,2446,26246,887,23543,4,1911,1500,19100,1829,17268,1505,36368,California
Imperial,2021-03-20,866,52566,551,26797,310,23853,5,1916,421,19091,441,17709,432,36800,California
Imperial,2021-03-21,217,52783,35,26832,178,24031,4,1920,159,19200,58,17767,167,36967,California
Imperial,2021-03-22,1046,53829,339,27171,700,24731,7,1927,623,19409,422,18189,631,37598,California
Imperial,2021-03-23,1389,55218,411,27582,971,25702,7,1934,889,19810,497,18686,898,38496,California
Imperial,2021-03-24,1870,57088,542,28124,901,26603,427,2361,900,20168,968,19654,1326,39822,California
Imperial,2021-03-25,2888,59976,505,28629,884,27487,1499,3860,1015,20808,1869,21523,2509,42331,California
Imperial,2021-03-26,2485,62461,879,29508,735,28222,871,4731,776,20753,1702,23225,1647,43978,California
Imperial,2021-03-27,593,63054,280,29788,261,28483,52,4783,433,21081,157,23382,485,44463,California
Imperial,2021-03-28,209,63263,51,29839,156,28639,2,4785,172,21219,36,23418,174,44637,California
Imperial,2021-03-29,1210,64473,346,30185,390,29029,474,5259,314,21114,894,24312,789,45426,California
Imperial,2021-03-30,1818,66291,675,30860,592,29621,551,5810,675,21198,1143,25455,1227,46653,California
Imperial,2021-03-31,1525,67816,714,31574,806,30427,5,5815,1008,21695,515,25970,1012,47665,California
Imperial,2021-04-01,1888,69704,464,32038,1182,31609,242,6057,815,21684,1067,27037,1056,48721,California
Imperial,2021-04-02,1261,70965,448,32486,739,32348,74,6131,746,21990,513,27550,819,49540,California
Imperial,2021-04-03,1494,72459,406,32892,1009,33357,79,6210,687,21953,803,28353,766,50306,California
Imperial,2021-04-04,84,72543,40,32932,28,33385,16,6226,25,21935,59,28412,41,50347,California
Imperial,2021-04-05,2110,74653,1279,34211,764,34149,67,6293,402,20704,1701,30113,470,50817,California
Imperial,2021-04-06,1289,75942,526,34737,574,34723,189,6482,678,20964,608,30721,868,51685,California
Imperial,2021-04-07,2147,78089,549,35286,1222,35945,376,6858,1537,22271,606,31327,1913,53598,California
Imperial,2021-04-08,2183,80272,1068,36354,821,36766,294,7152,1075,22534,1105,32432,1368,54966,California
Imperial,2021-04-09,2141,82413,632,36986,893,37659,616,7768,831,22674,1306,33738,1446,56412,California
Imperial,2021-04-10,1275,83688,183,37169,821,38480,271,8039,214,22098,1059,34797,483,56895,California
Imperial,2021-04-11,216,83904,29,37198,155,38635,32,8071,74,22062,142,34939,106,57001,California
Imperial,2021-04-12,1396,85300,761,37959,429,39064,206,8277,792,22463,600,35539,1001,58002,California
Imperial,2021-04-13,2266,87566,1443,39402,821,39885,2,8279,1587,23377,675,36214,1589,59591,California
Imperial,2021-04-14,1998,89564,940,40342,1058,40943,0,8279,1416,24217,577,36791,1417,61008,California
Imperial,2021-04-15,1923,91487,878,41220,1045,41988,0,8279,1343,24984,577,37368,1344,62352,California
Imperial,2021-04-16,2150,93637,1075,42295,1075,43063,0,8279,1271,25380,875,38243,1271,63623,California
Imperial,2021-04-17,1748,95385,877,43172,869,43932,2,8281,1366,26372,377,38620,1369,64992,California
Imperial,2021-04-18,250,95635,69,43241,181,44113,0,8281,90,26303,159,38779,90,65082,California
Imperial,2021-04-19,798,96433,250,43491,548,44661,0,8281,460,26430,337,39116,464,65546,California
Imperial,2021-04-20,1277,97710,513,44004,764,45425,0,8281,751,26658,523,39639,751,66297,California
Imperial,2021-04-21,1287,98997,324,44328,963,46388,0,8281,781,26936,503,40142,781,67078,California
Imperial,2021-04-22,1867,100864,771,45099,1096,47484,0,8281,1328,27732,534,40676,1330,68408,California
Imperial,2021-04-23,1500,102364,400,45499,1100,48584,0,8281,852,27948,640,41316,856,69264,California
Imperial,2021-04-24,516,102880,301,45800,215,48799,0,8281,203,27840,311,41627,203,69467,California
Imperial,2021-04-25,263,103143,96,45896,167,48966,0,8281,135,27848,127,41754,135,69602,California
Imperial,2021-04-26,985,104128,435,46331,547,49513,3,8284,652,28172,331,42085,655,70257,California
Imperial,2021-04-27,916,105044,337,46668,571,50084,8,8292,472,28208,444,42529,480,70737,California
Imperial,2021-04-28,1206,106250,509,47177,671,50755,26,8318,609,28249,594,43123,635,71372,California
Imperial,2021-04-29,1574,107824,752,47929,803,51558,19,8337,706,28113,862,43985,726,72098,California
Imperial,2021-04-30,1061,108885,569,48498,471,52029,21,8358,818,28714,238,44223,839,72937,California
Imperial,2021-05-01,155,109040,103,48601,50,52079,2,8360,118,28797,37,44260,120,73057,California
Imperial,2021-05-02,30,109070,6,48607,22,52101,2,8362,24,28817,6,44266,26,73083,California
Imperial,2021-05-03,1075,110145,431,49038,608,52709,36,8398,220,28226,850,45116,259,73342,California
Inyo,2020-12-19,85,85,85,85,0,0,0,0,85,85,0,0,85,85,California
Inyo,2020-12-20,58,143,58,143,0,0,0,0,58,143,0,0,58,143,California
Inyo,2020-12-21,88,231,85,228,3,3,0,0,88,231,0,0,88,231,California
Inyo,2020-12-22,105,336,105,333,0,3,0,0,105,336,0,0,105,336,California
Inyo,2020-12-23,70,406,67,400,3,6,0,0,70,406,0,0,70,406,California
Inyo,2020-12-24,16,422,16,416,0,6,0,0,16,422,0,0,16,422,California
Inyo,2020-12-25,1,423,0,416,1,7,0,0,1,423,0,0,1,423,California
Inyo,2020-12-26,74,497,74,490,0,7,0,0,74,497,0,0,74,497,California
Inyo,2020-12-28,48,545,36,526,12,19,0,0,48,545,0,0,48,545,California
Inyo,2020-12-29,20,565,20,546,0,19,0,0,20,565,0,0,20,565,California
Inyo,2020-12-30,56,621,54,600,2,21,0,0,56,621,0,0,56,621,California
Inyo,2020-12-31,29,650,0,600,29,50,0,0,29,650,0,0,29,650,California
Inyo,2021-01-01,1,651,0,600,1,51,0,0,1,651,0,0,1,651,California
Inyo,2021-01-03,1,652,0,600,1,52,0,0,1,652,0,0,1,652,California
Inyo,2021-01-04,1,653,1,601,0,52,0,0,1,653,0,0,1,653,California
Inyo,2021-01-05,34,687,0,601,34,86,0,0,34,687,0,0,34,687,California
Inyo,2021-01-06,68,755,0,601,68,154,0,0,68,755,0,0,68,755,California
Inyo,2021-01-07,31,786,1,602,30,184,0,0,31,786,0,0,31,786,California
Inyo,2021-01-08,9,795,8,610,1,185,0,0,4,786,5,5,5,791,California
Inyo,2021-01-09,87,882,86,696,1,186,0,0,1,701,86,91,1,792,California
Inyo,2021-01-10,52,934,52,748,0,186,0,0,0,649,52,143,0,792,California
Inyo,2021-01-11,97,1031,82,830,15,201,0,0,16,584,81,224,16,808,California
Inyo,2021-01-12,139,1170,118,948,21,222,0,0,28,501,111,335,28,836,California
Inyo,2021-01-13,86,1256,68,1016,18,240,0,0,21,458,65,400,22,858,California
Inyo,2021-01-14,59,1315,13,1029,46,286,0,0,49,497,10,410,49,907,California
Inyo,2021-01-15,163,1478,28,1057,135,421,0,0,163,660,0,410,163,1070,California
Inyo,2021-01-16,74,1552,73,1130,1,422,0,0,1,588,73,483,1,1071,California
Inyo,2021-01-18,58,1610,36,1166,22,444,0,0,19,568,39,522,19,1090,California
Inyo,2021-01-19,115,1725,72,1238,43,487,0,0,99,651,16,538,99,1189,California
Inyo,2021-01-20,146,1871,70,1308,76,563,0,0,92,689,54,592,92,1281,California
Inyo,2021-01-21,121,1992,57,1365,64,627,0,0,120,808,1,593,120,1401,California
Inyo,2021-01-22,62,2054,0,1365,62,689,0,0,61,868,1,594,61,1462,California
Inyo,2021-01-23,52,2106,52,1417,0,689,0,0,52,920,0,594,52,1514,California
Inyo,2021-01-25,49,2155,6,1423,43,732,0,0,37,945,12,606,37,1551,California
Inyo,2021-01-26,135,2290,54,1477,81,813,0,0,129,1068,6,612,129,1680,California
Inyo,2021-01-27,23,2313,2,1479,21,834,0,0,22,1089,1,613,22,1702,California
Inyo,2021-01-28,92,2405,2,1481,90,924,0,0,63,1123,29,642,63,1765,California
Inyo,2021-01-29,25,2430,3,1484,22,946,0,0,23,1144,2,644,23,1788,California
Inyo,2021-01-30,11,2441,1,1485,10,956,0,0,11,1155,0,644,11,1799,California
Inyo,2021-01-31,32,2473,4,1489,28,984,0,0,4,1131,28,672,4,1803,California
Inyo,2021-02-01,11,2484,9,1498,2,986,0,0,1,1122,10,682,1,1804,California
Inyo,2021-02-02,130,2614,14,1512,116,1102,0,0,104,1200,26,708,104,1908,California
Inyo,2021-02-03,116,2730,0,1512,116,1218,0,0,74,1232,42,750,74,1982,California
Inyo,2021-02-04,149,2879,31,1543,118,1336,0,0,90,1263,59,809,90,2072,California
Inyo,2021-02-05,118,2997,62,1605,56,1392,0,0,116,1377,2,811,116,2188,California
Inyo,2021-02-06,4,3001,2,1607,2,1394,0,0,3,1379,1,812,3,2191,California
Inyo,2021-02-07,4,3005,2,1609,2,1396,0,0,4,1383,0,812,4,2195,California
Inyo,2021-02-08,117,3122,7,1616,110,1506,0,0,97,1460,20,832,97,2292,California
Inyo,2021-02-09,194,3316,51,1667,143,1649,0,0,123,1512,71,903,123,2415,California
Inyo,2021-02-10,143,3459,18,1685,125,1774,0,0,109,1587,34,937,109,2524,California
Inyo,2021-02-11,220,3679,56,1741,164,1938,0,0,126,1619,94,1031,126,2650,California
Inyo,2021-02-12,298,3977,51,1792,247,2185,0,0,167,1655,131,1162,167,2817,California
Inyo,2021-02-13,60,4037,55,1847,5,2190,0,0,8,1611,52,1214,8,2825,California
Inyo,2021-02-14,1,4038,0,1847,1,2191,0,0,1,1612,0,1214,1,2826,California
Inyo,2021-02-15,29,4067,9,1856,20,2211,0,0,5,1593,24,1238,5,2831,California
Inyo,2021-02-16,180,4247,50,1906,130,2341,0,0,92,1597,88,1326,92,2923,California
Inyo,2021-02-17,37,4284,4,1910,33,2374,0,0,7,1574,30,1356,7,2930,California
Inyo,2021-02-18,123,4407,6,1916,117,2491,0,0,79,1609,44,1400,79,3009,California
Inyo,2021-02-19,52,4459,4,1920,48,2539,0,0,9,1575,43,1443,9,3018,California
Inyo,2021-02-20,504,4963,500,2420,4,2543,0,0,502,2075,2,1445,502,3520,California
Inyo,2021-02-21,267,5230,267,2687,0,2543,0,0,267,2342,0,1445,267,3787,California
Inyo,2021-02-22,61,5291,19,2706,42,2585,0,0,27,2335,34,1479,27,3814,California
Inyo,2021-02-23,198,5489,20,2726,178,2763,0,0,94,2326,103,1582,94,3908,California
Inyo,2021-02-24,117,5606,0,2726,117,2880,0,0,57,2323,60,1642,57,3965,California
Inyo,2021-02-25,130,5736,3,2729,127,3007,0,0,62,2317,68,1710,62,4027,California
Inyo,2021-02-26,104,5840,61,2790,43,3050,0,0,19,2251,85,1795,19,4046,California
Inyo,2021-02-27,15,5855,4,2794,11,3061,0,0,3,2242,12,1807,3,4049,California
Inyo,2021-02-28,3,5858,1,2795,2,3063,0,0,2,2243,1,1808,2,4051,California
Inyo,2021-03-01,20,5878,2,2797,18,3081,0,0,17,2257,3,1811,17,4068,California
Inyo,2021-03-02,196,6074,1,2798,195,3276,0,0,111,2283,85,1896,111,4179,California
Inyo,2021-03-03,83,6157,2,2800,81,3357,0,0,40,2280,43,1939,40,4219,California
Inyo,2021-03-04,128,6285,4,2804,124,3481,0,0,46,2244,82,2021,46,4265,California
Inyo,2021-03-05,141,6426,56,2860,85,3566,0,0,38,2179,103,2124,38,4303,California
Inyo,2021-03-06,31,6457,1,2861,30,3596,0,0,30,2208,1,2125,30,4333,California
Inyo,2021-03-07,7,6464,4,2865,3,3599,0,0,5,2211,2,2127,5,4338,California
Inyo,2021-03-08,182,6646,5,2870,177,3776,0,0,91,2211,91,2218,91,4429,California
Inyo,2021-03-09,186,6832,2,2872,184,3960,0,0,71,2167,115,2333,71,4500,California
Inyo,2021-03-10,70,6902,8,2880,61,4021,1,1,30,2158,40,2373,31,4531,California
Inyo,2021-03-11,203,7105,1,2881,197,4218,5,6,73,2106,130,2503,78,4609,California
Inyo,2021-03-12,175,7280,4,2885,166,4384,5,11,77,2090,98,2601,82,4691,California
Inyo,2021-03-13,576,7856,541,3426,25,4409,10,21,77,1679,498,3099,87,4778,California
Inyo,2021-03-14,431,8287,430,3856,1,4410,0,21,168,1585,262,3361,168,4946,California
Inyo,2021-03-15,51,8338,15,3871,34,4444,2,23,30,1596,21,3382,32,4978,California
Inyo,2021-03-16,163,8501,4,3875,153,4597,6,29,63,1566,99,3481,69,5047,California
Inyo,2021-03-17,107,8608,3,3878,97,4694,7,36,92,1650,15,3496,99,5146,California
Inyo,2021-03-18,183,8791,15,3893,161,4855,7,43,103,1680,80,3576,110,5256,California
Inyo,2021-03-19,46,8837,4,3897,38,4893,4,47,36,1710,10,3586,40,5296,California
Inyo,2021-03-20,20,8857,1,3898,10,4903,9,56,1,1701,19,3605,10,5306,California
Inyo,2021-03-22,59,8916,2,3900,52,4955,5,61,39,1725,20,3625,44,5350,California
Inyo,2021-03-23,194,9110,4,3904,186,5141,4,65,104,1743,90,3715,108,5458,California
Inyo,2021-03-24,140,9250,3,3907,133,5274,4,69,87,1781,53,3768,91,5549,California
Inyo,2021-03-25,325,9575,104,4011,217,5491,4,73,259,1978,66,3834,263,5812,California
Inyo,2021-03-26,91,9666,3,4014,84,5575,4,77,71,2033,20,3854,75,5887,California
Inyo,2021-03-27,52,9718,44,4058,5,5580,3,80,46,2076,6,3860,49,5936,California
Inyo,2021-03-28,4,9722,1,4059,2,5582,1,81,1,2075,3,3863,2,5938,California
Inyo,2021-03-29,109,9831,2,4061,102,5684,5,86,82,2136,26,3889,87,6025,California
Inyo,2021-03-30,211,10042,2,4063,204,5888,5,91,101,2132,110,3999,106,6131,California
Inyo,2021-03-31,147,10189,4,4067,138,6026,5,96,106,2202,41,4040,111,6242,California
Inyo,2021-04-01,164,10353,4,4071,159,6185,1,97,115,2269,49,4089,116,6358,California
Inyo,2021-04-02,81,10434,1,4072,78,6263,2,99,52,2294,29,4118,54,6412,California
Inyo,2021-04-03,94,10528,47,4119,33,6296,14,113,6,2227,86,4204,19,6431,California
Inyo,2021-04-04,5,10533,4,4123,0,6296,1,114,1,2225,4,4208,2,6433,California
Inyo,2021-04-05,117,10650,1,4124,112,6408,4,118,29,2170,88,4296,33,6466,California
Inyo,2021-04-06,235,10885,6,4130,166,6574,63,181,104,2206,131,4427,167,6633,California
Inyo,2021-04-07,200,11085,2,4132,72,6646,126,307,44,2220,156,4583,170,6803,California
Inyo,2021-04-08,177,11262,15,4147,145,6791,17,324,80,2220,97,4680,97,6900,California
Inyo,2021-04-09,124,11386,6,4153,95,6886,23,347,37,2194,86,4766,60,6960,California
Inyo,2021-04-10,42,11428,1,4154,24,6910,17,364,3,2175,39,4805,20,6980,California
Inyo,2021-04-11,1,11429,0,4154,1,6911,0,364,1,2176,0,4805,1,6981,California
Inyo,2021-04-12,80,11509,0,4154,75,6986,5,369,41,2183,39,4844,46,7027,California
Inyo,2021-04-13,119,11628,3,4157,113,7099,3,372,61,2190,57,4901,64,7091,California
Inyo,2021-04-14,121,11749,2,4159,119,7218,0,372,38,2145,83,4984,38,7129,California
Inyo,2021-04-15,261,12010,102,4261,159,7377,0,372,82,2048,179,5163,82,7211,California
Inyo,2021-04-16,49,12059,6,4267,43,7420,0,372,21,2041,28,5191,21,7232,California
Inyo,2021-04-17,2,12061,1,4268,1,7421,0,372,1,2041,1,5192,1,7233,California
Inyo,2021-04-19,130,12191,43,4311,87,7508,0,372,44,1999,86,5278,44,7277,California
Inyo,2021-04-20,164,12355,3,4314,161,7669,0,372,81,1997,83,5361,81,7358,California
Inyo,2021-04-21,113,12468,4,4318,109,7778,0,372,32,1948,81,5442,32,7390,California
Inyo,2021-04-22,195,12663,1,4319,194,7972,0,372,52,1857,143,5585,52,7442,California
Inyo,2021-04-23,95,12758,4,4323,91,8063,0,372,22,1806,73,5658,22,7464,California
Inyo,2021-04-24,310,13068,309,4632,1,8064,0,372,305,2106,5,5663,305,7769,California
Inyo,2021-04-25,135,13203,134,4766,1,8065,0,372,135,2241,0,5663,135,7904,California
Inyo,2021-04-26,67,13270,0,4766,66,8131,1,373,8,2191,59,5722,9,7913,California
Inyo,2021-04-27,160,13430,7,4773,148,8279,5,378,47,2130,113,5835,52,7965,California
Inyo,2021-04-28,113,13543,2,4775,111,8390,0,378,17,2051,96,5931,17,7982,California
Inyo,2021-04-29,162,13705,51,4826,110,8500,1,379,74,2038,88,6019,75,8057,California
Inyo,2021-04-30,38,13743,4,4830,32,8532,2,381,13,2028,25,6044,15,8072,California
Inyo,2021-05-01,11,13754,3,4833,8,8540,0,381,9,2035,2,6046,9,8081,California
Inyo,2021-05-02,5,13759,1,4834,2,8542,2,383,3,2038,2,6048,5,8086,California
Inyo,2021-05-03,18,13777,2,4836,15,8557,1,384,8,2037,10,6058,9,8095,California
Kern,2020-12-15,1,1,1,1,0,0,0,0,1,1,0,0,1,1,California
Kern,2020-12-16,18,19,18,19,0,0,0,0,18,19,0,0,18,19,California
Kern,2020-12-17,163,182,163,182,0,0,0,0,163,182,0,0,163,182,California
Kern,2020-12-18,322,504,322,504,0,0,0,0,322,504,0,0,322,504,California
Kern,2020-12-19,98,602,98,602,0,0,0,0,99,603,0,0,99,603,California
Kern,2020-12-20,61,663,61,663,0,0,0,0,61,664,0,0,61,664,California
Kern,2020-12-21,671,1334,670,1333,1,1,0,0,671,1335,0,0,671,1335,California
Kern,2020-12-22,531,1865,528,1861,3,4,0,0,531,1866,0,0,531,1866,California
Kern,2020-12-23,558,2423,419,2280,139,143,0,0,558,2424,0,0,558,2424,California
Kern,2020-12-24,122,2545,43,2323,79,222,0,0,122,2546,0,0,122,2546,California
Kern,2020-12-25,1,2546,1,2324,0,222,0,0,1,2547,0,0,1,2547,California
Kern,2020-12-26,33,2579,1,2325,32,254,0,0,33,2580,0,0,33,2580,California
Kern,2020-12-27,35,2614,3,2328,32,286,0,0,35,2615,0,0,35,2615,California
Kern,2020-12-28,824,3438,660,2988,164,450,0,0,824,3439,0,0,824,3439,California
Kern,2020-12-29,745,4183,452,3440,293,743,0,0,744,4182,1,1,744,4183,California
Kern,2020-12-30,1200,5383,908,4348,292,1035,0,0,1200,5382,0,1,1200,5383,California
Kern,2020-12-31,277,5660,99,4447,178,1213,0,0,277,5659,0,1,277,5660,California
Kern,2021-01-01,13,5673,6,4453,7,1220,0,0,13,5672,0,1,13,5673,California
Kern,2021-01-02,78,5751,18,4471,60,1280,0,0,78,5750,0,1,78,5751,California
Kern,2021-01-03,23,5774,4,4475,19,1299,0,0,23,5773,0,1,23,5774,California
Kern,2021-01-04,553,6327,360,4835,193,1492,0,0,553,6326,0,1,553,6327,California
Kern,2021-01-05,1133,7460,738,5573,395,1887,0,0,1121,7435,12,13,1121,7448,California
Kern,2021-01-06,1166,8626,455,6028,711,2598,0,0,1136,8541,30,43,1136,8584,California
Kern,2021-01-07,1406,10032,493,6521,913,3511,0,0,1238,9612,167,210,1238,9822,California
Kern,2021-01-08,1628,11660,768,7289,860,4371,0,0,1330,10644,299,509,1331,11153,California
Kern,2021-01-09,225,11885,76,7365,149,4520,0,0,191,10801,34,543,191,11344,California
Kern,2021-01-10,194,12079,147,7512,47,4567,0,0,153,10913,41,584,153,11497,California
Kern,2021-01-11,1554,13633,983,8495,571,5138,0,0,999,11357,555,1139,999,12496,California
Kern,2021-01-12,1869,15502,810,9305,1059,6197,0,0,1358,12204,511,1650,1358,13854,California
Kern,2021-01-13,1853,17355,869,10174,984,7181,0,0,1431,13213,422,2072,1431,15285,California
Kern,2021-01-14,2182,19537,645,10819,1537,8718,0,0,2137,15304,46,2118,2137,17422,California
Kern,2021-01-15,2701,22238,857,11676,1844,10562,0,0,2604,17814,95,2213,2605,20027,California
Kern,2021-01-16,671,22909,213,11889,458,11020,0,0,636,18415,35,2248,636,20663,California
Kern,2021-01-17,73,22982,7,11896,66,11086,0,0,71,18484,2,2250,71,20734,California
Kern,2021-01-18,1642,24624,657,12553,985,12071,0,0,1474,19790,168,2418,1474,22208,California
Kern,2021-01-19,1851,26475,1032,13585,819,12890,0,0,1384,20708,467,2885,1385,23593,California
Kern,2021-01-20,2448,28923,1514,15099,934,13824,0,0,1823,21913,620,3505,1825,25418,California
Kern,2021-01-21,2168,31091,921,16020,1247,15071,0,0,1971,23688,196,3701,1971,27389,California
Kern,2021-01-22,2707,33798,1288,17308,1419,16490,0,0,2431,25844,275,3976,2431,29820,California
Kern,2021-01-23,1245,35043,535,17843,710,17200,0,0,1199,26997,46,4022,1199,31019,California
Kern,2021-01-24,160,35203,18,17861,142,17342,0,0,154,27145,6,4028,154,31173,California
Kern,2021-01-25,2383,37586,1084,18945,1299,18641,0,0,1900,28564,482,4510,1901,33074,California
Kern,2021-01-26,2766,40352,1126,20071,1640,20281,0,0,1910,29619,855,5365,1910,34984,California
Kern,2021-01-27,3558,43910,1901,21972,1657,21938,0,0,2858,31780,697,6062,2858,37842,California
Kern,2021-01-28,2861,46771,1352,23324,1509,23447,0,0,2428,33783,428,6490,2431,40273,California
Kern,2021-01-29,3768,50539,1802,25126,1966,25413,0,0,3225,36468,540,7030,3225,43498,California
Kern,2021-01-30,1324,51863,496,25622,828,26241,0,0,1277,37700,45,7075,1277,44775,California
Kern,2021-01-31,402,52265,275,25897,127,26368,0,0,267,37832,135,7210,267,45042,California
Kern,2021-02-01,2409,54674,818,26715,1591,27959,0,0,1858,39143,548,7758,1859,46901,California
Kern,2021-02-02,2922,57596,973,27688,1949,29908,0,0,2059,40340,863,8621,2060,48961,California
Kern,2021-02-03,3653,61249,1548,29236,2105,32013,0,0,2686,42066,960,9581,2686,51647,California
Kern,2021-02-04,3803,65052,1452,30688,2351,34364,0,0,2588,43450,1204,10785,2588,54235,California
Kern,2021-02-05,4847,69899,1988,32676,2859,37223,0,0,3089,44800,1739,12524,3089,57324,California
Kern,2021-02-06,1734,71633,766,33442,968,38191,0,0,1511,46091,220,12744,1511,58835,California
Kern,2021-02-07,284,71917,151,33593,133,38324,0,0,268,46345,14,12758,268,59103,California
Kern,2021-02-08,2560,74477,787,34380,1773,40097,0,0,1256,46316,1286,14044,1257,60360,California
Kern,2021-02-09,3038,77515,986,35366,2052,42149,0,0,1469,46223,1562,15606,1469,61829,California
Kern,2021-02-10,3783,81298,1657,37023,2126,44275,0,0,1895,46247,1872,17478,1896,63725,California
Kern,2021-02-11,4258,85556,1538,38561,2720,46995,0,0,2226,46454,2019,19497,2226,65951,California
Kern,2021-02-12,4947,90503,1890,40451,3057,50052,0,0,2481,46483,2452,21949,2481,68432,California
Kern,2021-02-13,2008,92511,726,41177,1282,51334,0,0,1165,46807,841,22790,1165,69597,California
Kern,2021-02-14,351,92862,12,41189,339,51673,0,0,270,46997,80,22870,270,69867,California
Kern,2021-02-15,2738,95600,889,42078,1849,53522,0,0,1209,46685,1521,24391,1209,71076,California
Kern,2021-02-16,2944,98544,720,42798,2224,55746,0,0,1655,47062,1279,25670,1656,72732,California
Kern,2021-02-17,4067,102611,2077,44875,1990,57736,0,0,1930,46861,2132,27802,1931,74663,California
Kern,2021-02-18,3750,106361,1480,46355,2270,60006,0,0,1617,46358,2120,29922,1617,76280,California
Kern,2021-02-19,4197,110558,1916,48271,2281,62287,0,0,1741,45651,2448,32370,1741,78021,California
Kern,2021-02-20,2570,113128,967,49238,1603,63890,0,0,1339,45762,1228,33598,1339,79360,California
Kern,2021-02-21,247,113375,141,49379,106,63996,0,0,86,45689,159,33757,86,79446,California
Kern,2021-02-22,2656,116031,1148,50527,1508,65504,0,0,1424,45886,1227,34984,1424,80870,California
Kern,2021-02-23,3542,119573,1121,51648,2421,67925,0,0,1975,46297,1565,36549,1976,82846,California
Kern,2021-02-24,5163,124736,2267,53915,2896,70821,0,0,3077,47292,2082,38631,3077,85923,California
Kern,2021-02-25,5353,130089,2446,56361,2907,73728,0,0,3176,48309,2159,40790,3176,89099,California
Kern,2021-02-26,6884,136973,3518,59879,3366,77094,0,0,4357,50147,2520,43310,4358,93457,California
Kern,2021-02-27,3853,140826,1892,61771,1961,79055,0,0,2517,51335,1329,44639,2517,95974,California
Kern,2021-02-28,909,141735,498,62269,410,79465,1,1,690,51809,217,44856,691,96665,California
Kern,2021-03-01,3986,145721,1807,64076,2178,81643,1,2,2692,53216,1286,46142,2693,99358,California
Kern,2021-03-02,4370,150091,1373,65449,2996,84639,1,3,2866,54589,1493,47635,2866,102224,California
Kern,2021-03-03,5799,155890,2700,68149,3099,87738,0,3,3713,56231,2072,49707,3714,105938,California
Kern,2021-03-04,5553,161443,2161,70310,3389,91127,3,6,3557,57808,1982,51689,3559,109497,California
Kern,2021-03-05,6465,167908,2667,72977,3781,94908,17,23,4044,59456,2413,54102,4061,113558,California
Kern,2021-03-06,4711,172619,1911,74888,2699,97607,101,124,3445,61743,1258,55360,3545,117103,California
Kern,2021-03-07,2043,174662,1584,76472,410,98017,49,173,1852,63454,190,55550,1901,119004,California
Kern,2021-03-08,2808,177470,852,77324,1743,99760,213,386,1463,63786,1342,56892,1674,120678,California
Kern,2021-03-09,3622,181092,786,78110,2453,102213,383,769,2230,65009,1387,58279,2610,123288,California
Kern,2021-03-10,6021,187113,2466,80576,2484,104697,1071,1840,3502,67073,2508,60787,4572,127860,California
Kern,2021-03-11,6285,193398,2409,82985,2850,107547,1026,2866,3730,69283,2544,63331,4754,132614,California
Kern,2021-03-12,7657,201055,2919,85904,3386,110933,1352,4218,4153,71285,3494,66825,5496,138110,California
Kern,2021-03-13,4424,205479,2300,88204,1789,112722,335,4553,3006,73208,1412,68237,3335,141445,California
Kern,2021-03-14,2187,207666,1413,89617,534,113256,240,4793,1672,74602,515,68752,1909,143354,California
Kern,2021-03-15,4241,211907,1082,90699,2447,115703,712,5505,2175,75431,2055,70807,2884,146238,California
Kern,2021-03-16,4328,216235,1005,91704,2795,118498,528,6033,2327,76291,1992,72799,2852,149090,California
Kern,2021-03-17,7235,223470,3804,95508,2874,121372,557,6590,4300,78222,2924,75723,4855,153945,California
Kern,2021-03-18,6978,230448,3395,98903,3003,124375,580,7170,4153,80145,2806,78529,4729,158674,California
Kern,2021-03-19,8745,239193,4765,103668,3331,127706,649,7819,4546,81148,4186,82715,5189,163863,California
Kern,2021-03-20,5936,245129,3590,107258,2172,129878,174,7993,3815,83026,2112,84827,3990,167853,California
Kern,2021-03-21,2866,247995,1753,109011,236,130114,877,8870,1687,84416,1174,86001,2564,170417,California
Kern,2021-03-22,3936,251931,1537,110548,2043,132157,356,9226,1916,84676,2012,88013,2272,172689,California
Kern,2021-03-23,4699,256630,1656,112204,2845,135002,198,9424,2494,85190,2176,90189,2690,175379,California
Kern,2021-03-24,6987,263617,3507,115711,3008,138010,472,9896,3663,86013,3310,93499,4133,179512,California
Kern,2021-03-25,6620,270237,2879,118590,3413,141423,328,10224,3268,86270,3336,96835,3593,183105,California
Kern,2021-03-26,9576,279813,4152,122742,4170,145593,1254,11478,4744,87450,4816,101651,5996,189101,California
Kern,2021-03-27,5438,285251,3743,126485,1568,147161,127,11605,3302,88745,2134,103785,3429,192530,California
Kern,2021-03-28,4320,289571,3832,130317,474,147635,14,11619,2769,89978,1550,105335,2783,195313,California
Kern,2021-03-29,4189,293760,1637,131954,2274,149909,278,11897,2607,91290,1571,106906,2883,198196,California
Kern,2021-03-30,5508,299268,1821,133775,3307,153216,380,12277,3068,92300,2436,109342,3446,201642,California
Kern,2021-03-31,8078,307346,4246,138021,3187,156403,645,12922,4261,93397,3807,113149,4904,206546,California
Kern,2021-04-01,7586,314932,3633,141654,3656,160059,297,13219,4093,94304,3479,116628,4386,210932,California
Kern,2021-04-02,8127,323059,4183,145837,3341,163400,603,13822,4075,94941,4037,120665,4674,215606,California
Kern,2021-04-03,5680,328739,3385,149222,2113,165513,182,14004,2593,94634,3080,123745,2773,218379,California
Kern,2021-04-04,1331,330070,865,150087,382,165895,84,14088,550,94489,779,124524,634,219013,California
Kern,2021-04-05,5311,335381,2192,152279,2354,168249,765,14853,2884,95700,2417,126941,3628,222641,California
Kern,2021-04-06,6883,342264,2458,154737,3213,171462,1212,16065,3602,97250,3262,130203,4812,227453,California
Kern,2021-04-07,9192,351456,5347,160084,2890,174352,955,17020,4597,98222,4579,134782,5551,233004,California
Kern,2021-04-08,8568,360024,4737,164821,2931,177283,900,17920,3920,98416,4625,139407,4819,237823,California
Kern,2021-04-09,9810,369834,5087,169908,3742,181025,981,18901,4358,98321,5431,144838,5336,243159,California
Kern,2021-04-10,6521,376355,3430,173338,1854,182879,1237,20138,2298,97636,4214,149052,3529,246688,California
Kern,2021-04-11,3762,380117,2887,176225,358,183237,517,20655,1427,97254,2323,151375,1941,248629,California
Kern,2021-04-12,4343,384460,978,177203,2398,185635,967,21622,1557,97005,2771,154146,2522,251151,California
Kern,2021-04-13,4261,388721,1409,178612,2827,188462,25,21647,2124,97028,2127,156273,2150,253301,California
Kern,2021-04-14,6013,394734,2955,181567,3036,191498,22,21669,3059,97169,2939,159212,3080,256381,California
Kern,2021-04-15,5197,399931,2434,184001,2761,194259,2,21671,2500,96987,2684,161896,2502,258883,California
Kern,2021-04-16,6944,406875,3432,187433,3511,197770,1,21672,3027,96120,3896,165792,3029,261912,California
Kern,2021-04-17,5888,412763,3846,191279,2042,199812,0,21672,2250,94744,3627,169419,2251,264163,California
Kern,2021-04-18,3620,416383,3384,194663,236,200048,0,21672,1055,93240,2559,171978,1055,265218,California
Kern,2021-04-19,3799,420182,1725,196388,2073,202121,1,21673,1439,92338,2341,174319,1439,266657,California
Kern,2021-04-20,4263,424445,1529,197917,2733,204854,1,21674,1639,91366,2613,176932,1641,268298,California
Kern,2021-04-21,5835,430280,3121,201038,2709,207563,5,21679,2270,90094,3546,180478,2274,270572,California
Kern,2021-04-22,4774,435054,2305,203343,2469,210032,0,21679,1776,88894,2977,183455,1777,272349,California
Kern,2021-04-23,5809,440863,2913,206256,2895,212927,1,21680,1954,87028,3822,187277,1956,274305,California
Kern,2021-04-24,3926,444789,2728,208984,1188,214115,10,21690,1482,86090,2430,189707,1492,275797,California
Kern,2021-04-25,1340,446129,1064,210048,276,214391,0,21690,772,86299,563,190270,772,276569,California
Kern,2021-04-26,3624,449753,1750,211798,1821,216212,53,21743,995,84726,2621,192891,1048,277617,California
Kern,2021-04-27,4456,454209,2183,213981,2171,218383,102,21845,1327,83036,3115,196006,1425,279042,California
Kern,2021-04-28,5672,459881,3266,217247,2287,220670,119,21964,1672,80836,3989,199995,1789,280831,California
Kern,2021-04-29,4602,464483,2530,219777,1992,222662,80,22044,1323,78979,3261,203256,1404,282235,California
Kern,2021-04-30,4334,468817,2576,222353,1630,224292,128,22172,1149,77083,3173,206429,1277,283512,California
Kern,2021-05-01,2186,471003,1613,223966,534,224826,39,22211,802,76545,1379,207808,841,284353,California
Kern,2021-05-02,1610,472613,1472,225438,131,224957,7,22218,602,76151,1003,208811,609,284962,California
Kern,2021-05-03,1821,474434,715,226153,1018,225975,88,22306,586,75604,1222,210033,675,285637,California
Kings,2020-12-16,1,1,1,1,0,0,0,0,1,1,0,0,1,1,California
Kings,2020-12-17,8,9,8,9,0,0,0,0,8,9,0,0,8,9,California
Kings,2020-12-18,12,21,12,21,0,0,0,0,12,21,0,0,12,21,California
Kings,2020-12-19,11,32,11,32,0,0,0,0,11,32,0,0,11,32,California
Kings,2020-12-20,13,45,13,45,0,0,0,0,13,45,0,0,13,45,California
Kings,2020-12-21,156,201,156,201,0,0,0,0,269,314,0,0,269,314,California
Kings,2020-12-22,143,344,143,344,0,0,0,0,140,454,0,0,140,454,California
Kings,2020-12-23,134,478,122,466,12,12,0,0,135,589,0,0,135,589,California
Kings,2020-12-24,11,489,9,475,2,14,0,0,11,600,0,0,11,600,California
Kings,2020-12-26,7,496,4,479,3,17,0,0,7,607,0,0,7,607,California
Kings,2020-12-27,4,500,4,483,0,17,0,0,4,611,0,0,4,611,California
Kings,2020-12-28,131,631,103,586,28,45,0,0,132,743,0,0,132,743,California
Kings,2020-12-29,78,709,51,637,27,72,0,0,79,822,0,0,79,822,California
Kings,2020-12-30,147,856,108,745,39,111,0,0,147,969,0,0,147,969,California
Kings,2020-12-31,45,901,6,751,39,150,0,0,45,1014,0,0,45,1014,California
Kings,2021-01-01,1,902,0,751,1,151,0,0,1,1015,0,0,1,1015,California
Kings,2021-01-02,10,912,9,760,1,152,0,0,10,1025,0,0,10,1025,California
Kings,2021-01-04,112,1024,42,802,70,222,0,0,112,1137,0,0,112,1137,California
Kings,2021-01-05,196,1220,39,841,157,379,0,0,196,1333,0,0,196,1333,California
Kings,2021-01-06,276,1496,177,1018,99,478,0,0,273,1603,3,3,273,1606,California
Kings,2021-01-07,178,1674,81,1099,97,575,0,0,170,1765,8,11,170,1776,California
Kings,2021-01-08,247,1921,54,1153,193,768,0,0,228,1974,19,30,228,2004,California
Kings,2021-01-09,63,1984,9,1162,54,822,0,0,55,2021,8,38,55,2059,California
Kings,2021-01-10,15,1999,3,1165,12,834,0,0,12,2030,3,41,12,2071,California
Kings,2021-01-11,518,2517,354,1519,164,998,0,0,276,2065,242,283,277,2348,California
Kings,2021-01-12,350,2867,253,1772,97,1095,0,0,216,2150,131,414,216,2564,California
Kings,2021-01-13,414,3281,267,2039,147,1242,0,0,323,2382,91,505,323,2887,California
Kings,2021-01-14,208,3489,31,2070,177,1419,0,0,198,2560,21,526,199,3086,California
Kings,2021-01-15,416,3905,29,2099,387,1806,0,0,404,2952,12,538,404,3490,California
Kings,2021-01-16,31,3936,12,2111,19,1825,0,0,30,2981,1,539,30,3520,California
Kings,2021-01-17,8,3944,5,2116,3,1828,0,0,6,2985,2,541,6,3526,California
Kings,2021-01-18,172,4116,40,2156,132,1960,0,0,146,3105,26,567,146,3672,California
Kings,2021-01-19,376,4492,158,2314,218,2178,0,0,248,3225,128,695,248,3920,California
Kings,2021-01-20,225,4717,134,2448,91,2269,0,0,120,3244,101,796,120,4040,California
Kings,2021-01-21,187,4904,32,2480,155,2424,0,0,173,3401,16,812,173,4213,California
Kings,2021-01-22,125,5029,39,2519,86,2510,0,0,125,3521,5,817,125,4338,California
Kings,2021-01-23,26,5055,14,2533,12,2522,0,0,20,3535,6,823,20,4358,California
Kings,2021-01-24,4,5059,4,2537,0,2522,0,0,2,3535,2,825,2,4360,California
Kings,2021-01-25,124,5183,26,2563,98,2620,0,0,90,3591,34,859,90,4450,California
Kings,2021-01-26,154,5337,35,2598,119,2739,0,0,115,3667,39,898,115,4565,California
Kings,2021-01-27,319,5656,34,2632,285,3024,0,0,249,3847,69,967,249,4814,California
Kings,2021-01-28,326,5982,46,2678,280,3304,0,0,271,4063,55,1022,271,5085,California
Kings,2021-01-29,86,6068,26,2704,60,3364,0,0,69,4115,17,1039,69,5154,California
Kings,2021-01-30,1556,7624,31,2735,1525,4889,0,0,1553,5667,3,1042,1555,6709,California
Kings,2021-02-01,199,7823,64,2799,135,5024,0,0,72,5614,125,1167,72,6781,California
Kings,2021-02-02,226,8049,14,2813,212,5236,0,0,82,5553,143,1310,82,6863,California
Kings,2021-02-03,358,8407,192,3005,166,5402,0,0,203,5602,154,1464,203,7066,California
Kings,2021-02-04,395,8802,98,3103,297,5699,0,0,199,5606,195,1659,199,7265,California
Kings,2021-02-05,256,9058,14,3117,242,5941,0,0,101,5554,153,1812,101,7366,California
Kings,2021-02-06,60,9118,10,3127,50,5991,0,0,27,5548,33,1845,27,7393,California
Kings,2021-02-07,5,9123,3,3130,2,5993,0,0,3,5549,2,1847,3,7396,California
Kings,2021-02-08,170,9293,29,3159,141,6134,0,0,68,5515,102,1949,68,7464,California
Kings,2021-02-09,253,9546,57,3216,196,6330,0,0,110,5484,141,2090,110,7574,California
Kings,2021-02-10,286,9832,112,3328,174,6504,0,0,173,5544,113,2203,173,7747,California
Kings,2021-02-11,429,10261,65,3393,364,6868,0,0,318,5752,110,2313,318,8065,California
Kings,2021-02-12,622,10883,36,3429,586,7454,0,0,348,5827,273,2586,348,8413,California
Kings,2021-02-13,103,10986,6,3435,97,7551,0,0,78,5880,25,2611,78,8491,California
Kings,2021-02-14,102,11088,4,3439,98,7649,0,0,94,5966,8,2619,94,8585,California
Kings,2021-02-15,246,11334,5,3444,241,7890,0,0,137,5995,108,2727,137,8722,California
Kings,2021-02-16,485,11819,33,3477,452,8342,0,0,250,6011,234,2961,250,8972,California
Kings,2021-02-17,379,12198,22,3499,357,8699,0,0,242,6117,137,3098,243,9215,California
Kings,2021-02-18,155,12353,23,3522,132,8831,0,0,98,6158,57,3155,98,9313,California
Kings,2021-02-19,158,12511,23,3545,135,8966,0,0,102,6207,53,3208,102,9415,California
Kings,2021-02-20,171,12682,40,3585,131,9097,0,0,134,6304,37,3245,134,9549,California
Kings,2021-02-21,3,12685,2,3587,1,9098,0,0,3,6307,0,3245,3,9552,California
Kings,2021-02-22,110,12795,19,3606,91,9189,0,0,51,6299,59,3304,51,9603,California
Kings,2021-02-23,296,13091,69,3675,227,9416,0,0,179,6361,117,3421,179,9782,California
Kings,2021-02-24,592,13683,154,3829,438,9854,0,0,380,6529,212,3633,380,10162,California
Kings,2021-02-25,662,14345,112,3941,550,10404,0,0,444,6757,216,3849,444,10606,California
Kings,2021-02-26,657,15002,129,4070,528,10932,0,0,594,7289,62,3911,594,11200,California
Kings,2021-02-27,1498,16500,62,4132,1436,12368,0,0,564,6920,933,4844,564,11764,California
Kings,2021-02-28,1171,17671,596,4728,575,12943,0,0,673,7098,495,5339,673,12437,California
Kings,2021-03-01,259,17930,79,4807,180,13123,0,0,214,7267,45,5384,214,12651,California
Kings,2021-03-02,472,18402,206,5013,266,13389,0,0,422,7640,50,5434,423,13074,California
Kings,2021-03-03,625,19027,302,5315,323,13712,0,0,437,7890,187,5621,437,13511,California
Kings,2021-03-04,714,19741,343,5658,371,14083,0,0,618,8413,96,5717,619,14130,California
Kings,2021-03-05,1009,20750,349,6007,651,14734,9,9,893,9200,116,5833,903,15033,California
Kings,2021-03-06,511,21261,184,6191,314,15048,13,22,482,9666,29,5862,495,15528,California
Kings,2021-03-07,366,21627,225,6416,137,15185,4,26,358,10020,8,5870,362,15890,California
Kings,2021-03-08,351,21978,97,6513,201,15386,53,79,242,10205,109,5979,294,16184,California
Kings,2021-03-09,518,22496,238,6751,225,15611,55,134,412,10567,106,6085,468,16652,California
Kings,2021-03-10,503,22999,124,6875,288,15899,91,225,320,10795,182,6267,410,17062,California
Kings,2021-03-11,1018,24017,305,7180,603,16502,110,335,613,11115,403,6670,723,17785,California
Kings,2021-03-12,1308,25325,392,7572,822,17324,94,429,907,11718,400,7070,1003,18788,California
Kings,2021-03-13,672,25997,332,7904,296,17620,44,473,545,12181,127,7197,590,19378,California
Kings,2021-03-14,671,26668,101,8005,184,17804,386,859,200,12296,471,7668,586,19964,California
Kings,2021-03-15,667,27335,231,8236,321,18125,115,974,431,12609,235,7903,548,20512,California
Kings,2021-03-16,1039,28374,439,8675,539,18664,61,1035,703,13037,336,8239,764,21276,California
Kings,2021-03-17,1088,29462,416,9091,611,19275,61,1096,770,13557,318,8557,838,22114,California
Kings,2021-03-18,1098,30560,466,9557,410,19685,222,1318,766,14217,331,8888,991,23105,California
Kings,2021-03-19,931,31491,468,10025,378,20063,85,1403,714,14812,217,9105,812,23917,California
Kings,2021-03-20,621,32112,254,10279,337,20400,30,1433,448,15126,171,9276,485,24402,California
Kings,2021-03-21,1400,33512,1085,11364,304,20704,11,1444,847,15431,553,9829,858,25260,California
Kings,2021-03-22,449,33961,203,11567,163,20867,83,1527,276,15621,173,10002,363,25623,California
Kings,2021-03-23,898,34859,492,12059,343,21210,63,1590,575,15941,321,10323,641,26264,California
Kings,2021-03-24,918,35777,475,12534,420,21630,23,1613,510,16070,406,10729,535,26799,California
Kings,2021-03-25,885,36662,440,12974,419,22049,26,1639,443,16099,440,11169,469,27268,California
Kings,2021-03-26,1279,37941,372,13346,822,22871,85,1724,527,15963,747,11916,611,27879,California
Kings,2021-03-27,616,38557,245,13591,359,23230,12,1736,169,15699,445,12361,181,28060,California
Kings,2021-03-28,547,39104,476,14067,64,23294,7,1743,341,15849,206,12567,356,28416,California
Kings,2021-03-29,456,39560,201,14268,195,23489,60,1803,250,15954,204,12771,309,28725,California
Kings,2021-03-30,835,40395,462,14730,335,23824,38,1841,416,15990,418,13189,454,29179,California
Kings,2021-03-31,724,41119,375,15105,285,24109,64,1905,416,16169,301,13490,480,29659,California
Kings,2021-04-01,746,41865,373,15478,294,24403,79,1984,339,16186,401,13891,418,30077,California
Kings,2021-04-02,974,42839,422,15900,430,24833,122,2106,422,16182,547,14438,543,30620,California
Kings,2021-04-03,472,43311,328,16228,136,24969,8,2114,160,16046,306,14744,170,30790,California
Kings,2021-04-04,156,43467,82,16310,68,25037,6,2120,44,15985,111,14855,50,30840,California
Kings,2021-04-05,1045,44512,321,16631,474,25511,250,2370,253,15697,791,15646,503,31343,California
Kings,2021-04-06,1180,45692,447,17078,426,25937,307,2677,295,15416,882,16528,601,31944,California
Kings,2021-04-07,1338,47030,639,17717,515,26452,184,2861,412,15089,923,17451,596,32540,California
Kings,2021-04-08,1591,48621,627,18344,713,27165,251,3112,363,14482,1221,18672,614,33154,California
Kings,2021-04-09,1103,49724,522,18866,407,27572,174,3286,237,14027,864,19536,409,33563,California
Kings,2021-04-10,591,50315,329,19195,160,27732,102,3388,180,13899,410,19946,282,33845,California
Kings,2021-04-11,324,50639,74,19269,244,27976,6,3394,192,13965,132,20078,198,34043,California
Kings,2021-04-12,696,51335,310,19579,186,28162,200,3594,190,13851,504,20582,390,34433,California
Kings,2021-04-13,873,52208,501,20080,372,28534,0,3594,281,13546,591,21173,286,34719,California
Kings,2021-04-14,1020,53228,564,20644,456,28990,0,3594,371,13269,649,21822,372,35091,California
Kings,2021-04-15,1023,54251,498,21142,524,29514,1,3595,455,13158,567,22389,456,35547,California
Kings,2021-04-16,764,55015,360,21502,404,29918,0,3595,268,12931,495,22884,268,35815,California
Kings,2021-04-17,455,55470,242,21744,213,30131,0,3595,199,12875,255,23139,199,36014,California
Kings,2021-04-18,548,56018,238,21982,310,30441,0,3595,69,12465,479,23618,69,36083,California
Kings,2021-04-19,522,56540,287,22269,234,30675,1,3596,284,12513,236,23854,284,36367,California
Kings,2021-04-20,727,57267,440,22709,287,30962,0,3596,241,12270,484,24338,241,36608,California
Kings,2021-04-21,633,57900,305,23014,328,31290,0,3596,219,12080,409,24747,219,36827,California
Kings,2021-04-22,548,58448,276,23290,272,31562,0,3596,205,11946,340,25087,206,37033,California
Kings,2021-04-23,662,59110,290,23580,372,31934,0,3596,329,11946,329,25416,329,37362,California
Kings,2021-04-24,240,59350,174,23754,65,31999,1,3597,116,11940,123,25539,117,37479,California
Kings,2021-04-25,195,59545,176,23930,19,32018,0,3597,159,12063,36,25575,159,37638,California
Kings,2021-04-26,288,59833,148,24078,137,32155,3,3600,181,12141,106,25681,184,37822,California
Kings,2021-04-27,393,60226,171,24249,201,32356,21,3621,161,12092,231,25912,182,38004,California
Kings,2021-04-28,445,60671,236,24485,194,32550,15,3636,240,12142,205,26117,255,38259,California
Kings,2021-04-29,251,60922,91,24576,149,32699,11,3647,118,12141,130,26247,129,38388,California
Kings,2021-04-30,260,61182,98,24674,149,32848,13,3660,96,12088,162,26409,109,38497,California
Kings,2021-05-01,162,61344,117,24791,41,32889,4,3664,35,12002,125,26534,39,38536,California
Kings,2021-05-02,127,61471,120,24911,7,32896,0,3664,111,12097,16,26550,111,38647,California
Kings,2021-05-03,373,61844,179,25090,187,33083,7,3671,85,11901,288,26838,92,38739,California
Lake,2020-12-17,4,4,4,4,0,0,0,0,4,4,0,0,4,4,California
Lake,2020-12-18,51,55,51,55,0,0,0,0,51,55,0,0,51,55,California
Lake,2020-12-19,3,58,3,58,0,0,0,0,3,58,0,0,3,58,California
Lake,2020-12-20,6,64,6,64,0,0,0,0,6,64,0,0,6,64,California
Lake,2020-12-21,86,150,86,150,0,0,0,0,86,150,0,0,86,150,California
Lake,2020-12-22,63,213,60,210,3,3,0,0,63,213,0,0,63,213,California
Lake,2020-12-23,123,336,114,324,9,12,0,0,123,336,0,0,123,336,California
Lake,2020-12-24,2,338,0,324,2,14,0,0,2,338,0,0,2,338,California
Lake,2020-12-26,2,340,2,326,0,14,0,0,2,340,0,0,2,340,California
Lake,2020-12-27,2,342,2,328,0,14,0,0,2,342,0,0,2,342,California
Lake,2020-12-28,52,394,43,371,9,23,0,0,52,394,0,0,52,394,California
Lake,2020-12-29,51,445,46,417,5,28,0,0,51,445,0,0,51,445,California
Lake,2020-12-30,124,569,117,534,7,35,0,0,124,569,0,0,124,569,California
Lake,2020-12-31,67,636,64,598,3,38,0,0,67,636,0,0,67,636,California
Lake,2021-01-01,1,637,0,598,1,39,0,0,1,637,0,0,1,637,California
Lake,2021-01-02,2,639,1,599,1,40,0,0,2,639,0,0,2,639,California
Lake,2021-01-04,87,726,21,620,66,106,0,0,87,726,0,0,87,726,California
Lake,2021-01-05,120,846,59,679,61,167,0,0,118,842,2,2,118,844,California
Lake,2021-01-06,105,951,65,744,40,207,0,0,103,943,2,4,103,947,California
Lake,2021-01-07,107,1058,84,828,23,230,0,0,98,1032,9,13,98,1045,California
Lake,2021-01-08,152,1210,124,952,28,258,0,0,100,1080,52,65,100,1145,California
Lake,2021-01-09,63,1273,61,1013,2,260,0,0,59,1135,4,69,59,1204,California
Lake,2021-01-10,3,1276,3,1016,0,260,0,0,0,1132,3,72,0,1204,California
Lake,2021-01-11,192,1468,151,1167,41,301,0,0,112,1164,80,152,112,1316,California
Lake,2021-01-12,80,1548,48,1215,32,333,0,0,56,1196,24,176,56,1372,California
Lake,2021-01-13,164,1712,112,1327,52,385,0,0,107,1246,57,233,107,1479,California
Lake,2021-01-14,147,1859,46,1373,101,486,0,0,125,1349,22,255,125,1604,California
Lake,2021-01-15,215,2074,92,1465,123,609,0,0,188,1510,27,282,188,1792,California
Lake,2021-01-16,134,2208,81,1546,53,662,0,0,132,1640,2,284,132,1924,California
Lake,2021-01-17,18,2226,6,1552,12,674,0,0,12,1646,6,290,12,1936,California
Lake,2021-01-18,246,2472,226,1778,20,694,0,0,126,1652,120,410,126,2062,California
Lake,2021-01-19,311,2783,117,1895,194,888,0,0,266,1874,45,455,267,2329,California
Lake,2021-01-20,422,3205,80,1975,342,1230,0,0,358,2169,63,518,358,2687,California
Lake,2021-01-21,433,3638,49,2024,384,1614,0,0,398,2532,35,553,398,3085,California
Lake,2021-01-22,318,3956,46,2070,272,1886,0,0,282,2778,36,589,282,3367,California
Lake,2021-01-23,122,4078,5,2075,117,2003,0,0,121,2898,1,590,121,3488,California
Lake,2021-01-24,4,4082,1,2076,3,2006,0,0,4,2902,0,590,4,3492,California
Lake,2021-01-25,257,4339,95,2171,162,2168,0,0,176,2997,81,671,176,3668,California
Lake,2021-01-26,428,4767,36,2207,392,2560,0,0,405,3379,23,694,405,4073,California
Lake,2021-01-27,359,5126,41,2248,318,2878,0,0,331,3683,28,722,332,4405,California
Lake,2021-01-28,499,5625,161,2409,338,3216,0,0,370,3924,129,851,370,4775,California
Lake,2021-01-29,637,6262,83,2492,554,3770,0,0,577,4441,60,911,577,5352,California
Lake,2021-01-30,556,6818,45,2537,511,4281,0,0,550,4985,6,917,550,5902,California
Lake,2021-01-31,14,6832,8,2545,6,4287,0,0,12,4995,2,919,12,5914,California
Lake,2021-02-01,179,7011,18,2563,161,4448,0,0,166,5148,13,932,166,6080,California
Lake,2021-02-02,565,7576,152,2715,413,4861,0,0,399,5381,166,1098,399,6479,California
Lake,2021-02-03,445,8021,33,2748,412,5273,0,0,340,5616,105,1203,340,6819,California
Lake,2021-02-04,120,8141,69,2817,51,5324,0,0,73,5642,47,1250,73,6892,California
Lake,2021-02-05,378,8519,69,2886,309,5633,0,0,288,5842,88,1338,288,7180,California
Lake,2021-02-06,275,8794,40,2926,235,5868,0,0,264,6095,11,1349,264,7444,California
Lake,2021-02-07,2,8796,1,2927,1,5869,0,0,2,6097,0,1349,2,7446,California
Lake,2021-02-08,278,9074,206,3133,72,5941,0,0,159,6137,119,1468,159,7605,California
Lake,2021-02-09,345,9419,25,3158,320,6261,0,0,301,6395,43,1511,301,7906,California
Lake,2021-02-10,350,9769,55,3213,295,6556,0,0,274,6593,76,1587,274,8180,California
Lake,2021-02-11,169,9938,18,3231,151,6707,0,0,56,6536,113,1700,56,8236,California
Lake,2021-02-12,377,10315,29,3260,348,7055,0,0,290,6740,86,1786,290,8526,California
Lake,2021-02-13,246,10561,7,3267,239,7294,0,0,235,6964,11,1797,235,8761,California
Lake,2021-02-14,19,10580,4,3271,15,7309,0,0,6,6957,13,1810,6,8767,California
Lake,2021-02-15,172,10752,13,3284,159,7468,0,0,8,6802,163,1973,8,8775,California
Lake,2021-02-16,423,11175,23,3307,400,7868,0,0,176,6731,247,2220,176,8951,California
Lake,2021-02-17,351,11526,54,3361,297,8165,0,0,70,6521,280,2500,70,9021,California
Lake,2021-02-18,457,11983,69,3430,388,8553,0,0,114,6292,343,2843,114,9135,California
Lake,2021-02-19,418,12401,25,3455,393,8946,0,0,93,6060,325,3168,93,9228,California
Lake,2021-02-20,294,12695,60,3515,234,9180,0,0,251,6269,42,3210,251,9479,California
Lake,2021-02-21,6,12701,6,3521,0,9180,0,0,0,6263,6,3216,0,9479,California
Lake,2021-02-22,140,12841,24,3545,116,9296,0,0,43,6209,97,3313,43,9522,California
Lake,2021-02-23,213,13054,14,3559,199,9495,0,0,28,6052,185,3498,28,9550,California
Lake,2021-02-24,956,14010,378,3937,578,10073,0,0,417,5931,538,4036,417,9967,California
Lake,2021-02-25,732,14742,464,4401,268,10341,0,0,472,6145,258,4294,472,10439,California
Lake,2021-02-26,996,15738,304,4705,692,11033,0,0,350,5852,643,4937,350,10789,California
Lake,2021-02-27,410,16148,97,4802,313,11346,0,0,328,6098,82,5019,328,11117,California
Lake,2021-02-28,18,16166,12,4814,6,11352,0,0,10,6100,8,5027,10,11127,California
Lake,2021-03-01,596,16762,53,4867,543,11895,0,0,443,6390,153,5180,443,11570,California
Lake,2021-03-02,744,17506,18,4885,726,12621,0,0,289,6223,456,5636,289,11859,California
Lake,2021-03-03,360,17866,197,5082,163,12784,0,0,135,6133,225,5861,135,11994,California
Lake,2021-03-04,577,18443,509,5591,68,12852,0,0,562,6680,15,5876,562,12556,California
Lake,2021-03-05,1037,19480,40,5631,997,13849,0,0,174,5995,859,6735,174,12730,California
Lake,2021-03-06,34,19514,9,5640,24,13873,1,1,21,6004,13,6748,22,12752,California
Lake,2021-03-07,7,19521,5,5645,2,13875,0,1,4,6005,3,6751,4,12756,California
Lake,2021-03-08,339,19860,267,5912,63,13938,9,10,299,6273,40,6791,308,13064,California
Lake,2021-03-09,914,20774,29,5941,868,14806,17,27,392,6161,521,7312,409,13473,California
Lake,2021-03-10,204,20978,60,6001,131,14937,13,40,136,6242,68,7380,149,13622,California
Lake,2021-03-11,583,21561,47,6048,62,14999,474,514,48,6229,535,7915,522,14144,California
Lake,2021-03-12,854,22415,203,6251,627,15626,24,538,363,6126,490,8405,387,14531,California
Lake,2021-03-13,278,22693,21,6272,20,15646,237,775,16,6117,261,8666,252,14783,California
Lake,2021-03-14,11,22704,2,6274,9,15655,0,775,7,6120,4,8670,7,14790,California
Lake,2021-03-15,642,23346,14,6288,611,16266,17,792,483,6461,159,8829,500,15290,California
Lake,2021-03-16,1113,24459,834,7122,262,16528,17,809,446,6260,663,9492,462,15752,California
Lake,2021-03-17,247,24706,122,7244,103,16631,22,831,90,6215,157,9649,112,15864,California
Lake,2021-03-18,748,25454,373,7617,338,16969,37,868,372,6248,375,10024,408,16272,California
Lake,2021-03-19,580,26034,313,7930,247,17216,20,888,474,6637,105,10129,494,16766,California
Lake,2021-03-20,248,26282,8,7938,237,17453,3,891,29,6452,217,10346,32,16798,California
Lake,2021-03-21,16,26298,11,7949,4,17457,1,892,11,6459,5,10351,12,16810,California
Lake,2021-03-22,324,26622,244,8193,66,17523,14,906,238,6625,86,10437,252,17062,California
Lake,2021-03-23,416,27038,18,8211,385,17908,13,919,353,6929,62,10499,366,17428,California
Lake,2021-03-24,414,27452,61,8272,345,18253,8,927,317,7159,96,10595,326,17754,California
Lake,2021-03-25,656,28108,468,8740,182,18435,6,933,171,6851,485,11080,177,17931,California
Lake,2021-03-26,69,28177,33,8773,35,18470,1,934,45,6873,24,11104,46,17977,California
Lake,2021-03-27,309,28486,7,8780,299,18769,3,937,17,6603,290,11394,20,17997,California
Lake,2021-03-28,16,28502,7,8787,9,18778,0,937,10,6607,6,11400,10,18007,California
Lake,2021-03-29,899,29401,268,9055,629,19407,2,939,193,6098,704,12104,195,18202,California
Lake,2021-03-30,454,29855,305,9360,147,19554,2,941,368,6383,85,12189,370,18572,California
Lake,2021-03-31,583,30438,60,9420,523,20077,0,941,418,6644,157,12346,418,18990,California
Lake,2021-04-01,424,30862,219,9639,193,20270,12,953,179,6593,242,12588,191,19181,California
Lake,2021-04-02,221,31083,40,9679,153,20423,28,981,98,6596,123,12711,126,19307,California
Lake,2021-04-03,30,31113,6,9685,21,20444,3,984,11,6591,19,12730,14,19321,California
Lake,2021-04-04,21,31134,11,9696,8,20452,2,986,16,6604,5,12735,18,19339,California
Lake,2021-04-05,635,31769,70,9766,546,20998,19,1005,396,6782,236,12971,414,19753,California
Lake,2021-04-06,471,32240,15,9781,430,21428,26,1031,299,6936,171,13142,325,20078,California
Lake,2021-04-07,517,32757,56,9837,410,21838,51,1082,350,7172,165,13307,401,20479,California
Lake,2021-04-08,598,33355,485,10322,46,21884,67,1149,102,6848,493,13800,169,20648,California
Lake,2021-04-09,283,33638,44,10366,170,22054,69,1218,49,6735,231,14031,118,20766,California
Lake,2021-04-10,253,33891,15,10381,14,22068,224,1442,11,6728,242,14273,235,21001,California
Lake,2021-04-11,22,33913,17,10398,3,22071,2,1444,7,6722,15,14288,9,21010,California
Lake,2021-04-12,1068,34981,231,10629,804,22875,33,1477,248,6184,819,15107,281,21291,California
Lake,2021-04-13,180,35161,109,10738,71,22946,0,1477,53,6110,127,15234,53,21344,California
Lake,2021-04-14,607,35768,36,10774,571,23517,0,1477,547,6597,60,15294,547,21891,California
Lake,2021-04-15,624,36392,177,10951,447,23964,0,1477,317,6607,307,15601,317,22208,California
Lake,2021-04-16,259,36651,25,10976,233,24197,1,1478,69,6488,189,15790,70,22278,California
Lake,2021-04-17,39,36690,11,10987,28,24225,0,1478,29,6507,10,15800,29,22307,California
Lake,2021-04-18,8,36698,5,10992,3,24228,0,1478,0,6499,8,15808,0,22307,California
Lake,2021-04-19,295,36993,39,11031,256,24484,0,1478,245,6694,50,15858,245,22552,California
Lake,2021-04-20,691,37684,277,11308,414,24898,0,1478,112,6229,578,16436,113,22665,California
Lake,2021-04-21,533,38217,63,11371,470,25368,0,1478,204,6105,328,16764,204,22869,California
Lake,2021-04-22,457,38674,47,11418,410,25778,0,1478,312,6273,144,16908,312,23181,California
Lake,2021-04-23,113,38787,57,11475,56,25834,0,1478,67,6294,46,16954,67,23248,California
Lake,2021-04-24,53,38840,9,11484,44,25878,0,1478,39,6319,14,16968,39,23287,California
Lake,2021-04-25,36,38876,19,11503,17,25895,0,1478,23,6329,13,16981,23,23310,California
Lake,2021-04-26,276,39152,73,11576,202,26097,1,1479,79,6212,197,17178,80,23390,California
Lake,2021-04-27,228,39380,21,11597,189,26286,18,1497,75,6152,153,17331,93,23483,California
Lake,2021-04-28,445,39825,45,11642,389,26675,11,1508,103,5926,339,17670,113,23596,California
Lake,2021-04-29,168,39993,67,11709,87,26762,14,1522,88,5949,79,17749,102,23698,California
Lake,2021-04-30,214,40207,30,11739,171,26933,13,1535,105,5958,109,17858,118,23816,California
Lake,2021-05-01,24,40231,15,11754,9,26942,0,1535,16,5966,8,17866,16,23832,California
Lake,2021-05-02,9,40240,1,11755,6,26948,2,1537,5,5969,4,17870,7,23839,California
Lake,2021-05-03,344,40584,12,11767,312,27260,20,1557,57,5760,286,18156,77,23916,California
Lassen,2020-12-16,8,8,8,8,0,0,0,0,8,8,0,0,8,8,California
Lassen,2020-12-17,6,14,6,14,0,0,0,0,6,14,0,0,6,14,California
Lassen,2020-12-18,1,15,1,15,0,0,0,0,1,15,0,0,1,15,California
Lassen,2020-12-19,5,20,5,20,0,0,0,0,5,20,0,0,5,20,California
Lassen,2020-12-20,2,22,2,22,0,0,0,0,2,22,0,0,2,22,California
Lassen,2020-12-21,11,33,11,33,0,0,0,0,11,33,0,0,11,33,California
Lassen,2020-12-22,23,56,23,56,0,0,0,0,23,56,0,0,23,56,California
Lassen,2020-12-23,6,62,6,62,0,0,0,0,6,62,0,0,6,62,California
Lassen,2020-12-24,11,73,11,73,0,0,0,0,11,73,0,0,11,73,California
Lassen,2020-12-28,3,76,2,75,1,1,0,0,3,76,0,0,3,76,California
Lassen,2020-12-29,35,111,35,110,0,1,0,0,35,111,0,0,35,111,California
Lassen,2020-12-30,37,148,36,146,1,2,0,0,37,148,0,0,37,148,California
Lassen,2020-12-31,49,197,42,188,7,9,0,0,49,197,0,0,49,197,California
Lassen,2021-01-02,1,198,0,188,1,10,0,0,1,198,0,0,1,198,California
Lassen,2021-01-04,15,213,1,189,14,24,0,0,15,213,0,0,15,213,California
Lassen,2021-01-05,194,407,53,242,141,165,0,0,194,407,0,0,194,407,California
Lassen,2021-01-06,93,500,42,284,51,216,0,0,85,485,8,8,86,493,California
Lassen,2021-01-07,43,543,7,291,36,252,0,0,37,516,6,14,37,530,California
Lassen,2021-01-08,50,593,2,293,48,300,0,0,50,566,0,14,50,580,California
Lassen,2021-01-09,12,605,6,299,6,306,0,0,12,578,0,14,12,592,California
Lassen,2021-01-11,27,632,5,304,22,328,0,0,27,605,0,14,27,619,California
Lassen,2021-01-12,49,681,29,333,20,348,0,0,30,616,19,33,30,649,California
Lassen,2021-01-13,161,842,18,351,143,491,0,0,146,747,15,48,146,795,California
Lassen,2021-01-14,163,1005,18,369,145,636,0,0,151,886,12,60,151,946,California
Lassen,2021-01-15,33,1038,6,375,27,663,0,0,33,919,0,60,33,979,California
Lassen,2021-01-16,34,1072,33,408,1,664,0,0,34,953,0,60,34,1013,California
Lassen,2021-01-17,1,1073,0,408,1,665,0,0,1,954,0,60,1,1014,California
Lassen,2021-01-18,5,1078,2,410,3,668,0,0,4,957,1,61,4,1018,California
Lassen,2021-01-19,185,1263,36,446,149,817,0,0,157,1086,28,89,157,1175,California
Lassen,2021-01-20,189,1452,101,547,88,905,0,0,105,1122,69,158,105,1280,California
Lassen,2021-01-21,145,1597,93,640,52,957,0,0,121,1225,18,176,121,1401,California
Lassen,2021-01-22,31,1628,18,658,13,970,0,0,21,1236,10,186,21,1422,California
Lassen,2021-01-23,2,1630,0,658,2,972,0,0,2,1238,0,186,2,1424,California
Lassen,2021-01-24,1,1631,0,658,1,973,0,0,1,1239,0,186,1,1425,California
Lassen,2021-01-25,11,1642,0,658,11,984,0,0,11,1250,0,186,11,1436,California
Lassen,2021-01-26,126,1768,12,670,114,1098,0,0,122,1368,4,190,122,1558,California
Lassen,2021-01-27,85,1853,33,703,52,1150,0,0,69,1421,16,206,69,1627,California
Lassen,2021-01-28,85,1938,14,717,71,1221,0,0,84,1504,1,207,84,1711,California
Lassen,2021-01-29,23,1961,7,724,16,1237,0,0,22,1525,1,208,22,1733,California
Lassen,2021-02-01,62,2023,4,728,58,1295,0,0,36,1535,26,234,36,1769,California
Lassen,2021-02-02,177,2200,12,740,165,1460,0,0,44,1446,133,367,44,1813,California
Lassen,2021-02-03,96,2296,21,761,75,1535,0,0,51,1452,45,412,51,1864,California
Lassen,2021-02-04,112,2408,15,776,97,1632,0,0,63,1466,49,461,63,1927,California
Lassen,2021-02-05,65,2473,12,788,53,1685,0,0,23,1447,42,503,23,1950,California
Lassen,2021-02-06,69,2542,34,822,35,1720,0,0,36,1451,32,535,36,1986,California
Lassen,2021-02-07,2,2544,2,824,0,1720,0,0,2,1453,0,535,2,1988,California
Lassen,2021-02-08,43,2587,4,828,39,1759,0,0,18,1446,25,560,18,2006,California
Lassen,2021-02-09,129,2716,8,836,121,1880,0,0,50,1417,79,639,50,2056,California
Lassen,2021-02-10,183,2899,21,857,162,2042,0,0,75,1384,108,747,75,2131,California
Lassen,2021-02-11,184,3083,16,873,168,2210,0,0,80,1361,103,850,80,2211,California
Lassen,2021-02-12,42,3125,11,884,31,2241,0,0,14,1347,28,878,14,2225,California
Lassen,2021-02-13,12,3137,3,887,9,2250,0,0,10,1355,2,880,10,2235,California
Lassen,2021-02-14,13,3150,0,887,13,2263,0,0,12,1366,1,881,12,2247,California
Lassen,2021-02-15,21,3171,2,889,19,2282,0,0,17,1379,4,885,17,2264,California
Lassen,2021-02-16,192,3363,4,893,188,2470,0,0,31,1251,159,1044,31,2295,California
Lassen,2021-02-17,184,3547,94,987,90,2560,0,0,11,1089,173,1217,11,2306,California
Lassen,2021-02-18,80,3627,22,1009,58,2618,0,0,20,1049,60,1277,20,2326,California
Lassen,2021-02-19,82,3709,62,1071,20,2638,0,0,18,1003,64,1341,18,2344,California
Lassen,2021-02-20,8,3717,0,1071,8,2646,0,0,6,1007,2,1343,6,2350,California
Lassen,2021-02-21,22,3739,2,1073,20,2666,0,0,18,1021,4,1347,18,2368,California
Lassen,2021-02-22,23,3762,8,1081,15,2681,0,0,5,1008,18,1365,5,2373,California
Lassen,2021-02-23,153,3915,10,1091,143,2824,0,0,41,937,112,1477,41,2414,California
Lassen,2021-02-24,166,4081,17,1108,149,2973,0,0,108,988,57,1534,108,2522,California
Lassen,2021-02-25,156,4237,19,1127,137,3110,0,0,99,1030,57,1591,99,2621,California
Lassen,2021-02-26,73,4310,16,1143,57,3167,0,0,36,1029,37,1628,36,2657,California
Lassen,2021-02-27,8,4318,7,1150,1,3168,0,0,3,1027,5,1633,3,2660,California
Lassen,2021-02-28,6,4324,1,1151,5,3173,0,0,3,1027,3,1636,3,2663,California
Lassen,2021-03-01,41,4365,4,1155,37,3210,0,0,8,1002,33,1669,8,2671,California
Lassen,2021-03-02,106,4471,8,1163,98,3308,0,0,80,1056,26,1695,80,2751,California
Lassen,2021-03-03,170,4641,12,1175,158,3466,0,0,113,1112,57,1752,113,2864,California
Lassen,2021-03-04,148,4789,15,1190,133,3599,0,0,98,1161,49,1801,98,2962,California
Lassen,2021-03-05,47,4836,7,1197,17,3616,23,23,11,1159,36,1837,34,2996,California
Lassen,2021-03-06,56,4892,5,1202,29,3645,22,45,6,1137,50,1887,28,3024,California
Lassen,2021-03-07,56,4948,1,1203,0,3645,55,100,1,1138,55,1942,56,3080,California
Lassen,2021-03-08,90,5038,2,1205,8,3653,80,180,3,1135,86,2028,83,3163,California
Lassen,2021-03-09,137,5175,11,1216,109,3762,17,197,88,1192,49,2077,106,3269,California
Lassen,2021-03-10,173,5348,10,1226,162,3924,1,198,79,1179,93,2170,80,3349,California
Lassen,2021-03-11,185,5533,16,1242,162,4086,7,205,113,1230,69,2239,120,3469,California
Lassen,2021-03-12,35,5568,18,1260,13,4099,4,209,12,1223,23,2262,16,3485,California
Lassen,2021-03-13,49,5617,0,1260,3,4102,46,255,1,1221,48,2310,46,3531,California
Lassen,2021-03-14,14,5631,2,1262,11,4113,1,256,2,1212,12,2322,3,3534,California
Lassen,2021-03-15,32,5663,1,1263,31,4144,0,256,16,1212,16,2338,16,3550,California
Lassen,2021-03-16,93,5756,2,1265,85,4229,6,262,74,1273,19,2357,80,3630,California
Lassen,2021-03-17,1084,6840,9,1274,1070,5299,5,267,1064,2322,20,2377,1069,4699,California
Lassen,2021-03-18,95,6935,9,1283,85,5384,1,268,81,2390,14,2391,82,4781,California
Lassen,2021-03-19,17,6952,11,1294,2,5386,4,272,7,2391,10,2401,11,4792,California
Lassen,2021-03-20,29,6981,3,1297,23,5409,3,275,22,2409,7,2408,25,4817,California
Lassen,2021-03-21,34,7015,0,1297,34,5443,0,275,14,2404,19,2427,14,4831,California
Lassen,2021-03-22,57,7072,1,1298,56,5499,0,275,54,2455,3,2430,54,4885,California
Lassen,2021-03-23,117,7189,9,1307,107,5606,1,276,66,2471,51,2481,67,4952,California
Lassen,2021-03-24,212,7401,13,1320,199,5805,0,276,107,2474,104,2585,107,5059,California
Lassen,2021-03-25,151,7552,20,1340,131,5936,0,276,69,2461,82,2667,69,5128,California
Lassen,2021-03-26,78,7630,13,1353,26,5962,39,315,19,2460,59,2726,58,5186,California
Lassen,2021-03-27,20,7650,4,1357,1,5963,15,330,3,2461,17,2743,18,5204,California
Lassen,2021-03-28,18,7668,3,1360,5,5968,10,340,4,2461,14,2757,14,5218,California
Lassen,2021-03-29,52,7720,0,1360,27,5995,25,365,20,2475,31,2788,45,5263,California
Lassen,2021-03-30,198,7918,10,1370,163,6158,25,390,51,2404,147,2935,76,5339,California
Lassen,2021-03-31,146,8064,12,1382,112,6270,22,412,62,2404,84,3019,84,5423,California
Lassen,2021-04-01,166,8230,16,1398,131,6401,19,431,49,2356,116,3135,68,5491,California
Lassen,2021-04-02,29,8259,4,1402,3,6404,22,453,2,2353,27,3162,24,5515,California
Lassen,2021-04-03,12,8271,0,1402,2,6406,10,463,0,2351,12,3174,10,5525,California
Lassen,2021-04-04,7,8278,2,1404,0,6406,5,468,1,2351,6,3180,6,5531,California
Lassen,2021-04-05,23,8301,4,1408,12,6418,7,475,11,2358,11,3191,18,5549,California
Lassen,2021-04-06,183,8484,8,1416,145,6563,30,505,52,2309,131,3322,82,5631,California
Lassen,2021-04-07,136,8620,7,1423,92,6655,37,542,33,2278,103,3425,72,5703,California
Lassen,2021-04-08,169,8789,8,1431,105,6760,56,598,33,2235,132,3557,89,5792,California
Lassen,2021-04-09,52,8841,6,1437,11,6771,35,633,9,2236,42,3599,43,5835,California
Lassen,2021-04-10,9,8850,0,1437,2,6773,7,640,0,2235,8,3607,7,5842,California
Lassen,2021-04-11,5,8855,2,1439,0,6773,3,643,2,2237,3,3610,5,5847,California
Lassen,2021-04-12,25,8880,2,1441,10,6783,13,656,1,2227,24,3634,14,5861,California
Lassen,2021-04-13,129,9009,6,1447,123,6906,0,656,40,2179,88,3722,40,5901,California
Lassen,2021-04-14,987,9996,16,1463,971,7877,0,656,51,1295,935,4657,51,5952,California
Lassen,2021-04-15,147,10143,14,1477,133,8010,0,656,19,1186,128,4785,19,5971,California
Lassen,2021-04-16,11,10154,4,1481,7,8017,0,656,5,1185,6,4791,5,5976,California
Lassen,2021-04-17,24,10178,3,1484,21,8038,0,656,4,1169,20,4811,4,5980,California
Lassen,2021-04-18,5,10183,2,1486,3,8041,0,656,2,1168,3,4814,2,5982,California
Lassen,2021-04-19,33,10216,0,1486,33,8074,0,656,17,1169,16,4830,17,5999,California
Lassen,2021-04-20,138,10354,7,1493,131,8205,0,656,52,1135,86,4916,52,6051,California
Lassen,2021-04-21,163,10517,10,1503,153,8358,0,656,32,1038,129,5045,32,6083,California
Lassen,2021-04-22,102,10619,16,1519,86,8444,0,656,33,1002,69,5114,33,6116,California
Lassen,2021-04-23,28,10647,3,1522,25,8469,0,656,22,1018,6,5120,22,6138,California
Lassen,2021-04-24,10,10657,6,1528,4,8473,0,656,4,1016,6,5126,4,6142,California
Lassen,2021-04-25,5,10662,0,1528,4,8477,1,657,3,1018,2,5128,4,6146,California
Lassen,2021-04-26,40,10702,1,1529,35,8512,4,661,7,996,33,5161,11,6157,California
Lassen,2021-04-27,120,10822,10,1539,107,8619,3,664,68,1015,52,5213,71,6228,California
Lassen,2021-04-28,82,10904,8,1547,72,8691,2,666,29,993,53,5266,31,6259,California
Lassen,2021-04-29,49,10953,5,1552,41,8732,3,669,10,967,39,5305,13,6272,California
Lassen,2021-04-30,10,10963,6,1558,0,8732,4,673,2,965,8,5313,6,6278,California
Lassen,2021-05-01,1,10964,0,1558,1,8733,0,673,1,966,0,5313,1,6279,California
Lassen,2021-05-02,6,10970,2,1560,4,8737,0,673,5,970,1,5314,5,6284,California
Lassen,2021-05-03,15,10985,3,1563,10,8747,2,675,4,965,11,5325,6,6290,California
Los Angeles,2020-12-15,391,391,391,391,0,0,0,0,391,391,0,0,391,391,California
Los Angeles,2020-12-16,3364,3755,3364,3755,0,0,0,0,3364,3755,0,0,3364,3755,California
Los Angeles,2020-12-17,10234,13989,10234,13989,0,0,0,0,10235,13990,0,0,10235,13990,California
Los Angeles,2020-12-18,14518,28507,14494,28483,24,24,0,0,14518,28508,0,0,14518,28508,California
Los Angeles,2020-12-19,7226,35733,7218,35701,8,32,0,0,7227,35735,0,0,7227,35735,California
Los Angeles,2020-12-20,4589,40322,4582,40283,7,39,0,0,4591,40326,0,0,4591,40326,California
Los Angeles,2020-12-21,13683,54005,13669,53952,14,53,0,0,13684,54009,1,1,13684,54010,California
Los Angeles,2020-12-22,11521,65526,11140,65092,381,434,0,0,11522,65530,1,2,11522,65532,California
Los Angeles,2020-12-23,11884,77410,10130,75222,1754,2188,0,0,11885,77415,0,2,11885,77417,California
Los Angeles,2020-12-24,7015,84425,4248,79470,2767,4955,0,0,7018,84433,0,2,7018,84435,California
Los Angeles,2020-12-25,524,84949,419,79889,105,5060,0,0,524,84957,0,2,524,84959,California
Los Angeles,2020-12-26,2524,87473,2179,82068,345,5405,0,0,2524,87480,1,3,2524,87483,California
Los Angeles,2020-12-27,1756,89229,1027,83095,729,6134,0,0,1756,89236,0,3,1756,89239,California
Los Angeles,2020-12-28,10279,99508,6377,89472,3902,10036,0,0,10277,99512,1,4,10277,99516,California
Los Angeles,2020-12-29,11594,111102,6073,95545,5521,15557,0,0,11596,111108,0,4,11596,111112,California
Los Angeles,2020-12-30,14859,125961,8083,103628,6776,22333,0,0,14858,125966,0,4,14858,125970,California
Los Angeles,2020-12-31,7923,133884,2751,106379,5172,27505,0,0,7921,133885,2,6,7921,133891,California
Los Angeles,2021-01-01,990,134874,269,106648,721,28226,0,0,990,134875,0,6,990,134881,California
Los Angeles,2021-01-02,4452,139326,1653,108301,2799,31025,0,0,4452,139327,0,6,4452,139333,California
Los Angeles,2021-01-03,936,140262,211,108512,725,31750,0,0,935,140261,1,7,935,140268,California
Los Angeles,2021-01-04,12694,152956,4878,113390,7816,39566,0,0,12680,152938,3,10,12680,152948,California
Los Angeles,2021-01-05,16003,168959,7078,120468,8925,48491,0,0,14102,165169,1874,1884,14105,167053,California
Los Angeles,2021-01-06,22549,191508,12082,132550,10467,58958,0,0,16957,176609,5524,7408,16964,184017,California
Los Angeles,2021-01-07,29368,220876,15811,148361,13557,72515,0,0,18861,185022,10461,17869,18874,202891,California
Los Angeles,2021-01-08,33075,253951,17899,166260,15176,87691,0,0,20854,193690,12194,30063,20862,223753,California
Los Angeles,2021-01-09,12361,266312,7073,173333,5288,92979,0,0,7496,196329,4863,34926,7502,231255,California
Los Angeles,2021-01-10,4651,270963,3628,176961,1023,94002,0,0,1922,195523,2729,37655,1923,233178,California
Los Angeles,2021-01-11,25788,296751,16243,193204,9545,103547,0,0,14862,199478,10915,48570,14870,248048,California
Los Angeles,2021-01-12,29208,325959,16075,209279,13133,116680,0,0,19078,208453,10112,58682,19087,267135,California
Los Angeles,2021-01-13,29263,355222,15631,224910,13632,130312,0,0,20315,219841,8931,67613,20319,287454,California
Los Angeles,2021-01-14,29228,384450,12710,237620,16518,146830,0,0,23727,238095,5482,73095,23736,311190,California
Los Angeles,2021-01-15,33791,418241,12359,249979,21432,168262,0,0,30220,264776,3546,76641,30227,341417,California
Los Angeles,2021-01-16,17554,435795,4962,254941,12592,180854,0,0,15778,278790,1768,78409,15782,357199,California
Los Angeles,2021-01-17,5186,440981,2306,257247,2880,183734,0,0,4941,283489,244,78653,4943,362142,California
Los Angeles,2021-01-18,15573,456554,10052,267299,5521,189255,0,0,10868,289666,4693,83346,10870,373012,California
Los Angeles,2021-01-19,38440,494994,20559,287858,17881,207136,0,0,30651,312579,7748,91094,30661,403673,California
Los Angeles,2021-01-20,45644,540638,23807,311665,21837,228973,0,0,38160,343295,7454,98548,38170,441843,California
Los Angeles,2021-01-21,48664,589302,22422,334087,26242,255215,0,0,44402,383511,4200,102748,44416,486259,California
Los Angeles,2021-01-22,47851,637153,22217,356304,25634,280849,0,0,44441,424596,3366,106114,44451,530710,California
Los Angeles,2021-01-23,33945,671098,15702,372006,18243,299092,0,0,31896,454486,2017,108131,31907,562617,California
Los Angeles,2021-01-24,15734,686832,12212,384218,3522,302614,0,0,15185,469131,541,108672,15186,577803,California
Los Angeles,2021-01-25,38732,725564,16439,400657,22293,324907,0,0,30238,490920,8465,117137,30254,608057,California
Los Angeles,2021-01-26,49234,774798,24449,425106,24785,349692,0,0,41049,523838,8150,125287,41068,649125,California
Los Angeles,2021-01-27,48509,823307,25816,450922,22693,372385,0,0,39275,554032,9099,134386,39293,688418,California
Los Angeles,2021-01-28,48587,871894,23108,474030,25479,397864,0,0,40183,585946,8283,142669,40197,728615,California
Los Angeles,2021-01-29,49250,921144,25407,499437,23843,421707,0,0,39195,615456,9701,152370,39211,767826,California
Los Angeles,2021-01-30,30003,951147,15414,514851,14589,436296,0,0,25860,637254,4066,156436,25864,793690,California
Los Angeles,2021-01-31,13008,964155,10372,525223,2636,438932,0,0,12082,648427,913,157349,12086,805776,California
Los Angeles,2021-02-01,38011,1002166,16188,541411,21823,460755,0,0,27739,665936,10239,167588,27748,833524,California
Los Angeles,2021-02-02,44206,1046372,17890,559301,26316,487071,0,0,32036,685842,12133,179721,32039,865563,California
Los Angeles,2021-02-03,52033,1098405,19485,578786,32548,519619,0,0,37355,708759,14444,194165,37361,902924,California
Los Angeles,2021-02-04,57144,1155549,20690,599476,36454,556073,0,0,39094,730125,17743,211908,39109,942033,California
Los Angeles,2021-02-05,61124,1216673,21031,620507,40093,596166,0,0,39264,747953,21442,233350,39270,981303,California
Los Angeles,2021-02-06,35474,1252147,13287,633794,22187,618353,0,0,27054,766682,8347,241697,27076,1008379,California
Los Angeles,2021-02-07,10803,1262950,8387,642181,2416,620769,0,0,8417,772735,2370,244067,8423,1016802,California
Los Angeles,2021-02-08,46699,1309649,21480,663661,25219,645988,0,0,30553,787280,16010,260077,30555,1047357,California
Los Angeles,2021-02-09,55705,1365354,24579,688240,31126,677114,0,0,28371,788397,27261,287338,28378,1075735,California
Los Angeles,2021-02-10,66850,1432204,29381,717621,37469,714583,0,0,30897,783724,35579,322917,30906,1106641,California
Los Angeles,2021-02-11,57944,1490148,30844,748465,27100,741683,0,0,28006,782236,29498,352415,28010,1134651,California
Los Angeles,2021-02-12,59487,1549635,29779,778244,29708,771391,0,0,25962,775026,33188,385603,25978,1160629,California
Los Angeles,2021-02-13,33772,1583407,19604,797848,14168,785559,0,0,15454,772283,18234,403837,15491,1176120,California
Los Angeles,2021-02-14,21878,1605285,14966,812814,6912,792471,0,0,8779,768026,13039,416876,8782,1184902,California
Los Angeles,2021-02-15,32422,1637707,15850,828664,16572,809043,0,0,17789,771249,14572,431448,17795,1202697,California
Los Angeles,2021-02-16,63948,1701655,32490,861154,31458,840501,0,0,29841,767080,34022,465470,29853,1232550,California
Los Angeles,2021-02-17,63990,1765645,34258,895412,29732,870233,0,0,26351,755967,37470,502940,26357,1258907,California
Los Angeles,2021-02-18,68170,1833815,34685,930097,33485,903718,0,0,28589,745158,39407,542347,28598,1287505,California
Los Angeles,2021-02-19,58050,1891865,35881,965978,22169,925887,0,0,28478,744175,29475,571822,28492,1315997,California
Los Angeles,2021-02-20,32746,1924611,23847,989825,8899,934786,0,0,15751,742982,16953,588775,15760,1331757,California
Los Angeles,2021-02-21,16674,1941285,15024,1004849,1650,936436,0,0,8493,743332,8146,596921,8496,1340253,California
Los Angeles,2021-02-22,34269,1975554,24951,1029800,9318,945754,0,0,17718,744582,16479,613400,17729,1357982,California
Los Angeles,2021-02-23,53585,2029139,22736,1052536,30849,976603,0,0,21105,733321,32377,645777,21116,1379098,California
Los Angeles,2021-02-24,64164,2093303,28333,1080869,35831,1012434,0,0,28283,725902,35719,681496,28300,1407398,California
Los Angeles,2021-02-25,73456,2166759,33708,1114577,39748,1052182,0,0,38567,729747,34734,716230,38579,1445977,California
Los Angeles,2021-02-26,82697,2249456,38551,1153128,44146,1096328,0,0,47331,741967,35139,751369,47359,1493336,California
Los Angeles,2021-02-27,58582,2308038,24930,1178058,33648,1129976,4,4,29945,743443,28496,779865,29972,1523308,California
Los Angeles,2021-02-28,26788,2334826,18486,1196544,8301,1138277,1,5,18846,754451,7846,787711,18854,1542162,California
Los Angeles,2021-03-01,55486,2390312,31088,1227632,24382,1162659,16,21,33640,766430,21692,809403,33671,1575833,California
Los Angeles,2021-03-02,70901,2461213,31437,1259069,39462,1202121,2,23,43343,782344,27441,836844,43355,1619188,California
Los Angeles,2021-03-03,82646,2543859,41555,1300624,41082,1243203,9,32,51968,803820,30523,867367,51999,1671187,California
Los Angeles,2021-03-04,89537,2633396,45700,1346324,43827,1287030,10,42,56514,827512,32850,900217,56542,1727729,California
Los Angeles,2021-03-05,87564,2720960,42625,1388949,44913,1331943,26,68,58372,856926,29017,929234,58431,1786160,California
Los Angeles,2021-03-06,66124,2787084,33249,1422198,31065,1363008,1810,1878,42591,877936,23397,952631,44407,1830567,California
Los Angeles,2021-03-07,25657,2812741,19290,1441488,5569,1368577,798,2676,19776,892652,5856,958487,20572,1851139,California
Los Angeles,2021-03-08,51326,2864067,26650,1468138,22734,1391311,1942,4618,38590,920540,12641,971128,40529,1891668,California
Los Angeles,2021-03-09,68852,2932919,26383,1494521,39199,1430510,3270,7888,41136,937369,27569,998697,44398,1936066,California
Los Angeles,2021-03-10,78799,3011718,37231,1531752,36922,1467432,4646,12534,49489,962310,29161,1027858,54102,1990168,California
Los Angeles,2021-03-11,91738,3103456,44716,1576468,40590,1508022,6432,18966,53821,984785,37744,1065602,60219,2050387,California
Los Angeles,2021-03-12,96615,3200071,42812,1619280,40058,1548080,13745,32711,56126,1014298,40312,1105914,69825,2120212,California
Los Angeles,2021-03-13,73919,3273990,34366,1653646,27656,1575736,11897,44608,43967,1040272,29849,1135763,55823,2176035,California
Los Angeles,2021-03-14,38025,3312015,25406,1679052,10205,1585941,2414,47022,25499,1055700,12467,1148230,27895,2203930,California
Los Angeles,2021-03-15,73418,3385433,35498,1714550,32591,1618532,5329,52351,44798,1077372,28438,1176668,50110,2254040,California
Los Angeles,2021-03-16,98225,3483658,42428,1756978,50039,1668571,5758,58109,64167,1113387,33882,1210550,69897,2323937,California
Los Angeles,2021-03-17,95123,3578781,42754,1799732,44180,1712751,8189,66298,63910,1154352,31029,1241579,71994,2395931,California
Los Angeles,2021-03-18,99814,3678595,47202,1846934,47428,1760179,5184,71482,63676,1187327,35875,1277454,68850,2464781,California
Los Angeles,2021-03-19,106321,3784916,55057,1901991,46594,1806773,4670,76152,66120,1218119,39952,1317406,70744,2535525,California
Los Angeles,2021-03-20,74953,3859869,36557,1938548,33890,1840663,4506,80658,51982,1251782,22811,1340217,56474,2591999,California
Los Angeles,2021-03-21,33542,3893411,24753,1963301,7946,1848609,843,81501,21789,1262763,11650,1351867,22631,2614630,California
Los Angeles,2021-03-22,67879,3961290,40182,2003483,25700,1874309,1997,83498,48352,1293793,19315,1371182,50345,2664975,California
Los Angeles,2021-03-23,93536,4054826,50524,2054007,40094,1914403,2918,86416,62045,1327480,31266,1402448,64953,2729928,California
Los Angeles,2021-03-24,102056,4156882,54213,2108220,44978,1959381,2865,89281,60541,1349642,41232,1443680,63394,2793322,California
Los Angeles,2021-03-25,107340,4264222,57433,2165653,46248,2005629,3659,92940,61630,1369463,45453,1489133,65274,2858596,California
Los Angeles,2021-03-26,111701,4375923,60874,2226527,46738,2052367,4089,97029,63671,1389416,47786,1536919,67739,2926335,California
Los Angeles,2021-03-27,81268,4457191,42789,2269316,36362,2088729,2117,99146,42234,1394958,38809,1575728,44351,2970686,California
Los Angeles,2021-03-28,40820,4498011,27298,2296614,12939,2101668,583,99729,20756,1396324,19973,1595701,21339,2992025,California
Los Angeles,2021-03-29,81209,4579220,45856,2342470,33758,2135426,1595,101324,46576,1410035,34455,1630156,48166,3040191,California
Los Angeles,2021-03-30,106698,4685918,50260,2392730,50727,2186153,5711,107035,65530,1440288,40966,1671122,71219,3111410,California
Los Angeles,2021-03-31,119623,4805541,60080,2452810,51045,2237198,8498,115533,70074,1469503,49318,1720440,78533,3189943,California
Los Angeles,2021-04-01,129878,4935419,60655,2513465,54460,2291658,14763,130296,70776,1496132,58856,1779296,85485,3275428,California
Los Angeles,2021-04-02,127847,5063266,56485,2569950,56538,2348196,14824,145120,68877,1521136,58679,1837975,83683,3359111,California
Los Angeles,2021-04-03,95968,5159234,43784,2613734,39174,2387370,13010,158130,47713,1533716,48098,1886073,60678,3419789,California
Los Angeles,2021-04-04,38876,5198110,20316,2634050,11990,2399360,6570,164700,16682,1534815,22130,1908203,23229,3443018,California
Los Angeles,2021-04-05,92796,5290906,43935,2677985,38862,2438222,9999,174699,44752,1541636,47881,1956084,54702,3497720,California
Los Angeles,2021-04-06,119695,5410601,56370,2734355,43259,2481481,20066,194765,55563,1553263,63919,2020003,75546,3573266,California
Los Angeles,2021-04-07,118377,5528978,53885,2788240,43646,2525127,20846,215611,54166,1564202,63990,2083993,74929,3648195,California
Los Angeles,2021-04-08,131010,5659988,57776,2846016,49419,2574546,23815,239426,59763,1576682,70997,2154990,83477,3731672,California
Los Angeles,2021-04-09,129147,5789135,56006,2902022,49646,2624192,23495,262921,56154,1583481,72741,2227731,79540,3811212,California
Los Angeles,2021-04-10,100309,5889444,42662,2944684,33876,2658068,23771,286692,37179,1581427,62926,2290657,60872,3872084,California
Los Angeles,2021-04-11,41454,5930898,22426,2967110,9578,2667646,9450,296142,14436,1578326,26952,2317609,23851,3895935,California
Los Angeles,2021-04-12,78045,6008943,38305,3005415,33532,2701178,6208,302350,32570,1571769,45296,2362905,38739,3934674,California
Los Angeles,2021-04-13,116584,6125527,58749,3064164,57415,2758593,420,302770,61804,1579420,54576,2417481,62227,3996901,California
Los Angeles,2021-04-14,116335,6241862,58698,3122862,57512,2816105,125,302895,63327,1590088,52777,2470258,63445,4060346,California
Los Angeles,2021-04-15,125935,6367797,67984,3190846,57784,2873889,167,303062,71651,1607849,54055,2524313,71816,4132162,California
Los Angeles,2021-04-16,127573,6495370,67927,3258773,59503,2933392,143,303205,67446,1615547,59893,2584206,67591,4199753,California
Los Angeles,2021-04-17,96335,6591705,50592,3309365,45718,2979110,25,303230,54927,1629273,41232,2625438,54958,4254711,California
Los Angeles,2021-04-18,33735,6625440,22372,3331737,11362,2990472,1,303231,18662,1632927,15015,2640453,18669,4273380,California
Los Angeles,2021-04-19,73854,6699294,39358,3371095,34473,3024945,23,303254,33176,1625606,40527,2680980,33206,4306586,California
Los Angeles,2021-04-20,100665,6799959,49287,3420382,51363,3076308,15,303269,50206,1625575,50253,2731233,50222,4356808,California
Los Angeles,2021-04-21,107994,6907953,51905,3472287,55900,3132208,189,303458,48249,1614528,59487,2790720,48440,4405248,California
Los Angeles,2021-04-22,113635,7021588,58662,3530949,54939,3187147,34,303492,50124,1601437,63254,2853974,50163,4455411,California
Los Angeles,2021-04-23,112284,7133872,61458,3592407,50810,3237957,16,303508,53571,1596570,58456,2912430,53589,4509000,California
Los Angeles,2021-04-24,86961,7220833,55862,3648269,31073,3269030,26,303534,48901,1607635,37866,2950296,48931,4557931,California
Los Angeles,2021-04-25,37678,7258511,25023,3673292,12650,3281680,5,303539,20386,1610819,17207,2967503,20391,4578322,California
Los Angeles,2021-04-26,65929,7324440,35367,3708659,30118,3311798,444,303983,32967,1611430,32793,3000296,33404,4611726,California
Los Angeles,2021-04-27,83416,7407856,40090,3748749,41660,3353458,1666,305649,31780,1593463,51406,3051702,33439,4645165,California
Los Angeles,2021-04-28,80266,7488122,38158,3786907,40152,3393610,1956,307605,30977,1577342,49052,3100754,32931,4678096,California
Los Angeles,2021-04-29,77611,7565733,38246,3825153,37728,3431338,1637,309242,28004,1557650,49334,3150088,29642,4707738,California
Los Angeles,2021-04-30,66265,7631998,33031,3858184,31819,3463157,1415,310657,22760,1538551,43268,3193356,24169,4731907,California
Los Angeles,2021-05-01,49817,7681815,28023,3886207,21076,3484233,718,311375,18802,1527195,30874,3224230,19518,4751425,California
Los Angeles,2021-05-02,11298,7693113,8967,3895174,2250,3486483,81,311456,5360,1526741,5894,3230124,5440,4756865,California
Los Angeles,2021-05-03,35320,7728433,15930,3911104,18206,3504689,1184,312640,13394,1519522,21790,3251914,14571,4771436,California
Madera,2020-12-16,22,22,22,22,0,0,0,0,22,22,0,0,22,22,California
Madera,2020-12-17,13,35,13,35,0,0,0,0,13,35,0,0,13,35,California
Madera,2020-12-18,61,96,61,96,0,0,0,0,61,96,0,0,61,96,California
Madera,2020-12-19,5,101,5,101,0,0,0,0,5,101,0,0,5,101,California
Madera,2020-12-20,14,115,14,115,0,0,0,0,14,115,0,0,14,115,California
Madera,2020-12-21,60,175,60,175,0,0,0,0,60,175,0,0,60,175,California
Madera,2020-12-22,97,272,95,270,2,2,0,0,97,272,0,0,97,272,California
Madera,2020-12-23,68,340,68,338,0,2,0,0,68,340,0,0,68,340,California
Madera,2020-12-24,45,385,40,378,5,7,0,0,45,385,0,0,45,385,California
Madera,2020-12-26,28,413,26,404,2,9,0,0,28,413,0,0,28,413,California
Madera,2020-12-27,30,443,12,416,18,27,0,0,30,443,0,0,30,443,California
Madera,2020-12-28,107,550,37,453,70,97,0,0,107,550,0,0,107,550,California
Madera,2020-12-29,175,725,40,493,135,232,0,0,175,725,0,0,175,725,California
Madera,2020-12-30,218,943,86,579,132,364,0,0,218,943,0,0,218,943,California
Madera,2020-12-31,201,1144,80,659,121,485,0,0,201,1144,0,0,201,1144,California
Madera,2021-01-01,1,1145,1,660,0,485,0,0,1,1145,0,0,1,1145,California
Madera,2021-01-02,90,1235,34,694,56,541,0,0,90,1235,0,0,90,1235,California
Madera,2021-01-03,5,1240,5,699,0,541,0,0,5,1240,0,0,5,1240,California
Madera,2021-01-04,129,1369,65,764,64,605,0,0,129,1369,0,0,129,1369,California
Madera,2021-01-05,279,1648,143,907,136,741,0,0,275,1640,4,4,275,1644,California
Madera,2021-01-06,184,1832,27,934,157,898,0,0,164,1784,20,24,164,1808,California
Madera,2021-01-07,396,2228,113,1047,283,1181,0,0,374,2136,22,46,374,2182,California
Madera,2021-01-08,419,2647,72,1119,347,1528,0,0,364,2447,54,100,365,2547,California
Madera,2021-01-09,37,2684,14,1133,23,1551,0,0,28,2466,9,109,28,2575,California
Madera,2021-01-10,17,2701,14,1147,3,1554,0,0,5,2459,12,121,5,2580,California
Madera,2021-01-11,238,2939,190,1337,48,1602,0,0,195,2611,43,164,195,2775,California
Madera,2021-01-12,390,3329,157,1494,233,1835,0,0,284,2789,106,270,284,3059,California
Madera,2021-01-13,185,3514,91,1585,94,1929,0,0,129,2863,56,326,130,3189,California
Madera,2021-01-14,554,4068,82,1667,472,2401,0,0,520,3349,34,360,520,3709,California
Madera,2021-01-15,600,4668,160,1827,440,2841,0,0,579,3907,21,381,579,4288,California
Madera,2021-01-16,382,5050,47,1874,335,3176,0,0,353,4231,29,410,353,4641,California
Madera,2021-01-17,335,5385,15,1889,320,3496,0,0,331,4558,4,414,331,4972,California
Madera,2021-01-18,77,5462,61,1950,16,3512,0,0,58,4598,18,432,58,5030,California
Madera,2021-01-19,571,6033,135,2085,436,3948,0,0,544,5116,27,459,545,5575,California
Madera,2021-01-20,235,6268,80,2165,155,4103,0,0,207,5296,27,486,207,5782,California
Madera,2021-01-21,237,6505,130,2295,107,4210,0,0,204,5469,31,517,204,5986,California
Madera,2021-01-22,257,6762,83,2378,174,4384,0,0,243,5698,14,531,243,6229,California
Madera,2021-01-23,100,6862,52,2430,48,4432,0,0,76,5750,24,555,76,6305,California
Madera,2021-01-24,101,6963,82,2512,19,4451,0,0,78,5805,23,578,78,6383,California
Madera,2021-01-25,255,7218,124,2636,131,4582,0,0,141,5832,114,692,141,6524,California
Madera,2021-01-26,483,7701,189,2825,294,4876,0,0,293,5938,189,881,295,6819,California
Madera,2021-01-27,736,8437,63,2888,673,5549,0,0,600,6403,136,1017,601,7420,California
Madera,2021-01-28,541,8978,106,2994,435,5984,0,0,438,6738,103,1120,438,7858,California
Madera,2021-01-29,468,9446,95,3089,373,6357,0,0,412,7094,56,1176,412,8270,California
Madera,2021-01-30,505,9951,16,3105,489,6846,0,0,451,7491,54,1230,451,8721,California
Madera,2021-01-31,10,9961,7,3112,3,6849,0,0,9,7499,1,1231,9,8730,California
Madera,2021-02-01,257,10218,73,3185,184,7033,0,0,197,7636,60,1291,197,8927,California
Madera,2021-02-02,252,10470,87,3272,165,7198,0,0,161,7708,90,1381,162,9089,California
Madera,2021-02-03,593,11063,459,3731,134,7332,0,0,474,8066,117,1498,475,9564,California
Madera,2021-02-04,388,11451,121,3852,267,7599,0,0,111,7902,276,1774,112,9676,California
Madera,2021-02-05,975,12426,297,4149,678,8277,0,0,369,7671,601,2375,370,10046,California
Madera,2021-02-06,360,12786,325,4474,35,8312,0,0,321,7954,38,2413,321,10367,California
Madera,2021-02-07,35,12821,7,4481,28,8340,0,0,30,7979,5,2418,30,10397,California
Madera,2021-02-08,384,13205,308,4789,76,8416,0,0,270,8136,113,2531,270,10667,California
Madera,2021-02-09,479,13684,119,4908,360,8776,0,0,197,8055,279,2810,198,10865,California
Madera,2021-02-10,428,14112,148,5056,280,9056,0,0,322,8271,106,2916,322,11187,California
Madera,2021-02-11,936,15048,307,5363,629,9685,0,0,407,8151,528,3444,408,11595,California
Madera,2021-02-12,843,15891,119,5482,724,10409,0,0,310,7937,527,3971,313,11908,California
Madera,2021-02-13,485,16376,44,5526,441,10850,0,0,139,7733,345,4316,141,12049,California
Madera,2021-02-14,399,16775,75,5601,324,11174,0,0,137,7609,262,4578,138,12187,California
Madera,2021-02-15,244,17019,98,5699,146,11320,0,0,175,7716,68,4646,175,12362,California
Madera,2021-02-16,775,17794,183,5882,592,11912,0,0,230,7405,542,5188,231,12593,California
Madera,2021-02-17,608,18402,273,6155,335,12247,0,0,338,7480,265,5453,340,12933,California
Madera,2021-02-18,1299,19701,540,6695,759,13006,0,0,1121,8425,178,5631,1123,14056,California
Madera,2021-02-19,861,20562,545,7240,316,13322,0,0,719,9004,142,5773,721,14777,California
Madera,2021-02-20,1069,21631,978,8218,91,13413,0,0,998,9933,70,5843,999,15776,California
Madera,2021-02-21,964,22595,821,9039,143,13556,0,0,958,10885,6,5849,958,16734,California
Madera,2021-02-22,908,23503,832,9871,76,13632,0,0,854,11685,54,5903,854,17588,California
Madera,2021-02-23,769,24272,496,10367,273,13905,0,0,549,12015,219,6122,549,18137,California
Madera,2021-02-24,906,25178,300,10667,606,14511,0,0,378,11865,528,6650,378,18515,California
Madera,2021-02-25,1016,26194,306,10973,710,15221,0,0,586,12023,428,7078,586,19101,California
Madera,2021-02-26,1071,27265,185,11158,886,16107,0,0,696,12346,373,7451,696,19797,California
Madera,2021-02-27,872,28137,245,11403,627,16734,0,0,449,12378,420,7871,452,20249,California
Madera,2021-02-28,188,28325,29,11432,159,16893,0,0,182,12554,6,7877,182,20431,California
Madera,2021-03-01,373,28698,119,11551,254,17147,0,0,193,12569,178,8055,193,20624,California
Madera,2021-03-02,650,29348,268,11819,382,17529,0,0,538,12996,112,8167,539,21163,California
Madera,2021-03-03,1318,30666,705,12524,613,18142,0,0,918,13541,397,8564,942,22105,California
Madera,2021-03-04,1172,31838,505,13029,667,18809,0,0,927,14225,246,8810,930,23035,California
Madera,2021-03-05,1326,33164,406,13435,908,19717,12,12,1063,15050,261,9071,1086,24121,California
Madera,2021-03-06,803,33967,622,14057,149,19866,32,44,484,15248,319,9390,517,24638,California
Madera,2021-03-07,153,34120,27,14084,104,19970,22,66,103,15323,50,9440,125,24763,California
Madera,2021-03-08,596,34716,335,14419,202,20172,59,125,303,15394,293,9733,364,25127,California
Madera,2021-03-09,454,35170,160,14579,260,20432,34,159,276,15536,176,9909,318,25445,California
Madera,2021-03-10,1131,36301,508,15087,546,20978,77,236,705,15897,422,10331,783,26228,California
Madera,2021-03-11,1659,37960,844,15931,483,21461,332,568,748,16079,909,11240,1091,27319,California
Madera,2021-03-12,1529,39489,777,16708,597,22058,155,723,751,16234,776,12016,931,28250,California
Madera,2021-03-13,1812,41301,1269,17977,345,22403,198,921,746,16130,1064,13080,960,29210,California
Madera,2021-03-14,581,41882,448,18425,101,22504,32,953,293,16169,286,13366,325,29535,California
Madera,2021-03-15,729,42611,213,18638,469,22973,47,1000,506,16527,220,13586,578,30113,California
Madera,2021-03-16,820,43431,421,19059,352,23325,47,1047,638,17050,179,13765,702,30815,California
Madera,2021-03-17,1413,44844,932,19991,419,23744,62,1109,860,17517,545,14310,1012,31827,California
Madera,2021-03-18,1871,46715,647,20638,1164,24908,60,1169,909,17615,955,15265,1053,32880,California
Madera,2021-03-19,1494,48209,587,21225,823,25731,84,1253,960,18195,528,15793,1108,33988,California
Madera,2021-03-20,1129,49338,772,21997,306,26037,51,1304,579,18322,549,16342,676,34664,California
Madera,2021-03-21,1073,50411,872,22869,156,26193,45,1349,357,18012,713,17055,403,35067,California
Madera,2021-03-22,1358,51769,852,23721,438,26631,68,1417,686,18139,669,17724,796,35863,California
Madera,2021-03-23,1396,53165,840,24561,465,27096,91,1508,737,18392,657,18381,910,36773,California
Madera,2021-03-24,904,54069,469,25030,404,27500,31,1539,599,18723,303,18684,634,37407,California
Madera,2021-03-25,1122,55191,488,25518,610,28110,24,1563,644,18937,467,19151,681,38088,California
Madera,2021-03-26,1439,56630,509,26027,798,28908,132,1695,675,18989,758,19909,810,38898,California
Madera,2021-03-27,830,57460,530,26557,279,29187,21,1716,373,18932,451,20360,394,39292,California
Madera,2021-03-28,419,57879,136,26693,222,29409,61,1777,229,19085,189,20549,342,39634,California
Madera,2021-03-29,678,58557,178,26871,473,29882,27,1804,488,19417,187,20736,519,40153,California
Madera,2021-03-30,1014,59571,561,27432,421,30303,32,1836,556,19551,455,21191,589,40742,California
Madera,2021-03-31,1319,60890,487,27919,697,31000,135,1971,447,19268,866,22057,583,41325,California
Madera,2021-04-01,1225,62115,537,28456,639,31639,49,2020,438,18971,782,22839,485,41810,California
Madera,2021-04-02,1526,63641,408,28864,1059,32698,59,2079,472,18460,1044,23883,533,42343,California
Madera,2021-04-03,874,64515,683,29547,171,32869,20,2099,381,18379,491,24374,410,42753,California
Madera,2021-04-04,184,64699,65,29612,117,32986,2,2101,85,18367,99,24473,87,42840,California
Madera,2021-04-05,734,65433,255,29867,421,33407,58,2159,340,18386,393,24866,412,43252,California
Madera,2021-04-06,1688,67121,878,30745,462,33869,348,2507,635,18316,1052,25918,982,44234,California
Madera,2021-04-07,1198,68319,372,31117,677,34546,149,2656,454,18184,740,26658,608,44842,California
Madera,2021-04-08,1696,70015,657,31774,785,35331,254,2910,572,17897,1120,27778,833,45675,California
Madera,2021-04-09,1608,71623,670,32444,790,36121,148,3058,939,18323,664,28442,1090,46765,California
Madera,2021-04-10,953,72576,678,33122,208,36329,67,3125,707,18852,246,28688,775,47540,California
Madera,2021-04-11,775,73351,628,33750,69,36398,78,3203,286,18727,487,29175,362,47902,California
Madera,2021-04-12,779,74130,266,34016,435,36833,78,3281,302,18631,477,29652,381,48283,California
Madera,2021-04-13,1234,75364,609,34625,584,37417,41,3322,732,18914,500,30152,783,49066,California
Madera,2021-04-14,1361,76725,837,35462,524,37941,0,3322,575,18711,784,30936,581,49647,California
Madera,2021-04-15,1083,77808,455,35917,627,38568,1,3323,431,18503,641,31577,433,50080,California
Madera,2021-04-16,1279,79087,518,36435,761,39329,0,3323,443,18121,826,32403,444,50524,California
Madera,2021-04-17,1265,80352,1065,37500,200,39529,0,3323,827,18511,437,32840,827,51351,California
Madera,2021-04-18,244,80596,207,37707,37,39566,0,3323,99,18466,144,32984,99,51450,California
Madera,2021-04-19,796,81392,232,37939,563,40129,1,3324,269,18215,521,33505,270,51720,California
Madera,2021-04-20,865,82257,424,38363,441,40570,0,3324,237,17829,625,34130,239,51959,California
Madera,2021-04-21,853,83110,448,38811,405,40975,0,3324,299,17579,551,34681,301,52260,California
Madera,2021-04-22,1053,84163,510,39321,543,41518,0,3324,392,17315,657,35338,393,52653,California
Madera,2021-04-23,916,85079,294,39615,621,42139,1,3325,313,17030,599,35937,314,52967,California
Madera,2021-04-24,703,85782,464,40079,239,42378,0,3325,284,16900,415,36352,285,53252,California
Madera,2021-04-25,264,86046,160,40239,101,42479,3,3328,118,16879,143,36495,122,53374,California
Madera,2021-04-26,500,86546,89,40328,406,42885,5,3333,102,16589,397,36892,107,53481,California
Madera,2021-04-27,554,87100,258,40586,275,43160,21,3354,295,16648,258,37150,317,53798,California
Madera,2021-04-28,433,87533,189,40775,228,43388,16,3370,217,16666,215,37365,233,54031,California
Madera,2021-04-29,447,87980,200,40975,218,43606,29,3399,225,16705,215,37580,254,54285,California
Madera,2021-04-30,732,88712,456,41431,268,43874,8,3407,184,16352,545,38125,192,54477,California
Madera,2021-05-01,815,89527,770,42201,41,43915,4,3411,308,16157,507,38632,312,54789,California
Madera,2021-05-02,330,89857,317,42518,12,43927,1,3412,121,16070,209,38841,122,54911,California
Madera,2021-05-03,265,90122,132,42650,117,44044,16,3428,56,15934,208,39049,72,54983,California
Marin,2020-12-15,2,2,2,2,0,0,0,0,2,2,0,0,2,2,California
Marin,2020-12-16,107,109,107,109,0,0,0,0,107,109,0,0,107,109,California
Marin,2020-12-17,260,369,260,369,0,0,0,0,260,369,0,0,260,369,California
Marin,2020-12-18,373,742,373,742,0,0,0,0,373,742,0,0,373,742,California
Marin,2020-12-19,349,1091,348,1090,1,1,0,0,349,1091,0,0,349,1091,California
Marin,2020-12-20,167,1258,166,1256,1,2,0,0,167,1258,0,0,167,1258,California
Marin,2020-12-21,238,1496,235,1491,3,5,0,0,238,1496,0,0,238,1496,California
Marin,2020-12-22,522,2018,318,1809,204,209,0,0,522,2018,0,0,522,2018,California
Marin,2020-12-23,730,2748,321,2130,409,618,0,0,730,2748,0,0,730,2748,California
Marin,2020-12-24,357,3105,159,2289,198,816,0,0,357,3105,0,0,357,3105,California
Marin,2020-12-25,27,3132,0,2289,27,843,0,0,27,3132,0,0,27,3132,California
Marin,2020-12-26,142,3274,93,2382,49,892,0,0,142,3274,0,0,142,3274,California
Marin,2020-12-27,92,3366,55,2437,37,929,0,0,92,3366,0,0,92,3366,California
Marin,2020-12-28,408,3774,99,2536,309,1238,0,0,408,3774,0,0,408,3774,California
Marin,2020-12-29,402,4176,88,2624,314,1552,0,0,402,4176,0,0,402,4176,California
Marin,2020-12-30,626,4802,388,3012,238,1790,0,0,626,4802,0,0,626,4802,California
Marin,2020-12-31,196,4998,33,3045,163,1953,0,0,196,4998,0,0,196,4998,California
Marin,2021-01-01,15,5013,6,3051,9,1962,0,0,15,5013,0,0,15,5013,California
Marin,2021-01-02,105,5118,99,3150,6,1968,0,0,105,5118,0,0,105,5118,California
Marin,2021-01-03,54,5172,36,3186,18,1986,0,0,51,5169,0,0,51,5169,California
Marin,2021-01-04,293,5465,189,3375,104,2090,0,0,292,5460,1,1,292,5461,California
Marin,2021-01-05,365,5830,222,3597,143,2233,0,0,322,5739,43,44,322,5783,California
Marin,2021-01-06,819,6649,318,3915,501,2734,0,0,641,6202,178,222,641,6424,California
Marin,2021-01-07,889,7538,501,4416,388,3122,0,0,543,6399,346,568,543,6967,California
Marin,2021-01-08,971,8509,515,4931,456,3578,0,0,594,6617,376,944,594,7561,California
Marin,2021-01-09,618,9127,223,5154,395,3973,0,0,486,6971,132,1076,486,8047,California
Marin,2021-01-10,128,9255,99,5253,29,4002,0,0,54,6951,74,1150,54,8101,California
Marin,2021-01-11,467,9722,326,5579,141,4143,0,0,247,6980,220,1370,249,8350,California
Marin,2021-01-12,936,10658,539,6118,397,4540,0,0,568,7183,365,1735,568,8918,California
Marin,2021-01-13,1175,11833,498,6616,677,5217,0,0,937,7882,238,1973,937,9855,California
Marin,2021-01-14,1067,12900,318,6934,749,5966,0,0,917,8651,148,2121,917,10772,California
Marin,2021-01-15,1153,14053,354,7288,799,6765,0,0,1023,9546,129,2250,1024,11796,California
Marin,2021-01-16,1119,15172,914,8202,205,6970,0,0,1045,10517,74,2324,1045,12841,California
Marin,2021-01-17,1232,16404,1113,9315,119,7089,0,0,1204,11697,27,2351,1207,14048,California
Marin,2021-01-18,360,16764,159,9474,201,7290,0,0,309,11955,51,2402,309,14357,California
Marin,2021-01-19,1154,17918,912,10386,242,7532,0,0,982,12766,171,2573,982,15339,California
Marin,2021-01-20,1786,19704,1204,11590,582,8114,0,0,1056,13103,719,3292,1056,16395,California
Marin,2021-01-21,1683,21387,1061,12651,622,8736,0,0,1331,14087,349,3641,1333,17728,California
Marin,2021-01-22,1698,23085,1087,13738,611,9347,0,0,1530,15449,168,3809,1530,19258,California
Marin,2021-01-23,1843,24928,1342,15080,501,9848,0,0,1756,17119,86,3895,1756,21014,California
Marin,2021-01-24,613,25541,166,15246,447,10295,0,0,581,17668,32,3927,581,21595,California
Marin,2021-01-25,1124,26665,227,15473,897,11192,0,0,692,17929,432,4359,693,22288,California
Marin,2021-01-26,1502,28167,780,16253,722,11914,0,0,1124,18676,377,4736,1124,23412,California
Marin,2021-01-27,1704,29871,876,17129,828,12742,0,0,1352,19679,350,5086,1353,24765,California
Marin,2021-01-28,2077,31948,1068,18197,1009,13751,0,0,1813,21230,263,5349,1814,26579,California
Marin,2021-01-29,2195,34143,1446,19643,749,14500,0,0,1992,23032,191,5540,1993,28572,California
Marin,2021-01-30,1720,35863,905,20548,815,15315,0,0,1642,24597,78,5618,1643,30215,California
Marin,2021-01-31,454,36317,317,20865,137,15452,0,0,429,25001,25,5643,429,30644,California
Marin,2021-02-01,1089,37406,417,21282,672,16124,0,0,890,25693,199,5842,891,31535,California
Marin,2021-02-02,1352,38758,462,21744,890,17014,0,0,725,25801,617,6459,725,32260,California
Marin,2021-02-03,1781,40539,429,22173,1352,18366,0,0,1256,26533,524,6983,1256,33516,California
Marin,2021-02-04,1539,42078,513,22686,1026,19392,0,0,936,26869,600,7583,936,34452,California
Marin,2021-02-05,2176,44254,682,23368,1494,20886,0,0,1338,27373,834,8417,1338,35790,California
Marin,2021-02-06,1425,45679,850,24218,575,21461,0,0,603,27155,821,9238,603,36393,California
Marin,2021-02-07,1288,46967,1006,25224,282,21743,0,0,489,26846,798,10036,489,36882,California
Marin,2021-02-08,1517,48484,753,25977,764,22507,0,0,725,26781,790,10826,725,37607,California
Marin,2021-02-09,1781,50265,1121,27098,660,23167,0,0,836,26672,945,11771,836,38443,California
Marin,2021-02-10,2336,52601,1490,28588,846,24013,0,0,1218,26775,1116,12887,1219,39662,California
Marin,2021-02-11,2866,55467,1644,30232,1222,25235,0,0,1453,26823,1408,14295,1456,41118,California
Marin,2021-02-12,3064,58531,1540,31772,1524,26759,0,0,1568,26898,1493,15788,1568,42686,California
Marin,2021-02-13,2334,60865,1243,33015,1091,27850,0,0,1127,26820,1205,16993,1127,43813,California
Marin,2021-02-14,811,61676,302,33317,509,28359,0,0,718,27446,93,17086,719,44532,California
Marin,2021-02-15,1216,62892,355,33672,861,29220,0,0,836,27904,379,17465,837,45369,California
Marin,2021-02-16,2461,65353,1055,34727,1406,30626,0,0,1502,28448,958,18423,1502,46871,California
Marin,2021-02-17,2098,67451,942,35669,1156,31782,0,0,1085,28523,1011,19434,1086,47957,California
Marin,2021-02-18,2417,69868,1582,37251,835,32617,0,0,1062,28231,1354,20788,1062,49019,California
Marin,2021-02-19,2758,72626,2155,39406,603,33220,0,0,1221,27928,1525,22313,1222,50241,California
Marin,2021-02-20,2565,75191,2112,41518,453,33673,0,0,1216,27802,1343,23656,1217,51458,California
Marin,2021-02-21,1281,76472,1089,42607,192,33865,0,0,907,28339,370,24026,907,52365,California
Marin,2021-02-22,1824,78296,1406,44013,418,34283,0,0,1214,28945,608,24634,1214,53579,California
Marin,2021-02-23,2835,81131,1616,45629,1219,35502,0,0,1908,29936,918,25552,1909,55488,California
Marin,2021-02-24,3511,84642,1608,47237,1903,37405,0,0,2257,30947,1247,26799,2258,57746,California
Marin,2021-02-25,3927,88569,1808,49045,2119,39524,0,0,2770,32568,1150,27949,2771,60517,California
Marin,2021-02-26,3487,92056,1884,50929,1603,41127,0,0,2530,34154,945,28894,2531,63048,California
Marin,2021-02-27,2608,94664,1495,52424,1113,42240,0,0,1775,35101,830,29724,1777,64825,California
Marin,2021-02-28,1378,96042,917,53341,461,42701,0,0,1042,35810,333,30057,1042,65867,California
Marin,2021-03-01,2478,98520,1537,54878,941,43642,0,0,1666,36669,807,30864,1666,67533,California
Marin,2021-03-02,2438,100958,1602,56480,835,44477,1,1,1687,37609,748,31612,1688,69221,California
Marin,2021-03-03,4303,105261,2387,58867,1913,46390,3,4,2790,38894,1508,33120,2793,72014,California
Marin,2021-03-04,3343,108604,1646,60513,1696,48086,1,5,2332,40226,1004,34124,2336,74350,California
Marin,2021-03-05,3032,111636,1138,61651,1882,49968,12,17,1779,40767,1250,35374,1791,76141,California
Marin,2021-03-06,3226,114862,2314,63965,834,50802,78,95,2653,42929,568,35942,2730,78871,California
Marin,2021-03-07,1371,116233,1153,65118,194,50996,24,119,981,43548,386,36328,1005,79876,California
Marin,2021-03-08,1873,118106,1368,66486,388,51384,117,236,1408,44611,462,36790,1525,81401,California
Marin,2021-03-09,2100,120206,1217,67703,776,52160,107,343,1426,45472,672,37462,1533,82934,California
Marin,2021-03-10,4396,124602,2458,70161,1658,53818,280,623,3171,47703,1221,38683,3452,86386,California
Marin,2021-03-11,4565,129167,1875,72036,2555,56373,135,758,3274,49828,1284,39967,3409,89795,California
Marin,2021-03-12,3973,133140,1536,73572,2081,58454,356,1114,1563,49348,2399,42366,1919,91714,California
Marin,2021-03-13,4091,137231,2856,76428,1163,59617,72,1186,2419,50164,1670,44036,2486,94200,California
Marin,2021-03-14,2273,139504,1096,77524,1060,60677,117,1303,726,49462,1545,45581,843,95043,California
Marin,2021-03-15,3228,142732,1761,79285,1420,62097,47,1350,1218,48726,2000,47581,1264,96307,California
Marin,2021-03-16,4293,147025,2309,81594,1620,63717,364,1714,1519,47836,2771,50352,1881,98188,California
Marin,2021-03-17,4174,151199,2265,83859,1865,65582,44,1758,2054,47824,2109,52461,2097,100285,California
Marin,2021-03-18,4474,155673,2249,86108,2150,67732,75,1833,2243,47923,2217,54678,2316,102601,California
Marin,2021-03-19,4462,160135,2279,88387,1965,69697,218,2051,2428,48542,2026,56704,2645,105246,California
Marin,2021-03-20,3577,163712,1982,90369,1481,71178,114,2165,2035,49157,1535,58239,2150,107396,California
Marin,2021-03-21,1529,165241,1126,91495,378,71556,25,2190,796,49247,731,58970,821,108217,California
Marin,2021-03-22,2465,167706,2131,93626,169,71725,165,2355,990,48931,1471,60441,1155,109372,California
Marin,2021-03-23,4237,171943,2190,95816,1917,73642,130,2485,1937,48704,2294,62735,2067,111439,California
Marin,2021-03-24,4416,176359,2896,98712,1416,75058,104,2589,1796,47993,2609,65344,1898,113337,California
Marin,2021-03-25,4636,180995,2832,101544,1736,76794,68,2657,2265,47965,2359,67703,2331,115668,California
Marin,2021-03-26,4284,185279,2324,103868,1746,78540,214,2871,2420,48752,1847,69550,2634,118302,California
Marin,2021-03-27,3691,188970,2649,106517,1023,79563,19,2890,1146,47381,2535,72085,1164,119466,California
Marin,2021-03-28,2379,191349,1718,108235,655,80218,6,2896,1104,47222,1269,73354,1110,120576,California
Marin,2021-03-29,2690,194039,2095,110330,570,80788,25,2921,1191,46941,1497,74851,1216,121792,California
Marin,2021-03-30,4652,198691,3645,113975,974,81762,33,2954,3060,48445,1589,76440,3093,124885,California
Marin,2021-03-31,5793,204484,4108,118083,1636,83398,49,3003,2582,47876,3200,79640,2631,127516,California
Marin,2021-04-01,4391,208875,2268,120351,1872,85270,251,3254,2111,47965,2273,81913,2362,129878,California
Marin,2021-04-02,3690,212565,1834,122185,1493,86763,363,3617,1972,48585,1711,83624,2331,132209,California
Marin,2021-04-03,3834,216399,2519,124704,947,87710,368,3985,1465,48059,2359,85983,1833,134042,California
Marin,2021-04-04,1636,218035,1228,125932,204,87914,204,4189,1194,49017,440,86423,1398,135440,California
Marin,2021-04-05,2188,220223,1520,127452,298,88212,370,4559,1261,49725,921,87344,1629,137069,California
Marin,2021-04-06,3940,224163,2110,129562,1282,89494,548,5107,2191,50717,1744,89088,2736,139805,California
Marin,2021-04-07,3913,228076,1981,131543,1293,90787,639,5746,1427,50304,2479,91567,2066,141871,California
Marin,2021-04-08,4995,233071,1953,133496,2434,93221,608,6354,2280,50476,2707,94274,2879,144750,California
Marin,2021-04-09,3942,237013,1531,135027,1685,94906,726,7080,1294,49850,2643,96917,2017,146767,California
Marin,2021-04-10,3184,240197,1461,136488,1290,96196,433,7513,1434,49974,1740,98657,1864,148631,California
Marin,2021-04-11,1056,241253,801,137289,93,96289,162,7675,474,50028,581,99238,635,149266,California
Marin,2021-04-12,1729,242982,1228,138517,341,96630,160,7835,918,50299,808,100046,1079,150345,California
Marin,2021-04-13,3705,246687,2268,140785,1430,98060,7,7842,1346,49303,2349,102395,1353,151698,California
Marin,2021-04-14,4143,250830,2473,143258,1668,99728,2,7844,1701,48570,2435,104830,1702,153400,California
Marin,2021-04-15,5545,256375,3925,147183,1620,101348,0,7844,3179,49397,2353,107183,3180,156580,California
Marin,2021-04-16,4236,260611,2230,149413,2003,103351,3,7847,2064,49304,2160,109343,2067,158647,California
Marin,2021-04-17,3522,264133,2151,151564,1371,104722,0,7847,1759,49305,1758,111101,1759,160406,California
Marin,2021-04-18,3198,267331,3096,154660,102,104824,0,7847,2562,51234,633,111734,2562,162968,California
Marin,2021-04-19,2010,269341,1842,156502,168,104992,0,7847,1162,51553,845,112579,1164,164132,California
Marin,2021-04-20,3690,273031,2552,159054,1138,106130,0,7847,1478,50824,2207,114786,1478,165610,California
Marin,2021-04-21,3999,277030,2941,161995,1055,107185,3,7850,1377,49594,2608,117394,1378,166988,California
Marin,2021-04-22,4205,281235,3205,165200,1000,108185,0,7850,1485,48368,2714,120108,1488,168476,California
Marin,2021-04-23,3216,284451,1819,167019,1397,109582,0,7850,1230,47618,1981,122089,1231,169707,California
Marin,2021-04-24,2511,286962,1692,168711,818,110400,1,7851,924,46965,1578,123667,925,170632,California
Marin,2021-04-25,1388,288350,1271,169982,117,110517,0,7851,314,46210,1069,124736,314,170946,California
Marin,2021-04-26,1523,289873,1322,171304,198,110715,3,7854,342,45376,1180,125916,346,171292,California
Marin,2021-04-27,2916,292789,2135,173439,743,111458,38,7892,940,44384,1966,127882,974,172266,California
Marin,2021-04-28,2198,294987,1504,174943,651,112109,43,7935,671,43573,1524,129406,713,172979,California
Marin,2021-04-29,2464,297451,1668,176611,736,112845,60,7995,680,42535,1778,131184,740,173719,California
Marin,2021-04-30,1556,299007,1102,177713,435,113280,19,8014,576,42155,976,132160,596,174315,California
Marin,2021-05-01,1506,300513,861,178574,642,113922,3,8017,464,41587,1035,133195,467,174782,California
Marin,2021-05-02,563,301076,516,179090,47,113969,0,8017,169,41365,391,133586,169,174951,California
Marin,2021-05-03,842,301918,723,179813,110,114079,9,8026,141,40817,698,134284,150,175101,California
Mariposa,2020-12-17,37,37,37,37,0,0,0,0,39,39,0,0,39,39,California
Mariposa,2020-12-18,56,93,56,93,0,0,0,0,57,96,0,0,57,96,California
Mariposa,2020-12-20,2,95,2,95,0,0,0,0,2,98,0,0,2,98,California
Mariposa,2020-12-21,47,142,47,142,0,0,0,0,52,150,0,0,52,150,California
Mariposa,2020-12-22,5,147,5,147,0,0,0,0,5,155,0,0,5,155,California
Mariposa,2020-12-23,17,164,17,164,0,0,0,0,17,172,0,0,17,172,California
Mariposa,2020-12-24,1,165,0,164,1,1,0,0,0,172,0,0,0,172,California
Mariposa,2020-12-26,1,166,1,165,0,1,0,0,1,173,0,0,1,173,California
Mariposa,2020-12-27,1,167,0,165,1,2,0,0,1,174,0,0,1,174,California
Mariposa,2020-12-28,6,173,3,168,3,5,0,0,6,180,0,0,6,180,California
Mariposa,2020-12-29,33,206,3,171,30,35,0,0,33,213,0,0,33,213,California
Mariposa,2020-12-30,25,231,4,175,21,56,0,0,25,238,0,0,25,238,California
Mariposa,2020-12-31,16,247,0,175,16,72,0,0,16,254,0,0,16,254,California
Mariposa,2021-01-02,1,248,1,176,0,72,0,0,1,255,0,0,1,255,California
Mariposa,2021-01-04,8,256,1,177,7,79,0,0,8,263,0,0,8,263,California
Mariposa,2021-01-05,24,280,14,191,10,89,0,0,14,267,10,10,14,277,California
Mariposa,2021-01-06,6,286,3,194,3,92,0,0,3,267,3,13,3,280,California
Mariposa,2021-01-07,52,338,47,241,5,97,0,0,5,225,47,60,5,285,California
Mariposa,2021-01-08,108,446,79,320,29,126,0,0,33,183,75,135,33,318,California
Mariposa,2021-01-09,1,447,0,320,1,127,0,0,1,184,0,135,1,319,California
Mariposa,2021-01-11,31,478,10,330,21,148,0,0,23,199,8,143,23,342,California
Mariposa,2021-01-12,19,497,4,334,15,163,0,0,15,210,4,147,15,357,California
Mariposa,2021-01-13,21,518,4,338,17,180,0,0,18,225,3,150,18,375,California
Mariposa,2021-01-14,73,591,7,345,66,246,0,0,67,286,6,156,67,442,California
Mariposa,2021-01-15,66,657,26,371,40,286,0,0,56,332,10,166,56,498,California
Mariposa,2021-01-16,14,671,2,373,12,298,0,0,13,344,1,167,13,511,California
Mariposa,2021-01-17,2,673,0,373,2,300,0,0,2,346,0,167,2,513,California
Mariposa,2021-01-18,3,676,3,376,0,300,0,0,1,345,2,169,1,514,California
Mariposa,2021-01-19,8,684,4,380,4,304,0,0,5,348,2,171,5,519,California
Mariposa,2021-01-20,23,707,1,381,22,326,0,0,22,369,1,172,22,541,California
Mariposa,2021-01-21,64,771,7,388,57,383,0,0,60,425,4,176,60,601,California
Mariposa,2021-01-22,55,826,2,390,53,436,0,0,55,480,0,176,55,656,California
Mariposa,2021-01-23,116,942,2,392,114,550,0,0,115,594,1,177,115,771,California
Mariposa,2021-01-24,2,944,2,394,0,550,0,0,2,596,0,177,2,773,California
Mariposa,2021-01-25,4,948,1,395,3,553,0,0,0,592,4,181,0,773,California
Mariposa,2021-01-26,36,984,4,399,32,585,0,0,4,568,32,213,8,781,California
Mariposa,2021-01-27,22,1006,1,400,21,606,0,0,13,572,9,222,13,794,California
Mariposa,2021-01-28,126,1132,3,403,123,729,0,0,113,673,12,234,113,907,California
Mariposa,2021-01-29,84,1216,22,425,62,791,0,0,83,755,1,235,83,990,California
Mariposa,2021-01-30,9,1225,1,426,8,799,0,0,8,762,1,236,8,998,California
Mariposa,2021-01-31,1,1226,0,426,1,800,0,0,1,763,0,236,1,999,California
Mariposa,2021-02-01,87,1313,30,456,57,857,0,0,66,808,21,257,66,1065,California
Mariposa,2021-02-02,15,1328,3,459,12,869,0,0,9,811,6,263,9,1074,California
Mariposa,2021-02-03,20,1348,1,460,19,888,0,0,14,819,6,269,14,1088,California
Mariposa,2021-02-04,93,1441,8,468,85,973,0,0,88,904,4,273,89,1177,California
Mariposa,2021-02-05,188,1629,5,473,183,1156,0,0,162,1040,26,299,162,1339,California
Mariposa,2021-02-06,11,1640,4,477,7,1163,0,0,10,1049,1,300,10,1349,California
Mariposa,2021-02-08,40,1680,2,479,38,1201,0,0,21,1051,19,319,21,1370,California
Mariposa,2021-02-09,43,1723,25,504,18,1219,0,0,37,1082,6,325,37,1407,California
Mariposa,2021-02-10,28,1751,5,509,23,1242,0,0,17,1095,10,335,23,1430,California
Mariposa,2021-02-11,374,2125,5,514,369,1611,0,0,361,1445,13,348,363,1793,California
Mariposa,2021-02-12,183,2308,7,521,176,1787,0,0,140,1542,43,391,140,1933,California
Mariposa,2021-02-13,11,2319,3,524,8,1795,0,0,9,1549,2,393,9,1942,California
Mariposa,2021-02-14,8,2327,4,528,4,1799,0,0,5,1551,3,396,5,1947,California
Mariposa,2021-02-15,9,2336,3,531,6,1805,0,0,7,1556,2,398,7,1954,California
Mariposa,2021-02-16,57,2393,34,565,23,1828,0,0,34,1567,23,421,34,1988,California
Mariposa,2021-02-17,36,2429,8,573,28,1856,0,0,27,1587,8,429,28,2016,California
Mariposa,2021-02-18,56,2485,7,580,49,1905,0,0,20,1571,36,465,20,2036,California
Mariposa,2021-02-19,82,2567,3,583,79,1984,0,0,77,1643,5,470,77,2113,California
Mariposa,2021-02-20,251,2818,4,587,247,2231,0,0,222,1837,28,498,222,2335,California
Mariposa,2021-02-21,236,3054,3,590,233,2464,0,0,235,2071,1,499,235,2570,California
Mariposa,2021-02-22,24,3078,7,597,17,2481,0,0,21,2089,3,502,21,2591,California
Mariposa,2021-02-23,42,3120,36,633,6,2487,0,0,25,2097,17,519,25,2616,California
Mariposa,2021-02-24,19,3139,3,636,16,2503,0,0,7,2093,11,530,7,2623,California
Mariposa,2021-02-25,17,3156,8,644,9,2512,0,0,11,2098,6,536,11,2634,California
Mariposa,2021-02-26,420,3576,7,651,413,2925,0,0,359,2397,61,597,360,2994,California
Mariposa,2021-02-27,171,3747,5,656,166,3091,0,0,160,2546,11,608,160,3154,California
Mariposa,2021-02-28,2,3749,1,657,1,3092,0,0,0,2544,2,610,0,3154,California
Mariposa,2021-03-01,82,3831,26,683,56,3148,0,0,17,2497,64,674,17,3171,California
Mariposa,2021-03-02,21,3852,14,697,7,3155,0,0,11,2499,9,683,11,3182,California
Mariposa,2021-03-03,70,3922,5,702,65,3220,0,0,66,2562,4,687,67,3249,California
Mariposa,2021-03-04,34,3956,8,710,26,3246,0,0,20,2568,14,701,20,3269,California
Mariposa,2021-03-05,51,4007,8,718,43,3289,0,0,37,2596,14,715,42,3311,California
Mariposa,2021-03-06,15,4022,6,724,9,3298,0,0,7,2595,8,723,7,3318,California
Mariposa,2021-03-07,1,4023,1,725,0,3298,0,0,0,2594,1,724,0,3318,California
Mariposa,2021-03-08,38,4061,4,729,23,3321,11,11,9,2585,29,753,20,3338,California
Mariposa,2021-03-09,45,4106,18,747,17,3338,10,21,14,2578,31,784,24,3362,California
Mariposa,2021-03-10,29,4135,9,756,10,3348,10,31,9,2577,20,804,19,3381,California
Mariposa,2021-03-11,464,4599,6,762,440,3788,18,49,224,2583,239,1043,245,3626,California
Mariposa,2021-03-12,252,4851,6,768,219,4007,27,76,113,2583,139,1182,139,3765,California
Mariposa,2021-03-13,32,4883,6,774,11,4018,15,91,11,2587,21,1203,25,3790,California
Mariposa,2021-03-14,17,4900,2,776,4,4022,11,102,3,2587,14,1217,14,3804,California
Mariposa,2021-03-15,76,4976,7,783,31,4053,38,140,31,2611,45,1262,69,3873,California
Mariposa,2021-03-16,82,5058,32,815,15,4068,35,175,24,2612,58,1320,59,3932,California
Mariposa,2021-03-17,71,5129,10,825,53,4121,8,183,51,2652,19,1339,59,3991,California
Mariposa,2021-03-18,66,5195,15,840,41,4162,10,193,41,2678,25,1364,51,4042,California
Mariposa,2021-03-19,337,5532,9,849,323,4485,5,198,303,2952,34,1398,308,4350,California
Mariposa,2021-03-20,426,5958,5,854,419,4904,2,200,47,2623,379,1777,50,4400,California
Mariposa,2021-03-21,14,5972,8,862,5,4909,1,201,9,2629,4,1781,10,4410,California
Mariposa,2021-03-22,36,6008,7,869,21,4930,8,209,25,2652,11,1792,34,4444,California
Mariposa,2021-03-23,52,6060,32,901,10,4940,10,219,31,2672,21,1813,41,4485,California
Mariposa,2021-03-24,55,6115,5,906,48,4988,2,221,50,2719,5,1818,52,4537,California
Mariposa,2021-03-25,73,6188,15,921,50,5038,8,229,53,2760,20,1838,61,4598,California
Mariposa,2021-03-26,485,6673,9,930,475,5513,1,230,250,2776,235,2073,251,4849,California
Mariposa,2021-03-27,225,6898,8,938,217,5730,0,230,90,2733,135,2208,92,4941,California
Mariposa,2021-03-28,5,6903,0,938,2,5732,3,233,1,2733,4,2212,4,4945,California
Mariposa,2021-03-29,18,6921,5,943,13,5745,0,233,11,2737,7,2219,11,4956,California
Mariposa,2021-03-30,36,6957,13,956,7,5752,16,249,13,2743,23,2242,29,4985,California
Mariposa,2021-03-31,91,7048,16,972,68,5820,7,256,71,2801,20,2262,78,5063,California
Mariposa,2021-04-01,51,7099,9,981,34,5854,8,264,31,2820,20,2282,39,5102,California
Mariposa,2021-04-02,348,7447,10,991,336,6190,2,266,310,3095,37,2319,312,5414,California
Mariposa,2021-04-03,10,7457,7,998,3,6193,0,266,5,3095,5,2324,5,5419,California
Mariposa,2021-04-04,2,7459,1,999,0,6193,1,267,0,3094,2,2326,1,5420,California
Mariposa,2021-04-05,31,7490,23,1022,5,6198,3,270,15,3096,16,2342,18,5438,California
Mariposa,2021-04-06,43,7533,20,1042,7,6205,16,286,13,3096,29,2371,29,5467,California
Mariposa,2021-04-07,97,7630,6,1048,72,6277,19,305,28,3074,69,2440,47,5514,California
Mariposa,2021-04-08,274,7904,13,1061,242,6519,19,324,140,3102,132,2572,160,5674,California
Mariposa,2021-04-09,34,7938,9,1070,13,6532,12,336,10,3100,24,2596,22,5696,California
Mariposa,2021-04-10,200,8138,1,1071,189,6721,10,346,186,3282,13,2609,195,5891,California
Mariposa,2021-04-11,115,8253,4,1075,109,6830,2,348,48,3266,67,2676,51,5942,California
Mariposa,2021-04-12,37,8290,11,1086,24,6854,2,350,9,3249,28,2704,11,5953,California
Mariposa,2021-04-13,53,8343,45,1131,8,6862,0,350,34,3264,19,2723,34,5987,California
Mariposa,2021-04-14,112,8455,7,1138,105,6967,0,350,59,3271,52,2775,59,6046,California
Mariposa,2021-04-15,55,8510,17,1155,38,7005,0,350,40,3299,12,2787,40,6086,California
Mariposa,2021-04-16,373,8883,12,1167,361,7366,0,350,97,3120,276,3063,97,6183,California
Mariposa,2021-04-17,11,8894,6,1173,5,7371,0,350,8,3125,3,3066,8,6191,California
Mariposa,2021-04-18,6,8900,0,1173,6,7377,0,350,3,3125,3,3069,3,6194,California
Mariposa,2021-04-19,53,8953,23,1196,30,7407,0,350,28,3129,24,3093,28,6222,California
Mariposa,2021-04-20,63,9016,50,1246,13,7420,0,350,40,3149,20,3113,40,6262,California
Mariposa,2021-04-21,21,9037,12,1258,9,7429,0,350,10,3149,10,3123,10,6272,California
Mariposa,2021-04-22,44,9081,8,1266,36,7465,0,350,36,3178,7,3130,36,6308,California
Mariposa,2021-04-23,314,9395,68,1334,246,7711,0,350,145,3155,169,3299,146,6454,California
Mariposa,2021-04-24,105,9500,9,1343,96,7807,0,350,43,3137,61,3360,43,6497,California
Mariposa,2021-04-26,12,9512,9,1352,3,7810,0,350,2,3129,10,3370,2,6499,California
Mariposa,2021-04-27,29,9541,15,1367,13,7823,1,351,14,3133,11,3381,15,6514,California
Mariposa,2021-04-28,18,9559,13,1380,3,7826,2,353,12,3141,6,3387,14,6528,California
Mariposa,2021-04-29,26,9585,12,1392,13,7839,1,354,22,3160,4,3391,23,6551,California
Mariposa,2021-04-30,50,9635,3,1395,42,7881,5,359,38,3191,12,3403,43,6594,California
Mariposa,2021-05-03,11,9646,10,1405,1,7882,0,359,6,3193,4,3407,6,6600,California
Mendocino,2020-12-17,70,70,70,70,0,0,0,0,70,70,0,0,70,70,California
Mendocino,2020-12-18,85,155,84,154,1,1,0,0,84,154,0,0,84,154,California
Mendocino,2020-12-19,4,159,4,158,0,1,0,0,4,158,0,0,4,158,California
Mendocino,2020-12-20,7,166,7,165,0,1,0,0,7,165,0,0,7,165,California
Mendocino,2020-12-21,241,407,241,406,0,1,0,0,77,242,0,0,77,242,California
Mendocino,2020-12-22,250,657,189,595,61,62,0,0,250,492,0,0,250,492,California
Mendocino,2020-12-23,270,927,47,642,223,285,0,0,269,761,0,0,269,761,California
Mendocino,2020-12-24,49,976,8,650,41,326,0,0,49,810,0,0,49,810,California
Mendocino,2020-12-25,1,977,0,650,1,327,0,0,1,811,0,0,1,811,California
Mendocino,2020-12-26,2,979,2,652,0,327,0,0,2,813,0,0,2,813,California
Mendocino,2020-12-27,1,980,0,652,1,328,0,0,1,814,0,0,1,814,California
Mendocino,2020-12-28,74,1054,9,661,65,393,0,0,74,888,0,0,74,888,California
Mendocino,2020-12-29,122,1176,61,722,61,454,0,0,122,1010,0,0,122,1010,California
Mendocino,2020-12-30,123,1299,68,790,55,509,0,0,123,1133,0,0,123,1133,California
Mendocino,2020-12-31,130,1429,95,885,35,544,0,0,130,1263,0,0,130,1263,California
Mendocino,2021-01-01,7,1436,5,890,2,546,0,0,7,1270,0,0,7,1270,California
Mendocino,2021-01-02,1,1437,1,891,0,546,0,0,1,1271,0,0,1,1271,California
Mendocino,2021-01-04,840,2277,19,910,821,1367,0,0,840,2111,0,0,840,2111,California
Mendocino,2021-01-05,71,2348,35,945,36,1403,0,0,58,2156,13,13,58,2169,California
Mendocino,2021-01-06,155,2503,133,1078,22,1425,0,0,145,2291,10,23,145,2314,California
Mendocino,2021-01-07,357,2860,238,1316,119,1544,0,0,294,2522,63,86,294,2608,California
Mendocino,2021-01-08,95,2955,82,1398,13,1557,0,0,41,2510,54,140,42,2650,California
Mendocino,2021-01-09,10,2965,6,1404,4,1561,0,0,8,2516,2,142,8,2658,California
Mendocino,2021-01-10,8,2973,8,1412,0,1561,0,0,1,2510,7,149,1,2659,California
Mendocino,2021-01-11,101,3074,92,1504,9,1570,0,0,43,2496,57,206,43,2702,California
Mendocino,2021-01-12,385,3459,375,1879,10,1580,0,0,269,2649,116,322,269,2971,California
Mendocino,2021-01-13,484,3943,145,2024,339,1919,0,0,443,3054,39,361,444,3415,California
Mendocino,2021-01-14,636,4579,20,2044,616,2535,0,0,627,3672,9,370,627,4042,California
Mendocino,2021-01-15,1857,6436,859,2903,998,3533,0,0,1852,5520,5,375,1853,5895,California
Mendocino,2021-01-16,791,7227,50,2953,741,4274,0,0,789,6307,2,377,789,6684,California
Mendocino,2021-01-17,553,7780,1,2954,552,4826,0,0,552,6858,1,378,552,7236,California
Mendocino,2021-01-18,488,8268,463,3417,25,4851,0,0,476,7322,12,390,476,7712,California
Mendocino,2021-01-19,334,8602,148,3565,186,5037,0,0,158,7304,176,566,158,7870,California
Mendocino,2021-01-20,553,9155,406,3971,147,5184,0,0,447,7648,104,670,448,8318,California
Mendocino,2021-01-21,536,9691,223,4194,313,5497,0,0,352,7817,183,853,352,8670,California
Mendocino,2021-01-22,149,9840,58,4252,91,5588,0,0,110,7888,39,892,110,8780,California
Mendocino,2021-01-23,155,9995,83,4335,72,5660,0,0,149,8031,6,898,149,8929,California
Mendocino,2021-01-24,5,10000,3,4338,2,5662,0,0,5,8036,0,898,5,8934,California
Mendocino,2021-01-25,191,10191,18,4356,173,5835,0,0,121,8087,70,968,121,9055,California
Mendocino,2021-01-26,156,10347,56,4412,100,5935,0,0,95,8121,61,1029,95,9150,California
Mendocino,2021-01-27,439,10786,369,4781,70,6005,0,0,174,8037,258,1287,174,9324,California
Mendocino,2021-01-28,590,11376,526,5307,64,6069,0,0,495,8438,94,1381,495,9819,California
Mendocino,2021-01-29,392,11768,351,5658,41,6110,0,0,363,8773,29,1410,364,10183,California
Mendocino,2021-01-30,48,11816,30,5688,18,6128,0,0,41,8807,7,1417,41,10224,California
Mendocino,2021-01-31,273,12089,2,5690,271,6399,0,0,3,8540,270,1687,3,10227,California
Mendocino,2021-02-01,380,12469,52,5742,328,6727,0,0,58,8276,322,2009,58,10285,California
Mendocino,2021-02-02,722,13191,502,6244,220,6947,0,0,364,8282,358,2367,364,10649,California
Mendocino,2021-02-03,391,13582,206,6450,185,7132,0,0,221,8335,168,2535,221,10870,California
Mendocino,2021-02-04,624,14206,529,6979,95,7227,0,0,500,8711,124,2659,500,11370,California
Mendocino,2021-02-05,1298,15504,1211,8190,87,7314,0,0,584,8583,712,3371,584,11954,California
Mendocino,2021-02-06,559,16063,158,8348,401,7715,0,0,544,9112,15,3386,544,12498,California
Mendocino,2021-02-07,32,16095,28,8376,4,7719,0,0,32,9144,0,3386,32,12530,California
Mendocino,2021-02-08,746,16841,715,9091,31,7750,0,0,284,8966,462,3848,284,12814,California
Mendocino,2021-02-09,141,16982,58,9149,83,7833,0,0,89,9003,52,3900,89,12903,California
Mendocino,2021-02-10,1481,18463,921,10070,560,8393,0,0,741,9010,734,4634,741,13644,California
Mendocino,2021-02-11,1133,19596,208,10278,925,9318,0,0,280,8437,853,5487,280,13924,California
Mendocino,2021-02-12,1404,21000,161,10439,1243,10561,0,0,639,8312,764,6251,639,14563,California
Mendocino,2021-02-13,496,21496,12,10451,484,11045,0,0,103,8028,392,6643,108,14671,California
Mendocino,2021-02-14,694,22190,3,10454,691,11736,0,0,134,7602,560,7203,134,14805,California
Mendocino,2021-02-15,329,22519,42,10496,287,12023,0,0,174,7621,155,7358,174,14979,California
Mendocino,2021-02-16,200,22719,51,10547,149,12172,0,0,130,7681,70,7428,130,15109,California
Mendocino,2021-02-17,1352,24071,1190,11737,162,12334,0,0,877,8085,473,7901,877,15986,California
Mendocino,2021-02-18,1781,25852,640,12377,1141,13475,0,0,1215,8735,565,8466,1215,17201,California
Mendocino,2021-02-19,749,26601,146,12523,603,14078,0,0,610,9206,139,8605,610,17811,California
Mendocino,2021-02-20,570,27171,544,13067,26,14104,0,0,540,9718,28,8633,540,18351,California
Mendocino,2021-02-21,325,27496,6,13073,319,14423,0,0,313,10020,11,8644,313,18664,California
Mendocino,2021-02-22,161,27657,30,13103,131,14554,0,0,69,9998,91,8735,69,18733,California
Mendocino,2021-02-23,674,28331,661,13764,13,14567,0,0,612,10549,61,8796,612,19345,California
Mendocino,2021-02-24,1839,30170,1759,15523,80,14647,0,0,1430,11576,405,9201,1432,20777,California
Mendocino,2021-02-25,1703,31873,532,16055,1171,15818,0,0,1284,12442,418,9619,1284,22061,California
Mendocino,2021-02-26,1403,33276,748,16803,655,16473,0,0,1040,13121,361,9980,1040,23101,California
Mendocino,2021-02-27,199,33475,151,16954,48,16521,0,0,76,13075,122,10102,76,23177,California
Mendocino,2021-02-28,35,33510,13,16967,22,16543,0,0,24,13088,11,10113,24,23201,California
Mendocino,2021-03-01,576,34086,533,17500,43,16586,0,0,538,13589,37,10150,538,23739,California
Mendocino,2021-03-02,71,34157,24,17524,47,16633,0,0,41,13601,29,10179,41,23780,California
Mendocino,2021-03-03,1709,35866,1329,18853,380,17013,0,0,1077,14048,630,10809,1077,24857,California
Mendocino,2021-03-04,1768,37634,147,19000,1621,18634,0,0,1551,15385,215,11024,1552,26409,California
Mendocino,2021-03-05,209,37843,148,19148,52,18686,9,9,117,15421,90,11114,126,26535,California
Mendocino,2021-03-06,242,38085,20,19168,197,18883,25,34,201,15607,40,11154,226,26761,California
Mendocino,2021-03-07,505,38590,8,19176,477,19360,20,54,118,15358,386,11540,137,26898,California
Mendocino,2021-03-08,124,38714,29,19205,59,19419,36,90,64,15400,58,11598,100,26998,California
Mendocino,2021-03-09,571,39285,231,19436,299,19718,41,131,473,15816,98,11696,514,27512,California
Mendocino,2021-03-10,1109,40394,980,20416,64,19782,65,196,268,15314,838,12534,336,27848,California
Mendocino,2021-03-11,821,41215,611,21027,157,19939,53,249,394,15336,425,12959,447,28295,California
Mendocino,2021-03-12,2017,43232,1030,22057,892,20831,95,344,1211,15843,799,13758,1306,29601,California
Mendocino,2021-03-13,654,43886,524,22581,73,20904,57,401,97,15444,553,14311,154,29755,California
Mendocino,2021-03-14,104,43990,2,22583,95,20999,7,408,11,15373,89,14400,18,29773,California
Mendocino,2021-03-15,597,44587,51,22634,488,21487,58,466,209,15252,387,14787,266,30039,California
Mendocino,2021-03-16,570,45157,374,23008,151,21638,45,511,139,15007,429,15216,184,30223,California
Mendocino,2021-03-17,1563,46720,1359,24367,56,21694,148,659,214,14030,1346,16562,369,30592,California
Mendocino,2021-03-18,1307,48027,248,24615,1021,22715,38,697,284,13336,1015,17577,321,30913,California
Mendocino,2021-03-19,1755,49782,856,25471,838,23553,61,758,332,12312,1419,18996,395,31308,California
Mendocino,2021-03-20,68,49850,10,25481,37,23590,21,779,12,12289,56,19052,33,31341,California
Mendocino,2021-03-21,8,49858,1,25482,2,23592,5,784,3,12292,5,19057,8,31349,California
Mendocino,2021-03-22,624,50482,580,26062,15,23607,29,813,146,11992,474,19531,174,31523,California
Mendocino,2021-03-23,165,50647,33,26095,102,23709,30,843,115,12087,50,19581,145,31668,California
Mendocino,2021-03-24,911,51558,840,26935,24,23733,47,890,114,11453,795,20376,161,31829,California
Mendocino,2021-03-25,1985,53543,50,26985,1916,25649,19,909,174,9837,1808,22184,192,32021,California
Mendocino,2021-03-26,506,54049,357,27342,124,25773,25,934,324,10004,182,22366,349,32370,California
Mendocino,2021-03-27,142,54191,12,27354,118,25891,12,946,82,10038,59,22425,93,32463,California
Mendocino,2021-03-28,25,54216,4,27358,17,25908,4,950,3,10023,22,22447,7,32470,California
Mendocino,2021-03-29,186,54402,97,27455,47,25955,42,992,95,10069,91,22538,137,32607,California
Mendocino,2021-03-30,683,55085,598,28053,48,26003,37,1029,412,10248,270,22808,449,33056,California
Mendocino,2021-03-31,866,55951,271,28324,535,26538,60,1089,408,10260,456,23264,468,33524,California
Mendocino,2021-04-01,1707,57658,399,28723,1230,27768,78,1167,382,9402,1317,24581,459,33983,California
Mendocino,2021-04-02,1283,58941,1055,29778,155,27923,73,1240,223,8641,1057,25638,296,34279,California
Mendocino,2021-04-03,704,59645,9,29787,674,28597,21,1261,84,8130,616,26254,105,34384,California
Mendocino,2021-04-04,69,59714,34,29821,29,28626,6,1267,54,8175,15,26269,60,34444,California
Mendocino,2021-04-05,210,59924,142,29963,44,28670,24,1291,130,8247,80,26349,152,34596,California
Mendocino,2021-04-06,383,60307,121,30084,179,28849,83,1374,106,8159,277,26626,189,34785,California
Mendocino,2021-04-07,481,60788,173,30257,63,28912,245,1619,116,8156,363,26989,360,35145,California
Mendocino,2021-04-08,1490,62278,913,31170,461,29373,116,1735,1000,8788,484,27473,1116,36261,California
Mendocino,2021-04-09,756,63034,425,31595,170,29543,161,1896,395,8984,360,27833,556,36817,California
Mendocino,2021-04-10,400,63434,89,31684,265,29808,46,1942,98,8826,302,28135,144,36961,California
Mendocino,2021-04-11,122,63556,47,31731,18,29826,57,1999,58,8877,64,28199,115,37076,California
Mendocino,2021-04-12,617,64173,510,32241,46,29872,61,2060,411,9143,206,28405,472,37548,California
Mendocino,2021-04-13,287,64460,224,32465,62,29934,1,2061,220,9297,67,28472,221,37769,California
Mendocino,2021-04-14,512,64972,422,32887,89,30023,1,2062,410,9606,102,28574,411,38180,California
Mendocino,2021-04-15,654,65626,325,33212,328,30351,1,2063,394,9745,256,28830,395,38575,California
Mendocino,2021-04-16,122,65748,48,33260,72,30423,2,2065,73,9772,48,28878,75,38650,California
Mendocino,2021-04-17,197,65945,11,33271,186,30609,0,2065,69,9714,127,29005,69,38719,California
Mendocino,2021-04-18,8,65953,2,33273,5,30614,1,2066,4,9715,4,29009,5,38724,California
Mendocino,2021-04-19,532,66485,506,33779,24,30638,2,2068,433,10052,98,29107,435,39159,California
Mendocino,2021-04-20,406,66891,278,34057,127,30765,1,2069,261,10169,145,29252,262,39421,California
Mendocino,2021-04-21,181,67072,123,34180,57,30822,1,2070,113,10215,67,29319,113,39534,California
Mendocino,2021-04-22,476,67548,300,34480,175,30997,1,2071,321,10383,153,29472,321,39855,California
Mendocino,2021-04-23,818,68366,676,35156,142,31139,0,2071,666,10899,150,29622,666,40521,California
Mendocino,2021-04-24,101,68467,14,35170,87,31226,0,2071,94,10986,7,29629,94,40615,California
Mendocino,2021-04-25,52,68519,28,35198,20,31246,4,2075,18,10974,34,29663,22,40637,California
Mendocino,2021-04-26,264,68783,205,35403,54,31300,5,2080,180,11076,83,29746,185,40822,California
Mendocino,2021-04-27,174,68957,67,35470,83,31383,24,2104,90,11106,83,29829,113,40935,California
Mendocino,2021-04-28,184,69141,134,35604,39,31422,11,2115,104,11141,80,29909,115,41050,California
Mendocino,2021-04-29,953,70094,707,36311,234,31656,12,2127,91,10383,861,30770,103,41153,California
Mendocino,2021-04-30,502,70596,307,36618,185,31841,10,2137,197,10285,305,31075,207,41360,California
Mendocino,2021-05-01,435,71031,412,37030,19,31860,4,2141,352,10559,82,31157,356,41716,California
Mendocino,2021-05-02,7,71038,2,37032,2,31862,3,2144,3,10562,3,31160,6,41722,California
Mendocino,2021-05-03,52,71090,23,37055,17,31879,12,2156,22,10566,30,31190,34,41756,California
Merced,2020-12-16,3,3,3,3,0,0,0,0,3,3,0,0,3,3,California
Merced,2020-12-17,5,8,5,8,0,0,0,0,5,8,0,0,5,8,California
Merced,2020-12-18,143,151,143,151,0,0,0,0,143,151,0,0,143,151,California
Merced,2020-12-19,39,190,39,190,0,0,0,0,39,190,0,0,39,190,California
Merced,2020-12-20,17,207,17,207,0,0,0,0,17,207,0,0,17,207,California
Merced,2020-12-21,125,332,122,329,3,3,0,0,125,332,0,0,125,332,California
Merced,2020-12-22,152,484,152,481,0,3,0,0,152,484,0,0,152,484,California
Merced,2020-12-23,248,732,242,723,6,9,0,0,248,732,0,0,248,732,California
Merced,2020-12-24,72,804,72,795,0,9,0,0,72,804,0,0,72,804,California
Merced,2020-12-25,4,808,4,799,0,9,0,0,4,808,0,0,4,808,California
Merced,2020-12-26,6,814,3,802,3,12,0,0,6,814,0,0,6,814,California
Merced,2020-12-27,12,826,11,813,1,13,0,0,12,826,0,0,12,826,California
Merced,2020-12-28,122,948,98,911,24,37,0,0,122,948,0,0,122,948,California
Merced,2020-12-29,180,1128,124,1035,56,93,0,0,180,1128,0,0,180,1128,California
Merced,2020-12-30,214,1342,89,1124,125,218,0,0,214,1342,0,0,214,1342,California
Merced,2020-12-31,103,1445,34,1158,69,287,0,0,103,1445,0,0,103,1445,California
Merced,2021-01-01,2,1447,0,1158,2,289,0,0,2,1447,0,0,2,1447,California
Merced,2021-01-02,128,1575,117,1275,11,300,0,0,128,1575,0,0,128,1575,California
Merced,2021-01-03,9,1584,5,1280,4,304,0,0,9,1584,0,0,9,1584,California
Merced,2021-01-04,78,1662,40,1320,38,342,0,0,78,1662,0,0,78,1662,California
Merced,2021-01-05,320,1982,231,1551,89,431,0,0,314,1972,6,6,316,1978,California
Merced,2021-01-06,249,2231,98,1649,151,582,0,0,243,2209,6,12,243,2221,California
Merced,2021-01-07,184,2415,80,1729,104,686,0,0,174,2372,11,23,174,2395,California
Merced,2021-01-08,527,2942,393,2122,134,820,0,0,376,2598,150,173,376,2771,California
Merced,2021-01-09,23,2965,10,2132,13,833,0,0,17,2609,6,179,17,2788,California
Merced,2021-01-10,10,2975,6,2138,4,837,0,0,6,2611,4,183,6,2794,California
Merced,2021-01-11,225,3200,167,2305,58,895,0,0,101,2590,124,307,103,2897,California
Merced,2021-01-12,280,3480,157,2462,123,1018,0,0,230,2769,51,358,230,3127,California
Merced,2021-01-13,372,3852,173,2635,199,1217,0,0,221,2842,151,509,224,3351,California
Merced,2021-01-14,325,4177,201,2836,124,1341,0,0,160,2839,164,673,161,3512,California
Merced,2021-01-15,568,4745,125,2961,443,1784,0,0,530,3332,39,712,532,4044,California
Merced,2021-01-16,201,4946,122,3083,79,1863,0,0,196,3523,5,717,196,4240,California
Merced,2021-01-17,49,4995,12,3095,37,1900,0,0,48,3570,1,718,48,4288,California
Merced,2021-01-18,259,5254,126,3221,133,2033,0,0,237,3788,22,740,240,4528,California
Merced,2021-01-19,703,5957,580,3801,123,2156,0,0,532,4153,171,911,536,5064,California
Merced,2021-01-20,571,6528,466,4267,105,2261,0,0,515,4615,56,967,518,5582,California
Merced,2021-01-21,1004,7532,644,4911,360,2621,0,0,905,5424,99,1066,908,6490,California
Merced,2021-01-22,1301,8833,683,5594,618,3239,0,0,1275,6685,26,1092,1287,7777,California
Merced,2021-01-23,307,9140,185,5779,122,3361,0,0,202,6782,105,1197,202,7979,California
Merced,2021-01-24,32,9172,14,5793,18,3379,0,0,23,6797,8,1205,23,8002,California
Merced,2021-01-25,727,9899,241,6034,486,3865,0,0,668,7407,58,1263,668,8670,California
Merced,2021-01-26,911,10810,483,6517,428,4293,0,0,671,7866,213,1476,672,9342,California
Merced,2021-01-27,975,11785,581,7098,394,4687,0,0,813,8519,160,1636,813,10155,California
Merced,2021-01-28,1136,12921,591,7689,545,5232,0,0,1015,9414,121,1757,1016,11171,California
Merced,2021-01-29,845,13766,321,8010,524,5756,0,0,601,9780,237,1994,603,11774,California
Merced,2021-01-30,259,14025,27,8037,232,5988,0,0,243,10007,16,2010,243,12017,California
Merced,2021-01-31,44,14069,9,8046,35,6023,0,0,43,10049,1,2011,43,12060,California
Merced,2021-02-01,373,14442,52,8098,321,6344,0,0,325,10328,47,2058,326,12386,California
Merced,2021-02-02,293,14735,181,8279,112,6456,0,0,174,10386,117,2175,175,12561,California
Merced,2021-02-03,347,15082,70,8349,277,6733,0,0,166,10371,181,2356,166,12727,California
Merced,2021-02-04,371,15453,146,8495,225,6958,0,0,240,10482,130,2486,241,12968,California
Merced,2021-02-05,512,15965,173,8668,339,7297,0,0,272,10517,239,2725,274,13242,California
Merced,2021-02-06,387,16352,218,8886,169,7466,0,0,244,10620,142,2867,245,13487,California
Merced,2021-02-07,21,16373,13,8899,8,7474,0,0,14,10627,7,2874,14,13501,California
Merced,2021-02-08,278,16651,196,9095,82,7556,0,0,169,10689,108,2982,170,13671,California
Merced,2021-02-09,1212,17863,952,10047,260,7816,0,0,776,11038,428,3410,777,14448,California
Merced,2021-02-10,1851,19714,1431,11478,420,8236,0,0,1272,11740,570,3980,1272,15720,California
Merced,2021-02-11,2501,22215,2005,13483,496,8732,0,0,1816,12879,677,4657,1816,17536,California
Merced,2021-02-12,1713,23928,1012,14495,701,9433,0,0,752,12680,952,5609,753,18289,California
Merced,2021-02-13,360,24288,205,14700,155,9588,0,0,265,12853,94,5703,267,18556,California
Merced,2021-02-14,116,24404,26,14726,90,9678,0,0,95,12928,21,5724,96,18652,California
Merced,2021-02-15,273,24677,40,14766,233,9911,0,0,170,13001,98,5822,171,18823,California
Merced,2021-02-16,1210,25887,841,15607,369,10280,0,0,838,13487,354,6176,840,19663,California
Merced,2021-02-17,1875,27762,1630,17237,245,10525,0,0,1315,14257,547,6723,1317,20980,California
Merced,2021-02-18,1199,28961,810,18047,389,10914,0,0,398,13874,781,7504,398,21378,California
Merced,2021-02-19,1259,30220,410,18457,849,11763,0,0,534,13691,719,8223,536,21914,California
Merced,2021-02-20,276,30496,31,18488,245,12008,0,0,142,13701,132,8355,142,22056,California
Merced,2021-02-21,73,30569,59,18547,14,12022,0,0,30,13688,43,8398,30,22086,California
Merced,2021-02-22,825,31394,292,18839,533,12555,0,0,480,13824,344,8742,480,22566,California
Merced,2021-02-23,1079,32473,421,19260,658,13213,0,0,638,14025,437,9179,638,23204,California
Merced,2021-02-24,813,33286,301,19561,512,13725,0,0,443,14108,361,9540,444,23648,California
Merced,2021-02-25,1751,35037,862,20423,889,14614,0,0,1301,14964,447,9987,1303,24951,California
Merced,2021-02-26,2130,37167,1361,21784,769,15383,0,0,1723,16283,405,10392,1724,26675,California
Merced,2021-02-27,2519,39686,1101,22885,1418,16801,0,0,2234,18233,284,10676,2234,28909,California
Merced,2021-02-28,298,39984,71,22956,227,17028,0,0,250,18439,44,10720,250,29159,California
Merced,2021-03-01,1111,41095,279,23235,832,17860,0,0,773,18882,330,11050,773,29932,California
Merced,2021-03-02,1744,42839,902,24137,841,18701,1,1,1359,19865,377,11427,1360,31292,California
Merced,2021-03-03,2208,45047,1723,25860,484,19185,1,2,1455,20584,737,12164,1456,32748,California
Merced,2021-03-04,2879,47926,2266,28126,611,19796,2,4,1911,21547,951,13115,1914,34662,California
Merced,2021-03-05,2059,49985,1190,29316,846,20642,23,27,1524,22572,523,13638,1548,36210,California
Merced,2021-03-06,1154,51139,652,29968,480,21122,22,49,899,23239,254,13892,921,37131,California
Merced,2021-03-07,225,51364,62,30030,138,21260,25,74,196,23431,29,13921,221,37352,California
Merced,2021-03-08,1252,52616,656,30686,531,21791,65,139,1041,24326,210,14131,1105,38457,California
Merced,2021-03-09,1688,54304,995,31681,586,22377,107,246,1096,24942,588,14719,1204,39661,California
Merced,2021-03-10,2683,56987,1860,33541,624,23001,199,445,1615,25705,1056,15775,1819,41480,California
Merced,2021-03-11,1924,58911,679,34220,1039,24040,206,651,1219,26459,693,16468,1447,42927,California
Merced,2021-03-12,2187,61098,895,35115,1025,25065,267,918,1476,27507,707,17175,1755,44682,California
Merced,2021-03-13,720,61818,309,35424,168,25233,243,1161,412,27863,300,17475,656,45338,California
Merced,2021-03-14,247,62065,135,35559,82,25315,30,1191,149,27946,97,17572,180,45518,California
Merced,2021-03-15,1499,63564,491,36050,753,26068,255,1446,983,28674,509,18081,1237,46755,California
Merced,2021-03-16,1428,64992,685,36735,518,26586,225,1671,948,29373,471,18552,1170,47925,California
Merced,2021-03-17,1941,66933,1040,37775,723,27309,178,1849,1496,30611,438,18990,1676,49601,California
Merced,2021-03-18,2025,68958,1161,38936,717,28026,147,1996,1383,31521,634,19624,1544,51145,California
Merced,2021-03-19,2656,71614,1446,40382,1018,29044,192,2188,1381,31830,1264,20888,1573,52718,California
Merced,2021-03-20,2413,74027,1485,41867,533,29577,395,2583,961,31740,1450,22338,1360,54078,California
Merced,2021-03-21,556,74583,343,42210,200,29777,13,2596,437,32073,119,22457,452,54530,California
Merced,2021-03-22,1259,75842,628,42838,555,30332,76,2672,887,32673,365,22822,965,55495,California
Merced,2021-03-23,1816,77658,1094,43932,658,30990,64,2736,1342,33610,470,23292,1407,56902,California
Merced,2021-03-24,1380,79038,853,44785,492,31482,35,2771,928,34127,446,23738,963,57865,California
Merced,2021-03-25,3295,82333,2267,47052,1007,32489,21,2792,2076,35016,1211,24949,2100,59965,California
Merced,2021-03-26,1916,84249,1074,48126,808,33297,34,2826,886,34913,1022,25971,919,60884,California
Merced,2021-03-27,3024,87273,1757,49883,1197,34494,70,2896,1380,34731,1633,27604,1451,62335,California
Merced,2021-03-28,509,87782,210,50093,292,34786,7,2903,210,34652,297,27901,218,62553,California
Merced,2021-03-29,1619,89401,588,50681,867,35653,164,3067,660,34527,953,28854,828,63381,California
Merced,2021-03-30,2121,91522,787,51468,1275,36928,59,3126,978,34425,1139,29993,1037,64418,California
Merced,2021-03-31,2103,93625,1390,52858,679,37607,34,3160,939,34250,1149,31142,974,65392,California
Merced,2021-04-01,2120,95745,970,53828,1030,38637,120,3280,949,34156,1165,32307,1071,66463,California
Merced,2021-04-02,2284,98029,619,54447,1263,39900,402,3682,744,33780,1524,33831,1148,67611,California
Merced,2021-04-03,794,98823,341,54788,442,40342,11,3693,397,33797,393,34224,410,68021,California
Merced,2021-04-04,365,99188,141,54929,220,40562,4,3697,138,33716,226,34450,145,68166,California
Merced,2021-04-05,1247,100435,591,55520,445,41007,211,3908,408,33499,835,35285,618,68784,California
Merced,2021-04-06,2398,102833,889,56409,685,41692,824,4732,886,33700,1508,36793,1709,70493,California
Merced,2021-04-07,1634,104467,878,57287,649,42341,107,4839,589,33365,1033,37826,698,71191,California
Merced,2021-04-08,2229,106696,1128,58415,885,43226,216,5055,777,32932,1424,39250,991,72182,California
Merced,2021-04-09,1672,108368,473,58888,623,43849,576,5631,561,32977,1094,40344,1139,73321,California
Merced,2021-04-10,685,109053,359,59247,141,43990,185,5816,170,32821,510,40854,354,73675,California
Merced,2021-04-11,485,109538,279,59526,72,44062,134,5950,145,32763,338,41192,280,73955,California
Merced,2021-04-12,1410,110948,922,60448,365,44427,123,6073,810,33131,565,41757,933,74888,California
Merced,2021-04-13,2019,112967,1447,61895,569,44996,3,6076,936,33073,1001,42758,943,75831,California
Merced,2021-04-14,2029,114996,1202,63097,827,45823,0,6076,899,32971,1003,43761,901,76732,California
Merced,2021-04-15,2999,117995,1966,65063,1033,46856,0,6076,950,32100,1825,45586,954,77686,California
Merced,2021-04-16,2352,120347,1147,66210,1205,48061,0,6076,962,31768,1294,46880,962,78648,California
Merced,2021-04-17,1433,121780,788,66998,645,48706,0,6076,370,31081,1058,47938,371,79019,California
Merced,2021-04-18,466,122246,248,67246,218,48924,0,6076,191,31024,248,48186,191,79210,California
Merced,2021-04-19,1314,123560,738,67984,576,49500,0,6076,702,31208,518,48704,702,79912,California
Merced,2021-04-20,1406,124966,730,68714,676,50176,0,6076,783,31437,555,49259,784,80696,California
Merced,2021-04-21,1455,126421,876,69590,579,50755,0,6076,751,31595,594,49853,752,81448,California
Merced,2021-04-22,1596,128017,735,70325,861,51616,0,6076,778,31635,738,50591,778,82226,California
Merced,2021-04-23,1556,129573,600,70925,956,52572,0,6076,818,31762,692,51283,819,83045,California
Merced,2021-04-24,564,130137,395,71320,169,52741,0,6076,389,31981,171,51454,390,83435,California
Merced,2021-04-25,324,130461,185,71505,139,52880,0,6076,192,32042,131,51585,192,83627,California
Merced,2021-04-26,1051,131512,396,71901,655,53535,0,6076,531,32085,490,52075,533,84160,California
Merced,2021-04-27,1434,132946,585,72486,839,54374,10,6086,579,31885,790,52865,590,84750,California
Merced,2021-04-28,1325,134271,644,73130,672,55046,9,6095,759,32109,546,53411,770,85520,California
Merced,2021-04-29,1233,135504,468,73598,742,55788,23,6118,583,32073,643,54054,607,86127,California
Merced,2021-04-30,988,136492,343,73941,613,56401,32,6150,485,32089,501,54555,517,86644,California
Merced,2021-05-01,358,136850,121,74062,237,56638,0,6150,165,32063,192,54747,166,86810,California
Merced,2021-05-02,184,137034,40,74102,132,56770,12,6162,74,32041,110,54857,88,86898,California
Merced,2021-05-03,456,137490,326,74428,99,56869,31,6193,140,31921,313,55170,193,87091,California
Modoc,2020-12-16,1,1,1,1,0,0,0,0,1,1,0,0,1,1,California
Modoc,2020-12-21,100,101,100,101,0,0,0,0,100,101,0,0,100,101,California
Modoc,2020-12-22,14,115,14,115,0,0,0,0,14,115,0,0,14,115,California
Modoc,2020-12-23,4,119,4,119,0,0,0,0,4,119,0,0,4,119,California
Modoc,2020-12-24,1,120,1,120,0,0,0,0,1,120,0,0,1,120,California
Modoc,2020-12-28,2,122,2,122,0,0,0,0,2,122,0,0,2,122,California
Modoc,2020-12-29,10,132,1,123,9,9,0,0,10,132,0,0,10,132,California
Modoc,2020-12-30,7,139,0,123,7,16,0,0,7,139,0,0,7,139,California
Modoc,2021-01-02,2,141,0,123,2,18,0,0,2,141,0,0,2,141,California
Modoc,2021-01-04,8,149,0,123,8,26,0,0,8,149,0,0,8,149,California
Modoc,2021-01-05,2,151,1,124,1,27,0,0,2,151,0,0,2,151,California
Modoc,2021-01-06,3,154,2,126,1,28,0,0,2,152,1,1,2,153,California
Modoc,2021-01-07,72,226,0,126,72,100,0,0,72,224,0,1,72,225,California
Modoc,2021-01-08,105,331,0,126,105,205,0,0,105,329,0,1,105,330,California
Modoc,2021-01-10,1,332,1,127,0,205,0,0,0,328,1,2,0,330,California
Modoc,2021-01-11,91,423,82,209,9,214,0,0,19,275,72,74,19,349,California
Modoc,2021-01-12,94,517,25,234,69,283,0,0,68,317,26,100,68,417,California
Modoc,2021-01-13,24,541,4,238,20,303,0,0,22,337,2,102,22,439,California
Modoc,2021-01-14,129,670,6,244,123,426,0,0,124,456,5,107,124,563,California
Modoc,2021-01-15,6,676,1,245,5,431,0,0,6,462,0,107,6,569,California
Modoc,2021-01-16,1,677,1,246,0,431,0,0,1,463,0,107,1,570,California
Modoc,2021-01-18,1,678,1,247,0,431,0,0,1,464,0,107,1,571,California
Modoc,2021-01-19,5,683,3,250,2,433,0,0,3,465,2,109,3,574,California
Modoc,2021-01-20,11,694,1,251,10,443,0,0,11,476,0,109,11,585,California
Modoc,2021-01-21,157,851,2,253,155,598,0,0,157,633,0,109,157,742,California
Modoc,2021-01-22,2,853,0,253,2,600,0,0,2,635,0,109,2,744,California
Modoc,2021-01-25,11,864,0,253,11,611,0,0,11,646,0,109,11,755,California
Modoc,2021-01-26,65,929,1,254,64,675,0,0,65,711,0,109,65,820,California
Modoc,2021-01-27,41,970,2,256,39,714,0,0,25,720,16,125,25,845,California
Modoc,2021-01-28,144,1114,1,257,143,857,0,0,144,864,0,125,144,989,California
Modoc,2021-01-29,3,1117,1,258,2,859,0,0,3,867,0,125,3,992,California
Modoc,2021-02-01,25,1142,12,270,13,872,0,0,11,864,14,139,11,1003,California
Modoc,2021-02-02,170,1312,2,272,168,1040,0,0,167,1028,3,142,167,1170,California
Modoc,2021-02-03,18,1330,13,285,5,1045,0,0,11,1032,7,149,11,1181,California
Modoc,2021-02-04,155,1485,4,289,151,1196,0,0,27,931,128,277,27,1208,California
Modoc,2021-02-05,4,1489,3,292,1,1197,0,0,3,933,1,278,3,1211,California
Modoc,2021-02-08,9,1498,2,294,7,1204,0,0,8,940,1,279,8,1219,California
Modoc,2021-02-09,197,1695,13,307,184,1388,0,0,65,873,132,411,65,1284,California
Modoc,2021-02-10,5,1700,2,309,3,1391,0,0,4,876,1,412,4,1288,California
Modoc,2021-02-11,201,1901,3,312,198,1589,0,0,83,841,118,530,83,1371,California
Modoc,2021-02-12,4,1905,0,312,4,1593,0,0,2,841,2,532,2,1373,California
Modoc,2021-02-13,1,1906,0,312,1,1594,0,0,1,842,0,532,1,1374,California
Modoc,2021-02-16,147,2053,6,318,141,1735,0,0,143,981,4,536,143,1517,California
Modoc,2021-02-17,24,2077,1,319,23,1758,0,0,12,981,12,548,12,1529,California
Modoc,2021-02-18,188,2265,2,321,186,1944,0,0,25,845,162,710,26,1555,California
Modoc,2021-02-19,2,2267,2,323,0,1944,0,0,2,847,0,710,2,1557,California
Modoc,2021-02-20,1,2268,1,324,0,1944,0,0,1,848,0,710,1,1558,California
Modoc,2021-02-22,17,2285,9,333,8,1952,0,0,3,837,14,724,3,1561,California
Modoc,2021-02-23,20,2305,2,335,18,1970,0,0,1,819,19,743,1,1562,California
Modoc,2021-02-24,90,2395,1,336,89,2059,0,0,30,789,60,803,30,1592,California
Modoc,2021-02-25,169,2564,1,337,168,2227,0,0,13,646,156,959,13,1605,California
Modoc,2021-02-26,3,2567,0,337,3,2230,0,0,1,645,2,961,1,1606,California
Modoc,2021-02-27,5,2572,5,342,0,2230,0,0,2,644,3,964,2,1608,California
Modoc,2021-03-01,5,2577,0,342,5,2235,0,0,0,640,4,968,0,1608,California
Modoc,2021-03-02,193,2770,12,354,181,2416,0,0,26,499,167,1135,26,1634,California
Modoc,2021-03-03,12,2782,6,360,6,2422,0,0,2,491,10,1145,2,1636,California
Modoc,2021-03-04,175,2957,2,362,173,2595,0,0,148,612,27,1172,148,1784,California
Modoc,2021-03-05,4,2961,3,365,1,2596,0,0,2,612,2,1174,2,1786,California
Modoc,2021-03-06,11,2972,0,365,1,2597,10,10,1,613,10,1184,11,1797,California
Modoc,2021-03-07,6,2978,1,366,0,2597,5,15,1,614,5,1189,6,1803,California
Modoc,2021-03-08,8,2986,1,367,3,2600,4,19,1,613,6,1195,5,1808,California
Modoc,2021-03-09,126,3112,10,377,108,2708,8,27,61,617,65,1260,69,1877,California
Modoc,2021-03-10,9,3121,3,380,2,2710,4,31,4,620,5,1265,8,1885,California
Modoc,2021-03-11,207,3328,0,380,99,2809,108,139,22,565,185,1450,130,2015,California
Modoc,2021-03-12,10,3338,1,381,4,2813,5,144,4,568,6,1456,9,2024,California
Modoc,2021-03-13,4,3342,0,381,1,2814,3,147,1,569,3,1459,4,2028,California
Modoc,2021-03-15,12,3354,1,382,10,2824,1,148,10,578,2,1461,11,2039,California
Modoc,2021-03-16,173,3527,1,383,168,2992,4,152,42,492,131,1592,45,2084,California
Modoc,2021-03-17,10,3537,1,384,4,2996,5,157,2,491,8,1600,7,2091,California
Modoc,2021-03-18,66,3603,1,385,58,3054,7,164,34,500,32,1632,41,2132,California
Modoc,2021-03-19,5,3608,0,385,0,3054,5,169,0,500,5,1637,5,2137,California
Modoc,2021-03-20,6,3614,2,387,1,3055,3,172,1,499,5,1642,4,2141,California
Modoc,2021-03-21,4,3618,1,388,1,3056,2,174,2,501,2,1644,4,2145,California
Modoc,2021-03-22,18,3636,1,389,11,3067,6,180,12,513,6,1650,18,2163,California
Modoc,2021-03-23,35,3671,5,394,27,3094,3,183,27,535,8,1658,30,2193,California
Modoc,2021-03-24,29,3700,1,395,18,3112,10,193,2,520,27,1685,12,2205,California
Modoc,2021-03-25,77,3777,1,396,74,3186,2,195,45,535,32,1717,47,2252,California
Modoc,2021-03-26,7,3784,2,398,2,3188,3,198,2,535,5,1722,5,2257,California
Modoc,2021-03-27,2,3786,0,398,1,3189,1,199,1,536,1,1723,2,2259,California
Modoc,2021-03-28,2,3788,1,399,0,3189,1,200,0,535,2,1725,1,2260,California
Modoc,2021-03-29,14,3802,1,400,5,3194,8,208,5,539,9,1734,13,2273,California
Modoc,2021-03-30,56,3858,10,410,39,3233,7,215,22,534,34,1768,29,2302,California
Modoc,2021-03-31,9,3867,3,413,2,3235,4,219,3,535,6,1774,7,2309,California
Modoc,2021-04-01,169,4036,2,415,162,3397,5,224,34,439,135,1909,39,2348,California
Modoc,2021-04-02,4,4040,0,415,1,3398,3,227,0,439,3,1912,3,2351,California
Modoc,2021-04-03,5,4045,2,417,0,3398,3,230,2,441,2,1914,4,2355,California
Modoc,2021-04-05,9,4054,0,417,9,3407,0,230,9,450,0,1914,9,2364,California
Modoc,2021-04-06,24,4078,5,422,9,3416,10,240,6,448,18,1932,16,2380,California
Modoc,2021-04-07,12,4090,1,423,4,3420,7,247,3,449,9,1941,10,2390,California
Modoc,2021-04-08,97,4187,1,424,93,3513,3,250,26,407,71,2012,29,2419,California
Modoc,2021-04-09,11,4198,2,426,6,3519,3,253,2,402,9,2021,4,2423,California
Modoc,2021-04-10,5,4203,0,426,1,3520,4,257,0,401,5,2026,4,2427,California
Modoc,2021-04-11,2,4205,2,428,0,3520,0,257,1,401,1,2027,1,2428,California
Modoc,2021-04-12,14,4219,1,429,9,3529,4,261,1,395,11,2038,5,2433,California
Modoc,2021-04-13,28,4247,27,456,1,3530,0,261,21,409,7,2045,21,2454,California
Modoc,2021-04-14,2,4249,2,458,0,3530,0,261,1,409,1,2046,1,2455,California
Modoc,2021-04-15,99,4348,0,458,99,3629,0,261,26,362,73,2119,26,2481,California
Modoc,2021-04-16,4,4352,4,462,0,3629,0,261,3,364,1,2120,3,2484,California
Modoc,2021-04-17,2,4354,2,464,0,3629,0,261,2,366,0,2120,2,2486,California
Modoc,2021-04-18,1,4355,0,464,1,3630,0,261,1,367,0,2120,1,2487,California
Modoc,2021-04-19,7,4362,1,465,6,3636,0,261,2,364,5,2125,2,2489,California
Modoc,2021-04-20,27,4389,2,467,25,3661,0,261,9,355,18,2143,9,2498,California
Modoc,2021-04-21,3,4392,3,470,0,3661,0,261,1,354,2,2145,1,2499,California
Modoc,2021-04-22,98,4490,4,474,94,3755,0,261,41,338,57,2202,41,2540,California
Modoc,2021-04-23,4,4494,0,474,4,3759,0,261,3,340,1,2203,3,2543,California
Modoc,2021-04-24,3,4497,1,475,1,3760,1,262,2,342,1,2204,3,2546,California
Modoc,2021-04-25,1,4498,1,476,0,3760,0,262,1,343,0,2204,1,2547,California
Modoc,2021-04-26,8,4506,1,477,7,3767,0,262,3,341,5,2209,3,2550,California
Modoc,2021-04-27,6,4512,4,481,1,3768,1,263,0,336,6,2215,1,2551,California
Modoc,2021-04-28,3,4515,0,481,3,3771,0,263,0,333,3,2218,0,2551,California
Modoc,2021-04-29,52,4567,2,483,50,3821,0,263,17,315,35,2253,17,2568,California
Modoc,2021-04-30,2,4569,2,485,0,3821,0,263,2,317,0,2253,2,2570,California
Modoc,2021-05-01,1,4570,1,486,0,3821,0,263,0,316,1,2254,0,2570,California
Modoc,2021-05-02,3,4573,2,488,1,3822,0,263,2,317,1,2255,2,2572,California
Modoc,2021-05-03,9,4582,0,488,9,3831,0,263,0,308,9,2264,0,2572,California
Mono,2020-12-18,1,1,1,1,0,0,0,0,1,1,0,0,1,1,California
Mono,2020-12-19,5,6,5,6,0,0,0,0,5,6,0,0,5,6,California
Mono,2020-12-20,7,13,7,13,0,0,0,0,7,13,0,0,7,13,California
Mono,2020-12-21,24,37,17,30,7,7,0,0,24,37,0,0,24,37,California
Mono,2020-12-22,66,103,65,95,1,8,0,0,66,103,0,0,66,103,California
Mono,2020-12-23,70,173,42,137,28,36,0,0,70,173,0,0,70,173,California
Mono,2020-12-24,3,176,1,138,2,38,0,0,3,176,0,0,3,176,California
Mono,2020-12-26,3,179,3,141,0,38,0,0,3,179,0,0,3,179,California
Mono,2020-12-28,94,273,63,204,31,69,0,0,94,273,0,0,94,273,California
Mono,2020-12-29,29,302,29,233,0,69,0,0,29,302,0,0,29,302,California
Mono,2020-12-30,77,379,36,269,41,110,0,0,77,379,0,0,77,379,California
Mono,2020-12-31,4,383,1,270,3,113,0,0,4,383,0,0,4,383,California
Mono,2021-01-01,4,387,4,274,0,113,0,0,4,387,0,0,4,387,California
Mono,2021-01-02,2,389,2,276,0,113,0,0,2,389,0,0,2,389,California
Mono,2021-01-04,1,390,0,276,1,114,0,0,1,390,0,0,1,390,California
Mono,2021-01-05,45,435,2,278,43,157,0,0,44,433,1,1,44,434,California
Mono,2021-01-06,44,479,0,278,44,201,0,0,44,477,0,1,44,478,California
Mono,2021-01-07,55,534,3,281,52,253,0,0,54,530,1,2,54,532,California
Mono,2021-01-08,2,536,1,282,1,254,0,0,1,530,1,3,1,533,California
Mono,2021-01-09,4,540,4,286,0,254,0,0,0,526,4,7,0,533,California
Mono,2021-01-10,5,545,5,291,0,254,0,0,0,521,5,12,0,533,California
Mono,2021-01-11,8,553,5,296,3,257,0,0,4,521,4,16,4,537,California
Mono,2021-01-12,282,835,75,371,207,464,0,0,218,676,63,79,218,755,California
Mono,2021-01-13,233,1068,73,444,160,624,0,0,178,799,55,134,178,933,California
Mono,2021-01-14,73,1141,71,515,2,626,0,0,73,872,0,134,73,1006,California
Mono,2021-01-15,62,1203,2,517,60,686,0,0,62,934,0,134,62,1068,California
Mono,2021-01-16,4,1207,3,520,1,687,0,0,1,932,3,137,1,1069,California
Mono,2021-01-18,64,1271,55,575,9,696,0,0,2,872,62,199,2,1071,California
Mono,2021-01-19,209,1480,207,782,2,698,0,0,171,1006,38,237,172,1243,California
Mono,2021-01-20,231,1711,199,981,32,730,0,0,170,1115,61,298,170,1413,California
Mono,2021-01-21,3,1714,3,984,0,730,0,0,3,1118,0,298,3,1416,California
Mono,2021-01-22,4,1718,0,984,4,734,0,0,4,1122,0,298,4,1420,California
Mono,2021-01-23,595,2313,595,1579,0,734,0,0,594,1715,1,299,594,2014,California
Mono,2021-01-25,203,2516,165,1744,38,772,0,0,164,1840,39,338,164,2178,California
Mono,2021-01-26,504,3020,502,2246,2,774,0,0,498,2332,6,344,498,2676,California
Mono,2021-01-27,5,3025,1,2247,4,778,0,0,5,2337,0,344,5,2681,California
Mono,2021-01-28,7,3032,3,2250,4,782,0,0,3,2336,4,348,3,2684,California
Mono,2021-01-30,202,3234,200,2450,2,784,0,0,201,2536,1,349,201,2885,California
Mono,2021-01-31,243,3477,138,2588,105,889,0,0,139,2571,104,453,139,3024,California
Mono,2021-02-01,27,3504,27,2615,0,889,0,0,0,2544,27,480,0,3024,California
Mono,2021-02-02,5,3509,0,2615,5,894,0,0,2,2543,3,483,2,3026,California
Mono,2021-02-03,4,3513,2,2617,2,896,0,0,2,2543,2,485,2,3028,California
Mono,2021-02-04,211,3724,158,2775,53,949,0,0,90,2512,121,606,90,3118,California
Mono,2021-02-05,615,4339,609,3384,6,955,0,0,612,3121,3,609,612,3730,California
Mono,2021-02-06,139,4478,138,3522,1,956,0,0,137,3256,2,611,137,3867,California
Mono,2021-02-07,2,4480,0,3522,2,958,0,0,2,3258,0,611,2,3869,California
Mono,2021-02-08,171,4651,171,3693,0,958,0,0,15,3118,155,766,15,3884,California
Mono,2021-02-09,226,4877,6,3699,220,1178,0,0,14,2920,212,978,14,3898,California
Mono,2021-02-10,537,5414,187,3886,350,1528,0,0,195,2774,342,1320,196,4094,California
Mono,2021-02-11,7,5421,4,3890,3,1531,0,0,2,2771,5,1325,2,4096,California
Mono,2021-02-12,84,5505,20,3910,64,1595,0,0,26,2739,58,1383,26,4122,California
Mono,2021-02-13,586,6091,586,4496,0,1595,0,0,25,2204,560,1943,25,4147,California
Mono,2021-02-15,166,6257,164,4660,2,1597,0,0,3,2046,161,2104,3,4150,California
Mono,2021-02-16,515,6772,512,5172,3,1600,0,0,45,1624,467,2571,45,4195,California
Mono,2021-02-17,6,6778,1,5173,5,1605,0,0,1,1620,5,2576,1,4196,California
Mono,2021-02-18,3,6781,2,5175,1,1606,0,0,2,1621,1,2577,2,4198,California
Mono,2021-02-19,54,6835,53,5228,1,1607,0,0,54,1675,0,2577,54,4252,California
Mono,2021-02-20,4,6839,4,5232,0,1607,0,0,4,1679,0,2577,4,4256,California
Mono,2021-02-21,3,6842,3,5235,0,1607,0,0,3,1682,0,2577,3,4259,California
Mono,2021-02-22,285,7127,284,5519,1,1608,0,0,24,1446,260,2837,24,4283,California
Mono,2021-02-23,135,7262,115,5634,20,1628,0,0,22,1355,113,2950,22,4305,California
Mono,2021-02-24,8,7270,3,5637,5,1633,0,0,2,1351,6,2956,2,4307,California
Mono,2021-02-25,5,7275,2,5639,3,1636,0,0,3,1353,1,2957,3,4310,California
Mono,2021-02-26,596,7871,595,6234,1,1637,0,0,20,798,575,3532,20,4330,California
Mono,2021-02-27,141,8012,137,6371,4,1641,0,0,4,668,134,3666,4,4334,California
Mono,2021-03-01,2,8014,2,6373,0,1641,0,0,1,669,0,3666,1,4335,California
Mono,2021-03-02,5,8019,3,6376,2,1643,0,0,3,670,2,3668,3,4338,California
Mono,2021-03-03,82,8101,2,6378,80,1723,0,0,79,747,2,3670,79,4417,California
Mono,2021-03-04,5,8106,1,6379,4,1727,0,0,3,748,2,3672,3,4420,California
Mono,2021-03-05,37,8143,27,6406,10,1737,0,0,14,739,23,3695,14,4434,California
Mono,2021-03-06,510,8653,17,6423,493,2230,0,0,502,1236,6,3701,503,4937,California
Mono,2021-03-07,1,8654,0,6423,1,2231,0,0,0,1235,1,3702,0,4937,California
Mono,2021-03-08,538,9192,11,6434,524,2755,3,3,529,1758,9,3711,532,5469,California
Mono,2021-03-09,6,9198,2,6436,3,2758,1,4,3,1760,2,3713,4,5473,California
Mono,2021-03-10,285,9483,90,6526,192,2950,3,7,9,1498,274,3987,12,5485,California
Mono,2021-03-11,10,9493,0,6526,1,2951,9,16,0,1497,10,3997,9,5494,California
Mono,2021-03-12,7,9500,1,6527,1,2952,5,21,0,1495,7,4004,5,5499,California
Mono,2021-03-13,824,10324,387,6914,437,3389,0,21,816,2303,8,4012,816,6315,California
Mono,2021-03-14,4,10328,4,6918,0,3389,0,21,1,2301,3,4015,1,6316,California
Mono,2021-03-15,29,10357,23,6941,1,3390,5,26,12,2302,16,4031,17,6333,California
Mono,2021-03-16,16,10373,6,6947,4,3394,6,32,8,2308,8,4039,14,6347,California
Mono,2021-03-17,33,10406,4,6951,21,3415,8,40,21,2325,12,4051,29,6376,California
Mono,2021-03-18,21,10427,2,6953,11,3426,8,48,9,2330,12,4063,17,6393,California
Mono,2021-03-19,21,10448,1,6954,17,3443,3,51,17,2347,3,4066,20,6413,California
Mono,2021-03-20,5,10453,3,6957,1,3444,1,52,4,2351,1,4067,5,6418,California
Mono,2021-03-21,1,10454,1,6958,0,3444,0,52,1,2352,0,4067,1,6419,California
Mono,2021-03-22,11,10465,0,6958,6,3450,5,57,5,2356,6,4073,10,6429,California
Mono,2021-03-23,41,10506,5,6963,31,3481,5,62,18,2356,23,4096,23,6452,California
Mono,2021-03-24,11,10517,1,6964,5,3486,5,67,5,2360,6,4102,10,6462,California
Mono,2021-03-25,19,10536,3,6967,12,3498,4,71,12,2369,7,4109,16,6478,California
Mono,2021-03-26,19,10555,3,6970,11,3509,5,76,10,2376,8,4117,15,6493,California
Mono,2021-03-27,350,10905,347,7317,3,3512,0,76,324,2674,26,4143,324,6817,California
Mono,2021-03-28,1,10906,1,7318,0,3512,0,76,1,2675,0,4143,1,6818,California
Mono,2021-03-29,10,10916,3,7321,6,3518,1,77,8,2682,2,4145,9,6827,California
Mono,2021-03-30,14,10930,0,7321,10,3528,4,81,9,2690,5,4150,13,6840,California
Mono,2021-03-31,125,11055,7,7328,117,3645,1,82,46,2659,78,4228,47,6887,California
Mono,2021-04-01,8,11063,0,7328,7,3652,1,83,3,2658,5,4233,4,6891,California
Mono,2021-04-02,17,11080,2,7330,15,3667,0,83,6,2653,11,4244,6,6897,California
Mono,2021-04-03,849,11929,366,7696,483,4150,0,83,35,1876,812,5056,35,6932,California
Mono,2021-04-05,529,12458,17,7713,511,4661,1,84,31,1411,497,5553,32,6964,California
Mono,2021-04-06,20,12478,2,7715,5,4666,13,97,2,1408,18,5571,15,6979,California
Mono,2021-04-07,24,12502,2,7717,3,4669,19,116,4,1411,20,5591,23,7002,California
Mono,2021-04-08,21,12523,2,7719,2,4671,17,133,3,1413,18,5609,20,7022,California
Mono,2021-04-09,37,12560,4,7723,4,4675,29,162,7,1419,30,5639,36,7058,California
Mono,2021-04-10,446,13006,2,7725,437,5112,7,169,28,1036,418,6057,35,7093,California
Mono,2021-04-11,1,13007,1,7726,0,5112,0,169,0,1035,1,6058,0,7093,California
Mono,2021-04-12,6,13013,0,7726,3,5115,3,172,3,1038,3,6061,6,7099,California
Mono,2021-04-13,18,13031,2,7728,15,5130,1,173,12,1045,6,6067,13,7112,California
Mono,2021-04-14,26,13057,1,7729,25,5155,0,173,7,1033,19,6086,7,7119,California
Mono,2021-04-15,18,13075,3,7732,15,5170,0,173,9,1033,9,6095,9,7128,California
Mono,2021-04-16,14,13089,1,7733,13,5183,0,173,5,1029,9,6104,5,7133,California
Mono,2021-04-17,51,13140,2,7735,49,5232,0,173,44,1066,7,6111,44,7177,California
Mono,2021-04-18,2,13142,1,7736,1,5233,0,173,2,1068,0,6111,2,7179,California
Mono,2021-04-19,526,13668,319,8055,207,5440,0,173,200,944,324,6435,200,7379,California
Mono,2021-04-20,17,13685,2,8057,15,5455,0,173,12,951,5,6440,12,7391,California
Mono,2021-04-21,9,13694,1,8058,8,5463,0,173,4,950,5,6445,4,7395,California
Mono,2021-04-22,27,13721,13,8071,14,5477,0,173,13,949,14,6459,13,7408,California
Mono,2021-04-23,21,13742,2,8073,19,5496,0,173,11,950,10,6469,11,7419,California
Mono,2021-04-24,34,13776,20,8093,14,5510,0,173,19,954,15,6484,19,7438,California
Mono,2021-04-25,3,13779,2,8095,1,5511,0,173,3,957,0,6484,3,7441,California
Mono,2021-04-26,8,13787,1,8096,7,5518,0,173,2,953,6,6490,2,7443,California
Mono,2021-04-27,63,13850,40,8136,18,5536,5,178,49,993,14,6504,54,7497,California
Mono,2021-04-28,56,13906,38,8174,16,5552,2,180,44,1029,10,6514,46,7543,California
Mono,2021-04-29,11,13917,3,8177,5,5557,3,183,3,1027,8,6522,6,7549,California
Mono,2021-04-30,7,13924,3,8180,4,5561,0,183,4,1028,3,6525,4,7553,California
Mono,2021-05-01,108,14032,3,8183,105,5666,0,183,97,1114,11,6536,97,7650,California
Mono,2021-05-03,2,14034,1,8184,1,5667,0,183,2,1116,0,6536,2,7652,California
Monterey,2020-12-16,4,4,4,4,0,0,0,0,4,4,0,0,4,4,California
Monterey,2020-12-17,83,87,83,87,0,0,0,0,83,87,0,0,83,87,California
Monterey,2020-12-18,482,569,482,569,0,0,0,0,482,569,0,0,482,569,California
Monterey,2020-12-19,578,1147,578,1147,0,0,0,0,578,1147,0,0,578,1147,California
Monterey,2020-12-20,422,1569,422,1569,0,0,0,0,422,1569,0,0,422,1569,California
Monterey,2020-12-21,719,2288,719,2288,0,0,0,0,719,2288,0,0,719,2288,California
Monterey,2020-12-22,533,2821,520,2808,13,13,0,0,533,2821,0,0,533,2821,California
Monterey,2020-12-23,436,3257,261,3069,175,188,0,0,436,3257,0,0,436,3257,California
Monterey,2020-12-24,84,3341,10,3079,74,262,0,0,84,3341,0,0,84,3341,California
Monterey,2020-12-25,6,3347,0,3079,6,268,0,0,6,3347,0,0,6,3347,California
Monterey,2020-12-26,92,3439,5,3084,87,355,0,0,92,3439,0,0,92,3439,California
Monterey,2020-12-27,7,3446,4,3088,3,358,0,0,7,3446,0,0,7,3446,California
Monterey,2020-12-28,475,3921,25,3113,450,808,0,0,475,3921,0,0,475,3921,California
Monterey,2020-12-29,898,4819,167,3280,731,1539,0,0,898,4819,0,0,898,4819,California
Monterey,2020-12-30,568,5387,98,3378,470,2009,0,0,568,5387,0,0,568,5387,California
Monterey,2020-12-31,33,5420,11,3389,22,2031,0,0,33,5420,0,0,33,5420,California
Monterey,2021-01-01,12,5432,2,3391,10,2041,0,0,12,5432,0,0,12,5432,California
Monterey,2021-01-02,137,5569,134,3525,3,2044,0,0,137,5569,0,0,137,5569,California
Monterey,2021-01-03,30,5599,29,3554,1,2045,0,0,30,5599,0,0,30,5599,California
Monterey,2021-01-04,411,6010,18,3572,393,2438,0,0,411,6010,0,0,411,6010,California
Monterey,2021-01-05,751,6761,326,3898,425,2863,0,0,737,6733,14,14,737,6747,California
Monterey,2021-01-06,655,7416,172,4070,483,3346,0,0,633,7344,22,36,633,7380,California
Monterey,2021-01-07,745,8161,571,4641,174,3520,0,0,422,7445,321,357,422,7802,California
Monterey,2021-01-08,1087,9248,734,5375,353,3873,0,0,394,7146,693,1050,394,8196,California
Monterey,2021-01-09,963,10211,935,6310,28,3901,0,0,313,6809,650,1700,313,8509,California
Monterey,2021-01-10,273,10484,270,6580,3,3904,0,0,8,6552,265,1965,8,8517,California
Monterey,2021-01-11,1065,11549,984,7564,81,3985,0,0,362,6211,703,2668,362,8879,California
Monterey,2021-01-12,464,12013,387,7951,77,4062,0,0,203,6153,261,2929,203,9082,California
Monterey,2021-01-13,1217,13230,592,8543,625,4687,0,0,1172,7280,45,2974,1172,10254,California
Monterey,2021-01-14,1046,14276,92,8635,954,5641,0,0,1028,8293,18,2992,1031,11285,California
Monterey,2021-01-15,1046,15322,44,8679,1002,6643,0,0,1033,9313,13,3005,1033,12318,California
Monterey,2021-01-16,362,15684,299,8978,63,6706,0,0,357,9665,5,3010,357,12675,California
Monterey,2021-01-17,309,15993,288,9266,21,6727,0,0,296,9948,13,3023,296,12971,California
Monterey,2021-01-18,402,16395,50,9316,352,7079,0,0,381,10308,21,3044,381,13352,California
Monterey,2021-01-19,577,16972,396,9712,181,7260,0,0,418,10569,157,3201,418,13770,California
Monterey,2021-01-20,531,17503,269,9981,262,7522,0,0,325,10688,206,3407,325,14095,California
Monterey,2021-01-21,840,18343,93,10074,747,8269,0,0,730,11312,110,3517,734,14829,California
Monterey,2021-01-22,1050,19393,193,10267,857,9126,0,0,1011,12284,39,3556,1011,15840,California
Monterey,2021-01-23,240,19633,174,10441,66,9192,0,0,117,12280,122,3678,118,15958,California
Monterey,2021-01-24,56,19689,38,10479,18,9210,0,0,22,12268,34,3712,22,15980,California
Monterey,2021-01-25,782,20471,173,10652,609,9819,0,0,157,11807,618,4330,157,16137,California
Monterey,2021-01-26,927,21398,223,10875,704,10523,0,0,235,11350,692,5022,235,16372,California
Monterey,2021-01-27,857,22255,308,11183,549,11072,0,0,378,11249,479,5501,378,16750,California
Monterey,2021-01-28,2021,24276,737,11920,1284,12356,0,0,1681,12592,340,5841,1683,18433,California
Monterey,2021-01-29,1228,25504,706,12626,522,12878,0,0,1111,13588,116,5957,1112,19545,California
Monterey,2021-01-30,440,25944,293,12919,147,13025,0,0,183,13514,257,6214,183,19728,California
Monterey,2021-01-31,493,26437,71,12990,422,13447,0,0,483,13988,10,6224,484,20212,California
Monterey,2021-02-01,1659,28096,1146,14136,513,13960,0,0,1097,14524,561,6785,1097,21309,California
Monterey,2021-02-02,2153,30249,455,14591,1698,15658,0,0,1546,15464,606,7391,1546,22855,California
Monterey,2021-02-03,2327,32576,1045,15636,1282,16940,0,0,1552,16245,771,8162,1552,24407,California
Monterey,2021-02-04,2703,35279,2019,17655,684,17624,0,0,2441,18426,260,8422,2441,26848,California
Monterey,2021-02-05,3641,38920,2820,20475,821,18445,0,0,3207,21204,429,8851,3207,30055,California
Monterey,2021-02-06,1095,40015,378,20853,717,19162,0,0,754,21619,339,9190,754,30809,California
Monterey,2021-02-07,315,40330,270,21123,45,19207,0,0,96,21496,219,9409,96,30905,California
Monterey,2021-02-08,516,40846,290,21413,226,19433,0,0,430,21840,86,9495,430,31335,California
Monterey,2021-02-09,861,41707,673,22086,188,19621,0,0,551,22083,310,9805,553,31888,California
Monterey,2021-02-10,2085,43792,1114,23200,971,20592,0,0,1235,22469,850,10655,1236,33124,California
Monterey,2021-02-11,2499,46291,971,24171,1528,22120,0,0,1544,23062,953,11608,1546,34670,California
Monterey,2021-02-12,2585,48876,426,24597,2159,24279,0,0,1522,23522,1062,12670,1522,36192,California
Monterey,2021-02-13,1068,49944,50,24647,1018,25297,0,0,977,24408,91,12761,977,37169,California
Monterey,2021-02-14,591,50535,73,24720,518,25815,0,0,518,24853,73,12834,518,37687,California
Monterey,2021-02-15,1367,51902,159,24879,1208,27023,0,0,992,25473,373,13207,993,38680,California
Monterey,2021-02-16,1089,52991,244,25123,845,27868,0,0,866,26116,223,13430,866,39546,California
Monterey,2021-02-17,1935,54926,1162,26285,773,28641,0,0,1637,27459,296,13726,1639,41185,California
Monterey,2021-02-18,2223,57149,1175,27460,1048,29689,0,0,906,27061,1306,15032,908,42093,California
Monterey,2021-02-19,2936,60085,1532,28992,1404,31093,0,0,1345,26817,1590,16622,1346,43439,California
Monterey,2021-02-20,1004,61089,604,29596,400,31493,0,0,950,27714,53,16675,950,44389,California
Monterey,2021-02-21,1239,62328,1211,30807,28,31521,0,0,1170,28817,67,16742,1170,45559,California
Monterey,2021-02-22,975,63303,843,31650,132,31653,0,0,642,29128,331,17073,642,46201,California
Monterey,2021-02-23,949,64252,617,32267,332,31985,0,0,299,28779,649,17722,300,46501,California
Monterey,2021-02-24,2461,66713,1313,33580,1148,33133,0,0,1849,30022,607,18329,1850,48351,California
Monterey,2021-02-25,4402,71115,2413,35993,1989,35122,0,0,1487,28602,2908,21237,1488,49839,California
Monterey,2021-02-26,5245,76360,3080,39073,2165,37287,0,0,2623,28607,2619,23856,2624,52463,California
Monterey,2021-02-27,996,77356,182,39255,814,38101,0,0,805,29226,186,24042,805,53268,California
Monterey,2021-02-28,1527,78883,81,39336,1446,39547,0,0,1065,29834,457,24499,1065,54333,California
Monterey,2021-03-01,1279,80162,138,39474,1138,40685,3,3,742,30047,533,25032,746,55079,California
Monterey,2021-03-02,2727,82889,1718,41192,1009,41694,0,3,1877,31078,846,25878,1877,56956,California
Monterey,2021-03-03,3200,86089,1241,42433,1959,43653,0,3,1260,30401,1938,27816,1261,58217,California
Monterey,2021-03-04,4549,90638,1468,43901,3081,46734,0,3,2949,31754,1596,29412,2949,61166,California
Monterey,2021-03-05,3584,94222,1619,45520,1688,48422,277,280,2954,34356,629,30041,3231,64397,California
Monterey,2021-03-06,5028,99250,1066,46586,3659,52081,303,583,4124,37880,901,30942,4425,68822,California
Monterey,2021-03-07,520,99770,108,46694,167,52248,245,828,233,38069,287,31229,476,69298,California
Monterey,2021-03-08,1657,101427,326,47020,942,53190,389,1217,1119,39037,538,31767,1506,70804,California
Monterey,2021-03-09,1906,103333,678,47698,952,54142,276,1493,1418,40242,487,32254,1692,72496,California
Monterey,2021-03-10,3114,106447,1017,48715,1609,55751,488,1981,1415,40451,1693,33947,1902,74398,California
Monterey,2021-03-11,4100,110547,1402,50117,2325,58076,373,2354,2340,41411,1753,35700,2713,77111,California
Monterey,2021-03-12,4293,114840,2046,52163,2130,60206,117,2471,2630,42497,1660,37360,2746,79857,California
Monterey,2021-03-13,5237,120077,960,53123,3930,64136,347,2818,3930,45468,1307,38667,4278,84135,California
Monterey,2021-03-14,2147,122224,1325,54448,797,64933,25,2843,577,44511,1559,40226,602,84737,California
Monterey,2021-03-15,3939,126163,1265,55713,2385,67318,289,3132,2254,45372,1681,41907,2542,87279,California
Monterey,2021-03-16,3489,129652,570,56283,2545,69863,374,3506,2080,46414,1408,43315,2450,89729,California
Monterey,2021-03-17,5699,135351,2330,58613,3117,72980,252,3758,4105,49189,1587,44902,4362,94091,California
Monterey,2021-03-18,4350,139701,2153,60766,2030,75010,167,3925,2995,51041,1348,46250,3200,97291,California
Monterey,2021-03-19,5385,145086,2556,63322,2687,77697,142,4067,4114,54032,1266,47516,4257,101548,California
Monterey,2021-03-20,3307,148393,420,63742,2192,79889,695,4762,2230,55882,1074,48590,2924,104472,California
Monterey,2021-03-21,622,149015,200,63942,414,80303,8,4770,555,56379,65,48655,562,105034,California
Monterey,2021-03-22,2452,151467,1428,65370,962,81265,62,4832,2246,58482,203,48858,2306,107340,California
Monterey,2021-03-23,3967,155434,2347,67717,1578,82843,42,4874,2512,59586,1450,50308,2554,109894,California
Monterey,2021-03-24,4977,160411,2086,69803,2581,85424,310,5184,3624,62169,1349,51657,3932,113826,California
Monterey,2021-03-25,5212,165623,1210,71013,3645,89069,357,5541,2591,62505,2613,54270,2949,116775,California
Monterey,2021-03-26,5292,170915,2603,73616,2623,91692,66,5607,2655,62600,2628,56898,2723,119498,California
Monterey,2021-03-27,4757,175672,1418,75034,3083,94775,256,5863,3047,64196,1707,58605,3303,122801,California
Monterey,2021-03-28,1106,176778,333,75367,764,95539,9,5872,623,64350,478,59083,632,123433,California
Monterey,2021-03-29,3166,179944,1402,76769,1750,97289,14,5886,1951,65110,1208,60291,1968,125401,California
Monterey,2021-03-30,4437,184381,2133,78902,2262,99551,42,5928,2752,66233,1675,61966,2798,128199,California
Monterey,2021-03-31,5282,189663,2376,81278,2116,101667,790,6718,3337,68409,1942,63908,4118,132317,California
Monterey,2021-04-01,6019,195682,2060,83338,3552,105219,407,7125,3015,68838,2990,66898,3419,135736,California
Monterey,2021-04-02,4659,200341,2239,85577,2359,107578,61,7186,3164,70572,1494,68392,3228,138964,California
Monterey,2021-04-03,5747,206088,1094,86671,3632,111210,1021,8207,1175,68207,4556,72948,2191,141155,California
Monterey,2021-04-04,754,206842,155,86826,585,111795,14,8221,486,68441,268,73216,502,141657,California
Monterey,2021-04-05,3967,210809,2462,89288,1278,113073,227,8448,1460,67626,2502,75718,1687,143344,California
Monterey,2021-04-06,3327,214136,1314,90602,1541,114614,472,8920,1112,66998,2211,77929,1583,144927,California
Monterey,2021-04-07,5470,219606,1361,91963,3599,118213,510,9430,2631,67309,2828,80757,3139,148066,California
Monterey,2021-04-08,6464,226070,3454,95417,2210,120423,800,10230,3172,67996,3286,84043,3973,152039,California
Monterey,2021-04-09,5469,231539,3322,98739,1517,121940,630,10860,2191,67542,3274,87317,2820,154859,California
Monterey,2021-04-10,10012,241551,4887,103626,2977,124917,2148,13008,4894,69473,5110,92427,7041,161900,California
Monterey,2021-04-11,5420,246971,4252,107878,568,125485,600,13608,4378,73414,1036,93463,4977,166877,California
Monterey,2021-04-12,4048,251019,1834,109712,1904,127389,310,13918,896,71607,3013,96476,1206,168083,California
Monterey,2021-04-13,3121,254140,719,110431,2397,129786,5,13923,1492,71498,1607,98083,1498,169581,California
Monterey,2021-04-14,6557,260697,3110,113541,3445,133231,2,13925,1796,68548,4748,102831,1798,171379,California
Monterey,2021-04-15,5722,266419,3868,117409,1854,135085,0,13925,3810,70476,1882,104713,3810,175189,California
Monterey,2021-04-16,4660,271079,2388,119797,2258,137343,14,13939,2173,70187,2476,107189,2187,177376,California
Monterey,2021-04-17,5309,276388,1329,121126,3980,141323,0,13939,3594,72077,1704,108893,3594,180970,California
Monterey,2021-04-18,834,277222,253,121379,581,141904,0,13939,234,71715,596,109489,234,181204,California
Monterey,2021-04-19,3667,280889,1284,122663,2383,144287,0,13939,1752,71560,1907,111396,1752,182956,California
Monterey,2021-04-20,3757,284646,1574,124237,2183,146470,0,13939,1548,70921,2188,113584,1549,184505,California
Monterey,2021-04-21,5770,290416,3150,127387,2620,149090,0,13939,2834,70855,2902,116486,2836,187341,California
Monterey,2021-04-22,4693,295109,1009,128396,3684,152774,0,13939,1948,70094,2709,119195,1948,189289,California
Monterey,2021-04-23,5635,300744,2627,131023,3007,155781,1,13940,2214,68910,3402,122597,2218,191507,California
Monterey,2021-04-24,4068,304812,569,131592,3499,159280,0,13940,1522,67919,2513,125110,1522,193029,California
Monterey,2021-04-25,1229,306041,601,132193,628,159908,0,13940,785,68269,435,125545,785,193814,California
Monterey,2021-04-26,3376,309417,2119,134312,1241,161149,16,13956,852,66637,2500,128045,868,194682,California
Monterey,2021-04-27,2500,311917,865,135177,1518,162667,117,14073,1093,66445,1401,129446,1209,195891,California
Monterey,2021-04-28,3222,315139,1120,136297,1967,164634,135,14208,2107,67580,1104,130550,2239,198130,California
Monterey,2021-04-29,3854,318993,2226,138523,1563,166197,65,14273,1404,66607,2443,132993,1470,199600,California
Monterey,2021-04-30,1949,320942,1330,139853,603,166800,16,14289,458,65594,1486,134479,473,200073,California
Monterey,2021-05-01,4407,325349,3882,143735,518,167318,7,14296,432,62071,3960,138439,437,200510,California
Monterey,2021-05-02,3654,329003,3624,147359,30,167348,0,14296,146,58716,3501,141940,146,200656,California
Monterey,2021-05-03,1477,330480,1086,148445,332,167680,59,14355,328,57959,1144,143084,387,201043,California
Napa,2020-12-16,12,12,12,12,0,0,0,0,12,12,0,0,12,12,California
Napa,2020-12-17,44,56,44,56,0,0,0,0,44,56,0,0,44,56,California
Napa,2020-12-18,101,157,101,157,0,0,0,0,101,157,0,0,101,157,California
Napa,2020-12-19,221,378,221,378,0,0,0,0,221,378,0,0,221,378,California
Napa,2020-12-20,188,566,188,566,0,0,0,0,188,566,0,0,188,566,California
Napa,2020-12-21,309,875,309,875,0,0,0,0,310,876,0,0,310,876,California
Napa,2020-12-22,340,1215,331,1206,9,9,0,0,340,1216,0,0,340,1216,California
Napa,2020-12-23,427,1642,318,1524,109,118,0,0,427,1643,0,0,427,1643,California
Napa,2020-12-24,139,1781,78,1602,61,179,0,0,139,1782,0,0,139,1782,California
Napa,2020-12-25,1,1782,1,1603,0,179,0,0,1,1783,0,0,1,1783,California
Napa,2020-12-26,39,1821,11,1614,28,207,0,0,39,1822,0,0,39,1822,California
Napa,2020-12-27,32,1853,16,1630,16,223,0,0,32,1854,0,0,32,1854,California
Napa,2020-12-28,251,2104,185,1815,66,289,0,0,280,2134,0,0,280,2134,California
Napa,2020-12-29,273,2377,214,2029,59,348,0,0,307,2441,0,0,307,2441,California
Napa,2020-12-30,628,3005,485,2514,143,491,0,0,636,3077,0,0,636,3077,California
Napa,2020-12-31,461,3466,373,2887,88,579,0,0,461,3538,0,0,461,3538,California
Napa,2021-01-01,1,3467,1,2888,0,579,0,0,1,3539,0,0,1,3539,California
Napa,2021-01-02,98,3565,93,2981,5,584,0,0,98,3637,0,0,98,3637,California
Napa,2021-01-03,13,3578,11,2992,2,586,0,0,9,3646,0,0,9,3646,California
Napa,2021-01-04,106,3684,64,3056,42,628,0,0,106,3752,0,0,106,3752,California
Napa,2021-01-05,162,3846,85,3141,77,705,0,0,145,3873,24,24,145,3897,California
Napa,2021-01-06,460,4306,115,3256,345,1050,0,0,396,4207,62,86,396,4293,California
Napa,2021-01-07,497,4803,234,3490,263,1313,0,0,397,4505,99,185,397,4690,California
Napa,2021-01-08,442,5245,226,3716,216,1529,0,0,262,4588,179,364,262,4952,California
Napa,2021-01-09,325,5570,300,4016,25,1554,0,0,189,4641,136,500,189,5141,California
Napa,2021-01-10,184,5754,101,4117,83,1637,0,0,109,4675,75,575,109,5250,California
Napa,2021-01-11,883,6637,426,4543,457,2094,0,0,510,4813,374,949,512,5762,California
Napa,2021-01-12,1311,7948,370,4913,941,3035,0,0,996,5494,315,1264,996,6758,California
Napa,2021-01-13,1312,9260,264,5177,1048,4083,0,0,1150,6484,161,1425,1151,7909,California
Napa,2021-01-14,1053,10313,173,5350,880,4963,0,0,935,7303,116,1541,935,8844,California
Napa,2021-01-15,1456,11769,384,5734,1072,6035,0,0,1308,8456,156,1697,1309,10153,California
Napa,2021-01-16,357,12126,134,5868,223,6258,0,0,339,8777,18,1715,339,10492,California
Napa,2021-01-17,341,12467,176,6044,165,6423,0,0,331,9098,10,1725,331,10823,California
Napa,2021-01-18,1081,13548,197,6241,884,7307,0,0,990,9997,91,1816,990,11813,California
Napa,2021-01-19,1010,14558,405,6646,605,7912,0,0,768,10524,241,2057,768,12581,California
Napa,2021-01-20,824,15382,185,6831,639,8551,0,0,642,10986,180,2237,642,13223,California
Napa,2021-01-21,1335,16717,374,7205,961,9512,0,0,1080,11813,254,2491,1081,14304,California
Napa,2021-01-22,1540,18257,412,7617,1128,10640,0,0,1213,12701,326,2817,1214,15518,California
Napa,2021-01-23,398,18655,318,7935,80,10720,0,0,336,12975,62,2879,336,15854,California
Napa,2021-01-24,266,18921,189,8124,77,10797,0,0,208,13125,58,2937,208,16062,California
Napa,2021-01-25,1522,20443,231,8355,1291,12088,0,0,1432,14467,90,3027,1432,17494,California
Napa,2021-01-26,881,21324,285,8640,596,12684,0,0,787,15161,94,3121,788,18282,California
Napa,2021-01-27,627,21951,221,8861,406,13090,0,0,471,15477,156,3277,472,18754,California
Napa,2021-01-28,390,22341,177,9038,213,13303,0,0,198,15485,190,3467,198,18952,California
Napa,2021-01-29,254,22595,65,9103,189,13492,0,0,159,15549,95,3562,159,19111,California
Napa,2021-01-30,804,23399,695,9798,109,13601,0,0,640,16025,164,3726,640,19751,California
Napa,2021-01-31,655,24054,625,10423,30,13631,0,0,629,16628,26,3752,629,20380,California
Napa,2021-02-01,315,24369,110,10533,205,13836,0,0,163,16639,152,3904,163,20543,California
Napa,2021-02-02,608,24977,281,10814,327,14163,0,0,298,16630,307,4211,298,20841,California
Napa,2021-02-03,745,25722,310,11124,435,14598,0,0,431,16748,313,4524,431,21272,California
Napa,2021-02-04,789,26511,373,11497,416,15014,0,0,441,16843,346,4870,441,21713,California
Napa,2021-02-05,712,27223,313,11810,399,15413,0,0,344,16819,368,5238,344,22057,California
Napa,2021-02-06,435,27658,146,11956,289,15702,0,0,330,17044,105,5343,330,22387,California
Napa,2021-02-07,176,27834,163,12119,13,15715,0,0,71,17010,105,5448,71,22458,California
Napa,2021-02-08,838,28672,191,12310,647,16362,0,0,274,16723,561,6009,274,22732,California
Napa,2021-02-09,1078,29750,443,12753,635,16997,0,0,438,16521,640,6649,438,23170,California
Napa,2021-02-10,1720,31470,193,12946,1527,18524,0,0,453,15711,1264,7913,454,23624,California
Napa,2021-02-11,1492,32962,194,13140,1298,19822,0,0,406,15043,1074,8987,406,24030,California
Napa,2021-02-12,2162,35124,839,13979,1323,21145,0,0,722,14328,1437,10424,722,24752,California
Napa,2021-02-13,496,35620,52,14031,444,21589,0,0,312,14456,184,10608,312,25064,California
Napa,2021-02-14,355,35975,89,14120,266,21855,0,0,194,14489,161,10769,194,25258,California
Napa,2021-02-15,873,36848,182,14302,691,22546,0,0,220,14058,651,11420,220,25478,California
Napa,2021-02-16,1288,38136,597,14899,691,23237,0,0,612,13995,675,12095,612,26090,California
Napa,2021-02-17,1050,39186,533,15432,517,23754,0,0,480,13907,568,12663,480,26570,California
Napa,2021-02-18,1897,41083,485,15917,1412,25166,0,0,658,13329,1236,13899,658,27228,California
Napa,2021-02-19,1482,42565,587,16504,895,26061,0,0,676,13200,805,14704,676,27904,California
Napa,2021-02-20,822,43387,596,17100,226,26287,0,0,274,12926,548,15252,274,28178,California
Napa,2021-02-21,798,44185,735,17835,63,26350,0,0,196,12520,602,15854,196,28374,California
Napa,2021-02-22,443,44628,187,18022,256,26606,0,0,138,12353,305,16159,138,28512,California
Napa,2021-02-23,1126,45754,301,18323,825,27431,0,0,308,11843,818,16977,308,28820,California
Napa,2021-02-24,1164,46918,643,18966,521,27952,0,0,575,11832,587,17564,576,29396,California
Napa,2021-02-25,2553,49471,1221,20187,1332,29284,0,0,1841,12962,711,18275,1841,31237,California
Napa,2021-02-26,1500,50971,524,20711,976,30260,0,0,587,12638,911,19186,587,31824,California
Napa,2021-02-27,1118,52089,380,21091,738,30998,0,0,865,13252,251,19437,865,32689,California
Napa,2021-02-28,560,52649,459,21550,101,31099,0,0,461,13616,97,19534,461,33150,California
Napa,2021-03-01,1101,53750,815,22365,286,31385,0,0,832,14180,268,19802,832,33982,California
Napa,2021-03-02,1483,55233,1024,23389,459,31844,0,0,1142,14982,340,20142,1142,35124,California
Napa,2021-03-03,1549,56782,686,24075,863,32707,0,0,1364,16162,184,20326,1364,36488,California
Napa,2021-03-04,1709,58491,784,24859,925,33632,0,0,1471,17398,235,20561,1471,37959,California
Napa,2021-03-05,1890,60381,784,25643,1102,34734,4,4,1474,18462,414,20975,1478,39437,California
Napa,2021-03-06,648,61029,281,25924,336,35070,31,35,535,18917,111,21086,566,40003,California
Napa,2021-03-07,521,61550,319,26243,187,35257,15,50,371,19153,150,21236,386,40389,California
Napa,2021-03-08,706,62256,330,26573,323,35580,53,103,529,19560,175,21411,582,40971,California
Napa,2021-03-09,1633,63889,570,27143,1017,36597,46,149,1201,20378,429,21840,1247,42218,California
Napa,2021-03-10,1477,65366,917,28060,467,37064,93,242,776,20549,697,22537,868,43086,California
Napa,2021-03-11,1850,67216,1055,29115,666,37730,129,371,960,20747,890,23427,1088,44174,California
Napa,2021-03-12,1506,68722,915,30030,495,38225,96,467,803,20944,701,24128,898,45072,California
Napa,2021-03-13,1163,69885,299,30329,840,39065,24,491,827,21461,334,24462,851,45923,California
Napa,2021-03-14,610,70495,328,30657,134,39199,148,639,226,21451,383,24845,373,46296,California
Napa,2021-03-15,949,71444,408,31065,472,39671,69,708,480,21533,467,25312,549,46845,California
Napa,2021-03-16,1837,73281,387,31452,1324,40995,126,834,1377,22581,456,25768,1504,48349,California
Napa,2021-03-17,2494,75775,1848,33300,467,41462,179,1013,1585,23436,909,26677,1764,50113,California
Napa,2021-03-18,2103,77878,916,34216,1177,42639,10,1023,1282,23909,819,27496,1292,51405,California
Napa,2021-03-19,1441,79319,869,35085,544,43183,28,1051,714,23927,724,28220,742,52147,California
Napa,2021-03-20,1005,80324,529,35614,323,43506,153,1204,431,23938,573,28793,584,52731,California
Napa,2021-03-21,701,81025,680,36294,19,43525,2,1206,350,23940,350,29143,352,53083,California
Napa,2021-03-22,1088,82113,913,37207,164,43689,11,1217,476,23819,608,29751,487,53570,California
Napa,2021-03-23,1513,83626,821,38028,675,44364,17,1234,1001,24328,509,30260,1018,54588,California
Napa,2021-03-24,1704,85330,944,38972,752,45116,8,1242,822,24277,881,31141,830,55418,California
Napa,2021-03-25,1630,86960,1049,40021,527,45643,54,1296,746,24195,882,32023,800,56218,California
Napa,2021-03-26,1293,88253,830,40851,457,46100,6,1302,590,24091,700,32723,596,56814,California
Napa,2021-03-27,945,89198,431,41282,487,46587,27,1329,313,23799,632,33355,340,57154,California
Napa,2021-03-28,484,89682,374,41656,103,46690,7,1336,184,23691,299,33654,191,57345,California
Napa,2021-03-29,1194,90876,871,42527,318,47008,5,1341,734,23971,459,34113,739,58084,California
Napa,2021-03-30,2525,93401,929,43456,1592,48600,4,1345,1740,24930,785,34898,1744,59828,California
Napa,2021-03-31,1963,95364,958,44414,936,49536,69,1414,805,24647,1155,36053,872,60700,California
Napa,2021-04-01,1726,97090,829,45243,782,50318,115,1529,470,23981,1251,37304,585,61285,California
Napa,2021-04-02,1831,98921,821,46064,868,51186,142,1671,456,23207,1372,38676,598,61883,California
Napa,2021-04-03,622,99543,360,46424,203,51389,59,1730,208,23059,414,39090,266,62149,California
Napa,2021-04-04,353,99896,144,46568,151,51540,58,1788,124,23013,228,39318,182,62331,California
Napa,2021-04-05,1264,101160,755,47323,291,51831,218,2006,574,23116,689,40007,792,63123,California
Napa,2021-04-06,2214,103374,558,47881,1401,53232,255,2261,524,22208,1687,41694,779,63902,California
Napa,2021-04-07,1719,105093,699,48580,799,54031,221,2482,523,21760,1191,42885,743,64645,California
Napa,2021-04-08,1848,106941,1059,49639,419,54450,370,2852,976,22236,868,43753,1344,65989,California
Napa,2021-04-09,1531,108472,920,50559,310,54760,301,3153,678,22363,851,44604,978,66967,California
Napa,2021-04-10,1028,109500,345,50904,583,55343,100,3253,238,21911,789,45393,337,67304,California
Napa,2021-04-11,384,109884,301,51205,62,55405,21,3274,157,21862,227,45620,178,67482,California
Napa,2021-04-12,784,110668,303,51508,358,55763,123,3397,293,21786,490,46110,414,67896,California
Napa,2021-04-13,2519,113187,840,52348,1679,57442,0,3397,917,21105,1598,47708,917,68813,California
Napa,2021-04-14,2058,115245,975,53323,1083,58525,0,3397,1008,21070,1043,48751,1008,69821,California
Napa,2021-04-15,1615,116860,524,53847,1091,59616,0,3397,863,21186,747,49498,863,70684,California
Napa,2021-04-16,2897,119757,1569,55416,1328,60944,0,3397,2185,22661,710,50208,2185,72869,California
Napa,2021-04-17,1124,120881,266,55682,858,61802,0,3397,828,23193,296,50504,828,73697,California
Napa,2021-04-18,263,121144,171,55853,92,61894,0,3397,118,23167,144,50648,118,73815,California
Napa,2021-04-19,608,121752,339,56192,269,62163,0,3397,266,23092,341,50989,266,74081,California
Napa,2021-04-20,2911,124663,1951,58143,960,63123,0,3397,1975,24133,935,51924,1976,76057,California
Napa,2021-04-21,2823,127486,2067,60210,756,63879,0,3397,1774,24864,1044,52968,1775,77832,California
Napa,2021-04-22,1609,129095,1114,61324,495,64374,0,3397,821,24901,784,53752,821,78653,California
Napa,2021-04-23,1542,130637,1165,62489,375,64749,2,3399,1074,25511,464,54216,1074,79727,California
Napa,2021-04-24,538,131175,313,62802,225,64974,0,3399,284,25542,253,54469,284,80011,California
Napa,2021-04-25,248,131423,191,62993,57,65031,0,3399,129,25553,118,54587,129,80140,California
Napa,2021-04-26,488,131911,256,63249,232,65263,0,3399,251,25570,234,54821,251,80391,California
Napa,2021-04-27,1482,133393,424,63673,1047,66310,11,3410,620,25342,859,55680,631,81022,California
Napa,2021-04-28,865,134258,378,64051,470,66780,17,3427,289,25073,575,56255,306,81328,California
Napa,2021-04-29,562,134820,292,64343,254,67034,16,3443,171,24873,386,56641,186,81514,California
Napa,2021-04-30,386,135206,186,64529,181,67215,19,3462,164,24833,222,56863,182,81696,California
Napa,2021-05-01,245,135451,208,64737,33,67248,4,3466,73,24738,172,57035,77,81773,California
Napa,2021-05-02,168,135619,147,64884,21,67269,0,3466,68,24707,99,57134,68,81841,California
Napa,2021-05-03,203,135822,104,64988,77,67346,22,3488,61,24650,141,57275,84,81925,California
Nevada,2020-12-16,3,3,3,3,0,0,0,0,3,3,0,0,3,3,California
Nevada,2020-12-17,6,9,6,9,0,0,0,0,6,9,0,0,6,9,California
Nevada,2020-12-18,52,61,52,61,0,0,0,0,52,61,0,0,52,61,California
Nevada,2020-12-19,55,116,55,116,0,0,0,0,55,116,0,0,55,116,California
Nevada,2020-12-20,12,128,12,128,0,0,0,0,12,128,0,0,12,128,California
Nevada,2020-12-21,69,197,69,197,0,0,0,0,69,197,0,0,69,197,California
Nevada,2020-12-22,91,288,89,286,2,2,0,0,91,288,0,0,91,288,California
Nevada,2020-12-23,233,521,202,488,31,33,0,0,233,521,0,0,233,521,California
Nevada,2020-12-24,13,534,11,499,2,35,0,0,13,534,0,0,13,534,California
Nevada,2020-12-25,3,537,3,502,0,35,0,0,3,537,0,0,3,537,California
Nevada,2020-12-26,6,543,4,506,2,37,0,0,6,543,0,0,6,543,California
Nevada,2020-12-27,88,631,88,594,0,37,0,0,88,631,0,0,88,631,California
Nevada,2020-12-28,170,801,93,687,77,114,0,0,170,801,0,0,170,801,California
Nevada,2020-12-29,100,901,74,761,26,140,0,0,100,901,0,0,100,901,California
Nevada,2020-12-30,86,987,66,827,20,160,0,0,86,987,0,0,86,987,California
Nevada,2020-12-31,39,1026,9,836,30,190,0,0,39,1026,0,0,39,1026,California
Nevada,2021-01-01,1,1027,0,836,1,191,0,0,1,1027,0,0,1,1027,California
Nevada,2021-01-02,1,1028,1,837,0,191,0,0,1,1028,0,0,1,1028,California
Nevada,2021-01-03,129,1157,126,963,3,194,0,0,129,1157,0,0,129,1157,California
Nevada,2021-01-04,71,1228,47,1010,24,218,0,0,71,1228,0,0,71,1228,California
Nevada,2021-01-05,271,1499,130,1140,141,359,0,0,270,1497,1,1,270,1498,California
Nevada,2021-01-06,91,1590,43,1183,48,407,0,0,83,1572,8,9,83,1581,California
Nevada,2021-01-07,215,1805,43,1226,172,579,0,0,208,1775,6,15,209,1790,California
Nevada,2021-01-08,222,2027,128,1354,94,673,0,0,170,1893,52,67,170,1960,California
Nevada,2021-01-09,64,2091,56,1410,8,681,0,0,16,1861,48,115,16,1976,California
Nevada,2021-01-10,17,2108,9,1419,8,689,0,0,9,1862,8,123,9,1985,California
Nevada,2021-01-11,185,2293,131,1550,54,743,0,0,57,1791,128,251,57,2042,California
Nevada,2021-01-12,597,2890,451,2001,146,889,0,0,531,2256,66,317,531,2573,California
Nevada,2021-01-13,257,3147,146,2147,111,1000,0,0,122,2243,135,452,122,2695,California
Nevada,2021-01-14,238,3385,127,2274,111,1111,0,0,220,2446,17,469,220,2915,California
Nevada,2021-01-15,394,3779,169,2443,225,1336,0,0,296,2644,98,567,296,3211,California
Nevada,2021-01-16,296,4075,15,2458,281,1617,0,0,292,2932,4,571,292,3503,California
Nevada,2021-01-17,35,4110,31,2489,4,1621,0,0,33,2963,2,573,33,3536,California
Nevada,2021-01-18,151,4261,41,2530,110,1731,0,0,141,3094,10,583,141,3677,California
Nevada,2021-01-19,244,4505,85,2615,159,1890,0,0,225,3300,19,602,225,3902,California
Nevada,2021-01-20,258,4763,153,2768,105,1995,0,0,245,3532,13,615,245,4147,California
Nevada,2021-01-21,338,5101,207,2975,131,2126,0,0,325,3844,13,628,325,4472,California
Nevada,2021-01-22,346,5447,209,3184,137,2263,0,0,316,4130,30,658,316,4788,California
Nevada,2021-01-23,177,5624,104,3288,73,2336,0,0,177,4307,0,658,177,4965,California
Nevada,2021-01-24,105,5729,98,3386,7,2343,0,0,66,4334,39,697,66,5031,California
Nevada,2021-01-25,267,5996,137,3523,130,2473,0,0,206,4479,61,758,206,5237,California
Nevada,2021-01-26,401,6397,141,3664,260,2733,0,0,299,4676,102,860,299,5536,California
Nevada,2021-01-27,417,6814,248,3912,169,2902,0,0,393,5045,24,884,393,5929,California
Nevada,2021-01-28,469,7283,318,4230,151,3053,0,0,425,5427,43,927,425,6354,California
Nevada,2021-01-29,602,7885,392,4622,210,3263,0,0,576,5979,25,952,577,6931,California
Nevada,2021-01-30,232,8117,105,4727,127,3390,0,0,229,6205,3,955,229,7160,California
Nevada,2021-01-31,102,8219,86,4813,16,3406,0,0,101,6306,1,956,102,7262,California
Nevada,2021-02-01,290,8509,71,4884,219,3625,0,0,276,6568,14,970,276,7538,California
Nevada,2021-02-02,511,9020,173,5057,338,3963,0,0,323,6703,188,1158,323,7861,California
Nevada,2021-02-03,810,9830,570,5627,240,4203,0,0,758,7410,51,1209,758,8619,California
Nevada,2021-02-04,738,10568,392,6019,346,4549,0,0,488,7649,249,1458,488,9107,California
Nevada,2021-02-05,643,11211,365,6384,278,4827,0,0,453,7914,188,1646,453,9560,California
Nevada,2021-02-06,268,11479,82,6466,186,5013,0,0,241,8128,27,1673,241,9801,California
Nevada,2021-02-07,245,11724,192,6658,53,5066,0,0,191,8265,54,1727,191,9992,California
Nevada,2021-02-08,650,12374,408,7066,242,5308,0,0,552,8719,98,1825,552,10544,California
Nevada,2021-02-09,601,12975,337,7403,264,5572,0,0,463,9044,138,1963,463,11007,California
Nevada,2021-02-10,647,13622,322,7725,325,5897,0,0,418,9234,229,2192,419,11426,California
Nevada,2021-02-11,871,14493,504,8229,367,6264,0,0,541,9446,329,2521,541,11967,California
Nevada,2021-02-12,931,15424,435,8664,496,6760,0,0,613,9743,316,2837,613,12580,California
Nevada,2021-02-13,599,16023,236,8900,363,7123,0,0,390,9929,205,3042,391,12971,California
Nevada,2021-02-14,229,16252,119,9019,110,7233,0,0,201,10102,28,3070,201,13172,California
Nevada,2021-02-15,709,16961,438,9457,271,7504,0,0,535,10463,174,3244,535,13707,California
Nevada,2021-02-16,620,17581,197,9654,423,7927,0,0,451,10746,168,3412,451,14158,California
Nevada,2021-02-17,1186,18767,764,10418,422,8349,0,0,858,11276,328,3740,858,15016,California
Nevada,2021-02-18,1006,19773,547,10965,459,8808,0,0,600,11472,404,4144,600,15616,California
Nevada,2021-02-19,1012,20785,629,11594,383,9191,0,0,652,11765,360,4504,653,16269,California
Nevada,2021-02-20,298,21083,106,11700,192,9383,0,0,173,11814,124,4628,173,16442,California
Nevada,2021-02-21,88,21171,83,11783,5,9388,0,0,8,11743,79,4707,8,16450,California
Nevada,2021-02-22,494,21665,327,12110,167,9555,0,0,346,11942,147,4854,346,16796,California
Nevada,2021-02-23,468,22133,219,12329,249,9804,0,0,206,11889,259,5113,206,17002,California
Nevada,2021-02-24,474,22607,235,12564,239,10043,0,0,249,11915,225,5338,251,17253,California
Nevada,2021-02-25,861,23468,465,13029,396,10439,0,0,431,11918,428,5766,431,17684,California
Nevada,2021-02-26,1234,24702,880,13909,354,10793,0,0,407,11501,824,6590,407,18091,California
Nevada,2021-02-27,352,25054,110,14019,242,11035,0,0,182,11513,170,6760,182,18273,California
Nevada,2021-02-28,265,25319,153,14172,112,11147,0,0,124,11497,140,6900,124,18397,California
Nevada,2021-03-01,816,26135,423,14595,393,11540,0,0,351,11385,463,7363,351,18748,California
Nevada,2021-03-02,706,26841,262,14857,444,11984,0,0,480,11643,222,7585,480,19228,California
Nevada,2021-03-03,964,27805,491,15348,472,12456,1,1,492,11665,471,8056,493,19721,California
Nevada,2021-03-04,1101,28906,614,15962,487,12943,0,1,465,11497,633,8689,465,20186,California
Nevada,2021-03-05,814,29720,457,16419,347,13290,10,11,359,11413,453,9142,369,20555,California
Nevada,2021-03-06,356,30076,119,16538,210,13500,27,38,144,11372,212,9354,171,20726,California
Nevada,2021-03-07,208,30284,109,16647,80,13580,19,57,67,11317,141,9495,86,20812,California
Nevada,2021-03-08,804,31088,538,17185,221,13801,45,102,358,11276,445,9940,404,21216,California
Nevada,2021-03-09,669,31757,318,17503,301,14102,50,152,366,11390,301,10241,415,21631,California
Nevada,2021-03-10,957,32714,604,18107,296,14398,57,209,320,11134,633,10874,377,22008,California
Nevada,2021-03-11,1096,33810,718,18825,353,14751,25,234,543,11157,545,11419,568,22576,California
Nevada,2021-03-12,1188,34998,721,19546,437,15188,30,264,503,11006,683,12102,532,23108,California
Nevada,2021-03-13,266,35264,52,19598,209,15397,5,269,95,10935,170,12272,99,23207,California
Nevada,2021-03-14,155,35419,21,19619,128,15525,6,275,33,10852,122,12394,39,23246,California
Nevada,2021-03-15,837,36256,454,20073,371,15896,12,287,354,10738,480,12874,366,23612,California
Nevada,2021-03-16,993,37249,465,20538,467,16363,61,348,646,11099,346,13220,707,24319,California
Nevada,2021-03-17,1013,38262,449,20987,554,16917,10,358,583,11265,427,13647,593,24912,California
Nevada,2021-03-18,968,39230,525,21512,420,17337,23,381,475,11274,489,14136,498,25410,California
Nevada,2021-03-19,751,39981,437,21949,282,17619,32,413,352,11262,396,14532,384,25794,California
Nevada,2021-03-20,822,40803,92,22041,306,17925,424,837,234,11335,582,15114,655,26449,California
Nevada,2021-03-21,57,40860,31,22072,25,17950,1,838,39,11358,17,15131,40,26489,California
Nevada,2021-03-22,795,41655,513,22585,277,18227,5,843,538,11646,255,15386,543,27032,California
Nevada,2021-03-23,852,42507,383,22968,443,18670,26,869,641,12105,208,15594,667,27699,California
Nevada,2021-03-24,1015,43522,539,23507,469,19139,7,876,649,12398,362,15956,655,28354,California
Nevada,2021-03-25,899,44421,451,23958,423,19562,25,901,494,12512,404,16360,518,28872,California
Nevada,2021-03-26,1137,45558,432,24390,668,20230,37,938,827,13068,307,16667,863,29735,California
Nevada,2021-03-27,566,46124,70,24460,480,20710,16,954,385,13288,181,16848,401,30136,California
Nevada,2021-03-28,174,46298,50,24510,111,20821,13,967,39,13207,133,16981,52,30188,California
Nevada,2021-03-29,821,47119,501,25011,298,21119,22,989,394,13198,424,17405,415,30603,California
Nevada,2021-03-30,1043,48162,475,25486,534,21653,34,1023,541,13279,494,17899,575,31178,California
Nevada,2021-03-31,1171,49333,659,26145,495,22148,17,1040,695,13523,467,18366,711,31889,California
Nevada,2021-04-01,1222,50555,713,26858,456,22604,53,1093,542,13443,675,19041,595,32484,California
Nevada,2021-04-02,1280,51835,655,27513,589,23193,36,1129,762,13727,514,19555,798,33282,California
Nevada,2021-04-03,287,52122,89,27602,160,23353,38,1167,83,13645,203,19758,121,33403,California
Nevada,2021-04-04,128,52250,42,27644,79,23432,7,1174,79,13682,49,19807,86,33489,California
Nevada,2021-04-05,933,53183,612,28256,302,23734,19,1193,621,14014,308,20115,640,34129,California
Nevada,2021-04-06,1066,54249,661,28917,262,23996,143,1336,469,14035,591,20706,612,34741,California
Nevada,2021-04-07,1134,55383,807,29724,245,24241,82,1418,599,14187,528,21234,680,35421,California
Nevada,2021-04-08,1271,56654,890,30614,298,24539,83,1501,705,14412,563,21797,788,36209,California
Nevada,2021-04-09,1235,57889,845,31459,321,24860,69,1570,839,14924,396,22193,908,37117,California
Nevada,2021-04-10,263,58152,81,31540,106,24966,76,1646,115,14968,147,22340,191,37308,California
Nevada,2021-04-11,100,58252,31,31571,65,25031,4,1650,39,14950,61,22401,43,37351,California
Nevada,2021-04-12,734,58986,537,32108,180,25211,17,1667,312,14860,419,22820,329,37680,California
Nevada,2021-04-13,875,59861,349,32457,526,25737,0,1667,467,14921,406,23226,467,38147,California
Nevada,2021-04-14,1048,60909,564,33021,484,26221,0,1667,538,14957,502,23728,538,38685,California
Nevada,2021-04-15,1058,61967,702,33723,356,26577,0,1667,615,15139,433,24161,615,39300,California
Nevada,2021-04-16,897,62864,696,34419,201,26778,0,1667,529,15301,367,24528,529,39829,California
Nevada,2021-04-17,194,63058,52,34471,142,26920,0,1667,84,15276,109,24637,84,39913,California
Nevada,2021-04-18,181,63239,17,34488,164,27084,0,1667,101,15297,80,24717,101,40014,California
Nevada,2021-04-19,750,63989,481,34969,269,27353,0,1667,304,15163,438,25155,304,40318,California
Nevada,2021-04-20,795,64784,307,35276,488,27841,0,1667,298,14969,492,25647,298,40616,California
Nevada,2021-04-21,898,65682,491,35767,407,28248,0,1667,267,14612,624,26271,267,40883,California
Nevada,2021-04-22,989,66671,616,36383,373,28621,0,1667,339,14312,639,26910,339,41222,California
Nevada,2021-04-23,1215,67886,538,36921,677,29298,0,1667,396,13899,809,27719,396,41618,California
Nevada,2021-04-24,519,68405,73,36994,446,29744,0,1667,169,13719,349,28068,169,41787,California
Nevada,2021-04-25,115,68520,60,37054,50,29794,5,1672,50,13710,64,28132,55,41842,California
Nevada,2021-04-26,697,69217,527,37581,162,29956,8,1680,196,13422,492,28624,204,42046,California
Nevada,2021-04-27,758,69975,345,37926,409,30365,4,1684,394,13464,356,28980,398,42444,California
Nevada,2021-04-28,885,70860,524,38450,356,30721,5,1689,348,13285,532,29512,353,42797,California
Nevada,2021-04-29,859,71719,594,39044,259,30980,6,1695,215,12863,643,30155,221,43018,California
Nevada,2021-04-30,1001,72720,593,39637,404,31384,4,1699,159,12185,841,30996,163,43181,California
Nevada,2021-05-01,61,72781,11,39648,48,31432,2,1701,29,12184,32,31028,31,43212,California
Nevada,2021-05-02,15,72796,7,39655,8,31440,0,1701,10,12189,5,31033,10,43222,California
Nevada,2021-05-03,381,73177,245,39900,133,31573,3,1704,154,12120,225,31258,156,43378,California
Orange,2020-12-15,16,16,16,16,0,0,0,0,16,16,0,0,16,16,California
Orange,2020-12-16,365,381,365,381,0,0,0,0,365,381,0,0,365,381,California
Orange,2020-12-17,3725,4106,3725,4106,0,0,0,0,3724,4105,0,0,3724,4105,California
Orange,2020-12-18,5052,9158,5045,9151,7,7,0,0,5051,9156,0,0,5051,9156,California
Orange,2020-12-19,2230,11388,2223,11374,7,14,0,0,2229,11385,0,0,2229,11385,California
Orange,2020-12-20,1986,13374,1983,13357,3,17,0,0,1987,13372,0,0,1987,13372,California
Orange,2020-12-21,4251,17625,4245,17602,6,23,0,0,4251,17623,0,0,4251,17623,California
Orange,2020-12-22,3982,21607,3947,21549,35,58,0,0,3982,21605,0,0,3982,21605,California
Orange,2020-12-23,3558,25165,3197,24746,361,419,0,0,3560,25165,0,0,3560,25165,California
Orange,2020-12-24,1377,26542,1078,25824,299,718,0,0,1377,26542,0,0,1377,26542,California
Orange,2020-12-25,17,26559,12,25836,5,723,0,0,17,26559,0,0,17,26559,California
Orange,2020-12-26,1022,27581,423,26259,599,1322,0,0,1022,27581,0,0,1022,27581,California
Orange,2020-12-27,582,28163,275,26534,307,1629,0,0,582,28163,0,0,582,28163,California
Orange,2020-12-28,3539,31702,2567,29101,972,2601,0,0,3539,31702,0,0,3539,31702,California
Orange,2020-12-29,3572,35274,2563,31664,1009,3610,0,0,3571,35272,1,1,3571,35273,California
Orange,2020-12-30,5124,40398,3558,35222,1566,5176,0,0,5124,40396,0,1,5124,40397,California
Orange,2020-12-31,1495,41893,798,36020,697,5873,0,0,1495,41891,0,1,1495,41892,California
Orange,2021-01-01,519,42412,279,36299,240,6113,0,0,518,42408,1,2,518,42410,California
Orange,2021-01-02,1404,43816,895,37194,509,6622,0,0,1404,43812,0,2,1404,43814,California
Orange,2021-01-03,577,44393,319,37513,258,6880,0,0,577,44389,0,2,577,44391,California
Orange,2021-01-04,2735,47128,1560,39073,1175,8055,0,0,2736,47124,1,3,2736,47127,California
Orange,2021-01-05,3518,50646,2293,41366,1225,9280,0,0,3111,49835,403,406,3114,50241,California
Orange,2021-01-06,4988,55634,3464,44830,1524,10804,0,0,3622,52103,1354,1760,3622,53863,California
Orange,2021-01-07,9252,64886,5163,49993,4089,14893,0,0,5684,54236,3555,5315,5688,59551,California
Orange,2021-01-08,9410,74296,5263,55256,4147,19040,0,0,5649,56136,3751,9066,5651,65202,California
Orange,2021-01-09,4998,79294,1739,56995,3259,22299,0,0,3717,58572,1281,10347,3717,68919,California
Orange,2021-01-10,4235,83529,1042,58037,3193,25492,0,0,3355,61052,879,11226,3359,72278,California
Orange,2021-01-11,9438,92967,4900,62937,4538,30030,0,0,5817,63246,3624,14850,5818,78096,California
Orange,2021-01-12,8814,101781,4722,67659,4092,34122,0,0,5350,65135,3462,18312,5351,83447,California
Orange,2021-01-13,10241,112022,4912,72571,5329,39451,0,0,7042,68990,3194,21506,7049,90496,California
Orange,2021-01-14,9964,121986,3774,76345,6190,45641,0,0,8374,75782,1588,23094,8380,98876,California
Orange,2021-01-15,10161,132147,2621,78966,7540,53181,0,0,9286,84191,883,23977,9292,108168,California
Orange,2021-01-16,8707,140854,2097,81063,6610,59791,0,0,8311,92111,396,24373,8316,116484,California
Orange,2021-01-17,8156,149010,1484,82547,6672,66463,0,0,8009,99983,147,24520,8019,124503,California
Orange,2021-01-18,9751,158761,4460,87007,5291,71754,0,0,7508,105248,2245,26765,7510,132013,California
Orange,2021-01-19,7490,166251,5416,92423,2074,73828,0,0,4861,107481,2629,29394,4862,136875,California
Orange,2021-01-20,8286,174537,5826,98249,2460,76288,0,0,5230,109661,3057,32451,5237,142112,California
Orange,2021-01-21,10920,185457,4819,103068,6101,82389,0,0,10120,118992,799,33250,10130,152242,California
Orange,2021-01-22,13601,199058,5087,108155,8514,90903,0,0,12762,130930,832,34082,12770,165012,California
Orange,2021-01-23,13128,212186,6183,114338,6945,97848,0,0,12150,142112,976,35058,12158,177170,California
Orange,2021-01-24,9817,222003,4289,118627,5528,103376,0,0,9490,151281,324,35382,9493,186663,California
Orange,2021-01-25,10433,232436,5856,124483,4577,107953,0,0,7709,156276,2719,38101,7714,194377,California
Orange,2021-01-26,11897,244333,7723,132206,4174,112127,0,0,9733,163852,2160,40261,9736,204113,California
Orange,2021-01-27,13422,257755,8002,140208,5420,117547,0,0,10722,171890,2689,42950,10727,214840,California
Orange,2021-01-28,13022,270777,7198,147406,5824,123371,0,0,11161,181212,1847,44797,11169,226009,California
Orange,2021-01-29,13600,284377,8415,155821,5185,128556,0,0,10713,189056,2873,47670,10717,236726,California
Orange,2021-01-30,12929,297306,4444,160265,8485,137041,0,0,12193,200531,721,48391,12196,248922,California
Orange,2021-01-31,13719,311025,4946,165211,8773,145814,0,0,13271,213367,443,48834,13279,262201,California
Orange,2021-02-01,14053,325078,5794,171005,8259,154073,0,0,12045,223429,1988,50822,12050,274251,California
Orange,2021-02-02,15418,340496,8370,179375,7048,161121,0,0,12669,233460,2641,53463,12672,286923,California
Orange,2021-02-03,16753,357249,12573,191948,4180,165301,0,0,13736,244262,2939,56402,13741,300664,California
Orange,2021-02-04,19823,377072,12951,204899,6872,172173,0,0,14740,253958,5052,61454,14748,315412,California
Orange,2021-02-05,20747,397819,12011,216910,8736,180909,0,0,14469,262192,6237,67691,14471,329883,California
Orange,2021-02-06,16321,414140,10787,227697,5534,186443,0,0,11065,268234,5241,72932,11283,341166,California
Orange,2021-02-07,11523,425663,8102,235799,3421,189864,0,0,7548,271991,3960,76892,7717,348883,California
Orange,2021-02-08,14859,440522,8498,244297,6361,196225,0,0,8838,274839,5991,82883,8839,357722,California
Orange,2021-02-09,17656,458178,12019,256316,5637,201862,0,0,10745,278750,6839,89722,10750,368472,California
Orange,2021-02-10,20906,479084,11186,267502,9720,211582,0,0,12676,283299,8136,97858,12685,381157,California
Orange,2021-02-11,22006,501090,11398,278900,10608,222190,0,0,12385,286207,9495,107353,12403,393560,California
Orange,2021-02-12,24761,525851,11899,290799,12862,235052,0,0,14631,290771,10073,117426,14637,408197,California
Orange,2021-02-13,22015,547866,11914,302713,10101,245153,0,0,11150,291902,10661,128087,11792,419989,California
Orange,2021-02-14,16189,564055,6572,309285,9617,254770,0,0,9549,294837,6615,134702,9550,429539,California
Orange,2021-02-15,17219,581274,7391,316676,9828,264598,0,0,8880,295431,8295,142997,8889,438428,California
Orange,2021-02-16,19918,601192,8978,325654,10940,275538,0,0,10713,297007,9161,152158,10737,449165,California
Orange,2021-02-17,17799,618991,9315,334969,8484,284022,0,0,9161,297606,8593,160751,9192,458357,California
Orange,2021-02-18,14992,633983,9839,344808,5153,289175,0,0,6775,296222,8167,168918,6783,465140,California
Orange,2021-02-19,18173,652156,10882,355690,7291,296466,0,0,6934,291977,11191,180109,6946,472086,California
Orange,2021-02-20,7463,659619,5563,361253,1900,298366,0,0,3749,292043,3693,183802,3759,475845,California
Orange,2021-02-21,4332,663951,3654,364907,678,299044,0,0,782,289309,3516,187318,782,476627,California
Orange,2021-02-22,9622,673573,7850,372757,1772,300816,0,0,3892,287512,5703,193021,3906,480533,California
Orange,2021-02-23,13259,686832,7245,380002,6014,306830,0,0,3490,281301,9711,202732,3500,484033,California
Orange,2021-02-24,21151,707983,12827,392829,8324,315154,0,0,5396,271024,15692,218424,5415,489448,California
Orange,2021-02-25,22603,730586,12240,405069,10363,325517,0,0,7970,264448,14562,232986,7986,497434,California
Orange,2021-02-26,27715,758301,14049,419118,13666,339183,0,0,11171,259218,16425,249411,11195,508629,California
Orange,2021-02-27,24955,783256,10067,429185,14886,354069,2,2,7247,248877,17605,267016,7264,515893,California
Orange,2021-02-28,19026,802282,7365,436550,11661,365730,0,2,4804,239587,14111,281127,4821,520714,California
Orange,2021-03-01,18366,820648,8367,444917,9995,375725,4,6,7094,235499,11198,292325,7110,527824,California
Orange,2021-03-02,18786,839434,8876,453793,9907,385632,3,9,9168,235123,9574,301899,9198,537022,California
Orange,2021-03-03,20343,859777,9493,463286,10847,396479,3,12,10960,236799,9309,311208,10985,548007,California
Orange,2021-03-04,22292,882069,12834,476120,9445,405924,13,25,11580,237742,10676,321884,11619,559626,California
Orange,2021-03-05,20710,902779,10733,486853,9933,415857,44,69,12678,242533,7991,329875,12782,572408,California
Orange,2021-03-06,23879,926658,13110,499963,9905,425762,864,933,12641,244858,11205,341080,13530,585938,California
Orange,2021-03-07,14829,941487,8306,508269,6136,431898,387,1320,8658,247788,6135,347215,9065,595003,California
Orange,2021-03-08,16174,957661,7398,515667,7516,439414,1260,2580,10392,253729,5737,352952,11678,606681,California
Orange,2021-03-09,19705,977366,8575,524242,8700,448114,2430,5010,11306,259107,8361,361313,13739,620420,California
Orange,2021-03-10,23976,1001342,11720,535962,9092,457206,3164,8174,12122,262593,11797,373110,15283,635703,California
Orange,2021-03-11,28851,1030193,15676,551638,9054,466260,4121,12295,13406,264761,15359,388469,17527,653230,California
Orange,2021-03-12,29190,1059383,14215,565853,11140,477400,3835,16130,14664,268836,14447,402916,18522,671752,California
Orange,2021-03-13,27683,1087066,10142,575995,13617,491017,3924,20054,14011,273153,13618,416534,17935,689687,California
Orange,2021-03-14,18769,1105835,8136,584131,8121,499138,2512,22566,11855,280628,6885,423419,14360,704047,California
Orange,2021-03-15,22955,1128790,10102,594233,12096,511234,757,23323,14341,287176,8545,431964,15093,719140,California
Orange,2021-03-16,26292,1155082,11110,605343,14960,526194,222,23545,17114,295420,9100,441064,17344,736484,California
Orange,2021-03-17,27149,1182231,13525,618868,13148,539342,476,24021,19405,307622,7677,448741,19879,756363,California
Orange,2021-03-18,27647,1209878,13886,632754,13489,552831,272,24293,21560,323433,6026,454767,21837,778200,California
Orange,2021-03-19,33329,1243207,18322,651076,14580,567411,427,24720,24840,340326,8384,463151,25277,803477,California
Orange,2021-03-20,25732,1268939,13534,664610,11992,579403,206,24926,22030,358918,3643,466794,22235,825712,California
Orange,2021-03-21,18448,1287387,10656,675266,7065,586468,727,25653,15700,372621,2724,469518,16427,842139,California
Orange,2021-03-22,22652,1310039,11693,686959,10637,597105,322,25975,19166,388706,3411,472929,19496,861635,California
Orange,2021-03-23,25874,1335913,13409,700368,11834,608939,631,26606,20805,405148,4997,477926,21439,883074,California
Orange,2021-03-24,28933,1364846,16116,716484,11921,620860,896,27502,21943,421076,6914,484840,22842,905916,California
Orange,2021-03-25,32146,1396992,17130,733614,14351,635211,665,28167,24162,437997,7905,492745,24826,930742,California
Orange,2021-03-26,34638,1431630,17964,751578,15829,651040,845,29012,24953,454211,9586,502331,25800,956542,California
Orange,2021-03-27,28306,1459936,13534,765112,14459,665499,313,29325,19770,465847,8449,510780,20085,976627,California
Orange,2021-03-28,24677,1484613,12760,777872,11850,677349,67,29392,18613,478531,6000,516780,18684,995311,California
Orange,2021-03-29,26343,1510956,12042,789914,13752,691101,549,29941,17911,488631,8360,525140,18460,1013771,California
Orange,2021-03-30,30464,1541420,13807,803721,16274,707375,383,30324,21312,501241,9086,534226,21696,1035467,California
Orange,2021-03-31,36779,1578199,19330,823051,16856,724231,593,30917,24026,513205,12659,546885,24623,1060090,California
Orange,2021-04-01,39782,1617981,20994,844045,17241,741472,1547,32464,26009,527078,13677,560562,27550,1087640,California
Orange,2021-04-02,39587,1657568,19983,864028,17911,759383,1693,34157,22522,534322,16977,577539,24221,1111861,California
Orange,2021-04-03,29797,1687365,15606,879634,12577,771960,1614,35771,14180,534565,15549,593088,15792,1127653,California
Orange,2021-04-04,18219,1705584,10629,890263,6902,778862,688,36459,8157,533391,10016,603104,8842,1136495,California
Orange,2021-04-05,29671,1735255,13910,904173,12477,791339,3284,39743,13824,534703,15783,618887,17095,1153590,California
Orange,2021-04-06,33054,1768309,15506,919679,14235,805574,3313,43056,14334,533702,18634,637521,17633,1171223,California
Orange,2021-04-07,35677,1803986,19958,939637,11269,816843,4450,47506,15771,534066,19834,657355,20198,1191421,California
Orange,2021-04-08,38360,1842346,21392,961029,11629,828472,5339,52845,18739,538587,19531,676886,24052,1215473,California
Orange,2021-04-09,40273,1882619,23492,984521,11736,840208,5045,57890,17848,539121,22343,699229,22877,1238350,California
Orange,2021-04-10,33924,1916543,17989,1002510,11797,852005,4138,62028,14098,537590,19748,718977,18217,1256567,California
Orange,2021-04-11,25333,1941876,14275,1016785,7823,859828,3235,65263,9715,534958,15572,734549,12940,1269507,California
Orange,2021-04-12,30144,1972020,15280,1032065,11397,871225,3467,68730,11858,532034,18234,752783,15310,1284817,California
Orange,2021-04-13,32187,2004207,18093,1050158,14032,885257,62,68792,15021,530009,17106,769889,15081,1299898,California
Orange,2021-04-14,34087,2038294,19890,1070048,14167,899424,30,68822,14977,525989,19029,788918,15009,1314907,California
Orange,2021-04-15,39542,2077836,24083,1094131,15448,914872,11,68833,18313,523183,21132,810050,18326,1333233,California
Orange,2021-04-16,40936,2118772,24030,1118161,16881,931753,25,68858,18464,519293,22385,832435,18495,1351728,California
Orange,2021-04-17,29672,2148444,17244,1135405,12425,944178,3,68861,12803,515302,16801,849236,12810,1364538,California
Orange,2021-04-18,21330,2169774,12891,1148296,8438,952616,1,68862,8445,510912,12839,862075,8449,1372987,California
Orange,2021-04-19,32285,2202059,17776,1166072,14507,967123,2,68864,14832,508373,17376,879451,14837,1387824,California
Orange,2021-04-20,34982,2237041,18139,1184211,16840,983963,3,68867,17484,508431,17428,896879,17486,1405310,California
Orange,2021-04-21,40138,2277179,22989,1207200,17139,1001102,10,68877,18879,506143,21177,918056,18889,1424199,California
Orange,2021-04-22,39020,2316199,20602,1227802,18412,1019514,6,68883,16258,499765,22650,940706,16272,1440471,California
Orange,2021-04-23,39641,2355840,20354,1248156,19281,1038795,6,68889,17530,495290,22013,962719,17538,1458009,California
Orange,2021-04-24,31761,2387601,16626,1264782,15100,1053895,35,68924,13372,490382,18317,981036,13409,1471418,California
Orange,2021-04-25,22892,2410493,12899,1277681,9980,1063875,13,68937,9829,487218,13011,994047,9847,1481265,California
Orange,2021-04-26,25155,2435648,11977,1289658,13005,1076880,173,69110,11006,484328,14070,1008117,11180,1492445,California
Orange,2021-04-27,27618,2463266,12555,1302213,14577,1091457,486,69596,10507,478355,16972,1025089,10999,1503444,California
Orange,2021-04-28,29491,2492757,14649,1316862,14027,1105484,815,70411,11517,472809,17876,1042965,12330,1515774,California
Orange,2021-04-29,24970,2517727,13268,1330130,10839,1116323,863,71274,8857,466481,16045,1059010,9717,1525491,California
Orange,2021-04-30,18393,2536120,10097,1340227,7821,1124144,475,71749,8105,464823,10237,1069247,8579,1534070,California
Orange,2021-05-01,12440,2548560,8885,1349112,2997,1127141,558,72307,5921,464812,6489,1075736,6478,1540548,California
Orange,2021-05-02,8666,2557226,6442,1355554,1919,1129060,305,72612,3598,463669,5045,1080781,3902,1544450,California
Orange,2021-05-03,10808,2568034,5794,1361348,4728,1133788,286,72898,3821,460829,6947,1087728,4107,1548557,California
Placer,2020-12-15,29,29,29,29,0,0,0,0,29,29,0,0,29,29,California
Placer,2020-12-16,54,83,54,83,0,0,0,0,54,83,0,0,54,83,California
Placer,2020-12-17,139,222,139,222,0,0,0,0,139,222,0,0,139,222,California
Placer,2020-12-18,331,553,331,553,0,0,0,0,331,553,0,0,331,553,California
Placer,2020-12-19,252,805,252,805,0,0,0,0,252,805,0,0,252,805,California
Placer,2020-12-20,234,1039,234,1039,0,0,0,0,234,1039,0,0,234,1039,California
Placer,2020-12-21,492,1531,491,1530,1,1,0,0,492,1531,0,0,492,1531,California
Placer,2020-12-22,675,2206,668,2198,7,8,0,0,675,2206,0,0,675,2206,California
Placer,2020-12-23,745,2951,659,2857,86,94,0,0,745,2951,0,0,745,2951,California
Placer,2020-12-24,398,3349,346,3203,52,146,0,0,398,3349,0,0,398,3349,California
Placer,2020-12-26,156,3505,111,3314,45,191,0,0,156,3505,0,0,156,3505,California
Placer,2020-12-27,186,3691,163,3477,23,214,0,0,186,3691,0,0,186,3691,California
Placer,2020-12-28,663,4354,536,4013,127,341,0,0,663,4354,0,0,663,4354,California
Placer,2020-12-29,761,5115,513,4526,248,589,0,0,761,5115,0,0,761,5115,California
Placer,2020-12-30,728,5843,454,4980,274,863,0,0,726,5841,0,0,726,5841,California
Placer,2020-12-31,529,6372,343,5323,186,1049,0,0,529,6370,0,0,529,6370,California
Placer,2021-01-01,15,6387,11,5334,4,1053,0,0,15,6385,0,0,15,6385,California
Placer,2021-01-02,184,6571,152,5486,32,1085,0,0,184,6569,0,0,184,6569,California
Placer,2021-01-03,154,6725,79,5565,75,1160,0,0,154,6723,0,0,154,6723,California
Placer,2021-01-04,618,7343,179,5744,439,1599,0,0,618,7341,0,0,618,7341,California
Placer,2021-01-05,725,8068,159,5903,566,2165,0,0,642,7902,82,82,643,7984,California
Placer,2021-01-06,760,8828,244,6147,516,2681,0,0,618,8378,142,224,618,8602,California
Placer,2021-01-07,985,9813,368,6515,617,3298,0,0,780,8953,205,429,780,9382,California
Placer,2021-01-08,1182,10995,528,7043,654,3952,0,0,854,9482,325,754,854,10236,California
Placer,2021-01-09,449,11444,321,7364,128,4080,0,0,233,9500,215,969,233,10469,California
Placer,2021-01-10,329,11773,186,7550,143,4223,0,0,164,9499,165,1134,164,10633,California
Placer,2021-01-11,1424,13197,806,8356,618,4841,0,0,836,9748,588,1722,837,11470,California
Placer,2021-01-12,1648,14845,876,9232,772,5613,0,0,1046,10192,602,2324,1046,12516,California
Placer,2021-01-13,1632,16477,819,10051,813,6426,0,0,1210,10985,420,2744,1213,13729,California
Placer,2021-01-14,1769,18246,652,10703,1117,7543,0,0,1414,12048,352,3096,1415,15144,California
Placer,2021-01-15,1933,20179,722,11425,1211,8754,0,0,1583,13283,349,3445,1584,16728,California
Placer,2021-01-16,1470,21649,719,12144,751,9505,0,0,1349,14512,121,3566,1350,18078,California
Placer,2021-01-17,564,22213,398,12542,166,9671,0,0,432,14812,132,3698,432,18510,California
Placer,2021-01-18,977,23190,539,13081,438,10109,0,0,748,15332,229,3927,749,19259,California
Placer,2021-01-19,2607,25797,1946,15027,661,10770,0,0,2157,17039,450,4377,2157,21416,California
Placer,2021-01-20,2261,28058,1695,16722,566,11336,0,0,1933,18645,328,4705,1934,23350,California
Placer,2021-01-21,2553,30611,1112,17834,1441,12777,0,0,2160,20414,392,5097,2161,25511,California
Placer,2021-01-22,2303,32914,594,18428,1709,14486,0,0,2128,22370,173,5270,2129,27640,California
Placer,2021-01-23,1189,34103,380,18808,809,15295,0,0,1034,23249,155,5425,1034,28674,California
Placer,2021-01-24,507,34610,265,19073,242,15537,0,0,431,23605,76,5501,432,29106,California
Placer,2021-01-25,1671,36281,803,19876,868,16405,0,0,1384,24703,287,5788,1385,30491,California
Placer,2021-01-26,1852,38133,1028,20904,824,17229,0,0,1588,26027,264,6052,1588,32079,California
Placer,2021-01-27,1839,39972,1152,22056,687,17916,0,0,1596,27383,241,6293,1597,33676,California
Placer,2021-01-28,1805,41777,1115,23171,690,18606,0,0,1557,28694,246,6539,1557,35233,California
Placer,2021-01-29,1892,43669,1171,24342,721,19327,0,0,1700,30205,191,6730,1702,36935,California
Placer,2021-01-30,1725,45394,971,25313,754,20081,0,0,1604,31689,120,6850,1604,38539,California
Placer,2021-01-31,780,46174,624,25937,156,20237,0,0,712,32334,68,6918,713,39252,California
Placer,2021-02-01,2070,48244,1089,27026,981,21218,0,0,1756,33776,314,7232,1756,41008,California
Placer,2021-02-02,2373,50617,1539,28565,834,22052,0,0,1883,35172,487,7719,1883,42891,California
Placer,2021-02-03,2918,53535,1875,30440,1043,23095,0,0,2294,36846,620,8339,2294,45185,California
Placer,2021-02-04,2757,56292,1186,31626,1571,24666,0,0,1934,37962,819,9158,1935,47120,California
Placer,2021-02-05,2729,59021,1204,32830,1525,26191,0,0,1402,38043,1322,10480,1403,48523,California
Placer,2021-02-06,1946,60967,1308,34138,638,26829,0,0,1397,38891,549,11029,1397,49920,California
Placer,2021-02-07,1221,62188,910,35048,311,27140,0,0,937,39545,283,11312,937,50857,California
Placer,2021-02-08,3301,65489,1767,36815,1534,28674,0,0,1976,40205,1317,12629,1977,52834,California
Placer,2021-02-09,3546,69035,2175,38990,1371,30045,0,0,1643,39947,1901,14530,1643,54477,California
Placer,2021-02-10,3745,72780,2189,41179,1556,31601,0,0,1742,39691,2000,16530,1744,56221,California
Placer,2021-02-11,3684,76464,1904,43083,1780,33381,0,0,1586,39193,2085,18615,1587,57808,California
Placer,2021-02-12,2839,79303,1320,44403,1519,34900,0,0,1665,39719,1140,19755,1666,59474,California
Placer,2021-02-13,2533,81836,1484,45887,1049,35949,0,0,1882,40950,651,20406,1882,61356,California
Placer,2021-02-14,1080,82916,674,46561,406,36355,0,0,737,41347,340,20746,737,62093,California
Placer,2021-02-15,2240,85156,1044,47605,1196,37551,0,0,1531,42169,710,21456,1532,63625,California
Placer,2021-02-16,3571,88727,1780,49385,1791,39342,0,0,1587,41782,1975,23431,1588,65213,California
Placer,2021-02-17,3541,92268,1960,51345,1581,40923,0,0,1509,41263,2028,25459,1509,66722,California
Placer,2021-02-18,3792,96060,2045,53390,1747,42670,0,0,1625,40731,2158,27617,1626,68348,California
Placer,2021-02-19,3585,99645,1910,55300,1675,44345,0,0,1328,39807,2253,29870,1329,69677,California
Placer,2021-02-20,1974,101619,1232,56532,742,45087,0,0,890,39622,1078,30948,893,70570,California
Placer,2021-02-21,971,102590,729,57261,242,45329,0,0,280,39215,688,31636,281,70851,California
Placer,2021-02-22,2522,105112,1774,59035,748,46077,0,0,604,37902,1917,33553,604,71455,California
Placer,2021-02-23,2541,107653,1571,60606,970,47047,0,0,879,37120,1661,35214,879,72334,California
Placer,2021-02-24,3281,110934,1173,61779,2108,49155,0,0,1786,37423,1485,36699,1788,74122,California
Placer,2021-02-25,3528,114462,1421,63200,2107,51262,0,0,1875,37654,1645,38344,1876,75998,California
Placer,2021-02-26,4094,118556,2373,65573,1721,52983,0,0,2352,38268,1738,40082,2352,78350,California
Placer,2021-02-27,2818,121374,1492,67065,1326,54309,0,0,1453,38365,1359,41441,1456,79806,California
Placer,2021-02-28,1397,122771,793,67858,604,54913,0,0,587,38148,804,42245,587,80393,California
Placer,2021-03-01,2991,125762,1984,69842,1007,55920,0,0,1543,38248,1443,43688,1543,81936,California
Placer,2021-03-02,2867,128629,1760,71602,1107,57027,0,0,1876,39138,986,44674,1876,83812,California
Placer,2021-03-03,3321,131950,1422,73024,1899,58926,0,0,1816,39456,1499,46173,1817,85629,California
Placer,2021-03-04,3625,135575,1451,74475,2174,61100,0,0,1894,39632,1719,47892,1895,87524,California
Placer,2021-03-05,3003,138578,1027,75502,1954,63054,22,22,1804,40261,1197,49089,1826,89350,California
Placer,2021-03-06,2407,140985,1482,76984,829,63883,96,118,924,39805,1476,50565,1020,90370,California
Placer,2021-03-07,1297,142282,752,77736,507,64390,38,156,530,39609,764,51329,568,90938,California
Placer,2021-03-08,2908,145190,1828,79564,967,65357,113,269,1651,40118,1255,52584,1764,92702,California
Placer,2021-03-09,3169,148359,1680,81244,1398,66755,91,360,1815,40673,1351,53935,1906,94608,California
Placer,2021-03-10,3276,151635,1318,82562,1851,68606,107,467,1705,40919,1566,55501,1812,96420,California
Placer,2021-03-11,3577,155212,1590,84152,1863,70469,124,591,1725,40927,1844,57345,1852,98272,California
Placer,2021-03-12,3670,158882,1483,85635,1406,71875,781,1372,1249,40544,2414,59759,2031,100303,California
Placer,2021-03-13,2104,160986,738,86373,1248,73123,118,1490,1129,40820,972,60731,1248,101551,California
Placer,2021-03-14,1638,162624,672,87045,817,73940,149,1639,891,41113,747,61478,1040,102591,California
Placer,2021-03-15,3174,165798,1527,88572,1516,75456,131,1770,1760,41592,1413,62891,1892,104483,California
Placer,2021-03-16,3557,169355,1915,90487,1509,76965,133,1903,2283,42746,1263,64154,2417,106900,California
Placer,2021-03-17,3412,172767,1726,92213,1587,78552,99,2002,2202,43841,1208,65362,2303,109203,California
Placer,2021-03-18,3962,176729,2196,94409,1728,80280,38,2040,2824,45571,1131,66493,2861,112064,California
Placer,2021-03-19,3426,180155,2061,96470,1101,81381,264,2304,2184,46783,1235,67728,2447,114511,California
Placer,2021-03-20,2136,182291,895,97365,1144,82525,97,2401,1302,47351,830,68558,1398,115909,California
Placer,2021-03-21,1251,183542,573,97938,669,83194,9,2410,943,47998,305,68863,952,116861,California
Placer,2021-03-22,3264,186806,2099,100037,1078,84272,87,2497,2192,49210,1068,69931,2280,119141,California
Placer,2021-03-23,3521,190327,2093,102130,1337,85609,91,2588,2521,50828,995,70926,2613,121754,California
Placer,2021-03-24,3785,194112,1996,104126,1693,87302,96,2684,1950,51061,1813,72739,2046,123800,California
Placer,2021-03-25,3773,197885,1793,105919,1883,89185,97,2781,1726,50845,2038,74777,1822,125622,California
Placer,2021-03-26,3753,201638,1657,107576,1864,91049,232,3013,1580,50497,2160,76937,1812,127434,California
Placer,2021-03-27,1595,203233,468,108044,1107,92156,20,3033,651,50231,937,77874,671,128105,California
Placer,2021-03-28,1102,204335,527,108571,565,92721,10,3043,373,49890,724,78598,383,128488,California
Placer,2021-03-29,3554,207889,1986,110557,1534,94255,34,3077,1725,49830,1820,80418,1760,130248,California
Placer,2021-03-30,3978,211867,2102,112659,1832,96087,44,3121,2097,50103,1867,82285,2140,132388,California
Placer,2021-03-31,4079,215946,1830,114489,2175,98262,74,3195,1683,49470,2389,84674,1756,134144,California
Placer,2021-04-01,2897,218843,1361,115850,1490,99752,46,3241,1599,49818,1297,85971,1645,135789,California
Placer,2021-04-02,2830,221673,1445,117295,1321,101073,64,3305,1586,50230,1237,87208,1649,137438,California
Placer,2021-04-03,1852,223525,983,118278,741,101814,128,3433,890,50292,956,88164,1018,138456,California
Placer,2021-04-04,709,224234,361,118639,295,102109,53,3486,286,50210,421,88585,339,138795,California
Placer,2021-04-05,2985,227219,1889,120528,914,103023,182,3668,1738,50887,1243,89828,1920,140715,California
Placer,2021-04-06,4271,231490,2472,123000,1500,104523,299,3967,1523,49966,2743,92571,1822,142537,California
Placer,2021-04-07,4492,235982,2560,125560,1471,105994,461,4428,2052,50041,2435,95006,2510,145047,California
Placer,2021-04-08,4683,240665,2594,128154,1545,107539,544,4972,1572,49057,3100,98106,2116,147163,California
Placer,2021-04-09,4075,244740,2246,130400,1215,108754,614,5586,1214,48035,2852,100958,1830,148993,California
Placer,2021-04-10,1979,246719,852,131252,947,109701,180,5766,846,47930,1130,102088,1025,150018,California
Placer,2021-04-11,1322,248041,502,131754,787,110488,33,5799,426,47496,892,102980,458,150476,California
Placer,2021-04-12,4103,252144,2653,134407,1070,111558,380,6179,2469,48720,1624,104604,2848,153324,California
Placer,2021-04-13,4331,256475,2985,137392,1345,112903,1,6180,2181,48756,2146,106750,2182,155506,California
Placer,2021-04-14,4062,260537,2507,139899,1554,114457,1,6181,1795,48293,2258,109008,1795,157301,California
Placer,2021-04-15,4405,264942,2424,142323,1980,116437,1,6182,2289,48477,2106,111114,2290,159591,California
Placer,2021-04-16,3656,268598,2171,144494,1485,117922,0,6182,1427,47681,2223,113337,1427,161018,California
Placer,2021-04-17,2345,270943,795,145289,1550,119472,0,6182,1455,48249,887,114224,1455,162473,California
Placer,2021-04-18,1156,272099,233,145522,923,120395,0,6182,404,47903,750,114974,404,162877,California
Placer,2021-04-19,2906,275005,1777,147299,1129,121524,0,6182,1145,47291,1758,116732,1146,164023,California
Placer,2021-04-20,3767,278772,2444,149743,1323,122847,0,6182,2400,48332,1359,118091,2400,166423,California
Placer,2021-04-21,3647,282419,2390,152133,1256,124103,1,6183,2377,49444,1266,119357,2378,168801,California
Placer,2021-04-22,3534,285953,2141,154274,1393,125496,0,6183,1733,49379,1798,121155,1733,170534,California
Placer,2021-04-23,3479,289432,2308,156582,1170,126666,1,6184,1361,48631,2110,123265,1362,171896,California
Placer,2021-04-24,2065,291497,1248,157830,817,127483,0,6184,1210,48992,849,124114,1210,173106,California
Placer,2021-04-25,899,292396,496,158326,403,127886,0,6184,555,49203,344,124458,555,173661,California
Placer,2021-04-26,2191,294587,1200,159526,968,128854,23,6207,1091,49225,1091,125549,1113,174774,California
Placer,2021-04-27,2487,297074,1306,160832,1146,130000,35,6242,1469,49717,1013,126562,1505,176279,California
Placer,2021-04-28,2694,299768,1676,162508,981,130981,37,6279,1398,49863,1289,127851,1435,177714,California
Placer,2021-04-29,2737,302505,1759,164267,924,131905,54,6333,1047,49279,1685,129536,1101,178815,California
Placer,2021-04-30,1988,304493,1368,165635,601,132506,19,6352,719,48749,1268,130804,738,179553,California
Placer,2021-05-01,797,305290,571,166206,220,132726,6,6358,351,48662,444,131248,357,179910,California
Placer,2021-05-02,351,305641,273,166479,78,132804,0,6358,188,48688,162,131410,188,180098,California
Placer,2021-05-03,831,306472,556,167035,266,133070,9,6367,242,48352,587,131997,251,180349,California
Plumas,2020-12-18,4,4,4,4,0,0,0,0,4,4,0,0,4,4,California
Plumas,2020-12-19,1,5,1,5,0,0,0,0,1,5,0,0,1,5,California
Plumas,2020-12-21,45,50,45,50,0,0,0,0,45,50,0,0,45,50,California
Plumas,2020-12-22,92,142,92,142,0,0,0,0,92,142,0,0,92,142,California
Plumas,2020-12-23,50,192,50,192,0,0,0,0,50,192,0,0,50,192,California
Plumas,2020-12-24,6,198,6,198,0,0,0,0,6,198,0,0,6,198,California
Plumas,2020-12-28,8,206,0,198,8,8,0,0,8,206,0,0,8,206,California
Plumas,2020-12-29,32,238,22,220,10,18,0,0,32,238,0,0,32,238,California
Plumas,2020-12-30,22,260,1,221,21,39,0,0,22,260,0,0,22,260,California
Plumas,2020-12-31,4,264,1,222,3,42,0,0,4,264,0,0,4,264,California
Plumas,2021-01-04,10,274,4,226,6,48,0,0,10,274,0,0,10,274,California
Plumas,2021-01-05,22,296,2,228,20,68,0,0,22,296,0,0,22,296,California
Plumas,2021-01-06,124,420,5,233,119,187,0,0,124,420,0,0,124,420,California
Plumas,2021-01-07,53,473,2,235,51,238,0,0,52,471,1,1,52,472,California
Plumas,2021-01-08,12,485,5,240,7,245,0,0,8,475,4,5,8,480,California
Plumas,2021-01-09,2,487,2,242,0,245,0,0,1,475,1,6,1,481,California
Plumas,2021-01-11,59,546,50,292,9,254,0,0,12,440,47,53,12,493,California
Plumas,2021-01-12,155,701,86,378,69,323,0,0,71,427,84,137,71,564,California
Plumas,2021-01-13,56,757,50,428,6,329,0,0,10,391,46,183,10,574,California
Plumas,2021-01-14,96,853,14,442,82,411,0,0,91,477,5,188,91,665,California
Plumas,2021-01-15,62,915,7,449,55,466,0,0,60,535,2,190,60,725,California
Plumas,2021-01-16,58,973,1,450,57,523,0,0,58,593,0,190,58,783,California
Plumas,2021-01-18,2,975,1,451,1,524,0,0,2,595,0,190,2,785,California
Plumas,2021-01-19,36,1011,5,456,31,555,0,0,32,623,4,194,32,817,California
Plumas,2021-01-20,121,1132,3,459,118,673,0,0,119,740,2,196,119,936,California
Plumas,2021-01-21,113,1245,2,461,111,784,0,0,113,853,0,196,113,1049,California
Plumas,2021-01-22,5,1250,1,462,4,788,0,0,5,858,0,196,5,1054,California
Plumas,2021-01-23,92,1342,1,463,91,879,0,0,92,950,0,196,92,1146,California
Plumas,2021-01-24,1,1343,1,464,0,879,0,0,1,951,0,196,1,1147,California
Plumas,2021-01-25,10,1353,7,471,3,882,0,0,7,955,3,199,7,1154,California
Plumas,2021-01-26,60,1413,2,473,58,940,0,0,52,999,8,207,52,1206,California
Plumas,2021-01-27,25,1438,20,493,5,945,0,0,5,984,20,227,5,1211,California
Plumas,2021-01-28,23,1461,0,493,23,968,0,0,21,1003,2,229,21,1232,California
Plumas,2021-01-29,8,1469,2,495,6,974,0,0,7,1009,1,230,7,1239,California
Plumas,2021-01-30,8,1477,4,499,4,978,0,0,7,1015,1,231,7,1246,California
Plumas,2021-01-31,3,1480,3,502,0,978,0,0,3,1018,0,231,3,1249,California
Plumas,2021-02-01,15,1495,2,504,13,991,0,0,7,1017,8,239,7,1256,California
Plumas,2021-02-02,21,1516,2,506,19,1010,0,0,2,1000,19,258,2,1258,California
Plumas,2021-02-03,128,1644,8,514,120,1130,0,0,13,899,114,372,13,1271,California
Plumas,2021-02-04,101,1745,8,522,93,1223,0,0,23,844,78,450,23,1294,California
Plumas,2021-02-05,24,1769,11,533,13,1236,0,0,9,838,15,465,9,1303,California
Plumas,2021-02-06,7,1776,0,533,7,1243,0,0,7,845,0,465,7,1310,California
Plumas,2021-02-08,16,1792,7,540,9,1252,0,0,4,837,12,477,4,1314,California
Plumas,2021-02-09,171,1963,1,541,170,1422,0,0,111,888,60,537,111,1425,California
Plumas,2021-02-10,89,2052,9,550,80,1502,0,0,80,960,9,546,81,1506,California
Plumas,2021-02-11,322,2374,7,557,315,1817,0,0,263,1164,59,605,263,1769,California
Plumas,2021-02-12,122,2496,3,560,119,1936,0,0,118,1278,4,609,118,1887,California
Plumas,2021-02-13,73,2569,4,564,69,2005,0,0,14,1233,59,668,14,1901,California
Plumas,2021-02-14,8,2577,5,569,3,2008,0,0,8,1241,0,668,8,1909,California
Plumas,2021-02-15,27,2604,5,574,22,2030,0,0,24,1262,3,671,24,1933,California
Plumas,2021-02-16,76,2680,4,578,72,2102,0,0,14,1214,62,733,14,1947,California
Plumas,2021-02-17,136,2816,5,583,131,2233,0,0,12,1102,124,857,12,1959,California
Plumas,2021-02-18,128,2944,6,589,122,2355,0,0,19,1012,109,966,19,1978,California
Plumas,2021-02-19,41,2985,4,593,37,2392,0,0,6,983,35,1001,6,1984,California
Plumas,2021-02-20,104,3089,7,600,97,2489,0,0,12,903,92,1093,12,1996,California
Plumas,2021-02-21,5,3094,5,605,0,2489,0,0,1,900,4,1097,1,1997,California
Plumas,2021-02-22,3,3097,1,606,2,2491,0,0,0,897,3,1100,0,1997,California
Plumas,2021-02-23,25,3122,5,611,20,2511,0,0,17,906,8,1108,17,2014,California
Plumas,2021-02-24,456,3578,7,618,449,2960,0,0,443,1336,13,1121,443,2457,California
Plumas,2021-02-25,231,3809,10,628,221,3181,0,0,170,1445,61,1182,170,2627,California
Plumas,2021-02-26,264,4073,8,636,256,3437,0,0,256,1694,8,1190,257,2884,California
Plumas,2021-02-27,40,4113,4,640,36,3473,0,0,33,1720,7,1197,33,2917,California
Plumas,2021-02-28,1,4114,0,640,1,3474,0,0,1,1721,0,1197,1,2918,California
Plumas,2021-03-01,12,4126,3,643,9,3483,0,0,7,1724,4,1201,7,2925,California
Plumas,2021-03-02,8,4134,0,643,8,3491,0,0,6,1728,2,1203,6,2931,California
Plumas,2021-03-03,152,4286,10,653,142,3633,0,0,136,1848,16,1219,136,3067,California
Plumas,2021-03-04,252,4538,9,662,243,3876,0,0,230,2056,22,1241,230,3297,California
Plumas,2021-03-05,400,4938,7,669,388,4264,5,5,389,2439,11,1252,394,3691,California
Plumas,2021-03-06,19,4957,2,671,9,4273,8,13,3,2434,16,1268,11,3702,California
Plumas,2021-03-07,13,4970,2,673,2,4275,9,22,3,2436,10,1278,12,3714,California
Plumas,2021-03-08,29,4999,3,676,2,4277,24,46,3,2437,26,1304,27,3741,California
Plumas,2021-03-09,132,5131,1,677,116,4393,15,61,18,2356,114,1418,33,3774,California
Plumas,2021-03-10,255,5386,3,680,238,4631,14,75,108,2332,146,1564,122,3896,California
Plumas,2021-03-11,181,5567,8,688,168,4799,5,80,146,2448,35,1599,151,4047,California
Plumas,2021-03-12,595,6162,3,691,304,5103,288,368,23,2187,572,2171,311,4358,California
Plumas,2021-03-13,25,6187,4,695,10,5113,11,379,5,2183,20,2191,16,4374,California
Plumas,2021-03-14,12,6199,3,698,4,5117,5,384,1,2179,10,2201,6,4380,California
Plumas,2021-03-15,32,6231,1,699,24,5141,7,391,6,2166,26,2227,13,4393,California
Plumas,2021-03-16,60,6291,3,702,56,5197,1,392,49,2205,11,2238,50,4443,California
Plumas,2021-03-17,73,6364,9,711,63,5260,1,393,58,2250,14,2252,59,4502,California
Plumas,2021-03-18,60,6424,6,717,38,5298,16,409,12,2230,48,2300,28,4530,California
Plumas,2021-03-19,164,6588,6,723,156,5454,2,411,155,2381,7,2307,158,4688,California
Plumas,2021-03-20,693,7281,4,727,688,6142,1,412,673,3037,18,2325,674,5362,California
Plumas,2021-03-21,2,7283,1,728,1,6143,0,412,1,3038,0,2325,1,5363,California
Plumas,2021-03-22,183,7466,2,730,181,6324,0,412,176,3207,7,2332,176,5539,California
Plumas,2021-03-23,27,7493,2,732,25,6349,0,412,13,3206,14,2346,13,5552,California
Plumas,2021-03-24,654,8147,7,739,646,6995,1,413,224,3002,429,2775,225,5777,California
Plumas,2021-03-25,299,8446,7,746,290,7285,2,415,155,3013,144,2919,155,5932,California
Plumas,2021-03-26,312,8758,9,755,303,7588,0,415,46,2794,265,3184,46,5978,California
Plumas,2021-03-27,12,8770,1,756,10,7598,1,416,2,2787,10,3194,3,5981,California
Plumas,2021-03-28,5,8775,3,759,1,7599,1,417,3,2789,2,3196,4,5985,California
Plumas,2021-03-29,12,8787,4,763,7,7606,1,418,4,2786,8,3204,5,5990,California
Plumas,2021-03-30,151,8938,3,766,147,7753,1,419,24,2684,127,3331,25,6015,California
Plumas,2021-03-31,287,9225,2,768,284,8037,1,420,268,2934,19,3350,269,6284,California
Plumas,2021-04-01,294,9519,10,778,283,8320,1,421,58,2758,234,3584,58,6342,California
Plumas,2021-04-02,374,9893,5,783,368,8688,1,422,28,2453,334,3918,29,6371,California
Plumas,2021-04-03,16,9909,3,786,5,8693,8,430,4,2453,12,3930,12,6383,California
Plumas,2021-04-04,3,9912,1,787,1,8694,1,431,0,2451,3,3933,1,6384,California
Plumas,2021-04-05,12,9924,3,790,8,8702,1,432,5,2450,7,3940,6,6390,California
Plumas,2021-04-06,120,10044,6,796,88,8790,26,458,13,2382,107,4047,39,6429,California
Plumas,2021-04-07,280,10324,6,802,99,8889,175,633,27,2331,253,4300,202,6631,California
Plumas,2021-04-08,149,10473,3,805,131,9020,15,648,34,2265,114,4414,48,6679,California
Plumas,2021-04-09,50,10523,9,814,25,9045,16,664,19,2268,31,4445,34,6713,California
Plumas,2021-04-10,23,10546,2,816,5,9050,16,680,4,2269,19,4464,20,6733,California
Plumas,2021-04-11,4,10550,3,819,0,9050,1,681,3,2272,1,4465,4,6737,California
Plumas,2021-04-12,9,10559,4,823,3,9053,2,683,6,2277,3,4468,8,6745,California
Plumas,2021-04-13,206,10765,5,828,201,9254,0,683,138,2347,68,4536,138,6883,California
Plumas,2021-04-14,108,10873,7,835,101,9355,0,683,54,2347,54,4590,54,6937,California
Plumas,2021-04-15,50,10923,2,837,48,9403,0,683,32,2361,18,4608,32,6969,California
Plumas,2021-04-16,144,11067,4,841,140,9543,0,683,4,2225,140,4748,4,6973,California
Plumas,2021-04-17,666,11733,1,842,665,10208,0,683,20,1601,644,5392,20,6993,California
Plumas,2021-04-18,3,11736,2,844,1,10209,0,683,1,1600,2,5394,1,6994,California
Plumas,2021-04-19,38,11774,3,847,35,10244,0,683,5,1572,33,5427,5,6999,California
Plumas,2021-04-20,40,11814,4,851,36,10280,0,683,25,1582,15,5442,25,7024,California
Plumas,2021-04-21,313,12127,5,856,307,10587,1,684,18,1306,294,5736,18,7042,California
Plumas,2021-04-22,270,12397,7,863,263,10850,0,684,130,1296,140,5876,130,7172,California
Plumas,2021-04-23,73,12470,6,869,67,10917,0,684,16,1255,57,5933,16,7188,California
Plumas,2021-04-24,171,12641,5,874,166,11083,0,684,146,1377,24,5957,146,7334,California
Plumas,2021-04-26,27,12668,2,876,25,11108,0,684,8,1367,18,5975,8,7342,California
Plumas,2021-04-27,88,12756,3,879,85,11193,0,684,52,1383,36,6011,52,7394,California
Plumas,2021-04-28,232,12988,3,882,229,11422,0,684,32,1216,199,6210,32,7426,California
Plumas,2021-04-29,144,13132,64,946,79,11501,1,685,104,1281,40,6250,105,7531,California
Plumas,2021-04-30,13,13145,4,950,8,11509,1,686,2,1273,11,6261,3,7534,California
Plumas,2021-05-01,2,13147,0,950,1,11510,1,687,1,1274,1,6262,2,7536,California
Plumas,2021-05-02,3,13150,3,953,0,11510,0,687,1,1273,2,6264,1,7537,California
Plumas,2021-05-03,11,13161,1,954,4,11514,6,693,3,1274,8,6272,9,7546,California
Riverside,2020-12-15,5,5,5,5,0,0,0,0,5,5,0,0,5,5,California
Riverside,2020-12-16,64,69,64,69,0,0,0,0,64,69,0,0,64,69,California
Riverside,2020-12-17,805,874,805,874,0,0,0,0,805,874,0,0,805,874,California
Riverside,2020-12-18,1723,2597,1722,2596,1,1,0,0,1723,2597,0,0,1723,2597,California
Riverside,2020-12-19,1027,3624,1024,3620,3,4,0,0,1025,3621,1,1,1025,3622,California
Riverside,2020-12-20,1084,4708,1083,4703,1,5,0,0,1084,4705,0,1,1084,4706,California
Riverside,2020-12-21,2272,6980,2270,6973,2,7,0,0,2272,6977,0,1,2272,6978,California
Riverside,2020-12-22,2253,9233,2214,9187,39,46,0,0,2252,9229,0,1,2252,9230,California
Riverside,2020-12-23,2129,11362,1792,10979,337,383,0,0,2130,11359,0,1,2130,11360,California
Riverside,2020-12-24,827,12189,625,11604,202,585,0,0,827,12186,0,1,827,12187,California
Riverside,2020-12-25,28,12217,5,11609,23,608,0,0,28,12214,0,1,28,12215,California
Riverside,2020-12-26,400,12617,257,11866,143,751,0,0,400,12614,0,1,400,12615,California
Riverside,2020-12-27,361,12978,243,12109,118,869,0,0,361,12975,0,1,361,12976,California
Riverside,2020-12-28,1626,14604,1126,13235,500,1369,0,0,1626,14601,0,1,1626,14602,California
Riverside,2020-12-29,1737,16341,972,14207,765,2134,0,0,1737,16338,0,1,1737,16339,California
Riverside,2020-12-30,2578,18919,1685,15892,893,3027,0,0,2577,18915,0,1,2577,18916,California
Riverside,2020-12-31,1023,19942,395,16287,628,3655,0,0,1024,19939,0,1,1024,19940,California
Riverside,2021-01-01,113,20055,44,16331,69,3724,0,0,113,20052,0,1,113,20053,California
Riverside,2021-01-02,833,20888,693,17024,140,3864,0,0,833,20885,0,1,833,20886,California
Riverside,2021-01-03,345,21233,300,17324,45,3909,0,0,344,21229,0,1,344,21230,California
Riverside,2021-01-04,1260,22493,794,18118,466,4375,0,0,1260,22489,0,1,1260,22490,California
Riverside,2021-01-05,1979,24472,1362,19480,617,4992,0,0,1884,24284,89,90,1884,24374,California
Riverside,2021-01-06,2475,26947,1104,20584,1371,6363,0,0,2169,26151,302,392,2169,26543,California
Riverside,2021-01-07,2767,29714,1814,22398,953,7316,0,0,1705,26800,1058,1450,1707,28250,California
Riverside,2021-01-08,4044,33758,2935,25333,1109,8425,0,0,2233,27226,1807,3257,2233,30483,California
Riverside,2021-01-09,2068,35826,843,26176,1225,9650,0,0,1722,28603,345,3602,1722,32205,California
Riverside,2021-01-10,1664,37490,735,26911,929,10579,0,0,1060,29059,604,4206,1060,33265,California
Riverside,2021-01-11,4519,42009,3099,30010,1420,11999,0,0,2784,30111,1733,5939,2785,36050,California
Riverside,2021-01-12,3402,45411,2729,32739,673,12672,0,0,1716,30146,1681,7620,1716,37766,California
Riverside,2021-01-13,4382,49793,2867,35606,1515,14187,0,0,2778,31323,1601,9221,2778,40544,California
Riverside,2021-01-14,5465,55258,1869,37475,3596,17783,0,0,4878,35614,587,9808,4878,45422,California
Riverside,2021-01-15,6146,61404,2094,39569,4052,21835,0,0,5858,41185,287,10095,5858,51280,California
Riverside,2021-01-16,3609,65013,1017,40586,2592,24427,0,0,3363,44303,246,10341,3364,54644,California
Riverside,2021-01-17,3594,68607,582,41168,3012,27439,0,0,3398,47506,195,10536,3398,58042,California
Riverside,2021-01-18,3721,72328,2019,43187,1702,29141,0,0,2716,49217,1005,11541,2716,60758,California
Riverside,2021-01-19,7406,79734,2639,45826,4767,33908,0,0,6289,54390,1117,12658,6290,67048,California
Riverside,2021-01-20,7960,87694,2873,48699,5087,38995,0,0,6477,59397,1474,14132,6481,73529,California
Riverside,2021-01-21,8226,95920,3386,52085,4840,43835,0,0,7609,66388,618,14750,7609,81138,California
Riverside,2021-01-22,8720,104640,2976,55061,5744,49579,0,0,8291,74253,427,15177,8292,89430,California
Riverside,2021-01-23,5925,110565,2393,57454,3532,53111,0,0,5197,78723,728,15905,5198,94628,California
Riverside,2021-01-24,3034,113599,1430,58884,1604,54715,0,0,2821,81335,210,16115,2822,97450,California
Riverside,2021-01-25,7878,121477,4537,63421,3341,58056,0,0,6752,86963,1125,17240,6753,104203,California
Riverside,2021-01-26,9118,130595,5731,69152,3387,61443,0,0,7609,93066,1507,18747,7610,111813,California
Riverside,2021-01-27,10862,141457,6375,75527,4487,65930,0,0,9293,100796,1566,20313,9296,121109,California
Riverside,2021-01-28,11427,152884,6724,82251,4703,70633,0,0,10268,109914,1151,21464,10269,131378,California
Riverside,2021-01-29,11904,164788,7258,89509,4646,75279,0,0,10535,119111,1342,22806,10539,141917,California
Riverside,2021-01-30,9051,173839,4607,94116,4444,79723,0,0,8588,127240,460,23266,8589,150506,California
Riverside,2021-01-31,5156,178995,4246,98362,910,80633,0,0,5024,132137,131,23397,5028,155534,California
Riverside,2021-02-01,10859,189854,6704,105066,4155,84788,0,0,9078,139443,1775,25172,9081,164615,California
Riverside,2021-02-02,9506,199360,4850,109916,4656,89444,0,0,8022,145991,1477,26649,8025,172640,California
Riverside,2021-02-03,11997,211357,4977,114893,7020,96464,0,0,9770,153544,2217,28866,9770,182410,California
Riverside,2021-02-04,13552,224909,6046,120939,7506,103970,0,0,11461,162923,2084,30950,11463,193873,California
Riverside,2021-02-05,14324,239233,5397,126336,8927,112897,0,0,11283,171178,3033,33983,11288,205161,California
Riverside,2021-02-06,7261,246494,4286,130622,2975,115872,0,0,5621,175170,1632,35615,5624,210785,California
Riverside,2021-02-07,2166,248660,795,131417,1371,117243,0,0,1850,176706,315,35930,1851,212636,California
Riverside,2021-02-08,12449,261109,5530,136947,6919,124162,0,0,10164,184606,2268,38198,10168,222804,California
Riverside,2021-02-09,9646,270755,4526,141473,5120,129282,0,0,7723,190420,1914,40112,7728,230532,California
Riverside,2021-02-10,12063,282818,6980,148453,5083,134365,0,0,8904,196185,3147,43259,8912,239444,California
Riverside,2021-02-11,16564,299382,9041,157494,7523,141888,0,0,12183,204024,4359,47618,12198,251642,California
Riverside,2021-02-12,17681,317063,10821,168315,6860,148748,0,0,12828,212056,4808,52426,12840,264482,California
Riverside,2021-02-13,6324,323387,2126,170441,4198,152946,0,0,3095,211961,3211,55637,3116,267598,California
Riverside,2021-02-14,4928,328315,1121,171562,3807,156753,0,0,2175,211388,2749,58386,2176,269774,California
Riverside,2021-02-15,9815,338130,4995,176557,4820,161573,0,0,5405,212398,4402,62788,5412,275186,California
Riverside,2021-02-16,16105,354235,10109,186666,5996,167569,0,0,9249,214806,6849,69637,9257,284443,California
Riverside,2021-02-17,15007,369242,8202,194868,6805,174374,0,0,7443,214708,7551,77188,7453,291896,California
Riverside,2021-02-18,15471,384713,8940,203808,6531,180905,0,0,8049,215366,7404,84592,8062,299958,California
Riverside,2021-02-19,15248,399961,8219,212027,7029,187934,0,0,7208,214561,8021,92613,7216,307174,California
Riverside,2021-02-20,8060,408021,4252,216279,3808,191742,0,0,2085,210691,5958,98571,2088,309262,California
Riverside,2021-02-21,3426,411447,2909,219188,517,192259,0,0,1027,209333,2385,100956,1027,310289,California
Riverside,2021-02-22,12327,423774,7738,226926,4589,196848,0,0,5096,207221,7213,108169,5101,315390,California
Riverside,2021-02-23,11085,434859,7555,234481,3530,200378,0,0,5388,206945,5668,113837,5392,320782,California
Riverside,2021-02-24,14797,449656,8097,242578,6700,207078,0,0,6300,204804,8458,122295,6317,327099,California
Riverside,2021-02-25,17308,466964,7377,249955,9931,217009,0,0,8033,203609,9254,131549,8059,335158,California
Riverside,2021-02-26,18583,485547,6709,256664,11874,228883,0,0,9284,203684,9241,140790,9316,344474,California
Riverside,2021-02-27,11376,496923,4911,261575,6465,235348,0,0,5674,203716,5668,146458,5700,350174,California
Riverside,2021-02-28,4620,501543,2955,264530,1665,237013,0,0,2374,203863,2234,148692,2381,352555,California
Riverside,2021-03-01,14302,515845,6093,270623,8208,245221,1,1,8429,206481,5839,154531,8457,361012,California
Riverside,2021-03-02,15274,531119,7438,278061,7835,253056,1,2,8971,209200,6280,160811,8999,370011,California
Riverside,2021-03-03,16840,547959,8335,286396,8505,261561,0,2,7279,207094,9512,170323,7406,377417,California
Riverside,2021-03-04,18686,566645,7433,293829,11249,272810,4,6,8877,206360,9765,180088,9031,386448,California
Riverside,2021-03-05,18711,585356,7503,301332,11164,283974,44,50,9259,206538,9402,189490,9580,396028,California
Riverside,2021-03-06,9420,594776,4996,306328,3945,287919,479,529,4679,206999,4727,194217,5188,401216,California
Riverside,2021-03-07,4170,598946,2697,309025,1085,289004,388,917,1959,207149,2201,196418,2351,403567,California
Riverside,2021-03-08,11918,610864,4734,313759,6779,295783,405,1322,5308,206316,6592,203010,5759,409326,California
Riverside,2021-03-09,14643,625507,6757,320516,7389,303172,497,1819,5777,203877,8848,211858,6409,415735,California
Riverside,2021-03-10,15603,641110,8382,328898,6343,309515,878,2697,6003,201347,9562,221420,7032,422767,California
Riverside,2021-03-11,19176,660286,9432,338330,7908,317423,1836,4533,7556,199364,11586,233006,9603,432370,California
Riverside,2021-03-12,21130,681416,7910,346240,8486,325909,4734,9267,7083,197495,14014,247020,12145,444515,California
Riverside,2021-03-13,8380,689796,2501,348741,4678,330587,1201,10468,4290,198995,4070,251090,5570,450085,California
Riverside,2021-03-14,4606,694402,1582,350323,1734,332321,1290,11758,2046,199778,2550,253640,3333,453418,California
Riverside,2021-03-15,18652,713054,7842,358165,9139,341460,1671,13429,9181,201297,9432,263072,10951,464369,California
Riverside,2021-03-16,20877,733931,10130,368295,9933,351393,814,14243,11374,204116,9463,272535,12282,476651,California
Riverside,2021-03-17,21250,755181,10896,379191,9305,360698,1049,15292,12763,209533,8455,280990,13872,490523,California
Riverside,2021-03-18,22545,777726,11723,390914,9169,369867,1653,16945,12515,213724,9985,290975,14176,504699,California
Riverside,2021-03-19,23997,801723,12574,403488,10475,380342,948,17893,14035,219159,9910,300885,15345,520044,California
Riverside,2021-03-20,10590,812313,6841,410329,2586,382928,1163,19056,6826,223412,3737,304622,7990,528034,California
Riverside,2021-03-21,3675,815988,2870,413199,552,383480,253,19309,2524,225052,1138,305760,2778,530812,California
Riverside,2021-03-22,16620,832608,9913,423112,6155,389635,552,19861,10596,230219,5978,311738,11145,541957,California
Riverside,2021-03-23,18527,851135,10484,433596,7621,397256,422,20283,11946,236074,6528,318266,12383,554340,California
Riverside,2021-03-24,18656,869791,10395,443991,8142,405398,119,20402,12837,243263,5773,324039,12962,567302,California
Riverside,2021-03-25,21078,890869,11637,455628,9263,414661,178,20580,14171,250779,6841,330880,14357,581659,California
Riverside,2021-03-26,24041,914910,11861,467489,12008,426669,172,20752,15006,257021,8939,339819,15181,596840,California
Riverside,2021-03-27,9252,924162,4855,472344,3342,430011,1055,21807,4788,258418,4446,344265,5843,602683,California
Riverside,2021-03-28,4721,928883,3104,475448,1525,431536,92,21899,2837,259474,1874,346139,2930,605613,California
Riverside,2021-03-29,17582,946465,8443,483891,9023,440559,116,22015,10932,263915,6617,352756,11058,616671,California
Riverside,2021-03-30,18296,964761,9533,493424,8559,449118,204,22219,11789,269440,6471,359227,11996,628667,California
Riverside,2021-03-31,17941,982702,8374,501798,9268,458386,299,22518,11402,274654,6497,365724,11711,640378,California
Riverside,2021-04-01,25289,1007991,12379,514177,12167,470553,743,23261,16378,282919,8854,374578,17119,657497,California
Riverside,2021-04-02,25962,1033953,14016,528193,11015,481568,931,24192,16333,290834,9576,384154,17491,674988,California
Riverside,2021-04-03,9227,1043180,5886,534079,2781,484349,560,24752,5993,294168,3218,387372,6552,681540,California
Riverside,2021-04-04,3348,1046528,2046,536125,1081,485430,221,24973,1749,294546,1593,388965,1971,683511,California
Riverside,2021-04-05,18242,1064770,9389,545514,7033,492463,1820,26793,9857,297874,8353,397318,11681,695192,California
Riverside,2021-04-06,23551,1088321,12239,557753,9220,501683,2092,28885,13107,302673,10397,407715,15196,710388,California
Riverside,2021-04-07,24462,1112783,13170,570923,8838,510521,2454,31339,13631,307969,10790,418505,16086,726474,California
Riverside,2021-04-08,26899,1139682,14803,585726,9177,519698,2919,34258,16409,316848,10433,428938,19312,745786,California
Riverside,2021-04-09,25950,1165632,15304,601030,8248,527946,2398,36656,15865,325089,10042,438980,18283,764069,California
Riverside,2021-04-10,11828,1177460,6704,607734,3744,531690,1380,38036,5141,324959,6647,445627,6517,770586,California
Riverside,2021-04-11,4543,1182003,2717,610451,1236,532926,590,38626,2155,325327,2377,448004,2745,773331,California
Riverside,2021-04-12,19972,1201975,8908,619359,8488,541414,2576,41202,10053,328076,9881,457885,12630,785961,California
Riverside,2021-04-13,19852,1221827,11124,630483,8703,550117,25,41227,11344,330979,8468,466353,11371,797332,California
Riverside,2021-04-14,21963,1243790,12092,642575,9856,559973,15,41242,10755,330604,11148,477501,10773,808105,California
Riverside,2021-04-15,21574,1265364,12123,654698,9444,569417,7,41249,11303,331707,10209,487710,11312,819417,California
Riverside,2021-04-16,24891,1290255,14425,669123,10460,579877,6,41255,11612,330106,13226,500936,11625,831042,California
Riverside,2021-04-17,9825,1300080,6477,675600,3348,583225,0,41255,4963,330228,4847,505783,4969,836011,California
Riverside,2021-04-18,3856,1303936,2811,678411,1038,584263,7,41262,1840,330074,2003,507786,1849,837860,California
Riverside,2021-04-19,19379,1323315,11532,689943,7845,592108,2,41264,6937,324616,12403,520189,6945,844805,California
Riverside,2021-04-20,18733,1342048,9867,699810,8857,600965,9,41273,7665,321263,11031,531220,7678,852483,California
Riverside,2021-04-21,19360,1361408,11036,710846,8316,609281,8,41281,7635,317243,11670,542890,7650,860133,California
Riverside,2021-04-22,23036,1384444,13417,724263,9616,618897,3,41284,8566,311411,14405,557295,8573,868706,California
Riverside,2021-04-23,23007,1407451,13543,737806,9450,628347,14,41298,8958,306392,13999,571294,8980,877686,California
Riverside,2021-04-24,10429,1417880,7287,745093,3140,631487,2,41300,4846,305691,5550,576844,4849,882535,California
Riverside,2021-04-25,4211,1422091,2826,747919,1385,632872,0,41300,2206,305907,1991,578835,2207,884742,California
Riverside,2021-04-26,15786,1437877,9983,757902,5762,638634,41,41341,5279,300756,10474,589309,5323,890065,California
Riverside,2021-04-27,16978,1454855,9609,767511,7211,645845,158,41499,5853,295686,11081,600390,6011,896076,California
Riverside,2021-04-28,15637,1470492,8525,776036,6883,652728,229,41728,5233,290796,10352,610742,5462,901538,California
Riverside,2021-04-29,15940,1486432,9782,785818,5871,658599,287,42015,4574,284343,11315,622057,4862,906400,California
Riverside,2021-04-30,14674,1501106,8411,794229,6112,664711,151,42166,4196,278240,10453,632510,4350,910750,California
Riverside,2021-05-01,3793,1504899,2788,797017,962,665673,43,42209,1152,276811,2623,635133,1194,911944,California
Riverside,2021-05-02,1066,1505965,728,797745,293,665966,45,42254,352,276501,708,635841,398,912342,California
Riverside,2021-05-03,13519,1519484,7994,805739,5347,671313,178,42432,3033,269269,10444,646285,3212,915554,California
Sacramento,2020-12-15,315,315,315,315,0,0,0,0,315,315,0,0,315,315,California
Sacramento,2020-12-16,643,958,643,958,0,0,0,0,643,958,0,0,643,958,California
Sacramento,2020-12-17,646,1604,646,1604,0,0,0,0,646,1604,0,0,646,1604,California
Sacramento,2020-12-18,972,2576,972,2576,0,0,0,0,972,2576,0,0,972,2576,California
Sacramento,2020-12-19,612,3188,612,3188,0,0,0,0,612,3188,0,0,612,3188,California
Sacramento,2020-12-20,633,3821,633,3821,0,0,0,0,633,3821,0,0,633,3821,California
Sacramento,2020-12-21,1677,5498,1677,5498,0,0,0,0,1678,5499,0,0,1678,5499,California
Sacramento,2020-12-22,2096,7594,2063,7561,33,33,0,0,2096,7595,0,0,2096,7595,California
Sacramento,2020-12-23,2249,9843,2081,9642,168,201,0,0,2249,9844,0,0,2249,9844,California
Sacramento,2020-12-24,1046,10889,835,10477,211,412,0,0,1046,10890,0,0,1046,10890,California
Sacramento,2020-12-25,1,10890,0,10477,1,413,0,0,1,10891,0,0,1,10891,California
Sacramento,2020-12-26,509,11399,291,10768,218,631,0,0,509,11400,0,0,509,11400,California
Sacramento,2020-12-27,351,11750,247,11015,104,735,0,0,351,11751,0,0,351,11751,California
Sacramento,2020-12-28,1903,13653,1324,12339,579,1314,0,0,1902,13652,1,1,1902,13653,California
Sacramento,2020-12-29,1951,15604,1188,13527,763,2077,0,0,1951,15603,0,1,1951,15604,California
Sacramento,2020-12-30,2556,18160,1454,14981,1102,3179,0,0,2557,18160,0,1,2557,18161,California
Sacramento,2020-12-31,1229,19389,695,15676,534,3713,0,0,1230,19390,0,1,1230,19391,California
Sacramento,2021-01-01,81,19470,70,15746,11,3724,0,0,81,19471,0,1,81,19472,California
Sacramento,2021-01-02,563,20033,362,16108,201,3925,0,0,563,20034,0,1,563,20035,California
Sacramento,2021-01-03,410,20443,221,16329,189,4114,0,0,410,20444,0,1,410,20445,California
Sacramento,2021-01-04,1958,22401,845,17174,1113,5227,0,0,1956,22399,1,2,1956,22401,California
Sacramento,2021-01-05,2212,24613,986,18160,1226,6453,0,0,1858,23910,354,356,1865,24266,California
Sacramento,2021-01-06,2734,27347,1621,19781,1113,7566,0,0,1959,25097,772,1128,1959,26225,California
Sacramento,2021-01-07,2828,30175,1504,21285,1324,8890,0,0,1968,26208,857,1985,1968,28193,California
Sacramento,2021-01-08,3299,33474,2094,23379,1205,10095,0,0,2262,27438,1033,3018,2263,30456,California
Sacramento,2021-01-09,1287,34761,798,24177,489,10584,0,0,897,27947,388,3406,897,31353,California
Sacramento,2021-01-10,1245,36006,710,24887,535,11119,0,0,774,28252,470,3876,775,32128,California
Sacramento,2021-01-11,4349,40355,2959,27846,1390,12509,0,0,2413,28742,1935,5811,2425,34553,California
Sacramento,2021-01-12,4395,44750,3033,30879,1362,13871,0,0,2428,29208,1966,7777,2432,36985,California
Sacramento,2021-01-13,3789,48539,2173,33052,1616,15487,0,0,2376,30173,1412,9189,2377,39362,California
Sacramento,2021-01-14,4620,53159,2367,35419,2253,17740,0,0,3697,32951,919,10108,3697,43059,California
Sacramento,2021-01-15,4420,57579,2263,37682,2157,19897,0,0,3698,35929,721,10829,3699,46758,California
Sacramento,2021-01-16,2090,59669,1292,38974,798,20695,0,0,1873,37585,217,11046,1873,48631,California
Sacramento,2021-01-17,1637,61306,951,39925,686,21381,0,0,1459,38869,178,11224,1462,50093,California
Sacramento,2021-01-18,2861,64167,1767,41692,1094,22475,0,0,2334,40678,526,11750,2335,52428,California
Sacramento,2021-01-19,5000,69167,3053,44745,1947,24422,0,0,3730,43140,1270,13020,3732,56160,California
Sacramento,2021-01-20,4781,73948,2825,47570,1956,26378,0,0,3563,45488,1220,14240,3568,59728,California
Sacramento,2021-01-21,5190,79138,2990,50560,2200,28578,0,0,4227,48759,957,15197,4228,63956,California
Sacramento,2021-01-22,4978,84116,2653,53213,2325,30903,0,0,4677,53137,300,15497,4678,68634,California
Sacramento,2021-01-23,3728,87844,1559,54772,2169,33072,0,0,3271,55951,457,15954,3271,71905,California
Sacramento,2021-01-24,1591,89435,996,55768,595,33667,0,0,1350,57061,241,16195,1351,73256,California
Sacramento,2021-01-25,4359,93794,2110,57878,2249,35916,0,0,2942,58588,1417,17612,2944,76200,California
Sacramento,2021-01-26,4722,98516,2135,60013,2587,38503,0,0,3520,60910,1200,18812,3522,79722,California
Sacramento,2021-01-27,5804,104320,3050,63063,2754,41257,0,0,4200,63511,1601,20413,4202,83924,California
Sacramento,2021-01-28,5360,109680,2707,65770,2653,43910,0,0,4266,66685,1093,21506,4267,88191,California
Sacramento,2021-01-29,5399,115079,2938,68708,2461,46371,0,0,4374,70043,1016,22522,4374,92565,California
Sacramento,2021-01-30,4513,119592,2208,70916,2305,48676,0,0,4078,73688,433,22955,4078,96643,California
Sacramento,2021-01-31,2302,121894,2008,72924,294,48970,0,0,2027,75444,273,23228,2029,98672,California
Sacramento,2021-02-01,5908,127802,3014,75938,2894,51864,0,0,4245,78030,1659,24887,4245,102917,California
Sacramento,2021-02-02,6929,134731,3761,79699,3168,55032,0,0,4847,80815,2064,26951,4849,107766,California
Sacramento,2021-02-03,7090,141821,3551,83250,3539,58571,0,0,5230,84197,1850,28801,5232,112998,California
Sacramento,2021-02-04,7712,149533,3634,86884,4078,62649,0,0,5496,87487,2206,31007,5496,118494,California
Sacramento,2021-02-05,7803,157336,4444,91328,3359,66008,0,0,4869,89448,2911,33918,4872,123366,California
Sacramento,2021-02-06,8430,165766,3448,94776,4982,70990,0,0,7102,95227,1324,35242,7103,130469,California
Sacramento,2021-02-07,4065,169831,2181,96957,1884,72874,0,0,2846,96864,1211,36453,2848,133317,California
Sacramento,2021-02-08,6196,176027,3200,100157,2996,75870,0,0,3887,98446,2305,38758,3887,137204,California
Sacramento,2021-02-09,6801,182828,3591,103748,3210,79080,0,0,4010,99675,2782,41540,4011,141215,California
Sacramento,2021-02-10,7657,190485,4173,107921,3484,82564,0,0,4532,101098,3111,44651,4534,145749,California
Sacramento,2021-02-11,9586,200071,5736,113657,3850,86414,0,0,5551,102629,4022,48673,5553,151302,California
Sacramento,2021-02-12,10645,210716,4140,117797,6505,92919,0,0,6395,104832,4195,52868,6398,157700,California
Sacramento,2021-02-13,7604,218320,2991,120788,4613,97532,0,0,6021,109272,1581,54449,6021,163721,California
Sacramento,2021-02-14,3128,221448,1934,122722,1194,98726,0,0,2070,110290,1056,55505,2074,165795,California
Sacramento,2021-02-15,5981,227429,2039,124761,3942,102668,0,0,4159,112636,1815,57320,4161,169956,California
Sacramento,2021-02-16,9021,236450,4200,128961,4821,107489,0,0,5293,114212,3721,61041,5297,175253,California
Sacramento,2021-02-17,8822,245272,4976,133937,3846,111335,0,0,5135,115674,3675,64716,5137,180390,California
Sacramento,2021-02-18,9526,254798,5712,139649,3814,115149,0,0,5749,117656,3770,68486,5752,186142,California
Sacramento,2021-02-19,9998,264796,6131,145780,3867,119016,0,0,5908,119492,4077,72563,5913,192055,California
Sacramento,2021-02-20,7351,272147,5369,151149,1982,120998,0,0,4299,120748,3044,75607,4300,196355,California
Sacramento,2021-02-21,2916,275063,2319,153468,597,121595,0,0,1017,119874,1891,77498,1017,197372,California
Sacramento,2021-02-22,6182,281245,3740,157208,2442,124037,0,0,2681,119069,3490,80988,2685,200057,California
Sacramento,2021-02-23,7128,288373,4431,161639,2697,126734,0,0,3467,118894,3646,84634,3471,203528,California
Sacramento,2021-02-24,9631,298004,5290,166929,4341,131075,0,0,5272,119829,4342,88976,5277,208805,California
Sacramento,2021-02-25,10088,308092,5403,172332,4685,135760,0,0,5586,120927,4488,93464,5586,214391,California
Sacramento,2021-02-26,13882,321974,6452,178784,7430,143190,0,0,9560,126200,4291,97755,9564,223955,California
Sacramento,2021-02-27,10793,332767,6712,185496,4078,147268,3,3,7933,131295,2842,100597,7937,231892,California
Sacramento,2021-02-28,5602,338369,2214,187710,3388,150656,0,3,2587,130882,3001,103598,2588,234480,California
Sacramento,2021-03-01,8012,346381,3445,191155,4567,155223,0,3,4328,131550,3662,107260,4330,238810,California
Sacramento,2021-03-02,9229,355610,4012,195167,5216,160439,1,4,5663,133666,3551,110811,5667,244477,California
Sacramento,2021-03-03,10900,366510,4995,200162,5902,166341,3,7,6498,135785,4384,115195,6503,250980,California
Sacramento,2021-03-04,13394,379904,6149,206311,7241,173582,4,11,7458,137347,5906,121101,7468,258448,California
Sacramento,2021-03-05,10557,390461,4876,211187,5651,179233,30,41,7017,140875,3519,124620,7047,265495,California
Sacramento,2021-03-06,8076,398537,3096,214283,4858,184091,122,163,4088,141113,3971,128591,4209,269704,California
Sacramento,2021-03-07,7576,406113,2189,216472,5302,189393,85,248,3723,141070,3849,132440,3806,273510,California
Sacramento,2021-03-08,9090,415203,4234,220706,4632,194025,224,472,5951,144117,3126,135566,6173,279683,California
Sacramento,2021-03-09,9526,424729,4524,225230,4729,198754,273,745,5482,145843,4029,139595,5755,285438,California
Sacramento,2021-03-10,11659,436388,7473,232703,3857,202611,329,1074,6816,148182,4808,144403,7147,292585,California
Sacramento,2021-03-11,13875,450263,8893,241596,4193,206804,789,1863,8237,151607,5600,150003,9025,301610,California
Sacramento,2021-03-12,17243,467506,8298,249894,8113,214917,832,2695,8139,151534,9052,159055,8979,310589,California
Sacramento,2021-03-13,12941,480447,3570,253464,8949,223866,422,3117,8145,155316,4783,163838,8565,319154,California
Sacramento,2021-03-14,8366,488813,3459,256923,4280,228146,627,3744,4475,156549,3868,167706,5101,324255,California
Sacramento,2021-03-15,12136,500949,4812,261735,6682,234828,642,4386,7064,159206,5051,172757,7708,331963,California
Sacramento,2021-03-16,13944,514893,6194,267929,7113,241941,637,5023,8613,163154,5298,178055,9246,341209,California
Sacramento,2021-03-17,13556,528449,6562,274491,6384,248325,610,5633,8736,167712,4793,182848,9351,350560,California
Sacramento,2021-03-18,14019,542468,6596,281087,6859,255184,564,6197,9289,172861,4702,187550,9851,360411,California
Sacramento,2021-03-19,15066,557534,7473,288560,6224,261408,1369,7566,7628,174443,7413,194963,8995,369406,California
Sacramento,2021-03-20,12884,570418,7528,296088,5017,266425,339,7905,8173,178277,4680,199643,8514,377920,California
Sacramento,2021-03-21,5597,576015,2751,298839,2807,269232,39,7944,4946,182625,639,200282,4987,382907,California
Sacramento,2021-03-22,9257,585272,4779,303618,3711,272943,767,8711,6265,186692,2966,203248,7033,389940,California
Sacramento,2021-03-23,11302,596574,6738,310356,3756,276699,808,9519,7307,190849,3957,207205,8114,398054,California
Sacramento,2021-03-24,11831,608405,7258,317614,3942,280641,631,10150,6743,193218,5007,212212,7376,405430,California
Sacramento,2021-03-25,12544,620949,6834,324448,4903,285544,807,10957,7294,196108,5207,217419,8097,413527,California
Sacramento,2021-03-26,17586,638535,8304,332752,8794,294338,488,11445,8613,196304,8907,226326,9103,422630,California
Sacramento,2021-03-27,9646,648181,3548,336300,5812,300150,286,11731,5209,197389,4406,230732,5491,428121,California
Sacramento,2021-03-28,6495,654676,3210,339510,3037,303187,248,11979,3127,197410,3358,234090,3379,431500,California
Sacramento,2021-03-29,10993,665669,5887,345397,4736,307923,370,12349,5222,197261,5743,239833,5594,437094,California
Sacramento,2021-03-30,11807,677476,6056,351453,5360,313283,391,12740,6043,197953,5741,245574,6433,443527,California
Sacramento,2021-03-31,13354,690830,7814,359267,5144,318427,396,13136,5652,196317,7678,253252,6042,449569,California
Sacramento,2021-04-01,15601,706431,8725,367992,6656,325083,220,13356,5886,192745,9684,262936,6112,455681,California
Sacramento,2021-04-02,17004,723435,9652,377644,6627,331710,725,14081,8959,194413,8018,270954,9686,465367,California
Sacramento,2021-04-03,10344,733779,6163,383807,3634,335344,547,14628,6356,197354,3960,274914,6901,472268,California
Sacramento,2021-04-04,3672,737451,1518,385325,1967,337311,187,14815,1437,196744,2231,277145,1621,473889,California
Sacramento,2021-04-05,11983,749434,7521,392846,3632,340943,830,15645,5353,196327,6596,283741,6179,480068,California
Sacramento,2021-04-06,15494,764928,8815,401661,5356,346299,1323,16968,6853,195891,8611,292352,8175,488243,California
Sacramento,2021-04-07,14681,779609,7947,409608,5157,351456,1577,18545,7131,197073,7517,299869,8699,496942,California
Sacramento,2021-04-08,14861,794470,6681,416289,5232,356688,2948,21493,5913,197005,8917,308786,8849,505791,California
Sacramento,2021-04-09,15770,810240,7658,423947,5948,362636,2164,23657,6117,195663,9616,318402,8274,514065,California
Sacramento,2021-04-10,11635,821875,3110,427057,7472,370108,1053,24710,4592,194281,7019,325421,5637,519702,California
Sacramento,2021-04-11,9482,831357,3092,430149,6168,376276,222,24932,2597,190238,6861,332282,2818,522520,California
Sacramento,2021-04-12,12850,844207,4973,435122,6015,382291,1862,26794,4912,189113,7887,340169,6762,529282,California
Sacramento,2021-04-13,14215,858422,7922,443044,6289,388580,4,26798,5565,186063,8623,348792,5573,534855,California
Sacramento,2021-04-14,14074,872496,7127,450171,6945,395525,2,26800,5095,182218,8946,357738,5101,539956,California
Sacramento,2021-04-15,15299,887795,7435,457606,7862,403387,2,26802,6453,179862,8814,366552,6458,546414,California
Sacramento,2021-04-16,15957,903752,8241,465847,7716,411103,0,26802,7079,178103,8840,375392,7081,553495,California
Sacramento,2021-04-17,11974,915726,4396,470243,7578,418681,0,26802,7907,181963,4050,379442,7910,561405,California
Sacramento,2021-04-18,7226,922952,1931,472174,5295,423976,0,26802,3440,181630,3774,383216,3441,564846,California
Sacramento,2021-04-19,10516,933468,5690,477864,4823,428799,3,26805,4716,180571,5780,388996,4721,569567,California
Sacramento,2021-04-20,11060,944528,6715,484579,4342,433141,3,26808,5896,181327,5147,394143,5903,575470,California
Sacramento,2021-04-21,11431,955959,6605,491184,4824,437965,2,26810,6215,182354,5191,399334,6218,581688,California
Sacramento,2021-04-22,12292,968251,7416,498600,4873,442838,3,26813,6640,183372,5627,404961,6645,588333,California
Sacramento,2021-04-23,13856,982107,8408,507008,5448,448286,0,26813,6341,182232,7482,412443,6342,594675,California
Sacramento,2021-04-24,11298,993405,6992,514000,4305,452591,1,26814,5930,182833,5331,417774,5932,600607,California
Sacramento,2021-04-25,7965,1001370,4477,518477,3488,456079,0,26814,4155,183191,3798,421572,4156,604763,California
Sacramento,2021-04-26,9804,1011174,6146,524623,3633,459712,25,26839,4465,182370,5312,426884,4491,609254,California
Sacramento,2021-04-27,11173,1022347,7353,531976,3700,463412,120,26959,5448,182242,5696,432580,5568,614822,California
Sacramento,2021-04-28,9465,1031812,5520,537496,3745,467157,200,27159,5081,183170,4358,436938,5286,620108,California
Sacramento,2021-04-29,8186,1039998,5272,542768,2618,469775,296,27455,4086,183475,4078,441016,4383,624491,California
Sacramento,2021-04-30,7742,1047740,4348,547116,3279,473054,115,27570,3517,182917,4192,445208,3634,628125,California
Sacramento,2021-05-01,5044,1052784,3355,550471,1598,474652,91,27661,1617,181226,3402,448610,1711,629836,California
Sacramento,2021-05-02,2370,1055154,2034,552505,329,474981,7,27668,1590,182055,768,449378,1597,631433,California
Sacramento,2021-05-03,4579,1059733,3344,555849,1173,476154,62,27730,2603,182756,1964,451342,2665,634098,California
San Benito,2020-12-16,2,2,2,2,0,0,0,0,2,2,0,0,2,2,California
San Benito,2020-12-17,8,10,8,10,0,0,0,0,8,10,0,0,8,10,California
San Benito,2020-12-18,32,42,32,42,0,0,0,0,32,42,0,0,32,42,California
San Benito,2020-12-19,47,89,47,89,0,0,0,0,47,89,0,0,47,89,California
San Benito,2020-12-20,22,111,21,110,1,1,0,0,22,111,0,0,22,111,California
San Benito,2020-12-21,48,159,48,158,0,1,0,0,48,159,0,0,48,159,California
San Benito,2020-12-22,65,224,65,223,0,1,0,0,65,224,0,0,65,224,California
San Benito,2020-12-23,48,272,36,259,12,13,0,0,48,272,0,0,48,272,California
San Benito,2020-12-24,12,284,4,263,8,21,0,0,12,284,0,0,12,284,California
San Benito,2020-12-25,4,288,4,267,0,21,0,0,4,288,0,0,4,288,California
San Benito,2020-12-26,13,301,4,271,9,30,0,0,13,301,0,0,13,301,California
San Benito,2020-12-27,8,309,7,278,1,31,0,0,8,309,0,0,8,309,California
San Benito,2020-12-28,63,372,36,314,27,58,0,0,63,372,0,0,63,372,California
San Benito,2020-12-29,49,421,20,334,29,87,0,0,49,421,0,0,49,421,California
San Benito,2020-12-30,59,480,37,371,22,109,0,0,59,480,0,0,59,480,California
San Benito,2020-12-31,19,499,2,373,17,126,0,0,19,499,0,0,19,499,California
San Benito,2021-01-02,25,524,24,397,1,127,0,0,25,524,0,0,25,524,California
San Benito,2021-01-03,3,527,1,398,2,129,0,0,3,527,0,0,3,527,California
San Benito,2021-01-04,62,589,23,421,39,168,0,0,62,589,0,0,62,589,California
San Benito,2021-01-05,118,707,36,457,82,250,0,0,115,701,3,3,115,704,California
San Benito,2021-01-06,97,804,42,499,55,305,0,0,83,770,14,17,83,787,California
San Benito,2021-01-07,80,884,43,542,37,342,0,0,52,794,28,45,52,839,California
San Benito,2021-01-08,129,1013,66,608,63,405,0,0,86,837,43,88,86,925,California
San Benito,2021-01-09,43,1056,30,638,13,418,0,0,29,852,14,102,29,954,California
San Benito,2021-01-10,15,1071,13,651,2,420,0,0,5,847,10,112,5,959,California
San Benito,2021-01-11,102,1173,59,710,43,463,0,0,49,843,53,165,49,1008,California
San Benito,2021-01-12,156,1329,53,763,103,566,0,0,120,927,36,201,120,1128,California
San Benito,2021-01-13,190,1519,35,798,155,721,0,0,163,1063,27,228,163,1291,California
San Benito,2021-01-14,116,1635,23,821,93,814,0,0,99,1145,17,245,99,1390,California
San Benito,2021-01-15,215,1850,21,842,194,1008,0,0,201,1332,14,259,201,1591,California
San Benito,2021-01-16,27,1877,9,851,18,1026,0,0,21,1347,6,265,21,1612,California
San Benito,2021-01-17,11,1888,5,856,6,1032,0,0,8,1352,3,268,8,1620,California
San Benito,2021-01-18,36,1924,23,879,13,1045,0,0,21,1358,15,283,21,1641,California
San Benito,2021-01-19,151,2075,64,943,87,1132,0,0,125,1457,26,309,125,1766,California
San Benito,2021-01-20,261,2336,80,1023,181,1313,0,0,215,1627,45,354,215,1981,California
San Benito,2021-01-21,124,2460,31,1054,93,1406,0,0,100,1703,24,378,100,2081,California
San Benito,2021-01-22,231,2691,19,1073,212,1618,0,0,221,1914,10,388,221,2302,California
San Benito,2021-01-23,31,2722,17,1090,14,1632,0,0,13,1909,18,406,13,2315,California
San Benito,2021-01-24,11,2733,3,1093,8,1640,0,0,7,1912,4,410,7,2322,California
San Benito,2021-01-25,67,2800,25,1118,42,1682,0,0,22,1889,45,455,22,2344,California
San Benito,2021-01-26,134,2934,41,1159,93,1775,0,0,81,1917,53,508,81,2425,California
San Benito,2021-01-27,230,3164,69,1228,161,1936,0,0,190,2067,40,548,190,2615,California
San Benito,2021-01-28,155,3319,32,1260,123,2059,0,0,123,2159,31,579,123,2738,California
San Benito,2021-01-29,284,3603,31,1291,253,2312,0,0,261,2398,22,601,261,2999,California
San Benito,2021-01-30,50,3653,31,1322,19,2331,0,0,28,2404,22,623,28,3027,California
San Benito,2021-01-31,16,3669,5,1327,11,2342,0,0,11,2410,5,628,11,3038,California
San Benito,2021-02-01,133,3802,28,1355,105,2447,0,0,89,2455,44,672,89,3127,California
San Benito,2021-02-02,226,4028,49,1404,177,2624,0,0,136,2501,90,762,136,3263,California
San Benito,2021-02-03,336,4364,42,1446,294,2918,0,0,272,2709,64,826,272,3535,California
San Benito,2021-02-04,162,4526,24,1470,138,3056,0,0,118,2783,44,870,118,3653,California
San Benito,2021-02-05,289,4815,40,1510,249,3305,0,0,227,2948,62,932,227,3880,California
San Benito,2021-02-06,49,4864,9,1519,40,3345,0,0,32,2963,17,949,32,3912,California
San Benito,2021-02-07,15,4879,7,1526,8,3353,0,0,14,2976,1,950,14,3926,California
San Benito,2021-02-08,138,5017,15,1541,123,3476,0,0,92,3022,46,996,92,4018,California
San Benito,2021-02-09,326,5343,64,1605,262,3738,0,0,194,3084,132,1128,194,4212,California
San Benito,2021-02-10,319,5662,88,1693,231,3969,0,0,124,3014,194,1322,124,4336,California
San Benito,2021-02-11,296,5958,32,1725,264,4233,0,0,198,3114,98,1420,198,4534,California
San Benito,2021-02-12,412,6370,30,1755,382,4615,0,0,207,3117,204,1624,207,4741,California
San Benito,2021-02-13,57,6427,8,1763,49,4664,0,0,43,3146,14,1638,43,4784,California
San Benito,2021-02-14,40,6467,5,1768,35,4699,0,0,30,3166,10,1648,30,4814,California
San Benito,2021-02-15,106,6573,9,1777,97,4796,0,0,95,3250,11,1659,95,4909,California
San Benito,2021-02-16,205,6778,11,1788,194,4990,0,0,101,3247,104,1763,101,5010,California
San Benito,2021-02-17,327,7105,30,1818,297,5287,0,0,278,3476,49,1812,278,5288,California
San Benito,2021-02-18,293,7398,38,1856,255,5542,0,0,72,3327,221,2033,72,5360,California
San Benito,2021-02-19,342,7740,45,1901,297,5839,0,0,177,3339,165,2198,177,5537,California
San Benito,2021-02-20,45,7785,26,1927,19,5858,0,0,36,3366,9,2207,36,5573,California
San Benito,2021-02-21,23,7808,8,1935,15,5873,0,0,14,3371,9,2216,14,5587,California
San Benito,2021-02-22,132,7940,36,1971,96,5969,0,0,98,3436,33,2249,98,5685,California
San Benito,2021-02-23,374,8314,92,2063,282,6251,0,0,262,3586,112,2361,262,5947,California
San Benito,2021-02-24,376,8690,63,2126,313,6564,0,0,236,3682,140,2501,236,6183,California
San Benito,2021-02-25,392,9082,63,2189,329,6893,0,0,271,3830,123,2624,271,6454,California
San Benito,2021-02-26,640,9722,72,2261,568,7461,0,0,397,3984,243,2867,397,6851,California
San Benito,2021-02-27,98,9820,36,2297,62,7523,0,0,83,4052,15,2882,83,6934,California
San Benito,2021-02-28,248,10068,24,2321,224,7747,0,0,239,4282,9,2891,239,7173,California
San Benito,2021-03-01,224,10292,59,2380,165,7912,0,0,155,4367,70,2961,155,7328,California
San Benito,2021-03-02,275,10567,90,2470,185,8097,0,0,205,4502,70,3031,205,7533,California
San Benito,2021-03-03,392,10959,58,2528,334,8431,0,0,216,4544,174,3205,216,7749,California
San Benito,2021-03-04,610,11569,124,2652,471,8902,15,15,429,4796,181,3386,433,8182,California
San Benito,2021-03-05,582,12151,305,2957,264,9166,13,28,373,4974,208,3594,386,8568,California
San Benito,2021-03-06,190,12341,66,3023,110,9276,14,42,139,5076,51,3645,153,8721,California
San Benito,2021-03-07,647,12988,603,3626,22,9298,22,64,615,5681,32,3677,637,9358,California
San Benito,2021-03-08,288,13276,65,3691,177,9475,46,110,167,5773,121,3798,213,9571,California
San Benito,2021-03-09,423,13699,84,3775,240,9715,99,209,137,5697,285,4083,209,9780,California
San Benito,2021-03-10,402,14101,114,3889,193,9908,95,304,232,5854,170,4253,327,10107,California
San Benito,2021-03-11,467,14568,119,4008,196,10104,152,456,206,5951,261,4514,358,10465,California
San Benito,2021-03-12,511,15079,117,4125,300,10404,94,550,229,5995,280,4794,324,10789,California
San Benito,2021-03-13,202,15281,102,4227,82,10486,18,568,128,6070,71,4865,146,10935,California
San Benito,2021-03-14,232,15513,40,4267,172,10658,20,588,180,6219,51,4916,200,11135,California
San Benito,2021-03-15,325,15838,100,4367,206,10864,19,607,191,6295,134,5050,210,11345,California
San Benito,2021-03-16,496,16334,218,4585,247,11111,31,638,349,6527,147,5197,379,11724,California
San Benito,2021-03-17,785,17119,475,5060,289,11400,21,659,559,6877,222,5419,572,12296,California
San Benito,2021-03-18,786,17905,524,5584,207,11607,55,714,572,7283,212,5631,618,12914,California
San Benito,2021-03-19,777,18682,404,5988,350,11957,23,737,577,7683,200,5831,600,13514,California
San Benito,2021-03-20,239,18921,147,6135,80,12037,12,749,183,7822,56,5887,195,13709,California
San Benito,2021-03-21,108,19029,56,6191,47,12084,5,754,81,7881,27,5914,86,13795,California
San Benito,2021-03-22,344,19373,171,6362,148,12232,25,779,221,8004,123,6037,246,14041,California
San Benito,2021-03-23,475,19848,197,6559,268,12500,10,789,215,7968,260,6297,224,14265,California
San Benito,2021-03-24,575,20423,305,6864,263,12763,7,796,360,8121,214,6511,367,14632,California
San Benito,2021-03-25,741,21164,440,7304,297,13060,4,800,443,8273,295,6806,447,15079,California
San Benito,2021-03-26,999,22163,517,7821,479,13539,3,803,331,7940,667,7473,334,15413,California
San Benito,2021-03-27,332,22495,184,8005,115,13654,33,836,215,8072,116,7589,248,15661,California
San Benito,2021-03-28,692,23187,570,8575,117,13771,5,841,126,7637,566,8155,131,15792,California
San Benito,2021-03-29,344,23531,110,8685,214,13985,20,861,149,7610,195,8350,168,15960,California
San Benito,2021-03-30,571,24102,268,8953,209,14194,94,955,288,7709,283,8633,382,16342,California
San Benito,2021-03-31,582,24684,356,9309,202,14396,24,979,335,7823,245,8878,359,16701,California
San Benito,2021-04-01,930,25614,372,9681,520,14916,38,1017,554,8034,375,9253,586,17287,California
San Benito,2021-04-02,540,26154,264,9945,141,15057,135,1152,267,8163,273,9526,402,17689,California
San Benito,2021-04-03,252,26406,87,10032,103,15160,62,1214,74,8121,178,9704,136,17825,California
San Benito,2021-04-04,144,26550,109,10141,30,15190,5,1219,107,8196,37,9741,112,17937,California
San Benito,2021-04-05,351,26901,171,10312,138,15328,42,1261,143,8172,208,9949,184,18121,California
San Benito,2021-04-06,458,27359,157,10469,127,15455,174,1435,157,8202,301,10250,331,18452,California
San Benito,2021-04-07,922,28281,520,10989,212,15667,190,1625,253,7977,668,10918,443,18895,California
San Benito,2021-04-08,848,29129,425,11414,173,15840,250,1875,216,7812,631,11549,466,19361,California
San Benito,2021-04-09,838,29967,497,11911,250,16090,91,1966,289,7643,549,12098,380,19741,California
San Benito,2021-04-10,319,30286,191,12102,71,16161,57,2023,174,7729,145,12243,231,19972,California
San Benito,2021-04-11,469,30755,269,12371,167,16328,33,2056,246,7781,223,12466,275,20247,California
San Benito,2021-04-12,523,31278,283,12654,129,16457,111,2167,272,7911,250,12716,380,20627,California
San Benito,2021-04-13,752,32030,290,12944,439,16896,23,2190,523,8230,228,12944,547,21174,California
San Benito,2021-04-14,836,32866,658,13602,178,17074,0,2190,401,8201,430,13374,401,21575,California
San Benito,2021-04-15,928,33794,720,14322,207,17281,1,2191,458,8191,469,13843,459,22034,California
San Benito,2021-04-16,694,34488,363,14685,322,17603,9,2200,291,8091,400,14243,300,22334,California
San Benito,2021-04-17,312,34800,227,14912,85,17688,0,2200,127,8033,185,14428,127,22461,California
San Benito,2021-04-18,491,35291,410,15322,81,17769,0,2200,241,8025,250,14678,242,22703,California
San Benito,2021-04-19,727,36018,586,15908,141,17910,0,2200,411,8122,315,14993,412,23115,California
San Benito,2021-04-20,746,36764,398,16306,347,18257,1,2201,475,8331,266,15259,475,23590,California
San Benito,2021-04-21,954,37718,703,17009,251,18508,0,2201,522,8435,418,15677,522,24112,California
San Benito,2021-04-22,892,38610,689,17698,203,18711,0,2201,566,8683,318,15995,566,24678,California
San Benito,2021-04-23,623,39233,394,18092,228,18939,1,2202,338,8786,236,16231,339,25017,California
San Benito,2021-04-24,348,39581,196,18288,152,19091,0,2202,158,8794,150,16381,158,25175,California
San Benito,2021-04-25,196,39777,119,18407,77,19168,0,2202,85,8787,92,16473,85,25260,California
San Benito,2021-04-26,457,40234,361,18768,96,19264,0,2202,239,8868,158,16631,239,25499,California
San Benito,2021-04-27,515,40749,257,19025,251,19515,7,2209,388,9146,117,16748,395,25894,California
San Benito,2021-04-28,510,41259,357,19382,144,19659,9,2218,350,9349,155,16903,358,26252,California
San Benito,2021-04-29,530,41789,184,19566,336,19995,10,2228,197,9238,333,17236,222,26474,California
San Benito,2021-04-30,262,42051,157,19723,101,20096,4,2232,157,9296,103,17339,161,26635,California
San Benito,2021-05-01,81,42132,66,19789,14,20110,1,2233,28,9273,52,17391,29,26664,California
San Benito,2021-05-02,88,42220,80,19869,4,20114,4,2237,10,9209,78,17469,14,26678,California
San Benito,2021-05-03,200,42420,165,20034,34,20148,1,2238,45,9103,155,17624,49,26727,California
San Bernardino,2020-12-15,13,13,13,13,0,0,0,0,13,13,0,0,13,13,California
San Bernardino,2020-12-16,107,120,107,120,0,0,0,0,107,120,0,0,107,120,California
San Bernardino,2020-12-17,2353,2473,2353,2473,0,0,0,0,2353,2473,0,0,2353,2473,California
San Bernardino,2020-12-18,3144,5617,3141,5614,3,3,0,0,3145,5618,0,0,3145,5618,California
San Bernardino,2020-12-19,1070,6687,1069,6683,1,4,0,0,1071,6689,0,0,1071,6689,California
San Bernardino,2020-12-20,1174,7861,1172,7855,2,6,0,0,1174,7863,0,0,1174,7863,California
San Bernardino,2020-12-21,2452,10313,2447,10302,5,11,0,0,2452,10315,0,0,2452,10315,California
San Bernardino,2020-12-22,2269,12582,2143,12445,126,137,0,0,2270,12585,0,0,2270,12585,California
San Bernardino,2020-12-23,2648,15230,1455,13900,1193,1330,0,0,2647,15232,0,0,2647,15232,California
San Bernardino,2020-12-24,1157,16387,582,14482,575,1905,0,0,1159,16391,0,0,1159,16391,California
San Bernardino,2020-12-25,74,16461,14,14496,60,1965,0,0,74,16465,0,0,74,16465,California
San Bernardino,2020-12-26,462,16923,254,14750,208,2173,0,0,462,16927,0,0,462,16927,California
San Bernardino,2020-12-27,343,17266,160,14910,183,2356,0,0,343,17270,0,0,343,17270,California
San Bernardino,2020-12-28,1567,18833,712,15622,855,3211,0,0,1568,18838,0,0,1568,18838,California
San Bernardino,2020-12-29,2211,21044,1042,16664,1169,4380,0,0,2211,21049,0,0,2211,21049,California
San Bernardino,2020-12-30,2895,23939,1459,18123,1436,5816,0,0,2896,23945,0,0,2896,23945,California
San Bernardino,2020-12-31,1358,25297,440,18563,918,6734,0,0,1356,25301,0,0,1356,25301,California
San Bernardino,2021-01-01,282,25579,150,18713,132,6866,0,0,281,25582,0,0,281,25582,California
San Bernardino,2021-01-02,475,26054,338,19051,137,7003,0,0,475,26057,0,0,475,26057,California
San Bernardino,2021-01-03,135,26189,85,19136,50,7053,0,0,135,26192,0,0,135,26192,California
San Bernardino,2021-01-04,2120,28309,1287,20423,833,7886,0,0,2119,28311,0,0,2119,28311,California
San Bernardino,2021-01-05,2332,30641,1461,21884,871,8757,0,0,2222,30424,109,109,2222,30533,California
San Bernardino,2021-01-06,3432,34073,2352,24236,1080,9837,0,0,2938,32875,488,597,2939,33472,California
San Bernardino,2021-01-07,5416,39489,4504,28740,912,10749,0,0,2482,32442,2915,3512,2482,35954,California
San Bernardino,2021-01-08,5367,44856,4445,33185,922,11671,0,0,2291,31662,3072,6584,2292,38246,California
San Bernardino,2021-01-09,1398,46254,1099,34284,299,11970,0,0,902,32068,496,7080,902,39148,California
San Bernardino,2021-01-10,1021,47275,597,34881,424,12394,0,0,574,32195,447,7527,574,39722,California
San Bernardino,2021-01-11,4979,52254,4074,38955,905,13299,0,0,2765,32749,2211,9738,2765,42487,California
San Bernardino,2021-01-12,4229,56483,3218,42173,1011,14310,0,0,2516,33553,1712,11450,2516,45003,California
San Bernardino,2021-01-13,4555,61038,2849,45022,1706,16016,0,0,3332,35676,1210,12660,3333,48336,California
San Bernardino,2021-01-14,4748,65786,2776,47798,1972,17988,0,0,4165,39262,579,13239,4165,52501,California
San Bernardino,2021-01-15,5980,71766,2976,50774,3004,20992,0,0,5584,44463,386,13625,5587,58088,California
San Bernardino,2021-01-16,2258,74024,1293,52067,965,21957,0,0,2116,46437,142,13767,2116,60204,California
San Bernardino,2021-01-17,1188,75212,514,52581,674,22631,0,0,1098,47448,89,13856,1100,61304,California
San Bernardino,2021-01-18,4269,79481,2639,55220,1630,24261,0,0,3648,50479,620,14476,3651,64955,California
San Bernardino,2021-01-19,6303,85784,3708,58928,2595,26856,0,0,5212,54604,1089,15565,5214,70169,California
San Bernardino,2021-01-20,6802,92586,3735,62663,3067,29923,0,0,4873,57558,1921,17486,4875,75044,California
San Bernardino,2021-01-21,5979,98565,3077,65740,2902,32825,0,0,4863,61317,1107,18593,4866,79910,California
San Bernardino,2021-01-22,6502,105067,3034,68774,3468,36293,0,0,5781,66380,719,19312,5782,85692,California
San Bernardino,2021-01-23,3108,108175,1891,70665,1217,37510,0,0,2719,68711,388,19700,2719,88411,California
San Bernardino,2021-01-24,1195,109370,462,71127,733,38243,0,0,1094,69704,101,19801,1094,89505,California
San Bernardino,2021-01-25,6871,116241,3396,74523,3475,41718,0,0,5021,72880,1848,21649,5024,94529,California
San Bernardino,2021-01-26,7105,123346,3568,78091,3537,45255,0,0,5008,75792,2097,23746,5009,99538,California
San Bernardino,2021-01-27,8397,131743,4146,82237,4251,49506,0,0,5693,78789,2696,26442,5693,105231,California
San Bernardino,2021-01-28,8585,140328,4079,86316,4506,54012,0,0,6260,82729,2320,28762,6260,111491,California
San Bernardino,2021-01-29,8180,148508,3768,90084,4412,58424,0,0,6213,86990,1953,30715,6214,117705,California
San Bernardino,2021-01-30,3090,151598,1901,91985,1189,59613,0,0,2803,89507,286,31001,2803,120508,California
San Bernardino,2021-01-31,923,152521,494,92479,429,60042,0,0,869,90323,53,31054,869,121377,California
San Bernardino,2021-02-01,7542,160063,4231,96710,3311,63353,0,0,4926,92636,2613,33667,4926,126303,California
San Bernardino,2021-02-02,10408,170471,3652,100362,6756,70109,0,0,8361,98955,2043,35710,8362,134665,California
San Bernardino,2021-02-03,8982,179453,4146,104508,4836,74945,0,0,6491,102964,2483,38193,6492,141157,California
San Bernardino,2021-02-04,10508,189961,5191,109699,5317,80262,0,0,7437,107341,3060,41253,7437,148594,California
San Bernardino,2021-02-05,10986,200947,5911,115610,5075,85337,0,0,7462,111291,3513,44766,7463,156057,California
San Bernardino,2021-02-06,5253,206200,2205,117815,3048,88385,0,0,3617,113300,1611,46377,3620,159677,California
San Bernardino,2021-02-07,843,207043,490,118305,353,88738,0,0,466,113393,374,46751,467,160144,California
San Bernardino,2021-02-08,7276,214319,3879,122184,3397,92135,0,0,5608,117336,1665,48416,5608,165752,California
San Bernardino,2021-02-09,9901,224220,5815,127999,4086,96221,0,0,6675,120790,3224,51640,6678,172430,California
San Bernardino,2021-02-10,12006,236226,6531,134530,5475,101696,0,0,7840,124476,4155,55795,7841,180271,California
San Bernardino,2021-02-11,12330,248556,7108,141638,5222,106918,0,0,7883,127938,4424,60219,7886,188157,California
San Bernardino,2021-02-12,10345,258901,5928,147566,4417,111335,0,0,5690,128988,4640,64859,5690,193847,California
San Bernardino,2021-02-13,6021,264922,4001,151567,2020,113355,0,0,3783,130554,2222,67081,3788,197635,California
San Bernardino,2021-02-14,1549,266471,650,152217,899,114254,0,0,871,130755,670,67751,871,198506,California
San Bernardino,2021-02-15,5454,271925,2994,155211,2460,116714,0,0,3054,131423,2386,70137,3054,201560,California
San Bernardino,2021-02-16,12591,284516,7370,162581,5221,121935,0,0,7967,134780,4611,74748,7968,209528,California
San Bernardino,2021-02-17,11779,296295,6452,169033,5327,127262,0,0,7137,137294,4625,79373,7139,216667,California
San Bernardino,2021-02-18,12455,308750,7589,176622,4866,132128,0,0,7706,140267,4734,84107,7707,224374,California
San Bernardino,2021-02-19,11472,320222,5909,182531,5563,137691,0,0,6781,142375,4673,88780,6781,231155,California
San Bernardino,2021-02-20,4496,324718,3449,185980,1047,138738,0,0,2038,141959,2455,91235,2039,233194,California
San Bernardino,2021-02-21,1022,325740,567,186547,455,139193,0,0,326,141589,696,91931,326,233520,California
San Bernardino,2021-02-22,8619,334359,5319,191866,3300,142493,0,0,4029,141040,4579,96510,4030,237550,California
San Bernardino,2021-02-23,9089,343448,5420,197286,3669,146162,0,0,4573,141127,4486,100996,4573,242123,California
San Bernardino,2021-02-24,12346,355794,7146,204432,5200,151362,0,0,6082,140971,6239,107235,6083,248206,California
San Bernardino,2021-02-25,12985,368779,6263,210695,6722,158084,0,0,7555,143117,5412,112647,7558,255764,California
San Bernardino,2021-02-26,13544,382323,6370,217065,7174,165258,0,0,7539,144715,5944,118591,7542,263306,California
San Bernardino,2021-02-27,6605,388928,3674,220739,2930,168188,1,1,4785,147691,1810,120401,4786,268092,California
San Bernardino,2021-02-28,1736,390664,709,221448,1027,169215,0,1,1122,148204,609,121010,1122,269214,California
San Bernardino,2021-03-01,8389,399053,4324,225772,4063,173278,2,3,3820,147487,4547,125557,3830,273044,California
San Bernardino,2021-03-02,13637,412690,5357,231129,8280,181558,0,3,6417,146714,7193,132750,6420,279464,California
San Bernardino,2021-03-03,12656,425346,6430,237559,6224,187782,2,5,5864,145812,6773,139523,5871,285335,California
San Bernardino,2021-03-04,13655,439001,6861,244420,6794,194576,0,5,5931,144043,7703,147226,5934,291269,California
San Bernardino,2021-03-05,14143,453144,7312,251732,6830,201406,1,6,6839,143626,7275,154501,6858,298127,California
San Bernardino,2021-03-06,9599,462743,5350,257082,4034,205440,215,221,4477,143210,5107,159608,4691,302818,California
San Bernardino,2021-03-07,1569,464312,925,258007,589,206029,55,276,999,143696,568,160176,1054,303872,California
San Bernardino,2021-03-08,7966,472278,3496,261503,4310,210339,160,436,3508,142915,4452,164628,3671,307543,California
San Bernardino,2021-03-09,12598,484876,7027,268530,5327,215666,244,680,4860,140295,7725,172353,5105,312648,California
San Bernardino,2021-03-10,13980,498856,7677,276207,5774,221440,529,1209,6184,139243,7770,180123,6718,319366,California
San Bernardino,2021-03-11,15212,514068,7122,283329,6536,227976,1554,2763,7256,140113,7936,188059,8806,328172,California
San Bernardino,2021-03-12,15249,529317,6796,290125,6415,234391,2038,4801,7275,141526,7946,196005,9359,337531,California
San Bernardino,2021-03-13,8273,537590,4494,294619,3269,237660,510,5311,4900,143574,3363,199368,5411,342942,California
San Bernardino,2021-03-14,3214,540804,1609,296228,1032,238692,573,5884,1834,144601,1374,200742,2401,345343,California
San Bernardino,2021-03-15,11322,552126,5327,301555,3971,242663,2024,7908,5544,146398,5768,206510,7565,352908,California
San Bernardino,2021-03-16,16087,568213,7983,309538,7160,249823,944,8852,9830,150936,6233,212743,10771,363679,California
San Bernardino,2021-03-17,17075,585288,8576,318114,7751,257574,748,9600,10282,155191,6776,219519,11031,374710,California
San Bernardino,2021-03-18,16480,601768,8178,326292,7917,265491,385,9985,9756,158634,6698,226217,10141,384851,California
San Bernardino,2021-03-19,16800,618568,8331,334623,7882,273373,587,10572,9631,161761,7145,233362,10272,395123,California
San Bernardino,2021-03-20,9376,627944,5912,340535,2879,276252,585,11157,5566,164121,3787,237149,6147,401270,California
San Bernardino,2021-03-21,2749,630693,2238,342773,464,276716,47,11204,2227,165885,510,237659,2274,403544,California
San Bernardino,2021-03-22,9559,640252,4490,347263,4635,281351,434,11638,6936,170649,2606,240265,7370,410914,California
San Bernardino,2021-03-23,15422,655674,8743,356006,6057,287408,622,12260,9648,175164,5754,246019,10269,421183,California
San Bernardino,2021-03-24,14997,670671,7766,363772,6932,294340,299,12559,9990,180481,4973,250992,10290,431473,California
San Bernardino,2021-03-25,16918,687589,8286,372058,8336,302676,296,12855,10759,185419,6113,257105,11051,442524,California
San Bernardino,2021-03-26,17924,705513,8585,380643,8572,311248,767,13622,10894,190079,7001,264106,11661,454185,California
San Bernardino,2021-03-27,10716,716229,6899,387542,3068,314316,749,14371,6145,192418,4554,268660,6893,461078,California
San Bernardino,2021-03-28,3537,719766,2473,390015,951,315267,113,14484,2500,194000,1030,269690,2612,463690,California
San Bernardino,2021-03-29,11677,731443,6066,396081,5214,320481,397,14881,7975,198686,3686,273376,8372,472062,California
San Bernardino,2021-03-30,16812,748255,9414,405495,6690,327171,708,15589,10824,204257,5955,279331,11526,483588,California
San Bernardino,2021-03-31,16183,764438,9140,414635,6413,333584,630,16219,10836,210398,5323,284654,11464,495052,California
San Bernardino,2021-04-01,19391,783829,10237,424872,7799,341383,1355,17574,12516,217419,6842,291496,13863,508915,California
San Bernardino,2021-04-02,18546,802375,9323,434195,7954,349337,1269,18843,11240,222687,7281,298777,12549,521464,California
San Bernardino,2021-04-03,10924,813299,6826,441021,2975,352312,1123,19966,5987,224873,4921,303698,7107,528571,California
San Bernardino,2021-04-04,2453,815752,1486,442507,720,353032,247,20213,1259,225189,1189,304887,1505,530076,California
San Bernardino,2021-04-05,11684,827436,5237,447744,4722,357754,1725,21938,5994,227235,5669,310556,7715,537791,California
San Bernardino,2021-04-06,19574,847010,11001,458745,6484,364238,2089,24027,10388,230561,9149,319705,12475,550266,California
San Bernardino,2021-04-07,20717,867727,11069,469814,7200,371438,2448,26475,11333,234973,9357,329062,13769,564035,California
San Bernardino,2021-04-08,21559,889286,11041,480855,7928,379366,2590,29065,11933,239894,9596,338658,14517,578552,California
San Bernardino,2021-04-09,21486,910772,10881,491736,8071,387437,2534,31599,11727,244421,9726,348384,14253,592805,California
San Bernardino,2021-04-10,15523,926295,8045,499781,3802,391239,3676,35275,7727,248040,7775,356159,11394,604199,California
San Bernardino,2021-04-11,4374,930669,2553,502334,882,392121,939,36214,2025,248659,2343,358502,2962,607161,California
San Bernardino,2021-04-12,13276,943945,6153,508487,5493,397614,1630,37844,6287,249604,6970,365472,7915,615076,California
San Bernardino,2021-04-13,19152,963097,10919,519406,8215,405829,18,37862,10974,252443,8154,373626,10993,626069,California
San Bernardino,2021-04-14,18939,982036,10243,529649,8693,414522,3,37865,10828,255193,8082,381708,10832,636901,California
San Bernardino,2021-04-15,19966,1002002,11157,540806,8804,423326,5,37870,10628,256527,9302,391010,10636,647537,California
San Bernardino,2021-04-16,18435,1020437,10504,551310,7930,431256,1,37871,9129,256388,9268,400278,9129,656666,California
San Bernardino,2021-04-17,11843,1032280,7820,559130,4023,435279,0,37871,6231,257036,5583,405861,6231,662897,California
San Bernardino,2021-04-18,2870,1035150,1966,561096,904,436183,0,37871,1309,256796,1549,407410,1309,664206,California
San Bernardino,2021-04-19,12435,1047585,6618,567714,5817,442000,0,37871,4828,254042,7586,414996,4832,669038,California
San Bernardino,2021-04-20,17478,1065063,9755,577469,7720,449720,3,37874,8012,252612,9445,424441,8015,677053,California
San Bernardino,2021-04-21,17865,1082928,10271,587740,7591,457311,3,37877,7958,250720,9853,434294,7961,685014,California
San Bernardino,2021-04-22,19042,1101970,10899,598639,8139,465450,4,37881,7829,247390,11163,445457,7833,692847,California
San Bernardino,2021-04-23,18166,1120136,10344,608983,7820,473270,2,37883,7955,245183,10166,455623,7959,700806,California
San Bernardino,2021-04-24,12756,1132892,9443,618426,3311,476581,2,37885,6888,246223,5850,461473,6890,707696,California
San Bernardino,2021-04-25,3407,1136299,2236,620662,1171,477752,0,37885,1692,246214,1702,463175,1693,709389,California
San Bernardino,2021-04-26,9971,1146270,5320,625982,4563,482315,88,37973,4270,244903,5668,468843,4357,713746,California
San Bernardino,2021-04-27,15390,1161660,9184,635166,6040,488355,166,38139,6258,242235,9092,477935,6424,720170,California
San Bernardino,2021-04-28,13826,1175486,8219,643385,5340,493695,267,38406,4965,238630,8835,486770,5230,725400,California
San Bernardino,2021-04-29,13877,1189363,7953,651338,5678,499373,246,38652,4574,234181,9267,496037,4818,730218,California
San Bernardino,2021-04-30,12514,1201877,7956,659294,4415,503788,143,38795,4134,230113,8342,504379,4274,734492,California
San Bernardino,2021-05-01,7756,1209633,6341,665635,1227,505015,188,38983,2454,227475,5279,509658,2641,737133,California
San Bernardino,2021-05-02,853,1210486,619,666254,205,505220,29,39012,295,227244,554,510212,323,737456,California
San Bernardino,2021-05-03,6463,1216949,3357,669611,2842,508062,264,39276,1821,224708,4620,514832,2084,739540,California
San Diego,2020-12-15,119,119,119,119,0,0,0,0,119,119,0,0,119,119,California
San Diego,2020-12-16,1103,1222,1103,1222,0,0,0,0,1103,1222,0,0,1103,1222,California
San Diego,2020-12-17,2350,3572,2350,3572,0,0,0,0,2350,3572,0,0,2350,3572,California
San Diego,2020-12-18,3672,7244,3671,7243,1,1,0,0,3672,7244,0,0,3672,7244,California
San Diego,2020-12-19,2312,9556,2312,9555,0,1,0,0,2312,9556,0,0,2312,9556,California
San Diego,2020-12-20,1184,10740,1183,10738,1,2,0,0,1184,10740,0,0,1184,10740,California
San Diego,2020-12-21,3524,14264,3523,14261,1,3,0,0,3524,14264,0,0,3524,14264,California
San Diego,2020-12-22,4056,18320,3414,17675,642,645,0,0,4056,18320,0,0,4056,18320,California
San Diego,2020-12-23,3179,21499,1976,19651,1203,1848,0,0,3179,21499,0,0,3179,21499,California
San Diego,2020-12-24,2738,24237,2220,21871,518,2366,0,0,2738,24237,0,0,2738,24237,California
San Diego,2020-12-25,874,25111,873,22744,1,2367,0,0,874,25111,0,0,874,25111,California
San Diego,2020-12-26,3295,28406,2144,24888,1151,3518,0,0,3295,28406,0,0,3295,28406,California
San Diego,2020-12-27,2508,30914,1617,26505,891,4409,0,0,2507,30912,1,1,2507,30913,California
San Diego,2020-12-28,5901,36815,4213,30718,1688,6097,0,0,5901,36813,0,1,5901,36814,California
San Diego,2020-12-29,5591,42406,3015,33733,2576,8673,0,0,5591,42404,0,1,5591,42405,California
San Diego,2020-12-30,5952,48358,3107,36840,2845,11518,0,0,5952,48356,0,1,5952,48357,California
San Diego,2020-12-31,3037,51395,1053,37893,1984,13502,0,0,3037,51393,0,1,3037,51394,California
San Diego,2021-01-01,1006,52401,452,38345,554,14056,0,0,1005,52398,0,1,1005,52399,California
San Diego,2021-01-02,3762,56163,1320,39665,2442,16498,0,0,3762,56160,0,1,3762,56161,California
San Diego,2021-01-03,859,57022,632,40297,227,16725,0,0,858,57018,0,1,858,57019,California
San Diego,2021-01-04,3703,60725,2052,42349,1651,18376,0,0,3696,60714,0,1,3696,60715,California
San Diego,2021-01-05,4309,65034,2121,44470,2188,20564,0,0,3692,63805,613,614,3704,64419,California
San Diego,2021-01-06,4946,69980,2299,46769,2647,23211,0,0,3710,66306,1213,1827,3714,68133,California
San Diego,2021-01-07,5609,75589,2982,49751,2627,25838,0,0,3451,67612,2151,3978,3457,71590,California
San Diego,2021-01-08,7866,83455,4958,54709,2908,28746,0,0,4080,67939,3769,7747,4096,75686,California
San Diego,2021-01-09,3501,86956,1940,56649,1561,30307,0,0,1951,68363,1538,9285,1962,77648,California
San Diego,2021-01-10,1882,88838,1293,57942,589,30896,0,0,779,68060,1091,10376,788,78436,California
San Diego,2021-01-11,10332,99170,5860,63802,4472,35368,0,0,6806,71363,3519,13895,6822,85258,California
San Diego,2021-01-12,11203,110373,5317,69119,5886,41254,0,0,7829,75940,3365,17260,7942,93200,California
San Diego,2021-01-13,11479,121852,5025,74144,6454,47708,0,0,8932,82361,2534,19794,8955,102155,California
San Diego,2021-01-14,12368,134220,4753,78897,7615,55323,0,0,10200,90436,2159,21953,10234,112389,California
San Diego,2021-01-15,15127,149347,5354,84251,9773,65096,0,0,12486,100352,2622,24575,12538,124927,California
San Diego,2021-01-16,10771,160118,3595,87846,7176,72272,0,0,9325,108267,1441,26016,9356,134283,California
San Diego,2021-01-17,8683,168801,2500,90346,6183,78455,0,0,7844,115291,839,26855,7863,142146,California
San Diego,2021-01-18,12501,181302,5941,96287,6560,85015,0,0,9671,122225,2791,29646,9725,151871,California
San Diego,2021-01-19,14756,196058,5826,102113,8930,93945,0,0,11624,130991,3118,32764,11884,163755,California
San Diego,2021-01-20,18329,214387,6387,108500,11942,105887,0,0,15008,142873,3300,36064,15182,178937,California
San Diego,2021-01-21,17407,231794,5898,114398,11509,117396,0,0,16014,157653,1382,37446,16162,195099,California
San Diego,2021-01-22,17675,249469,4753,119151,12922,130318,0,0,15619,171329,2042,39488,15718,210817,California
San Diego,2021-01-23,14479,263948,5270,124421,9209,139527,0,0,12117,181153,2349,41837,12173,222990,California
San Diego,2021-01-24,11917,275865,3360,127781,8557,148084,0,0,10941,191155,974,42811,10976,233966,California
San Diego,2021-01-25,12221,288086,5751,133532,6470,154554,0,0,9202,197500,3012,45823,9357,243323,California
San Diego,2021-01-26,14947,303033,7648,141180,7299,161853,0,0,11663,206070,3279,49102,11849,255172,California
San Diego,2021-01-27,20764,323797,8128,149308,12636,174489,0,0,17673,220808,3077,52179,17815,272987,California
San Diego,2021-01-28,21307,345104,7649,156957,13658,188147,0,0,19041,237672,2256,54435,19120,292107,California
San Diego,2021-01-29,19706,364810,6463,163420,13243,201390,0,0,17278,252578,2418,56853,17324,309431,California
San Diego,2021-01-30,15904,380714,3667,167087,12237,213627,0,0,13227,263234,2667,59520,13323,322754,California
San Diego,2021-01-31,14798,395512,5753,172840,9045,222672,0,0,14441,277348,353,59873,14467,337221,California
San Diego,2021-02-01,20524,416036,7233,180073,13291,235963,0,0,17335,291584,3175,63048,17411,354632,California
San Diego,2021-02-02,23201,439237,8689,188762,14512,250475,0,0,19667,307894,3524,66572,19834,374466,California
San Diego,2021-02-03,27454,466691,11561,200323,15893,266368,0,0,23269,327181,4167,70739,23454,397920,California
San Diego,2021-02-04,24386,491077,10032,210355,14354,280722,0,0,19676,342445,4693,75432,19957,417877,California
San Diego,2021-02-05,25024,516101,8987,219342,16037,296759,0,0,18334,354590,6667,82099,18812,436689,California
San Diego,2021-02-06,20794,536895,8569,227911,12225,308984,0,0,17528,369077,3260,85359,17747,454436,California
San Diego,2021-02-07,12132,549027,5375,233286,6757,315741,0,0,10262,377743,1850,87209,10516,464952,California
San Diego,2021-02-08,20107,569134,8520,241806,11587,327328,0,0,12681,383699,7409,94618,13365,478317,California
San Diego,2021-02-09,20408,589542,8247,250053,12161,339489,0,0,13206,390791,7182,101800,14274,492591,California
San Diego,2021-02-10,22996,612538,9360,259413,13636,353125,0,0,13879,396957,9072,110872,15238,507829,California
San Diego,2021-02-11,23800,636338,10141,269554,13659,366784,0,0,12745,400351,11027,121899,14421,522250,California
San Diego,2021-02-12,23845,660183,7461,277015,16384,383168,0,0,11915,402613,11912,133811,14174,536424,California
San Diego,2021-02-13,20022,680205,9015,286030,11007,394175,0,0,10896,405584,9119,142930,12090,548514,California
San Diego,2021-02-14,11190,691395,7433,293463,3757,397932,0,0,6335,408713,4851,147781,7980,556494,California
San Diego,2021-02-15,15194,706589,7685,301148,7509,405441,0,0,7843,412361,7331,155112,10979,567473,California
San Diego,2021-02-16,19285,725874,11254,312402,8031,413472,0,0,9235,414891,10039,165151,12569,580042,California
San Diego,2021-02-17,23399,749273,10984,323386,12415,425887,0,0,8141,411338,15246,180397,11693,591735,California
San Diego,2021-02-18,23580,772853,12022,335408,11558,437445,0,0,7795,407956,15775,196172,12393,604128,California
San Diego,2021-02-19,15914,788767,10921,346329,4993,442438,0,0,6633,407422,9262,205434,8728,612856,California
San Diego,2021-02-20,10261,799028,6362,352691,3899,446337,0,0,5814,411026,4444,209878,8048,620904,California
San Diego,2021-02-21,11529,810557,10116,362807,1413,447750,0,0,5196,412184,6305,216183,7463,628367,California
San Diego,2021-02-22,12444,823001,10583,373390,1861,449611,0,0,5798,413767,6639,222822,8222,636589,California
San Diego,2021-02-23,25899,848900,14523,387913,11376,460987,0,0,9661,414094,16232,239054,16559,653148,California
San Diego,2021-02-24,28954,877854,12761,400674,16193,477180,0,0,6868,407411,22066,261120,15383,668531,California
San Diego,2021-02-25,33194,911048,14716,415390,18478,495658,0,0,10169,403916,23007,284127,19512,688043,California
San Diego,2021-02-26,33470,944518,12401,427791,21069,516727,0,0,12153,401956,21290,305417,19330,707373,California
San Diego,2021-02-27,21247,965765,9677,437468,11570,528297,0,0,11457,408074,9786,315203,15904,723277,California
San Diego,2021-02-28,15246,981011,9947,447415,5299,533596,0,0,9500,415577,5745,320948,13248,736525,California
San Diego,2021-03-01,24173,1005184,14248,461663,9924,543520,1,1,14686,425599,9413,330361,19435,755960,California
San Diego,2021-03-02,26085,1031269,14000,475663,12085,555605,0,1,12723,432641,13354,343715,20396,776356,California
San Diego,2021-03-03,33958,1065227,15883,491546,18072,573677,3,4,14057,434651,19885,363600,21895,798251,California
San Diego,2021-03-04,28284,1093511,14071,505617,14213,587890,0,4,12647,439009,15618,379218,19976,818227,California
San Diego,2021-03-05,28921,1122432,14824,520441,14015,601905,82,86,13492,444258,15415,394633,20664,838891,California
San Diego,2021-03-06,23361,1145793,9525,529966,13135,615040,701,787,10295,447430,13053,407686,16225,855116,California
San Diego,2021-03-07,18204,1163997,9298,539264,8336,623376,570,1357,6911,448182,11287,418973,12039,867155,California
San Diego,2021-03-08,23040,1187037,11168,550432,10973,634349,899,2256,11433,453840,11595,430568,17253,884408,California
San Diego,2021-03-09,25860,1212897,11948,562380,12157,646506,1755,4011,10110,455540,15738,446306,17438,901846,California
San Diego,2021-03-10,25261,1238158,10735,573115,12134,658640,2392,6403,9881,457846,15368,461674,17674,919520,California
San Diego,2021-03-11,28672,1266830,10999,584114,14075,672715,3598,10001,10016,457966,18638,480312,18758,938278,California
San Diego,2021-03-12,27068,1293898,9452,593566,14482,687197,3134,13135,9961,457503,17093,497405,16630,954908,California
San Diego,2021-03-13,25975,1319873,7297,600863,17074,704271,1604,14739,10076,457475,15896,513301,15868,970776,California
San Diego,2021-03-14,13704,1333577,5359,606222,7609,711880,736,15475,4787,456512,8910,522211,7947,978723,California
San Diego,2021-03-15,22021,1355598,10163,616385,11079,722959,779,16254,9054,456521,12949,535160,12958,991681,California
San Diego,2021-03-16,29916,1385514,15699,632084,13802,736761,415,16669,15656,462073,14236,549396,19788,1011469,California
San Diego,2021-03-17,26254,1411768,12153,644237,13392,750153,709,17378,16726,472479,9516,558912,19922,1031391,California
San Diego,2021-03-18,31395,1443163,17697,661934,12788,762941,910,18288,16929,478481,14432,573344,20434,1051825,California
San Diego,2021-03-19,30190,1473353,14303,676237,14895,777836,992,19280,19304,489626,10870,584214,22015,1073840,California
San Diego,2021-03-20,27782,1501135,8370,684607,17621,795457,1791,21071,21362,507971,6411,590625,24756,1098596,California
San Diego,2021-03-21,16488,1517623,12012,696619,3759,799216,717,21788,7681,510275,8795,599420,11099,1109695,California
San Diego,2021-03-22,22464,1540087,13101,709720,9116,808332,247,22035,14299,519971,8153,607573,17849,1127544,California
San Diego,2021-03-23,25951,1566038,13613,723333,12075,820407,263,22298,17139,530852,8798,616371,19679,1147223,California
San Diego,2021-03-24,29490,1595528,19707,743040,9420,829827,363,22661,17094,539145,12388,628759,20681,1167904,California
San Diego,2021-03-25,30245,1625773,18213,761253,11375,841202,657,23318,17941,547603,12287,641046,20745,1188649,California
San Diego,2021-03-26,32053,1657826,17868,779121,13628,854830,557,23875,17526,554162,14498,655544,21057,1209706,California
San Diego,2021-03-27,25445,1683271,10993,790114,14059,868889,393,24268,15724,562843,9705,665249,18386,1228092,California
San Diego,2021-03-28,15031,1698302,9189,799303,5786,874675,56,24324,9281,567911,5745,670994,10813,1238905,California
San Diego,2021-03-29,26640,1724942,12871,812174,13173,887848,596,24920,16458,577222,10173,681167,19484,1258389,California
San Diego,2021-03-30,33207,1758149,17895,830069,14542,902390,770,25690,22055,590759,11140,692307,24677,1283066,California
San Diego,2021-03-31,30353,1788502,18733,848802,10966,913356,654,26344,20606,603421,9730,702037,22392,1305458,California
San Diego,2021-04-01,34225,1822727,20033,868835,12804,926160,1388,27732,23257,618463,10941,712978,25983,1331441,California
San Diego,2021-04-02,35554,1858281,20612,889447,12322,938482,2620,30352,24112,635178,11424,724402,28139,1359580,California
San Diego,2021-04-03,30767,1889048,14419,903866,11788,950270,4560,34912,19700,649822,11056,735458,25700,1385280,California
San Diego,2021-04-04,8906,1897954,5076,908942,2931,953201,899,35811,4710,651497,4191,739649,5866,1391146,California
San Diego,2021-04-05,29655,1927609,15385,924327,11723,964924,2547,38358,19439,666022,10202,749851,24727,1415873,California
San Diego,2021-04-06,38583,1966192,20369,944696,12445,977369,5769,44127,22412,680727,16154,766005,30859,1446732,California
San Diego,2021-04-07,35618,2001810,21913,966609,9264,986633,4441,48568,20435,692845,15157,781162,27275,1474007,California
San Diego,2021-04-08,35013,2036823,21284,987893,9685,996318,4044,52612,21299,707120,13694,794856,27969,1501976,California
San Diego,2021-04-09,38155,2074978,22795,1010688,10275,1006593,5085,57697,20845,719508,17245,812101,29633,1531609,California
San Diego,2021-04-10,28951,2103929,11778,1022466,13228,1019821,3945,61642,15057,727829,13882,825983,22203,1553812,California
San Diego,2021-04-11,16182,2120111,10064,1032530,3852,1023673,2266,63908,7296,732151,8883,834866,13205,1567017,California
San Diego,2021-04-12,30602,2150713,12876,1045406,13454,1037127,4272,68180,17129,743747,13458,848324,25054,1592071,California
San Diego,2021-04-13,37112,2187825,17737,1063143,19340,1056467,35,68215,24753,759901,12341,860665,28495,1620566,California
San Diego,2021-04-14,32790,2220615,18793,1081936,13986,1070453,11,68226,17757,768652,15019,875684,23770,1644336,California
San Diego,2021-04-15,38971,2259586,20227,1102163,18742,1089195,2,68228,23659,781639,15287,890971,28274,1672610,California
San Diego,2021-04-16,33264,2292850,18494,1120657,14769,1103964,1,68229,19262,789848,13932,904903,22141,1694751,California
San Diego,2021-04-17,27628,2320478,13486,1134143,14142,1118106,0,68229,12264,790655,15267,920170,16074,1710825,California
San Diego,2021-04-18,14232,2334710,8885,1143028,5344,1123450,3,68232,6668,793367,7552,927722,10264,1721089,California
San Diego,2021-04-19,26312,2361022,13442,1156470,12869,1136319,1,68233,12493,795031,13802,941524,15466,1736555,California
San Diego,2021-04-20,38660,2399682,17482,1173952,21178,1157497,0,68233,19838,801589,18803,960327,25361,1761916,California
San Diego,2021-04-21,34826,2434508,20828,1194780,13998,1171495,0,68233,16898,806481,17898,978225,22790,1784706,California
San Diego,2021-04-22,44293,2478801,22755,1217535,21532,1193027,6,68239,22191,813701,22063,1000288,29283,1813989,California
San Diego,2021-04-23,41974,2520775,25963,1243498,16009,1209036,2,68241,15608,813488,26340,1026628,26127,1840116,California
San Diego,2021-04-24,34239,2555014,18726,1262224,15498,1224534,15,68256,15411,817440,18799,1045427,22751,1862867,California
San Diego,2021-04-25,12435,2567449,7660,1269884,4775,1229309,0,68256,5854,819048,6573,1052000,8181,1871048,California
San Diego,2021-04-26,29868,2597317,14558,1284442,15187,1244496,123,68379,10057,817900,19802,1071802,18654,1889702,California
San Diego,2021-04-27,41333,2638650,22471,1306913,18462,1262958,400,68779,18145,822081,23163,1094965,27344,1917046,California
San Diego,2021-04-28,37160,2675810,21705,1328618,14817,1277775,638,69417,16687,826653,20451,1115416,25023,1942069,California
San Diego,2021-04-29,36232,2712042,22624,1351242,13004,1290779,604,70021,14081,827868,22127,1137543,23342,1965411,California
San Diego,2021-04-30,28620,2740662,17480,1368722,10631,1301410,509,70530,10424,827728,18178,1155721,18038,1983449,California
San Diego,2021-05-01,17274,2757936,6690,1375412,10222,1311632,362,70892,6368,828154,10901,1166622,11327,1994776,California
San Diego,2021-05-02,5219,2763155,4248,1379660,714,1312346,257,71149,1475,827125,3742,1170364,2713,1997489,California
San Diego,2021-05-03,13157,2776312,5917,1385577,6742,1319088,498,71647,4299,826008,8851,1179215,7734,2005223,California
San Francisco,2020-12-15,7,7,7,7,0,0,0,0,7,7,0,0,7,7,California
San Francisco,2020-12-16,229,236,229,236,0,0,0,0,229,236,0,0,229,236,California
San Francisco,2020-12-17,394,630,394,630,0,0,0,0,394,630,0,0,394,630,California
San Francisco,2020-12-18,877,1507,876,1506,1,1,0,0,877,1507,0,0,877,1507,California
San Francisco,2020-12-19,601,2108,601,2107,0,1,0,0,601,2108,0,0,601,2108,California
San Francisco,2020-12-20,484,2592,484,2591,0,1,0,0,484,2592,0,0,484,2592,California
San Francisco,2020-12-21,1161,3753,1161,3752,0,1,0,0,1161,3753,0,0,1161,3753,California
San Francisco,2020-12-22,1401,5154,1367,5119,34,35,0,0,1401,5154,0,0,1401,5154,California
San Francisco,2020-12-23,1336,6490,1046,6165,290,325,0,0,1336,6490,0,0,1336,6490,California
San Francisco,2020-12-24,841,7331,503,6668,338,663,0,0,841,7331,0,0,841,7331,California
San Francisco,2020-12-25,34,7365,29,6697,5,668,0,0,34,7365,0,0,34,7365,California
San Francisco,2020-12-26,245,7610,151,6848,94,762,0,0,245,7610,0,0,245,7610,California
San Francisco,2020-12-27,273,7883,60,6908,213,975,0,0,273,7883,0,0,273,7883,California
San Francisco,2020-12-28,1270,9153,686,7594,584,1559,0,0,1270,9153,0,0,1270,9153,California
San Francisco,2020-12-29,1242,10395,621,8215,621,2180,0,0,1242,10395,0,0,1242,10395,California
San Francisco,2020-12-30,1486,11881,779,8994,707,2887,0,0,1486,11881,0,0,1486,11881,California
San Francisco,2020-12-31,964,12845,411,9405,553,3440,0,0,963,12844,0,0,963,12844,California
San Francisco,2021-01-01,82,12927,68,9473,14,3454,0,0,82,12926,0,0,82,12926,California
San Francisco,2021-01-02,334,13261,302,9775,32,3486,0,0,334,13260,0,0,334,13260,California
San Francisco,2021-01-03,293,13554,101,9876,192,3678,0,0,292,13551,1,1,292,13552,California
San Francisco,2021-01-04,1840,15394,1358,11234,482,4160,0,0,1837,15385,3,4,1837,15389,California
San Francisco,2021-01-05,2234,17628,1416,12650,818,4978,0,0,2199,17551,35,39,2201,17590,California
San Francisco,2021-01-06,1870,19498,1161,13811,709,5687,0,0,1605,18894,263,302,1606,19196,California
San Francisco,2021-01-07,2061,21559,1203,15014,858,6545,0,0,1604,20044,454,756,1604,20800,California
San Francisco,2021-01-08,2331,23890,1631,16645,700,7245,0,0,1494,20706,832,1588,1494,22294,California
San Francisco,2021-01-09,1388,25278,893,17538,495,7740,0,0,884,21088,504,2092,886,23180,California
San Francisco,2021-01-10,919,26197,541,18079,378,8118,0,0,460,21090,458,2550,460,23640,California
San Francisco,2021-01-11,2502,28699,1870,19949,632,8750,0,0,1402,21391,1101,3651,1402,25042,California
San Francisco,2021-01-12,3087,31786,2058,22007,1029,9779,0,0,1894,22094,1193,4844,1896,26938,California
San Francisco,2021-01-13,2822,34608,1601,23608,1221,11000,0,0,1991,23254,831,5675,1991,28929,California
San Francisco,2021-01-14,2438,37046,1097,24705,1341,12341,0,0,1879,24574,559,6234,1879,30808,California
San Francisco,2021-01-15,2739,39785,1146,25851,1593,13934,0,0,2347,26533,390,6624,2349,33157,California
San Francisco,2021-01-16,2251,42036,964,26815,1287,15221,0,0,2085,28453,166,6790,2086,35243,California
San Francisco,2021-01-17,1919,43955,533,27348,1386,16607,0,0,1704,29942,215,7005,1704,36947,California
San Francisco,2021-01-18,1374,45329,589,27937,785,17392,0,0,1111,30793,262,7267,1113,38060,California
San Francisco,2021-01-19,2573,47902,1473,29410,1100,18492,0,0,1827,31874,746,8013,1827,39887,California
San Francisco,2021-01-20,2708,50610,1086,30496,1622,20114,0,0,1959,33088,746,8759,1960,41847,California
San Francisco,2021-01-21,3291,53901,928,31424,2363,22477,0,0,2472,34743,817,9576,2472,44319,California
San Francisco,2021-01-22,3178,57079,636,32060,2542,25019,0,0,2736,37039,440,10016,2736,47055,California
San Francisco,2021-01-23,3088,60167,608,32668,2480,27499,0,0,2722,39397,365,10381,2723,49778,California
San Francisco,2021-01-24,2422,62589,361,33029,2061,29560,0,0,2194,41366,225,10606,2194,51972,California
San Francisco,2021-01-25,4584,67173,1782,34811,2802,32362,0,0,3034,42853,1548,12154,3035,55007,California
San Francisco,2021-01-26,4666,71839,2136,36947,2530,34892,0,0,3075,44342,1588,13742,3077,58084,California
San Francisco,2021-01-27,4424,76263,2072,39019,2352,37244,0,0,3074,46070,1346,15088,3074,61158,California
San Francisco,2021-01-28,3751,80014,1552,40571,2199,39443,0,0,2590,47504,1156,16244,2590,63748,California
San Francisco,2021-01-29,4718,84732,1678,42249,3040,42483,0,0,3451,49695,1260,17504,3451,67199,California
San Francisco,2021-01-30,3770,88502,1838,44087,1932,44415,0,0,3322,52574,447,17951,3326,70525,California
San Francisco,2021-01-31,2351,90853,823,44910,1528,45943,0,0,2199,54623,151,18102,2200,72725,California
San Francisco,2021-02-01,3787,94640,1524,46434,2263,48206,0,0,2885,56607,902,19004,2886,75611,California
San Francisco,2021-02-02,4644,99284,1964,48398,2680,50886,0,0,2882,57733,1756,20760,2882,78493,California
San Francisco,2021-02-03,5052,104336,2367,50765,2685,53571,0,0,3749,60182,1301,22061,3750,82243,California
San Francisco,2021-02-04,5020,109356,2432,53197,2588,56159,0,0,3857,62878,1161,23222,3857,86100,California
San Francisco,2021-02-05,5936,115292,3194,56391,2742,58901,0,0,4594,66134,1339,24561,4595,90695,California
San Francisco,2021-02-06,5469,120761,3649,60040,1820,60721,0,0,4568,69806,898,25459,4570,95265,California
San Francisco,2021-02-07,4325,125086,3174,63214,1151,61872,0,0,3748,72981,576,26035,3751,99016,California
San Francisco,2021-02-08,6694,131780,4610,67824,2084,63956,0,0,5483,77272,1194,27229,5485,104501,California
San Francisco,2021-02-09,5921,137701,3986,71810,1935,65891,0,0,4368,80092,1549,28778,4369,108870,California
San Francisco,2021-02-10,6859,144560,4176,75986,2683,68574,0,0,5092,83428,1759,30537,5095,113965,California
San Francisco,2021-02-11,6700,151260,3973,79959,2727,71301,0,0,4891,86514,1806,32343,4892,118857,California
San Francisco,2021-02-12,5312,156572,2665,82624,2647,73948,0,0,3482,88167,1829,34172,3482,122339,California
San Francisco,2021-02-13,4359,160931,2547,85171,1812,75760,0,0,3036,89882,1323,35495,3038,125377,California
San Francisco,2021-02-14,3414,164345,2242,87413,1172,76932,0,0,2291,91052,1122,36617,2292,127669,California
San Francisco,2021-02-15,2771,167116,1505,88918,1266,78198,0,0,1677,91637,1092,37709,1677,129346,California
San Francisco,2021-02-16,4989,172105,2727,91645,2262,80460,0,0,2954,92569,2028,39737,2960,132306,California
San Francisco,2021-02-17,5398,177503,2680,94325,2718,83178,0,0,2959,93100,2429,42166,2960,135266,California
San Francisco,2021-02-18,5371,182874,2628,96953,2743,85921,0,0,2806,93344,2565,44731,2809,138075,California
San Francisco,2021-02-19,5634,188508,2645,99598,2989,88910,0,0,2931,93580,2697,47428,2933,141008,California
San Francisco,2021-02-20,4520,193028,2180,101778,2340,91250,0,0,1703,92475,2809,50237,1704,142712,California
San Francisco,2021-02-21,2738,195766,1370,103148,1368,92618,0,0,1142,92028,1590,51827,1143,143855,California
San Francisco,2021-02-22,5096,200862,3173,106321,1923,94541,0,0,2563,92067,2526,54353,2565,146420,California
San Francisco,2021-02-23,5451,206313,3082,109403,2369,96910,0,0,2759,92140,2686,57039,2759,149179,California
San Francisco,2021-02-24,8970,215283,5078,114481,3892,100802,0,0,4782,92745,4178,61217,4783,153962,California
San Francisco,2021-02-25,9758,225041,6860,121341,2898,103700,0,0,6304,95600,3451,64668,6306,160268,California
San Francisco,2021-02-26,11915,236956,7731,129072,4184,107884,0,0,7062,97808,4855,69523,7063,167331,California
San Francisco,2021-02-27,8901,245857,5664,134736,3236,111120,1,1,4507,97937,4380,73903,4509,171840,California
San Francisco,2021-02-28,7709,253566,5533,140269,2176,113296,0,1,3828,97887,3879,77782,3829,175669,California
San Francisco,2021-03-01,10689,264255,7178,147447,3509,116805,2,3,5173,97569,5496,83278,5178,180847,California
San Francisco,2021-03-02,8862,273117,5658,153105,3204,120009,0,3,5138,98992,3716,86994,5139,185986,California
San Francisco,2021-03-03,11012,284129,6327,159432,4684,124693,1,4,6018,100031,4983,91977,6022,192008,California
San Francisco,2021-03-04,8636,292765,5430,164862,3206,127899,0,4,4864,101129,3766,95743,4864,196872,California
San Francisco,2021-03-05,8674,301439,5139,170001,3532,131431,3,7,5444,103363,3214,98957,5448,202320,California
San Francisco,2021-03-06,6864,308303,4419,174420,2237,133668,208,215,4214,105120,2662,101619,4419,206739,California
San Francisco,2021-03-07,5127,313430,3976,178396,1094,134762,57,272,2883,105802,2258,103877,2940,209679,California
San Francisco,2021-03-08,7138,320568,5166,183562,1786,136548,186,458,5585,109989,1584,105461,5771,215450,California
San Francisco,2021-03-09,6713,327281,3937,187499,2402,138950,374,832,4584,112806,2136,107597,4953,220403,California
San Francisco,2021-03-10,10391,337672,5877,193376,4014,142964,500,1332,6348,115633,4023,111620,6850,227253,California
San Francisco,2021-03-11,10031,347703,6346,199722,2726,145690,959,2291,6587,119744,3428,115048,7539,234792,California
San Francisco,2021-03-12,10718,358421,6247,205969,3159,148849,1312,3603,5957,122271,4739,119787,7266,242058,California
San Francisco,2021-03-13,6575,364996,3829,209798,1690,150539,1056,4659,4068,124894,2499,122286,5122,247180,California
San Francisco,2021-03-14,7481,372477,4840,214638,2404,152943,237,4896,4038,125738,3431,125717,4275,251455,California
San Francisco,2021-03-15,11908,384385,9084,223722,1889,154832,935,5831,8247,131263,3649,129366,9174,260629,California
San Francisco,2021-03-16,12040,396425,8174,231896,3409,158241,457,6288,8759,137214,3264,132630,9215,269844,California
San Francisco,2021-03-17,13156,409581,8119,240015,4493,162734,544,6832,9504,143634,3624,136254,10044,279888,California
San Francisco,2021-03-18,9947,419528,6731,246746,2594,165328,622,7454,5660,145650,4262,140516,6278,286166,California
San Francisco,2021-03-19,12013,431541,8698,255444,2852,168180,463,7917,6394,146908,5595,146111,6853,293019,California
San Francisco,2021-03-20,8717,440258,6382,261826,1876,170056,459,8376,5201,149083,3487,149598,5662,298681,California
San Francisco,2021-03-21,6445,446703,5897,267723,414,170470,134,8510,3682,150149,2750,152348,3816,302497,California
San Francisco,2021-03-22,9731,456434,6826,274549,2061,172531,844,9354,5129,151536,4581,156929,5968,308465,California
San Francisco,2021-03-23,11136,467570,7359,281908,3130,175661,647,10001,6702,154479,4403,161332,7346,315811,California
San Francisco,2021-03-24,12274,479844,9385,291293,2354,178015,535,10536,6338,155452,5897,167229,6870,322681,California
San Francisco,2021-03-25,11793,491637,8633,299926,2598,180613,562,11098,5900,156085,5825,173054,6458,329139,California
San Francisco,2021-03-26,11840,503477,8190,308116,3420,184033,230,11328,6103,156708,5707,178761,6330,335469,California
San Francisco,2021-03-27,8622,512099,5749,313865,2528,186561,345,11673,3913,156273,4692,183453,4257,339726,California
San Francisco,2021-03-28,6572,518671,5237,319102,1293,187854,42,11715,3164,156091,3385,186838,3203,342929,California
San Francisco,2021-03-29,11366,530037,7869,326971,3314,191168,183,11898,5121,155173,6221,193059,5303,348232,California
San Francisco,2021-03-30,11476,541513,7164,334135,4022,195190,290,12188,6857,157725,4594,197653,7146,355378,California
San Francisco,2021-03-31,12090,553603,8025,342160,3769,198959,296,12484,5551,157060,6506,204159,5841,361219,California
San Francisco,2021-04-01,13721,567324,7283,349443,4800,203759,1638,14122,5978,156959,7713,211872,7612,368831,California
San Francisco,2021-04-02,14622,581946,6443,355886,6370,210129,1809,15931,6906,157973,7697,219569,8711,377542,California
San Francisco,2021-04-03,10384,592330,4780,360666,3818,213947,1786,17717,4821,159026,5551,225120,6604,384146,California
San Francisco,2021-04-04,8985,601315,4751,365417,2583,216530,1651,19368,3612,158929,5360,230480,5263,389409,California
San Francisco,2021-04-05,15903,617218,9744,375161,4284,220814,1875,21243,6366,157653,9513,239993,8237,397646,California
San Francisco,2021-04-06,15944,633162,9439,384600,4449,225263,2056,23299,6271,156323,9652,249645,8322,405968,California
San Francisco,2021-04-07,16742,649904,9962,394562,4557,229820,2223,25522,7053,155917,9669,259314,9263,415231,California
San Francisco,2021-04-08,14080,663984,6697,401259,2996,232816,4387,29909,4632,155495,9421,268735,8999,424230,California
San Francisco,2021-04-09,15691,679675,7591,408850,4773,237589,3327,33236,6689,156522,8973,277708,10000,434230,California
San Francisco,2021-04-10,13134,692809,5667,414517,5845,243434,1622,34858,7141,159306,5970,283678,8754,442984,California
San Francisco,2021-04-11,9964,702773,7457,421974,1337,244771,1170,36028,5198,160917,4754,288432,6365,449349,California
San Francisco,2021-04-12,10555,713328,6870,428844,2559,247330,1126,37154,4879,161264,5655,294087,6002,455351,California
San Francisco,2021-04-13,10675,724003,7260,436104,3403,250733,12,37166,5416,161457,5238,299325,5431,460782,California
San Francisco,2021-04-14,13251,737254,7993,444097,5257,255990,1,37167,6435,161108,6785,306110,6436,467218,California
San Francisco,2021-04-15,13561,750815,9399,453496,4161,260151,1,37168,8005,163591,5527,311637,8010,475228,California
San Francisco,2021-04-16,12876,763691,8677,462173,4155,264306,44,37212,7651,166090,5200,316837,7699,482927,California
San Francisco,2021-04-17,9989,773680,7274,469447,2714,267020,1,37213,7073,170268,2899,319736,7077,490004,California
San Francisco,2021-04-18,6570,780250,5023,474470,1546,268566,1,37214,4080,171879,2472,322208,4083,494087,California
San Francisco,2021-04-19,10799,791049,8103,482573,2691,271257,5,37219,6955,175020,3829,326037,6970,501057,California
San Francisco,2021-04-20,12250,803299,7152,489725,5097,276354,1,37220,8474,179741,3756,329793,8477,509534,California
San Francisco,2021-04-21,10481,813780,7487,497212,2990,279344,4,37224,6384,182062,4071,333864,6392,515926,California
San Francisco,2021-04-22,10342,824122,7676,504888,2665,282009,1,37225,5982,183714,4337,338201,5989,521915,California
San Francisco,2021-04-23,10164,834286,5809,510697,4355,286364,0,37225,6034,185653,4101,342302,6040,527955,California
San Francisco,2021-04-24,7889,842175,5442,516139,2447,288811,0,37225,4673,187136,3197,345499,4680,532635,California
San Francisco,2021-04-25,5033,847208,4340,520479,687,289498,6,37231,2957,188039,2063,347562,2966,535601,California
San Francisco,2021-04-26,7425,854633,5217,525696,2197,291695,11,37242,3649,187956,3754,351316,3671,539272,California
San Francisco,2021-04-27,7763,862396,5182,530878,2455,294150,126,37368,3820,187991,3920,355236,3955,543227,California
San Francisco,2021-04-28,8655,871051,6042,536920,2427,296577,186,37554,4364,188281,4267,359503,4557,547784,California
San Francisco,2021-04-29,7620,878671,4443,541363,2978,299555,199,37753,3598,188088,3997,363500,3804,551588,California
San Francisco,2021-04-30,8224,886895,3488,544851,4691,304246,45,37798,2689,185318,5508,369008,2738,554326,California
San Francisco,2021-05-01,5055,891950,2157,547008,2884,307130,14,37812,997,182290,4041,373049,1013,555339,California
San Francisco,2021-05-02,3849,895799,2007,549015,1839,308969,3,37815,508,179469,3335,376384,514,555853,California
San Francisco,2021-05-03,6885,902684,4188,553203,2676,311645,21,37836,1800,176230,5067,381451,1828,557681,California
San Joaquin,2020-12-15,12,12,12,12,0,0,0,0,12,12,0,0,12,12,California
San Joaquin,2020-12-16,306,318,306,318,0,0,0,0,306,318,0,0,306,318,California
San Joaquin,2020-12-17,311,629,311,629,0,0,0,0,311,629,0,0,311,629,California
San Joaquin,2020-12-18,522,1151,518,1147,4,4,0,0,522,1151,0,0,522,1151,California
San Joaquin,2020-12-19,188,1339,188,1335,0,4,0,0,188,1339,0,0,188,1339,California
San Joaquin,2020-12-20,113,1452,112,1447,1,5,0,0,113,1452,0,0,113,1452,California
San Joaquin,2020-12-21,489,1941,489,1936,0,5,0,0,489,1941,0,0,489,1941,California
San Joaquin,2020-12-22,966,2907,846,2782,120,125,0,0,965,2906,0,0,965,2906,California
San Joaquin,2020-12-23,973,3880,914,3696,59,184,0,0,971,3877,0,0,971,3877,California
San Joaquin,2020-12-24,214,4094,186,3882,28,212,0,0,213,4090,0,0,213,4090,California
San Joaquin,2020-12-25,14,4108,14,3896,0,212,0,0,14,4104,0,0,14,4104,California
San Joaquin,2020-12-26,101,4209,29,3925,72,284,0,0,101,4205,0,0,101,4205,California
San Joaquin,2020-12-27,41,4250,28,3953,13,297,0,0,41,4246,0,0,41,4246,California
San Joaquin,2020-12-28,621,4871,420,4373,201,498,0,0,621,4867,0,0,621,4867,California
San Joaquin,2020-12-29,796,5667,671,5044,125,623,0,0,796,5663,0,0,796,5663,California
San Joaquin,2020-12-30,1006,6673,714,5758,292,915,0,0,1004,6667,0,0,1004,6667,California
San Joaquin,2020-12-31,453,7126,202,5960,251,1166,0,0,453,7120,0,0,453,7120,California
San Joaquin,2021-01-01,18,7144,11,5971,7,1173,0,0,18,7138,0,0,18,7138,California
San Joaquin,2021-01-02,261,7405,239,6210,22,1195,0,0,261,7399,0,0,261,7399,California
San Joaquin,2021-01-03,37,7442,19,6229,18,1213,0,0,36,7434,1,1,36,7435,California
San Joaquin,2021-01-04,473,7915,337,6566,136,1349,0,0,471,7904,1,2,471,7906,California
San Joaquin,2021-01-05,976,8891,644,7210,332,1681,0,0,808,8580,168,170,844,8750,California
San Joaquin,2021-01-06,1217,10108,704,7914,513,2194,0,0,915,9200,298,468,918,9668,California
San Joaquin,2021-01-07,1065,11173,671,8585,394,2588,0,0,778,9695,284,752,779,10447,California
San Joaquin,2021-01-08,1191,12364,819,9404,372,2960,0,0,708,9925,482,1234,712,11159,California
San Joaquin,2021-01-09,376,12740,300,9704,76,3036,0,0,247,10043,129,1363,247,11406,California
San Joaquin,2021-01-10,222,12962,114,9818,108,3144,0,0,170,10161,52,1415,170,11576,California
San Joaquin,2021-01-11,1519,14481,1315,11133,204,3348,0,0,858,10426,660,2075,925,12501,California
San Joaquin,2021-01-12,1422,15903,1018,12151,404,3752,0,0,654,10386,764,2839,724,13225,California
San Joaquin,2021-01-13,1522,17425,891,13042,631,4383,0,0,951,10772,570,3409,956,14181,California
San Joaquin,2021-01-14,1648,19073,876,13918,772,5155,0,0,1310,11779,318,3727,1325,15506,California
San Joaquin,2021-01-15,1594,20667,618,14536,976,6131,0,0,1380,12968,200,3927,1389,16895,California
San Joaquin,2021-01-16,1140,21807,192,14728,948,7079,0,0,1113,14055,26,3953,1113,18008,California
San Joaquin,2021-01-17,1613,23420,130,14858,1483,8562,0,0,1575,15594,38,3991,1577,19585,California
San Joaquin,2021-01-18,736,24156,237,15095,499,9061,0,0,616,16094,116,4107,616,20201,California
San Joaquin,2021-01-19,1853,26009,886,15981,967,10028,0,0,1174,16599,675,4782,1180,21381,California
San Joaquin,2021-01-20,2072,28081,1276,17257,796,10824,0,0,1426,17390,641,5423,1432,22813,California
San Joaquin,2021-01-21,1958,30039,887,18144,1071,11895,0,0,1564,18572,387,5810,1569,24382,California
San Joaquin,2021-01-22,1956,31995,913,19057,1043,12938,0,0,1813,20250,138,5948,1816,26198,California
San Joaquin,2021-01-23,891,32886,402,19459,489,13427,0,0,608,20579,282,6230,611,26809,California
San Joaquin,2021-01-24,343,33229,133,19592,210,13637,0,0,322,20882,19,6249,322,27131,California
San Joaquin,2021-01-25,1976,35205,1133,20725,843,14480,0,0,1417,21747,556,6805,1421,28552,California
San Joaquin,2021-01-26,2142,37347,1113,21838,1029,15509,0,0,1536,22683,604,7409,1540,30092,California
San Joaquin,2021-01-27,1721,39068,765,22603,956,16465,0,0,1231,23434,486,7895,1237,31329,California
San Joaquin,2021-01-28,2018,41086,758,23361,1260,17725,0,0,1377,24176,638,8533,1380,32709,California
San Joaquin,2021-01-29,2133,43219,1039,24400,1094,18819,0,0,1788,25632,339,8872,1795,34504,California
San Joaquin,2021-01-30,2156,45375,349,24749,1807,20626,0,0,1981,27442,173,9045,1983,36487,California
San Joaquin,2021-01-31,1553,46928,176,24925,1377,22003,0,0,1493,28880,56,9101,1494,37981,California
San Joaquin,2021-02-01,2480,49408,1309,26234,1171,23174,0,0,1752,29908,727,9828,1755,39736,California
San Joaquin,2021-02-02,2585,51993,1168,27402,1417,24591,0,0,1970,31326,556,10384,1974,41710,California
San Joaquin,2021-02-03,3053,55046,1208,28610,1845,26436,0,0,2190,32664,857,11241,2195,43905,California
San Joaquin,2021-02-04,3428,58474,1709,30319,1719,28155,0,0,2625,34495,797,12038,2628,46533,California
San Joaquin,2021-02-05,3207,61681,1854,32173,1353,29508,0,0,2354,36005,847,12885,2357,48890,California
San Joaquin,2021-02-06,1120,62801,785,32958,335,29843,0,0,945,36779,173,13058,947,49837,California
San Joaquin,2021-02-07,611,63412,484,33442,127,29970,0,0,410,36996,194,13252,411,50248,California
San Joaquin,2021-02-08,1771,65183,1031,34473,740,30710,0,0,1440,38130,310,13562,1444,51692,California
San Joaquin,2021-02-09,2090,67273,1133,35606,957,31667,0,0,1561,39233,459,14021,1562,53254,California
San Joaquin,2021-02-10,2553,69826,1250,36856,1303,32970,0,0,1336,39381,1188,15209,1336,54590,California
San Joaquin,2021-02-11,2923,72749,1501,38357,1422,34392,0,0,1715,39922,1179,16388,1720,56310,California
San Joaquin,2021-02-12,2795,75544,1120,39477,1675,36067,0,0,1581,40307,1201,17589,1586,57896,California
San Joaquin,2021-02-13,2110,77654,397,39874,1713,37780,0,0,848,39910,1251,18840,854,58750,California
San Joaquin,2021-02-14,1899,79553,261,40135,1638,39418,0,0,688,39413,1186,20026,689,59439,California
San Joaquin,2021-02-15,1975,81528,833,40968,1142,40560,0,0,1195,39860,752,20778,1199,60638,California
San Joaquin,2021-02-16,3141,84669,1368,42336,1773,42333,0,0,1741,40220,1388,22166,1748,62386,California
San Joaquin,2021-02-17,3260,87929,1262,43598,1998,44331,0,0,1857,40690,1391,23557,1861,64247,California
San Joaquin,2021-02-18,3317,91246,1363,44961,1954,46285,0,0,1896,41198,1395,24952,1903,66150,California
San Joaquin,2021-02-19,4154,95400,2314,47275,1840,48125,0,0,2368,41815,1752,26704,2369,68519,California
San Joaquin,2021-02-20,1535,96935,650,47925,885,49010,0,0,1059,42399,475,27179,1059,69578,California
San Joaquin,2021-02-21,633,97568,478,48403,155,49165,0,0,401,42572,229,27408,402,69980,California
San Joaquin,2021-02-22,3504,101072,2471,50874,1033,50198,0,0,2516,44135,958,28366,2521,72501,California
San Joaquin,2021-02-23,4258,105330,2582,53456,1676,51874,0,0,2624,45153,1610,29976,2628,75129,California
San Joaquin,2021-02-24,5670,111000,3374,56830,2296,54170,0,0,4086,47680,1563,31539,4090,79219,California
San Joaquin,2021-02-25,6280,117280,3881,60711,2399,56569,0,0,4058,49555,2193,33732,4068,83287,California
San Joaquin,2021-02-26,5429,122709,2834,63545,2595,59164,0,0,3733,51626,1670,35402,3741,87028,California
San Joaquin,2021-02-27,5412,128121,1608,65153,3804,62968,0,0,2595,51463,2772,38174,2609,89637,California
San Joaquin,2021-02-28,3036,131157,1086,66239,1950,64918,0,0,1996,52437,1024,39198,1998,91635,California
San Joaquin,2021-03-01,4049,135206,1780,68019,2269,67187,0,0,2288,52990,1745,40943,2298,93933,California
San Joaquin,2021-03-02,4148,139354,1652,69671,2496,69683,0,0,2601,54119,1529,42472,2658,96591,California
San Joaquin,2021-03-03,5729,145083,3398,73069,2329,72012,2,2,4141,56696,1566,44038,4143,100734,California
San Joaquin,2021-03-04,5651,150734,2241,75310,3407,75419,3,5,3696,58455,1945,45983,3704,104438,California
San Joaquin,2021-03-05,4396,155130,1861,77171,2532,77951,3,8,3033,60145,1350,47333,3040,107478,California
San Joaquin,2021-03-06,3280,158410,2161,79332,989,78940,130,138,2699,62399,578,47911,2832,110310,California
San Joaquin,2021-03-07,1202,159612,551,79883,605,79545,46,184,920,63086,264,48175,951,111261,California
San Joaquin,2021-03-08,3109,162721,1245,81128,1740,81285,124,308,2108,64326,991,49166,2231,113492,California
San Joaquin,2021-03-09,3950,166671,1775,82903,2049,83334,126,434,2614,65748,1321,50487,2743,116235,California
San Joaquin,2021-03-10,4617,171288,2451,85354,2028,85362,138,572,3401,68084,1203,51690,3539,119774,California
San Joaquin,2021-03-11,4905,176193,2324,87678,1984,87346,597,1169,2915,69621,1980,53670,3517,123291,California
San Joaquin,2021-03-12,6236,182429,3111,90789,2793,90139,332,1501,4147,72036,2070,55740,4485,127776,California
San Joaquin,2021-03-13,3045,185474,1441,92230,1478,91617,126,1627,2287,73704,751,56491,2419,130195,California
San Joaquin,2021-03-14,2148,187622,666,92896,1180,92797,302,1929,1036,73938,1108,57599,1342,131537,California
San Joaquin,2021-03-15,6037,193659,3475,96371,2159,94956,403,2332,3172,74684,2841,60440,3587,135124,California
San Joaquin,2021-03-16,6786,200445,3853,100224,2677,97633,256,2588,4007,76187,2768,63208,4271,139395,California
San Joaquin,2021-03-17,7726,208171,4632,104856,3024,100657,70,2658,4303,77178,3391,66599,4382,143777,California
San Joaquin,2021-03-18,7595,215766,4459,109315,2630,103287,506,3164,3759,77650,3800,70399,4272,148049,California
San Joaquin,2021-03-19,7884,223650,4621,113936,2721,106008,542,3706,4781,79935,3084,73483,5369,153418,California
San Joaquin,2021-03-20,3656,227306,2114,116050,1299,107307,243,3949,1831,80209,1812,75295,2086,155504,California
San Joaquin,2021-03-21,2094,229400,1488,117538,400,107707,206,4155,1190,80750,898,76193,1439,156943,California
San Joaquin,2021-03-22,3937,233337,2011,119549,1510,109217,416,4571,2339,81923,1587,77780,2760,159703,California
San Joaquin,2021-03-23,5332,238669,2612,122161,2554,111771,166,4737,3703,84184,1613,79393,3874,163577,California
San Joaquin,2021-03-24,6783,245452,4211,126372,2486,114257,86,4823,3019,83558,3739,83132,3113,166690,California
San Joaquin,2021-03-25,5489,250941,3250,129622,2198,116455,41,4864,3277,84690,2193,85325,3325,170015,California
San Joaquin,2021-03-26,6110,257051,2516,132138,3445,119900,149,5013,3230,85228,2860,88185,3398,173413,California
San Joaquin,2021-03-27,4592,261643,2606,134744,1943,121843,43,5056,1808,84330,2764,90949,1866,175279,California
San Joaquin,2021-03-28,2694,264337,1787,136531,882,122725,25,5081,1300,84366,1376,92325,1412,176691,California
San Joaquin,2021-03-29,3977,268314,2140,138671,1815,124540,22,5103,2017,84481,1951,94276,2066,178757,California
San Joaquin,2021-03-30,6151,274465,3125,141796,2935,127475,91,5194,3433,85336,2695,96971,3550,182307,California
San Joaquin,2021-03-31,6532,280997,4115,145911,2358,129833,59,5253,3316,85538,3202,100173,3404,185711,California
San Joaquin,2021-04-01,6285,287282,2934,148845,3270,133103,81,5334,2790,84995,3480,103653,2937,188648,California
San Joaquin,2021-04-02,6279,293561,2857,151702,2933,136036,489,5823,2502,84271,3756,107409,3032,191680,California
San Joaquin,2021-04-03,4101,297662,2311,154013,1464,137500,326,6149,1981,84484,2103,109512,2316,193996,California
San Joaquin,2021-04-04,2255,299917,1341,155354,712,138212,202,6351,1540,85527,708,110220,1751,195747,California
San Joaquin,2021-04-05,4444,304361,2809,158163,1465,139677,170,6521,2616,86506,1822,112042,2801,198548,California
San Joaquin,2021-04-06,6937,311298,4449,162612,2230,141907,258,6779,3286,86431,3631,115673,3556,202104,California
San Joaquin,2021-04-07,8261,319559,4495,167107,2195,144102,1571,8350,3476,86723,4770,120443,5062,207166,California
San Joaquin,2021-04-08,8599,328158,4649,171756,1933,146035,2017,10367,3284,86734,5294,125737,5305,212471,California
San Joaquin,2021-04-09,8718,336876,4205,175961,2969,149004,1544,11911,3123,85846,5575,131312,4687,217158,California
San Joaquin,2021-04-10,5144,342020,1612,177573,1627,150631,1905,13816,1714,86037,3426,134738,3617,220775,California
San Joaquin,2021-04-11,3994,346014,1531,179104,1298,151929,1165,14981,1693,86602,2289,137027,2854,223629,California
San Joaquin,2021-04-12,5829,351843,2257,181361,2041,153970,1531,16512,2218,86761,3595,140622,3754,227383,California
San Joaquin,2021-04-13,7376,359219,4239,185600,3132,157102,5,16517,4523,88459,2837,143459,4535,231918,California
San Joaquin,2021-04-14,7073,366292,3535,189135,3538,160640,0,16517,4136,89687,2917,146376,4145,236063,California
San Joaquin,2021-04-15,7573,373865,4417,193552,3156,163796,0,16517,4175,90503,3365,149741,4181,240244,California
San Joaquin,2021-04-16,6939,380804,3509,197061,3427,167223,3,16520,4010,91625,2902,152643,4024,244268,California
San Joaquin,2021-04-17,4947,385751,2602,199663,2343,169566,2,16522,3469,93644,1468,154111,3487,247755,California
San Joaquin,2021-04-18,2427,388178,1339,201002,1088,170654,0,16522,1299,93836,1114,155225,1306,249061,California
San Joaquin,2021-04-19,5024,393202,2677,203679,2347,173001,0,16522,2678,94200,2324,157549,2688,251749,California
San Joaquin,2021-04-20,6138,399340,3201,206880,2937,175938,0,16522,2901,93898,3214,160763,2912,254661,California
San Joaquin,2021-04-21,5263,404603,2766,209646,2497,178435,0,16522,2880,94445,2339,163102,2886,257547,California
San Joaquin,2021-04-22,5108,409711,2974,212620,2134,180569,0,16522,2934,95237,2149,165251,2941,260488,California
San Joaquin,2021-04-23,5760,415471,2727,215347,3032,183601,1,16523,3653,96806,2090,167341,3659,264147,California
San Joaquin,2021-04-24,5024,420495,3412,218759,1611,185212,1,16524,3233,98272,1773,169114,3239,267386,California
San Joaquin,2021-04-25,2706,423201,2237,220996,469,185681,0,16524,1688,98960,1006,170120,1694,269080,California
San Joaquin,2021-04-26,3460,426661,2217,223213,1242,186923,1,16525,1741,98997,1708,171828,1745,270825,California
San Joaquin,2021-04-27,4134,430795,2405,225618,1680,188603,49,16574,1761,98460,2356,174184,1819,272644,California
San Joaquin,2021-04-28,5264,436059,3096,228714,2093,190696,75,16649,2549,98409,2688,176872,2637,275281,California
San Joaquin,2021-04-29,4500,440559,2564,231278,1885,192581,51,16700,2258,98496,2229,179101,2316,277597,California
San Joaquin,2021-04-30,3717,444276,1614,232892,2084,194665,19,16719,1851,98518,1853,180954,1875,279472,California
San Joaquin,2021-05-01,2445,446721,1285,234177,1150,195815,10,16729,1568,99237,873,181827,1592,281064,California
San Joaquin,2021-05-02,1404,448125,903,235080,485,196300,16,16745,646,99145,755,182582,663,281727,California
San Joaquin,2021-05-03,1671,449796,1006,236086,660,196960,5,16750,890,99274,773,183355,902,282629,California
San Luis Obispo,2020-12-16,4,4,4,4,0,0,0,0,4,4,0,0,4,4,California
San Luis Obispo,2020-12-17,196,200,196,200,0,0,0,0,196,200,0,0,196,200,California
San Luis Obispo,2020-12-18,224,424,224,424,0,0,0,0,224,424,0,0,224,424,California
San Luis Obispo,2020-12-19,162,586,162,586,0,0,0,0,162,586,0,0,162,586,California
San Luis Obispo,2020-12-20,215,801,215,801,0,0,0,0,215,801,0,0,215,801,California
San Luis Obispo,2020-12-21,548,1349,548,1349,0,0,0,0,548,1349,0,0,548,1349,California
San Luis Obispo,2020-12-22,308,1657,304,1653,4,4,0,0,308,1657,0,0,308,1657,California
San Luis Obispo,2020-12-23,681,2338,367,2020,314,318,0,0,681,2338,0,0,681,2338,California
San Luis Obispo,2020-12-24,194,2532,19,2039,175,493,0,0,194,2532,0,0,194,2532,California
San Luis Obispo,2020-12-25,2,2534,1,2040,1,494,0,0,2,2534,0,0,2,2534,California
San Luis Obispo,2020-12-26,89,2623,12,2052,77,571,0,0,89,2623,0,0,89,2623,California
San Luis Obispo,2020-12-27,76,2699,0,2052,76,647,0,0,76,2699,0,0,76,2699,California
San Luis Obispo,2020-12-28,880,3579,430,2482,450,1097,0,0,880,3579,0,0,880,3579,California
San Luis Obispo,2020-12-29,903,4482,502,2984,401,1498,0,0,903,4482,0,0,903,4482,California
San Luis Obispo,2020-12-30,1172,5654,681,3665,491,1989,0,0,1172,5654,0,0,1172,5654,California
San Luis Obispo,2020-12-31,106,5760,4,3669,102,2091,0,0,106,5760,0,0,106,5760,California
San Luis Obispo,2021-01-01,13,5773,8,3677,5,2096,0,0,13,5773,0,0,13,5773,California
San Luis Obispo,2021-01-02,33,5806,8,3685,25,2121,0,0,33,5806,0,0,33,5806,California
San Luis Obispo,2021-01-03,16,5822,6,3691,10,2131,0,0,16,5822,0,0,16,5822,California
San Luis Obispo,2021-01-04,678,6500,524,4215,154,2285,0,0,678,6500,0,0,678,6500,California
San Luis Obispo,2021-01-05,974,7474,756,4971,218,2503,0,0,972,7470,2,2,972,7472,California
San Luis Obispo,2021-01-06,725,8199,480,5451,245,2748,0,0,717,8180,7,9,717,8189,California
San Luis Obispo,2021-01-07,1126,9325,948,6399,178,2926,0,0,684,8422,442,451,684,8873,California
San Luis Obispo,2021-01-08,881,10206,804,7203,77,3003,0,0,512,8566,368,819,512,9385,California
San Luis Obispo,2021-01-09,204,10410,195,7398,9,3012,0,0,27,8416,177,996,27,9412,California
San Luis Obispo,2021-01-10,12,10422,8,7406,4,3016,0,0,8,8420,4,1000,8,9420,California
San Luis Obispo,2021-01-11,526,10948,475,7881,51,3067,0,0,266,8427,259,1259,266,9686,California
San Luis Obispo,2021-01-12,597,11545,380,8261,217,3284,0,0,319,8468,278,1537,319,10005,California
San Luis Obispo,2021-01-13,884,12429,255,8516,629,3913,0,0,646,8878,236,1773,646,10651,California
San Luis Obispo,2021-01-14,730,13159,244,8760,486,4399,0,0,605,9371,112,1885,605,11256,California
San Luis Obispo,2021-01-15,729,13888,287,9047,442,4841,0,0,554,9755,170,2055,554,11810,California
San Luis Obispo,2021-01-16,99,13987,81,9128,18,4859,0,0,94,9844,5,2060,94,11904,California
San Luis Obispo,2021-01-17,67,14054,61,9189,6,4865,0,0,67,9911,0,2060,67,11971,California
San Luis Obispo,2021-01-18,1372,15426,389,9578,983,5848,0,0,1110,10759,262,2322,1110,13081,California
San Luis Obispo,2021-01-19,1585,17011,417,9995,1168,7016,0,0,1177,11528,408,2730,1177,14258,California
San Luis Obispo,2021-01-20,1884,18895,596,10591,1288,8304,0,0,1293,12233,589,3319,1294,15552,California
San Luis Obispo,2021-01-21,1570,20465,466,11057,1104,9408,0,0,1197,13062,369,3688,1198,16750,California
San Luis Obispo,2021-01-22,1522,21987,509,11566,1013,10421,0,0,1207,13956,313,4001,1207,17957,California
San Luis Obispo,2021-01-23,312,22299,294,11860,18,10439,0,0,296,14236,16,4017,296,18253,California
San Luis Obispo,2021-01-24,245,22544,237,12097,8,10447,0,0,239,14469,6,4023,239,18492,California
San Luis Obispo,2021-01-25,2074,24618,606,12703,1468,11915,0,0,1244,14883,830,4853,1244,19736,California
San Luis Obispo,2021-01-26,2001,26619,703,13406,1298,13213,0,0,1135,15152,866,5719,1135,20871,California
San Luis Obispo,2021-01-27,1611,28230,284,13690,1327,14540,0,0,1152,15845,459,6178,1152,22023,California
San Luis Obispo,2021-01-28,1484,29714,342,14032,1142,15682,0,0,1224,16810,259,6437,1224,23247,California
San Luis Obispo,2021-01-29,1734,31448,681,14713,1053,16735,0,0,1450,17976,284,6721,1450,24697,California
San Luis Obispo,2021-01-30,37,31485,18,14731,19,16754,0,0,26,17992,10,6731,26,24723,California
San Luis Obispo,2021-01-31,26,31511,20,14751,6,16760,0,0,23,18012,3,6734,23,24746,California
San Luis Obispo,2021-02-01,1667,33178,704,15455,963,17723,0,0,1396,19138,270,7004,1396,26142,California
San Luis Obispo,2021-02-02,1894,35072,676,16131,1218,18941,0,0,1520,20284,374,7378,1520,27662,California
San Luis Obispo,2021-02-03,1704,36776,728,16859,976,19917,0,0,1291,21162,413,7791,1291,28953,California
San Luis Obispo,2021-02-04,1657,38433,800,17659,857,20774,0,0,1090,21685,567,8358,1090,30043,California
San Luis Obispo,2021-02-05,1603,40036,716,18375,887,21661,0,0,1059,22200,545,8903,1060,31103,California
San Luis Obispo,2021-02-06,159,40195,92,18467,67,21728,0,0,93,22227,66,8969,93,31196,California
San Luis Obispo,2021-02-07,144,40339,99,18566,45,21773,0,0,74,22232,70,9039,75,31271,California
San Luis Obispo,2021-02-08,855,41194,468,19034,387,22160,0,0,496,22370,358,9397,496,31767,California
San Luis Obispo,2021-02-09,1123,42317,448,19482,675,22835,0,0,541,22342,576,9973,548,32315,California
San Luis Obispo,2021-02-10,1427,43744,486,19968,941,23776,0,0,521,21963,903,10876,524,32839,California
San Luis Obispo,2021-02-11,1330,45074,844,20812,486,24262,0,0,655,21946,672,11548,655,33494,California
San Luis Obispo,2021-02-12,787,45861,363,21175,424,24686,0,0,417,21993,370,11918,417,33911,California
San Luis Obispo,2021-02-13,392,46253,126,21301,266,24952,0,0,284,22171,107,12025,285,34196,California
San Luis Obispo,2021-02-14,317,46570,41,21342,276,25228,0,0,281,22417,36,12061,282,34478,California
San Luis Obispo,2021-02-15,724,47294,137,21479,587,25815,0,0,467,22630,254,12315,467,34945,California
San Luis Obispo,2021-02-16,2962,50256,1194,22673,1768,27583,0,0,1359,22392,1597,13912,1359,36304,California
San Luis Obispo,2021-02-17,2775,53031,1238,23911,1537,29120,0,0,1029,21684,1737,15649,1029,37333,California
San Luis Obispo,2021-02-18,2812,55843,1446,25357,1366,30486,0,0,1123,21127,1681,17330,1124,38457,California
San Luis Obispo,2021-02-19,1452,57295,1332,26689,120,30606,0,0,1129,21934,322,17652,1129,39586,California
San Luis Obispo,2021-02-20,250,57545,80,26769,170,30776,0,0,214,22112,36,17688,214,39800,California
San Luis Obispo,2021-02-21,48,57593,44,26813,4,30780,0,0,29,22122,19,17707,29,39829,California
San Luis Obispo,2021-02-22,2403,59996,1858,28671,545,31325,0,0,1460,22640,943,18650,1461,41290,California
San Luis Obispo,2021-02-23,1854,61850,1739,30410,115,31440,0,0,1363,23514,490,19140,1364,42654,California
San Luis Obispo,2021-02-24,2644,64494,1301,31711,1343,32783,0,0,836,22544,1806,20946,836,43490,California
San Luis Obispo,2021-02-25,2130,66624,1243,32954,887,33670,0,0,1205,22832,918,21864,1206,44696,California
San Luis Obispo,2021-02-26,2643,69267,1148,34102,1495,35165,0,0,1324,22844,1312,23176,1324,46020,California
San Luis Obispo,2021-02-27,566,69833,340,34442,226,35391,0,0,520,23318,46,23222,520,46540,California
San Luis Obispo,2021-02-28,198,70031,73,34515,125,35516,0,0,163,23450,31,23253,163,46703,California
San Luis Obispo,2021-03-01,2955,72986,1841,36356,1113,36629,1,1,2034,24564,922,24175,2036,48739,California
San Luis Obispo,2021-03-02,2985,75971,1886,38242,1099,37728,0,1,1841,25266,1140,25315,1842,50581,California
San Luis Obispo,2021-03-03,2272,78243,331,38573,1941,39669,0,1,826,24653,1440,26755,827,51408,California
San Luis Obispo,2021-03-04,2175,80418,1147,39720,1028,40697,0,1,1166,24814,1007,27762,1168,52576,California
San Luis Obispo,2021-03-05,2295,82713,1017,40737,1208,41905,70,71,1290,25184,990,28752,1360,53936,California
San Luis Obispo,2021-03-06,832,83545,309,41046,416,42321,107,178,612,25677,220,28972,713,54649,California
San Luis Obispo,2021-03-07,199,83744,32,41078,83,42404,84,262,70,25704,128,29100,155,54804,California
San Luis Obispo,2021-03-08,2726,86470,753,41831,1659,44063,314,576,1543,26380,1180,30280,1856,56660,California
San Luis Obispo,2021-03-09,2914,89384,955,42786,1723,45786,236,812,1512,26730,1399,31679,1749,58409,California
San Luis Obispo,2021-03-10,3179,92563,1238,44024,1671,47457,270,1082,1815,27455,1360,33039,2085,60494,California
San Luis Obispo,2021-03-11,3102,95665,1272,45296,1528,48985,302,1384,1707,28077,1386,34425,2008,62502,California
San Luis Obispo,2021-03-12,3211,98876,1282,46578,1591,50576,338,1722,1603,28421,1600,36025,1944,64446,California
San Luis Obispo,2021-03-13,791,99667,260,46838,422,50998,109,1831,429,28597,361,36386,537,64983,California
San Luis Obispo,2021-03-14,513,100180,53,46891,349,51347,111,1942,134,28464,378,36764,245,65228,California
San Luis Obispo,2021-03-15,3048,103228,1096,47987,1854,53201,98,2040,1529,28575,1516,38280,1627,66855,California
San Luis Obispo,2021-03-16,2840,106068,1509,49496,1231,54432,100,2140,1445,28730,1389,39669,1544,68399,California
San Luis Obispo,2021-03-17,3422,109490,1448,50944,1713,56145,261,2401,1978,29533,1435,41104,2238,70637,California
San Luis Obispo,2021-03-18,2788,112278,1445,52389,1150,57295,193,2594,1338,29618,1446,42550,1531,72168,California
San Luis Obispo,2021-03-19,2584,114862,1562,53951,701,57996,321,2915,961,29287,1615,44165,1284,73452,California
San Luis Obispo,2021-03-20,831,115693,496,54447,299,58295,36,2951,384,29260,447,44612,420,73872,California
San Luis Obispo,2021-03-21,186,115879,45,54492,138,58433,3,2954,157,29391,29,44641,160,74032,California
San Luis Obispo,2021-03-22,2683,118562,1169,55661,1466,59899,48,3002,1863,30487,815,45456,1911,75943,California
San Luis Obispo,2021-03-23,3354,121916,2209,57870,1127,61026,18,3020,2262,31679,1088,46544,2280,78223,California
San Luis Obispo,2021-03-24,3482,125398,2130,60000,1282,62308,70,3090,2614,33499,863,47407,2683,80906,California
San Luis Obispo,2021-03-25,3657,129055,2285,62285,1360,63668,12,3102,2634,35124,1020,48427,2645,83551,California
San Luis Obispo,2021-03-26,3134,132189,1757,64042,956,64624,421,3523,1753,35921,1376,49803,2173,85724,California
San Luis Obispo,2021-03-27,992,133181,507,64549,393,65017,92,3615,451,35925,539,50342,543,86267,California
San Luis Obispo,2021-03-28,443,133624,151,64700,236,65253,56,3671,242,36022,201,50543,298,86565,California
San Luis Obispo,2021-03-29,2570,136194,1271,65971,1166,66419,133,3804,1651,36899,907,51450,1784,88349,California
San Luis Obispo,2021-03-30,3491,139685,1905,67876,1444,67863,142,3946,2341,38234,1146,52596,2481,90830,California
San Luis Obispo,2021-03-31,3834,143519,2453,70329,1234,69097,147,4093,2471,39498,1353,53949,2617,93447,California
San Luis Obispo,2021-04-01,3796,147315,2415,72744,1287,70384,94,4187,2684,41172,1104,55053,2778,96225,California
San Luis Obispo,2021-04-02,1747,149062,686,73430,750,71134,311,4498,950,41635,796,55849,1259,97484,California
San Luis Obispo,2021-04-03,1096,150158,552,73982,417,71551,127,4625,481,41633,610,56459,608,98092,California
San Luis Obispo,2021-04-04,378,150536,130,74112,208,71759,40,4665,232,41759,146,56605,272,98364,California
San Luis Obispo,2021-04-05,3596,154132,1943,76055,1543,73302,110,4775,2037,42348,1556,58161,2145,100509,California
San Luis Obispo,2021-04-06,4011,158143,2141,78196,1561,74863,309,5084,1949,42551,2055,60216,2258,102767,California
San Luis Obispo,2021-04-07,4259,162402,2338,80534,1581,76444,340,5424,2464,43574,1779,61995,2802,105569,California
San Luis Obispo,2021-04-08,3998,166400,2188,82722,1421,77865,389,5813,2169,44310,1822,63817,2558,108127,California
San Luis Obispo,2021-04-09,3601,170001,1707,84429,1152,79017,742,6555,1510,44476,2082,65899,2248,110375,California
San Luis Obispo,2021-04-10,1571,171572,559,84988,350,79367,662,7217,483,44532,1087,66986,1143,111518,California
San Luis Obispo,2021-04-11,311,171883,63,85051,185,79552,63,7280,124,44534,185,67171,187,111705,California
San Luis Obispo,2021-04-12,3361,175244,1694,86745,1504,81056,163,7443,1406,44148,1955,69126,1569,113274,California
San Luis Obispo,2021-04-13,3628,178872,2091,88836,1536,82592,1,7444,1962,44448,1664,70790,1964,115238,California
San Luis Obispo,2021-04-14,2842,181714,1676,90512,1163,83755,3,7447,1658,44935,1173,71963,1660,116898,California
San Luis Obispo,2021-04-15,3644,185358,2361,92873,1282,85037,1,7448,1942,45193,1685,73648,1943,118841,California
San Luis Obispo,2021-04-16,3598,188956,2186,95059,1409,86446,3,7451,1793,45187,1801,75449,1795,120636,California
San Luis Obispo,2021-04-17,1097,190053,432,95491,663,87109,2,7453,717,45527,379,75828,719,121355,California
San Luis Obispo,2021-04-18,318,190371,96,95587,221,87330,1,7454,109,45430,207,76035,110,121465,California
San Luis Obispo,2021-04-19,3067,193438,1284,96871,1745,89075,38,7492,1131,44665,1934,77969,1169,122634,California
San Luis Obispo,2021-04-20,3548,196986,1930,98801,1618,90693,0,7492,1373,43875,2163,80132,1373,124007,California
San Luis Obispo,2021-04-21,3896,200882,1788,100589,2108,92801,0,7492,1629,43252,2252,82384,1629,125636,California
San Luis Obispo,2021-04-22,4553,205435,2048,102637,2505,95306,0,7492,1499,41715,3038,85422,1501,127137,California
San Luis Obispo,2021-04-23,1468,206903,850,103487,614,95920,4,7496,703,41670,759,86181,714,127851,California
San Luis Obispo,2021-04-24,1081,207984,444,103931,618,96538,19,7515,495,41603,581,86762,514,128365,California
San Luis Obispo,2021-04-25,344,208328,162,104093,182,96720,0,7515,113,41486,230,86992,113,128478,California
San Luis Obispo,2021-04-26,899,209227,294,104387,588,97308,17,7532,335,41284,553,87545,351,128829,California
San Luis Obispo,2021-04-27,3512,212739,1806,106193,1639,98947,67,7599,1316,40475,2191,89736,1382,130211,California
San Luis Obispo,2021-04-28,3292,216031,1842,108035,1388,100335,62,7661,1143,39546,2134,91870,1205,131416,California
San Luis Obispo,2021-04-29,3175,219206,1859,109894,1244,101579,72,7733,1032,38517,2133,94003,1104,132520,California
San Luis Obispo,2021-04-30,2064,221270,1182,111076,871,102450,11,7744,645,37763,1410,95413,656,133176,California
San Luis Obispo,2021-05-01,139,221409,51,111127,67,102517,21,7765,42,37730,95,95508,62,133238,California
San Luis Obispo,2021-05-02,28,221437,10,111137,13,102530,5,7770,20,37747,8,95516,25,133263,California
San Luis Obispo,2021-05-03,333,221770,22,111159,294,102824,17,7787,109,37647,224,95740,124,133387,California
San Mateo,2020-12-15,26,26,26,26,0,0,0,0,26,26,0,0,26,26,California
San Mateo,2020-12-16,110,136,110,136,0,0,0,0,110,136,0,0,110,136,California
San Mateo,2020-12-17,164,300,164,300,0,0,0,0,164,300,0,0,164,300,California
San Mateo,2020-12-18,741,1041,739,1039,2,2,0,0,741,1041,0,0,741,1041,California
San Mateo,2020-12-19,511,1552,511,1550,0,2,0,0,511,1552,0,0,511,1552,California
San Mateo,2020-12-20,510,2062,508,2058,2,4,0,0,510,2062,0,0,510,2062,California
San Mateo,2020-12-21,1155,3217,1155,3213,0,4,0,0,1155,3217,0,0,1155,3217,California
San Mateo,2020-12-22,1517,4734,1510,4723,7,11,0,0,1517,4734,0,0,1517,4734,California
San Mateo,2020-12-23,1573,6307,1385,6108,188,199,0,0,1573,6307,0,0,1573,6307,California
San Mateo,2020-12-24,867,7174,609,6717,258,457,0,0,867,7174,0,0,867,7174,California
San Mateo,2020-12-25,115,7289,111,6828,4,461,0,0,115,7289,0,0,115,7289,California
San Mateo,2020-12-26,561,7850,418,7246,143,604,0,0,561,7850,0,0,561,7850,California
San Mateo,2020-12-27,307,8157,176,7422,131,735,0,0,307,8157,0,0,307,8157,California
San Mateo,2020-12-28,1049,9206,703,8125,346,1081,0,0,1049,9206,0,0,1049,9206,California
San Mateo,2020-12-29,1130,10336,705,8830,425,1506,0,0,1130,10336,0,0,1130,10336,California
San Mateo,2020-12-30,1264,11600,760,9590,504,2010,0,0,1264,11600,0,0,1264,11600,California
San Mateo,2020-12-31,717,12317,232,9822,485,2495,0,0,716,12315,1,1,716,12316,California
San Mateo,2021-01-01,54,12371,40,9862,14,2509,0,0,54,12369,0,1,54,12370,California
San Mateo,2021-01-02,399,12770,269,10131,130,2639,0,0,399,12768,0,1,399,12769,California
San Mateo,2021-01-03,282,13052,207,10338,75,2714,0,0,279,13044,3,4,279,13048,California
San Mateo,2021-01-04,1053,14105,680,11018,373,3087,0,0,1053,14097,0,4,1053,14101,California
San Mateo,2021-01-05,1200,15305,705,11723,495,3582,0,0,1171,15240,29,33,1172,15273,California
San Mateo,2021-01-06,1447,16752,950,12673,497,4079,0,0,1266,16328,179,212,1267,16540,California
San Mateo,2021-01-07,1454,18206,808,13481,646,4725,0,0,1164,17210,283,495,1165,17705,California
San Mateo,2021-01-08,1840,20046,1191,14672,649,5374,0,0,1141,17660,692,1187,1142,18847,California
San Mateo,2021-01-09,1180,21226,776,15448,404,5778,0,0,723,17926,457,1644,723,19570,California
San Mateo,2021-01-10,702,21928,573,16021,129,5907,0,0,266,17756,436,2080,266,19836,California
San Mateo,2021-01-11,2594,24522,1485,17506,1109,7016,0,0,1528,18219,1067,3147,1530,21366,California
San Mateo,2021-01-12,3279,27801,1771,19277,1508,8524,0,0,2097,19139,1180,4327,2100,23466,California
San Mateo,2021-01-13,3478,31279,1750,21027,1728,10252,0,0,2445,20554,1033,5360,2448,25914,California
San Mateo,2021-01-14,3776,35055,1583,22610,2193,12445,0,0,3092,22967,684,6044,3097,29011,California
San Mateo,2021-01-15,4330,39385,1710,24320,2620,15065,0,0,3802,26245,526,6570,3804,32815,California
San Mateo,2021-01-16,3084,42469,776,25096,2308,17373,0,0,2765,28691,319,6889,2765,35580,California
San Mateo,2021-01-17,1311,43780,309,25405,1002,18375,0,0,1102,29584,209,7098,1102,36682,California
San Mateo,2021-01-18,1365,45145,533,25938,832,19207,0,0,990,30206,372,7470,994,37676,California
San Mateo,2021-01-19,2794,47939,1784,27722,1010,20217,0,0,2002,31419,789,8259,2002,39678,California
San Mateo,2021-01-20,2659,50598,1404,29126,1255,21472,0,0,1814,32392,842,9101,1815,41493,California
San Mateo,2021-01-21,2828,53426,1280,30406,1548,23020,0,0,2247,34062,580,9681,2250,43743,California
San Mateo,2021-01-22,2786,56212,1129,31535,1657,24677,0,0,2487,36253,297,9978,2488,46231,California
San Mateo,2021-01-23,2884,59096,1689,33224,1195,25872,0,0,2520,38410,364,10342,2521,48752,California
San Mateo,2021-01-24,1519,60615,374,33598,1145,27017,0,0,1209,39310,309,10651,1209,49961,California
San Mateo,2021-01-25,4429,65044,3146,36744,1283,28300,0,0,3534,41954,893,11544,3537,53498,California
San Mateo,2021-01-26,4297,69341,2982,39726,1315,29615,0,0,3393,44444,903,12447,3393,56891,California
San Mateo,2021-01-27,2780,72121,1463,41189,1317,30932,0,0,1785,45242,988,13435,1786,58677,California
San Mateo,2021-01-28,2796,74917,1349,42538,1447,32379,0,0,1948,46357,833,14268,1948,60625,California
San Mateo,2021-01-29,2978,77895,1335,43873,1643,34022,0,0,2145,47675,830,15098,2148,62773,California
San Mateo,2021-01-30,3375,81270,1476,45349,1899,35921,0,0,2918,50138,456,15554,2919,65692,California
San Mateo,2021-01-31,1681,82951,897,46246,784,36705,0,0,1518,51495,161,15715,1518,67210,California
San Mateo,2021-02-01,2924,85875,1345,47591,1579,38284,0,0,2216,53008,704,16419,2217,69427,California
San Mateo,2021-02-02,3174,89049,1729,49320,1445,39729,0,0,2158,54153,1013,17432,2158,71585,California
San Mateo,2021-02-03,4878,93927,1946,51266,2932,42661,0,0,3825,56929,1050,18482,3826,75411,California
San Mateo,2021-02-04,6288,100215,2587,53853,3701,46362,0,0,4930,60510,1352,19834,4933,80344,California
San Mateo,2021-02-05,6800,107015,2554,56407,4246,50608,0,0,4973,63673,1810,21644,4973,85317,California
San Mateo,2021-02-06,3283,110298,1917,58324,1366,51974,0,0,2619,65631,663,22307,2621,87938,California
San Mateo,2021-02-07,1897,112195,1343,59667,554,52528,0,0,1710,67154,187,22494,1710,89648,California
San Mateo,2021-02-08,5277,117472,2244,61911,3033,55561,0,0,3103,68147,2110,24604,3103,92751,California
San Mateo,2021-02-09,6182,123654,3220,65131,2962,58523,0,0,3338,68645,2840,27444,3338,96089,California
San Mateo,2021-02-10,6502,130156,3273,68404,3229,61752,0,0,3545,69242,2948,30392,3545,99634,California
San Mateo,2021-02-11,7051,137207,3580,71984,3471,65223,0,0,3813,69829,3229,33621,3816,103450,California
San Mateo,2021-02-12,6617,143824,2950,74934,3667,68890,0,0,4705,72627,1909,35530,4707,108157,California
San Mateo,2021-02-13,6088,149912,3991,78925,2097,70987,0,0,2637,71817,3447,38977,2637,110794,California
San Mateo,2021-02-14,4631,154543,3016,81941,1615,72602,0,0,1982,71155,2645,41622,1983,112777,California
San Mateo,2021-02-15,3166,157709,1457,83398,1709,74311,0,0,1788,71570,1374,42996,1789,114566,California
San Mateo,2021-02-16,7148,164857,1874,85272,5274,79585,0,0,5284,74993,1863,44859,5286,119852,California
San Mateo,2021-02-17,7057,171914,1934,87206,5123,84708,0,0,5070,78083,1982,46841,5072,124924,California
San Mateo,2021-02-18,6692,178606,4624,91830,2068,86776,0,0,4448,80293,2240,49081,4450,129374,California
San Mateo,2021-02-19,7809,186415,5609,97439,2200,88976,0,0,5819,84128,1984,51065,5819,135193,California
San Mateo,2021-02-20,3732,190147,2417,99856,1315,90291,0,0,2307,85017,1418,52483,2307,137500,California
San Mateo,2021-02-21,2305,192452,1464,101320,841,91132,0,0,1260,85237,1040,53523,1260,138760,California
San Mateo,2021-02-22,4418,196870,3195,104515,1223,92355,0,0,2784,86393,1628,55151,2784,141544,California
San Mateo,2021-02-23,4286,201156,3041,107556,1245,93600,0,0,2481,87075,1799,56950,2481,144025,California
San Mateo,2021-02-24,7266,208422,3248,110804,4018,97618,0,0,4845,89505,2416,59366,4846,148871,California
San Mateo,2021-02-25,9082,217504,4008,114812,5074,102692,0,0,6016,92470,3051,62417,6016,154887,California
San Mateo,2021-02-26,9760,227264,3712,118524,6048,108740,0,0,6838,96403,2909,65326,6842,161729,California
San Mateo,2021-02-27,6681,233945,3412,121936,3268,112008,1,1,3631,96994,3046,68372,3637,165366,California
San Mateo,2021-02-28,4123,238068,2505,124441,1618,113626,0,1,2554,97985,1564,69936,2555,167921,California
San Mateo,2021-03-01,5633,243701,3520,127961,2112,115738,1,2,2785,97935,2836,72772,2786,170707,California
San Mateo,2021-03-02,5784,249485,3978,131939,1805,117543,1,3,3330,98821,2446,75218,3332,174039,California
San Mateo,2021-03-03,8328,257813,3891,135830,4435,121978,2,5,3598,97703,4718,79936,3600,177639,California
San Mateo,2021-03-04,8407,266220,3933,139763,4472,126450,2,7,3800,96917,4590,84526,3804,181443,California
San Mateo,2021-03-05,9079,275299,5978,145741,3098,129548,3,10,6409,100683,2650,87176,6416,187859,California
San Mateo,2021-03-06,7840,283139,5430,151171,2234,131782,176,186,5730,104487,2101,89277,5905,193764,California
San Mateo,2021-03-07,3468,286607,2314,153485,1087,132869,67,253,2005,105100,1459,90736,2072,195836,California
San Mateo,2021-03-08,4427,291034,2469,155954,1741,134610,217,470,3208,107315,1211,91947,3426,199262,California
San Mateo,2021-03-09,4548,295582,2122,158076,2153,136763,273,743,3005,109056,1536,93483,3277,202539,California
San Mateo,2021-03-10,6915,302497,2641,160717,3989,140752,285,1028,4565,111568,2337,95820,4849,207388,California
San Mateo,2021-03-11,9116,311613,5722,166439,3003,143755,391,1419,3705,110280,5383,101203,4095,211483,California
San Mateo,2021-03-12,10489,322102,6603,173042,3511,147266,375,1794,3493,107170,6979,108182,3869,215352,California
San Mateo,2021-03-13,8098,330200,3415,176457,3058,150324,1625,3419,3911,108526,4176,112358,5532,220884,California
San Mateo,2021-03-14,4935,335135,3303,179760,1525,151849,107,3526,2904,109513,2024,114382,3011,223895,California
San Mateo,2021-03-15,7121,342256,4573,184333,2372,154221,176,3702,3765,110104,3350,117732,3941,227836,California
San Mateo,2021-03-16,11907,354163,4355,188688,7429,161650,123,3825,4857,108051,7035,124767,4982,232818,California
San Mateo,2021-03-17,10786,364949,4358,193046,6304,167954,124,3949,4887,107190,5876,130643,5015,237833,California
San Mateo,2021-03-18,7228,372177,4029,197075,3016,170970,183,4132,4305,108758,2918,133561,4486,242319,California
San Mateo,2021-03-19,7359,379536,4719,201794,1973,172943,667,4799,3610,109296,3739,137300,4277,246596,California
San Mateo,2021-03-20,8277,387813,6425,208219,1518,174461,334,5133,5405,112178,2857,140157,5739,252335,California
San Mateo,2021-03-21,4145,391958,3121,211340,793,175254,231,5364,2343,112957,1792,141949,2571,254906,California
San Mateo,2021-03-22,5215,397173,3541,214881,1257,176511,417,5781,2860,113892,2343,144292,3278,258184,California
San Mateo,2021-03-23,9763,406936,4436,219317,5131,181642,196,5977,4649,113651,5085,149377,4844,263028,California
San Mateo,2021-03-24,9426,416362,5430,224747,3856,185498,140,6117,4103,112633,5258,154635,4240,267268,California
San Mateo,2021-03-25,10002,426364,4869,229616,4865,190363,268,6385,4416,111835,5485,160120,4687,271955,California
San Mateo,2021-03-26,11135,437499,7657,237273,3313,193676,165,6550,4453,109809,6645,166765,4619,276574,California
San Mateo,2021-03-27,10428,447927,7963,245236,2361,196037,104,6654,4699,108898,5711,172476,4800,281374,California
San Mateo,2021-03-28,4213,452140,2700,247936,1402,197439,111,6765,2105,109016,2099,174575,2217,283591,California
San Mateo,2021-03-29,6008,458148,3743,251679,2013,199452,252,7017,2852,108981,3139,177714,3104,286695,California
San Mateo,2021-03-30,7058,465206,3999,255678,2906,202358,153,7170,4457,111004,2587,180301,4610,291305,California
San Mateo,2021-03-31,7196,472402,4546,260224,2512,204870,138,7308,4058,112078,3122,183423,4196,295501,California
San Mateo,2021-04-01,10385,482787,5093,265317,4113,208983,1179,8487,5575,114055,4774,188197,6751,302252,California
San Mateo,2021-04-02,10609,493396,5057,270374,3992,212975,1560,10047,5561,116144,5031,193228,7120,309372,California
San Mateo,2021-04-03,9640,503036,5467,275841,2443,215418,1730,11777,4862,117963,4774,198002,6593,315965,California
San Mateo,2021-04-04,5384,508420,2597,278438,1541,216959,1246,13023,1706,117245,3669,201671,2951,318916,California
San Mateo,2021-04-05,8933,517353,4751,283189,2448,219407,1734,14757,3858,117772,5064,206735,5591,324507,California
San Mateo,2021-04-06,13072,530425,8186,291375,3036,222443,1850,16607,7466,121502,5594,212329,9324,333831,California
San Mateo,2021-04-07,11311,541736,5243,296618,4398,226841,1670,18277,4804,121483,6487,218816,6468,340299,California
San Mateo,2021-04-08,10000,551736,4999,301617,2442,229283,2559,20836,4438,122924,5549,224365,6990,347289,California
San Mateo,2021-04-09,11204,562940,5435,307052,3297,232580,2472,23308,5046,124281,6156,230521,7513,354802,California
San Mateo,2021-04-10,11105,574045,5648,312700,4039,236619,1418,24726,4605,123822,6479,237000,6020,360822,California
San Mateo,2021-04-11,6601,580646,3274,315974,880,237499,2447,27173,2333,124334,4262,241262,4774,365596,California
San Mateo,2021-04-12,7289,587935,4462,320436,1872,239371,955,28128,3543,125103,3730,244992,4499,370095,California
San Mateo,2021-04-13,8100,596035,5058,325494,3033,242404,9,28137,4286,125592,3808,248800,4297,374392,California
San Mateo,2021-04-14,8327,604362,5416,330910,2909,245313,2,28139,4309,125901,4008,252808,4317,378709,California
San Mateo,2021-04-15,10946,615308,7267,338177,3678,248991,1,28140,7181,129343,3742,256550,7184,385893,California
San Mateo,2021-04-16,9924,625232,6858,345035,3050,252041,16,28156,6319,132093,3590,260140,6340,392233,California
San Mateo,2021-04-17,9596,634828,6405,351440,3188,255229,3,28159,6086,134685,3502,263642,6094,398327,California
San Mateo,2021-04-18,5388,640216,2580,354020,2808,258037,0,28159,3653,136619,1725,265367,3659,401986,California
San Mateo,2021-04-19,8310,648526,5404,359424,2906,260943,0,28159,5395,139114,2907,268274,5402,407388,California
San Mateo,2021-04-20,10187,658713,5648,365072,4539,265482,0,28159,6548,142049,3623,271897,6558,413946,California
San Mateo,2021-04-21,8899,667612,6013,371085,2886,268368,0,28159,5504,144176,3384,275281,5511,419457,California
San Mateo,2021-04-22,9360,676972,6216,377301,3143,271511,1,28160,5208,145268,4122,279403,5214,424671,California
San Mateo,2021-04-23,9304,686276,6091,383392,3213,274724,0,28160,5189,146381,4091,283494,5204,429875,California
San Mateo,2021-04-24,11184,697460,7997,391389,3187,277911,0,28160,6035,147293,5131,288625,6043,435918,California
San Mateo,2021-04-25,5483,702943,3850,395239,1632,279543,1,28161,3896,149623,1576,290201,3906,439824,California
San Mateo,2021-04-26,5927,708870,4342,399581,1578,281121,7,28168,3437,150594,2484,292685,3455,443279,California
San Mateo,2021-04-27,10602,719472,7510,407091,2988,284109,104,28272,4222,148565,6359,299044,4330,447609,California
San Mateo,2021-04-28,7369,726841,4245,411336,2922,287031,202,28474,3811,149032,3549,302593,4016,451625,California
San Mateo,2021-04-29,6818,733659,3147,414483,3501,290532,170,28644,2956,148324,3842,306435,3134,454759,California
San Mateo,2021-04-30,5772,739431,3604,418087,2143,292675,25,28669,2315,147228,3445,309880,2349,457108,California
San Mateo,2021-05-01,4135,743566,2659,420746,1462,294137,14,28683,1903,146930,2223,312103,1925,459033,California
San Mateo,2021-05-02,1529,745095,674,421420,854,294991,1,28684,728,146867,795,312898,732,459765,California
San Mateo,2021-05-03,3400,748495,2284,423704,1103,296094,13,28697,1176,145841,2217,315115,1191,460956,California
Santa Barbara,2020-12-15,2,2,2,2,0,0,0,0,2,2,0,0,2,2,California
Santa Barbara,2020-12-16,2,4,2,4,0,0,0,0,2,4,0,0,2,4,California
Santa Barbara,2020-12-17,54,58,54,58,0,0,0,0,54,58,0,0,54,58,California
Santa Barbara,2020-12-18,378,436,377,435,1,1,0,0,378,436,0,0,378,436,California
Santa Barbara,2020-12-19,325,761,325,760,0,1,0,0,325,761,0,0,325,761,California
Santa Barbara,2020-12-20,235,996,235,995,0,1,0,0,235,996,0,0,235,996,California
Santa Barbara,2020-12-21,651,1647,649,1644,2,3,0,0,651,1647,0,0,651,1647,California
Santa Barbara,2020-12-22,243,1890,241,1885,2,5,0,0,243,1890,0,0,243,1890,California
Santa Barbara,2020-12-23,320,2210,202,2087,118,123,0,0,320,2210,0,0,320,2210,California
Santa Barbara,2020-12-24,88,2298,40,2127,48,171,0,0,88,2298,0,0,88,2298,California
Santa Barbara,2020-12-26,326,2624,66,2193,260,431,0,0,326,2624,0,0,326,2624,California
Santa Barbara,2020-12-27,62,2686,1,2194,61,492,0,0,62,2686,0,0,62,2686,California
Santa Barbara,2020-12-28,357,3043,224,2418,133,625,0,0,357,3043,0,0,357,3043,California
Santa Barbara,2020-12-29,554,3597,360,2778,194,819,0,0,554,3597,0,0,554,3597,California
Santa Barbara,2020-12-30,587,4184,405,3183,182,1001,0,0,587,4184,0,0,587,4184,California
Santa Barbara,2020-12-31,240,4424,114,3297,126,1127,0,0,240,4424,0,0,240,4424,California
Santa Barbara,2021-01-01,110,4534,108,3405,2,1129,0,0,110,4534,0,0,110,4534,California
Santa Barbara,2021-01-02,587,5121,223,3628,364,1493,0,0,587,5121,0,0,587,5121,California
Santa Barbara,2021-01-03,23,5144,15,3643,8,1501,0,0,23,5144,0,0,23,5144,California
Santa Barbara,2021-01-04,309,5453,246,3889,63,1564,0,0,308,5452,0,0,308,5452,California
Santa Barbara,2021-01-05,752,6205,379,4268,373,1937,0,0,725,6150,27,27,725,6177,California
Santa Barbara,2021-01-06,655,6860,276,4544,379,2316,0,0,596,6688,58,85,596,6773,California
Santa Barbara,2021-01-07,1033,7893,711,5255,322,2638,0,0,527,6713,502,587,527,7300,California
Santa Barbara,2021-01-08,1201,9094,840,6095,361,2999,0,0,708,6928,493,1080,708,8008,California
Santa Barbara,2021-01-09,566,9660,293,6388,273,3272,0,0,320,7002,246,1326,320,8328,California
Santa Barbara,2021-01-10,62,9722,50,6438,12,3284,0,0,46,7032,16,1342,46,8374,California
Santa Barbara,2021-01-11,837,10559,668,7106,169,3453,0,0,614,7424,222,1564,614,8988,California
Santa Barbara,2021-01-12,1426,11985,634,7740,792,4245,0,0,1270,8538,156,1720,1270,10258,California
Santa Barbara,2021-01-13,1227,13212,280,8020,947,5192,0,0,1101,9513,126,1846,1101,11359,California
Santa Barbara,2021-01-14,1250,14462,134,8154,1116,6308,0,0,1196,10657,53,1899,1197,12556,California
Santa Barbara,2021-01-15,1801,16263,419,8573,1382,7690,0,0,1720,12297,80,1979,1720,14276,California
Santa Barbara,2021-01-16,1272,17535,202,8775,1070,8760,0,0,1233,13492,38,2017,1233,15509,California
Santa Barbara,2021-01-17,123,17658,20,8795,103,8863,0,0,120,13609,3,2020,120,15629,California
Santa Barbara,2021-01-18,1151,18809,417,9212,734,9597,0,0,966,14390,185,2205,966,16595,California
Santa Barbara,2021-01-19,1638,20447,569,9781,1069,10666,0,0,1360,15473,277,2482,1360,17955,California
Santa Barbara,2021-01-20,2014,22461,463,10244,1551,12217,0,0,1710,16880,303,2785,1710,19665,California
Santa Barbara,2021-01-21,3088,25549,1818,12062,1270,13487,0,0,2930,19653,158,2943,2931,22596,California
Santa Barbara,2021-01-22,3014,28563,1862,13924,1152,14639,0,0,2857,22356,154,3097,2857,25453,California
Santa Barbara,2021-01-23,1734,30297,1106,15030,628,15267,0,0,1224,23071,509,3606,1224,26677,California
Santa Barbara,2021-01-24,844,31141,752,15782,92,15359,0,0,835,23897,9,3615,835,27512,California
Santa Barbara,2021-01-25,1243,32384,500,16282,743,16102,0,0,1003,24660,240,3855,1003,28515,California
Santa Barbara,2021-01-26,2049,34433,468,16750,1581,17683,0,0,1661,25935,386,4241,1661,30176,California
Santa Barbara,2021-01-27,1163,35596,400,17150,763,18446,0,0,903,26580,259,4500,904,31080,California
Santa Barbara,2021-01-28,893,36489,297,17447,596,19042,0,0,679,27048,211,4711,679,31759,California
Santa Barbara,2021-01-29,1334,37823,539,17986,795,19837,0,0,981,27681,350,5061,983,32742,California
Santa Barbara,2021-01-30,1890,39713,1418,19404,472,20309,0,0,1486,28766,401,5462,1486,34228,California
Santa Barbara,2021-01-31,1454,41167,1216,20620,238,20547,0,0,1415,30142,39,5501,1415,35643,California
Santa Barbara,2021-02-01,940,42107,518,21138,422,20969,0,0,553,30308,387,5888,553,36196,California
Santa Barbara,2021-02-02,1823,43930,699,21837,1124,22093,0,0,1048,30583,773,6661,1048,37244,California
Santa Barbara,2021-02-03,1941,45871,1078,22915,863,22956,0,0,1499,31650,432,7093,1499,38743,California
Santa Barbara,2021-02-04,2774,48645,1862,24777,912,23868,0,0,2479,33839,290,7383,2479,41222,California
Santa Barbara,2021-02-05,2905,51550,2060,26837,845,24713,0,0,2262,35459,642,8025,2262,43484,California
Santa Barbara,2021-02-06,1207,52757,339,27176,868,25581,0,0,796,35844,411,8436,796,44280,California
Santa Barbara,2021-02-07,301,53058,263,27439,38,25619,0,0,266,36076,34,8470,266,44546,California
Santa Barbara,2021-02-08,955,54013,311,27750,644,26263,0,0,669,36459,286,8756,669,45215,California
Santa Barbara,2021-02-09,2438,56451,313,28063,2125,28388,0,0,1120,36270,1309,10065,1120,46335,California
Santa Barbara,2021-02-10,2762,59213,1498,29561,1264,29652,0,0,803,35123,1950,12015,803,47138,California
Santa Barbara,2021-02-11,4181,63394,2804,32365,1377,31029,0,0,623,32195,3551,15566,623,47761,California
Santa Barbara,2021-02-12,3310,66704,950,33315,2360,33389,0,0,774,30438,2531,18097,774,48535,California
Santa Barbara,2021-02-13,1235,67939,341,33656,894,34283,0,0,561,30328,671,18768,561,49096,California
Santa Barbara,2021-02-14,331,68270,34,33690,297,34580,0,0,285,30567,46,18814,285,49381,California
Santa Barbara,2021-02-15,965,69235,337,34027,628,35208,0,0,492,30591,468,19282,492,49873,California
Santa Barbara,2021-02-16,2109,71344,397,34424,1712,36920,0,0,716,29918,1389,20671,716,50589,California
Santa Barbara,2021-02-17,1434,72778,320,34744,1114,38034,0,0,521,29528,911,21582,521,51110,California
Santa Barbara,2021-02-18,3253,76031,2647,37391,606,38640,0,0,1519,29347,1700,23282,1519,52629,California
Santa Barbara,2021-02-19,3596,79627,2642,40033,954,39594,0,0,2329,30412,1264,24546,2329,54958,California
Santa Barbara,2021-02-20,2220,81847,1434,41467,786,40380,0,0,1668,31537,543,25089,1668,56626,California
Santa Barbara,2021-02-21,125,81972,97,41564,28,40408,0,0,58,31528,67,25156,58,56684,California
Santa Barbara,2021-02-22,938,82910,246,41810,692,41100,0,0,261,31119,670,25826,261,56945,California
Santa Barbara,2021-02-23,3187,86097,1044,42854,2143,43243,0,0,421,28778,2762,28588,421,57366,California
Santa Barbara,2021-02-24,3196,89293,1087,43941,2109,45352,0,0,721,27034,2465,31053,721,58087,California
Santa Barbara,2021-02-25,3451,92744,1917,45858,1534,46886,0,0,985,25561,2459,33512,986,59073,California
Santa Barbara,2021-02-26,3663,96407,2174,48032,1489,48375,0,0,1979,25863,1677,35189,1979,61052,California
Santa Barbara,2021-02-27,1527,97934,562,48594,965,49340,0,0,846,26036,675,35864,848,61900,California
Santa Barbara,2021-02-28,1084,99018,221,48815,863,50203,0,0,892,26742,187,36051,893,62793,California
Santa Barbara,2021-03-01,1630,100648,463,49278,1167,51370,0,0,1082,27288,537,36588,1083,63876,California
Santa Barbara,2021-03-02,2616,103264,413,49691,2203,53573,0,0,2120,28925,484,37072,2121,65997,California
Santa Barbara,2021-03-03,4626,107890,2099,51790,2526,56099,1,1,4032,32377,584,37656,4036,70033,California
Santa Barbara,2021-03-04,3413,111303,2280,54070,1133,57232,0,1,2860,34692,545,38201,2860,72893,California
Santa Barbara,2021-03-05,3809,115112,2160,56230,1590,58822,59,60,3083,37114,720,38921,3142,76035,California
Santa Barbara,2021-03-06,2434,117546,725,56955,1489,60311,220,280,1667,38237,763,39684,1886,77921,California
Santa Barbara,2021-03-07,559,118105,122,57077,308,60619,129,409,381,38571,177,39861,511,78432,California
Santa Barbara,2021-03-08,1572,119677,376,57453,854,61473,342,751,792,38931,774,40635,1134,79566,California
Santa Barbara,2021-03-09,2773,122450,324,57777,1674,63147,775,1526,719,38370,2051,42686,1490,81056,California
Santa Barbara,2021-03-10,2750,125200,544,58321,1159,64306,1047,2573,1033,38739,1711,44397,2080,83136,California
Santa Barbara,2021-03-11,5573,130773,3029,61350,1431,65737,1113,3686,2281,38848,3280,47677,3389,86525,California
Santa Barbara,2021-03-12,3659,134432,2092,63442,1138,66875,429,4115,2173,39969,1478,49155,2599,89124,California
Santa Barbara,2021-03-13,3471,137903,1923,65365,1339,68214,209,4324,2694,42097,776,49931,2904,92028,California
Santa Barbara,2021-03-14,776,138679,367,65732,352,68566,57,4381,458,42294,318,50249,515,92543,California
Santa Barbara,2021-03-15,2103,140782,694,66426,1118,69684,291,4672,1267,43017,833,51082,1556,94099,California
Santa Barbara,2021-03-16,3724,144506,1170,67596,2213,71897,341,5013,2741,45119,980,52062,3082,97181,California
Santa Barbara,2021-03-17,3295,147801,970,68566,1920,73817,405,5418,2305,46839,988,53050,2708,99889,California
Santa Barbara,2021-03-18,5119,152920,2797,71363,2122,75939,200,5618,3899,49730,1208,54258,4099,103988,California
Santa Barbara,2021-03-19,4437,157357,2764,74127,1341,77280,332,5950,3049,51726,1384,55642,3380,107368,California
Santa Barbara,2021-03-20,2161,159518,827,74954,1323,78603,11,5961,1327,52231,832,56474,1337,108705,California
Santa Barbara,2021-03-21,1162,160680,382,75336,751,79354,29,5990,838,52775,323,56797,867,109572,California
Santa Barbara,2021-03-22,2775,163455,1912,77248,819,80173,44,6034,2223,54497,545,57342,2267,111839,California
Santa Barbara,2021-03-23,4470,167925,2248,79496,2126,82299,96,6130,3710,57553,750,58092,3806,115645,California
Santa Barbara,2021-03-24,5393,173318,3155,82651,1502,83801,736,6866,2962,58838,2412,60504,3697,119342,California
Santa Barbara,2021-03-25,5543,178861,3275,85926,2081,85882,187,7053,2774,59045,2754,63258,2961,122303,California
Santa Barbara,2021-03-26,5075,183936,3217,89143,1560,87442,298,7351,2236,58756,2823,66081,2534,124837,California
Santa Barbara,2021-03-27,2924,186860,1221,90364,1660,89102,43,7394,1593,59064,1326,67407,1634,126471,California
Santa Barbara,2021-03-28,2769,189629,1647,92011,1094,90196,28,7422,1886,60101,878,68285,1915,128386,California
Santa Barbara,2021-03-29,4042,193671,2086,94097,1887,92083,69,7491,3232,62598,804,69089,3301,131687,California
Santa Barbara,2021-03-30,6788,200459,3509,97606,3131,95214,148,7639,4561,65093,2212,71301,4707,136394,California
Santa Barbara,2021-03-31,8635,209094,5511,103117,3059,98273,65,7704,5057,66654,3561,74862,5122,141516,California
Santa Barbara,2021-04-01,6989,216083,5173,108290,1558,99831,258,7962,4143,68220,2833,77695,4399,145915,California
Santa Barbara,2021-04-02,6587,222670,4518,112808,1477,101308,592,8554,3377,68985,3202,80897,3967,149882,California
Santa Barbara,2021-04-03,3779,226449,2098,114906,1613,102921,68,8622,2491,70259,1284,82181,2558,152440,California
Santa Barbara,2021-04-04,896,227345,444,115350,412,103333,40,8662,498,70401,396,82577,538,152978,California
Santa Barbara,2021-04-05,3443,230788,2271,117621,915,104248,257,8919,2154,71529,1283,83860,2411,155389,California
Santa Barbara,2021-04-06,5437,236225,2805,120426,2098,106346,534,9453,3323,73284,2100,85960,3855,159244,California
Santa Barbara,2021-04-07,5976,242201,3277,123703,2159,108505,540,9993,4072,76000,1894,87854,4610,163854,California
Santa Barbara,2021-04-08,7373,249574,5023,128726,637,109142,1713,11706,3406,77152,3965,91819,5117,168971,California
Santa Barbara,2021-04-09,7282,256856,4860,133586,1077,110219,1345,13051,3295,77809,3979,95798,4636,173607,California
Santa Barbara,2021-04-10,6636,263492,4596,138182,1424,111643,616,13667,4514,80820,2118,97916,5129,178736,California
Santa Barbara,2021-04-11,2653,266145,1941,140123,414,112057,298,13965,1834,82134,814,98730,2128,180864,California
Santa Barbara,2021-04-12,4442,270587,2864,142987,1024,113081,554,14519,1937,82124,2499,101229,2489,183353,California
Santa Barbara,2021-04-13,6295,276882,4136,147123,2153,115234,6,14525,2609,81055,3683,104912,2614,185967,California
Santa Barbara,2021-04-14,6736,283618,4413,151536,2321,117555,2,14527,4222,82773,2505,107417,4223,190190,California
Santa Barbara,2021-04-15,6936,290554,4091,155627,2844,120399,1,14528,3844,83539,3080,110497,3846,194036,California
Santa Barbara,2021-04-16,6372,296926,3746,159373,2615,123014,11,14539,4393,85978,1964,112461,4403,198439,California
Santa Barbara,2021-04-17,5307,302233,3867,163240,1440,124454,0,14539,4103,88885,1196,113657,4103,202542,California
Santa Barbara,2021-04-18,2121,304354,1472,164712,649,125103,0,14539,370,87509,1747,115404,371,202913,California
Santa Barbara,2021-04-19,3198,307552,2217,166929,976,126079,5,14544,1002,86324,2193,117597,1008,203921,California
Santa Barbara,2021-04-20,5872,313424,3948,170877,1923,128002,1,14545,1661,83786,4199,121796,1661,205582,California
Santa Barbara,2021-04-21,5476,318900,3638,174515,1838,129840,0,14545,1750,81822,3714,125510,1750,207332,California
Santa Barbara,2021-04-22,5069,323969,2546,177061,2522,132362,1,14546,1463,79694,3593,129103,1465,208797,California
Santa Barbara,2021-04-23,5530,329499,3875,180936,1655,134017,0,14546,1956,78086,3564,132667,1956,210753,California
Santa Barbara,2021-04-24,4420,333919,2876,183812,1539,135556,5,14551,1666,77011,2746,135413,1671,212424,California
Santa Barbara,2021-04-25,1832,335751,1186,184998,646,136202,0,14551,500,76187,1324,136737,500,212924,California
Santa Barbara,2021-04-26,2853,338604,1776,186774,1057,137259,20,14571,430,74220,2417,139154,450,213374,California
Santa Barbara,2021-04-27,3570,342174,1985,188759,1498,138757,87,14658,1083,72910,2479,141633,1169,214543,California
Santa Barbara,2021-04-28,4647,346821,2731,191490,1801,140558,115,14773,1308,71006,3328,144961,1424,215967,California
Santa Barbara,2021-04-29,4740,351561,3564,195054,1023,141581,153,14926,1214,68860,3514,148475,1368,217335,California
Santa Barbara,2021-04-30,3607,355168,2927,197981,588,142169,92,15018,958,67267,2643,151118,1050,218385,California
Santa Barbara,2021-05-01,4292,359460,3545,201526,746,142915,1,15019,675,64334,3610,154728,677,219062,California
Santa Barbara,2021-05-02,661,360121,415,201941,162,143077,84,15103,185,64128,475,155203,269,219331,California
Santa Barbara,2021-05-03,758,360879,304,202245,419,143496,35,15138,288,63983,468,155671,323,219654,California
Santa Clara,2020-12-15,65,65,65,65,0,0,0,0,65,65,0,0,65,65,California
Santa Clara,2020-12-16,136,201,136,201,0,0,0,0,136,201,0,0,136,201,California
Santa Clara,2020-12-17,392,593,392,593,0,0,0,0,392,593,0,0,392,593,California
Santa Clara,2020-12-18,1673,2266,1673,2266,0,0,0,0,1673,2266,0,0,1673,2266,California
Santa Clara,2020-12-19,2077,4343,2077,4343,0,0,0,0,2076,4342,0,0,2076,4342,California
Santa Clara,2020-12-20,1897,6240,1891,6234,6,6,0,0,1894,6236,0,0,1894,6236,California
Santa Clara,2020-12-21,2670,8910,2670,8904,0,6,0,0,2668,8904,0,0,2668,8904,California
Santa Clara,2020-12-22,3122,12032,3113,12017,9,15,0,0,3119,12023,0,0,3119,12023,California
Santa Clara,2020-12-23,3257,15289,3072,15089,185,200,0,0,3255,15278,0,0,3255,15278,California
Santa Clara,2020-12-24,1897,17186,1711,16800,186,386,0,0,1891,17168,1,1,1891,17169,California
Santa Clara,2020-12-25,343,17529,342,17142,1,387,0,0,343,17511,0,1,343,17512,California
Santa Clara,2020-12-26,1263,18792,1031,18173,232,619,0,0,1262,18773,0,1,1262,18774,California
Santa Clara,2020-12-27,647,19439,507,18680,140,759,0,0,647,19420,0,1,647,19421,California
Santa Clara,2020-12-28,2330,21769,1728,20408,602,1361,0,0,2330,21750,0,1,2330,21751,California
Santa Clara,2020-12-29,2327,24096,1467,21875,860,2221,0,0,2325,24075,0,1,2325,24076,California
Santa Clara,2020-12-30,2991,27087,1900,23775,1091,3312,0,0,2989,27062,2,3,2989,27065,California
Santa Clara,2020-12-31,1210,28297,386,24161,824,4136,0,0,1209,28270,1,4,1209,28274,California
Santa Clara,2021-01-01,141,28438,10,24171,131,4267,0,0,140,28409,1,5,140,28414,California
Santa Clara,2021-01-02,1082,29520,813,24984,269,4536,0,0,1082,29491,0,5,1082,29496,California
Santa Clara,2021-01-03,583,30103,368,25352,215,4751,0,0,578,30066,3,8,578,30074,California
Santa Clara,2021-01-04,2468,32571,1669,27021,799,5550,0,0,2465,32531,0,8,2465,32539,California
Santa Clara,2021-01-05,3064,35635,2008,29029,1056,6606,0,0,2876,35226,187,195,2882,35421,California
Santa Clara,2021-01-06,3324,38959,1958,30987,1366,7972,0,0,2750,37407,570,765,2751,38172,California
Santa Clara,2021-01-07,4214,43173,2556,33543,1658,9630,0,0,3146,39500,1058,1823,3151,41323,California
Santa Clara,2021-01-08,5841,49014,3818,37361,2023,11653,0,0,3789,41241,2048,3871,3789,45112,California
Santa Clara,2021-01-09,2971,51985,1863,39224,1108,12761,0,0,1687,41647,1284,5155,1690,46802,California
Santa Clara,2021-01-10,1957,53942,1512,40736,445,13206,0,0,744,41179,1212,6367,744,47546,California
Santa Clara,2021-01-11,5937,59879,3737,44473,2200,15406,0,0,3375,41998,2561,8928,3380,50926,California
Santa Clara,2021-01-12,6802,66681,3399,47872,3403,18809,0,0,4559,44316,2242,11170,4560,55486,California
Santa Clara,2021-01-13,7364,74045,3044,50916,4320,23129,0,0,5198,47351,2164,13334,5199,60685,California
Santa Clara,2021-01-14,8223,82268,2789,53705,5434,28563,0,0,6485,52105,1733,15067,6487,67172,California
Santa Clara,2021-01-15,9451,91719,2682,56387,6769,35332,0,0,8135,58932,1313,16380,8140,75312,California
Santa Clara,2021-01-16,4299,96018,1226,57613,3073,38405,0,0,3467,61571,828,17208,3467,78779,California
Santa Clara,2021-01-17,3215,99233,603,58216,2612,41017,0,0,2718,63792,497,17705,2718,81497,California
Santa Clara,2021-01-18,5087,104320,1151,59367,3936,44953,0,0,4535,67776,552,18257,4536,86033,California
Santa Clara,2021-01-19,8469,112789,2665,62032,5804,50757,0,0,6795,72903,1671,19928,6798,92831,California
Santa Clara,2021-01-20,7998,120787,4026,66058,3972,54729,0,0,6456,77822,1537,21465,6456,99287,California
Santa Clara,2021-01-21,8553,129340,3647,69705,4906,59635,0,0,7399,84071,1152,22617,7401,106688,California
Santa Clara,2021-01-22,8583,137923,3203,72908,5380,65015,0,0,8020,91532,562,23179,8023,114711,California
Santa Clara,2021-01-23,3781,141704,1688,74596,2093,67108,0,0,2823,93398,958,24137,2824,117535,California
Santa Clara,2021-01-24,2824,144528,1421,76017,1403,68511,0,0,2337,95251,484,24621,2337,119872,California
Santa Clara,2021-01-25,8371,152899,3784,79801,4587,73098,0,0,6308,99508,2055,26676,6312,126184,California
Santa Clara,2021-01-26,8234,161133,3765,83566,4469,77567,0,0,6118,103522,2106,28782,6120,132304,California
Santa Clara,2021-01-27,8708,169841,3824,87390,4884,82451,0,0,6786,108408,1901,30683,6787,139091,California
Santa Clara,2021-01-28,9451,179292,3791,91181,5660,88111,0,0,7497,113975,1934,32617,7501,146592,California
Santa Clara,2021-01-29,9502,188794,3938,95119,5564,93675,0,0,7334,119151,2159,34776,7335,153927,California
Santa Clara,2021-01-30,4180,192974,2071,97190,2109,95784,0,0,2975,120929,1198,35974,2976,156903,California
Santa Clara,2021-01-31,2172,195146,1303,98493,869,96653,0,0,1581,121922,588,36562,1581,158484,California
Santa Clara,2021-02-01,7829,202975,3484,101977,4345,100998,0,0,6142,126385,1680,38242,6143,164627,California
Santa Clara,2021-02-02,8517,211492,2872,104849,5645,106643,0,0,6523,130923,1988,40230,6526,171153,California
Santa Clara,2021-02-03,9194,220686,3482,108331,5712,112355,0,0,6918,135577,2270,42500,6924,178077,California
Santa Clara,2021-02-04,10884,231570,4116,112447,6768,119123,0,0,8605,141916,2269,44769,8608,186685,California
Santa Clara,2021-02-05,11905,243475,4343,116790,7562,126685,0,0,8447,146921,3443,48212,8448,195133,California
Santa Clara,2021-02-06,5181,248656,2817,119607,2364,129049,0,0,4018,149782,1159,49371,4020,199153,California
Santa Clara,2021-02-07,3472,252128,2347,121954,1125,130174,0,0,3019,152350,452,49823,3020,202173,California
Santa Clara,2021-02-08,10006,262134,3479,125433,6527,136701,0,0,7291,156941,2701,52524,7292,209465,California
Santa Clara,2021-02-09,11150,273284,3813,129246,7337,144038,0,0,7672,161148,3468,55992,7675,217140,California
Santa Clara,2021-02-10,12621,285905,4895,134141,7726,151764,0,0,6896,162334,5712,61704,6898,224038,California
Santa Clara,2021-02-11,13477,299382,4710,138851,8767,160531,0,0,7683,164238,5780,67484,7684,231722,California
Santa Clara,2021-02-12,14535,313917,4484,143335,10051,170582,0,0,7010,163745,7505,74989,7012,238734,California
Santa Clara,2021-02-13,6062,319979,1450,144785,4612,175194,0,0,2210,162111,3846,78835,2212,240946,California
Santa Clara,2021-02-14,4613,324592,1140,145925,3473,178667,0,0,1468,160437,3144,81979,1470,242416,California
Santa Clara,2021-02-15,6249,330841,2796,148721,3453,182120,0,0,2703,159601,3539,85518,2703,245119,California
Santa Clara,2021-02-16,13756,344597,3994,152715,9762,191882,0,0,6924,159710,6815,92333,6924,252043,California
Santa Clara,2021-02-17,14061,358658,5487,158202,8574,200456,0,0,7046,159764,6997,99330,7051,259094,California
Santa Clara,2021-02-18,14175,372833,8351,166553,5824,206280,0,0,7227,160088,6906,106236,7230,266324,California
Santa Clara,2021-02-19,14796,387629,9516,176069,5280,211560,0,0,8610,162532,6170,112406,8614,274938,California
Santa Clara,2021-02-20,6811,394440,5098,181167,1713,213273,0,0,3674,163078,3128,115534,3674,278612,California
Santa Clara,2021-02-21,3244,397684,2428,183595,816,214089,0,0,1165,162174,2071,117605,1167,279779,California
Santa Clara,2021-02-22,10152,407836,6081,189676,4071,218160,0,0,4736,161505,5406,123011,4737,284516,California
Santa Clara,2021-02-23,11863,419699,7699,197375,4164,222324,0,0,6733,163125,5117,128128,6737,291253,California
Santa Clara,2021-02-24,14124,433823,9094,206469,5030,227354,0,0,8744,166505,5364,133492,8744,299997,California
Santa Clara,2021-02-25,14586,448409,9233,215702,5353,232707,0,0,7874,167693,6691,140183,7879,307876,California
Santa Clara,2021-02-26,14551,462960,8435,224137,6116,238823,0,0,7997,169165,6528,146711,8000,315876,California
Santa Clara,2021-02-27,8055,471015,5494,229631,2560,241383,1,1,4455,170038,3590,150301,4463,320339,California
Santa Clara,2021-02-28,4714,475729,3067,232698,1647,243030,0,1,2202,169737,2503,152804,2202,322541,California
Santa Clara,2021-03-01,14062,489791,7971,240669,6088,249118,3,4,8702,173102,5340,158144,8705,331246,California
Santa Clara,2021-03-02,15851,505642,9385,250054,6466,255584,0,4,10108,177492,5719,163863,10109,341355,California
Santa Clara,2021-03-03,18414,524056,9036,259090,9377,264961,1,5,11443,182008,6934,170797,11450,352805,California
Santa Clara,2021-03-04,16370,540426,8921,268011,7446,272407,3,8,9544,184807,6750,177547,9549,362354,California
Santa Clara,2021-03-05,16453,556879,9131,277142,7197,279604,125,133,9123,186748,7311,184858,9252,371606,California
Santa Clara,2021-03-06,9352,566231,6268,283410,2649,282253,435,568,7045,191934,2294,187152,7480,379086,California
Santa Clara,2021-03-07,6719,572950,4409,287819,2079,284332,231,799,5353,196159,1358,188510,5583,384669,California
Santa Clara,2021-03-08,12833,585783,6678,294497,5593,289925,562,1361,8220,200346,4596,193106,8783,393452,California
Santa Clara,2021-03-09,14902,600685,6213,300710,7361,297286,1328,2689,6592,199972,8292,201398,7918,401370,California
Santa Clara,2021-03-10,14993,615678,6471,307181,6419,303705,2103,4792,6107,199301,8861,210259,8190,409560,California
Santa Clara,2021-03-11,16985,632663,7733,314914,7749,311454,1503,6295,6035,195904,10923,221182,7526,417086,California
Santa Clara,2021-03-12,17620,650283,9062,323976,6990,318444,1568,7863,5946,191769,11634,232816,7499,424585,California
Santa Clara,2021-03-13,10693,660976,6188,330164,3017,321461,1488,9351,4788,192147,5882,238698,6260,430845,California
Santa Clara,2021-03-14,6475,667451,3350,333514,1824,323285,1301,10652,3197,193373,3263,241961,4489,435334,California
Santa Clara,2021-03-15,12741,680192,6516,340030,5957,329242,268,10920,5966,192855,6753,248714,6235,441569,California
Santa Clara,2021-03-16,18121,698313,10247,350277,7666,336908,208,11128,8781,192530,9312,258026,8987,450556,California
Santa Clara,2021-03-17,19802,718115,11215,361492,8419,345327,168,11296,10222,193382,9533,267559,10385,460941,California
Santa Clara,2021-03-18,18972,737087,8870,370362,8942,354269,1160,12456,9033,193683,9887,277446,10188,471129,California
Santa Clara,2021-03-19,19151,756238,9847,380209,8307,362576,997,13453,9943,195464,9151,286597,10932,482061,California
Santa Clara,2021-03-20,11456,767694,6289,386498,4340,366916,827,14280,6737,198333,4691,291288,7560,489621,California
Santa Clara,2021-03-21,8247,775941,3725,390223,3123,370039,1399,15679,5535,202554,2702,293990,6923,496544,California
Santa Clara,2021-03-22,16238,792179,9053,399276,6842,376881,343,16022,9281,205245,6933,300923,9624,506168,California
Santa Clara,2021-03-23,19140,811319,12178,411454,6449,383330,513,16535,11229,209121,7866,308789,11742,517910,California
Santa Clara,2021-03-24,22502,833821,14496,425950,7597,390927,409,16944,14616,216304,7844,316633,15027,532937,California
Santa Clara,2021-03-25,22815,856636,13060,439010,8771,399698,984,17928,14731,223986,8022,324655,15704,548641,California
Santa Clara,2021-03-26,21813,878449,13896,452906,7534,407232,383,18311,13494,229577,8281,332936,13872,562513,California
Santa Clara,2021-03-27,15597,894046,10380,463286,4454,411686,763,19074,8408,231596,7148,340084,9167,571680,California
Santa Clara,2021-03-28,11985,906031,8293,471579,2979,414665,713,19787,6485,233314,5475,345559,7193,578873,California
Santa Clara,2021-03-29,20509,926540,12585,484164,7199,421864,725,20512,11176,235913,9295,354854,11894,590767,California
Santa Clara,2021-03-30,25490,952030,15178,499342,8379,430243,1933,22445,16313,245009,9144,363998,18240,609007,California
Santa Clara,2021-03-31,20305,972335,11774,511116,7407,437650,1124,23569,12555,250965,7714,371712,13670,622677,California
Santa Clara,2021-04-01,31442,1003777,19651,530767,8801,446451,2990,26559,19884,262323,11499,383211,22857,645534,California
Santa Clara,2021-04-02,24906,1028683,14215,544982,8579,455030,2112,28671,16267,272085,8610,391821,18372,663906,California
Santa Clara,2021-04-03,15114,1043797,9171,554153,3460,458490,2483,31154,8396,276258,6699,398520,10872,674778,California
Santa Clara,2021-04-04,7568,1051365,4005,558158,2409,460899,1154,32308,3934,277720,3625,402145,5087,679865,California
Santa Clara,2021-04-05,21548,1072913,14365,572523,4725,465624,2458,34766,14051,286753,7473,409618,16506,696371,California
Santa Clara,2021-04-06,29126,1102039,16006,588529,7712,473336,5408,40174,17444,297951,11642,421260,22840,719211,California
Santa Clara,2021-04-07,30484,1132523,15735,604264,8328,481664,6421,46595,18612,311143,11821,433081,25013,744224,California
Santa Clara,2021-04-08,29514,1162037,16096,620360,5927,487591,7491,54086,16052,321271,13392,446473,23520,767744,California
Santa Clara,2021-04-09,27540,1189577,13626,633986,6752,494343,7162,61248,14029,328979,13457,459930,21165,788909,California
Santa Clara,2021-04-10,21161,1210738,12237,646223,3735,498078,5189,66437,11324,335658,9806,469736,16485,805394,California
Santa Clara,2021-04-11,15890,1226628,9505,655728,2629,500707,3756,70193,8222,339987,7638,477374,11967,817361,California
Santa Clara,2021-04-12,26648,1253276,18758,674486,5486,506193,2404,72597,18177,352146,8419,485793,20578,837939,California
Santa Clara,2021-04-13,33944,1287220,26736,701222,7182,513375,26,72623,26192,370711,7676,493469,26241,864180,California
Santa Clara,2021-04-14,36363,1323583,27565,728787,8795,522170,3,72626,25848,386134,10455,503924,25878,890058,California
Santa Clara,2021-04-15,43713,1367296,33926,762713,9787,531957,0,72626,33713,409972,9899,513823,33737,923795,California
Santa Clara,2021-04-16,37749,1405045,26132,788845,11615,543572,2,72628,27315,426945,10367,524190,27340,951135,California
Santa Clara,2021-04-17,21494,1426539,14943,803788,6550,550122,1,72629,14969,435445,6485,530675,14985,966120,California
Santa Clara,2021-04-18,16305,1442844,10575,814363,5730,555852,0,72629,10213,439610,6058,536733,10223,976343,California
Santa Clara,2021-04-19,28515,1471359,20592,834955,7922,563774,1,72630,17114,445419,11334,548067,17143,993486,California
Santa Clara,2021-04-20,36624,1507983,22197,857152,14427,578201,0,72630,22464,453855,14057,562124,22493,1015979,California
Santa Clara,2021-04-21,36429,1544412,21008,878160,15420,593621,1,72631,24070,465681,12277,574401,24103,1040082,California
Santa Clara,2021-04-22,36891,1581303,24516,902676,12374,605995,1,72632,17367,463679,19428,593829,17426,1057508,California
Santa Clara,2021-04-23,31688,1612991,19261,921937,12427,618422,0,72632,14867,461872,16719,610548,14912,1072420,California
Santa Clara,2021-04-24,20359,1633350,14718,936655,5640,624062,1,72633,11328,464263,8964,619512,11355,1083775,California
Santa Clara,2021-04-25,12969,1646319,9235,945890,3727,627789,7,72640,8067,467501,4857,624369,8095,1091870,California
Santa Clara,2021-04-26,21244,1667563,16148,962038,5039,632828,57,72697,8245,462913,12908,637277,8320,1100190,California
Santa Clara,2021-04-27,24374,1691937,17079,979117,7008,639836,287,72984,10363,459670,13927,651204,10684,1110874,California
Santa Clara,2021-04-28,23818,1715755,17279,996396,6099,645935,440,73424,9584,455581,14163,665367,10074,1120948,California
Santa Clara,2021-04-29,20713,1736468,14934,1011330,5397,651332,382,73806,7393,450154,13262,678629,7835,1128783,California
Santa Clara,2021-04-30,17454,1753922,12162,1023492,5175,656507,117,73923,7205,447342,10197,688826,7385,1136168,California
Santa Clara,2021-05-01,12570,1766492,10959,1034451,1551,658058,60,73983,4327,443553,8215,697041,4426,1140594,California
Santa Clara,2021-05-02,7216,1773708,6462,1040913,677,658735,77,74060,2631,441718,4557,701598,2722,1143316,California
Santa Clara,2021-05-03,7158,1780866,5319,1046232,1729,660464,110,74170,2256,439221,4882,706480,2385,1145701,California
Santa Cruz,2020-12-15,2,2,2,2,0,0,0,0,2,2,0,0,2,2,California
Santa Cruz,2020-12-16,58,60,58,60,0,0,0,0,58,60,0,0,58,60,California
Santa Cruz,2020-12-17,389,449,389,449,0,0,0,0,389,449,0,0,389,449,California
Santa Cruz,2020-12-18,464,913,464,913,0,0,0,0,464,913,0,0,464,913,California
Santa Cruz,2020-12-19,179,1092,178,1091,1,1,0,0,179,1092,0,0,179,1092,California
Santa Cruz,2020-12-20,95,1187,95,1186,0,1,0,0,95,1187,0,0,95,1187,California
Santa Cruz,2020-12-21,435,1622,435,1621,0,1,0,0,435,1622,0,0,435,1622,California
Santa Cruz,2020-12-22,424,2046,423,2044,1,2,0,0,424,2046,0,0,424,2046,California
Santa Cruz,2020-12-23,372,2418,329,2373,43,45,0,0,372,2418,0,0,372,2418,California
Santa Cruz,2020-12-24,125,2543,49,2422,76,121,0,0,125,2543,0,0,125,2543,California
Santa Cruz,2020-12-25,11,2554,11,2433,0,121,0,0,11,2554,0,0,11,2554,California
Santa Cruz,2020-12-26,64,2618,45,2478,19,140,0,0,64,2618,0,0,64,2618,California
Santa Cruz,2020-12-27,32,2650,27,2505,5,145,0,0,32,2650,0,0,32,2650,California
Santa Cruz,2020-12-28,485,3135,108,2613,377,522,0,0,485,3135,0,0,485,3135,California
Santa Cruz,2020-12-29,799,3934,370,2983,429,951,0,0,799,3934,0,0,799,3934,California
Santa Cruz,2020-12-30,356,4290,164,3147,192,1143,0,0,356,4290,0,0,356,4290,California
Santa Cruz,2020-12-31,313,4603,11,3158,302,1445,0,0,313,4603,0,0,313,4603,California
Santa Cruz,2021-01-01,33,4636,1,3159,32,1477,0,0,33,4636,0,0,33,4636,California
Santa Cruz,2021-01-02,71,4707,57,3216,14,1491,0,0,71,4707,0,0,71,4707,California
Santa Cruz,2021-01-03,15,4722,7,3223,8,1499,0,0,15,4722,0,0,15,4722,California
Santa Cruz,2021-01-04,281,5003,123,3346,158,1657,0,0,279,5001,0,0,279,5001,California
Santa Cruz,2021-01-05,566,5569,428,3774,138,1795,0,0,264,4963,302,302,264,5265,California
Santa Cruz,2021-01-06,803,6372,670,4444,133,1928,0,0,464,5089,338,640,464,5729,California
Santa Cruz,2021-01-07,539,6911,212,4656,327,2255,0,0,386,5323,153,793,387,6116,California
Santa Cruz,2021-01-08,935,7846,562,5218,373,2628,0,0,487,5363,448,1241,488,6604,California
Santa Cruz,2021-01-09,464,8310,123,5341,341,2969,0,0,410,5719,54,1295,410,7014,California
Santa Cruz,2021-01-10,80,8390,70,5411,10,2979,0,0,21,5681,59,1354,21,7035,California
Santa Cruz,2021-01-11,724,9114,590,6001,134,3113,0,0,191,5340,533,1887,192,7227,California
Santa Cruz,2021-01-12,736,9850,532,6533,204,3317,0,0,493,5590,243,2130,493,7720,California
Santa Cruz,2021-01-13,525,10375,228,6761,297,3614,0,0,441,5950,81,2211,441,8161,California
Santa Cruz,2021-01-14,555,10930,101,6862,454,4068,0,0,489,6373,66,2277,489,8650,California
Santa Cruz,2021-01-15,1458,12388,77,6939,1381,5449,0,0,1393,7704,64,2341,1395,10045,California
Santa Cruz,2021-01-16,427,12815,54,6993,373,5822,0,0,408,8093,19,2360,408,10453,California
Santa Cruz,2021-01-17,297,13112,41,7034,256,6078,0,0,272,8340,25,2385,272,10725,California
Santa Cruz,2021-01-18,1016,14128,106,7140,910,6988,0,0,954,9232,62,2447,954,11679,California
Santa Cruz,2021-01-19,1622,15750,524,7664,1098,8086,0,0,1269,10151,351,2798,1270,12949,California
Santa Cruz,2021-01-20,1237,16987,183,7847,1054,9140,0,0,1040,10997,194,2992,1040,13989,California
Santa Cruz,2021-01-21,1711,18698,200,8047,1511,10651,0,0,1603,12494,108,3100,1605,15594,California
Santa Cruz,2021-01-22,1797,20495,532,8579,1265,11916,0,0,1695,14091,99,3199,1696,17290,California
Santa Cruz,2021-01-23,402,20897,147,8726,255,12171,0,0,342,14374,59,3258,342,17632,California
Santa Cruz,2021-01-24,116,21013,21,8747,95,12266,0,0,98,14454,18,3276,98,17730,California
Santa Cruz,2021-01-25,1063,22076,361,9108,702,12968,0,0,552,14495,511,3787,552,18282,California
Santa Cruz,2021-01-26,1695,23771,248,9356,1447,14415,0,0,1183,15166,512,4299,1183,19465,California
Santa Cruz,2021-01-27,1653,25424,449,9805,1204,15619,0,0,1269,16053,382,4681,1269,20734,California
Santa Cruz,2021-01-28,1749,27173,292,10097,1457,17076,0,0,1472,17249,277,4958,1473,22207,California
Santa Cruz,2021-01-29,1735,28908,490,10587,1245,18321,0,0,1605,18725,129,5087,1605,23812,California
Santa Cruz,2021-01-30,1060,29968,309,10896,751,19072,0,0,926,19517,134,5221,926,24738,California
Santa Cruz,2021-01-31,222,30190,113,11009,109,19181,0,0,208,19711,14,5235,208,24946,California
Santa Cruz,2021-02-01,1233,31423,760,11769,473,19654,0,0,826,20130,407,5642,826,25772,California
Santa Cruz,2021-02-02,1011,32434,128,11897,883,20537,0,0,856,20832,154,5796,856,26628,California
Santa Cruz,2021-02-03,2237,34671,960,12857,1277,21814,0,0,1922,22443,311,6107,1922,28550,California
Santa Cruz,2021-02-04,1854,36525,773,13630,1081,22895,0,0,1518,23626,335,6442,1518,30068,California
Santa Cruz,2021-02-05,3170,39695,792,14422,2378,25273,0,0,2849,26155,320,6762,2849,32917,California
Santa Cruz,2021-02-06,2588,42283,164,14586,2424,27697,0,0,2241,28049,347,7109,2241,35158,California
Santa Cruz,2021-02-07,909,43192,122,14708,787,28484,0,0,891,28922,18,7127,891,36049,California
Santa Cruz,2021-02-08,717,43909,203,14911,514,28998,0,0,516,29238,200,7327,516,36565,California
Santa Cruz,2021-02-09,2377,46286,1057,15968,1320,30318,0,0,2110,31085,263,7590,2110,38675,California
Santa Cruz,2021-02-10,2203,48489,580,16548,1623,31941,0,0,1503,31898,691,8281,1504,40179,California
Santa Cruz,2021-02-11,1857,50346,317,16865,1540,33481,0,0,1330,32703,525,8806,1330,41509,California
Santa Cruz,2021-02-12,3226,53572,422,17287,2804,36285,0,0,1817,33122,1400,10206,1819,43328,California
Santa Cruz,2021-02-13,1712,55284,124,17411,1588,37873,0,0,1298,34006,414,10620,1298,44626,California
Santa Cruz,2021-02-14,1409,56693,70,17481,1339,39212,0,0,1145,34887,264,10884,1145,45771,California
Santa Cruz,2021-02-15,1583,58276,280,17761,1303,40515,0,0,566,34437,1017,11901,567,46338,California
Santa Cruz,2021-02-16,1698,59974,208,17969,1490,42005,0,0,539,33839,1137,13038,539,46877,California
Santa Cruz,2021-02-17,2922,62896,976,18945,1946,43951,0,0,1221,33375,1688,14726,1224,48101,California
Santa Cruz,2021-02-18,2882,65778,638,19583,2244,46195,0,0,1231,32959,1647,16373,1231,49332,California
Santa Cruz,2021-02-19,3266,69044,1145,20728,2121,48316,0,0,2007,33710,1256,17629,2007,51339,California
Santa Cruz,2021-02-20,2387,71431,1499,22227,888,49204,0,0,1894,35111,493,18122,1894,53233,California
Santa Cruz,2021-02-21,829,72260,362,22589,467,49671,0,0,703,35690,124,18246,703,53936,California
Santa Cruz,2021-02-22,1258,73518,967,23556,291,49962,0,0,535,35504,721,18967,535,54471,California
Santa Cruz,2021-02-23,2100,75618,939,24495,1161,51123,0,0,711,34827,1388,20355,711,55182,California
Santa Cruz,2021-02-24,3185,78803,1663,26158,1522,52645,0,0,1207,34060,1974,22329,1207,56389,California
Santa Cruz,2021-02-25,3241,82044,1431,27589,1810,54455,0,0,1782,34391,1452,23781,1783,58172,California
Santa Cruz,2021-02-26,2726,84770,764,28353,1962,56417,0,0,1551,34773,1171,24952,1553,59725,California
Santa Cruz,2021-02-27,2634,87404,930,29283,1704,58121,0,0,1835,35810,798,25750,1835,61560,California
Santa Cruz,2021-02-28,1301,88705,361,29644,940,59061,0,0,1087,36686,211,25961,1087,62647,California
Santa Cruz,2021-03-01,1829,90534,1256,30900,573,59634,0,0,689,36238,1137,27098,689,63336,California
Santa Cruz,2021-03-02,1534,92068,361,31261,1173,60807,0,0,856,36421,676,27774,859,64195,California
Santa Cruz,2021-03-03,2361,94429,624,31885,1737,62544,0,0,1290,36643,1068,28842,1290,65485,California
Santa Cruz,2021-03-04,3015,97444,1412,33297,1602,64146,1,1,2030,37701,974,29816,2032,67517,California
Santa Cruz,2021-03-05,2613,100057,487,33784,2108,66254,18,19,1133,37375,1477,31293,1151,68668,California
Santa Cruz,2021-03-06,3871,103928,1347,35131,2419,68673,105,124,2159,37925,1712,33005,2262,70930,California
Santa Cruz,2021-03-07,1347,105275,129,35260,1144,69817,74,198,556,37765,790,33795,630,71560,California
Santa Cruz,2021-03-08,1083,106358,219,35479,735,70552,129,327,651,38114,431,34226,780,72340,California
Santa Cruz,2021-03-09,1776,108134,244,35723,1385,71937,147,474,702,37891,1072,35298,849,73189,California
Santa Cruz,2021-03-10,3863,111997,2090,37813,1623,73560,150,624,1997,38176,1864,37162,2149,75338,California
Santa Cruz,2021-03-11,2806,114803,1220,39033,1412,74972,174,798,1547,38641,1258,38420,1723,77061,California
Santa Cruz,2021-03-12,2760,117563,892,39925,1576,76548,292,1090,910,37996,1846,40266,1201,78262,California
Santa Cruz,2021-03-13,2312,119875,1334,41259,934,77482,44,1134,1179,38089,1131,41397,1224,79486,California
Santa Cruz,2021-03-14,906,120781,217,41476,675,78157,14,1148,441,38080,463,41860,454,79940,California
Santa Cruz,2021-03-15,1356,122137,484,41960,836,78993,36,1184,583,37930,770,42630,620,80560,California
Santa Cruz,2021-03-16,2318,124455,1088,43048,1188,80181,42,1226,1341,38338,974,43604,1382,81942,California
Santa Cruz,2021-03-17,3869,128324,2233,45281,1626,81807,10,1236,2523,39532,1342,44946,2536,84478,California
Santa Cruz,2021-03-18,3870,132194,2094,47375,1656,83463,120,1356,2072,39929,1795,46741,2192,86670,California
Santa Cruz,2021-03-19,3280,135474,1322,48697,1733,85196,225,1581,1654,40187,1621,48362,1879,88549,California
Santa Cruz,2021-03-20,2169,137643,1614,50311,518,85714,37,1618,1096,40250,1070,49432,1133,89682,California
Santa Cruz,2021-03-21,827,138470,440,50751,265,85979,122,1740,444,40436,381,49813,567,90249,California
Santa Cruz,2021-03-22,1378,139848,851,51602,505,86484,22,1762,946,40976,429,50242,969,91218,California
Santa Cruz,2021-03-23,2567,142415,1442,53044,1075,87559,50,1812,1712,41885,853,51095,1762,92980,California
Santa Cruz,2021-03-24,3026,145441,2034,55078,971,88530,21,1833,1996,42876,1025,52120,2016,94996,California
Santa Cruz,2021-03-25,2648,148089,1330,56408,1283,89813,35,1868,1357,42984,1284,53404,1392,96388,California
Santa Cruz,2021-03-26,3039,151128,1835,58243,1177,90990,27,1895,2055,44089,977,54381,2082,98470,California
Santa Cruz,2021-03-27,3240,154368,2014,60257,1201,92191,25,1920,1529,43942,1702,56083,1555,100025,California
Santa Cruz,2021-03-28,932,155300,572,60829,346,92537,14,1934,495,44018,433,56516,509,100534,California
Santa Cruz,2021-03-29,1978,157278,884,61713,1026,93563,68,2002,1279,44669,696,57212,1347,101881,California
Santa Cruz,2021-03-30,2729,160007,820,62533,1746,95309,163,2165,1756,45616,971,58183,1918,103799,California
Santa Cruz,2021-03-31,4083,164090,2731,65264,1304,96613,48,2213,2100,45785,1979,60162,2148,105947,California
Santa Cruz,2021-04-01,4027,168117,2155,67419,1765,98378,107,2320,2028,45927,1993,62155,2135,108082,California
Santa Cruz,2021-04-02,3146,171263,1426,68845,1538,99916,182,2502,1739,46446,1402,63557,1921,110003,California
Santa Cruz,2021-04-03,2260,173523,1232,70077,893,100809,135,2637,888,46099,1369,64926,1022,111025,California
Santa Cruz,2021-04-04,936,174459,491,70568,390,101199,55,2692,550,46318,386,65312,605,111630,California
Santa Cruz,2021-04-05,2261,176720,796,71364,1294,102493,171,2863,1391,47011,869,66181,1562,113192,California
Santa Cruz,2021-04-06,3407,180127,1655,73019,1367,103860,385,3248,1971,47938,1426,67607,2353,115545,California
Santa Cruz,2021-04-07,4154,184281,1639,74658,2152,106012,363,3611,1863,47876,2287,69894,2225,117770,California
Santa Cruz,2021-04-08,4271,188552,2351,77009,1403,107415,517,4128,2511,49151,1751,71645,3026,120796,California
Santa Cruz,2021-04-09,3569,192121,1510,78519,1658,109073,401,4529,1961,49912,1602,73247,2363,123159,California
Santa Cruz,2021-04-10,2261,194382,1091,79610,919,109992,251,4780,1067,50039,1190,74437,1317,124476,California
Santa Cruz,2021-04-11,995,195377,520,80130,383,110375,92,4872,480,50096,515,74952,572,125048,California
Santa Cruz,2021-04-12,2292,197669,826,80956,1039,111414,427,5299,1097,50439,1180,76132,1523,126571,California
Santa Cruz,2021-04-13,2890,200559,1453,82409,1435,112849,2,5301,1625,50806,1260,77392,1627,128198,California
Santa Cruz,2021-04-14,4637,205196,2258,84667,2379,115228,0,5301,2377,50934,2251,79643,2379,130577,California
Santa Cruz,2021-04-15,4957,210153,3143,87810,1814,117042,0,5301,3147,52282,1799,81442,3147,133724,California
Santa Cruz,2021-04-16,4427,214580,2544,90354,1881,118923,2,5303,2471,52808,1948,83390,2474,136198,California
Santa Cruz,2021-04-17,2268,216848,895,91249,1373,120296,0,5303,1508,53558,758,84148,1508,137706,California
Santa Cruz,2021-04-18,1072,217920,514,91763,558,120854,0,5303,598,53684,472,84620,598,138304,California
Santa Cruz,2021-04-19,2438,220358,1528,93291,909,121763,1,5304,1504,54257,931,85551,1504,139808,California
Santa Cruz,2021-04-20,3136,223494,1707,94998,1429,123192,0,5304,1784,54701,1341,86892,1785,141593,California
Santa Cruz,2021-04-21,4274,227768,2897,97895,1377,124569,0,5304,2408,55258,1851,88743,2408,144001,California
Santa Cruz,2021-04-22,4340,232108,2925,100820,1415,125984,0,5304,2440,55808,1890,90633,2440,146441,California
Santa Cruz,2021-04-23,3080,235188,1745,102565,1334,127318,1,5305,1387,55511,1685,92318,1388,147829,California
Santa Cruz,2021-04-24,2252,237440,1084,103649,1165,128483,3,5308,692,54656,1550,93868,695,148524,California
Santa Cruz,2021-04-25,1095,238535,700,104349,383,128866,12,5320,451,54482,636,94504,462,148986,California
Santa Cruz,2021-04-26,1769,240304,904,105253,850,129716,15,5335,663,54065,1097,95601,680,149666,California
Santa Cruz,2021-04-27,2763,243067,844,106097,1855,131571,64,5399,1379,54128,1380,96981,1443,151109,California
Santa Cruz,2021-04-28,3346,246413,1870,107967,1402,132973,74,5473,1735,54334,1601,98582,1807,152916,California
Santa Cruz,2021-04-29,3041,249454,2070,110037,917,133890,54,5527,1056,53471,1974,100556,1111,154027,California
Santa Cruz,2021-04-30,1453,250907,806,110843,646,134536,1,5528,633,53289,816,101372,634,154661,California
Santa Cruz,2021-05-01,836,251743,768,111611,64,134600,4,5532,416,53292,418,101790,421,155082,California
Santa Cruz,2021-05-02,308,252051,282,111893,26,134626,0,5532,84,53154,224,102014,86,155168,California
Santa Cruz,2021-05-03,1069,253120,437,112330,620,135246,12,5544,320,52740,746,102760,332,155500,California
Shasta,2020-12-16,131,131,131,131,0,0,0,0,131,131,0,0,131,131,California
Shasta,2020-12-17,417,548,417,548,0,0,0,0,417,548,0,0,417,548,California
Shasta,2020-12-18,166,714,166,714,0,0,0,0,166,714,0,0,166,714,California
Shasta,2020-12-19,1,715,1,715,0,0,0,0,1,715,0,0,1,715,California
Shasta,2020-12-21,79,794,79,794,0,0,0,0,79,794,0,0,79,794,California
Shasta,2020-12-22,191,985,186,980,5,5,0,0,191,985,0,0,191,985,California
Shasta,2020-12-23,173,1158,169,1149,4,9,0,0,173,1158,0,0,173,1158,California
Shasta,2020-12-24,18,1176,18,1167,0,9,0,0,18,1176,0,0,18,1176,California
Shasta,2020-12-26,4,1180,1,1168,3,12,0,0,4,1180,0,0,4,1180,California
Shasta,2020-12-27,1,1181,0,1168,1,13,0,0,1,1181,0,0,1,1181,California
Shasta,2020-12-28,40,1221,31,1199,9,22,0,0,40,1221,0,0,40,1221,California
Shasta,2020-12-29,186,1407,185,1384,1,23,0,0,186,1407,0,0,186,1407,California
Shasta,2020-12-30,178,1585,168,1552,10,33,0,0,178,1585,0,0,178,1585,California
Shasta,2020-12-31,83,1668,2,1554,81,114,0,0,83,1668,0,0,83,1668,California
Shasta,2021-01-02,2,1670,0,1554,2,116,0,0,2,1670,0,0,2,1670,California
Shasta,2021-01-03,1,1671,1,1555,0,116,0,0,1,1671,0,0,1,1671,California
Shasta,2021-01-04,371,2042,305,1860,66,182,0,0,372,2043,0,0,372,2043,California
Shasta,2021-01-05,335,2377,314,2174,21,203,0,0,254,2216,81,81,254,2297,California
Shasta,2021-01-06,466,2843,395,2569,71,274,0,0,204,2159,261,342,204,2501,California
Shasta,2021-01-07,124,2967,36,2605,88,362,0,0,103,2241,21,363,103,2604,California
Shasta,2021-01-08,525,3492,448,3053,77,439,0,0,317,2350,208,571,317,2921,California
Shasta,2021-01-09,72,3564,63,3116,9,448,0,0,70,2418,2,573,70,2991,California
Shasta,2021-01-10,5,3569,0,3116,5,453,0,0,4,2422,1,574,5,2996,California
Shasta,2021-01-11,407,3976,184,3300,223,676,0,0,372,2759,35,609,372,3368,California
Shasta,2021-01-12,484,4460,327,3627,157,833,0,0,310,2895,174,783,310,3678,California
Shasta,2021-01-13,599,5059,267,3894,332,1165,0,0,430,3156,169,952,430,4108,California
Shasta,2021-01-14,499,5558,51,3945,448,1613,0,0,481,3619,18,970,481,4589,California
Shasta,2021-01-15,691,6249,136,4081,555,2168,0,0,689,4306,2,972,689,5278,California
Shasta,2021-01-16,898,7147,54,4135,844,3012,0,0,895,5198,3,975,895,6173,California
Shasta,2021-01-17,27,7174,6,4141,21,3033,0,0,23,5217,4,979,23,6196,California
Shasta,2021-01-18,599,7773,129,4270,470,3503,0,0,591,5800,8,987,591,6787,California
Shasta,2021-01-19,1058,8831,398,4668,660,4163,0,0,910,6562,148,1135,910,7697,California
Shasta,2021-01-20,677,9508,409,5077,268,4431,0,0,493,6876,179,1314,493,8190,California
Shasta,2021-01-21,630,10138,277,5354,353,4784,0,0,607,7460,23,1337,607,8797,California
Shasta,2021-01-22,445,10583,171,5525,274,5058,0,0,439,7893,6,1343,439,9236,California
Shasta,2021-01-23,68,10651,5,5530,63,5121,0,0,67,7959,1,1344,67,9303,California
Shasta,2021-01-24,25,10676,2,5532,23,5144,0,0,24,7982,1,1345,24,9327,California
Shasta,2021-01-25,749,11425,490,6022,259,5403,0,0,464,8162,284,1629,464,9791,California
Shasta,2021-01-26,710,12135,333,6355,377,5780,0,0,476,8406,232,1861,476,10267,California
Shasta,2021-01-27,459,12594,179,6534,280,6060,0,0,410,8767,49,1910,410,10677,California
Shasta,2021-01-28,886,13480,576,7110,310,6370,0,0,664,9209,222,2132,664,11341,California
Shasta,2021-01-29,831,14311,330,7440,501,6871,0,0,641,9661,190,2322,642,11983,California
Shasta,2021-01-30,616,14927,14,7454,602,7473,0,0,607,10259,9,2331,607,12590,California
Shasta,2021-01-31,28,14955,4,7458,24,7497,0,0,26,10283,2,2333,26,12616,California
Shasta,2021-02-01,530,15485,148,7606,382,7879,0,0,386,10525,144,2477,386,13002,California
Shasta,2021-02-02,982,16467,494,8100,488,8367,0,0,890,11325,90,2567,890,13892,California
Shasta,2021-02-03,718,17185,210,8310,508,8875,0,0,484,11575,234,2801,484,14376,California
Shasta,2021-02-04,1083,18268,664,8974,419,9294,0,0,890,12273,192,2993,890,15266,California
Shasta,2021-02-05,1240,19508,164,9138,1076,10370,0,0,1033,13100,206,3199,1033,16299,California
Shasta,2021-02-06,1743,21251,41,9179,1702,12072,0,0,1720,14797,23,3222,1720,18019,California
Shasta,2021-02-07,26,21277,3,9182,23,12095,0,0,24,14819,2,3224,24,18043,California
Shasta,2021-02-08,597,21874,167,9349,430,12525,0,0,306,14834,291,3515,306,18349,California
Shasta,2021-02-09,1122,22996,652,10001,470,12995,0,0,730,15172,392,3907,730,19079,California
Shasta,2021-02-10,1116,24112,781,10782,335,13330,0,0,594,15244,523,4430,595,19674,California
Shasta,2021-02-11,886,24998,186,10968,700,14030,0,0,364,15091,517,4947,364,20038,California
Shasta,2021-02-12,1724,26722,1143,12111,581,14611,0,0,1175,15717,549,5496,1175,21213,California
Shasta,2021-02-13,1383,28105,367,12478,1016,15627,0,0,570,15474,814,6310,571,21784,California
Shasta,2021-02-14,150,28255,4,12482,146,15773,0,0,126,15576,24,6334,126,21910,California
Shasta,2021-02-15,380,28635,90,12572,290,16063,0,0,211,15618,169,6503,211,22121,California
Shasta,2021-02-16,1189,29824,515,13087,674,16737,0,0,420,15270,768,7271,420,22541,California
Shasta,2021-02-17,1033,30857,438,13525,595,17332,0,0,413,15063,620,7891,413,22954,California
Shasta,2021-02-18,924,31781,443,13968,481,17813,0,0,437,15013,487,8378,437,23391,California
Shasta,2021-02-19,1329,33110,936,14904,393,18206,0,0,862,15408,467,8845,862,24253,California
Shasta,2021-02-20,802,33912,89,14993,713,18919,0,0,303,15212,499,9344,303,24556,California
Shasta,2021-02-21,31,33943,2,14995,29,18948,0,0,9,15199,22,9366,9,24565,California
Shasta,2021-02-22,426,34369,74,15069,352,19300,0,0,177,15128,248,9614,177,24742,California
Shasta,2021-02-23,907,35276,467,15536,440,19740,0,0,322,14865,585,10199,322,25064,California
Shasta,2021-02-24,886,36162,504,16040,382,20122,0,0,270,14520,615,10814,270,25334,California
Shasta,2021-02-25,516,36678,160,16200,356,20478,0,0,162,14329,353,11167,162,25496,California
Shasta,2021-02-26,791,37469,94,16294,697,21175,0,0,331,14202,458,11625,331,25827,California
Shasta,2021-02-27,829,38298,27,16321,802,21977,0,0,188,13751,639,12264,188,26015,California
Shasta,2021-02-28,176,38474,4,16325,172,22149,0,0,126,13827,50,12314,126,26141,California
Shasta,2021-03-01,584,39058,59,16384,525,22674,0,0,295,13834,288,12602,295,26436,California
Shasta,2021-03-02,1016,40074,465,16849,551,23225,0,0,331,13482,683,13285,331,26767,California
Shasta,2021-03-03,665,40739,167,17016,498,23723,0,0,243,13303,422,13707,243,27010,California
Shasta,2021-03-04,2303,43042,1694,18710,609,24332,0,0,1267,13536,1035,14742,1268,28278,California
Shasta,2021-03-05,1541,44583,162,18872,1350,25682,29,29,794,13611,748,15490,823,29101,California
Shasta,2021-03-06,2743,47326,386,19258,2310,27992,47,76,858,12633,1883,17373,905,30006,California
Shasta,2021-03-07,91,47417,3,19261,56,28048,32,108,37,12648,54,17427,69,30075,California
Shasta,2021-03-08,568,47985,46,19307,383,28431,139,247,155,12531,411,17838,294,30369,California
Shasta,2021-03-09,708,48693,48,19355,482,28913,178,425,329,12658,379,18217,506,30875,California
Shasta,2021-03-10,800,49493,256,19611,342,29255,202,627,135,12330,664,18881,336,31211,California
Shasta,2021-03-11,1176,50669,173,19784,731,29986,272,899,659,12745,516,19397,931,32142,California
Shasta,2021-03-12,1530,52199,835,20619,446,30432,249,1148,397,12257,1132,20529,644,32786,California
Shasta,2021-03-13,758,52957,425,21044,233,30665,100,1248,474,12547,283,20812,573,33359,California
Shasta,2021-03-14,1019,53976,8,21052,989,31654,22,1270,881,13313,138,20950,904,34263,California
Shasta,2021-03-15,498,54474,35,21087,363,32017,100,1370,210,13334,288,21238,309,34572,California
Shasta,2021-03-16,1132,55606,147,21234,918,32935,67,1437,849,13967,283,21521,916,35488,California
Shasta,2021-03-17,734,56340,191,21425,485,33420,58,1495,395,14087,333,21854,453,35941,California
Shasta,2021-03-18,1191,57531,236,21661,851,34271,104,1599,811,14626,376,22230,915,36856,California
Shasta,2021-03-19,642,58173,196,21857,390,34661,56,1655,409,14859,232,22462,465,37321,California
Shasta,2021-03-20,748,58921,490,22347,244,34905,14,1669,600,15325,148,22610,614,37935,California
Shasta,2021-03-21,312,59233,297,22644,4,34909,11,1680,286,15597,25,22635,297,38232,California
Shasta,2021-03-22,347,59580,37,22681,274,35183,36,1716,199,15685,147,22782,235,38467,California
Shasta,2021-03-23,819,60399,161,22842,600,35783,58,1774,627,16183,187,22969,685,39152,California
Shasta,2021-03-24,607,61006,156,22998,414,36197,37,1811,366,16346,240,23209,403,39555,California
Shasta,2021-03-25,877,61883,197,23195,663,36860,17,1828,639,16767,235,23444,656,40211,California
Shasta,2021-03-26,1835,63718,1402,24597,403,37263,30,1858,1478,17919,357,23801,1509,41720,California
Shasta,2021-03-27,1595,65313,405,25002,318,37581,872,2730,575,18345,1018,24819,1444,43164,California
Shasta,2021-03-28,405,65718,299,25301,96,37677,10,2740,302,18556,101,24920,312,43476,California
Shasta,2021-03-29,419,66137,41,25342,366,38043,12,2752,165,18480,253,25173,177,43653,California
Shasta,2021-03-30,653,66790,185,25527,461,38504,7,2759,440,18717,210,25383,447,44100,California
Shasta,2021-03-31,617,67407,205,25732,407,38911,5,2764,381,18872,231,25614,386,44486,California
Shasta,2021-04-01,893,68300,245,25977,636,39547,12,2776,577,19146,315,25929,589,45075,California
Shasta,2021-04-02,754,69054,201,26178,501,40048,52,2828,415,19276,337,26266,467,45542,California
Shasta,2021-04-03,513,69567,361,26539,133,40181,19,2847,389,19560,124,26390,408,45950,California
Shasta,2021-04-04,291,69858,177,26716,94,40275,20,2867,217,19723,74,26464,237,46187,California
Shasta,2021-04-05,441,70299,67,26783,311,40586,63,2930,255,19855,186,26650,318,46505,California
Shasta,2021-04-06,851,71150,172,26955,504,41090,175,3105,399,19979,449,27099,573,47078,California
Shasta,2021-04-07,651,71801,213,27168,275,41365,163,3268,256,20006,391,27490,418,47496,California
Shasta,2021-04-08,1136,72937,259,27427,723,42088,154,3422,229,19483,905,28395,382,47878,California
Shasta,2021-04-09,2580,75517,2062,29489,309,42397,209,3631,2017,21149,558,28953,2224,50102,California
Shasta,2021-04-10,877,76394,593,30082,156,42553,128,3759,265,20929,612,29565,392,50494,California
Shasta,2021-04-11,1250,77644,395,30477,835,43388,20,3779,143,19989,1103,30668,163,50657,California
Shasta,2021-04-12,336,77980,8,30485,267,43655,61,3840,97,19908,238,30906,157,50814,California
Shasta,2021-04-13,1053,79033,164,30649,887,44542,2,3842,297,19452,754,31660,298,51112,California
Shasta,2021-04-14,602,79635,143,30792,457,44999,2,3844,225,19303,376,32036,227,51339,California
Shasta,2021-04-15,1066,80701,259,31051,807,45806,0,3844,309,18856,756,32792,309,51648,California
Shasta,2021-04-16,2331,83032,1837,32888,494,46300,0,3844,950,18426,1380,34172,950,52598,California
Shasta,2021-04-17,642,83674,410,33298,232,46532,0,3844,196,18176,446,34618,196,52794,California
Shasta,2021-04-18,266,83940,241,33539,25,46557,0,3844,33,17978,231,34849,33,52827,California
Shasta,2021-04-19,383,84323,31,33570,352,46909,0,3844,164,17923,219,35068,164,52991,California
Shasta,2021-04-20,1013,85336,256,33826,757,47666,0,3844,386,17683,626,35694,386,53377,California
Shasta,2021-04-21,604,85940,220,34046,384,48050,0,3844,306,17692,297,35991,306,53683,California
Shasta,2021-04-22,956,86896,279,34325,677,48727,0,3844,302,17342,652,36643,302,53985,California
Shasta,2021-04-23,657,87553,262,34587,395,49122,0,3844,329,17344,327,36970,329,54314,California
Shasta,2021-04-24,596,88149,360,34947,236,49358,0,3844,107,16962,489,37459,107,54421,California
Shasta,2021-04-25,213,88362,183,35130,29,49387,1,3845,38,16826,175,37634,39,54460,California
Shasta,2021-04-26,465,88827,50,35180,410,49797,5,3850,331,17029,132,37766,335,54795,California
Shasta,2021-04-27,510,89337,169,35349,305,50102,36,3886,291,17138,216,37982,325,55120,California
Shasta,2021-04-28,513,89850,130,35479,350,50452,33,3919,212,17081,301,38283,244,55364,California
Shasta,2021-04-29,658,90508,103,35582,536,50988,19,3938,160,16763,497,38780,179,55543,California
Shasta,2021-04-30,1880,92388,1656,37238,207,51195,17,3955,180,15260,1700,40480,197,55740,California
Shasta,2021-05-01,167,92555,15,37253,83,51278,69,4024,57,15276,110,40590,126,55866,California
Shasta,2021-05-02,28,92583,14,37267,7,51285,7,4031,14,15283,14,40604,21,55887,California
Shasta,2021-05-03,155,92738,34,37301,118,51403,3,4034,91,15314,63,40667,94,55981,California
Sierra,2020-12-18,1,1,1,1,0,0,0,0,1,1,0,0,1,1,California
Sierra,2020-12-21,2,3,2,3,0,0,0,0,2,3,0,0,2,3,California
Sierra,2020-12-22,12,15,12,15,0,0,0,0,12,15,0,0,12,15,California
Sierra,2020-12-23,4,19,4,19,0,0,0,0,4,19,0,0,4,19,California
Sierra,2020-12-28,1,20,0,19,1,1,0,0,1,20,0,0,1,20,California
Sierra,2020-12-29,49,69,7,26,42,43,0,0,49,69,0,0,49,69,California
Sierra,2020-12-30,2,71,0,26,2,45,0,0,2,71,0,0,2,71,California
Sierra,2020-12-31,13,84,0,26,13,58,0,0,13,84,0,0,13,84,California
Sierra,2021-01-01,1,85,1,27,0,58,0,0,1,85,0,0,1,85,California
Sierra,2021-01-05,64,149,2,29,62,120,0,0,64,149,0,0,64,149,California
Sierra,2021-01-06,1,150,1,30,0,120,0,0,1,150,0,0,1,150,California
Sierra,2021-01-07,21,171,1,31,20,140,0,0,20,169,1,1,20,170,California
Sierra,2021-01-08,1,172,1,32,0,140,0,0,1,170,0,1,1,171,California
Sierra,2021-01-11,3,175,3,35,0,140,0,0,0,167,3,4,0,171,California
Sierra,2021-01-12,40,215,12,47,28,168,0,0,28,183,12,16,28,199,California
Sierra,2021-01-13,4,219,3,50,1,169,0,0,1,181,3,19,1,200,California
Sierra,2021-01-14,35,254,2,52,33,202,0,0,35,216,0,19,35,235,California
Sierra,2021-01-15,3,257,1,53,2,204,0,0,3,219,0,19,3,238,California
Sierra,2021-01-18,2,259,0,53,2,206,0,0,2,221,0,19,2,240,California
Sierra,2021-01-19,32,291,0,53,32,238,0,0,32,253,0,19,32,272,California
Sierra,2021-01-20,1,292,1,54,0,238,0,0,1,254,0,19,1,273,California
Sierra,2021-01-21,53,345,0,54,53,291,0,0,53,307,0,19,53,326,California
Sierra,2021-01-22,2,347,0,54,2,293,0,0,2,309,0,19,2,328,California
Sierra,2021-01-23,2,349,0,54,2,295,0,0,2,311,0,19,2,330,California
Sierra,2021-01-26,62,411,0,54,62,357,0,0,24,297,38,57,24,354,California
Sierra,2021-01-27,4,415,4,58,0,357,0,0,0,293,4,61,0,354,California
Sierra,2021-01-28,53,468,0,58,53,410,0,0,43,326,10,71,43,397,California
Sierra,2021-01-29,2,470,0,58,2,412,0,0,2,328,0,71,2,399,California
Sierra,2021-01-30,3,473,3,61,0,412,0,0,2,329,1,72,2,401,California
Sierra,2021-02-01,1,474,0,61,1,413,0,0,0,328,1,73,0,401,California
Sierra,2021-02-02,58,532,1,62,57,470,0,0,19,308,39,112,19,420,California
Sierra,2021-02-03,6,538,5,67,1,471,0,0,5,312,1,113,5,425,California
Sierra,2021-02-04,105,643,6,73,99,570,0,0,56,319,49,162,56,481,California
Sierra,2021-02-05,6,649,4,77,2,572,0,0,5,323,1,163,5,486,California
Sierra,2021-02-09,51,700,0,77,51,623,0,0,48,368,3,166,48,534,California
Sierra,2021-02-10,5,705,2,79,3,626,0,0,4,371,1,167,4,538,California
Sierra,2021-02-11,196,901,1,80,195,821,0,0,134,443,62,229,134,672,California
Sierra,2021-02-12,21,922,0,80,21,842,0,0,20,462,1,230,20,692,California
Sierra,2021-02-13,1,923,1,81,0,842,0,0,1,463,0,230,1,693,California
Sierra,2021-02-15,2,925,2,83,0,842,0,0,0,461,2,232,0,693,California
Sierra,2021-02-16,43,968,0,83,43,885,0,0,10,438,33,265,10,703,California
Sierra,2021-02-17,4,972,0,83,4,889,0,0,1,436,3,268,1,704,California
Sierra,2021-02-18,141,1113,0,83,141,1030,0,0,91,477,50,318,91,795,California
Sierra,2021-02-19,2,1115,1,84,1,1031,0,0,1,477,1,319,1,796,California
Sierra,2021-02-20,2,1117,2,86,0,1031,0,0,0,475,2,321,0,796,California
Sierra,2021-02-22,1,1118,1,87,0,1031,0,0,1,476,0,321,1,797,California
Sierra,2021-02-23,4,1122,0,87,4,1035,0,0,4,480,0,321,4,801,California
Sierra,2021-02-24,4,1126,3,90,1,1036,0,0,3,482,1,322,3,804,California
Sierra,2021-02-25,125,1251,2,92,123,1159,0,0,58,474,66,388,58,862,California
Sierra,2021-02-26,11,1262,6,98,5,1164,0,0,4,471,7,395,4,866,California
Sierra,2021-02-27,2,1264,2,100,0,1164,0,0,0,469,2,397,0,866,California
Sierra,2021-03-01,2,1266,2,102,0,1164,0,0,0,467,2,399,0,866,California
Sierra,2021-03-02,56,1322,0,102,56,1220,0,0,38,487,18,417,38,904,California
Sierra,2021-03-03,2,1324,2,104,0,1220,0,0,1,487,1,418,1,905,California
Sierra,2021-03-04,108,1432,0,104,108,1328,0,0,58,495,50,468,58,963,California
Sierra,2021-03-05,13,1445,1,105,12,1340,0,0,11,504,2,470,11,974,California
Sierra,2021-03-07,1,1446,1,106,0,1340,0,0,0,503,1,471,0,974,California
Sierra,2021-03-08,2,1448,2,108,0,1340,0,0,2,505,0,471,2,976,California
Sierra,2021-03-09,56,1504,0,108,56,1396,0,0,12,473,44,515,12,988,California
Sierra,2021-03-10,6,1510,0,108,6,1402,0,0,4,475,2,517,4,992,California
Sierra,2021-03-11,175,1685,0,108,175,1577,0,0,43,387,131,648,43,1035,California
Sierra,2021-03-12,20,1705,1,109,19,1596,0,0,0,367,20,668,0,1035,California
Sierra,2021-03-13,28,1733,0,109,28,1624,0,0,28,395,0,668,28,1063,California
Sierra,2021-03-14,1,1734,0,109,0,1624,1,1,0,395,1,669,1,1064,California
Sierra,2021-03-15,1,1735,1,110,0,1624,0,1,0,394,1,670,0,1064,California
Sierra,2021-03-16,36,1771,0,110,35,1659,1,2,23,405,13,683,24,1088,California
Sierra,2021-03-17,4,1775,3,113,1,1660,0,2,1,403,3,686,1,1089,California
Sierra,2021-03-18,158,1933,0,113,158,1818,0,2,65,375,93,779,65,1154,California
Sierra,2021-03-19,4,1937,2,115,2,1820,0,2,1,373,3,782,1,1155,California
Sierra,2021-03-20,1,1938,0,115,1,1821,0,2,1,374,0,782,1,1156,California
Sierra,2021-03-23,22,1960,0,115,22,1843,0,2,13,378,9,791,13,1169,California
Sierra,2021-03-24,3,1963,1,116,2,1845,0,2,1,377,2,793,1,1170,California
Sierra,2021-03-25,100,2063,1,117,99,1944,0,2,51,379,49,842,51,1221,California
Sierra,2021-03-26,12,2075,1,118,11,1955,0,2,9,385,3,845,9,1230,California
Sierra,2021-03-27,2,2077,1,119,1,1956,0,2,0,383,2,847,0,1230,California
Sierra,2021-03-29,1,2078,1,120,0,1956,0,2,0,382,1,848,0,1230,California
Sierra,2021-03-30,55,2133,1,121,54,2010,0,2,22,371,33,881,22,1252,California
Sierra,2021-03-31,8,2141,0,121,8,2018,0,2,8,379,0,881,8,1260,California
Sierra,2021-04-01,61,2202,2,123,59,2077,0,2,6,331,54,935,6,1266,California
Sierra,2021-04-02,3,2205,2,125,1,2078,0,2,2,332,1,936,2,1268,California
Sierra,2021-04-05,1,2206,1,126,0,2078,0,2,1,333,0,936,1,1269,California
Sierra,2021-04-06,10,2216,0,126,10,2088,0,2,0,323,10,946,0,1269,California
Sierra,2021-04-07,15,2231,3,129,6,2094,6,8,3,321,11,957,9,1278,California
Sierra,2021-04-08,53,2284,2,131,51,2145,0,8,16,300,37,994,16,1294,California
Sierra,2021-04-09,2,2286,2,133,0,2145,0,8,1,300,1,995,1,1295,California
Sierra,2021-04-10,27,2313,0,133,27,2172,0,8,0,273,27,1022,0,1295,California
Sierra,2021-04-13,46,2359,0,133,46,2218,0,8,5,237,41,1063,5,1300,California
Sierra,2021-04-14,2,2361,1,134,1,2219,0,8,2,239,0,1063,2,1302,California
Sierra,2021-04-15,49,2410,1,135,48,2267,0,8,2,194,47,1110,2,1304,California
Sierra,2021-04-16,1,2411,0,135,1,2268,0,8,1,195,0,1110,1,1305,California
Sierra,2021-04-17,2,2413,1,136,1,2269,0,8,1,195,1,1111,1,1306,California
Sierra,2021-04-19,1,2414,1,137,0,2269,0,8,0,194,1,1112,0,1306,California
Sierra,2021-04-20,34,2448,1,138,33,2302,0,8,7,174,27,1139,7,1313,California
Sierra,2021-04-21,2,2450,1,139,1,2303,0,8,1,174,1,1140,1,1314,California
Sierra,2021-04-22,66,2516,2,141,64,2367,0,8,5,119,60,1200,5,1319,California
Sierra,2021-04-23,13,2529,0,141,13,2380,0,8,5,116,8,1208,5,1324,California
Sierra,2021-04-24,4,2533,0,141,4,2384,0,8,4,120,0,1208,4,1328,California
Sierra,2021-04-27,28,2561,1,142,27,2411,0,8,5,102,23,1231,5,1333,California
Sierra,2021-04-28,9,2570,2,144,7,2418,0,8,1,96,7,1238,1,1334,California
Sierra,2021-04-29,22,2592,3,147,19,2437,0,8,15,104,7,1245,15,1349,California
Sierra,2021-04-30,3,2595,1,148,2,2439,0,8,1,103,2,1247,1,1350,California
Siskiyou,2020-12-16,2,2,2,2,0,0,0,0,2,2,0,0,2,2,California
Siskiyou,2020-12-17,4,6,4,6,0,0,0,0,4,6,0,0,4,6,California
Siskiyou,2020-12-18,2,8,2,8,0,0,0,0,2,8,0,0,2,8,California
Siskiyou,2020-12-19,4,12,4,12,0,0,0,0,4,12,0,0,4,12,California
Siskiyou,2020-12-20,1,13,1,13,0,0,0,0,1,13,0,0,1,13,California
Siskiyou,2020-12-21,132,145,132,145,0,0,0,0,132,145,0,0,132,145,California
Siskiyou,2020-12-22,159,304,159,304,0,0,0,0,159,304,0,0,159,304,California
Siskiyou,2020-12-23,142,446,142,446,0,0,0,0,142,446,0,0,142,446,California
Siskiyou,2020-12-24,5,451,5,451,0,0,0,0,5,451,0,0,5,451,California
Siskiyou,2020-12-26,2,453,0,451,2,2,0,0,2,453,0,0,2,453,California
Siskiyou,2020-12-27,2,455,0,451,2,4,0,0,2,455,0,0,2,455,California
Siskiyou,2020-12-28,3,458,1,452,2,6,0,0,3,458,0,0,3,458,California
Siskiyou,2020-12-29,6,464,2,454,4,10,0,0,6,464,0,0,6,464,California
Siskiyou,2020-12-30,98,562,3,457,95,105,0,0,98,562,0,0,98,562,California
Siskiyou,2020-12-31,12,574,0,457,12,117,0,0,12,574,0,0,12,574,California
Siskiyou,2021-01-02,1,575,1,458,0,117,0,0,1,575,0,0,1,575,California
Siskiyou,2021-01-03,1,576,0,458,1,118,0,0,1,576,0,0,1,576,California
Siskiyou,2021-01-04,130,706,3,461,127,245,0,0,130,706,0,0,130,706,California
Siskiyou,2021-01-05,117,823,4,465,113,358,0,0,116,821,1,1,116,822,California
Siskiyou,2021-01-06,59,882,6,471,53,411,0,0,55,872,4,5,55,877,California
Siskiyou,2021-01-07,178,1060,4,475,174,585,0,0,177,1048,1,6,177,1054,California
Siskiyou,2021-01-08,41,1101,3,478,38,623,0,0,39,1085,2,8,39,1093,California
Siskiyou,2021-01-09,2,1103,2,480,0,623,0,0,0,1083,2,10,0,1093,California
Siskiyou,2021-01-11,226,1329,65,545,161,784,0,0,163,1183,63,73,163,1256,California
Siskiyou,2021-01-12,322,1651,274,819,48,832,0,0,88,1038,234,307,89,1345,California
Siskiyou,2021-01-13,157,1808,137,956,20,852,0,0,23,927,134,441,23,1368,California
Siskiyou,2021-01-14,26,1834,1,957,25,877,0,0,25,951,1,442,25,1393,California
Siskiyou,2021-01-15,35,1869,3,960,32,909,0,0,35,986,0,442,35,1428,California
Siskiyou,2021-01-16,7,1876,2,962,5,914,0,0,7,993,0,442,7,1435,California
Siskiyou,2021-01-17,1,1877,1,963,0,914,0,0,0,992,1,443,0,1435,California
Siskiyou,2021-01-18,77,1954,4,967,73,987,0,0,75,1065,2,445,75,1510,California
Siskiyou,2021-01-19,21,1975,1,968,20,1007,0,0,20,1084,1,446,20,1530,California
Siskiyou,2021-01-20,47,2022,35,1003,12,1019,0,0,43,1123,4,450,43,1573,California
Siskiyou,2021-01-21,42,2064,1,1004,41,1060,0,0,42,1165,0,450,42,1615,California
Siskiyou,2021-01-22,1328,3392,1176,2180,152,1212,0,0,1328,2493,0,450,1328,2943,California
Siskiyou,2021-01-23,5,3397,1,2181,4,1216,0,0,2,2492,3,453,2,2945,California
Siskiyou,2021-01-25,182,3579,8,2189,174,1390,0,0,178,2666,4,457,178,3123,California
Siskiyou,2021-01-26,148,3727,3,2192,145,1535,0,0,140,2798,8,465,140,3263,California
Siskiyou,2021-01-27,181,3908,1,2193,180,1715,0,0,126,2869,55,520,126,3389,California
Siskiyou,2021-01-28,232,4140,118,2311,114,1829,0,0,226,3089,6,526,226,3615,California
Siskiyou,2021-01-29,248,4388,2,2313,246,2075,0,0,246,3333,2,528,246,3861,California
Siskiyou,2021-01-30,3,4391,2,2315,1,2076,0,0,3,3336,0,528,3,3864,California
Siskiyou,2021-02-01,195,4586,3,2318,192,2268,0,0,105,3351,90,618,105,3969,California
Siskiyou,2021-02-02,289,4875,45,2363,244,2512,0,0,147,3356,142,760,147,4116,California
Siskiyou,2021-02-03,314,5189,1,2364,313,2825,0,0,264,3570,50,810,264,4380,California
Siskiyou,2021-02-04,321,5510,7,2371,314,3139,0,0,200,3649,121,931,200,4580,California
Siskiyou,2021-02-05,513,6023,4,2375,509,3648,0,0,348,3832,165,1096,348,4928,California
Siskiyou,2021-02-06,15,6038,0,2375,15,3663,0,0,15,3847,0,1096,15,4943,California
Siskiyou,2021-02-07,3,6041,2,2377,1,3664,0,0,3,3850,0,1096,3,4946,California
Siskiyou,2021-02-08,221,6262,5,2382,216,3880,0,0,216,4061,5,1101,216,5162,California
Siskiyou,2021-02-09,196,6458,4,2386,192,4072,0,0,163,4191,33,1134,163,5325,California
Siskiyou,2021-02-10,370,6828,40,2426,330,4402,0,0,317,4456,52,1186,317,5642,California
Siskiyou,2021-02-11,190,7018,1,2427,189,4591,0,0,174,4614,16,1202,174,5816,California
Siskiyou,2021-02-12,1691,8709,1199,3626,492,5083,0,0,501,3925,1190,2392,501,6317,California
Siskiyou,2021-02-13,36,8745,2,3628,34,5117,0,0,32,3953,4,2396,32,6349,California
Siskiyou,2021-02-14,5,8750,1,3629,4,5121,0,0,5,3958,0,2396,5,6354,California
Siskiyou,2021-02-15,107,8857,10,3639,97,5218,0,0,105,4061,2,2398,105,6459,California
Siskiyou,2021-02-16,114,8971,2,3641,112,5330,0,0,99,4145,15,2413,99,6558,California
Siskiyou,2021-02-17,185,9156,15,3656,170,5500,0,0,171,4302,14,2427,171,6729,California
Siskiyou,2021-02-18,222,9378,89,3745,133,5633,0,0,98,4276,124,2551,98,6827,California
Siskiyou,2021-02-19,70,9448,33,3778,37,5670,0,0,34,4274,36,2587,34,6861,California
Siskiyou,2021-02-20,21,9469,3,3781,18,5688,0,0,17,4287,4,2591,17,6878,California
Siskiyou,2021-02-21,1,9470,1,3782,0,5688,0,0,1,4288,0,2591,1,6879,California
Siskiyou,2021-02-22,124,9594,1,3783,123,5811,0,0,18,4200,106,2697,18,6897,California
Siskiyou,2021-02-23,196,9790,15,3798,181,5992,0,0,52,4108,144,2841,52,6949,California
Siskiyou,2021-02-24,147,9937,4,3802,143,6135,0,0,35,4031,112,2953,35,6984,California
Siskiyou,2021-02-25,300,10237,24,3826,276,6411,0,0,154,4039,146,3099,154,7138,California
Siskiyou,2021-02-26,668,10905,9,3835,659,7070,0,0,366,4103,302,3401,366,7504,California
Siskiyou,2021-02-27,33,10938,5,3840,28,7098,0,0,28,4126,5,3406,28,7532,California
Siskiyou,2021-02-28,5,10943,4,3844,1,7099,0,0,4,4129,1,3407,4,7536,California
Siskiyou,2021-03-01,280,11223,6,3850,274,7373,0,0,50,3949,230,3637,50,7586,California
Siskiyou,2021-03-02,190,11413,1,3851,189,7562,0,0,70,3899,120,3757,70,7656,California
Siskiyou,2021-03-03,343,11756,7,3858,336,7898,0,0,153,3862,190,3947,153,7809,California
Siskiyou,2021-03-04,782,12538,610,4468,172,8070,0,0,626,4332,156,4103,626,8435,California
Siskiyou,2021-03-05,325,12863,6,4474,308,8378,11,11,104,4229,218,4321,115,8550,California
Siskiyou,2021-03-06,43,12906,3,4477,33,8411,7,18,28,4249,15,4336,35,8585,California
Siskiyou,2021-03-07,12,12918,4,4481,0,8411,8,26,3,4251,9,4345,11,8596,California
Siskiyou,2021-03-08,361,13279,31,4512,295,8706,35,61,59,4043,302,4647,94,8690,California
Siskiyou,2021-03-09,161,13440,0,4512,108,8814,53,114,55,4045,106,4753,108,8798,California
Siskiyou,2021-03-10,221,13661,7,4519,184,8998,30,144,31,3916,190,4943,61,8859,California
Siskiyou,2021-03-11,470,14131,203,4722,220,9218,47,191,270,4034,199,5142,317,9176,California
Siskiyou,2021-03-12,646,14777,141,4863,466,9684,39,230,184,3797,460,5602,223,9399,California
Siskiyou,2021-03-13,428,15205,381,5244,24,9708,23,253,382,4156,46,5648,405,9804,California
Siskiyou,2021-03-14,20,15225,1,5245,3,9711,16,269,2,4156,18,5666,18,9822,California
Siskiyou,2021-03-15,453,15678,257,5502,176,9887,20,289,321,4365,132,5798,341,10163,California
Siskiyou,2021-03-16,255,15933,32,5534,206,10093,17,306,140,4408,114,5912,157,10320,California
Siskiyou,2021-03-17,202,16135,9,5543,185,10278,8,314,34,4282,168,6080,42,10362,California
Siskiyou,2021-03-18,926,17061,788,6331,126,10404,12,326,810,4988,116,6196,822,11184,California
Siskiyou,2021-03-19,66,17127,9,6340,44,10448,13,339,20,4975,46,6242,33,11217,California
Siskiyou,2021-03-20,30,17157,7,6347,18,10466,5,344,6,4962,24,6266,11,11228,California
Siskiyou,2021-03-21,10,17167,4,6351,1,10467,5,349,4,4965,6,6272,9,11237,California
Siskiyou,2021-03-22,207,17374,21,6372,164,10631,22,371,144,5071,60,6332,166,11403,California
Siskiyou,2021-03-23,195,17569,19,6391,166,10797,10,381,141,5168,54,6386,151,11554,California
Siskiyou,2021-03-24,141,17710,48,6439,93,10890,0,381,116,5259,25,6411,116,11670,California
Siskiyou,2021-03-25,569,18279,318,6757,248,11138,3,384,398,5489,171,6582,401,12071,California
Siskiyou,2021-03-26,304,18583,35,6792,269,11407,0,384,104,5395,198,6780,104,12175,California
Siskiyou,2021-03-27,37,18620,4,6796,28,11435,5,389,9,5381,28,6808,14,12189,California
Siskiyou,2021-03-28,8,18628,7,6803,1,11436,0,389,5,5383,3,6811,5,12194,California
Siskiyou,2021-03-29,98,18726,11,6814,85,11521,2,391,47,5382,50,6861,49,12243,California
Siskiyou,2021-03-30,99,18825,4,6818,94,11615,1,392,39,5362,60,6921,40,12283,California
Siskiyou,2021-03-31,190,19015,21,6839,166,11781,3,395,50,5277,139,7060,54,12337,California
Siskiyou,2021-04-01,823,19838,667,7506,156,11937,0,395,217,4888,606,7666,217,12554,California
Siskiyou,2021-04-02,345,20183,197,7703,144,12081,4,399,65,4679,278,7944,69,12623,California
Siskiyou,2021-04-03,26,20209,5,7708,14,12095,7,406,5,4670,21,7965,12,12635,California
Siskiyou,2021-04-04,2,20211,2,7710,0,12095,0,406,1,4670,1,7966,1,12636,California
Siskiyou,2021-04-05,436,20647,330,8040,79,12174,27,433,24,4310,411,8377,51,12687,California
Siskiyou,2021-04-06,214,20861,32,8072,129,12303,53,486,122,4393,91,8468,174,12861,California
Siskiyou,2021-04-07,115,20976,11,8083,62,12365,42,528,65,4450,50,8518,107,12968,California
Siskiyou,2021-04-08,346,21322,183,8266,122,12487,41,569,60,4265,286,8804,101,13069,California
Siskiyou,2021-04-09,547,21869,380,8646,130,12617,37,606,84,3925,462,9266,122,13191,California
Siskiyou,2021-04-10,46,21915,6,8652,3,12620,37,643,7,3930,39,9305,44,13235,California
Siskiyou,2021-04-11,8,21923,5,8657,1,12621,2,645,2,3928,6,9311,4,13239,California
Siskiyou,2021-04-12,129,22052,25,8682,103,12724,1,646,49,3898,80,9391,50,13289,California
Siskiyou,2021-04-13,204,22256,36,8718,167,12891,1,647,78,3851,126,9517,79,13368,California
Siskiyou,2021-04-14,158,22414,66,8784,92,12983,0,647,86,3867,70,9587,86,13454,California
Siskiyou,2021-04-15,1116,23530,956,9740,160,13143,0,647,436,3623,680,10267,436,13890,California
Siskiyou,2021-04-16,289,23819,198,9938,91,13234,0,647,258,3851,30,10297,258,14148,California
Siskiyou,2021-04-17,12,23831,9,9947,3,13237,0,647,8,3855,4,10301,8,14156,California
Siskiyou,2021-04-18,5,23836,3,9950,2,13239,0,647,2,3854,3,10304,2,14158,California
Siskiyou,2021-04-19,125,23961,22,9972,103,13342,0,647,43,3815,82,10386,43,14201,California
Siskiyou,2021-04-20,236,24197,4,9976,232,13574,0,647,93,3765,143,10529,93,14294,California
Siskiyou,2021-04-21,96,24293,12,9988,84,13658,0,647,26,3721,70,10599,26,14320,California
Siskiyou,2021-04-22,414,24707,302,10290,112,13770,0,647,50,3407,364,10963,50,14370,California
Siskiyou,2021-04-23,158,24865,13,10303,145,13915,0,647,136,3522,21,10984,136,14506,California
Siskiyou,2021-04-24,27,24892,4,10307,23,13938,0,647,19,3533,8,10992,19,14525,California
Siskiyou,2021-04-25,2,24894,0,10307,2,13940,0,647,2,3535,0,10992,2,14527,California
Siskiyou,2021-04-26,100,24994,7,10314,88,14028,5,652,25,3490,75,11067,30,14557,California
Siskiyou,2021-04-27,102,25096,3,10317,97,14125,2,654,83,3559,16,11083,85,14642,California
Siskiyou,2021-04-28,111,25207,9,10326,94,14219,8,662,54,3564,57,11140,62,14704,California
Siskiyou,2021-04-29,101,25308,14,10340,86,14305,1,663,30,3524,71,11211,31,14735,California
Siskiyou,2021-04-30,83,25391,18,10358,64,14369,1,664,38,3520,42,11253,38,14773,California
Siskiyou,2021-05-01,8,25399,4,10362,1,14370,3,667,5,3525,3,11256,8,14781,California
Siskiyou,2021-05-02,8,25407,3,10365,5,14375,0,667,7,3531,1,11257,7,14788,California
Siskiyou,2021-05-03,92,25499,18,10383,72,14447,2,669,40,3521,52,11309,42,14830,California
Solano,2020-12-15,4,4,4,4,0,0,0,0,4,4,0,0,4,4,California
Solano,2020-12-16,71,75,71,75,0,0,0,0,71,75,0,0,71,75,California
Solano,2020-12-17,153,228,153,228,0,0,0,0,153,228,0,0,153,228,California
Solano,2020-12-18,445,673,444,672,1,1,0,0,445,673,0,0,445,673,California
Solano,2020-12-19,517,1190,517,1189,0,1,0,0,517,1190,0,0,517,1190,California
Solano,2020-12-20,355,1545,353,1542,2,3,0,0,355,1545,0,0,355,1545,California
Solano,2020-12-21,573,2118,571,2113,2,5,0,0,573,2118,0,0,573,2118,California
Solano,2020-12-22,663,2781,630,2743,33,38,0,0,663,2781,0,0,663,2781,California
Solano,2020-12-23,860,3641,773,3516,87,125,0,0,859,3640,0,0,859,3640,California
Solano,2020-12-24,421,4062,170,3686,251,376,0,0,421,4061,0,0,421,4061,California
Solano,2020-12-25,10,4072,2,3688,8,384,0,0,10,4071,0,0,10,4071,California
Solano,2020-12-26,175,4247,48,3736,127,511,0,0,175,4246,0,0,175,4246,California
Solano,2020-12-27,104,4351,29,3765,75,586,0,0,104,4350,0,0,104,4350,California
Solano,2020-12-28,864,5215,421,4186,443,1029,0,0,864,5214,0,0,864,5214,California
Solano,2020-12-29,893,6108,374,4560,519,1548,0,0,893,6107,0,0,893,6107,California
Solano,2020-12-30,1212,7320,599,5159,613,2161,0,0,1212,7319,0,0,1212,7319,California
Solano,2020-12-31,537,7857,136,5295,401,2562,0,0,537,7856,0,0,537,7856,California
Solano,2021-01-01,14,7871,13,5308,1,2563,0,0,14,7870,0,0,14,7870,California
Solano,2021-01-02,213,8084,165,5473,48,2611,0,0,213,8083,0,0,213,8083,California
Solano,2021-01-03,57,8141,40,5513,17,2628,0,0,52,8135,0,0,52,8135,California
Solano,2021-01-04,450,8591,245,5758,205,2833,0,0,440,8572,3,3,440,8575,California
Solano,2021-01-05,725,9316,377,6135,348,3181,0,0,571,8994,149,152,571,9146,California
Solano,2021-01-06,843,10159,436,6571,407,3588,0,0,581,9315,260,412,581,9727,California
Solano,2021-01-07,1064,11223,683,7254,381,3969,0,0,607,9468,455,867,608,10335,California
Solano,2021-01-08,1135,12358,777,8031,358,4327,0,0,542,9437,575,1442,544,10879,California
Solano,2021-01-09,885,13243,763,8794,122,4449,0,0,428,9411,454,1896,428,11307,California
Solano,2021-01-10,254,13497,194,8988,60,4509,0,0,153,9463,101,1997,153,11460,California
Solano,2021-01-11,1329,14826,1118,10106,211,4720,0,0,813,9760,516,2513,813,12273,California
Solano,2021-01-12,1567,16393,1169,11275,398,5118,0,0,1016,10227,550,3063,1017,13290,California
Solano,2021-01-13,1465,17858,1005,12280,460,5578,0,0,1205,11174,258,3321,1205,14495,California
Solano,2021-01-14,1868,19726,798,13078,1070,6648,0,0,1554,12414,314,3635,1554,16049,California
Solano,2021-01-15,1694,21420,1059,14137,635,7283,0,0,1396,13512,298,3933,1396,17445,California
Solano,2021-01-16,1290,22710,903,15040,387,7670,0,0,1115,14452,175,4108,1115,18560,California
Solano,2021-01-17,1043,23753,760,15800,283,7953,0,0,1025,15459,18,4126,1025,19585,California
Solano,2021-01-18,1415,25168,857,16657,558,8511,0,0,1297,16640,118,4244,1299,20884,California
Solano,2021-01-19,1645,26813,1336,17993,309,8820,0,0,1373,17742,271,4515,1373,22257,California
Solano,2021-01-20,2032,28845,1421,19414,611,9431,0,0,1547,18807,482,4997,1547,23804,California
Solano,2021-01-21,3162,32007,1002,20416,2160,11591,0,0,2818,21282,344,5341,2819,26623,California
Solano,2021-01-22,1754,33761,843,21259,911,12502,0,0,1564,22656,190,5531,1564,28187,California
Solano,2021-01-23,733,34494,239,21498,494,12996,0,0,529,22981,205,5736,530,28717,California
Solano,2021-01-24,402,34896,60,21558,342,13338,0,0,336,23251,66,5802,336,29053,California
Solano,2021-01-25,1641,36537,622,22180,1019,14357,0,0,1090,23791,551,6353,1091,30144,California
Solano,2021-01-26,1774,38311,737,22917,1037,15394,0,0,1142,24303,631,6984,1143,31287,California
Solano,2021-01-27,1776,40087,725,23642,1051,16445,0,0,1181,24902,582,7566,1181,32468,California
Solano,2021-01-28,1903,41990,703,24345,1200,17645,0,0,1312,25625,590,8156,1313,33781,California
Solano,2021-01-29,1698,43688,783,25128,915,18560,0,0,1345,26619,351,8507,1345,35126,California
Solano,2021-01-30,710,44398,220,25348,490,19050,0,0,549,27007,161,8668,549,35675,California
Solano,2021-01-31,486,44884,394,25742,92,19142,0,0,231,26984,255,8923,232,35907,California
Solano,2021-02-01,1507,46391,987,26729,520,19662,0,0,765,27010,739,9662,765,36672,California
Solano,2021-02-02,3352,49743,1112,27841,2240,21902,0,0,2530,28722,818,10480,2530,39202,California
Solano,2021-02-03,2261,52004,1305,29146,956,22858,0,0,1165,28795,1092,11572,1165,40367,California
Solano,2021-02-04,1795,53799,908,30054,887,23745,0,0,1077,29159,713,12285,1077,41444,California
Solano,2021-02-05,3077,56876,1408,31462,1669,25414,0,0,2078,30247,990,13275,2078,43522,California
Solano,2021-02-06,3044,59920,1169,32631,1875,27289,0,0,2229,31665,811,14086,2229,45751,California
Solano,2021-02-07,849,60769,785,33416,64,27353,0,0,232,31280,617,14703,232,45983,California
Solano,2021-02-08,1740,62509,1234,34650,506,27859,0,0,705,30952,1033,15736,705,46688,California
Solano,2021-02-09,1915,64424,1481,36131,434,28293,0,0,689,30416,1225,16961,689,47377,California
Solano,2021-02-10,2261,66685,1500,37631,761,29054,0,0,830,29815,1431,18392,830,48207,California
Solano,2021-02-11,2471,69156,1462,39093,1009,30063,0,0,1183,29722,1277,19669,1184,49391,California
Solano,2021-02-12,4159,73315,1599,40692,2560,32623,0,0,2838,31246,1314,20983,2838,52229,California
Solano,2021-02-13,2821,76136,245,40937,2576,35199,0,0,2433,33294,385,21368,2433,54662,California
Solano,2021-02-14,691,76827,201,41138,490,35689,0,0,411,33428,278,21646,412,55074,California
Solano,2021-02-15,1299,78126,324,41462,975,36664,0,0,674,33478,624,22270,674,55748,California
Solano,2021-02-16,2524,80650,1356,42818,1168,37832,0,0,1661,34277,862,23132,1661,57409,California
Solano,2021-02-17,2926,83576,1433,44251,1493,39325,0,0,1943,35241,980,24112,1944,59353,California
Solano,2021-02-18,2748,86324,845,45096,1903,41228,0,0,822,34145,1919,26031,823,60176,California
Solano,2021-02-19,2356,88680,1406,46502,950,42178,0,0,1143,34081,1209,27240,1145,61321,California
Solano,2021-02-20,2548,91228,381,46883,2167,44345,0,0,2077,35686,472,27712,2077,63398,California
Solano,2021-02-21,2141,93369,1860,48743,281,44626,0,0,1857,37263,280,27992,1857,65255,California
Solano,2021-02-22,1711,95080,1042,49785,669,45295,0,0,906,37367,803,28795,907,66162,California
Solano,2021-02-23,2823,97903,1087,50872,1736,47031,0,0,1922,38391,898,29693,1922,68084,California
Solano,2021-02-24,2463,100366,1234,52106,1229,48260,0,0,1384,38698,1077,30770,1384,69468,California
Solano,2021-02-25,2376,102742,1431,53537,945,49205,0,0,1297,38922,1073,31843,1297,70765,California
Solano,2021-02-26,2954,105696,1811,55348,1143,50348,0,0,1645,39263,1304,33147,1645,72410,California
Solano,2021-02-27,3645,109341,1373,56721,2271,52619,1,1,2953,41533,684,33831,2954,75364,California
Solano,2021-02-28,1356,110697,1039,57760,317,52936,0,1,1079,42338,274,34105,1079,76443,California
Solano,2021-03-01,2419,113116,1049,58809,1369,54305,1,2,1817,43558,598,34703,1818,78261,California
Solano,2021-03-02,2150,115266,1363,60172,787,55092,0,2,1268,43944,882,35585,1268,79529,California
Solano,2021-03-03,2202,117468,1251,61423,951,56043,0,2,1370,44491,824,36409,1371,80900,California
Solano,2021-03-04,4335,121803,3399,64822,934,56977,2,4,3142,46452,1186,37595,3147,84047,California
Solano,2021-03-05,4890,126693,1663,66485,3222,60199,5,9,3947,49471,933,38528,3952,87999,California
Solano,2021-03-06,3834,130527,826,67311,2969,63168,39,48,2644,50973,1181,39709,2683,90682,California
Solano,2021-03-07,3536,134063,736,68047,2790,65958,10,58,1952,51362,1574,41283,1963,92645,California
Solano,2021-03-08,2108,136171,1315,69362,523,66481,270,328,1595,52716,509,41792,1863,94508,California
Solano,2021-03-09,3128,139299,1508,70870,1568,68049,52,380,2256,54149,872,42664,2305,96813,California
Solano,2021-03-10,2367,141666,1717,72587,564,68613,86,466,1251,54372,1112,43776,1335,98148,California
Solano,2021-03-11,5978,147644,1725,74312,3999,72612,254,720,4935,58519,1042,44818,5189,103337,California
Solano,2021-03-12,5958,153602,1560,75872,4224,76836,174,894,3176,59091,2778,47596,3350,106687,California
Solano,2021-03-13,4572,158174,804,76676,3684,80520,84,978,2242,59096,2323,49919,2328,109015,California
Solano,2021-03-14,3987,162161,3111,79787,423,80943,453,1431,1652,58868,2330,52249,2102,111117,California
Solano,2021-03-15,4000,166161,2443,82230,1240,82183,317,1748,2511,60215,1481,53730,2828,113945,California
Solano,2021-03-16,3055,169216,1324,83554,1495,83678,236,1984,1559,60518,1491,55221,1794,115739,California
Solano,2021-03-17,6259,175475,1663,85217,4505,88183,91,2075,4839,64031,1417,56638,4930,120669,California
Solano,2021-03-18,5155,180630,1817,87034,3302,91485,36,2111,3805,66529,1342,57980,3840,124509,California
Solano,2021-03-19,3349,183979,2434,89468,842,92327,73,2184,1830,66921,1512,59492,1904,126413,California
Solano,2021-03-20,5495,189474,1667,91135,3774,96101,54,2238,2824,67137,2662,62154,2878,129291,California
Solano,2021-03-21,1664,191138,1563,92698,77,96178,24,2262,851,67199,811,62965,873,130164,California
Solano,2021-03-22,2642,193780,2018,94716,574,96752,50,2312,1668,67945,968,63933,1714,131878,California
Solano,2021-03-23,3441,197221,1610,96326,1788,98540,43,2355,1439,67428,1998,65931,1481,133359,California
Solano,2021-03-24,2806,200027,1757,98083,1015,99555,34,2389,1367,67396,1433,67364,1401,134760,California
Solano,2021-03-25,4819,204846,3949,102032,835,100390,35,2424,2268,67153,2547,69911,2304,137064,California
Solano,2021-03-26,3207,208053,2081,104113,1090,101480,36,2460,1741,67472,1458,71369,1777,138841,California
Solano,2021-03-27,4182,212235,1146,105259,3000,104480,36,2496,1800,66932,2376,73745,1836,140677,California
Solano,2021-03-28,1411,213646,1103,106362,290,104770,18,2514,564,66672,843,74588,583,141260,California
Solano,2021-03-29,3463,217109,2029,108391,1417,106187,17,2531,1600,66435,1854,76442,1617,142877,California
Solano,2021-03-30,2996,220105,2009,110400,897,107084,90,2621,1910,67351,1084,77526,2000,144877,California
Solano,2021-03-31,3107,223212,2112,112512,836,107920,159,2780,1842,68086,1262,78788,1997,146874,California
Solano,2021-04-01,5493,228705,2077,114589,3271,111191,145,2925,3483,69715,1999,80787,3628,150502,California
Solano,2021-04-02,6466,235171,2207,116796,4093,115284,166,3091,2482,68393,3969,84756,2647,153149,California
Solano,2021-04-03,1519,236690,956,117752,409,115693,154,3245,554,68138,963,85719,708,153857,California
Solano,2021-04-04,777,237467,286,118038,190,115883,301,3546,239,68144,534,86253,540,154397,California
Solano,2021-04-05,2953,240420,2011,120049,736,116619,206,3752,1505,68408,1446,87699,1710,156107,California
Solano,2021-04-06,5728,246148,1618,121667,3619,120238,491,4243,1557,66290,4165,91864,2047,158154,California
Solano,2021-04-07,5732,251880,4410,126077,929,121167,393,4636,3242,67446,2478,94342,3634,161788,California
Solano,2021-04-08,6384,258264,1767,127844,3762,124929,855,5491,1790,65517,4568,98910,2639,164427,California
Solano,2021-04-09,6136,264400,1638,129482,3728,128657,770,6261,1501,63171,4616,103526,2270,166697,California
Solano,2021-04-10,1708,266108,946,130428,449,129106,313,6574,791,63359,916,104442,1104,167801,California
Solano,2021-04-11,1202,267310,741,131169,334,129440,127,6701,617,63521,582,105024,744,168545,California
Solano,2021-04-12,3243,270553,1667,132836,1217,130657,359,7060,1342,63323,1896,106920,1698,170243,California
Solano,2021-04-13,2518,273071,1086,133922,1431,132088,1,7061,1315,63440,1199,108119,1316,171559,California
Solano,2021-04-14,6374,279445,1926,135848,4448,136536,0,7061,1877,60833,4484,112603,1877,173436,California
Solano,2021-04-15,5610,285055,2118,137966,3492,140028,0,7061,1709,58653,3889,116492,1709,175145,California
Solano,2021-04-16,3641,288696,2551,140517,1088,141116,2,7063,2273,59567,1361,117853,2275,177420,California
Solano,2021-04-17,3233,291929,1057,141574,2176,143292,0,7063,1130,58603,2095,119948,1131,178551,California
Solano,2021-04-18,994,292923,599,142173,395,143687,0,7063,529,58668,464,120412,529,179080,California
Solano,2021-04-19,2049,294972,1154,143327,895,144582,0,7063,1138,58902,906,121318,1140,180220,California
Solano,2021-04-20,2982,297954,1816,145143,1166,145748,0,7063,1668,59260,1310,122628,1668,181888,California
Solano,2021-04-21,3460,301414,2295,147438,1165,146913,0,7063,1739,59283,1716,124344,1739,183627,California
Solano,2021-04-22,2880,304294,1435,148873,1445,148358,0,7063,1765,59936,1112,125456,1765,185392,California
Solano,2021-04-23,4094,308388,2046,150919,2048,150406,0,7063,2452,60756,1633,127089,2453,187845,California
Solano,2021-04-24,3306,311694,2228,153147,1076,151482,2,7065,2353,62215,896,127985,2355,190200,California
Solano,2021-04-25,1430,313124,1116,154263,314,151796,0,7065,1131,63054,292,128277,1131,191331,California
Solano,2021-04-26,2372,315496,1550,155813,818,152614,4,7069,1260,63218,1100,129377,1264,192595,California
Solano,2021-04-27,2271,317767,1200,157013,1047,153661,24,7093,1259,63496,1006,130383,1284,193879,California
Solano,2021-04-28,4243,322010,3297,160310,903,154564,43,7136,2773,64851,1461,131844,2816,196695,California
Solano,2021-04-29,3382,325392,1012,161322,2339,156903,31,7167,1356,64223,2015,133859,1387,198082,California
Solano,2021-04-30,3005,328397,1608,162930,1305,158208,92,7259,1375,64068,1623,135482,1468,199550,California
Solano,2021-05-01,1521,329918,1259,164189,186,158394,76,7335,858,64344,659,136141,935,200485,California
Solano,2021-05-02,886,330804,806,164995,77,158471,3,7338,445,64355,437,136578,448,200933,California
Solano,2021-05-03,1116,331920,814,165809,284,158755,18,7356,482,64223,632,137210,500,201433,California
Sonoma,2020-12-15,4,4,4,4,0,0,0,0,4,4,0,0,4,4,California
Sonoma,2020-12-16,27,31,27,31,0,0,0,0,27,31,0,0,27,31,California
Sonoma,2020-12-17,103,134,103,134,0,0,0,0,103,134,0,0,103,134,California
Sonoma,2020-12-18,421,555,421,555,0,0,0,0,421,555,0,0,421,555,California
Sonoma,2020-12-19,111,666,110,665,1,1,0,0,111,666,0,0,111,666,California
Sonoma,2020-12-20,174,840,174,839,0,1,0,0,174,840,0,0,174,840,California
Sonoma,2020-12-21,910,1750,908,1747,2,3,0,0,909,1749,0,0,909,1749,California
Sonoma,2020-12-22,1354,3104,1262,3009,92,95,0,0,1354,3103,0,0,1354,3103,California
Sonoma,2020-12-23,1605,4709,1229,4238,376,471,0,0,1606,4709,0,0,1606,4709,California
Sonoma,2020-12-24,305,5014,101,4339,204,675,0,0,305,5014,0,0,305,5014,California
Sonoma,2020-12-25,8,5022,2,4341,6,681,0,0,8,5022,0,0,8,5022,California
Sonoma,2020-12-26,267,5289,256,4597,11,692,0,0,267,5289,0,0,267,5289,California
Sonoma,2020-12-27,93,5382,80,4677,13,705,0,0,93,5382,0,0,93,5382,California
Sonoma,2020-12-28,986,6368,552,5229,434,1139,0,0,957,6339,0,0,957,6339,California
Sonoma,2020-12-29,1129,7497,776,6005,353,1492,0,0,1095,7434,0,0,1095,7434,California
Sonoma,2020-12-30,1093,8590,479,6484,614,2106,0,0,1085,8519,0,0,1085,8519,California
Sonoma,2020-12-31,517,9107,71,6555,446,2552,0,0,518,9037,0,0,518,9037,California
Sonoma,2021-01-01,10,9117,5,6560,5,2557,0,0,10,9047,0,0,10,9047,California
Sonoma,2021-01-02,132,9249,126,6686,6,2563,0,0,132,9179,0,0,132,9179,California
Sonoma,2021-01-03,25,9274,11,6697,14,2577,0,0,25,9204,0,0,25,9204,California
Sonoma,2021-01-04,341,9615,105,6802,236,2813,0,0,340,9544,0,0,340,9544,California
Sonoma,2021-01-05,438,10053,102,6904,336,3149,0,0,414,9943,15,15,414,9958,California
Sonoma,2021-01-06,947,11000,433,7337,514,3663,0,0,835,10673,105,120,835,10793,California
Sonoma,2021-01-07,1029,12029,535,7872,494,4157,0,0,859,11363,169,289,859,11652,California
Sonoma,2021-01-08,1785,13814,1229,9101,556,4713,0,0,1314,12208,469,758,1314,12966,California
Sonoma,2021-01-09,640,14454,403,9504,237,4950,0,0,592,12752,48,806,592,13558,California
Sonoma,2021-01-10,472,14926,461,9965,11,4961,0,0,279,12838,193,999,279,13837,California
Sonoma,2021-01-11,1382,16308,1236,11201,146,5107,0,0,414,12288,964,1963,414,14251,California
Sonoma,2021-01-12,1546,17854,1293,12494,253,5360,0,0,395,11534,1149,3112,395,14646,California
Sonoma,2021-01-13,2073,19927,1427,13921,646,6006,0,0,1212,11888,858,3970,1212,15858,California
Sonoma,2021-01-14,1530,21457,808,14729,722,6728,0,0,1300,12958,230,4200,1300,17158,California
Sonoma,2021-01-15,1564,23021,634,15363,930,7658,0,0,1344,14092,211,4411,1345,18503,California
Sonoma,2021-01-16,1143,24164,616,15979,527,8185,0,0,897,14747,242,4653,897,19400,California
Sonoma,2021-01-17,669,24833,548,16527,121,8306,0,0,588,15254,81,4734,588,19988,California
Sonoma,2021-01-18,1104,25937,931,17458,173,8479,0,0,614,15379,490,5224,615,20603,California
Sonoma,2021-01-19,2094,28031,1004,18462,1090,9569,0,0,1385,16058,707,5931,1386,21989,California
Sonoma,2021-01-20,2073,30104,624,19086,1449,11018,0,0,1412,16819,652,6583,1413,23402,California
Sonoma,2021-01-21,2237,32341,621,19707,1616,12634,0,0,2018,18621,217,6800,2019,25421,California
Sonoma,2021-01-22,2731,35072,1038,20745,1693,14327,0,0,2583,21057,147,6947,2583,28004,California
Sonoma,2021-01-23,768,35840,593,21338,175,14502,0,0,661,21612,106,7053,661,28665,California
Sonoma,2021-01-24,851,36691,715,22053,136,14638,0,0,835,22431,16,7069,835,29500,California
Sonoma,2021-01-25,2171,38862,520,22573,1651,16289,0,0,1684,23628,487,7556,1684,31184,California
Sonoma,2021-01-26,2013,40875,301,22874,1712,18001,0,0,1557,24730,455,8011,1557,32741,California
Sonoma,2021-01-27,3697,44572,1279,24153,2418,20419,0,0,3124,27286,571,8582,3127,35868,California
Sonoma,2021-01-28,4116,48688,1846,25999,2270,22689,0,0,3445,30064,668,9250,3446,39314,California
Sonoma,2021-01-29,2964,51652,1410,27409,1554,24243,0,0,2132,31367,830,10080,2133,41447,California
Sonoma,2021-01-30,2584,54236,2396,29805,188,24431,0,0,2244,33272,340,10420,2245,43692,California
Sonoma,2021-01-31,777,55013,665,30470,112,24543,0,0,579,33654,197,10617,579,44271,California
Sonoma,2021-02-01,2504,57517,884,31354,1620,26163,0,0,2099,35351,402,11019,2099,46370,California
Sonoma,2021-02-02,3515,61032,1368,32722,2147,28310,0,0,2948,37734,565,11584,2948,49318,California
Sonoma,2021-02-03,4035,65067,1323,34045,2712,31022,0,0,3105,39911,928,12512,3105,52423,California
Sonoma,2021-02-04,4197,69264,1708,35753,2489,33511,0,0,3416,42549,779,13291,3417,55840,California
Sonoma,2021-02-05,4812,74076,1739,37492,3073,36584,0,0,3799,45340,1009,14300,3800,59640,California
Sonoma,2021-02-06,2655,76731,2295,39787,360,36944,0,0,2097,46880,557,14857,2097,61737,California
Sonoma,2021-02-07,1535,78266,1400,41187,135,37079,0,0,1284,47913,251,15108,1284,63021,California
Sonoma,2021-02-08,3254,81520,1033,42220,2221,39300,0,0,2674,50008,579,15687,2674,65695,California
Sonoma,2021-02-09,3563,85083,1697,43917,1866,41166,0,0,3084,52616,477,16164,3085,68780,California
Sonoma,2021-02-10,4527,89610,2475,46392,2052,43218,0,0,3492,55080,1029,17193,3493,72273,California
Sonoma,2021-02-11,5560,95170,3009,49401,2551,45769,0,0,4378,58278,1180,18373,4378,76651,California
Sonoma,2021-02-12,5893,101063,3236,52637,2657,48426,0,0,4474,61340,1415,19788,4477,81128,California
Sonoma,2021-02-13,1983,103046,1152,53789,831,49257,0,0,1201,61762,779,20567,1201,82329,California
Sonoma,2021-02-14,2314,105360,1821,55610,493,49750,0,0,1569,62587,744,21311,1569,83898,California
Sonoma,2021-02-15,2138,107498,791,56401,1347,51097,0,0,1606,63662,531,21842,1606,85504,California
Sonoma,2021-02-16,4894,112392,2051,58452,2843,53940,0,0,3641,66054,1249,23091,3641,89145,California
Sonoma,2021-02-17,5586,117978,2891,61343,2695,56635,0,0,3587,67652,1991,25082,3589,92734,California
Sonoma,2021-02-18,6915,124893,3132,64475,3783,60418,0,0,4002,68749,2905,27987,4002,96736,California
Sonoma,2021-02-19,5512,130405,1665,66140,3847,64265,0,0,3415,70073,2092,30079,3416,100152,California
Sonoma,2021-02-20,3123,133528,2843,68983,280,64545,0,0,1218,69392,1899,31978,1218,101370,California
Sonoma,2021-02-21,517,134045,413,69396,104,64649,0,0,128,69134,386,32364,128,101498,California
Sonoma,2021-02-22,2872,136917,1353,70749,1519,66168,0,0,1196,68659,1671,34035,1196,102694,California
Sonoma,2021-02-23,3357,140274,2069,72818,1288,67456,0,0,1615,68536,1738,35773,1615,104309,California
Sonoma,2021-02-24,5629,145903,2539,75357,3090,70546,0,0,2909,68732,2715,38488,2911,107220,California
Sonoma,2021-02-25,5784,151687,2233,77590,3551,74097,0,0,3102,69173,2661,41149,3102,110322,California
Sonoma,2021-02-26,6246,157933,2748,80338,3498,77595,0,0,3964,70860,2277,43426,3964,114286,California
Sonoma,2021-02-27,4020,161953,1906,82244,2114,79709,0,0,2682,72206,1336,44762,2682,116968,California
Sonoma,2021-02-28,2333,164286,1849,84093,484,80193,0,0,612,71107,1711,46473,612,117580,California
Sonoma,2021-03-01,3735,168021,1129,85222,2606,82799,0,0,1877,71137,1848,48321,1878,119458,California
Sonoma,2021-03-02,4330,172351,1473,86695,2857,85656,0,0,2521,71857,1801,50122,2521,121979,California
Sonoma,2021-03-03,5022,177373,2626,89321,2396,88052,0,0,2309,71460,2706,52828,2309,124288,California
Sonoma,2021-03-04,5904,183277,2656,91977,3248,91300,0,0,2564,70698,3326,56154,2564,126852,California
Sonoma,2021-03-05,6419,189696,2810,94787,3594,94894,15,15,2702,69712,3704,59858,2718,129570,California
Sonoma,2021-03-06,2775,192471,1211,95998,1430,96324,134,149,1909,70894,860,60718,2042,131612,California
Sonoma,2021-03-07,1682,194153,1393,97391,254,96578,35,184,357,69963,1323,62041,392,132004,California
Sonoma,2021-03-08,4043,198196,653,98044,3215,99793,175,359,2376,70855,1657,63698,2549,134553,California
Sonoma,2021-03-09,5480,203676,3001,101045,2237,102030,242,601,2674,70972,2799,66497,2916,137469,California
Sonoma,2021-03-10,5939,209615,3167,104212,2445,104475,327,928,2394,70161,3531,70028,2720,140189,California
Sonoma,2021-03-11,7509,217124,2991,107203,3698,108173,820,1748,2555,68591,4946,74974,3376,143565,California
Sonoma,2021-03-12,7391,224515,2263,109466,3767,111940,1361,3109,2104,66783,5268,80242,3460,147025,California
Sonoma,2021-03-13,3247,227762,1544,111010,1468,113408,235,3344,1852,67473,1394,81636,2084,149109,California
Sonoma,2021-03-14,1378,229140,382,111392,855,114263,141,3485,850,67938,525,82161,990,150099,California
Sonoma,2021-03-15,5219,234359,1498,112890,3336,117599,385,3870,2191,67492,3020,85181,2574,152673,California
Sonoma,2021-03-16,6267,240626,2234,115124,3801,121400,232,4102,2901,67264,3360,88541,3132,155805,California
Sonoma,2021-03-17,6734,247360,3519,118643,3035,124435,180,4282,3282,67284,3441,91982,3461,159266,California
Sonoma,2021-03-18,7109,254469,2932,121575,3564,127999,613,4895,3178,67147,3925,95907,3788,163054,California
Sonoma,2021-03-19,7478,261947,3232,124807,4015,132014,231,5126,3194,66311,4265,100172,3429,166483,California
Sonoma,2021-03-20,3626,265573,1744,126551,1052,133066,830,5956,1971,67460,1648,101820,2797,169280,California
Sonoma,2021-03-21,1379,266952,602,127153,744,133810,33,5989,1214,68544,163,101983,1247,170527,California
Sonoma,2021-03-22,4503,271455,3088,130241,1314,135124,101,6090,3413,70972,1086,103069,3514,174041,California
Sonoma,2021-03-23,5793,277248,3599,133840,2118,137242,76,6166,4421,74105,1364,104433,4497,178538,California
Sonoma,2021-03-24,6595,283843,4264,138104,2265,139507,66,6232,3986,75565,2592,107025,4052,182590,California
Sonoma,2021-03-25,6974,290817,4187,142291,2681,142188,106,6338,4225,77171,2727,109752,4333,186923,California
Sonoma,2021-03-26,7269,298086,3445,145736,3735,145923,89,6427,3807,77620,3447,113199,3896,190819,California
Sonoma,2021-03-27,3797,301883,1501,147237,1934,147857,362,6789,1121,76433,2670,115869,1483,192302,California
Sonoma,2021-03-28,1503,303386,945,148182,531,148388,27,6816,943,76846,557,116426,970,193272,California
Sonoma,2021-03-29,2853,306239,1092,149274,1728,150116,33,6849,1582,77194,1267,117693,1615,194887,California
Sonoma,2021-03-30,5681,311920,3126,152400,2493,152609,62,6911,2999,77578,2676,120369,3060,197947,California
Sonoma,2021-03-31,5493,317413,3335,155735,1944,154553,214,7125,3204,78718,2279,122648,3419,201366,California
Sonoma,2021-04-01,6679,324092,3966,159701,2377,156930,336,7461,3582,79548,3080,125728,3910,205276,California
Sonoma,2021-04-02,5908,330000,3537,163238,2262,159192,109,7570,3560,80876,2342,128070,3670,208946,California
Sonoma,2021-04-03,3366,333366,1645,164883,1500,160692,221,7791,1462,80666,1892,129962,1682,210628,California
Sonoma,2021-04-04,1057,334423,687,165570,280,160972,90,7881,666,81035,387,130349,756,211384,California
Sonoma,2021-04-05,4355,338778,588,166158,3430,164402,337,8218,1639,80301,2710,133059,1976,213360,California
Sonoma,2021-04-06,6836,345614,3467,169625,2969,167371,400,8618,3967,81810,2856,135915,4365,217725,California
Sonoma,2021-04-07,6747,352361,3810,173435,2103,169474,834,9452,3273,82448,3465,139380,4103,221828,California
Sonoma,2021-04-08,7491,359852,4092,177527,2629,172103,770,10222,4082,83898,3398,142778,4848,226676,California
Sonoma,2021-04-09,6750,366602,3756,181283,2109,174212,885,11107,3465,84972,3272,146050,4346,231022,California
Sonoma,2021-04-10,3820,370422,1679,182962,1588,175800,553,11660,1093,83895,2718,148768,1641,232663,California
Sonoma,2021-04-11,1278,371700,604,183566,593,176393,81,11741,434,83567,843,149611,515,233178,California
Sonoma,2021-04-12,4933,376633,2054,185620,2397,178790,482,12223,1847,82811,3078,152689,2322,235500,California
Sonoma,2021-04-13,7782,384415,4612,190232,3168,181958,2,12225,2959,80957,4815,157504,2961,238461,California
Sonoma,2021-04-14,6354,390769,3589,193821,2745,184703,20,12245,2502,79641,3837,161341,2521,240982,California
Sonoma,2021-04-15,7103,397872,4036,197857,3067,187770,0,12245,3505,79559,3587,164928,3505,244487,California
Sonoma,2021-04-16,6785,404657,3412,201269,3372,191142,1,12246,3848,80476,2932,167860,3849,248336,California
Sonoma,2021-04-17,3088,407745,1494,202763,1594,192736,0,12246,1493,80384,1586,169446,1494,249830,California
Sonoma,2021-04-18,1200,408945,808,203571,392,193128,0,12246,369,79924,829,170275,369,250199,California
Sonoma,2021-04-19,3283,412228,1873,205444,1410,194538,0,12246,1446,79536,1834,172109,1446,251645,California
Sonoma,2021-04-20,6256,418484,3450,208894,2806,197344,0,12246,2371,78035,3873,175982,2372,254017,California
Sonoma,2021-04-21,6330,424814,4180,213074,2148,199492,2,12248,2916,77554,3398,179380,2917,256934,California
Sonoma,2021-04-22,6093,430907,4427,217501,1666,201158,0,12248,2469,76412,3611,182991,2469,259403,California
Sonoma,2021-04-23,7244,438151,4597,222098,2641,203799,6,12254,3609,76402,3626,186617,3616,263019,California
Sonoma,2021-04-24,2691,440842,1481,223579,1196,204995,14,12268,1525,76777,1164,187781,1539,264558,California
Sonoma,2021-04-25,1076,441918,784,224363,292,205287,0,12268,428,76559,646,188427,428,264986,California
Sonoma,2021-04-26,2555,444473,1239,225602,1291,206578,25,12293,1435,76905,1114,189541,1460,266446,California
Sonoma,2021-04-27,5068,449541,3599,229201,1373,207951,96,12389,2103,76153,2951,192492,2199,268645,California
Sonoma,2021-04-28,4384,453925,2865,232066,1351,209302,168,12557,1845,75636,2525,195017,2008,270653,California
Sonoma,2021-04-29,4229,458154,3004,235070,1084,210386,141,12698,1529,74614,2693,197710,1671,272324,California
Sonoma,2021-04-30,4044,462198,2801,237871,1179,211565,64,12762,1410,73461,2628,200338,1475,273799,California
Sonoma,2021-05-01,1905,464103,1457,239328,411,211976,37,12799,1067,73729,836,201174,1104,274903,California
Sonoma,2021-05-02,488,464591,423,239751,57,212033,8,12807,420,74090,68,201242,429,275332,California
Sonoma,2021-05-03,2597,467188,1287,241038,1259,213292,51,12858,916,73380,1676,202918,966,276298,California
Stanislaus,2020-12-15,3,3,3,3,0,0,0,0,3,3,0,0,3,3,California
Stanislaus,2020-12-16,37,40,37,40,0,0,0,0,37,40,0,0,37,40,California
Stanislaus,2020-12-17,74,114,74,114,0,0,0,0,74,114,0,0,74,114,California
Stanislaus,2020-12-18,337,451,331,445,6,6,0,0,337,451,0,0,337,451,California
Stanislaus,2020-12-19,133,584,133,578,0,6,0,0,133,584,0,0,133,584,California
Stanislaus,2020-12-20,85,669,85,663,0,6,0,0,85,669,0,0,85,669,California
Stanislaus,2020-12-21,997,1666,996,1659,1,7,0,0,996,1665,0,0,996,1665,California
Stanislaus,2020-12-22,795,2461,783,2442,12,19,0,0,795,2460,0,0,795,2460,California
Stanislaus,2020-12-23,447,2908,430,2872,17,36,0,0,446,2906,0,0,446,2906,California
Stanislaus,2020-12-24,97,3005,88,2960,9,45,0,0,97,3003,0,0,97,3003,California
Stanislaus,2020-12-26,51,3056,8,2968,43,88,0,0,51,3054,0,0,51,3054,California
Stanislaus,2020-12-27,11,3067,6,2974,5,93,0,0,11,3065,0,0,11,3065,California
Stanislaus,2020-12-28,489,3556,394,3368,95,188,0,0,489,3554,0,0,489,3554,California
Stanislaus,2020-12-29,494,4050,416,3784,78,266,0,0,494,4048,0,0,494,4048,California
Stanislaus,2020-12-30,534,4584,279,4063,255,521,0,0,533,4580,1,1,533,4581,California
Stanislaus,2020-12-31,275,4859,156,4219,119,640,0,0,275,4855,0,1,275,4856,California
Stanislaus,2021-01-01,12,4871,4,4223,8,648,0,0,12,4867,0,1,12,4868,California
Stanislaus,2021-01-02,31,4902,24,4247,7,655,0,0,31,4898,0,1,31,4899,California
Stanislaus,2021-01-03,90,4992,87,4334,3,658,0,0,90,4988,0,1,90,4989,California
Stanislaus,2021-01-04,111,5103,32,4366,79,737,0,0,111,5099,0,1,111,5100,California
Stanislaus,2021-01-05,832,5935,342,4708,490,1227,0,0,810,5893,21,22,815,5915,California
Stanislaus,2021-01-06,950,6885,547,5255,403,1630,0,0,880,6707,67,89,881,6796,California
Stanislaus,2021-01-07,1076,7961,700,5955,376,2006,0,0,960,7553,115,204,961,7757,California
Stanislaus,2021-01-08,1279,9240,723,6678,556,2562,0,0,938,8157,338,542,942,8699,California
Stanislaus,2021-01-09,285,9525,141,6819,144,2706,0,0,195,8262,90,632,195,8894,California
Stanislaus,2021-01-10,48,9573,21,6840,27,2733,0,0,29,8272,19,651,29,8923,California
Stanislaus,2021-01-11,1520,11093,1244,8084,276,3009,0,0,596,7966,918,1569,612,9535,California
Stanislaus,2021-01-12,1463,12556,861,8945,602,3611,0,0,827,8167,632,2201,833,10368,California
Stanislaus,2021-01-13,1423,13979,672,9617,751,4362,0,0,1102,8956,321,2522,1110,11478,California
Stanislaus,2021-01-14,2219,16198,279,9896,1940,6302,0,0,2062,10921,155,2677,2120,13598,California
Stanislaus,2021-01-15,2804,19002,1145,11041,1659,7961,0,0,2662,13515,138,2815,2732,16330,California
Stanislaus,2021-01-16,468,19470,50,11091,418,8379,0,0,453,13956,14,2829,455,16785,California
Stanislaus,2021-01-17,243,19713,201,11292,42,8421,0,0,237,14188,5,2834,237,17022,California
Stanislaus,2021-01-18,2180,21893,1021,12313,1159,9580,0,0,1809,15691,366,3200,1869,18891,California
Stanislaus,2021-01-19,1248,23141,720,13033,528,10108,0,0,805,16056,441,3641,806,19697,California
Stanislaus,2021-01-20,998,24139,483,13516,515,10623,0,0,708,16475,289,3930,708,20405,California
Stanislaus,2021-01-21,3635,27774,2941,16457,694,11317,0,0,3332,19593,301,4231,3419,23824,California
Stanislaus,2021-01-22,1058,28832,306,16763,752,12069,0,0,1014,20571,40,4271,1018,24842,California
Stanislaus,2021-01-23,338,29170,38,16801,300,12369,0,0,282,20802,55,4326,286,25128,California
Stanislaus,2021-01-24,292,29462,100,16901,192,12561,0,0,226,20964,66,4392,228,25356,California
Stanislaus,2021-01-25,3135,32597,225,17126,2910,15471,0,0,2831,23622,304,4696,2962,28318,California
Stanislaus,2021-01-26,1719,34316,743,17869,976,16447,0,0,1298,24518,417,5113,1313,29631,California
Stanislaus,2021-01-27,1828,36144,990,18859,838,17285,0,0,1173,25045,647,5760,1174,30805,California
Stanislaus,2021-01-28,2194,38338,1500,20359,694,17979,0,0,1713,26336,473,6233,1764,32569,California
Stanislaus,2021-01-29,2428,40766,1189,21548,1239,19218,0,0,1911,27818,472,6705,1954,34523,California
Stanislaus,2021-01-30,290,41056,129,21677,161,19379,0,0,227,27993,52,6757,227,34750,California
Stanislaus,2021-01-31,365,41421,312,21989,53,19432,0,0,351,28333,11,6768,351,35101,California
Stanislaus,2021-02-01,1252,42673,548,22537,704,20136,0,0,911,28913,331,7099,911,36012,California
Stanislaus,2021-02-02,1231,43904,373,22910,858,20994,0,0,779,29252,444,7543,783,36795,California
Stanislaus,2021-02-03,2458,46362,1080,23990,1378,22372,0,0,1791,30386,663,8206,1797,38592,California
Stanislaus,2021-02-04,2083,48445,720,24710,1363,23735,0,0,1571,31458,504,8710,1576,40168,California
Stanislaus,2021-02-05,2830,51275,1457,26167,1373,25108,0,0,1590,31866,1188,9898,1596,41764,California
Stanislaus,2021-02-06,882,52157,299,26466,583,25691,0,0,692,32371,188,10086,693,42457,California
Stanislaus,2021-02-07,212,52369,188,26654,24,25715,0,0,42,32245,169,10255,43,42500,California
Stanislaus,2021-02-08,2010,54379,1314,27968,696,26411,0,0,1097,32466,881,11136,1102,43602,California
Stanislaus,2021-02-09,1822,56201,774,28742,1048,27459,0,0,1042,32748,764,11900,1046,44648,California
Stanislaus,2021-02-10,1928,58129,530,29272,1398,28857,0,0,1012,32865,897,12797,1014,45662,California
Stanislaus,2021-02-11,5353,63482,3251,32523,2102,30959,0,0,1224,30138,3955,16752,1228,46890,California
Stanislaus,2021-02-12,3276,66758,907,33430,2369,33328,0,0,1452,29829,1762,18514,1453,48343,California
Stanislaus,2021-02-13,1347,68105,648,34078,699,34027,0,0,980,30450,363,18877,984,49327,California
Stanislaus,2021-02-14,421,68526,169,34247,252,34279,0,0,352,30735,67,18944,352,49679,California
Stanislaus,2021-02-15,1792,70318,217,34464,1575,35854,0,0,570,30187,1123,20067,575,50254,California
Stanislaus,2021-02-16,1353,71671,416,34880,937,36791,0,0,575,29993,771,20838,577,50831,California
Stanislaus,2021-02-17,2721,74392,1659,36539,1062,37853,0,0,1936,31154,782,21620,1943,52774,California
Stanislaus,2021-02-18,3334,77726,1886,38425,1448,39301,0,0,1789,31484,1470,23090,1800,54574,California
Stanislaus,2021-02-19,2701,80427,1043,39468,1658,40959,0,0,1519,31864,1148,24238,1528,56102,California
Stanislaus,2021-02-20,743,81170,376,39844,367,41326,0,0,482,32102,246,24484,484,56586,California
Stanislaus,2021-02-21,871,82041,656,40500,215,41541,0,0,523,32308,328,24812,534,57120,California
Stanislaus,2021-02-22,2330,84371,1683,42183,647,42188,0,0,1634,33272,672,25484,1636,58756,California
Stanislaus,2021-02-23,3686,88057,679,42862,3007,45195,0,0,1734,33196,1816,27300,1740,60496,California
Stanislaus,2021-02-24,4136,92193,2827,45689,1309,46504,0,0,3127,35334,993,28293,3131,63627,California
Stanislaus,2021-02-25,3858,96051,2629,48318,1229,47733,0,0,3061,37618,780,29073,3064,66691,California
Stanislaus,2021-02-26,4151,100202,1192,49510,2959,50692,0,0,2808,39135,1300,30373,2817,69508,California
Stanislaus,2021-02-27,2066,102268,696,50206,1369,52061,1,1,1840,40777,199,30572,1841,71349,California
Stanislaus,2021-02-28,799,103067,257,50463,542,52603,0,1,754,41494,38,30610,755,72104,California
Stanislaus,2021-03-01,2719,105786,1590,52053,1129,53732,0,1,1600,41998,1101,31711,1605,73709,California
Stanislaus,2021-03-02,2363,108149,1402,53455,960,54692,1,2,1645,42933,711,32422,1646,75355,California
Stanislaus,2021-03-03,3691,111840,2216,55671,1473,56165,2,4,2892,45042,783,33205,2892,78247,California
Stanislaus,2021-03-04,5383,117223,3067,58738,2300,58465,16,20,4184,48062,1176,34381,4196,82443,California
Stanislaus,2021-03-05,4002,121225,1104,59842,2882,61347,16,36,3043,50178,942,35323,3058,85501,California
Stanislaus,2021-03-06,3565,124790,2219,62061,1253,62600,93,129,2715,52142,846,36169,2810,88311,California
Stanislaus,2021-03-07,838,125628,380,62441,422,63022,36,165,650,52646,182,36351,686,88997,California
Stanislaus,2021-03-08,1972,127600,847,63288,1037,64059,88,253,1315,53403,645,36996,1402,90399,California
Stanislaus,2021-03-09,2156,129756,887,64175,1177,65236,92,345,1622,54595,526,37522,1718,92117,California
Stanislaus,2021-03-10,5021,134777,2469,66644,2331,67567,221,566,3709,57240,1296,38818,3941,96058,California
Stanislaus,2021-03-11,5697,140474,3125,69769,2097,69664,475,1041,4128,60431,1414,40232,4605,100663,California
Stanislaus,2021-03-12,5741,146215,1216,70985,2606,72270,1919,2960,2915,62449,2812,43044,4830,105493,California
Stanislaus,2021-03-13,3356,149571,2160,73145,1128,73398,68,3028,2681,64534,669,43713,2754,108247,California
Stanislaus,2021-03-14,973,150544,577,73722,345,73743,51,3079,484,64585,487,44200,538,108785,California
Stanislaus,2021-03-15,3674,154218,1963,75685,1353,75096,358,3437,1601,64573,1978,46178,1966,110751,California
Stanislaus,2021-03-16,4889,159107,2435,78120,2044,77140,410,3847,3528,67168,1342,47520,3937,114688,California
Stanislaus,2021-03-17,4697,163804,2846,80966,1675,78815,176,4023,2879,68430,1799,49319,3061,117749,California
Stanislaus,2021-03-18,5398,169202,3406,84372,1926,80741,66,4089,2971,69191,2281,51600,3042,120791,California
Stanislaus,2021-03-19,5906,175108,1523,85895,2858,83599,1525,5614,3102,71038,2779,54379,4626,125417,California
Stanislaus,2021-03-20,3827,178935,2994,88889,765,84364,68,5682,3357,74000,463,54842,3425,128842,California
Stanislaus,2021-03-21,977,179912,877,89766,35,84399,65,5747,746,74581,230,55072,811,129653,California
Stanislaus,2021-03-22,2795,182707,1308,91074,763,85162,724,6471,1241,75006,1539,56611,1964,131617,California
Stanislaus,2021-03-23,3929,186636,2008,93082,1661,86823,260,6731,2810,76990,1102,57713,3086,134703,California
Stanislaus,2021-03-24,4515,191151,3201,96283,1246,88069,68,6799,2632,77851,1842,59555,2703,137406,California
Stanislaus,2021-03-25,4220,195371,2900,99183,1304,89373,16,6815,1813,77348,2333,61888,1830,139236,California
Stanislaus,2021-03-26,4699,200070,1328,100511,3296,92669,75,6890,2373,77516,2293,64181,2461,141697,California
Stanislaus,2021-03-27,4294,204364,2691,103202,1574,94243,29,6919,1391,76062,2887,67068,1433,143130,California
Stanislaus,2021-03-28,1092,205456,432,103634,555,94798,105,7024,345,75786,739,67807,463,143593,California
Stanislaus,2021-03-29,2946,208402,1804,105438,1103,95901,39,7063,1979,76851,960,68767,2025,145618,California
Stanislaus,2021-03-30,3636,212038,2034,107472,1575,97476,27,7090,2224,77704,1407,70174,2260,147878,California
Stanislaus,2021-03-31,5364,217402,3803,111275,1444,98920,117,7207,2750,77988,2598,72772,2882,150760,California
Stanislaus,2021-04-01,5685,223087,3807,115082,1789,100709,89,7296,2613,77656,3059,75831,2727,153487,California
Stanislaus,2021-04-02,4919,228006,1200,116282,3569,104278,150,7446,2192,77371,2645,78476,2360,155847,California
Stanislaus,2021-04-03,4509,232515,3281,119563,1191,105469,37,7483,2222,77374,2279,80755,2282,158129,California
Stanislaus,2021-04-04,1306,233821,469,120032,808,106277,29,7512,650,77413,651,81406,690,158819,California
Stanislaus,2021-04-05,3601,237422,2514,122546,837,107114,250,7762,2339,78753,1255,82661,2595,161414,California
Stanislaus,2021-04-06,5672,243094,4149,126695,1250,108364,273,8035,3026,79425,2633,85294,3305,164719,California
Stanislaus,2021-04-07,6312,249406,3582,130277,2311,110675,419,8454,2818,79186,3481,88775,3242,167961,California
Stanislaus,2021-04-08,5625,255031,3285,133562,1909,112584,431,8885,2724,79462,2884,91659,3160,171121,California
Stanislaus,2021-04-09,4767,259798,2069,135631,2332,114916,366,9251,2158,79408,2591,94250,2537,173658,California
Stanislaus,2021-04-10,6431,266229,3940,139571,858,115774,1633,10884,1967,78559,4443,98693,3594,177252,California
Stanislaus,2021-04-11,1509,267738,845,140416,531,116305,133,11017,658,78503,848,99541,792,178044,California
Stanislaus,2021-04-12,3554,271292,2014,142430,1096,117401,444,11461,1850,79109,1695,101236,2301,180345,California
Stanislaus,2021-04-13,5144,276436,3373,145803,1758,119159,13,11474,2888,79779,2223,103459,2893,183238,California
Stanislaus,2021-04-14,4605,281041,3224,149027,1381,120540,0,11474,2230,79670,2345,105804,2236,185474,California
Stanislaus,2021-04-15,5364,286405,3304,152331,2058,122598,2,11476,3235,80816,2093,107897,3239,188713,California
Stanislaus,2021-04-16,4248,290653,969,153300,3279,125877,0,11476,1797,80203,2412,110309,1799,190512,California
Stanislaus,2021-04-17,3102,293755,2069,155369,1033,126910,0,11476,1806,80728,1285,111594,1810,192322,California
Stanislaus,2021-04-18,519,294274,206,155575,313,127223,0,11476,399,81015,114,111708,401,192723,California
Stanislaus,2021-04-19,3444,297718,2445,158020,999,128222,0,11476,1650,80908,1765,113473,1658,194381,California
Stanislaus,2021-04-20,3957,301675,2401,160421,1556,129778,0,11476,1742,80463,2189,115662,1744,196125,California
Stanislaus,2021-04-21,3769,305444,2511,162932,1257,131035,1,11477,1615,79964,2121,117783,1622,197747,California
Stanislaus,2021-04-22,3929,309373,2389,165321,1540,132575,0,11477,1587,79256,2300,120083,1592,199339,California
Stanislaus,2021-04-23,3575,312948,837,166158,2738,135313,0,11477,1469,78717,2015,122098,1476,200815,California
Stanislaus,2021-04-24,3713,316661,2911,169069,802,136115,0,11477,1756,78538,1942,124040,1763,202578,California
Stanislaus,2021-04-25,932,317593,478,169547,454,136569,0,11477,688,78992,239,124279,693,203271,California
Stanislaus,2021-04-26,3155,320748,2222,171769,927,137496,6,11483,946,77757,2194,126473,959,204230,California
Stanislaus,2021-04-27,3784,324532,2653,174422,1089,138585,42,11525,1065,76163,2702,129175,1108,205338,California
Stanislaus,2021-04-28,4019,328551,2847,177269,1110,139695,62,11587,1783,75802,2221,131396,1860,207198,California
Stanislaus,2021-04-29,3367,331918,2054,179323,1267,140962,46,11633,1313,75137,2041,133437,1376,208574,California
Stanislaus,2021-04-30,3850,335768,1762,181085,2058,143020,30,11663,1452,74272,2390,135827,1525,210099,California
Stanislaus,2021-05-01,2273,338041,1670,182755,591,143611,12,11675,793,73622,1478,137305,828,210927,California
Stanislaus,2021-05-02,684,338725,347,183102,331,143942,6,11681,343,73638,335,137640,351,211278,California
Stanislaus,2021-05-03,1747,340472,1418,184520,309,144251,20,11701,670,73275,1072,138712,709,211987,California
Sutter,2020-12-15,1,1,1,1,0,0,0,0,1,1,0,0,1,1,California
Sutter,2020-12-16,4,5,4,5,0,0,0,0,4,5,0,0,4,5,California
Sutter,2020-12-17,2,7,2,7,0,0,0,0,2,7,0,0,2,7,California
Sutter,2020-12-18,20,27,20,27,0,0,0,0,20,27,0,0,20,27,California
Sutter,2020-12-19,44,71,44,71,0,0,0,0,44,71,0,0,44,71,California
Sutter,2020-12-20,42,113,42,113,0,0,0,0,42,113,0,0,42,113,California
Sutter,2020-12-21,100,213,100,213,0,0,0,0,100,213,0,0,100,213,California
Sutter,2020-12-22,172,385,172,385,0,0,0,0,172,385,0,0,172,385,California
Sutter,2020-12-23,116,501,111,496,5,5,0,0,116,501,0,0,116,501,California
Sutter,2020-12-24,17,518,11,507,6,11,0,0,17,518,0,0,17,518,California
Sutter,2020-12-26,39,557,35,542,4,15,0,0,39,557,0,0,39,557,California
Sutter,2020-12-27,24,581,23,565,1,16,0,0,24,581,0,0,24,581,California
Sutter,2020-12-28,83,664,55,620,28,44,0,0,83,664,0,0,83,664,California
Sutter,2020-12-29,101,765,14,634,87,131,0,0,101,765,0,0,101,765,California
Sutter,2020-12-30,136,901,34,668,102,233,0,0,136,901,0,0,136,901,California
Sutter,2020-12-31,70,971,6,674,64,297,0,0,70,971,0,0,70,971,California
Sutter,2021-01-01,3,974,3,677,0,297,0,0,3,974,0,0,3,974,California
Sutter,2021-01-02,133,1107,131,808,2,299,0,0,133,1107,0,0,133,1107,California
Sutter,2021-01-03,1,1108,0,808,1,300,0,0,1,1108,0,0,1,1108,California
Sutter,2021-01-04,247,1355,139,947,108,408,0,0,247,1355,0,0,247,1355,California
Sutter,2021-01-05,99,1454,56,1003,43,451,0,0,97,1450,2,2,97,1452,California
Sutter,2021-01-06,204,1658,50,1053,154,605,0,0,199,1644,5,7,199,1651,California
Sutter,2021-01-07,252,1910,151,1204,101,706,0,0,243,1879,8,15,243,1894,California
Sutter,2021-01-08,147,2057,40,1244,107,813,0,0,130,1992,17,32,130,2024,California
Sutter,2021-01-09,45,2102,43,1287,2,815,0,0,4,1955,41,73,4,2028,California
Sutter,2021-01-10,397,2499,37,1324,360,1175,0,0,359,2277,37,110,359,2387,California
Sutter,2021-01-11,132,2631,114,1438,18,1193,0,0,26,2197,106,216,26,2413,California
Sutter,2021-01-12,201,2832,164,1602,37,1230,0,0,58,2112,143,359,58,2471,California
Sutter,2021-01-13,161,2993,98,1700,63,1293,0,0,71,2094,89,448,71,2542,California
Sutter,2021-01-14,145,3138,49,1749,96,1389,0,0,126,2201,19,467,126,2668,California
Sutter,2021-01-15,436,3574,132,1881,304,1693,0,0,421,2607,15,482,421,3089,California
Sutter,2021-01-16,385,3959,42,1923,343,2036,0,0,353,2929,31,513,353,3442,California
Sutter,2021-01-17,26,3985,24,1947,2,2038,0,0,10,2923,16,529,10,3452,California
Sutter,2021-01-18,116,4101,61,2008,55,2093,0,0,69,2945,47,576,69,3521,California
Sutter,2021-01-19,104,4205,43,2051,61,2154,0,0,79,2999,25,601,79,3600,California
Sutter,2021-01-20,255,4460,190,2241,65,2219,0,0,235,3214,20,621,235,3835,California
Sutter,2021-01-21,435,4895,267,2508,168,2387,0,0,416,3611,19,640,416,4251,California
Sutter,2021-01-22,269,5164,81,2589,188,2575,0,0,260,3862,9,649,260,4511,California
Sutter,2021-01-23,398,5562,40,2629,358,2933,0,0,371,4206,27,676,371,4882,California
Sutter,2021-01-24,17,5579,14,2643,3,2936,0,0,15,4219,2,678,15,4897,California
Sutter,2021-01-25,305,5884,195,2838,110,3046,0,0,151,4217,153,831,151,5048,California
Sutter,2021-01-26,244,6128,103,2941,141,3187,0,0,145,4264,98,929,145,5193,California
Sutter,2021-01-27,385,6513,255,3196,130,3317,0,0,320,4519,65,994,320,5513,California
Sutter,2021-01-28,524,7037,301,3497,223,3540,0,0,395,4786,128,1122,395,5908,California
Sutter,2021-01-29,419,7456,146,3643,273,3813,0,0,254,4875,165,1287,254,6162,California
Sutter,2021-01-30,775,8231,38,3681,737,4550,0,0,764,5628,11,1298,764,6926,California
Sutter,2021-01-31,27,8258,27,3708,0,4550,0,0,27,5655,0,1298,27,6953,California
Sutter,2021-02-01,165,8423,49,3757,116,4666,0,0,134,5758,31,1329,134,7087,California
Sutter,2021-02-02,244,8667,27,3784,217,4883,0,0,212,5938,32,1361,212,7299,California
Sutter,2021-02-03,443,9110,38,3822,405,5288,0,0,209,5913,234,1595,209,7508,California
Sutter,2021-02-04,670,9780,366,4188,304,5592,0,0,620,6483,50,1645,620,8128,California
Sutter,2021-02-05,285,10065,32,4220,253,5845,0,0,136,6470,149,1794,136,8264,California
Sutter,2021-02-06,733,10798,28,4248,705,6550,0,0,712,7161,21,1815,712,8976,California
Sutter,2021-02-07,23,10821,20,4268,3,6553,0,0,19,7176,4,1819,19,8995,California
Sutter,2021-02-08,134,10955,29,4297,105,6658,0,0,98,7238,36,1855,98,9093,California
Sutter,2021-02-09,245,11200,45,4342,200,6858,0,0,184,7361,61,1916,184,9277,California
Sutter,2021-02-10,818,12018,379,4721,439,7297,0,0,177,6898,640,2556,177,9454,California
Sutter,2021-02-11,603,12621,274,4995,329,7626,0,0,374,7043,229,2785,374,9828,California
Sutter,2021-02-12,633,13254,67,5062,566,8192,0,0,310,7031,322,3107,310,10138,California
Sutter,2021-02-13,898,14152,49,5111,849,9041,0,0,781,7695,117,3224,781,10919,California
Sutter,2021-02-14,90,14242,25,5136,65,9106,0,0,80,7765,10,3234,80,10999,California
Sutter,2021-02-15,197,14439,72,5208,125,9231,0,0,120,7808,77,3311,120,11119,California
Sutter,2021-02-16,288,14727,45,5253,243,9474,0,0,205,7931,82,3393,205,11324,California
Sutter,2021-02-17,823,15550,428,5681,395,9869,0,0,129,7366,694,4087,129,11453,California
Sutter,2021-02-18,699,16249,55,5736,644,10513,0,0,489,7646,209,4296,489,11942,California
Sutter,2021-02-19,664,16913,377,6113,287,10800,0,0,462,7908,200,4496,462,12404,California
Sutter,2021-02-20,617,17530,51,6164,566,11366,0,0,514,8320,102,4598,514,12918,California
Sutter,2021-02-21,29,17559,26,6190,3,11369,0,0,6,8303,23,4621,6,12924,California
Sutter,2021-02-22,207,17766,122,6312,85,11454,0,0,87,8270,120,4741,87,13011,California
Sutter,2021-02-23,224,17990,33,6345,191,11645,0,0,98,8242,126,4867,98,13109,California
Sutter,2021-02-24,958,18948,348,6693,610,12255,0,0,189,7663,768,5635,189,13298,California
Sutter,2021-02-25,776,19724,490,7183,286,12541,0,0,595,8080,178,5813,595,13893,California
Sutter,2021-02-26,368,20092,59,7242,309,12850,0,0,152,8018,214,6027,152,14045,California
Sutter,2021-02-27,864,20956,43,7285,821,13671,0,0,710,8572,156,6183,710,14755,California
Sutter,2021-02-28,83,21039,38,7323,45,13716,0,0,64,8618,18,6201,64,14819,California
Sutter,2021-03-01,247,21286,61,7384,186,13902,0,0,150,8671,97,6298,150,14969,California
Sutter,2021-03-02,334,21620,57,7441,277,14179,0,0,160,8658,173,6471,160,15129,California
Sutter,2021-03-03,1384,23004,514,7955,870,15049,0,0,647,8574,731,7202,647,15776,California
Sutter,2021-03-04,1256,24260,868,8823,388,15437,0,0,952,9226,300,7502,952,16728,California
Sutter,2021-03-05,336,24596,76,8899,259,15696,1,1,203,9298,132,7634,204,16932,California
Sutter,2021-03-06,1024,25620,46,8945,973,16669,5,6,862,10003,162,7796,867,17799,California
Sutter,2021-03-07,64,25684,23,8968,40,16709,1,7,44,10028,20,7816,45,17844,California
Sutter,2021-03-08,224,25908,77,9045,135,16844,12,19,156,10128,68,7884,168,18012,California
Sutter,2021-03-09,385,26293,135,9180,237,17081,13,32,182,10121,202,8086,195,18207,California
Sutter,2021-03-10,1568,27861,681,9861,826,17907,61,93,525,9667,1040,9126,586,18793,California
Sutter,2021-03-11,891,28752,438,10299,434,18341,19,112,646,10090,242,9368,665,19458,California
Sutter,2021-03-12,671,29423,109,10408,380,18721,182,294,198,9998,470,9838,378,19836,California
Sutter,2021-03-13,982,30405,749,11157,216,18937,17,311,782,10599,198,10036,799,20635,California
Sutter,2021-03-14,127,30532,20,11177,96,19033,11,322,42,10567,85,10121,53,20688,California
Sutter,2021-03-15,318,30850,66,11243,203,19236,49,371,151,10601,166,10287,200,20888,California
Sutter,2021-03-16,385,31235,85,11328,254,19490,46,417,209,10679,176,10463,254,21142,California
Sutter,2021-03-17,1496,32731,564,11892,913,20403,19,436,311,9832,1177,11640,330,21472,California
Sutter,2021-03-18,953,33684,166,12058,587,20990,200,636,564,10207,388,12028,763,22235,California
Sutter,2021-03-19,463,34147,164,12222,270,21260,29,665,283,10341,178,12206,312,22547,California
Sutter,2021-03-20,953,35100,116,12338,826,22086,11,676,865,11129,88,12294,876,23423,California
Sutter,2021-03-21,67,35167,47,12385,17,22103,3,679,37,11139,30,12324,40,23463,California
Sutter,2021-03-22,287,35454,121,12506,140,22243,26,705,211,11301,75,12399,237,23700,California
Sutter,2021-03-23,375,35829,114,12620,229,22472,32,737,252,11462,123,12522,284,23984,California
Sutter,2021-03-24,1684,37513,773,13393,841,23313,70,807,317,10496,1353,13875,387,24371,California
Sutter,2021-03-25,1034,38547,675,14068,318,23631,41,848,365,10235,667,14542,406,24777,California
Sutter,2021-03-26,482,39029,171,14239,294,23925,17,865,292,10357,187,14729,309,25086,California
Sutter,2021-03-27,934,39963,63,14302,869,24794,2,867,826,11080,105,14834,828,25914,California
Sutter,2021-03-28,125,40088,71,14373,54,24848,0,867,78,11113,45,14879,78,25992,California
Sutter,2021-03-29,421,40509,142,14515,224,25072,55,922,222,11193,197,15076,277,26269,California
Sutter,2021-03-30,476,40985,157,14672,309,25381,10,932,318,11363,158,15234,328,26597,California
Sutter,2021-03-31,1245,42230,175,14847,1054,26435,16,948,444,11031,791,16025,459,27056,California
Sutter,2021-04-01,1373,43603,727,15574,458,26893,188,1136,416,10685,950,16975,604,27660,California
Sutter,2021-04-02,514,44117,98,15672,298,27191,118,1254,205,10697,308,17283,320,27980,California
Sutter,2021-04-03,909,45026,76,15748,209,27400,624,1878,119,10652,788,18071,743,28723,California
Sutter,2021-04-04,117,45143,22,15770,89,27489,6,1884,55,10651,62,18133,61,28784,California
Sutter,2021-04-05,365,45508,143,15913,186,27675,36,1920,175,10675,187,18320,211,28995,California
Sutter,2021-04-06,509,46017,195,16108,258,27933,56,1976,273,10769,235,18555,329,29324,California
Sutter,2021-04-07,1476,47493,869,16977,532,28465,75,2051,613,10600,857,19412,688,30012,California
Sutter,2021-04-08,1025,48518,577,17554,339,28804,109,2160,562,10812,457,19869,669,30681,California
Sutter,2021-04-09,555,49073,245,17799,247,29051,63,2223,233,10788,320,20189,296,30977,California
Sutter,2021-04-10,817,49890,105,17904,87,29138,625,2848,103,10799,712,20901,723,31700,California
Sutter,2021-04-11,108,49998,26,17930,40,29178,42,2890,30,10793,78,20979,72,31772,California
Sutter,2021-04-12,336,50334,90,18020,192,29370,54,2944,136,10783,200,21179,190,31962,California
Sutter,2021-04-13,426,50760,123,18143,303,29673,0,2944,211,10781,213,21392,211,32173,California
Sutter,2021-04-14,1291,52051,159,18302,1131,30804,1,2945,213,9924,1072,22464,215,32388,California
Sutter,2021-04-15,527,52578,171,18473,356,31160,0,2945,211,9821,314,22778,211,32599,California
Sutter,2021-04-16,386,52964,115,18588,271,31431,0,2945,175,9786,210,22988,175,32774,California
Sutter,2021-04-17,572,53536,82,18670,490,31921,0,2945,500,10217,69,23057,500,33274,California
Sutter,2021-04-18,67,53603,8,18678,59,31980,0,2945,42,10235,24,23081,42,33316,California
Sutter,2021-04-19,289,53892,110,18788,179,32159,0,2945,121,10190,166,23247,121,33437,California
Sutter,2021-04-20,390,54282,135,18923,255,32414,0,2945,203,10207,186,23433,203,33640,California
Sutter,2021-04-21,1241,55523,423,19346,818,33232,0,2945,478,9931,754,24187,478,34118,California
Sutter,2021-04-22,465,55988,158,19504,307,33539,0,2945,248,9963,216,24403,248,34366,California
Sutter,2021-04-23,393,56381,111,19615,282,33821,0,2945,186,9943,206,24609,186,34552,California
Sutter,2021-04-24,324,56705,105,19720,219,34040,0,2945,185,9990,138,24747,185,34737,California
Sutter,2021-04-25,158,56863,76,19796,82,34122,0,2945,86,10007,69,24816,86,34823,California
Sutter,2021-04-26,259,57122,60,19856,197,34319,2,2947,117,9986,140,24956,119,34942,California
Sutter,2021-04-27,487,57609,232,20088,251,34570,4,2951,226,9959,258,25214,231,35173,California
Sutter,2021-04-28,782,58391,321,20409,453,35023,8,2959,235,9661,541,25755,243,35416,California
Sutter,2021-04-29,621,59012,103,20512,518,35541,0,2959,242,9526,377,26132,242,35658,California
Sutter,2021-04-30,241,59253,37,20549,193,35734,11,2970,76,9450,163,26295,87,35745,California
Sutter,2021-05-01,178,59431,18,20567,119,35853,41,3011,65,9445,111,26406,106,35851,California
Sutter,2021-05-02,13,59444,6,20573,7,35860,0,3011,9,9450,4,26410,9,35860,California
Sutter,2021-05-03,48,59492,8,20581,37,35897,3,3014,25,9455,23,26433,28,35888,California
Tehama,2020-12-15,1,1,1,1,0,0,0,0,1,1,0,0,1,1,California
Tehama,2020-12-16,2,3,2,3,0,0,0,0,2,3,0,0,2,3,California
Tehama,2020-12-17,12,15,12,15,0,0,0,0,12,15,0,0,12,15,California
Tehama,2020-12-18,2,17,2,17,0,0,0,0,3,18,0,0,3,18,California
Tehama,2020-12-21,33,50,33,50,0,0,0,0,33,51,0,0,33,51,California
Tehama,2020-12-22,68,118,62,112,6,6,0,0,68,119,0,0,68,119,California
Tehama,2020-12-23,48,166,40,152,8,14,0,0,48,167,0,0,48,167,California
Tehama,2020-12-24,5,171,3,155,2,16,0,0,5,172,0,0,5,172,California
Tehama,2020-12-26,3,174,2,157,1,17,0,0,3,175,0,0,3,175,California
Tehama,2020-12-27,2,176,2,159,0,17,0,0,2,177,0,0,2,177,California
Tehama,2020-12-28,56,232,43,202,13,30,0,0,56,233,0,0,56,233,California
Tehama,2020-12-29,31,263,31,233,0,30,0,0,31,264,0,0,31,264,California
Tehama,2020-12-30,54,317,38,271,16,46,0,0,53,317,0,0,53,317,California
Tehama,2020-12-31,14,331,4,275,10,56,0,0,14,331,0,0,14,331,California
Tehama,2021-01-01,2,333,0,275,2,58,0,0,2,333,0,0,2,333,California
Tehama,2021-01-04,32,365,9,284,23,81,0,0,32,365,0,0,32,365,California
Tehama,2021-01-05,70,435,43,327,27,108,0,0,67,429,3,3,67,432,California
Tehama,2021-01-06,71,506,21,348,50,158,0,0,62,483,8,11,62,494,California
Tehama,2021-01-07,57,563,7,355,50,208,0,0,56,538,1,12,56,550,California
Tehama,2021-01-08,32,595,24,379,8,216,0,0,27,560,5,17,27,577,California
Tehama,2021-01-09,7,602,5,384,2,218,0,0,5,563,2,19,5,582,California
Tehama,2021-01-10,1,603,0,384,1,219,0,0,1,564,0,19,1,583,California
Tehama,2021-01-11,48,651,46,430,2,221,0,0,15,546,33,52,15,598,California
Tehama,2021-01-12,116,767,96,526,20,241,0,0,71,572,45,97,71,669,California
Tehama,2021-01-13,73,840,55,581,18,259,0,0,27,553,46,143,27,696,California
Tehama,2021-01-14,225,1065,50,631,175,434,0,0,223,774,2,145,223,919,California
Tehama,2021-01-15,247,1312,74,705,173,607,0,0,243,1013,4,149,243,1162,California
Tehama,2021-01-16,272,1584,27,732,245,852,0,0,269,1279,3,152,269,1431,California
Tehama,2021-01-17,13,1597,9,741,4,856,0,0,11,1288,2,154,11,1442,California
Tehama,2021-01-18,10,1607,6,747,4,860,0,0,5,1288,5,159,5,1447,California
Tehama,2021-01-19,288,1895,62,809,226,1086,0,0,233,1466,55,214,233,1680,California
Tehama,2021-01-20,301,2196,87,896,214,1300,0,0,251,1668,49,263,251,1931,California
Tehama,2021-01-21,214,2410,11,907,203,1503,0,0,204,1862,10,273,204,2135,California
Tehama,2021-01-22,219,2629,17,924,202,1705,0,0,216,2075,3,276,216,2351,California
Tehama,2021-01-23,261,2890,10,934,251,1956,0,0,260,2334,1,277,260,2611,California
Tehama,2021-01-25,32,2922,14,948,18,1974,0,0,14,2330,18,295,14,2625,California
Tehama,2021-01-26,323,3245,42,990,281,2255,0,0,286,2579,37,332,286,2911,California
Tehama,2021-01-27,299,3544,21,1011,278,2533,0,0,279,2838,20,352,279,3190,California
Tehama,2021-01-28,340,3884,29,1040,311,2844,0,0,325,3148,15,367,325,3515,California
Tehama,2021-01-29,321,4205,19,1059,302,3146,0,0,304,3435,17,384,304,3819,California
Tehama,2021-01-30,103,4308,2,1061,101,3247,0,0,102,3536,1,385,102,3921,California
Tehama,2021-01-31,1,4309,0,1061,1,3248,0,0,1,3537,0,385,1,3922,California
Tehama,2021-02-01,78,4387,22,1083,56,3304,0,0,36,3531,42,427,36,3958,California
Tehama,2021-02-02,343,4730,63,1146,280,3584,0,0,246,3683,94,521,246,4204,California
Tehama,2021-02-03,381,5111,12,1158,369,3953,0,0,337,3976,44,565,337,4541,California
Tehama,2021-02-04,467,5578,98,1256,369,4322,0,0,388,4286,79,644,389,4930,California
Tehama,2021-02-05,169,5747,73,1329,96,4418,0,0,108,4334,61,705,109,5039,California
Tehama,2021-02-06,28,5775,13,1342,15,4433,0,0,16,4338,12,717,16,5055,California
Tehama,2021-02-07,5,5780,4,1346,1,4434,0,0,2,4337,3,720,2,5057,California
Tehama,2021-02-08,36,5816,14,1360,22,4456,0,0,27,4355,9,729,27,5084,California
Tehama,2021-02-09,78,5894,34,1394,44,4500,0,0,44,4365,34,763,44,5128,California
Tehama,2021-02-10,234,6128,62,1456,172,4672,0,0,158,4447,76,839,158,5286,California
Tehama,2021-02-11,222,6350,16,1472,206,4878,0,0,82,4391,138,977,82,5368,California
Tehama,2021-02-12,361,6711,62,1534,299,5177,0,0,175,4381,186,1163,176,5544,California
Tehama,2021-02-13,386,7097,13,1547,373,5550,0,0,147,4289,239,1402,147,5691,California
Tehama,2021-02-14,33,7130,0,1547,33,5583,0,0,32,4320,1,1403,32,5723,California
Tehama,2021-02-15,51,7181,9,1556,42,5625,0,0,45,4359,6,1409,45,5768,California
Tehama,2021-02-16,242,7423,16,1572,226,5851,0,0,60,4237,182,1591,60,5828,California
Tehama,2021-02-17,280,7703,12,1584,268,6119,0,0,54,4065,226,1817,54,5882,California
Tehama,2021-02-18,368,8071,32,1616,336,6455,0,0,144,3985,224,2041,144,6026,California
Tehama,2021-02-19,213,8284,18,1634,195,6650,0,0,42,3856,171,2212,42,6068,California
Tehama,2021-02-20,271,8555,6,1640,265,6915,0,0,26,3637,245,2457,26,6094,California
Tehama,2021-02-22,37,8592,13,1653,24,6939,0,0,24,3648,13,2470,24,6118,California
Tehama,2021-02-23,46,8638,19,1672,27,6966,0,0,26,3654,20,2490,26,6144,California
Tehama,2021-02-24,298,8936,12,1684,286,7252,0,0,26,3408,272,2762,26,6170,California
Tehama,2021-02-25,376,9312,60,1744,316,7568,0,0,37,3106,339,3101,37,6207,California
Tehama,2021-02-26,455,9767,19,1763,436,8004,0,0,70,2791,385,3486,70,6277,California
Tehama,2021-02-27,294,10061,5,1768,289,8293,0,0,34,2565,260,3746,34,6311,California
Tehama,2021-02-28,23,10084,2,1770,21,8314,0,0,20,2582,3,3749,20,6331,California
Tehama,2021-03-01,65,10149,8,1778,57,8371,0,0,31,2579,34,3783,31,6362,California
Tehama,2021-03-02,126,10275,18,1796,108,8479,0,0,30,2513,96,3879,30,6392,California
Tehama,2021-03-03,140,10415,33,1829,107,8586,0,0,47,2467,93,3972,47,6439,California
Tehama,2021-03-04,611,11026,35,1864,576,9162,0,0,222,2307,382,4354,222,6661,California
Tehama,2021-03-05,391,11417,18,1882,373,9535,0,0,215,2347,175,4529,215,6876,California
Tehama,2021-03-06,299,11716,17,1899,282,9817,0,0,81,2212,217,4746,82,6958,California
Tehama,2021-03-07,5,11721,1,1900,4,9821,0,0,3,2214,1,4747,3,6961,California
Tehama,2021-03-08,58,11779,12,1912,31,9852,15,15,27,2226,30,4777,42,7003,California
Tehama,2021-03-09,362,12141,5,1917,338,10190,19,34,307,2497,55,4832,326,7329,California
Tehama,2021-03-10,351,12492,12,1929,318,10508,21,55,69,2306,281,5113,90,7419,California
Tehama,2021-03-11,483,12975,14,1943,423,10931,46,101,340,2549,143,5256,386,7805,California
Tehama,2021-03-12,304,13279,19,1962,220,11151,65,166,179,2668,125,5381,244,8049,California
Tehama,2021-03-13,45,13324,8,1970,31,11182,6,172,6,2641,39,5420,12,8061,California
Tehama,2021-03-14,51,13375,3,1973,37,11219,11,183,10,2621,41,5461,21,8082,California
Tehama,2021-03-15,151,13526,21,1994,110,11329,20,203,84,2658,67,5528,104,8186,California
Tehama,2021-03-16,410,13936,14,2008,358,11687,38,241,310,2907,99,5627,348,8534,California
Tehama,2021-03-17,422,14358,22,2030,368,12055,32,273,337,3193,83,5710,369,8903,California
Tehama,2021-03-18,484,14842,25,2055,435,12490,24,297,305,3345,177,5887,329,9232,California
Tehama,2021-03-19,313,15155,23,2078,277,12767,13,310,271,3587,42,5929,284,9516,California
Tehama,2021-03-20,40,15195,8,2086,30,12797,2,312,28,3605,12,5941,30,9546,California
Tehama,2021-03-21,12,15207,5,2091,7,12804,0,312,12,3617,0,5941,12,9558,California
Tehama,2021-03-22,90,15297,7,2098,66,12870,17,329,49,3642,41,5982,66,9624,California
Tehama,2021-03-23,85,15382,24,2122,54,12924,7,336,66,3696,19,6001,73,9697,California
Tehama,2021-03-24,86,15468,16,2138,68,12992,2,338,55,3722,31,6032,57,9754,California
Tehama,2021-03-25,514,15982,351,2489,150,13142,13,351,467,4156,46,6078,480,10234,California
Tehama,2021-03-26,481,16463,374,2863,95,13237,12,363,406,4499,75,6153,418,10652,California
Tehama,2021-03-27,440,16903,348,3211,67,13304,25,388,373,4831,66,6219,398,11050,California
Tehama,2021-03-28,34,16937,13,3224,21,13325,0,388,22,4841,12,6231,22,11072,California
Tehama,2021-03-29,123,17060,32,3256,90,13415,1,389,78,4875,44,6275,78,11150,California
Tehama,2021-03-30,363,17423,212,3468,149,13564,2,391,249,5012,114,6389,251,11401,California
Tehama,2021-03-31,379,17802,278,3746,98,13662,3,394,307,5250,71,6460,309,11710,California
Tehama,2021-04-01,523,18325,243,3989,274,13936,6,400,389,5511,134,6594,395,12105,California
Tehama,2021-04-02,444,18769,204,4193,234,14170,6,406,260,5592,184,6778,265,12370,California
Tehama,2021-04-03,61,18830,3,4196,53,14223,5,411,30,5596,31,6809,35,12405,California
Tehama,2021-04-04,34,18864,6,4202,27,14250,1,412,22,5607,12,6821,23,12428,California
Tehama,2021-04-05,114,18978,20,4222,68,14318,26,438,59,5637,55,6876,85,12513,California
Tehama,2021-04-06,483,19461,105,4327,327,14645,51,489,135,5475,348,7224,186,12699,California
Tehama,2021-04-07,418,19879,279,4606,95,14740,44,533,304,5709,113,7337,347,13046,California
Tehama,2021-04-08,597,20476,172,4778,387,15127,38,571,228,5607,368,7705,266,13312,California
Tehama,2021-04-09,420,20896,186,4964,201,15328,33,604,208,5638,210,7915,241,13553,California
Tehama,2021-04-10,72,20968,9,4973,37,15365,26,630,39,5670,33,7948,65,13618,California
Tehama,2021-04-11,33,21001,7,4980,15,15380,11,641,8,5664,25,7973,19,13637,California
Tehama,2021-04-12,113,21114,6,4986,88,15468,19,660,44,5658,69,8042,63,13700,California
Tehama,2021-04-13,297,21411,57,5043,240,15708,0,660,63,5487,234,8276,63,13763,California
Tehama,2021-04-14,465,21876,49,5092,416,16124,0,660,51,5125,413,8689,51,13814,California
Tehama,2021-04-15,495,22371,192,5284,303,16427,0,660,85,4800,410,9099,85,13899,California
Tehama,2021-04-16,584,22955,332,5616,252,16679,0,660,95,4406,489,9588,95,13994,California
Tehama,2021-04-17,345,23300,266,5882,79,16758,0,660,51,4165,293,9881,52,14046,California
Tehama,2021-04-18,16,23316,2,5884,14,16772,0,660,12,4173,4,9885,12,14058,California
Tehama,2021-04-19,93,23409,7,5891,86,16858,0,660,41,4162,52,9937,41,14099,California
Tehama,2021-04-20,500,23909,412,6303,88,16946,0,660,149,3964,349,10286,151,14250,California
Tehama,2021-04-21,510,24419,437,6740,73,17019,0,660,183,3820,327,10613,183,14433,California
Tehama,2021-04-22,508,24927,358,7098,150,17169,0,660,151,3615,356,10969,151,14584,California
Tehama,2021-04-23,432,25359,335,7433,97,17266,0,660,203,3590,229,11198,204,14788,California
Tehama,2021-04-24,104,25463,18,7451,86,17352,0,660,30,3546,74,11272,30,14818,California
Tehama,2021-04-25,29,25492,18,7469,11,17363,0,660,11,3539,18,11290,11,14829,California
Tehama,2021-04-26,72,25564,7,7476,65,17428,0,660,43,3553,29,11319,43,14872,California
Tehama,2021-04-27,249,25813,204,7680,45,17473,0,660,94,3492,155,11474,94,14966,California
Tehama,2021-04-28,323,26136,244,7924,62,17535,17,677,60,3306,263,11737,77,15043,California
Tehama,2021-04-29,284,26420,128,8052,151,17686,5,682,52,3132,231,11968,57,15100,California
Tehama,2021-04-30,280,26700,212,8264,64,17750,4,686,92,3040,188,12156,96,15196,California
Tehama,2021-05-01,61,26761,3,8267,57,17807,1,687,9,2998,52,12208,10,15206,California
Tehama,2021-05-02,33,26794,20,8287,1,17808,12,699,18,3013,15,12223,30,15236,California
Tehama,2021-05-03,82,26876,20,8307,56,17864,6,705,47,3032,34,12257,53,15289,California
Trinity,2020-12-17,4,4,4,4,0,0,0,0,4,4,0,0,4,4,California
Trinity,2020-12-18,2,6,2,6,0,0,0,0,2,6,0,0,2,6,California
Trinity,2020-12-21,39,45,39,45,0,0,0,0,39,45,0,0,39,45,California
Trinity,2020-12-22,5,50,5,50,0,0,0,0,5,50,0,0,5,50,California
Trinity,2020-12-23,5,55,5,55,0,0,0,0,5,55,0,0,5,55,California
Trinity,2020-12-28,30,85,30,85,0,0,0,0,30,85,0,0,30,85,California
Trinity,2020-12-29,8,93,7,92,1,1,0,0,8,93,0,0,8,93,California
Trinity,2020-12-30,10,103,8,100,2,3,0,0,10,103,0,0,10,103,California
Trinity,2020-12-31,2,105,1,101,1,4,0,0,2,105,0,0,2,105,California
Trinity,2021-01-04,27,132,0,101,27,31,0,0,26,131,0,0,26,131,California
Trinity,2021-01-05,2,134,1,102,1,32,0,0,2,133,0,0,2,133,California
Trinity,2021-01-06,24,158,4,106,20,52,0,0,20,149,4,4,20,153,California
Trinity,2021-01-08,49,207,2,108,47,99,0,0,48,195,2,6,48,201,California
Trinity,2021-01-11,42,249,39,147,3,102,0,0,4,161,38,44,4,205,California
Trinity,2021-01-12,9,258,7,154,2,104,0,0,4,160,5,49,4,209,California
Trinity,2021-01-13,7,265,4,158,3,107,0,0,4,161,3,52,4,213,California
Trinity,2021-01-14,4,269,1,159,3,110,0,0,4,165,0,52,4,217,California
Trinity,2021-01-15,4,273,0,159,4,114,0,0,4,169,0,52,4,221,California
Trinity,2021-01-16,4,277,0,159,4,118,0,0,4,173,0,52,4,225,California
Trinity,2021-01-18,31,308,31,190,0,118,0,0,1,144,30,82,1,226,California
Trinity,2021-01-19,96,404,14,204,82,200,0,0,82,212,14,96,82,308,California
Trinity,2021-01-20,19,423,3,207,16,216,0,0,17,227,2,98,17,325,California
Trinity,2021-01-21,17,440,7,214,10,226,0,0,17,244,0,98,17,342,California
Trinity,2021-01-22,5,445,1,215,4,230,0,0,5,249,0,98,5,347,California
Trinity,2021-01-23,7,452,3,218,4,234,0,0,7,256,0,98,7,354,California
Trinity,2021-01-25,14,466,1,219,13,247,0,0,13,268,1,99,13,367,California
Trinity,2021-01-26,10,476,1,220,9,256,0,0,9,276,1,100,9,376,California
Trinity,2021-01-27,12,488,0,220,12,268,0,0,12,288,0,100,12,388,California
Trinity,2021-01-28,13,501,3,223,10,278,0,0,10,295,3,103,10,398,California
Trinity,2021-01-29,3,504,1,224,2,280,0,0,2,296,1,104,2,400,California
Trinity,2021-01-30,12,516,11,235,1,281,0,0,12,308,0,104,12,412,California
Trinity,2021-02-01,2,518,1,236,1,282,0,0,1,308,1,105,1,413,California
Trinity,2021-02-02,13,531,3,239,10,292,0,0,13,321,0,105,13,426,California
Trinity,2021-02-03,6,537,1,240,5,297,0,0,3,321,3,108,3,429,California
Trinity,2021-02-04,42,579,32,272,10,307,0,0,35,349,7,115,35,464,California
Trinity,2021-02-05,350,929,0,272,350,657,0,0,320,639,30,145,320,784,California
Trinity,2021-02-06,210,1139,5,277,205,862,0,0,203,835,7,152,203,987,California
Trinity,2021-02-07,1,1140,0,277,1,863,0,0,1,836,0,152,1,988,California
Trinity,2021-02-08,25,1165,0,277,25,888,0,0,15,841,10,162,15,1003,California
Trinity,2021-02-09,27,1192,2,279,25,913,0,0,11,836,16,178,11,1014,California
Trinity,2021-02-10,122,1314,10,289,112,1025,0,0,102,918,20,198,102,1116,California
Trinity,2021-02-11,339,1653,2,291,337,1362,0,0,332,1243,7,205,332,1448,California
Trinity,2021-02-12,14,1667,6,297,8,1370,0,0,10,1249,4,209,10,1458,California
Trinity,2021-02-13,12,1679,5,302,7,1377,0,0,5,1247,7,216,5,1463,California
Trinity,2021-02-14,2,1681,2,304,0,1377,0,0,2,1249,0,216,2,1465,California
Trinity,2021-02-15,47,1728,0,304,47,1424,0,0,47,1296,0,216,47,1512,California
Trinity,2021-02-16,6,1734,2,306,4,1428,0,0,3,1296,3,219,3,1515,California
Trinity,2021-02-17,94,1828,2,308,92,1520,0,0,84,1370,10,229,84,1599,California
Trinity,2021-02-18,4,1832,0,308,4,1524,0,0,1,1368,3,232,1,1600,California
Trinity,2021-02-19,304,2136,2,310,302,1826,0,0,290,1644,14,246,290,1890,California
Trinity,2021-02-20,141,2277,14,324,127,1953,0,0,113,1729,28,274,113,2003,California
Trinity,2021-02-22,8,2285,0,324,8,1961,0,0,5,1731,3,277,5,2008,California
Trinity,2021-02-23,11,2296,4,328,7,1968,0,0,6,1732,5,282,6,2014,California
Trinity,2021-02-24,30,2326,8,336,22,1990,0,0,7,1716,23,305,7,2021,California
Trinity,2021-02-25,36,2362,23,359,13,2003,0,0,5,1690,31,336,5,2026,California
Trinity,2021-02-26,11,2373,1,360,10,2013,0,0,5,1689,6,342,5,2031,California
Trinity,2021-02-27,9,2382,7,367,2,2015,0,0,4,1688,5,347,4,2035,California
Trinity,2021-03-01,8,2390,0,367,8,2023,0,0,5,1690,3,350,5,2040,California
Trinity,2021-03-02,9,2399,3,370,6,2029,0,0,2,1685,7,357,2,2042,California
Trinity,2021-03-03,5,2404,0,370,5,2034,0,0,4,1688,1,358,4,2046,California
Trinity,2021-03-04,20,2424,15,385,5,2039,0,0,13,1694,7,365,13,2059,California
Trinity,2021-03-05,388,2812,1,386,387,2426,0,0,121,1552,263,628,121,2180,California
Trinity,2021-03-06,202,3014,7,393,195,2621,0,0,27,1404,175,803,27,2207,California
Trinity,2021-03-07,4,3018,3,396,1,2622,0,0,3,1406,1,804,3,2210,California
Trinity,2021-03-08,3,3021,0,396,2,2624,1,1,1,1406,2,806,2,2212,California
Trinity,2021-03-09,94,3115,0,396,92,2716,2,3,89,1492,5,811,91,2303,California
Trinity,2021-03-10,126,3241,3,399,120,2836,3,6,38,1445,88,899,41,2344,California
Trinity,2021-03-11,13,3254,3,402,8,2844,2,8,4,1442,9,908,6,2350,California
Trinity,2021-03-12,385,3639,5,407,374,3218,6,14,90,1243,295,1203,96,2446,California
Trinity,2021-03-13,13,3652,8,415,3,3221,2,16,8,1248,5,1208,10,2456,California
Trinity,2021-03-14,2,3654,0,415,2,3223,0,16,2,1250,0,1208,2,2458,California
Trinity,2021-03-15,67,3721,0,415,66,3289,1,17,14,1212,53,1261,15,2473,California
Trinity,2021-03-16,115,3836,7,422,108,3397,0,17,101,1299,14,1275,101,2574,California
Trinity,2021-03-17,100,3936,3,425,97,3494,0,17,26,1251,74,1349,26,2600,California
Trinity,2021-03-18,10,3946,2,427,5,3499,3,20,5,1254,5,1354,8,2608,California
Trinity,2021-03-19,459,4405,4,431,345,3844,110,130,36,977,423,1777,146,2754,California
Trinity,2021-03-20,104,4509,7,438,97,3941,0,130,69,1011,35,1812,69,2823,California
Trinity,2021-03-21,4,4513,0,438,3,3944,1,131,3,1014,1,1813,4,2827,California
Trinity,2021-03-22,2,4515,0,438,2,3946,0,131,2,1016,0,1813,2,2829,California
Trinity,2021-03-23,95,4610,1,439,94,4040,0,131,78,1077,17,1830,78,2907,California
Trinity,2021-03-24,12,4622,1,440,11,4051,0,131,9,1083,3,1833,9,2916,California
Trinity,2021-03-25,109,4731,7,447,96,4147,6,137,83,1146,26,1859,89,3005,California
Trinity,2021-03-26,85,4816,8,455,77,4224,0,137,78,1217,7,1866,78,3083,California
Trinity,2021-03-27,17,4833,4,459,4,4228,9,146,6,1221,11,1877,15,3098,California
Trinity,2021-03-28,5,4838,3,462,2,4230,0,146,1,1218,4,1881,1,3099,California
Trinity,2021-03-29,5,4843,0,462,5,4235,0,146,2,1217,3,1884,2,3101,California
Trinity,2021-03-30,76,4919,4,466,72,4307,0,146,67,1275,9,1893,67,3168,California
Trinity,2021-03-31,56,4975,5,471,19,4326,32,178,21,1292,35,1928,52,3220,California
Trinity,2021-04-01,41,5016,11,482,19,4345,11,189,21,1304,20,1948,32,3252,California
Trinity,2021-04-02,240,5256,5,487,161,4506,74,263,70,1279,169,2117,144,3396,California
Trinity,2021-04-03,19,5275,14,501,5,4511,0,263,9,1278,10,2127,9,3405,California
Trinity,2021-04-04,10,5285,8,509,2,4513,0,263,8,1284,2,2129,8,3413,California
Trinity,2021-04-05,59,5344,6,515,52,4565,1,264,55,1336,4,2133,56,3469,California
Trinity,2021-04-06,110,5454,13,528,94,4659,3,267,22,1273,88,2221,25,3494,California
Trinity,2021-04-07,21,5475,12,540,4,4663,5,272,13,1283,8,2229,18,3512,California
Trinity,2021-04-08,87,5562,10,550,75,4738,2,274,50,1298,37,2266,52,3564,California
Trinity,2021-04-09,168,5730,20,570,143,4881,5,279,89,1313,79,2345,94,3658,California
Trinity,2021-04-10,11,5741,7,577,4,4885,0,279,10,1322,1,2346,10,3668,California
Trinity,2021-04-11,9,5750,5,582,2,4887,2,281,4,1323,5,2351,6,3674,California
Trinity,2021-04-12,77,5827,5,587,71,4958,1,282,64,1375,12,2363,64,3738,California
Trinity,2021-04-13,96,5923,4,591,92,5050,0,282,10,1299,86,2449,10,3748,California
Trinity,2021-04-14,10,5933,5,596,5,5055,0,282,6,1301,4,2453,6,3754,California
Trinity,2021-04-15,43,5976,10,606,33,5088,0,282,14,1286,29,2482,14,3768,California
Trinity,2021-04-16,143,6119,12,618,131,5219,0,282,71,1285,72,2554,71,3839,California
Trinity,2021-04-17,11,6130,5,623,6,5225,0,282,9,1292,2,2556,9,3848,California
Trinity,2021-04-18,1,6131,1,624,0,5225,0,282,0,1291,1,2557,0,3848,California
Trinity,2021-04-19,5,6136,2,626,3,5228,0,282,4,1294,1,2558,4,3852,California
Trinity,2021-04-20,92,6228,8,634,84,5312,0,282,20,1242,72,2630,20,3872,California
Trinity,2021-04-21,22,6250,9,643,13,5325,0,282,9,1238,13,2643,9,3881,California
Trinity,2021-04-22,91,6341,5,648,86,5411,0,282,14,1175,77,2720,14,3895,California
Trinity,2021-04-23,178,6519,6,654,172,5583,0,282,109,1215,69,2789,109,4004,California
Trinity,2021-04-24,20,6539,14,668,6,5589,0,282,5,1205,15,2804,5,4009,California
Trinity,2021-04-25,10,6549,9,677,1,5590,0,282,3,1202,6,2810,3,4012,California
Trinity,2021-04-26,45,6594,6,683,39,5629,0,282,40,1237,5,2815,40,4052,California
Trinity,2021-04-27,85,6679,7,690,78,5707,0,282,22,1196,63,2878,22,4074,California
Trinity,2021-04-28,27,6706,10,700,17,5724,0,282,8,1185,19,2897,8,4082,California
Trinity,2021-04-29,30,6736,13,713,16,5740,1,283,9,1174,21,2918,10,4092,California
Trinity,2021-04-30,14,6750,9,722,5,5745,0,283,4,1168,10,2928,4,4096,California
Trinity,2021-05-01,7,6757,2,724,0,5745,5,288,2,1170,5,2933,7,4103,California
Trinity,2021-05-02,1,6758,1,725,0,5745,0,288,1,1171,0,2933,1,4104,California
Trinity,2021-05-03,4,6762,2,727,2,5747,0,288,2,1171,2,2935,2,4106,California
Tulare,2020-12-15,1,1,1,1,0,0,0,0,1,1,0,0,1,1,California
Tulare,2020-12-16,3,4,3,4,0,0,0,0,3,4,0,0,3,4,California
Tulare,2020-12-17,110,114,110,114,0,0,0,0,110,114,0,0,110,114,California
Tulare,2020-12-18,289,403,289,403,0,0,0,0,289,403,0,0,289,403,California
Tulare,2020-12-19,328,731,328,731,0,0,0,0,328,731,0,0,328,731,California
Tulare,2020-12-20,166,897,165,896,1,1,0,0,166,897,0,0,166,897,California
Tulare,2020-12-21,423,1320,423,1319,0,1,0,0,443,1340,0,0,443,1340,California
Tulare,2020-12-22,469,1789,467,1786,2,3,0,0,468,1808,0,0,468,1808,California
Tulare,2020-12-23,328,2117,320,2106,8,11,0,0,326,2134,0,0,326,2134,California
Tulare,2020-12-24,18,2135,16,2122,2,13,0,0,18,2152,0,0,18,2152,California
Tulare,2020-12-26,8,2143,7,2129,1,14,0,0,8,2160,0,0,8,2160,California
Tulare,2020-12-27,16,2159,12,2141,4,18,0,0,16,2176,0,0,16,2176,California
Tulare,2020-12-28,481,2640,469,2610,12,30,0,0,480,2656,0,0,480,2656,California
Tulare,2020-12-29,546,3186,478,3088,68,98,0,0,546,3202,0,0,546,3202,California
Tulare,2020-12-30,474,3660,435,3523,39,137,0,0,474,3676,0,0,474,3676,California
Tulare,2020-12-31,94,3754,22,3545,72,209,0,0,94,3770,0,0,94,3770,California
Tulare,2021-01-01,2,3756,1,3546,1,210,0,0,2,3772,0,0,2,3772,California
Tulare,2021-01-02,29,3785,17,3563,12,222,0,0,29,3801,0,0,29,3801,California
Tulare,2021-01-03,23,3808,9,3572,14,236,0,0,23,3824,0,0,23,3824,California
Tulare,2021-01-04,92,3900,16,3588,76,312,0,0,92,3916,0,0,92,3916,California
Tulare,2021-01-05,460,4360,278,3866,182,494,0,0,458,4372,2,2,458,4374,California
Tulare,2021-01-06,864,5224,635,4501,229,723,0,0,854,5216,10,12,854,5228,California
Tulare,2021-01-07,781,6005,583,5084,198,921,0,0,674,5783,107,119,674,5902,California
Tulare,2021-01-08,1267,7272,575,5659,692,1613,0,0,929,6375,337,456,929,6831,California
Tulare,2021-01-09,742,8014,204,5863,538,2151,0,0,554,6741,188,644,554,7385,California
Tulare,2021-01-10,50,8064,44,5907,6,2157,0,0,11,6713,39,683,11,7396,California
Tulare,2021-01-11,1270,9334,769,6676,501,2658,0,0,834,7111,436,1119,834,8230,California
Tulare,2021-01-12,1404,10738,488,7164,916,3574,0,0,997,7703,406,1525,998,9228,California
Tulare,2021-01-13,457,11195,228,7392,229,3803,0,0,382,8010,75,1600,382,9610,California
Tulare,2021-01-14,491,11686,140,7532,351,4154,0,0,465,8460,15,1615,465,10075,California
Tulare,2021-01-15,1620,13306,152,7684,1468,5622,0,0,1611,10062,9,1624,1611,11686,California
Tulare,2021-01-16,1899,15205,114,7798,1785,7407,0,0,1885,11933,14,1638,1885,13571,California
Tulare,2021-01-17,141,15346,122,7920,19,7426,0,0,131,12054,10,1648,131,13702,California
Tulare,2021-01-18,693,16039,660,8580,33,7459,0,0,295,11951,398,2046,295,13997,California
Tulare,2021-01-19,1006,17045,683,9263,323,7782,0,0,578,12101,428,2474,578,14575,California
Tulare,2021-01-20,2378,19423,564,9827,1814,9596,0,0,1992,13707,386,2860,1992,16567,California
Tulare,2021-01-21,1511,20934,150,9977,1361,10957,0,0,1485,15171,21,2881,1485,18052,California
Tulare,2021-01-22,1054,21988,185,10162,869,11826,0,0,1030,16178,23,2904,1030,19082,California
Tulare,2021-01-23,438,22426,156,10318,282,12108,0,0,417,16574,21,2925,417,19499,California
Tulare,2021-01-24,30,22456,27,10345,3,12111,0,0,28,16600,2,2927,28,19527,California
Tulare,2021-01-25,1325,23781,979,11324,346,12457,0,0,1296,17867,29,2956,1296,20823,California
Tulare,2021-01-26,1498,25279,1099,12423,399,12856,0,0,1173,18716,324,3280,1173,21996,California
Tulare,2021-01-27,1499,26778,1070,13493,429,13285,0,0,922,19062,576,3856,922,22918,California
Tulare,2021-01-28,1203,27981,769,14262,434,13719,0,0,808,19475,395,4251,808,23726,California
Tulare,2021-01-29,1129,29110,719,14981,410,14129,0,0,819,19984,310,4561,819,24545,California
Tulare,2021-01-30,1674,30784,1580,16561,94,14223,0,0,1650,21611,24,4585,1651,26196,California
Tulare,2021-01-31,51,30835,47,16608,4,14227,0,0,48,21656,3,4588,48,26244,California
Tulare,2021-02-01,1185,32020,916,17524,269,14496,0,0,831,22134,353,4941,831,27075,California
Tulare,2021-02-02,676,32696,328,17852,348,14844,0,0,445,22351,229,5170,446,27521,California
Tulare,2021-02-03,613,33309,287,18139,326,15170,0,0,336,22412,275,5445,336,27857,California
Tulare,2021-02-04,551,33860,164,18303,387,15557,0,0,265,22393,285,5730,266,28123,California
Tulare,2021-02-05,1233,35093,236,18539,997,16554,0,0,416,21994,815,6545,416,28539,California
Tulare,2021-02-06,836,35929,158,18697,678,17232,0,0,268,21696,566,7111,268,28807,California
Tulare,2021-02-07,78,36007,66,18763,12,17244,0,0,23,21664,55,7166,23,28830,California
Tulare,2021-02-08,942,36949,328,19091,614,17858,0,0,245,21215,694,7860,245,29075,California
Tulare,2021-02-09,1407,38356,327,19418,1080,18938,0,0,361,20535,1041,8901,361,29436,California
Tulare,2021-02-10,2467,40823,1984,21402,483,19421,0,0,2067,22205,397,9298,2067,31503,California
Tulare,2021-02-11,1323,42146,376,21778,947,20368,0,0,938,22758,385,9683,938,32441,California
Tulare,2021-02-12,2777,44923,575,22353,2202,22570,0,0,1213,22414,1557,11240,1213,33654,California
Tulare,2021-02-13,2480,47403,157,22510,2323,24893,0,0,667,21271,1810,13050,667,34321,California
Tulare,2021-02-14,333,47736,36,22546,297,25190,0,0,300,21538,33,13083,300,34621,California
Tulare,2021-02-15,916,48652,292,22838,624,25814,0,0,659,21941,256,13339,659,35280,California
Tulare,2021-02-16,2832,51484,1596,24434,1236,27050,0,0,1077,21264,1754,15093,1077,36357,California
Tulare,2021-02-17,2698,54182,509,24943,2189,29239,0,0,461,19493,2232,17325,461,36818,California
Tulare,2021-02-18,2301,56483,456,25399,1845,31084,0,0,634,18468,1659,18984,634,37452,California
Tulare,2021-02-19,2296,58779,856,26255,1440,32524,0,0,943,18060,1351,20335,943,38395,California
Tulare,2021-02-20,2989,61768,1891,28146,1098,33622,0,0,1267,17610,1717,22052,1267,39662,California
Tulare,2021-02-21,94,61862,90,28236,4,33626,0,0,59,17634,35,22087,59,39721,California
Tulare,2021-02-22,1106,62968,701,28937,405,34031,0,0,210,16949,895,22982,210,39931,California
Tulare,2021-02-23,1946,64914,939,29876,1007,35038,0,0,1458,17920,487,23469,1458,41389,California
Tulare,2021-02-24,2475,67389,1551,31427,924,35962,0,0,2097,19641,377,23846,2098,43487,California
Tulare,2021-02-25,3486,70875,1951,33378,1535,37497,0,0,3071,22301,411,24257,3071,46558,California
Tulare,2021-02-26,3838,74713,1880,35258,1958,39455,0,0,3375,25215,461,24718,3375,49933,California
Tulare,2021-02-27,2902,77615,1394,36652,1508,40963,0,0,2770,27864,121,24839,2770,52703,California
Tulare,2021-02-28,1304,78919,1033,37685,271,41234,0,0,1285,29132,17,24856,1285,53988,California
Tulare,2021-03-01,1739,80658,773,38458,966,42200,0,0,1554,30503,183,25039,1554,55542,California
Tulare,2021-03-02,2683,83341,1194,39652,1489,43689,0,0,2516,32855,165,25204,2517,58059,California
Tulare,2021-03-03,3917,87258,2597,42249,1320,45009,0,0,1966,32875,1948,27152,1968,60027,California
Tulare,2021-03-04,2879,90137,1300,43549,1579,46588,0,0,2561,35121,315,27467,2561,62588,California
Tulare,2021-03-05,3284,93421,1693,45242,1576,48164,15,15,2777,37412,503,27970,2794,65382,California
Tulare,2021-03-06,3057,96478,1432,46674,1566,49730,59,74,2809,40033,245,28215,2866,68248,California
Tulare,2021-03-07,1093,97571,683,47357,389,50119,21,95,1053,41067,40,28255,1074,69322,California
Tulare,2021-03-08,1687,99258,1000,48357,519,50638,168,263,1371,42293,312,28567,1538,70860,California
Tulare,2021-03-09,3180,102438,2182,50539,851,51489,147,410,2783,44824,397,28964,2928,73788,California
Tulare,2021-03-10,2786,105224,1383,51922,1228,52717,175,585,2406,47031,372,29336,2579,76367,California
Tulare,2021-03-11,4135,109359,1962,53884,1873,54590,300,885,3201,49598,934,30270,3501,79868,California
Tulare,2021-03-12,4335,113694,2378,56262,1609,56199,348,1233,3066,51753,1261,31531,3416,83284,California
Tulare,2021-03-13,4005,117699,1848,58110,2052,58251,105,1338,3068,53995,931,32462,3173,86457,California
Tulare,2021-03-14,1800,119499,973,59083,608,58859,219,1557,1272,54958,527,32989,1490,87947,California
Tulare,2021-03-15,2726,122225,1608,60691,1003,59862,115,1672,1954,56258,770,33759,2070,90017,California
Tulare,2021-03-16,3420,125645,2114,62805,1229,61091,77,1749,1872,56665,1545,35304,1952,91969,California
Tulare,2021-03-17,4011,129656,2607,65412,1327,62418,77,1826,2269,57282,1736,37040,2353,94322,California
Tulare,2021-03-18,4600,134256,3353,68765,1174,63592,73,1899,2442,57646,2153,39193,2517,96839,California
Tulare,2021-03-19,5056,139312,3313,72078,1548,65140,195,2094,2710,58225,2328,41521,2907,99746,California
Tulare,2021-03-20,4449,143761,2759,74837,1318,66458,372,2466,2111,58380,2331,43852,2486,102232,California
Tulare,2021-03-21,1918,145679,1630,76467,262,66720,26,2492,988,58466,927,44779,1013,103245,California
Tulare,2021-03-22,2497,148176,1709,78176,676,67396,112,2604,1666,59421,825,45604,1780,105025,California
Tulare,2021-03-23,3723,151899,2137,80313,1534,68930,52,2656,2081,59928,1632,47236,2139,107164,California
Tulare,2021-03-24,3163,155062,1956,82269,1165,70095,42,2698,1809,60432,1347,48583,1851,109015,California
Tulare,2021-03-25,3439,158501,1783,84052,1484,71579,172,2870,1694,60561,1739,50322,1868,110883,California
Tulare,2021-03-26,5207,163708,3108,87160,1990,73569,109,2979,2570,60621,2619,52941,2679,113562,California
Tulare,2021-03-27,3486,167194,1789,88949,1599,75168,98,3077,970,59178,2509,55450,1066,114628,California
Tulare,2021-03-28,1456,168650,1051,90000,374,75542,31,3108,676,59113,778,56228,713,115341,California
Tulare,2021-03-29,2893,171543,1673,91673,1109,76651,111,3219,1224,58786,1664,57892,1337,116678,California
Tulare,2021-03-30,4785,176328,2761,94434,1794,78445,230,3449,1553,57342,3224,61116,1780,118458,California
Tulare,2021-03-31,3753,180081,2198,96632,1443,79888,112,3561,1514,56739,2231,63347,1628,120086,California
Tulare,2021-04-01,4347,184428,2357,98989,1925,81813,65,3626,1524,55515,2814,66161,1590,121676,California
Tulare,2021-04-02,5217,189645,2979,101968,2121,83934,117,3743,1660,53753,3540,69701,1778,123454,California
Tulare,2021-04-03,3479,193124,2001,103969,1123,85057,355,4098,845,52355,2597,72298,1199,124653,California
Tulare,2021-04-04,1615,194739,1130,105099,478,85535,7,4105,390,51529,1223,73521,397,125050,California
Tulare,2021-04-05,3300,198039,2321,107420,716,86251,263,4368,858,50219,2432,75953,1122,126172,California
Tulare,2021-04-06,3382,201421,1463,108883,1428,87679,491,4859,927,49190,2451,78404,1422,127594,California
Tulare,2021-04-07,3751,205172,1816,110699,1515,89194,420,5279,1239,48335,2505,80909,1650,129244,California
Tulare,2021-04-08,4678,209850,2590,113289,1633,90827,455,5734,1509,47135,3161,84070,1961,131205,California
Tulare,2021-04-09,4753,214603,2939,116228,1395,92222,419,6153,1823,46455,2923,86993,2243,133448,California
Tulare,2021-04-10,3796,218399,2047,118275,1433,93655,316,6469,968,44916,2821,89814,1282,134730,California
Tulare,2021-04-11,1573,219972,1034,119309,467,94122,72,6541,589,44596,981,90795,661,135391,California
Tulare,2021-04-12,3357,223329,2103,121412,660,94782,594,7135,1081,44004,2268,93063,1676,137067,California
Tulare,2021-04-13,2391,225720,1578,122990,803,95585,10,7145,910,43453,1473,94536,922,137989,California
Tulare,2021-04-14,2819,228539,1674,124664,1145,96730,0,7145,915,42466,1902,96438,915,138904,California
Tulare,2021-04-15,3197,231736,2086,126750,1111,97841,0,7145,1426,42133,1761,98199,1428,140332,California
Tulare,2021-04-16,3622,235358,2211,128961,1411,99252,0,7145,1466,41451,2148,100347,1466,141798,California
Tulare,2021-04-17,2167,237525,1270,130231,897,100149,0,7145,1175,41638,989,101336,1176,142974,California
Tulare,2021-04-18,1510,239035,1182,131413,328,100477,0,7145,810,41749,699,102035,810,143784,California
Tulare,2021-04-19,2112,241147,1217,132630,893,101370,2,7147,898,41437,1212,103247,900,144684,California
Tulare,2021-04-20,2303,243450,1286,133916,1017,102387,0,7147,980,41106,1311,104558,980,145664,California
Tulare,2021-04-21,2160,245610,1307,135223,853,103240,0,7147,822,40625,1303,105861,822,146486,California
Tulare,2021-04-22,2092,247702,1168,136391,924,104164,0,7147,736,40024,1337,107198,736,147222,California
Tulare,2021-04-23,2515,250217,1548,137939,966,105130,1,7148,978,39475,1527,108725,978,148200,California
Tulare,2021-04-24,1636,251853,1056,138995,578,105708,2,7150,865,39577,765,109490,867,149067,California
Tulare,2021-04-25,696,252549,522,139517,174,105882,0,7150,267,39415,429,109919,267,149334,California
Tulare,2021-04-26,1427,253976,838,140355,570,106452,19,7169,596,39203,825,110744,613,149947,California
Tulare,2021-04-27,1552,255528,596,140951,919,107371,37,7206,658,39006,891,111635,694,150641,California
Tulare,2021-04-28,1479,257007,823,141774,622,107993,34,7240,599,38762,877,112512,633,151274,California
Tulare,2021-04-29,1621,258628,967,142741,619,108612,35,7275,634,38447,982,113494,667,151941,California
Tulare,2021-04-30,1838,260466,1356,144097,455,109067,27,7302,630,37900,1204,114698,657,152598,California
Tulare,2021-05-01,1101,261567,980,145077,114,109181,7,7309,554,37921,540,115238,561,153159,California
Tulare,2021-05-02,455,262022,415,145492,32,109213,8,7317,137,37750,316,115554,145,153304,California
Tulare,2021-05-03,1151,263173,728,146220,326,109539,97,7414,264,37227,884,116438,361,153665,California
Tuolumne,2020-12-16,47,47,47,47,0,0,0,0,47,47,0,0,47,47,California
Tuolumne,2020-12-17,17,64,17,64,0,0,0,0,17,64,0,0,17,64,California
Tuolumne,2020-12-18,101,165,100,164,1,1,0,0,101,165,0,0,101,165,California
Tuolumne,2020-12-19,5,170,5,169,0,1,0,0,5,170,0,0,5,170,California
Tuolumne,2020-12-20,1,171,1,170,0,1,0,0,1,171,0,0,1,171,California
Tuolumne,2020-12-21,116,287,102,272,14,15,0,0,116,287,0,0,116,287,California
Tuolumne,2020-12-22,172,459,172,444,0,15,0,0,172,459,0,0,172,459,California
Tuolumne,2020-12-23,186,645,184,628,2,17,0,0,186,645,0,0,186,645,California
Tuolumne,2020-12-26,3,648,3,631,0,17,0,0,3,648,0,0,3,648,California
Tuolumne,2020-12-28,77,725,75,706,2,19,0,0,77,725,0,0,77,725,California
Tuolumne,2020-12-29,102,827,39,745,63,82,0,0,102,827,0,0,102,827,California
Tuolumne,2020-12-30,78,905,22,767,56,138,0,0,78,905,0,0,78,905,California
Tuolumne,2020-12-31,27,932,20,787,7,145,0,0,27,932,0,0,27,932,California
Tuolumne,2021-01-01,7,939,6,793,1,146,0,0,7,939,0,0,7,939,California
Tuolumne,2021-01-02,118,1057,115,908,3,149,0,0,118,1057,0,0,118,1057,California
Tuolumne,2021-01-03,2,1059,2,910,0,149,0,0,2,1059,0,0,2,1059,California
Tuolumne,2021-01-04,69,1128,26,936,43,192,0,0,69,1128,0,0,69,1128,California
Tuolumne,2021-01-05,92,1220,26,962,66,258,0,0,89,1215,3,3,90,1218,California
Tuolumne,2021-01-06,131,1351,71,1033,60,318,0,0,68,1220,63,66,68,1286,California
Tuolumne,2021-01-07,119,1470,62,1095,57,375,0,0,64,1229,55,121,64,1350,California
Tuolumne,2021-01-08,103,1573,79,1174,24,399,0,0,26,1180,76,197,27,1377,California
Tuolumne,2021-01-09,1,1574,0,1174,1,400,0,0,1,1181,0,197,1,1378,California
Tuolumne,2021-01-10,3,1577,1,1175,2,402,0,0,3,1184,0,197,3,1381,California
Tuolumne,2021-01-11,114,1691,88,1263,26,428,0,0,33,1136,81,278,33,1414,California
Tuolumne,2021-01-12,102,1793,86,1349,16,444,0,0,17,1068,85,363,17,1431,California
Tuolumne,2021-01-13,231,2024,125,1474,106,550,0,0,182,1202,49,412,183,1614,California
Tuolumne,2021-01-14,147,2171,107,1581,40,590,0,0,42,1140,104,516,42,1656,California
Tuolumne,2021-01-15,474,2645,72,1653,402,992,0,0,412,1492,61,577,413,2069,California
Tuolumne,2021-01-16,7,2652,3,1656,4,996,0,0,6,1497,1,578,6,2075,California
Tuolumne,2021-01-17,8,2660,5,1661,3,999,0,0,7,1504,0,578,7,2082,California
Tuolumne,2021-01-18,46,2706,38,1699,8,1007,0,0,9,1477,36,614,9,2091,California
Tuolumne,2021-01-19,473,3179,72,1771,401,1408,0,0,427,1858,46,660,427,2518,California
Tuolumne,2021-01-20,76,3255,58,1829,18,1426,0,0,24,1831,51,711,24,2542,California
Tuolumne,2021-01-21,55,3310,22,1851,33,1459,0,0,40,1856,15,726,40,2582,California
Tuolumne,2021-01-22,168,3478,16,1867,152,1611,0,0,161,2010,7,733,161,2743,California
Tuolumne,2021-01-23,665,4143,147,2014,518,2129,0,0,552,2459,113,846,562,3305,California
Tuolumne,2021-01-24,523,4666,1,2015,522,2651,0,0,519,2976,3,849,520,3825,California
Tuolumne,2021-01-25,49,4715,28,2043,21,2672,0,0,22,2972,27,876,23,3848,California
Tuolumne,2021-01-26,80,4795,68,2111,12,2684,0,0,40,2973,40,916,41,3889,California
Tuolumne,2021-01-27,60,4855,4,2115,56,2740,0,0,7,2928,52,968,7,3896,California
Tuolumne,2021-01-28,27,4882,7,2122,20,2760,0,0,18,2937,9,977,18,3914,California
Tuolumne,2021-01-29,74,4956,6,2128,68,2828,0,0,35,2933,39,1016,35,3949,California
Tuolumne,2021-01-30,709,5665,552,2680,157,2985,0,0,686,3613,23,1039,703,4652,California
Tuolumne,2021-01-31,8,5673,2,2682,6,2991,0,0,5,3615,3,1042,5,4657,California
Tuolumne,2021-02-01,25,5698,6,2688,19,3010,0,0,22,3634,3,1045,22,4679,California
Tuolumne,2021-02-02,645,6343,36,2724,609,3619,0,0,634,4259,9,1054,634,5313,California
Tuolumne,2021-02-03,238,6581,109,2833,129,3748,0,0,86,4193,152,1206,86,5399,California
Tuolumne,2021-02-04,123,6704,12,2845,111,3859,0,0,60,4190,63,1269,60,5459,California
Tuolumne,2021-02-05,98,6802,12,2857,86,3945,0,0,35,4163,62,1331,35,5494,California
Tuolumne,2021-02-06,852,7654,580,3437,272,4217,0,0,848,5008,4,1335,849,6343,California
Tuolumne,2021-02-07,7,7661,4,3441,3,4220,0,0,3,5007,4,1339,3,6346,California
Tuolumne,2021-02-08,91,7752,40,3481,51,4271,0,0,67,5050,24,1363,67,6413,California
Tuolumne,2021-02-09,864,8616,53,3534,811,5082,0,0,825,5836,39,1402,825,7238,California
Tuolumne,2021-02-10,89,8705,15,3549,74,5156,0,0,28,5804,60,1462,28,7266,California
Tuolumne,2021-02-11,141,8846,66,3615,75,5231,0,0,75,5813,66,1528,75,7341,California
Tuolumne,2021-02-12,643,9489,19,3634,624,5855,0,0,204,5579,438,1966,204,7545,California
Tuolumne,2021-02-13,148,9637,42,3676,106,5961,0,0,117,5671,25,1991,117,7662,California
Tuolumne,2021-02-14,148,9785,12,3688,136,6097,0,0,147,5817,1,1992,147,7809,California
Tuolumne,2021-02-15,185,9970,10,3698,175,6272,0,0,176,5984,9,2001,176,7985,California
Tuolumne,2021-02-16,526,10496,17,3715,509,6781,0,0,123,5709,400,2401,125,8110,California
Tuolumne,2021-02-17,110,10606,63,3778,47,6828,0,0,63,5726,46,2447,63,8173,California
Tuolumne,2021-02-18,676,11282,26,3804,650,7478,0,0,626,6303,50,2497,627,8800,California
Tuolumne,2021-02-19,142,11424,23,3827,119,7597,0,0,43,6247,99,2596,43,8843,California
Tuolumne,2021-02-20,904,12328,342,4169,562,8159,0,0,386,6128,506,3102,387,9230,California
Tuolumne,2021-02-21,975,13303,36,4205,939,9098,0,0,471,6098,501,3603,471,9701,California
Tuolumne,2021-02-22,78,13381,57,4262,21,9119,0,0,47,6115,30,3633,47,9748,California
Tuolumne,2021-02-23,47,13428,23,4285,24,9143,0,0,25,6119,21,3654,25,9773,California
Tuolumne,2021-02-24,103,13531,58,4343,45,9188,0,0,43,6103,59,3713,43,9816,California
Tuolumne,2021-02-25,1054,14585,35,4378,1019,10207,0,0,1024,7097,30,3743,1024,10840,California
Tuolumne,2021-02-26,144,14729,10,4388,134,10341,0,0,121,7195,23,3766,121,10961,California
Tuolumne,2021-02-27,947,15676,576,4964,371,10712,0,0,246,6758,684,4450,247,11208,California
Tuolumne,2021-02-28,55,15731,4,4968,51,10763,0,0,52,6808,2,4452,52,11260,California
Tuolumne,2021-03-01,112,15843,21,4989,91,10854,0,0,77,6853,33,4485,78,11338,California
Tuolumne,2021-03-02,704,16547,72,5061,632,11486,0,0,105,6360,598,5083,105,11443,California
Tuolumne,2021-03-03,90,16637,22,5083,68,11554,0,0,65,6400,25,5108,65,11508,California
Tuolumne,2021-03-04,1169,17806,73,5156,1096,12650,0,0,1107,7445,62,5170,1107,12615,California
Tuolumne,2021-03-05,84,17890,10,5166,74,12724,0,0,47,7457,36,5206,48,12663,California
Tuolumne,2021-03-06,1050,18940,603,5769,445,13169,2,2,203,6817,845,6051,205,12868,California
Tuolumne,2021-03-07,41,18981,12,5781,14,13183,15,17,18,6827,23,6074,33,12901,California
Tuolumne,2021-03-08,195,19176,88,5869,100,13283,7,24,139,6917,56,6130,146,13047,California
Tuolumne,2021-03-09,855,20031,16,5885,828,14111,11,35,67,6211,785,6915,79,13126,California
Tuolumne,2021-03-10,77,20108,12,5897,54,14165,11,46,53,6251,24,6939,64,13190,California
Tuolumne,2021-03-11,1280,21388,36,5933,1238,15403,6,52,1255,7489,25,6964,1263,14453,California
Tuolumne,2021-03-12,298,21686,33,5966,250,15653,15,67,192,7594,105,7069,210,14663,California
Tuolumne,2021-03-13,112,21798,12,5978,100,15753,0,67,87,7658,24,7093,88,14751,California
Tuolumne,2021-03-14,142,21940,8,5986,125,15878,9,76,8,7546,134,7227,22,14773,California
Tuolumne,2021-03-15,293,22233,79,6065,212,16090,2,78,100,7463,192,7419,109,14882,California
Tuolumne,2021-03-16,805,23038,39,6104,755,16845,11,89,668,8005,137,7556,679,15561,California
Tuolumne,2021-03-17,150,23188,30,6134,107,16952,13,102,77,8023,71,7627,89,15650,California
Tuolumne,2021-03-18,947,24135,29,6163,905,17857,13,115,318,7727,628,8255,332,15982,California
Tuolumne,2021-03-19,130,24265,16,6179,83,17940,31,146,69,7767,59,8314,99,16081,California
Tuolumne,2021-03-20,89,24354,7,6186,72,18012,10,156,37,7762,51,8365,46,16127,California
Tuolumne,2021-03-21,833,25187,390,6576,434,18446,9,165,40,7020,791,9156,49,16176,California
Tuolumne,2021-03-22,163,25350,72,6648,72,18518,19,184,97,7070,66,9222,116,16292,California
Tuolumne,2021-03-23,709,26059,639,7287,56,18574,14,198,673,7720,36,9258,686,16978,California
Tuolumne,2021-03-24,107,26166,19,7306,70,18644,18,216,75,7782,31,9289,93,17071,California
Tuolumne,2021-03-25,1294,27460,23,7329,1268,19912,3,219,323,7138,970,10259,326,17397,California
Tuolumne,2021-03-26,268,27728,16,7345,229,20141,23,242,111,7125,147,10406,134,17531,California
Tuolumne,2021-03-27,575,28303,54,7399,521,20662,0,242,315,7182,259,10665,316,17847,California
Tuolumne,2021-03-28,49,28352,8,7407,41,20703,0,242,9,7153,39,10704,10,17857,California
Tuolumne,2021-03-29,200,28552,80,7487,120,20823,0,242,103,7162,94,10798,103,17960,California
Tuolumne,2021-03-30,159,28711,11,7498,147,20970,1,243,117,7239,41,10839,118,18078,California
Tuolumne,2021-03-31,91,28802,14,7512,75,21045,2,245,34,7221,56,10895,38,18116,California
Tuolumne,2021-04-01,1245,30047,30,7542,1215,22260,0,245,222,6423,1021,11916,223,18339,California
Tuolumne,2021-04-02,161,30208,10,7552,125,22385,26,271,89,6467,71,11987,115,18454,California
Tuolumne,2021-04-03,418,30626,34,7586,383,22768,1,272,234,6520,184,12171,237,18691,California
Tuolumne,2021-04-04,32,30658,2,7588,30,22798,0,272,20,6529,11,12182,20,18711,California
Tuolumne,2021-04-05,126,30784,19,7607,101,22899,6,278,55,6519,71,12253,61,18772,California
Tuolumne,2021-04-06,639,31423,511,8118,101,23000,27,305,506,6920,133,12386,534,19306,California
Tuolumne,2021-04-07,124,31547,36,8154,72,23072,16,321,46,6904,78,12464,62,19368,California
Tuolumne,2021-04-08,1431,32978,32,8186,1385,24457,14,335,239,5967,1190,13654,253,19621,California
Tuolumne,2021-04-09,267,33245,41,8227,182,24639,44,379,126,6000,139,13793,172,19793,California
Tuolumne,2021-04-10,56,33301,2,8229,34,24673,20,399,23,6011,32,13825,43,19836,California
Tuolumne,2021-04-11,17,33318,2,8231,12,24685,3,402,12,6021,5,13830,15,19851,California
Tuolumne,2021-04-12,161,33479,67,8298,89,24774,5,407,87,6045,68,13898,92,19943,California
Tuolumne,2021-04-13,784,34263,36,8334,748,25522,0,407,169,5606,608,14506,169,20112,California
Tuolumne,2021-04-14,137,34400,26,8360,111,25633,0,407,66,5605,68,14574,67,20179,California
Tuolumne,2021-04-15,332,34732,20,8380,312,25945,0,407,55,5388,272,14846,55,20234,California
Tuolumne,2021-04-16,237,34969,50,8430,187,26132,0,407,133,5423,98,14944,133,20367,California
Tuolumne,2021-04-17,43,35012,6,8436,37,26169,0,407,27,5434,16,14960,27,20394,California
Tuolumne,2021-04-18,7,35019,2,8438,5,26174,0,407,3,5433,4,14964,3,20397,California
Tuolumne,2021-04-19,166,35185,76,8514,90,26264,0,407,91,5452,72,15036,91,20488,California
Tuolumne,2021-04-20,711,35896,617,9131,94,26358,0,407,77,4901,628,15664,77,20565,California
Tuolumne,2021-04-21,112,36008,26,9157,86,26444,0,407,60,4914,47,15711,60,20625,California
Tuolumne,2021-04-22,693,36701,46,9203,647,27091,0,407,422,5075,261,15972,422,21047,California
Tuolumne,2021-04-23,159,36860,31,9234,128,27219,0,407,85,5088,72,16044,85,21132,California
Tuolumne,2021-04-24,76,36936,17,9251,59,27278,0,407,49,5110,27,16071,49,21181,California
Tuolumne,2021-04-25,25,36961,8,9259,17,27295,0,407,22,5129,3,16074,22,21203,California
Tuolumne,2021-04-26,149,37110,56,9315,93,27388,0,407,68,5118,80,16154,69,21272,California
Tuolumne,2021-04-27,124,37234,20,9335,97,27485,7,414,58,5119,64,16218,65,21337,California
Tuolumne,2021-04-28,99,37333,21,9356,67,27552,11,425,53,5138,45,16263,64,21401,California
Tuolumne,2021-04-29,253,37586,16,9372,228,27780,9,434,40,4974,213,16476,49,21450,California
Tuolumne,2021-04-30,311,37897,17,9389,283,28063,11,445,54,4784,255,16731,65,21515,California
Tuolumne,2021-05-01,8,37905,3,9392,2,28065,3,448,4,4787,4,16735,7,21522,California
Tuolumne,2021-05-02,8,37913,0,9392,8,28073,0,448,7,4793,1,16736,7,21529,California
Tuolumne,2021-05-03,45,37958,8,9400,37,28110,0,448,14,4776,31,16767,14,21543,California
Ventura,2020-12-15,5,5,5,5,0,0,0,0,5,5,0,0,5,5,California
Ventura,2020-12-16,72,77,72,77,0,0,0,0,72,77,0,0,72,77,California
Ventura,2020-12-17,249,326,249,326,0,0,0,0,249,326,0,0,249,326,California
Ventura,2020-12-18,1411,1737,1411,1737,0,0,0,0,1411,1737,0,0,1411,1737,California
Ventura,2020-12-19,910,2647,910,2647,0,0,0,0,910,2647,0,0,910,2647,California
Ventura,2020-12-20,429,3076,429,3076,0,0,0,0,429,3076,0,0,429,3076,California
Ventura,2020-12-21,1469,4545,1469,4545,0,0,0,0,1469,4545,0,0,1469,4545,California
Ventura,2020-12-22,1104,5649,1099,5644,5,5,0,0,1104,5649,0,0,1104,5649,California
Ventura,2020-12-23,1027,6676,980,6624,47,52,0,0,1027,6676,0,0,1027,6676,California
Ventura,2020-12-24,477,7153,379,7003,98,150,0,0,477,7153,0,0,477,7153,California
Ventura,2020-12-25,11,7164,7,7010,4,154,0,0,11,7164,0,0,11,7164,California
Ventura,2020-12-26,112,7276,91,7101,21,175,0,0,112,7276,0,0,112,7276,California
Ventura,2020-12-27,58,7334,27,7128,31,206,0,0,58,7334,0,0,58,7334,California
Ventura,2020-12-28,1071,8405,931,8059,140,346,0,0,1071,8405,0,0,1071,8405,California
Ventura,2020-12-29,1170,9575,764,8823,406,752,0,0,1170,9575,0,0,1170,9575,California
Ventura,2020-12-30,1983,11558,1518,10341,465,1217,0,0,1983,11558,0,0,1983,11558,California
Ventura,2020-12-31,480,12038,162,10503,318,1535,0,0,480,12038,0,0,480,12038,California
Ventura,2021-01-01,24,12062,6,10509,18,1553,0,0,24,12062,0,0,24,12062,California
Ventura,2021-01-02,173,12235,79,10588,94,1647,0,0,173,12235,0,0,173,12235,California
Ventura,2021-01-03,15,12250,8,10596,7,1654,0,0,15,12250,0,0,15,12250,California
Ventura,2021-01-04,1082,13332,551,11147,531,2185,0,0,1081,13331,0,0,1081,13331,California
Ventura,2021-01-05,1373,14705,777,11924,596,2781,0,0,1332,14622,41,41,1332,14663,California
Ventura,2021-01-06,2057,16762,1179,13103,878,3659,0,0,1626,15828,422,463,1628,16291,California
Ventura,2021-01-07,2068,18830,1326,14429,742,4401,0,0,1182,16126,884,1347,1182,17473,California
Ventura,2021-01-08,2198,21028,1475,15904,723,5124,0,0,906,15743,1290,2637,907,18380,California
Ventura,2021-01-09,721,21749,500,16404,221,5345,0,0,319,15660,402,3039,319,18699,California
Ventura,2021-01-10,340,22089,326,16730,14,5359,0,0,126,15572,214,3253,126,18825,California
Ventura,2021-01-11,2447,24536,1489,18219,958,6317,0,0,1494,16116,953,4206,1497,20322,California
Ventura,2021-01-12,3041,27577,1611,19830,1430,7747,0,0,2016,17107,1025,5231,2016,22338,California
Ventura,2021-01-13,2922,30499,1423,21253,1499,9246,0,0,2039,18267,880,6111,2040,24378,California
Ventura,2021-01-14,2730,33229,1060,22313,1670,10916,0,0,2284,20107,445,6556,2285,26663,California
Ventura,2021-01-15,2886,36115,971,23284,1915,12831,0,0,2673,22568,213,6769,2674,29337,California
Ventura,2021-01-16,484,36599,187,23471,297,13128,0,0,404,22892,80,6849,404,29741,California
Ventura,2021-01-17,259,36858,137,23608,122,13250,0,0,253,23139,6,6855,253,29994,California
Ventura,2021-01-18,2218,39076,1672,25280,546,13796,0,0,1667,24257,550,7405,1668,31662,California
Ventura,2021-01-19,3040,42116,2119,27399,921,14717,0,0,2146,25512,894,8299,2149,33811,California
Ventura,2021-01-20,4068,46184,3117,30516,951,15668,0,0,3031,27510,1034,9333,3032,36843,California
Ventura,2021-01-21,3835,50019,2671,33187,1164,16832,0,0,3163,30006,669,10002,3165,40008,California
Ventura,2021-01-22,3614,53633,2493,35680,1121,17953,0,0,3453,33298,161,10163,3453,43461,California
Ventura,2021-01-23,1185,54818,650,36330,535,18488,0,0,1084,34284,100,10263,1086,44547,California
Ventura,2021-01-24,451,55269,137,36467,314,18802,0,0,438,34709,13,10276,438,44985,California
Ventura,2021-01-25,3153,58422,2032,38499,1121,19923,0,0,2599,36756,553,10829,2600,47585,California
Ventura,2021-01-26,3709,62131,2203,40702,1506,21429,0,0,2711,38471,997,11826,2712,50297,California
Ventura,2021-01-27,3459,65590,1558,42260,1901,23330,0,0,2717,40450,738,12564,2717,53014,California
Ventura,2021-01-28,3874,69464,1993,44253,1881,25211,0,0,3260,43114,597,13161,3261,56275,California
Ventura,2021-01-29,4271,73735,2524,46777,1747,26958,0,0,3768,46392,490,13651,3768,60043,California
Ventura,2021-01-30,3036,76771,1964,48741,1072,28030,0,0,2866,49093,166,13817,2867,62910,California
Ventura,2021-01-31,833,77604,445,49186,388,28418,0,0,748,49756,85,13902,748,63658,California
Ventura,2021-02-01,3941,81545,2111,51297,1830,30248,0,0,3168,52155,770,14672,3169,66827,California
Ventura,2021-02-02,4405,85950,2374,53671,2031,32279,0,0,3381,54517,1020,15692,3382,70209,California
Ventura,2021-02-03,4452,90402,2089,55760,2363,34642,0,0,3441,56953,1006,16698,3442,73651,California
Ventura,2021-02-04,4775,95177,2288,58048,2487,37129,0,0,3519,59226,1248,17946,3521,77172,California
Ventura,2021-02-05,4833,100010,2313,60361,2520,39649,0,0,3341,61090,1479,19425,3343,80515,California
Ventura,2021-02-06,2836,102846,1514,61875,1322,40971,0,0,2434,63123,401,19826,2434,82949,California
Ventura,2021-02-07,710,103556,241,62116,469,41440,0,0,584,63582,126,19952,585,83534,California
Ventura,2021-02-08,3499,107055,1624,63740,1875,43315,0,0,2428,64944,1066,21018,2428,85962,California
Ventura,2021-02-09,4715,111770,1971,65711,2744,46059,0,0,2466,65165,2248,23266,2469,88431,California
Ventura,2021-02-10,4712,116482,2236,67947,2476,48535,0,0,2398,65261,2303,25569,2399,90830,California
Ventura,2021-02-11,4658,121140,1862,69809,2796,51331,0,0,2445,65503,2206,27775,2448,93278,California
Ventura,2021-02-12,6302,127442,2659,72468,3643,54974,0,0,3222,65649,3076,30851,3222,96500,California
Ventura,2021-02-13,3296,130738,1827,74295,1469,56443,0,0,1844,66047,1448,32299,1846,98346,California
Ventura,2021-02-14,1226,131964,124,74419,1102,57545,0,0,1010,66842,216,32515,1011,99357,California
Ventura,2021-02-15,3987,135951,1798,76217,2189,59734,0,0,2117,67092,1867,34382,2117,101474,California
Ventura,2021-02-16,5539,141490,2704,78921,2835,62569,0,0,3010,67581,2521,36903,3010,104484,California
Ventura,2021-02-17,5232,146722,1920,80841,3312,65881,0,0,3265,68888,1958,38861,3265,107749,California
Ventura,2021-02-18,5776,152498,1829,82670,3947,69828,0,0,3634,70391,2131,40992,3634,111383,California
Ventura,2021-02-19,6454,158952,3769,86439,2685,72513,0,0,3010,69966,3437,44429,3012,114395,California
Ventura,2021-02-20,4932,163884,3164,89603,1768,74281,0,0,2770,70581,2158,46587,2773,117168,California
Ventura,2021-02-21,1044,164928,756,90359,288,74569,0,0,428,70399,610,47197,428,117596,California
Ventura,2021-02-22,5365,170293,2407,92766,2958,77527,0,0,3451,71945,1905,49102,3451,121047,California
Ventura,2021-02-23,5927,176220,2966,95732,2961,80488,0,0,3414,72864,2497,51599,3416,124463,California
Ventura,2021-02-24,6997,183217,2610,98342,4387,84875,0,0,4249,74381,2734,54333,4251,128714,California
Ventura,2021-02-25,7492,190709,2572,100914,4920,89795,0,0,4575,76056,2902,57235,4577,133291,California
Ventura,2021-02-26,9339,200048,2761,103675,6578,96373,0,0,6158,79061,3155,60390,6160,139451,California
Ventura,2021-02-27,9986,210034,5267,108942,4719,101092,0,0,7368,83834,2603,62993,7376,146827,California
Ventura,2021-02-28,2570,212604,1635,110577,934,102026,1,1,2098,85467,465,63458,2098,148925,California
Ventura,2021-03-01,6937,219541,2810,113387,4127,106153,0,1,4623,87798,2305,65763,4636,153561,California
Ventura,2021-03-02,7481,227022,3935,117322,3544,109697,2,3,5254,90834,2218,67981,5254,158815,California
Ventura,2021-03-03,8516,235538,3898,121220,4618,114315,0,3,6074,94483,2429,70410,6078,164893,California
Ventura,2021-03-04,8095,243633,3869,125089,4226,118541,0,3,5469,97342,2612,73022,5471,170364,California
Ventura,2021-03-05,9965,253598,4797,129886,5158,123699,10,13,7078,101564,2874,75896,7096,177460,California
Ventura,2021-03-06,7239,260837,4398,134284,2688,126387,153,166,5326,105138,1907,77803,5481,182941,California
Ventura,2021-03-07,1649,262486,602,134886,946,127333,101,267,1233,106056,416,78219,1334,184275,California
Ventura,2021-03-08,6738,269224,3414,138300,3170,130503,154,421,4633,108747,2099,80318,4790,189065,California
Ventura,2021-03-09,6529,275753,2812,141112,3520,134023,197,618,3662,109754,2854,83172,3861,192926,California
Ventura,2021-03-10,6796,282549,2965,144077,3594,137617,237,855,4481,112167,2305,85477,4718,197644,California
Ventura,2021-03-11,6271,288820,2885,146962,3168,140785,218,1073,3417,112959,2842,88319,3634,201278,California
Ventura,2021-03-12,8498,297318,3034,149996,4619,145404,845,1918,4090,113503,4390,92709,4934,206212,California
Ventura,2021-03-13,6679,303997,2497,152493,3342,148746,840,2758,3754,115179,2917,95626,4593,210805,California
Ventura,2021-03-14,2130,306127,477,152970,1157,149903,496,3254,730,115006,1399,97025,1226,212031,California
Ventura,2021-03-15,6916,313043,2049,155019,3519,153422,1348,4602,2974,115410,3917,100942,4321,216352,California
Ventura,2021-03-16,7910,320953,2459,157478,4337,157759,1114,5716,3985,116597,3911,104853,5098,221450,California
Ventura,2021-03-17,7457,328410,2761,160239,4349,162108,347,6063,4461,118432,2975,107828,4810,226260,California
Ventura,2021-03-18,7221,335631,3268,163507,3800,165908,153,6216,4703,120781,2505,110333,4854,231114,California
Ventura,2021-03-19,8390,344021,3768,167275,4512,170420,110,6326,5017,122551,3355,113688,5125,236239,California
Ventura,2021-03-20,8141,352162,5245,172520,2876,173296,20,6346,3893,122238,4227,117915,3914,240153,California
Ventura,2021-03-21,2779,354941,1509,174029,899,174195,371,6717,1316,122472,1452,119367,1686,241839,California
Ventura,2021-03-22,7336,362277,3685,177714,3549,177744,102,6819,4844,124943,2477,121844,4948,246787,California
Ventura,2021-03-23,8178,370455,3876,181590,4230,181974,72,6891,4667,126195,3486,125330,4738,251525,California
Ventura,2021-03-24,8867,379322,3408,184998,5384,187358,75,6966,4427,126286,4411,129741,4502,256027,California
Ventura,2021-03-25,8795,388117,3901,188899,4793,192151,101,7067,4452,126513,4326,134067,4553,260580,California
Ventura,2021-03-26,9816,397933,3345,192244,5818,197969,653,7720,3899,125175,5889,139956,4551,265131,California
Ventura,2021-03-27,8111,406044,3903,196147,4168,202137,40,7760,2402,121927,5691,145647,2443,267574,California
Ventura,2021-03-28,2519,408563,1402,197549,1108,203245,9,7769,1380,122182,1134,146781,1389,268963,California
Ventura,2021-03-29,8452,417015,4260,201809,4148,207393,44,7813,4222,122246,4202,150983,4266,273229,California
Ventura,2021-03-30,8930,425945,4403,206212,4399,211792,128,7941,4539,122533,4378,155361,4665,277894,California
Ventura,2021-03-31,10678,436623,4811,211023,5241,217033,626,8567,4639,121778,6019,161380,5264,283158,California
Ventura,2021-04-01,10631,447254,5182,216205,4576,221609,873,9440,5357,122748,5256,166636,6226,289384,California
Ventura,2021-04-02,11551,458805,4584,220789,5710,227319,1257,10697,5529,123539,5998,172634,6789,296173,California
Ventura,2021-04-03,8012,466817,3954,224743,2927,230246,1131,11828,3369,123404,4633,177267,4498,300671,California
Ventura,2021-04-04,1704,468521,957,225700,619,230865,128,11956,1153,124138,547,177814,1281,301952,California
Ventura,2021-04-05,9249,477770,4871,230571,3322,234187,1056,13012,4720,125393,4520,182334,5775,307727,California
Ventura,2021-04-06,10792,488562,5536,236107,3793,237980,1463,14475,5540,127165,5228,187562,7000,314727,California
Ventura,2021-04-07,11272,499834,5422,241529,4380,242360,1470,15945,5155,127685,6101,193663,6621,321348,California
Ventura,2021-04-08,10203,510037,5290,246819,3984,246344,929,16874,5097,128614,5089,198752,6018,327366,California
Ventura,2021-04-09,11052,521089,4333,251152,5027,251371,1692,18566,4852,128973,6180,204932,6539,333905,California
Ventura,2021-04-10,9117,530206,3493,254645,3477,254848,2147,20713,2994,128003,6107,211039,5137,339042,California
Ventura,2021-04-11,2422,532628,865,255510,993,255841,564,21277,689,127528,1726,212765,1251,340293,California
Ventura,2021-04-12,8868,541496,4463,259973,3609,259450,796,22073,3736,126941,5114,217879,4527,344820,California
Ventura,2021-04-13,8757,550253,4435,264408,4316,263766,6,22079,3744,125712,4979,222858,3750,348570,California
Ventura,2021-04-14,8649,558902,4056,268464,4578,268344,15,22094,3364,123845,5248,228106,3381,351951,California
Ventura,2021-04-15,9232,568134,4474,272938,4751,273095,7,22101,4054,122747,5159,233265,4061,356012,California
Ventura,2021-04-16,10078,578212,4466,277404,5612,278707,0,22101,4830,122343,5235,238500,4831,360843,California
Ventura,2021-04-17,8519,586731,5295,282699,3223,281930,1,22102,4986,123808,3523,242023,4988,365831,California
Ventura,2021-04-18,2128,588859,1014,283713,1114,283044,0,22102,906,123497,1217,243240,906,366737,California
Ventura,2021-04-19,8003,596862,4840,288553,3162,286206,1,22103,4627,124767,3359,246599,4629,371366,California
Ventura,2021-04-20,9209,606071,4898,293451,4311,290517,0,22103,4349,124272,4845,251444,4350,375716,California
Ventura,2021-04-21,8818,614889,4530,297981,4285,294802,3,22106,4189,123848,4618,256062,4194,379910,California
Ventura,2021-04-22,9998,624887,5474,303455,4524,299326,0,22106,4476,122819,5505,261567,4476,384386,California
Ventura,2021-04-23,10724,635611,5356,308811,5368,304694,0,22106,5344,122808,5355,266922,5344,389730,California
Ventura,2021-04-24,10282,645893,5897,314708,4385,309079,0,22106,6080,124696,4193,271115,6081,395811,California
Ventura,2021-04-25,2463,648356,1694,316402,769,309848,0,22106,1136,124508,1324,272439,1136,396947,California
Ventura,2021-04-26,6778,655134,3937,320339,2797,312645,44,22150,2781,123350,3983,276422,2825,399772,California
Ventura,2021-04-27,7968,663102,4442,324781,3376,316021,150,22300,2976,121496,4979,281401,3125,402897,California
Ventura,2021-04-28,7590,670692,4360,329141,2953,318974,277,22577,3043,120283,4533,285934,3320,406217,California
Ventura,2021-04-29,6671,677363,3625,332766,2829,321803,217,22794,2411,118671,4241,290175,2629,408846,California
Ventura,2021-04-30,5557,682920,3144,335910,2287,324090,126,22920,2235,117721,3304,293479,2354,411200,California
Ventura,2021-05-01,2821,685741,2317,338227,493,324583,11,22931,1181,117282,1632,295111,1193,412393,California
Ventura,2021-05-02,687,686428,616,338843,65,324648,6,22937,626,117854,60,295171,632,413025,California
Ventura,2021-05-03,3528,689956,2219,341062,1146,325794,163,23100,887,116281,2622,297793,1049,414074,California
Yolo,2020-12-15,39,39,39,39,0,0,0,0,39,39,0,0,39,39,California
Yolo,2020-12-16,78,117,78,117,0,0,0,0,78,117,0,0,78,117,California
Yolo,2020-12-17,101,218,101,218,0,0,0,0,101,218,0,0,101,218,California
Yolo,2020-12-18,210,428,210,428,0,0,0,0,210,428,0,0,210,428,California
Yolo,2020-12-19,87,515,87,515,0,0,0,0,87,515,0,0,87,515,California
Yolo,2020-12-20,101,616,101,616,0,0,0,0,101,616,0,0,101,616,California
Yolo,2020-12-21,253,869,253,869,0,0,0,0,253,869,0,0,253,869,California
Yolo,2020-12-22,382,1251,381,1250,1,1,0,0,382,1251,0,0,382,1251,California
Yolo,2020-12-23,431,1682,412,1662,19,20,0,0,431,1682,0,0,431,1682,California
Yolo,2020-12-24,150,1832,94,1756,56,76,0,0,150,1832,0,0,150,1832,California
Yolo,2020-12-25,1,1833,1,1757,0,76,0,0,1,1833,0,0,1,1833,California
Yolo,2020-12-26,75,1908,25,1782,50,126,0,0,75,1908,0,0,75,1908,California
Yolo,2020-12-27,46,1954,19,1801,27,153,0,0,46,1954,0,0,46,1954,California
Yolo,2020-12-28,346,2300,179,1980,167,320,0,0,346,2300,0,0,346,2300,California
Yolo,2020-12-29,487,2787,268,2248,219,539,0,0,487,2787,0,0,487,2787,California
Yolo,2020-12-30,621,3408,254,2502,367,906,0,0,621,3408,0,0,621,3408,California
Yolo,2020-12-31,185,3593,95,2597,90,996,0,0,185,3593,0,0,185,3593,California
Yolo,2021-01-01,57,3650,56,2653,1,997,0,0,57,3650,0,0,57,3650,California
Yolo,2021-01-02,68,3718,25,2678,43,1040,0,0,68,3718,0,0,68,3718,California
Yolo,2021-01-03,44,3762,19,2697,25,1065,0,0,44,3762,0,0,44,3762,California
Yolo,2021-01-04,193,3955,43,2740,150,1215,0,0,193,3955,0,0,193,3955,California
Yolo,2021-01-05,611,4566,236,2976,375,1590,0,0,550,4444,61,61,550,4505,California
Yolo,2021-01-06,480,5046,183,3159,297,1887,0,0,349,4662,131,192,349,4854,California
Yolo,2021-01-07,709,5755,233,3392,476,2363,0,0,520,4994,188,380,520,5374,California
Yolo,2021-01-08,633,6388,312,3704,321,2684,0,0,416,5194,216,596,416,5790,California
Yolo,2021-01-09,409,6797,68,3772,341,3025,0,0,363,5511,46,642,363,6153,California
Yolo,2021-01-10,393,7190,80,3852,313,3338,0,0,323,5764,70,712,323,6476,California
Yolo,2021-01-11,562,7752,325,4177,237,3575,0,0,293,5790,269,981,295,6771,California
Yolo,2021-01-12,481,8233,364,4541,117,3692,0,0,173,5656,308,1289,174,6945,California
Yolo,2021-01-13,770,9003,312,4853,458,4150,0,0,520,5926,250,1539,520,7465,California
Yolo,2021-01-14,374,9377,181,5034,193,4343,0,0,270,6092,104,1643,270,7735,California
Yolo,2021-01-15,624,10001,319,5353,305,4648,0,0,545,6559,79,1722,546,8281,California
Yolo,2021-01-16,740,10741,95,5448,645,5293,0,0,709,7237,31,1753,709,8990,California
Yolo,2021-01-17,186,10927,117,5565,69,5362,0,0,179,7409,7,1760,179,9169,California
Yolo,2021-01-18,478,11405,303,5868,175,5537,0,0,379,7689,99,1859,379,9548,California
Yolo,2021-01-19,554,11959,372,6240,182,5719,0,0,379,7893,175,2034,379,9927,California
Yolo,2021-01-20,659,12618,380,6620,279,5998,0,0,474,8183,184,2218,474,10401,California
Yolo,2021-01-21,647,13265,382,7002,265,6263,0,0,459,8454,188,2406,459,10860,California
Yolo,2021-01-22,745,14010,250,7252,495,6758,0,0,628,8967,115,2521,628,11488,California
Yolo,2021-01-23,613,14623,123,7375,490,7248,0,0,566,9486,47,2568,566,12054,California
Yolo,2021-01-24,207,14830,124,7499,83,7331,0,0,166,9611,41,2609,166,12220,California
Yolo,2021-01-25,728,15558,153,7652,575,7906,0,0,514,9911,214,2823,514,12734,California
Yolo,2021-01-26,817,16375,327,7979,490,8396,0,0,428,9950,389,3212,428,13162,California
Yolo,2021-01-27,554,16929,222,8201,332,8728,0,0,381,10158,173,3385,381,13543,California
Yolo,2021-01-28,1049,17978,566,8767,483,9211,0,0,925,10960,123,3508,925,14468,California
Yolo,2021-01-29,867,18845,263,9030,604,9815,0,0,785,11664,81,3589,785,15253,California
Yolo,2021-01-30,1516,20361,916,9946,600,10415,0,0,1408,12970,102,3691,1408,16661,California
Yolo,2021-01-31,249,20610,211,10157,38,10453,0,0,214,13150,34,3725,214,16875,California
Yolo,2021-02-01,845,21455,361,10518,484,10937,0,0,614,13536,228,3953,614,17489,California
Yolo,2021-02-02,1323,22778,747,11265,576,11513,0,0,932,14078,391,4344,933,18422,California
Yolo,2021-02-03,1514,24292,397,11662,1117,12630,0,0,1183,14933,328,4672,1183,19605,California
Yolo,2021-02-04,1787,26079,281,11943,1506,14136,0,0,1238,15634,538,5210,1239,20844,California
Yolo,2021-02-05,1594,27673,901,12844,693,14829,0,0,1197,16435,397,5607,1198,22042,California
Yolo,2021-02-06,1918,29591,1247,14091,671,15500,0,0,1558,17634,360,5967,1559,23601,California
Yolo,2021-02-07,518,30109,249,14340,269,15769,0,0,171,17459,346,6313,171,23772,California
Yolo,2021-02-08,947,31056,332,14672,615,16384,0,0,605,17725,339,6652,605,24377,California
Yolo,2021-02-09,860,31916,388,15060,472,16856,0,0,578,18021,282,6934,578,24955,California
Yolo,2021-02-10,1454,33370,475,15535,979,17835,0,0,817,18203,637,7571,819,25774,California
Yolo,2021-02-11,1564,34934,797,16332,767,18602,0,0,1185,19009,379,7950,1185,26959,California
Yolo,2021-02-12,1907,36841,748,17080,1159,19761,0,0,1439,19984,464,8414,1439,28398,California
Yolo,2021-02-13,2052,38893,710,17790,1342,21103,0,0,1387,20706,665,9079,1387,29785,California
Yolo,2021-02-14,568,39461,153,17943,415,21518,0,0,443,21025,124,9203,443,30228,California
Yolo,2021-02-15,531,39992,189,18132,342,21860,0,0,266,21027,265,9468,267,30495,California
Yolo,2021-02-16,1122,41114,425,18557,697,22557,0,0,808,21521,314,9782,808,31303,California
Yolo,2021-02-17,1383,42497,700,19257,683,23240,0,0,991,22120,392,10174,991,32294,California
Yolo,2021-02-18,2495,44992,814,20071,1681,24921,0,0,1726,23077,769,10943,1726,34020,California
Yolo,2021-02-19,1738,46730,743,20814,995,25916,0,0,1118,23577,618,11561,1118,35138,California
Yolo,2021-02-20,2433,49163,942,21756,1491,27407,0,0,1361,23872,1067,12628,1362,36500,California
Yolo,2021-02-21,282,49445,225,21981,57,27464,0,0,73,23737,208,12836,73,36573,California
Yolo,2021-02-22,1361,50806,601,22582,760,28224,0,0,692,23761,668,13504,692,37265,California
Yolo,2021-02-23,1121,51927,841,23423,280,28504,0,0,438,23518,681,14185,438,37703,California
Yolo,2021-02-24,2090,54017,589,24012,1501,30005,0,0,1380,24190,708,14893,1380,39083,California
Yolo,2021-02-25,1338,55355,444,24456,894,30899,0,0,874,24601,463,15356,874,39957,California
Yolo,2021-02-26,2583,57938,996,25452,1587,32486,0,0,1381,24783,1199,16555,1381,41338,California
Yolo,2021-02-27,1653,59591,766,26218,887,33373,0,0,1203,25536,450,17005,1203,42541,California
Yolo,2021-02-28,1775,61366,1492,27710,283,33656,0,0,681,25125,1092,18097,681,43222,California
Yolo,2021-03-01,1098,62464,363,28073,735,34391,0,0,667,25363,429,18526,667,43889,California
Yolo,2021-03-02,1460,63924,681,28754,779,35170,0,0,930,25763,530,19056,930,44819,California
Yolo,2021-03-03,1836,65760,628,29382,1208,36378,0,0,830,25589,1004,20060,830,45649,California
Yolo,2021-03-04,2897,68657,1448,30830,1449,37827,0,0,1566,25826,1329,21389,1566,47215,California
Yolo,2021-03-05,2349,71006,1398,32228,940,38767,11,11,1473,26435,875,22264,1484,48699,California
Yolo,2021-03-06,1469,72475,1120,33348,320,39087,29,40,838,26674,628,22892,867,49566,California
Yolo,2021-03-07,906,73381,671,34019,221,39308,14,54,772,27326,134,23026,786,50352,California
Yolo,2021-03-08,1086,74467,486,34505,557,39865,43,97,758,27801,327,23353,802,51154,California
Yolo,2021-03-09,1243,75710,670,35175,513,40378,60,157,755,28130,486,23839,815,51969,California
Yolo,2021-03-10,1791,77501,1046,36221,456,40834,289,446,751,28127,1037,24876,1034,53003,California
Yolo,2021-03-11,2282,79783,1539,37760,677,41511,66,512,1570,29053,711,25587,1637,54640,California
Yolo,2021-03-12,2886,82669,1342,39102,1465,42976,79,591,1369,28991,1509,27096,1447,56087,California
Yolo,2021-03-13,1843,84512,730,39832,936,43912,177,768,1008,29344,832,27928,1185,57272,California
Yolo,2021-03-14,1006,85518,212,40044,644,44556,150,918,525,29535,480,28408,671,57943,California
Yolo,2021-03-15,1322,86840,773,40817,373,44929,176,1094,706,29801,614,29022,880,58823,California
Yolo,2021-03-16,1868,88708,717,41534,1079,46008,72,1166,1105,30215,763,29785,1177,60000,California
Yolo,2021-03-17,2486,91194,968,42502,1446,47454,72,1238,1705,31245,778,30563,1808,61808,California
Yolo,2021-03-18,2886,94080,897,43399,1765,49219,224,1462,1176,30937,1708,32271,1400,63208,California
Yolo,2021-03-19,2065,96145,842,44241,1155,50374,68,1530,1087,31120,972,33243,1155,64363,California
Yolo,2021-03-20,2746,98891,815,45056,1890,52264,41,1571,1114,30651,1626,34869,1157,65520,California
Yolo,2021-03-21,316,99207,215,45271,93,52357,8,1579,229,30802,86,34955,237,65757,California
Yolo,2021-03-22,1392,100599,487,45758,853,53210,52,1631,919,31302,470,35425,970,66727,California
Yolo,2021-03-23,1730,102329,931,46689,743,53953,56,1687,1071,31771,658,36083,1127,67854,California
Yolo,2021-03-24,2848,105177,1392,48081,1407,55360,49,1736,1423,31831,1413,37496,1473,69327,California
Yolo,2021-03-25,2433,107610,1302,49383,1104,56464,27,1763,1168,31771,1255,38751,1195,70522,California
Yolo,2021-03-26,2385,109995,1243,50626,1123,57587,19,1782,1024,31459,1354,40105,1042,71564,California
Yolo,2021-03-27,1647,111642,455,51081,1176,58763,16,1798,763,31355,883,40988,779,72343,California
Yolo,2021-03-28,1107,112749,861,51942,228,58991,18,1816,276,30822,827,41815,294,72637,California
Yolo,2021-03-29,2010,114759,820,52762,1160,60151,30,1846,982,30810,1024,42839,1012,73649,California
Yolo,2021-03-30,2270,117029,1068,53830,1179,61330,23,1869,1183,30934,1082,43921,1206,74855,California
Yolo,2021-03-31,2336,119365,1211,55041,1089,62419,36,1905,1194,31023,1141,45062,1230,76085,California
Yolo,2021-04-01,3748,123113,1767,56808,1507,63926,474,2379,1562,30875,2183,47245,2035,78120,California
Yolo,2021-04-02,3372,126485,1502,58310,1726,65652,144,2523,2087,31827,1279,48524,2231,80351,California
Yolo,2021-04-03,1785,128270,1077,59387,493,66145,215,2738,796,31850,988,49512,1011,81362,California
Yolo,2021-04-04,386,128656,151,59538,173,66318,62,2800,144,31814,242,49754,206,81568,California
Yolo,2021-04-05,1898,130554,724,60262,1076,67394,98,2898,1011,32041,882,50636,1109,82677,California
Yolo,2021-04-06,2557,133111,1296,61558,1091,68485,170,3068,1307,32278,1241,51877,1478,84155,California
Yolo,2021-04-07,2967,136078,1513,63071,1103,69588,351,3419,1921,33509,1039,52916,2270,86425,California
Yolo,2021-04-08,2409,138487,996,64067,944,70532,469,3888,1021,33612,1385,54301,1488,87913,California
Yolo,2021-04-09,2428,140915,880,64947,1052,71584,496,4384,806,33293,1619,55920,1300,89213,California
Yolo,2021-04-10,1689,142604,793,65740,724,72308,172,4556,1002,33783,683,56603,1173,90386,California
Yolo,2021-04-11,864,143468,259,65999,560,72868,45,4601,341,33648,520,57123,385,90771,California
Yolo,2021-04-12,1753,145221,515,66514,1095,73963,143,4744,1085,34211,665,57788,1228,91999,California
Yolo,2021-04-13,1927,147148,872,67386,1055,75018,0,4744,998,34282,927,58715,998,92997,California
Yolo,2021-04-14,2736,149884,736,68122,2000,77018,0,4744,1352,34255,1379,60094,1352,94349,California
Yolo,2021-04-15,3216,153100,1044,69166,2172,79190,0,4744,2258,35559,954,61048,2258,96607,California
Yolo,2021-04-16,2902,156002,1844,71010,1058,80248,0,4744,1832,36326,1065,62113,1832,98439,California
Yolo,2021-04-17,1515,157517,420,71430,1095,81343,0,4744,746,36307,765,62878,746,99185,California
Yolo,2021-04-18,591,158108,263,71693,328,81671,0,4744,348,36415,240,63118,348,99533,California
Yolo,2021-04-19,1667,159775,719,72412,947,82618,1,4745,770,36294,892,64010,771,100304,California
Yolo,2021-04-20,1998,161773,1011,73423,987,83605,0,4745,1074,36446,922,64932,1074,101378,California
Yolo,2021-04-21,1991,163764,991,74414,1000,84605,0,4745,1092,36642,896,65828,1092,102470,California
Yolo,2021-04-22,1794,165558,737,75151,1057,85662,0,4745,948,36750,841,66669,949,103419,California
Yolo,2021-04-23,2579,168137,1494,76645,1085,86747,0,4745,1154,36489,1415,68084,1154,104573,California
Yolo,2021-04-24,1152,169289,630,77275,520,87267,2,4747,455,36256,690,68774,457,105030,California
Yolo,2021-04-25,942,170231,401,77676,541,87808,0,4747,721,36757,220,68994,721,105751,California
Yolo,2021-04-26,1161,171392,436,78112,722,88530,3,4750,474,36550,685,69679,478,106229,California
Yolo,2021-04-27,1452,172844,665,78777,778,89308,9,4759,557,36223,895,70574,568,106797,California
Yolo,2021-04-28,1932,174776,985,79762,922,90230,25,4784,658,35635,1271,71845,683,107480,California
Yolo,2021-04-29,1233,176009,590,80352,581,90811,62,4846,465,35398,765,72610,528,108008,California
Yolo,2021-04-30,1627,177636,807,81159,776,91587,44,4890,792,35405,829,73439,836,108844,California
Yolo,2021-05-01,548,178184,352,81511,184,91771,12,4902,175,35219,373,73812,187,109031,California
Yolo,2021-05-02,362,178546,328,81839,22,91793,12,4914,267,35404,94,73906,279,109310,California
Yolo,2021-05-03,908,179454,242,82081,655,92448,11,4925,224,34957,682,74588,235,109545,California
Yuba,2020-12-16,4,4,4,4,0,0,0,0,4,4,0,0,4,4,California
Yuba,2020-12-17,4,8,4,8,0,0,0,0,4,8,0,0,4,8,California
Yuba,2020-12-18,8,16,8,16,0,0,0,0,8,16,0,0,8,16,California
Yuba,2020-12-19,12,28,12,28,0,0,0,0,12,28,0,0,12,28,California
Yuba,2020-12-20,20,48,20,48,0,0,0,0,20,48,0,0,20,48,California
Yuba,2020-12-21,40,88,40,88,0,0,0,0,40,88,0,0,40,88,California
Yuba,2020-12-22,86,174,86,174,0,0,0,0,86,174,0,0,86,174,California
Yuba,2020-12-23,64,238,62,236,2,2,0,0,64,238,0,0,64,238,California
Yuba,2020-12-24,20,258,10,246,10,12,0,0,20,258,0,0,20,258,California
Yuba,2020-12-26,15,273,13,259,2,14,0,0,15,273,0,0,15,273,California
Yuba,2020-12-27,15,288,15,274,0,14,0,0,15,288,0,0,15,288,California
Yuba,2020-12-28,51,339,35,309,16,30,0,0,51,339,0,0,51,339,California
Yuba,2020-12-29,75,414,10,319,65,95,0,0,75,414,0,0,75,414,California
Yuba,2020-12-30,63,477,20,339,43,138,0,0,63,477,0,0,63,477,California
Yuba,2020-12-31,37,514,7,346,30,168,0,0,37,514,0,0,37,514,California
Yuba,2021-01-02,23,537,22,368,1,169,0,0,23,537,0,0,23,537,California
Yuba,2021-01-03,10,547,6,374,4,173,0,0,10,547,0,0,10,547,California
Yuba,2021-01-04,90,637,21,395,69,242,0,0,90,637,0,0,90,637,California
Yuba,2021-01-05,68,705,36,431,32,274,0,0,67,703,1,1,67,704,California
Yuba,2021-01-06,154,859,76,507,78,352,0,0,148,845,6,7,148,852,California
Yuba,2021-01-07,75,934,19,526,56,408,0,0,72,913,4,11,72,924,California
Yuba,2021-01-08,73,1007,25,551,48,456,0,0,66,972,7,18,66,990,California
Yuba,2021-01-09,19,1026,16,567,3,459,0,0,11,975,8,26,11,1001,California
Yuba,2021-01-10,117,1143,22,589,95,554,0,0,95,1048,22,48,95,1096,California
Yuba,2021-01-11,72,1215,50,639,22,576,0,0,32,1040,40,88,32,1128,California
Yuba,2021-01-12,107,1322,77,716,30,606,0,0,42,1017,65,153,42,1170,California
Yuba,2021-01-13,119,1441,72,788,47,653,0,0,54,1007,64,217,54,1224,California
Yuba,2021-01-14,109,1550,43,831,66,719,0,0,97,1092,12,229,97,1321,California
Yuba,2021-01-15,206,1756,88,919,118,837,0,0,195,1276,11,240,195,1516,California
Yuba,2021-01-16,184,1940,21,940,163,1000,0,0,172,1435,13,253,172,1688,California
Yuba,2021-01-17,13,1953,9,949,4,1004,0,0,7,1436,6,259,7,1695,California
Yuba,2021-01-18,60,2013,32,981,28,1032,0,0,35,1446,25,284,35,1730,California
Yuba,2021-01-19,80,2093,29,1010,51,1083,0,0,65,1496,15,299,65,1795,California
Yuba,2021-01-20,133,2226,87,1097,46,1129,0,0,110,1583,23,322,110,1905,California
Yuba,2021-01-21,211,2437,95,1192,116,1245,0,0,203,1778,8,330,203,2108,California
Yuba,2021-01-22,103,2540,6,1198,97,1342,0,0,94,1863,9,339,94,2202,California
Yuba,2021-01-23,200,2740,7,1205,193,1535,0,0,197,2057,3,342,197,2399,California
Yuba,2021-01-24,10,2750,7,1212,3,1538,0,0,8,2063,2,344,8,2407,California
Yuba,2021-01-25,84,2834,28,1240,56,1594,0,0,53,2086,30,374,53,2460,California
Yuba,2021-01-26,148,2982,39,1279,109,1703,0,0,92,2122,56,430,92,2552,California
Yuba,2021-01-27,182,3164,128,1407,54,1757,0,0,115,2170,67,497,115,2667,California
Yuba,2021-01-28,215,3379,79,1486,136,1893,0,0,174,2303,41,538,174,2841,California
Yuba,2021-01-29,159,3538,56,1542,103,1996,0,0,112,2368,47,585,112,2953,California
Yuba,2021-01-30,410,3948,23,1565,387,2383,0,0,399,2756,11,596,399,3352,California
Yuba,2021-01-31,17,3965,12,1577,5,2388,0,0,15,2769,2,598,15,3367,California
Yuba,2021-02-01,155,4120,75,1652,80,2468,0,0,131,2878,23,621,132,3499,California
Yuba,2021-02-02,123,4243,23,1675,100,2568,0,0,101,2957,22,643,101,3600,California
Yuba,2021-02-03,226,4469,29,1704,197,2765,0,0,114,2960,111,754,114,3714,California
Yuba,2021-02-04,295,4764,120,1824,175,2940,0,0,252,3169,43,797,252,3966,California
Yuba,2021-02-05,147,4911,32,1856,115,3055,0,0,71,3164,76,873,71,4037,California
Yuba,2021-02-06,449,5360,26,1882,423,3478,0,0,441,3597,8,881,441,4478,California
Yuba,2021-02-07,18,5378,11,1893,7,3485,0,0,15,3609,3,884,15,4493,California
Yuba,2021-02-08,96,5474,35,1928,61,3546,0,0,66,3645,30,914,66,4559,California
Yuba,2021-02-09,153,5627,55,1983,98,3644,0,0,84,3660,69,983,84,4643,California
Yuba,2021-02-10,352,5979,172,2155,180,3824,0,0,114,3537,237,1220,114,4757,California
Yuba,2021-02-11,397,6376,63,2218,334,4158,0,0,301,3744,94,1314,301,5058,California
Yuba,2021-02-12,265,6641,27,2245,238,4396,0,0,151,3781,114,1428,151,5209,California
Yuba,2021-02-13,435,7076,35,2280,400,4796,0,0,387,4120,48,1476,387,5596,California
Yuba,2021-02-14,54,7130,11,2291,43,4839,0,0,49,4164,5,1481,49,5645,California
Yuba,2021-02-15,87,7217,36,2327,51,4890,0,0,68,4213,19,1500,68,5713,California
Yuba,2021-02-16,199,7416,53,2380,146,5036,0,0,140,4295,58,1558,140,5853,California
Yuba,2021-02-17,372,7788,156,2536,216,5252,0,0,99,4122,272,1830,99,5952,California
Yuba,2021-02-18,317,8105,46,2582,271,5523,0,0,194,4193,123,1953,194,6146,California
Yuba,2021-02-19,226,8331,84,2666,142,5665,0,0,143,4253,83,2036,143,6289,California
Yuba,2021-02-20,389,8720,30,2696,359,6024,0,0,335,4534,54,2090,335,6624,California
Yuba,2021-02-21,16,8736,14,2710,2,6026,0,0,6,4530,10,2100,6,6630,California
Yuba,2021-02-22,128,8864,79,2789,49,6075,0,0,38,4479,89,2189,38,6668,California
Yuba,2021-02-23,113,8977,25,2814,88,6163,0,0,46,4459,66,2255,46,6714,California
Yuba,2021-02-24,480,9457,135,2949,345,6508,0,0,107,4193,373,2628,107,6821,California
Yuba,2021-02-25,335,9792,134,3083,201,6709,0,0,207,4272,128,2756,207,7028,California
Yuba,2021-02-26,256,10048,67,3150,189,6898,0,0,143,4304,111,2867,143,7171,California
Yuba,2021-02-27,471,10519,46,3196,425,7323,0,0,382,4599,87,2954,382,7553,California
Yuba,2021-02-28,66,10585,21,3217,45,7368,0,0,45,4623,21,2975,45,7598,California
Yuba,2021-03-01,154,10739,40,3257,114,7482,0,0,78,4626,75,3050,78,7676,California
Yuba,2021-03-02,158,10897,35,3292,123,7605,0,0,78,4624,80,3130,78,7754,California
Yuba,2021-03-03,622,11519,159,3451,463,8068,0,0,200,4403,421,3551,200,7954,California
Yuba,2021-03-04,467,11986,270,3721,197,8265,0,0,326,4589,140,3691,326,8280,California
Yuba,2021-03-05,317,12303,60,3781,256,8521,1,1,249,4771,68,3759,250,8530,California
Yuba,2021-03-06,475,12778,35,3816,436,8957,4,5,369,5038,106,3865,373,8903,California
Yuba,2021-03-07,49,12827,27,3843,21,8978,1,6,33,5056,16,3881,34,8937,California
Yuba,2021-03-08,159,12986,49,3892,94,9072,16,22,100,5113,59,3940,116,9053,California
Yuba,2021-03-09,175,13161,46,3938,110,9182,19,41,83,5123,92,4032,102,9155,California
Yuba,2021-03-10,736,13897,233,4171,473,9655,30,71,232,4882,503,4535,262,9417,California
Yuba,2021-03-11,427,14324,186,4357,229,9884,12,83,294,5055,133,4668,306,9723,California
Yuba,2021-03-12,463,14787,87,4444,322,10206,54,137,150,4946,313,4981,204,9927,California
Yuba,2021-03-13,454,15241,334,4778,105,10311,15,152,360,5228,93,5074,375,10302,California
Yuba,2021-03-14,107,15348,21,4799,76,10387,10,162,46,5224,60,5134,56,10358,California
Yuba,2021-03-15,190,15538,49,4848,124,10511,17,179,96,5243,94,5228,113,10471,California
Yuba,2021-03-16,290,15828,71,4919,194,10705,25,204,177,5333,112,5340,202,10673,California
Yuba,2021-03-17,738,16566,161,5080,548,11253,29,233,192,5010,544,5884,221,10894,California
Yuba,2021-03-18,571,17137,149,5229,309,11562,113,346,348,5247,223,6107,460,11354,California
Yuba,2021-03-19,325,17462,120,5349,156,11718,49,395,186,5344,138,6245,235,11589,California
Yuba,2021-03-20,554,18016,80,5429,456,12174,18,413,474,5757,79,6324,492,12081,California
Yuba,2021-03-21,60,18076,35,5464,25,12199,0,413,48,5793,12,6336,48,12129,California
Yuba,2021-03-22,190,18266,70,5534,113,12312,7,420,148,5906,42,6378,155,12284,California
Yuba,2021-03-23,263,18529,79,5613,157,12469,27,447,177,6026,84,6462,204,12488,California
Yuba,2021-03-24,766,19295,252,5865,433,12902,81,528,187,5716,577,7039,267,12755,California
Yuba,2021-03-25,495,19790,262,6127,211,13113,22,550,244,5731,251,7290,266,13021,California
Yuba,2021-03-26,389,20179,143,6270,219,13332,27,577,223,5816,165,7455,250,13271,California
Yuba,2021-03-27,458,20637,27,6297,428,13760,3,580,404,6169,53,7508,406,13677,California
Yuba,2021-03-28,99,20736,40,6337,55,13815,4,584,37,6148,62,7570,41,13718,California
Yuba,2021-03-29,290,21026,85,6422,174,13989,31,615,177,6243,113,7683,208,13926,California
Yuba,2021-03-30,273,21299,67,6489,198,14187,8,623,192,6362,81,7764,200,14126,California
Yuba,2021-03-31,670,21969,113,6602,545,14732,12,635,240,6185,429,8193,252,14378,California
Yuba,2021-04-01,611,22580,282,6884,300,15032,29,664,278,6159,333,8526,307,14685,California
Yuba,2021-04-02,491,23071,93,6977,315,15347,83,747,184,6119,306,8832,266,14951,California
Yuba,2021-04-03,652,23723,55,7032,115,15462,482,1229,86,6122,565,9397,568,15519,California
Yuba,2021-04-04,58,23781,11,7043,41,15503,6,1235,33,6136,25,9422,39,15558,California
Yuba,2021-04-05,245,24026,78,7121,147,15650,20,1255,123,6158,120,9542,142,15700,California
Yuba,2021-04-06,351,24377,114,7235,177,15827,60,1315,168,6204,182,9724,228,15928,California
Yuba,2021-04-07,770,25147,396,7631,321,16148,53,1368,347,6183,420,10144,399,16327,California
Yuba,2021-04-08,724,25871,291,7922,171,16319,262,1630,258,6237,465,10609,519,16846,California
Yuba,2021-04-09,391,26262,170,8092,157,16476,64,1694,159,6229,231,10840,223,17069,California
Yuba,2021-04-10,593,26855,72,8164,74,16550,447,2141,70,6225,521,11361,517,17586,California
Yuba,2021-04-11,98,26953,22,8186,64,16614,12,2153,39,6217,59,11420,51,17637,California
Yuba,2021-04-12,210,27163,46,8232,135,16749,29,2182,81,6199,128,11548,110,17747,California
Yuba,2021-04-13,394,27557,100,8332,294,17043,0,2182,202,6210,191,11739,202,17949,California
Yuba,2021-04-14,690,28247,107,8439,583,17626,0,2182,117,5755,572,12311,117,18066,California
Yuba,2021-04-15,330,28577,124,8563,206,17832,0,2182,144,5713,186,12497,144,18210,California
Yuba,2021-04-16,331,28908,101,8664,230,18062,0,2182,179,5740,152,12649,179,18389,California
Yuba,2021-04-17,392,29300,55,8719,337,18399,0,2182,321,5991,70,12719,321,18710,California
Yuba,2021-04-18,52,29352,9,8728,43,18442,0,2182,24,5987,28,12747,24,18734,California
Yuba,2021-04-19,245,29597,102,8830,143,18585,0,2182,104,5950,141,12888,104,18838,California
Yuba,2021-04-20,301,29898,78,8908,223,18808,0,2182,175,6001,125,13013,176,19014,California
Yuba,2021-04-21,705,30603,287,9195,418,19226,0,2182,304,5904,401,13414,304,19318,California
Yuba,2021-04-22,311,30914,117,9312,194,19420,0,2182,177,5947,134,13548,177,19495,California
Yuba,2021-04-23,334,31248,105,9417,229,19649,0,2182,162,5937,172,13720,162,19657,California
Yuba,2021-04-24,216,31464,68,9485,148,19797,0,2182,123,5967,93,13813,123,19780,California
Yuba,2021-04-25,74,31538,30,9515,44,19841,0,2182,37,5967,37,13850,37,19817,California
Yuba,2021-04-26,217,31755,47,9562,166,20007,4,2186,102,5958,115,13965,106,19923,California
Yuba,2021-04-27,455,32210,149,9711,296,20303,10,2196,227,5969,226,14191,237,20160,California
Yuba,2021-04-28,415,32625,168,9879,242,20545,5,2201,134,5833,275,14466,139,20299,California
Yuba,2021-04-29,372,32997,54,9933,316,20861,2,2203,118,5700,253,14719,120,20419,California
Yuba,2021-04-30,246,33243,48,9981,170,21031,28,2231,97,5678,146,14865,124,20543,California
Yuba,2021-05-01,117,33360,33,10014,66,21097,18,2249,39,5658,77,14942,57,20600,California
Yuba,2021-05-02,28,33388,17,10031,8,21105,3,2252,16,5665,12,14954,19,20619,California
Yuba,2021-05-03,78,33466,21,10052,52,21157,5,2257,27,5649,48,15002,32,20651,California
