county,administered_date,total_doses,cumulative_total_doses,pfizer_doses,cumulative_pfizer_doses,moderna_doses,cumulative_moderna_doses,jj_doses,cumulative_jj_doses,partially_vaccinated,total_partially_vaccinated,fully_vaccinated,cumulative_fully_vaccinated,at_least_one_dose,cumulative_at_least_one_dose,california_flag
All CA Counties,2020-12-15,1126,1126,1126,1126,0,0,0,0,1126,1126,0,0,1126,1126,
All CA Counties,2020-12-16,8228,9354,8228,9354,0,0,0,0,8228,9354,0,0,8228,9354,
All CA Counties,2020-12-17,25818,35172,25818,35172,0,0,0,0,25854,35208,0,0,25854,35208,
All CA Counties,2020-12-18,43919,79091,43841,79013,78,78,0,0,43969,79176,1,1,43969,79177,
All CA Counties,2020-12-19,25363,104454,25343,104356,20,98,0,0,25361,104535,2,3,25361,104538,
All CA Counties,2020-12-20,18923,123377,18898,123254,25,123,0,0,18922,123456,1,4,18922,123460,
All CA Counties,2020-12-21,49497,172874,49414,172668,83,206,0,0,49536,172990,2,6,49536,172996,
All CA Counties,2020-12-22,49852,222726,47713,220381,2139,2345,0,0,49852,222842,0,6,49852,222848,
All CA Counties,2020-12-23,50086,272812,41408,261789,8678,11023,0,0,50082,272924,0,6,50082,272930,
All CA Counties,2020-12-24,23834,296646,16265,278054,7569,18592,0,0,23830,296752,2,8,23830,296760,
All CA Counties,2020-12-25,2302,298948,1984,280038,318,18910,0,0,2301,299052,1,9,2301,299061,
All CA Counties,2020-12-26,14559,313507,9394,289432,5165,24075,0,0,14557,313608,1,10,14557,313618,
All CA Counties,2020-12-27,9321,322828,5537,294969,3784,27859,0,0,9320,322928,0,10,9320,322938,
All CA Counties,2020-12-28,45466,368294,29147,324116,16319,44178,0,0,45463,368389,2,12,45463,368401,
All CA Counties,2020-12-29,50834,419128,28448,352564,22386,66564,0,0,50829,419215,3,15,50829,419230,
All CA Counties,2020-12-30,62651,481779,35496,388060,27155,93719,0,0,62644,481857,2,17,62644,481874,
All CA Counties,2020-12-31,29050,510829,10711,398771,18339,112058,0,0,29044,510897,4,21,29044,510918,
All CA Counties,2021-01-01,3563,514392,1577,400348,1986,114044,0,0,3560,514456,1,22,3560,514478,
All CA Counties,2021-01-02,18296,532688,10142,410490,8154,122198,0,0,18295,532751,0,22,18295,532773,
All CA Counties,2021-01-03,6057,538745,3432,413922,2625,124823,0,0,6031,538770,12,34,6031,538804,
All CA Counties,2021-01-04,43131,581876,21810,435732,21321,146144,0,0,43048,581769,49,83,43048,581852,
All CA Counties,2021-01-05,55969,637845,29527,465259,26442,172586,0,0,50544,626985,5359,5442,50575,632427,
All CA Counties,2021-01-06,72647,710492,40271,505530,32376,204962,0,0,57358,669269,15103,20545,57387,689814,
All CA Counties,2021-01-07,91104,801596,51759,557289,39345,244307,0,0,60797,699973,30160,50705,60864,750678,
All CA Counties,2021-01-08,105912,907508,64001,621290,41911,286218,0,0,64844,723950,40938,91643,64915,815593,
All CA Counties,2021-01-09,43493,951001,25034,646324,18459,304677,0,0,27434,735375,16038,107681,27463,843056,
All CA Counties,2021-01-10,23985,974986,14642,660966,9343,314020,0,0,12902,737227,11067,118748,12919,855975,
All CA Counties,2021-01-11,102890,1077876,68299,729265,34591,348611,0,0,59910,754263,42946,161694,59982,915957,
All CA Counties,2021-01-12,111853,1189729,66102,795367,45751,394362,0,0,71130,784893,40656,202350,71286,987243,
All CA Counties,2021-01-13,117946,1307675,61155,856522,56791,451153,0,0,84472,836068,33386,235736,84561,1071804,
All CA Counties,2021-01-14,122232,1429907,49029,905551,73203,524356,0,0,102907,919886,19216,254952,103034,1174838,
All CA Counties,2021-01-15,141105,1571012,52353,957904,88752,613108,0,0,125862,1030779,15137,270089,126030,1300868,
All CA Counties,2021-01-16,80176,1651188,27550,985454,52626,665734,0,0,72514,1095696,7639,277728,72556,1373424,
All CA Counties,2021-01-17,48019,1699207,16692,1002146,31327,697061,0,0,44421,1136558,3592,281320,44454,1417878,
All CA Counties,2021-01-18,87601,1786808,45599,1047745,42002,739063,0,0,68363,1185886,19164,300484,68492,1486370,
All CA Counties,2021-01-19,140348,1927156,72995,1120740,67353,806416,0,0,109463,1264893,30797,331281,109804,1596174,
All CA Counties,2021-01-20,157296,2084452,79734,1200474,77562,883978,0,0,124417,1356814,32714,363995,124635,1720809,
All CA Counties,2021-01-21,171171,2255623,75918,1276392,95253,979231,0,0,152407,1490943,18566,382561,152695,1873504,
All CA Counties,2021-01-22,168149,2423772,68736,1345128,99413,1078644,0,0,153862,1630763,14166,396727,153986,2027490,
All CA Counties,2021-01-23,110605,2534377,49221,1394349,61384,1140028,0,0,98215,1716723,12335,409062,98295,2125785,
All CA Counties,2021-01-24,60678,2595055,29281,1423630,31397,1171425,0,0,56024,1768158,4626,413688,56061,2181846,
All CA Counties,2021-01-25,142851,2737906,64388,1488018,78463,1249888,0,0,108517,1842884,34231,447919,108957,2290803,
All CA Counties,2021-01-26,166081,2903987,81572,1569590,84509,1334397,0,0,129181,1935577,36756,484675,129449,2420252,
All CA Counties,2021-01-27,177288,3081275,86607,1656197,90681,1425078,0,0,138822,2036448,38086,522761,138957,2559209,
All CA Counties,2021-01-28,185216,3266491,84999,1741196,100217,1525295,0,0,151692,2155079,33224,555985,151855,2711064,
All CA Counties,2021-01-29,181296,3447787,87010,1828206,94286,1619581,0,0,147352,2269179,33389,589374,147489,2858553,
All CA Counties,2021-01-30,121574,3569361,53955,1882161,67619,1687200,0,0,107440,2362766,13988,603362,107575,2966128,
All CA Counties,2021-01-31,69641,3639002,39423,1921584,30218,1717418,0,0,63658,2420555,5913,609275,63702,3029830,
All CA Counties,2021-02-01,156688,3795690,71822,1993406,84866,1802284,0,0,118845,2501913,37710,646985,119068,3148898,
All CA Counties,2021-02-02,182534,3978224,78284,2071690,104250,1906534,0,0,137144,2594193,45131,692116,137411,3286309,
All CA Counties,2021-02-03,208065,4186289,93678,2165368,114387,2020921,0,0,154840,2696483,52771,744887,155061,3441370,
All CA Counties,2021-02-04,225454,4411743,98767,2264135,126687,2147608,0,0,165481,2802824,59449,804336,165790,3607160,
All CA Counties,2021-02-05,243844,4655587,105678,2369813,138166,2285774,0,0,166083,2892442,77013,881349,166631,3773791,
All CA Counties,2021-02-06,153614,4809201,74125,2443938,79489,2365263,0,0,119304,2978053,34149,915498,119760,3893551,
All CA Counties,2021-02-07,65517,4874718,42177,2486115,23340,2388603,0,0,49244,3011565,16193,931691,49705,3943256,
All CA Counties,2021-02-08,178509,5053227,87494,2573609,91015,2479618,0,0,117950,3070066,60152,991843,118653,4061909,
All CA Counties,2021-02-09,208243,5261470,100776,2674385,107467,2587085,0,0,124923,3113107,82999,1074842,126040,4187949,
All CA Counties,2021-02-10,245457,5506927,118741,2793126,126716,2713801,0,0,136993,3143792,107715,1182557,138400,4326349,
All CA Counties,2021-02-11,259566,5766493,128718,2921844,130848,2844649,0,0,142294,3171584,116289,1298846,144081,4470430,
All CA Counties,2021-02-12,268625,6035118,117843,3039687,150782,2995431,0,0,145215,3196383,122729,1421575,147528,4617958,
All CA Counties,2021-02-13,164780,6199898,75840,3115527,88940,3084371,0,0,91233,3216413,73164,1494739,93194,4711152,
All CA Counties,2021-02-14,94061,6293959,46634,3162161,47427,3131798,0,0,50890,3225861,43044,1537783,52492,4763644,
All CA Counties,2021-02-15,139647,6433606,61436,3223597,78211,3210009,0,0,77417,3244476,61926,1599709,80541,4844185,
All CA Counties,2021-02-16,244850,6678456,116432,3340029,128418,3338427,0,0,131518,3266209,113029,1712738,134762,4978947,
All CA Counties,2021-02-17,253832,6932288,126400,3466429,127432,3465859,0,0,127085,3270281,126308,1839046,130380,5109327,
All CA Counties,2021-02-18,266544,7198832,139271,3605700,127273,3593132,0,0,129292,3267249,136620,1975666,133588,5242915,
All CA Counties,2021-02-19,248349,7447181,144275,3749975,104074,3697206,0,0,129324,3280293,118624,2094290,131668,5374583,
All CA Counties,2021-02-20,149117,7596298,95810,3845785,53307,3750513,0,0,82476,3298372,66441,2160731,84520,5459103,
All CA Counties,2021-02-21,67813,7664111,54540,3900325,13273,3763786,0,0,33869,3299833,33793,2194524,35254,5494357,
All CA Counties,2021-02-22,160719,7824830,107796,4008121,52923,3816709,0,0,81942,3305025,78513,2273037,83705,5578062,
All CA Counties,2021-02-23,218335,8043165,115419,4123540,102916,3919625,0,0,102518,3298258,115359,2388396,108592,5686654,
All CA Counties,2021-02-24,278081,8321246,140444,4263984,137637,4057262,0,0,134294,3297030,143292,2531688,142064,5828718,
All CA Counties,2021-02-25,310719,8631965,153048,4417032,157671,4214933,0,0,163182,3322029,147006,2678694,172005,6000723,
All CA Counties,2021-02-26,345256,8977221,161516,4578548,183740,4398673,0,0,193188,3371453,151309,2830003,200733,6201456,
All CA Counties,2021-02-27,242845,9220066,115281,4693829,127559,4526232,5,5,137417,3408587,104948,2934951,142082,6343538,
All CA Counties,2021-02-28,127655,9347721,76016,4769845,51638,4577870,1,6,75792,3435732,51603,2986554,78748,6422286,
All CA Counties,2021-03-01,231887,9579608,122837,4892682,109040,4686910,10,16,134461,3477426,96925,3083479,138619,6560905,
All CA Counties,2021-03-02,260911,9840519,127611,5020293,133291,4820201,9,25,158209,3540513,102295,3185774,165382,6726287,
All CA Counties,2021-03-03,306029,10146548,151710,5172003,154300,4974501,19,44,172910,3588322,132541,3318315,180350,6906637,
All CA Counties,2021-03-04,310657,10457205,157514,5329517,153072,5127573,71,115,182735,3650861,127336,3445651,189875,7096512,
All CA Counties,2021-03-05,292087,10749292,144485,5474002,146556,5274129,1046,1161,181785,3731408,109654,3555305,190201,7286713,
All CA Counties,2021-03-06,225391,10974683,116949,5590951,101048,5375177,7394,8555,141288,3801199,83774,3639079,153565,7440278,
All CA Counties,2021-03-07,119295,11093978,73391,5664342,42011,5417188,3893,12448,75973,3841710,43183,3682262,83694,7523972,
All CA Counties,2021-03-08,200664,11294642,96831,5761173,94535,5511723,9298,21746,130750,3917146,69654,3751916,145090,7669062,
All CA Counties,2021-03-09,249434,11544076,107364,5868537,126892,5638615,15178,36924,136642,3960779,112448,3864364,156081,7825143,
All CA Counties,2021-03-10,291631,11835707,145019,6013556,125411,5764026,21201,58125,157667,4010572,133481,3997845,183274,8008417,
All CA Counties,2021-03-11,343166,12178873,163989,6177545,150435,5914461,28742,86867,176588,4054609,165896,4163741,209933,8218350,
All CA Counties,2021-03-12,339238,12518111,152167,6329712,147262,6061723,39809,126676,164729,4089601,173947,4337688,208939,8427289,
All CA Counties,2021-03-13,237647,12755758,108252,6437964,101740,6163463,27655,154331,126781,4138100,110568,4448256,159067,8586356,
All CA Counties,2021-03-14,132645,12888403,74649,6512613,43720,6207183,14276,168607,72557,4167401,59899,4508155,89200,8675556,
All CA Counties,2021-03-15,280805,13169208,133709,6646322,127185,6334368,19911,188518,154468,4219621,125801,4633956,178021,8853577,
All CA Counties,2021-03-16,356175,13525383,169352,6815674,170243,6504611,16580,205098,210054,4304104,145506,4779462,229989,9083566,
All CA Counties,2021-03-17,358672,13884055,180878,6996552,160843,6665454,16951,222049,221900,4409604,136179,4915641,241679,9325245,
All CA Counties,2021-03-18,328114,14212169,170196,7166748,142532,6807986,15386,237435,195788,4491480,131566,5047207,213442,9538687,
All CA Counties,2021-03-19,339507,14551676,180180,7346928,141805,6949791,17522,254957,199299,4570774,139535,5186742,218829,9757516,
All CA Counties,2021-03-20,220112,14771788,110292,7457220,98110,7047901,11710,266667,146162,4656577,73523,5260265,159326,9916842,
All CA Counties,2021-03-21,137657,14909445,94395,7551615,36003,7083904,7259,273926,90132,4708162,47323,5307588,98908,10015750,
All CA Counties,2021-03-22,263690,15173135,153959,7705574,99117,7183021,10614,284540,176438,4811853,86722,5394310,190413,10206163,
All CA Counties,2021-03-23,341187,15514322,188741,7894315,142483,7325504,9963,294503,223885,4932213,116591,5510901,236951,10443114,
All CA Counties,2021-03-24,369274,15883596,212835,8107150,145092,7470596,11347,305850,222598,5024524,145829,5656730,238140,10681254,
All CA Counties,2021-03-25,387825,16271421,213328,8320478,162013,7632609,12484,318334,227182,5111459,159657,5816387,246592,10927846,
All CA Counties,2021-03-26,402458,16673879,212900,8533378,175294,7807903,14264,332598,226131,5185880,175436,5991823,249857,11177703,
All CA Counties,2021-03-27,285553,16959432,150002,8683380,125301,7933204,10250,342848,145537,5209349,139428,6131251,162897,11340600,
All CA Counties,2021-03-28,158615,17118047,101719,8785099,54337,7987541,2559,345407,86957,5229952,71424,6202675,92027,11432627,
All CA Counties,2021-03-29,283819,17401866,154896,8939995,121425,8108966,7498,352905,165451,5289050,117854,6320529,176952,11609579,
All CA Counties,2021-03-30,230198,17632064,125188,9065183,95861,8204827,9149,362054,146746,5363383,83159,6403688,157492,11767071,
All CA and Non-CA Counties,2020-12-15,1133,1133,1133,1133,0,0,0,0,1133,1133,0,0,1133,1133,
All CA and Non-CA Counties,2020-12-16,8361,9494,8361,9494,0,0,0,0,8361,9494,0,0,8361,9494,
All CA and Non-CA Counties,2020-12-17,27387,36881,27387,36881,0,0,0,0,27387,36881,0,0,27387,36881,
All CA and Non-CA Counties,2020-12-18,46368,83249,46286,83167,82,82,0,0,46367,83247,1,1,46367,83248,
All CA and Non-CA Counties,2020-12-19,26369,109618,26348,109515,21,103,0,0,26367,109612,2,3,26367,109615,
All CA and Non-CA Counties,2020-12-20,19573,129191,19547,129062,26,129,0,0,19572,129183,1,4,19572,129187,
All CA and Non-CA Counties,2020-12-21,51634,180825,51551,180613,83,212,0,0,51631,180812,2,6,51631,180818,
All CA and Non-CA Counties,2020-12-22,51810,232635,49638,230251,2172,2384,0,0,51810,232622,0,6,51810,232628,
All CA and Non-CA Counties,2020-12-23,51512,284147,42721,272972,8791,11175,0,0,51508,284130,0,6,51508,284136,
All CA and Non-CA Counties,2020-12-24,24643,308790,16880,289852,7763,18938,0,0,24639,308767,2,8,24639,308775,
All CA and Non-CA Counties,2020-12-25,2335,311125,2013,291865,322,19260,0,0,2334,311100,1,9,2334,311109,
All CA and Non-CA Counties,2020-12-26,14869,325994,9599,301464,5270,24530,0,0,14867,325966,1,10,14867,325976,
All CA and Non-CA Counties,2020-12-27,9511,335505,5609,307073,3902,28432,0,0,9510,335476,0,10,9510,335486,
All CA and Non-CA Counties,2020-12-28,46869,382374,30033,337106,16836,45268,0,0,46866,382340,2,12,46866,382352,
All CA and Non-CA Counties,2020-12-29,52299,434673,29389,366495,22910,68178,0,0,52294,434631,3,15,52294,434646,
All CA and Non-CA Counties,2020-12-30,64564,499237,36748,403243,27816,95994,0,0,64558,499187,2,17,64558,499204,
All CA and Non-CA Counties,2020-12-31,30121,529358,11301,414544,18820,114814,0,0,30114,529297,4,21,30114,529318,
All CA and Non-CA Counties,2021-01-01,3668,533026,1598,416142,2070,116884,0,0,3665,532961,1,22,3665,532983,
All CA and Non-CA Counties,2021-01-02,18539,551565,10278,426420,8261,125145,0,0,18537,551497,1,23,18537,551520,
All CA and Non-CA Counties,2021-01-03,6235,557800,3529,429949,2706,127851,0,0,6209,557694,12,35,6209,557729,
All CA and Non-CA Counties,2021-01-04,44262,602062,22316,452265,21946,149797,0,0,44173,601817,50,85,44173,601902,
All CA and Non-CA Counties,2021-01-05,57422,659484,30288,482553,27134,176931,0,0,51859,648212,5495,5580,51890,653792,
All CA and Non-CA Counties,2021-01-06,75225,734709,41807,524360,33418,210349,0,0,59260,691716,15786,21366,59290,713082,
All CA and Non-CA Counties,2021-01-07,95275,829984,54347,578707,40928,251277,0,0,63330,723326,31797,53163,63407,776489,
All CA and Non-CA Counties,2021-01-08,110199,940183,66711,645418,43488,294765,0,0,67385,748115,42675,95838,67464,843953,
All CA and Non-CA Counties,2021-01-09,44838,985021,25578,670996,19260,314025,0,0,28450,760230,16366,112204,28481,872434,
All CA and Non-CA Counties,2021-01-10,24280,1009301,14821,685817,9459,323484,0,0,13076,762135,11188,123392,13093,885527,
All CA and Non-CA Counties,2021-01-11,106157,1115458,70273,756090,35884,359368,0,0,61859,779803,44264,167656,61932,947459,
All CA and Non-CA Counties,2021-01-12,115638,1231096,68378,824468,47260,406628,0,0,73424,811245,42141,209797,73583,1021042,
All CA and Non-CA Counties,2021-01-13,121463,1352559,62917,887385,58546,465174,0,0,86866,863690,34515,244312,86960,1108002,
All CA and Non-CA Counties,2021-01-14,125915,1478474,50272,937657,75643,540817,0,0,105977,949972,19827,264139,106109,1214111,
All CA and Non-CA Counties,2021-01-15,145189,1623663,53291,990948,91898,632715,0,0,129502,1064069,15579,279718,129676,1343787,
All CA and Non-CA Counties,2021-01-16,82604,1706267,27901,1018849,54703,687418,0,0,74780,1131093,7798,287516,74822,1418609,
All CA and Non-CA Counties,2021-01-17,48476,1754743,16838,1035687,31638,719056,0,0,44822,1172301,3647,291163,44855,1463464,
All CA and Non-CA Counties,2021-01-18,88743,1843486,46406,1082093,42337,761393,0,0,69031,1221825,19637,310800,69161,1532625,
All CA and Non-CA Counties,2021-01-19,144365,1987851,74308,1156401,70057,831450,0,0,112634,1303159,31642,342442,112976,1645601,
All CA and Non-CA Counties,2021-01-20,161686,2149537,81145,1237546,80541,911991,0,0,127888,1397637,33630,376072,128108,1773709,
All CA and Non-CA Counties,2021-01-21,175236,2324773,76954,1314500,98282,1010273,0,0,155955,1534813,19070,395142,156246,1929955,
All CA and Non-CA Counties,2021-01-22,172750,2497523,69779,1384279,102971,1113244,0,0,158058,1678432,14565,409707,158184,2088139,
All CA and Non-CA Counties,2021-01-23,112862,2610385,49552,1433831,63310,1176554,0,0,100303,1766312,12503,422210,100383,2188522,
All CA and Non-CA Counties,2021-01-24,61389,2671774,29621,1463452,31768,1208322,0,0,56653,1818293,4709,426919,56690,2245212,
All CA and Non-CA Counties,2021-01-25,147307,2819081,66344,1529796,80963,1289285,0,0,112139,1895802,35077,461996,112586,2357798,
All CA and Non-CA Counties,2021-01-26,172325,2991406,84827,1614623,87498,1376783,0,0,134627,1993133,37576,499572,134907,2492705,
All CA and Non-CA Counties,2021-01-27,182273,3173679,89594,1704217,92679,1469462,0,0,143264,2097884,38650,538222,143401,2636106,
All CA and Non-CA Counties,2021-01-28,190492,3364171,88131,1792348,102361,1571823,0,0,156482,2220798,33731,571953,156645,2792751,
All CA and Non-CA Counties,2021-01-29,186063,3550234,90115,1882463,95948,1667771,0,0,151418,2338253,34100,606053,151555,2944306,
All CA and Non-CA Counties,2021-01-30,125766,3676000,56468,1938931,69298,1737069,0,0,111420,2435603,14205,620258,111555,3055861,
All CA and Non-CA Counties,2021-01-31,73104,3749104,42599,1981530,30505,1767574,0,0,67043,2496702,5991,626249,67090,3122951,
All CA and Non-CA Counties,2021-02-01,162532,3911636,74778,2056308,87754,1855328,0,0,124033,2582594,38366,664615,124258,3247209,
All CA and Non-CA Counties,2021-02-02,189878,4101514,81083,2137391,108795,1964123,0,0,143784,2680825,45824,710439,144055,3391264,
All CA and Non-CA Counties,2021-02-03,216005,4317519,96519,2233910,119486,2083609,0,0,161966,2789439,53575,764014,162189,3553453,
All CA and Non-CA Counties,2021-02-04,232686,4550205,101552,2335462,131134,2214743,0,0,171775,2901150,60376,824390,172087,3725540,
All CA and Non-CA Counties,2021-02-05,250436,4800641,107846,2443308,142590,2357333,0,0,171688,2995378,78008,902398,172236,3897776,
All CA and Non-CA Counties,2021-02-06,157968,4958609,76327,2519635,81641,2438974,0,0,123229,3084493,34572,936970,123687,4021463,
All CA and Non-CA Counties,2021-02-07,68388,5026997,44596,2564231,23792,2462766,0,0,52035,3120719,16273,953243,52499,4073962,
All CA and Non-CA Counties,2021-02-08,184366,5211363,91308,2655539,93058,2555824,0,0,122698,3182877,61246,1014489,123404,4197366,
All CA and Non-CA Counties,2021-02-09,213021,5424384,103083,2758622,109938,2665762,0,0,128384,3228091,84301,1098790,129515,4326881,
All CA and Non-CA Counties,2021-02-10,251392,5675776,120958,2879580,130434,2796196,0,0,140561,3260034,110074,1208864,142017,4468898,
All CA and Non-CA Counties,2021-02-11,264442,5940218,130885,3010465,133557,2929753,0,0,145969,3290326,117483,1326347,147775,4616673,
All CA and Non-CA Counties,2021-02-12,273268,6213486,119483,3129948,153785,3083538,0,0,148199,3316462,124384,1450731,150520,4767193,
All CA and Non-CA Counties,2021-02-13,167037,6380523,76470,3206418,90567,3174105,0,0,93037,3337859,73612,1524343,95009,4862202,
All CA and Non-CA Counties,2021-02-14,95525,6476048,47099,3253517,48426,3222531,0,0,52076,3348256,43317,1567660,53714,4915916,
All CA and Non-CA Counties,2021-02-15,142201,6618249,63029,3316546,79172,3301703,0,0,78604,3366746,63275,1630935,81765,4997681,
All CA and Non-CA Counties,2021-02-16,251266,6869515,119390,3435936,131876,3433579,0,0,134070,3387189,116886,1747821,137329,5135010,
All CA and Non-CA Counties,2021-02-17,259622,7129137,129267,3565203,130355,3563934,0,0,128840,3388995,130335,1878156,132141,5267151,
All CA and Non-CA Counties,2021-02-18,272696,7401833,142891,3708094,129805,3693739,0,0,131114,3383476,140936,2019092,135417,5402568,
All CA and Non-CA Counties,2021-02-19,253685,7655518,147984,3856078,105701,3799440,0,0,131291,3395122,121993,2141085,133639,5536207,
All CA and Non-CA Counties,2021-02-20,152318,7807836,98492,3954570,53826,3853266,0,0,83622,3412298,68492,2209577,85668,5621875,
All CA and Non-CA Counties,2021-02-21,69621,7877457,56141,4010711,13480,3866746,0,0,34481,3413176,34988,2244565,35866,5657741,
All CA and Non-CA Counties,2021-02-22,163457,8040914,109715,4120426,53742,3920488,0,0,82926,3417604,80268,2324833,84696,5742437,
All CA and Non-CA Counties,2021-02-23,223462,8264376,117986,4238412,105476,4025964,0,0,104106,3408899,118895,2443728,110190,5852627,
All CA and Non-CA Counties,2021-02-24,283451,8547827,143122,4381534,140329,4166293,0,0,135883,3405488,147070,2590798,143659,5996286,
All CA and Non-CA Counties,2021-02-25,316578,8864405,155653,4537187,160925,4327218,0,0,165320,3428933,150708,2741506,174153,6170439,
All CA and Non-CA Counties,2021-02-26,351377,9215782,164604,4701791,186773,4513991,0,0,195766,3477475,154774,2896280,203316,6373755,
All CA and Non-CA Counties,2021-02-27,247452,9463234,117587,4819378,129859,4643850,6,6,138716,3512617,108243,3004523,143385,6517140,
All CA and Non-CA Counties,2021-02-28,130388,9593622,78099,4897477,52288,4696138,1,7,76892,3539236,53232,3057755,79851,6596991,
All CA and Non-CA Counties,2021-03-01,236529,9830151,125915,5023392,110604,4806742,10,17,135718,3578824,100300,3158055,139888,6736879,
All CA and Non-CA Counties,2021-03-02,267047,10097198,129673,5153065,137365,4944107,9,26,160003,3639461,106630,3264685,167267,6904146,
All CA and Non-CA Counties,2021-03-03,312937,10410135,154038,5307103,158879,5102986,20,46,174762,3684075,137598,3402283,182212,7086358,
All CA and Non-CA Counties,2021-03-04,316929,10727064,160008,5467111,156849,5259835,72,118,184791,3744494,131533,3533816,191952,7278310,
All CA and Non-CA Counties,2021-03-05,296580,11023644,146423,5613534,149095,5408930,1062,1180,184099,3825206,111833,3645649,192545,7470855,
All CA and Non-CA Counties,2021-03-06,229709,11253353,118785,5732319,103358,5512288,7566,8746,143458,3895275,85918,3731567,155987,7626842,
All CA and Non-CA Counties,2021-03-07,120971,11374324,74450,5806769,42562,5554850,3959,12705,77009,3936273,43823,3775390,84821,7711663,
All CA and Non-CA Counties,2021-03-08,203598,11577922,98552,5905321,95488,5650338,9558,22263,132886,4013335,70425,3845815,147487,7859150,
All CA and Non-CA Counties,2021-03-09,253297,11831219,109040,6014361,128740,5779078,15517,37780,138805,4057798,114142,3959957,158605,8017755,
All CA and Non-CA Counties,2021-03-10,295562,12126781,146716,6161077,127115,5906193,21731,59511,159949,4108816,135123,4095080,186141,8203896,
All CA and Non-CA Counties,2021-03-11,348914,12475695,166720,6327797,152690,6058883,29504,89015,179566,4153866,168664,4263744,213714,8417610,
All CA and Non-CA Counties,2021-03-12,344523,12820218,154968,6482765,148947,6207830,40608,129623,167611,4190242,176344,4440088,212720,8630330,
All CA and Non-CA Counties,2021-03-13,240837,13061055,110006,6592771,102588,6310418,28243,157866,128844,4240275,111690,4551778,161723,8792053,
All CA and Non-CA Counties,2021-03-14,134527,13195582,75672,6668443,44207,6354625,14648,172514,73743,4270448,60595,4612373,90768,8882821,
All CA and Non-CA Counties,2021-03-15,284728,13480310,135479,6803922,128906,6483531,20343,192857,156943,4324187,127243,4739616,180982,9063803,
All CA and Non-CA Counties,2021-03-16,363014,13843324,172736,6976658,173296,6656827,16982,209839,214185,4410541,148211,4887827,234565,9298368,
All CA and Non-CA Counties,2021-03-17,365761,14209085,184704,7161362,163677,6820504,17380,227219,226330,4518263,138834,5026661,246556,9544924,
All CA and Non-CA Counties,2021-03-18,334726,14543811,173751,7335113,145057,6965561,15918,243137,199987,4602520,133969,5160630,218226,9763150,
All CA and Non-CA Counties,2021-03-19,345574,14889385,183555,7518668,143956,7109517,18063,261200,203187,4684155,141708,5302338,223343,9986493,
All CA and Non-CA Counties,2021-03-20,223586,15112971,112502,7631170,99271,7208788,11813,273013,149040,4772356,74109,5376447,162310,10148803,
All CA and Non-CA Counties,2021-03-21,139657,15252628,95750,7726920,36537,7245325,7370,280383,91699,4825190,47755,5424202,100589,10249392,
All CA and Non-CA Counties,2021-03-22,267035,15519663,155828,7882748,100475,7345800,10732,291115,178735,4930258,87765,5511967,192833,10442225,
All CA and Non-CA Counties,2021-03-23,347531,15867194,191914,8074662,145389,7491189,10228,301343,228444,5053674,118364,5630331,241780,10684005,
All CA and Non-CA Counties,2021-03-24,376535,16243729,216366,8291028,148380,7639569,11789,313132,228203,5150394,147473,5777804,244193,10928198,
All CA and Non-CA Counties,2021-03-25,395964,16639693,216877,8507905,166058,7805627,13029,326161,233409,5242220,161555,5939359,253381,11181579,
All CA and Non-CA Counties,2021-03-26,409284,17048977,216458,8724363,178355,7983982,14471,340632,231017,5319841,177357,6116716,254978,11436557,
All CA and Non-CA Counties,2021-03-27,290361,17339338,152774,8877137,127269,8111251,10318,350950,148897,5345329,140868,6257584,166356,11602913,
All CA and Non-CA Counties,2021-03-28,161536,17500874,103262,8980399,55643,8166894,2631,353581,88911,5367009,72384,6329968,94064,11696977,
All CA and Non-CA Counties,2021-03-29,288796,17789670,157173,9137572,123848,8290742,7775,361356,168682,5427901,119596,6449564,180488,11877465,
All CA and Non-CA Counties,2021-03-30,233933,18023603,126898,9264470,97509,8388251,9526,370882,149301,5504092,84330,6533894,160521,12037986,
Outside California,2020-12-15,7,7,7,7,0,0,0,0,7,7,0,0,7,7,Not in California
Outside California,2020-12-16,133,140,133,140,0,0,0,0,133,140,0,0,133,140,Not in California
Outside California,2020-12-17,1532,1672,1532,1672,0,0,0,0,1532,1672,0,0,1532,1672,Not in California
Outside California,2020-12-18,2397,4069,2393,4065,4,4,0,0,2396,4068,0,0,2396,4068,Not in California
Outside California,2020-12-19,1006,5075,1005,5070,1,5,0,0,1006,5074,0,0,1006,5074,Not in California
Outside California,2020-12-20,650,5725,649,5719,1,6,0,0,650,5724,0,0,650,5724,Not in California
Outside California,2020-12-21,2096,7821,2096,7815,0,6,0,0,2095,7819,0,0,2095,7819,Not in California
Outside California,2020-12-22,1958,9779,1925,9740,33,39,0,0,1958,9777,0,0,1958,9777,Not in California
Outside California,2020-12-23,1426,11205,1313,11053,113,152,0,0,1426,11203,0,0,1426,11203,Not in California
Outside California,2020-12-24,809,12014,615,11668,194,346,0,0,809,12012,0,0,809,12012,Not in California
Outside California,2020-12-25,33,12047,29,11697,4,350,0,0,33,12045,0,0,33,12045,Not in California
Outside California,2020-12-26,309,12356,204,11901,105,455,0,0,309,12354,0,0,309,12354,Not in California
Outside California,2020-12-27,190,12546,72,11973,118,573,0,0,190,12544,0,0,190,12544,Not in California
Outside California,2020-12-28,1400,13946,883,12856,517,1090,0,0,1400,13944,0,0,1400,13944,Not in California
Outside California,2020-12-29,1462,15408,938,13794,524,1614,0,0,1462,15406,0,0,1462,15406,Not in California
Outside California,2020-12-30,1858,17266,1197,14991,661,2275,0,0,1859,17265,0,0,1859,17265,Not in California
Outside California,2020-12-31,1069,18335,590,15581,479,2754,0,0,1070,18335,0,0,1070,18335,Not in California
Outside California,2021-01-01,105,18440,21,15602,84,2838,0,0,105,18440,0,0,105,18440,Not in California
Outside California,2021-01-02,241,18681,136,15738,105,2943,0,0,240,18679,1,1,240,18680,Not in California
Outside California,2021-01-03,177,18858,97,15835,80,3023,0,0,177,18856,0,1,177,18857,Not in California
Outside California,2021-01-04,1128,19986,504,16339,624,3647,0,0,1122,19977,1,2,1122,19979,Not in California
Outside California,2021-01-05,1449,21435,761,17100,688,4335,0,0,1311,21152,136,138,1311,21290,Not in California
Outside California,2021-01-06,2571,24006,1533,18633,1038,5373,0,0,1895,22365,683,821,1896,23186,Not in California
Outside California,2021-01-07,4101,28107,2520,21153,1581,6954,0,0,2463,23201,1637,2458,2473,25659,Not in California
Outside California,2021-01-08,4287,32394,2710,23863,1577,8531,0,0,2540,24012,1737,4195,2548,28207,Not in California
Outside California,2021-01-09,1341,33735,542,24405,799,9330,0,0,1011,24697,328,4523,1013,29220,Not in California
Outside California,2021-01-10,294,34029,179,24584,115,9445,0,0,173,24749,121,4644,173,29393,Not in California
Outside California,2021-01-11,3248,37277,1955,26539,1293,10738,0,0,1931,25363,1318,5962,1932,31325,Not in California
Outside California,2021-01-12,3776,41053,2268,28807,1508,12246,0,0,2287,26168,1484,7446,2289,33614,Not in California
Outside California,2021-01-13,3506,44559,1751,30558,1755,14001,0,0,2382,27426,1129,8575,2387,36001,Not in California
Outside California,2021-01-14,3681,48240,1241,31799,2440,16441,0,0,3068,29888,611,9186,3073,39074,Not in California
Outside California,2021-01-15,4080,52320,935,32734,3145,19586,0,0,3635,33087,442,9628,3641,42715,Not in California
Outside California,2021-01-16,2420,54740,343,33077,2077,21663,0,0,2259,35188,158,9786,2259,44974,Not in California
Outside California,2021-01-17,454,55194,143,33220,311,21974,0,0,398,35531,55,9841,398,45372,Not in California
Outside California,2021-01-18,1084,56278,749,33969,335,22309,0,0,612,35673,471,10312,613,45985,Not in California
Outside California,2021-01-19,3992,60270,1288,35257,2704,25013,0,0,3148,37978,844,11156,3149,49134,Not in California
Outside California,2021-01-20,4310,64580,1331,36588,2979,27992,0,0,3443,40559,864,12020,3445,52579,Not in California
Outside California,2021-01-21,4004,68584,978,37566,3026,31018,0,0,3485,43543,504,12524,3488,56067,Not in California
Outside California,2021-01-22,4558,73142,1006,38572,3552,34570,0,0,4154,47300,399,12923,4156,60223,Not in California
Outside California,2021-01-23,2244,75386,324,38896,1920,36490,0,0,2075,49207,168,13091,2075,62298,Not in California
Outside California,2021-01-24,709,76095,338,39234,371,36861,0,0,626,49750,83,13174,626,62924,Not in California
Outside California,2021-01-25,4436,80531,1938,41172,2498,39359,0,0,3604,52517,844,14018,3611,66535,Not in California
Outside California,2021-01-26,6148,86679,3159,44331,2989,42348,0,0,5348,57057,819,14837,5359,71894,Not in California
Outside California,2021-01-27,4966,91645,2968,47299,1998,44346,0,0,4424,60920,563,15400,4426,76320,Not in California
Outside California,2021-01-28,5110,96755,2969,50268,2141,46487,0,0,4679,65152,447,15847,4679,80999,Not in California
Outside California,2021-01-29,4604,101359,2943,53211,1661,48148,0,0,3899,68342,709,16556,3899,84898,Not in California
Outside California,2021-01-30,4179,105538,2504,55715,1675,49823,0,0,3965,72092,215,16771,3965,88863,Not in California
Outside California,2021-01-31,3443,108981,3157,58872,286,50109,0,0,3366,75385,76,16847,3369,92232,Not in California
Outside California,2021-02-01,5807,114788,2920,61792,2887,52996,0,0,5166,79914,639,17486,5168,97400,Not in California
Outside California,2021-02-02,7269,122057,2725,64517,4544,57540,0,0,6572,85803,687,18173,6576,103976,Not in California
Outside California,2021-02-03,7886,129943,2790,67307,5096,62636,0,0,7083,92096,792,18965,7085,111061,Not in California
Outside California,2021-02-04,7163,137106,2723,70030,4440,67076,0,0,6228,97407,920,19885,6231,117292,Not in California
Outside California,2021-02-05,6577,143683,2159,72189,4418,71494,0,0,5591,102009,989,20874,5591,122883,Not in California
Outside California,2021-02-06,4336,148019,2188,74377,2148,73642,0,0,3910,105504,417,21291,3912,126795,Not in California
Outside California,2021-02-07,2859,150878,2409,76786,450,74092,0,0,2783,108214,76,21367,2786,129581,Not in California
Outside California,2021-02-08,5797,156675,3757,80543,2040,76132,0,0,4728,111894,1051,22418,4731,134312,Not in California
Outside California,2021-02-09,4757,161432,2287,82830,2470,78602,0,0,3456,114078,1286,23704,3470,137782,Not in California
Outside California,2021-02-10,5896,167328,2183,85013,3713,82315,0,0,3555,115349,2333,26037,3604,141386,Not in California
Outside California,2021-02-11,4776,172104,2070,87083,2706,85021,0,0,3625,117851,1142,27179,3644,145030,Not in California
Outside California,2021-02-12,4593,176697,1600,88683,2993,88014,0,0,2963,119201,1621,28800,2971,148001,Not in California
Outside California,2021-02-13,2245,178942,626,89309,1619,89633,0,0,1789,120554,447,29247,1800,149801,Not in California
Outside California,2021-02-14,1456,180398,464,89773,992,90625,0,0,1180,121498,272,29519,1216,151017,Not in California
Outside California,2021-02-15,2508,182906,1554,91327,954,91579,0,0,1154,121352,1337,30856,1191,152208,Not in California
Outside California,2021-02-16,6298,189204,2849,94176,3449,95028,0,0,2509,120094,3782,34638,2524,154732,Not in California
Outside California,2021-02-17,5777,194981,2856,97032,2921,97949,0,0,1747,117825,4022,38660,1753,156485,Not in California
Outside California,2021-02-18,6034,201015,3508,100540,2526,100475,0,0,1798,115407,4223,42883,1805,158290,Not in California
Outside California,2021-02-19,5120,206135,3498,104038,1622,102097,0,0,1900,114094,3217,46100,1904,160194,Not in California
Outside California,2021-02-20,3184,209319,2676,106714,508,102605,0,0,1135,113184,2047,48147,1137,161331,Not in California
Outside California,2021-02-21,1788,211107,1581,108295,207,102812,0,0,603,112605,1182,49329,603,161934,Not in California
Outside California,2021-02-22,2728,213835,1909,110204,819,103631,0,0,976,111836,1752,51081,983,162917,Not in California
Outside California,2021-02-23,5056,218891,2508,112712,2548,106179,0,0,1567,109928,3485,54566,1577,164494,Not in California
Outside California,2021-02-24,5315,224206,2631,115343,2684,108863,0,0,1563,107751,3746,58312,1569,166063,Not in California
Outside California,2021-02-25,5776,229982,2536,117879,3240,112103,0,0,2106,106216,3651,61963,2116,168179,Not in California
Outside California,2021-02-26,6077,236059,3065,120944,3012,115115,0,0,2546,105315,3452,65415,2551,170730,Not in California
Outside California,2021-02-27,4581,240640,2293,123237,2287,117402,1,1,1279,103311,3287,68702,1283,172013,Not in California
Outside California,2021-02-28,2694,243334,2061,125298,633,118035,0,1,1068,102756,1625,70327,1070,173083,Not in California
Outside California,2021-03-01,4589,247923,3045,128343,1544,119579,0,1,1223,100635,3356,73683,1235,174318,Not in California
Outside California,2021-03-02,6115,254038,2056,130399,4059,123638,0,1,1779,98176,4329,78012,1870,176188,Not in California
Outside California,2021-03-03,6889,260927,2318,132717,4570,128208,1,2,1828,94960,5054,83066,1838,178026,Not in California
Outside California,2021-03-04,6215,267142,2440,135157,3774,131982,1,3,2031,92847,4165,87231,2052,180078,Not in California
Outside California,2021-03-05,4314,271456,1876,137033,2422,134404,16,19,2139,92844,2172,89403,2169,182247,Not in California
Outside California,2021-03-06,4115,275571,1792,138825,2190,136594,133,152,2016,92977,2095,91498,2228,184475,Not in California
Outside California,2021-03-07,1603,277174,1028,139853,523,137117,52,204,980,93411,623,92121,1057,185532,Not in California
Outside California,2021-03-08,2708,279882,1624,141477,873,137990,211,415,1985,94915,694,92815,2198,187730,Not in California
Outside California,2021-03-09,3684,283566,1561,143038,1839,139829,284,699,2075,95691,1605,94420,2381,190111,Not in California
Outside California,2021-03-10,3756,287322,1579,144617,1700,141529,477,1176,2167,96807,1582,96002,2698,192809,Not in California
Outside California,2021-03-11,5595,292917,2655,147272,2243,143772,697,1873,2899,97749,2695,98697,3637,196446,Not in California
Outside California,2021-03-12,5166,298083,2735,150007,1662,145434,769,2642,2831,99118,2329,101026,3698,200144,Not in California
Outside California,2021-03-13,3084,301167,1723,151730,825,146259,536,3178,2018,100615,1062,102088,2559,202703,Not in California
Outside California,2021-03-14,1762,302929,963,152693,452,146711,347,3525,1104,101418,658,102746,1461,204164,Not in California
Outside California,2021-03-15,3659,306588,1617,154310,1630,148341,412,3937,2249,102729,1404,104150,2715,206879,Not in California
Outside California,2021-03-16,6529,313117,3186,157496,2945,151286,398,4335,3851,104346,2675,106825,4292,211171,Not in California
Outside California,2021-03-17,6838,319955,3671,161167,2741,154027,426,4761,4192,106340,2642,109467,4636,215807,Not in California
Outside California,2021-03-18,6434,326389,3478,164645,2426,156453,530,5291,4036,108570,2389,111856,4619,220426,Not in California
Outside California,2021-03-19,5917,332306,3289,167934,2088,158541,540,5831,3745,110773,2167,114023,4370,224796,Not in California
Outside California,2021-03-20,3322,335628,2134,170068,1085,159626,103,5934,2741,113048,572,114595,2847,227643,Not in California
Outside California,2021-03-21,1830,337458,1261,171329,470,160096,99,6033,1415,114151,414,115009,1517,229160,Not in California
Outside California,2021-03-22,3113,340571,1724,173053,1278,161374,111,6144,2090,115336,1018,116027,2203,231363,Not in California
Outside California,2021-03-23,6118,346689,3021,176074,2833,164207,264,6408,4344,118187,1762,117789,4613,235976,Not in California
Outside California,2021-03-24,6975,353664,3346,179420,3190,167397,439,6847,5340,122349,1623,119412,5785,241761,Not in California
Outside California,2021-03-25,7839,361503,3372,182792,3929,171326,538,7385,5949,126976,1876,121288,6503,248264,Not in California
Outside California,2021-03-26,6505,368008,3367,186159,2937,174263,201,7586,4624,129966,1863,123151,4853,253117,Not in California
Outside California,2021-03-27,4537,372545,2628,188787,1844,176107,65,7651,3130,131791,1399,124550,3224,256341,Not in California
Outside California,2021-03-28,2600,375145,1347,190134,1186,177293,67,7718,1675,132625,919,125469,1753,258094,Not in California
Outside California,2021-03-29,4581,379726,2032,192166,2276,179569,273,7991,2904,134152,1673,127142,3200,261294,Not in California
Outside California,2021-03-30,3734,383460,1709,193875,1648,181217,377,8368,2555,136011,1170,128312,3029,264323,Not in California
Unknown,2020-12-17,37,37,37,37,0,0,0,0,1,1,0,0,1,1,Not in California
Unknown,2020-12-18,52,89,52,89,0,0,0,0,2,3,0,0,2,3,Not in California
Unknown,2020-12-21,41,130,41,130,0,0,0,0,0,3,0,0,0,3,Not in California
Unknown,2020-12-26,1,131,1,131,0,0,0,0,1,4,0,0,1,4,Not in California
Unknown,2020-12-28,3,134,3,134,0,0,0,0,3,7,0,0,3,7,Not in California
Unknown,2020-12-29,3,137,3,137,0,0,0,0,3,10,0,0,3,10,Not in California
Unknown,2020-12-30,55,192,55,192,0,0,0,0,55,65,0,0,55,65,Not in California
Unknown,2020-12-31,2,194,0,192,2,2,0,0,0,65,0,0,0,65,Not in California
Unknown,2021-01-02,2,196,0,192,2,4,0,0,2,67,0,0,2,67,Not in California
Unknown,2021-01-03,1,197,0,192,1,5,0,0,1,68,0,0,1,68,Not in California
Unknown,2021-01-04,3,200,2,194,1,6,0,0,3,71,0,0,3,71,Not in California
Unknown,2021-01-05,4,204,0,194,4,10,0,0,4,75,0,0,4,75,Not in California
Unknown,2021-01-06,7,211,3,197,4,14,0,0,7,82,0,0,7,82,Not in California
Unknown,2021-01-07,70,281,68,265,2,16,0,0,70,152,0,0,70,152,Not in California
Unknown,2021-01-09,4,285,2,267,2,18,0,0,5,157,0,0,5,157,Not in California
Unknown,2021-01-10,1,286,0,267,1,19,0,0,1,158,0,0,1,158,Not in California
Unknown,2021-01-11,19,305,19,286,0,19,0,0,18,176,0,0,18,176,Not in California
Unknown,2021-01-12,9,314,8,294,1,20,0,0,7,183,1,1,8,184,Not in California
Unknown,2021-01-13,11,325,11,305,0,20,0,0,12,195,0,1,12,196,Not in California
Unknown,2021-01-14,2,327,2,307,0,20,0,0,2,197,0,1,2,198,Not in California
Unknown,2021-01-15,4,331,3,310,1,21,0,0,5,202,0,1,5,203,Not in California
Unknown,2021-01-16,8,339,8,318,0,21,0,0,7,208,1,2,7,210,Not in California
Unknown,2021-01-17,3,342,3,321,0,21,0,0,3,211,0,2,3,213,Not in California
Unknown,2021-01-18,58,400,58,379,0,21,0,0,56,265,2,4,56,269,Not in California
Unknown,2021-01-19,25,425,25,404,0,21,0,0,23,287,1,5,23,292,Not in California
Unknown,2021-01-20,80,505,80,484,0,21,0,0,28,263,52,57,28,320,Not in California
Unknown,2021-01-21,61,566,58,542,3,24,0,0,63,326,0,57,63,383,Not in California
Unknown,2021-01-22,43,609,37,579,6,30,0,0,42,368,0,57,42,425,Not in California
Unknown,2021-01-23,13,622,7,586,6,36,0,0,13,381,0,57,13,438,Not in California
Unknown,2021-01-24,2,624,2,588,0,36,0,0,3,384,0,57,3,441,Not in California
Unknown,2021-01-25,20,644,18,606,2,38,0,0,18,400,2,59,18,459,Not in California
Unknown,2021-01-26,96,740,96,702,0,38,0,0,98,498,1,60,99,558,Not in California
Unknown,2021-01-27,19,759,19,721,0,38,0,0,18,515,1,61,18,576,Not in California
Unknown,2021-01-28,166,925,163,884,3,41,0,0,111,566,60,121,111,687,Not in California
Unknown,2021-01-29,163,1088,162,1046,1,42,0,0,167,731,2,123,167,854,Not in California
Unknown,2021-01-30,13,1101,9,1055,4,46,0,0,15,744,2,125,15,869,Not in California
Unknown,2021-01-31,20,1121,19,1074,1,47,0,0,19,761,2,127,19,888,Not in California
Unknown,2021-02-01,37,1158,36,1110,1,48,0,0,22,766,17,144,22,910,Not in California
Unknown,2021-02-02,75,1233,74,1184,1,49,0,0,68,828,6,150,68,978,Not in California
Unknown,2021-02-03,54,1287,51,1235,3,52,0,0,43,859,12,162,43,1021,Not in California
Unknown,2021-02-04,69,1356,62,1297,7,59,0,0,66,918,7,169,66,1087,Not in California
Unknown,2021-02-05,15,1371,9,1306,6,65,0,0,14,926,6,175,14,1101,Not in California
Unknown,2021-02-06,18,1389,14,1320,4,69,0,0,15,935,6,181,15,1116,Not in California
Unknown,2021-02-07,12,1401,10,1330,2,71,0,0,8,939,4,185,8,1124,Not in California
Unknown,2021-02-08,60,1461,57,1387,3,74,0,0,20,916,43,228,20,1144,Not in California
Unknown,2021-02-09,21,1482,20,1407,1,75,0,0,5,905,16,244,5,1149,Not in California
Unknown,2021-02-10,39,1521,34,1441,5,80,0,0,13,892,26,270,13,1162,Not in California
Unknown,2021-02-11,100,1621,97,1538,3,83,0,0,50,890,52,322,50,1212,Not in California
Unknown,2021-02-12,50,1671,40,1578,10,93,0,0,21,877,34,356,21,1233,Not in California
Unknown,2021-02-13,12,1683,4,1582,8,101,0,0,15,891,1,357,15,1248,Not in California
Unknown,2021-02-14,8,1691,1,1583,7,108,0,0,6,896,1,358,6,1254,Not in California
Unknown,2021-02-15,46,1737,39,1622,7,115,0,0,33,917,12,370,33,1287,Not in California
Unknown,2021-02-16,118,1855,109,1731,9,124,0,0,43,885,75,445,43,1330,Not in California
Unknown,2021-02-17,13,1868,11,1742,2,126,0,0,8,888,5,450,8,1338,Not in California
Unknown,2021-02-18,118,1986,112,1854,6,132,0,0,24,819,93,543,24,1362,Not in California
Unknown,2021-02-19,216,2202,211,2065,5,137,0,0,67,734,152,695,67,1429,Not in California
Unknown,2021-02-20,17,2219,6,2071,11,148,0,0,11,741,4,699,11,1440,Not in California
Unknown,2021-02-21,20,2239,20,2091,0,148,0,0,9,737,13,712,9,1449,Not in California
Unknown,2021-02-22,10,2249,10,2101,0,148,0,0,8,742,3,715,8,1457,Not in California
Unknown,2021-02-23,71,2320,59,2160,12,160,0,0,21,712,51,766,21,1478,Not in California
Unknown,2021-02-24,55,2375,47,2207,8,168,0,0,26,706,32,798,26,1504,Not in California
Unknown,2021-02-25,83,2458,69,2276,14,182,0,0,32,687,51,849,32,1536,Not in California
Unknown,2021-02-26,44,2502,23,2299,21,203,0,0,32,706,13,862,32,1568,Not in California
Unknown,2021-02-27,26,2528,13,2312,13,216,0,0,20,718,8,870,20,1588,Not in California
Unknown,2021-02-28,39,2567,22,2334,17,233,0,0,32,747,4,874,33,1621,Not in California
Unknown,2021-03-01,53,2620,33,2367,20,253,0,0,34,762,19,893,34,1655,Not in California
Unknown,2021-03-02,21,2641,6,2373,15,268,0,0,15,771,6,899,15,1670,Not in California
Unknown,2021-03-03,19,2660,10,2383,9,277,0,0,24,792,3,902,24,1694,Not in California
Unknown,2021-03-04,57,2717,54,2437,3,280,0,0,25,785,32,934,25,1719,Not in California
Unknown,2021-03-05,179,2896,62,2499,117,397,0,0,175,953,7,941,175,1894,Not in California
Unknown,2021-03-06,203,3099,44,2543,120,517,39,39,154,1098,49,990,194,2088,Not in California
Unknown,2021-03-07,73,3172,31,2574,28,545,14,53,56,1151,17,1007,70,2158,Not in California
Unknown,2021-03-08,226,3398,97,2671,80,625,49,102,151,1273,77,1084,199,2357,Not in California
Unknown,2021-03-09,179,3577,115,2786,9,634,55,157,88,1327,89,1173,143,2500,Not in California
Unknown,2021-03-10,175,3752,118,2904,4,638,53,210,115,1436,60,1233,169,2669,Not in California
Unknown,2021-03-11,153,3905,76,2980,12,650,65,275,79,1507,73,1306,144,2813,Not in California
Unknown,2021-03-12,119,4024,66,3046,23,673,30,305,51,1522,68,1374,83,2896,Not in California
Unknown,2021-03-13,106,4130,31,3077,23,696,52,357,45,1559,60,1434,97,2993,Not in California
Unknown,2021-03-14,120,4250,60,3137,35,731,25,382,82,1628,38,1472,107,3100,Not in California
Unknown,2021-03-15,264,4514,153,3290,91,822,20,402,226,1836,38,1510,246,3346,Not in California
Unknown,2021-03-16,310,4824,198,3488,108,930,4,406,280,2090,30,1540,284,3630,Not in California
Unknown,2021-03-17,251,5075,155,3643,93,1023,3,409,238,2318,13,1553,241,3871,Not in California
Unknown,2021-03-18,178,5253,77,3720,99,1122,2,411,163,2469,14,1567,165,4036,Not in California
Unknown,2021-03-19,150,5403,86,3806,63,1185,1,412,143,2607,6,1573,144,4180,Not in California
Unknown,2021-03-20,152,5555,76,3882,76,1261,0,412,137,2730,14,1587,137,4317,Not in California
Unknown,2021-03-21,170,5725,94,3976,64,1325,12,424,152,2876,18,1605,164,4481,Not in California
Unknown,2021-03-22,232,5957,145,4121,80,1405,7,431,207,3068,25,1630,217,4698,Not in California
Unknown,2021-03-23,226,6183,152,4273,73,1478,1,432,215,3273,11,1641,216,4914,Not in California
Unknown,2021-03-24,286,6469,185,4458,98,1576,3,435,265,3520,21,1662,268,5182,Not in California
Unknown,2021-03-25,300,6769,177,4635,116,1692,7,442,278,3784,22,1684,286,5468,Not in California
Unknown,2021-03-26,321,7090,191,4826,124,1816,6,448,262,3994,58,1742,268,5736,Not in California
Unknown,2021-03-27,271,7361,144,4970,124,1940,3,451,230,4188,41,1783,235,5971,Not in California
Unknown,2021-03-28,321,7682,196,5166,120,2060,5,456,279,4431,41,1824,284,6255,Not in California
Unknown,2021-03-29,396,8078,245,5411,147,2207,4,460,327,4698,69,1893,336,6591,Not in California
Unknown,2021-03-30,1,8079,1,5412,0,2207,0,460,0,4697,1,1894,0,6591,Not in California
Alameda,2020-12-15,36,36,36,36,0,0,0,0,36,36,0,0,36,36,California
Alameda,2020-12-16,201,237,201,237,0,0,0,0,201,237,0,0,201,237,California
Alameda,2020-12-17,445,682,445,682,0,0,0,0,445,682,0,0,445,682,California
Alameda,2020-12-18,1792,2474,1791,2473,1,1,0,0,1792,2474,0,0,1792,2474,California
Alameda,2020-12-19,1462,3936,1462,3935,0,1,0,0,1463,3937,0,0,1463,3937,California
Alameda,2020-12-20,1179,5115,1178,5113,1,2,0,0,1178,5114,1,1,1178,5115,California
Alameda,2020-12-21,1846,6961,1845,6958,1,3,0,0,1845,6959,0,1,1845,6960,California
Alameda,2020-12-22,2082,9043,2031,8989,51,54,0,0,2082,9041,0,1,2082,9042,California
Alameda,2020-12-23,1895,10938,1639,10628,256,310,0,0,1895,10936,0,1,1895,10937,California
Alameda,2020-12-24,1213,12151,757,11385,456,766,0,0,1213,12149,0,1,1213,12150,California
Alameda,2020-12-25,160,12311,124,11509,36,802,0,0,160,12309,0,1,160,12310,California
Alameda,2020-12-26,853,13164,312,11821,541,1343,0,0,853,13162,0,1,853,13163,California
Alameda,2020-12-27,499,13663,256,12077,243,1586,0,0,499,13661,0,1,499,13662,California
Alameda,2020-12-28,1855,15518,929,13006,926,2512,0,0,1855,15516,0,1,1855,15517,California
Alameda,2020-12-29,2421,17939,1022,14028,1399,3911,0,0,2420,17936,0,1,2420,17937,California
Alameda,2020-12-30,3102,21041,1338,15366,1764,5675,0,0,3102,21038,0,1,3102,21039,California
Alameda,2020-12-31,1781,22822,436,15802,1345,7020,0,0,1781,22819,0,1,1781,22820,California
Alameda,2021-01-01,167,22989,68,15870,99,7119,0,0,167,22986,0,1,167,22987,California
Alameda,2021-01-02,713,23702,518,16388,195,7314,0,0,712,23698,0,1,712,23699,California
Alameda,2021-01-03,339,24041,218,16606,121,7435,0,0,336,24031,3,4,336,24035,California
Alameda,2021-01-04,1644,25685,942,17548,702,8137,0,0,1632,25652,11,15,1632,25667,California
Alameda,2021-01-05,2192,27877,1257,18805,935,9072,0,0,1954,27370,236,251,1954,27621,California
Alameda,2021-01-06,3245,31122,1782,20587,1463,10535,0,0,2415,28958,828,1079,2416,30037,California
Alameda,2021-01-07,3751,34873,2110,22697,1641,12176,0,0,2629,30481,1113,2192,2636,32673,California
Alameda,2021-01-08,4731,39604,2702,25399,2029,14205,0,0,3099,31956,1627,3819,3102,35775,California
Alameda,2021-01-09,2032,41636,1390,26789,642,14847,0,0,1174,32272,859,4678,1175,36950,California
Alameda,2021-01-10,1033,42669,815,27604,218,15065,0,0,422,32082,612,5290,422,37372,California
Alameda,2021-01-11,4463,47132,3332,30936,1131,16196,0,0,2779,33183,1684,6974,2785,40157,California
Alameda,2021-01-12,4751,51883,3188,34124,1563,17759,0,0,3391,35218,1360,8334,3395,43552,California
Alameda,2021-01-13,5003,56886,2647,36771,2356,20115,0,0,3830,37885,1169,9503,3836,47388,California
Alameda,2021-01-14,5588,62474,2724,39495,2864,22979,0,0,4716,41741,863,10366,4719,52107,California
Alameda,2021-01-15,5812,68286,2407,41902,3405,26384,0,0,4997,45934,808,11174,5001,57108,California
Alameda,2021-01-16,3119,71405,1477,43379,1642,28026,0,0,2814,48443,305,11479,2814,59922,California
Alameda,2021-01-17,1870,73275,1076,44455,794,28820,0,0,1664,49901,206,11685,1664,61586,California
Alameda,2021-01-18,3234,76509,2090,46545,1144,29964,0,0,2616,51908,614,12299,2621,64207,California
Alameda,2021-01-19,5509,82018,3337,49882,2172,32136,0,0,4319,55046,1188,13487,4326,68533,California
Alameda,2021-01-20,6590,88608,4023,53905,2567,34703,0,0,5300,59072,1278,14765,5304,73837,California
Alameda,2021-01-21,7671,96279,3373,57278,4298,39001,0,0,6860,65129,805,15570,6862,80699,California
Alameda,2021-01-22,6900,103179,2046,59324,4854,43855,0,0,5741,69720,1152,16722,5743,86442,California
Alameda,2021-01-23,3268,106447,939,60263,2329,46184,0,0,2718,71891,549,17271,2720,89162,California
Alameda,2021-01-24,2079,108526,678,60941,1401,47585,0,0,1784,73384,291,17562,1784,90946,California
Alameda,2021-01-25,5160,113686,1959,62900,3201,50786,0,0,3606,75448,1548,19110,3612,94558,California
Alameda,2021-01-26,7209,120895,2271,65171,4938,55724,0,0,5345,78939,1854,20964,5345,99903,California
Alameda,2021-01-27,6639,127534,2051,67222,4588,60312,0,0,4816,81942,1813,22777,4816,104719,California
Alameda,2021-01-28,7814,135348,2493,69715,5321,65633,0,0,5614,85375,2182,24959,5615,110334,California
Alameda,2021-01-29,7811,143159,3100,72815,4711,70344,0,0,6046,89667,1754,26713,6046,116380,California
Alameda,2021-01-30,3239,146398,1501,74316,1738,72082,0,0,2699,91830,537,27250,2700,119080,California
Alameda,2021-01-31,2138,148536,1196,75512,942,73024,0,0,1665,93039,457,27707,1666,120746,California
Alameda,2021-02-01,5911,154447,3331,78843,2580,75604,0,0,4293,95722,1611,29318,4294,125040,California
Alameda,2021-02-02,7415,161862,4220,83063,3195,78799,0,0,4644,97603,2763,32081,4644,129684,California
Alameda,2021-02-03,7056,168918,3732,86795,3324,82123,0,0,4387,99328,2665,34746,4390,134074,California
Alameda,2021-02-04,9450,178368,4123,90918,5327,87450,0,0,6426,102749,3008,37754,6429,140503,California
Alameda,2021-02-05,10306,188674,5378,96296,4928,92378,0,0,6452,105359,3846,41600,6456,146959,California
Alameda,2021-02-06,7002,195676,4429,100725,2573,94951,0,0,5885,110126,1119,42719,5886,152845,California
Alameda,2021-02-07,3574,199250,2887,103612,687,95638,0,0,2645,111846,926,43645,2646,155491,California
Alameda,2021-02-08,8072,207322,5770,109382,2302,97940,0,0,5542,114870,2519,46164,5543,161034,California
Alameda,2021-02-09,9671,216993,5845,115227,3826,101766,0,0,6041,117288,3624,49788,6042,167076,California
Alameda,2021-02-10,11417,228410,6769,121996,4648,106414,0,0,6614,119121,4787,54575,6620,173696,California
Alameda,2021-02-11,13811,242221,7875,129871,5936,112350,0,0,8373,122073,5425,60000,8377,182073,California
Alameda,2021-02-12,12447,254668,5661,135532,6786,119136,0,0,7704,125044,4734,64734,7705,189778,California
Alameda,2021-02-13,7779,262447,4045,139577,3734,122870,0,0,5828,128926,1949,66683,5831,195609,California
Alameda,2021-02-14,4029,266476,2540,142117,1489,124359,0,0,2871,130644,1155,67838,2873,198482,California
Alameda,2021-02-15,5679,272155,3212,145329,2467,126826,0,0,3686,132340,1991,69829,3687,202169,California
Alameda,2021-02-16,12447,284602,6905,152234,5542,132368,0,0,9282,138468,3157,72986,9285,211454,California
Alameda,2021-02-17,14033,298635,8296,160530,5737,138105,0,0,10436,145324,3581,76567,10437,221891,California
Alameda,2021-02-18,15728,314363,9971,170501,5757,143862,0,0,11436,152472,4289,80856,11437,233328,California
Alameda,2021-02-19,17434,331797,11326,181827,6108,149970,0,0,11597,158245,5824,86680,11597,244925,California
Alameda,2021-02-20,11743,343540,9502,191329,2241,152211,0,0,9053,164612,2688,89368,9055,253980,California
Alameda,2021-02-21,6105,349645,5179,196508,926,153137,0,0,3675,165864,2423,91791,3675,257655,California
Alameda,2021-02-22,10608,360253,7826,204334,2782,155919,0,0,6721,168723,3872,95663,6731,264386,California
Alameda,2021-02-23,12649,372902,7673,212007,4976,160895,0,0,7877,171841,4766,100429,7884,272270,California
Alameda,2021-02-24,14534,387436,8143,220150,6391,167286,0,0,9444,176222,5069,105498,9450,281720,California
Alameda,2021-02-25,15462,402898,9053,229203,6409,173695,0,0,9827,180454,5606,111104,9838,291558,California
Alameda,2021-02-26,17972,420870,10571,239774,7401,181096,0,0,11633,185795,6297,117401,11638,303196,California
Alameda,2021-02-27,14614,435484,10747,250521,3867,184963,0,0,9060,189325,5533,122934,9063,312259,California
Alameda,2021-02-28,9127,444611,7699,258220,1428,186391,0,0,6076,192370,3033,125967,6078,318337,California
Alameda,2021-03-01,13131,457742,9135,267355,3996,190387,0,0,8153,195585,4941,130908,8156,326493,California
Alameda,2021-03-02,13565,471307,9461,276816,4104,194491,0,0,8737,199518,4812,135720,8745,335238,California
Alameda,2021-03-03,13951,485258,9075,285891,4876,199367,0,0,9424,204442,4501,140221,9425,344663,California
Alameda,2021-03-04,15415,500673,9679,295570,5736,205103,0,0,9501,208074,5881,146102,9513,354176,California
Alameda,2021-03-05,13959,514632,8746,304316,5209,210312,4,4,9374,212910,4551,150653,9387,363563,California
Alameda,2021-03-06,13350,527982,9623,313939,3476,213788,251,255,8816,217490,4499,155152,9079,372642,California
Alameda,2021-03-07,9275,537257,8059,321998,1139,214927,77,332,6573,221462,2680,157832,6652,379294,California
Alameda,2021-03-08,11350,548607,7035,329033,4016,218943,299,631,8555,227576,2749,160581,8863,388157,California
Alameda,2021-03-09,11080,559687,6764,335797,3883,222826,433,1064,6229,229423,4821,165402,6668,394825,California
Alameda,2021-03-10,16124,575811,10949,346746,4647,227473,528,1592,7262,228368,8845,174247,7790,402615,California
Alameda,2021-03-11,18927,594738,10967,357713,6501,233974,1459,3051,6503,223935,12400,186647,7967,410582,California
Alameda,2021-03-12,18897,613635,11104,368817,6526,240500,1267,4318,6643,219619,12234,198881,7918,418500,California
Alameda,2021-03-13,13722,627357,8780,377597,4000,244500,942,5260,4532,215938,9157,208038,5476,423976,California
Alameda,2021-03-14,10153,637510,7619,385216,1757,246257,777,6037,4512,215594,5629,213667,5285,429261,California
Alameda,2021-03-15,14374,651884,9329,394545,4520,250777,525,6562,6482,214735,7865,221532,7006,436267,California
Alameda,2021-03-16,17248,669132,11119,405664,5582,256359,547,7109,7706,213505,9487,231019,8257,444524,California
Alameda,2021-03-17,17000,686132,9632,415296,6708,263067,660,7769,8007,213209,8968,239987,8672,453196,California
Alameda,2021-03-18,15796,701928,8665,423961,6332,269399,799,8568,7103,212446,8671,248658,7908,461104,California
Alameda,2021-03-19,16427,718355,9038,432999,5994,275393,1395,9963,6602,210661,9792,258450,8007,469111,California
Alameda,2021-03-20,10819,729174,7209,440208,2954,278347,656,10619,4673,209867,6126,264576,5332,474443,California
Alameda,2021-03-21,8770,737944,6795,447003,1440,279787,535,11154,3714,209069,5048,269624,4250,478693,California
Alameda,2021-03-22,15050,752994,10084,457087,3988,283775,978,12132,7405,209840,7625,277249,8396,487089,California
Alameda,2021-03-23,18952,771946,11470,468557,6700,290475,782,12914,10696,213124,8221,285470,11505,498594,California
Alameda,2021-03-24,18754,790700,11349,479906,6449,296924,956,13870,8631,212921,10073,295543,9870,508464,California
Alameda,2021-03-25,19953,810653,11129,491035,7577,304501,1247,15117,9521,214024,10379,305922,11482,519946,California
Alameda,2021-03-26,20431,831084,12169,503204,6778,311279,1484,16601,8822,213634,11573,317495,11183,531129,California
Alameda,2021-03-27,17868,848952,12052,515256,4881,316160,935,17536,7620,212397,10204,327699,8967,540096,California
Alameda,2021-03-28,10320,859272,8306,523562,1811,317971,203,17739,3743,209841,6565,334264,4009,544105,California
Alameda,2021-03-29,14474,873746,9222,532784,4348,322319,904,18643,6298,208986,8147,342411,7292,551397,California
Alameda,2021-03-30,14114,887860,7606,540390,5373,327692,1135,19778,8579,213223,5526,347937,9763,561160,California
Alpine,2020-12-18,2,2,2,2,0,0,0,0,2,2,0,0,2,2,California
Alpine,2020-12-19,2,4,2,4,0,0,0,0,2,4,0,0,2,4,California
Alpine,2020-12-21,2,6,2,6,0,0,0,0,2,6,0,0,2,6,California
Alpine,2020-12-30,15,21,0,6,15,15,0,0,15,21,0,0,15,21,California
Alpine,2020-12-31,1,22,0,6,1,16,0,0,1,22,0,0,1,22,California
Alpine,2021-01-01,1,23,0,6,1,17,0,0,1,23,0,0,1,23,California
Alpine,2021-01-02,1,24,1,7,0,17,0,0,1,24,0,0,1,24,California
Alpine,2021-01-04,10,34,0,7,10,27,0,0,10,34,0,0,10,34,California
Alpine,2021-01-05,9,43,1,8,8,35,0,0,9,43,0,0,9,43,California
Alpine,2021-01-06,31,74,0,8,31,66,0,0,31,74,0,0,31,74,California
Alpine,2021-01-07,8,82,0,8,8,74,0,0,8,82,0,0,8,82,California
Alpine,2021-01-08,4,86,2,10,2,76,0,0,2,82,2,2,2,84,California
Alpine,2021-01-09,2,88,2,12,0,76,0,0,0,80,2,4,0,84,California
Alpine,2021-01-11,32,120,1,13,31,107,0,0,31,110,1,5,31,115,California
Alpine,2021-01-13,35,155,0,13,35,142,0,0,35,145,0,5,35,150,California
Alpine,2021-01-14,2,157,0,13,2,144,0,0,2,147,0,5,2,152,California
Alpine,2021-01-15,1,158,0,13,1,145,0,0,1,148,0,5,1,153,California
Alpine,2021-01-20,21,179,0,13,21,166,0,0,21,169,0,5,21,174,California
Alpine,2021-01-21,3,182,0,13,3,169,0,0,3,172,0,5,3,177,California
Alpine,2021-01-22,32,214,0,13,32,201,0,0,32,204,0,5,32,209,California
Alpine,2021-01-23,1,215,1,14,0,201,0,0,0,203,1,6,0,209,California
Alpine,2021-01-25,16,231,0,14,16,217,0,0,16,219,0,6,16,225,California
Alpine,2021-01-27,1,232,1,15,0,217,0,0,0,218,1,7,0,225,California
Alpine,2021-01-28,12,244,0,15,12,229,0,0,11,228,1,8,11,236,California
Alpine,2021-01-29,1,245,0,15,1,230,0,0,1,229,0,8,1,237,California
Alpine,2021-02-01,25,270,0,15,25,255,0,0,6,216,19,27,6,243,California
Alpine,2021-02-03,34,304,0,15,34,289,0,0,10,202,24,51,10,253,California
Alpine,2021-02-04,9,313,0,15,9,298,0,0,4,201,5,56,4,257,California
Alpine,2021-02-05,31,344,0,15,31,329,0,0,12,194,19,75,12,269,California
Alpine,2021-02-06,1,345,1,16,0,329,0,0,1,195,0,75,1,270,California
Alpine,2021-02-07,1,346,1,17,0,329,0,0,1,196,0,75,1,271,California
Alpine,2021-02-08,32,378,0,17,32,361,0,0,4,172,28,103,4,275,California
Alpine,2021-02-10,34,412,0,17,34,395,0,0,0,138,34,137,0,275,California
Alpine,2021-02-11,8,420,0,17,8,403,0,0,5,140,3,140,5,280,California
Alpine,2021-02-12,1,421,0,17,1,404,0,0,0,139,1,141,0,280,California
Alpine,2021-02-17,24,445,1,18,23,427,0,0,4,123,20,161,4,284,California
Alpine,2021-02-18,4,449,0,18,4,431,0,0,1,121,3,164,1,285,California
Alpine,2021-02-19,34,483,1,19,33,464,0,0,2,91,32,196,2,287,California
Alpine,2021-02-22,28,511,0,19,28,492,0,0,9,81,19,215,9,296,California
Alpine,2021-02-25,17,528,1,20,16,508,0,0,6,76,11,226,6,302,California
Alpine,2021-02-26,29,557,1,21,28,536,0,0,28,103,1,227,28,330,California
Alpine,2021-03-01,33,590,0,21,33,569,0,0,24,118,9,236,24,354,California
Alpine,2021-03-02,1,591,1,22,0,569,0,0,0,117,1,237,0,354,California
Alpine,2021-03-03,30,621,1,23,29,598,0,0,18,123,12,249,18,372,California
Alpine,2021-03-04,13,634,1,24,12,610,0,0,12,134,1,250,12,384,California
Alpine,2021-03-05,30,664,0,24,30,640,0,0,22,148,8,258,22,406,California
Alpine,2021-03-08,28,692,0,24,28,668,0,0,26,172,2,260,26,432,California
Alpine,2021-03-09,1,693,0,24,1,669,0,0,1,173,0,260,1,433,California
Alpine,2021-03-10,76,769,1,25,75,744,0,0,75,247,1,261,75,508,California
Alpine,2021-03-11,37,806,0,25,37,781,0,0,32,275,4,265,32,540,California
Alpine,2021-03-12,22,828,0,25,22,803,0,0,19,291,3,268,19,559,California
Alpine,2021-03-15,20,848,0,25,20,823,0,0,19,309,1,269,19,578,California
Alpine,2021-03-17,22,870,0,25,21,844,1,1,18,324,4,273,19,597,California
Alpine,2021-03-18,38,908,1,26,37,881,0,1,36,358,2,275,36,633,California
Alpine,2021-03-19,3,911,2,28,1,882,0,1,2,359,1,276,2,635,California
Alpine,2021-03-22,25,936,0,28,25,907,0,1,15,364,10,286,15,650,California
Alpine,2021-03-24,19,955,0,28,19,926,0,1,9,363,10,296,9,659,California
Alpine,2021-03-25,39,994,1,29,37,963,1,2,32,389,7,303,33,692,California
Alpine,2021-03-29,18,1012,0,29,17,980,1,3,2,376,16,319,3,695,California
Amador,2020-12-16,2,2,2,2,0,0,0,0,2,2,0,0,2,2,California
Amador,2020-12-17,5,7,5,7,0,0,0,0,5,7,0,0,5,7,California
Amador,2020-12-18,44,51,44,51,0,0,0,0,44,51,0,0,44,51,California
Amador,2020-12-19,17,68,17,68,0,0,0,0,17,68,0,0,17,68,California
Amador,2020-12-20,4,72,4,72,0,0,0,0,4,72,0,0,4,72,California
Amador,2020-12-21,33,105,33,105,0,0,0,0,33,105,0,0,33,105,California
Amador,2020-12-22,35,140,34,139,1,1,0,0,35,140,0,0,35,140,California
Amador,2020-12-23,39,179,38,177,1,2,0,0,39,179,0,0,39,179,California
Amador,2020-12-24,5,184,3,180,2,4,0,0,5,184,0,0,5,184,California
Amador,2020-12-26,6,190,5,185,1,5,0,0,6,190,0,0,6,190,California
Amador,2020-12-27,1,191,0,185,1,6,0,0,1,191,0,0,1,191,California
Amador,2020-12-28,31,222,27,212,4,10,0,0,31,222,0,0,31,222,California
Amador,2020-12-29,26,248,19,231,7,17,0,0,26,248,0,0,26,248,California
Amador,2020-12-30,121,369,75,306,46,63,0,0,121,369,0,0,121,369,California
Amador,2020-12-31,192,561,167,473,25,88,0,0,192,561,0,0,192,561,California
Amador,2021-01-01,1,562,0,473,1,89,0,0,1,562,0,0,1,562,California
Amador,2021-01-02,56,618,56,529,0,89,0,0,56,618,0,0,56,618,California
Amador,2021-01-03,65,683,17,546,48,137,0,0,65,683,0,0,65,683,California
Amador,2021-01-04,125,808,1,547,124,261,0,0,124,806,1,1,124,807,California
Amador,2021-01-05,33,841,3,550,30,291,0,0,32,837,1,2,32,839,California
Amador,2021-01-06,38,879,10,560,28,319,0,0,34,867,4,6,34,873,California
Amador,2021-01-07,226,1105,68,628,158,477,0,0,214,1069,12,18,214,1087,California
Amador,2021-01-08,84,1189,70,698,14,491,0,0,40,1066,44,62,41,1128,California
Amador,2021-01-09,11,1200,11,709,0,491,0,0,2,1059,9,71,2,1130,California
Amador,2021-01-10,7,1207,5,714,2,493,0,0,3,1058,4,75,3,1133,California
Amador,2021-01-11,124,1331,44,758,80,573,0,0,89,1112,35,110,89,1222,California
Amador,2021-01-12,62,1393,48,806,14,587,0,0,39,1128,23,133,39,1261,California
Amador,2021-01-13,39,1432,25,831,14,601,0,0,26,1141,13,146,26,1287,California
Amador,2021-01-14,146,1578,20,851,126,727,0,0,136,1267,10,156,136,1423,California
Amador,2021-01-15,56,1634,23,874,33,760,0,0,49,1309,7,163,49,1472,California
Amador,2021-01-16,18,1652,12,886,6,766,0,0,12,1316,6,169,13,1485,California
Amador,2021-01-17,25,1677,5,891,20,786,0,0,25,1341,0,169,25,1510,California
Amador,2021-01-18,31,1708,27,918,4,790,0,0,9,1328,22,191,9,1519,California
Amador,2021-01-19,120,1828,96,1014,24,814,0,0,77,1362,43,234,77,1596,California
Amador,2021-01-20,181,2009,32,1046,149,963,0,0,166,1514,14,248,166,1762,California
Amador,2021-01-21,252,2261,221,1267,31,994,0,0,143,1548,109,357,143,1905,California
Amador,2021-01-22,133,2394,71,1338,62,1056,0,0,127,1669,6,363,127,2032,California
Amador,2021-01-23,52,2446,32,1370,20,1076,0,0,50,1717,2,365,50,2082,California
Amador,2021-01-24,28,2474,12,1382,16,1092,0,0,25,1739,3,368,25,2107,California
Amador,2021-01-25,56,2530,28,1410,28,1120,0,0,39,1761,17,385,39,2146,California
Amador,2021-01-26,241,2771,16,1426,225,1345,0,0,231,1982,10,395,231,2377,California
Amador,2021-01-27,296,3067,29,1455,267,1612,0,0,249,2187,45,440,250,2627,California
Amador,2021-01-28,343,3410,73,1528,270,1882,0,0,282,2409,61,501,283,2910,California
Amador,2021-01-29,95,3505,30,1558,65,1947,0,0,80,2474,15,516,80,2990,California
Amador,2021-01-30,166,3671,32,1590,134,2081,0,0,161,2630,5,521,161,3151,California
Amador,2021-01-31,32,3703,28,1618,4,2085,0,0,31,2660,1,522,31,3182,California
Amador,2021-02-01,62,3765,23,1641,39,2124,0,0,35,2668,27,549,35,3217,California
Amador,2021-02-02,216,3981,65,1706,151,2275,0,0,128,2711,85,634,128,3345,California
Amador,2021-02-03,140,4121,37,1743,103,2378,0,0,91,2754,48,682,91,3436,California
Amador,2021-02-04,247,4368,70,1813,177,2555,0,0,163,2835,84,766,165,3601,California
Amador,2021-02-05,326,4694,60,1873,266,2821,0,0,311,3131,15,781,311,3912,California
Amador,2021-02-06,101,4795,81,1954,20,2841,0,0,97,3224,4,785,97,4009,California
Amador,2021-02-07,38,4833,35,1989,3,2844,0,0,35,3256,3,788,35,4044,California
Amador,2021-02-08,91,4924,63,2052,28,2872,0,0,73,3311,18,806,73,4117,California
Amador,2021-02-09,171,5095,82,2134,89,2961,0,0,108,3356,63,869,108,4225,California
Amador,2021-02-10,717,5812,77,2211,640,3601,0,0,685,4009,32,901,685,4910,California
Amador,2021-02-11,307,6119,120,2331,187,3788,0,0,202,4107,104,1005,202,5112,California
Amador,2021-02-12,325,6444,118,2449,207,3995,0,0,252,4286,73,1078,252,5364,California
Amador,2021-02-13,163,6607,78,2527,85,4080,0,0,137,4397,26,1104,137,5501,California
Amador,2021-02-14,123,6730,54,2581,69,4149,0,0,106,4486,17,1121,106,5607,California
Amador,2021-02-15,183,6913,60,2641,123,4272,0,0,166,4636,16,1137,166,5773,California
Amador,2021-02-16,406,7319,50,2691,356,4628,0,0,367,4965,39,1176,368,6141,California
Amador,2021-02-17,263,7582,83,2774,180,4808,0,0,167,5036,96,1272,167,6308,California
Amador,2021-02-18,400,7982,99,2873,301,5109,0,0,339,5315,61,1333,340,6648,California
Amador,2021-02-19,190,8172,73,2946,117,5226,0,0,108,5342,82,1415,109,6757,California
Amador,2021-02-20,91,8263,27,2973,64,5290,0,0,63,5377,28,1443,63,6820,California
Amador,2021-02-21,46,8309,35,3008,11,5301,0,0,17,5365,29,1472,17,6837,California
Amador,2021-02-22,64,8373,25,3033,39,5340,0,0,33,5368,30,1502,33,6870,California
Amador,2021-02-23,315,8688,57,3090,258,5598,0,0,140,5336,175,1677,143,7013,California
Amador,2021-02-24,394,9082,53,3143,341,5939,0,0,266,5478,124,1801,266,7279,California
Amador,2021-02-25,509,9591,108,3251,401,6340,0,0,280,5531,227,2028,280,7559,California
Amador,2021-02-26,599,10190,75,3326,524,6864,0,0,501,5936,97,2125,502,8061,California
Amador,2021-02-27,286,10476,91,3417,195,7059,0,0,99,5854,186,2311,104,8165,California
Amador,2021-02-28,101,10577,52,3469,49,7108,0,0,56,5868,45,2356,59,8224,California
Amador,2021-03-01,191,10768,70,3539,121,7229,0,0,126,5930,65,2421,127,8351,California
Amador,2021-03-02,385,11153,62,3601,323,7552,0,0,333,6213,52,2473,335,8686,California
Amador,2021-03-03,236,11389,78,3679,158,7710,0,0,162,6302,74,2547,163,8849,California
Amador,2021-03-04,482,11871,114,3793,368,8078,0,0,380,6582,102,2649,382,9231,California
Amador,2021-03-05,488,12359,63,3856,425,8503,0,0,279,6655,208,2857,281,9512,California
Amador,2021-03-06,89,12448,39,3895,49,8552,1,1,48,6663,41,2898,49,9561,California
Amador,2021-03-07,61,12509,44,3939,17,8569,0,1,18,6638,43,2941,18,9579,California
Amador,2021-03-08,146,12655,71,4010,74,8643,1,2,85,6664,61,3002,87,9666,California
Amador,2021-03-09,379,13034,46,4056,333,8976,0,2,320,6928,56,3058,320,9986,California
Amador,2021-03-10,513,13547,77,4133,435,9411,1,3,244,6905,269,3327,246,10232,California
Amador,2021-03-11,475,14022,115,4248,351,9762,9,12,330,7105,142,3469,342,10574,California
Amador,2021-03-12,550,14572,67,4315,477,10239,6,18,310,7212,239,3708,346,10920,California
Amador,2021-03-13,84,14656,13,4328,64,10303,7,25,28,7213,56,3764,57,10977,California
Amador,2021-03-14,64,14720,20,4348,42,10345,2,27,21,7194,43,3807,24,11001,California
Amador,2021-03-15,186,14906,22,4370,151,10496,13,40,56,7137,130,3937,73,11074,California
Amador,2021-03-16,459,15365,57,4427,394,10890,8,48,194,7077,262,4199,202,11276,California
Amador,2021-03-17,187,15552,38,4465,146,11036,3,51,115,7125,72,4271,120,11396,California
Amador,2021-03-18,450,16002,85,4550,362,11398,3,54,235,7154,214,4485,243,11639,California
Amador,2021-03-19,531,16533,47,4597,468,11866,16,70,391,7427,138,4623,411,12050,California
Amador,2021-03-20,77,16610,37,4634,40,11906,0,70,30,7411,47,4670,31,12081,California
Amador,2021-03-21,45,16655,35,4669,9,11915,1,71,27,7424,17,4687,30,12111,California
Amador,2021-03-22,117,16772,35,4704,53,11968,29,100,49,7435,67,4754,78,12189,California
Amador,2021-03-23,438,17210,49,4753,381,12349,8,108,280,7567,156,4910,288,12477,California
Amador,2021-03-24,340,17550,33,4786,54,12403,253,361,34,7547,305,5215,285,12762,California
Amador,2021-03-25,602,18152,84,4870,513,12916,5,366,390,7736,209,5424,398,13160,California
Amador,2021-03-26,734,18886,38,4908,690,13606,6,372,287,7595,446,5870,305,13465,California
Amador,2021-03-27,84,18970,13,4921,70,13676,1,373,25,7565,58,5928,28,13493,California
Amador,2021-03-28,67,19037,14,4935,51,13727,2,375,11,7522,56,5984,13,13506,California
Amador,2021-03-29,146,19183,27,4962,118,13845,1,376,46,7478,96,6080,52,13558,California
Amador,2021-03-30,90,19273,20,4982,70,13915,0,376,53,7494,37,6117,53,13611,California
Butte,2020-12-16,3,3,3,3,0,0,0,0,3,3,0,0,3,3,California
Butte,2020-12-17,20,23,20,23,0,0,0,0,20,23,0,0,20,23,California
Butte,2020-12-18,50,73,50,73,0,0,0,0,50,73,0,0,50,73,California
Butte,2020-12-19,7,80,7,80,0,0,0,0,7,80,0,0,7,80,California
Butte,2020-12-20,10,90,10,90,0,0,0,0,10,90,0,0,10,90,California
Butte,2020-12-21,633,723,633,723,0,0,0,0,633,723,0,0,633,723,California
Butte,2020-12-22,618,1341,616,1339,2,2,0,0,618,1341,0,0,618,1341,California
Butte,2020-12-23,870,2211,854,2193,16,18,0,0,870,2211,0,0,870,2211,California
Butte,2020-12-24,160,2371,157,2350,3,21,0,0,160,2371,0,0,160,2371,California
Butte,2020-12-26,93,2464,91,2441,2,23,0,0,93,2464,0,0,93,2464,California
Butte,2020-12-27,35,2499,34,2475,1,24,0,0,35,2499,0,0,35,2499,California
Butte,2020-12-28,280,2779,274,2749,6,30,0,0,280,2779,0,0,280,2779,California
Butte,2020-12-29,204,2983,180,2929,24,54,0,0,204,2983,0,0,204,2983,California
Butte,2020-12-30,498,3481,289,3218,209,263,0,0,498,3481,0,0,498,3481,California
Butte,2020-12-31,210,3691,18,3236,192,455,0,0,210,3691,0,0,210,3691,California
Butte,2021-01-01,7,3698,1,3237,6,461,0,0,7,3698,0,0,7,3698,California
Butte,2021-01-02,37,3735,36,3273,1,462,0,0,37,3735,0,0,37,3735,California
Butte,2021-01-03,4,3739,1,3274,3,465,0,0,4,3739,0,0,4,3739,California
Butte,2021-01-04,206,3945,173,3447,33,498,0,0,206,3945,0,0,206,3945,California
Butte,2021-01-05,194,4139,151,3598,43,541,0,0,193,4137,1,1,193,4138,California
Butte,2021-01-06,623,4762,396,3994,227,768,0,0,619,4752,4,5,619,4757,California
Butte,2021-01-07,761,5523,369,4363,392,1160,0,0,742,5475,19,24,742,5499,California
Butte,2021-01-08,570,6093,529,4892,41,1201,0,0,524,5953,46,70,524,6023,California
Butte,2021-01-09,12,6105,7,4899,5,1206,0,0,7,5955,5,75,7,6030,California
Butte,2021-01-10,19,6124,5,4904,14,1220,0,0,14,5964,5,80,14,6044,California
Butte,2021-01-11,987,7111,951,5855,36,1256,0,0,358,5696,629,709,361,6405,California
Butte,2021-01-12,697,7808,652,6507,45,1301,0,0,274,5547,423,1132,274,6679,California
Butte,2021-01-13,1446,9254,955,7462,491,1792,0,0,611,5325,835,1967,613,7292,California
Butte,2021-01-14,1637,10891,898,8360,739,2531,0,0,1440,6569,196,2163,1440,8732,California
Butte,2021-01-15,1169,12060,926,9286,243,2774,0,0,1059,7517,111,2274,1059,9791,California
Butte,2021-01-16,584,12644,300,9586,284,3058,0,0,539,8011,45,2319,539,10330,California
Butte,2021-01-17,239,12883,64,9650,175,3233,0,0,202,8176,37,2356,202,10532,California
Butte,2021-01-18,343,13226,302,9952,41,3274,0,0,275,8384,67,2423,275,10807,California
Butte,2021-01-19,489,13715,426,10378,63,3337,0,0,216,8330,273,2696,219,11026,California
Butte,2021-01-20,1346,15061,664,11042,682,4019,0,0,1046,9076,300,2996,1046,12072,California
Butte,2021-01-21,1475,16536,867,11909,608,4627,0,0,1369,10340,105,3101,1369,13441,California
Butte,2021-01-22,988,17524,333,12242,655,5282,0,0,935,11222,53,3154,935,14376,California
Butte,2021-01-23,123,17647,82,12324,41,5323,0,0,98,11295,25,3179,98,14474,California
Butte,2021-01-24,8,17655,6,12330,2,5325,0,0,8,11303,0,3179,8,14482,California
Butte,2021-01-25,650,18305,334,12664,316,5641,0,0,488,11629,162,3341,488,14970,California
Butte,2021-01-26,1459,19764,376,13040,1083,6724,0,0,1322,12815,137,3478,1323,16293,California
Butte,2021-01-27,2074,21838,704,13744,1370,8094,0,0,1359,13459,715,4193,1359,17652,California
Butte,2021-01-28,2255,24093,259,14003,1996,10090,0,0,1947,15099,307,4500,1947,19599,California
Butte,2021-01-29,1671,25764,487,14490,1184,11274,0,0,1291,16012,378,4878,1291,20890,California
Butte,2021-01-30,32,25796,10,14500,22,11296,0,0,29,16038,3,4881,29,20919,California
Butte,2021-01-31,16,25812,14,14514,2,11298,0,0,15,16052,1,4882,15,20934,California
Butte,2021-02-01,1738,27550,404,14918,1334,12632,0,0,1353,17023,383,5265,1354,22288,California
Butte,2021-02-02,1930,29480,362,15280,1568,14200,0,0,1626,18345,304,5569,1626,23914,California
Butte,2021-02-03,2730,32210,772,16052,1958,16158,0,0,1839,19295,889,6458,1839,25753,California
Butte,2021-02-04,2955,35165,325,16377,2630,18788,0,0,2399,21140,554,7012,2399,28152,California
Butte,2021-02-05,1167,36332,661,17038,506,19294,0,0,540,21053,627,7639,540,28692,California
Butte,2021-02-06,142,36474,102,17140,40,19334,0,0,60,21031,82,7721,60,28752,California
Butte,2021-02-07,39,36513,35,17175,4,19338,0,0,15,21022,24,7745,15,28767,California
Butte,2021-02-08,691,37204,540,17715,151,19489,0,0,241,20813,450,8195,241,29008,California
Butte,2021-02-09,950,38154,456,18171,494,19983,0,0,723,21309,227,8422,723,29731,California
Butte,2021-02-10,1706,39860,1190,19361,516,20499,0,0,697,20998,1008,9430,697,30428,California
Butte,2021-02-11,2199,42059,1351,20712,848,21347,0,0,1005,20810,1194,10624,1006,31434,California
Butte,2021-02-12,859,42918,298,21010,561,21908,0,0,312,20576,546,11170,312,31746,California
Butte,2021-02-13,246,43164,45,21055,201,22109,0,0,144,20618,102,11272,144,31890,California
Butte,2021-02-14,160,43324,11,21066,149,22258,0,0,155,20768,5,11277,155,32045,California
Butte,2021-02-15,258,43582,47,21113,211,22469,0,0,196,20902,62,11339,196,32241,California
Butte,2021-02-16,734,44316,433,21546,301,22770,0,0,278,20724,456,11795,278,32519,California
Butte,2021-02-17,1506,45822,843,22389,663,23433,0,0,833,20885,672,12467,833,33352,California
Butte,2021-02-18,1547,47369,754,23143,793,24226,0,0,743,20824,804,13271,743,34095,California
Butte,2021-02-19,1167,48536,389,23532,778,25004,0,0,404,20470,758,14029,404,34499,California
Butte,2021-02-20,477,49013,33,23565,444,25448,0,0,122,20238,354,14383,122,34621,California
Butte,2021-02-21,14,49027,12,23577,2,25450,0,0,10,20244,4,14387,10,34631,California
Butte,2021-02-22,1488,50515,293,23870,1195,26645,0,0,388,19533,1099,15486,388,35019,California
Butte,2021-02-23,1626,52141,300,24170,1326,27971,0,0,465,18842,1156,16642,465,35484,California
Butte,2021-02-24,2112,54253,594,24764,1518,29489,0,0,728,18193,1377,18019,728,36212,California
Butte,2021-02-25,2069,56322,578,25342,1491,30980,0,0,666,17460,1400,19419,667,36879,California
Butte,2021-02-26,915,57237,311,25653,604,31584,0,0,397,17342,515,19934,397,37276,California
Butte,2021-02-27,230,57467,42,25695,188,31772,0,0,183,17480,45,19979,183,37459,California
Butte,2021-02-28,141,57608,19,25714,122,31894,0,0,131,17601,10,19989,131,37590,California
Butte,2021-03-01,1524,59132,174,25888,1350,33244,0,0,321,16721,1202,21191,322,37912,California
Butte,2021-03-02,1634,60766,191,26079,1443,34687,0,0,273,15636,1358,22549,273,38185,California
Butte,2021-03-03,2600,63366,813,26892,1787,36474,0,0,442,13922,2157,24706,443,38628,California
Butte,2021-03-04,3001,66367,660,27552,2341,38815,0,0,601,12124,2399,27105,601,39229,California
Butte,2021-03-05,1298,67665,599,28151,698,39513,1,1,698,12224,599,27704,699,39928,California
Butte,2021-03-06,198,67863,30,28181,147,39660,21,22,144,12336,53,27757,165,40093,California
Butte,2021-03-07,61,67924,9,28190,35,39695,17,39,32,12356,29,27786,49,40142,California
Butte,2021-03-08,1228,69152,131,28321,1029,40724,68,107,1078,13355,148,27934,1147,41289,California
Butte,2021-03-09,1868,71020,278,28599,1487,42211,103,210,1381,14353,486,28420,1484,42773,California
Butte,2021-03-10,2214,73234,932,29531,1234,43445,48,258,1539,15270,670,29090,1587,44360,California
Butte,2021-03-11,2692,75926,1270,30801,1314,44759,108,366,1897,16491,785,29875,2006,46366,California
Butte,2021-03-12,952,76878,285,31086,398,45157,269,635,329,16470,618,30493,597,46963,California
Butte,2021-03-13,191,77069,54,31140,92,45249,45,680,59,16442,132,30625,104,47067,California
Butte,2021-03-14,120,77189,14,31154,65,45314,41,721,20,16403,100,30725,61,47128,California
Butte,2021-03-15,1672,78861,348,31502,1052,46366,272,993,1107,17220,562,31287,1379,48507,California
Butte,2021-03-16,1606,80467,410,31912,1124,47490,72,1065,1070,17828,534,31821,1142,49649,California
Butte,2021-03-17,1873,82340,1332,33244,466,47956,75,1140,1082,18199,786,32607,1157,50806,California
Butte,2021-03-18,1518,83858,1205,34449,199,48155,114,1254,880,18558,635,33242,994,51800,California
Butte,2021-03-19,540,84398,242,34691,228,48383,70,1324,255,18604,280,33522,326,52126,California
Butte,2021-03-20,159,84557,30,34721,114,48497,15,1339,76,18613,82,33604,91,52217,California
Butte,2021-03-21,64,84621,29,34750,6,48503,29,1368,22,18622,42,33646,51,52268,California
Butte,2021-03-22,1433,86054,335,35085,1009,49512,89,1457,1175,19632,255,33901,1265,53533,California
Butte,2021-03-23,1747,87801,447,35532,1194,50706,106,1563,1416,20825,328,34229,1521,55054,California
Butte,2021-03-24,2089,89890,1126,36658,850,51556,113,1676,1572,21998,513,34742,1686,56740,California
Butte,2021-03-25,1393,91283,1110,37768,193,51749,90,1766,931,22560,460,35202,1022,57762,California
Butte,2021-03-26,1145,92428,394,38162,522,52271,229,1995,516,22689,622,35824,751,58513,California
Butte,2021-03-27,305,92733,74,38236,207,52478,24,2019,131,22675,172,35996,158,58671,California
Butte,2021-03-28,210,92943,35,38271,169,52647,6,2025,86,22645,121,36117,91,58762,California
Butte,2021-03-29,1673,94616,350,38621,1262,53909,61,2086,1265,23567,404,36521,1326,60088,California
Butte,2021-03-30,567,95183,386,39007,129,54038,52,2138,235,23527,328,36849,288,60376,California
Calaveras,2020-12-16,5,5,5,5,0,0,0,0,5,5,0,0,5,5,California
Calaveras,2020-12-17,3,8,3,8,0,0,0,0,3,8,0,0,3,8,California
Calaveras,2020-12-18,38,46,38,46,0,0,0,0,38,46,0,0,38,46,California
Calaveras,2020-12-19,3,49,3,49,0,0,0,0,3,49,0,0,3,49,California
Calaveras,2020-12-20,3,52,3,52,0,0,0,0,3,52,0,0,3,52,California
Calaveras,2020-12-21,55,107,48,100,7,7,0,0,55,107,0,0,55,107,California
Calaveras,2020-12-22,81,188,77,177,4,11,0,0,82,189,0,0,82,189,California
Calaveras,2020-12-23,77,265,75,252,2,13,0,0,86,275,0,0,86,275,California
Calaveras,2020-12-24,2,267,2,254,0,13,0,0,2,277,0,0,2,277,California
Calaveras,2020-12-26,3,270,3,257,0,13,0,0,3,280,0,0,3,280,California
Calaveras,2020-12-28,22,292,18,275,4,17,0,0,21,300,1,1,21,301,California
Calaveras,2020-12-29,166,458,147,422,19,36,0,0,166,466,0,1,166,467,California
Calaveras,2020-12-30,94,552,82,504,12,48,0,0,94,560,0,1,94,561,California
Calaveras,2020-12-31,36,588,26,530,10,58,0,0,36,596,0,1,36,597,California
Calaveras,2021-01-02,11,599,11,541,0,58,0,0,11,607,0,1,11,608,California
Calaveras,2021-01-03,8,607,3,544,5,63,0,0,8,615,0,1,8,616,California
Calaveras,2021-01-04,33,640,5,549,28,91,0,0,33,648,0,1,33,649,California
Calaveras,2021-01-05,39,679,9,558,30,121,0,0,38,683,3,4,38,687,California
Calaveras,2021-01-06,109,788,30,588,79,200,0,0,99,772,10,14,99,786,California
Calaveras,2021-01-07,108,896,27,615,81,281,0,0,95,856,12,26,96,882,California
Calaveras,2021-01-08,68,964,37,652,31,312,0,0,46,881,22,48,47,929,California
Calaveras,2021-01-09,6,970,6,658,0,312,0,0,2,879,4,52,2,931,California
Calaveras,2021-01-10,2,972,0,658,2,314,0,0,2,881,0,52,2,933,California
Calaveras,2021-01-11,63,1035,58,716,5,319,0,0,28,875,34,86,28,961,California
Calaveras,2021-01-12,87,1122,54,770,33,352,0,0,54,896,33,119,54,1015,California
Calaveras,2021-01-13,107,1229,43,813,64,416,0,0,74,938,33,152,75,1090,California
Calaveras,2021-01-14,137,1366,41,854,96,512,0,0,102,1006,34,186,102,1192,California
Calaveras,2021-01-15,112,1478,51,905,61,573,0,0,85,1065,27,213,86,1278,California
Calaveras,2021-01-16,13,1491,2,907,11,584,0,0,12,1076,1,214,12,1290,California
Calaveras,2021-01-17,10,1501,1,908,9,593,0,0,10,1086,0,214,10,1300,California
Calaveras,2021-01-18,132,1633,20,928,112,705,0,0,119,1195,13,227,122,1422,California
Calaveras,2021-01-19,200,1833,172,1100,28,733,0,0,60,1117,138,365,60,1482,California
Calaveras,2021-01-20,393,2226,79,1179,314,1047,0,0,309,1351,83,448,317,1799,California
Calaveras,2021-01-21,462,2688,40,1219,422,1469,0,0,435,1765,27,475,441,2240,California
Calaveras,2021-01-22,433,3121,23,1242,410,1879,0,0,423,2185,10,485,430,2670,California
Calaveras,2021-01-23,23,3144,10,1252,13,1892,0,0,19,2200,4,489,19,2689,California
Calaveras,2021-01-24,15,3159,9,1261,6,1898,0,0,13,2211,2,491,13,2702,California
Calaveras,2021-01-25,122,3281,7,1268,115,2013,0,0,117,2323,5,496,117,2819,California
Calaveras,2021-01-26,47,3328,17,1285,30,2043,0,0,37,2350,10,506,37,2856,California
Calaveras,2021-01-27,160,3488,44,1329,116,2159,0,0,133,2457,26,532,133,2989,California
Calaveras,2021-01-28,164,3652,21,1350,143,2302,0,0,140,2576,24,556,143,3132,California
Calaveras,2021-01-29,443,4095,34,1384,409,2711,0,0,423,2986,20,576,430,3562,California
Calaveras,2021-01-30,27,4122,10,1394,17,2728,0,0,26,3012,0,576,26,3588,California
Calaveras,2021-01-31,5,4127,2,1396,3,2731,0,0,4,3015,1,577,4,3592,California
Calaveras,2021-02-01,55,4182,41,1437,14,2745,0,0,36,3032,19,596,36,3628,California
Calaveras,2021-02-02,110,4292,25,1462,85,2830,0,0,71,3065,39,635,72,3700,California
Calaveras,2021-02-03,442,4734,43,1505,399,3229,0,0,358,3341,83,718,359,4059,California
Calaveras,2021-02-04,380,5114,24,1529,356,3585,0,0,296,3555,82,800,296,4355,California
Calaveras,2021-02-05,80,5194,22,1551,58,3643,0,0,41,3559,39,839,43,4398,California
Calaveras,2021-02-06,22,5216,13,1564,9,3652,0,0,22,3581,0,839,22,4420,California
Calaveras,2021-02-07,4,5220,1,1565,3,3655,0,0,2,3581,2,841,2,4422,California
Calaveras,2021-02-08,35,5255,18,1583,17,3672,0,0,27,3602,7,848,28,4450,California
Calaveras,2021-02-09,210,5465,93,1676,117,3789,0,0,147,3692,57,905,147,4597,California
Calaveras,2021-02-10,507,5972,28,1704,479,4268,0,0,441,4068,66,971,442,5039,California
Calaveras,2021-02-11,580,6552,75,1779,505,4773,0,0,473,4437,105,1076,474,5513,California
Calaveras,2021-02-12,565,7117,323,2102,242,5015,0,0,492,4858,72,1148,493,6006,California
Calaveras,2021-02-13,192,7309,37,2139,155,5170,0,0,177,5020,15,1163,177,6183,California
Calaveras,2021-02-14,215,7524,73,2212,142,5312,0,0,201,5207,14,1177,201,6384,California
Calaveras,2021-02-15,375,7899,20,2232,355,5667,0,0,257,5350,115,1292,258,6642,California
Calaveras,2021-02-16,298,8197,174,2406,124,5791,0,0,243,5538,55,1347,243,6885,California
Calaveras,2021-02-17,518,8715,35,2441,483,6274,0,0,207,5442,304,1651,208,7093,California
Calaveras,2021-02-18,492,9207,88,2529,404,6678,0,0,97,5153,386,2037,97,7190,California
Calaveras,2021-02-19,440,9647,43,2572,397,7075,0,0,98,4918,333,2370,98,7288,California
Calaveras,2021-02-20,60,9707,15,2587,45,7120,0,0,48,4954,12,2382,48,7336,California
Calaveras,2021-02-21,21,9728,12,2599,9,7129,0,0,18,4969,3,2385,18,7354,California
Calaveras,2021-02-22,65,9793,39,2638,26,7155,0,0,34,4972,31,2416,34,7388,California
Calaveras,2021-02-23,149,9942,67,2705,82,7237,0,0,100,5025,49,2465,102,7490,California
Calaveras,2021-02-24,90,10032,45,2750,45,7282,0,0,63,5061,27,2492,63,7553,California
Calaveras,2021-02-25,474,10506,99,2849,375,7657,0,0,321,5232,150,2642,321,7874,California
Calaveras,2021-02-26,667,11173,44,2893,623,8280,0,0,364,5307,290,2932,365,8239,California
Calaveras,2021-02-27,206,11379,21,2914,185,8465,0,0,182,5465,24,2956,182,8421,California
Calaveras,2021-02-28,99,11478,14,2928,85,8550,0,0,93,5553,6,2962,94,8515,California
Calaveras,2021-03-01,191,11669,58,2986,133,8683,0,0,144,5651,46,3008,144,8659,California
Calaveras,2021-03-02,243,11912,92,3078,151,8834,0,0,200,5811,41,3049,201,8860,California
Calaveras,2021-03-03,481,12393,97,3175,384,9218,0,0,188,5710,290,3339,189,9049,California
Calaveras,2021-03-04,654,13047,60,3235,594,9812,0,0,330,5724,320,3659,334,9383,California
Calaveras,2021-03-05,444,13491,269,3504,170,9982,5,5,122,5538,320,3979,134,9517,California
Calaveras,2021-03-06,135,13626,42,3546,87,10069,6,11,100,5610,35,4014,107,9624,California
Calaveras,2021-03-07,75,13701,32,3578,35,10104,8,19,30,5606,44,4058,40,9664,California
Calaveras,2021-03-08,124,13825,22,3600,95,10199,7,26,92,5676,32,4090,102,9766,California
Calaveras,2021-03-09,383,14208,153,3753,225,10424,5,31,38,5377,342,4432,43,9809,California
Calaveras,2021-03-10,406,14614,28,3781,376,10800,2,33,41,5057,363,4795,43,9852,California
Calaveras,2021-03-11,834,15448,406,4187,416,11216,12,45,406,5049,426,5221,418,10270,California
Calaveras,2021-03-12,351,15799,216,4403,126,11342,9,54,226,5207,124,5345,282,10552,California
Calaveras,2021-03-13,88,15887,17,4420,66,11408,5,59,25,5205,63,5408,61,10613,California
Calaveras,2021-03-14,88,15975,10,4430,77,11485,1,60,8,5143,79,5487,17,10630,California
Calaveras,2021-03-15,327,16302,45,4475,256,11741,26,86,49,4949,276,5763,82,10712,California
Calaveras,2021-03-16,716,17018,577,5052,119,11860,20,106,564,5384,150,5913,585,11297,California
Calaveras,2021-03-17,272,17290,45,5097,215,12075,12,118,47,5220,224,6137,60,11357,California
Calaveras,2021-03-18,649,17939,565,5662,69,12144,15,133,543,5673,106,6243,559,11916,California
Calaveras,2021-03-19,226,18165,44,5706,110,12254,72,205,54,5630,168,6411,125,12041,California
Calaveras,2021-03-20,62,18227,17,5723,45,12299,0,205,19,5607,43,6454,20,12061,California
Calaveras,2021-03-21,47,18274,30,5753,6,12305,11,216,12,5596,35,6489,24,12085,California
Calaveras,2021-03-22,80,18354,35,5788,24,12329,21,237,25,5587,55,6544,46,12131,California
Calaveras,2021-03-23,302,18656,218,6006,74,12403,10,247,127,5555,169,6713,137,12268,California
Calaveras,2021-03-24,130,18786,44,6050,76,12479,10,257,49,5533,81,6794,59,12327,California
Calaveras,2021-03-25,735,19521,100,6150,633,13112,2,259,447,5699,284,7078,450,12777,California
Calaveras,2021-03-26,420,19941,24,6174,390,13502,6,265,118,5529,299,7377,129,12906,California
Calaveras,2021-03-27,208,20149,18,6192,186,13688,4,269,32,5395,173,7550,39,12945,California
Calaveras,2021-03-28,107,20256,7,6199,98,13786,2,271,5,5303,100,7650,8,12953,California
Calaveras,2021-03-29,173,20429,20,6219,151,13937,2,273,59,5255,113,7763,65,13018,California
Calaveras,2021-03-30,453,20882,28,6247,425,14362,0,273,352,5508,99,7862,352,13370,California
Colusa,2020-12-18,1,1,1,1,0,0,0,0,1,1,0,0,1,1,California
Colusa,2020-12-21,2,3,2,3,0,0,0,0,2,3,0,0,2,3,California
Colusa,2020-12-22,10,13,10,13,0,0,0,0,10,13,0,0,10,13,California
Colusa,2020-12-23,10,23,10,23,0,0,0,0,10,23,0,0,10,23,California
Colusa,2020-12-24,2,25,1,24,1,1,0,0,2,25,0,0,2,25,California
Colusa,2020-12-27,1,26,1,25,0,1,0,0,1,26,0,0,1,26,California
Colusa,2020-12-28,7,33,3,28,4,5,0,0,7,33,0,0,7,33,California
Colusa,2020-12-29,11,44,7,35,4,9,0,0,11,44,0,0,11,44,California
Colusa,2020-12-30,50,94,13,48,37,46,0,0,50,94,0,0,50,94,California
Colusa,2020-12-31,18,112,1,49,17,63,0,0,18,112,0,0,18,112,California
Colusa,2021-01-04,5,117,0,49,5,68,0,0,5,117,0,0,5,117,California
Colusa,2021-01-05,68,185,1,50,67,135,0,0,68,185,0,0,68,185,California
Colusa,2021-01-06,15,200,9,59,6,141,0,0,15,200,0,0,15,200,California
Colusa,2021-01-07,37,237,4,63,33,174,0,0,36,235,1,1,36,236,California
Colusa,2021-01-08,9,246,7,70,2,176,0,0,8,242,1,2,8,244,California
Colusa,2021-01-09,3,249,1,71,2,178,0,0,3,245,0,2,3,247,California
Colusa,2021-01-10,1,250,0,71,1,179,0,0,1,246,0,2,1,248,California
Colusa,2021-01-11,12,262,6,77,6,185,0,0,7,248,5,7,7,255,California
Colusa,2021-01-12,11,273,9,86,2,187,0,0,6,249,5,12,6,261,California
Colusa,2021-01-13,21,294,13,99,8,195,0,0,13,254,8,20,13,274,California
Colusa,2021-01-14,35,329,28,127,7,202,0,0,33,285,2,22,33,307,California
Colusa,2021-01-15,43,372,5,132,38,240,0,0,41,324,2,24,41,348,California
Colusa,2021-01-16,12,384,1,133,11,251,0,0,11,334,1,25,11,359,California
Colusa,2021-01-17,3,387,2,135,1,252,0,0,2,335,1,26,2,361,California
Colusa,2021-01-18,4,391,0,135,4,256,0,0,4,339,0,26,4,365,California
Colusa,2021-01-19,9,400,8,143,1,257,0,0,5,340,4,30,5,370,California
Colusa,2021-01-20,114,514,101,244,13,270,0,0,101,428,13,43,101,471,California
Colusa,2021-01-21,56,570,41,285,15,285,0,0,55,482,1,44,55,526,California
Colusa,2021-01-22,39,609,17,302,22,307,0,0,34,511,5,49,34,560,California
Colusa,2021-01-23,36,645,6,308,30,337,0,0,36,547,0,49,36,596,California
Colusa,2021-01-25,7,652,0,308,7,344,0,0,7,554,0,49,7,603,California
Colusa,2021-01-26,9,661,5,313,4,348,0,0,5,555,4,53,5,608,California
Colusa,2021-01-27,107,768,31,344,76,424,0,0,105,658,2,55,105,713,California
Colusa,2021-01-28,78,846,45,389,33,457,0,0,72,724,6,61,72,785,California
Colusa,2021-01-29,40,886,6,395,34,491,0,0,39,762,1,62,39,824,California
Colusa,2021-01-30,27,913,4,399,23,514,0,0,27,789,0,62,27,851,California
Colusa,2021-01-31,7,920,7,406,0,514,0,0,7,796,0,62,7,858,California
Colusa,2021-02-01,27,947,10,416,17,531,0,0,22,813,5,67,22,880,California
Colusa,2021-02-02,42,989,8,424,34,565,0,0,36,843,6,73,36,916,California
Colusa,2021-02-03,70,1059,10,434,60,625,0,0,59,891,11,84,59,975,California
Colusa,2021-02-04,143,1202,81,515,62,687,0,0,116,980,27,111,116,1091,California
Colusa,2021-02-05,33,1235,8,523,25,712,0,0,30,1007,3,114,30,1121,California
Colusa,2021-02-06,287,1522,8,531,279,991,0,0,275,1271,11,125,275,1396,California
Colusa,2021-02-07,2,1524,1,532,1,992,0,0,0,1269,2,127,0,1396,California
Colusa,2021-02-08,40,1564,5,537,35,1027,0,0,37,1303,3,130,37,1433,California
Colusa,2021-02-09,232,1796,14,551,218,1245,0,0,176,1423,56,186,176,1609,California
Colusa,2021-02-10,115,1911,41,592,74,1319,0,0,71,1451,44,230,72,1681,California
Colusa,2021-02-11,97,2008,36,628,61,1380,0,0,72,1498,25,255,72,1753,California
Colusa,2021-02-12,119,2127,9,637,110,1490,0,0,79,1536,41,296,79,1832,California
Colusa,2021-02-13,60,2187,9,646,51,1541,0,0,52,1580,8,304,52,1884,California
Colusa,2021-02-14,20,2207,8,654,12,1553,0,0,14,1589,5,309,14,1898,California
Colusa,2021-02-15,46,2253,10,664,36,1589,0,0,39,1621,7,316,39,1937,California
Colusa,2021-02-16,67,2320,4,668,63,1652,0,0,66,1686,1,317,66,2003,California
Colusa,2021-02-17,206,2526,143,811,63,1715,0,0,60,1600,146,463,60,2063,California
Colusa,2021-02-18,138,2664,36,847,102,1817,0,0,114,1690,24,487,114,2177,California
Colusa,2021-02-19,155,2819,19,866,136,1953,0,0,129,1793,26,513,129,2306,California
Colusa,2021-02-20,26,2845,5,871,21,1974,0,0,9,1786,17,530,10,2316,California
Colusa,2021-02-21,1,2846,1,872,0,1974,0,0,0,1785,1,531,0,2316,California
Colusa,2021-02-22,42,2888,25,897,17,1991,0,0,28,1799,14,545,28,2344,California
Colusa,2021-02-23,19,2907,4,901,15,2006,0,0,16,1812,3,548,16,2360,California
Colusa,2021-02-24,299,3206,54,955,245,2251,0,0,157,1827,142,690,157,2517,California
Colusa,2021-02-25,98,3304,53,1008,45,2296,0,0,63,1855,35,725,63,2580,California
Colusa,2021-02-26,97,3401,13,1021,84,2380,0,0,58,1874,39,764,58,2638,California
Colusa,2021-02-27,55,3456,4,1025,51,2431,0,0,40,1899,15,779,40,2678,California
Colusa,2021-02-28,26,3482,14,1039,12,2443,0,0,17,1907,9,788,17,2695,California
Colusa,2021-03-01,45,3527,15,1054,30,2473,0,0,28,1918,17,805,28,2723,California
Colusa,2021-03-02,47,3574,13,1067,34,2507,0,0,23,1918,23,828,23,2746,California
Colusa,2021-03-03,218,3792,37,1104,181,2688,0,0,162,2024,56,884,162,2908,California
Colusa,2021-03-04,135,3927,57,1161,78,2766,0,0,78,2045,57,941,78,2986,California
Colusa,2021-03-05,91,4018,19,1180,63,2829,9,9,45,2053,46,987,54,3040,California
Colusa,2021-03-06,246,4264,10,1190,236,3065,0,9,32,1871,214,1201,32,3072,California
Colusa,2021-03-07,8,4272,5,1195,3,3068,0,9,6,1875,2,1203,6,3078,California
Colusa,2021-03-08,84,4356,17,1212,30,3098,37,46,37,1901,47,1250,73,3151,California
Colusa,2021-03-09,262,4618,63,1275,180,3278,19,65,78,1814,184,1434,97,3248,California
Colusa,2021-03-10,241,4859,34,1309,193,3471,14,79,179,1946,61,1495,193,3441,California
Colusa,2021-03-11,400,5259,54,1363,324,3795,22,101,316,2200,84,1579,338,3779,California
Colusa,2021-03-12,91,5350,14,1377,65,3860,12,113,17,2156,74,1653,30,3809,California
Colusa,2021-03-13,55,5405,14,1391,34,3894,7,120,17,2142,38,1691,24,3833,California
Colusa,2021-03-14,11,5416,0,1391,9,3903,2,122,4,2141,7,1698,6,3839,California
Colusa,2021-03-15,69,5485,27,1418,35,3938,7,129,16,2111,53,1751,23,3862,California
Colusa,2021-03-16,267,5752,15,1433,205,4143,47,176,158,2207,109,1860,205,4067,California
Colusa,2021-03-17,165,5917,45,1478,120,4263,0,176,81,2204,84,1944,81,4148,California
Colusa,2021-03-18,284,6201,28,1506,188,4451,68,244,169,2326,115,2059,237,4385,California
Colusa,2021-03-19,57,6258,14,1520,42,4493,1,245,43,2356,14,2073,44,4429,California
Colusa,2021-03-20,36,6294,6,1526,29,4522,1,246,27,2375,9,2082,28,4457,California
Colusa,2021-03-21,6,6300,5,1531,1,4523,0,246,4,2377,2,2084,4,4461,California
Colusa,2021-03-22,59,6359,9,1540,42,4565,8,254,38,2402,21,2105,46,4507,California
Colusa,2021-03-23,74,6433,16,1556,56,4621,2,256,48,2427,25,2130,50,4557,California
Colusa,2021-03-24,330,6763,55,1611,272,4893,3,259,72,2244,257,2387,74,4631,California
Colusa,2021-03-25,102,6865,54,1665,43,4936,5,264,48,2243,54,2441,53,4684,California
Colusa,2021-03-26,220,7085,43,1708,174,5110,3,267,172,2374,48,2489,179,4863,California
Colusa,2021-03-27,63,7148,5,1713,58,5168,0,267,25,2361,38,2527,25,4888,California
Colusa,2021-03-28,16,7164,7,1720,9,5177,0,267,8,2361,8,2535,8,4896,California
Colusa,2021-03-29,68,7232,19,1739,44,5221,5,272,29,2356,39,2574,34,4930,California
Colusa,2021-03-30,74,7306,8,1747,64,5285,2,274,51,2386,23,2597,53,4983,California
Contra Costa,2020-12-15,19,19,19,19,0,0,0,0,19,19,0,0,19,19,California
Contra Costa,2020-12-16,522,541,522,541,0,0,0,0,522,541,0,0,522,541,California
Contra Costa,2020-12-17,906,1447,906,1447,0,0,0,0,906,1447,0,0,906,1447,California
Contra Costa,2020-12-18,1592,3039,1591,3038,1,1,0,0,1592,3039,0,0,1592,3039,California
Contra Costa,2020-12-19,1105,4144,1104,4142,1,2,0,0,1105,4144,0,0,1105,4144,California
Contra Costa,2020-12-20,582,4726,581,4723,1,3,0,0,582,4726,0,0,582,4726,California
Contra Costa,2020-12-21,1656,6382,1654,6377,2,5,0,0,1656,6382,0,0,1656,6382,California
Contra Costa,2020-12-22,1665,8047,1558,7935,107,112,0,0,1665,8047,0,0,1665,8047,California
Contra Costa,2020-12-23,1568,9615,1323,9258,245,357,0,0,1568,9615,0,0,1568,9615,California
Contra Costa,2020-12-24,648,10263,332,9590,316,673,0,0,648,10263,0,0,648,10263,California
Contra Costa,2020-12-25,38,10301,16,9606,22,695,0,0,38,10301,0,0,38,10301,California
Contra Costa,2020-12-26,643,10944,133,9739,510,1205,0,0,643,10944,0,0,643,10944,California
Contra Costa,2020-12-27,238,11182,84,9823,154,1359,0,0,238,11182,0,0,238,11182,California
Contra Costa,2020-12-28,1818,13000,855,10678,963,2322,0,0,1818,13000,0,0,1818,13000,California
Contra Costa,2020-12-29,1828,14828,824,11502,1004,3326,0,0,1828,14828,0,0,1828,14828,California
Contra Costa,2020-12-30,2392,17220,1211,12713,1181,4507,0,0,2391,17219,0,0,2391,17219,California
Contra Costa,2020-12-31,909,18129,306,13019,603,5110,0,0,908,18127,0,0,908,18127,California
Contra Costa,2021-01-01,57,18186,23,13042,34,5144,0,0,57,18184,0,0,57,18184,California
Contra Costa,2021-01-02,332,18518,170,13212,162,5306,0,0,332,18516,0,0,332,18516,California
Contra Costa,2021-01-03,173,18691,115,13327,58,5364,0,0,172,18688,0,0,172,18688,California
Contra Costa,2021-01-04,1906,20597,1247,14574,659,6023,0,0,1886,20556,18,18,1886,20574,California
Contra Costa,2021-01-05,2094,22691,1253,15827,841,6864,0,0,1836,22136,257,275,1837,22411,California
Contra Costa,2021-01-06,3266,25957,2242,18069,1024,7888,0,0,2507,23892,753,1028,2509,24920,California
Contra Costa,2021-01-07,3085,29042,2053,20122,1032,8920,0,0,1873,24559,1209,2237,1876,26796,California
Contra Costa,2021-01-08,3359,32401,2376,22498,983,9903,0,0,1804,24817,1549,3786,1807,28603,California
Contra Costa,2021-01-09,1581,33982,1130,23628,451,10354,0,0,753,24744,827,4613,754,29357,California
Contra Costa,2021-01-10,361,34343,286,23914,75,10429,0,0,152,24687,209,4822,152,29509,California
Contra Costa,2021-01-11,3815,38158,3101,27015,714,11143,0,0,2222,25318,1593,6415,2224,31733,California
Contra Costa,2021-01-12,3892,42050,2922,29937,970,12113,0,0,2575,26576,1318,7733,2576,34309,California
Contra Costa,2021-01-13,4656,46706,2873,32810,1783,13896,0,0,3732,29390,920,8653,3734,38043,California
Contra Costa,2021-01-14,4294,51000,1556,34366,2738,16634,0,0,3907,32910,387,9040,3907,41950,California
Contra Costa,2021-01-15,5329,56329,2473,36839,2856,19490,0,0,5003,37592,325,9365,5007,46957,California
Contra Costa,2021-01-16,1712,58041,554,37393,1158,20648,0,0,1636,39152,76,9441,1636,48593,California
Contra Costa,2021-01-17,1645,59686,983,38376,662,21310,0,0,1519,40547,126,9567,1521,50114,California
Contra Costa,2021-01-18,3205,62891,1257,39633,1948,23258,0,0,2576,42502,623,10190,2578,52692,California
Contra Costa,2021-01-19,7058,69949,3155,42788,3903,27161,0,0,6060,47573,995,11185,6066,58758,California
Contra Costa,2021-01-20,6577,76526,4029,46817,2548,29709,0,0,5350,51707,1222,12407,5356,64114,California
Contra Costa,2021-01-21,6956,83482,3089,49906,3867,33576,0,0,6237,57234,714,13121,6241,70355,California
Contra Costa,2021-01-22,6341,89823,2693,52599,3648,37224,0,0,5483,61870,849,13970,5485,75840,California
Contra Costa,2021-01-23,2016,91839,356,52955,1660,38884,0,0,1763,63384,251,14221,1765,77605,California
Contra Costa,2021-01-24,1576,93415,213,53168,1363,40247,0,0,1431,64674,145,14366,1435,79040,California
Contra Costa,2021-01-25,6613,100028,3001,56169,3612,43859,0,0,5055,68177,1557,15923,5060,84100,California
Contra Costa,2021-01-26,8050,108078,4661,60830,3389,47248,0,0,6223,72583,1820,17743,6226,90326,California
Contra Costa,2021-01-27,8213,116291,5487,66317,2726,49974,0,0,6327,77116,1796,19539,6329,96655,California
Contra Costa,2021-01-28,7354,123645,4043,70360,3311,53285,0,0,5778,81326,1570,21109,5780,102435,California
Contra Costa,2021-01-29,7424,131069,3876,74236,3548,56833,0,0,6123,86153,1298,22407,6125,108560,California
Contra Costa,2021-01-30,2043,133112,558,74794,1485,58318,0,0,1719,87555,317,22724,1719,110279,California
Contra Costa,2021-01-31,744,133856,526,75320,218,58536,0,0,570,87957,168,22892,570,110849,California
Contra Costa,2021-02-01,5513,139369,3759,79079,1754,60290,0,0,3882,90219,1625,24517,3887,114736,California
Contra Costa,2021-02-02,7741,147110,5273,84352,2468,62758,0,0,5893,94267,1846,26363,5894,120630,California
Contra Costa,2021-02-03,8265,155375,5468,89820,2797,65555,0,0,5638,97287,2619,28982,5639,126269,California
Contra Costa,2021-02-04,7436,162811,3525,93345,3911,69466,0,0,5723,101302,1710,30692,5725,131994,California
Contra Costa,2021-02-05,8417,171228,4824,98169,3593,73059,0,0,5726,104342,2686,33378,5726,137720,California
Contra Costa,2021-02-06,3457,174685,2147,100316,1310,74369,0,0,2809,106505,647,34025,2810,140530,California
Contra Costa,2021-02-07,979,175664,711,101027,268,74637,0,0,603,106733,375,34400,603,141133,California
Contra Costa,2021-02-08,5801,181465,3441,104468,2360,76997,0,0,4321,109580,1475,35875,4322,145455,California
Contra Costa,2021-02-09,8616,190081,4762,109230,3854,80851,0,0,5750,112469,2861,38736,5750,151205,California
Contra Costa,2021-02-10,8571,198652,4619,113849,3952,84803,0,0,5391,114695,3168,41904,5394,156599,California
Contra Costa,2021-02-11,9183,207835,4192,118041,4991,89794,0,0,5234,115987,3943,45847,5235,161834,California
Contra Costa,2021-02-12,10036,217871,4603,122644,5433,95227,0,0,5453,116866,4578,50425,5457,167291,California
Contra Costa,2021-02-13,4840,222711,1347,123991,3493,98720,0,0,3379,118787,1458,51883,3379,170670,California
Contra Costa,2021-02-14,2067,224778,855,124846,1212,99932,0,0,1212,119145,854,52737,1212,171882,California
Contra Costa,2021-02-15,4412,229190,2451,127297,1961,101893,0,0,2329,119400,2077,54814,2332,174214,California
Contra Costa,2021-02-16,10378,239568,4883,132180,5495,107388,0,0,4625,118284,5746,60560,4630,178844,California
Contra Costa,2021-02-17,12198,251766,6093,138273,6105,113493,0,0,5576,117254,6608,67168,5578,184422,California
Contra Costa,2021-02-18,11411,263177,5954,144227,5457,118950,0,0,5293,116440,6109,73277,5295,189717,California
Contra Costa,2021-02-19,11382,274559,7096,151323,4286,123236,0,0,5166,115406,6201,79478,5167,194884,California
Contra Costa,2021-02-20,6461,281020,2908,154231,3553,126789,0,0,4582,118124,1864,81342,4582,199466,California
Contra Costa,2021-02-21,1748,282768,1203,155434,545,127334,0,0,1054,118486,693,82035,1055,200521,California
Contra Costa,2021-02-22,7502,290270,5068,160502,2434,129768,0,0,3479,117951,4015,86050,3480,204001,California
Contra Costa,2021-02-23,11832,302102,7223,167725,4609,134377,0,0,5885,117906,5933,91983,5888,209889,California
Contra Costa,2021-02-24,10433,312535,7655,175380,2778,137155,0,0,5041,117573,5376,97359,5043,214932,California
Contra Costa,2021-02-25,11359,323894,7139,182519,4220,141375,0,0,5164,116567,6175,103534,5169,220101,California
Contra Costa,2021-02-26,10572,334466,6698,189217,3874,145249,0,0,5235,116487,5322,108856,5242,225343,California
Contra Costa,2021-02-27,6535,341001,4187,193404,2348,147597,0,0,4075,118110,2454,111310,4077,229420,California
Contra Costa,2021-02-28,3773,344774,3121,196525,652,148249,0,0,3181,120703,590,111900,3183,232603,California
Contra Costa,2021-03-01,7984,352758,6001,202526,1983,150232,0,0,4915,122563,3057,114957,4917,237520,California
Contra Costa,2021-03-02,9801,362559,6148,208674,3651,153883,2,2,5075,122927,4715,119672,5079,242599,California
Contra Costa,2021-03-03,10034,372593,6278,214952,3756,157639,0,2,5351,123612,4667,124339,5352,247951,California
Contra Costa,2021-03-04,10594,383187,6163,221115,4431,162070,0,2,5202,123442,5374,129713,5204,253155,California
Contra Costa,2021-03-05,9633,392820,5661,226776,3967,166037,5,7,5208,124246,4412,134125,5216,258371,California
Contra Costa,2021-03-06,6858,399678,3911,230687,2655,168692,292,299,4427,126545,2421,136546,4720,263091,California
Contra Costa,2021-03-07,3550,403228,2234,232921,1259,169951,57,356,2890,128835,658,137204,2948,266039,California
Contra Costa,2021-03-08,7876,411104,3676,236597,3927,173878,273,629,5267,131786,2596,139800,5547,271586,California
Contra Costa,2021-03-09,9311,420415,4598,241195,4412,178290,301,930,4749,132281,4558,144358,5053,276639,California
Contra Costa,2021-03-10,11041,431456,5658,246853,4143,182433,1240,2170,5145,132782,5888,150246,6389,283028,California
Contra Costa,2021-03-11,11817,443273,6200,253053,5170,187603,447,2617,6060,133551,5742,155988,6511,289539,California
Contra Costa,2021-03-12,11048,454321,4577,257630,6149,193752,322,2939,5682,134207,5354,161342,6010,295549,California
Contra Costa,2021-03-13,6899,461220,2753,260383,3786,197538,360,3299,2737,133155,4148,165490,3096,298645,California
Contra Costa,2021-03-14,4008,465228,2409,262792,1140,198678,459,3758,1952,133515,2050,167540,2410,301055,California
Contra Costa,2021-03-15,9268,474496,5017,267809,3510,202188,741,4499,4687,134378,4569,172109,5432,306487,California
Contra Costa,2021-03-16,14113,488609,8356,276165,5359,207547,398,4897,7154,134993,6940,179049,7555,314042,California
Contra Costa,2021-03-17,14332,502941,9798,285963,4333,211880,201,5098,8124,137142,6189,185238,8338,322380,California
Contra Costa,2021-03-18,13302,516243,7297,293260,5603,217483,402,5500,7519,139312,5762,191000,7932,330312,California
Contra Costa,2021-03-19,12248,528491,7266,300526,3918,221401,1064,6564,6326,140809,5910,196910,7407,337719,California
Contra Costa,2021-03-20,6888,535379,4033,304559,2625,224026,230,6794,3524,141216,3352,200262,3759,341478,California
Contra Costa,2021-03-21,4331,539710,3757,308316,481,224507,93,6887,2069,141121,2259,202521,2164,343642,California
Contra Costa,2021-03-22,11293,551003,8489,316805,2570,227077,234,7121,6909,143908,4375,206896,7162,350804,California
Contra Costa,2021-03-23,15166,566169,10358,327163,4641,231718,167,7288,9179,147317,5967,212863,9376,360180,California
Contra Costa,2021-03-24,14594,580763,11326,338489,3063,234781,205,7493,9028,151253,5544,218407,9480,369660,California
Contra Costa,2021-03-25,14833,595596,11515,350004,3072,237853,246,7739,9162,155593,5640,224047,9980,379640,California
Contra Costa,2021-03-26,14547,610143,10356,360360,3803,241656,388,8127,8556,159161,5971,230018,9539,389179,California
Contra Costa,2021-03-27,10061,620204,6496,366856,3106,244762,459,8586,5522,160719,4528,234546,6086,395265,California
Contra Costa,2021-03-28,4026,624230,2833,369689,1135,245897,58,8644,1696,160164,2323,236869,1768,397033,California
Contra Costa,2021-03-29,10492,634722,8226,377915,2164,248061,102,8746,6830,163490,3651,240520,6977,404010,California
Contra Costa,2021-03-30,13605,648327,7704,385619,4759,252820,1142,9888,9375,169871,4221,244741,10602,414612,California
Del Norte,2020-12-19,1,1,1,1,0,0,0,0,1,1,0,0,1,1,California
Del Norte,2020-12-21,23,24,23,24,0,0,0,0,23,24,0,0,23,24,California
Del Norte,2020-12-22,46,70,46,70,0,0,0,0,46,70,0,0,46,70,California
Del Norte,2020-12-23,58,128,48,118,10,10,0,0,57,127,0,0,57,127,California
Del Norte,2020-12-28,34,162,34,152,0,10,0,0,34,161,0,0,34,161,California
Del Norte,2020-12-29,4,166,4,156,0,10,0,0,4,165,0,0,4,165,California
Del Norte,2020-12-30,67,233,55,211,12,22,0,0,68,233,0,0,68,233,California
Del Norte,2020-12-31,16,249,13,224,3,25,0,0,16,249,0,0,16,249,California
Del Norte,2021-01-04,102,351,49,273,53,78,0,0,102,351,0,0,102,351,California
Del Norte,2021-01-05,33,384,0,273,33,111,0,0,33,384,0,0,33,384,California
Del Norte,2021-01-06,78,462,18,291,60,171,0,0,78,462,0,0,78,462,California
Del Norte,2021-01-07,21,483,1,292,20,191,0,0,21,483,0,0,21,483,California
Del Norte,2021-01-08,77,560,7,299,70,261,0,0,77,560,0,0,77,560,California
Del Norte,2021-01-09,1,561,1,300,0,261,0,0,0,559,1,1,0,560,California
Del Norte,2021-01-11,40,601,21,321,19,280,0,0,18,556,22,23,19,579,California
Del Norte,2021-01-12,50,651,32,353,18,298,0,0,29,564,21,44,29,608,California
Del Norte,2021-01-13,85,736,40,393,45,343,0,0,52,583,33,77,52,660,California
Del Norte,2021-01-14,52,788,14,407,38,381,0,0,46,623,6,83,46,706,California
Del Norte,2021-01-15,107,895,18,425,89,470,0,0,95,706,12,95,95,801,California
Del Norte,2021-01-17,1,896,1,426,0,470,0,0,1,707,0,95,1,802,California
Del Norte,2021-01-18,2,898,0,426,2,472,0,0,2,709,0,95,2,804,California
Del Norte,2021-01-19,119,1017,56,482,63,535,0,0,77,744,42,137,77,881,California
Del Norte,2021-01-20,157,1174,83,565,74,609,0,0,96,779,61,198,96,977,California
Del Norte,2021-01-21,43,1217,40,605,3,612,0,0,32,800,11,209,32,1009,California
Del Norte,2021-01-22,19,1236,16,621,3,615,0,0,12,805,7,216,12,1021,California
Del Norte,2021-01-23,1,1237,0,621,1,616,0,0,1,806,0,216,1,1022,California
Del Norte,2021-01-24,1,1238,0,621,1,617,0,0,1,807,0,216,1,1023,California
Del Norte,2021-01-25,97,1335,79,700,18,635,0,0,53,816,44,260,53,1076,California
Del Norte,2021-01-26,18,1353,11,711,7,642,0,0,7,812,11,271,7,1083,California
Del Norte,2021-01-27,62,1415,21,732,41,683,0,0,59,868,3,274,59,1142,California
Del Norte,2021-01-28,291,1706,20,752,271,954,0,0,287,1151,4,278,287,1429,California
Del Norte,2021-01-29,50,1756,19,771,31,985,0,0,41,1183,9,287,41,1470,California
Del Norte,2021-01-30,8,1764,1,772,7,992,0,0,8,1191,0,287,8,1478,California
Del Norte,2021-02-01,41,1805,1,773,40,1032,0,0,26,1202,15,302,26,1504,California
Del Norte,2021-02-02,142,1947,34,807,108,1140,0,0,73,1207,68,370,73,1577,California
Del Norte,2021-02-03,126,2073,40,847,86,1226,0,0,71,1223,55,425,71,1648,California
Del Norte,2021-02-04,71,2144,29,876,42,1268,0,0,42,1236,29,454,42,1690,California
Del Norte,2021-02-05,134,2278,22,898,112,1380,0,0,103,1309,30,484,103,1793,California
Del Norte,2021-02-06,305,2583,7,905,298,1678,0,0,305,1614,0,484,305,2098,California
Del Norte,2021-02-07,4,2587,3,908,1,1679,0,0,4,1618,0,484,4,2102,California
Del Norte,2021-02-08,36,2623,1,909,35,1714,0,0,32,1646,4,488,32,2134,California
Del Norte,2021-02-09,8,2631,5,914,3,1717,0,0,2,1642,6,494,2,2136,California
Del Norte,2021-02-10,143,2774,20,934,123,1840,0,0,86,1672,56,550,86,2222,California
Del Norte,2021-02-11,175,2949,58,992,117,1957,0,0,63,1623,112,662,63,2285,California
Del Norte,2021-02-12,120,3069,14,1006,106,2063,0,0,66,1635,54,716,66,2351,California
Del Norte,2021-02-13,2,3071,1,1007,1,2064,0,0,2,1637,0,716,2,2353,California
Del Norte,2021-02-14,3,3074,1,1008,2,2066,0,0,2,1638,1,717,2,2355,California
Del Norte,2021-02-15,4,3078,0,1008,4,2070,0,0,2,1638,2,719,2,2357,California
Del Norte,2021-02-16,132,3210,1,1009,131,2201,0,0,13,1532,119,838,13,2370,California
Del Norte,2021-02-17,90,3300,19,1028,71,2272,0,0,23,1488,67,905,23,2393,California
Del Norte,2021-02-18,76,3376,24,1052,52,2324,0,0,50,1512,26,931,50,2443,California
Del Norte,2021-02-19,45,3421,18,1070,27,2351,0,0,35,1537,10,941,35,2478,California
Del Norte,2021-02-20,8,3429,5,1075,3,2354,0,0,6,1541,2,943,6,2484,California
Del Norte,2021-02-22,2,3431,0,1075,2,2356,0,0,2,1543,0,943,2,2486,California
Del Norte,2021-02-23,101,3532,83,1158,18,2374,0,0,30,1502,71,1014,30,2516,California
Del Norte,2021-02-24,152,3684,98,1256,54,2428,0,0,79,1508,73,1087,79,2595,California
Del Norte,2021-02-25,465,4149,129,1385,336,2764,0,0,207,1457,258,1345,207,2802,California
Del Norte,2021-02-26,201,4350,165,1550,36,2800,0,0,155,1566,46,1391,155,2957,California
Del Norte,2021-02-27,154,4504,146,1696,8,2808,0,0,144,1700,10,1401,144,3101,California
Del Norte,2021-02-28,6,4510,3,1699,3,2811,0,0,3,1700,3,1404,3,3104,California
Del Norte,2021-03-01,28,4538,2,1701,26,2837,0,0,5,1682,23,1427,5,3109,California
Del Norte,2021-03-02,210,4748,140,1841,70,2907,0,0,178,1828,32,1459,178,3287,California
Del Norte,2021-03-03,152,4900,90,1931,62,2969,0,0,112,1900,40,1499,112,3399,California
Del Norte,2021-03-04,120,5020,83,2014,37,3006,0,0,90,1961,29,1528,90,3489,California
Del Norte,2021-03-05,90,5110,8,2022,82,3088,0,0,42,1955,48,1576,42,3531,California
Del Norte,2021-03-06,427,5537,80,2102,297,3385,50,50,154,1843,273,1849,161,3692,California
Del Norte,2021-03-07,3,5540,2,2104,1,3386,0,50,2,1844,1,1850,2,3694,California
Del Norte,2021-03-08,27,5567,1,2105,24,3410,2,52,4,1827,23,1873,6,3700,California
Del Norte,2021-03-09,171,5738,95,2200,72,3482,4,56,160,1980,11,1884,164,3864,California
Del Norte,2021-03-10,129,5867,11,2211,92,3574,26,82,46,1969,83,1967,72,3936,California
Del Norte,2021-03-11,142,6009,49,2260,91,3665,2,84,97,2023,45,2012,99,4035,California
Del Norte,2021-03-12,160,6169,90,2350,70,3735,0,84,115,2093,45,2057,115,4150,California
Del Norte,2021-03-13,93,6262,91,2441,2,3737,0,84,89,2178,4,2061,89,4239,California
Del Norte,2021-03-14,1,6263,0,2441,0,3737,1,85,0,2178,1,2062,1,4240,California
Del Norte,2021-03-15,40,6303,0,2441,39,3776,1,86,35,2209,5,2067,36,4276,California
Del Norte,2021-03-16,260,6563,129,2570,129,3905,2,88,238,2427,22,2089,240,4516,California
Del Norte,2021-03-17,269,6832,88,2658,180,4085,1,89,166,2491,103,2192,167,4683,California
Del Norte,2021-03-18,258,7090,107,2765,148,4233,3,92,133,2503,124,2316,136,4819,California
Del Norte,2021-03-19,185,7275,111,2876,68,4301,6,98,62,2448,123,2439,68,4887,California
Del Norte,2021-03-20,150,7425,148,3024,2,4303,0,98,11,2320,139,2578,11,4898,California
Del Norte,2021-03-21,4,7429,1,3025,3,4306,0,98,2,2320,2,2580,2,4900,California
Del Norte,2021-03-22,46,7475,6,3031,39,4345,1,99,43,2361,3,2583,44,4944,California
Del Norte,2021-03-23,323,7798,163,3194,142,4487,18,117,155,2368,166,2749,173,5117,California
Del Norte,2021-03-24,313,8111,110,3304,200,4687,3,120,197,2453,116,2865,201,5318,California
Del Norte,2021-03-25,191,8302,89,3393,102,4789,0,120,87,2437,103,2968,87,5405,California
Del Norte,2021-03-26,215,8517,110,3503,105,4894,0,120,181,2584,34,3002,181,5586,California
Del Norte,2021-03-27,106,8623,86,3589,6,4900,14,134,19,2530,87,3089,33,5619,California
Del Norte,2021-03-28,5,8628,2,3591,3,4903,0,134,1,2527,4,3093,1,5620,California
Del Norte,2021-03-29,55,8683,7,3598,34,4937,14,148,33,2552,22,3115,47,5667,California
Del Norte,2021-03-30,78,8761,5,3603,72,5009,1,149,49,2575,29,3144,52,5719,California
El Dorado,2020-12-15,12,12,12,12,0,0,0,0,12,12,0,0,12,12,California
El Dorado,2020-12-16,40,52,40,52,0,0,0,0,40,52,0,0,40,52,California
El Dorado,2020-12-17,31,83,31,83,0,0,0,0,31,83,0,0,31,83,California
El Dorado,2020-12-18,235,318,235,318,0,0,0,0,235,318,0,0,235,318,California
El Dorado,2020-12-19,116,434,116,434,0,0,0,0,116,434,0,0,116,434,California
El Dorado,2020-12-20,84,518,84,518,0,0,0,0,84,518,0,0,84,518,California
El Dorado,2020-12-21,304,822,303,821,1,1,0,0,304,822,0,0,304,822,California
El Dorado,2020-12-22,239,1061,215,1036,24,25,0,0,239,1061,0,0,239,1061,California
El Dorado,2020-12-23,189,1250,139,1175,50,75,0,0,189,1250,0,0,189,1250,California
El Dorado,2020-12-24,87,1337,65,1240,22,97,0,0,87,1337,0,0,87,1337,California
El Dorado,2020-12-25,8,1345,8,1248,0,97,0,0,8,1345,0,0,8,1345,California
El Dorado,2020-12-26,43,1388,25,1273,18,115,0,0,43,1388,0,0,43,1388,California
El Dorado,2020-12-27,37,1425,33,1306,4,119,0,0,37,1425,0,0,37,1425,California
El Dorado,2020-12-28,215,1640,170,1476,45,164,0,0,215,1640,0,0,215,1640,California
El Dorado,2020-12-29,452,2092,138,1614,314,478,0,0,452,2092,0,0,452,2092,California
El Dorado,2020-12-30,504,2596,135,1749,369,847,0,0,504,2596,0,0,504,2596,California
El Dorado,2020-12-31,108,2704,68,1817,40,887,0,0,108,2704,0,0,108,2704,California
El Dorado,2021-01-01,7,2711,4,1821,3,890,0,0,7,2711,0,0,7,2711,California
El Dorado,2021-01-02,148,2859,137,1958,11,901,0,0,148,2859,0,0,148,2859,California
El Dorado,2021-01-03,89,2948,16,1974,73,974,0,0,89,2948,0,0,89,2948,California
El Dorado,2021-01-04,190,3138,62,2036,128,1102,0,0,190,3138,0,0,190,3138,California
El Dorado,2021-01-05,200,3338,46,2082,154,1256,0,0,184,3306,16,16,184,3322,California
El Dorado,2021-01-06,259,3597,187,2269,72,1328,0,0,196,3439,63,79,196,3518,California
El Dorado,2021-01-07,326,3923,134,2403,192,1520,0,0,255,3623,71,150,255,3773,California
El Dorado,2021-01-08,971,4894,500,2903,471,1991,0,0,769,4191,202,352,770,4543,California
El Dorado,2021-01-09,191,5085,155,3058,36,2027,0,0,123,4246,68,420,123,4666,California
El Dorado,2021-01-10,180,5265,129,3187,51,2078,0,0,111,4288,69,489,111,4777,California
El Dorado,2021-01-11,653,5918,290,3477,363,2441,0,0,458,4552,194,683,458,5235,California
El Dorado,2021-01-12,693,6611,419,3896,274,2715,0,0,445,4749,248,931,445,5680,California
El Dorado,2021-01-13,692,7303,295,4191,397,3112,0,0,533,5124,159,1090,534,6214,California
El Dorado,2021-01-14,673,7976,218,4409,455,3567,0,0,577,5605,96,1186,577,6791,California
El Dorado,2021-01-15,667,8643,181,4590,486,4053,0,0,595,6128,72,1258,595,7386,California
El Dorado,2021-01-16,171,8814,104,4694,67,4120,0,0,144,6245,27,1285,144,7530,California
El Dorado,2021-01-17,96,8910,44,4738,52,4172,0,0,80,6309,16,1301,80,7610,California
El Dorado,2021-01-18,416,9326,138,4876,278,4450,0,0,348,6589,68,1369,348,7958,California
El Dorado,2021-01-19,632,9958,345,5221,287,4737,0,0,484,6925,148,1517,484,8442,California
El Dorado,2021-01-20,1006,10964,684,5905,322,5059,0,0,894,7708,111,1628,894,9336,California
El Dorado,2021-01-21,1140,12104,562,6467,578,5637,0,0,934,8478,164,1792,934,10270,California
El Dorado,2021-01-22,1091,13195,704,7171,387,6024,0,0,1040,9468,50,1842,1040,11310,California
El Dorado,2021-01-23,737,13932,618,7789,119,6143,0,0,627,9985,110,1952,627,11937,California
El Dorado,2021-01-24,125,14057,75,7864,50,6193,0,0,107,10074,18,1970,107,12044,California
El Dorado,2021-01-25,603,14660,199,8063,404,6597,0,0,516,10503,87,2057,516,12560,California
El Dorado,2021-01-26,666,15326,357,8420,309,6906,0,0,566,10970,100,2157,567,13127,California
El Dorado,2021-01-27,921,16247,327,8747,594,7500,0,0,588,11224,334,2491,588,13715,California
El Dorado,2021-01-28,1096,17343,449,9196,647,8147,0,0,737,11602,359,2850,737,14452,California
El Dorado,2021-01-29,964,18307,489,9685,475,8622,0,0,735,12109,228,3078,735,15187,California
El Dorado,2021-01-30,610,18917,359,10044,251,8873,0,0,451,12401,159,3237,451,15638,California
El Dorado,2021-01-31,206,19123,185,10229,21,8894,0,0,176,12547,30,3267,176,15814,California
El Dorado,2021-02-01,787,19910,367,10596,420,9314,0,0,642,13045,144,3411,642,16456,California
El Dorado,2021-02-02,816,20726,361,10957,455,9769,0,0,660,13550,155,3566,660,17116,California
El Dorado,2021-02-03,890,21616,476,11433,414,10183,0,0,680,14020,210,3776,680,17796,California
El Dorado,2021-02-04,1265,22881,722,12155,543,10726,0,0,873,14501,392,4168,873,18669,California
El Dorado,2021-02-05,1476,24357,596,12751,880,11606,0,0,868,14794,575,4743,868,19537,California
El Dorado,2021-02-06,639,24996,334,13085,305,11911,0,0,532,15220,107,4850,533,20070,California
El Dorado,2021-02-07,255,25251,176,13261,79,11990,0,0,190,15345,65,4915,190,20260,California
El Dorado,2021-02-08,875,26126,415,13676,460,12450,0,0,604,15678,271,5186,604,20864,California
El Dorado,2021-02-09,886,27012,484,14160,402,12852,0,0,468,15728,418,5604,468,21332,California
El Dorado,2021-02-10,1212,28224,725,14885,487,13339,0,0,624,15765,587,6191,624,21956,California
El Dorado,2021-02-11,2047,30271,872,15757,1175,14514,0,0,904,15528,1142,7333,905,22861,California
El Dorado,2021-02-12,1482,31753,824,16581,658,15172,0,0,657,15360,825,8158,657,23518,California
El Dorado,2021-02-13,964,32717,670,17251,294,15466,0,0,421,15241,540,8698,421,23939,California
El Dorado,2021-02-14,472,33189,151,17402,321,15787,0,0,390,15549,82,8780,390,24329,California
El Dorado,2021-02-15,1125,34314,385,17787,740,16527,0,0,780,15987,345,9125,783,25112,California
El Dorado,2021-02-16,1148,35462,524,18311,624,17151,0,0,644,16128,504,9629,645,25757,California
El Dorado,2021-02-17,847,36309,374,18685,473,17624,0,0,394,16072,453,10082,397,26154,California
El Dorado,2021-02-18,2062,38371,1007,19692,1055,18679,0,0,1343,16698,718,10800,1344,27498,California
El Dorado,2021-02-19,1153,39524,600,20292,553,19232,0,0,645,16836,508,11308,646,28144,California
El Dorado,2021-02-20,919,40443,431,20723,488,19720,0,0,672,17266,242,11550,672,28816,California
El Dorado,2021-02-21,276,40719,222,20945,54,19774,0,0,96,17182,180,11730,96,28912,California
El Dorado,2021-02-22,855,41574,436,21381,419,20193,0,0,274,16876,580,12310,274,29186,California
El Dorado,2021-02-23,739,42313,465,21846,274,20467,0,0,316,16769,423,12733,316,29502,California
El Dorado,2021-02-24,905,43218,439,22285,466,20933,0,0,367,16599,538,13271,368,29870,California
El Dorado,2021-02-25,1490,44708,858,23143,632,21565,0,0,624,16366,859,14130,626,30496,California
El Dorado,2021-02-26,2223,46931,1458,24601,765,22330,0,0,1528,17199,695,14825,1528,32024,California
El Dorado,2021-02-27,1610,48541,411,25012,1199,23529,0,0,1174,17940,433,15258,1174,33198,California
El Dorado,2021-02-28,555,49096,199,25211,356,23885,0,0,406,18197,149,15407,406,33604,California
El Dorado,2021-03-01,1055,50151,441,25652,614,24499,0,0,566,18275,488,15895,566,34170,California
El Dorado,2021-03-02,851,51002,264,25916,587,25086,0,0,434,18295,415,16310,435,34605,California
El Dorado,2021-03-03,1448,52450,411,26327,1037,26123,0,0,998,18851,444,16754,1000,35605,California
El Dorado,2021-03-04,2179,54629,1374,27701,805,26928,0,0,965,18605,1212,17966,966,36571,California
El Dorado,2021-03-05,1218,55847,258,27959,955,27883,5,5,755,18907,459,18425,761,37332,California
El Dorado,2021-03-06,606,56453,191,28150,385,28268,30,35,316,18963,290,18715,346,37678,California
El Dorado,2021-03-07,400,56853,198,28348,181,28449,21,56,240,19066,158,18873,261,37939,California
El Dorado,2021-03-08,1245,58098,366,28714,812,29261,67,123,789,19469,455,19328,858,38797,California
El Dorado,2021-03-09,897,58995,225,28939,609,29870,63,186,547,19732,348,19676,611,39408,California
El Dorado,2021-03-10,772,59767,330,29269,420,30290,22,208,466,19916,304,19980,488,39896,California
El Dorado,2021-03-11,2769,62536,1779,31048,821,31111,169,377,1230,19782,1532,21512,1398,41294,California
El Dorado,2021-03-12,1459,63995,604,31652,623,31734,232,609,544,19653,911,22423,782,42076,California
El Dorado,2021-03-13,925,64920,344,31996,325,32059,256,865,336,19655,588,23011,590,42666,California
El Dorado,2021-03-14,663,65583,201,32197,357,32416,105,970,240,19578,423,23434,346,43012,California
El Dorado,2021-03-15,1272,66855,300,32497,849,33265,123,1093,515,19462,755,24189,639,43651,California
El Dorado,2021-03-16,1126,67981,385,32882,602,33867,139,1232,500,19479,622,24811,639,44290,California
El Dorado,2021-03-17,963,68944,315,33197,555,34422,93,1325,600,19810,363,25174,694,44984,California
El Dorado,2021-03-18,1922,70866,973,34170,908,35330,41,1366,1184,20303,733,25907,1226,46210,California
El Dorado,2021-03-19,830,71696,269,34439,436,35766,125,1491,430,20458,400,26307,555,46765,California
El Dorado,2021-03-20,743,72439,178,34617,552,36318,13,1504,259,20257,473,26780,272,47037,California
El Dorado,2021-03-21,929,73368,379,34996,543,36861,7,1511,839,21015,89,26869,847,47884,California
El Dorado,2021-03-22,1394,74762,447,35443,866,37727,81,1592,1101,21909,290,27159,1184,49068,California
El Dorado,2021-03-23,1023,75785,435,35878,498,38225,90,1682,646,22278,368,27527,737,49805,California
El Dorado,2021-03-24,1266,77051,588,36466,486,38711,192,1874,577,22374,682,28209,778,50583,California
El Dorado,2021-03-25,2260,79311,1571,38037,586,39297,103,1977,1259,22837,998,29207,1461,52044,California
El Dorado,2021-03-26,1616,80927,642,38679,868,40165,106,2083,827,23126,778,29985,1067,53111,California
El Dorado,2021-03-27,1239,82166,163,38842,1072,41237,4,2087,291,22489,942,30927,305,53416,California
El Dorado,2021-03-28,555,82721,165,39007,379,41616,11,2098,159,22266,394,31321,171,53587,California
El Dorado,2021-03-29,1139,83860,428,39435,698,42314,13,2111,709,22564,427,31748,725,54312,California
El Dorado,2021-03-30,596,84456,345,39780,247,42561,4,2115,298,22578,295,32043,309,54621,California
Fresno,2020-12-15,1,1,1,1,0,0,0,0,1,1,0,0,1,1,California
Fresno,2020-12-16,120,121,120,121,0,0,0,0,120,121,0,0,120,121,California
Fresno,2020-12-17,119,240,119,240,0,0,0,0,119,240,0,0,119,240,California
Fresno,2020-12-18,344,584,344,584,0,0,0,0,344,584,0,0,344,584,California
Fresno,2020-12-19,157,741,157,741,0,0,0,0,157,741,0,0,157,741,California
Fresno,2020-12-20,255,996,254,995,1,1,0,0,255,996,0,0,255,996,California
Fresno,2020-12-21,925,1921,924,1919,1,2,0,0,957,1953,0,0,957,1953,California
Fresno,2020-12-22,900,2821,872,2791,28,30,0,0,904,2857,0,0,904,2857,California
Fresno,2020-12-23,1080,3901,1051,3842,29,59,0,0,1081,3938,0,0,1081,3938,California
Fresno,2020-12-24,578,4479,563,4405,15,74,0,0,578,4516,0,0,578,4516,California
Fresno,2020-12-25,3,4482,2,4407,1,75,0,0,3,4519,0,0,3,4519,California
Fresno,2020-12-26,720,5202,712,5119,8,83,0,0,720,5239,0,0,720,5239,California
Fresno,2020-12-27,299,5501,204,5323,95,178,0,0,299,5538,0,0,299,5538,California
Fresno,2020-12-28,1055,6556,772,6095,283,461,0,0,1055,6593,0,0,1055,6593,California
Fresno,2020-12-29,1775,8331,1038,7133,737,1198,0,0,1773,8365,1,1,1773,8366,California
Fresno,2020-12-30,970,9301,473,7606,497,1695,0,0,970,9335,0,1,970,9336,California
Fresno,2020-12-31,892,10193,311,7917,581,2276,0,0,891,10226,0,1,891,10227,California
Fresno,2021-01-01,9,10202,3,7920,6,2282,0,0,9,10235,0,1,9,10236,California
Fresno,2021-01-02,1028,11230,716,8636,312,2594,0,0,1028,11263,0,1,1028,11264,California
Fresno,2021-01-03,152,11382,128,8764,24,2618,0,0,152,11415,0,1,152,11416,California
Fresno,2021-01-04,606,11988,372,9136,234,2852,0,0,606,12021,0,1,606,12022,California
Fresno,2021-01-05,774,12762,311,9447,463,3315,0,0,700,12647,74,75,700,12722,California
Fresno,2021-01-06,965,13727,342,9789,623,3938,0,0,793,13268,172,247,793,13515,California
Fresno,2021-01-07,1872,15599,913,10702,959,4897,0,0,1620,14637,252,499,1621,15136,California
Fresno,2021-01-08,1766,17365,614,11316,1152,6049,0,0,1401,15676,363,862,1402,16538,California
Fresno,2021-01-09,628,17993,387,11703,241,6290,0,0,354,15756,274,1136,354,16892,California
Fresno,2021-01-10,513,18506,485,12188,28,6318,0,0,199,15641,314,1450,199,17091,California
Fresno,2021-01-11,2132,20638,1729,13917,403,6721,0,0,1440,16392,692,2142,1443,18534,California
Fresno,2021-01-12,2500,23138,1809,15726,691,7412,0,0,1655,17202,847,2989,1657,20191,California
Fresno,2021-01-13,3526,26664,2422,18148,1104,8516,0,0,2667,19012,859,3848,2669,22860,California
Fresno,2021-01-14,4127,30791,2205,20353,1922,10438,0,0,3654,22193,473,4321,3654,26514,California
Fresno,2021-01-15,3616,34407,2522,22875,1094,11532,0,0,3259,25097,357,4678,3261,29775,California
Fresno,2021-01-16,3133,37540,2293,25168,840,12372,0,0,2672,27309,461,5139,2673,32448,California
Fresno,2021-01-17,977,38517,554,25722,423,12795,0,0,777,27886,200,5339,777,33225,California
Fresno,2021-01-18,3070,41587,2362,28084,708,13503,0,0,2410,29640,658,5997,2412,35637,California
Fresno,2021-01-19,4288,45875,2529,30613,1759,15262,0,0,3648,32656,640,6637,3656,39293,California
Fresno,2021-01-20,2978,48853,1184,31797,1794,17056,0,0,2691,35061,288,6925,2693,41986,California
Fresno,2021-01-21,4323,53176,2001,33798,2322,19378,0,0,3978,38716,328,7253,3983,45969,California
Fresno,2021-01-22,3291,56467,1340,35138,1951,21329,0,0,2906,41254,369,7622,2907,48876,California
Fresno,2021-01-23,3032,59499,1957,37095,1075,22404,0,0,2309,42849,723,8345,2318,51194,California
Fresno,2021-01-24,550,60049,373,37468,177,22581,0,0,347,42996,203,8548,350,51544,California
Fresno,2021-01-25,2321,62370,857,38325,1464,24045,0,0,1837,44356,484,9032,1844,53388,California
Fresno,2021-01-26,2006,64376,577,38902,1429,25474,0,0,1298,44951,706,9738,1301,54689,California
Fresno,2021-01-27,2233,66609,1155,40057,1078,26552,0,0,1721,46162,512,10250,1723,56412,California
Fresno,2021-01-28,4445,71054,3020,43077,1425,27977,0,0,3441,48605,1001,11251,3444,59856,California
Fresno,2021-01-29,1691,72745,983,44060,708,28685,0,0,1394,49707,293,11544,1395,61251,California
Fresno,2021-01-30,1413,74158,527,44587,886,29571,0,0,1003,50300,410,11954,1003,62254,California
Fresno,2021-01-31,228,74386,219,44806,9,29580,0,0,74,50220,154,12108,74,62328,California
Fresno,2021-02-01,3317,77703,1655,46461,1662,31242,0,0,1725,50456,1591,13699,1827,64155,California
Fresno,2021-02-02,2710,80413,544,47005,2166,33408,0,0,1543,50911,1154,14853,1609,65764,California
Fresno,2021-02-03,3483,83896,2040,49045,1443,34851,0,0,1526,50500,1938,16791,1527,67291,California
Fresno,2021-02-04,4191,88087,1901,50946,2290,37141,0,0,1927,50198,2234,19025,1932,69223,California
Fresno,2021-02-05,5119,93206,2599,53545,2520,39661,0,0,2109,49306,3003,22028,2111,71334,California
Fresno,2021-02-06,2920,96126,2037,55582,883,40544,0,0,961,48314,1955,23983,963,72297,California
Fresno,2021-02-07,459,96585,285,55867,174,40718,0,0,271,48398,187,24170,271,72568,California
Fresno,2021-02-08,4274,100859,2300,58167,1974,42692,0,0,1813,47782,2438,26608,1822,74390,California
Fresno,2021-02-09,5328,106187,2088,60255,3240,45932,0,0,3128,48792,2126,28734,3136,77526,California
Fresno,2021-02-10,3662,109849,1227,61482,2435,48367,0,0,1965,49119,1644,30378,1971,79497,California
Fresno,2021-02-11,6343,116192,2087,63569,4256,52623,0,0,3365,49522,2966,33344,3369,82866,California
Fresno,2021-02-12,5346,121538,1373,64942,3973,56596,0,0,2750,49698,2580,35924,2756,85622,California
Fresno,2021-02-13,3715,125253,1544,66486,2171,58767,0,0,2070,50138,1633,37557,2073,87695,California
Fresno,2021-02-14,1555,126808,282,66768,1273,60040,0,0,845,50275,709,38266,846,88541,California
Fresno,2021-02-15,2862,129670,269,67037,2593,62633,0,0,1761,50942,1097,39363,1764,90305,California
Fresno,2021-02-16,6612,136282,2388,69425,4224,66857,0,0,4212,52775,2384,41747,4217,94522,California
Fresno,2021-02-17,5294,141576,2437,71862,2857,69714,0,0,2965,53468,2284,44031,2977,97499,California
Fresno,2021-02-18,6797,148373,2906,74768,3891,73605,0,0,2572,51877,4175,48206,2584,100083,California
Fresno,2021-02-19,3799,152172,1102,75870,2697,76302,0,0,1834,51761,1953,50159,1837,101920,California
Fresno,2021-02-20,4527,156699,2493,78363,2034,78336,0,0,3068,53381,1453,51612,3073,104993,California
Fresno,2021-02-21,179,156878,163,78526,16,78352,0,0,127,53467,41,51653,127,105120,California
Fresno,2021-02-22,2162,159040,955,79481,1207,79559,0,0,1194,53708,960,52613,1201,106321,California
Fresno,2021-02-23,3804,162844,1430,80911,2374,81933,0,0,2955,55826,843,53456,2961,109282,California
Fresno,2021-02-24,4090,166934,1491,82402,2599,84532,0,0,3355,58457,727,54183,3358,112640,California
Fresno,2021-02-25,7373,174307,2455,84857,4918,89450,0,0,5988,63075,1376,55559,5994,118634,California
Fresno,2021-02-26,8114,182421,2977,87834,5137,94587,0,0,6859,68704,1234,56793,6863,125497,California
Fresno,2021-02-27,6229,188650,2166,90000,4063,98650,0,0,5554,73599,667,57460,5562,131059,California
Fresno,2021-02-28,1625,190275,525,90525,1100,99750,0,0,1529,75055,86,57546,1542,132601,California
Fresno,2021-03-01,4713,194988,1237,91762,3476,103226,0,0,3458,77275,1245,58791,3465,136066,California
Fresno,2021-03-02,8170,203158,2240,94002,5930,109156,0,0,6854,82863,1291,60082,6879,142945,California
Fresno,2021-03-03,5873,209031,1370,95372,4503,113659,0,0,4905,86907,955,61037,4999,147944,California
Fresno,2021-03-04,7989,217020,2263,97635,5726,119385,0,0,6510,91971,1456,62493,6520,154464,California
Fresno,2021-03-05,7031,224051,2579,100214,4451,123836,1,1,6091,97291,809,63302,6129,160593,California
Fresno,2021-03-06,6007,230058,3247,103461,2648,126484,112,113,5092,101589,911,64213,5209,165802,California
Fresno,2021-03-07,1310,231368,536,103997,740,127224,34,147,1089,102492,221,64434,1124,166926,California
Fresno,2021-03-08,4542,235910,1695,105692,2715,129939,132,279,3414,104929,1124,65558,3561,170487,California
Fresno,2021-03-09,6567,242477,2200,107892,4103,134042,264,543,3721,106119,2836,68394,4026,174513,California
Fresno,2021-03-10,5912,248389,2350,110242,3202,137244,360,903,4559,109705,1343,69737,4929,179442,California
Fresno,2021-03-11,10266,258655,3968,114210,5783,143027,515,1418,5575,111210,4661,74398,6166,185608,California
Fresno,2021-03-12,9829,268484,4195,118405,5252,148279,382,1800,7349,116623,2468,76866,7881,193489,California
Fresno,2021-03-13,6761,275245,3588,121993,2274,150553,899,2699,3168,117196,3578,80444,4151,197640,California
Fresno,2021-03-14,1218,276463,383,122376,566,151119,269,2968,492,117236,722,81166,762,198402,California
Fresno,2021-03-15,6618,283081,2825,125201,3631,154750,162,3130,4518,120026,2091,83257,4881,203283,California
Fresno,2021-03-16,9821,292902,4315,129516,5136,159886,370,3500,6026,122754,3771,87028,6499,209782,California
Fresno,2021-03-17,7711,300613,3580,133096,3599,163485,532,4032,5175,126327,2518,89546,6091,215873,California
Fresno,2021-03-18,10229,310842,5651,138747,4033,167518,545,4577,6618,130269,3581,93127,7523,223396,California
Fresno,2021-03-19,9010,319852,4660,143407,3904,171422,446,5023,5983,133963,3005,96132,6699,230095,California
Fresno,2021-03-20,5156,325008,2949,146356,2010,173432,197,5220,3052,135307,2099,98231,3443,233538,California
Fresno,2021-03-21,1723,326731,1173,147529,188,173620,362,5582,934,135823,785,99016,1301,234839,California
Fresno,2021-03-22,5484,332215,2800,150329,2094,175714,590,6172,3663,138523,1793,100809,4493,239332,California
Fresno,2021-03-23,10220,342435,5100,155429,4697,180411,423,6595,5938,141108,4249,105058,6834,246166,California
Fresno,2021-03-24,8260,350695,3449,158878,4020,184431,791,7386,4597,143029,3638,108696,5559,251725,California
Fresno,2021-03-25,11012,361707,5179,164057,5198,189629,635,8021,5802,144589,5177,113873,6737,258462,California
Fresno,2021-03-26,10668,372375,5033,169090,5084,194713,551,8572,4945,144467,5677,119550,5555,264017,California
Fresno,2021-03-27,9113,381488,4027,173117,4099,198812,987,9559,2871,142222,6213,125763,3968,267985,California
Fresno,2021-03-28,2569,384057,1157,174274,1379,200191,33,9592,1315,142587,1249,127012,1614,269599,California
Fresno,2021-03-29,5528,389585,1859,176133,3191,203382,478,10070,2753,143103,2747,129759,3263,272862,California
Fresno,2021-03-30,5557,395142,2661,178794,2565,205947,331,10401,2729,143392,2820,132579,3109,275971,California
Glenn,2020-12-17,1,1,1,1,0,0,0,0,1,1,0,0,1,1,California
Glenn,2020-12-19,1,2,1,2,0,0,0,0,1,2,0,0,1,2,California
Glenn,2020-12-20,1,3,1,3,0,0,0,0,1,3,0,0,1,3,California
Glenn,2020-12-21,11,14,11,14,0,0,0,0,11,14,0,0,11,14,California
Glenn,2020-12-22,59,73,59,73,0,0,0,0,59,73,0,0,59,73,California
Glenn,2020-12-23,26,99,26,99,0,0,0,0,26,99,0,0,26,99,California
Glenn,2020-12-24,9,108,9,108,0,0,0,0,9,108,0,0,9,108,California
Glenn,2020-12-26,2,110,2,110,0,0,0,0,2,110,0,0,2,110,California
Glenn,2020-12-27,4,114,4,114,0,0,0,0,4,114,0,0,4,114,California
Glenn,2020-12-28,20,134,20,134,0,0,0,0,20,134,0,0,20,134,California
Glenn,2020-12-29,82,216,82,216,0,0,0,0,82,216,0,0,82,216,California
Glenn,2020-12-30,129,345,107,323,22,22,0,0,129,345,0,0,129,345,California
Glenn,2020-12-31,38,383,9,332,29,51,0,0,38,383,0,0,38,383,California
Glenn,2021-01-02,2,385,2,334,0,51,0,0,2,385,0,0,2,385,California
Glenn,2021-01-04,7,392,5,339,2,53,0,0,7,392,0,0,7,392,California
Glenn,2021-01-05,9,401,8,347,1,54,0,0,9,401,0,0,9,401,California
Glenn,2021-01-06,61,462,9,356,52,106,0,0,61,462,0,0,61,462,California
Glenn,2021-01-07,66,528,12,368,54,160,0,0,64,524,2,2,64,526,California
Glenn,2021-01-08,11,539,9,377,2,162,0,0,11,535,0,2,11,537,California
Glenn,2021-01-10,1,540,1,378,0,162,0,0,0,534,1,3,0,537,California
Glenn,2021-01-11,30,570,30,408,0,162,0,0,12,528,18,21,12,549,California
Glenn,2021-01-12,42,612,37,445,5,167,0,0,14,514,28,49,14,563,California
Glenn,2021-01-13,153,765,88,533,65,232,0,0,110,581,43,92,110,673,California
Glenn,2021-01-14,183,948,95,628,88,320,0,0,173,744,10,102,173,846,California
Glenn,2021-01-15,42,990,34,662,8,328,0,0,37,776,5,107,37,883,California
Glenn,2021-01-16,34,1024,14,676,20,348,0,0,24,790,10,117,24,907,California
Glenn,2021-01-17,4,1028,2,678,2,350,0,0,2,790,2,119,2,909,California
Glenn,2021-01-18,17,1045,16,694,1,351,0,0,9,791,8,127,9,918,California
Glenn,2021-01-19,28,1073,18,712,10,361,0,0,12,787,16,143,12,930,California
Glenn,2021-01-20,162,1235,93,805,69,430,0,0,81,787,81,224,81,1011,California
Glenn,2021-01-21,124,1359,98,903,26,456,0,0,29,721,95,319,29,1040,California
Glenn,2021-01-22,336,1695,63,966,273,729,0,0,329,1043,7,326,329,1369,California
Glenn,2021-01-23,14,1709,7,973,7,736,0,0,12,1053,2,328,12,1381,California
Glenn,2021-01-24,1,1710,1,974,0,736,0,0,1,1054,0,328,1,1382,California
Glenn,2021-01-25,27,1737,9,983,18,754,0,0,24,1075,3,331,24,1406,California
Glenn,2021-01-26,29,1766,13,996,16,770,0,0,23,1092,6,337,23,1429,California
Glenn,2021-01-27,188,1954,14,1010,174,944,0,0,166,1236,22,359,166,1595,California
Glenn,2021-01-28,145,2099,8,1018,137,1081,0,0,115,1321,30,389,115,1710,California
Glenn,2021-01-29,296,2395,11,1029,285,1366,0,0,282,1589,14,403,282,1992,California
Glenn,2021-01-30,4,2399,0,1029,4,1370,0,0,4,1593,0,403,4,1996,California
Glenn,2021-01-31,1,2400,0,1029,1,1371,0,0,1,1594,0,403,1,1997,California
Glenn,2021-02-01,29,2429,10,1039,19,1390,0,0,17,1599,12,415,17,2014,California
Glenn,2021-02-02,27,2456,12,1051,15,1405,0,0,18,1608,9,424,18,2032,California
Glenn,2021-02-03,206,2662,58,1109,148,1553,0,0,111,1624,95,519,111,2143,California
Glenn,2021-02-04,149,2811,84,1193,65,1618,0,0,45,1565,104,623,45,2188,California
Glenn,2021-02-05,320,3131,24,1217,296,1914,0,0,301,1847,19,642,301,2489,California
Glenn,2021-02-06,15,3146,2,1219,13,1927,0,0,14,1860,1,643,14,2503,California
Glenn,2021-02-07,1,3147,1,1220,0,1927,0,0,1,1861,0,643,1,2504,California
Glenn,2021-02-08,21,3168,17,1237,4,1931,0,0,4,1848,17,660,4,2508,California
Glenn,2021-02-09,48,3216,19,1256,29,1960,0,0,36,1872,12,672,36,2544,California
Glenn,2021-02-10,138,3354,19,1275,119,2079,0,0,64,1862,74,746,64,2608,California
Glenn,2021-02-11,233,3587,134,1409,99,2178,0,0,151,1931,82,828,151,2759,California
Glenn,2021-02-12,422,4009,100,1509,322,2500,0,0,358,2225,64,892,358,3117,California
Glenn,2021-02-13,33,4042,7,1516,26,2526,0,0,15,2222,18,910,15,3132,California
Glenn,2021-02-14,1,4043,0,1516,1,2527,0,0,1,2223,0,910,1,3133,California
Glenn,2021-02-15,8,4051,0,1516,8,2535,0,0,8,2231,0,910,8,3141,California
Glenn,2021-02-16,38,4089,9,1525,29,2564,0,0,20,2233,18,928,20,3161,California
Glenn,2021-02-17,381,4470,15,1540,366,2930,0,0,303,2458,78,1006,303,3464,California
Glenn,2021-02-18,138,4608,103,1643,35,2965,0,0,114,2548,24,1030,114,3578,California
Glenn,2021-02-19,302,4910,16,1659,286,3251,0,0,29,2304,273,1303,29,3607,California
Glenn,2021-02-20,8,4918,0,1659,8,3259,0,0,0,2296,8,1311,0,3607,California
Glenn,2021-02-22,31,4949,12,1671,19,3278,0,0,15,2295,16,1327,15,3622,California
Glenn,2021-02-23,40,4989,10,1681,30,3308,0,0,28,2311,12,1339,28,3650,California
Glenn,2021-02-24,223,5212,16,1697,207,3515,0,0,49,2186,174,1513,49,3699,California
Glenn,2021-02-25,262,5474,147,1844,115,3630,0,0,119,2162,143,1656,119,3818,California
Glenn,2021-02-26,304,5778,24,1868,280,3910,0,0,20,1899,283,1939,20,3838,California
Glenn,2021-02-27,14,5792,5,1873,9,3919,0,0,5,1896,8,1947,5,3843,California
Glenn,2021-02-28,5,5797,2,1875,3,3922,0,0,3,1898,1,1948,3,3846,California
Glenn,2021-03-01,29,5826,6,1881,23,3945,0,0,12,1893,17,1965,12,3858,California
Glenn,2021-03-02,34,5860,7,1888,27,3972,0,0,15,1889,19,1984,15,3873,California
Glenn,2021-03-03,180,6040,25,1913,155,4127,0,0,88,1887,90,2074,88,3961,California
Glenn,2021-03-04,479,6519,179,2092,300,4427,0,0,334,2076,145,2219,334,4295,California
Glenn,2021-03-05,330,6849,45,2137,285,4712,0,0,33,1812,297,2516,33,4328,California
Glenn,2021-03-06,28,6877,4,2141,23,4735,1,1,11,1807,17,2533,12,4340,California
Glenn,2021-03-07,5,6882,0,2141,5,4740,0,1,3,1809,1,2534,3,4343,California
Glenn,2021-03-08,21,6903,2,2143,18,4758,1,2,19,1827,2,2536,20,4363,California
Glenn,2021-03-09,70,6973,10,2153,57,4815,3,5,46,1852,24,2560,49,4412,California
Glenn,2021-03-10,165,7138,68,2221,95,4910,2,7,91,1871,74,2634,93,4505,California
Glenn,2021-03-11,504,7642,168,2389,322,5232,14,21,381,2143,123,2757,395,4900,California
Glenn,2021-03-12,398,8040,12,2401,336,5568,50,71,35,1865,363,3120,85,4985,California
Glenn,2021-03-13,10,8050,1,2402,1,5569,8,79,0,1863,10,3130,8,4993,California
Glenn,2021-03-14,3,8053,1,2403,2,5571,0,79,2,1864,1,3131,2,4995,California
Glenn,2021-03-15,71,8124,16,2419,51,5622,4,83,57,1911,14,3145,61,5056,California
Glenn,2021-03-16,100,8224,30,2449,60,5682,10,93,59,1939,41,3186,69,5125,California
Glenn,2021-03-17,415,8639,98,2547,311,5993,6,99,113,1755,302,3488,118,5243,California
Glenn,2021-03-18,458,9097,192,2739,43,6036,223,322,123,1766,335,3823,346,5589,California
Glenn,2021-03-19,81,9178,14,2753,63,6099,4,326,63,1816,17,3840,67,5656,California
Glenn,2021-03-20,74,9252,2,2755,72,6171,0,326,73,1888,1,3841,73,5729,California
Glenn,2021-03-21,7,9259,6,2761,0,6171,1,327,4,1891,2,3843,5,5734,California
Glenn,2021-03-22,116,9375,52,2813,55,6226,9,336,95,1976,19,3862,104,5838,California
Glenn,2021-03-23,153,9528,66,2879,49,6275,38,374,94,2050,58,3920,132,5970,California
Glenn,2021-03-24,194,9722,90,2969,99,6374,5,379,132,2126,61,3981,137,6107,California
Glenn,2021-03-25,458,10180,230,3199,135,6509,93,472,328,2418,129,4110,421,6528,California
Glenn,2021-03-26,217,10397,34,3233,146,6655,37,509,165,2570,52,4162,204,6732,California
Glenn,2021-03-27,149,10546,21,3254,124,6779,4,513,139,2703,10,4172,143,6875,California
Glenn,2021-03-28,14,10560,9,3263,5,6784,0,513,10,2709,4,4176,10,6885,California
Glenn,2021-03-29,54,10614,19,3282,33,6817,2,515,41,2739,13,4189,43,6928,California
Glenn,2021-03-30,60,10674,34,3316,25,6842,1,516,35,2751,24,4213,36,6964,California
Humboldt,2020-12-15,2,2,2,2,0,0,0,0,2,2,0,0,2,2,California
Humboldt,2020-12-16,15,17,15,17,0,0,0,0,15,17,0,0,15,17,California
Humboldt,2020-12-17,115,132,115,132,0,0,0,0,115,132,0,0,115,132,California
Humboldt,2020-12-18,171,303,171,303,0,0,0,0,171,303,0,0,171,303,California
Humboldt,2020-12-19,10,313,10,313,0,0,0,0,10,313,0,0,10,313,California
Humboldt,2020-12-20,28,341,28,341,0,0,0,0,28,341,0,0,28,341,California
Humboldt,2020-12-21,165,506,165,506,0,0,0,0,165,506,0,0,165,506,California
Humboldt,2020-12-22,287,793,287,793,0,0,0,0,287,793,0,0,287,793,California
Humboldt,2020-12-23,301,1094,253,1046,48,48,0,0,302,1095,0,0,302,1095,California
Humboldt,2020-12-24,25,1119,2,1048,23,71,0,0,25,1120,0,0,25,1120,California
Humboldt,2020-12-25,2,1121,2,1050,0,71,0,0,2,1122,0,0,2,1122,California
Humboldt,2020-12-26,7,1128,6,1056,1,72,0,0,7,1129,0,0,7,1129,California
Humboldt,2020-12-27,1,1129,0,1056,1,73,0,0,1,1130,0,0,1,1130,California
Humboldt,2020-12-28,152,1281,143,1199,9,82,0,0,152,1282,0,0,152,1282,California
Humboldt,2020-12-29,163,1444,121,1320,42,124,0,0,163,1445,0,0,163,1445,California
Humboldt,2020-12-30,221,1665,122,1442,99,223,0,0,221,1666,0,0,221,1666,California
Humboldt,2020-12-31,242,1907,80,1522,162,385,0,0,242,1908,0,0,242,1908,California
Humboldt,2021-01-01,1,1908,1,1523,0,385,0,0,1,1909,0,0,1,1909,California
Humboldt,2021-01-02,38,1946,1,1524,37,422,0,0,38,1947,0,0,38,1947,California
Humboldt,2021-01-04,214,2160,141,1665,73,495,0,0,215,2162,0,0,215,2162,California
Humboldt,2021-01-05,125,2285,17,1682,108,603,0,0,125,2287,0,0,125,2287,California
Humboldt,2021-01-06,299,2584,202,1884,97,700,0,0,228,2455,60,60,228,2515,California
Humboldt,2021-01-07,385,2969,272,2156,113,813,0,0,302,2676,81,141,302,2817,California
Humboldt,2021-01-08,417,3386,279,2435,138,951,0,0,285,2833,128,269,285,3102,California
Humboldt,2021-01-09,69,3455,45,2480,24,975,0,0,66,2897,3,272,67,3169,California
Humboldt,2021-01-10,84,3539,84,2564,0,975,0,0,4,2821,80,352,4,3173,California
Humboldt,2021-01-11,285,3824,274,2838,11,986,0,0,76,2692,205,557,76,3249,California
Humboldt,2021-01-12,478,4302,315,3153,163,1149,0,0,301,2838,155,712,301,3550,California
Humboldt,2021-01-13,473,4775,271,3424,202,1351,0,0,297,2963,173,885,298,3848,California
Humboldt,2021-01-14,516,5291,161,3585,355,1706,0,0,460,3368,56,941,461,4309,California
Humboldt,2021-01-15,373,5664,40,3625,333,2039,0,0,355,3706,17,958,355,4664,California
Humboldt,2021-01-16,169,5833,6,3631,163,2202,0,0,168,3873,1,959,168,4832,California
Humboldt,2021-01-17,4,5837,3,3634,1,2203,0,0,4,3877,0,959,4,4836,California
Humboldt,2021-01-18,272,6109,237,3871,35,2238,0,0,125,3855,147,1106,125,4961,California
Humboldt,2021-01-19,618,6727,372,4243,246,2484,0,0,492,4227,120,1226,492,5453,California
Humboldt,2021-01-20,848,7575,337,4580,511,2995,0,0,737,4855,110,1336,738,6191,California
Humboldt,2021-01-21,957,8532,261,4841,696,3691,0,0,917,5731,41,1377,917,7108,California
Humboldt,2021-01-22,676,9208,377,5218,299,3990,0,0,668,6391,8,1385,668,7776,California
Humboldt,2021-01-23,725,9933,250,5468,475,4465,0,0,719,7105,6,1391,720,8496,California
Humboldt,2021-01-24,224,10157,1,5469,223,4688,0,0,224,7329,0,1391,224,8720,California
Humboldt,2021-01-25,297,10454,227,5696,70,4758,0,0,144,7320,153,1544,144,8864,California
Humboldt,2021-01-26,514,10968,132,5828,382,5140,0,0,471,7748,43,1587,471,9335,California
Humboldt,2021-01-27,1251,12219,585,6413,666,5806,0,0,1187,8878,57,1644,1187,10522,California
Humboldt,2021-01-28,1438,13657,622,7035,816,6622,0,0,1304,10053,131,1775,1306,11828,California
Humboldt,2021-01-29,1123,14780,539,7574,584,7206,0,0,708,10346,415,2190,708,12536,California
Humboldt,2021-01-30,965,15745,455,8029,510,7716,0,0,957,11295,8,2198,957,13493,California
Humboldt,2021-01-31,306,16051,305,8334,1,7717,0,0,304,11597,2,2200,304,13797,California
Humboldt,2021-02-01,320,16371,180,8514,140,7857,0,0,184,11646,135,2335,184,13981,California
Humboldt,2021-02-02,427,16798,60,8574,367,8224,0,0,332,11885,95,2430,334,14315,California
Humboldt,2021-02-03,641,17439,257,8831,384,8608,0,0,493,12230,148,2578,493,14808,California
Humboldt,2021-02-04,635,18074,261,9092,374,8982,0,0,440,12477,193,2771,440,15248,California
Humboldt,2021-02-05,810,18884,96,9188,714,9696,0,0,629,12925,181,2952,629,15877,California
Humboldt,2021-02-06,963,19847,353,9541,610,10306,0,0,944,13852,17,2969,944,16821,California
Humboldt,2021-02-07,378,20225,7,9548,371,10677,0,0,375,14224,3,2972,375,17196,California
Humboldt,2021-02-08,294,20519,113,9661,181,10858,0,0,173,14277,120,3092,173,17369,California
Humboldt,2021-02-09,482,21001,208,9869,274,11132,0,0,173,14141,309,3401,173,17542,California
Humboldt,2021-02-10,531,21532,341,10210,190,11322,0,0,231,14076,296,3697,231,17773,California
Humboldt,2021-02-11,1285,22817,389,10599,896,12218,0,0,505,13804,777,4474,505,18278,California
Humboldt,2021-02-12,1135,23952,731,11330,404,12622,0,0,700,14069,435,4909,700,18978,California
Humboldt,2021-02-13,1427,25379,483,11813,944,13566,0,0,858,14362,566,5475,859,19837,California
Humboldt,2021-02-14,115,25494,6,11819,109,13675,0,0,112,14472,2,5477,112,19949,California
Humboldt,2021-02-15,288,25782,74,11893,214,13889,0,0,195,14575,93,5570,196,20145,California
Humboldt,2021-02-16,521,26303,108,12001,413,14302,0,0,247,14549,274,5844,248,20393,California
Humboldt,2021-02-17,439,26742,271,12272,168,14470,0,0,137,14384,302,6146,137,20530,California
Humboldt,2021-02-18,966,27708,600,12872,366,14836,0,0,227,13873,738,6884,227,20757,California
Humboldt,2021-02-19,479,28187,437,13309,42,14878,0,0,93,13583,383,7267,93,20850,California
Humboldt,2021-02-20,1485,29672,887,14196,598,15476,0,0,403,12908,1080,8347,405,21255,California
Humboldt,2021-02-21,476,30148,468,14664,8,15484,0,0,191,12814,285,8632,191,21446,California
Humboldt,2021-02-22,111,30259,79,14743,32,15516,0,0,26,12757,83,8715,26,21472,California
Humboldt,2021-02-23,163,30422,63,14806,100,15616,0,0,41,12678,120,8835,41,21513,California
Humboldt,2021-02-24,1142,31564,685,15491,457,16073,0,0,570,12677,571,9406,570,22083,California
Humboldt,2021-02-25,831,32395,323,15814,508,16581,0,0,231,12310,598,10004,231,22314,California
Humboldt,2021-02-26,2134,34529,107,15921,2027,18608,0,0,454,11089,1675,11679,454,22768,California
Humboldt,2021-02-27,1448,35977,882,16803,566,19174,0,0,832,11309,614,12293,834,23602,California
Humboldt,2021-02-28,125,36102,13,16816,112,19286,0,0,118,11420,7,12300,118,23720,California
Humboldt,2021-03-01,246,36348,45,16861,201,19487,0,0,173,11520,73,12373,173,23893,California
Humboldt,2021-03-02,268,36616,41,16902,227,19714,0,0,151,11554,117,12490,151,24044,California
Humboldt,2021-03-03,1474,38090,996,17898,478,20192,0,0,1067,12221,401,12891,1068,25112,California
Humboldt,2021-03-04,862,38952,99,17997,763,20955,0,0,257,11874,605,13496,258,25370,California
Humboldt,2021-03-05,910,39862,170,18167,730,21685,10,10,357,11692,549,14045,367,25737,California
Humboldt,2021-03-06,1579,41441,733,18900,797,22482,49,59,697,11559,881,14926,748,26485,California
Humboldt,2021-03-07,358,41799,297,19197,45,22527,16,75,154,11526,203,15129,170,26655,California
Humboldt,2021-03-08,222,42021,19,19216,132,22659,71,146,135,11645,87,15216,206,26861,California
Humboldt,2021-03-09,429,42450,194,19410,110,22769,125,271,209,11760,219,15435,334,27195,California
Humboldt,2021-03-10,602,43052,425,19835,67,22836,110,381,378,12026,223,15658,489,27684,California
Humboldt,2021-03-11,1262,44314,403,20238,763,23599,96,477,483,11828,776,16434,578,28262,California
Humboldt,2021-03-12,1557,45871,1003,21241,354,23953,200,677,976,12432,574,17008,1178,29440,California
Humboldt,2021-03-13,1370,47241,930,22171,396,24349,44,721,640,12391,725,17733,684,30124,California
Humboldt,2021-03-14,92,47333,14,22185,71,24420,7,728,19,12344,73,17806,26,30150,California
Humboldt,2021-03-15,275,47608,49,22234,205,24625,21,749,59,12208,216,18022,80,30230,California
Humboldt,2021-03-16,624,48232,204,22438,171,24796,249,998,268,12368,356,18378,516,30746,California
Humboldt,2021-03-17,682,48914,359,22797,223,25019,100,1098,322,12431,359,18737,422,31168,California
Humboldt,2021-03-18,1258,50172,821,23618,406,25425,31,1129,724,12656,530,19267,755,31923,California
Humboldt,2021-03-19,923,51095,56,23674,562,25987,305,1434,349,12738,572,19839,654,32577,California
Humboldt,2021-03-20,956,52051,575,24249,370,26357,11,1445,269,12336,686,20525,284,32861,California
Humboldt,2021-03-21,149,52200,34,24283,87,26444,28,1473,102,12419,47,20572,130,32991,California
Humboldt,2021-03-22,119,52319,24,24307,50,26494,45,1518,68,12482,50,20622,113,33104,California
Humboldt,2021-03-23,410,52729,54,24361,316,26810,40,1558,324,12761,85,20707,364,33468,California
Humboldt,2021-03-24,1275,54004,294,24655,937,27747,44,1602,994,13542,277,20984,1058,34526,California
Humboldt,2021-03-25,1708,55712,1140,25795,507,28254,61,1663,848,13597,856,21840,911,35437,California
Humboldt,2021-03-26,1921,57633,399,26194,1467,29721,55,1718,1515,14768,405,22245,1576,37013,California
Humboldt,2021-03-27,1051,58684,695,26889,284,30005,72,1790,360,14513,690,22935,435,37448,California
Humboldt,2021-03-28,254,58938,74,26963,113,30118,67,1857,77,14480,177,23112,144,37592,California
Humboldt,2021-03-29,416,59354,122,27085,204,30322,90,1947,154,14463,262,23374,245,37837,California
Humboldt,2021-03-30,427,59781,114,27199,307,30629,6,1953,316,14677,111,23485,325,38162,California
Imperial,2020-12-16,1,1,1,1,0,0,0,0,1,1,0,0,1,1,California
Imperial,2020-12-17,4,5,4,5,0,0,0,0,4,5,0,0,4,5,California
Imperial,2020-12-18,11,16,11,16,0,0,0,0,11,16,0,0,11,16,California
Imperial,2020-12-20,2,18,2,18,0,0,0,0,2,18,0,0,2,18,California
Imperial,2020-12-21,186,204,186,204,0,0,0,0,186,204,0,0,186,204,California
Imperial,2020-12-22,242,446,240,444,2,2,0,0,242,446,0,0,242,446,California
Imperial,2020-12-23,212,658,211,655,1,3,0,0,211,657,0,0,211,657,California
Imperial,2020-12-24,5,663,5,660,0,3,0,0,5,662,0,0,5,662,California
Imperial,2020-12-26,1,664,0,660,1,4,0,0,1,663,0,0,1,663,California
Imperial,2020-12-27,62,726,0,660,62,66,0,0,62,725,0,0,62,725,California
Imperial,2020-12-28,215,941,114,774,101,167,0,0,215,940,0,0,215,940,California
Imperial,2020-12-29,188,1129,35,809,153,320,0,0,188,1128,0,0,188,1128,California
Imperial,2020-12-30,366,1495,49,858,317,637,0,0,366,1494,0,0,366,1494,California
Imperial,2020-12-31,200,1695,26,884,174,811,0,0,200,1694,0,0,200,1694,California
Imperial,2021-01-01,5,1700,5,889,0,811,0,0,5,1699,0,0,5,1699,California
Imperial,2021-01-02,4,1704,0,889,4,815,0,0,4,1703,0,0,4,1703,California
Imperial,2021-01-03,90,1794,0,889,90,905,0,0,90,1793,0,0,90,1793,California
Imperial,2021-01-04,84,1878,4,893,80,985,0,0,84,1877,0,0,84,1877,California
Imperial,2021-01-05,172,2050,13,906,159,1144,0,0,172,2049,0,0,172,2049,California
Imperial,2021-01-06,190,2240,25,931,165,1309,0,0,189,2237,1,1,189,2238,California
Imperial,2021-01-07,319,2559,9,940,310,1619,0,0,316,2550,3,4,316,2554,California
Imperial,2021-01-08,190,2749,50,990,140,1759,0,0,181,2722,9,13,181,2735,California
Imperial,2021-01-09,24,2773,21,1011,3,1762,0,0,24,2746,0,13,24,2759,California
Imperial,2021-01-10,1,2774,0,1011,1,1763,0,0,1,2747,0,13,1,2760,California
Imperial,2021-01-11,401,3175,243,1254,158,1921,0,0,172,2690,229,242,172,2932,California
Imperial,2021-01-12,404,3579,301,1555,103,2024,0,0,142,2571,261,503,142,3074,California
Imperial,2021-01-13,382,3961,132,1687,250,2274,0,0,283,2755,99,602,283,3357,California
Imperial,2021-01-14,260,4221,152,1839,108,2382,0,0,253,3002,6,608,253,3610,California
Imperial,2021-01-15,240,4461,182,2021,58,2440,0,0,233,3228,7,615,233,3843,California
Imperial,2021-01-16,77,4538,71,2092,6,2446,0,0,77,3305,0,615,77,3920,California
Imperial,2021-01-17,9,4547,2,2094,7,2453,0,0,9,3314,0,615,9,3929,California
Imperial,2021-01-18,1061,5608,402,2496,659,3112,0,0,963,4180,98,713,964,4893,California
Imperial,2021-01-19,165,5773,128,2624,37,3149,0,0,118,4251,47,760,118,5011,California
Imperial,2021-01-20,291,6064,193,2817,98,3247,0,0,254,4468,37,797,254,5265,California
Imperial,2021-01-21,415,6479,183,3000,232,3479,0,0,395,4843,20,817,395,5660,California
Imperial,2021-01-22,460,6939,189,3189,271,3750,0,0,451,5285,9,826,451,6111,California
Imperial,2021-01-23,1042,7981,290,3479,752,4502,0,0,1041,6325,1,827,1041,7152,California
Imperial,2021-01-24,11,7992,3,3482,8,4510,0,0,11,6336,0,827,11,7163,California
Imperial,2021-01-25,216,8208,6,3488,210,4720,0,0,36,6193,179,1006,36,7199,California
Imperial,2021-01-26,359,8567,184,3672,175,4895,0,0,216,6267,143,1149,217,7416,California
Imperial,2021-01-27,573,9140,163,3835,410,5305,0,0,239,6172,334,1483,239,7655,California
Imperial,2021-01-28,632,9772,158,3993,474,5779,0,0,524,6588,108,1591,524,8179,California
Imperial,2021-01-29,420,10192,294,4287,126,5905,0,0,370,6908,50,1641,370,8549,California
Imperial,2021-01-30,51,10243,26,4313,25,5930,0,0,34,6925,17,1658,34,8583,California
Imperial,2021-01-31,14,10257,6,4319,8,5938,0,0,13,6937,1,1659,13,8596,California
Imperial,2021-02-01,421,10678,55,4374,366,6304,0,0,211,6939,209,1868,211,8807,California
Imperial,2021-02-02,681,11359,54,4428,627,6931,0,0,500,7258,181,2049,500,9307,California
Imperial,2021-02-03,458,11817,48,4476,410,7341,0,0,266,7333,191,2240,266,9573,California
Imperial,2021-02-04,1731,13548,1206,5682,525,7866,0,0,1416,8436,314,2554,1417,10990,California
Imperial,2021-02-05,390,13938,242,5924,148,8014,0,0,155,8359,232,2786,155,11145,California
Imperial,2021-02-06,863,14801,839,6763,24,8038,0,0,826,9149,36,2822,826,11971,California
Imperial,2021-02-07,25,14826,12,6775,13,8051,0,0,24,9172,1,2823,24,11995,California
Imperial,2021-02-08,252,15078,43,6818,209,8260,0,0,184,9288,68,2891,184,12179,California
Imperial,2021-02-09,464,15542,144,6962,320,8580,0,0,307,9438,157,3048,307,12486,California
Imperial,2021-02-10,383,15925,51,7013,332,8912,0,0,95,9245,288,3336,95,12581,California
Imperial,2021-02-11,461,16386,261,7274,200,9112,0,0,92,8968,369,3705,92,12673,California
Imperial,2021-02-12,2118,18504,1404,8678,714,9826,0,0,1764,10380,353,4058,1765,14438,California
Imperial,2021-02-13,45,18549,18,8696,27,9853,0,0,36,10408,9,4067,37,14475,California
Imperial,2021-02-14,24,18573,12,8708,12,9865,0,0,22,10428,2,4069,22,14497,California
Imperial,2021-02-15,33,18606,11,8719,22,9887,0,0,24,10443,9,4078,24,14521,California
Imperial,2021-02-16,518,19124,271,8990,247,10134,0,0,299,10523,219,4297,299,14820,California
Imperial,2021-02-17,440,19564,286,9276,154,10288,0,0,85,10253,355,4652,85,14905,California
Imperial,2021-02-18,652,20216,312,9588,340,10628,0,0,147,9896,504,5156,147,15052,California
Imperial,2021-02-19,768,20984,381,9969,387,11015,0,0,196,9521,571,5727,196,15248,California
Imperial,2021-02-20,1044,22028,196,10165,848,11863,0,0,330,9140,713,6440,332,15580,California
Imperial,2021-02-21,581,22609,547,10712,34,11897,0,0,573,9705,8,6448,573,16153,California
Imperial,2021-02-22,807,23416,567,11279,240,12137,0,0,757,10412,50,6498,757,16910,California
Imperial,2021-02-23,937,24353,380,11659,557,12694,0,0,881,11238,56,6554,882,17792,California
Imperial,2021-02-24,700,25053,292,11951,408,13102,0,0,601,11742,98,6652,602,18394,California
Imperial,2021-02-25,817,25870,344,12295,473,13575,0,0,451,11833,365,7017,456,18850,California
Imperial,2021-02-26,1740,27610,1373,13668,367,13942,0,0,1569,13233,169,7186,1569,20419,California
Imperial,2021-02-27,915,28525,866,14534,49,13991,0,0,176,12670,739,7925,176,20595,California
Imperial,2021-02-28,78,28603,69,14603,9,14000,0,0,68,12728,10,7935,68,20663,California
Imperial,2021-03-01,513,29116,311,14914,202,14202,0,0,451,13120,61,7996,453,21116,California
Imperial,2021-03-02,687,29803,265,15179,422,14624,0,0,399,13235,288,8284,403,21519,California
Imperial,2021-03-03,917,30720,48,15227,868,15492,1,1,547,13427,367,8651,559,22078,California
Imperial,2021-03-04,744,31464,93,15320,651,16143,0,1,483,13680,259,8910,512,22590,California
Imperial,2021-03-05,2535,33999,1927,17247,608,16751,0,1,1249,13647,1283,10193,1250,23840,California
Imperial,2021-03-06,681,34680,234,17481,447,17198,0,1,641,14257,36,10229,646,24486,California
Imperial,2021-03-07,76,34756,43,17524,32,17230,1,2,55,14293,21,10250,57,24543,California
Imperial,2021-03-08,399,35155,323,17847,44,17274,32,34,351,14628,48,10298,383,24926,California
Imperial,2021-03-09,693,35848,315,18162,133,17407,245,279,406,14996,287,10585,655,25581,California
Imperial,2021-03-10,663,36511,306,18468,254,17661,103,382,301,15042,362,10947,408,25989,California
Imperial,2021-03-11,1703,38214,435,18903,1078,18739,190,572,1101,15744,602,11549,1304,27293,California
Imperial,2021-03-12,3553,41767,2434,21337,935,19674,184,756,1968,16315,1582,13131,2153,29446,California
Imperial,2021-03-13,997,42764,90,21427,688,20362,219,975,722,16987,273,13404,945,30391,California
Imperial,2021-03-14,124,42888,29,21456,84,20446,11,986,98,17071,26,13430,110,30501,California
Imperial,2021-03-15,673,43561,219,21675,199,20645,255,1241,379,17414,293,13723,636,31137,California
Imperial,2021-03-16,1055,44616,275,21950,339,20984,441,1682,529,17860,525,14248,971,32108,California
Imperial,2021-03-17,1520,46136,658,22608,727,21711,135,1817,940,18362,576,14824,1078,33186,California
Imperial,2021-03-18,1511,47647,1013,23621,439,22150,59,1876,1070,19054,440,15264,1132,34318,California
Imperial,2021-03-19,2879,50526,2173,25794,702,22852,4,1880,1217,18619,1658,16922,1223,35541,California
Imperial,2021-03-20,635,51161,377,26171,253,23105,5,1885,336,18671,297,17219,349,35890,California
Imperial,2021-03-21,220,51381,37,26208,180,23285,3,1888,160,18778,60,17279,167,36057,California
Imperial,2021-03-22,1023,52404,316,26524,700,23985,7,1895,609,18993,413,17692,628,36685,California
Imperial,2021-03-23,1395,53799,407,26931,982,24967,6,1901,882,19380,511,18203,898,37583,California
Imperial,2021-03-24,1895,55694,538,27469,946,25913,411,2312,951,19819,942,19145,1381,38964,California
Imperial,2021-03-25,2182,57876,498,27967,692,26605,992,3304,817,20266,1364,20509,1811,40775,California
Imperial,2021-03-26,1847,59723,736,28703,576,27181,535,3839,689,20344,1154,21663,1232,42007,California
Imperial,2021-03-27,526,60249,263,28966,215,27396,48,3887,372,20613,151,21814,420,42427,California
Imperial,2021-03-28,208,60457,51,29017,153,27549,4,3891,172,20752,36,21850,175,42602,California
Imperial,2021-03-29,791,61248,295,29312,307,27856,189,4080,239,20632,550,22400,430,43032,California
Imperial,2021-03-30,570,61818,374,29686,196,28052,0,4080,311,20691,259,22659,318,43350,California
Inyo,2020-12-19,85,85,85,85,0,0,0,0,85,85,0,0,85,85,California
Inyo,2020-12-20,58,143,58,143,0,0,0,0,58,143,0,0,58,143,California
Inyo,2020-12-21,88,231,85,228,3,3,0,0,88,231,0,0,88,231,California
Inyo,2020-12-22,104,335,104,332,0,3,0,0,104,335,0,0,104,335,California
Inyo,2020-12-23,71,406,68,400,3,6,0,0,71,406,0,0,71,406,California
Inyo,2020-12-24,16,422,16,416,0,6,0,0,16,422,0,0,16,422,California
Inyo,2020-12-25,1,423,0,416,1,7,0,0,1,423,0,0,1,423,California
Inyo,2020-12-26,74,497,74,490,0,7,0,0,74,497,0,0,74,497,California
Inyo,2020-12-28,48,545,36,526,12,19,0,0,48,545,0,0,48,545,California
Inyo,2020-12-29,20,565,20,546,0,19,0,0,20,565,0,0,20,565,California
Inyo,2020-12-30,56,621,54,600,2,21,0,0,56,621,0,0,56,621,California
Inyo,2020-12-31,29,650,0,600,29,50,0,0,29,650,0,0,29,650,California
Inyo,2021-01-01,1,651,0,600,1,51,0,0,1,651,0,0,1,651,California
Inyo,2021-01-03,1,652,0,600,1,52,0,0,1,652,0,0,1,652,California
Inyo,2021-01-04,1,653,1,601,0,52,0,0,1,653,0,0,1,653,California
Inyo,2021-01-05,34,687,0,601,34,86,0,0,34,687,0,0,34,687,California
Inyo,2021-01-06,68,755,0,601,68,154,0,0,68,755,0,0,68,755,California
Inyo,2021-01-07,31,786,1,602,30,184,0,0,31,786,0,0,31,786,California
Inyo,2021-01-08,9,795,8,610,1,185,0,0,4,786,5,5,5,791,California
Inyo,2021-01-09,87,882,86,696,1,186,0,0,1,701,86,91,1,792,California
Inyo,2021-01-10,52,934,52,748,0,186,0,0,0,649,52,143,0,792,California
Inyo,2021-01-11,97,1031,82,830,15,201,0,0,16,584,81,224,16,808,California
Inyo,2021-01-12,139,1170,117,947,22,223,0,0,29,503,110,334,29,837,California
Inyo,2021-01-13,87,1257,69,1016,18,241,0,0,21,459,66,400,22,859,California
Inyo,2021-01-14,59,1316,13,1029,46,287,0,0,49,498,10,410,49,908,California
Inyo,2021-01-15,162,1478,28,1057,134,421,0,0,162,660,0,410,162,1070,California
Inyo,2021-01-16,74,1552,73,1130,1,422,0,0,1,588,73,483,1,1071,California
Inyo,2021-01-18,58,1610,36,1166,22,444,0,0,19,568,39,522,19,1090,California
Inyo,2021-01-19,116,1726,73,1239,43,487,0,0,100,652,16,538,100,1190,California
Inyo,2021-01-20,141,1867,66,1305,75,562,0,0,88,687,53,591,88,1278,California
Inyo,2021-01-21,120,1987,57,1362,63,625,0,0,119,805,1,592,119,1397,California
Inyo,2021-01-22,62,2049,0,1362,62,687,0,0,61,865,1,593,61,1458,California
Inyo,2021-01-23,53,2102,53,1415,0,687,0,0,53,918,0,593,53,1511,California
Inyo,2021-01-25,49,2151,6,1421,43,730,0,0,37,943,12,605,37,1548,California
Inyo,2021-01-26,133,2284,51,1472,82,812,0,0,127,1064,6,611,127,1675,California
Inyo,2021-01-27,23,2307,2,1474,21,833,0,0,22,1085,1,612,22,1697,California
Inyo,2021-01-28,93,2400,2,1476,91,924,0,0,64,1120,29,641,64,1761,California
Inyo,2021-01-29,24,2424,3,1479,21,945,0,0,22,1140,2,643,22,1783,California
Inyo,2021-01-30,11,2435,1,1480,10,955,0,0,11,1151,0,643,11,1794,California
Inyo,2021-01-31,32,2467,4,1484,28,983,0,0,4,1127,28,671,4,1798,California
Inyo,2021-02-01,12,2479,9,1493,3,986,0,0,2,1119,10,681,2,1800,California
Inyo,2021-02-02,130,2609,14,1507,116,1102,0,0,104,1197,26,707,104,1904,California
Inyo,2021-02-03,115,2724,0,1507,115,1217,0,0,73,1228,42,749,73,1977,California
Inyo,2021-02-04,149,2873,31,1538,118,1335,0,0,90,1259,59,808,90,2067,California
Inyo,2021-02-05,118,2991,62,1600,56,1391,0,0,116,1373,2,810,116,2183,California
Inyo,2021-02-06,3,2994,1,1601,2,1393,0,0,2,1374,1,811,2,2185,California
Inyo,2021-02-07,3,2997,1,1602,2,1395,0,0,3,1377,0,811,3,2188,California
Inyo,2021-02-08,117,3114,7,1609,110,1505,0,0,97,1454,20,831,97,2285,California
Inyo,2021-02-09,193,3307,51,1660,142,1647,0,0,122,1505,71,902,122,2407,California
Inyo,2021-02-10,147,3454,16,1676,131,1778,0,0,115,1588,32,934,115,2522,California
Inyo,2021-02-11,218,3672,55,1731,163,1941,0,0,125,1620,93,1027,125,2647,California
Inyo,2021-02-12,302,3974,56,1787,246,2187,0,0,171,1660,131,1158,171,2818,California
Inyo,2021-02-13,60,4034,56,1843,4,2191,0,0,7,1614,53,1211,7,2825,California
Inyo,2021-02-14,1,4035,0,1843,1,2192,0,0,1,1615,0,1211,1,2826,California
Inyo,2021-02-15,29,4064,9,1852,20,2212,0,0,5,1596,24,1235,5,2831,California
Inyo,2021-02-16,180,4244,50,1902,130,2342,0,0,94,1604,86,1321,94,2925,California
Inyo,2021-02-17,37,4281,4,1906,33,2375,0,0,7,1581,30,1351,7,2932,California
Inyo,2021-02-18,119,4400,5,1911,114,2489,0,0,76,1614,43,1394,76,3008,California
Inyo,2021-02-19,52,4452,4,1915,48,2537,0,0,9,1580,43,1437,9,3017,California
Inyo,2021-02-20,502,4954,498,2413,4,2541,0,0,501,2080,1,1438,501,3518,California
Inyo,2021-02-21,267,5221,267,2680,0,2541,0,0,267,2347,0,1438,267,3785,California
Inyo,2021-02-22,60,5281,18,2698,42,2583,0,0,26,2339,34,1472,26,3811,California
Inyo,2021-02-23,196,5477,19,2717,177,2760,0,0,93,2330,102,1574,93,3904,California
Inyo,2021-02-24,116,5593,1,2718,115,2875,0,0,58,2330,58,1632,58,3962,California
Inyo,2021-02-25,130,5723,3,2721,127,3002,0,0,62,2324,68,1700,62,4024,California
Inyo,2021-02-26,104,5827,61,2782,43,3045,0,0,20,2260,84,1784,20,4044,California
Inyo,2021-02-27,14,5841,3,2785,11,3056,0,0,3,2252,11,1795,3,4047,California
Inyo,2021-02-28,2,5843,1,2786,1,3057,0,0,1,2252,1,1796,1,4048,California
Inyo,2021-03-01,23,5866,3,2789,20,3077,0,0,20,2269,3,1799,20,4068,California
Inyo,2021-03-02,188,6054,0,2789,188,3265,0,0,106,2293,82,1881,106,4174,California
Inyo,2021-03-03,82,6136,3,2792,79,3344,0,0,39,2289,43,1924,39,4213,California
Inyo,2021-03-04,121,6257,4,2796,117,3461,0,0,40,2248,81,2005,40,4253,California
Inyo,2021-03-05,148,6405,62,2858,86,3547,0,0,43,2187,104,2109,43,4296,California
Inyo,2021-03-06,29,6434,2,2860,27,3574,0,0,27,2212,2,2111,27,4323,California
Inyo,2021-03-07,7,6441,4,2864,3,3577,0,0,5,2215,2,2113,5,4328,California
Inyo,2021-03-08,173,6614,5,2869,168,3745,0,0,83,2208,90,2203,83,4411,California
Inyo,2021-03-09,179,6793,3,2872,176,3921,0,0,63,2155,116,2319,63,4474,California
Inyo,2021-03-10,68,6861,9,2881,58,3979,1,1,25,2138,43,2362,26,4500,California
Inyo,2021-03-11,181,7042,2,2883,173,4152,6,7,64,2091,116,2478,69,4569,California
Inyo,2021-03-12,100,7142,4,2887,91,4243,5,12,28,2052,72,2550,33,4602,California
Inyo,2021-03-13,562,7704,530,3417,23,4266,9,21,73,1645,489,3039,82,4684,California
Inyo,2021-03-14,431,8135,429,3846,2,4268,0,21,168,1551,262,3301,168,4852,California
Inyo,2021-03-15,51,8186,15,3861,34,4302,2,23,29,1560,22,3323,31,4883,California
Inyo,2021-03-16,157,8343,4,3865,148,4450,5,28,58,1524,99,3422,63,4946,California
Inyo,2021-03-17,92,8435,3,3868,82,4532,7,35,78,1595,14,3436,85,5031,California
Inyo,2021-03-18,165,8600,16,3884,143,4675,6,41,93,1622,72,3508,99,5130,California
Inyo,2021-03-19,27,8627,5,3889,18,4693,4,45,17,1633,10,3518,21,5151,California
Inyo,2021-03-20,22,8649,1,3890,12,4705,9,54,3,1626,19,3537,12,5163,California
Inyo,2021-03-22,50,8699,3,3893,42,4747,5,59,29,1639,21,3558,34,5197,California
Inyo,2021-03-23,189,8888,7,3900,178,4925,4,63,101,1656,88,3646,105,5302,California
Inyo,2021-03-24,134,9022,5,3905,125,5050,4,67,82,1690,52,3698,86,5388,California
Inyo,2021-03-25,330,9352,106,4011,221,5271,3,70,267,1898,63,3761,271,5659,California
Inyo,2021-03-26,92,9444,5,4016,83,5354,4,74,71,1953,20,3781,75,5734,California
Inyo,2021-03-27,53,9497,42,4058,8,5362,3,77,47,1997,6,3787,50,5784,California
Inyo,2021-03-28,3,9500,2,4060,1,5363,0,77,2,1998,1,3788,2,5786,California
Inyo,2021-03-29,102,9602,3,4063,93,5456,6,83,77,2057,24,3812,83,5869,California
Inyo,2021-03-30,148,9750,2,4065,146,5602,0,83,60,2031,88,3900,62,5931,California
Kern,2020-12-15,1,1,1,1,0,0,0,0,1,1,0,0,1,1,California
Kern,2020-12-16,18,19,18,19,0,0,0,0,18,19,0,0,18,19,California
Kern,2020-12-17,164,183,164,183,0,0,0,0,164,183,0,0,164,183,California
Kern,2020-12-18,317,500,317,500,0,0,0,0,317,500,0,0,317,500,California
Kern,2020-12-19,100,600,100,600,0,0,0,0,100,600,0,0,100,600,California
Kern,2020-12-20,61,661,61,661,0,0,0,0,61,661,0,0,61,661,California
Kern,2020-12-21,670,1331,670,1331,0,0,0,0,670,1331,0,0,670,1331,California
Kern,2020-12-22,531,1862,528,1859,3,3,0,0,531,1862,0,0,531,1862,California
Kern,2020-12-23,556,2418,417,2276,139,142,0,0,556,2418,0,0,556,2418,California
Kern,2020-12-24,122,2540,43,2319,79,221,0,0,122,2540,0,0,122,2540,California
Kern,2020-12-25,1,2541,1,2320,0,221,0,0,1,2541,0,0,1,2541,California
Kern,2020-12-26,35,2576,1,2321,34,255,0,0,35,2576,0,0,35,2576,California
Kern,2020-12-27,35,2611,3,2324,32,287,0,0,35,2611,0,0,35,2611,California
Kern,2020-12-28,826,3437,662,2986,164,451,0,0,826,3437,0,0,826,3437,California
Kern,2020-12-29,745,4182,452,3438,293,744,0,0,745,4182,0,0,745,4182,California
Kern,2020-12-30,1200,5382,909,4347,291,1035,0,0,1200,5382,0,0,1200,5382,California
Kern,2020-12-31,277,5659,98,4445,179,1214,0,0,277,5659,0,0,277,5659,California
Kern,2021-01-01,9,5668,6,4451,3,1217,0,0,9,5668,0,0,9,5668,California
Kern,2021-01-02,76,5744,17,4468,59,1276,0,0,76,5744,0,0,76,5744,California
Kern,2021-01-03,23,5767,4,4472,19,1295,0,0,23,5767,0,0,23,5767,California
Kern,2021-01-04,554,6321,360,4832,194,1489,0,0,554,6321,0,0,554,6321,California
Kern,2021-01-05,1129,7450,735,5567,394,1883,0,0,1117,7426,12,12,1117,7438,California
Kern,2021-01-06,1163,8613,452,6019,711,2594,0,0,1133,8529,30,42,1133,8571,California
Kern,2021-01-07,1402,10015,494,6513,908,3502,0,0,1233,9594,168,210,1233,9804,California
Kern,2021-01-08,1626,11641,766,7279,860,4362,0,0,1330,10627,298,508,1331,11135,California
Kern,2021-01-09,226,11867,76,7355,150,4512,0,0,192,10785,34,542,192,11327,California
Kern,2021-01-10,190,12057,145,7500,45,4557,0,0,149,10893,41,583,149,11476,California
Kern,2021-01-11,1549,13606,981,8481,568,5125,0,0,997,11338,552,1135,997,12473,California
Kern,2021-01-12,1869,15475,811,9292,1058,6183,0,0,1358,12185,511,1646,1358,13831,California
Kern,2021-01-13,1855,17330,867,10159,988,7171,0,0,1432,13194,423,2069,1432,15263,California
Kern,2021-01-14,2177,19507,643,10802,1534,8705,0,0,2131,15279,47,2116,2132,17395,California
Kern,2021-01-15,2701,22208,858,11660,1843,10548,0,0,2604,17789,95,2211,2605,20000,California
Kern,2021-01-16,666,22874,210,11870,456,11004,0,0,632,18387,34,2245,632,20632,California
Kern,2021-01-17,73,22947,7,11877,66,11070,0,0,71,18456,2,2247,71,20703,California
Kern,2021-01-18,1646,24593,659,12536,987,12057,0,0,1476,19762,170,2417,1476,22179,California
Kern,2021-01-19,1846,26439,1029,13565,817,12874,0,0,1379,20675,467,2884,1380,23559,California
Kern,2021-01-20,2439,28878,1505,15070,934,13808,0,0,1815,21873,619,3503,1817,25376,California
Kern,2021-01-21,2153,31031,918,15988,1235,15043,0,0,1960,23641,192,3695,1960,27336,California
Kern,2021-01-22,2699,33730,1289,17277,1410,16453,0,0,2424,25791,274,3969,2424,29760,California
Kern,2021-01-23,1245,34975,531,17808,714,17167,0,0,1199,26944,46,4015,1199,30959,California
Kern,2021-01-24,160,35135,19,17827,141,17308,0,0,155,27094,5,4020,155,31114,California
Kern,2021-01-25,2376,37511,1081,18908,1295,18603,0,0,1892,28505,483,4503,1894,33008,California
Kern,2021-01-26,2732,40243,1109,20017,1623,20226,0,0,1882,29539,849,5352,1883,34891,California
Kern,2021-01-27,3548,43791,1894,21911,1654,21880,0,0,2850,31692,697,6049,2850,37741,California
Kern,2021-01-28,2838,46629,1343,23254,1495,23375,0,0,2411,33680,424,6473,2412,40153,California
Kern,2021-01-29,3747,50376,1788,25042,1959,25334,0,0,3208,36352,536,7009,3208,43361,California
Kern,2021-01-30,1322,51698,494,25536,828,26162,0,0,1275,37582,45,7054,1275,44636,California
Kern,2021-01-31,400,52098,274,25810,126,26288,0,0,267,37716,133,7187,267,44903,California
Kern,2021-02-01,2405,54503,817,26627,1588,27876,0,0,1855,39025,547,7734,1856,46759,California
Kern,2021-02-02,2910,57413,975,27602,1935,29811,0,0,2053,40222,857,8591,2054,48813,California
Kern,2021-02-03,3655,61068,1549,29151,2106,31917,0,0,2687,41950,960,9551,2688,51501,California
Kern,2021-02-04,3785,64853,1444,30595,2341,34258,0,0,2572,43321,1202,10753,2573,54074,California
Kern,2021-02-05,4840,69693,1990,32585,2850,37108,0,0,3083,44667,1738,12491,3084,57158,California
Kern,2021-02-06,1733,71426,762,33347,971,38079,0,0,1513,45963,217,12708,1513,58671,California
Kern,2021-02-07,281,71707,149,33496,132,38211,0,0,267,46218,12,12720,267,58938,California
Kern,2021-02-08,2564,74271,788,34284,1776,39987,0,0,1261,46194,1285,14005,1261,60199,California
Kern,2021-02-09,3019,77290,985,35269,2034,42021,0,0,1465,46112,1547,15552,1465,61664,California
Kern,2021-02-10,3733,81023,1649,36918,2084,44105,0,0,1891,46179,1825,17377,1892,63556,California
Kern,2021-02-11,4263,85286,1539,38457,2724,46829,0,0,2230,46389,2020,19397,2230,65786,California
Kern,2021-02-12,4941,90227,1868,40325,3073,49902,0,0,2467,46397,2459,21856,2467,68253,California
Kern,2021-02-13,1984,92211,700,41025,1284,51186,0,0,1157,46729,825,22681,1157,69410,California
Kern,2021-02-14,352,92563,13,41038,339,51525,0,0,271,46920,80,22761,271,69681,California
Kern,2021-02-15,2716,95279,882,41920,1834,53359,0,0,1197,46606,1511,24272,1197,70878,California
Kern,2021-02-16,2940,98219,718,42638,2222,55581,0,0,1659,46994,1271,25543,1659,72537,California
Kern,2021-02-17,4056,102275,2069,44707,1987,57568,0,0,1933,46810,2118,27661,1934,74471,California
Kern,2021-02-18,3727,106002,1468,46175,2259,59827,0,0,1610,46315,2105,29766,1610,76081,California
Kern,2021-02-19,4172,110174,1902,48077,2270,62097,0,0,1734,45616,2433,32199,1734,77815,California
Kern,2021-02-20,2535,112709,954,49031,1581,63678,0,0,1305,45696,1226,33425,1306,79121,California
Kern,2021-02-21,223,112932,118,49149,105,63783,0,0,77,45629,144,33569,77,79198,California
Kern,2021-02-22,2638,115570,1136,50285,1502,65285,0,0,1432,45860,1201,34770,1432,80630,California
Kern,2021-02-23,3511,119081,1110,51395,2401,67686,0,0,1971,46293,1538,36308,1971,82601,California
Kern,2021-02-24,5111,124192,2264,53659,2847,70533,0,0,3032,47250,2075,38383,3032,85633,California
Kern,2021-02-25,5302,129494,2441,56100,2861,73394,0,0,3143,48253,2140,40523,3143,88776,California
Kern,2021-02-26,6762,136256,3475,59575,3287,76681,0,0,4309,50115,2447,42970,4309,93085,California
Kern,2021-02-27,3803,140059,1855,61430,1948,78629,0,0,2496,51315,1299,44269,2499,95584,California
Kern,2021-02-28,908,140967,500,61930,408,79037,0,0,691,51791,215,44484,691,96275,California
Kern,2021-03-01,3891,144858,1795,63725,2096,81133,0,0,2626,53157,1261,45745,2627,98902,California
Kern,2021-03-02,4270,149128,1348,65073,2921,84054,1,1,2785,54465,1477,47222,2785,101687,California
Kern,2021-03-03,5567,154695,2637,67710,2929,86983,1,2,3517,55946,2037,49259,3518,105205,California
Kern,2021-03-04,5020,159715,1979,69689,3039,90022,2,4,3353,57647,1655,50914,3356,108561,California
Kern,2021-03-05,6001,165716,2628,72317,3356,93378,17,21,3828,59328,2164,53078,3845,112406,California
Kern,2021-03-06,4277,169993,1862,74179,2321,95699,94,115,3177,61510,1094,54172,3276,115682,California
Kern,2021-03-07,2017,172010,1576,75755,393,96092,48,163,1829,63200,187,54359,1877,117559,California
Kern,2021-03-08,2653,174663,826,76581,1624,97716,203,366,1369,63489,1281,55640,1570,119129,California
Kern,2021-03-09,3351,178014,724,77305,2303,100019,324,690,2034,64532,1314,56954,2357,121486,California
Kern,2021-03-10,5566,183580,2375,79680,2278,102297,913,1603,3216,66323,2339,59293,4130,125616,California
Kern,2021-03-11,5654,189234,2147,81827,2716,105013,791,2394,3394,68256,2252,61545,4185,129801,California
Kern,2021-03-12,6394,195628,2550,84377,3009,108022,835,3229,3710,70123,2676,64221,4543,134344,California
Kern,2021-03-13,3979,199607,2126,86503,1529,109551,324,3553,2717,71905,1259,65480,3041,137385,California
Kern,2021-03-14,2076,201683,1378,87881,465,110016,233,3786,1647,73357,427,65907,1879,139264,California
Kern,2021-03-15,4022,205705,1008,88889,2358,112374,656,4442,2064,74130,1948,67855,2721,141985,California
Kern,2021-03-16,4189,209894,968,89857,2713,115087,508,4950,2233,74924,1945,69800,2739,144724,California
Kern,2021-03-17,6781,216675,3598,93455,2726,117813,457,5407,4093,76798,2676,72476,4550,149274,California
Kern,2021-03-18,6246,222921,3146,96601,2575,120388,525,5932,3710,78516,2517,74993,4235,153509,California
Kern,2021-03-19,7497,230418,4331,100932,2636,123024,530,6462,3902,79371,3579,78572,4434,157943,California
Kern,2021-03-20,3889,234307,2356,103288,1415,124439,118,6580,2537,80685,1346,79918,2660,160603,California
Kern,2021-03-21,2823,237130,1690,104978,262,124701,871,7451,1649,82036,1170,81088,2521,163124,California
Kern,2021-03-22,3801,240931,1507,106485,1980,126681,314,7765,1882,82321,1913,83001,2198,165322,California
Kern,2021-03-23,4399,245330,1515,108000,2717,129398,167,7932,2393,82924,1976,84977,2579,167901,California
Kern,2021-03-24,6869,252199,3483,111483,2934,132332,452,8384,3620,83779,3234,88211,4089,171990,California
Kern,2021-03-25,6356,258555,2765,114248,3280,135612,311,8695,3184,84128,3157,91368,3506,175496,California
Kern,2021-03-26,8467,267022,4096,118344,3584,139196,787,9482,4303,85090,4144,95512,5106,180602,California
Kern,2021-03-27,5303,272325,3629,121973,1556,140752,118,9600,3246,86419,2047,97559,3376,183978,California
Kern,2021-03-28,4093,276418,3624,125597,460,141212,9,9609,2565,87480,1523,99082,2584,186562,California
Kern,2021-03-29,3724,280142,1507,127104,1966,143178,251,9860,2298,88630,1414,100496,2564,189126,California
Kern,2021-03-30,2981,283123,1061,128165,1682,144860,238,10098,1799,89524,1176,101672,2070,191196,California
Kings,2020-12-16,1,1,1,1,0,0,0,0,1,1,0,0,1,1,California
Kings,2020-12-17,8,9,8,9,0,0,0,0,8,9,0,0,8,9,California
Kings,2020-12-18,12,21,12,21,0,0,0,0,12,21,0,0,12,21,California
Kings,2020-12-19,11,32,11,32,0,0,0,0,11,32,0,0,11,32,California
Kings,2020-12-20,13,45,13,45,0,0,0,0,13,45,0,0,13,45,California
Kings,2020-12-21,154,199,154,199,0,0,0,0,271,316,0,0,271,316,California
Kings,2020-12-22,143,342,143,342,0,0,0,0,140,456,0,0,140,456,California
Kings,2020-12-23,134,476,122,464,12,12,0,0,135,591,0,0,135,591,California
Kings,2020-12-24,11,487,9,473,2,14,0,0,11,602,0,0,11,602,California
Kings,2020-12-26,7,494,4,477,3,17,0,0,7,609,0,0,7,609,California
Kings,2020-12-27,4,498,4,481,0,17,0,0,4,613,0,0,4,613,California
Kings,2020-12-28,131,629,103,584,28,45,0,0,132,745,0,0,132,745,California
Kings,2020-12-29,78,707,51,635,27,72,0,0,79,824,0,0,79,824,California
Kings,2020-12-30,147,854,108,743,39,111,0,0,147,971,0,0,147,971,California
Kings,2020-12-31,43,897,6,749,37,148,0,0,43,1014,0,0,43,1014,California
Kings,2021-01-01,1,898,0,749,1,149,0,0,1,1015,0,0,1,1015,California
Kings,2021-01-02,10,908,9,758,1,150,0,0,10,1025,0,0,10,1025,California
Kings,2021-01-04,112,1020,41,799,71,221,0,0,112,1137,0,0,112,1137,California
Kings,2021-01-05,197,1217,39,838,158,379,0,0,197,1334,0,0,197,1334,California
Kings,2021-01-06,275,1492,178,1016,97,476,0,0,272,1603,3,3,272,1606,California
Kings,2021-01-07,179,1671,82,1098,97,573,0,0,171,1766,8,11,171,1777,California
Kings,2021-01-08,247,1918,54,1152,193,766,0,0,228,1975,19,30,228,2005,California
Kings,2021-01-09,63,1981,9,1161,54,820,0,0,55,2022,8,38,55,2060,California
Kings,2021-01-10,15,1996,3,1164,12,832,0,0,12,2031,3,41,12,2072,California
Kings,2021-01-11,518,2514,356,1520,162,994,0,0,274,2062,244,285,275,2347,California
Kings,2021-01-12,352,2866,255,1775,97,1091,0,0,218,2149,131,416,218,2565,California
Kings,2021-01-13,413,3279,266,2041,147,1238,0,0,322,2380,91,507,322,2887,California
Kings,2021-01-14,210,3489,31,2072,179,1417,0,0,200,2560,21,528,201,3088,California
Kings,2021-01-15,415,3904,28,2100,387,1804,0,0,403,2951,12,540,403,3491,California
Kings,2021-01-16,31,3935,12,2112,19,1823,0,0,30,2980,1,541,30,3521,California
Kings,2021-01-17,8,3943,5,2117,3,1826,0,0,6,2984,2,543,6,3527,California
Kings,2021-01-18,172,4115,40,2157,132,1958,0,0,146,3104,26,569,146,3673,California
Kings,2021-01-19,376,4491,158,2315,218,2176,0,0,248,3224,128,697,248,3921,California
Kings,2021-01-20,224,4715,135,2450,89,2265,0,0,119,3242,101,798,119,4040,California
Kings,2021-01-21,185,4900,32,2482,153,2418,0,0,171,3397,16,814,171,4211,California
Kings,2021-01-22,126,5026,39,2521,87,2505,0,0,125,3517,5,819,125,4336,California
Kings,2021-01-23,26,5052,14,2535,12,2517,0,0,20,3531,6,825,20,4356,California
Kings,2021-01-24,3,5055,3,2538,0,2517,0,0,1,3530,2,827,1,4357,California
Kings,2021-01-25,123,5178,25,2563,98,2615,0,0,90,3587,33,860,90,4447,California
Kings,2021-01-26,153,5331,34,2597,119,2734,0,0,114,3662,39,899,114,4561,California
Kings,2021-01-27,316,5647,34,2631,282,3016,0,0,246,3839,69,968,246,4807,California
Kings,2021-01-28,323,5970,47,2678,276,3292,0,0,269,4054,54,1022,269,5076,California
Kings,2021-01-29,85,6055,26,2704,59,3351,0,0,68,4105,17,1039,68,5144,California
Kings,2021-01-30,1539,7594,31,2735,1508,4859,0,0,1537,5641,2,1041,1538,6682,California
Kings,2021-02-01,197,7791,63,2798,134,4993,0,0,70,5586,125,1166,70,6752,California
Kings,2021-02-02,223,8014,13,2811,210,5203,0,0,80,5524,142,1308,80,6832,California
Kings,2021-02-03,352,8366,193,3004,159,5362,0,0,198,5569,153,1461,198,7030,California
Kings,2021-02-04,392,8758,98,3102,294,5656,0,0,196,5569,196,1657,196,7226,California
Kings,2021-02-05,254,9012,12,3114,242,5898,0,0,101,5518,152,1809,101,7327,California
Kings,2021-02-06,58,9070,10,3124,48,5946,0,0,26,5512,32,1841,26,7353,California
Kings,2021-02-07,5,9075,3,3127,2,5948,0,0,3,5513,2,1843,3,7356,California
Kings,2021-02-08,171,9246,29,3156,142,6090,0,0,70,5482,101,1944,70,7426,California
Kings,2021-02-09,252,9498,57,3213,195,6285,0,0,109,5450,141,2085,109,7535,California
Kings,2021-02-10,286,9784,113,3326,173,6458,0,0,175,5514,111,2196,175,7710,California
Kings,2021-02-11,416,10200,64,3390,352,6810,0,0,304,5707,111,2307,304,8014,California
Kings,2021-02-12,608,10808,36,3426,572,7382,0,0,344,5787,264,2571,344,8358,California
Kings,2021-02-13,102,10910,6,3432,96,7478,0,0,77,5839,25,2596,77,8435,California
Kings,2021-02-14,103,11013,5,3437,98,7576,0,0,96,5928,7,2603,96,8531,California
Kings,2021-02-15,245,11258,4,3441,241,7817,0,0,137,5958,107,2710,137,8668,California
Kings,2021-02-16,482,11740,32,3473,450,8267,0,0,249,5975,232,2942,249,8917,California
Kings,2021-02-17,377,12117,22,3495,355,8622,0,0,241,6080,136,3078,241,9158,California
Kings,2021-02-18,153,12270,22,3517,131,8753,0,0,99,6125,54,3132,99,9257,California
Kings,2021-02-19,157,12427,22,3539,135,8888,0,0,103,6175,53,3185,103,9360,California
Kings,2021-02-20,170,12597,41,3580,129,9017,0,0,133,6271,37,3222,133,9493,California
Kings,2021-02-21,1,12598,0,3580,1,9018,0,0,1,6272,0,3222,1,9494,California
Kings,2021-02-22,106,12704,17,3597,89,9107,0,0,47,6260,59,3281,47,9541,California
Kings,2021-02-23,289,12993,71,3668,218,9325,0,0,172,6315,117,3398,172,9713,California
Kings,2021-02-24,589,13582,153,3821,436,9761,0,0,378,6482,211,3609,378,10091,California
Kings,2021-02-25,660,14242,110,3931,550,10311,0,0,443,6710,215,3824,443,10534,California
Kings,2021-02-26,652,14894,130,4061,522,10833,0,0,590,7239,61,3885,590,11124,California
Kings,2021-02-27,1495,16389,60,4121,1435,12268,0,0,568,6883,926,4811,570,11694,California
Kings,2021-02-28,1164,17553,591,4712,573,12841,0,0,668,7056,495,5306,668,12362,California
Kings,2021-03-01,257,17810,78,4790,179,13020,0,0,213,7225,44,5350,213,12575,California
Kings,2021-03-02,459,18269,202,4992,257,13277,0,0,411,7588,48,5398,411,12986,California
Kings,2021-03-03,568,18837,283,5275,285,13562,0,0,394,7809,173,5571,394,13380,California
Kings,2021-03-04,662,19499,319,5594,343,13905,0,0,570,8287,92,5663,570,13950,California
Kings,2021-03-05,924,20423,322,5916,593,14498,9,9,808,8989,116,5779,818,14768,California
Kings,2021-03-06,503,20926,187,6103,303,14801,13,22,473,9446,30,5809,487,15255,California
Kings,2021-03-07,299,21225,162,6265,133,14934,4,26,291,9733,8,5817,295,15550,California
Kings,2021-03-08,323,21548,85,6350,189,15123,49,75,220,9898,103,5920,268,15818,California
Kings,2021-03-09,406,21954,134,6484,219,15342,53,128,304,10154,102,6022,358,16176,California
Kings,2021-03-10,408,22362,107,6591,257,15599,44,172,286,10363,120,6142,329,16505,California
Kings,2021-03-11,911,23273,267,6858,538,16137,106,278,552,10668,356,6498,661,17166,California
Kings,2021-03-12,1054,24327,238,7096,731,16868,85,363,697,11096,356,6854,784,17950,California
Kings,2021-03-13,372,24699,102,7198,228,17096,42,405,287,11342,85,6939,331,18281,California
Kings,2021-03-14,588,25287,77,7275,137,17233,374,779,168,11465,420,7359,543,18824,California
Kings,2021-03-15,587,25874,171,7446,302,17535,114,893,355,11704,232,7591,471,19295,California
Kings,2021-03-16,1035,26909,434,7880,537,18072,64,957,694,12125,338,7929,759,20054,California
Kings,2021-03-17,1019,27928,370,8250,590,18662,59,1016,721,12615,298,8227,788,20842,California
Kings,2021-03-18,936,28864,406,8656,349,19011,181,1197,663,13188,273,8500,846,21688,California
Kings,2021-03-19,810,29674,402,9058,343,19354,65,1262,636,13724,174,8674,710,22398,California
Kings,2021-03-20,491,30165,212,9270,254,19608,25,1287,361,13989,127,8801,392,22790,California
Kings,2021-03-21,1365,31530,1084,10354,269,19877,12,1299,811,14259,554,9355,824,23614,California
Kings,2021-03-22,454,31984,209,10563,165,20042,80,1379,279,14447,175,9530,363,23977,California
Kings,2021-03-23,865,32849,476,11039,332,20374,57,1436,558,14760,305,9835,618,24595,California
Kings,2021-03-24,890,33739,457,11496,409,20783,24,1460,495,14888,394,10229,522,25117,California
Kings,2021-03-25,849,34588,415,11911,409,21192,25,1485,426,14918,421,10650,451,25568,California
Kings,2021-03-26,1276,35864,376,12287,813,22005,87,1572,523,14782,748,11398,612,26180,California
Kings,2021-03-27,617,36481,246,12533,357,22362,14,1586,170,14523,446,11844,187,26367,California
Kings,2021-03-28,503,36984,439,12972,63,22425,1,1587,336,14701,167,12011,345,26712,California
Kings,2021-03-29,423,37407,180,13152,185,22610,58,1645,237,14814,184,12195,297,27009,California
Kings,2021-03-30,385,37792,223,13375,157,22767,5,1650,285,15004,100,12295,290,27299,California
Lake,2020-12-17,4,4,4,4,0,0,0,0,4,4,0,0,4,4,California
Lake,2020-12-18,51,55,51,55,0,0,0,0,51,55,0,0,51,55,California
Lake,2020-12-19,3,58,3,58,0,0,0,0,3,58,0,0,3,58,California
Lake,2020-12-20,6,64,6,64,0,0,0,0,6,64,0,0,6,64,California
Lake,2020-12-21,50,114,50,114,0,0,0,0,50,114,0,0,50,114,California
Lake,2020-12-22,63,177,60,174,3,3,0,0,63,177,0,0,63,177,California
Lake,2020-12-23,91,268,83,257,8,11,0,0,91,268,0,0,91,268,California
Lake,2020-12-24,2,270,0,257,2,13,0,0,2,270,0,0,2,270,California
Lake,2020-12-26,2,272,2,259,0,13,0,0,2,272,0,0,2,272,California
Lake,2020-12-27,2,274,2,261,0,13,0,0,2,274,0,0,2,274,California
Lake,2020-12-28,52,326,43,304,9,22,0,0,52,326,0,0,52,326,California
Lake,2020-12-29,14,340,9,313,5,27,0,0,14,340,0,0,14,340,California
Lake,2020-12-30,89,429,82,395,7,34,0,0,89,429,0,0,89,429,California
Lake,2020-12-31,67,496,64,459,3,37,0,0,67,496,0,0,67,496,California
Lake,2021-01-01,1,497,0,459,1,38,0,0,1,497,0,0,1,497,California
Lake,2021-01-02,2,499,1,460,1,39,0,0,2,499,0,0,2,499,California
Lake,2021-01-04,65,564,1,461,64,103,0,0,65,564,0,0,65,564,California
Lake,2021-01-05,80,644,59,520,21,124,0,0,78,640,2,2,78,642,California
Lake,2021-01-06,83,727,65,585,18,142,0,0,81,719,2,4,81,723,California
Lake,2021-01-07,69,796,49,634,20,162,0,0,65,780,4,8,65,788,California
Lake,2021-01-08,143,939,124,758,19,181,0,0,91,819,52,60,91,879,California
Lake,2021-01-09,62,1001,60,818,2,183,0,0,58,873,4,64,58,937,California
Lake,2021-01-10,3,1004,3,821,0,183,0,0,0,870,3,67,0,937,California
Lake,2021-01-11,161,1165,119,940,42,225,0,0,113,935,48,115,113,1050,California
Lake,2021-01-12,79,1244,48,988,31,256,0,0,55,966,24,139,55,1105,California
Lake,2021-01-13,125,1369,73,1061,52,308,0,0,96,1033,29,168,96,1201,California
Lake,2021-01-14,136,1505,35,1096,101,409,0,0,115,1127,21,189,115,1316,California
Lake,2021-01-15,216,1721,93,1189,123,532,0,0,189,1289,27,216,189,1505,California
Lake,2021-01-16,135,1856,83,1272,52,584,0,0,133,1420,2,218,133,1638,California
Lake,2021-01-17,18,1874,6,1278,12,596,0,0,12,1426,6,224,12,1650,California
Lake,2021-01-18,244,2118,224,1502,20,616,0,0,126,1434,118,342,126,1776,California
Lake,2021-01-19,277,2395,84,1586,193,809,0,0,263,1684,14,356,264,2040,California
Lake,2021-01-20,385,2780,44,1630,341,1150,0,0,356,2011,29,385,356,2396,California
Lake,2021-01-21,316,3096,48,1678,268,1418,0,0,283,2261,33,418,283,2679,California
Lake,2021-01-22,318,3414,45,1723,273,1691,0,0,282,2507,36,454,282,2961,California
Lake,2021-01-23,122,3536,5,1728,117,1808,0,0,121,2627,1,455,121,3082,California
Lake,2021-01-24,4,3540,1,1729,3,1811,0,0,4,2631,0,455,4,3086,California
Lake,2021-01-25,235,3775,73,1802,162,1973,0,0,177,2750,58,513,177,3263,California
Lake,2021-01-26,425,4200,35,1837,390,2363,0,0,402,3129,23,536,402,3665,California
Lake,2021-01-27,357,4557,39,1876,318,2681,0,0,331,3434,26,562,331,3996,California
Lake,2021-01-28,467,5024,130,2006,337,3018,0,0,366,3699,101,663,366,4362,California
Lake,2021-01-29,636,5660,82,2088,554,3572,0,0,576,4215,60,723,576,4938,California
Lake,2021-01-30,557,6217,45,2133,512,4084,0,0,550,4759,7,730,551,5489,California
Lake,2021-01-31,13,6230,8,2141,5,4089,0,0,12,4770,1,731,12,5501,California
Lake,2021-02-01,176,6406,17,2158,159,4248,0,0,165,4924,11,742,165,5666,California
Lake,2021-02-02,538,6944,154,2312,384,4632,0,0,401,5188,137,879,401,6067,California
Lake,2021-02-03,422,7366,26,2338,396,5028,0,0,348,5462,74,953,348,6415,California
Lake,2021-02-04,100,7466,55,2393,45,5073,0,0,71,5504,29,982,71,6486,California
Lake,2021-02-05,368,7834,68,2461,300,5373,0,0,288,5714,78,1060,288,6774,California
Lake,2021-02-06,282,8116,43,2504,239,5612,0,0,270,5972,12,1072,270,7044,California
Lake,2021-02-07,2,8118,1,2505,1,5613,0,0,2,5974,0,1072,2,7046,California
Lake,2021-02-08,275,8393,206,2711,69,5682,0,0,157,6013,118,1190,157,7203,California
Lake,2021-02-09,339,8732,21,2732,318,6000,0,0,300,6274,39,1229,300,7503,California
Lake,2021-02-10,351,9083,53,2785,298,6298,0,0,274,6471,77,1306,274,7777,California
Lake,2021-02-11,172,9255,19,2804,153,6451,0,0,60,6419,112,1418,60,7837,California
Lake,2021-02-12,371,9626,29,2833,342,6793,0,0,284,6616,87,1505,284,8121,California
Lake,2021-02-13,253,9879,8,2841,245,7038,0,0,242,6847,11,1516,242,8363,California
Lake,2021-02-14,21,9900,4,2845,17,7055,0,0,8,6842,13,1529,8,8371,California
Lake,2021-02-15,171,10071,12,2857,159,7214,0,0,7,6686,163,1692,7,8378,California
Lake,2021-02-16,412,10483,19,2876,393,7607,0,0,171,6616,241,1933,171,8549,California
Lake,2021-02-17,351,10834,54,2930,297,7904,0,0,73,6412,277,2210,73,8622,California
Lake,2021-02-18,450,11284,68,2998,382,8286,0,0,116,6194,334,2544,116,8738,California
Lake,2021-02-19,414,11698,26,3024,388,8674,0,0,92,5964,322,2866,92,8830,California
Lake,2021-02-20,289,11987,58,3082,231,8905,0,0,247,6169,42,2908,247,9077,California
Lake,2021-02-21,6,11993,6,3088,0,8905,0,0,0,6163,6,2914,0,9077,California
Lake,2021-02-22,136,12129,22,3110,114,9019,0,0,41,6109,95,3009,41,9118,California
Lake,2021-02-23,210,12339,13,3123,197,9216,0,0,25,5949,185,3194,25,9143,California
Lake,2021-02-24,953,13292,376,3499,577,9793,0,0,417,5830,536,3730,417,9560,California
Lake,2021-02-25,722,14014,457,3956,265,10058,0,0,471,6052,249,3979,471,10031,California
Lake,2021-02-26,994,15008,307,4263,687,10745,0,0,347,5756,643,4622,347,10378,California
Lake,2021-02-27,339,15347,36,4299,303,11048,0,0,313,6043,26,4648,313,10691,California
Lake,2021-02-28,18,15365,12,4311,6,11054,0,0,10,6045,8,4656,10,10701,California
Lake,2021-03-01,593,15958,53,4364,540,11594,0,0,441,6334,152,4808,441,11142,California
Lake,2021-03-02,753,16711,17,4381,736,12330,0,0,289,6159,464,5272,289,11431,California
Lake,2021-03-03,350,17061,192,4573,158,12488,0,0,128,6065,222,5494,128,11559,California
Lake,2021-03-04,543,17604,474,5047,69,12557,0,0,530,6582,13,5507,530,12089,California
Lake,2021-03-05,816,18420,29,5076,787,13344,0,0,117,6003,696,6203,117,12206,California
Lake,2021-03-06,38,18458,10,5086,27,13371,1,1,23,6012,15,6218,24,12230,California
Lake,2021-03-07,7,18465,5,5091,2,13373,0,1,3,6011,4,6222,3,12233,California
Lake,2021-03-08,310,18775,243,5334,58,13431,9,10,272,6254,38,6260,281,12514,California
Lake,2021-03-09,893,19668,29,5363,851,14282,13,23,377,6129,515,6775,390,12904,California
Lake,2021-03-10,198,19866,60,5423,131,14413,7,30,137,6212,61,6836,144,13048,California
Lake,2021-03-11,554,20420,50,5473,62,14475,442,472,52,6204,502,7338,494,13542,California
Lake,2021-03-12,828,21248,183,5656,621,15096,24,496,336,6074,490,7828,360,13902,California
Lake,2021-03-13,189,21437,19,5675,18,15114,152,648,17,6072,170,7998,168,14070,California
Lake,2021-03-14,14,21451,3,5678,10,15124,1,649,8,6075,6,8004,9,14079,California
Lake,2021-03-15,586,22037,12,5690,554,15678,20,669,427,6363,159,8163,447,14526,California
Lake,2021-03-16,1072,23109,813,6503,242,15920,17,686,423,6157,646,8809,440,14966,California
Lake,2021-03-17,235,23344,117,6620,100,16020,18,704,81,6102,154,8963,99,15065,California
Lake,2021-03-18,658,24002,338,6958,287,16307,33,737,297,6071,360,9323,329,15394,California
Lake,2021-03-19,395,24397,172,7130,212,16519,11,748,311,6310,83,9406,322,15716,California
Lake,2021-03-20,73,24470,11,7141,60,16579,2,750,21,6282,51,9457,23,15739,California
Lake,2021-03-21,19,24489,14,7155,4,16583,1,751,12,6288,7,9464,13,15752,California
Lake,2021-03-22,310,24799,231,7386,65,16648,14,765,225,6442,85,9549,239,15991,California
Lake,2021-03-23,407,25206,20,7406,373,17021,14,779,346,6742,60,9609,360,16351,California
Lake,2021-03-24,422,25628,68,7474,347,17368,7,786,326,6983,94,9703,335,16686,California
Lake,2021-03-25,613,26241,440,7914,168,17536,5,791,167,6711,445,10148,173,16859,California
Lake,2021-03-26,78,26319,39,7953,38,17574,1,792,55,6744,23,10171,56,16915,California
Lake,2021-03-27,299,26618,10,7963,286,17860,3,795,22,6495,275,10446,26,16941,California
Lake,2021-03-28,14,26632,5,7968,8,17868,1,796,6,6494,8,10454,7,16948,California
Lake,2021-03-29,856,27488,232,8200,622,18490,2,798,179,6002,675,11129,183,17131,California
Lake,2021-03-30,359,27847,279,8479,78,18568,2,800,326,6297,33,11162,328,17459,California
Lassen,2020-12-16,8,8,8,8,0,0,0,0,8,8,0,0,8,8,California
Lassen,2020-12-17,6,14,6,14,0,0,0,0,6,14,0,0,6,14,California
Lassen,2020-12-18,1,15,1,15,0,0,0,0,1,15,0,0,1,15,California
Lassen,2020-12-19,5,20,5,20,0,0,0,0,5,20,0,0,5,20,California
Lassen,2020-12-20,2,22,2,22,0,0,0,0,2,22,0,0,2,22,California
Lassen,2020-12-21,11,33,11,33,0,0,0,0,11,33,0,0,11,33,California
Lassen,2020-12-22,23,56,23,56,0,0,0,0,23,56,0,0,23,56,California
Lassen,2020-12-23,6,62,6,62,0,0,0,0,6,62,0,0,6,62,California
Lassen,2020-12-24,11,73,11,73,0,0,0,0,11,73,0,0,11,73,California
Lassen,2020-12-28,3,76,2,75,1,1,0,0,3,76,0,0,3,76,California
Lassen,2020-12-29,35,111,35,110,0,1,0,0,35,111,0,0,35,111,California
Lassen,2020-12-30,37,148,36,146,1,2,0,0,37,148,0,0,37,148,California
Lassen,2020-12-31,51,199,42,188,9,11,0,0,51,199,0,0,51,199,California
Lassen,2021-01-02,1,200,0,188,1,12,0,0,1,200,0,0,1,200,California
Lassen,2021-01-04,15,215,1,189,14,26,0,0,15,215,0,0,15,215,California
Lassen,2021-01-05,194,409,53,242,141,167,0,0,194,409,0,0,194,409,California
Lassen,2021-01-06,94,503,42,284,52,219,0,0,86,488,8,8,87,496,California
Lassen,2021-01-07,43,546,7,291,36,255,0,0,37,519,6,14,37,533,California
Lassen,2021-01-08,50,596,2,293,48,303,0,0,50,569,0,14,50,583,California
Lassen,2021-01-09,12,608,6,299,6,309,0,0,12,581,0,14,12,595,California
Lassen,2021-01-11,27,635,5,304,22,331,0,0,27,608,0,14,27,622,California
Lassen,2021-01-12,50,685,30,334,20,351,0,0,31,620,19,33,31,653,California
Lassen,2021-01-13,161,846,18,352,143,494,0,0,146,751,15,48,146,799,California
Lassen,2021-01-14,161,1007,18,370,143,637,0,0,149,888,12,60,149,948,California
Lassen,2021-01-15,33,1040,6,376,27,664,0,0,33,921,0,60,33,981,California
Lassen,2021-01-16,34,1074,33,409,1,665,0,0,34,955,0,60,34,1015,California
Lassen,2021-01-17,1,1075,0,409,1,666,0,0,1,956,0,60,1,1016,California
Lassen,2021-01-18,5,1080,2,411,3,669,0,0,4,959,1,61,4,1020,California
Lassen,2021-01-19,186,1266,36,447,150,819,0,0,158,1089,28,89,158,1178,California
Lassen,2021-01-20,187,1453,100,547,87,906,0,0,103,1123,69,158,103,1281,California
Lassen,2021-01-21,145,1598,94,641,51,957,0,0,120,1225,18,176,120,1401,California
Lassen,2021-01-22,32,1630,19,660,13,970,0,0,22,1237,10,186,22,1423,California
Lassen,2021-01-23,1,1631,0,660,1,971,0,0,1,1238,0,186,1,1424,California
Lassen,2021-01-24,1,1632,0,660,1,972,0,0,1,1239,0,186,1,1425,California
Lassen,2021-01-25,11,1643,0,660,11,983,0,0,11,1250,0,186,11,1436,California
Lassen,2021-01-26,126,1769,12,672,114,1097,0,0,122,1368,4,190,122,1558,California
Lassen,2021-01-27,80,1849,28,700,52,1149,0,0,64,1416,16,206,64,1622,California
Lassen,2021-01-28,85,1934,14,714,71,1220,0,0,84,1499,1,207,84,1706,California
Lassen,2021-01-29,23,1957,7,721,16,1236,0,0,22,1520,1,208,22,1728,California
Lassen,2021-02-01,63,2020,4,725,59,1295,0,0,36,1529,27,235,36,1764,California
Lassen,2021-02-02,177,2197,11,736,166,1461,0,0,43,1438,134,369,43,1807,California
Lassen,2021-02-03,99,2296,22,758,77,1538,0,0,54,1447,45,414,54,1861,California
Lassen,2021-02-04,112,2408,15,773,97,1635,0,0,63,1461,49,463,63,1924,California
Lassen,2021-02-05,65,2473,12,785,53,1688,0,0,23,1442,42,505,23,1947,California
Lassen,2021-02-06,70,2543,35,820,35,1723,0,0,37,1447,32,537,37,1984,California
Lassen,2021-02-07,1,2544,1,821,0,1723,0,0,1,1448,0,537,1,1985,California
Lassen,2021-02-08,45,2589,6,827,39,1762,0,0,20,1443,25,562,20,2005,California
Lassen,2021-02-09,128,2717,8,835,120,1882,0,0,49,1413,79,641,49,2054,California
Lassen,2021-02-10,181,2898,20,855,161,2043,0,0,74,1381,106,747,74,2128,California
Lassen,2021-02-11,180,3078,16,871,164,2207,0,0,79,1360,100,847,79,2207,California
Lassen,2021-02-12,45,3123,13,884,32,2239,0,0,16,1347,29,876,16,2223,California
Lassen,2021-02-13,13,3136,5,889,8,2247,0,0,11,1356,2,878,11,2234,California
Lassen,2021-02-14,13,3149,0,889,13,2260,0,0,12,1367,1,879,12,2246,California
Lassen,2021-02-15,22,3171,3,892,19,2279,0,0,18,1381,4,883,18,2264,California
Lassen,2021-02-16,193,3364,4,896,189,2468,0,0,31,1252,160,1043,31,2295,California
Lassen,2021-02-17,185,3549,95,991,90,2558,0,0,11,1089,174,1217,11,2306,California
Lassen,2021-02-18,81,3630,23,1014,58,2616,0,0,23,1054,58,1275,23,2329,California
Lassen,2021-02-19,82,3712,61,1075,21,2637,0,0,18,1008,64,1339,18,2347,California
Lassen,2021-02-20,7,3719,0,1075,7,2644,0,0,5,1011,2,1341,5,2352,California
Lassen,2021-02-21,18,3737,1,1076,17,2661,0,0,14,1021,4,1345,14,2366,California
Lassen,2021-02-22,23,3760,8,1084,15,2676,0,0,5,1008,18,1363,5,2371,California
Lassen,2021-02-23,152,3912,9,1093,143,2819,0,0,40,936,112,1475,40,2411,California
Lassen,2021-02-24,165,4077,16,1109,149,2968,0,0,107,986,57,1532,107,2518,California
Lassen,2021-02-25,158,4235,21,1130,137,3105,0,0,102,1032,56,1588,102,2620,California
Lassen,2021-02-26,70,4305,13,1143,57,3162,0,0,33,1028,37,1625,33,2653,California
Lassen,2021-02-27,8,4313,7,1150,1,3163,0,0,4,1028,4,1629,4,2657,California
Lassen,2021-02-28,6,4319,1,1151,5,3168,0,0,3,1028,3,1632,3,2660,California
Lassen,2021-03-01,40,4359,5,1156,35,3203,0,0,7,1002,33,1665,7,2667,California
Lassen,2021-03-02,104,4463,6,1162,98,3301,0,0,79,1056,25,1690,79,2746,California
Lassen,2021-03-03,160,4623,13,1175,147,3448,0,0,102,1100,58,1748,102,2848,California
Lassen,2021-03-04,142,4765,15,1190,127,3575,0,0,93,1145,48,1796,93,2941,California
Lassen,2021-03-05,45,4810,6,1196,19,3594,20,20,12,1144,33,1829,32,2973,California
Lassen,2021-03-06,54,4864,5,1201,31,3625,18,38,5,1118,49,1878,23,2996,California
Lassen,2021-03-07,55,4919,1,1202,0,3625,54,92,0,1117,55,1933,54,3050,California
Lassen,2021-03-08,88,5007,2,1204,9,3634,77,169,4,1115,83,2016,81,3131,California
Lassen,2021-03-09,126,5133,11,1215,98,3732,17,186,78,1162,48,2064,95,3226,California
Lassen,2021-03-10,149,5282,8,1223,140,3872,1,187,66,1147,83,2147,68,3294,California
Lassen,2021-03-11,168,5450,16,1239,143,4015,9,196,98,1187,67,2214,107,3401,California
Lassen,2021-03-12,33,5483,15,1254,11,4026,7,203,11,1183,22,2236,18,3419,California
Lassen,2021-03-13,45,5528,0,1254,2,4028,43,246,2,1184,43,2279,44,3463,California
Lassen,2021-03-14,7,5535,1,1255,5,4033,1,247,0,1178,7,2286,1,3464,California
Lassen,2021-03-15,36,5571,2,1257,31,4064,3,250,17,1179,18,2304,19,3483,California
Lassen,2021-03-16,87,5658,3,1260,78,4142,6,256,70,1238,17,2321,76,3559,California
Lassen,2021-03-17,918,6576,9,1269,904,5046,5,261,899,2124,18,2339,904,4463,California
Lassen,2021-03-18,80,6656,9,1278,70,5116,1,262,66,2177,14,2353,67,4530,California
Lassen,2021-03-19,15,6671,8,1286,3,5119,4,266,8,2182,7,2360,12,4542,California
Lassen,2021-03-20,8,6679,1,1287,4,5123,3,269,3,2183,5,2365,6,4548,California
Lassen,2021-03-21,33,6712,3,1290,29,5152,1,270,15,2182,17,2382,16,4564,California
Lassen,2021-03-22,49,6761,0,1290,48,5200,1,271,45,2224,4,2386,46,4610,California
Lassen,2021-03-23,95,6856,5,1295,89,5289,1,272,53,2236,42,2428,54,4664,California
Lassen,2021-03-24,205,7061,11,1306,194,5483,0,272,99,2231,105,2533,100,4764,California
Lassen,2021-03-25,154,7215,21,1327,133,5616,0,272,69,2215,85,2618,69,4833,California
Lassen,2021-03-26,74,7289,12,1339,24,5640,38,310,15,2210,58,2676,53,4886,California
Lassen,2021-03-27,19,7308,1,1340,2,5642,16,326,2,2211,17,2693,18,4904,California
Lassen,2021-03-28,16,7324,4,1344,6,5648,6,332,7,2215,9,2702,13,4917,California
Lassen,2021-03-29,47,7371,0,1344,24,5672,23,355,17,2225,30,2732,40,4957,California
Lassen,2021-03-30,52,7423,7,1351,42,5714,3,358,11,2203,39,2771,17,4974,California
Los Angeles,2020-12-15,391,391,391,391,0,0,0,0,391,391,0,0,391,391,California
Los Angeles,2020-12-16,3359,3750,3359,3750,0,0,0,0,3359,3750,0,0,3359,3750,California
Los Angeles,2020-12-17,10220,13970,10220,13970,0,0,0,0,10221,13971,0,0,10221,13971,California
Los Angeles,2020-12-18,14483,28453,14461,28431,22,22,0,0,14484,28455,0,0,14484,28455,California
Los Angeles,2020-12-19,7213,35666,7207,35638,6,28,0,0,7214,35669,0,0,7214,35669,California
Los Angeles,2020-12-20,4574,40240,4566,40204,8,36,0,0,4575,40244,0,0,4575,40244,California
Los Angeles,2020-12-21,13647,53887,13636,53840,11,47,0,0,13648,53891,1,1,13648,53892,California
Los Angeles,2020-12-22,11479,65366,11102,64942,377,424,0,0,11481,65372,0,1,11481,65373,California
Los Angeles,2020-12-23,11856,77222,10099,75041,1757,2181,0,0,11857,77229,0,1,11857,77230,California
Los Angeles,2020-12-24,6923,84145,4240,79281,2683,4864,0,0,6926,84155,0,1,6926,84156,California
Los Angeles,2020-12-25,521,84666,416,79697,105,4969,0,0,521,84676,0,1,521,84677,California
Los Angeles,2020-12-26,2521,87187,2178,81875,343,5312,0,0,2521,87196,1,2,2521,87198,California
Los Angeles,2020-12-27,1749,88936,1023,82898,726,6038,0,0,1749,88945,0,2,1749,88947,California
Los Angeles,2020-12-28,10239,99175,6345,89243,3894,9932,0,0,10237,99182,0,2,10237,99184,California
Los Angeles,2020-12-29,11497,110672,6046,95289,5451,15383,0,0,11499,110681,0,2,11499,110683,California
Los Angeles,2020-12-30,14803,125475,8073,103362,6730,22113,0,0,14802,125483,0,2,14802,125485,California
Los Angeles,2020-12-31,7849,133324,2739,106101,5110,27223,0,0,7847,133329,1,3,7847,133332,California
Los Angeles,2021-01-01,899,134223,232,106333,667,27890,0,0,899,134228,0,3,899,134231,California
Los Angeles,2021-01-02,4410,138633,1639,107972,2771,30661,0,0,4410,138638,0,3,4410,138641,California
Los Angeles,2021-01-03,911,139544,200,108172,711,31372,0,0,910,139547,1,4,910,139551,California
Los Angeles,2021-01-04,12615,152159,4827,112999,7788,39160,0,0,12600,152144,3,7,12600,152151,California
Los Angeles,2021-01-05,15938,168097,7043,120042,8895,48055,0,0,14034,164310,1871,1878,14037,166188,California
Los Angeles,2021-01-06,22378,190475,12016,132058,10362,58417,0,0,16807,175625,5501,7379,16816,183004,California
Los Angeles,2021-01-07,29298,219773,15756,147814,13542,71959,0,0,18829,184048,10424,17803,18847,201851,California
Los Angeles,2021-01-08,32950,252723,17834,165648,15116,87075,0,0,20776,192696,12149,29952,20797,222648,California
Los Angeles,2021-01-09,12315,265038,7043,172691,5272,92347,0,0,7453,195296,4861,34813,7461,230109,California
Los Angeles,2021-01-10,4640,269678,3628,176319,1012,93359,0,0,1909,194478,2731,37544,1913,232022,California
Los Angeles,2021-01-11,25642,295320,16173,192492,9469,102828,0,0,14742,198337,10892,48436,14751,246773,California
Los Angeles,2021-01-12,28952,324272,15999,208491,12953,115781,0,0,18880,207165,10056,58492,18884,265657,California
Los Angeles,2021-01-13,29052,353324,15575,224066,13477,129258,0,0,20131,218399,8904,67396,20138,285795,California
Los Angeles,2021-01-14,29046,382370,12670,236736,16376,145634,0,0,23569,236517,5461,72857,23579,309374,California
Los Angeles,2021-01-15,33538,415908,12280,249016,21258,166892,0,0,29992,262998,3521,76378,30002,339376,California
Los Angeles,2021-01-16,17115,433023,4944,253960,12171,179063,0,0,15340,276575,1766,78144,15343,354719,California
Los Angeles,2021-01-17,5164,438187,2280,256240,2884,181947,0,0,4919,281251,245,78389,4921,359640,California
Los Angeles,2021-01-18,15475,453662,9992,266232,5483,187430,0,0,10777,287344,4687,83076,10780,370420,California
Los Angeles,2021-01-19,38295,491957,20454,286686,17841,205271,0,0,30545,310201,7710,90786,30567,400987,California
Los Angeles,2021-01-20,45414,537371,23665,310351,21749,227020,0,0,37942,340709,7442,98228,37950,438937,California
Los Angeles,2021-01-21,48356,585727,22294,332645,26062,253082,0,0,44111,380646,4184,102412,44121,483058,California
Los Angeles,2021-01-22,47542,633269,22212,354857,25330,278412,0,0,44137,421425,3364,105776,44143,527201,California
Los Angeles,2021-01-23,33735,667004,15629,370486,18106,296518,0,0,31729,451183,1977,107753,31735,558936,California
Los Angeles,2021-01-24,15661,682665,12158,382644,3503,300021,0,0,15115,465763,539,108292,15119,574055,California
Los Angeles,2021-01-25,38393,721058,16300,398944,22093,322114,0,0,29984,487418,8373,116665,30028,604083,California
Los Angeles,2021-01-26,48820,769878,24231,423175,24589,346703,0,0,40738,520130,8052,124717,40764,644847,California
Los Angeles,2021-01-27,48065,817943,25647,448822,22418,369121,0,0,38980,550168,8953,133670,38991,683838,California
Los Angeles,2021-01-28,48162,866105,22913,471735,25249,394370,0,0,39878,581880,8172,141842,39884,723722,California
Los Angeles,2021-01-29,48914,915019,25225,496960,23689,418059,0,0,38955,611238,9609,151451,38967,762689,California
Los Angeles,2021-01-30,29808,944827,15290,512250,14518,432577,0,0,25721,632952,4014,155465,25728,788417,California
Los Angeles,2021-01-31,12918,957745,10309,522559,2609,435186,0,0,12005,644058,902,156367,12008,800425,California
Los Angeles,2021-02-01,37652,995397,15977,538536,21675,456861,0,0,27472,661389,10153,166520,27484,827909,California
Los Angeles,2021-02-02,43904,1039301,17760,556296,26144,483005,0,0,31807,681137,12062,178582,31810,859719,California
Los Angeles,2021-02-03,51740,1091041,19359,575655,32381,515386,0,0,37144,703917,14369,192951,37149,896868,California
Los Angeles,2021-02-04,56992,1148033,20590,596245,36402,551788,0,0,38991,725219,17694,210645,38996,935864,California
Los Angeles,2021-02-05,60716,1208749,20840,617085,39876,591664,0,0,39001,742921,21302,231947,39004,974868,California
Los Angeles,2021-02-06,35276,1244025,13202,630287,22074,613738,0,0,26924,761583,8280,240227,26942,1001810,California
Los Angeles,2021-02-07,10731,1254756,8321,638608,2410,616148,0,0,8380,767632,2336,242563,8385,1010195,California
Los Angeles,2021-02-08,46516,1301272,21366,659974,25150,641298,0,0,30487,782218,15904,258467,30490,1040685,California
Los Angeles,2021-02-09,55496,1356768,24509,684483,30987,672285,0,0,28328,783437,27116,285583,28335,1069020,California
Los Angeles,2021-02-10,66685,1423453,29312,713795,37373,709658,0,0,30966,779048,35360,320943,30971,1099991,California
Los Angeles,2021-02-11,57733,1481186,30755,744550,26978,736636,0,0,27913,777578,29387,350330,27917,1127908,California
Los Angeles,2021-02-12,59322,1540508,29695,774245,29627,766263,0,0,25880,770358,33115,383445,25895,1153803,California
Los Angeles,2021-02-13,33679,1574187,19555,793800,14124,780387,0,0,15715,768216,17892,401337,15750,1169553,California
Los Angeles,2021-02-14,21845,1596032,14969,808769,6876,787263,0,0,8796,764025,12995,414332,8804,1178357,California
Los Angeles,2021-02-15,32177,1628209,15754,824523,16423,803686,0,0,17654,767207,14476,428808,17658,1196015,California
Los Angeles,2021-02-16,63592,1691801,32308,856831,31284,834970,0,0,29854,763412,33664,462472,29869,1225884,California
Los Angeles,2021-02-17,63611,1755412,34061,890892,29550,864520,0,0,26335,752635,37120,499592,26343,1252227,California
Los Angeles,2021-02-18,67713,1823125,34443,925335,33270,897790,0,0,28492,742133,39003,538595,28501,1280728,California
Los Angeles,2021-02-19,56777,1879902,34923,960258,21854,919644,0,0,28340,742156,28342,566937,28365,1309093,California
Los Angeles,2021-02-20,31744,1911646,23631,983889,8113,927757,0,0,15523,741495,16189,583126,15528,1324621,California
Los Angeles,2021-02-21,15511,1927157,13900,997789,1611,929368,0,0,8101,742203,7394,590520,8102,1332723,California
Los Angeles,2021-02-22,33745,1960902,24566,1022355,9179,938547,0,0,17574,743691,16108,606628,17596,1350319,California
Los Angeles,2021-02-23,53098,2014000,22586,1044941,30512,969059,0,0,21041,732789,31966,638594,21064,1371383,California
Los Angeles,2021-02-24,63605,2077605,27851,1072792,35754,1004813,0,0,28167,725672,35300,673894,28183,1399566,California
Los Angeles,2021-02-25,72378,2149983,33248,1106040,39130,1043943,0,0,38097,729640,34147,708041,38115,1437681,California
Los Angeles,2021-02-26,81989,2231972,38179,1144219,43810,1087753,0,0,47039,741953,34746,742787,47059,1484740,California
Los Angeles,2021-02-27,58112,2290084,24670,1168889,33441,1121194,1,1,29777,743541,28211,770998,29799,1514539,California
Los Angeles,2021-02-28,26543,2316627,18364,1187253,8179,1129373,0,1,18767,754595,7719,778717,18773,1533312,California
Los Angeles,2021-03-01,54509,2371136,30460,1217713,24044,1153417,5,6,33047,766318,21348,800065,33071,1566383,California
Los Angeles,2021-03-02,69222,2440358,30549,1248262,38672,1192089,1,7,42349,781918,26763,826828,42363,1608746,California
Los Angeles,2021-03-03,78173,2518531,39190,1287452,38982,1231071,1,8,48534,801012,29485,856313,48579,1657325,California
Los Angeles,2021-03-04,83006,2601537,44007,1331459,38993,1270064,6,14,53107,824415,29727,886040,53130,1710455,California
Los Angeles,2021-03-05,77102,2678639,38324,1369783,38758,1308822,20,34,52750,853026,24194,910234,52805,1763260,California
Los Angeles,2021-03-06,58332,2736971,30144,1399927,26432,1335254,1756,1790,38347,873289,19862,930096,40125,1803385,California
Los Angeles,2021-03-07,23762,2760733,18707,1418634,4292,1339546,763,2553,18845,888003,4901,934997,19615,1823000,California
Los Angeles,2021-03-08,48403,2809136,25408,1444042,21244,1360790,1751,4304,36504,914445,11824,946821,38266,1861266,California
Los Angeles,2021-03-09,65365,2874501,24832,1468874,37275,1398065,3258,7562,38888,930239,26366,973187,42160,1903426,California
Los Angeles,2021-03-10,73985,2948486,35923,1504797,33563,1431628,4499,12061,45836,952560,28021,1001208,50342,1953768,California
Los Angeles,2021-03-11,84169,3032655,40628,1545425,37659,1469287,5882,17943,48363,971140,35673,1036881,54253,2008021,California
Los Angeles,2021-03-12,83252,3115907,37952,1583377,32626,1501913,12674,30617,47899,996489,35228,1072109,60577,2068598,California
Los Angeles,2021-03-13,61678,3177585,30504,1613881,20004,1521917,11170,41787,35648,1017356,25961,1098070,46828,2115426,California
Los Angeles,2021-03-14,32599,3210184,23114,1636995,7158,1529075,2327,44114,22492,1032132,10067,1108137,24843,2140269,California
Los Angeles,2021-03-15,71665,3281849,34612,1671607,31810,1560885,5243,49357,43770,1053401,27755,1135892,49024,2189293,California
Los Angeles,2021-03-16,93389,3375238,41439,1713046,46546,1607431,5404,54761,60387,1086360,32844,1168736,65803,2255096,California
Los Angeles,2021-03-17,88030,3463268,40844,1753890,39592,1647023,7594,62355,58658,1123403,29225,1197961,66268,2321364,California
Los Angeles,2021-03-18,81121,3544389,39916,1793806,36588,1683611,4617,66972,50317,1147733,30619,1228580,54949,2376313,California
Los Angeles,2021-03-19,89415,3633804,47190,1840996,38769,1722380,3456,70428,55734,1173445,33501,1262081,59213,2435526,California
Los Angeles,2021-03-20,56176,3689980,23798,1864794,29105,1751485,3273,73701,40309,1201264,15756,1277837,43575,2479101,California
Los Angeles,2021-03-21,32174,3722154,23578,1888372,7797,1759282,799,74500,21183,1212318,10930,1288767,21984,2501085,California
Los Angeles,2021-03-22,66823,3788977,39683,1928055,25202,1784484,1938,76438,47696,1243038,18962,1307729,49682,2550767,California
Los Angeles,2021-03-23,90738,3879715,49305,1977360,38551,1823035,2882,79320,60376,1276265,30165,1337894,63392,2614159,California
Los Angeles,2021-03-24,98054,3977769,52756,2030116,42497,1865532,2801,82121,58625,1298676,39201,1377095,61612,2675771,California
Los Angeles,2021-03-25,101725,4079494,53669,2083785,44659,1910191,3397,85518,58790,1318593,42722,1419817,62639,2738410,California
Los Angeles,2021-03-26,105435,4184929,56231,2140016,45208,1955399,3996,89514,60788,1340304,44466,1464283,66177,2804587,California
Los Angeles,2021-03-27,75100,4260029,38124,2178140,34878,1990277,2098,91612,39028,1346721,35896,1500179,42313,2846900,California
Los Angeles,2021-03-28,40251,4300280,26953,2205093,12720,2002997,578,92190,20517,1348268,19690,1519869,21237,2868137,California
Los Angeles,2021-03-29,75161,4375441,43583,2248676,30084,2033081,1494,93684,43532,1362216,31521,1551390,45469,2913606,California
Los Angeles,2021-03-30,58679,4434120,32028,2280704,23339,2056420,3312,96996,36146,1379564,22461,1573851,39809,2953415,California
Madera,2020-12-16,22,22,22,22,0,0,0,0,22,22,0,0,22,22,California
Madera,2020-12-17,12,34,12,34,0,0,0,0,12,34,0,0,12,34,California
Madera,2020-12-18,61,95,61,95,0,0,0,0,61,95,0,0,61,95,California
Madera,2020-12-19,6,101,6,101,0,0,0,0,6,101,0,0,6,101,California
Madera,2020-12-20,14,115,14,115,0,0,0,0,14,115,0,0,14,115,California
Madera,2020-12-21,61,176,61,176,0,0,0,0,61,176,0,0,61,176,California
Madera,2020-12-22,98,274,96,272,2,2,0,0,98,274,0,0,98,274,California
Madera,2020-12-23,68,342,68,340,0,2,0,0,68,342,0,0,68,342,California
Madera,2020-12-24,44,386,39,379,5,7,0,0,44,386,0,0,44,386,California
Madera,2020-12-26,28,414,26,405,2,9,0,0,28,414,0,0,28,414,California
Madera,2020-12-27,31,445,12,417,19,28,0,0,31,445,0,0,31,445,California
Madera,2020-12-28,107,552,36,453,71,99,0,0,107,552,0,0,107,552,California
Madera,2020-12-29,170,722,36,489,134,233,0,0,170,722,0,0,170,722,California
Madera,2020-12-30,216,938,85,574,131,364,0,0,216,938,0,0,216,938,California
Madera,2020-12-31,203,1141,80,654,123,487,0,0,203,1141,0,0,203,1141,California
Madera,2021-01-02,76,1217,21,675,55,542,0,0,76,1217,0,0,76,1217,California
Madera,2021-01-03,5,1222,5,680,0,542,0,0,5,1222,0,0,5,1222,California
Madera,2021-01-04,129,1351,64,744,65,607,0,0,129,1351,0,0,129,1351,California
Madera,2021-01-05,274,1625,138,882,136,743,0,0,269,1615,5,5,269,1620,California
Madera,2021-01-06,185,1810,27,909,158,901,0,0,165,1760,20,25,165,1785,California
Madera,2021-01-07,340,2150,56,965,284,1185,0,0,319,2058,21,46,319,2104,California
Madera,2021-01-08,413,2563,70,1035,343,1528,0,0,358,2363,54,100,359,2463,California
Madera,2021-01-09,37,2600,14,1049,23,1551,0,0,28,2382,9,109,28,2491,California
Madera,2021-01-10,18,2618,15,1064,3,1554,0,0,5,2374,13,122,5,2496,California
Madera,2021-01-11,225,2843,177,1241,48,1602,0,0,183,2515,42,164,183,2679,California
Madera,2021-01-12,394,3237,160,1401,234,1836,0,0,286,2693,108,272,286,2965,California
Madera,2021-01-13,181,3418,90,1491,91,1927,0,0,125,2762,56,328,125,3090,California
Madera,2021-01-14,555,3973,80,1571,475,2402,0,0,522,3251,33,361,522,3612,California
Madera,2021-01-15,593,4566,159,1730,434,2836,0,0,573,3804,20,381,573,4185,California
Madera,2021-01-16,374,4940,46,1776,328,3164,0,0,345,4120,29,410,345,4530,California
Madera,2021-01-17,327,5267,7,1783,320,3484,0,0,322,4438,5,415,323,4853,California
Madera,2021-01-18,73,5340,57,1840,16,3500,0,0,54,4474,18,433,54,4907,California
Madera,2021-01-19,558,5898,128,1968,430,3930,0,0,531,4979,27,460,532,5439,California
Madera,2021-01-20,235,6133,79,2047,156,4086,0,0,208,5161,26,486,208,5647,California
Madera,2021-01-21,236,6369,125,2172,111,4197,0,0,202,5331,32,518,202,5849,California
Madera,2021-01-22,255,6624,83,2255,172,4369,0,0,242,5560,13,531,242,6091,California
Madera,2021-01-23,101,6725,52,2307,49,4418,0,0,77,5614,24,555,78,6169,California
Madera,2021-01-24,100,6825,81,2388,19,4437,0,0,76,5666,24,579,76,6245,California
Madera,2021-01-25,253,7078,121,2509,132,4569,0,0,141,5695,112,691,141,6386,California
Madera,2021-01-26,479,7557,188,2697,291,4860,0,0,292,5803,186,877,294,6680,California
Madera,2021-01-27,734,8291,62,2759,672,5532,0,0,598,6266,136,1013,599,7279,California
Madera,2021-01-28,537,8828,101,2860,436,5968,0,0,433,6595,104,1117,433,7712,California
Madera,2021-01-29,468,9296,95,2955,373,6341,0,0,411,6949,57,1174,411,8123,California
Madera,2021-01-30,507,9803,15,2970,492,6833,0,0,453,7348,54,1228,453,8576,California
Madera,2021-01-31,9,9812,6,2976,3,6836,0,0,8,7355,1,1229,8,8584,California
Madera,2021-02-01,257,10069,71,3047,186,7022,0,0,199,7497,58,1287,200,8784,California
Madera,2021-02-02,247,10316,84,3131,163,7185,0,0,159,7569,87,1374,159,8943,California
Madera,2021-02-03,588,10904,453,3584,135,7320,0,0,474,7932,112,1486,475,9418,California
Madera,2021-02-04,386,11290,121,3705,265,7585,0,0,112,7772,273,1759,113,9531,California
Madera,2021-02-05,967,12257,295,4000,672,8257,0,0,361,7533,601,2360,362,9893,California
Madera,2021-02-06,355,12612,322,4322,33,8290,0,0,318,7815,36,2396,318,10211,California
Madera,2021-02-07,36,12648,7,4329,29,8319,0,0,31,7841,5,2401,31,10242,California
Madera,2021-02-08,377,13025,303,4632,74,8393,0,0,266,7997,110,2511,266,10508,California
Madera,2021-02-09,475,13500,116,4748,359,8752,0,0,195,7916,277,2788,196,10704,California
Madera,2021-02-10,425,13925,152,4900,273,9025,0,0,324,8139,101,2889,324,11028,California
Madera,2021-02-11,924,14849,299,5199,625,9650,0,0,397,8013,525,3414,399,11427,California
Madera,2021-02-12,840,15689,119,5318,721,10371,0,0,303,7791,531,3945,309,11736,California
Madera,2021-02-13,477,16166,45,5363,432,10803,0,0,137,7591,339,4284,139,11875,California
Madera,2021-02-14,398,16564,75,5438,323,11126,0,0,102,7433,295,4579,137,12012,California
Madera,2021-02-15,231,16795,92,5530,139,11265,0,0,149,7519,82,4661,168,12180,California
Madera,2021-02-16,771,17566,184,5714,587,11852,0,0,227,7207,542,5203,230,12410,California
Madera,2021-02-17,603,18169,267,5981,336,12188,0,0,333,7277,265,5468,335,12745,California
Madera,2021-02-18,1282,19451,527,6508,755,12943,0,0,1111,8218,171,5639,1112,13857,California
Madera,2021-02-19,860,20311,547,7055,313,13256,0,0,712,8789,148,5787,719,14576,California
Madera,2021-02-20,1071,21382,977,8032,94,13350,0,0,998,9717,71,5858,999,15575,California
Madera,2021-02-21,952,22334,816,8848,136,13486,0,0,946,10657,6,5864,946,16521,California
Madera,2021-02-22,905,23239,831,9679,74,13560,0,0,851,11454,54,5918,851,17372,California
Madera,2021-02-23,728,23967,461,10140,267,13827,0,0,517,11762,210,6128,518,17890,California
Madera,2021-02-24,903,24870,301,10441,602,14429,0,0,373,11605,530,6658,373,18263,California
Madera,2021-02-25,1019,25889,308,10749,711,15140,0,0,588,11763,430,7088,588,18851,California
Madera,2021-02-26,1067,26956,188,10937,879,16019,0,0,690,12082,375,7463,694,19545,California
Madera,2021-02-27,864,27820,243,11180,621,16640,0,0,413,12082,448,7911,448,19993,California
Madera,2021-02-28,188,28008,30,11210,158,16798,0,0,182,12258,6,7917,182,20175,California
Madera,2021-03-01,362,28370,113,11323,249,17047,0,0,186,12270,175,8092,187,20362,California
Madera,2021-03-02,632,29002,266,11589,366,17413,0,0,519,12679,112,8204,521,20883,California
Madera,2021-03-03,1182,30184,666,12255,516,17929,0,0,791,13101,388,8592,810,21693,California
Madera,2021-03-04,1105,31289,467,12722,638,18567,0,0,860,13726,244,8836,869,22562,California
Madera,2021-03-05,1204,32493,388,13110,804,19371,12,12,950,14442,252,9088,968,23530,California
Madera,2021-03-06,674,33167,500,13610,144,19515,30,42,453,14705,221,9309,484,24014,California
Madera,2021-03-07,153,33320,26,13636,105,19620,22,64,103,14780,50,9359,125,24139,California
Madera,2021-03-08,564,33884,314,13950,195,19815,55,119,284,14841,280,9639,341,24480,California
Madera,2021-03-09,423,34307,153,14103,234,20049,36,155,259,14980,163,9802,302,24782,California
Madera,2021-03-10,1061,35368,490,14593,521,20570,50,205,669,15311,389,10191,720,25502,California
Madera,2021-03-11,1547,36915,772,15365,463,21033,312,517,680,15449,866,11057,1004,26506,California
Madera,2021-03-12,1386,38301,727,16092,520,21553,139,656,666,15564,717,11774,832,27338,California
Madera,2021-03-13,1691,39992,1234,17326,269,21822,188,844,668,15418,1021,12795,875,28213,California
Madera,2021-03-14,527,40519,441,17767,53,21875,33,877,274,15474,252,13047,308,28521,California
Madera,2021-03-15,718,41237,214,17981,460,22335,44,921,499,15832,218,13265,576,29097,California
Madera,2021-03-16,801,42038,417,18398,337,22672,47,968,627,16352,172,13437,692,29789,California
Madera,2021-03-17,1353,43391,900,19298,408,23080,45,1013,827,16798,517,13954,963,30752,California
Madera,2021-03-18,1567,44958,556,19854,961,24041,50,1063,757,16868,808,14762,878,31630,California
Madera,2021-03-19,1278,46236,510,20364,706,24747,62,1125,813,17338,463,15225,933,32563,California
Madera,2021-03-20,859,47095,626,20990,203,24950,30,1155,408,17368,450,15675,480,33043,California
Madera,2021-03-21,1039,48134,855,21845,139,25089,45,1200,344,17066,692,16367,390,33433,California
Madera,2021-03-22,1308,49442,839,22684,403,25492,66,1266,632,17142,668,17035,744,34177,California
Madera,2021-03-23,1362,50804,823,23507,439,25931,100,1366,704,17374,656,17691,888,35065,California
Madera,2021-03-24,875,51679,466,23973,380,26311,29,1395,577,17704,297,17988,627,35692,California
Madera,2021-03-25,1060,52739,467,24440,574,26885,19,1414,604,17921,447,18435,664,36356,California
Madera,2021-03-26,1358,54097,501,24941,728,27613,129,1543,653,18006,703,19138,788,37144,California
Madera,2021-03-27,827,54924,524,25465,281,27894,22,1565,377,17974,444,19582,412,37556,California
Madera,2021-03-28,357,55281,132,25597,217,28111,8,1573,223,18125,133,19715,284,37840,California
Madera,2021-03-29,642,55923,169,25766,444,28555,29,1602,476,18472,163,19878,510,38350,California
Madera,2021-03-30,740,56663,449,26215,279,28834,12,1614,404,18560,335,20213,423,38773,California
Marin,2020-12-15,2,2,2,2,0,0,0,0,2,2,0,0,2,2,California
Marin,2020-12-16,107,109,107,109,0,0,0,0,107,109,0,0,107,109,California
Marin,2020-12-17,259,368,259,368,0,0,0,0,259,368,0,0,259,368,California
Marin,2020-12-18,372,740,372,740,0,0,0,0,372,740,0,0,372,740,California
Marin,2020-12-19,348,1088,347,1087,1,1,0,0,348,1088,0,0,348,1088,California
Marin,2020-12-20,167,1255,166,1253,1,2,0,0,167,1255,0,0,167,1255,California
Marin,2020-12-21,239,1494,236,1489,3,5,0,0,239,1494,0,0,239,1494,California
Marin,2020-12-22,520,2014,317,1806,203,208,0,0,520,2014,0,0,520,2014,California
Marin,2020-12-23,731,2745,323,2129,408,616,0,0,731,2745,0,0,731,2745,California
Marin,2020-12-24,356,3101,160,2289,196,812,0,0,356,3101,0,0,356,3101,California
Marin,2020-12-25,27,3128,0,2289,27,839,0,0,27,3128,0,0,27,3128,California
Marin,2020-12-26,140,3268,92,2381,48,887,0,0,140,3268,0,0,140,3268,California
Marin,2020-12-27,93,3361,56,2437,37,924,0,0,93,3361,0,0,93,3361,California
Marin,2020-12-28,408,3769,99,2536,309,1233,0,0,408,3769,0,0,408,3769,California
Marin,2020-12-29,397,4166,86,2622,311,1544,0,0,397,4166,0,0,397,4166,California
Marin,2020-12-30,624,4790,387,3009,237,1781,0,0,624,4790,0,0,624,4790,California
Marin,2020-12-31,200,4990,33,3042,167,1948,0,0,200,4990,0,0,200,4990,California
Marin,2021-01-01,8,4998,4,3046,4,1952,0,0,8,4998,0,0,8,4998,California
Marin,2021-01-02,105,5103,99,3145,6,1958,0,0,105,5103,0,0,105,5103,California
Marin,2021-01-03,55,5158,37,3182,18,1976,0,0,52,5155,0,0,52,5155,California
Marin,2021-01-04,286,5444,185,3367,101,2077,0,0,285,5439,1,1,285,5440,California
Marin,2021-01-05,366,5810,223,3590,143,2220,0,0,323,5719,43,44,323,5763,California
Marin,2021-01-06,822,6632,316,3906,506,2726,0,0,645,6188,176,220,645,6408,California
Marin,2021-01-07,892,7524,502,4408,390,3116,0,0,544,6384,348,568,544,6952,California
Marin,2021-01-08,966,8490,509,4917,457,3573,0,0,593,6605,372,940,593,7545,California
Marin,2021-01-09,618,9108,222,5139,396,3969,0,0,488,6963,130,1070,488,8033,California
Marin,2021-01-10,126,9234,97,5236,29,3998,0,0,51,6939,75,1145,51,8084,California
Marin,2021-01-11,466,9700,325,5561,141,4139,0,0,251,6975,215,1360,251,8335,California
Marin,2021-01-12,940,10640,541,6102,399,4538,0,0,567,7172,370,1730,567,8902,California
Marin,2021-01-13,1175,11815,496,6598,679,5217,0,0,936,7869,239,1969,936,9838,California
Marin,2021-01-14,1072,12887,325,6923,747,5964,0,0,919,8637,151,2120,919,10757,California
Marin,2021-01-15,1150,14037,354,7277,796,6760,0,0,1020,9529,129,2249,1021,11778,California
Marin,2021-01-16,1110,15147,907,8184,203,6963,0,0,1036,10491,74,2323,1036,12814,California
Marin,2021-01-17,1237,16384,1117,9301,120,7083,0,0,1209,11676,27,2350,1212,14026,California
Marin,2021-01-18,360,16744,160,9461,200,7283,0,0,309,11934,51,2401,309,14335,California
Marin,2021-01-19,1145,17889,907,10368,238,7521,0,0,977,12744,167,2568,977,15312,California
Marin,2021-01-20,1781,19670,1207,11575,574,8095,0,0,1052,13079,718,3286,1053,16365,California
Marin,2021-01-21,1684,21354,1065,12640,619,8714,0,0,1332,14065,349,3635,1335,17700,California
Marin,2021-01-22,1687,23041,1079,13719,608,9322,0,0,1522,15422,165,3800,1522,19222,California
Marin,2021-01-23,1850,24891,1348,15067,502,9824,0,0,1766,17104,84,3884,1766,20988,California
Marin,2021-01-24,611,25502,163,15230,448,10272,0,0,579,17651,32,3916,579,21567,California
Marin,2021-01-25,1114,26616,224,15454,890,11162,0,0,684,17908,430,4346,687,22254,California
Marin,2021-01-26,1497,28113,776,16230,721,11883,0,0,1120,18652,376,4722,1120,23374,California
Marin,2021-01-27,1685,29798,863,17093,822,12705,0,0,1334,19639,348,5070,1335,24709,California
Marin,2021-01-28,2050,31848,1043,18136,1007,13712,0,0,1783,21157,266,5336,1784,26493,California
Marin,2021-01-29,2182,34030,1432,19568,750,14462,0,0,1987,22961,184,5520,1988,28481,California
Marin,2021-01-30,1714,35744,895,20463,819,15281,0,0,1637,24522,77,5597,1638,30119,California
Marin,2021-01-31,452,36196,316,20779,136,15417,0,0,427,24924,25,5622,427,30546,California
Marin,2021-02-01,1083,37279,417,21196,666,16083,0,0,885,25611,198,5820,885,31431,California
Marin,2021-02-02,1346,38625,457,21653,889,16972,0,0,721,25717,615,6435,721,32152,California
Marin,2021-02-03,1760,40385,415,22068,1345,18317,0,0,1238,26434,521,6956,1238,33390,California
Marin,2021-02-04,1532,41917,509,22577,1023,19340,0,0,931,26767,598,7554,931,34321,California
Marin,2021-02-05,2161,44078,671,23248,1490,20830,0,0,1323,27257,834,8388,1324,35645,California
Marin,2021-02-06,1423,45501,852,24100,571,21401,0,0,599,27033,823,9211,599,36244,California
Marin,2021-02-07,1289,46790,1005,25105,284,21685,0,0,487,26719,801,10012,487,36731,California
Marin,2021-02-08,1521,48311,754,25859,767,22452,0,0,728,26656,791,10803,728,37459,California
Marin,2021-02-09,1771,50082,1117,26976,654,23106,0,0,823,26532,947,11750,823,38282,California
Marin,2021-02-10,2330,52412,1490,28466,840,23946,0,0,1217,26639,1111,12861,1218,39500,California
Marin,2021-02-11,2855,55267,1638,30104,1217,25163,0,0,1447,26685,1403,14264,1449,40949,California
Marin,2021-02-12,3050,58317,1539,31643,1511,26674,0,0,1554,26745,1494,15758,1554,42503,California
Marin,2021-02-13,2342,60659,1242,32885,1100,27774,0,0,1132,26669,1208,16966,1132,43635,California
Marin,2021-02-14,805,61464,298,33183,507,28281,0,0,716,27296,89,17055,716,44351,California
Marin,2021-02-15,1208,62672,355,33538,853,29134,0,0,831,27750,377,17432,831,45182,California
Marin,2021-02-16,2458,65130,1053,34591,1405,30539,0,0,1500,28293,957,18389,1500,46682,California
Marin,2021-02-17,2077,67207,926,35517,1151,31690,0,0,1087,28392,989,19378,1088,47770,California
Marin,2021-02-18,2387,69594,1548,37065,839,32529,0,0,1058,28123,1328,20706,1059,48829,California
Marin,2021-02-19,2741,72335,2148,39213,593,33122,0,0,1212,27818,1518,22224,1213,50042,California
Marin,2021-02-20,2567,74902,2112,41325,455,33577,0,0,1224,27702,1340,23564,1224,51266,California
Marin,2021-02-21,1252,76154,1062,42387,190,33767,0,0,891,28235,358,23922,891,52157,California
Marin,2021-02-22,1788,77942,1377,43764,411,34178,0,0,1201,28850,586,24508,1201,53358,California
Marin,2021-02-23,2821,80763,1606,45370,1215,35393,0,0,1901,29840,911,25419,1901,55259,California
Marin,2021-02-24,3462,84225,1586,46956,1876,37269,0,0,2227,30839,1228,26647,2227,57486,California
Marin,2021-02-25,3892,88117,1796,48752,2096,39365,0,0,2731,32418,1153,27800,2732,60218,California
Marin,2021-02-26,3466,91583,1870,50622,1596,40961,0,0,2524,34011,931,28731,2524,62742,California
Marin,2021-02-27,2610,94193,1495,52117,1115,42076,0,0,1775,34954,833,29564,1776,64518,California
Marin,2021-02-28,1376,95569,917,53034,459,42535,0,0,1043,35666,331,29895,1043,65561,California
Marin,2021-03-01,2424,97993,1494,54528,930,43465,0,0,1625,36498,793,30688,1625,67186,California
Marin,2021-03-02,2395,100388,1570,56098,824,44289,1,1,1662,37431,731,31419,1664,68850,California
Marin,2021-03-03,3919,104307,2154,58252,1765,46054,0,1,2518,38554,1397,32816,2520,71370,California
Marin,2021-03-04,2889,107196,1366,59618,1523,47577,0,1,2078,39833,805,33621,2084,73454,California
Marin,2021-03-05,2551,109747,813,60431,1726,49303,12,13,1496,40292,1054,34675,1513,74967,California
Marin,2021-03-06,2452,112199,1684,62115,692,49995,76,89,1971,41867,472,35147,2047,77014,California
Marin,2021-03-07,1362,113561,1151,63266,188,50183,23,112,979,42488,381,35528,1002,78016,California
Marin,2021-03-08,1521,115082,1056,64322,370,50553,95,207,1080,43228,439,35967,1179,79195,California
Marin,2021-03-09,2036,117118,1192,65514,735,51288,109,316,1385,44071,651,36618,1494,80689,California
Marin,2021-03-10,4206,121324,2381,67895,1533,52821,292,608,2988,46136,1216,37834,3281,83970,California
Marin,2021-03-11,4329,125653,1734,69629,2462,55283,133,741,3077,48100,1245,39079,3209,87179,California
Marin,2021-03-12,3696,129349,1435,71064,1924,57207,337,1078,1439,47626,2247,41326,1773,88952,California
Marin,2021-03-13,3865,133214,2751,73815,1056,58263,58,1136,2308,48441,1549,42875,2364,91316,California
Marin,2021-03-14,2109,135323,1061,74876,940,59203,108,1244,698,47839,1410,44285,808,92124,California
Marin,2021-03-15,3226,138549,1760,76636,1415,60618,51,1295,1227,47122,1994,46279,1277,93401,California
Marin,2021-03-16,4270,142819,2288,78924,1618,62236,364,1659,1508,46234,2759,49038,1871,95272,California
Marin,2021-03-17,3949,146768,2159,81083,1748,63984,42,1701,1898,46134,2041,51079,1941,97213,California
Marin,2021-03-18,3669,150437,1824,82907,1798,65782,47,1748,1887,46297,1770,52849,1933,99146,California
Marin,2021-03-19,3106,153543,1699,84606,1292,67074,115,1863,1696,46705,1403,54252,1811,100957,California
Marin,2021-03-20,2659,156202,1380,85986,1209,68283,70,1933,1627,47378,1024,55276,1697,102654,California
Marin,2021-03-21,1495,157697,1102,87088,368,68651,25,1958,772,47454,721,55997,797,103451,California
Marin,2021-03-22,2463,160160,2113,89201,179,68830,171,2129,1018,47211,1440,57437,1197,104648,California
Marin,2021-03-23,4156,164316,2141,91342,1892,70722,123,2252,1884,46974,2267,59704,2030,106678,California
Marin,2021-03-24,4365,168681,2851,94193,1410,72132,104,2356,1803,46461,2554,62258,2041,108719,California
Marin,2021-03-25,4515,173196,2738,96931,1709,73841,68,2424,2210,46628,2292,64550,2459,111178,California
Marin,2021-03-26,4176,177372,2247,99178,1718,75559,211,2635,2364,47630,1793,66343,2795,113973,California
Marin,2021-03-27,3585,180957,2557,101735,1012,76571,16,2651,1119,46813,2460,68803,1643,115616,California
Marin,2021-03-28,2326,183283,1678,103413,642,77213,6,2657,1071,46643,1250,70053,1080,116696,California
Marin,2021-03-29,2477,185760,1921,105334,536,77749,20,2677,1307,46810,1168,71221,1335,118031,California
Marin,2021-03-30,3727,189487,3104,108438,606,78355,17,2694,2552,48217,1172,72393,2579,120610,California
Mariposa,2020-12-17,2,2,2,2,0,0,0,0,38,38,0,0,38,38,California
Mariposa,2020-12-18,5,7,5,7,0,0,0,0,56,94,0,0,56,94,California
Mariposa,2020-12-20,2,9,2,9,0,0,0,0,2,96,0,0,2,96,California
Mariposa,2020-12-21,3,12,3,12,0,0,0,0,45,141,0,0,45,141,California
Mariposa,2020-12-22,2,14,2,14,0,0,0,0,2,143,0,0,2,143,California
Mariposa,2020-12-23,10,24,10,24,0,0,0,0,1,144,0,0,1,144,California
Mariposa,2020-12-24,1,25,0,24,1,1,0,0,0,144,0,0,0,144,California
Mariposa,2020-12-26,1,26,1,25,0,1,0,0,1,145,0,0,1,145,California
Mariposa,2020-12-27,1,27,0,25,1,2,0,0,1,146,0,0,1,146,California
Mariposa,2020-12-28,3,30,1,26,2,4,0,0,3,149,0,0,3,149,California
Mariposa,2020-12-29,33,63,1,27,32,36,0,0,33,182,0,0,33,182,California
Mariposa,2020-12-30,21,84,0,27,21,57,0,0,21,203,0,0,21,203,California
Mariposa,2020-12-31,22,106,0,27,22,79,0,0,22,225,0,0,22,225,California
Mariposa,2021-01-04,9,115,1,28,8,87,0,0,9,234,0,0,9,234,California
Mariposa,2021-01-05,24,139,14,42,10,97,0,0,12,236,10,10,12,246,California
Mariposa,2021-01-06,5,144,3,45,2,99,0,0,2,235,3,13,2,248,California
Mariposa,2021-01-07,49,193,47,92,2,101,0,0,2,190,47,60,2,250,California
Mariposa,2021-01-08,109,302,81,173,28,129,0,0,33,147,76,136,33,283,California
Mariposa,2021-01-09,1,303,0,173,1,130,0,0,1,148,0,136,1,284,California
Mariposa,2021-01-11,24,327,3,176,21,151,0,0,22,168,2,138,22,306,California
Mariposa,2021-01-12,21,348,3,179,18,169,0,0,18,183,3,141,18,324,California
Mariposa,2021-01-13,22,370,1,180,21,190,0,0,21,203,1,142,21,345,California
Mariposa,2021-01-14,94,464,1,181,93,283,0,0,94,297,0,142,94,439,California
Mariposa,2021-01-15,46,510,1,182,45,328,0,0,45,341,1,143,45,484,California
Mariposa,2021-01-16,19,529,2,184,17,345,0,0,18,358,1,144,18,502,California
Mariposa,2021-01-17,2,531,0,184,2,347,0,0,2,360,0,144,2,504,California
Mariposa,2021-01-18,2,533,2,186,0,347,0,0,1,360,1,145,1,505,California
Mariposa,2021-01-19,1,534,0,186,1,348,0,0,1,361,0,145,1,506,California
Mariposa,2021-01-20,26,560,0,186,26,374,0,0,25,386,0,145,25,531,California
Mariposa,2021-01-21,87,647,1,187,86,460,0,0,87,473,0,145,87,618,California
Mariposa,2021-01-22,77,724,1,188,76,536,0,0,77,550,0,145,77,695,California
Mariposa,2021-01-23,125,849,0,188,125,661,0,0,124,674,0,145,124,819,California
Mariposa,2021-01-25,3,852,1,189,2,663,0,0,0,671,3,148,0,819,California
Mariposa,2021-01-26,32,884,2,191,30,693,0,0,3,649,29,177,7,826,California
Mariposa,2021-01-27,34,918,1,192,33,726,0,0,26,667,8,185,26,852,California
Mariposa,2021-01-28,147,1065,2,194,145,871,0,0,133,786,14,199,133,985,California
Mariposa,2021-01-29,58,1123,0,194,58,929,0,0,58,844,0,199,58,1043,California
Mariposa,2021-01-30,3,1126,1,195,2,931,0,0,2,845,1,200,2,1045,California
Mariposa,2021-01-31,1,1127,0,195,1,932,0,0,1,846,0,200,1,1046,California
Mariposa,2021-02-01,55,1182,0,195,55,987,0,0,48,887,7,207,48,1094,California
Mariposa,2021-02-02,8,1190,0,195,8,995,0,0,2,883,6,213,2,1096,California
Mariposa,2021-02-03,26,1216,1,196,25,1020,0,0,22,901,4,217,22,1118,California
Mariposa,2021-02-04,115,1331,7,203,108,1128,0,0,108,1006,4,221,109,1227,California
Mariposa,2021-02-05,239,1570,4,207,235,1363,0,0,217,1201,22,243,217,1444,California
Mariposa,2021-02-06,2,1572,1,208,1,1364,0,0,1,1201,1,244,1,1445,California
Mariposa,2021-02-08,39,1611,1,209,38,1402,0,0,20,1202,19,263,20,1465,California
Mariposa,2021-02-09,10,1621,3,212,7,1409,0,0,5,1202,5,268,5,1470,California
Mariposa,2021-02-10,17,1638,1,213,16,1425,0,0,9,1209,8,276,15,1485,California
Mariposa,2021-02-11,378,2016,4,217,374,1799,0,0,334,1536,42,318,369,1854,California
Mariposa,2021-02-12,177,2193,1,218,176,1975,0,0,115,1607,62,380,133,1987,California
Mariposa,2021-02-13,5,2198,3,221,2,1977,0,0,4,1610,1,381,4,1991,California
Mariposa,2021-02-14,5,2203,2,223,3,1980,0,0,3,1612,2,383,4,1995,California
Mariposa,2021-02-15,8,2211,2,225,6,1986,0,0,7,1618,1,384,7,2002,California
Mariposa,2021-02-16,19,2230,2,227,17,2003,0,0,8,1625,11,395,18,2020,California
Mariposa,2021-02-17,20,2250,2,229,18,2021,0,0,9,1631,10,405,16,2036,California
Mariposa,2021-02-18,56,2306,3,232,53,2074,0,0,13,1601,43,448,13,2049,California
Mariposa,2021-02-19,74,2380,0,232,74,2148,0,0,33,1633,41,489,73,2122,California
Mariposa,2021-02-20,254,2634,4,236,250,2398,0,0,169,1770,85,574,222,2344,California
Mariposa,2021-02-21,230,2864,2,238,228,2626,0,0,229,1998,1,575,229,2573,California
Mariposa,2021-02-22,15,2879,2,240,13,2639,0,0,15,2013,0,575,15,2588,California
Mariposa,2021-02-23,6,2885,3,243,3,2642,0,0,4,2016,2,577,5,2593,California
Mariposa,2021-02-24,18,2903,1,244,17,2659,0,0,2,2002,16,593,2,2595,California
Mariposa,2021-02-25,6,2909,3,247,3,2662,0,0,3,2002,3,596,3,2598,California
Mariposa,2021-02-26,410,3319,3,250,407,3069,0,0,251,2198,159,755,355,2953,California
Mariposa,2021-02-27,153,3472,3,253,150,3219,0,0,149,2344,4,759,150,3103,California
Mariposa,2021-02-28,2,3474,1,254,1,3220,0,0,0,2342,2,761,0,3103,California
Mariposa,2021-03-01,55,3529,2,256,53,3273,0,0,7,2301,48,809,7,3110,California
Mariposa,2021-03-02,6,3535,5,261,1,3274,0,0,3,2301,3,812,3,3113,California
Mariposa,2021-03-03,65,3600,1,262,64,3338,0,0,63,2362,2,814,63,3176,California
Mariposa,2021-03-04,15,3615,5,267,10,3348,0,0,5,2360,10,824,8,3184,California
Mariposa,2021-03-05,38,3653,6,273,32,3380,0,0,27,2384,11,835,35,3219,California
Mariposa,2021-03-06,4,3657,1,274,3,3383,0,0,4,2388,0,835,4,3223,California
Mariposa,2021-03-08,36,3693,2,276,23,3406,11,11,7,2377,29,864,18,3241,California
Mariposa,2021-03-09,24,3717,2,278,11,3417,11,22,9,2382,15,879,20,3261,California
Mariposa,2021-03-10,15,3732,3,281,3,3420,9,31,3,2382,12,891,12,3273,California
Mariposa,2021-03-11,455,4187,5,286,432,3852,18,49,172,2340,282,1173,240,3513,California
Mariposa,2021-03-12,241,4428,2,288,211,4063,28,77,96,2328,145,1318,133,3646,California
Mariposa,2021-03-13,23,4451,3,291,5,4068,15,92,4,2329,19,1337,20,3666,California
Mariposa,2021-03-14,14,4465,0,291,3,4071,11,103,2,2330,12,1349,13,3679,California
Mariposa,2021-03-15,72,4537,5,296,29,4100,38,141,28,2352,44,1393,66,3745,California
Mariposa,2021-03-16,44,4581,5,301,5,4105,34,175,7,2356,37,1430,41,3786,California
Mariposa,2021-03-17,51,4632,4,305,42,4147,5,180,43,2398,8,1438,50,3836,California
Mariposa,2021-03-18,44,4676,4,309,31,4178,9,189,32,2427,12,1450,41,3877,California
Mariposa,2021-03-19,327,5003,3,312,314,4492,10,199,294,2698,33,1483,304,4181,California
Mariposa,2021-03-20,418,5421,3,315,414,4906,1,200,45,2373,373,1856,48,4229,California
Mariposa,2021-03-21,8,5429,7,322,0,4906,1,201,5,2376,3,1859,6,4235,California
Mariposa,2021-03-22,35,5464,5,327,19,4925,11,212,21,2396,14,1873,34,4269,California
Mariposa,2021-03-23,19,5483,4,331,2,4927,13,225,1,2392,18,1891,14,4283,California
Mariposa,2021-03-24,9,5492,1,332,6,4933,2,227,7,2399,2,1893,9,4292,California
Mariposa,2021-03-25,6,5498,4,336,2,4935,0,227,2,2397,4,1897,2,4294,California
Mariposa,2021-03-26,42,5540,9,345,31,4966,2,229,27,2411,15,1912,29,4323,California
Mariposa,2021-03-27,8,5548,3,348,5,4971,0,229,2,2408,6,1918,3,4326,California
Mariposa,2021-03-28,2,5550,0,348,1,4972,1,230,0,2407,2,1920,1,4327,California
Mariposa,2021-03-29,13,5563,2,350,11,4983,0,230,7,2408,6,1926,7,4334,California
Mariposa,2021-03-30,1,5564,0,350,1,4984,0,230,0,2407,1,1927,0,4334,California
Mendocino,2020-12-17,70,70,70,70,0,0,0,0,70,70,0,0,70,70,California
Mendocino,2020-12-18,86,156,85,155,1,1,0,0,85,155,0,0,85,155,California
Mendocino,2020-12-19,3,159,3,158,0,1,0,0,3,158,0,0,3,158,California
Mendocino,2020-12-20,7,166,7,165,0,1,0,0,7,165,0,0,7,165,California
Mendocino,2020-12-21,245,411,245,410,0,1,0,0,76,241,0,0,76,241,California
Mendocino,2020-12-22,248,659,188,598,60,61,0,0,248,489,0,0,248,489,California
Mendocino,2020-12-23,272,931,48,646,224,285,0,0,271,760,0,0,271,760,California
Mendocino,2020-12-24,49,980,8,654,41,326,0,0,49,809,0,0,49,809,California
Mendocino,2020-12-25,1,981,0,654,1,327,0,0,1,810,0,0,1,810,California
Mendocino,2020-12-26,2,983,2,656,0,327,0,0,2,812,0,0,2,812,California
Mendocino,2020-12-27,1,984,0,656,1,328,0,0,1,813,0,0,1,813,California
Mendocino,2020-12-28,73,1057,8,664,65,393,0,0,73,886,0,0,73,886,California
Mendocino,2020-12-29,120,1177,60,724,60,453,0,0,120,1006,0,0,120,1006,California
Mendocino,2020-12-30,120,1297,66,790,54,507,0,0,120,1126,0,0,120,1126,California
Mendocino,2020-12-31,130,1427,95,885,35,542,0,0,130,1256,0,0,130,1256,California
Mendocino,2021-01-01,4,1431,2,887,2,544,0,0,4,1260,0,0,4,1260,California
Mendocino,2021-01-02,1,1432,1,888,0,544,0,0,1,1261,0,0,1,1261,California
Mendocino,2021-01-04,837,2269,15,903,822,1366,0,0,837,2098,0,0,837,2098,California
Mendocino,2021-01-05,71,2340,35,938,36,1402,0,0,58,2143,13,13,58,2156,California
Mendocino,2021-01-06,150,2490,129,1067,21,1423,0,0,140,2273,10,23,140,2296,California
Mendocino,2021-01-07,356,2846,237,1304,119,1542,0,0,293,2503,63,86,293,2589,California
Mendocino,2021-01-08,95,2941,82,1386,13,1555,0,0,41,2491,54,140,42,2631,California
Mendocino,2021-01-09,8,2949,4,1390,4,1559,0,0,6,2495,2,142,6,2637,California
Mendocino,2021-01-10,8,2957,8,1398,0,1559,0,0,1,2489,7,149,1,2638,California
Mendocino,2021-01-11,99,3056,90,1488,9,1568,0,0,41,2473,57,206,41,2679,California
Mendocino,2021-01-12,387,3443,376,1864,11,1579,0,0,272,2630,115,321,272,2951,California
Mendocino,2021-01-13,479,3922,144,2008,335,1914,0,0,439,3032,38,359,440,3391,California
Mendocino,2021-01-14,627,4549,20,2028,607,2521,0,0,618,3641,9,368,618,4009,California
Mendocino,2021-01-15,1852,6401,859,2887,993,3514,0,0,1847,5484,5,373,1848,5857,California
Mendocino,2021-01-16,784,7185,51,2938,733,4247,0,0,782,6264,2,375,782,6639,California
Mendocino,2021-01-17,553,7738,1,2939,552,4799,0,0,552,6815,1,376,552,7191,California
Mendocino,2021-01-18,488,8226,463,3402,25,4824,0,0,476,7279,12,388,476,7667,California
Mendocino,2021-01-19,327,8553,146,3548,181,5005,0,0,152,7256,175,563,152,7819,California
Mendocino,2021-01-20,549,9102,402,3950,147,5152,0,0,445,7599,102,665,445,8264,California
Mendocino,2021-01-21,525,9627,219,4169,306,5458,0,0,342,7759,182,847,342,8606,California
Mendocino,2021-01-22,147,9774,58,4227,89,5547,0,0,108,7828,39,886,108,8714,California
Mendocino,2021-01-23,155,9929,83,4310,72,5619,0,0,149,7971,6,892,149,8863,California
Mendocino,2021-01-24,5,9934,3,4313,2,5621,0,0,5,7976,0,892,5,8868,California
Mendocino,2021-01-25,189,10123,15,4328,174,5795,0,0,121,8029,68,960,121,8989,California
Mendocino,2021-01-26,155,10278,57,4385,98,5893,0,0,95,8064,60,1020,95,9084,California
Mendocino,2021-01-27,426,10704,358,4743,68,5961,0,0,172,7986,250,1270,172,9256,California
Mendocino,2021-01-28,548,11252,513,5256,35,5996,0,0,459,8356,89,1359,459,9715,California
Mendocino,2021-01-29,388,11640,348,5604,40,6036,0,0,359,8687,29,1388,360,10075,California
Mendocino,2021-01-30,45,11685,27,5631,18,6054,0,0,41,8724,4,1392,41,10116,California
Mendocino,2021-01-31,275,11960,2,5633,273,6327,0,0,3,8455,272,1664,3,10119,California
Mendocino,2021-02-01,371,12331,47,5680,324,6651,0,0,52,8188,319,1983,52,10171,California
Mendocino,2021-02-02,684,13015,501,6181,183,6834,0,0,326,8156,358,2341,326,10497,California
Mendocino,2021-02-03,386,13401,203,6384,183,7017,0,0,219,8210,165,2506,219,10716,California
Mendocino,2021-02-04,586,13987,528,6912,58,7075,0,0,463,8550,123,2629,463,11179,California
Mendocino,2021-02-05,1306,15293,1216,8128,90,7165,0,0,590,8426,714,3343,590,11769,California
Mendocino,2021-02-06,557,15850,157,8285,400,7565,0,0,542,8953,15,3358,542,12311,California
Mendocino,2021-02-07,29,15879,25,8310,4,7569,0,0,29,8982,0,3358,29,12340,California
Mendocino,2021-02-08,744,16623,714,9024,30,7599,0,0,282,8802,462,3820,282,12622,California
Mendocino,2021-02-09,102,16725,58,9082,44,7643,0,0,50,8800,52,3872,50,12672,California
Mendocino,2021-02-10,1474,18199,922,10004,552,8195,0,0,742,8816,726,4598,742,13414,California
Mendocino,2021-02-11,1069,19268,206,10210,863,9058,0,0,233,8213,836,5434,233,13647,California
Mendocino,2021-02-12,989,20257,155,10365,834,9892,0,0,227,7680,761,6195,228,13875,California
Mendocino,2021-02-13,492,20749,12,10377,480,10372,0,0,99,7391,393,6588,104,13979,California
Mendocino,2021-02-14,695,21444,1,10378,694,11066,0,0,135,6966,560,7148,135,14114,California
Mendocino,2021-02-15,204,21648,40,10418,164,11230,0,0,167,7096,37,7185,167,14281,California
Mendocino,2021-02-16,195,21843,49,10467,146,11376,0,0,128,7157,67,7252,128,14409,California
Mendocino,2021-02-17,1347,23190,1186,11653,161,11537,0,0,874,7561,471,7723,875,15284,California
Mendocino,2021-02-18,1074,24264,640,12293,434,11971,0,0,544,7575,530,8253,544,15828,California
Mendocino,2021-02-19,701,24965,146,12439,555,12526,0,0,562,7998,139,8392,562,16390,California
Mendocino,2021-02-20,567,25532,541,12980,26,12552,0,0,538,8509,27,8419,538,16928,California
Mendocino,2021-02-21,22,25554,4,12984,18,12570,0,0,11,8509,11,8430,11,16939,California
Mendocino,2021-02-22,161,25715,30,13014,131,12701,0,0,71,8490,90,8520,71,17010,California
Mendocino,2021-02-23,660,26375,646,13660,14,12715,0,0,610,9051,49,8569,610,17620,California
Mendocino,2021-02-24,1813,28188,1731,15391,82,12797,0,0,1407,10055,403,8972,1407,19027,California
Mendocino,2021-02-25,1236,29424,535,15926,701,13498,0,0,877,10573,359,9331,877,19904,California
Mendocino,2021-02-26,1387,30811,745,16671,642,14140,0,0,1024,11236,361,9692,1024,20928,California
Mendocino,2021-02-27,194,31005,149,16820,45,14185,0,0,73,11190,119,9811,73,21001,California
Mendocino,2021-02-28,38,31043,16,16836,22,14207,0,0,26,11204,12,9823,26,21027,California
Mendocino,2021-03-01,568,31611,524,17360,44,14251,0,0,531,11698,37,9860,531,21558,California
Mendocino,2021-03-02,68,31679,24,17384,44,14295,0,0,39,11709,28,9888,39,21597,California
Mendocino,2021-03-03,1601,33280,1250,18634,351,14646,0,0,981,12072,618,10506,981,22578,California
Mendocino,2021-03-04,1283,34563,146,18780,1137,15783,0,0,1144,13080,137,10643,1145,23723,California
Mendocino,2021-03-05,175,34738,115,18895,51,15834,9,9,100,13116,73,10716,109,23832,California
Mendocino,2021-03-06,240,34978,18,18913,199,16033,23,32,203,13305,37,10753,226,24058,California
Mendocino,2021-03-07,485,35463,6,18919,459,16492,20,52,103,13046,381,11134,122,24180,California
Mendocino,2021-03-08,128,35591,33,18952,59,16551,36,88,69,13093,58,11192,105,24285,California
Mendocino,2021-03-09,424,36015,215,19167,178,16729,31,119,340,13380,84,11276,371,24656,California
Mendocino,2021-03-10,1003,37018,929,20096,67,16796,7,126,271,12931,729,12005,280,24936,California
Mendocino,2021-03-11,770,37788,562,20658,154,16950,54,180,356,12931,410,12415,410,25346,California
Mendocino,2021-03-12,1240,39028,976,21634,170,17120,94,274,987,13760,252,12667,1081,26427,California
Mendocino,2021-03-13,569,39597,491,22125,28,17148,50,324,81,13407,484,13151,131,26558,California
Mendocino,2021-03-14,63,39660,3,22128,53,17201,7,331,6,13363,57,13208,13,26571,California
Mendocino,2021-03-15,600,40260,55,22183,489,17690,56,387,214,13249,384,13592,270,26841,California
Mendocino,2021-03-16,559,40819,364,22547,152,17842,43,430,134,13003,424,14016,178,27019,California
Mendocino,2021-03-17,1476,42295,1286,23833,53,17895,137,567,200,12079,1275,15291,351,27370,California
Mendocino,2021-03-18,411,42706,175,24008,200,18095,36,603,154,12016,254,15545,191,27561,California
Mendocino,2021-03-19,1658,44364,832,24840,778,18873,48,651,325,11066,1328,16873,378,27939,California
Mendocino,2021-03-20,62,44426,10,24850,32,18905,20,671,16,11056,46,16919,36,27975,California
Mendocino,2021-03-21,10,44436,2,24852,3,18908,5,676,2,11056,8,16927,8,27983,California
Mendocino,2021-03-22,614,45050,572,25424,15,18923,27,703,146,10764,466,17393,174,28157,California
Mendocino,2021-03-23,168,45218,34,25458,104,19027,30,733,117,10860,51,17444,147,28304,California
Mendocino,2021-03-24,902,46120,824,26282,32,19059,46,779,120,10307,781,18225,228,28532,California
Mendocino,2021-03-25,1258,47378,58,26340,1183,20242,17,796,165,9403,1092,19317,188,28720,California
Mendocino,2021-03-26,505,47883,367,26707,118,20360,20,816,337,9595,166,19483,358,29078,California
Mendocino,2021-03-27,143,48026,13,26720,120,20480,10,826,89,9642,53,19536,100,29178,California
Mendocino,2021-03-28,31,48057,9,26729,18,20498,4,830,8,9632,22,19558,12,29190,California
Mendocino,2021-03-29,163,48220,79,26808,43,20541,41,871,72,9655,91,19649,114,29304,California
Mendocino,2021-03-30,541,48761,512,27320,10,20551,19,890,333,9801,206,19855,352,29656,California
Merced,2020-12-16,3,3,3,3,0,0,0,0,3,3,0,0,3,3,California
Merced,2020-12-17,6,9,6,9,0,0,0,0,6,9,0,0,6,9,California
Merced,2020-12-18,144,153,144,153,0,0,0,0,144,153,0,0,144,153,California
Merced,2020-12-19,38,191,38,191,0,0,0,0,38,191,0,0,38,191,California
Merced,2020-12-20,18,209,17,208,1,1,0,0,18,209,0,0,18,209,California
Merced,2020-12-21,129,338,126,334,3,4,0,0,129,338,0,0,129,338,California
Merced,2020-12-22,162,500,162,496,0,4,0,0,162,500,0,0,162,500,California
Merced,2020-12-23,304,804,289,785,15,19,0,0,304,804,0,0,304,804,California
Merced,2020-12-24,70,874,70,855,0,19,0,0,70,874,0,0,70,874,California
Merced,2020-12-25,5,879,5,860,0,19,0,0,5,879,0,0,5,879,California
Merced,2020-12-26,7,886,4,864,3,22,0,0,7,886,0,0,7,886,California
Merced,2020-12-27,12,898,11,875,1,23,0,0,12,898,0,0,12,898,California
Merced,2020-12-28,125,1023,100,975,25,48,0,0,125,1023,0,0,125,1023,California
Merced,2020-12-29,188,1211,134,1109,54,102,0,0,188,1211,0,0,188,1211,California
Merced,2020-12-30,239,1450,93,1202,146,248,0,0,237,1448,0,0,237,1448,California
Merced,2020-12-31,127,1577,39,1241,88,336,0,0,124,1572,0,0,124,1572,California
Merced,2021-01-02,127,1704,116,1357,11,347,0,0,128,1700,0,0,128,1700,California
Merced,2021-01-03,9,1713,5,1362,4,351,0,0,9,1709,0,0,9,1709,California
Merced,2021-01-04,83,1796,40,1402,43,394,0,0,83,1792,0,0,83,1792,California
Merced,2021-01-05,319,2115,230,1632,89,483,0,0,321,2109,5,5,322,2114,California
Merced,2021-01-06,273,2388,98,1730,175,658,0,0,267,2370,6,11,267,2381,California
Merced,2021-01-07,192,2580,80,1810,112,770,0,0,191,2549,12,23,191,2572,California
Merced,2021-01-08,543,3123,400,2210,143,913,0,0,398,2797,150,173,398,2970,California
Merced,2021-01-09,24,3147,11,2221,13,926,0,0,18,2809,6,179,18,2988,California
Merced,2021-01-10,10,3157,6,2227,4,930,0,0,6,2811,4,183,6,2994,California
Merced,2021-01-11,244,3401,170,2397,74,1004,0,0,117,2804,125,308,118,3112,California
Merced,2021-01-12,312,3713,163,2560,149,1153,0,0,258,3005,57,365,258,3370,California
Merced,2021-01-13,451,4164,233,2793,218,1371,0,0,237,3036,208,573,239,3609,California
Merced,2021-01-14,355,4519,214,3007,141,1512,0,0,184,3052,170,743,186,3795,California
Merced,2021-01-15,683,5202,147,3154,536,2048,0,0,660,3675,39,782,662,4457,California
Merced,2021-01-16,240,5442,153,3307,87,2135,0,0,235,3905,5,787,235,4692,California
Merced,2021-01-17,48,5490,11,3318,37,2172,0,0,47,3951,1,788,47,4739,California
Merced,2021-01-18,331,5821,154,3472,177,2349,0,0,309,4241,22,810,312,5051,California
Merced,2021-01-19,736,6557,584,4056,152,2501,0,0,554,4617,182,992,558,5609,California
Merced,2021-01-20,595,7152,488,4544,107,2608,0,0,531,5086,64,1056,533,6142,California
Merced,2021-01-21,1058,8210,688,5232,370,2978,0,0,959,5948,100,1156,962,7104,California
Merced,2021-01-22,1394,9604,713,5945,681,3659,0,0,1371,7305,25,1181,1382,8486,California
Merced,2021-01-23,309,9913,184,6129,125,3784,0,0,205,7405,105,1286,205,8691,California
Merced,2021-01-24,34,9947,16,6145,18,3802,0,0,24,7420,9,1295,24,8715,California
Merced,2021-01-25,781,10728,269,6414,512,4314,0,0,705,8066,59,1354,705,9420,California
Merced,2021-01-26,944,11672,480,6894,464,4778,0,0,688,8547,209,1563,690,10110,California
Merced,2021-01-27,1031,12703,584,7478,447,5225,0,0,842,9228,162,1725,843,10953,California
Merced,2021-01-28,1204,13907,587,8065,617,5842,0,0,1046,10140,134,1859,1046,11999,California
Merced,2021-01-29,912,14819,338,8403,574,6416,0,0,656,10556,243,2102,659,12658,California
Merced,2021-01-30,286,15105,25,8428,261,6677,0,0,271,10812,15,2117,271,12929,California
Merced,2021-01-31,48,15153,12,8440,36,6713,0,0,45,10854,3,2120,45,12974,California
Merced,2021-02-01,373,15526,51,8491,322,7035,0,0,324,11129,49,2169,324,13298,California
Merced,2021-02-02,302,15828,184,8675,118,7153,0,0,182,11194,118,2287,183,13481,California
Merced,2021-02-03,403,16231,73,8748,330,7483,0,0,206,11203,197,2484,206,13687,California
Merced,2021-02-04,433,16664,158,8906,275,7758,0,0,279,11332,151,2635,280,13967,California
Merced,2021-02-05,629,17293,216,9122,413,8171,0,0,327,11371,289,2924,328,14295,California
Merced,2021-02-06,442,17735,248,9370,194,8365,0,0,271,11473,169,3093,271,14566,California
Merced,2021-02-07,19,17754,12,9382,7,8372,0,0,12,11478,7,3100,12,14578,California
Merced,2021-02-08,327,18081,222,9604,105,8477,0,0,187,11529,137,3237,188,14766,California
Merced,2021-02-09,1278,19359,961,10565,317,8794,0,0,805,11878,457,3694,806,15572,California
Merced,2021-02-10,1923,21282,1439,12004,484,9278,0,0,1337,12636,579,4273,1337,16909,California
Merced,2021-02-11,2619,23901,2049,14053,570,9848,0,0,1863,13749,750,5023,1863,18772,California
Merced,2021-02-12,1892,25793,1063,15116,829,10677,0,0,836,13542,1043,6066,836,19608,California
Merced,2021-02-13,367,26160,206,15322,161,10838,0,0,273,13722,94,6160,274,19882,California
Merced,2021-02-14,117,26277,27,15349,90,10928,0,0,92,13792,25,6185,95,19977,California
Merced,2021-02-15,272,26549,39,15388,233,11161,0,0,167,13860,100,6285,168,20145,California
Merced,2021-02-16,1291,27840,865,16253,426,11587,0,0,782,14236,491,6776,867,21012,California
Merced,2021-02-17,1947,29787,1679,17932,268,11855,0,0,1353,15027,582,7358,1373,22385,California
Merced,2021-02-18,1316,31103,851,18783,465,12320,0,0,444,14637,848,8206,458,22843,California
Merced,2021-02-19,1310,32413,427,19210,883,13203,0,0,555,14456,749,8955,568,23411,California
Merced,2021-02-20,275,32688,31,19241,244,13447,0,0,141,14466,131,9086,141,23552,California
Merced,2021-02-21,75,32763,60,19301,15,13462,0,0,26,14447,49,9135,30,23582,California
Merced,2021-02-22,918,33681,367,19668,551,14013,0,0,569,14668,348,9483,569,24151,California
Merced,2021-02-23,1183,34864,488,20156,695,14708,0,0,691,14915,488,9971,735,24886,California
Merced,2021-02-24,849,35713,297,20453,552,15260,0,0,461,15001,380,10351,466,25352,California
Merced,2021-02-25,1813,37526,851,21304,962,16222,0,0,1334,15875,464,10815,1338,26690,California
Merced,2021-02-26,2352,39878,1505,22809,847,17069,0,0,1912,17352,440,11255,1917,28607,California
Merced,2021-02-27,2549,42427,981,23790,1567,18636,1,1,2239,19283,311,11566,2242,30849,California
Merced,2021-02-28,322,42749,67,23857,255,18891,0,1,274,19512,46,11612,275,31124,California
Merced,2021-03-01,1200,43949,285,24142,915,19806,0,1,854,20025,341,11953,854,31978,California
Merced,2021-03-02,1791,45740,911,25053,880,20686,0,1,1402,21041,386,12339,1402,33380,California
Merced,2021-03-03,2316,48056,1796,26849,519,21205,1,2,1545,21828,761,13100,1548,34928,California
Merced,2021-03-04,3085,51141,2434,29283,649,21854,2,4,2179,23034,975,14075,2181,37109,California
Merced,2021-03-05,2416,53557,1510,30793,883,22737,23,27,1809,24284,599,14674,1849,38958,California
Merced,2021-03-06,1012,54569,490,31283,502,23239,20,47,737,24768,274,14948,758,39716,California
Merced,2021-03-07,251,54820,55,31338,172,23411,24,71,222,24985,29,14977,246,39962,California
Merced,2021-03-08,1215,56035,601,31939,550,23961,64,135,1007,25849,207,15184,1071,41033,California
Merced,2021-03-09,1658,57693,956,32895,590,24551,112,247,1042,26396,610,15794,1157,42190,California
Merced,2021-03-10,2914,60607,2017,34912,683,25234,214,461,1791,27292,1112,16906,2008,44198,California
Merced,2021-03-11,1924,62531,639,35551,1085,26319,200,661,1352,28285,566,17472,1559,45757,California
Merced,2021-03-12,2402,64933,1071,36622,1079,27398,252,913,1628,29418,770,18242,1903,47660,California
Merced,2021-03-13,673,65606,318,36940,118,27516,237,1150,355,29706,316,18558,604,48264,California
Merced,2021-03-14,171,65777,99,37039,42,27558,30,1180,100,29766,71,18629,131,48395,California
Merced,2021-03-15,1547,67324,512,37551,769,28327,266,1446,1010,30522,526,19155,1282,49677,California
Merced,2021-03-16,1536,68860,779,38330,534,28861,223,1669,1044,31306,482,19637,1266,50943,California
Merced,2021-03-17,2206,71066,1268,39598,759,29620,179,1848,1741,32769,459,20096,1922,52865,California
Merced,2021-03-18,1957,73023,1098,40696,704,30324,155,2003,1324,33639,623,20719,1493,54358,California
Merced,2021-03-19,2951,75974,1686,42382,1070,31394,195,2198,1559,34017,1380,22099,1758,56116,California
Merced,2021-03-20,1796,77770,1186,43568,516,31910,94,2292,1151,34624,640,22739,1247,57363,California
Merced,2021-03-21,674,78444,341,43909,318,32228,15,2307,555,35078,118,22857,572,57935,California
Merced,2021-03-22,1122,79566,487,44396,551,32779,84,2391,734,35520,378,23235,820,58755,California
Merced,2021-03-23,1760,81326,1160,45556,544,33323,56,2447,1309,36437,450,23685,1367,60122,California
Merced,2021-03-24,1260,82586,839,46395,388,33711,33,2480,928,37078,322,24007,963,61085,California
Merced,2021-03-25,3125,85711,2170,48565,945,34656,10,2490,2016,38005,1102,25109,2029,63114,California
Merced,2021-03-26,1536,87247,810,49375,714,35370,12,2502,778,38050,748,25857,793,63907,California
Merced,2021-03-27,1924,89171,991,50366,871,36241,62,2564,762,37721,1155,27012,826,64733,California
Merced,2021-03-28,442,89613,203,50569,233,36474,6,2570,205,37699,237,27249,215,64948,California
Merced,2021-03-29,1369,90982,440,51009,696,37170,233,2803,467,37512,899,28148,712,65660,California
Merced,2021-03-30,1065,92047,217,51226,835,38005,13,2816,458,37383,604,28752,475,66135,California
Modoc,2020-12-16,1,1,1,1,0,0,0,0,1,1,0,0,1,1,California
Modoc,2020-12-21,100,101,100,101,0,0,0,0,100,101,0,0,100,101,California
Modoc,2020-12-22,14,115,14,115,0,0,0,0,14,115,0,0,14,115,California
Modoc,2020-12-23,4,119,4,119,0,0,0,0,4,119,0,0,4,119,California
Modoc,2020-12-24,1,120,1,120,0,0,0,0,1,120,0,0,1,120,California
Modoc,2020-12-28,2,122,2,122,0,0,0,0,2,122,0,0,2,122,California
Modoc,2020-12-29,10,132,1,123,9,9,0,0,10,132,0,0,10,132,California
Modoc,2020-12-30,7,139,0,123,7,16,0,0,7,139,0,0,7,139,California
Modoc,2021-01-02,2,141,0,123,2,18,0,0,2,141,0,0,2,141,California
Modoc,2021-01-04,8,149,0,123,8,26,0,0,8,149,0,0,8,149,California
Modoc,2021-01-05,2,151,1,124,1,27,0,0,2,151,0,0,2,151,California
Modoc,2021-01-06,3,154,2,126,1,28,0,0,2,152,1,1,2,153,California
Modoc,2021-01-07,72,226,0,126,72,100,0,0,72,224,0,1,72,225,California
Modoc,2021-01-08,105,331,0,126,105,205,0,0,105,329,0,1,105,330,California
Modoc,2021-01-10,1,332,1,127,0,205,0,0,0,328,1,2,0,330,California
Modoc,2021-01-11,92,424,82,209,10,215,0,0,19,274,73,75,19,349,California
Modoc,2021-01-12,94,518,25,234,69,284,0,0,68,316,26,101,68,417,California
Modoc,2021-01-13,24,542,4,238,20,304,0,0,22,336,2,103,22,439,California
Modoc,2021-01-14,129,671,6,244,123,427,0,0,124,455,5,108,124,563,California
Modoc,2021-01-15,6,677,1,245,5,432,0,0,6,461,0,108,6,569,California
Modoc,2021-01-16,1,678,1,246,0,432,0,0,1,462,0,108,1,570,California
Modoc,2021-01-18,1,679,1,247,0,432,0,0,1,463,0,108,1,571,California
Modoc,2021-01-19,5,684,3,250,2,434,0,0,3,464,2,110,3,574,California
Modoc,2021-01-20,11,695,1,251,10,444,0,0,11,475,0,110,11,585,California
Modoc,2021-01-21,158,853,2,253,156,600,0,0,158,633,0,110,158,743,California
Modoc,2021-01-22,2,855,0,253,2,602,0,0,2,635,0,110,2,745,California
Modoc,2021-01-25,12,867,1,254,11,613,0,0,12,647,0,110,12,757,California
Modoc,2021-01-26,65,932,1,255,64,677,0,0,65,712,0,110,65,822,California
Modoc,2021-01-27,41,973,2,257,39,716,0,0,25,721,16,126,25,847,California
Modoc,2021-01-28,144,1117,1,258,143,859,0,0,144,865,0,126,144,991,California
Modoc,2021-01-29,3,1120,1,259,2,861,0,0,3,868,0,126,3,994,California
Modoc,2021-02-01,24,1144,11,270,13,874,0,0,11,866,13,139,11,1005,California
Modoc,2021-02-02,170,1314,2,272,168,1042,0,0,167,1030,3,142,167,1172,California
Modoc,2021-02-03,19,1333,13,285,6,1048,0,0,12,1035,7,149,12,1184,California
Modoc,2021-02-04,155,1488,4,289,151,1199,0,0,27,934,128,277,27,1211,California
Modoc,2021-02-05,4,1492,3,292,1,1200,0,0,3,936,1,278,3,1214,California
Modoc,2021-02-08,9,1501,2,294,7,1207,0,0,8,943,1,279,8,1222,California
Modoc,2021-02-09,197,1698,12,306,185,1392,0,0,65,876,132,411,65,1287,California
Modoc,2021-02-10,5,1703,2,308,3,1395,0,0,4,879,1,412,4,1291,California
Modoc,2021-02-11,201,1904,3,311,198,1593,0,0,83,844,118,530,83,1374,California
Modoc,2021-02-12,5,1909,1,312,4,1597,0,0,3,845,2,532,3,1377,California
Modoc,2021-02-13,1,1910,0,312,1,1598,0,0,1,846,0,532,1,1378,California
Modoc,2021-02-16,148,2058,6,318,142,1740,0,0,144,986,4,536,144,1522,California
Modoc,2021-02-17,23,2081,1,319,22,1762,0,0,11,985,12,548,11,1533,California
Modoc,2021-02-18,189,2270,2,321,187,1949,0,0,26,849,162,710,26,1559,California
Modoc,2021-02-19,3,2273,2,323,1,1950,0,0,2,850,1,711,2,1561,California
Modoc,2021-02-20,1,2274,1,324,0,1950,0,0,1,851,0,711,1,1562,California
Modoc,2021-02-22,16,2290,8,332,8,1958,0,0,3,841,13,724,3,1565,California
Modoc,2021-02-23,23,2313,4,336,19,1977,0,0,3,824,20,744,3,1568,California
Modoc,2021-02-24,90,2403,1,337,89,2066,0,0,30,794,60,804,30,1598,California
Modoc,2021-02-25,169,2572,1,338,168,2234,0,0,13,651,156,960,13,1611,California
Modoc,2021-02-26,3,2575,0,338,3,2237,0,0,1,650,2,962,1,1612,California
Modoc,2021-02-27,5,2580,5,343,0,2237,0,0,2,649,3,965,2,1614,California
Modoc,2021-03-01,4,2584,0,343,4,2241,0,0,0,645,4,969,0,1614,California
Modoc,2021-03-02,187,2771,11,354,176,2417,0,0,22,502,165,1134,22,1636,California
Modoc,2021-03-03,12,2783,6,360,6,2423,0,0,2,494,10,1144,2,1638,California
Modoc,2021-03-04,155,2938,2,362,153,2576,0,0,130,599,25,1169,130,1768,California
Modoc,2021-03-05,3,2941,2,364,1,2577,0,0,1,598,2,1171,1,1769,California
Modoc,2021-03-06,10,2951,0,364,0,2577,10,10,0,598,10,1181,10,1779,California
Modoc,2021-03-07,6,2957,1,365,0,2577,5,15,1,599,5,1186,6,1785,California
Modoc,2021-03-08,6,2963,0,365,2,2579,4,19,0,597,6,1192,4,1789,California
Modoc,2021-03-09,120,3083,8,373,104,2683,8,27,56,597,64,1256,64,1853,California
Modoc,2021-03-10,6,3089,3,376,2,2685,1,28,4,600,2,1258,5,1858,California
Modoc,2021-03-11,164,3253,0,376,79,2764,85,113,15,551,149,1407,100,1958,California
Modoc,2021-03-12,7,3260,0,376,4,2768,3,116,4,555,3,1410,7,1965,California
Modoc,2021-03-13,5,3265,0,376,2,2770,3,119,2,557,3,1413,5,1970,California
Modoc,2021-03-14,1,3266,0,376,0,2770,1,120,0,557,1,1414,1,1971,California
Modoc,2021-03-15,11,3277,1,377,9,2779,1,121,10,567,1,1415,11,1982,California
Modoc,2021-03-16,148,3425,1,378,145,2924,2,123,33,487,115,1530,35,2017,California
Modoc,2021-03-17,13,3438,2,380,4,2928,7,130,2,485,11,1541,9,2026,California
Modoc,2021-03-18,58,3496,3,383,50,2978,5,135,28,488,30,1571,33,2059,California
Modoc,2021-03-19,3,3499,0,383,2,2980,1,136,0,486,3,1574,1,2060,California
Modoc,2021-03-20,4,3503,1,384,0,2980,3,139,0,485,4,1578,3,2063,California
Modoc,2021-03-21,4,3507,1,385,1,2981,2,141,2,487,2,1580,4,2067,California
Modoc,2021-03-22,16,3523,1,386,9,2990,6,147,10,497,6,1586,16,2083,California
Modoc,2021-03-23,32,3555,3,389,27,3017,2,149,25,517,7,1593,27,2110,California
Modoc,2021-03-24,28,3583,1,390,18,3035,9,158,2,502,26,1619,11,2121,California
Modoc,2021-03-25,61,3644,2,392,57,3092,2,160,29,501,32,1651,31,2152,California
Modoc,2021-03-26,6,3650,2,394,1,3093,3,163,1,500,5,1656,4,2156,California
Modoc,2021-03-27,2,3652,0,394,1,3094,1,164,1,501,1,1657,2,2158,California
Modoc,2021-03-29,12,3664,0,394,4,3098,8,172,4,505,8,1665,12,2170,California
Modoc,2021-03-30,41,3705,3,397,38,3136,0,172,17,501,24,1689,20,2190,California
Mono,2020-12-18,1,1,1,1,0,0,0,0,1,1,0,0,1,1,California
Mono,2020-12-19,5,6,5,6,0,0,0,0,5,6,0,0,5,6,California
Mono,2020-12-20,7,13,7,13,0,0,0,0,7,13,0,0,7,13,California
Mono,2020-12-21,23,36,16,29,7,7,0,0,23,36,0,0,23,36,California
Mono,2020-12-22,66,102,65,94,1,8,0,0,66,102,0,0,66,102,California
Mono,2020-12-23,70,172,42,136,28,36,0,0,70,172,0,0,70,172,California
Mono,2020-12-24,3,175,1,137,2,38,0,0,3,175,0,0,3,175,California
Mono,2020-12-26,3,178,3,140,0,38,0,0,3,178,0,0,3,178,California
Mono,2020-12-28,94,272,63,203,31,69,0,0,94,272,0,0,94,272,California
Mono,2020-12-29,29,301,29,232,0,69,0,0,29,301,0,0,29,301,California
Mono,2020-12-30,76,377,35,267,41,110,0,0,76,377,0,0,76,377,California
Mono,2020-12-31,4,381,1,268,3,113,0,0,4,381,0,0,4,381,California
Mono,2021-01-01,1,382,1,269,0,113,0,0,1,382,0,0,1,382,California
Mono,2021-01-04,1,383,0,269,1,114,0,0,1,383,0,0,1,383,California
Mono,2021-01-05,45,428,2,271,43,157,0,0,44,426,1,1,44,427,California
Mono,2021-01-06,44,472,0,271,44,201,0,0,44,470,0,1,44,471,California
Mono,2021-01-07,56,528,4,275,52,253,0,0,55,524,1,2,55,526,California
Mono,2021-01-08,2,530,1,276,1,254,0,0,1,524,1,3,1,527,California
Mono,2021-01-09,4,534,4,280,0,254,0,0,0,520,4,7,0,527,California
Mono,2021-01-10,5,539,5,285,0,254,0,0,0,515,5,12,0,527,California
Mono,2021-01-11,7,546,4,289,3,257,0,0,4,516,3,15,4,531,California
Mono,2021-01-12,283,829,76,365,207,464,0,0,218,670,64,79,218,749,California
Mono,2021-01-13,235,1064,74,439,161,625,0,0,180,795,55,134,180,929,California
Mono,2021-01-14,74,1138,72,511,2,627,0,0,74,869,0,134,74,1003,California
Mono,2021-01-15,60,1198,2,513,58,685,0,0,60,929,0,134,60,1063,California
Mono,2021-01-16,4,1202,3,516,1,686,0,0,1,927,3,137,1,1064,California
Mono,2021-01-18,63,1265,54,570,9,695,0,0,2,868,61,198,2,1066,California
Mono,2021-01-19,209,1474,207,777,2,697,0,0,172,1003,37,235,172,1238,California
Mono,2021-01-20,233,1707,203,980,30,727,0,0,172,1114,61,296,172,1410,California
Mono,2021-01-21,3,1710,3,983,0,727,0,0,3,1117,0,296,3,1413,California
Mono,2021-01-22,4,1714,0,983,4,731,0,0,4,1121,0,296,4,1417,California
Mono,2021-01-23,601,2315,601,1584,0,731,0,0,601,1722,0,296,601,2018,California
Mono,2021-01-25,208,2523,170,1754,38,769,0,0,170,1856,38,334,172,2190,California
Mono,2021-01-26,512,3035,510,2264,2,771,0,0,508,2360,4,338,508,2698,California
Mono,2021-01-27,5,3040,1,2265,4,775,0,0,5,2365,0,338,5,2703,California
Mono,2021-01-28,6,3046,2,2267,4,779,0,0,2,2363,4,342,2,2705,California
Mono,2021-01-30,201,3247,199,2466,2,781,0,0,201,2564,0,342,201,2906,California
Mono,2021-01-31,242,3489,137,2603,105,886,0,0,138,2600,104,446,140,3046,California
Mono,2021-02-01,29,3518,28,2631,1,887,0,0,0,2572,28,474,0,3046,California
Mono,2021-02-02,5,3523,0,2631,5,892,0,0,2,2571,3,477,2,3048,California
Mono,2021-02-03,4,3527,1,2632,3,895,0,0,2,2571,2,479,2,3050,California
Mono,2021-02-04,213,3740,160,2792,53,948,0,0,91,2540,122,601,91,3141,California
Mono,2021-02-05,625,4365,619,3411,6,954,0,0,622,3159,3,604,622,3763,California
Mono,2021-02-06,140,4505,139,3550,1,955,0,0,139,3297,1,605,139,3902,California
Mono,2021-02-07,2,4507,0,3550,2,957,0,0,2,3299,0,605,2,3904,California
Mono,2021-02-08,172,4679,172,3722,0,957,0,0,16,3159,156,761,16,3920,California
Mono,2021-02-09,227,4906,5,3727,222,1179,0,0,15,2962,212,973,15,3935,California
Mono,2021-02-10,533,5439,187,3914,346,1525,0,0,191,2811,342,1315,191,4126,California
Mono,2021-02-11,6,5445,4,3918,2,1527,0,0,1,2807,5,1320,1,4127,California
Mono,2021-02-12,82,5527,17,3935,65,1592,0,0,24,2773,58,1378,24,4151,California
Mono,2021-02-13,593,6120,593,4528,0,1592,0,0,26,2232,567,1945,26,4177,California
Mono,2021-02-15,171,6291,169,4697,2,1594,0,0,4,2069,167,2112,4,4181,California
Mono,2021-02-16,531,6822,528,5225,3,1597,0,0,47,1633,483,2595,47,4228,California
Mono,2021-02-17,5,6827,2,5227,3,1600,0,0,2,1632,3,2598,2,4230,California
Mono,2021-02-18,1,6828,1,5228,0,1600,0,0,1,1633,0,2598,1,4231,California
Mono,2021-02-19,53,6881,52,5280,1,1601,0,0,53,1686,0,2598,53,4284,California
Mono,2021-02-20,4,6885,4,5284,0,1601,0,0,4,1690,0,2598,4,4288,California
Mono,2021-02-21,3,6888,3,5287,0,1601,0,0,3,1693,0,2598,3,4291,California
Mono,2021-02-22,284,7172,283,5570,1,1602,0,0,23,1456,260,2858,23,4314,California
Mono,2021-02-23,134,7306,115,5685,19,1621,0,0,21,1364,113,2971,21,4335,California
Mono,2021-02-24,6,7312,1,5686,5,1626,0,0,1,1360,5,2976,1,4336,California
Mono,2021-02-25,6,7318,3,5689,3,1629,0,0,3,1362,1,2977,3,4339,California
Mono,2021-02-26,603,7921,603,6292,0,1629,0,0,20,799,583,3560,20,4359,California
Mono,2021-02-27,142,8063,138,6430,4,1633,0,0,4,667,136,3696,4,4363,California
Mono,2021-02-28,2,8065,2,6432,0,1633,0,0,1,668,0,3696,1,4364,California
Mono,2021-03-02,6,8071,4,6436,2,1635,0,0,4,670,2,3698,4,4368,California
Mono,2021-03-03,82,8153,2,6438,80,1715,0,0,79,747,2,3700,79,4447,California
Mono,2021-03-04,6,8159,0,6438,6,1721,0,0,4,749,2,3702,4,4451,California
Mono,2021-03-05,30,8189,25,6463,5,1726,0,0,10,739,20,3722,10,4461,California
Mono,2021-03-06,322,8511,13,6476,309,2035,0,0,318,1054,3,3725,318,4779,California
Mono,2021-03-07,1,8512,0,6476,1,2036,0,0,0,1053,1,3726,0,4779,California
Mono,2021-03-08,453,8965,15,6491,435,2471,3,3,444,1491,9,3735,447,5226,California
Mono,2021-03-09,8,8973,3,6494,4,2475,1,4,5,1495,2,3737,6,5232,California
Mono,2021-03-10,285,9258,93,6587,191,2666,1,5,12,1235,273,4010,13,5245,California
Mono,2021-03-11,12,9270,0,6587,3,2669,9,14,2,1236,10,4020,11,5256,California
Mono,2021-03-12,9,9279,2,6589,2,2671,5,19,0,1232,9,4029,5,5261,California
Mono,2021-03-13,706,9985,335,6924,370,3041,1,20,697,1921,9,4038,698,5959,California
Mono,2021-03-14,4,9989,4,6928,0,3041,0,20,1,1919,3,4041,1,5960,California
Mono,2021-03-15,25,10014,20,6948,2,3043,3,23,12,1921,13,4054,15,5975,California
Mono,2021-03-16,17,10031,7,6955,4,3047,6,29,9,1928,8,4062,15,5990,California
Mono,2021-03-17,21,10052,4,6959,14,3061,3,32,16,1942,5,4067,19,6009,California
Mono,2021-03-18,18,10070,3,6962,8,3069,7,39,8,1947,10,4077,15,6024,California
Mono,2021-03-19,16,10086,1,6963,12,3081,3,42,13,1960,3,4080,16,6040,California
Mono,2021-03-20,3,10089,2,6965,0,3081,1,43,2,1962,1,4081,3,6043,California
Mono,2021-03-21,1,10090,1,6966,0,3081,0,43,1,1963,0,4081,1,6044,California
Mono,2021-03-22,13,10103,1,6967,6,3087,6,49,6,1968,7,4088,12,6056,California
Mono,2021-03-23,40,10143,5,6972,29,3116,6,55,17,1968,23,4111,23,6079,California
Mono,2021-03-24,13,10156,3,6975,6,3122,4,59,8,1975,5,4116,12,6091,California
Mono,2021-03-25,15,10171,1,6976,10,3132,4,63,9,1982,6,4122,13,6104,California
Mono,2021-03-26,19,10190,6,6982,8,3140,5,68,12,1992,7,4129,17,6121,California
Mono,2021-03-27,319,10509,314,7296,5,3145,0,68,296,2266,23,4152,297,6418,California
Mono,2021-03-28,3,10512,2,7298,1,3146,0,68,3,2269,0,4152,3,6421,California
Mono,2021-03-29,9,10521,5,7303,3,3149,1,69,6,2273,3,4155,7,6428,California
Mono,2021-03-30,5,10526,2,7305,3,3152,0,69,4,2276,1,4156,4,6432,California
Monterey,2020-12-16,4,4,4,4,0,0,0,0,4,4,0,0,4,4,California
Monterey,2020-12-17,81,85,81,85,0,0,0,0,81,85,0,0,81,85,California
Monterey,2020-12-18,481,566,481,566,0,0,0,0,481,566,0,0,481,566,California
Monterey,2020-12-19,579,1145,579,1145,0,0,0,0,579,1145,0,0,579,1145,California
Monterey,2020-12-20,422,1567,422,1567,0,0,0,0,422,1567,0,0,422,1567,California
Monterey,2020-12-21,721,2288,721,2288,0,0,0,0,721,2288,0,0,721,2288,California
Monterey,2020-12-22,537,2825,524,2812,13,13,0,0,537,2825,0,0,537,2825,California
Monterey,2020-12-23,433,3258,257,3069,176,189,0,0,433,3258,0,0,433,3258,California
Monterey,2020-12-24,82,3340,9,3078,73,262,0,0,82,3340,0,0,82,3340,California
Monterey,2020-12-25,6,3346,0,3078,6,268,0,0,6,3346,0,0,6,3346,California
Monterey,2020-12-26,92,3438,5,3083,87,355,0,0,92,3438,0,0,92,3438,California
Monterey,2020-12-27,6,3444,3,3086,3,358,0,0,6,3444,0,0,6,3444,California
Monterey,2020-12-28,478,3922,26,3112,452,810,0,0,478,3922,0,0,478,3922,California
Monterey,2020-12-29,901,4823,168,3280,733,1543,0,0,901,4823,0,0,901,4823,California
Monterey,2020-12-30,567,5390,97,3377,470,2013,0,0,567,5390,0,0,567,5390,California
Monterey,2020-12-31,34,5424,10,3387,24,2037,0,0,34,5424,0,0,34,5424,California
Monterey,2021-01-01,11,5435,2,3389,9,2046,0,0,11,5435,0,0,11,5435,California
Monterey,2021-01-02,136,5571,133,3522,3,2049,0,0,136,5571,0,0,136,5571,California
Monterey,2021-01-03,30,5601,29,3551,1,2050,0,0,30,5601,0,0,30,5601,California
Monterey,2021-01-04,412,6013,18,3569,394,2444,0,0,412,6013,0,0,412,6013,California
Monterey,2021-01-05,752,6765,326,3895,426,2870,0,0,738,6737,14,14,738,6751,California
Monterey,2021-01-06,654,7419,172,4067,482,3352,0,0,632,7347,22,36,632,7383,California
Monterey,2021-01-07,740,8159,569,4636,171,3523,0,0,418,7445,320,356,418,7801,California
Monterey,2021-01-08,1089,9248,736,5372,353,3876,0,0,395,7146,694,1050,395,8196,California
Monterey,2021-01-09,963,10211,935,6307,28,3904,0,0,313,6809,650,1700,313,8509,California
Monterey,2021-01-10,273,10484,270,6577,3,3907,0,0,7,6550,266,1966,7,8516,California
Monterey,2021-01-11,1061,11545,983,7560,78,3985,0,0,360,6209,701,2667,360,8876,California
Monterey,2021-01-12,462,12007,387,7947,75,4060,0,0,202,6151,260,2927,202,9078,California
Monterey,2021-01-13,1221,13228,592,8539,629,4689,0,0,1176,7282,45,2972,1176,10254,California
Monterey,2021-01-14,1045,14273,92,8631,953,5642,0,0,1027,8294,18,2990,1030,11284,California
Monterey,2021-01-15,1029,15302,39,8670,990,6632,0,0,1018,9301,11,3001,1018,12302,California
Monterey,2021-01-16,366,15668,300,8970,66,6698,0,0,360,9655,6,3007,360,12662,California
Monterey,2021-01-17,313,15981,291,9261,22,6720,0,0,300,9942,13,3020,300,12962,California
Monterey,2021-01-18,402,16383,50,9311,352,7072,0,0,380,10300,22,3042,380,13342,California
Monterey,2021-01-19,572,16955,394,9705,178,7250,0,0,415,10560,155,3197,415,13757,California
Monterey,2021-01-20,528,17483,266,9971,262,7512,0,0,325,10682,203,3400,325,14082,California
Monterey,2021-01-21,840,18323,92,10063,748,8260,0,0,731,11308,109,3509,735,14817,California
Monterey,2021-01-22,1047,19370,191,10254,856,9116,0,0,1008,12277,39,3548,1008,15825,California
Monterey,2021-01-23,236,19606,171,10425,65,9181,0,0,114,12270,121,3669,114,15939,California
Monterey,2021-01-24,58,19664,38,10463,20,9201,0,0,23,12258,35,3704,23,15962,California
Monterey,2021-01-25,779,20443,172,10635,607,9808,0,0,152,11792,620,4324,154,16116,California
Monterey,2021-01-26,918,21361,219,10854,699,10507,0,0,228,11330,690,5014,228,16344,California
Monterey,2021-01-27,856,22217,305,11159,551,11058,0,0,375,11224,481,5495,375,16719,California
Monterey,2021-01-28,2007,24224,737,11896,1270,12328,0,0,1667,12551,340,5835,1667,18386,California
Monterey,2021-01-29,1226,25450,706,12602,520,12848,0,0,1113,13553,112,5947,1114,19500,California
Monterey,2021-01-30,428,25878,281,12883,147,12995,0,0,180,13485,248,6195,180,19680,California
Monterey,2021-01-31,497,26375,74,12957,423,13418,0,0,484,13957,13,6208,485,20165,California
Monterey,2021-02-01,1656,28031,1145,14102,511,13929,0,0,1093,14488,562,6770,1093,21258,California
Monterey,2021-02-02,2141,30172,451,14553,1690,15619,0,0,1537,15421,604,7374,1537,22795,California
Monterey,2021-02-03,2324,32496,1047,15600,1277,16896,0,0,1551,16202,771,8145,1552,24347,California
Monterey,2021-02-04,2696,35192,2017,17617,679,17575,0,0,2437,18382,257,8402,2437,26784,California
Monterey,2021-02-05,3638,38830,2823,20440,815,18390,0,0,3208,21165,425,8827,3208,29992,California
Monterey,2021-02-06,1093,39923,380,20820,713,19103,0,0,750,21573,342,9169,750,30742,California
Monterey,2021-02-07,314,40237,271,21091,43,19146,0,0,94,21447,220,9389,94,30836,California
Monterey,2021-02-08,513,40750,287,21378,226,19372,0,0,430,21794,83,9472,430,31266,California
Monterey,2021-02-09,860,41610,681,22059,179,19551,0,0,550,22036,310,9782,552,31818,California
Monterey,2021-02-10,2009,43619,1040,23099,969,20520,0,0,1157,22341,852,10634,1157,32975,California
Monterey,2021-02-11,2489,46108,963,24062,1526,22046,0,0,1535,22937,952,11586,1548,34523,California
Monterey,2021-02-12,2582,48690,423,24485,2159,24205,0,0,1520,23397,1061,12647,1521,36044,California
Monterey,2021-02-13,1059,49749,44,24529,1015,25220,0,0,971,24280,88,12735,971,37015,California
Monterey,2021-02-14,585,50334,72,24601,513,25733,0,0,512,24719,73,12808,512,37527,California
Monterey,2021-02-15,1344,51678,139,24740,1205,26938,0,0,974,25324,369,13177,974,38501,California
Monterey,2021-02-16,1090,52768,245,24985,845,27783,0,0,869,25973,221,13398,870,39371,California
Monterey,2021-02-17,1902,54670,1139,26124,763,28546,0,0,1612,27298,288,13686,1613,40984,California
Monterey,2021-02-18,2198,56868,1164,27288,1034,29580,0,0,889,26897,1299,14985,898,41882,California
Monterey,2021-02-19,2925,59793,1533,28821,1392,30972,0,0,1340,26653,1584,16569,1340,43222,California
Monterey,2021-02-20,1000,60793,609,29430,391,31363,0,0,948,27550,51,16620,948,44170,California
Monterey,2021-02-21,1214,62007,1186,30616,28,31391,0,0,1163,28663,50,16670,1163,45333,California
Monterey,2021-02-22,935,62942,805,31421,130,31521,0,0,633,28995,301,16971,633,45966,California
Monterey,2021-02-23,948,63890,619,32040,329,31850,0,0,304,28655,644,17615,304,46270,California
Monterey,2021-02-24,2396,66286,1254,33294,1142,32992,0,0,1788,29841,604,18219,1790,48060,California
Monterey,2021-02-25,4300,70586,2379,35673,1921,34913,0,0,1412,28390,2884,21103,1433,49493,California
Monterey,2021-02-26,5219,75805,3086,38759,2133,37046,0,0,2595,28374,2620,23723,2604,52097,California
Monterey,2021-02-27,981,76786,170,38929,811,37857,0,0,794,28985,183,23906,794,52891,California
Monterey,2021-02-28,1520,78306,79,39008,1441,39298,0,0,1060,29589,456,24362,1060,53951,California
Monterey,2021-03-01,1267,79573,137,39145,1130,40428,0,0,738,29800,527,24889,738,54689,California
Monterey,2021-03-02,2696,82269,1707,40852,989,41417,0,0,1857,30823,834,25723,1857,56546,California
Monterey,2021-03-03,3004,85273,1205,42057,1799,43216,0,0,1133,30130,1868,27591,1175,57721,California
Monterey,2021-03-04,4423,89696,1409,43466,3014,46230,0,0,2930,31583,1489,29080,2942,60663,California
Monterey,2021-03-05,3053,92749,1315,44781,1481,47711,257,257,2456,33702,596,29676,2715,63378,California
Monterey,2021-03-06,4019,96768,621,45402,3160,50871,238,495,3188,36300,829,30505,3427,66805,California
Monterey,2021-03-07,497,97265,110,45512,162,51033,225,720,229,36487,267,30772,454,67259,California
Monterey,2021-03-08,1531,98796,316,45828,890,51923,325,1045,1053,37391,478,31250,1382,68641,California
Monterey,2021-03-09,1878,100674,685,46513,930,52853,263,1308,1402,38581,476,31726,1666,70307,California
Monterey,2021-03-10,2765,103439,860,47373,1490,54343,415,1723,1301,38845,1460,33186,1724,72031,California
Monterey,2021-03-11,3975,107414,1388,48761,2238,56581,349,2072,2258,39743,1711,34897,2609,74640,California
Monterey,2021-03-12,3742,111156,1814,50575,1834,58415,94,2166,2291,40678,1449,36346,2384,77024,California
Monterey,2021-03-13,3573,114729,940,51515,2292,60707,341,2507,2544,42538,1029,37375,2889,79913,California
Monterey,2021-03-14,1728,116457,1292,52807,412,61119,24,2531,381,41605,1339,38714,406,80319,California
Monterey,2021-03-15,3876,120333,1258,54065,2334,63453,284,2815,2204,42425,1669,40383,2489,82808,California
Monterey,2021-03-16,3384,123717,557,54622,2470,65923,357,3172,1998,43395,1385,41768,2355,85163,California
Monterey,2021-03-17,5503,129220,2244,56866,3014,68937,245,3417,3992,46133,1505,43273,4243,89406,California
Monterey,2021-03-18,3596,132816,1815,58681,1646,70583,135,3552,2466,47650,1125,44398,2642,92048,California
Monterey,2021-03-19,4347,137163,2204,60885,2024,72607,119,3671,3258,49944,1084,45482,3378,95426,California
Monterey,2021-03-20,2168,139331,354,61239,1394,74001,420,4091,1482,51165,681,46163,1902,97328,California
Monterey,2021-03-21,591,139922,191,61430,383,74384,17,4108,523,51638,67,46230,540,97868,California
Monterey,2021-03-22,2397,142319,1403,62833,935,75319,59,4167,2201,53707,191,46421,2260,100128,California
Monterey,2021-03-23,3856,146175,2293,65126,1520,76839,43,4210,2433,54768,1415,47836,2476,102604,California
Monterey,2021-03-24,4825,151000,2026,67152,2504,79343,295,4505,3535,57316,1283,49119,3831,106435,California
Monterey,2021-03-25,5048,156048,1204,68356,3492,82835,352,4857,2549,57735,2489,51608,2908,109343,California
Monterey,2021-03-26,5114,161162,2461,70817,2587,85422,66,4923,2786,58348,2320,53928,2933,112276,California
Monterey,2021-03-27,3738,164900,1354,72171,2234,87656,150,5073,2191,59525,1545,55473,2722,114998,California
Monterey,2021-03-28,1040,165940,334,72505,699,88355,7,5080,608,59712,429,55902,616,115614,California
Monterey,2021-03-29,3139,169079,1418,73923,1704,90059,17,5097,1929,60463,1203,57105,1954,117568,California
Monterey,2021-03-30,3233,172312,1928,75851,1280,91339,25,5122,1934,61136,1292,58397,1965,119533,California
Napa,2020-12-16,12,12,12,12,0,0,0,0,12,12,0,0,12,12,California
Napa,2020-12-17,44,56,44,56,0,0,0,0,44,56,0,0,44,56,California
Napa,2020-12-18,103,159,103,159,0,0,0,0,103,159,0,0,103,159,California
Napa,2020-12-19,221,380,221,380,0,0,0,0,221,380,0,0,221,380,California
Napa,2020-12-20,190,570,190,570,0,0,0,0,190,570,0,0,190,570,California
Napa,2020-12-21,307,877,307,877,0,0,0,0,308,878,0,0,308,878,California
Napa,2020-12-22,336,1213,327,1204,9,9,0,0,336,1214,0,0,336,1214,California
Napa,2020-12-23,428,1641,319,1523,109,118,0,0,428,1642,0,0,428,1642,California
Napa,2020-12-24,138,1779,77,1600,61,179,0,0,138,1780,0,0,138,1780,California
Napa,2020-12-25,1,1780,1,1601,0,179,0,0,1,1781,0,0,1,1781,California
Napa,2020-12-26,39,1819,11,1612,28,207,0,0,39,1820,0,0,39,1820,California
Napa,2020-12-27,32,1851,16,1628,16,223,0,0,32,1852,0,0,32,1852,California
Napa,2020-12-28,249,2100,184,1812,65,288,0,0,277,2129,0,0,277,2129,California
Napa,2020-12-29,271,2371,213,2025,58,346,0,0,305,2434,0,0,305,2434,California
Napa,2020-12-30,635,3006,490,2515,145,491,0,0,643,3077,0,0,643,3077,California
Napa,2020-12-31,466,3472,378,2893,88,579,0,0,466,3543,0,0,466,3543,California
Napa,2021-01-01,1,3473,1,2894,0,579,0,0,1,3544,0,0,1,3544,California
Napa,2021-01-02,100,3573,95,2989,5,584,0,0,100,3644,0,0,100,3644,California
Napa,2021-01-03,12,3585,10,2999,2,586,0,0,9,3653,0,0,9,3653,California
Napa,2021-01-04,105,3690,62,3061,43,629,0,0,105,3758,0,0,105,3758,California
Napa,2021-01-05,152,3842,85,3146,67,696,0,0,135,3869,24,24,135,3893,California
Napa,2021-01-06,455,4297,114,3260,341,1037,0,0,391,4198,62,86,391,4284,California
Napa,2021-01-07,484,4781,223,3483,261,1298,0,0,384,4483,99,185,384,4668,California
Napa,2021-01-08,441,5222,226,3709,215,1513,0,0,263,4568,178,363,263,4931,California
Napa,2021-01-09,305,5527,279,3988,26,1539,0,0,167,4597,138,501,167,5098,California
Napa,2021-01-10,185,5712,101,4089,84,1623,0,0,110,4632,75,576,110,5208,California
Napa,2021-01-11,875,6587,417,4506,458,2081,0,0,508,4772,368,944,508,5716,California
Napa,2021-01-12,1301,7888,371,4877,930,3011,0,0,986,5443,315,1259,986,6702,California
Napa,2021-01-13,1299,9187,260,5137,1039,4050,0,0,1140,6426,158,1417,1141,7843,California
Napa,2021-01-14,1050,10237,174,5311,876,4926,0,0,932,7242,116,1533,932,8775,California
Napa,2021-01-15,1450,11687,381,5692,1069,5995,0,0,1300,8385,158,1691,1301,10076,California
Napa,2021-01-16,353,12040,137,5829,216,6211,0,0,335,8702,18,1709,335,10411,California
Napa,2021-01-17,339,12379,176,6005,163,6374,0,0,330,9023,9,1718,330,10741,California
Napa,2021-01-18,1075,13454,194,6199,881,7255,0,0,983,9914,92,1810,983,11724,California
Napa,2021-01-19,1009,14463,404,6603,605,7860,0,0,769,10445,239,2049,770,12494,California
Napa,2021-01-20,823,15286,183,6786,640,8500,0,0,643,10910,178,2227,643,13137,California
Napa,2021-01-21,1338,16624,381,7167,957,9457,0,0,1078,11729,259,2486,1078,14215,California
Napa,2021-01-22,1500,18124,416,7583,1084,10541,0,0,1168,12567,331,2817,1169,15384,California
Napa,2021-01-23,395,18519,315,7898,80,10621,0,0,334,12840,61,2878,334,15718,California
Napa,2021-01-24,274,18793,198,8096,76,10697,0,0,216,12998,58,2936,216,15934,California
Napa,2021-01-25,1517,20310,230,8326,1287,11984,0,0,1428,14337,89,3025,1428,17362,California
Napa,2021-01-26,868,21178,277,8603,591,12575,0,0,774,15018,94,3119,775,18137,California
Napa,2021-01-27,621,21799,218,8821,403,12978,0,0,465,15328,155,3274,465,18602,California
Napa,2021-01-28,375,22174,164,8985,211,13189,0,0,195,15344,179,3453,195,18797,California
Napa,2021-01-29,252,22426,64,9049,188,13377,0,0,157,15406,95,3548,157,18954,California
Napa,2021-01-30,789,23215,680,9729,109,13486,0,0,646,15909,143,3691,646,19600,California
Napa,2021-01-31,653,23868,623,10352,30,13516,0,0,627,16510,26,3717,627,20227,California
Napa,2021-02-01,313,24181,110,10462,203,13719,0,0,160,16518,152,3869,160,20387,California
Napa,2021-02-02,584,24765,276,10738,308,14027,0,0,286,16508,296,4165,286,20673,California
Napa,2021-02-03,730,25495,310,11048,420,14447,0,0,424,16626,306,4471,424,21097,California
Napa,2021-02-04,786,26281,371,11419,415,14862,0,0,441,16725,342,4813,441,21538,California
Napa,2021-02-05,704,26985,314,11733,390,15252,0,0,337,16695,367,5180,337,21875,California
Napa,2021-02-06,430,27415,142,11875,288,15540,0,0,325,16915,105,5285,325,22200,California
Napa,2021-02-07,179,27594,166,12041,13,15553,0,0,75,16886,104,5389,75,22275,California
Napa,2021-02-08,835,28429,188,12229,647,16200,0,0,270,16594,563,5952,271,22546,California
Napa,2021-02-09,1073,29502,439,12668,634,16834,0,0,434,16389,639,6591,434,22980,California
Napa,2021-02-10,1676,31178,190,12858,1486,18320,0,0,448,15612,1225,7816,448,23428,California
Napa,2021-02-11,1498,32676,194,13052,1304,19624,0,0,414,14952,1075,8891,415,23843,California
Napa,2021-02-12,2156,34832,840,13892,1316,20940,0,0,722,14243,1431,10322,722,24565,California
Napa,2021-02-13,490,35322,51,13943,439,21379,0,0,313,14379,177,10499,313,24878,California
Napa,2021-02-14,321,35643,58,14001,263,21642,0,0,161,14380,160,10659,161,25039,California
Napa,2021-02-15,881,36524,188,14189,693,22335,0,0,225,13951,654,11313,225,25264,California
Napa,2021-02-16,1291,37815,598,14787,693,23028,0,0,617,13895,673,11986,617,25881,California
Napa,2021-02-17,1038,38853,525,15312,513,23541,0,0,469,13797,568,12554,470,26351,California
Napa,2021-02-18,1894,40747,481,15793,1413,24954,0,0,663,13231,1229,13783,663,27014,California
Napa,2021-02-19,1427,42174,583,16376,844,25798,0,0,674,13153,752,14535,674,27688,California
Napa,2021-02-20,820,42994,588,16964,232,26030,0,0,278,12889,542,15077,278,27966,California
Napa,2021-02-21,795,43789,734,17698,61,26091,0,0,196,12486,599,15676,196,28162,California
Napa,2021-02-22,438,44227,184,17882,254,26345,0,0,137,12322,301,15977,137,28299,California
Napa,2021-02-23,1095,45322,295,18177,800,27145,0,0,304,11835,791,16768,304,28603,California
Napa,2021-02-24,1150,46472,627,18804,523,27668,0,0,568,11824,580,17348,569,29172,California
Napa,2021-02-25,2498,48970,1204,20008,1294,28962,0,0,1791,12911,705,18053,1792,30964,California
Napa,2021-02-26,1482,50452,514,20522,968,29930,0,0,577,12585,903,18956,577,31541,California
Napa,2021-02-27,1046,51498,356,20878,690,30620,0,0,796,13134,247,19203,796,32337,California
Napa,2021-02-28,561,52059,459,21337,102,30722,0,0,458,13492,100,19303,458,32795,California
Napa,2021-03-01,1092,53151,811,22148,281,31003,0,0,830,14061,261,19564,830,33625,California
Napa,2021-03-02,1457,54608,1010,23158,447,31450,0,0,1125,14856,331,19895,1126,34751,California
Napa,2021-03-03,1384,55992,637,23795,747,32197,0,0,1218,15910,165,20060,1219,35970,California
Napa,2021-03-04,1530,57522,646,24441,884,33081,0,0,1316,17015,212,20272,1317,37287,California
Napa,2021-03-05,1751,59273,692,25133,1054,34135,5,5,1361,17994,388,20660,1367,38654,California
Napa,2021-03-06,583,59856,251,25384,303,34438,29,34,481,18403,101,20761,510,39164,California
Napa,2021-03-07,473,60329,275,25659,182,34620,16,50,363,18673,109,20870,379,39543,California
Napa,2021-03-08,671,61000,313,25972,318,34938,40,90,509,19062,160,21030,549,40092,California
Napa,2021-03-09,1574,62574,571,26543,960,35898,43,133,1152,19839,419,21449,1196,41288,California
Napa,2021-03-10,1424,63998,892,27435,436,36334,96,229,723,19961,698,22147,820,42108,California
Napa,2021-03-11,1780,65778,1035,28470,633,36967,112,341,896,20086,883,23030,1008,43116,California
Napa,2021-03-12,1384,67162,851,29321,451,37418,82,423,740,20267,643,23673,824,43940,California
Napa,2021-03-13,1048,68210,280,29601,744,38162,24,447,784,20812,264,23937,809,44749,California
Napa,2021-03-14,542,68752,310,29911,92,38254,140,587,206,20823,335,24272,346,45095,California
Napa,2021-03-15,932,69684,393,30304,470,38724,69,656,468,20898,462,24734,537,45632,California
Napa,2021-03-16,1716,71400,388,30692,1203,39927,125,781,1259,21829,454,25188,1385,47017,California
Napa,2021-03-17,2214,73614,1637,32329,437,40364,140,921,1402,22559,812,26000,1542,48559,California
Napa,2021-03-18,1584,75198,691,33020,883,41247,10,931,960,22907,622,26622,970,49529,California
Napa,2021-03-19,1118,76316,646,33666,452,41699,20,951,572,22955,544,27166,592,50121,California
Napa,2021-03-20,756,77072,345,34011,262,41961,149,1100,323,22994,433,27599,472,50593,California
Napa,2021-03-21,693,77765,667,34678,24,41985,2,1102,347,22999,344,27943,349,50942,California
Napa,2021-03-22,1047,78812,870,35548,166,42151,11,1113,455,22879,590,28533,470,51412,California
Napa,2021-03-23,1461,80273,813,36361,635,42786,13,1126,975,23385,485,29018,991,52403,California
Napa,2021-03-24,1678,81951,926,37287,744,43530,8,1134,810,23370,866,29884,851,53254,California
Napa,2021-03-25,1534,83485,1045,38332,481,44011,8,1142,729,23419,805,30689,854,54108,California
Napa,2021-03-26,1220,84705,788,39120,427,44438,5,1147,536,23344,680,31369,605,54713,California
Napa,2021-03-27,853,85558,421,39541,405,44843,27,1174,288,23127,565,31934,348,55061,California
Napa,2021-03-28,468,86026,361,39902,101,44944,6,1180,169,23004,299,32233,176,55237,California
Napa,2021-03-29,1105,87131,839,40741,259,45203,7,1187,689,23295,414,32647,705,55942,California
Napa,2021-03-30,804,87935,662,41403,138,45341,4,1191,577,23653,227,32874,585,56527,California
Nevada,2020-12-16,3,3,3,3,0,0,0,0,3,3,0,0,3,3,California
Nevada,2020-12-17,6,9,6,9,0,0,0,0,6,9,0,0,6,9,California
Nevada,2020-12-18,51,60,51,60,0,0,0,0,51,60,0,0,51,60,California
Nevada,2020-12-19,55,115,55,115,0,0,0,0,55,115,0,0,55,115,California
Nevada,2020-12-20,12,127,12,127,0,0,0,0,12,127,0,0,12,127,California
Nevada,2020-12-21,69,196,69,196,0,0,0,0,69,196,0,0,69,196,California
Nevada,2020-12-22,91,287,89,285,2,2,0,0,91,287,0,0,91,287,California
Nevada,2020-12-23,234,521,202,487,32,34,0,0,234,521,0,0,234,521,California
Nevada,2020-12-24,15,536,12,499,3,37,0,0,15,536,0,0,15,536,California
Nevada,2020-12-25,2,538,2,501,0,37,0,0,2,538,0,0,2,538,California
Nevada,2020-12-26,5,543,3,504,2,39,0,0,5,543,0,0,5,543,California
Nevada,2020-12-27,88,631,88,592,0,39,0,0,88,631,0,0,88,631,California
Nevada,2020-12-28,170,801,93,685,77,116,0,0,170,801,0,0,170,801,California
Nevada,2020-12-29,101,902,75,760,26,142,0,0,101,902,0,0,101,902,California
Nevada,2020-12-30,85,987,66,826,19,161,0,0,85,987,0,0,85,987,California
Nevada,2020-12-31,39,1026,9,835,30,191,0,0,39,1026,0,0,39,1026,California
Nevada,2021-01-01,1,1027,0,835,1,192,0,0,1,1027,0,0,1,1027,California
Nevada,2021-01-02,1,1028,1,836,0,192,0,0,1,1028,0,0,1,1028,California
Nevada,2021-01-03,128,1156,126,962,2,194,0,0,128,1156,0,0,128,1156,California
Nevada,2021-01-04,71,1227,47,1009,24,218,0,0,71,1227,0,0,71,1227,California
Nevada,2021-01-05,272,1499,130,1139,142,360,0,0,271,1497,1,1,271,1498,California
Nevada,2021-01-06,93,1592,44,1183,49,409,0,0,85,1574,8,9,85,1583,California
Nevada,2021-01-07,217,1809,43,1226,174,583,0,0,209,1778,6,15,210,1793,California
Nevada,2021-01-08,220,2029,127,1353,93,676,0,0,169,1896,51,66,169,1962,California
Nevada,2021-01-09,63,2092,56,1409,7,683,0,0,15,1863,48,114,15,1977,California
Nevada,2021-01-10,17,2109,9,1418,8,691,0,0,9,1864,8,122,9,1986,California
Nevada,2021-01-11,183,2292,130,1548,53,744,0,0,56,1793,127,249,56,2042,California
Nevada,2021-01-12,606,2898,458,2006,148,892,0,0,538,2263,68,317,538,2580,California
Nevada,2021-01-13,257,3155,144,2150,113,1005,0,0,122,2250,135,452,122,2702,California
Nevada,2021-01-14,229,3384,123,2273,106,1111,0,0,211,2444,17,469,211,2913,California
Nevada,2021-01-15,394,3778,170,2443,224,1335,0,0,296,2642,98,567,296,3209,California
Nevada,2021-01-16,292,4070,13,2456,279,1614,0,0,289,2928,3,570,289,3498,California
Nevada,2021-01-17,36,4106,32,2488,4,1618,0,0,33,2958,3,573,33,3531,California
Nevada,2021-01-18,148,4254,40,2528,108,1726,0,0,138,3086,10,583,138,3669,California
Nevada,2021-01-19,232,4486,83,2611,149,1875,0,0,213,3280,19,602,213,3882,California
Nevada,2021-01-20,258,4744,152,2763,106,1981,0,0,245,3512,13,615,245,4127,California
Nevada,2021-01-21,336,5080,207,2970,129,2110,0,0,323,3822,13,628,323,4450,California
Nevada,2021-01-22,341,5421,209,3179,132,2242,0,0,310,4101,31,659,310,4760,California
Nevada,2021-01-23,172,5593,104,3283,68,2310,0,0,172,4273,0,659,172,4932,California
Nevada,2021-01-24,105,5698,98,3381,7,2317,0,0,66,4300,39,698,66,4998,California
Nevada,2021-01-25,264,5962,136,3517,128,2445,0,0,203,4442,61,759,203,5201,California
Nevada,2021-01-26,397,6359,141,3658,256,2701,0,0,295,4635,102,861,295,5496,California
Nevada,2021-01-27,406,6765,240,3898,166,2867,0,0,382,4993,24,885,382,5878,California
Nevada,2021-01-28,458,7223,311,4209,147,3014,0,0,417,5369,41,926,417,6295,California
Nevada,2021-01-29,593,7816,391,4600,202,3216,0,0,571,5919,22,948,572,6867,California
Nevada,2021-01-30,231,8047,103,4703,128,3344,0,0,228,6144,3,951,228,7095,California
Nevada,2021-01-31,101,8148,85,4788,16,3360,0,0,101,6245,0,951,101,7196,California
Nevada,2021-02-01,292,8440,71,4859,221,3581,0,0,278,6509,14,965,278,7474,California
Nevada,2021-02-02,515,8955,171,5030,344,3925,0,0,321,6636,194,1159,321,7795,California
Nevada,2021-02-03,805,9760,566,5596,239,4164,0,0,752,7336,52,1211,752,8547,California
Nevada,2021-02-04,748,10508,400,5996,348,4512,0,0,500,7589,247,1458,500,9047,California
Nevada,2021-02-05,643,11151,363,6359,280,4792,0,0,455,7858,186,1644,455,9502,California
Nevada,2021-02-06,273,11424,85,6444,188,4980,0,0,246,8077,27,1671,246,9748,California
Nevada,2021-02-07,245,11669,189,6633,56,5036,0,0,191,8214,54,1725,191,9939,California
Nevada,2021-02-08,647,12316,408,7041,239,5275,0,0,549,8665,98,1823,549,10488,California
Nevada,2021-02-09,604,12920,339,7380,265,5540,0,0,466,8993,138,1961,466,10954,California
Nevada,2021-02-10,642,13562,321,7701,321,5861,0,0,414,9180,228,2189,415,11369,California
Nevada,2021-02-11,866,14428,505,8206,361,6222,0,0,538,9391,327,2516,538,11907,California
Nevada,2021-02-12,920,15348,431,8637,489,6711,0,0,608,9688,311,2827,608,12515,California
Nevada,2021-02-13,587,15935,232,8869,355,7066,0,0,385,9876,198,3025,386,12901,California
Nevada,2021-02-14,224,16159,117,8986,107,7173,0,0,194,10041,30,3055,195,13096,California
Nevada,2021-02-15,711,16870,444,9430,267,7440,0,0,544,10418,167,3222,544,13640,California
Nevada,2021-02-16,614,17484,199,9629,415,7855,0,0,455,10715,158,3380,455,14095,California
Nevada,2021-02-17,1178,18662,761,10390,417,8272,0,0,864,11265,314,3694,864,14959,California
Nevada,2021-02-18,998,19660,550,10940,448,8720,0,0,600,11469,396,4090,600,15559,California
Nevada,2021-02-19,990,20650,630,11570,360,9080,0,0,639,11757,351,4441,639,16198,California
Nevada,2021-02-20,290,20940,101,11671,189,9269,0,0,170,11808,119,4560,170,16368,California
Nevada,2021-02-21,86,21026,81,11752,5,9274,0,0,11,11744,75,4635,11,16379,California
Nevada,2021-02-22,491,21517,326,12078,165,9439,0,0,347,11948,143,4778,347,16726,California
Nevada,2021-02-23,445,21962,200,12278,245,9684,0,0,205,11916,237,5015,205,16931,California
Nevada,2021-02-24,475,22437,239,12517,236,9920,0,0,251,11945,224,5239,253,17184,California
Nevada,2021-02-25,845,23282,462,12979,383,10303,0,0,416,11934,427,5666,416,17600,California
Nevada,2021-02-26,1226,24508,885,13864,341,10644,0,0,410,11530,814,6480,410,18010,California
Nevada,2021-02-27,344,24852,109,13973,235,10879,0,0,172,11531,172,6652,173,18183,California
Nevada,2021-02-28,256,25108,144,14117,112,10991,0,0,120,11515,136,6788,120,18303,California
Nevada,2021-03-01,805,25913,421,14538,384,11375,0,0,341,11393,463,7251,341,18644,California
Nevada,2021-03-02,684,26597,255,14793,429,11804,0,0,470,11653,211,7462,471,19115,California
Nevada,2021-03-03,897,27494,478,15271,419,12223,0,0,436,11629,460,7922,436,19551,California
Nevada,2021-03-04,1077,28571,605,15876,472,12695,0,0,445,11445,629,8551,445,19996,California
Nevada,2021-03-05,748,29319,406,16282,332,13027,10,10,330,11369,416,8967,340,20336,California
Nevada,2021-03-06,332,29651,113,16395,193,13220,26,36,122,11307,210,9177,148,20484,California
Nevada,2021-03-07,204,29855,108,16503,76,13296,20,56,62,11247,141,9318,81,20565,California
Nevada,2021-03-08,786,30641,532,17035,211,13507,43,99,344,11194,441,9759,388,20953,California
Nevada,2021-03-09,638,31279,302,17337,290,13797,46,145,350,11302,287,10046,395,21348,California
Nevada,2021-03-10,896,32175,581,17918,278,14075,37,182,286,11019,607,10653,324,21672,California
Nevada,2021-03-11,1035,33210,663,18581,345,14420,27,209,497,11010,533,11186,524,22196,California
Nevada,2021-03-12,1024,34234,661,19242,329,14749,34,243,415,10852,608,11794,450,22646,California
Nevada,2021-03-13,221,34455,54,19296,160,14909,7,250,97,10834,123,11917,105,22751,California
Nevada,2021-03-14,99,34554,19,19315,77,14986,3,253,23,10784,76,11993,26,22777,California
Nevada,2021-03-15,819,35373,439,19754,370,15356,10,263,333,10643,484,12477,343,23120,California
Nevada,2021-03-16,943,36316,434,20188,455,15811,54,317,604,10963,338,12815,658,23778,California
Nevada,2021-03-17,983,37299,424,20612,549,16360,10,327,553,11099,427,13242,563,24341,California
Nevada,2021-03-18,822,38121,453,21065,348,16708,21,348,396,11095,422,13664,418,24759,California
Nevada,2021-03-19,564,38685,333,21398,201,16909,30,378,250,11061,314,13978,280,25039,California
Nevada,2021-03-20,528,39213,82,21480,172,17081,274,652,143,11096,380,14358,415,25454,California
Nevada,2021-03-21,65,39278,33,21513,31,17112,1,653,46,11125,18,14376,47,25501,California
Nevada,2021-03-22,765,40043,488,22001,273,17385,4,657,513,11392,250,14626,517,26018,California
Nevada,2021-03-23,825,40868,381,22382,419,17804,25,682,622,11840,200,14826,648,26666,California
Nevada,2021-03-24,963,41831,520,22902,435,18239,8,690,603,12094,357,15183,611,27277,California
Nevada,2021-03-25,861,42692,430,23332,409,18648,22,712,475,12207,386,15569,499,27776,California
Nevada,2021-03-26,1064,43756,406,23738,628,19276,30,742,768,12717,294,15863,804,28580,California
Nevada,2021-03-27,539,44295,66,23804,458,19734,15,757,372,12941,166,16029,390,28970,California
Nevada,2021-03-28,165,44460,46,23850,108,19842,11,768,38,12864,126,16155,49,29019,California
Nevada,2021-03-29,785,45245,478,24328,283,20125,24,792,366,12837,418,16573,391,29410,California
Nevada,2021-03-30,761,46006,389,24717,360,20485,12,804,424,12940,334,16907,437,29847,California
Orange,2020-12-15,16,16,16,16,0,0,0,0,16,16,0,0,16,16,California
Orange,2020-12-16,365,381,365,381,0,0,0,0,365,381,0,0,365,381,California
Orange,2020-12-17,3695,4076,3695,4076,0,0,0,0,3694,4075,0,0,3694,4075,California
Orange,2020-12-18,4998,9074,4991,9067,7,7,0,0,4996,9071,0,0,4996,9071,California
Orange,2020-12-19,2190,11264,2183,11250,7,14,0,0,2189,11260,0,0,2189,11260,California
Orange,2020-12-20,1956,13220,1956,13206,0,14,0,0,1957,13217,0,0,1957,13217,California
Orange,2020-12-21,4204,17424,4198,17404,6,20,0,0,4204,17421,0,0,4204,17421,California
Orange,2020-12-22,3949,21373,3916,21320,33,53,0,0,3949,21370,0,0,3949,21370,California
Orange,2020-12-23,3519,24892,3170,24490,349,402,0,0,3521,24891,0,0,3521,24891,California
Orange,2020-12-24,1349,26241,1066,25556,283,685,0,0,1349,26240,0,0,1349,26240,California
Orange,2020-12-25,14,26255,10,25566,4,689,0,0,14,26254,0,0,14,26254,California
Orange,2020-12-26,1052,27307,422,25988,630,1319,0,0,1052,27306,0,0,1052,27306,California
Orange,2020-12-27,581,27888,274,26262,307,1626,0,0,581,27887,0,0,581,27887,California
Orange,2020-12-28,3524,31412,2563,28825,961,2587,0,0,3524,31411,0,0,3524,31411,California
Orange,2020-12-29,3545,34957,2559,31384,986,3573,0,0,3545,34956,0,0,3545,34956,California
Orange,2020-12-30,5098,40055,3548,34932,1550,5123,0,0,5098,40054,0,0,5098,40054,California
Orange,2020-12-31,1451,41506,757,35689,694,5817,0,0,1451,41505,0,0,1451,41505,California
Orange,2021-01-01,416,41922,232,35921,184,6001,0,0,415,41919,1,1,415,41920,California
Orange,2021-01-02,1400,43322,896,36817,504,6505,0,0,1400,43319,0,1,1400,43320,California
Orange,2021-01-03,557,43879,308,37125,249,6754,0,0,557,43876,0,1,557,43877,California
Orange,2021-01-04,2681,46560,1551,38676,1130,7884,0,0,2682,46557,1,2,2682,46559,California
Orange,2021-01-05,3487,50047,2283,40959,1204,9088,0,0,3076,49232,404,406,3079,49638,California
Orange,2021-01-06,4947,54994,3440,44399,1507,10595,0,0,3589,51476,1345,1751,3589,53227,California
Orange,2021-01-07,9183,64177,5114,49513,4069,14664,0,0,5643,53598,3527,5278,5649,58876,California
Orange,2021-01-08,9331,73508,5210,54723,4121,18785,0,0,5611,55502,3710,8988,5614,64490,California
Orange,2021-01-09,4963,78471,1725,56448,3238,22023,0,0,3689,57919,1273,10261,3690,68180,California
Orange,2021-01-10,4222,82693,1033,57481,3189,25212,0,0,3347,60396,874,11135,3351,71531,California
Orange,2021-01-11,9334,92027,4858,62339,4476,29688,0,0,5739,62538,3598,14733,5740,77271,California
Orange,2021-01-12,8698,100725,4673,67012,4025,33713,0,0,5266,64374,3430,18163,5266,82537,California
Orange,2021-01-13,10120,110845,4835,71847,5285,38998,0,0,6961,68187,3156,21319,6969,89506,California
Orange,2021-01-14,9857,120702,3745,75592,6112,45110,0,0,8285,74907,1570,22889,8290,97796,California
Orange,2021-01-15,10039,130741,2590,78182,7449,52559,0,0,9167,83200,879,23768,9172,106968,California
Orange,2021-01-16,8603,139344,2079,80261,6524,59083,0,0,8223,91047,380,24148,8227,115195,California
Orange,2021-01-17,8136,147480,1488,81749,6648,65731,0,0,7993,98905,142,24290,8000,123195,California
Orange,2021-01-18,9717,157197,4446,86195,5271,71002,0,0,7484,104155,2236,26526,7486,130681,California
Orange,2021-01-19,7416,164613,5377,91572,2039,73041,0,0,4801,106344,2616,29142,4805,135486,California
Orange,2021-01-20,8213,172826,5781,97353,2432,75473,0,0,5164,108465,3049,32191,5170,140656,California
Orange,2021-01-21,10794,183620,4786,102139,6008,81481,0,0,10007,117695,786,32977,10016,150672,California
Orange,2021-01-22,13504,197124,5061,107200,8443,89924,0,0,12686,129578,810,33787,12693,163365,California
Orange,2021-01-23,13085,210209,6167,113367,6918,96842,0,0,12125,140750,958,34745,12130,175495,California
Orange,2021-01-24,9786,219995,4274,117641,5512,102354,0,0,9472,149917,312,35057,9479,184974,California
Orange,2021-01-25,10368,230363,5814,123455,4554,106908,0,0,7676,154962,2685,37742,7730,192704,California
Orange,2021-01-26,11712,242075,7658,131113,4054,110962,0,0,9590,162434,2119,39861,9591,202295,California
Orange,2021-01-27,13315,255390,7952,139065,5363,116325,0,0,10670,170473,2634,42495,10673,212968,California
Orange,2021-01-28,12949,268339,7144,146209,5805,122130,0,0,11117,179778,1818,44313,11123,224091,California
Orange,2021-01-29,13506,281845,8370,154579,5136,127266,0,0,10686,187658,2810,47123,10690,234781,California
Orange,2021-01-30,12874,294719,4426,159005,8448,135714,0,0,12155,199108,706,47829,12156,246937,California
Orange,2021-01-31,13704,308423,4946,163951,8758,144472,0,0,13292,211993,409,48238,13294,260231,California
Orange,2021-02-01,13872,322295,5693,169644,8179,152651,0,0,11936,222013,1920,50158,11940,272171,California
Orange,2021-02-02,15297,337592,8332,177976,6965,159616,0,0,12590,232009,2597,52755,12593,284764,California
Orange,2021-02-03,16649,354241,12527,190503,4122,163738,0,0,13671,242782,2902,55657,13675,298439,California
Orange,2021-02-04,19648,373889,12821,203324,6827,170565,0,0,14613,252395,5004,60661,14617,313056,California
Orange,2021-02-05,20639,394528,11953,215277,8686,179251,0,0,14450,260696,6152,66813,14453,327509,California
Orange,2021-02-06,16273,410801,10763,226040,5510,184761,0,0,11045,266746,5213,72026,11263,338772,California
Orange,2021-02-07,11496,422297,8075,234115,3421,188182,0,0,7530,270492,3953,75979,7699,346471,California
Orange,2021-02-08,14754,437051,8471,242586,6283,194465,0,0,8825,273417,5902,81881,8827,355298,California
Orange,2021-02-09,17506,454557,11945,254531,5561,200026,0,0,10703,277392,6732,88613,10707,366005,California
Orange,2021-02-10,20808,475365,11108,265639,9700,209726,0,0,12682,282048,8033,96646,12689,378694,California
Orange,2021-02-11,21871,497236,11316,276955,10555,220281,0,0,12357,285053,9374,106020,12379,391073,California
Orange,2021-02-12,24640,521876,11873,288828,12767,233048,0,0,14606,289682,9985,116005,14614,405687,California
Orange,2021-02-13,21617,543493,11580,300408,10037,243085,0,0,11130,291173,10286,126291,11777,417464,California
Orange,2021-02-14,16126,559619,6564,306972,9562,252647,0,0,9528,294127,6577,132868,9531,426995,California
Orange,2021-02-15,17066,576685,7361,314333,9705,262352,0,0,8869,294846,8159,141027,8878,435873,California
Orange,2021-02-16,19842,596527,8932,323265,10910,273262,0,0,10744,296549,9065,150092,10768,446641,California
Orange,2021-02-17,17588,614115,9164,332429,8424,281686,0,0,9152,297335,8398,158490,9184,455825,California
Orange,2021-02-18,14589,628704,9579,342008,5010,286696,0,0,6776,296347,7774,166264,6786,462611,California
Orange,2021-02-19,17610,646314,10687,352695,6923,293619,0,0,6896,292579,10673,176937,6905,469516,California
Orange,2021-02-20,7170,653484,5378,358073,1792,295411,0,0,3561,292557,3593,180530,3571,473087,California
Orange,2021-02-21,4116,657600,3446,361519,670,296081,0,0,730,289923,3365,183895,731,473818,California
Orange,2021-02-22,9409,667009,7691,369210,1718,297799,0,0,3836,288229,5551,189446,3857,477675,California
Orange,2021-02-23,13075,680084,7106,376316,5969,303768,0,0,3573,282359,9457,198903,3587,481262,California
Orange,2021-02-24,20792,700876,12544,388860,8248,312016,0,0,5342,272324,15398,214301,5363,486625,California
Orange,2021-02-25,22316,723192,12042,400902,10274,322290,0,0,8005,266093,14260,228561,8029,494654,California
Orange,2021-02-26,27426,750618,13910,414812,13516,335806,0,0,11117,261020,16218,244779,11145,505799,California
Orange,2021-02-27,24799,775417,10022,424834,14776,350582,1,1,7264,250850,17452,262231,7282,513081,California
Orange,2021-02-28,18848,794265,7261,432095,11587,362169,0,1,4801,241698,13974,276205,4822,517903,California
Orange,2021-03-01,18079,812344,8261,440356,9816,371985,2,3,6971,237646,11058,287263,7006,524909,California
Orange,2021-03-02,14391,826735,7036,447392,7354,379339,1,4,8490,240299,5872,293135,8525,533434,California
Orange,2021-03-03,18593,845328,8791,456183,9801,389140,1,5,9555,240899,8977,302112,9577,543011,California
Orange,2021-03-04,19633,864961,11840,468023,7782,396922,11,16,10204,241740,9399,311511,10240,553251,California
Orange,2021-03-05,17527,882488,9426,477449,8058,404980,43,59,10792,245919,6713,318224,10892,564143,California
Orange,2021-03-06,18144,900632,10165,487614,7162,412142,817,876,9533,247714,8583,326807,10378,574521,California
Orange,2021-03-07,14051,914683,8048,495662,5640,417782,363,1239,8198,250478,5821,332628,8585,583106,California
Orange,2021-03-08,15452,930135,7129,502791,7154,424936,1169,2408,10020,256295,5402,338030,11219,594325,California
Orange,2021-03-09,19313,949448,8337,511128,8586,433522,2390,4798,11113,261650,8162,346192,13517,607842,California
Orange,2021-03-10,21225,970673,10489,521617,7784,441306,2952,7750,10695,264815,10492,356684,13657,621499,California
Orange,2021-03-11,27170,997843,14537,536154,8811,450117,3822,11572,12419,266483,14703,371387,16371,637870,California
Orange,2021-03-12,24934,1022777,12063,548217,9629,459746,3242,14814,12370,269604,12515,383902,15636,653506,California
Orange,2021-03-13,19414,1042191,7268,555485,9448,469194,2698,17512,9562,272056,9829,393731,12281,665787,California
Orange,2021-03-14,16288,1058479,7275,562760,6573,475767,2440,19952,10371,278993,5891,399622,12828,678615,California
Orange,2021-03-15,22616,1081095,9757,572517,12085,487852,774,20726,14295,285787,8291,407913,15085,693700,California
Orange,2021-03-16,26041,1107136,10864,583381,14921,502773,256,20982,16897,293875,9086,416999,17174,710874,California
Orange,2021-03-17,26450,1133586,13168,596549,12799,515572,483,21465,18843,305655,7564,424563,19344,730218,California
Orange,2021-03-18,21905,1155491,10893,607442,10857,526429,155,21620,16980,317919,4885,429448,17149,747367,California
Orange,2021-03-19,28146,1183637,15350,622792,12443,538872,353,21973,20970,332168,7098,436546,21347,768714,California
Orange,2021-03-20,20670,1204307,10969,633761,9539,548411,162,22135,17893,347496,2736,439282,18064,786778,California
Orange,2021-03-21,18075,1222382,10460,644221,6888,555299,727,22862,15409,360990,2649,441931,16143,802921,California
Orange,2021-03-22,22327,1244709,11521,655742,10492,565791,314,23176,18937,376924,3336,445267,19270,822191,California
Orange,2021-03-23,25454,1270163,13185,668927,11639,577430,630,23806,20476,393124,4921,450188,21121,843312,California
Orange,2021-03-24,28343,1298506,15794,684721,11685,589115,864,24670,21819,409356,6468,456656,22700,866012,California
Orange,2021-03-25,30666,1329172,15886,700607,14141,603256,639,25309,23793,427010,6817,463473,24471,890483,California
Orange,2021-03-26,33392,1362564,17012,717619,15566,618822,814,26123,24491,443562,8829,472302,25381,915864,California
Orange,2021-03-27,27143,1389707,12878,730497,13956,632778,309,26432,19625,456099,7460,479762,19997,935861,California
Orange,2021-03-28,23833,1413540,12486,742983,11281,644059,66,26498,17967,468336,5830,485592,18067,953928,California
Orange,2021-03-29,25263,1438803,11375,754358,13364,657423,524,27022,17345,478431,7863,493455,17958,971886,California
Orange,2021-03-30,15071,1453874,5713,760071,9119,666542,239,27261,11430,486540,3624,497079,11733,983619,California
Placer,2020-12-15,29,29,29,29,0,0,0,0,29,29,0,0,29,29,California
Placer,2020-12-16,52,81,52,81,0,0,0,0,52,81,0,0,52,81,California
Placer,2020-12-17,141,222,141,222,0,0,0,0,141,222,0,0,141,222,California
Placer,2020-12-18,331,553,331,553,0,0,0,0,331,553,0,0,331,553,California
Placer,2020-12-19,248,801,248,801,0,0,0,0,248,801,0,0,248,801,California
Placer,2020-12-20,233,1034,233,1034,0,0,0,0,233,1034,0,0,233,1034,California
Placer,2020-12-21,495,1529,494,1528,1,1,0,0,495,1529,0,0,495,1529,California
Placer,2020-12-22,676,2205,670,2198,6,7,0,0,676,2205,0,0,676,2205,California
Placer,2020-12-23,741,2946,656,2854,85,92,0,0,741,2946,0,0,741,2946,California
Placer,2020-12-24,396,3342,345,3199,51,143,0,0,396,3342,0,0,396,3342,California
Placer,2020-12-26,159,3501,114,3313,45,188,0,0,159,3501,0,0,159,3501,California
Placer,2020-12-27,187,3688,163,3476,24,212,0,0,187,3688,0,0,187,3688,California
Placer,2020-12-28,665,4353,539,4015,126,338,0,0,665,4353,0,0,665,4353,California
Placer,2020-12-29,762,5115,514,4529,248,586,0,0,762,5115,0,0,762,5115,California
Placer,2020-12-30,727,5842,450,4979,277,863,0,0,725,5840,0,0,725,5840,California
Placer,2020-12-31,530,6372,344,5323,186,1049,0,0,530,6370,0,0,530,6370,California
Placer,2021-01-01,14,6386,10,5333,4,1053,0,0,14,6384,0,0,14,6384,California
Placer,2021-01-02,184,6570,152,5485,32,1085,0,0,184,6568,0,0,184,6568,California
Placer,2021-01-03,153,6723,78,5563,75,1160,0,0,153,6721,0,0,153,6721,California
Placer,2021-01-04,615,7338,176,5739,439,1599,0,0,615,7336,0,0,615,7336,California
Placer,2021-01-05,713,8051,156,5895,557,2156,0,0,631,7886,81,81,631,7967,California
Placer,2021-01-06,754,8805,242,6137,512,2668,0,0,614,8360,140,221,614,8581,California
Placer,2021-01-07,979,9784,364,6501,615,3283,0,0,776,8935,203,424,778,9359,California
Placer,2021-01-08,1180,10964,525,7026,655,3938,0,0,853,9464,324,748,853,10212,California
Placer,2021-01-09,446,11410,318,7344,128,4066,0,0,231,9481,214,962,231,10443,California
Placer,2021-01-10,326,11736,184,7528,142,4208,0,0,162,9479,164,1126,162,10605,California
Placer,2021-01-11,1423,13159,807,8335,616,4824,0,0,834,9725,589,1715,835,11440,California
Placer,2021-01-12,1637,14796,868,9203,769,5593,0,0,1032,10153,605,2320,1033,12473,California
Placer,2021-01-13,1625,16421,818,10021,807,6400,0,0,1209,10951,414,2734,1212,13685,California
Placer,2021-01-14,1732,18153,649,10670,1083,7483,0,0,1376,11975,353,3087,1377,15062,California
Placer,2021-01-15,1905,20058,721,11391,1184,8667,0,0,1552,13179,352,3439,1556,16618,California
Placer,2021-01-16,1471,21529,722,12113,749,9416,0,0,1349,14407,122,3561,1350,17968,California
Placer,2021-01-17,561,22090,395,12508,166,9582,0,0,429,14704,132,3693,429,18397,California
Placer,2021-01-18,977,23067,540,13048,437,10019,0,0,748,15224,229,3922,749,19146,California
Placer,2021-01-19,2555,25622,1948,14996,607,10626,0,0,2106,16882,449,4371,2107,21253,California
Placer,2021-01-20,2240,27862,1690,16686,550,11176,0,0,1912,18467,328,4699,1913,23166,California
Placer,2021-01-21,2522,30384,1112,17798,1410,12586,0,0,2127,20201,394,5093,2128,25294,California
Placer,2021-01-22,2269,32653,588,18386,1681,14267,0,0,2093,22123,174,5267,2096,27390,California
Placer,2021-01-23,1186,33839,378,18764,808,15075,0,0,1031,22999,155,5422,1031,28421,California
Placer,2021-01-24,506,34345,266,19030,240,15315,0,0,431,23356,75,5497,432,28853,California
Placer,2021-01-25,1643,35988,796,19826,847,16162,0,0,1362,24438,281,5778,1363,30216,California
Placer,2021-01-26,1827,37815,1026,20852,801,16963,0,0,1565,25741,262,6040,1565,31781,California
Placer,2021-01-27,1814,39629,1158,22010,656,17619,0,0,1573,27075,239,6279,1573,33354,California
Placer,2021-01-28,1771,41400,1105,23115,666,18285,0,0,1529,28362,242,6521,1529,34883,California
Placer,2021-01-29,1840,43240,1156,24271,684,18969,0,0,1653,29831,186,6707,1655,36538,California
Placer,2021-01-30,1718,44958,968,25239,750,19719,0,0,1601,31316,116,6823,1601,38139,California
Placer,2021-01-31,780,45738,623,25862,157,19876,0,0,709,31956,70,6893,710,38849,California
Placer,2021-02-01,2057,47795,1087,26949,970,20846,0,0,1749,33399,306,7199,1749,40598,California
Placer,2021-02-02,2362,50157,1541,28490,821,21667,0,0,1882,34803,478,7677,1882,42480,California
Placer,2021-02-03,2898,53055,1869,30359,1029,22696,0,0,2285,36479,609,8286,2285,44765,California
Placer,2021-02-04,2746,55801,1175,31534,1571,24267,0,0,1927,37590,817,9103,1928,46693,California
Placer,2021-02-05,2719,58520,1203,32737,1516,25783,0,0,1390,37657,1323,10426,1390,48083,California
Placer,2021-02-06,1924,60444,1289,34026,635,26418,0,0,1378,38489,546,10972,1378,49461,California
Placer,2021-02-07,1216,61660,907,34933,309,26727,0,0,938,39151,277,11249,939,50400,California
Placer,2021-02-08,3293,64953,1763,36696,1530,28257,0,0,1971,39808,1314,12563,1971,52371,California
Placer,2021-02-09,3527,68480,2163,38859,1364,29621,0,0,1622,39526,1904,14467,1622,53993,California
Placer,2021-02-10,3730,72210,2183,41042,1547,31168,0,0,1743,39287,1984,16451,1745,55738,California
Placer,2021-02-11,3605,75815,1889,42931,1716,32884,0,0,1575,38841,2022,18473,1576,57314,California
Placer,2021-02-12,2737,78552,1313,44244,1424,34308,0,0,1660,39440,1061,19534,1660,58974,California
Placer,2021-02-13,2535,81087,1495,45739,1040,35348,0,0,1883,40671,652,20186,1883,60857,California
Placer,2021-02-14,1072,82159,679,46418,393,35741,0,0,731,41064,338,20524,731,61588,California
Placer,2021-02-15,2135,84294,1028,47446,1107,36848,0,0,1490,41910,645,21169,1491,63079,California
Placer,2021-02-16,3521,87815,1788,49234,1733,38581,0,0,1582,41564,1930,23099,1584,64663,California
Placer,2021-02-17,3441,91256,1958,51192,1483,40064,0,0,1450,41026,1988,25087,1450,66113,California
Placer,2021-02-18,3592,94848,1948,53140,1644,41708,0,0,1502,40447,2081,27168,1502,67615,California
Placer,2021-02-19,3521,98369,1890,55030,1631,43339,0,0,1309,39548,2209,29377,1310,68925,California
Placer,2021-02-20,1944,100313,1211,56241,733,44072,0,0,860,39332,1079,30456,863,69788,California
Placer,2021-02-21,947,101260,725,56966,222,44294,0,0,260,38909,684,31140,261,70049,California
Placer,2021-02-22,2456,103716,1732,58698,724,45018,0,0,582,37619,1872,33012,582,70631,California
Placer,2021-02-23,2477,106193,1547,60245,930,45948,0,0,867,36879,1607,34619,867,71498,California
Placer,2021-02-24,3181,109374,1151,61396,2030,47978,0,0,1750,37208,1423,36042,1752,73250,California
Placer,2021-02-25,3374,112748,1381,62777,1993,49971,0,0,1772,37389,1596,37638,1777,75027,California
Placer,2021-02-26,4005,116753,2368,65145,1637,51608,0,0,2307,38004,1693,39331,2308,77335,California
Placer,2021-02-27,2762,119515,1450,66595,1312,52920,0,0,1426,38101,1330,40661,1427,78762,California
Placer,2021-02-28,1379,120894,792,67387,587,53507,0,0,572,37872,801,41462,572,79334,California
Placer,2021-03-01,2934,123828,1970,69357,964,54471,0,0,1494,37932,1435,42897,1495,80829,California
Placer,2021-03-02,2788,126616,1751,71108,1037,55508,0,0,1831,38817,950,43847,1835,82664,California
Placer,2021-03-03,2969,129585,1289,72397,1680,57188,0,0,1573,38999,1391,45238,1573,84237,California
Placer,2021-03-04,3155,132740,1199,73596,1956,59144,0,0,1616,39087,1528,46766,1616,85853,California
Placer,2021-03-05,2571,135311,801,74397,1749,60893,21,21,1492,39527,1074,47840,1514,87367,California
Placer,2021-03-06,2216,137527,1385,75782,760,61653,71,92,788,38965,1423,49263,861,88228,California
Placer,2021-03-07,1258,138785,745,76527,479,62132,34,126,501,38746,754,50017,535,88763,California
Placer,2021-03-08,2695,141480,1712,78239,880,63012,103,229,1490,39137,1203,51220,1594,90357,California
Placer,2021-03-09,2995,144475,1600,79839,1302,64314,93,322,1673,39585,1319,52539,1767,92124,California
Placer,2021-03-10,3004,147479,1219,81058,1704,66018,81,403,1494,39654,1505,54044,1574,93698,California
Placer,2021-03-11,3282,150761,1463,82521,1700,67718,119,522,1513,39526,1763,55807,1635,95333,California
Placer,2021-03-12,3244,154005,1368,83889,1167,68885,709,1231,1053,39103,2187,57994,1764,97097,California
Placer,2021-03-13,1881,155886,700,84589,1071,69956,110,1341,1053,39441,825,58819,1163,98260,California
Placer,2021-03-14,1472,157358,661,85250,681,70637,130,1471,838,39776,632,59451,967,99227,California
Placer,2021-03-15,3019,160377,1453,86703,1438,72075,128,1599,1629,40153,1382,60833,1759,100986,California
Placer,2021-03-16,3402,163779,1807,88510,1459,73534,136,1735,2150,41197,1242,62075,2286,103272,California
Placer,2021-03-17,3157,166936,1599,90109,1465,74999,93,1828,2008,42155,1145,63220,2103,105375,California
Placer,2021-03-18,2994,169930,1672,91781,1287,76286,35,1863,2134,43467,857,64077,2169,107544,California
Placer,2021-03-19,2772,172702,1692,93473,859,77145,221,2084,1708,44338,1058,65135,1929,109473,California
Placer,2021-03-20,1442,174144,641,94114,745,77890,56,2140,867,44689,573,65708,924,110397,California
Placer,2021-03-21,1200,175344,570,94684,623,78513,7,2147,918,45334,280,65988,925,111322,California
Placer,2021-03-22,3090,178434,1993,96677,997,79510,100,2247,2029,46411,1058,67046,2135,113457,California
Placer,2021-03-23,3314,181748,1970,98647,1257,80767,87,2334,2350,47889,959,68005,2437,115894,California
Placer,2021-03-24,3560,185308,1901,100548,1563,82330,96,2430,1827,48132,1720,69725,1963,117857,California
Placer,2021-03-25,3619,188927,1733,102281,1794,84124,92,2522,1637,47965,1973,71698,1806,119663,California
Placer,2021-03-26,3575,192502,1608,103889,1748,85872,219,2741,1524,47793,2042,73740,1870,121533,California
Placer,2021-03-27,1537,194039,436,104325,1080,86952,21,2762,645,47593,888,74628,688,122221,California
Placer,2021-03-28,1001,195040,453,104778,537,87489,11,2773,335,47275,664,75292,346,122567,California
Placer,2021-03-29,3207,198247,1837,106615,1341,88830,29,2802,1510,47142,1684,76976,1551,124118,California
Placer,2021-03-30,2876,201123,1661,108276,1196,90026,19,2821,1457,47227,1409,78385,1494,125612,California
Plumas,2020-12-18,4,4,4,4,0,0,0,0,4,4,0,0,4,4,California
Plumas,2020-12-19,1,5,1,5,0,0,0,0,1,5,0,0,1,5,California
Plumas,2020-12-21,45,50,45,50,0,0,0,0,45,50,0,0,45,50,California
Plumas,2020-12-22,92,142,92,142,0,0,0,0,92,142,0,0,92,142,California
Plumas,2020-12-23,50,192,50,192,0,0,0,0,50,192,0,0,50,192,California
Plumas,2020-12-24,6,198,6,198,0,0,0,0,6,198,0,0,6,198,California
Plumas,2020-12-28,8,206,0,198,8,8,0,0,8,206,0,0,8,206,California
Plumas,2020-12-29,32,238,22,220,10,18,0,0,32,238,0,0,32,238,California
Plumas,2020-12-30,22,260,1,221,21,39,0,0,22,260,0,0,22,260,California
Plumas,2020-12-31,4,264,1,222,3,42,0,0,4,264,0,0,4,264,California
Plumas,2021-01-04,9,273,3,225,6,48,0,0,9,273,0,0,9,273,California
Plumas,2021-01-05,23,296,2,227,21,69,0,0,22,295,0,0,22,295,California
Plumas,2021-01-06,125,421,6,233,119,188,0,0,125,420,0,0,125,420,California
Plumas,2021-01-07,55,476,2,235,53,241,0,0,54,473,1,1,54,474,California
Plumas,2021-01-08,12,488,5,240,7,248,0,0,8,477,4,5,8,482,California
Plumas,2021-01-09,2,490,2,242,0,248,0,0,1,477,1,6,1,483,California
Plumas,2021-01-11,59,549,50,292,9,257,0,0,12,442,47,53,12,495,California
Plumas,2021-01-12,154,703,86,378,68,325,0,0,70,428,84,137,70,565,California
Plumas,2021-01-13,55,758,50,428,5,330,0,0,9,391,46,183,9,574,California
Plumas,2021-01-14,96,854,14,442,82,412,0,0,91,477,5,188,91,665,California
Plumas,2021-01-15,62,916,7,449,55,467,0,0,60,535,2,190,60,725,California
Plumas,2021-01-16,58,974,1,450,57,524,0,0,58,593,0,190,58,783,California
Plumas,2021-01-18,3,977,2,452,1,525,0,0,3,596,0,190,3,786,California
Plumas,2021-01-19,37,1014,6,458,31,556,0,0,33,625,4,194,33,819,California
Plumas,2021-01-20,121,1135,3,461,118,674,0,0,119,742,2,196,119,938,California
Plumas,2021-01-21,112,1247,2,463,110,784,0,0,112,854,0,196,112,1050,California
Plumas,2021-01-22,3,1250,0,463,3,787,0,0,3,857,0,196,3,1053,California
Plumas,2021-01-23,92,1342,1,464,91,878,0,0,92,949,0,196,92,1145,California
Plumas,2021-01-24,1,1343,1,465,0,878,0,0,1,950,0,196,1,1146,California
Plumas,2021-01-25,8,1351,5,470,3,881,0,0,5,952,3,199,5,1151,California
Plumas,2021-01-26,60,1411,2,472,58,939,0,0,52,996,8,207,52,1203,California
Plumas,2021-01-27,25,1436,20,492,5,944,0,0,5,981,20,227,5,1208,California
Plumas,2021-01-28,23,1459,0,492,23,967,0,0,21,1000,2,229,21,1229,California
Plumas,2021-01-29,7,1466,2,494,5,972,0,0,6,1005,1,230,6,1235,California
Plumas,2021-01-30,7,1473,4,498,3,975,0,0,6,1010,1,231,6,1241,California
Plumas,2021-01-31,3,1476,3,501,0,975,0,0,3,1013,0,231,3,1244,California
Plumas,2021-02-01,15,1491,2,503,13,988,0,0,7,1012,8,239,7,1251,California
Plumas,2021-02-02,20,1511,1,504,19,1007,0,0,1,994,19,258,1,1252,California
Plumas,2021-02-03,126,1637,5,509,121,1128,0,0,12,893,113,371,12,1264,California
Plumas,2021-02-04,102,1739,8,517,94,1222,0,0,23,837,79,450,23,1287,California
Plumas,2021-02-05,25,1764,11,528,14,1236,0,0,9,830,16,466,9,1296,California
Plumas,2021-02-06,8,1772,1,529,7,1243,0,0,8,838,0,466,8,1304,California
Plumas,2021-02-08,17,1789,9,538,8,1251,0,0,4,829,13,479,4,1308,California
Plumas,2021-02-09,170,1959,1,539,169,1420,0,0,111,881,59,538,111,1419,California
Plumas,2021-02-10,91,2050,8,547,83,1503,0,0,83,956,8,546,83,1502,California
Plumas,2021-02-11,321,2371,6,553,315,1818,0,0,262,1159,59,605,262,1764,California
Plumas,2021-02-12,121,2492,3,556,118,1936,0,0,117,1272,4,609,117,1881,California
Plumas,2021-02-13,72,2564,3,559,69,2005,0,0,13,1226,59,668,13,1894,California
Plumas,2021-02-14,7,2571,4,563,3,2008,0,0,7,1233,0,668,7,1901,California
Plumas,2021-02-15,25,2596,3,566,22,2030,0,0,24,1256,1,669,24,1925,California
Plumas,2021-02-16,74,2670,4,570,70,2100,0,0,13,1208,61,730,13,1938,California
Plumas,2021-02-17,136,2806,5,575,131,2231,0,0,11,1094,125,855,11,1949,California
Plumas,2021-02-18,126,2932,6,581,120,2351,0,0,18,1004,108,963,18,1967,California
Plumas,2021-02-19,39,2971,3,584,36,2387,0,0,5,975,34,997,5,1972,California
Plumas,2021-02-20,103,3074,6,590,97,2484,0,0,11,894,92,1089,11,1983,California
Plumas,2021-02-21,6,3080,5,595,1,2485,0,0,2,892,4,1093,2,1985,California
Plumas,2021-02-22,3,3083,1,596,2,2487,0,0,0,889,3,1096,0,1985,California
Plumas,2021-02-23,20,3103,3,599,17,2504,0,0,13,895,7,1103,13,1998,California
Plumas,2021-02-24,453,3556,5,604,448,2952,0,0,443,1328,10,1113,443,2441,California
Plumas,2021-02-25,226,3782,7,611,219,3171,0,0,166,1434,60,1173,166,2607,California
Plumas,2021-02-26,259,4041,5,616,254,3425,0,0,255,1685,4,1177,255,2862,California
Plumas,2021-02-27,42,4083,6,622,36,3461,0,0,34,1711,8,1185,34,2896,California
Plumas,2021-02-28,1,4084,0,622,1,3462,0,0,1,1712,0,1185,1,2897,California
Plumas,2021-03-01,11,4095,4,626,7,3469,0,0,7,1715,4,1189,7,2904,California
Plumas,2021-03-02,9,4104,0,626,9,3478,0,0,6,1718,3,1192,6,2910,California
Plumas,2021-03-03,137,4241,8,634,129,3607,0,0,124,1829,13,1205,124,3034,California
Plumas,2021-03-04,212,4453,8,642,204,3811,0,0,192,2001,20,1225,192,3226,California
Plumas,2021-03-05,370,4823,5,647,359,4170,6,6,360,2357,10,1235,366,3592,California
Plumas,2021-03-06,16,4839,1,648,7,4177,8,14,3,2355,13,1248,11,3603,California
Plumas,2021-03-07,10,4849,1,649,1,4178,8,22,1,2355,9,1257,9,3612,California
Plumas,2021-03-08,33,4882,6,655,3,4181,24,46,6,2358,27,1284,30,3642,California
Plumas,2021-03-09,130,5012,2,657,115,4296,13,59,17,2275,113,1397,30,3672,California
Plumas,2021-03-10,199,5211,2,659,195,4491,2,61,75,2228,124,1521,77,3749,California
Plumas,2021-03-11,157,5368,5,664,147,4638,5,66,122,2320,35,1556,127,3876,California
Plumas,2021-03-12,526,5894,3,667,276,4914,247,313,17,2075,509,2065,264,4140,California
Plumas,2021-03-13,21,5915,5,672,4,4918,12,325,3,2073,18,2083,16,4156,California
Plumas,2021-03-14,11,5926,2,674,4,4922,5,330,2,2071,9,2092,7,4163,California
Plumas,2021-03-15,30,5956,1,675,23,4945,6,336,5,2057,25,2117,11,4174,California
Plumas,2021-03-16,28,5984,3,678,24,4969,1,337,18,2066,10,2127,19,4193,California
Plumas,2021-03-17,80,6064,13,691,66,5035,1,338,67,2121,13,2140,68,4261,California
Plumas,2021-03-18,50,6114,5,696,30,5065,15,353,7,2100,43,2183,22,4283,California
Plumas,2021-03-19,126,6240,1,697,124,5189,1,354,120,2217,5,2188,122,4405,California
Plumas,2021-03-20,16,6256,4,701,11,5200,1,355,10,2222,6,2194,11,4416,California
Plumas,2021-03-21,2,6258,2,703,0,5200,0,355,2,2224,0,2194,2,4418,California
Plumas,2021-03-22,160,6418,4,707,156,5356,0,355,153,2370,7,2201,153,4571,California
Plumas,2021-03-23,25,6443,1,708,24,5380,0,355,13,2371,12,2213,13,4584,California
Plumas,2021-03-24,606,7049,7,715,598,5978,1,356,179,2124,427,2640,180,4764,California
Plumas,2021-03-25,186,7235,6,721,178,6156,2,358,47,2032,139,2779,47,4811,California
Plumas,2021-03-26,312,7547,8,729,303,6459,1,359,46,1814,266,3045,48,4859,California
Plumas,2021-03-27,12,7559,1,730,10,6469,1,360,4,1811,8,3053,5,4864,California
Plumas,2021-03-28,2,7561,0,730,1,6470,1,361,0,1810,2,3055,1,4865,California
Plumas,2021-03-29,16,7577,5,735,9,6479,2,363,4,1804,12,3067,6,4871,California
Plumas,2021-03-30,88,7665,2,737,86,6565,0,363,4,1731,84,3151,11,4882,California
Riverside,2020-12-15,4,4,4,4,0,0,0,0,4,4,0,0,4,4,California
Riverside,2020-12-16,65,69,65,69,0,0,0,0,65,69,0,0,65,69,California
Riverside,2020-12-17,803,872,803,872,0,0,0,0,803,872,0,0,803,872,California
Riverside,2020-12-18,1723,2595,1721,2593,2,2,0,0,1723,2595,0,0,1723,2595,California
Riverside,2020-12-19,1021,3616,1019,3612,2,4,0,0,1019,3613,1,1,1019,3614,California
Riverside,2020-12-20,1078,4694,1078,4690,0,4,0,0,1078,4691,0,1,1078,4692,California
Riverside,2020-12-21,2270,6964,2268,6958,2,6,0,0,2270,6961,0,1,2270,6962,California
Riverside,2020-12-22,2245,9209,2206,9164,39,45,0,0,2244,9205,0,1,2244,9206,California
Riverside,2020-12-23,2119,11328,1783,10947,336,381,0,0,2120,11325,0,1,2120,11326,California
Riverside,2020-12-24,824,12152,623,11570,201,582,0,0,824,12149,0,1,824,12150,California
Riverside,2020-12-25,28,12180,5,11575,23,605,0,0,28,12177,0,1,28,12178,California
Riverside,2020-12-26,402,12582,258,11833,144,749,0,0,402,12579,0,1,402,12580,California
Riverside,2020-12-27,362,12944,244,12077,118,867,0,0,362,12941,0,1,362,12942,California
Riverside,2020-12-28,1619,14563,1123,13200,496,1363,0,0,1619,14560,0,1,1619,14561,California
Riverside,2020-12-29,1735,16298,970,14170,765,2128,0,0,1735,16295,0,1,1735,16296,California
Riverside,2020-12-30,2563,18861,1678,15848,885,3013,0,0,2562,18857,0,1,2562,18858,California
Riverside,2020-12-31,1019,19880,395,16243,624,3637,0,0,1021,19878,0,1,1021,19879,California
Riverside,2021-01-01,96,19976,35,16278,61,3698,0,0,96,19974,0,1,96,19975,California
Riverside,2021-01-02,824,20800,689,16967,135,3833,0,0,824,20798,0,1,824,20799,California
Riverside,2021-01-03,344,21144,298,17265,46,3879,0,0,343,21141,0,1,343,21142,California
Riverside,2021-01-04,1253,22397,793,18058,460,4339,0,0,1253,22394,0,1,1253,22395,California
Riverside,2021-01-05,1979,24376,1361,19419,618,4957,0,0,1882,24185,91,92,1882,24277,California
Riverside,2021-01-06,2460,26836,1096,20515,1364,6321,0,0,2154,26038,302,394,2155,26432,California
Riverside,2021-01-07,2751,29587,1809,22324,942,7263,0,0,1692,26681,1055,1449,1698,28130,California
Riverside,2021-01-08,4010,33597,2926,25250,1084,8347,0,0,2208,27092,1798,3247,2209,30339,California
Riverside,2021-01-09,2074,35671,846,26096,1228,9575,0,0,1729,28478,343,3590,1729,32068,California
Riverside,2021-01-10,1660,37331,732,26828,928,10503,0,0,1057,28932,603,4193,1057,33125,California
Riverside,2021-01-11,4492,41823,3089,29917,1403,11906,0,0,2767,29978,1723,5916,2769,35894,California
Riverside,2021-01-12,3387,45210,2715,32632,672,12578,0,0,1706,30009,1676,7592,1707,37601,California
Riverside,2021-01-13,4373,49583,2866,35498,1507,14085,0,0,2775,31189,1595,9187,2775,40376,California
Riverside,2021-01-14,5428,55011,1857,37355,3571,17656,0,0,4844,35449,584,9771,4844,45220,California
Riverside,2021-01-15,6125,61136,2091,39446,4034,21690,0,0,5836,40998,288,10059,5837,51057,California
Riverside,2021-01-16,3613,64749,1015,40461,2598,24288,0,0,3367,44120,246,10305,3368,54425,California
Riverside,2021-01-17,3600,68349,579,41040,3021,27309,0,0,3405,47331,194,10499,3405,57830,California
Riverside,2021-01-18,3698,72047,2002,43042,1696,29005,0,0,2695,49023,1003,11502,2695,60525,California
Riverside,2021-01-19,7382,79429,2631,45673,4751,33756,0,0,6267,54178,1115,12617,6270,66795,California
Riverside,2021-01-20,7944,87373,2860,48533,5084,38840,0,0,6467,59179,1468,14085,6469,73264,California
Riverside,2021-01-21,8202,95575,3363,51896,4839,43679,0,0,7589,66153,615,14700,7589,80853,California
Riverside,2021-01-22,8671,104246,2964,54860,5707,49386,0,0,8242,73968,428,15128,8243,89096,California
Riverside,2021-01-23,5926,110172,2394,57254,3532,52918,0,0,5200,78443,726,15854,5201,94297,California
Riverside,2021-01-24,3039,113211,1431,58685,1608,54526,0,0,2828,81063,209,16063,2829,97126,California
Riverside,2021-01-25,7856,121067,4533,63218,3323,57849,0,0,6734,86684,1120,17183,6741,103867,California
Riverside,2021-01-26,9072,130139,5721,68939,3351,61200,0,0,7565,92750,1505,18688,7571,111438,California
Riverside,2021-01-27,10496,140635,6181,75120,4315,65515,0,0,8996,100251,1497,20185,8998,120436,California
Riverside,2021-01-28,11381,152016,6708,81828,4673,70188,0,0,10230,109340,1143,21328,10232,130668,California
Riverside,2021-01-29,11834,163850,7224,89052,4610,74798,0,0,10470,118478,1337,22665,10475,141143,California
Riverside,2021-01-30,9030,172880,4599,93651,4431,79229,0,0,8582,126616,446,23111,8584,149727,California
Riverside,2021-01-31,5163,178043,4262,97913,901,80130,0,0,5037,131533,123,23234,5040,154767,California
Riverside,2021-02-01,10812,188855,6684,104597,4128,84258,0,0,9043,138816,1764,24998,9047,163814,California
Riverside,2021-02-02,9393,198248,4773,109370,4620,88878,0,0,7921,145275,1465,26463,7924,171738,California
Riverside,2021-02-03,12017,210265,4984,114354,7033,95911,0,0,9792,152853,2214,28677,9792,181530,California
Riverside,2021-02-04,13542,223807,6066,120420,7476,103387,0,0,11457,162241,2078,30755,11466,192996,California
Riverside,2021-02-05,14310,238117,5398,125818,8912,112299,0,0,11291,170527,3012,33767,11298,204294,California
Riverside,2021-02-06,7251,245368,4279,130097,2972,115271,0,0,5625,174535,1620,35387,5628,209922,California
Riverside,2021-02-07,2203,247571,812,130909,1391,116662,0,0,1893,176119,310,35697,1894,211816,California
Riverside,2021-02-08,12459,260030,5533,136442,6926,123588,0,0,10186,184054,2255,37952,10190,222006,California
Riverside,2021-02-09,9648,269678,4515,140957,5133,128721,0,0,7743,189906,1897,39849,7749,229755,California
Riverside,2021-02-10,12023,281701,6995,147952,5028,133749,0,0,8928,195756,3086,42935,8936,238691,California
Riverside,2021-02-11,16491,298192,9025,156977,7466,141215,0,0,12147,203593,4324,47259,12161,250852,California
Riverside,2021-02-12,17638,315830,10818,167795,6820,148035,0,0,12807,211620,4792,52051,12819,263671,California
Riverside,2021-02-13,6307,322137,2114,169909,4193,152228,0,0,3074,211500,3217,55268,3097,266768,California
Riverside,2021-02-14,4947,327084,1146,171055,3801,156029,0,0,2195,210948,2748,58016,2196,268964,California
Riverside,2021-02-15,9793,336877,4985,176040,4808,160837,0,0,5400,211968,4387,62403,5407,274371,California
Riverside,2021-02-16,16142,353019,10157,186197,5985,166822,0,0,9302,214455,6832,69235,9319,283690,California
Riverside,2021-02-17,14962,367981,8177,194374,6785,173607,0,0,7548,214607,7403,76638,7555,291245,California
Riverside,2021-02-18,15399,383380,8879,203253,6520,180127,0,0,7998,215232,7384,84022,8009,299254,California
Riverside,2021-02-19,15193,398573,8171,211424,7022,187149,0,0,7180,214431,7995,92017,7194,306448,California
Riverside,2021-02-20,7913,406486,4126,215550,3787,190936,0,0,2052,210639,5847,97864,2055,308503,California
Riverside,2021-02-21,3316,409802,2814,218364,502,191438,0,0,1028,209388,2279,100143,1028,309531,California
Riverside,2021-02-22,12199,422001,7617,225981,4582,196020,0,0,5046,207296,7143,107286,5051,314582,California
Riverside,2021-02-23,11046,433047,7538,233519,3508,199528,0,0,5422,207124,5601,112887,5429,320011,California
Riverside,2021-02-24,14679,447726,8025,241544,6654,206182,0,0,6385,205290,8253,121140,6419,326430,California
Riverside,2021-02-25,17042,464768,7261,248805,9781,215963,0,0,7926,204156,9096,130236,7962,334392,California
Riverside,2021-02-26,18165,482933,6678,255483,11487,227450,0,0,9065,204210,9047,139283,9101,343493,California
Riverside,2021-02-27,11260,494193,4890,260373,6370,233820,0,0,5639,204293,5589,144872,5672,349165,California
Riverside,2021-02-28,4626,498819,3004,263377,1622,235442,0,0,2416,204517,2201,147073,2425,351590,California
Riverside,2021-03-01,14079,512898,6017,269394,8061,243503,1,1,8305,207139,5747,152820,8369,359959,California
Riverside,2021-03-02,14674,527572,7213,276607,7460,250963,1,2,8695,209925,5948,158768,8734,368693,California
Riverside,2021-03-03,16111,543683,7889,284496,8222,259185,0,2,6772,207536,9295,168063,6906,375599,California
Riverside,2021-03-04,15162,558845,5595,290091,9563,268748,4,6,7362,207284,7760,175823,7508,383107,California
Riverside,2021-03-05,14959,573804,6194,296285,8732,277480,33,39,7669,208015,7249,183072,7980,391087,California
Riverside,2021-03-06,8094,581898,4191,300476,3470,280950,433,472,4156,208709,3926,186998,4620,395707,California
Riverside,2021-03-07,3918,585816,2631,303107,915,281865,372,844,1856,208894,2054,189052,2239,397946,California
Riverside,2021-03-08,9322,595138,3973,307080,4985,286850,364,1208,3972,207932,5338,194390,4376,402322,California
Riverside,2021-03-09,12392,607530,5794,312874,6150,293000,448,1656,4999,206115,7379,201769,5562,407884,California
Riverside,2021-03-10,12621,620151,6376,319250,5456,298456,789,2445,5002,204452,7586,209355,5923,413807,California
Riverside,2021-03-11,16091,636242,7914,327164,6718,305174,1459,3904,6266,202557,9795,219150,7900,421707,California
Riverside,2021-03-12,17450,653692,6630,333794,6818,311992,4002,7906,5705,200804,11722,230872,9969,431676,California
Riverside,2021-03-13,6740,660432,1931,335725,3735,315727,1074,8980,3576,202391,3150,234022,4737,436413,California
Riverside,2021-03-14,3646,664078,1241,336966,1161,316888,1244,10224,1613,203223,2026,236048,2858,439271,California
Riverside,2021-03-15,17901,681979,7595,344561,8694,325582,1612,11836,8595,204249,9274,245322,10300,449571,California
Riverside,2021-03-16,20238,702217,9700,354261,9701,335283,837,12673,10811,206595,9375,254697,11721,461292,California
Riverside,2021-03-17,20007,722224,10368,364629,8623,343906,1016,13689,11719,211133,8260,262957,12798,474090,California
Riverside,2021-03-18,18425,740649,9648,374277,7283,351189,1494,15183,9924,214102,8462,271419,11431,485521,California
Riverside,2021-03-19,20000,760649,10875,385152,8226,359415,899,16082,11606,218407,8357,279776,12662,498183,California
Riverside,2021-03-20,7902,768551,4851,390003,2079,361494,972,17054,4981,221462,2901,282677,5956,504139,California
Riverside,2021-03-21,3494,772045,2727,392730,533,362027,234,17288,2375,222967,1109,283786,2614,506753,California
Riverside,2021-03-22,16043,788088,9577,402307,5930,367957,536,17824,10147,227797,5859,289645,10689,517442,California
Riverside,2021-03-23,17785,805873,9988,412295,7391,375348,406,18230,11402,233308,6331,295976,11842,529284,California
Riverside,2021-03-24,17792,823665,9795,422090,7867,383215,130,18360,12261,240230,5494,301470,12416,541700,California
Riverside,2021-03-25,19959,843624,10956,433046,8826,392041,177,18537,13502,247637,6402,307872,13809,555509,California
Riverside,2021-03-26,22827,866451,11091,444137,11624,403665,112,18649,14221,253584,8525,316397,14472,569981,California
Riverside,2021-03-27,8309,874760,4191,448328,3095,406760,1023,19672,4067,254499,4226,320623,5141,575122,California
Riverside,2021-03-28,4450,879210,2863,451191,1500,408260,87,19759,2659,255493,1784,322407,2778,577900,California
Riverside,2021-03-29,14343,893553,7165,458356,7065,415325,113,19872,9125,259638,5189,327596,9334,587234,California
Riverside,2021-03-30,10141,903694,4914,463270,5079,420404,148,20020,6762,263222,3362,330958,6946,594180,California
Sacramento,2020-12-15,314,314,314,314,0,0,0,0,314,314,0,0,314,314,California
Sacramento,2020-12-16,645,959,645,959,0,0,0,0,645,959,0,0,645,959,California
Sacramento,2020-12-17,647,1606,647,1606,0,0,0,0,647,1606,0,0,647,1606,California
Sacramento,2020-12-18,971,2577,968,2574,3,3,0,0,971,2577,0,0,971,2577,California
Sacramento,2020-12-19,615,3192,615,3189,0,3,0,0,615,3192,0,0,615,3192,California
Sacramento,2020-12-20,633,3825,633,3822,0,3,0,0,633,3825,0,0,633,3825,California
Sacramento,2020-12-21,1672,5497,1671,5493,1,4,0,0,1673,5498,0,0,1673,5498,California
Sacramento,2020-12-22,2095,7592,2064,7557,31,35,0,0,2095,7593,0,0,2095,7593,California
Sacramento,2020-12-23,2238,9830,2075,9632,163,198,0,0,2238,9831,0,0,2238,9831,California
Sacramento,2020-12-24,1043,10873,832,10464,211,409,0,0,1042,10872,1,1,1042,10873,California
Sacramento,2020-12-25,1,10874,0,10464,1,410,0,0,1,10873,0,1,1,10874,California
Sacramento,2020-12-26,508,11382,291,10755,217,627,0,0,508,11381,0,1,508,11382,California
Sacramento,2020-12-27,349,11731,247,11002,102,729,0,0,349,11730,0,1,349,11731,California
Sacramento,2020-12-28,1899,13630,1321,12323,578,1307,0,0,1898,13627,1,2,1898,13629,California
Sacramento,2020-12-29,1943,15573,1185,13508,758,2065,0,0,1943,15570,0,2,1943,15572,California
Sacramento,2020-12-30,2555,18128,1462,14970,1093,3158,0,0,2556,18126,0,2,2556,18128,California
Sacramento,2020-12-31,1216,19344,690,15660,526,3684,0,0,1216,19342,0,2,1216,19344,California
Sacramento,2021-01-01,69,19413,60,15720,9,3693,0,0,69,19411,0,2,69,19413,California
Sacramento,2021-01-02,565,19978,361,16081,204,3897,0,0,565,19976,0,2,565,19978,California
Sacramento,2021-01-03,408,20386,220,16301,188,4085,0,0,408,20384,0,2,408,20386,California
Sacramento,2021-01-04,1964,22350,848,17149,1116,5201,0,0,1960,22341,3,5,1960,22346,California
Sacramento,2021-01-05,2197,24547,988,18137,1209,6410,0,0,1850,23843,348,353,1850,24196,California
Sacramento,2021-01-06,2728,27275,1630,19767,1098,7508,0,0,1952,25022,773,1126,1952,26148,California
Sacramento,2021-01-07,2820,30095,1506,21273,1314,8822,0,0,1957,26119,861,1987,1958,28106,California
Sacramento,2021-01-08,3278,33373,2087,23360,1191,10013,0,0,2245,27335,1030,3017,2246,30352,California
Sacramento,2021-01-09,1287,34660,800,24160,487,10500,0,0,897,27844,388,3405,897,31249,California
Sacramento,2021-01-10,1242,35902,711,24871,531,11031,0,0,771,28146,470,3875,772,32021,California
Sacramento,2021-01-11,4324,40226,2939,27810,1385,12416,0,0,2405,28634,1918,5793,2406,34427,California
Sacramento,2021-01-12,4396,44622,3021,30831,1375,13791,0,0,2438,29115,1957,7750,2438,36865,California
Sacramento,2021-01-13,3764,48386,2160,32991,1604,15395,0,0,2352,30057,1411,9161,2353,39218,California
Sacramento,2021-01-14,4568,52954,2346,35337,2222,17617,0,0,3650,32793,914,10075,3650,42868,California
Sacramento,2021-01-15,4391,57345,2269,37606,2122,19739,0,0,3664,35735,725,10800,3667,46535,California
Sacramento,2021-01-16,2091,59436,1293,38899,798,20537,0,0,1874,37392,217,11017,1874,48409,California
Sacramento,2021-01-17,1631,61067,952,39851,679,21216,0,0,1454,38671,177,11194,1456,49865,California
Sacramento,2021-01-18,2846,63913,1762,41613,1084,22300,0,0,2323,40472,523,11717,2324,52189,California
Sacramento,2021-01-19,4597,68510,3050,44663,1547,23847,0,0,3336,42553,1261,12978,3342,55531,California
Sacramento,2021-01-20,4749,73259,2812,47475,1937,25784,0,0,3546,44897,1205,14183,3549,59080,California
Sacramento,2021-01-21,5167,78426,2981,50456,2186,27970,0,0,4205,48147,956,15139,4206,63286,California
Sacramento,2021-01-22,4955,83381,2636,53092,2319,30289,0,0,4651,52496,302,15441,4651,67937,California
Sacramento,2021-01-23,3721,87102,1556,54648,2165,32454,0,0,3267,55309,454,15895,3267,71204,California
Sacramento,2021-01-24,1548,88650,972,55620,576,33030,0,0,1311,56383,237,16132,1311,72515,California
Sacramento,2021-01-25,4333,92983,2109,57729,2224,35254,0,0,2917,57889,1416,17548,2922,75437,California
Sacramento,2021-01-26,4672,97655,2127,59856,2545,37799,0,0,3471,60165,1199,18747,3475,78912,California
Sacramento,2021-01-27,5781,103436,3042,62898,2739,40538,0,0,4180,62750,1597,20344,4182,83094,California
Sacramento,2021-01-28,5326,108762,2698,65596,2628,43166,0,0,4242,65910,1083,21427,4243,87337,California
Sacramento,2021-01-29,5353,114115,2927,68523,2426,45592,0,0,4337,69240,1010,22437,4340,91677,California
Sacramento,2021-01-30,4479,118594,2185,70708,2294,47886,0,0,4050,72861,429,22866,4050,95727,California
Sacramento,2021-01-31,2280,120874,1992,72700,288,48174,0,0,2000,74585,277,23143,2001,97728,California
Sacramento,2021-02-01,5879,126753,2999,75699,2880,51054,0,0,4229,77167,1648,24791,4230,101958,California
Sacramento,2021-02-02,6804,133557,3736,79435,3068,54122,0,0,4747,79865,2050,26841,4748,106706,California
Sacramento,2021-02-03,7037,140594,3539,82974,3498,57620,0,0,5188,83215,1840,28681,5190,111896,California
Sacramento,2021-02-04,7663,148257,3618,86592,4045,61665,0,0,5468,86498,2185,30866,5468,117364,California
Sacramento,2021-02-05,7693,155950,4353,90945,3340,65005,0,0,4795,88418,2877,33743,4797,122161,California
Sacramento,2021-02-06,8379,164329,3425,94370,4954,69959,0,0,7054,94150,1323,35066,7055,129216,California
Sacramento,2021-02-07,3996,168325,2118,96488,1878,71837,0,0,2778,95718,1211,36277,2779,131995,California
Sacramento,2021-02-08,6145,174470,3186,99674,2959,74796,0,0,3862,97302,2279,38556,3863,135858,California
Sacramento,2021-02-09,6706,181176,3511,103185,3195,77991,0,0,3921,98443,2780,41336,3921,139779,California
Sacramento,2021-02-10,7561,188737,4171,107356,3390,81381,0,0,4475,99846,3074,44410,4477,144256,California
Sacramento,2021-02-11,8587,197324,4942,112298,3645,85026,0,0,4669,100609,3907,48317,4670,148926,California
Sacramento,2021-02-12,10291,207615,4122,116420,6169,91195,0,0,6238,102829,4020,52337,6240,155166,California
Sacramento,2021-02-13,7515,215130,2972,119392,4543,95738,0,0,5943,107202,1570,53907,5943,161109,California
Sacramento,2021-02-14,3002,218132,1892,121284,1110,96848,0,0,1990,108188,1009,54916,1995,163104,California
Sacramento,2021-02-15,5663,223795,2019,123303,3644,100492,0,0,3903,110343,1753,56669,3908,167012,California
Sacramento,2021-02-16,8809,232604,4187,127490,4622,105114,0,0,5257,112060,3545,60214,5262,172274,California
Sacramento,2021-02-17,8636,241240,4966,132456,3670,108784,0,0,5031,113500,3595,63809,5035,177309,California
Sacramento,2021-02-18,8727,249967,5005,137461,3722,112506,0,0,5001,114785,3719,67528,5004,182313,California
Sacramento,2021-02-19,9964,259931,6115,143576,3849,116355,0,0,5886,116611,4064,71592,5890,188203,California
Sacramento,2021-02-20,7266,267197,5321,148897,1945,118300,0,0,4232,117817,3027,74619,4233,192436,California
Sacramento,2021-02-21,2747,269944,2185,151082,562,118862,0,0,931,116939,1811,76430,933,193369,California
Sacramento,2021-02-22,6099,276043,3699,154781,2400,121262,0,0,2632,116117,3460,79890,2638,196007,California
Sacramento,2021-02-23,6858,282901,4374,159155,2484,123746,0,0,3413,116100,3432,83322,3415,199422,California
Sacramento,2021-02-24,9222,292123,5215,164370,4007,127753,0,0,5038,116977,4166,87488,5043,204465,California
Sacramento,2021-02-25,9577,301700,5277,169647,4300,132053,0,0,5233,117877,4334,91822,5234,209699,California
Sacramento,2021-02-26,13338,315038,6379,176026,6959,139012,0,0,9186,122943,4123,95945,9189,218888,California
Sacramento,2021-02-27,10100,325138,6111,182137,3989,143001,0,0,7324,127508,2762,98707,7327,226215,California
Sacramento,2021-02-28,5389,330527,2093,184230,3296,146297,0,0,2489,127112,2890,101597,2494,228709,California
Sacramento,2021-03-01,7711,338238,3368,187598,4343,150640,0,0,4078,127580,3614,105211,4082,232791,California
Sacramento,2021-03-02,8592,346830,3925,191523,4666,155306,1,1,5334,129675,3245,108456,5340,238131,California
Sacramento,2021-03-03,9374,356204,4579,196102,4793,160099,2,3,5440,131199,3918,112374,5442,243573,California
Sacramento,2021-03-04,10045,366249,4367,200469,5675,165774,3,6,5483,132153,4538,116912,5492,249065,California
Sacramento,2021-03-05,8222,374471,3674,204143,4520,170294,28,34,5022,134025,3178,120090,5050,254115,California
Sacramento,2021-03-06,7072,381543,2775,206918,4177,174471,120,154,3580,134256,3473,123563,3704,257819,California
Sacramento,2021-03-07,7383,388926,2128,209046,5172,179643,83,237,3572,134103,3807,127370,3654,261473,California
Sacramento,2021-03-08,8384,397310,3933,212979,4247,183890,204,441,5363,136663,3010,130380,5570,267043,California
Sacramento,2021-03-09,9146,406456,4351,217330,4538,188428,257,698,5210,138207,3923,134303,5467,272510,California
Sacramento,2021-03-10,10710,417166,7241,224571,3183,191611,286,984,6053,139909,4639,138942,6341,278851,California
Sacramento,2021-03-11,12786,429952,8251,232822,3824,195435,711,1695,7452,142758,5313,144255,8162,287013,California
Sacramento,2021-03-12,15521,445473,7437,240259,7326,202761,758,2453,7045,142135,8448,152703,7825,294838,California
Sacramento,2021-03-13,12070,457543,3468,243727,8204,210965,398,2851,7652,145795,4408,157111,8068,302906,California
Sacramento,2021-03-14,7508,465051,3253,246980,3635,214600,620,3471,4092,147107,3399,160510,4711,307617,California
Sacramento,2021-03-15,11307,476358,4748,251728,5902,220502,657,4128,6511,149503,4779,165289,7175,314792,California
Sacramento,2021-03-16,13450,489808,6069,257797,6751,227253,630,4758,8209,153126,5217,170506,8840,323632,California
Sacramento,2021-03-17,12419,502227,6186,263983,5654,232907,579,5337,7912,157141,4480,174986,8495,332127,California
Sacramento,2021-03-18,10672,512899,5118,269101,5101,238008,453,5790,6885,160719,3761,178747,7339,339466,California
Sacramento,2021-03-19,11770,524669,6037,275138,4669,242677,1064,6854,5563,161165,6186,184933,6632,346098,California
Sacramento,2021-03-20,8468,533137,5235,280373,3036,245713,197,7051,5532,163977,2919,187852,5731,351829,California
Sacramento,2021-03-21,5467,538604,2690,283063,2737,248450,40,7091,4836,168237,624,188476,4884,356713,California
Sacramento,2021-03-22,8934,547538,4634,287697,3555,252005,745,7836,6022,172116,2896,191372,6775,363488,California
Sacramento,2021-03-23,10728,558266,6486,294183,3473,255478,769,8605,6858,175929,3832,195204,7645,371133,California
Sacramento,2021-03-24,11045,569311,6989,301172,3471,258949,585,9190,6357,178278,4659,199863,7008,378141,California
Sacramento,2021-03-25,11651,580962,6387,307559,4475,263424,789,9979,6705,181040,4919,204782,7681,385822,California
Sacramento,2021-03-26,16411,597373,7725,315284,8201,271625,485,10464,7852,181778,8516,213298,9254,395076,California
Sacramento,2021-03-27,8705,606078,2873,318157,5553,277178,279,10743,4436,182475,4243,217541,4940,400016,California
Sacramento,2021-03-28,5326,611404,2157,320314,2924,280102,245,10988,2032,181491,3291,220832,2307,402323,California
Sacramento,2021-03-29,10184,621588,5643,325957,4354,284456,187,11175,4997,181584,5165,225997,5258,407581,California
Sacramento,2021-03-30,7317,628905,4101,330058,3088,287544,128,11303,3731,181913,3574,229571,3903,411484,California
San Benito,2020-12-16,2,2,2,2,0,0,0,0,2,2,0,0,2,2,California
San Benito,2020-12-17,9,11,9,11,0,0,0,0,9,11,0,0,9,11,California
San Benito,2020-12-18,34,45,34,45,0,0,0,0,34,45,0,0,34,45,California
San Benito,2020-12-19,48,93,48,93,0,0,0,0,48,93,0,0,48,93,California
San Benito,2020-12-20,22,115,21,114,1,1,0,0,22,115,0,0,22,115,California
San Benito,2020-12-21,47,162,47,161,0,1,0,0,47,162,0,0,47,162,California
San Benito,2020-12-22,59,221,59,220,0,1,0,0,59,221,0,0,59,221,California
San Benito,2020-12-23,48,269,36,256,12,13,0,0,48,269,0,0,48,269,California
San Benito,2020-12-24,12,281,4,260,8,21,0,0,12,281,0,0,12,281,California
San Benito,2020-12-25,4,285,4,264,0,21,0,0,4,285,0,0,4,285,California
San Benito,2020-12-26,13,298,4,268,9,30,0,0,13,298,0,0,13,298,California
San Benito,2020-12-27,8,306,7,275,1,31,0,0,8,306,0,0,8,306,California
San Benito,2020-12-28,63,369,36,311,27,58,0,0,63,369,0,0,63,369,California
San Benito,2020-12-29,49,418,20,331,29,87,0,0,49,418,0,0,49,418,California
San Benito,2020-12-30,59,477,36,367,23,110,0,0,59,477,0,0,59,477,California
San Benito,2020-12-31,19,496,2,369,17,127,0,0,19,496,0,0,19,496,California
San Benito,2021-01-02,25,521,24,393,1,128,0,0,25,521,0,0,25,521,California
San Benito,2021-01-03,3,524,1,394,2,130,0,0,3,524,0,0,3,524,California
San Benito,2021-01-04,62,586,23,417,39,169,0,0,62,586,0,0,62,586,California
San Benito,2021-01-05,118,704,36,453,82,251,0,0,115,698,3,3,115,701,California
San Benito,2021-01-06,95,799,40,493,55,306,0,0,81,765,14,17,81,782,California
San Benito,2021-01-07,78,877,42,535,36,342,0,0,51,789,27,44,51,833,California
San Benito,2021-01-08,129,1006,66,601,63,405,0,0,87,834,42,86,87,920,California
San Benito,2021-01-09,44,1050,32,633,12,417,0,0,29,848,15,101,29,949,California
San Benito,2021-01-10,16,1066,14,647,2,419,0,0,5,842,11,112,5,954,California
San Benito,2021-01-11,97,1163,54,701,43,462,0,0,49,843,48,160,49,1003,California
San Benito,2021-01-12,154,1317,51,752,103,565,0,0,119,927,35,195,119,1122,California
San Benito,2021-01-13,187,1504,33,785,154,719,0,0,162,1064,25,220,162,1284,California
San Benito,2021-01-14,116,1620,27,812,89,808,0,0,97,1142,19,239,97,1381,California
San Benito,2021-01-15,213,1833,21,833,192,1000,0,0,199,1327,14,253,199,1580,California
San Benito,2021-01-16,29,1862,10,843,19,1019,0,0,23,1344,6,259,23,1603,California
San Benito,2021-01-17,10,1872,5,848,5,1024,0,0,7,1348,3,262,7,1610,California
San Benito,2021-01-18,38,1910,24,872,14,1038,0,0,22,1354,16,278,22,1632,California
San Benito,2021-01-19,150,2060,63,935,87,1125,0,0,124,1452,26,304,124,1756,California
San Benito,2021-01-20,260,2320,80,1015,180,1305,0,0,215,1623,44,348,215,1971,California
San Benito,2021-01-21,123,2443,30,1045,93,1398,0,0,99,1698,24,372,99,2070,California
San Benito,2021-01-22,232,2675,20,1065,212,1610,0,0,221,1908,11,383,221,2291,California
San Benito,2021-01-23,32,2707,18,1083,14,1624,0,0,14,1904,18,401,14,2305,California
San Benito,2021-01-24,11,2718,3,1086,8,1632,0,0,7,1907,4,405,7,2312,California
San Benito,2021-01-25,67,2785,25,1111,42,1674,0,0,22,1884,45,450,22,2334,California
San Benito,2021-01-26,135,2920,41,1152,94,1768,0,0,82,1913,53,503,82,2416,California
San Benito,2021-01-27,231,3151,69,1221,162,1930,0,0,190,2062,41,544,190,2606,California
San Benito,2021-01-28,152,3303,30,1251,122,2052,0,0,121,2153,30,574,121,2727,California
San Benito,2021-01-29,286,3589,32,1283,254,2306,0,0,262,2392,23,597,262,2989,California
San Benito,2021-01-30,45,3634,27,1310,18,2324,0,0,26,2399,19,616,26,3015,California
San Benito,2021-01-31,22,3656,10,1320,12,2336,0,0,12,2402,9,625,12,3027,California
San Benito,2021-02-01,133,3789,29,1349,104,2440,0,0,87,2443,46,671,87,3114,California
San Benito,2021-02-02,223,4012,48,1397,175,2615,0,0,133,2486,90,761,133,3247,California
San Benito,2021-02-03,332,4344,41,1438,291,2906,0,0,268,2690,64,825,268,3515,California
San Benito,2021-02-04,159,4503,24,1462,135,3041,0,0,116,2763,43,868,116,3631,California
San Benito,2021-02-05,291,4794,40,1502,251,3292,0,0,229,2930,62,930,229,3860,California
San Benito,2021-02-06,50,4844,10,1512,40,3332,0,0,34,2948,16,946,34,3894,California
San Benito,2021-02-07,14,4858,6,1518,8,3340,0,0,13,2960,1,947,13,3907,California
San Benito,2021-02-08,132,4990,15,1533,117,3457,0,0,87,3002,45,992,87,3994,California
San Benito,2021-02-09,324,5314,63,1596,261,3718,0,0,193,3064,131,1123,193,4187,California
San Benito,2021-02-10,320,5634,89,1685,231,3949,0,0,124,2993,195,1318,124,4311,California
San Benito,2021-02-11,286,5920,29,1714,257,4206,0,0,191,3089,95,1413,191,4502,California
San Benito,2021-02-12,412,6332,30,1744,382,4588,0,0,208,3094,203,1616,208,4710,California
San Benito,2021-02-13,60,6392,9,1753,51,4639,0,0,45,3124,15,1631,45,4755,California
San Benito,2021-02-14,40,6432,5,1758,35,4674,0,0,30,3144,10,1641,30,4785,California
San Benito,2021-02-15,106,6538,9,1767,97,4771,0,0,95,3228,11,1652,95,4880,California
San Benito,2021-02-16,206,6744,12,1779,194,4965,0,0,107,3235,100,1752,107,4987,California
San Benito,2021-02-17,319,7063,30,1809,289,5254,0,0,271,3458,48,1800,271,5258,California
San Benito,2021-02-18,293,7356,38,1847,255,5509,0,0,71,3307,222,2022,71,5329,California
San Benito,2021-02-19,317,7673,40,1887,277,5786,0,0,151,3292,166,2188,151,5480,California
San Benito,2021-02-20,44,7717,26,1913,18,5804,0,0,35,3318,9,2197,35,5515,California
San Benito,2021-02-21,26,7743,11,1924,15,5819,0,0,16,3325,9,2206,16,5531,California
San Benito,2021-02-22,126,7869,33,1957,93,5912,0,0,94,3387,32,2238,94,5625,California
San Benito,2021-02-23,368,8237,90,2047,278,6190,0,0,236,3512,132,2370,257,5882,California
San Benito,2021-02-24,368,8605,61,2108,307,6497,0,0,231,3606,137,2507,231,6113,California
San Benito,2021-02-25,390,8995,63,2171,327,6824,0,0,268,3751,123,2630,268,6381,California
San Benito,2021-02-26,623,9618,70,2241,553,7377,0,0,382,3892,241,2871,382,6763,California
San Benito,2021-02-27,96,9714,34,2275,62,7439,0,0,81,3958,15,2886,81,6844,California
San Benito,2021-02-28,229,9943,19,2294,210,7649,0,0,221,4171,8,2894,221,7065,California
San Benito,2021-03-01,221,10164,58,2352,163,7812,0,0,152,4254,69,2963,152,7217,California
San Benito,2021-03-02,250,10414,73,2425,177,7989,0,0,184,4372,66,3029,184,7401,California
San Benito,2021-03-03,370,10784,48,2473,322,8311,0,0,198,4400,170,3199,198,7599,California
San Benito,2021-03-04,538,11322,113,2586,410,8721,15,15,361,4593,177,3376,370,7969,California
San Benito,2021-03-05,545,11867,287,2873,243,8964,15,30,340,4744,204,3580,355,8324,California
San Benito,2021-03-06,170,12037,62,2935,95,9059,13,43,124,4835,46,3626,137,8461,California
San Benito,2021-03-07,612,12649,571,3506,18,9077,23,66,578,5402,34,3660,601,9062,California
San Benito,2021-03-08,260,12909,63,3569,171,9248,26,92,158,5485,102,3762,185,9247,California
San Benito,2021-03-09,254,13163,77,3646,113,9361,64,156,123,5543,130,3892,188,9435,California
San Benito,2021-03-10,370,13533,102,3748,178,9539,90,246,207,5676,163,4055,296,9731,California
San Benito,2021-03-11,397,13930,100,3848,194,9733,103,349,186,5754,211,4266,289,10020,California
San Benito,2021-03-12,461,14391,118,3966,276,10009,67,416,219,5801,240,4506,287,10307,California
San Benito,2021-03-13,173,14564,96,4062,62,10071,15,431,108,5862,62,4568,123,10430,California
San Benito,2021-03-14,205,14769,40,4102,145,10216,20,451,166,6010,38,4606,186,10616,California
San Benito,2021-03-15,310,15079,95,4197,196,10412,19,470,182,6083,128,4734,201,10817,California
San Benito,2021-03-16,457,15536,203,4400,223,10635,31,501,313,6284,144,4878,345,11162,California
San Benito,2021-03-17,649,16185,455,4855,181,10816,13,514,523,6697,123,5001,536,11698,California
San Benito,2021-03-18,583,16768,446,5301,99,10915,38,552,472,7097,110,5111,510,12208,California
San Benito,2021-03-19,653,17421,353,5654,279,11194,21,573,497,7459,156,5267,518,12726,California
San Benito,2021-03-20,193,17614,130,5784,53,11247,10,583,150,7576,43,5310,160,12886,California
San Benito,2021-03-21,105,17719,53,5837,47,11294,5,588,78,7632,27,5337,83,12969,California
San Benito,2021-03-22,321,18040,166,6003,130,11424,25,613,223,7782,98,5435,248,13217,California
San Benito,2021-03-23,432,18472,194,6197,235,11659,3,616,214,7783,218,5653,219,13436,California
San Benito,2021-03-24,529,19001,288,6485,234,11893,7,623,344,7950,185,5838,352,13788,California
San Benito,2021-03-25,688,19689,403,6888,281,12174,4,627,402,8076,284,6122,410,14198,California
San Benito,2021-03-26,789,20478,323,7211,464,12638,2,629,303,7902,485,6607,311,14509,California
San Benito,2021-03-27,263,20741,175,7386,86,12724,2,631,178,7999,84,6691,181,14690,California
San Benito,2021-03-28,635,21376,564,7950,68,12792,3,634,119,7628,516,7207,145,14835,California
San Benito,2021-03-29,315,21691,94,8044,202,12994,19,653,124,7584,191,7398,147,14982,California
San Benito,2021-03-30,280,21971,127,8171,133,13127,20,673,130,7594,150,7548,160,15142,California
San Bernardino,2020-12-15,12,12,12,12,0,0,0,0,12,12,0,0,12,12,California
San Bernardino,2020-12-16,108,120,108,120,0,0,0,0,108,120,0,0,108,120,California
San Bernardino,2020-12-17,2343,2463,2343,2463,0,0,0,0,2343,2463,0,0,2343,2463,California
San Bernardino,2020-12-18,3140,5603,3137,5600,3,3,0,0,3141,5604,0,0,3141,5604,California
San Bernardino,2020-12-19,1068,6671,1067,6667,1,4,0,0,1069,6673,0,0,1069,6673,California
San Bernardino,2020-12-20,1171,7842,1170,7837,1,5,0,0,1172,7845,0,0,1172,7845,California
San Bernardino,2020-12-21,2455,10297,2450,10287,5,10,0,0,2455,10300,0,0,2455,10300,California
San Bernardino,2020-12-22,2270,12567,2147,12434,123,133,0,0,2271,12571,0,0,2271,12571,California
San Bernardino,2020-12-23,2645,15212,1451,13885,1194,1327,0,0,2644,15215,0,0,2644,15215,California
San Bernardino,2020-12-24,1158,16370,586,14471,572,1899,0,0,1160,16375,0,0,1160,16375,California
San Bernardino,2020-12-25,75,16445,14,14485,61,1960,0,0,75,16450,0,0,75,16450,California
San Bernardino,2020-12-26,461,16906,253,14738,208,2168,0,0,461,16911,0,0,461,16911,California
San Bernardino,2020-12-27,344,17250,161,14899,183,2351,0,0,344,17255,0,0,344,17255,California
San Bernardino,2020-12-28,1558,18808,709,15608,849,3200,0,0,1559,18814,0,0,1559,18814,California
San Bernardino,2020-12-29,2209,21017,1042,16650,1167,4367,0,0,2207,21019,2,2,2207,21021,California
San Bernardino,2020-12-30,2889,23906,1459,18109,1430,5797,0,0,2890,23909,0,2,2890,23911,California
San Bernardino,2020-12-31,1352,25258,440,18549,912,6709,0,0,1350,25259,0,2,1350,25261,California
San Bernardino,2021-01-01,272,25530,148,18697,124,6833,0,0,271,25530,0,2,271,25532,California
San Bernardino,2021-01-02,475,26005,339,19036,136,6969,0,0,475,26005,0,2,475,26007,California
San Bernardino,2021-01-03,135,26140,86,19122,49,7018,0,0,135,26140,0,2,135,26142,California
San Bernardino,2021-01-04,2115,28255,1288,20410,827,7845,0,0,2114,28254,0,2,2114,28256,California
San Bernardino,2021-01-05,2330,30585,1459,21869,871,8716,0,0,2216,30361,109,111,2216,30472,California
San Bernardino,2021-01-06,3416,34001,2349,24218,1067,9783,0,0,2928,32810,482,593,2931,33403,California
San Bernardino,2021-01-07,5375,39376,4483,28701,892,10675,0,0,2456,32368,2900,3493,2458,35861,California
San Bernardino,2021-01-08,5349,44725,4437,33138,912,11587,0,0,2273,31573,3070,6563,2275,38136,California
San Bernardino,2021-01-09,1395,46120,1098,34236,297,11884,0,0,900,31978,495,7058,900,39036,California
San Bernardino,2021-01-10,1022,47142,600,34836,422,12306,0,0,574,32104,448,7506,574,39610,California
San Bernardino,2021-01-11,4979,52121,4084,38920,895,13201,0,0,2761,32650,2215,9721,2761,42371,California
San Bernardino,2021-01-12,4222,56343,3223,42143,999,14200,0,0,2507,33443,1714,11435,2507,44878,California
San Bernardino,2021-01-13,4540,60883,2844,44987,1696,15896,0,0,3314,35546,1213,12648,3316,48194,California
San Bernardino,2021-01-14,4737,65620,2776,47763,1961,17857,0,0,4159,39131,574,13222,4159,52353,California
San Bernardino,2021-01-15,5946,71566,2962,50725,2984,20841,0,0,5551,44299,385,13607,5553,57906,California
San Bernardino,2021-01-16,2253,73819,1292,52017,961,21802,0,0,2112,46270,141,13748,2112,60018,California
San Bernardino,2021-01-17,1187,75006,514,52531,673,22475,0,0,1099,47283,87,13835,1100,61118,California
San Bernardino,2021-01-18,4268,79274,2638,55169,1630,24105,0,0,3649,50315,618,14453,3650,64768,California
San Bernardino,2021-01-19,6288,85562,3703,58872,2585,26690,0,0,5198,54428,1088,15541,5201,69969,California
San Bernardino,2021-01-20,6799,92361,3729,62601,3070,29760,0,0,4871,57380,1921,17462,4873,74842,California
San Bernardino,2021-01-21,5991,98352,3087,65688,2904,32664,0,0,4868,61136,1113,18575,4869,79711,California
San Bernardino,2021-01-22,6503,104855,3038,68726,3465,36129,0,0,5776,66189,726,19301,5779,85490,California
San Bernardino,2021-01-23,3099,107954,1887,70613,1212,37341,0,0,2710,68511,388,19689,2710,88200,California
San Bernardino,2021-01-24,1187,109141,460,71073,727,38068,0,0,1088,69500,99,19788,1088,89288,California
San Bernardino,2021-01-25,6860,116001,3394,74467,3466,41534,0,0,5018,72686,1840,21628,5026,94314,California
San Bernardino,2021-01-26,7076,123077,3554,78021,3522,45056,0,0,5000,75611,2076,23704,5001,99315,California
San Bernardino,2021-01-27,8232,131309,4103,82124,4129,49185,0,0,5542,78473,2680,26384,5542,104857,California
San Bernardino,2021-01-28,8532,139841,4051,86175,4481,53666,0,0,6230,82405,2298,28682,6230,111087,California
San Bernardino,2021-01-29,8114,147955,3733,89908,4381,58047,0,0,6174,86653,1927,30609,6175,117262,California
San Bernardino,2021-01-30,3066,151021,1894,91802,1172,59219,0,0,2787,89162,278,30887,2787,120049,California
San Bernardino,2021-01-31,918,151939,488,92290,430,59649,0,0,864,89973,53,30940,864,120913,California
San Bernardino,2021-02-01,7503,159442,4215,96505,3288,62937,0,0,4890,92257,2610,33550,4894,125807,California
San Bernardino,2021-02-02,10350,169792,3645,100150,6705,69642,0,0,8305,98522,2041,35591,8306,134113,California
San Bernardino,2021-02-03,8949,178741,4144,104294,4805,74447,0,0,6482,102545,2460,38051,6483,140596,California
San Bernardino,2021-02-04,10564,189305,5289,109583,5275,79722,0,0,7504,107000,3050,41101,7505,148101,California
San Bernardino,2021-02-05,10927,200232,5909,115492,5018,84740,0,0,7415,110914,3502,44603,7416,155517,California
San Bernardino,2021-02-06,5249,205481,2213,117705,3036,87776,0,0,3613,112920,1611,46214,3617,159134,California
San Bernardino,2021-02-07,846,206327,496,118201,350,88126,0,0,475,113028,368,46582,476,159610,California
San Bernardino,2021-02-08,7255,213582,3867,122068,3388,91514,0,0,5606,116986,1648,48230,5606,165216,California
San Bernardino,2021-02-09,9870,223452,5814,127882,4056,95570,0,0,6662,120445,3205,51435,6664,171880,California
San Bernardino,2021-02-10,11985,235437,6533,134415,5452,101022,0,0,7826,124123,4149,55584,7827,179707,California
San Bernardino,2021-02-11,12189,247626,7043,141458,5146,106168,0,0,7789,127539,4377,59961,7793,187500,California
San Bernardino,2021-02-12,10320,257946,5924,147382,4396,110564,0,0,5672,128575,4636,64597,5672,193172,California
San Bernardino,2021-02-13,5994,263940,3979,151361,2015,112579,0,0,3768,130137,2211,66808,3773,196945,California
San Bernardino,2021-02-14,1539,265479,642,152003,897,113476,0,0,867,130341,664,67472,868,197813,California
San Bernardino,2021-02-15,5468,270947,3011,155014,2457,115933,0,0,3070,131028,2383,69855,3070,200883,California
San Bernardino,2021-02-16,12561,283508,7389,162403,5172,121105,0,0,7961,134400,4589,74444,7961,208844,California
San Bernardino,2021-02-17,11742,295250,6461,168864,5281,126386,0,0,7131,136936,4597,79041,7133,215977,California
San Bernardino,2021-02-18,12373,307623,7566,176430,4807,131193,0,0,7649,139877,4709,83750,7650,223627,California
San Bernardino,2021-02-19,11444,319067,5911,182341,5533,136726,0,0,6762,141976,4664,88414,6763,230390,California
San Bernardino,2021-02-20,4493,323560,3445,185786,1048,137774,0,0,2053,141590,2439,90853,2053,232443,California
San Bernardino,2021-02-21,904,324464,444,186230,460,138234,0,0,272,141232,630,91483,272,232715,California
San Bernardino,2021-02-22,8455,332919,5166,191396,3289,141523,0,0,4029,140845,4418,95901,4031,236746,California
San Bernardino,2021-02-23,8762,341681,5187,196583,3575,145098,0,0,4526,141163,4208,100109,4526,241272,California
San Bernardino,2021-02-24,11965,353646,6849,203432,5116,150214,0,0,6077,141381,5864,105973,6082,247354,California
San Bernardino,2021-02-25,12783,366429,6240,209672,6543,156757,0,0,7386,143393,5379,111352,7391,254745,California
San Bernardino,2021-02-26,13152,379581,6303,215975,6849,163606,0,0,7439,145172,5661,117013,7440,262185,California
San Bernardino,2021-02-27,6551,386132,3653,219628,2898,166504,0,0,4756,148142,1786,118799,4756,266941,California
San Bernardino,2021-02-28,1735,387867,724,220352,1011,167515,0,0,1141,148695,589,119388,1142,268083,California
San Bernardino,2021-03-01,8177,396044,4151,224503,4026,171541,0,0,3819,148184,4340,123728,3829,271912,California
San Bernardino,2021-03-02,13388,409432,5310,229813,8078,179619,0,0,6376,147576,6986,130714,6378,278290,California
San Bernardino,2021-03-03,12123,421555,6132,235945,5989,185608,2,2,5555,146585,6551,137265,5560,283850,California
San Bernardino,2021-03-04,11766,433321,6139,242084,5626,191234,1,3,5392,145625,6356,143621,5396,289246,California
San Bernardino,2021-03-05,11802,445123,5980,248064,5821,197055,1,4,6112,146104,5663,149284,6142,295388,California
San Bernardino,2021-03-06,7637,452760,4157,252221,3275,200330,205,209,3634,145957,3988,153272,3841,299229,California
San Bernardino,2021-03-07,1477,454237,910,253131,510,200840,57,266,946,146431,529,153801,1003,300232,California
San Bernardino,2021-03-08,6907,461144,2977,256108,3795,204635,135,401,3332,146330,3571,157372,3470,303702,California
San Bernardino,2021-03-09,11725,472869,6427,262535,5073,209708,225,626,4636,144117,7082,164454,4869,308571,California
San Bernardino,2021-03-10,12407,485276,7066,269601,4972,214680,369,995,5691,143496,6690,171144,6069,314640,California
San Bernardino,2021-03-11,12888,498164,6024,275625,6117,220797,747,1742,6545,144469,6324,177468,7297,321937,California
San Bernardino,2021-03-12,13185,511349,6021,281646,5367,226164,1797,3539,6272,145688,6894,184362,8113,330050,California
San Bernardino,2021-03-13,7327,518676,4090,285736,2777,228941,460,3999,4345,147516,2977,187339,4805,334855,California
San Bernardino,2021-03-14,2641,521317,1369,287105,731,229672,541,4540,1565,148550,1070,188409,2104,336959,California
San Bernardino,2021-03-15,11062,532379,5237,292342,3911,233583,1914,6454,5422,150256,5633,194042,7339,344298,California
San Bernardino,2021-03-16,15686,548065,7741,300083,7050,240633,895,7349,9526,154547,6135,200177,10426,354724,California
San Bernardino,2021-03-17,15985,564050,8208,308291,7079,247712,698,8047,9561,158409,6412,206589,10274,364998,California
San Bernardino,2021-03-18,12848,576898,6045,314336,6477,254189,326,8373,7390,160691,5436,212025,7718,372716,California
San Bernardino,2021-03-19,14252,591150,7328,321664,6413,260602,511,8884,7962,162938,6271,218296,8518,381234,California
San Bernardino,2021-03-20,7153,598303,4488,326152,2158,262760,507,9391,4118,164553,3010,221306,4625,385859,California
San Bernardino,2021-03-21,2676,600979,2179,328331,452,263212,45,9436,2158,166251,506,221812,2204,388063,California
San Bernardino,2021-03-22,9411,610390,4447,332778,4563,267775,401,9837,6841,170944,2555,224367,7248,395311,California
San Bernardino,2021-03-23,14862,625252,8412,341190,5878,273653,572,10409,9249,175178,5598,229965,9832,405143,California
San Bernardino,2021-03-24,14332,639584,7411,348601,6668,280321,253,10662,9630,180418,4671,234636,9911,415054,California
San Bernardino,2021-03-25,16102,655686,7956,356557,7882,288203,264,10926,10207,185138,5849,240485,10569,425623,California
San Bernardino,2021-03-26,17035,672721,8046,364603,8271,296474,718,11644,10392,189799,6620,247105,11281,436904,California
San Bernardino,2021-03-27,9697,682418,5934,370537,3014,299488,749,12393,5520,192221,4166,251271,6588,443492,California
San Bernardino,2021-03-28,3400,685818,2391,372928,901,300389,108,12501,2388,193718,1006,252277,2503,445995,California
San Bernardino,2021-03-29,10384,696202,5388,378316,4647,305036,349,12850,6980,197698,3395,255672,7375,453370,California
San Bernardino,2021-03-30,10970,707172,6838,385154,3520,308556,612,13462,7087,201589,3864,259536,7755,461125,California
San Diego,2020-12-15,119,119,119,119,0,0,0,0,119,119,0,0,119,119,California
San Diego,2020-12-16,1101,1220,1101,1220,0,0,0,0,1101,1220,0,0,1101,1220,California
San Diego,2020-12-17,2346,3566,2346,3566,0,0,0,0,2346,3566,0,0,2346,3566,California
San Diego,2020-12-18,3673,7239,3672,7238,1,1,0,0,3673,7239,0,0,3673,7239,California
San Diego,2020-12-19,2311,9550,2311,9549,0,1,0,0,2311,9550,0,0,2311,9550,California
San Diego,2020-12-20,1187,10737,1185,10734,2,3,0,0,1187,10737,0,0,1187,10737,California
San Diego,2020-12-21,3518,14255,3517,14251,1,4,0,0,3518,14255,0,0,3518,14255,California
San Diego,2020-12-22,4051,18306,3408,17659,643,647,0,0,4051,18306,0,0,4051,18306,California
San Diego,2020-12-23,3176,21482,1976,19635,1200,1847,0,0,3176,21482,0,0,3176,21482,California
San Diego,2020-12-24,2723,24205,2208,21843,515,2362,0,0,2723,24205,0,0,2723,24205,California
San Diego,2020-12-25,868,25073,867,22710,1,2363,0,0,867,25071,1,1,867,25072,California
San Diego,2020-12-26,3256,28329,2139,24849,1117,3480,0,0,3255,28326,0,1,3255,28327,California
San Diego,2020-12-27,2476,30805,1612,26461,864,4344,0,0,2475,30801,0,1,2475,30802,California
San Diego,2020-12-28,5856,36661,4184,30645,1672,6016,0,0,5856,36657,0,1,5856,36658,California
San Diego,2020-12-29,5536,42197,2972,33617,2564,8580,0,0,5535,42192,0,1,5535,42193,California
San Diego,2020-12-30,5892,48089,3073,36690,2819,11399,0,0,5892,48084,0,1,5892,48085,California
San Diego,2020-12-31,2936,51025,995,37685,1941,13340,0,0,2935,51018,1,2,2935,51020,California
San Diego,2021-01-01,993,52018,439,38124,554,13894,0,0,992,52010,0,2,992,52012,California
San Diego,2021-01-02,3746,55764,1309,39433,2437,16331,0,0,3746,55756,0,2,3746,55758,California
San Diego,2021-01-03,855,56619,631,40064,224,16555,0,0,854,56610,0,2,854,56612,California
San Diego,2021-01-04,3685,60304,2036,42100,1649,18204,0,0,3677,60286,1,3,3677,60289,California
San Diego,2021-01-05,4280,64584,2094,44194,2186,20390,0,0,3662,63348,614,617,3676,63965,California
San Diego,2021-01-06,4910,69494,2286,46480,2624,23014,0,0,3677,65818,1211,1828,3681,67646,California
San Diego,2021-01-07,5545,75039,2974,49454,2571,25585,0,0,3393,67071,2145,3973,3398,71044,California
San Diego,2021-01-08,7686,82725,4958,54412,2728,28313,0,0,3895,67208,3774,7747,3911,74955,California
San Diego,2021-01-09,2919,85644,1549,55961,1370,29683,0,0,1751,67811,1157,8904,1760,76715,California
San Diego,2021-01-10,1854,87498,1295,57256,559,30242,0,0,751,67478,1091,9995,758,77473,California
San Diego,2021-01-11,10320,97818,5850,63106,4470,34712,0,0,6797,70772,3516,13511,6810,84283,California
San Diego,2021-01-12,11170,108988,5307,68413,5863,40575,0,0,7801,75326,3360,16871,7914,92197,California
San Diego,2021-01-13,11494,120482,5016,73429,6478,47053,0,0,8950,81764,2531,19402,8969,101166,California
San Diego,2021-01-14,12342,132824,4733,78162,7609,54662,0,0,10184,89823,2149,21551,10208,111374,California
San Diego,2021-01-15,15031,147855,5274,83436,9757,64419,0,0,12416,99670,2596,24147,12443,123817,California
San Diego,2021-01-16,10781,158636,3579,87015,7202,71621,0,0,9340,107598,1436,25583,9364,133181,California
San Diego,2021-01-17,8699,167335,2483,89498,6216,77837,0,0,7866,114644,833,26416,7879,141060,California
San Diego,2021-01-18,12471,179806,5902,95400,6569,84406,0,0,9666,121573,2766,29182,9695,150755,California
San Diego,2021-01-19,14738,194544,5777,101177,8961,93367,0,0,11629,130350,3094,32276,11871,162626,California
San Diego,2021-01-20,18343,212887,6367,107544,11976,105343,0,0,15064,142313,3260,35536,15223,177849,California
San Diego,2021-01-21,17427,230314,5883,113427,11544,116887,0,0,16047,157127,1369,36905,16183,194032,California
San Diego,2021-01-22,17630,247944,4727,118154,12903,129790,0,0,15604,170787,2012,38917,15672,209704,California
San Diego,2021-01-23,14461,262405,5257,123411,9204,138994,0,0,12128,180626,2320,41237,12159,221863,California
San Diego,2021-01-24,11846,274251,3258,126669,8588,147582,0,0,10903,190601,942,42179,10917,232780,California
San Diego,2021-01-25,12125,286376,5691,132360,6434,154016,0,0,9133,196878,2984,45163,9261,242041,California
San Diego,2021-01-26,14564,300940,7301,139661,7263,161279,0,0,11300,205090,3259,48422,11471,253512,California
San Diego,2021-01-27,20265,321205,7634,147295,12631,173910,0,0,17217,219373,3034,51456,17317,270829,California
San Diego,2021-01-28,20914,342119,7228,154523,13686,187596,0,0,18655,235854,2249,53705,18730,289559,California
San Diego,2021-01-29,19407,361526,6133,160656,13274,200870,0,0,16990,250475,2407,56112,17028,306587,California
San Diego,2021-01-30,15689,377215,3458,164114,12231,213101,0,0,13012,260917,2668,58780,13110,319697,California
San Diego,2021-01-31,14453,391668,5396,169510,9057,222158,0,0,14100,274691,350,59130,14124,333821,California
San Diego,2021-02-01,20062,411730,6728,176238,13334,235492,0,0,16878,288470,3171,62301,16950,350771,California
San Diego,2021-02-02,22502,434232,7980,184218,14522,250014,0,0,18965,304079,3526,65827,19135,369906,California
San Diego,2021-02-03,26461,460693,10686,194904,15775,265789,0,0,22297,322405,4146,69973,22472,392378,California
San Diego,2021-02-04,23491,484184,9248,204152,14243,280032,0,0,18818,336826,4655,74628,19076,411454,California
San Diego,2021-02-05,24717,508901,8847,212999,15870,295902,0,0,18171,348971,6522,81150,18667,430121,California
San Diego,2021-02-06,20503,529404,8352,221351,12151,308053,0,0,17320,363319,3174,84324,17522,447643,California
San Diego,2021-02-07,11260,540664,4675,226026,6585,314638,0,0,9371,371098,1870,86194,9649,457292,California
San Diego,2021-02-08,19391,560055,7975,234001,11416,326054,0,0,11977,376351,7393,93587,12646,469938,California
San Diego,2021-02-09,19722,579777,7768,241769,11954,338008,0,0,12515,382745,7187,100774,13581,483519,California
San Diego,2021-02-10,22242,602019,8906,250675,13336,351344,0,0,13126,388124,9088,109862,14467,497986,California
San Diego,2021-02-11,22995,625014,9823,260498,13172,364516,0,0,11938,390690,11031,120893,13597,511583,California
San Diego,2021-02-12,23292,648306,6943,267441,16349,380865,0,0,11391,392421,11881,132774,13612,525195,California
San Diego,2021-02-13,19454,667760,8410,275851,11044,391909,0,0,10276,394746,9166,141940,11491,536686,California
San Diego,2021-02-14,10491,678251,6730,282581,3761,395670,0,0,5790,397374,4698,146638,7326,544012,California
San Diego,2021-02-15,14824,693075,7318,289899,7506,403176,0,0,7603,400815,7203,153841,10644,554656,California
San Diego,2021-02-16,18423,711498,10532,300431,7891,411067,0,0,8802,403037,9608,163449,11830,566486,California
San Diego,2021-02-17,22453,733951,10004,310435,12449,423516,0,0,7650,399045,14792,178241,10800,577286,California
San Diego,2021-02-18,22942,756893,11604,322039,11338,434854,0,0,7492,395245,15441,193682,11641,588927,California
San Diego,2021-02-19,15835,772728,10854,332893,4981,439835,0,0,6670,394969,9146,202828,8870,597797,California
San Diego,2021-02-20,9918,782646,6271,339164,3647,443482,0,0,5682,398365,4234,207062,7630,605427,California
San Diego,2021-02-21,10229,792875,8985,348149,1244,444726,0,0,4935,399293,5270,212332,6198,611625,California
San Diego,2021-02-22,12173,805048,10326,358475,1847,446573,0,0,6342,401483,5826,218158,8016,619641,California
San Diego,2021-02-23,25052,830100,13831,372306,11221,457794,0,0,9889,402093,15156,233314,15766,635407,California
San Diego,2021-02-24,28616,858716,12410,384716,16206,474000,0,0,7709,396370,20890,254204,15167,650574,California
San Diego,2021-02-25,32676,891392,14302,399018,18374,492374,0,0,10584,393359,22070,276274,19059,669633,California
San Diego,2021-02-26,33202,924594,12089,411107,21113,513487,0,0,11998,391256,21176,297450,19073,688706,California
San Diego,2021-02-27,20830,945424,9262,420369,11568,525055,0,0,11218,397182,9607,307057,15533,704239,California
San Diego,2021-02-28,14481,959905,9189,429558,5292,530347,0,0,9715,405002,4766,311823,12586,716825,California
San Diego,2021-03-01,23572,983477,13670,443228,9902,540249,0,0,14965,415395,8530,320353,18923,735748,California
San Diego,2021-03-02,25106,1008583,13388,456616,11718,551967,0,0,12638,422506,12459,332812,19570,755318,California
San Diego,2021-03-03,33386,1041969,15389,472005,17994,569961,3,3,14461,425069,18913,351725,21476,776794,California
San Diego,2021-03-04,27911,1069880,13740,485745,14170,584131,1,4,12927,429791,14965,366690,19687,796481,California
San Diego,2021-03-05,28372,1098252,14418,500163,13872,598003,82,86,13829,435973,14530,381220,20712,817193,California
San Diego,2021-03-06,22917,1121169,9309,509472,12905,610908,703,789,10726,439997,12183,393403,16207,833400,California
San Diego,2021-03-07,17851,1139020,9005,518477,8279,619187,567,1356,8347,443198,9498,402901,12699,846099,California
San Diego,2021-03-08,22019,1161039,10294,528771,10879,630066,846,2202,10603,448111,11404,414305,16317,862416,California
San Diego,2021-03-09,25221,1186260,11550,540321,11940,642006,1731,3933,11701,452064,13506,427811,17459,879875,California
San Diego,2021-03-10,25130,1211390,10699,551020,12073,654079,2358,6291,11550,456594,13571,441382,18101,897976,California
San Diego,2021-03-11,28238,1239628,10824,561844,13921,668000,3493,9784,11391,458719,16833,458215,18958,916934,California
San Diego,2021-03-12,25634,1265262,8772,570616,13880,681880,2982,12766,9274,458137,16321,474536,15739,932673,California
San Diego,2021-03-13,24283,1289545,6635,577251,16107,697987,1541,14307,9152,457870,15121,489657,14854,947527,California
San Diego,2021-03-14,11973,1301518,4554,581805,6717,704704,702,15009,3891,456681,8073,497730,6884,954411,California
San Diego,2021-03-15,21817,1323335,10103,591908,10944,715648,770,15779,10823,460427,10981,508711,14727,969138,California
San Diego,2021-03-16,29755,1353090,15691,607599,13674,729322,390,16169,17962,470091,11775,520486,21439,990577,California
San Diego,2021-03-17,25990,1379080,12081,619680,13229,742551,680,16849,17208,481322,8769,529255,20000,1010577,California
San Diego,2021-03-18,30820,1409900,17487,637167,12524,755075,809,17658,20079,493163,10724,539979,22565,1033142,California
San Diego,2021-03-19,29765,1439665,14116,651283,14679,769754,970,18628,19637,504960,10109,550088,21906,1055048,California
San Diego,2021-03-20,27287,1466952,8097,659380,17400,787154,1790,20418,21720,524043,5552,555640,24635,1079683,California
San Diego,2021-03-21,16434,1483386,11973,671353,3747,790901,714,21132,10442,530615,5982,561622,12554,1092237,California
San Diego,2021-03-22,22371,1505757,13085,684438,9045,799946,241,21373,16138,543585,6223,567845,19193,1111430,California
San Diego,2021-03-23,25600,1531357,13414,697852,11927,811873,259,21632,19474,559267,6112,573957,21794,1133224,California
San Diego,2021-03-24,29051,1560408,19371,717223,9331,821204,349,21981,19855,572404,9184,583141,22321,1155545,California
San Diego,2021-03-25,29483,1589891,17673,734896,11176,832380,634,22615,19359,584416,10110,593251,22122,1177667,California
San Diego,2021-03-26,30919,1620810,17218,752114,13201,845581,500,23115,18550,594215,12342,605593,22141,1199808,California
San Diego,2021-03-27,24260,1645070,10751,762865,13116,858697,393,23508,14813,602244,9433,615026,17462,1217270,California
San Diego,2021-03-28,14722,1659792,9084,771949,5580,864277,58,23566,9052,607147,5663,620689,10566,1227836,California
San Diego,2021-03-29,24924,1684716,12175,784124,12321,876598,428,23994,17477,620117,7440,628129,20410,1248246,California
San Diego,2021-03-30,13227,1697943,6978,791102,5898,882496,351,24345,11406,630191,1818,629947,11892,1260138,California
San Francisco,2020-12-15,8,8,8,8,0,0,0,0,8,8,0,0,8,8,California
San Francisco,2020-12-16,230,238,230,238,0,0,0,0,230,238,0,0,230,238,California
San Francisco,2020-12-17,397,635,397,635,0,0,0,0,397,635,0,0,397,635,California
San Francisco,2020-12-18,884,1519,884,1519,0,0,0,0,884,1519,0,0,884,1519,California
San Francisco,2020-12-19,600,2119,600,2119,0,0,0,0,600,2119,0,0,600,2119,California
San Francisco,2020-12-20,484,2603,484,2603,0,0,0,0,484,2603,0,0,484,2603,California
San Francisco,2020-12-21,1161,3764,1161,3764,0,0,0,0,1161,3764,0,0,1161,3764,California
San Francisco,2020-12-22,1401,5165,1367,5131,34,34,0,0,1401,5165,0,0,1401,5165,California
San Francisco,2020-12-23,1318,6483,1030,6161,288,322,0,0,1318,6483,0,0,1318,6483,California
San Francisco,2020-12-24,837,7320,503,6664,334,656,0,0,837,7320,0,0,837,7320,California
San Francisco,2020-12-25,30,7350,25,6689,5,661,0,0,30,7350,0,0,30,7350,California
San Francisco,2020-12-26,242,7592,148,6837,94,755,0,0,242,7592,0,0,242,7592,California
San Francisco,2020-12-27,274,7866,61,6898,213,968,0,0,274,7866,0,0,274,7866,California
San Francisco,2020-12-28,1264,9130,680,7578,584,1552,0,0,1264,9130,0,0,1264,9130,California
San Francisco,2020-12-29,1247,10377,621,8199,626,2178,0,0,1247,10377,0,0,1247,10377,California
San Francisco,2020-12-30,1472,11849,770,8969,702,2880,0,0,1472,11849,0,0,1472,11849,California
San Francisco,2020-12-31,961,12810,409,9378,552,3432,0,0,961,12810,0,0,961,12810,California
San Francisco,2021-01-01,66,12876,58,9436,8,3440,0,0,66,12876,0,0,66,12876,California
San Francisco,2021-01-02,331,13207,299,9735,32,3472,0,0,331,13207,0,0,331,13207,California
San Francisco,2021-01-03,293,13500,100,9835,193,3665,0,0,292,13498,1,1,292,13499,California
San Francisco,2021-01-04,1835,15335,1356,11191,479,4144,0,0,1832,15327,3,4,1832,15331,California
San Francisco,2021-01-05,2231,17566,1414,12605,817,4961,0,0,2197,17491,34,38,2198,17529,California
San Francisco,2021-01-06,1870,19436,1164,13769,706,5667,0,0,1606,18836,262,300,1607,19136,California
San Francisco,2021-01-07,2048,21484,1187,14956,861,6528,0,0,1601,19993,444,744,1601,20737,California
San Francisco,2021-01-08,2319,23803,1627,16583,692,7220,0,0,1487,20653,827,1571,1487,22224,California
San Francisco,2021-01-09,1396,25199,900,17483,496,7716,0,0,886,21032,510,2081,889,23113,California
San Francisco,2021-01-10,919,26118,540,18023,379,8095,0,0,465,21044,453,2534,465,23578,California
San Francisco,2021-01-11,2465,28583,1833,19856,632,8727,0,0,1399,21376,1067,3601,1399,24977,California
San Francisco,2021-01-12,3087,31670,2058,21914,1029,9756,0,0,1892,22074,1195,4796,1893,26870,California
San Francisco,2021-01-13,2819,34489,1608,23522,1211,10967,0,0,1998,23251,821,5617,1998,28868,California
San Francisco,2021-01-14,2399,36888,1067,24589,1332,12299,0,0,1860,24573,539,6156,1861,30729,California
San Francisco,2021-01-15,2751,39639,1172,25761,1579,13878,0,0,2337,26501,412,6568,2340,33069,California
San Francisco,2021-01-16,2262,41901,982,26743,1280,15158,0,0,2082,28403,180,6748,2082,35151,California
San Francisco,2021-01-17,1918,43819,527,27270,1391,16549,0,0,1706,29897,212,6960,1706,36857,California
San Francisco,2021-01-18,1383,45202,600,27870,783,17332,0,0,1109,30737,273,7233,1113,37970,California
San Francisco,2021-01-19,2556,47758,1464,29334,1092,18424,0,0,1821,31826,735,7968,1824,39794,California
San Francisco,2021-01-20,2677,50435,1069,30403,1608,20032,0,0,1943,33038,731,8699,1943,41737,California
San Francisco,2021-01-21,3273,53708,923,31326,2350,22382,0,0,2451,34669,820,9519,2451,44188,California
San Francisco,2021-01-22,3167,56875,631,31957,2536,24918,0,0,2719,36942,446,9965,2719,46907,California
San Francisco,2021-01-23,3091,59966,606,32563,2485,27403,0,0,2727,39307,363,10328,2728,49635,California
San Francisco,2021-01-24,2420,62386,359,32922,2061,29464,0,0,2190,41272,225,10553,2190,51825,California
San Francisco,2021-01-25,4561,66947,1770,34692,2791,32255,0,0,3020,42760,1539,12092,3027,54852,California
San Francisco,2021-01-26,4631,71578,2113,36805,2518,34773,0,0,3056,44249,1573,13665,3062,57914,California
San Francisco,2021-01-27,4423,76001,2082,38887,2341,37114,0,0,3071,45973,1347,15012,3071,60985,California
San Francisco,2021-01-28,3747,79748,1552,40439,2195,39309,0,0,2576,47384,1165,16177,2576,63561,California
San Francisco,2021-01-29,4691,84439,1660,42099,3031,42340,0,0,3435,49569,1250,17427,3435,66996,California
San Francisco,2021-01-30,3721,88160,1794,43893,1927,44267,0,0,3320,52490,400,17827,3321,70317,California
San Francisco,2021-01-31,2393,90553,869,44762,1524,45791,0,0,2185,54471,206,18033,2187,72504,California
San Francisco,2021-02-01,3753,94306,1502,46264,2251,48042,0,0,2862,56445,891,18924,2865,75369,California
San Francisco,2021-02-02,4635,98941,1955,48219,2680,50722,0,0,2871,57558,1758,20682,2871,78240,California
San Francisco,2021-02-03,5048,103989,2362,50581,2686,53408,0,0,3751,60014,1295,21977,3751,81991,California
San Francisco,2021-02-04,5009,108998,2428,53009,2581,55989,0,0,3854,62715,1153,23130,3854,85845,California
San Francisco,2021-02-05,5906,114904,3185,56194,2721,58710,0,0,4583,65980,1320,24450,4585,90430,California
San Francisco,2021-02-06,5445,120349,3644,59838,1801,60511,0,0,4545,69629,896,25346,4545,94975,California
San Francisco,2021-02-07,4302,124651,3171,63009,1131,61642,0,0,3733,72796,568,25914,3735,98710,California
San Francisco,2021-02-08,6679,131330,4601,67610,2078,63720,0,0,5477,77089,1184,27098,5477,104187,California
San Francisco,2021-02-09,5905,137235,3984,71594,1921,65641,0,0,4359,79905,1543,28641,4359,108546,California
San Francisco,2021-02-10,6799,144034,4154,75748,2645,68286,0,0,5055,83225,1736,30377,5056,113602,California
San Francisco,2021-02-11,6648,150682,3936,79684,2712,70998,0,0,4846,86272,1800,32177,4847,118449,California
San Francisco,2021-02-12,5292,155974,2655,82339,2637,73635,0,0,3476,87933,1815,33992,3476,121925,California
San Francisco,2021-02-13,4271,160245,2484,84823,1787,75422,0,0,2948,89562,1321,35313,2950,124875,California
San Francisco,2021-02-14,3416,163661,2240,87063,1176,76598,0,0,2299,90746,1116,36429,2300,127175,California
San Francisco,2021-02-15,2750,166411,1490,88553,1260,77858,0,0,1667,91333,1082,37511,1669,128844,California
San Francisco,2021-02-16,4973,171384,2730,91283,2243,80101,0,0,2969,92311,1997,39508,2975,131819,California
San Francisco,2021-02-17,5409,176793,2701,93984,2708,82809,0,0,2983,92875,2419,41927,2983,134802,California
San Francisco,2021-02-18,5366,182159,2634,96618,2732,85541,0,0,2831,93172,2535,44462,2832,137634,California
San Francisco,2021-02-19,5619,187778,2638,99256,2981,88522,0,0,2927,93414,2685,47147,2927,140561,California
San Francisco,2021-02-20,4504,192282,2169,101425,2335,90857,0,0,1701,92322,2794,49941,1702,142263,California
San Francisco,2021-02-21,2697,194979,1338,102763,1359,92216,0,0,1124,91877,1569,51510,1124,143387,California
San Francisco,2021-02-22,5063,200042,3149,105912,1914,94130,0,0,2536,91894,2521,54031,2538,145925,California
San Francisco,2021-02-23,5423,205465,3078,108990,2345,96475,0,0,2770,92017,2648,56679,2771,148696,California
San Francisco,2021-02-24,8950,214415,5072,114062,3878,100353,0,0,4780,92638,4160,60839,4781,153477,California
San Francisco,2021-02-25,9734,224149,6851,120913,2883,103236,0,0,6291,95487,3443,64282,6292,159769,California
San Francisco,2021-02-26,11818,235967,7715,128628,4103,107339,0,0,6991,97654,4825,69107,6992,166761,California
San Francisco,2021-02-27,8811,244778,5620,134248,3190,110529,1,1,4453,97763,4348,73455,4457,171218,California
San Francisco,2021-02-28,7657,252435,5489,139737,2168,112697,0,1,3824,97757,3831,77286,3825,175043,California
San Francisco,2021-03-01,10488,262923,7090,146827,3398,116095,0,1,5092,97473,5378,82664,5094,180137,California
San Francisco,2021-03-02,8701,271624,5544,152371,3157,119252,0,1,5053,98885,3642,86306,5054,185191,California
San Francisco,2021-03-03,10276,281900,5984,158355,4292,123544,0,1,5432,99481,4836,91142,5432,190623,California
San Francisco,2021-03-04,7843,289743,5160,163515,2683,126227,0,1,4356,100356,3481,94623,4356,194979,California
San Francisco,2021-03-05,7758,297501,4813,168328,2942,129169,3,4,4844,102304,2902,97525,4850,199829,California
San Francisco,2021-03-06,6776,304277,4370,172698,2197,131366,209,213,4241,104207,2546,100071,4449,204278,California
San Francisco,2021-03-07,5073,309350,3941,176639,1071,132437,61,274,2842,104867,2244,102315,2904,207182,California
San Francisco,2021-03-08,6984,316334,5065,181704,1757,134194,162,436,5475,108964,1542,103857,5639,212821,California
San Francisco,2021-03-09,6609,322943,3820,185524,2411,136605,378,814,4509,111742,2108,105965,4886,217707,California
San Francisco,2021-03-10,10070,333013,5721,191245,3869,140474,480,1294,6170,114510,3885,109850,6653,224360,California
San Francisco,2021-03-11,9278,342291,5761,197006,2694,143168,823,2117,6096,118257,3170,113020,6917,231277,California
San Francisco,2021-03-12,9363,351654,5436,202442,2893,146061,1034,3151,5301,120557,4037,117057,6337,237614,California
San Francisco,2021-03-13,5923,357577,3554,205996,1412,147473,957,4108,3725,123046,2194,119251,4683,242297,California
San Francisco,2021-03-14,7247,364824,4713,210709,2301,149774,233,4341,3927,123895,3311,122562,4160,246457,California
San Francisco,2021-03-15,11913,376737,9011,219720,1969,151743,933,5274,8266,129457,3636,126198,9198,255655,California
San Francisco,2021-03-16,12004,388741,8177,227897,3371,155114,456,5730,8762,135443,3229,129427,9215,264870,California
San Francisco,2021-03-17,12812,401553,8017,235914,4257,159371,538,6268,9251,141693,3541,132968,9791,274661,California
San Francisco,2021-03-18,8713,410266,5977,241891,2220,161591,516,6784,4899,143311,3797,136765,5415,280076,California
San Francisco,2021-03-19,10453,420719,7761,249652,2331,163922,361,7145,5618,144475,4816,141581,5980,286056,California
San Francisco,2021-03-20,5857,426576,4291,253943,1294,165216,272,7417,3631,146171,2211,143792,3907,289963,California
San Francisco,2021-03-21,6208,432784,5637,259580,439,165655,132,7549,3553,147208,2649,146441,3686,293649,California
San Francisco,2021-03-22,9650,442434,6798,266378,2032,167687,820,8369,5113,148625,4515,150956,5932,299581,California
San Francisco,2021-03-23,11158,453592,7360,273738,3159,170846,639,9008,6817,151776,4315,155271,7466,307047,California
San Francisco,2021-03-24,12093,465685,9167,282905,2395,173241,531,9539,6354,153000,5709,160980,6933,313980,California
San Francisco,2021-03-25,11580,477265,8412,291317,2652,175893,516,10055,5919,153871,5607,166587,6478,320458,California
San Francisco,2021-03-26,11595,488860,8000,299317,3375,179268,220,10275,6122,154850,5448,172035,6427,326885,California
San Francisco,2021-03-27,8084,496944,5608,304925,2290,181558,186,10461,3635,154305,4436,176471,3891,330776,California
San Francisco,2021-03-28,6358,503302,5034,309959,1284,182842,40,10501,3047,154106,3294,179765,3095,333871,California
San Francisco,2021-03-29,10959,514261,7653,317612,3125,185967,181,10682,4975,153333,5966,185731,5193,339064,California
San Francisco,2021-03-30,9016,523277,5722,323334,3049,189016,245,10927,5683,155964,3319,189050,5950,345014,California
San Joaquin,2020-12-15,12,12,12,12,0,0,0,0,12,12,0,0,12,12,California
San Joaquin,2020-12-16,436,448,436,448,0,0,0,0,436,448,0,0,436,448,California
San Joaquin,2020-12-17,385,833,385,833,0,0,0,0,385,833,0,0,385,833,California
San Joaquin,2020-12-18,574,1407,549,1382,25,25,0,0,574,1407,0,0,574,1407,California
San Joaquin,2020-12-19,201,1608,201,1583,0,25,0,0,201,1608,0,0,201,1608,California
San Joaquin,2020-12-20,112,1720,112,1695,0,25,0,0,112,1720,0,0,112,1720,California
San Joaquin,2020-12-21,556,2276,551,2246,5,30,0,0,556,2276,0,0,556,2276,California
San Joaquin,2020-12-22,1054,3330,895,3141,159,189,0,0,1053,3329,0,0,1053,3329,California
San Joaquin,2020-12-23,1023,4353,956,4097,67,256,0,0,1021,4350,0,0,1021,4350,California
San Joaquin,2020-12-24,221,4574,193,4290,28,284,0,0,220,4570,0,0,220,4570,California
San Joaquin,2020-12-25,14,4588,14,4304,0,284,0,0,14,4584,0,0,14,4584,California
San Joaquin,2020-12-26,100,4688,28,4332,72,356,0,0,100,4684,0,0,100,4684,California
San Joaquin,2020-12-27,40,4728,29,4361,11,367,0,0,40,4724,0,0,40,4724,California
San Joaquin,2020-12-28,646,5374,440,4801,206,573,0,0,646,5370,0,0,646,5370,California
San Joaquin,2020-12-29,874,6248,738,5539,136,709,0,0,874,6244,0,0,874,6244,California
San Joaquin,2020-12-30,1047,7295,742,6281,305,1014,0,0,1046,7290,0,0,1046,7290,California
San Joaquin,2020-12-31,449,7744,200,6481,249,1263,0,0,450,7740,0,0,450,7740,California
San Joaquin,2021-01-01,16,7760,10,6491,6,1269,0,0,16,7756,0,0,16,7756,California
San Joaquin,2021-01-02,249,8009,227,6718,22,1291,0,0,248,8004,0,0,248,8004,California
San Joaquin,2021-01-03,34,8043,17,6735,17,1308,0,0,33,8036,1,1,33,8037,California
San Joaquin,2021-01-04,484,8527,341,7076,143,1451,0,0,481,8517,0,1,481,8518,California
San Joaquin,2021-01-05,1019,9546,711,7787,308,1759,0,0,848,9196,172,173,851,9369,California
San Joaquin,2021-01-06,1303,10849,784,8571,519,2278,0,0,938,9778,360,533,942,10311,California
San Joaquin,2021-01-07,1128,11977,717,9288,411,2689,0,0,805,10265,319,852,806,11117,California
San Joaquin,2021-01-08,1337,13314,947,10235,390,3079,0,0,806,10545,527,1379,807,11924,California
San Joaquin,2021-01-09,372,13686,298,10533,74,3153,0,0,244,10661,128,1507,244,12168,California
San Joaquin,2021-01-10,217,13903,111,10644,106,3259,0,0,167,10778,50,1557,167,12335,California
San Joaquin,2021-01-11,1566,15469,1358,12002,208,3467,0,0,921,11060,644,2201,926,13261,California
San Joaquin,2021-01-12,1520,16989,1082,13084,438,3905,0,0,759,11069,759,2960,768,14029,California
San Joaquin,2021-01-13,1480,18469,843,13927,637,4542,0,0,959,11509,522,3482,962,14991,California
San Joaquin,2021-01-14,1586,20055,903,14830,683,5225,0,0,1221,12402,334,3816,1227,16218,California
San Joaquin,2021-01-15,1573,21628,681,15511,892,6117,0,0,1325,13502,227,4043,1327,17545,California
San Joaquin,2021-01-16,1173,22801,193,15704,980,7097,0,0,1148,14625,25,4068,1148,18693,California
San Joaquin,2021-01-17,1648,24449,125,15829,1523,8620,0,0,1619,16217,29,4097,1621,20314,California
San Joaquin,2021-01-18,720,25169,239,16068,481,9101,0,0,598,16697,118,4215,598,20912,California
San Joaquin,2021-01-19,1887,27056,897,16965,990,10091,0,0,1180,17178,704,4919,1185,22097,California
San Joaquin,2021-01-20,2138,29194,1315,18280,823,10914,0,0,1461,17969,676,5595,1467,23564,California
San Joaquin,2021-01-21,2002,31196,937,19217,1065,11979,0,0,1580,19138,417,6012,1586,25150,California
San Joaquin,2021-01-22,1982,33178,967,20184,1015,12994,0,0,1836,20835,143,6155,1840,26990,California
San Joaquin,2021-01-23,933,34111,401,20585,532,13526,0,0,661,21228,270,6425,663,27653,California
San Joaquin,2021-01-24,338,34449,129,20714,209,13735,0,0,317,21526,19,6444,317,27970,California
San Joaquin,2021-01-25,2011,36460,1173,21887,838,14573,0,0,1436,22392,574,7018,1440,29410,California
San Joaquin,2021-01-26,2198,38658,1161,23048,1037,15610,0,0,1558,23317,637,7655,1562,30972,California
San Joaquin,2021-01-27,1814,40472,819,23867,995,16605,0,0,1305,24121,506,8161,1310,32282,California
San Joaquin,2021-01-28,2144,42616,850,24717,1294,17899,0,0,1464,24910,678,8839,1467,33749,California
San Joaquin,2021-01-29,2271,44887,1143,25860,1128,19027,0,0,1892,26435,374,9213,1899,35648,California
San Joaquin,2021-01-30,2385,47272,332,26192,2053,21080,0,0,2205,28481,161,9374,2207,37855,California
San Joaquin,2021-01-31,1573,48845,181,26373,1392,22472,0,0,1496,29916,62,9436,1497,39352,California
San Joaquin,2021-02-01,2638,51483,1416,27789,1222,23694,0,0,1864,31012,769,10205,1865,41217,California
San Joaquin,2021-02-02,2706,54189,1244,29033,1462,25156,0,0,2076,32470,622,10827,2080,43297,California
San Joaquin,2021-02-03,3190,57379,1308,30341,1882,27038,0,0,2301,33892,884,11711,2306,45603,California
San Joaquin,2021-02-04,3558,60937,1810,32151,1748,28786,0,0,2744,35831,808,12519,2747,48350,California
San Joaquin,2021-02-05,3369,64306,1961,34112,1408,30194,0,0,2500,37468,866,13385,2503,50853,California
San Joaquin,2021-02-06,1131,65437,789,34901,342,30536,0,0,960,38261,169,13554,962,51815,California
San Joaquin,2021-02-07,613,66050,486,35387,127,30663,0,0,418,38491,188,13742,418,52233,California
San Joaquin,2021-02-08,1770,67820,1079,36466,691,31354,0,0,1467,39657,306,14048,1472,53705,California
San Joaquin,2021-02-09,2096,69916,1181,37647,915,32269,0,0,1640,40847,453,14501,1643,55348,California
San Joaquin,2021-02-10,2663,72579,1309,38956,1354,33623,0,0,1404,41019,1232,15733,1404,56752,California
San Joaquin,2021-02-11,2958,75537,1565,40521,1393,35016,0,0,1798,41682,1140,16873,1803,58555,California
San Joaquin,2021-02-12,2851,78388,1202,41723,1649,36665,0,0,1695,42232,1149,18022,1699,60254,California
San Joaquin,2021-02-13,2129,80517,404,42127,1725,38390,0,0,853,41826,1267,19289,861,61115,California
San Joaquin,2021-02-14,1887,82404,257,42384,1630,40020,0,0,682,41317,1192,20481,683,61798,California
San Joaquin,2021-02-15,1957,84361,822,43206,1135,41155,0,0,1185,41757,750,21231,1190,62988,California
San Joaquin,2021-02-16,3179,87540,1446,44652,1733,42888,0,0,1726,42047,1443,22674,1733,64721,California
San Joaquin,2021-02-17,3394,90934,1366,46018,2028,44916,0,0,1932,42535,1448,24122,1936,66657,California
San Joaquin,2021-02-18,3520,94454,1501,47519,2019,46935,0,0,2016,43077,1482,25604,2024,68681,California
San Joaquin,2021-02-19,4678,99132,2774,50293,1904,48839,0,0,2813,44062,1829,27433,2814,71495,California
San Joaquin,2021-02-20,1654,100786,637,50930,1017,49856,0,0,1146,44703,505,27938,1146,72641,California
San Joaquin,2021-02-21,609,101395,449,51379,160,50016,0,0,394,44883,215,28153,395,73036,California
San Joaquin,2021-02-22,4093,105488,3015,54394,1078,51094,0,0,3061,46943,1006,29159,3066,76102,California
San Joaquin,2021-02-23,4882,110370,3274,57668,1608,52702,0,0,3278,48657,1581,30740,3295,79397,California
San Joaquin,2021-02-24,6720,117090,4294,61962,2426,55128,0,0,5012,51997,1686,32426,5026,84423,California
San Joaquin,2021-02-25,7178,124268,4789,66751,2389,57517,0,0,4882,54623,2271,34697,4897,89320,California
San Joaquin,2021-02-26,6031,130299,3376,70127,2655,60172,0,0,4258,57152,1741,36438,4270,93590,California
San Joaquin,2021-02-27,5591,135890,1607,71734,3984,64156,0,0,2639,56889,2917,39355,2654,96244,California
San Joaquin,2021-02-28,3018,138908,1091,72825,1927,66083,0,0,1984,57858,1022,40377,1991,98235,California
San Joaquin,2021-03-01,4187,143095,1823,74648,2364,68447,0,0,2269,58234,1901,42278,2277,100512,California
San Joaquin,2021-03-02,4174,147269,1681,76329,2493,70940,0,0,2565,59275,1596,43874,2637,103149,California
San Joaquin,2021-03-03,6064,153333,3866,80195,2196,73136,2,2,4434,62106,1610,45484,4441,107590,California
San Joaquin,2021-03-04,5184,158517,2409,82604,2774,75910,1,3,3119,63266,1969,47453,3129,110719,California
San Joaquin,2021-03-05,4280,162797,1906,84510,2372,78282,2,5,2927,64862,1340,48793,2936,113655,California
San Joaquin,2021-03-06,3440,166237,2355,86865,963,79245,122,127,2859,67281,575,49368,2994,116649,California
San Joaquin,2021-03-07,1209,167446,545,87410,623,79868,41,168,939,67993,254,49622,966,117615,California
San Joaquin,2021-03-08,2961,170407,1198,88608,1660,81528,103,271,2001,69153,953,50575,2113,119728,California
San Joaquin,2021-03-09,4254,174661,1883,90491,2250,83778,121,392,2711,70463,1527,52102,2837,122565,California
San Joaquin,2021-03-10,5032,179693,2638,93129,2269,86047,125,517,3567,72707,1448,53550,3692,126257,California
San Joaquin,2021-03-11,5216,184909,2484,95613,2153,88200,579,1096,2886,73863,2315,55865,3471,129728,California
San Joaquin,2021-03-12,6616,191525,3491,99104,2848,91048,277,1373,3911,75472,2685,58550,4294,134022,California
San Joaquin,2021-03-13,3015,194540,1532,100636,1363,92411,120,1493,2128,76918,880,59430,2326,136348,California
San Joaquin,2021-03-14,1827,196367,584,101220,949,93360,294,1787,938,77270,885,60315,1237,137585,California
San Joaquin,2021-03-15,6588,202955,4032,105252,2159,95519,397,2184,3252,77625,3320,63635,3675,141260,California
San Joaquin,2021-03-16,7684,210639,4709,109961,2729,98248,246,2430,4310,78830,3365,67000,4570,145830,California
San Joaquin,2021-03-17,8929,219568,5795,115756,3062,101310,72,2502,4686,79376,4224,71224,4770,150600,California
San Joaquin,2021-03-18,8428,227996,5340,121096,2592,103902,496,2998,3879,79237,4516,75740,4377,154977,California
San Joaquin,2021-03-19,8330,236326,5013,126109,2785,106687,532,3530,4801,81103,3512,79252,5378,160355,California
San Joaquin,2021-03-20,3509,239835,1946,128055,1343,108030,220,3750,1738,81330,1753,81005,1980,162335,California
San Joaquin,2021-03-21,2309,242144,1667,129722,430,108460,212,3962,1386,82078,919,81924,1667,164002,California
San Joaquin,2021-03-22,4315,246459,2320,132042,1584,110044,411,4373,2717,83627,1588,83512,3137,167139,California
San Joaquin,2021-03-23,5438,251897,2812,134854,2466,112510,160,4533,3809,85990,1614,85126,3977,171116,California
San Joaquin,2021-03-24,7163,259060,4551,139405,2527,115037,85,4618,3053,85056,4093,89219,3159,174275,California
San Joaquin,2021-03-25,5183,264243,2864,142269,2282,117319,37,4655,3071,86094,2094,91313,3132,177407,California
San Joaquin,2021-03-26,5211,269454,1609,143878,3552,120871,50,4705,2399,85817,2780,94093,2503,179910,California
San Joaquin,2021-03-27,4053,273507,2075,145953,1939,122810,39,4744,1482,84822,2553,96646,1558,181468,California
San Joaquin,2021-03-28,2483,275990,1556,147509,900,123710,27,4771,1136,84749,1333,97979,1260,182728,California
San Joaquin,2021-03-29,3517,279507,1923,149432,1568,125278,26,4797,1752,84820,1751,99730,1822,184550,California
San Joaquin,2021-03-30,3082,282589,1722,151154,1336,126614,24,4821,1640,85065,1435,101165,1680,186230,California
San Luis Obispo,2020-12-16,4,4,4,4,0,0,0,0,4,4,0,0,4,4,California
San Luis Obispo,2020-12-17,196,200,196,200,0,0,0,0,196,200,0,0,196,200,California
San Luis Obispo,2020-12-18,223,423,223,423,0,0,0,0,223,423,0,0,223,423,California
San Luis Obispo,2020-12-19,164,587,164,587,0,0,0,0,164,587,0,0,164,587,California
San Luis Obispo,2020-12-20,215,802,215,802,0,0,0,0,215,802,0,0,215,802,California
San Luis Obispo,2020-12-21,552,1354,552,1354,0,0,0,0,552,1354,0,0,552,1354,California
San Luis Obispo,2020-12-22,307,1661,303,1657,4,4,0,0,307,1661,0,0,307,1661,California
San Luis Obispo,2020-12-23,683,2344,370,2027,313,317,0,0,683,2344,0,0,683,2344,California
San Luis Obispo,2020-12-24,195,2539,19,2046,176,493,0,0,195,2539,0,0,195,2539,California
San Luis Obispo,2020-12-25,2,2541,1,2047,1,494,0,0,2,2541,0,0,2,2541,California
San Luis Obispo,2020-12-26,90,2631,12,2059,78,572,0,0,90,2631,0,0,90,2631,California
San Luis Obispo,2020-12-27,75,2706,0,2059,75,647,0,0,75,2706,0,0,75,2706,California
San Luis Obispo,2020-12-28,878,3584,431,2490,447,1094,0,0,878,3584,0,0,878,3584,California
San Luis Obispo,2020-12-29,903,4487,502,2992,401,1495,0,0,903,4487,0,0,903,4487,California
San Luis Obispo,2020-12-30,1175,5662,682,3674,493,1988,0,0,1175,5662,0,0,1175,5662,California
San Luis Obispo,2020-12-31,106,5768,4,3678,102,2090,0,0,106,5768,0,0,106,5768,California
San Luis Obispo,2021-01-01,11,5779,7,3685,4,2094,0,0,11,5779,0,0,11,5779,California
San Luis Obispo,2021-01-02,31,5810,7,3692,24,2118,0,0,31,5810,0,0,31,5810,California
San Luis Obispo,2021-01-03,16,5826,6,3698,10,2128,0,0,16,5826,0,0,16,5826,California
San Luis Obispo,2021-01-04,675,6501,525,4223,150,2278,0,0,675,6501,0,0,675,6501,California
San Luis Obispo,2021-01-05,978,7479,760,4983,218,2496,0,0,976,7475,2,2,976,7477,California
San Luis Obispo,2021-01-06,727,8206,482,5465,245,2741,0,0,719,8187,7,9,719,8196,California
San Luis Obispo,2021-01-07,1129,9335,950,6415,179,2920,0,0,687,8432,442,451,687,8883,California
San Luis Obispo,2021-01-08,881,10216,805,7220,76,2996,0,0,511,8575,369,820,512,9395,California
San Luis Obispo,2021-01-09,206,10422,198,7418,8,3004,0,0,28,8425,178,998,28,9423,California
San Luis Obispo,2021-01-10,11,10433,7,7425,4,3008,0,0,7,8428,4,1002,7,9430,California
San Luis Obispo,2021-01-11,526,10959,476,7901,50,3058,0,0,264,8431,261,1263,264,9694,California
San Luis Obispo,2021-01-12,598,11557,380,8281,218,3276,0,0,320,8473,278,1541,320,10014,California
San Luis Obispo,2021-01-13,881,12438,254,8535,627,3903,0,0,642,8878,237,1778,642,10656,California
San Luis Obispo,2021-01-14,729,13167,241,8776,488,4391,0,0,604,9370,112,1890,604,11260,California
San Luis Obispo,2021-01-15,735,13902,292,9068,443,4834,0,0,557,9754,173,2063,557,11817,California
San Luis Obispo,2021-01-16,99,14001,81,9149,18,4852,0,0,94,9843,5,2068,94,11911,California
San Luis Obispo,2021-01-17,66,14067,60,9209,6,4858,0,0,66,9909,0,2068,66,11977,California
San Luis Obispo,2021-01-18,1372,15439,389,9598,983,5841,0,0,1110,10757,262,2330,1110,13087,California
San Luis Obispo,2021-01-19,1583,17022,418,10016,1165,7006,0,0,1175,11524,408,2738,1175,14262,California
San Luis Obispo,2021-01-20,1882,18904,598,10614,1284,8290,0,0,1292,12229,588,3326,1293,15555,California
San Luis Obispo,2021-01-21,1568,20472,466,11080,1102,9392,0,0,1196,13056,369,3695,1196,16751,California
San Luis Obispo,2021-01-22,1516,21988,508,11588,1008,10400,0,0,1201,13944,313,4008,1201,17952,California
San Luis Obispo,2021-01-23,309,22297,292,11880,17,10417,0,0,294,14223,15,4023,294,18246,California
San Luis Obispo,2021-01-24,243,22540,238,12118,5,10422,0,0,238,14455,6,4029,238,18484,California
San Luis Obispo,2021-01-25,2069,24609,605,12723,1464,11886,0,0,1241,14870,828,4857,1243,19727,California
San Luis Obispo,2021-01-26,1998,26607,702,13425,1296,13182,0,0,1131,15136,865,5722,1131,20858,California
San Luis Obispo,2021-01-27,1609,28216,277,13702,1332,14514,0,0,1146,15819,463,6185,1146,22004,California
San Luis Obispo,2021-01-28,1475,29691,336,14038,1139,15653,0,0,1213,16771,261,6446,1213,23217,California
San Luis Obispo,2021-01-29,1724,31415,676,14714,1048,16701,0,0,1442,17931,282,6728,1442,24659,California
San Luis Obispo,2021-01-30,35,31450,16,14730,19,16720,0,0,25,17947,9,6737,25,24684,California
San Luis Obispo,2021-01-31,25,31475,20,14750,5,16725,0,0,22,17966,3,6740,22,24706,California
San Luis Obispo,2021-02-01,1648,33123,699,15449,949,17674,0,0,1380,19078,268,7008,1380,26086,California
San Luis Obispo,2021-02-02,1888,35011,672,16121,1216,18890,0,0,1511,20213,376,7384,1511,27597,California
San Luis Obispo,2021-02-03,1697,36708,726,16847,971,19861,0,0,1286,21088,411,7795,1286,28883,California
San Luis Obispo,2021-02-04,1654,38362,800,17647,854,20715,0,0,1088,21611,565,8360,1088,29971,California
San Luis Obispo,2021-02-05,1591,39953,719,18366,872,21587,0,0,1047,22114,545,8905,1048,31019,California
San Luis Obispo,2021-02-06,158,40111,92,18458,66,21653,0,0,94,22144,64,8969,94,31113,California
San Luis Obispo,2021-02-07,142,40253,97,18555,45,21698,0,0,73,22148,69,9038,73,31186,California
San Luis Obispo,2021-02-08,849,41102,463,19018,386,22084,0,0,490,22280,358,9396,490,31676,California
San Luis Obispo,2021-02-09,1118,42220,445,19463,673,22757,0,0,537,22248,576,9972,544,32220,California
San Luis Obispo,2021-02-10,1424,43644,487,19950,937,23694,0,0,520,21870,901,10873,523,32743,California
San Luis Obispo,2021-02-11,1326,44970,839,20789,487,24181,0,0,653,21853,670,11543,653,33396,California
San Luis Obispo,2021-02-12,776,45746,357,21146,419,24600,0,0,410,21897,366,11909,410,33806,California
San Luis Obispo,2021-02-13,385,46131,124,21270,261,24861,0,0,278,22069,106,12015,278,34084,California
San Luis Obispo,2021-02-14,308,46439,42,21312,266,25127,0,0,271,22303,37,12052,271,34355,California
San Luis Obispo,2021-02-15,708,47147,133,21445,575,25702,0,0,455,22508,250,12302,455,34810,California
San Luis Obispo,2021-02-16,2955,50102,1189,22634,1766,27468,0,0,1350,22262,1596,13898,1350,36160,California
San Luis Obispo,2021-02-17,2758,52860,1223,23857,1535,29003,0,0,1023,21557,1728,15626,1023,37183,California
San Luis Obispo,2021-02-18,2808,55668,1442,25299,1366,30369,0,0,1124,21004,1677,17303,1124,38307,California
San Luis Obispo,2021-02-19,1436,57104,1318,26617,118,30487,0,0,1114,21798,321,17624,1115,39422,California
San Luis Obispo,2021-02-20,253,57357,84,26701,169,30656,0,0,217,21979,36,17660,217,39639,California
San Luis Obispo,2021-02-21,44,57401,41,26742,3,30659,0,0,28,21991,16,17676,28,39667,California
San Luis Obispo,2021-02-22,2397,59798,1850,28592,547,31206,0,0,1463,22520,934,18610,1463,41130,California
San Luis Obispo,2021-02-23,1852,61650,1739,30331,113,31319,0,0,1366,23402,484,19094,1366,42496,California
San Luis Obispo,2021-02-24,2635,64285,1294,31625,1341,32660,0,0,832,22433,1801,20895,832,43328,California
San Luis Obispo,2021-02-25,2118,66403,1238,32863,880,33540,0,0,1199,22720,913,21808,1200,44528,California
San Luis Obispo,2021-02-26,2606,69009,1128,33991,1478,35018,0,0,1310,22739,1291,23099,1310,45838,California
San Luis Obispo,2021-02-27,568,69577,344,34335,224,35242,0,0,521,23213,47,23146,521,46359,California
San Luis Obispo,2021-02-28,196,69773,73,34408,123,35365,0,0,165,23351,27,23173,165,46524,California
San Luis Obispo,2021-03-01,2886,72659,1784,36192,1101,36466,1,1,1980,24428,906,24079,1983,48507,California
San Luis Obispo,2021-03-02,2737,75396,1686,37878,1051,37517,0,1,1654,25002,1081,25160,1655,50162,California
San Luis Obispo,2021-03-03,2063,77459,291,38169,1772,39289,0,1,689,24321,1371,26531,690,50852,California
San Luis Obispo,2021-03-04,1969,79428,1005,39174,964,40253,0,1,1021,24399,946,27477,1024,51876,California
San Luis Obispo,2021-03-05,2097,81525,888,40062,1140,41393,69,70,1150,24678,940,28417,1219,53095,California
San Luis Obispo,2021-03-06,804,82329,303,40365,405,41798,96,166,601,25166,203,28620,691,53786,California
San Luis Obispo,2021-03-07,205,82534,35,40400,91,41889,79,245,81,25204,123,28743,161,53947,California
San Luis Obispo,2021-03-08,2496,85030,724,41124,1472,43361,300,545,1346,25705,1149,29892,1650,55597,California
San Luis Obispo,2021-03-09,2714,87744,894,42018,1577,44938,243,788,1349,25935,1362,31254,1592,57189,California
San Luis Obispo,2021-03-10,2601,90345,985,43003,1437,46375,179,967,1387,26288,1213,32467,1566,58755,California
San Luis Obispo,2021-03-11,2633,92978,1108,44111,1246,47621,279,1246,1417,26771,1212,33679,1695,60450,California
San Luis Obispo,2021-03-12,2657,95635,1172,45283,1227,48848,258,1504,1299,26976,1354,35033,1559,62009,California
San Luis Obispo,2021-03-13,558,96193,227,45510,220,49068,111,1615,342,27212,216,35249,452,62461,California
San Luis Obispo,2021-03-14,319,96512,41,45551,171,49239,107,1722,77,27155,241,35490,184,62645,California
San Luis Obispo,2021-03-15,2753,99265,1047,46598,1615,50854,91,1813,1284,27065,1466,36956,1376,64021,California
San Luis Obispo,2021-03-16,2590,101855,1436,48034,1055,51909,99,1912,1252,27083,1333,38289,1351,65372,California
San Luis Obispo,2021-03-17,3001,104856,1345,49379,1424,53333,232,2144,1654,27626,1343,39632,1886,67258,California
San Luis Obispo,2021-03-18,2274,107130,1255,50634,842,54175,177,2321,962,27455,1311,40943,1140,68398,California
San Luis Obispo,2021-03-19,2189,109319,1360,51994,523,54698,306,2627,710,26997,1478,42421,1020,69418,California
San Luis Obispo,2021-03-20,714,110033,463,52457,217,54915,34,2661,312,26942,401,42822,346,69764,California
San Luis Obispo,2021-03-21,184,110217,49,52506,132,55047,3,2664,157,27075,27,42849,160,69924,California
San Luis Obispo,2021-03-22,2519,112736,1146,53652,1336,56383,37,2701,1718,28062,800,43649,1787,71711,California
San Luis Obispo,2021-03-23,3266,116002,2165,55817,1088,57471,13,2714,2177,29223,1086,44735,2247,73958,California
San Luis Obispo,2021-03-24,3320,119322,2039,57856,1210,58681,71,2785,2481,30989,835,45570,2601,76559,California
San Luis Obispo,2021-03-25,3529,122851,2257,60113,1262,59943,10,2795,2524,32596,1005,46575,2612,79171,California
San Luis Obispo,2021-03-26,3086,125937,1730,61843,934,60877,422,3217,1723,33441,1361,47936,2206,81377,California
San Luis Obispo,2021-03-27,966,126903,500,62343,387,61264,79,3296,450,33457,516,48452,532,81909,California
San Luis Obispo,2021-03-28,445,127348,154,62497,237,61501,54,3350,241,33549,204,48656,296,82205,California
San Luis Obispo,2021-03-29,2333,129681,1052,63549,1152,62653,129,3479,1498,34393,825,49481,1669,83874,California
San Luis Obispo,2021-03-30,1005,130686,471,64020,520,63173,14,3493,686,34802,319,49800,728,84602,California
San Mateo,2020-12-15,25,25,25,25,0,0,0,0,25,25,0,0,25,25,California
San Mateo,2020-12-16,105,130,105,130,0,0,0,0,105,130,0,0,105,130,California
San Mateo,2020-12-17,178,308,178,308,0,0,0,0,178,308,0,0,178,308,California
San Mateo,2020-12-18,768,1076,766,1074,2,2,0,0,767,1074,1,1,767,1075,California
San Mateo,2020-12-19,525,1601,525,1599,0,2,0,0,525,1599,0,1,525,1600,California
San Mateo,2020-12-20,513,2114,512,2111,1,3,0,0,513,2112,0,1,513,2113,California
San Mateo,2020-12-21,1155,3269,1155,3266,0,3,0,0,1155,3267,0,1,1155,3268,California
San Mateo,2020-12-22,1508,4777,1501,4767,7,10,0,0,1508,4775,0,1,1508,4776,California
San Mateo,2020-12-23,1561,6338,1375,6142,186,196,0,0,1561,6336,0,1,1561,6337,California
San Mateo,2020-12-24,858,7196,603,6745,255,451,0,0,858,7194,0,1,858,7195,California
San Mateo,2020-12-25,112,7308,108,6853,4,455,0,0,112,7306,0,1,112,7307,California
San Mateo,2020-12-26,554,7862,411,7264,143,598,0,0,554,7860,0,1,554,7861,California
San Mateo,2020-12-27,297,8159,168,7432,129,727,0,0,297,8157,0,1,297,8158,California
San Mateo,2020-12-28,1038,9197,693,8125,345,1072,0,0,1038,9195,0,1,1038,9196,California
San Mateo,2020-12-29,1120,10317,703,8828,417,1489,0,0,1120,10315,0,1,1120,10316,California
San Mateo,2020-12-30,1259,11576,757,9585,502,1991,0,0,1258,11572,1,2,1258,11574,California
San Mateo,2020-12-31,705,12281,222,9807,483,2474,0,0,704,12275,1,3,704,12278,California
San Mateo,2021-01-01,34,12315,29,9836,5,2479,0,0,34,12309,0,3,34,12312,California
San Mateo,2021-01-02,395,12710,266,10102,129,2608,0,0,395,12704,0,3,395,12707,California
San Mateo,2021-01-03,280,12990,206,10308,74,2682,0,0,276,12976,4,7,276,12983,California
San Mateo,2021-01-04,1049,14039,676,10984,373,3055,0,0,1048,14023,1,8,1048,14031,California
San Mateo,2021-01-05,1182,15221,694,11678,488,3543,0,0,1154,15150,28,36,1155,15186,California
San Mateo,2021-01-06,1440,16661,948,12626,492,4035,0,0,1259,16231,178,214,1259,16445,California
San Mateo,2021-01-07,1419,18080,773,13399,646,4681,0,0,1142,17105,270,484,1144,17589,California
San Mateo,2021-01-08,1814,19894,1169,14568,645,5326,0,0,1130,17556,680,1164,1131,18720,California
San Mateo,2021-01-09,1188,21082,787,15355,401,5727,0,0,740,17848,448,1612,740,19460,California
San Mateo,2021-01-10,679,21761,551,15906,128,5855,0,0,256,17681,423,2035,256,19716,California
San Mateo,2021-01-11,2410,24171,1305,17211,1105,6960,0,0,1501,18274,910,2945,1503,21219,California
San Mateo,2021-01-12,3274,27445,1762,18973,1512,8472,0,0,2090,19184,1184,4129,2094,23313,California
San Mateo,2021-01-13,3461,30906,1745,20718,1716,10188,0,0,2435,20595,1026,5155,2437,25750,California
San Mateo,2021-01-14,3758,34664,1566,22284,2192,12380,0,0,3085,23013,672,5827,3090,28840,California
San Mateo,2021-01-15,4378,39042,1806,24090,2572,14952,0,0,3795,26232,581,6408,3800,32640,California
San Mateo,2021-01-16,3128,42170,820,24910,2308,17260,0,0,2773,28651,355,6763,2774,35414,California
San Mateo,2021-01-17,1316,43486,308,25218,1008,18268,0,0,1112,29559,204,6967,1112,36526,California
San Mateo,2021-01-18,1394,44880,556,25774,838,19106,0,0,990,30153,402,7369,996,37522,California
San Mateo,2021-01-19,2775,47655,1766,27540,1009,20115,0,0,1998,31380,776,8145,2003,39525,California
San Mateo,2021-01-20,2636,50291,1390,28930,1246,21361,0,0,1803,32356,828,8973,1804,41329,California
San Mateo,2021-01-21,2802,53093,1279,30209,1523,22884,0,0,2224,34008,577,9550,2229,43558,California
San Mateo,2021-01-22,2836,55929,1179,31388,1657,24541,0,0,2491,36156,343,9893,2491,46049,California
San Mateo,2021-01-23,2884,58813,1689,33077,1195,25736,0,0,2524,38321,360,10253,2525,48574,California
San Mateo,2021-01-24,1580,60393,396,33473,1184,26920,0,0,1252,39248,325,10578,1252,49826,California
San Mateo,2021-01-25,4392,64785,3115,36588,1277,28197,0,0,3532,41926,857,11435,3535,53361,California
San Mateo,2021-01-26,4294,69079,2994,39582,1300,29497,0,0,3378,44389,915,12350,3378,56739,California
San Mateo,2021-01-27,2747,71826,1433,41015,1314,30811,0,0,1778,45202,965,13315,1778,58517,California
San Mateo,2021-01-28,2790,74616,1357,42372,1433,32244,0,0,1936,46303,835,14150,1936,60453,California
San Mateo,2021-01-29,2901,77517,1270,43642,1631,33875,0,0,2131,47667,767,14917,2131,62584,California
San Mateo,2021-01-30,3229,80746,1334,44976,1895,35770,0,0,2912,50264,316,15233,2913,65497,California
San Mateo,2021-01-31,1908,82654,1125,46101,783,36553,0,0,1519,51400,384,15617,1520,67017,California
San Mateo,2021-02-01,2907,85561,1333,47434,1574,38127,0,0,2207,52914,696,16313,2210,69227,California
San Mateo,2021-02-02,3142,88703,1721,49155,1421,39548,0,0,2137,54047,1004,17317,2137,71364,California
San Mateo,2021-02-03,4863,93566,1937,51092,2926,42474,0,0,3816,56820,1044,18361,3817,75181,California
San Mateo,2021-02-04,6272,99838,2584,53676,3688,46162,0,0,4918,60392,1348,19709,4920,80101,California
San Mateo,2021-02-05,6765,106603,2545,56221,4220,50382,0,0,4947,63540,1800,21509,4948,85049,California
San Mateo,2021-02-06,3284,109887,1919,58140,1365,51747,0,0,2631,65519,653,22162,2632,87681,California
San Mateo,2021-02-07,1889,111776,1332,59472,557,52304,0,0,1704,67038,185,22347,1704,89385,California
San Mateo,2021-02-08,5259,117035,2234,61706,3025,55329,0,0,3084,68010,2112,24459,3084,92469,California
San Mateo,2021-02-09,6157,123192,3209,64915,2948,58277,0,0,3321,68499,2832,27291,3321,95790,California
San Mateo,2021-02-10,6497,129689,3281,68196,3216,61493,0,0,3544,69098,2945,30236,3544,99334,California
San Mateo,2021-02-11,6994,136683,3562,71758,3432,64925,0,0,3786,69686,3200,33436,3788,103122,California
San Mateo,2021-02-12,6575,143258,2949,74707,3626,68551,0,0,4677,72471,1893,35329,4678,107800,California
San Mateo,2021-02-13,6071,149329,3980,78687,2091,70642,0,0,2633,71668,3436,38765,2633,110433,California
San Mateo,2021-02-14,4618,153947,3012,81699,1606,72248,0,0,1964,70982,2651,41416,1965,112398,California
San Mateo,2021-02-15,3143,157090,1450,83149,1693,73941,0,0,1774,71392,1366,42782,1776,114174,California
San Mateo,2021-02-16,7118,164208,1856,85005,5262,79203,0,0,5274,74822,1844,44626,5274,119448,California
San Mateo,2021-02-17,7016,171224,1915,86920,5101,84304,0,0,5035,77882,1976,46602,5036,124484,California
San Mateo,2021-02-18,6649,177873,4617,91537,2032,86336,0,0,4421,80081,2223,48825,4422,128906,California
San Mateo,2021-02-19,7766,185639,5582,97119,2184,88520,0,0,5790,83898,1973,50798,5790,134696,California
San Mateo,2021-02-20,3710,189349,2394,99513,1316,89836,0,0,2292,84778,1412,52210,2292,136988,California
San Mateo,2021-02-21,2232,191581,1384,100897,848,90684,0,0,1224,84997,1005,53215,1224,138212,California
San Mateo,2021-02-22,4354,195935,3147,104044,1207,91891,0,0,2737,86126,1611,54826,2740,140952,California
San Mateo,2021-02-23,4208,200143,2981,107025,1227,93118,0,0,2421,86765,1784,56610,2423,143375,California
San Mateo,2021-02-24,7266,207409,3268,110293,3998,97116,0,0,4836,89179,2424,59034,4838,148213,California
San Mateo,2021-02-25,8928,216337,3976,114269,4952,102068,0,0,5895,92054,3021,62055,5896,154109,California
San Mateo,2021-02-26,9595,225932,3663,117932,5932,108000,0,0,6699,95868,2886,64941,6700,160809,California
San Mateo,2021-02-27,6601,232533,3385,121317,3216,111216,0,0,3568,96413,3029,67970,3574,164383,California
San Mateo,2021-02-28,4080,236613,2471,123788,1609,112825,0,0,2531,97399,1547,69517,2533,166916,California
San Mateo,2021-03-01,5579,242192,3504,127292,2075,114900,0,0,2768,97364,2803,72320,2768,169684,California
San Mateo,2021-03-02,5575,247767,3868,131160,1707,116607,0,0,3202,98203,2363,74683,3202,172886,California
San Mateo,2021-03-03,7635,255402,3554,134714,4081,120688,0,0,3121,96819,4506,79189,3122,176008,California
San Mateo,2021-03-04,7496,262898,3572,138286,3922,124610,2,2,3281,95904,4204,83393,3289,179297,California
San Mateo,2021-03-05,8088,270986,5577,143863,2509,127119,2,4,5838,99515,2236,85629,5847,185144,California
San Mateo,2021-03-06,7585,278571,5298,149161,2123,129242,164,168,5585,103274,1992,87621,5751,190895,California
San Mateo,2021-03-07,3421,281992,2275,151436,1074,130316,72,240,1961,103850,1457,89078,2033,192928,California
San Mateo,2021-03-08,4287,286279,2409,153845,1704,132020,174,414,3144,106033,1139,90217,3322,196250,California
San Mateo,2021-03-09,4451,290730,2073,155918,2098,134118,280,694,2912,107696,1529,91746,3192,199442,California
San Mateo,2021-03-10,6653,297383,2551,158469,3829,137947,273,967,4315,109961,2327,94073,4592,204034,California
San Mateo,2021-03-11,7299,304682,4098,162567,2863,140810,338,1305,3397,109806,3893,97966,3738,207772,California
San Mateo,2021-03-12,8182,312864,4685,167252,3221,144031,276,1581,3184,108284,4986,102952,3464,211236,California
San Mateo,2021-03-13,7327,320191,3148,170400,2639,146670,1540,3121,3614,109724,3711,106663,5151,216387,California
San Mateo,2021-03-14,4646,324837,3232,173632,1316,147986,98,3219,2849,110878,1793,108456,2947,219334,California
San Mateo,2021-03-15,7032,331869,4521,178153,2343,150329,168,3387,3789,111599,3236,111692,3957,223291,California
San Mateo,2021-03-16,10852,342721,4359,182512,6363,156692,130,3517,4824,110541,6015,117707,4957,228248,California
San Mateo,2021-03-17,9674,352395,4243,186755,5311,162003,120,3637,4714,110443,4940,122647,4842,233090,California
San Mateo,2021-03-18,6182,358577,3470,190225,2541,164544,171,3808,3568,111573,2612,125259,3742,236832,California
San Mateo,2021-03-19,6123,364700,4138,194363,1511,166055,474,4282,3020,111973,3097,128356,3497,240329,California
San Mateo,2021-03-20,6243,370943,4972,199335,1040,167095,231,4513,4356,114686,1876,130232,4589,244918,California
San Mateo,2021-03-21,4025,374968,3025,202360,769,167864,231,4744,2297,115491,1719,131951,2524,247442,California
San Mateo,2021-03-22,5255,380223,3548,205908,1288,169152,419,5163,2937,116545,2305,134256,3359,250801,California
San Mateo,2021-03-23,9726,389949,4433,210341,5097,174249,196,5359,4720,116499,4982,139238,4936,255737,California
San Mateo,2021-03-24,9397,399346,5357,215698,3896,178145,144,5503,4207,115841,5142,144380,4484,260221,California
San Mateo,2021-03-25,9471,408817,4409,220107,4810,182955,252,5755,4055,114879,5327,149707,4365,264586,California
San Mateo,2021-03-26,10660,419477,7471,227578,3022,185977,167,5922,4302,113125,6331,156038,4577,269163,California
San Mateo,2021-03-27,9971,429448,7599,235177,2278,188255,94,6016,4321,111990,5632,161670,4497,273660,California
San Mateo,2021-03-28,4111,433559,2656,237833,1344,189599,111,6127,2034,112078,2071,163741,2159,275819,California
San Mateo,2021-03-29,5896,439455,3630,241463,2007,191606,259,6386,2791,112061,3091,166832,3074,278893,California
San Mateo,2021-03-30,4807,444262,2736,244199,1955,193561,116,6502,3230,113865,1568,168400,3372,282265,California
Santa Barbara,2020-12-15,2,2,2,2,0,0,0,0,2,2,0,0,2,2,California
Santa Barbara,2020-12-16,2,4,2,4,0,0,0,0,2,4,0,0,2,4,California
Santa Barbara,2020-12-17,51,55,51,55,0,0,0,0,51,55,0,0,51,55,California
Santa Barbara,2020-12-18,377,432,376,431,1,1,0,0,377,432,0,0,377,432,California
Santa Barbara,2020-12-19,325,757,325,756,0,1,0,0,325,757,0,0,325,757,California
Santa Barbara,2020-12-20,234,991,234,990,0,1,0,0,234,991,0,0,234,991,California
Santa Barbara,2020-12-21,649,1640,647,1637,2,3,0,0,649,1640,0,0,649,1640,California
Santa Barbara,2020-12-22,243,1883,241,1878,2,5,0,0,243,1883,0,0,243,1883,California
Santa Barbara,2020-12-23,320,2203,202,2080,118,123,0,0,320,2203,0,0,320,2203,California
Santa Barbara,2020-12-24,87,2290,40,2120,47,170,0,0,87,2290,0,0,87,2290,California
Santa Barbara,2020-12-26,328,2618,67,2187,261,431,0,0,328,2618,0,0,328,2618,California
Santa Barbara,2020-12-27,62,2680,1,2188,61,492,0,0,62,2680,0,0,62,2680,California
Santa Barbara,2020-12-28,352,3032,218,2406,134,626,0,0,352,3032,0,0,352,3032,California
Santa Barbara,2020-12-29,550,3582,358,2764,192,818,0,0,550,3582,0,0,550,3582,California
Santa Barbara,2020-12-30,582,4164,402,3166,180,998,0,0,582,4164,0,0,582,4164,California
Santa Barbara,2020-12-31,238,4402,112,3278,126,1124,0,0,238,4402,0,0,238,4402,California
Santa Barbara,2021-01-01,107,4509,106,3384,1,1125,0,0,107,4509,0,0,107,4509,California
Santa Barbara,2021-01-02,587,5096,224,3608,363,1488,0,0,587,5096,0,0,587,5096,California
Santa Barbara,2021-01-03,23,5119,15,3623,8,1496,0,0,23,5119,0,0,23,5119,California
Santa Barbara,2021-01-04,304,5423,243,3866,61,1557,0,0,303,5422,0,0,303,5422,California
Santa Barbara,2021-01-05,748,6171,376,4242,372,1929,0,0,722,6118,26,26,722,6144,California
Santa Barbara,2021-01-06,656,6827,273,4515,383,2312,0,0,598,6659,57,83,598,6742,California
Santa Barbara,2021-01-07,1028,7855,706,5221,322,2634,0,0,524,6683,500,583,524,7266,California
Santa Barbara,2021-01-08,1201,9056,839,6060,362,2996,0,0,708,6898,493,1076,708,7974,California
Santa Barbara,2021-01-09,568,9624,293,6353,275,3271,0,0,323,6976,245,1321,323,8297,California
Santa Barbara,2021-01-10,65,9689,51,6404,14,3285,0,0,49,7009,16,1337,49,8346,California
Santa Barbara,2021-01-11,839,10528,668,7072,171,3456,0,0,615,7401,223,1560,615,8961,California
Santa Barbara,2021-01-12,1428,11956,634,7706,794,4250,0,0,1271,8515,157,1717,1271,10232,California
Santa Barbara,2021-01-13,1229,13185,280,7986,949,5199,0,0,1104,9494,125,1842,1104,11336,California
Santa Barbara,2021-01-14,1244,14429,133,8119,1111,6310,0,0,1190,10631,53,1895,1190,12526,California
Santa Barbara,2021-01-15,1791,16220,413,8532,1378,7688,0,0,1712,12265,78,1973,1712,14238,California
Santa Barbara,2021-01-16,1269,17489,199,8731,1070,8758,0,0,1231,13459,37,2010,1231,15469,California
Santa Barbara,2021-01-17,125,17614,21,8752,104,8862,0,0,121,13576,4,2014,121,15590,California
Santa Barbara,2021-01-18,1150,18764,416,9168,734,9596,0,0,966,14359,183,2197,966,16556,California
Santa Barbara,2021-01-19,1637,20401,565,9733,1072,10668,0,0,1359,15441,277,2474,1359,17915,California
Santa Barbara,2021-01-20,1984,22385,441,10174,1543,12211,0,0,1695,16848,288,2762,1695,19610,California
Santa Barbara,2021-01-21,3083,25468,1813,11987,1270,13481,0,0,2932,19630,151,2913,2933,22543,California
Santa Barbara,2021-01-22,2989,28457,1848,13835,1141,14622,0,0,2844,22332,142,3055,2844,25387,California
Santa Barbara,2021-01-23,1732,30189,1107,14942,625,15247,0,0,1222,23045,509,3564,1222,26609,California
Santa Barbara,2021-01-24,845,31034,754,15696,91,15338,0,0,837,23874,8,3572,837,27446,California
Santa Barbara,2021-01-25,1232,32266,492,16188,740,16078,0,0,995,24632,237,3809,995,28441,California
Santa Barbara,2021-01-26,2033,34299,458,16646,1575,17653,0,0,1649,25900,382,4191,1650,30091,California
Santa Barbara,2021-01-27,1154,35453,399,17045,755,18408,0,0,899,26545,254,4445,899,30990,California
Santa Barbara,2021-01-28,890,36343,293,17338,597,19005,0,0,680,27018,207,4652,680,31670,California
Santa Barbara,2021-01-29,1327,37670,533,17871,794,19799,0,0,975,27645,350,5002,977,32647,California
Santa Barbara,2021-01-30,1894,39564,1422,19293,472,20271,0,0,1491,28736,400,5402,1491,34138,California
Santa Barbara,2021-01-31,1458,41022,1221,20514,237,20508,0,0,1418,30114,40,5442,1418,35556,California
Santa Barbara,2021-02-01,931,41953,516,21030,415,20923,0,0,544,30272,386,5828,544,36100,California
Santa Barbara,2021-02-02,1807,43760,692,21722,1115,22038,0,0,1035,30538,769,6597,1035,37135,California
Santa Barbara,2021-02-03,1943,45703,1077,22799,866,22904,0,0,1500,31604,434,7031,1500,38635,California
Santa Barbara,2021-02-04,2775,48478,1859,24658,916,23820,0,0,2481,33796,289,7320,2481,41116,California
Santa Barbara,2021-02-05,2900,51378,2057,26715,843,24663,0,0,2259,35415,640,7960,2259,43375,California
Santa Barbara,2021-02-06,1200,52578,337,27052,863,25526,0,0,794,35803,406,8366,794,44169,California
Santa Barbara,2021-02-07,300,52878,262,27314,38,25564,0,0,265,36034,34,8400,265,44434,California
Santa Barbara,2021-02-08,952,53830,307,27621,645,26209,0,0,666,36414,286,8686,666,45100,California
Santa Barbara,2021-02-09,2432,56262,312,27933,2120,28329,0,0,1119,36229,1304,9990,1119,46219,California
Santa Barbara,2021-02-10,2753,59015,1495,29428,1258,29587,0,0,798,35078,1949,11939,798,47017,California
Santa Barbara,2021-02-11,4173,63188,2801,32229,1372,30959,0,0,617,32144,3551,15490,617,47634,California
Santa Barbara,2021-02-12,3298,66486,945,33174,2353,33312,0,0,769,30389,2524,18014,769,48403,California
Santa Barbara,2021-02-13,1233,67719,337,33511,896,34208,0,0,561,30281,669,18683,561,48964,California
Santa Barbara,2021-02-14,331,68050,33,33544,298,34506,0,0,285,30520,46,18729,285,49249,California
Santa Barbara,2021-02-15,951,69001,335,33879,616,35122,0,0,485,30543,462,19191,485,49734,California
Santa Barbara,2021-02-16,2112,71113,396,34275,1716,36838,0,0,721,29875,1389,20580,721,50455,California
Santa Barbara,2021-02-17,1425,72538,317,34592,1108,37946,0,0,512,29476,911,21491,512,50967,California
Santa Barbara,2021-02-18,3249,75787,2646,37238,603,38549,0,0,1517,29295,1698,23189,1517,52484,California
Santa Barbara,2021-02-19,3600,79387,2649,39887,951,39500,0,0,2333,30363,1265,24454,2333,54817,California
Santa Barbara,2021-02-20,2219,81606,1428,41315,791,40291,0,0,1669,31492,541,24995,1670,56487,California
Santa Barbara,2021-02-21,103,81709,77,41392,26,40317,0,0,51,31491,52,25047,51,56538,California
Santa Barbara,2021-02-22,906,82615,229,41621,677,40994,0,0,252,31096,647,25694,252,56790,California
Santa Barbara,2021-02-23,3178,85793,1042,42663,2136,43130,0,0,422,28764,2754,28448,422,57212,California
Santa Barbara,2021-02-24,3157,88950,1080,43743,2077,45207,0,0,710,27035,2439,30887,710,57922,California
Santa Barbara,2021-02-25,3450,92400,1917,45660,1533,46740,0,0,985,25562,2458,33345,985,58907,California
Santa Barbara,2021-02-26,3631,96031,2167,47827,1464,48204,0,0,1977,25891,1649,34994,1978,60885,California
Santa Barbara,2021-02-27,1516,97547,560,48387,956,49160,0,0,840,26063,671,35665,843,61728,California
Santa Barbara,2021-02-28,1070,98617,215,48602,855,50015,0,0,883,26762,185,35850,884,62612,California
Santa Barbara,2021-03-01,1579,100196,458,49060,1121,51136,0,0,1067,27322,509,36359,1069,63681,California
Santa Barbara,2021-03-02,2479,102675,388,49448,2091,53227,0,0,2011,28874,459,36818,2011,65692,California
Santa Barbara,2021-03-03,4446,107121,2066,51514,2379,55606,1,1,3881,32205,555,37373,3886,69578,California
Santa Barbara,2021-03-04,3347,110468,2249,53763,1098,56704,0,1,2811,34487,530,37903,2812,72390,California
Santa Barbara,2021-03-05,3739,114207,2153,55916,1530,58234,56,57,3043,36896,691,38594,3100,75490,California
Santa Barbara,2021-03-06,2367,116574,703,56619,1465,59699,199,256,1627,37983,738,39332,1825,77315,California
Santa Barbara,2021-03-07,544,117118,123,56742,305,60004,116,372,381,38318,163,39495,498,77813,California
Santa Barbara,2021-03-08,1515,118633,368,57110,835,60839,312,684,768,38655,743,40238,1080,78893,California
Santa Barbara,2021-03-09,2667,121300,326,57436,1630,62469,711,1395,683,38068,1980,42218,1393,80286,California
Santa Barbara,2021-03-10,2425,123725,414,57850,1108,63577,903,2298,863,38278,1556,43774,1766,82052,California
Santa Barbara,2021-03-11,5287,129012,2934,60784,1328,64905,1025,3323,2133,38289,3147,46921,3158,85210,California
Santa Barbara,2021-03-12,2964,131976,1793,62577,827,65732,344,3667,1820,39313,1141,48062,2165,87375,California
Santa Barbara,2021-03-13,2704,134680,1492,64069,1069,66801,143,3810,2180,41116,522,48584,2325,89700,California
Santa Barbara,2021-03-14,491,135171,241,64310,196,66997,54,3864,285,41249,206,48790,339,90039,California
Santa Barbara,2021-03-15,2036,137207,667,64977,1107,68104,262,4126,1232,41944,800,49590,1495,91534,California
Santa Barbara,2021-03-16,3538,140745,1132,66109,2070,70174,336,4462,2562,43870,972,50562,2898,94432,California
Santa Barbara,2021-03-17,3120,143865,881,66990,1841,72015,398,4860,2172,45495,946,51508,2571,97003,California
Santa Barbara,2021-03-18,3533,147398,2204,69194,1173,73188,156,5016,2494,47117,1030,52538,2652,99655,California
Santa Barbara,2021-03-19,3348,150746,1998,71192,1034,74222,316,5332,2168,48426,1177,53715,2486,102141,California
Santa Barbara,2021-03-20,1550,152296,672,71864,872,75094,6,5338,973,48829,576,54291,979,103120,California
Santa Barbara,2021-03-21,1132,153428,368,72232,734,75828,30,5368,812,49355,317,54608,843,103963,California
Santa Barbara,2021-03-22,2716,156144,1858,74090,812,76640,46,5414,2169,51033,541,55149,2219,106182,California
Santa Barbara,2021-03-23,4294,160438,2204,76294,1996,78636,94,5508,3545,53931,742,55891,3640,109822,California
Santa Barbara,2021-03-24,5218,165656,3036,79330,1458,80094,724,6232,2814,55081,2387,58278,3537,113359,California
Santa Barbara,2021-03-25,5386,171042,3210,82540,2015,82109,161,6393,2673,55218,2700,60978,2837,116196,California
Santa Barbara,2021-03-26,4987,176029,3163,85703,1545,83654,279,6672,2185,54896,2788,63766,2466,118662,California
Santa Barbara,2021-03-27,2863,178892,1205,86908,1619,85273,39,6711,1573,55231,1284,65050,1619,120281,California
Santa Barbara,2021-03-28,2658,181550,1580,88488,1050,86323,28,6739,1797,56200,858,65908,1827,122108,California
Santa Barbara,2021-03-29,3828,185378,2006,90494,1768,88091,54,6793,3125,58687,700,66608,3187,125295,California
Santa Barbara,2021-03-30,3409,188787,1222,91716,2171,90262,16,6809,1867,59040,1535,68143,1888,127183,California
Santa Clara,2020-12-15,63,63,63,63,0,0,0,0,63,63,0,0,63,63,California
Santa Clara,2020-12-16,132,195,132,195,0,0,0,0,132,195,0,0,132,195,California
Santa Clara,2020-12-17,453,648,453,648,0,0,0,0,453,648,0,0,453,648,California
Santa Clara,2020-12-18,1720,2368,1720,2368,0,0,0,0,1720,2368,0,0,1720,2368,California
Santa Clara,2020-12-19,2110,4478,2110,4478,0,0,0,0,2108,4475,1,1,2108,4476,California
Santa Clara,2020-12-20,1874,6352,1868,6346,6,6,0,0,1871,6346,0,1,1871,6347,California
Santa Clara,2020-12-21,2646,8998,2646,8992,0,6,0,0,2643,8988,1,2,2643,8990,California
Santa Clara,2020-12-22,3103,12101,3094,12086,9,15,0,0,3101,12089,0,2,3101,12091,California
Santa Clara,2020-12-23,3232,15333,3047,15133,185,200,0,0,3230,15319,0,2,3230,15321,California
Santa Clara,2020-12-24,1887,17220,1698,16831,189,389,0,0,1881,17199,1,3,1881,17202,California
Santa Clara,2020-12-25,337,17557,336,17167,1,390,0,0,337,17536,0,3,337,17539,California
Santa Clara,2020-12-26,1257,18814,1026,18193,231,621,0,0,1256,18792,0,3,1256,18795,California
Santa Clara,2020-12-27,635,19449,498,18691,137,758,0,0,635,19427,0,3,635,19430,California
Santa Clara,2020-12-28,2322,21771,1720,20411,602,1360,0,0,2322,21749,0,3,2322,21752,California
Santa Clara,2020-12-29,2321,24092,1458,21869,863,2223,0,0,2319,24068,0,3,2319,24071,California
Santa Clara,2020-12-30,2969,27061,1882,23751,1087,3310,0,0,2969,27037,0,3,2969,27040,California
Santa Clara,2020-12-31,1200,28261,385,24136,815,4125,0,0,1199,28235,1,4,1199,28239,California
Santa Clara,2021-01-01,132,28393,5,24141,127,4252,0,0,132,28367,0,4,132,28371,California
Santa Clara,2021-01-02,1081,29474,811,24952,270,4522,0,0,1081,29448,0,4,1081,29452,California
Santa Clara,2021-01-03,583,30057,367,25319,216,4738,0,0,581,30027,2,6,581,30033,California
Santa Clara,2021-01-04,2473,32530,1669,26988,804,5542,0,0,2470,32496,1,7,2470,32503,California
Santa Clara,2021-01-05,3051,35581,1995,28983,1056,6598,0,0,2866,35181,184,191,2869,35372,California
Santa Clara,2021-01-06,3299,38880,1941,30924,1358,7956,0,0,2732,37349,564,755,2732,38104,California
Santa Clara,2021-01-07,4128,43008,2469,33393,1659,9615,0,0,3102,39442,1016,1771,3109,41213,California
Santa Clara,2021-01-08,5850,48858,3827,37220,2023,11638,0,0,3791,41179,2054,3825,3791,45004,California
Santa Clara,2021-01-09,2983,51841,1877,39097,1106,12744,0,0,1708,41617,1275,5100,1713,46717,California
Santa Clara,2021-01-10,1865,53706,1423,40520,442,13186,0,0,727,41207,1137,6237,727,47444,California
Santa Clara,2021-01-11,5594,59300,3403,43923,2191,15377,0,0,3277,42172,2317,8554,3282,50726,California
Santa Clara,2021-01-12,6666,65966,3277,47200,3389,18766,0,0,4491,44496,2175,10729,4499,55225,California
Santa Clara,2021-01-13,7387,73353,3056,50256,4331,23097,0,0,5216,47557,2168,12897,5229,60454,California
Santa Clara,2021-01-14,8146,81499,2706,52962,5440,28537,0,0,6488,52399,1655,14552,6497,66951,California
Santa Clara,2021-01-15,9567,91066,2929,55891,6638,35175,0,0,8107,59067,1456,16008,8124,75075,California
Santa Clara,2021-01-16,4441,95507,1309,57200,3132,38307,0,0,3543,61719,895,16903,3547,78622,California
Santa Clara,2021-01-17,3233,98740,613,57813,2620,40927,0,0,2730,63948,501,17404,2730,81352,California
Santa Clara,2021-01-18,5208,103948,1252,59065,3956,44883,0,0,4563,67868,645,18049,4565,85917,California
Santa Clara,2021-01-19,8396,112344,2619,61684,5777,50660,0,0,6751,72984,1643,19692,6759,92676,California
Santa Clara,2021-01-20,7947,120291,3999,65683,3948,54608,0,0,6427,77895,1517,21209,6428,99104,California
Santa Clara,2021-01-21,8470,128761,3625,69308,4845,59453,0,0,7326,84081,1141,22350,7327,106431,California
Santa Clara,2021-01-22,8657,137418,3276,72584,5381,64834,0,0,8012,91451,644,22994,8014,114445,California
Santa Clara,2021-01-23,3778,141196,1683,74267,2095,66929,0,0,2823,93319,955,23949,2823,117268,California
Santa Clara,2021-01-24,2886,144082,1469,75736,1417,68346,0,0,2353,95140,532,24481,2353,119621,California
Santa Clara,2021-01-25,8302,152384,3728,79464,4574,72920,0,0,6293,99447,2003,26484,6310,125931,California
Santa Clara,2021-01-26,8170,160554,3763,83227,4407,77327,0,0,6029,103354,2130,28614,6037,131968,California
Santa Clara,2021-01-27,8528,169082,3744,86971,4784,82111,0,0,6672,108189,1838,30452,6673,138641,California
Santa Clara,2021-01-28,9372,178454,3783,90754,5589,87700,0,0,7407,113659,1941,32393,7411,146052,California
Santa Clara,2021-01-29,9442,187896,3883,94637,5559,93259,0,0,7329,118885,2103,34496,7329,153381,California
Santa Clara,2021-01-30,3899,191795,1798,96435,2101,95360,0,0,2955,120899,942,35438,2956,156337,California
Santa Clara,2021-01-31,2566,194361,1700,98135,866,96226,0,0,1576,121493,983,36421,1577,157914,California
Santa Clara,2021-02-01,7788,202149,3455,101590,4333,100559,0,0,6118,125950,1663,38084,6120,164034,California
Santa Clara,2021-02-02,7986,210135,2849,104439,5137,105696,0,0,6009,129989,1973,40057,6012,170046,California
Santa Clara,2021-02-03,9120,219255,3469,107908,5651,111347,0,0,6866,134611,2249,42306,6871,176917,California
Santa Clara,2021-02-04,10492,229747,4115,112023,6377,117724,0,0,8258,140645,2227,44533,8261,185178,California
Santa Clara,2021-02-05,11873,241620,4324,116347,7549,125273,0,0,8429,145647,3428,47961,8430,193608,California
Santa Clara,2021-02-06,5101,246721,2792,119139,2309,127582,0,0,3989,148527,1109,49070,3989,197597,California
Santa Clara,2021-02-07,3466,250187,2348,121487,1118,128700,0,0,3022,151107,442,49512,3022,200619,California
Santa Clara,2021-02-08,9985,260172,3478,124965,6507,135207,0,0,7264,155667,2706,52218,7266,207885,California
Santa Clara,2021-02-09,10729,270901,3800,128765,6929,142136,0,0,7271,159491,3449,55667,7273,215158,California
Santa Clara,2021-02-10,12613,283514,4894,133659,7719,149855,0,0,6896,160685,5705,61372,6899,222057,California
Santa Clara,2021-02-11,13147,296661,4627,138286,8520,158375,0,0,7422,162396,5713,67085,7424,229481,California
Santa Clara,2021-02-12,14540,311201,4473,142759,10067,168442,0,0,7041,161955,7483,74568,7042,236523,California
Santa Clara,2021-02-13,6073,317274,1441,144200,4632,173074,0,0,2217,160321,3852,78420,2218,238741,California
Santa Clara,2021-02-14,4628,321902,1141,145341,3487,176561,0,0,1494,158682,3133,81553,1494,240235,California
Santa Clara,2021-02-15,6219,328121,2776,148117,3443,180004,0,0,2676,157825,3537,85090,2680,242915,California
Santa Clara,2021-02-16,13542,341663,3990,152107,9552,189556,0,0,6724,157748,6801,91891,6724,249639,California
Santa Clara,2021-02-17,14000,355663,5488,157595,8512,198068,0,0,7022,157811,6964,98855,7027,256666,California
Santa Clara,2021-02-18,13617,369280,8334,165929,5283,203351,0,0,6987,158189,6610,105465,6988,263654,California
Santa Clara,2021-02-19,14687,383967,9529,175458,5158,208509,0,0,8527,160575,6142,111607,8528,272182,California
Santa Clara,2021-02-20,6814,390781,5097,180555,1717,210226,0,0,3689,161148,3116,114723,3689,275871,California
Santa Clara,2021-02-21,3225,394006,2410,182965,815,211041,0,0,1166,160264,2052,116775,1168,277039,California
Santa Clara,2021-02-22,10087,404093,6041,189006,4046,215087,0,0,4753,159695,5323,122098,4754,281793,California
Santa Clara,2021-02-23,11729,415822,7677,196683,4052,219139,0,0,6665,161321,5054,127152,6680,288473,California
Santa Clara,2021-02-24,13987,429809,9071,205754,4916,224055,0,0,8700,164754,5270,132422,8703,297176,California
Santa Clara,2021-02-25,13952,443761,9192,214946,4760,228815,0,0,7618,166057,6317,138739,7620,304796,California
Santa Clara,2021-02-26,14468,458229,8369,223315,6099,234914,0,0,7953,167527,6491,145230,7961,312757,California
Santa Clara,2021-02-27,8043,466272,5503,228818,2540,237454,0,0,4464,168428,3571,148801,4472,317229,California
Santa Clara,2021-02-28,4682,470954,3063,231881,1619,239073,0,0,2185,168124,2489,151290,2185,319414,California
Santa Clara,2021-03-01,13986,484940,7943,239824,6042,245115,1,1,8664,171484,5307,156597,8667,328081,California
Santa Clara,2021-03-02,13566,498506,8181,248005,5385,250500,0,1,9125,176196,4417,161014,9129,337210,California
Santa Clara,2021-03-03,16885,515391,8306,256311,8578,259078,1,2,10225,179808,6620,167634,10232,347442,California
Santa Clara,2021-03-04,14137,529528,7849,264160,6286,265364,2,4,8030,181767,6074,173708,8033,355475,California
Santa Clara,2021-03-05,14479,544007,8422,272582,5934,271298,123,127,7617,182683,6839,180547,7755,363230,California
Santa Clara,2021-03-06,8890,552897,5979,278561,2464,273762,447,574,6664,187585,2211,182758,7113,370343,California
Santa Clara,2021-03-07,6426,559323,4156,282717,2047,275809,223,797,5109,191611,1309,184067,5335,375678,California
Santa Clara,2021-03-08,12446,571769,6463,289180,5513,281322,470,1267,7958,195577,4466,188533,8432,384110,California
Santa Clara,2021-03-09,11971,583740,5240,294420,5594,286916,1137,2404,5688,196135,6270,194803,6828,390938,California
Santa Clara,2021-03-10,14394,598134,6254,300674,6367,293283,1773,4177,5870,195277,8501,203304,7643,398581,California
Santa Clara,2021-03-11,15494,613628,7232,307906,7040,300323,1222,5399,5269,191567,10201,213505,6491,405072,California
Santa Clara,2021-03-12,15505,629133,8001,315907,6348,306671,1156,6555,5286,187830,10188,223693,6451,411523,California
Santa Clara,2021-03-13,9635,638768,5623,321530,2625,309296,1387,7942,4294,188188,5322,229015,5680,417203,California
Santa Clara,2021-03-14,6058,644826,3230,324760,1568,310864,1260,9202,2958,189315,3089,232104,4216,421419,California
Santa Clara,2021-03-15,12730,657556,6458,331218,5998,316862,274,9476,5964,188817,6739,238843,6241,427660,California
Santa Clara,2021-03-16,17307,674863,10243,341461,6852,323714,212,9688,8383,188517,8897,247740,8597,436257,California
Santa Clara,2021-03-17,18866,693729,10684,352145,8008,331722,174,9862,9617,189109,9202,256942,9794,446051,California
Santa Clara,2021-03-18,15011,708740,7321,359466,6793,338515,897,10759,6856,188748,8115,265057,7754,453805,California
Santa Clara,2021-03-19,14317,723057,7428,366894,6105,344620,784,11543,7619,190491,6661,271718,8404,462209,California
Santa Clara,2021-03-20,8371,731428,4687,371581,3177,347797,507,12050,5176,192996,3178,274896,5683,467892,California
Santa Clara,2021-03-21,8155,739583,3701,375282,3101,350898,1353,13403,5503,197212,2642,277538,6858,474750,California
Santa Clara,2021-03-22,16167,755750,9115,384397,6698,357596,354,13757,9333,200096,6816,284354,9700,484450,California
Santa Clara,2021-03-23,18447,774197,12174,396571,6053,363649,220,13977,11352,204613,7064,291418,11581,496031,California
Santa Clara,2021-03-24,21581,795778,14191,410762,7236,370885,154,14131,14288,211980,7259,298677,14626,510657,California
Santa Clara,2021-03-25,20763,816541,12712,423474,7304,378189,747,14878,13188,218924,7526,306203,14470,525127,California
Santa Clara,2021-03-26,20789,837330,13224,436698,7177,385366,388,15266,13168,225337,7594,313797,14007,539134,California
Santa Clara,2021-03-27,14223,851553,9557,446255,4163,389529,503,15769,7741,227452,6458,320255,8573,547707,California
Santa Clara,2021-03-28,10928,862481,7844,454099,2665,392194,419,16188,6289,229719,4620,324875,6887,554594,California
Santa Clara,2021-03-29,19314,881795,11690,465789,6895,399089,729,16917,10347,231963,8940,333815,11184,565778,California
Santa Clara,2021-03-30,18524,900319,11664,477453,6350,405439,510,17427,12500,239293,6010,339825,13340,579118,California
Santa Cruz,2020-12-15,2,2,2,2,0,0,0,0,2,2,0,0,2,2,California
Santa Cruz,2020-12-16,57,59,57,59,0,0,0,0,57,59,0,0,57,59,California
Santa Cruz,2020-12-17,390,449,390,449,0,0,0,0,390,449,0,0,390,449,California
Santa Cruz,2020-12-18,466,915,466,915,0,0,0,0,466,915,0,0,466,915,California
Santa Cruz,2020-12-19,176,1091,175,1090,1,1,0,0,176,1091,0,0,176,1091,California
Santa Cruz,2020-12-20,95,1186,95,1185,0,1,0,0,95,1186,0,0,95,1186,California
Santa Cruz,2020-12-21,429,1615,429,1614,0,1,0,0,429,1615,0,0,429,1615,California
Santa Cruz,2020-12-22,423,2038,422,2036,1,2,0,0,423,2038,0,0,423,2038,California
Santa Cruz,2020-12-23,372,2410,330,2366,42,44,0,0,372,2410,0,0,372,2410,California
Santa Cruz,2020-12-24,126,2536,51,2417,75,119,0,0,126,2536,0,0,126,2536,California
Santa Cruz,2020-12-25,11,2547,11,2428,0,119,0,0,11,2547,0,0,11,2547,California
Santa Cruz,2020-12-26,64,2611,45,2473,19,138,0,0,64,2611,0,0,64,2611,California
Santa Cruz,2020-12-27,32,2643,27,2500,5,143,0,0,32,2643,0,0,32,2643,California
Santa Cruz,2020-12-28,482,3125,107,2607,375,518,0,0,482,3125,0,0,482,3125,California
Santa Cruz,2020-12-29,794,3919,367,2974,427,945,0,0,794,3919,0,0,794,3919,California
Santa Cruz,2020-12-30,357,4276,165,3139,192,1137,0,0,357,4276,0,0,357,4276,California
Santa Cruz,2020-12-31,314,4590,11,3150,303,1440,0,0,314,4590,0,0,314,4590,California
Santa Cruz,2021-01-01,32,4622,0,3150,32,1472,0,0,32,4622,0,0,32,4622,California
Santa Cruz,2021-01-02,70,4692,56,3206,14,1486,0,0,70,4692,0,0,70,4692,California
Santa Cruz,2021-01-03,15,4707,7,3213,8,1494,0,0,15,4707,0,0,15,4707,California
Santa Cruz,2021-01-04,280,4987,123,3336,157,1651,0,0,278,4984,1,1,278,4985,California
Santa Cruz,2021-01-05,565,5552,428,3764,137,1788,0,0,263,4945,302,303,263,5248,California
Santa Cruz,2021-01-06,804,6356,670,4434,134,1922,0,0,466,5074,337,640,466,5714,California
Santa Cruz,2021-01-07,538,6894,210,4644,328,2250,0,0,387,5311,151,791,388,6102,California
Santa Cruz,2021-01-08,934,7828,562,5206,372,2622,0,0,485,5349,448,1239,486,6588,California
Santa Cruz,2021-01-09,462,8290,121,5327,341,2963,0,0,410,5707,52,1291,410,6998,California
Santa Cruz,2021-01-10,72,8362,62,5389,10,2973,0,0,18,5671,54,1345,18,7016,California
Santa Cruz,2021-01-11,716,9078,582,5971,134,3107,0,0,192,5339,524,1869,192,7208,California
Santa Cruz,2021-01-12,733,9811,529,6500,204,3311,0,0,491,5588,242,2111,491,7699,California
Santa Cruz,2021-01-13,521,10332,227,6727,294,3605,0,0,436,5943,82,2193,437,8136,California
Santa Cruz,2021-01-14,542,10874,92,6819,450,4055,0,0,483,6367,59,2252,483,8619,California
Santa Cruz,2021-01-15,1467,12341,91,6910,1376,5431,0,0,1392,7686,74,2326,1393,10012,California
Santa Cruz,2021-01-16,435,12776,63,6973,372,5803,0,0,408,8067,27,2353,408,10420,California
Santa Cruz,2021-01-17,284,13060,31,7004,253,6056,0,0,266,8315,18,2371,266,10686,California
Santa Cruz,2021-01-18,1025,14085,113,7117,912,6968,0,0,956,9202,69,2440,956,11642,California
Santa Cruz,2021-01-19,1622,15707,522,7639,1100,8068,0,0,1270,10123,350,2790,1271,12913,California
Santa Cruz,2021-01-20,1231,16938,182,7821,1049,9117,0,0,1036,10967,192,2982,1036,13949,California
Santa Cruz,2021-01-21,1698,18636,197,8018,1501,10618,0,0,1593,12456,105,3087,1594,15543,California
Santa Cruz,2021-01-22,1796,20432,534,8552,1262,11880,0,0,1692,14048,101,3188,1693,17236,California
Santa Cruz,2021-01-23,401,20833,144,8696,257,12137,0,0,342,14332,58,3246,342,17578,California
Santa Cruz,2021-01-24,115,20948,21,8717,94,12231,0,0,96,14409,19,3265,96,17674,California
Santa Cruz,2021-01-25,1057,22005,359,9076,698,12929,0,0,549,14452,508,3773,551,18225,California
Santa Cruz,2021-01-26,1676,23681,247,9323,1429,14358,0,0,1164,15105,512,4285,1165,19390,California
Santa Cruz,2021-01-27,1639,25320,445,9768,1194,15552,0,0,1256,15979,382,4667,1256,20646,California
Santa Cruz,2021-01-28,1741,27061,289,10057,1452,17004,0,0,1468,17176,272,4939,1469,22115,California
Santa Cruz,2021-01-29,1731,28792,486,10543,1245,18249,0,0,1602,18650,128,5067,1602,23717,California
Santa Cruz,2021-01-30,1053,29845,301,10844,752,19001,0,0,926,19449,127,5194,926,24643,California
Santa Cruz,2021-01-31,229,30074,124,10968,105,19106,0,0,204,19628,25,5219,204,24847,California
Santa Cruz,2021-02-01,1226,31300,757,11725,469,19575,0,0,819,20041,407,5626,820,25667,California
Santa Cruz,2021-02-02,1008,32308,130,11855,878,20453,0,0,854,20742,153,5779,854,26521,California
Santa Cruz,2021-02-03,2195,34503,941,12796,1254,21707,0,0,1887,22325,304,6083,1887,28408,California
Santa Cruz,2021-02-04,1824,36327,772,13568,1052,22759,0,0,1488,23478,335,6418,1488,29896,California
Santa Cruz,2021-02-05,3163,39490,791,14359,2372,25131,0,0,2843,26003,318,6736,2843,32739,California
Santa Cruz,2021-02-06,2579,42069,164,14523,2415,27546,0,0,2231,27886,348,7084,2231,34970,California
Santa Cruz,2021-02-07,908,42977,121,14644,787,28333,0,0,891,28760,17,7101,891,35861,California
Santa Cruz,2021-02-08,715,43692,201,14845,514,28847,0,0,516,29078,198,7299,516,36377,California
Santa Cruz,2021-02-09,2374,46066,1051,15896,1323,30170,0,0,2111,30930,259,7558,2111,38488,California
Santa Cruz,2021-02-10,2189,48255,577,16473,1612,31782,0,0,1497,31740,689,8247,1499,39987,California
Santa Cruz,2021-02-11,1836,50091,311,16784,1525,33307,0,0,1317,32540,517,8764,1317,41304,California
Santa Cruz,2021-02-12,3197,53288,424,17208,2773,36080,0,0,1792,32937,1397,10161,1794,43098,California
Santa Cruz,2021-02-13,1706,54994,122,17330,1584,37664,0,0,1293,33817,413,10574,1293,44391,California
Santa Cruz,2021-02-14,1388,56382,72,17402,1316,38980,0,0,1125,34679,263,10837,1125,45516,California
Santa Cruz,2021-02-15,1577,57959,274,17676,1303,40283,0,0,562,34227,1015,11852,563,46079,California
Santa Cruz,2021-02-16,1688,59647,199,17875,1489,41772,0,0,534,33627,1134,12986,534,46613,California
Santa Cruz,2021-02-17,2928,62575,979,18854,1949,43721,0,0,1235,33185,1680,14666,1238,47851,California
Santa Cruz,2021-02-18,2880,65455,638,19492,2242,45963,0,0,1234,32776,1643,16309,1234,49085,California
Santa Cruz,2021-02-19,3261,68716,1148,20640,2113,48076,0,0,2011,33538,1249,17558,2011,51096,California
Santa Cruz,2021-02-20,2375,71091,1497,22137,878,48954,0,0,1885,34933,490,18048,1885,52981,California
Santa Cruz,2021-02-21,793,71884,330,22467,463,49417,0,0,692,35526,99,18147,692,53673,California
Santa Cruz,2021-02-22,1242,73126,959,23426,283,49700,0,0,536,35358,704,18851,536,54209,California
Santa Cruz,2021-02-23,2103,75229,941,24367,1162,50862,0,0,720,34699,1382,20233,723,54932,California
Santa Cruz,2021-02-24,3171,78400,1650,26017,1521,52383,0,0,1217,33968,1950,22183,1219,56151,California
Santa Cruz,2021-02-25,3224,81624,1427,27444,1797,54180,0,0,1772,34298,1445,23628,1775,57926,California
Santa Cruz,2021-02-26,2698,84322,761,28205,1937,56117,0,0,1537,34677,1158,24786,1537,59463,California
Santa Cruz,2021-02-27,2641,86963,934,29139,1707,57824,0,0,1843,35725,797,25583,1845,61308,California
Santa Cruz,2021-02-28,1294,88257,360,29499,934,58758,0,0,1083,36600,208,25791,1083,62391,California
Santa Cruz,2021-03-01,1808,90065,1247,30746,561,59319,0,0,677,36148,1129,26920,677,63068,California
Santa Cruz,2021-03-02,1481,91546,335,31081,1146,60465,0,0,817,36306,662,27582,820,63888,California
Santa Cruz,2021-03-03,2210,93756,582,31663,1628,62093,0,0,1171,36441,1036,28618,1171,65059,California
Santa Cruz,2021-03-04,2754,96510,1359,33022,1394,63487,1,1,1824,37345,921,29539,1825,66884,California
Santa Cruz,2021-03-05,2404,98914,464,33486,1922,65409,18,19,940,36846,1462,31001,963,67847,California
Santa Cruz,2021-03-06,3728,102642,1296,34782,2332,67741,100,119,2028,37278,1700,32701,2132,69979,California
Santa Cruz,2021-03-07,1348,103990,134,34916,1138,68879,76,195,559,37126,788,33489,636,70615,California
Santa Cruz,2021-03-08,1000,104990,228,35144,686,69565,86,281,616,37454,383,33872,711,71326,California
Santa Cruz,2021-03-09,1653,106643,209,35353,1296,70861,148,429,649,37252,999,34871,797,72123,California
Santa Cruz,2021-03-10,3699,110342,1993,37346,1577,72438,129,558,1843,37377,1852,36723,1977,74100,California
Santa Cruz,2021-03-11,2586,112928,1092,38438,1345,73783,149,707,1383,37710,1200,37923,1533,75633,California
Santa Cruz,2021-03-12,2512,115440,842,39280,1420,75203,250,957,828,37107,1682,39605,1079,76712,California
Santa Cruz,2021-03-13,2029,117469,1275,40555,711,75914,43,1000,1010,37142,1019,40624,1054,77766,California
Santa Cruz,2021-03-14,725,118194,157,40712,554,76468,14,1014,352,37137,371,40995,366,78132,California
Santa Cruz,2021-03-15,1336,119530,477,41189,823,77291,36,1050,572,36984,762,41757,609,78741,California
Santa Cruz,2021-03-16,2315,121845,1087,42276,1185,78476,43,1093,1338,37392,974,42731,1382,80123,California
Santa Cruz,2021-03-17,3763,125608,2166,44442,1585,80061,12,1105,2415,38479,1343,44074,2430,82553,California
Santa Cruz,2021-03-18,3168,128776,1724,46166,1341,81402,103,1208,1595,38606,1572,45646,1699,84252,California
Santa Cruz,2021-03-19,2445,131221,1090,47256,1142,82544,213,1421,1290,38958,1151,46797,1503,85755,California
Santa Cruz,2021-03-20,1468,132689,1081,48337,356,82900,31,1452,750,39024,715,47512,781,86536,California
Santa Cruz,2021-03-21,817,133506,433,48770,268,83168,116,1568,437,39199,379,47891,554,87090,California
Santa Cruz,2021-03-22,1381,134887,856,49626,504,83672,21,1589,958,39759,419,48310,979,88069,California
Santa Cruz,2021-03-23,2554,137441,1428,51054,1081,84753,45,1634,1729,40710,823,49133,1774,89843,California
Santa Cruz,2021-03-24,2956,140397,1952,53006,982,85735,22,1656,1949,41679,1003,50136,1972,91815,California
Santa Cruz,2021-03-25,2560,142957,1281,54287,1244,86979,35,1691,1327,41824,1224,51360,1369,93184,California
Santa Cruz,2021-03-26,2944,145901,1767,56054,1148,88127,29,1720,2000,42923,940,52300,2039,95223,California
Santa Cruz,2021-03-27,2971,148872,1910,57964,1050,89177,11,1731,1346,42682,1616,53916,1375,96598,California
Santa Cruz,2021-03-28,866,149738,564,58528,289,89466,13,1744,462,42760,401,54317,479,97077,California
Santa Cruz,2021-03-29,1862,151600,852,59380,952,90418,58,1802,1179,43323,678,54995,1241,98318,California
Santa Cruz,2021-03-30,1928,153528,429,59809,1386,91804,113,1915,1249,44024,678,55673,1379,99697,California
Shasta,2020-12-16,131,131,131,131,0,0,0,0,131,131,0,0,131,131,California
Shasta,2020-12-17,418,549,418,549,0,0,0,0,418,549,0,0,418,549,California
Shasta,2020-12-18,168,717,168,717,0,0,0,0,168,717,0,0,168,717,California
Shasta,2020-12-19,1,718,1,718,0,0,0,0,1,718,0,0,1,718,California
Shasta,2020-12-21,78,796,78,796,0,0,0,0,78,796,0,0,78,796,California
Shasta,2020-12-22,191,987,186,982,5,5,0,0,191,987,0,0,191,987,California
Shasta,2020-12-23,174,1161,170,1152,4,9,0,0,174,1161,0,0,174,1161,California
Shasta,2020-12-24,18,1179,18,1170,0,9,0,0,18,1179,0,0,18,1179,California
Shasta,2020-12-26,4,1183,1,1171,3,12,0,0,4,1183,0,0,4,1183,California
Shasta,2020-12-27,1,1184,0,1171,1,13,0,0,1,1184,0,0,1,1184,California
Shasta,2020-12-28,40,1224,31,1202,9,22,0,0,40,1224,0,0,40,1224,California
Shasta,2020-12-29,186,1410,185,1387,1,23,0,0,186,1410,0,0,186,1410,California
Shasta,2020-12-30,177,1587,167,1554,10,33,0,0,177,1587,0,0,177,1587,California
Shasta,2020-12-31,82,1669,2,1556,80,113,0,0,82,1669,0,0,82,1669,California
Shasta,2021-01-02,2,1671,0,1556,2,115,0,0,2,1671,0,0,2,1671,California
Shasta,2021-01-03,1,1672,1,1557,0,115,0,0,1,1672,0,0,1,1672,California
Shasta,2021-01-04,347,2019,306,1863,41,156,0,0,348,2020,0,0,348,2020,California
Shasta,2021-01-05,335,2354,314,2177,21,177,0,0,254,2193,81,81,254,2274,California
Shasta,2021-01-06,438,2792,396,2573,42,219,0,0,175,2106,262,343,175,2449,California
Shasta,2021-01-07,116,2908,35,2608,81,300,0,0,95,2180,21,364,95,2544,California
Shasta,2021-01-08,506,3414,446,3054,60,360,0,0,297,2268,209,573,297,2841,California
Shasta,2021-01-09,72,3486,63,3117,9,369,0,0,70,2336,2,575,70,2911,California
Shasta,2021-01-10,5,3491,0,3117,5,374,0,0,4,2340,1,576,5,2916,California
Shasta,2021-01-11,352,3843,185,3302,167,541,0,0,317,2622,35,611,317,3233,California
Shasta,2021-01-12,451,4294,327,3629,124,665,0,0,277,2725,174,785,277,3510,California
Shasta,2021-01-13,541,4835,268,3897,273,938,0,0,371,2926,170,955,371,3881,California
Shasta,2021-01-14,444,5279,48,3945,396,1334,0,0,427,3336,17,972,427,4308,California
Shasta,2021-01-15,635,5914,135,4080,500,1834,0,0,633,3967,2,974,633,4941,California
Shasta,2021-01-16,900,6814,56,4136,844,2678,0,0,897,4861,3,977,897,5838,California
Shasta,2021-01-17,26,6840,6,4142,20,2698,0,0,22,4879,4,981,22,5860,California
Shasta,2021-01-18,599,7439,130,4272,469,3167,0,0,591,5462,8,989,591,6451,California
Shasta,2021-01-19,1019,8458,397,4669,622,3789,0,0,871,6185,148,1137,871,7322,California
Shasta,2021-01-20,668,9126,407,5076,261,4050,0,0,486,6493,178,1315,486,7808,California
Shasta,2021-01-21,630,9756,278,5354,352,4402,0,0,607,7077,23,1338,607,8415,California
Shasta,2021-01-22,445,10201,170,5524,275,4677,0,0,439,7510,6,1344,439,8854,California
Shasta,2021-01-23,69,10270,5,5529,64,4741,0,0,68,7577,1,1345,68,8922,California
Shasta,2021-01-24,26,10296,2,5531,24,4765,0,0,25,7601,1,1346,25,8947,California
Shasta,2021-01-25,752,11048,492,6023,260,5025,0,0,466,7782,285,1631,466,9413,California
Shasta,2021-01-26,709,11757,333,6356,376,5401,0,0,476,8027,231,1862,476,9889,California
Shasta,2021-01-27,460,12217,181,6537,279,5680,0,0,411,8389,49,1911,411,10300,California
Shasta,2021-01-28,853,13070,577,7114,276,5956,0,0,631,8798,222,2133,631,10931,California
Shasta,2021-01-29,829,13899,329,7443,500,6456,0,0,640,9250,189,2322,641,11572,California
Shasta,2021-01-30,614,14513,15,7458,599,7055,0,0,605,9846,9,2331,605,12177,California
Shasta,2021-01-31,28,14541,4,7462,24,7079,0,0,26,9870,2,2333,26,12203,California
Shasta,2021-02-01,502,15043,142,7604,360,7439,0,0,382,10132,120,2453,382,12585,California
Shasta,2021-02-02,953,15996,495,8099,458,7897,0,0,863,10906,89,2542,863,13448,California
Shasta,2021-02-03,657,16653,209,8308,448,8345,0,0,462,11173,195,2737,462,13910,California
Shasta,2021-02-04,1055,17708,658,8966,397,8742,0,0,866,11850,189,2926,866,14776,California
Shasta,2021-02-05,1212,18920,163,9129,1049,9791,0,0,1023,12685,188,3114,1023,15799,California
Shasta,2021-02-06,1725,20645,43,9172,1682,11473,0,0,1701,14362,24,3138,1701,17500,California
Shasta,2021-02-07,25,20670,2,9174,23,11496,0,0,23,14383,2,3140,23,17523,California
Shasta,2021-02-08,543,21213,169,9343,374,11870,0,0,305,14450,238,3378,305,17828,California
Shasta,2021-02-09,1026,22239,649,9992,377,12247,0,0,676,14776,350,3728,676,18504,California
Shasta,2021-02-10,1083,23322,782,10774,301,12548,0,0,592,14878,491,4219,593,19097,California
Shasta,2021-02-11,787,24109,189,10963,598,13146,0,0,306,14708,476,4695,306,19403,California
Shasta,2021-02-12,1657,25766,1138,12101,519,13665,0,0,1166,15383,491,5186,1166,20569,California
Shasta,2021-02-13,1382,27148,368,12469,1014,14679,0,0,569,15140,814,6000,571,21140,California
Shasta,2021-02-14,149,27297,4,12473,145,14824,0,0,124,15239,25,6025,124,21264,California
Shasta,2021-02-15,385,27682,94,12567,291,15115,0,0,217,15288,168,6193,217,21481,California
Shasta,2021-02-16,1083,28765,513,13080,570,15685,0,0,317,14840,765,6958,317,21798,California
Shasta,2021-02-17,981,29746,435,13515,546,16231,0,0,369,14597,612,7570,369,22167,California
Shasta,2021-02-18,870,30616,439,13954,431,16662,0,0,418,14563,452,8022,418,22585,California
Shasta,2021-02-19,1051,31667,660,14614,391,17053,0,0,610,14732,441,8463,610,23195,California
Shasta,2021-02-20,757,32424,88,14702,669,17722,0,0,295,14565,462,8925,295,23490,California
Shasta,2021-02-21,34,32458,4,14706,30,17752,0,0,10,14552,23,8948,10,23500,California
Shasta,2021-02-22,343,32801,68,14774,275,18027,0,0,100,14409,243,9191,100,23600,California
Shasta,2021-02-23,801,33602,466,15240,335,18362,0,0,216,14040,585,9776,216,23816,California
Shasta,2021-02-24,882,34484,501,15741,381,18743,0,0,270,13700,610,10386,270,24086,California
Shasta,2021-02-25,467,34951,155,15896,312,19055,0,0,154,13543,311,10697,154,24240,California
Shasta,2021-02-26,784,35735,88,15984,696,19751,0,0,324,13409,458,11155,324,24564,California
Shasta,2021-02-27,813,36548,32,16016,781,20532,0,0,187,12973,624,11779,188,24752,California
Shasta,2021-02-28,181,36729,5,16021,176,20708,0,0,132,13056,49,11828,132,24884,California
Shasta,2021-03-01,564,37293,64,16085,500,21208,0,0,272,13037,291,12119,272,25156,California
Shasta,2021-03-02,927,38220,466,16551,461,21669,0,0,262,12636,663,12782,262,25418,California
Shasta,2021-03-03,559,38779,122,16673,437,22106,0,0,170,12417,389,13171,170,25588,California
Shasta,2021-03-04,1029,39808,499,17172,530,22636,0,0,638,12665,390,13561,638,26226,California
Shasta,2021-03-05,943,40751,154,17326,762,23398,27,27,299,12349,642,14203,326,26552,California
Shasta,2021-03-06,809,41560,382,17708,383,23781,44,71,185,11955,623,14826,229,26781,California
Shasta,2021-03-07,92,41652,5,17713,57,23838,30,101,40,11973,52,14878,70,26851,California
Shasta,2021-03-08,550,42202,53,17766,359,24197,138,239,140,11844,407,15285,278,27129,California
Shasta,2021-03-09,552,42754,49,17815,342,24539,161,400,207,11867,345,15630,368,27497,California
Shasta,2021-03-10,657,43411,243,18058,330,24869,84,484,133,11560,523,16153,216,27713,California
Shasta,2021-03-11,937,44348,157,18215,579,25448,201,685,597,12018,340,16493,798,28511,California
Shasta,2021-03-12,615,44963,116,18331,317,25765,182,867,245,12076,369,16862,427,28938,California
Shasta,2021-03-13,665,45628,410,18741,164,25929,91,958,473,12448,192,17054,564,29502,California
Shasta,2021-03-14,278,45906,12,18753,243,26172,23,981,196,12585,82,17136,219,29721,California
Shasta,2021-03-15,483,46389,37,18790,346,26518,100,1081,199,12601,282,17418,298,30019,California
Shasta,2021-03-16,966,47355,144,18934,758,27276,64,1145,695,13089,271,17689,759,30778,California
Shasta,2021-03-17,645,48000,181,19115,415,27691,49,1194,366,13234,270,17959,415,31193,California
Shasta,2021-03-18,868,48868,208,19323,566,28257,94,1288,624,13714,241,18200,721,31914,California
Shasta,2021-03-19,506,49374,148,19471,310,28567,48,1336,323,13904,182,18382,372,32286,California
Shasta,2021-03-20,601,49975,446,19917,144,28711,11,1347,512,14338,89,18471,523,32809,California
Shasta,2021-03-21,293,50268,281,20198,3,28714,9,1356,270,14595,23,18494,280,33089,California
Shasta,2021-03-22,325,50593,48,20246,248,28962,29,1385,180,14661,143,18637,209,33298,California
Shasta,2021-03-23,787,51380,156,20402,572,29534,59,1444,602,15142,180,18817,661,33959,California
Shasta,2021-03-24,507,51887,158,20560,314,29848,35,1479,373,15417,133,18950,408,34367,California
Shasta,2021-03-25,720,52607,168,20728,541,30389,11,1490,587,15887,131,19081,601,34968,California
Shasta,2021-03-26,668,53275,248,20976,389,30778,31,1521,322,15900,345,19426,358,35326,California
Shasta,2021-03-27,1524,54799,386,21362,304,31082,834,2355,549,16310,973,20399,1383,36709,California
Shasta,2021-03-28,316,55115,217,21579,93,31175,6,2361,218,16437,97,20496,224,36933,California
Shasta,2021-03-29,390,55505,48,21627,331,31506,11,2372,141,16343,247,20743,153,37086,California
Shasta,2021-03-30,190,55695,70,21697,119,31625,1,2373,112,16382,76,20819,115,37201,California
Sierra,2020-12-18,1,1,1,1,0,0,0,0,1,1,0,0,1,1,California
Sierra,2020-12-21,2,3,2,3,0,0,0,0,2,3,0,0,2,3,California
Sierra,2020-12-22,12,15,12,15,0,0,0,0,12,15,0,0,12,15,California
Sierra,2020-12-23,4,19,4,19,0,0,0,0,4,19,0,0,4,19,California
Sierra,2020-12-28,1,20,0,19,1,1,0,0,1,20,0,0,1,20,California
Sierra,2020-12-29,49,69,7,26,42,43,0,0,49,69,0,0,49,69,California
Sierra,2020-12-30,2,71,0,26,2,45,0,0,2,71,0,0,2,71,California
Sierra,2020-12-31,12,83,0,26,12,57,0,0,12,83,0,0,12,83,California
Sierra,2021-01-05,67,150,3,29,64,121,0,0,67,150,0,0,67,150,California
Sierra,2021-01-06,1,151,1,30,0,121,0,0,1,151,0,0,1,151,California
Sierra,2021-01-07,20,171,1,31,19,140,0,0,19,169,1,1,19,170,California
Sierra,2021-01-08,1,172,1,32,0,140,0,0,1,170,0,1,1,171,California
Sierra,2021-01-11,3,175,3,35,0,140,0,0,0,167,3,4,0,171,California
Sierra,2021-01-12,40,215,12,47,28,168,0,0,28,183,12,16,28,199,California
Sierra,2021-01-13,4,219,3,50,1,169,0,0,1,181,3,19,1,200,California
Sierra,2021-01-14,35,254,2,52,33,202,0,0,35,216,0,19,35,235,California
Sierra,2021-01-15,2,256,1,53,1,203,0,0,2,218,0,19,2,237,California
Sierra,2021-01-18,2,258,0,53,2,205,0,0,2,220,0,19,2,239,California
Sierra,2021-01-19,32,290,0,53,32,237,0,0,32,252,0,19,32,271,California
Sierra,2021-01-20,1,291,1,54,0,237,0,0,1,253,0,19,1,272,California
Sierra,2021-01-21,55,346,0,54,55,292,0,0,55,308,0,19,55,327,California
Sierra,2021-01-22,1,347,0,54,1,293,0,0,1,309,0,19,1,328,California
Sierra,2021-01-23,2,349,0,54,2,295,0,0,2,311,0,19,2,330,California
Sierra,2021-01-26,64,413,1,55,63,358,0,0,26,299,38,57,26,356,California
Sierra,2021-01-27,4,417,4,59,0,358,0,0,0,295,4,61,0,356,California
Sierra,2021-01-28,53,470,0,59,53,411,0,0,44,330,9,70,44,400,California
Sierra,2021-01-29,1,471,0,59,1,412,0,0,1,331,0,70,1,401,California
Sierra,2021-01-30,3,474,3,62,0,412,0,0,2,332,1,71,2,403,California
Sierra,2021-02-01,1,475,0,62,1,413,0,0,0,331,1,72,0,403,California
Sierra,2021-02-02,58,533,0,62,58,471,0,0,18,309,40,112,18,421,California
Sierra,2021-02-03,6,539,5,67,1,472,0,0,5,313,1,113,5,426,California
Sierra,2021-02-04,106,645,6,73,100,572,0,0,57,321,49,162,57,483,California
Sierra,2021-02-05,5,650,3,76,2,574,0,0,4,324,1,163,4,487,California
Sierra,2021-02-09,54,704,1,77,53,627,0,0,52,374,2,165,52,539,California
Sierra,2021-02-10,5,709,2,79,3,630,0,0,4,377,1,166,4,543,California
Sierra,2021-02-11,198,907,1,80,197,827,0,0,135,449,63,229,135,678,California
Sierra,2021-02-12,20,927,0,80,20,847,0,0,20,469,0,229,20,698,California
Sierra,2021-02-14,1,928,0,80,1,848,0,0,1,470,0,229,1,699,California
Sierra,2021-02-15,1,929,1,81,0,848,0,0,0,469,1,230,0,699,California
Sierra,2021-02-16,43,972,0,81,43,891,0,0,10,446,33,263,10,709,California
Sierra,2021-02-17,3,975,0,81,3,894,0,0,1,445,2,265,1,710,California
Sierra,2021-02-18,146,1121,0,81,146,1040,0,0,94,487,52,317,94,804,California
Sierra,2021-02-19,1,1122,1,82,0,1040,0,0,1,488,0,317,1,805,California
Sierra,2021-02-20,2,1124,2,84,0,1040,0,0,0,486,2,319,0,805,California
Sierra,2021-02-22,2,1126,2,86,0,1040,0,0,1,486,1,320,1,806,California
Sierra,2021-02-23,4,1130,0,86,4,1044,0,0,4,490,0,320,4,810,California
Sierra,2021-02-24,2,1132,1,87,1,1045,0,0,1,490,1,321,1,811,California
Sierra,2021-02-25,126,1258,1,88,125,1170,0,0,59,482,67,388,59,870,California
Sierra,2021-02-26,9,1267,6,94,3,1173,0,0,4,481,5,393,4,874,California
Sierra,2021-02-27,2,1269,2,96,0,1173,0,0,0,479,2,395,0,874,California
Sierra,2021-03-01,2,1271,1,97,1,1174,0,0,1,479,1,396,1,875,California
Sierra,2021-03-02,51,1322,0,97,51,1225,0,0,32,492,19,415,32,907,California
Sierra,2021-03-03,2,1324,2,99,0,1225,0,0,1,492,1,416,1,908,California
Sierra,2021-03-04,100,1424,2,101,98,1323,0,0,49,490,51,467,49,957,California
Sierra,2021-03-05,12,1436,0,101,12,1335,0,0,10,498,2,469,10,967,California
Sierra,2021-03-08,3,1439,2,103,0,1335,1,1,2,500,1,470,3,970,California
Sierra,2021-03-09,54,1493,1,104,53,1388,0,1,11,468,43,513,11,981,California
Sierra,2021-03-10,5,1498,0,104,5,1393,0,1,3,469,2,515,3,984,California
Sierra,2021-03-11,148,1646,0,104,148,1541,0,1,27,375,121,636,27,1011,California
Sierra,2021-03-12,20,1666,1,105,19,1560,0,1,0,355,20,656,0,1011,California
Sierra,2021-03-13,13,1679,0,105,13,1573,0,1,13,368,0,656,13,1024,California
Sierra,2021-03-14,2,1681,1,106,0,1573,1,2,0,367,2,658,1,1025,California
Sierra,2021-03-15,2,1683,1,107,1,1574,0,2,1,367,1,659,1,1026,California
Sierra,2021-03-16,22,1705,1,108,20,1594,1,3,10,366,12,671,11,1037,California
Sierra,2021-03-17,2,1707,0,108,2,1596,0,3,0,364,2,673,0,1037,California
Sierra,2021-03-18,122,1829,0,108,121,1717,1,4,35,314,86,759,36,1073,California
Sierra,2021-03-19,1,1830,1,109,0,1717,0,4,1,315,0,759,1,1074,California
Sierra,2021-03-23,14,1844,0,109,14,1731,0,4,5,311,9,768,5,1079,California
Sierra,2021-03-24,4,1848,1,110,3,1734,0,4,2,311,2,770,2,1081,California
Sierra,2021-03-25,80,1928,2,112,78,1812,0,4,34,299,46,816,34,1115,California
Sierra,2021-03-26,12,1940,1,113,11,1823,0,4,9,305,3,819,9,1124,California
Sierra,2021-03-27,1,1941,0,113,1,1824,0,4,0,304,1,820,0,1124,California
Sierra,2021-03-29,2,1943,1,114,1,1825,0,4,0,302,2,822,0,1124,California
Sierra,2021-03-30,16,1959,0,114,16,1841,0,4,9,306,7,829,11,1135,California
Siskiyou,2020-12-16,2,2,2,2,0,0,0,0,2,2,0,0,2,2,California
Siskiyou,2020-12-17,4,6,4,6,0,0,0,0,4,6,0,0,4,6,California
Siskiyou,2020-12-18,3,9,3,9,0,0,0,0,3,9,0,0,3,9,California
Siskiyou,2020-12-19,4,13,4,13,0,0,0,0,4,13,0,0,4,13,California
Siskiyou,2020-12-20,1,14,1,14,0,0,0,0,1,14,0,0,1,14,California
Siskiyou,2020-12-21,132,146,132,146,0,0,0,0,132,146,0,0,132,146,California
Siskiyou,2020-12-22,159,305,159,305,0,0,0,0,159,305,0,0,159,305,California
Siskiyou,2020-12-23,142,447,142,447,0,0,0,0,142,447,0,0,142,447,California
Siskiyou,2020-12-24,5,452,5,452,0,0,0,0,5,452,0,0,5,452,California
Siskiyou,2020-12-26,2,454,0,452,2,2,0,0,2,454,0,0,2,454,California
Siskiyou,2020-12-27,2,456,0,452,2,4,0,0,2,456,0,0,2,456,California
Siskiyou,2020-12-28,2,458,0,452,2,6,0,0,2,458,0,0,2,458,California
Siskiyou,2020-12-29,6,464,2,454,4,10,0,0,6,464,0,0,6,464,California
Siskiyou,2020-12-30,98,562,3,457,95,105,0,0,98,562,0,0,98,562,California
Siskiyou,2020-12-31,12,574,0,457,12,117,0,0,12,574,0,0,12,574,California
Siskiyou,2021-01-02,1,575,1,458,0,117,0,0,1,575,0,0,1,575,California
Siskiyou,2021-01-03,1,576,0,458,1,118,0,0,1,576,0,0,1,576,California
Siskiyou,2021-01-04,130,706,3,461,127,245,0,0,130,706,0,0,130,706,California
Siskiyou,2021-01-05,117,823,4,465,113,358,0,0,116,821,1,1,116,822,California
Siskiyou,2021-01-06,59,882,6,471,53,411,0,0,55,872,4,5,55,877,California
Siskiyou,2021-01-07,174,1056,2,473,172,583,0,0,173,1044,1,6,173,1050,California
Siskiyou,2021-01-08,42,1098,4,477,38,621,0,0,39,1080,3,9,39,1089,California
Siskiyou,2021-01-09,2,1100,2,479,0,621,0,0,0,1078,2,11,0,1089,California
Siskiyou,2021-01-11,226,1326,65,544,161,782,0,0,163,1178,63,74,163,1252,California
Siskiyou,2021-01-12,320,1646,273,817,47,829,0,0,87,1032,233,307,87,1339,California
Siskiyou,2021-01-13,157,1803,137,954,20,849,0,0,23,921,134,441,23,1362,California
Siskiyou,2021-01-14,27,1830,1,955,26,875,0,0,26,946,1,442,26,1388,California
Siskiyou,2021-01-15,35,1865,3,958,32,907,0,0,35,981,0,442,35,1423,California
Siskiyou,2021-01-16,7,1872,2,960,5,912,0,0,7,988,0,442,7,1430,California
Siskiyou,2021-01-18,75,1947,4,964,71,983,0,0,73,1059,2,444,73,1503,California
Siskiyou,2021-01-19,21,1968,1,965,20,1003,0,0,20,1078,1,445,20,1523,California
Siskiyou,2021-01-20,47,2015,35,1000,12,1015,0,0,43,1117,4,449,43,1566,California
Siskiyou,2021-01-21,42,2057,0,1000,42,1057,0,0,42,1159,0,449,42,1608,California
Siskiyou,2021-01-22,1333,3390,1181,2181,152,1209,0,0,1333,2492,0,449,1333,2941,California
Siskiyou,2021-01-23,7,3397,2,2183,5,1214,0,0,4,2493,3,452,4,2945,California
Siskiyou,2021-01-25,183,3580,8,2191,175,1389,0,0,179,2668,4,456,179,3124,California
Siskiyou,2021-01-26,150,3730,5,2196,145,1534,0,0,142,2802,8,464,142,3266,California
Siskiyou,2021-01-27,181,3911,0,2196,181,1715,0,0,127,2875,54,518,127,3393,California
Siskiyou,2021-01-28,231,4142,117,2313,114,1829,0,0,225,3094,6,524,225,3618,California
Siskiyou,2021-01-29,246,4388,1,2314,245,2074,0,0,244,3336,2,526,244,3862,California
Siskiyou,2021-01-30,3,4391,2,2316,1,2075,0,0,3,3339,0,526,3,3865,California
Siskiyou,2021-02-01,194,4585,3,2319,191,2266,0,0,104,3353,90,616,104,3969,California
Siskiyou,2021-02-02,288,4873,45,2364,243,2509,0,0,147,3359,141,757,147,4116,California
Siskiyou,2021-02-03,313,5186,1,2365,312,2821,0,0,264,3574,49,806,264,4380,California
Siskiyou,2021-02-04,319,5505,7,2372,312,3133,0,0,199,3653,120,926,199,4579,California
Siskiyou,2021-02-05,509,6014,4,2376,505,3638,0,0,345,3834,164,1090,345,4924,California
Siskiyou,2021-02-06,15,6029,0,2376,15,3653,0,0,15,3849,0,1090,15,4939,California
Siskiyou,2021-02-07,3,6032,2,2378,1,3654,0,0,3,3852,0,1090,3,4942,California
Siskiyou,2021-02-08,221,6253,5,2383,216,3870,0,0,216,4063,5,1095,216,5158,California
Siskiyou,2021-02-09,193,6446,2,2385,191,4061,0,0,160,4190,33,1128,160,5318,California
Siskiyou,2021-02-10,370,6816,40,2425,330,4391,0,0,317,4454,53,1181,317,5635,California
Siskiyou,2021-02-11,190,7006,0,2425,190,4581,0,0,174,4612,16,1197,174,5809,California
Siskiyou,2021-02-12,1695,8701,1205,3630,490,5071,0,0,500,3917,1195,2392,500,6309,California
Siskiyou,2021-02-13,36,8737,3,3633,33,5104,0,0,31,3943,5,2397,31,6340,California
Siskiyou,2021-02-14,5,8742,1,3634,4,5108,0,0,5,3948,0,2397,5,6345,California
Siskiyou,2021-02-15,105,8847,7,3641,98,5206,0,0,102,4047,3,2400,102,6447,California
Siskiyou,2021-02-16,113,8960,3,3644,110,5316,0,0,97,4128,16,2416,97,6544,California
Siskiyou,2021-02-17,188,9148,19,3663,169,5485,0,0,175,4290,13,2429,175,6719,California
Siskiyou,2021-02-18,222,9370,89,3752,133,5618,0,0,98,4264,124,2553,98,6817,California
Siskiyou,2021-02-19,65,9435,29,3781,36,5654,0,0,30,4259,35,2588,30,6847,California
Siskiyou,2021-02-20,23,9458,4,3785,19,5673,0,0,18,4272,5,2593,18,6865,California
Siskiyou,2021-02-21,2,9460,2,3787,0,5673,0,0,2,4274,0,2593,2,6867,California
Siskiyou,2021-02-22,125,9585,1,3788,124,5797,0,0,18,4185,107,2700,18,6885,California
Siskiyou,2021-02-23,194,9779,15,3803,179,5976,0,0,50,4091,144,2844,50,6935,California
Siskiyou,2021-02-24,146,9925,4,3807,142,6118,0,0,33,4011,113,2957,33,6968,California
Siskiyou,2021-02-25,300,10225,22,3829,278,6396,0,0,153,4017,147,3104,153,7121,California
Siskiyou,2021-02-26,668,10893,13,3842,655,7051,0,0,368,4085,300,3404,368,7489,California
Siskiyou,2021-02-27,31,10924,3,3845,28,7079,0,0,27,4108,4,3408,27,7516,California
Siskiyou,2021-02-28,4,10928,4,3849,0,7079,0,0,3,4110,1,3409,3,7519,California
Siskiyou,2021-03-01,279,11207,6,3855,273,7352,0,0,48,3927,231,3640,48,7567,California
Siskiyou,2021-03-02,188,11395,2,3857,186,7538,0,0,71,3881,117,3757,71,7638,California
Siskiyou,2021-03-03,333,11728,5,3862,328,7866,0,0,145,3839,187,3944,145,7783,California
Siskiyou,2021-03-04,663,12391,494,4356,169,8035,0,0,513,4202,150,4094,513,8296,California
Siskiyou,2021-03-05,292,12683,7,4363,274,8309,11,11,78,4077,214,4308,89,8385,California
Siskiyou,2021-03-06,35,12718,2,4365,29,8338,4,15,28,4102,7,4315,32,8417,California
Siskiyou,2021-03-07,10,12728,3,4368,0,8338,7,22,2,4103,8,4323,9,8426,California
Siskiyou,2021-03-08,347,13075,25,4393,289,8627,33,55,53,3895,294,4617,86,8512,California
Siskiyou,2021-03-09,136,13211,0,4393,97,8724,39,94,49,3896,87,4704,88,8600,California
Siskiyou,2021-03-10,194,13405,11,4404,177,8901,6,100,26,3760,168,4872,32,8632,California
Siskiyou,2021-03-11,440,13845,190,4594,209,9110,41,141,250,3864,187,5059,291,8923,California
Siskiyou,2021-03-12,533,14378,112,4706,386,9496,35,176,154,3676,377,5436,189,9112,California
Siskiyou,2021-03-13,347,14725,317,5023,8,9504,22,198,316,3983,31,5467,338,9450,California
Siskiyou,2021-03-14,21,14746,3,5026,3,9507,15,213,4,3985,17,5484,19,9469,California
Siskiyou,2021-03-15,438,15184,246,5272,175,9682,17,230,308,4180,130,5614,325,9794,California
Siskiyou,2021-03-16,260,15444,41,5313,202,9884,17,247,147,4231,113,5727,164,9958,California
Siskiyou,2021-03-17,197,15641,4,5317,184,10068,9,256,31,4105,166,5893,40,9998,California
Siskiyou,2021-03-18,779,16420,649,5966,118,10186,12,268,666,4670,113,6006,678,10676,California
Siskiyou,2021-03-19,46,16466,12,5978,22,10208,12,280,14,4664,32,6038,26,10702,California
Siskiyou,2021-03-20,29,16495,7,5985,18,10226,4,284,7,4654,21,6059,11,10713,California
Siskiyou,2021-03-21,9,16504,3,5988,1,10227,5,289,3,4656,6,6065,8,10721,California
Siskiyou,2021-03-22,199,16703,20,6008,157,10384,22,311,138,4758,58,6123,160,10881,California
Siskiyou,2021-03-23,166,16869,21,6029,136,10520,9,320,114,4829,52,6175,123,11004,California
Siskiyou,2021-03-24,142,17011,55,6084,87,10607,0,320,120,4927,22,6197,120,11124,California
Siskiyou,2021-03-25,529,17540,288,6372,239,10846,2,322,364,5130,165,6362,368,11492,California
Siskiyou,2021-03-26,299,17839,28,6400,270,11116,1,323,99,5030,200,6562,100,11592,California
Siskiyou,2021-03-27,33,17872,2,6402,27,11143,4,327,7,5015,26,6588,11,11603,California
Siskiyou,2021-03-28,3,17875,3,6405,0,11143,0,327,1,5014,2,6590,1,11604,California
Siskiyou,2021-03-29,107,17982,14,6419,91,11234,2,329,48,5014,50,6640,50,11654,California
Siskiyou,2021-03-30,41,18023,1,6420,40,11274,0,329,19,5011,22,6662,19,11673,California
Solano,2020-12-15,4,4,4,4,0,0,0,0,4,4,0,0,4,4,California
Solano,2020-12-16,71,75,71,75,0,0,0,0,71,75,0,0,71,75,California
Solano,2020-12-17,152,227,152,227,0,0,0,0,152,227,0,0,152,227,California
Solano,2020-12-18,450,677,449,676,1,1,0,0,450,677,0,0,450,677,California
Solano,2020-12-19,512,1189,512,1188,0,1,0,0,512,1189,0,0,512,1189,California
Solano,2020-12-20,354,1543,353,1541,1,2,0,0,354,1543,0,0,354,1543,California
Solano,2020-12-21,570,2113,568,2109,2,4,0,0,570,2113,0,0,570,2113,California
Solano,2020-12-22,663,2776,629,2738,34,38,0,0,663,2776,0,0,663,2776,California
Solano,2020-12-23,856,3632,770,3508,86,124,0,0,855,3631,0,0,855,3631,California
Solano,2020-12-24,420,4052,169,3677,251,375,0,0,420,4051,0,0,420,4051,California
Solano,2020-12-25,10,4062,2,3679,8,383,0,0,10,4061,0,0,10,4061,California
Solano,2020-12-26,175,4237,48,3727,127,510,0,0,175,4236,0,0,175,4236,California
Solano,2020-12-27,101,4338,28,3755,73,583,0,0,101,4337,0,0,101,4337,California
Solano,2020-12-28,857,5195,417,4172,440,1023,0,0,857,5194,0,0,857,5194,California
Solano,2020-12-29,886,6081,373,4545,513,1536,0,0,886,6080,0,0,886,6080,California
Solano,2020-12-30,1198,7279,595,5140,603,2139,0,0,1198,7278,0,0,1198,7278,California
Solano,2020-12-31,530,7809,130,5270,400,2539,0,0,530,7808,0,0,530,7808,California
Solano,2021-01-01,14,7823,12,5282,2,2541,0,0,14,7822,0,0,14,7822,California
Solano,2021-01-02,211,8034,163,5445,48,2589,0,0,211,8033,0,0,211,8033,California
Solano,2021-01-03,56,8090,39,5484,17,2606,0,0,51,8084,0,0,51,8084,California
Solano,2021-01-04,450,8540,247,5731,203,2809,0,0,440,8521,3,3,440,8524,California
Solano,2021-01-05,695,9235,376,6107,319,3128,0,0,541,8913,149,152,541,9065,California
Solano,2021-01-06,819,10054,434,6541,385,3513,0,0,558,9212,259,411,558,9623,California
Solano,2021-01-07,1050,11104,697,7238,353,3866,0,0,593,9351,455,866,594,10217,California
Solano,2021-01-08,1129,12233,776,8014,353,4219,0,0,536,9314,575,1441,538,10755,California
Solano,2021-01-09,885,13118,763,8777,122,4341,0,0,429,9290,453,1894,429,11184,California
Solano,2021-01-10,250,13368,191,8968,59,4400,0,0,150,9340,100,1994,150,11334,California
Solano,2021-01-11,1315,14683,1103,10071,212,4612,0,0,803,9632,512,2506,804,12138,California
Solano,2021-01-12,1541,16224,1158,11229,383,4995,0,0,995,10083,545,3051,996,13134,California
Solano,2021-01-13,1420,17644,995,12224,425,5420,0,0,1163,10991,255,3306,1163,14297,California
Solano,2021-01-14,1832,19476,793,13017,1039,6459,0,0,1518,12196,313,3619,1518,15815,California
Solano,2021-01-15,1675,21151,1059,14076,616,7075,0,0,1380,13281,295,3914,1380,17195,California
Solano,2021-01-16,1265,22416,907,14983,358,7433,0,0,1085,14186,180,4094,1085,18280,California
Solano,2021-01-17,1025,23441,747,15730,278,7711,0,0,1008,15177,17,4111,1008,19288,California
Solano,2021-01-18,1410,24851,859,16589,551,8262,0,0,1297,16362,113,4224,1298,20586,California
Solano,2021-01-19,1633,26484,1332,17921,301,8563,0,0,1360,17450,272,4496,1360,21946,California
Solano,2021-01-20,2017,28501,1414,19335,603,9166,0,0,1536,18508,478,4974,1536,23482,California
Solano,2021-01-21,3002,31503,988,20323,2014,11180,0,0,2667,20841,334,5308,2667,26149,California
Solano,2021-01-22,1738,33241,835,21158,903,12083,0,0,1549,22201,189,5497,1549,27698,California
Solano,2021-01-23,727,33968,236,21394,491,12574,0,0,524,22522,204,5701,525,28223,California
Solano,2021-01-24,374,34342,59,21453,315,12889,0,0,310,22768,64,5765,310,28533,California
Solano,2021-01-25,1605,35947,622,22075,983,13872,0,0,1056,23278,549,6314,1059,29592,California
Solano,2021-01-26,1672,37619,739,22814,933,14805,0,0,1046,23701,625,6939,1048,30640,California
Solano,2021-01-27,1757,39376,727,23541,1030,15835,0,0,1173,24303,571,7510,1173,31813,California
Solano,2021-01-28,1832,41208,711,24252,1121,16956,0,0,1232,24938,598,8108,1233,33046,California
Solano,2021-01-29,1633,42841,781,25033,852,17808,0,0,1276,25862,355,8463,1279,34325,California
Solano,2021-01-30,707,43548,217,25250,490,18298,0,0,552,26259,155,8618,552,34877,California
Solano,2021-01-31,477,44025,397,25647,80,18378,0,0,216,26215,261,8879,217,35094,California
Solano,2021-02-01,1469,45494,970,26617,499,18877,0,0,738,26225,728,9607,738,35832,California
Solano,2021-02-02,2551,48045,1036,27653,1515,20392,0,0,1763,27202,786,10393,1763,37595,California
Solano,2021-02-03,2215,50260,1295,28948,920,21312,0,0,1148,27290,1064,11457,1152,38747,California
Solano,2021-02-04,1754,52014,902,29850,852,22164,0,0,1041,27624,707,12164,1041,39788,California
Solano,2021-02-05,3044,55058,1406,31256,1638,23802,0,0,2044,28682,992,13156,2050,41838,California
Solano,2021-02-06,3001,58059,1162,32418,1839,25641,0,0,2196,30077,801,13957,2196,44034,California
Solano,2021-02-07,851,58910,789,33207,62,25703,0,0,237,29700,614,14571,237,44271,California
Solano,2021-02-08,1694,60604,1228,34435,466,26169,0,0,659,29327,1032,15603,659,44930,California
Solano,2021-02-09,1875,62479,1465,35900,410,26579,0,0,661,28775,1213,16816,661,45591,California
Solano,2021-02-10,2236,64715,1492,37392,744,27323,0,0,819,28181,1413,18229,819,46410,California
Solano,2021-02-11,2376,67091,1441,38833,935,28258,0,0,1116,28049,1248,19477,1116,47526,California
Solano,2021-02-12,4012,71103,1542,40375,2470,30728,0,0,2710,29466,1295,20772,2712,50238,California
Solano,2021-02-13,2795,73898,233,40608,2562,33290,0,0,2421,31516,371,21143,2421,52659,California
Solano,2021-02-14,685,74583,201,40809,484,33774,0,0,411,31655,272,21415,411,53070,California
Solano,2021-02-15,1197,75780,242,41051,955,34729,0,0,611,31680,586,22001,611,53681,California
Solano,2021-02-16,2289,78069,1205,42256,1084,35813,0,0,1530,32452,758,22759,1530,55211,California
Solano,2021-02-17,2480,80549,1210,43466,1270,37083,0,0,1692,33360,785,23544,1693,56904,California
Solano,2021-02-18,2528,83077,686,44152,1842,38925,0,0,822,32485,1697,25241,822,57726,California
Solano,2021-02-19,2177,85254,1245,45397,932,39857,0,0,1099,32511,1075,26316,1101,58827,California
Solano,2021-02-20,2522,87776,376,45773,2146,42003,0,0,2064,34115,460,26776,2064,60891,California
Solano,2021-02-21,2090,89866,1817,47590,273,42276,0,0,1812,35652,276,27052,1813,62704,California
Solano,2021-02-22,1548,91414,899,48489,649,42925,0,0,802,35711,744,27796,803,63507,California
Solano,2021-02-23,2265,93679,985,49474,1280,44205,0,0,1421,36289,843,28639,1421,64928,California
Solano,2021-02-24,2303,95982,1123,50597,1180,45385,0,0,1288,36563,1014,29653,1288,66216,California
Solano,2021-02-25,2245,98227,1333,51930,912,46297,0,0,1230,36787,1007,30660,1231,67447,California
Solano,2021-02-26,2439,100666,1351,53281,1088,47385,0,0,1220,36791,1216,31876,1220,68667,California
Solano,2021-02-27,3605,104271,1363,54644,2242,49627,0,0,2920,39035,678,32554,2922,71589,California
Solano,2021-02-28,1349,105620,1038,55682,311,49938,0,0,1084,39857,262,32816,1084,72673,California
Solano,2021-03-01,2073,107693,1027,56709,1046,50984,0,0,1481,40752,587,33403,1482,74155,California
Solano,2021-03-02,1866,109559,1195,57904,671,51655,0,0,1181,41248,685,34088,1181,75336,California
Solano,2021-03-03,1821,111380,1005,58909,816,52471,0,0,1076,41586,738,34826,1076,76412,California
Solano,2021-03-04,3023,114403,2194,61103,827,53298,2,2,2104,42777,916,35742,2107,78519,California
Solano,2021-03-05,3632,118035,1189,62292,2440,55738,3,5,2875,44900,757,36499,2880,81399,California
Solano,2021-03-06,3458,121493,697,62989,2721,58459,40,45,2369,46227,1082,37581,2409,83808,California
Solano,2021-03-07,3449,124942,728,63717,2709,61168,12,57,1907,46615,1532,39113,1920,85728,California
Solano,2021-03-08,1558,126500,792,64509,499,61667,267,324,1076,47478,481,39594,1344,87072,California
Solano,2021-03-09,2547,129047,1302,65811,1192,62859,53,377,1752,48486,795,40389,1803,88875,California
Solano,2021-03-10,2125,131172,1529,67340,507,63366,89,466,1051,48556,1070,41459,1140,90015,California
Solano,2021-03-11,5267,136439,1367,68707,3663,67029,237,703,4350,52229,915,42374,4588,94603,California
Solano,2021-03-12,5329,141768,1313,70020,3933,70962,83,786,2839,52668,2485,44859,2924,97527,California
Solano,2021-03-13,3966,145734,754,70774,3131,74093,81,867,1972,52737,1988,46847,2057,99584,California
Solano,2021-03-14,3586,149320,2816,73590,324,74417,446,1313,1514,52636,2069,48916,1968,101552,California
Solano,2021-03-15,3172,152492,1679,75269,1176,75593,317,1630,1845,53474,1324,50240,2162,103714,California
Solano,2021-03-16,2806,155298,1121,76390,1456,77049,229,1859,1423,53745,1380,51620,1651,105365,California
Solano,2021-03-17,5320,160618,1417,77807,3814,80863,89,1948,4061,56641,1254,52874,4150,109515,California
Solano,2021-03-18,3972,164590,1378,79185,2559,83422,35,1983,2921,58556,1043,53917,2958,112473,California
Solano,2021-03-19,1849,166439,1237,80422,555,83977,57,2040,998,58768,846,54763,1058,113531,California
Solano,2021-03-20,4097,170536,1086,81508,2969,86946,42,2082,2161,59050,1930,56693,2212,115743,California
Solano,2021-03-21,1627,172163,1539,83047,71,87017,17,2099,840,59121,785,57478,856,116599,California
Solano,2021-03-22,1944,174107,1398,84445,498,87515,48,2147,1033,59309,905,58383,1093,117692,California
Solano,2021-03-23,2280,176387,1494,85939,740,88255,46,2193,1059,59209,1218,59601,1118,118810,California
Solano,2021-03-24,2623,179010,1620,87559,967,89222,36,2229,1278,59267,1341,60942,1399,120209,California
Solano,2021-03-25,4330,183340,3555,91114,743,89965,32,2261,1962,59709,2364,63306,2806,123015,California
Solano,2021-03-26,2698,186038,1650,92764,1012,90977,36,2297,1463,60247,1229,64535,1767,124782,California
Solano,2021-03-27,3556,189594,1134,93898,2385,93362,37,2334,1459,59815,2089,66624,1657,126439,California
Solano,2021-03-28,1319,190913,1073,94971,228,93590,18,2352,540,59609,776,67400,570,127009,California
Solano,2021-03-29,2525,193438,1419,96390,1089,94679,17,2369,1421,59980,1100,68500,1471,128480,California
Solano,2021-03-30,1670,195108,1277,97667,323,95002,70,2439,1034,60460,634,69134,1114,129594,California
Sonoma,2020-12-15,4,4,4,4,0,0,0,0,4,4,0,0,4,4,California
Sonoma,2020-12-16,29,33,29,33,0,0,0,0,29,33,0,0,29,33,California
Sonoma,2020-12-17,101,134,101,134,0,0,0,0,101,134,0,0,101,134,California
Sonoma,2020-12-18,419,553,419,553,0,0,0,0,419,553,0,0,419,553,California
Sonoma,2020-12-19,110,663,109,662,1,1,0,0,110,663,0,0,110,663,California
Sonoma,2020-12-20,175,838,175,837,0,1,0,0,175,838,0,0,175,838,California
Sonoma,2020-12-21,912,1750,910,1747,2,3,0,0,911,1749,0,0,911,1749,California
Sonoma,2020-12-22,1365,3115,1273,3020,92,95,0,0,1365,3114,0,0,1365,3114,California
Sonoma,2020-12-23,1602,4717,1226,4246,376,471,0,0,1603,4717,0,0,1603,4717,California
Sonoma,2020-12-24,305,5022,101,4347,204,675,0,0,305,5022,0,0,305,5022,California
Sonoma,2020-12-25,8,5030,2,4349,6,681,0,0,8,5030,0,0,8,5030,California
Sonoma,2020-12-26,266,5296,255,4604,11,692,0,0,266,5296,0,0,266,5296,California
Sonoma,2020-12-27,93,5389,80,4684,13,705,0,0,93,5389,0,0,93,5389,California
Sonoma,2020-12-28,989,6378,553,5237,436,1141,0,0,961,6350,0,0,961,6350,California
Sonoma,2020-12-29,1133,7511,779,6016,354,1495,0,0,1099,7449,0,0,1099,7449,California
Sonoma,2020-12-30,1094,8605,479,6495,615,2110,0,0,1086,8535,0,0,1086,8535,California
Sonoma,2020-12-31,515,9120,70,6565,445,2555,0,0,516,9051,0,0,516,9051,California
Sonoma,2021-01-01,10,9130,6,6571,4,2559,0,0,10,9061,0,0,10,9061,California
Sonoma,2021-01-02,132,9262,125,6696,7,2566,0,0,132,9193,0,0,132,9193,California
Sonoma,2021-01-03,23,9285,9,6705,14,2580,0,0,23,9216,0,0,23,9216,California
Sonoma,2021-01-04,341,9626,104,6809,237,2817,0,0,340,9556,0,0,340,9556,California
Sonoma,2021-01-05,438,10064,102,6911,336,3153,0,0,414,9955,15,15,414,9970,California
Sonoma,2021-01-06,949,11013,434,7345,515,3668,0,0,835,10683,107,122,835,10805,California
Sonoma,2021-01-07,1014,12027,523,7868,491,4159,0,0,845,11360,168,290,845,11650,California
Sonoma,2021-01-08,1781,13808,1228,9096,553,4712,0,0,1311,12203,468,758,1311,12961,California
Sonoma,2021-01-09,654,14462,420,9516,234,4946,0,0,606,12761,48,806,606,13567,California
Sonoma,2021-01-10,470,14932,459,9975,11,4957,0,0,278,12847,192,998,278,13845,California
Sonoma,2021-01-11,1381,16313,1236,11211,145,5102,0,0,411,12292,966,1964,411,14256,California
Sonoma,2021-01-12,1547,17860,1295,12506,252,5354,0,0,393,11533,1152,3116,393,14649,California
Sonoma,2021-01-13,2062,19922,1421,13927,641,5995,0,0,1199,11872,860,3976,1199,15848,California
Sonoma,2021-01-14,1524,21446,804,14731,720,6715,0,0,1293,12934,231,4207,1293,17141,California
Sonoma,2021-01-15,1560,23006,633,15364,927,7642,0,0,1340,14064,211,4418,1341,18482,California
Sonoma,2021-01-16,1132,24138,604,15968,528,8170,0,0,884,14704,244,4662,884,19366,California
Sonoma,2021-01-17,664,24802,549,16517,115,8285,0,0,585,15210,79,4741,585,19951,California
Sonoma,2021-01-18,1100,25902,931,17448,169,8454,0,0,610,15331,490,5231,611,20562,California
Sonoma,2021-01-19,2092,27994,1008,18456,1084,9538,0,0,1383,16008,707,5938,1384,21946,California
Sonoma,2021-01-20,2056,30050,618,19074,1438,10976,0,0,1400,16762,647,6585,1401,23347,California
Sonoma,2021-01-21,2209,32259,612,19686,1597,12573,0,0,1986,18529,220,6805,1987,25334,California
Sonoma,2021-01-22,2704,34963,1028,20714,1676,14249,0,0,2555,20936,148,6953,2555,27889,California
Sonoma,2021-01-23,760,35723,592,21306,168,14417,0,0,653,21483,106,7059,653,28542,California
Sonoma,2021-01-24,770,36493,638,21944,132,14549,0,0,755,22223,15,7074,755,29297,California
Sonoma,2021-01-25,2157,38650,516,22460,1641,16190,0,0,1670,23406,487,7561,1670,30967,California
Sonoma,2021-01-26,1989,40639,295,22755,1694,17884,0,0,1537,24492,451,8012,1537,32504,California
Sonoma,2021-01-27,3656,44295,1243,23998,2413,20297,0,0,3087,27014,567,8579,3089,35593,California
Sonoma,2021-01-28,4097,48392,1834,25832,2263,22560,0,0,3438,29798,656,9235,3440,39033,California
Sonoma,2021-01-29,2947,51339,1394,27226,1553,24113,0,0,2121,31096,824,10059,2122,41155,California
Sonoma,2021-01-30,2576,53915,2392,29618,184,24297,0,0,2223,32969,353,10412,2226,43381,California
Sonoma,2021-01-31,775,54690,664,30282,111,24408,0,0,578,33351,196,10608,578,43959,California
Sonoma,2021-02-01,2488,57178,868,31150,1620,26028,0,0,2091,35050,394,11002,2093,46052,California
Sonoma,2021-02-02,3428,60606,1362,32512,2066,28094,0,0,2861,37346,565,11567,2861,48913,California
Sonoma,2021-02-03,4017,64623,1316,33828,2701,30795,0,0,3097,39526,918,12485,3098,52011,California
Sonoma,2021-02-04,4121,68744,1650,35478,2471,33266,0,0,3379,42164,741,13226,3379,55390,California
Sonoma,2021-02-05,4792,73536,1732,37210,3060,36326,0,0,3783,44943,1005,14231,3784,59174,California
Sonoma,2021-02-06,2629,76165,2270,39480,359,36685,0,0,2079,46473,549,14780,2079,61253,California
Sonoma,2021-02-07,1533,77698,1397,40877,136,36821,0,0,1285,47511,247,15027,1285,62538,California
Sonoma,2021-02-08,3232,80930,1022,41899,2210,39031,0,0,2661,49603,569,15596,2661,65199,California
Sonoma,2021-02-09,3537,84467,1690,43589,1847,40878,0,0,3062,52193,473,16069,3063,68262,California
Sonoma,2021-02-10,4396,88863,2354,45943,2042,42920,0,0,3372,54548,1018,17087,3373,71635,California
Sonoma,2021-02-11,5316,94179,2790,48733,2526,45446,0,0,4149,57533,1164,18251,4149,75784,California
Sonoma,2021-02-12,5628,99807,2962,51695,2666,48112,0,0,4224,60356,1402,19653,4225,80009,California
Sonoma,2021-02-13,1975,101782,1153,52848,822,48934,0,0,1205,60794,767,20420,1205,81214,California
Sonoma,2021-02-14,2298,104080,1808,54656,490,49424,0,0,1659,61815,638,21058,1659,82873,California
Sonoma,2021-02-15,2097,106177,760,55416,1337,50761,0,0,1589,62896,508,21566,1589,84462,California
Sonoma,2021-02-16,4590,110767,2031,57447,2559,53320,0,0,3347,65002,1241,22807,3347,87809,California
Sonoma,2021-02-17,5249,116016,2828,60275,2421,55741,0,0,3332,66428,1908,24715,3334,91143,California
Sonoma,2021-02-18,6713,122729,2946,63221,3767,59508,0,0,3847,67415,2860,27575,3847,94990,California
Sonoma,2021-02-19,5378,128107,1655,64876,3723,63231,0,0,3313,68668,2060,29635,3313,98303,California
Sonoma,2021-02-20,3091,131198,2823,67699,268,63499,0,0,1220,68022,1866,31501,1220,99523,California
Sonoma,2021-02-21,442,131640,343,68042,99,63598,0,0,120,67824,318,31819,120,99643,California
Sonoma,2021-02-22,2685,134325,1331,69373,1354,64952,0,0,1041,67225,1640,33459,1041,100684,California
Sonoma,2021-02-23,3066,137391,2050,71423,1016,65968,0,0,1363,66888,1701,35160,1364,102048,California
Sonoma,2021-02-24,5414,142805,2500,73923,2914,68882,0,0,2717,66916,2691,37851,2719,104767,California
Sonoma,2021-02-25,5594,148399,2212,76135,3382,72264,0,0,2964,67270,2610,40461,2964,107731,California
Sonoma,2021-02-26,5962,154361,2738,78873,3224,75488,0,0,3702,68718,2254,42715,3702,111433,California
Sonoma,2021-02-27,4010,158371,1887,80760,2123,77611,0,0,2686,70083,1322,44037,2687,114120,California
Sonoma,2021-02-28,2213,160584,1732,82492,481,78092,0,0,594,69062,1615,45652,594,114714,California
Sonoma,2021-03-01,3612,164196,1101,83593,2511,80603,0,0,1768,68994,1837,47489,1769,116483,California
Sonoma,2021-03-02,4167,168363,1445,85038,2722,83325,0,0,2459,69753,1700,49189,2459,118942,California
Sonoma,2021-03-03,4264,172627,2229,87267,2035,85360,0,0,1856,69209,2400,51589,1856,120798,California
Sonoma,2021-03-04,4886,177513,2242,89509,2644,88004,0,0,1993,68321,2881,54470,1993,122791,California
Sonoma,2021-03-05,5146,182659,2198,91707,2933,90937,15,15,2052,67312,3081,57551,2072,124863,California
Sonoma,2021-03-06,2557,185216,1129,92836,1308,92245,120,135,1728,68334,825,58376,1847,126710,California
Sonoma,2021-03-07,1692,186908,1412,94248,248,92493,32,167,349,67373,1342,59718,381,127091,California
Sonoma,2021-03-08,3806,190714,631,94879,3008,95501,167,334,2163,68069,1634,61352,2330,129421,California
Sonoma,2021-03-09,5355,196069,2958,97837,2149,97650,248,582,2642,68250,2709,64061,2890,132311,California
Sonoma,2021-03-10,5804,201873,3117,100954,2384,100034,303,885,2343,67450,3446,67507,2646,134957,California
Sonoma,2021-03-11,7215,209088,2873,103827,3563,103597,779,1664,2556,66137,4650,72157,3337,138294,California
Sonoma,2021-03-12,6947,216035,2132,105959,3547,107144,1268,2932,1987,64448,4944,77101,3255,141549,California
Sonoma,2021-03-13,2949,218984,1451,107410,1274,108418,224,3156,1700,65123,1247,78348,1922,143471,California
Sonoma,2021-03-14,1162,220146,288,107698,734,109152,140,3296,752,65607,407,78755,891,144362,California
Sonoma,2021-03-15,5140,225286,1455,109153,3313,112465,372,3668,2170,65187,2962,81717,2542,146904,California
Sonoma,2021-03-16,6215,231501,2222,111375,3770,116235,223,3891,3150,65501,3059,84776,3373,150277,California
Sonoma,2021-03-17,6386,237887,3379,114754,2840,119075,167,4058,3269,65829,3108,87884,3436,153713,California
Sonoma,2021-03-18,5765,243652,2411,117165,2856,121931,498,4556,2662,65889,3098,90982,3158,156871,California
Sonoma,2021-03-19,5365,249017,2300,119465,2878,124809,187,4743,2424,65579,2923,93905,2613,159484,California
Sonoma,2021-03-20,2742,251759,1342,120807,742,125551,658,5401,1480,66458,1259,95164,2138,161622,California
Sonoma,2021-03-21,1348,253107,587,121394,727,126278,34,5435,1185,67516,162,95326,1220,162842,California
Sonoma,2021-03-22,4413,257520,3008,124402,1304,127582,101,5536,3481,70182,931,96257,3597,166439,California
Sonoma,2021-03-23,5607,263127,3472,127874,2061,129643,74,5610,4510,73679,1094,97351,4591,171030,California
Sonoma,2021-03-24,6461,269588,4138,132012,2249,131892,74,5684,4062,75560,2382,99733,4263,175293,California
Sonoma,2021-03-25,6773,276361,4042,136054,2629,134521,102,5786,4198,77399,2556,102289,4395,179688,California
Sonoma,2021-03-26,6965,283326,3275,139329,3606,138127,84,5870,3779,78318,3172,105461,4091,183779,California
Sonoma,2021-03-27,3798,287124,1482,140811,1966,140093,350,6220,1103,77165,2687,108148,1534,185313,California
Sonoma,2021-03-28,1447,288571,887,141698,535,140628,25,6245,907,77558,539,108687,932,186245,California
Sonoma,2021-03-29,2657,291228,1059,142757,1566,142194,32,6277,1556,78063,1096,109783,1601,187846,California
Sonoma,2021-03-30,3618,294846,2326,145083,1279,143473,13,6290,1868,78210,1749,111532,1896,189742,California
Stanislaus,2020-12-15,2,2,2,2,0,0,0,0,2,2,0,0,2,2,California
Stanislaus,2020-12-16,37,39,37,39,0,0,0,0,37,39,0,0,37,39,California
Stanislaus,2020-12-17,73,112,73,112,0,0,0,0,73,112,0,0,73,112,California
Stanislaus,2020-12-18,431,543,424,536,7,7,0,0,431,543,0,0,431,543,California
Stanislaus,2020-12-19,192,735,192,728,0,7,0,0,192,735,0,0,192,735,California
Stanislaus,2020-12-20,125,860,125,853,0,7,0,0,125,860,0,0,125,860,California
Stanislaus,2020-12-21,1125,1985,1122,1975,3,10,0,0,1124,1984,0,0,1124,1984,California
Stanislaus,2020-12-22,846,2831,834,2809,12,22,0,0,846,2830,0,0,846,2830,California
Stanislaus,2020-12-23,461,3292,444,3253,17,39,0,0,460,3290,0,0,460,3290,California
Stanislaus,2020-12-24,99,3391,90,3343,9,48,0,0,99,3389,0,0,99,3389,California
Stanislaus,2020-12-26,48,3439,6,3349,42,90,0,0,48,3437,0,0,48,3437,California
Stanislaus,2020-12-27,10,3449,5,3354,5,95,0,0,10,3447,0,0,10,3447,California
Stanislaus,2020-12-28,499,3948,403,3757,96,191,0,0,499,3946,0,0,499,3946,California
Stanislaus,2020-12-29,504,4452,429,4186,75,266,0,0,504,4450,0,0,504,4450,California
Stanislaus,2020-12-30,539,4991,283,4469,256,522,0,0,539,4988,1,1,539,4989,California
Stanislaus,2020-12-31,315,5306,172,4641,143,665,0,0,317,5305,0,1,317,5306,California
Stanislaus,2021-01-01,8,5314,1,4642,7,672,0,0,8,5313,0,1,8,5314,California
Stanislaus,2021-01-02,30,5344,23,4665,7,679,0,0,30,5343,0,1,30,5344,California
Stanislaus,2021-01-03,88,5432,85,4750,3,682,0,0,88,5431,0,1,88,5432,California
Stanislaus,2021-01-04,114,5546,31,4781,83,765,0,0,117,5548,0,1,117,5549,California
Stanislaus,2021-01-05,849,6395,334,5115,515,1280,0,0,826,6359,16,17,827,6376,California
Stanislaus,2021-01-06,976,7371,545,5660,431,1711,0,0,902,7198,64,81,903,7279,California
Stanislaus,2021-01-07,1087,8458,696,6356,391,2102,0,0,962,8049,112,193,963,8242,California
Stanislaus,2021-01-08,1316,9774,754,7110,562,2664,0,0,946,8634,365,558,950,9192,California
Stanislaus,2021-01-09,288,10062,144,7254,144,2808,0,0,196,8738,92,650,196,9388,California
Stanislaus,2021-01-10,46,10108,19,7273,27,2835,0,0,29,8750,17,667,29,9417,California
Stanislaus,2021-01-11,1544,11652,1260,8533,284,3119,0,0,601,8424,940,1607,614,10031,California
Stanislaus,2021-01-12,1487,13139,888,9421,599,3718,0,0,832,8609,651,2258,836,10867,California
Stanislaus,2021-01-13,1439,14578,675,10096,764,4482,0,0,1114,9407,324,2582,1122,11989,California
Stanislaus,2021-01-14,2212,16790,279,10375,1933,6415,0,0,2062,11375,148,2730,2116,14105,California
Stanislaus,2021-01-15,2881,19671,1149,11524,1732,8147,0,0,2724,14031,135,2865,2791,16896,California
Stanislaus,2021-01-16,571,20242,51,11575,520,8667,0,0,555,14573,15,2880,557,17453,California
Stanislaus,2021-01-17,244,20486,201,11776,43,8710,0,0,238,14805,6,2886,238,17691,California
Stanislaus,2021-01-18,2173,22659,1020,12796,1153,9863,0,0,1803,16302,367,3253,1864,19555,California
Stanislaus,2021-01-19,1266,23925,740,13536,526,10389,0,0,805,16650,458,3711,806,20361,California
Stanislaus,2021-01-20,994,24919,479,14015,515,10904,0,0,703,17063,290,4001,703,21064,California
Stanislaus,2021-01-21,3675,28594,2958,16973,717,11621,0,0,3357,20191,316,4317,3444,24508,California
Stanislaus,2021-01-22,1092,29686,305,17278,787,12408,0,0,1046,21198,43,4360,1050,25558,California
Stanislaus,2021-01-23,350,30036,38,17316,312,12720,0,0,296,21444,54,4414,300,25858,California
Stanislaus,2021-01-24,288,30324,99,17415,189,12909,0,0,222,21602,66,4480,224,26082,California
Stanislaus,2021-01-25,3138,33462,218,17633,2920,15829,0,0,2843,24274,296,4776,2968,29050,California
Stanislaus,2021-01-26,1730,35192,738,18371,992,16821,0,0,1312,25187,413,5189,1326,30376,California
Stanislaus,2021-01-27,1829,37021,966,19337,863,17684,0,0,1173,25712,649,5838,1174,31550,California
Stanislaus,2021-01-28,2245,39266,1495,20832,750,18434,0,0,1762,27050,471,6309,1809,33359,California
Stanislaus,2021-01-29,2484,41750,1197,22029,1287,19721,0,0,1955,28563,482,6791,1995,35354,California
Stanislaus,2021-01-30,296,42046,116,22145,180,19901,0,0,246,28757,52,6843,246,35600,California
Stanislaus,2021-01-31,366,42412,314,22459,52,19953,0,0,363,29108,12,6855,363,35963,California
Stanislaus,2021-02-01,1269,43681,539,22998,730,20683,0,0,934,29716,327,7182,935,36898,California
Stanislaus,2021-02-02,1256,44937,368,23366,888,21571,0,0,803,30071,453,7635,808,37706,California
Stanislaus,2021-02-03,2525,47462,1079,24445,1446,23017,0,0,1846,31248,675,8310,1852,39558,California
Stanislaus,2021-02-04,2107,49569,721,25166,1386,24403,0,0,1593,32337,509,8819,1598,41156,California
Stanislaus,2021-02-05,2850,52419,1455,26621,1395,25798,0,0,1615,32767,1189,10008,1619,42775,California
Stanislaus,2021-02-06,1012,53431,290,26911,722,26520,0,0,822,33401,189,10197,823,43598,California
Stanislaus,2021-02-07,210,53641,186,27097,24,26544,0,0,40,33273,169,10366,41,43639,California
Stanislaus,2021-02-08,2021,55662,1309,28406,712,27256,0,0,1117,33515,878,11244,1120,44759,California
Stanislaus,2021-02-09,1866,57528,788,29194,1078,28334,0,0,1101,33850,769,12013,1104,45863,California
Stanislaus,2021-02-10,1980,59508,563,29757,1417,29751,0,0,1071,34029,894,12907,1073,46936,California
Stanislaus,2021-02-11,5543,65051,3412,33169,2131,31882,0,0,1419,31488,3965,16872,1424,48360,California
Stanislaus,2021-02-12,3536,68587,1098,34267,2438,34320,0,0,1672,31346,1817,18689,1675,50035,California
Stanislaus,2021-02-13,1545,70132,756,35023,789,35109,0,0,1101,32001,450,19139,1105,51140,California
Stanislaus,2021-02-14,423,70555,170,35193,253,35362,0,0,357,32294,65,19204,358,51498,California
Stanislaus,2021-02-15,1839,72394,251,35444,1588,36950,0,0,629,31819,1113,20317,638,52136,California
Stanislaus,2021-02-16,1386,73780,419,35863,967,37917,0,0,597,31652,784,21101,617,52753,California
Stanislaus,2021-02-17,2751,76531,1669,37532,1082,38999,0,0,1970,32859,785,21886,1992,54745,California
Stanislaus,2021-02-18,3391,79922,1884,39416,1507,40506,0,0,1791,33178,1532,23418,1851,56596,California
Stanislaus,2021-02-19,2767,82689,1032,40448,1735,42241,0,0,1568,33579,1175,24593,1576,58172,California
Stanislaus,2021-02-20,755,83444,366,40814,389,42630,0,0,497,33830,249,24842,500,58672,California
Stanislaus,2021-02-21,798,84242,589,41403,209,42839,0,0,360,33874,424,25266,468,59140,California
Stanislaus,2021-02-22,2297,86539,1599,43002,698,43537,0,0,1588,34781,683,25949,1590,60730,California
Stanislaus,2021-02-23,3712,90251,678,43680,3034,46571,0,0,1754,34721,1834,27783,1774,62504,California
Stanislaus,2021-02-24,4141,94392,2789,46469,1352,47923,0,0,2974,36717,1153,28936,3149,65653,California
Stanislaus,2021-02-25,3929,98321,2639,49108,1290,49213,0,0,2958,38893,957,29893,3133,68786,California
Stanislaus,2021-02-26,4235,102556,1211,50319,3024,52237,0,0,2664,40237,1533,31426,2877,71663,California
Stanislaus,2021-02-27,2198,104754,684,51003,1513,53750,1,1,1784,41791,388,31814,1942,73605,California
Stanislaus,2021-02-28,802,105556,253,51256,549,54299,0,1,743,42490,54,31868,753,74358,California
Stanislaus,2021-03-01,3074,108630,1597,52853,1477,55776,0,1,1663,42769,1393,33261,1672,76030,California
Stanislaus,2021-03-02,2421,111051,1440,54293,981,56757,0,1,1675,43714,735,33996,1680,77710,California
Stanislaus,2021-03-03,3652,114703,2188,56481,1461,58218,3,4,2792,45670,839,34835,2795,80505,California
Stanislaus,2021-03-04,5510,120213,3203,59684,2289,60507,18,22,4160,48520,1331,36166,4181,84686,California
Stanislaus,2021-03-05,4189,124402,1303,60987,2870,63377,16,38,3058,50490,1112,37278,3082,87768,California
Stanislaus,2021-03-06,3712,128114,2249,63236,1375,64752,88,126,2690,52258,1019,38297,2787,90555,California
Stanislaus,2021-03-07,835,128949,380,63616,419,65171,36,162,646,52757,184,38481,683,91238,California
Stanislaus,2021-03-08,1987,130936,900,64516,1009,66180,78,240,1267,53392,713,39194,1348,92586,California
Stanislaus,2021-03-09,2731,133667,1045,65561,1597,67777,89,329,1703,54175,1016,40210,1799,94385,California
Stanislaus,2021-03-10,5484,139151,2653,68214,2614,70391,217,546,3756,56446,1710,41920,3981,98366,California
Stanislaus,2021-03-11,6183,145334,3324,71538,2390,72781,469,1015,4165,59248,1853,43773,4655,103021,California
Stanislaus,2021-03-12,6143,151477,1326,72864,2913,75694,1904,2919,2775,60655,3348,47121,4755,107776,California
Stanislaus,2021-03-13,3601,155078,2231,75095,1304,76998,66,2985,2692,62570,895,48016,2810,110586,California
Stanislaus,2021-03-14,818,155896,517,75612,250,77248,51,3036,411,62636,405,48421,471,111057,California
Stanislaus,2021-03-15,3847,159743,1968,77580,1501,78749,378,3414,1658,62648,2097,50518,2109,113166,California
Stanislaus,2021-03-16,5074,164817,2458,80038,2175,80924,441,3855,3636,65312,1418,51936,4082,117248,California
Stanislaus,2021-03-17,5095,169912,3054,83092,1861,82785,180,4035,3148,66742,1929,53865,3359,120607,California
Stanislaus,2021-03-18,5728,175640,3505,86597,2151,84936,72,4107,3301,67840,2289,56154,3387,123994,California
Stanislaus,2021-03-19,6324,181964,1709,88306,3099,88035,1516,5623,3486,70044,2805,58959,5009,129003,California
Stanislaus,2021-03-20,3718,185682,2720,91026,946,88981,52,5675,3324,73037,387,59346,3380,132383,California
Stanislaus,2021-03-21,992,186674,886,91912,45,89026,61,5736,755,73625,231,59577,819,133202,California
Stanislaus,2021-03-22,3008,189682,1373,93285,912,89938,723,6459,1402,74162,1592,61169,2129,135331,California
Stanislaus,2021-03-23,4061,193743,2071,95356,1749,91687,241,6700,2942,76260,1101,62270,3199,138530,California
Stanislaus,2021-03-24,4651,198394,3256,98612,1327,93014,68,6768,2760,77268,1849,64119,2857,141387,California
Stanislaus,2021-03-25,4561,202955,3091,101703,1455,94469,15,6783,2093,77010,2393,66512,2135,143522,California
Stanislaus,2021-03-26,4693,207648,1384,103087,3243,97712,66,6849,2390,77209,2271,68783,2470,145992,California
Stanislaus,2021-03-27,4252,211900,2666,105753,1560,99272,26,6875,1287,75598,2949,71732,1338,147330,California
Stanislaus,2021-03-28,1134,213034,416,106169,537,99809,181,7056,327,75320,801,72533,523,147853,California
Stanislaus,2021-03-29,2930,215964,1627,107796,1267,101076,36,7092,2071,76602,849,73382,2131,149984,California
Stanislaus,2021-03-30,2565,218529,1318,109114,1229,102305,18,7110,1749,77574,808,74190,1780,151764,California
Sutter,2020-12-15,1,1,1,1,0,0,0,0,1,1,0,0,1,1,California
Sutter,2020-12-16,4,5,4,5,0,0,0,0,4,5,0,0,4,5,California
Sutter,2020-12-17,2,7,2,7,0,0,0,0,2,7,0,0,2,7,California
Sutter,2020-12-18,20,27,20,27,0,0,0,0,20,27,0,0,20,27,California
Sutter,2020-12-19,44,71,44,71,0,0,0,0,44,71,0,0,44,71,California
Sutter,2020-12-20,42,113,42,113,0,0,0,0,42,113,0,0,42,113,California
Sutter,2020-12-21,101,214,101,214,0,0,0,0,101,214,0,0,101,214,California
Sutter,2020-12-22,174,388,174,388,0,0,0,0,174,388,0,0,174,388,California
Sutter,2020-12-23,114,502,110,498,4,4,0,0,114,502,0,0,114,502,California
Sutter,2020-12-24,17,519,11,509,6,10,0,0,17,519,0,0,17,519,California
Sutter,2020-12-26,39,558,35,544,4,14,0,0,39,558,0,0,39,558,California
Sutter,2020-12-27,24,582,23,567,1,15,0,0,24,582,0,0,24,582,California
Sutter,2020-12-28,83,665,55,622,28,43,0,0,83,665,0,0,83,665,California
Sutter,2020-12-29,101,766,14,636,87,130,0,0,101,766,0,0,101,766,California
Sutter,2020-12-30,136,902,33,669,103,233,0,0,136,902,0,0,136,902,California
Sutter,2020-12-31,70,972,6,675,64,297,0,0,70,972,0,0,70,972,California
Sutter,2021-01-01,3,975,3,678,0,297,0,0,3,975,0,0,3,975,California
Sutter,2021-01-02,135,1110,133,811,2,299,0,0,135,1110,0,0,135,1110,California
Sutter,2021-01-03,1,1111,0,811,1,300,0,0,1,1111,0,0,1,1111,California
Sutter,2021-01-04,248,1359,140,951,108,408,0,0,248,1359,0,0,248,1359,California
Sutter,2021-01-05,99,1458,56,1007,43,451,0,0,97,1454,2,2,97,1456,California
Sutter,2021-01-06,206,1664,52,1059,154,605,0,0,201,1650,5,7,201,1657,California
Sutter,2021-01-07,250,1914,150,1209,100,705,0,0,241,1883,8,15,241,1898,California
Sutter,2021-01-08,146,2060,40,1249,106,811,0,0,129,1995,17,32,129,2027,California
Sutter,2021-01-09,44,2104,43,1292,1,812,0,0,3,1957,41,73,3,2030,California
Sutter,2021-01-10,402,2506,37,1329,365,1177,0,0,364,2284,37,110,364,2394,California
Sutter,2021-01-11,133,2639,115,1444,18,1195,0,0,26,2203,107,217,26,2420,California
Sutter,2021-01-12,202,2841,165,1609,37,1232,0,0,57,2115,145,362,57,2477,California
Sutter,2021-01-13,157,2998,95,1704,62,1294,0,0,70,2098,87,449,70,2547,California
Sutter,2021-01-14,145,3143,50,1754,95,1389,0,0,125,2203,20,469,125,2672,California
Sutter,2021-01-15,434,3577,131,1885,303,1692,0,0,419,2607,15,484,419,3091,California
Sutter,2021-01-16,390,3967,42,1927,348,2040,0,0,358,2934,31,515,358,3449,California
Sutter,2021-01-17,25,3992,23,1950,2,2042,0,0,9,2927,16,531,9,3458,California
Sutter,2021-01-18,116,4108,61,2011,55,2097,0,0,69,2949,47,578,69,3527,California
Sutter,2021-01-19,100,4208,40,2051,60,2157,0,0,76,3001,24,602,76,3603,California
Sutter,2021-01-20,256,4464,191,2242,65,2222,0,0,236,3217,20,622,236,3839,California
Sutter,2021-01-21,433,4897,264,2506,169,2391,0,0,414,3612,19,641,414,4253,California
Sutter,2021-01-22,267,5164,82,2588,185,2576,0,0,258,3861,9,650,258,4511,California
Sutter,2021-01-23,396,5560,40,2628,356,2932,0,0,370,4205,26,676,370,4881,California
Sutter,2021-01-24,17,5577,14,2642,3,2935,0,0,15,4218,2,678,15,4896,California
Sutter,2021-01-25,302,5879,196,2838,106,3041,0,0,149,4215,152,830,149,5045,California
Sutter,2021-01-26,242,6121,102,2940,140,3181,0,0,145,4265,96,926,146,5191,California
Sutter,2021-01-27,385,6506,254,3194,131,3312,0,0,319,4518,66,992,319,5510,California
Sutter,2021-01-28,523,7029,300,3494,223,3535,0,0,393,4781,130,1122,393,5903,California
Sutter,2021-01-29,418,7447,146,3640,272,3807,0,0,252,4867,166,1288,252,6155,California
Sutter,2021-01-30,780,8227,39,3679,741,4548,0,0,769,5625,11,1299,769,6924,California
Sutter,2021-01-31,27,8254,27,3706,0,4548,0,0,27,5652,0,1299,27,6951,California
Sutter,2021-02-01,162,8416,47,3753,115,4663,0,0,131,5752,31,1330,131,7082,California
Sutter,2021-02-02,240,8656,25,3778,215,4878,0,0,210,5932,30,1360,210,7292,California
Sutter,2021-02-03,443,9099,36,3814,407,5285,0,0,211,5911,232,1592,211,7503,California
Sutter,2021-02-04,667,9766,366,4180,301,5586,0,0,617,6478,50,1642,617,8120,California
Sutter,2021-02-05,281,10047,31,4211,250,5836,0,0,133,6463,148,1790,133,8253,California
Sutter,2021-02-06,732,10779,27,4238,705,6541,0,0,714,7158,19,1809,714,8967,California
Sutter,2021-02-07,22,10801,19,4257,3,6544,0,0,19,7174,3,1812,19,8986,California
Sutter,2021-02-08,132,10933,27,4284,105,6649,0,0,96,7234,36,1848,96,9082,California
Sutter,2021-02-09,249,11182,47,4331,202,6851,0,0,185,7355,64,1912,185,9267,California
Sutter,2021-02-10,799,11981,379,4710,420,7271,0,0,172,6901,626,2538,172,9439,California
Sutter,2021-02-11,601,12582,270,4980,331,7602,0,0,375,7050,226,2764,375,9814,California
Sutter,2021-02-12,624,13206,66,5046,558,8160,0,0,308,7042,316,3080,308,10122,California
Sutter,2021-02-13,900,14106,48,5094,852,9012,0,0,784,7710,116,3196,784,10906,California
Sutter,2021-02-14,87,14193,24,5118,63,9075,0,0,77,7777,10,3206,77,10983,California
Sutter,2021-02-15,198,14391,71,5189,127,9202,0,0,123,7825,75,3281,123,11106,California
Sutter,2021-02-16,283,14674,43,5232,240,9442,0,0,200,7943,82,3363,200,11306,California
Sutter,2021-02-17,829,15503,435,5667,394,9836,0,0,127,7368,702,4065,127,11433,California
Sutter,2021-02-18,702,16205,50,5717,652,10488,0,0,493,7653,208,4273,493,11926,California
Sutter,2021-02-19,662,16867,381,6098,281,10769,0,0,462,7917,198,4471,462,12388,California
Sutter,2021-02-20,621,17488,55,6153,566,11335,0,0,518,8332,103,4574,518,12906,California
Sutter,2021-02-21,29,17517,24,6177,5,11340,0,0,8,8319,21,4595,8,12914,California
Sutter,2021-02-22,199,17716,115,6292,84,11424,0,0,86,8292,113,4708,86,13000,California
Sutter,2021-02-23,217,17933,31,6323,186,11610,0,0,94,8263,123,4831,94,13094,California
Sutter,2021-02-24,957,18890,348,6671,609,12219,0,0,190,7687,766,5597,190,13284,California
Sutter,2021-02-25,771,19661,492,7163,279,12498,0,0,596,8111,172,5769,596,13880,California
Sutter,2021-02-26,365,20026,60,7223,305,12803,0,0,152,8052,211,5980,152,14032,California
Sutter,2021-02-27,858,20884,44,7267,814,13617,0,0,700,8593,159,6139,700,14732,California
Sutter,2021-02-28,83,20967,38,7305,45,13662,0,0,66,8642,17,6156,66,14798,California
Sutter,2021-03-01,243,21210,60,7365,183,13845,0,0,147,8693,96,6252,147,14945,California
Sutter,2021-03-02,333,21543,57,7422,276,14121,0,0,160,8681,172,6424,160,15105,California
Sutter,2021-03-03,1362,22905,506,7928,856,14977,0,0,622,8569,734,7158,622,15727,California
Sutter,2021-03-04,1232,24137,845,8773,387,15364,0,0,941,9226,286,7444,943,16670,California
Sutter,2021-03-05,316,24453,72,8845,243,15607,1,1,180,9272,135,7579,181,16851,California
Sutter,2021-03-06,595,25048,44,8889,547,16154,4,5,452,9585,143,7722,456,17307,California
Sutter,2021-03-07,62,25110,23,8912,38,16192,1,6,42,9608,20,7742,43,17350,California
Sutter,2021-03-08,201,25311,69,8981,120,16312,12,18,134,9688,66,7808,146,17496,California
Sutter,2021-03-09,379,25690,131,9112,235,16547,13,31,176,9675,202,8010,189,17685,California
Sutter,2021-03-10,1522,27212,653,9765,817,17364,52,83,479,9166,1040,9050,531,18216,California
Sutter,2021-03-11,837,28049,400,10165,421,17785,16,99,603,9554,231,9281,619,18835,California
Sutter,2021-03-12,482,28531,80,10245,334,18119,68,167,162,9465,319,9600,230,19065,California
Sutter,2021-03-13,908,29439,707,10952,184,18303,17,184,738,10052,168,9768,755,19820,California
Sutter,2021-03-14,85,29524,22,10974,52,18355,11,195,34,10046,51,9819,45,19865,California
Sutter,2021-03-15,309,29833,68,11042,194,18549,47,242,143,10071,165,9984,190,20055,California
Sutter,2021-03-16,333,30166,84,11126,203,18752,46,288,171,10127,161,10145,217,20272,California
Sutter,2021-03-17,1454,31620,551,11677,880,19632,23,311,281,9266,1165,11310,304,20576,California
Sutter,2021-03-18,734,32354,118,11795,456,20088,160,471,417,9527,315,11625,576,21152,California
Sutter,2021-03-19,316,32670,106,11901,193,20281,17,488,186,9603,127,11752,203,21355,California
Sutter,2021-03-20,862,33532,92,11993,764,21045,6,494,795,10339,66,11818,802,22157,California
Sutter,2021-03-21,70,33602,47,12040,19,21064,4,498,38,10349,32,11850,42,22199,California
Sutter,2021-03-22,282,33884,118,12158,138,21202,26,524,205,10503,77,11927,231,22430,California
Sutter,2021-03-23,339,34223,126,12284,181,21383,32,556,233,10662,106,12033,265,22695,California
Sutter,2021-03-24,1624,35847,723,13007,829,22212,72,628,311,9741,1304,13337,383,23078,California
Sutter,2021-03-25,980,36827,660,13667,279,22491,41,669,325,9456,652,13989,367,23445,California
Sutter,2021-03-26,471,37298,184,13851,269,22760,18,687,279,9568,190,14179,302,23747,California
Sutter,2021-03-27,861,38159,64,13915,794,23554,3,690,762,10235,98,14277,765,24512,California
Sutter,2021-03-28,120,38279,69,13984,51,23605,0,690,74,10264,45,14322,74,24586,California
Sutter,2021-03-29,396,38675,139,14123,208,23813,49,739,211,10341,184,14506,261,24847,California
Sutter,2021-03-30,222,38897,28,14151,190,24003,4,743,158,10440,63,14569,162,25009,California
Tehama,2020-12-15,1,1,1,1,0,0,0,0,1,1,0,0,1,1,California
Tehama,2020-12-16,2,3,2,3,0,0,0,0,2,3,0,0,2,3,California
Tehama,2020-12-17,12,15,12,15,0,0,0,0,12,15,0,0,12,15,California
Tehama,2020-12-18,2,17,2,17,0,0,0,0,3,18,0,0,3,18,California
Tehama,2020-12-21,33,50,33,50,0,0,0,0,33,51,0,0,33,51,California
Tehama,2020-12-22,68,118,62,112,6,6,0,0,68,119,0,0,68,119,California
Tehama,2020-12-23,48,166,40,152,8,14,0,0,48,167,0,0,48,167,California
Tehama,2020-12-24,5,171,3,155,2,16,0,0,5,172,0,0,5,172,California
Tehama,2020-12-26,3,174,2,157,1,17,0,0,3,175,0,0,3,175,California
Tehama,2020-12-27,2,176,2,159,0,17,0,0,2,177,0,0,2,177,California
Tehama,2020-12-28,56,232,43,202,13,30,0,0,56,233,0,0,56,233,California
Tehama,2020-12-29,31,263,31,233,0,30,0,0,31,264,0,0,31,264,California
Tehama,2020-12-30,54,317,38,271,16,46,0,0,53,317,0,0,53,317,California
Tehama,2020-12-31,14,331,4,275,10,56,0,0,14,331,0,0,14,331,California
Tehama,2021-01-01,2,333,0,275,2,58,0,0,2,333,0,0,2,333,California
Tehama,2021-01-04,31,364,8,283,23,81,0,0,31,364,0,0,31,364,California
Tehama,2021-01-05,71,435,44,327,27,108,0,0,68,429,3,3,68,432,California
Tehama,2021-01-06,70,505,21,348,49,157,0,0,61,482,8,11,61,493,California
Tehama,2021-01-07,57,562,7,355,50,207,0,0,56,537,1,12,56,549,California
Tehama,2021-01-08,30,592,24,379,6,213,0,0,25,557,5,17,25,574,California
Tehama,2021-01-09,7,599,5,384,2,215,0,0,5,560,2,19,5,579,California
Tehama,2021-01-10,1,600,0,384,1,216,0,0,1,561,0,19,1,580,California
Tehama,2021-01-11,47,647,46,430,1,217,0,0,14,542,33,52,14,594,California
Tehama,2021-01-12,115,762,95,525,20,237,0,0,70,567,45,97,70,664,California
Tehama,2021-01-13,72,834,55,580,17,254,0,0,26,547,46,143,26,690,California
Tehama,2021-01-14,226,1060,51,631,175,429,0,0,224,769,2,145,224,914,California
Tehama,2021-01-15,246,1306,74,705,172,601,0,0,242,1007,4,149,242,1156,California
Tehama,2021-01-16,274,1580,27,732,247,848,0,0,271,1275,3,152,271,1427,California
Tehama,2021-01-17,13,1593,9,741,4,852,0,0,11,1284,2,154,11,1438,California
Tehama,2021-01-18,10,1603,6,747,4,856,0,0,5,1284,5,159,5,1443,California
Tehama,2021-01-19,289,1892,61,808,228,1084,0,0,234,1463,55,214,234,1677,California
Tehama,2021-01-20,303,2195,88,896,215,1299,0,0,252,1665,50,264,252,1929,California
Tehama,2021-01-21,214,2409,11,907,203,1502,0,0,204,1859,10,274,204,2133,California
Tehama,2021-01-22,214,2623,12,919,202,1704,0,0,211,2067,3,277,211,2344,California
Tehama,2021-01-23,263,2886,10,929,253,1957,0,0,261,2327,2,279,262,2606,California
Tehama,2021-01-25,30,2916,13,942,17,1974,0,0,13,2323,17,296,13,2619,California
Tehama,2021-01-26,325,3241,41,983,284,2258,0,0,287,2573,38,334,288,2907,California
Tehama,2021-01-27,299,3540,21,1004,278,2536,0,0,279,2832,20,354,279,3186,California
Tehama,2021-01-28,337,3877,28,1032,309,2845,0,0,322,3139,15,369,322,3508,California
Tehama,2021-01-29,320,4197,18,1050,302,3147,0,0,303,3425,17,386,303,3811,California
Tehama,2021-01-30,102,4299,2,1052,100,3247,0,0,101,3525,1,387,101,3912,California
Tehama,2021-01-31,1,4300,0,1052,1,3248,0,0,1,3526,0,387,1,3913,California
Tehama,2021-02-01,78,4378,23,1075,55,3303,0,0,37,3522,41,428,37,3950,California
Tehama,2021-02-02,328,4706,63,1138,265,3568,0,0,232,3661,93,521,232,4182,California
Tehama,2021-02-03,361,5067,12,1150,349,3917,0,0,317,3934,44,565,317,4499,California
Tehama,2021-02-04,447,5514,99,1249,348,4265,0,0,369,4225,78,643,369,4868,California
Tehama,2021-02-05,160,5674,73,1322,87,4352,0,0,101,4267,59,702,101,4969,California
Tehama,2021-02-06,29,5703,13,1335,16,4368,0,0,17,4272,12,714,17,4986,California
Tehama,2021-02-07,5,5708,4,1339,1,4369,0,0,2,4271,3,717,2,4988,California
Tehama,2021-02-08,35,5743,14,1353,21,4390,0,0,27,4290,8,725,27,5015,California
Tehama,2021-02-09,76,5819,33,1386,43,4433,0,0,42,4298,34,759,42,5057,California
Tehama,2021-02-10,232,6051,61,1447,171,4604,0,0,157,4380,75,834,157,5214,California
Tehama,2021-02-11,219,6270,14,1461,205,4809,0,0,79,4321,138,972,79,5293,California
Tehama,2021-02-12,346,6616,49,1510,297,5106,0,0,165,4305,181,1153,165,5458,California
Tehama,2021-02-13,390,7006,13,1523,377,5483,0,0,149,4213,241,1394,149,5607,California
Tehama,2021-02-14,34,7040,0,1523,34,5517,0,0,33,4245,1,1395,33,5640,California
Tehama,2021-02-15,52,7092,10,1533,42,5559,0,0,46,4285,6,1401,46,5686,California
Tehama,2021-02-16,240,7332,15,1548,225,5784,0,0,57,4159,183,1584,57,5743,California
Tehama,2021-02-17,291,7623,21,1569,270,6054,0,0,65,3998,226,1810,65,5808,California
Tehama,2021-02-18,363,7986,36,1605,327,6381,0,0,139,3913,224,2034,139,5947,California
Tehama,2021-02-19,216,8202,19,1624,197,6578,0,0,46,3789,170,2204,46,5993,California
Tehama,2021-02-20,273,8475,6,1630,267,6845,0,0,26,3569,246,2450,26,6019,California
Tehama,2021-02-21,1,8476,1,1631,0,6845,0,0,1,3570,0,2450,1,6020,California
Tehama,2021-02-22,38,8514,14,1645,24,6869,0,0,25,3582,13,2463,25,6045,California
Tehama,2021-02-23,45,8559,18,1663,27,6896,0,0,25,3587,20,2483,25,6070,California
Tehama,2021-02-24,298,8857,12,1675,286,7182,0,0,25,3339,273,2756,25,6095,California
Tehama,2021-02-25,379,9236,63,1738,316,7498,0,0,39,3038,340,3096,39,6134,California
Tehama,2021-02-26,453,9689,19,1757,434,7932,0,0,69,2723,384,3480,69,6203,California
Tehama,2021-02-27,296,9985,6,1763,290,8222,0,0,35,2497,261,3741,35,6238,California
Tehama,2021-02-28,24,10009,3,1766,21,8243,0,0,21,2515,3,3744,21,6259,California
Tehama,2021-03-01,62,10071,8,1774,54,8297,0,0,28,2509,34,3778,28,6287,California
Tehama,2021-03-02,97,10168,17,1791,80,8377,0,0,25,2462,72,3850,25,6312,California
Tehama,2021-03-03,96,10264,28,1819,68,8445,0,0,37,2440,59,3909,37,6349,California
Tehama,2021-03-04,528,10792,21,1840,507,8952,0,0,195,2308,327,4236,195,6544,California
Tehama,2021-03-05,344,11136,21,1861,323,9275,0,0,189,2343,154,4390,189,6733,California
Tehama,2021-03-06,279,11415,11,1872,268,9543,0,0,72,2210,206,4596,73,6806,California
Tehama,2021-03-07,8,11423,2,1874,6,9549,0,0,6,2214,2,4598,6,6812,California
Tehama,2021-03-08,53,11476,10,1884,30,9579,13,13,25,2225,27,4625,38,6850,California
Tehama,2021-03-09,286,11762,5,1889,262,9841,19,32,234,2426,52,4677,253,7103,California
Tehama,2021-03-10,310,12072,14,1903,292,10133,4,36,64,2249,245,4922,68,7171,California
Tehama,2021-03-11,438,12510,22,1925,381,10514,35,71,312,2470,126,5048,347,7518,California
Tehama,2021-03-12,231,12741,13,1938,171,10685,47,118,151,2588,80,5128,198,7716,California
Tehama,2021-03-13,28,12769,9,1947,13,10698,6,124,6,2578,22,5150,12,7728,California
Tehama,2021-03-14,29,12798,2,1949,16,10714,11,135,3,2566,26,5176,14,7742,California
Tehama,2021-03-15,155,12953,22,1971,108,10822,25,160,82,2600,73,5249,107,7849,California
Tehama,2021-03-16,362,13315,15,1986,312,11134,35,195,269,2812,92,5341,304,8153,California
Tehama,2021-03-17,395,13710,31,2017,333,11467,31,226,313,3076,80,5421,344,8497,California
Tehama,2021-03-18,440,14150,26,2043,390,11857,24,250,276,3214,162,5583,300,8797,California
Tehama,2021-03-19,274,14424,15,2058,247,12104,12,262,235,3422,39,5622,247,9044,California
Tehama,2021-03-20,30,14454,10,2068,19,12123,1,263,24,3441,6,5628,25,9069,California
Tehama,2021-03-21,13,14467,7,2075,6,12129,0,263,13,3454,0,5628,13,9082,California
Tehama,2021-03-22,91,14558,8,2083,68,12197,15,278,53,3484,38,5666,68,9150,California
Tehama,2021-03-23,88,14646,25,2108,54,12251,9,287,66,3538,21,5687,75,9225,California
Tehama,2021-03-24,93,14739,21,2129,68,12319,4,291,62,3573,31,5718,66,9291,California
Tehama,2021-03-25,449,15188,291,2420,147,12466,11,302,403,3942,46,5764,415,9706,California
Tehama,2021-03-26,465,15653,357,2777,95,12561,13,315,388,4268,77,5841,403,10109,California
Tehama,2021-03-27,426,16079,340,3117,65,12626,21,336,365,4593,61,5902,386,10495,California
Tehama,2021-03-28,35,16114,14,3131,21,12647,0,336,22,4602,13,5915,22,10517,California
Tehama,2021-03-29,119,16233,32,3163,87,12734,0,336,77,4639,41,5956,78,10595,California
Tehama,2021-03-30,307,16540,187,3350,119,12853,1,337,211,4765,96,6052,222,10817,California
Trinity,2020-12-17,4,4,4,4,0,0,0,0,4,4,0,0,4,4,California
Trinity,2020-12-18,2,6,2,6,0,0,0,0,2,6,0,0,2,6,California
Trinity,2020-12-21,38,44,38,44,0,0,0,0,38,44,0,0,38,44,California
Trinity,2020-12-22,5,49,5,49,0,0,0,0,5,49,0,0,5,49,California
Trinity,2020-12-23,5,54,5,54,0,0,0,0,5,54,0,0,5,54,California
Trinity,2020-12-28,30,84,30,84,0,0,0,0,30,84,0,0,30,84,California
Trinity,2020-12-29,8,92,7,91,1,1,0,0,8,92,0,0,8,92,California
Trinity,2020-12-30,10,102,8,99,2,3,0,0,10,102,0,0,10,102,California
Trinity,2020-12-31,2,104,1,100,1,4,0,0,2,104,0,0,2,104,California
Trinity,2021-01-04,27,131,1,101,26,30,0,0,26,130,0,0,26,130,California
Trinity,2021-01-05,2,133,1,102,1,31,0,0,2,132,0,0,2,132,California
Trinity,2021-01-06,23,156,4,106,19,50,0,0,19,147,4,4,19,151,California
Trinity,2021-01-08,49,205,2,108,47,97,0,0,47,192,2,6,47,198,California
Trinity,2021-01-11,40,245,39,147,1,98,0,0,2,156,38,44,2,200,California
Trinity,2021-01-12,8,253,6,153,2,100,0,0,3,154,5,49,3,203,California
Trinity,2021-01-13,7,260,4,157,3,103,0,0,4,155,3,52,4,207,California
Trinity,2021-01-14,3,263,1,158,2,105,0,0,3,158,0,52,3,210,California
Trinity,2021-01-16,4,267,0,158,4,109,0,0,4,162,0,52,4,214,California
Trinity,2021-01-18,31,298,31,189,0,109,0,0,1,133,30,82,1,215,California
Trinity,2021-01-19,31,329,14,203,17,126,0,0,17,136,14,96,17,232,California
Trinity,2021-01-20,19,348,3,206,16,142,0,0,17,151,2,98,17,249,California
Trinity,2021-01-21,16,364,6,212,10,152,0,0,16,167,0,98,16,265,California
Trinity,2021-01-22,4,368,0,212,4,156,0,0,4,171,0,98,4,269,California
Trinity,2021-01-23,6,374,2,214,4,160,0,0,6,177,0,98,6,275,California
Trinity,2021-01-25,14,388,1,215,13,173,0,0,13,189,1,99,13,288,California
Trinity,2021-01-26,10,398,1,216,9,182,0,0,9,197,1,100,9,297,California
Trinity,2021-01-27,12,410,0,216,12,194,0,0,12,209,0,100,12,309,California
Trinity,2021-01-28,13,423,3,219,10,204,0,0,10,216,3,103,10,319,California
Trinity,2021-01-29,3,426,1,220,2,206,0,0,2,217,1,104,2,321,California
Trinity,2021-01-30,13,439,11,231,2,208,0,0,13,230,0,104,13,334,California
Trinity,2021-01-31,1,440,1,232,0,208,0,0,1,231,0,104,1,335,California
Trinity,2021-02-01,2,442,1,233,1,209,0,0,1,231,1,105,1,336,California
Trinity,2021-02-02,13,455,3,236,10,219,0,0,13,244,0,105,13,349,California
Trinity,2021-02-03,6,461,1,237,5,224,0,0,3,244,3,108,3,352,California
Trinity,2021-02-04,36,497,32,269,4,228,0,0,34,276,2,110,34,386,California
Trinity,2021-02-05,348,845,0,269,348,576,0,0,318,564,30,140,318,704,California
Trinity,2021-02-06,208,1053,3,272,205,781,0,0,201,758,7,147,201,905,California
Trinity,2021-02-08,24,1077,1,273,23,804,0,0,16,766,8,155,16,921,California
Trinity,2021-02-09,21,1098,2,275,19,823,0,0,6,757,15,170,6,927,California
Trinity,2021-02-10,122,1220,9,284,113,936,0,0,103,841,19,189,103,1030,California
Trinity,2021-02-11,302,1522,2,286,300,1236,0,0,296,1131,6,195,296,1326,California
Trinity,2021-02-12,9,1531,6,292,3,1239,0,0,9,1140,0,195,9,1335,California
Trinity,2021-02-13,11,1542,4,296,7,1246,0,0,5,1139,6,201,5,1340,California
Trinity,2021-02-14,2,1544,2,298,0,1246,0,0,2,1141,0,201,2,1342,California
Trinity,2021-02-15,47,1591,0,298,47,1293,0,0,47,1188,0,201,47,1389,California
Trinity,2021-02-16,7,1598,2,300,5,1298,0,0,3,1188,4,205,4,1393,California
Trinity,2021-02-17,94,1692,2,302,92,1390,0,0,84,1262,10,215,84,1477,California
Trinity,2021-02-18,4,1696,0,302,4,1394,0,0,1,1260,3,218,1,1478,California
Trinity,2021-02-19,211,1907,2,304,209,1603,0,0,198,1445,13,231,198,1676,California
Trinity,2021-02-20,141,2048,13,317,128,1731,0,0,114,1532,27,258,114,1790,California
Trinity,2021-02-22,3,2051,0,317,3,1734,0,0,0,1529,3,261,0,1790,California
Trinity,2021-02-23,8,2059,4,321,4,1738,0,0,3,1527,5,266,3,1793,California
Trinity,2021-02-24,28,2087,8,329,20,1758,0,0,7,1513,21,287,7,1800,California
Trinity,2021-02-25,36,2123,23,352,13,1771,0,0,5,1487,31,318,5,1805,California
Trinity,2021-02-26,11,2134,1,353,10,1781,0,0,5,1486,6,324,5,1810,California
Trinity,2021-02-27,8,2142,5,358,3,1784,0,0,5,1488,3,327,5,1815,California
Trinity,2021-02-28,1,2143,1,359,0,1784,0,0,1,1489,0,327,1,1816,California
Trinity,2021-03-01,8,2151,0,359,8,1792,0,0,5,1491,3,330,5,1821,California
Trinity,2021-03-02,9,2160,4,363,5,1797,0,0,1,1484,8,338,1,1822,California
Trinity,2021-03-03,5,2165,0,363,5,1802,0,0,4,1487,1,339,4,1826,California
Trinity,2021-03-04,15,2180,10,373,5,1807,0,0,13,1498,2,341,13,1839,California
Trinity,2021-03-05,282,2462,1,374,280,2087,1,1,33,1285,247,588,34,1873,California
Trinity,2021-03-06,186,2648,7,381,179,2266,0,1,21,1141,165,753,21,1894,California
Trinity,2021-03-07,3,2651,3,384,0,2266,0,1,2,1142,1,754,2,1896,California
Trinity,2021-03-08,5,2656,0,384,3,2269,2,3,2,1143,3,757,4,1900,California
Trinity,2021-03-09,95,2751,1,385,91,2360,3,6,90,1231,5,762,93,1993,California
Trinity,2021-03-10,128,2879,6,391,121,2481,1,7,41,1186,87,849,42,2035,California
Trinity,2021-03-11,12,2891,4,395,5,2486,3,10,7,1191,5,854,10,2045,California
Trinity,2021-03-12,325,3216,4,399,316,2802,5,15,61,993,264,1118,66,2111,California
Trinity,2021-03-13,10,3226,7,406,2,2804,1,16,7,998,3,1121,8,2119,California
Trinity,2021-03-15,67,3293,0,406,66,2870,1,17,14,960,53,1174,15,2134,California
Trinity,2021-03-16,112,3405,7,413,105,2975,0,17,99,1046,13,1187,99,2233,California
Trinity,2021-03-17,105,3510,4,417,101,3076,0,17,30,1001,75,1262,30,2263,California
Trinity,2021-03-18,11,3521,5,422,5,3081,1,18,8,1007,3,1265,9,2272,California
Trinity,2021-03-19,356,3877,5,427,246,3327,105,123,31,818,325,1590,136,2408,California
Trinity,2021-03-20,61,3938,8,435,53,3380,0,123,38,833,23,1613,38,2446,California
Trinity,2021-03-21,4,3942,1,436,1,3381,2,125,1,833,3,1616,3,2449,California
Trinity,2021-03-22,4,3946,2,438,2,3383,0,125,4,837,0,1616,4,2453,California
Trinity,2021-03-23,96,4042,1,439,95,3478,0,125,78,897,18,1634,78,2531,California
Trinity,2021-03-24,11,4053,2,441,9,3487,0,125,11,908,0,1634,11,2542,California
Trinity,2021-03-25,106,4159,6,447,93,3580,7,132,83,975,23,1657,90,2632,California
Trinity,2021-03-26,12,4171,1,448,11,3591,0,132,6,975,6,1663,6,2638,California
Trinity,2021-03-27,17,4188,6,454,2,3593,9,141,4,975,13,1676,13,2651,California
Trinity,2021-03-28,7,4195,4,458,3,3596,0,141,2,972,5,1681,2,2653,California
Trinity,2021-03-29,5,4200,0,458,5,3601,0,141,3,973,2,1683,3,2656,California
Trinity,2021-03-30,4,4204,2,460,2,3603,0,141,2,973,2,1685,2,2658,California
Tulare,2020-12-16,3,3,3,3,0,0,0,0,3,3,0,0,3,3,California
Tulare,2020-12-17,110,113,110,113,0,0,0,0,110,113,0,0,110,113,California
Tulare,2020-12-18,291,404,291,404,0,0,0,0,291,404,0,0,291,404,California
Tulare,2020-12-19,327,731,327,731,0,0,0,0,327,731,0,0,327,731,California
Tulare,2020-12-20,167,898,167,898,0,0,0,0,167,898,0,0,167,898,California
Tulare,2020-12-21,422,1320,422,1320,0,0,0,0,442,1340,0,0,442,1340,California
Tulare,2020-12-22,469,1789,467,1787,2,2,0,0,468,1808,0,0,468,1808,California
Tulare,2020-12-23,330,2119,322,2109,8,10,0,0,328,2136,0,0,328,2136,California
Tulare,2020-12-24,18,2137,16,2125,2,12,0,0,18,2154,0,0,18,2154,California
Tulare,2020-12-26,8,2145,7,2132,1,13,0,0,8,2162,0,0,8,2162,California
Tulare,2020-12-27,16,2161,12,2144,4,17,0,0,16,2178,0,0,16,2178,California
Tulare,2020-12-28,484,2645,472,2616,12,29,0,0,483,2661,0,0,483,2661,California
Tulare,2020-12-29,545,3190,477,3093,68,97,0,0,545,3206,0,0,545,3206,California
Tulare,2020-12-30,472,3662,435,3528,37,134,0,0,472,3678,0,0,472,3678,California
Tulare,2020-12-31,95,3757,22,3550,73,207,0,0,95,3773,0,0,95,3773,California
Tulare,2021-01-01,1,3758,0,3550,1,208,0,0,1,3774,0,0,1,3774,California
Tulare,2021-01-02,27,3785,18,3568,9,217,0,0,27,3801,0,0,27,3801,California
Tulare,2021-01-03,22,3807,9,3577,13,230,0,0,22,3823,0,0,22,3823,California
Tulare,2021-01-04,92,3899,16,3593,76,306,0,0,92,3915,0,0,92,3915,California
Tulare,2021-01-05,462,4361,279,3872,183,489,0,0,460,4373,2,2,460,4375,California
Tulare,2021-01-06,863,5224,636,4508,227,716,0,0,853,5216,10,12,853,5228,California
Tulare,2021-01-07,782,6006,582,5090,200,916,0,0,676,5786,106,118,676,5904,California
Tulare,2021-01-08,1264,7270,575,5665,689,1605,0,0,926,6375,337,455,926,6830,California
Tulare,2021-01-09,739,8009,203,5868,536,2141,0,0,552,6740,187,642,552,7382,California
Tulare,2021-01-10,49,8058,43,5911,6,2147,0,0,10,6711,39,681,10,7392,California
Tulare,2021-01-11,1203,9261,765,6676,438,2585,0,0,768,7044,435,1116,768,8160,California
Tulare,2021-01-12,1396,10657,486,7162,910,3495,0,0,990,7629,406,1522,991,9151,California
Tulare,2021-01-13,452,11109,227,7389,225,3720,0,0,377,7931,75,1597,377,9528,California
Tulare,2021-01-14,491,11600,141,7530,350,4070,0,0,465,8381,15,1612,465,9993,California
Tulare,2021-01-15,1604,13204,148,7678,1456,5526,0,0,1595,9967,9,1621,1595,11588,California
Tulare,2021-01-16,1872,15076,113,7791,1759,7285,0,0,1859,11813,13,1634,1859,13447,California
Tulare,2021-01-17,140,15216,121,7912,19,7304,0,0,129,11931,11,1645,129,13576,California
Tulare,2021-01-18,696,15912,663,8575,33,7337,0,0,295,11825,401,2046,295,13871,California
Tulare,2021-01-19,1004,16916,681,9256,323,7660,0,0,577,11975,427,2473,577,14448,California
Tulare,2021-01-20,2370,19286,560,9816,1810,9470,0,0,1988,13581,382,2855,1988,16436,California
Tulare,2021-01-21,1503,20789,149,9965,1354,10824,0,0,1477,15037,21,2876,1477,17913,California
Tulare,2021-01-22,1048,21837,185,10150,863,11687,0,0,1024,16038,23,2899,1024,18937,California
Tulare,2021-01-23,438,22275,157,10307,281,11968,0,0,416,16432,22,2921,416,19353,California
Tulare,2021-01-24,30,22305,27,10334,3,11971,0,0,27,16456,3,2924,27,19380,California
Tulare,2021-01-25,1305,23610,959,11293,346,12317,0,0,1277,17705,28,2952,1277,20657,California
Tulare,2021-01-26,1499,25109,1100,12393,399,12716,0,0,1175,18557,323,3275,1175,21832,California
Tulare,2021-01-27,1458,26567,1071,13464,387,13103,0,0,878,18855,580,3855,878,22710,California
Tulare,2021-01-28,1191,27758,764,14228,427,13530,0,0,799,19262,392,4247,799,23509,California
Tulare,2021-01-29,1126,28884,718,14946,408,13938,0,0,818,19772,308,4555,818,24327,California
Tulare,2021-01-30,1672,30556,1582,16528,90,14028,0,0,1649,21399,23,4578,1650,25977,California
Tulare,2021-01-31,50,30606,47,16575,3,14031,0,0,48,21445,2,4580,48,26025,California
Tulare,2021-02-01,1165,31771,902,17477,263,14294,0,0,816,21913,348,4928,816,26841,California
Tulare,2021-02-02,674,32445,328,17805,346,14640,0,0,445,22131,227,5155,445,27286,California
Tulare,2021-02-03,605,33050,282,18087,323,14963,0,0,332,22192,271,5426,332,27618,California
Tulare,2021-02-04,551,33601,165,18252,386,15349,0,0,264,22170,287,5713,265,27883,California
Tulare,2021-02-05,1225,34826,229,18481,996,16345,0,0,413,21773,810,6523,413,28296,California
Tulare,2021-02-06,836,35662,152,18633,684,17029,0,0,272,21483,562,7085,272,28568,California
Tulare,2021-02-07,76,35738,64,18697,12,17041,0,0,23,21453,53,7138,23,28591,California
Tulare,2021-02-08,947,36685,335,19032,612,17653,0,0,308,21125,636,7774,308,28899,California
Tulare,2021-02-09,1401,38086,323,19355,1078,18731,0,0,358,20444,1039,8813,358,29257,California
Tulare,2021-02-10,2451,40537,1984,21339,467,19198,0,0,2069,22134,379,9192,2069,31326,California
Tulare,2021-02-11,1303,41840,375,21714,928,20126,0,0,923,22677,380,9572,923,32249,California
Tulare,2021-02-12,2777,44617,579,22293,2198,22324,0,0,1224,22356,1546,11118,1225,33474,California
Tulare,2021-02-13,2447,47064,157,22450,2290,24614,0,0,666,21244,1778,12896,666,34140,California
Tulare,2021-02-14,328,47392,36,22486,292,24906,0,0,295,21506,33,12929,295,34435,California
Tulare,2021-02-15,913,48305,292,22778,621,25527,0,0,657,21908,255,13184,657,35092,California
Tulare,2021-02-16,2816,51121,1602,24380,1214,26741,0,0,1079,21250,1737,14921,1079,36171,California
Tulare,2021-02-17,2697,53818,513,24893,2184,28925,0,0,466,19491,2226,17147,467,36638,California
Tulare,2021-02-18,2263,56081,433,25326,1830,30755,0,0,605,18446,1650,18797,605,37243,California
Tulare,2021-02-19,2284,58365,847,26173,1437,32192,0,0,941,18046,1341,20138,941,38184,California
Tulare,2021-02-20,2974,61339,1876,28049,1098,33290,0,0,1252,17581,1717,21855,1252,39436,California
Tulare,2021-02-21,65,61404,61,28110,4,33294,0,0,41,17598,24,21879,41,39477,California
Tulare,2021-02-22,1106,62510,699,28809,407,33701,0,0,223,16939,882,22761,223,39700,California
Tulare,2021-02-23,1928,64438,929,29738,999,34700,0,0,1442,17896,485,23246,1442,41142,California
Tulare,2021-02-24,2420,66858,1537,31275,883,35583,0,0,2042,19562,377,23623,2043,43185,California
Tulare,2021-02-25,3390,70248,1881,33156,1509,37092,0,0,2973,22123,412,24035,2973,46158,California
Tulare,2021-02-26,3762,74010,1865,35021,1897,38989,0,0,3329,25022,430,24465,3329,49487,California
Tulare,2021-02-27,2850,76860,1390,36411,1460,40449,0,0,2721,27624,119,24584,2721,52208,California
Tulare,2021-02-28,1301,78161,1032,37443,269,40718,0,0,1281,28888,17,24601,1281,53489,California
Tulare,2021-03-01,1696,79857,762,38205,934,41652,0,0,1520,30233,175,24776,1520,55009,California
Tulare,2021-03-02,2536,82393,1109,39314,1427,43079,0,0,2373,32449,159,24935,2375,57384,California
Tulare,2021-03-03,3588,85981,2406,41720,1182,44261,0,0,1694,32254,1893,26828,1698,59082,California
Tulare,2021-03-04,2798,88779,1272,42992,1526,45787,0,0,2485,34431,309,27137,2486,61568,California
Tulare,2021-03-05,3118,91897,1606,44598,1499,47286,13,13,2658,36649,456,27593,2674,64242,California
Tulare,2021-03-06,2897,94794,1349,45947,1492,48778,56,69,2656,39121,238,27831,2710,66952,California
Tulare,2021-03-07,1073,95867,667,46614,388,49166,18,87,1036,40138,37,27868,1054,68006,California
Tulare,2021-03-08,1436,97303,802,47416,475,49641,159,246,1154,41170,281,28149,1313,69319,California
Tulare,2021-03-09,2079,99382,1131,48547,802,50443,146,392,1740,42718,339,28488,1887,71206,California
Tulare,2021-03-10,2241,101623,1060,49607,1068,51511,113,505,1926,44451,305,28793,2038,73244,California
Tulare,2021-03-11,3676,105299,1721,51328,1727,53238,228,733,2832,46674,838,29631,3061,76305,California
Tulare,2021-03-12,3682,108981,2013,53341,1407,54645,262,995,2657,48582,1013,30644,2921,79226,California
Tulare,2021-03-13,3426,112407,1605,54946,1712,56357,109,1104,2684,50636,739,31383,2793,82019,California
Tulare,2021-03-14,1579,113986,882,55828,479,56836,218,1322,1193,51663,384,31767,1411,83430,California
Tulare,2021-03-15,2577,116563,1480,57308,979,57815,118,1440,1815,52836,761,32528,1934,85364,California
Tulare,2021-03-16,3305,119868,2021,59329,1207,59022,77,1517,1790,53197,1511,34039,1872,87236,California
Tulare,2021-03-17,3654,123522,2397,61726,1191,60213,66,1583,2019,53658,1630,35669,2091,89327,California
Tulare,2021-03-18,3946,127468,2955,64681,926,61139,65,1648,2101,53986,1839,37508,2167,91494,California
Tulare,2021-03-19,4204,131672,2694,67375,1344,62483,166,1814,2212,54390,1978,39486,2382,93876,California
Tulare,2021-03-20,2990,134662,1789,69164,944,63427,257,2071,1372,54410,1612,41098,1632,95508,California
Tulare,2021-03-21,1810,136472,1544,70708,240,63667,26,2097,925,54479,882,41980,951,96459,California
Tulare,2021-03-22,2406,138878,1669,72377,628,64295,109,2206,1593,55378,805,42785,1704,98163,California
Tulare,2021-03-23,3523,142401,1983,74360,1495,65790,45,2251,1988,55892,1526,44311,2040,100203,California
Tulare,2021-03-24,2990,145391,1822,76182,1126,66916,42,2293,1808,56572,1176,45487,1856,102059,California
Tulare,2021-03-25,2968,148359,1523,77705,1363,68279,82,2375,1421,56548,1541,47028,1517,103576,California
Tulare,2021-03-26,4831,153190,2888,80593,1840,70119,103,2478,2338,56540,2476,49504,2468,106044,California
Tulare,2021-03-27,3327,156517,1655,82248,1576,71695,96,2574,922,55196,2398,51902,1054,107098,California
Tulare,2021-03-28,1370,157887,1003,83251,367,72062,0,2574,660,55156,708,52610,668,107766,California
Tulare,2021-03-29,2721,160608,1556,84807,1058,73120,107,2681,1293,55161,1423,54033,1428,109194,California
Tulare,2021-03-30,2799,163407,1811,86618,937,74057,51,2732,1636,55700,1161,55194,1700,110894,California
Tuolumne,2020-12-16,46,46,46,46,0,0,0,0,46,46,0,0,46,46,California
Tuolumne,2020-12-17,23,69,23,69,0,0,0,0,23,69,0,0,23,69,California
Tuolumne,2020-12-18,174,243,173,242,1,1,0,0,174,243,0,0,174,243,California
Tuolumne,2020-12-19,7,250,7,249,0,1,0,0,7,250,0,0,7,250,California
Tuolumne,2020-12-20,1,251,1,250,0,1,0,0,1,251,0,0,1,251,California
Tuolumne,2020-12-21,115,366,101,351,14,15,0,0,115,366,0,0,115,366,California
Tuolumne,2020-12-22,169,535,169,520,0,15,0,0,169,535,0,0,169,535,California
Tuolumne,2020-12-23,192,727,190,710,2,17,0,0,192,727,0,0,192,727,California
Tuolumne,2020-12-26,3,730,3,713,0,17,0,0,3,730,0,0,3,730,California
Tuolumne,2020-12-28,78,808,77,790,1,18,0,0,78,808,0,0,78,808,California
Tuolumne,2020-12-29,111,919,40,830,71,89,0,0,111,919,0,0,111,919,California
Tuolumne,2020-12-30,80,999,22,852,58,147,0,0,80,999,0,0,80,999,California
Tuolumne,2020-12-31,27,1026,20,872,7,154,0,0,27,1026,0,0,27,1026,California
Tuolumne,2021-01-01,6,1032,5,877,1,155,0,0,6,1032,0,0,6,1032,California
Tuolumne,2021-01-02,118,1150,115,992,3,158,0,0,118,1150,0,0,118,1150,California
Tuolumne,2021-01-03,3,1153,2,994,1,159,0,0,3,1153,0,0,3,1153,California
Tuolumne,2021-01-04,70,1223,27,1021,43,202,0,0,70,1223,0,0,70,1223,California
Tuolumne,2021-01-05,95,1318,26,1047,69,271,0,0,93,1314,2,2,93,1316,California
Tuolumne,2021-01-06,112,1430,52,1099,60,331,0,0,68,1338,44,46,68,1384,California
Tuolumne,2021-01-07,119,1549,61,1160,58,389,0,0,65,1349,54,100,65,1449,California
Tuolumne,2021-01-08,178,1727,153,1313,25,414,0,0,27,1228,150,250,29,1478,California
Tuolumne,2021-01-09,1,1728,0,1313,1,415,0,0,1,1229,0,250,1,1479,California
Tuolumne,2021-01-10,3,1731,1,1314,2,417,0,0,3,1232,0,250,3,1482,California
Tuolumne,2021-01-11,117,1848,90,1404,27,444,0,0,34,1183,83,333,34,1516,California
Tuolumne,2021-01-12,102,1950,86,1490,16,460,0,0,17,1116,85,418,18,1534,California
Tuolumne,2021-01-13,239,2189,129,1619,110,570,0,0,184,1246,55,473,185,1719,California
Tuolumne,2021-01-14,129,2318,92,1711,37,607,0,0,42,1202,86,559,42,1761,California
Tuolumne,2021-01-15,476,2794,71,1782,405,1012,0,0,414,1556,61,620,415,2176,California
Tuolumne,2021-01-16,6,2800,2,1784,4,1016,0,0,5,1560,1,621,5,2181,California
Tuolumne,2021-01-17,4,2804,1,1785,3,1019,0,0,4,1564,0,621,4,2185,California
Tuolumne,2021-01-18,46,2850,38,1823,8,1027,0,0,8,1535,37,658,8,2193,California
Tuolumne,2021-01-19,472,3322,70,1893,402,1429,0,0,429,1921,43,701,429,2622,California
Tuolumne,2021-01-20,77,3399,60,1953,17,1446,0,0,24,1892,53,754,24,2646,California
Tuolumne,2021-01-21,57,3456,22,1975,35,1481,0,0,41,1918,16,770,42,2688,California
Tuolumne,2021-01-22,180,3636,13,1988,167,1648,0,0,174,2086,6,776,174,2862,California
Tuolumne,2021-01-23,666,4302,146,2134,520,2168,0,0,553,2536,113,889,563,3425,California
Tuolumne,2021-01-24,526,4828,1,2135,525,2693,0,0,522,3056,3,892,523,3948,California
Tuolumne,2021-01-25,48,4876,27,2162,21,2714,0,0,22,3053,26,918,23,3971,California
Tuolumne,2021-01-26,80,4956,68,2230,12,2726,0,0,40,3054,40,958,41,4012,California
Tuolumne,2021-01-27,60,5016,4,2234,56,2782,0,0,7,3009,52,1010,7,4019,California
Tuolumne,2021-01-28,27,5043,7,2241,20,2802,0,0,18,3018,9,1019,18,4037,California
Tuolumne,2021-01-29,71,5114,7,2248,64,2866,0,0,33,3013,38,1057,33,4070,California
Tuolumne,2021-01-30,711,5825,554,2802,157,3023,0,0,691,3697,20,1077,704,4774,California
Tuolumne,2021-01-31,8,5833,2,2804,6,3029,0,0,5,3699,3,1080,5,4779,California
Tuolumne,2021-02-01,25,5858,6,2810,19,3048,0,0,22,3718,3,1083,22,4801,California
Tuolumne,2021-02-02,649,6507,36,2846,613,3661,0,0,639,4348,9,1092,639,5440,California
Tuolumne,2021-02-03,239,6746,108,2954,131,3792,0,0,85,4279,154,1246,85,5525,California
Tuolumne,2021-02-04,127,6873,14,2968,113,3905,0,0,66,4282,63,1309,66,5591,California
Tuolumne,2021-02-05,102,6975,14,2982,88,3993,0,0,37,4256,63,1372,37,5628,California
Tuolumne,2021-02-06,851,7826,579,3561,272,4265,0,0,850,5105,1,1373,850,6478,California
Tuolumne,2021-02-07,7,7833,4,3565,3,4268,0,0,3,5104,4,1377,3,6481,California
Tuolumne,2021-02-08,90,7923,39,3604,51,4319,0,0,67,5148,23,1400,67,6548,California
Tuolumne,2021-02-09,865,8788,47,3651,818,5137,0,0,829,5941,36,1436,829,7377,California
Tuolumne,2021-02-10,91,8879,13,3664,78,5215,0,0,29,5910,60,1496,29,7406,California
Tuolumne,2021-02-11,139,9018,66,3730,73,5288,0,0,76,5923,63,1559,76,7482,California
Tuolumne,2021-02-12,643,9661,12,3742,631,5919,0,0,204,5689,439,1998,205,7687,California
Tuolumne,2021-02-13,146,9807,41,3783,105,6024,0,0,115,5779,25,2023,115,7802,California
Tuolumne,2021-02-14,147,9954,12,3795,135,6159,0,0,146,5924,1,2024,146,7948,California
Tuolumne,2021-02-15,182,10136,10,3805,172,6331,0,0,172,6087,10,2034,173,8121,California
Tuolumne,2021-02-16,525,10661,18,3823,507,6838,0,0,123,5812,400,2434,125,8246,California
Tuolumne,2021-02-17,109,10770,62,3885,47,6885,0,0,63,5830,45,2479,63,8309,California
Tuolumne,2021-02-18,684,11454,22,3907,662,7547,0,0,635,6416,49,2528,635,8944,California
Tuolumne,2021-02-19,133,11587,21,3928,112,7659,0,0,43,6369,90,2618,43,8987,California
Tuolumne,2021-02-20,908,12495,343,4271,565,8224,0,0,388,6250,508,3126,389,9376,California
Tuolumne,2021-02-21,978,13473,32,4303,946,9170,0,0,473,6221,502,3628,473,9849,California
Tuolumne,2021-02-22,76,13549,54,4357,22,9192,0,0,46,6237,30,3658,46,9895,California
Tuolumne,2021-02-23,41,13590,21,4378,20,9212,0,0,22,6241,18,3676,22,9917,California
Tuolumne,2021-02-24,90,13680,59,4437,31,9243,0,0,38,6234,51,3727,44,9961,California
Tuolumne,2021-02-25,1043,14723,30,4467,1013,10256,0,0,1014,7219,29,3756,1014,10975,California
Tuolumne,2021-02-26,144,14867,10,4477,134,10390,0,0,119,7314,25,3781,120,11095,California
Tuolumne,2021-02-27,948,15815,575,5052,373,10763,0,0,245,6870,689,4470,245,11340,California
Tuolumne,2021-02-28,53,15868,4,5056,49,10812,0,0,51,6920,1,4471,51,11391,California
Tuolumne,2021-03-01,104,15972,21,5077,83,10895,0,0,71,6961,32,4503,73,11464,California
Tuolumne,2021-03-02,706,16678,72,5149,634,11529,0,0,105,6465,601,5104,105,11569,California
Tuolumne,2021-03-03,81,16759,22,5171,59,11588,0,0,56,6497,25,5129,57,11626,California
Tuolumne,2021-03-04,1144,17903,67,5238,1077,12665,0,0,1084,7521,60,5189,1084,12710,California
Tuolumne,2021-03-05,76,17979,9,5247,67,12732,0,0,44,7536,30,5219,45,12755,California
Tuolumne,2021-03-06,1041,19020,603,5850,436,13168,2,2,191,6881,849,6068,194,12949,California
Tuolumne,2021-03-07,35,19055,11,5861,11,13179,13,15,13,6886,22,6090,27,12976,California
Tuolumne,2021-03-08,199,19254,88,5949,104,13283,7,22,140,6977,59,6149,150,13126,California
Tuolumne,2021-03-09,880,20134,16,5965,854,14137,10,32,79,6266,800,6949,89,13215,California
Tuolumne,2021-03-10,95,20229,16,5981,69,14206,10,42,54,6290,40,6989,64,13279,California
Tuolumne,2021-03-11,1255,21484,32,6013,1219,15425,4,46,1215,7473,39,7028,1222,14501,California
Tuolumne,2021-03-12,258,21742,33,6046,210,15635,15,61,111,7493,145,7173,165,14666,California
Tuolumne,2021-03-13,60,21802,12,6058,48,15683,0,61,18,7492,42,7215,41,14707,California
Tuolumne,2021-03-14,83,21885,8,6066,66,15749,9,70,2,7427,81,7296,16,14723,California
Tuolumne,2021-03-15,303,22188,78,6144,223,15972,2,72,108,7353,194,7490,120,14843,California
Tuolumne,2021-03-16,795,22983,39,6183,745,16717,11,83,660,7891,134,7624,672,15515,California
Tuolumne,2021-03-17,140,23123,30,6213,97,16814,13,96,63,7890,77,7701,76,15591,California
Tuolumne,2021-03-18,939,24062,21,6234,901,17715,17,113,305,7579,634,8335,323,15914,California
Tuolumne,2021-03-19,120,24182,14,6248,74,17789,32,145,60,7612,59,8394,92,16006,California
Tuolumne,2021-03-20,69,24251,5,6253,56,17845,8,153,29,7610,40,8434,38,16044,California
Tuolumne,2021-03-21,837,25088,393,6646,435,18280,9,162,44,6871,792,9226,53,16097,California
Tuolumne,2021-03-22,165,25253,72,6718,74,18354,19,181,97,6919,68,9294,116,16213,California
Tuolumne,2021-03-23,725,25978,636,7354,76,18430,13,194,691,7589,34,9328,704,16917,California
Tuolumne,2021-03-24,111,26089,21,7375,72,18502,18,212,78,7654,31,9359,96,17013,California
Tuolumne,2021-03-25,1227,27316,17,7392,1207,19709,3,215,305,7041,921,10280,308,17321,California
Tuolumne,2021-03-26,266,27582,12,7404,231,19940,23,238,112,7041,135,10415,135,17456,California
Tuolumne,2021-03-27,561,28143,49,7453,512,20452,0,238,306,7093,255,10670,307,17763,California
Tuolumne,2021-03-28,47,28190,6,7459,41,20493,0,238,10,7068,37,10707,12,17775,California
Tuolumne,2021-03-29,276,28466,71,7530,205,20698,0,238,192,7180,81,10788,193,17968,California
Tuolumne,2021-03-30,91,28557,9,7539,82,20780,0,238,75,7239,16,10804,75,18043,California
Ventura,2020-12-15,5,5,5,5,0,0,0,0,5,5,0,0,5,5,California
Ventura,2020-12-16,70,75,70,75,0,0,0,0,70,75,0,0,70,75,California
Ventura,2020-12-17,249,324,249,324,0,0,0,0,249,324,0,0,249,324,California
Ventura,2020-12-18,1409,1733,1409,1733,0,0,0,0,1409,1733,0,0,1409,1733,California
Ventura,2020-12-19,913,2646,913,2646,0,0,0,0,913,2646,0,0,913,2646,California
Ventura,2020-12-20,430,3076,430,3076,0,0,0,0,430,3076,0,0,430,3076,California
Ventura,2020-12-21,1465,4541,1465,4541,0,0,0,0,1465,4541,0,0,1465,4541,California
Ventura,2020-12-22,1102,5643,1098,5639,4,4,0,0,1102,5643,0,0,1102,5643,California
Ventura,2020-12-23,1025,6668,979,6618,46,50,0,0,1025,6668,0,0,1025,6668,California
Ventura,2020-12-24,476,7144,379,6997,97,147,0,0,476,7144,0,0,476,7144,California
Ventura,2020-12-25,11,7155,7,7004,4,151,0,0,11,7155,0,0,11,7155,California
Ventura,2020-12-26,107,7262,86,7090,21,172,0,0,107,7262,0,0,107,7262,California
Ventura,2020-12-27,58,7320,27,7117,31,203,0,0,58,7320,0,0,58,7320,California
Ventura,2020-12-28,1067,8387,929,8046,138,341,0,0,1067,8387,0,0,1067,8387,California
Ventura,2020-12-29,1165,9552,762,8808,403,744,0,0,1165,9552,0,0,1165,9552,California
Ventura,2020-12-30,1985,11537,1518,10326,467,1211,0,0,1985,11537,0,0,1985,11537,California
Ventura,2020-12-31,473,12010,162,10488,311,1522,0,0,473,12010,0,0,473,12010,California
Ventura,2021-01-01,14,12024,4,10492,10,1532,0,0,14,12024,0,0,14,12024,California
Ventura,2021-01-02,170,12194,78,10570,92,1624,0,0,170,12194,0,0,170,12194,California
Ventura,2021-01-03,15,12209,8,10578,7,1631,0,0,15,12209,0,0,15,12209,California
Ventura,2021-01-04,1076,13285,547,11125,529,2160,0,0,1074,13282,1,1,1074,13283,California
Ventura,2021-01-05,1370,14655,776,11901,594,2754,0,0,1330,14572,40,41,1330,14613,California
Ventura,2021-01-06,2046,16701,1174,13075,872,3626,0,0,1617,15771,420,461,1619,16232,California
Ventura,2021-01-07,2065,18766,1325,14400,740,4366,0,0,1182,16073,881,1342,1183,17415,California
Ventura,2021-01-08,2193,20959,1474,15874,719,5085,0,0,901,15685,1290,2632,902,18317,California
Ventura,2021-01-09,724,21683,503,16377,221,5306,0,0,320,15601,404,3036,320,18637,California
Ventura,2021-01-10,336,22019,324,16701,12,5318,0,0,122,15509,214,3250,122,18759,California
Ventura,2021-01-11,2447,24466,1486,18187,961,6279,0,0,1496,16056,951,4201,1498,20257,California
Ventura,2021-01-12,3027,27493,1601,19788,1426,7705,0,0,2004,17037,1023,5224,2004,22261,California
Ventura,2021-01-13,2925,30418,1421,21209,1504,9209,0,0,2042,18199,881,6105,2043,24304,California
Ventura,2021-01-14,2728,33146,1057,22266,1671,10880,0,0,2284,20041,443,6548,2285,26589,California
Ventura,2021-01-15,2869,36015,959,23225,1910,12790,0,0,2659,22492,210,6758,2661,29250,California
Ventura,2021-01-16,487,36502,189,23414,298,13088,0,0,405,22815,82,6840,405,29655,California
Ventura,2021-01-17,265,36767,139,23553,126,13214,0,0,259,23068,6,6846,259,29914,California
Ventura,2021-01-18,2206,38973,1660,25213,546,13760,0,0,1657,24177,549,7395,1658,31572,California
Ventura,2021-01-19,3025,41998,2114,27327,911,14671,0,0,2133,25422,892,8287,2137,33709,California
Ventura,2021-01-20,4047,46045,3100,30427,947,15618,0,0,3011,27401,1033,9320,3012,36721,California
Ventura,2021-01-21,3831,49876,2667,33094,1164,16782,0,0,3163,29899,665,9985,3163,39884,California
Ventura,2021-01-22,3592,53468,2467,35561,1125,17907,0,0,3430,33168,162,10147,3431,43315,California
Ventura,2021-01-23,1178,54646,644,36205,534,18441,0,0,1078,34149,99,10246,1080,44395,California
Ventura,2021-01-24,449,55095,133,36338,316,18757,0,0,436,34572,13,10259,436,44831,California
Ventura,2021-01-25,3132,58227,2019,38357,1113,19870,0,0,2587,36617,544,10803,2589,47420,California
Ventura,2021-01-26,3674,61901,2173,40530,1501,21371,0,0,2683,38311,990,11793,2684,50104,California
Ventura,2021-01-27,3431,65332,1539,42069,1892,23263,0,0,2693,40269,735,12528,2693,52797,California
Ventura,2021-01-28,3838,69170,1975,44044,1863,25126,0,0,3232,42912,590,13118,3233,56030,California
Ventura,2021-01-29,4227,73397,2501,46545,1726,26852,0,0,3736,46167,481,13599,3736,59766,California
Ventura,2021-01-30,3018,76415,1950,48495,1068,27920,0,0,2851,48855,164,13763,2852,62618,California
Ventura,2021-01-31,827,77242,445,48940,382,28302,0,0,743,49514,84,13847,743,63361,California
Ventura,2021-02-01,3914,81156,2104,51044,1810,30112,0,0,3154,51912,758,14605,3156,66517,California
Ventura,2021-02-02,4389,85545,2363,53407,2026,32138,0,0,3368,54264,1017,15622,3369,69886,California
Ventura,2021-02-03,4442,89987,2085,55492,2357,34495,0,0,3436,56699,1001,16623,3436,73322,California
Ventura,2021-02-04,4746,94733,2271,57763,2475,36970,0,0,3508,58976,1231,17854,3508,76830,California
Ventura,2021-02-05,4809,99542,2306,60069,2503,39473,0,0,3322,60826,1474,19328,3324,80154,California
Ventura,2021-02-06,2817,102359,1509,61578,1308,40781,0,0,2419,62847,398,19726,2419,82573,California
Ventura,2021-02-07,706,103065,240,61818,466,41247,0,0,578,63298,128,19854,579,83152,California
Ventura,2021-02-08,3478,106543,1619,63437,1859,43106,0,0,2414,64652,1060,20914,2414,85566,California
Ventura,2021-02-09,4704,111247,1970,65407,2734,45840,0,0,2463,64878,2240,23154,2466,88032,California
Ventura,2021-02-10,4669,115916,2218,67625,2451,48291,0,0,2375,64970,2284,25438,2376,90408,California
Ventura,2021-02-11,4627,120543,1851,69476,2776,51067,0,0,2427,65206,2193,27631,2429,92837,California
Ventura,2021-02-12,6277,126820,2642,72118,3635,54702,0,0,3206,65343,3069,30700,3206,96043,California
Ventura,2021-02-13,3273,130093,1820,73938,1453,56155,0,0,1827,65730,1442,32142,1829,97872,California
Ventura,2021-02-14,1216,131309,121,74059,1095,57250,0,0,1002,66519,214,32356,1003,98875,California
Ventura,2021-02-15,3972,135281,1787,75846,2185,59435,0,0,2107,66763,1863,34219,2107,100982,California
Ventura,2021-02-16,5514,140795,2695,78541,2819,62254,0,0,3011,67276,2499,36718,3012,103994,California
Ventura,2021-02-17,5214,146009,1911,80452,3303,65557,0,0,3266,68602,1940,38658,3266,107260,California
Ventura,2021-02-18,5743,151752,1817,82269,3926,69483,0,0,3619,70104,2117,40775,3619,110879,California
Ventura,2021-02-19,6414,158166,3752,86021,2662,72145,0,0,2984,69671,3425,44200,2992,113871,California
Ventura,2021-02-20,4896,163062,3142,89163,1754,73899,0,0,2754,70288,2138,46338,2755,116626,California
Ventura,2021-02-21,985,164047,703,89866,282,74181,0,0,415,70137,566,46904,415,117041,California
Ventura,2021-02-22,5325,169372,2378,92244,2947,77128,0,0,3444,71708,1873,48777,3444,120485,California
Ventura,2021-02-23,5920,175292,2953,95197,2967,80095,0,0,3423,72654,2480,51257,3426,123911,California
Ventura,2021-02-24,6929,182221,2584,97781,4345,84440,0,0,4202,74143,2713,53970,4202,128113,California
Ventura,2021-02-25,7462,189683,2563,100344,4899,89339,0,0,4561,75818,2889,56859,4564,132677,California
Ventura,2021-02-26,9300,198983,2765,103109,6535,95874,0,0,6158,78857,3123,59982,6162,138839,California
Ventura,2021-02-27,9970,208953,5260,108369,4710,100584,0,0,7377,83663,2578,62560,7384,146223,California
Ventura,2021-02-28,2554,211507,1626,109995,927,101511,1,1,2098,85308,453,63013,2098,148321,California
Ventura,2021-03-01,6886,218393,2781,112776,4105,105616,0,1,4594,87631,2283,65296,4606,152927,California
Ventura,2021-03-02,7337,225730,3917,116693,3419,109035,1,2,5129,90560,2202,67498,5131,158058,California
Ventura,2021-03-03,8336,234066,3864,120557,4472,113507,0,2,5934,94111,2389,69887,5940,163998,California
Ventura,2021-03-04,7820,241886,3811,124368,4009,117516,0,2,5348,96999,2462,72349,5350,169348,California
Ventura,2021-03-05,9108,250994,4664,129032,4433,121949,11,13,6515,100955,2579,74928,6535,175883,California
Ventura,2021-03-06,5239,256233,2992,132024,2095,124044,152,165,3816,103505,1421,76349,3971,179854,California
Ventura,2021-03-07,1577,257810,599,132623,876,124920,102,267,1168,104366,409,76758,1270,181124,California
Ventura,2021-03-08,6470,264280,3299,135922,3040,127960,131,398,4437,106907,2028,78786,4569,185693,California
Ventura,2021-03-09,6344,270624,2741,138663,3411,131371,192,590,3541,107850,2793,81579,3736,189429,California
Ventura,2021-03-10,6415,277039,2899,141562,3304,134675,212,802,4197,110047,2213,83792,4410,193839,California
Ventura,2021-03-11,5982,283021,2790,144352,2992,137667,200,1002,3268,110809,2708,86500,3470,197309,California
Ventura,2021-03-12,7394,290415,2905,147257,3695,141362,794,1796,3620,111467,3764,90264,4422,201731,California
Ventura,2021-03-13,6029,296444,2347,149604,2893,144255,789,2585,3498,113230,2526,92790,4289,206020,California
Ventura,2021-03-14,1695,298139,367,149971,860,145115,468,3053,559,113125,1134,93924,1029,207049,California
Ventura,2021-03-15,6758,304897,1998,151969,3468,148583,1292,4345,2896,113470,3847,97771,4192,211241,California
Ventura,2021-03-16,7765,312662,2424,154393,4258,152841,1083,5428,3916,114629,3839,101610,4998,216239,California
Ventura,2021-03-17,7088,319750,2676,157069,4066,156907,346,5774,4204,116311,2868,104478,4550,220789,California
Ventura,2021-03-18,5658,325408,2418,159487,3119,160026,121,5895,3622,118030,2025,106503,3744,224533,California
Ventura,2021-03-19,6370,331778,2717,162204,3572,163598,81,5976,3965,119679,2396,108899,4045,228578,California
Ventura,2021-03-20,5817,337595,3700,165904,2095,165693,22,5998,2359,118621,3442,112341,2384,230962,California
Ventura,2021-03-21,2711,340306,1464,167368,877,166570,370,6368,1268,118819,1440,113781,1638,232600,California
Ventura,2021-03-22,7178,347484,3607,170975,3466,170036,105,6473,4731,121223,2435,116216,4839,237439,California
Ventura,2021-03-23,7951,355435,3777,174752,4141,174177,33,6506,4546,122418,3388,119604,4583,242022,California
Ventura,2021-03-24,8647,364082,3336,178088,5260,179437,51,6557,4293,122438,4328,123932,4348,246370,California
Ventura,2021-03-25,8498,372580,3812,181900,4648,184085,38,6595,4294,122605,4180,128112,4347,250717,California
Ventura,2021-03-26,9461,382041,3255,185155,5561,189646,645,7240,3660,121152,5780,133892,4327,255044,California
Ventura,2021-03-27,7996,390037,3855,189010,4125,193771,16,7256,2381,118428,5601,139493,2877,257921,California
Ventura,2021-03-28,2421,392458,1371,190381,1042,194813,8,7264,1330,118683,1090,140583,1345,259266,California
Ventura,2021-03-29,8125,400583,4134,194515,3953,198766,38,7302,3990,118705,4115,144698,4137,263403,California
Ventura,2021-03-30,5660,406243,3166,197681,2404,201170,90,7392,2370,117969,3283,147981,2547,265950,California
Yolo,2020-12-15,39,39,39,39,0,0,0,0,39,39,0,0,39,39,California
Yolo,2020-12-16,78,117,78,117,0,0,0,0,78,117,0,0,78,117,California
Yolo,2020-12-17,101,218,101,218,0,0,0,0,101,218,0,0,101,218,California
Yolo,2020-12-18,207,425,207,425,0,0,0,0,207,425,0,0,207,425,California
Yolo,2020-12-19,85,510,85,510,0,0,0,0,85,510,0,0,85,510,California
Yolo,2020-12-20,100,610,100,610,0,0,0,0,100,610,0,0,100,610,California
Yolo,2020-12-21,252,862,252,862,0,0,0,0,252,862,0,0,252,862,California
Yolo,2020-12-22,386,1248,385,1247,1,1,0,0,386,1248,0,0,386,1248,California
Yolo,2020-12-23,431,1679,413,1660,18,19,0,0,431,1679,0,0,431,1679,California
Yolo,2020-12-24,151,1830,94,1754,57,76,0,0,151,1830,0,0,151,1830,California
Yolo,2020-12-25,1,1831,1,1755,0,76,0,0,1,1831,0,0,1,1831,California
Yolo,2020-12-26,76,1907,25,1780,51,127,0,0,76,1907,0,0,76,1907,California
Yolo,2020-12-27,46,1953,19,1799,27,154,0,0,46,1953,0,0,46,1953,California
Yolo,2020-12-28,343,2296,176,1975,167,321,0,0,343,2296,0,0,343,2296,California
Yolo,2020-12-29,483,2779,268,2243,215,536,0,0,483,2779,0,0,483,2779,California
Yolo,2020-12-30,625,3404,257,2500,368,904,0,0,625,3404,0,0,625,3404,California
Yolo,2020-12-31,183,3587,94,2594,89,993,0,0,183,3587,0,0,183,3587,California
Yolo,2021-01-01,55,3642,54,2648,1,994,0,0,55,3642,0,0,55,3642,California
Yolo,2021-01-02,68,3710,25,2673,43,1037,0,0,68,3710,0,0,68,3710,California
Yolo,2021-01-03,44,3754,19,2692,25,1062,0,0,44,3754,0,0,44,3754,California
Yolo,2021-01-04,195,3949,44,2736,151,1213,0,0,195,3949,0,0,195,3949,California
Yolo,2021-01-05,610,4559,236,2972,374,1587,0,0,550,4439,60,60,550,4499,California
Yolo,2021-01-06,477,5036,181,3153,296,1883,0,0,346,4654,131,191,346,4845,California
Yolo,2021-01-07,706,5742,232,3385,474,2357,0,0,520,4989,185,376,520,5365,California
Yolo,2021-01-08,628,6370,308,3693,320,2677,0,0,413,5188,214,590,413,5778,California
Yolo,2021-01-09,405,6775,67,3760,338,3015,0,0,360,5503,45,635,360,6138,California
Yolo,2021-01-10,392,7167,79,3839,313,3328,0,0,323,5757,69,704,323,6461,California
Yolo,2021-01-11,559,7726,324,4163,235,3563,0,0,290,5778,269,973,290,6751,California
Yolo,2021-01-12,476,8202,359,4522,117,3680,0,0,171,5645,305,1278,172,6923,California
Yolo,2021-01-13,761,8963,308,4830,453,4133,0,0,513,5910,248,1526,513,7436,California
Yolo,2021-01-14,378,9341,183,5013,195,4328,0,0,272,6076,106,1632,272,7708,California
Yolo,2021-01-15,618,9959,318,5331,300,4628,0,0,542,6542,76,1708,542,8250,California
Yolo,2021-01-16,738,10697,96,5427,642,5270,0,0,706,7216,32,1740,706,8956,California
Yolo,2021-01-17,184,10881,116,5543,68,5338,0,0,177,7386,7,1747,177,9133,California
Yolo,2021-01-18,477,11358,304,5847,173,5511,0,0,378,7665,99,1846,378,9511,California
Yolo,2021-01-19,539,11897,370,6217,169,5680,0,0,364,7854,175,2021,364,9875,California
Yolo,2021-01-20,652,12549,378,6595,274,5954,0,0,470,8143,181,2202,470,10345,California
Yolo,2021-01-21,641,13190,381,6976,260,6214,0,0,453,8408,188,2390,453,10798,California
Yolo,2021-01-22,745,13935,249,7225,496,6710,0,0,628,8921,115,2505,628,11426,California
Yolo,2021-01-23,616,14551,124,7349,492,7202,0,0,568,9441,48,2553,568,11994,California
Yolo,2021-01-24,205,14756,122,7471,83,7285,0,0,165,9566,40,2593,165,12159,California
Yolo,2021-01-25,726,15482,150,7621,576,7861,0,0,512,9864,214,2807,512,12671,California
Yolo,2021-01-26,810,16292,327,7948,483,8344,0,0,425,9904,385,3192,425,13096,California
Yolo,2021-01-27,556,16848,221,8169,335,8679,0,0,383,10114,173,3365,383,13479,California
Yolo,2021-01-28,1047,17895,565,8734,482,9161,0,0,923,10914,123,3488,923,14402,California
Yolo,2021-01-29,863,18758,261,8995,602,9763,0,0,780,11612,83,3571,781,15183,California
Yolo,2021-01-30,1519,20277,921,9916,598,10361,0,0,1412,12923,101,3672,1412,16595,California
Yolo,2021-01-31,251,20528,212,10128,39,10400,0,0,216,13105,34,3706,216,16811,California
Yolo,2021-02-01,842,21370,356,10484,486,10886,0,0,611,13488,228,3934,611,17422,California
Yolo,2021-02-02,1321,22691,748,11232,573,11459,0,0,930,14028,391,4325,931,18353,California
Yolo,2021-02-03,1517,24208,393,11625,1124,12583,0,0,1187,14891,327,4652,1190,19543,California
Yolo,2021-02-04,1782,25990,278,11903,1504,14087,0,0,1236,15592,535,5187,1236,20779,California
Yolo,2021-02-05,1586,27576,895,12798,691,14778,0,0,1184,16379,400,5587,1187,21966,California
Yolo,2021-02-06,1922,29498,1251,14049,671,15449,0,0,1563,17584,359,5946,1564,23530,California
Yolo,2021-02-07,515,30013,247,14296,268,15717,0,0,169,17408,345,6291,169,23699,California
Yolo,2021-02-08,954,30967,330,14626,624,16341,0,0,612,17681,339,6630,612,24311,California
Yolo,2021-02-09,850,31817,381,15007,469,16810,0,0,575,17981,275,6905,575,24886,California
Yolo,2021-02-10,1426,33243,468,15475,958,17768,0,0,796,18149,629,7534,797,25683,California
Yolo,2021-02-11,1523,34766,768,16243,755,18523,0,0,1149,18924,374,7908,1149,26832,California
Yolo,2021-02-12,1902,36668,743,16986,1159,19682,0,0,1437,19899,462,8370,1437,28269,California
Yolo,2021-02-13,2049,38717,713,17699,1336,21018,0,0,1385,20620,664,9034,1385,29654,California
Yolo,2021-02-14,564,39281,151,17850,413,21431,0,0,441,20938,123,9157,441,30095,California
Yolo,2021-02-15,520,39801,188,18038,332,21763,0,0,259,20937,261,9418,260,30355,California
Yolo,2021-02-16,1114,40915,422,18460,692,22455,0,0,813,21450,301,9719,814,31169,California
Yolo,2021-02-17,1374,42289,697,19157,677,23132,0,0,989,22053,386,10105,989,32158,California
Yolo,2021-02-18,2430,44719,750,19907,1680,24812,0,0,1671,22967,757,10862,1671,33829,California
Yolo,2021-02-19,1723,46442,739,20646,984,25796,0,0,1111,23469,611,11473,1113,34942,California
Yolo,2021-02-20,2449,48891,945,21591,1504,27300,0,0,1376,23777,1068,12541,1376,36318,California
Yolo,2021-02-21,276,49167,223,21814,53,27353,0,0,70,23642,205,12746,70,36388,California
Yolo,2021-02-22,1360,50527,597,22411,763,28116,0,0,695,23674,664,13410,696,37084,California
Yolo,2021-02-23,1116,51643,837,23248,279,28395,0,0,439,23437,676,14086,439,37523,California
Yolo,2021-02-24,2061,53704,589,23837,1472,29867,0,0,1358,24093,702,14788,1358,38881,California
Yolo,2021-02-25,1327,55031,435,24272,892,30759,0,0,864,24494,463,15251,864,39745,California
Yolo,2021-02-26,2506,57537,964,25236,1542,32301,0,0,1321,24634,1181,16432,1321,41066,California
Yolo,2021-02-27,1624,59161,759,25995,865,33166,0,0,1176,25362,448,16880,1176,42242,California
Yolo,2021-02-28,1772,60933,1498,27493,274,33440,0,0,677,24946,1093,17973,677,42919,California
Yolo,2021-03-01,1063,61996,346,27839,717,34157,0,0,637,25160,424,18397,638,43557,California
Yolo,2021-03-02,1399,63395,663,28502,736,34893,0,0,887,25535,512,18909,887,44444,California
Yolo,2021-03-03,1720,65115,575,29077,1145,36038,0,0,752,25321,966,19875,752,45196,California
Yolo,2021-03-04,2567,67682,1276,30353,1291,37329,0,0,1383,25522,1182,21057,1383,46579,California
Yolo,2021-03-05,2070,69752,1218,31571,841,38170,11,11,1221,25909,848,21905,1235,47814,California
Yolo,2021-03-06,1369,71121,1062,32633,283,38453,24,35,752,26070,615,22520,776,48590,California
Yolo,2021-03-07,862,71983,636,33269,214,38667,12,47,730,26681,132,22652,743,49333,California
Yolo,2021-03-08,977,72960,454,33723,480,39147,43,90,704,27158,270,22922,747,50080,California
Yolo,2021-03-09,1117,74077,595,34318,465,39612,57,147,737,27574,378,23300,794,50874,California
Yolo,2021-03-10,1600,75677,946,35264,391,40003,263,410,656,27549,942,24242,917,51791,California
Yolo,2021-03-11,2133,77810,1393,36657,674,40677,66,476,1435,28353,697,24939,1501,53292,California
Yolo,2021-03-12,2481,80291,1148,37805,1264,41941,69,545,1115,28178,1357,26296,1182,54474,California
Yolo,2021-03-13,1709,82000,659,38464,879,42820,171,716,916,28476,790,27086,1088,55562,California
Yolo,2021-03-14,650,82650,188,38652,319,43139,143,859,382,28734,267,27353,525,56087,California
Yolo,2021-03-15,1280,83930,754,39406,353,43492,173,1032,671,28971,606,27959,843,56930,California
Yolo,2021-03-16,1836,85766,709,40115,1056,44548,71,1103,1080,29368,755,28714,1152,58082,California
Yolo,2021-03-17,2340,88106,941,41056,1331,45879,68,1171,1611,30322,725,29439,1679,59761,California
Yolo,2021-03-18,2508,90614,731,41787,1563,47442,214,1385,970,29971,1536,30975,1185,60946,California
Yolo,2021-03-19,1375,91989,634,42421,696,48138,45,1430,775,30197,594,31569,820,61766,California
Yolo,2021-03-20,2126,94115,574,42995,1526,49664,26,1456,666,29433,1457,33026,693,62459,California
Yolo,2021-03-21,309,94424,220,43215,83,49747,6,1462,223,29577,85,33111,229,62688,California
Yolo,2021-03-22,1331,95755,455,43670,825,50572,51,1513,862,30025,467,33578,915,63603,California
Yolo,2021-03-23,1686,97441,916,44586,709,51281,61,1574,1029,30459,657,34235,1091,64694,California
Yolo,2021-03-24,2756,100197,1351,45937,1355,52636,50,1624,1367,30502,1379,35614,1422,66116,California
Yolo,2021-03-25,2347,102544,1235,47172,1079,53715,33,1657,1130,30482,1213,36827,1193,67309,California
Yolo,2021-03-26,2291,104835,1160,48332,1110,54825,21,1678,991,30291,1293,38120,1102,68411,California
Yolo,2021-03-27,1598,106433,440,48772,1140,55965,18,1696,743,30246,853,38973,808,69219,California
Yolo,2021-03-28,1019,107452,780,49552,222,56187,17,1713,232,29728,782,39755,264,69483,California
Yolo,2021-03-29,1890,109342,772,50324,1103,57290,15,1728,929,29725,958,40713,955,70438,California
Yolo,2021-03-30,1404,110746,518,50842,877,58167,9,1737,812,29963,587,41300,825,71263,California
Yuba,2020-12-16,4,4,4,4,0,0,0,0,4,4,0,0,4,4,California
Yuba,2020-12-17,4,8,4,8,0,0,0,0,4,8,0,0,4,8,California
Yuba,2020-12-18,8,16,8,16,0,0,0,0,8,16,0,0,8,16,California
Yuba,2020-12-19,12,28,12,28,0,0,0,0,12,28,0,0,12,28,California
Yuba,2020-12-20,20,48,20,48,0,0,0,0,20,48,0,0,20,48,California
Yuba,2020-12-21,40,88,40,88,0,0,0,0,40,88,0,0,40,88,California
Yuba,2020-12-22,86,174,86,174,0,0,0,0,86,174,0,0,86,174,California
Yuba,2020-12-23,64,238,62,236,2,2,0,0,64,238,0,0,64,238,California
Yuba,2020-12-24,20,258,10,246,10,12,0,0,20,258,0,0,20,258,California
Yuba,2020-12-26,15,273,13,259,2,14,0,0,15,273,0,0,15,273,California
Yuba,2020-12-27,15,288,15,274,0,14,0,0,15,288,0,0,15,288,California
Yuba,2020-12-28,51,339,35,309,16,30,0,0,51,339,0,0,51,339,California
Yuba,2020-12-29,77,416,10,319,67,97,0,0,77,416,0,0,77,416,California
Yuba,2020-12-30,64,480,21,340,43,140,0,0,64,480,0,0,64,480,California
Yuba,2020-12-31,36,516,6,346,30,170,0,0,36,516,0,0,36,516,California
Yuba,2021-01-02,22,538,21,367,1,171,0,0,22,538,0,0,22,538,California
Yuba,2021-01-03,10,548,6,373,4,175,0,0,10,548,0,0,10,548,California
Yuba,2021-01-04,91,639,21,394,70,245,0,0,91,639,0,0,91,639,California
Yuba,2021-01-05,67,706,36,430,31,276,0,0,66,704,1,1,66,705,California
Yuba,2021-01-06,150,856,74,504,76,352,0,0,144,842,6,7,144,849,California
Yuba,2021-01-07,75,931,20,524,55,407,0,0,72,910,4,11,72,921,California
Yuba,2021-01-08,73,1004,24,548,49,456,0,0,66,969,7,18,66,987,California
Yuba,2021-01-09,19,1023,16,564,3,459,0,0,11,972,8,26,11,998,California
Yuba,2021-01-10,116,1139,22,586,94,553,0,0,94,1044,22,48,94,1092,California
Yuba,2021-01-11,72,1211,49,635,23,576,0,0,32,1036,40,88,32,1124,California
Yuba,2021-01-12,109,1320,79,714,30,606,0,0,44,1015,65,153,44,1168,California
Yuba,2021-01-13,119,1439,72,786,47,653,0,0,54,1005,64,217,54,1222,California
Yuba,2021-01-14,109,1548,43,829,66,719,0,0,97,1090,12,229,97,1319,California
Yuba,2021-01-15,201,1749,85,914,116,835,0,0,190,1269,11,240,190,1509,California
Yuba,2021-01-16,184,1933,21,935,163,998,0,0,172,1428,13,253,172,1681,California
Yuba,2021-01-17,13,1946,9,944,4,1002,0,0,7,1429,6,259,7,1688,California
Yuba,2021-01-18,60,2006,32,976,28,1030,0,0,35,1439,25,284,35,1723,California
Yuba,2021-01-19,81,2087,29,1005,52,1082,0,0,66,1490,15,299,66,1789,California
Yuba,2021-01-20,132,2219,86,1091,46,1128,0,0,109,1576,23,322,109,1898,California
Yuba,2021-01-21,212,2431,96,1187,116,1244,0,0,203,1770,9,331,203,2101,California
Yuba,2021-01-22,104,2535,6,1193,98,1342,0,0,95,1856,9,340,95,2196,California
Yuba,2021-01-23,201,2736,7,1200,194,1536,0,0,198,2051,3,343,198,2394,California
Yuba,2021-01-24,8,2744,6,1206,2,1538,0,0,6,2055,2,345,6,2400,California
Yuba,2021-01-25,83,2827,28,1234,55,1593,0,0,52,2077,30,375,52,2452,California
Yuba,2021-01-26,146,2973,38,1272,108,1701,0,0,91,2113,55,430,91,2543,California
Yuba,2021-01-27,181,3154,128,1400,53,1754,0,0,114,2160,67,497,114,2657,California
Yuba,2021-01-28,211,3365,78,1478,133,1887,0,0,171,2291,40,537,171,2828,California
Yuba,2021-01-29,154,3519,54,1532,100,1987,0,0,108,2353,46,583,108,2936,California
Yuba,2021-01-30,410,3929,23,1555,387,2374,0,0,399,2741,11,594,399,3335,California
Yuba,2021-01-31,17,3946,12,1567,5,2379,0,0,15,2754,2,596,15,3350,California
Yuba,2021-02-01,149,4095,72,1639,77,2456,0,0,129,2864,19,615,129,3479,California
Yuba,2021-02-02,122,4217,22,1661,100,2556,0,0,100,2942,22,637,100,3579,California
Yuba,2021-02-03,225,4442,29,1690,196,2752,0,0,112,2942,112,749,112,3691,California
Yuba,2021-02-04,295,4737,122,1812,173,2925,0,0,253,3153,42,791,253,3944,California
Yuba,2021-02-05,147,4884,31,1843,116,3041,0,0,71,3148,76,867,71,4015,California
Yuba,2021-02-06,448,5332,25,1868,423,3464,0,0,440,3580,8,875,440,4455,California
Yuba,2021-02-07,18,5350,11,1879,7,3471,0,0,15,3592,3,878,15,4470,California
Yuba,2021-02-08,97,5447,35,1914,62,3533,0,0,67,3629,30,908,67,4537,California
Yuba,2021-02-09,152,5599,54,1968,98,3631,0,0,85,3647,67,975,85,4622,California
Yuba,2021-02-10,346,5945,172,2140,174,3805,0,0,114,3530,231,1206,114,4736,California
Yuba,2021-02-11,399,6344,62,2202,337,4142,0,0,303,3739,94,1300,303,5039,California
Yuba,2021-02-12,262,6606,26,2228,236,4378,0,0,150,3777,112,1412,150,5189,California
Yuba,2021-02-13,439,7045,35,2263,404,4782,0,0,391,4120,48,1460,391,5580,California
Yuba,2021-02-14,53,7098,11,2274,42,4824,0,0,49,4165,4,1464,49,5629,California
Yuba,2021-02-15,91,7189,38,2312,53,4877,0,0,71,4216,20,1484,71,5700,California
Yuba,2021-02-16,196,7385,47,2359,149,5026,0,0,137,4294,59,1543,137,5837,California
Yuba,2021-02-17,369,7754,155,2514,214,5240,0,0,96,4117,273,1816,96,5933,California
Yuba,2021-02-18,306,8060,32,2546,274,5514,0,0,181,4173,125,1941,181,6114,California
Yuba,2021-02-19,211,8271,76,2622,135,5649,0,0,130,4222,81,2022,130,6244,California
Yuba,2021-02-20,380,8651,29,2651,351,6000,0,0,328,4498,52,2074,328,6572,California
Yuba,2021-02-21,17,8668,15,2666,2,6002,0,0,7,4495,10,2084,7,6579,California
Yuba,2021-02-22,126,8794,79,2745,47,6049,0,0,39,4448,86,2170,39,6618,California
Yuba,2021-02-23,112,8906,24,2769,88,6137,0,0,45,4427,66,2236,45,6663,California
Yuba,2021-02-24,473,9379,136,2905,337,6474,0,0,100,4154,373,2609,100,6763,California
Yuba,2021-02-25,322,9701,127,3032,195,6669,0,0,197,4226,125,2734,197,6960,California
Yuba,2021-02-26,248,9949,63,3095,185,6854,0,0,136,4252,110,2844,136,7096,California
Yuba,2021-02-27,466,10415,42,3137,424,7278,0,0,382,4551,83,2927,382,7478,California
Yuba,2021-02-28,66,10481,24,3161,42,7320,0,0,45,4575,21,2948,45,7523,California
Yuba,2021-03-01,151,10632,39,3200,112,7432,0,0,76,4577,74,3022,76,7599,California
Yuba,2021-03-02,149,10781,35,3235,114,7546,0,0,74,4576,75,3097,74,7673,California
Yuba,2021-03-03,612,11393,152,3387,460,8006,0,0,196,4357,415,3512,196,7869,California
Yuba,2021-03-04,461,11854,271,3658,190,8196,0,0,323,4543,137,3649,323,8192,California
Yuba,2021-03-05,284,12138,48,3706,235,8431,1,1,225,4710,59,3708,226,8418,California
Yuba,2021-03-06,273,12411,28,3734,239,8670,6,7,172,4787,101,3809,178,8596,California
Yuba,2021-03-07,50,12461,28,3762,22,8692,0,7,34,4805,16,3825,34,8630,California
Yuba,2021-03-08,158,12619,55,3817,89,8781,14,21,100,4861,58,3883,114,8744,California
Yuba,2021-03-09,170,12789,45,3862,106,8887,19,40,79,4868,91,3974,98,8842,California
Yuba,2021-03-10,704,13493,222,4084,467,9354,15,55,216,4612,487,4461,231,9073,California
Yuba,2021-03-11,385,13878,167,4251,207,9561,11,66,257,4752,128,4589,268,9341,California
Yuba,2021-03-12,385,14263,57,4308,281,9842,47,113,108,4631,277,4866,156,9497,California
Yuba,2021-03-13,442,14705,337,4645,92,9934,13,126,367,4936,75,4941,380,9877,California
Yuba,2021-03-14,82,14787,19,4664,53,9987,10,136,41,4946,41,4982,51,9928,California
Yuba,2021-03-15,186,14973,47,4711,121,10108,18,154,91,4960,95,5077,109,10037,California
Yuba,2021-03-16,235,15208,72,4783,141,10249,22,176,137,5022,97,5174,159,10196,California
Yuba,2021-03-17,694,15902,147,4930,518,10767,29,205,160,4679,532,5706,189,10385,California
Yuba,2021-03-18,433,16335,110,5040,233,11000,90,295,261,4859,172,5878,352,10737,California
Yuba,2021-03-19,245,16580,90,5130,118,11118,37,332,135,4921,110,5988,172,10909,California
Yuba,2021-03-20,460,17040,57,5187,396,11514,7,339,408,5285,51,6039,415,11324,California
Yuba,2021-03-21,62,17102,39,5226,23,11537,0,339,48,5319,14,6053,48,11372,California
Yuba,2021-03-22,178,17280,69,5295,102,11639,7,346,137,5422,41,6094,144,11516,California
Yuba,2021-03-23,206,17486,69,5364,115,11754,22,368,138,5515,67,6161,160,11676,California
Yuba,2021-03-24,717,18203,243,5607,405,12159,69,437,172,5213,543,6704,241,11917,California
Yuba,2021-03-25,453,18656,258,5865,170,12329,25,462,211,5207,242,6946,236,12153,California
Yuba,2021-03-26,351,19007,128,5993,202,12531,21,483,207,5294,143,7089,230,12383,California
Yuba,2021-03-27,444,19451,22,6015,421,12952,1,484,394,5641,50,7139,397,12780,California
Yuba,2021-03-28,94,19545,38,6053,53,13005,3,487,35,5620,59,7198,38,12818,California
Yuba,2021-03-29,277,19822,86,6139,163,13168,28,515,169,5709,108,7306,197,13015,California
Yuba,2021-03-30,157,19979,24,6163,132,13300,1,516,116,5785,41,7347,117,13132,California
