county,administered_date,total_doses,cumulative_total_doses,pfizer_doses,cumulative_pfizer_doses,moderna_doses,cumulative_moderna_doses,jj_doses,cumulative_jj_doses,partially_vaccinated,total_partially_vaccinated,fully_vaccinated,cumulative_fully_vaccinated,at_least_one_dose,cumulative_at_least_one_dose,california_flag
All CA Counties,2020-12-15,1155,1155,1155,1155,0,0,0,0,1155,1155,0,0,1155,1155,
All CA Counties,2020-12-16,8457,9612,8457,9612,0,0,0,0,8457,9612,0,0,8457,9612,
All CA Counties,2020-12-17,26519,36131,26519,36131,0,0,0,0,26521,36133,0,0,26521,36133,
All CA Counties,2020-12-18,45220,81351,45161,81292,59,59,0,0,45220,81352,1,1,45220,81353,
All CA Counties,2020-12-19,25499,106850,25473,106765,26,85,0,0,25498,106849,1,2,25498,106851,
All CA Counties,2020-12-20,19119,125969,19090,125855,29,114,0,0,19118,125966,1,3,19118,125969,
All CA Counties,2020-12-21,49777,175746,49685,175540,92,206,0,0,49778,175742,3,6,49779,175748,
All CA Counties,2020-12-22,50166,225912,48025,223565,2141,2347,0,0,50158,225894,6,12,50158,225906,
All CA Counties,2020-12-23,50732,276644,41914,265479,8818,11165,0,0,50726,276618,5,17,50729,276635,
All CA Counties,2020-12-24,24109,300753,16355,281834,7754,18919,0,0,24104,300719,5,22,24106,300741,
All CA Counties,2020-12-25,2350,303103,2025,283859,325,19244,0,0,2350,303069,0,22,2350,303091,
All CA Counties,2020-12-26,14634,317737,9473,293332,5161,24405,0,0,14632,317699,2,24,14632,317723,
All CA Counties,2020-12-27,9467,327204,5608,298940,3859,28264,0,0,9464,327160,3,27,9464,327187,
All CA Counties,2020-12-28,46175,373379,29598,328538,16577,44841,0,0,46172,373329,3,30,46172,373359,
All CA Counties,2020-12-29,51330,424709,28602,357140,22728,67569,0,0,51323,424648,4,34,51323,424682,
All CA Counties,2020-12-30,63127,487836,35640,392780,27487,95056,0,0,63115,487757,9,43,63118,487800,
All CA Counties,2020-12-31,29578,517414,10934,403714,18644,113700,0,0,29558,517298,18,61,29559,517359,
All CA Counties,2021-01-01,4592,522006,2081,405795,2511,116211,0,0,4584,521875,7,68,4584,521943,
All CA Counties,2021-01-02,18529,540535,10251,416046,8278,124489,0,0,18524,540397,2,70,18524,540467,
All CA Counties,2021-01-03,6199,546734,3506,419552,2693,127182,0,0,6165,546549,13,83,6165,546632,
All CA Counties,2021-01-04,43621,590355,22010,441562,21611,148793,0,0,43542,590051,40,123,43542,590174,
All CA Counties,2021-01-05,56714,647069,29905,471467,26809,175602,0,0,51055,635605,5598,5721,51152,641326,
All CA Counties,2021-01-06,73601,720670,40610,512077,32991,208593,0,0,57887,677998,15534,21255,57927,699253,
All CA Counties,2021-01-07,92546,813216,52660,564737,39886,248479,0,0,61029,707742,31343,52598,61087,760340,
All CA Counties,2021-01-08,107036,920252,64288,629025,42748,291227,0,0,65243,731403,41652,94250,65313,825653,
All CA Counties,2021-01-09,44495,964747,25595,654620,18900,310127,0,0,27863,742690,16605,110855,27892,853545,
All CA Counties,2021-01-10,24375,989122,14890,669510,9485,319612,0,0,13111,744574,11246,122101,13130,866675,
All CA Counties,2021-01-11,104787,1093909,69699,739209,35088,354700,0,0,60795,761600,43945,166046,60971,927646,
All CA Counties,2021-01-12,114265,1208174,67797,807006,46468,401168,0,0,72680,793045,41480,207526,72925,1000571,
All CA Counties,2021-01-13,119825,1327999,62298,869304,57527,458695,0,0,85796,844993,33941,241467,85889,1086460,
All CA Counties,2021-01-14,124583,1452582,50124,919428,74459,533154,0,0,104800,930297,19679,261146,104983,1191443,
All CA Counties,2021-01-15,142440,1595022,52090,971518,90350,623504,0,0,127164,1042513,15178,276324,127394,1318837,
All CA Counties,2021-01-16,80728,1675750,27410,998928,53318,676822,0,0,73093,1108056,7606,283930,73149,1391986,
All CA Counties,2021-01-17,48320,1724070,16897,1015825,31423,708245,0,0,44637,1149065,3673,287603,44682,1436668,
All CA Counties,2021-01-18,88326,1812396,46090,1061915,42236,750481,0,0,68904,1198799,19349,306952,69083,1505751,
All CA Counties,2021-01-19,142298,1954694,73704,1135619,68594,819075,0,0,111050,1279031,31150,338102,111382,1617133,
All CA Counties,2021-01-20,163611,2118305,84593,1220212,79018,898093,0,0,129335,1374609,34029,372131,129607,1746740,
All CA Counties,2021-01-21,175956,2294261,78792,1299004,97164,995257,0,0,156265,1511792,19459,391590,156642,1903382,
All CA Counties,2021-01-22,170774,2465035,69761,1368765,101013,1096270,0,0,156273,1653867,14357,405947,156432,2059814,
All CA Counties,2021-01-23,111991,2577026,49512,1418277,62479,1158749,0,0,99388,1740833,12542,418489,99508,2159322,
All CA Counties,2021-01-24,61189,2638215,29411,1447688,31778,1190527,0,0,56469,1792685,4682,423171,56534,2215856,
All CA Counties,2021-01-25,145628,2783843,65500,1513188,80128,1270655,0,0,110248,1868081,35233,458404,110629,2326485,
All CA Counties,2021-01-26,169494,2953337,83082,1596270,86412,1357067,0,0,131628,1962265,37723,496127,131907,2458392,
All CA Counties,2021-01-27,183100,3136437,87905,1684175,95195,1452262,0,0,143247,2066225,39508,535635,143468,2601860,
All CA Counties,2021-01-28,188559,3324996,86865,1771040,101694,1553956,0,0,154064,2186342,34190,569825,154307,2756167,
All CA Counties,2021-01-29,184348,3509344,88374,1859414,95974,1649930,0,0,149275,2301349,34450,604275,149457,2905624,
All CA Counties,2021-01-30,124486,3633830,55590,1915004,68896,1718826,0,0,108966,2395124,15341,619616,109116,3014740,
All CA Counties,2021-01-31,69330,3703160,38573,1953577,30757,1749583,0,0,64293,2454497,4979,624595,64352,3079092,
All CA Counties,2021-02-01,162352,3865512,75844,2029421,86508,1836091,0,0,121139,2534745,41023,665618,121271,3200363,
All CA Counties,2021-02-02,186134,4051646,78264,2107685,107870,1943961,0,0,141213,2631564,44622,710240,141441,3341804,
All CA Counties,2021-02-03,212142,4263788,96083,2203768,116059,2060020,0,0,157299,2734813,54310,764550,157559,3499363,
All CA Counties,2021-02-04,229188,4492976,100398,2304166,128790,2188810,0,0,167932,2842442,60672,825222,168301,3667664,
All CA Counties,2021-02-05,247057,4740033,106737,2410903,140320,2329130,0,0,167614,2932017,78591,903813,168166,3835830,
All CA Counties,2021-02-06,155050,4895083,74972,2485875,80078,2409208,0,0,120109,3017903,34720,938533,120606,3956436,
All CA Counties,2021-02-07,66979,4962062,43290,2529165,23689,2432897,0,0,50489,3052439,16405,954938,50941,4007377,
All CA Counties,2021-02-08,181382,5143444,89148,2618313,92234,2525131,0,0,119485,3111259,61419,1016357,120239,4127616,
All CA Counties,2021-02-09,211864,5355308,102280,2720593,109584,2634715,0,0,126669,3154377,84712,1101069,127830,4255446,
All CA Counties,2021-02-10,249882,5605190,120184,2840777,129698,2764413,0,0,137096,3181044,111917,1212986,138584,4394030,
All CA Counties,2021-02-11,266754,5871944,131847,2972624,134907,2899320,0,0,144232,3205779,121316,1334302,146051,4540081,
All CA Counties,2021-02-12,274136,6146080,120082,3092706,154054,3053374,0,0,147412,3229813,125784,1460086,149818,4689899,
All CA Counties,2021-02-13,167673,6313753,77879,3170585,89794,3143168,0,0,92415,3249326,74861,1534947,94374,4784273,
All CA Counties,2021-02-14,95839,6409592,47745,3218330,48094,3191262,0,0,51740,3258693,43919,1578866,53286,4837559,
All CA Counties,2021-02-15,143151,6552743,62766,3281096,80385,3271647,0,0,79024,3277123,63731,1642597,82161,4919720,
All CA Counties,2021-02-16,250034,6802777,118590,3399686,131444,3403091,0,0,133529,3297663,116106,1758703,136646,5056366,
All CA Counties,2021-02-17,260173,7062950,129535,3529221,130638,3533729,0,0,129193,3299701,130396,1889099,132434,5188800,
All CA Counties,2021-02-18,274251,7337201,142890,3672111,131361,3665090,0,0,132372,3295210,141112,2030211,136621,5325421,
All CA Counties,2021-02-19,254509,7591710,147546,3819657,106963,3772053,0,0,131009,3305352,122965,2153176,133107,5458528,
All CA Counties,2021-02-20,154526,7746236,98985,3918642,55541,3827594,0,0,84883,3322900,69344,2222520,86892,5545420,
All CA Counties,2021-02-21,83125,7829361,68803,3987445,14322,3841916,0,0,41777,3325149,41082,2263602,43331,5588751,
All CA Counties,2021-02-22,165473,7994834,110736,4098181,54737,3896653,0,0,82800,3327347,82328,2345930,84526,5673277,
All CA Counties,2021-02-23,227636,8222470,120428,4218609,107208,4003861,0,0,105861,3318110,121125,2467055,111888,5785165,
All CA Counties,2021-02-24,284575,8507045,143915,4362524,140660,4144521,0,0,135054,3311870,148862,2615917,142622,5927787,
All CA Counties,2021-02-25,323420,8830465,159484,4522008,163936,4308457,0,0,169343,3336470,153340,2769257,177940,6105727,
All CA Counties,2021-02-26,358078,9188543,166944,4688952,191134,4499591,0,0,199356,3385383,157760,2927017,206673,6312400,
All CA Counties,2021-02-27,253978,9442521,123577,4812529,130376,4629967,25,25,144303,3425128,109016,3036033,148761,6461161,
All CA Counties,2021-02-28,135763,9578284,81107,4893636,54643,4684610,13,38,79638,3451964,55662,3091695,82498,6543659,
All CA Counties,2021-03-01,245349,9823633,130565,5024201,114646,4799256,138,176,141265,3494206,103231,3194926,145473,6689132,
All CA Counties,2021-03-02,290737,10114370,146839,5171040,143867,4943123,31,207,175317,3561619,114848,3309774,182261,6871393,
All CA Counties,2021-03-03,336069,10450439,167375,5338415,168626,5111749,68,275,194172,3622036,141146,3450920,201563,7072956,
All CA Counties,2021-03-04,353761,10804200,178785,5517200,174877,5286626,99,374,207848,3691936,145103,3596023,215003,7287959,
All CA Counties,2021-03-05,341193,11145393,167701,5684901,172361,5458987,1131,1505,212238,3784490,128093,3724116,220647,7508606,
All CA Counties,2021-03-06,260274,11405667,133614,5818515,118802,5577789,7858,9363,161858,3860939,97974,3822090,174423,7683029,
All CA Counties,2021-03-07,128227,11533894,78756,5897271,45292,5623081,4179,13542,80386,3901539,47640,3869730,88240,7771269,
All CA Counties,2021-03-08,221437,11755331,108287,6005558,102647,5725728,10503,24045,145083,3986199,75915,3945645,160575,7931844,
All CA Counties,2021-03-09,293409,12048740,140265,6145823,137207,5862935,15937,39982,164315,4041944,128576,4074221,184321,8116165,
All CA Counties,2021-03-10,324629,12373369,161842,6307665,138283,6001218,24504,64486,175541,4097802,148366,4222587,204224,8320389,
All CA Counties,2021-03-11,378958,12752327,183580,6491245,162006,6163224,33372,97858,194333,4146102,183619,4406206,231919,8552308,
All CA Counties,2021-03-12,397497,13149824,177697,6668942,173460,6336684,46340,144198,194629,4189247,201992,4608198,245137,8797445,
All CA Counties,2021-03-13,284910,13434734,125382,6794324,128348,6465032,31180,175378,153744,4247719,130695,4738893,189167,8986612,
All CA Counties,2021-03-14,155262,13589996,83495,6877819,56651,6521683,15116,190494,78658,4267453,76296,4815189,96030,9082642,
All CA Counties,2021-03-15,291984,13881980,139732,7017551,131596,6653279,20656,211150,158596,4317519,132586,4947775,182652,9265294,
All CA Counties,2021-03-16,372075,14254055,174921,7192472,179743,6833022,17411,228561,215681,4398213,155600,5103375,236294,9501588,
All CA Counties,2021-03-17,386649,14640704,191820,7384292,176171,7009193,18658,247219,239531,4512709,146218,5249593,260714,9762302,
All CA Counties,2021-03-18,404589,15045293,207564,7591856,178675,7187868,18350,265569,239974,4609696,163456,5413049,260443,10022745,
All CA Counties,2021-03-19,413303,15458596,217748,7809604,173866,7361734,21689,287258,239750,4700661,172535,5585584,263500,10286245,
All CA Counties,2021-03-20,295888,15754484,155839,7965443,124124,7485858,15925,303183,186675,4796282,108480,5694064,204101,10490346,
All CA Counties,2021-03-21,144690,15899174,100179,8065622,36968,7522826,7543,310726,88774,4838476,55508,5749572,97702,10588048,
All CA Counties,2021-03-22,275518,16174692,160608,8226230,103670,7626496,11240,321966,179200,4936490,95484,5845056,193498,10781546,
All CA Counties,2021-03-23,360017,16534709,198654,8424884,150266,7776762,11097,333063,221012,5033198,138040,5983096,234748,11016294,
All CA Counties,2021-03-24,389219,16923928,222769,8647653,153906,7930668,12544,345607,225858,5111637,162059,6145155,240498,11256792,
All CA Counties,2021-03-25,419707,17343635,231310,8878963,173488,8104156,14909,360516,237462,5185298,180862,6326017,254523,11511315,
All CA Counties,2021-03-26,436490,17780125,233396,9112359,186969,8291125,16125,376641,235482,5240040,199721,6525738,254463,11765778,
All CA Counties,2021-03-27,313886,18094011,166987,9279346,135093,8426218,11806,388447,157726,5256553,155269,6681007,171782,11937560,
All CA Counties,2021-03-28,169765,18263776,109186,9388532,56987,8483205,3592,392039,88678,5270392,80597,6761604,94436,12031996,
All CA Counties,2021-03-29,311547,18575323,167565,9556097,134923,8618128,9059,401098,173156,5317562,137560,6899164,184730,12216726,
All CA Counties,2021-03-30,400104,18975427,202570,9758667,179271,8797399,18263,419361,224649,5387640,174611,7073775,244689,12461415,
All CA Counties,2021-03-31,427860,19403287,232554,9991221,173529,8970928,21777,441138,237786,5459272,188955,7262730,260587,12722002,
All CA Counties,2021-04-01,494107,19897394,252945,10244166,200689,9171617,40473,481611,271787,5551848,220806,7483536,313382,13035384,
All CA Counties,2021-04-02,475639,20373033,231910,10476076,200445,9372062,43284,524895,257951,5638316,216383,7699919,302851,13338235,
All CA Counties,2021-04-03,330611,20703644,168545,10644621,120513,9492575,41553,566448,164587,5680259,165322,7865241,207265,13545500,
All CA Counties,2021-04-04,132701,20836345,69235,10713856,44381,9536956,19085,585533,58070,5683243,74293,7939534,77277,13622777,
All CA Counties,2021-04-05,354529,21190874,182659,10896515,131964,9668920,39906,625439,174265,5720333,179516,8119050,216606,13839383,
All CA Counties,2021-04-06,459250,21650124,232747,11129262,160842,9829762,65661,691100,222523,5774678,235730,8354780,290075,14129458,
All CA Counties,2021-04-07,474288,22124412,246420,11375682,157689,9987451,70179,761279,230667,5833920,242598,8597378,301840,14431298,
All CA Counties,2021-04-08,501703,22626115,253165,11628847,163874,10151325,84664,845943,235900,5892135,264529,8861907,322744,14754042,
All CA Counties,2021-04-09,497193,23123308,247860,11876707,169202,10320527,80131,926074,228757,5936753,267283,9129190,311901,15065943,
All CA Counties,2021-04-10,368750,23492058,168756,12045463,125537,10446064,74457,1000531,154559,5955023,213382,9342572,231652,15297595,
All CA Counties,2021-04-11,188158,23680216,105727,12151190,48334,10494398,34097,1034628,78068,5960288,109715,9452287,114980,15412575,
All CA Counties,2021-04-12,341849,24022065,175688,12326878,127846,10622244,38315,1072943,158092,5977554,182700,9634987,199966,15612541,
All CA Counties,2021-04-13,435219,24457284,243692,12570570,190563,10812807,964,1073907,243073,6033613,191054,9826041,247113,15859654,
All CA Counties,2021-04-14,455538,24912822,255476,12826046,199770,11012577,292,1074199,237247,6058716,217012,10043053,242115,16101769,
All CA Counties,2021-04-15,496152,25408974,289085,13115131,206769,11219346,298,1074497,277440,6122275,217122,10260175,280681,16382450,
All CA Counties,2021-04-16,480721,25889695,270475,13385606,209933,11429279,313,1074810,256190,6158167,223106,10483281,258998,16641448,
All CA Counties,2021-04-17,345505,26235200,193727,13579333,151713,11580992,65,1074875,196649,6210187,147894,10631175,199914,16841362,
All CA Counties,2021-04-18,160638,26395838,103685,13683018,56935,11637927,18,1074893,82719,6218505,77452,10708627,85770,16927132,
All CA Counties,2021-04-19,322961,26718799,185646,13868664,137217,11775144,98,1074991,152671,6203920,169277,10877904,154692,17081824,
All CA Counties,2021-04-20,418569,27137368,226037,14094701,192450,11967594,82,1075073,207622,6205008,209764,11087668,210852,17292676,
All CA Counties,2021-04-21,439003,27576371,253536,14348237,185196,12152790,271,1075344,211306,6193800,226040,11313708,214832,17507508,
All CA Counties,2021-04-22,455390,28031761,261967,14610204,193344,12346134,79,1075423,203142,6149611,250729,11564437,206540,17714048,
All CA Counties,2021-04-23,448064,28479825,257371,14867575,190601,12536735,92,1075515,203246,6113059,243310,11807747,206758,17920806,
All CA Counties,2021-04-24,325937,28805762,205121,15072696,120632,12657367,184,1075699,165555,6122704,159390,11967137,169035,18089841,
All CA Counties,2021-04-25,149997,28955759,98722,15171418,51200,12708567,75,1075774,80518,6135760,68983,12036120,82039,18171880,
All CA Counties,2021-04-26,305072,29260831,177448,15348866,126070,12834637,1554,1077328,133366,6104628,170639,12206759,139507,18311387,
All CA Counties,2021-04-27,373078,29633909,206996,15555862,159441,12994078,6641,1083969,150883,6044406,220979,12427738,160757,18472144,
All CA Counties,2021-04-28,358996,29992905,207333,15763195,143727,13137805,7936,1091905,148372,5993731,209431,12637169,158756,18630900,
All CA Counties,2021-04-29,368426,30361331,213835,15977030,146650,13284455,7941,1099846,135904,5908266,231244,12868413,145779,18776679,
All CA Counties,2021-04-30,381073,30742404,219691,16196721,152427,13436882,8955,1108801,145491,5830580,234200,13102613,156514,18933193,
All CA Counties,2021-05-01,248502,30990906,158652,16355373,83771,13520653,6079,1114880,90279,5771871,157312,13259925,98603,19031796,
All CA Counties,2021-05-02,117016,31107922,81772,16437145,31361,13552014,3883,1118763,40934,5741422,75655,13335580,45206,19077002,
All CA Counties,2021-05-03,254106,31362028,155921,16593066,89411,13641425,8774,1127537,77616,5653156,175582,13511162,87316,19164318,
All CA Counties,2021-05-04,333340,31695368,204844,16797910,118676,13760101,9820,1137357,98678,5529340,233536,13744698,109720,19274038,
All CA Counties,2021-05-05,337818,32033186,211558,17009468,116183,13876284,10077,1147434,95690,5395303,240824,13985522,106787,19380825,
All CA Counties,2021-05-06,354368,32387554,232357,17241825,111464,13987748,10547,1157981,89976,5235670,262680,14248202,103047,19483872,
All CA Counties,2021-05-07,352087,32739641,221093,17462918,121112,14108860,9882,1167863,95812,5087810,254842,14503044,106982,19590854,
All CA Counties,2021-05-08,231351,32970992,148076,17610994,76334,14185194,6941,1174804,63591,4993049,166771,14669815,72010,19662864,
All CA Counties,2021-05-09,95329,33066321,72269,17683263,20086,14205280,2974,1177778,25174,4951833,69811,14739626,28595,19691459,
All CA Counties,2021-05-10,205519,33271840,117929,17801192,79735,14285015,7855,1185633,50748,4857828,153921,14893547,59916,19751375,
All CA Counties,2021-05-11,273977,33545817,156391,17957583,108934,14393949,8652,1194285,72598,4740499,200389,15093936,83060,19834435,
All CA Counties,2021-05-12,271401,33817218,158397,18115980,103887,14497836,9117,1203402,73070,4626605,197240,15291176,83346,19917781,
All CA Counties,2021-05-13,316354,34133572,204435,18320415,104508,14602344,7411,1210813,119146,4559801,196029,15487205,129225,20047006,
All CA Counties,2021-05-14,339827,34473399,218160,18538575,112754,14715098,8913,1219726,132652,4497559,205891,15693096,143649,20190655,
All CA Counties,2021-05-15,278834,34752233,194804,18733379,78067,14793165,5963,1225689,114625,4455833,163307,15856403,121581,20312236,
All CA Counties,2021-05-16,139947,34892180,107933,18841312,29063,14822228,2951,1228640,57365,4434444,82113,15938516,60724,20372960,
All CA Counties,2021-05-17,239881,35132061,157951,18999263,74516,14896744,7414,1236054,95035,4393830,143936,16082452,103322,20476282,
All CA Counties,2021-05-18,281237,35413298,171630,19170893,102205,14998949,7402,1243456,109796,4342120,170311,16252763,118601,20594883,
All CA Counties,2021-05-19,274649,35687947,171591,19342484,95497,15094446,7561,1251017,112508,4302221,161084,16413847,121185,20716068,
All CA Counties,2021-05-20,263087,35951034,157276,19499760,97688,15192134,8123,1259140,100249,4250448,161679,16575526,109906,20825974,
All CA Counties,2021-05-21,281669,36232703,173197,19672957,100524,15292658,7948,1267088,106243,4191736,174141,16749667,115429,20941403,
All CA Counties,2021-05-22,203704,36436407,134933,19807890,62564,15355222,6207,1273295,86797,4169758,116116,16865783,94138,21035541,
All CA Counties,2021-05-23,88880,36525287,62453,19870343,23736,15378958,2691,1275986,38304,4160990,50147,16915930,41379,21076920,
All CA Counties,2021-05-24,170699,36695986,100166,19970509,62230,15441188,8303,1284289,64670,4129606,105209,17021139,73825,21150745,
All CA Counties,2021-05-25,189162,36885148,111084,20081593,70082,15511270,7996,1292285,71609,4093812,116525,17137664,80731,21231476,
All CA Counties,2021-05-26,184152,37069300,106037,20187630,70283,15581553,7832,1300117,71523,4062354,111521,17249185,80063,21311539,
All CA Counties,2021-05-27,171859,37241159,98283,20285913,65089,15646642,8487,1308604,69225,4039353,101785,17350970,78784,21390323,
All CA Counties,2021-05-28,188219,37429378,108590,20394503,72550,15719192,7079,1315683,81166,4022634,106084,17457054,89365,21479688,
All CA Counties,2021-05-29,106431,37535809,65343,20459846,37309,15756501,3779,1319462,49703,4020418,56193,17513247,53977,21533665,
All CA Counties,2021-05-30,46791,37582600,30873,20490719,13469,15769970,2449,1321911,20457,4017445,26094,17539341,23121,21556786,
All CA Counties,2021-05-31,19741,37602341,11627,20502346,7143,15777113,971,1322882,6418,4011778,13171,17552512,7504,21564290,
All CA Counties,2021-06-01,167788,37770129,97945,20600291,62821,15839934,7022,1329904,59473,3971829,107331,17659843,67382,21631672,
All CA Counties,2021-06-02,142219,37912348,84107,20684398,51041,15890975,7071,1336975,53736,3945704,87584,17747427,61459,21693131,
All CA Counties,2021-06-03,170300,38082648,116541,20800939,46761,15937736,6998,1343973,51843,3887933,117612,17865039,59841,21752972,
All CA Counties,2021-06-04,198681,38281329,140052,20940991,52509,15990245,6120,1350093,59490,3817226,138147,18003186,67440,21820412,
All CA Counties,2021-06-05,156343,38437672,118041,21059032,32749,16022994,5553,1355646,43603,3755360,111959,18115145,50093,21870505,
All CA Counties,2021-06-06,63413,38501085,53418,21112450,7788,16030782,2207,1357853,16905,3729052,46218,18161363,19910,21890415,
All CA Counties,2021-06-07,135914,38636999,99783,21212233,30276,16061058,5855,1363708,40008,3680318,95303,18256666,46569,21936984,
All CA Counties,2021-06-08,157531,38794530,114407,21326640,36397,16097455,6727,1370435,46766,3624974,109865,18366531,54521,21991505,
All CA Counties,2021-06-09,151590,38946120,110396,21437036,34479,16131934,6715,1377150,41993,3565794,108800,18475331,49620,22041125,
All CA Counties,2021-06-10,146012,39092132,105214,21542250,33526,16165460,7272,1384422,42827,3514465,102470,18577801,51141,22092266,
All CA Counties,2021-06-11,158185,39250317,111173,21653423,40343,16205803,6669,1391091,49131,3463004,108160,18685961,56699,22148965,
All CA Counties,2021-06-12,114368,39364685,86676,21740099,24002,16229805,3690,1394781,32684,3418894,81137,18767098,37027,22185992,
All CA Counties,2021-06-13,44392,39409077,33060,21773159,9292,16239097,2040,1396821,11021,3399215,33134,18800232,13455,22199447,
All CA Counties,2021-06-14,114758,39523835,81572,21854731,26457,16265554,6729,1403550,37786,3367959,76380,18876612,45124,22244571,
All CA Counties,2021-06-15,131249,39655084,88692,21943423,33819,16299373,8738,1412288,43947,3335054,86473,18963085,53568,22298139,
All CA Counties,2021-06-16,120197,39775281,84678,22028101,27869,16327242,7650,1419938,41439,3306863,78021,19041106,49830,22347969,
All CA Counties,2021-06-17,113622,39888903,78854,22106955,26984,16354226,7784,1427722,40154,3282694,72730,19113836,48561,22396530,
All CA Counties,2021-06-18,127824,40016727,88638,22195593,31773,16385999,7413,1435135,45790,3255478,81166,19195002,53950,22450480,
All CA Counties,2021-06-19,76155,40092882,55350,22250943,16820,16402819,3985,1439120,28507,3241466,47010,19242012,32998,22483478,
All CA Counties,2021-06-20,30551,40123433,22999,22273942,6204,16409023,1348,1440468,11505,3235696,18836,19260848,13066,22496544,
All CA Counties,2021-06-21,70850,40194283,44438,22318380,20457,16429480,5955,1446423,36371,3244443,34096,19294944,42843,22539387,
All CA Counties,2021-06-22,99737,40294020,69724,22388104,24203,16453683,5810,1452233,38842,3229440,60310,19355254,45307,22584694,
All CA Counties,2021-06-23,90900,40384920,64215,22452319,21165,16474848,5520,1457753,37020,3219229,53342,19408596,43131,22627825,
All CA Counties,2021-06-24,86511,40471431,60626,22512945,20620,16495468,5265,1463018,34729,3208571,51201,19459797,40543,22668368,
All CA Counties,2021-06-25,99799,40571230,71098,22584043,23749,16519217,4952,1467970,40597,3196081,58616,19518413,46126,22714494,
All CA Counties,2021-06-26,59094,40630324,43772,22627815,12638,16531855,2684,1470654,23882,3188189,34896,19553309,27004,22741498,
All CA Counties,2021-06-27,20635,40650959,14908,22642723,4710,16536565,1017,1471671,8569,3185952,11950,19565259,9713,22751211,
All CA and Non-CA Counties,2020-12-15,1164,1164,1164,1164,0,0,0,0,1164,1164,0,0,1164,1164,
All CA and Non-CA Counties,2020-12-16,8730,9894,8730,9894,0,0,0,0,8730,9894,0,0,8730,9894,
All CA and Non-CA Counties,2020-12-17,28127,38021,28127,38021,0,0,0,0,28127,38021,0,0,28127,38021,
All CA and Non-CA Counties,2020-12-18,47754,85775,47688,85709,66,66,0,0,47753,85773,1,1,47753,85774,
All CA and Non-CA Counties,2020-12-19,26533,112308,26506,112215,27,93,0,0,26532,112304,1,2,26532,112306,
All CA and Non-CA Counties,2020-12-20,19797,132105,19765,131980,32,125,0,0,19796,132099,1,3,19796,132102,
All CA and Non-CA Counties,2020-12-21,51953,184058,51858,183838,95,220,0,0,51950,184047,3,6,51951,184053,
All CA and Non-CA Counties,2020-12-22,52228,236286,50012,233850,2216,2436,0,0,52220,236261,6,12,52220,236273,
All CA and Non-CA Counties,2020-12-23,52260,288546,43299,277149,8961,11397,0,0,52253,288511,6,18,52256,288529,
All CA and Non-CA Counties,2020-12-24,24910,313456,16966,294115,7944,19341,0,0,24905,313413,5,23,24907,313436,
All CA and Non-CA Counties,2020-12-25,2384,315840,2054,296169,330,19671,0,0,2384,315797,0,23,2384,315820,
All CA and Non-CA Counties,2020-12-26,14941,330781,9680,305849,5261,24932,0,0,14939,330734,2,25,14939,330759,
All CA and Non-CA Counties,2020-12-27,9656,340437,5680,311529,3976,28908,0,0,9653,340384,3,28,9653,340412,
All CA and Non-CA Counties,2020-12-28,47586,388023,30500,342029,17086,45994,0,0,47582,387963,3,31,47582,387994,
All CA and Non-CA Counties,2020-12-29,52874,440897,29623,371652,23251,69245,0,0,52868,440827,4,35,52868,440862,
All CA and Non-CA Counties,2020-12-30,65057,505954,36917,408569,28140,97385,0,0,65045,505866,9,44,65048,505910,
All CA and Non-CA Counties,2020-12-31,30677,536631,11530,420099,19147,116532,0,0,30655,536503,19,63,30656,536566,
All CA and Non-CA Counties,2021-01-01,4707,541338,2107,422206,2600,119132,0,0,4699,541195,7,70,4699,541265,
All CA and Non-CA Counties,2021-01-02,18776,560114,10385,432591,8391,127523,0,0,18770,559962,3,73,18770,560035,
All CA and Non-CA Counties,2021-01-03,6370,566484,3598,436189,2772,130295,0,0,6336,566285,13,86,6336,566371,
All CA and Non-CA Counties,2021-01-04,44764,611248,22521,458710,22243,152538,0,0,44679,610923,41,127,44679,611050,
All CA and Non-CA Counties,2021-01-05,58261,669509,30725,489435,27536,180074,0,0,52408,657639,5790,5917,52506,663556,
All CA and Non-CA Counties,2021-01-06,76273,745782,42192,531627,34081,214155,0,0,59827,701243,16263,22180,59867,723423,
All CA and Non-CA Counties,2021-01-07,96736,842518,55260,586887,41476,255631,0,0,63563,731870,32996,55176,63623,787046,
All CA and Non-CA Counties,2021-01-08,111512,954030,67191,654078,44321,299952,0,0,67855,756291,43507,98683,67928,854974,
All CA and Non-CA Counties,2021-01-09,45806,999836,26131,680209,19675,319627,0,0,28847,768237,16932,115615,28878,883852,
All CA and Non-CA Counties,2021-01-10,24686,1024522,15078,695287,9608,329235,0,0,13300,770188,11368,126983,13319,897171,
All CA and Non-CA Counties,2021-01-11,108062,1132584,71714,767001,36348,365583,0,0,62742,787833,45273,172256,62918,960089,
All CA and Non-CA Counties,2021-01-12,118106,1250690,70105,837106,48001,413584,0,0,74977,820040,43019,215275,75226,1035315,
All CA and Non-CA Counties,2021-01-13,123480,1374170,64105,901211,59375,472959,0,0,88272,873289,35120,250395,88369,1123684,
All CA and Non-CA Counties,2021-01-14,128230,1502400,51393,952604,76837,549796,0,0,107800,960962,20313,270708,107986,1231670,
All CA and Non-CA Counties,2021-01-15,146632,1649032,53091,1005695,93541,643337,0,0,130878,1076427,15643,286351,131108,1362778,
All CA and Non-CA Counties,2021-01-16,83382,1732414,27804,1033499,55578,698915,0,0,75572,1144276,7779,294130,75628,1438406,
All CA and Non-CA Counties,2021-01-17,48827,1781241,17052,1050551,31775,730690,0,0,45095,1185694,3722,297852,45140,1483546,
All CA and Non-CA Counties,2021-01-18,89582,1870823,46914,1097465,42668,773358,0,0,69699,1235764,19809,317661,69879,1553425,
All CA and Non-CA Counties,2021-01-19,146412,2017235,75064,1172529,71348,844706,0,0,114262,1318310,32051,349712,114597,1668022,
All CA and Non-CA Counties,2021-01-20,168128,2185363,86103,1258632,82025,926731,0,0,132857,1416419,35021,384733,133130,1801152,
All CA and Non-CA Counties,2021-01-21,180241,2365604,80007,1338639,100234,1026965,0,0,159974,1556749,20021,404754,160351,1961503,
All CA and Non-CA Counties,2021-01-22,175416,2541020,70886,1409525,104530,1131495,0,0,160508,1702659,14759,419513,160669,2122172,
All CA and Non-CA Counties,2021-01-23,114273,2655293,49865,1459390,64408,1195903,0,0,101503,1791573,12709,432222,101623,2223795,
All CA and Non-CA Counties,2021-01-24,61799,2717092,29661,1489051,32138,1228041,0,0,56999,1843873,4764,436986,57064,2280859,
All CA and Non-CA Counties,2021-01-25,150173,2867265,67492,1556543,82681,1310722,0,0,113924,1922083,36097,473083,114307,2395166,
All CA and Non-CA Counties,2021-01-26,175628,3042893,86114,1642657,89514,1400236,0,0,136905,2020692,38582,511665,137191,2532357,
All CA and Non-CA Counties,2021-01-27,188253,3231146,90664,1733321,97589,1497825,0,0,147767,2128546,40136,551801,147990,2680347,
All CA and Non-CA Counties,2021-01-28,193970,3425116,89850,1823171,104120,1601945,0,0,158877,2252885,34781,586582,159120,2839467,
All CA and Non-CA Counties,2021-01-29,189372,3614488,91568,1914739,97804,1699749,0,0,153491,2371306,35255,621837,153676,2993143,
All CA and Non-CA Counties,2021-01-30,128934,3743422,58023,1972762,70911,1770660,0,0,113184,2469068,15573,637410,113335,3106478,
All CA and Non-CA Counties,2021-01-31,72488,3815910,41307,2014069,31181,1801841,0,0,67394,2531486,5036,642446,67454,3173932,
All CA and Non-CA Counties,2021-02-01,167978,3983888,78467,2092536,89511,1891352,0,0,126032,2615900,41750,684196,126164,3300096,
All CA and Non-CA Counties,2021-02-02,192997,4176885,80479,2173015,112518,2003870,0,0,147340,2718121,45347,729543,147568,3447664,
All CA and Non-CA Counties,2021-02-03,219627,4396512,98217,2271232,121410,2125280,0,0,163892,2827081,55193,784736,164153,3611817,
All CA and Non-CA Counties,2021-02-04,236152,4632664,102630,2373862,133522,2258802,0,0,173862,2939619,61694,846430,174232,3786049,
All CA and Non-CA Counties,2021-02-05,253877,4886541,108976,2482838,144901,2403703,0,0,173339,3033831,79679,926109,173891,3959940,
All CA and Non-CA Counties,2021-02-06,159472,5046013,77124,2559962,82348,2486051,0,0,124058,3123204,35185,961294,124558,4084498,
All CA and Non-CA Counties,2021-02-07,69211,5115224,45127,2605089,24084,2510135,0,0,52633,3159799,16492,977786,53087,4137585,
All CA and Non-CA Counties,2021-02-08,186737,5301961,92537,2697626,94200,2604335,0,0,123745,3221795,62503,1040289,124499,4262084,
All CA and Non-CA Counties,2021-02-09,216167,5518128,104212,2801838,111955,2716290,0,0,129641,3266579,86032,1126321,130816,4392900,
All CA and Non-CA Counties,2021-02-10,255577,5773705,122161,2923999,133416,2849706,0,0,140294,3293998,114404,1240725,141823,4534723,
All CA and Non-CA Counties,2021-02-11,271732,6045437,134208,3058207,137524,2987230,0,0,147821,3320963,122693,1363418,149658,4684381,
All CA and Non-CA Counties,2021-02-12,279479,6324916,122086,3180293,157393,3144623,0,0,150869,3346585,127657,1491075,153279,4837660,
All CA and Non-CA Counties,2021-02-13,170103,6495019,78619,3258912,91484,3236107,0,0,94264,3367379,75441,1566516,96235,4933895,
All CA and Non-CA Counties,2021-02-14,97204,6592223,48169,3307081,49035,3285142,0,0,52853,3377614,44166,1610682,54401,4988296,
All CA and Non-CA Counties,2021-02-15,145835,6738058,64415,3371496,81420,3366562,0,0,80320,3395974,65100,1675782,83460,5071756,
All CA and Non-CA Counties,2021-02-16,256617,6994675,121607,3493103,135010,3501572,0,0,136153,3415196,120054,1795836,139276,5211032,
All CA and Non-CA Counties,2021-02-17,266183,7260858,132577,3625680,133606,3635178,0,0,131039,3414929,134552,1930388,134285,5345317,
All CA and Non-CA Counties,2021-02-18,280945,7541803,146770,3772450,134175,3769353,0,0,134478,3407984,145673,2076061,138728,5484045,
All CA and Non-CA Counties,2021-02-19,260550,7802353,151781,3924231,108769,3878122,0,0,133523,3417124,126483,2202544,135623,5619668,
All CA and Non-CA Counties,2021-02-20,158044,7960397,101843,4026074,56201,3934323,0,0,86157,3433708,71583,2274127,88167,5707835,
All CA and Non-CA Counties,2021-02-21,86001,8046398,71455,4097529,14546,3948869,0,0,42668,3434869,43061,2317188,44222,5752057,
All CA and Non-CA Counties,2021-02-22,168983,8215381,113306,4210835,55677,4004546,0,0,84447,3436860,84187,2401375,86178,5838235,
All CA and Non-CA Counties,2021-02-23,233703,8449084,123838,4334673,109865,4114411,0,0,108216,3426289,124828,2526203,114257,5952492,
All CA and Non-CA Counties,2021-02-24,291032,8740116,147482,4482155,143550,4257961,0,0,137519,3418535,152846,2679049,145092,6097584,
All CA and Non-CA Counties,2021-02-25,330411,9070527,163041,4645196,167370,4425331,0,0,172432,3442361,157210,2836259,181036,6278620,
All CA and Non-CA Counties,2021-02-26,364998,9435525,170593,4815789,194405,4619736,0,0,202486,3490706,161460,2997719,209805,6488425,
All CA and Non-CA Counties,2021-02-27,259472,9694997,126346,4942135,133100,4752836,26,26,146196,3528762,112602,3110321,150658,6639083,
All CA and Non-CA Counties,2021-02-28,138218,9833215,82885,5025020,55319,4808155,14,40,80450,3554775,57300,3167621,83313,6722396,
All CA and Non-CA Counties,2021-03-01,250372,10083587,133747,5158767,116486,4924641,139,179,142652,3594786,106855,3274476,146866,6869262,
All CA and Non-CA Counties,2021-03-02,297490,10381077,149336,5308103,148123,5072764,31,210,177395,3659620,119507,3393983,184341,7053603,
All CA and Non-CA Counties,2021-03-03,344021,10725098,170506,5478609,173445,5246209,70,280,196867,3717496,146387,3540370,204263,7257866,
All CA and Non-CA Counties,2021-03-04,360639,11085737,181736,5660345,178798,5425007,105,385,210182,3785212,149629,3689999,217345,7475211,
All CA and Non-CA Counties,2021-03-05,346499,11432236,170386,5830731,174968,5599975,1145,1530,214993,3878000,130636,3820635,223424,7698635,
All CA and Non-CA Counties,2021-03-06,264900,11697136,135767,5966498,121117,5721092,8016,9546,164207,3954691,100248,3920883,176939,7875574,
All CA and Non-CA Counties,2021-03-07,129831,11826967,79785,6046283,45811,5766903,4235,13781,81362,3995697,48268,3969151,89274,7964848,
All CA and Non-CA Counties,2021-03-08,224600,12051567,110167,6156450,103680,5870583,10753,24534,147304,4081922,76829,4045980,163054,8127902,
All CA and Non-CA Counties,2021-03-09,298153,12349720,142715,6299165,139183,6009766,16255,40789,167106,4138826,130526,4176506,187430,8315332,
All CA and Non-CA Counties,2021-03-10,329044,12678764,163953,6463118,140072,6149838,25019,65808,178262,4196241,150052,4326558,207467,8522799,
All CA and Non-CA Counties,2021-03-11,385154,13063918,186749,6649867,164341,6314179,34064,99872,197645,4245668,186496,4513054,235923,8758722,
All CA and Non-CA Counties,2021-03-12,404032,13467950,181635,6831502,175328,6489507,47069,146941,198196,4290153,204948,4718002,249433,9008155,
All CA and Non-CA Counties,2021-03-13,288731,13756681,127588,6959090,129488,6618995,31655,178596,156332,4350464,131920,4849922,192231,9200386,
All CA and Non-CA Counties,2021-03-14,157074,13913755,84426,7043516,57189,6676184,15459,194055,79645,4370705,77120,4927042,97361,9297747,
All CA and Non-CA Counties,2021-03-15,296052,14209807,141859,7185375,133065,6809249,21128,215183,160766,4421524,134479,5061521,185298,9483045,
All CA and Non-CA Counties,2021-03-16,379641,14589448,179310,7364685,182526,6991775,17805,232988,219891,4503465,158953,5220474,240894,9723939,
All CA and Non-CA Counties,2021-03-17,395119,14984567,197291,7561976,178787,7170562,19041,252029,244618,4620056,149594,5370068,266185,9990124,
All CA and Non-CA Counties,2021-03-18,412933,15397500,212710,7774686,181328,7351890,18895,270924,244792,4718891,166971,5537039,265806,10255930,
All CA and Non-CA Counties,2021-03-19,420644,15818144,222101,7996787,176311,7528201,22232,293156,244149,4811865,175472,5712511,268446,10524376,
All CA and Non-CA Counties,2021-03-20,300664,16118808,158986,8155773,125664,7653865,16014,309170,190323,4910108,109596,5822107,207839,10732215,
All CA and Non-CA Counties,2021-03-21,146801,16265609,101626,8257399,37543,7691408,7632,316802,90461,4953657,55928,5878035,99477,10831692,
All CA and Non-CA Counties,2021-03-22,278821,16544430,162603,8420002,104888,7796296,11330,328132,181462,5052993,96513,5974548,195849,11027541,
All CA and Non-CA Counties,2021-03-23,366121,16910551,201763,8621765,152953,7949249,11405,339537,225145,5152188,139995,6114543,239190,11266731,
All CA and Non-CA Counties,2021-03-24,396565,17307116,226531,8848296,157041,8106290,12993,352530,230916,5233851,164340,6278883,246003,11512734,
All CA and Non-CA Counties,2021-03-25,427998,17735114,235163,9083459,177400,8283690,15435,367965,243474,5311786,183127,6462010,261062,11773796,
All CA and Non-CA Counties,2021-03-26,443205,18178319,236947,9320406,189951,8473641,16307,384272,239902,5368863,201987,6663997,259064,12032860,
All CA and Non-CA Counties,2021-03-27,319457,18497776,170104,9490510,137328,8610969,12025,396297,161221,5387018,157338,6821335,175493,12208353,
All CA and Non-CA Counties,2021-03-28,172859,18670635,110840,9601350,58266,8669235,3753,400050,90670,5401915,81692,6903027,96589,12304942,
All CA and Non-CA Counties,2021-03-29,316770,18987405,169883,9771233,137483,8806718,9404,409454,176144,5450191,139787,7042814,188063,12493005,
All CA and Non-CA Counties,2021-03-30,407029,19394434,206214,9977447,181984,8988702,18831,428285,228741,5522116,177431,7220245,249356,12742361,
All CA and Non-CA Counties,2021-03-31,434227,19828661,236350,10213797,175321,9164023,22556,450841,241172,5594934,191930,7412175,264748,13007109,
All CA and Non-CA Counties,2021-04-01,501711,20330372,257509,10471306,203075,9367098,41127,491968,276199,5689385,223988,7636163,318439,13325548,
All CA and Non-CA Counties,2021-04-02,484128,20814500,236421,10707727,203275,9570373,44432,536400,262338,5777290,220476,7856639,308381,13633929,
All CA and Non-CA Counties,2021-04-03,336923,21151423,172325,10880052,121884,9692257,42714,579114,167948,5820810,168267,8024906,211787,13845716,
All CA and Non-CA Counties,2021-04-04,134499,21285922,70119,10950171,45056,9737313,19324,598438,59051,5824197,75108,8100014,78495,13924211,
All CA and Non-CA Counties,2021-04-05,358708,21644630,184688,11134859,133445,9870758,40575,639013,176264,5861781,181688,8281702,219272,14143483,
All CA and Non-CA Counties,2021-04-06,466420,22111050,236596,11371455,162518,10033276,67306,706319,225385,5916337,240022,8521724,294578,14438061,
All CA and Non-CA Counties,2021-04-07,482539,22593589,251049,11622504,159608,10192884,71882,778201,233881,5975460,247624,8769348,306747,14744808,
All CA and Non-CA Counties,2021-04-08,510004,23103593,257535,11880039,165860,10358744,86609,864810,239215,6033947,269503,9038851,327990,15072798,
All CA and Non-CA Counties,2021-04-09,504791,23608384,251751,12131790,170940,10529684,82100,946910,231675,6078781,271950,9310801,316784,15389582,
All CA and Non-CA Counties,2021-04-10,374857,23983241,171749,12303539,126789,10656473,76319,1023229,156236,6096158,217803,9528604,235180,15624762,
All CA and Non-CA Counties,2021-04-11,191025,24174266,107293,12410832,48990,10705463,34742,1057971,79040,6101147,111606,9640210,116595,15741357,
All CA and Non-CA Counties,2021-04-12,346064,24520330,178045,12588877,129144,10834607,38875,1096846,159970,6118522,185030,9825240,202405,15943762,
All CA and Non-CA Counties,2021-04-13,441098,24961428,247449,12836326,192661,11027268,988,1097834,246109,6174806,193889,10019129,250173,16193935,
All CA and Non-CA Counties,2021-04-14,461041,25422469,259002,13095328,201743,11229011,296,1098130,240276,6200475,219479,10238608,245148,16439083,
All CA and Non-CA Counties,2021-04-15,502354,25924823,292993,13388321,209056,11438067,305,1098435,280771,6264553,219941,10458549,284019,16723102,
All CA and Non-CA Counties,2021-04-16,486691,26411514,273897,13662218,212474,11650541,320,1098755,259518,6301155,225734,10684283,262336,16985438,
All CA and Non-CA Counties,2021-04-17,351060,26762574,197223,13859441,153771,11804312,66,1098821,199858,6354053,150227,10834510,203125,17188563,
All CA and Non-CA Counties,2021-04-18,162838,26925412,104944,13964385,57875,11862187,19,1098840,83788,6362317,78578,10913088,86842,17275405,
All CA and Non-CA Counties,2021-04-19,327169,27252581,187671,14152056,139399,12001586,99,1098939,154836,6347871,171308,11084396,156862,17432267,
All CA and Non-CA Counties,2021-04-20,424076,27676657,228594,14380650,195400,12196986,82,1099021,209896,6348010,212987,11297383,213126,17645393,
All CA and Non-CA Counties,2021-04-21,445656,28122313,256419,14637069,188961,12385947,276,1099297,213743,6335049,230236,11527619,217275,17862668,
All CA and Non-CA Counties,2021-04-22,462340,28584653,265556,14902625,196703,12582650,81,1099378,205711,6289065,255096,11782715,209112,18071780,
All CA and Non-CA Counties,2021-04-23,454054,29038707,260448,15163073,193513,12776163,93,1099471,205735,6251524,246792,12029507,209251,18281031,
All CA and Non-CA Counties,2021-04-24,330642,29369349,208191,15371264,122262,12898425,189,1099660,167453,6260276,162189,12191696,170941,18451972,
All CA and Non-CA Counties,2021-04-25,152237,29521586,99981,15471245,52180,12950605,76,1099736,81699,6273462,70038,12261734,83224,18535196,
All CA and Non-CA Counties,2021-04-26,309289,29830875,179342,15650587,128366,13078971,1581,1101317,135286,6241990,172926,12434660,141454,18676650,
All CA and Non-CA Counties,2021-04-27,378853,30209728,209167,15859754,162672,13241643,7014,1108331,152907,6180435,224718,12659378,163163,18839813,
All CA and Non-CA Counties,2021-04-28,363962,30573690,209482,16069236,146146,13387789,8334,1116665,150339,6129137,212415,12871793,161117,19000930,
All CA and Non-CA Counties,2021-04-29,373394,30947084,216180,16285416,148840,13536629,8374,1125039,137799,6042949,234296,13106089,148108,19149038,
All CA and Non-CA Counties,2021-04-30,386065,31333149,222121,16507537,154559,13691188,9385,1134424,147396,5964527,237274,13343363,158852,19307890,
All CA and Non-CA Counties,2021-05-01,251714,31584863,160509,16668046,84696,13775884,6509,1140933,91601,5905692,159190,13502553,100355,19408245,
All CA and Non-CA Counties,2021-05-02,118878,31703741,82861,16750907,32010,13807894,4007,1144940,41764,5875169,76683,13579236,46160,19454405,
All CA and Non-CA Counties,2021-05-03,257029,31960770,157514,16908421,90454,13898348,9061,1154001,78744,5786527,177372,13756608,88730,19543135,
All CA and Non-CA Counties,2021-05-04,337346,32298116,207013,17115434,120071,14018419,10262,1164263,100013,5661824,236198,13992806,111495,19654630,
All CA and Non-CA Counties,2021-05-05,342327,32640443,214091,17329525,117787,14136206,10449,1174712,97321,5526922,243695,14236501,108793,19763423,
All CA and Non-CA Counties,2021-05-06,358919,32999362,235158,17564683,112869,14249075,10892,1185604,91570,5366277,265631,14502132,104986,19868409,
All CA and Non-CA Counties,2021-05-07,356776,33356138,223810,17788493,122696,14371771,10270,1195874,97434,5217373,257896,14760028,108992,19977401,
All CA and Non-CA Counties,2021-05-08,234634,33590772,150298,17938791,77143,14448914,7193,1203067,64683,5121776,168952,14928980,73355,20050756,
All CA and Non-CA Counties,2021-05-09,96737,33687509,73205,18011996,20432,14469346,3100,1206167,25763,5080459,70625,14999605,29308,20080064,
All CA and Non-CA Counties,2021-05-10,208118,33895627,119129,18131125,80801,14550147,8188,1214355,51670,4986043,155589,15155194,61173,20141237,
All CA and Non-CA Counties,2021-05-11,277070,34172697,157903,18289028,110209,14660356,8958,1223313,73769,4868275,202309,15357503,84541,20225778,
All CA and Non-CA Counties,2021-05-12,274640,34447337,159970,18448998,105226,14765582,9444,1232757,74326,4753986,199217,15556720,84928,20310706,
All CA and Non-CA Counties,2021-05-13,319574,34766911,206311,18655309,105639,14871221,7624,1240381,120548,4686985,197842,15754562,130841,20441547,
All CA and Non-CA Counties,2021-05-14,343410,35110321,220186,18875495,114074,14985295,9150,1249531,134249,4624602,207868,15962430,145485,20587032,
All CA and Non-CA Counties,2021-05-15,281493,35391814,196376,19071871,79011,15064306,6106,1255637,115770,4582660,164813,16127243,122871,20709903,
All CA and Non-CA Counties,2021-05-16,141637,35533451,109025,19180896,29591,15093897,3021,1258658,58144,4561213,83021,16210264,61574,20771477,
All CA and Non-CA Counties,2021-05-17,242961,35776412,159594,19340490,75715,15169612,7652,1266310,96349,4520389,145697,16355961,104873,20876350,
All CA and Non-CA Counties,2021-05-18,284505,36060917,173286,19513776,103496,15273108,7723,1274033,111256,4468668,172106,16528067,120385,20996735,
All CA and Non-CA Counties,2021-05-19,278009,36338926,173277,19687053,96902,15370010,7830,1281863,113956,4428583,162986,16691053,122901,21119636,
All CA and Non-CA Counties,2021-05-20,266246,36605172,159026,19846079,98847,15468857,8373,1290236,101662,4376740,163414,16854467,111571,21231207,
All CA and Non-CA Counties,2021-05-21,284879,36890051,174985,20021064,101693,15570550,8201,1298437,107604,4317805,175978,17030445,117043,21348250,
All CA and Non-CA Counties,2021-05-22,206505,37096556,136767,20157831,63328,15633878,6410,1304847,88297,4296238,117409,17147854,95842,21444092,
All CA and Non-CA Counties,2021-05-23,90441,37186997,63471,20221302,24201,15658079,2769,1307616,39094,4287569,50917,17198771,42248,21486340,
All CA and Non-CA Counties,2021-05-24,173114,37360111,101320,20322622,63144,15721223,8650,1316266,65729,4256244,106556,17305327,75231,21561571,
All CA and Non-CA Counties,2021-05-25,191535,37551646,112183,20434805,71018,15792241,8334,1324600,72609,4220421,117889,17423216,82066,21643637,
All CA and Non-CA Counties,2021-05-26,186537,37738183,107138,20541943,71210,15863451,8189,1332789,72511,4188920,112910,17536126,81409,21725046,
All CA and Non-CA Counties,2021-05-27,174042,37912225,99367,20641310,65899,15929350,8776,1341565,70206,4165992,102980,17639106,80052,21805098,
All CA and Non-CA Counties,2021-05-28,190662,38102887,109813,20751123,73415,16002765,7434,1348999,82269,4149399,107417,17746523,90824,21895922,
All CA and Non-CA Counties,2021-05-29,108101,38210988,66185,20817308,37782,16040547,4134,1353133,50409,4147284,57153,17803676,55038,21950960,
All CA and Non-CA Counties,2021-05-30,47710,38258698,31434,20848742,13702,16054249,2574,1355707,20907,4144421,26559,17830235,23696,21974656,
All CA and Non-CA Counties,2021-05-31,20165,38278863,11812,20860554,7342,16061591,1011,1356718,6597,4138740,13404,17843639,7723,21982379,
All CA and Non-CA Counties,2021-06-01,169950,38448813,99080,20959634,63540,16125131,7330,1364048,60496,4098988,108465,17952104,68713,22051092,
All CA and Non-CA Counties,2021-06-02,144240,38593053,85105,21044739,51717,16176848,7418,1371466,54655,4073037,88676,18040780,62725,22113817,
All CA and Non-CA Counties,2021-06-03,172454,38765507,117728,21162467,47416,16224264,7310,1378776,52812,4015368,118790,18159570,61121,22174938,
All CA and Non-CA Counties,2021-06-04,201232,38966739,141472,21303939,53323,16277587,6437,1385213,60591,3944634,139591,18299161,68857,22243795,
All CA and Non-CA Counties,2021-06-05,158060,39124799,119235,21423174,33109,16310696,5716,1390929,44376,3882765,112899,18412060,51030,22294825,
All CA and Non-CA Counties,2021-06-06,64367,39189166,54134,21477308,7942,16318638,2291,1393220,17353,3856485,46722,18458782,20442,22315267,
All CA and Non-CA Counties,2021-06-07,137853,39327019,100832,21578140,30834,16349472,6187,1399407,40818,3807764,96431,18555213,47710,22362977,
All CA and Non-CA Counties,2021-06-08,159616,39486635,115600,21693740,36944,16386416,7072,1406479,47563,3752279,111147,18666360,55662,22418639,
All CA and Non-CA Counties,2021-06-09,153578,39640213,111590,21805330,34988,16421404,7000,1413479,42811,3693038,109963,18776323,50722,22469361,
All CA and Non-CA Counties,2021-06-10,147957,39788170,106343,21911673,34035,16455439,7579,1421058,43654,3641731,103583,18879906,52276,22521637,
All CA and Non-CA Counties,2021-06-11,160356,39948526,112424,22024097,40935,16496374,6997,1428055,50055,3590283,109400,18989306,57952,22579589,
All CA and Non-CA Counties,2021-06-12,115989,40064515,87887,22111984,24287,16520661,3815,1431870,33321,3545958,82116,19071422,37791,22617380,
All CA and Non-CA Counties,2021-06-13,45343,40109858,33709,22145693,9494,16530155,2140,1434010,11436,3526262,33666,19105088,13970,22631350,
All CA and Non-CA Counties,2021-06-14,116503,40226361,82553,22228246,26927,16557082,7023,1441033,38514,3495015,77391,19182479,46144,22677494,
All CA and Non-CA Counties,2021-06-15,132975,40359336,89649,22317895,34319,16591401,9007,1450040,44718,3462201,87422,19269901,54608,22732102,
All CA and Non-CA Counties,2021-06-16,121857,40481193,85661,22403556,28325,16619726,7871,1457911,42242,3434186,78869,19348770,50854,22782956,
All CA and Non-CA Counties,2021-06-17,115467,40596660,79877,22483433,27459,16647185,8131,1466042,40995,3410204,73731,19422501,49749,22832705,
All CA and Non-CA Counties,2021-06-18,129775,40726435,89698,22573131,32209,16679394,7868,1473910,46624,3383165,82277,19504778,55238,22887943,
All CA and Non-CA Counties,2021-06-19,77212,40803647,56047,22629178,17080,16696474,4085,1477995,29053,3369291,47517,19552295,33643,22921586,
All CA and Non-CA Counties,2021-06-20,31331,40834978,23565,22652743,6370,16702844,1396,1479391,11971,3363724,19147,19571442,13580,22935166,
All CA and Non-CA Counties,2021-06-21,72127,40907105,45077,22697820,20784,16723628,6266,1485657,37066,3372901,34672,19606114,43849,22979015,
All CA and Non-CA Counties,2021-06-22,101369,41008474,70761,22768581,24552,16748180,6056,1491713,39725,3358283,61054,19667168,46436,23025451,
All CA and Non-CA Counties,2021-06-23,92526,41101000,65094,22833675,21592,16769772,5840,1497553,37800,3348331,54181,19721349,44229,23069680,
All CA and Non-CA Counties,2021-06-24,87956,41188956,61477,22895152,20957,16790729,5522,1503075,35492,3338011,51882,19773231,41562,23111242,
All CA and Non-CA Counties,2021-06-25,101493,41290449,72062,22967214,24126,16814855,5305,1508380,41423,3325835,59479,19832710,47303,23158545,
All CA and Non-CA Counties,2021-06-26,60087,41350536,44395,23011609,12843,16827698,2849,1511229,24380,3318115,35387,19868097,27667,23186212,
All CA and Non-CA Counties,2021-06-27,21140,41371676,15271,23026880,4809,16832507,1060,1512289,8846,3315970,12178,19880275,10033,23196245,
Outside California,2020-12-15,9,9,9,9,0,0,0,0,9,9,0,0,9,9,Not in California
Outside California,2020-12-16,273,282,273,282,0,0,0,0,273,282,0,0,273,282,Not in California
Outside California,2020-12-17,1606,1888,1606,1888,0,0,0,0,1606,1888,0,0,1606,1888,Not in California
Outside California,2020-12-18,2533,4421,2526,4414,7,7,0,0,2533,4421,0,0,2533,4421,Not in California
Outside California,2020-12-19,1034,5455,1033,5447,1,8,0,0,1034,5455,0,0,1034,5455,Not in California
Outside California,2020-12-20,678,6133,675,6122,3,11,0,0,678,6133,0,0,678,6133,Not in California
Outside California,2020-12-21,2172,8305,2169,8291,3,14,0,0,2172,8305,0,0,2172,8305,Not in California
Outside California,2020-12-22,2062,10367,1987,10278,75,89,0,0,2062,10367,0,0,2062,10367,Not in California
Outside California,2020-12-23,1528,11895,1385,11663,143,232,0,0,1527,11893,1,1,1527,11894,Not in California
Outside California,2020-12-24,801,12696,611,12274,190,422,0,0,801,12694,0,1,801,12695,Not in California
Outside California,2020-12-25,34,12730,29,12303,5,427,0,0,34,12728,0,1,34,12729,Not in California
Outside California,2020-12-26,307,13037,207,12510,100,527,0,0,307,13035,0,1,307,13036,Not in California
Outside California,2020-12-27,189,13226,72,12582,117,644,0,0,189,13224,0,1,189,13225,Not in California
Outside California,2020-12-28,1407,14633,898,13480,509,1153,0,0,1407,14631,0,1,1407,14632,Not in California
Outside California,2020-12-29,1539,16172,1017,14497,522,1675,0,0,1539,16170,0,1,1539,16171,Not in California
Outside California,2020-12-30,1876,18048,1223,15720,653,2328,0,0,1876,18046,0,1,1876,18047,Not in California
Outside California,2020-12-31,1098,19146,596,16316,502,2830,0,0,1097,19142,1,2,1097,19144,Not in California
Outside California,2021-01-01,115,19261,26,16342,89,2919,0,0,115,19257,0,2,115,19259,Not in California
Outside California,2021-01-02,246,19507,134,16476,112,3031,0,0,245,19501,1,3,245,19504,Not in California
Outside California,2021-01-03,171,19678,92,16568,79,3110,0,0,171,19672,0,3,171,19675,Not in California
Outside California,2021-01-04,1140,20818,508,17076,632,3742,0,0,1135,20806,1,4,1135,20810,Not in California
Outside California,2021-01-05,1547,22365,820,17896,727,4469,0,0,1353,21968,192,196,1354,22164,Not in California
Outside California,2021-01-06,2668,25033,1580,19476,1088,5557,0,0,1936,23175,729,925,1936,24100,Not in California
Outside California,2021-01-07,4121,29154,2532,22008,1589,7146,0,0,2466,23990,1653,2578,2468,26568,Not in California
Outside California,2021-01-08,4475,33629,2903,24911,1572,8718,0,0,2610,24748,1855,4433,2613,29181,Not in California
Outside California,2021-01-09,1309,34938,534,25445,775,9493,0,0,981,25404,327,4760,983,30164,Not in California
Outside California,2021-01-10,311,35249,188,25633,123,9616,0,0,189,25471,122,4882,189,30353,Not in California
Outside California,2021-01-11,3255,38504,1995,27628,1260,10876,0,0,1927,26070,1328,6210,1927,32280,Not in California
Outside California,2021-01-12,3829,42333,2297,29925,1532,12408,0,0,2287,26822,1538,7748,2290,34570,Not in California
Outside California,2021-01-13,3645,45978,1797,31722,1848,14256,0,0,2465,28112,1179,8927,2469,37039,Not in California
Outside California,2021-01-14,3644,49622,1266,32988,2378,16634,0,0,2997,30478,634,9561,3000,40039,Not in California
Outside California,2021-01-15,4185,53807,995,33983,3190,19824,0,0,3707,33720,465,10026,3707,43746,Not in California
Outside California,2021-01-16,2648,56455,388,34371,2260,22084,0,0,2473,36020,173,10199,2473,46219,Not in California
Outside California,2021-01-17,503,56958,151,34522,352,22436,0,0,454,36425,49,10248,454,46673,Not in California
Outside California,2021-01-18,1201,58159,769,35291,432,22868,0,0,742,36710,458,10706,743,47416,Not in California
Outside California,2021-01-19,4090,62249,1336,36627,2754,25622,0,0,3192,39007,898,11604,3195,50611,Not in California
Outside California,2021-01-20,4436,66685,1429,38056,3007,28629,0,0,3493,41562,939,12543,3494,54105,Not in California
Outside California,2021-01-21,4231,70916,1163,39219,3068,31697,0,0,3654,44655,561,13104,3654,57759,Not in California
Outside California,2021-01-22,4607,75523,1094,40313,3513,35210,0,0,4200,48455,402,13506,4202,61961,Not in California
Outside California,2021-01-23,2270,77793,346,40659,1924,37134,0,0,2103,50391,167,13673,2103,64064,Not in California
Outside California,2021-01-24,608,78401,248,40907,360,37494,0,0,526,50835,82,13755,526,64590,Not in California
Outside California,2021-01-25,4526,82927,1975,42882,2551,40045,0,0,3660,53636,861,14616,3662,68252,Not in California
Outside California,2021-01-26,6046,88973,2945,45827,3101,43146,0,0,5187,57972,858,15474,5194,73446,Not in California
Outside California,2021-01-27,5136,94109,2742,48569,2394,45540,0,0,4504,61851,627,16101,4506,77952,Not in California
Outside California,2021-01-28,5261,99370,2837,51406,2424,47964,0,0,4720,66040,531,16632,4720,82672,Not in California
Outside California,2021-01-29,4883,104253,3053,54459,1830,49794,0,0,4071,69310,804,17436,4074,86746,Not in California
Outside California,2021-01-30,4437,108690,2424,56883,2013,51807,0,0,4205,73286,230,17666,4206,90952,Not in California
Outside California,2021-01-31,3143,111833,2719,59602,424,52231,0,0,3085,76315,57,17723,3086,94038,Not in California
Outside California,2021-02-01,5589,117422,2588,62190,3001,55232,0,0,4873,80480,708,18431,4873,98911,Not in California
Outside California,2021-02-02,6797,124219,2150,64340,4647,59879,0,0,6070,85833,717,19148,6070,104981,Not in California
Outside California,2021-02-03,7441,131660,2091,66431,5350,65229,0,0,6561,91523,872,20020,6562,111543,Not in California
Outside California,2021-02-04,6904,138564,2177,68608,4727,69956,0,0,5876,96384,1016,21036,5877,117420,Not in California
Outside California,2021-02-05,6801,145365,2224,70832,4577,74533,0,0,5711,101012,1083,22119,5711,123131,Not in California
Outside California,2021-02-06,4407,149772,2137,72969,2270,76803,0,0,3939,104495,459,22578,3942,127073,Not in California
Outside California,2021-02-07,2223,151995,1828,74797,395,77198,0,0,2137,106549,85,22663,2139,129212,Not in California
Outside California,2021-02-08,5299,157294,3336,78133,1963,79161,0,0,4245,109751,1043,23706,4245,133457,Not in California
Outside California,2021-02-09,4284,161578,1913,80046,2371,81532,0,0,2968,111428,1305,25011,2982,136439,Not in California
Outside California,2021-02-10,5661,167239,1947,81993,3714,85246,0,0,3189,112196,2462,27473,3230,139669,Not in California
Outside California,2021-02-11,4890,172129,2274,84267,2616,87862,0,0,3546,114429,1331,28804,3564,143233,Not in California
Outside California,2021-02-12,5298,177427,1967,86234,3331,91193,0,0,3443,116034,1842,30646,3447,146680,Not in California
Outside California,2021-02-13,2418,179845,735,86969,1683,92876,0,0,1841,117311,576,31222,1853,148533,Not in California
Outside California,2021-02-14,1358,181203,422,87391,936,93812,0,0,1109,118177,245,31467,1111,149644,Not in California
Outside California,2021-02-15,2640,183843,1611,89002,1029,94841,0,0,1268,118093,1355,32822,1271,150915,Not in California
Outside California,2021-02-16,6471,190314,2916,91918,3555,98396,0,0,2591,116821,3869,36691,2597,153512,Not in California
Outside California,2021-02-17,5998,196312,3032,94950,2966,101362,0,0,1842,114519,4149,40840,1847,155359,Not in California
Outside California,2021-02-18,6592,202904,3783,98733,2809,104171,0,0,2089,112133,4476,45316,2090,157449,Not in California
Outside California,2021-02-19,5850,208754,4049,102782,1801,105972,0,0,2461,111215,3381,48697,2463,159912,Not in California
Outside California,2021-02-20,3512,212266,2854,105636,658,106630,0,0,1272,110253,2235,50932,1273,161185,Not in California
Outside California,2021-02-21,2861,215127,2637,108273,224,106854,0,0,890,109178,1965,52897,890,162075,Not in California
Outside California,2021-02-22,3502,218629,2562,110835,940,107794,0,0,1642,108969,1856,54753,1647,163722,Not in California
Outside California,2021-02-23,6007,224636,3361,114196,2646,110440,0,0,2340,107664,3659,58412,2354,166076,Not in California
Outside California,2021-02-24,6418,231054,3536,117732,2882,113322,0,0,2451,106161,3959,62371,2456,168532,Not in California
Outside California,2021-02-25,6923,237977,3502,121234,3421,116743,0,0,3065,105408,3825,66196,3072,171604,Not in California
Outside California,2021-02-26,6882,244859,3625,124859,3257,120000,0,0,3110,104834,3686,69882,3112,174716,Not in California
Outside California,2021-02-27,5470,250329,2752,127611,2717,122717,1,1,1881,103141,3578,73460,1885,176601,Not in California
Outside California,2021-02-28,2437,252766,1765,129376,671,123388,1,2,801,102312,1633,75093,804,177405,Not in California
Outside California,2021-03-01,4979,257745,3156,132532,1822,125210,1,3,1363,100076,3605,78698,1369,178774,Not in California
Outside California,2021-03-02,6733,264478,2488,135020,4245,129455,0,3,2066,97491,4653,83351,2068,180842,Not in California
Outside California,2021-03-03,7941,272419,3124,138144,4815,134270,2,5,2688,94946,5238,88589,2693,183535,Not in California
Outside California,2021-03-04,6835,279254,2911,141055,3918,138188,6,11,2321,92779,4496,93085,2329,185864,Not in California
Outside California,2021-03-05,5281,284535,2670,143725,2597,140785,14,25,2732,92996,2537,95622,2754,188618,Not in California
Outside California,2021-03-06,4606,289141,2141,145866,2309,143094,156,181,2333,93224,2270,97892,2498,191116,Not in California
Outside California,2021-03-07,1603,290744,1028,146894,519,143613,56,237,974,93628,628,98520,1032,192148,Not in California
Outside California,2021-03-08,3132,293876,1858,148752,1026,144639,248,485,2214,95209,889,99409,2470,194618,Not in California
Outside California,2021-03-09,4707,298583,2420,151172,1973,146612,314,799,2782,96384,1921,101330,3096,197714,Not in California
Outside California,2021-03-10,4406,302989,2106,153278,1788,148400,512,1311,2716,97938,1681,103011,3235,200949,Not in California
Outside California,2021-03-11,6167,309156,3156,156434,2333,150733,678,1989,3305,99065,2856,105867,3983,204932,Not in California
Outside California,2021-03-12,6468,315624,3886,160320,1858,152591,724,2713,3557,100445,2901,108768,4281,209213,Not in California
Outside California,2021-03-13,3806,319430,2202,162522,1133,153724,471,3184,2582,102284,1215,109983,3054,212267,Not in California
Outside California,2021-03-14,1798,321228,925,163447,532,154256,341,3525,982,102792,816,110799,1324,213591,Not in California
Outside California,2021-03-15,4038,325266,2117,165564,1451,155707,470,3995,2150,103535,1881,112680,2624,216215,Not in California
Outside California,2021-03-16,7517,332783,4368,169932,2759,158466,390,4385,4182,104771,3332,116012,4568,220783,Not in California
Outside California,2021-03-17,8433,341216,5457,175389,2594,161060,382,4767,5055,106837,3372,119384,5438,226221,Not in California
Outside California,2021-03-18,8312,349528,5127,180516,2640,163700,545,5312,4798,108676,3504,122888,5343,231564,Not in California
Outside California,2021-03-19,7313,356841,4335,184851,2435,166135,543,5855,4376,110669,2930,125818,4923,236487,Not in California
Outside California,2021-03-20,4748,361589,3132,187983,1527,167662,89,5944,3633,113287,1105,126923,3723,240210,Not in California
Outside California,2021-03-21,2091,363680,1433,189416,569,168231,89,6033,1671,114629,417,127340,1759,241969,Not in California
Outside California,2021-03-22,3267,366947,1976,191392,1202,169433,89,6122,2244,115944,1017,128357,2332,244301,Not in California
Outside California,2021-03-23,6078,373025,3098,194490,2677,172110,303,6425,4120,118424,1944,130301,4424,248725,Not in California
Outside California,2021-03-24,7323,380348,3752,198242,3122,175232,449,6874,5040,121635,2276,132577,5487,254212,Not in California
Outside California,2021-03-25,8254,388602,3829,202071,3899,179131,526,7400,5985,125891,2256,134833,6512,260724,Not in California
Outside California,2021-03-26,6678,395280,3530,205601,2971,182102,177,7577,4402,128218,2251,137084,4578,265302,Not in California
Outside California,2021-03-27,5538,400818,3102,208703,2220,184322,216,7793,3477,129857,2051,139135,3690,268992,Not in California
Outside California,2021-03-28,3076,403894,1645,210348,1270,185592,161,7954,1980,130908,1090,140225,2141,271133,Not in California
Outside California,2021-03-29,5184,409078,2299,212647,2540,188132,345,8299,2964,132002,2215,142440,3309,274442,Not in California
Outside California,2021-03-30,6883,415961,3617,216264,2698,190830,568,8867,4067,133839,2805,145245,4642,279084,Not in California
Outside California,2021-03-31,6331,422292,3774,220038,1778,192608,779,9646,3360,135010,2964,148209,4135,283219,Not in California
Outside California,2021-04-01,7581,429873,4549,224587,2378,194986,654,10300,4395,136873,3177,151386,5040,288259,Not in California
Outside California,2021-04-02,8450,438323,4494,229081,2817,197803,1139,11439,4371,138308,4070,155456,5505,293764,Not in California
Outside California,2021-04-03,6293,444616,3771,232852,1361,199164,1161,12600,3348,139882,2935,158391,4509,298273,Not in California
Outside California,2021-04-04,1783,446399,880,233732,664,199828,239,12839,972,140281,810,159201,1209,299482,Not in California
Outside California,2021-04-05,4147,450546,2011,235743,1468,201296,668,13507,1983,140772,2158,161359,2649,302131,Not in California
Outside California,2021-04-06,7147,457693,3834,239577,1669,202965,1644,15151,2850,140981,4281,165640,4490,306621,Not in California
Outside California,2021-04-07,8215,465908,4605,244182,1908,204873,1702,16853,3188,140845,5017,170657,4881,311502,Not in California
Outside California,2021-04-08,8262,474170,4344,248526,1979,206852,1939,18792,3297,141114,4953,175610,5222,316724,Not in California
Outside California,2021-04-09,7563,481733,3867,252393,1727,208579,1969,20761,2894,141317,4656,180266,4859,321583,Not in California
Outside California,2021-04-10,6096,487829,2984,255377,1251,209830,1861,22622,1672,140425,4414,184680,3522,325105,Not in California
Outside California,2021-04-11,2856,490685,1559,256936,652,210482,645,23267,967,140149,1886,186566,1610,326715,Not in California
Outside California,2021-04-12,4176,494861,2336,259272,1281,211763,559,23826,1860,140262,2307,188873,2420,329135,Not in California
Outside California,2021-04-13,5831,500692,3728,263000,2079,213842,24,23850,3018,140497,2807,191680,3042,332177,Not in California
Outside California,2021-04-14,5474,506166,3517,266517,1953,215795,4,23854,3023,141080,2444,194124,3027,335204,Not in California
Outside California,2021-04-15,6170,512336,3891,270408,2273,218068,6,23860,3320,141609,2798,196922,3327,338531,Not in California
Outside California,2021-04-16,5943,518279,3405,273813,2531,220599,7,23867,3318,142325,2612,199534,3328,341859,Not in California
Outside California,2021-04-17,5529,523808,3479,277292,2049,222648,1,23868,3199,143207,2318,201852,3200,345059,Not in California
Outside California,2021-04-18,2176,525984,1247,278539,928,223576,1,23869,1060,143160,1110,202962,1063,346122,Not in California
Outside California,2021-04-19,4173,530157,2003,280542,2169,225745,1,23870,2151,143305,2011,204973,2156,348278,Not in California
Outside California,2021-04-20,5480,535637,2540,283082,2940,228685,0,23870,2268,142371,3202,208175,2268,350546,Not in California
Outside California,2021-04-21,6607,542244,2857,285939,3745,232430,5,23875,2419,140629,4167,212342,2425,352971,Not in California
Outside California,2021-04-22,6924,549168,3571,289510,3351,235781,2,23877,2563,138847,4348,216690,2566,355537,Not in California
Outside California,2021-04-23,5958,555126,3060,292570,2897,238678,1,23878,2473,137856,3468,220158,2477,358014,Not in California
Outside California,2021-04-24,4673,559799,3048,295618,1620,240298,5,23883,1880,136958,2786,222944,1888,359902,Not in California
Outside California,2021-04-25,2219,562018,1250,296868,968,241266,1,23884,1172,137091,1043,223987,1176,361078,Not in California
Outside California,2021-04-26,4186,566204,1875,298743,2284,243550,27,23911,1907,136755,2270,226257,1934,363012,Not in California
Outside California,2021-04-27,5743,571947,2152,300895,3219,246769,372,24283,2014,135431,3719,229976,2395,365407,Not in California
Outside California,2021-04-28,4937,576884,2129,303024,2412,249181,396,24679,1958,134817,2964,232940,2350,367757,Not in California
Outside California,2021-04-29,4932,581816,2322,305346,2177,251358,433,25112,1879,134100,3030,235970,2313,370070,Not in California
Outside California,2021-04-30,4960,586776,2413,307759,2122,253480,425,25537,1888,133358,3058,239028,2316,372386,Not in California
Outside California,2021-05-01,3183,589959,1835,309594,918,254398,430,25967,1305,133226,1867,240895,1735,374121,Not in California
Outside California,2021-05-02,1848,591807,1083,310677,642,255040,123,26090,825,133154,1020,241915,948,375069,Not in California
Outside California,2021-05-03,2897,594704,1575,312252,1038,256078,284,26374,1121,132788,1771,243686,1405,376474,Not in California
Outside California,2021-05-04,3986,598690,2158,314410,1390,257468,438,26812,1329,131906,2647,246333,1765,378239,Not in California
Outside California,2021-05-05,4482,603172,2521,316931,1590,259058,371,27183,1618,131042,2856,249189,1992,380231,Not in California
Outside California,2021-05-06,4515,607687,2780,319711,1397,260455,338,27521,1582,130035,2927,252116,1920,382151,Not in California
Outside California,2021-05-07,4660,612347,2703,322414,1573,262028,384,27905,1612,128997,3034,255150,1996,384147,Not in California
Outside California,2021-05-08,3266,615613,2210,324624,806,262834,250,28155,1086,128163,2171,257321,1337,385484,Not in California
Outside California,2021-05-09,1390,617003,931,325555,337,263171,122,28277,580,128058,805,258126,700,386184,Not in California
Outside California,2021-05-10,2578,619581,1189,326744,1059,264230,330,28607,919,127657,1652,259778,1251,387435,Not in California
Outside California,2021-05-11,3075,622656,1502,328246,1271,265501,302,28909,1161,127212,1912,261690,1467,388902,Not in California
Outside California,2021-05-12,3223,625879,1562,329808,1335,266836,326,29235,1252,126823,1966,263656,1577,390479,Not in California
Outside California,2021-05-13,3201,629080,1864,331672,1129,267965,208,29443,1391,126618,1804,265460,1599,392078,Not in California
Outside California,2021-05-14,3557,632637,2005,333677,1316,269281,236,29679,1583,126474,1966,267426,1822,393900,Not in California
Outside California,2021-05-15,2636,635273,1552,335229,941,270222,143,29822,1131,126253,1497,268923,1276,395176,Not in California
Outside California,2021-05-16,1659,636932,1070,336299,520,270742,69,29891,760,126187,896,269819,830,396006,Not in California
Outside California,2021-05-17,3053,639985,1622,337921,1195,271937,236,30127,1301,125975,1748,271567,1536,397542,Not in California
Outside California,2021-05-18,3233,643218,1632,339553,1282,273219,319,30446,1437,125951,1783,273350,1759,399301,Not in California
Outside California,2021-05-19,3328,646546,1663,341216,1397,274616,268,30714,1437,125772,1883,275233,1704,401005,Not in California
Outside California,2021-05-20,3138,649684,1734,342950,1155,275771,249,30963,1401,125697,1727,276960,1652,402657,Not in California
Outside California,2021-05-21,3185,652869,1774,344724,1162,276933,249,31212,1350,125474,1822,278782,1599,404256,Not in California
Outside California,2021-05-22,2770,655639,1809,346533,759,277692,202,31414,1486,125886,1277,280059,1689,405945,Not in California
Outside California,2021-05-23,1549,657188,1010,347543,461,278153,78,31492,784,125985,764,280823,863,406808,Not in California
Outside California,2021-05-24,2402,659590,1145,348688,911,279064,346,31838,1051,126040,1342,282165,1397,408205,Not in California
Outside California,2021-05-25,2351,661941,1088,349776,931,279995,332,32170,992,126010,1351,283516,1321,409526,Not in California
Outside California,2021-05-26,2373,664314,1092,350868,925,280920,356,32526,985,125972,1380,284896,1342,410868,Not in California
Outside California,2021-05-27,2160,666474,1068,351936,805,281725,287,32813,975,126052,1180,286076,1260,412128,Not in California
Outside California,2021-05-28,2420,668894,1210,353146,860,282585,350,33163,1090,126170,1323,287399,1441,413569,Not in California
Outside California,2021-05-29,1646,670540,824,353970,467,283052,355,33518,686,126255,956,288355,1041,414610,Not in California
Outside California,2021-05-30,910,671450,555,354525,231,283283,124,33642,446,126365,460,288815,570,415180,Not in California
Outside California,2021-05-31,421,671871,184,354709,197,283480,40,33682,178,126352,231,289046,218,415398,Not in California
Outside California,2021-06-01,2131,674002,1117,355826,712,284192,302,33984,1009,126545,1118,290164,1311,416709,Not in California
Outside California,2021-06-02,2012,676014,993,356819,672,284864,347,34331,916,126722,1086,291250,1263,417972,Not in California
Outside California,2021-06-03,2134,678148,1169,357988,653,285517,312,34643,960,126826,1167,292417,1271,419243,Not in California
Outside California,2021-06-04,2521,680669,1400,359388,804,286321,317,34960,1084,126795,1431,293848,1400,420643,Not in California
Outside California,2021-06-05,1687,682356,1174,360562,351,286672,162,35122,758,126791,925,294773,921,421564,Not in California
Outside California,2021-06-06,925,683281,695,361257,149,286821,81,35203,439,126827,484,295257,520,422084,Not in California
Outside California,2021-06-07,1918,685199,1039,362296,550,287371,329,35532,802,126842,1115,296372,1130,423214,Not in California
Outside California,2021-06-08,2062,687261,1178,363474,542,287913,342,35874,792,126710,1265,297637,1133,424347,Not in California
Outside California,2021-06-09,1958,689219,1175,364649,499,288412,284,36158,801,126643,1151,298788,1084,425431,Not in California
Outside California,2021-06-10,1929,691148,1116,365765,506,288918,307,36465,821,126669,1103,299891,1129,426560,Not in California
Outside California,2021-06-11,2161,693309,1243,367008,591,289509,327,36792,919,126681,1235,301126,1247,427807,Not in California
Outside California,2021-06-12,1604,694913,1199,368207,280,289789,125,36917,627,126463,972,302098,754,428561,Not in California
Outside California,2021-06-13,940,695853,642,368849,198,289987,100,37017,412,126451,524,302622,512,429073,Not in California
Outside California,2021-06-14,1733,697586,970,369819,469,290456,294,37311,724,126464,1003,303625,1016,430089,Not in California
Outside California,2021-06-15,1699,699285,939,370758,491,290947,269,37580,760,126560,933,304558,1029,431118,Not in California
Outside California,2021-06-16,1653,700938,979,371737,453,291400,221,37801,798,126732,847,305405,1019,432137,Not in California
Outside California,2021-06-17,1827,702765,1012,372749,470,291870,345,38146,829,126910,996,306401,1174,433311,Not in California
Outside California,2021-06-18,1931,704696,1044,373793,432,292302,455,38601,822,127083,1103,307504,1276,434587,Not in California
Outside California,2021-06-19,1042,705738,685,374478,258,292560,99,38700,544,127231,494,307998,642,435229,Not in California
Outside California,2021-06-20,767,706505,556,375034,165,292725,46,38746,460,127433,304,308302,506,435735,Not in California
Outside California,2021-06-21,1263,707768,629,375663,323,293048,311,39057,686,127859,571,308873,997,436732,Not in California
Outside California,2021-06-22,1611,709379,1022,376685,343,293391,246,39303,868,128235,738,309611,1114,437846,Not in California
Outside California,2021-06-23,1615,710994,873,377558,423,293814,319,39622,772,128488,836,310447,1089,438935,Not in California
Outside California,2021-06-24,1432,712426,845,378403,331,294145,256,39878,755,128822,676,311123,1010,439945,Not in California
Outside California,2021-06-25,1681,714107,952,379355,376,294521,353,40231,818,129132,859,311982,1169,441114,Not in California
Outside California,2021-06-26,987,715094,617,379972,205,294726,165,40396,495,129304,488,312470,660,441774,Not in California
Outside California,2021-06-27,490,715584,350,380322,97,294823,43,40439,267,129391,223,312693,310,442084,Not in California
Unknown,2020-12-17,2,2,2,2,0,0,0,0,0,0,0,0,0,0,Not in California
Unknown,2020-12-18,1,3,1,3,0,0,0,0,0,0,0,0,0,0,Not in California
Unknown,2020-12-21,4,7,4,7,0,0,0,0,0,0,0,0,0,0,Not in California
Unknown,2020-12-28,4,11,4,11,0,0,0,0,3,3,0,0,3,3,Not in California
Unknown,2020-12-29,5,16,4,15,1,1,0,0,6,9,0,0,6,9,Not in California
Unknown,2020-12-30,54,70,54,69,0,1,0,0,54,63,0,0,54,63,Not in California
Unknown,2020-12-31,1,71,0,69,1,2,0,0,0,63,0,0,0,63,Not in California
Unknown,2021-01-02,1,72,0,69,1,3,0,0,1,64,0,0,1,64,Not in California
Unknown,2021-01-04,3,75,3,72,0,3,0,0,2,66,0,0,2,66,Not in California
Unknown,2021-01-06,4,79,2,74,2,5,0,0,4,70,0,0,4,70,Not in California
Unknown,2021-01-07,69,148,68,142,1,6,0,0,68,138,0,0,68,138,Not in California
Unknown,2021-01-08,1,149,0,142,1,7,0,0,2,140,0,0,2,140,Not in California
Unknown,2021-01-09,2,151,2,144,0,7,0,0,3,143,0,0,3,143,Not in California
Unknown,2021-01-11,20,171,20,164,0,7,0,0,20,163,0,0,20,163,Not in California
Unknown,2021-01-12,12,183,11,175,1,8,0,0,10,173,1,1,11,174,Not in California
Unknown,2021-01-13,10,193,10,185,0,8,0,0,11,184,0,1,11,185,Not in California
Unknown,2021-01-14,3,196,3,188,0,8,0,0,3,187,0,1,3,188,Not in California
Unknown,2021-01-15,7,203,6,194,1,9,0,0,7,194,0,1,7,195,Not in California
Unknown,2021-01-16,6,209,6,200,0,9,0,0,6,200,0,1,6,201,Not in California
Unknown,2021-01-17,4,213,4,204,0,9,0,0,4,204,0,1,4,205,Not in California
Unknown,2021-01-18,55,268,55,259,0,9,0,0,53,255,2,3,53,258,Not in California
Unknown,2021-01-19,24,292,24,283,0,9,0,0,20,272,3,6,20,278,Not in California
Unknown,2021-01-20,81,373,81,364,0,9,0,0,29,248,53,59,29,307,Not in California
Unknown,2021-01-21,54,427,52,416,2,11,0,0,55,302,1,60,55,362,Not in California
Unknown,2021-01-22,35,462,31,447,4,15,0,0,35,337,0,60,35,397,Not in California
Unknown,2021-01-23,12,474,7,454,5,20,0,0,12,349,0,60,12,409,Not in California
Unknown,2021-01-24,2,476,2,456,0,20,0,0,4,353,0,60,4,413,Not in California
Unknown,2021-01-25,19,495,17,473,2,22,0,0,16,366,3,63,16,429,Not in California
Unknown,2021-01-26,88,583,87,560,1,23,0,0,90,455,1,64,90,519,Not in California
Unknown,2021-01-27,17,600,17,577,0,23,0,0,16,470,1,65,16,535,Not in California
Unknown,2021-01-28,150,750,148,725,2,25,0,0,93,503,60,125,93,628,Not in California
Unknown,2021-01-29,141,891,141,866,0,25,0,0,145,647,1,126,145,773,Not in California
Unknown,2021-01-30,11,902,9,875,2,27,0,0,13,658,2,128,13,786,Not in California
Unknown,2021-01-31,15,917,15,890,0,27,0,0,16,674,0,128,16,802,Not in California
Unknown,2021-02-01,37,954,35,925,2,29,0,0,20,675,19,147,20,822,Not in California
Unknown,2021-02-02,66,1020,65,990,1,30,0,0,57,724,8,155,57,879,Not in California
Unknown,2021-02-03,44,1064,43,1033,1,31,0,0,32,745,11,166,32,911,Not in California
Unknown,2021-02-04,60,1124,55,1088,5,36,0,0,54,793,6,172,54,965,Not in California
Unknown,2021-02-05,19,1143,15,1103,4,40,0,0,14,802,5,177,14,979,Not in California
Unknown,2021-02-06,15,1158,15,1118,0,40,0,0,10,806,6,183,10,989,Not in California
Unknown,2021-02-07,9,1167,9,1127,0,40,0,0,7,811,2,185,7,996,Not in California
Unknown,2021-02-08,56,1223,53,1180,3,43,0,0,15,785,41,226,15,1011,Not in California
Unknown,2021-02-09,19,1242,19,1199,0,43,0,0,4,774,15,241,4,1015,Not in California
Unknown,2021-02-10,34,1276,30,1229,4,47,0,0,9,758,25,266,9,1024,Not in California
Unknown,2021-02-11,88,1364,87,1316,1,48,0,0,43,755,46,312,43,1067,Not in California
Unknown,2021-02-12,45,1409,37,1353,8,56,0,0,14,738,31,343,14,1081,Not in California
Unknown,2021-02-13,12,1421,5,1358,7,63,0,0,8,742,4,347,8,1089,Not in California
Unknown,2021-02-14,7,1428,2,1360,5,68,0,0,4,744,2,349,4,1093,Not in California
Unknown,2021-02-15,44,1472,38,1398,6,74,0,0,28,758,14,363,28,1121,Not in California
Unknown,2021-02-16,112,1584,101,1499,11,85,0,0,33,712,79,442,33,1154,Not in California
Unknown,2021-02-17,12,1596,10,1509,2,87,0,0,4,709,7,449,4,1158,Not in California
Unknown,2021-02-18,102,1698,97,1606,5,92,0,0,17,641,85,534,17,1175,Not in California
Unknown,2021-02-19,191,1889,186,1792,5,97,0,0,53,557,137,671,53,1228,Not in California
Unknown,2021-02-20,6,1895,4,1796,2,99,0,0,2,555,4,675,2,1230,Not in California
Unknown,2021-02-21,15,1910,15,1811,0,99,0,0,1,542,14,689,1,1231,Not in California
Unknown,2021-02-22,8,1918,8,1819,0,99,0,0,5,544,3,692,5,1236,Not in California
Unknown,2021-02-23,60,1978,49,1868,11,110,0,0,15,515,44,736,15,1251,Not in California
Unknown,2021-02-24,39,2017,31,1899,8,118,0,0,14,504,25,761,14,1265,Not in California
Unknown,2021-02-25,68,2085,55,1954,13,131,0,0,24,483,45,806,24,1289,Not in California
Unknown,2021-02-26,38,2123,24,1978,14,145,0,0,20,489,14,820,20,1309,Not in California
Unknown,2021-02-27,24,2147,17,1995,7,152,0,0,12,493,8,828,12,1321,Not in California
Unknown,2021-02-28,18,2165,13,2008,5,157,0,0,11,499,5,833,11,1332,Not in California
Unknown,2021-03-01,44,2209,26,2034,18,175,0,0,24,504,19,852,24,1356,Not in California
Unknown,2021-03-02,20,2229,9,2043,11,186,0,0,12,510,6,858,12,1368,Not in California
Unknown,2021-03-03,11,2240,7,2050,4,190,0,0,7,514,3,861,7,1375,Not in California
Unknown,2021-03-04,43,2283,40,2090,3,193,0,0,13,497,30,891,13,1388,Not in California
Unknown,2021-03-05,25,2308,15,2105,10,203,0,0,23,514,6,897,23,1411,Not in California
Unknown,2021-03-06,20,2328,12,2117,6,209,2,2,16,528,4,901,18,1429,Not in California
Unknown,2021-03-07,1,2329,1,2118,0,209,0,2,2,530,0,901,2,1431,Not in California
Unknown,2021-03-08,31,2360,22,2140,7,216,2,4,7,514,25,926,9,1440,Not in California
Unknown,2021-03-09,37,2397,30,2170,3,219,4,8,9,498,29,955,13,1453,Not in California
Unknown,2021-03-10,9,2406,5,2175,1,220,3,11,5,501,5,960,8,1461,Not in California
Unknown,2021-03-11,29,2435,13,2188,2,222,14,25,7,501,21,981,21,1482,Not in California
Unknown,2021-03-12,67,2502,52,2240,10,232,5,30,10,461,55,1036,15,1497,Not in California
Unknown,2021-03-13,15,2517,4,2244,7,239,4,34,6,461,10,1046,10,1507,Not in California
Unknown,2021-03-14,14,2531,6,2250,6,245,2,36,5,460,8,1054,7,1514,Not in California
Unknown,2021-03-15,30,2561,10,2260,18,263,2,38,20,470,12,1066,22,1536,Not in California
Unknown,2021-03-16,49,2610,21,2281,24,287,4,42,28,481,21,1087,32,1568,Not in California
Unknown,2021-03-17,37,2647,14,2295,22,309,1,43,32,510,4,1091,33,1601,Not in California
Unknown,2021-03-18,32,2679,19,2314,13,322,0,43,20,519,11,1102,20,1621,Not in California
Unknown,2021-03-19,28,2707,18,2332,10,332,0,43,23,535,7,1109,23,1644,Not in California
Unknown,2021-03-20,28,2735,15,2347,13,345,0,43,15,539,11,1120,15,1659,Not in California
Unknown,2021-03-21,20,2755,14,2361,6,351,0,43,16,552,3,1123,16,1675,Not in California
Unknown,2021-03-22,36,2791,19,2380,16,367,1,44,18,559,12,1135,19,1694,Not in California
Unknown,2021-03-23,26,2817,11,2391,10,377,5,49,13,566,11,1146,18,1712,Not in California
Unknown,2021-03-24,23,2840,10,2401,13,390,0,49,18,579,5,1151,18,1730,Not in California
Unknown,2021-03-25,37,2877,24,2425,13,403,0,49,27,597,9,1160,27,1757,Not in California
Unknown,2021-03-26,37,2914,21,2446,11,414,5,54,18,605,15,1175,23,1780,Not in California
Unknown,2021-03-27,33,2947,15,2461,15,429,3,57,18,608,18,1193,21,1801,Not in California
Unknown,2021-03-28,18,2965,9,2470,9,438,0,57,12,615,5,1198,12,1813,Not in California
Unknown,2021-03-29,39,3004,19,2489,20,458,0,57,24,627,12,1210,24,1837,Not in California
Unknown,2021-03-30,42,3046,27,2516,15,473,0,57,25,637,15,1225,25,1862,Not in California
Unknown,2021-03-31,36,3082,22,2538,14,487,0,57,26,652,11,1236,26,1888,Not in California
Unknown,2021-04-01,23,3105,15,2553,8,495,0,57,17,664,5,1241,17,1905,Not in California
Unknown,2021-04-02,39,3144,17,2570,13,508,9,66,16,666,23,1264,25,1930,Not in California
Unknown,2021-04-03,19,3163,9,2579,10,518,0,66,13,669,10,1274,13,1943,Not in California
Unknown,2021-04-04,15,3178,4,2583,11,529,0,66,9,673,5,1279,9,1952,Not in California
Unknown,2021-04-05,32,3210,18,2601,13,542,1,67,16,676,14,1293,17,1969,Not in California
Unknown,2021-04-06,23,3233,15,2616,7,549,1,68,12,678,11,1304,13,1982,Not in California
Unknown,2021-04-07,36,3269,24,2640,11,560,1,69,26,695,9,1313,26,2008,Not in California
Unknown,2021-04-08,39,3308,26,2666,7,567,6,75,18,698,21,1334,24,2032,Not in California
Unknown,2021-04-09,35,3343,24,2690,11,578,0,75,24,711,11,1345,24,2056,Not in California
Unknown,2021-04-10,11,3354,9,2699,1,579,1,76,5,710,7,1352,6,2062,Not in California
Unknown,2021-04-11,11,3365,7,2706,4,583,0,76,5,710,5,1357,5,2067,Not in California
Unknown,2021-04-12,39,3404,21,2727,17,600,1,77,18,706,23,1380,19,2086,Not in California
Unknown,2021-04-13,48,3452,29,2756,19,619,0,77,18,696,28,1408,18,2104,Not in California
Unknown,2021-04-14,29,3481,9,2765,20,639,0,77,6,679,23,1431,6,2110,Not in California
Unknown,2021-04-15,32,3513,17,2782,14,653,1,78,11,669,21,1452,11,2121,Not in California
Unknown,2021-04-16,27,3540,17,2799,10,663,0,78,10,663,16,1468,10,2131,Not in California
Unknown,2021-04-17,26,3566,17,2816,9,672,0,78,10,659,15,1483,11,2142,Not in California
Unknown,2021-04-18,24,3590,12,2828,12,684,0,78,9,652,16,1499,9,2151,Not in California
Unknown,2021-04-19,35,3625,22,2850,13,697,0,78,14,646,20,1519,14,2165,Not in California
Unknown,2021-04-20,27,3652,17,2867,10,707,0,78,6,631,21,1540,6,2171,Not in California
Unknown,2021-04-21,46,3698,26,2893,20,727,0,78,18,620,29,1569,18,2189,Not in California
Unknown,2021-04-22,26,3724,18,2911,8,735,0,78,6,607,19,1588,6,2195,Not in California
Unknown,2021-04-23,32,3756,17,2928,15,750,0,78,16,609,14,1602,16,2211,Not in California
Unknown,2021-04-24,32,3788,22,2950,10,760,0,78,18,614,13,1615,18,2229,Not in California
Unknown,2021-04-25,21,3809,9,2959,12,772,0,78,9,611,12,1627,9,2238,Not in California
Unknown,2021-04-26,31,3840,19,2978,12,784,0,78,13,607,17,1644,13,2251,Not in California
Unknown,2021-04-27,32,3872,19,2997,12,796,1,79,10,598,20,1664,11,2262,Not in California
Unknown,2021-04-28,29,3901,20,3017,7,803,2,81,9,589,20,1684,11,2273,Not in California
Unknown,2021-04-29,36,3937,23,3040,13,816,0,81,16,583,22,1706,16,2289,Not in California
Unknown,2021-04-30,32,3969,17,3057,10,826,5,86,17,589,16,1722,22,2311,Not in California
Unknown,2021-05-01,29,3998,22,3079,7,833,0,86,17,595,11,1733,17,2328,Not in California
Unknown,2021-05-02,14,4012,6,3085,7,840,1,87,5,593,8,1741,6,2334,Not in California
Unknown,2021-05-03,26,4038,18,3103,5,845,3,90,7,583,19,1760,9,2343,Not in California
Unknown,2021-05-04,20,4058,11,3114,5,850,4,94,6,578,15,1775,10,2353,Not in California
Unknown,2021-05-05,27,4085,12,3126,14,864,1,95,13,577,15,1790,14,2367,Not in California
Unknown,2021-05-06,36,4121,21,3147,8,872,7,102,12,572,24,1814,19,2386,Not in California
Unknown,2021-05-07,29,4150,14,3161,11,883,4,106,10,566,20,1834,14,2400,Not in California
Unknown,2021-05-08,17,4167,12,3173,3,886,2,108,6,564,10,1844,8,2408,Not in California
Unknown,2021-05-09,18,4185,5,3178,9,895,4,112,9,568,9,1853,13,2421,Not in California
Unknown,2021-05-10,21,4206,11,3189,7,902,3,115,3,558,16,1869,6,2427,Not in California
Unknown,2021-05-11,18,4224,10,3199,4,906,4,119,10,564,8,1877,14,2441,Not in California
Unknown,2021-05-12,16,4240,11,3210,4,910,1,120,4,558,11,1888,5,2446,Not in California
Unknown,2021-05-13,19,4259,12,3222,2,912,5,125,11,566,9,1897,17,2463,Not in California
Unknown,2021-05-14,26,4285,21,3243,4,916,1,126,14,569,11,1908,14,2477,Not in California
Unknown,2021-05-15,23,4308,20,3263,3,919,0,126,14,574,9,1917,14,2491,Not in California
Unknown,2021-05-16,31,4339,22,3285,8,927,1,127,19,582,12,1929,20,2511,Not in California
Unknown,2021-05-17,27,4366,21,3306,4,931,2,129,13,584,13,1942,15,2526,Not in California
Unknown,2021-05-18,35,4401,24,3330,9,940,2,131,23,597,12,1954,25,2551,Not in California
Unknown,2021-05-19,32,4433,23,3353,8,948,1,132,11,590,19,1973,12,2563,Not in California
Unknown,2021-05-20,21,4454,16,3369,4,952,1,133,12,595,8,1981,13,2576,Not in California
Unknown,2021-05-21,25,4479,14,3383,7,959,4,137,11,595,15,1996,15,2591,Not in California
Unknown,2021-05-22,31,4510,25,3408,5,964,1,138,14,594,16,2012,15,2606,Not in California
Unknown,2021-05-23,12,4522,8,3416,4,968,0,138,6,594,6,2018,6,2612,Not in California
Unknown,2021-05-24,13,4535,9,3425,3,971,1,139,8,598,5,2023,9,2621,Not in California
Unknown,2021-05-25,22,4557,11,3436,5,976,6,145,8,599,13,2036,14,2635,Not in California
Unknown,2021-05-26,12,4569,9,3445,2,978,1,146,3,594,9,2045,4,2639,Not in California
Unknown,2021-05-27,23,4592,16,3461,5,983,2,148,6,587,15,2060,8,2647,Not in California
Unknown,2021-05-28,23,4615,13,3474,5,988,5,153,13,595,10,2070,18,2665,Not in California
Unknown,2021-05-29,24,4639,18,3492,6,994,0,153,20,611,4,2074,20,2685,Not in California
Unknown,2021-05-30,9,4648,6,3498,2,996,1,154,4,611,5,2079,5,2690,Not in California
Unknown,2021-05-31,3,4651,1,3499,2,998,0,154,1,610,2,2081,1,2691,Not in California
Unknown,2021-06-01,31,4682,18,3517,7,1005,6,160,14,614,16,2097,20,2711,Not in California
Unknown,2021-06-02,9,4691,5,3522,4,1009,0,160,3,611,6,2103,3,2714,Not in California
Unknown,2021-06-03,20,4711,18,3540,2,1011,0,160,9,609,11,2114,9,2723,Not in California
Unknown,2021-06-04,30,4741,20,3560,10,1021,0,160,17,613,13,2127,17,2740,Not in California
Unknown,2021-06-05,30,4771,20,3580,9,1030,1,161,15,614,15,2142,16,2756,Not in California
Unknown,2021-06-06,29,4800,21,3601,5,1035,3,164,9,606,20,2162,12,2768,Not in California
Unknown,2021-06-07,21,4821,10,3611,8,1043,3,167,8,604,13,2175,11,2779,Not in California
Unknown,2021-06-08,23,4844,15,3626,5,1048,3,170,5,595,17,2192,8,2787,Not in California
Unknown,2021-06-09,30,4874,19,3645,10,1058,1,171,17,601,12,2204,18,2805,Not in California
Unknown,2021-06-10,16,4890,13,3658,3,1061,0,171,6,597,10,2214,6,2811,Not in California
Unknown,2021-06-11,10,4900,8,3666,1,1062,1,172,5,598,5,2219,6,2817,Not in California
Unknown,2021-06-12,17,4917,12,3678,5,1067,0,172,10,601,7,2226,10,2827,Not in California
Unknown,2021-06-13,11,4928,7,3685,4,1071,0,172,3,596,8,2234,3,2830,Not in California
Unknown,2021-06-14,12,4940,11,3696,1,1072,0,172,4,592,8,2242,4,2834,Not in California
Unknown,2021-06-15,27,4967,18,3714,9,1081,0,172,11,587,16,2258,11,2845,Not in California
Unknown,2021-06-16,7,4974,4,3718,3,1084,0,172,5,591,1,2259,5,2850,Not in California
Unknown,2021-06-17,18,4992,11,3729,5,1089,2,174,12,600,5,2264,14,2864,Not in California
Unknown,2021-06-18,20,5012,16,3745,4,1093,0,174,12,604,8,2272,12,2876,Not in California
Unknown,2021-06-19,15,5027,12,3757,2,1095,1,175,2,594,13,2285,3,2879,Not in California
Unknown,2021-06-20,13,5040,10,3767,1,1096,2,177,6,595,7,2292,8,2887,Not in California
Unknown,2021-06-21,14,5054,10,3777,4,1100,0,177,9,599,5,2297,9,2896,Not in California
Unknown,2021-06-22,21,5075,15,3792,6,1106,0,177,15,608,6,2303,15,2911,Not in California
Unknown,2021-06-23,11,5086,6,3798,4,1110,1,178,8,614,3,2306,9,2920,Not in California
Unknown,2021-06-24,13,5099,6,3804,6,1116,1,179,8,618,5,2311,9,2929,Not in California
Unknown,2021-06-25,13,5112,12,3816,1,1117,0,179,8,622,4,2315,8,2937,Not in California
Unknown,2021-06-26,6,5118,6,3822,0,1117,0,179,3,622,3,2318,3,2940,Not in California
Unknown,2021-06-27,15,5133,13,3835,2,1119,0,179,10,627,5,2323,10,2950,Not in California
Alameda,2020-12-15,37,37,37,37,0,0,0,0,37,37,0,0,37,37,California
Alameda,2020-12-16,210,247,210,247,0,0,0,0,210,247,0,0,210,247,California
Alameda,2020-12-17,512,759,512,759,0,0,0,0,512,759,0,0,512,759,California
Alameda,2020-12-18,1928,2687,1927,2686,1,1,0,0,1928,2687,0,0,1928,2687,California
Alameda,2020-12-19,1437,4124,1437,4123,0,1,0,0,1437,4124,0,0,1437,4124,California
Alameda,2020-12-20,1186,5310,1185,5308,1,2,0,0,1185,5308,1,1,1185,5309,California
Alameda,2020-12-21,1854,7164,1852,7160,2,4,0,0,1853,7161,0,1,1853,7162,California
Alameda,2020-12-22,2107,9271,2053,9213,54,58,0,0,2106,9266,1,2,2106,9268,California
Alameda,2020-12-23,1950,11221,1694,10907,256,314,0,0,1950,11216,0,2,1950,11218,California
Alameda,2020-12-24,1224,12445,759,11666,465,779,0,0,1224,12440,0,2,1224,12442,California
Alameda,2020-12-25,164,12609,127,11793,37,816,0,0,164,12604,0,2,164,12606,California
Alameda,2020-12-26,866,13475,325,12118,541,1357,0,0,866,13470,0,2,866,13472,California
Alameda,2020-12-27,499,13974,257,12375,242,1599,0,0,499,13969,0,2,499,13971,California
Alameda,2020-12-28,1894,15868,966,13341,928,2527,0,0,1894,15863,0,2,1894,15865,California
Alameda,2020-12-29,2494,18362,1080,14421,1414,3941,0,0,2493,18356,0,2,2493,18358,California
Alameda,2020-12-30,3106,21468,1330,15751,1776,5717,0,0,3106,21462,0,2,3106,21464,California
Alameda,2020-12-31,1807,23275,447,16198,1360,7077,0,0,1805,23266,1,3,1805,23269,California
Alameda,2021-01-01,180,23455,75,16273,105,7182,0,0,178,23442,2,5,178,23447,California
Alameda,2021-01-02,728,24183,527,16800,201,7383,0,0,727,24169,0,5,727,24174,California
Alameda,2021-01-03,337,24520,218,17018,119,7502,0,0,334,24500,3,8,334,24508,California
Alameda,2021-01-04,1624,26144,913,17931,711,8213,0,0,1612,26101,11,19,1612,26120,California
Alameda,2021-01-05,2228,28372,1284,19215,944,9157,0,0,1974,27824,251,270,1974,28094,California
Alameda,2021-01-06,3287,31659,1815,21030,1472,10629,0,0,2407,29357,877,1147,2410,30504,California
Alameda,2021-01-07,3842,35501,2159,23189,1683,12312,0,0,2641,30811,1192,2339,2646,33150,California
Alameda,2021-01-08,4784,40285,2738,25927,2046,14358,0,0,3033,32103,1746,4085,3038,36188,California
Alameda,2021-01-09,2041,42326,1388,27315,653,15011,0,0,1172,32406,869,4954,1172,37360,California
Alameda,2021-01-10,1069,43395,845,28160,224,15235,0,0,430,32196,640,5594,430,37790,California
Alameda,2021-01-11,4685,48080,3543,31703,1142,16377,0,0,2866,33252,1817,7411,2873,40663,California
Alameda,2021-01-12,4865,52945,3281,34984,1584,17961,0,0,3454,35300,1409,8820,3457,44120,California
Alameda,2021-01-13,5071,58016,2689,37673,2382,20343,0,0,3859,37954,1207,10027,3861,47981,California
Alameda,2021-01-14,5691,63707,2817,40490,2874,23217,0,0,4784,41843,898,10925,4787,52768,California
Alameda,2021-01-15,5879,69586,2336,42826,3543,26760,0,0,5094,46163,778,11703,5098,57866,California
Alameda,2021-01-16,3023,72609,1404,44230,1619,28379,0,0,2751,48642,273,11976,2752,60618,California
Alameda,2021-01-17,1890,74499,1093,45323,797,29176,0,0,1682,50117,208,12184,1683,62301,California
Alameda,2021-01-18,3207,77706,2054,47377,1153,30329,0,0,2610,52137,592,12776,2612,64913,California
Alameda,2021-01-19,5562,83268,3342,50719,2220,32549,0,0,4361,55301,1199,13975,4363,69276,California
Alameda,2021-01-20,6950,90218,4253,54972,2697,35246,0,0,5644,59656,1293,15268,5648,74924,California
Alameda,2021-01-21,8200,98418,3779,58751,4421,39667,0,0,7342,66153,850,16118,7347,82271,California
Alameda,2021-01-22,6923,105341,2068,60819,4855,44522,0,0,5766,70772,1148,17266,5767,88038,California
Alameda,2021-01-23,3304,108645,955,61774,2349,46871,0,0,2747,72963,556,17822,2747,90785,California
Alameda,2021-01-24,2051,110696,656,62430,1395,48266,0,0,1775,74466,272,18094,1775,92560,California
Alameda,2021-01-25,5231,115927,1982,64412,3249,51515,0,0,3642,76528,1581,19675,3643,96203,California
Alameda,2021-01-26,7379,123306,2328,66740,5051,56566,0,0,5472,80102,1899,21574,5473,101676,California
Alameda,2021-01-27,6771,130077,2084,68824,4687,61253,0,0,4892,83127,1867,23441,4892,106568,California
Alameda,2021-01-28,7946,138023,2563,71387,5383,66636,0,0,5684,86567,2246,25687,5686,112254,California
Alameda,2021-01-29,8041,146064,3197,74584,4844,71480,0,0,6185,90909,1845,27532,6187,118441,California
Alameda,2021-01-30,3463,149527,1698,76282,1765,73245,0,0,2749,92950,708,28240,2749,121190,California
Alameda,2021-01-31,1934,151461,959,77241,975,74220,0,0,1691,94401,240,28480,1691,122881,California
Alameda,2021-02-01,6531,157992,3897,81138,2634,76854,0,0,4376,96633,2145,30625,4377,127258,California
Alameda,2021-02-02,7095,165087,3814,84952,3281,80135,0,0,4753,99054,2332,32957,4753,132011,California
Alameda,2021-02-03,7155,172242,3775,88727,3380,83515,0,0,4432,100776,2716,35673,4438,136449,California
Alameda,2021-02-04,9618,181860,4177,92904,5441,88956,0,0,6469,104114,3136,38809,6474,142923,California
Alameda,2021-02-05,10394,192254,5416,98320,4978,93934,0,0,6486,106706,3901,42710,6493,149416,California
Alameda,2021-02-06,7036,199290,4463,102783,2573,96507,0,0,5888,111450,1144,43854,5888,155304,California
Alameda,2021-02-07,3592,202882,2899,105682,693,97200,0,0,2643,113148,946,44800,2644,157948,California
Alameda,2021-02-08,8169,211051,5838,111520,2331,99531,0,0,5571,116133,2588,47388,5573,163521,California
Alameda,2021-02-09,9772,220823,5892,117412,3880,103411,0,0,6092,118568,3659,51047,6094,169615,California
Alameda,2021-02-10,11583,232406,6845,124257,4738,108149,0,0,6498,120004,5070,56117,6506,176121,California
Alameda,2021-02-11,14066,246472,8063,132320,6003,114152,0,0,8138,122234,5911,62028,8141,184262,California
Alameda,2021-02-12,12677,259149,5768,138088,6909,121061,0,0,7821,125226,4832,66860,7824,192086,California
Alameda,2021-02-13,7880,267029,4086,142174,3794,124855,0,0,5881,129115,1994,68854,5883,197969,California
Alameda,2021-02-14,4059,271088,2555,144729,1504,126359,0,0,2872,130808,1182,70036,2875,200844,California
Alameda,2021-02-15,5705,276793,3207,147936,2498,128857,0,0,3699,132506,2004,72040,3702,204546,California
Alameda,2021-02-16,12619,289412,7005,154941,5614,134471,0,0,9339,138586,3268,75308,9348,213894,California
Alameda,2021-02-17,14244,303656,8455,163396,5789,140260,0,0,10559,145481,3666,78974,10561,224455,California
Alameda,2021-02-18,16030,319686,10178,173574,5852,146112,0,0,11624,152715,4396,83370,11630,236085,California
Alameda,2021-02-19,17976,337662,11667,185241,6309,152421,0,0,11864,158494,6090,89460,11869,247954,California
Alameda,2021-02-20,12145,349807,9815,195056,2330,154751,0,0,9304,164969,2835,92295,9310,257264,California
Alameda,2021-02-21,7921,357728,6941,201997,980,155731,0,0,5324,167710,2585,94880,5326,262590,California
Alameda,2021-02-22,11035,368763,8126,210123,2909,158640,0,0,6932,170562,4089,98969,6941,269531,California
Alameda,2021-02-23,13130,381893,7968,218091,5162,163802,0,0,8135,173719,4985,103954,8142,277673,California
Alameda,2021-02-24,14960,396853,8429,226520,6531,170333,0,0,9645,178119,5251,109205,9651,287324,California
Alameda,2021-02-25,16131,412984,9345,235865,6786,177119,0,0,10154,182339,5945,115150,10165,297489,California
Alameda,2021-02-26,18785,431769,10961,246826,7824,184943,0,0,11906,187418,6833,121983,11912,309401,California
Alameda,2021-02-27,15274,447043,11266,258092,4006,188949,2,2,9434,191042,5815,127798,9439,318840,California
Alameda,2021-02-28,10179,457222,8488,266580,1690,190639,1,3,6595,194084,3556,131354,6598,325438,California
Alameda,2021-03-01,14190,471412,9803,276383,4376,195015,11,14,8671,197305,5468,136822,8689,334127,California
Alameda,2021-03-02,15148,486560,10891,287274,4256,199271,1,15,9904,201996,5222,142044,9913,344040,California
Alameda,2021-03-03,15933,502493,10446,297720,5484,204755,3,18,10890,207881,5013,147057,10898,354938,California
Alameda,2021-03-04,17585,520078,11279,308999,6304,211059,2,20,11065,212471,6478,153535,11068,366006,California
Alameda,2021-03-05,16405,536483,10729,319728,5666,216725,10,30,11064,218259,5294,158829,11082,377088,California
Alameda,2021-03-06,14647,551130,10321,330049,4060,220785,266,296,9694,223315,4905,163734,9961,387049,California
Alameda,2021-03-07,9834,560964,8537,338586,1212,221997,85,381,7024,227646,2780,166514,7111,394160,California
Alameda,2021-03-08,12066,573030,7508,346094,4176,226173,382,763,9017,234045,2998,169512,9397,403557,California
Alameda,2021-03-09,14819,587849,10379,356473,4008,230181,432,1195,8070,235835,6714,176226,8504,412061,California
Alameda,2021-03-10,17674,605523,12233,368706,4874,235055,567,1762,7951,234656,9693,185919,8514,420575,California
Alameda,2021-03-11,19961,625484,11689,380395,6557,241612,1715,3477,6787,230003,13143,199062,8490,429065,California
Alameda,2021-03-12,21555,647039,12587,392982,7258,248870,1710,5187,7446,225068,14078,213140,9143,438208,California
Alameda,2021-03-13,16224,663263,10410,403392,4808,253678,1006,6193,5142,220161,11046,224186,6139,444347,California
Alameda,2021-03-14,10960,674223,8060,411452,2104,255782,796,6989,3336,216684,7602,231788,4125,448472,California
Alameda,2021-03-15,14600,688823,9539,420991,4523,260305,538,7527,6308,215267,8260,240048,6843,455315,California
Alameda,2021-03-16,17418,706241,11284,432275,5585,265890,549,8076,7467,213388,9897,249945,8018,463333,California
Alameda,2021-03-17,17818,724059,10115,442390,6967,272857,736,8812,8289,212932,9480,259425,9024,472357,California
Alameda,2021-03-18,19502,743561,10671,453061,7931,280788,900,9712,8879,212123,10592,270017,9783,482140,California
Alameda,2021-03-19,19784,763345,10880,463941,7090,287878,1814,11526,7829,209851,11905,281922,9633,491773,California
Alameda,2021-03-20,15943,779288,10447,474388,4634,292512,862,12388,6392,207582,9516,291438,7247,499020,California
Alameda,2021-03-21,9322,788610,7327,481715,1438,293950,557,12945,3438,205705,5873,297311,3996,503016,California
Alameda,2021-03-22,15344,803954,10335,492050,3992,297942,1017,13962,7007,205417,8304,305615,8016,511032,California
Alameda,2021-03-23,19638,823592,11917,503967,6902,304844,819,14781,10025,206704,9562,315177,10849,521881,California
Alameda,2021-03-24,19534,843126,11820,515787,6687,311531,1027,15808,8582,205415,10888,326065,9599,531480,California
Alameda,2021-03-25,20825,863951,11594,527381,7819,319350,1412,17220,9560,205181,11194,337259,10960,542440,California
Alameda,2021-03-26,21218,885169,12800,540181,6842,326192,1576,18796,8598,202772,12570,349829,10161,552601,California
Alameda,2021-03-27,18506,903675,12621,552802,4926,331118,959,19755,7604,200468,10854,360683,8550,561151,California
Alameda,2021-03-28,10733,914408,8729,561531,1799,332917,205,19960,3492,196952,7221,367904,3705,564856,California
Alameda,2021-03-29,14926,929334,9515,571046,4412,337329,999,20959,5985,195032,8901,376805,6981,571837,California
Alameda,2021-03-30,18880,948214,9934,580980,7222,344551,1724,22683,9487,196874,9358,386163,11200,583037,California
Alameda,2021-03-31,19682,967896,10390,591370,7173,351724,2119,24802,9218,197764,10432,396595,11322,594359,California
Alameda,2021-04-01,23615,991511,10163,601533,7757,359481,5695,30497,11231,202325,12329,408924,16890,611249,California
Alameda,2021-04-02,24405,1015916,10035,611568,8481,367962,5889,36386,11852,207516,12511,421435,17702,628951,California
Alameda,2021-04-03,20531,1036447,9934,621502,5724,373686,4873,41259,10364,212599,10142,431577,15225,644176,California
Alameda,2021-04-04,10020,1046467,4005,625507,2303,375989,3712,44971,3463,213229,6537,438114,7167,651343,California
Alameda,2021-04-05,17991,1064458,7589,633096,5589,381578,4813,49784,7340,214753,10624,448738,12148,663491,California
Alameda,2021-04-06,22451,1086909,10814,643910,5760,387338,5877,55661,10211,218613,12201,460939,16061,679552,California
Alameda,2021-04-07,22800,1109709,11720,655630,5583,392921,5497,61158,11531,224398,11222,472161,17007,696559,California
Alameda,2021-04-08,25811,1135520,11668,667298,6103,399024,8040,69198,11048,228778,14681,486842,19061,715620,California
Alameda,2021-04-09,23693,1159213,10824,678122,7596,406620,5273,74471,12184,234759,11472,498314,17453,733073,California
Alameda,2021-04-10,19449,1178662,7519,685641,5697,412317,6233,80704,8272,238094,11150,509464,14485,747558,California
Alameda,2021-04-11,11106,1189768,4871,690512,2274,414591,3961,84665,4539,240029,6548,516012,8483,756041,California
Alameda,2021-04-12,18320,1208088,11884,702396,4437,419028,1999,86664,10311,244365,7968,523980,12304,768345,California
Alameda,2021-04-13,23274,1231362,14750,717146,8463,427491,61,86725,17089,255393,6129,530109,17157,785502,California
Alameda,2021-04-14,23408,1254770,15350,732496,8056,435547,2,86727,15672,263380,7694,537803,15681,801183,California
Alameda,2021-04-15,24477,1279247,15606,748102,8866,444413,5,86732,16127,271238,8285,546088,16143,817326,California
Alameda,2021-04-16,24888,1304135,14647,762749,10234,454647,7,86739,15882,278202,8941,555029,15905,833231,California
Alameda,2021-04-17,21192,1325327,14645,777394,6545,461192,2,86741,14637,286343,6512,561541,14653,847884,California
Alameda,2021-04-18,10396,1335723,8023,785417,2373,463565,0,86741,7187,290362,3177,564718,7196,855080,California
Alameda,2021-04-19,15968,1351691,9923,795340,6044,469609,1,86742,9226,292897,6701,571419,9236,864316,California
Alameda,2021-04-20,18960,1370651,11722,807062,7236,476845,2,86744,10310,294637,8594,580013,10334,874650,California
Alameda,2021-04-21,20383,1391034,12235,819297,8136,484981,12,86756,11779,297911,8540,588553,11814,886464,California
Alameda,2021-04-22,22124,1413158,14368,833665,7751,492732,5,86761,11733,299343,10332,598885,11764,898228,California
Alameda,2021-04-23,22448,1435606,14636,848301,7808,500540,4,86765,12484,301967,9894,608779,12518,910746,California
Alameda,2021-04-24,19086,1454692,14481,862782,4597,505137,8,86773,10081,303111,8959,617738,10103,920849,California
Alameda,2021-04-25,9028,1463720,7021,869803,2006,507143,1,86774,5909,305941,3090,620828,5920,926769,California
Alameda,2021-04-26,14841,1478561,10301,880104,4514,511657,26,86800,9102,309384,5700,626528,9143,935912,California
Alameda,2021-04-27,16713,1495274,9951,890055,6394,518051,368,87168,7840,308802,8817,635345,8235,944147,California
Alameda,2021-04-28,17054,1512328,10864,900919,5721,523772,469,87637,6902,306076,10115,645460,7389,951536,California
Alameda,2021-04-29,17723,1530051,10736,911655,6655,530427,332,87969,6608,301987,11053,656513,6964,958500,California
Alameda,2021-04-30,20559,1550610,12931,924586,7283,537710,345,88314,8474,298857,11996,668509,8866,967366,California
Alameda,2021-05-01,14088,1564698,9424,934010,4453,542163,211,88525,5262,295576,8783,677292,5502,972868,California
Alameda,2021-05-02,7108,1571806,4961,938971,1976,544139,171,88696,2896,294455,4191,681483,3070,975938,California
Alameda,2021-05-03,14621,1586427,10989,949960,3310,547449,322,89018,2863,285973,11701,693184,3219,979157,California
Alameda,2021-05-04,18864,1605291,13634,963594,4869,552318,361,89379,3804,275187,14986,708170,4200,983357,California
Alameda,2021-05-05,18765,1624056,13712,977306,4545,556863,508,89887,3833,264678,14867,723037,4358,987715,California
Alameda,2021-05-06,19265,1643321,14655,991961,3914,560777,696,90583,3784,253776,15398,738435,4496,992211,California
Alameda,2021-05-07,19488,1662809,13161,1005122,5910,566687,417,91000,4470,243737,14944,753379,4905,997116,California
Alameda,2021-05-08,17073,1679882,11842,1016964,5018,571705,213,91213,3270,233474,13762,767141,3499,1000615,California
Alameda,2021-05-09,8574,1688456,7020,1023984,1411,573116,143,91356,1336,227742,7216,774357,1484,1002099,California
Alameda,2021-05-10,10421,1698877,7189,1031173,2908,576024,324,91680,2522,222734,7865,782222,2857,1004956,California
Alameda,2021-05-11,15715,1714592,8620,1039793,6780,582804,315,91995,2813,213049,12851,795073,3166,1008122,California
Alameda,2021-05-12,13526,1728118,9030,1048823,4052,586856,444,92439,2717,205484,10761,805834,3196,1011318,California
Alameda,2021-05-13,18077,1746195,13027,1061850,4507,591363,543,92982,5759,199559,12267,818101,6342,1017660,California
Alameda,2021-05-14,20816,1767011,14155,1076005,6193,597556,468,93450,7070,193446,13664,831765,7551,1025211,California
Alameda,2021-05-15,17321,1784332,12637,1088642,4451,602007,233,93683,5914,188243,11355,843120,6152,1031363,California
Alameda,2021-05-16,8865,1793197,7617,1096259,1142,603149,106,93789,3107,185735,5726,848846,3218,1034581,California
Alameda,2021-05-17,13557,1806754,10114,1106373,2913,606062,530,94319,4196,181155,9321,858167,4741,1039322,California
Alameda,2021-05-18,14282,1821036,10391,1116764,3466,609528,425,94744,4986,177318,9250,867417,5413,1044735,California
Alameda,2021-05-19,14518,1835554,9955,1126719,4224,613752,339,95083,5873,174937,8594,876011,6213,1050948,California
Alameda,2021-05-20,13434,1848988,8878,1135597,4021,617773,535,95618,5744,173580,7636,883647,6279,1057227,California
Alameda,2021-05-21,15302,1864290,10060,1145657,4971,622744,271,95889,5079,168783,10152,893799,5355,1062582,California
Alameda,2021-05-22,10320,1874610,7455,1153112,2697,625441,168,96057,4151,166968,6137,899936,4322,1066904,California
Alameda,2021-05-23,5114,1879724,3932,1157044,1093,626534,89,96146,1662,165288,3432,903368,1752,1068656,California
Alameda,2021-05-24,7273,1886997,4236,1161280,2777,629311,260,96406,2816,163954,4415,907783,3081,1071737,California
Alameda,2021-05-25,8030,1895027,5192,1166472,2577,631888,261,96667,3521,163258,4473,912256,3777,1075514,California
Alameda,2021-05-26,8303,1903330,5188,1171660,2811,634699,304,96971,3584,162447,4693,916949,3882,1079396,California
Alameda,2021-05-27,8159,1911489,4877,1176537,2882,637581,400,97371,3337,161400,4779,921728,3732,1083128,California
Alameda,2021-05-28,8627,1920116,5047,1181584,3355,640936,225,97596,3593,160213,5007,926735,3820,1086948,California
Alameda,2021-05-29,4955,1925071,3000,1184584,1768,642704,187,97783,2452,160372,2482,929217,2641,1089589,California
Alameda,2021-05-30,2446,1927517,1602,1186186,755,643459,89,97872,955,159934,1482,930699,1044,1090633,California
Alameda,2021-05-31,1158,1928675,856,1187042,247,643706,55,97927,346,159539,796,931495,401,1091034,California
Alameda,2021-06-01,7125,1935800,4991,1192033,1888,645594,246,98173,2957,158598,4142,935637,3201,1094235,California
Alameda,2021-06-02,5817,1941617,3616,1195649,1977,647571,224,98397,2182,157393,3603,939240,2398,1096633,California
Alameda,2021-06-03,8512,1950129,6436,1202085,1795,649366,281,98678,2772,154739,5702,944942,3048,1099681,California
Alameda,2021-06-04,10492,1960621,7740,1209825,2511,651877,241,98919,2838,150205,7614,952556,3080,1102761,California
Alameda,2021-06-05,8088,1968709,5873,1215698,2054,653931,161,99080,1796,145902,6258,958814,1955,1104716,California
Alameda,2021-06-06,3662,1972371,3304,1219002,277,654208,81,99161,872,144073,2782,961596,953,1105669,California
Alameda,2021-06-07,5868,1978239,4278,1223280,1413,655621,177,99338,1718,141841,4127,965723,1895,1107564,California
Alameda,2021-06-08,7278,1985517,5811,1229091,1224,656845,243,99581,2100,139032,5151,970874,2342,1109906,California
Alameda,2021-06-09,7293,1992810,5963,1235054,1136,657981,194,99775,1685,135324,5583,976457,1875,1111781,California
Alameda,2021-06-10,8011,2000821,6704,1241758,1000,658981,307,100082,2139,131920,5847,982304,2443,1114224,California
Alameda,2021-06-11,8049,2008870,6182,1247940,1644,660625,223,100305,2457,129040,5564,987868,2684,1116908,California
Alameda,2021-06-12,5506,2014376,4221,1252161,1097,661722,188,100493,1369,126488,4113,991981,1561,1118469,California
Alameda,2021-06-13,2260,2016636,1711,1253872,427,662149,122,100615,619,125597,1630,993611,739,1119208,California
Alameda,2021-06-14,4568,2021204,3435,1257307,922,663071,211,100826,1537,124335,3009,996620,1747,1120955,California
Alameda,2021-06-15,6016,2027220,4372,1261679,1363,664434,281,101107,1789,122214,4190,1000810,2069,1123024,California
Alameda,2021-06-16,5161,2032381,4122,1265801,833,665267,206,101313,1526,120325,3618,1004428,1729,1124753,California
Alameda,2021-06-17,5582,2037963,4515,1270316,837,666104,230,101543,1833,118673,3717,1008145,2065,1126818,California
Alameda,2021-06-18,5935,2043898,4472,1274788,1208,667312,255,101798,1977,116969,3933,1012078,2229,1129047,California
Alameda,2021-06-19,3446,2047344,2606,1277394,681,667993,159,101957,1049,115791,2385,1014463,1207,1130254,California
Alameda,2021-06-20,1395,2048739,1163,1278557,187,668180,45,102002,519,115483,871,1015334,563,1130817,California
Alameda,2021-06-21,2719,2051458,1852,1280409,707,668887,160,102162,1393,115726,1310,1016644,1553,1132370,California
Alameda,2021-06-22,4567,2056025,3536,1283945,839,669726,192,102354,1403,114171,3148,1019792,1593,1133963,California
Alameda,2021-06-23,3481,2059506,2679,1286624,618,670344,184,102538,1171,113225,2297,1022089,1351,1135314,California
Alameda,2021-06-24,4347,2063853,3472,1290096,641,670985,234,102772,1487,112106,2839,1024928,1720,1137034,California
Alameda,2021-06-25,4552,2068405,3409,1293505,942,671927,201,102973,1677,111127,2857,1027785,1878,1138912,California
Alameda,2021-06-26,2764,2071169,1990,1295495,621,672548,153,103126,910,110354,1835,1029620,1062,1139974,California
Alameda,2021-06-27,888,2072057,673,1296168,178,672726,37,103163,345,110196,540,1030160,382,1140356,California
Alpine,2020-12-18,2,2,2,2,0,0,0,0,2,2,0,0,2,2,California
Alpine,2020-12-19,2,4,2,4,0,0,0,0,2,4,0,0,2,4,California
Alpine,2020-12-21,2,6,2,6,0,0,0,0,2,6,0,0,2,6,California
Alpine,2020-12-30,14,20,0,6,14,14,0,0,14,20,0,0,14,20,California
Alpine,2020-12-31,1,21,0,6,1,15,0,0,1,21,0,0,1,21,California
Alpine,2021-01-01,1,22,0,6,1,16,0,0,1,22,0,0,1,22,California
Alpine,2021-01-02,1,23,1,7,0,16,0,0,1,23,0,0,1,23,California
Alpine,2021-01-04,10,33,0,7,10,26,0,0,10,33,0,0,10,33,California
Alpine,2021-01-05,9,42,1,8,8,34,0,0,9,42,0,0,9,42,California
Alpine,2021-01-06,31,73,0,8,31,65,0,0,31,73,0,0,31,73,California
Alpine,2021-01-07,8,81,0,8,8,73,0,0,8,81,0,0,8,81,California
Alpine,2021-01-08,4,85,2,10,2,75,0,0,2,81,2,2,2,83,California
Alpine,2021-01-09,2,87,2,12,0,75,0,0,0,79,2,4,0,83,California
Alpine,2021-01-11,32,119,1,13,31,106,0,0,31,109,1,5,31,114,California
Alpine,2021-01-13,35,154,0,13,35,141,0,0,35,144,0,5,35,149,California
Alpine,2021-01-14,1,155,0,13,1,142,0,0,1,145,0,5,1,150,California
Alpine,2021-01-15,1,156,0,13,1,143,0,0,1,146,0,5,1,151,California
Alpine,2021-01-20,21,177,0,13,21,164,0,0,21,167,0,5,21,172,California
Alpine,2021-01-21,1,178,0,13,1,165,0,0,1,168,0,5,1,173,California
Alpine,2021-01-22,33,211,0,13,33,198,0,0,33,201,0,5,33,206,California
Alpine,2021-01-23,1,212,1,14,0,198,0,0,0,200,1,6,0,206,California
Alpine,2021-01-25,16,228,0,14,16,214,0,0,16,216,0,6,16,222,California
Alpine,2021-01-27,1,229,1,15,0,214,0,0,0,215,1,7,0,222,California
Alpine,2021-01-28,1,230,0,15,1,215,0,0,0,214,1,8,0,222,California
Alpine,2021-01-29,1,231,0,15,1,216,0,0,1,215,0,8,1,223,California
Alpine,2021-02-01,25,256,0,15,25,241,0,0,7,204,18,26,7,230,California
Alpine,2021-02-03,34,290,0,15,34,275,0,0,10,190,24,50,10,240,California
Alpine,2021-02-04,8,298,0,15,8,283,0,0,3,188,5,55,3,243,California
Alpine,2021-02-05,31,329,0,15,31,314,0,0,12,181,19,74,12,255,California
Alpine,2021-02-07,1,330,1,16,0,314,0,0,1,182,0,74,1,256,California
Alpine,2021-02-08,32,362,0,16,32,346,0,0,4,158,28,102,4,260,California
Alpine,2021-02-10,34,396,0,16,34,380,0,0,0,124,34,136,0,260,California
Alpine,2021-02-11,6,402,0,16,6,386,0,0,3,124,3,139,3,263,California
Alpine,2021-02-12,1,403,0,16,1,387,0,0,0,123,1,140,0,263,California
Alpine,2021-02-17,23,426,0,16,23,410,0,0,3,106,20,160,3,266,California
Alpine,2021-02-18,2,428,0,16,2,412,0,0,1,106,1,161,1,267,California
Alpine,2021-02-19,34,462,1,17,33,445,0,0,2,76,32,193,2,269,California
Alpine,2021-02-22,27,489,0,17,27,472,0,0,8,65,19,212,8,277,California
Alpine,2021-02-24,1,490,1,18,0,472,0,0,1,66,0,212,1,278,California
Alpine,2021-02-25,6,496,1,19,5,477,0,0,6,72,0,212,6,284,California
Alpine,2021-02-26,30,526,1,20,29,506,0,0,29,100,1,213,29,313,California
Alpine,2021-02-27,1,527,0,20,1,507,0,0,1,101,0,213,1,314,California
Alpine,2021-03-01,36,563,0,20,36,543,0,0,26,117,10,223,26,340,California
Alpine,2021-03-03,30,593,1,21,29,572,0,0,18,123,12,235,18,358,California
Alpine,2021-03-04,11,604,1,22,10,582,0,0,11,134,0,235,11,369,California
Alpine,2021-03-05,30,634,0,22,30,612,0,0,22,148,8,243,22,391,California
Alpine,2021-03-08,31,665,0,22,31,643,0,0,29,175,2,245,29,420,California
Alpine,2021-03-10,73,738,0,22,73,716,0,0,73,248,0,245,73,493,California
Alpine,2021-03-11,35,773,0,22,35,751,0,0,31,275,4,249,31,524,California
Alpine,2021-03-12,19,792,0,22,19,770,0,0,17,290,2,251,17,541,California
Alpine,2021-03-15,21,813,1,23,20,790,0,0,20,309,1,252,20,561,California
Alpine,2021-03-17,23,836,0,23,22,812,1,1,19,325,4,256,20,581,California
Alpine,2021-03-18,38,874,3,26,35,847,0,1,35,357,3,259,35,616,California
Alpine,2021-03-19,2,876,1,27,1,848,0,1,1,357,1,260,1,617,California
Alpine,2021-03-22,24,900,0,27,24,872,0,1,15,363,9,269,15,632,California
Alpine,2021-03-24,19,919,0,27,19,891,0,1,8,360,11,280,8,640,California
Alpine,2021-03-25,35,954,1,28,33,924,1,2,27,381,7,287,28,668,California
Alpine,2021-03-27,1,955,0,28,1,925,0,2,0,380,1,288,0,668,California
Alpine,2021-03-28,1,956,1,29,0,925,0,2,1,381,0,288,1,669,California
Alpine,2021-03-29,19,975,0,29,18,943,1,3,2,367,17,305,3,672,California
Alpine,2021-04-01,18,993,0,29,18,961,0,3,8,365,10,315,8,680,California
Alpine,2021-04-02,101,1094,1,30,100,1061,0,3,46,357,54,369,46,726,California
Alpine,2021-04-05,4,1098,1,31,3,1064,0,3,0,353,4,373,0,726,California
Alpine,2021-04-06,3,1101,2,33,1,1065,0,3,2,354,1,374,2,728,California
Alpine,2021-04-07,117,1218,0,33,116,1181,1,4,30,299,86,460,31,759,California
Alpine,2021-04-08,37,1255,0,33,35,1216,2,6,10,284,27,487,12,771,California
Alpine,2021-04-09,2,1257,0,33,2,1218,0,6,2,286,0,487,2,773,California
Alpine,2021-04-14,47,1304,0,33,47,1265,0,6,10,259,37,524,10,783,California
Alpine,2021-04-15,35,1339,0,33,35,1300,0,6,3,230,32,556,3,786,California
Alpine,2021-04-16,1,1340,0,33,1,1301,0,6,1,231,0,556,1,787,California
Alpine,2021-04-19,1,1341,0,33,1,1302,0,6,1,232,0,556,1,788,California
Alpine,2021-04-21,31,1372,0,33,31,1333,0,6,15,231,16,572,15,803,California
Alpine,2021-04-22,24,1396,0,33,24,1357,0,6,1,209,23,595,1,804,California
Alpine,2021-04-24,2,1398,2,35,0,1357,0,6,0,208,2,597,1,805,California
Alpine,2021-04-25,1,1399,1,36,0,1357,0,6,0,207,1,598,0,805,California
Alpine,2021-04-27,2,1401,1,37,1,1358,0,6,1,207,1,599,1,806,California
Alpine,2021-04-28,36,1437,0,37,36,1394,0,6,6,183,30,629,6,812,California
Alpine,2021-04-29,7,1444,1,38,6,1400,0,6,1,178,6,635,1,813,California
Alpine,2021-04-30,2,1446,1,39,0,1400,1,7,1,179,1,636,2,815,California
Alpine,2021-05-02,1,1447,0,39,0,1400,1,8,0,179,1,637,1,816,California
Alpine,2021-05-05,17,1464,0,39,17,1417,0,8,4,170,13,650,4,820,California
Alpine,2021-05-06,8,1472,0,39,8,1425,0,8,0,162,8,658,0,820,California
Alpine,2021-05-07,1,1473,0,39,1,1426,0,8,0,161,1,659,0,820,California
Alpine,2021-05-10,1,1474,0,39,1,1427,0,8,1,162,0,659,1,821,California
Alpine,2021-05-12,1,1475,0,39,0,1427,1,9,0,162,1,660,1,822,California
Alpine,2021-05-13,3,1478,0,39,3,1430,0,9,0,159,3,663,0,822,California
Alpine,2021-05-17,2,1480,0,39,2,1432,0,9,1,159,1,664,1,823,California
Alpine,2021-05-18,1,1481,0,39,1,1433,0,9,1,160,0,664,1,824,California
Alpine,2021-05-19,15,1496,0,39,15,1448,0,9,0,145,15,679,0,824,California
Alpine,2021-05-20,1,1497,1,40,0,1448,0,9,0,144,1,680,0,824,California
Alpine,2021-05-21,1,1498,1,41,0,1448,0,9,0,143,1,681,0,824,California
Alpine,2021-05-25,2,1500,0,41,2,1450,0,9,0,141,2,683,0,824,California
Alpine,2021-05-27,3,1503,2,43,1,1451,0,9,3,144,0,683,3,827,California
Alpine,2021-05-28,2,1505,1,44,1,1452,0,9,2,146,0,683,2,829,California
Alpine,2021-05-29,1,1506,0,44,1,1453,0,9,1,147,0,683,1,830,California
Alpine,2021-06-02,8,1514,0,44,8,1461,0,9,1,141,7,690,1,831,California
Alpine,2021-06-04,1,1515,0,44,1,1462,0,9,1,142,0,690,1,832,California
Alpine,2021-06-07,1,1516,0,44,1,1463,0,9,0,141,1,691,0,832,California
Alpine,2021-06-10,1,1517,1,45,0,1463,0,9,1,142,0,691,1,833,California
Alpine,2021-06-15,1,1518,0,45,1,1464,0,9,0,141,1,692,0,833,California
Alpine,2021-06-18,1,1519,1,46,0,1464,0,9,0,140,1,693,0,833,California
Alpine,2021-06-19,1,1520,1,47,0,1464,0,9,0,139,1,694,0,833,California
Alpine,2021-06-25,1,1521,0,47,1,1465,0,9,0,138,1,695,0,833,California
Amador,2020-12-16,2,2,2,2,0,0,0,0,2,2,0,0,2,2,California
Amador,2020-12-17,5,7,5,7,0,0,0,0,5,7,0,0,5,7,California
Amador,2020-12-18,45,52,45,52,0,0,0,0,45,52,0,0,45,52,California
Amador,2020-12-19,16,68,16,68,0,0,0,0,16,68,0,0,16,68,California
Amador,2020-12-20,4,72,4,72,0,0,0,0,4,72,0,0,4,72,California
Amador,2020-12-21,31,103,31,103,0,0,0,0,31,103,0,0,31,103,California
Amador,2020-12-22,35,138,34,137,1,1,0,0,35,138,0,0,35,138,California
Amador,2020-12-23,40,178,39,176,1,2,0,0,40,178,0,0,40,178,California
Amador,2020-12-24,5,183,3,179,2,4,0,0,5,183,0,0,5,183,California
Amador,2020-12-26,5,188,4,183,1,5,0,0,5,188,0,0,5,188,California
Amador,2020-12-27,1,189,0,183,1,6,0,0,1,189,0,0,1,189,California
Amador,2020-12-28,31,220,27,210,4,10,0,0,31,220,0,0,31,220,California
Amador,2020-12-29,25,245,18,228,7,17,0,0,25,245,0,0,25,245,California
Amador,2020-12-30,123,368,77,305,46,63,0,0,123,368,0,0,123,368,California
Amador,2020-12-31,194,562,169,474,25,88,0,0,194,562,0,0,194,562,California
Amador,2021-01-01,2,564,0,474,2,90,0,0,2,564,0,0,2,564,California
Amador,2021-01-02,57,621,57,531,0,90,0,0,57,621,0,0,57,621,California
Amador,2021-01-03,66,687,17,548,49,139,0,0,66,687,0,0,66,687,California
Amador,2021-01-04,125,812,2,550,123,262,0,0,125,812,0,0,125,812,California
Amador,2021-01-05,33,845,3,553,30,292,0,0,32,843,1,1,32,844,California
Amador,2021-01-06,40,885,11,564,29,321,0,0,36,875,4,5,36,880,California
Amador,2021-01-07,229,1114,69,633,160,481,0,0,217,1080,12,17,217,1097,California
Amador,2021-01-08,84,1198,69,702,15,496,0,0,41,1079,43,60,42,1139,California
Amador,2021-01-09,11,1209,11,713,0,496,0,0,2,1072,9,69,2,1141,California
Amador,2021-01-10,6,1215,4,717,2,498,0,0,2,1070,4,73,2,1143,California
Amador,2021-01-11,125,1340,44,761,81,579,0,0,88,1122,37,110,89,1232,California
Amador,2021-01-12,65,1405,50,811,15,594,0,0,41,1139,24,134,41,1273,California
Amador,2021-01-13,40,1445,24,835,16,610,0,0,28,1155,12,146,28,1301,California
Amador,2021-01-14,151,1596,23,858,128,738,0,0,141,1287,10,156,142,1443,California
Amador,2021-01-15,61,1657,26,884,35,773,0,0,52,1330,9,165,52,1495,California
Amador,2021-01-16,19,1676,12,896,7,780,0,0,13,1338,6,171,14,1509,California
Amador,2021-01-17,25,1701,5,901,20,800,0,0,25,1363,0,171,25,1534,California
Amador,2021-01-18,32,1733,28,929,4,804,0,0,10,1351,22,193,10,1544,California
Amador,2021-01-19,125,1858,100,1029,25,829,0,0,81,1388,44,237,81,1625,California
Amador,2021-01-20,183,2041,33,1062,150,979,0,0,168,1542,14,251,168,1793,California
Amador,2021-01-21,259,2300,229,1291,30,1009,0,0,148,1580,111,362,149,1942,California
Amador,2021-01-22,138,2438,75,1366,63,1072,0,0,132,1706,6,368,132,2074,California
Amador,2021-01-23,60,2498,33,1399,27,1099,0,0,57,1760,3,371,57,2131,California
Amador,2021-01-24,28,2526,12,1411,16,1115,0,0,25,1782,3,374,25,2156,California
Amador,2021-01-25,60,2586,29,1440,31,1146,0,0,42,1806,18,392,42,2198,California
Amador,2021-01-26,246,2832,17,1457,229,1375,0,0,236,2032,10,402,236,2434,California
Amador,2021-01-27,301,3133,33,1490,268,1643,0,0,254,2243,44,446,255,2689,California
Amador,2021-01-28,369,3502,97,1587,272,1915,0,0,288,2451,81,527,289,2978,California
Amador,2021-01-29,99,3601,33,1620,66,1981,0,0,84,2520,15,542,84,3062,California
Amador,2021-01-30,188,3789,37,1657,151,2132,0,0,183,2698,5,547,183,3245,California
Amador,2021-01-31,33,3822,28,1685,5,2137,0,0,32,2729,1,548,32,3277,California
Amador,2021-02-01,67,3889,24,1709,43,2180,0,0,40,2742,27,575,40,3317,California
Amador,2021-02-02,216,4105,66,1775,150,2330,0,0,129,2786,85,660,129,3446,California
Amador,2021-02-03,143,4248,39,1814,104,2434,0,0,91,2826,51,711,91,3537,California
Amador,2021-02-04,251,4499,75,1889,176,2610,0,0,164,2905,87,798,166,3703,California
Amador,2021-02-05,334,4833,64,1953,270,2880,0,0,316,3204,17,815,316,4019,California
Amador,2021-02-06,100,4933,81,2034,19,2899,0,0,95,3294,5,820,95,4114,California
Amador,2021-02-07,39,4972,35,2069,4,2903,0,0,35,3326,4,824,36,4150,California
Amador,2021-02-08,92,5064,64,2133,28,2931,0,0,73,3380,19,843,73,4223,California
Amador,2021-02-09,175,5239,82,2215,93,3024,0,0,109,3423,66,909,109,4332,California
Amador,2021-02-10,980,6219,80,2295,900,3924,0,0,946,4335,34,943,946,5278,California
Amador,2021-02-11,311,6530,120,2415,191,4115,0,0,200,4426,109,1052,200,5478,California
Amador,2021-02-12,330,6860,123,2538,207,4322,0,0,255,4606,75,1127,255,5733,California
Amador,2021-02-13,170,7030,83,2621,87,4409,0,0,144,4724,26,1153,144,5877,California
Amador,2021-02-14,122,7152,54,2675,68,4477,0,0,105,4812,17,1170,105,5982,California
Amador,2021-02-15,188,7340,61,2736,127,4604,0,0,171,4967,16,1186,171,6153,California
Amador,2021-02-16,464,7804,51,2787,413,5017,0,0,424,5353,40,1226,426,6579,California
Amador,2021-02-17,263,8067,84,2871,179,5196,0,0,165,5420,98,1324,165,6744,California
Amador,2021-02-18,397,8464,99,2970,298,5494,0,0,332,5688,65,1389,333,7077,California
Amador,2021-02-19,196,8660,78,3048,118,5612,0,0,111,5714,85,1474,111,7188,California
Amador,2021-02-20,97,8757,34,3082,63,5675,0,0,69,5755,28,1502,69,7257,California
Amador,2021-02-21,47,8804,34,3116,13,5688,0,0,14,5737,32,1534,14,7271,California
Amador,2021-02-22,65,8869,26,3142,39,5727,0,0,32,5737,32,1566,32,7303,California
Amador,2021-02-23,323,9192,57,3199,266,5993,0,0,141,5697,182,1748,142,7445,California
Amador,2021-02-24,396,9588,59,3258,337,6330,0,0,263,5831,130,1878,264,7709,California
Amador,2021-02-25,525,10113,119,3377,406,6736,0,0,276,5862,248,2126,279,7988,California
Amador,2021-02-26,633,10746,81,3458,552,7288,0,0,514,6260,118,2244,516,8504,California
Amador,2021-02-27,293,11039,94,3552,199,7487,0,0,98,6170,194,2438,104,8608,California
Amador,2021-02-28,107,11146,56,3608,51,7538,0,0,61,6187,46,2484,63,8671,California
Amador,2021-03-01,199,11345,70,3678,129,7667,0,0,126,6242,73,2557,128,8799,California
Amador,2021-03-02,383,11728,63,3741,320,7987,0,0,334,6528,49,2606,335,9134,California
Amador,2021-03-03,243,11971,79,3820,164,8151,0,0,167,6621,75,2681,168,9302,California
Amador,2021-03-04,499,12470,116,3936,383,8534,0,0,395,6914,103,2784,396,9698,California
Amador,2021-03-05,515,12985,77,4013,438,8972,0,0,292,6989,221,3005,296,9994,California
Amador,2021-03-06,103,13088,50,4063,52,9024,1,1,57,7001,46,3051,58,10052,California
Amador,2021-03-07,65,13153,44,4107,21,9045,0,1,22,6980,43,3094,22,10074,California
Amador,2021-03-08,153,13306,71,4178,81,9126,1,2,92,7012,61,3155,93,10167,California
Amador,2021-03-09,376,13682,52,4230,324,9450,0,2,293,7228,79,3234,295,10462,California
Amador,2021-03-10,519,14201,77,4307,440,9890,2,4,112,6937,407,3641,116,10578,California
Amador,2021-03-11,479,14680,120,4427,349,10239,10,14,300,7073,178,3819,314,10892,California
Amador,2021-03-12,574,15254,70,4497,497,10736,7,21,336,7187,237,4056,351,11243,California
Amador,2021-03-13,116,15370,18,4515,91,10827,7,28,74,7231,42,4098,86,11329,California
Amador,2021-03-14,90,15460,20,4535,67,10894,3,31,22,7188,68,4166,25,11354,California
Amador,2021-03-15,183,15643,27,4562,149,11043,7,38,55,7124,128,4294,64,11418,California
Amador,2021-03-16,454,16097,55,4617,389,11432,10,48,139,6960,313,4607,149,11567,California
Amador,2021-03-17,384,16481,43,4660,338,11770,3,51,262,7104,122,4729,266,11833,California
Amador,2021-03-18,512,16993,99,4759,409,12179,4,55,257,7114,254,4983,264,12097,California
Amador,2021-03-19,540,17533,57,4816,468,12647,15,70,384,7367,154,5137,407,12504,California
Amador,2021-03-20,111,17644,46,4862,65,12712,0,70,46,7351,64,5201,48,12552,California
Amador,2021-03-21,50,17694,37,4899,12,12724,1,71,30,7365,19,5220,33,12585,California
Amador,2021-03-22,115,17809,34,4933,53,12777,28,99,50,7378,65,5285,78,12663,California
Amador,2021-03-23,433,18242,47,4980,379,13156,7,106,274,7502,158,5443,282,12945,California
Amador,2021-03-24,342,18584,35,5015,55,13211,252,358,35,7483,306,5749,287,13232,California
Amador,2021-03-25,610,19194,86,5101,517,13728,7,365,394,7669,215,5964,401,13633,California
Amador,2021-03-26,749,19943,44,5145,698,14426,7,372,280,7497,466,6430,294,13927,California
Amador,2021-03-27,90,20033,15,5160,73,14499,2,374,27,7465,63,6493,31,13958,California
Amador,2021-03-28,70,20103,16,5176,52,14551,2,376,12,7423,57,6550,15,13973,California
Amador,2021-03-29,184,20287,28,5204,155,14706,1,377,78,7403,104,6654,84,14057,California
Amador,2021-03-30,536,20823,28,5232,507,15213,1,378,291,7453,244,6898,294,14351,California
Amador,2021-03-31,201,21024,58,5290,138,15351,5,383,44,7347,155,7053,49,14400,California
Amador,2021-04-01,616,21640,87,5377,529,15880,0,383,263,7263,351,7404,267,14667,California
Amador,2021-04-02,611,22251,39,5416,559,16439,13,396,378,7428,232,7636,397,15064,California
Amador,2021-04-03,87,22338,24,5440,43,16482,20,416,21,7405,66,7702,43,15107,California
Amador,2021-04-04,38,22376,3,5443,29,16511,6,422,15,7403,23,7725,21,15128,California
Amador,2021-04-05,146,22522,53,5496,76,16587,17,439,49,7376,96,7821,69,15197,California
Amador,2021-04-06,505,23027,39,5535,448,17035,18,457,224,7339,279,8100,242,15439,California
Amador,2021-04-07,100,23127,34,5569,47,17082,19,476,43,7346,55,8155,62,15501,California
Amador,2021-04-08,498,23625,84,5653,393,17475,21,497,221,7314,275,8430,243,15744,California
Amador,2021-04-09,483,24108,21,5674,442,17917,20,517,211,7274,271,8701,231,15975,California
Amador,2021-04-10,50,24158,14,5688,27,17944,9,526,22,7277,28,8729,31,16006,California
Amador,2021-04-11,50,24208,25,5713,21,17965,4,530,23,7278,26,8755,27,16033,California
Amador,2021-04-12,98,24306,26,5739,62,18027,10,540,42,7274,56,8811,52,16085,California
Amador,2021-04-13,346,24652,49,5788,297,18324,0,540,66,7063,278,9089,67,16152,California
Amador,2021-04-14,280,24932,26,5814,254,18578,0,540,56,6899,221,9310,57,16209,California
Amador,2021-04-15,342,25274,78,5892,264,18842,0,540,73,6714,258,9568,73,16282,California
Amador,2021-04-16,482,25756,29,5921,453,19295,0,540,381,6999,100,9668,385,16667,California
Amador,2021-04-17,62,25818,34,5955,28,19323,0,540,26,6989,36,9704,26,16693,California
Amador,2021-04-18,28,25846,8,5963,20,19343,0,540,12,6987,15,9719,13,16706,California
Amador,2021-04-19,69,25915,27,5990,42,19385,0,540,30,6981,38,9757,32,16738,California
Amador,2021-04-20,437,26352,55,6045,382,19767,0,540,110,6773,320,10077,112,16850,California
Amador,2021-04-21,88,26440,34,6079,53,19820,1,541,44,6776,42,10119,45,16895,California
Amador,2021-04-22,507,26947,78,6157,428,20248,1,542,99,6490,390,10509,104,16999,California
Amador,2021-04-23,363,27310,47,6204,316,20564,0,542,285,6704,73,10582,287,17286,California
Amador,2021-04-24,50,27360,25,6229,25,20589,0,542,29,6713,20,10602,29,17315,California
Amador,2021-04-25,41,27401,19,6248,22,20611,0,542,29,6730,12,10614,29,17344,California
Amador,2021-04-26,92,27493,27,6275,64,20675,1,543,43,6728,48,10662,46,17390,California
Amador,2021-04-27,501,27994,44,6319,456,21131,1,544,91,6415,406,11068,93,17483,California
Amador,2021-04-28,69,28063,29,6348,37,21168,3,547,41,6431,28,11096,44,17527,California
Amador,2021-04-29,224,28287,69,6417,46,21214,109,656,65,6445,159,11255,173,17700,California
Amador,2021-04-30,342,28629,27,6444,311,21525,4,660,89,6292,253,11508,100,17800,California
Amador,2021-05-01,43,28672,15,6459,23,21548,5,665,22,6300,19,11527,27,17827,California
Amador,2021-05-02,28,28700,14,6473,11,21559,3,668,11,6298,17,11544,15,17842,California
Amador,2021-05-03,68,28768,34,6507,24,21583,10,678,27,6294,41,11585,37,17879,California
Amador,2021-05-04,467,29235,28,6535,432,22015,7,685,68,5970,399,11984,75,17954,California
Amador,2021-05-05,205,29440,152,6687,44,22059,9,694,162,6099,40,12024,169,18123,California
Amador,2021-05-06,110,29550,56,6743,49,22108,5,699,63,6122,45,12069,68,18191,California
Amador,2021-05-07,126,29676,29,6772,90,22198,7,706,66,6135,60,12129,73,18264,California
Amador,2021-05-08,41,29717,8,6780,30,22228,3,709,20,6137,21,12150,23,18287,California
Amador,2021-05-09,16,29733,1,6781,9,22237,6,715,4,6135,12,12162,10,18297,California
Amador,2021-05-10,62,29795,15,6796,44,22281,3,718,26,6128,36,12198,29,18326,California
Amador,2021-05-11,102,29897,34,6830,42,22323,26,744,45,6142,57,12255,71,18397,California
Amador,2021-05-12,69,29966,25,6855,41,22364,3,747,32,6140,37,12292,35,18432,California
Amador,2021-05-13,77,30043,40,6895,31,22395,6,753,37,6144,39,12331,43,18475,California
Amador,2021-05-14,399,30442,38,6933,357,22752,4,757,88,5928,310,12641,94,18569,California
Amador,2021-05-15,51,30493,20,6953,21,22773,10,767,23,5934,28,12669,34,18603,California
Amador,2021-05-16,38,30531,15,6968,23,22796,0,767,17,5930,21,12690,17,18620,California
Amador,2021-05-17,75,30606,22,6990,51,22847,2,769,35,5929,39,12729,38,18658,California
Amador,2021-05-18,252,30858,172,7162,45,22892,35,804,167,6047,84,12813,202,18860,California
Amador,2021-05-19,75,30933,24,7186,47,22939,4,808,35,6049,39,12852,41,18901,California
Amador,2021-05-20,88,31021,46,7232,37,22976,5,813,29,6025,58,12910,34,18935,California
Amador,2021-05-21,273,31294,29,7261,242,23218,2,815,39,5832,234,13144,41,18976,California
Amador,2021-05-22,47,31341,16,7277,26,23244,5,820,13,5817,34,13178,19,18995,California
Amador,2021-05-23,27,31368,5,7282,19,23263,3,823,5,5803,22,13200,8,19003,California
Amador,2021-05-24,89,31457,30,7312,47,23310,12,835,40,5806,49,13249,52,19055,California
Amador,2021-05-25,139,31596,87,7399,27,23337,25,860,80,5854,57,13306,105,19160,California
Amador,2021-05-26,205,31801,161,7560,37,23374,7,867,40,5736,164,13470,46,19206,California
Amador,2021-05-27,81,31882,36,7596,36,23410,9,876,30,5724,51,13521,39,19245,California
Amador,2021-05-28,69,31951,26,7622,39,23449,4,880,29,5717,40,13561,33,19278,California
Amador,2021-05-29,26,31977,2,7624,21,23470,3,883,10,5714,16,13577,13,19291,California
Amador,2021-05-30,19,31996,5,7629,8,23478,6,889,5,5711,14,13591,11,19302,California
Amador,2021-05-31,10,32006,0,7629,9,23487,1,890,2,5706,8,13599,3,19305,California
Amador,2021-06-01,96,32102,67,7696,24,23511,5,895,43,5702,52,13651,48,19353,California
Amador,2021-06-02,47,32149,17,7713,22,23533,8,903,17,5698,30,13681,26,19379,California
Amador,2021-06-03,59,32208,26,7739,28,23561,5,908,19,5683,39,13720,24,19403,California
Amador,2021-06-04,101,32309,22,7761,58,23619,21,929,23,5649,78,13798,44,19447,California
Amador,2021-06-05,39,32348,16,7777,20,23639,3,932,4,5621,35,13833,7,19454,California
Amador,2021-06-06,18,32366,8,7785,9,23648,1,933,8,5620,10,13843,9,19463,California
Amador,2021-06-07,45,32411,18,7803,23,23671,4,937,17,5613,28,13871,21,19484,California
Amador,2021-06-08,176,32587,140,7943,25,23696,11,948,55,5560,120,13991,67,19551,California
Amador,2021-06-09,48,32635,19,7962,20,23716,9,957,12,5545,36,14027,21,19572,California
Amador,2021-06-10,54,32689,22,7984,20,23736,12,969,19,5541,35,14062,31,19603,California
Amador,2021-06-11,56,32745,17,8001,34,23770,5,974,17,5524,39,14101,22,19625,California
Amador,2021-06-12,22,32767,9,8010,11,23781,2,976,8,5521,13,14114,10,19635,California
Amador,2021-06-13,9,32776,2,8012,6,23787,1,977,2,5517,7,14121,3,19638,California
Amador,2021-06-14,47,32823,24,8036,20,23807,3,980,14,5501,33,14154,17,19655,California
Amador,2021-06-15,42,32865,11,8047,19,23826,12,992,17,5505,25,14179,29,19684,California
Amador,2021-06-16,75,32940,34,8081,31,23857,10,1002,34,5508,41,14220,44,19728,California
Amador,2021-06-17,47,32987,23,8104,20,23877,4,1006,28,5522,18,14238,32,19760,California
Amador,2021-06-18,155,33142,119,8223,29,23906,7,1013,62,5498,93,14331,69,19829,California
Amador,2021-06-19,31,33173,8,8231,15,23921,8,1021,11,5498,20,14351,20,19849,California
Amador,2021-06-20,8,33181,6,8237,1,23922,1,1022,3,5497,5,14356,4,19853,California
Amador,2021-06-21,46,33227,14,8251,23,23945,9,1031,15,5490,31,14387,24,19877,California
Amador,2021-06-22,48,33275,28,8279,18,23963,2,1033,35,5514,13,14400,37,19914,California
Amador,2021-06-23,29,33304,18,8297,11,23974,0,1033,21,5527,8,14408,21,19935,California
Amador,2021-06-24,33,33337,17,8314,12,23986,4,1037,24,5547,8,14416,28,19963,California
Amador,2021-06-25,36,33373,26,8340,7,23993,3,1040,30,5575,6,14422,34,19997,California
Amador,2021-06-26,6,33379,3,8343,2,23995,1,1041,5,5580,1,14423,6,20003,California
Amador,2021-06-27,10,33389,6,8349,4,23999,0,1041,4,5578,6,14429,4,20007,California
Butte,2020-12-16,3,3,3,3,0,0,0,0,3,3,0,0,3,3,California
Butte,2020-12-17,21,24,21,24,0,0,0,0,21,24,0,0,21,24,California
Butte,2020-12-18,51,75,51,75,0,0,0,0,51,75,0,0,51,75,California
Butte,2020-12-19,7,82,7,82,0,0,0,0,7,82,0,0,7,82,California
Butte,2020-12-20,10,92,10,92,0,0,0,0,10,92,0,0,10,92,California
Butte,2020-12-21,631,723,631,723,0,0,0,0,631,723,0,0,631,723,California
Butte,2020-12-22,619,1342,617,1340,2,2,0,0,619,1342,0,0,619,1342,California
Butte,2020-12-23,877,2219,861,2201,16,18,0,0,877,2219,0,0,877,2219,California
Butte,2020-12-24,159,2378,155,2356,4,22,0,0,159,2378,0,0,159,2378,California
Butte,2020-12-26,91,2469,89,2445,2,24,0,0,91,2469,0,0,91,2469,California
Butte,2020-12-27,35,2504,34,2479,1,25,0,0,35,2504,0,0,35,2504,California
Butte,2020-12-28,279,2783,273,2752,6,31,0,0,279,2783,0,0,279,2783,California
Butte,2020-12-29,205,2988,181,2933,24,55,0,0,205,2988,0,0,205,2988,California
Butte,2020-12-30,513,3501,291,3224,222,277,0,0,513,3501,0,0,513,3501,California
Butte,2020-12-31,213,3714,18,3242,195,472,0,0,213,3714,0,0,213,3714,California
Butte,2021-01-01,13,3727,5,3247,8,480,0,0,13,3727,0,0,13,3727,California
Butte,2021-01-02,40,3767,37,3284,3,483,0,0,40,3767,0,0,40,3767,California
Butte,2021-01-03,3,3770,0,3284,3,486,0,0,3,3770,0,0,3,3770,California
Butte,2021-01-04,208,3978,175,3459,33,519,0,0,208,3978,0,0,208,3978,California
Butte,2021-01-05,197,4175,152,3611,45,564,0,0,196,4173,1,1,196,4174,California
Butte,2021-01-06,625,4800,395,4006,230,794,0,0,620,4789,5,6,621,4795,California
Butte,2021-01-07,763,5563,369,4375,394,1188,0,0,743,5512,20,26,743,5538,California
Butte,2021-01-08,673,6236,531,4906,142,1330,0,0,626,6091,47,73,626,6164,California
Butte,2021-01-09,13,6249,8,4914,5,1335,0,0,7,6092,6,79,7,6171,California
Butte,2021-01-10,19,6268,5,4919,14,1349,0,0,14,6101,5,84,14,6185,California
Butte,2021-01-11,983,7251,947,5866,36,1385,0,0,356,5833,627,711,359,6544,California
Butte,2021-01-12,700,7951,655,6521,45,1430,0,0,276,5685,424,1135,276,6820,California
Butte,2021-01-13,1571,9522,1076,7597,495,1925,0,0,728,5573,842,1977,730,7550,California
Butte,2021-01-14,1637,11159,893,8490,744,2669,0,0,1440,6817,196,2173,1440,8990,California
Butte,2021-01-15,1062,12221,819,9309,243,2912,0,0,953,7660,110,2283,953,9943,California
Butte,2021-01-16,588,12809,301,9610,287,3199,0,0,543,8158,45,2328,543,10486,California
Butte,2021-01-17,240,13049,65,9675,175,3374,0,0,202,8322,38,2366,202,10688,California
Butte,2021-01-18,347,13396,305,9980,42,3416,0,0,279,8534,67,2433,279,10967,California
Butte,2021-01-19,495,13891,433,10413,62,3478,0,0,223,8485,272,2705,223,11190,California
Butte,2021-01-20,1395,15286,710,11123,685,4163,0,0,1092,9274,303,3008,1092,12282,California
Butte,2021-01-21,1494,16780,883,12006,611,4774,0,0,1386,10553,107,3115,1386,13668,California
Butte,2021-01-22,1141,17921,483,12489,658,5432,0,0,1087,11586,54,3169,1087,14755,California
Butte,2021-01-23,128,18049,85,12574,43,5475,0,0,103,11664,25,3194,103,14858,California
Butte,2021-01-24,8,18057,6,12580,2,5477,0,0,8,11672,0,3194,8,14866,California
Butte,2021-01-25,661,18718,338,12918,323,5800,0,0,498,12007,163,3357,498,15364,California
Butte,2021-01-26,1475,20193,378,13296,1097,6897,0,0,1338,13208,137,3494,1338,16702,California
Butte,2021-01-27,2108,22301,706,14002,1402,8299,0,0,1373,13847,734,4228,1373,18075,California
Butte,2021-01-28,2268,24569,261,14263,2007,10306,0,0,1956,15492,311,4539,1956,20031,California
Butte,2021-01-29,1693,26262,490,14753,1203,11509,0,0,1312,16425,379,4918,1312,21343,California
Butte,2021-01-30,32,26294,9,14762,23,11532,0,0,30,16453,2,4920,30,21373,California
Butte,2021-01-31,16,26310,14,14776,2,11534,0,0,15,16467,1,4921,15,21388,California
Butte,2021-02-01,1760,28070,405,15181,1355,12889,0,0,1367,17445,389,5310,1367,22755,California
Butte,2021-02-02,1939,30009,363,15544,1576,14465,0,0,1636,18777,304,5614,1636,24391,California
Butte,2021-02-03,2755,32764,780,16324,1975,16440,0,0,1856,19736,897,6511,1856,26247,California
Butte,2021-02-04,2978,35742,325,16649,2653,19093,0,0,2416,21593,559,7070,2416,28663,California
Butte,2021-02-05,1279,37021,670,17319,609,19702,0,0,554,21423,725,7795,555,29218,California
Butte,2021-02-06,150,37171,105,17424,45,19747,0,0,65,21403,85,7880,65,29283,California
Butte,2021-02-07,39,37210,35,17459,4,19751,0,0,14,21392,25,7905,14,29297,California
Butte,2021-02-08,699,37909,547,18006,152,19903,0,0,240,21174,458,8363,240,29537,California
Butte,2021-02-09,955,38864,460,18466,495,20398,0,0,724,21667,231,8594,724,30261,California
Butte,2021-02-10,1709,40573,1190,19656,519,20917,0,0,652,21264,1055,9649,652,30913,California
Butte,2021-02-11,2205,42778,1346,21002,859,21776,0,0,990,21039,1215,10864,990,31903,California
Butte,2021-02-12,1000,43778,435,21437,565,22341,0,0,322,20684,677,11541,322,32225,California
Butte,2021-02-13,250,44028,43,21480,207,22548,0,0,149,20732,101,11642,149,32374,California
Butte,2021-02-14,164,44192,10,21490,154,22702,0,0,158,20884,6,11648,158,32532,California
Butte,2021-02-15,263,44455,49,21539,214,22916,0,0,196,21013,67,11715,196,32728,California
Butte,2021-02-16,737,45192,435,21974,302,23218,0,0,280,20835,458,12173,280,33008,California
Butte,2021-02-17,1523,46715,852,22826,671,23889,0,0,845,21004,676,12849,845,33853,California
Butte,2021-02-18,1570,48285,769,23595,801,24690,0,0,757,20948,813,13662,757,34610,California
Butte,2021-02-19,1171,49456,391,23986,780,25470,0,0,400,20584,764,14426,400,35010,California
Butte,2021-02-20,485,49941,33,24019,452,25922,0,0,126,20352,358,14784,126,35136,California
Butte,2021-02-21,18,49959,16,24035,2,25924,0,0,13,20360,5,14789,13,35149,California
Butte,2021-02-22,1506,51465,295,24330,1211,27135,0,0,376,19610,1126,15915,376,35525,California
Butte,2021-02-23,1639,53104,296,24626,1343,28478,0,0,465,18907,1168,17083,465,35990,California
Butte,2021-02-24,2140,55244,597,25223,1543,30021,0,0,724,18223,1408,18491,724,36714,California
Butte,2021-02-25,2080,57324,577,25800,1503,31524,0,0,653,17456,1421,19912,654,37368,California
Butte,2021-02-26,924,58248,310,26110,614,32138,0,0,399,17334,521,20433,399,37767,California
Butte,2021-02-27,241,58489,50,26160,191,32329,0,0,189,17473,50,20483,189,37956,California
Butte,2021-02-28,143,58632,17,26177,126,32455,0,0,135,17600,8,20491,135,38091,California
Butte,2021-03-01,1642,60274,182,26359,1459,33914,1,1,338,16640,1299,21790,339,38430,California
Butte,2021-03-02,1753,62027,201,26560,1552,35466,0,1,306,15504,1442,23232,306,38736,California
Butte,2021-03-03,2795,64822,856,27416,1939,37405,0,1,481,13677,2308,25540,481,39217,California
Butte,2021-03-04,3157,67979,683,28099,2474,39879,0,1,628,11778,2527,28067,628,39845,California
Butte,2021-03-05,1360,69339,620,28719,739,40618,1,2,736,11895,620,28687,737,40582,California
Butte,2021-03-06,250,69589,27,28746,200,40818,23,25,187,12043,62,28749,210,40792,California
Butte,2021-03-07,56,69645,3,28749,36,40854,17,42,31,12066,25,28774,48,40840,California
Butte,2021-03-08,1273,70918,131,28880,1064,41918,78,120,1103,13080,167,28941,1181,42021,California
Butte,2021-03-09,1908,72826,284,29164,1522,43440,102,222,1413,14104,491,29432,1515,43536,California
Butte,2021-03-10,2325,75151,972,30136,1253,44693,100,322,1581,15047,738,30170,1681,45217,California
Butte,2021-03-11,2817,77968,1322,31458,1367,46060,128,450,1979,16327,827,30997,2107,47324,California
Butte,2021-03-12,1165,79133,333,31791,465,46525,367,817,355,16245,804,31801,722,48046,California
Butte,2021-03-13,274,79407,70,31861,143,46668,61,878,65,16161,209,32010,125,48171,California
Butte,2021-03-14,164,79571,16,31877,106,46774,42,920,21,16082,142,32152,63,48234,California
Butte,2021-03-15,1739,81310,358,32235,1087,47861,294,1214,1145,16936,585,32737,1439,49673,California
Butte,2021-03-16,1668,82978,431,32666,1158,49019,79,1293,1110,17571,553,33290,1188,50861,California
Butte,2021-03-17,1961,84939,1358,34024,522,49541,81,1374,1139,17976,814,34104,1219,52080,California
Butte,2021-03-18,1813,86752,1464,35488,220,49761,129,1503,1063,18423,744,34848,1191,53271,California
Butte,2021-03-19,697,87449,312,35800,301,50062,84,1587,344,18507,344,35192,428,53699,California
Butte,2021-03-20,209,87658,31,35831,161,50223,17,1604,97,18509,112,35304,114,53813,California
Butte,2021-03-21,73,87731,40,35871,4,50227,29,1633,25,18517,46,35350,54,53867,California
Butte,2021-03-22,1506,89237,372,36243,1039,51266,95,1728,1239,19585,265,35615,1333,55200,California
Butte,2021-03-23,1860,91097,523,36766,1223,52489,114,1842,1507,20857,349,35964,1621,56821,California
Butte,2021-03-24,2267,93364,1270,38036,871,53360,126,1968,1713,22146,549,36513,1838,58659,California
Butte,2021-03-25,1486,94850,1200,39236,194,53554,92,2060,1018,22792,464,36977,1110,59769,California
Butte,2021-03-26,1213,96063,442,39678,524,54078,247,2307,563,22959,643,37620,810,60579,California
Butte,2021-03-27,304,96367,85,39763,195,54273,24,2331,135,22950,166,37786,157,60736,California
Butte,2021-03-28,229,96596,45,39808,176,54449,8,2339,103,22937,123,37909,110,60846,California
Butte,2021-03-29,1762,98358,381,40189,1311,55760,70,2409,1341,23932,416,38325,1411,62257,California
Butte,2021-03-30,1037,99395,471,40660,476,56236,90,2499,490,23971,541,38866,580,62837,California
Butte,2021-03-31,1777,101172,1302,41962,408,56644,67,2566,1084,24436,686,39552,1151,63988,California
Butte,2021-04-01,3339,104511,2713,44675,497,57141,129,2695,2262,25757,1070,40622,2391,66379,California
Butte,2021-04-02,1008,105519,422,45097,465,57606,121,2816,568,26012,432,41054,687,67066,California
Butte,2021-04-03,346,105865,47,45144,225,57831,74,2890,164,26068,182,41236,238,67304,California
Butte,2021-04-04,189,106054,25,45169,141,57972,23,2913,110,26124,77,41313,133,67437,California
Butte,2021-04-05,1972,108026,420,45589,1381,59353,171,3084,595,25520,1368,42681,764,68201,California
Butte,2021-04-06,2216,110242,620,46209,1173,60526,423,3507,804,25342,1403,44084,1225,69426,California
Butte,2021-04-07,3041,113283,1322,47531,1326,61852,393,3900,716,24132,2319,46403,1109,70535,California
Butte,2021-04-08,2754,116037,1202,48733,1283,63135,269,4169,459,22568,2292,48695,728,71263,California
Butte,2021-04-09,1378,117415,354,49087,542,63677,482,4651,330,22331,1044,49739,807,72070,California
Butte,2021-04-10,228,117643,48,49135,80,63757,100,4751,102,22407,125,49864,201,72271,California
Butte,2021-04-11,107,117750,44,49179,53,63810,10,4761,83,22477,23,49887,93,72364,California
Butte,2021-04-12,1415,119165,315,49494,966,64776,134,4895,234,21664,1181,51068,368,72732,California
Butte,2021-04-13,1654,120819,574,50068,1074,65850,6,4901,345,20713,1302,52370,351,73083,California
Butte,2021-04-14,2852,123671,2359,52427,493,66343,0,4901,1326,20519,1521,53891,1327,74410,California
Butte,2021-04-15,646,124317,397,52824,249,66592,0,4901,484,20846,157,54048,484,74894,California
Butte,2021-04-16,816,125133,419,53243,397,66989,0,4901,482,20996,332,54380,482,75376,California
Butte,2021-04-17,346,125479,62,53305,284,67273,0,4901,242,21136,102,54482,242,75618,California
Butte,2021-04-18,57,125536,23,53328,34,67307,0,4901,44,21167,13,54495,44,75662,California
Butte,2021-04-19,1565,127101,383,53711,1182,68489,0,4901,418,20441,1144,55639,418,76080,California
Butte,2021-04-20,2031,129132,765,54476,1266,69755,0,4901,759,19936,1264,56903,759,76839,California
Butte,2021-04-21,2110,131242,1227,55703,883,70638,0,4901,487,18807,1616,58519,487,77326,California
Butte,2021-04-22,2271,133513,1986,57689,285,70923,0,4901,626,17793,1640,60159,626,77952,California
Butte,2021-04-23,972,134485,474,58163,498,71421,0,4901,492,17806,479,60638,492,78444,California
Butte,2021-04-24,347,134832,137,58300,210,71631,0,4901,191,17841,156,60794,191,78635,California
Butte,2021-04-25,174,135006,69,58369,105,71736,0,4901,65,17797,109,60903,65,78700,California
Butte,2021-04-26,1575,136581,470,58839,1100,72836,5,4906,410,17052,1160,62063,415,79115,California
Butte,2021-04-27,1035,137616,695,59534,313,73149,27,4933,588,17226,442,62505,616,79731,California
Butte,2021-04-28,1429,139045,975,60509,429,73578,25,4958,510,16846,915,63420,535,80266,California
Butte,2021-04-29,914,139959,569,61078,320,73898,25,4983,312,16587,596,64016,337,80603,California
Butte,2021-04-30,924,140883,417,61495,486,74384,21,5004,466,16622,451,64467,486,81089,California
Butte,2021-05-01,243,141126,64,61559,158,74542,21,5025,72,16544,168,64635,90,81179,California
Butte,2021-05-02,151,141277,63,61622,75,74617,13,5038,43,16492,108,64743,56,81235,California
Butte,2021-05-03,635,141912,257,61879,347,74964,31,5069,177,16252,448,65191,208,81443,California
Butte,2021-05-04,848,142760,343,62222,473,75437,32,5101,223,15887,619,65810,254,81697,California
Butte,2021-05-05,1373,144133,1120,63342,215,75652,38,5139,292,15142,1075,66885,330,82027,California
Butte,2021-05-06,965,145098,701,64043,225,75877,39,5178,366,14951,596,67481,405,82432,California
Butte,2021-05-07,582,145680,311,64354,235,76112,36,5214,297,15001,282,67763,332,82764,California
Butte,2021-05-08,189,145869,53,64407,125,76237,11,5225,92,15008,96,67859,103,82867,California
Butte,2021-05-09,104,145973,27,64434,74,76311,3,5228,55,15017,49,67908,58,82925,California
Butte,2021-05-10,534,146507,316,64750,173,76484,45,5273,213,14957,318,68226,258,83183,California
Butte,2021-05-11,914,147421,660,65410,194,76678,60,5333,295,14696,616,68842,355,83538,California
Butte,2021-05-12,784,148205,483,65893,254,76932,47,5380,335,14634,444,69286,382,83920,California
Butte,2021-05-13,942,149147,622,66515,255,77187,65,5445,345,14456,586,69872,408,84328,California
Butte,2021-05-14,867,150014,541,67056,293,77480,33,5478,377,14378,487,70359,409,84737,California
Butte,2021-05-15,504,150518,244,67300,226,77706,34,5512,237,14383,266,70625,271,85008,California
Butte,2021-05-16,168,150686,82,67382,68,77774,18,5530,98,14430,69,70694,116,85124,California
Butte,2021-05-17,767,151453,494,67876,224,77998,49,5579,328,14371,435,71129,376,85500,California
Butte,2021-05-18,1067,152520,734,68610,284,78282,49,5628,474,14307,587,71716,523,86023,California
Butte,2021-05-19,827,153347,536,69146,247,78529,44,5672,322,14172,500,72216,365,86388,California
Butte,2021-05-20,984,154331,659,69805,215,78744,110,5782,383,14066,598,72814,492,86880,California
Butte,2021-05-21,891,155222,544,70349,321,79065,26,5808,293,13790,594,73408,318,87198,California
Butte,2021-05-22,297,155519,137,70486,145,79210,15,5823,143,13796,151,73559,157,87355,California
Butte,2021-05-23,131,155650,82,70568,48,79258,1,5824,79,13824,52,73611,80,87435,California
Butte,2021-05-24,353,156003,165,70733,138,79396,50,5874,177,13876,174,73785,226,87661,California
Butte,2021-05-25,700,156703,449,71182,215,79611,36,5910,343,13905,350,74135,379,88040,California
Butte,2021-05-26,562,157265,180,71362,359,79970,23,5933,243,13859,311,74446,265,88305,California
Butte,2021-05-27,863,158128,622,71984,223,80193,18,5951,420,13860,438,74884,439,88744,California
Butte,2021-05-28,519,158647,140,72124,300,80493,79,6030,211,13845,305,75189,290,89034,California
Butte,2021-05-29,224,158871,116,72240,96,80589,12,6042,143,13919,81,75270,155,89189,California
Butte,2021-05-30,107,158978,56,72296,51,80640,0,6042,59,13930,48,75318,59,89248,California
Butte,2021-05-31,44,159022,23,72319,18,80658,3,6045,25,13939,19,75337,28,89276,California
Butte,2021-06-01,677,159699,427,72746,214,80872,36,6081,253,13808,420,75757,289,89565,California
Butte,2021-06-02,819,160518,566,73312,208,81080,45,6126,351,13739,464,76221,395,89960,California
Butte,2021-06-03,624,161142,420,73732,187,81267,17,6143,206,13547,415,76636,223,90183,California
Butte,2021-06-04,482,161624,275,74007,179,81446,28,6171,146,13392,329,76965,174,90357,California
Butte,2021-06-05,321,161945,208,74215,93,81539,20,6191,97,13287,222,77187,117,90474,California
Butte,2021-06-06,134,162079,99,74314,33,81572,2,6193,32,13220,101,77288,34,90508,California
Butte,2021-06-07,402,162481,258,74572,115,81687,29,6222,168,13184,233,77521,197,90705,California
Butte,2021-06-08,648,163129,467,75039,163,81850,18,6240,177,12920,460,77981,196,90901,California
Butte,2021-06-09,432,163561,295,75334,118,81968,19,6259,145,12803,281,78262,164,91065,California
Butte,2021-06-10,632,164193,449,75783,151,82119,32,6291,234,12671,396,78658,264,91329,California
Butte,2021-06-11,444,164637,264,76047,159,82278,21,6312,148,12546,294,78952,169,91498,California
Butte,2021-06-12,253,164890,155,76202,88,82366,10,6322,76,12456,176,79128,86,91584,California
Butte,2021-06-13,97,164987,64,76266,30,82396,3,6325,20,12402,77,79205,23,91607,California
Butte,2021-06-14,387,165374,232,76498,135,82531,20,6345,136,12309,250,79455,157,91764,California
Butte,2021-06-15,547,165921,384,76882,137,82668,26,6371,161,12116,380,79835,187,91951,California
Butte,2021-06-16,418,166339,257,77139,116,82784,45,6416,170,12085,245,80080,214,92165,California
Butte,2021-06-17,580,166919,432,77571,121,82905,27,6443,179,11891,400,80480,206,92371,California
Butte,2021-06-18,407,167326,203,77774,151,83056,53,6496,158,11852,247,80727,208,92579,California
Butte,2021-06-19,207,167533,153,77927,49,83105,5,6501,92,11834,115,80842,97,92676,California
Butte,2021-06-20,93,167626,68,77995,25,83130,0,6501,24,11789,69,80911,24,92700,California
Butte,2021-06-21,276,167902,163,78158,91,83221,22,6523,131,11799,143,81054,153,92853,California
Butte,2021-06-22,421,168323,274,78432,121,83342,26,6549,151,11710,266,81320,177,93030,California
Butte,2021-06-23,440,168763,330,78762,89,83431,21,6570,160,11611,279,81599,180,93210,California
Butte,2021-06-24,413,169176,281,79043,105,83536,27,6597,151,11527,261,81860,177,93387,California
Butte,2021-06-25,406,169582,199,79242,184,83720,23,6620,151,11447,254,82114,174,93561,California
Butte,2021-06-26,119,169701,83,79325,34,83754,2,6622,50,11430,69,82183,52,93613,California
Butte,2021-06-27,57,169758,32,79357,24,83778,1,6623,17,11408,40,82223,18,93631,California
Calaveras,2020-12-16,5,5,5,5,0,0,0,0,5,5,0,0,5,5,California
Calaveras,2020-12-17,3,8,3,8,0,0,0,0,3,8,0,0,3,8,California
Calaveras,2020-12-18,39,47,39,47,0,0,0,0,39,47,0,0,39,47,California
Calaveras,2020-12-19,3,50,3,50,0,0,0,0,3,50,0,0,3,50,California
Calaveras,2020-12-20,4,54,4,54,0,0,0,0,4,54,0,0,4,54,California
Calaveras,2020-12-21,54,108,47,101,7,7,0,0,54,108,0,0,54,108,California
Calaveras,2020-12-22,81,189,77,178,4,11,0,0,82,190,0,0,82,190,California
Calaveras,2020-12-23,76,265,74,252,2,13,0,0,76,266,0,0,76,266,California
Calaveras,2020-12-24,2,267,2,254,0,13,0,0,2,268,0,0,2,268,California
Calaveras,2020-12-26,3,270,3,257,0,13,0,0,3,271,0,0,3,271,California
Calaveras,2020-12-28,21,291,17,274,4,17,0,0,20,290,1,1,20,291,California
Calaveras,2020-12-29,160,451,138,412,22,39,0,0,160,450,0,1,160,451,California
Calaveras,2020-12-30,94,545,82,494,12,51,0,0,94,544,0,1,94,545,California
Calaveras,2020-12-31,37,582,26,520,11,62,0,0,37,581,0,1,37,582,California
Calaveras,2021-01-02,11,593,11,531,0,62,0,0,11,592,0,1,11,593,California
Calaveras,2021-01-03,10,603,4,535,6,68,0,0,10,602,0,1,10,603,California
Calaveras,2021-01-04,33,636,5,540,28,96,0,0,33,635,0,1,33,636,California
Calaveras,2021-01-05,41,677,10,550,31,127,0,0,32,663,9,10,37,673,California
Calaveras,2021-01-06,107,784,30,580,77,204,0,0,97,750,10,20,97,770,California
Calaveras,2021-01-07,105,889,26,606,79,283,0,0,92,832,11,31,93,863,California
Calaveras,2021-01-08,69,958,39,645,30,313,0,0,45,855,24,55,47,910,California
Calaveras,2021-01-09,5,963,5,650,0,313,0,0,2,854,3,58,2,912,California
Calaveras,2021-01-10,2,965,0,650,2,315,0,0,2,856,0,58,2,914,California
Calaveras,2021-01-11,65,1030,59,709,6,321,0,0,27,848,37,95,29,943,California
Calaveras,2021-01-12,85,1115,52,761,33,354,0,0,52,868,33,128,53,996,California
Calaveras,2021-01-13,109,1224,45,806,64,418,0,0,75,910,34,162,76,1072,California
Calaveras,2021-01-14,141,1365,44,850,97,515,0,0,108,987,32,194,109,1181,California
Calaveras,2021-01-15,92,1457,28,878,64,579,0,0,72,1039,20,214,72,1253,California
Calaveras,2021-01-16,13,1470,2,880,11,590,0,0,12,1050,1,215,12,1265,California
Calaveras,2021-01-17,9,1479,1,881,8,598,0,0,9,1059,0,215,9,1274,California
Calaveras,2021-01-18,134,1613,20,901,114,712,0,0,119,1167,15,230,123,1397,California
Calaveras,2021-01-19,208,1821,177,1078,31,743,0,0,70,1102,137,367,72,1469,California
Calaveras,2021-01-20,378,2199,82,1160,296,1039,0,0,285,1312,92,459,302,1771,California
Calaveras,2021-01-21,465,2664,42,1202,423,1462,0,0,423,1711,42,501,441,2212,California
Calaveras,2021-01-22,402,3066,23,1225,379,1841,0,0,386,2094,16,517,399,2611,California
Calaveras,2021-01-23,18,3084,8,1233,10,1851,0,0,17,2110,1,518,17,2628,California
Calaveras,2021-01-24,14,3098,8,1241,6,1857,0,0,12,2120,2,520,12,2640,California
Calaveras,2021-01-25,87,3185,7,1248,80,1937,0,0,82,2197,5,525,82,2722,California
Calaveras,2021-01-26,48,3233,16,1264,32,1969,0,0,39,2227,9,534,39,2761,California
Calaveras,2021-01-27,130,3363,46,1310,84,2053,0,0,101,2300,28,562,101,2862,California
Calaveras,2021-01-28,165,3528,25,1335,140,2193,0,0,137,2415,28,590,143,3005,California
Calaveras,2021-01-29,369,3897,13,1348,356,2549,0,0,336,2733,33,623,351,3356,California
Calaveras,2021-01-30,27,3924,10,1358,17,2566,0,0,25,2758,0,623,25,3381,California
Calaveras,2021-01-31,6,3930,4,1362,2,2568,0,0,5,2762,1,624,5,3386,California
Calaveras,2021-02-01,28,3958,12,1374,16,2584,0,0,19,2772,9,633,19,3405,California
Calaveras,2021-02-02,109,4067,22,1396,87,2671,0,0,70,2809,34,667,71,3476,California
Calaveras,2021-02-03,436,4503,44,1440,392,3063,0,0,351,3078,84,751,353,3829,California
Calaveras,2021-02-04,384,4887,25,1465,359,3422,0,0,299,3296,85,836,303,4132,California
Calaveras,2021-02-05,79,4966,22,1487,57,3479,0,0,40,3299,39,875,42,4174,California
Calaveras,2021-02-06,22,4988,12,1499,10,3489,0,0,22,3321,0,875,22,4196,California
Calaveras,2021-02-07,5,4993,1,1500,4,3493,0,0,2,3321,2,877,2,4198,California
Calaveras,2021-02-08,41,5034,19,1519,22,3515,0,0,33,3348,6,883,33,4231,California
Calaveras,2021-02-09,192,5226,76,1595,116,3631,0,0,129,3417,61,944,130,4361,California
Calaveras,2021-02-10,516,5742,32,1627,484,4115,0,0,442,3793,74,1018,450,4811,California
Calaveras,2021-02-11,587,6329,84,1711,503,4618,0,0,468,4157,116,1134,480,5291,California
Calaveras,2021-02-12,570,6899,324,2035,246,4864,0,0,486,4570,82,1216,495,5786,California
Calaveras,2021-02-13,200,7099,45,2080,155,5019,0,0,185,4740,15,1231,185,5971,California
Calaveras,2021-02-14,223,7322,71,2151,152,5171,0,0,207,4933,14,1245,207,6178,California
Calaveras,2021-02-15,383,7705,24,2175,359,5530,0,0,261,5078,118,1363,263,6441,California
Calaveras,2021-02-16,269,7974,145,2320,124,5654,0,0,231,5274,38,1401,234,6675,California
Calaveras,2021-02-17,514,8488,40,2360,474,6128,0,0,206,5195,291,1692,212,6887,California
Calaveras,2021-02-18,499,8987,92,2452,407,6535,0,0,95,4911,380,2072,96,6983,California
Calaveras,2021-02-19,440,9427,43,2495,397,6932,0,0,97,4681,328,2400,98,7081,California
Calaveras,2021-02-20,58,9485,15,2510,43,6975,0,0,48,4719,10,2410,48,7129,California
Calaveras,2021-02-21,25,9510,15,2525,10,6985,0,0,18,4731,6,2416,18,7147,California
Calaveras,2021-02-22,62,9572,38,2563,24,7009,0,0,33,4735,29,2445,33,7180,California
Calaveras,2021-02-23,128,9700,43,2606,85,7094,0,0,90,4790,38,2483,93,7273,California
Calaveras,2021-02-24,97,9797,48,2654,49,7143,0,0,67,4828,29,2512,67,7340,California
Calaveras,2021-02-25,554,10351,102,2756,452,7595,0,0,355,5000,191,2703,363,7703,California
Calaveras,2021-02-26,778,11129,45,2801,733,8328,0,0,411,5070,343,3046,413,8116,California
Calaveras,2021-02-27,204,11333,23,2824,181,8509,0,0,180,5226,24,3070,180,8296,California
Calaveras,2021-02-28,96,11429,15,2839,81,8590,0,0,91,5312,5,3075,91,8387,California
Calaveras,2021-03-01,244,11673,46,2885,198,8788,0,0,151,5376,89,3164,153,8540,California
Calaveras,2021-03-02,254,11927,100,2985,154,8942,0,0,205,5538,46,3210,208,8748,California
Calaveras,2021-03-03,561,12488,106,3091,455,9397,0,0,218,5420,337,3547,219,8967,California
Calaveras,2021-03-04,748,13236,70,3161,677,10074,1,1,349,5385,390,3937,355,9322,California
Calaveras,2021-03-05,455,13691,271,3432,180,10254,4,5,141,5228,302,4239,145,9467,California
Calaveras,2021-03-06,154,13845,42,3474,106,10360,6,11,113,5307,41,4280,120,9587,California
Calaveras,2021-03-07,76,13921,32,3506,37,10397,7,18,35,5308,41,4321,42,9629,California
Calaveras,2021-03-08,166,14087,29,3535,129,10526,8,26,130,5412,35,4356,139,9768,California
Calaveras,2021-03-09,369,14456,138,3673,225,10751,6,32,32,5119,331,4687,38,9806,California
Calaveras,2021-03-10,431,14887,35,3708,393,11144,3,35,58,4818,363,5050,62,9868,California
Calaveras,2021-03-11,869,15756,435,4143,421,11565,13,48,432,4842,423,5473,447,10315,California
Calaveras,2021-03-12,422,16178,221,4364,191,11756,10,58,322,5086,99,5572,343,10658,California
Calaveras,2021-03-13,188,16366,18,4382,162,11918,8,66,138,5188,48,5620,150,10808,California
Calaveras,2021-03-14,156,16522,11,4393,144,12062,1,67,18,5075,138,5758,25,10833,California
Calaveras,2021-03-15,333,16855,50,4443,258,12320,25,92,54,4880,278,6036,83,10916,California
Calaveras,2021-03-16,691,17546,554,4997,117,12437,20,112,546,5303,143,6179,566,11482,California
Calaveras,2021-03-17,288,17834,53,5050,221,12658,14,126,53,5142,229,6408,68,11550,California
Calaveras,2021-03-18,666,18500,570,5620,80,12738,16,142,547,5589,119,6527,566,12116,California
Calaveras,2021-03-19,233,18733,50,5670,109,12847,74,216,59,5550,170,6697,131,12247,California
Calaveras,2021-03-20,80,18813,22,5692,57,12904,1,217,22,5516,58,6755,24,12271,California
Calaveras,2021-03-21,47,18860,29,5721,7,12911,11,228,9,5501,37,6792,22,12293,California
Calaveras,2021-03-22,80,18940,36,5757,23,12934,21,249,25,5492,55,6847,46,12339,California
Calaveras,2021-03-23,297,19237,205,5962,82,13016,10,259,116,5449,169,7016,126,12465,California
Calaveras,2021-03-24,136,19373,52,6014,74,13090,10,269,44,5413,90,7106,54,12519,California
Calaveras,2021-03-25,748,20121,105,6119,639,13729,4,273,448,5575,290,7396,452,12971,California
Calaveras,2021-03-26,430,20551,28,6147,396,14125,6,279,89,5334,338,7734,97,13068,California
Calaveras,2021-03-27,211,20762,20,6167,187,14312,4,283,37,5206,171,7905,43,13111,California
Calaveras,2021-03-28,112,20874,12,6179,98,14410,2,285,8,5114,103,8008,11,13122,California
Calaveras,2021-03-29,185,21059,25,6204,157,14567,3,288,59,5054,123,8131,63,13185,California
Calaveras,2021-03-30,540,21599,25,6229,498,15065,17,305,362,5256,177,8308,379,13564,California
Calaveras,2021-03-31,327,21926,143,6372,174,15239,10,315,159,5258,168,8476,170,13734,California
Calaveras,2021-04-01,689,22615,445,6817,243,15482,1,316,182,4948,503,8979,193,13927,California
Calaveras,2021-04-02,397,23012,232,7049,157,15639,8,324,116,4801,274,9253,127,14054,California
Calaveras,2021-04-03,143,23155,34,7083,105,15744,4,328,40,4742,103,9356,44,14098,California
Calaveras,2021-04-04,82,23237,26,7109,56,15800,0,328,50,4760,32,9388,50,14148,California
Calaveras,2021-04-05,212,23449,81,7190,121,15921,10,338,100,4758,112,9500,110,14258,California
Calaveras,2021-04-06,655,24104,575,7765,66,15987,14,352,114,4349,537,10037,128,14386,California
Calaveras,2021-04-07,760,24864,662,8427,61,16048,37,389,619,4867,141,10178,659,15045,California
Calaveras,2021-04-08,947,25811,855,9282,70,16118,22,411,434,4816,510,10688,459,15504,California
Calaveras,2021-04-09,156,25967,59,9341,48,16166,49,460,55,4824,99,10787,107,15611,California
Calaveras,2021-04-10,192,26159,42,9383,131,16297,19,479,148,4949,43,10830,168,15779,California
Calaveras,2021-04-11,70,26229,45,9428,23,16320,2,481,49,4979,21,10851,51,15830,California
Calaveras,2021-04-12,107,26336,46,9474,42,16362,19,500,57,5006,50,10901,77,15907,California
Calaveras,2021-04-13,427,26763,372,9846,55,16417,0,500,366,5315,60,10961,369,16276,California
Calaveras,2021-04-14,184,26947,28,9874,156,16573,0,500,135,5402,49,11010,136,16412,California
Calaveras,2021-04-15,334,27281,283,10157,51,16624,0,500,245,5564,85,11095,247,16659,California
Calaveras,2021-04-16,108,27389,32,10189,76,16700,0,500,50,5564,51,11146,51,16710,California
Calaveras,2021-04-17,332,27721,128,10317,204,16904,0,500,290,5812,42,11188,290,17000,California
Calaveras,2021-04-18,18,27739,5,10322,13,16917,0,500,11,5816,7,11195,11,17011,California
Calaveras,2021-04-19,75,27814,27,10349,48,16965,0,500,44,5832,30,11225,46,17057,California
Calaveras,2021-04-20,271,28085,94,10443,177,17142,0,500,197,5962,68,11293,198,17255,California
Calaveras,2021-04-21,216,28301,145,10588,71,17213,0,500,83,5915,131,11424,84,17339,California
Calaveras,2021-04-22,545,28846,96,10684,449,17662,0,500,143,5661,399,11823,145,17484,California
Calaveras,2021-04-23,159,29005,80,10764,79,17741,0,500,64,5633,92,11915,64,17548,California
Calaveras,2021-04-24,172,29177,37,10801,135,17876,0,500,129,5721,42,11957,130,17678,California
Calaveras,2021-04-25,42,29219,28,10829,14,17890,0,500,21,5723,21,11978,23,17701,California
Calaveras,2021-04-26,119,29338,74,10903,45,17935,0,500,35,5676,83,12061,36,17737,California
Calaveras,2021-04-27,444,29782,74,10977,357,18292,13,513,57,5363,383,12444,70,17807,California
Calaveras,2021-04-28,649,30431,578,11555,40,18332,31,544,55,4864,592,13036,93,17900,California
Calaveras,2021-04-29,518,30949,442,11997,57,18389,19,563,73,4518,443,13479,97,17997,California
Calaveras,2021-04-30,152,31101,61,12058,86,18475,5,568,67,4512,84,13563,78,18075,California
Calaveras,2021-05-01,202,31303,111,12169,88,18563,3,571,134,4586,67,13630,141,18216,California
Calaveras,2021-05-02,53,31356,36,12205,16,18579,1,572,20,4577,31,13661,22,18238,California
Calaveras,2021-05-03,94,31450,69,12274,20,18599,5,577,30,4553,63,13724,39,18277,California
Calaveras,2021-05-04,419,31869,330,12604,52,18651,37,614,44,4261,374,14098,82,18359,California
Calaveras,2021-05-05,113,31982,58,12662,23,18674,32,646,50,4281,61,14159,81,18440,California
Calaveras,2021-05-06,255,32237,194,12856,37,18711,24,670,47,4147,206,14365,72,18512,California
Calaveras,2021-05-07,89,32326,25,12881,58,18769,6,676,58,4180,31,14396,64,18576,California
Calaveras,2021-05-08,290,32616,143,13024,145,18914,2,678,90,4076,196,14592,92,18668,California
Calaveras,2021-05-09,29,32645,12,13036,14,18928,3,681,13,4076,16,14608,16,18684,California
Calaveras,2021-05-10,60,32705,25,13061,34,18962,1,682,28,4076,30,14638,30,18714,California
Calaveras,2021-05-11,136,32841,91,13152,33,18995,12,694,95,4144,40,14678,108,18822,California
Calaveras,2021-05-12,170,33011,48,13200,122,19117,0,694,52,4079,117,14795,52,18874,California
Calaveras,2021-05-13,121,33132,66,13266,40,19157,15,709,65,4106,54,14849,81,18955,California
Calaveras,2021-05-14,149,33281,92,13358,54,19211,3,712,100,4161,48,14897,103,19058,California
Calaveras,2021-05-15,267,33548,95,13453,169,19380,3,715,106,4115,155,15052,109,19167,California
Calaveras,2021-05-16,29,33577,12,13465,17,19397,0,715,14,4115,15,15067,15,19182,California
Calaveras,2021-05-17,90,33667,42,13507,41,19438,7,722,47,4128,42,15109,55,19237,California
Calaveras,2021-05-18,227,33894,61,13568,144,19582,22,744,72,4068,154,15263,94,19331,California
Calaveras,2021-05-19,150,34044,62,13630,84,19666,4,748,72,4068,77,15340,77,19408,California
Calaveras,2021-05-20,204,34248,80,13710,98,19764,26,774,66,4024,135,15475,91,19499,California
Calaveras,2021-05-21,97,34345,55,13765,38,19802,4,778,59,4049,37,15512,62,19561,California
Calaveras,2021-05-22,301,34646,160,13925,141,19943,0,778,148,4045,152,15664,148,19709,California
Calaveras,2021-05-23,31,34677,16,13941,15,19958,0,778,13,4040,18,15682,13,19722,California
Calaveras,2021-05-24,76,34753,40,13981,20,19978,16,794,32,4045,44,15726,49,19771,California
Calaveras,2021-05-25,123,34876,47,14028,59,20037,17,811,56,4051,67,15793,73,19844,California
Calaveras,2021-05-26,121,34997,87,14115,30,20067,4,815,83,4100,37,15830,86,19930,California
Calaveras,2021-05-27,84,35081,43,14158,37,20104,4,819,28,4080,53,15883,33,19963,California
Calaveras,2021-05-28,85,35166,44,14202,37,20141,4,823,42,4083,43,15926,46,20009,California
Calaveras,2021-05-29,69,35235,23,14225,41,20182,5,828,33,4086,36,15962,39,20048,California
Calaveras,2021-05-30,36,35271,14,14239,17,20199,5,833,11,4077,25,15987,16,20064,California
Calaveras,2021-05-31,5,35276,0,14239,3,20202,2,835,0,4074,5,15992,2,20066,California
Calaveras,2021-06-01,145,35421,97,14336,42,20244,6,841,44,4023,101,16093,50,20116,California
Calaveras,2021-06-02,85,35506,54,14390,27,20271,4,845,36,4014,49,16142,40,20156,California
Calaveras,2021-06-03,93,35599,55,14445,31,20302,7,852,42,4016,49,16191,51,20207,California
Calaveras,2021-06-04,139,35738,93,14538,34,20336,12,864,36,3961,103,16294,48,20255,California
Calaveras,2021-06-05,85,35823,28,14566,55,20391,2,866,34,3947,50,16344,36,20291,California
Calaveras,2021-06-06,41,35864,29,14595,9,20400,3,869,22,3953,19,16363,25,20316,California
Calaveras,2021-06-07,62,35926,45,14640,9,20409,8,877,25,3950,36,16399,33,20349,California
Calaveras,2021-06-08,125,36051,79,14719,39,20448,7,884,57,3948,66,16465,64,20413,California
Calaveras,2021-06-09,95,36146,51,14770,38,20486,6,890,30,3921,65,16530,38,20451,California
Calaveras,2021-06-10,119,36265,58,14828,52,20538,9,899,41,3895,76,16606,50,20501,California
Calaveras,2021-06-11,103,36368,58,14886,40,20578,5,904,32,3861,71,16677,37,20538,California
Calaveras,2021-06-12,62,36430,36,14922,24,20602,2,906,20,3841,42,16719,22,20560,California
Calaveras,2021-06-13,31,36461,18,14940,9,20611,4,910,8,3830,23,16742,12,20572,California
Calaveras,2021-06-14,59,36520,39,14979,16,20627,4,914,22,3820,37,16779,27,20599,California
Calaveras,2021-06-15,89,36609,54,15033,26,20653,9,923,23,3787,66,16845,33,20632,California
Calaveras,2021-06-16,179,36788,138,15171,27,20680,14,937,39,3701,139,16984,53,20685,California
Calaveras,2021-06-17,59,36847,31,15202,23,20703,5,942,24,3698,32,17016,29,20714,California
Calaveras,2021-06-18,59,36906,40,15242,15,20718,4,946,24,3691,35,17051,28,20742,California
Calaveras,2021-06-19,66,36972,23,15265,26,20744,17,963,23,3688,43,17094,40,20782,California
Calaveras,2021-06-20,6,36978,2,15267,3,20747,1,964,2,3687,4,17098,3,20785,California
Calaveras,2021-06-21,38,37016,14,15281,18,20765,6,970,23,3702,15,17113,30,20815,California
Calaveras,2021-06-22,62,37078,31,15312,29,20794,2,972,28,3700,33,17146,31,20846,California
Calaveras,2021-06-23,45,37123,32,15344,10,20804,3,975,21,3700,24,17170,24,20870,California
Calaveras,2021-06-24,49,37172,27,15371,20,20824,2,977,24,3701,25,17195,26,20896,California
Calaveras,2021-06-25,35,37207,26,15397,9,20833,0,977,16,3698,19,17214,16,20912,California
Calaveras,2021-06-26,23,37230,11,15408,12,20845,0,977,14,3704,9,17223,15,20927,California
Calaveras,2021-06-27,10,37240,10,15418,0,20845,0,977,1,3696,9,17232,1,20928,California
Colusa,2020-12-18,1,1,1,1,0,0,0,0,1,1,0,0,1,1,California
Colusa,2020-12-21,2,3,2,3,0,0,0,0,2,3,0,0,2,3,California
Colusa,2020-12-22,10,13,10,13,0,0,0,0,10,13,0,0,10,13,California
Colusa,2020-12-23,10,23,10,23,0,0,0,0,10,23,0,0,10,23,California
Colusa,2020-12-24,2,25,1,24,1,1,0,0,2,25,0,0,2,25,California
Colusa,2020-12-27,1,26,1,25,0,1,0,0,1,26,0,0,1,26,California
Colusa,2020-12-28,7,33,3,28,4,5,0,0,7,33,0,0,7,33,California
Colusa,2020-12-29,10,43,8,36,2,7,0,0,10,43,0,0,10,43,California
Colusa,2020-12-30,51,94,14,50,37,44,0,0,51,94,0,0,51,94,California
Colusa,2020-12-31,18,112,1,51,17,61,0,0,18,112,0,0,18,112,California
Colusa,2021-01-04,4,116,0,51,4,65,0,0,4,116,0,0,4,116,California
Colusa,2021-01-05,68,184,1,52,67,132,0,0,68,184,0,0,68,184,California
Colusa,2021-01-06,15,199,9,61,6,138,0,0,15,199,0,0,15,199,California
Colusa,2021-01-07,39,238,5,66,34,172,0,0,38,236,1,1,38,237,California
Colusa,2021-01-08,9,247,7,73,2,174,0,0,8,243,1,2,8,245,California
Colusa,2021-01-09,2,249,1,74,1,175,0,0,2,245,0,2,2,247,California
Colusa,2021-01-10,1,250,0,74,1,176,0,0,1,246,0,2,1,248,California
Colusa,2021-01-11,12,262,6,80,6,182,0,0,7,248,5,7,7,255,California
Colusa,2021-01-12,11,273,9,89,2,184,0,0,6,249,5,12,6,261,California
Colusa,2021-01-13,21,294,13,102,8,192,0,0,13,254,8,20,13,274,California
Colusa,2021-01-14,36,330,29,131,7,199,0,0,34,286,2,22,34,308,California
Colusa,2021-01-15,42,372,5,136,37,236,0,0,40,324,2,24,40,348,California
Colusa,2021-01-16,12,384,1,137,11,247,0,0,11,334,1,25,11,359,California
Colusa,2021-01-17,3,387,2,139,1,248,0,0,2,335,1,26,2,361,California
Colusa,2021-01-18,4,391,0,139,4,252,0,0,4,339,0,26,4,365,California
Colusa,2021-01-19,9,400,8,147,1,253,0,0,5,340,4,30,5,370,California
Colusa,2021-01-20,115,515,101,248,14,267,0,0,101,427,14,44,101,471,California
Colusa,2021-01-21,59,574,44,292,15,282,0,0,58,484,1,45,58,529,California
Colusa,2021-01-22,40,614,17,309,23,305,0,0,35,514,5,50,35,564,California
Colusa,2021-01-23,35,649,6,315,29,334,0,0,35,549,0,50,35,599,California
Colusa,2021-01-25,7,656,0,315,7,341,0,0,7,556,0,50,7,606,California
Colusa,2021-01-26,8,664,5,320,3,344,0,0,5,558,3,53,5,611,California
Colusa,2021-01-27,109,773,31,351,78,422,0,0,107,663,2,55,107,718,California
Colusa,2021-01-28,83,856,48,399,35,457,0,0,74,728,9,64,74,792,California
Colusa,2021-01-29,43,899,7,406,36,493,0,0,42,769,1,65,42,834,California
Colusa,2021-01-30,27,926,4,410,23,516,0,0,27,796,0,65,27,861,California
Colusa,2021-01-31,7,933,7,417,0,516,0,0,7,803,0,65,7,868,California
Colusa,2021-02-01,27,960,10,427,17,533,0,0,22,820,5,70,22,890,California
Colusa,2021-02-02,42,1002,8,435,34,567,0,0,36,850,6,76,36,926,California
Colusa,2021-02-03,69,1071,10,445,59,626,0,0,58,897,11,87,58,984,California
Colusa,2021-02-04,143,1214,81,526,62,688,0,0,114,982,29,116,114,1098,California
Colusa,2021-02-05,32,1246,8,534,24,712,0,0,29,1008,3,119,29,1127,California
Colusa,2021-02-06,285,1531,9,543,276,988,0,0,274,1271,11,130,274,1401,California
Colusa,2021-02-07,2,1533,1,544,1,989,0,0,0,1269,2,132,0,1401,California
Colusa,2021-02-08,40,1573,5,549,35,1024,0,0,37,1303,3,135,37,1438,California
Colusa,2021-02-09,231,1804,14,563,217,1241,0,0,176,1424,55,190,176,1614,California
Colusa,2021-02-10,117,1921,42,605,75,1316,0,0,73,1453,44,234,73,1687,California
Colusa,2021-02-11,101,2022,38,643,63,1379,0,0,74,1500,27,261,74,1761,California
Colusa,2021-02-12,117,2139,9,652,108,1487,0,0,78,1538,40,301,78,1839,California
Colusa,2021-02-13,60,2199,8,660,52,1539,0,0,52,1582,8,309,52,1891,California
Colusa,2021-02-14,21,2220,8,668,13,1552,0,0,15,1591,6,315,15,1906,California
Colusa,2021-02-15,46,2266,10,678,36,1588,0,0,39,1623,7,322,39,1945,California
Colusa,2021-02-16,69,2335,4,682,65,1653,0,0,68,1690,1,323,68,2013,California
Colusa,2021-02-17,205,2540,143,825,62,1715,0,0,59,1603,146,469,59,2072,California
Colusa,2021-02-18,135,2675,35,860,100,1815,0,0,112,1692,23,492,112,2184,California
Colusa,2021-02-19,155,2830,19,879,136,1951,0,0,129,1795,26,518,129,2313,California
Colusa,2021-02-20,29,2859,6,885,23,1974,0,0,13,1792,16,534,13,2326,California
Colusa,2021-02-21,1,2860,1,886,0,1974,0,0,0,1791,1,535,0,2326,California
Colusa,2021-02-22,43,2903,26,912,17,1991,0,0,29,1806,14,549,29,2355,California
Colusa,2021-02-23,22,2925,6,918,16,2007,0,0,18,1820,4,553,18,2373,California
Colusa,2021-02-24,300,3225,54,972,246,2253,0,0,158,1836,142,695,158,2531,California
Colusa,2021-02-25,103,3328,55,1027,48,2301,0,0,67,1867,36,731,67,2598,California
Colusa,2021-02-26,100,3428,14,1041,86,2387,0,0,60,1887,40,771,60,2658,California
Colusa,2021-02-27,55,3483,4,1045,51,2438,0,0,40,1912,15,786,40,2698,California
Colusa,2021-02-28,27,3510,15,1060,12,2450,0,0,18,1921,9,795,18,2716,California
Colusa,2021-03-01,46,3556,15,1075,31,2481,0,0,29,1933,17,812,29,2745,California
Colusa,2021-03-02,49,3605,13,1088,36,2517,0,0,26,1936,23,835,26,2771,California
Colusa,2021-03-03,246,3851,46,1134,200,2717,0,0,189,2068,57,892,189,2960,California
Colusa,2021-03-04,139,3990,59,1193,80,2797,0,0,80,2089,59,951,80,3040,California
Colusa,2021-03-05,98,4088,25,1218,64,2861,9,9,53,2106,45,996,62,3102,California
Colusa,2021-03-06,276,4364,9,1227,267,3128,0,9,39,1908,237,1233,39,3141,California
Colusa,2021-03-07,8,4372,5,1232,3,3131,0,9,6,1912,2,1235,6,3147,California
Colusa,2021-03-08,89,4461,21,1253,33,3164,35,44,45,1948,44,1279,80,3227,California
Colusa,2021-03-09,276,4737,74,1327,179,3343,23,67,85,1865,191,1470,108,3335,California
Colusa,2021-03-10,289,5026,38,1365,215,3558,36,103,203,2018,86,1556,239,3574,California
Colusa,2021-03-11,420,5446,60,1425,339,3897,21,124,339,2295,81,1637,358,3932,California
Colusa,2021-03-12,111,5557,18,1443,80,3977,13,137,20,2237,91,1728,33,3965,California
Colusa,2021-03-13,61,5618,16,1459,36,4013,9,146,18,2221,43,1771,27,3992,California
Colusa,2021-03-14,19,5637,0,1459,17,4030,2,148,5,2215,13,1784,7,3999,California
Colusa,2021-03-15,71,5708,27,1486,36,4066,8,156,15,2182,56,1840,23,4022,California
Colusa,2021-03-16,299,6007,16,1502,237,4303,46,202,189,2307,110,1950,235,4257,California
Colusa,2021-03-17,194,6201,50,1552,144,4447,0,202,108,2329,86,2036,108,4365,California
Colusa,2021-03-18,325,6526,38,1590,216,4663,71,273,201,2478,124,2160,273,4638,California
Colusa,2021-03-19,80,6606,20,1610,58,4721,2,275,55,2510,25,2185,57,4695,California
Colusa,2021-03-20,50,6656,8,1618,41,4762,1,276,36,2533,14,2199,37,4732,California
Colusa,2021-03-21,6,6662,4,1622,2,4764,0,276,3,2533,3,2202,3,4735,California
Colusa,2021-03-22,62,6724,10,1632,43,4807,9,285,40,2560,22,2224,49,4784,California
Colusa,2021-03-23,83,6807,16,1648,65,4872,2,287,56,2591,27,2251,58,4842,California
Colusa,2021-03-24,340,7147,57,1705,277,5149,6,293,68,2392,272,2523,73,4915,California
Colusa,2021-03-25,109,7256,60,1765,44,5193,5,298,52,2392,57,2580,57,4972,California
Colusa,2021-03-26,301,7557,47,1812,250,5443,4,302,248,2591,53,2633,252,5224,California
Colusa,2021-03-27,63,7620,5,1817,58,5501,0,302,25,2578,38,2671,25,5249,California
Colusa,2021-03-28,16,7636,7,1824,9,5510,0,302,8,2578,8,2679,8,5257,California
Colusa,2021-03-29,72,7708,20,1844,46,5556,6,308,32,2576,40,2719,38,5295,California
Colusa,2021-03-30,151,7859,82,1926,67,5623,2,310,72,2571,79,2798,74,5369,California
Colusa,2021-03-31,234,8093,41,1967,193,5816,0,310,70,2478,163,2961,70,5439,California
Colusa,2021-04-01,435,8528,73,2040,307,6123,55,365,311,2720,123,3084,365,5804,California
Colusa,2021-04-02,82,8610,13,2053,55,6178,14,379,38,2728,44,3128,52,5856,California
Colusa,2021-04-03,62,8672,10,2063,29,6207,23,402,14,2716,48,3176,36,5892,California
Colusa,2021-04-04,18,8690,0,2063,8,6215,10,412,3,2714,15,3191,13,5905,California
Colusa,2021-04-05,97,8787,26,2089,55,6270,16,428,39,2711,58,3249,55,5960,California
Colusa,2021-04-06,130,8917,35,2124,45,6315,50,478,43,2717,87,3336,93,6053,California
Colusa,2021-04-07,358,9275,42,2166,293,6608,23,501,132,2647,226,3562,156,6209,California
Colusa,2021-04-08,429,9704,34,2200,368,6976,27,528,121,2490,305,3867,148,6357,California
Colusa,2021-04-09,77,9781,21,2221,32,7008,24,552,28,2493,49,3916,52,6409,California
Colusa,2021-04-10,45,9826,10,2231,14,7022,21,573,11,2491,34,3950,32,6441,California
Colusa,2021-04-11,16,9842,3,2234,11,7033,2,575,8,2493,8,3958,10,6451,California
Colusa,2021-04-12,32,9874,3,2237,29,7062,0,575,25,2511,7,3965,25,6476,California
Colusa,2021-04-13,280,10154,23,2260,257,7319,0,575,95,2422,184,4149,95,6571,California
Colusa,2021-04-14,97,10251,20,2280,77,7396,0,575,35,2395,62,4211,35,6606,California
Colusa,2021-04-15,324,10575,47,2327,277,7673,0,575,132,2335,192,4403,132,6738,California
Colusa,2021-04-16,82,10657,11,2338,71,7744,0,575,36,2326,45,4448,36,6774,California
Colusa,2021-04-17,52,10709,7,2345,45,7789,0,575,30,2334,22,4470,30,6804,California
Colusa,2021-04-18,9,10718,2,2347,7,7796,0,575,7,2339,2,4472,7,6811,California
Colusa,2021-04-19,62,10780,22,2369,40,7836,0,575,18,2313,44,4516,18,6829,California
Colusa,2021-04-20,189,10969,38,2407,151,7987,0,575,134,2392,55,4571,134,6963,California
Colusa,2021-04-21,179,11148,68,2475,111,8098,0,575,110,2433,69,4640,110,7073,California
Colusa,2021-04-22,425,11573,27,2502,397,8495,1,576,221,2451,203,4843,221,7294,California
Colusa,2021-04-23,96,11669,20,2522,76,8571,0,576,37,2429,59,4902,37,7331,California
Colusa,2021-04-24,241,11910,19,2541,221,8792,1,577,210,2608,31,4933,210,7541,California
Colusa,2021-04-25,12,11922,6,2547,6,8798,0,577,8,2612,4,4937,8,7549,California
Colusa,2021-04-26,25,11947,5,2552,19,8817,1,578,6,2600,18,4955,6,7555,California
Colusa,2021-04-27,97,12044,25,2577,68,8885,4,582,44,2595,53,5008,48,7603,California
Colusa,2021-04-28,196,12240,33,2610,160,9045,3,585,144,2691,51,5059,147,7750,California
Colusa,2021-04-29,319,12559,29,2639,286,9331,4,589,48,2474,269,5328,52,7802,California
Colusa,2021-04-30,67,12626,20,2659,47,9378,0,589,43,2493,24,5352,43,7845,California
Colusa,2021-05-01,19,12645,8,2667,8,9386,3,592,9,2495,10,5362,12,7857,California
Colusa,2021-05-02,4,12649,1,2668,2,9388,1,593,2,2496,2,5364,3,7860,California
Colusa,2021-05-03,31,12680,7,2675,24,9412,0,593,15,2495,16,5380,15,7875,California
Colusa,2021-05-04,99,12779,55,2730,43,9455,1,594,69,2535,30,5410,70,7945,California
Colusa,2021-05-05,84,12863,21,2751,62,9517,1,595,35,2522,49,5459,36,7981,California
Colusa,2021-05-06,254,13117,16,2767,236,9753,2,597,111,2492,143,5602,113,8094,California
Colusa,2021-05-07,66,13183,4,2771,58,9811,4,601,30,2490,36,5638,34,8128,California
Colusa,2021-05-08,18,13201,6,2777,12,9823,0,601,9,2490,9,5647,9,8137,California
Colusa,2021-05-09,13,13214,5,2782,5,9828,3,604,6,2492,7,5654,9,8146,California
Colusa,2021-05-10,16,13230,7,2789,9,9837,0,604,6,2488,10,5664,6,8152,California
Colusa,2021-05-11,93,13323,34,2823,59,9896,0,604,48,2491,45,5709,48,8200,California
Colusa,2021-05-12,75,13398,32,2855,39,9935,4,608,21,2462,54,5763,25,8225,California
Colusa,2021-05-13,242,13640,24,2879,217,10152,1,609,78,2377,164,5927,79,8304,California
Colusa,2021-05-14,85,13725,18,2897,52,10204,15,624,32,2372,52,5979,47,8351,California
Colusa,2021-05-15,41,13766,10,2907,29,10233,2,626,21,2375,20,5999,23,8374,California
Colusa,2021-05-16,24,13790,8,2915,9,10242,7,633,11,2380,13,6012,18,8392,California
Colusa,2021-05-17,25,13815,5,2920,18,10260,2,635,13,2383,12,6024,15,8407,California
Colusa,2021-05-18,103,13918,27,2947,74,10334,2,637,47,2376,56,6080,49,8456,California
Colusa,2021-05-19,220,14138,44,2991,156,10490,20,657,66,2308,154,6234,86,8542,California
Colusa,2021-05-20,281,14419,33,3024,244,10734,4,661,67,2165,214,6448,71,8613,California
Colusa,2021-05-21,71,14490,24,3048,45,10779,2,663,35,2166,36,6484,37,8650,California
Colusa,2021-05-22,218,14708,21,3069,196,10975,1,664,30,2009,188,6672,31,8681,California
Colusa,2021-05-23,20,14728,9,3078,7,10982,4,668,6,2005,14,6686,10,8691,California
Colusa,2021-05-24,26,14754,3,3081,18,11000,5,673,15,2014,11,6697,20,8711,California
Colusa,2021-05-25,135,14889,75,3156,58,11058,2,675,52,1985,83,6780,54,8765,California
Colusa,2021-05-26,72,14961,25,3181,47,11105,0,675,32,1977,40,6820,32,8797,California
Colusa,2021-05-27,172,15133,17,3198,155,11260,0,675,55,1915,117,6937,55,8852,California
Colusa,2021-05-28,79,15212,25,3223,53,11313,1,676,40,1917,39,6976,41,8893,California
Colusa,2021-05-29,40,15252,18,3241,18,11331,4,680,29,1939,11,6987,33,8926,California
Colusa,2021-05-30,8,15260,1,3242,2,11333,5,685,1,1938,7,6994,6,8932,California
Colusa,2021-05-31,4,15264,0,3242,4,11337,0,685,1,1936,3,6997,1,8933,California
Colusa,2021-06-01,50,15314,16,3258,33,11370,1,686,26,1939,24,7021,27,8960,California
Colusa,2021-06-02,146,15460,20,3278,124,11494,2,688,51,1898,94,7115,53,9013,California
Colusa,2021-06-03,63,15523,20,3298,42,11536,1,689,26,1891,34,7149,27,9040,California
Colusa,2021-06-04,60,15583,19,3317,37,11573,4,693,21,1877,39,7188,25,9065,California
Colusa,2021-06-05,35,15618,16,3333,18,11591,1,694,17,1877,18,7206,18,9083,California
Colusa,2021-06-06,11,15629,6,3339,4,11595,1,695,6,1879,5,7211,7,9090,California
Colusa,2021-06-07,22,15651,6,3345,16,11611,0,695,10,1877,12,7223,10,9100,California
Colusa,2021-06-08,75,15726,21,3366,54,11665,0,695,29,1860,46,7269,29,9129,California
Colusa,2021-06-09,70,15796,39,3405,31,11696,0,695,28,1846,42,7311,28,9157,California
Colusa,2021-06-10,58,15854,23,3428,31,11727,4,699,14,1820,44,7355,18,9175,California
Colusa,2021-06-11,60,15914,33,3461,27,11754,0,699,29,1818,31,7386,29,9204,California
Colusa,2021-06-12,36,15950,22,3483,14,11768,0,699,10,1802,26,7412,10,9214,California
Colusa,2021-06-13,10,15960,3,3486,5,11773,2,701,2,1798,8,7420,4,9218,California
Colusa,2021-06-14,19,15979,9,3495,10,11783,0,701,7,1793,12,7432,7,9225,California
Colusa,2021-06-15,76,16055,36,3531,39,11822,1,702,19,1756,57,7489,20,9245,California
Colusa,2021-06-16,55,16110,15,3546,39,11861,1,703,15,1732,40,7529,16,9261,California
Colusa,2021-06-17,117,16227,10,3556,106,11967,1,704,17,1650,100,7629,18,9279,California
Colusa,2021-06-18,63,16290,32,3588,27,11994,4,708,25,1641,38,7667,29,9308,California
Colusa,2021-06-19,26,16316,21,3609,4,11998,1,709,6,1628,20,7687,7,9315,California
Colusa,2021-06-20,10,16326,7,3616,3,12001,0,709,8,1634,2,7689,8,9323,California
Colusa,2021-06-21,20,16346,3,3619,16,12017,1,710,8,1631,12,7701,9,9332,California
Colusa,2021-06-22,69,16415,30,3649,34,12051,5,715,30,1628,38,7739,35,9367,California
Colusa,2021-06-23,50,16465,27,3676,22,12073,1,716,21,1621,29,7768,22,9389,California
Colusa,2021-06-24,60,16525,26,3702,32,12105,2,718,21,1605,39,7807,23,9412,California
Colusa,2021-06-25,42,16567,16,3718,26,12131,0,718,25,1613,17,7824,25,9437,California
Colusa,2021-06-26,17,16584,12,3730,5,12136,0,718,5,1606,12,7836,5,9442,California
Colusa,2021-06-27,4,16588,2,3732,2,12138,0,718,2,1606,2,7838,2,9444,California
Contra Costa,2020-12-15,19,19,19,19,0,0,0,0,19,19,0,0,19,19,California
Contra Costa,2020-12-16,523,542,523,542,0,0,0,0,523,542,0,0,523,542,California
Contra Costa,2020-12-17,1047,1589,1047,1589,0,0,0,0,1047,1589,0,0,1047,1589,California
Contra Costa,2020-12-18,1752,3341,1750,3339,2,2,0,0,1752,3341,0,0,1752,3341,California
Contra Costa,2020-12-19,1112,4453,1111,4450,1,3,0,0,1112,4453,0,0,1112,4453,California
Contra Costa,2020-12-20,596,5049,595,5045,1,4,0,0,596,5049,0,0,596,5049,California
Contra Costa,2020-12-21,1665,6714,1662,6707,3,7,0,0,1665,6714,0,0,1665,6714,California
Contra Costa,2020-12-22,1674,8388,1567,8274,107,114,0,0,1674,8388,0,0,1674,8388,California
Contra Costa,2020-12-23,1619,10007,1368,9642,251,365,0,0,1619,10007,0,0,1619,10007,California
Contra Costa,2020-12-24,655,10662,334,9976,321,686,0,0,655,10662,0,0,655,10662,California
Contra Costa,2020-12-25,41,10703,19,9995,22,708,0,0,41,10703,0,0,41,10703,California
Contra Costa,2020-12-26,649,11352,135,10130,514,1222,0,0,649,11352,0,0,649,11352,California
Contra Costa,2020-12-27,242,11594,87,10217,155,1377,0,0,242,11594,0,0,242,11594,California
Contra Costa,2020-12-28,1847,13441,872,11089,975,2352,0,0,1847,13441,0,0,1847,13441,California
Contra Costa,2020-12-29,1844,15285,826,11915,1018,3370,0,0,1844,15285,0,0,1844,15285,California
Contra Costa,2020-12-30,2408,17693,1218,13133,1190,4560,0,0,2406,17690,2,2,2407,17692,California
Contra Costa,2020-12-31,925,18618,309,13442,616,5176,0,0,924,18614,0,2,924,18616,California
Contra Costa,2021-01-01,66,18684,24,13466,42,5218,0,0,66,18680,0,2,66,18682,California
Contra Costa,2021-01-02,346,19030,178,13644,168,5386,0,0,346,19026,0,2,346,19028,California
Contra Costa,2021-01-03,181,19211,122,13766,59,5445,0,0,180,19206,0,2,180,19208,California
Contra Costa,2021-01-04,1902,21113,1244,15010,658,6103,0,0,1882,21070,18,20,1882,21090,California
Contra Costa,2021-01-05,2114,23227,1263,16273,851,6954,0,0,1828,22614,285,305,1829,22919,California
Contra Costa,2021-01-06,3294,26521,2261,18534,1033,7987,0,0,2481,24292,807,1112,2485,25404,California
Contra Costa,2021-01-07,3113,29634,2077,20611,1036,9023,0,0,1799,24780,1311,2423,1799,27203,California
Contra Costa,2021-01-08,3413,33047,2406,23017,1007,10030,0,0,1767,24910,1641,4064,1771,28974,California
Contra Costa,2021-01-09,1591,34638,1138,24155,453,10483,0,0,733,24788,857,4921,735,29709,California
Contra Costa,2021-01-10,363,35001,288,24443,75,10558,0,0,150,24725,213,5134,150,29859,California
Contra Costa,2021-01-11,3855,38856,3158,27601,697,11255,0,0,2230,25333,1625,6759,2233,32092,California
Contra Costa,2021-01-12,3948,42804,2961,30562,987,12242,0,0,2598,26585,1349,8108,2601,34693,California
Contra Costa,2021-01-13,4795,47599,2993,33555,1802,14044,0,0,3825,29445,966,9074,3826,38519,California
Contra Costa,2021-01-14,4327,51926,1569,35124,2758,16802,0,0,3940,32998,387,9461,3940,42459,California
Contra Costa,2021-01-15,5358,57284,2470,37594,2888,19690,0,0,5029,37703,328,9789,5033,47492,California
Contra Costa,2021-01-16,1743,59027,565,38159,1178,20868,0,0,1666,39292,77,9866,1666,49158,California
Contra Costa,2021-01-17,1669,60696,984,39143,685,21553,0,0,1548,40722,121,9987,1551,50709,California
Contra Costa,2021-01-18,3221,63917,1274,40417,1947,23500,0,0,2588,42684,627,10614,2589,53298,California
Contra Costa,2021-01-19,7083,71000,3167,43584,3916,27416,0,0,6072,47755,1006,11620,6077,59375,California
Contra Costa,2021-01-20,6900,77900,4308,47892,2592,30008,0,0,5650,52164,1246,12866,5655,65030,California
Contra Costa,2021-01-21,7076,84976,3151,51043,3925,33933,0,0,6341,57784,729,13595,6349,71379,California
Contra Costa,2021-01-22,6454,91430,2756,53799,3698,37631,0,0,5589,62520,856,14451,5592,76971,California
Contra Costa,2021-01-23,2053,93483,360,54159,1693,39324,0,0,1789,64049,262,14713,1791,78762,California
Contra Costa,2021-01-24,1590,95073,218,54377,1372,40696,0,0,1442,65347,148,14861,1446,80208,California
Contra Costa,2021-01-25,6711,101784,3049,57426,3662,44358,0,0,5128,68899,1580,16441,5132,85340,California
Contra Costa,2021-01-26,8179,109963,4726,62152,3453,47811,0,0,6303,73339,1868,18309,6308,91648,California
Contra Costa,2021-01-27,8243,118206,5441,67593,2802,50613,0,0,6380,77872,1851,20160,6384,98032,California
Contra Costa,2021-01-28,7496,125702,4105,71698,3391,54004,0,0,5876,82138,1614,21774,5880,103912,California
Contra Costa,2021-01-29,7498,133200,3911,75609,3587,57591,0,0,6170,86988,1322,23096,6172,110084,California
Contra Costa,2021-01-30,2149,135349,646,76255,1503,59094,0,0,1747,88340,395,23491,1747,111831,California
Contra Costa,2021-01-31,667,136016,436,76691,231,59325,0,0,572,88820,92,23583,572,112403,California
Contra Costa,2021-02-01,5869,141885,4081,80772,1788,61113,0,0,3955,90872,1906,25489,3958,116361,California
Contra Costa,2021-02-02,7640,149525,5117,85889,2523,63636,0,0,5927,95089,1711,27200,5928,122289,California
Contra Costa,2021-02-03,8313,157838,5485,91374,2828,66464,0,0,5608,98004,2694,29894,5609,127898,California
Contra Costa,2021-02-04,7514,165352,3592,94966,3922,70386,0,0,5745,101986,1766,31660,5748,133646,California
Contra Costa,2021-02-05,8472,173824,4830,99796,3642,74028,0,0,5763,105047,2702,34362,5763,139409,California
Contra Costa,2021-02-06,3487,177311,2165,101961,1322,75350,0,0,2831,107224,655,35017,2832,142241,California
Contra Costa,2021-02-07,992,178303,719,102680,273,75623,0,0,606,107446,384,35401,606,142847,California
Contra Costa,2021-02-08,5888,184191,3501,106181,2387,78010,0,0,4385,110336,1496,36897,4386,147233,California
Contra Costa,2021-02-09,8703,192894,4802,110983,3901,81911,0,0,5779,113200,2916,39813,5780,153013,California
Contra Costa,2021-02-10,8701,201595,4675,115658,4026,85937,0,0,5336,115191,3349,43162,5340,158353,California
Contra Costa,2021-02-11,9395,210990,4246,119904,5149,91086,0,0,5175,116159,4213,47375,5181,163534,California
Contra Costa,2021-02-12,10177,221167,4667,124571,5510,96596,0,0,5485,116964,4684,52059,5489,169023,California
Contra Costa,2021-02-13,4929,226096,1384,125955,3545,100141,0,0,3429,118899,1496,53555,3431,172454,California
Contra Costa,2021-02-14,2109,228205,871,126826,1238,101379,0,0,1224,119240,883,54438,1224,173678,California
Contra Costa,2021-02-15,4507,232712,2496,129322,2011,103390,0,0,2340,119423,2158,56596,2341,176019,California
Contra Costa,2021-02-16,10475,243187,4946,134268,5529,108919,0,0,4664,118290,5803,62399,4670,180689,California
Contra Costa,2021-02-17,12371,255558,6194,140462,6177,115096,0,0,5657,117250,6699,69098,5659,186348,California
Contra Costa,2021-02-18,11570,267128,6007,146469,5563,120659,0,0,5354,116402,6204,75302,5356,191704,California
Contra Costa,2021-02-19,11568,278696,7217,153686,4351,125010,0,0,5226,115303,6327,81629,5228,196932,California
Contra Costa,2021-02-20,6567,285263,2978,156664,3589,128599,0,0,4624,118005,1926,83555,4628,201560,California
Contra Costa,2021-02-21,2339,287602,1758,158422,581,129180,0,0,1571,118809,767,84322,1571,203131,California
Contra Costa,2021-02-22,7762,295364,5244,163666,2518,131698,0,0,3568,118201,4179,88501,3571,206702,California
Contra Costa,2021-02-23,12254,307618,7533,171199,4721,136419,0,0,6166,118302,6073,94574,6174,212876,California
Contra Costa,2021-02-24,10746,318364,7888,179087,2858,139277,0,0,5219,118016,5508,100082,5222,218098,California
Contra Costa,2021-02-25,11907,330271,7557,186644,4350,143627,0,0,5531,117200,6354,106436,5538,223636,California
Contra Costa,2021-02-26,11121,341392,7024,193668,4097,147724,0,0,5513,117122,5593,112029,5515,229151,California
Contra Costa,2021-02-27,6903,348295,4445,198113,2458,150182,0,0,4331,118891,2564,114593,4333,233484,California
Contra Costa,2021-02-28,4336,352631,3596,201709,739,150921,1,1,3661,121882,672,115265,3663,237147,California
Contra Costa,2021-03-01,8680,361311,6578,208287,2096,153017,6,7,5347,123919,3318,118583,5355,242502,California
Contra Costa,2021-03-02,10693,372004,6843,215130,3849,156866,1,8,5730,124704,4947,123530,5732,248234,California
Contra Costa,2021-03-03,11410,383414,7176,222306,4233,161099,1,9,6434,126180,4960,128490,6436,254670,California
Contra Costa,2021-03-04,11997,395411,7177,229483,4818,165917,2,11,6247,126697,5732,134222,6249,260919,California
Contra Costa,2021-03-05,11509,406920,6916,236399,4586,170503,7,18,6616,128446,4875,139097,6624,267543,California
Contra Costa,2021-03-06,7513,414433,4209,240608,2993,173496,311,329,4919,131094,2580,141677,5228,272771,California
Contra Costa,2021-03-07,3856,418289,2465,243073,1328,174824,63,392,3168,133639,686,142363,3231,276002,California
Contra Costa,2021-03-08,8254,426543,3934,247007,4014,178838,306,698,5546,136799,2696,145059,5856,281858,California
Contra Costa,2021-03-09,11195,437738,5941,252948,4957,183795,297,995,5859,137633,5325,150384,6159,288017,California
Contra Costa,2021-03-10,12471,450209,6232,259180,4739,188534,1500,2495,5678,138019,6780,157164,7166,295183,California
Contra Costa,2021-03-11,12540,462749,6600,265780,5372,193906,568,3063,6396,138861,6120,163284,6962,302145,California
Contra Costa,2021-03-12,12686,475435,5228,271008,6890,200796,568,3631,6312,139384,6353,169637,6876,309021,California
Contra Costa,2021-03-13,7902,483337,3176,274184,4294,205090,432,4063,3112,138152,4770,174407,3538,312559,California
Contra Costa,2021-03-14,4445,487782,2634,276818,1327,206417,484,4547,1695,137590,2741,177148,2179,314738,California
Contra Costa,2021-03-15,9506,497288,5159,281977,3589,210006,758,5305,4703,138268,4782,181930,5460,320198,California
Contra Costa,2021-03-16,14412,511700,8587,290564,5416,215422,409,5714,7121,138530,7266,189196,7528,327726,California
Contra Costa,2021-03-17,15161,526861,10481,301045,4458,219880,222,5936,8485,140593,6649,195845,8712,336438,California
Contra Costa,2021-03-18,15519,542380,8665,309710,6373,226253,481,6417,8580,142751,6902,202747,9060,345498,California
Contra Costa,2021-03-19,15726,558106,9101,318811,5225,231478,1400,7817,8162,144771,7546,210293,9566,355064,California
Contra Costa,2021-03-20,10765,568871,6455,325266,3995,235473,315,8132,5093,144531,5647,215940,5407,360471,California
Contra Costa,2021-03-21,4589,573460,4016,329282,475,235948,98,8230,1787,143624,2791,218731,1884,362355,California
Contra Costa,2021-03-22,11703,585163,8816,338098,2627,238575,260,8490,6810,145815,4876,223607,7067,369422,California
Contra Costa,2021-03-23,15743,600906,10865,348963,4708,243283,170,8660,9055,148382,6659,230266,9226,378648,California
Contra Costa,2021-03-24,15098,616004,11767,360730,3117,246400,214,8874,9135,151804,5929,236195,9351,387999,California
Contra Costa,2021-03-25,15429,631433,12026,372756,3109,249509,294,9168,9428,155559,5963,242158,9718,397717,California
Contra Costa,2021-03-26,15128,646561,10856,383612,3869,253378,403,9571,8686,158228,6414,248572,9083,406800,California
Contra Costa,2021-03-27,10588,657149,6884,390496,3192,256570,512,10083,5619,159394,4957,253529,6123,412923,California
Contra Costa,2021-03-28,4248,661397,3031,393527,1165,257735,52,10135,1615,158440,2621,256150,1667,414590,California
Contra Costa,2021-03-29,10957,672354,8543,402070,2298,260033,116,10251,6953,161526,3986,260136,7072,421662,California
Contra Costa,2021-03-30,16845,689199,9214,411284,6271,266304,1360,11611,10377,166814,6445,266581,11733,433395,California
Contra Costa,2021-03-31,18093,707292,12656,423940,3991,270295,1446,13057,11362,172929,6683,273264,12798,446193,California
Contra Costa,2021-04-01,17628,724920,12299,436239,3938,274233,1391,14448,11414,179550,6178,279442,12799,458992,California
Contra Costa,2021-04-02,17543,742463,12904,449143,3607,277840,1032,15480,11616,186277,5915,285357,12642,471634,California
Contra Costa,2021-04-03,10890,753353,6502,455645,2837,280677,1551,17031,6210,189367,4666,290023,7756,479390,California
Contra Costa,2021-04-04,3359,756712,1331,456976,1426,282103,602,17633,849,188315,2502,292525,1450,480840,California
Contra Costa,2021-04-05,12142,768854,7912,464888,3245,285348,985,18618,6584,190341,5543,298068,7569,488409,California
Contra Costa,2021-04-06,17389,786243,12034,476922,3058,288406,2297,20915,9739,194743,7628,305696,12030,500439,California
Contra Costa,2021-04-07,18639,804882,12609,489531,3202,291608,2828,23743,10559,200104,8057,313753,13418,513857,California
Contra Costa,2021-04-08,18726,823608,12473,502004,3324,294932,2929,26672,10027,204379,8671,322424,12946,526803,California
Contra Costa,2021-04-09,18910,842518,12065,514069,4337,299269,2508,29180,10103,208205,8776,331200,12602,539405,California
Contra Costa,2021-04-10,10595,853113,3837,517906,2192,301461,4566,33746,3313,208807,7261,338461,7863,547268,California
Contra Costa,2021-04-11,3367,856480,2008,519914,694,302155,665,34411,1135,208380,2226,340687,1799,549067,California
Contra Costa,2021-04-12,12026,868506,7928,527842,3018,305173,1080,35491,5656,208769,6353,347040,6742,555809,California
Contra Costa,2021-04-13,17970,886476,11024,538866,6938,312111,8,35499,11984,214808,5958,352998,11997,567806,California
Contra Costa,2021-04-14,17787,904263,11176,550042,6610,318721,1,35500,9879,216809,7884,360882,9885,577691,California
Contra Costa,2021-04-15,17596,921859,10797,560839,6798,325519,1,35501,8156,215581,9410,370292,8182,585873,California
Contra Costa,2021-04-16,17015,938874,10593,571432,6421,331940,1,35502,7689,213981,9298,379590,7698,593571,California
Contra Costa,2021-04-17,11587,950461,6363,577795,5224,337164,0,35502,6257,214935,5310,384900,6264,599835,California
Contra Costa,2021-04-18,2913,953374,2281,580076,632,337796,0,35502,1845,215722,1058,385958,1845,601680,California
Contra Costa,2021-04-19,11519,964893,8596,588672,2923,340719,0,35502,3667,211570,7823,393781,3671,605351,California
Contra Costa,2021-04-20,17008,981901,11086,599758,5922,346641,0,35502,6435,207471,10541,404322,6442,611793,California
Contra Costa,2021-04-21,17824,999725,14572,614330,3251,349892,1,35503,6417,202537,11361,415683,6427,618220,California
Contra Costa,2021-04-22,17340,1017065,14048,628378,3290,353182,2,35505,6132,197510,11170,426853,6143,624363,California
Contra Costa,2021-04-23,17191,1034256,13679,642057,3511,356693,1,35506,5566,191499,11589,438442,5578,629941,California
Contra Costa,2021-04-24,10961,1045217,8445,650502,2515,359208,1,35507,4201,188969,6735,445177,4205,634146,California
Contra Costa,2021-04-25,3288,1048505,2217,652719,1069,360277,2,35509,2076,189840,1211,446388,2082,636228,California
Contra Costa,2021-04-26,10129,1058634,8448,661167,1657,361934,24,35533,3069,185907,7039,453427,3106,639334,California
Contra Costa,2021-04-27,14750,1073384,10779,671946,3793,365727,178,35711,4039,179449,10686,464113,4228,643562,California
Contra Costa,2021-04-28,14341,1087725,11183,683129,2872,368599,286,35997,3861,173159,10444,474557,4154,647716,California
Contra Costa,2021-04-29,13549,1101274,10501,693630,2879,371478,169,36166,3274,166364,10244,484801,3449,651165,California
Contra Costa,2021-04-30,13842,1115116,10902,704532,2683,374161,257,36423,3201,159216,10612,495413,3464,654629,California
Contra Costa,2021-05-01,8041,1123157,5847,710379,1871,376032,323,36746,1916,155358,6097,501510,2239,656868,California
Contra Costa,2021-05-02,2341,1125498,1592,711971,668,376700,81,36827,988,155087,1340,502850,1069,657937,California
Contra Costa,2021-05-03,9137,1134635,8018,719989,943,377643,176,37003,1929,150005,7190,510040,2108,660045,California
Contra Costa,2021-05-04,14203,1148838,12265,732254,1608,379251,330,37333,2308,140778,11865,521905,2638,662683,California
Contra Costa,2021-05-05,12649,1161487,10912,743166,1535,380786,202,37535,2445,133252,10174,532079,2648,665331,California
Contra Costa,2021-05-06,10364,1171851,8614,751780,1413,382199,337,37872,1962,127183,8376,540455,2307,667638,California
Contra Costa,2021-05-07,9699,1181550,7798,759578,1677,383876,224,38096,2239,122217,7425,547880,2459,670097,California
Contra Costa,2021-05-08,5413,1186963,4098,763676,1147,385023,168,38264,1307,119606,4090,551970,1479,671576,California
Contra Costa,2021-05-09,2145,1189108,1816,765492,270,385293,59,38323,450,118429,1688,553658,511,672087,California
Contra Costa,2021-05-10,4974,1194082,3984,769476,770,386063,220,38543,1333,116361,3619,557277,1551,673638,California
Contra Costa,2021-05-11,8890,1202972,4683,774159,3969,390032,238,38781,1781,111299,7089,564366,2027,675665,California
Contra Costa,2021-05-12,9285,1212257,4787,778946,4232,394264,266,39047,1595,105504,7662,572028,1867,677532,California
Contra Costa,2021-05-13,11766,1224023,7847,786793,3732,397996,187,39234,4205,102364,7534,579562,4394,681926,California
Contra Costa,2021-05-14,12245,1236268,8179,794972,3782,401778,284,39518,5003,100436,7213,586775,5285,687211,California
Contra Costa,2021-05-15,10022,1246290,7270,802242,2634,404412,118,39636,4412,99373,5595,592370,4532,691743,California
Contra Costa,2021-05-16,2628,1248918,2313,804555,264,404676,51,39687,1214,99229,1408,593778,1264,693007,California
Contra Costa,2021-05-17,7125,1256043,5751,810306,1197,405873,177,39864,3551,99404,3554,597332,3729,696736,California
Contra Costa,2021-05-18,10230,1266273,6988,817294,3024,408897,218,40082,4423,98271,5777,603109,4644,701380,California
Contra Costa,2021-05-19,8468,1274741,6843,824137,1429,410326,196,40278,3813,97647,4636,607745,4012,705392,California
Contra Costa,2021-05-20,7186,1281927,5669,829806,1330,411656,187,40465,3314,97305,3843,611588,3501,708893,California
Contra Costa,2021-05-21,7063,1288990,5406,835212,1445,413101,212,40677,3184,96846,3852,615440,3393,712286,California
Contra Costa,2021-05-22,5113,1294103,4041,839253,891,413992,181,40858,2485,96907,2603,618043,2664,714950,California
Contra Costa,2021-05-23,1277,1295380,851,840104,369,414361,57,40915,602,96899,666,618709,658,715608,California
Contra Costa,2021-05-24,4742,1300122,3925,844029,641,415002,176,41091,2227,96805,2501,621210,2407,718015,California
Contra Costa,2021-05-25,6270,1306392,5097,849126,922,415924,251,41342,2628,96059,3624,624834,2878,720893,California
Contra Costa,2021-05-26,5617,1312009,3603,852729,1825,417749,189,41531,1926,94504,3669,628503,2114,723007,California
Contra Costa,2021-05-27,3806,1315815,2692,855421,937,418686,177,41708,1600,94087,2190,630693,1773,724780,California
Contra Costa,2021-05-28,5347,1321162,3739,859160,1437,420123,171,41879,2221,93374,3101,633794,2388,727168,California
Contra Costa,2021-05-29,3271,1324433,2125,861285,1029,421152,117,41996,1611,93453,1649,635443,1728,728896,California
Contra Costa,2021-05-30,921,1325354,583,861868,310,421462,28,42024,340,93242,579,636022,368,729264,California
Contra Costa,2021-05-31,385,1325739,264,862132,109,421571,12,42036,127,93125,255,636277,138,729402,California
Contra Costa,2021-06-01,4793,1330532,3564,865696,1084,422655,145,42181,1656,91807,3119,639396,1801,731203,California
Contra Costa,2021-06-02,3424,1333956,2426,868122,853,423508,145,42326,1390,91318,2023,641419,1534,732737,California
Contra Costa,2021-06-03,5402,1339358,4500,872622,787,424295,115,42441,1406,88850,3989,645408,1521,734258,California
Contra Costa,2021-06-04,6359,1345717,5331,877953,890,425185,138,42579,1576,85796,4765,650173,1711,735969,California
Contra Costa,2021-06-05,5201,1350918,4411,882364,678,425863,112,42691,1074,82865,4115,654288,1184,737153,California
Contra Costa,2021-06-06,1350,1352268,1178,883542,142,426005,30,42721,317,82184,1028,655316,347,737500,California
Contra Costa,2021-06-07,4914,1357182,4322,887864,492,426497,100,42821,1342,80066,3561,658877,1443,738943,California
Contra Costa,2021-06-08,6088,1363270,5250,893114,715,427212,123,42944,1421,76960,4651,663528,1545,740488,California
Contra Costa,2021-06-09,4845,1368115,4128,897242,570,427782,147,43091,1240,74763,3585,667113,1388,741876,California
Contra Costa,2021-06-10,4767,1372882,4004,901246,597,428379,166,43257,1219,72616,3532,670645,1385,743261,California
Contra Costa,2021-06-11,4835,1377717,3958,905204,678,429057,199,43456,1272,70538,3548,674193,1470,744731,California
Contra Costa,2021-06-12,3159,1380876,2677,907881,415,429472,67,43523,716,68887,2432,676625,781,745512,California
Contra Costa,2021-06-13,1136,1382012,848,908729,180,429652,108,43631,275,68416,854,677479,383,745895,California
Contra Costa,2021-06-14,3874,1385886,3274,912003,471,430123,129,43760,1113,66911,2744,680223,1239,747134,California
Contra Costa,2021-06-15,4167,1390053,3472,915475,534,430657,161,43921,1311,65536,2847,683070,1472,748606,California
Contra Costa,2021-06-16,3465,1393518,2821,918296,460,431117,184,44105,1211,64694,2235,685305,1393,749999,California
Contra Costa,2021-06-17,2760,1396278,2258,920554,376,431493,126,44231,1052,64168,1701,687006,1175,751174,California
Contra Costa,2021-06-18,3674,1399952,3026,923580,457,431950,191,44422,1326,63347,2336,689342,1515,752689,California
Contra Costa,2021-06-19,2021,1401973,1688,925268,229,432179,104,44526,576,62586,1442,690784,681,753370,California
Contra Costa,2021-06-20,784,1402757,657,925925,98,432277,29,44555,330,62494,450,691234,358,753728,California
Contra Costa,2021-06-21,1806,1404563,1378,927303,273,432550,155,44710,974,62797,824,692058,1127,754855,California
Contra Costa,2021-06-22,3032,1407595,2568,929871,323,432873,141,44851,1182,62282,1837,693895,1322,756177,California
Contra Costa,2021-06-23,2545,1410140,2117,931988,327,433200,101,44952,1023,61892,1514,695409,1124,757301,California
Contra Costa,2021-06-24,2275,1412415,1928,933916,233,433433,114,45066,904,61548,1360,696769,1016,758317,California
Contra Costa,2021-06-25,2684,1415099,2197,936113,351,433784,136,45202,1089,61185,1590,698359,1227,759544,California
Contra Costa,2021-06-26,1317,1416416,1092,937205,166,433950,59,45261,422,60773,893,699252,481,760025,California
Contra Costa,2021-06-27,481,1416897,412,937617,58,434008,11,45272,202,60709,277,699529,213,760238,California
Del Norte,2020-12-21,23,23,23,23,0,0,0,0,23,23,0,0,23,23,California
Del Norte,2020-12-22,46,69,46,69,0,0,0,0,46,69,0,0,46,69,California
Del Norte,2020-12-23,59,128,48,117,11,11,0,0,57,126,0,0,57,126,California
Del Norte,2020-12-28,34,162,34,151,0,11,0,0,34,160,0,0,34,160,California
Del Norte,2020-12-29,4,166,4,155,0,11,0,0,4,164,0,0,4,164,California
Del Norte,2020-12-30,67,233,55,210,12,23,0,0,68,232,0,0,68,232,California
Del Norte,2020-12-31,16,249,13,223,3,26,0,0,16,248,0,0,16,248,California
Del Norte,2021-01-04,103,352,50,273,53,79,0,0,103,351,0,0,103,351,California
Del Norte,2021-01-05,32,384,0,273,32,111,0,0,32,383,0,0,32,383,California
Del Norte,2021-01-06,77,461,18,291,59,170,0,0,77,460,0,0,77,460,California
Del Norte,2021-01-07,21,482,1,292,20,190,0,0,21,481,0,0,21,481,California
Del Norte,2021-01-08,77,559,7,299,70,260,0,0,77,558,0,0,77,558,California
Del Norte,2021-01-11,40,599,21,320,19,279,0,0,18,555,22,22,19,577,California
Del Norte,2021-01-12,52,651,33,353,19,298,0,0,31,565,21,43,31,608,California
Del Norte,2021-01-13,86,737,40,393,46,344,0,0,53,585,33,76,53,661,California
Del Norte,2021-01-14,53,790,14,407,39,383,0,0,47,626,6,82,47,708,California
Del Norte,2021-01-15,107,897,18,425,89,472,0,0,95,709,12,94,95,803,California
Del Norte,2021-01-17,1,898,1,426,0,472,0,0,1,710,0,94,1,804,California
Del Norte,2021-01-18,2,900,0,426,2,474,0,0,2,712,0,94,2,806,California
Del Norte,2021-01-19,119,1019,56,482,63,537,0,0,77,747,42,136,77,883,California
Del Norte,2021-01-20,161,1180,86,568,75,612,0,0,98,782,63,199,98,981,California
Del Norte,2021-01-21,43,1223,40,608,3,615,0,0,32,803,11,210,32,1013,California
Del Norte,2021-01-22,19,1242,17,625,2,617,0,0,12,808,7,217,12,1025,California
Del Norte,2021-01-23,1,1243,0,625,1,618,0,0,1,809,0,217,1,1026,California
Del Norte,2021-01-24,1,1244,0,625,1,619,0,0,1,810,0,217,1,1027,California
Del Norte,2021-01-25,101,1345,83,708,18,637,0,0,56,821,45,262,56,1083,California
Del Norte,2021-01-26,18,1363,11,719,7,644,0,0,7,817,11,273,7,1090,California
Del Norte,2021-01-27,64,1427,21,740,43,687,0,0,61,875,3,276,61,1151,California
Del Norte,2021-01-28,293,1720,20,760,273,960,0,0,288,1158,5,281,288,1439,California
Del Norte,2021-01-29,64,1784,23,783,41,1001,0,0,44,1182,20,301,44,1483,California
Del Norte,2021-01-30,8,1792,1,784,7,1008,0,0,8,1190,0,301,8,1491,California
Del Norte,2021-02-01,41,1833,1,785,40,1048,0,0,26,1201,15,316,26,1517,California
Del Norte,2021-02-02,142,1975,35,820,107,1155,0,0,73,1207,68,384,74,1591,California
Del Norte,2021-02-03,129,2104,42,862,87,1242,0,0,74,1226,55,439,74,1665,California
Del Norte,2021-02-04,70,2174,28,890,42,1284,0,0,41,1237,30,469,41,1706,California
Del Norte,2021-02-05,184,2358,22,912,162,1446,0,0,119,1292,64,533,119,1825,California
Del Norte,2021-02-06,311,2669,5,917,306,1752,0,0,311,1603,0,533,311,2136,California
Del Norte,2021-02-07,2,2671,1,918,1,1753,0,0,2,1605,0,533,2,2138,California
Del Norte,2021-02-08,35,2706,1,919,34,1787,0,0,31,1632,4,537,31,2169,California
Del Norte,2021-02-09,8,2714,5,924,3,1790,0,0,2,1628,6,543,2,2171,California
Del Norte,2021-02-10,143,2857,20,944,123,1913,0,0,85,1656,57,600,85,2256,California
Del Norte,2021-02-11,178,3035,59,1003,119,2032,0,0,64,1606,114,714,64,2320,California
Del Norte,2021-02-12,122,3157,14,1017,108,2140,0,0,68,1620,54,768,68,2388,California
Del Norte,2021-02-13,2,3159,1,1018,1,2141,0,0,2,1622,0,768,2,2390,California
Del Norte,2021-02-14,3,3162,1,1019,2,2143,0,0,2,1623,1,769,2,2392,California
Del Norte,2021-02-15,5,3167,0,1019,5,2148,0,0,3,1624,2,771,3,2395,California
Del Norte,2021-02-16,132,3299,1,1020,131,2279,0,0,13,1518,119,890,13,2408,California
Del Norte,2021-02-17,93,3392,20,1040,73,2352,0,0,25,1476,67,957,25,2433,California
Del Norte,2021-02-18,77,3469,24,1064,53,2405,0,0,51,1501,26,983,51,2484,California
Del Norte,2021-02-19,43,3512,17,1081,26,2431,0,0,33,1524,10,993,33,2517,California
Del Norte,2021-02-20,9,3521,6,1087,3,2434,0,0,6,1527,3,996,6,2523,California
Del Norte,2021-02-22,2,3523,0,1087,2,2436,0,0,2,1529,0,996,2,2525,California
Del Norte,2021-02-23,107,3630,89,1176,18,2454,0,0,31,1485,75,1071,31,2556,California
Del Norte,2021-02-24,155,3785,100,1276,55,2509,0,0,80,1490,75,1146,80,2636,California
Del Norte,2021-02-25,479,4264,131,1407,348,2857,0,0,214,1441,263,1409,214,2850,California
Del Norte,2021-02-26,213,4477,177,1584,36,2893,0,0,166,1560,47,1456,166,3016,California
Del Norte,2021-02-27,150,4627,144,1728,5,2898,1,1,141,1693,9,1465,142,3158,California
Del Norte,2021-02-28,4,4631,1,1729,3,2901,0,1,3,1695,1,1466,3,3161,California
Del Norte,2021-03-01,28,4659,2,1731,26,2927,0,1,4,1676,23,1489,4,3165,California
Del Norte,2021-03-02,222,4881,142,1873,80,3007,0,1,188,1830,34,1523,188,3353,California
Del Norte,2021-03-03,176,5057,107,1980,69,3076,0,1,134,1922,42,1565,134,3487,California
Del Norte,2021-03-04,120,5177,83,2063,37,3113,0,1,91,1985,28,1593,91,3578,California
Del Norte,2021-03-05,122,5299,11,2074,111,3224,0,1,74,2011,48,1641,74,3652,California
Del Norte,2021-03-06,465,5764,77,2151,339,3563,49,50,163,1879,302,1943,170,3822,California
Del Norte,2021-03-07,2,5766,1,2152,1,3564,0,50,1,1879,1,1944,1,3823,California
Del Norte,2021-03-08,29,5795,1,2153,26,3590,2,52,6,1865,22,1966,8,3831,California
Del Norte,2021-03-09,194,5989,113,2266,78,3668,3,55,183,2040,11,1977,186,4017,California
Del Norte,2021-03-10,235,6224,96,2362,111,3779,28,83,134,2101,101,2078,162,4179,California
Del Norte,2021-03-11,151,6375,55,2417,91,3870,5,88,103,2161,48,2126,108,4287,California
Del Norte,2021-03-12,177,6552,88,2505,89,3959,0,88,124,2232,53,2179,124,4411,California
Del Norte,2021-03-13,94,6646,93,2598,1,3960,0,88,91,2320,3,2182,91,4502,California
Del Norte,2021-03-14,1,6647,0,2598,1,3961,0,88,1,2320,1,2183,1,4503,California
Del Norte,2021-03-15,38,6685,0,2598,38,3999,0,88,34,2350,4,2187,34,4537,California
Del Norte,2021-03-16,282,6967,135,2733,147,4146,0,88,261,2590,21,2208,261,4798,California
Del Norte,2021-03-17,284,7251,95,2828,187,4333,2,90,170,2648,114,2322,172,4970,California
Del Norte,2021-03-18,284,7535,107,2935,175,4508,2,92,149,2665,134,2456,151,5121,California
Del Norte,2021-03-19,270,7805,160,3095,104,4612,6,98,92,2585,178,2634,98,5219,California
Del Norte,2021-03-20,157,7962,154,3249,3,4615,0,98,15,2458,142,2776,15,5234,California
Del Norte,2021-03-21,4,7966,2,3251,2,4617,0,98,2,2458,2,2778,2,5236,California
Del Norte,2021-03-22,43,8009,3,3254,39,4656,1,99,39,2495,3,2781,40,5276,California
Del Norte,2021-03-23,335,8344,164,3418,153,4809,18,117,164,2507,169,2950,181,5457,California
Del Norte,2021-03-24,397,8741,107,3525,250,5059,40,157,229,2608,168,3118,269,5726,California
Del Norte,2021-03-25,193,8934,88,3613,105,5164,0,157,85,2586,107,3225,85,5811,California
Del Norte,2021-03-26,234,9168,113,3726,121,5285,0,157,197,2746,37,3262,197,6008,California
Del Norte,2021-03-27,107,9275,86,3812,4,5289,17,174,17,2690,90,3352,34,6042,California
Del Norte,2021-03-28,4,9279,2,3814,2,5291,0,174,1,2688,3,3355,1,6043,California
Del Norte,2021-03-29,57,9336,6,3820,34,5325,17,191,32,2712,25,3380,49,6092,California
Del Norte,2021-03-30,338,9674,119,3939,208,5533,11,202,126,2637,212,3592,137,6229,California
Del Norte,2021-03-31,356,10030,101,4040,238,5771,17,219,200,2700,154,3746,217,6446,California
Del Norte,2021-04-01,164,10194,58,4098,72,5843,34,253,69,2709,94,3840,103,6549,California
Del Norte,2021-04-02,232,10426,78,4176,105,5948,49,302,49,2625,183,4023,99,6648,California
Del Norte,2021-04-03,108,10534,83,4259,2,5950,23,325,5,2551,102,4125,28,6676,California
Del Norte,2021-04-04,4,10538,0,4259,0,5950,4,329,0,2551,4,4129,4,6680,California
Del Norte,2021-04-05,47,10585,5,4264,38,5988,4,333,40,2588,7,4136,44,6724,California
Del Norte,2021-04-06,381,10966,120,4384,223,6211,38,371,146,2542,231,4367,185,6909,California
Del Norte,2021-04-07,438,11404,115,4499,261,6472,62,433,289,2745,149,4516,352,7261,California
Del Norte,2021-04-08,229,11633,54,4553,106,6578,69,502,105,2795,124,4640,174,7435,California
Del Norte,2021-04-09,207,11840,47,4600,83,6661,77,579,100,2864,106,4746,175,7610,California
Del Norte,2021-04-10,47,11887,26,4626,4,6665,17,596,27,2888,20,4766,44,7654,California
Del Norte,2021-04-11,12,11899,3,4629,2,6667,7,603,2,2887,10,4776,9,7663,California
Del Norte,2021-04-12,27,11926,1,4630,9,6676,17,620,1,2880,25,4801,18,7681,California
Del Norte,2021-04-13,299,12225,50,4680,249,6925,0,620,155,2891,144,4945,155,7836,California
Del Norte,2021-04-14,331,12556,23,4703,308,7233,0,620,139,2843,192,5137,144,7980,California
Del Norte,2021-04-15,164,12720,31,4734,133,7366,0,620,45,2770,119,5256,46,8026,California
Del Norte,2021-04-16,162,12882,40,4774,122,7488,0,620,60,2729,102,5358,61,8087,California
Del Norte,2021-04-17,108,12990,76,4850,32,7520,0,620,102,2825,6,5364,102,8189,California
Del Norte,2021-04-18,6,12996,5,4855,1,7521,0,620,5,2829,1,5365,5,8194,California
Del Norte,2021-04-19,51,13047,6,4861,45,7566,0,620,9,2796,42,5407,9,8203,California
Del Norte,2021-04-20,209,13256,40,4901,169,7735,0,620,74,2735,135,5542,74,8277,California
Del Norte,2021-04-21,293,13549,23,4924,270,8005,0,620,68,2581,225,5767,71,8348,California
Del Norte,2021-04-22,116,13665,16,4940,100,8105,0,620,63,2591,53,5820,63,8411,California
Del Norte,2021-04-23,155,13820,22,4962,133,8238,0,620,41,2518,114,5934,41,8452,California
Del Norte,2021-04-24,25,13845,14,4976,11,8249,0,620,20,2533,5,5939,20,8472,California
Del Norte,2021-04-25,2,13847,0,4976,2,8251,0,620,2,2535,0,5939,2,8474,California
Del Norte,2021-04-26,31,13878,0,4976,31,8282,0,620,9,2522,22,5961,9,8483,California
Del Norte,2021-04-27,181,14059,21,4997,155,8437,5,625,50,2447,131,6092,56,8539,California
Del Norte,2021-04-28,351,14410,100,5097,246,8683,5,630,63,2229,287,6379,69,8608,California
Del Norte,2021-04-29,93,14503,6,5103,83,8766,4,634,26,2192,67,6446,30,8638,California
Del Norte,2021-04-30,87,14590,7,5110,70,8836,10,644,47,2209,40,6486,57,8695,California
Del Norte,2021-05-01,7,14597,2,5112,5,8841,0,644,5,2212,2,6488,5,8700,California
Del Norte,2021-05-02,8,14605,0,5112,8,8849,0,644,8,2220,0,6488,8,8708,California
Del Norte,2021-05-03,40,14645,3,5115,34,8883,3,647,2,2188,37,6525,5,8713,California
Del Norte,2021-05-04,222,14867,36,5151,181,9064,5,652,47,2065,175,6700,52,8765,California
Del Norte,2021-05-05,234,15101,20,5171,206,9270,8,660,59,1958,174,6874,67,8832,California
Del Norte,2021-05-06,113,15214,26,5197,74,9344,13,673,26,1910,87,6961,39,8871,California
Del Norte,2021-05-07,151,15365,28,5225,119,9463,4,677,31,1825,120,7081,35,8906,California
Del Norte,2021-05-08,65,15430,55,5280,8,9471,2,679,7,1776,58,7139,9,8915,California
Del Norte,2021-05-09,10,15440,4,5284,3,9474,3,682,2,1773,8,7147,5,8920,California
Del Norte,2021-05-10,24,15464,3,5287,17,9491,4,686,14,1781,10,7157,18,8938,California
Del Norte,2021-05-11,177,15641,50,5337,125,9616,2,688,34,1674,143,7300,36,8974,California
Del Norte,2021-05-12,150,15791,23,5360,117,9733,10,698,27,1589,122,7422,37,9011,California
Del Norte,2021-05-13,69,15860,31,5391,37,9770,1,699,39,1599,30,7452,40,9051,California
Del Norte,2021-05-14,76,15936,26,5417,49,9819,1,700,41,1606,35,7487,42,9093,California
Del Norte,2021-05-15,96,16032,53,5470,37,9856,6,706,53,1622,43,7530,59,9152,California
Del Norte,2021-05-16,11,16043,0,5470,11,9867,0,706,11,1633,0,7530,11,9163,California
Del Norte,2021-05-17,26,16069,3,5473,20,9887,3,709,15,1640,11,7541,18,9181,California
Del Norte,2021-05-18,129,16198,69,5542,60,9947,0,709,81,1673,48,7589,81,9262,California
Del Norte,2021-05-19,97,16295,14,5556,66,10013,17,726,35,1662,62,7651,51,9313,California
Del Norte,2021-05-20,101,16396,33,5589,65,10078,3,729,41,1647,59,7710,44,9357,California
Del Norte,2021-05-21,81,16477,34,5623,44,10122,3,732,44,1657,37,7747,47,9404,California
Del Norte,2021-05-22,24,16501,8,5631,16,10138,0,732,11,1656,12,7759,11,9415,California
Del Norte,2021-05-23,14,16515,5,5636,9,10147,0,732,7,1656,7,7766,7,9422,California
Del Norte,2021-05-24,25,16540,9,5645,16,10163,0,732,16,1663,9,7775,16,9438,California
Del Norte,2021-05-25,47,16587,5,5650,36,10199,6,738,17,1659,27,7802,23,9461,California
Del Norte,2021-05-26,117,16704,36,5686,74,10273,7,745,54,1658,62,7864,61,9522,California
Del Norte,2021-05-27,72,16776,27,5713,41,10314,4,749,34,1658,38,7902,38,9560,California
Del Norte,2021-05-28,52,16828,7,5720,37,10351,8,757,8,1630,44,7946,16,9576,California
Del Norte,2021-05-29,8,16836,0,5720,4,10355,4,761,3,1632,5,7951,7,9583,California
Del Norte,2021-05-30,6,16842,0,5720,6,10361,0,761,1,1628,5,7956,1,9584,California
Del Norte,2021-05-31,4,16846,2,5722,2,10363,0,761,3,1630,1,7957,3,9587,California
Del Norte,2021-06-01,52,16898,6,5728,39,10402,7,768,11,1607,41,7998,18,9605,California
Del Norte,2021-06-02,84,16982,11,5739,68,10470,5,773,19,1566,65,8063,24,9629,California
Del Norte,2021-06-03,61,17043,36,5775,23,10493,2,775,27,1561,34,8097,29,9658,California
Del Norte,2021-06-04,71,17114,25,5800,41,10534,5,780,20,1535,51,8148,25,9683,California
Del Norte,2021-06-05,1,17115,0,5800,1,10535,0,780,0,1534,1,8149,0,9683,California
Del Norte,2021-06-06,10,17125,4,5804,4,10539,2,782,7,1540,3,8152,9,9692,California
Del Norte,2021-06-07,40,17165,9,5813,26,10565,5,787,15,1535,25,8177,20,9712,California
Del Norte,2021-06-08,112,17277,81,5894,26,10591,5,792,33,1494,79,8256,38,9750,California
Del Norte,2021-06-09,58,17335,11,5905,40,10631,7,799,16,1475,42,8298,23,9773,California
Del Norte,2021-06-10,57,17392,27,5932,23,10654,7,806,12,1450,44,8342,19,9792,California
Del Norte,2021-06-11,59,17451,23,5955,27,10681,9,815,13,1426,46,8388,22,9814,California
Del Norte,2021-06-12,17,17468,3,5958,11,10692,3,818,2,1416,15,8403,5,9819,California
Del Norte,2021-06-13,61,17529,43,6001,13,10705,5,823,13,1386,48,8451,18,9837,California
Del Norte,2021-06-14,37,17566,15,6016,18,10723,4,827,15,1384,21,8472,19,9856,California
Del Norte,2021-06-15,38,17604,9,6025,21,10744,8,835,5,1364,33,8505,13,9869,California
Del Norte,2021-06-16,99,17703,38,6063,50,10794,11,846,22,1320,77,8582,33,9902,California
Del Norte,2021-06-17,31,17734,13,6076,15,10809,3,849,7,1306,24,8606,10,9912,California
Del Norte,2021-06-18,48,17782,22,6098,21,10830,5,854,19,1301,29,8635,24,9936,California
Del Norte,2021-06-19,11,17793,0,6098,7,10837,4,858,3,1300,8,8643,7,9943,California
Del Norte,2021-06-20,13,17806,9,6107,4,10841,0,858,8,1303,5,8648,8,9951,California
Del Norte,2021-06-21,24,17830,9,6116,10,10851,5,863,10,1304,14,8662,15,9966,California
Del Norte,2021-06-22,39,17869,9,6125,19,10870,11,874,14,1304,25,8687,25,9991,California
Del Norte,2021-06-23,67,17936,32,6157,30,10900,5,879,31,1304,36,8723,36,10027,California
Del Norte,2021-06-24,42,17978,27,6184,10,10910,5,884,17,1301,25,8748,22,10049,California
Del Norte,2021-06-25,26,18004,12,6196,12,10922,2,886,13,1303,13,8761,15,10064,California
Del Norte,2021-06-26,5,18009,0,6196,5,10927,0,886,2,1302,3,8764,2,10066,California
Del Norte,2021-06-27,5,18014,2,6198,3,10930,0,886,3,1303,2,8766,3,10069,California
El Dorado,2020-12-15,12,12,12,12,0,0,0,0,12,12,0,0,12,12,California
El Dorado,2020-12-16,40,52,40,52,0,0,0,0,40,52,0,0,40,52,California
El Dorado,2020-12-17,33,85,33,85,0,0,0,0,33,85,0,0,33,85,California
El Dorado,2020-12-18,262,347,262,347,0,0,0,0,262,347,0,0,262,347,California
El Dorado,2020-12-19,118,465,118,465,0,0,0,0,118,465,0,0,118,465,California
El Dorado,2020-12-20,87,552,87,552,0,0,0,0,87,552,0,0,87,552,California
El Dorado,2020-12-21,311,863,310,862,1,1,0,0,311,863,0,0,311,863,California
El Dorado,2020-12-22,239,1102,215,1077,24,25,0,0,239,1102,0,0,239,1102,California
El Dorado,2020-12-23,190,1292,141,1218,49,74,0,0,190,1292,0,0,190,1292,California
El Dorado,2020-12-24,86,1378,65,1283,21,95,0,0,86,1378,0,0,86,1378,California
El Dorado,2020-12-25,8,1386,8,1291,0,95,0,0,8,1386,0,0,8,1386,California
El Dorado,2020-12-26,45,1431,27,1318,18,113,0,0,45,1431,0,0,45,1431,California
El Dorado,2020-12-27,38,1469,34,1352,4,117,0,0,38,1469,0,0,38,1469,California
El Dorado,2020-12-28,219,1688,170,1522,49,166,0,0,219,1688,0,0,219,1688,California
El Dorado,2020-12-29,462,2150,145,1667,317,483,0,0,462,2150,0,0,462,2150,California
El Dorado,2020-12-30,510,2660,139,1806,371,854,0,0,510,2660,0,0,510,2660,California
El Dorado,2020-12-31,109,2769,69,1875,40,894,0,0,109,2769,0,0,109,2769,California
El Dorado,2021-01-01,7,2776,4,1879,3,897,0,0,7,2776,0,0,7,2776,California
El Dorado,2021-01-02,153,2929,141,2020,12,909,0,0,153,2929,0,0,153,2929,California
El Dorado,2021-01-03,94,3023,18,2038,76,985,0,0,94,3023,0,0,94,3023,California
El Dorado,2021-01-04,192,3215,61,2099,131,1116,0,0,192,3215,0,0,192,3215,California
El Dorado,2021-01-05,230,3445,74,2173,156,1272,0,0,212,3409,18,18,212,3427,California
El Dorado,2021-01-06,243,3688,168,2341,75,1347,0,0,177,3521,65,83,177,3604,California
El Dorado,2021-01-07,338,4026,138,2479,200,1547,0,0,260,3703,78,161,260,3864,California
El Dorado,2021-01-08,992,5018,512,2991,480,2027,0,0,766,4244,226,387,767,4631,California
El Dorado,2021-01-09,198,5216,160,3151,38,2065,0,0,127,4300,71,458,127,4758,California
El Dorado,2021-01-10,180,5396,131,3282,49,2114,0,0,109,4339,71,529,110,4868,California
El Dorado,2021-01-11,661,6057,295,3577,366,2480,0,0,460,4600,200,729,461,5329,California
El Dorado,2021-01-12,810,6867,426,4003,384,2864,0,0,559,4908,251,980,559,5888,California
El Dorado,2021-01-13,705,7572,300,4303,405,3269,0,0,541,5285,164,1144,541,6429,California
El Dorado,2021-01-14,797,8369,222,4525,575,3844,0,0,702,5892,95,1239,702,7131,California
El Dorado,2021-01-15,797,9166,190,4715,607,4451,0,0,723,6541,74,1313,723,7854,California
El Dorado,2021-01-16,173,9339,102,4817,71,4522,0,0,146,6660,27,1340,146,8000,California
El Dorado,2021-01-17,107,9446,50,4867,57,4579,0,0,89,6731,18,1358,89,8089,California
El Dorado,2021-01-18,426,9872,142,5009,284,4863,0,0,352,7009,74,1432,352,8441,California
El Dorado,2021-01-19,753,10625,451,5460,302,5165,0,0,602,7461,151,1583,603,9044,California
El Dorado,2021-01-20,1015,11640,692,6152,323,5488,0,0,900,8247,114,1697,900,9944,California
El Dorado,2021-01-21,1270,12910,682,6834,588,6076,0,0,1062,9142,167,1864,1062,11006,California
El Dorado,2021-01-22,1243,14153,842,7676,401,6477,0,0,1182,10264,60,1924,1182,12188,California
El Dorado,2021-01-23,880,15033,622,8298,258,6735,0,0,764,10912,116,2040,764,12952,California
El Dorado,2021-01-24,130,15163,80,8378,50,6785,0,0,109,11000,21,2061,109,13061,California
El Dorado,2021-01-25,698,15861,292,8670,406,7191,0,0,610,11522,88,2149,610,13671,California
El Dorado,2021-01-26,685,16546,370,9040,315,7506,0,0,577,11991,108,2257,577,14248,California
El Dorado,2021-01-27,995,17541,392,9432,603,8109,0,0,656,12307,340,2597,656,14904,California
El Dorado,2021-01-28,1111,18652,454,9886,657,8766,0,0,749,12694,362,2959,749,15653,California
El Dorado,2021-01-29,1045,19697,557,10443,488,9254,0,0,753,13157,291,3250,754,16407,California
El Dorado,2021-01-30,839,20536,293,10736,546,9800,0,0,742,13803,96,3346,742,17149,California
El Dorado,2021-01-31,238,20774,215,10951,23,9823,0,0,183,13931,55,3401,183,17332,California
El Dorado,2021-02-01,800,21574,368,11319,432,10255,0,0,652,14435,148,3549,652,17984,California
El Dorado,2021-02-02,849,22423,367,11686,482,10737,0,0,685,14956,164,3713,685,18669,California
El Dorado,2021-02-03,906,23329,477,12163,429,11166,0,0,693,15436,213,3926,693,19362,California
El Dorado,2021-02-04,1252,24581,707,12870,545,11711,0,0,869,15924,381,4307,869,20231,California
El Dorado,2021-02-05,1502,26083,607,13477,895,12606,0,0,866,16191,599,4906,866,21097,California
El Dorado,2021-02-06,639,26722,334,13811,305,12911,0,0,532,16617,107,5013,533,21630,California
El Dorado,2021-02-07,262,26984,180,13991,82,12993,0,0,196,16747,66,5079,196,21826,California
El Dorado,2021-02-08,882,27866,418,14409,464,13457,0,0,606,17078,275,5354,606,22432,California
El Dorado,2021-02-09,978,28844,549,14958,429,13886,0,0,545,17190,433,5787,545,22977,California
El Dorado,2021-02-10,1269,30113,743,15701,526,14412,0,0,669,17260,599,6386,669,23646,California
El Dorado,2021-02-11,2167,32280,896,16597,1271,15683,0,0,754,16605,1410,7796,755,24401,California
El Dorado,2021-02-12,1583,33863,831,17428,752,16435,0,0,675,16374,907,8703,676,25077,California
El Dorado,2021-02-13,984,34847,673,18101,311,16746,0,0,436,16265,545,9248,436,25513,California
El Dorado,2021-02-14,492,35339,157,18258,335,17081,0,0,400,16573,92,9340,400,25913,California
El Dorado,2021-02-15,1179,36518,386,18644,793,17874,0,0,819,17036,360,9700,823,26736,California
El Dorado,2021-02-16,1207,37725,529,19173,678,18552,0,0,669,17169,537,10237,670,27406,California
El Dorado,2021-02-17,957,38682,423,19596,534,19086,0,0,464,17142,493,10730,466,27872,California
El Dorado,2021-02-18,2110,40792,1031,20627,1079,20165,0,0,1072,17177,1037,11767,1072,28944,California
El Dorado,2021-02-19,1227,42019,657,21284,570,20735,0,0,687,17325,539,12306,687,29631,California
El Dorado,2021-02-20,953,42972,460,21744,493,21228,0,0,681,17740,266,12572,681,30312,California
El Dorado,2021-02-21,293,43265,235,21979,58,21286,0,0,105,17657,188,12760,105,30417,California
El Dorado,2021-02-22,885,44150,445,22424,440,21726,0,0,277,17327,607,13367,277,30694,California
El Dorado,2021-02-23,863,45013,482,22906,381,22107,0,0,353,17171,509,13876,353,31047,California
El Dorado,2021-02-24,1040,46053,447,23353,593,22700,0,0,436,17003,604,14480,436,31483,California
El Dorado,2021-02-25,1922,47975,1150,24503,772,23472,0,0,698,16488,1217,15697,702,32185,California
El Dorado,2021-02-26,2405,50380,1505,26008,900,24372,0,0,1619,17324,783,16480,1619,33804,California
El Dorado,2021-02-27,1690,52070,448,26456,1242,25614,0,0,1241,18119,446,16926,1241,35045,California
El Dorado,2021-02-28,666,52736,230,26686,436,26050,0,0,498,18450,168,17094,499,35544,California
El Dorado,2021-03-01,1164,53900,468,27154,694,26744,2,2,643,18575,520,17614,645,36189,California
El Dorado,2021-03-02,939,54839,273,27427,665,27409,1,3,492,18624,445,18059,494,36683,California
El Dorado,2021-03-03,1711,56550,470,27897,1241,28650,0,3,1165,19252,539,18598,1167,37850,California
El Dorado,2021-03-04,2521,59071,1549,29446,972,29622,0,3,1200,19136,1317,19915,1201,39051,California
El Dorado,2021-03-05,1591,60662,432,29878,1154,30776,5,8,1053,19662,532,20447,1058,40109,California
El Dorado,2021-03-06,742,61404,216,30094,491,31267,35,43,392,19740,349,20796,427,40536,California
El Dorado,2021-03-07,411,61815,200,30294,192,31459,19,62,245,19840,164,20960,264,40800,California
El Dorado,2021-03-08,1335,63150,371,30665,891,32350,73,135,863,20306,469,21429,935,41735,California
El Dorado,2021-03-09,992,64142,231,30896,692,33042,69,204,589,20576,388,21817,658,42393,California
El Dorado,2021-03-10,958,65100,349,31245,553,33595,56,260,552,20783,400,22217,607,43000,California
El Dorado,2021-03-11,3035,68135,1839,33084,1011,34606,185,445,1291,20533,1723,23940,1473,44473,California
El Dorado,2021-03-12,1802,69937,626,33710,933,35539,243,688,748,20488,1036,24976,991,45464,California
El Dorado,2021-03-13,1071,71008,347,34057,441,35980,283,971,370,20441,698,25674,651,46115,California
El Dorado,2021-03-14,798,71806,207,34264,480,36460,111,1082,276,20306,522,26196,387,46502,California
El Dorado,2021-03-15,1397,73203,304,34568,968,37428,125,1207,608,20255,785,26981,734,47236,California
El Dorado,2021-03-16,1226,74429,417,34985,665,38093,144,1351,563,20305,658,27639,708,47944,California
El Dorado,2021-03-17,1149,75578,362,35347,691,38784,96,1447,749,20749,399,28038,843,48787,California
El Dorado,2021-03-18,3016,78594,1785,37132,1186,39970,45,1492,1983,21752,1025,29063,2028,50815,California
El Dorado,2021-03-19,1126,79720,365,37497,610,40580,151,1643,628,22033,497,29560,778,51593,California
El Dorado,2021-03-20,950,80670,270,37767,664,41244,16,1659,367,21845,571,30131,383,51976,California
El Dorado,2021-03-21,1032,81702,424,38191,603,41847,5,1664,920,22660,110,30241,925,52901,California
El Dorado,2021-03-22,1514,83216,494,38685,938,42785,82,1746,1190,23613,319,30560,1272,54173,California
El Dorado,2021-03-23,1159,84375,458,39143,606,43391,95,1841,734,24029,413,30973,829,55002,California
El Dorado,2021-03-24,1463,85838,628,39771,642,44033,193,2034,661,24108,775,31748,854,55856,California
El Dorado,2021-03-25,2523,88361,1690,41461,729,44762,104,2138,1373,24444,1143,32891,1479,57335,California
El Dorado,2021-03-26,1829,90190,698,42159,1021,45783,110,2248,930,24609,876,33767,1041,58376,California
El Dorado,2021-03-27,1327,91517,189,42348,1133,46916,5,2253,319,23931,1002,34769,324,58700,California
El Dorado,2021-03-28,639,92156,183,42531,446,47362,10,2263,168,23642,467,35236,178,58878,California
El Dorado,2021-03-29,1319,93475,434,42965,869,48231,16,2279,822,23986,494,35730,838,59716,California
El Dorado,2021-03-30,1366,94841,416,43381,857,49088,93,2372,680,24079,678,36408,771,60487,California
El Dorado,2021-03-31,1570,96411,587,43968,918,50006,65,2437,692,23958,875,37283,754,61241,California
El Dorado,2021-04-01,3250,99661,1776,45744,1391,51397,83,2520,1542,23880,1704,38987,1626,62867,California
El Dorado,2021-04-02,1900,101561,565,46309,1238,52635,97,2617,749,23581,1145,40132,846,63713,California
El Dorado,2021-04-03,753,102314,298,46607,334,52969,121,2738,232,23415,518,40650,352,64065,California
El Dorado,2021-04-04,273,102587,85,46692,140,53109,48,2786,98,23387,174,40824,146,64211,California
El Dorado,2021-04-05,1423,104010,423,47115,906,54015,94,2880,592,23247,825,41649,685,64896,California
El Dorado,2021-04-06,1414,105424,525,47640,670,54685,219,3099,451,22956,958,42607,667,65563,California
El Dorado,2021-04-07,1592,107016,559,48199,583,55268,450,3549,560,22934,1029,43636,1007,66570,California
El Dorado,2021-04-08,2694,109710,1729,49928,729,55997,236,3785,1113,22710,1572,45208,1348,67918,California
El Dorado,2021-04-09,1448,111158,459,50387,768,56765,221,4006,576,22634,869,46077,793,68711,California
El Dorado,2021-04-10,826,111984,227,50614,487,57252,112,4118,477,22876,346,46423,588,69299,California
El Dorado,2021-04-11,704,112688,454,51068,234,57486,16,4134,208,22605,495,46918,224,69523,California
El Dorado,2021-04-12,1288,113976,502,51570,637,58123,149,4283,563,22598,718,47636,711,70234,California
El Dorado,2021-04-13,1122,115098,610,52180,512,58635,0,4283,507,22494,611,48247,507,70741,California
El Dorado,2021-04-14,1100,116198,466,52646,633,59268,1,4284,379,22167,707,48954,380,71121,California
El Dorado,2021-04-15,2526,118724,1696,54342,830,60098,0,4284,962,21571,1559,50513,963,72084,California
El Dorado,2021-04-16,1472,120196,522,54864,950,61048,0,4284,608,21320,860,51373,609,72693,California
El Dorado,2021-04-17,798,120994,202,55066,596,61644,0,4284,497,21520,298,51671,498,73191,California
El Dorado,2021-04-18,1070,122064,119,55185,951,62595,0,4284,425,21301,644,52315,425,73616,California
El Dorado,2021-04-19,1738,123802,444,55629,1294,63889,0,4284,697,20963,1035,53350,697,74313,California
El Dorado,2021-04-20,1148,124950,393,56022,755,64644,0,4284,478,20777,665,54015,479,74792,California
El Dorado,2021-04-21,1236,126186,535,56557,697,65341,4,4288,636,20823,592,54607,638,75430,California
El Dorado,2021-04-22,2580,128766,1713,58270,867,66208,0,4288,1073,20394,1503,56110,1074,76504,California
El Dorado,2021-04-23,1432,130198,518,58788,914,67122,0,4288,726,20418,703,56813,727,77231,California
El Dorado,2021-04-24,974,131172,521,59309,453,67575,0,4288,738,20922,234,57047,738,77969,California
El Dorado,2021-04-25,657,131829,449,59758,208,67783,0,4288,469,21203,188,57235,469,78438,California
El Dorado,2021-04-26,1203,133032,492,60250,694,68477,17,4305,568,21157,630,57865,584,79022,California
El Dorado,2021-04-27,1136,134168,431,60681,667,69144,38,4343,509,21084,620,58485,547,79569,California
El Dorado,2021-04-28,1086,135254,374,61055,672,69816,40,4383,442,20923,643,59128,482,80051,California
El Dorado,2021-04-29,2007,137261,1379,62434,596,70412,32,4415,599,20149,1405,60533,631,80682,California
El Dorado,2021-04-30,2152,139413,1364,63798,747,71159,41,4456,1376,20803,762,61295,1416,82098,California
El Dorado,2021-05-01,620,140033,285,64083,307,71466,28,4484,277,20772,336,61631,305,82403,California
El Dorado,2021-05-02,301,140334,214,64297,58,71524,29,4513,100,20702,198,61829,128,82531,California
El Dorado,2021-05-03,826,141160,403,64700,373,71897,50,4563,281,20493,541,62370,332,82863,California
El Dorado,2021-05-04,911,142071,460,65160,391,72288,60,4623,326,20298,581,62951,386,83249,California
El Dorado,2021-05-05,904,142975,451,65611,379,72667,74,4697,436,20342,466,63417,510,83759,California
El Dorado,2021-05-06,1142,144117,504,66115,590,73257,48,4745,488,20226,648,64065,532,84291,California
El Dorado,2021-05-07,995,145112,389,66504,547,73804,59,4804,406,20101,589,64654,464,84755,California
El Dorado,2021-05-08,488,145600,153,66657,298,74102,37,4841,186,20024,300,64954,223,84978,California
El Dorado,2021-05-09,232,145832,93,66750,112,74214,27,4868,104,20028,127,65081,131,85109,California
El Dorado,2021-05-10,828,146660,276,67026,494,74708,58,4926,240,19746,578,65659,296,85405,California
El Dorado,2021-05-11,696,147356,309,67335,325,75033,62,4988,283,19682,410,66069,346,85751,California
El Dorado,2021-05-12,653,148009,345,67680,267,75300,41,5029,249,19569,404,66473,291,86042,California
El Dorado,2021-05-13,1265,149274,798,68478,427,75727,40,5069,470,19289,789,67262,509,86551,California
El Dorado,2021-05-14,1412,150686,814,69292,514,76241,84,5153,670,19306,737,67999,754,87305,California
El Dorado,2021-05-15,906,151592,560,69852,290,76531,56,5209,320,19096,586,68585,376,87681,California
El Dorado,2021-05-16,667,152259,464,70316,177,76708,26,5235,234,18923,433,69018,260,87941,California
El Dorado,2021-05-17,1579,153838,670,70986,860,77568,49,5284,561,18518,1014,70032,609,88550,California
El Dorado,2021-05-18,1030,154868,517,71503,459,78027,54,5338,439,18421,590,70622,493,89043,California
El Dorado,2021-05-19,817,155685,332,71835,433,78460,52,5390,309,18280,501,71123,360,89403,California
El Dorado,2021-05-20,1182,156867,658,72493,449,78909,75,5465,440,18054,739,71862,513,89916,California
El Dorado,2021-05-21,2338,159205,1747,74240,548,79457,43,5508,811,17385,1523,73385,854,90770,California
El Dorado,2021-05-22,707,159912,206,74446,465,79922,36,5544,222,17159,484,73869,258,91028,California
El Dorado,2021-05-23,307,160219,134,74580,144,80066,29,5573,93,17069,212,74081,122,91150,California
El Dorado,2021-05-24,879,161098,452,75032,358,80424,69,5642,304,16869,571,74652,371,91521,California
El Dorado,2021-05-25,608,161706,255,75287,317,80741,36,5678,223,16745,382,75034,258,91779,California
El Dorado,2021-05-26,810,162516,398,75685,388,81129,24,5702,278,16517,530,75564,302,92081,California
El Dorado,2021-05-27,621,163137,244,75929,342,81471,35,5737,310,16551,310,75874,344,92425,California
El Dorado,2021-05-28,730,163867,256,76185,410,81881,64,5801,307,16502,420,76294,371,92796,California
El Dorado,2021-05-29,390,164257,111,76296,263,82144,16,5817,171,16470,219,76513,187,92983,California
El Dorado,2021-05-30,173,164430,101,76397,58,82202,14,5831,81,16474,91,76604,95,93078,California
El Dorado,2021-05-31,37,164467,12,76409,14,82216,11,5842,8,16464,29,76633,19,93097,California
El Dorado,2021-06-01,674,165141,289,76698,346,82562,39,5881,230,16292,441,77074,269,93366,California
El Dorado,2021-06-02,630,165771,299,76997,281,82843,50,5931,259,16231,370,77444,309,93675,California
El Dorado,2021-06-03,727,166498,338,77335,346,83189,43,5974,172,15891,555,77999,215,93890,California
El Dorado,2021-06-04,885,167383,527,77862,324,83513,34,6008,185,15412,698,78697,219,94109,California
El Dorado,2021-06-05,388,167771,224,78086,152,83665,12,6020,84,15205,303,79000,96,94205,California
El Dorado,2021-06-06,279,168050,194,78280,69,83734,16,6036,51,15044,227,79227,66,94271,California
El Dorado,2021-06-07,783,168833,485,78765,258,83992,40,6076,170,14648,606,79833,210,94481,California
El Dorado,2021-06-08,631,169464,382,79147,216,84208,33,6109,129,14310,499,80332,161,94642,California
El Dorado,2021-06-09,464,169928,277,79424,161,84369,26,6135,111,14094,353,80685,137,94779,California
El Dorado,2021-06-10,587,170515,366,79790,190,84559,31,6166,162,13864,423,81108,193,94972,California
El Dorado,2021-06-11,657,171172,393,80183,220,84779,44,6210,130,13512,526,81634,174,95146,California
El Dorado,2021-06-12,260,171432,153,80336,88,84867,19,6229,61,13394,198,81832,80,95226,California
El Dorado,2021-06-13,162,171594,90,80426,54,84921,18,6247,34,13319,127,81959,52,95278,California
El Dorado,2021-06-14,508,172102,357,80783,121,85042,30,6277,133,13107,375,82334,163,95441,California
El Dorado,2021-06-15,447,172549,237,81020,173,85215,37,6314,126,12952,318,82652,163,95604,California
El Dorado,2021-06-16,505,173054,355,81375,109,85324,41,6355,131,12751,373,83025,172,95776,California
El Dorado,2021-06-17,437,173491,267,81642,137,85461,33,6388,139,12627,297,83322,173,95949,California
El Dorado,2021-06-18,394,173885,251,81893,109,85570,34,6422,118,12504,275,83597,152,96101,California
El Dorado,2021-06-19,247,174132,154,82047,80,85650,13,6435,91,12453,155,83752,104,96205,California
El Dorado,2021-06-20,123,174255,89,82136,28,85678,6,6441,52,12440,71,83823,58,96263,California
El Dorado,2021-06-21,316,174571,162,82298,129,85807,25,6466,122,12395,192,84015,147,96410,California
El Dorado,2021-06-22,393,174964,256,82554,114,85921,23,6489,132,12290,260,84275,155,96565,California
El Dorado,2021-06-23,422,175386,291,82845,109,86030,22,6511,139,12170,281,84556,161,96726,California
El Dorado,2021-06-24,390,175776,241,83086,135,86165,14,6525,145,12084,245,84801,159,96885,California
El Dorado,2021-06-25,348,176124,213,83299,99,86264,36,6561,142,12061,201,85002,178,97063,California
El Dorado,2021-06-26,196,176320,112,83411,70,86334,14,6575,66,12013,129,85131,81,97144,California
El Dorado,2021-06-27,96,176416,64,83475,27,86361,5,6580,44,12010,52,85183,49,97193,California
Fresno,2020-12-15,2,2,2,2,0,0,0,0,2,2,0,0,2,2,California
Fresno,2020-12-16,124,126,124,126,0,0,0,0,124,126,0,0,124,126,California
Fresno,2020-12-17,123,249,123,249,0,0,0,0,123,249,0,0,123,249,California
Fresno,2020-12-18,350,599,350,599,0,0,0,0,350,599,0,0,350,599,California
Fresno,2020-12-19,161,760,161,760,0,0,0,0,161,760,0,0,161,760,California
Fresno,2020-12-20,256,1016,254,1014,2,2,0,0,256,1016,0,0,256,1016,California
Fresno,2020-12-21,930,1946,928,1942,2,4,0,0,959,1975,0,0,959,1975,California
Fresno,2020-12-22,909,2855,877,2819,32,36,0,0,913,2888,0,0,913,2888,California
Fresno,2020-12-23,1089,3944,1046,3865,43,79,0,0,1090,3978,0,0,1090,3978,California
Fresno,2020-12-24,590,4534,564,4429,26,105,0,0,590,4568,0,0,590,4568,California
Fresno,2020-12-25,3,4537,1,4430,2,107,0,0,3,4571,0,0,3,4571,California
Fresno,2020-12-26,723,5260,714,5144,9,116,0,0,723,5294,0,0,723,5294,California
Fresno,2020-12-27,306,5566,210,5354,96,212,0,0,306,5600,0,0,306,5600,California
Fresno,2020-12-28,1094,6660,800,6154,294,506,0,0,1095,6695,0,0,1095,6695,California
Fresno,2020-12-29,1766,8426,999,7153,767,1273,0,0,1764,8458,1,1,1764,8459,California
Fresno,2020-12-30,985,9411,445,7598,540,1813,0,0,985,9443,0,1,985,9444,California
Fresno,2020-12-31,929,10340,310,7908,619,2432,0,0,928,10371,0,1,928,10372,California
Fresno,2021-01-01,10,10350,3,7911,7,2439,0,0,10,10381,0,1,10,10382,California
Fresno,2021-01-02,1026,11376,712,8623,314,2753,0,0,1026,11407,0,1,1026,11408,California
Fresno,2021-01-03,156,11532,130,8753,26,2779,0,0,156,11563,0,1,156,11564,California
Fresno,2021-01-04,623,12155,376,9129,247,3026,0,0,623,12186,0,1,623,12187,California
Fresno,2021-01-05,785,12940,312,9441,473,3499,0,0,711,12823,74,75,711,12898,California
Fresno,2021-01-06,991,13931,348,9789,643,4142,0,0,817,13466,174,249,817,13715,California
Fresno,2021-01-07,1899,15830,917,10706,982,5124,0,0,1644,14858,255,504,1647,15362,California
Fresno,2021-01-08,1795,17625,615,11321,1180,6304,0,0,1429,15924,364,868,1430,16792,California
Fresno,2021-01-09,637,18262,390,11711,247,6551,0,0,359,16005,278,1146,359,17151,California
Fresno,2021-01-10,518,18780,488,12199,30,6581,0,0,204,15895,314,1460,204,17355,California
Fresno,2021-01-11,2226,21006,1809,14008,417,6998,0,0,1531,16735,695,2155,1535,18890,California
Fresno,2021-01-12,2538,23544,1833,15841,705,7703,0,0,1685,17567,855,3010,1687,20577,California
Fresno,2021-01-13,3565,27109,2435,18276,1130,8833,0,0,2710,19424,856,3866,2713,23290,California
Fresno,2021-01-14,4159,31268,2198,20474,1961,10794,0,0,3687,22640,471,4337,3687,26977,California
Fresno,2021-01-15,3678,34946,2540,23014,1138,11932,0,0,3319,25604,359,4696,3323,30300,California
Fresno,2021-01-16,3164,38110,2317,25331,847,12779,0,0,2694,27830,470,5166,2696,32996,California
Fresno,2021-01-17,979,39089,557,25888,422,13201,0,0,779,28409,200,5366,779,33775,California
Fresno,2021-01-18,3090,42179,2377,28265,713,13914,0,0,2434,30191,654,6020,2436,36211,California
Fresno,2021-01-19,4347,46526,2551,30816,1796,15710,0,0,3689,33226,658,6678,3693,39904,California
Fresno,2021-01-20,3052,49578,1228,32044,1824,17534,0,0,2739,35658,310,6988,2742,42646,California
Fresno,2021-01-21,4441,54019,2076,34120,2365,19899,0,0,4078,39402,340,7328,4084,46730,California
Fresno,2021-01-22,3332,57351,1357,35477,1975,21874,0,0,2942,41971,374,7702,2943,49673,California
Fresno,2021-01-23,3065,60416,1981,37458,1084,22958,0,0,2342,43596,722,8424,2347,52020,California
Fresno,2021-01-24,558,60974,377,37835,181,23139,0,0,351,43742,207,8631,353,52373,California
Fresno,2021-01-25,2450,63424,867,38702,1583,24722,0,0,1872,45039,578,9209,1875,54248,California
Fresno,2021-01-26,2095,65519,593,39295,1502,26224,0,0,1329,45605,764,9973,1330,55578,California
Fresno,2021-01-27,2418,67937,1245,40540,1173,27397,0,0,1746,46687,667,10640,1749,57327,California
Fresno,2021-01-28,4576,72513,3064,43604,1512,28909,0,0,3479,49076,1093,11733,3482,60809,California
Fresno,2021-01-29,1680,74193,950,44554,730,29639,0,0,1377,50155,299,12032,1378,62187,California
Fresno,2021-01-30,1452,75645,546,45100,906,30545,0,0,1035,50773,417,12449,1035,63222,California
Fresno,2021-01-31,226,75871,215,45315,11,30556,0,0,72,50691,154,12603,72,63294,California
Fresno,2021-02-01,3360,79231,1663,46978,1697,32253,0,0,1779,50900,1580,14183,1789,65083,California
Fresno,2021-02-02,2735,81966,552,47530,2183,34436,0,0,1585,51366,1135,15318,1601,66684,California
Fresno,2021-02-03,3574,85540,2109,49639,1465,35901,0,0,1553,50911,2009,17327,1554,68238,California
Fresno,2021-02-04,4220,89760,1908,51547,2312,38213,0,0,1934,50594,2256,19583,1939,70177,California
Fresno,2021-02-05,5370,95130,2745,54292,2625,40838,0,0,2315,49863,3050,22633,2319,72496,California
Fresno,2021-02-06,2939,98069,2046,56338,893,41731,0,0,967,48868,1963,24596,968,73464,California
Fresno,2021-02-07,469,98538,287,56625,182,41913,0,0,272,48944,196,24792,272,73736,California
Fresno,2021-02-08,4291,102829,2299,58924,1992,43905,0,0,1808,48291,2470,27262,1817,75553,California
Fresno,2021-02-09,5354,108183,2086,61010,3268,47173,0,0,3129,49280,2149,29411,3138,78691,California
Fresno,2021-02-10,3914,112097,1239,62249,2675,49848,0,0,1985,49401,1876,31287,1997,80688,California
Fresno,2021-02-11,6469,118566,2093,64342,4376,54224,0,0,3322,49601,3128,34415,3328,84016,California
Fresno,2021-02-12,5431,123997,1388,65730,4043,58267,0,0,2738,49676,2675,37090,2750,86766,California
Fresno,2021-02-13,3770,127767,1570,67300,2200,60467,0,0,2089,50101,1670,38760,2095,88861,California
Fresno,2021-02-14,1578,129345,286,67586,1292,61759,0,0,848,50223,729,39489,851,89712,California
Fresno,2021-02-15,2909,132254,271,67857,2638,64397,0,0,1802,50926,1103,40592,1806,91518,California
Fresno,2021-02-16,6728,138982,2415,70272,4313,68710,0,0,4253,52729,2458,43050,4261,95779,California
Fresno,2021-02-17,5364,144346,2474,72746,2890,71600,0,0,2992,53399,2327,45377,2997,98776,California
Fresno,2021-02-18,6911,151257,2920,75666,3991,75591,0,0,2595,51732,4273,49650,2606,101382,California
Fresno,2021-02-19,3946,155203,1110,76776,2836,78427,0,0,1838,51481,2096,51746,1845,103227,California
Fresno,2021-02-20,4551,159754,2501,79277,2050,80477,0,0,3060,53062,1485,53231,3066,106293,California
Fresno,2021-02-21,194,159948,175,79452,19,80496,0,0,130,53142,50,53281,130,106423,California
Fresno,2021-02-22,2255,162203,1005,80457,1250,81746,0,0,1238,53375,1007,54288,1240,107663,California
Fresno,2021-02-23,4695,166898,2265,82722,2430,84176,0,0,3814,56322,869,55157,3816,111479,California
Fresno,2021-02-24,4218,171116,1503,84225,2715,86891,0,0,3463,59043,744,55901,3465,114944,California
Fresno,2021-02-25,8724,179840,3749,87974,4975,91866,0,0,7223,64840,1437,57338,7234,122178,California
Fresno,2021-02-26,9058,188898,3712,91686,5346,97212,0,0,7732,71277,1301,58639,7738,129916,California
Fresno,2021-02-27,7302,196200,3167,94853,4134,101346,1,1,6584,77165,703,59342,6591,136507,California
Fresno,2021-02-28,1664,197864,539,95392,1125,102471,0,1,1570,78655,81,59423,1571,138078,California
Fresno,2021-03-01,5117,202981,1326,96718,3791,106262,0,1,3695,80951,1406,60829,3702,141780,California
Fresno,2021-03-02,9892,212873,3393,100111,6499,112761,0,1,8500,88111,1368,62197,8528,150308,California
Fresno,2021-03-03,7082,219955,1786,101897,5295,118056,1,2,6061,93279,1008,63205,6176,156484,California
Fresno,2021-03-04,10473,230428,4130,106027,6343,124399,0,2,8721,100285,1724,64929,8730,165214,California
Fresno,2021-03-05,9376,239804,3642,109669,5732,130131,2,4,8069,107257,1174,66103,8146,173360,California
Fresno,2021-03-06,7021,246825,3955,113624,2948,133079,118,122,6021,112409,992,67095,6144,179504,California
Fresno,2021-03-07,1496,248321,682,114306,777,133856,37,159,1266,113486,227,67322,1304,180808,California
Fresno,2021-03-08,5344,253665,2059,116365,3134,136990,151,310,4049,116416,1283,68605,4213,185021,California
Fresno,2021-03-09,8671,262336,3805,120170,4594,141584,272,582,4663,117399,3987,72592,4970,189991,California
Fresno,2021-03-10,6929,269265,2879,123049,3660,145244,390,972,5412,121701,1508,74100,5810,195801,California
Fresno,2021-03-11,11641,280906,4599,127648,6491,151735,551,1523,6326,123367,5289,79389,6955,202756,California
Fresno,2021-03-12,12098,293004,5150,132798,6521,158256,427,1950,9091,130038,2987,82376,9658,212414,California
Fresno,2021-03-13,8361,301365,4068,136866,3280,161536,1013,2963,4044,130876,4296,86672,5134,217548,California
Fresno,2021-03-14,1778,303143,482,137348,1007,162543,289,3252,670,130738,1097,87769,959,218507,California
Fresno,2021-03-15,7156,310299,3184,140532,3795,166338,177,3429,4946,133865,2195,89964,5322,223829,California
Fresno,2021-03-16,10246,320545,4548,145080,5304,171642,394,3823,5430,135003,4784,94748,5922,229751,California
Fresno,2021-03-17,8751,329296,4001,149081,4048,175690,702,4525,5919,139219,2809,97557,7025,236776,California
Fresno,2021-03-18,12560,341856,6798,155879,5085,180775,677,5202,7047,141969,5463,103020,8213,244989,California
Fresno,2021-03-19,11287,353143,5961,161840,4706,185481,620,5822,6925,145558,4332,107352,7921,252910,California
Fresno,2021-03-20,7645,360788,4616,166456,2704,188185,325,6147,3778,146142,3837,111189,4421,257331,California
Fresno,2021-03-21,1860,362648,1270,167726,213,188398,377,6524,1020,146708,832,112021,1398,258729,California
Fresno,2021-03-22,5712,368360,2934,170660,2182,190580,596,7120,3826,149500,1868,113889,4660,263389,California
Fresno,2021-03-23,10656,379016,5329,175989,4827,195407,500,7620,5123,150055,5510,119399,6065,269454,California
Fresno,2021-03-24,8896,387912,3847,179836,4216,199623,833,8453,4980,152043,3879,123278,5867,275321,California
Fresno,2021-03-25,12233,400145,5688,185524,5741,205364,804,9257,4755,150254,7429,130707,5640,280961,California
Fresno,2021-03-26,12253,412398,5469,190993,6138,211502,646,9903,4446,147623,7748,138455,5117,286078,California
Fresno,2021-03-27,10145,422543,4858,195851,4199,215701,1088,10991,2971,144553,7135,145590,4065,290143,California
Fresno,2021-03-28,3422,425965,1323,197174,1407,217108,692,11683,1115,144506,2299,147889,2252,292395,California
Fresno,2021-03-29,6004,431969,2018,199192,3447,220555,539,12222,2898,144880,3077,150966,3451,295846,California
Fresno,2021-03-30,11019,442988,4275,203467,5845,226400,899,13121,3829,142451,7158,158124,4729,300575,California
Fresno,2021-03-31,9736,452724,3395,206862,5343,231743,998,14119,3670,141092,6021,164145,4662,305237,California
Fresno,2021-04-01,12250,464974,4222,211084,7157,238900,871,14990,4059,137891,8086,172231,4885,310122,California
Fresno,2021-04-02,12117,477091,4638,215722,6692,245592,787,15777,4276,135281,7677,179908,5067,315189,California
Fresno,2021-04-03,6427,483518,3533,219255,2630,248222,264,16041,2143,133460,4265,184173,2444,317633,California
Fresno,2021-04-04,1499,485017,538,219793,916,249138,45,16086,544,133105,945,185118,590,318223,California
Fresno,2021-04-05,8349,493366,4478,224271,3068,252206,803,16889,2446,130536,5887,191005,3318,321541,California
Fresno,2021-04-06,9646,503012,4035,228306,4418,256624,1193,18082,3544,129227,6062,197067,4753,326294,California
Fresno,2021-04-07,10652,513664,5516,233822,3917,260541,1219,19301,3543,126949,7064,204131,4786,331080,California
Fresno,2021-04-08,10988,524652,5179,239001,4644,265185,1165,20466,3448,124111,7490,211621,4652,335732,California
Fresno,2021-04-09,11623,536275,5348,244349,4870,270055,1405,21871,3647,121255,7927,219548,5071,340803,California
Fresno,2021-04-10,7933,544208,5172,249521,2232,272287,529,22400,3684,121236,4230,223778,4211,345014,California
Fresno,2021-04-11,1400,545608,936,250457,372,272659,92,22492,448,120830,947,224725,541,345555,California
Fresno,2021-04-12,7571,553179,4092,254549,2545,275204,934,23426,2412,119047,5127,229852,3344,348899,California
Fresno,2021-04-13,9039,562218,4314,258863,4654,279858,71,23497,3520,117250,5480,235332,3683,352582,California
Fresno,2021-04-14,9762,571980,5810,264673,3951,283809,1,23498,3788,115156,5930,241262,3836,356418,California
Fresno,2021-04-15,8525,580505,4242,268915,4280,288089,3,23501,3196,113058,5300,246562,3202,359620,California
Fresno,2021-04-16,9635,590140,4676,273591,4957,293046,2,23503,3915,111302,5678,252240,3922,363542,California
Fresno,2021-04-17,5661,595801,3780,277371,1881,294927,0,23503,2689,111044,2949,255189,2691,366233,California
Fresno,2021-04-18,1150,596951,676,278047,474,295401,0,23503,516,110931,629,255818,516,366749,California
Fresno,2021-04-19,5742,602693,3175,281222,2564,297965,3,23506,2258,109751,3444,259262,2264,369013,California
Fresno,2021-04-20,7221,609914,3689,284911,3523,301488,9,23515,2696,107956,4500,263762,2705,371718,California
Fresno,2021-04-21,6863,616777,3997,288908,2857,304345,9,23524,2862,106870,3960,267722,2874,374592,California
Fresno,2021-04-22,6575,623352,3349,292257,3225,307570,1,23525,2416,105191,4099,271821,2420,377012,California
Fresno,2021-04-23,7341,630693,4038,296295,3286,310856,17,23542,2801,103545,4452,276273,2806,379818,California
Fresno,2021-04-24,4174,634867,2491,298786,1683,312539,0,23542,1917,103218,2244,278517,1917,381735,California
Fresno,2021-04-25,1370,636237,551,299337,816,313355,3,23545,685,103228,679,279196,689,382424,California
Fresno,2021-04-26,4315,640552,2214,301551,2056,315411,45,23590,1823,102636,2460,281656,1868,384292,California
Fresno,2021-04-27,4934,645486,2531,304082,2277,317688,126,23716,1939,101729,2972,284628,2065,386357,California
Fresno,2021-04-28,4918,650404,2809,306891,1979,319667,130,23846,2066,101098,2828,287456,2197,388554,California
Fresno,2021-04-29,4911,655315,2759,309650,2012,321679,140,23986,1880,100114,3002,290458,2018,390572,California
Fresno,2021-04-30,5526,660841,3386,313036,2006,323685,134,24120,2218,99188,3277,293735,2351,392923,California
Fresno,2021-05-01,4198,665039,3465,316501,593,324278,140,24260,1236,97619,2943,296678,1374,394297,California
Fresno,2021-05-02,1253,666292,777,317278,425,324703,51,24311,617,97662,624,297302,667,394964,California
Fresno,2021-05-03,4046,670338,2700,319978,1155,325858,191,24502,1312,96454,2706,300008,1498,396462,California
Fresno,2021-05-04,4950,675288,2615,322593,2183,328041,152,24654,1579,94844,3343,303351,1733,398195,California
Fresno,2021-05-05,5362,680650,3405,325998,1729,329770,228,24882,1692,93118,3643,306994,1917,400112,California
Fresno,2021-05-06,4493,685143,2899,328897,1489,331259,105,24987,1563,91889,2898,309892,1669,401781,California
Fresno,2021-05-07,5083,690226,3357,332254,1559,332818,167,25154,1576,90146,3483,313375,1740,403521,California
Fresno,2021-05-08,4052,694278,2642,334896,1262,334080,148,25302,1249,88764,2780,316155,1398,404919,California
Fresno,2021-05-09,721,694999,393,335289,285,334365,43,25345,349,88790,366,316521,392,405311,California
Fresno,2021-05-10,2979,697978,1590,336879,1248,335613,141,25486,932,87827,2036,318557,1073,406384,California
Fresno,2021-05-11,3893,701871,2074,338953,1722,337335,97,25583,1256,86557,2623,321180,1353,407737,California
Fresno,2021-05-12,4150,706021,2711,341664,1275,338610,164,25747,1406,85409,2718,323898,1570,409307,California
Fresno,2021-05-13,4175,710196,2440,344104,1630,340240,105,25852,1848,85076,2287,326185,1954,411261,California
Fresno,2021-05-14,5109,715305,3074,347178,1851,342091,184,26036,2153,84491,2923,329108,2338,413599,California
Fresno,2021-05-15,3621,718926,2713,349891,777,342868,131,26167,1847,84704,1763,330871,1976,415575,California
Fresno,2021-05-16,1574,720500,1075,350966,465,343333,34,26201,911,84993,657,331528,946,416521,California
Fresno,2021-05-17,4182,724682,2823,353789,1196,344529,163,26364,2220,85441,1933,333461,2381,418902,California
Fresno,2021-05-18,4132,728814,2554,356343,1422,345951,156,26520,2083,85652,2025,335486,2236,421138,California
Fresno,2021-05-19,4355,733169,2765,359108,1413,347364,177,26697,2055,85607,2276,337762,2231,423369,California
Fresno,2021-05-20,4120,737289,2461,361569,1471,348835,188,26885,1877,85444,2226,339988,2063,425432,California
Fresno,2021-05-21,4573,741862,2980,364549,1498,350333,95,26980,2028,85051,2514,342502,2121,427553,California
Fresno,2021-05-22,3942,745804,2927,367476,842,351175,173,27153,2265,85828,1660,344162,2437,429990,California
Fresno,2021-05-23,953,746757,622,368098,301,351476,30,27183,466,85847,477,344639,496,430486,California
Fresno,2021-05-24,3306,750063,2098,370196,1093,352569,115,27298,1530,85740,1752,346391,1645,432131,California
Fresno,2021-05-25,3207,753270,1925,372121,1156,353725,126,27424,1341,85354,1852,348243,1466,433597,California
Fresno,2021-05-26,3255,756525,2150,374271,998,354723,107,27531,1576,85377,1658,349901,1681,435278,California
Fresno,2021-05-27,3144,759669,1910,376181,1127,355850,107,27638,1307,84980,1812,351713,1415,436693,California
Fresno,2021-05-28,3429,763098,2210,378391,1124,356974,95,27733,1862,85391,1547,353260,1958,438651,California
Fresno,2021-05-29,2274,765372,1655,380046,549,357523,70,27803,1188,85574,1076,354336,1259,439910,California
Fresno,2021-05-30,887,766259,535,380581,317,357840,35,27838,410,85559,460,354796,445,440355,California
Fresno,2021-05-31,318,766577,160,380741,146,357986,12,27850,134,85524,179,354975,144,440499,California
Fresno,2021-06-01,3020,769597,1816,382557,1107,359093,97,27947,1141,84905,1856,356831,1237,441736,California
Fresno,2021-06-02,2665,772262,1720,384277,855,359948,90,28037,1059,84480,1576,358407,1151,442887,California
Fresno,2021-06-03,2950,775212,2023,386300,824,360772,103,28140,1103,83860,1824,360231,1204,444091,California
Fresno,2021-06-04,3243,778455,2351,388651,791,361563,101,28241,1070,82883,2149,362380,1172,445263,California
Fresno,2021-06-05,3110,781565,2295,390946,694,362257,121,28362,1223,82366,1859,364239,1342,446605,California
Fresno,2021-06-06,1171,782736,931,391877,202,362459,38,28400,344,81926,822,365061,382,446987,California
Fresno,2021-06-07,3085,785821,2425,394302,568,363027,92,28492,882,80718,2181,367242,973,447960,California
Fresno,2021-06-08,2755,788576,2030,396332,643,363670,82,28574,803,79663,1939,369181,884,448844,California
Fresno,2021-06-09,2934,791510,2192,398524,652,364322,90,28664,963,78763,1952,371133,1052,449896,California
Fresno,2021-06-10,2652,794162,1927,400451,655,364977,70,28734,915,78030,1717,372850,984,450880,California
Fresno,2021-06-11,3130,797292,2192,402643,828,365805,110,28844,1157,77361,1936,374786,1267,452147,California
Fresno,2021-06-12,2902,800194,2293,404936,443,366248,166,29010,776,76184,2114,376900,937,453084,California
Fresno,2021-06-13,708,800902,458,405394,233,366481,17,29027,193,75884,510,377410,210,453294,California
Fresno,2021-06-14,2494,803396,1813,407207,552,367033,129,29156,938,75412,1537,378947,1065,454359,California
Fresno,2021-06-15,2369,805765,1703,408910,590,367623,76,29232,929,74995,1421,380368,1004,455363,California
Fresno,2021-06-16,2632,808397,1893,410803,625,368248,114,29346,1035,74557,1585,381953,1147,456510,California
Fresno,2021-06-17,2248,810645,1576,412379,581,368829,91,29437,946,74303,1289,383242,1035,457545,California
Fresno,2021-06-18,2993,813638,2148,414527,727,369556,118,29555,1184,73815,1791,385033,1303,458848,California
Fresno,2021-06-19,1689,815327,1246,415773,366,369922,77,29632,583,73371,1102,386135,658,459506,California
Fresno,2021-06-20,497,815824,351,416124,135,370057,11,29643,190,73270,302,386437,201,459707,California
Fresno,2021-06-21,1622,817446,1084,417208,474,370531,64,29707,933,73592,675,387112,997,460704,California
Fresno,2021-06-22,2172,819618,1504,418712,559,371090,109,29816,1008,73556,1150,388262,1114,461818,California
Fresno,2021-06-23,2035,821653,1462,420174,507,371597,66,29882,1003,73608,1015,389277,1067,462885,California
Fresno,2021-06-24,1964,823617,1385,421559,503,372100,76,29958,874,73481,1076,390353,949,463834,California
Fresno,2021-06-25,2033,825650,1433,422992,523,372623,77,30035,969,73480,1047,391400,1046,464880,California
Fresno,2021-06-26,1725,827375,1320,424312,305,372928,100,30135,645,73152,1073,392473,745,465625,California
Fresno,2021-06-27,695,828070,474,424786,128,373056,93,30228,339,73228,353,392826,429,466054,California
Glenn,2020-12-17,1,1,1,1,0,0,0,0,1,1,0,0,1,1,California
Glenn,2020-12-19,1,2,1,2,0,0,0,0,1,2,0,0,1,2,California
Glenn,2020-12-20,1,3,1,3,0,0,0,0,1,3,0,0,1,3,California
Glenn,2020-12-21,12,15,12,15,0,0,0,0,12,15,0,0,12,15,California
Glenn,2020-12-22,59,74,59,74,0,0,0,0,59,74,0,0,59,74,California
Glenn,2020-12-23,28,102,28,102,0,0,0,0,28,102,0,0,28,102,California
Glenn,2020-12-24,9,111,9,111,0,0,0,0,9,111,0,0,9,111,California
Glenn,2020-12-26,2,113,2,113,0,0,0,0,2,113,0,0,2,113,California
Glenn,2020-12-27,4,117,4,117,0,0,0,0,4,117,0,0,4,117,California
Glenn,2020-12-28,21,138,21,138,0,0,0,0,21,138,0,0,21,138,California
Glenn,2020-12-29,82,220,82,220,0,0,0,0,82,220,0,0,82,220,California
Glenn,2020-12-30,129,349,106,326,23,23,0,0,129,349,0,0,129,349,California
Glenn,2020-12-31,38,387,9,335,29,52,0,0,38,387,0,0,38,387,California
Glenn,2021-01-02,3,390,3,338,0,52,0,0,3,390,0,0,3,390,California
Glenn,2021-01-04,7,397,5,343,2,54,0,0,7,397,0,0,7,397,California
Glenn,2021-01-05,9,406,8,351,1,55,0,0,9,406,0,0,9,406,California
Glenn,2021-01-06,60,466,8,359,52,107,0,0,60,466,0,0,60,466,California
Glenn,2021-01-07,67,533,12,371,55,162,0,0,65,529,2,2,65,531,California
Glenn,2021-01-08,12,545,9,380,3,165,0,0,12,541,0,2,12,543,California
Glenn,2021-01-10,1,546,1,381,0,165,0,0,0,540,1,3,0,543,California
Glenn,2021-01-11,30,576,30,411,0,165,0,0,12,534,18,21,12,555,California
Glenn,2021-01-12,42,618,37,448,5,170,0,0,14,520,28,49,14,569,California
Glenn,2021-01-13,221,839,158,606,63,233,0,0,176,651,45,94,176,745,California
Glenn,2021-01-14,119,958,30,636,89,322,0,0,109,750,10,104,109,854,California
Glenn,2021-01-15,40,998,33,669,7,329,0,0,35,780,5,109,35,889,California
Glenn,2021-01-16,33,1031,14,683,19,348,0,0,23,793,10,119,23,912,California
Glenn,2021-01-17,4,1035,2,685,2,350,0,0,2,793,2,121,2,914,California
Glenn,2021-01-18,17,1052,16,701,1,351,0,0,9,794,8,129,9,923,California
Glenn,2021-01-19,30,1082,20,721,10,361,0,0,13,790,17,146,13,936,California
Glenn,2021-01-20,164,1246,95,816,69,430,0,0,83,792,81,227,83,1019,California
Glenn,2021-01-21,124,1370,98,914,26,456,0,0,30,728,94,321,30,1049,California
Glenn,2021-01-22,340,1710,66,980,274,730,0,0,333,1054,7,328,333,1382,California
Glenn,2021-01-23,16,1726,9,989,7,737,0,0,13,1064,3,331,13,1395,California
Glenn,2021-01-24,2,1728,2,991,0,737,0,0,2,1066,0,331,2,1397,California
Glenn,2021-01-25,27,1755,9,1000,18,755,0,0,24,1087,3,334,24,1421,California
Glenn,2021-01-26,30,1785,14,1014,16,771,0,0,24,1105,6,340,24,1445,California
Glenn,2021-01-27,190,1975,13,1027,177,948,0,0,168,1251,22,362,168,1613,California
Glenn,2021-01-28,147,2122,8,1035,139,1087,0,0,117,1338,30,392,117,1730,California
Glenn,2021-01-29,296,2418,12,1047,284,1371,0,0,282,1606,14,406,282,2012,California
Glenn,2021-01-30,4,2422,0,1047,4,1375,0,0,4,1610,0,406,4,2016,California
Glenn,2021-01-31,1,2423,0,1047,1,1376,0,0,1,1611,0,406,1,2017,California
Glenn,2021-02-01,31,2454,11,1058,20,1396,0,0,19,1618,12,418,19,2036,California
Glenn,2021-02-02,31,2485,16,1074,15,1411,0,0,21,1629,10,428,21,2057,California
Glenn,2021-02-03,281,2766,127,1201,154,1565,0,0,135,1619,146,574,136,2193,California
Glenn,2021-02-04,85,2851,18,1219,67,1632,0,0,28,1590,57,631,28,2221,California
Glenn,2021-02-05,319,3170,24,1243,295,1927,0,0,299,1869,20,651,299,2520,California
Glenn,2021-02-06,14,3184,2,1245,12,1939,0,0,13,1881,1,652,13,2533,California
Glenn,2021-02-07,2,3186,2,1247,0,1939,0,0,2,1883,0,652,2,2535,California
Glenn,2021-02-08,21,3207,17,1264,4,1943,0,0,4,1870,17,669,4,2539,California
Glenn,2021-02-09,49,3256,20,1284,29,1972,0,0,36,1893,13,682,36,2575,California
Glenn,2021-02-10,137,3393,19,1303,118,2090,0,0,66,1888,71,753,66,2641,California
Glenn,2021-02-11,235,3628,134,1437,101,2191,0,0,153,1958,83,836,153,2794,California
Glenn,2021-02-12,419,4047,99,1536,320,2511,0,0,352,2243,67,903,352,3146,California
Glenn,2021-02-13,37,4084,9,1545,28,2539,0,0,17,2240,20,923,17,3163,California
Glenn,2021-02-14,1,4085,0,1545,1,2540,0,0,1,2241,0,923,1,3164,California
Glenn,2021-02-15,9,4094,0,1545,9,2549,0,0,8,2248,1,924,8,3172,California
Glenn,2021-02-16,40,4134,9,1554,31,2580,0,0,21,2250,19,943,21,3193,California
Glenn,2021-02-17,380,4514,14,1568,366,2946,0,0,302,2474,78,1021,302,3495,California
Glenn,2021-02-18,134,4648,99,1667,35,2981,0,0,110,2560,24,1045,110,3605,California
Glenn,2021-02-19,303,4951,17,1684,286,3267,0,0,29,2315,274,1319,29,3634,California
Glenn,2021-02-20,9,4960,0,1684,9,3276,0,0,1,2308,8,1327,1,3635,California
Glenn,2021-02-21,1,4961,1,1685,0,3276,0,0,1,2309,0,1327,1,3636,California
Glenn,2021-02-22,33,4994,14,1699,19,3295,0,0,16,2308,17,1344,16,3652,California
Glenn,2021-02-23,41,5035,10,1709,31,3326,0,0,29,2325,12,1356,29,3681,California
Glenn,2021-02-24,255,5290,48,1757,207,3533,0,0,47,2164,208,1564,47,3728,California
Glenn,2021-02-25,233,5523,119,1876,114,3647,0,0,120,2171,113,1677,120,3848,California
Glenn,2021-02-26,304,5827,24,1900,280,3927,0,0,20,1908,283,1960,20,3868,California
Glenn,2021-02-27,16,5843,6,1906,10,3937,0,0,6,1905,9,1969,6,3874,California
Glenn,2021-02-28,6,5849,3,1909,3,3940,0,0,3,1906,2,1971,3,3877,California
Glenn,2021-03-01,28,5877,6,1915,22,3962,0,0,12,1902,16,1987,12,3889,California
Glenn,2021-03-02,35,5912,7,1922,28,3990,0,0,17,1901,18,2005,17,3906,California
Glenn,2021-03-03,191,6103,37,1959,154,4144,0,0,100,1912,89,2094,100,4006,California
Glenn,2021-03-04,521,6624,175,2134,346,4490,0,0,374,2139,147,2241,374,4380,California
Glenn,2021-03-05,357,6981,49,2183,308,4798,0,0,35,1852,322,2563,35,4415,California
Glenn,2021-03-06,28,7009,4,2187,23,4821,1,1,11,1847,17,2580,12,4427,California
Glenn,2021-03-07,5,7014,0,2187,5,4826,0,1,3,1849,1,2581,3,4430,California
Glenn,2021-03-08,20,7034,2,2189,17,4843,1,2,18,1866,2,2583,19,4449,California
Glenn,2021-03-09,82,7116,12,2201,67,4910,3,5,54,1894,28,2611,56,4505,California
Glenn,2021-03-10,172,7288,69,2270,101,5011,2,7,94,1912,78,2689,96,4601,California
Glenn,2021-03-11,582,7870,168,2438,391,5402,23,30,453,2259,129,2818,476,5077,California
Glenn,2021-03-12,420,8290,14,2452,343,5745,63,93,41,1984,379,3197,104,5181,California
Glenn,2021-03-13,13,8303,1,2453,4,5749,8,101,1,1981,12,3209,9,5190,California
Glenn,2021-03-14,3,8306,1,2454,2,5751,0,101,1,1980,2,3211,1,5191,California
Glenn,2021-03-15,76,8382,15,2469,56,5807,5,106,61,2031,15,3226,66,5257,California
Glenn,2021-03-16,109,8491,34,2503,65,5872,10,116,69,2070,40,3266,79,5336,California
Glenn,2021-03-17,417,8908,98,2601,312,6184,7,123,116,1890,301,3567,121,5457,California
Glenn,2021-03-18,522,9430,216,2817,50,6234,256,379,144,1911,378,3945,399,5856,California
Glenn,2021-03-19,96,9526,16,2833,74,6308,6,385,75,1972,20,3965,81,5937,California
Glenn,2021-03-20,133,9659,2,2835,130,6438,1,386,130,2100,3,3968,131,6068,California
Glenn,2021-03-21,6,9665,5,2840,0,6438,1,387,3,2102,2,3970,4,6072,California
Glenn,2021-03-22,123,9788,54,2894,61,6499,8,395,103,2195,18,3988,111,6183,California
Glenn,2021-03-23,179,9967,67,2961,61,6560,51,446,104,2277,73,4061,155,6338,California
Glenn,2021-03-24,208,10175,100,3061,103,6663,5,451,134,2344,72,4133,139,6477,California
Glenn,2021-03-25,471,10646,230,3291,147,6810,94,545,343,2654,127,4260,437,6914,California
Glenn,2021-03-26,238,10884,37,3328,165,6975,36,581,187,2826,51,4311,223,7137,California
Glenn,2021-03-27,168,11052,22,3350,140,7115,6,587,154,2972,14,4325,160,7297,California
Glenn,2021-03-28,15,11067,10,3360,5,7120,0,587,10,2977,5,4330,10,7307,California
Glenn,2021-03-29,61,11128,20,3380,38,7158,3,590,47,3013,14,4344,50,7357,California
Glenn,2021-03-30,76,11204,43,3423,32,7190,1,591,44,3028,30,4374,45,7402,California
Glenn,2021-03-31,124,11328,35,3458,88,7278,1,592,54,3014,69,4443,55,7457,California
Glenn,2021-04-01,655,11983,187,3645,459,7737,9,601,243,2857,409,4852,252,7709,California
Glenn,2021-04-02,170,12153,26,3671,132,7869,12,613,133,2965,37,4889,145,7854,California
Glenn,2021-04-03,95,12248,4,3675,84,7953,7,620,84,3045,11,4900,91,7945,California
Glenn,2021-04-04,9,12257,3,3678,4,7957,2,622,5,3048,4,4904,7,7952,California
Glenn,2021-04-05,67,12324,26,3704,28,7985,13,635,30,3054,37,4941,43,7995,California
Glenn,2021-04-06,145,12469,52,3756,53,8038,40,675,37,3023,107,5048,76,8071,California
Glenn,2021-04-07,161,12630,47,3803,60,8098,54,729,75,3066,86,5134,129,8200,California
Glenn,2021-04-08,640,13270,188,3991,418,8516,34,763,138,2738,500,5634,172,8372,California
Glenn,2021-04-09,158,13428,55,4046,86,8602,17,780,100,2796,58,5692,116,8488,California
Glenn,2021-04-10,76,13504,1,4047,60,8662,15,795,58,2852,17,5709,73,8561,California
Glenn,2021-04-11,17,13521,8,4055,4,8666,5,800,7,2854,10,5719,12,8573,California
Glenn,2021-04-12,116,13637,26,4081,61,8727,29,829,21,2809,95,5814,50,8623,California
Glenn,2021-04-13,118,13755,63,4144,55,8782,0,829,30,2751,88,5902,30,8653,California
Glenn,2021-04-14,123,13878,47,4191,76,8858,0,829,68,2764,55,5957,68,8721,California
Glenn,2021-04-15,365,14243,276,4467,89,8947,0,829,124,2648,240,6197,124,8845,California
Glenn,2021-04-16,169,14412,42,4509,127,9074,0,829,79,2637,90,6287,79,8924,California
Glenn,2021-04-17,168,14580,17,4526,151,9225,0,829,29,2535,131,6418,29,8953,California
Glenn,2021-04-18,19,14599,6,4532,13,9238,0,829,15,2546,4,6422,15,8968,California
Glenn,2021-04-19,83,14682,17,4549,66,9304,0,829,22,2508,60,6482,22,8990,California
Glenn,2021-04-20,132,14814,88,4637,44,9348,0,829,53,2482,79,6561,53,9043,California
Glenn,2021-04-21,430,15244,327,4964,103,9451,0,829,290,2632,140,6701,290,9333,California
Glenn,2021-04-22,214,15458,54,5018,160,9611,0,829,38,2495,175,6876,38,9371,California
Glenn,2021-04-23,191,15649,36,5054,155,9766,0,829,49,2403,141,7017,49,9420,California
Glenn,2021-04-24,180,15829,32,5086,148,9914,0,829,30,2284,149,7166,30,9450,California
Glenn,2021-04-25,30,15859,18,5104,12,9926,0,829,22,2298,8,7174,22,9472,California
Glenn,2021-04-26,50,15909,14,5118,36,9962,0,829,19,2286,31,7205,19,9491,California
Glenn,2021-04-27,65,15974,50,5168,10,9972,5,834,33,2291,32,7237,37,9528,California
Glenn,2021-04-28,263,16237,184,5352,68,10040,11,845,132,2304,130,7367,143,9671,California
Glenn,2021-04-29,186,16423,27,5379,157,10197,2,847,40,2200,146,7513,42,9713,California
Glenn,2021-04-30,163,16586,42,5421,119,10316,2,849,40,2119,123,7636,42,9755,California
Glenn,2021-05-01,108,16694,13,5434,94,10410,1,850,26,2064,82,7718,27,9782,California
Glenn,2021-05-02,30,16724,12,5446,9,10419,9,859,15,2073,15,7733,24,9806,California
Glenn,2021-05-03,39,16763,24,5470,14,10433,1,860,14,2063,25,7758,15,9821,California
Glenn,2021-05-04,60,16823,36,5506,19,10452,5,865,28,2064,32,7790,33,9854,California
Glenn,2021-05-05,128,16951,40,5546,77,10529,11,876,52,2051,76,7866,63,9917,California
Glenn,2021-05-06,111,17062,41,5587,65,10594,5,881,40,2025,71,7937,45,9962,California
Glenn,2021-05-07,122,17184,36,5623,77,10671,9,890,30,1973,91,8028,39,10001,California
Glenn,2021-05-08,65,17249,12,5635,49,10720,4,894,21,1955,43,8071,25,10026,California
Glenn,2021-05-09,17,17266,11,5646,6,10726,0,894,11,1960,6,8077,11,10037,California
Glenn,2021-05-10,37,17303,15,5661,17,10743,5,899,13,1954,24,8101,18,10055,California
Glenn,2021-05-11,80,17383,55,5716,16,10759,9,908,16,1915,64,8165,25,10080,California
Glenn,2021-05-12,335,17718,252,5968,69,10828,14,922,50,1694,285,8450,64,10144,California
Glenn,2021-05-13,159,17877,60,6028,80,10908,19,941,65,1684,94,8544,84,10228,California
Glenn,2021-05-14,105,17982,24,6052,76,10984,5,946,34,1652,71,8615,39,10267,California
Glenn,2021-05-15,67,18049,40,6092,24,11008,3,949,32,1652,34,8649,34,10301,California
Glenn,2021-05-16,31,18080,18,6110,13,11021,0,949,9,1639,22,8671,9,10310,California
Glenn,2021-05-17,86,18166,61,6171,21,11042,4,953,60,1677,26,8697,64,10374,California
Glenn,2021-05-18,67,18233,50,6221,13,11055,4,957,21,1656,46,8743,25,10399,California
Glenn,2021-05-19,199,18432,118,6339,69,11124,12,969,73,1615,125,8868,84,10483,California
Glenn,2021-05-20,120,18552,79,6418,39,11163,2,971,80,1657,40,8908,82,10565,California
Glenn,2021-05-21,70,18622,26,6444,43,11206,1,972,28,1644,42,8950,29,10594,California
Glenn,2021-05-22,56,18678,24,6468,32,11238,0,972,29,1646,27,8977,29,10623,California
Glenn,2021-05-23,29,18707,16,6484,13,11251,0,972,12,1642,16,8993,12,10635,California
Glenn,2021-05-24,30,18737,11,6495,15,11266,4,976,11,1639,18,9011,15,10650,California
Glenn,2021-05-25,47,18784,36,6531,9,11275,2,978,24,1642,23,9034,26,10676,California
Glenn,2021-05-26,75,18859,16,6547,55,11330,4,982,27,1625,48,9082,31,10707,California
Glenn,2021-05-27,100,18959,62,6609,37,11367,1,983,46,1620,52,9134,47,10754,California
Glenn,2021-05-28,62,19021,19,6628,36,11403,7,990,32,1629,30,9164,39,10793,California
Glenn,2021-05-29,48,19069,11,6639,33,11436,4,994,21,1627,27,9191,25,10818,California
Glenn,2021-05-30,21,19090,13,6652,8,11444,0,994,8,1623,12,9203,8,10826,California
Glenn,2021-05-31,4,19094,0,6652,4,11448,0,994,0,1619,4,9207,0,10826,California
Glenn,2021-06-01,56,19150,31,6683,22,11470,3,997,24,1614,32,9239,27,10853,California
Glenn,2021-06-02,98,19248,49,6732,46,11516,3,1000,39,1597,59,9298,42,10895,California
Glenn,2021-06-03,76,19324,43,6775,26,11542,7,1007,18,1566,56,9354,25,10920,California
Glenn,2021-06-04,76,19400,36,6811,37,11579,3,1010,41,1575,35,9389,44,10964,California
Glenn,2021-06-05,55,19455,30,6841,22,11601,3,1013,17,1557,38,9427,20,10984,California
Glenn,2021-06-06,30,19485,27,6868,2,11603,1,1014,14,1557,15,9442,15,10999,California
Glenn,2021-06-07,68,19553,59,6927,7,11610,2,1016,13,1518,54,9496,15,11014,California
Glenn,2021-06-08,35,19588,19,6946,11,11621,5,1021,16,1520,19,9515,21,11035,California
Glenn,2021-06-09,64,19652,36,6982,21,11642,7,1028,31,1525,33,9548,38,11073,California
Glenn,2021-06-10,117,19769,86,7068,25,11667,6,1034,34,1482,83,9631,40,11113,California
Glenn,2021-06-11,87,19856,56,7124,28,11695,3,1037,24,1446,63,9694,27,11140,California
Glenn,2021-06-12,35,19891,19,7143,13,11708,3,1040,13,1440,22,9716,16,11156,California
Glenn,2021-06-13,11,19902,11,7154,0,11708,0,1040,5,1439,6,9722,5,11161,California
Glenn,2021-06-14,40,19942,27,7181,10,11718,3,1043,16,1435,23,9745,19,11180,California
Glenn,2021-06-15,48,19990,33,7214,14,11732,1,1044,24,1436,24,9769,25,11205,California
Glenn,2021-06-16,87,20077,52,7266,34,11766,1,1045,58,1468,27,9796,59,11264,California
Glenn,2021-06-17,61,20138,36,7302,21,11787,4,1049,7,1425,54,9850,11,11275,California
Glenn,2021-06-18,81,20219,45,7347,15,11802,21,1070,26,1417,55,9905,47,11322,California
Glenn,2021-06-19,43,20262,22,7369,21,11823,0,1070,24,1422,19,9924,24,11346,California
Glenn,2021-06-20,14,20276,10,7379,4,11827,0,1070,3,1414,11,9935,3,11349,California
Glenn,2021-06-21,25,20301,17,7396,6,11833,2,1072,18,1427,7,9942,20,11369,California
Glenn,2021-06-22,45,20346,30,7426,13,11846,2,1074,21,1427,23,9965,23,11392,California
Glenn,2021-06-23,54,20400,37,7463,14,11860,3,1077,29,1434,25,9990,32,11424,California
Glenn,2021-06-24,43,20443,27,7490,12,11872,4,1081,17,1429,26,10016,21,11445,California
Glenn,2021-06-25,55,20498,45,7535,9,11881,1,1082,23,1421,32,10048,24,11469,California
Glenn,2021-06-26,31,20529,17,7552,14,11895,0,1082,14,1418,17,10065,14,11483,California
Glenn,2021-06-27,7,20536,3,7555,4,11899,0,1082,2,1415,5,10070,2,11485,California
Humboldt,2020-12-15,2,2,2,2,0,0,0,0,2,2,0,0,2,2,California
Humboldt,2020-12-16,16,18,16,18,0,0,0,0,16,18,0,0,16,18,California
Humboldt,2020-12-17,117,135,117,135,0,0,0,0,117,135,0,0,117,135,California
Humboldt,2020-12-18,177,312,177,312,0,0,0,0,177,312,0,0,177,312,California
Humboldt,2020-12-19,10,322,10,322,0,0,0,0,10,322,0,0,10,322,California
Humboldt,2020-12-20,28,350,28,350,0,0,0,0,28,350,0,0,28,350,California
Humboldt,2020-12-21,167,517,167,517,0,0,0,0,167,517,0,0,167,517,California
Humboldt,2020-12-22,335,852,335,852,0,0,0,0,335,852,0,0,335,852,California
Humboldt,2020-12-23,322,1174,264,1116,58,58,0,0,324,1176,0,0,324,1176,California
Humboldt,2020-12-24,25,1199,2,1118,23,81,0,0,25,1201,0,0,25,1201,California
Humboldt,2020-12-25,2,1201,2,1120,0,81,0,0,2,1203,0,0,2,1203,California
Humboldt,2020-12-26,6,1207,5,1125,1,82,0,0,6,1209,0,0,6,1209,California
Humboldt,2020-12-28,207,1414,149,1274,58,140,0,0,207,1416,0,0,207,1416,California
Humboldt,2020-12-29,184,1598,123,1397,61,201,0,0,185,1601,0,0,185,1601,California
Humboldt,2020-12-30,232,1830,127,1524,105,306,0,0,232,1833,0,0,232,1833,California
Humboldt,2020-12-31,246,2076,81,1605,165,471,0,0,246,2079,0,0,246,2079,California
Humboldt,2021-01-01,3,2079,2,1607,1,472,0,0,3,2082,0,0,3,2082,California
Humboldt,2021-01-02,40,2119,2,1609,38,510,0,0,40,2122,0,0,40,2122,California
Humboldt,2021-01-04,219,2338,142,1751,77,587,0,0,220,2342,0,0,220,2342,California
Humboldt,2021-01-05,133,2471,21,1772,112,699,0,0,133,2474,1,1,133,2475,California
Humboldt,2021-01-06,314,2785,214,1986,100,799,0,0,241,2654,61,62,241,2716,California
Humboldt,2021-01-07,435,3220,323,2309,112,911,0,0,318,2872,100,162,318,3034,California
Humboldt,2021-01-08,426,3646,286,2595,140,1051,0,0,287,3026,133,295,287,3321,California
Humboldt,2021-01-09,68,3714,44,2639,24,1075,0,0,65,3089,3,298,66,3387,California
Humboldt,2021-01-10,84,3798,84,2723,0,1075,0,0,4,3013,80,378,4,3391,California
Humboldt,2021-01-11,292,4090,281,3004,11,1086,0,0,71,2867,217,595,71,3462,California
Humboldt,2021-01-12,503,4593,339,3343,164,1250,0,0,286,2958,195,790,286,3748,California
Humboldt,2021-01-13,500,5093,281,3624,219,1469,0,0,321,3104,176,966,322,4070,California
Humboldt,2021-01-14,556,5649,173,3797,383,1852,0,0,500,3549,56,1022,501,4571,California
Humboldt,2021-01-15,371,6020,28,3825,343,2195,0,0,354,3886,17,1039,354,4925,California
Humboldt,2021-01-16,169,6189,6,3831,163,2358,0,0,168,4053,1,1040,168,5093,California
Humboldt,2021-01-17,7,6196,4,3835,3,2361,0,0,7,4060,0,1040,7,5100,California
Humboldt,2021-01-18,305,6501,270,4105,35,2396,0,0,151,4057,154,1194,151,5251,California
Humboldt,2021-01-19,658,7159,399,4504,259,2655,0,0,528,4461,124,1318,528,5779,California
Humboldt,2021-01-20,951,8110,422,4926,529,3184,0,0,787,5094,156,1474,789,6568,California
Humboldt,2021-01-21,973,9083,260,5186,713,3897,0,0,930,5981,43,1517,930,7498,California
Humboldt,2021-01-22,689,9772,381,5567,308,4205,0,0,679,6651,10,1527,680,8178,California
Humboldt,2021-01-23,928,10700,283,5850,645,4850,0,0,919,7562,9,1536,920,9098,California
Humboldt,2021-01-24,229,10929,1,5851,228,5078,0,0,228,7789,1,1537,228,9326,California
Humboldt,2021-01-25,351,11280,234,6085,117,5195,0,0,154,7746,197,1734,154,9480,California
Humboldt,2021-01-26,544,11824,149,6234,395,5590,0,0,480,8162,64,1798,480,9960,California
Humboldt,2021-01-27,1272,13096,584,6818,688,6278,0,0,1200,9300,64,1862,1202,11162,California
Humboldt,2021-01-28,1462,14558,635,7453,827,7105,0,0,1321,10485,138,2000,1323,12485,California
Humboldt,2021-01-29,1164,15722,547,8000,617,7722,0,0,695,10711,469,2469,695,13180,California
Humboldt,2021-01-30,1029,16751,470,8470,559,8281,0,0,984,11651,45,2514,985,14165,California
Humboldt,2021-01-31,317,17068,315,8785,2,8283,0,0,316,11966,1,2515,316,14481,California
Humboldt,2021-02-01,321,17389,177,8962,144,8427,0,0,185,12015,136,2651,185,14666,California
Humboldt,2021-02-02,454,17843,79,9041,375,8802,0,0,349,12264,102,2753,351,15017,California
Humboldt,2021-02-03,676,18519,267,9308,409,9211,0,0,521,12630,155,2908,521,15538,California
Humboldt,2021-02-04,652,19171,260,9568,392,9603,0,0,444,12869,205,3113,444,15982,California
Humboldt,2021-02-05,826,19997,108,9676,718,10321,0,0,624,13292,201,3314,624,16606,California
Humboldt,2021-02-06,1084,21081,471,10147,613,10934,0,0,1035,14280,48,3362,1036,17642,California
Humboldt,2021-02-07,379,21460,8,10155,371,11305,0,0,374,14651,4,3366,375,18017,California
Humboldt,2021-02-08,338,21798,147,10302,191,11496,0,0,180,14674,157,3523,180,18197,California
Humboldt,2021-02-09,504,22302,228,10530,276,11772,0,0,177,14524,327,3850,177,18374,California
Humboldt,2021-02-10,564,22866,371,10901,193,11965,0,0,204,14373,355,4205,204,18578,California
Humboldt,2021-02-11,1320,24186,397,11298,923,12888,0,0,489,14036,828,5033,491,19069,California
Humboldt,2021-02-12,1169,25355,748,12046,421,13309,0,0,712,14291,457,5490,712,19781,California
Humboldt,2021-02-13,1552,26907,601,12647,951,14260,0,0,925,14592,625,6115,926,20707,California
Humboldt,2021-02-14,114,27021,5,12652,109,14369,0,0,110,14699,3,6118,110,20817,California
Humboldt,2021-02-15,294,27315,81,12733,213,14582,0,0,193,14792,100,6218,193,21010,California
Humboldt,2021-02-16,548,27863,123,12856,425,15007,0,0,252,14750,296,6514,254,21264,California
Humboldt,2021-02-17,454,28317,282,13138,172,15179,0,0,133,14563,320,6834,133,21397,California
Humboldt,2021-02-18,1027,29344,603,13741,424,15603,0,0,276,14090,749,7583,276,21673,California
Humboldt,2021-02-19,482,29826,434,14175,48,15651,0,0,92,13796,386,7969,92,21765,California
Humboldt,2021-02-20,1729,31555,1027,15202,702,16353,0,0,481,13035,1245,9214,484,22249,California
Humboldt,2021-02-21,479,32034,471,15673,8,16361,0,0,179,12915,300,9514,180,22429,California
Humboldt,2021-02-22,138,32172,94,15767,44,16405,0,0,29,12837,107,9621,29,22458,California
Humboldt,2021-02-23,182,32354,71,15838,111,16516,0,0,44,12745,136,9757,44,22502,California
Humboldt,2021-02-24,1216,33570,742,16580,474,16990,0,0,586,12703,628,10385,586,23088,California
Humboldt,2021-02-25,838,34408,319,16899,519,17509,0,0,232,12331,604,10989,232,23320,California
Humboldt,2021-02-26,2153,36561,108,17007,2045,19554,0,0,441,11067,1706,12695,442,23762,California
Humboldt,2021-02-27,1713,38274,1091,18098,622,20176,0,0,853,11066,858,13553,857,24619,California
Humboldt,2021-02-28,126,38400,11,18109,115,20291,0,0,118,11177,7,13560,118,24737,California
Humboldt,2021-03-01,262,38662,47,18156,215,20506,0,0,188,11291,74,13634,188,24925,California
Humboldt,2021-03-02,305,38967,51,18207,254,20760,0,0,166,11318,139,13773,166,25091,California
Humboldt,2021-03-03,1672,40639,1105,19312,567,21327,0,0,1222,12098,443,14216,1223,26314,California
Humboldt,2021-03-04,925,41564,114,19426,811,22138,0,0,300,11775,625,14841,302,26616,California
Humboldt,2021-03-05,948,42512,189,19615,748,22886,11,11,389,11619,556,15397,400,27016,California
Humboldt,2021-03-06,1798,44310,936,20551,813,23699,49,60,797,11465,1000,16397,846,27862,California
Humboldt,2021-03-07,368,44678,296,20847,54,23753,18,78,158,11431,210,16607,176,28038,California
Humboldt,2021-03-08,275,44953,6,20853,191,23944,78,156,180,11595,94,16701,258,28296,California
Humboldt,2021-03-09,501,45454,206,21059,147,24091,148,304,245,11733,254,16955,392,28688,California
Humboldt,2021-03-10,693,46147,468,21527,70,24161,155,459,420,12034,272,17227,573,29261,California
Humboldt,2021-03-11,1484,47631,461,21988,923,25084,100,559,652,11958,827,18054,751,30012,California
Humboldt,2021-03-12,1753,49384,1086,23074,445,25529,222,781,1055,12548,690,18744,1280,31292,California
Humboldt,2021-03-13,1585,50969,1037,24111,497,26026,51,832,671,12361,908,19652,721,32013,California
Humboldt,2021-03-14,143,51112,19,24130,116,26142,8,840,29,12284,114,19766,37,32050,California
Humboldt,2021-03-15,279,51391,51,24181,206,26348,22,862,60,12147,219,19985,82,32132,California
Humboldt,2021-03-16,638,52029,201,24382,176,26524,261,1123,262,12293,375,20360,521,32653,California
Humboldt,2021-03-17,732,52761,395,24777,229,26753,108,1231,340,12350,391,20751,448,33101,California
Humboldt,2021-03-18,1740,54501,1165,25942,532,27285,43,1274,1038,12733,698,21449,1081,34182,California
Humboldt,2021-03-19,1077,55578,61,26003,700,27985,316,1590,441,12855,634,22083,756,34938,California
Humboldt,2021-03-20,1384,56962,757,26760,613,28598,14,1604,424,12336,958,23041,439,35377,California
Humboldt,2021-03-21,252,57214,34,26794,189,28787,29,1633,207,12526,45,23086,235,35612,California
Humboldt,2021-03-22,119,57333,15,26809,54,28841,50,1683,62,12583,55,23141,112,35724,California
Humboldt,2021-03-23,414,57747,42,26851,329,29170,43,1726,320,12854,92,23233,363,36087,California
Humboldt,2021-03-24,1414,59161,389,27240,978,30148,47,1773,1038,13570,368,23601,1084,37171,California
Humboldt,2021-03-25,1844,61005,1214,28454,566,30714,64,1837,948,13687,894,24495,1011,38182,California
Humboldt,2021-03-26,2044,63049,440,28894,1546,32260,58,1895,1596,14898,442,24937,1653,39835,California
Humboldt,2021-03-27,2089,65138,1494,30388,421,32681,174,2069,1114,15215,971,25908,1288,41123,California
Humboldt,2021-03-28,268,65406,82,30470,114,32795,72,2141,81,15183,186,26094,154,41277,California
Humboldt,2021-03-29,467,65873,124,30594,247,33042,96,2237,197,15206,269,26363,292,41569,California
Humboldt,2021-03-30,947,66820,303,30897,530,33572,114,2351,561,15499,381,26744,674,42243,California
Humboldt,2021-03-31,1869,68689,522,31419,1249,34821,98,2449,1411,16555,454,27198,1510,43753,California
Humboldt,2021-04-01,2120,70809,710,32129,1317,36138,93,2542,1481,17498,631,27829,1574,45327,California
Humboldt,2021-04-02,1728,72537,1112,33241,510,36648,106,2648,622,17126,1100,28929,728,46055,California
Humboldt,2021-04-03,1669,74206,1508,34749,146,36794,15,2663,671,16824,988,29917,686,46741,California
Humboldt,2021-04-04,485,74691,372,35121,104,36898,9,2672,404,17157,80,29997,413,47154,California
Humboldt,2021-04-05,780,75471,465,35586,267,37165,48,2720,444,17316,333,30330,492,47646,California
Humboldt,2021-04-06,848,76319,319,35905,395,37560,134,2854,590,17786,252,30582,722,48368,California
Humboldt,2021-04-07,1501,77820,1067,36972,292,37852,142,2996,994,18418,504,31086,1136,49504,California
Humboldt,2021-04-08,1754,79574,1097,38069,498,38350,159,3155,744,18313,1008,32094,903,50407,California
Humboldt,2021-04-09,1446,81020,441,38510,850,39200,155,3310,1155,19326,290,32384,1303,51710,California
Humboldt,2021-04-10,942,81962,138,38648,629,39829,175,3485,742,20043,198,32582,915,52625,California
Humboldt,2021-04-11,646,82608,138,38786,36,39865,472,3957,129,20125,517,33099,599,53224,California
Humboldt,2021-04-12,442,83050,230,39016,85,39950,127,4084,281,20373,160,33259,408,53632,California
Humboldt,2021-04-13,593,83643,324,39340,264,40214,5,4089,556,20899,34,33293,560,54192,California
Humboldt,2021-04-14,1449,85092,1046,40386,403,40617,0,4089,1332,22115,116,33409,1332,55524,California
Humboldt,2021-04-15,1834,86926,1203,41589,627,41244,4,4093,1260,22822,555,33964,1262,56786,California
Humboldt,2021-04-16,1141,88067,522,42111,619,41863,0,4093,556,22796,582,34546,556,57342,California
Humboldt,2021-04-17,1861,89928,1538,43649,323,42186,0,4093,1055,23051,800,35346,1055,58397,California
Humboldt,2021-04-18,670,90598,354,44003,315,42501,1,4094,85,22557,579,35925,85,58482,California
Humboldt,2021-04-19,208,90806,86,44089,122,42623,0,4094,92,22535,114,36039,92,58574,California
Humboldt,2021-04-20,508,91314,139,44228,369,42992,0,4094,252,22532,255,36294,252,58826,California
Humboldt,2021-04-21,1126,92440,392,44620,734,43726,0,4094,457,22330,660,36954,458,59284,California
Humboldt,2021-04-22,900,93340,538,45158,361,44087,1,4095,457,22347,440,37394,457,59741,California
Humboldt,2021-04-23,2195,95535,312,45470,1883,45970,0,4095,340,20836,1851,39245,340,60081,California
Humboldt,2021-04-24,1097,96632,884,46354,208,46178,5,4100,366,20479,728,39973,371,60452,California
Humboldt,2021-04-25,376,97008,241,46595,135,46313,0,4100,194,20493,180,40153,194,60646,California
Humboldt,2021-04-26,389,97397,272,46867,113,46426,4,4104,109,20326,278,40431,111,60757,California
Humboldt,2021-04-27,777,98174,278,47145,470,46896,29,4133,155,19890,620,41051,184,60941,California
Humboldt,2021-04-28,1603,99777,842,47987,716,47612,45,4178,417,19169,1183,42234,462,61403,California
Humboldt,2021-04-29,1788,101565,634,48621,1116,48728,38,4216,300,18024,1483,43717,338,61741,California
Humboldt,2021-04-30,1302,102867,436,49057,832,49560,34,4250,204,17169,1091,44808,236,61977,California
Humboldt,2021-05-01,481,103348,385,49442,74,49634,22,4272,299,17309,181,44989,321,62298,California
Humboldt,2021-05-02,232,103580,185,49627,38,49672,9,4281,117,17321,114,45103,126,62424,California
Humboldt,2021-05-03,618,104198,375,50002,219,49891,24,4305,102,16934,514,45617,127,62551,California
Humboldt,2021-05-04,871,105069,522,50524,303,50194,46,4351,262,16635,606,46223,307,62858,California
Humboldt,2021-05-05,1739,106808,1115,51639,566,50760,58,4409,185,15330,1546,47769,241,63099,California
Humboldt,2021-05-06,1692,108500,1075,52714,365,51125,252,4661,138,14169,1551,49320,390,63489,California
Humboldt,2021-05-07,1438,109938,315,53029,1063,52188,60,4721,238,13268,1197,50517,296,63785,California
Humboldt,2021-05-08,743,110681,147,53176,573,52761,23,4744,90,12730,651,51168,113,63898,California
Humboldt,2021-05-09,907,111588,855,54031,42,52803,10,4754,47,11927,860,52028,57,63955,California
Humboldt,2021-05-10,218,111806,37,54068,142,52945,39,4793,82,11912,136,52164,121,64076,California
Humboldt,2021-05-11,535,112341,183,54251,279,53224,73,4866,204,11859,330,52494,277,64353,California
Humboldt,2021-05-12,622,112963,142,54393,434,53658,46,4912,227,11737,394,52888,272,64625,California
Humboldt,2021-05-13,629,113592,302,54695,300,53958,27,4939,290,11717,337,53225,317,64942,California
Humboldt,2021-05-14,712,114304,142,54837,466,54424,104,5043,233,11577,476,53701,336,65278,California
Humboldt,2021-05-15,786,115090,643,55480,134,54558,9,5052,212,11225,573,54274,221,65499,California
Humboldt,2021-05-16,122,115212,54,55534,64,54622,4,5056,68,11243,54,54328,72,65571,California
Humboldt,2021-05-17,410,115622,215,55749,172,54794,23,5079,225,11307,183,54511,247,65818,California
Humboldt,2021-05-18,665,116287,327,56076,309,55103,29,5108,362,11396,302,54813,391,66209,California
Humboldt,2021-05-19,994,117281,550,56626,401,55504,43,5151,345,11137,645,55458,386,66595,California
Humboldt,2021-05-20,828,118109,607,57233,208,55712,13,5164,594,11514,231,55689,608,67203,California
Humboldt,2021-05-21,877,118986,291,57524,525,56237,61,5225,350,11398,527,56216,411,67614,California
Humboldt,2021-05-22,413,119399,319,57843,86,56323,8,5233,146,11287,265,56481,154,67768,California
Humboldt,2021-05-23,393,119792,323,58166,67,56390,3,5236,75,11047,318,56799,78,67846,California
Humboldt,2021-05-24,338,120130,175,58341,134,56524,29,5265,183,11105,154,56953,212,68058,California
Humboldt,2021-05-25,531,120661,339,58680,168,56692,24,5289,289,11179,239,57192,313,68371,California
Humboldt,2021-05-26,648,121309,310,58990,314,57006,24,5313,309,11174,338,57530,333,68704,California
Humboldt,2021-05-27,465,121774,247,59237,181,57187,37,5350,276,11298,189,57719,313,69017,California
Humboldt,2021-05-28,410,122184,193,59430,170,57357,47,5397,169,11274,240,57959,216,69233,California
Humboldt,2021-05-29,172,122356,103,59533,66,57423,3,5400,91,11287,81,58040,94,69327,California
Humboldt,2021-05-30,104,122460,45,59578,54,57477,5,5405,49,11287,54,58094,54,69381,California
Humboldt,2021-05-31,72,122532,26,59604,40,57517,6,5411,48,11317,23,58117,53,69434,California
Humboldt,2021-06-01,459,122991,266,59870,178,57695,15,5426,183,11239,276,58393,198,69632,California
Humboldt,2021-06-02,532,123523,250,60120,228,57923,54,5480,236,11237,290,58683,288,69920,California
Humboldt,2021-06-03,391,123914,226,60346,143,58066,22,5502,85,11066,278,58961,107,70027,California
Humboldt,2021-06-04,507,124421,317,60663,166,58232,24,5526,133,10892,330,59291,156,70183,California
Humboldt,2021-06-05,409,124830,314,60977,50,58282,45,5571,206,10995,148,59439,251,70434,California
Humboldt,2021-06-06,170,125000,118,61095,43,58325,9,5580,69,10977,96,59535,78,70512,California
Humboldt,2021-06-07,354,125354,216,61311,114,58439,24,5604,111,10870,242,59777,135,70647,California
Humboldt,2021-06-08,522,125876,303,61614,190,58629,29,5633,152,10682,368,60145,180,70827,California
Humboldt,2021-06-09,397,126273,203,61817,147,58776,47,5680,123,10580,272,60417,170,70997,California
Humboldt,2021-06-10,563,126836,445,62262,91,58867,27,5707,93,10232,466,60883,118,71115,California
Humboldt,2021-06-11,438,127274,246,62508,164,59031,28,5735,100,10023,337,61220,128,71243,California
Humboldt,2021-06-12,178,127452,131,62639,47,59078,0,5735,49,9944,128,61348,49,71292,California
Humboldt,2021-06-13,214,127666,146,62785,43,59121,25,5760,92,9940,120,61468,116,71408,California
Humboldt,2021-06-14,419,128085,254,63039,138,59259,27,5787,115,9779,303,61771,142,71550,California
Humboldt,2021-06-15,545,128630,370,63409,147,59406,28,5815,154,9575,385,62156,181,71731,California
Humboldt,2021-06-16,483,129113,322,63731,114,59520,47,5862,140,9428,334,62490,187,71918,California
Humboldt,2021-06-17,396,129509,259,63990,91,59611,46,5908,98,9274,298,62788,144,72062,California
Humboldt,2021-06-18,398,129907,227,64217,142,59753,29,5937,127,9164,265,63053,155,72217,California
Humboldt,2021-06-19,202,130109,136,64353,45,59798,21,5958,87,9157,114,63167,107,72324,California
Humboldt,2021-06-20,80,130189,36,64389,30,59828,14,5972,33,9159,45,63212,47,72371,California
Humboldt,2021-06-21,152,130341,71,64460,54,59882,27,5999,53,9140,99,63311,80,72451,California
Humboldt,2021-06-22,347,130688,219,64679,109,59991,19,6018,144,9101,202,63513,163,72614,California
Humboldt,2021-06-23,351,131039,248,64927,74,60065,29,6047,106,8996,238,63751,133,72747,California
Humboldt,2021-06-24,199,131238,103,65030,49,60114,47,6094,85,9016,110,63861,130,72877,California
Humboldt,2021-06-25,253,131491,144,65174,94,60208,15,6109,104,8988,147,64008,119,72996,California
Humboldt,2021-06-26,233,131724,178,65352,32,60240,23,6132,59,8896,174,64182,82,73078,California
Humboldt,2021-06-27,27,131751,17,65369,9,60249,1,6133,10,8890,17,64199,11,73089,California
Imperial,2020-12-16,1,1,1,1,0,0,0,0,1,1,0,0,1,1,California
Imperial,2020-12-17,4,5,4,5,0,0,0,0,4,5,0,0,4,5,California
Imperial,2020-12-18,12,17,12,17,0,0,0,0,12,17,0,0,12,17,California
Imperial,2020-12-20,3,20,3,20,0,0,0,0,3,20,0,0,3,20,California
Imperial,2020-12-21,185,205,185,205,0,0,0,0,185,205,0,0,185,205,California
Imperial,2020-12-22,240,445,238,443,2,2,0,0,240,445,0,0,240,445,California
Imperial,2020-12-23,212,657,211,654,1,3,0,0,211,656,0,0,211,656,California
Imperial,2020-12-24,7,664,7,661,0,3,0,0,7,663,0,0,7,663,California
Imperial,2020-12-26,3,667,1,662,2,5,0,0,3,666,0,0,3,666,California
Imperial,2020-12-27,62,729,0,662,62,67,0,0,62,728,0,0,62,728,California
Imperial,2020-12-28,216,945,115,777,101,168,0,0,216,944,0,0,216,944,California
Imperial,2020-12-29,190,1135,37,814,153,321,0,0,190,1134,0,0,190,1134,California
Imperial,2020-12-30,367,1502,51,865,316,637,0,0,367,1501,0,0,367,1501,California
Imperial,2020-12-31,199,1701,28,893,171,808,0,0,199,1700,0,0,199,1700,California
Imperial,2021-01-01,47,1748,5,898,42,850,0,0,47,1747,0,0,47,1747,California
Imperial,2021-01-02,5,1753,0,898,5,855,0,0,5,1752,0,0,5,1752,California
Imperial,2021-01-03,90,1843,0,898,90,945,0,0,90,1842,0,0,90,1842,California
Imperial,2021-01-04,87,1930,7,905,80,1025,0,0,87,1929,0,0,87,1929,California
Imperial,2021-01-05,173,2103,14,919,159,1184,0,0,173,2102,0,0,173,2102,California
Imperial,2021-01-06,192,2295,26,945,166,1350,0,0,191,2292,1,1,191,2293,California
Imperial,2021-01-07,330,2625,12,957,318,1668,0,0,325,2612,5,6,325,2618,California
Imperial,2021-01-08,194,2819,51,1008,143,1811,0,0,185,2788,9,15,185,2803,California
Imperial,2021-01-09,24,2843,21,1029,3,1814,0,0,24,2812,0,15,24,2827,California
Imperial,2021-01-10,4,2847,1,1030,3,1817,0,0,3,2814,1,16,3,2830,California
Imperial,2021-01-11,403,3250,243,1273,160,1977,0,0,176,2763,227,243,176,3006,California
Imperial,2021-01-12,575,3825,467,1740,108,2085,0,0,313,2815,261,504,313,3319,California
Imperial,2021-01-13,386,4211,135,1875,251,2336,0,0,284,2997,102,606,284,3603,California
Imperial,2021-01-14,307,4518,190,2065,117,2453,0,0,301,3293,5,611,301,3904,California
Imperial,2021-01-15,247,4765,182,2247,65,2518,0,0,239,3524,8,619,239,4143,California
Imperial,2021-01-16,94,4859,74,2321,20,2538,0,0,93,3616,1,620,93,4236,California
Imperial,2021-01-17,18,4877,5,2326,13,2551,0,0,17,3632,1,621,17,4253,California
Imperial,2021-01-18,1073,5950,401,2727,672,3223,0,0,975,4510,98,719,976,5229,California
Imperial,2021-01-19,171,6121,128,2855,43,3266,0,0,124,4587,47,766,124,5353,California
Imperial,2021-01-20,300,6421,198,3053,102,3368,0,0,261,4809,39,805,261,5614,California
Imperial,2021-01-21,436,6857,185,3238,251,3619,0,0,414,5201,22,827,414,6028,California
Imperial,2021-01-22,476,7333,188,3426,288,3907,0,0,467,5659,9,836,467,6495,California
Imperial,2021-01-23,1064,8397,292,3718,772,4679,0,0,1062,6719,2,838,1062,7557,California
Imperial,2021-01-24,24,8421,2,3720,22,4701,0,0,24,6743,0,838,24,7581,California
Imperial,2021-01-25,224,8645,10,3730,214,4915,0,0,41,6603,181,1019,41,7622,California
Imperial,2021-01-26,376,9021,181,3911,195,5110,0,0,232,6693,143,1162,233,7855,California
Imperial,2021-01-27,589,9610,163,4074,426,5536,0,0,255,6614,334,1496,255,8110,California
Imperial,2021-01-28,654,10264,165,4239,489,6025,0,0,544,7048,110,1606,544,8654,California
Imperial,2021-01-29,446,10710,298,4537,148,6173,0,0,396,7394,50,1656,396,9050,California
Imperial,2021-01-30,83,10793,40,4577,43,6216,0,0,66,7443,17,1673,66,9116,California
Imperial,2021-01-31,27,10820,4,4581,23,6239,0,0,26,7468,1,1674,26,9142,California
Imperial,2021-02-01,464,11284,67,4648,397,6636,0,0,251,7508,211,1885,251,9393,California
Imperial,2021-02-02,763,12047,82,4730,681,7317,0,0,580,7905,183,2068,580,9973,California
Imperial,2021-02-03,621,12668,180,4910,441,7758,0,0,358,8002,261,2329,358,10331,California
Imperial,2021-02-04,1936,14604,1378,6288,558,8316,0,0,1496,9059,439,2768,1496,11827,California
Imperial,2021-02-05,455,15059,254,6542,201,8517,0,0,218,9041,238,3006,220,12047,California
Imperial,2021-02-06,890,15949,849,7391,41,8558,0,0,854,9857,38,3044,854,12901,California
Imperial,2021-02-07,49,15998,17,7408,32,8590,0,0,45,9898,4,3048,45,12946,California
Imperial,2021-02-08,274,16272,45,7453,229,8819,0,0,206,10036,68,3116,206,13152,California
Imperial,2021-02-09,489,16761,152,7605,337,9156,0,0,322,10194,167,3283,325,13477,California
Imperial,2021-02-10,479,17240,59,7664,420,9576,0,0,111,9940,368,3651,114,13591,California
Imperial,2021-02-11,1083,18323,387,8051,696,10272,0,0,180,9225,898,4549,183,13774,California
Imperial,2021-02-12,2179,20502,1436,9487,743,11015,0,0,1823,10695,359,4908,1829,15603,California
Imperial,2021-02-13,110,20612,57,9544,53,11068,0,0,92,10768,21,4929,94,15697,California
Imperial,2021-02-14,49,20661,34,9578,15,11083,0,0,46,10811,3,4932,46,15743,California
Imperial,2021-02-15,145,20806,37,9615,108,11191,0,0,127,10923,18,4950,130,15873,California
Imperial,2021-02-16,520,21326,264,9879,256,11447,0,0,302,11011,218,5168,306,16179,California
Imperial,2021-02-17,460,21786,303,10182,157,11604,0,0,104,10764,356,5524,109,16288,California
Imperial,2021-02-18,677,22463,327,10509,350,11954,0,0,156,10410,520,6044,166,16454,California
Imperial,2021-02-19,793,23256,401,10910,392,12346,0,0,209,10038,583,6627,211,16665,California
Imperial,2021-02-20,1061,24317,208,11118,853,13199,0,0,336,9661,723,7350,346,17011,California
Imperial,2021-02-21,601,24918,569,11687,32,13231,0,0,592,10248,8,7358,595,17606,California
Imperial,2021-02-22,826,25744,583,12270,243,13474,0,0,767,10961,59,7417,772,18378,California
Imperial,2021-02-23,1117,26861,524,12794,593,14067,0,0,947,11752,169,7586,960,19338,California
Imperial,2021-02-24,788,27649,351,13145,437,14504,0,0,667,12314,119,7705,681,20019,California
Imperial,2021-02-25,954,28603,421,13566,533,15037,0,0,537,12457,417,8122,560,20579,California
Imperial,2021-02-26,2369,30972,1409,14975,960,15997,0,0,1856,13823,512,8634,1878,22457,California
Imperial,2021-02-27,1010,31982,922,15897,88,16085,0,0,250,13332,761,9395,270,22727,California
Imperial,2021-02-28,110,32092,91,15988,19,16104,0,0,88,13409,22,9417,99,22826,California
Imperial,2021-03-01,585,32677,358,16346,224,16328,3,3,499,13839,83,9500,513,23339,California
Imperial,2021-03-02,777,33454,300,16646,476,16804,1,4,439,13956,336,9836,453,23792,California
Imperial,2021-03-03,1002,34456,96,16742,905,17709,1,5,607,14201,391,10227,636,24428,California
Imperial,2021-03-04,839,35295,151,16893,687,18396,1,6,548,14510,289,10516,598,25026,California
Imperial,2021-03-05,3167,38462,2268,19161,899,19295,0,6,1783,14937,1388,11904,1815,26841,California
Imperial,2021-03-06,819,39281,330,19491,489,19784,0,6,723,15592,93,11997,748,27589,California
Imperial,2021-03-07,157,39438,102,19593,55,19839,0,6,104,15669,52,12049,129,27718,California
Imperial,2021-03-08,497,39935,386,19979,76,19915,35,41,405,16051,92,12141,474,28192,California
Imperial,2021-03-09,743,40678,352,20331,143,20058,248,289,445,16448,298,12439,695,28887,California
Imperial,2021-03-10,750,41428,361,20692,284,20342,105,394,364,16546,385,12824,483,29370,California
Imperial,2021-03-11,1866,43294,527,21219,1148,21490,191,585,1238,17375,624,13448,1453,30823,California
Imperial,2021-03-12,4915,48209,3495,24714,1211,22701,209,794,3156,19009,1753,15201,3387,34210,California
Imperial,2021-03-13,1235,49444,117,24831,884,23585,234,1028,893,19822,339,15540,1152,35362,California
Imperial,2021-03-14,214,49658,59,24890,141,23726,14,1042,156,19950,58,15598,186,35548,California
Imperial,2021-03-15,743,50401,267,25157,218,23944,258,1300,416,20319,324,15922,693,36241,California
Imperial,2021-03-16,1219,51620,371,25528,379,24323,469,1769,606,20814,610,16532,1105,37346,California
Imperial,2021-03-17,1670,53290,739,26267,792,25115,139,1908,1064,21427,599,17131,1212,38558,California
Imperial,2021-03-18,1875,55165,1251,27518,564,25679,60,1968,1311,22244,560,17691,1377,39935,California
Imperial,2021-03-19,3862,59027,2828,30346,1031,26710,3,1971,1960,22316,1894,19585,1966,41901,California
Imperial,2021-03-20,1815,60842,583,30929,1225,27935,7,1978,1353,23226,456,20041,1366,43267,California
Imperial,2021-03-21,292,61134,104,31033,183,28118,5,1983,167,23281,125,20166,180,43447,California
Imperial,2021-03-22,1112,62246,400,31433,705,28823,7,1990,654,23498,456,20622,673,44120,California
Imperial,2021-03-23,1543,63789,555,31988,982,29805,6,1996,967,23904,572,21194,978,45098,California
Imperial,2021-03-24,2210,65999,636,32624,1148,30953,426,2422,1189,24505,1018,22212,1619,46717,California
Imperial,2021-03-25,3307,69306,798,33422,889,31842,1620,4042,1247,25310,2054,24266,2859,49576,California
Imperial,2021-03-26,3266,72572,1251,34673,1037,32879,978,5020,944,24927,2310,26576,1927,51503,California
Imperial,2021-03-27,675,73247,327,35000,291,33170,57,5077,451,25217,220,26796,510,52013,California
Imperial,2021-03-28,242,73489,79,35079,161,33331,2,5079,182,25344,58,26854,185,52198,California
Imperial,2021-03-29,1521,75010,392,35471,404,33735,725,5804,328,25209,1190,28044,1055,53253,California
Imperial,2021-03-30,2137,77147,724,36195,597,34332,816,6620,690,25267,1445,29489,1503,54756,California
Imperial,2021-03-31,1585,78732,767,36962,812,35144,6,6626,1026,25742,556,30045,1031,55787,California
Imperial,2021-04-01,2111,80843,467,37429,1399,36543,245,6871,887,25657,1217,31262,1132,56919,California
Imperial,2021-04-02,2005,82848,516,37945,1412,37955,77,6948,1343,26422,656,31918,1421,58340,California
Imperial,2021-04-03,1555,84403,458,38403,1017,38972,80,7028,712,26376,840,32758,794,59134,California
Imperial,2021-04-04,111,84514,67,38470,27,38999,17,7045,33,26349,78,32836,51,59185,California
Imperial,2021-04-05,3441,87955,2351,40821,925,39924,165,7210,813,24716,2618,35454,985,60170,California
Imperial,2021-04-06,1361,89316,571,41392,600,40524,190,7400,694,24941,662,36116,887,61057,California
Imperial,2021-04-07,2220,91536,609,42001,1235,41759,376,7776,1575,26241,649,36765,1949,63006,California
Imperial,2021-04-08,2262,93798,1121,43122,843,42602,298,8074,1081,26442,1176,37941,1377,64383,California
Imperial,2021-04-09,3256,97054,1698,44820,938,43540,620,8694,1520,26851,1728,39669,2137,66520,California
Imperial,2021-04-10,1348,98402,225,45045,849,44389,274,8968,243,26265,1102,40771,516,67036,California
Imperial,2021-04-11,251,98653,62,45107,157,44546,32,9000,85,26219,166,40937,120,67156,California
Imperial,2021-04-12,1484,100137,807,45914,456,45002,221,9221,829,26622,648,41585,1051,68207,California
Imperial,2021-04-13,2959,103096,1918,47832,1039,46041,2,9223,2031,27735,923,42508,2036,70243,California
Imperial,2021-04-14,2075,105171,982,48814,1093,47134,0,9223,1396,28463,673,43181,1401,71644,California
Imperial,2021-04-15,2043,107214,958,49772,1085,48219,0,9223,1369,29169,669,43850,1375,73019,California
Imperial,2021-04-16,3482,110696,1826,51598,1656,49875,0,9223,2157,30018,1311,45161,2160,75179,California
Imperial,2021-04-17,1844,112540,955,52553,887,50762,2,9225,1419,31020,420,45581,1422,76601,California
Imperial,2021-04-18,273,112813,85,52638,188,50950,0,9225,91,30934,180,45761,94,76695,California
Imperial,2021-04-19,852,113665,271,52909,581,51531,0,9225,423,30936,426,46187,428,77123,California
Imperial,2021-04-20,1347,115012,551,53460,796,52327,0,9225,737,31067,609,46796,740,77863,California
Imperial,2021-04-21,1434,116446,377,53837,1056,53383,1,9226,804,31248,623,47419,804,78667,California
Imperial,2021-04-22,2378,118824,828,54665,1550,54933,0,9226,1621,32130,741,48160,1623,80290,California
Imperial,2021-04-23,2832,121656,551,55216,2281,57214,0,9226,1072,31478,1728,49888,1076,81366,California
Imperial,2021-04-24,550,122206,324,55540,226,57440,0,9226,193,31317,354,50242,193,81559,California
Imperial,2021-04-25,272,122478,102,55642,170,57610,0,9226,131,31309,139,50381,131,81690,California
Imperial,2021-04-26,1235,123713,483,56125,748,58358,4,9230,709,31502,520,50901,713,82403,California
Imperial,2021-04-27,1124,124837,371,56496,744,59102,9,9239,553,31500,565,51466,563,82966,California
Imperial,2021-04-28,1507,126344,655,57151,823,59925,29,9268,683,31394,818,52284,712,83678,California
Imperial,2021-04-29,1844,128188,866,58017,932,60857,46,9314,811,31231,1022,53306,859,84537,California
Imperial,2021-04-30,3288,131476,1689,59706,1565,62422,34,9348,1578,31146,1697,55003,1612,86149,California
Imperial,2021-05-01,327,131803,126,59832,198,62620,3,9351,156,31137,170,55173,161,86310,California
Imperial,2021-05-02,88,131891,29,59861,57,62677,2,9353,42,31136,46,55219,45,86355,California
Imperial,2021-05-03,1645,133536,545,60406,1051,63728,49,9402,368,30288,1264,56483,416,86771,California
Imperial,2021-05-04,1765,135301,965,61371,773,64501,27,9429,540,29638,1217,57700,567,87338,California
Imperial,2021-05-05,1518,136819,905,62276,593,65094,20,9449,444,29041,1062,58762,465,87803,California
Imperial,2021-05-06,1718,138537,1139,63415,537,65631,42,9491,537,28447,1175,59937,581,88384,California
Imperial,2021-05-07,2593,141130,1451,64866,1097,66728,45,9536,858,27638,1715,61652,906,89290,California
Imperial,2021-05-08,801,141931,649,65515,143,66871,9,9545,196,27245,598,62250,205,89495,California
Imperial,2021-05-09,102,142033,70,65585,31,66902,1,9546,29,27205,70,62320,30,89525,California
Imperial,2021-05-10,1180,143213,302,65887,754,67656,124,9670,360,26875,812,63132,482,90007,California
Imperial,2021-05-11,1477,144690,475,66362,983,68639,19,9689,495,26420,974,64106,519,90526,California
Imperial,2021-05-12,876,145566,280,66642,557,69196,39,9728,317,26222,554,64660,356,90882,California
Imperial,2021-05-13,1869,147435,1252,67894,545,69741,72,9800,823,26080,1035,65695,893,91775,California
Imperial,2021-05-14,1763,149198,972,68866,732,70473,59,9859,1162,26712,589,66284,1221,92996,California
Imperial,2021-05-15,1234,150432,479,69345,733,71206,22,9881,471,26449,757,67041,494,93490,California
Imperial,2021-05-16,127,150559,86,69431,37,71243,4,9885,53,26433,73,67114,57,93547,California
Imperial,2021-05-17,1979,152538,723,70154,1205,72448,51,9936,690,25892,1282,68396,741,94288,California
Imperial,2021-05-18,1715,154253,893,71047,748,73196,74,10010,941,26140,768,69164,1016,95304,California
Imperial,2021-05-19,1304,155557,622,71669,613,73809,69,10079,610,26133,685,69849,678,95982,California
Imperial,2021-05-20,1661,157218,1012,72681,583,74392,66,10145,743,26035,907,70756,809,96791,California
Imperial,2021-05-21,1922,159140,1235,73916,624,75016,63,10208,970,26128,940,71696,1033,97824,California
Imperial,2021-05-22,295,159435,191,74107,86,75102,18,10226,151,26159,138,71834,169,97993,California
Imperial,2021-05-23,93,159528,34,74141,50,75152,9,10235,32,26141,59,71893,41,98034,California
Imperial,2021-05-24,1278,160806,626,74767,594,75746,58,10293,530,25987,741,72634,587,98621,California
Imperial,2021-05-25,1481,162287,481,75248,966,76712,34,10327,543,25638,927,73561,578,99199,California
Imperial,2021-05-26,1055,163342,551,75799,454,77166,50,10377,464,25563,588,74149,513,99712,California
Imperial,2021-05-27,1324,164666,731,76530,523,77689,70,10447,652,25618,667,74816,722,100434,California
Imperial,2021-05-28,1025,165691,592,77122,361,78050,72,10519,376,25428,639,75455,449,100883,California
Imperial,2021-05-29,223,165914,123,77245,94,78144,6,10525,112,25435,111,75566,118,101001,California
Imperial,2021-05-30,98,166012,29,77274,67,78211,2,10527,67,25473,31,75597,69,101070,California
Imperial,2021-05-31,79,166091,20,77294,53,78264,6,10533,36,25472,43,75640,42,101112,California
Imperial,2021-06-01,1181,167272,548,77842,568,78832,65,10598,467,25297,707,76347,532,101644,California
Imperial,2021-06-02,1085,168357,597,78439,397,79229,91,10689,548,25406,528,76875,637,102281,California
Imperial,2021-06-03,1247,169604,736,79175,416,79645,95,10784,590,25441,650,77525,685,102966,California
Imperial,2021-06-04,2350,171954,1710,80885,538,80183,102,10886,984,25172,1354,78879,1085,104051,California
Imperial,2021-06-05,364,172318,232,81117,117,80300,15,10901,172,25171,188,79067,187,104238,California
Imperial,2021-06-06,79,172397,46,81163,21,80321,12,10913,44,25192,35,79102,56,104294,California
Imperial,2021-06-07,1004,173401,655,81818,284,80605,65,10978,482,25220,519,79621,547,104841,California
Imperial,2021-06-08,1339,174740,1017,82835,266,80871,56,11034,541,25023,794,80415,597,105438,California
Imperial,2021-06-09,1057,175797,769,83604,231,81102,57,11091,486,25002,564,80979,543,105981,California
Imperial,2021-06-10,1126,176923,772,84376,310,81412,44,11135,439,24801,683,81662,482,106463,California
Imperial,2021-06-11,1619,178542,1181,85557,395,81807,43,11178,707,24652,899,82561,750,107213,California
Imperial,2021-06-12,237,178779,123,85680,103,81910,11,11189,98,24623,138,82699,109,107322,California
Imperial,2021-06-13,83,178862,21,85701,60,81970,2,11191,52,24648,30,82729,55,107377,California
Imperial,2021-06-14,864,179726,610,86311,212,82182,42,11233,371,24572,489,83218,413,107790,California
Imperial,2021-06-15,999,180725,735,87046,235,82417,29,11262,446,24501,547,83765,476,108266,California
Imperial,2021-06-16,909,181634,616,87662,248,82665,45,11307,447,24536,458,84223,493,108759,California
Imperial,2021-06-17,1017,182651,750,88412,226,82891,41,11348,452,24467,560,84783,491,109250,California
Imperial,2021-06-18,1053,183704,753,89165,246,83137,54,11402,654,24785,389,85172,707,109957,California
Imperial,2021-06-19,270,183974,187,89352,78,83215,5,11407,144,24809,125,85297,149,110106,California
Imperial,2021-06-20,63,184037,30,89382,29,83244,4,11411,24,24798,39,85336,28,110134,California
Imperial,2021-06-21,652,184689,388,89770,226,83470,38,11449,394,24980,252,85588,434,110568,California
Imperial,2021-06-22,1070,185759,758,90528,269,83739,43,11492,591,25144,471,86059,635,111203,California
Imperial,2021-06-23,1007,186766,700,91228,255,83994,52,11544,542,25281,456,86515,593,111796,California
Imperial,2021-06-24,827,187593,566,91794,223,84217,38,11582,407,25311,415,86930,445,112241,California
Imperial,2021-06-25,1186,188779,895,92689,239,84456,52,11634,486,25161,688,87618,538,112779,California
Imperial,2021-06-26,169,188948,115,92804,52,84508,2,11636,61,25117,107,87725,63,112842,California
Imperial,2021-06-27,76,189024,47,92851,25,84533,4,11640,37,25119,39,87764,41,112883,California
Inyo,2020-12-19,85,85,85,85,0,0,0,0,85,85,0,0,85,85,California
Inyo,2020-12-20,58,143,58,143,0,0,0,0,58,143,0,0,58,143,California
Inyo,2020-12-21,88,231,85,228,3,3,0,0,88,231,0,0,88,231,California
Inyo,2020-12-22,105,336,105,333,0,3,0,0,105,336,0,0,105,336,California
Inyo,2020-12-23,70,406,67,400,3,6,0,0,70,406,0,0,70,406,California
Inyo,2020-12-24,15,421,15,415,0,6,0,0,15,421,0,0,15,421,California
Inyo,2020-12-25,1,422,0,415,1,7,0,0,1,422,0,0,1,422,California
Inyo,2020-12-26,74,496,74,489,0,7,0,0,74,496,0,0,74,496,California
Inyo,2020-12-28,49,545,37,526,12,19,0,0,49,545,0,0,49,545,California
Inyo,2020-12-29,19,564,19,545,0,19,0,0,19,564,0,0,19,564,California
Inyo,2020-12-30,56,620,54,599,2,21,0,0,56,620,0,0,56,620,California
Inyo,2020-12-31,29,649,0,599,29,50,0,0,29,649,0,0,29,649,California
Inyo,2021-01-01,1,650,0,599,1,51,0,0,1,650,0,0,1,650,California
Inyo,2021-01-03,1,651,0,599,1,52,0,0,1,651,0,0,1,651,California
Inyo,2021-01-04,4,655,1,600,3,55,0,0,4,655,0,0,4,655,California
Inyo,2021-01-05,34,689,0,600,34,89,0,0,34,689,0,0,34,689,California
Inyo,2021-01-06,68,757,0,600,68,157,0,0,68,757,0,0,68,757,California
Inyo,2021-01-07,31,788,1,601,30,187,0,0,31,788,0,0,31,788,California
Inyo,2021-01-08,9,797,8,609,1,188,0,0,4,788,5,5,5,793,California
Inyo,2021-01-09,87,884,86,695,1,189,0,0,1,703,86,91,1,794,California
Inyo,2021-01-10,52,936,52,747,0,189,0,0,0,651,52,143,0,794,California
Inyo,2021-01-11,97,1033,82,829,15,204,0,0,16,586,81,224,16,810,California
Inyo,2021-01-12,138,1171,117,946,21,225,0,0,28,504,110,334,28,838,California
Inyo,2021-01-13,86,1257,68,1014,18,243,0,0,21,461,65,399,22,860,California
Inyo,2021-01-14,59,1316,13,1027,46,289,0,0,49,500,10,409,49,909,California
Inyo,2021-01-15,163,1479,28,1055,135,424,0,0,163,663,0,409,163,1072,California
Inyo,2021-01-16,74,1553,73,1128,1,425,0,0,1,591,73,482,1,1073,California
Inyo,2021-01-18,59,1612,37,1165,22,447,0,0,19,570,40,522,19,1092,California
Inyo,2021-01-19,115,1727,73,1238,42,489,0,0,98,651,17,539,98,1190,California
Inyo,2021-01-20,149,1876,72,1310,77,566,0,0,94,690,55,594,94,1284,California
Inyo,2021-01-21,120,1996,57,1367,63,629,0,0,119,808,1,595,119,1403,California
Inyo,2021-01-22,62,2058,0,1367,62,691,0,0,61,868,1,596,61,1464,California
Inyo,2021-01-23,52,2110,51,1418,1,692,0,0,52,920,0,596,52,1516,California
Inyo,2021-01-25,49,2159,6,1424,43,735,0,0,37,945,12,608,37,1553,California
Inyo,2021-01-26,135,2294,54,1478,81,816,0,0,129,1068,6,614,129,1682,California
Inyo,2021-01-27,24,2318,2,1480,22,838,0,0,23,1090,1,615,23,1705,California
Inyo,2021-01-28,92,2410,2,1482,90,928,0,0,63,1124,29,644,63,1768,California
Inyo,2021-01-29,25,2435,3,1485,22,950,0,0,23,1145,2,646,23,1791,California
Inyo,2021-01-30,11,2446,1,1486,10,960,0,0,11,1156,0,646,11,1802,California
Inyo,2021-01-31,32,2478,4,1490,28,988,0,0,4,1132,28,674,4,1806,California
Inyo,2021-02-01,11,2489,9,1499,2,990,0,0,1,1123,10,684,1,1807,California
Inyo,2021-02-02,130,2619,14,1513,116,1106,0,0,104,1201,26,710,104,1911,California
Inyo,2021-02-03,118,2737,0,1513,118,1224,0,0,74,1231,44,754,74,1985,California
Inyo,2021-02-04,151,2888,33,1546,118,1342,0,0,91,1263,60,814,92,2077,California
Inyo,2021-02-05,118,3006,62,1608,56,1398,0,0,116,1377,2,816,116,2193,California
Inyo,2021-02-06,4,3010,2,1610,2,1400,0,0,3,1379,1,817,3,2196,California
Inyo,2021-02-07,4,3014,2,1612,2,1402,0,0,4,1383,0,817,4,2200,California
Inyo,2021-02-08,117,3131,7,1619,110,1512,0,0,97,1460,20,837,97,2297,California
Inyo,2021-02-09,201,3332,52,1671,149,1661,0,0,128,1515,73,910,128,2425,California
Inyo,2021-02-10,141,3473,17,1688,124,1785,0,0,107,1588,34,944,107,2532,California
Inyo,2021-02-11,222,3695,57,1745,165,1950,0,0,126,1618,96,1040,126,2658,California
Inyo,2021-02-12,302,3997,52,1797,250,2200,0,0,168,1652,134,1174,168,2826,California
Inyo,2021-02-13,59,4056,54,1851,5,2205,0,0,8,1609,51,1225,8,2834,California
Inyo,2021-02-14,2,4058,0,1851,2,2207,0,0,2,1611,0,1225,2,2836,California
Inyo,2021-02-15,29,4087,9,1860,20,2227,0,0,5,1592,24,1249,5,2841,California
Inyo,2021-02-16,181,4268,52,1912,129,2356,0,0,92,1596,88,1337,92,2933,California
Inyo,2021-02-17,38,4306,4,1916,34,2390,0,0,8,1574,30,1367,8,2941,California
Inyo,2021-02-18,122,4428,6,1922,116,2506,0,0,79,1610,43,1410,79,3020,California
Inyo,2021-02-19,52,4480,4,1926,48,2554,0,0,9,1576,43,1453,9,3029,California
Inyo,2021-02-20,514,4994,509,2435,5,2559,0,0,511,2084,3,1456,511,3540,California
Inyo,2021-02-21,443,5437,443,2878,0,2559,0,0,443,2527,0,1456,443,3983,California
Inyo,2021-02-22,61,5498,19,2897,42,2601,0,0,27,2520,34,1490,27,4010,California
Inyo,2021-02-23,198,5696,19,2916,179,2780,0,0,94,2511,103,1593,94,4104,California
Inyo,2021-02-24,118,5814,0,2916,118,2898,0,0,57,2507,61,1654,57,4161,California
Inyo,2021-02-25,132,5946,5,2921,127,3025,0,0,62,2499,70,1724,62,4223,California
Inyo,2021-02-26,105,6051,61,2982,44,3069,0,0,20,2434,85,1809,20,4243,California
Inyo,2021-02-27,14,6065,3,2985,11,3080,0,0,2,2424,12,1821,2,4245,California
Inyo,2021-02-28,3,6068,1,2986,2,3082,0,0,2,2425,1,1822,2,4247,California
Inyo,2021-03-01,19,6087,2,2988,17,3099,0,0,17,2440,2,1824,17,4264,California
Inyo,2021-03-02,197,6284,1,2989,196,3295,0,0,112,2467,85,1909,112,4376,California
Inyo,2021-03-03,86,6370,3,2992,83,3378,0,0,42,2465,44,1953,42,4418,California
Inyo,2021-03-04,127,6497,3,2995,124,3502,0,0,45,2429,81,2034,45,4463,California
Inyo,2021-03-05,144,6641,57,3052,87,3589,0,0,40,2365,104,2138,40,4503,California
Inyo,2021-03-06,30,6671,1,3053,29,3618,0,0,29,2393,1,2139,29,4532,California
Inyo,2021-03-07,7,6678,4,3057,3,3621,0,0,5,2396,2,2141,5,4537,California
Inyo,2021-03-08,184,6862,5,3062,179,3800,0,0,91,2394,93,2234,91,4628,California
Inyo,2021-03-09,191,7053,3,3065,188,3988,0,0,74,2351,117,2351,74,4702,California
Inyo,2021-03-10,71,7124,8,3073,62,4050,1,1,30,2341,41,2392,31,4733,California
Inyo,2021-03-11,205,7329,1,3074,199,4249,5,6,74,2289,131,2523,79,4812,California
Inyo,2021-03-12,176,7505,4,3078,166,4415,6,12,77,2273,99,2622,83,4895,California
Inyo,2021-03-13,585,8090,550,3628,25,4440,10,22,70,1839,514,3136,80,4975,California
Inyo,2021-03-14,441,8531,440,4068,1,4441,0,22,4,1407,436,3572,4,4979,California
Inyo,2021-03-15,51,8582,15,4083,34,4475,2,24,30,1418,21,3593,32,5011,California
Inyo,2021-03-16,164,8746,4,4087,154,4629,6,30,64,1389,99,3692,70,5081,California
Inyo,2021-03-17,108,8854,3,4090,98,4727,7,37,92,1472,16,3708,99,5180,California
Inyo,2021-03-18,185,9039,16,4106,162,4889,7,44,104,1502,81,3789,111,5291,California
Inyo,2021-03-19,46,9085,4,4110,38,4927,4,48,36,1532,10,3799,40,5331,California
Inyo,2021-03-20,20,9105,1,4111,10,4937,9,57,1,1523,19,3818,10,5341,California
Inyo,2021-03-22,59,9164,3,4114,51,4988,5,62,39,1547,20,3838,44,5385,California
Inyo,2021-03-23,195,9359,4,4118,187,5175,4,66,105,1566,90,3928,109,5494,California
Inyo,2021-03-24,141,9500,3,4121,133,5308,5,71,86,1602,55,3983,91,5585,California
Inyo,2021-03-25,331,9831,110,4231,218,5526,3,74,265,1804,66,4049,268,5853,California
Inyo,2021-03-26,92,9923,3,4234,85,5611,4,78,71,1858,21,4070,75,5928,California
Inyo,2021-03-27,54,9977,46,4280,5,5616,3,81,48,1903,6,4076,51,5979,California
Inyo,2021-03-28,4,9981,1,4281,2,5618,1,82,1,1902,3,4079,2,5981,California
Inyo,2021-03-29,109,10090,2,4283,102,5720,5,87,82,1963,26,4105,87,6068,California
Inyo,2021-03-30,221,10311,2,4285,214,5934,5,92,109,1965,112,4217,114,6182,California
Inyo,2021-03-31,150,10461,4,4289,141,6075,5,97,108,2036,42,4259,113,6295,California
Inyo,2021-04-01,166,10627,3,4292,162,6237,1,98,117,2105,49,4308,118,6413,California
Inyo,2021-04-02,80,10707,1,4293,77,6314,2,100,50,2127,30,4338,52,6465,California
Inyo,2021-04-03,92,10799,46,4339,32,6346,14,114,4,2058,86,4424,17,6482,California
Inyo,2021-04-04,5,10804,4,4343,0,6346,1,115,1,2056,4,4428,2,6484,California
Inyo,2021-04-05,117,10921,1,4344,112,6458,4,119,29,2001,88,4516,33,6517,California
Inyo,2021-04-06,237,11158,5,4349,169,6627,63,182,105,2037,132,4648,168,6685,California
Inyo,2021-04-07,205,11363,2,4351,76,6703,127,309,48,2054,158,4806,175,6860,California
Inyo,2021-04-08,182,11545,15,4366,150,6853,17,326,82,2053,100,4906,99,6959,California
Inyo,2021-04-09,125,11670,7,4373,95,6948,23,349,37,2026,87,4993,60,7019,California
Inyo,2021-04-10,42,11712,1,4374,24,6972,17,366,3,2007,39,5032,20,7039,California
Inyo,2021-04-11,1,11713,0,4374,1,6973,0,366,1,2008,0,5032,1,7040,California
Inyo,2021-04-12,79,11792,0,4374,74,7047,5,371,41,2016,38,5070,46,7086,California
Inyo,2021-04-13,124,11916,5,4379,116,7163,3,374,64,2024,59,5129,67,7153,California
Inyo,2021-04-14,130,12046,2,4381,128,7291,0,374,45,1984,85,5214,45,7198,California
Inyo,2021-04-15,275,12321,117,4498,158,7449,0,374,79,1867,196,5410,79,7277,California
Inyo,2021-04-16,47,12368,5,4503,42,7491,0,374,19,1858,28,5438,19,7296,California
Inyo,2021-04-17,2,12370,1,4504,1,7492,0,374,1,1858,1,5439,1,7297,California
Inyo,2021-04-19,132,12502,45,4549,87,7579,0,374,45,1816,87,5526,45,7342,California
Inyo,2021-04-20,163,12665,2,4551,161,7740,0,374,79,1811,84,5610,79,7421,California
Inyo,2021-04-21,114,12779,5,4556,109,7849,0,374,33,1763,81,5691,33,7454,California
Inyo,2021-04-22,196,12975,1,4557,195,8044,0,374,51,1669,145,5836,51,7505,California
Inyo,2021-04-23,95,13070,4,4561,91,8135,0,374,22,1618,73,5909,22,7527,California
Inyo,2021-04-24,309,13379,308,4869,1,8136,0,374,305,1919,4,5913,305,7832,California
Inyo,2021-04-25,135,13514,134,5003,1,8137,0,374,135,2054,0,5913,135,7967,California
Inyo,2021-04-26,93,13607,2,5005,90,8227,1,375,11,1985,81,5994,12,7979,California
Inyo,2021-04-27,183,13790,6,5011,172,8399,5,380,47,1901,136,6130,52,8031,California
Inyo,2021-04-28,121,13911,2,5013,117,8516,2,382,20,1822,101,6231,22,8053,California
Inyo,2021-04-29,172,14083,56,5069,116,8632,0,382,77,1805,94,6325,77,8130,California
Inyo,2021-04-30,83,14166,5,5074,77,8709,1,383,23,1769,60,6385,24,8154,California
Inyo,2021-05-01,12,14178,3,5077,9,8718,0,383,10,1777,2,6387,10,8164,California
Inyo,2021-05-02,7,14185,3,5080,2,8720,2,385,4,1780,3,6390,6,8170,California
Inyo,2021-05-03,39,14224,1,5081,34,8754,4,389,6,1757,33,6423,10,8180,California
Inyo,2021-05-04,123,14347,2,5083,117,8871,4,393,19,1676,104,6527,23,8203,California
Inyo,2021-05-05,36,14383,0,5083,34,8905,2,395,11,1664,25,6552,13,8216,California
Inyo,2021-05-06,94,14477,4,5087,82,8987,8,403,13,1604,81,6633,21,8237,California
Inyo,2021-05-07,49,14526,4,5091,37,9024,8,411,24,1612,24,6657,32,8269,California
Inyo,2021-05-08,11,14537,2,5093,4,9028,5,416,4,1614,7,6664,9,8278,California
Inyo,2021-05-09,1,14538,0,5093,1,9029,0,416,0,1613,1,6665,0,8278,California
Inyo,2021-05-10,70,14608,1,5094,67,9096,2,418,32,1609,39,6704,35,8313,California
Inyo,2021-05-11,88,14696,1,5095,84,9180,3,421,20,1564,68,6772,23,8336,California
Inyo,2021-05-12,43,14739,2,5097,39,9219,2,423,11,1545,32,6804,13,8349,California
Inyo,2021-05-13,76,14815,1,5098,74,9293,1,424,13,1496,63,6867,14,8363,California
Inyo,2021-05-14,28,14843,5,5103,18,9311,5,429,14,1501,14,6881,19,8382,California
Inyo,2021-05-15,379,15222,366,5469,11,9322,2,431,85,1294,294,7175,87,8469,California
Inyo,2021-05-16,200,15422,200,5669,0,9322,0,431,73,1240,127,7302,73,8542,California
Inyo,2021-05-17,63,15485,3,5672,56,9378,4,435,18,1218,44,7346,22,8564,California
Inyo,2021-05-18,83,15568,2,5674,80,9458,1,436,17,1170,66,7412,18,8582,California
Inyo,2021-05-19,48,15616,2,5676,41,9499,5,441,14,1155,34,7446,19,8601,California
Inyo,2021-05-20,146,15762,83,5759,62,9561,1,442,37,1083,110,7556,38,8639,California
Inyo,2021-05-21,49,15811,18,5777,26,9587,5,447,19,1077,30,7586,24,8663,California
Inyo,2021-05-22,26,15837,16,5793,7,9594,3,450,19,1092,7,7593,22,8685,California
Inyo,2021-05-23,2,15839,1,5794,0,9594,1,451,0,1091,2,7595,1,8686,California
Inyo,2021-05-24,33,15872,6,5800,24,9618,3,454,13,1087,20,7615,16,8702,California
Inyo,2021-05-25,83,15955,39,5839,42,9660,2,456,48,1102,35,7650,50,8752,California
Inyo,2021-05-26,43,15998,16,5855,25,9685,2,458,20,1102,22,7672,22,8774,California
Inyo,2021-05-27,39,16037,10,5865,21,9706,8,466,12,1096,26,7698,20,8794,California
Inyo,2021-05-28,26,16063,6,5871,15,9721,5,471,8,1091,18,7716,13,8807,California
Inyo,2021-05-29,16,16079,5,5876,11,9732,0,471,7,1089,9,7725,7,8814,California
Inyo,2021-05-30,2,16081,0,5876,2,9734,0,471,0,1087,2,7727,0,8814,California
Inyo,2021-06-01,55,16136,16,5892,33,9767,6,477,23,1084,32,7759,29,8843,California
Inyo,2021-06-02,11,16147,9,5901,1,9768,1,478,9,1092,2,7761,10,8853,California
Inyo,2021-06-03,25,16172,0,5901,18,9786,7,485,1,1076,24,7785,8,8861,California
Inyo,2021-06-04,32,16204,6,5907,22,9808,4,489,12,1072,20,7805,16,8877,California
Inyo,2021-06-05,17,16221,8,5915,8,9816,1,490,4,1064,13,7818,5,8882,California
Inyo,2021-06-06,1,16222,1,5916,0,9816,0,490,1,1065,0,7818,1,8883,California
Inyo,2021-06-07,51,16273,15,5931,33,9849,3,493,5,1027,46,7864,8,8891,California
Inyo,2021-06-08,53,16326,25,5956,25,9874,3,496,26,1029,27,7891,29,8920,California
Inyo,2021-06-09,111,16437,95,6051,14,9888,2,498,14,948,97,7988,16,8936,California
Inyo,2021-06-10,53,16490,39,6090,9,9897,5,503,15,930,38,8026,20,8956,California
Inyo,2021-06-11,44,16534,23,6113,19,9916,2,505,17,922,27,8053,19,8975,California
Inyo,2021-06-12,15,16549,8,6121,6,9922,1,506,5,918,10,8063,6,8981,California
Inyo,2021-06-13,1,16550,0,6121,1,9923,0,506,0,917,1,8064,0,8981,California
Inyo,2021-06-14,60,16610,28,6149,29,9952,3,509,8,876,52,8116,11,8992,California
Inyo,2021-06-15,53,16663,40,6189,9,9961,4,513,10,847,43,8159,14,9006,California
Inyo,2021-06-16,34,16697,20,6209,14,9975,0,513,7,827,27,8186,7,9013,California
Inyo,2021-06-17,23,16720,13,6222,6,9981,4,517,5,819,17,8203,9,9022,California
Inyo,2021-06-18,14,16734,5,6227,6,9987,3,520,2,812,12,8215,5,9027,California
Inyo,2021-06-19,20,16754,6,6233,13,10000,1,521,7,807,13,8228,8,9035,California
Inyo,2021-06-21,29,16783,8,6241,18,10018,3,524,13,807,16,8244,16,9051,California
Inyo,2021-06-22,37,16820,31,6272,5,10023,1,525,19,809,18,8262,20,9071,California
Inyo,2021-06-23,11,16831,6,6278,5,10028,0,525,1,800,10,8272,1,9072,California
Inyo,2021-06-24,4,16835,1,6279,3,10031,0,525,2,800,2,8274,2,9074,California
Inyo,2021-06-25,14,16849,3,6282,10,10041,1,526,11,809,3,8277,12,9086,California
Inyo,2021-06-26,4,16853,1,6283,3,10044,0,526,1,807,3,8280,1,9087,California
Kern,2020-12-15,1,1,1,1,0,0,0,0,1,1,0,0,1,1,California
Kern,2020-12-16,19,20,19,20,0,0,0,0,19,20,0,0,19,20,California
Kern,2020-12-17,164,184,164,184,0,0,0,0,164,184,0,0,164,184,California
Kern,2020-12-18,325,509,325,509,0,0,0,0,325,509,0,0,325,509,California
Kern,2020-12-19,99,608,99,608,0,0,0,0,100,609,0,0,100,609,California
Kern,2020-12-20,62,670,62,670,0,0,0,0,62,671,0,0,62,671,California
Kern,2020-12-21,674,1344,673,1343,1,1,0,0,674,1345,0,0,674,1345,California
Kern,2020-12-22,533,1877,530,1873,3,4,0,0,533,1878,0,0,533,1878,California
Kern,2020-12-23,558,2435,420,2293,138,142,0,0,558,2436,0,0,558,2436,California
Kern,2020-12-24,123,2558,44,2337,79,221,0,0,123,2559,0,0,123,2559,California
Kern,2020-12-25,1,2559,1,2338,0,221,0,0,1,2560,0,0,1,2560,California
Kern,2020-12-26,34,2593,2,2340,32,253,0,0,34,2594,0,0,34,2594,California
Kern,2020-12-27,35,2628,3,2343,32,285,0,0,35,2629,0,0,35,2629,California
Kern,2020-12-28,831,3459,666,3009,165,450,0,0,831,3460,0,0,831,3460,California
Kern,2020-12-29,744,4203,451,3460,293,743,0,0,743,4202,1,1,743,4203,California
Kern,2020-12-30,1206,5409,914,4374,292,1035,0,0,1206,5408,0,1,1206,5409,California
Kern,2020-12-31,276,5685,99,4473,177,1212,0,0,276,5684,0,1,276,5685,California
Kern,2021-01-01,18,5703,9,4482,9,1221,0,0,18,5702,0,1,18,5703,California
Kern,2021-01-02,79,5782,18,4500,61,1282,0,0,79,5781,0,1,79,5782,California
Kern,2021-01-03,23,5805,4,4504,19,1301,0,0,23,5804,0,1,23,5805,California
Kern,2021-01-04,555,6360,361,4865,194,1495,0,0,555,6359,0,1,555,6360,California
Kern,2021-01-05,1134,7494,740,5605,394,1889,0,0,1122,7469,12,13,1122,7482,California
Kern,2021-01-06,1166,8660,450,6055,716,2605,0,0,1136,8575,30,43,1136,8618,California
Kern,2021-01-07,1414,10074,491,6546,923,3528,0,0,1244,9650,169,212,1244,9862,California
Kern,2021-01-08,1630,11704,771,7317,859,4387,0,0,1329,10678,302,514,1330,11192,California
Kern,2021-01-09,229,11933,79,7396,150,4537,0,0,193,10835,36,550,193,11385,California
Kern,2021-01-10,195,12128,149,7545,46,4583,0,0,154,10948,41,591,154,11539,California
Kern,2021-01-11,1562,13690,989,8534,573,5156,0,0,1003,11392,559,1150,1003,12542,California
Kern,2021-01-12,1878,15568,817,9351,1061,6217,0,0,1361,12236,517,1667,1361,13903,California
Kern,2021-01-13,1862,17430,878,10229,984,7201,0,0,1438,13250,424,2091,1438,15341,California
Kern,2021-01-14,2203,19633,654,10883,1549,8750,0,0,2157,15361,46,2137,2157,17498,California
Kern,2021-01-15,2727,22360,861,11744,1866,10616,0,0,2630,17897,95,2232,2631,20129,California
Kern,2021-01-16,675,23035,213,11957,462,11078,0,0,640,18502,35,2267,640,20769,California
Kern,2021-01-17,74,23109,7,11964,67,11145,0,0,72,18572,2,2269,72,20841,California
Kern,2021-01-18,1646,24755,657,12621,989,12134,0,0,1480,19886,166,2435,1480,22321,California
Kern,2021-01-19,1869,26624,1034,13655,835,12969,0,0,1401,20820,468,2903,1402,23723,California
Kern,2021-01-20,2736,29360,1792,15447,944,13913,0,0,1954,21999,777,3680,1956,25679,California
Kern,2021-01-21,2139,31499,875,16322,1264,15177,0,0,1941,23743,197,3877,1941,27620,California
Kern,2021-01-22,2738,34237,1316,17638,1422,16599,0,0,2457,25920,280,4157,2457,30077,California
Kern,2021-01-23,1252,35489,544,18182,708,17307,0,0,1205,27078,47,4204,1205,31282,California
Kern,2021-01-24,155,35644,12,18194,143,17450,0,0,149,27221,6,4210,149,31431,California
Kern,2021-01-25,2385,38029,1083,19277,1302,18752,0,0,1900,28638,484,4694,1901,33332,California
Kern,2021-01-26,2789,40818,1131,20408,1658,20410,0,0,1928,29706,860,5554,1928,35260,California
Kern,2021-01-27,3560,44378,1898,22306,1662,22072,0,0,2860,31869,697,6251,2860,38120,California
Kern,2021-01-28,2895,47273,1360,23666,1535,23607,0,0,2462,33906,428,6679,2465,40585,California
Kern,2021-01-29,3802,51075,1804,25470,1998,25605,0,0,3251,36609,548,7227,3251,43836,California
Kern,2021-01-30,1335,52410,500,25970,835,26440,0,0,1283,37842,50,7277,1283,45119,California
Kern,2021-01-31,403,52813,276,26246,127,26567,0,0,268,37975,135,7412,268,45387,California
Kern,2021-02-01,2591,55404,979,27225,1612,28179,0,0,1876,39140,712,8124,1877,47264,California
Kern,2021-02-02,2766,58170,803,28028,1963,30142,0,0,2059,40493,707,8831,2060,49324,California
Kern,2021-02-03,3693,61863,1557,29585,2136,32278,0,0,2715,42237,971,9802,2715,52039,California
Kern,2021-02-04,3818,65681,1454,31039,2364,34642,0,0,2592,43613,1216,11018,2592,54631,California
Kern,2021-02-05,4869,70550,1989,33028,2880,37522,0,0,3103,44969,1747,12765,3103,57734,California
Kern,2021-02-06,1742,72292,771,33799,971,38493,0,0,1513,46256,226,12991,1513,59247,California
Kern,2021-02-07,283,72575,150,33949,133,38626,0,0,265,46505,16,13007,265,59512,California
Kern,2021-02-08,2568,75143,789,34738,1779,40405,0,0,1258,46472,1292,14299,1259,60771,California
Kern,2021-02-09,3039,78182,979,35717,2060,42465,0,0,1462,46366,1568,15867,1462,62233,California
Kern,2021-02-10,3824,82006,1672,37389,2152,44617,0,0,1865,46289,1943,17810,1866,64099,California
Kern,2021-02-11,4294,86300,1542,38931,2752,47369,0,0,2234,46478,2047,19857,2236,66335,California
Kern,2021-02-12,5000,91300,1909,40840,3091,50460,0,0,2481,46454,2505,22362,2481,68816,California
Kern,2021-02-13,2019,93319,736,41576,1283,51743,0,0,1162,46761,855,23217,1162,69978,California
Kern,2021-02-14,353,93672,12,41588,341,52084,0,0,271,46951,81,23298,271,70249,California
Kern,2021-02-15,2761,96433,904,42492,1857,53941,0,0,1221,46640,1532,24830,1221,71470,California
Kern,2021-02-16,2959,99392,721,43213,2238,56179,0,0,1655,47001,1295,26125,1656,73126,California
Kern,2021-02-17,4091,103483,2089,45302,2002,58181,0,0,1929,46775,2156,28281,1930,75056,California
Kern,2021-02-18,3784,107267,1501,46803,2283,60464,0,0,1625,46252,2148,30429,1625,76681,California
Kern,2021-02-19,4207,111474,1922,48725,2285,62749,0,0,1740,45532,2460,32889,1740,78421,California
Kern,2021-02-20,2606,114080,972,49697,1634,64383,0,0,1361,45652,1241,34130,1361,79782,California
Kern,2021-02-21,272,114352,166,49863,106,64489,0,0,91,45565,179,34309,92,79874,California
Kern,2021-02-22,2677,117029,1156,51019,1521,66010,0,0,1437,45768,1234,35543,1437,81311,California
Kern,2021-02-23,3586,120615,1133,52152,2453,68463,0,0,1989,46163,1595,37138,1990,83301,California
Kern,2021-02-24,5217,125832,2292,54444,2925,71388,0,0,3106,47163,2106,39244,3106,86407,California
Kern,2021-02-25,5390,131222,2459,56903,2931,74319,0,0,3197,48186,2174,41418,3197,89604,California
Kern,2021-02-26,6938,138160,3542,60445,3396,77715,0,0,4370,49996,2562,43980,4372,93976,California
Kern,2021-02-27,3958,142118,1983,62428,1975,79690,0,0,2614,51275,1335,45315,2614,96590,California
Kern,2021-02-28,918,143036,503,62931,414,80104,1,1,696,51752,220,45535,697,97287,California
Kern,2021-03-01,4023,147059,1827,64758,2192,82296,4,5,2703,53149,1310,46845,2707,99994,California
Kern,2021-03-02,4496,151555,1417,66175,3075,85371,4,9,2961,54587,1524,48369,2962,102956,California
Kern,2021-03-03,6005,157560,2847,69022,3156,88527,2,11,3889,56376,2101,50470,3890,106846,California
Kern,2021-03-04,5704,163264,2282,71304,3417,91944,5,16,3699,58089,1989,52459,3702,110548,California
Kern,2021-03-05,6663,169927,2880,74184,3764,95708,19,35,4204,59863,2449,54908,4223,114771,California
Kern,2021-03-06,4760,174687,1930,76114,2722,98430,108,143,3480,62178,1273,56181,3588,118359,California
Kern,2021-03-07,2062,176749,1592,77706,413,98843,57,200,1861,63897,199,56380,1918,120277,California
Kern,2021-03-08,2911,179660,925,78631,1763,100606,223,423,1528,64266,1380,57760,1749,122026,California
Kern,2021-03-09,3749,183409,815,79446,2544,103150,390,813,2341,65593,1399,59159,2726,124752,California
Kern,2021-03-10,6168,189577,2571,82017,2520,105670,1077,1890,3608,67732,2544,61703,4683,129435,California
Kern,2021-03-11,6347,195924,2445,84462,2873,108543,1029,2919,3777,69973,2560,64263,4801,134236,California
Kern,2021-03-12,7863,203787,3083,87545,3425,111968,1355,4274,4326,72118,3524,67787,5669,139905,California
Kern,2021-03-13,4684,208471,2535,90080,1811,113779,338,4612,3256,74285,1421,69208,3588,143493,California
Kern,2021-03-14,2313,210784,1535,91615,535,114314,243,4855,1789,75790,524,69732,2029,145522,California
Kern,2021-03-15,4282,215066,1109,92724,2461,116775,712,5567,2201,76628,2068,71800,2906,148428,California
Kern,2021-03-16,4449,219515,1020,93744,2893,119668,536,6103,2425,77571,2011,73811,2954,151382,California
Kern,2021-03-17,7475,226990,4090,97834,2834,122502,551,6654,4496,79650,2967,76778,5046,156428,California
Kern,2021-03-18,7323,234313,3716,101550,3018,125520,589,7243,4443,81819,2859,79637,5028,161456,California
Kern,2021-03-19,9030,243343,5015,106565,3355,128875,660,7903,4736,82934,4275,83912,5390,166846,California
Kern,2021-03-20,6196,249539,3834,110399,2188,131063,174,8077,3923,84772,2260,86172,4098,170944,California
Kern,2021-03-21,3058,252597,1935,112334,239,131302,884,8961,1852,86307,1199,87371,2734,173678,California
Kern,2021-03-22,3997,256594,1570,113904,2069,133371,358,9319,1939,86563,2041,89412,2297,175975,California
Kern,2021-03-23,4756,261350,1680,115584,2875,136246,201,9520,2489,87011,2238,91650,2686,178661,California
Kern,2021-03-24,7196,268546,3681,119265,3038,139284,477,9997,3657,87621,3521,95171,4131,182792,California
Kern,2021-03-25,6801,275347,3011,122276,3457,142741,333,10330,3226,87620,3557,98728,3556,186348,California
Kern,2021-03-26,9888,285235,4424,126700,4206,146947,1258,11588,4727,88464,5140,103868,5984,192332,California
Kern,2021-03-27,5718,290953,3997,130697,1592,148539,129,11717,3452,89780,2264,106132,3580,195912,California
Kern,2021-03-28,4691,295644,4199,134896,478,149017,14,11731,2957,91019,1732,107864,2971,198883,California
Kern,2021-03-29,4265,299909,1683,136579,2304,151321,278,12009,2614,92270,1638,109502,2889,201772,California
Kern,2021-03-30,5612,305521,1878,138457,3347,154668,387,12396,3069,93183,2539,112041,3452,205224,California
Kern,2021-03-31,8433,313954,4556,143013,3229,157897,648,13044,4317,94049,4098,116139,4964,210188,California
Kern,2021-04-01,7924,321878,3884,146897,3738,161635,302,13346,4234,94920,3661,119800,4532,214720,California
Kern,2021-04-02,8466,330344,4461,151358,3395,165030,610,13956,4222,95518,4225,124025,4823,219543,California
Kern,2021-04-03,6005,336349,3673,155031,2148,167178,184,14140,2659,95021,3337,127362,2840,222383,California
Kern,2021-04-04,1341,337690,874,155905,382,167560,85,14225,477,94720,861,128223,560,222943,California
Kern,2021-04-05,5376,343066,2221,158126,2381,169941,774,14999,2900,95901,2464,130687,3645,226588,California
Kern,2021-04-06,7145,350211,2481,160607,3284,173225,1380,16379,3566,97291,3553,134240,4943,231531,California
Kern,2021-04-07,9396,359607,5481,166088,2950,176175,965,17344,4575,98028,4801,139041,5538,237069,California
Kern,2021-04-08,8680,368287,4809,170897,2957,179132,914,18258,3727,97731,4926,143967,4629,241698,California
Kern,2021-04-09,10295,378582,5152,176049,4149,183281,994,19252,4366,97187,5901,149868,5357,247055,California
Kern,2021-04-10,6605,385187,3467,179516,1889,185170,1249,20501,2142,96120,4452,154320,3385,250440,California
Kern,2021-04-11,3934,389121,2921,182437,369,185539,644,21145,1275,95388,2644,156964,1912,252352,California
Kern,2021-04-12,4426,393547,995,183432,2456,187995,975,22120,1588,95135,2814,159778,2561,254913,California
Kern,2021-04-13,4323,397870,1425,184857,2872,190867,26,22146,2130,95113,2177,161955,2155,257068,California
Kern,2021-04-14,6118,403988,3011,187868,3085,193952,22,22168,3016,95067,3083,165038,3037,260105,California
Kern,2021-04-15,5324,409312,2500,190368,2821,196773,3,22171,2522,94807,2785,167823,2525,262630,California
Kern,2021-04-16,7326,416638,3475,193843,3850,200623,1,22172,3000,93514,4297,172120,3004,265634,California
Kern,2021-04-17,6008,422646,3941,197784,2067,202690,0,22172,2150,91826,3840,175960,2152,267786,California
Kern,2021-04-18,3899,426545,3655,201439,244,202934,0,22172,969,89874,2921,178881,969,268755,California
Kern,2021-04-19,3864,430409,1743,203182,2119,205053,2,22174,1444,88920,2398,181279,1444,270199,California
Kern,2021-04-20,4485,434894,1671,204853,2812,207865,2,22176,1720,87898,2743,184022,1721,271920,California
Kern,2021-04-21,6025,440919,3267,208120,2753,210618,5,22181,2211,86323,3789,187811,2214,274134,California
Kern,2021-04-22,4888,445807,2391,210511,2497,213115,0,22181,1743,84946,3121,190932,1744,275878,California
Kern,2021-04-23,6222,452029,3089,213600,3132,216247,1,22182,1952,82672,4229,195161,1955,277833,California
Kern,2021-04-24,4026,456055,2809,216409,1206,217453,11,22193,1451,81580,2555,197716,1463,279296,California
Kern,2021-04-25,1404,457459,1116,217525,288,217741,0,22193,827,81836,571,198287,827,280123,California
Kern,2021-04-26,3907,461366,1867,219392,1989,219730,51,22244,1082,80155,2816,201103,1135,281258,California
Kern,2021-04-27,4839,466205,2367,221759,2364,222094,108,22352,1494,78424,3330,204433,1599,282857,California
Kern,2021-04-28,6424,472629,3827,225586,2473,224567,124,22476,1874,75889,4530,208963,1995,284852,California
Kern,2021-04-29,5628,478257,3164,228750,2365,226932,99,22575,1691,73765,3915,212878,1791,286643,California
Kern,2021-04-30,5710,483967,3231,231981,2320,229252,159,22734,1682,71593,4012,216890,1840,288483,California
Kern,2021-05-01,2724,486691,1930,233911,735,229987,59,22793,1087,71112,1626,218516,1145,289628,California
Kern,2021-05-02,1897,488588,1607,235518,268,230255,22,22815,696,70636,1194,219710,718,290346,California
Kern,2021-05-03,2554,491142,1033,236551,1387,231642,134,22949,787,69806,1752,221462,922,291268,California
Kern,2021-05-04,3726,494868,1356,237907,2261,233903,109,23058,1315,68833,2395,223857,1422,292690,California
Kern,2021-05-05,4230,499098,2202,240109,1876,235779,152,23210,1406,67582,2807,226664,1556,294246,California
Kern,2021-05-06,3650,502748,1683,241792,1821,237600,146,23356,1144,66389,2479,229143,1286,295532,California
Kern,2021-05-07,4646,507394,2332,244124,2138,239738,176,23532,1309,64569,3304,232447,1484,297016,California
Kern,2021-05-08,2944,510338,1852,245976,976,240714,116,23648,915,63584,2014,234461,1029,298045,California
Kern,2021-05-09,1354,511692,1179,247155,145,240859,30,23678,442,63153,903,235364,472,298517,California
Kern,2021-05-10,2298,513990,914,248069,1282,242141,102,23780,683,62341,1595,236959,783,299300,California
Kern,2021-05-11,2730,516720,985,249054,1619,243760,126,23906,988,61726,1730,238689,1115,300415,California
Kern,2021-05-12,3652,520372,1478,250532,2023,245783,151,24057,1144,60527,2492,241181,1293,301708,California
Kern,2021-05-13,3531,523903,1865,252397,1512,247295,154,24211,1640,60440,1877,243058,1790,303498,California
Kern,2021-05-14,4334,528237,2571,254968,1540,248835,223,24434,1989,60326,2325,245383,2211,305709,California
Kern,2021-05-15,2943,531180,1919,256887,936,249771,88,24522,1565,60616,1362,246745,1652,307361,California
Kern,2021-05-16,1617,532797,1387,258274,190,249961,40,24562,938,60921,673,247418,978,308339,California
Kern,2021-05-17,2334,535131,1008,259282,1179,251140,147,24709,1178,61102,1143,248561,1324,309663,California
Kern,2021-05-18,3220,538351,1502,260784,1585,252725,133,24842,1622,61274,1580,250141,1752,311415,California
Kern,2021-05-19,3836,542187,2393,263177,1314,254039,129,24971,1784,61145,2039,252180,1910,313325,California
Kern,2021-05-20,3116,545303,1696,264873,1277,255316,143,25114,1400,60991,1695,253875,1541,314866,California
Kern,2021-05-21,3648,548951,2209,267082,1304,256620,135,25249,1812,61127,1811,255686,1947,316813,California
Kern,2021-05-22,2957,551908,2302,269384,606,257226,49,25298,1398,61024,1547,257233,1444,318257,California
Kern,2021-05-23,1290,553198,1095,270479,169,257395,26,25324,670,61107,612,257845,695,318952,California
Kern,2021-05-24,1895,555093,822,271301,959,258354,114,25438,894,61119,995,258840,1007,319959,California
Kern,2021-05-25,2406,557499,1115,272416,1202,259556,89,25527,1110,61035,1282,260122,1198,321157,California
Kern,2021-05-26,2793,560292,1616,274032,1074,260630,103,25630,1195,60749,1582,261704,1296,322453,California
Kern,2021-05-27,2409,562701,1236,275268,1070,261700,103,25733,1257,60978,1130,262834,1359,323812,California
Kern,2021-05-28,2732,565433,1388,276656,1233,262933,111,25844,1263,60895,1455,264289,1372,325184,California
Kern,2021-05-29,1906,567339,1264,277920,594,263527,48,25892,930,60911,962,265251,978,326162,California
Kern,2021-05-30,862,568201,705,278625,138,263665,19,25911,433,60940,422,265673,451,326613,California
Kern,2021-05-31,132,568333,41,278666,80,263745,11,25922,46,60913,83,265756,56,326669,California
Kern,2021-06-01,2288,570621,950,279616,1267,265012,71,25993,967,60645,1305,267061,1037,327706,California
Kern,2021-06-02,2250,572871,1303,280919,841,265853,106,26099,941,60394,1298,268359,1047,328753,California
Kern,2021-06-03,2376,575247,1339,282258,882,266735,155,26254,859,59901,1506,269865,1013,329766,California
Kern,2021-06-04,2953,578200,1914,284172,929,267664,110,26364,859,58793,2076,271941,968,330734,California
Kern,2021-06-05,2527,580727,2041,286213,452,268116,34,26398,786,57882,1731,273672,820,331554,California
Kern,2021-06-06,1225,581952,1120,287333,82,268198,23,26421,399,57483,821,274493,422,331976,California
Kern,2021-06-07,1805,583757,1124,288457,586,268784,95,26516,677,57138,1115,275608,770,332746,California
Kern,2021-06-08,2123,585880,1235,289692,816,269600,72,26588,649,56403,1455,277063,720,333466,California
Kern,2021-06-09,2628,588508,1845,291537,694,270294,89,26677,824,55525,1790,278853,912,334378,California
Kern,2021-06-10,2233,590741,1382,292919,752,271046,99,26776,783,54966,1439,280292,880,335258,California
Kern,2021-06-11,2828,593569,1906,294825,831,271877,91,26867,1048,54338,1768,282060,1140,336398,California
Kern,2021-06-12,1791,595360,1332,296157,409,272286,50,26917,534,53670,1252,283312,584,336982,California
Kern,2021-06-13,918,596278,801,296958,110,272396,7,26924,264,53291,651,283963,272,337254,California
Kern,2021-06-14,1858,598136,1132,298090,629,273025,97,27021,640,52819,1207,285170,735,337989,California
Kern,2021-06-15,2119,600255,1183,299273,858,273883,78,27099,820,52426,1291,286461,898,338887,California
Kern,2021-06-16,2077,602332,1370,300643,630,274513,77,27176,822,52085,1239,287700,898,339785,California
Kern,2021-06-17,1866,604198,1161,301804,591,275104,114,27290,903,52149,954,288654,1018,340803,California
Kern,2021-06-18,2187,606385,1376,303180,693,275797,118,27408,918,51933,1251,289905,1035,341838,California
Kern,2021-06-19,1230,607615,882,304062,316,276113,32,27440,521,51787,699,290604,553,342391,California
Kern,2021-06-20,715,608330,593,304655,103,276216,19,27459,271,51633,444,291048,290,342681,California
Kern,2021-06-21,1242,609572,665,305320,500,276716,77,27536,672,51818,562,291610,747,343428,California
Kern,2021-06-22,1656,611228,881,306201,699,277415,76,27612,674,51597,971,292581,750,344178,California
Kern,2021-06-23,1701,612929,1082,307283,542,277957,77,27689,745,51480,937,293518,820,344998,California
Kern,2021-06-24,1570,614499,964,308247,517,278474,89,27778,664,51333,899,294417,752,345750,California
Kern,2021-06-25,1733,616232,1087,309334,570,279044,76,27854,819,51324,902,295319,893,346643,California
Kern,2021-06-26,1237,617469,918,310252,298,279342,21,27875,528,51168,704,296023,548,347191,California
Kern,2021-06-27,427,617896,367,310619,54,279396,6,27881,181,51111,244,296267,187,347378,California
Kings,2020-12-16,1,1,1,1,0,0,0,0,1,1,0,0,1,1,California
Kings,2020-12-17,8,9,8,9,0,0,0,0,8,9,0,0,8,9,California
Kings,2020-12-18,12,21,12,21,0,0,0,0,12,21,0,0,12,21,California
Kings,2020-12-19,12,33,12,33,0,0,0,0,12,33,0,0,12,33,California
Kings,2020-12-20,13,46,13,46,0,0,0,0,13,46,0,0,13,46,California
Kings,2020-12-21,156,202,156,202,0,0,0,0,268,314,0,0,268,314,California
Kings,2020-12-22,141,343,141,343,0,0,0,0,138,452,0,0,138,452,California
Kings,2020-12-23,136,479,123,466,13,13,0,0,137,589,0,0,137,589,California
Kings,2020-12-24,11,490,9,475,2,15,0,0,11,600,0,0,11,600,California
Kings,2020-12-26,7,497,4,479,3,18,0,0,7,607,0,0,7,607,California
Kings,2020-12-27,4,501,4,483,0,18,0,0,4,611,0,0,4,611,California
Kings,2020-12-28,131,632,103,586,28,46,0,0,132,743,0,0,132,743,California
Kings,2020-12-29,84,716,56,642,28,74,0,0,85,828,0,0,85,828,California
Kings,2020-12-30,150,866,109,751,41,115,0,0,150,978,0,0,150,978,California
Kings,2020-12-31,45,911,6,757,39,154,0,0,45,1023,0,0,45,1023,California
Kings,2021-01-01,1,912,0,757,1,155,0,0,1,1024,0,0,1,1024,California
Kings,2021-01-02,12,924,10,767,2,157,0,0,12,1036,0,0,12,1036,California
Kings,2021-01-04,111,1035,41,808,70,227,0,0,111,1147,0,0,111,1147,California
Kings,2021-01-05,195,1230,39,847,156,383,0,0,195,1342,0,0,195,1342,California
Kings,2021-01-06,278,1508,179,1026,99,482,0,0,275,1614,3,3,275,1617,California
Kings,2021-01-07,182,1690,83,1109,99,581,0,0,174,1780,8,11,174,1791,California
Kings,2021-01-08,249,1939,54,1163,195,776,0,0,229,1989,20,31,229,2020,California
Kings,2021-01-09,63,2002,9,1172,54,830,0,0,55,2036,8,39,55,2075,California
Kings,2021-01-10,15,2017,3,1175,12,842,0,0,12,2045,3,42,12,2087,California
Kings,2021-01-11,517,2534,353,1528,164,1006,0,0,276,2081,241,283,277,2364,California
Kings,2021-01-12,347,2881,251,1779,96,1102,0,0,214,2165,130,413,214,2578,California
Kings,2021-01-13,421,3302,274,2053,147,1249,0,0,330,2404,91,504,330,2908,California
Kings,2021-01-14,210,3512,30,2083,180,1429,0,0,200,2584,21,525,201,3109,California
Kings,2021-01-15,417,3929,30,2113,387,1816,0,0,405,2977,12,537,405,3514,California
Kings,2021-01-16,28,3957,9,2122,19,1835,0,0,27,3003,1,538,27,3541,California
Kings,2021-01-17,12,3969,9,2131,3,1838,0,0,10,3011,2,540,10,3551,California
Kings,2021-01-18,173,4142,41,2172,132,1970,0,0,147,3132,26,566,147,3698,California
Kings,2021-01-19,381,4523,161,2333,220,2190,0,0,252,3255,129,695,252,3950,California
Kings,2021-01-20,254,4777,162,2495,92,2282,0,0,135,3276,114,809,135,4085,California
Kings,2021-01-21,213,4990,57,2552,156,2438,0,0,196,3453,19,828,196,4281,California
Kings,2021-01-22,105,5095,17,2569,88,2526,0,0,104,3552,5,833,104,4385,California
Kings,2021-01-23,26,5121,14,2583,12,2538,0,0,19,3564,7,840,19,4404,California
Kings,2021-01-24,4,5125,4,2587,0,2538,0,0,2,3564,2,842,2,4406,California
Kings,2021-01-25,150,5275,50,2637,100,2638,0,0,92,3598,58,900,92,4498,California
Kings,2021-01-26,156,5431,35,2672,121,2759,0,0,114,3670,42,942,114,4612,California
Kings,2021-01-27,330,5761,37,2709,293,3052,0,0,252,3845,77,1019,252,4864,California
Kings,2021-01-28,332,6093,46,2755,286,3338,0,0,276,4065,56,1075,276,5140,California
Kings,2021-01-29,111,6204,27,2782,84,3422,0,0,94,4142,17,1092,94,5234,California
Kings,2021-01-30,1568,7772,31,2813,1537,4959,0,0,1565,5706,3,1095,1567,6801,California
Kings,2021-01-31,1,7773,1,2814,0,4959,0,0,1,5707,0,1095,1,6802,California
Kings,2021-02-01,223,7996,69,2883,154,5113,0,0,92,5670,129,1224,92,6894,California
Kings,2021-02-02,247,8243,16,2899,231,5344,0,0,95,5614,151,1375,95,6989,California
Kings,2021-02-03,403,8646,194,3093,209,5553,0,0,244,5700,158,1533,244,7233,California
Kings,2021-02-04,436,9082,102,3195,334,5887,0,0,228,5721,207,1740,228,7461,California
Kings,2021-02-05,337,9419,57,3252,280,6167,0,0,177,5741,157,1897,177,7638,California
Kings,2021-02-06,61,9480,10,3262,51,6218,0,0,28,5736,33,1930,28,7666,California
Kings,2021-02-07,6,9486,4,3266,2,6220,0,0,3,5736,3,1933,3,7669,California
Kings,2021-02-08,175,9661,29,3295,146,6366,0,0,68,5697,107,2040,68,7737,California
Kings,2021-02-09,256,9917,59,3354,197,6563,0,0,112,5667,142,2182,112,7849,California
Kings,2021-02-10,374,10291,113,3467,261,6824,0,0,249,5791,125,2307,249,8098,California
Kings,2021-02-11,480,10771,66,3533,414,7238,0,0,359,6030,120,2427,359,8457,California
Kings,2021-02-12,627,11398,36,3569,591,7829,0,0,350,6104,276,2703,350,8807,California
Kings,2021-02-13,231,11629,7,3576,224,8053,0,0,204,6281,27,2730,204,9011,California
Kings,2021-02-14,103,11732,4,3580,99,8152,0,0,95,6368,8,2738,95,9106,California
Kings,2021-02-15,248,11980,5,3585,243,8395,0,0,138,6397,109,2847,138,9244,California
Kings,2021-02-16,589,12569,33,3618,556,8951,0,0,350,6510,238,3085,351,9595,California
Kings,2021-02-17,439,13008,24,3642,415,9366,0,0,300,6673,139,3224,302,9897,California
Kings,2021-02-18,344,13352,22,3664,322,9688,0,0,212,6754,131,3355,212,10109,California
Kings,2021-02-19,210,13562,24,3688,186,9874,0,0,129,6805,78,3433,129,10238,California
Kings,2021-02-20,171,13733,40,3728,131,10005,0,0,134,6902,37,3470,134,10372,California
Kings,2021-02-21,3,13736,2,3730,1,10006,0,0,3,6905,0,3470,3,10375,California
Kings,2021-02-22,122,13858,20,3750,102,10108,0,0,57,6897,65,3535,57,10432,California
Kings,2021-02-23,435,14293,70,3820,365,10473,0,0,315,7092,120,3655,315,10747,California
Kings,2021-02-24,738,15031,156,3976,582,11055,0,0,523,7400,215,3870,523,11270,California
Kings,2021-02-25,818,15849,132,4108,686,11741,0,0,592,7768,224,4094,592,11862,California
Kings,2021-02-26,851,16700,136,4244,715,12456,0,0,774,8465,77,4171,774,12636,California
Kings,2021-02-27,1519,18219,65,4309,1454,13910,0,0,582,8111,936,5107,582,13218,California
Kings,2021-02-28,1207,19426,598,4907,609,14519,0,0,675,8258,529,5636,676,13894,California
Kings,2021-03-01,294,19720,90,4997,204,14723,0,0,223,8410,71,5707,223,14117,California
Kings,2021-03-02,590,20310,258,5255,332,15055,0,0,516,8854,74,5781,518,14635,California
Kings,2021-03-03,754,21064,326,5581,428,15483,0,0,530,9162,222,6003,530,15165,California
Kings,2021-03-04,833,21897,356,5937,477,15960,0,0,704,9738,129,6132,705,15870,California
Kings,2021-03-05,1190,23087,369,6306,812,16772,9,9,1039,10638,151,6283,1051,16921,California
Kings,2021-03-06,518,23605,187,6493,318,17090,13,22,488,11109,30,6313,501,17422,California
Kings,2021-03-07,364,23969,223,6716,137,17227,4,26,355,11459,9,6322,359,17781,California
Kings,2021-03-08,382,24351,98,6814,231,17458,53,79,265,11659,117,6439,317,18098,California
Kings,2021-03-09,685,25036,387,7201,243,17701,55,134,577,12185,107,6546,633,18731,California
Kings,2021-03-10,741,25777,233,7434,403,18104,105,239,535,12620,204,6750,639,19370,California
Kings,2021-03-11,1200,26977,430,7864,654,18758,116,355,753,13045,445,7195,870,20240,California
Kings,2021-03-12,1511,28488,447,8311,970,19728,94,449,982,13596,527,7722,1078,21318,California
Kings,2021-03-13,682,29170,334,8645,306,20034,42,491,558,14074,124,7846,602,21920,California
Kings,2021-03-14,674,29844,101,8746,184,20218,389,880,200,14189,474,8320,589,22509,California
Kings,2021-03-15,712,30556,266,9012,327,20545,119,999,469,14538,242,8562,591,23100,California
Kings,2021-03-16,1165,31721,478,9490,624,21169,63,1062,750,14936,415,8977,813,23913,California
Kings,2021-03-17,1109,32830,419,9909,628,21797,62,1124,780,15457,329,9306,850,24763,California
Kings,2021-03-18,1129,33959,474,10383,432,22229,223,1347,748,16051,379,9685,973,25736,California
Kings,2021-03-19,972,34931,468,10851,417,22646,87,1434,725,16632,246,9931,827,26563,California
Kings,2021-03-20,641,35572,256,11107,354,23000,31,1465,464,16961,174,10105,503,27066,California
Kings,2021-03-21,1422,36994,1090,12197,320,23320,12,1477,863,17277,559,10664,875,27941,California
Kings,2021-03-22,452,37446,201,12398,165,23485,86,1563,268,17452,183,10847,358,28299,California
Kings,2021-03-23,1045,38491,506,12904,475,23960,64,1627,550,17576,493,11340,617,28916,California
Kings,2021-03-24,1090,39581,486,13390,581,24541,23,1650,498,17509,590,11930,523,29439,California
Kings,2021-03-25,1050,40631,472,13862,551,25092,27,1677,445,17377,603,12533,471,29910,California
Kings,2021-03-26,1404,42035,380,14242,937,26029,87,1764,514,17092,885,13418,600,30510,California
Kings,2021-03-27,643,42678,259,14501,372,26401,12,1776,155,16773,486,13904,167,30677,California
Kings,2021-03-28,673,43351,602,15103,64,26465,7,1783,403,16926,270,14174,423,31100,California
Kings,2021-03-29,470,43821,212,15315,197,26662,61,1844,257,17032,211,14385,317,31417,California
Kings,2021-03-30,868,44689,475,15790,354,27016,39,1883,429,17061,438,14823,467,31884,California
Kings,2021-03-31,824,45513,415,16205,336,27352,73,1956,418,17154,398,15221,491,32375,California
Kings,2021-04-01,914,46427,489,16694,335,27687,90,2046,355,17047,552,15773,445,32820,California
Kings,2021-04-02,1116,47543,455,17149,535,28222,126,2172,394,16850,716,16489,519,33339,California
Kings,2021-04-03,496,48039,348,17497,139,28361,9,2181,171,16712,319,16808,181,33520,California
Kings,2021-04-04,156,48195,82,17579,68,28429,6,2187,42,16647,113,16921,48,33568,California
Kings,2021-04-05,1062,49257,327,17906,480,28909,255,2442,239,16318,822,17743,493,34061,California
Kings,2021-04-06,1258,50515,493,18399,452,29361,313,2755,285,15945,970,18713,597,34658,California
Kings,2021-04-07,1372,51887,655,19054,531,29892,186,2941,337,15436,1032,19745,523,35181,California
Kings,2021-04-08,1629,53516,636,19690,740,30632,253,3194,374,14815,1248,20993,627,35808,California
Kings,2021-04-09,1189,54705,545,20235,464,31096,180,3374,235,14275,952,21945,412,36220,California
Kings,2021-04-10,596,55301,333,20568,161,31257,102,3476,175,14132,419,22364,276,36496,California
Kings,2021-04-11,355,55656,76,20644,272,31529,7,3483,196,14178,157,22521,203,36699,California
Kings,2021-04-12,709,56365,314,20958,192,31721,203,3686,193,14060,514,23035,396,37095,California
Kings,2021-04-13,917,57282,527,21485,390,32111,0,3686,293,13736,622,23657,298,37393,California
Kings,2021-04-14,1050,58332,579,22064,471,32582,0,3686,379,13445,671,24328,380,37773,California
Kings,2021-04-15,1063,59395,524,22588,538,33120,1,3687,453,13292,607,24935,454,38227,California
Kings,2021-04-16,797,60192,365,22953,432,33552,0,3687,263,13024,532,25467,264,38491,California
Kings,2021-04-17,460,60652,245,23198,215,33767,0,3687,188,12941,271,25738,188,38679,California
Kings,2021-04-18,572,61224,246,23444,326,34093,0,3687,45,12459,527,26265,45,38724,California
Kings,2021-04-19,608,61832,366,23810,242,34335,0,3687,295,12444,310,26575,295,39019,California
Kings,2021-04-20,753,62585,461,24271,292,34627,0,3687,240,12172,512,27087,240,39259,California
Kings,2021-04-21,689,63274,351,24622,338,34965,0,3687,241,11973,440,27527,241,39500,California
Kings,2021-04-22,572,63846,291,24913,281,35246,0,3687,209,11823,360,27887,210,39710,California
Kings,2021-04-23,678,64524,299,25212,379,35625,0,3687,330,11809,344,28231,330,40040,California
Kings,2021-04-24,247,64771,179,25391,67,35692,1,3688,119,11802,127,28358,120,40160,California
Kings,2021-04-25,203,64974,183,25574,20,35712,0,3688,166,11931,37,28395,166,40326,California
Kings,2021-04-26,325,65299,176,25750,146,35858,3,3691,201,12012,123,28518,204,40530,California
Kings,2021-04-27,432,65731,195,25945,218,36076,19,3710,184,11969,246,28764,203,40733,California
Kings,2021-04-28,523,66254,263,26208,240,36316,20,3730,270,12006,253,29017,290,41023,California
Kings,2021-04-29,302,66556,125,26333,165,36481,12,3742,141,12001,158,29175,153,41176,California
Kings,2021-04-30,371,66927,168,26501,186,36667,17,3759,154,11959,213,29388,171,41347,California
Kings,2021-05-01,227,67154,166,26667,51,36718,10,3769,72,11887,154,29542,82,41429,California
Kings,2021-05-02,169,67323,147,26814,22,36740,0,3769,127,11972,42,29584,127,41556,California
Kings,2021-05-03,473,67796,251,27065,209,36949,13,3782,121,11755,351,29935,134,41690,California
Kings,2021-05-04,527,68323,270,27335,237,37186,20,3802,163,11575,363,30298,183,41873,California
Kings,2021-05-05,565,68888,299,27634,246,37432,20,3822,143,11316,422,30720,163,42036,California
Kings,2021-05-06,569,69457,290,27924,256,37688,23,3845,130,11032,437,31157,153,42189,California
Kings,2021-05-07,369,69826,212,28136,143,37831,14,3859,149,10977,218,31375,163,42352,California
Kings,2021-05-08,244,70070,179,28315,53,37884,12,3871,85,10915,158,31533,96,42448,California
Kings,2021-05-09,191,70261,63,28378,128,38012,0,3871,40,10804,151,31684,40,42488,California
Kings,2021-05-10,347,70608,270,28648,67,38079,10,3881,114,10696,231,31915,123,42611,California
Kings,2021-05-11,384,70992,239,28887,116,38195,29,3910,116,10574,268,32183,146,42757,California
Kings,2021-05-12,401,71393,163,29050,224,38419,14,3924,164,10517,235,32418,178,42935,California
Kings,2021-05-13,410,71803,167,29217,235,38654,8,3932,168,10452,241,32659,176,43111,California
Kings,2021-05-14,463,72266,317,29534,115,38769,31,3963,239,10499,223,32882,270,43381,California
Kings,2021-05-15,350,72616,250,29784,82,38851,18,3981,191,10549,159,33041,209,43590,California
Kings,2021-05-16,247,72863,221,30005,25,38876,1,3982,75,10453,172,33213,76,43666,California
Kings,2021-05-17,407,73270,323,30328,67,38943,17,3999,210,10484,196,33409,227,43893,California
Kings,2021-05-18,400,73670,283,30611,104,39047,13,4012,229,10556,171,33580,243,44136,California
Kings,2021-05-19,573,74243,280,30891,271,39318,22,4034,226,10459,345,33925,248,44384,California
Kings,2021-05-20,449,74692,235,31126,187,39505,27,4061,258,10554,191,34116,286,44670,California
Kings,2021-05-21,517,75209,262,31388,244,39749,11,4072,263,10578,250,34366,274,44944,California
Kings,2021-05-22,308,75517,247,31635,49,39798,12,4084,219,10722,87,34453,231,45175,California
Kings,2021-05-23,232,75749,223,31858,9,39807,0,4084,106,10702,126,34579,106,45281,California
Kings,2021-05-24,260,76009,174,32032,71,39878,15,4099,123,10703,137,34716,138,45419,California
Kings,2021-05-25,406,76415,269,32301,104,39982,33,4132,236,10804,168,34884,269,45688,California
Kings,2021-05-26,303,76718,123,32424,163,40145,17,4149,120,10759,182,35066,137,45825,California
Kings,2021-05-27,325,77043,176,32600,131,40276,18,4167,177,10809,145,35211,195,46020,California
Kings,2021-05-28,287,77330,140,32740,129,40405,18,4185,132,10807,152,35363,150,46170,California
Kings,2021-05-29,173,77503,100,32840,62,40467,11,4196,86,10818,86,35449,97,46267,California
Kings,2021-05-30,130,77633,113,32953,15,40482,2,4198,69,10828,61,35510,71,46338,California
Kings,2021-05-31,42,77675,23,32976,16,40498,3,4201,15,10819,27,35537,18,46356,California
Kings,2021-06-01,318,77993,187,33163,115,40613,16,4217,118,10756,196,35733,133,46489,California
Kings,2021-06-02,276,78269,125,33288,144,40757,7,4224,85,10660,188,35921,92,46581,California
Kings,2021-06-03,224,78493,126,33414,87,40844,11,4235,70,10595,146,36067,81,46662,California
Kings,2021-06-04,429,78922,285,33699,130,40974,14,4249,156,10496,269,36336,170,46832,California
Kings,2021-06-05,255,79177,221,33920,27,41001,7,4256,62,10385,180,36516,69,46901,California
Kings,2021-06-06,163,79340,155,34075,3,41004,5,4261,82,10395,77,36593,87,46988,California
Kings,2021-06-07,291,79631,222,34297,55,41059,14,4275,94,10305,197,36790,107,47095,California
Kings,2021-06-08,311,79942,240,34537,51,41110,20,4295,79,10173,231,37021,99,47194,California
Kings,2021-06-09,396,80338,261,34798,126,41236,9,4304,117,10023,276,37297,126,47320,California
Kings,2021-06-10,336,80674,219,35017,104,41340,13,4317,80,9860,256,37553,93,47413,California
Kings,2021-06-11,372,81046,281,35298,88,41428,3,4320,143,9782,224,37777,146,47559,California
Kings,2021-06-12,269,81315,221,35519,44,41472,4,4324,69,9671,184,37961,73,47632,California
Kings,2021-06-13,128,81443,119,35638,8,41480,1,4325,34,9613,93,38054,35,47667,California
Kings,2021-06-14,239,81682,173,35811,46,41526,20,4345,98,9590,141,38195,118,47785,California
Kings,2021-06-15,255,81937,180,35991,64,41590,11,4356,88,9523,166,38361,99,47884,California
Kings,2021-06-16,253,82190,129,36120,116,41706,8,4364,91,9468,155,38516,100,47984,California
Kings,2021-06-17,209,82399,112,36232,87,41793,10,4374,82,9433,127,38643,92,48076,California
Kings,2021-06-18,252,82651,173,36405,70,41863,9,4383,118,9426,134,38777,127,48203,California
Kings,2021-06-19,101,82752,69,36474,27,41890,5,4388,40,9410,61,38838,45,48248,California
Kings,2021-06-20,83,82835,68,36542,9,41899,6,4394,28,9389,55,38893,34,48282,California
Kings,2021-06-21,181,83016,97,36639,53,41952,31,4425,96,9431,85,38978,127,48409,California
Kings,2021-06-22,199,83215,128,36767,63,42015,8,4433,82,9404,117,39095,90,48499,California
Kings,2021-06-23,199,83414,94,36861,90,42105,15,4448,86,9393,112,39207,101,48600,California
Kings,2021-06-24,145,83559,68,36929,72,42177,5,4453,56,9366,88,39295,61,48661,California
Kings,2021-06-25,304,83863,219,37148,76,42253,9,4462,150,9372,153,39448,159,48820,California
Kings,2021-06-26,115,83978,73,37221,38,42291,4,4466,48,9357,67,39515,52,48872,California
Kings,2021-06-27,106,84084,100,37321,5,42296,1,4467,31,9317,72,39587,32,48904,California
Lake,2020-12-17,4,4,4,4,0,0,0,0,4,4,0,0,4,4,California
Lake,2020-12-18,51,55,51,55,0,0,0,0,51,55,0,0,51,55,California
Lake,2020-12-19,3,58,3,58,0,0,0,0,3,58,0,0,3,58,California
Lake,2020-12-20,6,64,6,64,0,0,0,0,6,64,0,0,6,64,California
Lake,2020-12-21,87,151,87,151,0,0,0,0,87,151,0,0,87,151,California
Lake,2020-12-22,63,214,60,211,3,3,0,0,63,214,0,0,63,214,California
Lake,2020-12-23,124,338,115,326,9,12,0,0,124,338,0,0,124,338,California
Lake,2020-12-24,2,340,0,326,2,14,0,0,2,340,0,0,2,340,California
Lake,2020-12-26,2,342,2,328,0,14,0,0,2,342,0,0,2,342,California
Lake,2020-12-27,2,344,2,330,0,14,0,0,2,344,0,0,2,344,California
Lake,2020-12-28,52,396,43,373,9,23,0,0,52,396,0,0,52,396,California
Lake,2020-12-29,50,446,45,418,5,28,0,0,50,446,0,0,50,446,California
Lake,2020-12-30,129,575,121,539,8,36,0,0,129,575,0,0,129,575,California
Lake,2020-12-31,67,642,64,603,3,39,0,0,67,642,0,0,67,642,California
Lake,2021-01-01,3,645,0,603,3,42,0,0,3,645,0,0,3,645,California
Lake,2021-01-02,2,647,1,604,1,43,0,0,2,647,0,0,2,647,California
Lake,2021-01-04,88,735,21,625,67,110,0,0,88,735,0,0,88,735,California
Lake,2021-01-05,120,855,59,684,61,171,0,0,118,851,2,2,118,853,California
Lake,2021-01-06,103,958,64,748,39,210,0,0,101,950,2,4,101,954,California
Lake,2021-01-07,109,1067,85,833,24,234,0,0,100,1041,9,13,100,1054,California
Lake,2021-01-08,156,1223,127,960,29,263,0,0,104,1093,52,65,104,1158,California
Lake,2021-01-09,63,1286,61,1021,2,265,0,0,59,1148,4,69,59,1217,California
Lake,2021-01-10,3,1289,3,1024,0,265,0,0,0,1145,3,72,0,1217,California
Lake,2021-01-11,189,1478,150,1174,39,304,0,0,109,1174,80,152,109,1326,California
Lake,2021-01-12,81,1559,48,1222,33,337,0,0,57,1207,24,176,57,1383,California
Lake,2021-01-13,169,1728,114,1336,55,392,0,0,110,1258,59,235,110,1493,California
Lake,2021-01-14,151,1879,48,1384,103,495,0,0,129,1365,22,257,129,1622,California
Lake,2021-01-15,221,2100,95,1479,126,621,0,0,193,1530,28,285,193,1815,California
Lake,2021-01-16,136,2236,83,1562,53,674,0,0,134,1662,2,287,134,1949,California
Lake,2021-01-17,18,2254,6,1568,12,686,0,0,12,1668,6,293,12,1961,California
Lake,2021-01-18,245,2499,226,1794,19,705,0,0,125,1673,120,413,125,2086,California
Lake,2021-01-19,317,2816,120,1914,197,902,0,0,271,1899,46,459,272,2358,California
Lake,2021-01-20,426,3242,82,1996,344,1246,0,0,361,2196,64,523,361,2719,California
Lake,2021-01-21,439,3681,49,2045,390,1636,0,0,404,2565,35,558,404,3123,California
Lake,2021-01-22,322,4003,47,2092,275,1911,0,0,285,2813,37,595,285,3408,California
Lake,2021-01-23,127,4130,6,2098,121,2032,0,0,126,2938,1,596,126,3534,California
Lake,2021-01-24,5,4135,2,2100,3,2035,0,0,5,2943,0,596,5,3539,California
Lake,2021-01-25,259,4394,96,2196,163,2198,0,0,177,3038,82,678,177,3716,California
Lake,2021-01-26,434,4828,36,2232,398,2596,0,0,410,3424,24,702,410,4126,California
Lake,2021-01-27,362,5190,40,2272,322,2918,0,0,335,3733,27,729,336,4462,California
Lake,2021-01-28,500,5690,162,2434,338,3256,0,0,369,3973,129,858,369,4831,California
Lake,2021-01-29,653,6343,101,2535,552,3808,0,0,578,4476,75,933,578,5409,California
Lake,2021-01-30,557,6900,43,2578,514,4322,0,0,551,5021,6,939,551,5960,California
Lake,2021-01-31,14,6914,8,2586,6,4328,0,0,12,5031,2,941,12,5972,California
Lake,2021-02-01,180,7094,18,2604,162,4490,0,0,166,5183,14,955,166,6138,California
Lake,2021-02-02,565,7659,153,2757,412,4902,0,0,397,5412,168,1123,397,6535,California
Lake,2021-02-03,445,8104,33,2790,412,5314,0,0,341,5649,104,1227,341,6876,California
Lake,2021-02-04,121,8225,70,2860,51,5365,0,0,71,5670,50,1277,71,6947,California
Lake,2021-02-05,383,8608,73,2933,310,5675,0,0,288,5865,93,1370,288,7235,California
Lake,2021-02-06,276,8884,42,2975,234,5909,0,0,264,6117,12,1382,264,7499,California
Lake,2021-02-07,2,8886,1,2976,1,5910,0,0,2,6119,0,1382,2,7501,California
Lake,2021-02-08,278,9164,206,3182,72,5982,0,0,159,6159,119,1501,159,7660,California
Lake,2021-02-09,346,9510,25,3207,321,6303,0,0,301,6416,44,1545,301,7961,California
Lake,2021-02-10,354,9864,54,3261,300,6603,0,0,273,6608,81,1626,273,8234,California
Lake,2021-02-11,179,10043,18,3279,161,6764,0,0,59,6547,120,1746,59,8293,California
Lake,2021-02-12,377,10420,29,3308,348,7112,0,0,286,6743,90,1836,286,8579,California
Lake,2021-02-13,252,10672,8,3316,244,7356,0,0,239,6969,13,1849,239,8818,California
Lake,2021-02-14,21,10693,5,3321,16,7372,0,0,7,6962,14,1863,7,8825,California
Lake,2021-02-15,172,10865,13,3334,159,7531,0,0,8,6807,163,2026,8,8833,California
Lake,2021-02-16,429,11294,23,3357,406,7937,0,0,178,6734,251,2277,178,9011,California
Lake,2021-02-17,353,11647,56,3413,297,8234,0,0,72,6526,280,2557,72,9083,California
Lake,2021-02-18,461,12108,71,3484,390,8624,0,0,115,6296,345,2902,115,9198,California
Lake,2021-02-19,433,12541,28,3512,405,9029,0,0,94,6051,339,3241,94,9292,California
Lake,2021-02-20,295,12836,61,3573,234,9263,0,0,251,6259,43,3284,251,9543,California
Lake,2021-02-21,6,12842,6,3579,0,9263,0,0,0,6253,6,3290,0,9543,California
Lake,2021-02-22,141,12983,23,3602,118,9381,0,0,42,6196,99,3389,42,9585,California
Lake,2021-02-23,215,13198,15,3617,200,9581,0,0,28,6037,187,3576,28,9613,California
Lake,2021-02-24,1009,14207,429,4046,580,10161,0,0,468,5965,540,4116,468,10081,California
Lake,2021-02-25,761,14968,496,4542,265,10426,0,0,500,6207,258,4374,500,10581,California
Lake,2021-02-26,1019,15987,323,4865,696,11122,0,0,364,5920,651,5025,364,10945,California
Lake,2021-02-27,410,16397,97,4962,313,11435,0,0,327,6165,82,5107,327,11272,California
Lake,2021-02-28,21,16418,12,4974,9,11444,0,0,12,6168,9,5116,12,11284,California
Lake,2021-03-01,597,17015,55,5029,542,11986,0,0,444,6459,153,5269,444,11728,California
Lake,2021-03-02,747,17762,18,5047,729,12715,0,0,288,6289,458,5727,288,12016,California
Lake,2021-03-03,370,18132,196,5243,174,12889,0,0,147,6213,223,5950,147,12163,California
Lake,2021-03-04,578,18710,506,5749,72,12961,0,0,562,6759,16,5966,562,12725,California
Lake,2021-03-05,1046,19756,52,5801,994,13955,0,0,186,6089,856,6822,186,12911,California
Lake,2021-03-06,35,19791,9,5810,25,13980,1,1,22,6099,13,6835,23,12934,California
Lake,2021-03-07,8,19799,6,5816,2,13982,0,1,5,6101,3,6838,5,12939,California
Lake,2021-03-08,342,20141,267,6083,65,14047,10,11,300,6369,42,6880,310,13249,California
Lake,2021-03-09,931,21072,44,6127,870,14917,17,28,407,6271,523,7403,425,13674,California
Lake,2021-03-10,205,21277,60,6187,131,15048,14,42,134,6349,71,7474,149,13823,California
Lake,2021-03-11,587,21864,49,6236,64,15112,474,516,47,6330,540,8014,521,14344,California
Lake,2021-03-12,852,22716,203,6439,624,15736,25,541,361,6227,489,8503,386,14730,California
Lake,2021-03-13,282,22998,22,6461,24,15760,236,777,19,6219,262,8765,254,14984,California
Lake,2021-03-14,11,23009,2,6463,9,15769,0,777,7,6222,4,8769,7,14991,California
Lake,2021-03-15,642,23651,13,6476,611,16380,18,795,481,6560,161,8930,499,15490,California
Lake,2021-03-16,1117,24768,836,7312,264,16644,17,812,378,6219,735,9665,394,15884,California
Lake,2021-03-17,249,25017,122,7434,105,16749,22,834,92,6176,157,9822,114,15998,California
Lake,2021-03-18,751,25768,377,7811,337,17086,37,871,356,6176,392,10214,392,16390,California
Lake,2021-03-19,586,26354,317,8128,249,17335,20,891,476,6563,109,10323,496,16886,California
Lake,2021-03-20,249,26603,9,8137,237,17572,3,894,31,6381,216,10539,34,16920,California
Lake,2021-03-21,15,26618,10,8147,4,17576,1,895,10,6387,5,10544,11,16931,California
Lake,2021-03-22,337,26955,256,8403,67,17643,14,909,250,6564,87,10631,264,17195,California
Lake,2021-03-23,429,27384,21,8424,394,18037,14,923,363,6876,65,10696,377,17572,California
Lake,2021-03-24,423,27807,62,8486,353,18390,8,931,326,7115,96,10792,335,17907,California
Lake,2021-03-25,675,28482,483,8969,185,18575,7,938,174,6794,501,11293,180,18087,California
Lake,2021-03-26,67,28549,32,9001,34,18609,1,939,31,6790,36,11329,32,18119,California
Lake,2021-03-27,309,28858,7,9008,299,18908,3,942,17,6520,290,11619,20,18139,California
Lake,2021-03-28,17,28875,8,9016,9,18917,0,942,9,6521,8,11627,9,18148,California
Lake,2021-03-29,987,29862,286,9302,699,19616,2,944,202,5942,783,12410,204,18352,California
Lake,2021-03-30,465,30327,314,9616,149,19765,2,946,366,6212,98,12508,368,18720,California
Lake,2021-03-31,615,30942,60,9676,555,20320,0,946,433,6472,173,12681,433,19153,California
Lake,2021-04-01,449,31391,234,9910,203,20523,12,958,187,6413,258,12939,199,19352,California
Lake,2021-04-02,223,31614,41,9951,154,20677,28,986,97,6412,126,13065,125,19477,California
Lake,2021-04-03,33,31647,6,9957,24,20701,3,989,13,6408,20,13085,16,19493,California
Lake,2021-04-04,20,31667,11,9968,7,20708,2,991,15,6420,5,13090,17,19510,California
Lake,2021-04-05,644,32311,71,10039,553,21261,20,1011,402,6602,239,13329,421,19931,California
Lake,2021-04-06,480,32791,17,10056,437,21698,26,1037,308,6765,171,13500,334,20265,California
Lake,2021-04-07,524,33315,57,10113,415,22113,52,1089,354,7003,168,13668,406,20671,California
Lake,2021-04-08,605,33920,493,10606,46,22159,66,1155,104,6675,498,14166,170,20841,California
Lake,2021-04-09,281,34201,39,10645,173,22332,69,1224,48,6561,230,14396,116,20957,California
Lake,2021-04-10,256,34457,15,10660,15,22347,226,1450,11,6553,245,14641,237,21194,California
Lake,2021-04-11,21,34478,16,10676,3,22350,2,1452,7,6548,14,14655,9,21203,California
Lake,2021-04-12,1083,35561,233,10909,816,23166,34,1486,244,5988,838,15493,278,21481,California
Lake,2021-04-13,181,35742,110,11019,71,23237,0,1486,54,5915,127,15620,54,21535,California
Lake,2021-04-14,620,36362,38,11057,582,23819,0,1486,554,6403,66,15686,554,22089,California
Lake,2021-04-15,646,37008,192,11249,454,24273,0,1486,332,6421,314,16000,332,22421,California
Lake,2021-04-16,267,37275,31,11280,236,24509,0,1486,76,6307,190,16190,76,22497,California
Lake,2021-04-17,42,37317,12,11292,30,24539,0,1486,32,6329,10,16200,32,22529,California
Lake,2021-04-18,9,37326,6,11298,3,24542,0,1486,0,6320,9,16209,0,22529,California
Lake,2021-04-19,298,37624,39,11337,259,24801,0,1486,247,6516,51,16260,247,22776,California
Lake,2021-04-20,695,38319,281,11618,414,25215,0,1486,95,6013,599,16859,96,22872,California
Lake,2021-04-21,532,38851,62,11680,470,25685,0,1486,197,5875,335,17194,197,23069,California
Lake,2021-04-22,471,39322,51,11731,420,26105,0,1486,323,6051,147,17341,323,23392,California
Lake,2021-04-23,120,39442,62,11793,58,26163,0,1486,72,6076,47,17388,72,23464,California
Lake,2021-04-24,55,39497,9,11802,46,26209,0,1486,41,6103,14,17402,41,23505,California
Lake,2021-04-25,37,39534,20,11822,17,26226,0,1486,25,6116,12,17414,25,23530,California
Lake,2021-04-26,294,39828,82,11904,211,26437,1,1487,89,6001,205,17619,90,23620,California
Lake,2021-04-27,250,40078,25,11929,207,26644,18,1505,87,5943,163,17782,105,23725,California
Lake,2021-04-28,512,40590,51,11980,446,27090,15,1520,91,5629,419,18201,105,23830,California
Lake,2021-04-29,208,40798,81,12061,111,27201,16,1536,109,5654,99,18300,124,23954,California
Lake,2021-04-30,288,41086,44,12105,213,27414,31,1567,147,5691,141,18441,178,24132,California
Lake,2021-05-01,49,41135,27,12132,20,27434,2,1569,34,5713,14,18455,36,24168,California
Lake,2021-05-02,18,41153,9,12141,8,27442,1,1570,9,5714,9,18464,10,24178,California
Lake,2021-05-03,412,41565,30,12171,347,27789,35,1605,66,5470,345,18809,101,24279,California
Lake,2021-05-04,404,41969,217,12388,139,27928,48,1653,124,5363,279,19088,172,24451,California
Lake,2021-05-05,629,42598,44,12432,573,28501,12,1665,84,4916,542,19630,95,24546,California
Lake,2021-05-06,142,42740,19,12451,94,28595,29,1694,72,4946,70,19700,100,24646,California
Lake,2021-05-07,166,42906,29,12480,117,28712,20,1714,102,5006,62,19762,122,24768,California
Lake,2021-05-08,44,42950,9,12489,35,28747,0,1714,37,5036,7,19769,37,24805,California
Lake,2021-05-09,17,42967,2,12491,10,28757,5,1719,10,5044,7,19776,15,24820,California
Lake,2021-05-10,245,43212,11,12502,206,28963,28,1747,59,4946,185,19961,87,24907,California
Lake,2021-05-11,194,43406,25,12527,152,29115,17,1764,115,5000,79,20040,133,25040,California
Lake,2021-05-12,542,43948,33,12560,489,29604,20,1784,56,4589,486,20526,75,25115,California
Lake,2021-05-13,318,44266,69,12629,235,29839,14,1798,72,4431,244,20770,86,25201,California
Lake,2021-05-14,268,44534,83,12712,167,30006,18,1816,163,4508,103,20873,180,25381,California
Lake,2021-05-15,45,44579,19,12731,23,30029,3,1819,28,4522,17,20890,31,25412,California
Lake,2021-05-16,33,44612,19,12750,13,30042,1,1820,18,4526,15,20905,19,25431,California
Lake,2021-05-17,315,44927,44,12794,256,30298,15,1835,82,4393,230,21135,97,25528,California
Lake,2021-05-18,299,45226,65,12859,215,30513,19,1854,171,4456,127,21262,190,25718,California
Lake,2021-05-19,313,45539,57,12916,241,30754,15,1869,88,4335,224,21486,103,25821,California
Lake,2021-05-20,236,45775,60,12976,165,30919,11,1880,93,4296,143,21629,104,25925,California
Lake,2021-05-21,274,46049,51,13027,199,31118,24,1904,114,4276,158,21787,138,26063,California
Lake,2021-05-22,97,46146,53,13080,41,31159,3,1907,48,4278,49,21836,51,26114,California
Lake,2021-05-23,58,46204,28,13108,29,31188,1,1908,30,4281,28,21864,31,26145,California
Lake,2021-05-24,158,46362,36,13144,108,31296,14,1922,72,4281,86,21950,86,26231,California
Lake,2021-05-25,205,46567,58,13202,136,31432,11,1933,75,4238,129,22079,86,26317,California
Lake,2021-05-26,151,46718,44,13246,96,31528,11,1944,54,4208,95,22174,65,26382,California
Lake,2021-05-27,175,46893,49,13295,112,31640,14,1958,61,4170,113,22287,75,26457,California
Lake,2021-05-28,222,47115,21,13316,163,31803,38,1996,50,4088,169,22456,87,26544,California
Lake,2021-05-29,37,47152,10,13326,21,31824,6,2002,14,4085,23,22479,20,26564,California
Lake,2021-05-30,22,47174,6,13332,14,31838,2,2004,12,4089,10,22489,14,26578,California
Lake,2021-05-31,63,47237,21,13353,40,31878,2,2006,53,4134,10,22499,55,26633,California
Lake,2021-06-01,199,47436,40,13393,150,32028,9,2015,69,4083,129,22628,78,26711,California
Lake,2021-06-02,133,47569,46,13439,75,32103,12,2027,53,4068,80,22708,65,26776,California
Lake,2021-06-03,179,47748,51,13490,109,32212,19,2046,77,4062,102,22810,96,26872,California
Lake,2021-06-04,183,47931,53,13543,115,32327,15,2061,45,3986,136,22946,60,26932,California
Lake,2021-06-05,92,48023,57,13600,27,32354,8,2069,56,4014,36,22982,64,26996,California
Lake,2021-06-06,67,48090,37,13637,30,32384,0,2069,23,3993,44,23026,23,27019,California
Lake,2021-06-07,88,48178,28,13665,52,32436,8,2077,30,3974,57,23083,38,27057,California
Lake,2021-06-08,179,48357,68,13733,99,32535,12,2089,67,3941,112,23195,79,27136,California
Lake,2021-06-09,172,48529,43,13776,125,32660,4,2093,37,3849,133,23328,41,27177,California
Lake,2021-06-10,127,48656,62,13838,52,32712,13,2106,50,3835,77,23405,63,27240,California
Lake,2021-06-11,208,48864,67,13905,118,32830,23,2129,48,3748,158,23563,71,27311,California
Lake,2021-06-12,66,48930,38,13943,22,32852,6,2135,34,3756,32,23595,40,27351,California
Lake,2021-06-13,29,48959,16,13959,13,32865,0,2135,14,3755,15,23610,14,27365,California
Lake,2021-06-14,179,49138,87,14046,79,32944,13,2148,50,3690,128,23738,63,27428,California
Lake,2021-06-15,244,49382,65,14111,162,33106,17,2165,78,3619,166,23904,95,27523,California
Lake,2021-06-16,163,49545,57,14168,91,33197,15,2180,55,3582,107,24011,70,27593,California
Lake,2021-06-17,179,49724,86,14254,83,33280,10,2190,80,3574,98,24109,90,27683,California
Lake,2021-06-18,135,49859,38,14292,88,33368,9,2199,53,3554,82,24191,62,27745,California
Lake,2021-06-19,67,49926,25,14317,42,33410,0,2199,34,3555,33,24224,34,27779,California
Lake,2021-06-20,22,49948,8,14325,12,33422,2,2201,11,3557,11,24235,13,27792,California
Lake,2021-06-21,67,50015,17,14342,43,33465,7,2208,29,3555,38,24273,36,27828,California
Lake,2021-06-22,135,50150,51,14393,74,33539,10,2218,62,3555,72,24345,72,27900,California
Lake,2021-06-23,135,50285,64,14457,56,33595,15,2233,77,3589,58,24403,92,27992,California
Lake,2021-06-24,139,50424,91,14548,34,33629,14,2247,48,3562,89,24492,62,28054,California
Lake,2021-06-25,127,50551,58,14606,60,33689,9,2256,64,3573,62,24554,73,28127,California
Lake,2021-06-26,44,50595,34,14640,10,33699,0,2256,6,3541,38,24592,6,28133,California
Lake,2021-06-27,13,50608,6,14646,7,33706,0,2256,10,3548,3,24595,10,28143,California
Lassen,2020-12-16,8,8,8,8,0,0,0,0,8,8,0,0,8,8,California
Lassen,2020-12-17,6,14,6,14,0,0,0,0,6,14,0,0,6,14,California
Lassen,2020-12-18,1,15,1,15,0,0,0,0,1,15,0,0,1,15,California
Lassen,2020-12-19,5,20,5,20,0,0,0,0,5,20,0,0,5,20,California
Lassen,2020-12-20,2,22,2,22,0,0,0,0,2,22,0,0,2,22,California
Lassen,2020-12-21,11,33,11,33,0,0,0,0,11,33,0,0,11,33,California
Lassen,2020-12-22,23,56,23,56,0,0,0,0,23,56,0,0,23,56,California
Lassen,2020-12-23,6,62,6,62,0,0,0,0,6,62,0,0,6,62,California
Lassen,2020-12-24,10,72,10,72,0,0,0,0,10,72,0,0,10,72,California
Lassen,2020-12-28,3,75,2,74,1,1,0,0,3,75,0,0,3,75,California
Lassen,2020-12-29,35,110,35,109,0,1,0,0,35,110,0,0,35,110,California
Lassen,2020-12-30,36,146,35,144,1,2,0,0,36,146,0,0,36,146,California
Lassen,2020-12-31,49,195,42,186,7,9,0,0,49,195,0,0,49,195,California
Lassen,2021-01-02,1,196,0,186,1,10,0,0,1,196,0,0,1,196,California
Lassen,2021-01-04,15,211,2,188,13,23,0,0,15,211,0,0,15,211,California
Lassen,2021-01-05,193,404,52,240,141,164,0,0,193,404,0,0,193,404,California
Lassen,2021-01-06,95,499,44,284,51,215,0,0,87,484,8,8,88,492,California
Lassen,2021-01-07,43,542,7,291,36,251,0,0,37,515,6,14,37,529,California
Lassen,2021-01-08,50,592,2,293,48,299,0,0,50,565,0,14,50,579,California
Lassen,2021-01-09,12,604,6,299,6,305,0,0,12,577,0,14,12,591,California
Lassen,2021-01-11,27,631,5,304,22,327,0,0,27,604,0,14,27,618,California
Lassen,2021-01-12,49,680,29,333,20,347,0,0,30,615,19,33,30,648,California
Lassen,2021-01-13,160,840,18,351,142,489,0,0,146,747,14,47,146,794,California
Lassen,2021-01-14,163,1003,18,369,145,634,0,0,151,886,12,59,151,945,California
Lassen,2021-01-15,33,1036,6,375,27,661,0,0,33,919,0,59,33,978,California
Lassen,2021-01-16,34,1070,33,408,1,662,0,0,34,953,0,59,34,1012,California
Lassen,2021-01-17,1,1071,0,408,1,663,0,0,1,954,0,59,1,1013,California
Lassen,2021-01-18,5,1076,2,410,3,666,0,0,4,957,1,60,4,1017,California
Lassen,2021-01-19,186,1262,36,446,150,816,0,0,158,1087,28,88,158,1175,California
Lassen,2021-01-20,189,1451,101,547,88,904,0,0,106,1125,68,156,106,1281,California
Lassen,2021-01-21,145,1596,93,640,52,956,0,0,121,1228,18,174,121,1402,California
Lassen,2021-01-22,31,1627,18,658,13,969,0,0,21,1239,10,184,21,1423,California
Lassen,2021-01-23,2,1629,0,658,2,971,0,0,2,1241,0,184,2,1425,California
Lassen,2021-01-24,1,1630,0,658,1,972,0,0,1,1242,0,184,1,1426,California
Lassen,2021-01-25,12,1642,1,659,11,983,0,0,11,1252,1,185,11,1437,California
Lassen,2021-01-26,126,1768,12,671,114,1097,0,0,122,1370,4,189,122,1559,California
Lassen,2021-01-27,90,1858,37,708,53,1150,0,0,72,1424,18,207,72,1631,California
Lassen,2021-01-28,86,1944,16,724,70,1220,0,0,85,1508,1,208,85,1716,California
Lassen,2021-01-29,23,1967,7,731,16,1236,0,0,22,1529,1,209,22,1738,California
Lassen,2021-02-01,61,2028,4,735,57,1293,0,0,36,1540,25,234,36,1774,California
Lassen,2021-02-02,177,2205,12,747,165,1458,0,0,44,1451,133,367,44,1818,California
Lassen,2021-02-03,97,2302,21,768,76,1534,0,0,50,1454,47,414,50,1868,California
Lassen,2021-02-04,112,2414,15,783,97,1631,0,0,63,1468,49,463,63,1931,California
Lassen,2021-02-05,66,2480,12,795,54,1685,0,0,24,1450,42,505,24,1955,California
Lassen,2021-02-06,69,2549,34,829,35,1720,0,0,36,1454,32,537,36,1991,California
Lassen,2021-02-07,3,2552,3,832,0,1720,0,0,3,1457,0,537,3,1994,California
Lassen,2021-02-08,44,2596,4,836,40,1760,0,0,18,1449,26,563,18,2012,California
Lassen,2021-02-09,128,2724,7,843,121,1881,0,0,49,1419,79,642,49,2061,California
Lassen,2021-02-10,184,2908,22,865,162,2043,0,0,76,1387,108,750,76,2137,California
Lassen,2021-02-11,183,3091,16,881,167,2210,0,0,79,1363,103,853,79,2216,California
Lassen,2021-02-12,44,3135,11,892,33,2243,0,0,16,1351,28,881,16,2232,California
Lassen,2021-02-13,11,3146,3,895,8,2251,0,0,9,1358,2,883,9,2241,California
Lassen,2021-02-14,13,3159,0,895,13,2264,0,0,12,1369,1,884,12,2253,California
Lassen,2021-02-15,22,3181,3,898,19,2283,0,0,17,1382,4,888,17,2270,California
Lassen,2021-02-16,193,3374,4,902,189,2472,0,0,31,1253,160,1048,31,2301,California
Lassen,2021-02-17,183,3557,94,996,89,2561,0,0,10,1090,173,1221,10,2311,California
Lassen,2021-02-18,80,3637,23,1019,57,2618,0,0,19,1048,61,1282,19,2330,California
Lassen,2021-02-19,83,3720,62,1081,21,2639,0,0,19,1003,64,1346,19,2349,California
Lassen,2021-02-20,8,3728,0,1081,8,2647,0,0,6,1007,2,1348,6,2355,California
Lassen,2021-02-21,22,3750,2,1083,20,2667,0,0,18,1021,4,1352,18,2373,California
Lassen,2021-02-22,24,3774,10,1093,14,2681,0,0,6,1009,18,1370,6,2379,California
Lassen,2021-02-23,154,3928,10,1103,144,2825,0,0,43,941,111,1481,43,2422,California
Lassen,2021-02-24,166,4094,16,1119,150,2975,0,0,107,990,58,1539,107,2529,California
Lassen,2021-02-25,158,4252,21,1140,137,3112,0,0,99,1030,59,1598,99,2628,California
Lassen,2021-02-26,74,4326,16,1156,58,3170,0,0,37,1030,37,1635,37,2665,California
Lassen,2021-02-27,8,4334,7,1163,1,3171,0,0,3,1028,5,1640,3,2668,California
Lassen,2021-02-28,7,4341,2,1165,5,3176,0,0,3,1027,4,1644,3,2671,California
Lassen,2021-03-01,42,4383,4,1169,38,3214,0,0,8,1002,33,1677,8,2679,California
Lassen,2021-03-02,108,4491,8,1177,100,3314,0,0,81,1057,26,1703,81,2760,California
Lassen,2021-03-03,169,4660,11,1188,158,3472,0,0,113,1114,56,1759,113,2873,California
Lassen,2021-03-04,149,4809,17,1205,132,3604,0,0,98,1162,50,1809,98,2971,California
Lassen,2021-03-05,49,4858,7,1212,18,3622,24,24,11,1159,38,1847,35,3006,California
Lassen,2021-03-06,55,4913,4,1216,29,3651,22,46,5,1136,50,1897,27,3033,California
Lassen,2021-03-07,58,4971,3,1219,0,3651,55,101,3,1139,55,1952,58,3091,California
Lassen,2021-03-08,88,5059,2,1221,7,3658,79,180,3,1136,85,2037,82,3173,California
Lassen,2021-03-09,137,5196,11,1232,109,3767,17,197,89,1194,48,2085,106,3279,California
Lassen,2021-03-10,175,5371,10,1242,163,3930,2,199,79,1180,95,2180,81,3360,California
Lassen,2021-03-11,185,5556,16,1258,162,4092,7,206,113,1231,69,2249,120,3480,California
Lassen,2021-03-12,34,5590,17,1275,13,4105,4,210,12,1225,22,2271,16,3496,California
Lassen,2021-03-13,48,5638,0,1275,2,4107,46,256,1,1224,47,2318,46,3542,California
Lassen,2021-03-14,14,5652,2,1277,11,4118,1,257,2,1215,12,2330,3,3545,California
Lassen,2021-03-15,34,5686,3,1280,31,4149,0,257,16,1213,18,2348,16,3561,California
Lassen,2021-03-16,93,5779,2,1282,85,4234,6,263,74,1274,19,2367,80,3641,California
Lassen,2021-03-17,1082,6861,9,1291,1068,5302,5,268,1063,2323,19,2386,1068,4709,California
Lassen,2021-03-18,94,6955,9,1300,84,5386,1,269,81,2392,13,2399,82,4791,California
Lassen,2021-03-19,18,6973,11,1311,3,5389,4,273,7,2392,11,2410,11,4802,California
Lassen,2021-03-20,30,7003,3,1314,24,5413,3,276,23,2411,7,2417,26,4828,California
Lassen,2021-03-21,34,7037,1,1315,33,5446,0,276,14,2406,19,2436,14,4842,California
Lassen,2021-03-22,59,7096,1,1316,58,5504,0,276,56,2459,3,2439,56,4898,California
Lassen,2021-03-23,120,7216,11,1327,108,5612,1,277,67,2474,53,2492,68,4966,California
Lassen,2021-03-24,213,7429,13,1340,199,5811,1,278,106,2476,105,2597,107,5073,California
Lassen,2021-03-25,155,7584,23,1363,132,5943,0,278,72,2465,83,2680,72,5145,California
Lassen,2021-03-26,78,7662,13,1376,26,5969,39,317,19,2464,58,2738,57,5202,California
Lassen,2021-03-27,21,7683,4,1380,1,5970,16,333,3,2465,18,2756,19,5221,California
Lassen,2021-03-28,17,7700,4,1384,4,5974,9,342,2,2461,15,2771,11,5232,California
Lassen,2021-03-29,53,7753,0,1384,28,6002,25,367,20,2474,32,2803,45,5277,California
Lassen,2021-03-30,200,7953,10,1394,164,6166,26,393,52,2404,148,2951,78,5355,California
Lassen,2021-03-31,147,8100,12,1406,113,6279,22,415,62,2404,84,3035,84,5439,California
Lassen,2021-04-01,166,8266,15,1421,131,6410,20,435,48,2355,117,3152,68,5507,California
Lassen,2021-04-02,30,8296,4,1425,3,6413,23,458,2,2352,28,3180,25,5532,California
Lassen,2021-04-03,12,8308,0,1425,2,6415,10,468,0,2350,12,3192,10,5542,California
Lassen,2021-04-04,7,8315,2,1427,0,6415,5,473,1,2350,6,3198,6,5548,California
Lassen,2021-04-05,22,8337,4,1431,11,6426,7,480,11,2357,11,3209,18,5566,California
Lassen,2021-04-06,183,8520,8,1439,145,6571,30,510,53,2310,130,3339,83,5649,California
Lassen,2021-04-07,135,8655,6,1445,92,6663,37,547,32,2278,103,3442,71,5720,California
Lassen,2021-04-08,169,8824,9,1454,104,6767,56,603,32,2233,133,3575,88,5808,California
Lassen,2021-04-09,51,8875,6,1460,10,6777,35,638,8,2233,42,3617,42,5850,California
Lassen,2021-04-10,10,8885,0,1460,2,6779,8,646,0,2232,9,3626,8,5858,California
Lassen,2021-04-11,6,8891,2,1462,1,6780,3,649,3,2235,3,3629,6,5864,California
Lassen,2021-04-12,32,8923,4,1466,15,6795,13,662,4,2224,28,3657,17,5881,California
Lassen,2021-04-13,129,9052,6,1472,123,6918,0,662,40,2176,88,3745,40,5921,California
Lassen,2021-04-14,989,10041,16,1488,973,7891,0,662,51,1290,937,4682,51,5972,California
Lassen,2021-04-15,147,10188,14,1502,133,8024,0,662,19,1181,128,4810,19,5991,California
Lassen,2021-04-16,14,10202,5,1507,9,8033,0,662,6,1179,8,4818,6,5997,California
Lassen,2021-04-17,25,10227,3,1510,22,8055,0,662,4,1162,21,4839,4,6001,California
Lassen,2021-04-18,5,10232,2,1512,3,8058,0,662,2,1161,3,4842,2,6003,California
Lassen,2021-04-19,35,10267,0,1512,35,8093,0,662,18,1162,17,4859,18,6021,California
Lassen,2021-04-20,137,10404,7,1519,130,8223,0,662,51,1127,86,4945,51,6072,California
Lassen,2021-04-21,167,10571,10,1529,156,8379,1,663,34,1031,131,5076,35,6107,California
Lassen,2021-04-22,104,10675,16,1545,88,8467,0,663,34,995,70,5146,34,6141,California
Lassen,2021-04-23,27,10702,1,1546,26,8493,0,663,21,1010,6,5152,21,6162,California
Lassen,2021-04-24,9,10711,5,1551,4,8497,0,663,3,1007,6,5158,3,6165,California
Lassen,2021-04-25,5,10716,0,1551,4,8501,1,664,3,1009,2,5160,4,6169,California
Lassen,2021-04-26,44,10760,2,1553,38,8539,4,668,9,988,34,5194,13,6182,California
Lassen,2021-04-27,122,10882,9,1562,110,8649,3,671,69,1007,53,5247,72,6254,California
Lassen,2021-04-28,82,10964,7,1569,73,8722,2,673,29,985,53,5300,31,6285,California
Lassen,2021-04-29,69,11033,7,1576,59,8781,3,676,24,968,44,5344,27,6312,California
Lassen,2021-04-30,15,11048,8,1584,4,8785,3,679,6,968,9,5353,9,6321,California
Lassen,2021-05-01,5,11053,0,1584,4,8789,1,680,4,972,1,5354,5,6326,California
Lassen,2021-05-02,11,11064,7,1591,4,8793,0,680,7,975,4,5358,7,6333,California
Lassen,2021-05-03,18,11082,2,1593,10,8803,6,686,3,969,15,5373,9,6342,California
Lassen,2021-05-04,73,11155,5,1598,60,8863,8,694,21,946,52,5425,29,6371,California
Lassen,2021-05-05,83,11238,4,1602,67,8930,12,706,26,928,56,5481,38,6409,California
Lassen,2021-05-06,84,11322,21,1623,41,8971,22,728,25,916,59,5540,47,6456,California
Lassen,2021-05-07,49,11371,33,1656,11,8982,5,733,41,954,8,5548,46,6502,California
Lassen,2021-05-08,11,11382,0,1656,5,8987,6,739,4,957,7,5555,10,6512,California
Lassen,2021-05-09,3,11385,1,1657,0,8987,2,741,0,956,3,5558,2,6514,California
Lassen,2021-05-10,12,11397,1,1658,8,8995,3,744,6,959,6,5564,9,6523,California
Lassen,2021-05-11,75,11472,1,1659,63,9058,11,755,21,937,54,5618,32,6555,California
Lassen,2021-05-12,45,11517,5,1664,34,9092,6,761,15,928,30,5648,21,6576,California
Lassen,2021-05-13,39,11556,11,1675,23,9115,5,766,13,920,26,5674,18,6594,California
Lassen,2021-05-14,22,11578,4,1679,10,9125,8,774,11,928,11,5685,19,6613,California
Lassen,2021-05-15,16,11594,2,1681,4,9129,10,784,4,930,12,5697,14,6627,California
Lassen,2021-05-16,7,11601,2,1683,3,9132,2,786,2,930,4,5701,4,6631,California
Lassen,2021-05-17,36,11637,4,1687,20,9152,12,798,10,926,26,5727,22,6653,California
Lassen,2021-05-18,95,11732,11,1698,71,9223,13,811,31,906,64,5791,44,6697,California
Lassen,2021-05-19,61,11793,4,1702,46,9269,11,822,9,874,51,5842,19,6716,California
Lassen,2021-05-20,35,11828,8,1710,18,9287,9,831,11,870,24,5866,20,6736,California
Lassen,2021-05-21,67,11895,33,1743,20,9307,14,845,35,887,32,5898,49,6785,California
Lassen,2021-05-22,17,11912,2,1745,7,9314,8,853,7,892,10,5908,15,6800,California
Lassen,2021-05-23,6,11918,4,1749,1,9315,1,854,0,887,6,5914,1,6801,California
Lassen,2021-05-24,12,11930,1,1750,9,9324,2,856,4,886,7,5921,6,6807,California
Lassen,2021-05-25,101,12031,6,1756,86,9410,9,865,34,862,67,5988,43,6850,California
Lassen,2021-05-26,59,12090,1,1757,42,9452,16,881,11,841,48,6036,27,6877,California
Lassen,2021-05-27,45,12135,18,1775,21,9473,6,887,14,831,30,6066,20,6897,California
Lassen,2021-05-28,75,12210,49,1824,18,9491,8,895,31,826,44,6110,39,6936,California
Lassen,2021-05-29,15,12225,1,1825,12,9503,2,897,8,829,7,6117,10,6946,California
Lassen,2021-05-30,2,12227,0,1825,1,9504,1,898,1,830,1,6118,2,6948,California
Lassen,2021-05-31,7,12234,0,1825,6,9510,1,899,1,826,6,6124,2,6950,California
Lassen,2021-06-01,45,12279,2,1827,36,9546,7,906,15,818,30,6154,22,6972,California
Lassen,2021-06-02,59,12338,2,1829,41,9587,16,922,15,806,43,6197,31,7003,California
Lassen,2021-06-03,31,12369,6,1835,15,9602,10,932,8,801,23,6220,18,7021,California
Lassen,2021-06-04,39,12408,2,1837,25,9627,12,944,13,800,26,6246,25,7046,California
Lassen,2021-06-05,14,12422,3,1840,7,9634,4,948,4,798,10,6256,8,7054,California
Lassen,2021-06-06,5,12427,0,1840,2,9636,3,951,1,798,4,6260,4,7058,California
Lassen,2021-06-07,19,12446,0,1840,10,9646,9,960,3,794,16,6276,12,7070,California
Lassen,2021-06-08,40,12486,6,1846,30,9676,4,964,14,786,26,6302,18,7088,California
Lassen,2021-06-09,19,12505,2,1848,15,9691,2,966,7,784,11,6313,9,7097,California
Lassen,2021-06-10,24,12529,10,1858,12,9703,2,968,12,786,12,6325,14,7111,California
Lassen,2021-06-11,43,12572,29,1887,13,9716,1,969,11,767,32,6357,13,7124,California
Lassen,2021-06-12,6,12578,2,1889,4,9720,0,969,2,765,4,6361,2,7126,California
Lassen,2021-06-13,3,12581,2,1891,1,9721,0,969,1,764,2,6363,1,7127,California
Lassen,2021-06-14,9,12590,1,1892,6,9727,2,971,3,764,5,6368,5,7132,California
Lassen,2021-06-15,51,12641,5,1897,40,9767,6,977,15,749,36,6404,21,7153,California
Lassen,2021-06-16,12,12653,1,1898,6,9773,5,982,7,756,5,6409,12,7165,California
Lassen,2021-06-17,24,12677,12,1910,8,9781,4,986,10,756,14,6423,14,7179,California
Lassen,2021-06-18,51,12728,21,1931,21,9802,9,995,12,737,39,6462,20,7199,California
Lassen,2021-06-19,13,12741,1,1932,10,9812,2,997,5,736,8,6470,7,7206,California
Lassen,2021-06-20,7,12748,3,1935,3,9815,1,998,6,742,1,6471,7,7213,California
Lassen,2021-06-21,15,12763,0,1935,12,9827,3,1001,5,740,10,6481,8,7221,California
Lassen,2021-06-22,37,12800,1,1936,35,9862,1,1002,19,742,18,6499,20,7241,California
Lassen,2021-06-23,18,12818,2,1938,12,9874,4,1006,5,738,13,6512,9,7250,California
Lassen,2021-06-24,26,12844,5,1943,14,9888,7,1013,13,745,13,6525,20,7270,California
Lassen,2021-06-25,22,12866,3,1946,19,9907,0,1013,12,747,10,6535,12,7282,California
Lassen,2021-06-26,6,12872,0,1946,6,9913,0,1013,1,743,5,6540,1,7283,California
Los Angeles,2020-12-15,399,399,399,399,0,0,0,0,399,399,0,0,399,399,California
Los Angeles,2020-12-16,3589,3988,3589,3988,0,0,0,0,3589,3988,0,0,3589,3988,California
Los Angeles,2020-12-17,10428,14416,10428,14416,0,0,0,0,10429,14417,0,0,10429,14417,California
Los Angeles,2020-12-18,14804,29220,14779,29195,25,25,0,0,14803,29220,0,0,14803,29220,California
Los Angeles,2020-12-19,7315,36535,7306,36501,9,34,0,0,7317,36537,0,0,7317,36537,California
Los Angeles,2020-12-20,4672,41207,4662,41163,10,44,0,0,4674,41211,0,0,4674,41211,California
Los Angeles,2020-12-21,13792,54999,13775,54938,17,61,0,0,13792,55002,1,1,13792,55003,California
Los Angeles,2020-12-22,11609,66608,11216,66154,393,454,0,0,11608,66608,2,3,11608,66611,California
Los Angeles,2020-12-23,12023,78631,10242,76396,1781,2235,0,0,12024,78632,0,3,12024,78635,California
Los Angeles,2020-12-24,7070,85701,4278,80674,2792,5027,0,0,7072,85704,0,3,7072,85707,California
Los Angeles,2020-12-25,530,86231,423,81097,107,5134,0,0,531,86235,0,3,531,86238,California
Los Angeles,2020-12-26,2550,88781,2197,83294,353,5487,0,0,2549,88782,2,5,2549,88787,California
Los Angeles,2020-12-27,1787,90568,1046,84340,741,6228,0,0,1787,90569,0,5,1787,90574,California
Los Angeles,2020-12-28,10395,100963,6444,90784,3951,10179,0,0,10392,100960,1,6,10392,100966,California
Los Angeles,2020-12-29,11690,112653,6131,96915,5559,15738,0,0,11690,112649,1,7,11690,112656,California
Los Angeles,2020-12-30,14967,127620,8135,105050,6832,22570,0,0,14966,127615,0,7,14966,127622,California
Los Angeles,2020-12-31,8016,135636,2779,107829,5237,27807,0,0,8011,135622,4,11,8011,135633,California
Los Angeles,2021-01-01,1098,136734,325,108154,773,28580,0,0,1096,136716,2,13,1096,136729,California
Los Angeles,2021-01-02,4508,141242,1683,109837,2825,31405,0,0,4507,141223,0,13,4507,141236,California
Los Angeles,2021-01-03,972,142214,229,110066,743,32148,0,0,970,142191,2,15,970,142206,California
Los Angeles,2021-01-04,12810,155024,4910,114976,7900,40048,0,0,12795,154984,2,17,12795,155001,California
Los Angeles,2021-01-05,16157,171181,7138,122114,9019,49067,0,0,14206,167277,1922,1939,14215,169216,California
Los Angeles,2021-01-06,22818,193999,12132,134246,10686,59753,0,0,17124,178785,5626,7565,17134,186350,California
Los Angeles,2021-01-07,29721,223720,16026,150272,13695,73448,0,0,18929,186986,10744,18309,18945,205295,California
Los Angeles,2021-01-08,33319,257039,18011,168283,15308,88756,0,0,20996,195698,12295,30604,21007,226302,California
Los Angeles,2021-01-09,12466,269505,7114,175397,5352,94108,0,0,7574,198391,4889,35493,7582,233884,California
Los Angeles,2021-01-10,4722,274227,3659,179056,1063,95171,0,0,1976,197622,2746,38239,1977,235861,California
Los Angeles,2021-01-11,25981,300208,16336,195392,9645,104816,0,0,14983,201632,10984,49223,14994,250855,California
Los Angeles,2021-01-12,29493,329701,16253,211645,13240,118056,0,0,19275,210719,10201,59424,19288,270143,California
Los Angeles,2021-01-13,29667,359368,15906,227551,13761,131817,0,0,20638,222352,9012,68436,20645,290788,California
Los Angeles,2021-01-14,29447,388815,12756,240307,16691,148508,0,0,23875,240686,5554,73990,23888,314676,California
Los Angeles,2021-01-15,34124,422939,12440,252747,21684,170192,0,0,30509,267617,3588,77578,30519,345195,California
Los Angeles,2021-01-16,17735,440674,5010,257757,12725,182917,0,0,15936,281770,1790,79368,15943,361138,California
Los Angeles,2021-01-17,5272,445946,2357,260114,2915,185832,0,0,5012,286525,259,79627,5014,366152,California
Los Angeles,2021-01-18,15768,461714,10159,270273,5609,191441,0,0,11016,292806,4739,84366,11020,377172,California
Los Angeles,2021-01-19,38845,500559,20697,290970,18148,209589,0,0,30973,315965,7829,92195,30988,408160,California
Los Angeles,2021-01-20,47212,547771,24743,315713,22469,232058,0,0,39542,347885,7636,99831,39556,447716,California
Los Angeles,2021-01-21,49358,597129,22680,338393,26678,258736,0,0,45006,388629,4279,104110,45023,492739,California
Los Angeles,2021-01-22,48664,645793,22483,360876,26181,284917,0,0,45152,430334,3462,107572,45167,537906,California
Los Angeles,2021-01-23,34354,680147,15812,376688,18542,303459,0,0,32258,460542,2064,109636,32272,570178,California
Los Angeles,2021-01-24,15766,695913,12190,388878,3576,307035,0,0,15203,475195,553,110189,15206,585384,California
Los Angeles,2021-01-25,39779,735692,16752,405630,23027,330062,0,0,31075,497623,8663,118852,31091,616475,California
Los Angeles,2021-01-26,49917,785609,24723,430353,25194,355256,0,0,41564,530894,8314,127166,41585,658060,California
Los Angeles,2021-01-27,51171,836780,25927,456280,25244,380500,0,0,41670,563237,9354,136520,41697,699757,California
Los Angeles,2021-01-28,49244,886024,23506,479786,25738,406238,0,0,40656,595446,8463,144983,40672,740429,California
Los Angeles,2021-01-29,50034,936058,25709,505495,24325,430563,0,0,39783,625355,9890,154873,39799,780228,California
Los Angeles,2021-01-30,30408,966466,15571,521066,14837,445400,0,0,26065,647168,4258,159131,26071,806299,California
Los Angeles,2021-01-31,12999,979465,10210,531276,2789,448189,0,0,12078,658345,905,160036,12082,818381,California
Los Angeles,2021-02-01,38889,1018354,16454,547730,22435,470624,0,0,28143,675800,10700,170736,28155,846536,California
Los Angeles,2021-02-02,45107,1063461,18128,565858,26979,497603,0,0,32604,695954,12456,183192,32610,879146,California
Los Angeles,2021-02-03,52694,1116155,19708,585566,32986,530589,0,0,37627,718775,14817,198009,37638,916784,California
Los Angeles,2021-02-04,57698,1173853,20854,606420,36844,567433,0,0,39414,740267,17937,215946,39429,956213,California
Los Angeles,2021-02-05,61961,1235814,21225,627645,40736,608169,0,0,39708,758194,21795,237741,39722,995935,California
Los Angeles,2021-02-06,35820,1271634,13472,641117,22348,630517,0,0,27244,776966,8495,246236,27267,1023202,California
Los Angeles,2021-02-07,11008,1282642,8513,649630,2495,633012,0,0,8588,783158,2403,248639,8595,1031797,California
Los Angeles,2021-02-08,47325,1329967,21825,671455,25500,658512,0,0,30902,797787,16279,264918,30908,1062705,California
Los Angeles,2021-02-09,56238,1386205,24784,696239,31454,689966,0,0,28500,798650,27649,292567,28512,1091217,California
Los Angeles,2021-02-10,67551,1453756,29561,725800,37990,727956,0,0,30549,792617,36599,329166,30566,1121783,California
Los Angeles,2021-02-11,58848,1512604,31401,757201,27447,755403,0,0,28215,790703,30139,359305,28225,1150008,California
Los Angeles,2021-02-12,60533,1573137,30125,787326,30408,785811,0,0,26351,783285,33792,393097,26374,1176382,California
Los Angeles,2021-02-13,34177,1607314,19970,807296,14207,800018,0,0,15524,780312,18552,411649,15579,1191961,California
Los Angeles,2021-02-14,22027,1629341,15043,822339,6984,807002,0,0,8833,776027,13127,424776,8842,1200803,California
Los Angeles,2021-02-15,33241,1662582,16128,838467,17113,824115,0,0,18193,779263,14974,439750,18210,1219013,California
Los Angeles,2021-02-16,64682,1727264,32878,871345,31804,855919,0,0,29925,774560,34645,474395,29942,1248955,California
Los Angeles,2021-02-17,65402,1792666,34878,906223,30524,886443,0,0,26538,762455,38658,513053,26553,1275508,California
Los Angeles,2021-02-18,69177,1861843,35159,941382,34018,920461,0,0,28773,751046,40203,553256,28794,1304302,California
Los Angeles,2021-02-19,58927,1920770,36346,977728,22581,943042,0,0,28789,749837,30018,583274,28809,1333111,California
Los Angeles,2021-02-20,33291,1954061,24255,1001983,9036,952078,0,0,16033,748701,17197,600471,16061,1349172,California
Los Angeles,2021-02-21,22393,1976454,20701,1022684,1692,953770,0,0,11185,748752,11142,611613,11193,1360365,California
Los Angeles,2021-02-22,35105,2011559,25536,1048220,9569,963339,0,0,18091,749939,16926,628539,18113,1378478,California
Los Angeles,2021-02-23,55483,2067042,23925,1072145,31558,994897,0,0,21708,738027,33649,662188,21737,1400215,California
Los Angeles,2021-02-24,65375,2132417,29119,1101264,36256,1031153,0,0,28183,729245,37002,699190,28220,1428435,California
Los Angeles,2021-02-25,74566,2206983,34119,1135383,40447,1071600,0,0,38424,731747,35958,735148,38460,1466895,California
Los Angeles,2021-02-26,84214,2291197,38983,1174366,45231,1116831,0,0,47235,742296,36734,771882,47283,1514178,California
Los Angeles,2021-02-27,60686,2351883,26748,1201114,33929,1150760,9,9,30970,743771,29541,801423,31016,1545194,California
Los Angeles,2021-02-28,27066,2378949,18653,1219767,8410,1159170,3,12,18976,754788,7979,809402,18996,1564190,California
Los Angeles,2021-03-01,57580,2436529,32671,1252438,24867,1184037,42,54,34553,766606,22812,832214,34630,1598820,California
Los Angeles,2021-03-02,78411,2514940,38035,1290473,40368,1224405,8,62,49453,787310,28793,861007,49497,1648317,California
Los Angeles,2021-03-03,86321,2601261,44263,1334736,42039,1266444,19,81,54681,810603,31443,892450,54736,1703053,California
Los Angeles,2021-03-04,92075,2693336,47186,1381922,44872,1311316,17,98,58261,835310,33611,926061,58318,1761371,California
Los Angeles,2021-03-05,90797,2784133,44780,1426702,45983,1357299,34,132,60659,866151,29922,955983,60763,1822134,California
Los Angeles,2021-03-06,67612,2851745,34494,1461196,31287,1388586,1831,1963,43550,887637,23910,979893,45396,1867530,California
Los Angeles,2021-03-07,27398,2879143,20861,1482057,5697,1394283,840,2803,21183,903487,6181,986074,22031,1889561,California
Los Angeles,2021-03-08,54601,2933744,29541,1511598,23090,1417373,1970,4773,41262,933511,13218,999292,43242,1932803,California
Los Angeles,2021-03-09,81974,3015718,39110,1550708,39574,1456947,3290,8063,52223,959432,29592,1028884,55513,1988316,California
Los Angeles,2021-03-10,83606,3099324,41183,1591891,37526,1494473,4897,12960,52895,986672,30517,1059401,57757,2046073,California
Los Angeles,2021-03-11,93731,3193055,46094,1637985,40898,1535371,6739,19699,54897,1009641,38630,1098031,61599,2107672,California
Los Angeles,2021-03-12,99818,3292873,45249,1683234,40636,1576007,13933,33632,58257,1040443,41337,1139368,72139,2179811,California
Los Angeles,2021-03-13,75998,3368871,35888,1719122,28118,1604125,11992,45624,45308,1067132,30569,1169937,57258,2237069,California
Los Angeles,2021-03-14,39243,3408114,26372,1745494,10314,1614439,2557,48181,24027,1078562,15141,1185078,26571,2263640,California
Los Angeles,2021-03-15,75660,3483774,37182,1782676,33014,1647453,5464,53645,45795,1100131,29661,1214739,51230,2314870,California
Los Angeles,2021-03-16,100550,3584324,44239,1826915,50426,1697879,5885,59530,65142,1135928,35186,1249925,70983,2385853,California
Los Angeles,2021-03-17,98182,3682506,44905,1871820,44951,1742830,8326,67856,65833,1177813,32124,1282049,74009,2459862,California
Los Angeles,2021-03-18,103679,3786185,49802,1921622,48288,1791118,5589,73445,65586,1211197,37775,1319824,71159,2531021,California
Los Angeles,2021-03-19,109938,3896123,57544,1979166,47602,1838720,4792,78237,67737,1241760,41912,1361736,72475,2603496,California
Los Angeles,2021-03-20,76689,3972812,37901,2017067,34187,1872907,4601,82838,51993,1273839,24498,1386234,56577,2660073,California
Los Angeles,2021-03-21,34927,4007739,26018,2043085,8002,1880909,907,83745,22347,1284641,12450,1398684,23252,2683325,California
Los Angeles,2021-03-22,71436,4079175,42106,2085191,27157,1908066,2173,85918,50073,1315809,21074,1419758,52242,2735567,California
Los Angeles,2021-03-23,97126,4176301,52759,2137950,41121,1949187,3246,89164,58616,1339430,38227,1457985,61848,2797415,California
Los Angeles,2021-03-24,105549,4281850,56130,2194080,46247,1995434,3172,92336,60558,1358501,44645,1502630,63716,2861131,California
Los Angeles,2021-03-25,111409,4393259,59882,2253962,47618,2043052,3909,96245,62280,1375873,48799,1551429,66171,2927302,California
Los Angeles,2021-03-26,115795,4509054,63498,2317460,48053,2091105,4244,100489,63715,1392033,51767,1603196,67927,2995229,California
Los Angeles,2021-03-27,83801,4592855,44115,2361575,37547,2128652,2139,102628,42671,1396002,40843,1644039,44812,3040041,California
Los Angeles,2021-03-28,42295,4635150,28696,2390271,13014,2141666,585,103213,20065,1394558,22096,1666135,20652,3060693,California
Los Angeles,2021-03-29,83446,4718596,47030,2437301,34643,2176309,1773,104986,46157,1405432,37055,1703190,47929,3108622,California
Los Angeles,2021-03-30,109569,4828165,52453,2489754,51174,2227483,5942,110928,56932,1415889,52379,1755569,62836,3171458,California
Los Angeles,2021-03-31,123200,4951365,62331,2552085,52019,2279502,8850,119778,68397,1438607,54467,1810036,77185,3248643,California
Los Angeles,2021-04-01,134167,5085532,62957,2615042,55746,2335248,15464,135242,71604,1463407,62176,1872212,86976,3335619,California
Los Angeles,2021-04-02,133137,5218669,59605,2674647,57945,2393193,15587,150829,70450,1487065,62326,1934538,85984,3421603,California
Los Angeles,2021-04-03,98917,5317586,45333,2719980,39918,2433111,13666,164495,48682,1499310,50028,1984566,62273,3483876,California
Los Angeles,2021-04-04,39308,5356894,20587,2740567,12073,2445184,6648,171143,16367,1499438,22844,2007410,22972,3506848,California
Los Angeles,2021-04-05,94435,5451329,44748,2785315,39353,2484537,10334,181477,44433,1504358,49773,2057183,54693,3561541,California
Los Angeles,2021-04-06,121815,5573144,57470,2842785,43976,2528513,20369,201846,55708,1514468,65834,2123017,75944,3637485,California
Los Angeles,2021-04-07,121314,5694458,55274,2898059,44774,2573287,21266,223112,54547,1523659,66482,2189499,75673,3713158,California
Los Angeles,2021-04-08,133887,5828345,59003,2957062,50635,2623922,24249,247361,60084,1534364,73454,2262953,84159,3797317,California
Los Angeles,2021-04-09,132780,5961125,57659,3014721,50984,2674906,24137,271498,56693,1539271,75745,2338698,80652,3877969,California
Los Angeles,2021-04-10,102155,6063280,43166,3057887,34754,2709660,24235,295733,37389,1536249,64504,2403202,61482,3939451,California
Los Angeles,2021-04-11,41982,6105262,22696,3080583,9883,2719543,9403,305136,14442,1532583,27447,2430649,23781,3963232,California
Los Angeles,2021-04-12,79786,6185048,38993,3119576,34318,2753861,6475,311611,32589,1524620,46962,2477611,38999,4002231,California
Los Angeles,2021-04-13,118583,6303631,59807,3179383,58341,2812202,435,312046,62674,1532107,55630,2533241,63117,4065348,California
Los Angeles,2021-04-14,120387,6424018,60266,3239649,59987,2872189,134,312180,65202,1542558,54884,2588125,65335,4130683,California
Los Angeles,2021-04-15,131723,6555741,71241,3310890,60284,2932473,198,312378,75286,1561800,56113,2644238,75355,4206038,California
Los Angeles,2021-04-16,131913,6687654,69686,3380576,62081,2994554,146,312524,69486,1569306,62062,2706300,69568,4275606,California
Los Angeles,2021-04-17,99668,6787322,52170,3432746,47468,3042022,30,312554,57045,1584006,42370,2748670,57070,4332676,California
Los Angeles,2021-04-18,35765,6823087,24157,3456903,11607,3053629,1,312555,19576,1587500,16091,2764761,19585,4352261,California
Los Angeles,2021-04-19,77362,6900449,40545,3497448,36800,3090429,17,312572,34728,1579848,42409,2807170,34757,4387018,California
Los Angeles,2021-04-20,105875,7006324,52508,3549956,53337,3143766,30,312602,52352,1578999,53238,2860408,52389,4439407,California
Los Angeles,2021-04-21,114865,7121189,56286,3606242,58388,3202154,191,312793,50989,1566697,63487,2923895,51185,4490592,California
Los Angeles,2021-04-22,118689,7239878,61713,3667955,56943,3259097,33,312826,52326,1553066,66003,2989898,52372,4542964,California
Los Angeles,2021-04-23,118273,7358151,65025,3732980,53226,3312323,22,312848,56420,1548002,61514,3051412,56450,4599414,California
Los Angeles,2021-04-24,90425,7448576,57457,3790437,32926,3345249,42,312890,50468,1558818,39707,3091119,50523,4649937,California
Los Angeles,2021-04-25,37991,7486567,25160,3815597,12825,3358074,6,312896,20446,1561853,17417,3108536,20452,4670389,California
Los Angeles,2021-04-26,79101,7565668,41256,3856853,37334,3395408,511,313407,39016,1561536,39843,3148379,39526,4709915,California
Los Angeles,2021-04-27,95432,7661100,45967,3902820,47464,3442872,2001,315408,37031,1542458,58099,3206478,39021,4748936,California
Los Angeles,2021-04-28,87940,7749040,42646,3945466,43191,3486063,2103,317511,34820,1526625,52750,3259228,36917,4785853,California
Los Angeles,2021-04-29,94558,7843598,47334,3992800,45011,3531074,2213,319724,34270,1503234,59868,3319096,36477,4822330,California
Los Angeles,2021-04-30,102501,7946099,50810,4043610,49235,3580309,2456,322180,37728,1479099,64305,3383401,40170,4862500,California
Los Angeles,2021-05-01,75730,8021829,42360,4085970,31851,3612160,1519,323699,28548,1462317,46845,3430246,30063,4892563,California
Los Angeles,2021-05-02,28066,8049895,18020,4103990,9306,3621466,740,324439,10173,1455460,17768,3448014,10911,4903474,California
Los Angeles,2021-05-03,62556,8112451,30378,4134368,29940,3651406,2238,326677,22746,1440894,39532,3487546,24966,4928440,California
Los Angeles,2021-05-04,88599,8201050,49394,4183762,36907,3688313,2298,328975,27666,1410233,60610,3548156,29949,4958389,California
Los Angeles,2021-05-05,91550,8292600,53612,4237374,35545,3723858,2393,331368,25425,1372289,65750,3613906,27806,4986195,California
Los Angeles,2021-05-06,98162,8390762,59200,4296574,36444,3760302,2518,333886,23356,1323744,74405,3688311,25860,5012055,California
Los Angeles,2021-05-07,98411,8489173,58274,4354848,37761,3798063,2376,336262,27156,1282380,70873,3759184,29509,5041564,California
Los Angeles,2021-05-08,66030,8555203,43462,4398310,20816,3818879,1752,338014,18038,1254511,47655,3806839,19786,5061350,California
Los Angeles,2021-05-09,24458,8579661,18790,4417100,4928,3823807,740,338754,6160,1243209,18194,3825033,6892,5068242,California
Los Angeles,2021-05-10,50166,8629827,26584,4443684,21697,3845504,1885,340639,15133,1225429,34793,3859826,17013,5085255,California
Los Angeles,2021-05-11,71486,8701313,38989,4482673,30348,3875852,2149,342788,18752,1193858,52454,3912280,20883,5106138,California
Los Angeles,2021-05-12,72621,8773934,39781,4522454,30518,3906370,2322,345110,20443,1164740,51857,3964137,22739,5128877,California
Los Angeles,2021-05-13,78395,8852329,47268,4569722,29394,3935764,1733,346843,27959,1144387,50032,4014169,29679,5158556,California
Los Angeles,2021-05-14,89720,8942049,57123,4626845,30717,3966481,1880,348723,33850,1124596,55510,4069679,35719,5194275,California
Los Angeles,2021-05-15,75548,9017597,52868,4679713,21173,3987654,1507,350230,29120,1109076,46135,4115814,30615,5224890,California
Los Angeles,2021-05-16,30927,9048524,24503,4704216,5808,3993462,616,350846,12248,1103357,18578,4134392,12859,5237749,California
Los Angeles,2021-05-17,61997,9110521,40151,4744367,20065,4013527,1781,352627,24886,1093141,36860,4171252,26644,5264393,California
Los Angeles,2021-05-18,65260,9175781,38639,4783006,24787,4038314,1834,354461,25671,1081300,39312,4210564,27471,5291864,California
Los Angeles,2021-05-19,67531,9243312,40698,4823704,24992,4063306,1841,356302,28747,1073359,38512,4249076,30571,5322435,California
Los Angeles,2021-05-20,66588,9309900,37288,4860992,27220,4090526,2080,358382,25181,1059591,41021,4290097,27253,5349688,California
Los Angeles,2021-05-21,70098,9379998,42507,4903499,25516,4116042,2075,360457,27163,1046276,42542,4332639,29227,5378915,California
Los Angeles,2021-05-22,57212,9437210,37289,4940788,18269,4134311,1654,362111,23246,1037436,33728,4366367,24888,5403803,California
Los Angeles,2021-05-23,24221,9461431,16872,4957660,6506,4140817,843,362954,10674,1035532,13417,4379784,11513,5415316,California
Los Angeles,2021-05-24,49024,9510455,27087,4984747,20080,4160897,1857,364811,18549,1025684,30238,4410022,20390,5435706,California
Los Angeles,2021-05-25,49808,9560263,28819,5013566,19219,4180116,1770,366581,19146,1016190,30404,4440426,20910,5456616,California
Los Angeles,2021-05-26,47180,9607443,26678,5040244,18664,4198780,1838,368419,19718,1010588,27040,4467466,21438,5478054,California
Los Angeles,2021-05-27,45462,9652905,25427,5065671,18200,4216980,1835,370254,18845,1004879,26372,4493838,20663,5498717,California
Los Angeles,2021-05-28,52332,9705237,29641,5095312,20795,4237775,1896,372150,23261,1001272,28753,4522591,25146,5523863,California
Los Angeles,2021-05-29,30480,9735717,17608,5112920,11828,4249603,1044,373194,14148,1000308,16145,4538736,15181,5539044,California
Los Angeles,2021-05-30,12466,9748183,8173,5121093,3560,4253163,733,373927,5779,1000182,6632,4545368,6506,5545550,California
Los Angeles,2021-05-31,6040,9754223,3737,5124830,1997,4255160,306,374233,1727,997957,4255,4549623,2030,5547580,California
Los Angeles,2021-06-01,46242,9800465,25895,5150725,18774,4273934,1573,375806,17060,987728,28837,4578460,18608,5566188,California
Los Angeles,2021-06-02,38564,9839029,22261,5172986,14853,4288787,1450,377256,15106,981081,23176,4601636,16529,5582717,California
Los Angeles,2021-06-03,42753,9881782,28306,5201292,12888,4301675,1559,378815,14684,969524,27784,4629420,16227,5598944,California
Los Angeles,2021-06-04,52332,9934114,35358,5236650,15297,4316972,1677,380492,16595,952394,35379,4664799,18249,5617193,California
Los Angeles,2021-06-05,42406,9976520,30410,5267060,10621,4327593,1375,381867,12526,936586,29694,4694493,13886,5631079,California
Los Angeles,2021-06-06,14656,9991176,12091,5279151,1829,4329422,736,382603,3933,930595,10655,4705148,4664,5635743,California
Los Angeles,2021-06-07,36847,10028023,26299,5305450,9099,4338521,1449,384052,11740,918861,24907,4730055,13173,5648916,California
Los Angeles,2021-06-08,38302,10066325,26379,5331829,10336,4348857,1587,385639,12769,907971,25232,4755287,14342,5663258,California
Los Angeles,2021-06-09,39765,10106090,28074,5359903,10175,4359032,1516,387155,11694,893341,27817,4783104,13187,5676445,California
Los Angeles,2021-06-10,36527,10142617,25280,5385183,9645,4368677,1602,388757,11489,881607,24808,4807912,13074,5689519,California
Los Angeles,2021-06-11,41100,10183717,28168,5413351,11277,4379954,1655,390412,13426,869300,27374,4835286,15067,5704586,California
Los Angeles,2021-06-12,33296,10217013,23957,5437308,8119,4388073,1220,391632,10291,857960,22839,4858125,11499,5716085,California
Los Angeles,2021-06-13,11488,10228501,8222,5445530,2629,4390702,637,392269,2638,852444,8785,4866910,3269,5719354,California
Los Angeles,2021-06-14,32472,10260973,23333,5468863,7767,4398469,1372,393641,11366,844248,20917,4887827,12721,5732075,California
Los Angeles,2021-06-15,33795,10294768,22700,5491563,9395,4407864,1700,395341,11788,836051,21660,4909487,13463,5745538,California
Los Angeles,2021-06-16,32230,10326998,22284,5513847,8212,4416076,1734,397075,11330,828435,20674,4930161,13058,5758596,California
Los Angeles,2021-06-17,29560,10356558,19800,5533647,8033,4424109,1727,398802,10826,822499,18474,4948635,12538,5771134,California
Los Angeles,2021-06-18,35179,10391737,24189,5557836,9046,4433155,1944,400746,12445,814502,22366,4971001,14369,5785503,California
Los Angeles,2021-06-19,22221,10413958,14931,5572767,5924,4439079,1366,402112,8526,810963,13412,4984413,9873,5795376,California
Los Angeles,2021-06-20,8431,10422389,5933,5578700,2008,4441087,490,402602,3062,809216,5295,4989708,3548,5798924,California
Los Angeles,2021-06-21,19051,10441440,11708,5590408,5979,4447066,1364,403966,10237,812108,8695,4998403,11587,5810511,California
Los Angeles,2021-06-22,26125,10467565,17632,5608040,6987,4454053,1506,405472,10128,807915,15822,5014225,11629,5822140,California
Los Angeles,2021-06-23,24800,10492365,17074,5625114,6344,4460397,1382,406854,9964,804585,14662,5028887,11332,5833472,California
Los Angeles,2021-06-24,24366,10516731,16818,5641932,5959,4466356,1589,408443,9371,800740,14766,5043653,10921,5844393,California
Los Angeles,2021-06-25,28431,10545162,19927,5661859,6960,4473316,1544,409987,11570,797173,16661,5060314,13094,5857487,California
Los Angeles,2021-06-26,17750,10562912,12582,5674441,4269,4477585,899,410886,7328,795062,10324,5070638,8213,5865700,California
Los Angeles,2021-06-27,6159,10569071,4158,5678599,1770,4479355,231,411117,2560,794291,3557,5074195,2786,5868486,California
Madera,2020-12-16,22,22,22,22,0,0,0,0,22,22,0,0,22,22,California
Madera,2020-12-17,12,34,12,34,0,0,0,0,12,34,0,0,12,34,California
Madera,2020-12-18,60,94,60,94,0,0,0,0,60,94,0,0,60,94,California
Madera,2020-12-19,5,99,5,99,0,0,0,0,5,99,0,0,5,99,California
Madera,2020-12-20,14,113,14,113,0,0,0,0,14,113,0,0,14,113,California
Madera,2020-12-21,59,172,59,172,0,0,0,0,59,172,0,0,59,172,California
Madera,2020-12-22,97,269,95,267,2,2,0,0,97,269,0,0,97,269,California
Madera,2020-12-23,67,336,67,334,0,2,0,0,67,336,0,0,67,336,California
Madera,2020-12-24,45,381,40,374,5,7,0,0,45,381,0,0,45,381,California
Madera,2020-12-26,27,408,26,400,1,8,0,0,27,408,0,0,27,408,California
Madera,2020-12-27,30,438,12,412,18,26,0,0,30,438,0,0,30,438,California
Madera,2020-12-28,107,545,36,448,71,97,0,0,107,545,0,0,107,545,California
Madera,2020-12-29,175,720,37,485,138,235,0,0,175,720,0,0,175,720,California
Madera,2020-12-30,226,946,90,575,136,371,0,0,226,946,0,0,226,946,California
Madera,2020-12-31,203,1149,81,656,122,493,0,0,203,1149,0,0,203,1149,California
Madera,2021-01-01,2,1151,1,657,1,494,0,0,2,1151,0,0,2,1151,California
Madera,2021-01-02,89,1240,33,690,56,550,0,0,89,1240,0,0,89,1240,California
Madera,2021-01-03,4,1244,4,694,0,550,0,0,4,1244,0,0,4,1244,California
Madera,2021-01-04,130,1374,66,760,64,614,0,0,130,1374,0,0,130,1374,California
Madera,2021-01-05,280,1654,143,903,137,751,0,0,276,1646,4,4,276,1650,California
Madera,2021-01-06,184,1838,27,930,157,908,0,0,164,1790,20,24,164,1814,California
Madera,2021-01-07,401,2239,117,1047,284,1192,0,0,378,2146,23,47,379,2193,California
Madera,2021-01-08,419,2658,72,1119,347,1539,0,0,364,2457,54,101,365,2558,California
Madera,2021-01-09,37,2695,14,1133,23,1562,0,0,28,2476,9,110,28,2586,California
Madera,2021-01-10,17,2712,14,1147,3,1565,0,0,5,2469,12,122,5,2591,California
Madera,2021-01-11,239,2951,191,1338,48,1613,0,0,198,2626,41,163,198,2789,California
Madera,2021-01-12,389,3340,157,1495,232,1845,0,0,285,2807,104,267,285,3074,California
Madera,2021-01-13,182,3522,91,1586,91,1936,0,0,126,2878,56,323,127,3201,California
Madera,2021-01-14,555,4077,83,1669,472,2408,0,0,521,3365,34,357,521,3722,California
Madera,2021-01-15,598,4675,159,1828,439,2847,0,0,577,3921,21,378,577,4299,California
Madera,2021-01-16,383,5058,49,1877,334,3181,0,0,355,4248,28,406,355,4654,California
Madera,2021-01-17,334,5392,15,1892,319,3500,0,0,330,4574,4,410,330,4984,California
Madera,2021-01-18,77,5469,61,1953,16,3516,0,0,58,4614,18,428,58,5042,California
Madera,2021-01-19,567,6036,133,2086,434,3950,0,0,541,5130,26,454,542,5584,California
Madera,2021-01-20,340,6376,183,2269,157,4107,0,0,244,5279,95,549,244,5828,California
Madera,2021-01-21,292,6668,183,2452,109,4216,0,0,228,5445,62,611,228,6056,California
Madera,2021-01-22,259,6927,84,2536,175,4391,0,0,243,5672,16,627,243,6299,California
Madera,2021-01-23,101,7028,53,2589,48,4439,0,0,77,5725,24,651,77,6376,California
Madera,2021-01-24,100,7128,81,2670,19,4458,0,0,78,5781,22,673,78,6454,California
Madera,2021-01-25,270,7398,127,2797,143,4601,0,0,146,5803,124,797,146,6600,California
Madera,2021-01-26,493,7891,190,2987,303,4904,0,0,301,5914,191,988,302,6902,California
Madera,2021-01-27,747,8638,66,3053,681,5585,0,0,609,6387,138,1126,611,7513,California
Madera,2021-01-28,550,9188,111,3164,439,6024,0,0,444,6726,106,1232,445,7958,California
Madera,2021-01-29,468,9656,93,3257,375,6399,0,0,413,7084,55,1287,413,8371,California
Madera,2021-01-30,503,10159,16,3273,487,6886,0,0,449,7479,54,1341,449,8820,California
Madera,2021-01-31,8,10167,5,3278,3,6889,0,0,7,7485,1,1342,7,8827,California
Madera,2021-02-01,331,10498,146,3424,185,7074,0,0,205,7564,126,1468,205,9032,California
Madera,2021-02-02,253,10751,89,3513,164,7238,0,0,160,7633,92,1560,161,9193,California
Madera,2021-02-03,596,11347,460,3973,136,7374,0,0,477,7994,117,1677,478,9671,California
Madera,2021-02-04,398,11745,126,4099,272,7646,0,0,117,7832,280,1957,118,9789,California
Madera,2021-02-05,978,12723,299,4398,679,8325,0,0,371,7603,601,2558,372,10161,California
Madera,2021-02-06,361,13084,326,4724,35,8360,0,0,320,7883,40,2598,320,10481,California
Madera,2021-02-07,35,13119,7,4731,28,8388,0,0,30,7908,5,2603,30,10511,California
Madera,2021-02-08,383,13502,307,5038,76,8464,0,0,268,8062,114,2717,268,10779,California
Madera,2021-02-09,482,13984,117,5155,365,8829,0,0,198,7980,281,2998,199,10978,California
Madera,2021-02-10,433,14417,149,5304,284,9113,0,0,280,8110,151,3149,281,11259,California
Madera,2021-02-11,935,15352,306,5610,629,9742,0,0,402,7981,532,3681,403,11662,California
Madera,2021-02-12,847,16199,120,5730,727,10469,0,0,313,7769,528,4209,316,11978,California
Madera,2021-02-13,484,16683,45,5775,439,10908,0,0,136,7561,347,4556,139,12117,California
Madera,2021-02-14,400,17083,74,5849,326,11234,0,0,134,7430,266,4822,135,12252,California
Madera,2021-02-15,246,17329,100,5949,146,11380,0,0,175,7535,70,4892,175,12427,California
Madera,2021-02-16,779,18108,184,6133,595,11975,0,0,227,7213,550,5442,228,12655,California
Madera,2021-02-17,613,18721,275,6408,338,12313,0,0,341,7291,265,5707,343,12998,California
Madera,2021-02-18,1302,20023,540,6948,762,13075,0,0,1122,8234,180,5887,1123,14121,California
Madera,2021-02-19,862,20885,546,7494,316,13391,0,0,718,8809,144,6031,719,14840,California
Madera,2021-02-20,1072,21957,980,8474,92,13483,0,0,999,9737,72,6103,1000,15840,California
Madera,2021-02-21,965,22922,822,9296,143,13626,0,0,960,10692,5,6108,960,16800,California
Madera,2021-02-22,915,23837,837,10133,78,13704,0,0,859,11495,56,6164,859,17659,California
Madera,2021-02-23,736,24573,464,10597,272,13976,0,0,522,11804,213,6377,522,18181,California
Madera,2021-02-24,911,25484,300,10897,611,14587,0,0,381,11656,529,6906,381,18562,California
Madera,2021-02-25,1034,26518,317,11214,717,15304,0,0,600,11824,432,7338,600,19162,California
Madera,2021-02-26,1094,27612,198,11412,896,16200,0,0,712,12156,380,7718,712,19874,California
Madera,2021-02-27,925,28537,293,11705,632,16832,0,0,495,12228,427,8145,499,20373,California
Madera,2021-02-28,193,28730,30,11735,163,16995,0,0,187,12409,6,8151,187,20560,California
Madera,2021-03-01,378,29108,119,11854,259,17254,0,0,195,12423,181,8332,195,20755,California
Madera,2021-03-02,742,29850,350,12204,392,17646,0,0,627,12940,113,8445,630,21385,California
Madera,2021-03-03,1357,31207,728,12932,629,18275,0,0,950,13512,404,8849,976,22361,California
Madera,2021-03-04,1204,32411,526,13458,678,18953,0,0,951,14212,254,9103,954,23315,California
Madera,2021-03-05,1361,33772,420,13878,928,19881,13,13,1079,15035,280,9383,1103,24418,California
Madera,2021-03-06,817,34589,635,14513,150,20031,32,45,499,15250,317,9700,532,24950,California
Madera,2021-03-07,154,34743,27,14540,105,20136,22,67,105,15328,49,9749,127,25077,California
Madera,2021-03-08,603,35346,336,14876,208,20344,59,126,309,15404,294,10043,370,25447,California
Madera,2021-03-09,597,35943,296,15172,267,20611,34,160,408,15667,187,10230,450,25897,California
Madera,2021-03-10,1191,37134,558,15730,553,21164,80,240,755,16072,431,10661,836,26733,California
Madera,2021-03-11,1683,38817,867,16597,488,21652,328,568,770,16271,911,11572,1110,27843,California
Madera,2021-03-12,1583,40400,820,17417,608,22260,155,723,801,16476,780,12352,985,28828,California
Madera,2021-03-13,1889,42289,1328,18745,362,22622,199,922,818,16443,1067,13419,1034,29862,California
Madera,2021-03-14,584,42873,449,19194,103,22725,32,954,293,16480,288,13707,325,30187,California
Madera,2021-03-15,741,43614,225,19419,470,23195,46,1000,511,16841,227,13934,588,30775,California
Madera,2021-03-16,931,44545,528,19947,356,23551,47,1047,741,17459,187,14121,805,31580,California
Madera,2021-03-17,1463,46008,980,20927,420,23971,63,1110,907,17973,547,14668,1061,32641,California
Madera,2021-03-18,1956,47964,687,21614,1205,25176,64,1174,971,18119,979,15647,1125,33766,California
Madera,2021-03-19,1586,49550,591,22205,913,26089,82,1256,1031,18760,551,16198,1192,34958,California
Madera,2021-03-20,1182,50732,776,22981,353,26442,53,1309,596,18889,585,16783,714,35672,California
Madera,2021-03-21,1101,51833,899,23880,157,26599,45,1354,380,18597,718,17501,426,36098,California
Madera,2021-03-22,1360,53193,854,24734,440,27039,66,1420,682,18717,675,18176,795,36893,California
Madera,2021-03-23,1432,54625,877,25611,464,27503,91,1511,681,18823,749,18925,855,37748,California
Madera,2021-03-24,948,55573,509,26120,408,27911,31,1542,615,19144,330,19255,651,38399,California
Madera,2021-03-25,1167,56740,527,26647,616,28527,24,1566,643,19310,514,19769,680,39079,California
Madera,2021-03-26,1521,58261,577,27224,812,29339,132,1698,712,19353,805,20574,848,39927,California
Madera,2021-03-27,927,59188,605,27829,297,29636,25,1723,415,19286,508,21082,441,40368,California
Madera,2021-03-28,435,59623,151,27980,224,29860,60,1783,202,19408,232,21314,354,40722,California
Madera,2021-03-29,682,60305,178,28158,475,30335,29,1812,489,19741,189,21503,522,41244,California
Madera,2021-03-30,1069,61374,605,28763,435,30770,29,1841,478,19662,588,22091,509,41753,California
Madera,2021-03-31,1399,62773,542,29305,720,31490,137,1978,423,19253,970,23061,561,42314,California
Madera,2021-04-01,1385,64158,626,29931,708,32198,51,2029,481,18889,894,23955,530,42844,California
Madera,2021-04-02,1607,65765,461,30392,1087,33285,59,2088,479,18311,1117,25072,539,43383,California
Madera,2021-04-03,962,66727,763,31155,179,33464,20,2108,392,18164,568,25640,421,43804,California
Madera,2021-04-04,187,66914,65,31220,120,33584,2,2110,86,18152,101,25741,89,43893,California
Madera,2021-04-05,735,67649,252,31472,424,34008,59,2169,338,18168,395,26136,411,44304,California
Madera,2021-04-06,1702,69351,886,32358,462,34470,354,2523,526,17875,1174,27310,881,45185,California
Madera,2021-04-07,1227,70578,382,32740,695,35165,150,2673,423,17652,801,28111,578,45763,California
Madera,2021-04-08,1726,72304,669,33409,798,35963,259,2932,555,17308,1164,29275,820,46583,California
Madera,2021-04-09,1652,73956,695,34104,808,36771,149,3081,947,17707,700,29975,1099,47682,California
Madera,2021-04-10,978,74934,686,34790,224,36995,68,3149,711,18219,268,30243,780,48462,California
Madera,2021-04-11,813,75747,658,35448,76,37071,79,3228,288,18063,521,30764,365,48827,California
Madera,2021-04-12,817,76564,295,35743,447,37518,75,3303,316,17954,501,31265,392,49219,California
Madera,2021-04-13,1248,77812,616,36359,590,38108,42,3345,726,18212,520,31785,778,49997,California
Madera,2021-04-14,1399,79211,867,37226,532,38640,0,3345,576,17972,822,32607,582,50579,California
Madera,2021-04-15,1170,80381,509,37735,660,39300,1,3346,422,17660,736,33343,424,51003,California
Madera,2021-04-16,1361,81742,546,38281,815,40115,0,3346,385,17085,962,34305,387,51390,California
Madera,2021-04-17,1295,83037,1091,39372,204,40319,0,3346,775,17342,518,34823,775,52165,California
Madera,2021-04-18,259,83296,219,39591,40,40359,0,3346,89,17264,167,34990,89,52254,California
Madera,2021-04-19,818,84114,245,39836,572,40931,1,3347,285,17022,527,35517,285,52539,California
Madera,2021-04-20,905,85019,456,40292,449,41380,0,3347,236,16595,665,36182,238,52777,California
Madera,2021-04-21,884,85903,477,40769,407,41787,0,3347,296,16306,587,36769,298,53075,California
Madera,2021-04-22,1100,87003,533,41302,567,42354,0,3347,378,15967,718,37487,379,53454,California
Madera,2021-04-23,970,87973,317,41619,653,43007,0,3347,339,15680,626,38113,339,53793,California
Madera,2021-04-24,708,88681,466,42085,242,43249,0,3347,247,15471,457,38570,248,54041,California
Madera,2021-04-25,264,88945,160,42245,101,43350,3,3350,117,15449,143,38713,121,54162,California
Madera,2021-04-26,560,89505,106,42351,448,43798,6,3356,132,15162,425,39138,138,54300,California
Madera,2021-04-27,626,90131,280,42631,321,44119,25,3381,315,15193,310,39448,341,54641,California
Madera,2021-04-28,507,90638,205,42836,283,44402,19,3400,246,15198,259,39707,264,54905,California
Madera,2021-04-29,552,91190,250,43086,275,44677,27,3427,258,15197,287,39994,286,55191,California
Madera,2021-04-30,943,92133,511,43597,416,45093,16,3443,275,14826,662,40656,291,55482,California
Madera,2021-05-01,968,93101,870,44467,85,45178,13,3456,389,14650,578,41234,402,55884,California
Madera,2021-05-02,400,93501,352,44819,43,45221,5,3461,145,14545,255,41489,150,56034,California
Madera,2021-05-03,499,94000,198,45017,261,45482,40,3501,101,14291,395,41884,141,56175,California
Madera,2021-05-04,910,94910,439,45456,427,45909,44,3545,216,13857,694,42578,260,56435,California
Madera,2021-05-05,1024,95934,490,45946,474,46383,60,3605,280,13455,742,43320,340,56775,California
Madera,2021-05-06,710,96644,260,46206,418,46801,32,3637,166,13114,539,43859,198,56973,California
Madera,2021-05-07,813,97457,283,46489,509,47310,21,3658,197,12721,610,44469,217,57190,California
Madera,2021-05-08,975,98432,762,47251,202,47512,11,3669,187,12132,787,45256,198,57388,California
Madera,2021-05-09,146,98578,20,47271,115,47627,11,3680,35,12068,110,45366,46,57434,California
Madera,2021-05-10,361,98939,75,47346,274,47901,12,3692,101,11922,259,45625,113,57547,California
Madera,2021-05-11,539,99478,186,47532,344,48245,9,3701,173,11740,364,45989,182,57729,California
Madera,2021-05-12,504,99982,228,47760,240,48485,36,3737,125,11524,377,46366,161,57890,California
Madera,2021-05-13,508,100490,309,48069,167,48652,32,3769,175,11401,330,46696,207,58097,California
Madera,2021-05-14,537,101027,270,48339,243,48895,24,3793,233,11357,301,46997,257,58354,California
Madera,2021-05-15,560,101587,476,48815,76,48971,8,3801,362,11531,196,47193,370,58724,California
Madera,2021-05-16,258,101845,190,49005,36,49007,32,3833,107,11519,151,47344,139,58863,California
Madera,2021-05-17,451,102296,189,49194,234,49241,28,3861,202,11503,246,47590,230,59093,California
Madera,2021-05-18,549,102845,366,49560,159,49400,24,3885,287,11556,258,47848,311,59404,California
Madera,2021-05-19,487,103332,224,49784,241,49641,22,3907,216,11525,269,48117,238,59642,California
Madera,2021-05-20,592,103924,270,50054,284,49925,38,3945,231,11440,354,48471,269,59911,California
Madera,2021-05-21,503,104427,193,50247,283,50208,27,3972,191,11351,307,48778,218,60129,California
Madera,2021-05-22,901,105328,815,51062,74,50282,12,3984,529,11521,371,49149,541,60670,California
Madera,2021-05-23,267,105595,240,51302,17,50299,10,3994,143,11551,123,49272,153,60823,California
Madera,2021-05-24,308,105903,140,51442,127,50426,41,4035,122,11529,185,49457,163,60986,California
Madera,2021-05-25,381,106284,169,51611,180,50606,32,4067,151,11484,228,49685,183,61169,California
Madera,2021-05-26,446,106730,260,51871,164,50770,22,4089,237,11537,206,49891,259,61428,California
Madera,2021-05-27,374,107104,136,52007,200,50970,38,4127,128,11461,242,50133,166,61594,California
Madera,2021-05-28,446,107550,171,52178,247,51217,28,4155,172,11389,272,50405,200,61794,California
Madera,2021-05-29,308,107858,217,52395,73,51290,18,4173,167,11433,141,50546,185,61979,California
Madera,2021-05-30,61,107919,26,52421,31,51321,4,4177,28,11433,32,50578,32,62011,California
Madera,2021-05-31,26,107945,9,52430,13,51334,4,4181,11,11433,15,50593,15,62026,California
Madera,2021-06-01,288,108233,143,52573,122,51456,23,4204,106,11382,180,50773,129,62155,California
Madera,2021-06-02,396,108629,126,52699,247,51703,23,4227,117,11244,278,51051,140,62295,California
Madera,2021-06-03,281,108910,149,52848,117,51820,15,4242,90,11158,191,51242,105,62400,California
Madera,2021-06-04,376,109286,241,53089,124,51944,11,4253,148,11090,227,51469,159,62559,California
Madera,2021-06-05,514,109800,389,53478,112,52056,13,4266,151,10896,358,51827,164,62723,California
Madera,2021-06-06,135,109935,115,53593,13,52069,7,4273,38,10844,97,51924,45,62768,California
Madera,2021-06-07,250,110185,155,53748,74,52143,21,4294,44,10703,206,52130,65,62833,California
Madera,2021-06-08,388,110573,273,54021,94,52237,21,4315,96,10528,292,52422,117,62950,California
Madera,2021-06-09,371,110944,236,54257,109,52346,26,4341,142,10468,228,52650,168,63118,California
Madera,2021-06-10,339,111283,196,54453,127,52473,16,4357,116,10379,221,52871,132,63250,California
Madera,2021-06-11,377,111660,218,54671,127,52600,32,4389,169,10371,207,53078,199,63449,California
Madera,2021-06-12,570,112230,501,55172,54,52654,15,4404,91,9998,479,53557,106,63555,California
Madera,2021-06-13,192,112422,158,55330,29,52683,5,4409,52,9916,139,53696,57,63612,California
Madera,2021-06-14,227,112649,163,55493,41,52724,23,4432,89,9893,135,53831,112,63724,California
Madera,2021-06-15,359,113008,248,55741,78,52802,33,4465,155,9878,203,54034,188,63912,California
Madera,2021-06-16,328,113336,252,55993,62,52864,14,4479,119,9807,204,54238,133,64045,California
Madera,2021-06-17,264,113600,131,56124,124,52988,9,4488,98,9749,165,54403,107,64152,California
Madera,2021-06-18,273,113873,174,56298,75,53063,24,4512,116,9732,156,54559,139,64291,California
Madera,2021-06-19,246,114119,199,56497,39,53102,8,4520,80,9654,166,54725,88,64379,California
Madera,2021-06-20,55,114174,45,56542,3,53105,7,4527,27,9660,28,54753,34,64413,California
Madera,2021-06-21,164,114338,79,56621,60,53165,25,4552,73,9667,91,54844,98,64511,California
Madera,2021-06-22,236,114574,159,56780,58,53223,19,4571,116,9684,118,54962,135,64646,California
Madera,2021-06-23,262,114836,188,56968,65,53288,9,4580,139,9709,123,55085,148,64794,California
Madera,2021-06-24,202,115038,98,57066,83,53371,21,4601,74,9677,127,55212,95,64889,California
Madera,2021-06-25,255,115293,167,57233,65,53436,23,4624,99,9646,153,55365,122,65011,California
Madera,2021-06-26,163,115456,121,57354,31,53467,11,4635,70,9634,93,55458,81,65092,California
Madera,2021-06-27,87,115543,63,57417,21,53488,3,4638,46,9642,41,55499,49,65141,California
Marin,2020-12-15,2,2,2,2,0,0,0,0,2,2,0,0,2,2,California
Marin,2020-12-16,108,110,108,110,0,0,0,0,108,110,0,0,108,110,California
Marin,2020-12-17,274,384,274,384,0,0,0,0,274,384,0,0,274,384,California
Marin,2020-12-18,390,774,390,774,0,0,0,0,390,774,0,0,390,774,California
Marin,2020-12-19,348,1122,347,1121,1,1,0,0,348,1122,0,0,348,1122,California
Marin,2020-12-20,167,1289,166,1287,1,2,0,0,167,1289,0,0,167,1289,California
Marin,2020-12-21,237,1526,234,1521,3,5,0,0,237,1526,0,0,237,1526,California
Marin,2020-12-22,522,2048,318,1839,204,209,0,0,522,2048,0,0,522,2048,California
Marin,2020-12-23,731,2779,316,2155,415,624,0,0,731,2779,0,0,731,2779,California
Marin,2020-12-24,359,3138,160,2315,199,823,0,0,359,3138,0,0,359,3138,California
Marin,2020-12-25,27,3165,0,2315,27,850,0,0,27,3165,0,0,27,3165,California
Marin,2020-12-26,144,3309,95,2410,49,899,0,0,144,3309,0,0,144,3309,California
Marin,2020-12-27,91,3400,54,2464,37,936,0,0,91,3400,0,0,91,3400,California
Marin,2020-12-28,407,3807,99,2563,308,1244,0,0,407,3807,0,0,407,3807,California
Marin,2020-12-29,399,4206,88,2651,311,1555,0,0,399,4206,0,0,399,4206,California
Marin,2020-12-30,629,4835,389,3040,240,1795,0,0,629,4835,0,0,629,4835,California
Marin,2020-12-31,201,5036,35,3075,166,1961,0,0,200,5034,1,1,200,5035,California
Marin,2021-01-01,30,5066,14,3089,16,1977,0,0,30,5064,0,1,30,5065,California
Marin,2021-01-02,112,5178,106,3195,6,1983,0,0,112,5176,0,1,112,5177,California
Marin,2021-01-03,49,5227,31,3226,18,2001,0,0,45,5221,0,1,45,5222,California
Marin,2021-01-04,297,5524,193,3419,104,2105,0,0,296,5516,1,2,296,5518,California
Marin,2021-01-05,367,5891,219,3638,148,2253,0,0,324,5797,43,45,324,5842,California
Marin,2021-01-06,821,6712,320,3958,501,2754,0,0,639,6254,182,227,639,6481,California
Marin,2021-01-07,889,7601,502,4460,387,3141,0,0,530,6425,359,586,530,7011,California
Marin,2021-01-08,976,8577,517,4977,459,3600,0,0,587,6624,388,974,587,7598,California
Marin,2021-01-09,617,9194,222,5199,395,3995,0,0,487,6981,130,1104,487,8085,California
Marin,2021-01-10,131,9325,102,5301,29,4024,0,0,57,6964,74,1178,57,8142,California
Marin,2021-01-11,470,9795,326,5627,144,4168,0,0,249,6994,221,1399,251,8393,California
Marin,2021-01-12,938,10733,544,6171,394,4562,0,0,568,7196,366,1765,568,8961,California
Marin,2021-01-13,1171,11904,496,6667,675,5237,0,0,936,7897,235,2000,936,9897,California
Marin,2021-01-14,1077,12981,324,6991,753,5990,0,0,925,8672,150,2150,925,10822,California
Marin,2021-01-15,1165,14146,357,7348,808,6798,0,0,1033,9576,131,2281,1035,11857,California
Marin,2021-01-16,1125,15271,915,8263,210,7008,0,0,1049,10549,76,2357,1049,12906,California
Marin,2021-01-17,1227,16498,1108,9371,119,7127,0,0,1198,11722,28,2385,1201,14107,California
Marin,2021-01-18,365,16863,160,9531,205,7332,0,0,315,11987,50,2435,315,14422,California
Marin,2021-01-19,1153,18016,911,10442,242,7574,0,0,982,12799,170,2605,982,15404,California
Marin,2021-01-20,1802,19818,1216,11658,586,8160,0,0,1066,13142,724,3329,1067,16471,California
Marin,2021-01-21,1700,21518,1068,12726,632,8792,0,0,1341,14129,356,3685,1343,17814,California
Marin,2021-01-22,1717,23235,1096,13822,621,9413,0,0,1543,15499,174,3859,1544,19358,California
Marin,2021-01-23,1854,25089,1348,15170,506,9919,0,0,1765,17176,88,3947,1765,21123,California
Marin,2021-01-24,617,25706,165,15335,452,10371,0,0,584,17727,33,3980,584,21707,California
Marin,2021-01-25,1129,26835,230,15565,899,11270,0,0,693,17985,436,4416,694,22401,California
Marin,2021-01-26,1522,28357,784,16349,738,12008,0,0,1144,18752,377,4793,1144,23545,California
Marin,2021-01-27,1731,30088,891,17240,840,12848,0,0,1361,19746,368,5161,1362,24907,California
Marin,2021-01-28,2092,32180,1074,18314,1018,13866,0,0,1825,21306,266,5427,1826,26733,California
Marin,2021-01-29,2214,34394,1441,19755,773,14639,0,0,2015,23136,186,5613,2016,28749,California
Marin,2021-01-30,1719,36113,906,20661,813,15452,0,0,1640,24697,79,5692,1640,30389,California
Marin,2021-01-31,459,36572,322,20983,137,15589,0,0,432,25102,27,5719,432,30821,California
Marin,2021-02-01,1101,37673,416,21399,685,16274,0,0,901,25805,199,5918,902,31723,California
Marin,2021-02-02,1428,39101,498,21897,930,17204,0,0,762,25912,655,6573,762,32485,California
Marin,2021-02-03,1783,40884,425,22322,1358,18562,0,0,1274,26678,508,7081,1274,33759,California
Marin,2021-02-04,1538,42422,506,22828,1032,19594,0,0,929,27002,605,7686,929,34688,California
Marin,2021-02-05,2179,44601,676,23504,1503,21097,0,0,1337,27501,838,8524,1337,36025,California
Marin,2021-02-06,1428,46029,849,24353,579,21676,0,0,603,27282,822,9346,603,36628,California
Marin,2021-02-07,1294,47323,1009,25362,285,21961,0,0,496,26981,797,10143,496,37124,California
Marin,2021-02-08,1532,48855,758,26120,774,22735,0,0,731,26914,798,10941,731,37855,California
Marin,2021-02-09,1789,50644,1128,27248,661,23396,0,0,843,26811,946,11887,843,38698,California
Marin,2021-02-10,2356,53000,1502,28750,854,24250,0,0,1222,26902,1132,13019,1223,39921,California
Marin,2021-02-11,2885,55885,1653,30403,1232,25482,0,0,1455,26935,1425,14444,1458,41379,California
Marin,2021-02-12,3086,58971,1549,31952,1537,27019,0,0,1567,26987,1516,15960,1568,42947,California
Marin,2021-02-13,2345,61316,1247,33199,1098,28117,0,0,1126,26896,1217,17177,1126,44073,California
Marin,2021-02-14,819,62135,306,33505,513,28630,0,0,725,27528,94,17271,726,44799,California
Marin,2021-02-15,1230,63365,359,33864,871,29501,0,0,845,27990,384,17655,846,45645,California
Marin,2021-02-16,2477,65842,1063,34927,1414,30915,0,0,1510,28534,966,18621,1510,47155,California
Marin,2021-02-17,2115,67957,951,35878,1164,32079,0,0,1097,28616,1016,19637,1098,48253,California
Marin,2021-02-18,2433,70390,1590,37468,843,32922,0,0,1065,28316,1365,21002,1065,49318,California
Marin,2021-02-19,2796,73186,2181,39649,615,33537,0,0,1245,28025,1537,22539,1246,50564,California
Marin,2021-02-20,2631,75817,2159,41808,472,34009,0,0,1256,27915,1368,23907,1258,51822,California
Marin,2021-02-21,1330,77147,1129,42937,201,34210,0,0,944,28477,382,24289,944,52766,California
Marin,2021-02-22,1870,79017,1434,44371,436,34646,0,0,1237,29084,630,24919,1237,54003,California
Marin,2021-02-23,2911,81928,1681,46052,1230,35876,0,0,1952,30091,946,25865,1953,55956,California
Marin,2021-02-24,3547,85475,1635,47687,1912,37788,0,0,2269,31091,1270,27135,2270,58226,California
Marin,2021-02-25,4101,89576,1938,49625,2163,39951,0,0,2898,32797,1194,28329,2900,61126,California
Marin,2021-02-26,3682,93258,2006,51631,1676,41627,0,0,2654,34436,1016,29345,2655,63781,California
Marin,2021-02-27,2744,96002,1616,53247,1128,42755,0,0,1899,35497,840,30185,1901,65682,California
Marin,2021-02-28,1648,97650,930,54177,718,43473,0,0,1296,36444,349,30534,1296,66978,California
Marin,2021-03-01,2699,100349,1674,55851,1024,44497,1,1,1821,37397,869,31403,1822,68800,California
Marin,2021-03-02,2536,102885,1690,57541,845,45342,1,2,1735,38337,797,32200,1737,70537,California
Marin,2021-03-03,4353,107238,2426,59967,1923,47265,4,6,2817,39628,1530,33730,2821,73358,California
Marin,2021-03-04,3403,110641,1671,61638,1731,48996,1,7,2379,40995,1017,34747,2384,75742,California
Marin,2021-03-05,3085,113726,1179,62817,1894,50890,12,19,1806,41539,1274,36021,1818,77560,California
Marin,2021-03-06,3238,116964,2321,65138,839,51729,78,97,2661,43706,572,36593,2739,80299,California
Marin,2021-03-07,1398,118362,1174,66312,200,51929,24,121,1000,44337,393,36986,1024,81323,California
Marin,2021-03-08,1905,120267,1392,67704,396,52325,117,238,1427,45407,474,37460,1544,82867,California
Marin,2021-03-09,2239,122506,1343,69047,785,53110,111,349,1553,46386,683,38143,1662,84529,California
Marin,2021-03-10,4473,126979,2511,71558,1669,54779,293,642,3219,48648,1249,39392,3511,88040,California
Marin,2021-03-11,4600,131579,1892,73450,2571,57350,137,779,3295,50782,1298,40690,3432,91472,California
Marin,2021-03-12,4010,135589,1554,75004,2099,59449,357,1136,1565,50270,2433,43123,1921,93393,California
Marin,2021-03-13,4113,139702,2868,77872,1171,60620,74,1210,2391,51010,1720,44843,2460,95853,California
Marin,2021-03-14,2282,141984,1104,78976,1060,61680,118,1328,699,50244,1581,46424,815,96668,California
Marin,2021-03-15,3265,145249,1783,80759,1433,63113,49,1377,1219,49477,2035,48459,1268,97936,California
Marin,2021-03-16,4305,149554,2324,83083,1618,64731,363,1740,1465,48467,2836,51295,1826,99762,California
Marin,2021-03-17,4226,153780,2291,85374,1882,66613,53,1793,2066,48438,2147,53442,2118,101880,California
Marin,2021-03-18,4511,158291,2283,87657,2153,68766,75,1868,2143,48304,2349,55791,2215,104095,California
Marin,2021-03-19,4500,162791,2312,89969,1967,70733,221,2089,2332,48697,2157,57948,2550,106645,California
Marin,2021-03-20,3603,166394,2001,91970,1488,72221,114,2203,1933,49084,1661,59609,2048,108693,California
Marin,2021-03-21,1557,167951,1156,93126,378,72599,23,2226,814,49181,740,60349,837,109530,California
Marin,2021-03-22,2514,170465,2168,95294,178,72777,168,2394,921,48683,1587,61936,1089,110619,California
Marin,2021-03-23,4322,174787,2267,97561,1926,74703,129,2523,1932,48362,2382,64318,2061,112680,California
Marin,2021-03-24,4467,179254,2909,100470,1443,76146,115,2638,1817,47655,2637,66955,1930,114610,California
Marin,2021-03-25,4666,183920,2844,103314,1750,77896,72,2710,2251,47575,2401,69356,2321,116931,California
Marin,2021-03-26,4325,188245,2354,105668,1757,79653,214,2924,2403,48285,1907,71263,2617,119548,California
Marin,2021-03-27,3714,191959,2663,108331,1032,80685,19,2943,1145,46890,2558,73821,1163,120711,California
Marin,2021-03-28,2386,194345,1722,110053,658,81343,6,2949,842,46201,1537,75358,848,121559,California
Marin,2021-03-29,2700,197045,2103,112156,571,81914,26,2975,1139,45808,1558,76916,1165,122724,California
Marin,2021-03-30,4678,201723,3655,115811,989,82903,34,3009,2956,47079,1719,78635,2990,125714,California
Marin,2021-03-31,5849,207572,4142,119953,1658,84561,49,3058,2555,46401,3283,81918,2605,128319,California
Marin,2021-04-01,4465,212037,2292,122245,1915,86476,258,3316,2116,46438,2336,84254,2373,130692,California
Marin,2021-04-02,3753,215790,1864,124109,1518,87994,371,3687,2013,47081,1732,85986,2375,133067,California
Marin,2021-04-03,3866,219656,2521,126630,966,88960,379,4066,1460,46528,2394,88380,1841,134908,California
Marin,2021-04-04,1654,221310,1242,127872,210,89170,202,4268,1201,47480,451,88831,1403,136311,California
Marin,2021-04-05,2222,223532,1541,129413,306,89476,375,4643,1272,48180,945,89776,1645,137956,California
Marin,2021-04-06,3996,227528,2125,131538,1318,90794,553,5196,2219,49179,1771,91547,2770,140726,California
Marin,2021-04-07,3998,231526,2017,133555,1333,92127,648,5844,1464,48766,2524,94071,2111,142837,California
Marin,2021-04-08,5070,236596,1979,135534,2478,94605,613,6457,2309,48930,2748,96819,2912,145749,California
Marin,2021-04-09,4005,240601,1568,137102,1708,96313,729,7186,1327,48309,2674,99493,2053,147802,California
Marin,2021-04-10,3227,243828,1487,138589,1306,97619,434,7620,1450,48426,1763,101256,1880,149682,California
Marin,2021-04-11,1068,244896,813,139402,92,97711,163,7783,477,48476,589,101845,639,150321,California
Marin,2021-04-12,1759,246655,1249,140651,347,98058,163,7946,919,48723,836,102681,1083,151404,California
Marin,2021-04-13,3798,250453,2331,142982,1460,99518,7,7953,1381,47705,2406,105087,1388,152792,California
Marin,2021-04-14,4271,254724,2556,145538,1712,101230,3,7956,1748,46956,2498,107585,1749,154541,California
Marin,2021-04-15,5645,260369,3981,149519,1664,102894,0,7956,3229,47785,2401,109986,3230,157771,California
Marin,2021-04-16,4302,264671,2257,151776,2042,104936,3,7959,2090,47683,2196,112182,2094,159865,California
Marin,2021-04-17,3580,268251,2176,153952,1404,106340,0,7959,1788,47687,1785,113967,1789,161654,California
Marin,2021-04-18,3239,271490,3138,157090,101,106441,0,7959,2553,49557,683,114650,2553,164207,California
Marin,2021-04-19,2068,273558,1889,158979,178,106619,1,7960,1157,49812,904,115554,1159,165366,California
Marin,2021-04-20,3791,277349,2637,161616,1154,107773,0,7960,1480,48992,2301,117855,1481,166847,California
Marin,2021-04-21,4152,281501,3064,164680,1085,108858,3,7963,1401,47663,2731,120586,1402,168249,California
Marin,2021-04-22,4293,285794,3274,167954,1019,109877,0,7963,1503,46391,2779,123365,1507,169756,California
Marin,2021-04-23,3296,289090,1858,169812,1438,111315,0,7963,1255,45618,2029,125394,1256,171012,California
Marin,2021-04-24,2529,291619,1687,171499,841,112156,1,7964,925,44953,1592,126986,927,171939,California
Marin,2021-04-25,1384,293003,1264,172763,120,112276,0,7964,304,44186,1071,128057,304,172243,California
Marin,2021-04-26,1667,294670,1429,174192,235,112511,3,7967,409,43345,1255,129312,414,172657,California
Marin,2021-04-27,3084,297754,2224,176416,809,113320,51,8018,1006,42329,2069,131381,1053,173710,California
Marin,2021-04-28,2351,300105,1625,178041,675,113995,51,8069,741,41514,1606,132987,791,174501,California
Marin,2021-04-29,2943,303048,2020,180061,860,114855,63,8132,820,40286,2112,135099,884,175385,California
Marin,2021-04-30,1990,305038,1292,181353,611,115466,87,8219,705,39802,1276,136375,792,176177,California
Marin,2021-05-01,1840,306878,1026,182379,791,116257,23,8242,547,39087,1284,137659,569,176746,California
Marin,2021-05-02,730,307608,590,182969,111,116368,29,8271,201,38793,523,138182,229,176975,California
Marin,2021-05-03,1225,308833,999,183968,170,116538,56,8327,265,38158,955,139137,320,177295,California
Marin,2021-05-04,2965,311798,1996,185964,877,117415,92,8419,480,36254,2476,141613,572,177867,California
Marin,2021-05-05,2790,314588,2029,187993,635,118050,126,8545,453,34502,2330,143943,578,178445,California
Marin,2021-05-06,3275,317863,2538,190531,648,118698,89,8634,428,32179,2837,146780,514,178959,California
Marin,2021-05-07,2056,319919,1551,192082,419,119117,86,8720,384,30981,1665,148445,467,179426,California
Marin,2021-05-08,2507,322426,1900,193982,485,119602,122,8842,349,29303,2150,150595,472,179898,California
Marin,2021-05-09,989,323415,899,194881,71,119673,19,8861,112,28561,874,151469,132,180030,California
Marin,2021-05-10,1419,324834,1158,196039,191,119864,70,8931,204,27624,1210,152679,273,180303,California
Marin,2021-05-11,2343,327177,1868,197907,419,120283,56,8987,304,25946,2037,154716,359,180662,California
Marin,2021-05-12,1859,329036,1461,199368,329,120612,69,9056,298,24756,1555,156271,365,181027,California
Marin,2021-05-13,2684,331720,2295,201663,335,120947,54,9110,1416,24965,1260,157531,1469,182496,California
Marin,2021-05-14,2204,333924,1450,203113,654,121601,100,9210,882,24631,1315,158846,981,183477,California
Marin,2021-05-15,2762,336686,2280,205393,402,122003,80,9290,1676,25303,1084,159930,1756,185233,California
Marin,2021-05-16,1726,338412,1665,207058,53,122056,8,9298,1398,26384,325,160255,1406,186639,California
Marin,2021-05-17,2143,340555,1991,209049,109,122165,43,9341,1703,27697,433,160688,1746,188385,California
Marin,2021-05-18,1538,342093,1192,210241,291,122456,55,9396,794,27807,737,161425,847,189232,California
Marin,2021-05-19,1569,343662,1241,211482,257,122713,71,9467,771,27855,792,162217,840,190072,California
Marin,2021-05-20,1832,345494,1493,212975,253,122966,86,9553,749,27616,1075,163292,836,190908,California
Marin,2021-05-21,1474,346968,845,213820,580,123546,49,9602,438,27074,1029,164321,487,191395,California
Marin,2021-05-22,1432,348400,1084,214904,290,123836,58,9660,962,27628,466,164787,1020,192415,California
Marin,2021-05-23,477,348877,423,215327,42,123878,12,9672,218,27603,256,165043,231,192646,California
Marin,2021-05-24,674,349551,499,215826,135,124013,40,9712,352,27675,319,165362,391,193037,California
Marin,2021-05-25,1005,350556,627,216453,332,124345,46,9758,316,27353,681,166043,359,193396,California
Marin,2021-05-26,724,351280,492,216945,182,124527,50,9808,260,27203,460,166503,310,193706,California
Marin,2021-05-27,1036,352316,666,217611,291,124818,79,9887,343,26935,690,167193,422,194128,California
Marin,2021-05-28,1108,353424,720,218331,308,125126,80,9967,327,26563,777,167970,405,194533,California
Marin,2021-05-29,378,353802,221,218552,147,125273,10,9977,208,26611,170,168140,218,194751,California
Marin,2021-05-30,97,353899,57,218609,35,125308,5,9982,56,26632,40,168180,61,194812,California
Marin,2021-05-31,27,353926,13,218622,13,125321,1,9983,14,26634,13,168193,15,194827,California
Marin,2021-06-01,759,354685,552,219174,162,125483,45,10028,319,26560,437,168630,363,195190,California
Marin,2021-06-02,626,355311,475,219649,99,125582,52,10080,217,26422,405,169035,267,195457,California
Marin,2021-06-03,1500,356811,1327,220976,114,125696,59,10139,230,25444,1267,170302,289,195746,California
Marin,2021-06-04,1037,357848,861,221837,142,125838,34,10173,189,24823,842,171144,221,195967,California
Marin,2021-06-05,1927,359775,1710,223547,169,126007,48,10221,318,23586,1603,172747,366,196333,California
Marin,2021-06-06,1410,361185,1361,224908,15,126022,34,10255,154,22519,1255,174002,188,196521,California
Marin,2021-06-07,1940,363125,1823,226731,67,126089,50,10305,238,21110,1696,175698,287,196808,California
Marin,2021-06-08,980,364105,871,227602,68,126157,41,10346,232,20642,741,176439,273,197081,California
Marin,2021-06-09,743,364848,667,228269,66,126223,10,10356,136,20182,606,177045,146,197227,California
Marin,2021-06-10,883,365731,772,229041,60,126283,51,10407,181,19716,698,177743,232,197459,California
Marin,2021-06-11,683,366414,573,229614,78,126361,32,10439,141,19347,542,178285,173,197632,California
Marin,2021-06-12,922,367336,792,230406,89,126450,41,10480,153,18775,766,179051,194,197826,California
Marin,2021-06-13,416,367752,385,230791,20,126470,11,10491,66,18505,347,179398,77,197903,California
Marin,2021-06-14,866,368618,739,231530,80,126550,47,10538,209,18107,653,180051,255,198158,California
Marin,2021-06-15,537,369155,427,231957,84,126634,26,10564,169,17935,367,180418,195,198353,California
Marin,2021-06-16,496,369651,406,232363,44,126678,46,10610,161,17812,329,180747,206,198559,California
Marin,2021-06-17,558,370209,480,232843,47,126725,31,10641,193,17672,363,181110,223,198782,California
Marin,2021-06-18,487,370696,377,233220,75,126800,35,10676,170,17566,310,181420,204,198986,California
Marin,2021-06-19,367,371063,296,233516,37,126837,34,10710,146,17525,219,181639,178,199164,California
Marin,2021-06-20,113,371176,88,233604,14,126851,11,10721,47,17517,66,181705,58,199222,California
Marin,2021-06-21,349,371525,248,233852,46,126897,55,10776,139,17502,209,181914,194,199416,California
Marin,2021-06-22,451,371976,351,234203,69,126966,31,10807,139,17363,309,182223,170,199586,California
Marin,2021-06-23,355,372331,295,234498,28,126994,32,10839,120,17280,235,182458,152,199738,California
Marin,2021-06-24,395,372726,304,234802,41,127035,50,10889,133,17203,258,182716,181,199919,California
Marin,2021-06-25,372,373098,274,235076,59,127094,39,10928,173,17218,197,182913,212,200131,California
Marin,2021-06-26,312,373410,265,235341,17,127111,30,10958,112,17160,200,183113,142,200273,California
Marin,2021-06-27,184,373594,144,235485,16,127127,24,10982,57,17115,125,183238,80,200353,California
Mariposa,2020-12-17,37,37,37,37,0,0,0,0,39,39,0,0,39,39,California
Mariposa,2020-12-18,55,92,55,92,0,0,0,0,56,95,0,0,56,95,California
Mariposa,2020-12-20,2,94,2,94,0,0,0,0,2,97,0,0,2,97,California
Mariposa,2020-12-21,49,143,49,143,0,0,0,0,53,150,0,0,53,150,California
Mariposa,2020-12-22,5,148,5,148,0,0,0,0,5,155,0,0,5,155,California
Mariposa,2020-12-23,16,164,16,164,0,0,0,0,16,171,0,0,16,171,California
Mariposa,2020-12-24,1,165,0,164,1,1,0,0,0,171,1,1,1,172,California
Mariposa,2020-12-26,1,166,1,165,0,1,0,0,1,172,0,1,1,173,California
Mariposa,2020-12-27,1,167,0,165,1,2,0,0,1,173,0,1,1,174,California
Mariposa,2020-12-28,6,173,3,168,3,5,0,0,6,179,0,1,6,180,California
Mariposa,2020-12-29,33,206,3,171,30,35,0,0,33,212,0,1,33,213,California
Mariposa,2020-12-30,26,232,4,175,22,57,0,0,26,238,0,1,26,239,California
Mariposa,2020-12-31,17,249,0,175,17,74,0,0,17,255,0,1,17,256,California
Mariposa,2021-01-02,1,250,1,176,0,74,0,0,1,256,0,1,1,257,California
Mariposa,2021-01-04,9,259,2,178,7,81,0,0,9,265,0,1,9,266,California
Mariposa,2021-01-05,24,283,14,192,10,91,0,0,14,269,10,11,14,280,California
Mariposa,2021-01-06,6,289,3,195,3,94,0,0,3,269,3,14,3,283,California
Mariposa,2021-01-07,50,339,45,240,5,99,0,0,5,229,45,59,5,288,California
Mariposa,2021-01-08,108,447,79,319,29,128,0,0,33,187,75,134,33,321,California
Mariposa,2021-01-09,1,448,0,319,1,129,0,0,1,188,0,134,1,322,California
Mariposa,2021-01-11,31,479,10,329,21,150,0,0,23,203,8,142,23,345,California
Mariposa,2021-01-12,19,498,4,333,15,165,0,0,15,214,4,146,15,360,California
Mariposa,2021-01-13,21,519,4,337,17,182,0,0,18,229,3,149,18,378,California
Mariposa,2021-01-14,74,593,7,344,67,249,0,0,68,291,6,155,68,446,California
Mariposa,2021-01-15,68,661,27,371,41,290,0,0,58,339,10,165,58,504,California
Mariposa,2021-01-16,14,675,2,373,12,302,0,0,13,351,1,166,13,517,California
Mariposa,2021-01-17,3,678,1,374,2,304,0,0,2,352,1,167,2,519,California
Mariposa,2021-01-18,4,682,3,377,1,305,0,0,2,352,2,169,2,521,California
Mariposa,2021-01-19,8,690,4,381,4,309,0,0,5,355,2,171,5,526,California
Mariposa,2021-01-20,23,713,1,382,22,331,0,0,22,376,1,172,22,548,California
Mariposa,2021-01-21,66,779,8,390,58,389,0,0,62,434,4,176,62,610,California
Mariposa,2021-01-22,56,835,3,393,53,442,0,0,56,490,0,176,56,666,California
Mariposa,2021-01-23,116,951,2,395,114,556,0,0,114,602,2,178,114,780,California
Mariposa,2021-01-24,2,953,2,397,0,556,0,0,2,604,0,178,2,782,California
Mariposa,2021-01-25,5,958,1,398,4,560,0,0,1,601,4,182,1,783,California
Mariposa,2021-01-26,37,995,4,402,33,593,0,0,5,578,32,214,9,792,California
Mariposa,2021-01-27,26,1021,2,404,24,617,0,0,13,579,12,226,13,805,California
Mariposa,2021-01-28,127,1148,3,407,124,741,0,0,114,681,12,238,114,919,California
Mariposa,2021-01-29,83,1231,22,429,61,802,0,0,82,762,1,239,82,1001,California
Mariposa,2021-01-30,9,1240,1,430,8,810,0,0,8,769,1,240,8,1009,California
Mariposa,2021-01-31,1,1241,0,430,1,811,0,0,1,770,0,240,1,1010,California
Mariposa,2021-02-01,90,1331,32,462,58,869,0,0,69,818,21,261,69,1079,California
Mariposa,2021-02-02,15,1346,3,465,12,881,0,0,9,821,6,267,9,1088,California
Mariposa,2021-02-03,20,1366,1,466,19,900,0,0,13,828,6,273,13,1101,California
Mariposa,2021-02-04,98,1464,8,474,90,990,0,0,93,918,4,277,94,1195,California
Mariposa,2021-02-05,192,1656,5,479,187,1177,0,0,166,1058,26,303,166,1361,California
Mariposa,2021-02-06,11,1667,4,483,7,1184,0,0,10,1067,1,304,10,1371,California
Mariposa,2021-02-07,1,1668,0,483,1,1185,0,0,1,1068,0,304,1,1372,California
Mariposa,2021-02-08,42,1710,2,485,40,1225,0,0,23,1072,19,323,23,1395,California
Mariposa,2021-02-09,43,1753,25,510,18,1243,0,0,37,1103,6,329,37,1432,California
Mariposa,2021-02-10,28,1781,5,515,23,1266,0,0,17,1116,10,339,23,1455,California
Mariposa,2021-02-11,374,2155,5,520,369,1635,0,0,359,1463,15,354,362,1817,California
Mariposa,2021-02-12,184,2339,8,528,176,1811,0,0,140,1559,44,398,140,1957,California
Mariposa,2021-02-13,11,2350,3,531,8,1819,0,0,9,1566,2,400,9,1966,California
Mariposa,2021-02-14,8,2358,4,535,4,1823,0,0,5,1568,3,403,5,1971,California
Mariposa,2021-02-15,9,2367,3,538,6,1829,0,0,7,1573,2,405,7,1978,California
Mariposa,2021-02-16,59,2426,35,573,24,1853,0,0,35,1585,24,429,36,2014,California
Mariposa,2021-02-17,37,2463,9,582,28,1881,0,0,27,1604,9,438,28,2042,California
Mariposa,2021-02-18,58,2521,7,589,51,1932,0,0,20,1586,38,476,20,2062,California
Mariposa,2021-02-19,82,2603,3,592,79,2011,0,0,75,1655,7,483,76,2138,California
Mariposa,2021-02-20,255,2858,4,596,251,2262,0,0,223,1848,30,513,223,2361,California
Mariposa,2021-02-21,237,3095,4,600,233,2495,0,0,235,2082,1,514,235,2596,California
Mariposa,2021-02-22,24,3119,9,609,15,2510,0,0,21,2100,3,517,21,2617,California
Mariposa,2021-02-23,43,3162,37,646,6,2516,0,0,25,2107,18,535,25,2642,California
Mariposa,2021-02-24,21,3183,3,649,18,2534,0,0,8,2103,12,547,8,2650,California
Mariposa,2021-02-25,18,3201,9,658,9,2543,0,0,12,2109,6,553,12,2662,California
Mariposa,2021-02-26,421,3622,7,665,414,2957,0,0,354,2404,67,620,362,3024,California
Mariposa,2021-02-27,172,3794,7,672,165,3122,0,0,161,2554,11,631,161,3185,California
Mariposa,2021-02-28,2,3796,1,673,1,3123,0,0,0,2552,2,633,0,3185,California
Mariposa,2021-03-01,85,3881,26,699,59,3182,0,0,17,2503,67,700,18,3203,California
Mariposa,2021-03-02,21,3902,14,713,7,3189,0,0,11,2505,9,709,11,3214,California
Mariposa,2021-03-03,72,3974,6,719,66,3255,0,0,66,2566,6,715,67,3281,California
Mariposa,2021-03-04,40,4014,9,728,31,3286,0,0,19,2565,21,736,20,3301,California
Mariposa,2021-03-05,61,4075,9,737,52,3338,0,0,39,2590,22,758,47,3348,California
Mariposa,2021-03-06,17,4092,7,744,10,3348,0,0,7,2588,10,768,8,3356,California
Mariposa,2021-03-07,1,4093,1,745,0,3348,0,0,0,2587,1,769,0,3356,California
Mariposa,2021-03-08,39,4132,4,749,24,3372,11,11,9,2577,30,799,20,3376,California
Mariposa,2021-03-09,45,4177,18,767,17,3389,10,21,14,2570,31,830,24,3400,California
Mariposa,2021-03-10,34,4211,12,779,12,3401,10,31,10,2566,24,854,20,3420,California
Mariposa,2021-03-11,471,4682,6,785,446,3847,19,50,225,2569,245,1099,248,3668,California
Mariposa,2021-03-12,254,4936,8,793,218,4065,28,78,110,2564,144,1243,139,3807,California
Mariposa,2021-03-13,34,4970,6,799,13,4078,15,93,12,2568,22,1265,26,3833,California
Mariposa,2021-03-14,17,4987,2,801,4,4082,11,104,3,2568,14,1279,14,3847,California
Mariposa,2021-03-15,77,5064,8,809,31,4113,38,142,31,2591,46,1325,69,3916,California
Mariposa,2021-03-16,82,5146,33,842,14,4127,35,177,24,2592,58,1383,59,3975,California
Mariposa,2021-03-17,72,5218,10,852,54,4181,8,185,51,2631,20,1403,59,4034,California
Mariposa,2021-03-18,67,5285,17,869,40,4221,10,195,42,2658,25,1428,52,4086,California
Mariposa,2021-03-19,340,5625,11,880,324,4545,5,200,303,2929,37,1465,308,4394,California
Mariposa,2021-03-20,426,6051,6,886,418,4963,2,202,46,2598,380,1845,49,4443,California
Mariposa,2021-03-21,15,6066,9,895,5,4968,1,203,10,2605,4,1849,11,4454,California
Mariposa,2021-03-22,38,6104,8,903,22,4990,8,211,25,2627,13,1862,35,4489,California
Mariposa,2021-03-23,55,6159,35,938,10,5000,10,221,34,2650,21,1883,44,4533,California
Mariposa,2021-03-24,57,6216,6,944,49,5049,2,223,52,2699,5,1888,54,4587,California
Mariposa,2021-03-25,76,6292,15,959,53,5102,8,231,54,2741,20,1908,62,4649,California
Mariposa,2021-03-26,489,6781,9,968,479,5581,1,232,252,2757,237,2145,253,4902,California
Mariposa,2021-03-27,224,7005,9,977,215,5796,0,232,89,2713,135,2280,91,4993,California
Mariposa,2021-03-28,5,7010,0,977,2,5798,3,235,1,2713,4,2284,4,4997,California
Mariposa,2021-03-29,19,7029,6,983,13,5811,0,235,12,2718,7,2291,12,5009,California
Mariposa,2021-03-30,36,7065,13,996,7,5818,16,251,13,2724,23,2314,29,5038,California
Mariposa,2021-03-31,89,7154,16,1012,66,5884,7,258,68,2778,21,2335,75,5113,California
Mariposa,2021-04-01,54,7208,11,1023,35,5919,8,266,35,2802,19,2354,43,5156,California
Mariposa,2021-04-02,348,7556,13,1036,333,6252,2,268,306,3069,41,2395,308,5464,California
Mariposa,2021-04-03,11,7567,8,1044,3,6255,0,268,6,3070,5,2400,6,5470,California
Mariposa,2021-04-04,2,7569,1,1045,0,6255,1,269,0,3069,2,2402,1,5471,California
Mariposa,2021-04-05,33,7602,22,1067,7,6262,4,273,16,3072,17,2419,20,5491,California
Mariposa,2021-04-06,43,7645,21,1088,6,6268,16,289,13,3072,29,2448,29,5520,California
Mariposa,2021-04-07,98,7743,6,1094,73,6341,19,308,28,3049,70,2518,47,5567,California
Mariposa,2021-04-08,280,8023,16,1110,245,6586,19,327,145,3081,133,2651,165,5732,California
Mariposa,2021-04-09,39,8062,9,1119,15,6601,15,342,11,3079,28,2679,26,5758,California
Mariposa,2021-04-10,202,8264,4,1123,188,6789,10,352,187,3262,13,2692,196,5954,California
Mariposa,2021-04-11,124,8388,4,1127,118,6907,2,354,57,3255,67,2759,60,6014,California
Mariposa,2021-04-12,43,8431,14,1141,27,6934,2,356,14,3242,29,2788,16,6030,California
Mariposa,2021-04-13,53,8484,46,1187,7,6941,0,356,34,3257,19,2807,34,6064,California
Mariposa,2021-04-14,113,8597,9,1196,104,7045,0,356,58,3261,54,2861,58,6122,California
Mariposa,2021-04-15,57,8654,16,1212,41,7086,0,356,41,3289,13,2874,41,6163,California
Mariposa,2021-04-16,381,9035,11,1223,370,7456,0,356,106,3120,275,3149,106,6269,California
Mariposa,2021-04-17,11,9046,7,1230,4,7460,0,356,8,3125,3,3152,8,6277,California
Mariposa,2021-04-18,7,9053,0,1230,7,7467,0,356,3,3124,4,3156,3,6280,California
Mariposa,2021-04-19,58,9111,26,1256,32,7499,0,356,30,3128,26,3182,30,6310,California
Mariposa,2021-04-20,61,9172,48,1304,13,7512,0,356,37,3143,22,3204,37,6347,California
Mariposa,2021-04-21,92,9264,14,1318,78,7590,0,356,43,3138,48,3252,43,6390,California
Mariposa,2021-04-22,51,9315,11,1329,40,7630,0,356,38,3164,12,3264,38,6428,California
Mariposa,2021-04-23,315,9630,70,1399,245,7875,0,356,144,3139,171,3435,146,6574,California
Mariposa,2021-04-24,106,9736,10,1409,96,7971,0,356,43,3120,62,3497,43,6617,California
Mariposa,2021-04-26,17,9753,12,1421,5,7976,0,356,6,3115,11,3508,6,6623,California
Mariposa,2021-04-27,34,9787,17,1438,15,7991,2,358,15,3117,16,3524,18,6641,California
Mariposa,2021-04-28,73,9860,13,1451,53,8044,7,365,27,3105,46,3570,34,6675,California
Mariposa,2021-04-29,84,9944,12,1463,71,8115,1,366,79,3180,5,3575,80,6755,California
Mariposa,2021-04-30,210,10154,5,1468,200,8315,5,371,62,3099,148,3723,67,6822,California
Mariposa,2021-05-01,3,10157,2,1470,1,8316,0,371,1,3098,2,3725,1,6823,California
Mariposa,2021-05-02,3,10160,2,1472,0,8316,1,372,0,3096,3,3728,1,6824,California
Mariposa,2021-05-03,15,10175,11,1483,3,8319,1,373,6,3094,9,3737,7,6831,California
Mariposa,2021-05-04,50,10225,31,1514,15,8334,4,377,37,3122,13,3750,41,6872,California
Mariposa,2021-05-05,57,10282,9,1523,46,8380,2,379,18,3103,39,3789,20,6892,California
Mariposa,2021-05-06,56,10338,36,1559,15,8395,5,384,39,3130,17,3806,44,6936,California
Mariposa,2021-05-07,28,10366,8,1567,17,8412,3,387,13,3131,15,3821,16,6952,California
Mariposa,2021-05-08,282,10648,7,1574,275,8687,0,387,33,2917,249,4070,35,6987,California
Mariposa,2021-05-09,2,10650,1,1575,1,8688,0,387,0,2915,2,4072,0,6987,California
Mariposa,2021-05-10,20,10670,9,1584,9,8697,2,389,5,2907,15,4087,7,6994,California
Mariposa,2021-05-11,28,10698,18,1602,10,8707,0,389,21,2922,6,4093,21,7015,California
Mariposa,2021-05-12,67,10765,4,1606,58,8765,5,394,6,2872,61,4154,11,7026,California
Mariposa,2021-05-13,48,10813,8,1614,38,8803,2,396,13,2852,35,4189,15,7041,California
Mariposa,2021-05-14,250,11063,122,1736,121,8924,7,403,118,2845,132,4321,125,7166,California
Mariposa,2021-05-15,19,11082,9,1745,8,8932,2,405,11,2851,6,4327,12,7178,California
Mariposa,2021-05-16,3,11085,1,1746,1,8933,1,406,1,2851,2,4329,2,7180,California
Mariposa,2021-05-17,18,11103,7,1753,7,8940,4,410,7,2850,11,4340,10,7190,California
Mariposa,2021-05-18,63,11166,43,1796,15,8955,5,415,46,2885,16,4356,51,7241,California
Mariposa,2021-05-19,71,11237,32,1828,38,8993,1,416,52,2920,18,4374,53,7294,California
Mariposa,2021-05-20,33,11270,18,1846,13,9006,2,418,12,2913,21,4395,14,7308,California
Mariposa,2021-05-21,93,11363,8,1854,83,9089,2,420,43,2910,48,4443,45,7353,California
Mariposa,2021-05-22,48,11411,6,1860,41,9130,1,421,17,2897,31,4474,18,7371,California
Mariposa,2021-05-23,4,11415,2,1862,1,9131,1,422,2,2898,2,4476,3,7374,California
Mariposa,2021-05-24,14,11429,8,1870,4,9135,2,424,9,2904,5,4481,11,7385,California
Mariposa,2021-05-25,26,11455,16,1886,10,9145,0,424,18,2914,8,4489,18,7403,California
Mariposa,2021-05-26,35,11490,4,1890,27,9172,4,428,28,2939,7,4496,32,7435,California
Mariposa,2021-05-27,120,11610,64,1954,55,9227,1,429,62,2944,58,4554,63,7498,California
Mariposa,2021-05-28,66,11676,6,1960,56,9283,4,433,24,2930,42,4596,28,7526,California
Mariposa,2021-05-29,8,11684,2,1962,5,9288,1,434,3,2931,3,4599,4,7530,California
Mariposa,2021-05-30,1,11685,0,1962,0,9288,1,435,0,2931,1,4600,1,7531,California
Mariposa,2021-05-31,2,11687,0,1962,1,9289,1,436,0,2930,2,4602,1,7532,California
Mariposa,2021-06-01,14,11701,3,1965,11,9300,0,436,5,2926,9,4611,5,7537,California
Mariposa,2021-06-02,26,11727,14,1979,7,9307,5,441,6,2918,19,4630,11,7548,California
Mariposa,2021-06-03,20,11747,10,1989,7,9314,3,444,7,2915,13,4643,10,7558,California
Mariposa,2021-06-04,91,11838,80,2069,9,9323,2,446,27,2881,62,4705,28,7586,California
Mariposa,2021-06-05,30,11868,4,2073,24,9347,2,448,7,2867,23,4728,9,7595,California
Mariposa,2021-06-06,4,11872,3,2076,0,9347,1,449,1,2866,3,4731,2,7597,California
Mariposa,2021-06-07,10,11882,5,2081,5,9352,0,449,4,2865,5,4736,4,7601,California
Mariposa,2021-06-08,45,11927,34,2115,9,9361,2,451,13,2848,32,4768,15,7616,California
Mariposa,2021-06-09,28,11955,21,2136,2,9363,5,456,6,2837,22,4790,11,7627,California
Mariposa,2021-06-10,16,11971,8,2144,5,9368,3,459,6,2837,10,4800,10,7637,California
Mariposa,2021-06-11,43,12014,12,2156,23,9391,8,467,9,2820,34,4834,17,7654,California
Mariposa,2021-06-12,17,12031,11,2167,5,9396,1,468,3,2809,14,4848,3,7657,California
Mariposa,2021-06-13,1,12032,0,2167,0,9396,1,469,0,2809,1,4849,1,7658,California
Mariposa,2021-06-14,12,12044,4,2171,7,9403,1,470,5,2808,7,4856,6,7664,California
Mariposa,2021-06-15,23,12067,11,2182,11,9414,1,471,6,2798,17,4873,7,7671,California
Mariposa,2021-06-16,28,12095,12,2194,15,9429,1,472,7,2785,21,4894,8,7679,California
Mariposa,2021-06-17,11,12106,6,2200,5,9434,0,472,4,2782,7,4901,4,7683,California
Mariposa,2021-06-18,66,12172,49,2249,16,9450,1,473,32,2782,33,4934,33,7716,California
Mariposa,2021-06-19,18,12190,5,2254,13,9463,0,473,6,2776,12,4946,6,7722,California
Mariposa,2021-06-21,11,12201,4,2258,7,9470,0,473,7,2780,3,4949,7,7729,California
Mariposa,2021-06-22,23,12224,9,2267,11,9481,3,476,13,2786,10,4959,16,7745,California
Mariposa,2021-06-23,4,12228,1,2268,2,9483,1,477,3,2789,1,4960,4,7749,California
Mariposa,2021-06-24,5,12233,1,2269,4,9487,0,477,2,2788,3,4963,2,7751,California
Mariposa,2021-06-25,1,12234,0,2269,1,9488,0,477,1,2789,0,4963,1,7752,California
Mariposa,2021-06-27,1,12235,0,2269,0,9488,1,478,0,2789,1,4964,1,7753,California
Mendocino,2020-12-17,70,70,70,70,0,0,0,0,70,70,0,0,70,70,California
Mendocino,2020-12-18,85,155,84,154,1,1,0,0,84,154,0,0,84,154,California
Mendocino,2020-12-19,4,159,4,158,0,1,0,0,4,158,0,0,4,158,California
Mendocino,2020-12-20,7,166,7,165,0,1,0,0,7,165,0,0,7,165,California
Mendocino,2020-12-21,238,404,238,403,0,1,0,0,77,242,0,0,77,242,California
Mendocino,2020-12-22,253,657,192,595,61,62,0,0,253,495,0,0,253,495,California
Mendocino,2020-12-23,272,929,48,643,224,286,0,0,271,766,0,0,271,766,California
Mendocino,2020-12-24,50,979,8,651,42,328,0,0,50,816,0,0,50,816,California
Mendocino,2020-12-25,1,980,0,651,1,329,0,0,1,817,0,0,1,817,California
Mendocino,2020-12-26,2,982,2,653,0,329,0,0,2,819,0,0,2,819,California
Mendocino,2020-12-27,1,983,0,653,1,330,0,0,1,820,0,0,1,820,California
Mendocino,2020-12-28,74,1057,9,662,65,395,0,0,74,894,0,0,74,894,California
Mendocino,2020-12-29,122,1179,61,723,61,456,0,0,122,1016,0,0,122,1016,California
Mendocino,2020-12-30,123,1302,69,792,54,510,0,0,123,1139,0,0,123,1139,California
Mendocino,2020-12-31,132,1434,97,889,35,545,0,0,132,1271,0,0,132,1271,California
Mendocino,2021-01-01,10,1444,7,896,3,548,0,0,10,1281,0,0,10,1281,California
Mendocino,2021-01-04,837,2281,18,914,819,1367,0,0,837,2118,0,0,837,2118,California
Mendocino,2021-01-05,71,2352,36,950,35,1402,0,0,58,2163,13,13,58,2176,California
Mendocino,2021-01-06,157,2509,135,1085,22,1424,0,0,147,2300,10,23,147,2323,California
Mendocino,2021-01-07,362,2871,239,1324,123,1547,0,0,299,2536,63,86,299,2622,California
Mendocino,2021-01-08,95,2966,82,1406,13,1560,0,0,41,2524,54,140,42,2664,California
Mendocino,2021-01-09,10,2976,6,1412,4,1564,0,0,8,2530,2,142,8,2672,California
Mendocino,2021-01-10,9,2985,8,1420,1,1565,0,0,2,2525,7,149,2,2674,California
Mendocino,2021-01-11,103,3088,93,1513,10,1575,0,0,45,2513,57,206,45,2719,California
Mendocino,2021-01-12,389,3477,379,1892,10,1585,0,0,272,2668,117,323,272,2991,California
Mendocino,2021-01-13,496,3973,149,2041,347,1932,0,0,451,3077,43,366,452,3443,California
Mendocino,2021-01-14,654,4627,20,2061,634,2566,0,0,645,3713,9,375,645,4088,California
Mendocino,2021-01-15,1875,6502,864,2925,1011,3577,0,0,1870,5579,5,380,1871,5959,California
Mendocino,2021-01-16,791,7293,48,2973,743,4320,0,0,789,6366,2,382,789,6748,California
Mendocino,2021-01-17,554,7847,1,2974,553,4873,0,0,553,6918,1,383,553,7301,California
Mendocino,2021-01-18,488,8335,463,3437,25,4898,0,0,475,7380,13,396,475,7776,California
Mendocino,2021-01-19,335,8670,149,3586,186,5084,0,0,158,7361,177,573,158,7934,California
Mendocino,2021-01-20,558,9228,410,3996,148,5232,0,0,451,7708,105,678,452,8386,California
Mendocino,2021-01-21,540,9768,226,4222,314,5546,0,0,353,7875,186,864,353,8739,California
Mendocino,2021-01-22,151,9919,60,4282,91,5637,0,0,111,7946,40,904,111,8850,California
Mendocino,2021-01-23,157,10076,85,4367,72,5709,0,0,151,8091,6,910,151,9001,California
Mendocino,2021-01-24,5,10081,3,4370,2,5711,0,0,5,8096,0,910,5,9006,California
Mendocino,2021-01-25,192,10273,18,4388,174,5885,0,0,122,8148,70,980,122,9128,California
Mendocino,2021-01-26,155,10428,54,4442,101,5986,0,0,95,8183,60,1040,95,9223,California
Mendocino,2021-01-27,443,10871,373,4815,70,6056,0,0,177,8101,259,1299,177,9400,California
Mendocino,2021-01-28,602,11473,538,5353,64,6120,0,0,505,8510,96,1395,505,9905,California
Mendocino,2021-01-29,391,11864,351,5704,40,6160,0,0,362,8844,29,1424,363,10268,California
Mendocino,2021-01-30,50,11914,31,5735,19,6179,0,0,43,8880,7,1431,43,10311,California
Mendocino,2021-01-31,275,12189,2,5737,273,6452,0,0,4,8613,271,1702,4,10315,California
Mendocino,2021-02-01,382,12571,54,5791,328,6780,0,0,60,8351,322,2024,60,10375,California
Mendocino,2021-02-02,744,13315,523,6314,221,7001,0,0,382,8371,362,2386,382,10757,California
Mendocino,2021-02-03,395,13710,209,6523,186,7187,0,0,224,8426,169,2555,224,10981,California
Mendocino,2021-02-04,629,14339,534,7057,95,7282,0,0,502,8801,127,2682,502,11483,California
Mendocino,2021-02-05,1306,15645,1217,8274,89,7371,0,0,587,8671,717,3399,587,12070,California
Mendocino,2021-02-06,559,16204,159,8433,400,7771,0,0,544,9200,15,3414,544,12614,California
Mendocino,2021-02-07,34,16238,30,8463,4,7775,0,0,34,9234,0,3414,34,12648,California
Mendocino,2021-02-08,751,16989,718,9181,33,7808,0,0,287,9057,464,3878,287,12935,California
Mendocino,2021-02-09,141,17130,58,9239,83,7891,0,0,89,9094,52,3930,89,13024,California
Mendocino,2021-02-10,1489,18619,924,10163,565,8456,0,0,741,9094,741,4671,741,13765,California
Mendocino,2021-02-11,1213,19832,209,10372,1004,9460,0,0,299,8479,914,5585,299,14064,California
Mendocino,2021-02-12,1460,21292,163,10535,1297,10757,0,0,658,8336,801,6386,658,14722,California
Mendocino,2021-02-13,505,21797,14,10549,491,11248,0,0,104,8045,400,6786,109,14831,California
Mendocino,2021-02-14,693,22490,3,10552,690,11938,0,0,134,7620,559,7345,134,14965,California
Mendocino,2021-02-15,334,22824,43,10595,291,12229,0,0,175,7637,158,7503,175,15140,California
Mendocino,2021-02-16,200,23024,50,10645,150,12379,0,0,129,7695,71,7574,129,15269,California
Mendocino,2021-02-17,1359,24383,1196,11841,163,12542,0,0,880,8098,477,8051,880,16149,California
Mendocino,2021-02-18,1804,26187,658,12499,1146,13688,0,0,1223,8742,579,8630,1223,17372,California
Mendocino,2021-02-19,751,26938,146,12645,605,14293,0,0,611,9214,140,8770,612,17984,California
Mendocino,2021-02-20,576,27514,550,13195,26,14319,0,0,545,9730,29,8799,545,18529,California
Mendocino,2021-02-21,324,27838,6,13201,318,14637,0,0,312,10031,11,8810,312,18841,California
Mendocino,2021-02-22,161,27999,29,13230,132,14769,0,0,69,10010,90,8900,69,18910,California
Mendocino,2021-02-23,860,28859,846,14076,14,14783,0,0,645,10442,213,9113,645,19555,California
Mendocino,2021-02-24,1847,30706,1765,15841,82,14865,0,0,1432,11466,410,9523,1434,20989,California
Mendocino,2021-02-25,1713,32419,537,16378,1176,16041,0,0,1289,12332,423,9946,1289,22278,California
Mendocino,2021-02-26,1417,33836,750,17128,667,16708,0,0,1049,13016,365,10311,1049,23327,California
Mendocino,2021-02-27,201,34037,152,17280,49,16757,0,0,77,12970,123,10434,77,23404,California
Mendocino,2021-02-28,36,34073,14,17294,22,16779,0,0,24,12982,12,10446,24,23428,California
Mendocino,2021-03-01,592,34665,548,17842,44,16823,0,0,551,13495,38,10484,551,23979,California
Mendocino,2021-03-02,75,34740,28,17870,47,16870,0,0,42,13505,32,10516,42,24021,California
Mendocino,2021-03-03,2036,36776,1334,19204,702,17572,0,0,1386,14243,648,11164,1386,25407,California
Mendocino,2021-03-04,1853,38629,152,19356,1701,19273,0,0,1632,15659,218,11382,1634,27041,California
Mendocino,2021-03-05,478,39107,417,19773,52,19325,9,9,372,15938,102,11484,381,27422,California
Mendocino,2021-03-06,248,39355,23,19796,198,19523,27,36,204,16126,43,11527,231,27653,California
Mendocino,2021-03-07,524,39879,26,19822,478,20001,20,56,137,15896,386,11913,156,27809,California
Mendocino,2021-03-08,123,40002,28,19850,58,20059,37,93,64,15940,57,11970,101,27910,California
Mendocino,2021-03-09,940,40942,598,20448,301,20360,41,134,832,16705,108,12078,873,28783,California
Mendocino,2021-03-10,1147,42089,984,21432,98,20458,65,199,268,16167,874,12952,336,29119,California
Mendocino,2021-03-11,841,42930,624,22056,162,20620,55,254,399,16182,439,13391,454,29573,California
Mendocino,2021-03-12,2064,44994,1053,23109,899,21519,112,366,1234,16704,824,14215,1346,30919,California
Mendocino,2021-03-13,704,45698,569,23678,77,21596,58,424,107,16276,593,14808,165,31084,California
Mendocino,2021-03-14,105,45803,3,23681,95,21691,7,431,12,16206,89,14897,19,31103,California
Mendocino,2021-03-15,600,46403,51,23732,490,22181,59,490,208,16083,389,15286,266,31369,California
Mendocino,2021-03-16,585,46988,389,24121,150,22331,46,536,119,15784,464,15750,165,31534,California
Mendocino,2021-03-17,1584,48572,1379,25500,56,22387,149,685,218,14799,1359,17109,374,31908,California
Mendocino,2021-03-18,1310,49882,248,25748,1024,23411,38,723,279,14092,1023,18132,316,32224,California
Mendocino,2021-03-19,1777,51659,856,26604,860,24271,61,784,332,13048,1439,19571,395,32619,California
Mendocino,2021-03-20,70,51729,10,26614,39,24310,21,805,12,13023,58,19629,33,32652,California
Mendocino,2021-03-21,8,51737,1,26615,2,24312,5,810,3,13026,5,19634,8,32660,California
Mendocino,2021-03-22,656,52393,612,27227,15,24327,29,839,145,12692,507,20141,173,32833,California
Mendocino,2021-03-23,165,52558,34,27261,101,24428,30,869,114,12785,51,20192,144,32977,California
Mendocino,2021-03-24,917,53475,842,28103,28,24456,47,916,112,12141,803,20995,159,33136,California
Mendocino,2021-03-25,2017,55492,54,28157,1943,26399,20,936,176,10500,1835,22830,194,33330,California
Mendocino,2021-03-26,547,56039,395,28552,126,26525,26,962,114,10207,432,23262,139,33469,California
Mendocino,2021-03-27,162,56201,31,28583,119,26644,12,974,84,10225,77,23339,95,33564,California
Mendocino,2021-03-28,27,56228,7,28590,16,26660,4,978,5,10213,21,23360,9,33573,California
Mendocino,2021-03-29,191,56419,98,28688,49,26709,44,1022,96,10258,95,23455,140,33713,California
Mendocino,2021-03-30,718,57137,633,29321,48,26757,37,1059,107,9793,609,24064,144,33857,California
Mendocino,2021-03-31,918,58055,281,29602,576,27333,61,1120,153,9245,762,24826,214,34071,California
Mendocino,2021-04-01,1752,59807,425,30027,1246,28579,81,1201,383,8350,1358,26184,463,34534,California
Mendocino,2021-04-02,1310,61117,1078,31105,159,28738,73,1274,160,7436,1147,27331,233,34767,California
Mendocino,2021-04-03,712,61829,12,31117,679,29417,21,1295,87,6924,620,27951,108,34875,California
Mendocino,2021-04-04,71,61900,35,31152,30,29447,6,1301,55,6969,16,27967,61,34936,California
Mendocino,2021-04-05,213,62113,141,31293,48,29495,24,1325,127,7031,86,28053,148,35084,California
Mendocino,2021-04-06,401,62514,124,31417,182,29677,95,1420,108,6941,293,28346,203,35287,California
Mendocino,2021-04-07,492,63006,180,31597,65,29742,247,1667,118,6933,371,28717,363,35650,California
Mendocino,2021-04-08,1500,64506,921,32518,464,30206,115,1782,1007,7569,487,29204,1123,36773,California
Mendocino,2021-04-09,760,65266,428,32946,171,30377,161,1943,397,7764,363,29567,558,37331,California
Mendocino,2021-04-10,405,65671,92,33038,267,30644,46,1989,99,7603,306,29873,145,37476,California
Mendocino,2021-04-11,122,65793,47,33085,19,30663,56,2045,59,7655,63,29936,115,37591,California
Mendocino,2021-04-12,622,66415,514,33599,48,30711,60,2105,408,7909,214,30150,468,38059,California
Mendocino,2021-04-13,292,66707,229,33828,63,30774,0,2105,224,8065,68,30218,224,38283,California
Mendocino,2021-04-14,525,67232,430,34258,95,30869,0,2105,422,8384,103,30321,422,38705,California
Mendocino,2021-04-15,662,67894,328,34586,334,31203,0,2105,387,8501,270,30591,387,39092,California
Mendocino,2021-04-16,129,68023,55,34641,73,31276,1,2106,80,8533,48,30639,80,39172,California
Mendocino,2021-04-17,195,68218,12,34653,183,31459,0,2106,68,8476,125,30764,68,39240,California
Mendocino,2021-04-18,17,68235,9,34662,8,31467,0,2106,9,8479,6,30770,9,39249,California
Mendocino,2021-04-19,541,68776,516,35178,24,31491,1,2107,430,8800,110,30880,431,39680,California
Mendocino,2021-04-20,429,69205,296,35474,133,31624,0,2107,269,8910,159,31039,269,39949,California
Mendocino,2021-04-21,198,69403,135,35609,62,31686,1,2108,118,8950,78,31117,118,40067,California
Mendocino,2021-04-22,486,69889,316,35925,169,31855,1,2109,312,9092,170,31287,312,40379,California
Mendocino,2021-04-23,861,70750,703,36628,158,32013,0,2109,701,9636,157,31444,701,41080,California
Mendocino,2021-04-24,110,70860,16,36644,94,32107,0,2109,103,9732,7,31451,103,41183,California
Mendocino,2021-04-25,58,70918,34,36678,20,32127,4,2113,18,9715,39,31490,22,41205,California
Mendocino,2021-04-26,310,71228,238,36916,67,32194,5,2118,203,9817,106,31596,208,41413,California
Mendocino,2021-04-27,208,71436,91,37007,90,32284,27,2145,95,9826,112,31708,121,41534,California
Mendocino,2021-04-28,223,71659,147,37154,57,32341,19,2164,127,9877,96,31804,147,41681,California
Mendocino,2021-04-29,1147,72806,842,37996,290,32631,15,2179,113,8976,1029,32833,128,41809,California
Mendocino,2021-04-30,610,73416,385,38381,215,32846,10,2189,231,8839,378,33211,241,42050,California
Mendocino,2021-05-01,480,73896,435,38816,37,32883,8,2197,374,9116,105,33316,382,42432,California
Mendocino,2021-05-02,57,73953,47,38863,7,32890,3,2200,9,9081,47,33363,12,42444,California
Mendocino,2021-05-03,148,74101,85,38948,41,32931,22,2222,43,9043,103,33466,65,42509,California
Mendocino,2021-05-04,379,74480,253,39201,93,33024,33,2255,141,8979,238,33704,174,42683,California
Mendocino,2021-05-05,878,75358,790,39991,73,33097,15,2270,223,8562,654,34358,237,42920,California
Mendocino,2021-05-06,632,75990,382,40373,228,33325,22,2292,155,8264,475,34833,177,43097,California
Mendocino,2021-05-07,190,76180,36,40409,129,33454,25,2317,122,8343,67,34900,146,43243,California
Mendocino,2021-05-08,126,76306,5,40414,120,33574,1,2318,110,8439,15,34915,111,43354,California
Mendocino,2021-05-09,22,76328,7,40421,14,33588,1,2319,5,8428,17,34932,6,43360,California
Mendocino,2021-05-10,244,76572,161,40582,78,33666,5,2324,151,8491,93,35025,156,43516,California
Mendocino,2021-05-11,281,76853,144,40726,119,33785,18,2342,130,8487,150,35175,146,43662,California
Mendocino,2021-05-12,143,76996,81,40807,54,33839,8,2350,44,8442,97,35272,52,43714,California
Mendocino,2021-05-13,1236,78232,1122,41929,97,33936,17,2367,323,7869,913,36185,340,44054,California
Mendocino,2021-05-14,725,78957,495,42424,167,34103,63,2430,250,7712,470,36655,313,44367,California
Mendocino,2021-05-15,85,79042,29,42453,52,34155,4,2434,40,7711,45,36700,44,44411,California
Mendocino,2021-05-16,117,79159,104,42557,11,34166,2,2436,99,7796,17,36717,102,44513,California
Mendocino,2021-05-17,177,79336,84,42641,77,34243,16,2452,101,7837,76,36793,117,44630,California
Mendocino,2021-05-18,245,79581,118,42759,99,34342,28,2480,108,7836,136,36929,135,44765,California
Mendocino,2021-05-19,327,79908,191,42950,115,34457,21,2501,242,8016,83,37012,263,45028,California
Mendocino,2021-05-20,297,80205,116,43066,139,34596,42,2543,105,7974,189,37201,147,45175,California
Mendocino,2021-05-21,655,80860,476,43542,164,34760,15,2558,507,8349,147,37348,522,45697,California
Mendocino,2021-05-22,787,81647,676,44218,103,34863,8,2566,241,8053,545,37893,249,45946,California
Mendocino,2021-05-23,30,81677,13,44231,10,34873,7,2573,15,8060,14,37907,21,45967,California
Mendocino,2021-05-24,129,81806,45,44276,63,34936,21,2594,61,8075,67,37974,82,46049,California
Mendocino,2021-05-25,296,82102,177,44453,89,35025,30,2624,135,8079,160,38134,164,46213,California
Mendocino,2021-05-26,324,82426,244,44697,68,35093,12,2636,131,8030,192,38326,143,46356,California
Mendocino,2021-05-27,245,82671,112,44809,111,35204,22,2658,101,8010,142,38468,122,46478,California
Mendocino,2021-05-28,236,82907,97,44906,126,35330,13,2671,151,8091,83,38551,164,46642,California
Mendocino,2021-05-29,48,82955,17,44923,26,35356,5,2676,24,8096,24,38575,29,46671,California
Mendocino,2021-05-30,15,82970,2,44925,12,35368,1,2677,10,8102,5,38580,11,46682,California
Mendocino,2021-05-31,6,82976,0,44925,5,35373,1,2678,2,8102,3,38583,3,46685,California
Mendocino,2021-06-01,313,83289,105,45030,199,35572,9,2687,84,7966,229,38812,93,46778,California
Mendocino,2021-06-02,155,83444,58,45088,89,35661,8,2695,54,7929,99,38911,62,46840,California
Mendocino,2021-06-03,558,84002,457,45545,92,35753,9,2704,123,7633,428,39339,132,46972,California
Mendocino,2021-06-04,322,84324,195,45740,104,35857,23,2727,86,7507,235,39574,109,47081,California
Mendocino,2021-06-05,225,84549,92,45832,115,35972,18,2745,72,7446,151,39725,90,47171,California
Mendocino,2021-06-06,63,84612,58,45890,2,35974,3,2748,2,7390,61,39786,5,47176,California
Mendocino,2021-06-07,148,84760,71,45961,65,36039,12,2760,59,7372,89,39875,71,47247,California
Mendocino,2021-06-08,231,84991,131,46092,87,36126,13,2773,98,7355,128,40003,111,47358,California
Mendocino,2021-06-09,312,85303,249,46341,53,36179,10,2783,108,7270,203,40206,118,47476,California
Mendocino,2021-06-10,132,85435,71,46412,45,36224,16,2799,59,7272,73,40279,75,47551,California
Mendocino,2021-06-11,720,86155,563,46975,130,36354,27,2826,107,6795,611,40890,134,47685,California
Mendocino,2021-06-12,78,86233,53,47028,19,36373,6,2832,28,6780,49,40939,34,47719,California
Mendocino,2021-06-13,29,86262,16,47044,11,36384,2,2834,15,6784,13,40952,17,47736,California
Mendocino,2021-06-14,131,86393,60,47104,52,36436,19,2853,48,6768,82,41034,66,47802,California
Mendocino,2021-06-15,260,86653,167,47271,74,36510,19,2872,83,6693,177,41211,102,47904,California
Mendocino,2021-06-16,270,86923,168,47439,80,36590,22,2894,66,6579,202,41413,88,47992,California
Mendocino,2021-06-17,169,87092,89,47528,64,36654,16,2910,55,6537,113,41526,71,48063,California
Mendocino,2021-06-18,265,87357,123,47651,112,36766,30,2940,74,6450,190,41716,103,48166,California
Mendocino,2021-06-19,76,87433,43,47694,26,36792,7,2947,17,6415,59,41775,24,48190,California
Mendocino,2021-06-20,12,87445,4,47698,4,36796,4,2951,7,6421,5,41780,11,48201,California
Mendocino,2021-06-21,98,87543,32,47730,55,36851,11,2962,43,6422,52,41832,53,48254,California
Mendocino,2021-06-22,133,87676,86,47816,34,36885,13,2975,56,6416,75,41907,69,48323,California
Mendocino,2021-06-23,176,87852,124,47940,33,36918,19,2994,62,6383,114,42021,81,48404,California
Mendocino,2021-06-24,173,88025,107,48047,52,36970,14,3008,66,6357,106,42127,80,48484,California
Mendocino,2021-06-25,113,88138,65,48112,36,37006,12,3020,52,6360,61,42188,64,48548,California
Mendocino,2021-06-26,48,88186,23,48135,21,37027,4,3024,18,6352,30,42218,22,48570,California
Mendocino,2021-06-27,9,88195,5,48140,4,37031,0,3024,5,6353,4,42222,5,48575,California
Merced,2020-12-16,3,3,3,3,0,0,0,0,3,3,0,0,3,3,California
Merced,2020-12-17,9,12,9,12,0,0,0,0,9,12,0,0,9,12,California
Merced,2020-12-18,146,158,146,158,0,0,0,0,146,158,0,0,146,158,California
Merced,2020-12-19,39,197,39,197,0,0,0,0,39,197,0,0,39,197,California
Merced,2020-12-20,18,215,18,215,0,0,0,0,18,215,0,0,18,215,California
Merced,2020-12-21,125,340,122,337,3,3,0,0,125,340,0,0,125,340,California
Merced,2020-12-22,152,492,152,489,0,3,0,0,152,492,0,0,152,492,California
Merced,2020-12-23,254,746,248,737,6,9,0,0,254,746,0,0,254,746,California
Merced,2020-12-24,72,818,72,809,0,9,0,0,72,818,0,0,72,818,California
Merced,2020-12-25,4,822,4,813,0,9,0,0,4,822,0,0,4,822,California
Merced,2020-12-26,6,828,3,816,3,12,0,0,6,828,0,0,6,828,California
Merced,2020-12-27,12,840,11,827,1,13,0,0,12,840,0,0,12,840,California
Merced,2020-12-28,121,961,96,923,25,38,0,0,121,961,0,0,121,961,California
Merced,2020-12-29,194,1155,123,1046,71,109,0,0,194,1155,0,0,194,1155,California
Merced,2020-12-30,217,1372,90,1136,127,236,0,0,217,1372,0,0,217,1372,California
Merced,2020-12-31,102,1474,33,1169,69,305,0,0,102,1474,0,0,102,1474,California
Merced,2021-01-01,5,1479,1,1170,4,309,0,0,5,1479,0,0,5,1479,California
Merced,2021-01-02,129,1608,118,1288,11,320,0,0,129,1608,0,0,129,1608,California
Merced,2021-01-03,9,1617,5,1293,4,324,0,0,9,1617,0,0,9,1617,California
Merced,2021-01-04,83,1700,43,1336,40,364,0,0,83,1700,0,0,83,1700,California
Merced,2021-01-05,330,2030,235,1571,95,459,0,0,324,2020,6,6,326,2026,California
Merced,2021-01-06,259,2289,106,1677,153,612,0,0,253,2267,6,12,253,2279,California
Merced,2021-01-07,187,2476,83,1760,104,716,0,0,175,2429,13,25,175,2454,California
Merced,2021-01-08,527,3003,394,2154,133,849,0,0,374,2651,152,177,374,2828,California
Merced,2021-01-09,23,3026,10,2164,13,862,0,0,17,2662,6,183,17,2845,California
Merced,2021-01-10,11,3037,7,2171,4,866,0,0,7,2665,4,187,7,2852,California
Merced,2021-01-11,230,3267,171,2342,59,925,0,0,102,2641,128,315,104,2956,California
Merced,2021-01-12,297,3564,172,2514,125,1050,0,0,247,2837,51,366,247,3203,California
Merced,2021-01-13,391,3955,177,2691,214,1264,0,0,237,2923,154,520,240,3443,California
Merced,2021-01-14,327,4282,204,2895,123,1387,0,0,160,2918,166,686,161,3604,California
Merced,2021-01-15,588,4870,132,3027,456,1843,0,0,549,3430,40,726,552,4156,California
Merced,2021-01-16,213,5083,129,3156,84,1927,0,0,196,3609,17,743,196,4352,California
Merced,2021-01-17,50,5133,12,3168,38,1965,0,0,49,3657,1,744,49,4401,California
Merced,2021-01-18,267,5400,128,3296,139,2104,0,0,244,3882,23,767,248,4649,California
Merced,2021-01-19,713,6113,589,3885,124,2228,0,0,540,4256,173,940,547,5196,California
Merced,2021-01-20,573,6686,468,4353,105,2333,0,0,516,4718,57,997,519,5715,California
Merced,2021-01-21,1021,7707,653,5006,368,2701,0,0,919,5538,102,1099,922,6637,California
Merced,2021-01-22,1316,9023,695,5701,621,3322,0,0,1288,6811,27,1126,1300,7937,California
Merced,2021-01-23,325,9348,198,5899,127,3449,0,0,218,6922,107,1233,218,8155,California
Merced,2021-01-24,37,9385,15,5914,22,3471,0,0,28,6942,8,1241,28,8183,California
Merced,2021-01-25,731,10116,242,6156,489,3960,0,0,669,7551,61,1302,670,8853,California
Merced,2021-01-26,933,11049,487,6643,446,4406,0,0,676,7999,229,1531,677,9530,California
Merced,2021-01-27,988,12037,588,7231,400,4806,0,0,816,8646,170,1701,817,10347,California
Merced,2021-01-28,1141,13178,595,7826,546,5352,0,0,1017,9542,123,1824,1019,11366,California
Merced,2021-01-29,850,14028,319,8145,531,5883,0,0,596,9899,242,2066,599,11965,California
Merced,2021-01-30,263,14291,28,8173,235,6118,0,0,246,10128,17,2083,246,12211,California
Merced,2021-01-31,47,14338,11,8184,36,6154,0,0,46,10173,1,2084,46,12257,California
Merced,2021-02-01,379,14717,51,8235,328,6482,0,0,327,10450,51,2135,328,12585,California
Merced,2021-02-02,308,15025,182,8417,126,6608,0,0,179,10505,126,2261,181,12766,California
Merced,2021-02-03,350,15375,72,8489,278,6886,0,0,169,10492,182,2443,169,12935,California
Merced,2021-02-04,374,15749,148,8637,226,7112,0,0,241,10602,132,2575,242,13177,California
Merced,2021-02-05,514,16263,173,8810,341,7453,0,0,273,10638,239,2814,275,13452,California
Merced,2021-02-06,391,16654,220,9030,171,7624,0,0,246,10744,142,2956,248,13700,California
Merced,2021-02-07,21,16675,13,9043,8,7632,0,0,14,10751,7,2963,14,13714,California
Merced,2021-02-08,283,16958,198,9241,85,7717,0,0,171,10813,110,3073,172,13886,California
Merced,2021-02-09,1219,18177,955,10196,264,7981,0,0,771,11146,440,3513,773,14659,California
Merced,2021-02-10,1873,20050,1437,11633,436,8417,0,0,1276,11835,587,4100,1276,15935,California
Merced,2021-02-11,2514,22564,2014,13647,500,8917,0,0,1818,12970,684,4784,1819,17754,California
Merced,2021-02-12,1726,24290,1023,14670,703,9620,0,0,750,12765,958,5742,753,18507,California
Merced,2021-02-13,363,24653,208,14878,155,9775,0,0,264,12936,95,5837,266,18773,California
Merced,2021-02-14,117,24770,26,14904,91,9866,0,0,95,13010,22,5859,96,18869,California
Merced,2021-02-15,275,25045,42,14946,233,10099,0,0,169,13081,99,5958,170,19039,California
Merced,2021-02-16,1220,26265,847,15793,373,10472,0,0,834,13554,367,6325,840,19879,California
Merced,2021-02-17,1890,28155,1644,17437,246,10718,0,0,1315,14319,559,6884,1324,21203,California
Merced,2021-02-18,1222,29377,825,18262,397,11115,0,0,405,13933,796,7680,410,21613,California
Merced,2021-02-19,1268,30645,418,18680,850,11965,0,0,537,13748,725,8405,540,22153,California
Merced,2021-02-20,280,30925,33,18713,247,12212,0,0,141,13753,137,8542,142,22295,California
Merced,2021-02-21,77,31002,62,18775,15,12227,0,0,30,13739,45,8587,31,22326,California
Merced,2021-02-22,834,31836,296,19071,538,12765,0,0,480,13870,352,8939,483,22809,California
Merced,2021-02-23,1090,32926,423,19494,667,13432,0,0,639,14068,445,9384,643,23452,California
Merced,2021-02-24,825,33751,306,19800,519,13951,0,0,451,14158,364,9748,454,23906,California
Merced,2021-02-25,1779,35530,884,20684,895,14846,0,0,1316,15024,459,10207,1325,25231,California
Merced,2021-02-26,2164,37694,1385,22069,779,15625,0,0,1739,16353,416,10623,1745,26976,California
Merced,2021-02-27,2616,40310,1186,23255,1430,17055,0,0,2327,18394,287,10910,2328,29304,California
Merced,2021-02-28,314,40624,75,23330,238,17293,1,1,255,18596,55,10965,257,29561,California
Merced,2021-03-01,1145,41769,284,23614,860,18153,1,2,779,19028,356,11321,788,30349,California
Merced,2021-03-02,1760,43529,912,24526,847,19000,1,3,1363,20008,388,11709,1368,31717,California
Merced,2021-03-03,2241,45770,1740,26266,500,19500,1,4,1474,20738,748,12457,1478,33195,California
Merced,2021-03-04,2904,48674,2280,28546,622,20122,2,6,1919,21700,967,13424,1929,35124,California
Merced,2021-03-05,2078,50752,1198,29744,856,20978,24,30,1531,22726,532,13956,1558,36682,California
Merced,2021-03-06,1169,51921,664,30408,483,21461,22,52,908,23401,260,14216,935,37617,California
Merced,2021-03-07,230,52151,66,30474,139,21600,25,77,201,23598,29,14245,226,37843,California
Merced,2021-03-08,1411,53562,812,31286,534,22134,65,142,1192,24638,218,14463,1258,39101,California
Merced,2021-03-09,1758,55320,1025,32311,625,22759,108,250,1102,25202,648,15111,1212,40313,California
Merced,2021-03-10,2745,58065,1888,34199,657,23416,200,450,1627,25935,1103,16214,1836,42149,California
Merced,2021-03-11,1980,60045,715,34914,1064,24480,201,651,1225,26647,738,16952,1450,43599,California
Merced,2021-03-12,2237,62282,907,35821,1059,25539,271,922,1490,27680,742,17694,1775,45374,California
Merced,2021-03-13,1024,63306,318,36139,466,26005,240,1162,710,28324,306,18000,950,46324,California
Merced,2021-03-14,250,63556,137,36276,83,26088,30,1192,150,28405,99,18099,180,46504,California
Merced,2021-03-15,1534,65090,499,36775,779,26867,256,1448,1009,29152,517,18616,1264,47768,California
Merced,2021-03-16,1475,66565,718,37493,530,27397,227,1675,978,29875,485,19101,1208,48976,California
Merced,2021-03-17,2003,68568,1082,38575,740,28137,181,1856,1531,31128,462,19563,1715,50691,California
Merced,2021-03-18,2135,70703,1262,39837,725,28862,148,2004,1394,31959,726,20289,1557,52248,California
Merced,2021-03-19,2681,73384,1464,41301,1022,29884,195,2199,1393,32268,1278,21567,1587,53835,California
Merced,2021-03-20,2455,75839,1528,42829,532,30416,395,2594,959,32138,1491,23058,1361,55196,California
Merced,2021-03-21,560,76399,344,43173,202,30618,14,2608,438,32471,121,23179,454,55650,California
Merced,2021-03-22,1270,77669,635,43808,559,31177,76,2684,888,33068,373,23552,970,56620,California
Merced,2021-03-23,1895,79564,1158,44966,671,31848,66,2750,1363,34014,524,24076,1470,58090,California
Merced,2021-03-24,1484,81048,936,45902,513,32361,35,2785,994,34566,483,24559,1035,59125,California
Merced,2021-03-25,3347,84395,2293,48195,1031,33392,23,2808,2096,35454,1238,25797,2126,61251,California
Merced,2021-03-26,1960,86355,1103,49298,821,34213,36,2844,894,35346,1051,26848,943,62194,California
Merced,2021-03-27,3583,89938,1917,51215,1243,35456,423,3267,1555,35320,2013,28861,1987,64181,California
Merced,2021-03-28,522,90460,215,51430,300,35756,7,3274,213,35236,306,29167,222,64403,California
Merced,2021-03-29,1844,92304,784,52214,891,36647,169,3443,674,34925,1161,30328,850,65253,California
Merced,2021-03-30,2168,94472,810,53024,1299,37946,59,3502,996,34823,1166,31494,1064,66317,California
Merced,2021-03-31,2163,96635,1411,54435,711,38657,41,3543,958,34638,1187,32681,1002,67319,California
Merced,2021-04-01,2362,98997,1056,55491,1176,39833,130,3673,1057,34536,1291,33972,1189,68508,California
Merced,2021-04-02,2353,101350,643,56134,1303,41136,407,4080,786,34193,1549,35521,1206,69714,California
Merced,2021-04-03,1092,102442,602,56736,471,41607,19,4099,663,34465,419,35940,691,70405,California
Merced,2021-04-04,373,102815,143,56879,226,41833,4,4103,143,34385,229,36169,149,70554,California
Merced,2021-04-05,1282,104097,610,57489,459,42292,213,4316,402,34146,872,37041,633,71187,California
Merced,2021-04-06,2434,106531,900,58389,704,42996,830,5146,878,34321,1551,38592,1726,72913,California
Merced,2021-04-07,1682,108213,900,59289,674,43670,108,5254,576,33937,1087,39679,703,73616,California
Merced,2021-04-08,2478,110691,1333,60622,928,44598,217,5471,986,33679,1459,41138,1201,74817,California
Merced,2021-04-09,1709,112400,479,61101,652,45250,578,6049,558,33696,1131,42269,1148,75965,California
Merced,2021-04-10,984,113384,371,61472,425,45675,188,6237,175,33256,803,43072,363,76328,California
Merced,2021-04-11,488,113872,281,61753,72,45747,135,6372,147,33200,339,43411,283,76611,California
Merced,2021-04-12,1516,115388,992,62745,400,46147,124,6496,867,33586,609,44020,995,77606,California
Merced,2021-04-13,2055,117443,1469,64214,584,46731,2,6498,934,33508,1027,45047,949,78555,California
Merced,2021-04-14,2239,119682,1395,65609,844,47575,0,6498,1043,33502,1062,46109,1056,79611,California
Merced,2021-04-15,3038,122720,1989,67598,1049,48624,0,6498,939,32603,1863,47972,964,80575,California
Merced,2021-04-16,2392,125112,1169,68767,1223,49847,0,6498,958,32244,1330,49302,971,81546,California
Merced,2021-04-17,2109,127221,1450,70217,658,50505,1,6499,664,31500,1437,50739,693,82239,California
Merced,2021-04-18,478,127699,252,70469,226,50731,0,6499,191,31435,259,50998,194,82433,California
Merced,2021-04-19,1352,129051,753,71222,599,51330,0,6499,706,31601,547,51545,713,83146,California
Merced,2021-04-20,1491,130542,744,71966,747,52077,0,6499,787,31773,632,52177,804,83950,California
Merced,2021-04-21,1540,132082,930,72896,610,52687,0,6499,773,31903,653,52830,783,84733,California
Merced,2021-04-22,1642,133724,747,73643,895,53582,0,6499,768,31904,783,53613,784,85517,California
Merced,2021-04-23,1666,135390,690,74333,976,54558,0,6499,895,32080,723,54336,899,86416,California
Merced,2021-04-24,878,136268,703,75036,175,54733,0,6499,551,32313,322,54658,555,86971,California
Merced,2021-04-25,332,136600,192,75228,140,54873,0,6499,192,32373,136,54794,196,87167,California
Merced,2021-04-26,1235,137835,534,75762,701,55574,0,6499,634,32452,564,55358,643,87810,California
Merced,2021-04-27,1797,139632,901,76663,884,56458,12,6511,717,32175,1010,56368,733,88543,California
Merced,2021-04-28,1384,141016,684,77347,692,57150,8,6519,787,32403,572,56940,800,89343,California
Merced,2021-04-29,1468,142484,645,77992,798,57948,25,6544,698,32372,760,57700,729,90072,California
Merced,2021-04-30,1474,143958,621,78613,809,58757,44,6588,754,32460,713,58413,801,90873,California
Merced,2021-05-01,564,144522,242,78855,318,59075,4,6592,264,32432,295,58708,267,91140,California
Merced,2021-05-02,299,144821,122,78977,162,59237,15,6607,125,32407,173,58881,148,91288,California
Merced,2021-05-03,854,145675,557,79534,226,59463,71,6678,307,32245,543,59424,381,91669,California
Merced,2021-05-04,1028,146703,547,80081,429,59892,52,6730,376,32031,646,60070,432,92101,California
Merced,2021-05-05,1393,148096,892,80973,425,60317,76,6806,613,31955,767,60837,691,92792,California
Merced,2021-05-06,927,149023,484,81457,393,60710,50,6856,303,31693,617,61454,355,93147,California
Merced,2021-05-07,1142,150165,497,81954,603,61313,42,6898,431,31467,705,62159,479,93626,California
Merced,2021-05-08,400,150565,203,82157,161,61474,36,6934,184,31472,215,62374,220,93846,California
Merced,2021-05-09,213,150778,106,82263,100,61574,7,6941,101,31469,111,62485,108,93954,California
Merced,2021-05-10,700,151478,357,82620,306,61880,37,6978,191,31191,507,62992,229,94183,California
Merced,2021-05-11,1152,152630,684,83304,411,62291,57,7035,446,30993,701,63693,503,94686,California
Merced,2021-05-12,1092,153722,623,83927,427,62718,42,7077,378,30703,711,64404,421,95107,California
Merced,2021-05-13,887,154609,479,84406,366,63084,42,7119,372,30607,510,64914,414,95521,California
Merced,2021-05-14,1035,155644,624,85030,371,63455,40,7159,542,30703,487,65401,583,96104,California
Merced,2021-05-15,763,156407,577,85607,167,63622,19,7178,450,30873,301,65702,471,96575,California
Merced,2021-05-16,350,156757,234,85841,108,63730,8,7186,198,30930,150,65852,207,96782,California
Merced,2021-05-17,1100,157857,715,86556,355,64085,30,7216,540,30948,553,66405,571,97353,California
Merced,2021-05-18,1283,159140,857,87413,395,64480,31,7247,727,31158,549,66954,759,98112,California
Merced,2021-05-19,1115,160255,758,88171,350,64830,7,7254,625,31308,487,67441,637,98749,California
Merced,2021-05-20,1059,161314,560,88731,443,65273,56,7310,408,31125,649,68090,466,99215,California
Merced,2021-05-21,1196,162510,687,89418,481,65754,28,7338,495,30960,690,68780,525,99740,California
Merced,2021-05-22,761,163271,549,89967,199,65953,13,7351,459,31135,300,69080,475,100215,California
Merced,2021-05-23,339,163610,238,90205,88,66041,13,7364,225,31260,113,69193,238,100453,California
Merced,2021-05-24,603,164213,252,90457,321,66362,30,7394,227,31148,371,69564,259,100712,California
Merced,2021-05-25,770,164983,435,90892,301,66663,34,7428,403,31221,363,69927,436,101148,California
Merced,2021-05-26,990,165973,558,91450,399,67062,33,7461,414,31095,574,70501,448,101596,California
Merced,2021-05-27,926,166899,653,92103,239,67301,34,7495,568,31344,354,70855,603,102199,California
Merced,2021-05-28,766,167665,348,92451,372,67673,46,7541,336,31305,421,71276,382,102581,California
Merced,2021-05-29,392,168057,272,92723,112,67785,8,7549,172,31269,217,71493,181,102762,California
Merced,2021-05-30,215,168272,146,92869,58,67843,11,7560,135,31335,80,71573,146,102908,California
Merced,2021-05-31,111,168383,25,92894,80,67923,6,7566,32,31297,77,71650,39,102947,California
Merced,2021-06-01,865,169248,542,93436,291,68214,32,7598,351,31171,509,72159,383,103330,California
Merced,2021-06-02,746,169994,485,93921,235,68449,26,7624,367,31192,372,72531,393,103723,California
Merced,2021-06-03,759,170753,482,94403,243,68692,34,7658,337,31146,416,72947,370,104093,California
Merced,2021-06-04,791,171544,450,94853,319,69011,22,7680,328,31041,457,73404,352,104445,California
Merced,2021-06-05,494,172038,389,95242,94,69105,11,7691,184,30931,305,73709,195,104640,California
Merced,2021-06-06,225,172263,189,95431,30,69135,6,7697,85,30882,140,73849,91,104731,California
Merced,2021-06-07,659,172922,527,95958,119,69254,13,7710,196,30630,463,74312,211,104942,California
Merced,2021-06-08,860,173782,638,96596,198,69452,24,7734,276,30350,580,74892,300,105242,California
Merced,2021-06-09,783,174565,647,97243,121,69573,15,7749,239,30069,535,75427,254,105496,California
Merced,2021-06-10,646,175211,446,97689,180,69753,20,7769,269,29988,370,75797,289,105785,California
Merced,2021-06-11,568,175779,358,98047,195,69948,15,7784,237,29914,328,76125,254,106039,California
Merced,2021-06-12,579,176358,473,98520,83,70031,23,7807,175,29709,403,76528,198,106237,California
Merced,2021-06-13,256,176614,134,98654,117,70148,5,7812,68,29594,188,76716,73,106310,California
Merced,2021-06-14,547,177161,358,99012,156,70304,33,7845,256,29595,289,77005,290,106600,California
Merced,2021-06-15,786,177947,557,99569,202,70506,27,7872,271,29387,507,77512,299,106899,California
Merced,2021-06-16,668,178615,447,100016,199,70705,22,7894,320,29391,338,77850,342,107241,California
Merced,2021-06-17,733,179348,557,100573,145,70850,31,7925,235,29167,490,78340,266,107507,California
Merced,2021-06-18,757,180105,496,101069,231,71081,30,7955,384,29215,366,78706,414,107921,California
Merced,2021-06-19,363,180468,249,101318,87,71168,27,7982,196,29273,165,78871,223,108144,California
Merced,2021-06-20,238,180706,184,101502,46,71214,8,7990,140,29324,97,78968,148,108292,California
Merced,2021-06-21,317,181023,191,101693,116,71330,10,8000,197,29412,119,79087,207,108499,California
Merced,2021-06-22,503,181526,349,102042,136,71466,18,8018,249,29426,254,79341,268,108767,California
Merced,2021-06-23,271,181797,115,102157,147,71613,9,8027,138,29445,129,79470,148,108915,California
Merced,2021-06-24,136,181933,82,102239,47,71660,7,8034,53,29423,82,79552,60,108975,California
Merced,2021-06-25,177,182110,93,102332,69,71729,15,8049,93,29450,81,79633,108,109083,California
Merced,2021-06-26,85,182195,58,102390,23,71752,4,8053,38,29447,45,79678,42,109125,California
Merced,2021-06-27,67,182262,46,102436,18,71770,3,8056,37,29457,30,79708,40,109165,California
Modoc,2020-12-16,1,1,1,1,0,0,0,0,1,1,0,0,1,1,California
Modoc,2020-12-21,99,100,99,100,0,0,0,0,99,100,0,0,99,100,California
Modoc,2020-12-22,14,114,14,114,0,0,0,0,14,114,0,0,14,114,California
Modoc,2020-12-23,4,118,4,118,0,0,0,0,4,118,0,0,4,118,California
Modoc,2020-12-24,1,119,1,119,0,0,0,0,1,119,0,0,1,119,California
Modoc,2020-12-28,2,121,2,121,0,0,0,0,2,121,0,0,2,121,California
Modoc,2020-12-29,10,131,1,122,9,9,0,0,10,131,0,0,10,131,California
Modoc,2020-12-30,7,138,0,122,7,16,0,0,7,138,0,0,7,138,California
Modoc,2021-01-02,3,141,1,123,2,18,0,0,3,141,0,0,3,141,California
Modoc,2021-01-04,8,149,0,123,8,26,0,0,8,149,0,0,8,149,California
Modoc,2021-01-05,3,152,2,125,1,27,0,0,3,152,0,0,3,152,California
Modoc,2021-01-06,3,155,2,127,1,28,0,0,2,153,1,1,2,154,California
Modoc,2021-01-07,72,227,0,127,72,100,0,0,72,225,0,1,72,226,California
Modoc,2021-01-08,105,332,0,127,105,205,0,0,105,330,0,1,105,331,California
Modoc,2021-01-10,1,333,1,128,0,205,0,0,0,329,1,2,0,331,California
Modoc,2021-01-11,90,423,81,209,9,214,0,0,19,277,71,73,19,350,California
Modoc,2021-01-12,94,517,25,234,69,283,0,0,68,319,26,99,68,418,California
Modoc,2021-01-13,24,541,4,238,20,303,0,0,22,339,2,101,22,440,California
Modoc,2021-01-14,129,670,6,244,123,426,0,0,124,458,5,106,124,564,California
Modoc,2021-01-15,6,676,1,245,5,431,0,0,6,464,0,106,6,570,California
Modoc,2021-01-16,2,678,1,246,1,432,0,0,2,466,0,106,2,572,California
Modoc,2021-01-18,3,681,1,247,2,434,0,0,3,469,0,106,3,575,California
Modoc,2021-01-19,5,686,3,250,2,436,0,0,3,470,2,108,3,578,California
Modoc,2021-01-20,11,697,1,251,10,446,0,0,11,481,0,108,11,589,California
Modoc,2021-01-21,157,854,2,253,155,601,0,0,157,638,0,108,157,746,California
Modoc,2021-01-22,2,856,0,253,2,603,0,0,2,640,0,108,2,748,California
Modoc,2021-01-25,11,867,0,253,11,614,0,0,11,651,0,108,11,759,California
Modoc,2021-01-26,65,932,1,254,64,678,0,0,65,716,0,108,65,824,California
Modoc,2021-01-27,42,974,3,257,39,717,0,0,26,726,16,124,26,850,California
Modoc,2021-01-28,146,1120,2,259,144,861,0,0,145,870,1,125,145,995,California
Modoc,2021-01-29,3,1123,1,260,2,863,0,0,3,873,0,125,3,998,California
Modoc,2021-02-01,26,1149,13,273,13,876,0,0,12,871,14,139,12,1010,California
Modoc,2021-02-02,170,1319,2,275,168,1044,0,0,167,1035,3,142,167,1177,California
Modoc,2021-02-03,18,1337,13,288,5,1049,0,0,11,1039,7,149,11,1188,California
Modoc,2021-02-04,155,1492,4,292,151,1200,0,0,27,938,128,277,27,1215,California
Modoc,2021-02-05,2,1494,2,294,0,1200,0,0,1,938,1,278,1,1216,California
Modoc,2021-02-08,9,1503,2,296,7,1207,0,0,8,945,1,279,8,1224,California
Modoc,2021-02-09,197,1700,13,309,184,1391,0,0,65,878,132,411,65,1289,California
Modoc,2021-02-10,5,1705,2,311,3,1394,0,0,4,881,1,412,4,1293,California
Modoc,2021-02-11,201,1906,3,314,198,1592,0,0,83,846,118,530,83,1376,California
Modoc,2021-02-12,4,1910,0,314,4,1596,0,0,2,846,2,532,2,1378,California
Modoc,2021-02-13,2,1912,0,314,2,1598,0,0,1,846,1,533,1,1379,California
Modoc,2021-02-16,147,2059,6,320,141,1739,0,0,141,981,6,539,141,1520,California
Modoc,2021-02-17,25,2084,2,322,23,1762,0,0,12,980,13,552,12,1532,California
Modoc,2021-02-18,187,2271,2,324,185,1947,0,0,23,842,163,715,25,1557,California
Modoc,2021-02-19,3,2274,3,327,0,1947,0,0,2,843,1,716,2,1559,California
Modoc,2021-02-20,1,2275,1,328,0,1947,0,0,0,842,1,717,0,1559,California
Modoc,2021-02-22,17,2292,9,337,8,1955,0,0,3,831,14,731,3,1562,California
Modoc,2021-02-23,20,2312,2,339,18,1973,0,0,1,813,19,750,1,1563,California
Modoc,2021-02-24,91,2403,1,340,90,2063,0,0,31,784,60,810,31,1594,California
Modoc,2021-02-25,169,2572,0,340,169,2232,0,0,12,639,157,967,12,1606,California
Modoc,2021-02-26,3,2575,0,340,3,2235,0,0,1,638,2,969,1,1607,California
Modoc,2021-02-27,4,2579,4,344,0,2235,0,0,2,638,2,971,2,1609,California
Modoc,2021-03-01,6,2585,0,344,6,2241,0,0,1,635,4,975,1,1610,California
Modoc,2021-03-02,193,2778,12,356,181,2422,0,0,26,494,167,1142,26,1636,California
Modoc,2021-03-03,12,2790,6,362,6,2428,0,0,2,486,10,1152,2,1638,California
Modoc,2021-03-04,174,2964,2,364,172,2600,0,0,147,606,27,1179,147,1785,California
Modoc,2021-03-05,3,2967,3,367,0,2600,0,0,2,607,1,1180,2,1787,California
Modoc,2021-03-06,11,2978,0,367,1,2601,10,10,1,608,10,1190,11,1798,California
Modoc,2021-03-07,8,2986,2,369,0,2601,6,16,2,610,6,1196,8,1806,California
Modoc,2021-03-08,8,2994,1,370,3,2604,4,20,1,609,6,1202,5,1811,California
Modoc,2021-03-09,127,3121,10,380,108,2712,9,29,61,613,66,1268,70,1881,California
Modoc,2021-03-10,9,3130,3,383,2,2714,4,33,4,616,5,1273,8,1889,California
Modoc,2021-03-11,207,3337,0,383,99,2813,108,141,22,561,185,1458,130,2019,California
Modoc,2021-03-12,10,3347,1,384,4,2817,5,146,4,564,6,1464,9,2028,California
Modoc,2021-03-13,4,3351,0,384,1,2818,3,149,1,565,3,1467,4,2032,California
Modoc,2021-03-15,12,3363,1,385,10,2828,1,150,10,574,2,1469,11,2043,California
Modoc,2021-03-16,173,3536,1,386,168,2996,4,154,42,488,131,1600,45,2088,California
Modoc,2021-03-17,10,3546,1,387,4,3000,5,159,2,487,8,1608,7,2095,California
Modoc,2021-03-18,66,3612,2,389,57,3057,7,166,34,496,32,1640,41,2136,California
Modoc,2021-03-19,5,3617,0,389,0,3057,5,171,0,496,5,1645,5,2141,California
Modoc,2021-03-20,5,3622,2,391,0,3057,3,174,0,494,5,1650,3,2144,California
Modoc,2021-03-21,3,3625,1,392,0,3057,2,176,1,495,2,1652,3,2147,California
Modoc,2021-03-22,17,3642,1,393,11,3068,5,181,12,507,5,1657,17,2164,California
Modoc,2021-03-23,37,3679,7,400,27,3095,3,184,28,529,9,1666,31,2195,California
Modoc,2021-03-24,29,3708,1,401,18,3113,10,194,1,512,28,1694,11,2206,California
Modoc,2021-03-25,77,3785,1,402,74,3187,2,196,45,527,32,1726,47,2253,California
Modoc,2021-03-26,7,3792,2,404,2,3189,3,199,2,527,5,1731,5,2258,California
Modoc,2021-03-27,2,3794,0,404,1,3190,1,200,1,528,1,1732,2,2260,California
Modoc,2021-03-28,2,3796,1,405,0,3190,1,201,0,527,2,1734,1,2261,California
Modoc,2021-03-29,14,3810,1,406,5,3195,8,209,5,531,9,1743,13,2274,California
Modoc,2021-03-30,54,3864,9,415,38,3233,7,216,20,524,34,1777,27,2301,California
Modoc,2021-03-31,10,3874,3,418,3,3236,4,220,4,526,6,1783,8,2309,California
Modoc,2021-04-01,167,4041,2,420,160,3396,5,225,32,428,135,1918,37,2346,California
Modoc,2021-04-02,5,4046,0,420,2,3398,3,228,1,429,3,1921,4,2350,California
Modoc,2021-04-03,5,4051,2,422,0,3398,3,231,2,431,2,1923,4,2354,California
Modoc,2021-04-05,9,4060,0,422,9,3407,0,231,9,440,0,1923,9,2363,California
Modoc,2021-04-06,24,4084,5,427,9,3416,10,241,6,438,18,1941,16,2379,California
Modoc,2021-04-07,12,4096,1,428,4,3420,7,248,3,439,9,1950,10,2389,California
Modoc,2021-04-08,95,4191,1,429,92,3512,2,250,26,398,69,2019,28,2417,California
Modoc,2021-04-09,11,4202,2,431,6,3518,3,253,2,393,9,2028,4,2421,California
Modoc,2021-04-10,5,4207,0,431,1,3519,4,257,0,392,5,2033,4,2425,California
Modoc,2021-04-11,2,4209,2,433,0,3519,0,257,1,392,1,2034,1,2426,California
Modoc,2021-04-12,14,4223,0,433,10,3529,4,261,1,386,11,2045,5,2431,California
Modoc,2021-04-13,30,4253,29,462,1,3530,0,261,21,398,9,2054,21,2452,California
Modoc,2021-04-14,2,4255,2,464,0,3530,0,261,1,398,1,2055,1,2453,California
Modoc,2021-04-15,100,4355,0,464,100,3630,0,261,27,353,72,2127,27,2480,California
Modoc,2021-04-16,4,4359,4,468,0,3630,0,261,3,355,1,2128,3,2483,California
Modoc,2021-04-17,2,4361,2,470,0,3630,0,261,2,357,0,2128,2,2485,California
Modoc,2021-04-18,1,4362,0,470,1,3631,0,261,1,358,0,2128,1,2486,California
Modoc,2021-04-19,7,4369,0,470,7,3638,0,261,2,355,5,2133,2,2488,California
Modoc,2021-04-20,26,4395,2,472,24,3662,0,261,8,345,18,2151,8,2496,California
Modoc,2021-04-21,3,4398,3,475,0,3662,0,261,1,344,2,2153,1,2497,California
Modoc,2021-04-22,95,4493,1,476,94,3756,0,261,38,325,57,2210,38,2535,California
Modoc,2021-04-23,4,4497,0,476,4,3760,0,261,3,327,1,2211,3,2538,California
Modoc,2021-04-24,2,4499,0,476,1,3761,1,262,1,328,1,2212,2,2540,California
Modoc,2021-04-25,1,4500,1,477,0,3761,0,262,1,329,0,2212,1,2541,California
Modoc,2021-04-26,7,4507,0,477,7,3768,0,262,2,326,5,2217,2,2543,California
Modoc,2021-04-27,5,4512,4,481,0,3768,1,263,0,322,5,2222,1,2544,California
Modoc,2021-04-28,7,4519,1,482,5,3773,1,264,2,320,5,2227,3,2547,California
Modoc,2021-04-29,63,4582,2,484,61,3834,0,264,22,301,41,2268,22,2569,California
Modoc,2021-04-30,4,4586,3,487,1,3835,0,264,2,301,2,2270,2,2571,California
Modoc,2021-05-01,1,4587,1,488,0,3835,0,264,0,300,1,2271,0,2571,California
Modoc,2021-05-02,4,4591,3,491,1,3836,0,264,3,302,1,2272,3,2574,California
Modoc,2021-05-03,11,4602,0,491,10,3846,1,265,1,294,10,2282,2,2576,California
Modoc,2021-05-04,11,4613,3,494,6,3852,2,267,5,295,6,2288,7,2583,California
Modoc,2021-05-05,27,4640,24,518,2,3854,1,268,8,285,19,2307,9,2592,California
Modoc,2021-05-06,54,4694,3,521,49,3903,2,270,21,275,33,2340,23,2615,California
Modoc,2021-05-07,8,4702,3,524,3,3906,2,272,2,273,6,2346,4,2619,California
Modoc,2021-05-08,3,4705,2,526,0,3906,1,273,1,273,2,2348,2,2621,California
Modoc,2021-05-09,1,4706,1,527,0,3906,0,273,0,272,1,2349,0,2621,California
Modoc,2021-05-10,2,4708,0,527,1,3907,1,274,1,273,1,2350,2,2623,California
Modoc,2021-05-11,3,4711,2,529,0,3907,1,275,0,271,3,2353,1,2624,California
Modoc,2021-05-12,2,4713,0,529,0,3907,2,277,0,271,2,2355,2,2626,California
Modoc,2021-05-13,42,4755,0,529,38,3945,4,281,14,261,28,2383,18,2644,California
Modoc,2021-05-14,8,4763,3,532,0,3945,5,286,3,264,5,2388,8,2652,California
Modoc,2021-05-15,4,4767,3,535,1,3946,0,286,4,268,0,2388,4,2656,California
Modoc,2021-05-16,3,4770,1,536,2,3948,0,286,1,267,2,2390,1,2657,California
Modoc,2021-05-17,5,4775,3,539,2,3950,0,286,4,270,1,2391,4,2661,California
Modoc,2021-05-18,23,4798,12,551,9,3959,2,288,14,277,9,2400,16,2677,California
Modoc,2021-05-19,9,4807,2,553,3,3962,4,292,5,282,4,2404,9,2686,California
Modoc,2021-05-20,59,4866,3,556,47,4009,9,301,8,248,51,2455,17,2703,California
Modoc,2021-05-21,6,4872,4,560,1,4010,1,302,1,245,5,2460,2,2705,California
Modoc,2021-05-22,2,4874,2,562,0,4010,0,302,1,245,1,2461,1,2706,California
Modoc,2021-05-23,2,4876,2,564,0,4010,0,302,0,243,2,2463,0,2706,California
Modoc,2021-05-24,4,4880,1,565,1,4011,2,304,2,245,2,2465,4,2710,California
Modoc,2021-05-25,2,4882,1,566,1,4012,0,304,1,245,1,2466,1,2711,California
Modoc,2021-05-26,35,4917,32,598,3,4015,0,304,25,261,10,2476,26,2737,California
Modoc,2021-05-27,28,4945,1,599,22,4037,5,309,6,250,22,2498,11,2748,California
Modoc,2021-05-28,8,4953,1,600,4,4041,3,312,3,251,5,2503,6,2754,California
Modoc,2021-05-29,1,4954,1,601,0,4041,0,312,0,250,1,2504,0,2754,California
Modoc,2021-06-01,7,4961,0,601,6,4047,1,313,2,248,5,2509,3,2757,California
Modoc,2021-06-02,7,4968,0,601,5,4052,2,315,4,251,3,2512,6,2763,California
Modoc,2021-06-03,25,4993,1,602,22,4074,2,317,4,236,21,2533,6,2769,California
Modoc,2021-06-04,5,4998,3,605,1,4075,1,318,0,232,5,2538,1,2770,California
Modoc,2021-06-05,1,4999,0,605,1,4076,0,318,0,231,1,2539,0,2770,California
Modoc,2021-06-07,4,5003,4,609,0,4076,0,318,1,229,3,2542,1,2771,California
Modoc,2021-06-08,26,5029,7,616,18,4094,1,319,19,242,7,2549,20,2791,California
Modoc,2021-06-09,3,5032,2,618,1,4095,0,319,2,243,1,2550,2,2793,California
Modoc,2021-06-10,21,5053,1,619,19,4114,1,320,7,237,14,2564,8,2801,California
Modoc,2021-06-11,5,5058,3,622,1,4115,1,321,2,237,3,2567,3,2804,California
Modoc,2021-06-12,2,5060,1,623,1,4116,0,321,0,235,2,2569,0,2804,California
Modoc,2021-06-14,4,5064,0,623,2,4118,2,323,0,233,4,2573,2,2806,California
Modoc,2021-06-15,6,5070,0,623,4,4122,2,325,3,235,3,2576,5,2811,California
Modoc,2021-06-16,41,5111,25,648,11,4133,5,330,22,245,19,2595,29,2840,California
Modoc,2021-06-17,46,5157,20,668,25,4158,1,331,27,254,19,2614,28,2868,California
Modoc,2021-06-18,3,5160,0,668,1,4159,2,333,1,255,2,2616,3,2871,California
Modoc,2021-06-19,3,5163,0,668,1,4160,2,335,1,256,2,2618,3,2874,California
Modoc,2021-06-21,1,5164,0,668,1,4161,0,335,1,257,0,2618,1,2875,California
Modoc,2021-06-22,7,5171,0,668,7,4168,0,335,5,260,2,2620,5,2880,California
Modoc,2021-06-23,4,5175,0,668,3,4171,1,336,1,259,3,2623,2,2882,California
Modoc,2021-06-24,31,5206,14,682,14,4185,3,339,22,275,9,2632,25,2907,California
Modoc,2021-06-25,7,5213,0,682,5,4190,2,341,2,274,5,2637,4,2911,California
Mono,2020-12-18,1,1,1,1,0,0,0,0,1,1,0,0,1,1,California
Mono,2020-12-19,5,6,5,6,0,0,0,0,5,6,0,0,5,6,California
Mono,2020-12-20,7,13,7,13,0,0,0,0,7,13,0,0,7,13,California
Mono,2020-12-21,24,37,17,30,7,7,0,0,24,37,0,0,24,37,California
Mono,2020-12-22,66,103,65,95,1,8,0,0,66,103,0,0,66,103,California
Mono,2020-12-23,71,174,43,138,28,36,0,0,71,174,0,0,71,174,California
Mono,2020-12-24,3,177,1,139,2,38,0,0,3,177,0,0,3,177,California
Mono,2020-12-26,3,180,3,142,0,38,0,0,3,180,0,0,3,180,California
Mono,2020-12-27,1,181,0,142,1,39,0,0,1,181,0,0,1,181,California
Mono,2020-12-28,94,275,63,205,31,70,0,0,94,275,0,0,94,275,California
Mono,2020-12-29,29,304,29,234,0,70,0,0,29,304,0,0,29,304,California
Mono,2020-12-30,77,381,36,270,41,111,0,0,77,381,0,0,77,381,California
Mono,2020-12-31,4,385,1,271,3,114,0,0,4,385,0,0,4,385,California
Mono,2021-01-01,4,389,4,275,0,114,0,0,4,389,0,0,4,389,California
Mono,2021-01-02,2,391,2,277,0,114,0,0,2,391,0,0,2,391,California
Mono,2021-01-04,2,393,0,277,2,116,0,0,2,393,0,0,2,393,California
Mono,2021-01-05,45,438,2,279,43,159,0,0,44,436,1,1,44,437,California
Mono,2021-01-06,44,482,0,279,44,203,0,0,44,480,0,1,44,481,California
Mono,2021-01-07,55,537,3,282,52,255,0,0,53,532,2,3,54,535,California
Mono,2021-01-08,2,539,1,283,1,256,0,0,1,532,1,4,1,536,California
Mono,2021-01-09,4,543,4,287,0,256,0,0,0,528,4,8,0,536,California
Mono,2021-01-10,5,548,5,292,0,256,0,0,0,523,5,13,0,536,California
Mono,2021-01-11,8,556,5,297,3,259,0,0,4,523,4,17,4,540,California
Mono,2021-01-12,283,839,75,372,208,467,0,0,219,679,63,80,219,759,California
Mono,2021-01-13,234,1073,73,445,161,628,0,0,179,803,55,135,179,938,California
Mono,2021-01-14,74,1147,72,517,2,630,0,0,73,875,1,136,73,1011,California
Mono,2021-01-15,65,1212,3,520,62,692,0,0,65,940,0,136,65,1076,California
Mono,2021-01-16,4,1216,3,523,1,693,0,0,1,938,3,139,1,1077,California
Mono,2021-01-18,64,1280,55,578,9,702,0,0,2,878,62,201,2,1079,California
Mono,2021-01-19,211,1491,208,786,3,705,0,0,173,1014,38,239,174,1253,California
Mono,2021-01-20,234,1725,200,986,34,739,0,0,172,1124,62,301,172,1425,California
Mono,2021-01-21,4,1729,4,990,0,739,0,0,4,1128,0,301,4,1429,California
Mono,2021-01-22,4,1733,0,990,4,743,0,0,4,1132,0,301,4,1433,California
Mono,2021-01-23,591,2324,591,1581,0,743,0,0,590,1721,1,302,590,2023,California
Mono,2021-01-24,1,2325,0,1581,1,744,0,0,0,1720,1,303,0,2023,California
Mono,2021-01-25,200,2525,162,1743,38,782,0,0,161,1842,39,342,161,2184,California
Mono,2021-01-26,501,3026,499,2242,2,784,0,0,495,2331,6,348,495,2679,California
Mono,2021-01-27,4,3030,0,2242,4,788,0,0,4,2335,0,348,4,2683,California
Mono,2021-01-28,6,3036,2,2244,4,792,0,0,2,2333,4,352,2,2685,California
Mono,2021-01-30,199,3235,197,2441,2,794,0,0,198,2530,1,353,198,2883,California
Mono,2021-01-31,242,3477,137,2578,105,899,0,0,138,2564,104,457,138,3021,California
Mono,2021-02-01,27,3504,27,2605,0,899,0,0,0,2537,27,484,0,3021,California
Mono,2021-02-02,5,3509,0,2605,5,904,0,0,2,2536,3,487,2,3023,California
Mono,2021-02-03,4,3513,2,2607,2,906,0,0,2,2536,2,489,2,3025,California
Mono,2021-02-04,214,3727,159,2766,55,961,0,0,91,2506,121,610,91,3116,California
Mono,2021-02-05,612,4339,606,3372,6,967,0,0,609,3112,3,613,609,3725,California
Mono,2021-02-06,135,4474,134,3506,1,968,0,0,134,3245,1,614,134,3859,California
Mono,2021-02-07,2,4476,0,3506,2,970,0,0,2,3247,0,614,2,3861,California
Mono,2021-02-08,172,4648,172,3678,0,970,0,0,15,3106,156,770,15,3876,California
Mono,2021-02-09,230,4878,6,3684,224,1194,0,0,14,2904,216,986,14,3890,California
Mono,2021-02-10,541,5419,187,3871,354,1548,0,0,198,2760,343,1329,199,4089,California
Mono,2021-02-11,8,5427,5,3876,3,1551,0,0,3,2758,5,1334,3,4092,California
Mono,2021-02-12,89,5516,21,3897,68,1619,0,0,27,2723,62,1396,27,4119,California
Mono,2021-02-13,584,6100,584,4481,0,1619,0,0,24,2188,559,1955,24,4143,California
Mono,2021-02-15,167,6267,165,4646,2,1621,0,0,2,2027,163,2118,2,4145,California
Mono,2021-02-16,519,6786,515,5161,4,1625,0,0,45,1602,471,2589,46,4191,California
Mono,2021-02-17,6,6792,1,5162,5,1630,0,0,2,1600,4,2593,2,4193,California
Mono,2021-02-18,4,6796,2,5164,2,1632,0,0,3,1602,1,2594,3,4196,California
Mono,2021-02-19,55,6851,54,5218,1,1633,0,0,55,1657,0,2594,55,4251,California
Mono,2021-02-20,4,6855,4,5222,0,1633,0,0,4,1661,0,2594,4,4255,California
Mono,2021-02-21,6,6861,6,5228,0,1633,0,0,4,1663,2,2596,4,4259,California
Mono,2021-02-22,282,7143,281,5509,1,1634,0,0,24,1430,257,2853,24,4283,California
Mono,2021-02-23,138,7281,118,5627,20,1654,0,0,23,1338,115,2968,23,4306,California
Mono,2021-02-24,11,7292,3,5630,8,1662,0,0,4,1335,7,2975,4,4310,California
Mono,2021-02-25,5,7297,2,5632,3,1665,0,0,3,1337,1,2976,3,4313,California
Mono,2021-02-26,595,7892,593,6225,2,1667,0,0,21,785,573,3549,21,4334,California
Mono,2021-02-27,138,8030,134,6359,4,1671,0,0,4,657,132,3681,4,4338,California
Mono,2021-02-28,1,8031,0,6359,0,1671,1,1,0,657,1,3682,1,4339,California
Mono,2021-03-01,3,8034,2,6361,1,1672,0,1,2,659,0,3682,2,4341,California
Mono,2021-03-02,6,8040,4,6365,2,1674,0,1,4,661,2,3684,4,4345,California
Mono,2021-03-03,114,8154,3,6368,111,1785,0,1,110,768,3,3687,110,4455,California
Mono,2021-03-04,6,8160,2,6370,4,1789,0,1,3,768,3,3690,3,4458,California
Mono,2021-03-05,38,8198,28,6398,10,1799,0,1,14,758,24,3714,14,4472,California
Mono,2021-03-06,506,8704,18,6416,488,2287,0,1,497,1249,7,3721,498,4970,California
Mono,2021-03-07,1,8705,0,6416,1,2288,0,1,0,1248,1,3722,0,4970,California
Mono,2021-03-08,532,9237,11,6427,518,2806,3,4,522,1763,10,3732,525,5495,California
Mono,2021-03-09,6,9243,2,6429,3,2809,1,5,3,1765,2,3734,4,5499,California
Mono,2021-03-10,287,9530,91,6520,193,3002,3,8,8,1500,276,4010,11,5510,California
Mono,2021-03-11,10,9540,0,6520,1,3003,9,17,0,1499,10,4020,9,5519,California
Mono,2021-03-12,6,9546,1,6521,1,3004,4,21,0,1497,6,4026,4,5523,California
Mono,2021-03-13,820,10366,384,6905,436,3440,0,21,812,2301,8,4034,812,6335,California
Mono,2021-03-14,5,10371,5,6910,0,3440,0,21,1,2298,4,4038,1,6336,California
Mono,2021-03-15,31,10402,23,6933,3,3443,5,26,14,2301,16,4054,19,6355,California
Mono,2021-03-16,16,10418,6,6939,4,3447,6,32,8,2307,8,4062,14,6369,California
Mono,2021-03-17,33,10451,5,6944,20,3467,8,40,21,2324,12,4074,29,6398,California
Mono,2021-03-18,21,10472,2,6946,11,3478,8,48,8,2327,13,4087,16,6414,California
Mono,2021-03-19,21,10493,1,6947,17,3495,3,51,17,2344,3,4090,20,6434,California
Mono,2021-03-20,5,10498,3,6950,1,3496,1,52,4,2348,1,4091,5,6439,California
Mono,2021-03-21,1,10499,1,6951,0,3496,0,52,1,2349,0,4091,1,6440,California
Mono,2021-03-22,11,10510,0,6951,6,3502,5,57,5,2353,6,4097,10,6450,California
Mono,2021-03-23,43,10553,6,6957,32,3534,5,62,17,2349,26,4123,22,6472,California
Mono,2021-03-24,14,10567,1,6958,8,3542,5,67,5,2351,9,4132,11,6483,California
Mono,2021-03-25,19,10586,3,6961,12,3554,4,71,12,2360,7,4139,16,6499,California
Mono,2021-03-26,19,10605,3,6964,11,3565,5,76,10,2367,8,4147,15,6514,California
Mono,2021-03-27,352,10957,349,7313,3,3568,0,76,325,2665,27,4174,325,6839,California
Mono,2021-03-29,10,10967,3,7316,6,3574,1,77,8,2672,2,4176,9,6848,California
Mono,2021-03-30,12,10979,0,7316,8,3582,4,81,7,2678,5,4181,11,6859,California
Mono,2021-03-31,135,11114,7,7323,127,3709,1,82,23,2591,111,4292,24,6883,California
Mono,2021-04-01,9,11123,0,7323,8,3717,1,83,4,2591,5,4297,5,6888,California
Mono,2021-04-02,18,11141,2,7325,16,3733,0,83,7,2587,11,4308,7,6895,California
Mono,2021-04-03,863,12004,371,7696,492,4225,0,83,48,1823,812,5120,48,6943,California
Mono,2021-04-04,1,12005,1,7697,0,4225,0,83,0,1822,1,5121,0,6943,California
Mono,2021-04-05,529,12534,18,7715,510,4735,1,84,35,1365,493,5614,36,6979,California
Mono,2021-04-06,19,12553,1,7716,5,4740,13,97,1,1361,18,5632,14,6993,California
Mono,2021-04-07,23,12576,2,7718,2,4742,19,116,2,1361,21,5653,21,7014,California
Mono,2021-04-08,26,12602,4,7722,3,4745,19,135,6,1366,20,5673,25,7039,California
Mono,2021-04-09,38,12640,4,7726,5,4750,29,164,8,1373,30,5703,37,7076,California
Mono,2021-04-10,451,13091,2,7728,442,5192,7,171,30,989,421,6124,37,7113,California
Mono,2021-04-11,1,13092,1,7729,0,5192,0,171,0,988,1,6125,0,7113,California
Mono,2021-04-12,6,13098,0,7729,3,5195,3,174,3,991,3,6128,6,7119,California
Mono,2021-04-13,20,13118,3,7732,16,5211,1,175,14,1000,6,6134,15,7134,California
Mono,2021-04-14,26,13144,2,7734,24,5235,0,175,8,990,18,6152,8,7142,California
Mono,2021-04-15,18,13162,4,7738,14,5249,0,175,10,992,8,6160,10,7152,California
Mono,2021-04-16,18,13180,1,7739,17,5266,0,175,7,988,11,6171,7,7159,California
Mono,2021-04-17,52,13232,2,7741,50,5316,0,175,45,1026,7,6178,45,7204,California
Mono,2021-04-18,1,13233,0,7741,1,5317,0,175,1,1027,0,6178,1,7205,California
Mono,2021-04-19,536,13769,328,8069,208,5525,0,175,202,897,332,6510,202,7407,California
Mono,2021-04-20,15,13784,2,8071,13,5538,0,175,10,902,5,6515,10,7417,California
Mono,2021-04-21,7,13791,0,8071,7,5545,0,175,2,899,5,6520,2,7419,California
Mono,2021-04-22,25,13816,11,8082,14,5559,0,175,11,896,14,6534,11,7430,California
Mono,2021-04-23,22,13838,2,8084,20,5579,0,175,12,898,10,6544,12,7442,California
Mono,2021-04-24,35,13873,21,8105,14,5593,0,175,20,903,15,6559,20,7462,California
Mono,2021-04-25,3,13876,2,8107,1,5594,0,175,3,906,0,6559,3,7465,California
Mono,2021-04-26,12,13888,2,8109,10,5604,0,175,3,900,9,6568,3,7468,California
Mono,2021-04-27,67,13955,41,8150,19,5623,7,182,51,942,16,6584,58,7526,California
Mono,2021-04-28,62,14017,40,8190,18,5641,4,186,48,982,12,6596,52,7578,California
Mono,2021-04-29,10,14027,3,8193,4,5645,3,189,3,981,7,6603,6,7584,California
Mono,2021-04-30,17,14044,3,8196,11,5656,3,192,8,983,9,6612,11,7595,California
Mono,2021-05-01,109,14153,5,8201,104,5760,0,192,96,1067,12,6624,96,7691,California
Mono,2021-05-02,1,14154,1,8202,0,5760,0,192,1,1068,0,6624,1,7692,California
Mono,2021-05-03,2,14156,1,8203,1,5761,0,192,1,1068,1,6625,1,7693,California
Mono,2021-05-04,20,14176,1,8204,13,5774,6,198,10,1074,10,6635,16,7709,California
Mono,2021-05-05,52,14228,8,8212,40,5814,4,202,45,1116,7,6642,49,7758,California
Mono,2021-05-06,16,14244,4,8216,11,5825,1,203,10,1121,6,6648,11,7769,California
Mono,2021-05-07,29,14273,22,8238,7,5832,0,203,25,1142,4,6652,25,7794,California
Mono,2021-05-08,53,14326,7,8245,46,5878,0,203,24,1137,29,6681,24,7818,California
Mono,2021-05-09,1,14327,1,8246,0,5878,0,203,0,1137,0,6681,0,7818,California
Mono,2021-05-10,18,14345,1,8247,13,5891,4,207,9,1141,9,6690,13,7831,California
Mono,2021-05-11,15,14360,2,8249,10,5901,3,210,5,1139,10,6700,8,7839,California
Mono,2021-05-12,12,14372,0,8249,11,5912,1,211,4,1136,8,6708,5,7844,California
Mono,2021-05-13,46,14418,31,8280,14,5926,1,212,37,1165,9,6717,38,7882,California
Mono,2021-05-14,11,14429,1,8281,9,5935,1,213,6,1167,5,6722,7,7889,California
Mono,2021-05-15,65,14494,24,8305,34,5969,7,220,18,1145,47,6769,25,7914,California
Mono,2021-05-16,6,14500,4,8309,1,5970,1,221,2,1144,4,6773,3,7917,California
Mono,2021-05-17,249,14749,34,8343,208,6178,7,228,54,1012,194,6967,62,7979,California
Mono,2021-05-18,134,14883,110,8453,23,6201,1,229,87,1054,47,7014,89,8068,California
Mono,2021-05-19,119,15002,112,8565,2,6203,5,234,76,1092,43,7057,81,8149,California
Mono,2021-05-20,71,15073,56,8621,10,6213,5,239,54,1134,17,7074,59,8208,California
Mono,2021-05-21,23,15096,4,8625,16,6229,3,242,10,1134,13,7087,13,8221,California
Mono,2021-05-22,21,15117,11,8636,8,6237,2,244,15,1145,6,7093,17,8238,California
Mono,2021-05-23,2,15119,0,8636,2,6239,0,244,1,1145,1,7094,1,8239,California
Mono,2021-05-24,16,15135,2,8638,13,6252,1,245,9,1149,7,7101,11,8250,California
Mono,2021-05-25,14,15149,5,8643,9,6261,0,245,7,1149,7,7108,7,8257,California
Mono,2021-05-26,18,15167,2,8645,15,6276,1,246,7,1146,11,7119,8,8265,California
Mono,2021-05-27,9,15176,0,8645,9,6285,0,246,6,1150,2,7121,6,8271,California
Mono,2021-05-28,41,15217,28,8673,13,6298,0,246,10,1129,31,7152,10,8281,California
Mono,2021-05-29,129,15346,27,8700,99,6397,3,249,32,1067,97,7249,35,8316,California
Mono,2021-06-01,16,15362,7,8707,9,6406,0,249,9,1069,7,7256,9,8325,California
Mono,2021-06-02,48,15410,4,8711,44,6450,0,249,11,1043,37,7293,11,8336,California
Mono,2021-06-03,11,15421,1,8712,7,6457,3,252,1,1037,10,7303,4,8340,California
Mono,2021-06-04,12,15433,1,8713,10,6467,1,253,3,1032,9,7312,4,8344,California
Mono,2021-06-05,44,15477,23,8736,21,6488,0,253,5,998,39,7351,5,8349,California
Mono,2021-06-06,1,15478,0,8736,1,6489,0,253,0,997,1,7352,0,8349,California
Mono,2021-06-07,99,15577,87,8823,8,6497,4,257,12,926,87,7439,16,8365,California
Mono,2021-06-08,113,15690,103,8926,8,6505,2,259,12,839,101,7540,14,8379,California
Mono,2021-06-09,7,15697,2,8928,5,6510,0,259,1,834,6,7546,1,8380,California
Mono,2021-06-10,6,15703,0,8928,4,6514,2,261,2,834,4,7550,4,8384,California
Mono,2021-06-11,73,15776,62,8990,6,6520,5,266,6,778,67,7617,11,8395,California
Mono,2021-06-12,1,15777,1,8991,0,6520,0,266,0,777,1,7618,0,8395,California
Mono,2021-06-13,1,15778,0,8991,1,6521,0,266,1,778,0,7618,1,8396,California
Mono,2021-06-14,63,15841,29,9020,28,6549,6,272,20,761,43,7661,26,8422,California
Mono,2021-06-15,7,15848,4,9024,3,6552,0,272,3,760,4,7665,3,8425,California
Mono,2021-06-16,13,15861,4,9028,9,6561,0,272,5,757,8,7673,5,8430,California
Mono,2021-06-17,6,15867,1,9029,3,6564,2,274,2,757,4,7677,4,8434,California
Mono,2021-06-18,5,15872,3,9032,1,6565,1,275,1,756,3,7680,2,8436,California
Mono,2021-06-19,3,15875,3,9035,0,6565,0,275,3,759,0,7680,3,8439,California
Mono,2021-06-20,1,15876,0,9035,1,6566,0,275,0,758,1,7681,0,8439,California
Mono,2021-06-21,14,15890,2,9037,10,6576,2,277,3,753,10,7691,5,8444,California
Mono,2021-06-22,12,15902,2,9039,9,6585,1,278,4,751,7,7698,5,8449,California
Mono,2021-06-23,12,15914,0,9039,6,6591,6,284,2,750,10,7708,9,8458,California
Mono,2021-06-24,7,15921,0,9039,5,6596,2,286,2,749,5,7713,4,8462,California
Mono,2021-06-25,32,15953,22,9061,10,6606,0,286,7,731,25,7738,7,8469,California
Monterey,2020-12-16,6,6,6,6,0,0,0,0,6,6,0,0,6,6,California
Monterey,2020-12-17,87,93,87,93,0,0,0,0,87,93,0,0,87,93,California
Monterey,2020-12-18,487,580,487,580,0,0,0,0,487,580,0,0,487,580,California
Monterey,2020-12-19,581,1161,580,1160,1,1,0,0,580,1160,0,0,580,1160,California
Monterey,2020-12-20,422,1583,422,1582,0,1,0,0,422,1582,0,0,422,1582,California
Monterey,2020-12-21,725,2308,725,2307,0,1,0,0,725,2307,0,0,725,2307,California
Monterey,2020-12-22,536,2844,523,2830,13,14,0,0,536,2843,0,0,536,2843,California
Monterey,2020-12-23,441,3285,265,3095,176,190,0,0,441,3284,0,0,441,3284,California
Monterey,2020-12-24,85,3370,11,3106,74,264,0,0,85,3369,0,0,85,3369,California
Monterey,2020-12-25,6,3376,0,3106,6,270,0,0,6,3375,0,0,6,3375,California
Monterey,2020-12-26,92,3468,5,3111,87,357,0,0,92,3467,0,0,92,3467,California
Monterey,2020-12-27,6,3474,3,3114,3,360,0,0,6,3473,0,0,6,3473,California
Monterey,2020-12-28,477,3951,25,3139,452,812,0,0,477,3950,0,0,477,3950,California
Monterey,2020-12-29,901,4852,168,3307,733,1545,0,0,901,4851,0,0,901,4851,California
Monterey,2020-12-30,567,5419,97,3404,470,2015,0,0,567,5418,0,0,567,5418,California
Monterey,2020-12-31,33,5452,11,3415,22,2037,0,0,33,5451,0,0,33,5451,California
Monterey,2021-01-01,13,5465,3,3418,10,2047,0,0,13,5464,0,0,13,5464,California
Monterey,2021-01-02,137,5602,134,3552,3,2050,0,0,137,5601,0,0,137,5601,California
Monterey,2021-01-03,30,5632,29,3581,1,2051,0,0,30,5631,0,0,30,5631,California
Monterey,2021-01-04,412,6044,19,3600,393,2444,0,0,412,6043,0,0,412,6043,California
Monterey,2021-01-05,758,6802,330,3930,428,2872,0,0,744,6773,14,14,744,6787,California
Monterey,2021-01-06,662,7464,175,4105,487,3359,0,0,638,7387,24,38,638,7425,California
Monterey,2021-01-07,752,8216,576,4681,176,3535,0,0,425,7487,325,363,425,7850,California
Monterey,2021-01-08,1094,9310,738,5419,356,3891,0,0,395,7183,699,1062,395,8245,California
Monterey,2021-01-09,963,10273,933,6352,30,3921,0,0,311,6844,650,1712,311,8556,California
Monterey,2021-01-10,272,10545,270,6622,2,3923,0,0,8,6588,264,1976,8,8564,California
Monterey,2021-01-11,1069,11614,987,7609,82,4005,0,0,365,6249,704,2680,365,8929,California
Monterey,2021-01-12,474,12088,395,8004,79,4084,0,0,210,6195,264,2944,210,9139,California
Monterey,2021-01-13,1222,13310,595,8599,627,4711,0,0,1176,7325,46,2990,1176,10315,California
Monterey,2021-01-14,1200,14510,245,8844,955,5666,0,0,1179,8487,21,3011,1183,11498,California
Monterey,2021-01-15,1053,15563,46,8890,1007,6673,0,0,1041,9516,12,3023,1041,12539,California
Monterey,2021-01-16,364,15927,300,9190,64,6737,0,0,359,9870,5,3028,359,12898,California
Monterey,2021-01-17,313,16240,293,9483,20,6757,0,0,301,10159,12,3040,301,13199,California
Monterey,2021-01-18,398,16638,48,9531,350,7107,0,0,376,10513,22,3062,376,13575,California
Monterey,2021-01-19,585,17223,400,9931,185,7292,0,0,422,10774,161,3223,422,13997,California
Monterey,2021-01-20,545,17768,271,10202,274,7566,0,0,336,10901,209,3432,336,14333,California
Monterey,2021-01-21,870,18638,114,10316,756,8322,0,0,759,11553,111,3543,763,15096,California
Monterey,2021-01-22,1068,19706,200,10516,868,9190,0,0,1027,12539,41,3584,1027,16123,California
Monterey,2021-01-23,244,19950,175,10691,69,9259,0,0,120,12538,123,3707,122,16245,California
Monterey,2021-01-24,61,20011,38,10729,23,9282,0,0,27,12531,34,3741,27,16272,California
Monterey,2021-01-25,801,20812,176,10905,625,9907,0,0,175,12087,619,4360,175,16447,California
Monterey,2021-01-26,951,21763,232,11137,719,10626,0,0,251,11638,700,5060,251,16698,California
Monterey,2021-01-27,850,22613,297,11434,553,11179,0,0,369,11526,481,5541,369,17067,California
Monterey,2021-01-28,2032,24645,741,12175,1291,12470,0,0,1688,12872,344,5885,1690,18757,California
Monterey,2021-01-29,1279,25924,713,12888,566,13036,0,0,1161,13917,117,6002,1162,19919,California
Monterey,2021-01-30,464,26388,295,13183,169,13205,0,0,208,13869,256,6258,208,20127,California
Monterey,2021-01-31,496,26884,74,13257,422,13627,0,0,485,14344,11,6269,486,20613,California
Monterey,2021-02-01,1648,28532,1133,14390,515,14142,0,0,1081,14859,566,6835,1081,21694,California
Monterey,2021-02-02,2186,30718,477,14867,1709,15851,0,0,1574,15822,611,7446,1574,23268,California
Monterey,2021-02-03,2342,33060,1049,15916,1293,17144,0,0,1565,16614,773,8219,1565,24833,California
Monterey,2021-02-04,2818,35878,2101,18017,717,17861,0,0,2464,18728,350,8569,2464,27297,California
Monterey,2021-02-05,3675,39553,2828,20845,847,18708,0,0,3233,21524,437,9006,3233,30530,California
Monterey,2021-02-06,1099,40652,379,21224,720,19428,0,0,754,21936,342,9348,754,31284,California
Monterey,2021-02-07,317,40969,272,21496,45,19473,0,0,97,21813,220,9568,97,31381,California
Monterey,2021-02-08,520,41489,291,21787,229,19702,0,0,421,22135,99,9667,421,31802,California
Monterey,2021-02-09,876,42365,682,22469,194,19896,0,0,564,22389,312,9979,566,32368,California
Monterey,2021-02-10,2089,44454,1108,23577,981,20877,0,0,1234,22770,855,10834,1236,33604,California
Monterey,2021-02-11,2519,46973,976,24553,1543,22420,0,0,1537,23329,980,11814,1539,35143,California
Monterey,2021-02-12,2619,49592,444,24997,2175,24595,0,0,1523,23758,1095,12909,1524,36667,California
Monterey,2021-02-13,1074,50666,50,25047,1024,25619,0,0,985,24655,88,12997,985,37652,California
Monterey,2021-02-14,598,51264,74,25121,524,26143,0,0,525,25107,73,13070,525,38177,California
Monterey,2021-02-15,1387,52651,167,25288,1220,27363,0,0,979,25681,406,13476,980,39157,California
Monterey,2021-02-16,1097,53748,248,25536,849,28212,0,0,871,26326,226,13702,871,40028,California
Monterey,2021-02-17,1965,55713,1177,26713,788,29000,0,0,1652,27668,312,14014,1654,41682,California
Monterey,2021-02-18,2239,57952,1181,27894,1058,30058,0,0,910,27265,1315,15329,912,42594,California
Monterey,2021-02-19,2947,60899,1539,29433,1408,31466,0,0,1345,27011,1601,16930,1347,43941,California
Monterey,2021-02-20,1016,61915,613,30046,403,31869,0,0,957,27911,58,16988,958,44899,California
Monterey,2021-02-21,1254,63169,1226,31272,28,31897,0,0,1183,29026,69,17057,1184,46083,California
Monterey,2021-02-22,1002,64171,853,32125,149,32046,0,0,645,29316,355,17412,645,46728,California
Monterey,2021-02-23,972,65143,625,32750,347,32393,0,0,306,28958,665,18077,307,47035,California
Monterey,2021-02-24,2472,67615,1317,34067,1155,33548,0,0,1855,30202,612,18689,1856,48891,California
Monterey,2021-02-25,4414,72029,2420,36487,1994,35542,0,0,1476,28749,2931,21620,1478,50369,California
Monterey,2021-02-26,5298,77327,3087,39574,2211,37753,0,0,2629,28713,2666,24286,2630,52999,California
Monterey,2021-02-27,1025,78352,187,39761,838,38591,0,0,816,29325,204,24490,816,53815,California
Monterey,2021-02-28,1534,79886,85,39846,1448,40039,1,1,1067,29931,462,24952,1068,54883,California
Monterey,2021-03-01,1295,81181,143,39989,1149,41188,3,4,753,30151,536,25488,756,55639,California
Monterey,2021-03-02,2815,83996,1732,41721,1083,42271,0,4,1953,31246,858,26346,1953,57592,California
Monterey,2021-03-03,3219,87215,1246,42967,1973,44244,0,4,1280,30591,1936,28282,1281,58873,California
Monterey,2021-03-04,4577,91792,1474,44441,3103,47347,0,4,2947,31915,1625,29907,2949,61822,California
Monterey,2021-03-05,3676,95468,1621,46062,1777,49124,278,282,3003,34524,672,30579,3281,65103,California
Monterey,2021-03-06,5064,100532,1069,47131,3691,52815,304,586,4159,38084,902,31481,4462,69565,California
Monterey,2021-03-07,521,101053,107,47238,168,52983,246,832,232,38271,289,31770,476,70041,California
Monterey,2021-03-08,1673,102726,329,47567,956,53939,388,1220,1127,39237,546,32316,1512,71553,California
Monterey,2021-03-09,1990,104716,699,48266,1016,54955,275,1495,1487,40495,502,32818,1760,73313,California
Monterey,2021-03-10,3183,107899,1029,49295,1666,56621,488,1983,1467,40737,1710,34528,1952,75265,California
Monterey,2021-03-11,4169,112068,1412,50707,2382,59003,375,2358,2395,41740,1767,36295,2770,78035,California
Monterey,2021-03-12,4423,116491,2044,52751,2244,61247,135,2493,2727,42908,1693,37988,2861,80896,California
Monterey,2021-03-13,5307,121798,961,53712,3999,65246,347,2840,3983,45915,1323,39311,4330,85226,California
Monterey,2021-03-14,2162,123960,1331,55043,806,66052,25,2865,572,44933,1579,40890,597,85823,California
Monterey,2021-03-15,3987,127947,1273,56316,2411,68463,303,3168,2277,45808,1706,42596,2581,88404,California
Monterey,2021-03-16,3548,131495,593,56909,2564,71027,391,3559,2118,46885,1428,44024,2505,90909,California
Monterey,2021-03-17,5815,137310,2360,59269,3198,74225,257,3816,4204,49746,1605,45629,4466,95375,California
Monterey,2021-03-18,4469,141779,2168,61437,2132,76357,169,3985,3106,51700,1358,46987,3312,98687,California
Monterey,2021-03-19,5505,147284,2576,64013,2783,79140,146,4131,4220,54786,1280,48267,4366,103053,California
Monterey,2021-03-20,3371,150655,424,64437,2254,81394,693,4824,2282,56676,1085,49352,2975,106028,California
Monterey,2021-03-21,643,151298,216,64653,418,81812,9,4833,571,57185,70,49422,579,106607,California
Monterey,2021-03-22,2500,153798,1443,66096,994,82806,63,4896,2286,59321,211,49633,2347,108954,California
Monterey,2021-03-23,4024,157822,2357,68453,1624,84430,43,4939,2556,60457,1463,51096,2599,111553,California
Monterey,2021-03-24,5121,162943,2120,70573,2682,87112,319,5258,3746,63148,1370,52466,4061,115614,California
Monterey,2021-03-25,5335,168278,1232,71805,3744,90856,359,5617,2690,63561,2637,55103,3050,118664,California
Monterey,2021-03-26,5445,173723,2610,74415,2757,93613,78,5695,2788,63783,2646,57749,2868,121532,California
Monterey,2021-03-27,4853,178576,1452,75867,3146,96759,255,5950,3127,65444,1723,59472,3384,124916,California
Monterey,2021-03-28,1128,179704,347,76214,772,97531,9,5959,633,65599,487,59959,642,125558,California
Monterey,2021-03-29,3237,182941,1422,77636,1801,99332,14,5973,2011,66411,1218,61177,2030,127588,California
Monterey,2021-03-30,4522,187463,2142,79778,2334,101666,46,6019,2777,67503,1734,62911,2826,130414,California
Monterey,2021-03-31,5435,192898,2422,82200,2216,103882,797,6816,3449,69757,1983,64894,4237,134651,California
Monterey,2021-04-01,6148,199046,2059,84259,3676,107558,413,7229,3109,70249,3024,67918,3516,138167,California
Monterey,2021-04-02,4709,203755,2188,86447,2457,110015,64,7293,3166,71941,1541,69459,3233,141400,California
Monterey,2021-04-03,5942,209697,1119,87566,3777,113792,1046,8339,1233,69512,4700,74159,2271,143671,California
Monterey,2021-04-04,769,210466,157,87723,597,114389,15,8354,497,69754,272,74431,514,144185,California
Monterey,2021-04-05,4038,214504,2495,90218,1306,115695,237,8591,1504,68964,2529,76960,1739,145924,California
Monterey,2021-04-06,3447,217951,1353,91571,1621,117316,473,9064,1184,68359,2259,79219,1654,147578,California
Monterey,2021-04-07,5651,223602,1392,92963,3741,121057,518,9582,2710,68652,2930,82149,3223,150801,California
Monterey,2021-04-08,6694,230296,3513,96476,2370,123427,811,10393,3303,69380,3387,85536,4115,154916,California
Monterey,2021-04-09,5766,236062,3434,99910,1691,125118,641,11034,2292,68838,3471,89007,2929,157845,California
Monterey,2021-04-10,10293,246355,4962,104872,3125,128243,2206,13240,4996,70751,5285,94292,7198,165043,California
Monterey,2021-04-11,5515,251870,4336,109208,570,128813,609,13849,4464,74773,1045,95337,5067,170110,California
Monterey,2021-04-12,4150,256020,1882,111090,1952,130765,316,14165,958,72993,3053,98390,1273,171383,California
Monterey,2021-04-13,3228,259248,744,111834,2478,133243,6,14171,1552,72895,1658,100048,1560,172943,California
Monterey,2021-04-14,6849,266097,3184,115018,3662,136905,3,14174,1863,69798,4964,105012,1867,174810,California
Monterey,2021-04-15,5921,272018,3910,118928,2011,138916,0,14174,3886,71681,2004,107016,3887,178697,California
Monterey,2021-04-16,4852,276870,2405,121333,2434,141350,13,14187,2216,71289,2622,109638,2230,180927,California
Monterey,2021-04-17,5859,282729,1400,122733,4459,145809,0,14187,3798,73043,2045,111683,3799,184726,California
Monterey,2021-04-18,883,283612,291,123024,592,146401,0,14187,257,72678,622,112305,257,184983,California
Monterey,2021-04-19,3621,287233,1156,124180,2465,148866,0,14187,1648,72366,1960,114265,1648,186631,California
Monterey,2021-04-20,3841,291074,1544,125724,2297,151163,0,14187,1524,71597,2294,116559,1525,188156,California
Monterey,2021-04-21,6079,297153,3271,128995,2808,153971,0,14187,2934,71427,3106,119665,2936,191092,California
Monterey,2021-04-22,4895,302048,1067,130062,3828,157799,0,14187,1996,70568,2855,122520,1996,193088,California
Monterey,2021-04-23,5739,307787,2704,132766,3034,160833,1,14188,2260,69376,3458,125978,2266,195354,California
Monterey,2021-04-24,4286,312073,582,133348,3704,164537,0,14188,1545,68197,2724,128702,1545,196899,California
Monterey,2021-04-25,1246,313319,607,133955,639,165176,0,14188,787,68535,449,129151,787,197686,California
Monterey,2021-04-26,3783,317102,2240,136195,1526,166702,17,14205,983,66761,2774,131925,1000,198686,California
Monterey,2021-04-27,2881,319983,943,137138,1798,168500,140,14345,1221,66465,1656,133581,1360,200046,California
Monterey,2021-04-28,3648,323631,1392,138530,2104,170604,152,14497,2239,67456,1395,134976,2386,202432,California
Monterey,2021-04-29,4546,328177,2433,140963,2037,172641,76,14573,1661,66322,2872,137848,1738,204170,California
Monterey,2021-04-30,3247,331424,1685,142648,1487,174128,75,14648,832,64821,2406,140254,905,205075,California
Monterey,2021-05-01,5642,337066,4235,146883,1367,175495,40,14688,684,60606,4937,145191,722,205797,California
Monterey,2021-05-02,4347,341413,3921,150804,399,175894,27,14715,301,56902,4032,149223,328,206125,California
Monterey,2021-05-03,2543,343956,1564,152368,865,176759,114,14829,582,55647,1951,151174,696,206821,California
Monterey,2021-05-04,1818,345774,620,152988,1108,177867,90,14919,655,55244,1149,152323,746,207567,California
Monterey,2021-05-05,3378,349152,1240,154228,2052,179919,86,15005,1070,54103,2298,154621,1157,208724,California
Monterey,2021-05-06,4205,353357,2775,157003,1213,181132,217,15222,1112,52353,3078,157699,1328,210052,California
Monterey,2021-05-07,1966,355323,952,157955,916,182048,98,15320,704,51900,1254,158953,801,210853,California
Monterey,2021-05-08,2713,358036,1484,159439,906,182954,323,15643,962,51445,1739,160692,1284,212137,California
Monterey,2021-05-09,393,358429,113,159552,253,183207,27,15670,128,51336,264,160956,155,212292,California
Monterey,2021-05-10,2821,361250,2080,161632,694,183901,47,15717,522,49618,2289,163245,571,212863,California
Monterey,2021-05-11,1859,363109,945,162577,836,184737,78,15795,752,49354,1095,164340,831,213694,California
Monterey,2021-05-12,3914,367023,2063,164640,1768,186505,83,15878,866,47270,3034,167374,950,214644,California
Monterey,2021-05-13,2666,369689,1590,166230,1022,187527,54,15932,1521,47709,1134,168508,1573,216217,California
Monterey,2021-05-14,1860,371549,574,166804,1186,188713,100,16032,731,47420,1120,169628,831,217048,California
Monterey,2021-05-15,3385,374934,824,167628,2296,191009,265,16297,954,46217,2418,172046,1215,218263,California
Monterey,2021-05-16,980,375914,629,168257,280,191289,71,16368,282,45877,692,172738,352,218615,California
Monterey,2021-05-17,2235,378149,1335,169592,823,192112,77,16445,1059,45849,1164,173902,1136,219751,California
Monterey,2021-05-18,1727,379876,662,170254,1021,193133,44,16489,782,45741,936,174838,828,220579,California
Monterey,2021-05-19,3602,383478,2335,172589,1177,194310,90,16579,1914,46065,1682,176520,2006,222585,California
Monterey,2021-05-20,2737,386215,937,173526,1690,196000,110,16689,896,45247,1827,178347,1009,223594,California
Monterey,2021-05-21,3262,389477,1312,174838,1859,197859,91,16780,1001,44091,2247,180594,1091,224685,California
Monterey,2021-05-22,2122,391599,724,175562,1118,198977,280,17060,799,43855,1313,181907,1077,225762,California
Monterey,2021-05-23,858,392457,504,176066,338,199315,16,17076,487,43992,366,182273,503,226265,California
Monterey,2021-05-24,1730,394187,555,176621,1113,200428,62,17138,573,43475,1153,183426,636,226901,California
Monterey,2021-05-25,1414,395601,530,177151,814,201242,70,17208,550,43245,850,184276,620,227521,California
Monterey,2021-05-26,2651,398252,1015,178166,1580,202822,56,17264,1000,42665,1637,185913,1057,228578,California
Monterey,2021-05-27,2481,400733,1360,179526,1065,203887,56,17320,891,42039,1574,187487,948,229526,California
Monterey,2021-05-28,1737,402470,576,180102,1101,204988,60,17380,746,41866,980,188467,807,230333,California
Monterey,2021-05-29,986,403456,634,180736,319,205307,33,17413,398,41717,581,189048,432,230765,California
Monterey,2021-05-30,379,403835,163,180899,202,205509,14,17427,141,41635,237,189285,155,230920,California
Monterey,2021-05-31,186,404021,33,180932,144,205653,9,17436,53,41565,132,189417,62,230982,California
Monterey,2021-06-01,1705,405726,907,181839,666,206319,132,17568,524,41054,1163,190580,652,231634,California
Monterey,2021-06-02,1669,407395,963,182802,657,206976,49,17617,692,40823,972,191552,741,232375,California
Monterey,2021-06-03,2204,409599,1410,184212,759,207735,35,17652,508,39679,1686,193238,542,232917,California
Monterey,2021-06-04,1324,410923,682,184894,609,208344,33,17685,528,39452,788,194026,561,233478,California
Monterey,2021-06-05,2166,413089,847,185741,699,209043,620,18305,470,38853,1681,195707,1082,234560,California
Monterey,2021-06-06,492,413581,404,186145,79,209122,9,18314,250,38870,241,195948,258,234818,California
Monterey,2021-06-07,934,414515,485,186630,403,209525,46,18360,359,38709,564,196512,403,235221,California
Monterey,2021-06-08,1143,415658,701,187331,418,209943,24,18384,412,38425,719,197231,435,235656,California
Monterey,2021-06-09,2894,418552,2169,189500,599,210542,126,18510,634,36928,2256,199487,759,236415,California
Monterey,2021-06-10,1474,420026,888,190388,527,211069,59,18569,529,36576,938,200425,586,237001,California
Monterey,2021-06-11,1384,421410,752,191140,556,211625,76,18645,503,36279,874,201299,577,237578,California
Monterey,2021-06-12,741,422151,503,191643,223,211848,15,18660,348,36251,391,201690,363,237941,California
Monterey,2021-06-13,589,422740,457,192100,120,211968,12,18672,120,35917,466,202156,132,238073,California
Monterey,2021-06-14,1390,424130,996,193096,360,212328,34,18706,363,35293,1021,203177,397,238470,California
Monterey,2021-06-15,1132,425262,560,193656,449,212777,123,18829,396,35085,727,203904,519,238989,California
Monterey,2021-06-16,1559,426821,1089,194745,438,213215,32,18861,395,34356,1156,205060,427,239416,California
Monterey,2021-06-17,1167,427988,674,195419,339,213554,154,19015,422,34190,741,205801,575,239991,California
Monterey,2021-06-18,1195,429183,724,196143,443,213997,28,19043,531,34091,658,206459,559,240550,California
Monterey,2021-06-19,1302,430485,1007,197150,265,214262,30,19073,489,33805,805,207264,519,241069,California
Monterey,2021-06-20,234,430719,156,197306,70,214332,8,19081,80,33740,154,207418,89,241158,California
Monterey,2021-06-21,673,431392,367,197673,271,214603,35,19116,384,33874,284,207702,418,241576,California
Monterey,2021-06-22,1503,432895,961,198634,353,214956,189,19305,487,33541,1004,208706,671,242247,California
Monterey,2021-06-23,1070,433965,715,199349,321,215277,34,19339,433,33379,628,209334,466,242713,California
Monterey,2021-06-24,847,434812,515,199864,312,215589,20,19359,411,33377,433,209767,431,243144,California
Monterey,2021-06-25,941,435753,597,200461,328,215917,16,19375,432,33320,504,210271,447,243591,California
Monterey,2021-06-26,559,436312,408,200869,141,216058,10,19385,312,33396,244,210515,320,243911,California
Monterey,2021-06-27,274,436586,208,201077,58,216116,8,19393,72,33275,201,210716,80,243991,California
Napa,2020-12-16,12,12,12,12,0,0,0,0,12,12,0,0,12,12,California
Napa,2020-12-17,46,58,46,58,0,0,0,0,46,58,0,0,46,58,California
Napa,2020-12-18,105,163,105,163,0,0,0,0,105,163,0,0,105,163,California
Napa,2020-12-19,222,385,222,385,0,0,0,0,222,385,0,0,222,385,California
Napa,2020-12-20,190,575,190,575,0,0,0,0,190,575,0,0,190,575,California
Napa,2020-12-21,313,888,313,888,0,0,0,0,314,889,0,0,314,889,California
Napa,2020-12-22,339,1227,330,1218,9,9,0,0,339,1228,0,0,339,1228,California
Napa,2020-12-23,435,1662,323,1541,112,121,0,0,435,1663,0,0,435,1663,California
Napa,2020-12-24,140,1802,78,1619,62,183,0,0,140,1803,0,0,140,1803,California
Napa,2020-12-25,1,1803,1,1620,0,183,0,0,1,1804,0,0,1,1804,California
Napa,2020-12-26,39,1842,11,1631,28,211,0,0,39,1843,0,0,39,1843,California
Napa,2020-12-27,32,1874,16,1647,16,227,0,0,32,1875,0,0,32,1875,California
Napa,2020-12-28,252,2126,185,1832,67,294,0,0,279,2154,0,0,279,2154,California
Napa,2020-12-29,273,2399,215,2047,58,352,0,0,306,2460,0,0,306,2460,California
Napa,2020-12-30,633,3032,485,2532,148,500,0,0,641,3101,0,0,641,3101,California
Napa,2020-12-31,463,3495,374,2906,89,589,0,0,463,3564,0,0,463,3564,California
Napa,2021-01-01,1,3496,1,2907,0,589,0,0,1,3565,0,0,1,3565,California
Napa,2021-01-02,96,3592,91,2998,5,594,0,0,96,3661,0,0,96,3661,California
Napa,2021-01-03,14,3606,12,3010,2,596,0,0,9,3670,0,0,9,3670,California
Napa,2021-01-04,105,3711,63,3073,42,638,0,0,105,3775,0,0,105,3775,California
Napa,2021-01-05,163,3874,86,3159,77,715,0,0,146,3897,24,24,146,3921,California
Napa,2021-01-06,462,4336,116,3275,346,1061,0,0,397,4231,63,87,397,4318,California
Napa,2021-01-07,498,4834,236,3511,262,1323,0,0,394,4522,103,190,394,4712,California
Napa,2021-01-08,444,5278,228,3739,216,1539,0,0,260,4599,183,373,260,4972,California
Napa,2021-01-09,329,5607,304,4043,25,1564,0,0,191,4652,138,511,191,5163,California
Napa,2021-01-10,186,5793,103,4146,83,1647,0,0,109,4684,77,588,109,5272,California
Napa,2021-01-11,875,6668,422,4568,453,2100,0,0,503,4816,373,961,505,5777,California
Napa,2021-01-12,1329,7997,380,4948,949,3049,0,0,1006,5499,323,1284,1006,6783,California
Napa,2021-01-13,1317,9314,268,5216,1049,4098,0,0,1153,6490,163,1447,1154,7937,California
Napa,2021-01-14,1052,10366,169,5385,883,4981,0,0,935,7310,115,1562,935,8872,California
Napa,2021-01-15,1467,11833,384,5769,1083,6064,0,0,1320,8476,155,1717,1321,10193,California
Napa,2021-01-16,360,12193,132,5901,228,6292,0,0,342,8800,18,1735,342,10535,California
Napa,2021-01-17,343,12536,179,6080,164,6456,0,0,333,9123,10,1745,333,10868,California
Napa,2021-01-18,1078,13614,196,6276,882,7338,0,0,987,10019,91,1836,987,11855,California
Napa,2021-01-19,1005,14619,403,6679,602,7940,0,0,765,10545,239,2075,765,12620,California
Napa,2021-01-20,834,15453,189,6868,645,8585,0,0,646,11006,186,2261,647,13267,California
Napa,2021-01-21,1572,17025,611,7479,961,9546,0,0,1118,11672,453,2714,1119,14386,California
Napa,2021-01-22,1572,18597,436,7915,1136,10682,0,0,1228,12558,343,3057,1229,15615,California
Napa,2021-01-23,397,18994,318,8233,79,10761,0,0,336,12833,61,3118,336,15951,California
Napa,2021-01-24,268,19262,189,8422,79,10840,0,0,210,12985,58,3176,210,16161,California
Napa,2021-01-25,1524,20786,232,8654,1292,12132,0,0,1433,14327,91,3267,1433,17594,California
Napa,2021-01-26,878,21664,285,8939,593,12725,0,0,783,15016,95,3362,784,18378,California
Napa,2021-01-27,632,22296,222,9161,410,13135,0,0,471,15326,162,3524,472,18850,California
Napa,2021-01-28,390,22686,175,9336,215,13350,0,0,198,15334,190,3714,198,19048,California
Napa,2021-01-29,265,22951,66,9402,199,13549,0,0,168,15405,97,3811,168,19216,California
Napa,2021-01-30,820,23771,709,10111,111,13660,0,0,650,15885,170,3981,650,19866,California
Napa,2021-01-31,693,24464,661,10772,32,13692,0,0,668,16528,25,4006,668,20534,California
Napa,2021-02-01,324,24788,114,10886,210,13902,0,0,166,16536,158,4164,166,20700,California
Napa,2021-02-02,616,25404,283,11169,333,14235,0,0,304,16531,309,4473,304,21004,California
Napa,2021-02-03,747,26151,310,11479,437,14672,0,0,432,16649,314,4787,432,21436,California
Napa,2021-02-04,792,26943,372,11851,420,15092,0,0,442,16743,348,5135,442,21878,California
Napa,2021-02-05,713,27656,311,12162,402,15494,0,0,342,16714,371,5506,342,22220,California
Napa,2021-02-06,438,28094,145,12307,293,15787,0,0,332,16941,105,5611,332,22552,California
Napa,2021-02-07,179,28273,166,12473,13,15800,0,0,71,16904,108,5719,71,22623,California
Napa,2021-02-08,838,29111,191,12664,647,16447,0,0,278,16624,558,6277,278,22901,California
Napa,2021-02-09,1091,30202,452,13116,639,17086,0,0,445,16424,645,6922,445,23346,California
Napa,2021-02-10,1739,31941,195,13311,1544,18630,0,0,453,15595,1283,8205,454,23800,California
Napa,2021-02-11,1506,33447,198,13509,1308,19938,0,0,407,14916,1086,9291,407,24207,California
Napa,2021-02-12,2197,35644,866,14375,1331,21269,0,0,699,14122,1493,10784,699,24906,California
Napa,2021-02-13,511,36155,56,14431,455,21724,0,0,319,14249,192,10976,319,25225,California
Napa,2021-02-14,356,36511,89,14520,267,21991,0,0,192,14277,164,11140,192,25417,California
Napa,2021-02-15,879,37390,183,14703,696,22687,0,0,223,13846,654,11794,223,25640,California
Napa,2021-02-16,1296,38686,600,15303,696,23383,0,0,617,13786,677,12471,617,26257,California
Napa,2021-02-17,1055,39741,533,15836,522,23905,0,0,482,13698,571,13042,483,26740,California
Napa,2021-02-18,1908,41649,486,16322,1422,25327,0,0,662,13117,1243,14285,662,27402,California
Napa,2021-02-19,1504,43153,594,16916,910,26237,0,0,681,12977,821,15106,681,28083,California
Napa,2021-02-20,870,44023,636,17552,234,26471,0,0,283,12673,587,15693,283,28366,California
Napa,2021-02-21,888,44911,819,18371,69,26540,0,0,193,12171,695,16388,193,28559,California
Napa,2021-02-22,474,45385,198,18569,276,26816,0,0,146,11989,328,16716,146,28705,California
Napa,2021-02-23,1156,46541,314,18883,842,27658,0,0,328,11489,828,17544,328,29033,California
Napa,2021-02-24,1191,47732,661,19544,530,28188,0,0,598,11496,591,18135,598,29631,California
Napa,2021-02-25,2597,50329,1252,20796,1345,29533,0,0,1877,12654,719,18854,1877,31508,California
Napa,2021-02-26,1553,51882,551,21347,1002,30535,0,0,619,12341,932,19786,619,32127,California
Napa,2021-02-27,1189,53071,425,21772,764,31299,0,0,932,13018,255,20041,932,33059,California
Napa,2021-02-28,725,53796,605,22377,120,31419,0,0,608,13511,115,20156,608,33667,California
Napa,2021-03-01,1176,54972,882,23259,294,31713,0,0,897,14131,277,20433,897,34564,California
Napa,2021-03-02,1506,56478,1049,24308,457,32170,0,0,1159,14944,346,20779,1159,35723,California
Napa,2021-03-03,1573,58051,695,25003,878,33048,0,0,1383,16138,189,20968,1383,37106,California
Napa,2021-03-04,1721,59772,790,25793,931,33979,0,0,1479,17378,239,21207,1479,38585,California
Napa,2021-03-05,1906,61678,790,26583,1112,35091,4,4,1483,18445,420,21627,1487,40072,California
Napa,2021-03-06,657,62335,288,26871,338,35429,31,35,544,18909,111,21738,575,40647,California
Napa,2021-03-07,534,62869,322,27193,196,35625,16,51,382,19156,151,21889,398,41045,California
Napa,2021-03-08,716,63585,336,27529,327,35952,53,104,538,19572,175,22064,591,41636,California
Napa,2021-03-09,1689,65274,607,28136,1036,36988,46,150,1249,20431,436,22500,1295,42931,California
Napa,2021-03-10,1500,66774,925,29061,481,37469,94,244,800,20626,696,23196,891,43822,California
Napa,2021-03-11,1885,68659,1064,30125,689,38158,132,376,989,20850,896,24092,1120,44942,California
Napa,2021-03-12,1517,70176,921,31046,501,38659,95,471,807,21045,707,24799,902,45844,California
Napa,2021-03-13,1179,71355,311,31357,843,39502,25,496,834,21561,343,25142,859,46703,California
Napa,2021-03-14,617,71972,334,31691,134,39636,149,645,207,21507,409,25551,355,47058,California
Napa,2021-03-15,959,72931,412,32103,479,40115,68,713,481,21580,476,26027,549,47607,California
Napa,2021-03-16,1857,74788,394,32497,1336,41451,127,840,1382,22619,471,26498,1510,49117,California
Napa,2021-03-17,2530,77318,1861,34358,490,41941,179,1019,1600,23469,929,27427,1779,50896,California
Napa,2021-03-18,2148,79466,955,35313,1182,43123,11,1030,1287,23909,858,28285,1298,52194,California
Napa,2021-03-19,1463,80929,890,36203,545,43668,28,1058,696,23869,764,29049,724,52918,California
Napa,2021-03-20,1011,81940,530,36733,328,43996,153,1211,389,23790,621,29670,542,53460,California
Napa,2021-03-21,724,82664,699,37432,22,44018,3,1214,232,23535,490,30160,235,53695,California
Napa,2021-03-22,1301,83965,1122,38554,167,44185,12,1226,437,23125,859,31019,449,54144,California
Napa,2021-03-23,1897,85862,1200,39754,680,44865,17,1243,1009,23267,884,31903,1026,55170,California
Napa,2021-03-24,1712,87574,947,40701,756,45621,9,1252,817,23198,894,32797,825,55995,California
Napa,2021-03-25,1935,89509,1059,41760,822,46443,54,1306,772,22867,1157,33954,826,56821,California
Napa,2021-03-26,1312,90821,839,42599,467,46910,6,1312,587,22741,719,34673,593,57414,California
Napa,2021-03-27,953,91774,434,43033,492,47402,27,1339,294,22403,659,35332,321,57735,California
Napa,2021-03-28,493,92267,382,43415,104,47506,7,1346,180,22280,311,35643,188,57923,California
Napa,2021-03-29,1202,93469,876,44291,321,47827,5,1351,729,22543,471,36114,734,58657,California
Napa,2021-03-30,2801,96270,934,45225,1862,49689,5,1356,1980,23706,822,36936,1985,60642,California
Napa,2021-03-31,1975,98245,963,46188,943,50632,69,1425,799,23399,1173,38109,866,61508,California
Napa,2021-04-01,1760,100005,848,47036,795,51427,117,1542,482,22726,1271,39380,598,62106,California
Napa,2021-04-02,1872,101877,844,47880,886,52313,142,1684,477,21952,1392,40772,618,62724,California
Napa,2021-04-03,639,102516,372,48252,208,52521,59,1743,213,21798,425,41197,271,62995,California
Napa,2021-04-04,359,102875,145,48397,155,52676,59,1802,123,21745,235,41432,182,63177,California
Napa,2021-04-05,1276,104151,758,49155,299,52975,219,2021,572,21834,702,42134,791,63968,California
Napa,2021-04-06,2269,106420,566,49721,1444,54419,259,2280,527,20880,1739,43873,785,64753,California
Napa,2021-04-07,1752,108172,708,50429,822,55241,222,2502,531,20416,1215,45088,751,65504,California
Napa,2021-04-08,1870,110042,1071,51500,423,55664,376,2878,965,20857,899,45987,1340,66844,California
Napa,2021-04-09,1549,111591,927,52427,317,55981,305,3183,678,20971,868,46855,982,67826,California
Napa,2021-04-10,1051,112642,353,52780,595,56576,103,3286,246,20516,804,47659,349,68175,California
Napa,2021-04-11,386,113028,300,53080,63,56639,23,3309,157,20467,229,47888,180,68355,California
Napa,2021-04-12,796,113824,302,53382,369,57008,125,3434,292,20378,502,48390,413,68768,California
Napa,2021-04-13,2592,116416,869,54251,1723,58731,0,3434,943,19678,1643,50033,943,69711,California
Napa,2021-04-14,2160,118576,1017,55268,1143,59874,0,3434,1052,19630,1100,51133,1052,70763,California
Napa,2021-04-15,2096,120672,537,55805,1559,61433,0,3434,903,19347,1186,52319,903,71666,California
Napa,2021-04-16,3009,123681,1641,57446,1368,62801,0,3434,2275,20893,729,53048,2275,73941,California
Napa,2021-04-17,1166,124847,274,57720,892,63693,0,3434,861,21450,304,53352,861,74802,California
Napa,2021-04-18,285,125132,190,57910,95,63788,0,3434,124,21413,161,53513,124,74926,California
Napa,2021-04-19,631,125763,342,58252,289,64077,0,3434,277,21337,353,53866,277,75203,California
Napa,2021-04-20,3068,128831,2089,60341,979,65056,0,3434,2084,22440,982,54848,2085,77288,California
Napa,2021-04-21,2972,131803,2196,62537,776,65832,0,3434,1880,23235,1086,55934,1881,79169,California
Napa,2021-04-22,1828,133631,1293,63830,535,66367,0,3434,860,23131,964,56898,860,80029,California
Napa,2021-04-23,1654,135285,1271,65101,381,66748,2,3436,1166,23813,484,57382,1166,81195,California
Napa,2021-04-24,574,135859,323,65424,251,66999,0,3436,298,23838,273,57655,298,81493,California
Napa,2021-04-25,247,136106,189,65613,58,67057,0,3436,127,23846,119,57774,127,81620,California
Napa,2021-04-26,550,136656,282,65895,268,67325,0,3436,283,23867,262,58036,283,81903,California
Napa,2021-04-27,1788,138444,469,66364,1307,68632,12,3448,594,23283,1190,59226,606,82509,California
Napa,2021-04-28,1021,139465,473,66837,531,69163,17,3465,350,22981,669,59895,367,82876,California
Napa,2021-04-29,733,140198,364,67201,349,69512,20,3485,269,22812,457,60352,288,83164,California
Napa,2021-04-30,621,140819,312,67513,245,69757,64,3549,258,22772,361,60713,321,83485,California
Napa,2021-05-01,331,141150,272,67785,48,69805,11,3560,122,22696,209,60922,133,83618,California
Napa,2021-05-02,239,141389,194,67979,39,69844,6,3566,101,22666,137,61059,107,83725,California
Napa,2021-05-03,636,142025,498,68477,103,69947,35,3601,111,22292,521,61580,147,83872,California
Napa,2021-05-04,1143,143168,729,69206,302,70249,112,3713,307,21879,832,62412,419,84291,California
Napa,2021-05-05,1043,144211,705,69911,300,70549,38,3751,265,21407,775,63187,303,84594,California
Napa,2021-05-06,724,144935,321,70232,380,70929,23,3774,374,21464,341,63528,398,84992,California
Napa,2021-05-07,1567,146502,1336,71568,168,71097,63,3837,326,20634,1218,64746,388,85380,California
Napa,2021-05-08,258,146760,166,71734,81,71178,11,3848,87,20562,170,64916,98,85478,California
Napa,2021-05-09,120,146880,88,71822,32,71210,0,3848,59,20560,61,64977,59,85537,California
Napa,2021-05-10,429,147309,147,71969,263,71473,19,3867,109,20369,319,65296,128,85665,California
Napa,2021-05-11,2194,149503,1808,73777,361,71834,25,3892,386,18978,1802,67098,411,86076,California
Napa,2021-05-12,2217,151720,1387,75164,773,72607,57,3949,312,17447,1899,68997,368,86444,California
Napa,2021-05-13,1968,153688,1253,76417,675,73282,40,3989,866,17259,1095,70092,907,87351,California
Napa,2021-05-14,1966,155654,1188,77605,692,73974,86,4075,532,16452,1426,71518,619,87970,California
Napa,2021-05-15,1073,156727,364,77969,697,74671,12,4087,256,15907,814,72332,269,88239,California
Napa,2021-05-16,244,156971,164,78133,78,74749,2,4089,73,15811,171,72503,75,88314,California
Napa,2021-05-17,892,157863,347,78480,515,75264,30,4119,306,15624,524,73027,337,88651,California
Napa,2021-05-18,1076,158939,552,79032,467,75731,57,4176,510,15630,561,73588,567,89218,California
Napa,2021-05-19,971,159910,570,79602,371,76102,30,4206,507,15705,461,74049,536,89754,California
Napa,2021-05-20,661,160571,436,80038,194,76296,31,4237,381,15839,278,74327,412,90166,California
Napa,2021-05-21,527,161098,265,80303,230,76526,32,4269,218,15782,307,74634,250,90416,California
Napa,2021-05-22,461,161559,274,80577,178,76704,9,4278,191,15713,270,74904,201,90617,California
Napa,2021-05-23,401,161960,355,80932,35,76739,11,4289,295,15913,106,75010,306,90923,California
Napa,2021-05-24,382,162342,186,81118,176,76915,20,4309,153,15859,227,75237,173,91096,California
Napa,2021-05-25,434,162776,178,81296,185,77100,71,4380,146,15788,287,75524,216,91312,California
Napa,2021-05-26,560,163336,362,81658,174,77274,24,4404,320,15895,237,75761,344,91656,California
Napa,2021-05-27,396,163732,169,81827,199,77473,28,4432,149,15825,247,76008,177,91833,California
Napa,2021-05-28,404,164136,209,82036,171,77644,24,4456,167,15781,233,76241,189,92022,California
Napa,2021-05-29,128,164264,79,82115,45,77689,4,4460,74,15806,53,76294,78,92100,California
Napa,2021-05-30,98,164362,61,82176,32,77721,5,4465,28,15771,68,76362,33,92133,California
Napa,2021-05-31,51,164413,17,82193,28,77749,6,4471,9,15744,42,76404,15,92148,California
Napa,2021-06-01,604,165017,314,82507,266,78015,24,4495,260,15689,338,76742,283,92431,California
Napa,2021-06-02,415,165432,246,82753,147,78162,22,4517,191,15679,222,76964,212,92643,California
Napa,2021-06-03,757,166189,463,83216,269,78431,25,4542,130,15208,624,77588,153,92796,California
Napa,2021-06-04,784,166973,603,83819,144,78575,37,4579,146,14755,636,78224,183,92979,California
Napa,2021-06-05,309,167282,250,84069,47,78622,12,4591,70,14600,237,78461,82,93061,California
Napa,2021-06-06,145,167427,126,84195,18,78640,1,4592,44,14545,100,78561,45,93106,California
Napa,2021-06-07,394,167821,286,84481,80,78720,28,4620,92,14363,302,78863,120,93226,California
Napa,2021-06-08,620,168441,492,84973,111,78831,17,4637,274,14311,343,79206,291,93517,California
Napa,2021-06-09,554,168995,450,85423,89,78920,15,4652,95,13963,458,79664,110,93627,California
Napa,2021-06-10,511,169506,416,85839,63,78983,32,4684,109,13702,402,80066,141,93768,California
Napa,2021-06-11,410,169916,267,86106,119,79102,24,4708,118,13553,291,80357,142,93910,California
Napa,2021-06-12,205,170121,173,86279,27,79129,5,4713,42,13438,162,80519,47,93957,California
Napa,2021-06-13,286,170407,273,86552,8,79137,5,4718,26,13209,260,80779,31,93988,California
Napa,2021-06-14,482,170889,338,86890,118,79255,26,4744,93,12940,385,81164,116,94104,California
Napa,2021-06-15,377,171266,277,87167,87,79342,13,4757,184,12946,191,81355,197,94301,California
Napa,2021-06-16,261,171527,165,87332,81,79423,15,4772,85,12874,172,81527,100,94401,California
Napa,2021-06-17,390,171917,322,87654,60,79483,8,4780,70,12632,320,81847,78,94479,California
Napa,2021-06-18,267,172184,173,87827,83,79566,11,4791,91,12560,174,82021,102,94581,California
Napa,2021-06-19,111,172295,77,87904,23,79589,11,4802,47,12556,62,82083,58,94639,California
Napa,2021-06-20,54,172349,42,87946,9,79598,3,4805,19,12543,35,82118,22,94661,California
Napa,2021-06-21,157,172506,73,88019,65,79663,19,4824,75,12555,82,82200,94,94755,California
Napa,2021-06-22,378,172884,299,88318,65,79728,14,4838,111,12415,265,82465,125,94880,California
Napa,2021-06-23,340,173224,265,88583,54,79782,21,4859,109,12316,228,82693,129,95009,California
Napa,2021-06-24,168,173392,116,88699,47,79829,5,4864,72,12299,94,82787,77,95086,California
Napa,2021-06-25,238,173630,156,88855,69,79898,13,4877,114,12307,118,82905,126,95212,California
Napa,2021-06-26,84,173714,71,88926,11,79909,2,4879,39,12303,45,82950,41,95253,California
Napa,2021-06-27,39,173753,30,88956,9,79918,0,4879,20,12304,19,82969,20,95273,California
Nevada,2020-12-16,3,3,3,3,0,0,0,0,3,3,0,0,3,3,California
Nevada,2020-12-17,7,10,7,10,0,0,0,0,7,10,0,0,7,10,California
Nevada,2020-12-18,56,66,56,66,0,0,0,0,56,66,0,0,56,66,California
Nevada,2020-12-19,55,121,55,121,0,0,0,0,55,121,0,0,55,121,California
Nevada,2020-12-20,12,133,12,133,0,0,0,0,12,133,0,0,12,133,California
Nevada,2020-12-21,69,202,69,202,0,0,0,0,69,202,0,0,69,202,California
Nevada,2020-12-22,90,292,88,290,2,2,0,0,90,292,0,0,90,292,California
Nevada,2020-12-23,233,525,202,492,31,33,0,0,233,525,0,0,233,525,California
Nevada,2020-12-24,13,538,11,503,2,35,0,0,13,538,0,0,13,538,California
Nevada,2020-12-25,3,541,3,506,0,35,0,0,3,541,0,0,3,541,California
Nevada,2020-12-26,6,547,4,510,2,37,0,0,6,547,0,0,6,547,California
Nevada,2020-12-27,89,636,89,599,0,37,0,0,89,636,0,0,89,636,California
Nevada,2020-12-28,170,806,93,692,77,114,0,0,170,806,0,0,170,806,California
Nevada,2020-12-29,99,905,73,765,26,140,0,0,99,905,0,0,99,905,California
Nevada,2020-12-30,86,991,66,831,20,160,0,0,86,991,0,0,86,991,California
Nevada,2020-12-31,39,1030,9,840,30,190,0,0,39,1030,0,0,39,1030,California
Nevada,2021-01-01,3,1033,0,840,3,193,0,0,3,1033,0,0,3,1033,California
Nevada,2021-01-02,1,1034,1,841,0,193,0,0,1,1034,0,0,1,1034,California
Nevada,2021-01-03,130,1164,125,966,5,198,0,0,130,1164,0,0,130,1164,California
Nevada,2021-01-04,72,1236,47,1013,25,223,0,0,72,1236,0,0,72,1236,California
Nevada,2021-01-05,274,1510,133,1146,141,364,0,0,273,1508,1,1,273,1509,California
Nevada,2021-01-06,90,1600,42,1188,48,412,0,0,82,1582,8,9,82,1591,California
Nevada,2021-01-07,217,1817,44,1232,173,585,0,0,209,1785,7,16,210,1801,California
Nevada,2021-01-08,220,2037,128,1360,92,677,0,0,164,1894,56,72,165,1966,California
Nevada,2021-01-09,63,2100,56,1416,7,684,0,0,14,1859,49,121,14,1980,California
Nevada,2021-01-10,18,2118,9,1425,9,693,0,0,10,1861,8,129,10,1990,California
Nevada,2021-01-11,186,2304,131,1556,55,748,0,0,58,1791,128,257,58,2048,California
Nevada,2021-01-12,600,2904,453,2009,147,895,0,0,533,2257,67,324,533,2581,California
Nevada,2021-01-13,262,3166,148,2157,114,1009,0,0,128,2251,134,458,128,2709,California
Nevada,2021-01-14,238,3404,127,2284,111,1120,0,0,221,2456,16,474,221,2930,California
Nevada,2021-01-15,400,3804,173,2457,227,1347,0,0,299,2654,101,575,299,3229,California
Nevada,2021-01-16,296,4100,15,2472,281,1628,0,0,292,2942,4,579,292,3521,California
Nevada,2021-01-17,37,4137,33,2505,4,1632,0,0,35,2975,2,581,35,3556,California
Nevada,2021-01-18,150,4287,40,2545,110,1742,0,0,140,3105,10,591,140,3696,California
Nevada,2021-01-19,248,4535,88,2633,160,1902,0,0,228,3313,20,611,228,3924,California
Nevada,2021-01-20,275,4810,165,2798,110,2012,0,0,261,3560,14,625,261,4185,California
Nevada,2021-01-21,342,5152,207,3005,135,2147,0,0,328,3874,14,639,328,4513,California
Nevada,2021-01-22,378,5530,237,3242,141,2288,0,0,347,4190,31,670,347,4860,California
Nevada,2021-01-23,182,5712,107,3349,75,2363,0,0,182,4372,0,670,182,5042,California
Nevada,2021-01-24,110,5822,102,3451,8,2371,0,0,69,4400,41,711,69,5111,California
Nevada,2021-01-25,264,6086,135,3586,129,2500,0,0,203,4542,61,772,203,5314,California
Nevada,2021-01-26,408,6494,144,3730,264,2764,0,0,303,4740,105,877,303,5617,California
Nevada,2021-01-27,426,6920,252,3982,174,2938,0,0,401,5116,25,902,401,6018,California
Nevada,2021-01-28,479,7399,326,4308,153,3091,0,0,435,5508,43,945,435,6453,California
Nevada,2021-01-29,607,8006,393,4701,214,3305,0,0,579,6061,27,972,580,7033,California
Nevada,2021-01-30,234,8240,105,4806,129,3434,0,0,231,6289,3,975,231,7264,California
Nevada,2021-01-31,103,8343,86,4892,17,3451,0,0,99,6386,3,978,100,7364,California
Nevada,2021-02-01,293,8636,70,4962,223,3674,0,0,279,6651,14,992,279,7643,California
Nevada,2021-02-02,530,9166,186,5148,344,4018,0,0,331,6783,199,1191,331,7974,California
Nevada,2021-02-03,819,9985,575,5723,244,4262,0,0,764,7493,54,1245,764,8738,California
Nevada,2021-02-04,740,10725,392,6115,348,4610,0,0,489,7732,250,1495,489,9227,California
Nevada,2021-02-05,652,11377,369,6484,283,4893,0,0,462,8006,188,1683,462,9689,California
Nevada,2021-02-06,270,11647,82,6566,188,5081,0,0,242,8220,28,1711,242,9931,California
Nevada,2021-02-07,246,11893,192,6758,54,5135,0,0,192,8358,54,1765,192,10123,California
Nevada,2021-02-08,652,12545,405,7163,247,5382,0,0,551,8810,99,1864,551,10674,California
Nevada,2021-02-09,606,13151,339,7502,267,5649,0,0,463,9130,143,2007,463,11137,California
Nevada,2021-02-10,654,13805,326,7828,328,5977,0,0,422,9321,232,2239,423,11560,California
Nevada,2021-02-11,887,14692,514,8342,373,6350,0,0,553,9542,332,2571,553,12113,California
Nevada,2021-02-12,954,15646,444,8786,510,6860,0,0,628,9847,323,2894,628,12741,California
Nevada,2021-02-13,611,16257,240,9026,371,7231,0,0,390,10021,217,3111,391,13132,California
Nevada,2021-02-14,235,16492,121,9147,114,7345,0,0,206,10198,29,3140,206,13338,California
Nevada,2021-02-15,712,17204,438,9585,274,7619,0,0,537,10560,175,3315,537,13875,California
Nevada,2021-02-16,625,17829,201,9786,424,8043,0,0,455,10846,169,3484,455,14330,California
Nevada,2021-02-17,1193,19022,770,10556,423,8466,0,0,856,11365,337,3821,856,15186,California
Nevada,2021-02-18,1020,20042,555,11111,465,8931,0,0,602,11552,415,4236,602,15788,California
Nevada,2021-02-19,1026,21068,634,11745,392,9323,0,0,659,11847,365,4601,660,16448,California
Nevada,2021-02-20,302,21370,108,11853,194,9517,0,0,176,11898,125,4726,176,16624,California
Nevada,2021-02-21,92,21462,85,11938,7,9524,0,0,7,11823,82,4808,7,16631,California
Nevada,2021-02-22,499,21961,332,12270,167,9691,0,0,353,12031,145,4953,353,16984,California
Nevada,2021-02-23,495,22456,242,12512,253,9944,0,0,221,11982,271,5224,222,17206,California
Nevada,2021-02-24,515,22971,278,12790,237,10181,0,0,253,11977,262,5486,257,17463,California
Nevada,2021-02-25,870,23841,470,13260,400,10581,0,0,436,11981,432,5918,436,17899,California
Nevada,2021-02-26,1246,25087,886,14146,360,10941,0,0,415,11568,828,6746,415,18314,California
Nevada,2021-02-27,360,25447,112,14258,248,11189,0,0,190,11588,170,6916,190,18504,California
Nevada,2021-02-28,274,25721,160,14418,114,11303,0,0,126,11567,147,7063,126,18630,California
Nevada,2021-03-01,840,26561,437,14855,403,11706,0,0,368,11466,469,7532,368,18998,California
Nevada,2021-03-02,742,27303,292,15147,450,12156,0,0,511,11751,226,7758,511,19509,California
Nevada,2021-03-03,991,28294,509,15656,481,12637,1,1,518,11799,471,8229,519,20028,California
Nevada,2021-03-04,1111,29405,621,16277,490,13127,0,1,468,11628,639,8868,468,20496,California
Nevada,2021-03-05,843,30248,477,16754,356,13483,10,11,377,11551,464,9332,387,20883,California
Nevada,2021-03-06,364,30612,121,16875,216,13699,27,38,149,11511,215,9547,175,21058,California
Nevada,2021-03-07,210,30822,109,16984,82,13781,19,57,70,11460,140,9687,89,21147,California
Nevada,2021-03-08,828,31650,559,17543,223,14004,46,103,375,11430,452,10139,422,21569,California
Nevada,2021-03-09,793,32443,403,17946,340,14344,50,153,466,11620,325,10464,515,22084,California
Nevada,2021-03-10,1005,33448,648,18594,301,14645,56,209,339,11354,660,11124,394,22478,California
Nevada,2021-03-11,1108,34556,726,19320,357,15002,25,234,551,11381,549,11673,576,23054,California
Nevada,2021-03-12,1210,35766,728,20048,452,15454,30,264,513,11229,693,12366,541,23595,California
Nevada,2021-03-13,307,36073,57,20105,245,15699,5,269,125,11180,179,12545,130,23725,California
Nevada,2021-03-14,157,36230,20,20125,132,15831,5,274,33,11094,124,12669,38,23763,California
Nevada,2021-03-15,854,37084,464,20589,378,16209,12,286,360,10976,490,13159,372,24135,California
Nevada,2021-03-16,1000,38084,468,21057,470,16679,62,348,637,11313,361,13520,698,24833,California
Nevada,2021-03-17,1025,39109,454,21511,561,17240,10,358,584,11470,438,13958,595,25428,California
Nevada,2021-03-18,981,40090,532,22043,426,17666,23,381,477,11469,500,14458,499,25927,California
Nevada,2021-03-19,763,40853,440,22483,286,17952,37,418,355,11457,404,14862,392,26319,California
Nevada,2021-03-20,822,41675,93,22576,302,18254,427,845,228,11520,588,15450,651,26970,California
Nevada,2021-03-21,59,41734,32,22608,26,18280,1,846,40,11543,18,15468,41,27011,California
Nevada,2021-03-22,803,42537,519,23127,279,18559,5,851,533,11814,267,15735,538,27549,California
Nevada,2021-03-23,863,43400,391,23518,445,19004,27,878,619,12219,241,15976,646,28195,California
Nevada,2021-03-24,1023,44423,543,24061,473,19477,7,885,639,12486,378,16354,645,28840,California
Nevada,2021-03-25,913,45336,463,24524,425,19902,25,910,495,12589,416,16770,519,29359,California
Nevada,2021-03-26,1149,46485,441,24965,669,20571,39,949,822,13125,324,17094,860,30219,California
Nevada,2021-03-27,570,47055,72,25037,482,21053,16,965,387,13346,182,17276,403,30622,California
Nevada,2021-03-28,176,47231,52,25089,111,21164,13,978,37,13262,135,17411,51,30673,California
Nevada,2021-03-29,825,48056,503,25592,300,21464,22,1000,374,13209,448,17859,395,31068,California
Nevada,2021-03-30,1058,49114,482,26074,542,22006,34,1034,487,13167,563,18422,521,31589,California
Nevada,2021-03-31,1181,50295,661,26735,503,22509,17,1051,670,13351,502,18924,686,32275,California
Nevada,2021-04-01,1245,51540,724,27459,468,22977,53,1104,551,13270,684,19608,603,32878,California
Nevada,2021-04-02,1295,52835,664,28123,595,23572,36,1140,762,13540,529,20137,799,33677,California
Nevada,2021-04-03,288,53123,86,28209,162,23734,40,1180,81,13455,206,20343,121,33798,California
Nevada,2021-04-04,129,53252,42,28251,80,23814,7,1187,77,13487,52,20395,84,33882,California
Nevada,2021-04-05,937,54189,615,28866,302,24116,20,1207,621,13816,311,20706,640,34522,California
Nevada,2021-04-06,1075,55264,666,29532,265,24381,144,1351,434,13759,634,21340,577,35099,California
Nevada,2021-04-07,1147,56411,819,30351,245,24626,83,1434,608,13917,532,21872,690,35789,California
Nevada,2021-04-08,1280,57691,891,31242,306,24932,83,1517,707,14139,569,22441,791,36580,California
Nevada,2021-04-09,1250,58941,849,32091,333,25265,68,1585,843,14646,405,22846,912,37492,California
Nevada,2021-04-10,283,59224,78,32169,129,25394,76,1661,109,14664,172,23018,190,37682,California
Nevada,2021-04-11,106,59330,34,32203,66,25460,6,1667,41,14646,65,23083,47,37729,California
Nevada,2021-04-12,749,60079,542,32745,190,25650,17,1684,318,14555,426,23509,335,38064,California
Nevada,2021-04-13,891,60970,355,33100,536,26186,0,1684,471,14612,416,23925,473,38537,California
Nevada,2021-04-14,1057,62027,568,33668,489,26675,0,1684,538,14639,511,24436,538,39075,California
Nevada,2021-04-15,1082,63109,710,34378,372,27047,0,1684,624,14819,446,24882,626,39701,California
Nevada,2021-04-16,900,64009,693,35071,207,27254,0,1684,517,14957,381,25263,519,40220,California
Nevada,2021-04-17,201,64210,55,35126,146,27400,0,1684,86,14930,113,25376,86,40306,California
Nevada,2021-04-18,189,64399,21,35147,168,27568,0,1684,103,14947,86,25462,103,40409,California
Nevada,2021-04-19,755,65154,483,35630,272,27840,0,1684,308,14818,437,25899,308,40717,California
Nevada,2021-04-20,828,65982,328,35958,500,28340,0,1684,311,14619,511,26410,312,41029,California
Nevada,2021-04-21,932,66914,519,36477,413,28753,0,1684,271,14239,651,27061,271,41300,California
Nevada,2021-04-22,1004,67918,630,37107,374,29127,0,1684,339,13927,654,27715,342,41642,California
Nevada,2021-04-23,1232,69150,552,37659,680,29807,0,1684,395,13498,825,28540,396,42038,California
Nevada,2021-04-24,517,69667,70,37729,447,30254,0,1684,167,13317,348,28888,167,42205,California
Nevada,2021-04-25,113,69780,60,37789,48,30302,5,1689,50,13309,62,28950,54,42259,California
Nevada,2021-04-26,746,70526,561,38350,177,30479,8,1697,220,13021,516,29466,228,42487,California
Nevada,2021-04-27,817,71343,380,38730,432,30911,5,1702,410,13037,399,29865,415,42902,California
Nevada,2021-04-28,990,72333,580,39310,405,31316,5,1707,386,12830,599,30464,392,43294,California
Nevada,2021-04-29,1014,73347,706,40016,304,31620,4,1711,277,12377,735,31199,282,43576,California
Nevada,2021-04-30,1230,74577,727,40743,494,32114,9,1720,207,11572,1021,32220,216,43792,California
Nevada,2021-05-01,144,74721,60,40803,80,32194,4,1724,63,11560,79,32299,67,43859,California
Nevada,2021-05-02,58,74779,32,40835,22,32216,4,1728,20,11546,38,32337,24,43883,California
Nevada,2021-05-03,610,75389,405,41240,186,32402,19,1747,178,11315,428,32765,197,44080,California
Nevada,2021-05-04,591,75980,172,41412,401,32803,18,1765,336,11418,251,33016,354,44434,California
Nevada,2021-05-05,737,76717,381,41793,342,33145,14,1779,324,11352,404,33420,338,44772,California
Nevada,2021-05-06,804,77521,565,42358,228,33373,11,1790,195,10960,599,34019,207,44979,California
Nevada,2021-05-07,889,78410,487,42845,367,33740,35,1825,184,10495,701,34720,236,45215,California
Nevada,2021-05-08,172,78582,19,42864,133,33873,20,1845,77,10501,94,34814,100,45315,California
Nevada,2021-05-09,46,78628,8,42872,36,33909,2,1847,22,10502,24,34838,25,45340,California
Nevada,2021-05-10,391,79019,248,43120,119,34028,24,1871,76,10288,314,35152,100,45440,California
Nevada,2021-05-11,518,79537,156,43276,349,34377,13,1884,130,10054,380,35532,146,45586,California
Nevada,2021-05-12,543,80080,237,43513,295,34672,11,1895,155,9841,380,35912,167,45753,California
Nevada,2021-05-13,835,80915,552,44065,273,34945,10,1905,429,9882,398,36310,439,46192,California
Nevada,2021-05-14,787,81702,581,44646,188,35133,18,1923,439,9997,344,36654,459,46651,California
Nevada,2021-05-15,187,81889,87,44733,92,35225,8,1931,87,9993,99,36753,95,46746,California
Nevada,2021-05-16,160,82049,54,44787,106,35331,0,1931,56,9945,104,36857,56,46802,California
Nevada,2021-05-17,494,82543,316,45103,148,35479,30,1961,210,9912,273,37130,240,47042,California
Nevada,2021-05-18,418,82961,255,45358,159,35638,4,1965,221,9944,195,37325,227,47269,California
Nevada,2021-05-19,491,83452,355,45713,131,35769,5,1970,256,9980,226,37551,262,47531,California
Nevada,2021-05-20,607,84059,351,46064,244,36013,12,1982,216,9822,386,37937,228,47759,California
Nevada,2021-05-21,509,84568,327,46391,172,36185,10,1992,218,9768,288,38225,234,47993,California
Nevada,2021-05-22,244,84812,34,46425,157,36342,53,2045,93,9763,151,38376,146,48139,California
Nevada,2021-05-23,50,84862,18,46443,32,36374,0,2045,17,9748,32,38408,17,48156,California
Nevada,2021-05-24,309,85171,219,46662,79,36453,11,2056,106,9665,200,38608,117,48273,California
Nevada,2021-05-25,343,85514,82,46744,249,36702,12,2068,81,9504,257,38865,96,48369,California
Nevada,2021-05-26,453,85967,197,46941,246,36948,10,2078,135,9338,311,39176,145,48514,California
Nevada,2021-05-27,421,86388,225,47166,174,37122,22,2100,179,9300,239,39415,201,48715,California
Nevada,2021-05-28,346,86734,212,47378,112,37234,22,2122,190,9362,153,39568,215,48930,California
Nevada,2021-05-29,67,86801,12,47390,55,37289,0,2122,42,9379,25,39593,42,48972,California
Nevada,2021-05-30,37,86838,20,47410,15,37304,2,2124,25,9394,12,39605,27,48999,California
Nevada,2021-05-31,6,86844,4,47414,0,37304,2,2126,2,9394,4,39609,4,49003,California
Nevada,2021-06-01,421,87265,128,47542,276,37580,17,2143,102,9203,310,39919,119,49122,California
Nevada,2021-06-02,402,87667,165,47707,230,37810,7,2150,101,9018,293,40212,108,49230,California
Nevada,2021-06-03,558,88225,402,48109,151,37961,5,2155,97,8666,456,40668,104,49334,California
Nevada,2021-06-04,543,88768,434,48543,105,38066,4,2159,107,8346,432,41100,112,49446,California
Nevada,2021-06-05,173,88941,70,48613,101,38167,2,2161,67,8310,105,41205,69,49515,California
Nevada,2021-06-06,53,88994,40,48653,13,38180,0,2161,11,8279,42,41247,11,49526,California
Nevada,2021-06-07,267,89261,195,48848,42,38222,30,2191,60,8167,202,41449,90,49616,California
Nevada,2021-06-08,287,89548,188,49036,85,38307,14,2205,65,8033,213,41662,79,49695,California
Nevada,2021-06-09,326,89874,217,49253,102,38409,7,2212,81,7881,240,41902,88,49783,California
Nevada,2021-06-10,275,90149,179,49432,88,38497,8,2220,74,7768,194,42096,81,49864,California
Nevada,2021-06-11,326,90475,233,49665,74,38571,19,2239,75,7613,248,42344,93,49957,California
Nevada,2021-06-12,91,90566,53,49718,33,38604,5,2244,26,7579,65,42409,31,49988,California
Nevada,2021-06-13,32,90598,17,49735,14,38618,1,2245,6,7560,26,42435,7,49995,California
Nevada,2021-06-14,189,90787,135,49870,43,38661,11,2256,49,7487,134,42569,61,50056,California
Nevada,2021-06-15,169,90956,95,49965,66,38727,8,2264,63,7456,102,42671,71,50127,California
Nevada,2021-06-16,237,91193,133,50098,96,38823,8,2272,68,7371,162,42833,77,50204,California
Nevada,2021-06-17,222,91415,131,50229,78,38901,13,2285,39,7241,182,43015,52,50256,California
Nevada,2021-06-18,219,91634,150,50379,51,38952,18,2303,67,7176,150,43165,85,50341,California
Nevada,2021-06-19,68,91702,33,50412,30,38982,5,2308,29,7171,39,43204,34,50375,California
Nevada,2021-06-20,27,91729,20,50432,7,38989,0,2308,8,7161,18,43222,8,50383,California
Nevada,2021-06-21,108,91837,48,50480,53,39042,7,2315,49,7166,53,43275,58,50441,California
Nevada,2021-06-22,162,91999,97,50577,53,39095,12,2327,63,7149,93,43368,76,50517,California
Nevada,2021-06-23,210,92209,137,50714,43,39138,30,2357,85,7143,120,43488,114,50631,California
Nevada,2021-06-24,174,92383,113,50827,44,39182,17,2374,58,7108,110,43598,75,50706,California
Nevada,2021-06-25,208,92591,139,50966,48,39230,21,2395,76,7074,132,43730,98,50804,California
Nevada,2021-06-26,75,92666,55,51021,19,39249,1,2396,24,7048,51,43781,25,50829,California
Nevada,2021-06-27,22,92688,11,51032,8,39257,3,2399,3,7035,19,43800,6,50835,California
Orange,2020-12-15,16,16,16,16,0,0,0,0,16,16,0,0,16,16,California
Orange,2020-12-16,396,412,396,412,0,0,0,0,396,412,0,0,396,412,California
Orange,2020-12-17,3762,4174,3762,4174,0,0,0,0,3761,4173,0,0,3761,4173,California
Orange,2020-12-18,5123,9297,5115,9289,8,8,0,0,5121,9293,1,1,5121,9294,California
Orange,2020-12-19,2245,11542,2238,11527,7,15,0,0,2244,11537,0,1,2244,11538,California
Orange,2020-12-20,2001,13543,1998,13525,3,18,0,0,2002,13539,0,1,2002,13540,California
Orange,2020-12-21,4268,17811,4262,17787,6,24,0,0,4268,17807,0,1,4268,17808,California
Orange,2020-12-22,3999,21810,3963,21750,36,60,0,0,3999,21806,0,1,3999,21807,California
Orange,2020-12-23,3606,25416,3237,24987,369,429,0,0,3608,25414,0,1,3608,25415,California
Orange,2020-12-24,1389,26805,1088,26075,301,730,0,0,1389,26803,0,1,1389,26804,California
Orange,2020-12-25,21,26826,16,26091,5,735,0,0,21,26824,0,1,21,26825,California
Orange,2020-12-26,997,27823,424,26515,573,1308,0,0,997,27821,0,1,997,27822,California
Orange,2020-12-27,586,28409,276,26791,310,1618,0,0,586,28407,0,1,586,28408,California
Orange,2020-12-28,3631,32040,2636,29427,995,2613,0,0,3631,32038,0,1,3631,32039,California
Orange,2020-12-29,3528,35568,2507,31934,1021,3634,0,0,3527,35564,1,2,3527,35566,California
Orange,2020-12-30,5143,40711,3554,35488,1589,5223,0,0,5143,40707,0,2,5143,40709,California
Orange,2020-12-31,1534,42245,821,36309,713,5936,0,0,1531,42235,3,5,1531,42240,California
Orange,2021-01-01,696,42941,379,36688,317,6253,0,0,694,42927,2,7,694,42934,California
Orange,2021-01-02,1369,44310,845,37533,524,6777,0,0,1366,44291,2,9,1366,44300,California
Orange,2021-01-03,589,44899,323,37856,266,7043,0,0,589,44880,0,9,589,44889,California
Orange,2021-01-04,2780,47679,1573,39429,1207,8250,0,0,2781,47660,1,10,2781,47670,California
Orange,2021-01-05,3554,51233,2318,41747,1236,9486,0,0,3140,50392,411,421,3143,50813,California
Orange,2021-01-06,5049,56282,3480,45227,1569,11055,0,0,3669,52693,1368,1789,3669,54482,California
Orange,2021-01-07,9358,65640,5218,50445,4140,15195,0,0,5739,54833,3604,5393,5744,60226,California
Orange,2021-01-08,9495,75135,5312,55757,4183,19378,0,0,5692,56736,3792,9185,5695,65921,California
Orange,2021-01-09,5043,80178,1755,57512,3288,22666,0,0,3756,59205,1287,10472,3756,69677,California
Orange,2021-01-10,4261,84439,1050,58562,3211,25877,0,0,3378,61705,882,11354,3382,73059,California
Orange,2021-01-11,9520,93959,4938,63500,4582,30459,0,0,5877,63939,3647,15001,5881,78940,California
Orange,2021-01-12,9010,102969,4853,68353,4157,34616,0,0,5524,65981,3484,18485,5526,84466,California
Orange,2021-01-13,10364,113333,4953,73306,5411,40027,0,0,7139,69905,3222,21707,7146,91612,California
Orange,2021-01-14,10136,123469,3818,77124,6318,46345,0,0,8536,76849,1598,23305,8542,100154,California
Orange,2021-01-15,10328,133797,2675,79799,7653,53998,0,0,9437,85393,899,24204,9443,109597,California
Orange,2021-01-16,8837,142634,2118,81917,6719,60717,0,0,8433,93430,401,24605,8438,118035,California
Orange,2021-01-17,8266,150900,1517,83434,6749,67466,0,0,8111,101396,155,24760,8121,126156,California
Orange,2021-01-18,9790,160690,4441,87875,5349,72815,0,0,7528,106662,2265,27025,7531,133687,California
Orange,2021-01-19,7608,168298,5472,93347,2136,74951,0,0,4963,108983,2644,29669,4965,138652,California
Orange,2021-01-20,8674,176972,6101,99448,2573,77524,0,0,5602,111523,3071,32740,5611,144263,California
Orange,2021-01-21,11367,188339,5128,104576,6239,83763,0,0,10511,121192,853,33593,10522,154785,California
Orange,2021-01-22,13953,202292,5224,109800,8729,92492,0,0,13057,133370,887,34480,13065,167850,California
Orange,2021-01-23,13307,215599,6219,116019,7088,99580,0,0,12362,144801,941,35421,12372,180222,California
Orange,2021-01-24,9949,225548,4301,120320,5648,105228,0,0,9596,154053,348,35769,9600,189822,California
Orange,2021-01-25,10526,236074,5885,126205,4641,109869,0,0,7777,159096,2739,38508,7782,197604,California
Orange,2021-01-26,11982,248056,7721,133926,4261,114130,0,0,9790,166701,2188,40696,9793,207397,California
Orange,2021-01-27,13649,261705,8024,141950,5625,119755,0,0,10892,174853,2746,43442,10898,218295,California
Orange,2021-01-28,13282,274987,7272,149222,6010,125765,0,0,11346,184288,1920,45362,11355,229650,California
Orange,2021-01-29,13816,288803,8456,157678,5360,131125,0,0,10865,192224,2932,48294,10868,240518,California
Orange,2021-01-30,13226,302029,4523,162201,8703,139828,0,0,12432,203883,777,49071,12436,252954,California
Orange,2021-01-31,13863,315892,4930,167131,8933,148761,0,0,13397,216829,459,49530,13405,266359,California
Orange,2021-02-01,15059,330951,6549,173680,8510,157271,0,0,12529,226863,2503,52033,12537,278896,California
Orange,2021-02-02,15245,346196,8027,181707,7218,164489,0,0,12735,237132,2472,54505,12741,291637,California
Orange,2021-02-03,16831,363027,12488,194195,4343,168832,0,0,13830,248048,2920,57425,13836,305473,California
Orange,2021-02-04,20167,383194,13121,207316,7046,175878,0,0,15003,257934,5125,62550,15011,320484,California
Orange,2021-02-05,21022,404216,12079,219395,8943,184821,0,0,14608,266186,6367,68917,14619,335103,California
Orange,2021-02-06,16528,420744,10858,230253,5670,190491,0,0,11226,272347,5286,74203,11447,346550,California
Orange,2021-02-07,11609,432353,8120,238373,3489,193980,0,0,7608,276142,3984,78187,7779,354329,California
Orange,2021-02-08,15237,447590,8732,247105,6505,200485,0,0,9112,279164,6095,84282,9117,363446,California
Orange,2021-02-09,17922,465512,12149,259254,5773,206258,0,0,10738,282808,7108,91390,10752,374198,California
Orange,2021-02-10,21128,486640,11241,270495,9887,216145,0,0,12775,287349,8257,99647,12798,386996,California
Orange,2021-02-11,22440,509080,11614,282109,10826,226971,0,0,12285,289643,10015,109662,12309,399305,California
Orange,2021-02-12,25208,534288,12124,294233,13084,240055,0,0,14768,294062,10370,120032,14789,414094,California
Orange,2021-02-13,22149,556437,11992,306225,10157,250212,0,0,11152,295038,10833,130865,11809,425903,California
Orange,2021-02-14,16314,572751,6641,312866,9673,259885,0,0,9627,298016,6657,137522,9635,435538,California
Orange,2021-02-15,17499,590250,7524,320390,9975,269860,0,0,9018,298621,8435,145957,9040,444578,California
Orange,2021-02-16,20212,610462,9133,329523,11079,280939,0,0,10857,300219,9299,155256,10897,455475,California
Orange,2021-02-17,18210,628672,9539,339062,8671,289610,0,0,9288,300714,8862,164118,9357,464832,California
Orange,2021-02-18,15292,643964,10007,349069,5285,294895,0,0,6896,299306,8338,172456,6930,471762,California
Orange,2021-02-19,18407,662371,10999,360068,7408,302303,0,0,6961,294906,11387,183843,6987,478749,California
Orange,2021-02-20,7646,670017,5690,365758,1956,304259,0,0,3831,294978,3788,187631,3860,482609,California
Orange,2021-02-21,4694,674711,3990,369748,704,304963,0,0,972,292280,3678,191309,980,483589,California
Orange,2021-02-22,9838,684549,8000,377748,1838,306801,0,0,3981,290466,5821,197130,4007,487596,California
Orange,2021-02-23,13643,698192,7475,385223,6168,312969,0,0,3632,284203,9938,207068,3675,491271,California
Orange,2021-02-24,21420,719612,12935,398158,8485,321454,0,0,5459,273840,15891,222959,5528,496799,California
Orange,2021-02-25,23051,742663,12462,410620,10589,332043,0,0,8118,267157,14854,237813,8171,504970,California
Orange,2021-02-26,28278,770941,14313,424933,13965,346008,0,0,11437,261958,16704,254517,11505,516475,California
Orange,2021-02-27,25333,796274,10321,435254,15009,361017,3,3,7400,251614,17808,272325,7464,523939,California
Orange,2021-02-28,19282,815556,7485,442739,11797,372814,0,3,4898,242309,14246,286571,4941,528880,California
Orange,2021-03-01,18922,834478,8660,451399,10244,383058,18,21,7370,238306,11437,298008,7434,536314,California
Orange,2021-03-02,19656,854134,9494,460893,10158,393216,4,25,9586,237949,10009,308017,9652,545966,California
Orange,2021-03-03,21369,875503,10146,471039,11218,404434,5,30,11505,239747,9776,317793,11574,557540,California
Orange,2021-03-04,22905,898408,13155,484194,9736,414170,14,44,11824,240609,11035,328828,11897,569437,California
Orange,2021-03-05,21477,919885,11185,495379,10243,424413,49,93,13114,245557,8315,337143,13263,582700,California
Orange,2021-03-06,24448,944333,13429,508808,10143,434556,876,969,12898,247884,11497,348640,13824,596524,California
Orange,2021-03-07,15455,959788,8675,517483,6364,440920,416,1385,8999,250937,6414,355054,9467,605991,California
Orange,2021-03-08,17047,976835,7892,525375,7842,448762,1313,2698,10896,257122,6080,361134,12265,618256,California
Orange,2021-03-09,21328,998163,9870,535245,8990,457752,2468,5166,12558,263445,8726,369860,15049,633305,California
Orange,2021-03-10,25028,1023191,12286,547531,9280,467032,3462,8628,12600,267172,12359,382219,16086,649391,California
Orange,2021-03-11,29357,1052548,15897,563428,9202,476234,4258,12886,13555,269305,15694,397913,17827,667218,California
Orange,2021-03-12,29624,1082172,14411,577839,11329,487563,3884,16770,14831,273360,14698,412611,18753,685971,California
Orange,2021-03-13,28003,1110175,10296,588135,13746,501309,3961,20731,14139,277666,13801,426412,18107,704078,California
Orange,2021-03-14,18996,1129171,8257,596392,8188,509497,2551,23282,11837,284933,7123,433535,14390,718468,California
Orange,2021-03-15,23301,1152472,10284,606676,12249,521746,768,24050,14487,291478,8718,442253,15263,733731,California
Orange,2021-03-16,26665,1179137,11300,617976,15091,536837,274,24324,17194,299588,9384,451637,17494,751225,California
Orange,2021-03-17,27558,1206695,13714,631690,13281,550118,563,24887,19579,311840,7891,459528,20143,771368,California
Orange,2021-03-18,28122,1234817,14187,645877,13632,563750,303,25190,21753,327616,6296,465824,22072,793440,California
Orange,2021-03-19,33883,1268700,18644,664521,14785,578535,454,25644,25080,344479,8686,474510,25549,818989,California
Orange,2021-03-20,25959,1294659,13674,678195,12079,590614,206,25850,22090,362989,3796,478306,22306,841295,California
Orange,2021-03-21,18732,1313391,10864,689059,7121,597735,747,26597,15808,376661,2886,481192,16558,857853,California
Orange,2021-03-22,22964,1336355,11933,700992,10708,608443,323,26920,19278,392694,3581,484773,19614,877467,California
Orange,2021-03-23,26325,1362680,13760,714752,11919,620362,646,27566,20824,408758,5414,490187,21478,898945,California
Orange,2021-03-24,29405,1392085,16468,731220,12007,632369,930,28496,22034,424465,7263,497450,22970,921915,California
Orange,2021-03-25,32681,1424766,17375,748595,14588,646957,718,29214,24295,441203,8279,505729,25017,946932,California
Orange,2021-03-26,35097,1459863,18235,766830,15994,662951,868,30082,24900,456913,10070,515799,25780,972712,California
Orange,2021-03-27,28632,1488495,13720,780550,14596,677547,316,30398,19810,468322,8720,524519,20129,992841,California
Orange,2021-03-28,24980,1513475,12989,793539,11923,689470,68,30466,18627,480758,6266,530785,18702,1011543,California
Orange,2021-03-29,26708,1540183,12249,805788,13890,703360,569,31035,17841,490421,8752,539537,18415,1029958,California
Orange,2021-03-30,31046,1571229,14051,819839,16357,719717,638,31673,20449,501008,10500,550037,21087,1051045,California
Orange,2021-03-31,37362,1608591,19596,839435,17044,736761,722,32395,23704,511914,13522,563559,24428,1075473,California
Orange,2021-04-01,40880,1649471,21458,860893,17473,754234,1949,34344,26240,525636,14453,578012,28175,1103648,California
Orange,2021-04-02,40419,1689890,20394,881287,18166,772400,1859,36203,22736,532678,17560,595572,24602,1128250,California
Orange,2021-04-03,30492,1720382,15788,897075,12928,785328,1776,37979,14365,532779,16033,611605,16134,1144384,California
Orange,2021-04-04,18515,1738897,10745,907820,6997,792325,773,38752,8165,531427,10286,621891,8934,1153318,California
Orange,2021-04-05,30251,1769148,14144,921964,12680,805005,3427,42179,13848,532389,16306,638197,17268,1170586,California
Orange,2021-04-06,33646,1802794,15752,937716,14436,819441,3458,45637,14429,531141,19113,657310,17865,1188451,California
Orange,2021-04-07,36432,1839226,20248,957964,11525,830966,4659,50296,16037,531505,20295,677605,20659,1209110,California
Orange,2021-04-08,39489,1878715,21829,979793,12097,843063,5563,55859,19104,535875,20262,697867,24632,1233742,California
Orange,2021-04-09,41357,1920072,24059,1003852,12003,855066,5295,61154,18251,536396,22994,720861,23515,1257257,California
Orange,2021-04-10,34842,1954914,18383,1022235,12157,867223,4302,65456,14422,534779,20319,741180,18702,1275959,California
Orange,2021-04-11,25854,1980768,14645,1036880,7918,875141,3291,68747,9913,532081,15882,757062,13184,1289143,California
Orange,2021-04-12,30847,2011615,15575,1052455,11620,886761,3652,72399,12126,529203,18638,775700,15760,1304903,California
Orange,2021-04-13,32863,2044478,18505,1070960,14288,901049,70,72469,15303,527103,17476,793176,15376,1320279,California
Orange,2021-04-14,35066,2079544,20572,1091532,14458,915507,36,72505,15248,522701,19698,812874,15296,1335575,California
Orange,2021-04-15,40920,2120464,24922,1116454,15983,931490,15,72520,19047,520016,21743,834617,19058,1354633,California
Orange,2021-04-16,42133,2162597,24780,1141234,17323,948813,30,72550,19053,516170,22940,857557,19094,1373727,California
Orange,2021-04-17,30684,2193281,17401,1158635,13276,962089,7,72557,13476,512599,17060,874617,13489,1387216,California
Orange,2021-04-18,22298,2215579,13602,1172237,8696,970785,0,72557,8882,508144,13343,887960,8888,1396104,California
Orange,2021-04-19,33087,2248666,18288,1190525,14795,985580,4,72561,15227,505628,17753,905713,15237,1411341,California
Orange,2021-04-20,36625,2285291,19366,1209891,17252,1002832,7,72568,18235,505580,18296,924009,18248,1429589,California
Orange,2021-04-21,42495,2327786,24906,1234797,17580,1020412,9,72577,20178,503632,22139,946148,20191,1449780,California
Orange,2021-04-22,40142,2367928,21490,1256287,18642,1039054,10,72587,16733,497122,23261,969409,16751,1466531,California
Orange,2021-04-23,41094,2409022,21587,1277874,19499,1058553,8,72595,18407,492984,22562,991971,18424,1484955,California
Orange,2021-04-24,32130,2441152,16831,1294705,15267,1073820,32,72627,13492,487965,18546,1010517,13527,1498482,California
Orange,2021-04-25,23009,2464161,12993,1307698,10001,1083821,15,72642,9829,484706,13110,1023627,9851,1508333,California
Orange,2021-04-26,29299,2493460,14536,1322234,14564,1098385,199,72841,12695,481120,16483,1040110,12897,1521230,California
Orange,2021-04-27,31562,2525022,14964,1337198,15966,1114351,632,73473,11962,474299,19422,1059532,12601,1533831,California
Orange,2021-04-28,31449,2556471,15969,1353167,14595,1128946,885,74358,12637,469144,18676,1078208,13521,1547352,California
Orange,2021-04-29,32506,2588977,17957,1371124,13580,1142526,969,75327,11578,460877,20806,1099014,12539,1559891,California
Orange,2021-04-30,30425,2619402,17537,1388661,11941,1154467,947,76274,13005,457515,17304,1116318,13942,1573833,California
Orange,2021-05-01,22988,2642390,15738,1404399,6261,1160728,989,77263,8782,453191,14087,1130405,9763,1583596,California
Orange,2021-05-02,15450,2657840,10292,1414691,4513,1165241,645,77908,5382,449214,9998,1140403,6021,1589617,California
Orange,2021-05-03,20699,2678539,12644,1427335,7292,1172533,763,78671,6507,442382,14101,1154504,7269,1596886,California
Orange,2021-05-04,24206,2702745,14000,1441335,9286,1181819,920,79591,8269,435737,15821,1170325,9176,1606062,California
Orange,2021-05-05,25452,2728197,14453,1455788,10102,1191921,897,80488,8190,427701,17123,1187448,9087,1615149,California
Orange,2021-05-06,26875,2755072,16397,1472185,9477,1201398,1001,81489,7392,416740,19347,1206795,8386,1623535,California
Orange,2021-05-07,29363,2784435,17775,1489960,10534,1211932,1054,82543,8172,404991,20969,1227764,9220,1632755,California
Orange,2021-05-08,19156,2803591,12812,1502772,5543,1217475,801,83344,5545,397849,13479,1241243,6337,1639092,California
Orange,2021-05-09,11140,2814731,8503,1511275,2262,1219737,375,83719,2807,392747,8284,1249527,3182,1642274,California
Orange,2021-05-10,19509,2834240,12021,1523296,6706,1226443,782,84501,4309,382734,15105,1264632,5092,1647366,California
Orange,2021-05-11,22725,2856965,12846,1536142,9141,1235584,738,85239,5382,371612,17235,1281867,6113,1653479,California
Orange,2021-05-12,24094,2881059,14990,1551132,8267,1243851,837,86076,6541,361572,17415,1299282,7375,1660854,California
Orange,2021-05-13,22117,2903176,13713,1564845,7795,1251646,609,86685,8140,356458,13864,1313146,8750,1669604,California
Orange,2021-05-14,26832,2930008,17749,1582594,8231,1259877,852,87537,10439,351471,16249,1329395,11262,1680866,California
Orange,2021-05-15,20444,2950452,14760,1597354,5134,1265011,550,88087,8278,348198,12094,1341489,8821,1689687,California
Orange,2021-05-16,15550,2966002,12819,1610173,2392,1267403,339,88426,6680,346405,8810,1350299,7017,1696704,California
Orange,2021-05-17,19557,2985559,12842,1623015,6014,1273417,701,89127,6888,341380,12601,1362900,7576,1704280,California
Orange,2021-05-18,20607,3006166,12010,1635025,7927,1281344,670,89797,7993,337517,12519,1375419,8656,1712936,California
Orange,2021-05-19,22542,3028708,12900,1647925,8968,1290312,674,90471,7684,331129,14737,1390156,8349,1721285,California
Orange,2021-05-20,22580,3051288,13245,1661170,8667,1298979,668,91139,7718,324762,14751,1404907,8384,1729669,California
Orange,2021-05-21,25605,3076893,14660,1675830,10219,1309198,726,91865,8263,316518,17228,1422135,8984,1738653,California
Orange,2021-05-22,18292,3095185,12176,1688006,5569,1314767,547,92412,6948,312760,11253,1433388,7495,1746148,California
Orange,2021-05-23,10018,3105203,6923,1694929,2822,1317589,273,92685,3505,310069,6468,1439856,3777,1749925,California
Orange,2021-05-24,15678,3120881,9320,1704249,5735,1323324,623,93308,5790,306680,9795,1449651,6406,1756331,California
Orange,2021-05-25,15650,3136531,9213,1713462,5912,1329236,525,93833,5567,302796,9971,1459622,6087,1762418,California
Orange,2021-05-26,15261,3151792,8564,1722026,6196,1335432,501,94334,5622,299362,9547,1469169,6113,1768531,California
Orange,2021-05-27,14410,3166202,8673,1730699,5193,1340625,544,94878,6297,298158,8037,1477206,6833,1775364,California
Orange,2021-05-28,16821,3183023,9916,1740615,6276,1346901,629,95507,7371,296792,9355,1486561,7989,1783353,California
Orange,2021-05-29,8989,3192012,5263,1745878,3367,1350268,359,95866,4063,296339,4869,1491430,4416,1787769,California
Orange,2021-05-30,5989,3198001,3889,1749767,1823,1352091,277,96143,2143,294944,3810,1495240,2415,1790184,California
Orange,2021-05-31,1697,3199698,1052,1750819,598,1352689,47,96190,521,294354,1157,1496397,567,1790751,California
Orange,2021-06-01,13395,3213093,7780,1758599,5125,1357814,490,96680,4982,291513,8305,1504702,5464,1796215,California
Orange,2021-06-02,13016,3226109,8064,1766663,4534,1362348,418,97098,4455,287968,8411,1513113,4866,1801081,California
Orange,2021-06-03,12890,3238999,8904,1775567,3532,1365880,454,97552,4400,284389,8428,1521541,4849,1805930,California
Orange,2021-06-04,17151,3256150,12160,1787727,4412,1370292,579,98131,5241,278382,11824,1533365,5817,1811747,California
Orange,2021-06-05,12917,3269067,9747,1797474,2789,1373081,381,98512,3831,273561,9029,1542394,4208,1815955,California
Orange,2021-06-06,5340,3274407,4537,1802011,603,1373684,200,98712,1820,272083,3498,1545892,2020,1817975,California
Orange,2021-06-07,10774,3285181,7616,1809627,2694,1376378,464,99176,3317,268472,7385,1553277,3774,1821749,California
Orange,2021-06-08,12184,3297365,8774,1818401,2901,1379279,509,99685,3770,264429,8323,1561600,4280,1826029,California
Orange,2021-06-09,11733,3309098,8120,1826521,3156,1382435,457,100142,3292,259818,8355,1569955,3744,1829773,California
Orange,2021-06-10,11590,3320688,8436,1834957,2692,1385127,462,100604,3404,255553,8126,1578081,3861,1833634,California
Orange,2021-06-11,13277,3333965,9333,1844290,3446,1388573,498,101102,4283,251426,8904,1586985,4777,1838411,California
Orange,2021-06-12,9794,3343759,7499,1851789,1979,1390552,316,101418,3015,248032,6725,1593710,3331,1841742,California
Orange,2021-06-13,4042,3347801,2944,1854733,936,1391488,162,101580,1016,246218,2993,1596703,1179,1842921,California
Orange,2021-06-14,9844,3357645,7180,1861913,2206,1393694,458,102038,3262,243406,6530,1603233,3718,1846639,California
Orange,2021-06-15,10183,3367828,7333,1869246,2417,1396111,433,102471,3563,240852,6546,1609779,3992,1850631,California
Orange,2021-06-16,9559,3377387,6870,1876116,2223,1398334,466,102937,3275,238363,6225,1616004,3736,1854367,California
Orange,2021-06-17,9342,3386729,7052,1883168,1922,1400256,368,103305,3325,236100,5956,1621960,3693,1858060,California
Orange,2021-06-18,11055,3397784,8046,1891214,2527,1402783,482,103787,3846,233293,7132,1629092,4325,1862385,California
Orange,2021-06-19,6316,3404100,4711,1895925,1361,1404144,244,104031,2613,232500,3653,1632745,2860,1865245,California
Orange,2021-06-20,3074,3407174,2386,1898311,595,1404739,93,104124,1041,231614,2020,1634765,1134,1866379,California
Orange,2021-06-21,6625,3413799,4563,1902874,1632,1406371,430,104554,3565,232581,3029,1637794,3996,1870375,California
Orange,2021-06-22,7688,3421487,5683,1908557,1653,1408024,352,104906,2925,231163,4695,1642489,3277,1873652,California
Orange,2021-06-23,7313,3428800,5495,1914052,1514,1409538,304,105210,2965,230128,4302,1646791,3267,1876919,California
Orange,2021-06-24,7058,3435858,5298,1919350,1399,1410937,361,105571,2986,229438,4036,1650827,3346,1880265,California
Orange,2021-06-25,8380,3444238,6121,1925471,1895,1412832,364,105935,3257,227976,5077,1655904,3615,1883880,California
Orange,2021-06-26,5153,3449391,3893,1929364,1060,1413892,200,106135,2059,227178,3058,1658962,2260,1886140,California
Orange,2021-06-27,2152,3451543,1610,1930974,503,1414395,39,106174,989,227060,1147,1660109,1029,1887169,California
Placer,2020-12-15,29,29,29,29,0,0,0,0,29,29,0,0,29,29,California
Placer,2020-12-16,56,85,56,85,0,0,0,0,56,85,0,0,56,85,California
Placer,2020-12-17,148,233,148,233,0,0,0,0,148,233,0,0,148,233,California
Placer,2020-12-18,429,662,429,662,0,0,0,0,429,662,0,0,429,662,California
Placer,2020-12-19,253,915,253,915,0,0,0,0,253,915,0,0,253,915,California
Placer,2020-12-20,234,1149,234,1149,0,0,0,0,234,1149,0,0,234,1149,California
Placer,2020-12-21,498,1647,496,1645,2,2,0,0,498,1647,0,0,498,1647,California
Placer,2020-12-22,678,2325,671,2316,7,9,0,0,678,2325,0,0,678,2325,California
Placer,2020-12-23,757,3082,668,2984,89,98,0,0,757,3082,0,0,757,3082,California
Placer,2020-12-24,405,3487,351,3335,54,152,0,0,405,3487,0,0,405,3487,California
Placer,2020-12-26,159,3646,114,3449,45,197,0,0,159,3646,0,0,159,3646,California
Placer,2020-12-27,184,3830,162,3611,22,219,0,0,184,3830,0,0,184,3830,California
Placer,2020-12-28,669,4499,541,4152,128,347,0,0,669,4499,0,0,669,4499,California
Placer,2020-12-29,769,5268,517,4669,252,599,0,0,769,5268,0,0,769,5268,California
Placer,2020-12-30,733,6001,457,5126,276,875,0,0,731,5999,0,0,731,5999,California
Placer,2020-12-31,541,6542,354,5480,187,1062,0,0,541,6540,0,0,541,6540,California
Placer,2021-01-01,16,6558,12,5492,4,1066,0,0,16,6556,0,0,16,6556,California
Placer,2021-01-02,187,6745,154,5646,33,1099,0,0,187,6743,0,0,187,6743,California
Placer,2021-01-03,154,6899,79,5725,75,1174,0,0,154,6897,0,0,154,6897,California
Placer,2021-01-04,621,7520,179,5904,442,1616,0,0,621,7518,0,0,621,7518,California
Placer,2021-01-05,733,8253,160,6064,573,2189,0,0,644,8075,88,88,645,8163,California
Placer,2021-01-06,765,9018,249,6313,516,2705,0,0,613,8536,152,240,613,8776,California
Placer,2021-01-07,990,10008,369,6682,621,3326,0,0,763,9072,227,467,763,9539,California
Placer,2021-01-08,1187,11195,530,7212,657,3983,0,0,796,9480,388,855,796,10335,California
Placer,2021-01-09,454,11649,321,7533,133,4116,0,0,237,9501,216,1071,237,10572,California
Placer,2021-01-10,331,11980,187,7720,144,4260,0,0,163,9496,168,1239,163,10735,California
Placer,2021-01-11,1438,13418,814,8534,624,4884,0,0,844,9747,594,1833,845,11580,California
Placer,2021-01-12,1675,15093,893,9427,782,5666,0,0,1062,10198,612,2445,1063,12643,California
Placer,2021-01-13,1658,16751,838,10265,820,6486,0,0,1226,10997,430,2875,1229,13872,California
Placer,2021-01-14,1805,18556,669,10934,1136,7622,0,0,1441,12078,361,3236,1442,15314,California
Placer,2021-01-15,1942,20498,722,11656,1220,8842,0,0,1590,13318,351,3587,1591,16905,California
Placer,2021-01-16,1477,21975,718,12374,759,9601,0,0,1355,14552,122,3709,1356,18261,California
Placer,2021-01-17,570,22545,399,12773,171,9772,0,0,432,14846,138,3847,432,18693,California
Placer,2021-01-18,982,23527,542,13315,440,10212,0,0,749,15363,233,4080,750,19443,California
Placer,2021-01-19,2631,26158,1965,15280,666,10878,0,0,2176,17085,455,4535,2177,21620,California
Placer,2021-01-20,2344,28502,1766,17046,578,11456,0,0,2007,18756,337,4872,2008,23628,California
Placer,2021-01-21,2588,31090,1132,18178,1456,12912,0,0,2186,20542,401,5273,2187,25815,California
Placer,2021-01-22,2348,33438,626,18804,1722,14634,0,0,2174,22545,172,5445,2175,27990,California
Placer,2021-01-23,1203,34641,387,19191,816,15450,0,0,1045,23432,158,5603,1045,29035,California
Placer,2021-01-24,518,35159,273,19464,245,15695,0,0,437,23789,81,5684,438,29473,California
Placer,2021-01-25,1686,36845,807,20271,879,16574,0,0,1391,24886,295,5979,1392,30865,California
Placer,2021-01-26,1884,38729,1046,21317,838,17412,0,0,1613,26228,271,6250,1613,32478,California
Placer,2021-01-27,1864,40593,1168,22485,696,18108,0,0,1611,27589,251,6501,1612,34090,California
Placer,2021-01-28,1814,42407,1126,23611,688,18796,0,0,1562,28901,250,6751,1562,35652,California
Placer,2021-01-29,1919,44326,1181,24792,738,19534,0,0,1720,30424,198,6949,1721,37373,California
Placer,2021-01-30,1750,46076,976,25768,774,20308,0,0,1629,31933,120,7069,1629,39002,California
Placer,2021-01-31,789,46865,628,26396,161,20469,0,0,717,32579,72,7141,718,39720,California
Placer,2021-02-01,2090,48955,1105,27501,985,21454,0,0,1773,34036,316,7457,1773,41493,California
Placer,2021-02-02,2415,51370,1552,29053,863,22317,0,0,1909,35442,503,7960,1909,43402,California
Placer,2021-02-03,2934,54304,1887,30940,1047,23364,0,0,2302,37116,628,8588,2302,45704,California
Placer,2021-02-04,2785,57089,1194,32134,1591,24955,0,0,1946,38228,835,9423,1947,47651,California
Placer,2021-02-05,2796,59885,1268,33402,1528,26483,0,0,1426,38308,1346,10769,1426,49077,California
Placer,2021-02-06,1975,61860,1334,34736,641,27124,0,0,1425,39183,550,11319,1425,50502,California
Placer,2021-02-07,1223,63083,911,35647,312,27436,0,0,936,39833,286,11605,936,51438,California
Placer,2021-02-08,3301,66384,1760,37407,1541,28977,0,0,1954,40467,1321,12926,1955,53393,California
Placer,2021-02-09,3574,69958,2187,39594,1387,30364,0,0,1653,40202,1918,14844,1653,55046,California
Placer,2021-02-10,3783,73741,2215,41809,1568,31932,0,0,1716,39857,2063,16907,1718,56764,California
Placer,2021-02-11,3731,77472,1921,43730,1810,33742,0,0,1583,39307,2134,19041,1584,58348,California
Placer,2021-02-12,2873,80345,1341,45071,1532,35274,0,0,1674,39820,1162,20203,1675,60023,California
Placer,2021-02-13,2540,82885,1473,46544,1067,36341,0,0,1892,41064,648,20851,1892,61915,California
Placer,2021-02-14,1092,83977,685,47229,407,36748,0,0,740,41454,350,21201,740,62655,California
Placer,2021-02-15,2255,86232,1044,48273,1211,37959,0,0,1547,42294,708,21909,1548,64203,California
Placer,2021-02-16,3601,89833,1798,50071,1803,39762,0,0,1598,41899,1994,23903,1599,65802,California
Placer,2021-02-17,3564,93397,1981,52052,1583,41345,0,0,1516,41372,2044,25947,1517,67319,California
Placer,2021-02-18,3845,97242,2076,54128,1769,43114,0,0,1636,40810,2199,28146,1637,68956,California
Placer,2021-02-19,3650,100892,1958,56086,1692,44806,0,0,1361,39887,2285,30431,1362,70318,California
Placer,2021-02-20,2078,102970,1307,57393,771,45577,0,0,939,39698,1131,31562,942,71260,California
Placer,2021-02-21,1017,103987,753,58146,264,45841,0,0,286,39257,728,32290,287,71547,California
Placer,2021-02-22,2526,106513,1764,59910,762,46603,0,0,608,37948,1917,34207,608,72155,California
Placer,2021-02-23,2647,109160,1613,61523,1034,47637,0,0,899,37100,1747,35954,899,73054,California
Placer,2021-02-24,3349,112509,1208,62731,2141,49778,0,0,1810,37383,1529,37483,1812,74866,California
Placer,2021-02-25,3741,116250,1549,64280,2192,51970,0,0,2047,37747,1686,39169,2050,76916,California
Placer,2021-02-26,4277,120527,2455,66735,1822,53792,0,0,2481,38437,1792,40961,2482,79398,California
Placer,2021-02-27,2919,123446,1538,68273,1381,55173,0,0,1500,38525,1414,42375,1502,80900,California
Placer,2021-02-28,1593,125039,875,69148,717,55890,1,1,734,38406,854,43229,735,81635,California
Placer,2021-03-01,3209,128248,2135,71283,1074,56964,0,1,1637,38478,1565,44794,1637,83272,California
Placer,2021-03-02,2921,131169,1802,73085,1119,58083,0,1,1904,39375,1007,45801,1904,85176,California
Placer,2021-03-03,3395,134564,1480,74565,1914,59997,1,2,1857,39703,1531,47332,1859,87035,California
Placer,2021-03-04,3640,138204,1463,76028,2177,62174,0,2,1897,39870,1731,49063,1898,88933,California
Placer,2021-03-05,3014,141218,1034,77062,1959,64133,21,23,1811,40502,1200,50263,1832,90765,California
Placer,2021-03-06,2444,143662,1513,78575,836,64969,95,118,941,40043,1495,51758,1036,91801,California
Placer,2021-03-07,1325,144987,774,79349,511,65480,40,158,548,39857,774,52532,588,92389,California
Placer,2021-03-08,2921,147908,1834,81183,974,66454,113,271,1654,40359,1265,53797,1767,94156,California
Placer,2021-03-09,3218,151126,1713,82896,1414,67868,91,362,1848,40931,1367,55164,1939,96095,California
Placer,2021-03-10,3318,154444,1340,84236,1871,69739,107,469,1727,41179,1585,56749,1833,97928,California
Placer,2021-03-11,3672,158116,1670,85906,1877,71616,125,594,1754,41153,1907,58656,1881,99809,California
Placer,2021-03-12,3702,161818,1495,87401,1426,73042,781,1375,1247,40738,2444,61100,2029,101838,California
Placer,2021-03-13,2137,163955,751,88152,1264,74306,122,1497,1110,40946,1024,62124,1232,103070,California
Placer,2021-03-14,1653,165608,681,88833,821,75127,151,1648,894,41232,759,62883,1045,104115,California
Placer,2021-03-15,3228,168836,1554,90387,1544,76671,130,1778,1776,41690,1449,64332,1907,106022,California
Placer,2021-03-16,3624,172460,1949,92336,1541,78212,134,1912,2313,42837,1300,65632,2447,108469,California
Placer,2021-03-17,3471,175931,1748,94084,1619,79831,104,2016,2232,43938,1236,66868,2337,110806,California
Placer,2021-03-18,4128,180059,2342,96426,1747,81578,39,2055,2868,45591,1253,68121,2906,113712,California
Placer,2021-03-19,3469,183528,2078,98504,1123,82701,268,2323,2162,46720,1298,69419,2427,116139,California
Placer,2021-03-20,2166,185694,910,99414,1157,83858,99,2422,1309,47275,852,70271,1407,117546,California
Placer,2021-03-21,1270,186964,585,99999,675,84533,10,2432,886,47790,381,70652,896,118442,California
Placer,2021-03-22,3318,190282,2122,102121,1104,85637,92,2524,2158,48884,1156,71808,2250,120692,California
Placer,2021-03-23,3595,193877,2124,104245,1381,87018,90,2614,2570,50525,1020,72828,2661,123353,California
Placer,2021-03-24,3809,197686,2008,106253,1703,88721,98,2712,1919,50676,1867,74695,2018,125371,California
Placer,2021-03-25,3868,201554,1870,108123,1898,90619,100,2812,1729,50376,2128,76823,1828,127199,California
Placer,2021-03-26,3795,205349,1677,109800,1886,92505,232,3044,1522,49872,2258,79081,1754,128953,California
Placer,2021-03-27,1612,206961,481,110281,1110,93615,21,3065,609,49505,996,80077,629,129582,California
Placer,2021-03-28,1116,208077,530,110811,576,94191,10,3075,303,49021,797,80874,313,129895,California
Placer,2021-03-29,3583,211660,1999,112810,1548,95739,36,3111,1729,48944,1845,82719,1768,131663,California
Placer,2021-03-30,3985,215645,2099,114909,1842,97581,44,3155,2077,49170,1894,84613,2120,133783,California
Placer,2021-03-31,4121,219766,1838,116747,2209,99790,74,3229,1689,48507,2425,87038,1762,135545,California
Placer,2021-04-01,3004,222770,1446,118193,1510,101300,48,3277,1669,48895,1329,88367,1717,137262,California
Placer,2021-04-02,2850,225620,1455,119648,1328,102628,67,3344,1597,49312,1246,89613,1663,138925,California
Placer,2021-04-03,1868,227488,998,120646,741,103369,129,3473,896,49371,964,90577,1023,139948,California
Placer,2021-04-04,716,228204,367,121013,296,103665,53,3526,287,49286,425,91002,340,140288,California
Placer,2021-04-05,3024,231228,1913,122926,924,104589,187,3713,1755,49963,1264,92266,1941,142229,California
Placer,2021-04-06,4320,235548,2497,125423,1520,106109,303,4016,1536,49025,2776,95042,1838,144067,California
Placer,2021-04-07,4574,240122,2608,128031,1501,107610,465,4481,2088,49095,2479,97521,2549,146616,California
Placer,2021-04-08,4742,244864,2616,130647,1581,109191,545,5026,1586,48083,3143,100664,2131,148747,California
Placer,2021-04-09,4155,249019,2281,132928,1249,110440,625,5651,1246,47056,2900,103564,1873,150620,California
Placer,2021-04-10,2049,251068,886,133814,980,111420,183,5834,880,46953,1166,104730,1063,151683,California
Placer,2021-04-11,1363,252431,535,134349,795,112215,33,5867,458,46542,901,105631,490,152173,California
Placer,2021-04-12,4136,256567,2663,137012,1086,113301,387,6254,2475,47753,1651,107282,2862,155035,California
Placer,2021-04-13,4371,260938,3006,140018,1364,114665,1,6255,2189,47767,2177,109459,2191,157226,California
Placer,2021-04-14,4182,265120,2597,142615,1584,116249,1,6256,1862,47320,2309,111768,1862,159088,California
Placer,2021-04-15,4528,269648,2520,145135,2007,118256,1,6257,2360,47522,2159,113927,2361,161449,California
Placer,2021-04-16,3711,273359,2201,147336,1510,119766,0,6257,1450,46717,2255,116182,1450,162899,California
Placer,2021-04-17,2442,275801,853,148189,1589,121355,0,6257,1527,47336,909,117091,1528,164427,California
Placer,2021-04-18,1233,277034,298,148487,935,122290,0,6257,437,46979,794,117885,437,164864,California
Placer,2021-04-19,2969,280003,1828,150315,1141,123431,0,6257,1168,46353,1796,119681,1170,166034,California
Placer,2021-04-20,3912,283915,2560,152875,1352,124783,0,6257,2449,47348,1454,121135,2449,168483,California
Placer,2021-04-21,3818,287733,2535,155410,1282,126065,1,6258,2481,48497,1333,122468,2482,170965,California
Placer,2021-04-22,3738,291471,2332,157742,1406,127471,0,6258,1789,48342,1944,124412,1789,172754,California
Placer,2021-04-23,3583,295054,2381,160123,1201,128672,1,6259,1405,47577,2171,126583,1406,174160,California
Placer,2021-04-24,2085,297139,1268,161391,816,129488,1,6260,1214,47929,862,127445,1214,175374,California
Placer,2021-04-25,908,298047,500,161891,408,129896,0,6260,557,48135,351,127796,557,175931,California
Placer,2021-04-26,2514,300561,1360,163251,1130,131026,24,6284,1212,48078,1293,129089,1236,177167,California
Placer,2021-04-27,2796,303357,1479,164730,1268,132294,49,6333,1587,48510,1205,130294,1637,178804,California
Placer,2021-04-28,3062,306419,1916,166646,1110,133404,36,6369,1617,48729,1435,131729,1654,180458,California
Placer,2021-04-29,3446,309865,2247,168893,1145,134549,54,6423,1454,48251,1986,133715,1508,181966,California
Placer,2021-04-30,3035,312900,1845,170738,1141,135690,49,6472,1220,47712,1809,135524,1270,183236,California
Placer,2021-05-01,1339,314239,935,171673,379,136069,25,6497,613,47629,720,136244,637,183873,California
Placer,2021-05-02,734,314973,571,172244,141,136210,22,6519,330,47579,402,136646,352,184225,California
Placer,2021-05-03,1620,316593,999,173243,554,136764,67,6586,442,46912,1175,137821,508,184733,California
Placer,2021-05-04,2367,318960,1357,174600,844,137608,166,6752,880,46478,1480,139301,1046,185779,California
Placer,2021-05-05,3731,322691,2538,177138,1088,138696,105,6857,976,44813,2746,142047,1081,186860,California
Placer,2021-05-06,3114,325805,1910,179048,1128,139824,76,6933,817,43437,2270,144317,894,187754,California
Placer,2021-05-07,2839,328644,1916,180964,830,140654,93,7026,799,42302,2028,146345,893,188647,California
Placer,2021-05-08,1363,330007,735,181699,585,141239,43,7069,405,41791,957,147302,446,189093,California
Placer,2021-05-09,450,330457,220,181919,209,141448,21,7090,208,41778,242,147544,229,189322,California
Placer,2021-05-10,1926,332383,1029,182948,801,142249,96,7186,425,40803,1496,149040,521,189843,California
Placer,2021-05-11,3035,335418,2197,185145,720,142969,118,7304,654,39204,2371,151411,772,190615,California
Placer,2021-05-12,2880,338298,1998,187143,825,143794,57,7361,679,37748,2194,153605,738,191353,California
Placer,2021-05-13,2874,341172,1856,188999,970,144764,48,7409,1012,36949,1860,155465,1061,192414,California
Placer,2021-05-14,2851,344023,1875,190874,840,145604,136,7545,1376,36995,1460,156925,1506,193920,California
Placer,2021-05-15,2095,346118,1360,192234,711,146315,24,7569,929,36788,1160,158085,953,194873,California
Placer,2021-05-16,1016,347134,530,192764,467,146782,19,7588,344,36481,670,158755,363,195236,California
Placer,2021-05-17,2364,349498,1574,194338,714,147496,76,7664,1021,36239,1339,160094,1097,196333,California
Placer,2021-05-18,2502,352000,1678,196016,744,148240,80,7744,1120,36060,1378,161472,1199,197532,California
Placer,2021-05-19,2541,354541,1594,197610,901,149141,46,7790,873,35316,1663,163135,919,198451,California
Placer,2021-05-20,2543,357084,1650,199260,845,149986,48,7838,864,34558,1670,164805,912,199363,California
Placer,2021-05-21,2447,359531,1530,200790,772,150758,145,7983,1055,34372,1384,166189,1198,200561,California
Placer,2021-05-22,1606,361137,1055,201845,509,151267,42,8025,759,34331,842,167031,801,201362,California
Placer,2021-05-23,622,361759,355,202200,252,151519,15,8040,279,34283,343,167374,295,201657,California
Placer,2021-05-24,1520,363279,773,202973,608,152127,139,8179,451,33806,1067,168441,590,202247,California
Placer,2021-05-25,1794,365073,943,203916,751,152878,100,8279,638,33395,1149,169590,738,202985,California
Placer,2021-05-26,1582,366655,905,204821,638,153516,39,8318,609,33076,968,170558,649,203634,California
Placer,2021-05-27,1466,368121,722,205543,699,154215,45,8363,662,32989,794,171352,707,204341,California
Placer,2021-05-28,1703,369824,858,206401,748,154963,97,8460,727,32842,971,172323,824,205165,California
Placer,2021-05-29,749,370573,404,206805,314,155277,31,8491,377,32881,368,172691,407,205572,California
Placer,2021-05-30,341,370914,228,207033,99,155376,14,8505,209,32973,131,172822,223,205795,California
Placer,2021-05-31,148,371062,70,207103,61,155437,17,8522,31,32904,116,172938,47,205842,California
Placer,2021-06-01,1675,372737,882,207985,720,156157,73,8595,590,32488,1079,174017,663,206505,California
Placer,2021-06-02,1504,374241,760,208745,676,156833,68,8663,487,32027,1016,175033,555,207060,California
Placer,2021-06-03,1701,375942,1028,209773,615,157448,58,8721,430,31248,1266,176299,487,207547,California
Placer,2021-06-04,1855,377797,1315,211088,486,157934,54,8775,453,30360,1393,177692,505,208052,California
Placer,2021-06-05,1083,378880,767,211855,275,158209,41,8816,268,29858,811,178503,309,208361,California
Placer,2021-06-06,484,379364,345,212200,122,158331,17,8833,123,29638,360,178863,140,208501,California
Placer,2021-06-07,1054,380418,719,212919,263,158594,72,8905,225,29107,826,179689,295,208796,California
Placer,2021-06-08,1719,382137,1307,214226,363,158957,49,8954,426,28291,1290,180979,474,209270,California
Placer,2021-06-09,1166,383303,848,215074,265,159222,53,9007,259,27700,904,181883,313,209583,California
Placer,2021-06-10,1246,384549,854,215928,316,159538,76,9083,306,27143,937,182820,380,209963,California
Placer,2021-06-11,1490,386039,1072,217000,359,159897,59,9142,342,26400,1143,183963,400,210363,California
Placer,2021-06-12,1011,387050,752,217752,233,160130,26,9168,220,25857,789,184752,246,210609,California
Placer,2021-06-13,393,387443,302,218054,80,160210,11,9179,93,25662,299,185051,104,210713,California
Placer,2021-06-14,774,388217,528,218582,201,160411,45,9224,222,25381,547,185598,266,210979,California
Placer,2021-06-15,1286,389503,860,219442,364,160775,62,9286,425,25010,857,186455,486,211465,California
Placer,2021-06-16,1031,390534,745,220187,231,161006,55,9341,334,24702,696,187151,388,211853,California
Placer,2021-06-17,880,391414,607,220794,235,161241,38,9379,277,24418,599,187750,315,212168,California
Placer,2021-06-18,1153,392567,764,221558,300,161541,89,9468,379,24113,773,188523,468,212636,California
Placer,2021-06-19,604,393171,434,221992,136,161677,34,9502,234,24014,366,188889,267,212903,California
Placer,2021-06-20,281,393452,231,222223,43,161720,7,9509,106,23953,173,189062,112,213015,California
Placer,2021-06-21,493,393945,289,222512,167,161887,37,9546,234,23965,259,189321,271,213286,California
Placer,2021-06-22,885,394830,624,223136,208,162095,53,9599,268,23676,610,189931,321,213607,California
Placer,2021-06-23,839,395669,608,223744,184,162279,47,9646,385,23655,453,190384,432,214039,California
Placer,2021-06-24,807,396476,505,224249,255,162534,47,9693,301,23499,504,190888,348,214387,California
Placer,2021-06-25,929,397405,658,224907,218,162752,53,9746,381,23391,542,191430,434,214821,California
Placer,2021-06-26,482,397887,338,225245,114,162866,30,9776,200,23341,280,191710,230,215051,California
Placer,2021-06-27,160,398047,107,225352,44,162910,9,9785,65,23319,95,191805,73,215124,California
Plumas,2020-12-18,3,3,3,3,0,0,0,0,3,3,0,0,3,3,California
Plumas,2020-12-19,1,4,1,4,0,0,0,0,1,4,0,0,1,4,California
Plumas,2020-12-21,45,49,45,49,0,0,0,0,45,49,0,0,45,49,California
Plumas,2020-12-22,92,141,92,141,0,0,0,0,92,141,0,0,92,141,California
Plumas,2020-12-23,50,191,50,191,0,0,0,0,50,191,0,0,50,191,California
Plumas,2020-12-24,6,197,6,197,0,0,0,0,6,197,0,0,6,197,California
Plumas,2020-12-28,8,205,0,197,8,8,0,0,8,205,0,0,8,205,California
Plumas,2020-12-29,32,237,22,219,10,18,0,0,32,237,0,0,32,237,California
Plumas,2020-12-30,23,260,1,220,22,40,0,0,23,260,0,0,23,260,California
Plumas,2020-12-31,4,264,1,221,3,43,0,0,4,264,0,0,4,264,California
Plumas,2021-01-01,1,265,0,221,1,44,0,0,1,265,0,0,1,265,California
Plumas,2021-01-02,1,266,0,221,1,45,0,0,1,266,0,0,1,266,California
Plumas,2021-01-04,10,276,4,225,6,51,0,0,10,276,0,0,10,276,California
Plumas,2021-01-05,22,298,2,227,20,71,0,0,22,298,0,0,22,298,California
Plumas,2021-01-06,123,421,5,232,118,189,0,0,123,421,0,0,123,421,California
Plumas,2021-01-07,53,474,2,234,51,240,0,0,52,472,1,1,52,473,California
Plumas,2021-01-08,11,485,4,238,7,247,0,0,8,477,3,4,8,481,California
Plumas,2021-01-09,2,487,2,240,0,247,0,0,1,477,1,5,1,482,California
Plumas,2021-01-11,58,545,50,290,8,255,0,0,11,441,47,52,11,493,California
Plumas,2021-01-12,155,700,86,376,69,324,0,0,71,428,84,136,71,564,California
Plumas,2021-01-13,55,755,50,426,5,329,0,0,9,391,46,182,9,573,California
Plumas,2021-01-14,97,852,14,440,83,412,0,0,92,478,5,187,92,665,California
Plumas,2021-01-15,62,914,7,447,55,467,0,0,60,536,2,189,60,725,California
Plumas,2021-01-16,58,972,1,448,57,524,0,0,58,594,0,189,58,783,California
Plumas,2021-01-18,2,974,1,449,1,525,0,0,2,596,0,189,2,785,California
Plumas,2021-01-19,36,1010,5,454,31,556,0,0,32,624,4,193,32,817,California
Plumas,2021-01-20,121,1131,3,457,118,674,0,0,119,741,2,195,119,936,California
Plumas,2021-01-21,112,1243,2,459,110,784,0,0,112,853,0,195,112,1048,California
Plumas,2021-01-22,5,1248,1,460,4,788,0,0,5,858,0,195,5,1053,California
Plumas,2021-01-23,93,1341,2,462,91,879,0,0,93,951,0,195,93,1146,California
Plumas,2021-01-24,1,1342,1,463,0,879,0,0,1,952,0,195,1,1147,California
Plumas,2021-01-25,10,1352,7,470,3,882,0,0,7,956,3,198,7,1154,California
Plumas,2021-01-26,59,1411,2,472,57,939,0,0,51,999,8,206,51,1205,California
Plumas,2021-01-27,26,1437,20,492,6,945,0,0,6,985,20,226,6,1211,California
Plumas,2021-01-28,24,1461,0,492,24,969,0,0,22,1005,2,228,22,1233,California
Plumas,2021-01-29,9,1470,3,495,6,975,0,0,8,1012,1,229,8,1241,California
Plumas,2021-01-30,11,1481,4,499,7,982,0,0,9,1019,2,231,9,1250,California
Plumas,2021-01-31,3,1484,3,502,0,982,0,0,3,1022,0,231,3,1253,California
Plumas,2021-02-01,19,1503,3,505,16,998,0,0,11,1025,8,239,11,1264,California
Plumas,2021-02-02,24,1527,4,509,20,1018,0,0,4,1009,20,259,4,1268,California
Plumas,2021-02-03,129,1656,8,517,121,1139,0,0,14,909,114,373,14,1282,California
Plumas,2021-02-04,102,1758,8,525,94,1233,0,0,23,853,79,452,23,1305,California
Plumas,2021-02-05,24,1782,11,536,13,1246,0,0,9,847,15,467,9,1314,California
Plumas,2021-02-06,8,1790,1,537,7,1253,0,0,8,855,0,467,8,1322,California
Plumas,2021-02-08,16,1806,7,544,9,1262,0,0,4,847,12,479,4,1326,California
Plumas,2021-02-09,172,1978,2,546,170,1432,0,0,112,899,60,539,112,1438,California
Plumas,2021-02-10,87,2065,9,555,78,1510,0,0,79,971,8,547,80,1518,California
Plumas,2021-02-11,320,2385,6,561,314,1824,0,0,261,1173,59,606,261,1779,California
Plumas,2021-02-12,124,2509,4,565,120,1944,0,0,119,1287,5,611,119,1898,California
Plumas,2021-02-13,75,2584,5,570,70,2014,0,0,15,1242,60,671,15,1913,California
Plumas,2021-02-14,8,2592,5,575,3,2017,0,0,8,1250,0,671,8,1921,California
Plumas,2021-02-15,26,2618,5,580,21,2038,0,0,23,1270,3,674,23,1944,California
Plumas,2021-02-16,77,2695,4,584,73,2111,0,0,14,1221,63,737,14,1958,California
Plumas,2021-02-17,136,2831,5,589,131,2242,0,0,12,1109,124,861,12,1970,California
Plumas,2021-02-18,130,2961,6,595,124,2366,0,0,21,1022,109,970,22,1992,California
Plumas,2021-02-19,43,3004,6,601,37,2403,0,0,7,993,36,1006,7,1999,California
Plumas,2021-02-20,105,3109,7,608,98,2501,0,0,13,914,92,1098,13,2012,California
Plumas,2021-02-21,6,3115,5,613,1,2502,0,0,2,912,4,1102,2,2014,California
Plumas,2021-02-22,4,3119,2,615,2,2504,0,0,1,910,3,1105,1,2015,California
Plumas,2021-02-23,24,3143,5,620,19,2523,0,0,17,920,7,1112,17,2032,California
Plumas,2021-02-24,459,3602,8,628,451,2974,0,0,446,1353,13,1125,446,2478,California
Plumas,2021-02-25,234,3836,12,640,222,3196,0,0,169,1457,65,1190,169,2647,California
Plumas,2021-02-26,268,4104,9,649,259,3455,0,0,260,1710,8,1198,261,2908,California
Plumas,2021-02-27,41,4145,4,653,37,3492,0,0,34,1737,7,1205,34,2942,California
Plumas,2021-02-28,1,4146,0,653,1,3493,0,0,1,1738,0,1205,1,2943,California
Plumas,2021-03-01,20,4166,6,659,14,3507,0,0,12,1743,7,1212,12,2955,California
Plumas,2021-03-02,10,4176,0,659,10,3517,0,0,7,1748,2,1214,7,2962,California
Plumas,2021-03-03,155,4331,11,670,144,3661,0,0,138,1869,17,1231,138,3100,California
Plumas,2021-03-04,253,4584,9,679,244,3905,0,0,231,2078,22,1253,231,3331,California
Plumas,2021-03-05,399,4983,6,685,388,4293,5,5,388,2460,11,1264,393,3724,California
Plumas,2021-03-06,19,5002,2,687,9,4302,8,13,3,2455,16,1280,11,3735,California
Plumas,2021-03-07,13,5015,2,689,2,4304,9,22,3,2457,10,1290,12,3747,California
Plumas,2021-03-08,30,5045,3,692,3,4307,24,46,3,2458,27,1317,28,3775,California
Plumas,2021-03-09,133,5178,2,694,116,4423,15,61,18,2376,115,1432,33,3808,California
Plumas,2021-03-10,253,5431,3,697,236,4659,14,75,107,2352,145,1577,121,3929,California
Plumas,2021-03-11,177,5608,8,705,164,4823,5,80,142,2464,35,1612,147,4076,California
Plumas,2021-03-12,594,6202,4,709,303,5126,287,367,22,2201,572,2184,309,4385,California
Plumas,2021-03-13,28,6230,5,714,12,5138,11,378,7,2198,21,2205,18,4403,California
Plumas,2021-03-14,12,6242,3,717,4,5142,5,383,1,2194,10,2215,6,4409,California
Plumas,2021-03-15,32,6274,1,718,24,5166,7,390,6,2181,26,2241,13,4422,California
Plumas,2021-03-16,61,6335,3,721,57,5223,1,391,49,2220,11,2252,50,4472,California
Plumas,2021-03-17,76,6411,10,731,65,5288,1,392,59,2264,16,2268,60,4532,California
Plumas,2021-03-18,62,6473,7,738,39,5327,16,408,14,2246,48,2316,30,4562,California
Plumas,2021-03-19,165,6638,7,745,156,5483,2,410,155,2396,8,2324,158,4720,California
Plumas,2021-03-20,698,7336,4,749,693,6176,1,411,676,3053,20,2344,677,5397,California
Plumas,2021-03-21,2,7338,1,750,1,6177,0,411,1,3054,0,2344,1,5398,California
Plumas,2021-03-22,182,7520,2,752,180,6357,0,411,175,3222,7,2351,175,5573,California
Plumas,2021-03-23,28,7548,2,754,26,6383,0,411,14,3222,14,2365,14,5587,California
Plumas,2021-03-24,655,8203,6,760,648,7031,1,412,222,3014,432,2797,224,5811,California
Plumas,2021-03-25,307,8510,7,767,298,7329,2,414,163,3033,144,2941,163,5974,California
Plumas,2021-03-26,315,8825,9,776,306,7635,0,414,46,2811,268,3209,46,6020,California
Plumas,2021-03-27,13,8838,1,777,11,7646,1,415,3,2805,10,3219,4,6024,California
Plumas,2021-03-28,5,8843,3,780,1,7647,1,416,3,2807,2,3221,4,6028,California
Plumas,2021-03-29,12,8855,4,784,7,7654,1,417,4,2804,8,3229,5,6033,California
Plumas,2021-03-30,152,9007,3,787,148,7802,1,418,25,2703,127,3356,26,6059,California
Plumas,2021-03-31,296,9303,4,791,291,8093,1,419,271,2950,25,3381,272,6331,California
Plumas,2021-04-01,308,9611,12,803,295,8388,1,420,66,2777,239,3620,66,6397,California
Plumas,2021-04-02,377,9988,5,808,371,8759,1,421,31,2475,334,3954,32,6429,California
Plumas,2021-04-03,16,10004,3,811,5,8764,8,429,3,2473,13,3967,11,6440,California
Plumas,2021-04-04,3,10007,1,812,1,8765,1,430,0,2471,3,3970,1,6441,California
Plumas,2021-04-05,12,10019,4,816,7,8772,1,431,4,2469,7,3977,5,6446,California
Plumas,2021-04-06,120,10139,6,822,88,8860,26,457,13,2401,107,4084,39,6485,California
Plumas,2021-04-07,283,10422,8,830,99,8959,176,633,29,2352,254,4338,205,6690,California
Plumas,2021-04-08,150,10572,4,834,131,9090,15,648,35,2287,114,4452,49,6739,California
Plumas,2021-04-09,51,10623,10,844,24,9114,17,665,18,2288,33,4485,34,6773,California
Plumas,2021-04-10,25,10648,2,846,6,9120,17,682,5,2290,20,4505,22,6795,California
Plumas,2021-04-11,4,10652,3,849,0,9120,1,683,3,2293,1,4506,4,6799,California
Plumas,2021-04-12,13,10665,5,854,5,9125,3,686,7,2298,5,4511,10,6809,California
Plumas,2021-04-13,211,10876,5,859,206,9331,0,686,141,2369,70,4581,141,6950,California
Plumas,2021-04-14,111,10987,8,867,103,9434,0,686,56,2371,54,4635,56,7006,California
Plumas,2021-04-15,53,11040,2,869,51,9485,0,686,33,2385,19,4654,33,7039,California
Plumas,2021-04-16,142,11182,2,871,140,9625,0,686,2,2247,140,4794,2,7041,California
Plumas,2021-04-17,670,11852,2,873,668,10293,0,686,18,1616,649,5443,18,7059,California
Plumas,2021-04-18,4,11856,3,876,1,10294,0,686,1,1614,3,5446,1,7060,California
Plumas,2021-04-19,38,11894,3,879,35,10329,0,686,5,1586,33,5479,5,7065,California
Plumas,2021-04-20,42,11936,5,884,37,10366,0,686,26,1597,15,5494,26,7091,California
Plumas,2021-04-21,311,12247,5,889,305,10671,1,687,18,1322,293,5787,18,7109,California
Plumas,2021-04-22,273,12520,8,897,265,10936,0,687,125,1299,148,5935,125,7234,California
Plumas,2021-04-23,73,12593,6,903,67,11003,0,687,16,1258,57,5992,16,7250,California
Plumas,2021-04-24,171,12764,5,908,166,11169,0,687,144,1376,26,6018,144,7394,California
Plumas,2021-04-26,30,12794,4,912,26,11195,0,687,8,1363,21,6039,8,7402,California
Plumas,2021-04-27,90,12884,3,915,87,11282,0,687,53,1379,37,6076,53,7455,California
Plumas,2021-04-28,286,13170,4,919,282,11564,0,687,38,1171,246,6322,38,7493,California
Plumas,2021-04-29,172,13342,69,988,103,11667,0,687,118,1235,54,6376,118,7611,California
Plumas,2021-04-30,21,13363,10,998,11,11678,0,687,5,1224,16,6392,5,7616,California
Plumas,2021-05-01,7,13370,1,999,5,11683,1,688,1,1222,4,6396,2,7618,California
Plumas,2021-05-02,3,13373,3,1002,0,11683,0,688,1,1221,2,6398,1,7619,California
Plumas,2021-05-03,20,13393,7,1009,7,11690,6,694,6,1221,12,6410,12,7631,California
Plumas,2021-05-04,32,13425,5,1014,21,11711,6,700,19,1234,12,6422,25,7656,California
Plumas,2021-05-05,49,13474,6,1020,42,11753,1,701,22,1230,27,6449,23,7679,California
Plumas,2021-05-06,57,13531,2,1022,50,11803,5,706,15,1208,42,6491,20,7699,California
Plumas,2021-05-07,22,13553,5,1027,16,11819,1,707,8,1203,14,6505,9,7708,California
Plumas,2021-05-08,6,13559,0,1027,4,11823,2,709,4,1207,2,6507,6,7714,California
Plumas,2021-05-10,51,13610,1,1028,27,11850,23,732,23,1225,28,6535,46,7760,California
Plumas,2021-05-11,163,13773,3,1031,141,11991,19,751,12,1105,151,6686,31,7791,California
Plumas,2021-05-12,99,13872,2,1033,89,12080,8,759,37,1089,61,6747,45,7836,California
Plumas,2021-05-13,34,13906,3,1036,29,12109,2,761,12,1081,22,6769,14,7850,California
Plumas,2021-05-14,20,13926,4,1040,11,12120,5,766,10,1086,10,6779,15,7865,California
Plumas,2021-05-15,10,13936,4,1044,4,12124,2,768,4,1086,6,6785,6,7871,California
Plumas,2021-05-16,2,13938,1,1045,1,12125,0,768,1,1086,1,6786,1,7872,California
Plumas,2021-05-17,13,13951,0,1045,4,12129,9,777,4,1090,9,6795,13,7885,California
Plumas,2021-05-18,42,13993,7,1052,34,12163,1,778,22,1093,20,6815,23,7908,California
Plumas,2021-05-19,47,14040,3,1055,30,12193,14,792,12,1085,35,6850,27,7935,California
Plumas,2021-05-20,188,14228,135,1190,42,12235,11,803,79,1067,108,6958,90,8025,California
Plumas,2021-05-21,28,14256,7,1197,14,12249,7,810,13,1072,15,6973,20,8045,California
Plumas,2021-05-22,136,14392,1,1198,135,12384,0,810,6,950,128,7101,6,8051,California
Plumas,2021-05-23,1,14393,1,1199,0,12384,0,810,0,949,1,7102,0,8051,California
Plumas,2021-05-24,51,14444,37,1236,13,12397,1,811,41,982,9,7111,42,8093,California
Plumas,2021-05-25,65,14509,3,1239,61,12458,1,812,14,946,51,7162,15,8108,California
Plumas,2021-05-26,41,14550,7,1246,27,12485,7,819,17,947,23,7185,24,8132,California
Plumas,2021-05-27,99,14649,25,1271,61,12546,13,832,40,942,58,7243,53,8185,California
Plumas,2021-05-28,43,14692,15,1286,26,12572,2,834,23,948,19,7262,25,8210,California
Plumas,2021-05-29,8,14700,0,1286,8,12580,0,834,6,953,2,7264,7,8217,California
Plumas,2021-05-30,1,14701,0,1286,1,12581,0,834,0,953,0,7264,0,8217,California
Plumas,2021-05-31,7,14708,0,1286,4,12585,3,837,0,951,5,7269,3,8220,California
Plumas,2021-06-01,32,14740,7,1293,20,12605,5,842,9,943,23,7292,15,8235,California
Plumas,2021-06-02,57,14797,6,1299,31,12636,20,862,10,926,47,7339,30,8265,California
Plumas,2021-06-03,59,14856,17,1316,33,12669,9,871,27,930,32,7371,36,8301,California
Plumas,2021-06-04,15,14871,3,1319,11,12680,1,872,8,934,5,7376,9,8310,California
Plumas,2021-06-05,7,14878,3,1322,4,12684,0,872,2,931,5,7381,2,8312,California
Plumas,2021-06-06,2,14880,1,1323,1,12685,0,872,0,929,2,7383,0,8312,California
Plumas,2021-06-07,37,14917,5,1328,25,12710,7,879,9,917,28,7411,16,8328,California
Plumas,2021-06-08,28,14945,9,1337,17,12727,2,881,6,903,22,7433,8,8336,California
Plumas,2021-06-09,42,14987,5,1342,34,12761,3,884,9,882,33,7466,12,8348,California
Plumas,2021-06-10,32,15019,15,1357,13,12774,4,888,10,874,22,7488,14,8362,California
Plumas,2021-06-11,24,15043,13,1370,9,12783,2,890,8,868,16,7504,10,8372,California
Plumas,2021-06-12,10,15053,2,1372,7,12790,1,891,5,869,5,7509,6,8378,California
Plumas,2021-06-13,3,15056,1,1373,2,12792,0,891,3,872,0,7509,3,8381,California
Plumas,2021-06-14,97,15153,88,1461,6,12798,3,894,13,804,84,7593,16,8397,California
Plumas,2021-06-15,27,15180,7,1468,18,12816,2,896,9,797,18,7611,11,8408,California
Plumas,2021-06-16,33,15213,11,1479,13,12829,9,905,9,791,24,7635,18,8426,California
Plumas,2021-06-17,49,15262,30,1509,15,12844,4,909,11,769,37,7672,15,8441,California
Plumas,2021-06-18,39,15301,18,1527,14,12858,7,916,13,763,26,7698,20,8461,California
Plumas,2021-06-19,9,15310,2,1529,7,12865,0,916,2,758,7,7705,2,8463,California
Plumas,2021-06-21,9,15319,4,1533,4,12869,1,917,5,760,4,7709,6,8469,California
Plumas,2021-06-22,28,15347,11,1544,15,12884,2,919,9,752,19,7728,11,8480,California
Plumas,2021-06-23,27,15374,15,1559,9,12893,3,922,15,758,12,7740,18,8498,California
Plumas,2021-06-24,29,15403,18,1577,8,12901,3,925,14,760,14,7754,16,8514,California
Plumas,2021-06-25,18,15421,7,1584,9,12910,2,927,4,754,12,7766,6,8520,California
Plumas,2021-06-26,12,15433,4,1588,8,12918,0,927,3,748,9,7775,3,8523,California
Riverside,2020-12-15,7,7,7,7,0,0,0,0,7,7,0,0,7,7,California
Riverside,2020-12-16,96,103,96,103,0,0,0,0,96,103,0,0,96,103,California
Riverside,2020-12-17,833,936,833,936,0,0,0,0,833,936,0,0,833,936,California
Riverside,2020-12-18,1777,2713,1776,2712,1,1,0,0,1777,2713,0,0,1777,2713,California
Riverside,2020-12-19,1056,3769,1053,3765,3,4,0,0,1054,3766,1,1,1054,3767,California
Riverside,2020-12-20,1114,4883,1113,4878,1,5,0,0,1114,4880,0,1,1114,4881,California
Riverside,2020-12-21,2339,7222,2337,7215,2,7,0,0,2339,7219,0,1,2339,7220,California
Riverside,2020-12-22,2294,9516,2247,9462,47,54,0,0,2293,9512,0,1,2293,9513,California
Riverside,2020-12-23,2166,11682,1822,11284,344,398,0,0,2167,11679,0,1,2167,11680,California
Riverside,2020-12-24,856,12538,653,11937,203,601,0,0,856,12535,0,1,856,12536,California
Riverside,2020-12-25,41,12579,18,11955,23,624,0,0,40,12575,0,1,40,12576,California
Riverside,2020-12-26,490,13069,270,12225,220,844,0,0,490,13065,0,1,490,13066,California
Riverside,2020-12-27,398,13467,268,12493,130,974,0,0,397,13461,1,2,397,13463,California
Riverside,2020-12-28,1717,15184,1198,13691,519,1493,0,0,1717,15178,0,2,1717,15180,California
Riverside,2020-12-29,1807,16991,1024,14715,783,2276,0,0,1807,16985,0,2,1807,16987,California
Riverside,2020-12-30,2649,19640,1724,16439,925,3201,0,0,2647,19631,1,3,2647,19634,California
Riverside,2020-12-31,1080,20720,422,16861,658,3859,0,0,1081,20711,1,4,1081,20715,California
Riverside,2021-01-01,132,20852,58,16919,74,3933,0,0,132,20843,0,4,132,20847,California
Riverside,2021-01-02,894,21746,707,17626,187,4120,0,0,894,21737,0,4,894,21741,California
Riverside,2021-01-03,359,22105,305,17931,54,4174,0,0,358,22095,0,4,358,22099,California
Riverside,2021-01-04,1302,23407,809,18740,493,4667,0,0,1301,23396,0,4,1301,23400,California
Riverside,2021-01-05,2060,25467,1415,20155,645,5312,0,0,1936,25215,117,121,1936,25336,California
Riverside,2021-01-06,2593,28060,1157,21312,1436,6748,0,0,2252,27132,335,456,2252,27588,California
Riverside,2021-01-07,2883,30943,1885,23197,998,7746,0,0,1770,27798,1106,1562,1772,29360,California
Riverside,2021-01-08,4119,35062,2975,26172,1144,8890,0,0,2264,28212,1850,3412,2264,31624,California
Riverside,2021-01-09,2135,37197,876,27048,1259,10149,0,0,1758,29595,375,3787,1758,33382,California
Riverside,2021-01-10,1696,38893,749,27797,947,11096,0,0,1081,30061,615,4402,1081,34463,California
Riverside,2021-01-11,4616,43509,3155,30952,1461,12557,0,0,2839,31125,1775,6177,2839,37302,California
Riverside,2021-01-12,3521,47030,2780,33732,741,13298,0,0,1808,31228,1708,7885,1811,39113,California
Riverside,2021-01-13,4590,51620,3008,36740,1582,14880,0,0,2944,32530,1642,9527,2944,42057,California
Riverside,2021-01-14,5797,57417,2070,38810,3727,18607,0,0,5166,37069,629,10156,5168,47225,California
Riverside,2021-01-15,6282,63699,2104,40914,4178,22785,0,0,5947,42684,333,10489,5948,53173,California
Riverside,2021-01-16,3720,67419,1034,41948,2686,25471,0,0,3458,45881,262,10751,3459,56632,California
Riverside,2021-01-17,3663,71082,604,42552,3059,28530,0,0,3454,49128,207,10958,3454,60086,California
Riverside,2021-01-18,3863,74945,2105,44657,1758,30288,0,0,2814,50894,1049,12007,2815,62901,California
Riverside,2021-01-19,7535,82480,2682,47339,4853,35141,0,0,6390,56144,1145,13152,6395,69296,California
Riverside,2021-01-20,8472,90952,3269,50608,5203,40344,0,0,6796,61283,1663,14815,6802,76098,California
Riverside,2021-01-21,8566,99518,3580,54188,4986,45330,0,0,7863,68443,704,15519,7864,83962,California
Riverside,2021-01-22,8967,108485,3060,57248,5907,51237,0,0,8491,76462,474,15993,8493,92455,California
Riverside,2021-01-23,6072,114557,2355,59603,3717,54954,0,0,5263,80918,808,16801,5264,97719,California
Riverside,2021-01-24,3121,117678,1437,61040,1684,56638,0,0,2895,83592,222,17023,2896,100615,California
Riverside,2021-01-25,8026,125704,4593,65633,3433,60071,0,0,6861,89293,1162,18185,6863,107478,California
Riverside,2021-01-26,9229,134933,5716,71349,3513,63584,0,0,7698,95464,1528,19713,7699,115177,California
Riverside,2021-01-27,11126,146059,6426,77775,4700,68284,0,0,9486,103319,1634,21347,9489,124666,California
Riverside,2021-01-28,11741,157800,6828,84603,4913,73197,0,0,10541,112671,1192,22539,10544,135210,California
Riverside,2021-01-29,12105,169905,7314,91917,4791,77988,0,0,10709,122013,1372,23911,10714,145924,California
Riverside,2021-01-30,9198,179103,4627,96544,4571,82559,0,0,8696,130212,498,24409,8697,154621,California
Riverside,2021-01-31,5197,184300,4229,100773,968,83527,0,0,5054,135131,140,24549,5059,159680,California
Riverside,2021-02-01,11261,195561,6933,107706,4328,87855,0,0,9241,142364,2012,26561,9245,168925,California
Riverside,2021-02-02,9684,205245,4881,112587,4803,92658,0,0,8170,149038,1502,28063,8176,177101,California
Riverside,2021-02-03,12445,217690,5212,117799,7233,99891,0,0,9987,156582,2448,30511,9992,187093,California
Riverside,2021-02-04,13763,231453,6064,123863,7699,107590,0,0,11598,166031,2156,32667,11605,198698,California
Riverside,2021-02-05,14646,246099,5542,129405,9104,116694,0,0,11408,174218,3229,35896,11416,210114,California
Riverside,2021-02-06,7351,253450,4276,133681,3075,119769,0,0,5686,178252,1656,37552,5690,215804,California
Riverside,2021-02-07,2226,255676,814,134495,1412,121181,0,0,1888,179811,336,37888,1895,217699,California
Riverside,2021-02-08,12601,268277,5590,140085,7011,128192,0,0,10211,187663,2373,40261,10225,227924,California
Riverside,2021-02-09,9800,278077,4560,144645,5240,133432,0,0,7775,193443,2016,42277,7796,235720,California
Riverside,2021-02-10,12267,290344,7018,151663,5249,138681,0,0,8962,199132,3292,45569,8981,244701,California
Riverside,2021-02-11,16887,307231,9101,160764,7786,146467,0,0,12215,206734,4650,50219,12252,256953,California
Riverside,2021-02-12,18046,325277,10930,171694,7116,153583,0,0,12943,214647,5058,55277,12971,269924,California
Riverside,2021-02-13,6423,331700,2164,173858,4259,157842,0,0,3114,214498,3294,58571,3145,273069,California
Riverside,2021-02-14,5031,336731,1180,175038,3851,161693,0,0,2255,213994,2772,61343,2268,275337,California
Riverside,2021-02-15,10015,346746,5120,180158,4895,166588,0,0,5524,215054,4481,65824,5541,280878,California
Riverside,2021-02-16,16336,363082,10203,190361,6133,172721,0,0,9394,217542,6932,72756,9420,290298,California
Riverside,2021-02-17,15321,378403,8393,198754,6928,179649,0,0,7597,217486,7708,80464,7652,297950,California
Riverside,2021-02-18,15749,394152,9039,207793,6710,186359,0,0,8093,217990,7632,88096,8136,306086,California
Riverside,2021-02-19,15492,409644,8302,216095,7190,193549,0,0,7308,217164,8162,96258,7336,313422,California
Riverside,2021-02-20,8464,418108,4539,220634,3925,197474,0,0,2249,213225,6198,102456,2259,315681,California
Riverside,2021-02-21,4414,422522,3896,224530,518,197992,0,0,1258,211355,3139,105595,1269,316950,California
Riverside,2021-02-22,12470,434992,7833,232363,4637,202629,0,0,5151,209214,7303,112898,5162,322112,California
Riverside,2021-02-23,11384,446376,7725,240088,3659,206288,0,0,5543,208976,5811,118709,5573,327685,California
Riverside,2021-02-24,14952,461328,8134,248222,6818,213106,0,0,6345,206809,8568,127277,6401,334086,California
Riverside,2021-02-25,17618,478946,7495,255717,10123,223229,0,0,8161,205610,9430,136707,8231,342317,California
Riverside,2021-02-26,18949,497895,6849,262566,12100,235329,0,0,9448,205684,9441,146148,9515,351832,California
Riverside,2021-02-27,12195,510090,5646,268212,6549,241878,0,0,5804,205186,6359,152507,5861,357693,California
Riverside,2021-02-28,4999,515089,3288,271500,1711,243589,0,0,2482,205195,2504,155011,2513,360206,California
Riverside,2021-03-01,14500,529589,6178,277678,8316,251905,6,6,8519,207834,5939,160950,8578,368784,California
Riverside,2021-03-02,15545,545134,7597,285275,7947,259852,1,7,9093,210553,6427,167377,9146,377930,California
Riverside,2021-03-03,17268,562402,8552,293827,8716,268568,0,7,7521,208538,9696,177073,7681,385611,California
Riverside,2021-03-04,19013,581415,7561,301388,11447,280015,5,12,9055,207881,9913,186986,9256,394867,California
Riverside,2021-03-05,19143,600558,7700,309088,11397,291412,46,58,9450,208054,9642,196628,9815,404682,California
Riverside,2021-03-06,9636,610194,5104,314192,4050,295462,482,540,4778,208518,4844,201472,5308,409990,California
Riverside,2021-03-07,4324,614518,2790,316982,1143,296605,391,931,2024,208676,2290,203762,2448,412438,California
Riverside,2021-03-08,12130,626648,4835,321817,6884,303489,411,1342,5411,207882,6696,210458,5902,418340,California
Riverside,2021-03-09,15000,641648,7012,328829,7479,310968,509,1851,5949,205466,9028,219486,6612,424952,California
Riverside,2021-03-10,16149,657797,8668,337497,6548,317516,933,2784,6259,202999,9845,229331,7378,432330,California
Riverside,2021-03-11,19583,677380,9589,347086,8123,325639,1871,4655,7649,200852,11896,241227,9749,442079,California
Riverside,2021-03-12,21364,698744,8004,355090,8600,334239,4760,9415,7079,198782,14244,255471,12174,454253,California
Riverside,2021-03-13,8618,707362,2580,357670,4809,339048,1229,10644,4393,200307,4202,259673,5727,459980,California
Riverside,2021-03-14,4839,712201,1661,359331,1803,340851,1375,12019,2121,201108,2703,262376,3504,463484,California
Riverside,2021-03-15,18804,731005,7925,367256,9207,350058,1672,13691,9210,202561,9547,271923,11000,474484,California
Riverside,2021-03-16,21131,752136,10287,377543,10029,360087,815,14506,11456,205310,9636,281559,12385,486869,California
Riverside,2021-03-17,21570,773706,11073,388616,9436,369523,1061,15567,12897,210705,8633,290192,14028,500897,California
Riverside,2021-03-18,22944,796650,11996,400612,9273,378796,1675,17242,12665,214836,10226,300418,14357,515254,California
Riverside,2021-03-19,24310,820960,12769,413381,10567,389363,974,18216,14149,220226,10103,310521,15493,530747,California
Riverside,2021-03-20,10872,831832,6940,420321,2726,392089,1206,19422,6927,224461,3911,314432,8146,538893,California
Riverside,2021-03-21,3921,835753,3028,423349,615,392704,278,19700,2603,226050,1298,315730,2887,541780,California
Riverside,2021-03-22,16792,852545,10012,433361,6226,398930,554,20254,10653,231179,6080,321810,11209,552989,California
Riverside,2021-03-23,18774,871319,10607,443968,7744,406674,423,20677,11981,236876,6733,328543,12430,565419,California
Riverside,2021-03-24,18889,890208,10523,454491,8244,414918,122,20799,12911,244009,5925,334468,13058,578477,California
Riverside,2021-03-25,21282,911490,11729,466220,9366,424284,187,20986,14183,251372,7024,341492,14387,592864,California
Riverside,2021-03-26,24287,935777,11995,478215,12119,436403,173,21159,15060,257502,9119,350611,15249,608113,California
Riverside,2021-03-27,9388,945165,4908,483123,3426,439829,1054,22213,4841,258883,4520,355131,5901,614014,California
Riverside,2021-03-28,4809,949974,3154,486277,1562,441391,93,22306,2857,259897,1939,357070,2953,616967,California
Riverside,2021-03-29,17734,967708,8473,494750,9136,450527,125,22431,10952,264260,6735,363805,11098,628065,California
Riverside,2021-03-30,18451,986159,9606,504356,8635,459162,210,22641,11736,269539,6672,370477,11951,640016,California
Riverside,2021-03-31,18256,1004415,8485,512841,9445,468607,326,22967,11397,274466,6808,377285,11735,651751,California
Riverside,2021-04-01,25720,1030135,12559,525400,12359,480966,802,23769,16512,282651,9133,386418,17318,669069,California
Riverside,2021-04-02,26272,1056407,14120,539520,11167,492133,985,24754,16411,290474,9797,396215,17620,686689,California
Riverside,2021-04-03,9460,1065867,5997,545517,2849,494982,614,25368,6083,293813,3357,399572,6696,693385,California
Riverside,2021-04-04,3439,1069306,2079,547596,1093,496075,267,25635,1720,294093,1708,401280,1988,695373,California
Riverside,2021-04-05,18588,1087894,9505,557101,7201,503276,1882,27517,9978,297392,8567,409847,11866,707239,California
Riverside,2021-04-06,23929,1111823,12434,569535,9322,512598,2173,29690,13334,302348,10543,420390,15499,722738,California
Riverside,2021-04-07,25041,1136864,13477,583012,9025,521623,2539,32229,13917,307732,11072,431462,16456,739194,California
Riverside,2021-04-08,27651,1164515,15258,598270,9362,530985,3031,35260,16843,316856,10736,442198,19860,759054,California
Riverside,2021-04-09,26530,1191045,15581,613851,8431,539416,2518,37778,16136,325201,10341,452539,18686,777740,California
Riverside,2021-04-10,12158,1203203,6810,620661,3926,543342,1422,39200,5327,325159,6786,459325,6744,784484,California
Riverside,2021-04-11,4697,1207900,2791,623452,1264,544606,642,39842,2202,325525,2483,461808,2849,787333,California
Riverside,2021-04-12,20291,1228191,9041,632493,8588,553194,2662,42504,10150,328242,10101,471909,12818,800151,California
Riverside,2021-04-13,20264,1248455,11339,643832,8897,562091,28,42532,11608,331270,8616,480525,11644,811795,California
Riverside,2021-04-14,22496,1270951,12408,656240,10073,572164,15,42547,11021,330923,11405,491930,11058,822853,California
Riverside,2021-04-15,22287,1293238,12616,668856,9663,581827,8,42555,11773,332275,10440,502370,11792,834645,California
Riverside,2021-04-16,25410,1318648,14676,683532,10728,592555,6,42561,11819,330581,13532,515902,11838,846483,California
Riverside,2021-04-17,10007,1328655,6601,690133,3406,595961,0,42561,5034,330678,4947,520849,5044,851527,California
Riverside,2021-04-18,4214,1332869,3137,693270,1070,597031,7,42568,1957,330412,2239,523088,1973,853500,California
Riverside,2021-04-19,19759,1352628,11742,705012,8014,605045,3,42571,7113,324947,12594,535682,7129,860629,California
Riverside,2021-04-20,19571,1372199,10546,715558,9016,614061,9,42580,7987,321416,11534,547216,8003,868632,California
Riverside,2021-04-21,20884,1393083,12351,727909,8523,622584,10,42590,8403,317433,12406,559622,8423,877055,California
Riverside,2021-04-22,23877,1416960,14103,742012,9770,632354,4,42594,8931,311505,14874,574496,8946,886001,California
Riverside,2021-04-23,23841,1440801,14167,756179,9660,642014,14,42608,9349,306459,14431,588927,9385,895386,California
Riverside,2021-04-24,10539,1451340,7325,763504,3205,645219,9,42617,4830,305630,5671,594598,4842,900228,California
Riverside,2021-04-25,4258,1455598,2828,766332,1423,646642,7,42624,2201,305801,2039,596637,2210,902438,California
Riverside,2021-04-26,17392,1472990,10942,777274,6391,653033,59,42683,5931,300392,11415,608052,6006,908444,California
Riverside,2021-04-27,18620,1491610,10700,787974,7714,660747,206,42889,6492,295017,12081,620133,6706,915150,California
Riverside,2021-04-28,16902,1508512,9226,797200,7411,668158,265,43154,5751,289955,11088,631221,6026,921176,California
Riverside,2021-04-29,19143,1527655,11815,809015,6977,675135,351,43505,5571,282372,13504,644725,5921,927097,California
Riverside,2021-04-30,20315,1547970,11846,820861,8081,683216,388,43893,6650,275802,13609,658334,7039,934136,California
Riverside,2021-05-01,6885,1554855,4940,825801,1761,684977,184,44077,2363,273857,4493,662827,2548,936684,California
Riverside,2021-05-02,3389,1558244,2214,828015,966,685943,209,44286,1086,272874,2285,665112,1302,937986,California
Riverside,2021-05-03,18064,1576308,11089,839104,6479,692422,496,44782,4171,263714,13826,678938,4666,942652,California
Riverside,2021-05-04,17762,1594070,11381,850485,5917,698339,464,45246,5006,256509,12687,691625,5482,948134,California
Riverside,2021-05-05,16362,1610432,9436,859921,6552,704891,374,45620,4729,250061,11572,703197,5124,953258,California
Riverside,2021-05-06,18348,1628780,10444,870365,7488,712379,416,46036,4715,241677,13554,716751,5170,958428,California
Riverside,2021-05-07,20770,1649550,11875,882240,8449,720828,446,46482,5528,232494,15160,731911,5977,964405,California
Riverside,2021-05-08,7095,1656645,4722,886962,2110,722938,263,46745,2648,231001,4412,736323,2919,967324,California
Riverside,2021-05-09,2495,1659140,1697,888659,645,723583,153,46898,925,230526,1561,737884,1086,968410,California
Riverside,2021-05-10,10151,1669291,5207,893866,4550,728133,394,47292,2866,226556,7235,745119,3265,971675,California
Riverside,2021-05-11,14345,1683636,8751,902617,5067,733200,527,47819,4011,220858,10252,755371,4554,976229,California
Riverside,2021-05-12,13063,1696699,6724,909341,6006,739206,333,48152,3934,216050,9075,764446,4267,980496,California
Riverside,2021-05-13,15244,1711943,9326,918667,5636,744842,282,48434,5410,211974,9781,774227,5705,986201,California
Riverside,2021-05-14,18233,1730176,11550,930217,5887,750729,796,49230,7092,208794,11067,785294,7887,994088,California
Riverside,2021-05-15,9882,1740058,7120,937337,2364,753093,398,49628,5085,209509,4768,790062,5483,999571,California
Riverside,2021-05-16,3712,1743770,2754,940091,840,753933,118,49746,1861,209649,1837,791899,1977,1001548,California
Riverside,2021-05-17,11811,1755581,7598,947689,3858,757791,355,50101,5084,208397,6695,798594,5443,1006991,California
Riverside,2021-05-18,15256,1770837,9475,957164,5422,763213,359,50460,6161,205870,9048,807642,6521,1013512,California
Riverside,2021-05-19,12231,1783068,7734,964898,4252,767465,245,50705,5898,205735,6282,813924,6147,1019659,California
Riverside,2021-05-20,11922,1794990,7483,972381,4180,771645,259,50964,5297,204719,6576,820500,5560,1025219,California
Riverside,2021-05-21,14466,1809456,8911,981292,5231,776876,324,51288,6051,202749,8347,828847,6377,1031596,California
Riverside,2021-05-22,7217,1816673,4883,986175,2137,779013,197,51485,3855,203478,3325,832172,4054,1035650,California
Riverside,2021-05-23,2749,1819422,1836,988011,836,779849,77,51562,1288,203396,1446,833618,1364,1037014,California
Riverside,2021-05-24,8884,1828306,5812,993823,2760,782609,312,51874,3966,202791,4883,838501,4278,1041292,California
Riverside,2021-05-25,9736,1838042,5796,999619,3668,786277,272,52146,3878,201127,5818,844319,4154,1045446,California
Riverside,2021-05-26,8933,1846975,5534,1005153,3067,789344,332,52478,3905,200391,4978,849297,4242,1049688,California
Riverside,2021-05-27,8559,1855534,5122,1010275,3200,792544,237,52715,3875,199874,4633,853930,4116,1053804,California
Riverside,2021-05-28,10777,1866311,6523,1016798,3940,796484,314,53029,4966,199412,5749,859679,5287,1059091,California
Riverside,2021-05-29,5021,1871332,3417,1020215,1480,797964,124,53153,2793,200124,2207,861886,2919,1062010,California
Riverside,2021-05-30,1963,1873295,1418,1021633,477,798441,68,53221,1013,200263,942,862828,1081,1063091,California
Riverside,2021-05-31,880,1874175,501,1022134,346,798787,33,53254,338,200097,537,863365,371,1063462,California
Riverside,2021-06-01,9173,1883348,5663,1027797,3272,802059,238,53492,3443,198099,5678,869043,3680,1067142,California
Riverside,2021-06-02,7135,1890483,4349,1032146,2509,804568,277,53769,2737,196761,4354,873397,3016,1070158,California
Riverside,2021-06-03,7962,1898445,5300,1037446,2391,806959,271,54040,2730,194566,5192,878589,2997,1073155,California
Riverside,2021-06-04,10719,1909164,7636,1045082,2824,809783,259,54299,3713,191585,6955,885544,3974,1077129,California
Riverside,2021-06-05,6939,1916103,5120,1050202,1272,811055,547,54846,2169,189558,4746,890290,2719,1079848,California
Riverside,2021-06-06,2199,1918302,1868,1052070,280,811335,51,54897,675,188768,1517,891807,727,1080575,California
Riverside,2021-06-07,6900,1925202,5225,1057295,1444,812779,231,55128,2251,186632,4619,896426,2483,1083058,California
Riverside,2021-06-08,9059,1934261,6566,1063861,2219,814998,274,55402,2956,183817,6047,902473,3232,1086290,California
Riverside,2021-06-09,7725,1941986,5628,1069489,1802,816800,295,55697,2352,181134,5328,907801,2645,1088935,California
Riverside,2021-06-10,7568,1949554,5334,1074823,2000,818800,234,55931,2358,178547,5183,912984,2596,1091531,California
Riverside,2021-06-11,8864,1958418,6005,1080828,2568,821368,291,56222,2991,176017,5812,918796,3282,1094813,California
Riverside,2021-06-12,5327,1963745,3939,1084767,1260,822628,128,56350,1658,174171,3638,922434,1792,1096605,California
Riverside,2021-06-13,1789,1965534,1329,1086096,416,823044,44,56394,495,173428,1282,923716,539,1097144,California
Riverside,2021-06-14,6333,1971867,4530,1090626,1499,824543,304,56698,2077,171585,4220,927936,2377,1099521,California
Riverside,2021-06-15,7107,1978974,4858,1095484,1941,826484,308,57006,2681,170201,4378,932314,2994,1102515,California
Riverside,2021-06-16,6832,1985806,4718,1100202,1806,828290,308,57314,2431,168581,4358,936672,2738,1105253,California
Riverside,2021-06-17,6499,1992305,4584,1104786,1676,829966,239,57553,2494,167348,3972,940644,2739,1107992,California
Riverside,2021-06-18,8214,2000519,5955,1110741,1986,831952,273,57826,3393,166245,4774,945418,3671,1111663,California
Riverside,2021-06-19,4278,2004797,3283,1114024,839,832791,156,57982,1788,165729,2463,947881,1947,1113610,California
Riverside,2021-06-20,1503,2006300,1143,1115167,324,833115,36,58018,576,165426,916,948797,613,1114223,California
Riverside,2021-06-21,4258,2010558,2827,1117994,1161,834276,270,58288,2216,165889,2023,950820,2486,1116709,California
Riverside,2021-06-22,6295,2016853,4456,1122450,1590,835866,249,58537,2699,165285,3557,954377,2953,1119662,California
Riverside,2021-06-23,5472,2022325,3882,1126332,1339,837205,251,58788,2556,165211,2881,957258,2807,1122469,California
Riverside,2021-06-24,5274,2027599,3615,1129947,1430,838635,229,59017,2321,164845,2917,960175,2551,1125020,California
Riverside,2021-06-25,6719,2034318,4869,1134816,1585,840220,265,59282,2930,164287,3757,963932,3199,1128219,California
Riverside,2021-06-26,3388,2037706,2555,1137371,724,840944,109,59391,1525,164080,1842,965774,1635,1129854,California
Riverside,2021-06-27,950,2038656,698,1138069,228,841172,24,59415,438,164036,506,966280,462,1130316,California
Sacramento,2020-12-15,315,315,315,315,0,0,0,0,315,315,0,0,315,315,California
Sacramento,2020-12-16,646,961,646,961,0,0,0,0,646,961,0,0,646,961,California
Sacramento,2020-12-17,704,1665,704,1665,0,0,0,0,704,1665,0,0,704,1665,California
Sacramento,2020-12-18,1114,2779,1114,2779,0,0,0,0,1115,2780,0,0,1115,2780,California
Sacramento,2020-12-19,613,3392,613,3392,0,0,0,0,613,3393,0,0,613,3393,California
Sacramento,2020-12-20,632,4024,632,4024,0,0,0,0,632,4025,0,0,632,4025,California
Sacramento,2020-12-21,1675,5699,1675,5699,0,0,0,0,1676,5701,0,0,1676,5701,California
Sacramento,2020-12-22,2111,7810,2075,7774,36,36,0,0,2111,7812,0,0,2111,7812,California
Sacramento,2020-12-23,2266,10076,2092,9866,174,210,0,0,2266,10078,0,0,2266,10078,California
Sacramento,2020-12-24,1044,11120,832,10698,212,422,0,0,1044,11122,0,0,1044,11122,California
Sacramento,2020-12-25,2,11122,1,10699,1,423,0,0,2,11124,0,0,2,11124,California
Sacramento,2020-12-26,511,11633,292,10991,219,642,0,0,511,11635,0,0,511,11635,California
Sacramento,2020-12-27,357,11990,251,11242,106,748,0,0,357,11992,0,0,357,11992,California
Sacramento,2020-12-28,1928,13918,1341,12583,587,1335,0,0,1927,13918,1,1,1927,13919,California
Sacramento,2020-12-29,1974,15892,1203,13786,771,2106,0,0,1974,15892,0,1,1974,15893,California
Sacramento,2020-12-30,2563,18455,1458,15244,1105,3211,0,0,2564,18456,0,1,2564,18457,California
Sacramento,2020-12-31,1235,19690,697,15941,538,3749,0,0,1236,19692,0,1,1236,19693,California
Sacramento,2021-01-01,82,19772,70,16011,12,3761,0,0,82,19774,0,1,82,19775,California
Sacramento,2021-01-02,575,20347,369,16380,206,3967,0,0,575,20349,0,1,575,20350,California
Sacramento,2021-01-03,413,20760,224,16604,189,4156,0,0,413,20762,0,1,413,20763,California
Sacramento,2021-01-04,1948,22708,837,17441,1111,5267,0,0,1946,22707,1,2,1946,22709,California
Sacramento,2021-01-05,2218,24926,994,18435,1224,6491,0,0,1854,24204,364,366,1861,24570,California
Sacramento,2021-01-06,2732,27658,1617,20052,1115,7606,0,0,1936,25347,793,1159,1936,26506,California
Sacramento,2021-01-07,2848,30506,1511,21563,1337,8943,0,0,1920,26342,925,2084,1920,28426,California
Sacramento,2021-01-08,3297,33803,2084,23647,1213,10156,0,0,2179,27408,1114,3198,2180,30606,California
Sacramento,2021-01-09,1297,35100,803,24450,494,10650,0,0,900,27913,395,3593,900,31506,California
Sacramento,2021-01-10,1255,36355,713,25163,542,11192,0,0,784,28228,470,4063,785,32291,California
Sacramento,2021-01-11,4364,40719,2963,28126,1401,12593,0,0,2421,28719,1942,6005,2433,34724,California
Sacramento,2021-01-12,4664,45383,3274,31400,1390,13983,0,0,2622,29305,2041,8046,2627,37351,California
Sacramento,2021-01-13,3849,49232,2224,33624,1625,15608,0,0,2428,30315,1420,9466,2430,39781,California
Sacramento,2021-01-14,4737,53969,2438,36062,2299,17907,0,0,3815,33211,919,10385,3815,43596,California
Sacramento,2021-01-15,4468,58437,2266,38328,2202,20109,0,0,3745,36234,723,11108,3746,47342,California
Sacramento,2021-01-16,2094,60531,1286,39614,808,20917,0,0,1873,37887,220,11328,1873,49215,California
Sacramento,2021-01-17,1687,62218,987,40601,700,21617,0,0,1501,39205,186,11514,1504,50719,California
Sacramento,2021-01-18,2826,65044,1726,42327,1100,22717,0,0,2237,40855,588,12102,2238,52957,California
Sacramento,2021-01-19,4990,70034,3031,45358,1959,24676,0,0,3749,43365,1241,13343,3751,56708,California
Sacramento,2021-01-20,4989,75023,3006,48364,1983,26659,0,0,3676,45733,1314,14657,3682,60390,California
Sacramento,2021-01-21,5243,80266,3017,51381,2226,28885,0,0,4271,49040,966,15623,4273,64663,California
Sacramento,2021-01-22,5037,85303,2691,54072,2346,31231,0,0,4735,53475,301,15924,4736,69399,California
Sacramento,2021-01-23,3871,89174,1561,55633,2310,33541,0,0,3408,56420,463,16387,3408,72807,California
Sacramento,2021-01-24,1634,90808,1019,56652,615,34156,0,0,1385,57557,249,16636,1386,74193,California
Sacramento,2021-01-25,4424,95232,2166,58818,2258,36414,0,0,2945,59025,1479,18115,2947,77140,California
Sacramento,2021-01-26,4779,100011,2176,60994,2603,39017,0,0,3562,61376,1213,19328,3564,80704,California
Sacramento,2021-01-27,5861,105872,3044,64038,2817,41834,0,0,4235,63992,1621,20949,4237,84941,California
Sacramento,2021-01-28,5415,111287,2734,66772,2681,44515,0,0,4309,67197,1105,22054,4310,89251,California
Sacramento,2021-01-29,5431,116718,2939,69711,2492,47007,0,0,4400,70574,1023,23077,4400,93651,California
Sacramento,2021-01-30,4886,121604,2205,71916,2681,49688,0,0,4453,74597,430,23507,4453,98104,California
Sacramento,2021-01-31,2412,124016,2111,74027,301,49989,0,0,2059,76307,351,23858,2061,100165,California
Sacramento,2021-02-01,5965,129981,3037,77064,2928,52917,0,0,4276,78902,1681,25539,4276,104441,California
Sacramento,2021-02-02,6963,136944,3722,80786,3241,56158,0,0,4862,81685,2081,27620,4864,109305,California
Sacramento,2021-02-03,7174,144118,3619,84405,3555,59713,0,0,5297,85116,1868,29488,5299,114604,California
Sacramento,2021-02-04,7791,151909,3682,88087,4109,63822,0,0,5535,88403,2248,31736,5535,120139,California
Sacramento,2021-02-05,7895,159804,4502,92589,3393,67215,0,0,4844,90225,3027,34763,4849,124988,California
Sacramento,2021-02-06,8498,168302,3498,96087,5000,72215,0,0,7136,96003,1360,36123,7138,132126,California
Sacramento,2021-02-07,4095,172397,2203,98290,1892,74107,0,0,2888,97691,1202,37325,2890,135016,California
Sacramento,2021-02-08,6268,178665,3255,101545,3013,77120,0,0,3917,99262,2346,39671,3917,138933,California
Sacramento,2021-02-09,6793,185458,3565,105110,3228,80348,0,0,3994,100471,2787,42458,3996,142929,California
Sacramento,2021-02-10,7759,193217,4249,109359,3510,83858,0,0,4527,101785,3217,45675,4531,147460,California
Sacramento,2021-02-11,9636,202853,5741,115100,3895,87753,0,0,5517,103200,4104,49779,5519,152979,California
Sacramento,2021-02-12,10753,213606,4180,119280,6573,94326,0,0,6442,105398,4247,54026,6445,159424,California
Sacramento,2021-02-13,7750,221356,3011,122291,4739,99065,0,0,6144,109942,1602,55628,6146,165570,California
Sacramento,2021-02-14,3247,224603,1996,124287,1251,100316,0,0,2118,110938,1127,56755,2123,167693,California
Sacramento,2021-02-15,6035,230638,2056,126343,3979,104295,0,0,4186,113286,1841,58596,4189,171882,California
Sacramento,2021-02-16,9296,239934,4231,130574,5065,109360,0,0,5341,114684,3948,62544,5346,177228,California
Sacramento,2021-02-17,8901,248835,5015,135589,3886,113246,0,0,5161,116119,3729,66273,5164,182392,California
Sacramento,2021-02-18,9636,258471,5774,141363,3862,117108,0,0,5746,117989,3880,70153,5750,188142,California
Sacramento,2021-02-19,10115,268586,6197,147560,3918,121026,0,0,5978,119848,4127,74280,5986,194128,California
Sacramento,2021-02-20,7899,276485,5809,153369,2090,123116,0,0,4755,121470,3136,77416,4758,198886,California
Sacramento,2021-02-21,3099,279584,2452,155821,647,123763,0,0,1096,120569,1997,79413,1096,199982,California
Sacramento,2021-02-22,6323,285907,3825,159646,2498,126261,0,0,2777,119815,3535,82948,2781,202763,California
Sacramento,2021-02-23,7282,293189,4517,164163,2765,129026,0,0,3551,119656,3714,86662,3555,206318,California
Sacramento,2021-02-24,9867,303056,5426,169589,4441,133467,0,0,5400,120611,4451,91113,5406,211724,California
Sacramento,2021-02-25,11310,314366,6480,176069,4830,138297,0,0,6652,122622,4642,95755,6653,218377,California
Sacramento,2021-02-26,14467,328833,6819,182888,7648,145945,0,0,9915,128025,4519,100274,9922,228299,California
Sacramento,2021-02-27,11144,339977,6886,189774,4255,150200,3,3,8238,133386,2880,103154,8241,236540,California
Sacramento,2021-02-28,6221,346198,2345,192119,3876,154076,0,3,3123,133428,3084,106238,3126,239666,California
Sacramento,2021-03-01,8639,354837,3632,195751,5005,159081,2,5,4704,134225,3912,110150,4709,244375,California
Sacramento,2021-03-02,9353,364190,4051,199802,5301,164382,1,6,5735,136366,3599,113749,5740,250115,California
Sacramento,2021-03-03,11153,375343,5093,204895,6057,170439,3,9,6697,138633,4435,118184,6702,256817,California
Sacramento,2021-03-04,13508,388851,6222,211117,7282,177721,4,13,7510,140188,5966,124150,7521,264338,California
Sacramento,2021-03-05,10681,399532,4937,216054,5714,183435,30,43,7091,143744,3566,127716,7122,271460,California
Sacramento,2021-03-06,8153,407685,3128,219182,4903,188338,122,165,4150,144026,3989,131705,4271,275731,California
Sacramento,2021-03-07,7635,415320,2224,221406,5321,193659,90,255,3764,144012,3866,135571,3852,279583,California
Sacramento,2021-03-08,9141,424461,4271,225677,4644,198303,226,481,5975,147059,3152,138723,6199,285782,California
Sacramento,2021-03-09,9670,434131,4584,230261,4792,203095,294,775,5561,148823,4091,142814,5855,291637,California
Sacramento,2021-03-10,11837,445968,7527,237788,3952,207047,358,1133,6911,151211,4887,147701,7275,298912,California
Sacramento,2021-03-11,15115,461083,10023,247811,4262,211309,830,1963,8959,154884,6112,153813,9785,308697,California
Sacramento,2021-03-12,18102,479185,8354,256165,8880,220189,868,2831,8874,155455,9176,162989,9747,318444,California
Sacramento,2021-03-13,13051,492236,3583,259748,9038,229227,430,3261,7855,158557,5184,168173,8286,326730,California
Sacramento,2021-03-14,8406,500642,3473,263221,4299,233526,634,3895,4431,159669,3951,172124,5063,331793,California
Sacramento,2021-03-15,12265,512907,4880,268101,6722,240248,663,4558,7061,162216,5178,177302,7725,339518,California
Sacramento,2021-03-16,14098,527005,6258,274359,7185,247433,655,5213,8673,166148,5388,182690,9320,348838,California
Sacramento,2021-03-17,13865,540870,6672,281031,6557,253990,636,5849,8828,170603,5011,187701,9466,358304,California
Sacramento,2021-03-18,15833,556703,8335,289366,6894,260884,604,6453,10049,175504,5750,193451,10651,368955,California
Sacramento,2021-03-19,15718,572421,8022,297388,6304,267188,1392,7845,7929,177057,7760,201211,9313,378268,California
Sacramento,2021-03-20,12982,585403,7565,304953,5073,272261,344,8189,8077,180605,4874,206085,8422,386690,California
Sacramento,2021-03-21,5632,591035,2783,307736,2809,275070,40,8229,4886,184803,732,206817,4930,391620,California
Sacramento,2021-03-22,9474,600509,4876,312612,3745,278815,853,9082,6268,188745,3177,209994,7119,398739,California
Sacramento,2021-03-23,11475,611984,6849,319461,3820,282635,806,9888,7357,192833,4074,214068,8162,406901,California
Sacramento,2021-03-24,11947,623931,7297,326758,4020,286655,630,10518,6766,195132,5100,219168,7399,414300,California
Sacramento,2021-03-25,14249,638180,8376,335134,5032,291687,841,11359,8552,198869,5650,224818,9387,423687,California
Sacramento,2021-03-26,18353,656533,8955,344089,8887,300574,511,11870,9182,199462,9103,233921,9696,433383,California
Sacramento,2021-03-27,9738,666271,3584,347673,5863,306437,291,12161,5113,200269,4592,238513,5399,438782,California
Sacramento,2021-03-28,6548,672819,3232,350905,3067,309504,249,12410,2705,199395,3832,242345,2958,441740,California
Sacramento,2021-03-29,11058,683877,5908,356813,4760,314264,390,12800,4953,198663,6075,248420,5343,447083,California
Sacramento,2021-03-30,11951,695828,6105,362918,5428,319692,418,13218,6039,199232,5886,254306,6455,453538,California
Sacramento,2021-03-31,13512,709340,7872,370790,5229,324921,411,13629,5591,197334,7894,262200,5996,459534,California
Sacramento,2021-04-01,17521,726861,10476,381266,6789,331710,256,13885,7367,194852,10109,272309,7627,467161,California
Sacramento,2021-04-02,17216,744077,9727,390993,6747,338457,742,14627,9042,196493,8142,280451,9783,476944,California
Sacramento,2021-04-03,10471,754548,6237,397230,3685,342142,549,15176,6420,199436,4021,284472,6964,483908,California
Sacramento,2021-04-04,3731,758279,1532,398762,1993,344135,206,15382,1453,198818,2272,286744,1654,485562,California
Sacramento,2021-04-05,12086,770365,7570,406332,3673,347808,843,16225,5389,198384,6660,293404,6226,491788,California
Sacramento,2021-04-06,15712,786077,8885,415217,5481,353289,1346,17571,6941,197927,8738,302142,8281,500069,California
Sacramento,2021-04-07,14938,801015,8054,423271,5265,358554,1619,19190,7193,199023,7703,309845,8799,508868,California
Sacramento,2021-04-08,15156,816171,6811,430082,5342,363896,3003,22193,6036,198957,9086,318931,9020,517888,California
Sacramento,2021-04-09,18384,834555,9384,439466,6769,370665,2231,24424,7468,197771,10874,329805,9688,527576,California
Sacramento,2021-04-10,12916,847471,3852,443318,7842,378507,1222,25646,5360,196800,7527,337332,6556,534132,California
Sacramento,2021-04-11,10818,858289,4370,447688,6221,384728,227,25873,3862,193956,6931,344263,4087,538219,California
Sacramento,2021-04-12,13034,871323,5072,452760,6070,390798,1892,27765,4961,192786,8007,352270,6837,545056,California
Sacramento,2021-04-13,16346,887669,9985,462745,6356,397154,5,27770,7598,191678,8715,360985,7607,552663,California
Sacramento,2021-04-14,15064,902733,8014,470759,7048,404202,2,27772,5930,188512,9102,370087,5936,558599,California
Sacramento,2021-04-15,16471,919204,8461,479220,8007,412209,3,27775,6675,185436,9757,379844,6681,565280,California
Sacramento,2021-04-16,17589,936793,9718,488938,7871,420080,0,27775,7964,183824,9581,389425,7969,573249,California
Sacramento,2021-04-17,15416,952209,6181,495119,9235,429315,0,27775,11158,190753,4235,393660,11164,584413,California
Sacramento,2021-04-18,8651,960860,3256,498375,5395,434710,0,27775,3884,189890,4748,398408,3885,588298,California
Sacramento,2021-04-19,10672,971532,5764,504139,4903,439613,5,27780,4716,188685,5929,404337,4724,593022,California
Sacramento,2021-04-20,11554,983086,7125,511264,4425,444038,4,27784,6069,189305,5457,409794,6077,599099,California
Sacramento,2021-04-21,12300,995386,7360,518624,4938,448976,2,27786,6605,190247,5667,415461,6609,605708,California
Sacramento,2021-04-22,15248,1010634,10266,528890,4978,453954,4,27790,6996,189033,8216,423677,7002,612710,California
Sacramento,2021-04-23,16290,1026924,10346,539236,5944,459898,0,27790,7549,187882,8702,432379,7551,620261,California
Sacramento,2021-04-24,11372,1038296,7008,546244,4363,464261,1,27791,5968,188484,5368,437747,5970,626231,California
Sacramento,2021-04-25,8007,1046303,4475,550719,3532,467793,0,27791,4165,188822,3828,441575,4166,630397,California
Sacramento,2021-04-26,10837,1057140,6831,557550,3982,471775,24,27815,5153,188346,5653,447228,5177,635574,California
Sacramento,2021-04-27,12270,1069410,8079,565629,4036,475811,155,27970,6033,188337,6202,453430,6193,641767,California
Sacramento,2021-04-28,10785,1080195,6111,571740,4469,480280,205,28175,5959,189711,4795,458225,6169,647936,California
Sacramento,2021-04-29,11177,1091372,7586,579326,3288,483568,303,28478,6135,191148,5004,463229,6441,654377,California
Sacramento,2021-04-30,12746,1104118,8079,587405,4404,487972,263,28741,6033,190782,6663,469892,6297,660674,California
Sacramento,2021-05-01,7612,1111730,5478,592883,1958,489930,176,28917,2779,188939,4796,474688,2953,663627,California
Sacramento,2021-05-02,5010,1116740,4312,597195,547,490477,151,29068,2230,188565,2753,477441,2379,666006,California
Sacramento,2021-05-03,9143,1125883,7307,604502,1554,492031,282,29350,3972,187668,5147,482588,4250,670256,California
Sacramento,2021-05-04,9684,1135567,5947,610449,3427,495458,310,29660,3853,186044,5786,488374,4162,674418,California
Sacramento,2021-05-05,11365,1146932,6236,616685,4668,500126,461,30121,4648,184475,6671,495045,5102,679520,California
Sacramento,2021-05-06,11436,1158368,6393,623078,4735,504861,308,30429,4687,183041,6425,501470,4991,684511,California
Sacramento,2021-05-07,10776,1169144,6288,629366,4117,508978,371,30800,4544,181778,6179,507649,4916,689427,California
Sacramento,2021-05-08,8468,1177612,4002,633368,4236,513214,230,31030,2777,179128,5649,513298,2999,692426,California
Sacramento,2021-05-09,3286,1180898,1791,635159,1382,514596,113,31143,1207,178380,2068,515366,1320,693746,California
Sacramento,2021-05-10,8231,1189129,3869,639028,4090,518686,272,31415,1997,174449,6202,521568,2271,696017,California
Sacramento,2021-05-11,8638,1197767,5463,644491,2916,521602,259,31674,3010,172123,5595,527163,3269,699286,California
Sacramento,2021-05-12,8738,1206505,5286,649777,3195,524797,257,31931,2955,169585,5748,532911,3210,702496,California
Sacramento,2021-05-13,11962,1218467,7702,657479,3984,528781,276,32207,4534,167009,7386,540297,4810,707306,California
Sacramento,2021-05-14,12431,1230898,7076,664555,5067,533848,288,32495,5045,165013,7329,547626,5333,712639,California
Sacramento,2021-05-15,13234,1244132,8021,672576,5067,538915,146,32641,5869,163694,7330,554956,6011,718650,California
Sacramento,2021-05-16,7956,1252088,4203,676779,3640,542555,113,32754,2186,160249,5746,560702,2301,720951,California
Sacramento,2021-05-17,10461,1262549,6379,683158,3791,546346,291,33045,3911,157941,6513,567215,4205,725156,California
Sacramento,2021-05-18,9885,1272434,6209,689367,3465,549811,211,33256,3705,155723,6139,573354,3921,729077,California
Sacramento,2021-05-19,9801,1282235,6245,695612,3292,553103,264,33520,4414,155062,5345,578699,4684,733761,California
Sacramento,2021-05-20,10220,1292455,6739,702351,3221,556324,260,33780,3802,152759,6366,585065,4063,737824,California
Sacramento,2021-05-21,10726,1303181,6807,709158,3596,559920,323,34103,4446,151295,6239,591304,4775,742599,California
Sacramento,2021-05-22,7435,1310616,4598,713756,2665,562585,172,34275,3338,150741,4067,595371,3513,746112,California
Sacramento,2021-05-23,4325,1314941,3013,716769,1209,563794,103,34378,1958,150456,2347,597718,2062,748174,California
Sacramento,2021-05-24,7813,1322754,4718,721487,2765,566559,330,34708,2482,147982,5284,603002,2810,750984,California
Sacramento,2021-05-25,6707,1329461,3875,725362,2540,569099,292,35000,2379,146350,4302,607304,2670,753654,California
Sacramento,2021-05-26,8556,1338017,4722,730084,3499,572598,335,35335,2807,143789,5698,613002,3137,756791,California
Sacramento,2021-05-27,6686,1344703,3640,733724,2806,575404,240,35575,2948,143281,3696,616698,3188,759979,California
Sacramento,2021-05-28,8268,1352971,4581,738305,3313,578717,374,35949,3458,142343,4770,621468,3832,763811,California
Sacramento,2021-05-29,4410,1357381,2683,740988,1571,580288,156,36105,2218,142549,2168,623636,2374,766185,California
Sacramento,2021-05-30,1674,1359055,1057,742045,578,580866,39,36144,745,142412,922,624558,785,766970,California
Sacramento,2021-05-31,881,1359936,440,742485,428,581294,13,36157,311,142167,569,625127,324,767294,California
Sacramento,2021-06-01,6973,1366909,4181,746666,2585,583879,207,36364,2534,140507,4398,629525,2738,770032,California
Sacramento,2021-06-02,6102,1373011,3347,750013,2541,586420,214,36578,2262,139186,3795,633320,2474,772506,California
Sacramento,2021-06-03,7446,1380457,5064,755077,2198,588618,184,36762,2136,136233,5270,638590,2317,774823,California
Sacramento,2021-06-04,7061,1387518,4515,759592,2335,590953,211,36973,2207,133828,4823,643413,2418,777241,California
Sacramento,2021-06-05,6212,1393730,4552,764144,1519,592472,141,37114,1753,131291,4430,647843,1893,779134,California
Sacramento,2021-06-06,2377,1396107,1865,766009,454,592926,58,37172,767,130513,1604,649447,826,779960,California
Sacramento,2021-06-07,5541,1401648,3876,769885,1484,594410,181,37353,1539,128253,3976,653423,1716,781676,California
Sacramento,2021-06-08,5389,1407037,3677,773562,1532,595942,180,37533,1722,126516,3641,657064,1904,783580,California
Sacramento,2021-06-09,6163,1413200,4274,777836,1704,597646,185,37718,1622,123833,4489,661553,1806,785386,California
Sacramento,2021-06-10,5412,1418612,3460,781296,1740,599386,212,37930,1680,122043,3682,665235,1892,787278,California
Sacramento,2021-06-11,7552,1426164,5213,786509,2145,601531,194,38124,2056,118828,5463,670698,2248,789526,California
Sacramento,2021-06-12,4732,1430896,3061,789570,1553,603084,118,38242,1287,116813,3422,674120,1407,790933,California
Sacramento,2021-06-13,1926,1432822,1418,790988,466,603550,42,38284,399,115738,1515,675635,440,791373,California
Sacramento,2021-06-14,4302,1437124,2786,793774,1355,604905,161,38445,1339,114291,2945,678580,1498,792871,California
Sacramento,2021-06-15,4921,1442045,2962,796736,1736,606641,223,38668,1722,113051,3184,681764,1944,794815,California
Sacramento,2021-06-16,4479,1446524,3011,799747,1248,607889,220,38888,1558,111926,2895,684659,1770,796585,California
Sacramento,2021-06-17,4069,1450593,2645,802392,1259,609148,165,39053,1399,110848,2637,687296,1559,798144,California
Sacramento,2021-06-18,5126,1455719,3349,805741,1536,610684,241,39294,1740,109466,3362,690658,1980,800124,California
Sacramento,2021-06-19,3316,1459035,2253,807994,919,611603,144,39438,1187,108684,2112,692770,1330,801454,California
Sacramento,2021-06-20,1227,1460262,909,808903,291,611894,27,39465,560,108613,658,693428,587,802041,California
Sacramento,2021-06-21,2518,1462780,1332,810235,1026,612920,160,39625,1235,108737,1269,694697,1393,803434,California
Sacramento,2021-06-22,3907,1466687,2697,812932,1018,613938,192,39817,1540,108122,2342,697039,1727,805161,California
Sacramento,2021-06-23,4058,1470745,2800,815732,1051,614989,207,40024,1516,107319,2522,699561,1719,806880,California
Sacramento,2021-06-24,3445,1474190,2242,817974,1012,616001,191,40215,1368,106822,2055,701616,1558,808438,California
Sacramento,2021-06-25,4153,1478343,2813,820787,1132,617133,208,40423,1676,106244,2459,704075,1881,810319,California
Sacramento,2021-06-26,2581,1480924,1805,822592,666,617799,110,40533,1056,105903,1506,705581,1165,811484,California
Sacramento,2021-06-27,830,1481754,578,823170,224,618023,28,40561,280,105665,546,706127,308,811792,California
San Benito,2020-12-16,29,29,29,29,0,0,0,0,29,29,0,0,29,29,California
San Benito,2020-12-17,48,77,48,77,0,0,0,0,48,77,0,0,48,77,California
San Benito,2020-12-18,72,149,72,149,0,0,0,0,72,149,0,0,72,149,California
San Benito,2020-12-19,48,197,48,197,0,0,0,0,48,197,0,0,48,197,California
San Benito,2020-12-20,23,220,23,220,0,0,0,0,23,220,0,0,23,220,California
San Benito,2020-12-21,77,297,77,297,0,0,0,0,77,297,0,0,77,297,California
San Benito,2020-12-22,101,398,101,398,0,0,0,0,101,398,0,0,101,398,California
San Benito,2020-12-23,86,484,74,472,12,12,0,0,86,484,0,0,86,484,California
San Benito,2020-12-24,13,497,5,477,8,20,0,0,13,497,0,0,13,497,California
San Benito,2020-12-25,4,501,4,481,0,20,0,0,4,501,0,0,4,501,California
San Benito,2020-12-26,13,514,4,485,9,29,0,0,13,514,0,0,13,514,California
San Benito,2020-12-27,8,522,7,492,1,30,0,0,8,522,0,0,8,522,California
San Benito,2020-12-28,67,589,36,528,31,61,0,0,67,589,0,0,67,589,California
San Benito,2020-12-29,49,638,21,549,28,89,0,0,49,638,0,0,49,638,California
San Benito,2020-12-30,60,698,38,587,22,111,0,0,60,698,0,0,60,698,California
San Benito,2020-12-31,19,717,2,589,17,128,0,0,19,717,0,0,19,717,California
San Benito,2021-01-02,24,741,23,612,1,129,0,0,24,741,0,0,24,741,California
San Benito,2021-01-03,4,745,2,614,2,131,0,0,3,744,0,0,3,744,California
San Benito,2021-01-04,61,806,23,637,38,169,0,0,61,805,0,0,61,805,California
San Benito,2021-01-05,117,923,37,674,80,249,0,0,114,916,3,3,114,919,California
San Benito,2021-01-06,102,1025,43,717,59,308,0,0,87,988,15,18,87,1006,California
San Benito,2021-01-07,106,1131,68,785,38,346,0,0,54,990,52,70,54,1060,California
San Benito,2021-01-08,182,1313,90,875,92,438,0,0,117,1042,65,135,117,1177,California
San Benito,2021-01-09,44,1357,31,906,13,451,0,0,30,1058,14,149,30,1207,California
San Benito,2021-01-10,17,1374,15,921,2,453,0,0,5,1051,12,161,5,1212,California
San Benito,2021-01-11,172,1546,107,1028,65,518,0,0,72,1023,100,261,72,1284,California
San Benito,2021-01-12,161,1707,57,1085,104,622,0,0,121,1104,40,301,121,1405,California
San Benito,2021-01-13,240,1947,69,1154,171,793,0,0,189,1242,51,352,189,1594,California
San Benito,2021-01-14,131,2078,24,1178,107,900,0,0,112,1335,19,371,112,1706,California
San Benito,2021-01-15,216,2294,21,1199,195,1095,0,0,202,1523,14,385,202,1908,California
San Benito,2021-01-16,26,2320,9,1208,17,1112,0,0,20,1537,6,391,20,1928,California
San Benito,2021-01-17,12,2332,5,1213,7,1119,0,0,9,1543,3,394,9,1937,California
San Benito,2021-01-18,37,2369,23,1236,14,1133,0,0,22,1550,15,409,22,1959,California
San Benito,2021-01-19,186,2555,80,1316,106,1239,0,0,148,1660,38,447,148,2107,California
San Benito,2021-01-20,338,2893,103,1419,235,1474,0,0,291,1905,46,493,291,2398,California
San Benito,2021-01-21,146,3039,33,1452,113,1587,0,0,120,1999,26,519,120,2518,California
San Benito,2021-01-22,237,3276,19,1471,218,1805,0,0,227,2216,10,529,227,2745,California
San Benito,2021-01-23,31,3307,17,1488,14,1819,0,0,13,2211,18,547,13,2758,California
San Benito,2021-01-24,29,3336,3,1491,26,1845,0,0,25,2232,4,551,25,2783,California
San Benito,2021-01-25,72,3408,24,1515,48,1893,0,0,24,2208,48,599,24,2807,California
San Benito,2021-01-26,138,3546,41,1556,97,1990,0,0,86,2242,52,651,86,2893,California
San Benito,2021-01-27,231,3777,70,1626,161,2151,0,0,191,2393,40,691,191,3084,California
San Benito,2021-01-28,153,3930,32,1658,121,2272,0,0,121,2483,31,722,121,3205,California
San Benito,2021-01-29,295,4225,35,1693,260,2532,0,0,270,2729,24,746,270,3475,California
San Benito,2021-01-30,52,4277,33,1726,19,2551,0,0,29,2735,23,769,29,3504,California
San Benito,2021-01-31,16,4293,5,1731,11,2562,0,0,11,2741,5,774,11,3515,California
San Benito,2021-02-01,136,4429,28,1759,108,2670,0,0,92,2789,44,818,92,3607,California
San Benito,2021-02-02,229,4658,49,1808,180,2850,0,0,139,2838,90,908,139,3746,California
San Benito,2021-02-03,339,4997,42,1850,297,3147,0,0,272,3043,67,975,272,4018,California
San Benito,2021-02-04,166,5163,24,1874,142,3289,0,0,120,3117,46,1021,120,4138,California
San Benito,2021-02-05,293,5456,41,1915,252,3541,0,0,230,3284,63,1084,230,4368,California
San Benito,2021-02-06,50,5506,9,1924,41,3582,0,0,33,3300,17,1101,33,4401,California
San Benito,2021-02-07,17,5523,8,1932,9,3591,0,0,15,3313,2,1103,15,4416,California
San Benito,2021-02-08,140,5663,17,1949,123,3714,0,0,94,3361,46,1149,94,4510,California
San Benito,2021-02-09,326,5989,64,2013,262,3976,0,0,194,3423,132,1281,194,4704,California
San Benito,2021-02-10,323,6312,90,2103,233,4209,0,0,106,3313,216,1497,106,4810,California
San Benito,2021-02-11,299,6611,33,2136,266,4475,0,0,201,3416,98,1595,201,5011,California
San Benito,2021-02-12,414,7025,32,2168,382,4857,0,0,209,3421,204,1799,209,5220,California
San Benito,2021-02-13,56,7081,7,2175,49,4906,0,0,44,3453,12,1811,44,5264,California
San Benito,2021-02-14,40,7121,5,2180,35,4941,0,0,30,3473,10,1821,30,5294,California
San Benito,2021-02-15,105,7226,9,2189,96,5037,0,0,94,3556,11,1832,94,5388,California
San Benito,2021-02-16,207,7433,12,2201,195,5232,0,0,101,3552,106,1938,102,5490,California
San Benito,2021-02-17,327,7760,29,2230,298,5530,0,0,278,3781,49,1987,278,5768,California
San Benito,2021-02-18,294,8054,38,2268,256,5786,0,0,73,3633,221,2208,73,5841,California
San Benito,2021-02-19,343,8397,47,2315,296,6082,0,0,178,3646,165,2373,178,6019,California
San Benito,2021-02-20,45,8442,25,2340,20,6102,0,0,35,3671,10,2383,35,6054,California
San Benito,2021-02-21,23,8465,8,2348,15,6117,0,0,14,3676,9,2392,14,6068,California
San Benito,2021-02-22,134,8599,36,2384,98,6215,0,0,100,3743,33,2425,100,6168,California
San Benito,2021-02-23,379,8978,94,2478,285,6500,0,0,262,3888,117,2542,262,6430,California
San Benito,2021-02-24,381,9359,68,2546,313,6813,0,0,243,3993,138,2680,243,6673,California
San Benito,2021-02-25,393,9752,64,2610,329,7142,0,0,271,4140,124,2804,271,6944,California
San Benito,2021-02-26,654,10406,76,2686,578,7720,0,0,404,4294,250,3054,404,7348,California
San Benito,2021-02-27,105,10511,41,2727,64,7784,0,0,86,4361,19,3073,86,7434,California
San Benito,2021-02-28,254,10765,30,2757,224,8008,0,0,243,4593,11,3084,243,7677,California
San Benito,2021-03-01,233,10998,61,2818,172,8180,0,0,162,4683,72,3156,162,7839,California
San Benito,2021-03-02,287,11285,97,2915,190,8370,0,0,214,4824,73,3229,214,8053,California
San Benito,2021-03-03,406,11691,66,2981,340,8710,0,0,227,4874,177,3406,227,8280,California
San Benito,2021-03-04,616,12307,126,3107,475,9185,15,15,430,5121,186,3592,433,8713,California
San Benito,2021-03-05,582,12889,306,3413,264,9449,12,27,373,5299,207,3799,385,9098,California
San Benito,2021-03-06,193,13082,69,3482,110,9559,14,41,140,5400,53,3852,154,9252,California
San Benito,2021-03-07,648,13730,603,4085,22,9581,23,64,615,6005,33,3885,638,9890,California
San Benito,2021-03-08,290,14020,66,4151,177,9758,47,111,167,6096,123,4008,214,10104,California
San Benito,2021-03-09,423,14443,83,4234,241,9999,99,210,137,6020,285,4293,209,10313,California
San Benito,2021-03-10,403,14846,114,4348,194,10193,95,305,232,6176,171,4464,327,10640,California
San Benito,2021-03-11,475,15321,124,4472,198,10391,153,458,211,6276,264,4728,364,11004,California
San Benito,2021-03-12,523,15844,124,4596,302,10693,97,555,233,6319,288,5016,331,11335,California
San Benito,2021-03-13,200,16044,99,4695,83,10776,18,573,126,6392,71,5087,144,11479,California
San Benito,2021-03-14,233,16277,40,4735,173,10949,20,593,180,6540,52,5139,200,11679,California
San Benito,2021-03-15,324,16601,100,4835,205,11154,19,612,191,6617,133,5272,210,11889,California
San Benito,2021-03-16,499,17100,218,5053,250,11404,31,643,351,6850,148,5420,381,12270,California
San Benito,2021-03-17,791,17891,479,5532,290,11694,22,665,561,7199,226,5646,575,12845,California
San Benito,2021-03-18,790,18681,528,6060,206,11900,56,721,574,7606,214,5860,621,13466,California
San Benito,2021-03-19,777,19458,403,6463,350,12250,24,745,575,8002,202,6062,598,14064,California
San Benito,2021-03-20,245,19703,149,6612,83,12333,13,758,186,8142,59,6121,199,14263,California
San Benito,2021-03-21,108,19811,56,6668,47,12380,5,763,80,8199,28,6149,85,14348,California
San Benito,2021-03-22,353,20164,173,6841,155,12535,25,788,222,8315,131,6280,247,14595,California
San Benito,2021-03-23,477,20641,199,7040,268,12803,10,798,210,8267,267,6547,219,14814,California
San Benito,2021-03-24,575,21216,304,7344,264,13067,7,805,353,8406,221,6768,360,15174,California
San Benito,2021-03-25,742,21958,442,7786,296,13363,4,809,440,8552,298,7066,444,15618,California
San Benito,2021-03-26,1020,22978,520,8306,495,13858,5,814,337,8212,682,7748,342,15960,California
San Benito,2021-03-27,338,23316,189,8495,117,13975,32,846,219,8345,118,7866,251,16211,California
San Benito,2021-03-28,735,24051,609,9104,121,14096,5,851,130,7875,605,8471,135,16346,California
San Benito,2021-03-29,344,24395,108,9212,216,14312,20,871,143,7836,201,8672,162,16508,California
San Benito,2021-03-30,578,24973,274,9486,211,14523,93,964,294,7939,284,8956,387,16895,California
San Benito,2021-03-31,596,25569,367,9853,205,14728,24,988,342,8054,251,9207,366,17261,California
San Benito,2021-04-01,952,26521,383,10236,530,15258,39,1027,562,8260,389,9596,595,17856,California
San Benito,2021-04-02,541,27062,262,10498,143,15401,136,1163,264,8384,276,9872,400,18256,California
San Benito,2021-04-03,254,27316,87,10585,103,15504,64,1227,75,8344,178,10050,138,18394,California
San Benito,2021-04-04,143,27459,108,10693,30,15534,5,1232,106,8418,37,10087,111,18505,California
San Benito,2021-04-05,354,27813,169,10862,141,15675,44,1276,143,8393,211,10298,186,18691,California
San Benito,2021-04-06,466,28279,162,11024,127,15802,177,1453,161,8425,305,10603,337,19028,California
San Benito,2021-04-07,943,29222,525,11549,227,16029,191,1644,264,8203,677,11280,455,19483,California
San Benito,2021-04-08,871,30093,439,11988,178,16207,254,1898,233,8053,637,11917,487,19970,California
San Benito,2021-04-09,853,30946,505,12493,256,16463,92,1990,297,7887,555,12472,389,20359,California
San Benito,2021-04-10,341,31287,206,12699,77,16540,58,2048,192,7988,149,12621,250,20609,California
San Benito,2021-04-11,480,31767,273,12972,172,16712,35,2083,270,8061,210,12831,283,20892,California
San Benito,2021-04-12,530,32297,286,13258,132,16844,112,2195,278,8196,251,13082,386,21278,California
San Benito,2021-04-13,759,33056,294,13552,442,17286,23,2218,526,8514,232,13314,550,21828,California
San Benito,2021-04-14,832,33888,655,14207,177,17463,0,2218,395,8478,431,13745,395,22223,California
San Benito,2021-04-15,945,34833,735,14942,209,17672,1,2219,474,8484,470,14215,476,22699,California
San Benito,2021-04-16,711,35544,371,15313,331,18003,9,2228,301,8388,407,14622,311,23010,California
San Benito,2021-04-17,322,35866,226,15539,96,18099,0,2228,129,8322,195,14817,129,23139,California
San Benito,2021-04-18,506,36372,425,15964,81,18180,0,2228,247,8312,259,15076,249,23388,California
San Benito,2021-04-19,744,37116,594,16558,150,18330,0,2228,420,8412,322,15398,422,23810,California
San Benito,2021-04-20,786,37902,415,16973,369,18699,2,2230,494,8620,287,15685,495,24305,California
San Benito,2021-04-21,965,38867,714,17687,251,18950,0,2230,521,8712,429,16114,521,24826,California
San Benito,2021-04-22,898,39765,694,18381,204,19154,0,2230,564,8950,326,16440,564,25390,California
San Benito,2021-04-23,643,40408,407,18788,235,19389,1,2231,342,9040,252,16692,342,25732,California
San Benito,2021-04-24,362,40770,202,18990,160,19549,0,2231,166,9050,156,16848,166,25898,California
San Benito,2021-04-25,205,40975,128,19118,77,19626,0,2231,95,9053,92,16940,95,25993,California
San Benito,2021-04-26,493,41468,391,19509,102,19728,0,2231,258,9137,174,17114,258,26251,California
San Benito,2021-04-27,560,42028,286,19795,267,19995,7,2238,408,9410,142,17256,415,26666,California
San Benito,2021-04-28,555,42583,393,20188,154,20149,8,2246,391,9649,159,17415,398,27064,California
San Benito,2021-04-29,633,43216,234,20422,389,20538,10,2256,255,9553,378,17793,282,27346,California
San Benito,2021-04-30,381,43597,214,20636,160,20698,7,2263,205,9591,174,17967,212,27558,California
San Benito,2021-05-01,196,43793,143,20779,44,20742,9,2272,66,9537,129,18096,75,27633,California
San Benito,2021-05-02,189,43982,160,20939,25,20767,4,2276,57,9466,132,18228,61,27694,California
San Benito,2021-05-03,359,44341,282,21221,67,20834,10,2286,87,9293,272,18500,99,27793,California
San Benito,2021-05-04,410,44751,252,21473,150,20984,8,2294,149,9190,259,18759,156,27949,California
San Benito,2021-05-05,610,45361,430,21903,164,21148,16,2310,217,9033,390,19149,233,28182,California
San Benito,2021-05-06,625,45986,498,22401,112,21260,15,2325,224,8875,397,19546,239,28421,California
San Benito,2021-05-07,455,46441,290,22691,155,21415,10,2335,175,8783,278,19824,186,28607,California
San Benito,2021-05-08,280,46721,228,22919,47,21462,5,2340,156,8820,124,19948,161,28768,California
San Benito,2021-05-09,108,46829,83,23002,22,21484,3,2343,48,8811,60,20008,51,28819,California
San Benito,2021-05-10,411,47240,323,23325,64,21548,24,2367,53,8531,358,20366,78,28897,California
San Benito,2021-05-11,835,48075,423,23748,396,21944,16,2383,192,8099,641,21007,209,29106,California
San Benito,2021-05-12,515,48590,411,24159,91,22035,13,2396,123,7845,391,21398,137,29243,California
San Benito,2021-05-13,731,49321,625,24784,89,22124,17,2413,207,7547,521,21919,223,29466,California
San Benito,2021-05-14,599,49920,442,25226,150,22274,7,2420,228,7413,369,22288,235,29701,California
San Benito,2021-05-15,227,50147,171,25397,50,22324,6,2426,126,7444,101,22389,132,29833,California
San Benito,2021-05-16,170,50317,142,25539,26,22350,2,2428,93,7462,77,22466,95,29928,California
San Benito,2021-05-17,378,50695,307,25846,62,22412,9,2437,170,7435,206,22672,179,30107,California
San Benito,2021-05-18,673,51368,353,26199,315,22727,5,2442,210,7188,463,23135,216,30323,California
San Benito,2021-05-19,570,51938,419,26618,143,22870,8,2450,230,7086,340,23475,238,30561,California
San Benito,2021-05-20,591,52529,468,27086,112,22982,11,2461,315,7137,275,23750,326,30887,California
San Benito,2021-05-21,463,52992,272,27358,175,23157,16,2477,212,7116,249,23999,228,31115,California
San Benito,2021-05-22,292,53284,220,27578,67,23224,5,2482,178,7188,112,24111,184,31299,California
San Benito,2021-05-23,98,53382,60,27638,34,23258,4,2486,35,7163,63,24174,38,31337,California
San Benito,2021-05-24,306,53688,258,27896,41,23299,7,2493,192,7248,114,24288,199,31536,California
San Benito,2021-05-25,523,54211,238,28134,278,23577,7,2500,166,7066,355,24643,173,31709,California
San Benito,2021-05-26,313,54524,196,28330,110,23687,7,2507,125,7010,187,24830,131,31840,California
San Benito,2021-05-27,408,54932,312,28642,73,23760,23,2530,151,6930,257,25087,177,32017,California
San Benito,2021-05-28,282,55214,175,28817,100,23860,7,2537,107,6870,174,25261,114,32131,California
San Benito,2021-05-29,146,55360,124,28941,20,23880,2,2539,61,6848,85,25346,63,32194,California
San Benito,2021-05-30,269,55629,253,29194,16,23896,0,2539,90,6760,178,25524,90,32284,California
San Benito,2021-05-31,100,55729,87,29281,11,23907,2,2541,43,6749,56,25580,45,32329,California
San Benito,2021-06-01,267,55996,120,29401,121,24028,26,2567,85,6678,181,25761,110,32439,California
San Benito,2021-06-02,320,56316,242,29643,76,24104,2,2569,108,6578,211,25972,111,32550,California
San Benito,2021-06-03,334,56650,284,29927,43,24147,7,2576,98,6449,234,26206,105,32655,California
San Benito,2021-06-04,270,56920,202,30129,68,24215,0,2576,86,6352,183,26389,86,32741,California
San Benito,2021-06-05,93,57013,74,30203,18,24233,1,2577,20,6301,72,26461,21,32762,California
San Benito,2021-06-06,58,57071,48,30251,7,24240,3,2580,15,6276,43,26504,18,32780,California
San Benito,2021-06-07,337,57408,297,30548,35,24275,5,2585,87,6120,248,26752,92,32872,California
San Benito,2021-06-08,307,57715,215,30763,77,24352,15,2600,94,6017,212,26964,109,32981,California
San Benito,2021-06-09,239,57954,188,30951,43,24395,8,2608,70,5926,169,27133,78,33059,California
San Benito,2021-06-10,358,58312,330,31281,21,24416,7,2615,73,5724,282,27415,80,33139,California
San Benito,2021-06-11,267,58579,226,31507,21,24437,20,2635,91,5660,175,27590,111,33250,California
San Benito,2021-06-12,159,58738,145,31652,10,24447,4,2639,52,5624,92,27682,56,33306,California
San Benito,2021-06-13,52,58790,40,31692,10,24457,2,2641,16,5613,29,27711,18,33324,California
San Benito,2021-06-14,178,58968,150,31842,24,24481,4,2645,60,5559,117,27828,63,33387,California
San Benito,2021-06-15,218,59186,125,31967,87,24568,6,2651,77,5504,139,27967,84,33471,California
San Benito,2021-06-16,212,59398,170,32137,29,24597,13,2664,72,5450,139,28106,85,33556,California
San Benito,2021-06-17,252,59650,208,32345,17,24614,27,2691,78,5382,174,28280,106,33662,California
San Benito,2021-06-18,157,59807,100,32445,50,24664,7,2698,64,5360,93,28373,71,33733,California
San Benito,2021-06-19,115,59922,109,32554,6,24670,0,2698,48,5341,67,28440,48,33781,California
San Benito,2021-06-20,38,59960,36,32590,2,24672,0,2698,18,5339,20,28460,18,33799,California
San Benito,2021-06-21,111,60071,81,32671,15,24687,15,2713,59,5361,51,28511,73,33872,California
San Benito,2021-06-22,194,60265,124,32795,58,24745,12,2725,74,5327,119,28630,85,33957,California
San Benito,2021-06-23,150,60415,112,32907,27,24772,11,2736,62,5312,88,28718,73,34030,California
San Benito,2021-06-24,184,60599,157,33064,15,24787,12,2748,79,5299,104,28822,91,34121,California
San Benito,2021-06-25,150,60749,120,33184,28,24815,2,2750,65,5282,85,28907,68,34189,California
San Benito,2021-06-26,70,60819,55,33239,14,24829,1,2751,29,5272,40,28947,30,34219,California
San Benito,2021-06-27,13,60832,7,33246,2,24831,4,2755,4,5271,9,28956,8,34227,California
San Bernardino,2020-12-15,13,13,13,13,0,0,0,0,13,13,0,0,13,13,California
San Bernardino,2020-12-16,113,126,113,126,0,0,0,0,113,126,0,0,113,126,California
San Bernardino,2020-12-17,2375,2501,2375,2501,0,0,0,0,2375,2501,0,0,2375,2501,California
San Bernardino,2020-12-18,3172,5673,3169,5670,3,3,0,0,3173,5674,0,0,3173,5674,California
San Bernardino,2020-12-19,1076,6749,1075,6745,1,4,0,0,1077,6751,0,0,1077,6751,California
San Bernardino,2020-12-20,1181,7930,1178,7923,3,7,0,0,1181,7932,0,0,1181,7932,California
San Bernardino,2020-12-21,2461,10391,2455,10378,6,13,0,0,2461,10393,0,0,2461,10393,California
San Bernardino,2020-12-22,2282,12673,2153,12531,129,142,0,0,2283,12676,0,0,2283,12676,California
San Bernardino,2020-12-23,2675,15348,1467,13998,1208,1350,0,0,2673,15349,0,0,2673,15349,California
San Bernardino,2020-12-24,1161,16509,582,14580,579,1929,0,0,1162,16510,1,1,1162,16511,California
San Bernardino,2020-12-25,76,16585,15,14595,61,1990,0,0,76,16586,0,1,76,16587,California
San Bernardino,2020-12-26,466,17051,255,14850,211,2201,0,0,466,17052,0,1,466,17053,California
San Bernardino,2020-12-27,351,17402,164,15014,187,2388,0,0,350,17401,1,2,350,17403,California
San Bernardino,2020-12-28,1588,18990,717,15731,871,3259,0,0,1589,18990,0,2,1589,18992,California
San Bernardino,2020-12-29,2230,21220,1048,16779,1182,4441,0,0,2230,21220,0,2,2230,21222,California
San Bernardino,2020-12-30,2915,24135,1461,18240,1454,5895,0,0,2915,24135,0,2,2915,24137,California
San Bernardino,2020-12-31,1379,25514,441,18681,938,6833,0,0,1377,25512,0,2,1377,25514,California
San Bernardino,2021-01-01,288,25802,152,18833,136,6969,0,0,287,25799,0,2,287,25801,California
San Bernardino,2021-01-02,485,26287,345,19178,140,7109,0,0,485,26284,0,2,485,26286,California
San Bernardino,2021-01-03,142,26429,88,19266,54,7163,0,0,142,26426,0,2,142,26428,California
San Bernardino,2021-01-04,2142,28571,1293,20559,849,8012,0,0,2141,28567,0,2,2141,28569,California
San Bernardino,2021-01-05,2345,30916,1462,22021,883,8895,0,0,2233,30690,110,112,2233,30802,California
San Bernardino,2021-01-06,3460,34376,2359,24380,1101,9996,0,0,2961,33159,493,605,2962,33764,California
San Bernardino,2021-01-07,5447,39823,4514,28894,933,10929,0,0,2488,32707,2940,3545,2488,36252,California
San Bernardino,2021-01-08,5383,45206,4455,33349,928,11857,0,0,2292,31913,3087,6632,2293,38545,California
San Bernardino,2021-01-09,1407,46613,1101,34450,306,12163,0,0,907,32320,500,7132,907,39452,California
San Bernardino,2021-01-10,1027,47640,599,35049,428,12591,0,0,577,32447,450,7582,577,40029,California
San Bernardino,2021-01-11,4989,52629,4076,39125,913,13504,0,0,2773,33007,2213,9795,2773,42802,California
San Bernardino,2021-01-12,4246,56875,3224,42349,1022,14526,0,0,2519,33801,1725,11520,2519,45321,California
San Bernardino,2021-01-13,4603,61478,2866,45215,1737,16263,0,0,3377,35965,1214,12734,3378,48699,California
San Bernardino,2021-01-14,4875,66353,2883,48098,1992,18255,0,0,4288,39670,583,13317,4288,52987,California
San Bernardino,2021-01-15,6000,72353,2962,51060,3038,21293,0,0,5599,44881,391,13708,5602,58589,California
San Bernardino,2021-01-16,2276,74629,1294,52354,982,22275,0,0,2132,46869,144,13852,2132,60721,California
San Bernardino,2021-01-17,1192,75821,508,52862,684,22959,0,0,1109,47897,82,13934,1110,61831,California
San Bernardino,2021-01-18,4287,80108,2648,55510,1639,24598,0,0,3658,50929,628,14562,3660,65491,California
San Bernardino,2021-01-19,6356,86464,3717,59227,2639,27237,0,0,5260,55097,1094,15656,5262,70753,California
San Bernardino,2021-01-20,6910,93374,3793,63020,3117,30354,0,0,4941,58081,1959,17615,4943,75696,California
San Bernardino,2021-01-21,6037,99411,3099,66119,2938,33292,0,0,4905,61867,1122,18737,4908,80604,California
San Bernardino,2021-01-22,6598,106009,3087,69206,3511,36803,0,0,5869,67010,727,19464,5870,86474,California
San Bernardino,2021-01-23,3140,109149,1901,71107,1239,38042,0,0,2736,69343,403,19867,2736,89210,California
San Bernardino,2021-01-24,1209,110358,462,71569,747,38789,0,0,1105,70344,104,19971,1105,90315,California
San Bernardino,2021-01-25,6922,117280,3415,74984,3507,42296,0,0,5061,73551,1857,21828,5064,95379,California
San Bernardino,2021-01-26,7111,124391,3544,78528,3567,45863,0,0,5005,76453,2105,23933,5007,100386,California
San Bernardino,2021-01-27,8557,132948,4141,82669,4416,50279,0,0,5727,79359,2821,26754,5727,106113,California
San Bernardino,2021-01-28,8647,141595,4086,86755,4561,54840,0,0,6305,83327,2337,29091,6305,112418,California
San Bernardino,2021-01-29,8231,149826,3757,90512,4474,59314,0,0,6241,87595,1974,31065,6242,118660,California
San Bernardino,2021-01-30,3102,152928,1885,92397,1217,60531,0,0,2810,90115,291,31356,2811,121471,California
San Bernardino,2021-01-31,928,153856,483,92880,445,60976,0,0,870,90928,57,31413,870,122341,California
San Bernardino,2021-02-01,7636,161492,4265,97145,3371,64347,0,0,4963,93223,2669,34082,4964,127305,California
San Bernardino,2021-02-02,10544,172036,3683,100828,6861,71208,0,0,8437,99559,2103,36185,8439,135744,California
San Bernardino,2021-02-03,9087,181123,4165,104993,4922,76130,0,0,6562,103605,2517,38702,6563,142307,California
San Bernardino,2021-02-04,10604,191727,5213,110206,5391,81521,0,0,7476,107965,3117,41819,7477,149784,California
San Bernardino,2021-02-05,11119,202846,5955,116161,5164,86685,0,0,7541,111941,3566,45385,7542,157326,California
San Bernardino,2021-02-06,5294,208140,2225,118386,3069,89754,0,0,3649,113977,1616,47001,3652,160978,California
San Bernardino,2021-02-07,852,208992,493,118879,359,90113,0,0,476,114081,373,47374,477,161455,California
San Bernardino,2021-02-08,7312,216304,3892,122771,3420,93533,0,0,5626,118022,1685,49059,5626,167081,California
San Bernardino,2021-02-09,10161,226465,5907,128678,4254,97787,0,0,6841,121548,3319,52378,6845,173926,California
San Bernardino,2021-02-10,12171,238636,6486,135164,5685,103472,0,0,8008,125405,4152,56530,8009,181935,California
San Bernardino,2021-02-11,12537,251173,7181,142345,5356,108828,0,0,7967,128833,4543,61073,7971,189906,California
San Bernardino,2021-02-12,10584,261757,5996,148341,4588,113416,0,0,5770,129813,4793,65866,5773,195679,California
San Bernardino,2021-02-13,6116,267873,4073,152414,2043,115459,0,0,3832,131382,2268,68134,3837,199516,California
San Bernardino,2021-02-14,1571,269444,663,153077,908,116367,0,0,881,131581,683,68817,882,200398,California
San Bernardino,2021-02-15,5518,274962,3019,156096,2499,118866,0,0,3080,132236,2425,71242,3080,203478,California
San Bernardino,2021-02-16,12700,287662,7422,163518,5278,124144,0,0,7993,135539,4694,75936,7997,211475,California
San Bernardino,2021-02-17,11894,299556,6515,170033,5379,129523,0,0,7172,138014,4702,80638,7177,218652,California
San Bernardino,2021-02-18,12549,312105,7624,177657,4925,134448,0,0,7733,140949,4800,85438,7735,226387,California
San Bernardino,2021-02-19,11659,323764,5978,183635,5681,140129,0,0,6898,143108,4741,90179,6900,233287,California
San Bernardino,2021-02-20,4542,328306,3480,187115,1062,141191,0,0,2049,142674,2486,92665,2052,235339,California
San Bernardino,2021-02-21,1152,329458,689,187804,463,141654,0,0,403,142330,749,93414,405,235744,California
San Bernardino,2021-02-22,8708,338166,5369,193173,3339,144993,0,0,4056,141747,4640,98054,4057,239801,California
San Bernardino,2021-02-23,9517,347683,5779,198952,3738,148731,0,0,4839,141940,4652,102706,4845,244646,California
San Bernardino,2021-02-24,12530,360213,7200,206152,5330,154061,0,0,6191,141818,6319,109025,6197,250843,California
San Bernardino,2021-02-25,13158,373371,6301,212453,6857,160918,0,0,7660,144001,5481,114506,7664,258507,California
San Bernardino,2021-02-26,13728,387099,6391,218844,7337,168255,0,0,7648,145641,6016,120522,7656,266163,California
San Bernardino,2021-02-27,6706,393805,3750,222594,2955,171210,1,1,4822,148595,1873,122395,4827,270990,California
San Bernardino,2021-02-28,1784,395589,746,223340,1038,172248,0,1,1144,149109,632,123027,1146,272136,California
San Bernardino,2021-03-01,8506,404095,4386,227726,4116,176364,4,5,3867,148379,4612,127639,3882,276018,California
San Bernardino,2021-03-02,13928,418023,5576,233302,8352,184716,0,5,6552,147598,7343,134982,6562,282580,California
San Bernardino,2021-03-03,13149,431172,6695,239997,6450,191166,4,9,6204,146893,6922,141904,6217,288797,California
San Bernardino,2021-03-04,13998,445170,6942,246939,7055,198221,1,10,6069,145064,7907,149811,6078,294875,California
San Bernardino,2021-03-05,14493,459663,7574,254513,6917,205138,2,12,7061,144751,7397,157208,7084,301959,California
San Bernardino,2021-03-06,9751,469414,5472,259985,4055,209193,224,236,4551,144342,5182,162390,4773,306732,California
San Bernardino,2021-03-07,1689,471103,1022,261007,595,209788,72,308,1063,144856,624,163014,1138,307870,California
San Bernardino,2021-03-08,8139,479242,3601,264608,4367,214155,171,479,3614,144131,4515,167529,3790,311660,California
San Bernardino,2021-03-09,13124,492366,7498,272106,5375,219530,251,730,5293,141859,7818,175347,5546,317206,California
San Bernardino,2021-03-10,14240,506606,7869,279975,5816,225346,555,1285,6365,140934,7848,183195,6923,324129,California
San Bernardino,2021-03-11,15684,522290,7264,287239,6814,232160,1606,2891,7395,141665,8267,191462,8998,333127,California
San Bernardino,2021-03-12,15625,537915,6962,294201,6613,238773,2050,4941,7366,142899,8227,199689,9461,342588,California
San Bernardino,2021-03-13,8409,546324,4581,298782,3312,242085,516,5457,4980,144979,3418,203107,5498,348086,California
San Bernardino,2021-03-14,3302,549626,1672,300454,1047,243132,583,6040,1843,145949,1452,204559,2422,350508,California
San Bernardino,2021-03-15,11441,561067,5402,305856,4005,247137,2034,8074,5464,147480,5962,210521,7493,358001,California
San Bernardino,2021-03-16,16270,577337,8054,313910,7274,254411,942,9016,9895,151977,6347,216868,10844,368845,California
San Bernardino,2021-03-17,17493,594830,8694,322604,8049,262460,750,9766,10584,156423,6889,223757,11335,380180,California
San Bernardino,2021-03-18,16764,611594,8297,330901,8079,270539,388,10154,9909,159891,6827,230584,10295,390475,California
San Bernardino,2021-03-19,17111,628705,8494,339395,8019,278558,598,10752,9812,163080,7271,237855,10460,400935,California
San Bernardino,2021-03-20,9512,638217,5986,345381,2928,281486,598,11350,5629,165446,3855,241710,6221,407156,California
San Bernardino,2021-03-21,2834,641051,2302,347683,481,281967,51,11401,2266,167208,555,242265,2317,409473,California
San Bernardino,2021-03-22,9735,650786,4599,352282,4699,286666,437,11838,7054,172039,2660,244925,7491,416964,California
San Bernardino,2021-03-23,15655,666441,8884,361166,6151,292817,620,12458,9662,176349,5970,250895,10280,427244,California
San Bernardino,2021-03-24,15221,681662,7834,369000,7081,299898,306,12764,10042,181558,5140,256035,10349,437593,California
San Bernardino,2021-03-25,17111,698773,8378,377378,8428,308326,305,13069,10795,186388,6264,262299,11094,448687,California
San Bernardino,2021-03-26,18239,717012,8673,386051,8796,317122,770,13839,10887,190725,7322,269621,11659,460346,California
San Bernardino,2021-03-27,10882,727894,7021,393072,3106,320228,755,14594,6187,192992,4673,274294,6940,467286,California
San Bernardino,2021-03-28,3646,731540,2560,395632,972,321200,114,14708,2524,194518,1112,275406,2638,469924,California
San Bernardino,2021-03-29,11820,743360,6140,401772,5278,326478,402,15110,7969,199057,3831,279237,8370,478294,California
San Bernardino,2021-03-30,17027,760387,9502,411274,6806,333284,719,15829,10529,203836,6459,285696,11238,489532,California
San Bernardino,2021-03-31,16642,777029,9370,420644,6630,339914,642,16471,10878,209623,5730,291426,11517,501049,California
San Bernardino,2021-04-01,19874,796903,10488,431132,7960,347874,1426,17897,12732,216679,7093,298519,14149,515198,California
San Bernardino,2021-04-02,18938,815841,9548,440680,8094,355968,1296,19193,11421,221950,7487,306006,12758,527956,California
San Bernardino,2021-04-03,11180,827021,6992,447672,3043,359011,1145,20338,6077,224079,5083,311089,7212,535168,California
San Bernardino,2021-04-04,2511,829532,1515,449187,746,359757,250,20588,1260,224346,1243,312332,1510,536678,California
San Bernardino,2021-04-05,11863,841395,5312,454499,4774,364531,1777,22365,6036,226349,5803,318135,7806,544484,California
San Bernardino,2021-04-06,19874,861269,11181,465680,6565,371096,2128,24493,10483,229605,9344,327479,12600,557084,California
San Bernardino,2021-04-07,21191,882460,11378,477058,7311,378407,2502,26995,11518,233969,9640,337119,14004,571088,California
San Bernardino,2021-04-08,22108,904568,11338,488396,8133,386540,2637,29632,12107,238731,9971,347090,14733,585821,California
San Bernardino,2021-04-09,21990,926558,11181,499577,8179,394719,2630,32262,11926,243246,10025,357115,14540,600361,California
San Bernardino,2021-04-10,15738,942296,8145,507722,3869,398588,3724,35986,7810,246860,7904,365019,11518,611879,California
San Bernardino,2021-04-11,4452,946748,2591,510313,893,399481,968,36954,2043,247461,2403,367422,3004,614883,California
San Bernardino,2021-04-12,13529,960277,6245,516558,5612,405093,1672,38626,6403,248430,7101,374523,8070,622953,California
San Bernardino,2021-04-13,19482,979759,11107,527665,8356,413449,19,38645,11190,251381,8261,382784,11212,634165,California
San Bernardino,2021-04-14,19546,999305,10445,538110,9098,422547,3,38648,11017,253913,8491,391275,11023,645188,California
San Bernardino,2021-04-15,20630,1019935,11530,549640,9094,431641,6,38654,10932,255194,9658,400933,10939,656127,California
San Bernardino,2021-04-16,18897,1038832,10704,560344,8192,439833,1,38655,9259,254863,9591,410524,9260,665387,California
San Bernardino,2021-04-17,12072,1050904,7959,568303,4113,443946,0,38655,6312,255460,5715,416239,6312,671699,California
San Bernardino,2021-04-18,3232,1054136,2306,570609,926,444872,0,38655,1390,255021,1829,418068,1390,673089,California
San Bernardino,2021-04-19,12712,1066848,6791,577400,5921,450793,0,38655,4922,252183,7765,425833,4927,678016,California
San Bernardino,2021-04-20,18280,1085128,10363,587763,7914,458707,3,38658,8264,250468,9984,435817,8269,686285,California
San Bernardino,2021-04-21,19094,1104222,11221,598984,7871,466578,2,38660,8323,248091,10705,446522,8328,694613,California
San Bernardino,2021-04-22,19665,1123887,11392,610376,8269,474847,4,38664,7965,244419,11644,458166,7972,702585,California
San Bernardino,2021-04-23,18944,1142831,10993,621369,7950,482797,1,38665,8237,242008,10651,468817,8240,710825,California
San Bernardino,2021-04-24,12861,1155692,9485,630854,3374,486171,2,38667,6909,242982,5937,474754,6911,717736,California
San Bernardino,2021-04-25,3419,1159111,2235,633089,1184,487355,0,38667,1679,242939,1724,476478,1681,719417,California
San Bernardino,2021-04-26,11361,1170472,6212,639301,5059,492414,90,38757,4830,241369,6491,482969,4921,724338,California
San Bernardino,2021-04-27,16749,1187221,10169,649470,6369,498783,211,38968,6883,238641,9822,492791,7094,731432,California
San Bernardino,2021-04-28,15092,1202313,9081,658551,5733,504516,278,39246,5464,234772,9602,502393,5733,737165,California
San Bernardino,2021-04-29,16611,1218924,9694,668245,6649,511165,268,39514,5572,229608,11001,513394,5837,743002,California
San Bernardino,2021-04-30,16872,1235796,10748,678993,5843,517008,281,39795,6267,225589,10565,523959,6546,749548,California
San Bernardino,2021-05-01,10776,1246572,8425,687418,2037,519045,314,40109,3730,222589,7040,530999,4040,753588,California
San Bernardino,2021-05-02,2945,1249517,2129,689547,685,519730,131,40240,1050,221884,1885,532884,1180,754768,California
San Bernardino,2021-05-03,10056,1259573,5784,695331,3868,523598,404,40644,2903,218049,7142,540026,3307,758075,California
San Bernardino,2021-05-04,16050,1275623,9850,705181,5743,529341,457,41101,4682,211861,11324,551350,5136,763211,California
San Bernardino,2021-05-05,15740,1291363,9202,714383,6125,535466,413,41514,4452,205482,11239,562589,4860,768071,California
San Bernardino,2021-05-06,16072,1307435,9261,723644,6397,541863,414,41928,4397,198659,11633,574222,4810,772881,California
San Bernardino,2021-05-07,15699,1323134,8870,732514,6451,548314,378,42306,4671,192732,10972,585194,5045,777926,California
San Bernardino,2021-05-08,9584,1332718,6431,738945,2886,551200,267,42573,3300,190048,6251,591445,3567,781493,California
San Bernardino,2021-05-09,2076,1334794,1374,740319,612,551812,90,42663,832,189733,1237,592682,922,782415,California
San Bernardino,2021-05-10,7681,1342475,3558,743877,3805,555617,318,42981,2366,187146,5268,597950,2681,785096,California
San Bernardino,2021-05-11,12592,1355067,7082,750959,5151,560768,359,43340,4036,183029,8512,606462,4395,789491,California
San Bernardino,2021-05-12,12829,1367896,7025,757984,5489,566257,315,43655,3651,177865,9129,615591,3965,793456,California
San Bernardino,2021-05-13,13485,1381381,8188,766172,4946,571203,351,44006,5273,175316,8166,623757,5617,799073,California
San Bernardino,2021-05-14,13974,1395355,9345,775517,4291,575494,338,44344,5800,173334,8120,631877,6138,805211,California
San Bernardino,2021-05-15,11415,1406770,8501,784018,2726,578220,188,44532,4641,171415,6742,638619,4823,810034,California
San Bernardino,2021-05-16,3112,1409882,2373,786391,677,578897,62,44594,1552,171488,1541,640160,1614,811648,California
San Bernardino,2021-05-17,10086,1419968,6805,793196,2988,581885,293,44887,4489,170704,5562,645722,4778,816426,California
San Bernardino,2021-05-18,13767,1433735,9151,802347,4368,586253,248,45135,6173,169554,7567,653289,6417,822843,California
San Bernardino,2021-05-19,11545,1445280,7221,809568,3944,590197,380,45515,5209,168837,6301,659590,5584,828427,California
San Bernardino,2021-05-20,11613,1456893,6952,816520,4344,594541,317,45832,5023,167629,6548,666138,5340,833767,California
San Bernardino,2021-05-21,12606,1469499,8345,824865,3879,598420,382,46214,5339,166133,7213,673351,5717,839484,California
San Bernardino,2021-05-22,8919,1478418,6684,831549,2027,600447,208,46422,4265,165996,4606,677957,4469,843953,California
San Bernardino,2021-05-23,2430,1480848,1545,833094,793,601240,92,46514,1125,165918,1294,679251,1216,845169,California
San Bernardino,2021-05-24,6965,1487813,4460,837554,2200,603440,305,46819,3088,165489,3821,683072,3392,848561,California
San Bernardino,2021-05-25,9325,1497138,5720,843274,3350,606790,255,47074,4098,164648,5191,688263,4350,852911,California
San Bernardino,2021-05-26,8232,1505370,5230,848504,2753,609543,249,47323,3729,164160,4460,692723,3972,856883,California
San Bernardino,2021-05-27,7657,1513027,4658,853162,2762,612305,237,47560,3443,163666,4174,696897,3680,860563,California
San Bernardino,2021-05-28,8798,1521825,5464,858626,3054,615359,280,47840,4358,163907,4394,701291,4635,865198,California
San Bernardino,2021-05-29,5043,1526868,3362,861988,1562,616921,119,47959,2551,164103,2473,703764,2669,867867,California
San Bernardino,2021-05-30,1745,1528613,1235,863223,431,617352,79,48038,848,164139,890,704654,926,868793,California
San Bernardino,2021-05-31,892,1529505,566,863789,310,617662,16,48054,315,163899,572,705226,332,869125,California
San Bernardino,2021-06-01,8642,1538147,5552,869341,2844,620506,246,48300,3358,162273,5227,710453,3601,872726,California
San Bernardino,2021-06-02,6838,1544985,4301,873642,2296,622802,241,48541,2881,161467,3924,714377,3118,875844,California
San Bernardino,2021-06-03,7960,1552945,5369,879011,2392,625194,199,48740,2699,159128,5237,719614,2898,878742,California
San Bernardino,2021-06-04,9117,1562062,6160,885171,2666,627860,291,49031,3128,156605,5941,725555,3418,882160,California
San Bernardino,2021-06-05,6545,1568607,4998,890169,1421,629281,126,49157,2246,154698,4276,729831,2369,884529,California
San Bernardino,2021-06-06,2025,1570632,1686,891855,275,629556,64,49221,665,154076,1351,731182,729,885258,California
San Bernardino,2021-06-07,6281,1576913,4884,896739,1183,630739,214,49435,1958,151946,4300,735482,2170,887428,California
San Bernardino,2021-06-08,8406,1585319,6105,902844,2086,632825,215,49650,2594,149002,5748,741230,2804,890232,California
San Bernardino,2021-06-09,6967,1592286,4957,907801,1827,634652,183,49833,2248,146764,4670,745900,2432,892664,California
San Bernardino,2021-06-10,7060,1599346,4992,912793,1868,636520,200,50033,2213,144376,4800,750700,2412,895076,California
San Bernardino,2021-06-11,8042,1607388,5629,918422,2186,638706,227,50260,2905,142416,5090,755790,3130,898206,California
San Bernardino,2021-06-12,5884,1613272,4635,923057,1128,639834,121,50381,1712,140101,4150,759940,1835,900041,California
San Bernardino,2021-06-13,1483,1614755,1053,924110,359,640193,71,50452,401,139494,1078,761018,471,900512,California
San Bernardino,2021-06-14,4911,1619666,3539,927649,1152,641345,220,50672,1788,138405,3095,764113,2006,902518,California
San Bernardino,2021-06-15,7145,1626811,5054,932703,1847,643192,244,50916,2543,136636,4551,768664,2782,905300,California
San Bernardino,2021-06-16,6337,1633148,4517,937220,1609,644801,211,51127,2324,135206,3966,772630,2536,907836,California
San Bernardino,2021-06-17,5629,1638777,3958,941178,1511,646312,160,51287,2193,134159,3399,776029,2352,910188,California
San Bernardino,2021-06-18,6873,1645650,4618,945796,2016,648328,239,51526,2585,132730,4251,780280,2822,913010,California
San Bernardino,2021-06-19,4058,1649708,3031,948827,895,649223,132,51658,1747,132320,2287,782567,1877,914887,California
San Bernardino,2021-06-20,1463,1651171,1124,949951,279,649502,60,51718,585,132094,871,783438,645,915532,California
San Bernardino,2021-06-21,3559,1654730,2305,952256,1028,650530,226,51944,1992,132761,1549,784987,2216,917748,California
San Bernardino,2021-06-22,5663,1660393,3863,956119,1585,652115,215,52159,2272,131888,3362,788349,2489,920237,California
San Bernardino,2021-06-23,4999,1665392,3551,959670,1258,653373,190,52349,2098,131299,2873,791222,2284,922521,California
San Bernardino,2021-06-24,4799,1670191,3327,962997,1266,654639,206,52555,2055,130843,2712,793934,2256,924777,California
San Bernardino,2021-06-25,5673,1675864,4060,967057,1417,656056,196,52751,2474,130336,3175,797109,2668,927445,California
San Bernardino,2021-06-26,3090,1678954,2346,969403,690,656746,54,52805,1399,130114,1674,798783,1452,928897,California
San Bernardino,2021-06-27,865,1679819,633,970036,215,656961,17,52822,383,130037,477,799260,400,929297,California
San Diego,2020-12-15,119,119,119,119,0,0,0,0,119,119,0,0,119,119,California
San Diego,2020-12-16,1074,1193,1074,1193,0,0,0,0,1074,1193,0,0,1074,1193,California
San Diego,2020-12-17,2324,3517,2324,3517,0,0,0,0,2324,3517,0,0,2324,3517,California
San Diego,2020-12-18,3606,7123,3605,7122,1,1,0,0,3606,7123,0,0,3606,7123,California
San Diego,2020-12-19,2268,9391,2268,9390,0,1,0,0,2268,9391,0,0,2268,9391,California
San Diego,2020-12-20,1149,10540,1148,10538,1,2,0,0,1149,10540,0,0,1149,10540,California
San Diego,2020-12-21,3458,13998,3456,13994,2,4,0,0,3458,13998,0,0,3458,13998,California
San Diego,2020-12-22,4017,18015,3381,17375,636,640,0,0,4017,18015,0,0,4017,18015,California
San Diego,2020-12-23,3157,21172,1957,19332,1200,1840,0,0,3157,21172,0,0,3157,21172,California
San Diego,2020-12-24,2703,23875,2189,21521,514,2354,0,0,2703,23875,0,0,2703,23875,California
San Diego,2020-12-25,857,24732,856,22377,1,2355,0,0,857,24732,0,0,857,24732,California
San Diego,2020-12-26,3198,27930,2128,24505,1070,3425,0,0,3198,27930,0,0,3198,27930,California
San Diego,2020-12-27,2479,30409,1594,26099,885,4310,0,0,2478,30407,1,1,2478,30408,California
San Diego,2020-12-28,5829,36238,4156,30255,1673,5983,0,0,5829,36236,0,1,5829,36237,California
San Diego,2020-12-29,5495,41733,2942,33197,2553,8536,0,0,5495,41731,0,1,5495,41732,California
San Diego,2020-12-30,5846,47579,3047,36244,2799,11335,0,0,5846,47577,0,1,5846,47578,California
San Diego,2020-12-31,2964,50543,1025,37269,1939,13274,0,0,2964,50541,0,1,2964,50542,California
San Diego,2021-01-01,992,51535,442,37711,550,13824,0,0,992,51533,0,1,992,51534,California
San Diego,2021-01-02,3666,55201,1287,38998,2379,16203,0,0,3666,55199,0,1,3666,55200,California
San Diego,2021-01-03,833,56034,621,39619,212,16415,0,0,832,56031,0,1,832,56032,California
San Diego,2021-01-04,3640,59674,2018,41637,1622,18037,0,0,3634,59665,0,1,3634,59666,California
San Diego,2021-01-05,4294,63968,2142,43779,2152,20189,0,0,3711,62808,580,581,3723,63389,California
San Diego,2021-01-06,4831,68799,2246,46025,2585,22774,0,0,3636,65274,1174,1755,3640,67029,California
San Diego,2021-01-07,5545,74344,2929,48954,2616,25390,0,0,3431,66604,2109,3864,3439,70468,California
San Diego,2021-01-08,7791,82135,4887,53841,2904,28294,0,0,4057,66960,3718,7582,4074,74542,California
San Diego,2021-01-09,3416,85551,1906,55747,1510,29804,0,0,1892,67349,1514,9096,1903,76445,California
San Diego,2021-01-10,1845,87396,1276,57023,569,30373,0,0,756,67038,1077,10173,766,77211,California
San Diego,2021-01-11,10189,97585,5792,62815,4397,34770,0,0,6704,70282,3478,13651,6722,83933,California
San Diego,2021-01-12,10997,108582,5256,68071,5741,40511,0,0,7655,74714,3333,16984,7765,91698,California
San Diego,2021-01-13,11289,119871,4987,73058,6302,46813,0,0,8772,81006,2506,19490,8798,100496,California
San Diego,2021-01-14,11953,131824,4512,77570,7441,54254,0,0,9830,88755,2116,21606,9865,110361,California
San Diego,2021-01-15,14784,146608,5231,82801,9553,63807,0,0,12186,98418,2580,24186,12243,122604,California
San Diego,2021-01-16,10530,157138,3549,86350,6981,70788,0,0,9099,106122,1427,25613,9131,131735,California
San Diego,2021-01-17,8468,165606,2429,88779,6039,76827,0,0,7642,112957,826,26439,7661,139396,California
San Diego,2021-01-18,12659,178265,6218,94997,6441,83268,0,0,9850,120093,2778,29217,9914,149310,California
San Diego,2021-01-19,14403,192668,5623,100620,8780,92048,0,0,11310,128581,3084,32301,11572,160882,California
San Diego,2021-01-20,18064,210732,6327,106947,11737,103785,0,0,14767,140254,3277,35578,14950,175832,California
San Diego,2021-01-21,17028,227760,5743,112690,11285,115070,0,0,15660,154700,1359,36937,15805,191637,California
San Diego,2021-01-22,17196,244956,4578,117268,12618,127688,0,0,15199,168001,1984,38921,15285,206922,California
San Diego,2021-01-23,14058,259014,5201,122469,8857,136545,0,0,11796,177608,2251,41172,11858,218780,California
San Diego,2021-01-24,11568,270582,3248,125717,8320,144865,0,0,10606,187297,960,42132,10649,229429,California
San Diego,2021-01-25,11975,282557,5664,131381,6311,151176,0,0,9002,193492,2964,45096,9159,238588,California
San Diego,2021-01-26,14956,297513,7815,139196,7141,158317,0,0,11571,201871,3383,48479,11762,250350,California
San Diego,2021-01-27,20157,317670,7829,147025,12328,170645,0,0,17170,216209,2978,51457,17316,267666,California
San Diego,2021-01-28,20891,338561,7588,154613,13303,183948,0,0,18647,232711,2233,53690,18735,286401,California
San Diego,2021-01-29,19236,357797,6328,160941,12908,196856,0,0,16805,247147,2421,56111,16857,303258,California
San Diego,2021-01-30,15456,373253,3536,164477,11920,208776,0,0,12814,257433,2631,58742,12917,316175,California
San Diego,2021-01-31,14493,387746,5703,170180,8790,217566,0,0,14146,271268,343,59085,14178,330353,California
San Diego,2021-02-01,20484,408230,7498,177678,12986,230552,0,0,16996,284865,3475,62560,17072,347425,California
San Diego,2021-02-02,22486,430716,8283,185961,14203,244755,0,0,19254,301057,3224,65784,19416,366841,California
San Diego,2021-02-03,27208,457924,11700,197661,15508,260263,0,0,22982,320016,4207,69991,23166,390007,California
San Diego,2021-02-04,23805,481729,9805,207466,14000,274263,0,0,19256,335017,4534,74525,19535,409542,California
San Diego,2021-02-05,24231,505960,8594,216060,15637,289900,0,0,17820,346905,6386,80911,18274,427816,California
San Diego,2021-02-06,20390,526350,8443,224503,11947,301847,0,0,17180,361099,3207,84118,17401,445217,California
San Diego,2021-02-07,11897,538247,5307,229810,6590,308437,0,0,10051,369567,1835,85953,10303,455520,California
San Diego,2021-02-08,19785,558032,8416,238226,11369,319806,0,0,12422,375314,7349,93302,13096,468616,California
San Diego,2021-02-09,20138,578170,8236,246462,11902,331708,0,0,12967,382184,7150,100452,14020,482636,California
San Diego,2021-02-10,22606,600776,9264,255726,13342,345050,0,0,13630,388238,8925,109377,14979,497615,California
San Diego,2021-02-11,23461,624237,10078,265804,13383,358433,0,0,12551,391565,10884,120261,14211,511826,California
San Diego,2021-02-12,23257,647494,7275,273079,15982,374415,0,0,11535,393641,11704,131965,13780,525606,California
San Diego,2021-02-13,19728,667222,8950,282029,10778,385193,0,0,10735,396555,8986,140951,11900,537506,California
San Diego,2021-02-14,11016,678238,7324,289353,3692,388885,0,0,6129,399291,4883,145834,7619,545125,California
San Diego,2021-02-15,14966,693204,7560,296913,7406,396291,0,0,7583,402551,7361,153195,10621,555746,California
San Diego,2021-02-16,18984,712188,11079,307992,7905,404196,0,0,9031,404575,9942,163137,11966,567712,California
San Diego,2021-02-17,22955,735143,10729,318721,12226,416422,0,0,7849,400323,15093,178230,10841,578553,California
San Diego,2021-02-18,23265,758408,11898,330619,11367,427789,0,0,7628,396345,15626,193856,11648,590201,California
San Diego,2021-02-19,15616,774024,10850,341469,4766,432555,0,0,6361,395401,9236,203092,8292,598493,California
San Diego,2021-02-20,10001,784025,6241,347710,3760,436315,0,0,5619,398507,4380,207472,7486,605979,California
San Diego,2021-02-21,11416,795441,10012,357722,1404,437719,0,0,5027,398638,6384,213856,6515,612494,California
San Diego,2021-02-22,12199,807640,10400,368122,1799,439518,0,0,5582,399223,6612,220468,7197,619691,California
San Diego,2021-02-23,25203,832843,14094,382216,11109,450627,0,0,9223,398291,15970,236438,15038,634729,California
San Diego,2021-02-24,28452,861295,12581,394797,15871,466498,0,0,6624,390428,21808,258246,13945,648674,California
San Diego,2021-02-25,32495,893790,14407,409204,18088,484586,0,0,9784,385810,22689,280935,18071,666745,California
San Diego,2021-02-26,32676,926466,12128,421332,20548,505134,0,0,11671,383506,20974,301909,18670,685415,California
San Diego,2021-02-27,20705,947171,9358,430690,11347,516481,0,0,11096,389166,9603,311512,15263,700678,California
San Diego,2021-02-28,14913,962084,9748,440438,5165,521646,0,0,9252,395478,5660,317172,11972,712650,California
San Diego,2021-03-01,23893,985977,14075,454513,9817,531463,1,1,14496,404453,9317,326489,18292,730942,California
San Diego,2021-03-02,25794,1011771,13889,468402,11905,543368,0,1,12551,410376,13231,339720,19154,750096,California
San Diego,2021-03-03,33515,1045286,15772,484174,17740,561108,3,4,13824,411370,19666,359386,20660,770756,California
San Diego,2021-03-04,27840,1073126,13880,498054,13960,575068,0,4,12388,414964,15431,374817,19025,789781,California
San Diego,2021-03-05,28466,1101592,14662,512716,13724,588792,80,84,13294,419768,15144,389961,19948,809729,California
San Diego,2021-03-06,23034,1124626,9405,522121,12932,601724,697,781,10166,422369,12854,402815,15455,825184,California
San Diego,2021-03-07,17931,1142557,9132,531253,8231,609955,568,1349,6815,422213,11104,413919,10948,836132,California
San Diego,2021-03-08,22705,1165262,11042,542295,10757,620712,906,2255,11267,427728,11417,425336,16932,853064,California
San Diego,2021-03-09,25417,1190679,11701,553996,11965,632677,1751,4006,9950,427837,15450,440786,15559,868623,California
San Diego,2021-03-10,25074,1215753,10506,564502,12184,644861,2384,6390,9917,428979,15141,455927,16283,884906,California
San Diego,2021-03-11,28071,1243824,10783,575285,13768,658629,3520,9910,9782,427909,18264,474191,17194,902100,California
San Diego,2021-03-12,26861,1270685,9404,584689,14362,672991,3095,13005,9826,427413,17022,491213,16526,918626,California
San Diego,2021-03-13,25875,1296560,7193,591882,16924,689915,1758,14763,10009,427407,15861,507074,15855,934481,California
San Diego,2021-03-14,13681,1310241,5408,597290,7539,697454,734,15497,4763,426260,8909,515983,7762,942243,California
San Diego,2021-03-15,21759,1332000,10027,607317,10950,708404,782,16279,8958,426254,12783,528766,12777,955020,California
San Diego,2021-03-16,29534,1361534,15475,622792,13647,722051,412,16691,15596,431310,13914,542680,18970,973990,California
San Diego,2021-03-17,26086,1387620,12134,634926,13235,735286,717,17408,16668,441316,9401,552081,19407,993397,California
San Diego,2021-03-18,31102,1418722,17496,652422,12687,747973,919,18327,16938,446533,14129,566210,19346,1012743,California
San Diego,2021-03-19,30080,1448802,14256,666678,14773,762746,1051,19378,19277,457261,10783,576993,21511,1034254,California
San Diego,2021-03-20,27572,1476374,8392,675070,17406,780152,1774,21152,21274,475100,6287,583280,24126,1058380,California
San Diego,2021-03-21,16255,1492629,11856,686926,3704,783856,695,21847,7636,476138,8605,591885,9643,1068023,California
San Diego,2021-03-22,22383,1515012,13051,699977,9046,792902,286,22133,14260,485322,8109,599994,17293,1085316,California
San Diego,2021-03-23,25701,1540713,13473,713450,11942,804844,286,22419,17021,495983,8666,608660,19327,1104643,California
San Diego,2021-03-24,29271,1569984,19562,733012,9320,814164,389,22808,16976,503084,12282,620942,19383,1124026,California
San Diego,2021-03-25,30111,1600095,18129,751141,11300,825464,682,23490,17877,511527,12213,633155,20656,1144682,California
San Diego,2021-03-26,31824,1631919,17796,768937,13513,838977,515,24005,17376,517790,14423,647578,20686,1165368,California
San Diego,2021-03-27,25352,1657271,11037,779974,13935,852912,380,24385,15606,526291,9728,657306,18229,1183597,California
San Diego,2021-03-28,14986,1672257,9181,789155,5747,858659,58,24443,9231,531296,5748,663054,10753,1194350,California
San Diego,2021-03-29,26559,1698816,12826,801981,13103,871762,630,25073,16351,540510,10197,673251,19411,1213761,California
San Diego,2021-03-30,33045,1731861,17792,819773,14463,886225,790,25863,21884,553851,11148,684399,24489,1238250,California
San Diego,2021-03-31,30268,1762129,18672,838445,10888,897113,708,26571,20527,566467,9722,694121,22338,1260588,California
San Diego,2021-04-01,34104,1796233,19907,858352,12720,909833,1477,28048,23110,581395,10972,705093,25900,1286488,California
San Diego,2021-04-02,35589,1831822,20593,878945,12220,922053,2776,30824,23992,598013,11577,716670,28195,1314683,California
San Diego,2021-04-03,30719,1862541,14402,893347,11703,933756,4614,35438,19577,612271,11127,727797,25385,1340068,California
San Diego,2021-04-04,8985,1871526,5158,898505,2908,936664,919,36357,4776,613938,4203,732000,5870,1345938,California
San Diego,2021-04-05,29604,1901130,15324,913829,11595,948259,2685,39042,19212,627926,10375,742375,24363,1370301,California
San Diego,2021-04-06,38517,1939647,20271,934100,12349,960608,5897,44939,22145,641720,16352,758727,30146,1400447,California
San Diego,2021-04-07,35609,1975256,21853,955953,9209,969817,4547,49486,20156,652197,15428,774155,25905,1426352,California
San Diego,2021-04-08,34981,2010237,21241,977194,9611,979428,4129,53615,21127,666177,13833,787988,27813,1454165,California
San Diego,2021-04-09,38110,2048347,22736,999930,10218,989646,5156,58771,20578,677733,17469,805457,29025,1483190,California
San Diego,2021-04-10,28945,2077292,11704,1011634,13251,1002897,3990,62761,14925,685649,14009,819466,21925,1505115,California
San Diego,2021-04-11,16134,2093426,9980,1021614,3859,1006756,2295,65056,7136,689083,8993,828459,12427,1517542,California
San Diego,2021-04-12,30610,2124036,12839,1034453,13497,1020253,4274,69330,16983,700387,13611,842070,24915,1542457,California
San Diego,2021-04-13,36891,2160927,17682,1052135,19174,1039427,35,69365,24463,715302,12407,854477,27322,1569779,California
San Diego,2021-04-14,32829,2193756,18808,1070943,14008,1053435,13,69378,17663,722147,15152,869629,21997,1591776,California
San Diego,2021-04-15,39253,2233009,20334,1091277,18913,1072348,6,69384,23747,733274,15481,885110,26608,1618384,California
San Diego,2021-04-16,33561,2266570,18456,1109733,15102,1087450,3,69387,19378,740905,14124,899234,21755,1640139,California
San Diego,2021-04-17,27846,2294416,13523,1123256,14323,1101773,0,69387,12297,740805,15455,914689,15355,1655494,California
San Diego,2021-04-18,14627,2309043,9083,1132339,5541,1107314,3,69390,6781,742709,7833,922522,9737,1665231,California
San Diego,2021-04-19,26551,2335594,13568,1145907,12982,1120296,1,69391,12448,742793,14084,936606,14168,1679399,California
San Diego,2021-04-20,39603,2375197,18389,1164296,21212,1141508,2,69393,20192,746552,19388,955994,23147,1702546,California
San Diego,2021-04-21,36381,2411578,21991,1186287,14390,1155898,0,69393,17774,748814,18567,974561,20829,1723375,California
San Diego,2021-04-22,44910,2456488,23292,1209579,21614,1177512,4,69397,22436,751861,22433,996994,25480,1748855,California
San Diego,2021-04-23,42694,2499182,26505,1236084,16187,1193699,2,69399,15963,744313,26696,1023690,19148,1768003,California
San Diego,2021-04-24,34893,2534075,18888,1254972,15990,1209689,15,69414,15561,743769,19294,1042984,18750,1786753,California
San Diego,2021-04-25,12631,2546706,7667,1262639,4964,1214653,0,69414,5888,744286,6731,1049715,7248,1794001,California
San Diego,2021-04-26,33408,2580114,16789,1279428,16480,1231133,139,69553,11704,738846,21681,1071396,16241,1810242,California
San Diego,2021-04-27,44783,2624897,24657,1304085,19572,1250705,554,70107,19744,737208,24995,1096391,23357,1833599,California
San Diego,2021-04-28,38465,2663362,22814,1326899,14976,1265681,675,70782,17423,736551,21000,1117391,20343,1853942,California
San Diego,2021-04-29,38297,2701659,24446,1351345,13194,1278875,657,71439,15561,731777,22698,1140089,17924,1871866,California
San Diego,2021-04-30,38254,2739913,23234,1374579,13939,1292814,1081,72520,15036,726562,23178,1163267,17963,1889829,California
San Diego,2021-05-01,24206,2764119,10666,1385245,12902,1305716,638,73158,9501,724160,14696,1177963,12294,1902123,California
San Diego,2021-05-02,10603,2774722,7427,1392672,2594,1308310,582,73740,3226,720927,7373,1185336,4140,1906263,California
San Diego,2021-05-03,25183,2799905,12378,1405050,11655,1319965,1150,74890,9248,716231,15912,1201248,11216,1917479,California
San Diego,2021-05-04,32030,2831935,17818,1422868,12933,1332898,1279,76169,11561,709726,20441,1221689,13936,1931415,California
San Diego,2021-05-05,27974,2859909,17223,1440091,9472,1342370,1279,77448,10655,705317,17296,1238985,12887,1944302,California
San Diego,2021-05-06,28521,2888430,18955,1459046,8654,1351024,912,78360,10764,701712,17727,1256712,14122,1958424,California
San Diego,2021-05-07,29708,2918138,19456,1478502,9212,1360236,1040,79400,11015,696325,18658,1275370,13271,1971695,California
San Diego,2021-05-08,23089,2941227,11102,1489604,11244,1371480,743,80143,7253,689947,15809,1291179,9431,1981126,California
San Diego,2021-05-09,7521,2948748,5663,1495267,1452,1372932,406,80549,2572,688403,4943,1296122,3399,1984525,California
San Diego,2021-05-10,21749,2970497,8650,1503917,12279,1385211,820,81369,5869,680522,15850,1311972,7969,1992494,California
San Diego,2021-05-11,28777,2999274,12213,1516130,15747,1400958,817,82186,10091,674496,18657,1330629,12631,2005125,California
San Diego,2021-05-12,23086,3022360,12627,1528757,9587,1410545,872,83058,8309,670057,14749,1345378,10310,2015435,California
San Diego,2021-05-13,31416,3053776,19052,1547809,11725,1422270,639,83697,13013,667956,18345,1363723,16244,2031679,California
San Diego,2021-05-14,30841,3084617,19783,1567592,10221,1432491,837,84534,13972,668017,16828,1380551,16889,2048568,California
San Diego,2021-05-15,26111,3110728,16420,1584012,8869,1441360,822,85356,10771,665295,15284,1395835,12562,2061130,California
San Diego,2021-05-16,13581,3124309,10201,1594213,2818,1444178,562,85918,6696,666072,6872,1402707,7649,2068779,California
San Diego,2021-05-17,21345,3145654,12929,1607142,7672,1451850,744,86662,8803,663987,12504,1415211,10419,2079198,California
San Diego,2021-05-18,34202,3179856,19374,1626516,13965,1465815,863,87525,13258,658630,20911,1436122,15554,2094752,California
San Diego,2021-05-19,28361,3208217,17786,1644302,9795,1475610,780,88305,11942,656088,16387,1452509,13845,2108597,California
San Diego,2021-05-20,34759,3242976,19214,1663516,14727,1490337,818,89123,11637,647000,23090,1475599,14002,2122599,California
San Diego,2021-05-21,26974,3269950,17135,1680651,8852,1499189,987,90110,10820,643924,16122,1491721,13046,2135645,California
San Diego,2021-05-22,21493,3291443,12382,1693033,7865,1507054,1246,91356,8964,642752,12506,1504227,11334,2146979,California
San Diego,2021-05-23,7330,3298773,5227,1698260,1795,1508849,308,91664,3459,643055,3847,1508074,4150,2151129,California
San Diego,2021-05-24,17822,3316595,9096,1707356,6818,1515667,1908,93572,6392,640803,11412,1519486,9160,2160289,California
San Diego,2021-05-25,24196,3340791,13089,1720445,9268,1524935,1839,95411,8426,636486,15741,1535227,11424,2171713,California
San Diego,2021-05-26,19115,3359906,10592,1731037,6514,1531449,2009,97420,6573,633419,12511,1547738,9444,2181157,California
San Diego,2021-05-27,20609,3380515,11942,1742979,6276,1537725,2391,99811,6923,630173,13666,1561404,10420,2191577,California
San Diego,2021-05-28,21244,3401759,13182,1756161,7354,1545079,708,100519,8351,627496,12874,1574278,10197,2201774,California
San Diego,2021-05-29,11970,3413729,7562,1763723,3919,1548998,489,101008,5142,626826,6815,1581093,6145,2207919,California
San Diego,2021-05-30,4669,3418398,3189,1766912,1102,1550100,378,101386,2003,626776,2660,1583753,2610,2210529,California
San Diego,2021-05-31,2586,3420984,1744,1768656,671,1550771,171,101557,849,626192,1730,1585483,1146,2211675,California
San Diego,2021-06-01,21238,3442222,11314,1779970,8295,1559066,1629,103186,5741,619029,15471,1600954,8308,2219983,California
San Diego,2021-06-02,16999,3459221,8745,1788715,6181,1565247,2073,105259,5420,615689,11553,1612507,8213,2228196,California
San Diego,2021-06-03,19179,3478400,11986,1800701,5394,1570641,1799,107058,5167,609705,13991,1626498,8007,2236203,California
San Diego,2021-06-04,19793,3498193,13822,1814523,5356,1575997,615,107673,5725,603901,14038,1640536,8234,2244437,California
San Diego,2021-06-05,15740,3513933,11964,1826487,2994,1578991,782,108455,4458,598847,11265,1651801,6211,2250648,California
San Diego,2021-06-06,5582,3519515,4513,1831000,758,1579749,311,108766,1592,597580,3979,1655780,2712,2253360,California
San Diego,2021-06-07,12759,3532274,8007,1839007,3403,1583152,1349,110115,3548,594027,9193,1664973,5640,2259000,California
San Diego,2021-06-08,20452,3552726,14448,1853455,4118,1587270,1886,112001,4990,586508,15449,1680422,7930,2266930,California
San Diego,2021-06-09,17019,3569745,11332,1864787,3738,1591008,1949,113950,4369,581148,12635,1693057,7275,2274205,California
San Diego,2021-06-10,17851,3587596,11845,1876632,3929,1594937,2077,116027,4380,575241,13444,1706501,7537,2281742,California
San Diego,2021-06-11,15773,3603369,10049,1886681,4377,1599314,1347,117374,4319,570409,11424,1717925,6592,2288334,California
San Diego,2021-06-12,10977,3614346,8412,1895093,2143,1601457,422,117796,3168,566846,7790,1725715,4227,2292561,California
San Diego,2021-06-13,4148,3618494,3101,1898194,842,1602299,205,118001,1017,565339,3125,1728840,1618,2294179,California
San Diego,2021-06-14,12611,3631105,7566,1905760,2854,1605153,2191,120192,3574,562734,9023,1737863,6418,2300597,California
San Diego,2021-06-15,17885,3648990,10240,1916000,4210,1609363,3435,123627,4729,558669,13146,1751009,9081,2309678,California
San Diego,2021-06-16,13954,3662944,8867,1924867,2772,1612135,2315,125942,4471,556771,9469,1760478,7571,2317249,California
San Diego,2021-06-17,14702,3677646,8442,1933309,3424,1615559,2836,128778,4145,553859,10545,1771023,7633,2324882,California
San Diego,2021-06-18,14123,3691769,8733,1942042,3564,1619123,1826,130604,4424,551214,9689,1780712,7044,2331926,California
San Diego,2021-06-19,7535,3699304,5561,1947603,1513,1620636,461,131065,2760,550210,4755,1785467,3751,2335677,California
San Diego,2021-06-20,3101,3702405,2251,1949854,650,1621286,200,131265,1154,549840,1942,1787409,1572,2337249,California
San Diego,2021-06-21,9113,3711518,5148,1955002,2425,1623711,1540,132805,3898,550610,5208,1792617,5978,2343227,California
San Diego,2021-06-22,11276,3722794,7548,1962550,2581,1626292,1147,133952,4440,550054,6830,1799447,6274,2349501,California
San Diego,2021-06-23,10763,3733557,7038,1969588,2294,1628586,1431,135383,4424,550220,6330,1805777,6496,2355997,California
San Diego,2021-06-24,9959,3743516,6491,1976079,2712,1631298,756,136139,4036,549702,5917,1811694,5399,2361396,California
San Diego,2021-06-25,10491,3754007,7318,1983397,2578,1633876,595,136734,4099,548627,6383,1818077,5308,2366704,California
San Diego,2021-06-26,6292,3760299,4891,1988288,1100,1634976,301,137035,2581,548263,3703,1821780,3339,2370043,California
San Diego,2021-06-27,1393,3761692,1037,1989325,163,1635139,193,137228,591,548386,801,1822581,924,2370967,California
San Francisco,2020-12-15,6,6,6,6,0,0,0,0,6,6,0,0,6,6,California
San Francisco,2020-12-16,232,238,232,238,0,0,0,0,232,238,0,0,232,238,California
San Francisco,2020-12-17,414,652,414,652,0,0,0,0,414,652,0,0,414,652,California
San Francisco,2020-12-18,907,1559,906,1558,1,1,0,0,907,1559,0,0,907,1559,California
San Francisco,2020-12-19,606,2165,606,2164,0,1,0,0,606,2165,0,0,606,2165,California
San Francisco,2020-12-20,481,2646,481,2645,0,1,0,0,481,2646,0,0,481,2646,California
San Francisco,2020-12-21,1162,3808,1162,3807,0,1,0,0,1162,3808,0,0,1162,3808,California
San Francisco,2020-12-22,1396,5204,1362,5169,34,35,0,0,1396,5204,0,0,1396,5204,California
San Francisco,2020-12-23,1351,6555,1053,6222,298,333,0,0,1351,6555,0,0,1351,6555,California
San Francisco,2020-12-24,843,7398,505,6727,338,671,0,0,843,7398,0,0,843,7398,California
San Francisco,2020-12-25,37,7435,31,6758,6,677,0,0,37,7435,0,0,37,7435,California
San Francisco,2020-12-26,248,7683,153,6911,95,772,0,0,248,7683,0,0,248,7683,California
San Francisco,2020-12-27,274,7957,60,6971,214,986,0,0,274,7957,0,0,274,7957,California
San Francisco,2020-12-28,1278,9235,692,7663,586,1572,0,0,1278,9235,0,0,1278,9235,California
San Francisco,2020-12-29,1262,10497,632,8295,630,2202,0,0,1262,10497,0,0,1262,10497,California
San Francisco,2020-12-30,1486,11983,779,9074,707,2909,0,0,1486,11983,0,0,1486,11983,California
San Francisco,2020-12-31,977,12960,415,9489,562,3471,0,0,976,12959,0,0,976,12959,California
San Francisco,2021-01-01,104,13064,77,9566,27,3498,0,0,104,13063,0,0,104,13063,California
San Francisco,2021-01-02,336,13400,301,9867,35,3533,0,0,336,13399,0,0,336,13399,California
San Francisco,2021-01-03,299,13699,105,9972,194,3727,0,0,298,13696,1,1,298,13697,California
San Francisco,2021-01-04,1845,15544,1358,11330,487,4214,0,0,1842,15535,3,4,1842,15539,California
San Francisco,2021-01-05,2241,17785,1422,12752,819,5033,0,0,2202,17700,39,43,2204,17743,California
San Francisco,2021-01-06,1875,19660,1162,13914,713,5746,0,0,1606,19040,267,310,1607,19350,California
San Francisco,2021-01-07,2075,21735,1210,15124,865,6611,0,0,1601,20170,471,781,1601,20951,California
San Francisco,2021-01-08,2335,24070,1643,16767,692,7303,0,0,1474,20788,856,1637,1474,22425,California
San Francisco,2021-01-09,1396,25466,899,17666,497,7800,0,0,887,21168,509,2146,889,23314,California
San Francisco,2021-01-10,919,26385,541,18207,378,8178,0,0,460,21170,458,2604,460,23774,California
San Francisco,2021-01-11,2512,28897,1871,20078,641,8819,0,0,1407,21471,1106,3710,1407,25181,California
San Francisco,2021-01-12,3094,31991,2060,22138,1034,9853,0,0,1899,22178,1194,4904,1901,27082,California
San Francisco,2021-01-13,2845,34836,1614,23752,1231,11084,0,0,2007,23347,838,5742,2007,29089,California
San Francisco,2021-01-14,2460,37296,1110,24862,1350,12434,0,0,1894,24675,566,6308,1894,30983,California
San Francisco,2021-01-15,2773,40069,1162,26024,1611,14045,0,0,2370,26646,401,6709,2372,33355,California
San Francisco,2021-01-16,2237,42306,937,26961,1300,15345,0,0,2068,28547,169,6878,2070,35425,California
San Francisco,2021-01-17,1943,44249,538,27499,1405,16750,0,0,1724,30052,219,7097,1724,37149,California
San Francisco,2021-01-18,1388,45637,602,28101,786,17536,0,0,1118,30902,269,7366,1119,38268,California
San Francisco,2021-01-19,2600,48237,1481,29582,1119,18655,0,0,1844,31990,756,8122,1844,40112,California
San Francisco,2021-01-20,2834,51071,1187,30769,1647,20302,0,0,2074,33308,757,8879,2075,42187,California
San Francisco,2021-01-21,3444,54515,1038,31807,2406,22708,0,0,2567,34999,876,9755,2567,44754,California
San Francisco,2021-01-22,3248,57763,678,32485,2570,25278,0,0,2799,37351,447,10202,2799,47553,California
San Francisco,2021-01-23,3117,60880,611,33096,2506,27784,0,0,2748,39732,368,10570,2749,50302,California
San Francisco,2021-01-24,2433,63313,363,33459,2070,29854,0,0,2199,41701,230,10800,2199,52501,California
San Francisco,2021-01-25,4646,67959,1836,35295,2810,32664,0,0,3055,43169,1588,12388,3056,55557,California
San Francisco,2021-01-26,4757,72716,2182,37477,2575,35239,0,0,3107,44631,1647,14035,3109,58666,California
San Francisco,2021-01-27,4383,77099,1983,39460,2400,37639,0,0,3073,46396,1308,15343,3073,61739,California
San Francisco,2021-01-28,3801,80900,1580,41040,2221,39860,0,0,2629,47861,1165,16508,2630,64369,California
San Francisco,2021-01-29,4834,85734,1761,42801,3073,42933,0,0,3509,50082,1288,17796,3509,67878,California
San Francisco,2021-01-30,3811,89545,1847,44648,1964,44897,0,0,3350,52976,460,18256,3354,71232,California
San Francisco,2021-01-31,2360,91905,820,45468,1540,46437,0,0,2209,55036,150,18406,2210,73442,California
San Francisco,2021-02-01,4006,95911,1716,47184,2290,48727,0,0,2924,56879,1082,19488,2925,76367,California
San Francisco,2021-02-02,4565,100476,1820,49004,2745,51472,0,0,2954,58228,1605,21093,2954,79321,California
San Francisco,2021-02-03,5120,105596,2401,51405,2719,54191,0,0,3795,60701,1323,22416,3796,83117,California
San Francisco,2021-02-04,5069,110665,2444,53849,2625,56816,0,0,3888,63410,1179,23595,3888,87005,California
San Francisco,2021-02-05,6002,116667,3239,57088,2763,59579,0,0,4647,66705,1353,24948,4648,91653,California
San Francisco,2021-02-06,5480,122147,3660,60748,1820,61399,0,0,4606,70470,843,25791,4608,96261,California
San Francisco,2021-02-07,4365,126512,3211,63959,1154,62553,0,0,3782,73676,580,26371,3786,100047,California
San Francisco,2021-02-08,6774,133286,4656,68615,2118,64671,0,0,5540,78001,1218,27589,5543,105590,California
San Francisco,2021-02-09,5965,139251,4015,72630,1950,66621,0,0,4408,80845,1566,29155,4410,110000,California
San Francisco,2021-02-10,6932,146183,4204,76834,2728,69349,0,0,5058,84038,1869,31024,5062,115062,California
San Francisco,2021-02-11,6755,152938,4004,80838,2751,72100,0,0,4888,87067,1862,32886,4891,119953,California
San Francisco,2021-02-12,5369,158307,2693,83531,2676,74776,0,0,3481,88658,1890,34776,3481,123434,California
San Francisco,2021-02-13,4414,162721,2585,86116,1829,76605,0,0,3068,90383,1346,36122,3071,126505,California
San Francisco,2021-02-14,3438,166159,2254,88370,1184,77789,0,0,2305,91558,1132,37254,2307,128812,California
San Francisco,2021-02-15,2798,168957,1517,89887,1281,79070,0,0,1681,92125,1114,38368,1681,130493,California
San Francisco,2021-02-16,5144,174101,2830,92717,2314,81384,0,0,3001,92997,2136,40504,3008,133501,California
San Francisco,2021-02-17,5379,179480,2638,95355,2741,84125,0,0,2964,93560,2404,42908,2967,136468,California
San Francisco,2021-02-18,5421,184901,2650,98005,2771,86896,0,0,2804,93756,2614,45522,2810,139278,California
San Francisco,2021-02-19,5691,190592,2674,100679,3017,89913,0,0,2954,93980,2731,48253,2955,142233,California
San Francisco,2021-02-20,4629,195221,2242,102921,2387,92300,0,0,1736,92835,2883,51136,1738,143971,California
San Francisco,2021-02-21,2914,198135,1540,104461,1374,93674,0,0,1299,92529,1606,52742,1300,145271,California
San Francisco,2021-02-22,5195,203330,3238,107699,1957,95631,0,0,2614,92575,2571,55313,2617,147888,California
San Francisco,2021-02-23,5616,208946,3199,110898,2417,98048,0,0,2869,92704,2740,58053,2869,150757,California
San Francisco,2021-02-24,9144,218090,5174,116072,3970,102018,0,0,4884,93344,4247,62300,4887,155644,California
San Francisco,2021-02-25,10068,228158,7032,123104,3036,105054,0,0,6467,96215,3598,65898,6469,162113,California
San Francisco,2021-02-26,12384,240542,8039,131143,4345,109399,0,0,7314,98461,5069,70967,7315,169428,California
San Francisco,2021-02-27,9417,249959,6061,137204,3355,112754,1,1,4694,98447,4710,75677,4696,174124,California
San Francisco,2021-02-28,7920,257879,5659,142863,2261,115015,0,1,3868,98269,4047,79724,3869,177993,California
San Francisco,2021-03-01,11410,269289,7698,150561,3707,118722,5,6,5562,98017,5821,85545,5569,183562,California
San Francisco,2021-03-02,10038,279327,6760,157321,3278,122000,0,6,5674,99339,4353,89898,5675,189237,California
San Francisco,2021-03-03,11407,290734,6658,163979,4748,126748,1,7,6258,100466,5135,95033,6262,195499,California
San Francisco,2021-03-04,8811,299545,5531,169510,3280,130028,0,7,4971,101609,3830,98863,4973,200472,California
San Francisco,2021-03-05,9255,308800,5663,175173,3588,133616,4,11,5800,103973,3441,102304,5805,206277,California
San Francisco,2021-03-06,7234,316034,4693,179866,2332,135948,209,220,4538,106008,2709,105013,4744,211021,California
San Francisco,2021-03-07,5417,321451,4224,184090,1133,137081,60,280,3119,106876,2311,107324,3179,214200,California
San Francisco,2021-03-08,7551,329002,5483,189573,1879,138960,189,469,5960,111402,1622,108946,6148,220348,California
San Francisco,2021-03-09,8347,337349,5530,195103,2440,141400,377,846,6088,115598,2264,111210,6460,226808,California
San Francisco,2021-03-10,11261,348610,6616,201719,4141,145541,504,1350,7043,118949,4195,115405,7546,234354,California
San Francisco,2021-03-11,10127,358737,6389,208108,2767,148308,971,2321,6635,123071,3474,118879,7596,241950,California
San Francisco,2021-03-12,10893,369630,6357,214465,3186,151494,1350,3671,6059,125660,4813,123692,7402,249352,California
San Francisco,2021-03-13,6756,376386,3947,218412,1726,153220,1083,4754,4189,128373,2557,126249,5270,254622,California
San Francisco,2021-03-14,7583,383969,4933,223345,2404,155624,246,5000,3972,128997,3593,129842,4217,258839,California
San Francisco,2021-03-15,12124,396093,9273,232618,1905,157529,946,5946,8395,134611,3713,133555,9327,268166,California
San Francisco,2021-03-16,12270,408363,8342,240960,3449,160978,479,6425,8814,140473,3433,136988,9295,277461,California
San Francisco,2021-03-17,13610,421973,8454,249414,4525,165503,631,7056,9756,147029,3824,140812,10380,287841,California
San Francisco,2021-03-18,10289,432262,7046,256460,2617,168120,626,7682,5867,149117,4397,145209,6485,294326,California
San Francisco,2021-03-19,12590,444852,9233,265693,2884,171004,473,8155,6589,150197,5973,151182,7053,301379,California
San Francisco,2021-03-20,8951,453803,6590,272283,1894,172898,467,8622,5195,152138,3724,154906,5665,307044,California
San Francisco,2021-03-21,6698,460501,6139,278422,420,173318,139,8761,3770,153134,2911,157817,3907,310951,California
San Francisco,2021-03-22,9994,470495,6962,285384,2193,175511,839,9600,5167,154330,4802,162619,5998,316949,California
San Francisco,2021-03-23,11396,481891,7586,292970,3160,178671,650,10250,6347,156300,5019,167638,6989,323938,California
San Francisco,2021-03-24,12412,494303,9511,302481,2363,181034,538,10788,6173,156805,6197,173835,6702,330640,California
San Francisco,2021-03-25,12010,506313,8767,311248,2676,183710,567,11355,5827,157085,6110,179945,6390,337030,California
San Francisco,2021-03-26,12056,518369,8355,319603,3466,187176,235,11590,5844,156982,6177,186122,6074,343104,California
San Francisco,2021-03-27,8886,527255,5909,325512,2626,189802,351,11941,3814,156097,5048,191170,4163,347267,California
San Francisco,2021-03-28,6675,533930,5327,330839,1306,191108,42,11983,2976,155439,3673,194843,3015,350282,California
San Francisco,2021-03-29,11652,545582,8018,338857,3450,194558,184,12167,4821,153642,6800,201643,5003,355285,California
San Francisco,2021-03-30,11692,557274,7320,346177,4082,198640,290,12457,5510,153287,6155,207798,5800,361085,California
San Francisco,2021-03-31,12324,569598,8196,354373,3828,202468,300,12757,4916,151122,7374,215172,5209,366294,California
San Francisco,2021-04-01,14024,583622,7444,361817,4881,207349,1699,14456,6036,150884,7948,223120,7710,374004,California
San Francisco,2021-04-02,14890,598512,6576,368393,6424,213773,1890,16346,6947,151788,7919,231039,8823,382827,California
San Francisco,2021-04-03,10615,609127,4928,373321,3861,217634,1826,18172,4800,152612,5795,236834,6619,389446,California
San Francisco,2021-04-04,9055,618182,4805,378126,2593,220227,1657,19829,3576,152378,5460,242294,5226,394672,California
San Francisco,2021-04-05,16101,634283,9841,387967,4367,224594,1893,21722,6277,150746,9793,252087,8161,402833,California
San Francisco,2021-04-06,16155,650438,9545,397512,4540,229134,2070,23792,6281,149240,9845,261932,8339,411172,California
San Francisco,2021-04-07,16897,667335,10051,407563,4605,233739,2241,26033,7003,148596,9868,271800,9224,420396,California
San Francisco,2021-04-08,14248,681583,6781,414344,3033,236772,4434,30467,4636,148059,9574,281374,9037,429433,California
San Francisco,2021-04-09,15888,697471,7684,422028,4840,241612,3364,33831,6623,148792,9231,290605,9964,439397,California
San Francisco,2021-04-10,13356,710827,5713,427741,5885,247497,1758,35589,7108,151420,6222,296827,8850,448247,California
San Francisco,2021-04-11,10073,720900,7548,435289,1347,248844,1178,36767,5207,152946,4852,301679,6378,454625,California
San Francisco,2021-04-12,10654,731554,6918,442207,2582,251426,1154,37921,4877,153217,5752,307431,6023,460648,California
San Francisco,2021-04-13,10869,742423,7366,449573,3491,254917,12,37933,5473,153338,5369,312800,5490,466138,California
San Francisco,2021-04-14,13390,755813,8065,457638,5324,260241,1,37934,6355,152701,6995,319795,6358,472496,California
San Francisco,2021-04-15,13875,769688,9612,467250,4262,264503,1,37935,8068,155001,5774,325569,8074,480570,California
San Francisco,2021-04-16,13046,782734,8769,476019,4233,268736,44,37979,7611,157257,5404,330973,7660,488230,California
San Francisco,2021-04-17,10249,792983,7381,483400,2867,271603,1,37980,7236,161503,2995,333968,7241,495471,California
San Francisco,2021-04-18,6933,799916,5369,488769,1562,273165,2,37982,4302,163198,2611,336579,4306,499777,California
San Francisco,2021-04-19,11089,811005,8310,497079,2774,275939,5,37987,7087,166317,3984,340563,7103,506880,California
San Francisco,2021-04-20,13089,824094,7893,504972,5194,281133,2,37989,8909,171079,4150,344713,8912,515792,California
San Francisco,2021-04-21,11904,835998,8744,513716,3155,284288,5,37994,7222,173658,4653,349366,7232,523024,California
San Francisco,2021-04-22,11065,847063,8272,521988,2792,287080,1,37995,6355,175342,4679,354045,6363,529387,California
San Francisco,2021-04-23,10923,857986,6404,528392,4519,291599,0,37995,6477,177412,4416,358461,6486,535873,California
San Francisco,2021-04-24,7967,865953,5475,533867,2492,294091,0,37995,4709,178893,3237,361698,4718,540591,California
San Francisco,2021-04-25,5043,870996,4335,538202,702,294793,6,38001,2948,179770,2082,363780,2959,543550,California
San Francisco,2021-04-26,8526,879522,6076,544278,2438,297231,12,38013,4248,179797,4249,368029,4276,547826,California
San Francisco,2021-04-27,8981,888503,6108,550386,2703,299934,170,38183,4487,179996,4468,372497,4667,552493,California
San Francisco,2021-04-28,9960,898463,6974,557360,2795,302729,191,38374,5231,180727,4698,377195,5429,557922,California
San Francisco,2021-04-29,9799,908262,5831,563191,3774,306503,194,38568,4819,180801,4953,382148,5027,562949,California
San Francisco,2021-04-30,11336,919598,5605,568796,5528,312031,203,38771,4229,178179,7061,389209,4439,567388,California
San Francisco,2021-05-01,6997,926595,3595,572391,3287,315318,115,38886,1702,174737,5260,394469,1818,569206,California
San Francisco,2021-05-02,5333,931928,3090,575481,2145,317463,98,38984,975,171466,4348,398817,1077,570283,California
San Francisco,2021-05-03,9700,941628,6607,582088,2929,320392,164,39148,2441,166852,7227,406044,2613,572896,California
San Francisco,2021-05-04,9841,951469,6431,588519,3159,323551,251,39399,2383,162066,7425,413469,2639,575535,California
San Francisco,2021-05-05,9263,960732,6567,595086,2383,325934,313,39712,2273,157714,6942,420411,2590,578125,California
San Francisco,2021-05-06,10968,971700,8782,603868,1714,327648,472,40184,1906,151066,9028,429439,2380,580505,California
San Francisco,2021-05-07,10324,982024,6672,610540,3379,331027,273,40457,1678,144396,8619,438058,1949,582454,California
San Francisco,2021-05-08,8898,990922,4052,614592,4716,335743,130,40587,1095,137852,7770,445828,1226,583680,California
San Francisco,2021-05-09,6742,997664,5854,620446,805,336548,83,40670,1085,133380,5634,451462,1162,584842,California
San Francisco,2021-05-10,7384,1005048,5321,625767,1808,338356,255,40925,1006,128294,6346,457808,1260,586102,California
San Francisco,2021-05-11,8147,1013195,6021,631788,1907,340263,219,41144,1490,123381,6621,464429,1708,587810,California
San Francisco,2021-05-12,8376,1021571,6143,637931,1776,342039,457,41601,1488,118467,6855,471284,1941,589751,California
San Francisco,2021-05-13,11374,1032945,8373,646304,2775,344814,226,41827,4168,115693,7176,478460,4402,594153,California
San Francisco,2021-05-14,9564,1042509,6811,653115,2582,347396,171,41998,2974,112289,6560,485020,3156,597309,California
San Francisco,2021-05-15,8124,1050633,6432,659547,1636,349032,56,42054,3195,110639,4913,489933,3263,600572,California
San Francisco,2021-05-16,5286,1055919,4448,663995,779,349811,59,42113,2013,109459,3253,493186,2073,602645,California
San Francisco,2021-05-17,7397,1063316,5515,669510,1717,351528,165,42278,2380,107011,4996,498182,2548,605193,California
San Francisco,2021-05-18,8760,1072076,5016,674526,3568,355096,176,42454,1830,102135,6882,505064,2006,607199,California
San Francisco,2021-05-19,7488,1079564,5543,680069,1711,356807,234,42688,2166,99239,5294,510358,2398,609597,California
San Francisco,2021-05-20,6139,1085703,4125,684194,1763,358570,251,42939,1494,96372,4607,514965,1740,611337,California
San Francisco,2021-05-21,7189,1092892,4070,688264,2933,361503,186,43125,1572,92555,5570,520535,1753,613090,California
San Francisco,2021-05-22,4804,1097696,3619,691883,1094,362597,91,43216,2180,92221,2604,523139,2270,615360,California
San Francisco,2021-05-23,1939,1099635,1485,693368,380,362977,74,43290,850,92067,1079,524218,925,616285,California
San Francisco,2021-05-24,4227,1103862,2998,696366,1066,364043,163,43453,1236,90503,2965,527183,1401,617686,California
San Francisco,2021-05-25,3694,1107556,2400,698766,1071,365114,223,43676,1030,89106,2645,529828,1248,618934,California
San Francisco,2021-05-26,3963,1111519,2554,701320,1263,366377,146,43822,1047,87408,2891,532719,1193,620127,California
San Francisco,2021-05-27,3712,1115231,2141,703461,1395,367772,176,43998,1162,86207,2538,535257,1337,621464,California
San Francisco,2021-05-28,3778,1119009,2154,705615,1463,369235,161,44159,1313,85243,2437,537694,1473,622937,California
San Francisco,2021-05-29,2025,1121034,1458,707073,465,369700,102,44261,782,84899,1222,538916,878,623815,California
San Francisco,2021-05-30,960,1121994,686,707759,237,369937,37,44298,387,84754,569,539485,424,624239,California
San Francisco,2021-05-31,258,1122252,209,707968,42,369979,7,44305,85,84675,171,539656,92,624331,California
San Francisco,2021-06-01,3568,1125820,2159,710127,1222,371201,187,44492,1058,83423,2494,542150,1242,625573,California
San Francisco,2021-06-02,2455,1128275,1774,711901,557,371758,124,44616,807,82714,1635,543785,926,626499,California
San Francisco,2021-06-03,3952,1132227,2712,714613,1037,372795,203,44819,914,80806,3020,546805,1112,627611,California
San Francisco,2021-06-04,5719,1137946,4846,719459,737,373532,136,44955,1242,77737,4442,551247,1373,628984,California
San Francisco,2021-06-05,3710,1141656,3133,722592,429,373961,148,45103,874,75931,2824,554071,1018,630002,California
San Francisco,2021-06-06,2334,1143990,2184,724776,112,374073,38,45141,394,74430,1933,556004,432,630434,California
San Francisco,2021-06-07,3631,1147621,3009,727785,488,374561,134,45275,859,72668,2753,558757,991,631425,California
San Francisco,2021-06-08,2827,1150448,2223,730008,438,374999,166,45441,797,71612,2013,560770,957,632382,California
San Francisco,2021-06-09,2314,1152762,1853,731861,325,375324,136,45577,649,70746,1649,562419,783,633165,California
San Francisco,2021-06-10,2493,1155255,1906,733767,398,375722,189,45766,749,69952,1732,564151,938,634103,California
San Francisco,2021-06-11,3151,1158406,2486,736253,500,376222,165,45931,925,68839,2201,566352,1088,635191,California
San Francisco,2021-06-12,3037,1161443,2636,738889,275,376497,126,46057,721,67382,2302,568654,845,636036,California
San Francisco,2021-06-13,918,1162361,797,739686,74,376571,47,46104,217,66952,693,569347,263,636299,California
San Francisco,2021-06-14,2516,1164877,2034,741720,331,376902,151,46255,826,66248,1679,571026,975,637274,California
San Francisco,2021-06-15,1895,1166772,1469,743189,293,377195,133,46388,664,65823,1222,572248,797,638071,California
San Francisco,2021-06-16,1844,1168616,1390,744579,260,377455,194,46582,634,65451,1193,573441,821,638892,California
San Francisco,2021-06-17,1974,1170590,1523,746102,255,377710,196,46778,647,64977,1312,574753,838,639730,California
San Francisco,2021-06-18,2327,1172917,1730,747832,423,378133,174,46952,746,64326,1567,576320,916,640646,California
San Francisco,2021-06-19,1405,1174322,1183,749015,112,378245,110,47062,431,63904,960,577280,538,641184,California
San Francisco,2021-06-20,626,1174948,536,749551,55,378300,35,47097,256,63831,364,577644,291,641475,California
San Francisco,2021-06-21,1156,1176104,862,750413,183,378483,111,47208,602,63998,544,578188,711,642186,California
San Francisco,2021-06-22,1575,1177679,1239,751652,227,378710,109,47317,549,63638,1012,579200,652,642838,California
San Francisco,2021-06-23,1478,1179157,1164,752816,174,378884,140,47457,589,63483,877,580077,722,643560,California
San Francisco,2021-06-24,1521,1180678,1120,753936,233,379117,168,47625,505,63154,997,581074,668,644228,California
San Francisco,2021-06-25,1798,1182476,1460,755396,237,379354,101,47726,645,62766,1132,582206,744,644972,California
San Francisco,2021-06-26,1235,1183711,1108,756504,54,379408,73,47799,428,62464,801,583007,499,645471,California
San Francisco,2021-06-27,319,1184030,290,756794,14,379422,15,47814,119,62403,194,583201,133,645604,California
San Joaquin,2020-12-15,14,14,14,14,0,0,0,0,14,14,0,0,14,14,California
San Joaquin,2020-12-16,310,324,310,324,0,0,0,0,310,324,0,0,310,324,California
San Joaquin,2020-12-17,322,646,322,646,0,0,0,0,322,646,0,0,322,646,California
San Joaquin,2020-12-18,536,1182,532,1178,4,4,0,0,536,1182,0,0,536,1182,California
San Joaquin,2020-12-19,190,1372,190,1368,0,4,0,0,190,1372,0,0,190,1372,California
San Joaquin,2020-12-20,116,1488,114,1482,2,6,0,0,116,1488,0,0,116,1488,California
San Joaquin,2020-12-21,494,1982,493,1975,1,7,0,0,494,1982,0,0,494,1982,California
San Joaquin,2020-12-22,977,2959,856,2831,121,128,0,0,976,2958,0,0,976,2958,California
San Joaquin,2020-12-23,977,3936,920,3751,57,185,0,0,975,3933,2,2,977,3935,California
San Joaquin,2020-12-24,215,4151,187,3938,28,213,0,0,214,4147,1,3,215,4150,California
San Joaquin,2020-12-25,15,4166,15,3953,0,213,0,0,15,4162,0,3,15,4165,California
San Joaquin,2020-12-26,103,4269,31,3984,72,285,0,0,103,4265,0,3,103,4268,California
San Joaquin,2020-12-27,44,4313,31,4015,13,298,0,0,44,4309,0,3,44,4312,California
San Joaquin,2020-12-28,625,4938,423,4438,202,500,0,0,625,4934,0,3,625,4937,California
San Joaquin,2020-12-29,797,5735,667,5105,130,630,0,0,797,5731,0,3,797,5734,California
San Joaquin,2020-12-30,1013,6748,720,5825,293,923,0,0,1011,6742,2,5,1013,6747,California
San Joaquin,2020-12-31,454,7202,203,6028,251,1174,0,0,454,7196,1,6,455,7202,California
San Joaquin,2021-01-01,23,7225,13,6041,10,1184,0,0,23,7219,0,6,23,7225,California
San Joaquin,2021-01-02,266,7491,243,6284,23,1207,0,0,266,7485,0,6,266,7491,California
San Joaquin,2021-01-03,37,7528,20,6304,17,1224,0,0,36,7520,1,7,36,7527,California
San Joaquin,2021-01-04,479,8007,340,6644,139,1363,0,0,477,7996,1,8,477,8004,California
San Joaquin,2021-01-05,986,8993,651,7295,335,1698,0,0,814,8676,172,180,852,8856,California
San Joaquin,2021-01-06,1228,10221,714,8009,514,2212,0,0,922,9301,301,481,926,9782,California
San Joaquin,2021-01-07,1086,11307,687,8696,399,2611,0,0,786,9792,297,778,788,10570,California
San Joaquin,2021-01-08,1209,12516,827,9523,382,2993,0,0,713,10014,495,1273,717,11287,California
San Joaquin,2021-01-09,380,12896,301,9824,79,3072,0,0,246,10128,134,1407,248,11535,California
San Joaquin,2021-01-10,224,13120,116,9940,108,3180,0,0,171,10247,52,1459,171,11706,California
San Joaquin,2021-01-11,1534,14654,1326,11266,208,3388,0,0,867,10516,666,2125,935,12641,California
San Joaquin,2021-01-12,1514,16168,1096,12362,418,3806,0,0,731,10540,779,2904,803,13444,California
San Joaquin,2021-01-13,1540,17708,900,13262,640,4446,0,0,960,10929,578,3482,967,14411,California
San Joaquin,2021-01-14,1761,19469,974,14236,787,5233,0,0,1413,12034,327,3809,1432,15843,California
San Joaquin,2021-01-15,1544,21013,548,14784,996,6229,0,0,1306,13139,223,4032,1328,17171,California
San Joaquin,2021-01-16,1135,22148,182,14966,953,7182,0,0,1102,14210,32,4064,1103,18274,California
San Joaquin,2021-01-17,1628,23776,138,15104,1490,8672,0,0,1585,15754,43,4107,1587,19861,California
San Joaquin,2021-01-18,742,24518,239,15343,503,9175,0,0,620,16257,118,4225,621,20482,California
San Joaquin,2021-01-19,1874,26392,895,16238,979,10154,0,0,1190,16776,679,4904,1198,21680,California
San Joaquin,2021-01-20,2095,28487,1287,17525,808,10962,0,0,1446,17587,642,5546,1453,23133,California
San Joaquin,2021-01-21,1985,30472,898,18423,1087,12049,0,0,1587,18792,391,5937,1596,24729,California
San Joaquin,2021-01-22,1960,32432,896,19319,1064,13113,0,0,1818,20475,137,6074,1820,26549,California
San Joaquin,2021-01-23,892,33324,391,19710,501,13614,0,0,606,20798,285,6359,608,27157,California
San Joaquin,2021-01-24,355,33679,137,19847,218,13832,0,0,332,21110,20,6379,332,27489,California
San Joaquin,2021-01-25,2003,35682,1147,20994,856,14688,0,0,1432,21977,568,6947,1435,28924,California
San Joaquin,2021-01-26,2153,37835,1111,22105,1042,15730,0,0,1530,22900,616,7563,1539,30463,California
San Joaquin,2021-01-27,1742,39577,771,22876,971,16701,0,0,1239,23649,498,8061,1247,31710,California
San Joaquin,2021-01-28,2057,41634,777,23653,1280,17981,0,0,1393,24393,660,8721,1404,33114,California
San Joaquin,2021-01-29,2167,43801,1052,24705,1115,19096,0,0,1815,25872,346,9067,1825,34939,California
San Joaquin,2021-01-30,2171,45972,349,25054,1822,20918,0,0,1990,27686,180,9247,1994,36933,California
San Joaquin,2021-01-31,1551,47523,172,25226,1379,22297,0,0,1484,29107,66,9313,1487,38420,California
San Joaquin,2021-02-01,2492,50015,1304,26530,1188,23485,0,0,1726,30072,766,10079,1731,40151,California
San Joaquin,2021-02-02,2589,52604,1156,27686,1433,24918,0,0,1976,31501,552,10631,1981,42132,California
San Joaquin,2021-02-03,3085,55689,1218,28904,1867,26785,0,0,2210,32856,867,11498,2222,44354,California
San Joaquin,2021-02-04,3547,59236,1813,30717,1734,28519,0,0,2645,34613,896,12394,2653,47007,California
San Joaquin,2021-02-05,3162,62398,1787,32504,1375,29894,0,0,2329,36138,820,13214,2345,49352,California
San Joaquin,2021-02-06,1084,63482,738,33242,346,30240,0,0,936,36930,145,13359,937,50289,California
San Joaquin,2021-02-07,619,64101,490,33732,129,30369,0,0,414,37145,200,13559,415,50704,California
San Joaquin,2021-02-08,1780,65881,1026,34758,754,31123,0,0,1436,38266,321,13880,1442,52146,California
San Joaquin,2021-02-09,2117,67998,1141,35899,976,32099,0,0,1569,39360,478,14358,1572,53718,California
San Joaquin,2021-02-10,2581,70579,1248,37147,1333,33432,0,0,1350,39503,1209,15567,1352,55070,California
San Joaquin,2021-02-11,2906,73485,1462,38609,1444,34876,0,0,1676,39990,1197,16764,1684,56754,California
San Joaquin,2021-02-12,2834,76319,1127,39736,1707,36583,0,0,1603,40394,1206,17970,1610,58364,California
San Joaquin,2021-02-13,2131,78450,406,40142,1725,38308,0,0,857,39999,1259,19229,864,59228,California
San Joaquin,2021-02-14,1913,80363,263,40405,1650,39958,0,0,696,39511,1185,20414,697,59925,California
San Joaquin,2021-02-15,2001,82364,840,41245,1161,41119,0,0,1202,39949,768,21182,1206,61131,California
San Joaquin,2021-02-16,3187,85551,1387,42632,1800,42919,0,0,1755,40303,1416,22598,1770,62901,California
San Joaquin,2021-02-17,3291,88842,1269,43901,2022,44941,0,0,1870,40774,1406,24004,1877,64778,California
San Joaquin,2021-02-18,3362,92204,1385,45286,1977,46918,0,0,1910,41277,1415,25419,1918,66696,California
San Joaquin,2021-02-19,4294,96498,2430,47716,1864,48782,0,0,2392,41829,1848,27267,2400,69096,California
San Joaquin,2021-02-20,1579,98077,680,48396,899,49681,0,0,1067,42393,510,27777,1074,70170,California
San Joaquin,2021-02-21,678,98755,514,48910,164,49845,0,0,427,42575,248,28025,430,70600,California
San Joaquin,2021-02-22,3563,102318,2514,51424,1049,50894,0,0,2542,44133,992,29017,2550,73150,California
San Joaquin,2021-02-23,4343,106661,2644,54068,1699,52593,0,0,2658,45160,1650,30667,2677,75827,California
San Joaquin,2021-02-24,5782,112443,3441,57509,2341,54934,0,0,4144,47704,1611,32278,4155,79982,California
San Joaquin,2021-02-25,6388,118831,3952,61461,2436,57370,0,0,4101,49591,2241,34519,4128,84110,California
San Joaquin,2021-02-26,5523,124354,2861,64322,2662,60032,0,0,3784,51688,1702,36221,3799,87909,California
San Joaquin,2021-02-27,5488,129842,1633,65955,3855,63887,0,0,2642,51565,2784,39005,2661,90570,California
San Joaquin,2021-02-28,3115,132957,1127,67082,1988,65875,0,0,2051,52585,1035,40040,2055,92625,California
San Joaquin,2021-03-01,4262,137219,1830,68912,2429,68304,3,3,2335,53048,1907,41947,2370,94995,California
San Joaquin,2021-03-02,4237,141456,1689,70601,2548,70852,0,3,2651,54202,1563,43510,2717,97712,California
San Joaquin,2021-03-03,5830,147286,3460,74061,2368,73220,2,5,4191,56794,1612,45122,4204,101916,California
San Joaquin,2021-03-04,5728,153014,2274,76335,3451,76671,3,8,3736,58565,1975,47097,3746,105662,California
San Joaquin,2021-03-05,4507,157521,1903,78238,2599,79270,5,13,3109,60313,1381,48478,3129,108791,California
San Joaquin,2021-03-06,3325,160846,2188,80426,1007,80277,130,143,2735,62597,586,49064,2870,111661,California
San Joaquin,2021-03-07,1225,162071,567,80993,610,80887,48,191,937,63299,270,49334,972,112633,California
San Joaquin,2021-03-08,3149,165220,1266,82259,1759,82646,124,315,2094,64510,1043,50377,2254,114887,California
San Joaquin,2021-03-09,4173,169393,1863,84122,2181,84827,129,444,2670,65847,1484,51861,2821,117708,California
San Joaquin,2021-03-10,4878,174271,2525,86647,2211,87038,142,586,3434,68005,1428,53289,3586,121294,California
San Joaquin,2021-03-11,5191,179462,2446,89093,2141,89179,604,1190,2939,69326,2237,55526,3558,124852,California
San Joaquin,2021-03-12,6571,186033,3228,92321,3007,92186,336,1526,4157,71455,2386,57912,4515,129367,California
San Joaquin,2021-03-13,3233,189266,1510,93831,1598,93784,125,1651,2322,73010,902,58814,2457,131824,California
San Joaquin,2021-03-14,2173,191439,678,94509,1190,94974,305,1956,1024,73204,1142,59956,1336,133160,California
San Joaquin,2021-03-15,6128,197567,3510,98019,2212,97186,406,2362,3178,73901,2914,62870,3611,136771,California
San Joaquin,2021-03-16,6906,204473,3919,101938,2731,99917,256,2618,4061,75410,2819,65689,4328,141099,California
San Joaquin,2021-03-17,7926,212399,4722,106660,3133,103050,71,2689,4366,76359,3513,69202,4462,145561,California
San Joaquin,2021-03-18,7716,220115,4534,111194,2675,105725,507,3196,3824,76853,3845,73047,4339,149900,California
San Joaquin,2021-03-19,8003,228118,4686,115880,2776,108501,541,3737,4841,79163,3137,76184,5447,155347,California
San Joaquin,2021-03-20,3700,231818,2142,118022,1316,109817,242,3979,1823,79396,1851,78035,2084,157431,California
San Joaquin,2021-03-21,2128,233946,1510,119532,411,110228,207,4186,1160,79881,954,78989,1439,158870,California
San Joaquin,2021-03-22,4083,238029,2083,121615,1585,111813,415,4601,2443,81128,1623,80612,2870,161740,California
San Joaquin,2021-03-23,5477,243506,2685,124300,2625,114438,167,4768,3784,83425,1668,82280,3965,165705,California
San Joaquin,2021-03-24,6918,250424,4270,128570,2560,116998,88,4856,3067,82785,3808,86088,3168,168873,California
San Joaquin,2021-03-25,5668,256092,3351,131921,2272,119270,45,4901,3382,83960,2260,88348,3435,172308,California
San Joaquin,2021-03-26,6270,262362,2595,134516,3523,122793,152,5053,3297,84491,2945,91293,3476,175784,California
San Joaquin,2021-03-27,4678,267040,2628,137144,1976,124769,74,5127,1800,83526,2851,94144,1886,177670,California
San Joaquin,2021-03-28,2739,269779,1822,138966,892,125661,25,5152,1267,83474,1452,95596,1400,179070,California
San Joaquin,2021-03-29,4130,273909,2197,141163,1910,127571,23,5175,2086,83581,2028,97624,2135,181205,California
San Joaquin,2021-03-30,6334,280243,3177,144340,3064,130635,93,5268,3510,84420,2792,100416,3631,184836,California
San Joaquin,2021-03-31,6738,286981,4186,148526,2492,133127,60,5328,3438,84684,3271,103687,3535,188371,California
San Joaquin,2021-04-01,6528,293509,3001,151527,3436,136563,91,5419,2912,84170,3587,107274,3073,191444,California
San Joaquin,2021-04-02,6430,299939,2889,154416,3046,139609,495,5914,2568,83436,3834,111108,3100,194544,California
San Joaquin,2021-04-03,4210,304149,2390,156806,1494,141103,326,6240,2012,83612,2180,113288,2356,196900,California
San Joaquin,2021-04-04,2294,306443,1372,158178,716,141819,206,6446,1548,84651,735,114023,1774,198674,California
San Joaquin,2021-04-05,4832,311275,2845,161023,1749,143568,238,6684,2685,85455,2133,116156,2937,201611,California
San Joaquin,2021-04-06,7161,318436,4553,165576,2329,145897,279,6963,3422,85473,3705,119861,3723,205334,California
San Joaquin,2021-04-07,8441,326877,4573,170149,2277,148174,1591,8554,3559,85789,4859,124720,5175,210509,California
San Joaquin,2021-04-08,8870,335747,4756,174905,1974,150148,2140,10694,3361,85823,5478,130198,5512,216021,California
San Joaquin,2021-04-09,9036,344783,4391,179296,3080,153228,1565,12259,3329,85074,5679,135877,4930,220951,California
San Joaquin,2021-04-10,5261,350044,1666,180962,1687,154915,1908,14167,1791,85321,3457,139334,3704,224655,California
San Joaquin,2021-04-11,4300,354344,1770,182732,1363,156278,1167,15334,1972,86148,2315,141649,3142,227797,California
San Joaquin,2021-04-12,6160,360504,2506,185238,2103,158381,1551,16885,2432,86455,3700,145349,4007,231804,California
San Joaquin,2021-04-13,7641,368145,4401,189639,3231,161612,9,16894,4672,88235,2941,148290,4721,236525,California
San Joaquin,2021-04-14,7710,375855,3913,193552,3795,165407,2,16896,4638,89876,3046,151336,4687,241212,California
San Joaquin,2021-04-15,8007,383862,4756,198308,3251,168658,0,16896,4425,90820,3538,154874,4482,245694,California
San Joaquin,2021-04-16,7895,391757,4288,202596,3604,172262,3,16899,4763,92524,3098,157972,4802,250496,California
San Joaquin,2021-04-17,5200,396957,2822,205418,2376,174638,2,16901,3687,94738,1500,159472,3714,254210,California
San Joaquin,2021-04-18,2499,399456,1394,206812,1105,175743,0,16901,1322,94914,1161,160633,1337,255547,California
San Joaquin,2021-04-19,5287,404743,2820,209632,2467,178210,0,16901,2758,95226,2493,163126,2805,258352,California
San Joaquin,2021-04-20,6307,411050,3312,212944,2995,181205,0,16901,2950,94888,3324,166450,2986,261338,California
San Joaquin,2021-04-21,5750,416800,3166,216110,2584,183789,0,16901,2925,95087,2764,169214,2963,264301,California
San Joaquin,2021-04-22,5390,422190,3162,219272,2226,186015,2,16903,3057,95907,2298,171512,3118,267419,California
San Joaquin,2021-04-23,6034,428224,2861,222133,3172,189187,1,16904,3778,97487,2231,173743,3811,271230,California
San Joaquin,2021-04-24,5274,433498,3630,225763,1642,190829,2,16906,3432,99124,1814,175557,3451,274681,California
San Joaquin,2021-04-25,3079,436577,2593,228356,486,191315,0,16906,2044,100166,1010,176567,2052,276733,California
San Joaquin,2021-04-26,4153,440730,2670,231026,1479,192794,4,16910,2155,100393,1981,178548,2208,278941,California
San Joaquin,2021-04-27,4729,445459,2681,233707,1986,194780,62,16972,1973,99732,2729,181277,2068,281009,California
San Joaquin,2021-04-28,5729,451188,3395,237102,2255,197035,79,17051,2767,99711,2927,184204,2906,283915,California
San Joaquin,2021-04-29,5040,456228,2920,240022,2063,199098,57,17108,2517,99838,2493,186697,2620,286535,California
San Joaquin,2021-04-30,5101,461329,2465,242487,2569,201667,67,17175,2587,100043,2492,189189,2697,289232,California
San Joaquin,2021-05-01,3373,464702,1923,244410,1392,203059,58,17233,2145,101049,1218,190407,2224,291456,California
San Joaquin,2021-05-02,2306,467008,1601,246011,648,203707,57,17290,1168,101148,1134,191541,1233,292689,California
San Joaquin,2021-05-03,3389,470397,2265,248276,1044,204751,80,17370,1398,100678,1974,193515,1504,294193,California
San Joaquin,2021-05-04,4970,475367,3327,251603,1486,206237,157,17527,1801,99524,3146,196661,1992,296185,California
San Joaquin,2021-05-05,5197,480564,3566,255169,1468,207705,163,17690,2306,99153,2859,199520,2488,298673,California
San Joaquin,2021-05-06,4722,485286,3146,258315,1446,209151,130,17820,2045,98687,2660,202180,2194,300867,California
San Joaquin,2021-05-07,5185,490471,2984,261299,2049,211200,152,17972,1928,97544,3234,205414,2091,302958,California
San Joaquin,2021-05-08,3283,493754,2112,263411,1070,212270,101,18073,1214,96815,2053,207467,1324,304282,California
San Joaquin,2021-05-09,1496,495250,849,264260,577,212847,70,18143,602,96602,891,208358,678,304960,California
San Joaquin,2021-05-10,2856,498106,1483,265743,1248,214095,125,18268,935,95763,1904,210262,1065,306025,California
San Joaquin,2021-05-11,4252,502358,2223,267966,1907,216002,122,18390,1356,94394,2879,213141,1510,307535,California
San Joaquin,2021-05-12,4453,506811,2109,270075,2219,218221,125,18515,1475,93047,2959,216100,1612,309147,California
San Joaquin,2021-05-13,4791,511602,2790,272865,1911,220132,90,18605,1872,92122,2903,219003,1978,311125,California
San Joaquin,2021-05-14,5786,517388,3444,276309,2233,222365,109,18714,2445,91371,3313,222316,2562,313687,California
San Joaquin,2021-05-15,5244,522632,3120,279429,2043,224408,81,18795,1649,89542,3564,225880,1735,315422,California
San Joaquin,2021-05-16,3580,526212,2807,282236,724,225132,49,18844,1445,88922,2122,228002,1502,316924,California
San Joaquin,2021-05-17,4154,530366,2488,284724,1569,226701,97,18941,1801,88494,2336,230338,1908,318832,California
San Joaquin,2021-05-18,3986,534352,2297,287021,1570,228271,119,19060,1894,88431,2075,232413,2012,320844,California
San Joaquin,2021-05-19,4774,539126,2780,289801,1859,230130,135,19195,2102,88035,2641,235054,2245,323089,California
San Joaquin,2021-05-20,3987,543113,2383,292184,1500,231630,104,19299,1792,87764,2171,237225,1900,324989,California
San Joaquin,2021-05-21,5074,548187,2982,295166,1970,233600,122,19421,2361,87573,2684,239909,2493,327482,California
San Joaquin,2021-05-22,4053,552240,2541,297707,1418,235018,94,19515,1814,87267,2226,242135,1920,329402,California
San Joaquin,2021-05-23,2479,554719,2025,299732,410,235428,44,19559,1453,87753,1015,243150,1501,330903,California
San Joaquin,2021-05-24,2976,557695,1700,301432,1183,236611,93,19652,1385,87661,1575,244725,1483,332386,California
San Joaquin,2021-05-25,3120,560815,1942,303374,1028,237639,150,19802,1475,87658,1627,246352,1624,334010,California
San Joaquin,2021-05-26,3903,564718,2403,305777,1425,239064,75,19877,1630,87110,2256,248608,1708,335718,California
San Joaquin,2021-05-27,3128,567846,1703,307480,1340,240404,85,19962,1342,86771,1770,250378,1431,337149,California
San Joaquin,2021-05-28,3122,570968,1667,309147,1364,241768,91,20053,1479,86730,1619,251997,1578,338727,California
San Joaquin,2021-05-29,2150,573118,1188,310335,926,242694,36,20089,969,86562,1177,253174,1009,339736,California
San Joaquin,2021-05-30,975,574093,522,310857,427,243121,26,20115,409,86440,560,253734,438,340174,California
San Joaquin,2021-05-31,621,574714,259,311116,355,243476,7,20122,238,86306,379,254113,245,340419,California
San Joaquin,2021-06-01,2459,577173,1485,312601,877,244353,97,20219,1173,86306,1277,255390,1277,341696,California
San Joaquin,2021-06-02,2727,579900,1616,314217,1057,245410,54,20273,1153,85958,1558,256948,1210,342906,California
San Joaquin,2021-06-03,2842,582742,1752,315969,1033,246443,57,20330,1095,85384,1731,258679,1157,344063,California
San Joaquin,2021-06-04,3140,585882,1929,317898,1104,247547,107,20437,1092,84560,2021,260700,1197,345260,California
San Joaquin,2021-06-05,2375,588257,1823,319721,495,248042,57,20494,1116,84571,1167,261867,1178,346438,California
San Joaquin,2021-06-06,1098,589355,884,320605,177,248219,37,20531,453,84435,626,262493,490,346928,California
San Joaquin,2021-06-07,2824,592179,2097,322702,686,248905,41,20572,984,83636,1833,264326,1034,347962,California
San Joaquin,2021-06-08,2766,594945,2097,324799,624,249529,45,20617,875,82684,1875,266201,923,348885,California
San Joaquin,2021-06-09,2843,597788,1979,326778,820,250349,44,20661,960,81824,1865,268066,1005,349890,California
San Joaquin,2021-06-10,2662,600450,1933,328711,662,251011,67,20728,1004,81246,1653,269719,1075,350965,California
San Joaquin,2021-06-11,2949,603399,2036,330747,796,251807,117,20845,973,80369,1967,271686,1090,352055,California
San Joaquin,2021-06-12,1855,605254,1396,332143,428,252235,31,20876,630,79832,1219,272905,682,352737,California
San Joaquin,2021-06-13,1049,606303,810,332953,191,252426,48,20924,484,79805,561,273466,534,353271,California
San Joaquin,2021-06-14,2212,608515,1488,334441,652,253078,72,20996,981,79638,1222,274688,1055,354326,California
San Joaquin,2021-06-15,2241,610756,1496,335937,667,253745,78,21074,872,79234,1357,276045,953,355279,California
San Joaquin,2021-06-16,2608,613364,1844,337781,682,254427,82,21156,904,78533,1688,277733,987,356266,California
San Joaquin,2021-06-17,2581,615945,1836,339617,688,255115,57,21213,879,77782,1688,279421,937,357203,California
San Joaquin,2021-06-18,2755,618700,1805,341422,875,255990,75,21288,1143,77399,1602,281023,1219,358422,California
San Joaquin,2021-06-19,1385,620085,859,342281,266,256256,260,21548,491,77264,887,281910,752,359174,California
San Joaquin,2021-06-20,632,620717,494,342775,112,256368,26,21574,280,77222,347,282257,305,359479,California
San Joaquin,2021-06-21,1615,622332,956,343731,551,256919,108,21682,828,77377,781,283038,936,360415,California
San Joaquin,2021-06-22,1864,624196,1237,344968,559,257478,68,21750,810,77210,1044,284082,877,361292,California
San Joaquin,2021-06-23,992,625188,607,345575,353,257831,32,21782,406,77070,580,284662,440,361732,California
San Joaquin,2021-06-24,451,625639,281,345856,144,257975,26,21808,235,77121,215,284877,266,361998,California
San Joaquin,2021-06-25,546,626185,307,346163,214,258189,25,21833,284,77174,257,285134,310,362308,California
San Joaquin,2021-06-26,412,626597,268,346431,129,258318,15,21848,196,77172,214,285348,212,362520,California
San Joaquin,2021-06-27,232,626829,158,346589,64,258382,10,21858,122,77195,108,285456,131,362651,California
San Luis Obispo,2020-12-16,4,4,4,4,0,0,0,0,4,4,0,0,4,4,California
San Luis Obispo,2020-12-17,196,200,196,200,0,0,0,0,196,200,0,0,196,200,California
San Luis Obispo,2020-12-18,224,424,224,424,0,0,0,0,224,424,0,0,224,424,California
San Luis Obispo,2020-12-19,164,588,164,588,0,0,0,0,164,588,0,0,164,588,California
San Luis Obispo,2020-12-20,215,803,215,803,0,0,0,0,215,803,0,0,215,803,California
San Luis Obispo,2020-12-21,550,1353,549,1352,1,1,0,0,550,1353,0,0,550,1353,California
San Luis Obispo,2020-12-22,309,1662,305,1657,4,5,0,0,309,1662,0,0,309,1662,California
San Luis Obispo,2020-12-23,681,2343,367,2024,314,319,0,0,681,2343,0,0,681,2343,California
San Luis Obispo,2020-12-24,194,2537,19,2043,175,494,0,0,194,2537,0,0,194,2537,California
San Luis Obispo,2020-12-25,2,2539,1,2044,1,495,0,0,2,2539,0,0,2,2539,California
San Luis Obispo,2020-12-26,89,2628,12,2056,77,572,0,0,89,2628,0,0,89,2628,California
San Luis Obispo,2020-12-27,76,2704,0,2056,76,648,0,0,76,2704,0,0,76,2704,California
San Luis Obispo,2020-12-28,878,3582,429,2485,449,1097,0,0,878,3582,0,0,878,3582,California
San Luis Obispo,2020-12-29,904,4486,505,2990,399,1496,0,0,904,4486,0,0,904,4486,California
San Luis Obispo,2020-12-30,1173,5659,680,3670,493,1989,0,0,1173,5659,0,0,1173,5659,California
San Luis Obispo,2020-12-31,109,5768,4,3674,105,2094,0,0,109,5768,0,0,109,5768,California
San Luis Obispo,2021-01-01,17,5785,10,3684,7,2101,0,0,17,5785,0,0,17,5785,California
San Luis Obispo,2021-01-02,34,5819,8,3692,26,2127,0,0,34,5819,0,0,34,5819,California
San Luis Obispo,2021-01-03,17,5836,6,3698,11,2138,0,0,17,5836,0,0,17,5836,California
San Luis Obispo,2021-01-04,680,6516,524,4222,156,2294,0,0,680,6516,0,0,680,6516,California
San Luis Obispo,2021-01-05,973,7489,755,4977,218,2512,0,0,970,7483,3,3,970,7486,California
San Luis Obispo,2021-01-06,728,8217,481,5458,247,2759,0,0,720,8196,7,10,720,8206,California
San Luis Obispo,2021-01-07,1124,9341,947,6405,177,2936,0,0,681,8434,443,453,681,8887,California
San Luis Obispo,2021-01-08,883,10224,804,7209,79,3015,0,0,514,8580,368,821,514,9401,California
San Luis Obispo,2021-01-09,205,10429,195,7404,10,3025,0,0,28,8431,177,998,28,9429,California
San Luis Obispo,2021-01-10,12,10441,8,7412,4,3029,0,0,8,8435,4,1002,8,9437,California
San Luis Obispo,2021-01-11,560,11001,509,7921,51,3080,0,0,298,8472,261,1263,298,9735,California
San Luis Obispo,2021-01-12,600,11601,382,8303,218,3298,0,0,319,8510,281,1544,319,10054,California
San Luis Obispo,2021-01-13,887,12488,259,8562,628,3926,0,0,650,8925,235,1779,650,10704,California
San Luis Obispo,2021-01-14,728,13216,239,8801,489,4415,0,0,606,9418,113,1892,606,11310,California
San Luis Obispo,2021-01-15,734,13950,293,9094,441,4856,0,0,555,9799,174,2066,555,11865,California
San Luis Obispo,2021-01-16,101,14051,81,9175,20,4876,0,0,96,9890,5,2071,96,11961,California
San Luis Obispo,2021-01-17,63,14114,56,9231,7,4883,0,0,63,9953,0,2071,63,12024,California
San Luis Obispo,2021-01-18,1371,15485,390,9621,981,5864,0,0,1108,10798,263,2334,1108,13132,California
San Luis Obispo,2021-01-19,1583,17068,417,10038,1166,7030,0,0,1173,11562,410,2744,1174,14306,California
San Luis Obispo,2021-01-20,1892,18960,602,10640,1290,8320,0,0,1299,12271,591,3335,1300,15606,California
San Luis Obispo,2021-01-21,1580,20540,470,11110,1110,9430,0,0,1208,13112,368,3703,1209,16815,California
San Luis Obispo,2021-01-22,1525,22065,509,11619,1016,10446,0,0,1208,14005,315,4018,1208,18023,California
San Luis Obispo,2021-01-23,311,22376,292,11911,19,10465,0,0,295,14284,16,4034,295,18318,California
San Luis Obispo,2021-01-24,443,22819,235,12146,208,10673,0,0,437,14714,7,4041,437,18755,California
San Luis Obispo,2021-01-25,2075,24894,602,12748,1473,12146,0,0,1245,15129,830,4871,1245,20000,California
San Luis Obispo,2021-01-26,2002,26896,703,13451,1299,13445,0,0,1140,15407,862,5733,1140,21140,California
San Luis Obispo,2021-01-27,1609,28505,280,13731,1329,14774,0,0,1150,16098,459,6192,1150,22290,California
San Luis Obispo,2021-01-28,1494,29999,342,14073,1152,15926,0,0,1230,17066,262,6454,1230,23520,California
San Luis Obispo,2021-01-29,1747,31746,689,14762,1058,16984,0,0,1458,18235,289,6743,1458,24978,California
San Luis Obispo,2021-01-30,41,31787,19,14781,22,17006,0,0,29,18253,11,6754,29,25007,California
San Luis Obispo,2021-01-31,233,32020,19,14800,214,17220,0,0,231,18482,2,6756,231,25238,California
San Luis Obispo,2021-02-01,1714,33734,743,15543,971,18191,0,0,1408,19585,305,7061,1408,26646,California
San Luis Obispo,2021-02-02,1901,35635,680,16223,1221,19412,0,0,1526,20737,375,7436,1527,28173,California
San Luis Obispo,2021-02-03,1714,37349,730,16953,984,20396,0,0,1299,21621,415,7851,1299,29472,California
San Luis Obispo,2021-02-04,1665,39014,802,17755,863,21259,0,0,1098,22152,567,8418,1098,30570,California
San Luis Obispo,2021-02-05,1607,40621,717,18472,890,22149,0,0,1062,22669,546,8964,1063,31633,California
San Luis Obispo,2021-02-06,179,40800,108,18580,71,22220,0,0,99,22688,80,9044,99,31732,California
San Luis Obispo,2021-02-07,123,40923,78,18658,45,22265,0,0,72,22710,51,9095,73,31805,California
San Luis Obispo,2021-02-08,866,41789,474,19132,392,22657,0,0,502,22849,363,9458,502,32307,California
San Luis Obispo,2021-02-09,1128,42917,448,19580,680,23337,0,0,546,22826,576,10034,553,32860,California
San Luis Obispo,2021-02-10,1443,44360,493,20073,950,24287,0,0,528,22444,913,10947,531,33391,California
San Luis Obispo,2021-02-11,1336,45696,846,20919,490,24777,0,0,659,22428,675,11622,659,34050,California
San Luis Obispo,2021-02-12,783,46479,362,21281,421,25198,0,0,416,22477,367,11989,416,34466,California
San Luis Obispo,2021-02-13,396,46875,131,21412,265,25463,0,0,288,22658,107,12096,288,34754,California
San Luis Obispo,2021-02-14,323,47198,44,21456,279,25742,0,0,284,22904,39,12135,285,35039,California
San Luis Obispo,2021-02-15,730,47928,139,21595,591,26333,0,0,475,23125,254,12389,475,35514,California
San Luis Obispo,2021-02-16,2975,50903,1199,22794,1776,28109,0,0,1365,22880,1610,13999,1365,36879,California
San Luis Obispo,2021-02-17,2791,53694,1245,24039,1546,29655,0,0,1028,22154,1754,15753,1028,37907,California
San Luis Obispo,2021-02-18,2837,56531,1468,25507,1369,31024,0,0,1137,21601,1691,17444,1138,39045,California
San Luis Obispo,2021-02-19,1473,58004,1351,26858,122,31146,0,0,1140,22410,331,17775,1140,40185,California
San Luis Obispo,2021-02-20,257,58261,83,26941,174,31320,0,0,219,22591,38,17813,219,40404,California
San Luis Obispo,2021-02-21,57,58318,53,26994,4,31324,0,0,32,22598,25,17838,32,40436,California
San Luis Obispo,2021-02-22,2421,60739,1871,28865,550,31874,0,0,1472,23123,948,18786,1473,41909,California
San Luis Obispo,2021-02-23,1862,62601,1747,30612,115,31989,0,0,1366,23995,495,19281,1367,43276,California
San Luis Obispo,2021-02-24,2647,65248,1301,31913,1346,33335,0,0,835,23021,1809,21090,835,44111,California
San Luis Obispo,2021-02-25,2132,67380,1243,33156,889,34224,0,0,1208,23313,917,22007,1209,45320,California
San Luis Obispo,2021-02-26,2651,70031,1150,34306,1501,35725,0,0,1330,23332,1311,23318,1330,46650,California
San Luis Obispo,2021-02-27,583,70614,354,34660,229,35954,0,0,527,23803,56,23374,527,47177,California
San Luis Obispo,2021-02-28,591,71205,67,34727,524,36478,0,0,164,23542,425,23799,164,47341,California
San Luis Obispo,2021-03-01,3010,74215,1879,36606,1129,37607,2,2,2078,24691,932,24731,2081,49422,California
San Luis Obispo,2021-03-02,3054,77269,1913,38519,1141,38748,0,2,1892,25427,1157,25888,1893,51315,California
San Luis Obispo,2021-03-03,2349,79618,342,38861,2007,40755,0,2,853,24791,1490,27378,854,52169,California
San Luis Obispo,2021-03-04,2204,81822,1163,40024,1041,41796,0,2,1186,24964,1015,28393,1188,53357,California
San Luis Obispo,2021-03-05,2305,84127,1021,41045,1214,43010,70,72,1298,25339,993,29386,1368,54725,California
San Luis Obispo,2021-03-06,841,84968,312,41357,421,43431,108,180,618,25836,223,29609,720,55445,California
San Luis Obispo,2021-03-07,203,85171,34,41391,85,43516,84,264,74,25866,128,29737,158,55603,California
San Luis Obispo,2021-03-08,2737,87908,758,42149,1661,45177,318,582,1541,26534,1191,30928,1859,57462,California
San Luis Obispo,2021-03-09,2964,90872,974,43123,1742,46919,248,830,1532,26887,1428,32356,1781,59243,California
San Luis Obispo,2021-03-10,3199,94071,1241,44364,1676,48595,282,1112,1816,27606,1379,33735,2098,61341,California
San Luis Obispo,2021-03-11,3351,97422,1322,45686,1706,50301,323,1435,1810,28211,1529,35264,2134,63475,California
San Luis Obispo,2021-03-12,3222,100644,1239,46925,1643,51944,340,1775,1624,28586,1591,36855,1966,65441,California
San Luis Obispo,2021-03-13,909,101553,262,47187,538,52482,109,1884,539,28864,369,37224,647,66088,California
San Luis Obispo,2021-03-14,516,102069,54,47241,351,52833,111,1995,134,28729,380,37604,245,66333,California
San Luis Obispo,2021-03-15,3071,105140,1104,48345,1866,54699,101,2096,1531,28827,1537,39141,1635,67968,California
San Luis Obispo,2021-03-16,2860,108000,1511,49856,1239,55938,110,2206,1441,28965,1412,40553,1550,69518,California
San Luis Obispo,2021-03-17,3459,111459,1449,51305,1748,57686,262,2468,2007,29794,1439,41992,2268,71786,California
San Luis Obispo,2021-03-18,2826,114285,1449,52754,1163,58849,214,2682,1351,29890,1468,43460,1564,73350,California
San Luis Obispo,2021-03-19,2600,116885,1573,54327,705,59554,322,3004,964,29551,1627,45087,1288,74638,California
San Luis Obispo,2021-03-20,840,117725,501,54828,302,59856,37,3041,385,29519,454,45541,422,75060,California
San Luis Obispo,2021-03-21,189,117914,45,54873,140,59996,4,3045,159,29652,29,45570,162,75222,California
San Luis Obispo,2021-03-22,2764,120678,1174,56047,1542,61538,48,3093,1930,30800,830,46400,1978,77200,California
San Luis Obispo,2021-03-23,3348,124026,2227,58274,1092,62630,29,3122,2226,31938,1117,47517,2255,79455,California
San Luis Obispo,2021-03-24,3571,127597,2186,60460,1300,63930,85,3207,2661,33779,904,48421,2745,82200,California
San Luis Obispo,2021-03-25,3707,131304,2325,62785,1370,65300,12,3219,2654,35396,1048,49469,2665,84865,California
San Luis Obispo,2021-03-26,3257,134561,1802,64587,1022,66322,433,3652,1824,36225,1428,50897,2257,87122,California
San Luis Obispo,2021-03-27,1005,135566,508,65095,406,66728,91,3743,452,36217,551,51448,543,87665,California
San Luis Obispo,2021-03-28,621,136187,155,65250,410,67138,56,3799,418,36490,202,51650,475,88140,California
San Luis Obispo,2021-03-29,2628,138815,1322,66572,1173,68311,133,3932,1679,37369,934,52584,1813,89953,California
San Luis Obispo,2021-03-30,3534,142349,1938,68510,1455,69766,141,4073,2344,38670,1183,53767,2484,92437,California
San Luis Obispo,2021-03-31,3893,146242,2476,70986,1269,71035,148,4221,2503,39941,1379,55146,2650,95087,California
San Luis Obispo,2021-04-01,3901,150143,2471,73457,1312,72347,118,4339,2721,41613,1165,56311,2837,97924,California
San Luis Obispo,2021-04-02,1759,151902,691,74148,753,73100,315,4654,955,42080,801,57112,1268,99192,California
San Luis Obispo,2021-04-03,1112,153014,556,74704,429,73529,127,4781,494,42087,614,57726,621,99813,California
San Luis Obispo,2021-04-04,389,153403,134,74838,215,73744,40,4821,241,42220,148,57874,281,100094,California
San Luis Obispo,2021-04-05,3639,157042,1940,76778,1586,75330,113,4934,2038,42773,1597,59471,2150,102244,California
San Luis Obispo,2021-04-06,4165,161207,2202,78980,1639,76969,324,5258,1978,42897,2178,61649,2302,104546,California
San Luis Obispo,2021-04-07,4309,165516,2346,81326,1596,78565,367,5625,2471,43909,1823,63472,2835,107381,California
San Luis Obispo,2021-04-08,4001,169517,2195,83521,1398,79963,408,6033,2139,44603,1853,65325,2547,109928,California
San Luis Obispo,2021-04-09,3688,173205,1754,85275,1173,81136,761,6794,1506,44694,2170,67495,2261,112189,California
San Luis Obispo,2021-04-10,1699,174904,570,85845,460,81596,669,7463,500,44663,1196,68691,1165,113354,California
San Luis Obispo,2021-04-11,317,175221,64,85909,186,81782,67,7530,126,44667,189,68880,193,113547,California
San Luis Obispo,2021-04-12,3426,178647,1720,87629,1544,83326,162,7692,1419,44242,2005,70885,1580,115127,California
San Luis Obispo,2021-04-13,3704,182351,2146,89775,1557,84883,1,7693,1988,44520,1712,72597,1990,117117,California
San Luis Obispo,2021-04-14,3616,185967,2064,91839,1547,86430,5,7698,1768,44461,1831,74428,1772,118889,California
San Luis Obispo,2021-04-15,3791,189758,2469,94308,1321,87751,1,7699,2038,44769,1732,76160,2040,120929,California
San Luis Obispo,2021-04-16,3685,193443,2248,96556,1433,89184,4,7703,1779,44653,1897,78057,1781,122710,California
San Luis Obispo,2021-04-17,1095,194538,433,96989,660,89844,2,7705,711,44983,383,78440,713,123423,California
San Luis Obispo,2021-04-18,328,194866,104,97093,223,90067,1,7706,115,44889,209,78649,115,123538,California
San Luis Obispo,2021-04-19,3211,198077,1353,98446,1820,91887,38,7744,1102,43927,2103,80752,1141,124679,California
San Luis Obispo,2021-04-20,3660,201737,2033,100479,1627,93514,0,7744,1349,42976,2300,83052,1349,126028,California
San Luis Obispo,2021-04-21,4007,205744,1849,102328,2158,95672,0,7744,1607,42207,2379,85431,1610,127638,California
San Luis Obispo,2021-04-22,4619,210363,2078,104406,2541,98213,0,7744,1431,40471,3169,88600,1433,129071,California
San Luis Obispo,2021-04-23,1440,211803,835,105241,601,98814,4,7748,721,40482,715,89315,726,129797,California
San Luis Obispo,2021-04-24,1083,212886,439,105680,625,99439,19,7767,509,40429,581,89896,528,130325,California
San Luis Obispo,2021-04-25,517,213403,163,105843,354,99793,0,7767,113,40142,400,90296,113,130438,California
San Luis Obispo,2021-04-26,1085,214488,397,106240,670,100463,18,7785,398,39882,675,90971,415,130853,California
San Luis Obispo,2021-04-27,3924,218412,1990,108230,1855,102318,79,7864,1534,39112,2382,93353,1612,132465,California
San Luis Obispo,2021-04-28,3819,222231,2106,110336,1641,103959,72,7936,1347,38071,2460,95813,1419,133884,California
San Luis Obispo,2021-04-29,3729,225960,2127,112463,1535,105494,67,8003,1255,36937,2457,98270,1323,135207,California
San Luis Obispo,2021-04-30,3001,228961,1685,114148,1242,106736,74,8077,923,35872,2060,100330,995,136202,California
San Luis Obispo,2021-05-01,478,229439,164,114312,279,107015,35,8112,103,35638,371,100701,137,136339,California
San Luis Obispo,2021-05-02,172,229611,53,114365,99,107114,20,8132,43,35572,129,100830,63,136402,California
San Luis Obispo,2021-05-03,892,230503,287,114652,494,107608,111,8243,223,35237,667,101497,332,136734,California
San Luis Obispo,2021-05-04,2970,233473,1917,116569,982,108590,71,8314,874,34090,2089,103586,942,137676,California
San Luis Obispo,2021-05-05,2851,236324,1872,118441,913,109503,66,8380,677,32672,2162,105748,744,138420,California
San Luis Obispo,2021-05-06,2843,239167,1913,120354,866,110369,64,8444,725,31362,2099,107847,789,139209,California
San Luis Obispo,2021-05-07,2365,241532,1774,122128,523,110892,68,8512,600,30286,1745,109592,669,139878,California
San Luis Obispo,2021-05-08,606,242138,343,122471,239,111131,24,8536,204,30131,383,109975,228,140106,California
San Luis Obispo,2021-05-09,166,242304,43,122514,104,111235,19,8555,46,30077,119,110094,65,140171,California
San Luis Obispo,2021-05-10,732,243036,158,122672,522,111757,52,8607,157,29714,570,110664,207,140378,California
San Luis Obispo,2021-05-11,1215,244251,597,123269,543,112300,75,8682,382,29344,827,111491,457,140835,California
San Luis Obispo,2021-05-12,2506,246757,1609,124878,814,113114,83,8765,695,28328,1794,113285,778,141613,California
San Luis Obispo,2021-05-13,1184,247941,716,125594,406,113520,62,8827,488,28187,690,113975,549,142162,California
San Luis Obispo,2021-05-14,2260,250201,1641,127235,567,114087,52,8879,930,27856,1312,115287,981,143143,California
San Luis Obispo,2021-05-15,990,251191,456,127691,500,114587,34,8913,465,27834,522,115809,500,143643,California
San Luis Obispo,2021-05-16,310,251501,166,127857,138,114725,6,8919,176,27883,133,115942,182,143825,California
San Luis Obispo,2021-05-17,1686,253187,976,128833,650,115375,60,8979,666,27598,1011,116953,726,144551,California
San Luis Obispo,2021-05-18,1905,255092,1160,129993,713,116088,32,9011,721,27174,1178,118131,754,145305,California
San Luis Obispo,2021-05-19,1459,256551,626,130619,770,116858,63,9074,407,26597,1046,119177,469,145774,California
San Luis Obispo,2021-05-20,1149,257700,499,131118,613,117471,37,9111,340,26176,798,119975,377,146151,California
San Luis Obispo,2021-05-21,1106,258806,573,131691,492,117963,41,9152,510,26141,586,120561,551,146702,California
San Luis Obispo,2021-05-22,682,259488,325,132016,334,118297,23,9175,339,26167,336,120897,362,147064,California
San Luis Obispo,2021-05-23,147,259635,69,132085,72,118369,6,9181,52,26131,94,120991,58,147122,California
San Luis Obispo,2021-05-24,561,260196,262,132347,265,118634,34,9215,199,26004,360,121351,233,147355,California
San Luis Obispo,2021-05-25,880,261076,429,132776,424,119058,27,9242,345,25848,527,121878,371,147726,California
San Luis Obispo,2021-05-26,2143,263219,993,133769,1095,120153,55,9297,664,25094,1472,123350,718,148444,California
San Luis Obispo,2021-05-27,1877,265096,666,134435,1179,121332,32,9329,490,24233,1382,124732,521,148965,California
San Luis Obispo,2021-05-28,910,266006,463,134898,426,121758,21,9350,478,24302,430,125162,499,149464,California
San Luis Obispo,2021-05-29,377,266383,153,135051,213,121971,11,9361,208,24354,168,125330,220,149684,California
San Luis Obispo,2021-05-30,89,266472,36,135087,45,122016,8,9369,34,24341,54,125384,41,149725,California
San Luis Obispo,2021-05-31,41,266513,5,135092,23,122039,13,9382,16,24345,24,125408,28,149753,California
San Luis Obispo,2021-06-01,753,267266,325,135417,398,122437,30,9412,268,24162,481,125889,298,150051,California
San Luis Obispo,2021-06-02,639,267905,288,135705,311,122748,40,9452,187,23942,446,126335,226,150277,California
San Luis Obispo,2021-06-03,914,268819,453,136158,430,123178,31,9483,251,23563,661,126996,282,150559,California
San Luis Obispo,2021-06-04,2479,271298,1522,137680,917,124095,40,9523,703,22541,1763,128759,741,151300,California
San Luis Obispo,2021-06-05,662,271960,288,137968,353,124448,21,9544,317,22535,344,129103,338,151638,California
San Luis Obispo,2021-06-06,185,272145,132,138100,44,124492,9,9553,46,22451,139,129242,55,151693,California
San Luis Obispo,2021-06-07,546,272691,359,138459,149,124641,38,9591,155,22255,389,129631,193,151886,California
San Luis Obispo,2021-06-08,808,273499,525,138984,242,124883,41,9632,244,21980,560,130191,285,152171,California
San Luis Obispo,2021-06-09,637,274136,354,139338,252,125135,31,9663,185,21746,450,130641,216,152387,California
San Luis Obispo,2021-06-10,757,274893,365,139703,353,125488,39,9702,223,21476,532,131173,262,152649,California
San Luis Obispo,2021-06-11,938,275831,541,140244,361,125849,36,9738,340,21259,594,131767,377,153026,California
San Luis Obispo,2021-06-12,394,276225,270,140514,121,125970,3,9741,168,21205,225,131992,171,153197,California
San Luis Obispo,2021-06-13,159,276384,91,140605,65,126035,3,9744,42,21133,117,132109,45,153242,California
San Luis Obispo,2021-06-14,455,276839,298,140903,126,126161,31,9775,129,20968,323,132432,158,153400,California
San Luis Obispo,2021-06-15,638,277477,397,141300,203,126364,38,9813,236,20843,398,132830,273,153673,California
San Luis Obispo,2021-06-16,614,278091,361,141661,222,126586,31,9844,177,20620,430,133260,207,153880,California
San Luis Obispo,2021-06-17,598,278689,341,142002,231,126817,26,9870,197,20443,400,133660,223,154103,California
San Luis Obispo,2021-06-18,788,279477,505,142507,237,127054,46,9916,278,20262,506,134166,325,154428,California
San Luis Obispo,2021-06-19,266,279743,151,142658,101,127155,14,9930,100,20212,164,134330,114,154542,California
San Luis Obispo,2021-06-20,110,279853,73,142731,29,127184,8,9938,45,20201,64,134394,53,154595,California
San Luis Obispo,2021-06-21,350,280203,221,142952,103,127287,26,9964,155,20189,193,134587,181,154776,California
San Luis Obispo,2021-06-22,615,280818,360,143312,223,127510,32,9996,275,20158,338,134925,307,155083,California
San Luis Obispo,2021-06-23,496,281314,272,143584,203,127713,21,10017,239,20161,257,135182,260,155343,California
San Luis Obispo,2021-06-24,463,281777,262,143846,175,127888,26,10043,203,20134,256,135438,229,155572,California
San Luis Obispo,2021-06-25,526,282303,212,144058,293,128181,21,10064,211,20055,309,135747,230,155802,California
San Luis Obispo,2021-06-26,241,282544,143,144201,97,128278,1,10065,111,20037,130,135877,112,155914,California
San Luis Obispo,2021-06-27,100,282644,65,144266,35,128313,0,10065,49,20035,51,135928,49,155963,California
San Mateo,2020-12-15,27,27,27,27,0,0,0,0,27,27,0,0,27,27,California
San Mateo,2020-12-16,112,139,112,139,0,0,0,0,112,139,0,0,112,139,California
San Mateo,2020-12-17,174,313,174,313,0,0,0,0,174,313,0,0,174,313,California
San Mateo,2020-12-18,775,1088,773,1086,2,2,0,0,775,1088,0,0,775,1088,California
San Mateo,2020-12-19,519,1607,519,1605,0,2,0,0,519,1607,0,0,519,1607,California
San Mateo,2020-12-20,508,2115,507,2112,1,3,0,0,508,2115,0,0,508,2115,California
San Mateo,2020-12-21,1147,3262,1146,3258,1,4,0,0,1147,3262,0,0,1147,3262,California
San Mateo,2020-12-22,1517,4779,1509,4767,8,12,0,0,1516,4777,1,1,1516,4778,California
San Mateo,2020-12-23,1571,6350,1380,6147,191,203,0,0,1571,6348,0,1,1571,6349,California
San Mateo,2020-12-24,869,7219,611,6758,258,461,0,0,869,7217,0,1,869,7218,California
San Mateo,2020-12-25,114,7333,110,6868,4,465,0,0,114,7331,0,1,114,7332,California
San Mateo,2020-12-26,563,7896,418,7286,145,610,0,0,563,7894,0,1,563,7895,California
San Mateo,2020-12-27,304,8200,173,7459,131,741,0,0,304,8198,0,1,304,8199,California
San Mateo,2020-12-28,1060,9260,710,8169,350,1091,0,0,1060,9258,0,1,1060,9259,California
San Mateo,2020-12-29,1139,10399,715,8884,424,1515,0,0,1139,10397,0,1,1139,10398,California
San Mateo,2020-12-30,1270,11669,765,9649,505,2020,0,0,1270,11667,0,1,1270,11668,California
San Mateo,2020-12-31,712,12381,229,9878,483,2503,0,0,711,12377,1,2,711,12379,California
San Mateo,2021-01-01,113,12494,77,9955,36,2539,0,0,113,12490,0,2,113,12492,California
San Mateo,2021-01-02,403,12897,273,10228,130,2669,0,0,403,12893,0,2,403,12895,California
San Mateo,2021-01-03,284,13181,209,10437,75,2744,0,0,281,13171,3,5,281,13176,California
San Mateo,2021-01-04,1054,14235,681,11118,373,3117,0,0,1054,14225,0,5,1054,14230,California
San Mateo,2021-01-05,1217,15452,716,11834,501,3618,0,0,1183,15375,34,39,1184,15414,California
San Mateo,2021-01-06,1461,16913,959,12793,502,4120,0,0,1267,16452,191,230,1268,16682,California
San Mateo,2021-01-07,1464,18377,817,13610,647,4767,0,0,1153,17301,304,534,1153,17835,California
San Mateo,2021-01-08,1857,20234,1202,14812,655,5422,0,0,1141,17733,709,1243,1141,18976,California
San Mateo,2021-01-09,1184,21418,783,15595,401,5823,0,0,719,17987,465,1708,719,19695,California
San Mateo,2021-01-10,709,22127,579,16174,130,5953,0,0,268,17814,441,2149,268,19963,California
San Mateo,2021-01-11,2614,24741,1507,17681,1107,7060,0,0,1536,18274,1078,3227,1538,21501,California
San Mateo,2021-01-12,3454,28195,1938,19619,1516,8576,0,0,2230,19294,1215,4442,2235,23736,California
San Mateo,2021-01-13,3420,31615,1673,21292,1747,10323,0,0,2369,20614,1051,5493,2371,26107,California
San Mateo,2021-01-14,3805,35420,1613,22905,2192,12515,0,0,3102,23018,703,6196,3107,29214,California
San Mateo,2021-01-15,4354,39774,1738,24643,2616,15131,0,0,3803,26275,548,6744,3805,33019,California
San Mateo,2021-01-16,3086,42860,768,25411,2318,17449,0,0,2755,28702,329,7073,2756,35775,California
San Mateo,2021-01-17,1315,44175,303,25714,1012,18461,0,0,1111,29609,204,7277,1111,36886,California
San Mateo,2021-01-18,1372,45547,543,26257,829,19290,0,0,991,30222,378,7655,991,37877,California
San Mateo,2021-01-19,2809,48356,1798,28055,1011,20301,0,0,2005,31426,801,8456,2005,39882,California
San Mateo,2021-01-20,2992,51348,1728,29783,1264,21565,0,0,2139,32716,850,9306,2140,42022,California
San Mateo,2021-01-21,2938,54286,1359,31142,1579,23144,0,0,2336,34456,599,9905,2339,44361,California
San Mateo,2021-01-22,2836,57122,1147,32289,1689,24833,0,0,2528,36680,305,10210,2529,46890,California
San Mateo,2021-01-23,2897,60019,1688,33977,1209,26042,0,0,2528,38840,369,10579,2529,49419,California
San Mateo,2021-01-24,1519,61538,376,34353,1143,27185,0,0,1208,39739,310,10889,1209,50628,California
San Mateo,2021-01-25,4434,65972,3152,37505,1282,28467,0,0,3525,42362,906,11795,3529,54157,California
San Mateo,2021-01-26,4358,70330,3013,40518,1345,29812,0,0,3423,44853,933,12728,3424,57581,California
San Mateo,2021-01-27,2833,73163,1479,41997,1354,31166,0,0,1823,45673,1004,13732,1824,59405,California
San Mateo,2021-01-28,2834,75997,1372,43369,1462,32628,0,0,1976,46806,843,14575,1976,61381,California
San Mateo,2021-01-29,3025,79022,1355,44724,1670,34298,0,0,2175,48135,848,15423,2177,63558,California
San Mateo,2021-01-30,3419,82441,1489,46213,1930,36228,0,0,2952,50622,466,15889,2953,66511,California
San Mateo,2021-01-31,1693,84134,900,47113,793,37021,0,0,1529,51989,162,16051,1529,68040,California
San Mateo,2021-02-01,2967,87101,1370,48483,1597,38618,0,0,2236,53499,727,16778,2237,70277,California
San Mateo,2021-02-02,3254,90355,1750,50233,1504,40122,0,0,2210,54668,1041,17819,2210,72487,California
San Mateo,2021-02-03,5033,95388,2078,52311,2955,43077,0,0,3882,57403,1148,18967,3883,76370,California
San Mateo,2021-02-04,6254,101642,2513,54824,3741,46818,0,0,4969,61096,1280,20247,4973,81343,California
San Mateo,2021-02-05,6841,108483,2555,57379,4286,51104,0,0,5005,64283,1818,22065,5005,86348,California
San Mateo,2021-02-06,3287,111770,1913,59292,1374,52478,0,0,2629,66260,654,22719,2631,88979,California
San Mateo,2021-02-07,1901,113671,1343,60635,558,53036,0,0,1710,67779,191,22910,1710,90689,California
San Mateo,2021-02-08,5304,118975,2265,62900,3039,56075,0,0,3127,68794,2112,25022,3127,93816,California
San Mateo,2021-02-09,6194,125169,3213,66113,2981,59056,0,0,3331,69271,2854,27876,3331,97147,California
San Mateo,2021-02-10,6541,131710,3287,69400,3254,62310,0,0,3276,69301,3246,31122,3276,100423,California
San Mateo,2021-02-11,7108,138818,3601,73001,3507,65817,0,0,3779,69760,3322,34444,3781,104204,California
San Mateo,2021-02-12,6688,145506,2999,76000,3689,69506,0,0,4728,72534,1956,36400,4730,108934,California
San Mateo,2021-02-13,6141,151647,4028,80028,2113,71619,0,0,2648,71694,3488,39888,2648,111582,California
San Mateo,2021-02-14,4656,156303,3029,83057,1627,73246,0,0,1988,71021,2662,42550,1989,113571,California
San Mateo,2021-02-15,3178,159481,1460,84517,1718,74964,0,0,1791,71432,1381,43931,1792,115363,California
San Mateo,2021-02-16,7191,166672,1904,86421,5287,80251,0,0,5294,74833,1895,45826,5296,120659,California
San Mateo,2021-02-17,7116,173788,1985,88406,5131,85382,0,0,5051,77825,2060,47886,5052,125711,California
San Mateo,2021-02-18,6729,180517,4631,93037,2098,87480,0,0,4459,80021,2266,50152,4462,130173,California
San Mateo,2021-02-19,7868,188385,5623,98660,2245,89725,0,0,5823,83806,2038,52190,5823,135996,California
San Mateo,2021-02-20,3808,192193,2463,101123,1345,91070,0,0,2343,84693,1457,53647,2344,138340,California
San Mateo,2021-02-21,2674,194867,1808,102931,866,91936,0,0,1592,85211,1075,54722,1593,139933,California
San Mateo,2021-02-22,4499,199366,3261,106192,1238,93174,0,0,2833,86385,1660,56382,2834,142767,California
San Mateo,2021-02-23,4418,203784,3158,109350,1260,94434,0,0,2575,87126,1834,58216,2575,145342,California
San Mateo,2021-02-24,7390,211174,3328,112678,4062,98496,0,0,4899,89544,2482,60698,4900,150242,California
San Mateo,2021-02-25,9317,220491,4149,116827,5168,103664,0,0,6142,92529,3158,63856,6143,156385,California
San Mateo,2021-02-26,10073,230564,3890,120717,6183,109847,0,0,6975,96425,3083,66939,6979,163364,California
San Mateo,2021-02-27,6910,237474,3569,124286,3340,113187,1,1,3763,97055,3140,70079,3770,167134,California
San Mateo,2021-02-28,4467,241941,2756,127042,1711,114898,0,1,2683,97963,1776,71855,2684,169818,California
San Mateo,2021-03-01,6052,247993,3813,130855,2235,117133,4,5,2991,97914,3046,74901,2997,172815,California
San Mateo,2021-03-02,6291,254284,4466,135321,1824,118957,1,6,3618,98869,2665,77566,3620,176435,California
San Mateo,2021-03-03,8548,262832,4039,139360,4507,123464,2,8,3706,97750,4827,82393,3708,180143,California
San Mateo,2021-03-04,8574,271406,4021,143381,4549,128013,4,12,3876,96956,4676,87069,3882,184025,California
San Mateo,2021-03-05,9400,280806,6258,149639,3138,131151,4,16,6586,100757,2792,89861,6593,190618,California
San Mateo,2021-03-06,8005,288811,5566,155205,2263,133414,176,192,5869,104678,2124,91985,6045,196663,California
San Mateo,2021-03-07,3631,292442,2456,157661,1104,134518,71,263,2140,105404,1487,93472,2213,198876,California
San Mateo,2021-03-08,4556,296998,2576,160237,1760,136278,220,483,3329,107731,1220,94692,3547,202423,California
San Mateo,2021-03-09,5354,302352,2871,163108,2207,138485,276,759,3729,110119,1613,96305,4001,206424,California
San Mateo,2021-03-10,7280,309632,2956,166064,4038,142523,286,1045,4839,112817,2425,98730,5123,211547,California
San Mateo,2021-03-11,9197,318829,5765,171829,3039,145562,393,1438,3736,111514,5428,104158,4125,215672,California
San Mateo,2021-03-12,10654,329483,6708,178537,3558,149120,388,1826,3597,108462,7036,111194,3984,219656,California
San Mateo,2021-03-13,8254,337737,3535,182072,3084,152204,1635,3461,3984,109815,4254,115448,5607,225263,California
San Mateo,2021-03-14,5033,342770,3397,185469,1527,153731,109,3570,2659,110217,2366,117814,2768,228031,California
San Mateo,2021-03-15,7245,350015,4677,190146,2389,156120,179,3749,3803,110765,3435,121249,3983,232014,California
San Mateo,2021-03-16,12028,362043,4435,194581,7468,163588,125,3874,4841,108566,7168,128417,4969,236983,California
San Mateo,2021-03-17,10985,373028,4480,199061,6359,169947,146,4020,4966,107690,5990,134407,5114,242097,California
San Mateo,2021-03-18,7420,380448,4162,203223,3067,173014,191,4211,4411,109289,3001,137408,4600,246697,California
San Mateo,2021-03-19,7602,388050,4907,208130,2022,175036,673,4884,3654,109679,3937,141345,4327,251024,California
San Mateo,2021-03-20,8423,396473,6556,214686,1532,176568,335,5219,5370,112350,3034,144379,5705,256729,California
San Mateo,2021-03-21,4289,400762,3250,217936,806,177374,233,5452,2294,112890,1984,146363,2524,259253,California
San Mateo,2021-03-22,5392,406154,3674,221610,1293,178667,425,5877,2846,113629,2531,148894,3270,262523,California
San Mateo,2021-03-23,9964,416118,4590,226200,5175,183842,199,6076,4498,112892,5434,154328,4697,267220,California
San Mateo,2021-03-24,9601,425719,5548,231748,3907,187749,146,6222,4109,111729,5415,159743,4252,271472,California
San Mateo,2021-03-25,10204,435923,5017,236765,4918,192667,269,6491,4458,110818,5640,165383,4729,276201,California
San Mateo,2021-03-26,11349,447272,7793,244558,3388,196055,168,6659,4335,108350,6971,172354,4503,280704,California
San Mateo,2021-03-27,10607,457879,8110,252668,2386,198441,111,6770,4673,107217,5915,178269,4782,285486,California
San Mateo,2021-03-28,4301,462180,2783,255451,1405,199846,113,6883,1995,107033,2296,180565,2112,287598,California
San Mateo,2021-03-29,6119,468299,3795,259246,2068,201914,256,7139,2741,106670,3359,183924,2996,290594,California
San Mateo,2021-03-30,7216,475515,4105,263351,2957,204871,154,7293,3884,107391,3317,187241,4038,294632,California
San Mateo,2021-03-31,7369,482884,4650,268001,2577,207448,142,7435,3873,107928,3478,190719,4015,298647,California
San Mateo,2021-04-01,10701,493585,5281,273282,4202,211650,1218,8653,5737,109964,4913,195632,6949,305596,California
San Mateo,2021-04-02,10973,504558,5243,278525,4130,215780,1600,10253,5769,112144,5180,200812,7360,312956,California
San Mateo,2021-04-03,10036,514594,5785,284310,2477,218257,1774,12027,5112,114114,4914,205726,6884,319840,California
San Mateo,2021-04-04,5472,520066,2636,286946,1578,219835,1258,13285,1708,113329,3748,209474,2963,322803,California
San Mateo,2021-04-05,9068,529134,4827,291773,2496,222331,1745,15030,3878,113775,5172,214646,5618,328421,California
San Mateo,2021-04-06,13286,542420,8295,300068,3131,225462,1860,16890,7568,117505,5702,220348,9432,337853,California
San Mateo,2021-04-07,11527,553947,5346,305414,4482,229944,1699,18589,4891,117472,6615,226963,6582,344435,California
San Mateo,2021-04-08,10273,564220,5119,310533,2538,232482,2616,21205,4548,118916,5705,232668,7149,351584,California
San Mateo,2021-04-09,11453,575673,5582,316115,3370,235852,2501,23706,5134,120227,6315,238983,7626,359210,California
San Mateo,2021-04-10,11315,586988,5756,321871,4112,239964,1447,25153,4680,119743,6603,245586,6119,365329,California
San Mateo,2021-04-11,6659,593647,3308,325179,879,240843,2472,27625,2319,120193,4333,249919,4783,370112,California
San Mateo,2021-04-12,7435,601082,4532,329711,1923,242766,980,28605,3579,120913,3834,253753,4554,374666,California
San Mateo,2021-04-13,8302,609384,5166,334877,3125,245891,11,28616,4385,121407,3904,257657,4398,379064,California
San Mateo,2021-04-14,8438,617822,5441,340318,2996,248887,1,28617,4310,121617,4109,261766,4319,383383,California
San Mateo,2021-04-15,11303,629125,7497,347815,3804,252691,2,28619,7359,125063,3917,265683,7363,390746,California
San Mateo,2021-04-16,10156,639281,6970,354785,3170,255861,16,28635,6416,127785,3716,269399,6438,397184,California
San Mateo,2021-04-17,9866,649147,6568,361353,3296,259157,2,28637,6237,130414,3617,273016,6246,403430,California
San Mateo,2021-04-18,5737,654884,2870,364223,2867,262024,0,28637,3852,132402,1870,274886,3858,407288,California
San Mateo,2021-04-19,8528,663412,5544,369767,2984,265008,0,28637,5533,134968,2979,277865,5545,412833,California
San Mateo,2021-04-20,10843,674255,6208,375975,4634,269642,1,28638,6936,138034,3882,281747,6948,419781,California
San Mateo,2021-04-21,9891,684146,6872,382847,3017,272659,2,28640,6125,140423,3744,285491,6133,425914,California
San Mateo,2021-04-22,10168,694314,6912,389759,3255,275914,1,28641,5680,141657,4452,289943,5686,431600,California
San Mateo,2021-04-23,10002,704316,6707,396466,3295,279209,0,28641,5610,142922,4363,294306,5628,437228,California
San Mateo,2021-04-24,11299,715615,8052,404518,3247,282456,0,28641,5819,143294,5457,299763,5829,443057,California
San Mateo,2021-04-25,5560,721175,3880,408398,1678,284134,2,28643,3953,145671,1591,301354,3968,447025,California
San Mateo,2021-04-26,6903,728078,5010,413408,1885,286019,8,28651,3999,146800,2890,304244,4019,451044,California
San Mateo,2021-04-27,11616,739694,8206,421614,3255,289274,155,28806,4759,144901,6823,311067,4924,455968,California
San Mateo,2021-04-28,8207,747901,4776,426390,3226,292500,205,29011,4376,145674,3815,314882,4588,460556,California
San Mateo,2021-04-29,8449,756350,4077,430467,4199,296699,173,29184,3831,145106,4589,319471,4021,464577,California
San Mateo,2021-04-30,8463,764813,5367,435834,2942,299641,154,29338,3630,144105,4804,324275,3803,468380,California
San Mateo,2021-05-01,6217,771030,4152,439986,1947,301588,118,29456,2691,143419,3508,327783,2822,471202,California
San Mateo,2021-05-02,3193,774223,1752,441738,1371,302959,70,29526,1153,142616,2031,329814,1228,472430,California
San Mateo,2021-05-03,6092,780315,4540,446278,1407,304366,145,29671,1852,140385,4229,334043,1998,474428,California
San Mateo,2021-05-04,7687,788002,5307,451585,2208,306574,172,29843,2547,137998,5125,339168,2738,477166,California
San Mateo,2021-05-05,7179,795181,4763,456348,2257,308831,159,30002,2456,135923,4693,343861,2618,479784,California
San Mateo,2021-05-06,8929,804110,7040,463388,1714,310545,175,30177,1791,130775,7118,350979,1970,481754,California
San Mateo,2021-05-07,8420,812530,6067,469455,2068,312613,285,30462,1865,126408,6530,357509,2163,483917,California
San Mateo,2021-05-08,7016,819546,4386,473841,2391,315004,239,30701,1926,123500,5077,362586,2169,486086,California
San Mateo,2021-05-09,3155,822701,2460,476301,621,315625,74,30775,944,122319,2200,364786,1019,487105,California
San Mateo,2021-05-10,4805,827506,3498,479799,1137,316762,170,30945,743,119189,4052,368838,922,488027,California
San Mateo,2021-05-11,7252,834758,5547,485346,1576,318338,129,31074,1713,115512,5521,374359,1844,489871,California
San Mateo,2021-05-12,7070,841828,5149,490495,1706,320044,215,31289,1431,111536,5625,379984,1649,491520,California
San Mateo,2021-05-13,9766,851594,7348,497843,2321,322365,97,31386,3419,108754,6312,386296,3530,495050,California
San Mateo,2021-05-14,8569,860163,6348,504191,2106,324471,115,31501,2575,105476,5974,392270,2696,497746,California
San Mateo,2021-05-15,10634,870797,8333,512524,2199,326670,102,31603,4703,104384,5918,398188,4826,502572,California
San Mateo,2021-05-16,7281,878078,5202,517726,2008,328678,71,31674,2268,101731,4993,403181,2340,504912,California
San Mateo,2021-05-17,7208,885286,5124,522850,1975,330653,109,31783,2129,98911,5062,408243,2242,507154,California
San Mateo,2021-05-18,8555,893841,5918,528768,2539,333192,98,31881,3060,96705,5370,413613,3164,510318,California
San Mateo,2021-05-19,7925,901766,5909,534677,1894,335086,122,32003,3554,96060,4324,417937,3679,513997,California
San Mateo,2021-05-20,5765,907531,3591,538268,2040,337126,134,32137,2169,94795,3570,421507,2305,516302,California
San Mateo,2021-05-21,7026,914557,4780,543048,2101,339227,145,32282,1870,91675,5135,426642,2015,518317,California
San Mateo,2021-05-22,6345,920902,4315,547363,1963,341190,67,32349,2621,90660,3705,430347,2690,521007,California
San Mateo,2021-05-23,3072,923974,1741,549104,1242,342432,89,32438,1162,90013,1898,432245,1251,522258,California
San Mateo,2021-05-24,3667,927641,2441,551545,1077,343509,149,32587,1223,88959,2424,434669,1370,523628,California
San Mateo,2021-05-25,4784,932425,3014,554559,1590,345099,180,32767,1575,87530,3187,437856,1758,525386,California
San Mateo,2021-05-26,5721,938146,3079,557638,2524,347623,118,32885,1780,85509,3919,441775,1898,527284,California
San Mateo,2021-05-27,3774,941920,2203,559841,1472,349095,99,32984,1198,84251,2551,444326,1293,528577,California
San Mateo,2021-05-28,3519,945439,2205,562046,1229,350324,85,33069,1309,83474,2170,446496,1393,529970,California
San Mateo,2021-05-29,3228,948667,2282,564328,895,351219,51,33120,1232,82788,1968,448464,1282,531252,California
San Mateo,2021-05-30,1629,950296,1100,565428,468,351687,61,33181,639,82508,980,449444,700,531952,California
San Mateo,2021-05-31,437,950733,274,565702,155,351842,8,33189,159,82399,276,449720,167,532119,California
San Mateo,2021-06-01,3341,954074,1976,567678,1269,353111,96,33285,956,81078,2372,452092,1051,533170,California
San Mateo,2021-06-02,2773,956847,1838,569516,857,353968,78,33363,1057,80511,1700,453792,1133,534303,California
San Mateo,2021-06-03,3815,960662,2997,572513,705,354673,113,33476,832,78483,2969,456761,941,535244,California
San Mateo,2021-06-04,4129,964791,3183,575696,851,355524,95,33571,1119,76694,2990,459751,1201,536445,California
San Mateo,2021-06-05,5143,969934,4493,580189,550,356074,100,33671,956,73595,4155,463906,1056,537501,California
San Mateo,2021-06-06,2500,972434,2062,582251,377,356451,61,33732,471,72115,2008,465914,528,538029,California
San Mateo,2021-06-07,3114,975548,2610,584861,424,356875,80,33812,700,70486,2407,468321,778,538807,California
San Mateo,2021-06-08,4073,979621,3444,588305,525,357400,104,33916,967,68487,3071,471392,1072,539879,California
San Mateo,2021-06-09,4142,983763,3568,591873,504,357904,70,33986,619,65664,3510,474902,687,540566,California
San Mateo,2021-06-10,2959,986722,2390,594263,453,358357,116,34102,751,64339,2192,477094,867,541433,California
San Mateo,2021-06-11,2847,989569,2285,596548,451,358808,111,34213,908,63430,1928,479022,1019,542452,California
San Mateo,2021-06-12,3140,992709,2799,599347,260,359068,81,34294,768,61922,2357,481379,849,543301,California
San Mateo,2021-06-13,1404,994113,1054,600401,287,359355,63,34357,346,61288,1043,482422,409,543710,California
San Mateo,2021-06-14,2424,996537,2095,602496,246,359601,83,34440,690,60358,1703,484125,773,544483,California
San Mateo,2021-06-15,2262,998799,1797,604293,345,359946,120,34560,682,59597,1562,485687,801,545284,California
San Mateo,2021-06-16,2442,1001241,2024,606317,261,360207,157,34717,702,58754,1697,487384,854,546138,California
San Mateo,2021-06-17,1944,1003185,1606,607923,250,360457,88,34805,688,58324,1206,488590,776,546914,California
San Mateo,2021-06-18,2128,1005313,1787,609710,263,360720,78,34883,618,57525,1491,490081,692,547606,California
San Mateo,2021-06-19,1780,1007093,1560,611270,160,360880,60,34943,587,57050,1121,491202,646,548252,California
San Mateo,2021-06-20,769,1007862,698,611968,60,360940,11,34954,286,56898,449,491651,297,548549,California
San Mateo,2021-06-21,1238,1009100,926,612894,239,361179,73,35027,599,56939,633,492284,674,549223,California
San Mateo,2021-06-22,1589,1010689,1286,614180,208,361387,95,35122,597,56655,975,493259,691,549914,California
San Mateo,2021-06-23,1839,1012528,1562,615742,175,361562,102,35224,617,56185,1189,494448,719,550633,California
San Mateo,2021-06-24,1419,1013947,1080,616822,239,361801,100,35324,496,55872,906,495354,593,551226,California
San Mateo,2021-06-25,1748,1015695,1466,618288,210,362011,72,35396,654,55514,1084,496438,726,551952,California
San Mateo,2021-06-26,1031,1016726,839,619127,135,362146,57,35453,422,55399,594,497032,479,552431,California
San Mateo,2021-06-27,406,1017132,304,619431,64,362210,38,35491,198,55428,207,497239,236,552667,California
Santa Barbara,2020-12-15,2,2,2,2,0,0,0,0,2,2,0,0,2,2,California
Santa Barbara,2020-12-16,2,4,2,4,0,0,0,0,2,4,0,0,2,4,California
Santa Barbara,2020-12-17,56,60,56,60,0,0,0,0,56,60,0,0,56,60,California
Santa Barbara,2020-12-18,382,442,381,441,1,1,0,0,382,442,0,0,382,442,California
Santa Barbara,2020-12-19,325,767,325,766,0,1,0,0,325,767,0,0,325,767,California
Santa Barbara,2020-12-20,236,1003,236,1002,0,1,0,0,236,1003,0,0,236,1003,California
Santa Barbara,2020-12-21,656,1659,654,1656,2,3,0,0,656,1659,0,0,656,1659,California
Santa Barbara,2020-12-22,247,1906,245,1901,2,5,0,0,247,1906,0,0,247,1906,California
Santa Barbara,2020-12-23,325,2231,207,2108,118,123,0,0,325,2231,0,0,325,2231,California
Santa Barbara,2020-12-24,88,2319,40,2148,48,171,0,0,88,2319,0,0,88,2319,California
Santa Barbara,2020-12-26,326,2645,66,2214,260,431,0,0,326,2645,0,0,326,2645,California
Santa Barbara,2020-12-27,62,2707,1,2215,61,492,0,0,62,2707,0,0,62,2707,California
Santa Barbara,2020-12-28,357,3064,224,2439,133,625,0,0,357,3064,0,0,357,3064,California
Santa Barbara,2020-12-29,561,3625,358,2797,203,828,0,0,561,3625,0,0,561,3625,California
Santa Barbara,2020-12-30,582,4207,399,3196,183,1011,0,0,582,4207,0,0,582,4207,California
Santa Barbara,2020-12-31,242,4449,114,3310,128,1139,0,0,242,4449,0,0,242,4449,California
Santa Barbara,2021-01-01,117,4566,111,3421,6,1145,0,0,117,4566,0,0,117,4566,California
Santa Barbara,2021-01-02,598,5164,232,3653,366,1511,0,0,598,5164,0,0,598,5164,California
Santa Barbara,2021-01-03,23,5187,15,3668,8,1519,0,0,23,5187,0,0,23,5187,California
Santa Barbara,2021-01-04,306,5493,243,3911,63,1582,0,0,305,5492,0,0,305,5492,California
Santa Barbara,2021-01-05,756,6249,380,4291,376,1958,0,0,728,6192,28,28,728,6220,California
Santa Barbara,2021-01-06,658,6907,276,4567,382,2340,0,0,597,6729,60,88,597,6817,California
Santa Barbara,2021-01-07,1032,7939,709,5276,323,2663,0,0,528,6757,500,588,528,7345,California
Santa Barbara,2021-01-08,1209,9148,849,6125,360,3023,0,0,714,6976,495,1083,714,8059,California
Santa Barbara,2021-01-09,565,9713,293,6418,272,3295,0,0,319,7049,246,1329,319,8378,California
Santa Barbara,2021-01-10,64,9777,51,6469,13,3308,0,0,47,7079,17,1346,47,8425,California
Santa Barbara,2021-01-11,846,10623,677,7146,169,3477,0,0,618,7470,227,1573,618,9043,California
Santa Barbara,2021-01-12,1445,12068,648,7794,797,4274,0,0,1285,8595,160,1733,1285,10328,California
Santa Barbara,2021-01-13,1222,13290,270,8064,952,5226,0,0,1095,9563,127,1860,1095,11423,California
Santa Barbara,2021-01-14,1258,14548,140,8204,1118,6344,0,0,1202,10711,55,1915,1203,12626,California
Santa Barbara,2021-01-15,1804,16352,421,8625,1383,7727,0,0,1721,12351,81,1996,1721,14347,California
Santa Barbara,2021-01-16,1279,17631,203,8828,1076,8803,0,0,1239,13551,39,2035,1239,15586,California
Santa Barbara,2021-01-17,126,17757,23,8851,103,8906,0,0,123,13671,3,2038,123,15709,California
Santa Barbara,2021-01-18,1153,18910,419,9270,734,9640,0,0,968,14454,185,2223,968,16677,California
Santa Barbara,2021-01-19,1643,20553,570,9840,1073,10713,0,0,1363,15540,277,2500,1363,18040,California
Santa Barbara,2021-01-20,2223,22776,655,10495,1568,12281,0,0,1802,16922,420,2920,1802,19842,California
Santa Barbara,2021-01-21,3202,25978,1920,12415,1282,13563,0,0,3042,19805,160,3080,3043,22885,California
Santa Barbara,2021-01-22,2950,28928,1793,14208,1157,14720,0,0,2778,22415,169,3249,2779,25664,California
Santa Barbara,2021-01-23,1735,30663,1104,15312,631,15351,0,0,1219,23119,515,3764,1219,26883,California
Santa Barbara,2021-01-24,847,31510,750,16062,97,15448,0,0,836,23945,10,3774,836,27719,California
Santa Barbara,2021-01-25,1239,32749,492,16554,747,16195,0,0,1003,24712,236,4010,1003,28722,California
Santa Barbara,2021-01-26,2052,34801,466,17020,1586,17781,0,0,1667,25996,383,4393,1667,30389,California
Santa Barbara,2021-01-27,1173,35974,402,17422,771,18552,0,0,911,26648,261,4654,913,31302,California
Santa Barbara,2021-01-28,899,36873,296,17718,603,19155,0,0,683,27119,212,4866,683,31985,California
Santa Barbara,2021-01-29,1350,38223,529,18247,821,19976,0,0,986,27747,360,5226,988,32973,California
Santa Barbara,2021-01-30,1907,40130,1419,19666,488,20464,0,0,1490,28823,414,5640,1490,34463,California
Santa Barbara,2021-01-31,1457,41587,1213,20879,244,20708,0,0,1418,30202,39,5679,1418,35881,California
Santa Barbara,2021-02-01,952,42539,526,21405,426,21134,0,0,553,30356,399,6078,553,36434,California
Santa Barbara,2021-02-02,1811,44350,683,22088,1128,22262,0,0,1042,30631,767,6845,1042,37476,California
Santa Barbara,2021-02-03,1963,46313,1084,23172,879,23141,0,0,1514,31706,439,7284,1514,38990,California
Santa Barbara,2021-02-04,2803,49116,1875,25047,928,24069,0,0,2502,33913,295,7579,2502,41492,California
Santa Barbara,2021-02-05,2926,52042,2078,27125,848,24917,0,0,2281,35552,642,8221,2281,43773,California
Santa Barbara,2021-02-06,1201,53243,338,27463,863,25780,0,0,791,35933,410,8631,791,44564,California
Santa Barbara,2021-02-07,311,53554,268,27731,43,25823,0,0,272,36168,37,8668,272,44836,California
Santa Barbara,2021-02-08,955,54509,311,28042,644,26467,0,0,665,36543,290,8958,665,45501,California
Santa Barbara,2021-02-09,2449,56958,315,28357,2134,28601,0,0,1122,36348,1317,10275,1122,46623,California
Santa Barbara,2021-02-10,2779,59737,1503,29860,1276,29877,0,0,747,35076,2020,12295,748,47371,California
Santa Barbara,2021-02-11,4209,63946,2819,32679,1390,31267,0,0,632,32143,3565,15860,632,48003,California
Santa Barbara,2021-02-12,3319,67265,949,33628,2370,33637,0,0,774,30380,2539,18399,776,48779,California
Santa Barbara,2021-02-13,1242,68507,344,33972,898,34535,0,0,565,30270,675,19074,565,49344,California
Santa Barbara,2021-02-14,335,68842,37,34009,298,34833,0,0,288,30512,47,19121,289,49633,California
Santa Barbara,2021-02-15,979,69821,345,34354,634,35467,0,0,498,30533,478,19599,499,50132,California
Santa Barbara,2021-02-16,2122,71943,405,34759,1717,37184,0,0,725,29865,1393,20992,725,50857,California
Santa Barbara,2021-02-17,1448,73391,326,35085,1122,38306,0,0,522,29468,922,21914,525,51382,California
Santa Barbara,2021-02-18,3273,76664,2666,37751,607,38913,0,0,1527,29287,1709,23623,1528,52910,California
Santa Barbara,2021-02-19,3601,80265,2643,40394,958,39871,0,0,2327,30344,1271,24894,2328,55238,California
Santa Barbara,2021-02-20,2268,82533,1474,41868,794,40665,0,0,1707,31501,551,25445,1708,56946,California
Santa Barbara,2021-02-21,138,82671,109,41977,29,40694,0,0,62,31489,74,25519,62,57008,California
Santa Barbara,2021-02-22,941,83612,249,42226,692,41386,0,0,274,31098,665,26184,274,57282,California
Santa Barbara,2021-02-23,3192,86804,1047,43273,2145,43531,0,0,425,28761,2763,28947,426,57708,California
Santa Barbara,2021-02-24,3221,90025,1100,44373,2121,45652,0,0,725,27000,2486,31433,725,58433,California
Santa Barbara,2021-02-25,3467,93492,1924,46297,1543,47195,0,0,992,25529,2467,33900,996,59429,California
Santa Barbara,2021-02-26,3683,97175,2182,48479,1501,48696,0,0,1984,25825,1689,35589,1985,61414,California
Santa Barbara,2021-02-27,1545,98720,566,49045,979,49675,0,0,862,26013,679,36268,867,62281,California
Santa Barbara,2021-02-28,1096,99816,223,49268,873,50548,0,0,896,26717,194,36462,898,63179,California
Santa Barbara,2021-03-01,1669,101485,488,49756,1179,51727,2,2,1107,27282,545,37007,1110,64289,California
Santa Barbara,2021-03-02,2671,104156,426,50182,2245,53972,0,2,2165,28956,493,37500,2167,66456,California
Santa Barbara,2021-03-03,4654,108810,2109,52291,2543,56515,2,4,4051,32422,592,38092,4058,70514,California
Santa Barbara,2021-03-04,3444,112254,2292,54583,1152,57667,0,4,2876,34741,559,38651,2878,73392,California
Santa Barbara,2021-03-05,3832,116086,2172,56755,1601,59268,59,63,3100,37174,727,39378,3160,76552,California
Santa Barbara,2021-03-06,2442,118528,732,57487,1491,60759,219,282,1675,38303,762,40140,1891,78443,California
Santa Barbara,2021-03-07,566,119094,123,57610,311,61070,132,414,383,38637,182,40322,516,78959,California
Santa Barbara,2021-03-08,1586,120680,383,57993,860,61930,343,757,800,39001,779,41101,1143,80102,California
Santa Barbara,2021-03-09,2801,123481,347,58340,1685,63615,769,1526,743,38456,2055,43156,1510,81612,California
Santa Barbara,2021-03-10,2774,126255,555,58895,1166,64781,1053,2579,1044,38827,1725,44881,2096,83708,California
Santa Barbara,2021-03-11,5596,131851,3038,61933,1442,66223,1116,3695,2286,38927,3295,48176,3395,87103,California
Santa Barbara,2021-03-12,3707,135558,2112,64045,1161,67384,434,4129,2182,40023,1517,49693,2613,89716,California
Santa Barbara,2021-03-13,3503,139061,1940,65985,1356,68740,207,4336,2697,42124,803,50496,2904,92620,California
Santa Barbara,2021-03-14,813,139874,395,66380,361,69101,57,4393,488,42347,324,50820,547,93167,California
Santa Barbara,2021-03-15,2122,141996,700,67080,1131,70232,291,4684,1274,43069,841,51661,1563,94730,California
Santa Barbara,2021-03-16,3737,145733,1185,68265,2209,72441,343,5027,2741,45163,991,52652,3085,97815,California
Santa Barbara,2021-03-17,3328,149061,980,69245,1944,74385,404,5431,2334,46906,991,53643,2734,100549,California
Santa Barbara,2021-03-18,5240,154301,2802,72047,2236,76621,202,5633,4011,49906,1213,54856,4213,104762,California
Santa Barbara,2021-03-19,4457,158758,2776,74823,1347,77968,334,5967,3060,51906,1393,56249,3393,108155,California
Santa Barbara,2021-03-20,2193,160951,841,75664,1335,79303,17,5984,1337,52409,853,57102,1356,109511,California
Santa Barbara,2021-03-21,1172,162123,385,76049,757,80060,30,6014,842,52955,327,57429,873,110384,California
Santa Barbara,2021-03-22,2788,164911,1922,77971,822,80882,44,6058,2223,54667,556,57985,2268,112652,California
Santa Barbara,2021-03-23,4469,169380,2254,80225,2114,82996,101,6159,3694,57696,765,58750,3794,116446,California
Santa Barbara,2021-03-24,5431,174811,3157,83382,1520,84516,754,6913,2974,58986,2433,61183,3723,120169,California
Santa Barbara,2021-03-25,5569,180380,3275,86657,2100,86616,194,7107,2785,59199,2766,63949,2979,123148,California
Santa Barbara,2021-03-26,5099,185479,3229,89886,1572,88188,298,7405,2243,58902,2839,66788,2542,125690,California
Santa Barbara,2021-03-27,2965,188444,1225,91111,1697,89885,43,7448,1623,59228,1338,68126,1664,127354,California
Santa Barbara,2021-03-28,2793,191237,1659,92770,1106,90991,28,7476,1903,60274,886,69012,1932,129286,California
Santa Barbara,2021-03-29,4046,195283,2087,94857,1889,92880,70,7546,3226,62754,816,69828,3296,132582,California
Santa Barbara,2021-03-30,6803,202086,3511,98368,3141,96021,151,7697,4532,65178,2256,72084,4680,137262,California
Santa Barbara,2021-03-31,8684,210770,5527,103895,3090,99111,67,7764,5032,66647,3630,75714,5099,142361,California
Santa Barbara,2021-04-01,7060,217830,5214,109109,1585,100696,261,8025,4174,68218,2863,78577,4434,146795,California
Santa Barbara,2021-04-02,6658,224488,4562,113671,1501,102197,595,8620,3423,69008,3227,81804,4017,150812,California
Santa Barbara,2021-04-03,3816,228304,2111,115782,1634,103831,71,8691,2517,70302,1292,83096,2586,153398,California
Santa Barbara,2021-04-04,904,229208,446,116228,417,104248,41,8732,500,70441,402,83498,541,153939,California
Santa Barbara,2021-04-05,3482,232690,2298,118526,925,105173,259,8991,2178,71583,1295,84793,2437,156376,California
Santa Barbara,2021-04-06,5495,238185,2838,121364,2116,107289,541,9532,3360,73363,2119,86912,3899,160275,California
Santa Barbara,2021-04-07,6027,244212,3290,124654,2194,109483,543,10075,4089,76065,1929,88841,4631,164906,California
Santa Barbara,2021-04-08,7429,251641,5048,129702,651,110134,1730,11805,3428,77226,3993,92834,5154,170060,California
Santa Barbara,2021-04-09,7343,258984,4886,134588,1095,111229,1362,13167,3308,77864,4025,96859,4663,174723,California
Santa Barbara,2021-04-10,6722,265706,4657,139245,1446,112675,619,13786,4571,80909,2142,99001,5187,179910,California
Santa Barbara,2021-04-11,2683,268389,1967,141212,413,113088,303,14089,1858,82245,819,99820,2155,182065,California
Santa Barbara,2021-04-12,4431,272820,2849,144061,1026,114114,556,14645,1917,82211,2506,102326,2472,184537,California
Santa Barbara,2021-04-13,6388,279208,4190,148251,2192,116306,6,14651,2663,81159,3720,106046,2668,187205,California
Santa Barbara,2021-04-14,6813,286021,4423,152674,2388,118694,2,14653,4242,82844,2560,108606,4245,191450,California
Santa Barbara,2021-04-15,7019,293040,4113,156787,2905,121599,1,14654,3808,83455,3199,111805,3810,195260,California
Santa Barbara,2021-04-16,6433,299473,3778,160565,2644,124243,11,14665,4427,85906,1986,113791,4437,199697,California
Santa Barbara,2021-04-17,5367,304840,3888,164453,1479,125722,0,14665,4132,88818,1220,115011,4132,203829,California
Santa Barbara,2021-04-18,2197,307037,1535,165988,662,126384,0,14665,389,87406,1802,116813,390,204219,California
Santa Barbara,2021-04-19,3279,310316,2262,168250,1011,127395,6,14671,1045,86232,2226,119039,1052,205271,California
Santa Barbara,2021-04-20,5978,316294,4003,172253,1974,129369,1,14672,1693,83656,4269,123308,1693,206964,California
Santa Barbara,2021-04-21,5567,321861,3682,175935,1885,131254,0,14672,1783,81675,3766,127074,1785,208749,California
Santa Barbara,2021-04-22,5135,326996,2590,178525,2544,133798,1,14673,1476,79513,3641,130715,1479,210228,California
Santa Barbara,2021-04-23,5629,332625,3899,182424,1730,135528,0,14673,1993,77885,3621,134336,1993,212221,California
Santa Barbara,2021-04-24,4427,337052,2873,185297,1549,137077,5,14678,1634,76751,2774,137110,1640,213861,California
Santa Barbara,2021-04-25,1843,338895,1183,186480,660,137737,0,14678,498,75913,1336,138446,498,214359,California
Santa Barbara,2021-04-26,3257,342152,1990,188470,1246,138983,21,14699,562,73809,2688,141134,584,214943,California
Santa Barbara,2021-04-27,3986,346138,2192,190662,1692,140675,102,14801,1175,72285,2801,143935,1277,216220,California
Santa Barbara,2021-04-28,4930,351068,2877,193539,1937,142612,116,14917,1401,70294,3512,147447,1521,217741,California
Santa Barbara,2021-04-29,5276,356344,3818,197357,1231,143843,227,15144,1436,68132,3823,151270,1661,219402,California
Santa Barbara,2021-04-30,4967,361311,3712,201069,1091,144934,164,15308,1409,66164,3540,154810,1572,220974,California
Santa Barbara,2021-05-01,5254,366565,4056,205125,1164,146098,34,15342,894,62750,4344,159154,930,221904,California
Santa Barbara,2021-05-02,1134,367699,668,205793,338,146436,128,15470,307,62359,826,159980,435,222339,California
Santa Barbara,2021-05-03,2203,369902,1476,207269,589,147025,138,15608,441,61180,1755,161735,576,222915,California
Santa Barbara,2021-05-04,3318,373220,1692,208961,1554,148579,72,15680,1150,60247,2154,163889,1221,224136,California
Santa Barbara,2021-05-05,5456,378676,3684,212645,1625,150204,147,15827,633,56220,4809,168698,782,224918,California
Santa Barbara,2021-05-06,5079,383755,3930,216575,1045,151249,104,15931,969,53199,4094,172792,1073,225991,California
Santa Barbara,2021-05-07,4663,388418,3645,220220,838,152087,180,16111,997,50722,3651,176443,1174,227165,California
Santa Barbara,2021-05-08,4307,392725,3193,223413,1016,153103,98,16209,908,48343,3386,179829,1007,228172,California
Santa Barbara,2021-05-09,700,393425,110,223523,550,153653,40,16249,462,48609,237,180066,503,228675,California
Santa Barbara,2021-05-10,1361,394786,658,224181,619,154272,84,16333,376,48085,983,181049,459,229134,California
Santa Barbara,2021-05-11,1935,396721,839,225020,800,155072,296,16629,444,47341,1481,182530,737,229871,California
Santa Barbara,2021-05-12,2078,398799,741,225761,1113,156185,224,16853,522,46543,1544,184074,746,230617,California
Santa Barbara,2021-05-13,3892,402691,2789,228550,907,157092,196,17049,1235,45329,2645,186719,1431,232048,California
Santa Barbara,2021-05-14,4152,406843,2527,231077,1531,158623,94,17143,1616,44517,2521,189240,1709,233757,California
Santa Barbara,2021-05-15,3524,410367,2563,233640,942,159565,19,17162,1843,44711,1669,190909,1863,235620,California
Santa Barbara,2021-05-16,1137,411504,521,234161,501,160066,115,17277,528,44751,603,191512,643,236263,California
Santa Barbara,2021-05-17,1642,413146,936,235097,643,160709,63,17340,863,44903,773,192285,925,237188,California
Santa Barbara,2021-05-18,1856,415002,1159,236256,601,161310,96,17436,973,45106,867,193152,1070,238258,California
Santa Barbara,2021-05-19,1770,416772,975,237231,754,162064,41,17477,806,44997,955,194107,846,239104,California
Santa Barbara,2021-05-20,1749,418521,950,238181,680,162744,119,17596,877,45134,860,194967,997,240101,California
Santa Barbara,2021-05-21,3462,421983,2342,240523,1066,163810,54,17650,1257,44256,2190,197157,1312,241413,California
Santa Barbara,2021-05-22,2468,424451,1705,242228,719,164529,44,17694,1396,44633,1064,198221,1441,242854,California
Santa Barbara,2021-05-23,762,425213,337,242565,395,164924,30,17724,412,44726,349,198570,442,243296,California
Santa Barbara,2021-05-24,1010,426223,590,243155,357,165281,63,17787,487,44758,518,199088,550,243846,California
Santa Barbara,2021-05-25,1405,427628,568,243723,768,166049,69,17856,461,44350,938,200026,530,244376,California
Santa Barbara,2021-05-26,3012,430640,1710,245433,1180,167229,122,17978,839,43152,2158,202184,960,245336,California
Santa Barbara,2021-05-27,1949,432589,1207,246640,600,167829,142,18120,822,42997,1120,203304,965,246301,California
Santa Barbara,2021-05-28,1504,434093,697,247337,655,168484,152,18272,614,42876,887,204191,766,247067,California
Santa Barbara,2021-05-29,902,434995,318,247655,547,169031,37,18309,362,42738,537,204728,399,247466,California
Santa Barbara,2021-05-30,499,435494,179,247834,222,169253,98,18407,184,42706,313,205041,281,247747,California
Santa Barbara,2021-05-31,96,435590,43,247877,43,169296,10,18417,23,42666,72,205113,32,247779,California
Santa Barbara,2021-06-01,1134,436724,592,248469,483,169779,59,18476,442,42481,686,205799,501,248280,California
Santa Barbara,2021-06-02,983,437707,585,249054,315,170094,83,18559,427,42438,552,206351,509,248789,California
Santa Barbara,2021-06-03,2055,439762,1545,250599,453,170547,57,18616,614,41673,1433,207784,668,249457,California
Santa Barbara,2021-06-04,1456,441218,669,251268,647,171194,140,18756,487,41336,960,208744,623,250080,California
Santa Barbara,2021-06-05,2924,444142,2212,253480,660,171854,52,18808,493,39460,2420,211164,544,250624,California
Santa Barbara,2021-06-06,911,445053,480,253960,412,172266,19,18827,226,39023,682,211846,245,250869,California
Santa Barbara,2021-06-07,1165,446218,832,254792,282,172548,51,18878,298,38508,864,212710,349,251218,California
Santa Barbara,2021-06-08,1114,447332,714,255506,368,172916,32,18910,293,38017,815,213525,324,251542,California
Santa Barbara,2021-06-09,1018,448350,693,256199,240,173156,85,18995,314,37715,701,214226,399,251941,California
Santa Barbara,2021-06-10,2385,450735,2071,258270,243,173399,71,19066,521,36446,1861,216087,592,252533,California
Santa Barbara,2021-06-11,1310,452045,606,258876,600,173999,104,19170,392,36031,911,216998,496,253029,California
Santa Barbara,2021-06-12,891,452936,601,259477,267,174266,23,19193,236,35642,647,217645,258,253287,California
Santa Barbara,2021-06-13,483,453419,295,259772,91,174357,97,19290,125,35508,356,218001,222,253509,California
Santa Barbara,2021-06-14,1254,454673,856,260628,322,174679,76,19366,335,35008,911,218912,411,253920,California
Santa Barbara,2021-06-15,1144,455817,754,261382,355,175034,35,19401,396,34698,741,219653,431,254351,California
Santa Barbara,2021-06-16,931,456748,646,262028,238,175272,47,19448,352,34522,573,220226,397,254748,California
Santa Barbara,2021-06-17,1873,458621,1542,263570,242,175514,89,19537,621,33984,1248,221474,710,255458,California
Santa Barbara,2021-06-18,1107,459728,713,264283,295,175809,99,19636,361,33702,742,222216,460,255918,California
Santa Barbara,2021-06-19,540,460268,363,264646,145,175954,32,19668,250,33697,287,222503,282,256200,California
Santa Barbara,2021-06-20,369,460637,211,264857,148,176102,10,19678,153,33644,215,222718,162,256362,California
Santa Barbara,2021-06-21,528,461165,264,265121,211,176313,53,19731,275,33724,248,222966,328,256690,California
Santa Barbara,2021-06-22,765,461930,494,265615,240,176553,31,19762,299,33591,462,223428,329,257019,California
Santa Barbara,2021-06-23,778,462708,563,266178,183,176736,32,19794,333,33515,440,223868,364,257383,California
Santa Barbara,2021-06-24,1355,464063,1147,267325,150,176886,58,19852,580,33383,768,224636,636,258019,California
Santa Barbara,2021-06-25,910,464973,604,267929,253,177139,53,19905,439,33406,468,225104,491,258510,California
Santa Barbara,2021-06-26,475,465448,326,268255,121,177260,28,19933,182,33323,293,225397,210,258720,California
Santa Barbara,2021-06-27,340,465788,222,268477,66,177326,52,19985,163,33365,173,225570,215,258935,California
Santa Clara,2020-12-15,71,71,71,71,0,0,0,0,71,71,0,0,71,71,California
Santa Clara,2020-12-16,151,222,151,222,0,0,0,0,151,222,0,0,151,222,California
Santa Clara,2020-12-17,406,628,406,628,0,0,0,0,406,628,0,0,406,628,California
Santa Clara,2020-12-18,1754,2382,1754,2382,0,0,0,0,1754,2382,0,0,1754,2382,California
Santa Clara,2020-12-19,2074,4456,2074,4456,0,0,0,0,2073,4455,0,0,2073,4455,California
Santa Clara,2020-12-20,1900,6356,1899,6355,1,1,0,0,1897,6352,0,0,1897,6352,California
Santa Clara,2020-12-21,2678,9034,2678,9033,0,1,0,0,2676,9027,1,1,2676,9028,California
Santa Clara,2020-12-22,3124,12158,3117,12150,7,8,0,0,3119,12144,2,3,3119,12147,California
Santa Clara,2020-12-23,3272,15430,3083,15233,189,197,0,0,3269,15412,1,4,3269,15416,California
Santa Clara,2020-12-24,1888,17318,1697,16930,191,388,0,0,1882,17292,2,6,1882,17298,California
Santa Clara,2020-12-25,346,17664,345,17275,1,389,0,0,346,17638,0,6,346,17644,California
Santa Clara,2020-12-26,1273,18937,1038,18313,235,624,0,0,1272,18910,0,6,1272,18916,California
Santa Clara,2020-12-27,657,19594,514,18827,143,767,0,0,657,19567,0,6,657,19573,California
Santa Clara,2020-12-28,2349,21943,1740,20567,609,1376,0,0,2349,21916,0,6,2349,21922,California
Santa Clara,2020-12-29,2372,24315,1507,22074,865,2241,0,0,2370,24286,0,6,2370,24292,California
Santa Clara,2020-12-30,2995,27310,1895,23969,1100,3341,0,0,2992,27275,3,9,2992,27284,California
Santa Clara,2020-12-31,1233,28543,397,24366,836,4177,0,0,1232,28506,1,10,1232,28516,California
Santa Clara,2021-01-01,148,28691,14,24380,134,4311,0,0,147,28652,1,11,147,28663,California
Santa Clara,2021-01-02,1094,29785,820,25200,274,4585,0,0,1094,29746,0,11,1094,29757,California
Santa Clara,2021-01-03,588,30373,371,25571,217,4802,0,0,583,30326,3,14,583,30340,California
Santa Clara,2021-01-04,2482,32855,1679,27250,803,5605,0,0,2479,32805,0,14,2479,32819,California
Santa Clara,2021-01-05,3095,35950,2029,29279,1066,6671,0,0,2904,35525,190,204,2910,35729,California
Santa Clara,2021-01-06,3363,39313,1991,31270,1372,8043,0,0,2755,37679,603,807,2757,38486,California
Santa Clara,2021-01-07,4234,43547,2573,33843,1661,9704,0,0,3147,39756,1076,1883,3153,41639,California
Santa Clara,2021-01-08,5882,49429,3851,37694,2031,11735,0,0,3767,41416,2107,3990,3767,45406,California
Santa Clara,2021-01-09,3035,52464,1916,39610,1119,12854,0,0,1713,41813,1319,5309,1716,47122,California
Santa Clara,2021-01-10,1970,54434,1520,41130,450,13304,0,0,752,41349,1216,6525,752,47874,California
Santa Clara,2021-01-11,5992,60426,3786,44916,2206,15510,0,0,3399,42163,2590,9115,3404,51278,California
Santa Clara,2021-01-12,6909,67335,3504,48420,3405,18915,0,0,4569,44408,2325,11440,4570,55848,California
Santa Clara,2021-01-13,7474,74809,3139,51559,4335,23250,0,0,5220,47381,2250,13690,5223,61071,California
Santa Clara,2021-01-14,8311,83120,2867,54426,5444,28694,0,0,6510,52101,1792,15482,6512,67583,California
Santa Clara,2021-01-15,9560,92680,2767,57193,6793,35487,0,0,8159,58868,1397,16879,8164,75747,California
Santa Clara,2021-01-16,4354,97034,1255,58448,3099,38586,0,0,3496,61510,854,17733,3496,79243,California
Santa Clara,2021-01-17,3240,100274,615,59063,2625,41211,0,0,2731,63735,506,18239,2731,81974,California
Santa Clara,2021-01-18,5121,105395,1176,60239,3945,45156,0,0,4558,67731,563,18802,4559,86533,California
Santa Clara,2021-01-19,8519,113914,2702,62941,5817,50973,0,0,6819,72857,1696,20498,6822,93355,California
Santa Clara,2021-01-20,8449,122363,4451,67392,3998,54971,0,0,6880,78173,1564,22062,6880,100235,California
Santa Clara,2021-01-21,8911,131274,3944,71336,4967,59938,0,0,7630,84529,1276,23338,7632,107867,California
Santa Clara,2021-01-22,8730,140004,3306,74642,5424,65362,0,0,8151,92108,575,23913,8154,116021,California
Santa Clara,2021-01-23,3806,143810,1685,76327,2121,67483,0,0,2839,93981,967,24880,2840,118861,California
Santa Clara,2021-01-24,2851,146661,1431,77758,1420,68903,0,0,2356,95846,491,25371,2356,121217,California
Santa Clara,2021-01-25,8405,155066,3805,81563,4600,73503,0,0,6320,100091,2077,27448,6322,127539,California
Santa Clara,2021-01-26,8327,163393,3792,85355,4535,78038,0,0,6175,104127,2142,29590,6178,133717,California
Santa Clara,2021-01-27,8818,172211,3887,89242,4931,82969,0,0,6874,109079,1923,31513,6875,140592,California
Santa Clara,2021-01-28,9543,181754,3827,93069,5716,88685,0,0,7550,114662,1972,33485,7555,148147,California
Santa Clara,2021-01-29,9613,191367,3971,97040,5642,94327,0,0,7411,119884,2190,35675,7412,155559,California
Santa Clara,2021-01-30,4211,195578,2092,99132,2119,96446,0,0,2988,121659,1214,36889,2989,158548,California
Santa Clara,2021-01-31,2201,197779,1321,100453,880,97326,0,0,1596,122657,598,37487,1596,160144,California
Santa Clara,2021-02-01,7883,205662,3517,103970,4366,101692,0,0,6171,127128,1702,39189,6173,166317,California
Santa Clara,2021-02-02,8657,214319,2901,106871,5756,107448,0,0,6621,131723,2029,41218,6624,172941,California
Santa Clara,2021-02-03,9279,223598,3505,110376,5774,113222,0,0,6973,136403,2299,43517,6979,179920,California
Santa Clara,2021-02-04,11028,234626,4173,114549,6855,120077,0,0,8712,142812,2307,45824,8716,188636,California
Santa Clara,2021-02-05,11988,246614,4379,118928,7609,127686,0,0,8507,147855,3465,49289,8508,197144,California
Santa Clara,2021-02-06,5223,251837,2839,121767,2384,130070,0,0,4041,150721,1177,50466,4043,201187,California
Santa Clara,2021-02-07,3486,255323,2356,124123,1130,131200,0,0,3029,153296,455,50921,3030,204217,California
Santa Clara,2021-02-08,10071,265394,3524,127647,6547,137747,0,0,7332,157902,2727,53648,7333,211550,California
Santa Clara,2021-02-09,11225,276619,3834,131481,7391,145138,0,0,7696,162088,3514,57162,7700,219250,California
Santa Clara,2021-02-10,12770,289389,4956,136437,7814,152952,0,0,6620,162578,6134,63296,6624,225874,California
Santa Clara,2021-02-11,13638,303027,4773,141210,8865,161817,0,0,7650,164260,5970,69266,7652,233526,California
Santa Clara,2021-02-12,14680,317707,4534,145744,10146,171963,0,0,6984,163574,7672,76938,6986,240512,California
Santa Clara,2021-02-13,6151,323858,1491,147235,4660,176623,0,0,2239,161911,3904,80842,2241,242753,California
Santa Clara,2021-02-14,4647,328505,1155,148390,3492,180115,0,0,1476,160221,3168,84010,1478,244231,California
Santa Clara,2021-02-15,6310,334815,2821,151211,3489,183604,0,0,2726,159371,3577,87587,2727,246958,California
Santa Clara,2021-02-16,13879,348694,4022,155233,9857,193461,0,0,6963,159436,6900,94487,6965,253923,California
Santa Clara,2021-02-17,14138,362832,5537,160770,8601,202062,0,0,7041,159405,7078,101565,7047,260970,California
Santa Clara,2021-02-18,14287,377119,8416,169186,5871,207933,0,0,7270,159704,6975,108540,7274,268244,California
Santa Clara,2021-02-19,14961,392080,9611,178797,5350,213283,0,0,8696,162159,6248,114788,8703,276947,California
Santa Clara,2021-02-20,6984,399064,5220,184017,1764,215047,0,0,3756,162698,3218,118006,3757,280704,California
Santa Clara,2021-02-21,3402,402466,2528,186545,874,215921,0,0,1261,161829,2132,120138,1263,281967,California
Santa Clara,2021-02-22,10373,412839,6198,192743,4175,220096,0,0,4823,161116,5538,125676,4825,286792,California
Santa Clara,2021-02-23,12049,424888,7792,200535,4257,224353,0,0,6808,162703,5225,130901,6812,293604,California
Santa Clara,2021-02-24,14302,439190,9232,209767,5070,229423,0,0,8836,166091,5448,136349,8836,302440,California
Santa Clara,2021-02-25,15055,454245,9596,219363,5459,234882,0,0,8190,167449,6839,143188,8197,310637,California
Santa Clara,2021-02-26,14996,469241,8691,228054,6305,241187,0,0,8167,168823,6800,149988,8174,318811,California
Santa Clara,2021-02-27,8302,477543,5723,233777,2578,243765,1,1,4628,169795,3664,153652,4636,323447,California
Santa Clara,2021-02-28,5377,482920,3674,237451,1703,245468,0,1,2667,169766,2697,156349,2668,326115,California
Santa Clara,2021-03-01,14539,497459,8361,245812,6172,251640,6,7,9003,173259,5516,161865,9009,335124,California
Santa Clara,2021-03-02,16138,513597,9556,255368,6581,258221,1,8,10289,177728,5823,167688,10292,345416,California
Santa Clara,2021-03-03,18671,532268,9244,264612,9423,267644,4,12,11613,182329,7020,174708,11621,357037,California
Santa Clara,2021-03-04,16562,548830,9013,273625,7546,275190,3,15,9640,185139,6836,181544,9646,366683,California
Santa Clara,2021-03-05,16631,565461,9255,282880,7250,282440,126,141,9229,187121,7379,188923,9361,376044,California
Santa Clara,2021-03-06,9441,574902,6315,289195,2675,285115,451,592,7079,192303,2350,191273,7532,383576,California
Santa Clara,2021-03-07,6827,581729,4473,293668,2107,287222,247,839,5436,196601,1382,192655,5680,389256,California
Santa Clara,2021-03-08,12926,594655,6740,300408,5614,292836,572,1411,8288,200840,4620,197275,8859,398115,California
Santa Clara,2021-03-09,15314,609969,6526,306934,7459,300295,1329,2740,6900,200670,8393,205668,8223,406338,California
Santa Clara,2021-03-10,15200,625169,6626,313560,6458,306753,2116,4856,6241,200071,8928,214596,8329,414667,California
Santa Clara,2021-03-11,17140,642309,7790,321350,7844,314597,1506,6362,6079,196612,11027,225623,7568,422235,California
Santa Clara,2021-03-12,17744,660053,9124,330474,7050,321647,1570,7932,5956,192372,11742,237365,7502,429737,California
Santa Clara,2021-03-13,10865,670918,6298,336772,3064,324711,1503,9435,4841,192690,6002,243367,6320,436057,California
Santa Clara,2021-03-14,6540,677458,3400,340172,1833,326544,1307,10742,3172,193807,3349,246716,4466,440523,California
Santa Clara,2021-03-15,12846,690304,6561,346733,6007,332551,278,11020,5964,193193,6856,253572,6242,446765,California
Santa Clara,2021-03-16,18331,708635,10357,357090,7766,340317,208,11228,8890,192876,9413,262985,9096,455861,California
Santa Clara,2021-03-17,20104,728739,11431,368521,8505,348822,168,11396,10383,193754,9668,272653,10546,466407,California
Santa Clara,2021-03-18,19313,748052,9067,377588,9087,357909,1159,12555,9140,193923,10118,282771,10287,476694,California
Santa Clara,2021-03-19,19540,767592,10081,387669,8454,366363,1005,13560,10036,195513,9440,292211,11030,487724,California
Santa Clara,2021-03-20,11598,779190,6397,394066,4369,370732,832,14392,6744,198263,4824,297035,7574,495298,California
Santa Clara,2021-03-21,8362,787552,3837,397903,3131,373863,1394,15786,5350,201995,2996,300031,6728,502026,California
Santa Clara,2021-03-22,16541,804093,9219,407122,6969,380832,353,16139,9184,204199,7329,307360,9533,511559,California
Santa Clara,2021-03-23,19482,823575,12369,419491,6587,387419,526,16665,11287,207866,8142,315502,11809,523368,California
Santa Clara,2021-03-24,22802,846377,14634,434125,7750,395169,418,17083,14701,214930,8056,323558,15120,538488,California
Santa Clara,2021-03-25,23087,869464,13203,447328,8891,404060,993,18076,14854,222596,8165,331723,15831,554319,California
Santa Clara,2021-03-26,22108,891572,14052,461380,7667,411727,389,18465,13618,228145,8451,340174,14000,568319,California
Santa Clara,2021-03-27,15764,907336,10489,471869,4505,416232,770,19235,8467,230128,7249,347423,9232,577551,California
Santa Clara,2021-03-28,12079,919415,8372,480241,2989,419221,718,19953,6483,231754,5568,352991,7194,584745,California
Santa Clara,2021-03-29,20688,940103,12631,492872,7333,426554,724,20677,11206,234240,9437,362428,11923,596668,California
Santa Clara,2021-03-30,25774,965877,15279,508151,8543,435097,1952,22629,16226,242899,9503,371931,18162,614830,California
Santa Clara,2021-03-31,20619,986496,11926,520077,7557,442654,1136,23765,12632,248711,7940,379871,13752,628582,California
Santa Clara,2021-04-01,32011,1018507,19882,539959,9042,451696,3087,26852,20232,260290,11704,391575,23283,651865,California
Santa Clara,2021-04-02,25364,1043871,14388,554347,8791,460487,2185,29037,16575,270291,8743,400318,18744,670609,California
Santa Clara,2021-04-03,15373,1059244,9315,563662,3522,464009,2536,31573,8505,274468,6846,407164,11023,681632,California
Santa Clara,2021-04-04,7653,1066897,4045,567707,2435,466444,1173,32746,3968,275922,3673,410837,5127,686759,California
Santa Clara,2021-04-05,21964,1088861,14605,582312,4886,471330,2473,35219,14363,285173,7572,418409,16823,703582,California
Santa Clara,2021-04-06,29761,1118622,16355,598667,7909,479239,5497,40716,17824,296576,11886,430295,23289,726871,California
Santa Clara,2021-04-07,31032,1149654,16010,614677,8506,487745,6516,47232,18926,309933,12046,442341,25403,752274,California
Santa Clara,2021-04-08,30150,1179804,16447,631124,6062,493807,7641,54873,16408,320272,13663,456004,24002,776276,California
Santa Clara,2021-04-09,28237,1208041,13983,645107,6954,500761,7300,62173,14416,328188,13752,469756,21668,797944,California
Santa Clara,2021-04-10,21596,1229637,12472,657579,3808,504569,5316,67489,11550,334992,10008,479764,16812,814756,California
Santa Clara,2021-04-11,16098,1245735,9650,667229,2663,507232,3785,71274,8330,339348,7733,487497,12089,826845,California
Santa Clara,2021-04-12,27135,1272870,19072,686301,5592,512824,2471,73745,18467,351666,8607,496104,20925,847770,California
Santa Clara,2021-04-13,34669,1307539,27254,713555,7385,520209,30,73775,26699,370523,7895,503999,26752,874522,California
Santa Clara,2021-04-14,37209,1344748,28200,741755,9006,529215,3,73778,26384,386197,10752,514751,26426,900948,California
Santa Clara,2021-04-15,44666,1389414,34566,776321,10095,539310,5,73783,34341,410364,10206,524957,34373,935321,California
Santa Clara,2021-04-16,38830,1428244,26576,802897,12251,551561,3,73786,27759,427163,10989,535946,27788,963109,California
Santa Clara,2021-04-17,22293,1450537,15227,818124,7064,558625,2,73788,15295,435545,6935,542881,15317,978426,California
Santa Clara,2021-04-18,16913,1467450,11112,829236,5801,564426,0,73788,10579,439836,6301,549182,10592,989018,California
Santa Clara,2021-04-19,29151,1496601,21035,850271,8115,572541,1,73789,17405,445609,11669,560851,17442,1006460,California
Santa Clara,2021-04-20,37928,1534529,23295,873566,14631,587172,2,73791,23084,454010,14725,575576,23126,1029586,California
Santa Clara,2021-04-21,38052,1572581,22458,896024,15592,602764,2,73793,24916,465942,13028,588604,24960,1054546,California
Santa Clara,2021-04-22,37898,1610479,25404,921428,12493,615257,1,73794,17862,463948,19934,608538,17940,1072486,California
Santa Clara,2021-04-23,32744,1643223,20124,941552,12619,627876,1,73795,15332,462036,17306,625844,15394,1087880,California
Santa Clara,2021-04-24,21204,1664427,15483,957035,5720,633596,1,73796,12045,465029,9084,634928,12077,1099957,California
Santa Clara,2021-04-25,13601,1678028,9833,966868,3762,637358,6,73802,8682,468866,4876,639804,8713,1108670,California
Santa Clara,2021-04-26,25481,1703509,19674,986542,5748,643106,59,73861,10603,464777,14779,654583,10690,1119360,California
Santa Clara,2021-04-27,27972,1731481,19942,1006484,7643,650749,387,74248,12200,461739,15679,670262,12641,1132001,California
Santa Clara,2021-04-28,26554,1758035,19768,1026252,6348,657097,438,74686,11267,458318,15200,685462,11779,1143780,California
Santa Clara,2021-04-29,24501,1782536,17982,1044234,6120,663217,399,75085,9213,452808,15205,700667,9695,1153475,California
Santa Clara,2021-04-30,23666,1806202,16327,1060561,6970,670187,369,75454,10122,449943,13448,714115,10583,1164058,California
Santa Clara,2021-05-01,17494,1823696,14502,1075063,2733,672920,259,75713,5502,443808,11939,726054,5804,1169862,California
Santa Clara,2021-05-02,11298,1834994,9374,1084437,1691,674611,233,75946,3488,439784,7766,733820,3742,1173604,California
Santa Clara,2021-05-03,22867,1857861,19371,1103808,3066,677677,430,76376,5136,427742,17653,751473,5611,1179215,California
Santa Clara,2021-05-04,31138,1888999,24467,1128275,6128,683805,543,76919,5557,408420,25471,776944,6149,1185364,California
Santa Clara,2021-05-05,32767,1921766,25017,1153292,7205,691010,545,77464,5535,387396,27132,804076,6108,1191472,California
Santa Clara,2021-05-06,35941,1957707,30012,1183304,5459,696469,470,77934,4790,361663,31016,835092,5283,1196755,California
Santa Clara,2021-05-07,32896,1990603,26484,1209788,5923,702392,489,78423,4703,338845,28059,863151,5241,1201996,California
Santa Clara,2021-05-08,17198,2007801,14103,1223891,2671,705063,424,78847,3742,329662,13365,876516,4182,1206178,California
Santa Clara,2021-05-09,10565,2018366,9194,1233085,1185,706248,186,79033,2333,324000,8194,884710,2532,1208710,California
Santa Clara,2021-05-10,21127,2039493,16964,1250049,3760,710008,403,79436,2711,308802,18333,903043,3135,1211845,California
Santa Clara,2021-05-11,22874,2062367,17313,1267362,5116,715124,445,79881,4139,294748,18644,921687,4590,1216435,California
Santa Clara,2021-05-12,21529,2083896,15865,1283227,5142,720266,522,80403,4283,282411,17149,938836,4812,1221247,California
Santa Clara,2021-05-13,28298,2112194,22932,1306159,5064,725330,302,80705,11245,277000,16966,955802,11555,1232802,California
Santa Clara,2021-05-14,27845,2140039,19460,1325619,7998,733328,387,81092,9562,268774,18188,973990,9962,1242764,California
Santa Clara,2021-05-15,20981,2161020,16875,1342494,3825,737153,281,81373,8128,264424,12767,986757,8417,1251181,California
Santa Clara,2021-05-16,16407,2177427,13415,1355909,2816,739969,176,81549,5358,258996,10965,997722,5537,1256718,California
Santa Clara,2021-05-17,20394,2197821,16047,1371956,3982,743951,365,81914,6832,252710,13485,1011207,7199,1263917,California
Santa Clara,2021-05-18,26149,2223970,16718,1388674,9016,752967,415,82329,7145,241406,18865,1030072,7561,1271478,California
Santa Clara,2021-05-19,24585,2248555,14379,1403053,9783,762750,423,82752,7283,231930,17189,1047261,7713,1279191,California
Santa Clara,2021-05-20,18510,2267065,12179,1415232,5881,768631,450,83202,6084,226123,12337,1059598,6530,1285721,California
Santa Clara,2021-05-21,22314,2289379,14832,1430064,6985,775616,497,83699,7368,219166,14836,1074434,7879,1293600,California
Santa Clara,2021-05-22,12912,2302291,9776,1439840,2785,778401,351,84050,5630,217935,7217,1081651,5986,1299586,California
Santa Clara,2021-05-23,8359,2310650,6217,1446057,1940,780341,202,84252,3336,216499,4976,1086627,3540,1303126,California
Santa Clara,2021-05-24,10890,2321540,7855,1453912,2586,782927,449,84701,3771,213664,7056,1093683,4221,1307347,California
Santa Clara,2021-05-25,11482,2333022,7949,1461861,3114,786041,419,85120,4397,211469,7009,1100692,4814,1312161,California
Santa Clara,2021-05-26,10421,2343443,6761,1468622,3323,789364,337,85457,3957,209400,6357,1107049,4288,1316449,California
Santa Clara,2021-05-27,9399,2352842,6000,1474622,2926,792290,473,85930,3506,207548,5825,1112874,3973,1320422,California
Santa Clara,2021-05-28,10875,2363717,7052,1481674,3396,795686,427,86357,4427,206022,6382,1119256,4856,1325278,California
Santa Clara,2021-05-29,6337,2370054,4321,1485995,1736,797422,280,86637,2700,205404,3594,1122850,2976,1328254,California
Santa Clara,2021-05-30,3816,2373870,2861,1488856,746,798168,209,86846,1792,205409,1995,1124845,2000,1330254,California
Santa Clara,2021-05-31,1098,2374968,629,1489485,360,798528,109,86955,439,205305,652,1125497,548,1330802,California
Santa Clara,2021-06-01,9076,2384044,6378,1495863,2316,800844,382,87337,3014,202715,5985,1131482,3395,1334197,California
Santa Clara,2021-06-02,7686,2391730,5521,1501384,1814,802658,351,87688,2895,201217,4735,1136217,3237,1337434,California
Santa Clara,2021-06-03,12222,2403952,10113,1511497,1740,804398,369,88057,2631,194687,9533,1145750,3003,1340437,California
Santa Clara,2021-06-04,13589,2417541,11374,1522871,1899,806297,316,88373,3290,188050,10236,1155986,3599,1344036,California
Santa Clara,2021-06-05,10446,2427987,8981,1531852,1205,807502,260,88633,2193,182299,8202,1164188,2451,1346487,California
Santa Clara,2021-06-06,6888,2434875,6138,1537990,596,808098,154,88787,1329,178276,5505,1169693,1482,1347969,California
Santa Clara,2021-06-07,9885,2444760,8332,1546322,1308,809406,245,89032,2286,173243,7561,1177254,2528,1350497,California
Santa Clara,2021-06-08,9144,2453904,7466,1553788,1407,810813,271,89303,2450,169325,6636,1183890,2718,1353215,California
Santa Clara,2021-06-09,9503,2463407,7934,1561722,1317,812130,252,89555,2267,164665,7174,1191064,2514,1355729,California
Santa Clara,2021-06-10,8316,2471723,6904,1568626,1087,813217,325,89880,2250,161224,6014,1197078,2573,1358302,California
Santa Clara,2021-06-11,10204,2481927,8665,1577291,1260,814477,279,90159,2511,156373,7641,1204719,2790,1361092,California
Santa Clara,2021-06-12,7172,2489099,5973,1583264,1033,815510,166,90325,1708,152829,5418,1210137,1874,1362966,California
Santa Clara,2021-06-13,3724,2492823,3009,1586273,604,816114,111,90436,862,150962,2840,1212977,973,1363939,California
Santa Clara,2021-06-14,5943,2498766,4810,1591083,909,817023,224,90660,1934,149144,3976,1216953,2158,1366097,California
Santa Clara,2021-06-15,7351,2506117,5957,1597040,1094,818117,300,90960,2075,146294,5227,1222180,2377,1368474,California
Santa Clara,2021-06-16,6347,2512464,5134,1602174,903,819020,310,91270,2087,144479,4213,1226393,2398,1370872,California
Santa Clara,2021-06-17,5355,2517819,4337,1606511,773,819793,245,91515,1837,143110,3447,1229840,2078,1372950,California
Santa Clara,2021-06-18,5433,2523252,4383,1610894,879,820672,171,91686,1790,141509,3561,1233401,1960,1374910,California
Santa Clara,2021-06-19,4518,2527770,3614,1614508,702,821374,202,91888,1286,139801,3196,1236597,1488,1376398,California
Santa Clara,2021-06-20,2139,2529909,1756,1616264,319,821693,64,91952,683,139108,1440,1238037,747,1377145,California
Santa Clara,2021-06-21,3675,2533584,2761,1619025,686,822379,228,92180,1794,139281,1848,1239885,2021,1379166,California
Santa Clara,2021-06-22,5043,2538627,4016,1623041,805,823184,222,92402,1694,137884,3311,1243196,1914,1381080,California
Santa Clara,2021-06-23,4460,2543087,3499,1626540,756,823940,205,92607,1593,136847,2833,1246029,1796,1382876,California
Santa Clara,2021-06-24,4283,2547370,3313,1629853,772,824712,198,92805,1578,135970,2653,1248682,1776,1384652,California
Santa Clara,2021-06-25,5413,2552783,4413,1634266,789,825501,211,93016,1847,134510,3514,1252196,2054,1386706,California
Santa Clara,2021-06-26,3258,2556041,2524,1636790,604,826105,130,93146,1130,133675,2093,1254289,1258,1387964,California
Santa Clara,2021-06-27,1482,2557523,1079,1637869,322,826427,81,93227,484,133248,990,1255279,563,1388527,California
Santa Cruz,2020-12-15,2,2,2,2,0,0,0,0,2,2,0,0,2,2,California
Santa Cruz,2020-12-16,57,59,57,59,0,0,0,0,57,59,0,0,57,59,California
Santa Cruz,2020-12-17,389,448,389,448,0,0,0,0,389,448,0,0,389,448,California
Santa Cruz,2020-12-18,466,914,466,914,0,0,0,0,466,914,0,0,466,914,California
Santa Cruz,2020-12-19,182,1096,181,1095,1,1,0,0,182,1096,0,0,182,1096,California
Santa Cruz,2020-12-20,92,1188,92,1187,0,1,0,0,92,1188,0,0,92,1188,California
Santa Cruz,2020-12-21,437,1625,436,1623,1,2,0,0,437,1625,0,0,437,1625,California
Santa Cruz,2020-12-22,424,2049,423,2046,1,3,0,0,424,2049,0,0,424,2049,California
Santa Cruz,2020-12-23,369,2418,325,2371,44,47,0,0,369,2418,0,0,369,2418,California
Santa Cruz,2020-12-24,125,2543,49,2420,76,123,0,0,125,2543,0,0,125,2543,California
Santa Cruz,2020-12-25,10,2553,10,2430,0,123,0,0,10,2553,0,0,10,2553,California
Santa Cruz,2020-12-26,65,2618,46,2476,19,142,0,0,65,2618,0,0,65,2618,California
Santa Cruz,2020-12-27,32,2650,27,2503,5,147,0,0,32,2650,0,0,32,2650,California
Santa Cruz,2020-12-28,483,3133,108,2611,375,522,0,0,483,3133,0,0,483,3133,California
Santa Cruz,2020-12-29,797,3930,369,2980,428,950,0,0,797,3930,0,0,797,3930,California
Santa Cruz,2020-12-30,357,4287,165,3145,192,1142,0,0,357,4287,0,0,357,4287,California
Santa Cruz,2020-12-31,312,4599,11,3156,301,1443,0,0,312,4599,0,0,312,4599,California
Santa Cruz,2021-01-01,33,4632,1,3157,32,1475,0,0,33,4632,0,0,33,4632,California
Santa Cruz,2021-01-02,69,4701,55,3212,14,1489,0,0,69,4701,0,0,69,4701,California
Santa Cruz,2021-01-03,15,4716,7,3219,8,1497,0,0,15,4716,0,0,15,4716,California
Santa Cruz,2021-01-04,281,4997,123,3342,158,1655,0,0,279,4995,0,0,279,4995,California
Santa Cruz,2021-01-05,570,5567,434,3776,136,1791,0,0,268,4961,302,302,268,5263,California
Santa Cruz,2021-01-06,801,6368,669,4445,132,1923,0,0,463,5087,337,639,463,5726,California
Santa Cruz,2021-01-07,537,6905,210,4655,327,2250,0,0,384,5319,153,792,385,6111,California
Santa Cruz,2021-01-08,941,7846,566,5221,375,2625,0,0,492,5363,449,1241,493,6604,California
Santa Cruz,2021-01-09,466,8312,125,5346,341,2966,0,0,410,5717,56,1297,410,7014,California
Santa Cruz,2021-01-10,79,8391,70,5416,9,2975,0,0,20,5678,59,1356,20,7034,California
Santa Cruz,2021-01-11,728,9119,592,6008,136,3111,0,0,193,5337,535,1891,194,7228,California
Santa Cruz,2021-01-12,733,9852,530,6538,203,3314,0,0,490,5584,243,2134,490,7718,California
Santa Cruz,2021-01-13,532,10384,234,6772,298,3612,0,0,445,5945,84,2218,445,8163,California
Santa Cruz,2021-01-14,563,10947,104,6876,459,4071,0,0,496,6374,67,2285,496,8659,California
Santa Cruz,2021-01-15,1465,12412,79,6955,1386,5457,0,0,1399,7710,65,2350,1401,10060,California
Santa Cruz,2021-01-16,424,12836,53,7008,371,5828,0,0,405,8096,19,2369,405,10465,California
Santa Cruz,2021-01-17,297,13133,41,7049,256,6084,0,0,272,8343,25,2394,272,10737,California
Santa Cruz,2021-01-18,1015,14148,104,7153,911,6995,0,0,953,9234,62,2456,953,11690,California
Santa Cruz,2021-01-19,1630,15778,527,7680,1103,8098,0,0,1276,10159,352,2808,1277,12967,California
Santa Cruz,2021-01-20,1254,17032,185,7865,1069,9167,0,0,1053,11014,198,3006,1053,14020,California
Santa Cruz,2021-01-21,1752,18784,226,8091,1526,10693,0,0,1644,12552,108,3114,1646,15666,California
Santa Cruz,2021-01-22,1808,20592,526,8617,1282,11975,0,0,1705,14158,100,3214,1706,17372,California
Santa Cruz,2021-01-23,404,20996,148,8765,256,12231,0,0,345,14445,58,3272,345,17717,California
Santa Cruz,2021-01-24,113,21109,20,8785,93,12324,0,0,96,14524,17,3289,96,17813,California
Santa Cruz,2021-01-25,1069,22178,364,9149,705,13029,0,0,558,14571,511,3800,558,18371,California
Santa Cruz,2021-01-26,1701,23879,252,9401,1449,14478,0,0,1187,15244,514,4314,1187,19558,California
Santa Cruz,2021-01-27,1684,25563,460,9861,1224,15702,0,0,1294,16150,388,4702,1294,20852,California
Santa Cruz,2021-01-28,1773,27336,295,10156,1478,17180,0,0,1495,17368,278,4980,1496,22348,California
Santa Cruz,2021-01-29,1754,29090,493,10649,1261,18441,0,0,1620,18855,133,5113,1620,23968,California
Santa Cruz,2021-01-30,1078,30168,310,10959,768,19209,0,0,942,19661,136,5249,942,24910,California
Santa Cruz,2021-01-31,223,30391,111,11070,112,19321,0,0,209,19856,14,5263,209,25119,California
Santa Cruz,2021-02-01,1232,31623,756,11826,476,19797,0,0,825,20274,407,5670,825,25944,California
Santa Cruz,2021-02-02,1021,32644,131,11957,890,20687,0,0,865,20985,154,5824,865,26809,California
Santa Cruz,2021-02-03,2250,34894,965,12922,1285,21972,0,0,1934,22607,312,6136,1934,28743,California
Santa Cruz,2021-02-04,1864,36758,772,13694,1092,23064,0,0,1521,23786,342,6478,1521,30264,California
Santa Cruz,2021-02-05,3173,39931,791,14485,2382,25446,0,0,2851,26316,321,6799,2851,33115,California
Santa Cruz,2021-02-06,2587,42518,161,14646,2426,27872,0,0,2242,28213,345,7144,2242,35357,California
Santa Cruz,2021-02-07,919,43437,124,14770,795,28667,0,0,901,29096,18,7162,901,36258,California
Santa Cruz,2021-02-08,719,44156,202,14972,517,29184,0,0,518,29414,200,7362,518,36776,California
Santa Cruz,2021-02-09,2374,46530,1056,16028,1318,30502,0,0,2108,31256,266,7628,2108,38884,California
Santa Cruz,2021-02-10,2220,48750,578,16606,1642,32144,0,0,1513,32074,696,8324,1514,40398,California
Santa Cruz,2021-02-11,1867,50617,319,16925,1548,33692,0,0,1311,32831,554,8878,1311,41709,California
Santa Cruz,2021-02-12,3251,53868,423,17348,2828,36520,0,0,1828,33248,1414,10292,1831,43540,California
Santa Cruz,2021-02-13,1723,55591,124,17472,1599,38119,0,0,1310,34145,413,10705,1310,44850,California
Santa Cruz,2021-02-14,1408,56999,68,17540,1340,39459,0,0,1146,35029,262,10967,1146,45996,California
Santa Cruz,2021-02-15,1587,58586,285,17825,1302,40761,0,0,569,34581,1018,11985,570,46566,California
Santa Cruz,2021-02-16,1714,60300,215,18040,1499,42260,0,0,541,33971,1151,13136,541,47107,California
Santa Cruz,2021-02-17,2939,63239,984,19024,1955,44215,0,0,1223,33494,1703,14839,1226,48333,California
Santa Cruz,2021-02-18,2904,66143,644,19668,2260,46475,0,0,1235,33064,1665,16504,1235,49568,California
Santa Cruz,2021-02-19,3296,69439,1158,20826,2138,48613,0,0,2021,33813,1272,17776,2021,51589,California
Santa Cruz,2021-02-20,2410,71849,1515,22341,895,49508,0,0,1903,35210,507,18283,1904,53493,California
Santa Cruz,2021-02-21,847,72696,376,22717,471,49979,0,0,716,35797,129,18412,716,54209,California
Santa Cruz,2021-02-22,1271,73967,978,23695,293,50272,0,0,540,35608,729,19141,540,54749,California
Santa Cruz,2021-02-23,2101,76068,939,24634,1162,51434,0,0,712,34932,1388,20529,712,55461,California
Santa Cruz,2021-02-24,3205,79273,1672,26306,1533,52967,0,0,1213,34158,1987,22516,1213,56674,California
Santa Cruz,2021-02-25,3283,82556,1450,27756,1833,54800,0,0,1810,34506,1464,23980,1812,58486,California
Santa Cruz,2021-02-26,2759,85315,773,28529,1986,56786,0,0,1571,34896,1183,25163,1573,60059,California
Santa Cruz,2021-02-27,2663,87978,940,29469,1723,58509,0,0,1856,35947,805,25968,1856,61915,California
Santa Cruz,2021-02-28,1316,89294,375,29844,941,59450,0,0,1089,36812,224,26192,1089,63004,California
Santa Cruz,2021-03-01,1918,91212,1262,31106,656,60106,0,0,732,36360,1184,27376,732,63736,California
Santa Cruz,2021-03-02,1570,92782,376,31482,1194,61300,0,0,891,36576,678,28054,894,64630,California
Santa Cruz,2021-03-03,2383,95165,648,32130,1735,63035,0,0,1309,36814,1071,29125,1309,65939,California
Santa Cruz,2021-03-04,3023,98188,1421,33551,1601,64636,1,1,2030,37864,982,30107,2032,67971,California
Santa Cruz,2021-03-05,2650,100838,503,34054,2129,66765,18,19,1160,37555,1487,31594,1178,69149,California
Santa Cruz,2021-03-06,3883,104721,1351,35405,2427,69192,105,124,2168,38112,1715,33309,2272,71421,California
Santa Cruz,2021-03-07,1351,106072,129,35534,1149,70341,73,197,561,37958,788,34097,634,72055,California
Santa Cruz,2021-03-08,1103,107175,225,35759,746,71087,132,329,663,38311,440,34537,793,72848,California
Santa Cruz,2021-03-09,1819,108994,274,36033,1393,72480,152,481,722,38091,1094,35631,874,73722,California
Santa Cruz,2021-03-10,3906,112900,2103,38136,1653,74133,150,631,2012,38362,1892,37523,2163,75885,California
Santa Cruz,2021-03-11,2841,115741,1231,39367,1435,75568,175,806,1562,38824,1278,38801,1740,77625,California
Santa Cruz,2021-03-12,2803,118544,895,40262,1612,77180,296,1102,926,38171,1873,40674,1220,78845,California
Santa Cruz,2021-03-13,2354,120898,1351,41613,959,78139,44,1146,1190,38245,1161,41835,1235,80080,California
Santa Cruz,2021-03-14,914,121812,219,41832,682,78821,13,1159,438,38221,474,42309,450,80530,California
Santa Cruz,2021-03-15,1375,123187,483,42315,855,79676,37,1196,588,38064,783,43092,626,81156,California
Santa Cruz,2021-03-16,2390,125577,1147,43462,1199,80875,44,1240,1387,38495,998,44090,1429,82585,California
Santa Cruz,2021-03-17,4083,129660,2427,45889,1645,82520,11,1251,2703,39838,1373,45463,2716,85301,California
Santa Cruz,2021-03-18,3959,133619,2135,48024,1704,84224,120,1371,2137,40276,1819,47282,2257,87558,California
Santa Cruz,2021-03-19,3477,137096,1379,49403,1872,86096,226,1597,1831,40692,1641,48923,2057,89615,California
Santa Cruz,2021-03-20,2249,139345,1650,51053,532,86628,67,1664,1102,40715,1146,50069,1169,90784,California
Santa Cruz,2021-03-21,884,140229,477,51530,279,86907,128,1792,472,40907,409,50478,601,91385,California
Santa Cruz,2021-03-22,1452,141681,889,52419,540,87447,23,1815,1011,41505,437,50915,1035,92420,California
Santa Cruz,2021-03-23,2641,144322,1487,53906,1103,88550,51,1866,1766,42450,872,51787,1817,94237,California
Santa Cruz,2021-03-24,3159,147481,2139,56045,999,89549,21,1887,2101,43519,1052,52839,2121,96358,California
Santa Cruz,2021-03-25,2688,150169,1350,57395,1301,90850,37,1924,1363,43601,1318,54157,1400,97758,California
Santa Cruz,2021-03-26,3179,153348,1841,59236,1310,92160,28,1952,2161,44778,1011,55168,2188,99946,California
Santa Cruz,2021-03-27,3259,156607,2027,61263,1205,93365,27,1979,1516,44590,1732,56900,1544,101490,California
Santa Cruz,2021-03-28,943,157550,584,61847,345,93710,14,1993,496,44657,443,57343,510,102000,California
Santa Cruz,2021-03-29,2028,159578,899,62746,1061,94771,68,2061,1284,45269,740,58083,1352,103352,California
Santa Cruz,2021-03-30,2755,162333,829,63575,1762,96533,164,2225,1743,46166,1009,59092,1906,105258,California
Santa Cruz,2021-03-31,4220,166553,2853,66428,1317,97850,50,2275,2224,46449,1991,61083,2274,107532,California
Santa Cruz,2021-04-01,4099,170652,2189,68617,1801,99651,109,2384,2082,46630,2010,63093,2191,109723,California
Santa Cruz,2021-04-02,3332,173984,1438,70055,1713,101364,181,2565,1906,47295,1422,64515,2087,111810,California
Santa Cruz,2021-04-03,2283,176267,1245,71300,901,102265,137,2702,891,46932,1390,65905,1027,112837,California
Santa Cruz,2021-04-04,945,177212,494,71794,395,102660,56,2758,553,47148,392,66297,608,113445,California
Santa Cruz,2021-04-05,2292,179504,803,72597,1321,103981,168,2926,1417,47860,874,67171,1586,115031,California
Santa Cruz,2021-04-06,3444,182948,1679,74276,1382,105363,383,3309,1989,48782,1444,68615,2366,117397,California
Santa Cruz,2021-04-07,4228,187176,1672,75948,2185,107548,371,3680,1823,48573,2402,71017,2193,119590,California
Santa Cruz,2021-04-08,4335,191511,2378,78326,1430,108978,527,4207,2555,49882,1771,72788,3080,122670,California
Santa Cruz,2021-04-09,3762,195273,1531,79857,1821,110799,410,4617,2115,50768,1640,74428,2526,125196,California
Santa Cruz,2021-04-10,2303,197576,1106,80963,937,111736,260,4877,1088,50903,1211,75639,1346,126542,California
Santa Cruz,2021-04-11,1017,198593,535,81498,387,112123,95,4972,496,50972,521,76160,590,127132,California
Santa Cruz,2021-04-12,2351,200944,841,82339,1084,113207,426,5398,1124,51309,1213,77373,1550,128682,California
Santa Cruz,2021-04-13,2981,203925,1484,83823,1495,114702,2,5400,1675,51689,1297,78670,1677,130359,California
Santa Cruz,2021-04-14,4784,208709,2306,86129,2478,117180,0,5400,2310,51537,2464,81134,2312,132671,California
Santa Cruz,2021-04-15,5140,213849,3258,89387,1882,119062,0,5400,3214,52841,1912,83046,3216,135887,California
Santa Cruz,2021-04-16,4638,218487,2571,91958,2065,121127,2,5402,2507,53230,2122,85168,2511,138398,California
Santa Cruz,2021-04-17,2294,220781,919,92877,1375,122502,0,5402,1509,53957,782,85950,1509,139907,California
Santa Cruz,2021-04-18,1109,221890,552,93429,556,123058,1,5403,606,54064,500,86450,607,140514,California
Santa Cruz,2021-04-19,2615,224505,1541,94970,1073,124131,1,5404,1621,54694,991,87441,1621,142135,California
Santa Cruz,2021-04-20,3304,227809,1771,96741,1533,125664,0,5404,1870,55142,1422,88863,1870,144005,California
Santa Cruz,2021-04-21,4447,232256,2989,99730,1458,127122,0,5404,2408,55531,2020,90883,2409,146414,California
Santa Cruz,2021-04-22,4409,236665,2988,102718,1421,128543,0,5404,2465,56063,1934,92817,2466,148880,California
Santa Cruz,2021-04-23,3265,239930,1782,104500,1482,130025,1,5405,1416,55641,1839,94656,1417,150297,California
Santa Cruz,2021-04-24,2270,242200,1092,105592,1175,131200,3,5408,697,54779,1562,96218,700,150997,California
Santa Cruz,2021-04-25,1101,243301,707,106299,381,131581,13,5421,457,54612,635,96853,468,151465,California
Santa Cruz,2021-04-26,2169,245470,1078,107377,1074,132655,17,5438,908,54289,1249,98102,926,152391,California
Santa Cruz,2021-04-27,3045,248515,1007,108384,1956,134611,82,5520,1522,54378,1515,99617,1604,153995,California
Santa Cruz,2021-04-28,3541,252056,1978,110362,1486,136097,77,5597,1870,54664,1658,101275,1944,155939,California
Santa Cruz,2021-04-29,3838,255894,2564,112926,1211,137308,63,5660,1358,53618,2470,103745,1424,157363,California
Santa Cruz,2021-04-30,2419,258313,1229,114155,1147,138455,43,5703,1024,53299,1387,105132,1068,158431,California
Santa Cruz,2021-05-01,1322,259635,1050,115205,239,138694,33,5736,608,53231,710,105842,642,159073,California
Santa Cruz,2021-05-02,659,260294,466,115671,167,138861,26,5762,216,53031,443,106285,243,159316,California
Santa Cruz,2021-05-03,1942,262236,1004,116675,871,139732,67,5829,659,52486,1272,107557,727,160043,California
Santa Cruz,2021-05-04,2760,264996,1619,118294,1070,140802,71,5900,886,51570,1871,109428,955,160998,California
Santa Cruz,2021-05-05,2839,267835,1433,119727,1326,142128,80,5980,753,50365,2043,111471,838,161836,California
Santa Cruz,2021-05-06,3936,271771,2516,122243,1199,143327,221,6201,893,48451,3025,114496,1111,162947,California
Santa Cruz,2021-05-07,2816,274587,1304,123547,1429,144756,83,6284,440,46606,2370,116866,525,163472,California
Santa Cruz,2021-05-08,1439,276026,753,124300,658,145414,28,6312,399,45995,1040,117906,429,163901,California
Santa Cruz,2021-05-09,537,276563,341,124641,173,145587,23,6335,160,45803,375,118281,183,164084,California
Santa Cruz,2021-05-10,2124,278687,1283,125924,775,146362,66,6401,413,44580,1702,119983,479,164563,California
Santa Cruz,2021-05-11,2439,281126,1390,127314,961,147323,88,6489,653,43539,1781,121764,740,165303,California
Santa Cruz,2021-05-12,3264,284390,1427,128741,1756,149079,81,6570,577,41521,2677,124441,659,165962,California
Santa Cruz,2021-05-13,3979,288369,2701,131442,1184,150263,94,6664,1428,40499,2546,126987,1524,167486,California
Santa Cruz,2021-05-14,3078,291447,1709,133151,1329,151592,40,6704,1208,39888,1862,128849,1251,168737,California
Santa Cruz,2021-05-15,2301,293748,1332,134483,957,152549,12,6716,1116,39834,1182,130031,1128,169865,California
Santa Cruz,2021-05-16,811,294559,436,134919,353,152902,22,6738,254,39555,556,130587,277,170142,California
Santa Cruz,2021-05-17,1582,296141,827,135746,684,153586,71,6809,556,39157,1025,131612,627,170769,California
Santa Cruz,2021-05-18,2381,298522,1475,137221,882,154468,24,6833,1152,39111,1222,132834,1176,171945,California
Santa Cruz,2021-05-19,3160,301682,1904,139125,1219,155687,37,6870,1332,38662,1818,134652,1369,173314,California
Santa Cruz,2021-05-20,3461,305143,2489,141614,824,156511,148,7018,1615,38584,1841,136493,1763,175077,California
Santa Cruz,2021-05-21,1797,306940,926,142540,781,157292,90,7108,614,38111,1177,137670,704,175781,California
Santa Cruz,2021-05-22,1748,308688,1354,143894,383,157675,11,7119,613,37605,1131,138801,625,176406,California
Santa Cruz,2021-05-23,489,309177,276,144170,194,157869,19,7138,154,37447,331,139132,173,176579,California
Santa Cruz,2021-05-24,1208,310385,702,144872,427,158296,79,7217,315,36956,885,140017,394,176973,California
Santa Cruz,2021-05-25,2311,312696,1326,146198,940,159236,45,7262,483,35803,1681,141698,528,177501,California
Santa Cruz,2021-05-26,1784,314480,842,147040,897,160133,45,7307,490,35060,1278,142976,535,178036,California
Santa Cruz,2021-05-27,1353,315833,740,147780,508,160641,105,7412,460,34739,886,143862,565,178601,California
Santa Cruz,2021-05-28,866,316699,389,148169,447,161088,30,7442,378,34669,479,144341,409,179010,California
Santa Cruz,2021-05-29,596,317295,337,148506,247,161335,12,7454,318,34723,276,144617,330,179340,California
Santa Cruz,2021-05-30,247,317542,124,148630,109,161444,14,7468,95,34682,149,144766,108,179448,California
Santa Cruz,2021-05-31,146,317688,64,148694,81,161525,1,7469,45,34628,100,144866,46,179494,California
Santa Cruz,2021-06-01,970,318658,601,149295,356,161881,13,7482,353,34378,615,145481,365,179859,California
Santa Cruz,2021-06-02,933,319591,552,149847,339,162220,42,7524,354,34200,574,146055,396,180255,California
Santa Cruz,2021-06-03,2318,321909,1560,151407,720,162940,38,7562,542,33014,1766,147821,580,180835,California
Santa Cruz,2021-06-04,1081,322990,745,152152,301,163241,35,7597,251,32478,823,148644,287,181122,California
Santa Cruz,2021-06-05,1084,324074,884,153036,195,163436,5,7602,190,31783,890,149534,195,181317,California
Santa Cruz,2021-06-06,416,324490,307,153343,92,163528,17,7619,112,31611,301,149835,129,181446,California
Santa Cruz,2021-06-07,867,325357,646,153989,190,163718,31,7650,231,31238,635,150470,262,181708,California
Santa Cruz,2021-06-08,1526,326883,1227,155216,274,163992,25,7675,318,30379,1203,151673,344,182052,California
Santa Cruz,2021-06-09,1476,328359,1162,156378,297,164289,17,7692,292,29512,1177,152850,310,182362,California
Santa Cruz,2021-06-10,2023,330382,1664,158042,287,164576,72,7764,363,28289,1655,154505,432,182794,California
Santa Cruz,2021-06-11,841,331223,524,158566,282,164858,35,7799,292,28071,543,155048,325,183119,California
Santa Cruz,2021-06-12,980,332203,862,159428,112,164970,6,7805,170,27440,807,155855,176,183295,California
Santa Cruz,2021-06-13,206,332409,138,159566,46,165016,22,7827,32,27320,174,156029,54,183349,California
Santa Cruz,2021-06-14,583,332992,383,159949,164,165180,36,7863,171,27117,409,156438,206,183555,California
Santa Cruz,2021-06-15,976,333968,726,160675,227,165407,23,7886,347,26862,626,157064,371,183926,California
Santa Cruz,2021-06-16,848,334816,630,161305,183,165590,35,7921,275,26602,569,157633,309,184235,California
Santa Cruz,2021-06-17,825,335641,643,161948,143,165733,39,7960,306,26430,516,158149,344,184579,California
Santa Cruz,2021-06-18,660,336301,404,162352,225,165958,31,7991,297,26399,359,158508,328,184907,California
Santa Cruz,2021-06-19,339,336640,268,162620,64,166022,7,7998,120,26310,216,158724,127,185034,California
Santa Cruz,2021-06-20,162,336802,116,162736,28,166050,18,8016,68,26302,94,158818,86,185120,California
Santa Cruz,2021-06-21,369,337171,263,162999,85,166135,21,8037,190,26334,177,158995,209,185329,California
Santa Cruz,2021-06-22,703,337874,503,163502,170,166305,30,8067,271,26205,431,159426,302,185631,California
Santa Cruz,2021-06-23,411,338285,293,163795,108,166413,10,8077,199,26206,206,159632,207,185838,California
Santa Cruz,2021-06-24,532,338817,381,164176,108,166521,43,8120,212,26142,318,159950,254,186092,California
Santa Cruz,2021-06-25,482,339299,313,164489,149,166670,20,8140,220,26124,258,160208,240,186332,California
Santa Cruz,2021-06-26,220,339519,149,164638,62,166732,9,8149,92,26098,127,160335,101,186433,California
Santa Cruz,2021-06-27,143,339662,96,164734,19,166751,28,8177,45,26073,98,160433,73,186506,California
Shasta,2020-12-16,131,131,131,131,0,0,0,0,131,131,0,0,131,131,California
Shasta,2020-12-17,421,552,421,552,0,0,0,0,421,552,0,0,421,552,California
Shasta,2020-12-18,166,718,166,718,0,0,0,0,166,718,0,0,166,718,California
Shasta,2020-12-19,1,719,1,719,0,0,0,0,1,719,0,0,1,719,California
Shasta,2020-12-21,79,798,79,798,0,0,0,0,79,798,0,0,79,798,California
Shasta,2020-12-22,193,991,188,986,5,5,0,0,193,991,0,0,193,991,California
Shasta,2020-12-23,173,1164,169,1155,4,9,0,0,173,1164,0,0,173,1164,California
Shasta,2020-12-24,19,1183,19,1174,0,9,0,0,19,1183,0,0,19,1183,California
Shasta,2020-12-26,4,1187,1,1175,3,12,0,0,4,1187,0,0,4,1187,California
Shasta,2020-12-27,1,1188,0,1175,1,13,0,0,1,1188,0,0,1,1188,California
Shasta,2020-12-28,40,1228,31,1206,9,22,0,0,40,1228,0,0,40,1228,California
Shasta,2020-12-29,186,1414,185,1391,1,23,0,0,186,1414,0,0,186,1414,California
Shasta,2020-12-30,177,1591,167,1558,10,33,0,0,177,1591,0,0,177,1591,California
Shasta,2020-12-31,83,1674,2,1560,81,114,0,0,83,1674,0,0,83,1674,California
Shasta,2021-01-02,2,1676,0,1560,2,116,0,0,2,1676,0,0,2,1676,California
Shasta,2021-01-03,1,1677,1,1561,0,116,0,0,1,1677,0,0,1,1677,California
Shasta,2021-01-04,373,2050,307,1868,66,182,0,0,374,2051,0,0,374,2051,California
Shasta,2021-01-05,338,2388,315,2183,23,205,0,0,256,2225,82,82,256,2307,California
Shasta,2021-01-06,466,2854,395,2578,71,276,0,0,203,2166,262,344,203,2510,California
Shasta,2021-01-07,125,2979,37,2615,88,364,0,0,103,2247,22,366,103,2613,California
Shasta,2021-01-08,524,3503,447,3062,77,441,0,0,316,2355,208,574,316,2929,California
Shasta,2021-01-09,73,3576,64,3126,9,450,0,0,71,2424,2,576,71,3000,California
Shasta,2021-01-10,5,3581,0,3126,5,455,0,0,3,2427,2,578,5,3005,California
Shasta,2021-01-11,409,3990,186,3312,223,678,0,0,373,2764,36,614,373,3378,California
Shasta,2021-01-12,490,4480,332,3644,158,836,0,0,314,2903,176,790,315,3693,California
Shasta,2021-01-13,604,5084,270,3914,334,1170,0,0,432,3164,171,961,432,4125,California
Shasta,2021-01-14,503,5587,52,3966,451,1621,0,0,485,3631,18,979,485,4610,California
Shasta,2021-01-15,689,6276,135,4101,554,2175,0,0,687,4316,2,981,687,5297,California
Shasta,2021-01-16,897,7173,53,4154,844,3019,0,0,894,5207,3,984,894,6191,California
Shasta,2021-01-17,27,7200,6,4160,21,3040,0,0,23,5226,4,988,23,6214,California
Shasta,2021-01-18,598,7798,129,4289,469,3509,0,0,590,5808,8,996,590,6804,California
Shasta,2021-01-19,1064,8862,401,4690,663,4172,0,0,916,6576,148,1144,916,7720,California
Shasta,2021-01-20,757,9619,489,5179,268,4440,0,0,572,6968,180,1324,572,8292,California
Shasta,2021-01-21,689,10308,335,5514,354,4794,0,0,666,7611,23,1347,666,8958,California
Shasta,2021-01-22,451,10759,177,5691,274,5068,0,0,445,8050,6,1353,445,9403,California
Shasta,2021-01-23,68,10827,5,5696,63,5131,0,0,67,8116,1,1354,67,9470,California
Shasta,2021-01-24,26,10853,3,5699,23,5154,0,0,25,8140,1,1355,25,9495,California
Shasta,2021-01-25,747,11600,488,6187,259,5413,0,0,459,8312,287,1642,459,9954,California
Shasta,2021-01-26,713,12313,333,6520,380,5793,0,0,479,8559,232,1874,479,10433,California
Shasta,2021-01-27,463,12776,181,6701,282,6075,0,0,413,8923,49,1923,413,10846,California
Shasta,2021-01-28,892,13668,579,7280,313,6388,0,0,670,9371,222,2145,670,11516,California
Shasta,2021-01-29,833,14501,329,7609,504,6892,0,0,644,9827,189,2334,645,12161,California
Shasta,2021-01-30,615,15116,14,7623,601,7493,0,0,605,10422,10,2344,605,12766,California
Shasta,2021-01-31,27,15143,4,7627,23,7516,0,0,25,10445,2,2346,25,12791,California
Shasta,2021-02-01,533,15676,149,7776,384,7900,0,0,387,10686,146,2492,387,13178,California
Shasta,2021-02-02,992,16668,501,8277,491,8391,0,0,899,11494,91,2583,899,14077,California
Shasta,2021-02-03,725,17393,213,8490,512,8903,0,0,490,11749,235,2818,490,14567,California
Shasta,2021-02-04,1103,18496,676,9166,427,9330,0,0,909,12465,193,3011,909,15476,California
Shasta,2021-02-05,1264,19760,167,9333,1097,10427,0,0,1056,13314,207,3218,1056,16532,California
Shasta,2021-02-06,1745,21505,41,9374,1704,12131,0,0,1722,15013,23,3241,1722,18254,California
Shasta,2021-02-07,25,21530,3,9377,22,12153,0,0,23,15034,2,3243,23,18277,California
Shasta,2021-02-08,601,22131,169,9546,432,12585,0,0,309,15051,292,3535,309,18586,California
Shasta,2021-02-09,1130,23261,658,10204,472,13057,0,0,708,15338,422,3957,709,19295,California
Shasta,2021-02-10,1126,24387,787,10991,339,13396,0,0,546,15304,580,4537,546,19841,California
Shasta,2021-02-11,894,25281,187,11178,707,14103,0,0,316,15047,573,5110,316,20157,California
Shasta,2021-02-12,1798,27079,1214,12392,584,14687,0,0,1240,15729,558,5668,1240,21397,California
Shasta,2021-02-13,1382,28461,374,12766,1008,15695,0,0,569,15485,814,6482,570,21967,California
Shasta,2021-02-14,149,28610,5,12771,144,15839,0,0,124,15584,25,6507,124,22091,California
Shasta,2021-02-15,380,28990,92,12863,288,16127,0,0,211,15626,169,6676,211,22302,California
Shasta,2021-02-16,1202,30192,523,13386,679,16806,0,0,427,15279,774,7450,427,22729,California
Shasta,2021-02-17,1036,31228,437,13823,599,17405,0,0,411,15065,625,8075,411,23140,California
Shasta,2021-02-18,954,32182,471,14294,483,17888,0,0,460,15032,494,8569,461,23601,California
Shasta,2021-02-19,1337,33519,946,15240,391,18279,0,0,870,15435,467,9036,870,24471,California
Shasta,2021-02-20,802,34321,91,15331,711,18990,0,0,304,15241,498,9534,304,24775,California
Shasta,2021-02-21,32,34353,3,15334,29,19019,0,0,10,15229,22,9556,10,24785,California
Shasta,2021-02-22,433,34786,79,15413,354,19373,0,0,181,15159,251,9807,181,24966,California
Shasta,2021-02-23,912,35698,471,15884,441,19814,0,0,328,14903,584,10391,328,25294,California
Shasta,2021-02-24,892,36590,509,16393,383,20197,0,0,274,14560,617,11008,274,25568,California
Shasta,2021-02-25,519,37109,163,16556,356,20553,0,0,163,14368,355,11363,163,25731,California
Shasta,2021-02-26,797,37906,98,16654,699,21252,0,0,337,14246,459,11822,337,26068,California
Shasta,2021-02-27,829,38735,27,16681,802,22054,0,0,189,13798,637,12459,189,26257,California
Shasta,2021-02-28,176,38911,4,16685,172,22226,0,0,127,13876,49,12508,127,26384,California
Shasta,2021-03-01,589,39500,61,16746,528,22754,0,0,298,13884,290,12798,298,26682,California
Shasta,2021-03-02,1030,40530,474,17220,556,23310,0,0,338,13532,690,13488,338,27020,California
Shasta,2021-03-03,680,41210,175,17395,505,23815,0,0,247,13346,433,13921,247,27267,California
Shasta,2021-03-04,3038,44248,2421,19816,617,24432,0,0,1734,13780,1301,15222,1735,29002,California
Shasta,2021-03-05,1560,45808,162,19978,1369,25801,29,29,787,13822,774,15996,816,29818,California
Shasta,2021-03-06,2743,48551,385,20363,2311,28112,47,76,855,12838,1886,17882,902,30720,California
Shasta,2021-03-07,93,48644,4,20367,57,28169,32,108,39,12855,54,17936,71,30791,California
Shasta,2021-03-08,571,49215,48,20415,384,28553,139,247,157,12739,412,18348,296,31087,California
Shasta,2021-03-09,1256,50471,596,21011,482,29035,178,425,696,13053,559,18907,873,31960,California
Shasta,2021-03-10,805,51276,258,21269,345,29380,202,627,142,12733,662,19569,342,32302,California
Shasta,2021-03-11,1560,52836,472,21741,817,30197,271,898,943,13333,614,20183,1214,33516,California
Shasta,2021-03-12,1562,54398,847,22588,466,30663,249,1147,412,12843,1149,21332,659,34175,California
Shasta,2021-03-13,759,55157,425,23013,233,30896,101,1248,475,13134,283,21615,574,34749,California
Shasta,2021-03-14,1017,56174,8,23021,986,31882,23,1271,878,13898,139,21754,903,35652,California
Shasta,2021-03-15,497,56671,36,23057,361,32243,100,1371,209,13918,288,22042,308,35960,California
Shasta,2021-03-16,1143,57814,150,23207,926,33169,67,1438,858,14558,285,22327,925,36885,California
Shasta,2021-03-17,739,58553,191,23398,490,33659,58,1496,398,14681,333,22660,456,37341,California
Shasta,2021-03-18,1548,60101,589,23987,855,34514,104,1600,1117,15475,427,23087,1221,38562,California
Shasta,2021-03-19,647,60748,198,24185,393,34907,56,1656,412,15709,234,23321,468,39030,California
Shasta,2021-03-20,749,61497,490,24675,245,35152,14,1670,600,16174,149,23470,614,39644,California
Shasta,2021-03-21,312,61809,297,24972,4,35156,11,1681,285,16444,26,23496,296,39940,California
Shasta,2021-03-22,347,62156,37,25009,274,35430,36,1717,199,16532,147,23643,235,40175,California
Shasta,2021-03-23,1312,63468,653,25662,600,36030,59,1776,759,16802,548,24191,818,40993,California
Shasta,2021-03-24,609,64077,155,25817,416,36446,38,1814,365,16962,243,24434,403,41396,California
Shasta,2021-03-25,1134,65211,451,26268,662,37108,21,1835,823,17498,309,24743,845,42241,California
Shasta,2021-03-26,1838,67049,1404,27672,404,37512,30,1865,1477,18645,361,25104,1508,43749,California
Shasta,2021-03-27,1595,68644,406,28078,317,37829,872,2737,577,19074,1016,26120,1445,45194,California
Shasta,2021-03-28,408,69052,301,28379,97,37926,10,2747,302,19282,104,26224,312,45506,California
Shasta,2021-03-29,425,69477,41,28420,372,38298,12,2759,169,19208,255,26479,181,45687,California
Shasta,2021-03-30,1250,70727,770,29190,463,38761,17,2776,626,19230,621,27100,643,46330,California
Shasta,2021-03-31,620,71347,207,29397,407,39168,6,2782,383,19386,233,27333,389,46719,California
Shasta,2021-04-01,897,72244,247,29644,637,39805,13,2795,575,19654,320,27653,588,47307,California
Shasta,2021-04-02,757,73001,199,29843,503,40308,55,2850,412,19778,343,27996,467,47774,California
Shasta,2021-04-03,513,73514,361,30204,133,40441,19,2869,388,20060,125,28121,407,48181,California
Shasta,2021-04-04,292,73806,175,30379,96,40537,21,2890,218,20225,74,28195,239,48420,California
Shasta,2021-04-05,444,74250,68,30447,312,40849,64,2954,252,20349,192,28387,316,48736,California
Shasta,2021-04-06,1172,75422,487,30934,507,41356,178,3132,540,20439,627,29014,717,49453,California
Shasta,2021-04-07,664,76086,216,31150,283,41639,165,3297,260,20462,400,29414,423,49876,California
Shasta,2021-04-08,1155,77241,264,31414,734,42373,157,3454,222,19910,930,30344,378,50254,California
Shasta,2021-04-09,2601,79842,2078,33492,309,42682,214,3668,2017,21560,577,30921,2227,52481,California
Shasta,2021-04-10,884,80726,596,34088,157,42839,131,3799,269,21344,614,31535,398,52879,California
Shasta,2021-04-11,1251,81977,398,34486,833,43672,20,3819,144,20405,1103,32638,164,53043,California
Shasta,2021-04-12,342,82319,7,34493,271,43943,64,3883,98,20323,243,32881,161,53204,California
Shasta,2021-04-13,1278,83597,368,34861,908,44851,2,3885,339,19729,934,33815,340,53544,California
Shasta,2021-04-14,593,84190,142,35003,449,45300,2,3887,220,19579,372,34187,222,53766,California
Shasta,2021-04-15,1086,85276,258,35261,827,46127,1,3888,301,19101,779,34966,301,54067,California
Shasta,2021-04-16,2360,87636,1859,37120,501,46628,0,3888,950,18643,1408,36374,950,55017,California
Shasta,2021-04-17,648,88284,417,37537,231,46859,0,3888,193,18382,455,36829,194,55211,California
Shasta,2021-04-18,270,88554,244,37781,26,46885,0,3888,35,18184,233,37062,35,55246,California
Shasta,2021-04-19,387,88941,29,37810,358,47243,0,3888,168,18133,219,37281,168,55414,California
Shasta,2021-04-20,1030,89971,266,38076,764,48007,0,3888,385,17875,643,37924,385,55799,California
Shasta,2021-04-21,625,90596,229,38305,396,48403,0,3888,317,17884,308,38232,317,56116,California
Shasta,2021-04-22,971,91567,285,38590,686,49089,0,3888,301,17517,668,38900,301,56417,California
Shasta,2021-04-23,669,92236,263,38853,406,49495,0,3888,339,17527,329,39229,339,56756,California
Shasta,2021-04-24,602,92838,359,39212,242,49737,1,3889,109,17145,491,39720,109,56865,California
Shasta,2021-04-25,210,93048,180,39392,29,49766,1,3890,36,17008,174,39894,37,56902,California
Shasta,2021-04-26,506,93554,57,39449,444,50210,5,3895,356,17220,148,40042,360,57262,California
Shasta,2021-04-27,552,94106,183,39632,329,50539,40,3935,303,17314,246,40288,340,57602,California
Shasta,2021-04-28,583,94689,165,39797,385,50924,33,3968,250,17263,333,40621,282,57884,California
Shasta,2021-04-29,785,95474,121,39918,640,51564,24,3992,180,16863,604,41225,204,58088,California
Shasta,2021-04-30,2274,97748,1847,41765,396,51960,31,4023,271,15163,2002,43227,302,58390,California
Shasta,2021-05-01,231,97979,20,41785,135,52095,76,4099,103,15214,128,43355,179,58569,California
Shasta,2021-05-02,47,98026,17,41802,17,52112,13,4112,20,15220,27,43382,33,58602,California
Shasta,2021-05-03,355,98381,96,41898,233,52345,26,4138,114,15120,240,43622,140,58742,California
Shasta,2021-05-04,537,98918,200,42098,298,52643,39,4177,253,15131,281,43903,292,59034,California
Shasta,2021-05-05,452,99370,153,42251,281,52924,18,4195,207,15111,245,44148,225,59259,California
Shasta,2021-05-06,696,100066,266,42517,390,53314,40,4235,299,15060,388,44536,337,59596,California
Shasta,2021-05-07,1123,101189,741,43258,342,53656,40,4275,305,14588,817,45353,345,59941,California
Shasta,2021-05-08,176,101365,85,43343,80,53736,11,4286,104,14630,72,45425,114,60055,California
Shasta,2021-05-09,66,101431,15,43358,46,53782,5,4291,35,14639,31,45456,40,60095,California
Shasta,2021-05-10,257,101688,21,43379,187,53969,49,4340,111,14653,144,45600,158,60253,California
Shasta,2021-05-11,523,102211,161,43540,211,54180,151,4491,183,14648,339,45939,334,60587,California
Shasta,2021-05-12,398,102609,146,43686,228,54408,24,4515,133,14541,264,46203,157,60744,California
Shasta,2021-05-13,579,103188,239,43925,323,54731,17,4532,224,14429,353,46556,241,60985,California
Shasta,2021-05-14,648,103836,275,44200,347,55078,26,4558,298,14405,349,46905,325,61310,California
Shasta,2021-05-15,400,104236,130,44330,165,55243,105,4663,168,14446,231,47136,272,61582,California
Shasta,2021-05-16,222,104458,155,44485,57,55300,10,4673,163,14560,59,47195,173,61755,California
Shasta,2021-05-17,539,104997,245,44730,234,55534,60,4733,283,14648,255,47450,343,62098,California
Shasta,2021-05-18,617,105614,294,45024,298,55832,25,4758,325,14705,293,47743,350,62448,California
Shasta,2021-05-19,591,106205,280,45304,243,56075,68,4826,281,14748,306,48049,349,62797,California
Shasta,2021-05-20,582,106787,266,45570,297,56372,19,4845,277,14740,303,48352,295,63092,California
Shasta,2021-05-21,657,107444,301,45871,337,56709,19,4864,331,14767,323,48675,350,63442,California
Shasta,2021-05-22,235,107679,133,46004,94,56803,8,4872,144,14832,88,48763,153,63595,California
Shasta,2021-05-23,114,107793,49,46053,56,56859,9,4881,69,14865,45,48808,78,63673,California
Shasta,2021-05-24,545,108338,170,46223,343,57202,32,4913,191,14735,353,49161,223,63896,California
Shasta,2021-05-25,466,108804,199,46422,222,57424,45,4958,159,14635,303,49464,203,64099,California
Shasta,2021-05-26,372,109176,147,46569,200,57624,25,4983,148,14585,223,49687,173,64272,California
Shasta,2021-05-27,422,109598,154,46723,259,57883,9,4992,155,14485,264,49951,164,64436,California
Shasta,2021-05-28,444,110042,198,46921,217,58100,29,5021,207,14487,234,50185,236,64672,California
Shasta,2021-05-29,225,110267,63,46984,131,58231,31,5052,88,14467,137,50322,117,64789,California
Shasta,2021-05-30,88,110355,51,47035,35,58266,2,5054,59,14499,29,50351,61,64850,California
Shasta,2021-05-31,35,110390,8,47043,26,58292,1,5055,11,14488,23,50374,12,64862,California
Shasta,2021-06-01,532,110922,156,47199,230,58522,146,5201,137,14384,388,50762,284,65146,California
Shasta,2021-06-02,294,111216,119,47318,166,58688,9,5210,120,14341,172,50934,129,65275,California
Shasta,2021-06-03,366,111582,154,47472,203,58891,9,5219,116,14217,249,51183,125,65400,California
Shasta,2021-06-04,576,112158,285,47757,263,59154,28,5247,201,14072,374,51557,229,65629,California
Shasta,2021-06-05,259,112417,154,47911,88,59242,17,5264,77,13986,181,51738,95,65724,California
Shasta,2021-06-06,163,112580,128,48039,33,59275,2,5266,48,13921,115,51853,50,65774,California
Shasta,2021-06-07,403,112983,234,48273,152,59427,17,5283,110,13756,292,52145,127,65901,California
Shasta,2021-06-08,506,113489,298,48571,162,59589,46,5329,151,13601,351,52496,196,66097,California
Shasta,2021-06-09,485,113974,274,48845,123,59712,88,5417,111,13428,371,52867,198,66295,California
Shasta,2021-06-10,417,114391,252,49097,140,59852,25,5442,125,13292,286,53153,150,66445,California
Shasta,2021-06-11,456,114847,255,49352,165,60017,36,5478,126,13125,328,53481,161,66606,California
Shasta,2021-06-12,213,115060,140,49492,67,60084,6,5484,79,13077,133,53614,85,66691,California
Shasta,2021-06-13,89,115149,55,49547,32,60116,2,5486,25,13040,64,53678,27,66718,California
Shasta,2021-06-14,288,115437,157,49704,112,60228,19,5505,83,12938,204,53882,102,66820,California
Shasta,2021-06-15,462,115899,233,49937,111,60339,118,5623,163,12919,294,54176,275,67095,California
Shasta,2021-06-16,258,116157,150,50087,96,60435,12,5635,82,12841,172,54348,94,67189,California
Shasta,2021-06-17,292,116449,125,50212,131,60566,36,5671,107,12800,184,54532,143,67332,California
Shasta,2021-06-18,357,116806,226,50438,110,60676,21,5692,151,12767,205,54737,172,67504,California
Shasta,2021-06-19,116,116922,75,50513,39,60715,2,5694,52,12758,63,54800,54,67558,California
Shasta,2021-06-20,59,116981,37,50550,19,60734,3,5697,23,12748,36,54836,26,67584,California
Shasta,2021-06-21,209,117190,72,50622,108,60842,29,5726,85,12739,123,54959,114,67698,California
Shasta,2021-06-22,370,117560,138,50760,82,60924,150,5876,93,12703,269,55228,233,67931,California
Shasta,2021-06-23,217,117777,131,50891,72,60996,14,5890,93,12687,123,55351,107,68038,California
Shasta,2021-06-24,230,118007,135,51026,77,61073,18,5908,92,12661,136,55487,110,68148,California
Shasta,2021-06-25,289,118296,206,51232,70,61143,13,5921,119,12622,170,55657,131,68279,California
Shasta,2021-06-26,130,118426,77,51309,45,61188,8,5929,54,12609,75,55732,62,68341,California
Shasta,2021-06-27,52,118478,40,51349,11,61199,1,5930,21,12600,31,55763,22,68363,California
Sierra,2020-12-18,1,1,1,1,0,0,0,0,1,1,0,0,1,1,California
Sierra,2020-12-21,2,3,2,3,0,0,0,0,2,3,0,0,2,3,California
Sierra,2020-12-22,12,15,12,15,0,0,0,0,12,15,0,0,12,15,California
Sierra,2020-12-23,4,19,4,19,0,0,0,0,4,19,0,0,4,19,California
Sierra,2020-12-28,1,20,0,19,1,1,0,0,1,20,0,0,1,20,California
Sierra,2020-12-29,49,69,7,26,42,43,0,0,49,69,0,0,49,69,California
Sierra,2020-12-30,2,71,0,26,2,45,0,0,2,71,0,0,2,71,California
Sierra,2020-12-31,13,84,0,26,13,58,0,0,13,84,0,0,13,84,California
Sierra,2021-01-01,1,85,1,27,0,58,0,0,1,85,0,0,1,85,California
Sierra,2021-01-05,63,148,2,29,61,119,0,0,63,148,0,0,63,148,California
Sierra,2021-01-06,1,149,1,30,0,119,0,0,1,149,0,0,1,149,California
Sierra,2021-01-07,21,170,1,31,20,139,0,0,20,168,1,1,20,169,California
Sierra,2021-01-08,1,171,1,32,0,139,0,0,1,169,0,1,1,170,California
Sierra,2021-01-11,3,174,3,35,0,139,0,0,0,166,3,4,0,170,California
Sierra,2021-01-12,39,213,12,47,27,166,0,0,27,181,12,16,27,197,California
Sierra,2021-01-13,4,217,3,50,1,167,0,0,1,179,3,19,1,198,California
Sierra,2021-01-14,35,252,2,52,33,200,0,0,35,214,0,19,35,233,California
Sierra,2021-01-15,3,255,1,53,2,202,0,0,3,217,0,19,3,236,California
Sierra,2021-01-18,3,258,0,53,3,205,0,0,3,220,0,19,3,239,California
Sierra,2021-01-19,31,289,0,53,31,236,0,0,31,251,0,19,31,270,California
Sierra,2021-01-20,1,290,1,54,0,236,0,0,1,252,0,19,1,271,California
Sierra,2021-01-21,52,342,0,54,52,288,0,0,52,304,0,19,52,323,California
Sierra,2021-01-22,2,344,0,54,2,290,0,0,2,306,0,19,2,325,California
Sierra,2021-01-23,2,346,0,54,2,292,0,0,2,308,0,19,2,327,California
Sierra,2021-01-25,1,347,1,55,0,292,0,0,1,309,0,19,1,328,California
Sierra,2021-01-26,62,409,1,56,61,353,0,0,24,295,38,57,24,352,California
Sierra,2021-01-27,4,413,4,60,0,353,0,0,0,291,4,61,0,352,California
Sierra,2021-01-28,53,466,0,60,53,406,0,0,43,324,10,71,43,395,California
Sierra,2021-01-29,2,468,0,60,2,408,0,0,2,326,0,71,2,397,California
Sierra,2021-01-30,3,471,3,63,0,408,0,0,2,327,1,72,2,399,California
Sierra,2021-02-01,1,472,0,63,1,409,0,0,0,326,1,73,0,399,California
Sierra,2021-02-02,57,529,1,64,56,465,0,0,18,305,39,112,18,417,California
Sierra,2021-02-03,6,535,5,69,1,466,0,0,5,309,1,113,5,422,California
Sierra,2021-02-04,102,637,5,74,97,563,0,0,53,313,49,162,53,475,California
Sierra,2021-02-05,6,643,4,78,2,565,0,0,5,317,1,163,5,480,California
Sierra,2021-02-09,51,694,0,78,51,616,0,0,48,362,3,166,48,528,California
Sierra,2021-02-10,5,699,2,80,3,619,0,0,4,365,1,167,4,532,California
Sierra,2021-02-11,195,894,1,81,194,813,0,0,134,438,61,228,134,666,California
Sierra,2021-02-12,20,914,0,81,20,833,0,0,20,458,0,228,20,686,California
Sierra,2021-02-13,1,915,1,82,0,833,0,0,1,459,0,228,1,687,California
Sierra,2021-02-15,3,918,3,85,0,833,0,0,0,456,3,231,0,687,California
Sierra,2021-02-16,43,961,1,86,42,875,0,0,10,433,33,264,10,697,California
Sierra,2021-02-17,4,965,0,86,4,879,0,0,1,431,3,267,1,698,California
Sierra,2021-02-18,139,1104,0,86,139,1018,0,0,90,472,49,316,90,788,California
Sierra,2021-02-19,2,1106,1,87,1,1019,0,0,1,472,1,317,1,789,California
Sierra,2021-02-20,2,1108,2,89,0,1019,0,0,0,470,2,319,0,789,California
Sierra,2021-02-22,1,1109,1,90,0,1019,0,0,1,471,0,319,1,790,California
Sierra,2021-02-23,4,1113,0,90,4,1023,0,0,4,475,0,319,4,794,California
Sierra,2021-02-24,3,1116,2,92,1,1024,0,0,3,478,0,319,3,797,California
Sierra,2021-02-25,124,1240,2,94,122,1146,0,0,58,471,65,384,58,855,California
Sierra,2021-02-26,11,1251,6,100,5,1151,0,0,4,468,7,391,4,859,California
Sierra,2021-02-27,2,1253,2,102,0,1151,0,0,0,466,2,393,0,859,California
Sierra,2021-03-01,2,1255,2,104,0,1151,0,0,0,464,2,395,0,859,California
Sierra,2021-03-02,56,1311,0,104,56,1207,0,0,38,484,18,413,38,897,California
Sierra,2021-03-03,2,1313,2,106,0,1207,0,0,1,484,1,414,1,898,California
Sierra,2021-03-04,108,1421,0,106,108,1315,0,0,60,496,48,462,60,958,California
Sierra,2021-03-05,13,1434,1,107,12,1327,0,0,11,505,2,464,11,969,California
Sierra,2021-03-07,1,1435,1,108,0,1327,0,0,0,504,1,465,0,969,California
Sierra,2021-03-08,2,1437,2,110,0,1327,0,0,2,506,0,465,2,971,California
Sierra,2021-03-09,56,1493,0,110,56,1383,0,0,12,474,44,509,12,983,California
Sierra,2021-03-10,6,1499,0,110,6,1389,0,0,4,476,2,511,4,987,California
Sierra,2021-03-11,173,1672,0,110,173,1562,0,0,41,385,132,643,41,1028,California
Sierra,2021-03-12,20,1692,1,111,19,1581,0,0,0,365,20,663,0,1028,California
Sierra,2021-03-13,27,1719,0,111,27,1608,0,0,27,392,0,663,27,1055,California
Sierra,2021-03-14,1,1720,0,111,0,1608,1,1,0,392,1,664,1,1056,California
Sierra,2021-03-15,2,1722,1,112,0,1608,1,2,0,391,2,666,1,1057,California
Sierra,2021-03-16,35,1757,0,112,34,1642,1,3,22,401,13,679,23,1080,California
Sierra,2021-03-17,3,1760,2,114,1,1643,0,3,0,398,3,682,0,1080,California
Sierra,2021-03-18,157,1917,0,114,157,1800,0,3,65,371,92,774,65,1145,California
Sierra,2021-03-19,4,1921,2,116,2,1802,0,3,1,369,3,777,1,1146,California
Sierra,2021-03-20,1,1922,0,116,1,1803,0,3,1,370,0,777,1,1147,California
Sierra,2021-03-23,22,1944,0,116,22,1825,0,3,13,374,9,786,13,1160,California
Sierra,2021-03-24,3,1947,1,117,2,1827,0,3,1,373,2,788,1,1161,California
Sierra,2021-03-25,99,2046,1,118,98,1925,0,3,50,374,49,837,50,1211,California
Sierra,2021-03-26,12,2058,1,119,11,1936,0,3,8,378,4,841,8,1219,California
Sierra,2021-03-27,1,2059,0,119,1,1937,0,3,0,377,1,842,0,1219,California
Sierra,2021-03-29,1,2060,1,120,0,1937,0,3,0,376,1,843,0,1219,California
Sierra,2021-03-30,54,2114,1,121,53,1990,0,3,22,366,32,875,22,1241,California
Sierra,2021-03-31,8,2122,0,121,8,1998,0,3,8,374,0,875,8,1249,California
Sierra,2021-04-01,63,2185,1,122,62,2060,0,3,5,323,56,931,5,1254,California
Sierra,2021-04-02,3,2188,2,124,1,2061,0,3,2,324,1,932,2,1256,California
Sierra,2021-04-04,1,2189,0,124,1,2062,0,3,0,324,0,932,0,1256,California
Sierra,2021-04-06,11,2200,0,124,11,2073,0,3,1,315,10,942,1,1257,California
Sierra,2021-04-07,14,2214,3,127,6,2079,5,8,3,313,10,952,8,1265,California
Sierra,2021-04-08,53,2267,2,129,51,2130,0,8,16,292,37,989,16,1281,California
Sierra,2021-04-09,2,2269,2,131,0,2130,0,8,1,292,1,990,1,1282,California
Sierra,2021-04-10,27,2296,0,131,27,2157,0,8,0,265,27,1017,0,1282,California
Sierra,2021-04-13,43,2339,0,131,43,2200,0,8,5,232,38,1055,5,1287,California
Sierra,2021-04-14,1,2340,0,131,1,2201,0,8,1,233,0,1055,1,1288,California
Sierra,2021-04-15,48,2388,1,132,47,2248,0,8,2,189,46,1101,2,1290,California
Sierra,2021-04-17,2,2390,1,133,1,2249,0,8,1,189,1,1102,1,1291,California
Sierra,2021-04-18,1,2391,0,133,1,2250,0,8,0,189,0,1102,0,1291,California
Sierra,2021-04-19,1,2392,1,134,0,2250,0,8,0,188,1,1103,0,1291,California
Sierra,2021-04-20,34,2426,1,135,33,2283,0,8,7,168,27,1130,7,1298,California
Sierra,2021-04-21,2,2428,1,136,1,2284,0,8,1,168,1,1131,1,1299,California
Sierra,2021-04-22,64,2492,1,137,63,2347,0,8,5,115,58,1189,5,1304,California
Sierra,2021-04-23,14,2506,0,137,14,2361,0,8,5,111,9,1198,5,1309,California
Sierra,2021-04-24,4,2510,0,137,4,2365,0,8,4,115,0,1198,4,1313,California
Sierra,2021-04-27,27,2537,0,137,27,2392,0,8,4,96,23,1221,4,1317,California
Sierra,2021-04-28,10,2547,2,139,8,2400,0,8,1,88,9,1230,1,1318,California
Sierra,2021-04-29,20,2567,2,141,18,2418,0,8,14,96,6,1236,14,1332,California
Sierra,2021-04-30,4,2571,2,143,2,2420,0,8,2,96,2,1238,2,1334,California
Sierra,2021-05-01,1,2572,0,143,1,2421,0,8,0,96,0,1238,0,1334,California
Sierra,2021-05-03,1,2573,1,144,0,2421,0,8,1,97,0,1238,1,1335,California
Sierra,2021-05-04,1,2574,0,144,1,2422,0,8,0,96,1,1239,0,1335,California
Sierra,2021-05-05,22,2596,0,144,22,2444,0,8,7,88,15,1254,7,1342,California
Sierra,2021-05-06,1,2597,1,145,0,2444,0,8,0,87,1,1255,0,1342,California
Sierra,2021-05-07,1,2598,1,146,0,2444,0,8,1,88,0,1255,1,1343,California
Sierra,2021-05-08,1,2599,0,146,0,2444,1,9,0,88,1,1256,1,1344,California
Sierra,2021-05-11,11,2610,0,146,4,2448,7,16,0,84,11,1267,7,1351,California
Sierra,2021-05-12,11,2621,1,147,10,2458,0,16,8,89,3,1270,8,1359,California
Sierra,2021-05-13,3,2624,2,149,1,2459,0,16,2,90,1,1271,2,1361,California
Sierra,2021-05-14,3,2627,1,150,2,2461,0,16,3,93,0,1271,3,1364,California
Sierra,2021-05-17,1,2628,1,151,0,2461,0,16,1,94,0,1271,1,1365,California
Sierra,2021-05-18,2,2630,0,151,1,2462,1,17,0,93,2,1273,1,1366,California
Sierra,2021-05-19,5,2635,2,153,3,2465,0,17,1,90,4,1277,1,1367,California
Sierra,2021-05-20,9,2644,8,161,0,2465,1,18,8,98,1,1278,9,1376,California
Sierra,2021-05-21,5,2649,2,163,3,2468,0,18,1,95,4,1282,1,1377,California
Sierra,2021-05-22,5,2654,0,163,5,2473,0,18,1,92,4,1286,1,1378,California
Sierra,2021-05-23,1,2655,0,163,1,2474,0,18,1,93,0,1286,1,1379,California
Sierra,2021-05-24,3,2658,1,164,2,2476,0,18,2,94,1,1287,2,1381,California
Sierra,2021-05-25,3,2661,0,164,3,2479,0,18,1,93,2,1289,1,1382,California
Sierra,2021-05-26,8,2669,0,164,8,2487,0,18,4,93,4,1293,4,1386,California
Sierra,2021-05-27,9,2678,1,165,7,2494,1,19,2,89,7,1300,3,1389,California
Sierra,2021-05-28,4,2682,2,167,2,2496,0,19,2,89,2,1302,2,1391,California
Sierra,2021-05-29,2,2684,0,167,2,2498,0,19,2,91,0,1302,2,1393,California
Sierra,2021-05-30,1,2685,1,168,0,2498,0,19,1,92,0,1302,1,1394,California
Sierra,2021-06-01,1,2686,0,168,1,2499,0,19,0,91,1,1303,0,1394,California
Sierra,2021-06-02,23,2709,0,168,21,2520,2,21,0,71,22,1325,2,1396,California
Sierra,2021-06-03,3,2712,2,170,1,2521,0,21,0,68,3,1328,0,1396,California
Sierra,2021-06-04,2,2714,2,172,0,2521,0,21,1,68,1,1329,1,1397,California
Sierra,2021-06-08,1,2715,1,173,0,2521,0,21,1,69,0,1329,1,1398,California
Sierra,2021-06-09,8,2723,1,174,5,2526,2,23,0,63,8,1337,2,1400,California
Sierra,2021-06-10,8,2731,8,182,0,2526,0,23,4,63,4,1341,4,1404,California
Sierra,2021-06-11,3,2734,1,183,2,2528,0,23,0,60,3,1344,0,1404,California
Sierra,2021-06-12,1,2735,1,184,0,2528,0,23,1,61,0,1344,1,1405,California
Sierra,2021-06-13,1,2736,1,185,0,2528,0,23,0,60,1,1345,0,1405,California
Sierra,2021-06-14,6,2742,4,189,1,2529,1,24,2,59,4,1349,3,1408,California
Sierra,2021-06-15,2,2744,1,190,1,2530,0,24,1,60,0,1349,1,1409,California
Sierra,2021-06-16,3,2747,0,190,3,2533,0,24,2,61,1,1350,2,1411,California
Sierra,2021-06-17,4,2751,2,192,1,2534,1,25,2,62,2,1352,3,1414,California
Sierra,2021-06-18,2,2753,1,193,0,2534,1,26,0,61,2,1354,1,1415,California
Sierra,2021-06-21,1,2754,0,193,1,2535,0,26,0,60,1,1355,0,1415,California
Sierra,2021-06-22,5,2759,3,196,2,2537,0,26,3,61,2,1357,3,1418,California
Sierra,2021-06-23,6,2765,0,196,6,2543,0,26,2,59,4,1361,2,1420,California
Sierra,2021-06-24,6,2771,0,196,2,2545,4,30,1,59,5,1366,5,1425,California
Sierra,2021-06-27,1,2772,1,197,0,2545,0,30,1,60,0,1366,1,1426,California
Siskiyou,2020-12-16,2,2,2,2,0,0,0,0,2,2,0,0,2,2,California
Siskiyou,2020-12-17,4,6,4,6,0,0,0,0,4,6,0,0,4,6,California
Siskiyou,2020-12-18,2,8,2,8,0,0,0,0,2,8,0,0,2,8,California
Siskiyou,2020-12-19,4,12,4,12,0,0,0,0,4,12,0,0,4,12,California
Siskiyou,2020-12-20,1,13,1,13,0,0,0,0,1,13,0,0,1,13,California
Siskiyou,2020-12-21,132,145,132,145,0,0,0,0,132,145,0,0,132,145,California
Siskiyou,2020-12-22,159,304,159,304,0,0,0,0,159,304,0,0,159,304,California
Siskiyou,2020-12-23,142,446,142,446,0,0,0,0,142,446,0,0,142,446,California
Siskiyou,2020-12-24,5,451,5,451,0,0,0,0,5,451,0,0,5,451,California
Siskiyou,2020-12-26,2,453,0,451,2,2,0,0,2,453,0,0,2,453,California
Siskiyou,2020-12-27,2,455,0,451,2,4,0,0,2,455,0,0,2,455,California
Siskiyou,2020-12-28,3,458,1,452,2,6,0,0,3,458,0,0,3,458,California
Siskiyou,2020-12-29,6,464,2,454,4,10,0,0,6,464,0,0,6,464,California
Siskiyou,2020-12-30,100,564,3,457,97,107,0,0,100,564,0,0,100,564,California
Siskiyou,2020-12-31,12,576,0,457,12,119,0,0,12,576,0,0,12,576,California
Siskiyou,2021-01-02,1,577,1,458,0,119,0,0,1,577,0,0,1,577,California
Siskiyou,2021-01-03,1,578,0,458,1,120,0,0,1,578,0,0,1,578,California
Siskiyou,2021-01-04,130,708,3,461,127,247,0,0,130,708,0,0,130,708,California
Siskiyou,2021-01-05,118,826,4,465,114,361,0,0,116,823,2,2,117,825,California
Siskiyou,2021-01-06,59,885,6,471,53,414,0,0,55,874,4,6,55,880,California
Siskiyou,2021-01-07,178,1063,4,475,174,588,0,0,177,1050,1,7,177,1057,California
Siskiyou,2021-01-08,41,1104,3,478,38,626,0,0,39,1087,2,9,39,1096,California
Siskiyou,2021-01-09,3,1107,3,481,0,626,0,0,1,1086,2,11,1,1097,California
Siskiyou,2021-01-11,226,1333,65,546,161,787,0,0,163,1186,63,74,163,1260,California
Siskiyou,2021-01-12,324,1657,274,820,50,837,0,0,91,1045,233,307,92,1352,California
Siskiyou,2021-01-13,158,1815,137,957,21,858,0,0,23,933,135,442,23,1375,California
Siskiyou,2021-01-14,36,1851,1,958,35,893,0,0,35,967,1,443,35,1410,California
Siskiyou,2021-01-15,55,1906,3,961,52,945,0,0,55,1022,0,443,55,1465,California
Siskiyou,2021-01-16,7,1913,2,963,5,950,0,0,7,1029,0,443,7,1472,California
Siskiyou,2021-01-17,1,1914,1,964,0,950,0,0,0,1028,1,444,0,1472,California
Siskiyou,2021-01-18,75,1989,3,967,72,1022,0,0,73,1099,2,446,73,1545,California
Siskiyou,2021-01-19,41,2030,1,968,40,1062,0,0,40,1138,1,447,40,1585,California
Siskiyou,2021-01-20,68,2098,35,1003,33,1095,0,0,64,1198,4,451,64,1649,California
Siskiyou,2021-01-21,68,2166,1,1004,67,1162,0,0,68,1266,0,451,68,1717,California
Siskiyou,2021-01-22,1346,3512,1178,2182,168,1330,0,0,1346,2612,0,451,1346,3063,California
Siskiyou,2021-01-23,6,3518,2,2184,4,1334,0,0,3,2612,3,454,3,3066,California
Siskiyou,2021-01-25,208,3726,8,2192,200,1534,0,0,204,2812,4,458,204,3270,California
Siskiyou,2021-01-26,158,3884,4,2196,154,1688,0,0,149,2952,9,467,149,3419,California
Siskiyou,2021-01-27,202,4086,2,2198,200,1888,0,0,138,3027,63,530,138,3557,California
Siskiyou,2021-01-28,260,4346,118,2316,142,2030,0,0,235,3243,19,549,235,3792,California
Siskiyou,2021-01-29,272,4618,3,2319,269,2299,0,0,253,3477,19,568,253,4045,California
Siskiyou,2021-01-30,6,4624,5,2324,1,2300,0,0,6,3483,0,568,6,4051,California
Siskiyou,2021-02-01,215,4839,3,2327,212,2512,0,0,114,3496,101,669,114,4165,California
Siskiyou,2021-02-02,318,5157,45,2372,273,2785,0,0,165,3508,153,822,165,4330,California
Siskiyou,2021-02-03,334,5491,1,2373,333,3118,0,0,265,3704,69,891,265,4595,California
Siskiyou,2021-02-04,368,5859,7,2380,361,3479,0,0,227,3790,141,1032,227,4822,California
Siskiyou,2021-02-05,545,6404,4,2384,541,4020,0,0,370,3985,175,1207,370,5192,California
Siskiyou,2021-02-06,15,6419,0,2384,15,4035,0,0,15,4000,0,1207,15,5207,California
Siskiyou,2021-02-07,2,6421,1,2385,1,4036,0,0,2,4002,0,1207,2,5209,California
Siskiyou,2021-02-08,243,6664,4,2389,239,4275,0,0,217,4193,26,1233,217,5426,California
Siskiyou,2021-02-09,248,6912,4,2393,244,4519,0,0,195,4335,53,1286,195,5621,California
Siskiyou,2021-02-10,390,7302,41,2434,349,4868,0,0,320,4586,69,1355,320,5941,California
Siskiyou,2021-02-11,215,7517,1,2435,214,5082,0,0,185,4741,30,1385,185,6126,California
Siskiyou,2021-02-12,1706,9223,1200,3635,506,5588,0,0,497,4029,1209,2594,497,6623,California
Siskiyou,2021-02-13,36,9259,2,3637,34,5622,0,0,31,4055,5,2599,31,6654,California
Siskiyou,2021-02-14,6,9265,2,3639,4,5626,0,0,6,4061,0,2599,6,6660,California
Siskiyou,2021-02-15,105,9370,8,3647,97,5723,0,0,103,4162,2,2601,103,6763,California
Siskiyou,2021-02-16,136,9506,2,3649,134,5857,0,0,100,4226,36,2637,100,6863,California
Siskiyou,2021-02-17,298,9804,16,3665,282,6139,0,0,261,4450,37,2674,261,7124,California
Siskiyou,2021-02-18,270,10074,88,3753,182,6321,0,0,128,4436,142,2816,128,7252,California
Siskiyou,2021-02-19,96,10170,34,3787,62,6383,0,0,35,4412,59,2875,35,7287,California
Siskiyou,2021-02-20,23,10193,5,3792,18,6401,0,0,16,4423,7,2882,18,7305,California
Siskiyou,2021-02-21,1,10194,1,3793,0,6401,0,0,1,4424,0,2882,1,7306,California
Siskiyou,2021-02-22,207,10401,2,3795,205,6606,0,0,75,4367,132,3014,75,7381,California
Siskiyou,2021-02-23,346,10747,15,3810,331,6937,0,0,194,4409,152,3166,194,7575,California
Siskiyou,2021-02-24,172,10919,5,3815,167,7104,0,0,49,4335,123,3289,49,7624,California
Siskiyou,2021-02-25,312,11231,25,3840,287,7391,0,0,157,4338,154,3443,157,7781,California
Siskiyou,2021-02-26,674,11905,11,3851,663,8054,0,0,369,4402,305,3748,369,8150,California
Siskiyou,2021-02-27,32,11937,5,3856,27,8081,0,0,28,4426,4,3752,28,8178,California
Siskiyou,2021-02-28,4,11941,4,3860,0,8081,0,0,3,4428,1,3753,3,8181,California
Siskiyou,2021-03-01,291,12232,6,3866,285,8366,0,0,50,4237,241,3994,50,8231,California
Siskiyou,2021-03-02,211,12443,1,3867,210,8576,0,0,70,4166,141,4135,70,8301,California
Siskiyou,2021-03-03,350,12793,12,3879,338,8914,0,0,155,4126,195,4330,155,8456,California
Siskiyou,2021-03-04,827,13620,622,4501,205,9119,0,0,646,4591,181,4511,646,9102,California
Siskiyou,2021-03-05,347,13967,6,4507,330,9449,11,11,105,4468,239,4750,116,9218,California
Siskiyou,2021-03-06,43,14010,3,4510,33,9482,7,18,28,4488,15,4765,35,9253,California
Siskiyou,2021-03-07,12,14022,4,4514,0,9482,8,26,2,4488,10,4775,10,9263,California
Siskiyou,2021-03-08,367,14389,28,4542,304,9786,35,61,67,4290,300,5075,102,9365,California
Siskiyou,2021-03-09,176,14565,2,4544,120,9906,54,115,43,4254,133,5208,97,9462,California
Siskiyou,2021-03-10,222,14787,7,4551,185,10091,30,145,26,4114,196,5404,56,9518,California
Siskiyou,2021-03-11,492,15279,205,4756,240,10331,47,192,282,4234,209,5613,329,9847,California
Siskiyou,2021-03-12,653,15932,141,4897,473,10804,39,231,184,3989,467,6080,222,10069,California
Siskiyou,2021-03-13,427,16359,379,5276,25,10829,23,254,379,4343,48,6128,402,10471,California
Siskiyou,2021-03-14,19,16378,0,5276,3,10832,16,270,1,4342,18,6146,17,10488,California
Siskiyou,2021-03-15,498,16876,258,5534,176,11008,64,334,322,4552,176,6322,386,10874,California
Siskiyou,2021-03-16,258,17134,34,5568,207,11215,17,351,141,4594,116,6438,158,11032,California
Siskiyou,2021-03-17,202,17336,9,5577,185,11400,8,359,34,4468,168,6606,42,11074,California
Siskiyou,2021-03-18,927,18263,789,6366,126,11526,12,371,809,5171,118,6724,821,11895,California
Siskiyou,2021-03-19,68,18331,10,6376,45,11571,13,384,19,5154,49,6773,32,11927,California
Siskiyou,2021-03-20,30,18361,7,6383,18,11589,5,389,6,5141,24,6797,11,11938,California
Siskiyou,2021-03-21,10,18371,4,6387,1,11590,5,394,4,5144,6,6803,9,11947,California
Siskiyou,2021-03-22,208,18579,21,6408,165,11755,22,416,145,5251,60,6863,167,12114,California
Siskiyou,2021-03-23,194,18773,19,6427,166,11921,9,425,141,5347,53,6916,149,12263,California
Siskiyou,2021-03-24,143,18916,48,6475,95,12016,0,425,116,5436,27,6943,116,12379,California
Siskiyou,2021-03-25,572,19488,320,6795,249,12265,3,428,400,5667,172,7115,403,12782,California
Siskiyou,2021-03-26,305,19793,35,6830,270,12535,0,428,104,5572,199,7314,104,12886,California
Siskiyou,2021-03-27,38,19831,5,6835,28,12563,5,433,10,5559,28,7342,15,12901,California
Siskiyou,2021-03-28,8,19839,7,6842,1,12564,0,433,5,5561,3,7345,5,12906,California
Siskiyou,2021-03-29,95,19934,10,6852,83,12647,2,435,45,5558,50,7395,47,12953,California
Siskiyou,2021-03-30,101,20035,6,6858,94,12741,1,436,40,5538,61,7456,41,12994,California
Siskiyou,2021-03-31,191,20226,21,6879,167,12908,3,439,48,5450,140,7596,52,13046,California
Siskiyou,2021-04-01,830,21056,671,7550,159,13067,0,439,214,5048,616,8212,214,13260,California
Siskiyou,2021-04-02,347,21403,197,7747,146,13213,4,443,66,4839,279,8491,70,13330,California
Siskiyou,2021-04-03,26,21429,5,7752,14,13227,7,450,5,4830,21,8512,12,13342,California
Siskiyou,2021-04-04,1,21430,0,7752,1,13228,0,450,1,4831,0,8512,1,13343,California
Siskiyou,2021-04-05,438,21868,331,8083,81,13309,26,476,27,4474,410,8922,53,13396,California
Siskiyou,2021-04-06,219,22087,37,8120,129,13438,53,529,126,4561,91,9013,178,13574,California
Siskiyou,2021-04-07,116,22203,11,8131,63,13501,42,571,65,4618,51,9064,108,13682,California
Siskiyou,2021-04-08,354,22557,187,8318,126,13627,41,612,64,4433,290,9354,105,13787,California
Siskiyou,2021-04-09,546,23103,377,8695,131,13758,38,650,84,4095,461,9815,123,13910,California
Siskiyou,2021-04-10,46,23149,6,8701,3,13761,37,687,7,4100,39,9854,44,13954,California
Siskiyou,2021-04-11,8,23157,5,8706,1,13762,2,689,2,4098,6,9860,4,13958,California
Siskiyou,2021-04-12,128,23285,24,8730,103,13865,1,690,48,4067,80,9940,49,14007,California
Siskiyou,2021-04-13,208,23493,37,8767,170,14035,1,691,82,4024,126,10066,83,14090,California
Siskiyou,2021-04-14,156,23649,64,8831,92,14127,0,691,84,4038,70,10136,84,14174,California
Siskiyou,2021-04-15,1116,24765,957,9788,159,14286,0,691,437,3797,679,10815,438,14612,California
Siskiyou,2021-04-16,308,25073,214,10002,94,14380,0,691,270,4030,37,10852,270,14882,California
Siskiyou,2021-04-17,11,25084,8,10010,3,14383,0,691,7,4033,4,10856,7,14889,California
Siskiyou,2021-04-18,5,25089,3,10013,2,14385,0,691,1,4030,4,10860,1,14890,California
Siskiyou,2021-04-19,129,25218,24,10037,105,14490,0,691,47,3995,82,10942,47,14937,California
Siskiyou,2021-04-20,236,25454,5,10042,231,14721,0,691,94,3948,141,11083,94,15031,California
Siskiyou,2021-04-21,96,25550,10,10052,86,14807,0,691,27,3906,69,11152,27,15058,California
Siskiyou,2021-04-22,414,25964,301,10353,113,14920,0,691,50,3592,364,11516,50,15108,California
Siskiyou,2021-04-23,181,26145,15,10368,166,15086,0,691,159,3730,21,11537,159,15267,California
Siskiyou,2021-04-24,28,26173,4,10372,24,15110,0,691,20,3742,8,11545,20,15287,California
Siskiyou,2021-04-25,2,26175,0,10372,2,15112,0,691,2,3744,0,11545,2,15289,California
Siskiyou,2021-04-26,101,26276,5,10377,91,15203,5,696,25,3698,76,11621,30,15319,California
Siskiyou,2021-04-27,114,26390,5,10382,107,15310,2,698,87,3762,25,11646,89,15408,California
Siskiyou,2021-04-28,111,26501,8,10390,95,15405,8,706,53,3765,58,11704,61,15469,California
Siskiyou,2021-04-29,149,26650,16,10406,132,15537,1,707,30,3677,119,11823,31,15500,California
Siskiyou,2021-04-30,102,26752,20,10426,81,15618,1,708,45,3668,54,11877,45,15545,California
Siskiyou,2021-05-01,11,26763,7,10433,1,15619,3,711,7,3674,4,11881,10,15555,California
Siskiyou,2021-05-02,11,26774,5,10438,6,15625,0,711,9,3681,2,11883,9,15564,California
Siskiyou,2021-05-03,110,26884,23,10461,85,15710,2,713,47,3667,63,11946,49,15613,California
Siskiyou,2021-05-04,122,27006,7,10468,113,15823,2,715,60,3668,61,12007,62,15675,California
Siskiyou,2021-05-05,114,27120,20,10488,85,15908,9,724,39,3642,74,12081,48,15723,California
Siskiyou,2021-05-06,366,27486,296,10784,64,15972,6,730,190,3662,176,12257,196,15919,California
Siskiyou,2021-05-07,307,27793,219,11003,83,16055,5,735,31,3423,275,12532,36,15955,California
Siskiyou,2021-05-08,25,27818,4,11007,20,16075,1,736,18,3435,7,12539,19,15974,California
Siskiyou,2021-05-09,1,27819,0,11007,1,16076,0,736,0,3434,1,12540,0,15974,California
Siskiyou,2021-05-10,98,27917,67,11074,30,16106,1,737,21,3379,77,12617,22,15996,California
Siskiyou,2021-05-11,87,28004,8,11082,74,16180,5,742,51,3399,36,12653,56,16052,California
Siskiyou,2021-05-12,56,28060,4,11086,48,16228,4,746,16,3379,40,12693,20,16072,California
Siskiyou,2021-05-13,83,28143,35,11121,39,16267,9,755,38,3381,45,12738,47,16119,California
Siskiyou,2021-05-14,176,28319,82,11203,93,16360,1,756,108,3423,67,12805,109,16228,California
Siskiyou,2021-05-15,43,28362,13,11216,28,16388,2,758,36,3455,6,12811,38,16266,California
Siskiyou,2021-05-16,6,28368,2,11218,4,16392,0,758,4,3457,2,12813,4,16270,California
Siskiyou,2021-05-17,66,28434,2,11220,41,16433,23,781,11,3436,55,12868,34,16304,California
Siskiyou,2021-05-18,220,28654,83,11303,133,16566,4,785,123,3467,96,12964,127,16431,California
Siskiyou,2021-05-19,156,28810,96,11399,59,16625,1,786,124,3560,32,12996,125,16556,California
Siskiyou,2021-05-20,532,29342,429,11828,101,16726,2,788,236,3504,294,13290,238,16794,California
Siskiyou,2021-05-21,197,29539,95,11923,102,16828,0,788,109,3526,87,13377,109,16903,California
Siskiyou,2021-05-22,41,29580,19,11942,22,16850,0,788,26,3537,15,13392,26,16929,California
Siskiyou,2021-05-23,4,29584,3,11945,1,16851,0,788,2,3537,2,13394,2,16931,California
Siskiyou,2021-05-24,18,29602,3,11948,15,16866,0,788,5,3530,12,13406,5,16936,California
Siskiyou,2021-05-25,157,29759,16,11964,121,16987,20,808,50,3495,105,13511,70,17006,California
Siskiyou,2021-05-26,76,29835,19,11983,57,17044,0,808,41,3501,35,13546,41,17047,California
Siskiyou,2021-05-27,133,29968,94,12077,37,17081,2,810,57,3484,76,13622,59,17106,California
Siskiyou,2021-05-28,156,30124,60,12137,95,17176,1,811,104,3538,51,13673,105,17211,California
Siskiyou,2021-05-29,16,30140,9,12146,4,17180,3,814,5,3535,11,13684,8,17219,California
Siskiyou,2021-05-31,2,30142,1,12147,0,17180,1,815,1,3536,1,13685,2,17221,California
Siskiyou,2021-06-01,86,30228,20,12167,66,17246,0,815,29,3509,56,13741,29,17250,California
Siskiyou,2021-06-02,122,30350,33,12200,89,17335,0,815,45,3477,77,13818,45,17295,California
Siskiyou,2021-06-03,156,30506,109,12309,42,17377,5,820,40,3406,116,13934,45,17340,California
Siskiyou,2021-06-04,99,30605,76,12385,23,17400,0,820,20,3347,79,14013,20,17360,California
Siskiyou,2021-06-05,37,30642,17,12402,19,17419,1,821,15,3341,22,14035,16,17376,California
Siskiyou,2021-06-06,3,30645,2,12404,0,17419,1,822,0,3339,3,14038,1,17377,California
Siskiyou,2021-06-07,38,30683,4,12408,30,17449,4,826,26,3357,12,14050,30,17407,California
Siskiyou,2021-06-08,207,30890,92,12500,112,17561,3,829,62,3282,140,14190,65,17472,California
Siskiyou,2021-06-09,113,31003,84,12584,28,17589,1,830,31,3232,82,14272,32,17504,California
Siskiyou,2021-06-10,177,31180,145,12729,31,17620,1,831,77,3210,100,14372,78,17582,California
Siskiyou,2021-06-11,110,31290,58,12787,45,17665,7,838,22,3172,67,14439,29,17611,California
Siskiyou,2021-06-12,29,31319,6,12793,23,17688,0,838,9,3161,20,14459,9,17620,California
Siskiyou,2021-06-13,24,31343,16,12809,8,17696,0,838,2,3141,22,14481,2,17622,California
Siskiyou,2021-06-14,24,31367,4,12813,16,17712,4,842,11,3142,13,14494,14,17636,California
Siskiyou,2021-06-15,88,31455,21,12834,54,17766,13,855,33,3133,55,14549,46,17682,California
Siskiyou,2021-06-16,102,31557,23,12857,77,17843,2,857,49,3131,53,14602,51,17733,California
Siskiyou,2021-06-17,185,31742,142,12999,31,17874,12,869,39,3037,145,14747,51,17784,California
Siskiyou,2021-06-18,99,31841,64,13063,27,17901,8,877,20,2986,79,14826,28,17812,California
Siskiyou,2021-06-19,26,31867,17,13080,9,17910,0,877,12,2984,14,14840,12,17824,California
Siskiyou,2021-06-20,2,31869,1,13081,0,17910,1,878,1,2985,1,14841,2,17826,California
Siskiyou,2021-06-21,37,31906,3,13084,33,17943,1,879,27,3003,10,14851,28,17854,California
Siskiyou,2021-06-22,65,31971,24,13108,37,17980,4,883,32,3006,33,14884,36,17890,California
Siskiyou,2021-06-23,52,32023,7,13115,41,18021,4,887,11,2981,40,14924,15,17905,California
Siskiyou,2021-06-24,92,32115,52,13167,31,18052,9,896,47,2992,45,14969,56,17961,California
Siskiyou,2021-06-25,95,32210,60,13227,35,18087,0,896,64,3025,31,15000,64,18025,California
Siskiyou,2021-06-26,8,32218,3,13230,5,18092,0,896,4,3025,4,15004,4,18029,California
Solano,2020-12-15,4,4,4,4,0,0,0,0,4,4,0,0,4,4,California
Solano,2020-12-16,70,74,70,74,0,0,0,0,70,74,0,0,70,74,California
Solano,2020-12-17,171,245,171,245,0,0,0,0,171,245,0,0,171,245,California
Solano,2020-12-18,479,724,478,723,1,1,0,0,479,724,0,0,479,724,California
Solano,2020-12-19,521,1245,521,1244,0,1,0,0,521,1245,0,0,521,1245,California
Solano,2020-12-20,357,1602,355,1599,2,3,0,0,357,1602,0,0,357,1602,California
Solano,2020-12-21,574,2176,572,2171,2,5,0,0,574,2176,0,0,574,2176,California
Solano,2020-12-22,663,2839,630,2801,33,38,0,0,663,2839,0,0,663,2839,California
Solano,2020-12-23,865,3704,774,3575,91,129,0,0,864,3702,1,1,864,3703,California
Solano,2020-12-24,425,4129,171,3746,254,383,0,0,425,4127,0,1,425,4128,California
Solano,2020-12-25,10,4139,2,3748,8,391,0,0,10,4137,0,1,10,4138,California
Solano,2020-12-26,175,4314,48,3796,127,518,0,0,175,4312,0,1,175,4313,California
Solano,2020-12-27,106,4420,29,3825,77,595,0,0,106,4418,0,1,106,4419,California
Solano,2020-12-28,878,5298,431,4256,447,1042,0,0,878,5296,0,1,878,5297,California
Solano,2020-12-29,910,6208,376,4632,534,1576,0,0,910,6206,0,1,910,6207,California
Solano,2020-12-30,1239,7447,603,5235,636,2212,0,0,1239,7445,0,1,1239,7446,California
Solano,2020-12-31,544,7991,140,5375,404,2616,0,0,544,7989,0,1,544,7990,California
Solano,2021-01-01,14,8005,13,5388,1,2617,0,0,14,8003,0,1,14,8004,California
Solano,2021-01-02,218,8223,170,5558,48,2665,0,0,218,8221,0,1,218,8222,California
Solano,2021-01-03,57,8280,41,5599,16,2681,0,0,51,8272,0,1,51,8273,California
Solano,2021-01-04,452,8732,244,5843,208,2889,0,0,443,8713,2,3,443,8716,California
Solano,2021-01-05,735,9467,381,6224,354,3243,0,0,574,9131,156,159,574,9290,California
Solano,2021-01-06,848,10315,438,6662,410,3653,0,0,576,9437,270,429,576,9866,California
Solano,2021-01-07,1070,11385,686,7348,384,4037,0,0,592,9554,476,905,593,10459,California
Solano,2021-01-08,1152,12537,784,8132,368,4405,0,0,549,9520,585,1490,551,11010,California
Solano,2021-01-09,885,13422,762,8894,123,4528,0,0,427,9492,455,1945,427,11437,California
Solano,2021-01-10,253,13675,192,9086,61,4589,0,0,152,9543,101,2046,152,11589,California
Solano,2021-01-11,1336,15011,1123,10209,213,4802,0,0,817,9841,519,2565,817,12406,California
Solano,2021-01-12,1583,16594,1181,11390,402,5204,0,0,1026,10312,556,3121,1027,13433,California
Solano,2021-01-13,1471,18065,1007,12397,464,5668,0,0,1212,11267,257,3378,1212,14645,California
Solano,2021-01-14,1910,19975,832,13229,1078,6746,0,0,1593,12544,316,3694,1593,16238,California
Solano,2021-01-15,1726,21701,1066,14295,660,7406,0,0,1425,13668,301,3995,1425,17663,California
Solano,2021-01-16,1296,22997,906,15201,390,7796,0,0,1122,14616,174,4169,1122,18785,California
Solano,2021-01-17,1055,24052,758,15959,297,8093,0,0,1034,15630,21,4190,1035,19820,California
Solano,2021-01-18,1434,25486,858,16817,576,8669,0,0,1313,16822,121,4311,1313,21133,California
Solano,2021-01-19,1665,27151,1347,18164,318,8987,0,0,1391,17940,273,4584,1391,22524,California
Solano,2021-01-20,2056,29207,1426,19590,630,9617,0,0,1569,19025,484,5068,1569,24093,California
Solano,2021-01-21,3218,32425,1034,20624,2184,11801,0,0,2858,21525,360,5428,2860,26953,California
Solano,2021-01-22,1794,34219,857,21481,937,12738,0,0,1593,22918,201,5629,1594,28547,California
Solano,2021-01-23,746,34965,244,21725,502,13240,0,0,535,23242,212,5841,536,29083,California
Solano,2021-01-24,410,35375,64,21789,346,13586,0,0,342,23516,68,5909,342,29425,California
Solano,2021-01-25,1677,37052,632,22421,1045,14631,0,0,1117,24075,559,6468,1118,30543,California
Solano,2021-01-26,1807,38859,749,23170,1058,15689,0,0,1162,24593,645,7113,1163,31706,California
Solano,2021-01-27,1813,40672,722,23892,1091,16780,0,0,1197,25178,612,7725,1197,32903,California
Solano,2021-01-28,1977,42649,713,24605,1264,18044,0,0,1379,25961,597,8322,1380,34283,California
Solano,2021-01-29,1722,44371,780,25385,942,18986,0,0,1356,26954,363,8685,1356,35639,California
Solano,2021-01-30,937,45308,437,25822,500,19486,0,0,609,27236,328,9013,610,36249,California
Solano,2021-01-31,268,45576,176,25998,92,19578,0,0,174,27317,93,9106,174,36423,California
Solano,2021-02-01,1558,47134,1031,27029,527,20105,0,0,772,27306,783,9889,772,37195,California
Solano,2021-02-02,3384,50518,1103,28132,2281,22386,0,0,2565,29057,814,10703,2565,39760,California
Solano,2021-02-03,2279,52797,1315,29447,964,23350,0,0,1172,29125,1104,11807,1172,40932,California
Solano,2021-02-04,1813,54610,903,30350,910,24260,0,0,1081,29479,727,12534,1081,42013,California
Solano,2021-02-05,3121,57731,1424,31774,1697,25957,0,0,2108,30581,1006,13540,2108,44121,California
Solano,2021-02-06,3077,60808,1171,32945,1906,27863,0,0,2258,32024,815,14355,2258,46379,California
Solano,2021-02-07,846,61654,781,33726,65,27928,0,0,235,31649,610,14965,235,46614,California
Solano,2021-02-08,1773,63427,1244,34970,529,28457,0,0,724,31326,1047,16012,724,47338,California
Solano,2021-02-09,1958,65385,1492,36462,466,28923,0,0,701,30771,1256,17268,701,48039,California
Solano,2021-02-10,2288,67673,1506,37968,782,29705,0,0,821,30126,1466,18734,821,48860,California
Solano,2021-02-11,2543,70216,1500,39468,1043,30748,0,0,1203,30000,1329,20063,1203,50063,California
Solano,2021-02-12,4278,74494,1637,41105,2641,33389,0,0,2912,31555,1358,21421,2913,52976,California
Solano,2021-02-13,2892,77386,247,41352,2645,36034,0,0,2477,33620,412,21833,2477,55453,California
Solano,2021-02-14,732,78118,204,41556,528,36562,0,0,406,33703,324,22157,407,55860,California
Solano,2021-02-15,1277,79395,267,41823,1010,37572,0,0,654,33734,623,22780,654,56514,California
Solano,2021-02-16,2578,81973,1392,43215,1186,38758,0,0,1677,34512,900,23680,1678,58192,California
Solano,2021-02-17,3266,85239,1458,44673,1808,40566,0,0,2209,35669,1054,24734,2211,60403,California
Solano,2021-02-18,2914,88153,850,45523,2064,42630,0,0,860,34482,2047,26781,860,61263,California
Solano,2021-02-19,2478,90631,1461,46984,1017,43647,0,0,1180,34372,1292,28073,1182,62445,California
Solano,2021-02-20,2748,93379,393,47377,2355,46002,0,0,2228,36080,520,28593,2228,64673,California
Solano,2021-02-21,2331,95710,2005,49382,326,46328,0,0,2001,37756,325,28918,2001,66674,California
Solano,2021-02-22,1816,97526,1065,50447,751,47079,0,0,944,37832,869,29787,945,67619,California
Solano,2021-02-23,2956,100482,1148,51595,1808,48887,0,0,2004,38887,949,30736,2004,69623,California
Solano,2021-02-24,2539,103021,1270,52865,1269,50156,0,0,1412,39176,1124,31860,1413,71036,California
Solano,2021-02-25,2643,105664,1569,54434,1074,51230,0,0,1457,39452,1181,33041,1457,72493,California
Solano,2021-02-26,3547,109211,2274,56708,1273,52503,0,0,2099,40108,1443,34484,2099,74592,California
Solano,2021-02-27,3987,113198,1539,58247,2447,54950,1,1,3222,42576,755,35239,3223,77815,California
Solano,2021-02-28,1948,115146,1571,59818,376,55326,1,2,1618,43868,327,35566,1619,79434,California
Solano,2021-03-01,2747,117893,1222,61040,1524,56850,1,3,2071,45270,670,36236,2072,81506,California
Solano,2021-03-02,2307,120200,1407,62447,900,57750,0,3,1292,45548,1014,37250,1292,82798,California
Solano,2021-03-03,2267,122467,1275,63722,992,58742,0,3,1403,46097,855,38105,1404,84202,California
Solano,2021-03-04,4425,126892,3433,67155,990,59732,2,5,3167,48021,1248,39353,3172,87374,California
Solano,2021-03-05,4956,131848,1682,68837,3269,63001,5,10,3970,51021,975,40328,3975,91349,California
Solano,2021-03-06,3863,135711,836,69673,2988,65989,39,49,2648,52504,1204,41532,2687,94036,California
Solano,2021-03-07,3579,139290,763,70436,2806,68795,10,59,1954,52857,1612,43144,1965,96001,California
Solano,2021-03-08,2157,141447,1353,71789,535,69330,269,328,1620,54215,529,43673,1887,97888,California
Solano,2021-03-09,3244,144691,1576,73365,1613,70943,55,383,2334,55692,908,44581,2385,100273,California
Solano,2021-03-10,2431,147122,1763,75128,582,71525,86,469,1275,55901,1151,45732,1360,101633,California
Solano,2021-03-11,6045,153167,1764,76892,4027,75552,254,723,4985,60086,1055,46787,5240,106873,California
Solano,2021-03-12,6053,159220,1581,78473,4293,79845,179,902,3170,60557,2877,49664,3348,110221,California
Solano,2021-03-13,4609,163829,807,79280,3717,83562,85,987,2235,60513,2367,52031,2323,112544,California
Solano,2021-03-14,4022,167851,3137,82417,430,83992,455,1442,1556,60060,2461,54492,2008,114552,California
Solano,2021-03-15,4035,171886,2462,84879,1245,85237,328,1770,2518,61396,1508,56000,2844,117396,California
Solano,2021-03-16,3098,174984,1325,86204,1538,86775,235,2005,1570,61677,1523,57523,1804,119200,California
Solano,2021-03-17,6512,181496,1685,87889,4732,91507,95,2100,4949,65161,1560,59083,5044,124244,California
Solano,2021-03-18,5219,186715,1856,89745,3325,94832,38,2138,3748,67485,1463,60546,3787,128031,California
Solano,2021-03-19,3589,190304,2652,92397,862,95694,75,2213,1635,67251,1945,62491,1711,129742,California
Solano,2021-03-20,5589,195893,1681,94078,3853,99547,55,2268,2633,66993,2946,65437,2688,132430,California
Solano,2021-03-21,1695,197588,1587,95665,83,99630,25,2293,376,66077,1315,66752,399,132829,California
Solano,2021-03-22,2706,200294,2053,97718,602,100232,51,2344,1572,66569,1128,67880,1620,134449,California
Solano,2021-03-23,3559,203853,1681,99399,1834,102066,44,2388,1396,65851,2157,70037,1439,135888,California
Solano,2021-03-24,2842,206695,1775,101174,1032,103098,35,2423,1361,65771,1474,71511,1394,137282,California
Solano,2021-03-25,4891,211586,4004,105178,852,103950,35,2458,2275,65470,2611,74122,2310,139592,California
Solano,2021-03-26,3246,214832,2107,107285,1102,105052,37,2495,1742,65755,1494,75616,1779,141371,California
Solano,2021-03-27,4222,219054,1162,108447,3020,108072,40,2535,1661,64899,2555,78171,1699,143070,California
Solano,2021-03-28,1424,220478,1112,109559,294,108366,18,2553,539,64575,881,79052,557,143627,California
Solano,2021-03-29,3540,224018,2046,111605,1478,109844,16,2569,1549,64163,1978,81030,1566,145193,California
Solano,2021-03-30,3055,227073,2023,113628,940,110784,92,2661,1904,65008,1150,82180,1995,147188,California
Solano,2021-03-31,3155,230228,2147,115775,847,111631,161,2822,1846,65705,1306,83486,2003,149191,California
Solano,2021-04-01,5574,235802,2113,117888,3308,114939,153,2975,3517,67331,2044,85530,3670,152861,California
Solano,2021-04-02,6630,242432,2235,120123,4226,119165,169,3144,2552,65988,4062,89592,2719,155580,California
Solano,2021-04-03,1531,243963,970,121093,408,119573,153,3297,568,65747,961,90553,720,156300,California
Solano,2021-04-04,781,244744,288,121381,193,119766,300,3597,241,65752,536,91089,541,156841,California
Solano,2021-04-05,3012,247756,2060,123441,744,120510,208,3805,1518,65984,1492,92581,1724,158565,California
Solano,2021-04-06,6067,253823,1641,125082,3938,124448,488,4293,1640,63692,4418,96999,2126,160691,California
Solano,2021-04-07,5989,259812,4640,129722,947,125395,402,4695,3404,64931,2565,99564,3804,164495,California
Solano,2021-04-08,6501,266313,1802,131524,3826,129221,873,5568,1809,62942,4662,104226,2673,167168,California
Solano,2021-04-09,6321,272634,1665,133189,3805,133026,851,6419,1526,60544,4769,108995,2371,169539,California
Solano,2021-04-10,1754,274388,965,134154,452,133478,337,6756,809,60745,943,109938,1144,170683,California
Solano,2021-04-11,1238,275626,772,134926,335,133813,131,6887,641,60923,594,110532,772,171455,California
Solano,2021-04-12,3298,278924,1702,136628,1232,135045,364,7251,1351,60694,1941,112473,1712,173167,California
Solano,2021-04-13,2572,281496,1115,137743,1456,136501,1,7252,1339,60805,1229,113702,1340,174507,California
Solano,2021-04-14,6544,288040,1967,139710,4577,141078,0,7252,1853,57976,4683,118385,1854,176361,California
Solano,2021-04-15,5740,293780,2170,141880,3569,144647,1,7253,1746,55743,3980,122365,1747,178108,California
Solano,2021-04-16,3712,297492,2599,144479,1111,145758,2,7255,2300,56641,1404,123769,2302,180410,California
Solano,2021-04-17,3289,300781,1072,145551,2217,147975,0,7255,1124,55614,2153,125922,1126,181536,California
Solano,2021-04-18,1052,301833,657,146208,395,148370,0,7255,546,55655,505,126427,546,182082,California
Solano,2021-04-19,2158,303991,1172,147380,986,149356,0,7255,1170,55845,982,127409,1172,183254,California
Solano,2021-04-20,3074,307065,1883,149263,1191,150547,0,7255,1700,56177,1368,128777,1700,184954,California
Solano,2021-04-21,3892,310957,2407,151670,1485,152032,0,7255,2039,56372,1844,130621,2039,186993,California
Solano,2021-04-22,3045,314002,1525,153195,1520,153552,0,7255,1806,56943,1235,131856,1806,188799,California
Solano,2021-04-23,4215,318217,2138,155333,2077,155629,0,7255,2536,57807,1674,133530,2538,191337,California
Solano,2021-04-24,3891,322108,2344,157677,1545,157174,2,7257,2583,59170,1222,134752,2585,193922,California
Solano,2021-04-25,1430,323538,1116,158793,314,157488,0,7257,1130,60007,293,135045,1130,195052,California
Solano,2021-04-26,2615,326153,1701,160494,910,158398,4,7261,1445,60300,1157,136202,1450,196502,California
Solano,2021-04-27,2603,328756,1309,161803,1264,159662,30,7291,1475,60689,1117,137319,1506,198008,California
Solano,2021-04-28,6069,334825,5017,166820,1006,160668,46,7337,3794,62270,2260,139579,3841,201849,California
Solano,2021-04-29,4572,339397,1474,168294,3063,163731,35,7372,2065,61873,2497,142076,2100,203949,California
Solano,2021-04-30,4163,343560,2223,170517,1800,165531,140,7512,1938,61741,2210,144286,2078,206027,California
Solano,2021-05-01,2186,345746,1684,172201,302,165833,200,7712,1299,62359,881,145167,1499,207526,California
Solano,2021-05-02,1200,346946,941,173142,234,166067,25,7737,661,62511,534,145701,686,208212,California
Solano,2021-05-03,1467,348413,1019,174161,361,166428,87,7824,604,62343,860,146561,692,208904,California
Solano,2021-05-04,1826,350239,1071,175232,689,167117,66,7890,822,62229,1002,147563,888,209792,California
Solano,2021-05-05,2287,352526,1442,176674,732,167849,113,8003,1102,62261,1181,148744,1213,211005,California
Solano,2021-05-06,1996,354522,1195,177869,592,168441,209,8212,726,61930,1258,150002,927,211932,California
Solano,2021-05-07,2831,357353,1972,179841,739,169180,120,8332,983,61191,1840,151842,1101,213033,California
Solano,2021-05-08,1479,358832,936,180777,427,169607,116,8448,571,60974,904,152746,687,213720,California
Solano,2021-05-09,453,359285,276,181053,166,169773,11,8459,176,60888,274,153020,188,213908,California
Solano,2021-05-10,1369,360654,644,181697,618,170391,107,8566,388,60406,976,153996,494,214402,California
Solano,2021-05-11,2341,362995,1210,182907,1042,171433,89,8655,681,59521,1655,155651,770,215172,California
Solano,2021-05-12,2190,365185,1265,184172,750,172183,175,8830,727,58973,1448,157099,900,216072,California
Solano,2021-05-13,3077,368262,2120,186292,745,172928,212,9042,1628,59368,1445,158544,1840,217912,California
Solano,2021-05-14,2495,370757,1702,187994,671,173599,122,9164,1056,59115,1431,159975,1178,219090,California
Solano,2021-05-15,3414,374171,2763,190757,566,174165,85,9249,1301,58399,2101,162076,1385,220475,California
Solano,2021-05-16,1539,375710,1141,191898,365,174530,33,9282,276,57448,1259,163335,308,220783,California
Solano,2021-05-17,2458,378168,1412,193310,959,175489,87,9369,864,56821,1574,164909,947,221730,California
Solano,2021-05-18,2938,381106,1633,194943,1216,176705,89,9458,1462,56909,1463,166372,1551,223281,California
Solano,2021-05-19,5515,386621,3954,198897,1429,178134,132,9590,2095,55725,3411,169783,2227,225508,California
Solano,2021-05-20,2619,389240,1582,200479,974,179108,63,9653,943,55064,1667,171450,1006,226514,California
Solano,2021-05-21,3555,392795,1868,202347,1618,180726,69,9722,1366,54319,2180,173630,1435,227949,California
Solano,2021-05-22,2738,395533,2109,204456,535,181261,94,9816,1151,53983,1580,175210,1244,229193,California
Solano,2021-05-23,1411,396944,1165,205621,221,181482,25,9841,756,54112,652,175862,781,229974,California
Solano,2021-05-24,1889,398833,1095,206716,721,182203,73,9914,640,53582,1242,177104,712,230686,California
Solano,2021-05-25,1619,400452,820,207536,741,182944,58,9972,579,53186,1032,178136,636,231322,California
Solano,2021-05-26,1895,402347,1088,208624,750,183694,57,10029,708,52770,1182,179318,766,232088,California
Solano,2021-05-27,2129,404476,942,209566,1112,184806,75,10104,875,52476,1243,180561,949,233037,California
Solano,2021-05-28,2018,406494,1024,210590,938,185744,56,10160,759,52041,1251,181812,816,233853,California
Solano,2021-05-29,655,407149,324,210914,300,186044,31,10191,302,52023,350,182162,332,234185,California
Solano,2021-05-30,323,407472,155,211069,143,186187,25,10216,114,51956,206,182368,139,234324,California
Solano,2021-05-31,130,407602,20,211089,101,186288,9,10225,26,51887,104,182472,35,234359,California
Solano,2021-06-01,1828,409430,1173,212262,576,186864,79,10304,721,51586,1102,183574,801,235160,California
Solano,2021-06-02,1826,411256,1287,213549,473,187337,66,10370,925,51680,894,184468,988,236148,California
Solano,2021-06-03,2190,413446,1729,215278,378,187715,83,10453,704,50988,1480,185948,788,236936,California
Solano,2021-06-04,1652,415098,1146,216424,440,188155,66,10519,503,50412,1145,187093,569,237505,California
Solano,2021-06-05,1422,416520,1028,217452,343,188498,51,10570,471,49989,945,188038,522,238027,California
Solano,2021-06-06,672,417192,552,218004,87,188585,33,10603,361,50073,310,188348,394,238421,California
Solano,2021-06-07,1242,418434,949,218953,230,188815,63,10666,411,49720,827,189175,474,238895,California
Solano,2021-06-08,1831,420265,1322,220275,475,189290,34,10700,487,48902,1339,190514,521,239416,California
Solano,2021-06-09,2101,422366,1788,222063,251,189541,62,10762,674,48216,1421,191935,735,240151,California
Solano,2021-06-10,1219,423585,848,222911,305,189846,66,10828,390,47851,821,192756,456,240607,California
Solano,2021-06-11,1599,425184,1271,224182,262,190108,66,10894,588,47498,1006,193762,653,241260,California
Solano,2021-06-12,1200,426384,921,225103,218,190326,61,10955,207,46780,986,194748,268,241528,California
Solano,2021-06-13,607,426991,517,225620,81,190407,9,10964,110,46402,497,195245,119,241647,California
Solano,2021-06-14,1313,428304,930,226550,349,190756,34,10998,279,45687,1026,196271,311,241958,California
Solano,2021-06-15,1466,429770,931,227481,484,191240,51,11049,610,45499,849,197120,661,242619,California
Solano,2021-06-16,1159,430929,769,228250,321,191561,69,11118,394,45201,760,197880,462,243081,California
Solano,2021-06-17,1218,432147,930,229180,219,191780,69,11187,432,44933,768,198648,500,243581,California
Solano,2021-06-18,1179,433326,875,230055,237,192017,67,11254,441,44708,733,199381,508,244089,California
Solano,2021-06-19,427,433753,300,230355,100,192117,27,11281,162,44636,261,199642,189,244278,California
Solano,2021-06-20,183,433936,140,230495,36,192153,7,11288,85,44630,98,199740,92,244370,California
Solano,2021-06-21,631,434567,406,230901,162,192315,63,11351,395,44853,235,199975,458,244828,California
Solano,2021-06-22,1148,435715,867,231768,236,192551,45,11396,421,44596,723,200698,466,245294,California
Solano,2021-06-23,1299,437014,1054,232822,174,192725,71,11467,450,44272,844,201542,520,245814,California
Solano,2021-06-24,888,437902,677,233499,149,192874,62,11529,380,44209,505,202047,442,246256,California
Solano,2021-06-25,1009,438911,700,234199,242,193116,67,11596,455,44193,538,202585,522,246778,California
Solano,2021-06-26,507,439418,388,234587,92,193208,27,11623,192,44098,314,202899,219,246997,California
Solano,2021-06-27,296,439714,247,234834,47,193255,2,11625,87,43979,208,203107,89,247086,California
Sonoma,2020-12-15,4,4,4,4,0,0,0,0,4,4,0,0,4,4,California
Sonoma,2020-12-16,27,31,27,31,0,0,0,0,27,31,0,0,27,31,California
Sonoma,2020-12-17,111,142,111,142,0,0,0,0,111,142,0,0,111,142,California
Sonoma,2020-12-18,436,578,436,578,0,0,0,0,436,578,0,0,436,578,California
Sonoma,2020-12-19,112,690,111,689,1,1,0,0,112,690,0,0,112,690,California
Sonoma,2020-12-20,176,866,176,865,0,1,0,0,176,866,0,0,176,866,California
Sonoma,2020-12-21,911,1777,909,1774,2,3,0,0,910,1776,0,0,910,1776,California
Sonoma,2020-12-22,1356,3133,1265,3039,91,94,0,0,1356,3132,0,0,1356,3132,California
Sonoma,2020-12-23,1606,4739,1229,4268,377,471,0,0,1607,4739,0,0,1607,4739,California
Sonoma,2020-12-24,307,5046,102,4370,205,676,0,0,307,5046,0,0,307,5046,California
Sonoma,2020-12-25,8,5054,2,4372,6,682,0,0,8,5054,0,0,8,5054,California
Sonoma,2020-12-26,268,5322,257,4629,11,693,0,0,268,5322,0,0,268,5322,California
Sonoma,2020-12-27,94,5416,80,4709,14,707,0,0,94,5416,0,0,94,5416,California
Sonoma,2020-12-28,981,6397,547,5256,434,1141,0,0,954,6370,0,0,954,6370,California
Sonoma,2020-12-29,1135,7532,781,6037,354,1495,0,0,1101,7471,0,0,1101,7471,California
Sonoma,2020-12-30,1095,8627,481,6518,614,2109,0,0,1087,8558,0,0,1087,8558,California
Sonoma,2020-12-31,518,9145,69,6587,449,2558,0,0,519,9077,0,0,519,9077,California
Sonoma,2021-01-01,171,9316,81,6668,90,2648,0,0,171,9248,0,0,171,9248,California
Sonoma,2021-01-02,139,9455,130,6798,9,2657,0,0,139,9387,0,0,139,9387,California
Sonoma,2021-01-03,25,9480,10,6808,15,2672,0,0,25,9412,0,0,25,9412,California
Sonoma,2021-01-04,343,9823,107,6915,236,2908,0,0,342,9754,0,0,342,9754,California
Sonoma,2021-01-05,436,10259,102,7017,334,3242,0,0,410,10148,16,16,410,10164,California
Sonoma,2021-01-06,951,11210,432,7449,519,3761,0,0,836,10875,109,125,836,11000,California
Sonoma,2021-01-07,1034,12244,536,7985,498,4259,0,0,859,11560,174,299,859,11859,California
Sonoma,2021-01-08,1795,14039,1233,9218,562,4821,0,0,1311,12389,482,781,1311,13170,California
Sonoma,2021-01-09,642,14681,402,9620,240,5061,0,0,594,12935,48,829,594,13764,California
Sonoma,2021-01-10,471,15152,460,10080,11,5072,0,0,277,13018,194,1023,277,14041,California
Sonoma,2021-01-11,1389,16541,1241,11321,148,5220,0,0,415,12464,969,1992,415,14456,California
Sonoma,2021-01-12,1551,18092,1294,12615,257,5477,0,0,401,11717,1148,3140,401,14857,California
Sonoma,2021-01-13,2053,20145,1370,13985,683,6160,0,0,1186,12040,864,4004,1187,16044,California
Sonoma,2021-01-14,1542,21687,808,14793,734,6894,0,0,1313,13124,229,4233,1313,17357,California
Sonoma,2021-01-15,1564,23251,632,15425,932,7826,0,0,1340,14252,214,4447,1342,18699,California
Sonoma,2021-01-16,1152,24403,617,16042,535,8361,0,0,905,14914,243,4690,905,19604,California
Sonoma,2021-01-17,680,25083,557,16599,123,8484,0,0,600,15434,80,4770,600,20204,California
Sonoma,2021-01-18,1110,26193,939,17538,171,8655,0,0,620,15565,490,5260,621,20825,California
Sonoma,2021-01-19,2104,28297,1005,18543,1099,9754,0,0,1389,16242,713,5973,1390,22215,California
Sonoma,2021-01-20,2191,30488,714,19257,1477,11231,0,0,1519,17100,662,6635,1520,23735,California
Sonoma,2021-01-21,2318,32806,675,19932,1643,12874,0,0,2089,18963,227,6862,2090,25825,California
Sonoma,2021-01-22,2773,35579,1060,20992,1713,14587,0,0,2622,21435,150,7012,2622,28447,California
Sonoma,2021-01-23,771,36350,596,21588,175,14762,0,0,660,21985,110,7122,660,29107,California
Sonoma,2021-01-24,849,37199,714,22302,135,14897,0,0,831,22798,18,7140,831,29938,California
Sonoma,2021-01-25,2183,39382,520,22822,1663,16560,0,0,1692,23999,491,7631,1692,31630,California
Sonoma,2021-01-26,2062,41444,309,23131,1753,18313,0,0,1595,25128,466,8097,1595,33225,California
Sonoma,2021-01-27,3744,45188,1279,24410,2465,20778,0,0,3162,27712,580,8677,3164,36389,California
Sonoma,2021-01-28,4138,49326,1843,26253,2295,23073,0,0,3455,30489,680,9357,3457,39846,California
Sonoma,2021-01-29,3019,52345,1421,27674,1598,24671,0,0,2171,31816,846,10203,2173,42019,California
Sonoma,2021-01-30,2603,54948,2406,30080,197,24868,0,0,2253,33722,348,10551,2254,44273,California
Sonoma,2021-01-31,800,55748,685,30765,115,24983,0,0,569,34061,230,10781,569,44842,California
Sonoma,2021-02-01,2501,58249,862,31627,1639,26622,0,0,2114,35792,383,11164,2114,46956,California
Sonoma,2021-02-02,3615,61864,1402,33029,2213,28835,0,0,3027,38234,585,11749,3027,49983,California
Sonoma,2021-02-03,4073,65937,1334,34363,2739,31574,0,0,3124,40413,945,12694,3124,53107,California
Sonoma,2021-02-04,4248,70185,1744,36107,2504,34078,0,0,3449,43066,797,13491,3450,56557,California
Sonoma,2021-02-05,4859,75044,1760,37867,3099,37177,0,0,3804,45821,1050,14541,3805,60362,California
Sonoma,2021-02-06,2670,77714,2301,40168,369,37546,0,0,2129,47410,540,15081,2129,62491,California
Sonoma,2021-02-07,1553,79267,1415,41583,138,37684,0,0,1292,48441,261,15342,1292,63783,California
Sonoma,2021-02-08,3286,82553,1042,42625,2244,39928,0,0,2685,50528,598,15940,2685,66468,California
Sonoma,2021-02-09,3595,86148,1712,44337,1883,41811,0,0,3110,53156,483,16423,3111,69579,California
Sonoma,2021-02-10,4593,90741,2509,46846,2084,43895,0,0,3569,55708,1018,17441,3570,73149,California
Sonoma,2021-02-11,5635,96376,3043,49889,2592,46487,0,0,4357,58790,1275,18716,4357,77506,California
Sonoma,2021-02-12,5962,102338,3280,53169,2682,49169,0,0,4508,61853,1449,20165,4512,82018,California
Sonoma,2021-02-13,2016,104354,1163,54332,853,50022,0,0,1209,62258,804,20969,1209,83227,California
Sonoma,2021-02-14,2331,106685,1827,56159,504,50526,0,0,1581,63093,746,21715,1581,84808,California
Sonoma,2021-02-15,2150,108835,792,56951,1358,51884,0,0,1605,64153,545,22260,1605,86413,California
Sonoma,2021-02-16,4983,113818,2122,59073,2861,54745,0,0,3706,66588,1273,23533,3708,90121,California
Sonoma,2021-02-17,5641,119459,2932,62005,2709,57454,0,0,3568,68096,2062,25595,3570,93691,California
Sonoma,2021-02-18,6986,126445,3162,65167,3824,61278,0,0,4022,69174,2946,28541,4024,97715,California
Sonoma,2021-02-19,5620,132065,1717,66884,3903,65181,0,0,3483,70530,2129,30670,3485,101200,California
Sonoma,2021-02-20,3149,135214,2851,69735,298,65479,0,0,1228,69845,1913,32583,1228,102428,California
Sonoma,2021-02-21,551,135765,437,70172,114,65593,0,0,148,69596,397,32980,148,102576,California
Sonoma,2021-02-22,2964,138729,1405,71577,1559,67152,0,0,1228,69098,1726,34706,1228,103804,California
Sonoma,2021-02-23,3460,142189,2126,73703,1334,68486,0,0,1622,68889,1831,36537,1622,105426,California
Sonoma,2021-02-24,5727,147916,2575,76278,3152,71638,0,0,2932,69036,2786,39323,2933,108359,California
Sonoma,2021-02-25,6017,153933,2359,78637,3658,75296,0,0,3226,69495,2767,42090,3226,111585,California
Sonoma,2021-02-26,6646,160579,2932,81569,3714,79010,0,0,4215,71288,2422,44512,4215,115800,California
Sonoma,2021-02-27,4232,164811,1961,83530,2271,81281,0,0,2842,72743,1387,45899,2842,118642,California
Sonoma,2021-02-28,2504,167315,1853,85383,650,81931,1,1,761,71772,1733,47632,762,119404,California
Sonoma,2021-03-01,4139,171454,1321,86704,2817,84748,1,2,2166,71983,1957,49589,2168,121572,California
Sonoma,2021-03-02,4422,175876,1525,88229,2895,87643,2,4,2551,72676,1860,51449,2553,124125,California
Sonoma,2021-03-03,5093,180969,2646,90875,2447,90090,0,4,2339,72275,2740,54189,2339,126464,California
Sonoma,2021-03-04,5981,186950,2689,93564,3292,93382,0,4,2591,71490,3376,57565,2591,129055,California
Sonoma,2021-03-05,6511,193461,2871,96435,3625,97007,15,19,2747,70508,3745,61310,2763,131818,California
Sonoma,2021-03-06,2808,196269,1230,97665,1441,98448,137,156,1929,71702,871,62181,2065,133883,California
Sonoma,2021-03-07,1737,198006,1401,99066,300,98748,36,192,402,70808,1332,63513,438,134321,California
Sonoma,2021-03-08,4089,202095,666,99732,3248,101996,175,367,2394,71694,1681,65194,2567,136888,California
Sonoma,2021-03-09,5624,207719,3099,102831,2257,104253,268,635,2713,71763,2899,68093,2968,139856,California
Sonoma,2021-03-10,6056,213775,3220,106051,2486,106739,350,985,2443,70957,3597,71690,2791,142647,California
Sonoma,2021-03-11,7570,221345,3031,109082,3715,110454,824,1809,2565,69354,4989,76679,3386,146033,California
Sonoma,2021-03-12,7435,228780,2273,111355,3798,114252,1364,3173,2066,67436,5343,82022,3425,149458,California
Sonoma,2021-03-13,3456,232236,1713,113068,1504,115756,239,3412,2019,68254,1435,83457,2253,151711,California
Sonoma,2021-03-14,1404,233640,392,113460,869,116625,143,3555,853,68702,548,84005,996,152707,California
Sonoma,2021-03-15,5258,238898,1522,114982,3349,119974,387,3942,2178,68202,3063,87068,2563,155270,California
Sonoma,2021-03-16,6329,245227,2272,117254,3827,123801,230,4172,2905,67918,3417,90485,3133,158403,California
Sonoma,2021-03-17,6803,252030,3549,120803,3075,126876,179,4351,3293,67894,3494,93979,3470,161873,California
Sonoma,2021-03-18,7162,259192,2955,123758,3591,130467,616,4967,3126,67608,4023,98002,3737,165610,California
Sonoma,2021-03-19,7530,266722,3263,127021,4036,134503,231,5198,3058,66451,4450,102452,3293,168903,California
Sonoma,2021-03-20,3732,270454,1761,128782,1147,135650,824,6022,2020,67586,1704,104156,2839,171742,California
Sonoma,2021-03-21,1400,271854,613,129395,752,136402,35,6057,1211,68649,183,104339,1246,172988,California
Sonoma,2021-03-22,4577,276431,3118,132513,1359,137761,100,6157,3331,70840,1240,105579,3431,176419,California
Sonoma,2021-03-23,5877,282308,3640,136153,2163,139924,74,6231,4428,73905,1438,107017,4503,180922,California
Sonoma,2021-03-24,6843,289151,4284,140437,2484,142408,75,6306,4165,75487,2656,109673,4238,185160,California
Sonoma,2021-03-25,7142,296293,4203,144640,2827,145235,112,6418,4292,77071,2822,112495,4406,189566,California
Sonoma,2021-03-26,7478,303771,3478,148118,3905,149140,95,6513,3820,77354,3631,116126,3914,193480,California
Sonoma,2021-03-27,3873,307644,1518,149636,1993,151133,362,6875,999,75852,2860,118986,1358,194838,California
Sonoma,2021-03-28,1518,309162,953,150589,537,151670,28,6903,800,75964,714,119700,826,195664,California
Sonoma,2021-03-29,2989,312151,1111,151700,1845,153515,33,6936,1548,76113,1432,121132,1581,197245,California
Sonoma,2021-03-30,5911,318062,3231,154931,2617,156132,63,6999,3093,76460,2809,123941,3156,200401,California
Sonoma,2021-03-31,5648,323710,3418,158349,2013,158145,217,7216,3248,77540,2385,126326,3465,203866,California
Sonoma,2021-04-01,6965,330675,4076,162425,2544,160689,345,7561,3781,78499,3157,129483,4116,207982,California
Sonoma,2021-04-02,5976,336651,3579,166004,2287,162976,110,7671,3579,79801,2386,131869,3688,211670,California
Sonoma,2021-04-03,3663,340314,1825,167829,1610,164586,228,7899,1601,79579,2047,133916,1825,213495,California
Sonoma,2021-04-04,1068,341382,694,168523,283,164869,91,7990,648,79903,415,134331,739,214234,California
Sonoma,2021-04-05,4451,345833,663,169186,3441,168310,347,8337,1673,79153,2770,137101,2020,216254,California
Sonoma,2021-04-06,6936,352769,3513,172699,3012,171322,411,8748,4029,80700,2891,139992,4438,220692,California
Sonoma,2021-04-07,6860,359629,3872,176571,2140,173462,848,9596,3338,81373,3505,143497,4178,224870,California
Sonoma,2021-04-08,7681,367310,4152,180723,2752,176214,777,10373,4202,82881,3466,146963,4974,229844,California
Sonoma,2021-04-09,6872,374182,3835,184558,2145,178359,892,11265,3532,83972,3326,150289,4417,234261,California
Sonoma,2021-04-10,3925,378107,1709,186267,1653,180012,563,11828,1155,82926,2757,153046,1711,235972,California
Sonoma,2021-04-11,1292,379399,613,186880,597,180609,82,11910,440,82598,850,153896,522,236494,California
Sonoma,2021-04-12,4971,384370,2069,188949,2415,183024,487,12397,1854,81829,3103,156999,2334,238828,California
Sonoma,2021-04-13,7949,392319,4680,193629,3265,186289,4,12401,3055,80007,4880,161879,3058,241886,California
Sonoma,2021-04-14,6708,399027,3789,197418,2898,189187,21,12422,2582,78496,4112,165991,2601,244487,California
Sonoma,2021-04-15,7555,406582,4287,201705,3268,192455,0,12422,3675,78309,3863,169854,3676,248163,California
Sonoma,2021-04-16,6937,413519,3466,205171,3469,195924,2,12424,3919,79224,3007,172861,3922,252085,California
Sonoma,2021-04-17,3542,417061,1830,207001,1712,197636,0,12424,1693,79087,1831,174692,1694,253779,California
Sonoma,2021-04-18,1413,418474,1012,208013,401,198037,0,12424,542,78759,870,175562,542,254321,California
Sonoma,2021-04-19,3443,421917,1894,209907,1548,199585,1,12425,1530,78383,1907,177469,1531,255852,California
Sonoma,2021-04-20,6402,428319,3536,213443,2865,202450,1,12426,2389,76776,3999,181468,2392,258244,California
Sonoma,2021-04-21,6822,435141,4353,217796,2467,204917,2,12428,3123,76223,3677,185145,3124,261368,California
Sonoma,2021-04-22,6470,441611,4519,222315,1950,206867,1,12429,2628,75029,3822,188967,2628,263996,California
Sonoma,2021-04-23,7568,449179,4670,226985,2891,209758,7,12436,3694,74871,3860,192827,3702,267698,California
Sonoma,2021-04-24,2786,451965,1515,228500,1257,211015,14,12450,1548,75200,1233,194060,1562,269260,California
Sonoma,2021-04-25,1086,453051,789,229289,297,211312,0,12450,431,74979,652,194712,431,269691,California
Sonoma,2021-04-26,2998,456049,1432,230721,1538,212850,28,12478,1633,75284,1356,196068,1661,271352,California
Sonoma,2021-04-27,5531,461580,3736,234457,1671,214521,124,12602,2247,74382,3272,199340,2370,273722,California
Sonoma,2021-04-28,4924,466504,3236,237693,1488,216009,200,12802,2112,73894,2795,202135,2307,276029,California
Sonoma,2021-04-29,5099,471603,3597,241290,1359,217368,143,12945,1922,72794,3165,205300,2065,278094,California
Sonoma,2021-04-30,5563,477166,3633,244923,1634,219002,296,13241,1831,71204,3716,209016,2126,280220,California
Sonoma,2021-05-01,2515,479681,1784,246707,625,219627,106,13347,1247,71294,1258,210274,1348,281568,California
Sonoma,2021-05-02,871,480552,650,247357,170,219797,51,13398,554,71583,317,210591,606,282174,California
Sonoma,2021-05-03,3253,483805,1682,249039,1426,221223,145,13543,1071,70628,2169,212760,1214,283388,California
Sonoma,2021-05-04,4611,488416,2412,251451,2021,223244,178,13721,1466,69144,3122,215882,1638,285026,California
Sonoma,2021-05-05,3716,492132,2188,253639,1334,224578,194,13915,1325,68286,2375,218257,1517,286543,California
Sonoma,2021-05-06,4596,496728,2423,256062,2046,226624,127,14042,1313,66502,3221,221478,1437,287980,California
Sonoma,2021-05-07,3644,500372,2328,258390,1193,227817,123,14165,1101,65196,2530,224008,1224,289204,California
Sonoma,2021-05-08,1923,502295,1292,259682,539,228356,92,14257,681,64740,1229,225237,773,289977,California
Sonoma,2021-05-09,500,502795,286,259968,173,228529,41,14298,159,64604,336,225573,200,290177,California
Sonoma,2021-05-10,2363,505158,1040,261008,1190,229719,133,14431,297,62983,2048,227621,427,290604,California
Sonoma,2021-05-11,3602,508760,1940,262948,1539,231258,123,14554,882,61286,2702,230323,1005,291609,California
Sonoma,2021-05-12,4079,512839,2499,265447,1428,232686,152,14706,852,59074,3215,233538,1003,292612,California
Sonoma,2021-05-13,4964,517803,2837,268284,1997,234683,130,14836,1658,57567,3293,236831,1786,294398,California
Sonoma,2021-05-14,5850,523653,3609,271893,2104,236787,137,14973,2217,56304,3618,240449,2355,296753,California
Sonoma,2021-05-15,2989,526642,2200,274093,726,237513,63,15036,1873,57132,1108,241557,1936,298689,California
Sonoma,2021-05-16,1352,527994,1134,275227,159,237672,59,15095,997,57838,350,241907,1056,299745,California
Sonoma,2021-05-17,2442,530436,1815,277042,532,238204,95,15190,887,57268,1550,243457,980,300725,California
Sonoma,2021-05-18,4333,534769,2858,279900,1366,239570,109,15299,1462,55986,2852,246309,1570,302295,California
Sonoma,2021-05-19,3870,538639,2415,282315,1340,240910,115,15414,1492,55231,2362,248671,1607,303902,California
Sonoma,2021-05-20,3424,542063,2244,284559,1086,241996,94,15508,1337,54582,2074,250745,1425,305327,California
Sonoma,2021-05-21,4261,546324,2395,286954,1737,243733,129,15637,1506,53470,2732,253477,1620,306947,California
Sonoma,2021-05-22,2339,548663,1282,288236,1017,244750,40,15677,665,52513,1662,255139,705,307652,California
Sonoma,2021-05-23,1500,550163,1219,289455,263,245013,18,15695,773,52583,721,255860,791,308443,California
Sonoma,2021-05-24,2016,552179,1255,290710,629,245642,132,15827,661,52049,1327,257187,793,309236,California
Sonoma,2021-05-25,2941,555120,1798,292508,1055,246697,88,15915,740,50688,2187,259374,826,310062,California
Sonoma,2021-05-26,2483,557603,1729,294237,643,247340,111,16026,997,50321,1472,260846,1105,311167,California
Sonoma,2021-05-27,2079,559682,1139,295376,843,248183,97,16123,688,49722,1382,262228,783,311950,California
Sonoma,2021-05-28,2183,561865,1126,296502,964,249147,93,16216,621,48885,1551,263779,714,312664,California
Sonoma,2021-05-29,1348,563213,920,297422,360,249507,68,16284,641,48897,697,264476,709,313373,California
Sonoma,2021-05-30,345,563558,212,297634,122,249629,11,16295,137,48841,203,264679,147,313520,California
Sonoma,2021-05-31,70,563628,26,297660,43,249672,1,16296,17,48806,53,264732,18,313538,California
Sonoma,2021-06-01,1939,565567,1109,298769,754,250426,76,16372,699,48350,1227,265959,771,314309,California
Sonoma,2021-06-02,1581,567148,970,299739,496,250922,115,16487,654,48196,922,266881,768,315077,California
Sonoma,2021-06-03,2004,569152,1381,301120,544,251466,79,16566,440,47159,1555,268436,518,315595,California
Sonoma,2021-06-04,2711,571863,2208,303328,396,251862,107,16673,516,45595,2186,270622,622,316217,California
Sonoma,2021-06-05,1819,573682,1493,304821,295,252157,31,16704,276,44365,1537,272159,307,316524,California
Sonoma,2021-06-06,1011,574693,935,305756,67,252224,9,16713,142,43650,866,273025,151,316675,California
Sonoma,2021-06-07,1478,576171,1237,306993,186,252410,55,16768,328,42888,1142,274167,380,317055,California
Sonoma,2021-06-08,1894,578065,1522,308515,326,252736,46,16814,534,42118,1348,275515,578,317633,California
Sonoma,2021-06-09,1644,579709,1356,309871,226,252962,62,16876,386,41322,1244,276759,448,318081,California
Sonoma,2021-06-10,1834,581543,1507,311378,223,253185,104,16980,557,40717,1264,278023,659,318740,California
Sonoma,2021-06-11,1995,583538,1632,313010,272,253457,91,17071,540,39900,1448,279471,631,319371,California
Sonoma,2021-06-12,1127,584665,890,313900,191,253648,46,17117,352,39531,768,280239,399,319770,California
Sonoma,2021-06-13,553,585218,465,314365,70,253718,18,17135,105,39206,448,280687,123,319893,California
Sonoma,2021-06-14,949,586167,677,315042,212,253930,60,17195,344,39012,597,281284,403,320296,California
Sonoma,2021-06-15,1849,588016,1380,316422,361,254291,108,17303,609,38497,1231,282515,716,321012,California
Sonoma,2021-06-16,1571,589587,1209,317631,261,254552,101,17404,501,38033,1064,283579,600,321612,California
Sonoma,2021-06-17,1035,590622,784,318415,172,254724,79,17483,407,37895,623,284202,485,322097,California
Sonoma,2021-06-18,1064,591686,770,319185,193,254917,101,17584,450,37838,605,284807,548,322645,California
Sonoma,2021-06-19,831,592517,687,319872,106,255023,38,17622,274,37595,554,285361,311,322956,California
Sonoma,2021-06-20,243,592760,199,320071,37,255060,7,17629,83,37528,157,285518,90,323046,California
Sonoma,2021-06-21,538,593298,306,320377,154,255214,78,17707,255,37588,272,285790,332,323378,California
Sonoma,2021-06-22,1241,594539,982,321359,169,255383,90,17797,579,37597,657,286447,666,324044,California
Sonoma,2021-06-23,1216,595755,938,322297,194,255577,84,17881,480,37431,730,287177,564,324608,California
Sonoma,2021-06-24,939,596694,628,322925,213,255790,98,17979,413,37423,518,287695,510,325118,California
Sonoma,2021-06-25,1173,597867,910,323835,182,255972,81,18060,514,37377,639,288334,593,325711,California
Sonoma,2021-06-26,670,598537,480,324315,110,256082,80,18140,327,37442,341,288675,406,326117,California
Sonoma,2021-06-27,148,598685,122,324437,21,256103,5,18145,78,37456,69,288744,83,326200,California
Stanislaus,2020-12-15,5,5,5,5,0,0,0,0,5,5,0,0,5,5,California
Stanislaus,2020-12-16,38,43,38,43,0,0,0,0,38,43,0,0,38,43,California
Stanislaus,2020-12-17,74,117,74,117,0,0,0,0,74,117,0,0,74,117,California
Stanislaus,2020-12-18,343,460,337,454,6,6,0,0,343,460,0,0,343,460,California
Stanislaus,2020-12-19,134,594,134,588,0,6,0,0,134,594,0,0,134,594,California
Stanislaus,2020-12-20,87,681,87,675,0,6,0,0,87,681,0,0,87,681,California
Stanislaus,2020-12-21,999,1680,998,1673,1,7,0,0,998,1679,1,1,999,1680,California
Stanislaus,2020-12-22,796,2476,784,2457,12,19,0,0,796,2475,0,1,796,2476,California
Stanislaus,2020-12-23,450,2926,431,2888,19,38,0,0,449,2924,1,2,450,2926,California
Stanislaus,2020-12-24,98,3024,89,2977,9,47,0,0,98,3022,0,2,98,3024,California
Stanislaus,2020-12-26,53,3077,9,2986,44,91,0,0,53,3075,0,2,53,3077,California
Stanislaus,2020-12-27,11,3088,6,2992,5,96,0,0,11,3086,0,2,11,3088,California
Stanislaus,2020-12-28,490,3578,396,3388,94,190,0,0,490,3576,0,2,490,3578,California
Stanislaus,2020-12-29,500,4078,415,3803,85,275,0,0,500,4076,0,2,500,4078,California
Stanislaus,2020-12-30,538,4616,281,4084,257,532,0,0,537,4612,1,3,537,4615,California
Stanislaus,2020-12-31,282,4898,158,4242,124,656,0,0,282,4894,0,3,282,4897,California
Stanislaus,2021-01-01,16,4914,7,4249,9,665,0,0,16,4910,0,3,16,4913,California
Stanislaus,2021-01-02,34,4948,26,4275,8,673,0,0,34,4944,0,3,34,4947,California
Stanislaus,2021-01-03,90,5038,87,4362,3,676,0,0,90,5034,0,3,90,5037,California
Stanislaus,2021-01-04,232,5270,152,4514,80,756,0,0,232,5266,0,3,232,5269,California
Stanislaus,2021-01-05,844,6114,349,4863,495,1251,0,0,818,6067,25,28,826,6095,California
Stanislaus,2021-01-06,1010,7124,605,5468,405,1656,0,0,932,6930,75,103,938,7033,California
Stanislaus,2021-01-07,1083,8207,705,6173,378,2034,0,0,889,7634,189,292,893,7926,California
Stanislaus,2021-01-08,1282,9489,723,6896,559,2593,0,0,934,8230,345,637,941,8867,California
Stanislaus,2021-01-09,288,9777,143,7039,145,2738,0,0,198,8338,90,727,198,9065,California
Stanislaus,2021-01-10,49,9826,22,7061,27,2765,0,0,29,8347,20,747,29,9094,California
Stanislaus,2021-01-11,1503,11329,1218,8279,285,3050,0,0,574,8017,923,1670,593,9687,California
Stanislaus,2021-01-12,1479,12808,867,9146,612,3662,0,0,830,8219,645,2315,847,10534,California
Stanislaus,2021-01-13,1454,14262,693,9839,761,4423,0,0,1124,9029,329,2644,1139,11673,California
Stanislaus,2021-01-14,2249,16511,289,10128,1960,6383,0,0,2059,10987,187,2831,2145,13818,California
Stanislaus,2021-01-15,2836,19347,1166,11294,1670,8053,0,0,2667,13582,165,2996,2760,16578,California
Stanislaus,2021-01-16,474,19821,50,11344,424,8477,0,0,455,14021,18,3014,457,17035,California
Stanislaus,2021-01-17,243,20064,201,11545,42,8519,0,0,236,14251,6,3020,236,17271,California
Stanislaus,2021-01-18,2190,22254,1023,12568,1167,9686,0,0,1789,15728,396,3416,1873,19144,California
Stanislaus,2021-01-19,1259,23513,727,13295,532,10218,0,0,809,16092,446,3862,810,19954,California
Stanislaus,2021-01-20,1014,24527,491,13786,523,10741,0,0,718,16516,294,4156,718,20672,California
Stanislaus,2021-01-21,3706,28233,2987,16773,719,11460,0,0,3356,19652,346,4502,3482,24154,California
Stanislaus,2021-01-22,1102,29335,312,17085,790,12250,0,0,1057,20671,41,4543,1060,25214,California
Stanislaus,2021-01-23,360,29695,43,17128,317,12567,0,0,301,20915,58,4601,302,25516,California
Stanislaus,2021-01-24,301,29996,98,17226,203,12770,0,0,235,21086,66,4667,237,25753,California
Stanislaus,2021-01-25,3165,33161,229,17455,2936,15706,0,0,2814,23755,315,4982,2984,28737,California
Stanislaus,2021-01-26,1738,34899,749,18204,989,16695,0,0,1290,24630,441,5423,1316,30053,California
Stanislaus,2021-01-27,1905,36804,1060,19264,845,17540,0,0,1189,25156,667,6090,1193,31246,California
Stanislaus,2021-01-28,2218,39022,1516,20780,702,18242,0,0,1711,26445,497,6587,1786,33032,California
Stanislaus,2021-01-29,2459,41481,1205,21985,1254,19496,0,0,1913,27917,499,7086,1971,35003,California
Stanislaus,2021-01-30,297,41778,133,22118,164,19660,0,0,230,28091,56,7142,230,35233,California
Stanislaus,2021-01-31,371,42149,316,22434,55,19715,0,0,354,28432,14,7156,355,35588,California
Stanislaus,2021-02-01,1301,43450,586,23020,715,20430,0,0,937,29021,350,7506,939,36527,California
Stanislaus,2021-02-02,1214,44664,346,23366,868,21298,0,0,774,29370,430,7936,779,37306,California
Stanislaus,2021-02-03,2626,47290,1239,24605,1387,22685,0,0,1919,30604,702,8638,1936,39242,California
Stanislaus,2021-02-04,2101,49391,714,25319,1387,24072,0,0,1579,31684,510,9148,1590,40832,California
Stanislaus,2021-02-05,2860,52251,1474,26793,1386,25458,0,0,1592,32091,1201,10349,1608,42440,California
Stanislaus,2021-02-06,885,53136,299,27092,586,26044,0,0,693,32596,190,10539,695,43135,California
Stanislaus,2021-02-07,232,53368,207,27299,25,26069,0,0,43,32455,185,10724,44,43179,California
Stanislaus,2021-02-08,2050,55418,1342,28641,708,26777,0,0,1103,32682,905,11629,1132,44311,California
Stanislaus,2021-02-09,1852,57270,787,29428,1065,27842,0,0,1047,32966,776,12405,1060,45371,California
Stanislaus,2021-02-10,1947,59217,535,29963,1412,29254,0,0,1015,33079,906,13311,1019,46390,California
Stanislaus,2021-02-11,5413,64630,3278,33241,2135,31389,0,0,1217,30368,3946,17257,1235,47625,California
Stanislaus,2021-02-12,3312,67942,919,34160,2393,33782,0,0,1450,30064,1771,19028,1467,49092,California
Stanislaus,2021-02-13,1363,69305,656,34816,707,34489,0,0,986,30685,370,19398,991,50083,California
Stanislaus,2021-02-14,424,69729,171,34987,253,34742,0,0,352,30967,70,19468,352,50435,California
Stanislaus,2021-02-15,1824,71553,233,35220,1591,36333,0,0,582,30435,1122,20590,590,51025,California
Stanislaus,2021-02-16,1366,72919,424,35644,942,37275,0,0,577,30242,777,21367,584,51609,California
Stanislaus,2021-02-17,2767,75686,1698,37342,1069,38344,0,0,1905,31325,854,22221,1937,53546,California
Stanislaus,2021-02-18,3378,79064,1909,39251,1469,39813,0,0,1767,31633,1513,23734,1821,55367,California
Stanislaus,2021-02-19,2783,81847,1085,40336,1698,41511,0,0,1518,31962,1216,24950,1545,56912,California
Stanislaus,2021-02-20,756,82603,385,40721,371,41882,0,0,473,32177,263,25213,478,57390,California
Stanislaus,2021-02-21,912,83515,697,41418,215,42097,0,0,542,32390,344,25557,557,57947,California
Stanislaus,2021-02-22,2357,85872,1703,43121,654,42751,0,0,1632,33325,704,26261,1639,59586,California
Stanislaus,2021-02-23,3750,89622,678,43799,3072,45823,0,0,1723,33228,1847,28108,1750,61336,California
Stanislaus,2021-02-24,4199,93821,2865,46664,1334,47157,0,0,3115,35296,1059,29167,3127,64463,California
Stanislaus,2021-02-25,3968,97789,2725,49389,1243,48400,0,0,3152,37662,796,29963,3162,67625,California
Stanislaus,2021-02-26,4230,102019,1222,50611,3008,51408,0,0,2834,39185,1335,31298,2858,70483,California
Stanislaus,2021-02-27,2099,104118,712,51323,1386,52794,1,1,1864,40845,206,31504,1866,72349,California
Stanislaus,2021-02-28,830,104948,263,51586,567,53361,0,1,777,41582,41,31545,778,73127,California
Stanislaus,2021-03-01,3086,108034,1649,53235,1432,54793,5,6,1644,41872,1393,32938,1683,74810,California
Stanislaus,2021-03-02,2403,110437,1429,54664,973,55766,1,7,1657,42808,730,33668,1666,76476,California
Stanislaus,2021-03-03,3725,114162,2239,56903,1482,57248,4,11,2904,44917,803,34471,2912,79388,California
Stanislaus,2021-03-04,5460,119622,3116,60019,2328,59576,16,27,4190,47899,1229,35700,4211,83599,California
Stanislaus,2021-03-05,4095,123717,1126,61145,2953,62529,16,43,3089,50032,975,36675,3108,86707,California
Stanislaus,2021-03-06,3595,127312,2239,63384,1263,63792,93,136,2737,52012,854,37529,2834,89541,California
Stanislaus,2021-03-07,856,128168,390,63774,430,64222,36,172,666,52530,185,37714,703,90244,California
Stanislaus,2021-03-08,2012,130180,871,64645,1052,65274,89,261,1336,53303,656,38370,1429,91673,California
Stanislaus,2021-03-09,2647,132827,1004,65649,1551,66825,92,353,1636,54054,997,39367,1748,93421,California
Stanislaus,2021-03-10,5510,138337,2698,68347,2585,69410,227,580,3741,56319,1743,41110,4008,97429,California
Stanislaus,2021-03-11,6132,144469,3345,71692,2311,71721,476,1056,4127,59115,1823,42933,4619,102048,California
Stanislaus,2021-03-12,6261,150730,1357,73049,2975,74696,1929,2985,2926,60680,3305,46238,4870,106918,California
Stanislaus,2021-03-13,3706,154436,2316,75365,1319,76015,71,3056,2811,62695,886,47124,2901,109819,California
Stanislaus,2021-03-14,994,155430,594,75959,347,76362,53,3109,490,62738,501,47625,544,110363,California
Stanislaus,2021-03-15,3801,159231,1984,77943,1455,77817,362,3471,1647,62699,2057,49682,2018,112381,California
Stanislaus,2021-03-16,5088,164319,2499,80442,2152,79969,437,3908,3651,65377,1414,51096,4092,116473,California
Stanislaus,2021-03-17,4890,169209,2906,83348,1806,81775,178,4086,2939,66592,1914,53010,3129,119602,California
Stanislaus,2021-03-18,5536,174745,3453,86801,2013,83788,70,4156,3020,67329,2361,55371,3098,122700,California
Stanislaus,2021-03-19,6027,180772,1582,88383,2922,86710,1523,5679,3191,69244,2794,58165,4709,127409,California
Stanislaus,2021-03-20,3876,184648,3038,91421,770,87480,68,5747,3379,72219,473,58638,3448,130857,California
Stanislaus,2021-03-21,1015,185663,907,92328,42,87522,66,5813,768,72813,240,58878,834,131691,California
Stanislaus,2021-03-22,3007,188670,1392,93720,889,88411,726,6539,1404,73375,1572,60450,2134,133825,California
Stanislaus,2021-03-23,4103,192773,2096,95816,1748,90159,259,6798,2951,75476,1133,61583,3234,137059,California
Stanislaus,2021-03-24,4682,197455,3264,99080,1340,91499,78,6876,2744,76417,1889,63472,2830,139889,California
Stanislaus,2021-03-25,4394,201849,2983,102063,1394,92893,17,6893,1949,76022,2366,65838,1971,141860,California
Stanislaus,2021-03-26,4917,206766,1400,103463,3443,96336,74,6967,2520,76267,2363,68201,2608,144468,California
Stanislaus,2021-03-27,4433,211199,2761,106224,1588,97924,84,7051,1396,74737,3019,71220,1489,145957,California
Stanislaus,2021-03-28,1115,212314,444,106668,563,98487,108,7159,321,74395,780,72000,438,146395,California
Stanislaus,2021-03-29,3155,215469,1834,108502,1282,99769,39,7198,2145,75587,1000,73000,2192,148587,California
Stanislaus,2021-03-30,3842,219311,2075,110577,1741,101510,26,7224,2374,76547,1457,74457,2417,151004,California
Stanislaus,2021-03-31,5571,224882,3860,114437,1590,103100,121,7345,2893,76920,2656,77113,3029,154033,California
Stanislaus,2021-04-01,5891,230773,3852,118289,1940,105040,99,7444,2736,76652,3128,80241,2860,156893,California
Stanislaus,2021-04-02,5162,235935,1221,119510,3773,108813,168,7612,2358,76486,2710,82951,2544,159437,California
Stanislaus,2021-04-03,4683,240618,3433,122943,1214,110027,36,7648,2251,76383,2420,85371,2317,161754,California
Stanislaus,2021-04-04,1328,241946,477,123420,821,110848,30,7678,651,76403,668,86039,688,162442,California
Stanislaus,2021-04-05,3747,245693,2551,125971,937,111785,259,7937,2429,77795,1308,87347,2700,165142,California
Stanislaus,2021-04-06,5939,251632,4224,130195,1430,113215,285,8222,3207,78586,2716,90063,3507,168649,California
Stanislaus,2021-04-07,6496,258128,3651,133846,2410,115625,435,8657,2898,78367,3579,93642,3360,172009,California
Stanislaus,2021-04-08,5866,263994,3417,137263,2004,117629,445,9102,2892,78775,2945,96587,3353,175362,California
Stanislaus,2021-04-09,4982,268976,2164,139427,2439,120068,379,9481,2273,78770,2680,99267,2675,178037,California
Stanislaus,2021-04-10,6513,275489,3997,143424,877,120945,1639,11120,1995,77913,4492,103759,3635,181672,California
Stanislaus,2021-04-11,1529,277018,855,144279,541,121486,133,11253,664,77857,862,104621,806,182478,California
Stanislaus,2021-04-12,3776,280794,2116,146395,1211,122697,449,11702,1949,78485,1795,106416,2423,184901,California
Stanislaus,2021-04-13,5388,286182,3495,149890,1879,124576,14,11716,2967,79107,2372,108788,2994,187895,California
Stanislaus,2021-04-14,4810,290992,3333,153223,1475,126051,2,11718,2340,79041,2430,111218,2364,190259,California
Stanislaus,2021-04-15,5541,296533,3383,156606,2155,128206,3,11721,3248,80084,2239,113457,3282,193541,California
Stanislaus,2021-04-16,4462,300995,1057,157663,3404,131610,1,11722,1859,79410,2548,116005,1874,195415,California
Stanislaus,2021-04-17,3172,304167,2132,159795,1040,132650,0,11722,1838,79933,1320,117325,1843,197258,California
Stanislaus,2021-04-18,543,304710,225,160020,316,132966,2,11724,412,80224,124,117449,415,197673,California
Stanislaus,2021-04-19,3608,308318,2457,162477,1149,134115,2,11726,1653,79985,1913,119362,1674,199347,California
Stanislaus,2021-04-20,4076,312394,2432,164909,1644,135759,0,11726,1742,79453,2293,121655,1761,201108,California
Stanislaus,2021-04-21,3911,316305,2568,167477,1342,137101,1,11727,1586,78800,2273,123928,1620,202728,California
Stanislaus,2021-04-22,4069,320374,2419,169896,1650,138751,0,11727,1615,78026,2405,126333,1631,204359,California
Stanislaus,2021-04-23,3727,324101,852,170748,2874,141625,1,11728,1525,77465,2105,128438,1544,205903,California
Stanislaus,2021-04-24,3872,327973,2949,173697,923,142548,0,11728,1853,77328,2001,130439,1864,207767,California
Stanislaus,2021-04-25,939,328912,483,174180,456,143004,0,11728,688,77775,245,130684,692,208459,California
Stanislaus,2021-04-26,3600,332512,2400,176580,1194,144198,6,11734,1123,76483,2450,133134,1158,209617,California
Stanislaus,2021-04-27,4223,336735,2837,179417,1338,145536,48,11782,1225,74814,2964,136098,1295,210912,California
Stanislaus,2021-04-28,4468,341203,3072,182489,1334,146870,62,11844,1902,74264,2544,138642,1994,212906,California
Stanislaus,2021-04-29,3881,345084,2359,184848,1474,148344,48,11892,1510,73501,2347,140989,1584,214490,California
Stanislaus,2021-04-30,4741,349825,2101,186949,2556,150900,84,11976,1848,72602,2869,143858,1970,216460,California
Stanislaus,2021-05-01,2722,352547,1932,188881,749,151649,41,12017,1020,71981,1693,145551,1072,217532,California
Stanislaus,2021-05-02,1086,353633,622,189503,425,152074,39,12056,522,71994,558,146109,571,218103,California
Stanislaus,2021-05-03,2553,356186,1990,191493,492,152566,71,12127,970,71484,1567,147676,1057,219160,California
Stanislaus,2021-05-04,3681,359867,2521,194014,1066,153632,94,12221,1155,70238,2512,150188,1266,220426,California
Stanislaus,2021-05-05,3330,363197,2182,196196,1073,154705,75,12296,1150,69312,2160,152348,1234,221660,California
Stanislaus,2021-05-06,3626,366823,2720,198916,782,155487,124,12420,1096,68041,2505,154853,1234,222894,California
Stanislaus,2021-05-07,2506,369329,961,199877,1383,156870,162,12582,1045,67801,1450,156303,1210,224104,California
Stanislaus,2021-05-08,1966,371295,1350,201227,583,157453,33,12615,715,67322,1234,157537,755,224859,California
Stanislaus,2021-05-09,714,372009,342,201569,346,157799,26,12641,308,67253,404,157941,335,225194,California
Stanislaus,2021-05-10,1791,373800,1141,202710,553,158352,97,12738,482,66537,1298,159239,582,225776,California
Stanislaus,2021-05-11,2500,376300,1550,204260,790,159142,160,12898,741,65698,1747,160986,908,226684,California
Stanislaus,2021-05-12,2380,378680,1353,205613,918,160060,109,13007,941,65327,1424,162410,1053,227737,California
Stanislaus,2021-05-13,2074,380754,1187,206800,769,160829,118,13125,955,65293,1110,163520,1076,228813,California
Stanislaus,2021-05-14,2748,383502,1231,208031,1378,162207,139,13264,1296,65299,1432,164952,1438,230251,California
Stanislaus,2021-05-15,2490,385992,1773,209804,667,162874,50,13314,1207,65293,1273,166225,1267,231518,California
Stanislaus,2021-05-16,1026,387018,669,210473,349,163223,8,13322,560,65402,463,166688,572,232090,California
Stanislaus,2021-05-17,2044,389062,1379,211852,584,163807,81,13403,1000,65453,1038,167726,1089,233179,California
Stanislaus,2021-05-18,2279,391341,1563,213415,602,164409,114,13517,1189,65678,1079,168805,1304,234483,California
Stanislaus,2021-05-19,3116,394457,2142,215557,820,165229,154,13671,1400,65531,1704,170509,1557,236040,California
Stanislaus,2021-05-20,2215,396672,1191,216748,920,166149,104,13775,903,65242,1301,171810,1012,237052,California
Stanislaus,2021-05-21,2484,399156,1215,217963,1171,167320,98,13873,1023,64924,1444,173254,1126,238178,California
Stanislaus,2021-05-22,2000,401156,1206,219169,725,168045,69,13942,871,64743,1122,174376,941,239119,California
Stanislaus,2021-05-23,1047,402203,680,219849,352,168397,15,13957,500,64716,542,174918,515,239634,California
Stanislaus,2021-05-24,1745,403948,1190,221039,476,168873,79,14036,676,64411,1066,175984,761,240395,California
Stanislaus,2021-05-25,1803,405751,1232,222271,470,169343,101,14137,864,64444,935,176919,968,241363,California
Stanislaus,2021-05-26,2019,407770,1259,223530,708,170051,52,14189,962,64409,1049,177968,1014,242377,California
Stanislaus,2021-05-27,1775,409545,973,224503,723,170774,79,14268,656,64035,1109,179077,735,243112,California
Stanislaus,2021-05-28,2159,411704,1017,225520,1058,171832,84,14352,953,63871,1201,180278,1037,244149,California
Stanislaus,2021-05-29,1314,413018,846,226366,427,172259,41,14393,612,63828,698,180976,655,244804,California
Stanislaus,2021-05-30,455,413473,273,226639,148,172407,34,14427,213,63837,238,181214,247,245051,California
Stanislaus,2021-05-31,259,413732,122,226761,130,172537,7,14434,97,63780,161,181375,104,245155,California
Stanislaus,2021-06-01,1676,415408,1047,227808,576,173113,53,14487,661,63488,1009,182384,717,245872,California
Stanislaus,2021-06-02,1792,417200,1140,228948,583,173696,69,14556,777,63332,1005,183389,849,246721,California
Stanislaus,2021-06-03,1387,418587,821,229769,519,174215,47,14603,553,63113,821,184210,602,247323,California
Stanislaus,2021-06-04,1901,420488,1139,230908,692,174907,70,14673,724,62744,1167,185377,798,248121,California
Stanislaus,2021-06-05,1374,421862,1050,231958,298,175205,26,14699,475,62353,893,186270,502,248623,California
Stanislaus,2021-06-06,507,422369,415,232373,83,175288,9,14708,206,62268,301,186571,216,248839,California
Stanislaus,2021-06-07,1590,423959,1216,233589,329,175617,45,14753,601,61933,980,187551,645,249484,California
Stanislaus,2021-06-08,1898,425857,1422,235011,402,176019,74,14827,691,61504,1194,188745,765,250249,California
Stanislaus,2021-06-09,1836,427693,1299,236310,455,176474,82,14909,624,61003,1208,189953,707,250956,California
Stanislaus,2021-06-10,1466,429159,925,237235,480,176954,61,14970,616,60842,840,190793,679,251635,California
Stanislaus,2021-06-11,1466,430625,874,238109,541,177495,51,15021,546,60536,905,191698,599,252234,California
Stanislaus,2021-06-12,1020,431645,742,238851,255,177750,23,15044,378,60305,635,192333,404,252638,California
Stanislaus,2021-06-13,536,432181,395,239246,135,177885,6,15050,176,60132,357,192690,184,252822,California
Stanislaus,2021-06-14,1341,433522,953,240199,366,178251,22,15072,520,59862,813,193503,543,253365,California
Stanislaus,2021-06-15,1569,435091,1130,241329,396,178647,43,15115,537,59416,1028,194531,582,253947,California
Stanislaus,2021-06-16,1917,437008,1379,242708,472,179119,66,15181,769,59106,1145,195676,835,254782,California
Stanislaus,2021-06-17,1132,438140,715,243423,373,179492,44,15225,526,59077,601,196277,572,255354,California
Stanislaus,2021-06-18,1295,439435,779,244202,436,179928,80,15305,517,58904,772,197049,599,255953,California
Stanislaus,2021-06-19,850,440285,623,244825,182,180110,45,15350,371,58846,475,197524,417,256370,California
Stanislaus,2021-06-20,304,440589,212,245037,86,180196,6,15356,141,58830,163,197687,147,256517,California
Stanislaus,2021-06-21,936,441525,535,245572,276,180472,125,15481,477,58980,454,198141,604,257121,California
Stanislaus,2021-06-22,1177,442702,858,246430,260,180732,59,15540,488,58848,682,198823,550,257671,California
Stanislaus,2021-06-23,633,443335,332,246762,263,180995,38,15578,280,58814,352,199175,318,257989,California
Stanislaus,2021-06-24,256,443591,153,246915,94,181089,9,15587,119,58809,136,199311,131,258120,California
Stanislaus,2021-06-25,371,443962,229,247144,122,181211,20,15607,140,58739,230,199541,160,258280,California
Stanislaus,2021-06-26,219,444181,159,247303,55,181266,5,15612,85,58696,134,199675,91,258371,California
Stanislaus,2021-06-27,165,444346,130,247433,34,181300,1,15613,74,58680,91,199766,75,258446,California
Sutter,2020-12-15,1,1,1,1,0,0,0,0,1,1,0,0,1,1,California
Sutter,2020-12-16,4,5,4,5,0,0,0,0,4,5,0,0,4,5,California
Sutter,2020-12-17,3,8,3,8,0,0,0,0,3,8,0,0,3,8,California
Sutter,2020-12-18,21,29,21,29,0,0,0,0,21,29,0,0,21,29,California
Sutter,2020-12-19,45,74,45,74,0,0,0,0,45,74,0,0,45,74,California
Sutter,2020-12-20,43,117,43,117,0,0,0,0,43,117,0,0,43,117,California
Sutter,2020-12-21,99,216,99,216,0,0,0,0,99,216,0,0,99,216,California
Sutter,2020-12-22,172,388,172,388,0,0,0,0,172,388,0,0,172,388,California
Sutter,2020-12-23,115,503,110,498,5,5,0,0,115,503,0,0,115,503,California
Sutter,2020-12-24,17,520,11,509,6,11,0,0,17,520,0,0,17,520,California
Sutter,2020-12-26,38,558,34,543,4,15,0,0,38,558,0,0,38,558,California
Sutter,2020-12-27,24,582,23,566,1,16,0,0,24,582,0,0,24,582,California
Sutter,2020-12-28,83,665,55,621,28,44,0,0,83,665,0,0,83,665,California
Sutter,2020-12-29,101,766,14,635,87,131,0,0,101,766,0,0,101,766,California
Sutter,2020-12-30,136,902,33,668,103,234,0,0,136,902,0,0,136,902,California
Sutter,2020-12-31,70,972,6,674,64,298,0,0,70,972,0,0,70,972,California
Sutter,2021-01-01,3,975,3,677,0,298,0,0,3,975,0,0,3,975,California
Sutter,2021-01-02,131,1106,129,806,2,300,0,0,131,1106,0,0,131,1106,California
Sutter,2021-01-03,1,1107,0,806,1,301,0,0,1,1107,0,0,1,1107,California
Sutter,2021-01-04,247,1354,138,944,109,410,0,0,247,1354,0,0,247,1354,California
Sutter,2021-01-05,99,1453,56,1000,43,453,0,0,96,1447,3,3,96,1450,California
Sutter,2021-01-06,205,1658,50,1050,155,608,0,0,200,1642,5,8,200,1650,California
Sutter,2021-01-07,253,1911,153,1203,100,708,0,0,243,1876,9,17,243,1893,California
Sutter,2021-01-08,150,2061,40,1243,110,818,0,0,133,1992,17,34,133,2026,California
Sutter,2021-01-09,46,2107,43,1286,3,821,0,0,5,1956,41,75,5,2031,California
Sutter,2021-01-10,394,2501,37,1323,357,1178,0,0,356,2275,37,112,356,2387,California
Sutter,2021-01-11,132,2633,115,1438,17,1195,0,0,25,2193,107,219,25,2412,California
Sutter,2021-01-12,202,2835,165,1603,37,1232,0,0,58,2107,144,363,58,2470,California
Sutter,2021-01-13,162,2997,99,1702,63,1295,0,0,72,2090,89,452,72,2542,California
Sutter,2021-01-14,147,3144,51,1753,96,1391,0,0,127,2197,20,472,127,2669,California
Sutter,2021-01-15,436,3580,131,1884,305,1696,0,0,422,2605,14,486,422,3091,California
Sutter,2021-01-16,384,3964,41,1925,343,2039,0,0,353,2928,30,516,353,3444,California
Sutter,2021-01-17,26,3990,24,1949,2,2041,0,0,10,2922,16,532,10,3454,California
Sutter,2021-01-18,117,4107,62,2011,55,2096,0,0,69,2943,48,580,69,3523,California
Sutter,2021-01-19,107,4214,42,2053,65,2161,0,0,83,3002,24,604,83,3606,California
Sutter,2021-01-20,273,4487,209,2262,64,2225,0,0,251,3231,22,626,251,3857,California
Sutter,2021-01-21,522,5009,351,2613,171,2396,0,0,504,3717,18,644,504,4361,California
Sutter,2021-01-22,240,5249,52,2665,188,2584,0,0,230,3938,9,653,230,4591,California
Sutter,2021-01-23,397,5646,39,2704,358,2942,0,0,371,4283,26,679,371,4962,California
Sutter,2021-01-24,17,5663,15,2719,2,2944,0,0,15,4296,2,681,15,4977,California
Sutter,2021-01-25,306,5969,196,2915,110,3054,0,0,149,4290,156,837,150,5127,California
Sutter,2021-01-26,248,6217,108,3023,140,3194,0,0,144,4331,103,940,144,5271,California
Sutter,2021-01-27,388,6605,256,3279,132,3326,0,0,321,4585,67,1007,321,5592,California
Sutter,2021-01-28,582,7187,358,3637,224,3550,0,0,409,4823,171,1178,409,6001,California
Sutter,2021-01-29,364,7551,88,3725,276,3826,0,0,242,4943,122,1300,242,6243,California
Sutter,2021-01-30,777,8328,38,3763,739,4565,0,0,766,5698,11,1311,766,7009,California
Sutter,2021-01-31,28,8356,27,3790,1,4566,0,0,28,5726,0,1311,28,7037,California
Sutter,2021-02-01,170,8526,53,3843,117,4683,0,0,137,5831,32,1343,137,7174,California
Sutter,2021-02-02,247,8773,27,3870,220,4903,0,0,213,6010,34,1377,213,7387,California
Sutter,2021-02-03,447,9220,40,3910,407,5310,0,0,211,5986,235,1612,211,7598,California
Sutter,2021-02-04,670,9890,366,4276,304,5614,0,0,620,6557,49,1661,620,8218,California
Sutter,2021-02-05,288,10178,32,4308,256,5870,0,0,135,6539,153,1814,135,8353,California
Sutter,2021-02-06,731,10909,28,4336,703,6573,0,0,709,7226,22,1836,709,9062,California
Sutter,2021-02-07,24,10933,20,4356,4,6577,0,0,20,7242,4,1840,20,9082,California
Sutter,2021-02-08,136,11069,31,4387,105,6682,0,0,98,7302,38,1878,98,9180,California
Sutter,2021-02-09,248,11317,45,4432,203,6885,0,0,187,7428,61,1939,187,9367,California
Sutter,2021-02-10,820,12137,382,4814,438,7323,0,0,178,6965,641,2580,178,9545,California
Sutter,2021-02-11,607,12744,274,5088,333,7656,0,0,317,6992,290,2870,317,9862,California
Sutter,2021-02-12,636,13380,68,5156,568,8224,0,0,311,6979,324,3194,311,10173,California
Sutter,2021-02-13,904,14284,48,5204,856,9080,0,0,788,7651,116,3310,788,10961,California
Sutter,2021-02-14,90,14374,25,5229,65,9145,0,0,79,7719,11,3321,79,11040,California
Sutter,2021-02-15,202,14576,72,5301,130,9275,0,0,123,7763,79,3400,123,11163,California
Sutter,2021-02-16,289,14865,44,5345,245,9520,0,0,204,7883,84,3484,204,11367,California
Sutter,2021-02-17,830,15695,431,5776,399,9919,0,0,134,7322,695,4179,134,11501,California
Sutter,2021-02-18,709,16404,57,5833,652,10571,0,0,493,7600,215,4394,493,11994,California
Sutter,2021-02-19,665,17069,377,6210,288,10859,0,0,461,7859,202,4596,461,12455,California
Sutter,2021-02-20,623,17692,56,6266,567,11426,0,0,517,8271,105,4701,517,12972,California
Sutter,2021-02-21,28,17720,27,6293,1,11427,0,0,7,8257,21,4722,7,12979,California
Sutter,2021-02-22,208,17928,123,6416,85,11512,0,0,85,8219,123,4845,85,13064,California
Sutter,2021-02-23,224,18152,34,6450,190,11702,0,0,97,8190,126,4971,97,13161,California
Sutter,2021-02-24,970,19122,350,6800,620,12322,0,0,194,7609,775,5746,194,13355,California
Sutter,2021-02-25,785,19907,497,7297,288,12610,0,0,604,8036,177,5923,604,13959,California
Sutter,2021-02-26,379,20286,61,7358,318,12928,0,0,158,7975,219,6142,158,14117,California
Sutter,2021-02-27,865,21151,46,7404,819,13747,0,0,711,8530,156,6298,711,14828,California
Sutter,2021-02-28,89,21240,43,7447,46,13793,0,0,68,8578,20,6318,68,14896,California
Sutter,2021-03-01,251,21491,63,7510,188,13981,0,0,153,8633,98,6416,153,15049,California
Sutter,2021-03-02,339,21830,59,7569,280,14261,0,0,162,8620,175,6591,162,15211,California
Sutter,2021-03-03,1401,23231,530,8099,871,15132,0,0,661,8547,734,7325,661,15872,California
Sutter,2021-03-04,1251,24482,862,8961,389,15521,0,0,943,9187,303,7628,943,16815,California
Sutter,2021-03-05,340,24822,80,9041,259,15780,1,1,207,9262,133,7761,208,17023,California
Sutter,2021-03-06,1025,25847,46,9087,974,16754,5,6,856,9956,167,7928,861,17884,California
Sutter,2021-03-07,66,25913,23,9110,42,16796,1,7,46,9983,20,7948,47,17931,California
Sutter,2021-03-08,228,26141,80,9190,136,16932,12,19,159,10085,69,8017,171,18102,California
Sutter,2021-03-09,389,26530,137,9327,240,17172,12,31,185,10078,204,8221,197,18299,California
Sutter,2021-03-10,1569,28099,681,10008,827,17999,61,92,522,9619,1042,9263,583,18882,California
Sutter,2021-03-11,891,28990,438,10446,434,18433,19,111,644,10038,244,9507,663,19545,California
Sutter,2021-03-12,678,29668,111,10557,387,18820,180,291,201,9943,474,9981,379,19924,California
Sutter,2021-03-13,989,30657,751,11308,220,19040,18,309,781,10535,206,10187,798,20722,California
Sutter,2021-03-14,131,30788,22,11330,98,19138,11,320,45,10505,86,10273,56,20778,California
Sutter,2021-03-15,322,31110,67,11397,206,19344,49,369,150,10534,170,10443,199,20977,California
Sutter,2021-03-16,391,31501,86,11483,258,19602,47,416,212,10613,179,10622,258,21235,California
Sutter,2021-03-17,1499,33000,562,12045,915,20517,22,438,308,9761,1181,11803,329,21564,California
Sutter,2021-03-18,974,33974,181,12226,589,21106,204,642,565,10124,404,12207,767,22331,California
Sutter,2021-03-19,463,34437,166,12392,268,21374,29,671,282,10256,179,12386,311,22642,California
Sutter,2021-03-20,951,35388,118,12510,822,22196,11,682,860,11037,90,12476,871,23513,California
Sutter,2021-03-21,68,35456,47,12557,18,22214,3,685,33,11038,35,12511,36,23549,California
Sutter,2021-03-22,288,35744,120,12677,142,22356,26,711,212,11201,75,12586,238,23787,California
Sutter,2021-03-23,378,36122,114,12791,231,22587,33,744,254,11364,123,12709,286,24073,California
Sutter,2021-03-24,1689,37811,774,13565,845,23432,70,814,314,10389,1359,14068,384,24457,California
Sutter,2021-03-25,1041,38852,678,14243,320,23752,43,857,368,10130,670,14738,411,24868,California
Sutter,2021-03-26,497,39349,175,14418,305,24057,17,874,295,10245,197,14935,312,25180,California
Sutter,2021-03-27,927,40276,62,14480,863,24920,2,876,813,10951,109,15044,815,25995,California
Sutter,2021-03-28,125,40401,72,14552,53,24973,0,876,77,10982,46,15090,77,26072,California
Sutter,2021-03-29,428,40829,144,14696,228,25201,56,932,224,11060,202,15292,280,26352,California
Sutter,2021-03-30,480,41309,161,14857,309,25510,10,942,317,11224,163,15455,327,26679,California
Sutter,2021-03-31,1258,42567,177,15034,1065,26575,16,958,443,10880,802,16257,458,27137,California
Sutter,2021-04-01,1387,43954,742,15776,460,27035,185,1143,430,10548,946,17203,614,27751,California
Sutter,2021-04-02,516,44470,101,15877,297,27332,118,1261,204,10556,310,17513,318,28069,California
Sutter,2021-04-03,908,45378,77,15954,209,27541,622,1883,122,10517,782,18295,743,28812,California
Sutter,2021-04-04,118,45496,22,15976,90,27631,6,1889,54,10513,64,18359,60,28872,California
Sutter,2021-04-05,370,45866,145,16121,188,27819,37,1926,177,10537,190,18549,214,29086,California
Sutter,2021-04-06,510,46376,198,16319,256,28075,56,1982,273,10631,235,18784,329,29415,California
Sutter,2021-04-07,1482,47858,887,17206,521,28596,74,2056,610,10453,862,19646,684,30099,California
Sutter,2021-04-08,1060,48918,583,17789,362,28958,115,2171,581,10673,473,20119,693,30792,California
Sutter,2021-04-09,569,49487,249,18038,255,29213,65,2236,237,10647,328,20447,302,31094,California
Sutter,2021-04-10,829,50316,111,18149,88,29301,630,2866,110,10664,714,21161,731,31825,California
Sutter,2021-04-11,120,50436,33,18182,40,29341,47,2913,38,10666,82,21243,84,31909,California
Sutter,2021-04-12,343,50779,93,18275,196,29537,54,2967,139,10657,202,21445,193,32102,California
Sutter,2021-04-13,432,51211,126,18401,306,29843,0,2967,215,10657,215,21660,215,32317,California
Sutter,2021-04-14,1330,52541,163,18564,1166,31009,1,2968,226,9788,1096,22756,227,32544,California
Sutter,2021-04-15,542,53083,173,18737,369,31378,0,2968,219,9688,319,23075,219,32763,California
Sutter,2021-04-16,408,53491,129,18866,279,31657,0,2968,189,9660,217,23292,189,32952,California
Sutter,2021-04-17,581,54072,82,18948,499,32156,0,2968,510,10100,70,23362,510,33462,California
Sutter,2021-04-18,93,54165,34,18982,59,32215,0,2968,59,10127,32,23394,59,33521,California
Sutter,2021-04-19,294,54459,113,19095,181,32396,0,2968,123,10081,169,23563,123,33644,California
Sutter,2021-04-20,465,54924,182,19277,283,32679,0,2968,224,10066,239,23802,224,33868,California
Sutter,2021-04-21,1314,56238,503,19780,811,33490,0,2968,514,9793,787,24589,514,34382,California
Sutter,2021-04-22,527,56765,194,19974,333,33823,0,2968,258,9785,266,24855,258,34640,California
Sutter,2021-04-23,439,57204,154,20128,285,34108,0,2968,200,9750,235,25090,200,34840,California
Sutter,2021-04-24,326,57530,107,20235,218,34326,1,2969,185,9795,140,25230,185,35025,California
Sutter,2021-04-25,158,57688,75,20310,83,34409,0,2969,86,9811,70,25300,86,35111,California
Sutter,2021-04-26,322,58010,106,20416,214,34623,2,2971,137,9767,183,25483,139,35250,California
Sutter,2021-04-27,560,58570,286,20702,270,34893,4,2975,256,9728,299,25782,260,35510,California
Sutter,2021-04-28,860,59430,386,21088,466,35359,8,2983,283,9449,570,26352,291,35801,California
Sutter,2021-04-29,805,60235,165,21253,639,35998,1,2984,324,9298,476,26828,325,36126,California
Sutter,2021-04-30,394,60629,143,21396,238,36236,13,2997,173,9265,218,27046,185,36311,California
Sutter,2021-05-01,300,60929,108,21504,151,36387,41,3038,129,9267,168,27214,170,36481,California
Sutter,2021-05-02,81,61010,54,21558,25,36412,2,3040,45,9278,36,27250,47,36528,California
Sutter,2021-05-03,218,61228,110,21668,99,36511,9,3049,89,9247,129,27379,98,36626,California
Sutter,2021-05-04,556,61784,253,21921,239,36750,64,3113,227,9211,326,27705,290,36916,California
Sutter,2021-05-05,566,62350,175,22096,383,37133,8,3121,164,8987,396,28101,172,37088,California
Sutter,2021-05-06,436,62786,234,22330,181,37314,21,3142,196,8964,239,28340,216,37304,California
Sutter,2021-05-07,426,63212,160,22490,244,37558,22,3164,164,8891,259,28599,186,37490,California
Sutter,2021-05-08,240,63452,94,22584,140,37698,6,3170,115,8887,125,28724,121,37611,California
Sutter,2021-05-09,107,63559,79,22663,23,37721,5,3175,62,8909,45,28769,67,37678,California
Sutter,2021-05-10,192,63751,44,22707,130,37851,18,3193,50,8837,140,28909,68,37746,California
Sutter,2021-05-11,472,64223,238,22945,213,38064,21,3214,191,8771,276,29185,210,37956,California
Sutter,2021-05-12,463,64686,261,23206,191,38255,11,3225,155,8633,304,29489,166,38122,California
Sutter,2021-05-13,489,65175,261,23467,206,38461,22,3247,189,8545,299,29788,211,38333,California
Sutter,2021-05-14,440,65615,188,23655,236,38697,16,3263,202,8530,233,30021,218,38551,California
Sutter,2021-05-15,851,66466,316,23971,504,39201,31,3294,311,8333,539,30560,342,38893,California
Sutter,2021-05-16,176,66642,118,24089,50,39251,8,3302,97,8360,78,30638,105,38998,California
Sutter,2021-05-17,288,66930,114,24203,160,39411,14,3316,147,8382,139,30777,161,39159,California
Sutter,2021-05-18,552,67482,312,24515,236,39647,4,3320,298,8433,251,31028,302,39461,California
Sutter,2021-05-19,462,67944,264,24779,191,39838,7,3327,222,8425,237,31265,229,39690,California
Sutter,2021-05-20,458,68402,238,25017,208,40046,12,3339,214,8411,240,31505,226,39916,California
Sutter,2021-05-21,487,68889,220,25237,255,40301,12,3351,210,8358,274,31779,221,40137,California
Sutter,2021-05-22,368,69257,204,25441,161,40462,3,3354,182,8361,181,31960,184,40321,California
Sutter,2021-05-23,191,69448,95,25536,87,40549,9,3363,92,8369,93,32053,101,40422,California
Sutter,2021-05-24,242,69690,91,25627,128,40677,23,3386,98,8349,141,32194,121,40543,California
Sutter,2021-05-25,399,70089,194,25821,192,40869,13,3399,163,8295,229,32423,175,40718,California
Sutter,2021-05-26,322,70411,158,25979,155,41024,9,3408,112,8211,205,32628,121,40839,California
Sutter,2021-05-27,434,70845,117,26096,298,41322,19,3427,122,8044,308,32936,141,40980,California
Sutter,2021-05-28,339,71184,163,26259,159,41481,17,3444,168,8063,166,33102,185,41165,California
Sutter,2021-05-29,253,71437,119,26378,119,41600,15,3459,131,8091,118,33220,146,41311,California
Sutter,2021-05-30,84,71521,61,26439,20,41620,3,3462,39,8089,44,33264,42,41353,California
Sutter,2021-05-31,19,71540,3,26442,13,41633,3,3465,6,8085,13,33277,9,41362,California
Sutter,2021-06-01,311,71851,133,26575,170,41803,8,3473,117,8017,193,33470,125,41487,California
Sutter,2021-06-02,280,72131,119,26694,155,41958,6,3479,97,7943,177,33647,103,41590,California
Sutter,2021-06-03,341,72472,222,26916,109,42067,10,3489,114,7846,221,33868,124,41714,California
Sutter,2021-06-04,341,72813,197,27113,137,42204,7,3496,118,7752,219,34087,125,41839,California
Sutter,2021-06-05,438,73251,368,27481,66,42270,4,3500,151,7625,282,34369,155,41994,California
Sutter,2021-06-06,140,73391,121,27602,16,42286,3,3503,46,7582,92,34461,49,42043,California
Sutter,2021-06-07,163,73554,105,27707,49,42335,9,3512,56,7541,106,34567,65,42108,California
Sutter,2021-06-08,364,73918,203,27910,149,42484,12,3524,156,7503,206,34773,168,42276,California
Sutter,2021-06-09,367,74285,234,28144,128,42612,5,3529,128,7399,237,35010,133,42409,California
Sutter,2021-06-10,383,74668,276,28420,97,42709,10,3539,150,7329,230,35240,160,42569,California
Sutter,2021-06-11,336,75004,214,28634,116,42825,6,3545,116,7234,216,35456,121,42690,California
Sutter,2021-06-12,243,75247,170,28804,58,42883,15,3560,69,7144,174,35630,84,42774,California
Sutter,2021-06-13,83,75330,65,28869,17,42900,1,3561,22,7107,60,35690,23,42797,California
Sutter,2021-06-14,190,75520,111,28980,68,42968,11,3572,74,7078,114,35804,85,42882,California
Sutter,2021-06-15,281,75801,151,29131,117,43085,13,3585,101,7014,178,35982,114,42996,California
Sutter,2021-06-16,221,76022,142,29273,70,43155,9,3594,106,7014,115,36097,115,43111,California
Sutter,2021-06-17,281,76303,171,29444,104,43259,6,3600,121,6983,158,36255,127,43238,California
Sutter,2021-06-18,264,76567,169,29613,80,43339,15,3615,93,6924,167,36422,108,43346,California
Sutter,2021-06-19,209,76776,140,29753,65,43404,4,3619,60,6841,147,36569,64,43410,California
Sutter,2021-06-20,70,76846,49,29802,19,43423,2,3621,31,6835,39,36608,33,43443,California
Sutter,2021-06-21,113,76959,54,29856,47,43470,12,3633,51,6838,60,36668,63,43506,California
Sutter,2021-06-22,221,77180,128,29984,90,43560,3,3636,86,6794,133,36801,89,43595,California
Sutter,2021-06-23,177,77357,108,30092,68,43628,1,3637,77,6772,100,36901,78,43673,California
Sutter,2021-06-24,222,77579,149,30241,64,43692,9,3646,92,6743,130,37031,101,43774,California
Sutter,2021-06-25,222,77801,143,30384,73,43765,6,3652,87,6705,131,37162,93,43867,California
Sutter,2021-06-26,187,77988,146,30530,36,43801,5,3657,62,6651,122,37284,68,43935,California
Sutter,2021-06-27,28,78016,15,30545,12,43813,1,3658,7,6638,21,37305,8,43943,California
Tehama,2020-12-15,1,1,1,1,0,0,0,0,1,1,0,0,1,1,California
Tehama,2020-12-16,2,3,2,3,0,0,0,0,2,3,0,0,2,3,California
Tehama,2020-12-17,12,15,12,15,0,0,0,0,12,15,0,0,12,15,California
Tehama,2020-12-18,2,17,2,17,0,0,0,0,3,18,0,0,3,18,California
Tehama,2020-12-21,33,50,33,50,0,0,0,0,33,51,0,0,33,51,California
Tehama,2020-12-22,69,119,63,113,6,6,0,0,69,120,0,0,69,120,California
Tehama,2020-12-23,48,167,40,153,8,14,0,0,48,168,0,0,48,168,California
Tehama,2020-12-24,5,172,3,156,2,16,0,0,5,173,0,0,5,173,California
Tehama,2020-12-26,3,175,2,158,1,17,0,0,3,176,0,0,3,176,California
Tehama,2020-12-27,2,177,2,160,0,17,0,0,2,178,0,0,2,178,California
Tehama,2020-12-28,56,233,43,203,13,30,0,0,56,234,0,0,56,234,California
Tehama,2020-12-29,31,264,31,234,0,30,0,0,31,265,0,0,31,265,California
Tehama,2020-12-30,55,319,39,273,16,46,0,0,54,319,0,0,54,319,California
Tehama,2020-12-31,14,333,4,277,10,56,0,0,14,333,0,0,14,333,California
Tehama,2021-01-01,2,335,0,277,2,58,0,0,2,335,0,0,2,335,California
Tehama,2021-01-04,32,367,9,286,23,81,0,0,32,367,0,0,32,367,California
Tehama,2021-01-05,70,437,43,329,27,108,0,0,67,431,3,3,67,434,California
Tehama,2021-01-06,71,508,21,350,50,158,0,0,62,485,8,11,62,496,California
Tehama,2021-01-07,57,565,7,357,50,208,0,0,56,540,1,12,56,552,California
Tehama,2021-01-08,34,599,25,382,9,217,0,0,29,564,5,17,29,581,California
Tehama,2021-01-09,7,606,5,387,2,219,0,0,5,567,2,19,5,586,California
Tehama,2021-01-10,1,607,0,387,1,220,0,0,1,568,0,19,1,587,California
Tehama,2021-01-11,48,655,46,433,2,222,0,0,15,550,33,52,15,602,California
Tehama,2021-01-12,132,787,112,545,20,242,0,0,86,590,46,98,86,688,California
Tehama,2021-01-13,72,859,55,600,17,259,0,0,26,570,46,144,26,714,California
Tehama,2021-01-14,223,1082,50,650,173,432,0,0,221,789,2,146,221,935,California
Tehama,2021-01-15,250,1332,75,725,175,607,0,0,246,1031,4,150,246,1181,California
Tehama,2021-01-16,263,1595,19,744,244,851,0,0,260,1288,3,153,260,1441,California
Tehama,2021-01-17,6,1601,2,746,4,855,0,0,4,1290,2,155,4,1445,California
Tehama,2021-01-18,10,1611,6,752,4,859,0,0,5,1290,5,160,5,1450,California
Tehama,2021-01-19,292,1903,65,817,227,1086,0,0,237,1472,55,215,237,1687,California
Tehama,2021-01-20,302,2205,87,904,215,1301,0,0,252,1675,49,264,252,1939,California
Tehama,2021-01-21,214,2419,11,915,203,1504,0,0,204,1869,10,274,204,2143,California
Tehama,2021-01-22,223,2642,21,936,202,1706,0,0,220,2086,3,277,220,2363,California
Tehama,2021-01-23,257,2899,7,943,250,1956,0,0,256,2341,1,278,256,2619,California
Tehama,2021-01-24,1,2900,1,944,0,1956,0,0,1,2342,0,278,1,2620,California
Tehama,2021-01-25,33,2933,15,959,18,1974,0,0,15,2339,18,296,15,2635,California
Tehama,2021-01-26,323,3256,42,1001,281,2255,0,0,286,2588,37,333,286,2921,California
Tehama,2021-01-27,301,3557,21,1022,280,2535,0,0,281,2849,20,353,281,3202,California
Tehama,2021-01-28,343,3900,31,1053,312,2847,0,0,328,3162,15,368,328,3530,California
Tehama,2021-01-29,323,4223,20,1073,303,3150,0,0,305,3449,18,386,305,3835,California
Tehama,2021-01-30,102,4325,2,1075,100,3250,0,0,101,3549,1,387,101,3936,California
Tehama,2021-01-31,1,4326,0,1075,1,3251,0,0,1,3550,0,387,1,3937,California
Tehama,2021-02-01,79,4405,23,1098,56,3307,0,0,36,3543,43,430,36,3973,California
Tehama,2021-02-02,358,4763,64,1162,294,3601,0,0,260,3705,98,528,260,4233,California
Tehama,2021-02-03,400,5163,12,1174,388,3989,0,0,356,4017,44,572,356,4589,California
Tehama,2021-02-04,498,5661,99,1273,399,4388,0,0,417,4354,81,653,418,5007,California
Tehama,2021-02-05,181,5842,73,1346,108,4496,0,0,119,4411,62,715,119,5126,California
Tehama,2021-02-06,28,5870,14,1360,14,4510,0,0,16,4415,12,727,16,5142,California
Tehama,2021-02-07,5,5875,4,1364,1,4511,0,0,2,4414,3,730,2,5144,California
Tehama,2021-02-08,35,5910,13,1377,22,4533,0,0,26,4431,9,739,26,5170,California
Tehama,2021-02-09,78,5988,34,1411,44,4577,0,0,44,4441,34,773,44,5214,California
Tehama,2021-02-10,233,6221,63,1474,170,4747,0,0,158,4524,75,848,158,5372,California
Tehama,2021-02-11,220,6441,15,1489,205,4952,0,0,82,4470,136,984,82,5454,California
Tehama,2021-02-12,364,6805,66,1555,298,5250,0,0,172,4450,192,1176,172,5626,California
Tehama,2021-02-13,384,7189,14,1569,370,5620,0,0,145,4356,239,1415,145,5771,California
Tehama,2021-02-14,38,7227,2,1571,36,5656,0,0,36,4390,2,1417,36,5807,California
Tehama,2021-02-15,53,7280,10,1581,43,5699,0,0,47,4431,6,1423,47,5854,California
Tehama,2021-02-16,245,7525,16,1597,229,5928,0,0,62,4310,183,1606,62,5916,California
Tehama,2021-02-17,281,7806,12,1609,269,6197,0,0,53,4135,228,1834,53,5969,California
Tehama,2021-02-18,371,8177,32,1641,339,6536,0,0,145,4054,226,2060,145,6114,California
Tehama,2021-02-19,214,8391,18,1659,196,6732,0,0,43,3926,171,2231,43,6157,California
Tehama,2021-02-20,271,8662,7,1666,264,6996,0,0,27,3709,244,2475,27,6184,California
Tehama,2021-02-21,1,8663,1,1667,0,6996,0,0,1,3710,0,2475,1,6185,California
Tehama,2021-02-22,40,8703,16,1683,24,7020,0,0,27,3724,13,2488,27,6212,California
Tehama,2021-02-23,47,8750,20,1703,27,7047,0,0,26,3729,21,2509,26,6238,California
Tehama,2021-02-24,303,9053,13,1716,290,7337,0,0,29,3484,274,2783,29,6267,California
Tehama,2021-02-25,380,9433,60,1776,320,7657,0,0,40,3184,340,3123,40,6307,California
Tehama,2021-02-26,461,9894,19,1795,442,8099,0,0,71,2865,390,3513,71,6378,California
Tehama,2021-02-27,294,10188,5,1800,289,8388,0,0,34,2639,260,3773,34,6412,California
Tehama,2021-02-28,23,10211,2,1802,21,8409,0,0,20,2656,3,3776,20,6432,California
Tehama,2021-03-01,67,10278,8,1810,59,8468,0,0,33,2655,34,3810,33,6465,California
Tehama,2021-03-02,151,10429,18,1828,133,8601,0,0,30,2564,121,3931,30,6495,California
Tehama,2021-03-03,166,10595,32,1860,134,8735,0,0,50,2498,116,4047,50,6545,California
Tehama,2021-03-04,656,11251,36,1896,620,9355,0,0,224,2297,425,4472,224,6769,California
Tehama,2021-03-05,404,11655,20,1916,384,9739,0,0,215,2324,188,4660,215,6984,California
Tehama,2021-03-06,303,11958,15,1931,288,10027,0,0,80,2183,222,4882,81,7065,California
Tehama,2021-03-07,5,11963,1,1932,4,10031,0,0,3,2185,1,4883,3,7068,California
Tehama,2021-03-08,57,12020,12,1944,30,10061,15,15,26,2196,30,4913,41,7109,California
Tehama,2021-03-09,367,12387,8,1952,340,10401,19,34,312,2472,55,4968,331,7440,California
Tehama,2021-03-10,355,12742,17,1969,317,10718,21,55,73,2285,281,5249,94,7534,California
Tehama,2021-03-11,493,13235,18,1987,426,11144,49,104,345,2531,148,5397,394,7928,California
Tehama,2021-03-12,306,13541,20,2007,221,11365,65,169,178,2647,127,5524,243,8171,California
Tehama,2021-03-13,48,13589,8,2015,34,11399,6,175,6,2617,42,5566,12,8183,California
Tehama,2021-03-14,53,13642,3,2018,40,11439,10,185,9,2592,44,5610,19,8202,California
Tehama,2021-03-15,154,13796,22,2040,112,11551,20,205,84,2626,70,5680,104,8306,California
Tehama,2021-03-16,418,14214,14,2054,366,11917,38,243,315,2877,102,5782,353,8659,California
Tehama,2021-03-17,434,14648,22,2076,380,12297,32,275,351,3179,81,5863,383,9042,California
Tehama,2021-03-18,486,15134,26,2102,436,12733,24,299,308,3335,176,6039,332,9374,California
Tehama,2021-03-19,318,15452,22,2124,283,13016,13,312,276,3582,42,6081,289,9663,California
Tehama,2021-03-20,41,15493,8,2132,31,13047,2,314,29,3601,12,6093,31,9694,California
Tehama,2021-03-21,12,15505,5,2137,7,13054,0,314,12,3613,0,6093,12,9706,California
Tehama,2021-03-22,92,15597,8,2145,67,13121,17,331,51,3640,41,6134,68,9774,California
Tehama,2021-03-23,88,15685,28,2173,54,13175,6,337,70,3698,18,6152,76,9850,California
Tehama,2021-03-24,86,15771,16,2189,68,13243,2,339,55,3724,31,6183,57,9907,California
Tehama,2021-03-25,526,16297,356,2545,157,13400,13,352,473,4158,52,6235,486,10393,California
Tehama,2021-03-26,515,16812,404,2949,99,13499,12,364,435,4528,77,6312,447,10840,California
Tehama,2021-03-27,458,17270,362,3311,71,13570,25,389,389,4874,68,6380,414,11254,California
Tehama,2021-03-28,31,17301,10,3321,21,13591,0,389,19,4881,12,6392,19,11273,California
Tehama,2021-03-29,124,17425,31,3352,92,13683,1,390,78,4913,46,6438,78,11351,California
Tehama,2021-03-30,371,17796,221,3573,148,13831,2,392,252,5048,119,6557,254,11605,California
Tehama,2021-03-31,400,18196,298,3871,99,13930,3,395,327,5305,72,6629,329,11934,California
Tehama,2021-04-01,527,18723,247,4118,274,14204,6,401,394,5573,132,6761,400,12334,California
Tehama,2021-04-02,458,19181,215,4333,237,14441,6,407,272,5664,186,6947,277,12611,California
Tehama,2021-04-03,62,19243,4,4337,53,14494,5,412,31,5669,31,6978,36,12647,California
Tehama,2021-04-04,35,19278,7,4344,27,14521,1,413,23,5681,12,6990,24,12671,California
Tehama,2021-04-05,117,19395,21,4365,69,14590,27,440,61,5713,56,7046,88,12759,California
Tehama,2021-04-06,492,19887,109,4474,332,14922,51,491,137,5546,355,7401,188,12947,California
Tehama,2021-04-07,416,20303,283,4757,90,15012,43,534,303,5779,112,7513,345,13292,California
Tehama,2021-04-08,606,20909,175,4932,391,15403,40,574,230,5674,375,7888,270,13562,California
Tehama,2021-04-09,430,21339,193,5125,204,15607,33,607,215,5708,214,8102,248,13810,California
Tehama,2021-04-10,79,21418,9,5134,38,15645,32,639,40,5741,39,8141,72,13882,California
Tehama,2021-04-11,33,21451,7,5141,15,15660,11,650,8,5735,25,8166,19,13901,California
Tehama,2021-04-12,112,21563,6,5147,87,15747,19,669,40,5722,72,8238,59,13960,California
Tehama,2021-04-13,390,21953,66,5213,324,16071,0,669,67,5466,323,8561,67,14027,California
Tehama,2021-04-14,407,22360,53,5266,354,16425,0,669,50,5161,355,8916,50,14077,California
Tehama,2021-04-15,516,22876,193,5459,323,16748,0,669,80,4806,435,9351,80,14157,California
Tehama,2021-04-16,599,23475,343,5802,256,17004,0,669,76,4359,523,9874,76,14233,California
Tehama,2021-04-17,349,23824,269,6071,80,17084,0,669,41,4094,307,10181,42,14275,California
Tehama,2021-04-18,17,23841,3,6074,14,17098,0,669,14,4105,3,10184,14,14289,California
Tehama,2021-04-19,96,23937,7,6081,89,17187,0,669,41,4091,55,10239,41,14330,California
Tehama,2021-04-20,528,24465,435,6516,93,17280,0,669,153,3874,372,10611,155,14485,California
Tehama,2021-04-21,513,24978,434,6950,79,17359,0,669,171,3705,340,10951,171,14656,California
Tehama,2021-04-22,526,25504,366,7316,160,17519,0,669,157,3496,366,11317,157,14813,California
Tehama,2021-04-23,451,25955,350,7666,101,17620,0,669,202,3451,248,11565,203,15016,California
Tehama,2021-04-24,104,26059,18,7684,86,17706,0,669,27,3401,77,11642,27,15043,California
Tehama,2021-04-25,29,26088,18,7702,11,17717,0,669,9,3391,19,11661,9,15052,California
Tehama,2021-04-26,86,26174,12,7714,74,17791,0,669,47,3399,39,11700,47,15099,California
Tehama,2021-04-27,256,26430,208,7922,47,17838,1,670,95,3334,161,11861,96,15195,California
Tehama,2021-04-28,404,26834,324,8246,63,17901,17,687,71,3089,333,12194,88,15283,California
Tehama,2021-04-29,358,27192,173,8419,179,18080,6,693,71,2880,286,12480,77,15360,California
Tehama,2021-04-30,326,27518,240,8659,80,18160,6,699,113,2786,213,12693,119,15479,California
Tehama,2021-05-01,74,27592,4,8663,67,18227,3,702,16,2747,58,12751,19,15498,California
Tehama,2021-05-02,46,27638,24,8687,10,18237,12,714,26,2765,20,12771,38,15536,California
Tehama,2021-05-03,117,27755,40,8727,69,18306,8,722,62,2780,55,12826,70,15606,California
Tehama,2021-05-04,163,27918,59,8786,97,18403,7,729,70,2764,93,12919,77,15683,California
Tehama,2021-05-05,93,28011,24,8810,59,18462,10,739,44,2769,49,12968,54,15737,California
Tehama,2021-05-06,166,28177,91,8901,60,18522,15,754,100,2818,66,13034,115,15852,California
Tehama,2021-05-07,174,28351,73,8974,90,18612,11,765,48,2753,124,13158,59,15911,California
Tehama,2021-05-08,50,28401,6,8980,43,18655,1,766,14,2732,36,13194,15,15926,California
Tehama,2021-05-09,16,28417,4,8984,12,18667,0,766,6,2728,10,13204,6,15932,California
Tehama,2021-05-10,78,28495,7,8991,65,18732,6,772,38,2732,39,13243,43,15975,California
Tehama,2021-05-11,174,28669,115,9106,49,18781,10,782,36,2640,138,13381,46,16021,California
Tehama,2021-05-12,212,28881,133,9239,68,18849,11,793,47,2533,165,13546,58,16079,California
Tehama,2021-05-13,246,29127,167,9406,71,18920,8,801,112,2520,133,13679,120,16199,California
Tehama,2021-05-14,246,29373,133,9539,92,19012,21,822,57,2410,188,13867,78,16277,California
Tehama,2021-05-15,224,29597,135,9674,54,19066,35,857,161,2544,62,13929,196,16473,California
Tehama,2021-05-16,27,29624,7,9681,17,19083,3,860,15,2550,12,13941,18,16491,California
Tehama,2021-05-17,111,29735,30,9711,66,19149,15,875,52,2559,58,13999,67,16558,California
Tehama,2021-05-18,149,29884,77,9788,57,19206,15,890,46,2519,101,14100,61,16619,California
Tehama,2021-05-19,125,30009,53,9841,62,19268,10,900,38,2480,87,14187,48,16667,California
Tehama,2021-05-20,325,30334,234,10075,68,19336,23,923,222,2623,102,14289,245,16912,California
Tehama,2021-05-21,220,30554,99,10174,108,19444,13,936,78,2574,140,14429,91,17003,California
Tehama,2021-05-22,64,30618,31,10205,29,19473,4,940,36,2586,28,14457,40,17043,California
Tehama,2021-05-23,48,30666,23,10228,14,19487,11,951,12,2573,36,14493,23,17066,California
Tehama,2021-05-24,99,30765,31,10259,60,19547,8,959,34,2550,65,14558,42,17108,California
Tehama,2021-05-25,76,30841,19,10278,49,19596,8,967,46,2574,29,14587,53,17161,California
Tehama,2021-05-26,78,30919,29,10307,46,19642,3,970,50,2600,27,14614,53,17214,California
Tehama,2021-05-27,151,31070,95,10402,52,19694,4,974,49,2553,100,14714,53,17267,California
Tehama,2021-05-28,133,31203,36,10438,90,19784,7,981,62,2552,70,14784,69,17336,California
Tehama,2021-05-29,52,31255,8,10446,39,19823,5,986,33,2571,19,14803,38,17374,California
Tehama,2021-05-30,11,31266,2,10448,8,19831,1,987,2,2565,9,14812,3,17377,California
Tehama,2021-05-31,17,31283,2,10450,14,19845,1,988,5,2559,12,14824,6,17383,California
Tehama,2021-06-01,95,31378,18,10468,60,19905,17,1005,31,2543,64,14888,48,17431,California
Tehama,2021-06-02,87,31465,30,10498,52,19957,5,1010,31,2523,56,14944,36,17467,California
Tehama,2021-06-03,134,31599,100,10598,23,19980,11,1021,28,2456,106,15050,39,17506,California
Tehama,2021-06-04,135,31734,35,10633,86,20066,14,1035,59,2452,75,15125,71,17577,California
Tehama,2021-06-05,157,31891,127,10760,22,20088,8,1043,31,2366,125,15250,39,17616,California
Tehama,2021-06-06,14,31905,7,10767,1,20089,6,1049,2,2362,11,15261,7,17623,California
Tehama,2021-06-07,66,31971,26,10793,38,20127,2,1051,16,2330,50,15311,18,17641,California
Tehama,2021-06-08,100,32071,33,10826,58,20185,9,1060,36,2311,64,15375,45,17686,California
Tehama,2021-06-09,85,32156,42,10868,41,20226,2,1062,43,2314,42,15417,45,17731,California
Tehama,2021-06-10,259,32415,209,11077,40,20266,10,1072,38,2142,220,15637,48,17779,California
Tehama,2021-06-11,141,32556,64,11141,68,20334,9,1081,51,2115,87,15724,60,17839,California
Tehama,2021-06-12,60,32616,37,11178,23,20357,0,1081,23,2101,37,15761,23,17862,California
Tehama,2021-06-13,22,32638,6,11184,10,20367,6,1087,5,2095,17,15778,11,17873,California
Tehama,2021-06-14,88,32726,14,11198,68,20435,6,1093,26,2065,62,15840,32,17905,California
Tehama,2021-06-15,89,32815,39,11237,39,20474,11,1104,33,2054,55,15895,44,17949,California
Tehama,2021-06-16,90,32905,60,11297,27,20501,3,1107,47,2061,43,15938,50,17999,California
Tehama,2021-06-17,148,33053,105,11402,28,20529,15,1122,84,2097,62,16000,98,18097,California
Tehama,2021-06-18,98,33151,39,11441,45,20574,14,1136,31,2075,67,16067,45,18142,California
Tehama,2021-06-19,38,33189,13,11454,20,20594,5,1141,17,2076,21,16088,22,18164,California
Tehama,2021-06-20,13,33202,3,11457,9,20603,1,1142,4,2072,9,16097,5,18169,California
Tehama,2021-06-21,55,33257,11,11468,37,20640,7,1149,18,2060,37,16134,25,18194,California
Tehama,2021-06-22,77,33334,23,11491,41,20681,13,1162,31,2059,45,16179,44,18238,California
Tehama,2021-06-23,90,33424,54,11545,32,20713,4,1166,45,2063,44,16223,48,18286,California
Tehama,2021-06-24,81,33505,41,11586,32,20745,8,1174,45,2080,36,16259,53,18339,California
Tehama,2021-06-25,106,33611,49,11635,50,20795,7,1181,49,2079,57,16316,56,18395,California
Tehama,2021-06-26,26,33637,13,11648,13,20808,0,1181,17,2087,9,16325,17,18412,California
Tehama,2021-06-27,5,33642,4,11652,1,20809,0,1181,4,2090,1,16326,4,18416,California
Trinity,2020-12-17,4,4,4,4,0,0,0,0,4,4,0,0,4,4,California
Trinity,2020-12-18,2,6,2,6,0,0,0,0,2,6,0,0,2,6,California
Trinity,2020-12-21,38,44,38,44,0,0,0,0,38,44,0,0,38,44,California
Trinity,2020-12-22,4,48,4,48,0,0,0,0,4,48,0,0,4,48,California
Trinity,2020-12-23,6,54,5,53,1,1,0,0,6,54,0,0,6,54,California
Trinity,2020-12-28,31,85,31,84,0,1,0,0,31,85,0,0,31,85,California
Trinity,2020-12-29,8,93,7,91,1,2,0,0,8,93,0,0,8,93,California
Trinity,2020-12-30,10,103,8,99,2,4,0,0,10,103,0,0,10,103,California
Trinity,2020-12-31,2,105,1,100,1,5,0,0,2,105,0,0,2,105,California
Trinity,2021-01-04,28,133,0,100,28,33,0,0,27,132,0,0,27,132,California
Trinity,2021-01-05,3,136,1,101,2,35,0,0,3,135,0,0,3,135,California
Trinity,2021-01-06,24,160,4,105,20,55,0,0,20,151,4,4,20,155,California
Trinity,2021-01-08,49,209,2,107,47,102,0,0,48,197,2,6,48,203,California
Trinity,2021-01-11,41,250,38,145,3,105,0,0,4,164,37,43,4,207,California
Trinity,2021-01-12,9,259,6,151,3,108,0,0,4,163,5,48,4,211,California
Trinity,2021-01-13,7,266,4,155,3,111,0,0,4,164,3,51,4,215,California
Trinity,2021-01-14,4,270,1,156,3,114,0,0,4,168,0,51,4,219,California
Trinity,2021-01-15,4,274,0,156,4,118,0,0,4,172,0,51,4,223,California
Trinity,2021-01-16,4,278,0,156,4,122,0,0,4,176,0,51,4,227,California
Trinity,2021-01-18,31,309,31,187,0,122,0,0,0,145,31,82,0,227,California
Trinity,2021-01-19,35,344,14,201,21,143,0,0,21,152,14,96,21,248,California
Trinity,2021-01-20,20,364,3,204,17,160,0,0,17,166,3,99,17,265,California
Trinity,2021-01-21,17,381,7,211,10,170,0,0,17,183,0,99,17,282,California
Trinity,2021-01-22,5,386,1,212,4,174,0,0,5,188,0,99,5,287,California
Trinity,2021-01-23,7,393,3,215,4,178,0,0,7,195,0,99,7,294,California
Trinity,2021-01-25,14,407,1,216,13,191,0,0,13,207,1,100,13,307,California
Trinity,2021-01-26,10,417,1,217,9,200,0,0,9,215,1,101,9,316,California
Trinity,2021-01-27,12,429,0,217,12,212,0,0,12,227,0,101,12,328,California
Trinity,2021-01-28,13,442,3,220,10,222,0,0,10,234,3,104,10,338,California
Trinity,2021-01-29,2,444,0,220,2,224,0,0,1,234,1,105,1,339,California
Trinity,2021-01-30,12,456,11,231,1,225,0,0,12,246,0,105,12,351,California
Trinity,2021-02-01,2,458,1,232,1,226,0,0,1,246,1,106,1,352,California
Trinity,2021-02-02,15,473,3,235,12,238,0,0,14,259,1,107,14,366,California
Trinity,2021-02-03,7,480,1,236,6,244,0,0,4,260,3,110,4,370,California
Trinity,2021-02-04,42,522,32,268,10,254,0,0,35,288,7,117,35,405,California
Trinity,2021-02-05,354,876,0,268,354,608,0,0,323,580,31,148,323,728,California
Trinity,2021-02-06,210,1086,5,273,205,813,0,0,203,776,7,155,203,931,California
Trinity,2021-02-07,1,1087,0,273,1,814,0,0,1,777,0,155,1,932,California
Trinity,2021-02-08,27,1114,0,273,27,841,0,0,16,782,11,166,16,948,California
Trinity,2021-02-09,27,1141,2,275,25,866,0,0,11,777,16,182,11,959,California
Trinity,2021-02-10,122,1263,10,285,112,978,0,0,102,859,20,202,102,1061,California
Trinity,2021-02-11,339,1602,2,287,337,1315,0,0,332,1184,7,209,332,1393,California
Trinity,2021-02-12,18,1620,10,297,8,1323,0,0,14,1194,4,213,14,1407,California
Trinity,2021-02-13,13,1633,6,303,7,1330,0,0,6,1193,7,220,6,1413,California
Trinity,2021-02-14,2,1635,2,305,0,1330,0,0,2,1195,0,220,2,1415,California
Trinity,2021-02-15,47,1682,0,305,47,1377,0,0,47,1242,0,220,47,1462,California
Trinity,2021-02-16,4,1686,1,306,3,1380,0,0,2,1242,2,222,2,1464,California
Trinity,2021-02-17,94,1780,2,308,92,1472,0,0,84,1316,10,232,84,1548,California
Trinity,2021-02-18,4,1784,0,308,4,1476,0,0,1,1314,3,235,1,1549,California
Trinity,2021-02-19,307,2091,2,310,305,1781,0,0,293,1593,14,249,293,1842,California
Trinity,2021-02-20,142,2233,14,324,128,1909,0,0,114,1679,28,277,114,1956,California
Trinity,2021-02-21,1,2234,1,325,0,1909,0,0,1,1680,0,277,1,1957,California
Trinity,2021-02-22,8,2242,0,325,8,1917,0,0,5,1682,3,280,5,1962,California
Trinity,2021-02-23,10,2252,3,328,7,1924,0,0,5,1682,5,285,5,1967,California
Trinity,2021-02-24,30,2282,8,336,22,1946,0,0,7,1666,23,308,7,1974,California
Trinity,2021-02-25,36,2318,23,359,13,1959,0,0,5,1640,31,339,5,1979,California
Trinity,2021-02-26,11,2329,1,360,10,1969,0,0,5,1639,6,345,5,1984,California
Trinity,2021-02-27,10,2339,8,368,2,1971,0,0,4,1637,6,351,4,1988,California
Trinity,2021-03-01,10,2349,0,368,10,1981,0,0,5,1637,5,356,5,1993,California
Trinity,2021-03-02,9,2358,3,371,6,1987,0,0,2,1632,7,363,2,1995,California
Trinity,2021-03-03,4,2362,0,371,4,1991,0,0,3,1634,1,364,3,1998,California
Trinity,2021-03-04,24,2386,19,390,5,1996,0,0,10,1630,14,378,10,2008,California
Trinity,2021-03-05,388,2774,1,391,387,2383,0,0,120,1486,264,642,120,2128,California
Trinity,2021-03-06,202,2976,7,398,195,2578,0,0,26,1336,176,818,26,2154,California
Trinity,2021-03-07,4,2980,3,401,1,2579,0,0,3,1338,1,819,3,2157,California
Trinity,2021-03-08,5,2985,1,402,3,2582,1,1,2,1338,3,822,3,2160,California
Trinity,2021-03-09,94,3079,0,402,92,2674,2,3,88,1422,6,828,90,2250,California
Trinity,2021-03-10,126,3205,3,405,120,2794,3,6,38,1375,88,916,41,2291,California
Trinity,2021-03-11,16,3221,4,409,10,2804,2,8,5,1371,11,927,7,2298,California
Trinity,2021-03-12,398,3619,5,414,387,3191,6,14,96,1171,302,1229,102,2400,California
Trinity,2021-03-13,13,3632,8,422,3,3194,2,16,8,1176,5,1234,10,2410,California
Trinity,2021-03-14,4,3636,1,423,3,3197,0,16,3,1178,1,1235,3,2413,California
Trinity,2021-03-15,67,3703,0,423,66,3263,1,17,14,1140,53,1288,15,2428,California
Trinity,2021-03-16,116,3819,7,430,109,3372,0,17,103,1230,13,1301,103,2531,California
Trinity,2021-03-17,100,3919,3,433,97,3469,0,17,26,1182,74,1375,26,2557,California
Trinity,2021-03-18,10,3929,2,435,5,3474,3,20,5,1185,5,1380,8,2565,California
Trinity,2021-03-19,460,4389,4,439,346,3820,110,130,34,903,426,1806,144,2709,California
Trinity,2021-03-20,105,4494,7,446,98,3918,0,130,70,939,34,1840,70,2779,California
Trinity,2021-03-21,4,4498,0,446,3,3921,1,131,3,942,1,1841,4,2783,California
Trinity,2021-03-22,2,4500,0,446,2,3923,0,131,2,944,0,1841,2,2785,California
Trinity,2021-03-23,95,4595,2,448,93,4016,0,131,77,1003,18,1859,77,2862,California
Trinity,2021-03-24,12,4607,1,449,11,4027,0,131,9,1009,3,1862,9,2871,California
Trinity,2021-03-25,111,4718,8,457,97,4124,6,137,85,1074,26,1888,91,2962,California
Trinity,2021-03-26,84,4802,8,465,76,4200,0,137,77,1144,7,1895,77,3039,California
Trinity,2021-03-27,20,4822,4,469,7,4207,9,146,9,1151,11,1906,18,3057,California
Trinity,2021-03-28,5,4827,3,472,2,4209,0,146,1,1148,4,1910,1,3058,California
Trinity,2021-03-29,6,4833,1,473,5,4214,0,146,2,1146,4,1914,2,3060,California
Trinity,2021-03-30,77,4910,5,478,72,4286,0,146,67,1203,10,1924,67,3127,California
Trinity,2021-03-31,56,4966,5,483,19,4305,32,178,21,1220,35,1959,52,3179,California
Trinity,2021-04-01,40,5006,10,493,19,4324,11,189,21,1233,19,1978,32,3211,California
Trinity,2021-04-02,249,5255,5,498,170,4494,74,263,77,1213,171,2149,151,3362,California
Trinity,2021-04-03,17,5272,12,510,5,4499,0,263,7,1210,10,2159,7,3369,California
Trinity,2021-04-04,10,5282,8,518,2,4501,0,263,8,1216,2,2161,8,3377,California
Trinity,2021-04-05,58,5340,6,524,51,4552,1,264,54,1267,4,2165,55,3432,California
Trinity,2021-04-06,117,5457,15,539,99,4651,3,267,28,1209,89,2254,31,3463,California
Trinity,2021-04-07,27,5484,12,551,10,4661,5,272,19,1225,8,2262,24,3487,California
Trinity,2021-04-08,89,5573,10,561,77,4738,2,274,52,1242,37,2299,54,3541,California
Trinity,2021-04-09,169,5742,20,581,145,4883,4,278,91,1259,78,2377,95,3636,California
Trinity,2021-04-10,11,5753,7,588,4,4887,0,278,10,1268,1,2378,10,3646,California
Trinity,2021-04-11,10,5763,5,593,3,4890,2,280,4,1268,6,2384,6,3652,California
Trinity,2021-04-12,77,5840,5,598,71,4961,1,281,64,1320,12,2396,64,3716,California
Trinity,2021-04-13,104,5944,5,603,99,5060,0,281,11,1238,93,2489,11,3727,California
Trinity,2021-04-14,10,5954,5,608,5,5065,0,281,6,1240,4,2493,6,3733,California
Trinity,2021-04-15,46,6000,11,619,35,5100,0,281,16,1227,29,2522,16,3749,California
Trinity,2021-04-16,151,6151,13,632,138,5238,0,281,78,1233,72,2594,78,3827,California
Trinity,2021-04-17,11,6162,5,637,6,5244,0,281,9,1240,2,2596,9,3836,California
Trinity,2021-04-18,3,6165,1,638,2,5246,0,281,0,1237,3,2599,0,3836,California
Trinity,2021-04-19,67,6232,2,640,65,5311,0,281,66,1302,1,2600,66,3902,California
Trinity,2021-04-20,94,6326,8,648,86,5397,0,281,21,1250,73,2673,21,3923,California
Trinity,2021-04-21,22,6348,9,657,13,5410,0,281,9,1246,13,2686,9,3932,California
Trinity,2021-04-22,92,6440,5,662,87,5497,0,281,14,1182,78,2764,14,3946,California
Trinity,2021-04-23,179,6619,6,668,173,5670,0,281,111,1225,68,2832,111,4057,California
Trinity,2021-04-24,23,6642,12,680,11,5681,0,281,6,1214,17,2849,6,4063,California
Trinity,2021-04-25,10,6652,9,689,1,5682,0,281,3,1211,6,2855,3,4066,California
Trinity,2021-04-26,48,6700,9,698,39,5721,0,281,40,1243,8,2863,40,4106,California
Trinity,2021-04-27,88,6788,11,709,77,5798,0,281,23,1201,65,2928,23,4129,California
Trinity,2021-04-28,33,6821,11,720,22,5820,0,281,12,1192,21,2949,12,4141,California
Trinity,2021-04-29,34,6855,13,733,21,5841,0,281,12,1182,22,2971,12,4153,California
Trinity,2021-04-30,27,6882,21,754,6,5847,0,281,8,1172,18,2989,8,4161,California
Trinity,2021-05-01,15,6897,8,762,2,5849,5,286,5,1172,10,2999,10,4171,California
Trinity,2021-05-02,8,6905,5,767,1,5850,2,288,2,1170,6,3005,4,4175,California
Trinity,2021-05-03,58,6963,13,780,44,5894,1,289,9,1132,48,3053,10,4185,California
Trinity,2021-05-04,23,6986,11,791,11,5905,1,290,8,1126,15,3068,9,4194,California
Trinity,2021-05-05,11,6997,7,798,4,5909,0,290,4,1123,7,3075,4,4198,California
Trinity,2021-05-06,73,7070,10,808,61,5970,2,292,16,1084,57,3132,18,4216,California
Trinity,2021-05-07,176,7246,12,820,130,6100,34,326,14,970,162,3294,48,4264,California
Trinity,2021-05-08,6,7252,2,822,4,6104,0,326,2,968,4,3298,2,4266,California
Trinity,2021-05-09,11,7263,8,830,3,6107,0,326,7,971,4,3302,7,4273,California
Trinity,2021-05-10,16,7279,6,836,9,6116,1,327,8,972,8,3310,9,4282,California
Trinity,2021-05-11,7,7286,3,839,4,6120,0,327,5,975,2,3312,5,4287,California
Trinity,2021-05-12,19,7305,16,855,2,6122,1,328,14,985,5,3317,15,4302,California
Trinity,2021-05-13,15,7320,10,865,4,6126,1,329,9,989,6,3323,10,4312,California
Trinity,2021-05-14,138,7458,19,884,91,6217,28,357,39,957,99,3422,67,4379,California
Trinity,2021-05-15,15,7473,10,894,4,6221,1,358,7,958,7,3429,8,4387,California
Trinity,2021-05-16,8,7481,6,900,2,6223,0,358,6,962,2,3431,6,4393,California
Trinity,2021-05-17,108,7589,20,920,86,6309,2,360,42,940,66,3497,44,4437,California
Trinity,2021-05-18,37,7626,7,927,29,6338,1,361,11,926,26,3523,12,4449,California
Trinity,2021-05-19,143,7769,17,944,97,6435,29,390,26,865,116,3639,55,4504,California
Trinity,2021-05-20,28,7797,21,965,4,6439,3,393,17,874,11,3650,20,4524,California
Trinity,2021-05-21,21,7818,12,977,9,6448,0,393,12,877,9,3659,12,4536,California
Trinity,2021-05-22,17,7835,14,991,3,6451,0,393,13,886,4,3663,13,4549,California
Trinity,2021-05-23,6,7841,4,995,2,6453,0,393,2,884,4,3667,2,4551,California
Trinity,2021-05-24,109,7950,12,1007,96,6549,1,394,8,793,100,3767,9,4560,California
Trinity,2021-05-25,39,7989,14,1021,25,6574,0,394,17,788,22,3789,17,4577,California
Trinity,2021-05-26,12,8001,6,1027,6,6580,0,394,4,784,8,3797,4,4581,California
Trinity,2021-05-27,30,8031,13,1040,12,6592,5,399,7,773,23,3820,12,4593,California
Trinity,2021-05-28,14,8045,10,1050,3,6595,1,400,7,774,7,3827,8,4601,California
Trinity,2021-05-29,10,8055,7,1057,2,6597,1,401,7,779,3,3830,8,4609,California
Trinity,2021-05-30,6,8061,5,1062,1,6598,0,401,0,773,6,3836,0,4609,California
Trinity,2021-05-31,4,8065,3,1065,1,6599,0,401,2,773,2,3838,2,4611,California
Trinity,2021-06-01,15,8080,8,1073,5,6604,2,403,4,769,10,3848,6,4617,California
Trinity,2021-06-02,24,8104,19,1092,3,6607,2,405,9,765,15,3863,11,4628,California
Trinity,2021-06-03,39,8143,13,1105,26,6633,0,405,13,752,26,3889,13,4641,California
Trinity,2021-06-04,45,8188,21,1126,16,6649,8,413,12,739,33,3922,20,4661,California
Trinity,2021-06-05,19,8207,18,1144,1,6650,0,413,13,746,6,3928,13,4674,California
Trinity,2021-06-06,9,8216,6,1150,2,6652,1,414,2,742,7,3935,3,4677,California
Trinity,2021-06-07,28,8244,19,1169,8,6660,1,415,12,739,16,3951,13,4690,California
Trinity,2021-06-08,14,8258,12,1181,1,6661,1,416,4,734,10,3961,5,4695,California
Trinity,2021-06-09,24,8282,14,1195,1,6662,9,425,5,729,19,3980,14,4709,California
Trinity,2021-06-10,20,8302,18,1213,2,6664,0,425,5,719,15,3995,5,4714,California
Trinity,2021-06-11,45,8347,10,1223,33,6697,2,427,14,704,31,4026,16,4730,California
Trinity,2021-06-12,9,8356,9,1232,0,6697,0,427,2,699,7,4033,2,4732,California
Trinity,2021-06-13,4,8360,4,1236,0,6697,0,427,1,697,3,4036,1,4733,California
Trinity,2021-06-14,43,8403,16,1252,27,6724,0,427,11,676,32,4068,11,4744,California
Trinity,2021-06-15,45,8448,21,1273,3,6727,21,448,9,669,36,4104,29,4773,California
Trinity,2021-06-16,10,8458,6,1279,4,6731,0,448,3,665,7,4111,3,4776,California
Trinity,2021-06-17,15,8473,13,1292,0,6731,2,450,5,663,9,4120,7,4783,California
Trinity,2021-06-18,15,8488,10,1302,3,6734,2,452,6,662,9,4129,8,4791,California
Trinity,2021-06-19,10,8498,10,1312,0,6734,0,452,2,656,8,4137,2,4793,California
Trinity,2021-06-20,3,8501,3,1315,0,6734,0,452,3,659,0,4137,3,4796,California
Trinity,2021-06-21,8,8509,6,1321,0,6734,2,454,5,663,3,4140,7,4803,California
Trinity,2021-06-22,33,8542,10,1331,13,6747,10,464,14,668,19,4159,24,4827,California
Trinity,2021-06-23,15,8557,8,1339,1,6748,6,470,2,663,13,4172,8,4835,California
Trinity,2021-06-24,24,8581,14,1353,4,6752,6,476,15,675,9,4181,21,4856,California
Trinity,2021-06-25,10,8591,10,1363,0,6752,0,476,6,677,4,4185,6,4862,California
Trinity,2021-06-26,18,8609,18,1381,0,6752,0,476,8,675,10,4195,8,4870,California
Trinity,2021-06-27,4,8613,4,1385,0,6752,0,476,0,671,4,4199,0,4870,California
Tulare,2020-12-15,1,1,1,1,0,0,0,0,1,1,0,0,1,1,California
Tulare,2020-12-16,4,5,4,5,0,0,0,0,4,5,0,0,4,5,California
Tulare,2020-12-17,110,115,110,115,0,0,0,0,110,115,0,0,110,115,California
Tulare,2020-12-18,290,405,289,404,1,1,0,0,290,405,0,0,290,405,California
Tulare,2020-12-19,326,731,326,730,0,1,0,0,326,731,0,0,326,731,California
Tulare,2020-12-20,165,896,165,895,0,1,0,0,165,896,0,0,165,896,California
Tulare,2020-12-21,423,1319,423,1318,0,1,0,0,443,1339,0,0,443,1339,California
Tulare,2020-12-22,470,1789,468,1786,2,3,0,0,469,1808,0,0,469,1808,California
Tulare,2020-12-23,326,2115,318,2104,8,11,0,0,324,2132,0,0,324,2132,California
Tulare,2020-12-24,18,2133,16,2120,2,13,0,0,18,2150,0,0,18,2150,California
Tulare,2020-12-26,8,2141,7,2127,1,14,0,0,8,2158,0,0,8,2158,California
Tulare,2020-12-27,16,2157,12,2139,4,18,0,0,16,2174,0,0,16,2174,California
Tulare,2020-12-28,482,2639,469,2608,13,31,0,0,481,2655,0,0,481,2655,California
Tulare,2020-12-29,548,3187,478,3086,70,101,0,0,548,3203,0,0,548,3203,California
Tulare,2020-12-30,468,3655,424,3510,44,145,0,0,468,3671,0,0,468,3671,California
Tulare,2020-12-31,100,3755,22,3532,78,223,0,0,100,3771,0,0,100,3771,California
Tulare,2021-01-01,3,3758,1,3533,2,225,0,0,3,3774,0,0,3,3774,California
Tulare,2021-01-02,32,3790,19,3552,13,238,0,0,32,3806,0,0,32,3806,California
Tulare,2021-01-03,23,3813,9,3561,14,252,0,0,23,3829,0,0,23,3829,California
Tulare,2021-01-04,93,3906,16,3577,77,329,0,0,93,3922,0,0,93,3922,California
Tulare,2021-01-05,465,4371,279,3856,186,515,0,0,463,4383,2,2,463,4385,California
Tulare,2021-01-06,861,5232,631,4487,230,745,0,0,851,5224,10,12,851,5236,California
Tulare,2021-01-07,782,6014,585,5072,197,942,0,0,674,5790,108,120,674,5910,California
Tulare,2021-01-08,1280,7294,573,5645,707,1649,0,0,943,6397,336,456,943,6853,California
Tulare,2021-01-09,807,8101,204,5849,603,2252,0,0,619,6828,188,644,619,7472,California
Tulare,2021-01-10,51,8152,43,5892,8,2260,0,0,13,6803,38,682,13,7485,California
Tulare,2021-01-11,1274,9426,771,6663,503,2763,0,0,836,7201,438,1120,836,8321,California
Tulare,2021-01-12,1451,10877,504,7167,947,3710,0,0,1040,7832,410,1530,1041,9362,California
Tulare,2021-01-13,411,11288,179,7346,232,3942,0,0,336,8093,75,1605,336,9698,California
Tulare,2021-01-14,494,11782,143,7489,351,4293,0,0,468,8546,15,1620,468,10166,California
Tulare,2021-01-15,1651,13433,156,7645,1495,5788,0,0,1642,10179,9,1629,1642,11808,California
Tulare,2021-01-16,1924,15357,113,7758,1811,7599,0,0,1910,12075,14,1643,1910,13718,California
Tulare,2021-01-17,142,15499,122,7880,20,7619,0,0,132,12197,10,1653,132,13850,California
Tulare,2021-01-18,695,16194,659,8539,36,7655,0,0,295,12092,400,2053,295,14145,California
Tulare,2021-01-19,1016,17210,688,9227,328,7983,0,0,590,12256,426,2479,590,14735,California
Tulare,2021-01-20,2474,19684,664,9891,1810,9793,0,0,2038,13903,391,2870,2038,16773,California
Tulare,2021-01-21,1616,21300,226,10117,1390,11183,0,0,1588,15469,22,2892,1588,18361,California
Tulare,2021-01-22,1089,22389,213,10330,876,12059,0,0,1062,16505,26,2918,1062,19423,California
Tulare,2021-01-23,441,22830,157,10487,284,12343,0,0,420,16904,21,2939,420,19843,California
Tulare,2021-01-24,31,22861,28,10515,3,12346,0,0,29,16931,2,2941,29,19872,California
Tulare,2021-01-25,1352,24213,987,11502,365,12711,0,0,1299,18177,53,2994,1299,21171,California
Tulare,2021-01-26,1508,25721,1099,12601,409,13120,0,0,1170,19010,337,3331,1170,22341,California
Tulare,2021-01-27,1502,27223,1068,13669,434,13554,0,0,923,19355,578,3909,923,23264,California
Tulare,2021-01-28,1215,28438,776,14445,439,13993,0,0,816,19772,399,4308,816,24080,California
Tulare,2021-01-29,1129,29567,718,15163,411,14404,0,0,819,20281,310,4618,819,24899,California
Tulare,2021-01-30,1671,31238,1576,16739,95,14499,0,0,1646,21903,25,4643,1647,26546,California
Tulare,2021-01-31,65,31303,60,16799,5,14504,0,0,62,21962,3,4646,62,26608,California
Tulare,2021-02-01,1183,32486,910,17709,273,14777,0,0,822,22424,360,5006,822,27430,California
Tulare,2021-02-02,703,33189,350,18059,353,15130,0,0,460,22644,241,5247,461,27891,California
Tulare,2021-02-03,555,33744,223,18282,332,15462,0,0,330,22789,185,5432,330,28221,California
Tulare,2021-02-04,570,34314,170,18452,400,15862,0,0,282,22785,287,5719,283,28504,California
Tulare,2021-02-05,1243,35557,239,18691,1004,16866,0,0,406,22356,835,6554,406,28910,California
Tulare,2021-02-06,835,36392,155,18846,680,17546,0,0,207,21937,626,7180,207,29117,California
Tulare,2021-02-07,84,36476,71,18917,13,17559,0,0,23,21899,61,7241,23,29140,California
Tulare,2021-02-08,945,37421,328,19245,617,18176,0,0,239,21435,703,7944,239,29379,California
Tulare,2021-02-09,1416,38837,336,19581,1080,19256,0,0,341,20706,1070,9014,341,29720,California
Tulare,2021-02-10,2485,41322,1989,21570,496,19752,0,0,2075,22372,409,9423,2075,31795,California
Tulare,2021-02-11,1335,42657,373,21943,962,20714,0,0,873,22783,462,9885,873,32668,California
Tulare,2021-02-12,2788,45445,575,22518,2213,22927,0,0,1163,22329,1617,11502,1163,33831,California
Tulare,2021-02-13,2480,47925,159,22677,2321,25248,0,0,643,21139,1833,13335,643,34474,California
Tulare,2021-02-14,340,48265,40,22717,300,25548,0,0,303,21405,37,13372,303,34777,California
Tulare,2021-02-15,921,49186,295,23012,626,26174,0,0,661,21807,259,13631,661,35438,California
Tulare,2021-02-16,2838,52024,1595,24607,1243,27417,0,0,1074,21121,1762,15393,1076,36514,California
Tulare,2021-02-17,2703,54727,513,25120,2190,29607,0,0,455,19334,2243,17636,456,36970,California
Tulare,2021-02-18,2346,57073,452,25572,1894,31501,0,0,643,18282,1695,19331,643,37613,California
Tulare,2021-02-19,2332,59405,878,26450,1454,32955,0,0,963,17879,1367,20698,964,38577,California
Tulare,2021-02-20,2984,62389,1883,28333,1101,34056,0,0,1260,17423,1719,22417,1263,39840,California
Tulare,2021-02-21,97,62486,93,28426,4,34060,0,0,49,17425,47,22464,49,39889,California
Tulare,2021-02-22,1106,63592,700,29126,406,34466,0,0,209,16738,896,23360,209,40098,California
Tulare,2021-02-23,1963,65555,949,30075,1014,35480,0,0,1467,17711,494,23854,1467,41565,California
Tulare,2021-02-24,2489,68044,1550,31625,939,36419,0,0,2109,19442,379,24233,2110,43675,California
Tulare,2021-02-25,3520,71564,1989,33614,1531,37950,0,0,3103,22134,413,24646,3105,46780,California
Tulare,2021-02-26,3865,75429,1892,35506,1973,39923,0,0,3389,25049,474,25120,3389,50169,California
Tulare,2021-02-27,3006,78435,1496,37002,1510,41433,0,0,2872,27799,122,25242,2872,53041,California
Tulare,2021-02-28,1313,79748,1040,38042,273,41706,0,0,1291,29072,18,25260,1291,54332,California
Tulare,2021-03-01,1789,81537,807,38849,982,42688,0,0,1598,30481,189,25449,1598,55930,California
Tulare,2021-03-02,2821,84358,1270,40119,1551,44239,0,0,2642,32947,177,25626,2643,58573,California
Tulare,2021-03-03,4086,88444,2734,42853,1351,45590,1,1,2130,33129,1951,27577,2133,60706,California
Tulare,2021-03-04,2980,91424,1345,44198,1635,47225,0,1,2639,35432,336,27913,2639,63345,California
Tulare,2021-03-05,3503,94927,1758,45956,1730,48955,15,16,2983,37916,517,28430,3001,66346,California
Tulare,2021-03-06,3093,98020,1444,47400,1589,50544,60,76,2839,40562,251,28681,2897,69243,California
Tulare,2021-03-07,1141,99161,707,48107,413,50957,21,97,1099,41641,41,28722,1120,70363,California
Tulare,2021-03-08,1738,100899,1008,49115,561,51518,169,266,1405,42886,328,29050,1573,71936,California
Tulare,2021-03-09,3267,104166,2245,51360,874,52392,148,414,2853,45473,413,29463,3000,74936,California
Tulare,2021-03-10,2978,107144,1402,52762,1401,53793,175,589,2572,47822,396,29859,2745,77681,California
Tulare,2021-03-11,4241,111385,1998,54760,1939,55732,304,893,3294,50473,947,30806,3598,81279,California
Tulare,2021-03-12,4415,115800,2432,57192,1631,57363,352,1245,3126,52669,1281,32087,3477,84756,California
Tulare,2021-03-13,4154,119954,1945,59137,2104,59467,105,1350,3199,55024,949,33036,3304,88060,California
Tulare,2021-03-14,1860,121814,987,60124,653,60120,220,1570,1334,56050,525,33561,1551,89611,California
Tulare,2021-03-15,2753,124567,1632,61756,1006,61126,115,1685,1973,57365,776,34337,2091,91702,California
Tulare,2021-03-16,3440,128007,2120,63876,1243,62369,77,1762,1879,57767,1557,35894,1959,93661,California
Tulare,2021-03-17,4086,132093,2668,66544,1342,63711,76,1838,2333,58436,1747,37641,2416,96077,California
Tulare,2021-03-18,4672,136765,3411,69955,1189,64900,72,1910,2468,58786,2194,39835,2544,98621,California
Tulare,2021-03-19,5121,141886,3379,73334,1547,66447,195,2105,2737,59356,2364,42199,2934,101555,California
Tulare,2021-03-20,4493,146379,2799,76133,1322,67769,372,2477,2068,59382,2417,44616,2443,103998,California
Tulare,2021-03-21,2011,148390,1722,77855,263,68032,26,2503,1065,59530,942,45558,1090,105088,California
Tulare,2021-03-22,2581,150971,1792,79647,677,68709,112,2615,1698,60466,877,46435,1813,106901,California
Tulare,2021-03-23,3798,154769,2197,81844,1549,70258,52,2667,2088,60913,1700,48135,2147,109048,California
Tulare,2021-03-24,3199,157968,1985,83829,1173,71431,41,2708,1719,61201,1472,49607,1760,110808,California
Tulare,2021-03-25,3480,161448,1811,85640,1495,72926,174,2882,1673,61251,1799,51406,1849,112657,California
Tulare,2021-03-26,5264,166712,3136,88776,2016,74942,112,2994,2546,61209,2700,54106,2658,115315,California
Tulare,2021-03-27,3539,170251,1814,90590,1627,76569,98,3092,989,59752,2543,56649,1086,116401,California
Tulare,2021-03-28,1475,171726,1070,91660,374,76943,31,3123,673,59666,800,57449,714,117115,California
Tulare,2021-03-29,2888,174614,1673,93333,1108,78051,107,3230,1227,59346,1656,59105,1336,118451,California
Tulare,2021-03-30,4926,179540,2788,96121,1906,79957,232,3462,1498,57651,3417,62522,1722,120173,California
Tulare,2021-03-31,3972,183512,2343,98464,1515,81472,114,3576,1555,56912,2409,64931,1670,121843,California
Tulare,2021-04-01,4539,188051,2454,100918,2012,83484,73,3649,1557,55571,2972,67903,1631,123474,California
Tulare,2021-04-02,5357,193408,3059,103977,2182,85666,116,3765,1549,53446,3791,71694,1666,125140,California
Tulare,2021-04-03,3629,197037,2094,106071,1160,86826,375,4140,834,51896,2757,74451,1207,126347,California
Tulare,2021-04-04,1634,198671,1147,107218,480,87306,7,4147,358,50989,1272,75723,365,126712,California
Tulare,2021-04-05,3358,202029,2345,109563,745,88051,268,4415,851,49615,2494,78217,1120,127832,California
Tulare,2021-04-06,3439,205468,1470,111033,1472,89523,497,4912,893,48469,2538,80755,1392,129224,California
Tulare,2021-04-07,3904,209372,1838,112871,1626,91149,440,5352,1172,47351,2721,83476,1603,130827,California
Tulare,2021-04-08,4798,214170,2627,115498,1712,92861,459,5811,1517,46055,3268,86744,1972,132799,California
Tulare,2021-04-09,4845,219015,2996,118494,1412,94273,437,6248,1818,45292,3019,89763,2256,135055,California
Tulare,2021-04-10,3842,222857,2071,120565,1451,95724,320,6568,931,43637,2902,92665,1247,136302,California
Tulare,2021-04-11,1589,224446,1050,121615,465,96189,74,6642,490,43105,1096,93761,564,136866,California
Tulare,2021-04-12,3423,227869,2135,123750,692,96881,596,7238,1071,42431,2342,96103,1668,138534,California
Tulare,2021-04-13,2412,230281,1593,125343,810,97691,9,7247,902,41846,1498,97601,913,139447,California
Tulare,2021-04-14,2880,233161,1702,127045,1178,98869,0,7247,911,40793,1964,99565,911,140358,California
Tulare,2021-04-15,3318,236479,2166,129211,1152,100021,0,7247,1471,40430,1834,101399,1471,141829,California
Tulare,2021-04-16,3723,240202,2249,131460,1474,101495,0,7247,1491,39702,2219,103618,1491,143320,California
Tulare,2021-04-17,2252,242454,1325,132785,927,102422,0,7247,1195,39847,1051,104669,1196,144516,California
Tulare,2021-04-18,1576,244030,1238,134023,338,102760,0,7247,829,39930,746,105415,829,145345,California
Tulare,2021-04-19,2181,246211,1266,135289,914,103674,1,7248,898,39551,1278,106693,899,146244,California
Tulare,2021-04-20,2422,248633,1388,136677,1034,104708,0,7248,1006,39157,1400,108093,1006,147250,California
Tulare,2021-04-21,2322,250955,1440,138117,882,105590,0,7248,841,38559,1440,109533,842,148092,California
Tulare,2021-04-22,2168,253123,1232,139349,936,106526,0,7248,740,37890,1409,110942,740,148832,California
Tulare,2021-04-23,2637,255760,1629,140978,1007,107533,1,7249,1028,37322,1597,112539,1029,149861,California
Tulare,2021-04-24,1643,257403,1053,142031,588,108121,2,7251,852,37390,786,113325,854,150715,California
Tulare,2021-04-25,695,258098,522,142553,173,108294,0,7251,266,37227,429,113754,266,150981,California
Tulare,2021-04-26,1556,259654,946,143499,591,108885,19,7270,656,37007,893,114647,673,151654,California
Tulare,2021-04-27,1701,261355,708,144207,955,109840,38,7308,729,36806,967,115614,766,152420,California
Tulare,2021-04-28,1749,263104,1005,145212,702,110542,42,7350,696,36495,1048,116662,737,153157,California
Tulare,2021-04-29,2039,265143,1229,146441,772,111314,38,7388,794,36092,1233,117895,830,153987,California
Tulare,2021-04-30,2465,267608,1800,148241,615,111929,50,7438,910,35504,1547,119442,959,154946,California
Tulare,2021-05-01,1423,269031,1218,149459,193,112122,12,7450,733,35569,680,120122,745,155691,California
Tulare,2021-05-02,589,269620,500,149959,72,112194,17,7467,187,35374,398,120520,203,155894,California
Tulare,2021-05-03,1622,271242,1095,151054,402,112596,125,7592,349,34582,1266,121786,474,156368,California
Tulare,2021-05-04,1570,272812,841,151895,659,113255,70,7662,631,34351,929,122715,698,157066,California
Tulare,2021-05-05,1314,274126,653,152548,572,113827,89,7751,451,34039,852,123567,540,157606,California
Tulare,2021-05-06,1989,276115,1344,153892,596,114423,49,7800,602,33311,1379,124946,651,158257,California
Tulare,2021-05-07,1854,277969,1262,155154,524,114947,68,7868,526,32584,1320,126266,593,158850,California
Tulare,2021-05-08,1242,279211,816,155970,401,115348,25,7893,533,32441,701,126967,558,159408,California
Tulare,2021-05-09,594,279805,471,156441,102,115450,21,7914,114,32102,475,127442,136,159544,California
Tulare,2021-05-10,1024,280829,591,157032,367,115817,66,7980,308,31764,712,128154,374,159918,California
Tulare,2021-05-11,1318,282147,701,157733,538,116355,79,8059,547,31626,764,128918,626,160544,California
Tulare,2021-05-12,1602,283749,1038,158771,506,116861,58,8117,432,30960,1155,130073,489,161033,California
Tulare,2021-05-13,1581,285330,1015,159786,528,117389,38,8155,722,30864,855,130928,759,161792,California
Tulare,2021-05-14,1975,287305,1283,161069,630,118019,62,8217,894,30752,1068,131996,956,162748,California
Tulare,2021-05-15,1569,288874,885,161954,637,118656,47,8264,665,30562,896,132892,706,163454,California
Tulare,2021-05-16,698,289572,557,162511,129,118785,12,8276,324,30526,372,133264,336,163790,California
Tulare,2021-05-17,1566,291138,982,163493,511,119296,73,8349,744,30528,815,134079,817,164607,California
Tulare,2021-05-18,1582,292720,856,164349,673,119969,53,8402,781,30563,797,134876,832,165439,California
Tulare,2021-05-19,1478,294198,954,165303,490,120459,34,8436,755,30637,715,135591,789,166228,California
Tulare,2021-05-20,1580,295778,1064,166367,429,120888,87,8523,750,30648,826,136417,837,167065,California
Tulare,2021-05-21,1949,297727,1421,167788,486,121374,42,8565,1060,30869,881,137298,1102,168167,California
Tulare,2021-05-22,1607,299334,1142,168930,442,121816,23,8588,601,30496,998,138296,625,168792,California
Tulare,2021-05-23,411,299745,326,169256,75,121891,10,8598,207,30511,202,138498,217,169009,California
Tulare,2021-05-24,933,300678,575,169831,298,122189,60,8658,415,30470,516,139014,475,169484,California
Tulare,2021-05-25,1181,301859,701,170532,448,122637,32,8690,503,30333,672,139686,535,170019,California
Tulare,2021-05-26,880,302739,485,171017,353,122990,42,8732,391,30280,485,140171,432,170451,California
Tulare,2021-05-27,1272,304011,805,171822,436,123426,31,8763,586,30216,683,140854,619,171070,California
Tulare,2021-05-28,1185,305196,658,172480,478,123904,49,8812,621,30327,558,141412,669,171739,California
Tulare,2021-05-29,875,306071,646,173126,209,124113,20,8832,496,30466,377,141789,516,172255,California
Tulare,2021-05-30,284,306355,205,173331,71,124184,8,8840,162,30516,120,141909,170,172425,California
Tulare,2021-05-31,131,306486,51,173382,69,124253,11,8851,55,30507,75,141984,66,172491,California
Tulare,2021-06-01,1054,307540,626,174008,397,124650,31,8882,380,30251,666,142650,410,172901,California
Tulare,2021-06-02,797,308337,468,174476,296,124946,33,8915,355,30206,431,143081,386,173287,California
Tulare,2021-06-03,1139,309476,810,175286,273,125219,56,8971,390,29922,729,143810,445,173732,California
Tulare,2021-06-04,1164,310640,827,176113,305,125524,32,9003,358,29510,802,144612,390,174122,California
Tulare,2021-06-05,878,311518,695,176808,168,125692,15,9018,294,29237,582,145194,309,174431,California
Tulare,2021-06-06,417,311935,354,177162,45,125737,18,9036,137,29113,279,145473,155,174586,California
Tulare,2021-06-07,874,312809,687,177849,153,125890,34,9070,273,28822,598,146071,307,174893,California
Tulare,2021-06-08,1045,313854,772,178621,213,126103,60,9130,350,28541,691,146762,410,175303,California
Tulare,2021-06-09,1078,314932,755,179376,287,126390,36,9166,341,28184,732,147494,375,175678,California
Tulare,2021-06-10,1097,316029,880,180256,181,126571,36,9202,383,27890,712,148206,418,176096,California
Tulare,2021-06-11,1230,317259,882,181138,313,126884,35,9237,381,27467,839,149045,416,176512,California
Tulare,2021-06-12,947,318206,733,181871,203,127087,11,9248,328,27193,613,149658,339,176851,California
Tulare,2021-06-13,310,318516,222,182093,85,127172,3,9251,90,27067,219,149877,93,176944,California
Tulare,2021-06-14,767,319283,562,182655,179,127351,26,9277,292,26915,470,150347,318,177262,California
Tulare,2021-06-15,983,320266,665,183320,288,127639,30,9307,434,26837,542,150889,464,177726,California
Tulare,2021-06-16,851,321117,577,183897,224,127863,50,9357,374,26788,474,151363,425,178151,California
Tulare,2021-06-17,1023,322140,752,184649,241,128104,30,9387,409,26616,611,151974,439,178590,California
Tulare,2021-06-18,989,323129,696,185345,257,128361,36,9423,373,26410,614,152588,408,178998,California
Tulare,2021-06-19,850,323979,679,186024,158,128519,13,9436,390,26357,456,153044,403,179401,California
Tulare,2021-06-20,249,324228,186,186210,55,128574,8,9444,74,26265,175,153219,83,179484,California
Tulare,2021-06-21,513,324741,336,186546,147,128721,30,9474,301,26385,211,153430,331,179815,California
Tulare,2021-06-22,744,325485,510,187056,210,128931,24,9498,340,26351,398,153828,364,180179,California
Tulare,2021-06-23,727,326212,495,187551,206,129137,26,9524,394,26442,329,154157,420,180599,California
Tulare,2021-06-24,822,327034,621,188172,151,129288,50,9574,407,26487,412,154569,457,181056,California
Tulare,2021-06-25,833,327867,542,188714,271,129559,20,9594,437,26552,392,154961,457,181513,California
Tulare,2021-06-26,705,328572,525,189239,165,129724,15,9609,335,26534,368,155329,350,181863,California
Tulare,2021-06-27,173,328745,123,189362,43,129767,7,9616,74,26517,98,155427,81,181944,California
Tuolumne,2020-12-16,47,47,47,47,0,0,0,0,47,47,0,0,47,47,California
Tuolumne,2020-12-17,18,65,18,65,0,0,0,0,18,65,0,0,18,65,California
Tuolumne,2020-12-18,101,166,100,165,1,1,0,0,101,166,0,0,101,166,California
Tuolumne,2020-12-19,5,171,5,170,0,1,0,0,5,171,0,0,5,171,California
Tuolumne,2020-12-20,2,173,2,172,0,1,0,0,2,173,0,0,2,173,California
Tuolumne,2020-12-21,115,288,101,273,14,15,0,0,115,288,0,0,115,288,California
Tuolumne,2020-12-22,172,460,172,445,0,15,0,0,172,460,0,0,172,460,California
Tuolumne,2020-12-23,185,645,183,628,2,17,0,0,185,645,0,0,185,645,California
Tuolumne,2020-12-25,1,646,1,629,0,17,0,0,1,646,0,0,1,646,California
Tuolumne,2020-12-26,2,648,2,631,0,17,0,0,2,648,0,0,2,648,California
Tuolumne,2020-12-28,76,724,74,705,2,19,0,0,76,724,0,0,76,724,California
Tuolumne,2020-12-29,103,827,39,744,64,83,0,0,103,827,0,0,103,827,California
Tuolumne,2020-12-30,77,904,22,766,55,138,0,0,77,904,0,0,77,904,California
Tuolumne,2020-12-31,27,931,20,786,7,145,0,0,27,931,0,0,27,931,California
Tuolumne,2021-01-01,6,937,5,791,1,146,0,0,6,937,0,0,6,937,California
Tuolumne,2021-01-02,119,1056,116,907,3,149,0,0,119,1056,0,0,119,1056,California
Tuolumne,2021-01-03,2,1058,2,909,0,149,0,0,2,1058,0,0,2,1058,California
Tuolumne,2021-01-04,69,1127,26,935,43,192,0,0,69,1127,0,0,69,1127,California
Tuolumne,2021-01-05,93,1220,27,962,66,258,0,0,90,1215,3,3,91,1218,California
Tuolumne,2021-01-06,131,1351,72,1034,59,317,0,0,67,1218,64,67,67,1285,California
Tuolumne,2021-01-07,120,1471,64,1098,56,373,0,0,64,1226,56,123,64,1349,California
Tuolumne,2021-01-08,106,1577,82,1180,24,397,0,0,27,1177,78,201,29,1378,California
Tuolumne,2021-01-09,2,1579,0,1180,2,399,0,0,2,1179,0,201,2,1380,California
Tuolumne,2021-01-10,3,1582,1,1181,2,401,0,0,3,1182,0,201,3,1383,California
Tuolumne,2021-01-11,117,1699,91,1272,26,427,0,0,35,1135,82,283,35,1418,California
Tuolumne,2021-01-12,102,1801,86,1358,16,443,0,0,18,1069,84,367,18,1436,California
Tuolumne,2021-01-13,231,2032,125,1483,106,549,0,0,182,1203,49,416,183,1619,California
Tuolumne,2021-01-14,148,2180,108,1591,40,589,0,0,43,1142,104,520,43,1662,California
Tuolumne,2021-01-15,475,2655,73,1664,402,991,0,0,412,1493,62,582,413,2075,California
Tuolumne,2021-01-16,7,2662,3,1667,4,995,0,0,6,1498,1,583,6,2081,California
Tuolumne,2021-01-17,8,2670,4,1671,4,999,0,0,8,1506,0,583,8,2089,California
Tuolumne,2021-01-18,46,2716,38,1709,8,1007,0,0,9,1479,36,619,9,2098,California
Tuolumne,2021-01-19,478,3194,74,1783,404,1411,0,0,432,1865,46,665,432,2530,California
Tuolumne,2021-01-20,76,3270,58,1841,18,1429,0,0,24,1838,51,716,24,2554,California
Tuolumne,2021-01-21,58,3328,24,1865,34,1463,0,0,42,1864,16,732,42,2596,California
Tuolumne,2021-01-22,170,3498,17,1882,153,1616,0,0,162,2018,8,740,162,2758,California
Tuolumne,2021-01-23,651,4149,132,2014,519,2135,0,0,543,2467,108,848,557,3315,California
Tuolumne,2021-01-24,523,4672,2,2016,521,2656,0,0,519,2985,4,852,522,3837,California
Tuolumne,2021-01-25,51,4723,28,2044,23,2679,0,0,25,2985,26,878,26,3863,California
Tuolumne,2021-01-26,81,4804,68,2112,13,2692,0,0,40,2985,41,919,41,3904,California
Tuolumne,2021-01-27,60,4864,4,2116,56,2748,0,0,8,2942,51,970,8,3912,California
Tuolumne,2021-01-28,26,4890,6,2122,20,2768,0,0,17,2950,9,979,17,3929,California
Tuolumne,2021-01-29,71,4961,6,2128,65,2833,0,0,32,2943,39,1018,32,3961,California
Tuolumne,2021-01-30,713,5674,554,2682,159,2992,0,0,689,3626,24,1042,707,4668,California
Tuolumne,2021-01-31,9,5683,2,2684,7,2999,0,0,6,3629,3,1045,6,4674,California
Tuolumne,2021-02-01,27,5710,7,2691,20,3019,0,0,24,3650,3,1048,24,4698,California
Tuolumne,2021-02-02,653,6363,46,2737,607,3626,0,0,640,4280,10,1058,640,5338,California
Tuolumne,2021-02-03,240,6603,112,2849,128,3754,0,0,88,4216,152,1210,88,5426,California
Tuolumne,2021-02-04,123,6726,13,2862,110,3864,0,0,61,4215,62,1272,61,5487,California
Tuolumne,2021-02-05,100,6826,13,2875,87,3951,0,0,36,4188,63,1335,36,5523,California
Tuolumne,2021-02-06,859,7685,583,3458,276,4227,0,0,849,5034,10,1345,856,6379,California
Tuolumne,2021-02-07,8,7693,4,3462,4,4231,0,0,4,5034,4,1349,4,6383,California
Tuolumne,2021-02-08,92,7785,41,3503,51,4282,0,0,68,5078,24,1373,68,6451,California
Tuolumne,2021-02-09,863,8648,51,3554,812,5094,0,0,821,5857,42,1415,821,7272,California
Tuolumne,2021-02-10,94,8742,18,3572,76,5170,0,0,31,5827,61,1476,31,7303,California
Tuolumne,2021-02-11,144,8886,68,3640,76,5246,0,0,78,5839,66,1542,78,7381,California
Tuolumne,2021-02-12,650,9536,20,3660,630,5876,0,0,209,5608,440,1982,209,7590,California
Tuolumne,2021-02-13,155,9691,44,3704,111,5987,0,0,121,5696,33,2015,121,7711,California
Tuolumne,2021-02-14,152,9843,14,3718,138,6125,0,0,151,5846,1,2016,151,7862,California
Tuolumne,2021-02-15,187,10030,11,3729,176,6301,0,0,178,6015,9,2025,178,8040,California
Tuolumne,2021-02-16,530,10560,18,3747,512,6813,0,0,122,5735,404,2429,124,8164,California
Tuolumne,2021-02-17,111,10671,63,3810,48,6861,0,0,61,5747,49,2478,61,8225,California
Tuolumne,2021-02-18,686,11357,27,3837,659,7520,0,0,634,6330,52,2530,635,8860,California
Tuolumne,2021-02-19,146,11503,25,3862,121,7641,0,0,46,6276,100,2630,46,8906,California
Tuolumne,2021-02-20,907,12410,342,4204,565,8206,0,0,383,6155,508,3138,387,9293,California
Tuolumne,2021-02-21,983,13393,42,4246,941,9147,0,0,471,6123,508,3646,476,9769,California
Tuolumne,2021-02-22,80,13473,58,4304,22,9169,0,0,46,6136,33,3679,46,9815,California
Tuolumne,2021-02-23,49,13522,25,4329,24,9193,0,0,25,6139,23,3702,26,9841,California
Tuolumne,2021-02-24,105,13627,58,4387,47,9240,0,0,41,6119,63,3765,43,9884,California
Tuolumne,2021-02-25,1054,14681,35,4422,1019,10259,0,0,1021,7108,33,3798,1022,10906,California
Tuolumne,2021-02-26,152,14833,12,4434,140,10399,0,0,126,7209,26,3824,127,11033,California
Tuolumne,2021-02-27,956,15789,580,5014,376,10775,0,0,245,6770,692,4516,253,11286,California
Tuolumne,2021-02-28,56,15845,4,5018,52,10827,0,0,52,6819,3,4519,52,11338,California
Tuolumne,2021-03-01,119,15964,22,5040,96,10923,1,1,78,6859,40,4559,80,11418,California
Tuolumne,2021-03-02,710,16674,75,5115,635,11558,0,1,107,6363,603,5162,107,11525,California
Tuolumne,2021-03-03,95,16769,21,5136,74,11632,0,1,66,6401,28,5190,66,11591,California
Tuolumne,2021-03-04,1175,17944,77,5213,1098,12730,0,1,1107,7441,67,5257,1107,12698,California
Tuolumne,2021-03-05,90,18034,9,5222,81,12811,0,1,51,7456,38,5295,53,12751,California
Tuolumne,2021-03-06,1061,19095,606,5828,453,13264,2,3,198,6812,855,6150,211,12962,California
Tuolumne,2021-03-07,42,19137,13,5841,14,13278,15,18,19,6823,23,6173,34,12996,California
Tuolumne,2021-03-08,197,19334,90,5931,100,13378,7,25,140,6912,57,6230,146,13142,California
Tuolumne,2021-03-09,872,20206,19,5950,842,14220,11,36,65,6189,801,7031,78,13220,California
Tuolumne,2021-03-10,95,20301,17,5967,67,14287,11,47,54,6213,41,7072,65,13285,California
Tuolumne,2021-03-11,1303,21604,43,6010,1254,15541,6,53,1257,7433,46,7118,1266,14551,California
Tuolumne,2021-03-12,312,21916,43,6053,254,15795,15,68,189,7519,121,7239,207,14758,California
Tuolumne,2021-03-13,118,22034,12,6065,106,15901,0,68,84,7571,33,7272,85,14843,California
Tuolumne,2021-03-14,148,22182,10,6075,129,16030,9,77,7,7451,141,7413,21,14864,California
Tuolumne,2021-03-15,302,22484,82,6157,217,16247,3,80,104,7369,197,7610,115,14979,California
Tuolumne,2021-03-16,809,23293,42,6199,756,17003,11,91,671,7916,137,7747,684,15663,California
Tuolumne,2021-03-17,156,23449,34,6233,109,17112,13,104,80,7933,75,7822,92,15755,California
Tuolumne,2021-03-18,952,24401,28,6261,911,18023,13,117,317,7633,630,8452,330,16085,California
Tuolumne,2021-03-19,138,24539,20,6281,88,18111,30,147,75,7676,62,8514,105,16190,California
Tuolumne,2021-03-20,93,24632,8,6289,75,18186,10,157,39,7671,53,8567,48,16238,California
Tuolumne,2021-03-21,837,25469,393,6682,434,18620,10,167,37,6938,785,9352,52,16290,California
Tuolumne,2021-03-22,163,25632,73,6755,71,18691,19,186,95,6987,67,9419,116,16406,California
Tuolumne,2021-03-23,715,26347,639,7394,62,18753,14,200,675,7636,39,9458,688,17094,California
Tuolumne,2021-03-24,112,26459,22,7416,72,18825,18,218,78,7699,33,9491,96,17190,California
Tuolumne,2021-03-25,1301,27760,24,7440,1274,20099,3,221,327,7058,971,10462,330,17520,California
Tuolumne,2021-03-26,280,28040,19,7459,237,20336,24,245,119,7053,149,10611,144,17664,California
Tuolumne,2021-03-27,581,28621,54,7513,527,20863,0,245,315,7109,262,10873,318,17982,California
Tuolumne,2021-03-28,48,28669,7,7520,41,20904,0,245,8,7079,39,10912,9,17991,California
Tuolumne,2021-03-29,206,28875,83,7603,123,21027,0,245,109,7094,94,11006,109,18100,California
Tuolumne,2021-03-30,168,29043,12,7615,155,21182,1,246,122,7173,45,11051,124,18224,California
Tuolumne,2021-03-31,97,29140,14,7629,81,21263,2,248,40,7160,55,11106,42,18266,California
Tuolumne,2021-04-01,1252,30392,30,7659,1222,22485,0,248,228,6368,1021,12127,229,18495,California
Tuolumne,2021-04-02,171,30563,12,7671,133,22618,26,274,93,6412,75,12202,119,18614,California
Tuolumne,2021-04-03,429,30992,35,7706,392,23010,2,276,239,6466,187,12389,241,18855,California
Tuolumne,2021-04-04,34,31026,4,7710,30,23040,0,276,21,6476,11,12400,21,18876,California
Tuolumne,2021-04-05,131,31157,19,7729,105,23145,7,283,58,6468,73,12473,65,18941,California
Tuolumne,2021-04-06,653,31810,517,8246,109,23254,27,310,517,6878,135,12608,545,19486,California
Tuolumne,2021-04-07,128,31938,37,8283,75,23329,16,326,50,6866,78,12686,66,19552,California
Tuolumne,2021-04-08,1451,33389,35,8318,1401,24730,15,341,250,5935,1196,13882,265,19817,California
Tuolumne,2021-04-09,278,33667,43,8361,190,24920,45,386,132,5970,146,14028,181,19998,California
Tuolumne,2021-04-10,56,33723,2,8363,34,24954,20,406,23,5981,32,14060,43,20041,California
Tuolumne,2021-04-11,18,33741,3,8366,12,24966,3,409,12,5990,6,14066,15,20056,California
Tuolumne,2021-04-12,172,33913,66,8432,101,25067,5,414,89,6007,78,14144,95,20151,California
Tuolumne,2021-04-13,789,34702,35,8467,754,25821,0,414,171,5569,609,14753,171,20322,California
Tuolumne,2021-04-14,158,34860,31,8498,127,25948,0,414,79,5574,75,14828,80,20402,California
Tuolumne,2021-04-15,346,35206,22,8520,324,26272,0,414,61,5357,278,15106,61,20463,California
Tuolumne,2021-04-16,260,35466,55,8575,205,26477,0,414,142,5392,109,15215,144,20607,California
Tuolumne,2021-04-17,44,35510,6,8581,38,26515,0,414,28,5404,16,15231,28,20635,California
Tuolumne,2021-04-18,11,35521,3,8584,8,26523,0,414,6,5406,5,15236,7,20642,California
Tuolumne,2021-04-19,177,35698,79,8663,98,26621,0,414,98,5429,77,15313,100,20742,California
Tuolumne,2021-04-20,712,36410,617,9280,95,26716,0,414,74,4873,630,15943,74,20816,California
Tuolumne,2021-04-21,121,36531,26,9306,95,26811,0,414,63,4884,52,15995,63,20879,California
Tuolumne,2021-04-22,711,37242,46,9352,665,27476,0,414,429,5041,273,16268,430,21309,California
Tuolumne,2021-04-23,179,37421,31,9383,148,27624,0,414,81,5031,92,16360,82,21391,California
Tuolumne,2021-04-24,79,37500,18,9401,61,27685,0,414,50,5052,29,16389,50,21441,California
Tuolumne,2021-04-25,26,37526,10,9411,16,27701,0,414,23,5072,3,16392,23,21464,California
Tuolumne,2021-04-26,158,37684,56,9467,102,27803,0,414,74,5064,83,16475,75,21539,California
Tuolumne,2021-04-27,143,37827,23,9490,113,27916,7,421,65,5062,75,16550,73,21612,California
Tuolumne,2021-04-28,119,37946,24,9514,84,28000,11,432,63,5081,55,16605,74,21686,California
Tuolumne,2021-04-29,282,38228,19,9533,255,28255,8,440,55,4921,223,16828,63,21749,California
Tuolumne,2021-04-30,373,38601,26,9559,335,28590,12,452,73,4713,296,17124,88,21837,California
Tuolumne,2021-05-01,25,38626,7,9566,13,28603,5,457,16,4725,9,17133,21,21858,California
Tuolumne,2021-05-02,26,38652,3,9569,21,28624,2,459,19,4739,7,17140,21,21879,California
Tuolumne,2021-05-03,111,38763,15,9584,91,28715,5,464,37,4709,72,17212,42,21921,California
Tuolumne,2021-05-04,708,39471,601,10185,102,28817,5,469,213,4433,493,17705,217,22138,California
Tuolumne,2021-05-05,110,39581,26,10211,78,28895,6,475,58,4448,49,17754,64,22202,California
Tuolumne,2021-05-06,290,39871,13,10224,261,29156,16,491,42,4262,243,17997,57,22259,California
Tuolumne,2021-05-07,329,40200,26,10250,295,29451,8,499,63,4075,265,18262,78,22337,California
Tuolumne,2021-05-08,51,40251,8,10258,39,29490,4,503,33,4094,18,18280,37,22374,California
Tuolumne,2021-05-09,17,40268,2,10260,13,29503,2,505,3,4085,14,18294,5,22379,California
Tuolumne,2021-05-10,112,40380,44,10304,63,29566,5,510,31,4042,80,18374,37,22416,California
Tuolumne,2021-05-11,202,40582,62,10366,128,29694,12,522,54,3961,147,18521,66,22482,California
Tuolumne,2021-05-12,132,40714,21,10387,107,29801,4,526,50,3933,82,18603,54,22536,California
Tuolumne,2021-05-13,116,40830,18,10405,90,29891,8,534,72,3968,44,18647,79,22615,California
Tuolumne,2021-05-14,206,41036,76,10481,119,30010,11,545,106,3987,98,18745,117,22732,California
Tuolumne,2021-05-15,58,41094,15,10496,36,30046,7,552,19,3975,39,18784,27,22759,California
Tuolumne,2021-05-16,27,41121,9,10505,16,30062,2,554,13,3976,14,18798,15,22774,California
Tuolumne,2021-05-17,110,41231,30,10535,77,30139,3,557,47,3964,63,18861,51,22825,California
Tuolumne,2021-05-18,181,41412,57,10592,77,30216,47,604,60,3951,120,18981,107,22932,California
Tuolumne,2021-05-19,118,41530,20,10612,65,30281,33,637,46,3959,71,19052,79,23011,California
Tuolumne,2021-05-20,411,41941,21,10633,383,30664,7,644,53,3663,356,19408,60,23071,California
Tuolumne,2021-05-21,200,42141,94,10727,101,30765,5,649,119,3708,79,19487,124,23195,California
Tuolumne,2021-05-22,58,42199,18,10745,34,30799,6,655,25,3706,32,19519,30,23225,California
Tuolumne,2021-05-23,27,42226,7,10752,19,30818,1,656,10,3700,17,19536,11,23236,California
Tuolumne,2021-05-24,137,42363,43,10795,88,30906,6,662,52,3674,84,19620,58,23294,California
Tuolumne,2021-05-25,296,42659,222,11017,68,30974,6,668,111,3607,184,19804,117,23411,California
Tuolumne,2021-05-26,89,42748,25,11042,63,31037,1,669,39,3597,50,19854,40,23451,California
Tuolumne,2021-05-27,76,42824,15,11057,59,31096,2,671,32,3588,43,19897,34,23485,California
Tuolumne,2021-05-28,111,42935,52,11109,58,31154,1,672,64,3608,45,19942,65,23550,California
Tuolumne,2021-05-29,38,42973,7,11116,25,31179,6,678,17,3610,21,19963,23,23573,California
Tuolumne,2021-05-30,18,42991,1,11117,14,31193,3,681,4,3603,14,19977,7,23580,California
Tuolumne,2021-05-31,10,43001,2,11119,7,31200,1,682,2,3598,8,19985,3,23583,California
Tuolumne,2021-06-01,77,43078,21,11140,52,31252,4,686,24,3574,52,20037,28,23611,California
Tuolumne,2021-06-02,73,43151,8,11148,57,31309,8,694,24,3557,49,20086,32,23643,California
Tuolumne,2021-06-03,75,43226,25,11173,35,31344,15,709,23,3545,50,20136,38,23681,California
Tuolumne,2021-06-04,131,43357,62,11235,66,31410,3,712,38,3495,91,20227,41,23722,California
Tuolumne,2021-06-05,41,43398,11,11246,28,31438,2,714,16,3488,25,20252,18,23740,California
Tuolumne,2021-06-06,19,43417,5,11251,7,31445,7,721,5,3486,14,20266,12,23752,California
Tuolumne,2021-06-07,59,43476,14,11265,37,31482,8,729,26,3487,33,20299,34,23786,California
Tuolumne,2021-06-08,74,43550,22,11287,51,31533,1,730,28,3472,44,20343,29,23815,California
Tuolumne,2021-06-09,87,43637,45,11332,32,31565,10,740,40,3476,46,20389,50,23865,California
Tuolumne,2021-06-10,97,43734,14,11346,76,31641,7,747,26,3438,71,20460,33,23898,California
Tuolumne,2021-06-11,101,43835,47,11393,51,31692,3,750,25,3391,75,20535,28,23926,California
Tuolumne,2021-06-12,62,43897,20,11413,26,31718,16,766,18,3383,42,20577,34,23960,California
Tuolumne,2021-06-13,17,43914,2,11415,10,31728,5,771,3,3377,14,20591,8,23968,California
Tuolumne,2021-06-14,100,44014,33,11448,63,31791,4,775,52,3385,48,20639,56,24024,California
Tuolumne,2021-06-15,130,44144,82,11530,39,31830,9,784,21,3308,107,20746,30,24054,California
Tuolumne,2021-06-16,96,44240,47,11577,46,31876,3,787,54,3324,41,20787,57,24111,California
Tuolumne,2021-06-17,45,44285,10,11587,34,31910,1,788,17,3314,28,20815,18,24129,California
Tuolumne,2021-06-18,170,44455,95,11682,61,31971,14,802,60,3278,109,20924,73,24202,California
Tuolumne,2021-06-19,26,44481,9,11691,14,31985,3,805,10,3275,16,20940,13,24215,California
Tuolumne,2021-06-20,13,44494,2,11693,11,31996,0,805,10,3282,3,20943,10,24225,California
Tuolumne,2021-06-21,40,44534,4,11697,35,32031,1,806,21,3285,19,20962,22,24247,California
Tuolumne,2021-06-22,42,44576,9,11706,33,32064,0,806,20,3284,21,20983,20,24267,California
Tuolumne,2021-06-23,48,44624,4,11710,26,32090,18,824,23,3300,25,21008,41,24308,California
Tuolumne,2021-06-24,26,44650,7,11717,16,32106,3,827,12,3303,14,21022,17,24325,California
Tuolumne,2021-06-25,15,44665,3,11720,11,32117,1,828,9,3307,6,21028,10,24335,California
Tuolumne,2021-06-26,8,44673,4,11724,4,32121,0,828,6,3311,2,21030,6,24341,California
Tuolumne,2021-06-27,4,44677,1,11725,3,32124,0,828,4,3315,0,21030,4,24345,California
Ventura,2020-12-15,5,5,5,5,0,0,0,0,5,5,0,0,5,5,California
Ventura,2020-12-16,75,80,75,80,0,0,0,0,75,80,0,0,75,80,California
Ventura,2020-12-17,314,394,314,394,0,0,0,0,314,394,0,0,314,394,California
Ventura,2020-12-18,1598,1992,1598,1992,0,0,0,0,1598,1992,0,0,1598,1992,California
Ventura,2020-12-19,986,2978,985,2977,1,1,0,0,986,2978,0,0,986,2978,California
Ventura,2020-12-20,459,3437,459,3436,0,1,0,0,459,3437,0,0,459,3437,California
Ventura,2020-12-21,1518,4955,1518,4954,0,1,0,0,1518,4955,0,0,1518,4955,California
Ventura,2020-12-22,1159,6114,1153,6107,6,7,0,0,1159,6114,0,0,1159,6114,California
Ventura,2020-12-23,1087,7201,1037,7144,50,57,0,0,1087,7201,0,0,1087,7201,California
Ventura,2020-12-24,479,7680,379,7523,100,157,0,0,479,7680,0,0,479,7680,California
Ventura,2020-12-25,12,7692,7,7530,5,162,0,0,12,7692,0,0,12,7692,California
Ventura,2020-12-26,112,7804,91,7621,21,183,0,0,112,7804,0,0,112,7804,California
Ventura,2020-12-27,59,7863,27,7648,32,215,0,0,59,7863,0,0,59,7863,California
Ventura,2020-12-28,1092,8955,949,8597,143,358,0,0,1092,8955,0,0,1092,8955,California
Ventura,2020-12-29,1185,10140,775,9372,410,768,0,0,1184,10139,0,0,1184,10139,California
Ventura,2020-12-30,1999,12139,1531,10903,468,1236,0,0,1999,12138,0,0,1999,12138,California
Ventura,2020-12-31,486,12625,164,11067,322,1558,0,0,481,12614,5,5,481,12619,California
Ventura,2021-01-01,38,12663,15,11082,23,1581,0,0,38,12652,0,5,38,12657,California
Ventura,2021-01-02,177,12840,81,11163,96,1677,0,0,177,12829,0,5,177,12834,California
Ventura,2021-01-03,19,12859,8,11171,11,1688,0,0,19,12848,0,5,19,12853,California
Ventura,2021-01-04,1031,13890,493,11664,538,2226,0,0,1029,13877,0,5,1029,13882,California
Ventura,2021-01-05,1380,15270,783,12447,597,2823,0,0,1268,15036,109,114,1268,15150,California
Ventura,2021-01-06,2073,17343,1188,13635,885,3708,0,0,1572,16118,492,606,1574,16724,California
Ventura,2021-01-07,2082,19425,1332,14967,750,4458,0,0,1039,16120,1038,1644,1040,17764,California
Ventura,2021-01-08,2199,21624,1475,16442,724,5182,0,0,905,15735,1292,2936,907,18671,California
Ventura,2021-01-09,724,22348,503,16945,221,5403,0,0,318,15647,406,3342,318,18989,California
Ventura,2021-01-10,344,22692,327,17272,17,5420,0,0,129,15561,215,3557,129,19118,California
Ventura,2021-01-11,2457,25149,1492,18764,965,6385,0,0,1503,16114,954,4511,1507,20625,California
Ventura,2021-01-12,3057,28206,1617,20381,1440,7825,0,0,1937,16931,1120,5631,1937,22562,California
Ventura,2021-01-13,2945,31151,1434,21815,1511,9336,0,0,2035,18060,907,6538,2036,24598,California
Ventura,2021-01-14,2791,33942,1106,22921,1685,11021,0,0,2328,19927,462,7000,2329,26927,California
Ventura,2021-01-15,2895,36837,967,23888,1928,12949,0,0,2681,22395,214,7214,2682,29609,California
Ventura,2021-01-16,490,37327,188,24076,302,13251,0,0,410,22725,80,7294,410,30019,California
Ventura,2021-01-17,267,37594,139,24215,128,13379,0,0,260,22979,6,7300,260,30279,California
Ventura,2021-01-18,2217,39811,1665,25880,552,13931,0,0,1667,24098,549,7849,1668,31947,California
Ventura,2021-01-19,3061,42872,2132,28012,929,14860,0,0,2151,25342,910,8759,2154,34101,California
Ventura,2021-01-20,4181,47053,3215,31227,966,15826,0,0,3085,27335,1093,9852,3086,37187,California
Ventura,2021-01-21,3887,50940,2706,33933,1181,17007,0,0,3205,29868,674,10526,3207,40394,California
Ventura,2021-01-22,3644,54584,2507,36440,1137,18144,0,0,3477,33178,167,10693,3477,43871,California
Ventura,2021-01-23,1192,55776,651,37091,541,18685,0,0,1091,34171,100,10793,1093,44964,California
Ventura,2021-01-24,456,56232,135,37226,321,19006,0,0,443,34601,13,10806,443,45407,California
Ventura,2021-01-25,3171,59403,2036,39262,1135,20141,0,0,2610,36652,560,11366,2611,48018,California
Ventura,2021-01-26,3734,63137,2213,41475,1521,21662,0,0,2723,38369,1007,12373,2724,50742,California
Ventura,2021-01-27,3508,66645,1570,43045,1938,23600,0,0,2753,40373,751,13124,2755,53497,California
Ventura,2021-01-28,3909,70554,2007,45052,1902,25502,0,0,3282,43047,611,13735,3285,56782,California
Ventura,2021-01-29,4305,74859,2540,47592,1765,27267,0,0,3794,46344,497,14232,3794,60576,California
Ventura,2021-01-30,3051,77910,1963,49555,1088,28355,0,0,2878,49054,169,14401,2879,63455,California
Ventura,2021-01-31,839,78749,447,50002,392,28747,0,0,751,49718,87,14488,751,64206,California
Ventura,2021-02-01,3996,82745,2125,52127,1871,30618,0,0,3210,52152,778,15266,3212,67418,California
Ventura,2021-02-02,4446,87191,2385,54512,2061,32679,0,0,3418,54549,1024,16290,3421,70839,California
Ventura,2021-02-03,4484,91675,2093,56605,2391,35070,0,0,3456,56984,1023,17313,3458,74297,California
Ventura,2021-02-04,4827,96502,2309,58914,2518,37588,0,0,3543,59255,1276,18589,3547,77844,California
Ventura,2021-02-05,4917,101419,2387,61301,2530,40118,0,0,3376,61107,1527,20116,3379,81223,California
Ventura,2021-02-06,2862,104281,1522,62823,1340,41458,0,0,2455,63156,406,20522,2455,83678,California
Ventura,2021-02-07,745,105026,245,63068,500,41958,0,0,620,63652,125,20647,621,84299,California
Ventura,2021-02-08,3525,108551,1633,64701,1892,43850,0,0,2437,65007,1083,21730,2438,86737,California
Ventura,2021-02-09,4753,113304,1978,66679,2775,46625,0,0,2483,65226,2267,23997,2486,89223,California
Ventura,2021-02-10,4770,118074,2254,68933,2516,49141,0,0,2398,65267,2358,26355,2399,91622,California
Ventura,2021-02-11,4727,122801,1884,70817,2843,51984,0,0,2478,65507,2241,28596,2481,94103,California
Ventura,2021-02-12,6393,129194,2693,73510,3700,55684,0,0,3265,65651,3121,31717,3265,97368,California
Ventura,2021-02-13,3332,132526,1846,75356,1486,57170,0,0,1859,66043,1469,33186,1861,99229,California
Ventura,2021-02-14,1230,133756,126,75482,1104,58274,0,0,1011,66838,218,33404,1013,100242,California
Ventura,2021-02-15,4032,137788,1827,77309,2205,60479,0,0,2130,67071,1899,35303,2132,102374,California
Ventura,2021-02-16,5595,143383,2740,80049,2855,63334,0,0,3030,67547,2555,37858,3031,105405,California
Ventura,2021-02-17,5348,148731,1938,81987,3410,66744,0,0,3354,68917,1984,39842,3354,108759,California
Ventura,2021-02-18,5814,154545,1842,83829,3972,70716,0,0,3650,70418,2149,41991,3650,112409,California
Ventura,2021-02-19,6492,161037,3783,87612,2709,73425,0,0,3011,69960,3475,45466,3017,115426,California
Ventura,2021-02-20,4963,166000,3185,90797,1778,75203,0,0,2773,70558,2179,47645,2777,118203,California
Ventura,2021-02-21,1116,167116,823,91620,293,75496,0,0,457,70361,654,48299,457,118660,California
Ventura,2021-02-22,5439,172555,2429,94049,3010,78506,0,0,3476,71886,1953,50252,3478,122138,California
Ventura,2021-02-23,5998,178553,2982,97031,3016,81522,0,0,3425,72762,2553,52805,3429,125567,California
Ventura,2021-02-24,7097,185650,2620,99651,4477,85999,0,0,4260,74204,2820,55625,4262,129829,California
Ventura,2021-02-25,7627,193277,2580,102231,5047,91046,0,0,4588,75772,3025,58650,4593,134422,California
Ventura,2021-02-26,9476,202753,2782,105013,6694,97740,0,0,6170,78665,3281,61931,6174,140596,California
Ventura,2021-02-27,10626,213379,5299,110312,5327,103067,0,0,7971,84009,2637,64568,7981,148577,California
Ventura,2021-02-28,2581,215960,1647,111959,933,104000,1,1,2101,85639,472,65040,2102,150679,California
Ventura,2021-03-01,7172,223132,2855,114814,4314,108314,3,4,4759,88021,2393,67433,4775,155454,California
Ventura,2021-03-02,7745,230877,4050,118864,3693,112007,2,6,5426,91140,2308,69741,5427,160881,California
Ventura,2021-03-03,8718,239595,3934,122798,4781,116788,3,9,6135,94720,2562,72303,6142,167023,California
Ventura,2021-03-04,8320,247915,3885,126683,4435,121223,0,9,5603,97628,2700,75003,5608,172631,California
Ventura,2021-03-05,10109,258024,4818,131501,5280,126503,11,20,7189,101938,2903,77906,7213,179844,California
Ventura,2021-03-06,7806,265830,4406,135907,3246,129749,154,174,5816,105930,1982,79888,5974,185818,California
Ventura,2021-03-07,1670,267500,620,136527,949,130698,101,275,1250,106863,420,80308,1353,187171,California
Ventura,2021-03-08,6863,274363,3446,139973,3261,133959,156,431,4745,109659,2109,82417,4905,192076,California
Ventura,2021-03-09,6898,281261,3035,143008,3663,137622,200,631,3995,110972,2888,85305,4201,196277,California
Ventura,2021-03-10,7055,288316,3022,146030,3791,141413,242,873,4702,113578,2338,87643,4944,201221,California
Ventura,2021-03-11,6587,294903,2908,148938,3362,144775,317,1190,3589,114503,2980,90623,3905,205126,California
Ventura,2021-03-12,8764,303667,3062,152000,4858,149633,844,2034,4284,115169,4460,95083,5126,210252,California
Ventura,2021-03-13,7318,310985,2512,154512,3960,153593,846,2880,4353,117411,2955,98038,5197,215449,California
Ventura,2021-03-14,2146,313131,490,155002,1160,154753,496,3376,725,117214,1419,99457,1222,216671,California
Ventura,2021-03-15,7132,320263,2059,157061,3724,158477,1349,4725,3167,117787,3938,103395,4511,221182,California
Ventura,2021-03-16,8194,328457,2470,159531,4610,163087,1114,5839,4242,119202,3939,107334,5354,226536,California
Ventura,2021-03-17,7746,336203,2809,162340,4588,167675,349,6188,4714,121255,3011,110345,5064,231600,California
Ventura,2021-03-18,7608,343811,3307,165647,4148,171823,153,6341,5004,123822,2590,112935,5157,236757,California
Ventura,2021-03-19,8707,352518,3833,169480,4761,176584,113,6454,5292,125836,3389,116324,5403,242160,California
Ventura,2021-03-20,8918,361436,5956,175436,2938,179522,24,6478,4640,126248,4254,120578,4666,246826,California
Ventura,2021-03-21,2812,364248,1531,176967,909,180431,372,6850,1323,126464,1475,122053,1691,248517,California
Ventura,2021-03-22,7465,371713,3735,180702,3628,184059,102,6952,4929,128981,2516,124569,5033,253550,California
Ventura,2021-03-23,8299,380012,3959,184661,4266,188325,74,7026,4669,130123,3599,128168,4741,258291,California
Ventura,2021-03-24,8969,388981,3437,188098,5454,193779,78,7104,4491,130250,4446,132614,4573,262864,California
Ventura,2021-03-25,8881,397862,3933,192031,4844,198623,104,7208,4502,130497,4358,136972,4605,267469,California
Ventura,2021-03-26,9994,407856,3385,195416,5955,204578,654,7862,4030,129246,5932,142904,4681,272150,California
Ventura,2021-03-27,8800,416656,3950,199366,4807,209385,43,7905,2436,125402,6324,149228,2480,274630,California
Ventura,2021-03-28,2551,419207,1432,200798,1110,210495,9,7914,1379,125624,1166,150394,1388,276018,California
Ventura,2021-03-29,8668,427875,4331,205129,4291,214786,46,7960,4288,125610,4348,154742,4334,280352,California
Ventura,2021-03-30,9040,436915,4482,209611,4427,219213,131,8091,4406,125529,4618,159360,4537,284889,California
Ventura,2021-03-31,10874,447789,4881,214492,5364,224577,629,8720,4707,124723,6139,165499,5333,290222,California
Ventura,2021-04-01,10951,458740,5313,219805,4749,229326,889,9609,5529,125760,5376,170875,6413,296635,California
Ventura,2021-04-02,11877,470617,4668,224473,5861,235187,1348,10957,5699,126664,6144,177019,7048,303683,California
Ventura,2021-04-03,8164,478781,4039,228512,2946,238133,1179,12136,3446,126576,4706,181725,4618,308301,California
Ventura,2021-04-04,1721,480502,963,229475,623,238756,135,12271,1148,127293,566,182291,1283,309584,California
Ventura,2021-04-05,9477,489979,4880,234355,3476,242232,1121,13392,4838,128624,4625,186916,5956,315540,California
Ventura,2021-04-06,11025,501004,5586,239941,3941,246173,1498,14890,5667,130458,5329,192245,7163,322703,California
Ventura,2021-04-07,11534,512538,5422,245363,4598,250771,1514,16404,5277,131005,6237,198482,6784,329487,California
Ventura,2021-04-08,10511,523049,5303,250666,4221,254992,987,17391,5245,131988,5239,203721,6222,335709,California
Ventura,2021-04-09,11400,534449,4400,255066,5269,260261,1731,19122,4994,132323,6381,210102,6716,342425,California
Ventura,2021-04-10,9887,544336,4177,259243,3537,263798,2173,21295,3068,130758,6801,216903,5236,347661,California
Ventura,2021-04-11,2454,546790,862,260105,1015,264813,577,21872,687,130264,1756,218659,1262,348923,California
Ventura,2021-04-12,9127,555917,4538,264643,3753,268566,836,22708,3825,129637,5282,223941,4655,353578,California
Ventura,2021-04-13,8975,564892,4576,269219,4393,272959,6,22714,3798,128303,5138,229079,3804,357382,California
Ventura,2021-04-14,8907,573799,4151,273370,4741,277700,15,22729,3416,126290,5450,234529,3437,360819,California
Ventura,2021-04-15,9536,583335,4613,277983,4896,282596,27,22756,4111,125042,5387,239916,4139,364958,California
Ventura,2021-04-16,10362,593697,4578,282561,5782,288378,2,22758,4884,124481,5452,245368,4891,369849,California
Ventura,2021-04-17,9063,602760,5410,287971,3639,292017,14,22772,5282,126014,3763,249131,5296,375145,California
Ventura,2021-04-18,2243,605003,1107,289078,1136,293153,0,22772,970,125720,1265,250396,971,376116,California
Ventura,2021-04-19,8171,613174,4874,293952,3294,296447,3,22775,4695,126969,3450,253846,4699,380815,California
Ventura,2021-04-20,9591,622765,5103,299055,4483,300930,5,22780,4523,126456,5041,258887,4528,385343,California
Ventura,2021-04-21,9226,631991,4810,303865,4411,305341,5,22785,4415,126085,4791,263678,4420,389763,California
Ventura,2021-04-22,10199,642190,5577,309442,4621,309962,1,22786,4533,124975,5646,269324,4536,394299,California
Ventura,2021-04-23,11045,653235,5511,314953,5533,315495,1,22787,5490,124942,5525,274849,5492,399791,California
Ventura,2021-04-24,10577,663812,5913,320866,4664,320159,0,22787,6212,126808,4347,279196,6213,406004,California
Ventura,2021-04-25,2492,666304,1720,322586,772,320931,0,22787,1160,126640,1328,280524,1160,407164,California
Ventura,2021-04-26,8027,674331,4612,327198,3348,324279,67,22854,3340,125384,4658,285182,3402,410566,California
Ventura,2021-04-27,9223,683554,5150,332348,3845,328124,228,23082,3475,123358,5728,290910,3702,414268,California
Ventura,2021-04-28,8442,691996,4896,337244,3225,331349,321,23403,3312,121890,5102,296012,3634,417902,California
Ventura,2021-04-29,7962,699958,4295,341539,3403,334752,264,23667,2833,119885,5101,301113,3096,420998,California
Ventura,2021-04-30,9536,709494,5511,347050,3750,338502,275,23942,3930,118510,5570,306683,4195,425193,California
Ventura,2021-05-01,5154,714648,3644,350694,1404,339906,106,24048,2044,117573,3084,309767,2147,427340,California
Ventura,2021-05-02,2137,716785,1431,352125,615,340521,91,24139,1034,117602,1097,310864,1126,428466,California
Ventura,2021-05-03,6332,723117,3890,356015,2154,342675,288,24427,1982,115543,4329,315193,2270,430736,California
Ventura,2021-05-04,6460,729577,3381,359396,2781,345456,298,24725,2328,114053,4117,319310,2627,433363,California
Ventura,2021-05-05,5482,735059,3071,362467,2150,347606,261,24986,1957,112770,3495,322805,2212,435575,California
Ventura,2021-05-06,6245,741304,3222,365689,2754,350360,269,25255,1996,110808,4228,327033,2266,437841,California
Ventura,2021-05-07,6920,748224,3470,369159,3175,353535,275,25530,2357,108905,4534,331567,2631,440472,California
Ventura,2021-05-08,5412,753636,4210,373369,1044,354579,158,25688,1218,106099,4180,335747,1374,441846,California
Ventura,2021-05-09,1129,754765,822,374191,261,354840,46,25734,428,105879,693,336440,473,442319,California
Ventura,2021-05-10,6162,760927,4108,378299,1844,356684,210,25944,1391,102722,4757,341197,1600,443919,California
Ventura,2021-05-11,5354,766281,3302,381601,1828,358512,224,26168,1503,100609,3839,345036,1726,445645,California
Ventura,2021-05-12,5065,771346,2986,384587,1859,360371,220,26388,1534,98848,3515,348551,1754,447399,California
Ventura,2021-05-13,6354,777700,3846,388433,2301,362672,207,26595,2269,97258,4069,352620,2479,449878,California
Ventura,2021-05-14,7512,785212,4656,393089,2637,365309,219,26814,2837,95653,4656,357276,3051,452929,California
Ventura,2021-05-15,6752,791964,5389,398478,1275,366584,88,26902,2803,94621,3923,361199,2891,455820,California
Ventura,2021-05-16,2196,794160,1704,400182,440,367024,52,26954,1033,94548,1158,362357,1085,456905,California
Ventura,2021-05-17,5897,800057,3561,403743,2122,369146,214,27168,2406,93694,3473,365830,2619,459524,California
Ventura,2021-05-18,5422,805479,3167,406910,2075,371221,180,27348,2131,92732,3272,369102,2310,461834,California
Ventura,2021-05-19,5842,811321,3527,410437,2104,373325,211,27559,2365,91855,3449,372551,2572,464406,California
Ventura,2021-05-20,5490,816811,3045,413482,2286,375611,159,27718,2126,90802,3334,375885,2281,466687,California
Ventura,2021-05-21,7933,824744,4468,417950,3289,378900,176,27894,2562,88203,5338,381223,2739,469426,California
Ventura,2021-05-22,5652,830396,2892,420842,2685,381585,75,27969,1764,86164,3878,385101,1839,471265,California
Ventura,2021-05-23,1984,832380,1520,422362,392,381977,72,28041,734,85730,1240,386341,806,472071,California
Ventura,2021-05-24,4550,836930,2472,424834,1910,383887,168,28209,1453,84270,3078,389419,1618,473689,California
Ventura,2021-05-25,4297,841227,2230,427064,1915,385802,152,28361,1417,82976,2862,392281,1568,475257,California
Ventura,2021-05-26,4281,845508,2281,429345,1836,387638,164,28525,1647,82173,2614,394895,1811,477068,California
Ventura,2021-05-27,3872,849380,1911,431256,1833,389471,128,28653,1379,81199,2480,397375,1506,478574,California
Ventura,2021-05-28,4569,853949,2480,433736,1895,391366,194,28847,1981,80799,2570,399945,2170,480744,California
Ventura,2021-05-29,2156,856105,1350,435086,739,392105,67,28914,1051,80823,1094,401039,1118,481862,California
Ventura,2021-05-30,911,857016,583,435669,275,392380,53,28967,357,80682,551,401590,410,482272,California
Ventura,2021-05-31,258,857274,138,435807,111,392491,9,28976,61,80555,197,401787,70,482342,California
Ventura,2021-06-01,4008,861282,2276,438083,1566,394057,166,29142,1286,79307,2700,404487,1452,483794,California
Ventura,2021-06-02,2966,864248,1631,439714,1199,395256,136,29278,1006,78505,1944,406431,1142,484936,California
Ventura,2021-06-03,3242,867490,2005,441719,1082,396338,155,29433,883,77195,2347,408778,1037,485973,California
Ventura,2021-06-04,4594,872084,3023,444742,1410,397748,161,29594,1418,75611,3162,411940,1578,487551,California
Ventura,2021-06-05,3812,875896,3183,447925,566,398314,63,29657,1155,74185,2644,414584,1218,488769,California
Ventura,2021-06-06,1246,877142,1066,448991,135,398449,45,29702,283,73560,952,415536,327,489096,California
Ventura,2021-06-07,3170,880312,2355,451346,704,399153,111,29813,948,72411,2207,417743,1058,490154,California
Ventura,2021-06-08,3023,883335,1993,453339,897,400050,133,29946,880,71296,2128,419871,1013,491167,California
Ventura,2021-06-09,2943,886278,2050,455389,787,400837,106,30052,762,69994,2169,422040,867,492034,California
Ventura,2021-06-10,3028,889306,2117,457506,809,401646,102,30154,808,68694,2208,424248,908,492942,California
Ventura,2021-06-11,3468,892774,2380,459886,950,402596,138,30292,979,67329,2479,426727,1114,494056,California
Ventura,2021-06-12,2164,894938,1697,461583,421,403017,46,30338,518,66256,1637,428364,564,494620,California
Ventura,2021-06-13,1014,895952,777,462360,173,403190,64,30402,238,65785,775,429139,304,494924,California
Ventura,2021-06-14,2647,898599,1809,464169,709,403899,129,30531,815,64908,1820,430959,943,495867,California
Ventura,2021-06-15,2436,901035,1571,465740,755,404654,110,30641,848,64289,1575,432534,956,496823,California
Ventura,2021-06-16,2485,903520,1823,467563,556,405210,106,30747,827,63582,1639,434173,932,497755,California
Ventura,2021-06-17,2220,905740,1557,469120,563,405773,100,30847,820,63110,1392,435565,920,498675,California
Ventura,2021-06-18,2964,908704,2089,471209,750,406523,125,30972,975,62234,1975,437540,1099,499774,California
Ventura,2021-06-19,1377,910081,1065,472274,287,406810,25,30997,523,61939,843,438383,548,500322,California
Ventura,2021-06-20,693,910774,538,472812,114,406924,41,31038,262,61814,428,438811,303,500625,California
Ventura,2021-06-21,1688,912462,1083,473895,488,407412,117,31155,840,61932,838,439649,956,501581,California
Ventura,2021-06-22,1967,914429,1382,475277,487,407899,98,31253,734,61542,1221,440870,831,502412,California
Ventura,2021-06-23,1773,916202,1217,476494,451,408350,105,31358,735,61352,1029,441899,839,503251,California
Ventura,2021-06-24,1804,918006,1192,477686,502,408852,110,31468,715,61099,1078,442977,825,504076,California
Ventura,2021-06-25,2413,920419,1612,479298,628,409480,173,31641,873,60614,1531,444508,1046,505122,California
Ventura,2021-06-26,1222,921641,935,480233,223,409703,64,31705,470,60400,748,445256,534,505656,California
Ventura,2021-06-27,459,922100,339,480572,95,409798,25,31730,195,60358,262,445518,220,505876,California
Yolo,2020-12-15,39,39,39,39,0,0,0,0,39,39,0,0,39,39,California
Yolo,2020-12-16,79,118,79,118,0,0,0,0,79,118,0,0,79,118,California
Yolo,2020-12-17,104,222,104,222,0,0,0,0,104,222,0,0,104,222,California
Yolo,2020-12-18,234,456,234,456,0,0,0,0,234,456,0,0,234,456,California
Yolo,2020-12-19,88,544,88,544,0,0,0,0,88,544,0,0,88,544,California
Yolo,2020-12-20,101,645,101,645,0,0,0,0,101,645,0,0,101,645,California
Yolo,2020-12-21,255,900,255,900,0,0,0,0,255,900,0,0,255,900,California
Yolo,2020-12-22,385,1285,384,1284,1,1,0,0,385,1285,0,0,385,1285,California
Yolo,2020-12-23,438,1723,418,1702,20,21,0,0,438,1723,0,0,438,1723,California
Yolo,2020-12-24,153,1876,97,1799,56,77,0,0,153,1876,0,0,153,1876,California
Yolo,2020-12-25,1,1877,1,1800,0,77,0,0,1,1877,0,0,1,1877,California
Yolo,2020-12-26,75,1952,25,1825,50,127,0,0,75,1952,0,0,75,1952,California
Yolo,2020-12-27,46,1998,19,1844,27,154,0,0,46,1998,0,0,46,1998,California
Yolo,2020-12-28,403,2401,232,2076,171,325,0,0,403,2401,0,0,403,2401,California
Yolo,2020-12-29,494,2895,269,2345,225,550,0,0,494,2895,0,0,494,2895,California
Yolo,2020-12-30,626,3521,256,2601,370,920,0,0,626,3521,0,0,626,3521,California
Yolo,2020-12-31,184,3705,94,2695,90,1010,0,0,184,3705,0,0,184,3705,California
Yolo,2021-01-01,58,3763,56,2751,2,1012,0,0,58,3763,0,0,58,3763,California
Yolo,2021-01-02,70,3833,27,2778,43,1055,0,0,70,3833,0,0,70,3833,California
Yolo,2021-01-03,44,3877,19,2797,25,1080,0,0,44,3877,0,0,44,3877,California
Yolo,2021-01-04,193,4070,41,2838,152,1232,0,0,193,4070,0,0,193,4070,California
Yolo,2021-01-05,618,4688,236,3074,382,1614,0,0,555,4562,63,63,555,4625,California
Yolo,2021-01-06,486,5174,185,3259,301,1915,0,0,347,4770,139,202,347,4972,California
Yolo,2021-01-07,713,5887,236,3495,477,2392,0,0,519,5096,193,395,519,5491,California
Yolo,2021-01-08,634,6521,313,3808,321,2713,0,0,408,5279,225,620,408,5899,California
Yolo,2021-01-09,411,6932,71,3879,340,3053,0,0,365,5598,46,666,365,6264,California
Yolo,2021-01-10,394,7326,80,3959,314,3367,0,0,324,5852,70,736,324,6588,California
Yolo,2021-01-11,564,7890,328,4287,236,3603,0,0,290,5870,274,1010,292,6880,California
Yolo,2021-01-12,567,8457,445,4732,122,3725,0,0,196,5696,371,1381,197,7077,California
Yolo,2021-01-13,776,9233,314,5046,462,4187,0,0,522,5964,254,1635,522,7599,California
Yolo,2021-01-14,382,9615,184,5230,198,4385,0,0,278,6138,104,1739,278,7877,California
Yolo,2021-01-15,632,10247,323,5553,309,4694,0,0,551,6609,81,1820,552,8429,California
Yolo,2021-01-16,745,10992,96,5649,649,5343,0,0,714,7292,31,1851,714,9143,California
Yolo,2021-01-17,192,11184,121,5770,71,5414,0,0,185,7470,7,1858,185,9328,California
Yolo,2021-01-18,483,11667,304,6074,179,5593,0,0,333,7653,150,2008,333,9661,California
Yolo,2021-01-19,559,12226,372,6446,187,5780,0,0,382,7858,177,2185,382,10043,California
Yolo,2021-01-20,666,12892,386,6832,280,6060,0,0,475,8143,190,2375,475,10518,California
Yolo,2021-01-21,650,13542,385,7217,265,6325,0,0,460,8413,190,2565,460,10978,California
Yolo,2021-01-22,756,14298,254,7471,502,6827,0,0,639,8937,115,2680,639,11617,California
Yolo,2021-01-23,624,14922,125,7596,499,7326,0,0,575,9463,49,2729,575,12192,California
Yolo,2021-01-24,208,15130,123,7719,85,7411,0,0,167,9589,41,2770,167,12359,California
Yolo,2021-01-25,737,15867,159,7878,578,7989,0,0,513,9878,224,2994,513,12872,California
Yolo,2021-01-26,829,16696,326,8204,503,8492,0,0,434,9917,395,3389,434,13306,California
Yolo,2021-01-27,683,17379,230,8434,453,8945,0,0,399,10032,284,3673,399,13705,California
Yolo,2021-01-28,1053,18432,567,9001,486,9431,0,0,927,10834,125,3798,927,14632,California
Yolo,2021-01-29,918,19350,267,9268,651,10082,0,0,833,11583,84,3882,833,15465,California
Yolo,2021-01-30,1530,20880,923,10191,607,10689,0,0,1410,12879,114,3996,1410,16875,California
Yolo,2021-01-31,240,21120,202,10393,38,10727,0,0,211,13062,28,4024,211,17086,California
Yolo,2021-02-01,856,21976,365,10758,491,11218,0,0,619,13447,234,4258,619,17705,California
Yolo,2021-02-02,1354,23330,756,11514,598,11816,0,0,935,13964,419,4677,936,18641,California
Yolo,2021-02-03,1531,24861,399,11913,1132,12948,0,0,1188,14812,340,5017,1188,19829,California
Yolo,2021-02-04,1810,26671,285,12198,1525,14473,0,0,1256,15526,543,5560,1257,21086,California
Yolo,2021-02-05,1613,28284,916,13114,697,15170,0,0,1207,16329,405,5965,1208,22294,California
Yolo,2021-02-06,1926,30210,1255,14369,671,15841,0,0,1563,17530,363,6328,1564,23858,California
Yolo,2021-02-07,523,30733,252,14621,271,16112,0,0,172,17352,350,6678,172,24030,California
Yolo,2021-02-08,952,31685,335,14956,617,16729,0,0,605,17614,343,7021,605,24635,California
Yolo,2021-02-09,860,32545,386,15342,474,17203,0,0,573,17900,287,7308,573,25208,California
Yolo,2021-02-10,1478,34023,483,15825,995,18198,0,0,831,18086,647,7955,833,26041,California
Yolo,2021-02-11,1581,35604,808,16633,773,18971,0,0,1186,18877,395,8350,1186,27227,California
Yolo,2021-02-12,1935,37539,761,17394,1174,20145,0,0,1451,19849,480,8830,1452,28679,California
Yolo,2021-02-13,2060,39599,714,18108,1346,21491,0,0,1385,20559,675,9505,1385,30064,California
Yolo,2021-02-14,574,40173,155,18263,419,21910,0,0,447,20880,126,9631,447,30511,California
Yolo,2021-02-15,534,40707,192,18455,342,22252,0,0,265,20877,269,9900,266,30777,California
Yolo,2021-02-16,1138,41845,427,18882,711,22963,0,0,811,21362,327,10227,812,31589,California
Yolo,2021-02-17,1393,43238,702,19584,691,23654,0,0,991,21951,402,10629,991,32580,California
Yolo,2021-02-18,2501,45739,818,20402,1683,25337,0,0,1723,22898,777,11406,1724,34304,California
Yolo,2021-02-19,1761,47500,754,21156,1007,26344,0,0,1133,23405,626,12032,1133,35437,California
Yolo,2021-02-20,2463,49963,957,22113,1506,27850,0,0,1372,23693,1085,13117,1373,36810,California
Yolo,2021-02-21,293,50256,231,22344,62,27912,0,0,80,23561,212,13329,80,36890,California
Yolo,2021-02-22,1374,51630,600,22944,774,28686,0,0,695,23578,678,14007,695,37585,California
Yolo,2021-02-23,1148,52778,856,23800,292,28978,0,0,442,23316,704,14711,442,38027,California
Yolo,2021-02-24,2098,54876,597,24397,1501,30479,0,0,1385,23990,711,15422,1385,39412,California
Yolo,2021-02-25,1398,56274,495,24892,903,31382,0,0,922,24437,475,15897,922,40334,California
Yolo,2021-02-26,2655,58929,1044,25936,1611,32993,0,0,1386,24557,1266,17163,1386,41720,California
Yolo,2021-02-27,1690,60619,781,26717,909,33902,0,0,1235,25337,455,17618,1235,42955,California
Yolo,2021-02-28,1825,62444,1524,28241,301,34203,0,0,709,24933,1114,18732,710,43665,California
Yolo,2021-03-01,1149,63593,378,28619,771,34974,0,0,693,25172,454,19186,693,44358,California
Yolo,2021-03-02,1485,65078,703,29322,782,35756,0,0,951,25589,534,19720,951,45309,California
Yolo,2021-03-03,1876,66954,650,29972,1226,36982,0,0,849,25413,1025,20745,849,46158,California
Yolo,2021-03-04,2933,69887,1470,31442,1463,38445,0,0,1566,25615,1364,22109,1566,47724,California
Yolo,2021-03-05,2368,72255,1411,32853,946,39391,11,11,1473,26205,894,23003,1484,49208,California
Yolo,2021-03-06,1491,73746,1136,33989,326,39717,29,40,850,26446,638,23641,879,50087,California
Yolo,2021-03-07,918,74664,680,34669,224,39941,14,54,782,27106,136,23777,796,50883,California
Yolo,2021-03-08,1104,75768,494,35163,567,40508,43,97,773,27593,330,24107,817,51700,California
Yolo,2021-03-09,1279,77047,691,35854,525,41033,63,160,784,27947,493,24600,847,52547,California
Yolo,2021-03-10,1825,78872,1061,36915,472,41505,292,452,758,27928,1062,25662,1043,53590,California
Yolo,2021-03-11,2353,81225,1603,38518,684,42189,66,518,1610,28863,742,26404,1677,55267,California
Yolo,2021-03-12,2923,84148,1360,39878,1482,43671,81,599,1378,28786,1537,27941,1460,56727,California
Yolo,2021-03-13,1850,85998,735,40613,939,44610,176,775,1003,29121,844,28785,1179,57906,California
Yolo,2021-03-14,1016,87014,213,40826,652,45262,151,926,525,29301,490,29275,670,58576,California
Yolo,2021-03-15,1322,88336,767,41593,376,45638,179,1105,709,29574,611,29886,884,59460,California
Yolo,2021-03-16,1884,90220,724,42317,1088,46726,72,1177,1116,29994,768,30654,1188,60648,California
Yolo,2021-03-17,2528,92748,988,43305,1467,48193,73,1250,1733,31039,792,31446,1837,62485,California
Yolo,2021-03-18,3045,95793,1041,44346,1778,49971,226,1476,1261,30746,1780,33226,1487,63972,California
Yolo,2021-03-19,2105,97898,877,45223,1159,51130,69,1545,1086,30888,1013,34239,1155,65127,California
Yolo,2021-03-20,2780,100678,821,46044,1917,53047,42,1587,1096,30350,1678,35917,1140,66267,California
Yolo,2021-03-21,317,100995,215,46259,94,53141,8,1595,209,30460,107,36024,217,66484,California
Yolo,2021-03-22,1409,102404,496,46755,855,53996,58,1653,922,30955,484,36508,979,67463,California
Yolo,2021-03-23,1762,104166,950,47705,755,54751,57,1710,1084,31418,677,37185,1140,68603,California
Yolo,2021-03-24,2884,107050,1408,49113,1426,56177,50,1760,1399,31396,1472,38657,1450,70053,California
Yolo,2021-03-25,2558,109608,1422,50535,1107,57284,29,1789,1260,31398,1287,39944,1289,71342,California
Yolo,2021-03-26,2412,112020,1265,51800,1127,58411,20,1809,1026,31064,1379,41323,1045,72387,California
Yolo,2021-03-27,1660,113680,458,52258,1184,59595,18,1827,753,30929,906,42229,771,73158,California
Yolo,2021-03-28,1110,114790,866,53124,225,59820,19,1846,256,30353,850,43079,274,73432,California
Yolo,2021-03-29,2029,116819,824,53948,1175,60995,30,1876,965,30288,1060,44139,995,74427,California
Yolo,2021-03-30,2289,119108,1086,55034,1181,62176,22,1898,1170,30367,1114,45253,1193,75620,California
Yolo,2021-03-31,2356,121464,1227,56261,1092,63268,37,1935,1179,30407,1176,46429,1216,76836,California
Yolo,2021-04-01,3854,125318,1863,58124,1515,64783,476,2411,1609,30249,2242,48671,2084,78920,California
Yolo,2021-04-02,3405,128723,1526,59650,1733,66516,146,2557,2108,31212,1291,49962,2254,81174,California
Yolo,2021-04-03,1826,130549,1104,60754,501,67017,221,2778,807,31222,1018,50980,1028,82202,California
Yolo,2021-04-04,395,130944,157,60911,177,67194,61,2839,147,31182,248,51228,208,82410,California
Yolo,2021-04-05,1920,132864,737,61648,1083,68277,100,2939,1020,31408,895,52123,1121,83531,California
Yolo,2021-04-06,2589,135453,1318,62966,1101,69378,170,3109,1308,31614,1271,53394,1477,85008,California
Yolo,2021-04-07,2992,138445,1518,64484,1118,70496,356,3465,1923,32833,1064,54458,2283,87291,California
Yolo,2021-04-08,2431,140876,1010,65494,946,71442,475,3940,1031,32938,1397,55855,1502,88793,California
Yolo,2021-04-09,2598,143474,922,66416,1095,72537,581,4521,854,32624,1741,57596,1427,90220,California
Yolo,2021-04-10,1763,145237,830,67246,750,73287,183,4704,1040,33128,719,58315,1223,91443,California
Yolo,2021-04-11,895,146132,286,67532,565,73852,44,4748,369,33017,523,58838,412,91855,California
Yolo,2021-04-12,1773,147905,529,68061,1102,74954,142,4890,1099,33588,671,59509,1242,93097,California
Yolo,2021-04-13,1993,149898,920,68981,1073,76027,0,4890,1047,33690,945,60454,1047,94144,California
Yolo,2021-04-14,2803,152701,773,69754,2030,78057,0,4890,1381,33655,1416,61870,1381,95525,California
Yolo,2021-04-15,3350,156051,1139,70893,2211,80268,0,4890,2294,34899,1050,62920,2294,97819,California
Yolo,2021-04-16,3095,159146,1997,72890,1098,81366,0,4890,1980,35772,1107,64027,1980,99799,California
Yolo,2021-04-17,1626,160772,478,73368,1148,82514,0,4890,848,35845,775,64802,848,100647,California
Yolo,2021-04-18,648,161420,320,73688,328,82842,0,4890,363,35927,281,65083,363,101010,California
Yolo,2021-04-19,1691,163111,730,74418,960,83802,1,4891,781,35804,905,65988,782,101792,California
Yolo,2021-04-20,2058,165169,1058,75476,1000,84802,0,4891,1092,35932,964,66952,1092,102884,California
Yolo,2021-04-21,2066,167235,1059,76535,1007,85809,0,4891,1114,36099,947,67899,1114,103998,California
Yolo,2021-04-22,1985,169220,914,77449,1071,86880,0,4891,981,36083,998,68897,982,104980,California
Yolo,2021-04-23,2649,171869,1561,79010,1088,87968,0,4891,1164,35773,1474,70371,1164,106144,California
Yolo,2021-04-24,1173,173042,647,79657,523,88491,3,4894,462,35535,703,71074,465,106609,California
Yolo,2021-04-25,951,173993,406,80063,545,89036,0,4894,728,36041,222,71296,728,107337,California
Yolo,2021-04-26,1244,175237,497,80560,744,89780,3,4897,528,35860,713,72009,532,107869,California
Yolo,2021-04-27,1561,176798,735,81295,807,90587,19,4916,609,35538,952,72961,630,108499,California
Yolo,2021-04-28,2068,178866,1028,82323,1013,91600,27,4943,750,35001,1314,74275,777,109276,California
Yolo,2021-04-29,1790,180656,854,83177,853,92453,83,5026,710,34716,1076,75351,791,110067,California
Yolo,2021-04-30,2037,182693,1020,84197,958,93411,59,5085,975,34694,1055,76406,1033,111100,California
Yolo,2021-05-01,1288,183981,998,85195,270,93681,20,5105,378,34183,909,77315,398,111498,California
Yolo,2021-05-02,522,184503,428,85623,71,93752,23,5128,324,34332,198,77513,347,111845,California
Yolo,2021-05-03,1121,185624,405,86028,682,94434,34,5162,300,33846,819,78332,333,112178,California
Yolo,2021-05-04,1472,187096,686,86714,761,95195,25,5187,510,33423,958,79290,535,112713,California
Yolo,2021-05-05,1590,188686,456,87170,1068,96263,66,5253,460,32826,1123,80413,526,113239,California
Yolo,2021-05-06,1525,190211,712,87882,731,96994,82,5335,500,32397,1011,81424,582,113821,California
Yolo,2021-05-07,2324,192535,1401,89283,872,97866,51,5386,466,31062,1850,83274,515,114336,California
Yolo,2021-05-08,852,193387,376,89659,420,98286,56,5442,322,30911,527,83801,376,114712,California
Yolo,2021-05-09,403,193790,172,89831,218,98504,13,5455,92,30706,310,84111,105,114817,California
Yolo,2021-05-10,908,194698,360,90191,503,99007,45,5500,154,30152,752,84863,198,115015,California
Yolo,2021-05-11,1178,195876,696,90887,460,99467,22,5522,294,29590,878,85741,316,115331,California
Yolo,2021-05-12,1584,197460,717,91604,834,100301,33,5555,308,28661,1273,87014,344,115675,California
Yolo,2021-05-13,2179,199639,859,92463,1265,101566,55,5610,646,27833,1529,88543,701,116376,California
Yolo,2021-05-14,2033,201672,1517,93980,485,102051,31,5641,1150,28134,880,89423,1181,117557,California
Yolo,2021-05-15,1278,202950,734,94714,497,102548,47,5688,661,28225,617,90040,708,118265,California
Yolo,2021-05-16,1449,204399,1238,95952,204,102752,7,5695,1012,28812,432,90472,1019,119284,California
Yolo,2021-05-17,1136,205535,445,96397,673,103425,18,5713,351,28400,781,91253,369,119653,California
Yolo,2021-05-18,1693,207228,1109,97506,562,103987,22,5735,912,28558,776,92029,934,120587,California
Yolo,2021-05-19,1007,208235,586,98092,382,104369,39,5774,483,28558,522,92551,522,121109,California
Yolo,2021-05-20,1097,209332,700,98792,371,104740,26,5800,380,28253,711,93262,406,121515,California
Yolo,2021-05-21,1440,210772,931,99723,482,105222,27,5827,361,27566,1073,94335,386,121901,California
Yolo,2021-05-22,824,211596,540,100263,276,105498,8,5835,282,27321,536,94871,291,122192,California
Yolo,2021-05-23,615,212211,164,100427,435,105933,16,5851,106,26936,508,95379,123,122315,California
Yolo,2021-05-24,707,212918,349,100776,338,106271,20,5871,220,26693,484,95863,241,122556,California
Yolo,2021-05-25,882,213800,510,101286,349,106620,23,5894,340,26520,536,96399,363,122919,California
Yolo,2021-05-26,822,214622,272,101558,517,107137,33,5927,252,26239,566,96965,285,123204,California
Yolo,2021-05-27,761,215383,382,101940,328,107465,51,5978,305,26143,452,97417,356,123560,California
Yolo,2021-05-28,878,216261,400,102340,449,107914,29,6007,377,26051,497,97914,405,123965,California
Yolo,2021-05-29,600,216861,348,102688,216,108130,36,6043,271,26030,326,98240,305,124270,California
Yolo,2021-05-30,135,216996,70,102758,58,108188,7,6050,54,26012,79,98319,61,124331,California
Yolo,2021-05-31,68,217064,19,102777,47,108235,2,6052,16,25977,52,98371,17,124348,California
Yolo,2021-06-01,757,217821,327,103104,405,108640,25,6077,246,25743,505,98876,271,124619,California
Yolo,2021-06-02,763,218584,306,103410,436,109076,21,6098,235,25474,525,99401,256,124875,California
Yolo,2021-06-03,930,219514,592,104002,314,109390,24,6122,216,25003,711,100112,240,125115,California
Yolo,2021-06-04,1495,221009,1216,105218,256,109646,23,6145,381,24296,1110,101222,403,125518,California
Yolo,2021-06-05,719,221728,548,105766,154,109800,17,6162,149,23892,570,101792,166,125684,California
Yolo,2021-06-06,1108,222836,1044,106810,57,109857,7,6169,156,23104,951,102743,163,125847,California
Yolo,2021-06-07,516,223352,271,107081,226,110083,19,6188,149,22909,363,103106,168,126015,California
Yolo,2021-06-08,1044,224396,814,107895,212,110295,18,6206,200,22284,843,103949,218,126233,California
Yolo,2021-06-09,792,225188,492,108387,269,110564,31,6237,260,22045,529,104478,290,126523,California
Yolo,2021-06-10,571,225759,361,108748,177,110741,33,6270,167,21843,402,104880,200,126723,California
Yolo,2021-06-11,656,226415,449,109197,183,110924,24,6294,195,21603,459,105339,219,126942,California
Yolo,2021-06-12,482,226897,278,109475,179,111103,25,6319,146,21440,334,105673,171,127113,California
Yolo,2021-06-13,155,227052,116,109591,38,111141,1,6320,63,21414,91,105764,65,127178,California
Yolo,2021-06-14,410,227462,253,109844,124,111265,33,6353,132,21303,277,106041,166,127344,California
Yolo,2021-06-15,773,228235,399,110243,348,111613,26,6379,302,21163,468,106509,328,127672,California
Yolo,2021-06-16,472,228707,239,110482,191,111804,42,6421,166,21065,304,106813,206,127878,California
Yolo,2021-06-17,496,229203,316,110798,125,111929,55,6476,172,20970,322,107135,227,128105,California
Yolo,2021-06-18,551,229754,394,111192,135,112064,22,6498,211,20865,337,107472,232,128337,California
Yolo,2021-06-19,322,230076,208,111400,98,112162,16,6514,117,20794,204,107676,133,128470,California
Yolo,2021-06-20,114,230190,74,111474,36,112198,4,6518,62,20811,50,107726,67,128537,California
Yolo,2021-06-21,205,230395,88,111562,98,112296,19,6537,111,20848,93,107819,130,128667,California
Yolo,2021-06-22,523,230918,296,111858,209,112505,18,6555,244,20833,277,108096,262,128929,California
Yolo,2021-06-23,365,231283,206,112064,143,112648,16,6571,146,20779,216,108312,162,129091,California
Yolo,2021-06-24,382,231665,242,112306,101,112749,39,6610,166,20769,215,108527,205,129296,California
Yolo,2021-06-25,543,232208,384,112690,115,112864,44,6654,189,20649,353,108880,233,129529,California
Yolo,2021-06-26,251,232459,150,112840,81,112945,20,6674,103,20625,146,109026,122,129651,California
Yolo,2021-06-27,134,232593,101,112941,30,112975,3,6677,45,20584,89,109115,48,129699,California
Yuba,2020-12-16,4,4,4,4,0,0,0,0,4,4,0,0,4,4,California
Yuba,2020-12-17,4,8,4,8,0,0,0,0,4,8,0,0,4,8,California
Yuba,2020-12-18,8,16,8,16,0,0,0,0,8,16,0,0,8,16,California
Yuba,2020-12-19,12,28,12,28,0,0,0,0,12,28,0,0,12,28,California
Yuba,2020-12-20,19,47,19,47,0,0,0,0,19,47,0,0,19,47,California
Yuba,2020-12-21,41,88,41,88,0,0,0,0,41,88,0,0,41,88,California
Yuba,2020-12-22,86,174,86,174,0,0,0,0,86,174,0,0,86,174,California
Yuba,2020-12-23,65,239,63,237,2,2,0,0,65,239,0,0,65,239,California
Yuba,2020-12-24,20,259,10,247,10,12,0,0,20,259,0,0,20,259,California
Yuba,2020-12-25,1,260,1,248,0,12,0,0,1,260,0,0,1,260,California
Yuba,2020-12-26,13,273,12,260,1,13,0,0,13,273,0,0,13,273,California
Yuba,2020-12-27,15,288,15,275,0,13,0,0,15,288,0,0,15,288,California
Yuba,2020-12-28,51,339,35,310,16,29,0,0,51,339,0,0,51,339,California
Yuba,2020-12-29,75,414,10,320,65,94,0,0,75,414,0,0,75,414,California
Yuba,2020-12-30,63,477,20,340,43,137,0,0,63,477,0,0,63,477,California
Yuba,2020-12-31,40,517,7,347,33,170,0,0,40,517,0,0,40,517,California
Yuba,2021-01-02,23,540,22,369,1,171,0,0,23,540,0,0,23,540,California
Yuba,2021-01-03,10,550,6,375,4,175,0,0,10,550,0,0,10,550,California
Yuba,2021-01-04,92,642,23,398,69,244,0,0,92,642,0,0,92,642,California
Yuba,2021-01-05,71,713,39,437,32,276,0,0,70,711,1,1,70,712,California
Yuba,2021-01-06,154,867,76,513,78,354,0,0,148,853,6,7,148,860,California
Yuba,2021-01-07,74,941,19,532,55,409,0,0,71,920,4,11,71,931,California
Yuba,2021-01-08,73,1014,24,556,49,458,0,0,66,979,7,18,66,997,California
Yuba,2021-01-09,19,1033,16,572,3,461,0,0,11,982,8,26,11,1008,California
Yuba,2021-01-10,117,1150,22,594,95,556,0,0,95,1055,22,48,95,1103,California
Yuba,2021-01-11,73,1223,50,644,23,579,0,0,33,1048,40,88,33,1136,California
Yuba,2021-01-12,109,1332,79,723,30,609,0,0,44,1027,65,153,44,1180,California
Yuba,2021-01-13,119,1451,72,795,47,656,0,0,54,1017,64,217,54,1234,California
Yuba,2021-01-14,114,1565,44,839,70,726,0,0,102,1107,12,229,102,1336,California
Yuba,2021-01-15,203,1768,85,924,118,844,0,0,193,1290,10,239,193,1529,California
Yuba,2021-01-16,186,1954,21,945,165,1009,0,0,174,1451,13,252,174,1703,California
Yuba,2021-01-17,13,1967,9,954,4,1013,0,0,7,1452,6,258,7,1710,California
Yuba,2021-01-18,61,2028,32,986,29,1042,0,0,36,1463,25,283,36,1746,California
Yuba,2021-01-19,80,2108,30,1016,50,1092,0,0,65,1513,15,298,65,1811,California
Yuba,2021-01-20,135,2243,88,1104,47,1139,0,0,112,1602,23,321,112,1923,California
Yuba,2021-01-21,223,2466,105,1209,118,1257,0,0,213,1805,10,331,213,2136,California
Yuba,2021-01-22,106,2572,6,1215,100,1357,0,0,97,1893,9,340,97,2233,California
Yuba,2021-01-23,199,2771,7,1222,192,1549,0,0,197,2088,2,342,197,2430,California
Yuba,2021-01-24,10,2781,7,1229,3,1552,0,0,8,2094,2,344,8,2438,California
Yuba,2021-01-25,86,2867,30,1259,56,1608,0,0,53,2115,32,376,53,2491,California
Yuba,2021-01-26,150,3017,41,1300,109,1717,0,0,91,2147,59,435,91,2582,California
Yuba,2021-01-27,185,3202,129,1429,56,1773,0,0,117,2196,68,503,117,2699,California
Yuba,2021-01-28,227,3429,89,1518,138,1911,0,0,176,2321,51,554,176,2875,California
Yuba,2021-01-29,150,3579,46,1564,104,2015,0,0,111,2393,39,593,111,2986,California
Yuba,2021-01-30,409,3988,23,1587,386,2401,0,0,398,2780,11,604,398,3384,California
Yuba,2021-01-31,18,4006,12,1599,6,2407,0,0,16,2794,2,606,16,3400,California
Yuba,2021-02-01,154,4160,74,1673,80,2487,0,0,130,2902,23,629,131,3531,California
Yuba,2021-02-02,128,4288,23,1696,105,2592,0,0,104,2982,24,653,104,3635,California
Yuba,2021-02-03,228,4516,30,1726,198,2790,0,0,116,2987,111,764,116,3751,California
Yuba,2021-02-04,297,4813,120,1846,177,2967,0,0,252,3194,45,809,252,4003,California
Yuba,2021-02-05,147,4960,32,1878,115,3082,0,0,71,3189,76,885,71,4074,California
Yuba,2021-02-06,451,5411,26,1904,425,3507,0,0,443,3624,8,893,443,4517,California
Yuba,2021-02-07,20,5431,13,1917,7,3514,0,0,16,3636,4,897,16,4533,California
Yuba,2021-02-08,97,5528,34,1951,63,3577,0,0,65,3669,32,929,65,4598,California
Yuba,2021-02-09,155,5683,56,2007,99,3676,0,0,85,3684,70,999,85,4683,California
Yuba,2021-02-10,360,6043,175,2182,185,3861,0,0,120,3566,238,1237,120,4803,California
Yuba,2021-02-11,405,6448,68,2250,337,4198,0,0,301,3765,102,1339,301,5104,California
Yuba,2021-02-12,269,6717,28,2278,241,4439,0,0,152,3800,117,1456,152,5256,California
Yuba,2021-02-13,437,7154,36,2314,401,4840,0,0,387,4137,50,1506,387,5643,California
Yuba,2021-02-14,52,7206,10,2324,42,4882,0,0,47,4179,5,1511,47,5690,California
Yuba,2021-02-15,89,7295,36,2360,53,4935,0,0,69,4228,20,1531,69,5759,California
Yuba,2021-02-16,202,7497,54,2414,148,5083,0,0,143,4313,58,1589,143,5902,California
Yuba,2021-02-17,376,7873,156,2570,220,5303,0,0,99,4136,276,1865,99,6001,California
Yuba,2021-02-18,322,8195,48,2618,274,5577,0,0,195,4204,127,1992,195,6196,California
Yuba,2021-02-19,227,8422,82,2700,145,5722,0,0,142,4261,85,2077,142,6338,California
Yuba,2021-02-20,393,8815,31,2731,362,6084,0,0,338,4544,55,2132,338,6676,California
Yuba,2021-02-21,17,8832,14,2745,3,6087,0,0,7,4541,10,2142,7,6683,California
Yuba,2021-02-22,128,8960,79,2824,49,6136,0,0,38,4490,89,2231,38,6721,California
Yuba,2021-02-23,116,9076,25,2849,91,6227,0,0,48,4472,67,2298,49,6770,California
Yuba,2021-02-24,484,9560,137,2986,347,6574,0,0,108,4204,376,2674,108,6878,California
Yuba,2021-02-25,346,9906,140,3126,206,6780,0,0,216,4290,130,2804,216,7094,California
Yuba,2021-02-26,261,10167,69,3195,192,6972,0,0,145,4321,114,2918,145,7239,California
Yuba,2021-02-27,473,10640,47,3242,426,7398,0,0,385,4620,86,3004,385,7624,California
Yuba,2021-02-28,72,10712,23,3265,49,7447,0,0,48,4644,24,3028,48,7672,California
Yuba,2021-03-01,161,10873,42,3307,119,7566,0,0,81,4646,79,3107,81,7753,California
Yuba,2021-03-02,160,11033,36,3343,124,7690,0,0,80,4646,80,3187,80,7833,California
Yuba,2021-03-03,629,11662,160,3503,469,8159,0,0,201,4420,427,3614,201,8034,California
Yuba,2021-03-04,470,12132,273,3776,197,8356,0,0,327,4605,142,3756,327,8361,California
Yuba,2021-03-05,323,12455,61,3837,261,8617,1,1,255,4793,68,3824,256,8617,California
Yuba,2021-03-06,475,12930,35,3872,436,9053,4,5,368,5059,106,3930,372,8989,California
Yuba,2021-03-07,51,12981,28,3900,22,9075,1,6,36,5081,15,3945,37,9026,California
Yuba,2021-03-08,158,13139,48,3948,94,9169,16,22,99,5137,59,4004,115,9141,California
Yuba,2021-03-09,178,13317,47,3995,111,9280,20,42,84,5147,94,4098,104,9245,California
Yuba,2021-03-10,737,14054,235,4230,472,9752,30,72,234,4908,503,4601,264,9509,California
Yuba,2021-03-11,436,14490,196,4426,228,9980,12,84,293,5070,143,4744,305,9814,California
Yuba,2021-03-12,463,14953,87,4513,323,10303,53,137,151,4962,312,5056,204,10018,California
Yuba,2021-03-13,457,15410,338,4851,104,10407,15,152,359,5239,97,5153,374,10392,California
Yuba,2021-03-14,107,15517,21,4872,76,10483,10,162,46,5236,59,5212,56,10448,California
Yuba,2021-03-15,193,15710,50,4922,127,10610,16,178,98,5255,95,5307,114,10562,California
Yuba,2021-03-16,296,16006,72,4994,200,10810,24,202,184,5352,111,5418,208,10770,California
Yuba,2021-03-17,748,16754,164,5158,553,11363,31,233,197,5032,548,5966,228,10998,California
Yuba,2021-03-18,588,17342,161,5319,314,11677,113,346,357,5270,231,6197,469,11467,California
Yuba,2021-03-19,333,17675,120,5439,159,11836,54,400,187,5365,145,6342,240,11707,California
Yuba,2021-03-20,553,18228,80,5519,455,12291,18,418,473,5777,79,6421,491,12198,California
Yuba,2021-03-21,61,18289,36,5555,25,12316,0,418,48,5812,13,6434,48,12246,California
Yuba,2021-03-22,191,18480,70,5625,114,12430,7,425,149,5926,42,6476,156,12402,California
Yuba,2021-03-23,264,18744,79,5704,159,12589,26,451,178,6046,84,6560,204,12606,California
Yuba,2021-03-24,772,19516,255,5959,436,13025,81,532,187,5731,583,7143,268,12874,California
Yuba,2021-03-25,507,20023,270,6229,215,13240,22,554,254,5754,253,7396,276,13150,California
Yuba,2021-03-26,399,20422,144,6373,226,13466,29,583,226,5837,172,7568,255,13405,California
Yuba,2021-03-27,460,20882,28,6401,429,13895,3,586,405,6190,54,7622,407,13812,California
Yuba,2021-03-28,101,20983,42,6443,55,13950,4,590,34,6161,67,7689,38,13850,California
Yuba,2021-03-29,296,21279,86,6529,178,14128,32,622,179,6255,117,7806,211,14061,California
Yuba,2021-03-30,274,21553,69,6598,197,14325,8,630,189,6367,85,7891,197,14258,California
Yuba,2021-03-31,677,22230,115,6713,550,14875,12,642,244,6192,431,8322,256,14514,California
Yuba,2021-04-01,627,22857,290,7003,307,15182,30,672,292,6179,335,8657,322,14836,California
Yuba,2021-04-02,502,23359,95,7098,324,15506,83,755,185,6130,316,8973,267,15103,California
Yuba,2021-04-03,654,24013,55,7153,117,15623,482,1237,87,6133,566,9539,569,15672,California
Yuba,2021-04-04,59,24072,10,7163,42,15665,7,1244,32,6145,27,9566,39,15711,California
Yuba,2021-04-05,245,24317,79,7242,145,15810,21,1265,124,6170,119,9685,144,15855,California
Yuba,2021-04-06,358,24675,115,7357,182,15992,61,1326,173,6219,184,9869,233,16088,California
Yuba,2021-04-07,787,25462,407,7764,327,16319,53,1379,359,6205,425,10294,411,16499,California
Yuba,2021-04-08,753,26215,291,8055,197,16516,265,1644,282,6281,470,10764,546,17045,California
Yuba,2021-04-09,406,26621,173,8228,166,16682,67,1711,171,6285,234,10998,238,17283,California
Yuba,2021-04-10,594,27215,72,8300,74,16756,448,2159,71,6282,521,11519,518,17801,California
Yuba,2021-04-11,102,27317,24,8324,66,16822,12,2171,43,6279,58,11577,55,17856,California
Yuba,2021-04-12,212,27529,45,8369,137,16959,30,2201,80,6257,131,11708,109,17965,California
Yuba,2021-04-13,400,27929,104,8473,296,17255,0,2201,203,6264,196,11904,203,18168,California
Yuba,2021-04-14,715,28644,109,8582,606,17861,0,2201,128,5806,586,12490,128,18296,California
Yuba,2021-04-15,346,28990,135,8717,211,18072,0,2201,150,5760,196,12686,150,18446,California
Yuba,2021-04-16,342,29332,100,8817,242,18314,0,2201,181,5782,159,12845,181,18627,California
Yuba,2021-04-17,406,29738,60,8877,346,18660,0,2201,334,6045,71,12916,334,18961,California
Yuba,2021-04-18,64,29802,19,8896,45,18705,0,2201,32,6046,31,12947,32,18993,California
Yuba,2021-04-19,247,30049,102,8998,145,18850,0,2201,104,6007,143,13090,104,19097,California
Yuba,2021-04-20,341,30390,103,9101,238,19088,0,2201,187,6044,151,13241,188,19285,California
Yuba,2021-04-21,741,31131,322,9423,419,19507,0,2201,321,5945,420,13661,321,19606,California
Yuba,2021-04-22,376,31507,153,9576,223,19730,0,2201,208,5985,168,13829,208,19814,California
Yuba,2021-04-23,363,31870,127,9703,236,19966,0,2201,173,5971,188,14017,174,19988,California
Yuba,2021-04-24,217,32087,69,9772,148,20114,0,2201,123,6000,94,14111,123,20111,California
Yuba,2021-04-25,72,32159,30,9802,42,20156,0,2201,35,5998,37,14148,35,20146,California
Yuba,2021-04-26,248,32407,66,9868,178,20334,4,2205,113,5980,135,14283,117,20263,California
Yuba,2021-04-27,489,32896,172,10040,307,20641,10,2215,243,5989,244,14527,253,20516,California
Yuba,2021-04-28,450,33346,189,10229,256,20897,5,2220,155,5860,289,14816,160,20676,California
Yuba,2021-04-29,453,33799,89,10318,363,21260,1,2221,162,5733,290,15106,163,20839,California
Yuba,2021-04-30,346,34145,108,10426,208,21468,30,2251,151,5721,193,15299,181,21020,California
Yuba,2021-05-01,207,34352,91,10517,97,21565,19,2270,93,5720,113,15412,112,21132,California
Yuba,2021-05-02,70,34422,39,10556,27,21592,4,2274,38,5730,32,15444,42,21174,California
Yuba,2021-05-03,164,34586,65,10621,90,21682,9,2283,51,5679,111,15555,60,21234,California
Yuba,2021-05-04,339,34925,107,10728,211,21893,21,2304,149,5659,190,15745,170,21404,California
Yuba,2021-05-05,333,35258,95,10823,231,22124,7,2311,117,5567,216,15961,124,21528,California
Yuba,2021-05-06,303,35561,126,10949,139,22263,38,2349,102,5509,198,16159,140,21668,California
Yuba,2021-05-07,360,35921,99,11048,233,22496,28,2377,117,5411,242,16401,144,21812,California
Yuba,2021-05-08,129,36050,56,11104,70,22566,3,2380,55,5395,74,16475,58,21870,California
Yuba,2021-05-09,54,36104,24,11128,27,22593,3,2383,33,5410,21,16496,36,21906,California
Yuba,2021-05-10,174,36278,57,11185,99,22692,18,2401,54,5363,119,16615,72,21978,California
Yuba,2021-05-11,387,36665,176,11361,197,22889,14,2415,141,5273,244,16859,154,22132,California
Yuba,2021-05-12,277,36942,147,11508,122,23011,8,2423,104,5212,173,17032,112,22244,California
Yuba,2021-05-13,364,37306,196,11704,125,23136,43,2466,111,5116,250,17282,154,22398,California
Yuba,2021-05-14,366,37672,138,11842,208,23344,20,2486,152,5073,214,17496,171,22569,California
Yuba,2021-05-15,435,38107,112,11954,302,23646,21,2507,112,4884,321,17817,132,22701,California
Yuba,2021-05-16,148,38255,53,12007,86,23732,9,2516,92,4930,55,17872,101,22802,California
Yuba,2021-05-17,218,38473,91,12098,107,23839,20,2536,91,4916,125,17997,111,22913,California
Yuba,2021-05-18,393,38866,162,12260,222,24061,9,2545,165,4862,228,18225,174,23087,California
Yuba,2021-05-19,260,39126,144,12404,110,24171,6,2551,128,4864,132,18357,134,23221,California
Yuba,2021-05-20,433,39559,305,12709,116,24287,12,2563,259,4962,173,18530,271,23492,California
Yuba,2021-05-21,517,40076,271,12980,238,24525,8,2571,306,5067,209,18739,314,23806,California
Yuba,2021-05-22,225,40301,120,13100,96,24621,9,2580,92,5035,133,18872,101,23907,California
Yuba,2021-05-23,73,40374,41,13141,30,24651,2,2582,37,5039,35,18907,39,23946,California
Yuba,2021-05-24,162,40536,54,13195,91,24742,17,2599,47,4990,114,19021,65,24011,California
Yuba,2021-05-25,317,40853,110,13305,190,24932,17,2616,113,4917,202,19223,129,24140,California
Yuba,2021-05-26,230,41083,98,13403,116,25048,16,2632,83,4870,146,19369,99,24239,California
Yuba,2021-05-27,245,41328,76,13479,158,25206,11,2643,96,4831,146,19515,107,24346,California
Yuba,2021-05-28,248,41576,111,13590,130,25336,7,2650,118,4828,128,19643,125,24471,California
Yuba,2021-05-29,163,41739,67,13657,74,25410,22,2672,87,4862,75,19718,109,24580,California
Yuba,2021-05-30,51,41790,21,13678,25,25435,5,2677,20,4856,31,19749,25,24605,California
Yuba,2021-05-31,31,41821,3,13681,21,25456,7,2684,11,4854,20,19769,18,24623,California
Yuba,2021-06-01,246,42067,107,13788,132,25588,7,2691,83,4784,159,19928,89,24712,California
Yuba,2021-06-02,201,42268,82,13870,112,25700,7,2698,61,4714,139,20067,69,24781,California
Yuba,2021-06-03,179,42447,105,13975,68,25768,6,2704,65,4672,113,20180,71,24852,California
Yuba,2021-06-04,242,42689,120,14095,113,25881,9,2713,80,4599,162,20342,89,24941,California
Yuba,2021-06-05,198,42887,149,14244,43,25924,6,2719,88,4584,109,20451,94,25035,California
Yuba,2021-06-06,105,42992,89,14333,13,25937,3,2722,19,4521,85,20536,22,25057,California
Yuba,2021-06-07,118,43110,50,14383,52,25989,16,2738,38,4495,80,20616,54,25111,California
Yuba,2021-06-08,243,43353,113,14496,123,26112,7,2745,70,4401,171,20787,77,25188,California
Yuba,2021-06-09,171,43524,104,14600,61,26173,6,2751,74,4385,96,20883,80,25268,California
Yuba,2021-06-10,377,43901,302,14902,66,26239,9,2760,93,4205,282,21165,102,25370,California
Yuba,2021-06-11,329,44230,235,15137,82,26321,12,2772,66,4021,263,21428,79,25449,California
Yuba,2021-06-12,132,44362,89,15226,37,26358,6,2778,37,3969,95,21523,43,25492,California
Yuba,2021-06-13,47,44409,22,15248,22,26380,3,2781,13,3951,34,21557,16,25508,California
Yuba,2021-06-14,111,44520,53,15301,48,26428,10,2791,30,3911,80,21637,40,25548,California
Yuba,2021-06-15,240,44760,98,15399,134,26562,8,2799,89,3859,149,21786,97,25645,California
Yuba,2021-06-16,153,44913,91,15490,51,26613,11,2810,72,3864,78,21864,83,25728,California
Yuba,2021-06-17,194,45107,113,15603,69,26682,12,2822,83,3848,111,21975,95,25823,California
Yuba,2021-06-18,223,45330,111,15714,90,26772,22,2844,70,3789,151,22126,92,25915,California
Yuba,2021-06-19,140,45470,71,15785,62,26834,7,2851,37,3730,103,22229,44,25959,California
Yuba,2021-06-20,33,45503,19,15804,11,26845,3,2854,13,3726,20,22249,16,25975,California
Yuba,2021-06-21,86,45589,38,15842,39,26884,9,2863,41,3734,41,22290,49,26024,California
Yuba,2021-06-22,172,45761,73,15915,89,26973,10,2873,69,3711,102,22392,79,26103,California
Yuba,2021-06-23,113,45874,65,15980,43,27016,5,2878,48,3699,65,22457,53,26156,California
Yuba,2021-06-24,130,46004,81,16061,43,27059,6,2884,53,3681,77,22534,59,26215,California
Yuba,2021-06-25,152,46156,84,16145,62,27121,6,2890,69,3673,83,22617,75,26290,California
Yuba,2021-06-26,116,46272,88,16233,26,27147,2,2892,28,3615,88,22705,30,26320,California
Yuba,2021-06-27,37,46309,17,16250,18,27165,2,2894,21,3622,16,22721,23,26343,California
