county,administered_date,total_doses,cumulative_total_doses,pfizer_doses,cumulative_pfizer_doses,moderna_doses,cumulative_moderna_doses,jj_doses,cumulative_jj_doses,partially_vaccinated,total_partially_vaccinated,fully_vaccinated,cumulative_fully_vaccinated,at_least_one_dose,cumulative_at_least_one_dose,california_flag
All CA Counties,2020-12-15,1148,1148,1148,1148,0,0,0,0,1148,1148,0,0,1148,1148,
All CA Counties,2020-12-16,8435,9583,8435,9583,0,0,0,0,8435,9583,0,0,8435,9583,
All CA Counties,2020-12-17,26408,35991,26408,35991,0,0,0,0,26410,35993,0,0,26410,35993,
All CA Counties,2020-12-18,44728,80719,44672,80663,56,56,0,0,44728,80720,1,1,44728,80721,
All CA Counties,2020-12-19,25317,106036,25292,105955,25,81,0,0,25316,106035,1,2,25316,106037,
All CA Counties,2020-12-20,19004,125040,18977,124932,27,108,0,0,19003,125037,1,3,19003,125040,
All CA Counties,2020-12-21,49644,174684,49553,174485,91,199,0,0,49645,174680,3,6,49646,174686,
All CA Counties,2020-12-22,50030,224714,47897,222382,2133,2332,0,0,50024,224702,2,8,50024,224710,
All CA Counties,2020-12-23,50570,275284,41773,264155,8797,11129,0,0,50563,275263,5,13,50566,275276,
All CA Counties,2020-12-24,24060,299344,16327,280482,7733,18862,0,0,24054,299314,5,18,24056,299332,
All CA Counties,2020-12-25,2342,301686,2018,282500,324,19186,0,0,2342,301656,0,18,2342,301674,
All CA Counties,2020-12-26,14586,316272,9436,291936,5150,24336,0,0,14584,316238,2,20,14584,316258,
All CA Counties,2020-12-27,9441,325713,5591,297527,3850,28186,0,0,9438,325673,3,23,9438,325696,
All CA Counties,2020-12-28,46008,371721,29466,326993,16542,44728,0,0,46005,371675,3,26,46005,371701,
All CA Counties,2020-12-29,51219,422940,28544,355537,22675,67403,0,0,51213,422884,4,30,51213,422914,
All CA Counties,2020-12-30,63041,485981,35595,391132,27446,94849,0,0,63031,485910,8,38,63034,485948,
All CA Counties,2020-12-31,29510,515491,10908,402040,18602,113451,0,0,29491,515385,17,55,29492,515440,
All CA Counties,2021-01-01,4381,519872,1976,404016,2405,115856,0,0,4373,519751,7,62,4373,519813,
All CA Counties,2021-01-02,18497,538369,10232,414248,8265,124121,0,0,18496,538247,0,62,18496,538309,
All CA Counties,2021-01-03,6182,544551,3498,417746,2684,126805,0,0,6149,544383,13,75,6149,544458,
All CA Counties,2021-01-04,43590,588141,22063,439809,21527,148332,0,0,43512,587855,40,115,43512,587970,
All CA Counties,2021-01-05,56620,644761,29842,469651,26778,175110,0,0,51069,633523,5495,5610,51163,639133,
All CA Counties,2021-01-06,73453,718214,40531,510182,32922,208032,0,0,57866,676020,15406,21016,57903,697036,
All CA Counties,2021-01-07,92137,810351,52392,562574,39745,247777,0,0,61051,706214,30914,51930,61108,758144,
All CA Counties,2021-01-08,106849,917200,64170,626744,42679,290456,0,0,65149,729872,41558,93488,65216,823360,
All CA Counties,2021-01-09,44437,961637,25557,652301,18880,309336,0,0,27822,741136,16585,110073,27849,851209,
All CA Counties,2021-01-10,24339,985976,14867,667168,9472,318808,0,0,13095,743023,11227,121300,13114,864323,
All CA Counties,2021-01-11,104613,1090589,69592,736760,35021,353829,0,0,60682,759992,43887,165187,60856,925179,
All CA Counties,2021-01-12,113741,1204330,67348,804108,46393,400222,0,0,72483,791594,41155,206342,72757,997936,
All CA Counties,2021-01-13,119346,1323676,61919,866027,57427,457649,0,0,85465,843395,33793,240135,85594,1083530,
All CA Counties,2021-01-14,124106,1447782,49822,915849,74284,531933,0,0,104386,928445,19617,259752,104667,1188197,
All CA Counties,2021-01-15,142059,1589841,51857,967706,90202,622135,0,0,126978,1040647,14990,274742,127192,1315389,
All CA Counties,2021-01-16,80626,1670467,27415,995121,53211,675346,0,0,73027,1106172,7570,282312,73095,1388484,
All CA Counties,2021-01-17,48286,1718753,16884,1012005,31402,706748,0,0,44617,1147179,3657,285969,44664,1433148,
All CA Counties,2021-01-18,88259,1807012,46089,1058094,42170,748918,0,0,68921,1197006,19262,305231,69089,1502237,
All CA Counties,2021-01-19,142172,1949184,73724,1131818,68448,817366,0,0,110947,1277153,31130,336361,111277,1613514,
All CA Counties,2021-01-20,160867,2110051,82123,1213941,78744,896110,0,0,127151,1371078,33491,369852,127416,1740930,
All CA Counties,2021-01-21,173934,2283985,77081,1291022,96853,992963,0,0,154757,1507254,18956,388808,155132,1896062,
All CA Counties,2021-01-22,169986,2453971,69360,1360382,100626,1093589,0,0,155645,1648847,14201,403009,155794,2051856,
All CA Counties,2021-01-23,111580,2565551,49533,1409915,62047,1155636,0,0,99024,1735491,12498,415507,99142,2150998,
All CA Counties,2021-01-24,60970,2626521,29468,1439383,31502,1187138,0,0,56305,1787226,4634,420141,56369,2207367,
All CA Counties,2021-01-25,145381,2771902,65434,1504817,79947,1267085,0,0,110115,1862576,35134,455275,110484,2317851,
All CA Counties,2021-01-26,169313,2941215,83135,1587952,86178,1353263,0,0,131641,1956955,37534,492809,131913,2449764,
All CA Counties,2021-01-27,182983,3124198,88031,1675983,94952,1448215,0,0,143448,2061419,39207,532016,143671,2593435,
All CA Counties,2021-01-28,188580,3312778,87057,1763040,101523,1549738,0,0,154300,2181972,33986,566002,154539,2747974,
All CA Counties,2021-01-29,184259,3497037,88595,1851635,95664,1645402,0,0,149476,2297431,34205,600207,149664,2897638,
All CA Counties,2021-01-30,124077,3621114,55994,1907629,68083,1713485,0,0,108594,2390861,15312,615519,108742,3006380,
All CA Counties,2021-01-31,69348,3690462,38900,1946529,30448,1743933,0,0,64536,2450691,4763,620282,64593,3070973,
All CA Counties,2021-02-01,162024,3852486,75980,2022509,86044,1829977,0,0,121252,2531475,40603,660885,121387,3192360,
All CA Counties,2021-02-02,185461,4037947,78111,2100620,107350,1937327,0,0,140952,2628426,44225,705110,141176,3333536,
All CA Counties,2021-02-03,211007,4248954,95569,2196189,115438,2052765,0,0,156585,2731341,53923,759033,156838,3490374,
All CA Counties,2021-02-04,227997,4476951,99913,2296102,128084,2180849,0,0,167346,2838940,60111,819144,167710,3658084,
All CA Counties,2021-02-05,246351,4723302,106559,2402661,139792,2320641,0,0,167444,2928828,78100,897244,167988,3826072,
All CA Counties,2021-02-06,155153,4878455,75199,2477860,79954,2400595,0,0,120350,3015039,34634,931878,120845,3946917,
All CA Counties,2021-02-07,67168,4945623,43542,2521402,23626,2424221,0,0,50717,3049838,16370,948248,51169,3998086,
All CA Counties,2021-02-08,181669,5127292,89650,2611052,92019,2516240,0,0,120026,3109413,61204,1009452,120779,4118865,
All CA Counties,2021-02-09,211620,5338912,102425,2713477,109195,2625435,0,0,126913,3153230,84250,1093702,128067,4246932,
All CA Counties,2021-02-10,248820,5587732,119916,2833393,128904,2754339,0,0,138182,3183071,109823,1203525,139664,4386596,
All CA Counties,2021-02-11,265763,5853495,131662,2965055,134101,2888440,0,0,145285,3210801,119351,1322876,147081,4533677,
All CA Counties,2021-02-12,272566,6126061,119442,3084497,153124,3041564,0,0,147119,3235737,124562,1447438,149498,4683175,
All CA Counties,2021-02-13,166790,6292851,77384,3161881,89406,3130970,0,0,92115,3255504,74299,1521737,94066,4777241,
All CA Counties,2021-02-14,95362,6388213,47455,3209336,47907,3178877,0,0,51595,3265047,43595,1565332,53138,4830379,
All CA Counties,2021-02-15,142524,6530737,62538,3271874,79986,3258863,0,0,78804,3283633,63343,1628675,81929,4912308,
All CA Counties,2021-02-16,249249,6779986,118396,3390270,130853,3389716,0,0,133196,3304262,115669,1744344,136298,5048606,
All CA Counties,2021-02-17,259451,7039437,129191,3519461,130260,3519976,0,0,129100,3306772,129800,1874144,132310,5180916,
All CA Counties,2021-02-18,273203,7312640,142570,3662031,130633,3650609,0,0,131993,3302513,140484,2014628,136225,5317141,
All CA Counties,2021-02-19,253582,7566222,147134,3809165,106448,3757057,0,0,130748,3313025,122327,2136955,132839,5449980,
All CA Counties,2021-02-20,153945,7720167,98664,3907829,55281,3812338,0,0,84619,3330573,69055,2206010,86603,5536583,
All CA Counties,2021-02-21,83034,7803201,68786,3976615,14248,3826586,0,0,41701,3332752,41074,2247084,43253,5579836,
All CA Counties,2021-02-22,165043,7968244,110564,4087179,54479,3881065,0,0,82594,3334951,82120,2329204,84319,5664155,
All CA Counties,2021-02-23,226667,8194911,119955,4207134,106712,3987777,0,0,105581,3326052,120474,2449678,111575,5775730,
All CA Counties,2021-02-24,284308,8479219,143841,4350975,140467,4128244,0,0,134987,3319899,148688,2598366,142535,5918265,
All CA Counties,2021-02-25,322986,8802205,159472,4510447,163514,4291758,0,0,169125,3344423,153156,2751522,177680,6095945,
All CA Counties,2021-02-26,357442,9159647,166644,4677091,190798,4482556,0,0,198978,3393147,157536,2909058,206260,6302205,
All CA Counties,2021-02-27,253802,9413449,123638,4800729,130141,4612697,23,23,144151,3432719,109015,3018073,148587,6450792,
All CA Counties,2021-02-28,135359,9548808,81235,4881964,54114,4666811,10,33,79584,3459816,55337,3073410,82434,6533226,
All CA Counties,2021-03-01,244561,9793369,130629,5012593,113818,4780629,114,147,140921,3502007,102854,3176264,145045,6678271,
All CA Counties,2021-03-02,289706,10083075,146551,5159144,143129,4923758,26,173,174655,3569053,114523,3290787,181569,6859840,
All CA Counties,2021-03-03,332843,10415918,165180,5324324,167601,5091359,62,235,191639,3627544,140504,3431291,198995,7058835,
All CA Counties,2021-03-04,351973,10767891,178258,5502582,173621,5264980,94,329,206572,3696603,144636,3575927,213695,7272530,
All CA Counties,2021-03-05,340030,11107921,167302,5669884,171603,5436583,1125,1454,211636,3789060,127571,3703498,220028,7492558,
All CA Counties,2021-03-06,259763,11367684,133399,5803283,118509,5555092,7855,9309,161585,3865452,97752,3801250,174144,7666702,
All CA Counties,2021-03-07,128036,11495720,78651,5881934,45225,5600317,4160,13469,80258,3905957,47590,3848840,88095,7754797,
All CA Counties,2021-03-08,219379,11715099,106473,5988407,102403,5702720,10503,23972,143630,3989699,75356,3924196,159098,7913895,
All CA Counties,2021-03-09,291840,12006939,139541,6127948,136356,5839076,15943,39915,163813,4045966,127536,4051732,183803,8097698,
All CA Counties,2021-03-10,322932,12329871,161110,6289058,137349,5976425,24473,64388,175118,4102577,147144,4198876,203755,8301453,
All CA Counties,2021-03-11,376789,12706660,182156,6471214,161310,6137735,33323,97711,193621,4151511,182217,4381093,231151,8532604,
All CA Counties,2021-03-12,395484,13102144,176788,6648002,172401,6310136,46295,144006,194097,4195513,200572,4581665,244574,8777178,
All CA Counties,2021-03-13,283750,13385894,124956,6772958,127662,6437798,31132,175138,153331,4254264,129959,4711624,188710,8965888,
All CA Counties,2021-03-14,155070,13540964,83363,6856321,56607,6494405,15100,190238,78635,4274121,76143,4787767,96000,9061888,
All CA Counties,2021-03-15,290811,13831775,138974,6995295,131228,6625633,20609,210847,158129,4324333,131925,4919692,182137,9244025,
All CA Counties,2021-03-16,370457,14202232,174046,7169341,179114,6804747,17297,228144,214693,4404514,155013,5074705,235194,9479219,
All CA Counties,2021-03-17,383823,14586055,189834,7359175,175419,6980166,18570,246714,237607,4517849,145373,5220078,258708,9737927,
All CA Counties,2021-03-18,400943,14986998,205360,7564535,177544,7157710,18039,264753,237620,4613437,162218,5382296,257806,9995733,
All CA Counties,2021-03-19,410959,15397957,216037,7780572,173294,7331004,21628,286381,238261,4703693,171712,5554008,261968,10257701,
All CA Counties,2021-03-20,294972,15692929,155146,7935718,123944,7454948,15882,302263,186167,4799108,108136,5662144,203551,10461252,
All CA Counties,2021-03-21,143813,15836742,99414,8035132,36863,7491811,7536,309799,88278,4841155,55157,5717301,97204,10558456,
All CA Counties,2021-03-22,273324,16110066,159123,8194255,102974,7594785,11227,321026,177506,4937911,95023,5812324,191779,10750235,
All CA Counties,2021-03-23,357345,16467411,196672,8390927,149594,7744379,11079,332105,219350,5033875,137059,5949383,233023,10983258,
All CA Counties,2021-03-24,387753,16855164,222051,8612978,153181,7897560,12521,344626,225828,5113637,160682,6110065,240444,11223702,
All CA Counties,2021-03-25,417998,17273162,230336,8843314,172778,8070338,14884,359510,236884,5187780,179783,6289848,253926,11477628,
All CA Counties,2021-03-26,435143,17708305,232797,9076111,186255,8256593,16091,375601,234858,5242522,199052,6488900,253794,11731422,
All CA Counties,2021-03-27,312790,18021095,166451,9242562,134562,8391155,11777,387378,157638,5259859,154324,6643224,171661,11903083,
All CA Counties,2021-03-28,169428,18190523,109092,9351654,56748,8447903,3588,390966,88496,5273635,80476,6723700,94252,11997335,
All CA Counties,2021-03-29,310407,18500930,167125,9518779,134242,8582145,9040,400006,172638,5320835,136983,6860683,184183,12181518,
All CA Counties,2021-03-30,398538,18899468,201922,9720701,178388,8760533,18228,418234,224261,5391621,173471,7034154,244257,12425775,
All CA Counties,2021-03-31,426383,19325851,232045,9952746,172653,8933186,21685,439919,238270,5465525,187062,7221216,260966,12686741,
All CA Counties,2021-04-01,492306,19818157,252175,10204921,199844,9133030,40287,480206,271836,5559722,219057,7440273,313254,12999995,
All CA Counties,2021-04-02,473892,20292049,231087,10436008,199610,9332640,43195,523401,257537,5646960,215101,7655374,302339,13302334,
All CA Counties,2021-04-03,329609,20621658,167921,10603929,120233,9452873,41455,564856,164384,5689354,164562,7819936,206956,13509290,
All CA Counties,2021-04-04,132511,20754169,69124,10673053,44343,9497216,19044,583900,58061,5692463,74140,7894076,77249,13586539,
All CA Counties,2021-04-05,353333,21107502,182121,10855174,131470,9628686,39742,623642,174088,5730175,178535,8072611,216247,13802786,
All CA Counties,2021-04-06,457521,21565023,231888,11087062,160085,9788771,65548,689190,221927,5784900,234639,8307250,289364,14092150,
All CA Counties,2021-04-07,472355,22037378,245175,11332237,157209,9945980,69971,759161,230301,5845069,241082,8548332,301251,14393401,
All CA Counties,2021-04-08,500025,22537403,252149,11584386,163448,10109428,84428,843589,235690,5904248,263133,8811465,322312,14715713,
All CA Counties,2021-04-09,494805,23032208,246626,11831012,168310,10277738,79869,923458,228199,5949848,265505,9076970,311105,15026818,
All CA Counties,2021-04-10,367605,23399813,168097,11999109,125210,10402948,74298,997756,154480,5968917,212360,9289330,231429,15258247,
All CA Counties,2021-04-11,187646,23587459,105300,12104409,48164,10451112,34182,1031938,77696,5974026,109594,9398924,114703,15372950,
All CA Counties,2021-04-12,339991,23927450,174488,12278897,127340,10578452,38163,1070101,157634,5991973,181373,9580297,199320,15572270,
All CA Counties,2021-04-13,433133,24360583,242332,12521229,189846,10768298,955,1071056,242284,6048464,189828,9770125,246319,15818589,
All CA Counties,2021-04-14,452606,24813189,253717,12774946,198598,10966896,291,1071347,236769,6075468,214643,9984768,241647,16060236,
All CA Counties,2021-04-15,492505,25305694,286801,13061747,205418,11172314,286,1071633,276614,6140831,214445,10199213,279808,16340044,
All CA Counties,2021-04-16,475153,25780847,267364,13329111,207481,11379795,308,1071941,253664,6177129,220272,10419485,256570,16596614,
All CA Counties,2021-04-17,341241,26122088,191125,13520236,150052,11529847,64,1072005,193929,6227805,146478,10565963,197154,16793768,
All CA Counties,2021-04-18,154401,26276489,98044,13618280,56339,11586186,18,1072023,79419,6235685,74572,10640535,82452,16876220,
All CA Counties,2021-04-19,317282,26593771,183129,13801409,134062,11720248,91,1072114,150015,6221311,166364,10806899,151990,17028210,
All CA Counties,2021-04-20,406479,27000250,216312,14017721,190097,11910345,70,1072184,202468,6223962,202979,11009878,205630,17233840,
All CA Counties,2021-04-21,419855,27420105,237905,14255626,181687,12092032,263,1072447,201797,6212505,216646,11226524,205189,17439029,
All CA Counties,2021-04-22,446181,27866286,254208,14509834,191899,12283931,74,1072521,199165,6169310,245640,11472164,202445,17641474,
All CA Counties,2021-04-23,437524,28303810,249136,14758970,188300,12472231,88,1072609,198017,6132637,238104,11710268,201431,17842905,
All CA Counties,2021-04-24,325143,28628953,204827,14963797,120142,12592373,174,1072783,165279,6142452,158901,11869169,168716,18011621,
All CA Counties,2021-04-25,149388,28778341,98502,15062299,50819,12643192,67,1072850,80365,6155760,68567,11937736,81875,18093496,
All CA Counties,2021-04-26,299381,29077722,173041,15235340,124819,12768011,1521,1074371,131083,6125650,167306,12105042,137196,18230692,
All CA Counties,2021-04-27,366666,29444388,202393,15437733,157687,12925698,6586,1080957,147660,6065282,217862,12322904,157494,18388186,
All CA Counties,2021-04-28,352083,29796471,201551,15639284,142627,13068325,7905,1088862,145333,6015187,205658,12528562,155563,18543749,
All CA Counties,2021-04-29,360177,30156648,207408,15846692,144884,13213209,7885,1096747,131748,5929409,227257,12755819,141479,18685228,
All CA Counties,2021-04-30,372027,30528675,213213,16059905,149926,13363135,8888,1105635,140542,5850561,230222,12986041,151374,18836602,
All CA Counties,2021-05-01,247471,30776146,158252,16218157,83165,13446300,6054,1111689,89780,5791756,156857,13142898,98052,18934654,
All CA Counties,2021-05-02,116801,30892947,81634,16299791,31294,13477594,3873,1115562,40890,5761376,75516,13218414,45136,18979790,
All CA Counties,2021-05-03,252100,31145047,155091,16454882,88327,13565921,8682,1124244,76674,5672998,174589,13393003,86211,19066001,
All CA Counties,2021-05-04,325230,31470277,198183,16653065,117307,13683228,9740,1133984,96160,5552046,228011,13621014,107059,19173060,
All CA Counties,2021-05-05,329274,31799551,204620,16857685,114654,13797882,10000,1143984,92990,5420938,235079,13856093,103971,19277031,
All CA Counties,2021-05-06,348100,32147651,227055,17084740,110516,13908398,10529,1154513,88478,5264459,257988,14114081,101509,19378540,
All CA Counties,2021-05-07,345513,32493164,216654,17301394,119034,14027432,9825,1164338,93972,5119291,250188,14364269,105020,19483560,
All CA Counties,2021-05-08,223784,32716948,141869,17443263,75231,14102663,6684,1171022,61703,5027961,161170,14525439,69840,19553400,
All CA Counties,2021-05-09,93259,32810207,70295,17513558,19997,14122660,2967,1173989,25462,4989362,67471,14592910,28872,19582272,
All CA Counties,2021-05-10,201171,33011378,114567,17628125,78833,14201493,7771,1181760,50365,4898772,150014,14742924,59424,19641696,
All CA Counties,2021-05-11,264443,33275821,148159,17776284,107716,14309209,8568,1190328,70311,4786202,193210,14936134,80640,19722336,
All CA Counties,2021-05-12,265067,33540888,153728,17930012,102296,14411505,9043,1199371,75230,4682866,188820,15124954,85484,19807820,
All CA Counties,2021-05-13,308589,33849477,199139,18129151,102144,14513649,7306,1206677,117911,4621229,189575,15314529,127938,19935758,
All CA Counties,2021-05-14,332386,34181863,212507,18341658,111121,14624770,8758,1215435,131308,4563473,199923,15514452,142167,20077925,
All CA Counties,2021-05-15,274370,34456233,191845,18533503,76590,14701360,5935,1221370,112832,4522487,160705,15675157,119719,20197644,
All CA Counties,2021-05-16,135893,34592126,104279,18637782,28701,14730061,2913,1224283,55169,4500675,80293,15755450,58481,20256125,
All CA Counties,2021-05-17,237343,34829469,156424,18794206,73586,14803647,7333,1231616,95651,4463691,140833,15896283,103849,20359974,
All CA Counties,2021-05-18,278486,35107955,169790,18963996,101359,14905006,7337,1238953,110356,4415770,167023,16063306,119102,20479076,
All CA Counties,2021-05-19,272880,35380835,170652,19134648,94734,14999740,7494,1246447,114737,4381990,157129,16220435,123349,20602425,
All CA Counties,2021-05-20,260032,35640867,155433,19290081,96509,15096249,8090,1254537,101486,4335860,157441,16377876,111311,20713736,
All CA Counties,2021-05-21,279830,35920697,172387,19462468,99521,15195770,7922,1262459,108581,4283749,170042,16547918,117931,20831667,
All CA Counties,2021-05-22,201342,36122039,133301,19595769,61962,15257732,6079,1268538,85634,4261889,114942,16662860,93082,20924749,
All CA Counties,2021-05-23,85898,36207937,59723,19655492,23496,15281228,2679,1271217,37547,4254667,47962,16710822,40740,20965489,
All CA Counties,2021-05-24,166038,36373975,96437,19751929,61353,15342581,8248,1279465,62845,4224189,102408,16813230,71930,21037419,
All CA Counties,2021-05-25,188001,36561976,110663,19862592,69400,15411981,7938,1287403,72318,4190865,114705,16927935,81381,21118800,
All CA Counties,2021-05-26,182450,36744426,105006,19967598,69670,15481651,7774,1295177,72151,4162424,109243,17037178,80802,21199602,
All CA Counties,2021-05-27,170617,36915043,97546,20065144,64599,15546250,8472,1303649,69951,4142169,99859,17137037,79604,21279206,
All CA Counties,2021-05-28,186347,37101390,107813,20172957,71536,15617786,6998,1310647,81359,4127729,104098,17241135,89658,21368864,
All CA Counties,2021-05-29,105661,37207051,65003,20237960,36903,15654689,3755,1314402,50709,4128344,54438,17295573,55053,21423917,
All CA Counties,2021-05-30,46713,37253764,30864,20268824,13408,15668097,2441,1316843,21054,4126676,25437,17321010,23769,21447686,
All CA Counties,2021-05-31,19754,37273518,11679,20280503,7100,15675197,975,1317818,6560,4121282,13065,17334075,7671,21455357,
All CA Counties,2021-06-01,166713,37440231,97562,20378065,62175,15737372,6976,1324794,62236,4087981,103544,17437619,70243,21525600,
All CA Counties,2021-06-02,141072,37581303,83600,20461665,50423,15787795,7049,1331843,54776,4065173,85429,17523048,62621,21588221,
All CA Counties,2021-06-03,169100,37750403,115810,20577475,46333,15834128,6957,1338800,53752,4012451,114560,17637608,61838,21650059,
All CA Counties,2021-06-04,196823,37947226,139002,20716477,51754,15885882,6067,1344867,61709,3948093,134125,17771733,69767,21719826,
All CA Counties,2021-06-05,154443,38101669,117043,20833520,32366,15918248,5034,1349901,44918,3890343,108773,17880506,51023,21770849,
All CA Counties,2021-06-06,62111,38163780,52247,20885767,7691,15925939,2173,1352074,18375,3868339,43453,17923959,21449,21792298,
All CA Counties,2021-06-07,134119,38297899,98549,20984316,29799,15955738,5771,1357845,40579,3822572,92970,18016929,47203,21839501,
All CA Counties,2021-06-08,154146,38452045,111988,21096304,35550,15991288,6608,1364453,46889,3770882,106419,18123348,54729,21894230,
All CA Counties,2021-06-09,117280,38569325,84849,21181153,26806,16018094,5625,1370078,31322,3723163,85328,18208676,37609,21931839,
All CA Counties,2021-06-10,111417,38680742,80210,21261363,25105,16043199,6102,1376180,32128,3683504,78736,18287412,39077,21970916,
All CA Counties,2021-06-11,104143,38784885,70899,21332262,28099,16071298,5145,1381325,30750,3647158,72783,18360195,36437,22007353,
All CA Counties,2021-06-12,81223,38866108,63329,21395591,15106,16086404,2788,1384113,21352,3612221,59474,18419669,24537,22031890,
All CA Counties,2021-06-13,14597,38880705,11526,21407117,2220,16088624,851,1384964,3827,3606219,10683,18430352,4681,22036571,
All CA and Non-CA Counties,2020-12-15,1156,1156,1156,1156,0,0,0,0,1156,1156,0,0,1156,1156,
All CA and Non-CA Counties,2020-12-16,8710,9866,8710,9866,0,0,0,0,8710,9866,0,0,8710,9866,
All CA and Non-CA Counties,2020-12-17,28018,37884,28018,37884,0,0,0,0,28018,37884,0,0,28018,37884,
All CA and Non-CA Counties,2020-12-18,47281,85165,47218,85102,63,63,0,0,47280,85163,1,1,47280,85164,
All CA and Non-CA Counties,2020-12-19,26354,111519,26328,111430,26,89,0,0,26353,111515,1,2,26353,111517,
All CA and Non-CA Counties,2020-12-20,19684,131203,19654,131084,30,119,0,0,19683,131197,1,3,19683,131200,
All CA and Non-CA Counties,2020-12-21,51837,183040,51743,182827,94,213,0,0,51834,183029,3,6,51835,183035,
All CA and Non-CA Counties,2020-12-22,52099,235139,49891,232718,2208,2421,0,0,52093,235120,2,8,52093,235128,
All CA and Non-CA Counties,2020-12-23,52108,287247,43167,275885,8941,11362,0,0,52100,287217,6,14,52103,287231,
All CA and Non-CA Counties,2020-12-24,24867,312114,16942,292827,7925,19287,0,0,24861,312075,5,19,24863,312094,
All CA and Non-CA Counties,2020-12-25,2377,314491,2048,294875,329,19616,0,0,2377,314452,0,19,2377,314471,
All CA and Non-CA Counties,2020-12-26,14893,329384,9641,304516,5252,24868,0,0,14891,329341,2,21,14891,329362,
All CA and Non-CA Counties,2020-12-27,9630,339014,5663,310179,3967,28835,0,0,9627,338965,3,24,9627,338989,
All CA and Non-CA Counties,2020-12-28,47419,386433,30365,340544,17054,45889,0,0,47416,386378,3,27,47416,386405,
All CA and Non-CA Counties,2020-12-29,52763,439196,29567,370111,23196,69085,0,0,52757,439131,4,31,52757,439162,
All CA and Non-CA Counties,2020-12-30,64978,504174,36877,406988,28101,97186,0,0,64968,504094,8,39,64971,504133,
All CA and Non-CA Counties,2020-12-31,30616,534790,11511,418499,19105,116291,0,0,30595,534672,18,57,30596,534729,
All CA and Non-CA Counties,2021-01-01,4494,539284,2001,420500,2493,118784,0,0,4486,539151,7,64,4486,539215,
All CA and Non-CA Counties,2021-01-02,18742,558026,10367,430867,8375,127159,0,0,18740,557890,1,65,18740,557955,
All CA and Non-CA Counties,2021-01-03,6354,564380,3589,434456,2765,129924,0,0,6321,564198,13,78,6321,564276,
All CA and Non-CA Counties,2021-01-04,44740,609120,22573,457029,22167,152091,0,0,44657,608814,41,119,44657,608933,
All CA and Non-CA Counties,2021-01-05,58172,667292,30667,487696,27505,179596,0,0,52427,655649,5687,5806,52522,661455,
All CA and Non-CA Counties,2021-01-06,76147,743439,42125,529821,34022,213618,0,0,59821,699365,16142,21948,59858,721313,
All CA and Non-CA Counties,2021-01-07,96353,839792,54995,584816,41358,254976,0,0,63609,730464,32570,54518,63669,784982,
All CA and Non-CA Counties,2021-01-08,111344,951136,67084,651900,44260,299236,0,0,67760,754863,43433,97951,67832,852814,
All CA and Non-CA Counties,2021-01-09,45741,996877,26090,677990,19651,318887,0,0,28799,766779,16912,114863,28828,881642,
All CA and Non-CA Counties,2021-01-10,24640,1021517,15051,693041,9589,328476,0,0,13273,768721,11350,126213,13292,894934,
All CA and Non-CA Counties,2021-01-11,107917,1129434,71621,764662,36296,364772,0,0,62645,786315,45227,171440,62821,957755,
All CA and Non-CA Counties,2021-01-12,117594,1247028,69661,834323,47933,412705,0,0,74788,818685,42698,214138,75068,1032823,
All CA and Non-CA Counties,2021-01-13,123018,1370046,63732,898055,59286,471991,0,0,87947,871780,34984,249122,88079,1120902,
All CA and Non-CA Counties,2021-01-14,127819,1497865,51109,949164,76710,548701,0,0,107451,959266,20252,269374,107738,1228640,
All CA and Non-CA Counties,2021-01-15,146257,1644122,52865,1002029,93392,642093,0,0,130701,1074729,15452,284826,130915,1359555,
All CA and Non-CA Counties,2021-01-16,83316,1727438,27808,1029837,55508,697601,0,0,75541,1142594,7744,292570,75609,1435164,
All CA and Non-CA Counties,2021-01-17,48791,1776229,17039,1046876,31752,729353,0,0,45072,1184006,3707,296277,45119,1480283,
All CA and Non-CA Counties,2021-01-18,89489,1865718,46881,1093757,42608,771961,0,0,69696,1234154,19716,315993,69864,1550147,
All CA and Non-CA Counties,2021-01-19,146292,2012010,75062,1168819,71230,843191,0,0,114170,1316631,32026,348019,114503,1664650,
All CA and Non-CA Counties,2021-01-20,165352,2177362,83606,1252425,81746,924937,0,0,130640,1413054,34484,382503,130907,1795557,
All CA and Non-CA Counties,2021-01-21,178161,2355523,78263,1330688,99898,1024835,0,0,158412,1552328,19513,402016,158787,1954344,
All CA and Non-CA Counties,2021-01-22,174592,2530115,70479,1401167,104113,1128948,0,0,159840,1697712,14607,416623,159991,2114335,
All CA and Non-CA Counties,2021-01-23,113811,2643926,49873,1451040,63938,1192886,0,0,101090,1786257,12663,429286,101208,2215543,
All CA and Non-CA Counties,2021-01-24,61555,2705481,29705,1480745,31850,1224736,0,0,56812,1838420,4713,433999,56876,2272419,
All CA and Non-CA Counties,2021-01-25,149839,2855320,67358,1548103,82481,1307217,0,0,113704,1916495,35999,469998,114074,2386493,
All CA and Non-CA Counties,2021-01-26,175142,3030462,85953,1634056,89189,1396406,0,0,136616,2015000,38390,508388,136895,2523388,
All CA and Non-CA Counties,2021-01-27,187745,3218207,90469,1724525,97276,1493682,0,0,147578,2122968,39835,548223,147803,2671191,
All CA and Non-CA Counties,2021-01-28,193613,3411820,89740,1814265,103873,1597555,0,0,158740,2247376,34571,582794,158979,2830170,
All CA and Non-CA Counties,2021-01-29,189003,3600823,91531,1905796,97472,1695027,0,0,153424,2365991,34998,617792,153613,2983783,
All CA and Non-CA Counties,2021-01-30,128269,3729092,58183,1963979,70086,1765113,0,0,112557,2463154,15543,633335,112706,3096489,
All CA and Non-CA Counties,2021-01-31,72148,3801240,41298,2005277,30850,1795963,0,0,67282,2525677,4817,638152,67340,3163829,
All CA and Non-CA Counties,2021-02-01,167356,3968596,78439,2083716,88917,1884880,0,0,125860,2610352,41320,679472,125995,3289824,
All CA and Non-CA Counties,2021-02-02,192030,4160626,80157,2163873,111873,1996753,0,0,146801,2712439,44938,724410,147025,3436849,
All CA and Non-CA Counties,2021-02-03,218175,4378801,97512,2261385,120663,2117416,0,0,162880,2820784,54789,779199,163134,3599983,
All CA and Non-CA Counties,2021-02-04,234642,4613443,101939,2363324,132703,2250119,0,0,172982,2933020,61111,840310,173347,3773330,
All CA and Non-CA Counties,2021-02-05,252970,4866413,108609,2471933,144361,2394480,0,0,172985,3027376,79173,919483,173529,3946859,
All CA and Non-CA Counties,2021-02-06,159277,5025690,77064,2548997,82213,2476693,0,0,124009,3116792,35091,954574,124507,4071366,
All CA and Non-CA Counties,2021-02-07,69116,5094806,45102,2594099,24014,2500707,0,0,52586,3153383,16449,971023,53040,4124406,
All CA and Non-CA Counties,2021-02-08,186443,5281249,92469,2686568,93974,2594681,0,0,123733,3215609,62260,1033283,124486,4248892,
All CA and Non-CA Counties,2021-02-09,215670,5496919,104128,2790696,111542,2706223,0,0,129660,3260894,85543,1118826,130828,4379720,
All CA and Non-CA Counties,2021-02-10,254216,5751135,121666,2912362,132550,2838773,0,0,141141,3291306,112252,1231078,142664,4522384,
All CA and Non-CA Counties,2021-02-11,270420,6021555,133759,3046121,136661,2975434,0,0,148613,3321063,120670,1351748,150427,4672811,
All CA and Non-CA Counties,2021-02-12,277742,6299297,121329,3167450,156413,3131847,0,0,150460,3347523,126384,1478132,152844,4825655,
All CA and Non-CA Counties,2021-02-13,169120,6468417,78048,3245498,91072,3222919,0,0,93892,3368527,74851,1552983,95855,4921510,
All CA and Non-CA Counties,2021-02-14,96655,6565072,47828,3293326,48827,3271746,0,0,52647,3378887,43832,1596815,54192,4975702,
All CA and Non-CA Counties,2021-02-15,145005,6710077,64015,3357341,80990,3352736,0,0,80019,3397440,64594,1661409,83147,5058849,
All CA and Non-CA Counties,2021-02-16,255503,6965580,121119,3478460,134384,3487120,0,0,135729,3416897,119378,1780787,138835,5197684,
All CA and Non-CA Counties,2021-02-17,265088,7230668,131884,3610344,133204,3620324,0,0,130889,3417359,133642,1914429,134104,5331788,
All CA and Non-CA Counties,2021-02-18,279371,7510039,146013,3756357,133358,3753682,0,0,134029,3411025,144595,2059024,138261,5470049,
All CA and Non-CA Counties,2021-02-19,259132,7769171,150935,3907292,108197,3861879,0,0,133159,3420819,125459,2184483,135253,5605302,
All CA and Non-CA Counties,2021-02-20,157020,7926191,101090,4008382,55930,3917809,0,0,85853,3437765,70892,2255375,87838,5693140,
All CA and Non-CA Counties,2021-02-21,85514,8011705,71049,4079431,14465,3932274,0,0,42530,3439127,42720,2298095,44082,5737222,
All CA and Non-CA Counties,2021-02-22,168374,8180079,112954,4192385,55420,3987694,0,0,84218,3441250,83824,2381919,85947,5823169,
All CA and Non-CA Counties,2021-02-23,232519,8412598,123191,4315576,109328,4097022,0,0,107915,3431189,123984,2505903,113923,5937092,
All CA and Non-CA Counties,2021-02-24,290525,8703123,147231,4462807,143294,4240316,0,0,137438,3423732,152447,2658350,144990,6082082,
All CA and Non-CA Counties,2021-02-25,329715,9032838,162854,4625661,166861,4407177,0,0,172202,3447715,156778,2815128,180761,6262843,
All CA and Non-CA Counties,2021-02-26,364113,9396951,170104,4795765,194009,4601186,0,0,202078,3496052,161024,2976152,209361,6472204,
All CA and Non-CA Counties,2021-02-27,259034,9655985,126171,4921936,132839,4734025,24,24,146030,3534167,112355,3088507,150470,6622674,
All CA and Non-CA Counties,2021-02-28,137574,9793559,82800,5004736,54763,4788788,11,35,80384,3560655,56748,3145255,83236,6705910,
All CA and Non-CA Counties,2021-03-01,249086,10042645,133363,5138099,115608,4904396,115,150,142273,3601042,106016,3251271,146403,6852313,
All CA and Non-CA Counties,2021-03-02,296229,10338874,148868,5286967,147335,5051731,26,176,176712,3665694,118976,3370247,183628,7035941,
All CA and Non-CA Counties,2021-03-03,340575,10679449,168115,5455082,172396,5224127,64,240,194309,3721813,145551,3515798,201670,7237611,
All CA and Non-CA Counties,2021-03-04,358638,11038087,181012,5636094,177526,5401653,100,340,208893,3788876,148961,3664759,216024,7453635,
All CA and Non-CA Counties,2021-03-05,345242,11383329,169899,5805993,174204,5575857,1139,1479,214371,3881621,130040,3794799,222785,7676420,
All CA and Non-CA Counties,2021-03-06,264328,11647657,135494,5941487,120821,5696678,8013,9492,163925,3958296,99976,3894775,176651,7853071,
All CA and Non-CA Counties,2021-03-07,129581,11777238,79636,6021123,45728,5742406,4217,13709,81207,3999214,48185,3942960,89103,7942174,
All CA and Non-CA Counties,2021-03-08,222488,11999726,108326,6129449,103424,5845830,10738,24447,145827,4084512,76239,4019199,161537,8103711,
All CA and Non-CA Counties,2021-03-09,296508,12296234,141954,6271403,138314,5984144,16240,40687,166589,4141963,129425,4148624,186876,8290587,
All CA and Non-CA Counties,2021-03-10,327258,12623492,163190,6434593,139102,6123246,24966,65653,177813,4200146,148767,4297391,206950,8497537,
All CA and Non-CA Counties,2021-03-11,382889,13006381,185270,6619863,163623,6286869,33996,99649,196913,4250245,185018,4482409,235117,8732654,
All CA and Non-CA Counties,2021-03-12,401925,13408306,180675,6800538,174236,6461105,47014,146663,197657,4295657,203442,4685851,248854,8981508,
All CA and Non-CA Counties,2021-03-13,287489,13695795,127129,6927667,128774,6589879,31586,178249,155889,4356248,131133,4816984,191724,9173232,
All CA and Non-CA Counties,2021-03-14,156839,13852634,84278,7011945,57126,6647005,15435,193684,79599,4376600,76948,4893932,97300,9270532,
All CA and Non-CA Counties,2021-03-15,294836,14147470,141091,7153036,132673,6779678,21072,214756,160284,4427569,133790,5027722,184759,9455291,
All CA and Non-CA Counties,2021-03-16,377963,14525433,178414,7331450,181864,6961542,17685,232441,218875,4508994,158335,5186057,239760,9695051,
All CA and Non-CA Counties,2021-03-17,392233,14917666,195285,7526735,178003,7139545,18945,251386,242675,4624434,148712,5334769,264152,9959203,
All CA and Non-CA Counties,2021-03-18,409248,15326914,210492,7737227,180177,7319722,18579,269965,242426,4721879,165707,5500476,263152,10222355,
All CA and Non-CA Counties,2021-03-19,418265,15745179,220373,7957600,175720,7495442,22172,292137,242637,4814133,174638,5675114,266892,10489247,
All CA and Non-CA Counties,2021-03-20,299707,16044886,158273,8115873,125464,7620906,15970,308107,189785,4912151,109240,5784354,207258,10696505,
All CA and Non-CA Counties,2021-03-21,145897,16190783,100846,8216719,37427,7658333,7624,315731,89945,4955538,55572,5839926,98959,10795464,
All CA and Non-CA Counties,2021-03-22,276596,16467379,161093,8377812,104186,7762519,11317,327048,179745,5053601,96044,5935970,194107,10989571,
All CA and Non-CA Counties,2021-03-23,363413,16830792,199758,8577570,152267,7914786,11388,338436,223461,5152043,139001,6074971,237443,11227014,
All CA and Non-CA Counties,2021-03-24,395068,17225860,225790,8803360,156312,8071098,12966,351402,230878,5235040,162940,6237911,245937,11472951,
All CA and Non-CA Counties,2021-03-25,426267,17652127,234170,9037530,176688,8247786,15409,366811,242897,5313478,182026,6419937,260464,11733415,
All CA and Non-CA Counties,2021-03-26,441808,18093935,236308,9273838,189228,8437014,16272,383083,239253,5370551,201296,6621233,258369,11991784,
All CA and Non-CA Counties,2021-03-27,318326,18412261,169552,9443390,136780,8573794,11994,395077,161109,5389516,156383,6777616,175348,12167132,
All CA and Non-CA Counties,2021-03-28,172508,18584769,110741,9554131,58018,8631812,3749,398826,90488,5404362,81559,6859175,96405,12263537,
All CA and Non-CA Counties,2021-03-29,315592,18900361,169425,9723556,136783,8768595,9384,408210,175605,5452661,139195,6998370,187494,12451031,
All CA and Non-CA Counties,2021-03-30,405420,19305781,205548,9929104,181081,8949676,18791,427001,228330,5525283,176274,7174644,248896,12699927,
All CA and Non-CA Counties,2021-03-31,432719,19738500,235820,10164924,174436,9124112,22463,449464,241635,5600361,190028,7364672,265106,12965033,
All CA and Non-CA Counties,2021-04-01,499818,20238318,256668,10421592,202216,9326328,40934,490398,276176,5696373,222220,7586892,318232,13283265,
All CA and Non-CA Counties,2021-04-02,482356,20720674,235581,10657173,202430,9528758,44345,534743,261907,5785044,219186,7806078,307857,13591122,
All CA and Non-CA Counties,2021-04-03,335789,21056463,171586,10828759,121590,9650348,42613,577356,167635,5828925,167483,7973561,211364,13802486,
All CA and Non-CA Counties,2021-04-04,134292,21190755,69997,10898756,45017,9695365,19278,596634,59038,5832441,74942,8048503,78458,13880944,
All CA and Non-CA Counties,2021-04-05,357480,21548235,184126,11082882,132944,9828309,40410,637044,176064,5870630,180700,8229203,218889,14099833,
All CA and Non-CA Counties,2021-04-06,464707,22012942,235763,11318645,161758,9990067,67186,704230,224821,5925606,238916,8468119,293892,14393725,
All CA and Non-CA Counties,2021-04-07,480572,22493514,249792,11568437,159114,10149181,71666,775896,233495,5985639,246096,8714215,306129,14699854,
All CA and Non-CA Counties,2021-04-08,508269,23001783,256475,11824912,165426,10314607,86368,862264,238967,6045066,268090,8982305,327517,15027371,
All CA and Non-CA Counties,2021-04-09,502359,23504142,250488,12075400,170042,10484649,81829,944093,231096,6090875,270150,9252455,315959,15343330,
All CA and Non-CA Counties,2021-04-10,373678,23877820,171067,12246467,126455,10611104,76156,1020249,156140,6109051,216766,9469221,234942,15578272,
All CA and Non-CA Counties,2021-04-11,190490,24068310,106853,12353320,48816,10659920,34821,1055070,78652,6113871,111478,9580699,116298,15694570,
All CA and Non-CA Counties,2021-04-12,344152,24412462,176817,12530137,128619,10788539,38716,1093786,159487,6131924,183672,9764371,201725,15896295,
All CA and Non-CA Counties,2021-04-13,438960,24851422,246049,12776186,191931,10980470,980,1094766,245290,6188634,192644,9957015,249354,16145649,
All CA and Non-CA Counties,2021-04-14,457972,25309394,257119,13033305,200558,11181028,295,1095061,239695,6216138,217077,10174092,244581,16390230,
All CA and Non-CA Counties,2021-04-15,498674,25808068,290691,13323996,207690,11388718,293,1095354,279937,6282037,217239,10391331,283138,16673368,
All CA and Non-CA Counties,2021-04-16,481014,26289082,270711,13594707,209988,11598706,315,1095669,256924,6319018,222862,10614193,259843,16933211,
All CA and Non-CA Counties,2021-04-17,346722,26635804,194564,13789271,152093,11750799,65,1095734,197107,6370582,148769,10762962,200333,17133544,
All CA and Non-CA Counties,2021-04-18,156514,26792318,99220,13888491,57275,11808074,19,1095753,80424,6378366,75675,10838637,83459,17217003,
All CA and Non-CA Counties,2021-04-19,321430,27113748,185132,14073623,136206,11944280,92,1095845,152149,6364127,168367,11007004,154128,17371131,
All CA and Non-CA Counties,2021-04-20,411856,27525604,218752,14292375,193034,12137314,70,1095915,204662,6365797,206154,11213158,207824,17578955,
All CA and Non-CA Counties,2021-04-21,426243,27951847,240572,14532947,185404,12322718,267,1096182,204078,6352539,220733,11433891,207475,17786430,
All CA and Non-CA Counties,2021-04-22,452945,28404792,257647,14790594,195220,12517938,78,1096260,201641,6307553,249913,11683804,204927,17991357,
All CA and Non-CA Counties,2021-04-23,443395,28848187,252120,15042714,191186,12709124,89,1096349,200442,6269879,241533,11925337,203859,18195216,
All CA and Non-CA Counties,2021-04-24,329788,29177975,207868,15250582,121741,12830865,179,1096528,167145,6278794,161675,12087012,170590,18365806,
All CA and Non-CA Counties,2021-04-25,151610,29329585,99753,15350335,51789,12882654,68,1096596,81540,6292238,69610,12156622,83054,18448860,
All CA and Non-CA Counties,2021-04-26,303514,29633099,174859,15525194,127106,13009760,1549,1098145,132954,6261775,169558,12326180,139095,18587955,
All CA and Non-CA Counties,2021-04-27,372347,30005446,204501,15729695,160890,13170650,6956,1105101,149646,6200085,221548,12547728,159858,18747813,
All CA and Non-CA Counties,2021-04-28,356940,30362386,203622,15933317,145016,13315666,8302,1113403,147248,6149367,208588,12756316,157870,18905683,
All CA and Non-CA Counties,2021-04-29,365017,30727403,209640,16142957,147060,13462726,8317,1121720,133570,6062845,230255,12986571,143733,19049416,
All CA and Non-CA Counties,2021-04-30,376925,31104328,215570,16358527,152043,13614769,9312,1131032,142398,5983251,233251,13219822,153657,19203073,
All CA and Non-CA Counties,2021-05-01,250644,31354972,160093,16518620,84069,13698838,6482,1137514,91091,5924334,158708,13378530,99791,19302864,
All CA and Non-CA Counties,2021-05-02,118670,31473642,82722,16601342,31952,13730790,3996,1141510,41734,5893899,76538,13455068,46103,19348967,
All CA and Non-CA Counties,2021-05-03,254988,31728630,156659,16758001,89363,13820153,8966,1150476,77792,5805157,176354,13631422,87612,19436579,
All CA and Non-CA Counties,2021-05-04,329160,32057790,200282,16958283,118695,13938848,10183,1160659,97468,5683339,230626,13862048,108808,19545387,
All CA and Non-CA Counties,2021-05-05,333642,32391432,207035,17165318,116236,14055084,10371,1171030,94584,5551432,237846,14099894,105939,19651326,
All CA and Non-CA Counties,2021-05-06,352571,32744003,229791,17395109,111907,14166991,10873,1181903,90043,5393961,260889,14360783,103418,19754744,
All CA and Non-CA Counties,2021-05-07,350078,33094081,219248,17614357,120616,14287607,10214,1192117,95558,5247802,253154,14613937,106995,19861739,
All CA and Non-CA Counties,2021-05-08,226993,33321074,144030,17758387,76032,14363639,6931,1199048,62777,5155670,163294,14777231,71162,19932901,
All CA and Non-CA Counties,2021-05-09,94628,33415702,71199,17829586,20335,14383974,3094,1202142,26050,5117008,68247,14845478,29585,19962486,
All CA and Non-CA Counties,2021-05-10,203707,33619409,115724,17945310,79880,14463854,8103,1210245,51273,5026039,151635,14997113,60666,20023152,
All CA and Non-CA Counties,2021-05-11,267381,33886790,149544,18094854,108968,14572822,8869,1219114,71419,4913052,195039,15192152,82052,20105204,
All CA and Non-CA Counties,2021-05-12,268225,34155015,155222,18250076,103632,14676454,9371,1228485,76483,4809398,190719,15382871,87065,20192269,
All CA and Non-CA Counties,2021-05-13,311703,34466718,200925,18451001,103260,14779714,7518,1236003,119283,4747609,191312,15574183,129523,20321792,
All CA and Non-CA Counties,2021-05-14,335898,34802616,214469,18665470,112432,14892146,8997,1245000,132898,4689769,201837,15776020,143997,20465789,
All CA and Non-CA Counties,2021-05-15,276988,35079604,193375,18858845,77535,14969681,6078,1251078,113969,4648589,162182,15938202,121002,20586791,
All CA and Non-CA Counties,2021-05-16,137528,35217132,105321,18964166,29224,14998905,2983,1254061,55915,4626708,81179,16019381,59298,20646089,
All CA and Non-CA Counties,2021-05-17,240396,35457528,158039,19122205,74788,15073693,7569,1261630,96983,4589577,142549,16161930,105418,20751507,
All CA and Non-CA Counties,2021-05-18,281726,35739254,171430,19293635,102645,15176338,7651,1269281,111830,4541690,168779,16330709,120892,20872399,
All CA and Non-CA Counties,2021-05-19,276211,36015465,172337,19465972,96112,15272450,7762,1277043,116221,4507823,158968,16489677,125101,20997500,
All CA and Non-CA Counties,2021-05-20,263121,36278586,157134,19623106,97663,15370113,8324,1285367,102901,4461679,159108,16648785,112964,21110464,
All CA and Non-CA Counties,2021-05-21,283039,36561625,174183,19797289,100681,15470794,8175,1293542,109987,4409435,171834,16820619,119590,21230054,
All CA and Non-CA Counties,2021-05-22,204187,36765812,135199,19932488,62707,15533501,6281,1299823,87219,4388108,116197,16936816,94870,21324924,
All CA and Non-CA Counties,2021-05-23,87444,36853256,60733,19993221,23954,15557455,2757,1302580,38324,4380974,48730,16985546,41596,21366520,
All CA and Non-CA Counties,2021-05-24,168492,37021748,97638,20090859,62258,15619713,8596,1311176,63969,4350646,103730,17089276,73402,21439922,
All CA and Non-CA Counties,2021-05-25,190378,37212126,111767,20202626,70339,15690052,8272,1319448,73358,4317366,116033,17205309,82753,21522675,
All CA and Non-CA Counties,2021-05-26,184828,37396954,106108,20308734,70590,15760642,8130,1327578,73161,4288931,110604,17315913,82169,21604844,
All CA and Non-CA Counties,2021-05-27,172801,37569755,98647,20407381,65394,15826036,8760,1336338,70976,4268833,101014,17416927,80916,21685760,
All CA and Non-CA Counties,2021-05-28,188772,37758527,109033,20516414,72388,15898424,7351,1343689,82474,4254559,105401,17522328,91127,21776887,
All CA and Non-CA Counties,2021-05-29,107348,37865875,65864,20582278,37374,15935798,4110,1347799,51450,4255328,55380,17577708,56149,21833036,
All CA and Non-CA Counties,2021-05-30,47631,37913506,31427,20613705,13638,15949436,2566,1350365,21521,4253805,25885,17603593,24362,21857398,
All CA and Non-CA Counties,2021-05-31,20170,37933676,11862,20625567,7296,15956732,1012,1351377,6737,4248399,13292,17616885,7886,21865284,
All CA and Non-CA Counties,2021-06-01,168846,38102522,98672,20724239,62891,16019623,7283,1358660,63293,4215391,104616,17721501,71608,21936892,
All CA and Non-CA Counties,2021-06-02,143158,38245680,84676,20808915,51091,16070714,7391,1366051,55789,4192874,86493,17807994,63976,22000868,
All CA and Non-CA Counties,2021-06-03,171266,38416946,117016,20925931,46984,16117698,7266,1373317,54761,4140320,115710,17923704,63156,22064024,
All CA and Non-CA Counties,2021-06-04,199363,38616309,140424,21066355,52558,16170256,6381,1379698,62827,4075977,135541,18059245,71198,22135222,
All CA and Non-CA Counties,2021-06-05,156169,38772478,118256,21184611,32719,16202975,5194,1384892,45734,4018297,109680,18168925,52000,22187222,
All CA and Non-CA Counties,2021-06-06,63054,38835532,52953,21237564,7844,16210819,2257,1387149,18833,3996352,43936,18212861,21991,22209213,
All CA and Non-CA Counties,2021-06-07,136036,38971568,99584,21337148,30353,16241172,6099,1393248,41400,3950638,94065,18306926,48351,22257564,
All CA and Non-CA Counties,2021-06-08,156171,39127739,113168,21450316,36062,16277234,6941,1400189,47691,3898865,107636,18414562,55863,22313427,
All CA and Non-CA Counties,2021-06-09,118642,39246381,85620,21535936,27154,16304388,5868,1406057,31883,3851152,86126,18500688,38413,22351840,
All CA and Non-CA Counties,2021-06-10,112811,39359192,81002,21616938,25457,16329845,6352,1412409,32736,3811570,79518,18580206,39936,22391776,
All CA and Non-CA Counties,2021-06-11,105476,39464668,71572,21688510,28495,16358340,5409,1417818,31269,3775195,73594,18653800,37219,22428995,
All CA and Non-CA Counties,2021-06-12,82456,39547124,64305,21752815,15258,16373598,2893,1420711,21832,3740092,60225,18714025,25122,22454117,
All CA and Non-CA Counties,2021-06-13,14903,39562027,11747,21764562,2251,16375849,905,1421616,3973,3734130,10843,18724868,4881,22458998,
Outside California,2020-12-15,8,8,8,8,0,0,0,0,8,8,0,0,8,8,Not in California
Outside California,2020-12-16,275,283,275,283,0,0,0,0,275,283,0,0,275,283,Not in California
Outside California,2020-12-17,1608,1891,1608,1891,0,0,0,0,1608,1891,0,0,1608,1891,Not in California
Outside California,2020-12-18,2552,4443,2545,4436,7,7,0,0,2552,4443,0,0,2552,4443,Not in California
Outside California,2020-12-19,1037,5480,1036,5472,1,8,0,0,1037,5480,0,0,1037,5480,Not in California
Outside California,2020-12-20,680,6160,677,6149,3,11,0,0,680,6160,0,0,680,6160,Not in California
Outside California,2020-12-21,2189,8349,2186,8335,3,14,0,0,2189,8349,0,0,2189,8349,Not in California
Outside California,2020-12-22,2069,10418,1994,10329,75,89,0,0,2069,10418,0,0,2069,10418,Not in California
Outside California,2020-12-23,1538,11956,1394,11723,144,233,0,0,1537,11954,1,1,1537,11955,Not in California
Outside California,2020-12-24,807,12763,615,12338,192,425,0,0,807,12761,0,1,807,12762,Not in California
Outside California,2020-12-25,35,12798,30,12368,5,430,0,0,35,12796,0,1,35,12797,Not in California
Outside California,2020-12-26,307,13105,205,12573,102,532,0,0,307,13103,0,1,307,13104,Not in California
Outside California,2020-12-27,189,13294,72,12645,117,649,0,0,189,13292,0,1,189,13293,Not in California
Outside California,2020-12-28,1410,14704,898,13543,512,1161,0,0,1410,14702,0,1,1410,14703,Not in California
Outside California,2020-12-29,1543,16247,1022,14565,521,1682,0,0,1543,16245,0,1,1543,16246,Not in California
Outside California,2020-12-30,1883,18130,1228,15793,655,2337,0,0,1883,18128,0,1,1883,18129,Not in California
Outside California,2020-12-31,1105,19235,603,16396,502,2839,0,0,1104,19231,1,2,1104,19233,Not in California
Outside California,2021-01-01,113,19348,25,16421,88,2927,0,0,113,19344,0,2,113,19346,Not in California
Outside California,2021-01-02,244,19592,135,16556,109,3036,0,0,243,19586,1,3,243,19589,Not in California
Outside California,2021-01-03,172,19764,91,16647,81,3117,0,0,172,19758,0,3,172,19761,Not in California
Outside California,2021-01-04,1149,20913,509,17156,640,3757,0,0,1144,20901,1,4,1144,20905,Not in California
Outside California,2021-01-05,1552,22465,825,17981,727,4484,0,0,1358,22068,192,196,1359,22264,Not in California
Outside California,2021-01-06,2690,25155,1592,19573,1098,5582,0,0,1951,23283,736,932,1951,24215,Not in California
Outside California,2021-01-07,4149,29304,2536,22109,1613,7195,0,0,2491,24121,1656,2588,2494,26709,Not in California
Outside California,2021-01-08,4495,33799,2914,25023,1581,8776,0,0,2610,24861,1875,4463,2615,29324,Not in California
Outside California,2021-01-09,1303,35102,532,25555,771,9547,0,0,975,25511,327,4790,977,30301,Not in California
Outside California,2021-01-10,301,35403,184,25739,117,9664,0,0,178,25566,123,4913,178,30479,Not in California
Outside California,2021-01-11,3285,38688,2010,27749,1275,10939,0,0,1945,26173,1340,6253,1947,32426,Not in California
Outside California,2021-01-12,3845,42533,2306,30055,1539,12478,0,0,2299,26935,1542,7795,2304,34730,Not in California
Outside California,2021-01-13,3669,46202,1810,31865,1859,14337,0,0,2478,28225,1191,8986,2481,37211,Not in California
Outside California,2021-01-14,3710,49912,1284,33149,2426,16763,0,0,3062,30658,635,9621,3068,40279,Not in California
Outside California,2021-01-15,4192,54104,1003,34152,3189,19952,0,0,3717,33913,462,10083,3717,43996,Not in California
Outside California,2021-01-16,2684,56788,387,34539,2297,22249,0,0,2508,36247,174,10257,2508,46504,Not in California
Outside California,2021-01-17,503,57291,153,34692,350,22599,0,0,453,36650,50,10307,453,46957,Not in California
Outside California,2021-01-18,1209,58500,771,35463,438,23037,0,0,754,36950,454,10761,754,47711,Not in California
Outside California,2021-01-19,4111,62611,1329,36792,2782,25819,0,0,3215,39272,896,11657,3218,50929,Not in California
Outside California,2021-01-20,4421,67032,1419,38211,3002,28821,0,0,3476,41809,941,12598,3478,54407,Not in California
Outside California,2021-01-21,4198,71230,1155,39366,3043,31864,0,0,3625,44878,556,13154,3625,58032,Not in California
Outside California,2021-01-22,4590,75820,1108,40474,3482,35346,0,0,4179,48653,406,13560,4181,62213,Not in California
Outside California,2021-01-23,2221,78041,336,40810,1885,37231,0,0,2056,50544,165,13725,2056,64269,Not in California
Outside California,2021-01-24,583,78624,235,41045,348,37579,0,0,504,50969,79,13804,504,64773,Not in California
Outside California,2021-01-25,4450,83074,1918,42963,2532,40111,0,0,3583,53690,863,14667,3584,68357,Not in California
Outside California,2021-01-26,5797,88871,2786,45749,3011,43122,0,0,4940,57781,856,15523,4947,73304,Not in California
Outside California,2021-01-27,4752,93623,2428,48177,2324,45446,0,0,4121,61277,627,16150,4123,77427,Not in California
Outside California,2021-01-28,4938,98561,2590,50767,2348,47794,0,0,4401,65152,526,16676,4401,81828,Not in California
Outside California,2021-01-29,4629,103190,2821,53588,1808,49602,0,0,3829,68190,792,17468,3830,85658,Not in California
Outside California,2021-01-30,4184,107374,2183,55771,2001,51603,0,0,3952,71913,230,17698,3953,89611,Not in California
Outside California,2021-01-31,2795,110169,2393,58164,402,52005,0,0,2740,74600,54,17752,2741,92352,Not in California
Outside California,2021-02-01,5297,115466,2426,60590,2871,54876,0,0,4589,78490,699,18451,4589,96941,Not in California
Outside California,2021-02-02,6541,122007,2019,62609,4522,59398,0,0,5825,83606,709,19160,5825,102766,Not in California
Outside California,2021-02-03,7160,129167,1935,64544,5225,64623,0,0,6291,89036,862,20022,6292,109058,Not in California
Outside California,2021-02-04,6616,135783,2001,66545,4615,69238,0,0,5612,93654,995,21017,5613,114671,Not in California
Outside California,2021-02-05,6604,142387,2038,68583,4566,73804,0,0,5529,98113,1070,22087,5529,120200,Not in California
Outside California,2021-02-06,4116,146503,1857,70440,2259,76063,0,0,3656,101321,451,22538,3659,123859,Not in California
Outside California,2021-02-07,1945,148448,1557,71997,388,76451,0,0,1866,103110,79,22617,1868,125727,Not in California
Outside California,2021-02-08,4755,153203,2801,74798,1954,78405,0,0,3702,105770,1042,23659,3702,129429,Not in California
Outside California,2021-02-09,4043,157246,1696,76494,2347,80752,0,0,2745,107241,1288,24947,2759,132188,Not in California
Outside California,2021-02-10,5380,162626,1738,78232,3642,84394,0,0,2953,107816,2419,27366,2994,135182,Not in California
Outside California,2021-02-11,4623,167249,2064,80296,2559,86953,0,0,3314,109850,1298,28664,3332,138514,Not in California
Outside California,2021-02-12,5165,172414,1878,82174,3287,90240,0,0,3338,111379,1814,30478,3343,141857,Not in California
Outside California,2021-02-13,2324,174738,663,82837,1661,91901,0,0,1772,112612,551,31029,1784,143641,Not in California
Outside California,2021-02-14,1291,176029,372,83209,919,92820,0,0,1051,113429,236,31265,1053,144694,Not in California
Outside California,2021-02-15,2451,178480,1451,84660,1000,93820,0,0,1190,113374,1248,32513,1193,145887,Not in California
Outside California,2021-02-16,6219,184699,2695,87355,3524,97344,0,0,2517,112205,3690,36203,2521,148408,Not in California
Outside California,2021-02-17,5632,190331,2690,90045,2942,100286,0,0,1787,110157,3840,40043,1792,150200,Not in California
Outside California,2021-02-18,6134,196465,3414,93459,2720,103006,0,0,2028,108100,4085,44128,2028,152228,Not in California
Outside California,2021-02-19,5406,201871,3662,97121,1744,104750,0,0,2374,107451,3026,47154,2377,154605,Not in California
Outside California,2021-02-20,3073,204944,2424,99545,649,105399,0,0,1234,106851,1835,48989,1235,155840,Not in California
Outside California,2021-02-21,2476,207420,2259,101804,217,105616,0,0,829,106038,1642,50631,829,156669,Not in California
Outside California,2021-02-22,3330,210750,2389,104193,941,106557,0,0,1624,105963,1703,52334,1628,158297,Not in California
Outside California,2021-02-23,5820,216570,3216,107409,2604,109161,0,0,2324,104812,3489,55823,2338,160635,Not in California
Outside California,2021-02-24,6206,222776,3386,110795,2820,111981,0,0,2443,103503,3756,59579,2447,163082,Not in California
Outside California,2021-02-25,6691,229467,3357,114152,3334,115315,0,0,3061,102969,3599,63178,3065,166147,Not in California
Outside California,2021-02-26,6645,236112,3447,117599,3198,118513,0,0,3089,102584,3475,66653,3090,169237,Not in California
Outside California,2021-02-27,5221,241333,2525,120124,2695,121208,1,1,1872,101122,3338,69991,1876,171113,Not in California
Outside California,2021-02-28,2204,243537,1556,121680,647,121855,1,2,794,100510,1408,71399,796,171909,Not in California
Outside California,2021-03-01,4506,248043,2726,124406,1779,123634,1,3,1344,98708,3152,74551,1350,173259,Not in California
Outside California,2021-03-02,6509,254552,2312,126718,4197,127831,0,3,2049,96311,4448,78999,2051,175310,Not in California
Outside California,2021-03-03,7727,262279,2934,129652,4791,132622,2,5,2666,93935,5047,84046,2671,177981,Not in California
Outside California,2021-03-04,6647,268926,2739,132391,3902,136524,6,11,2313,91940,4316,88362,2321,180302,Not in California
Outside California,2021-03-05,5198,274124,2592,134983,2592,139116,14,25,2721,92217,2466,90828,2743,183045,Not in California
Outside California,2021-03-06,4551,278675,2087,137070,2308,141424,156,181,2328,92489,2221,93049,2493,185538,Not in California
Outside California,2021-03-07,1545,280220,985,138055,503,141927,57,238,949,92902,595,93644,1008,186546,Not in California
Outside California,2021-03-08,3081,283301,1831,139886,1016,142943,234,472,2190,94471,862,94506,2431,188977,Not in California
Outside California,2021-03-09,4649,287950,2399,142285,1956,144899,294,766,2770,95660,1875,96381,3064,192041,Not in California
Outside California,2021-03-10,4320,292270,2077,144362,1752,146651,491,1257,2691,97229,1620,98001,3189,195230,Not in California
Outside California,2021-03-11,6080,298350,3110,147472,2311,148962,659,1916,3290,98395,2784,100785,3950,199180,Not in California
Outside California,2021-03-12,6397,304747,3853,151325,1830,150792,714,2630,3553,99828,2835,103620,4268,203448,Not in California
Outside California,2021-03-13,3727,308474,2170,153495,1107,151899,450,3080,2554,101668,1166,104786,3006,206454,Not in California
Outside California,2021-03-14,1765,310239,915,154410,517,152416,333,3413,963,102163,802,105588,1297,207751,Not in California
Outside California,2021-03-15,4004,314243,2111,156521,1432,153848,461,3874,2141,102912,1857,107445,2606,210357,Not in California
Outside California,2021-03-16,7477,321720,4360,160881,2733,156581,384,4258,4165,104148,3309,110754,4545,214902,Not in California
Outside California,2021-03-17,8382,330102,5444,166325,2564,159145,374,4632,5041,106227,3337,114091,5416,220318,Not in California
Outside California,2021-03-18,8282,338384,5121,171446,2621,161766,540,5172,4792,108078,3481,117572,5332,225650,Not in California
Outside California,2021-03-19,7293,345677,4329,175775,2420,164186,544,5716,4364,110067,2923,120495,4912,230562,Not in California
Outside California,2021-03-20,4722,350399,3120,178895,1514,165700,88,5804,3614,112671,1099,121594,3703,234265,Not in California
Outside California,2021-03-21,2075,352474,1428,180323,559,166259,88,5892,1659,114004,414,122008,1747,236012,Not in California
Outside California,2021-03-22,3248,355722,1962,182285,1197,167456,89,5981,2229,115309,1012,123020,2317,238329,Not in California
Outside California,2021-03-23,6050,361772,3082,185367,2664,170120,304,6285,4104,117785,1932,124952,4408,242737,Not in California
Outside California,2021-03-24,7299,369071,3735,189102,3119,173239,445,6730,5038,121012,2254,127206,5481,248218,Not in California
Outside California,2021-03-25,8248,377319,3824,192926,3899,177138,525,7255,5998,125297,2238,129444,6523,254741,Not in California
Outside California,2021-03-26,6643,383962,3503,196429,2964,180102,176,7431,4383,127620,2235,131679,4558,259299,Not in California
Outside California,2021-03-27,5514,389476,3090,199519,2210,182312,214,7645,3458,129244,2047,133726,3671,262970,Not in California
Outside California,2021-03-28,3069,392545,1645,201164,1263,183575,161,7806,1983,130307,1081,134807,2144,265114,Not in California
Outside California,2021-03-29,5165,397710,2292,203456,2529,186104,344,8150,2952,131395,2208,137015,3296,268410,Not in California
Outside California,2021-03-30,6863,404573,3616,207072,2684,188788,563,8713,4056,133224,2797,139812,4626,273036,Not in California
Outside California,2021-03-31,6313,410886,3763,210835,1772,190560,778,9491,3348,134388,2959,142771,4123,277159,Not in California
Outside California,2021-04-01,7498,418384,4483,215318,2368,192928,647,10138,4329,136194,3161,145932,4967,282126,Not in California
Outside California,2021-04-02,8432,426816,4482,219800,2809,195737,1141,11279,4356,137622,4067,149999,5495,287621,Not in California
Outside California,2021-04-03,6164,432980,3659,223459,1347,197084,1158,12437,3242,139108,2913,152912,4399,292020,Not in California
Outside California,2021-04-04,1770,434750,870,224329,666,197750,234,12671,969,139509,800,153712,1201,293221,Not in California
Outside California,2021-04-05,4127,438877,1997,226326,1463,199213,667,13338,1968,139988,2154,155866,2633,295854,Not in California
Outside California,2021-04-06,7171,446048,3866,230192,1668,200881,1637,14975,2885,140236,4270,160136,4518,300372,Not in California
Outside California,2021-04-07,8190,454238,4599,234791,1897,202778,1694,16669,3174,140086,5008,165144,4858,305230,Not in California
Outside California,2021-04-08,8219,462457,4313,239104,1971,204749,1935,18604,3264,140329,4944,170088,5187,310417,Not in California
Outside California,2021-04-09,7536,469993,3851,242955,1725,206474,1960,20564,2881,140525,4642,174730,4838,315255,Not in California
Outside California,2021-04-10,6066,476059,2965,245920,1244,207718,1857,22421,1656,139631,4402,179132,3508,318763,Not in California
Outside California,2021-04-11,2837,478896,1548,247468,650,208368,639,23060,953,139342,1881,181013,1592,320355,Not in California
Outside California,2021-04-12,4138,483034,2319,249787,1267,209635,552,23612,1841,139447,2287,183300,2392,322747,Not in California
Outside California,2021-04-13,5799,488833,3704,253491,2070,211705,25,23637,2994,139670,2800,186100,3023,325770,Not in California
Outside California,2021-04-14,5345,494178,3398,256889,1943,213648,4,23641,2921,140181,2418,188518,2929,328699,Not in California
Outside California,2021-04-15,6143,500321,3878,260767,2259,215907,6,23647,3312,140721,2779,191297,3319,332018,Not in California
Outside California,2021-04-16,5847,506168,3339,264106,2501,218408,7,23654,3254,141405,2583,193880,3267,335285,Not in California
Outside California,2021-04-17,5467,511635,3429,267535,2037,220445,1,23655,3175,142298,2282,196162,3175,338460,Not in California
Outside California,2021-04-18,2100,513735,1171,268706,928,221373,1,23656,999,142204,1095,197257,1001,339461,Not in California
Outside California,2021-04-19,4130,517865,1996,270702,2133,223506,1,23657,2127,142342,1993,199250,2131,341592,Not in California
Outside California,2021-04-20,5361,523226,2432,273134,2929,226435,0,23657,2192,141373,3161,202411,2192,343784,Not in California
Outside California,2021-04-21,6361,529587,2657,275791,3700,230135,4,23661,2271,139580,4069,206480,2276,346060,Not in California
Outside California,2021-04-22,6750,536337,3432,279223,3314,233449,4,23665,2473,137796,4263,210743,2479,348539,Not in California
Outside California,2021-04-23,5845,542182,2972,282195,2872,236321,1,23666,2412,136793,3418,214161,2415,350954,Not in California
Outside California,2021-04-24,4619,546801,3023,285218,1591,237912,5,23671,1849,135885,2765,216926,1857,352811,Not in California
Outside California,2021-04-25,2206,549007,1244,286462,961,238873,1,23672,1168,136023,1034,217960,1172,353983,Not in California
Outside California,2021-04-26,4116,553123,1810,288272,2278,241151,28,23700,1865,135674,2242,220202,1893,355876,Not in California
Outside California,2021-04-27,5656,558779,2095,290367,3192,244343,369,24069,1977,134358,3670,223872,2354,358230,Not in California
Outside California,2021-04-28,4834,563613,2054,292421,2385,246728,395,24464,1908,133742,2914,226786,2298,360528,Not in California
Outside California,2021-04-29,4813,568426,2213,294634,2168,248896,432,24896,1810,133001,2983,229769,2242,362770,Not in California
Outside California,2021-04-30,4876,573302,2348,296982,2108,251004,420,25316,1844,132250,3018,232787,2267,365037,Not in California
Outside California,2021-05-01,3148,576450,1821,298803,899,251903,428,25744,1298,132136,1840,234627,1726,366763,Not in California
Outside California,2021-05-02,1858,578308,1083,299886,652,252555,123,25867,841,132085,1015,235642,964,367727,Not in California
Outside California,2021-05-03,2869,581177,1556,301442,1032,253587,281,26148,1112,131726,1752,237394,1393,369120,Not in California
Outside California,2021-05-04,3913,585090,2091,303533,1383,254970,439,26587,1305,130867,2601,239995,1742,370862,Not in California
Outside California,2021-05-05,4350,589440,2410,305943,1570,256540,370,26957,1586,130070,2756,242751,1959,372821,Not in California
Outside California,2021-05-06,4444,593884,2721,308664,1386,257926,337,27294,1556,129081,2882,245633,1893,374714,Not in California
Outside California,2021-05-07,4543,598427,2582,311246,1575,259501,386,27680,1577,128091,2953,248586,1963,376677,Not in California
Outside California,2021-05-08,3198,601625,2154,313400,799,260300,245,27925,1069,127287,2119,250705,1315,377992,Not in California
Outside California,2021-05-09,1353,602978,900,314300,330,260630,123,28048,580,127220,768,251473,701,378693,Not in California
Outside California,2021-05-10,2523,605501,1152,315452,1042,261672,329,28377,905,126844,1612,253085,1236,379929,Not in California
Outside California,2021-05-11,2926,608427,1379,316831,1249,262921,298,28675,1102,126424,1823,254908,1403,381332,Not in California
Outside California,2021-05-12,3149,611576,1489,318320,1333,264254,327,29002,1249,126105,1895,256803,1576,382908,Not in California
Outside California,2021-05-13,3100,614676,1778,320098,1115,265369,207,29209,1363,125945,1730,258533,1570,384478,Not in California
Outside California,2021-05-14,3495,618171,1948,322046,1309,266678,238,29447,1580,125857,1908,260441,1820,386298,Not in California
Outside California,2021-05-15,2605,620776,1519,323565,943,267621,143,29590,1128,125659,1472,261913,1274,387572,Not in California
Outside California,2021-05-16,1616,622392,1029,324594,518,268139,69,29659,734,125584,879,262792,804,388376,Not in California
Outside California,2021-05-17,3034,625426,1601,326195,1199,269338,234,29893,1322,125433,1708,264500,1557,389933,Not in California
Outside California,2021-05-18,3214,628640,1623,327818,1279,270617,312,30205,1457,125458,1746,266246,1771,391704,Not in California
Outside California,2021-05-19,3302,631942,1663,329481,1372,271989,267,30472,1471,125372,1824,268070,1738,393442,Not in California
Outside California,2021-05-20,3073,635015,1688,331169,1152,273141,233,30705,1406,125355,1660,269730,1643,395085,Not in California
Outside California,2021-05-21,3188,638203,1786,332955,1153,274294,249,30954,1398,125223,1779,271509,1647,396732,Not in California
Outside California,2021-05-22,2822,641025,1879,334834,742,275036,201,31155,1573,125755,1243,272752,1775,398507,Not in California
Outside California,2021-05-23,1537,642562,1004,335838,455,275491,78,31233,771,125840,765,273517,850,399357,Not in California
Outside California,2021-05-24,2446,645008,1196,337034,903,276394,347,31580,1120,125989,1318,274835,1467,400824,Not in California
Outside California,2021-05-25,2360,647368,1098,338132,934,277328,328,31908,1032,126028,1319,276154,1358,402182,Not in California
Outside California,2021-05-26,2370,649738,1097,339229,918,278246,355,32263,1006,126033,1357,277511,1362,403544,Not in California
Outside California,2021-05-27,2166,651904,1089,340318,791,279037,286,32549,1019,126193,1144,278655,1304,404848,Not in California
Outside California,2021-05-28,2402,654306,1207,341525,847,279884,348,32897,1102,126351,1293,279948,1451,406299,Not in California
Outside California,2021-05-29,1677,655983,851,342376,471,280355,355,33252,734,126501,939,280887,1089,407388,Not in California
Outside California,2021-05-30,912,656895,559,342935,229,280584,124,33376,464,126645,445,281332,589,407977,Not in California
Outside California,2021-05-31,415,657310,182,343117,196,280780,37,33413,177,126634,226,281558,215,408192,Not in California
Outside California,2021-06-01,2110,659420,1099,344216,710,281490,301,33714,1045,126920,1061,282619,1347,409539,Not in California
Outside California,2021-06-02,2079,661499,1073,345289,664,282154,342,34056,1010,127212,1060,283679,1352,410891,Not in California
Outside California,2021-06-03,2148,663647,1188,346477,651,282805,309,34365,1000,127380,1141,284820,1309,412200,Not in California
Outside California,2021-06-04,2517,666164,1408,347885,795,283600,314,34679,1105,127392,1406,286226,1418,413618,Not in California
Outside California,2021-06-05,1714,667878,1206,349091,349,283949,159,34838,810,127461,901,287127,970,414588,Not in California
Outside California,2021-06-06,920,668798,691,349782,148,284097,81,34919,450,127524,468,287595,531,415119,Not in California
Outside California,2021-06-07,1900,670698,1028,350810,546,284643,326,35245,813,127576,1086,288681,1138,416257,Not in California
Outside California,2021-06-08,2010,672708,1170,351980,509,285152,331,35576,799,127499,1206,289887,1129,417386,Not in California
Outside California,2021-06-09,1358,674066,767,352747,348,285500,243,35819,561,127509,794,290681,804,418190,Not in California
Outside California,2021-06-10,1315,675381,719,353466,346,285846,250,36069,532,127513,779,291460,783,418973,Not in California
Outside California,2021-06-11,1333,676714,673,354139,396,286242,264,36333,519,127484,811,292271,782,419755,Not in California
Outside California,2021-06-12,1155,677869,901,355040,151,286393,103,36436,410,127254,743,293014,513,420268,Not in California
Outside California,2021-06-13,306,678175,221,355261,31,286424,54,36490,146,127294,160,293174,200,420468,Not in California
Unknown,2020-12-17,2,2,2,2,0,0,0,0,0,0,0,0,0,0,Not in California
Unknown,2020-12-18,1,3,1,3,0,0,0,0,0,0,0,0,0,0,Not in California
Unknown,2020-12-21,4,7,4,7,0,0,0,0,0,0,0,0,0,0,Not in California
Unknown,2020-12-28,1,8,1,8,0,0,0,0,1,1,0,0,1,1,Not in California
Unknown,2020-12-29,1,9,1,9,0,0,0,0,1,2,0,0,1,2,Not in California
Unknown,2020-12-30,54,63,54,63,0,0,0,0,54,56,0,0,54,56,Not in California
Unknown,2020-12-31,1,64,0,63,1,1,0,0,0,56,0,0,0,56,Not in California
Unknown,2021-01-02,1,65,0,63,1,2,0,0,1,57,0,0,1,57,Not in California
Unknown,2021-01-04,1,66,1,64,0,2,0,0,1,58,0,0,1,58,Not in California
Unknown,2021-01-06,4,70,2,66,2,4,0,0,4,62,0,0,4,62,Not in California
Unknown,2021-01-07,67,137,67,133,0,4,0,0,67,129,0,0,67,129,Not in California
Unknown,2021-01-09,1,138,1,134,0,4,0,0,2,131,0,0,2,131,Not in California
Unknown,2021-01-11,19,157,19,153,0,4,0,0,18,149,0,0,18,149,Not in California
Unknown,2021-01-12,8,165,7,160,1,5,0,0,6,155,1,1,7,156,Not in California
Unknown,2021-01-13,3,168,3,163,0,5,0,0,4,159,0,1,4,160,Not in California
Unknown,2021-01-14,3,171,3,166,0,5,0,0,3,162,0,1,3,163,Not in California
Unknown,2021-01-15,6,177,5,171,1,6,0,0,6,168,0,1,6,169,Not in California
Unknown,2021-01-16,6,183,6,177,0,6,0,0,6,174,0,1,6,175,Not in California
Unknown,2021-01-17,2,185,2,179,0,6,0,0,2,176,0,1,2,177,Not in California
Unknown,2021-01-18,21,206,21,200,0,6,0,0,21,197,0,1,21,198,Not in California
Unknown,2021-01-19,9,215,9,209,0,6,0,0,8,205,0,1,8,206,Not in California
Unknown,2021-01-20,64,279,64,273,0,6,0,0,13,166,52,53,13,219,Not in California
Unknown,2021-01-21,29,308,27,300,2,8,0,0,30,195,1,54,30,249,Not in California
Unknown,2021-01-22,16,324,11,311,5,13,0,0,16,211,0,54,16,265,Not in California
Unknown,2021-01-23,10,334,4,315,6,19,0,0,10,221,0,54,10,275,Not in California
Unknown,2021-01-24,2,336,2,317,0,19,0,0,3,224,0,54,3,278,Not in California
Unknown,2021-01-25,8,344,6,323,2,21,0,0,6,228,2,56,6,284,Not in California
Unknown,2021-01-26,32,376,32,355,0,21,0,0,35,263,0,56,35,319,Not in California
Unknown,2021-01-27,10,386,10,365,0,21,0,0,9,271,1,57,9,328,Not in California
Unknown,2021-01-28,95,481,93,458,2,23,0,0,39,251,59,116,39,367,Not in California
Unknown,2021-01-29,115,596,115,573,0,23,0,0,119,369,1,117,119,486,Not in California
Unknown,2021-01-30,8,604,6,579,2,25,0,0,11,379,1,118,11,497,Not in California
Unknown,2021-01-31,5,609,5,584,0,25,0,0,6,385,0,118,6,503,Not in California
Unknown,2021-02-01,35,644,33,617,2,27,0,0,19,386,18,136,19,522,Not in California
Unknown,2021-02-02,28,672,27,644,1,28,0,0,24,406,4,140,24,546,Not in California
Unknown,2021-02-03,8,680,8,652,0,28,0,0,4,406,4,144,4,550,Not in California
Unknown,2021-02-04,29,709,25,677,4,32,0,0,24,425,5,149,24,574,Not in California
Unknown,2021-02-05,15,724,12,689,3,35,0,0,12,434,3,152,12,586,Not in California
Unknown,2021-02-06,8,732,8,697,0,35,0,0,3,431,6,158,3,589,Not in California
Unknown,2021-02-07,3,735,3,700,0,35,0,0,3,434,0,158,3,592,Not in California
Unknown,2021-02-08,19,754,18,718,1,36,0,0,5,425,14,172,5,597,Not in California
Unknown,2021-02-09,7,761,7,725,0,36,0,0,2,422,5,177,2,599,Not in California
Unknown,2021-02-10,16,777,12,737,4,40,0,0,6,418,10,187,6,605,Not in California
Unknown,2021-02-11,34,811,33,770,1,41,0,0,14,411,21,208,14,619,Not in California
Unknown,2021-02-12,11,822,9,779,2,43,0,0,3,406,8,216,3,622,Not in California
Unknown,2021-02-13,6,828,1,780,5,48,0,0,5,410,1,217,5,627,Not in California
Unknown,2021-02-14,2,830,1,781,1,49,0,0,1,410,1,218,1,628,Not in California
Unknown,2021-02-15,30,860,26,807,4,53,0,0,25,432,3,221,25,653,Not in California
Unknown,2021-02-16,35,895,28,835,7,60,0,0,16,429,19,240,16,669,Not in California
Unknown,2021-02-17,5,900,3,838,2,62,0,0,2,429,2,242,2,671,Not in California
Unknown,2021-02-18,34,934,29,867,5,67,0,0,8,411,26,268,8,679,Not in California
Unknown,2021-02-19,144,1078,139,1006,5,72,0,0,37,342,106,374,37,716,Not in California
Unknown,2021-02-20,2,1080,2,1008,0,72,0,0,0,340,2,376,0,716,Not in California
Unknown,2021-02-21,4,1084,4,1012,0,72,0,0,0,336,4,380,0,716,Not in California
Unknown,2021-02-22,1,1085,1,1013,0,72,0,0,0,335,1,381,0,716,Not in California
Unknown,2021-02-23,32,1117,20,1033,12,84,0,0,10,324,21,402,10,726,Not in California
Unknown,2021-02-24,11,1128,4,1037,7,91,0,0,8,329,3,405,8,734,Not in California
Unknown,2021-02-25,38,1166,25,1062,13,104,0,0,16,322,23,428,16,750,Not in California
Unknown,2021-02-26,26,1192,13,1075,13,117,0,0,11,320,13,441,11,761,Not in California
Unknown,2021-02-27,11,1203,8,1083,3,120,0,0,7,325,2,443,7,768,Not in California
Unknown,2021-02-28,11,1214,9,1092,2,122,0,0,6,328,3,446,6,774,Not in California
Unknown,2021-03-01,19,1233,8,1100,11,133,0,0,8,326,10,456,8,782,Not in California
Unknown,2021-03-02,14,1247,5,1105,9,142,0,0,8,329,5,461,8,790,Not in California
Unknown,2021-03-03,5,1252,1,1106,4,146,0,0,4,333,0,461,4,794,Not in California
Unknown,2021-03-04,18,1270,15,1121,3,149,0,0,8,332,9,470,8,802,Not in California
Unknown,2021-03-05,14,1284,5,1126,9,158,0,0,14,343,3,473,14,816,Not in California
Unknown,2021-03-06,14,1298,8,1134,4,162,2,2,12,354,3,476,14,830,Not in California
Unknown,2021-03-08,28,1326,22,1156,5,167,1,3,7,341,21,497,8,838,Not in California
Unknown,2021-03-09,19,1345,14,1170,2,169,3,6,6,336,14,511,9,847,Not in California
Unknown,2021-03-10,6,1351,3,1173,1,170,2,8,4,339,3,514,6,853,Not in California
Unknown,2021-03-11,20,1371,4,1177,2,172,14,22,2,338,17,531,16,869,Not in California
Unknown,2021-03-12,44,1415,34,1211,5,177,5,27,7,315,35,566,12,881,Not in California
Unknown,2021-03-13,12,1427,3,1214,5,182,4,31,4,315,8,574,8,889,Not in California
Unknown,2021-03-14,4,1431,0,1214,2,184,2,33,1,315,3,577,3,892,Not in California
Unknown,2021-03-15,21,1452,6,1220,13,197,2,35,14,323,8,585,16,908,Not in California
Unknown,2021-03-16,29,1481,8,1228,17,214,4,39,17,331,13,598,21,929,Not in California
Unknown,2021-03-17,28,1509,7,1235,20,234,1,40,27,357,2,600,28,957,Not in California
Unknown,2021-03-18,23,1532,11,1246,12,246,0,40,14,363,8,608,14,971,Not in California
Unknown,2021-03-19,13,1545,7,1253,6,252,0,40,12,372,3,611,12,983,Not in California
Unknown,2021-03-20,13,1558,7,1260,6,258,0,40,4,371,5,616,4,987,Not in California
Unknown,2021-03-21,9,1567,4,1264,5,263,0,40,8,378,1,617,8,995,Not in California
Unknown,2021-03-22,24,1591,8,1272,15,278,1,41,10,380,9,626,11,1006,Not in California
Unknown,2021-03-23,18,1609,4,1276,9,287,5,46,7,382,10,636,12,1018,Not in California
Unknown,2021-03-24,16,1625,4,1280,12,299,0,46,12,390,4,640,12,1030,Not in California
Unknown,2021-03-25,21,1646,10,1290,11,310,0,46,15,400,5,645,15,1045,Not in California
Unknown,2021-03-26,22,1668,8,1298,9,319,5,51,12,408,9,654,17,1062,Not in California
Unknown,2021-03-27,22,1690,11,1309,8,327,3,54,13,412,12,666,16,1078,Not in California
Unknown,2021-03-28,11,1701,4,1313,7,334,0,54,9,419,2,668,9,1087,Not in California
Unknown,2021-03-29,20,1721,8,1321,12,346,0,54,15,430,4,672,15,1102,Not in California
Unknown,2021-03-30,19,1740,10,1331,9,355,0,54,13,437,6,678,13,1115,Not in California
Unknown,2021-03-31,23,1763,12,1343,11,366,0,54,17,447,7,685,17,1132,Not in California
Unknown,2021-04-01,14,1777,10,1353,4,370,0,54,11,456,2,687,11,1143,Not in California
Unknown,2021-04-02,32,1809,12,1365,11,381,9,63,14,461,18,705,23,1166,Not in California
Unknown,2021-04-03,16,1825,6,1371,10,391,0,63,9,462,8,713,9,1175,Not in California
Unknown,2021-04-04,11,1836,3,1374,8,399,0,63,8,468,2,715,8,1183,Not in California
Unknown,2021-04-05,20,1856,8,1382,11,410,1,64,8,466,11,726,9,1192,Not in California
Unknown,2021-04-06,15,1871,9,1391,5,415,1,65,9,469,7,733,10,1202,Not in California
Unknown,2021-04-07,27,1898,18,1409,8,423,1,66,20,483,6,739,20,1222,Not in California
Unknown,2021-04-08,25,1923,13,1422,7,430,5,71,13,488,13,752,18,1240,Not in California
Unknown,2021-04-09,18,1941,11,1433,7,437,0,71,16,501,3,755,16,1256,Not in California
Unknown,2021-04-10,7,1948,5,1438,1,438,1,72,4,502,4,759,5,1261,Not in California
Unknown,2021-04-11,7,1955,5,1443,2,440,0,72,3,502,3,762,3,1264,Not in California
Unknown,2021-04-12,23,1978,10,1453,12,452,1,73,12,503,12,774,13,1277,Not in California
Unknown,2021-04-13,28,2006,13,1466,15,467,0,73,12,499,16,790,12,1289,Not in California
Unknown,2021-04-14,21,2027,4,1470,17,484,0,73,5,488,16,806,5,1294,Not in California
Unknown,2021-04-15,26,2053,12,1482,13,497,1,74,11,484,15,821,11,1305,Not in California
Unknown,2021-04-16,14,2067,8,1490,6,503,0,74,6,483,7,828,6,1311,Not in California
Unknown,2021-04-17,14,2081,10,1500,4,507,0,74,3,478,9,837,4,1315,Not in California
Unknown,2021-04-18,13,2094,5,1505,8,515,0,74,6,476,8,845,6,1321,Not in California
Unknown,2021-04-19,18,2112,7,1512,11,526,0,74,7,473,10,855,7,1328,Not in California
Unknown,2021-04-20,16,2128,8,1520,8,534,0,74,2,461,14,869,2,1330,Not in California
Unknown,2021-04-21,27,2155,10,1530,17,551,0,74,10,453,18,887,10,1340,Not in California
Unknown,2021-04-22,14,2169,7,1537,7,558,0,74,3,446,10,897,3,1343,Not in California
Unknown,2021-04-23,26,2195,12,1549,14,572,0,74,13,448,11,908,13,1356,Not in California
Unknown,2021-04-24,26,2221,18,1567,8,580,0,74,17,456,9,917,17,1373,Not in California
Unknown,2021-04-25,16,2237,7,1574,9,589,0,74,7,454,9,926,7,1380,Not in California
Unknown,2021-04-26,17,2254,8,1582,9,598,0,74,6,450,10,936,6,1386,Not in California
Unknown,2021-04-27,25,2279,13,1595,11,609,1,75,9,444,16,952,10,1396,Not in California
Unknown,2021-04-28,23,2302,17,1612,4,613,2,77,7,437,16,968,9,1405,Not in California
Unknown,2021-04-29,27,2329,19,1631,8,621,0,77,12,434,15,983,12,1417,Not in California
Unknown,2021-04-30,22,2351,9,1640,9,630,4,81,12,439,11,994,16,1433,Not in California
Unknown,2021-05-01,25,2376,20,1660,5,635,0,81,13,441,11,1005,13,1446,Not in California
Unknown,2021-05-02,11,2387,5,1665,6,641,0,81,3,437,7,1012,3,1449,Not in California
Unknown,2021-05-03,19,2406,12,1677,4,645,3,84,6,432,13,1025,8,1457,Not in California
Unknown,2021-05-04,17,2423,8,1685,5,650,4,88,3,425,14,1039,7,1464,Not in California
Unknown,2021-05-05,18,2441,5,1690,12,662,1,89,8,423,11,1050,9,1473,Not in California
Unknown,2021-05-06,27,2468,15,1705,5,667,7,96,9,420,19,1069,16,1489,Not in California
Unknown,2021-05-07,22,2490,12,1717,7,674,3,99,9,419,13,1082,12,1501,Not in California
Unknown,2021-05-08,11,2501,7,1724,2,676,2,101,5,421,5,1087,7,1508,Not in California
Unknown,2021-05-09,16,2517,4,1728,8,684,4,105,8,425,8,1095,12,1520,Not in California
Unknown,2021-05-10,13,2530,5,1733,5,689,3,108,3,422,9,1104,6,1526,Not in California
Unknown,2021-05-11,12,2542,6,1739,3,692,3,111,6,425,6,1110,9,1535,Not in California
Unknown,2021-05-12,9,2551,5,1744,3,695,1,112,4,426,4,1114,5,1540,Not in California
Unknown,2021-05-13,14,2565,8,1752,1,696,5,117,9,434,7,1121,15,1555,Not in California
Unknown,2021-05-14,17,2582,14,1766,2,698,1,118,10,438,6,1127,10,1565,Not in California
Unknown,2021-05-15,13,2595,11,1777,2,700,0,118,9,442,5,1132,9,1574,Not in California
Unknown,2021-05-16,19,2614,13,1790,5,705,1,119,12,448,7,1139,13,1587,Not in California
Unknown,2021-05-17,19,2633,14,1804,3,708,2,121,10,452,8,1147,12,1599,Not in California
Unknown,2021-05-18,26,2659,17,1821,7,715,2,123,17,461,10,1157,19,1618,Not in California
Unknown,2021-05-19,29,2688,22,1843,6,721,1,124,13,460,15,1172,14,1632,Not in California
Unknown,2021-05-20,16,2704,13,1856,2,723,1,125,9,463,7,1179,10,1642,Not in California
Unknown,2021-05-21,21,2725,10,1866,7,730,4,129,8,462,13,1192,12,1654,Not in California
Unknown,2021-05-22,23,2748,19,1885,3,733,1,130,12,463,12,1204,13,1667,Not in California
Unknown,2021-05-23,9,2757,6,1891,3,736,0,130,6,466,3,1207,6,1673,Not in California
Unknown,2021-05-24,8,2765,5,1896,2,738,1,131,4,467,4,1211,5,1678,Not in California
Unknown,2021-05-25,17,2782,6,1902,5,743,6,137,8,472,9,1220,14,1692,Not in California
Unknown,2021-05-26,8,2790,5,1907,2,745,1,138,4,473,4,1224,5,1697,Not in California
Unknown,2021-05-27,18,2808,12,1919,4,749,2,140,6,470,11,1235,8,1705,Not in California
Unknown,2021-05-28,23,2831,13,1932,5,754,5,145,13,478,10,1245,18,1723,Not in California
Unknown,2021-05-29,10,2841,10,1942,0,754,0,145,7,482,3,1248,7,1730,Not in California
Unknown,2021-05-30,6,2847,4,1946,1,755,1,146,3,483,3,1251,4,1734,Not in California
Unknown,2021-05-31,1,2848,1,1947,0,755,0,146,0,482,1,1252,0,1734,Not in California
Unknown,2021-06-01,23,2871,11,1958,6,761,6,152,12,489,11,1263,18,1752,Not in California
Unknown,2021-06-02,7,2878,3,1961,4,765,0,152,3,488,4,1267,3,1755,Not in California
Unknown,2021-06-03,18,2896,18,1979,0,765,0,152,9,488,9,1276,9,1764,Not in California
Unknown,2021-06-04,23,2919,14,1993,9,774,0,152,13,491,10,1286,13,1777,Not in California
Unknown,2021-06-05,12,2931,7,2000,4,778,1,153,6,492,6,1292,7,1784,Not in California
Unknown,2021-06-06,23,2954,15,2015,5,783,3,156,8,488,15,1307,11,1795,Not in California
Unknown,2021-06-07,17,2971,7,2022,8,791,2,158,8,489,9,1316,10,1805,Not in California
Unknown,2021-06-08,15,2986,10,2032,3,794,2,160,3,483,11,1327,5,1810,Not in California
Unknown,2021-06-09,4,2990,4,2036,0,794,0,160,0,479,4,1331,0,1810,Not in California
Unknown,2021-06-10,79,3069,73,2109,6,800,0,160,76,552,3,1334,76,1886,Not in California
Unknown,2021-06-12,78,3147,75,2184,1,801,2,162,70,616,8,1342,72,1958,Not in California
Alameda,2020-12-15,37,37,37,37,0,0,0,0,37,37,0,0,37,37,California
Alameda,2020-12-16,210,247,210,247,0,0,0,0,210,247,0,0,210,247,California
Alameda,2020-12-17,506,753,506,753,0,0,0,0,506,753,0,0,506,753,California
Alameda,2020-12-18,1901,2654,1900,2653,1,1,0,0,1901,2654,0,0,1901,2654,California
Alameda,2020-12-19,1420,4074,1420,4073,0,1,0,0,1420,4074,0,0,1420,4074,California
Alameda,2020-12-20,1172,5246,1171,5244,1,2,0,0,1171,5244,1,1,1171,5245,California
Alameda,2020-12-21,1833,7079,1831,7075,2,4,0,0,1832,7076,0,1,1832,7077,California
Alameda,2020-12-22,2085,9164,2031,9106,54,58,0,0,2084,9160,0,1,2084,9161,California
Alameda,2020-12-23,1910,11074,1653,10759,257,315,0,0,1909,11068,1,2,1909,11070,California
Alameda,2020-12-24,1202,12276,747,11506,455,770,0,0,1202,12270,0,2,1202,12272,California
Alameda,2020-12-25,160,12436,125,11631,35,805,0,0,160,12430,0,2,160,12432,California
Alameda,2020-12-26,851,13287,317,11948,534,1339,0,0,851,13281,0,2,851,13283,California
Alameda,2020-12-27,493,13780,254,12202,239,1578,0,0,493,13774,0,2,493,13776,California
Alameda,2020-12-28,1864,15644,957,13159,907,2485,0,0,1864,15638,0,2,1864,15640,California
Alameda,2020-12-29,2473,18117,1075,14234,1398,3883,0,0,2472,18110,0,2,2472,18112,California
Alameda,2020-12-30,3061,21178,1320,15554,1741,5624,0,0,3061,21171,0,2,3061,21173,California
Alameda,2020-12-31,1794,22972,446,16000,1348,6972,0,0,1792,22962,1,3,1792,22965,California
Alameda,2021-01-01,177,23149,74,16074,103,7075,0,0,175,23135,2,5,175,23140,California
Alameda,2021-01-02,726,23875,524,16598,202,7277,0,0,725,23860,0,5,725,23865,California
Alameda,2021-01-03,329,24204,214,16812,115,7392,0,0,326,24183,3,8,326,24191,California
Alameda,2021-01-04,1604,25808,910,17722,694,8086,0,0,1592,25764,11,19,1592,25783,California
Alameda,2021-01-05,2203,28011,1274,18996,929,9015,0,0,1947,27458,253,272,1947,27730,California
Alameda,2021-01-06,3245,31256,1795,20791,1450,10465,0,0,2372,28962,870,1142,2374,30104,California
Alameda,2021-01-07,3790,35046,2125,22916,1665,12130,0,0,2617,30420,1164,2306,2622,32726,California
Alameda,2021-01-08,4750,39796,2713,25629,2037,14167,0,0,3021,31724,1722,4028,3026,35752,California
Alameda,2021-01-09,2013,41809,1370,26999,643,14810,0,0,1158,32027,855,4883,1158,36910,California
Alameda,2021-01-10,1057,42866,837,27836,220,15030,0,0,425,31819,633,5516,425,37335,California
Alameda,2021-01-11,4647,47513,3516,31352,1131,16161,0,0,2848,32876,1798,7314,2855,40190,California
Alameda,2021-01-12,4836,52349,3257,34609,1579,17740,0,0,3451,34950,1384,8698,3458,43648,California
Alameda,2021-01-13,5013,57362,2649,37258,2364,20104,0,0,3822,37595,1186,9884,3831,47479,California
Alameda,2021-01-14,5645,63007,2793,40051,2852,22956,0,0,4749,41475,887,10771,4767,52246,California
Alameda,2021-01-15,5794,68801,2298,42349,3496,26452,0,0,5031,45754,756,11527,5035,57281,California
Alameda,2021-01-16,2977,71778,1397,43746,1580,28032,0,0,2711,48201,266,11793,2713,59994,California
Alameda,2021-01-17,1868,73646,1086,44832,782,28814,0,0,1663,49660,205,11998,1664,61658,California
Alameda,2021-01-18,3154,76800,2026,46858,1128,29942,0,0,2561,51636,587,12585,2563,64221,California
Alameda,2021-01-19,5503,82303,3314,50172,2189,32131,0,0,4311,54759,1190,13775,4313,68534,California
Alameda,2021-01-20,6759,89062,4091,54263,2668,34799,0,0,5465,58947,1281,15056,5469,74003,California
Alameda,2021-01-21,7782,96844,3423,57686,4359,39158,0,0,6939,65055,836,15892,6944,80947,California
Alameda,2021-01-22,6817,103661,2026,59712,4791,43949,0,0,5677,69602,1131,17023,5678,86625,California
Alameda,2021-01-23,3260,106921,944,60656,2316,46265,0,0,2709,71761,550,17573,2709,89334,California
Alameda,2021-01-24,2026,108947,654,61310,1372,47637,0,0,1755,73248,268,17841,1755,91089,California
Alameda,2021-01-25,5165,114112,1974,63284,3191,50828,0,0,3599,75290,1558,19399,3600,94689,California
Alameda,2021-01-26,7297,121409,2306,65590,4991,55819,0,0,5410,78822,1879,21278,5411,100100,California
Alameda,2021-01-27,6680,128089,2059,67649,4621,60440,0,0,4836,81826,1832,23110,4836,104936,California
Alameda,2021-01-28,7868,135957,2558,70207,5310,65750,0,0,5632,85241,2220,25330,5635,110571,California
Alameda,2021-01-29,7969,143926,3192,73399,4777,70527,0,0,6132,89551,1827,27157,6137,116708,California
Alameda,2021-01-30,3432,147358,1688,75087,1744,72271,0,0,2720,91565,706,27863,2720,119428,California
Alameda,2021-01-31,1913,149271,943,76030,970,73241,0,0,1675,93005,235,28098,1675,121103,California
Alameda,2021-02-01,6452,155723,3876,79906,2576,75817,0,0,4319,95201,2124,30222,4320,125423,California
Alameda,2021-02-02,6996,162719,3771,83677,3225,79042,0,0,4669,97550,2320,32542,4669,130092,California
Alameda,2021-02-03,7009,169728,3697,87374,3312,82354,0,0,4329,99210,2674,35216,4334,134426,California
Alameda,2021-02-04,9432,179160,4118,91492,5314,87668,0,0,6326,102448,3093,38309,6331,140757,California
Alameda,2021-02-05,10235,189395,5344,96836,4891,92559,0,0,6369,104964,3860,42169,6376,147133,California
Alameda,2021-02-06,6928,196323,4407,101243,2521,95080,0,0,5803,109642,1125,43294,5803,152936,California
Alameda,2021-02-07,3578,199901,2890,104133,688,95768,0,0,2633,111335,942,44236,2635,155571,California
Alameda,2021-02-08,8080,207981,5791,109924,2289,98057,0,0,5525,114316,2546,46782,5527,161098,California
Alameda,2021-02-09,9626,217607,5794,115718,3832,101889,0,0,5990,116685,3623,50405,5992,167090,California
Alameda,2021-02-10,11417,229024,6751,122469,4666,106555,0,0,6520,118331,4882,55287,6528,173618,California
Alameda,2021-02-11,13925,242949,8017,130486,5908,112463,0,0,8354,121137,5551,60838,8357,181975,California
Alameda,2021-02-12,12462,255411,5672,136158,6790,119253,0,0,7720,124134,4726,65564,7723,189698,California
Alameda,2021-02-13,7752,263163,4040,140198,3712,122965,0,0,5806,128000,1942,67506,5808,195506,California
Alameda,2021-02-14,4035,267198,2546,142744,1489,124454,0,0,2858,129688,1173,68679,2861,198367,California
Alameda,2021-02-15,5641,272839,3184,145928,2457,126911,0,0,3675,131401,1964,70643,3677,202044,California
Alameda,2021-02-16,12485,285324,6960,152888,5525,132436,0,0,9284,137501,3190,73833,9290,211334,California
Alameda,2021-02-17,14099,299423,8377,161265,5722,138158,0,0,10469,144358,3614,77447,10471,221805,California
Alameda,2021-02-18,15839,315262,10074,171339,5765,143923,0,0,11516,151567,4313,81760,11522,233327,California
Alameda,2021-02-19,17815,333077,11568,182907,6247,150170,0,0,11779,157338,6013,87773,11784,245111,California
Alameda,2021-02-20,11998,345075,9702,192609,2296,152466,0,0,9231,163813,2762,90535,9237,254348,California
Alameda,2021-02-21,7785,352860,6833,199442,952,153418,0,0,5282,166604,2491,93026,5282,259630,California
Alameda,2021-02-22,10928,363788,8058,207500,2870,156288,0,0,6864,169426,4051,97077,6873,266503,California
Alameda,2021-02-23,12950,376738,7895,215395,5055,161343,0,0,8068,172628,4872,101949,8074,274577,California
Alameda,2021-02-24,14798,391536,8312,223707,6486,167829,0,0,9583,177065,5152,107101,9589,284166,California
Alameda,2021-02-25,15965,407501,9261,232968,6704,174533,0,0,10095,181331,5838,112939,10104,294270,California
Alameda,2021-02-26,18594,426095,10833,243801,7761,182294,0,0,11805,186397,6743,119682,11809,306079,California
Alameda,2021-02-27,15135,441230,11170,254971,3963,186257,2,2,9360,190009,5752,125434,9364,315443,California
Alameda,2021-02-28,10079,451309,8410,263381,1669,187926,0,2,6522,193002,3530,128964,6523,321966,California
Alameda,2021-03-01,14038,465347,9706,273087,4321,192247,11,13,8579,196189,5411,134375,8598,330564,California
Alameda,2021-03-02,14998,480345,10793,283880,4204,196451,1,14,9819,200857,5159,139534,9827,340391,California
Alameda,2021-03-03,15648,495993,10232,294112,5413,201864,3,17,10707,206657,4914,144448,10714,351105,California
Alameda,2021-03-04,17378,513371,11179,305291,6197,208061,2,19,10967,211250,6376,150824,10969,362074,California
Alameda,2021-03-05,16172,529543,10614,315905,5548,213609,10,29,10937,217012,5191,156015,10953,373027,California
Alameda,2021-03-06,14507,544050,10251,326156,3990,217599,266,295,9614,222048,4844,160859,9880,382907,California
Alameda,2021-03-07,9762,553812,8510,334666,1169,218768,83,378,6965,226328,2770,163629,7050,389957,California
Alameda,2021-03-08,11919,565731,7445,342111,4097,222865,377,755,8912,232659,2957,166586,9288,399245,California
Alameda,2021-03-09,14637,580368,10306,352417,3901,226766,430,1185,7977,234438,6628,173214,8407,407652,California
Alameda,2021-03-10,17415,597783,12092,364509,4773,231539,550,1735,7858,233313,9529,182743,8404,416056,California
Alameda,2021-03-11,19728,617511,11563,376072,6453,237992,1712,3447,6693,228701,13005,195748,8393,424449,California
Alameda,2021-03-12,21320,638831,12508,388580,7111,245103,1701,5148,7341,223782,13948,209696,9029,433478,California
Alameda,2021-03-13,16028,654859,10311,398891,4715,249818,1002,6150,5039,218862,10954,220650,6034,439512,California
Alameda,2021-03-14,10868,665727,8019,406910,2069,251887,780,6930,3294,215375,7552,228202,4065,443577,California
Alameda,2021-03-15,14417,680144,9443,416353,4447,256334,527,7457,6208,213929,8178,236380,6732,450309,California
Alameda,2021-03-16,17169,697313,11166,427519,5470,261804,533,7990,7324,211994,9793,246173,7858,458167,California
Alameda,2021-03-17,17458,714771,9857,437376,6883,268687,718,8708,8042,211378,9372,255545,8756,466923,California
Alameda,2021-03-18,19141,733912,10440,447816,7809,276496,892,9600,8615,210395,10494,266039,9511,476434,California
Alameda,2021-03-19,19359,753271,10625,458441,6941,283437,1793,11393,7540,207950,11769,277808,9324,485758,California
Alameda,2021-03-20,15765,769036,10333,468774,4579,288016,853,12246,6303,205670,9431,287239,7151,492909,California
Alameda,2021-03-21,9201,778237,7233,476007,1415,289431,553,12799,3378,203789,5812,293051,3931,496840,California
Alameda,2021-03-22,15011,793248,10110,486117,3888,293319,1013,13812,6774,203362,8206,301257,7779,504619,California
Alameda,2021-03-23,19279,812527,11707,497824,6755,300074,817,14629,9752,204459,9475,310732,10572,515191,California
Alameda,2021-03-24,19260,831787,11675,509499,6560,306634,1025,15654,8386,203051,10809,321541,9401,524592,California
Alameda,2021-03-25,20529,852316,11400,520899,7720,314354,1409,17063,9359,202708,11099,332640,10756,535348,California
Alameda,2021-03-26,20938,873254,12635,533534,6737,321091,1566,18629,8412,200195,12477,345117,9964,545312,California
Alameda,2021-03-27,18335,891589,12511,546045,4874,325965,950,19579,7511,197870,10774,355891,8449,553761,California
Alameda,2021-03-28,10652,902241,8685,554730,1764,327729,203,19782,3454,194347,7183,363074,3660,557421,California
Alameda,2021-03-29,14687,916928,9413,564143,4280,332009,994,20776,5824,192338,8825,371899,6816,564237,California
Alameda,2021-03-30,18567,935495,9801,573944,7043,339052,1723,22499,9251,194021,9281,381180,10964,575201,California
Alameda,2021-03-31,19339,954834,10185,584129,7049,346101,2105,24604,9042,194889,10267,391447,11135,586336,California
Alameda,2021-04-01,23295,978129,9972,594101,7639,353740,5684,30288,11008,199318,12235,403682,16664,603000,California
Alameda,2021-04-02,24063,1002192,9876,603977,8309,362049,5878,36166,11608,204354,12418,416100,17454,620454,California
Alameda,2021-04-03,20327,1022519,9793,613770,5669,367718,4865,41031,10269,209446,10034,426134,15126,635580,California
Alameda,2021-04-04,9947,1032466,3986,617756,2258,369976,3703,44734,3446,210109,6481,432615,7144,642724,California
Alameda,2021-04-05,17816,1050282,7501,625257,5501,375477,4814,49548,7247,211622,10544,443159,12057,654781,California
Alameda,2021-04-06,22169,1072451,10649,635906,5649,381126,5871,55419,10043,215425,12089,455248,15892,670673,California
Alameda,2021-04-07,22552,1095003,11553,647459,5518,386644,5481,60900,11414,221212,11093,466341,16880,687553,California
Alameda,2021-04-08,25545,1120548,11490,658949,6034,392678,8021,68921,10910,225565,14554,480895,18907,706460,California
Alameda,2021-04-09,23381,1143929,10653,669602,7479,400157,5249,74170,12057,231580,11289,492184,17304,723764,California
Alameda,2021-04-10,19276,1163205,7476,677078,5626,405783,6174,80344,8231,234948,11019,503203,14387,738151,California
Alameda,2021-04-11,10998,1174203,4804,681882,2236,408019,3958,84302,4487,236886,6492,509695,8430,746581,California
Alameda,2021-04-12,18105,1192308,11782,693664,4347,412366,1976,86278,10267,241321,7802,517497,12237,758818,California
Alameda,2021-04-13,23100,1215408,14683,708347,8357,420723,60,86338,17066,252474,5982,523479,17135,775953,California
Alameda,2021-04-14,23229,1238637,15273,723620,7955,428678,1,86339,15739,260773,7452,530931,15751,791704,California
Alameda,2021-04-15,24184,1262821,15455,739075,8727,437405,2,86341,16118,268898,8003,538934,16128,807832,California
Alameda,2021-04-16,24373,1287194,14383,753458,9984,447389,6,86347,15732,276064,8585,547519,15751,823583,California
Alameda,2021-04-17,20845,1308039,14411,767869,6432,453821,2,86349,14425,284119,6386,553905,14441,838024,California
Alameda,2021-04-18,9973,1318012,7650,775519,2323,456144,0,86349,6911,288004,3033,556938,6918,844942,California
Alameda,2021-04-19,15630,1333642,9736,785255,5893,462037,1,86350,9087,290599,6503,563441,9098,854040,California
Alameda,2021-04-20,18102,1351744,11099,796354,7001,469038,2,86352,9977,292519,8081,571522,10001,864041,California
Alameda,2021-04-21,19090,1370834,11157,807511,7922,476960,11,86363,11181,295872,7856,579378,11209,875250,California
Alameda,2021-04-22,21380,1392214,13762,821273,7614,484574,4,86367,11417,297407,9910,589288,11445,886695,California
Alameda,2021-04-23,21779,1413993,14070,835343,7705,492279,4,86371,12251,300219,9470,598758,12282,898977,California
Alameda,2021-04-24,18948,1432941,14401,849744,4539,496818,8,86379,10054,301443,8848,607606,10072,909049,California
Alameda,2021-04-25,8989,1441930,6994,856738,1994,498812,1,86380,5891,304273,3072,610678,5902,914951,California
Alameda,2021-04-26,14390,1456320,9963,866701,4401,503213,26,86406,8976,307904,5381,616059,9012,923963,California
Alameda,2021-04-27,16264,1472584,9624,876325,6274,509487,366,86772,7709,307499,8503,624562,8098,932061,California
Alameda,2021-04-28,16428,1489012,10378,886703,5585,515072,465,87237,6683,304949,9711,634273,7161,939222,California
Alameda,2021-04-29,17159,1506171,10280,896983,6549,521621,330,87567,6392,300982,10710,644983,6743,945965,California
Alameda,2021-04-30,19431,1525602,11968,908951,7124,528745,339,87906,7891,297791,11461,656444,8270,954235,California
Alameda,2021-05-01,13962,1539564,9345,918296,4410,533155,207,88113,5223,294545,8704,665148,5458,959693,California
Alameda,2021-05-02,7065,1546629,4931,923227,1965,535120,169,88282,2886,293443,4161,669309,3059,962752,California
Alameda,2021-05-03,14530,1561159,10935,934162,3275,538395,320,88602,2848,285005,11634,680943,3196,965948,California
Alameda,2021-05-04,18326,1579485,13154,947316,4811,543206,361,88963,3678,274493,14582,695525,4070,970018,California
Alameda,2021-05-05,18345,1597830,13336,960652,4500,547706,509,89472,3724,264182,14557,710082,4246,974264,California
Alameda,2021-05-06,18682,1616512,14118,974770,3870,551576,694,90166,3672,253626,14935,725017,4379,978643,California
Alameda,2021-05-07,19173,1635685,12879,987649,5879,557455,415,90581,4409,243772,14693,739710,4839,983482,California
Alameda,2021-05-08,16467,1652152,11271,998920,4986,562441,210,90791,3103,233777,13324,753034,3329,986811,California
Alameda,2021-05-09,8528,1660680,6984,1005904,1401,563842,143,90934,1443,228304,7063,760097,1590,988401,California
Alameda,2021-05-10,10121,1670801,6928,1012832,2869,566711,324,91258,2523,223595,7565,767662,2856,991257,California
Alameda,2021-05-11,15231,1686032,8197,1021029,6720,573431,314,91572,2812,214388,12369,780031,3162,994419,California
Alameda,2021-05-12,13325,1699357,8861,1029890,4022,577453,442,92014,2990,207561,10290,790321,3463,997882,California
Alameda,2021-05-13,17674,1717031,12682,1042572,4448,581901,544,92558,5669,201852,11954,802275,6245,1004127,California
Alameda,2021-05-14,20505,1737536,13905,1056477,6137,588038,463,93021,7072,196043,13357,815632,7548,1011675,California
Alameda,2021-05-15,17044,1754580,12399,1068876,4418,592456,227,93248,5753,190783,11246,826878,5986,1017661,California
Alameda,2021-05-16,8395,1762975,7178,1076054,1125,593581,92,93340,2802,188120,5562,832440,2899,1020560,California
Alameda,2021-05-17,13342,1776317,9937,1085991,2877,596458,528,93868,4141,183640,9163,841603,4683,1025243,California
Alameda,2021-05-18,14139,1790456,10281,1096272,3437,599895,421,94289,4987,179944,9108,850711,5412,1030655,California
Alameda,2021-05-19,14402,1804858,9869,1106141,4198,604093,335,94624,5972,177873,8379,859090,6308,1036963,California
Alameda,2021-05-20,13161,1818019,8713,1114854,3914,608007,534,95158,5753,176805,7357,866447,6289,1043252,California
Alameda,2021-05-21,15243,1833262,10017,1124871,4954,612961,272,95430,5181,172267,9996,876443,5458,1048710,California
Alameda,2021-05-22,10238,1843500,7391,1132262,2683,615644,164,95594,4132,170492,6077,882520,4302,1053012,California
Alameda,2021-05-23,4887,1848387,3711,1135973,1087,616731,89,95683,1581,168878,3285,885805,1671,1054683,California
Alameda,2021-05-24,6948,1855335,3947,1139920,2748,619479,253,95936,2643,167515,4265,890070,2902,1057585,California
Alameda,2021-05-25,7974,1863309,5154,1145074,2566,622045,254,96190,3582,166989,4358,894428,3832,1061417,California
Alameda,2021-05-26,8241,1871550,5151,1150225,2791,624836,299,96489,3630,166325,4587,899015,3923,1065340,California
Alameda,2021-05-27,8082,1879632,4864,1155089,2870,627706,348,96837,3425,165478,4615,903630,3768,1069108,California
Alameda,2021-05-28,8590,1888222,5027,1160116,3339,631045,224,97061,3654,164447,4911,908541,3880,1072988,California
Alameda,2021-05-29,4902,1893124,2953,1163069,1763,632808,186,97247,2540,164832,2343,910884,2728,1075716,California
Alameda,2021-05-30,2429,1895553,1591,1164660,749,633557,89,97336,972,164444,1449,912333,1061,1076777,California
Alameda,2021-05-31,1153,1896706,853,1165513,245,633802,55,97391,345,164051,793,913126,400,1077177,California
Alameda,2021-06-01,7074,1903780,4971,1170484,1863,635665,240,97631,3074,163393,3974,917100,3316,1080493,California
Alameda,2021-06-02,5789,1909569,3604,1174088,1964,637629,221,97852,2237,162323,3521,920621,2451,1082944,California
Alameda,2021-06-03,8447,1918016,6383,1180471,1784,639413,280,98132,2940,160069,5471,926092,3217,1086161,California
Alameda,2021-06-04,10417,1928433,7670,1188141,2505,641918,242,98374,2959,155852,7419,933511,3202,1089363,California
Alameda,2021-06-05,7984,1936417,5787,1193928,2035,643953,162,98536,1900,151863,6049,939560,2060,1091423,California
Alameda,2021-06-06,3618,1940035,3266,1197194,271,644224,81,98617,1083,150501,2526,942086,1164,1092587,California
Alameda,2021-06-07,5757,1945792,4209,1201403,1374,645598,174,98791,1747,148435,3988,946074,1922,1094509,California
Alameda,2021-06-08,7173,1952965,5727,1207130,1203,646801,243,99034,2092,145714,5055,951129,2334,1096843,California
Alameda,2021-06-09,5467,1958432,4412,1211542,889,647690,166,99200,1357,143138,4094,955223,1518,1098361,California
Alameda,2021-06-10,6184,1964616,5182,1216724,739,648429,263,99463,1836,140904,4330,959553,2096,1100457,California
Alameda,2021-06-11,5935,1970551,4365,1221089,1397,649826,173,99636,1817,138797,4099,963652,1992,1102449,California
Alameda,2021-06-12,4621,1975172,3592,1224681,874,650700,155,99791,1106,136566,3494,967146,1263,1103712,California
Alameda,2021-06-13,1028,1976200,721,1225402,220,650920,87,99878,378,136386,646,967792,466,1104178,California
Alpine,2020-12-18,2,2,2,2,0,0,0,0,2,2,0,0,2,2,California
Alpine,2020-12-19,2,4,2,4,0,0,0,0,2,4,0,0,2,4,California
Alpine,2020-12-21,1,5,1,5,0,0,0,0,1,5,0,0,1,5,California
Alpine,2020-12-30,14,19,0,5,14,14,0,0,14,19,0,0,14,19,California
Alpine,2020-12-31,1,20,0,5,1,15,0,0,1,20,0,0,1,20,California
Alpine,2021-01-01,1,21,0,5,1,16,0,0,1,21,0,0,1,21,California
Alpine,2021-01-02,1,22,1,6,0,16,0,0,1,22,0,0,1,22,California
Alpine,2021-01-04,10,32,0,6,10,26,0,0,10,32,0,0,10,32,California
Alpine,2021-01-05,9,41,1,7,8,34,0,0,9,41,0,0,9,41,California
Alpine,2021-01-06,31,72,0,7,31,65,0,0,31,72,0,0,31,72,California
Alpine,2021-01-07,8,80,0,7,8,73,0,0,8,80,0,0,8,80,California
Alpine,2021-01-08,4,84,2,9,2,75,0,0,2,80,2,2,2,82,California
Alpine,2021-01-09,2,86,2,11,0,75,0,0,0,78,2,4,0,82,California
Alpine,2021-01-11,32,118,1,12,31,106,0,0,31,108,1,5,31,113,California
Alpine,2021-01-13,35,153,0,12,35,141,0,0,35,143,0,5,35,148,California
Alpine,2021-01-14,1,154,0,12,1,142,0,0,1,144,0,5,1,149,California
Alpine,2021-01-15,1,155,0,12,1,143,0,0,1,145,0,5,1,150,California
Alpine,2021-01-20,21,176,0,12,21,164,0,0,21,166,0,5,21,171,California
Alpine,2021-01-21,1,177,0,12,1,165,0,0,1,167,0,5,1,172,California
Alpine,2021-01-22,33,210,0,12,33,198,0,0,33,200,0,5,33,205,California
Alpine,2021-01-23,1,211,1,13,0,198,0,0,0,199,1,6,0,205,California
Alpine,2021-01-25,16,227,0,13,16,214,0,0,16,215,0,6,16,221,California
Alpine,2021-01-27,1,228,1,14,0,214,0,0,0,214,1,7,0,221,California
Alpine,2021-01-28,1,229,0,14,1,215,0,0,0,213,1,8,0,221,California
Alpine,2021-01-29,1,230,0,14,1,216,0,0,1,214,0,8,1,222,California
Alpine,2021-02-01,25,255,0,14,25,241,0,0,7,203,18,26,7,229,California
Alpine,2021-02-03,34,289,0,14,34,275,0,0,10,189,24,50,10,239,California
Alpine,2021-02-04,8,297,0,14,8,283,0,0,3,187,5,55,3,242,California
Alpine,2021-02-05,31,328,0,14,31,314,0,0,12,180,19,74,12,254,California
Alpine,2021-02-08,32,360,0,14,32,346,0,0,4,156,28,102,4,258,California
Alpine,2021-02-10,34,394,0,14,34,380,0,0,0,122,34,136,0,258,California
Alpine,2021-02-11,6,400,0,14,6,386,0,0,3,122,3,139,3,261,California
Alpine,2021-02-12,1,401,0,14,1,387,0,0,0,121,1,140,0,261,California
Alpine,2021-02-17,23,424,0,14,23,410,0,0,3,104,20,160,3,264,California
Alpine,2021-02-18,2,426,0,14,2,412,0,0,1,104,1,161,1,265,California
Alpine,2021-02-19,34,460,1,15,33,445,0,0,2,74,32,193,2,267,California
Alpine,2021-02-22,27,487,0,15,27,472,0,0,8,63,19,212,8,275,California
Alpine,2021-02-25,6,493,1,16,5,477,0,0,6,69,0,212,6,281,California
Alpine,2021-02-26,30,523,1,17,29,506,0,0,29,97,1,213,29,310,California
Alpine,2021-02-27,1,524,0,17,1,507,0,0,1,98,0,213,1,311,California
Alpine,2021-03-01,36,560,0,17,36,543,0,0,26,114,10,223,26,337,California
Alpine,2021-03-03,29,589,0,17,29,572,0,0,18,121,11,234,18,355,California
Alpine,2021-03-04,11,600,1,18,10,582,0,0,11,132,0,234,11,366,California
Alpine,2021-03-05,30,630,0,18,30,612,0,0,22,146,8,242,22,388,California
Alpine,2021-03-08,31,661,0,18,31,643,0,0,29,173,2,244,29,417,California
Alpine,2021-03-10,73,734,0,18,73,716,0,0,73,246,0,244,73,490,California
Alpine,2021-03-11,35,769,0,18,35,751,0,0,31,273,4,248,31,521,California
Alpine,2021-03-12,19,788,0,18,19,770,0,0,17,288,2,250,17,538,California
Alpine,2021-03-15,20,808,0,18,20,790,0,0,19,306,1,251,19,557,California
Alpine,2021-03-17,23,831,0,18,22,812,1,1,19,322,4,255,20,577,California
Alpine,2021-03-18,37,868,2,20,35,847,0,1,35,355,2,257,35,612,California
Alpine,2021-03-19,2,870,1,21,1,848,0,1,1,355,1,258,1,613,California
Alpine,2021-03-22,24,894,0,21,24,872,0,1,15,361,9,267,15,628,California
Alpine,2021-03-24,19,913,0,21,19,891,0,1,8,358,11,278,8,636,California
Alpine,2021-03-25,35,948,1,22,33,924,1,2,27,379,7,285,28,664,California
Alpine,2021-03-27,1,949,0,22,1,925,0,2,0,378,1,286,0,664,California
Alpine,2021-03-28,1,950,1,23,0,925,0,2,1,379,0,286,1,665,California
Alpine,2021-03-29,19,969,0,23,18,943,1,3,2,365,17,303,3,668,California
Alpine,2021-04-01,18,987,0,23,18,961,0,3,8,363,10,313,8,676,California
Alpine,2021-04-02,100,1087,0,23,100,1061,0,3,45,354,54,367,45,721,California
Alpine,2021-04-05,3,1090,0,23,3,1064,0,3,0,351,3,370,0,721,California
Alpine,2021-04-06,2,1092,1,24,1,1065,0,3,1,351,1,371,1,722,California
Alpine,2021-04-07,117,1209,0,24,116,1181,1,4,30,296,86,457,31,753,California
Alpine,2021-04-08,35,1244,0,24,35,1216,0,4,10,281,25,482,10,763,California
Alpine,2021-04-09,2,1246,0,24,2,1218,0,4,2,283,0,482,2,765,California
Alpine,2021-04-14,47,1293,0,24,47,1265,0,4,10,256,37,519,10,775,California
Alpine,2021-04-15,35,1328,0,24,35,1300,0,4,3,227,32,551,3,778,California
Alpine,2021-04-19,1,1329,0,24,1,1301,0,4,1,228,0,551,1,779,California
Alpine,2021-04-21,31,1360,0,24,31,1332,0,4,15,227,16,567,15,794,California
Alpine,2021-04-22,24,1384,0,24,24,1356,0,4,1,205,23,590,1,795,California
Alpine,2021-04-25,1,1385,1,25,0,1356,0,4,0,204,1,591,0,795,California
Alpine,2021-04-27,1,1386,0,25,1,1357,0,4,1,205,0,591,1,796,California
Alpine,2021-04-28,36,1422,0,25,36,1393,0,4,6,181,30,621,6,802,California
Alpine,2021-04-29,6,1428,0,25,6,1399,0,4,0,175,6,627,0,802,California
Alpine,2021-04-30,2,1430,1,26,0,1399,1,5,1,176,1,628,2,804,California
Alpine,2021-05-02,1,1431,0,26,0,1399,1,6,0,176,1,629,1,805,California
Alpine,2021-05-05,17,1448,0,26,17,1416,0,6,4,167,13,642,4,809,California
Alpine,2021-05-06,8,1456,0,26,8,1424,0,6,0,159,8,650,0,809,California
Alpine,2021-05-07,1,1457,0,26,1,1425,0,6,0,158,1,651,0,809,California
Alpine,2021-05-10,1,1458,0,26,1,1426,0,6,1,159,0,651,1,810,California
Alpine,2021-05-12,1,1459,0,26,0,1426,1,7,0,159,1,652,1,811,California
Alpine,2021-05-13,3,1462,0,26,3,1429,0,7,0,156,3,655,0,811,California
Alpine,2021-05-17,2,1464,0,26,2,1431,0,7,1,156,1,656,1,812,California
Alpine,2021-05-18,1,1465,0,26,1,1432,0,7,1,157,0,656,1,813,California
Alpine,2021-05-19,15,1480,0,26,15,1447,0,7,0,142,15,671,0,813,California
Alpine,2021-05-21,1,1481,1,27,0,1447,0,7,0,141,1,672,0,813,California
Alpine,2021-05-25,1,1482,0,27,1,1448,0,7,0,140,1,673,0,813,California
Alpine,2021-05-27,1,1483,0,27,1,1449,0,7,1,141,0,673,1,814,California
Alpine,2021-05-28,2,1485,1,28,1,1450,0,7,2,143,0,673,2,816,California
Alpine,2021-05-29,1,1486,0,28,1,1451,0,7,1,144,0,673,1,817,California
Alpine,2021-06-02,8,1494,0,28,8,1459,0,7,1,138,7,680,1,818,California
Alpine,2021-06-04,1,1495,0,28,1,1460,0,7,1,139,0,680,1,819,California
Alpine,2021-06-07,1,1496,0,28,1,1461,0,7,0,138,1,681,0,819,California
Alpine,2021-06-10,1,1497,1,29,0,1461,0,7,1,139,0,681,1,820,California
Amador,2020-12-16,2,2,2,2,0,0,0,0,2,2,0,0,2,2,California
Amador,2020-12-17,5,7,5,7,0,0,0,0,5,7,0,0,5,7,California
Amador,2020-12-18,46,53,46,53,0,0,0,0,46,53,0,0,46,53,California
Amador,2020-12-19,16,69,16,69,0,0,0,0,16,69,0,0,16,69,California
Amador,2020-12-20,4,73,4,73,0,0,0,0,4,73,0,0,4,73,California
Amador,2020-12-21,30,103,30,103,0,0,0,0,30,103,0,0,30,103,California
Amador,2020-12-22,35,138,34,137,1,1,0,0,35,138,0,0,35,138,California
Amador,2020-12-23,40,178,39,176,1,2,0,0,40,178,0,0,40,178,California
Amador,2020-12-24,5,183,3,179,2,4,0,0,5,183,0,0,5,183,California
Amador,2020-12-26,5,188,4,183,1,5,0,0,5,188,0,0,5,188,California
Amador,2020-12-27,1,189,0,183,1,6,0,0,1,189,0,0,1,189,California
Amador,2020-12-28,30,219,26,209,4,10,0,0,30,219,0,0,30,219,California
Amador,2020-12-29,25,244,18,227,7,17,0,0,25,244,0,0,25,244,California
Amador,2020-12-30,122,366,76,303,46,63,0,0,122,366,0,0,122,366,California
Amador,2020-12-31,193,559,168,471,25,88,0,0,193,559,0,0,193,559,California
Amador,2021-01-01,2,561,0,471,2,90,0,0,2,561,0,0,2,561,California
Amador,2021-01-02,57,618,57,528,0,90,0,0,57,618,0,0,57,618,California
Amador,2021-01-03,66,684,17,545,49,139,0,0,66,684,0,0,66,684,California
Amador,2021-01-04,124,808,1,546,123,262,0,0,124,808,0,0,124,808,California
Amador,2021-01-05,34,842,3,549,31,293,0,0,32,839,2,2,33,841,California
Amador,2021-01-06,41,883,11,560,30,323,0,0,37,872,4,6,37,878,California
Amador,2021-01-07,229,1112,69,629,160,483,0,0,217,1077,12,18,217,1095,California
Amador,2021-01-08,85,1197,70,699,15,498,0,0,41,1075,44,62,42,1137,California
Amador,2021-01-09,11,1208,11,710,0,498,0,0,2,1068,9,71,2,1139,California
Amador,2021-01-10,6,1214,4,714,2,500,0,0,2,1066,4,75,2,1141,California
Amador,2021-01-11,124,1338,43,757,81,581,0,0,88,1119,36,111,89,1230,California
Amador,2021-01-12,65,1403,50,807,15,596,0,0,41,1136,24,135,41,1271,California
Amador,2021-01-13,40,1443,24,831,16,612,0,0,28,1152,12,147,28,1299,California
Amador,2021-01-14,149,1592,22,853,127,739,0,0,139,1282,10,157,140,1439,California
Amador,2021-01-15,59,1651,25,878,34,773,0,0,51,1325,8,165,51,1490,California
Amador,2021-01-16,17,1668,11,889,6,779,0,0,11,1331,6,171,12,1502,California
Amador,2021-01-17,26,1694,5,894,21,800,0,0,26,1357,0,171,26,1528,California
Amador,2021-01-18,30,1724,26,920,4,804,0,0,9,1345,21,192,9,1537,California
Amador,2021-01-19,124,1848,99,1019,25,829,0,0,81,1383,43,235,81,1618,California
Amador,2021-01-20,180,2028,30,1049,150,979,0,0,166,1536,13,248,166,1784,California
Amador,2021-01-21,259,2287,229,1278,30,1009,0,0,148,1574,111,359,149,1933,California
Amador,2021-01-22,135,2422,72,1350,63,1072,0,0,128,1695,7,366,128,2061,California
Amador,2021-01-23,53,2475,32,1382,21,1093,0,0,50,1742,3,369,50,2111,California
Amador,2021-01-24,30,2505,12,1394,18,1111,0,0,27,1766,3,372,27,2138,California
Amador,2021-01-25,59,2564,29,1423,30,1141,0,0,41,1789,18,390,41,2179,California
Amador,2021-01-26,244,2808,17,1440,227,1368,0,0,234,2013,10,400,234,2413,California
Amador,2021-01-27,301,3109,33,1473,268,1636,0,0,254,2223,45,445,255,2668,California
Amador,2021-01-28,369,3478,97,1570,272,1908,0,0,288,2431,81,526,289,2957,California
Amador,2021-01-29,99,3577,33,1603,66,1974,0,0,84,2500,15,541,84,3041,California
Amador,2021-01-30,168,3745,36,1639,132,2106,0,0,163,2658,5,546,163,3204,California
Amador,2021-01-31,33,3778,28,1667,5,2111,0,0,32,2689,1,547,32,3236,California
Amador,2021-02-01,66,3844,24,1691,42,2153,0,0,39,2701,27,574,39,3275,California
Amador,2021-02-02,213,4057,64,1755,149,2302,0,0,126,2743,84,658,126,3401,California
Amador,2021-02-03,140,4197,38,1793,102,2404,0,0,88,2780,51,709,88,3489,California
Amador,2021-02-04,249,4446,74,1867,175,2579,0,0,163,2859,86,795,165,3654,California
Amador,2021-02-05,334,4780,63,1930,271,2850,0,0,317,3159,17,812,317,3971,California
Amador,2021-02-06,100,4880,81,2011,19,2869,0,0,96,3251,4,816,96,4067,California
Amador,2021-02-07,39,4919,35,2046,4,2873,0,0,35,3283,4,820,36,4103,California
Amador,2021-02-08,91,5010,63,2109,28,2901,0,0,74,3340,17,837,74,4177,California
Amador,2021-02-09,173,5183,81,2190,92,2993,0,0,107,3381,66,903,107,4284,California
Amador,2021-02-10,980,6163,80,2270,900,3893,0,0,947,4295,33,936,947,5231,California
Amador,2021-02-11,306,6469,118,2388,188,4081,0,0,196,4383,108,1044,196,5427,California
Amador,2021-02-12,327,6796,120,2508,207,4288,0,0,255,4566,72,1116,255,5682,California
Amador,2021-02-13,164,6960,80,2588,84,4372,0,0,141,4684,23,1139,141,5823,California
Amador,2021-02-14,123,7083,54,2642,69,4441,0,0,105,4771,18,1157,105,5928,California
Amador,2021-02-15,187,7270,61,2703,126,4567,0,0,170,4925,16,1173,170,6098,California
Amador,2021-02-16,466,7736,53,2756,413,4980,0,0,427,5314,39,1212,428,6526,California
Amador,2021-02-17,264,8000,85,2841,179,5159,0,0,166,5382,98,1310,166,6692,California
Amador,2021-02-18,396,8396,98,2939,298,5457,0,0,332,5650,64,1374,332,7024,California
Amador,2021-02-19,194,8590,77,3016,117,5574,0,0,110,5676,84,1458,110,7134,California
Amador,2021-02-20,94,8684,31,3047,63,5637,0,0,66,5714,28,1486,66,7200,California
Amador,2021-02-21,47,8731,34,3081,13,5650,0,0,14,5696,32,1518,14,7214,California
Amador,2021-02-22,67,8798,26,3107,41,5691,0,0,32,5694,34,1552,32,7246,California
Amador,2021-02-23,318,9116,53,3160,265,5956,0,0,139,5654,179,1731,139,7385,California
Amador,2021-02-24,397,9513,59,3219,338,6294,0,0,265,5791,128,1859,265,7650,California
Amador,2021-02-25,527,10040,122,3341,405,6699,0,0,281,5827,245,2104,281,7931,California
Amador,2021-02-26,632,10672,80,3421,552,7251,0,0,515,6226,116,2220,515,8446,California
Amador,2021-02-27,293,10965,96,3517,197,7448,0,0,100,6136,192,2412,102,8548,California
Amador,2021-02-28,106,11071,55,3572,51,7499,0,0,60,6152,46,2458,62,8610,California
Amador,2021-03-01,198,11269,69,3641,129,7628,0,0,126,6207,72,2530,127,8737,California
Amador,2021-03-02,382,11651,62,3703,320,7948,0,0,334,6494,48,2578,335,9072,California
Amador,2021-03-03,242,11893,82,3785,160,8108,0,0,166,6586,75,2653,167,9239,California
Amador,2021-03-04,494,12387,113,3898,381,8489,0,0,393,6879,100,2753,393,9632,California
Amador,2021-03-05,510,12897,74,3972,436,8925,0,0,289,6951,219,2972,291,9923,California
Amador,2021-03-06,98,12995,45,4017,52,8977,1,1,55,6964,43,3015,56,9979,California
Amador,2021-03-07,66,13061,44,4061,22,8999,0,1,23,6944,43,3058,23,10002,California
Amador,2021-03-08,151,13212,69,4130,81,9080,1,2,90,6974,61,3119,91,10093,California
Amador,2021-03-09,374,13586,49,4179,325,9405,0,2,293,7190,78,3197,294,10387,California
Amador,2021-03-10,514,14100,76,4255,436,9841,2,4,111,6902,403,3600,115,10502,California
Amador,2021-03-11,472,14572,117,4372,345,10186,10,14,299,7042,172,3772,312,10814,California
Amador,2021-03-12,568,15140,66,4438,495,10681,7,21,338,7164,229,4001,351,11165,California
Amador,2021-03-13,114,15254,17,4455,90,10771,7,28,75,7211,39,4040,86,11251,California
Amador,2021-03-14,87,15341,18,4473,67,10838,2,30,21,7168,66,4106,23,11274,California
Amador,2021-03-15,179,15520,25,4498,147,10985,7,37,53,7103,126,4232,61,11335,California
Amador,2021-03-16,452,15972,53,4551,390,11375,9,46,139,6940,311,4543,148,11483,California
Amador,2021-03-17,199,16171,44,4595,152,11527,3,49,121,6986,78,4621,124,11607,California
Amador,2021-03-18,480,16651,103,4698,373,11900,4,53,252,7018,228,4849,260,11867,California
Amador,2021-03-19,541,17192,56,4754,470,12370,15,68,389,7276,150,4999,408,12275,California
Amador,2021-03-20,110,17302,45,4799,64,12434,1,69,45,7260,64,5063,48,12323,California
Amador,2021-03-21,48,17350,34,4833,13,12447,1,70,29,7274,18,5081,32,12355,California
Amador,2021-03-22,113,17463,32,4865,52,12499,29,99,48,7286,65,5146,77,12432,California
Amador,2021-03-23,434,17897,46,4911,381,12880,7,106,274,7409,159,5305,282,12714,California
Amador,2021-03-24,347,18244,39,4950,55,12935,253,359,37,7390,309,5614,290,13004,California
Amador,2021-03-25,609,18853,86,5036,516,13451,7,366,394,7577,214,5828,401,13405,California
Amador,2021-03-26,746,19599,42,5078,698,14149,6,372,284,7410,460,6288,293,13698,California
Amador,2021-03-27,87,19686,15,5093,70,14219,2,374,27,7381,60,6348,31,13729,California
Amador,2021-03-28,69,19755,15,5108,52,14271,2,376,12,7340,56,6404,15,13744,California
Amador,2021-03-29,179,19934,25,5133,153,14424,1,377,79,7327,98,6502,85,13829,California
Amador,2021-03-30,534,20468,27,5160,506,14930,1,378,292,7379,241,6743,293,14122,California
Amador,2021-03-31,200,20668,57,5217,138,15068,5,383,44,7273,155,6898,49,14171,California
Amador,2021-04-01,610,21278,84,5301,526,15594,0,383,262,7191,346,7244,264,14435,California
Amador,2021-04-02,607,21885,38,5339,556,16150,13,396,380,7360,226,7470,395,14830,California
Amador,2021-04-03,88,21973,25,5364,44,16194,19,415,23,7339,65,7535,44,14874,California
Amador,2021-04-04,38,22011,3,5367,29,16223,6,421,15,7337,23,7558,21,14895,California
Amador,2021-04-05,144,22155,52,5419,76,16299,16,437,50,7312,93,7651,68,14963,California
Amador,2021-04-06,503,22658,37,5456,448,16747,18,455,223,7275,278,7929,241,15204,California
Amador,2021-04-07,96,22754,32,5488,45,16792,19,474,40,7280,54,7983,59,15263,California
Amador,2021-04-08,496,23250,85,5573,390,17182,21,495,221,7249,274,8257,243,15506,California
Amador,2021-04-09,481,23731,21,5594,440,17622,20,515,213,7212,267,8524,230,15736,California
Amador,2021-04-10,51,23782,15,5609,27,17649,9,524,21,7212,30,8554,30,15766,California
Amador,2021-04-11,48,23830,23,5632,21,17670,4,528,23,7215,24,8578,27,15793,California
Amador,2021-04-12,98,23928,27,5659,61,17731,10,538,42,7211,56,8634,52,15845,California
Amador,2021-04-13,343,24271,47,5706,296,18027,0,538,67,7004,275,8909,68,15913,California
Amador,2021-04-14,284,24555,28,5734,256,18283,0,538,174,7071,107,9016,174,16087,California
Amador,2021-04-15,332,24887,76,5810,256,18539,0,538,70,6884,257,9273,70,16157,California
Amador,2021-04-16,484,25371,29,5839,455,18994,0,538,386,7173,97,9370,386,16543,California
Amador,2021-04-17,65,25436,37,5876,28,19022,0,538,28,7164,37,9407,28,16571,California
Amador,2021-04-18,29,25465,7,5883,22,19044,0,538,11,7159,17,9424,12,16583,California
Amador,2021-04-19,70,25535,28,5911,42,19086,0,538,31,7154,38,9462,33,16616,California
Amador,2021-04-20,436,25971,55,5966,381,19467,0,538,111,6949,318,9780,113,16729,California
Amador,2021-04-21,87,26058,33,5999,54,19521,0,538,44,6951,42,9822,44,16773,California
Amador,2021-04-22,494,26552,77,6076,416,19937,1,539,103,6671,384,10206,104,16877,California
Amador,2021-04-23,359,26911,46,6122,313,20250,0,539,286,6887,72,10278,288,17165,California
Amador,2021-04-24,48,26959,24,6146,24,20274,0,539,27,6894,20,10298,27,17192,California
Amador,2021-04-25,41,27000,19,6165,22,20296,0,539,29,6911,12,10310,29,17221,California
Amador,2021-04-26,93,27093,29,6194,63,20359,1,540,44,6909,48,10358,46,17267,California
Amador,2021-04-27,496,27589,42,6236,453,20812,1,541,90,6597,404,10762,92,17359,California
Amador,2021-04-28,70,27659,29,6265,37,20849,4,545,41,6613,29,10791,45,17404,California
Amador,2021-04-29,221,27880,69,6334,44,20893,108,653,65,6629,156,10947,172,17576,California
Amador,2021-04-30,337,28217,26,6360,307,21200,4,657,94,6484,243,11190,98,17674,California
Amador,2021-05-01,43,28260,15,6375,23,21223,5,662,22,6492,19,11209,27,17701,California
Amador,2021-05-02,27,28287,14,6389,10,21233,3,665,10,6489,17,11226,14,17715,California
Amador,2021-05-03,67,28354,33,6422,24,21257,10,675,27,6486,40,11266,37,17752,California
Amador,2021-05-04,465,28819,26,6448,432,21689,7,682,67,6162,398,11664,74,17826,California
Amador,2021-05-05,203,29022,154,6602,39,21728,10,692,163,6294,39,11703,171,17997,California
Amador,2021-05-06,110,29132,56,6658,49,21777,5,697,64,6319,44,11747,69,18066,California
Amador,2021-05-07,127,29259,29,6687,91,21868,7,704,67,6333,60,11807,74,18140,California
Amador,2021-05-08,42,29301,10,6697,29,21897,3,707,20,6334,22,11829,23,18163,California
Amador,2021-05-09,15,29316,0,6697,9,21906,6,713,4,6333,11,11840,10,18173,California
Amador,2021-05-10,60,29376,14,6711,43,21949,3,716,24,6324,36,11876,27,18200,California
Amador,2021-05-11,101,29477,34,6745,41,21990,26,742,45,6339,56,11932,71,18271,California
Amador,2021-05-12,68,29545,24,6769,41,22031,3,745,32,6338,36,11968,35,18306,California
Amador,2021-05-13,74,29619,41,6810,27,22058,6,751,37,6345,36,12004,43,18349,California
Amador,2021-05-14,395,30014,34,6844,357,22415,4,755,86,6127,309,12313,91,18440,California
Amador,2021-05-15,52,30066,20,6864,21,22436,11,766,24,6134,28,12341,35,18475,California
Amador,2021-05-16,38,30104,15,6879,23,22459,0,766,17,6130,21,12362,17,18492,California
Amador,2021-05-17,76,30180,23,6902,51,22510,2,768,36,6129,39,12401,38,18530,California
Amador,2021-05-18,247,30427,169,7071,43,22553,35,803,163,6244,83,12484,198,18728,California
Amador,2021-05-19,75,30502,25,7096,47,22600,3,806,34,6243,40,12524,39,18767,California
Amador,2021-05-20,87,30589,47,7143,36,22636,4,810,30,6221,56,12580,34,18801,California
Amador,2021-05-21,272,30861,29,7172,241,22877,2,812,40,6031,232,12812,42,18843,California
Amador,2021-05-22,44,30905,14,7186,25,22902,5,817,12,6017,32,12844,18,18861,California
Amador,2021-05-23,26,30931,4,7190,19,22921,3,820,5,6004,21,12865,8,18869,California
Amador,2021-05-24,90,31021,31,7221,47,22968,12,832,42,6011,47,12912,54,18923,California
Amador,2021-05-25,141,31162,89,7310,27,22995,25,857,82,6061,57,12969,107,19030,California
Amador,2021-05-26,207,31369,163,7473,37,23032,7,864,41,5943,165,13134,47,19077,California
Amador,2021-05-27,81,31450,36,7509,36,23068,9,873,30,5931,51,13185,39,19116,California
Amador,2021-05-28,69,31519,27,7536,38,23106,4,877,30,5926,39,13224,34,19150,California
Amador,2021-05-29,26,31545,2,7538,21,23127,3,880,10,5923,16,13240,13,19163,California
Amador,2021-05-30,19,31564,5,7543,8,23135,6,886,6,5922,13,13253,12,19175,California
Amador,2021-05-31,10,31574,0,7543,9,23144,1,887,2,5917,8,13261,3,19178,California
Amador,2021-06-01,94,31668,66,7609,23,23167,5,892,43,5915,50,13311,48,19226,California
Amador,2021-06-02,46,31714,16,7625,22,23189,8,900,16,5910,30,13341,25,19251,California
Amador,2021-06-03,59,31773,26,7651,28,23217,5,905,19,5895,39,13380,24,19275,California
Amador,2021-06-04,101,31874,21,7672,59,23276,21,926,23,5861,78,13458,44,19319,California
Amador,2021-06-05,39,31913,16,7688,20,23296,3,929,5,5835,34,13492,8,19327,California
Amador,2021-06-06,18,31931,8,7696,9,23305,1,930,8,5834,10,13502,9,19336,California
Amador,2021-06-07,45,31976,18,7714,22,23327,5,935,17,5828,28,13530,22,19358,California
Amador,2021-06-08,169,32145,133,7847,25,23352,11,946,49,5770,119,13649,61,19419,California
Amador,2021-06-09,31,32176,11,7858,11,23363,9,955,5,5758,26,13675,14,19433,California
Amador,2021-06-10,34,32210,13,7871,10,23373,11,966,8,5751,26,13701,19,19452,California
Amador,2021-06-11,34,32244,12,7883,18,23391,4,970,4,5729,30,13731,8,19460,California
Amador,2021-06-12,10,32254,2,7885,8,23399,0,970,2,5724,7,13738,2,19462,California
Butte,2020-12-16,3,3,3,3,0,0,0,0,3,3,0,0,3,3,California
Butte,2020-12-17,21,24,21,24,0,0,0,0,21,24,0,0,21,24,California
Butte,2020-12-18,52,76,52,76,0,0,0,0,52,76,0,0,52,76,California
Butte,2020-12-19,7,83,7,83,0,0,0,0,7,83,0,0,7,83,California
Butte,2020-12-20,10,93,10,93,0,0,0,0,10,93,0,0,10,93,California
Butte,2020-12-21,632,725,632,725,0,0,0,0,632,725,0,0,632,725,California
Butte,2020-12-22,618,1343,616,1341,2,2,0,0,618,1343,0,0,618,1343,California
Butte,2020-12-23,874,2217,858,2199,16,18,0,0,874,2217,0,0,874,2217,California
Butte,2020-12-24,158,2375,154,2353,4,22,0,0,158,2375,0,0,158,2375,California
Butte,2020-12-26,90,2465,88,2441,2,24,0,0,90,2465,0,0,90,2465,California
Butte,2020-12-27,35,2500,34,2475,1,25,0,0,35,2500,0,0,35,2500,California
Butte,2020-12-28,278,2778,272,2747,6,31,0,0,278,2778,0,0,278,2778,California
Butte,2020-12-29,203,2981,180,2927,23,54,0,0,203,2981,0,0,203,2981,California
Butte,2020-12-30,513,3494,291,3218,222,276,0,0,513,3494,0,0,513,3494,California
Butte,2020-12-31,213,3707,18,3236,195,471,0,0,213,3707,0,0,213,3707,California
Butte,2021-01-01,9,3716,2,3238,7,478,0,0,9,3716,0,0,9,3716,California
Butte,2021-01-02,40,3756,37,3275,3,481,0,0,40,3756,0,0,40,3756,California
Butte,2021-01-03,3,3759,0,3275,3,484,0,0,3,3759,0,0,3,3759,California
Butte,2021-01-04,209,3968,176,3451,33,517,0,0,209,3968,0,0,209,3968,California
Butte,2021-01-05,195,4163,152,3603,43,560,0,0,194,4161,1,1,194,4162,California
Butte,2021-01-06,626,4789,396,3999,230,790,0,0,621,4778,5,6,622,4784,California
Butte,2021-01-07,762,5551,369,4368,393,1183,0,0,742,5500,20,26,742,5526,California
Butte,2021-01-08,672,6223,531,4899,141,1324,0,0,624,6076,48,74,624,6150,California
Butte,2021-01-09,11,6234,7,4906,4,1328,0,0,6,6077,5,79,6,6156,California
Butte,2021-01-10,19,6253,5,4911,14,1342,0,0,14,6086,5,84,14,6170,California
Butte,2021-01-11,985,7238,950,5861,35,1377,0,0,356,5816,629,713,359,6529,California
Butte,2021-01-12,697,7935,653,6514,44,1421,0,0,275,5669,422,1135,275,6804,California
Butte,2021-01-13,1564,9499,1073,7587,491,1912,0,0,725,5557,839,1974,727,7531,California
Butte,2021-01-14,1637,11136,892,8479,745,2657,0,0,1440,6801,196,2170,1440,8971,California
Butte,2021-01-15,1052,12188,812,9291,240,2897,0,0,943,7635,109,2279,943,9914,California
Butte,2021-01-16,587,12775,301,9592,286,3183,0,0,543,8134,44,2323,543,10457,California
Butte,2021-01-17,237,13012,63,9655,174,3357,0,0,199,8295,38,2361,199,10656,California
Butte,2021-01-18,345,13357,303,9958,42,3399,0,0,278,8507,66,2427,278,10934,California
Butte,2021-01-19,493,13850,431,10389,62,3461,0,0,223,8460,270,2697,223,11157,California
Butte,2021-01-20,1373,15223,690,11079,683,4144,0,0,1070,9227,303,3000,1070,12227,California
Butte,2021-01-21,1476,16699,868,11947,608,4752,0,0,1368,10488,107,3107,1368,13595,California
Butte,2021-01-22,1141,17840,482,12429,659,5411,0,0,1087,11521,54,3161,1087,14682,California
Butte,2021-01-23,124,17964,84,12513,40,5451,0,0,99,11595,25,3186,99,14781,California
Butte,2021-01-24,9,17973,7,12520,2,5453,0,0,9,11604,0,3186,9,14790,California
Butte,2021-01-25,657,18630,338,12858,319,5772,0,0,493,11933,164,3350,493,15283,California
Butte,2021-01-26,1471,20101,376,13234,1095,6867,0,0,1335,13132,136,3486,1335,16618,California
Butte,2021-01-27,2099,22200,707,13941,1392,8259,0,0,1365,13764,733,4219,1365,17983,California
Butte,2021-01-28,2264,24464,260,14201,2004,10263,0,0,1952,15405,311,4530,1952,19935,California
Butte,2021-01-29,1687,26151,487,14688,1200,11463,0,0,1310,16339,376,4906,1310,21245,California
Butte,2021-01-30,29,26180,8,14696,21,11484,0,0,27,16364,2,4908,27,21272,California
Butte,2021-01-31,15,26195,13,14709,2,11486,0,0,14,16377,1,4909,14,21286,California
Butte,2021-02-01,1752,27947,408,15117,1344,12830,0,0,1361,17350,388,5297,1361,22647,California
Butte,2021-02-02,1932,29879,362,15479,1570,14400,0,0,1631,18679,302,5599,1631,24278,California
Butte,2021-02-03,2738,32617,775,16254,1963,16363,0,0,1844,19631,892,6491,1844,26122,California
Butte,2021-02-04,2955,35572,321,16575,2634,18997,0,0,2399,21476,554,7045,2399,28521,California
Butte,2021-02-05,1271,36843,666,17241,605,19602,0,0,550,21306,721,7766,551,29072,California
Butte,2021-02-06,145,36988,103,17344,42,19644,0,0,62,21285,83,7849,62,29134,California
Butte,2021-02-07,37,37025,33,17377,4,19648,0,0,14,21276,23,7872,14,29148,California
Butte,2021-02-08,699,37724,549,17926,150,19798,0,0,241,21059,458,8330,241,29389,California
Butte,2021-02-09,950,38674,458,18384,492,20290,0,0,721,21551,229,8559,721,30110,California
Butte,2021-02-10,1701,40375,1188,19572,513,20803,0,0,672,21196,1027,9586,672,30782,California
Butte,2021-02-11,2202,42577,1345,20917,857,21660,0,0,1002,20998,1200,10786,1002,31784,California
Butte,2021-02-12,1003,43580,435,21352,568,22228,0,0,330,20656,672,11458,330,32114,California
Butte,2021-02-13,245,43825,43,21395,202,22430,0,0,144,20699,101,11559,144,32258,California
Butte,2021-02-14,161,43986,9,21404,152,22582,0,0,157,20852,4,11563,157,32415,California
Butte,2021-02-15,261,44247,47,21451,214,22796,0,0,196,20983,65,11628,196,32611,California
Butte,2021-02-16,728,44975,431,21882,297,23093,0,0,275,20804,454,12082,275,32886,California
Butte,2021-02-17,1514,46489,846,22728,668,23761,0,0,840,20972,672,12754,840,33726,California
Butte,2021-02-18,1558,48047,759,23487,799,24560,0,0,749,20912,809,13563,749,34475,California
Butte,2021-02-19,1169,49216,389,23876,780,25340,0,0,401,20552,761,14324,401,34876,California
Butte,2021-02-20,476,49692,32,23908,444,25784,0,0,126,20329,349,14673,126,35002,California
Butte,2021-02-21,17,49709,15,23923,2,25786,0,0,13,20338,4,14677,13,35015,California
Butte,2021-02-22,1500,51209,296,24219,1204,26990,0,0,377,19595,1120,15797,377,35392,California
Butte,2021-02-23,1636,52845,295,24514,1341,28331,0,0,463,18890,1168,16965,463,35855,California
Butte,2021-02-24,2133,54978,598,25112,1535,29866,0,0,725,18215,1400,18365,725,36580,California
Butte,2021-02-25,2078,57056,576,25688,1502,31368,0,0,656,17456,1416,19781,657,37237,California
Butte,2021-02-26,919,57975,310,25998,609,31977,0,0,395,17331,520,20301,395,37632,California
Butte,2021-02-27,235,58210,47,26045,188,32165,0,0,186,17470,47,20348,186,37818,California
Butte,2021-02-28,141,58351,15,26060,126,32291,0,0,134,17597,7,20355,134,37952,California
Butte,2021-03-01,1628,59979,175,26235,1452,33743,1,1,328,16629,1297,21652,329,38281,California
Butte,2021-03-02,1748,61727,197,26432,1551,35294,0,1,309,15503,1435,23087,309,38590,California
Butte,2021-03-03,2786,64513,850,27282,1936,37230,0,1,481,13681,2303,25390,481,39071,California
Butte,2021-03-04,3152,67665,681,27963,2471,39701,0,1,627,11784,2524,27914,627,39698,California
Butte,2021-03-05,1351,69016,615,28578,735,40436,1,2,734,11906,613,28527,735,40433,California
Butte,2021-03-06,246,69262,24,28602,199,40635,23,25,186,12056,59,28586,209,40642,California
Butte,2021-03-07,54,69316,3,28605,34,40669,17,42,30,12079,24,28610,47,40689,California
Butte,2021-03-08,1266,70582,128,28733,1060,41729,78,120,1100,13094,163,28773,1178,41867,California
Butte,2021-03-09,1906,72488,284,29017,1520,43249,102,222,1415,14123,488,29261,1517,43384,California
Butte,2021-03-10,2314,74802,964,29981,1250,44499,100,322,1577,15067,732,29993,1676,45060,California
Butte,2021-03-11,2813,77615,1318,31299,1369,45868,126,448,1983,16357,819,30812,2109,47169,California
Butte,2021-03-12,1144,78759,330,31629,467,46335,347,795,355,16276,783,31595,702,47871,California
Butte,2021-03-13,253,79012,67,31696,137,46472,49,844,59,16189,194,31789,107,47978,California
Butte,2021-03-14,163,79175,16,31712,105,46577,42,886,20,16109,142,31931,62,48040,California
Butte,2021-03-15,1741,80916,360,32072,1086,47663,295,1181,1145,16961,588,32519,1440,49480,California
Butte,2021-03-16,1648,82564,414,32486,1156,48819,78,1259,1111,17616,533,33052,1188,50668,California
Butte,2021-03-17,1957,84521,1355,33841,521,49340,81,1340,1137,18021,812,33864,1217,51885,California
Butte,2021-03-18,1811,86332,1467,35308,215,49555,129,1469,1062,18468,743,34607,1190,53075,California
Butte,2021-03-19,694,87026,307,35615,303,49858,84,1553,343,18554,341,34948,427,53502,California
Butte,2021-03-20,206,87232,31,35646,159,50017,16,1569,95,18554,111,35059,111,53613,California
Butte,2021-03-21,55,87287,24,35670,2,50019,29,1598,12,18552,43,35102,41,53654,California
Butte,2021-03-22,1481,88768,350,36020,1037,51056,94,1692,1220,19607,259,35361,1314,54968,California
Butte,2021-03-23,1822,90590,491,36511,1217,52273,114,1806,1473,20848,346,35707,1587,56555,California
Butte,2021-03-24,2261,92851,1265,37776,870,53143,126,1932,1711,22139,545,36252,1836,58391,California
Butte,2021-03-25,1481,94332,1197,38973,192,53335,92,2024,1015,22784,462,36714,1107,59498,California
Butte,2021-03-26,1204,95536,436,39409,522,53857,246,2270,558,22950,638,37352,804,60302,California
Butte,2021-03-27,302,95838,83,39492,195,54052,24,2294,135,22943,164,37516,157,60459,California
Butte,2021-03-28,227,96065,43,39535,176,54228,8,2302,102,22930,122,37638,109,60568,California
Butte,2021-03-29,1761,97826,379,39914,1312,55540,70,2372,1343,23930,413,38051,1413,61981,California
Butte,2021-03-30,1032,98858,469,40383,473,56013,90,2462,488,23970,538,38589,578,62559,California
Butte,2021-03-31,1776,100634,1303,41686,406,56419,67,2529,1082,24431,688,39277,1149,63708,California
Butte,2021-04-01,3328,103962,2706,44392,496,56915,126,2655,2260,25756,1062,40339,2387,66095,California
Butte,2021-04-02,1000,104962,417,44809,463,57378,120,2775,564,26010,428,40767,682,66777,California
Butte,2021-04-03,342,105304,45,44854,225,57603,72,2847,163,26066,179,40946,235,67012,California
Butte,2021-04-04,190,105494,25,44879,142,57745,23,2870,112,26125,76,41022,135,67147,California
Butte,2021-04-05,1972,107466,421,45300,1380,59125,171,3041,594,25519,1369,42391,763,67910,California
Butte,2021-04-06,2208,109674,616,45916,1169,60294,423,3464,800,25338,1402,43793,1221,69131,California
Butte,2021-04-07,3035,112709,1318,47234,1325,61619,392,3856,715,24131,2314,46107,1107,70238,California
Butte,2021-04-08,2757,115466,1202,48436,1287,62906,268,4124,459,22564,2294,48401,727,70965,California
Butte,2021-04-09,1376,116842,353,48789,541,63447,482,4606,330,22329,1042,49443,807,71772,California
Butte,2021-04-10,222,117064,47,48836,75,63522,100,4706,100,22406,122,49565,199,71971,California
Butte,2021-04-11,105,117169,42,48878,53,63575,10,4716,82,22476,22,49587,92,72063,California
Butte,2021-04-12,1411,118580,314,49192,964,64539,133,4849,237,21672,1174,50761,370,72433,California
Butte,2021-04-13,1649,120229,572,49764,1071,65610,6,4855,340,20716,1302,52063,346,72779,California
Butte,2021-04-14,2845,123074,2352,52116,493,66103,0,4855,1324,20527,1516,53579,1327,74106,California
Butte,2021-04-15,635,123709,391,52507,244,66347,0,4855,481,20857,151,53730,481,74587,California
Butte,2021-04-16,810,124519,413,52920,397,66744,0,4855,475,20999,333,54063,475,75062,California
Butte,2021-04-17,338,124857,61,52981,277,67021,0,4855,234,21131,102,54165,234,75296,California
Butte,2021-04-18,43,124900,9,52990,34,67055,0,4855,38,21164,5,54170,38,75334,California
Butte,2021-04-19,1558,126458,378,53368,1180,68235,0,4855,427,20463,1128,55298,427,75761,California
Butte,2021-04-20,1971,128429,720,54088,1251,69486,0,4855,754,20007,1210,56508,754,76515,California
Butte,2021-04-21,2041,130470,1161,55249,880,70366,0,4855,462,18896,1573,58081,462,76977,California
Butte,2021-04-22,2219,132689,1940,57189,279,70645,0,4855,612,17904,1604,59685,612,77589,California
Butte,2021-04-23,935,133624,439,57628,496,71141,0,4855,484,17937,451,60136,484,78073,California
Butte,2021-04-24,347,133971,138,57766,209,71350,0,4855,192,17975,154,60290,192,78265,California
Butte,2021-04-25,173,134144,68,57834,105,71455,0,4855,64,17930,109,60399,64,78329,California
Butte,2021-04-26,1560,135704,454,58288,1101,72556,5,4860,403,17185,1153,61552,408,78737,California
Butte,2021-04-27,1018,136722,677,58965,314,72870,27,4887,583,17366,429,61981,610,79347,California
Butte,2021-04-28,1388,138110,934,59899,429,73299,25,4912,501,17009,883,62864,526,79873,California
Butte,2021-04-29,886,138996,540,60439,321,73620,25,4937,299,16752,581,63445,324,80197,California
Butte,2021-04-30,893,139889,389,60828,483,74103,21,4958,448,16781,439,63884,468,80665,California
Butte,2021-05-01,241,140130,64,60892,158,74261,19,4977,72,16703,168,64052,90,80755,California
Butte,2021-05-02,149,140279,61,60953,75,74336,13,4990,43,16653,106,64158,56,80811,California
Butte,2021-05-03,633,140912,256,61209,346,74682,31,5021,177,16415,446,64604,208,81019,California
Butte,2021-05-04,818,141730,316,61525,470,75152,32,5053,211,16056,601,65205,242,81261,California
Butte,2021-05-05,1338,143068,1092,62617,210,75362,36,5089,272,15304,1061,66266,309,81570,California
Butte,2021-05-06,932,144000,673,63290,222,75584,37,5126,356,15124,573,66839,393,81963,California
Butte,2021-05-07,560,144560,288,63578,236,75820,36,5162,286,15174,271,67110,321,82284,California
Butte,2021-05-08,168,144728,35,63613,124,75944,9,5171,88,15192,79,67189,97,82381,California
Butte,2021-05-09,92,144820,19,63632,70,76014,3,5174,49,15201,43,67232,52,82433,California
Butte,2021-05-10,514,145334,302,63934,169,76183,43,5217,211,15155,300,67532,254,82687,California
Butte,2021-05-11,871,146205,643,64577,169,76352,59,5276,278,14902,590,68122,337,83024,California
Butte,2021-05-12,767,146972,484,65061,237,76589,46,5322,345,14875,418,68540,391,83415,California
Butte,2021-05-13,908,147880,607,65668,239,76828,62,5384,331,14700,566,69106,391,83806,California
Butte,2021-05-14,827,148707,515,66183,282,77110,30,5414,357,14620,466,69572,386,84192,California
Butte,2021-05-15,480,149187,224,66407,224,77334,32,5446,223,14619,256,69828,255,84447,California
Butte,2021-05-16,166,149353,82,66489,66,77400,18,5464,97,14666,68,69896,115,84562,California
Butte,2021-05-17,752,150105,479,66968,225,77625,48,5512,323,14610,426,70322,370,84932,California
Butte,2021-05-18,1061,151166,730,67698,283,77908,48,5560,475,14553,580,70902,523,85455,California
Butte,2021-05-19,827,151993,535,68233,248,78156,44,5604,331,14436,491,71393,374,85829,California
Butte,2021-05-20,976,152969,654,68887,214,78370,108,5712,391,14352,582,71975,498,86327,California
Butte,2021-05-21,892,153861,545,69432,320,78690,27,5739,309,14107,580,72555,335,86662,California
Butte,2021-05-22,292,154153,139,69571,146,78836,7,5746,147,14118,142,72697,153,86815,California
Butte,2021-05-23,124,154277,75,69646,48,78884,1,5747,80,14155,44,72741,81,86896,California
Butte,2021-05-24,338,154615,153,69799,135,79019,50,5797,170,14208,166,72907,219,87115,California
Butte,2021-05-25,688,155303,441,70240,211,79230,36,5833,340,14243,341,73248,376,87491,California
Butte,2021-05-26,563,155866,182,70422,358,79588,23,5856,255,14222,299,73547,278,87769,California
Butte,2021-05-27,864,156730,621,71043,226,79814,17,5873,429,14239,430,73977,447,88216,California
Butte,2021-05-28,516,157246,139,71182,298,80112,79,5952,215,14234,299,74276,294,88510,California
Butte,2021-05-29,224,157470,116,71298,96,80208,12,5964,148,14318,76,74352,160,88670,California
Butte,2021-05-30,107,157577,56,71354,51,80259,0,5964,61,14333,46,74398,61,88731,California
Butte,2021-05-31,43,157620,23,71377,18,80277,2,5966,25,14342,18,74416,27,88758,California
Butte,2021-06-01,665,158285,423,71800,210,80487,32,5998,251,14214,411,74827,283,89041,California
Butte,2021-06-02,817,159102,569,72369,204,80691,44,6042,354,14153,459,75286,398,89439,California
Butte,2021-06-03,622,159724,422,72791,185,80876,15,6057,222,13993,397,75683,237,89676,California
Butte,2021-06-04,478,160202,272,73063,178,81054,28,6085,158,13865,314,75997,186,89862,California
Butte,2021-06-05,317,160519,204,73267,93,81147,20,6105,103,13776,212,76209,123,89985,California
Butte,2021-06-06,135,160654,100,73367,33,81180,2,6107,34,13712,100,76309,36,90021,California
Butte,2021-06-07,398,161052,255,73622,114,81294,29,6136,172,13688,225,76534,201,90222,California
Butte,2021-06-08,645,161697,467,74089,162,81456,16,6152,191,13453,443,76977,208,90430,California
Butte,2021-06-09,333,162030,221,74310,93,81549,19,6171,118,13381,209,77186,137,90567,California
Butte,2021-06-10,526,162556,391,74701,110,81659,25,6196,204,13289,320,77506,228,90795,California
Butte,2021-06-11,238,162794,114,74815,114,81773,10,6206,84,13231,152,77658,94,90889,California
Butte,2021-06-12,154,162948,102,74917,43,81816,9,6215,40,13167,113,77771,49,90938,California
Butte,2021-06-13,14,162962,3,74920,8,81824,3,6218,6,13168,8,77779,9,90947,California
Calaveras,2020-12-16,5,5,5,5,0,0,0,0,5,5,0,0,5,5,California
Calaveras,2020-12-17,3,8,3,8,0,0,0,0,3,8,0,0,3,8,California
Calaveras,2020-12-18,40,48,40,48,0,0,0,0,40,48,0,0,40,48,California
Calaveras,2020-12-19,3,51,3,51,0,0,0,0,3,51,0,0,3,51,California
Calaveras,2020-12-20,4,55,4,55,0,0,0,0,4,55,0,0,4,55,California
Calaveras,2020-12-21,55,110,48,103,7,7,0,0,55,110,0,0,55,110,California
Calaveras,2020-12-22,81,191,77,180,4,11,0,0,82,192,0,0,82,192,California
Calaveras,2020-12-23,76,267,74,254,2,13,0,0,76,268,0,0,76,268,California
Calaveras,2020-12-24,2,269,2,256,0,13,0,0,2,270,0,0,2,270,California
Calaveras,2020-12-26,3,272,3,259,0,13,0,0,3,273,0,0,3,273,California
Calaveras,2020-12-27,1,273,1,260,0,13,0,0,1,274,0,0,1,274,California
Calaveras,2020-12-28,21,294,17,277,4,17,0,0,20,293,1,1,20,294,California
Calaveras,2020-12-29,159,453,138,415,21,38,0,0,159,452,0,1,159,453,California
Calaveras,2020-12-30,93,546,81,496,12,50,0,0,93,545,0,1,93,546,California
Calaveras,2020-12-31,36,582,25,521,11,61,0,0,36,581,0,1,36,582,California
Calaveras,2021-01-02,11,593,11,532,0,61,0,0,11,592,0,1,11,593,California
Calaveras,2021-01-03,10,603,4,536,6,67,0,0,10,602,0,1,10,603,California
Calaveras,2021-01-04,33,636,5,541,28,95,0,0,33,635,0,1,33,636,California
Calaveras,2021-01-05,41,677,10,551,31,126,0,0,32,663,9,10,37,673,California
Calaveras,2021-01-06,107,784,30,581,77,203,0,0,97,750,10,20,97,770,California
Calaveras,2021-01-07,107,891,27,608,80,283,0,0,93,832,12,32,94,864,California
Calaveras,2021-01-08,69,960,39,647,30,313,0,0,45,854,24,56,46,910,California
Calaveras,2021-01-09,5,965,5,652,0,313,0,0,2,853,3,59,2,912,California
Calaveras,2021-01-10,2,967,0,652,2,315,0,0,2,855,0,59,2,914,California
Calaveras,2021-01-11,65,1032,59,711,6,321,0,0,27,847,37,96,29,943,California
Calaveras,2021-01-12,85,1117,52,763,33,354,0,0,52,867,33,129,53,996,California
Calaveras,2021-01-13,108,1225,45,808,63,417,0,0,74,908,34,163,75,1071,California
Calaveras,2021-01-14,138,1363,43,851,95,512,0,0,105,982,32,195,106,1177,California
Calaveras,2021-01-15,92,1455,28,879,64,576,0,0,72,1034,20,215,72,1249,California
Calaveras,2021-01-16,13,1468,2,881,11,587,0,0,12,1045,1,216,12,1261,California
Calaveras,2021-01-17,10,1478,2,883,8,595,0,0,9,1053,1,217,9,1270,California
Calaveras,2021-01-18,131,1609,19,902,112,707,0,0,118,1161,13,230,121,1391,California
Calaveras,2021-01-19,208,1817,177,1079,31,738,0,0,70,1096,137,367,72,1463,California
Calaveras,2021-01-20,378,2195,82,1161,296,1034,0,0,289,1310,88,455,302,1765,California
Calaveras,2021-01-21,462,2657,39,1200,423,1457,0,0,424,1711,38,493,439,2204,California
Calaveras,2021-01-22,402,3059,24,1224,378,1835,0,0,391,2099,11,504,399,2603,California
Calaveras,2021-01-23,18,3077,8,1232,10,1845,0,0,17,2115,1,505,17,2620,California
Calaveras,2021-01-24,14,3091,8,1240,6,1851,0,0,12,2125,2,507,12,2632,California
Calaveras,2021-01-25,86,3177,8,1248,78,1929,0,0,81,2201,5,512,81,2713,California
Calaveras,2021-01-26,48,3225,16,1264,32,1961,0,0,39,2231,9,521,39,2752,California
Calaveras,2021-01-27,129,3354,45,1309,84,2045,0,0,100,2303,28,549,100,2852,California
Calaveras,2021-01-28,165,3519,25,1334,140,2185,0,0,139,2421,26,575,144,2996,California
Calaveras,2021-01-29,366,3885,12,1346,354,2539,0,0,334,2738,32,607,349,3345,California
Calaveras,2021-01-30,27,3912,10,1356,17,2556,0,0,25,2763,0,607,25,3370,California
Calaveras,2021-01-31,7,3919,4,1360,3,2559,0,0,6,2768,1,608,6,3376,California
Calaveras,2021-02-01,26,3945,11,1371,15,2574,0,0,17,2776,9,617,17,3393,California
Calaveras,2021-02-02,112,4057,23,1394,89,2663,0,0,73,2816,34,651,74,3467,California
Calaveras,2021-02-03,411,4468,44,1438,367,3030,0,0,325,3058,85,736,327,3794,California
Calaveras,2021-02-04,384,4852,26,1464,358,3388,0,0,299,3275,85,821,302,4096,California
Calaveras,2021-02-05,79,4931,22,1486,57,3445,0,0,41,3279,38,859,42,4138,California
Calaveras,2021-02-06,20,4951,12,1498,8,3453,0,0,20,3299,0,859,20,4158,California
Calaveras,2021-02-07,5,4956,1,1499,4,3457,0,0,2,3299,2,861,2,4160,California
Calaveras,2021-02-08,39,4995,18,1517,21,3478,0,0,31,3324,6,867,31,4191,California
Calaveras,2021-02-09,193,5188,77,1594,116,3594,0,0,130,3394,61,928,131,4322,California
Calaveras,2021-02-10,515,5703,31,1625,484,4078,0,0,442,3769,73,1001,448,4770,California
Calaveras,2021-02-11,582,6285,83,1708,499,4577,0,0,471,4139,108,1109,478,5248,California
Calaveras,2021-02-12,569,6854,325,2033,244,4821,0,0,491,4558,76,1185,495,5743,California
Calaveras,2021-02-13,200,7054,45,2078,155,4976,0,0,185,4728,15,1200,185,5928,California
Calaveras,2021-02-14,222,7276,71,2149,151,5127,0,0,207,4921,14,1214,207,6135,California
Calaveras,2021-02-15,382,7658,23,2172,359,5486,0,0,262,5066,117,1331,262,6397,California
Calaveras,2021-02-16,268,7926,144,2316,124,5610,0,0,230,5261,38,1369,233,6630,California
Calaveras,2021-02-17,511,8437,37,2353,474,6084,0,0,206,5179,292,1661,210,6840,California
Calaveras,2021-02-18,497,8934,90,2443,407,6491,0,0,95,4894,381,2042,96,6936,California
Calaveras,2021-02-19,439,9373,42,2485,397,6888,0,0,98,4662,330,2372,98,7034,California
Calaveras,2021-02-20,57,9430,15,2500,42,6930,0,0,47,4699,10,2382,47,7081,California
Calaveras,2021-02-21,25,9455,15,2515,10,6940,0,0,18,4711,6,2388,18,7099,California
Calaveras,2021-02-22,62,9517,38,2553,24,6964,0,0,33,4715,29,2417,33,7132,California
Calaveras,2021-02-23,127,9644,42,2595,85,7049,0,0,91,4771,36,2453,92,7224,California
Calaveras,2021-02-24,96,9740,47,2642,49,7098,0,0,66,4808,29,2482,66,7290,California
Calaveras,2021-02-25,551,10291,101,2743,450,7548,0,0,355,4978,190,2672,360,7650,California
Calaveras,2021-02-26,775,11066,45,2788,730,8278,0,0,411,5049,341,3013,412,8062,California
Calaveras,2021-02-27,205,11271,23,2811,182,8460,0,0,181,5206,24,3037,181,8243,California
Calaveras,2021-02-28,97,11368,15,2826,82,8542,0,0,91,5292,5,3042,91,8334,California
Calaveras,2021-03-01,235,11603,44,2870,191,8733,0,0,150,5362,81,3123,151,8485,California
Calaveras,2021-03-02,252,11855,98,2968,154,8887,0,0,206,5526,43,3166,207,8692,California
Calaveras,2021-03-03,560,12415,106,3074,454,9341,0,0,242,5457,311,3477,242,8934,California
Calaveras,2021-03-04,748,13163,71,3145,676,10017,1,1,354,5428,385,3862,356,9290,California
Calaveras,2021-03-05,455,13618,271,3416,180,10197,4,5,140,5263,309,4171,144,9434,California
Calaveras,2021-03-06,152,13770,41,3457,105,10302,6,11,113,5343,39,4210,119,9553,California
Calaveras,2021-03-07,77,13847,32,3489,38,10340,7,18,35,5343,42,4252,42,9595,California
Calaveras,2021-03-08,164,14011,28,3517,128,10468,8,26,130,5448,33,4285,138,9733,California
Calaveras,2021-03-09,361,14372,136,3653,219,10687,6,32,32,5163,323,4608,38,9771,California
Calaveras,2021-03-10,417,14789,29,3682,385,11072,3,35,58,4873,351,4959,61,9832,California
Calaveras,2021-03-11,851,15640,424,4106,414,11486,13,48,431,4908,411,5370,446,10278,California
Calaveras,2021-03-12,400,16040,212,4318,178,11664,10,58,322,5171,77,5447,340,10618,California
Calaveras,2021-03-13,178,16218,15,4333,155,11819,8,66,138,5283,39,5486,151,10769,California
Calaveras,2021-03-14,155,16373,11,4344,143,11962,1,67,17,5169,138,5624,24,10793,California
Calaveras,2021-03-15,331,16704,48,4392,258,12220,25,92,54,4976,276,5900,83,10876,California
Calaveras,2021-03-16,690,17394,553,4945,117,12337,20,112,545,5398,143,6043,565,11441,California
Calaveras,2021-03-17,278,17672,51,4996,213,12550,14,126,49,5238,224,6267,64,11505,California
Calaveras,2021-03-18,665,18337,569,5565,80,12630,16,142,548,5687,117,6384,566,12071,California
Calaveras,2021-03-19,234,18571,50,5615,110,12740,74,216,59,5647,171,6555,131,12202,California
Calaveras,2021-03-20,77,18648,22,5637,54,12794,1,217,20,5612,57,6612,22,12224,California
Calaveras,2021-03-21,46,18694,29,5666,6,12800,11,228,9,5597,36,6648,21,12245,California
Calaveras,2021-03-22,80,18774,36,5702,23,12823,21,249,25,5588,55,6703,46,12291,California
Calaveras,2021-03-23,295,19069,205,5907,80,12903,10,259,115,5544,169,6872,125,12416,California
Calaveras,2021-03-24,136,19205,52,5959,74,12977,10,269,44,5508,90,6962,54,12470,California
Calaveras,2021-03-25,744,19949,103,6062,637,13614,4,273,446,5668,290,7252,450,12920,California
Calaveras,2021-03-26,425,20374,27,6089,392,14006,6,279,87,5428,335,7587,95,13015,California
Calaveras,2021-03-27,211,20585,19,6108,188,14194,4,283,37,5300,171,7758,43,13058,California
Calaveras,2021-03-28,112,20697,12,6120,98,14292,2,285,8,5208,103,7861,11,13069,California
Calaveras,2021-03-29,178,20875,23,6143,152,14444,3,288,56,5149,119,7980,60,13129,California
Calaveras,2021-03-30,538,21413,25,6168,496,14940,17,305,359,5347,178,8158,376,13505,California
Calaveras,2021-03-31,323,21736,142,6310,171,15111,10,315,156,5347,167,8325,167,13672,California
Calaveras,2021-04-01,685,22421,444,6754,240,15351,1,316,186,5042,496,8821,191,13863,California
Calaveras,2021-04-02,392,22813,229,6983,155,15506,8,324,116,4897,270,9091,125,13988,California
Calaveras,2021-04-03,143,22956,33,7016,106,15612,4,328,40,4838,103,9194,44,14032,California
Calaveras,2021-04-04,82,23038,26,7042,56,15668,0,328,50,4856,32,9226,50,14082,California
Calaveras,2021-04-05,212,23250,81,7123,121,15789,10,338,100,4854,112,9338,110,14192,California
Calaveras,2021-04-06,655,23905,577,7700,64,15853,14,352,114,4445,537,9875,128,14320,California
Calaveras,2021-04-07,758,24663,661,8361,61,15914,36,388,620,4964,138,10013,657,14977,California
Calaveras,2021-04-08,948,25611,857,9218,69,15983,22,410,438,4918,507,10520,461,15438,California
Calaveras,2021-04-09,155,25766,59,9277,48,16031,48,458,57,4927,97,10617,106,15544,California
Calaveras,2021-04-10,193,25959,43,9320,131,16162,19,477,149,5053,43,10660,169,15713,California
Calaveras,2021-04-11,68,26027,44,9364,22,16184,2,479,49,5085,19,10679,51,15764,California
Calaveras,2021-04-12,104,26131,46,9410,40,16224,18,497,55,5110,49,10728,74,15838,California
Calaveras,2021-04-13,422,26553,367,9777,55,16279,0,497,364,5419,57,10785,366,16204,California
Calaveras,2021-04-14,181,26734,29,9806,152,16431,0,497,135,5509,46,10831,136,16340,California
Calaveras,2021-04-15,334,27068,284,10090,50,16481,0,497,247,5673,83,10914,247,16587,California
Calaveras,2021-04-16,99,27167,24,10114,75,16556,0,497,46,5671,48,10962,46,16633,California
Calaveras,2021-04-17,331,27498,127,10241,204,16760,0,497,290,5920,41,11003,290,16923,California
Calaveras,2021-04-18,17,27515,6,10247,11,16771,0,497,11,5925,6,11009,11,16934,California
Calaveras,2021-04-19,74,27589,26,10273,48,16819,0,497,45,5943,28,11037,46,16980,California
Calaveras,2021-04-20,261,27850,93,10366,168,16987,0,497,194,6072,65,11102,194,17174,California
Calaveras,2021-04-21,213,28063,143,10509,70,17057,0,497,81,6024,130,11232,82,17256,California
Calaveras,2021-04-22,544,28607,96,10605,448,17505,0,497,142,5769,399,11631,144,17400,California
Calaveras,2021-04-23,157,28764,79,10684,78,17583,0,497,64,5743,90,11721,64,17464,California
Calaveras,2021-04-24,172,28936,36,10720,136,17719,0,497,129,5831,42,11763,130,17594,California
Calaveras,2021-04-25,43,28979,28,10748,15,17734,0,497,22,5834,21,11784,24,17618,California
Calaveras,2021-04-26,116,29095,73,10821,43,17777,0,497,34,5787,82,11866,35,17653,California
Calaveras,2021-04-27,442,29537,74,10895,355,18132,13,510,57,5475,382,12248,70,17723,California
Calaveras,2021-04-28,647,30184,579,11474,37,18169,31,541,53,4974,592,12840,91,17814,California
Calaveras,2021-04-29,513,30697,441,11915,53,18222,19,560,72,4631,439,13279,96,17910,California
Calaveras,2021-04-30,150,30847,61,11976,84,18306,5,565,67,4627,82,13361,78,17988,California
Calaveras,2021-05-01,201,31048,110,12086,88,18394,3,568,133,4700,67,13428,140,18128,California
Calaveras,2021-05-02,51,31099,34,12120,16,18410,1,569,18,4689,31,13459,20,18148,California
Calaveras,2021-05-03,92,31191,68,12188,19,18429,5,574,29,4664,63,13522,38,18186,California
Calaveras,2021-05-04,415,31606,329,12517,49,18478,37,611,42,4372,372,13894,80,18266,California
Calaveras,2021-05-05,113,31719,58,12575,23,18501,32,643,50,4391,62,13956,81,18347,California
Calaveras,2021-05-06,254,31973,194,12769,36,18537,24,667,47,4257,206,14162,72,18419,California
Calaveras,2021-05-07,86,32059,22,12791,58,18595,6,673,56,4289,30,14192,62,18481,California
Calaveras,2021-05-08,290,32349,142,12933,146,18741,2,675,90,4184,197,14389,92,18573,California
Calaveras,2021-05-09,29,32378,12,12945,14,18755,3,678,13,4184,16,14405,16,18589,California
Calaveras,2021-05-10,56,32434,25,12970,30,18785,1,679,25,4182,29,14434,27,18616,California
Calaveras,2021-05-11,134,32568,88,13058,33,18818,13,692,93,4249,40,14474,107,18723,California
Calaveras,2021-05-12,167,32735,46,13104,121,18939,0,692,51,4185,115,14589,51,18774,California
Calaveras,2021-05-13,119,32854,65,13169,39,18978,15,707,63,4210,54,14643,79,18853,California
Calaveras,2021-05-14,149,33003,92,13261,54,19032,3,710,100,4265,48,14691,103,18956,California
Calaveras,2021-05-15,267,33270,95,13356,169,19201,3,713,106,4219,155,14846,109,19065,California
Calaveras,2021-05-16,29,33299,12,13368,17,19218,0,713,14,4219,15,14861,15,19080,California
Calaveras,2021-05-17,88,33387,41,13409,40,19258,7,720,46,4232,41,14902,54,19134,California
Calaveras,2021-05-18,224,33611,61,13470,141,19399,22,742,71,4173,152,15054,93,19227,California
Calaveras,2021-05-19,145,33756,59,13529,82,19481,4,746,70,4174,74,15128,75,19302,California
Calaveras,2021-05-20,201,33957,78,13607,98,19579,25,771,65,4130,133,15261,89,19391,California
Calaveras,2021-05-21,97,34054,55,13662,38,19617,4,775,58,4154,37,15298,61,19452,California
Calaveras,2021-05-22,300,34354,159,13821,141,19758,0,775,147,4149,152,15450,147,19599,California
Calaveras,2021-05-23,30,34384,14,13835,16,19774,0,775,13,4145,17,15467,13,19612,California
Calaveras,2021-05-24,73,34457,37,13872,20,19794,16,791,31,4151,42,15509,48,19660,California
Calaveras,2021-05-25,121,34578,46,13918,59,19853,16,807,57,4160,64,15573,73,19733,California
Calaveras,2021-05-26,121,34699,87,14005,30,19883,4,811,83,4209,37,15610,86,19819,California
Calaveras,2021-05-27,83,34782,43,14048,36,19919,4,815,27,4188,53,15663,32,19851,California
Calaveras,2021-05-28,82,34864,42,14090,36,19955,4,819,41,4192,41,15704,45,19896,California
Calaveras,2021-05-29,68,34932,23,14113,40,19995,5,824,33,4195,35,15739,38,19934,California
Calaveras,2021-05-30,36,34968,14,14127,17,20012,5,829,11,4186,25,15764,16,19950,California
Calaveras,2021-05-31,5,34973,0,14127,3,20015,2,831,0,4183,5,15769,2,19952,California
Calaveras,2021-06-01,144,35117,97,14224,41,20056,6,837,44,4133,100,15869,50,20002,California
Calaveras,2021-06-02,85,35202,54,14278,27,20083,4,841,36,4124,49,15918,40,20042,California
Calaveras,2021-06-03,93,35295,55,14333,31,20114,7,848,42,4126,49,15967,51,20093,California
Calaveras,2021-06-04,140,35435,94,14427,34,20148,12,860,37,4072,103,16070,49,20142,California
Calaveras,2021-06-05,84,35519,26,14453,56,20204,2,862,33,4057,50,16120,35,20177,California
Calaveras,2021-06-06,39,35558,27,14480,9,20213,3,865,20,4061,19,16139,23,20200,California
Calaveras,2021-06-07,60,35618,43,14523,9,20222,8,873,24,4058,35,16174,32,20232,California
Calaveras,2021-06-08,115,35733,69,14592,39,20261,7,880,49,4048,66,16240,56,20288,California
Calaveras,2021-06-09,41,35774,10,14602,25,20286,6,886,13,4039,28,16268,19,20307,California
Calaveras,2021-06-10,51,35825,7,14609,35,20321,9,895,16,4029,35,16303,25,20332,California
Calaveras,2021-06-11,48,35873,15,14624,31,20352,2,897,5,3993,43,16346,7,20339,California
Calaveras,2021-06-12,17,35890,7,14631,8,20360,2,899,3,3985,14,16360,6,20345,California
Calaveras,2021-06-13,1,35891,1,14632,0,20360,0,899,0,3984,1,16361,0,20345,California
Colusa,2020-12-18,1,1,1,1,0,0,0,0,1,1,0,0,1,1,California
Colusa,2020-12-21,2,3,2,3,0,0,0,0,2,3,0,0,2,3,California
Colusa,2020-12-22,10,13,10,13,0,0,0,0,10,13,0,0,10,13,California
Colusa,2020-12-23,10,23,10,23,0,0,0,0,10,23,0,0,10,23,California
Colusa,2020-12-24,2,25,1,24,1,1,0,0,2,25,0,0,2,25,California
Colusa,2020-12-27,1,26,1,25,0,1,0,0,1,26,0,0,1,26,California
Colusa,2020-12-28,7,33,3,28,4,5,0,0,7,33,0,0,7,33,California
Colusa,2020-12-29,11,44,8,36,3,8,0,0,11,44,0,0,11,44,California
Colusa,2020-12-30,51,95,14,50,37,45,0,0,51,95,0,0,51,95,California
Colusa,2020-12-31,18,113,1,51,17,62,0,0,18,113,0,0,18,113,California
Colusa,2021-01-04,4,117,0,51,4,66,0,0,4,117,0,0,4,117,California
Colusa,2021-01-05,67,184,1,52,66,132,0,0,67,184,0,0,67,184,California
Colusa,2021-01-06,15,199,9,61,6,138,0,0,15,199,0,0,15,199,California
Colusa,2021-01-07,39,238,5,66,34,172,0,0,38,236,1,1,38,237,California
Colusa,2021-01-08,9,247,7,73,2,174,0,0,8,243,1,2,8,245,California
Colusa,2021-01-09,2,249,1,74,1,175,0,0,2,245,0,2,2,247,California
Colusa,2021-01-10,1,250,0,74,1,176,0,0,1,246,0,2,1,248,California
Colusa,2021-01-11,12,262,6,80,6,182,0,0,7,248,5,7,7,255,California
Colusa,2021-01-12,11,273,9,89,2,184,0,0,6,249,5,12,6,261,California
Colusa,2021-01-13,21,294,13,102,8,192,0,0,13,254,8,20,13,274,California
Colusa,2021-01-14,35,329,28,130,7,199,0,0,33,285,2,22,33,307,California
Colusa,2021-01-15,44,373,5,135,39,238,0,0,42,325,2,24,42,349,California
Colusa,2021-01-16,12,385,1,136,11,249,0,0,11,335,1,25,11,360,California
Colusa,2021-01-17,3,388,2,138,1,250,0,0,2,336,1,26,2,362,California
Colusa,2021-01-18,4,392,0,138,4,254,0,0,4,340,0,26,4,366,California
Colusa,2021-01-19,9,401,8,146,1,255,0,0,5,341,4,30,5,371,California
Colusa,2021-01-20,113,514,101,247,12,267,0,0,99,426,14,44,99,470,California
Colusa,2021-01-21,59,573,44,291,15,282,0,0,58,483,1,45,58,528,California
Colusa,2021-01-22,36,609,17,308,19,301,0,0,31,509,5,50,31,559,California
Colusa,2021-01-23,35,644,6,314,29,330,0,0,35,544,0,50,35,594,California
Colusa,2021-01-25,7,651,0,314,7,337,0,0,7,551,0,50,7,601,California
Colusa,2021-01-26,8,659,5,319,3,340,0,0,5,553,3,53,5,606,California
Colusa,2021-01-27,109,768,31,350,78,418,0,0,107,658,2,55,107,713,California
Colusa,2021-01-28,82,850,47,397,35,453,0,0,74,724,8,63,74,787,California
Colusa,2021-01-29,40,890,7,404,33,486,0,0,39,762,1,64,39,826,California
Colusa,2021-01-30,27,917,4,408,23,509,0,0,27,789,0,64,27,853,California
Colusa,2021-01-31,7,924,7,415,0,509,0,0,7,796,0,64,7,860,California
Colusa,2021-02-01,27,951,10,425,17,526,0,0,22,813,5,69,22,882,California
Colusa,2021-02-02,44,995,9,434,35,561,0,0,37,843,7,76,37,919,California
Colusa,2021-02-03,70,1065,11,445,59,620,0,0,59,891,11,87,59,978,California
Colusa,2021-02-04,144,1209,82,527,62,682,0,0,116,979,28,115,116,1094,California
Colusa,2021-02-05,28,1237,8,535,20,702,0,0,25,1001,3,118,25,1119,California
Colusa,2021-02-06,282,1519,9,544,273,975,0,0,271,1261,11,129,271,1390,California
Colusa,2021-02-07,2,1521,1,545,1,976,0,0,0,1259,2,131,0,1390,California
Colusa,2021-02-08,40,1561,5,550,35,1011,0,0,37,1293,3,134,37,1427,California
Colusa,2021-02-09,229,1790,14,564,215,1226,0,0,176,1416,53,187,176,1603,California
Colusa,2021-02-10,115,1905,41,605,74,1300,0,0,72,1445,43,230,72,1675,California
Colusa,2021-02-11,100,2005,37,642,63,1363,0,0,73,1491,27,257,73,1748,California
Colusa,2021-02-12,120,2125,9,651,111,1474,0,0,79,1528,42,299,79,1827,California
Colusa,2021-02-13,60,2185,8,659,52,1526,0,0,52,1572,8,307,52,1879,California
Colusa,2021-02-14,21,2206,8,667,13,1539,0,0,15,1581,6,313,15,1894,California
Colusa,2021-02-15,45,2251,10,677,35,1574,0,0,38,1612,7,320,38,1932,California
Colusa,2021-02-16,67,2318,4,681,63,1637,0,0,66,1677,1,321,66,1998,California
Colusa,2021-02-17,203,2521,143,824,60,1697,0,0,58,1590,145,466,58,2056,California
Colusa,2021-02-18,137,2658,36,860,101,1798,0,0,114,1681,23,489,114,2170,California
Colusa,2021-02-19,152,2810,19,879,133,1931,0,0,130,1789,22,511,130,2300,California
Colusa,2021-02-20,27,2837,5,884,22,1953,0,0,11,1784,16,527,11,2311,California
Colusa,2021-02-21,1,2838,1,885,0,1953,0,0,0,1783,1,528,0,2311,California
Colusa,2021-02-22,43,2881,26,911,17,1970,0,0,29,1798,14,542,29,2340,California
Colusa,2021-02-23,22,2903,7,918,15,1985,0,0,17,1810,5,547,17,2357,California
Colusa,2021-02-24,303,3206,55,973,248,2233,0,0,158,1823,145,692,158,2515,California
Colusa,2021-02-25,103,3309,55,1028,48,2281,0,0,67,1854,36,728,67,2582,California
Colusa,2021-02-26,97,3406,15,1043,82,2363,0,0,60,1877,37,765,60,2642,California
Colusa,2021-02-27,55,3461,4,1047,51,2414,0,0,40,1902,15,780,40,2682,California
Colusa,2021-02-28,27,3488,15,1062,12,2426,0,0,18,1911,9,789,18,2700,California
Colusa,2021-03-01,46,3534,15,1077,31,2457,0,0,29,1923,17,806,29,2729,California
Colusa,2021-03-02,48,3582,12,1089,36,2493,0,0,25,1925,23,829,25,2754,California
Colusa,2021-03-03,244,3826,43,1132,201,2694,0,0,187,2055,57,886,187,2941,California
Colusa,2021-03-04,138,3964,58,1190,80,2774,0,0,80,2077,58,944,80,3021,California
Colusa,2021-03-05,94,4058,25,1215,60,2834,9,9,53,2098,41,985,62,3083,California
Colusa,2021-03-06,272,4330,9,1224,263,3097,0,9,38,1902,234,1219,38,3121,California
Colusa,2021-03-07,8,4338,5,1229,3,3100,0,9,6,1906,2,1221,6,3127,California
Colusa,2021-03-08,89,4427,21,1250,33,3133,35,44,45,1942,44,1265,80,3207,California
Colusa,2021-03-09,275,4702,74,1324,178,3311,23,67,85,1860,190,1455,108,3315,California
Colusa,2021-03-10,290,4992,38,1362,216,3527,36,103,204,2014,86,1541,240,3555,California
Colusa,2021-03-11,418,5410,60,1422,337,3864,21,124,335,2285,83,1624,354,3909,California
Colusa,2021-03-12,110,5520,18,1440,79,3943,13,137,20,2228,90,1714,33,3942,California
Colusa,2021-03-13,59,5579,14,1454,36,3979,9,146,17,2212,42,1756,26,3968,California
Colusa,2021-03-14,20,5599,0,1454,18,3997,2,148,6,2207,13,1769,8,3976,California
Colusa,2021-03-15,71,5670,27,1481,36,4033,8,156,15,2174,56,1825,23,3999,California
Colusa,2021-03-16,296,5966,16,1497,234,4267,46,202,189,2302,107,1932,235,4234,California
Colusa,2021-03-17,193,6159,50,1547,143,4410,0,202,108,2325,85,2017,108,4342,California
Colusa,2021-03-18,324,6483,37,1584,216,4626,71,273,201,2474,123,2140,272,4614,California
Colusa,2021-03-19,80,6563,21,1605,57,4683,2,275,53,2502,27,2167,55,4669,California
Colusa,2021-03-20,49,6612,7,1612,41,4724,1,276,36,2526,13,2180,37,4706,California
Colusa,2021-03-21,6,6618,4,1616,2,4726,0,276,3,2526,3,2183,3,4709,California
Colusa,2021-03-22,62,6680,10,1626,43,4769,9,285,40,2553,22,2205,49,4758,California
Colusa,2021-03-23,81,6761,16,1642,63,4832,2,287,55,2584,26,2231,57,4815,California
Colusa,2021-03-24,340,7101,56,1698,278,5110,6,293,67,2383,273,2504,72,4887,California
Colusa,2021-03-25,108,7209,60,1758,43,5153,5,298,50,2380,58,2562,55,4942,California
Colusa,2021-03-26,298,7507,48,1806,246,5399,4,302,246,2578,52,2614,250,5192,California
Colusa,2021-03-27,64,7571,5,1811,59,5458,0,302,26,2566,38,2652,26,5218,California
Colusa,2021-03-28,16,7587,7,1818,9,5467,0,302,8,2566,8,2660,8,5226,California
Colusa,2021-03-29,73,7660,21,1839,46,5513,6,308,33,2565,40,2700,39,5265,California
Colusa,2021-03-30,150,7810,82,1921,66,5579,2,310,71,2559,79,2779,73,5338,California
Colusa,2021-03-31,235,8045,41,1962,194,5773,0,310,73,2471,161,2940,73,5411,California
Colusa,2021-04-01,435,8480,71,2033,309,6082,55,365,313,2717,121,3061,367,5778,California
Colusa,2021-04-02,82,8562,15,2048,53,6135,14,379,38,2725,44,3105,52,5830,California
Colusa,2021-04-03,60,8622,9,2057,28,6163,23,402,14,2715,46,3151,36,5866,California
Colusa,2021-04-04,18,8640,0,2057,8,6171,10,412,3,2713,15,3166,13,5879,California
Colusa,2021-04-05,97,8737,26,2083,55,6226,16,428,39,2710,58,3224,55,5934,California
Colusa,2021-04-06,130,8867,34,2117,45,6271,51,479,43,2717,87,3311,94,6028,California
Colusa,2021-04-07,358,9225,41,2158,294,6565,23,502,131,2645,227,3538,155,6183,California
Colusa,2021-04-08,424,9649,34,2192,364,6929,26,528,120,2490,301,3839,146,6329,California
Colusa,2021-04-09,76,9725,21,2213,31,6960,24,552,27,2492,49,3888,51,6380,California
Colusa,2021-04-10,45,9770,9,2222,15,6975,21,573,12,2492,33,3921,33,6413,California
Colusa,2021-04-11,17,9787,3,2225,12,6987,2,575,8,2493,9,3930,10,6423,California
Colusa,2021-04-12,32,9819,3,2228,29,7016,0,575,25,2511,7,3937,25,6448,California
Colusa,2021-04-13,278,10097,22,2250,256,7272,0,575,93,2420,184,4121,93,6541,California
Colusa,2021-04-14,94,10191,19,2269,75,7347,0,575,32,2390,62,4183,32,6573,California
Colusa,2021-04-15,325,10516,46,2315,279,7626,0,575,133,2331,192,4375,133,6706,California
Colusa,2021-04-16,79,10595,11,2326,68,7694,0,575,35,2323,43,4418,35,6741,California
Colusa,2021-04-17,51,10646,7,2333,44,7738,0,575,29,2330,22,4440,29,6770,California
Colusa,2021-04-18,9,10655,2,2335,7,7745,0,575,7,2335,2,4442,7,6777,California
Colusa,2021-04-19,61,10716,22,2357,39,7784,0,575,16,2306,45,4487,16,6793,California
Colusa,2021-04-20,178,10894,31,2388,147,7931,0,575,129,2386,49,4536,129,6922,California
Colusa,2021-04-21,170,11064,59,2447,111,8042,0,575,110,2436,60,4596,110,7032,California
Colusa,2021-04-22,419,11483,27,2474,391,8433,1,576,218,2454,200,4796,218,7250,California
Colusa,2021-04-23,93,11576,20,2494,73,8506,0,576,36,2433,57,4853,36,7286,California
Colusa,2021-04-24,240,11816,19,2513,220,8726,1,577,208,2609,32,4885,208,7494,California
Colusa,2021-04-25,12,11828,6,2519,6,8732,0,577,8,2613,4,4889,8,7502,California
Colusa,2021-04-26,25,11853,5,2524,19,8751,1,578,6,2601,18,4907,6,7508,California
Colusa,2021-04-27,94,11947,23,2547,67,8818,4,582,44,2599,50,4957,48,7556,California
Colusa,2021-04-28,189,12136,27,2574,159,8977,3,585,139,2692,49,5006,142,7698,California
Colusa,2021-04-29,320,12456,27,2601,289,9266,4,589,47,2472,271,5277,51,7749,California
Colusa,2021-04-30,63,12519,18,2619,45,9311,0,589,41,2491,22,5299,41,7790,California
Colusa,2021-05-01,19,12538,8,2627,8,9319,3,592,9,2493,10,5309,12,7802,California
Colusa,2021-05-02,4,12542,1,2628,2,9321,1,593,2,2494,2,5311,3,7805,California
Colusa,2021-05-03,31,12573,7,2635,24,9345,0,593,15,2493,16,5327,15,7820,California
Colusa,2021-05-04,94,12667,52,2687,41,9386,1,594,67,2534,27,5354,68,7888,California
Colusa,2021-05-05,79,12746,16,2703,62,9448,1,595,34,2524,45,5399,35,7923,California
Colusa,2021-05-06,253,12999,16,2719,235,9683,2,597,110,2493,143,5542,112,8035,California
Colusa,2021-05-07,66,13065,5,2724,57,9740,4,601,31,2493,35,5577,35,8070,California
Colusa,2021-05-08,18,13083,5,2729,13,9753,0,601,9,2493,9,5586,9,8079,California
Colusa,2021-05-09,13,13096,5,2734,5,9758,3,604,6,2495,7,5593,9,8088,California
Colusa,2021-05-10,15,13111,6,2740,9,9767,0,604,6,2492,9,5602,6,8094,California
Colusa,2021-05-11,92,13203,33,2773,59,9826,0,604,50,2500,42,5644,50,8144,California
Colusa,2021-05-12,72,13275,31,2804,37,9863,4,608,20,2472,52,5696,24,8168,California
Colusa,2021-05-13,242,13517,24,2828,217,10080,1,609,78,2387,164,5860,79,8247,California
Colusa,2021-05-14,86,13603,18,2846,53,10133,15,624,33,2383,52,5912,48,8295,California
Colusa,2021-05-15,37,13640,9,2855,26,10159,2,626,19,2386,18,5930,21,8316,California
Colusa,2021-05-16,22,13662,5,2860,10,10169,7,633,9,2389,13,5943,16,8332,California
Colusa,2021-05-17,24,13686,4,2864,18,10187,2,635,12,2391,12,5955,14,8346,California
Colusa,2021-05-18,100,13786,26,2890,72,10259,2,637,45,2383,55,6010,47,8393,California
Colusa,2021-05-19,218,14004,44,2934,154,10413,20,657,68,2321,150,6160,88,8481,California
Colusa,2021-05-20,283,14287,36,2970,243,10656,4,661,71,2184,212,6372,75,8556,California
Colusa,2021-05-21,70,14357,23,2993,45,10701,2,663,36,2188,34,6406,38,8594,California
Colusa,2021-05-22,218,14575,21,3014,196,10897,1,664,30,2031,188,6594,31,8625,California
Colusa,2021-05-23,18,14593,7,3021,7,10904,4,668,5,2027,13,6607,9,8634,California
Colusa,2021-05-24,26,14619,3,3024,18,10922,5,673,15,2036,11,6618,20,8654,California
Colusa,2021-05-25,132,14751,73,3097,57,10979,2,675,50,2006,82,6700,52,8706,California
Colusa,2021-05-26,72,14823,25,3122,47,11026,0,675,33,2000,39,6739,33,8739,California
Colusa,2021-05-27,170,14993,17,3139,153,11179,0,675,54,1938,116,6855,54,8793,California
Colusa,2021-05-28,80,15073,26,3165,53,11232,1,676,40,1939,40,6895,41,8834,California
Colusa,2021-05-29,37,15110,18,3183,18,11250,1,677,29,1961,8,6903,30,8864,California
Colusa,2021-05-30,8,15118,1,3184,2,11252,5,682,1,1960,7,6910,6,8870,California
Colusa,2021-05-31,4,15122,0,3184,4,11256,0,682,1,1958,3,6913,1,8871,California
Colusa,2021-06-01,50,15172,16,3200,33,11289,1,683,26,1961,24,6937,27,8898,California
Colusa,2021-06-02,146,15318,20,3220,124,11413,2,685,52,1922,93,7030,54,8952,California
Colusa,2021-06-03,62,15380,20,3240,41,11454,1,686,26,1916,33,7063,27,8979,California
Colusa,2021-06-04,59,15439,19,3259,37,11491,3,689,21,1902,38,7101,24,9003,California
Colusa,2021-06-05,35,15474,16,3275,18,11509,1,690,18,1904,17,7118,19,9022,California
Colusa,2021-06-06,9,15483,4,3279,4,11513,1,691,6,1908,3,7121,7,9029,California
Colusa,2021-06-07,22,15505,6,3285,16,11529,0,691,12,1910,10,7131,12,9041,California
Colusa,2021-06-08,68,15573,17,3302,51,11580,0,691,26,1894,42,7173,26,9067,California
Colusa,2021-06-09,68,15641,37,3339,31,11611,0,691,26,1878,42,7215,26,9093,California
Colusa,2021-06-10,55,15696,22,3361,31,11642,2,693,13,1851,42,7257,15,9108,California
Colusa,2021-06-11,55,15751,32,3393,22,11664,1,694,28,1853,27,7284,29,9137,California
Colusa,2021-06-12,37,15788,23,3416,14,11678,0,694,10,1836,27,7311,10,9147,California
Colusa,2021-06-13,7,15795,1,3417,5,11683,1,695,1,1832,6,7317,2,9149,California
Contra Costa,2020-12-15,18,18,18,18,0,0,0,0,18,18,0,0,18,18,California
Contra Costa,2020-12-16,523,541,523,541,0,0,0,0,523,541,0,0,523,541,California
Contra Costa,2020-12-17,1048,1589,1048,1589,0,0,0,0,1048,1589,0,0,1048,1589,California
Contra Costa,2020-12-18,1772,3361,1771,3360,1,1,0,0,1772,3361,0,0,1772,3361,California
Contra Costa,2020-12-19,1128,4489,1127,4487,1,2,0,0,1128,4489,0,0,1128,4489,California
Contra Costa,2020-12-20,607,5096,606,5093,1,3,0,0,607,5096,0,0,607,5096,California
Contra Costa,2020-12-21,1681,6777,1679,6772,2,5,0,0,1681,6777,0,0,1681,6777,California
Contra Costa,2020-12-22,1686,8463,1580,8352,106,111,0,0,1686,8463,0,0,1686,8463,California
Contra Costa,2020-12-23,1639,10102,1389,9741,250,361,0,0,1639,10102,0,0,1639,10102,California
Contra Costa,2020-12-24,664,10766,339,10080,325,686,0,0,664,10766,0,0,664,10766,California
Contra Costa,2020-12-25,44,10810,20,10100,24,710,0,0,44,10810,0,0,44,10810,California
Contra Costa,2020-12-26,661,11471,137,10237,524,1234,0,0,661,11471,0,0,661,11471,California
Contra Costa,2020-12-27,244,11715,86,10323,158,1392,0,0,244,11715,0,0,244,11715,California
Contra Costa,2020-12-28,1864,13579,874,11197,990,2382,0,0,1864,13579,0,0,1864,13579,California
Contra Costa,2020-12-29,1861,15440,829,12026,1032,3414,0,0,1861,15440,0,0,1861,15440,California
Contra Costa,2020-12-30,2442,17882,1223,13249,1219,4633,0,0,2440,17879,2,2,2441,17881,California
Contra Costa,2020-12-31,931,18813,309,13558,622,5255,0,0,930,18809,0,2,930,18811,California
Contra Costa,2021-01-01,66,18879,24,13582,42,5297,0,0,66,18875,0,2,66,18877,California
Contra Costa,2021-01-02,344,19223,177,13759,167,5464,0,0,344,19219,0,2,344,19221,California
Contra Costa,2021-01-03,186,19409,125,13884,61,5525,0,0,185,19404,0,2,185,19406,California
Contra Costa,2021-01-04,1918,21327,1252,15136,666,6191,0,0,1898,21284,18,20,1898,21304,California
Contra Costa,2021-01-05,2129,23456,1269,16405,860,7051,0,0,1843,22843,285,305,1844,23148,California
Contra Costa,2021-01-06,3327,26783,2281,18686,1046,8097,0,0,2505,24536,816,1121,2509,25657,California
Contra Costa,2021-01-07,3134,29917,2095,20781,1039,9136,0,0,1801,25007,1330,2451,1801,27458,California
Contra Costa,2021-01-08,3430,33347,2428,23209,1002,10138,0,0,1764,25113,1661,4112,1767,29225,California
Contra Costa,2021-01-09,1612,34959,1156,24365,456,10594,0,0,740,24984,871,4983,742,29967,California
Contra Costa,2021-01-10,369,35328,292,24657,77,10671,0,0,155,24925,214,5197,155,30122,California
Contra Costa,2021-01-11,3869,39197,3169,27826,700,11371,0,0,2231,25521,1638,6835,2234,32356,California
Contra Costa,2021-01-12,3962,43159,2974,30800,988,12359,0,0,2600,26764,1361,8196,2604,34960,California
Contra Costa,2021-01-13,4799,47958,2973,33773,1826,14185,0,0,3828,29627,967,9163,3830,38790,California
Contra Costa,2021-01-14,4368,52326,1586,35359,2782,16967,0,0,3976,33216,392,9555,3981,42771,California
Contra Costa,2021-01-15,5409,57735,2488,37847,2921,19888,0,0,5078,37968,330,9885,5082,47853,California
Contra Costa,2021-01-16,1762,59497,572,38419,1190,21078,0,0,1684,39574,78,9963,1684,49537,California
Contra Costa,2021-01-17,1677,61174,986,39405,691,21769,0,0,1555,41010,122,10085,1558,51095,California
Contra Costa,2021-01-18,3272,64446,1300,40705,1972,23741,0,0,2638,43020,629,10714,2639,53734,California
Contra Costa,2021-01-19,7122,71568,3190,43895,3932,27673,0,0,6109,48125,1009,11723,6114,59848,California
Contra Costa,2021-01-20,6781,78349,4174,48069,2607,30280,0,0,5533,52420,1244,12967,5539,65387,California
Contra Costa,2021-01-21,7083,85432,3141,51210,3942,34222,0,0,6343,58037,734,13701,6351,71738,California
Contra Costa,2021-01-22,6487,91919,2748,53958,3739,37961,0,0,5612,62786,866,14567,5615,77353,California
Contra Costa,2021-01-23,2077,93996,367,54325,1710,39671,0,0,1808,64329,267,14834,1810,79163,California
Contra Costa,2021-01-24,1612,95608,221,54546,1391,41062,0,0,1462,65645,150,14984,1466,80629,California
Contra Costa,2021-01-25,6757,102365,3061,57607,3696,44758,0,0,5157,69208,1598,16582,5161,85790,California
Contra Costa,2021-01-26,8235,110600,4749,62356,3486,48244,0,0,6351,73688,1876,18458,6356,92146,California
Contra Costa,2021-01-27,8320,118920,5468,67824,2852,51096,0,0,6435,78254,1873,20331,6439,98585,California
Contra Costa,2021-01-28,7577,126497,4120,71944,3457,54553,0,0,5937,82563,1634,21965,5943,104528,California
Contra Costa,2021-01-29,7551,134048,3930,75874,3621,58174,0,0,6213,87445,1333,23298,6215,110743,California
Contra Costa,2021-01-30,2183,136231,670,76544,1513,59687,0,0,1773,88815,403,23701,1773,112516,California
Contra Costa,2021-01-31,675,136906,445,76989,230,59917,0,0,582,89307,90,23791,582,113098,California
Contra Costa,2021-02-01,5921,142827,4116,81105,1805,61722,0,0,4005,91407,1908,25699,4008,117106,California
Contra Costa,2021-02-02,7655,150482,5127,86232,2528,64250,0,0,5940,95634,1714,27413,5941,123047,California
Contra Costa,2021-02-03,8392,158874,5540,91772,2852,67102,0,0,5696,98645,2686,30099,5697,128744,California
Contra Costa,2021-02-04,7610,166484,3618,95390,3992,71094,0,0,5835,102710,1773,31872,5838,134582,California
Contra Costa,2021-02-05,8529,175013,4857,100247,3672,74766,0,0,5816,105820,2706,34578,5816,140398,California
Contra Costa,2021-02-06,3539,178552,2184,102431,1355,76121,0,0,2877,108037,661,35239,2878,143276,California
Contra Costa,2021-02-07,997,179549,724,103155,273,76394,0,0,609,108260,386,35625,609,143885,California
Contra Costa,2021-02-08,5958,185507,3542,106697,2416,78810,0,0,4430,111170,1521,37146,4431,148316,California
Contra Costa,2021-02-09,8791,194298,4859,111556,3932,82742,0,0,5860,114108,2923,40069,5861,154177,California
Contra Costa,2021-02-10,8757,203055,4717,116273,4040,86782,0,0,5421,116212,3321,43390,5425,159602,California
Contra Costa,2021-02-11,9446,212501,4259,120532,5187,91969,0,0,5328,117433,4112,47502,5333,164935,California
Contra Costa,2021-02-12,10190,222691,4663,125195,5527,97496,0,0,5500,118254,4682,52184,5503,170438,California
Contra Costa,2021-02-13,4947,227638,1391,126586,3556,101052,0,0,3439,120189,1505,53689,3440,173878,California
Contra Costa,2021-02-14,2117,229755,871,127457,1246,102298,0,0,1231,120536,884,54573,1231,175109,California
Contra Costa,2021-02-15,4524,234279,2490,129947,2034,104332,0,0,2360,120741,2156,56729,2361,177470,California
Contra Costa,2021-02-16,10520,244799,4954,134901,5566,109898,0,0,4688,119609,5824,62553,4692,182162,California
Contra Costa,2021-02-17,12439,257238,6235,141136,6204,116102,0,0,5711,118608,6713,69266,5712,187874,California
Contra Costa,2021-02-18,11596,268834,6027,147163,5569,121671,0,0,5361,117747,6224,75490,5363,193237,California
Contra Costa,2021-02-19,11594,280428,7232,154395,4362,126033,0,0,5256,116682,6323,81813,5258,198495,California
Contra Costa,2021-02-20,6609,287037,2997,157392,3612,129645,0,0,4661,119413,1932,83745,4663,203158,California
Contra Costa,2021-02-21,2359,289396,1767,159159,592,130237,0,0,1586,120227,772,84517,1586,204744,California
Contra Costa,2021-02-22,7830,297226,5290,164449,2540,132777,0,0,3605,119626,4210,88727,3609,208353,California
Contra Costa,2021-02-23,12345,309571,7605,172054,4740,137517,0,0,6216,119734,6115,94842,6223,214576,California
Contra Costa,2021-02-24,10874,320445,7997,180051,2877,140394,0,0,5279,119438,5577,100419,5281,219857,California
Contra Costa,2021-02-25,12025,332470,7629,187680,4396,144790,0,0,5580,118599,6424,106843,5585,225442,California
Contra Costa,2021-02-26,11231,343701,7102,194782,4129,148919,0,0,5566,118516,5650,112493,5567,231009,California
Contra Costa,2021-02-27,7012,350713,4530,199312,2482,151401,0,0,4394,120302,2610,115103,4396,235405,California
Contra Costa,2021-02-28,4404,355117,3656,202968,747,152148,1,1,3713,123329,688,115791,3715,239120,California
Contra Costa,2021-03-01,8749,363866,6632,209600,2111,154259,6,7,5398,125400,3335,119126,5406,244526,California
Contra Costa,2021-03-02,10782,374648,6914,216514,3867,158126,1,8,5777,126190,4989,124115,5779,250305,California
Contra Costa,2021-03-03,11478,386126,7214,223728,4263,162389,1,9,6471,127670,4993,129108,6473,256778,California
Contra Costa,2021-03-04,12160,398286,7266,230994,4893,167282,1,10,6318,128167,5823,134931,6320,263098,California
Contra Costa,2021-03-05,11673,409959,6999,237993,4667,171949,7,17,6713,129945,4942,139873,6720,269818,California
Contra Costa,2021-03-06,7603,417562,4254,242247,3037,174986,312,329,4961,132588,2628,142501,5271,275089,California
Contra Costa,2021-03-07,3904,421466,2491,244738,1351,176337,62,391,3215,135178,687,143188,3277,278366,California
Contra Costa,2021-03-08,8367,429833,3967,248705,4090,180427,310,701,5628,138393,2727,145915,5942,284308,California
Contra Costa,2021-03-09,11283,441116,5987,254692,4999,185426,297,998,5912,139244,5360,151275,6211,290519,California
Contra Costa,2021-03-10,12614,453730,6334,261026,4771,190197,1509,2507,5752,139647,6849,158124,7252,297771,California
Contra Costa,2021-03-11,12664,466394,6658,267684,5440,195637,566,3073,6473,140518,6167,164291,7038,304809,California
Contra Costa,2021-03-12,12794,479188,5277,272961,6948,202585,569,3642,6377,141061,6399,170690,6942,311751,California
Contra Costa,2021-03-13,7985,487173,3214,276175,4340,206925,431,4073,3148,139817,4817,175507,3573,315324,California
Contra Costa,2021-03-14,4504,491677,2658,278833,1348,208273,498,4571,1722,139261,2774,178281,2218,317542,California
Contra Costa,2021-03-15,9592,501269,5211,284044,3613,211886,768,5339,4741,139936,4832,183113,5507,323049,California
Contra Costa,2021-03-16,14538,515807,8674,292718,5453,217339,411,5750,7169,140170,7345,190458,7579,330628,California
Contra Costa,2021-03-17,15259,531066,10556,303274,4484,221823,219,5969,8530,142219,6706,197164,8755,339383,California
Contra Costa,2021-03-18,15607,546673,8719,311993,6401,228224,487,6456,8614,144360,6958,204122,9099,348482,California
Contra Costa,2021-03-19,15836,562509,9155,321148,5257,233481,1424,7880,8199,146366,7619,211741,9625,358107,California
Contra Costa,2021-03-20,10861,573370,6520,327668,4023,237504,318,8198,5120,146083,5720,217461,5437,363544,California
Contra Costa,2021-03-21,4655,578025,4066,331734,491,237995,98,8296,1817,145170,2827,220288,1914,365458,California
Contra Costa,2021-03-22,11801,589826,8906,340640,2636,240631,259,8555,6850,147342,4934,225222,7106,372564,California
Contra Costa,2021-03-23,15854,605680,10927,351567,4755,245386,172,8727,9116,149922,6709,231931,9289,381853,California
Contra Costa,2021-03-24,15193,620873,11861,363428,3117,248503,215,8942,9179,153337,5981,237912,9396,391249,California
Contra Costa,2021-03-25,15550,636423,12144,375572,3114,251617,292,9234,9489,157090,6024,243936,9777,401026,California
Contra Costa,2021-03-26,15237,651660,10958,386530,3873,255490,406,9640,8733,159748,6476,250412,9134,410160,California
Contra Costa,2021-03-27,10696,662356,6967,393497,3211,258701,518,10158,5683,160940,5002,255414,6194,416354,California
Contra Costa,2021-03-28,4304,666660,3064,396561,1185,259886,55,10213,1649,160000,2644,258058,1704,418058,California
Contra Costa,2021-03-29,11050,677710,8620,405181,2312,262198,118,10331,7010,163108,4023,262081,7131,425189,California
Contra Costa,2021-03-30,17002,694712,9315,414496,6325,268523,1362,11693,10489,168461,6493,268574,11846,437035,California
Contra Costa,2021-03-31,18265,712977,12823,427319,3991,272514,1451,13144,11510,174705,6710,275284,12954,449989,California
Contra Costa,2021-04-01,17807,730784,12472,439791,3937,276451,1398,14542,11547,181417,6229,281513,12941,462930,California
Contra Costa,2021-04-02,17698,748482,13034,452825,3634,280085,1030,15572,11724,188206,5961,287474,12750,475680,California
Contra Costa,2021-04-03,10988,759470,6559,459384,2867,282952,1562,17134,6278,191346,4695,292169,7835,483515,California
Contra Costa,2021-04-04,3400,762870,1337,460721,1460,284412,603,17737,855,190265,2537,294706,1456,484971,California
Contra Costa,2021-04-05,12248,775118,7976,468697,3284,287696,988,18725,6633,192286,5600,300306,7621,492592,California
Contra Costa,2021-04-06,17498,792616,12128,480825,3069,290765,2301,21026,9797,196701,7680,307986,12095,504687,California
Contra Costa,2021-04-07,18749,811365,12709,493534,3207,293972,2833,23859,10625,202090,8102,316088,13491,518178,California
Contra Costa,2021-04-08,18886,830251,12592,506126,3356,297328,2938,26797,10119,206397,8740,324828,13047,531225,California
Contra Costa,2021-04-09,19057,849308,12148,518274,4390,301718,2519,29316,10194,210269,8832,333660,12704,543929,California
Contra Costa,2021-04-10,10680,859988,3845,522119,2216,303934,4619,33935,3320,210852,7343,341003,7926,551855,California
Contra Costa,2021-04-11,3409,863397,2027,524146,712,304646,670,34605,1140,210398,2263,343266,1809,553664,California
Contra Costa,2021-04-12,12109,875506,7987,532133,3040,307686,1082,35687,5682,210759,6408,349674,6769,560433,California
Contra Costa,2021-04-13,18044,893550,11082,543215,6955,314641,7,35694,12032,216818,5985,355659,12044,572477,California
Contra Costa,2021-04-14,17891,911441,11244,554459,6646,321287,1,35695,9936,218830,7929,363588,9941,582418,California
Contra Costa,2021-04-15,17681,929122,10865,565324,6815,328102,1,35696,8183,217567,9469,373057,8206,590624,California
Contra Costa,2021-04-16,16974,946096,10592,575916,6381,334483,1,35697,7596,215816,9355,382412,7604,598228,California
Contra Costa,2021-04-17,11532,957628,6357,582273,5175,339658,0,35697,6169,216645,5347,387759,6176,604404,California
Contra Costa,2021-04-18,2794,960422,2149,584422,645,340303,0,35697,1796,217452,989,388748,1796,606200,California
Contra Costa,2021-04-19,11484,971906,8572,592994,2912,343215,0,35697,3589,213177,7867,396615,3592,609792,California
Contra Costa,2021-04-20,16807,988713,10919,603913,5888,349103,0,35697,6268,208941,10509,407124,6273,616065,California
Contra Costa,2021-04-21,17486,1006199,14263,618176,3222,352325,1,35698,6196,203895,11250,418374,6204,622269,California
Contra Costa,2021-04-22,17316,1023515,14033,632209,3281,355606,2,35700,6102,198829,11179,429553,6113,628382,California
Contra Costa,2021-04-23,17146,1040661,13628,645837,3518,359124,0,35700,5521,192771,11587,441140,5529,633911,California
Contra Costa,2021-04-24,11049,1051710,8515,654352,2533,361657,1,35701,4230,190208,6797,447937,4234,638145,California
Contra Costa,2021-04-25,3308,1055018,2218,656570,1088,362745,2,35703,2083,191073,1223,449160,2088,640233,California
Contra Costa,2021-04-26,10079,1065097,8406,664976,1649,364394,24,35727,3031,187111,7030,456190,3068,643301,California
Contra Costa,2021-04-27,14765,1079862,10764,675740,3823,368217,178,35905,4021,180602,10719,466909,4210,647511,California
Contra Costa,2021-04-28,14327,1094189,11157,686897,2882,371099,288,36193,3839,174283,10453,477362,4134,651645,California
Contra Costa,2021-04-29,13522,1107711,10468,697365,2883,373982,171,36364,3223,167412,10270,487632,3399,655044,California
Contra Costa,2021-04-30,13810,1121521,10888,708253,2662,376644,260,36624,3120,160135,10661,498293,3384,658428,California
Contra Costa,2021-05-01,8096,1129617,5886,714139,1885,378529,325,36949,1923,156237,6146,504439,2248,660676,California
Contra Costa,2021-05-02,2357,1131974,1596,715735,679,379208,82,37031,988,155949,1358,505797,1070,661746,California
Contra Costa,2021-05-03,9160,1141134,8054,723789,928,380136,178,37209,1926,150837,7219,513016,2107,663853,California
Contra Costa,2021-05-04,14174,1155308,12237,736026,1608,381744,329,37538,2285,141589,11862,524878,2614,666467,California
Contra Costa,2021-05-05,12601,1167909,10872,746898,1528,383272,201,37739,2412,134042,10161,535039,2614,669081,California
Contra Costa,2021-05-06,10349,1178258,8596,755494,1417,384689,336,38075,1940,127942,8385,543424,2285,671366,California
Contra Costa,2021-05-07,9697,1187955,7796,763290,1676,386365,225,38300,2222,122944,7441,550865,2443,673809,California
Contra Costa,2021-05-08,5342,1193297,4021,767311,1151,387516,170,38470,1251,120294,4075,554940,1425,675234,California
Contra Costa,2021-05-09,2126,1195423,1793,769104,274,387790,59,38529,459,119151,1662,556602,519,675753,California
Contra Costa,2021-05-10,4945,1200368,3960,773064,766,388556,219,38748,1335,117115,3588,560190,1552,677305,California
Contra Costa,2021-05-11,8816,1209184,4594,777658,3984,392540,238,38986,1745,112053,7051,567241,1989,679294,California
Contra Costa,2021-05-12,9303,1218487,4788,782446,4250,396790,265,39251,1671,106390,7605,574846,1942,681236,California
Contra Costa,2021-05-13,11762,1230249,7835,790281,3740,400530,187,39438,4218,103281,7517,582363,4408,685644,California
Contra Costa,2021-05-14,12199,1242448,8133,798414,3786,404316,280,39718,5043,101471,7132,589495,5322,690966,California
Contra Costa,2021-05-15,10025,1252473,7275,805689,2630,406946,120,39838,4414,100409,5598,595093,4536,695502,California
Contra Costa,2021-05-16,2443,1254916,2138,807827,259,407205,46,39884,1093,100203,1344,596437,1138,696640,California
Contra Costa,2021-05-17,7053,1261969,5692,813519,1189,408394,172,40056,3542,100427,3492,599929,3716,700356,California
Contra Costa,2021-05-18,10263,1272232,7023,820542,3021,411415,219,40275,4474,99365,5759,605688,4697,705053,California
Contra Costa,2021-05-19,8487,1280719,6869,827411,1425,412840,193,40468,3848,98789,4620,610308,4044,709097,California
Contra Costa,2021-05-20,7146,1287865,5641,833052,1320,414160,185,40653,3348,98551,3772,614080,3534,712631,California
Contra Costa,2021-05-21,7088,1294953,5423,838475,1452,415612,213,40866,3255,98209,3807,617887,3465,716096,California
Contra Costa,2021-05-22,5095,1300048,4023,842498,891,416503,181,41047,2472,98258,2602,620489,2651,718747,California
Contra Costa,2021-05-23,1214,1301262,791,843289,367,416870,56,41103,592,98290,615,621104,647,719394,California
Contra Costa,2021-05-24,4646,1305908,3847,847136,622,417492,177,41280,2180,98193,2456,623560,2359,721753,California
Contra Costa,2021-05-25,6267,1312175,5098,852234,917,418409,252,41532,2640,97475,3610,627170,2892,724645,California
Contra Costa,2021-05-26,5628,1317803,3614,855848,1826,420235,188,41720,1952,95960,3655,630825,2140,726785,California
Contra Costa,2021-05-27,3807,1321610,2688,858536,942,421177,177,41897,1629,95598,2163,632988,1801,728586,California
Contra Costa,2021-05-28,5364,1326974,3747,862283,1443,422620,174,42071,2245,94917,3098,636086,2417,731003,California
Contra Costa,2021-05-29,3249,1330223,2101,864384,1031,423651,117,42188,1623,95041,1616,637702,1740,732743,California
Contra Costa,2021-05-30,926,1331149,585,864969,313,423964,28,42216,360,94865,564,638266,388,733131,California
Contra Costa,2021-05-31,391,1331540,269,865238,110,424074,12,42228,129,94745,260,638526,140,733271,California
Contra Costa,2021-06-01,4795,1336335,3572,868810,1080,425154,143,42371,1716,93541,3063,641589,1859,735130,California
Contra Costa,2021-06-02,3425,1339760,2423,871233,856,426010,146,42517,1399,93069,2016,643605,1544,736674,California
Contra Costa,2021-06-03,5428,1345188,4529,875762,784,426794,115,42632,1456,90675,3965,647570,1571,738245,California
Contra Costa,2021-06-04,6388,1351576,5362,881124,888,427682,138,42770,1618,87674,4754,652324,1753,739998,California
Contra Costa,2021-06-05,5164,1356740,4375,885499,677,428359,112,42882,1110,84852,4042,656366,1220,741218,California
Contra Costa,2021-06-06,1347,1358087,1176,886675,142,428501,29,42911,380,84299,962,657328,409,741627,California
Contra Costa,2021-06-07,4933,1363020,4340,891015,493,428994,100,43011,1409,82296,3513,660841,1510,743137,California
Contra Costa,2021-06-08,6042,1369062,5227,896242,694,429688,121,43132,1419,79227,4610,665451,1541,744678,California
Contra Costa,2021-06-09,4101,1373163,3549,899791,423,430111,129,43261,1049,77365,3041,668492,1179,745857,California
Contra Costa,2021-06-10,3831,1376994,3239,903030,443,430554,149,43410,1014,75725,2803,671295,1163,747020,California
Contra Costa,2021-06-11,3573,1380567,2962,905992,469,431023,142,43552,892,74083,2675,673970,1033,748053,California
Contra Costa,2021-06-12,2488,1383055,2145,908137,294,431317,49,43601,567,72784,1914,675884,615,748668,California
Contra Costa,2021-06-13,565,1383620,408,908545,80,431397,77,43678,185,72672,374,676258,262,748930,California
Del Norte,2020-12-21,22,22,22,22,0,0,0,0,22,22,0,0,22,22,California
Del Norte,2020-12-22,45,67,45,67,0,0,0,0,45,67,0,0,45,67,California
Del Norte,2020-12-23,59,126,48,115,11,11,0,0,57,124,0,0,57,124,California
Del Norte,2020-12-28,34,160,34,149,0,11,0,0,34,158,0,0,34,158,California
Del Norte,2020-12-29,4,164,4,153,0,11,0,0,4,162,0,0,4,162,California
Del Norte,2020-12-30,68,232,56,209,12,23,0,0,68,230,0,0,68,230,California
Del Norte,2020-12-31,16,248,13,222,3,26,0,0,16,246,0,0,16,246,California
Del Norte,2021-01-04,102,350,49,271,53,79,0,0,102,348,0,0,102,348,California
Del Norte,2021-01-05,31,381,0,271,31,110,0,0,31,379,0,0,31,379,California
Del Norte,2021-01-06,77,458,18,289,59,169,0,0,77,456,0,0,77,456,California
Del Norte,2021-01-07,21,479,1,290,20,189,0,0,21,477,0,0,21,477,California
Del Norte,2021-01-08,78,557,7,297,71,260,0,0,78,555,0,0,78,555,California
Del Norte,2021-01-11,39,596,20,317,19,279,0,0,18,553,21,21,19,574,California
Del Norte,2021-01-12,50,646,31,348,19,298,0,0,30,563,20,41,30,604,California
Del Norte,2021-01-13,84,730,40,388,44,342,0,0,51,581,33,74,51,655,California
Del Norte,2021-01-14,53,783,14,402,39,381,0,0,47,622,6,80,47,702,California
Del Norte,2021-01-15,107,890,18,420,89,470,0,0,95,705,12,92,95,797,California
Del Norte,2021-01-17,1,891,1,421,0,470,0,0,1,706,0,92,1,798,California
Del Norte,2021-01-18,2,893,0,421,2,472,0,0,2,708,0,92,2,800,California
Del Norte,2021-01-19,119,1012,56,477,63,535,0,0,77,743,42,134,77,877,California
Del Norte,2021-01-20,159,1171,84,561,75,610,0,0,96,776,63,197,96,973,California
Del Norte,2021-01-21,43,1214,40,601,3,613,0,0,32,797,11,208,32,1005,California
Del Norte,2021-01-22,19,1233,17,618,2,615,0,0,12,802,7,215,12,1017,California
Del Norte,2021-01-23,1,1234,0,618,1,616,0,0,1,803,0,215,1,1018,California
Del Norte,2021-01-24,1,1235,0,618,1,617,0,0,1,804,0,215,1,1019,California
Del Norte,2021-01-25,100,1335,82,700,18,635,0,0,56,816,44,259,56,1075,California
Del Norte,2021-01-26,18,1353,11,711,7,642,0,0,7,812,11,270,7,1082,California
Del Norte,2021-01-27,64,1417,21,732,43,685,0,0,61,870,3,273,61,1143,California
Del Norte,2021-01-28,293,1710,20,752,273,958,0,0,288,1153,5,278,288,1431,California
Del Norte,2021-01-29,61,1771,21,773,40,998,0,0,43,1178,18,296,43,1474,California
Del Norte,2021-01-30,8,1779,1,774,7,1005,0,0,8,1186,0,296,8,1482,California
Del Norte,2021-02-01,40,1819,1,775,39,1044,0,0,25,1196,15,311,25,1507,California
Del Norte,2021-02-02,140,1959,34,809,106,1150,0,0,73,1203,66,377,73,1580,California
Del Norte,2021-02-03,129,2088,42,851,87,1237,0,0,74,1222,55,432,74,1654,California
Del Norte,2021-02-04,69,2157,27,878,42,1279,0,0,40,1233,29,461,40,1694,California
Del Norte,2021-02-05,184,2341,22,900,162,1441,0,0,118,1286,65,526,118,1812,California
Del Norte,2021-02-06,309,2650,3,903,306,1747,0,0,309,1595,0,526,309,2121,California
Del Norte,2021-02-08,36,2686,1,904,35,1782,0,0,32,1623,4,530,32,2153,California
Del Norte,2021-02-09,8,2694,5,909,3,1785,0,0,2,1619,6,536,2,2155,California
Del Norte,2021-02-10,142,2836,20,929,122,1907,0,0,86,1650,55,591,86,2241,California
Del Norte,2021-02-11,176,3012,58,987,118,2025,0,0,63,1600,113,704,63,2304,California
Del Norte,2021-02-12,121,3133,14,1001,107,2132,0,0,67,1613,54,758,67,2371,California
Del Norte,2021-02-13,2,3135,1,1002,1,2133,0,0,2,1615,0,758,2,2373,California
Del Norte,2021-02-14,3,3138,1,1003,2,2135,0,0,2,1616,1,759,2,2375,California
Del Norte,2021-02-15,5,3143,0,1003,5,2140,0,0,3,1617,2,761,3,2378,California
Del Norte,2021-02-16,132,3275,1,1004,131,2271,0,0,13,1511,119,880,13,2391,California
Del Norte,2021-02-17,92,3367,19,1023,73,2344,0,0,24,1468,67,947,24,2415,California
Del Norte,2021-02-18,77,3444,24,1047,53,2397,0,0,51,1493,26,973,51,2466,California
Del Norte,2021-02-19,43,3487,17,1064,26,2423,0,0,33,1516,10,983,33,2499,California
Del Norte,2021-02-20,8,3495,5,1069,3,2426,0,0,6,1520,2,985,6,2505,California
Del Norte,2021-02-22,2,3497,0,1069,2,2428,0,0,2,1522,0,985,2,2507,California
Del Norte,2021-02-23,105,3602,88,1157,17,2445,0,0,29,1476,76,1061,30,2537,California
Del Norte,2021-02-24,155,3757,100,1257,55,2500,0,0,80,1481,75,1136,80,2617,California
Del Norte,2021-02-25,478,4235,131,1388,347,2847,0,0,213,1431,263,1399,213,2830,California
Del Norte,2021-02-26,212,4447,175,1563,37,2884,0,0,166,1551,46,1445,166,2996,California
Del Norte,2021-02-27,148,4595,142,1705,5,2889,1,1,141,1686,7,1452,142,3138,California
Del Norte,2021-02-28,3,4598,0,1705,3,2892,0,1,3,1689,0,1452,3,3141,California
Del Norte,2021-03-01,27,4625,2,1707,25,2917,0,1,4,1671,22,1474,4,3145,California
Del Norte,2021-03-02,222,4847,142,1849,80,2997,0,1,188,1825,34,1508,188,3333,California
Del Norte,2021-03-03,168,5015,99,1948,69,3066,0,1,126,1909,42,1550,126,3459,California
Del Norte,2021-03-04,119,5134,82,2030,37,3103,0,1,91,1973,27,1577,91,3550,California
Del Norte,2021-03-05,122,5256,11,2041,111,3214,0,1,74,1999,48,1625,74,3624,California
Del Norte,2021-03-06,464,5720,77,2118,338,3552,49,50,163,1868,301,1926,170,3794,California
Del Norte,2021-03-07,1,5721,1,2119,0,3552,0,50,1,1869,0,1926,1,3795,California
Del Norte,2021-03-08,30,5751,0,2119,28,3580,2,52,6,1854,23,1949,8,3803,California
Del Norte,2021-03-09,194,5945,113,2232,78,3658,3,55,183,2029,11,1960,186,3989,California
Del Norte,2021-03-10,233,6178,95,2327,110,3768,28,83,134,2092,99,2059,162,4151,California
Del Norte,2021-03-11,150,6328,55,2382,90,3858,5,88,102,2151,48,2107,107,4258,California
Del Norte,2021-03-12,178,6506,89,2471,89,3947,0,88,125,2223,53,2160,125,4383,California
Del Norte,2021-03-13,94,6600,93,2564,1,3948,0,88,91,2311,3,2163,91,4474,California
Del Norte,2021-03-14,1,6601,0,2564,1,3949,0,88,0,2310,1,2164,0,4474,California
Del Norte,2021-03-15,38,6639,0,2564,38,3987,0,88,34,2340,4,2168,34,4508,California
Del Norte,2021-03-16,279,6918,134,2698,145,4132,0,88,259,2579,20,2188,259,4767,California
Del Norte,2021-03-17,284,7202,95,2793,187,4319,2,90,170,2637,114,2302,172,4939,California
Del Norte,2021-03-18,285,7487,107,2900,175,4494,3,93,149,2654,135,2437,152,5091,California
Del Norte,2021-03-19,266,7753,158,3058,102,4596,6,99,91,2576,175,2612,97,5188,California
Del Norte,2021-03-20,157,7910,154,3212,3,4599,0,99,15,2449,142,2754,15,5203,California
Del Norte,2021-03-21,4,7914,2,3214,2,4601,0,99,2,2449,2,2756,2,5205,California
Del Norte,2021-03-22,42,7956,2,3216,39,4640,1,100,38,2485,3,2759,39,5244,California
Del Norte,2021-03-23,333,8289,164,3380,151,4791,18,118,163,2497,168,2927,180,5424,California
Del Norte,2021-03-24,395,8684,106,3486,249,5040,40,158,234,2610,161,3088,274,5698,California
Del Norte,2021-03-25,192,8876,88,3574,104,5144,0,158,84,2587,107,3195,84,5782,California
Del Norte,2021-03-26,232,9108,113,3687,119,5263,0,158,195,2745,37,3232,195,5977,California
Del Norte,2021-03-27,107,9215,86,3773,4,5267,17,175,17,2689,90,3322,34,6011,California
Del Norte,2021-03-28,4,9219,2,3775,2,5269,0,175,1,2687,3,3325,1,6012,California
Del Norte,2021-03-29,57,9276,6,3781,34,5303,17,192,32,2711,25,3350,49,6061,California
Del Norte,2021-03-30,338,9614,119,3900,208,5511,11,203,126,2636,212,3562,137,6198,California
Del Norte,2021-03-31,355,9969,100,4000,238,5749,17,220,199,2698,154,3716,216,6414,California
Del Norte,2021-04-01,164,10133,58,4058,72,5821,34,254,69,2707,94,3810,103,6517,California
Del Norte,2021-04-02,233,10366,79,4137,105,5926,49,303,49,2622,184,3994,99,6616,California
Del Norte,2021-04-03,108,10474,83,4220,2,5928,23,326,5,2548,102,4096,28,6644,California
Del Norte,2021-04-04,4,10478,0,4220,0,5928,4,330,0,2548,4,4100,4,6648,California
Del Norte,2021-04-05,46,10524,4,4224,38,5966,4,334,40,2586,6,4106,44,6692,California
Del Norte,2021-04-06,380,10904,120,4344,223,6189,37,371,146,2540,230,4336,184,6876,California
Del Norte,2021-04-07,437,11341,115,4459,261,6450,61,432,290,2745,147,4483,352,7228,California
Del Norte,2021-04-08,229,11570,54,4513,106,6556,69,501,105,2795,124,4607,174,7402,California
Del Norte,2021-04-09,207,11777,47,4560,83,6639,77,578,100,2864,106,4713,175,7577,California
Del Norte,2021-04-10,47,11824,26,4586,4,6643,17,595,27,2888,20,4733,44,7621,California
Del Norte,2021-04-11,10,11834,3,4589,0,6643,7,602,1,2887,9,4742,8,7629,California
Del Norte,2021-04-12,27,11861,1,4590,9,6652,17,619,1,2880,25,4767,18,7647,California
Del Norte,2021-04-13,296,12157,49,4639,247,6899,0,619,155,2894,141,4908,155,7802,California
Del Norte,2021-04-14,330,12487,23,4662,307,7206,0,619,139,2847,191,5099,144,7946,California
Del Norte,2021-04-15,164,12651,31,4693,133,7339,0,619,45,2774,119,5218,46,7992,California
Del Norte,2021-04-16,162,12813,40,4733,122,7461,0,619,60,2733,102,5320,61,8053,California
Del Norte,2021-04-17,106,12919,74,4807,32,7493,0,619,100,2827,6,5326,100,8153,California
Del Norte,2021-04-18,5,12924,4,4811,1,7494,0,619,4,2830,1,5327,4,8157,California
Del Norte,2021-04-19,50,12974,6,4817,44,7538,0,619,8,2796,42,5369,8,8165,California
Del Norte,2021-04-20,206,13180,40,4857,166,7704,0,619,72,2734,134,5503,72,8237,California
Del Norte,2021-04-21,290,13470,24,4881,266,7970,0,619,66,2579,224,5727,69,8306,California
Del Norte,2021-04-22,114,13584,15,4896,99,8069,0,619,62,2589,52,5779,62,8368,California
Del Norte,2021-04-23,150,13734,22,4918,128,8197,0,619,39,2517,111,5890,39,8407,California
Del Norte,2021-04-24,26,13760,15,4933,11,8208,0,619,21,2533,5,5895,21,8428,California
Del Norte,2021-04-25,2,13762,0,4933,2,8210,0,619,2,2535,0,5895,2,8430,California
Del Norte,2021-04-26,31,13793,0,4933,31,8241,0,619,9,2522,22,5917,9,8439,California
Del Norte,2021-04-27,181,13974,21,4954,155,8396,5,624,51,2448,130,6047,56,8495,California
Del Norte,2021-04-28,351,14325,100,5054,246,8642,5,629,63,2230,287,6334,69,8564,California
Del Norte,2021-04-29,93,14418,6,5060,83,8725,4,633,26,2193,67,6401,30,8594,California
Del Norte,2021-04-30,86,14504,7,5067,69,8794,10,643,46,2209,40,6441,56,8650,California
Del Norte,2021-05-01,7,14511,2,5069,5,8799,0,643,5,2212,2,6443,5,8655,California
Del Norte,2021-05-02,8,14519,0,5069,8,8807,0,643,8,2220,0,6443,8,8663,California
Del Norte,2021-05-03,40,14559,3,5072,34,8841,3,646,2,2188,37,6480,5,8668,California
Del Norte,2021-05-04,222,14781,36,5108,181,9022,5,651,47,2065,175,6655,52,8720,California
Del Norte,2021-05-05,234,15015,20,5128,206,9228,8,659,59,1957,175,6830,67,8787,California
Del Norte,2021-05-06,112,15127,26,5154,73,9301,13,672,26,1910,86,6916,39,8826,California
Del Norte,2021-05-07,151,15278,28,5182,119,9420,4,676,31,1825,120,7036,35,8861,California
Del Norte,2021-05-08,64,15342,55,5237,7,9427,2,678,6,1775,58,7094,8,8869,California
Del Norte,2021-05-09,9,15351,4,5241,2,9429,3,681,2,1773,7,7101,5,8874,California
Del Norte,2021-05-10,24,15375,3,5244,17,9446,4,685,14,1781,10,7111,18,8892,California
Del Norte,2021-05-11,171,15546,49,5293,120,9566,2,687,34,1680,137,7248,36,8928,California
Del Norte,2021-05-12,150,15696,24,5317,116,9682,10,697,27,1595,122,7370,37,8965,California
Del Norte,2021-05-13,67,15763,29,5346,37,9719,1,698,37,1603,30,7400,38,9003,California
Del Norte,2021-05-14,75,15838,25,5371,49,9768,1,699,40,1609,35,7435,41,9044,California
Del Norte,2021-05-15,83,15921,54,5425,29,9797,0,699,53,1632,30,7465,53,9097,California
Del Norte,2021-05-16,11,15932,0,5425,11,9808,0,699,11,1643,0,7465,11,9108,California
Del Norte,2021-05-17,26,15958,3,5428,20,9828,3,702,15,1650,11,7476,18,9126,California
Del Norte,2021-05-18,126,16084,69,5497,57,9885,0,702,80,1684,46,7522,80,9206,California
Del Norte,2021-05-19,97,16181,14,5511,66,9951,17,719,39,1681,58,7580,55,9261,California
Del Norte,2021-05-20,97,16278,30,5541,64,10015,3,722,38,1664,58,7638,41,9302,California
Del Norte,2021-05-21,81,16359,33,5574,45,10060,3,725,44,1674,37,7675,47,9349,California
Del Norte,2021-05-22,24,16383,8,5582,16,10076,0,725,11,1673,12,7687,11,9360,California
Del Norte,2021-05-23,14,16397,5,5587,9,10085,0,725,7,1673,7,7694,7,9367,California
Del Norte,2021-05-24,26,16423,10,5597,16,10101,0,725,17,1681,9,7703,17,9384,California
Del Norte,2021-05-25,43,16466,5,5602,32,10133,6,731,14,1674,27,7730,20,9404,California
Del Norte,2021-05-26,115,16581,36,5638,72,10205,7,738,52,1671,62,7792,59,9463,California
Del Norte,2021-05-27,72,16653,27,5665,41,10246,4,742,34,1671,38,7830,38,9501,California
Del Norte,2021-05-28,50,16703,6,5671,36,10282,8,750,7,1643,43,7873,15,9516,California
Del Norte,2021-05-29,8,16711,0,5671,4,10286,4,754,3,1645,5,7878,7,9523,California
Del Norte,2021-05-30,7,16718,1,5672,6,10292,0,754,2,1642,5,7883,2,9525,California
Del Norte,2021-05-31,4,16722,2,5674,2,10294,0,754,3,1644,1,7884,3,9528,California
Del Norte,2021-06-01,52,16774,6,5680,39,10333,7,761,11,1621,41,7925,18,9546,California
Del Norte,2021-06-02,84,16858,11,5691,68,10401,5,766,19,1580,65,7990,24,9570,California
Del Norte,2021-06-03,59,16917,34,5725,23,10424,2,768,26,1575,33,8023,28,9598,California
Del Norte,2021-06-04,68,16985,22,5747,41,10465,5,773,19,1550,49,8072,24,9622,California
Del Norte,2021-06-05,1,16986,0,5747,1,10466,0,773,0,1549,1,8073,0,9622,California
Del Norte,2021-06-06,10,16996,4,5751,4,10470,2,775,7,1555,3,8076,9,9631,California
Del Norte,2021-06-07,40,17036,9,5760,26,10496,5,780,15,1550,25,8101,20,9651,California
Del Norte,2021-06-08,112,17148,81,5841,26,10522,5,785,33,1509,79,8180,38,9689,California
Del Norte,2021-06-09,31,17179,5,5846,24,10546,2,787,11,1502,20,8200,13,9702,California
Del Norte,2021-06-10,47,17226,22,5868,18,10564,7,794,9,1481,37,8237,16,9718,California
Del Norte,2021-06-11,36,17262,18,5886,15,10579,3,797,7,1462,29,8266,10,9728,California
Del Norte,2021-06-12,16,17278,3,5889,10,10589,3,800,2,1453,14,8280,5,9733,California
Del Norte,2021-06-13,53,17331,39,5928,10,10599,4,804,10,1424,43,8323,14,9747,California
El Dorado,2020-12-15,12,12,12,12,0,0,0,0,12,12,0,0,12,12,California
El Dorado,2020-12-16,40,52,40,52,0,0,0,0,40,52,0,0,40,52,California
El Dorado,2020-12-17,32,84,32,84,0,0,0,0,32,84,0,0,32,84,California
El Dorado,2020-12-18,261,345,261,345,0,0,0,0,261,345,0,0,261,345,California
El Dorado,2020-12-19,120,465,120,465,0,0,0,0,120,465,0,0,120,465,California
El Dorado,2020-12-20,85,550,85,550,0,0,0,0,85,550,0,0,85,550,California
El Dorado,2020-12-21,310,860,309,859,1,1,0,0,310,860,0,0,310,860,California
El Dorado,2020-12-22,243,1103,219,1078,24,25,0,0,243,1103,0,0,243,1103,California
El Dorado,2020-12-23,191,1294,141,1219,50,75,0,0,191,1294,0,0,191,1294,California
El Dorado,2020-12-24,86,1380,65,1284,21,96,0,0,86,1380,0,0,86,1380,California
El Dorado,2020-12-25,8,1388,8,1292,0,96,0,0,8,1388,0,0,8,1388,California
El Dorado,2020-12-26,45,1433,27,1319,18,114,0,0,45,1433,0,0,45,1433,California
El Dorado,2020-12-27,38,1471,34,1353,4,118,0,0,38,1471,0,0,38,1471,California
El Dorado,2020-12-28,215,1686,167,1520,48,166,0,0,215,1686,0,0,215,1686,California
El Dorado,2020-12-29,463,2149,145,1665,318,484,0,0,463,2149,0,0,463,2149,California
El Dorado,2020-12-30,509,2658,139,1804,370,854,0,0,509,2658,0,0,509,2658,California
El Dorado,2020-12-31,110,2768,68,1872,42,896,0,0,110,2768,0,0,110,2768,California
El Dorado,2021-01-01,6,2774,4,1876,2,898,0,0,6,2774,0,0,6,2774,California
El Dorado,2021-01-02,151,2925,139,2015,12,910,0,0,151,2925,0,0,151,2925,California
El Dorado,2021-01-03,93,3018,17,2032,76,986,0,0,93,3018,0,0,93,3018,California
El Dorado,2021-01-04,190,3208,62,2094,128,1114,0,0,190,3208,0,0,190,3208,California
El Dorado,2021-01-05,230,3438,74,2168,156,1270,0,0,213,3404,17,17,213,3421,California
El Dorado,2021-01-06,242,3680,168,2336,74,1344,0,0,176,3515,65,82,176,3597,California
El Dorado,2021-01-07,333,4013,136,2472,197,1541,0,0,257,3696,76,158,257,3854,California
El Dorado,2021-01-08,982,4995,506,2978,476,2017,0,0,764,4242,218,376,764,4618,California
El Dorado,2021-01-09,196,5191,160,3138,36,2053,0,0,124,4294,72,448,124,4742,California
El Dorado,2021-01-10,183,5374,132,3270,51,2104,0,0,111,4334,72,520,112,4854,California
El Dorado,2021-01-11,660,6034,293,3563,367,2471,0,0,459,4594,200,720,460,5314,California
El Dorado,2021-01-12,808,6842,427,3990,381,2852,0,0,557,4900,251,971,557,5871,California
El Dorado,2021-01-13,707,7549,301,4291,406,3258,0,0,541,5276,166,1137,542,6413,California
El Dorado,2021-01-14,801,8350,223,4514,578,3836,0,0,705,5886,96,1233,706,7119,California
El Dorado,2021-01-15,796,9146,186,4700,610,4446,0,0,722,6534,74,1307,722,7841,California
El Dorado,2021-01-16,178,9324,105,4805,73,4519,0,0,151,6658,27,1334,151,7992,California
El Dorado,2021-01-17,105,9429,50,4855,55,4574,0,0,87,6727,18,1352,87,8079,California
El Dorado,2021-01-18,429,9858,146,5001,283,4857,0,0,358,7014,71,1423,358,8437,California
El Dorado,2021-01-19,753,10611,450,5451,303,5160,0,0,601,7464,152,1575,602,9039,California
El Dorado,2021-01-20,1014,11625,688,6139,326,5486,0,0,901,8253,112,1687,901,9940,California
El Dorado,2021-01-21,1271,12896,680,6819,591,6077,0,0,1064,9151,166,1853,1064,11004,California
El Dorado,2021-01-22,1230,14126,831,7650,399,6476,0,0,1175,10272,54,1907,1175,12179,California
El Dorado,2021-01-23,733,14859,610,8260,123,6599,0,0,623,10785,110,2017,623,12802,California
El Dorado,2021-01-24,127,14986,77,8337,50,6649,0,0,107,10872,20,2037,107,12909,California
El Dorado,2021-01-25,702,15688,292,8629,410,7059,0,0,615,11400,87,2124,615,13524,California
El Dorado,2021-01-26,691,16379,376,9005,315,7374,0,0,583,11875,108,2232,583,14107,California
El Dorado,2021-01-27,998,17377,396,9401,602,7976,0,0,658,12192,341,2573,658,14765,California
El Dorado,2021-01-28,1110,18487,454,9855,656,8632,0,0,747,12576,363,2936,747,15512,California
El Dorado,2021-01-29,1052,19539,560,10415,492,9124,0,0,759,13044,292,3228,760,16272,California
El Dorado,2021-01-30,550,20089,295,10710,255,9379,0,0,453,13401,96,3324,453,16725,California
El Dorado,2021-01-31,240,20329,217,10927,23,9402,0,0,186,13534,53,3377,186,16911,California
El Dorado,2021-02-01,797,21126,367,11294,430,9832,0,0,650,14037,147,3524,650,17561,California
El Dorado,2021-02-02,849,21975,371,11665,478,10310,0,0,684,14556,165,3689,684,18245,California
El Dorado,2021-02-03,909,22884,479,12144,430,10740,0,0,697,15041,212,3901,697,18942,California
El Dorado,2021-02-04,1257,24141,708,12852,549,11289,0,0,880,15544,377,4278,880,19822,California
El Dorado,2021-02-05,1495,25636,607,13459,888,12177,0,0,869,15824,589,4867,869,20691,California
El Dorado,2021-02-06,637,26273,334,13793,303,12480,0,0,529,16246,108,4975,530,21221,California
El Dorado,2021-02-07,259,26532,177,13970,82,12562,0,0,192,16371,67,5042,192,21413,California
El Dorado,2021-02-08,889,27421,424,14394,465,13027,0,0,611,16704,278,5320,611,22024,California
El Dorado,2021-02-09,972,28393,546,14940,426,13453,0,0,546,16824,426,5746,546,22570,California
El Dorado,2021-02-10,1267,29660,741,15681,526,13979,0,0,667,16892,599,6345,667,23237,California
El Dorado,2021-02-11,2162,31822,896,16577,1266,15245,0,0,759,16252,1400,7745,760,23997,California
El Dorado,2021-02-12,1575,33397,822,17399,753,15998,0,0,672,16023,902,8647,673,24670,California
El Dorado,2021-02-13,974,34371,663,18062,311,16309,0,0,438,15926,535,9182,438,25108,California
El Dorado,2021-02-14,490,34861,153,18215,337,16646,0,0,399,16234,91,9273,399,25507,California
El Dorado,2021-02-15,1183,36044,384,18599,799,17445,0,0,822,16699,361,9634,826,26333,California
El Dorado,2021-02-16,1213,37257,535,19134,678,18123,0,0,673,16834,539,10173,674,27007,California
El Dorado,2021-02-17,960,38217,424,19558,536,18659,0,0,466,16807,494,10667,467,27474,California
El Dorado,2021-02-18,2103,40320,1029,20587,1074,19733,0,0,1069,16843,1033,11700,1069,28543,California
El Dorado,2021-02-19,1229,41549,658,21245,571,20304,0,0,690,16995,538,12238,690,29233,California
El Dorado,2021-02-20,947,42496,452,21697,495,20799,0,0,680,17413,262,12500,680,29913,California
El Dorado,2021-02-21,290,42786,232,21929,58,20857,0,0,103,17329,187,12687,103,30016,California
El Dorado,2021-02-22,885,43671,441,22370,444,21301,0,0,277,16999,607,13294,277,30293,California
El Dorado,2021-02-23,870,44541,493,22863,377,21678,0,0,354,16839,514,13808,354,30647,California
El Dorado,2021-02-24,1037,45578,448,23311,589,22267,0,0,431,16664,606,14414,431,31078,California
El Dorado,2021-02-25,1928,47506,1160,24471,768,23035,0,0,697,16139,1224,15638,699,31777,California
El Dorado,2021-02-26,2420,49926,1508,25979,912,23947,0,0,1628,16978,789,16427,1628,33405,California
El Dorado,2021-02-27,1708,51634,445,26424,1263,25210,0,0,1259,17791,446,16873,1259,34664,California
El Dorado,2021-02-28,660,52294,225,26649,435,25645,0,0,495,18122,165,17038,496,35160,California
El Dorado,2021-03-01,1165,53459,469,27118,694,26339,2,2,644,18248,520,17558,646,35806,California
El Dorado,2021-03-02,938,54397,275,27393,662,27001,1,3,494,18301,442,18000,495,36301,California
El Dorado,2021-03-03,1711,56108,471,27864,1240,28241,0,3,1165,18929,539,18539,1167,37468,California
El Dorado,2021-03-04,2539,58647,1562,29426,977,29218,0,3,1209,18811,1327,19866,1209,38677,California
El Dorado,2021-03-05,1597,60244,434,29860,1158,30376,5,8,1058,19341,533,20399,1063,39740,California
El Dorado,2021-03-06,746,60990,219,30079,494,30870,33,41,396,19421,349,20748,429,40169,California
El Dorado,2021-03-07,413,61403,200,30279,195,31065,18,59,253,19534,158,20906,271,40440,California
El Dorado,2021-03-08,1345,62748,371,30650,901,31966,73,132,872,20008,470,21376,944,41384,California
El Dorado,2021-03-09,993,63741,231,30881,693,32659,69,201,589,20277,389,21765,658,42042,California
El Dorado,2021-03-10,963,64704,348,31229,558,33217,57,258,555,20486,402,22167,611,42653,California
El Dorado,2021-03-11,3043,67747,1846,33075,1010,34227,187,445,1291,20232,1730,23897,1476,44129,California
El Dorado,2021-03-12,1808,69555,629,33704,928,35155,251,696,750,20193,1040,24937,1001,45130,California
El Dorado,2021-03-13,1076,70631,352,34056,440,35595,284,980,372,20146,700,25637,653,45783,California
El Dorado,2021-03-14,796,71427,202,34258,483,36078,111,1091,276,20013,520,26157,387,46170,California
El Dorado,2021-03-15,1417,72844,304,34562,982,37060,131,1222,616,19964,797,26954,748,46918,California
El Dorado,2021-03-16,1236,74080,423,34985,668,37728,145,1367,568,20014,663,27617,713,47631,California
El Dorado,2021-03-17,1138,75218,364,35349,673,38401,101,1468,734,20446,403,28020,835,48466,California
El Dorado,2021-03-18,3027,78245,1790,37139,1194,39595,43,1511,1995,21460,1024,29044,2038,50504,California
El Dorado,2021-03-19,1121,79366,360,37499,608,40203,153,1664,624,21739,497,29541,776,51280,California
El Dorado,2021-03-20,958,80324,266,37765,676,40879,16,1680,376,21561,570,30111,392,51672,California
El Dorado,2021-03-21,1042,81366,424,38189,613,41492,5,1685,929,22384,111,30222,934,52606,California
El Dorado,2021-03-22,1510,82876,487,38676,941,42433,82,1767,1188,23337,317,30539,1270,53876,California
El Dorado,2021-03-23,1159,84035,458,39134,605,43038,96,1863,738,23762,409,30948,834,54710,California
El Dorado,2021-03-24,1467,85502,636,39770,636,43674,195,2058,665,23847,775,31723,860,55570,California
El Dorado,2021-03-25,2527,88029,1696,41466,724,44398,107,2165,1378,24190,1143,32866,1486,57056,California
El Dorado,2021-03-26,1833,89862,704,42170,1016,45414,113,2278,928,24349,882,33748,1041,58097,California
El Dorado,2021-03-27,1340,91202,189,42359,1147,46561,4,2282,317,23653,1017,34765,321,58418,California
El Dorado,2021-03-28,643,91845,187,42546,445,47006,11,2293,166,23357,473,35238,177,58595,California
El Dorado,2021-03-29,1326,93171,435,42981,875,47881,16,2309,827,23704,496,35734,843,59438,California
El Dorado,2021-03-30,1379,94550,422,43403,860,48741,97,2406,686,23800,685,36419,781,60219,California
El Dorado,2021-03-31,1568,96118,582,43985,918,49659,68,2474,690,23680,876,37295,756,60975,California
El Dorado,2021-04-01,3247,99365,1773,45758,1391,51050,83,2557,1542,23604,1702,38997,1626,62601,California
El Dorado,2021-04-02,1905,101270,568,46326,1240,52290,97,2654,749,23300,1150,40147,846,63447,California
El Dorado,2021-04-03,756,102026,301,46627,335,52625,120,2774,231,23129,522,40669,351,63798,California
El Dorado,2021-04-04,273,102299,83,46710,143,52768,47,2821,97,23098,175,40844,144,63942,California
El Dorado,2021-04-05,1427,103726,424,47134,910,53678,93,2914,590,22949,831,41675,682,64624,California
El Dorado,2021-04-06,1427,105153,533,47667,674,54352,220,3134,455,22653,968,42643,672,65296,California
El Dorado,2021-04-07,1610,106763,570,48237,588,54940,452,3586,564,22623,1043,43686,1013,66309,California
El Dorado,2021-04-08,2710,109473,1747,49984,725,55665,238,3824,1122,22402,1580,45266,1359,67668,California
El Dorado,2021-04-09,1443,110916,454,50438,769,56434,220,4044,573,22326,867,46133,791,68459,California
El Dorado,2021-04-10,824,111740,225,50663,489,56923,110,4154,478,22570,343,46476,587,69046,California
El Dorado,2021-04-11,706,112446,455,51118,235,57158,16,4170,208,22297,497,46973,224,69270,California
El Dorado,2021-04-12,1297,113743,505,51623,642,57800,150,4320,567,22291,722,47695,716,69986,California
El Dorado,2021-04-13,1129,114872,617,52240,512,58312,0,4320,513,22192,612,48307,513,70499,California
El Dorado,2021-04-14,1099,115971,469,52709,629,58941,1,4321,390,21887,696,49003,391,70890,California
El Dorado,2021-04-15,2507,118478,1689,54398,818,59759,0,4321,952,21290,1552,50555,955,71845,California
El Dorado,2021-04-16,1477,119955,525,54923,952,60711,0,4321,608,21034,865,51420,609,72454,California
El Dorado,2021-04-17,811,120766,204,55127,607,61318,0,4321,498,21222,310,51730,498,72952,California
El Dorado,2021-04-18,1030,121796,88,55215,942,62260,0,4321,407,21007,622,52352,407,73359,California
El Dorado,2021-04-19,1724,123520,438,55653,1286,63546,0,4321,690,20669,1028,53380,690,74049,California
El Dorado,2021-04-20,1110,124630,364,56017,746,64292,0,4321,456,20476,650,54030,457,74506,California
El Dorado,2021-04-21,1157,125787,461,56478,692,64984,4,4325,591,20510,558,54588,592,75098,California
El Dorado,2021-04-22,2558,128345,1687,58165,871,65855,0,4325,1065,20085,1490,56078,1065,76163,California
El Dorado,2021-04-23,1414,129759,505,58670,909,66764,0,4325,725,20125,686,56764,726,76889,California
El Dorado,2021-04-24,972,130731,521,59191,451,67215,0,4325,735,20625,235,56999,735,77624,California
El Dorado,2021-04-25,656,131387,450,59641,206,67421,0,4325,470,20909,186,57185,470,78094,California
El Dorado,2021-04-26,1196,132583,483,60124,696,68117,17,4342,561,20854,632,57817,577,78671,California
El Dorado,2021-04-27,1125,133708,419,60543,668,68785,38,4380,500,20774,618,58435,538,79209,California
El Dorado,2021-04-28,1069,134777,357,60900,672,69457,40,4420,435,20616,633,59068,475,79684,California
El Dorado,2021-04-29,1985,136762,1361,62261,592,70049,32,4452,589,19844,1393,60461,621,80305,California
El Dorado,2021-04-30,2130,138892,1343,63604,746,70795,41,4493,1367,20500,751,61212,1407,81712,California
El Dorado,2021-05-01,617,139509,282,63886,307,71102,28,4521,277,20472,333,61545,305,82017,California
El Dorado,2021-05-02,303,139812,216,64102,58,71160,29,4550,101,20402,199,61744,129,82146,California
El Dorado,2021-05-03,824,140636,400,64502,373,71533,51,4601,276,20186,544,62288,328,82474,California
El Dorado,2021-05-04,885,141521,436,64938,389,71922,60,4661,313,19991,568,62856,373,82847,California
El Dorado,2021-05-05,878,142399,434,65372,370,72292,74,4735,419,20027,457,63313,493,83340,California
El Dorado,2021-05-06,1117,143516,485,65857,584,72876,48,4783,476,19912,635,63948,520,83860,California
El Dorado,2021-05-07,982,144498,379,66236,545,73421,58,4841,398,19783,584,64532,455,84315,California
El Dorado,2021-05-08,491,144989,154,66390,300,73721,37,4878,186,19703,303,64835,223,84538,California
El Dorado,2021-05-09,221,145210,82,66472,112,73833,27,4905,103,19716,117,64952,130,84668,California
El Dorado,2021-05-10,827,146037,273,66745,496,74329,58,4963,243,19440,575,65527,299,84967,California
El Dorado,2021-05-11,682,146719,296,67041,323,74652,63,5026,293,19411,386,65913,357,85324,California
El Dorado,2021-05-12,646,147365,339,67380,265,74917,42,5068,274,19356,372,66285,317,85641,California
El Dorado,2021-05-13,1255,148620,793,68173,422,75339,40,5108,474,19094,775,67060,513,86154,California
El Dorado,2021-05-14,1412,150032,818,68991,510,75849,84,5192,681,19133,726,67786,765,86919,California
El Dorado,2021-05-15,903,150935,557,69548,289,76138,57,5249,321,18929,582,68368,378,87297,California
El Dorado,2021-05-16,662,151597,461,70009,175,76313,26,5275,230,18753,432,68800,256,87553,California
El Dorado,2021-05-17,1572,153169,666,70675,857,77170,49,5324,563,18359,1005,69805,611,88164,California
El Dorado,2021-05-18,1022,154191,518,71193,450,77620,54,5378,443,18278,578,70383,497,88661,California
El Dorado,2021-05-19,817,155008,334,71527,430,78050,53,5431,320,18160,490,70873,372,89033,California
El Dorado,2021-05-20,1179,156187,658,72185,448,78498,73,5504,449,17954,727,71600,521,89554,California
El Dorado,2021-05-21,2334,158521,1741,73926,551,79049,42,5546,819,17304,1511,73111,861,90415,California
El Dorado,2021-05-22,702,159223,203,74129,463,79512,36,5582,227,17093,474,73585,263,90678,California
El Dorado,2021-05-23,286,159509,114,74243,143,79655,29,5611,91,17020,193,73778,120,90798,California
El Dorado,2021-05-24,884,160393,454,74697,361,80016,69,5680,313,16833,567,74345,380,91178,California
El Dorado,2021-05-25,605,160998,252,74949,317,80333,36,5716,228,16723,374,74719,264,91442,California
El Dorado,2021-05-26,802,161800,394,75343,384,80717,24,5740,282,16510,519,75238,306,91748,California
El Dorado,2021-05-27,624,162424,247,75590,343,81060,34,5774,318,16557,304,75542,351,92099,California
El Dorado,2021-05-28,728,163152,251,75841,413,81473,64,5838,307,16510,418,75960,371,92470,California
El Dorado,2021-05-29,385,163537,106,75947,263,81736,16,5854,168,16477,217,76177,184,92654,California
El Dorado,2021-05-30,171,163708,100,76047,57,81793,14,5868,83,16486,88,76265,97,92751,California
El Dorado,2021-05-31,35,163743,10,76057,14,81807,11,5879,8,16478,27,76292,19,92770,California
El Dorado,2021-06-01,679,164422,292,76349,349,82156,38,5917,235,16310,441,76733,273,93043,California
El Dorado,2021-06-02,628,165050,300,76649,278,82434,50,5967,262,16257,365,77098,312,93355,California
El Dorado,2021-06-03,730,165780,339,76988,348,82782,43,6010,184,15939,546,77644,228,93583,California
El Dorado,2021-06-04,881,166661,526,77514,321,83103,34,6044,189,15472,690,78334,223,93806,California
El Dorado,2021-06-05,386,167047,222,77736,152,83255,12,6056,84,15267,301,78635,96,93902,California
El Dorado,2021-06-06,277,167324,192,77928,69,83324,16,6072,51,15108,225,78860,66,93968,California
El Dorado,2021-06-07,779,168103,483,78411,256,83580,40,6112,171,14718,601,79461,211,94179,California
El Dorado,2021-06-08,621,168724,380,78791,209,83789,32,6144,126,14383,493,79954,158,94337,California
El Dorado,2021-06-09,206,168930,113,78904,82,83871,11,6155,51,14290,155,80109,62,94399,California
El Dorado,2021-06-10,343,169273,210,79114,119,83990,14,6169,80,14122,262,80371,94,94493,California
El Dorado,2021-06-11,324,169597,185,79299,100,84090,39,6208,58,13954,265,80636,97,94590,California
El Dorado,2021-06-12,153,169750,88,79387,54,84144,11,6219,36,13885,116,80752,47,94637,California
El Dorado,2021-06-13,12,169762,5,79392,7,84151,0,6219,6,13885,6,80758,6,94643,California
Fresno,2020-12-15,2,2,2,2,0,0,0,0,2,2,0,0,2,2,California
Fresno,2020-12-16,125,127,125,127,0,0,0,0,125,127,0,0,125,127,California
Fresno,2020-12-17,122,249,122,249,0,0,0,0,122,249,0,0,122,249,California
Fresno,2020-12-18,349,598,349,598,0,0,0,0,349,598,0,0,349,598,California
Fresno,2020-12-19,163,761,163,761,0,0,0,0,163,761,0,0,163,761,California
Fresno,2020-12-20,257,1018,255,1016,2,2,0,0,257,1018,0,0,257,1018,California
Fresno,2020-12-21,924,1942,922,1938,2,4,0,0,954,1972,0,0,954,1972,California
Fresno,2020-12-22,905,2847,874,2812,31,35,0,0,909,2881,0,0,909,2881,California
Fresno,2020-12-23,1085,3932,1045,3857,40,75,0,0,1086,3967,0,0,1086,3967,California
Fresno,2020-12-24,592,4524,566,4423,26,101,0,0,592,4559,0,0,592,4559,California
Fresno,2020-12-25,2,4526,1,4424,1,102,0,0,2,4561,0,0,2,4561,California
Fresno,2020-12-26,724,5250,715,5139,9,111,0,0,724,5285,0,0,724,5285,California
Fresno,2020-12-27,307,5557,208,5347,99,210,0,0,307,5592,0,0,307,5592,California
Fresno,2020-12-28,1095,6652,802,6149,293,503,0,0,1095,6687,0,0,1095,6687,California
Fresno,2020-12-29,1757,8409,994,7143,763,1266,0,0,1755,8441,1,1,1755,8442,California
Fresno,2020-12-30,983,9392,445,7588,538,1804,0,0,983,9424,0,1,983,9425,California
Fresno,2020-12-31,927,10319,310,7898,617,2421,0,0,926,10350,0,1,926,10351,California
Fresno,2021-01-01,10,10329,3,7901,7,2428,0,0,10,10360,0,1,10,10361,California
Fresno,2021-01-02,1028,11357,712,8613,316,2744,0,0,1028,11388,0,1,1028,11389,California
Fresno,2021-01-03,155,11512,129,8742,26,2770,0,0,155,11543,0,1,155,11544,California
Fresno,2021-01-04,624,12136,378,9120,246,3016,0,0,624,12167,0,1,624,12168,California
Fresno,2021-01-05,781,12917,311,9431,470,3486,0,0,707,12800,74,75,707,12875,California
Fresno,2021-01-06,987,13904,347,9778,640,4126,0,0,813,13439,174,249,813,13688,California
Fresno,2021-01-07,1896,15800,917,10695,979,5105,0,0,1641,14828,255,504,1644,15332,California
Fresno,2021-01-08,1789,17589,614,11309,1175,6280,0,0,1424,15890,363,867,1425,16757,California
Fresno,2021-01-09,639,18228,392,11701,247,6527,0,0,360,15971,279,1146,360,17117,California
Fresno,2021-01-10,517,18745,487,12188,30,6557,0,0,204,15862,313,1459,204,17321,California
Fresno,2021-01-11,2219,20964,1805,13993,414,6971,0,0,1525,16697,694,2153,1529,18850,California
Fresno,2021-01-12,2524,23488,1826,15819,698,7669,0,0,1673,17519,853,3006,1675,20525,California
Fresno,2021-01-13,3560,27048,2435,18254,1125,8794,0,0,2706,19375,854,3860,2710,23235,California
Fresno,2021-01-14,4142,31190,2184,20438,1958,10752,0,0,3669,22572,472,4332,3669,26904,California
Fresno,2021-01-15,3661,34851,2533,22971,1128,11880,0,0,3303,25521,358,4690,3307,30211,California
Fresno,2021-01-16,3145,37996,2309,25280,836,12716,0,0,2674,27727,470,5160,2676,32887,California
Fresno,2021-01-17,979,38975,557,25837,422,13138,0,0,779,28306,200,5360,779,33666,California
Fresno,2021-01-18,3079,42054,2373,28210,706,13844,0,0,2422,30075,655,6015,2424,36090,California
Fresno,2021-01-19,4405,46459,2625,30835,1780,15624,0,0,3688,33050,717,6732,3692,39782,California
Fresno,2021-01-20,3024,49483,1215,32050,1809,17433,0,0,2709,35449,313,7045,2712,42494,California
Fresno,2021-01-21,4387,53870,2033,34083,2354,19787,0,0,4027,39145,337,7382,4033,46527,California
Fresno,2021-01-22,3306,57176,1346,35429,1960,21747,0,0,2922,41700,368,7750,2923,49450,California
Fresno,2021-01-23,3053,60229,1978,37407,1075,22822,0,0,2330,43313,722,8472,2335,51785,California
Fresno,2021-01-24,560,60789,377,37784,183,23005,0,0,351,43457,209,8681,353,52138,California
Fresno,2021-01-25,2434,63223,861,38645,1573,24578,0,0,1858,44742,576,9257,1861,53999,California
Fresno,2021-01-26,2084,65307,593,39238,1491,26069,0,0,1322,45305,760,10017,1323,55322,California
Fresno,2021-01-27,2310,67617,1138,40376,1172,27241,0,0,1730,46459,579,10596,1733,57055,California
Fresno,2021-01-28,4557,72174,3054,43430,1503,28744,0,0,3481,48870,1073,11669,3484,60539,California
Fresno,2021-01-29,1702,73876,975,44405,727,29471,0,0,1401,49975,297,11966,1402,61941,California
Fresno,2021-01-30,1443,75319,545,44950,898,30369,0,0,1023,50578,420,12386,1023,62964,California
Fresno,2021-01-31,230,75549,219,45169,11,30380,0,0,76,50500,154,12540,76,63040,California
Fresno,2021-02-01,3342,78891,1667,46836,1675,32055,0,0,1784,50737,1557,14097,1794,64834,California
Fresno,2021-02-02,2731,81622,558,47394,2173,34228,0,0,1588,51213,1128,15225,1604,66438,California
Fresno,2021-02-03,3558,85180,2105,49499,1453,35681,0,0,1545,50755,2004,17229,1546,67984,California
Fresno,2021-02-04,4192,89372,1893,51392,2299,37980,0,0,1926,50450,2236,19465,1931,69915,California
Fresno,2021-02-05,5329,94701,2721,54113,2608,40588,0,0,2295,49720,3029,22494,2299,72214,California
Fresno,2021-02-06,2925,97626,2038,56151,887,41475,0,0,967,48737,1951,24445,968,73182,California
Fresno,2021-02-07,469,98095,287,56438,182,41657,0,0,273,48815,195,24640,273,73455,California
Fresno,2021-02-08,4274,102369,2285,58723,1989,43646,0,0,1805,48173,2456,27096,1814,75269,California
Fresno,2021-02-09,5323,107692,2093,60816,3230,46876,0,0,3110,49155,2138,29234,3120,78389,California
Fresno,2021-02-10,3882,111574,1231,62047,2651,49527,0,0,1974,49285,1856,31090,1986,80375,California
Fresno,2021-02-11,6446,118020,2086,64133,4360,53887,0,0,3346,49553,3083,34173,3351,83726,California
Fresno,2021-02-12,5391,123411,1385,65518,4006,57893,0,0,2727,49644,2645,36818,2736,86462,California
Fresno,2021-02-13,3742,127153,1558,67076,2184,60077,0,0,2084,50087,1646,38464,2089,88551,California
Fresno,2021-02-14,1564,128717,282,67358,1282,61359,0,0,838,50202,725,39189,840,89391,California
Fresno,2021-02-15,2893,131610,268,67626,2625,63984,0,0,1797,50911,1092,40281,1801,91192,California
Fresno,2021-02-16,6685,138295,2402,70028,4283,68267,0,0,4231,52711,2437,42718,4237,95429,California
Fresno,2021-02-17,5319,143614,2444,72472,2875,71142,0,0,2987,53413,2289,45007,2991,98420,California
Fresno,2021-02-18,6846,150460,2893,75365,3953,75095,0,0,2573,51767,4231,49238,2585,101005,California
Fresno,2021-02-19,3835,154295,1098,76463,2737,77832,0,0,1818,51583,2005,51243,1821,102826,California
Fresno,2021-02-20,4518,158813,2477,78940,2041,79873,0,0,3039,53155,1473,52716,3045,105871,California
Fresno,2021-02-21,188,159001,169,79109,19,79892,0,0,125,53231,49,52765,125,105996,California
Fresno,2021-02-22,2237,161238,998,80107,1239,81131,0,0,1235,53478,992,53757,1239,107235,California
Fresno,2021-02-23,4684,165922,2265,82372,2419,83550,0,0,3804,56416,868,54625,3806,111041,California
Fresno,2021-02-24,4208,170130,1503,83875,2705,86255,0,0,3446,59112,751,55376,3447,114488,California
Fresno,2021-02-25,8698,178828,3745,87620,4953,91208,0,0,7209,64906,1423,56799,7217,121705,California
Fresno,2021-02-26,9019,187847,3702,91322,5317,96525,0,0,7706,71329,1289,58088,7712,129417,California
Fresno,2021-02-27,7276,195123,3162,94484,4113,100638,1,1,6566,77204,695,58783,6570,135987,California
Fresno,2021-02-28,1647,196770,527,95011,1120,101758,0,1,1557,78685,77,58860,1558,137545,California
Fresno,2021-03-01,5098,201868,1321,96332,3777,105535,0,1,3692,80988,1393,60253,3696,141241,California
Fresno,2021-03-02,9864,211732,3384,99716,6480,112015,0,1,8477,88128,1363,61616,8503,149744,California
Fresno,2021-03-03,6930,218662,1689,101405,5240,117255,1,2,5921,93166,995,62611,6033,155777,California
Fresno,2021-03-04,10446,229108,4129,105534,6317,123572,0,2,8704,100165,1714,64325,8713,164490,California
Fresno,2021-03-05,9303,238411,3625,109159,5676,129248,2,4,8028,107126,1143,65468,8104,172594,California
Fresno,2021-03-06,7005,245416,3955,113114,2932,132180,118,122,6014,112279,983,66451,6136,178730,California
Fresno,2021-03-07,1494,246910,681,113795,775,132955,38,160,1264,113355,227,66678,1303,180033,California
Fresno,2021-03-08,5294,252204,2023,115818,3120,136075,151,311,4003,116240,1280,67958,4165,184198,California
Fresno,2021-03-09,8612,260816,3783,119601,4558,140633,271,582,4644,117245,3947,71905,4952,189150,California
Fresno,2021-03-10,6827,267643,2856,122457,3583,144216,388,970,5370,121563,1448,73353,5766,194916,California
Fresno,2021-03-11,11596,279239,4580,127037,6471,150687,545,1515,6313,123241,5257,78610,6935,201851,California
Fresno,2021-03-12,12033,291272,5131,132168,6475,157162,427,1942,9051,129894,2964,81574,9617,211468,California
Fresno,2021-03-13,8321,299593,4051,136219,3255,160417,1015,2957,4021,130727,4279,85853,5112,216580,California
Fresno,2021-03-14,1769,301362,480,136699,1001,161418,288,3245,667,130592,1090,86943,955,217535,California
Fresno,2021-03-15,7133,308495,3170,139869,3787,165205,176,3421,4929,133704,2189,89132,5301,222836,California
Fresno,2021-03-16,10223,318718,4542,144411,5289,170494,392,3813,5423,134848,4768,93900,5912,228748,California
Fresno,2021-03-17,8675,327393,3926,148337,4041,174535,708,4521,5858,139025,2793,96693,6970,235718,California
Fresno,2021-03-18,12481,339874,6730,155067,5077,179612,674,5195,6994,141745,5438,102131,8158,243876,California
Fresno,2021-03-19,11172,351046,5887,160954,4671,184283,614,5809,6852,145294,4291,106422,7840,251716,California
Fresno,2021-03-20,7620,358666,4598,165552,2696,186979,326,6135,3765,145873,3830,110252,4409,256125,California
Fresno,2021-03-21,1795,360461,1206,166758,208,187187,381,6516,967,146402,820,111072,1349,257474,California
Fresno,2021-03-22,5669,366130,2895,169653,2175,189362,599,7115,3794,149177,1859,112931,4634,262108,California
Fresno,2021-03-23,10572,376702,5253,174906,4814,194176,505,7620,5052,149679,5497,118428,5999,268107,California
Fresno,2021-03-24,8861,385563,3833,178739,4197,198373,831,8451,4975,151690,3849,122277,5860,273967,California
Fresno,2021-03-25,12215,397778,5691,184430,5717,204090,807,9258,4754,149924,7410,129687,5644,279611,California
Fresno,2021-03-26,12215,409993,5455,189885,6123,210213,637,9895,4452,147328,7710,137397,5114,284725,California
Fresno,2021-03-27,9885,419878,4609,194494,4190,214403,1086,10981,2956,144485,6890,144287,4047,288772,California
Fresno,2021-03-28,3425,423303,1325,195819,1406,215809,694,11675,1115,144440,2302,146589,2257,291029,California
Fresno,2021-03-29,5988,429291,2002,197821,3446,219255,540,12215,2888,144811,3071,149660,3442,294471,California
Fresno,2021-03-30,10917,440208,4267,202088,5753,225008,897,13112,3853,142529,7033,156693,4751,299222,California
Fresno,2021-03-31,9694,449902,3378,205466,5322,230330,994,14106,3747,141360,5904,162597,4735,303957,California
Fresno,2021-04-01,12202,462104,4209,209675,7131,237461,862,14968,4062,138203,8037,170634,4880,308837,California
Fresno,2021-04-02,12080,474184,4629,214304,6659,244120,792,15760,4282,135646,7636,178270,5079,313916,California
Fresno,2021-04-03,6409,480593,3526,217830,2625,246745,258,16018,2148,133846,4242,182512,2442,316358,California
Fresno,2021-04-04,1501,482094,535,218365,921,247666,45,16063,547,133495,944,183456,593,316951,California
Fresno,2021-04-05,8329,490423,4468,222833,3056,250722,805,16868,2441,130939,5871,189327,3315,320266,California
Fresno,2021-04-06,9634,500057,4036,226869,4409,255131,1189,18057,3553,129658,6040,195367,4759,325025,California
Fresno,2021-04-07,10611,510668,5491,232360,3908,259039,1212,19269,3554,127436,7012,202379,4790,329815,California
Fresno,2021-04-08,10962,521630,5177,237537,4620,263659,1165,20434,3440,124609,7472,209851,4645,334460,California
Fresno,2021-04-09,11269,532899,5352,242889,4515,268174,1402,21836,3619,122047,7601,217452,5039,339499,California
Fresno,2021-04-10,7881,540780,5143,248032,2214,270388,524,22360,3669,122040,4200,221652,4193,343692,California
Fresno,2021-04-11,1391,542171,935,248967,365,270753,91,22451,447,121640,939,222591,539,344231,California
Fresno,2021-04-12,7277,549448,3812,252779,2539,273292,926,23377,2356,120028,4892,227483,3280,347511,California
Fresno,2021-04-13,8955,558403,4285,257064,4602,277894,68,23445,3506,118284,5412,232895,3668,351179,California
Fresno,2021-04-14,9508,567911,5766,262830,3741,281635,1,23446,3773,116415,5692,238587,3823,355002,California
Fresno,2021-04-15,8444,576355,4208,267038,4233,285868,3,23449,3198,114403,5218,243805,3206,358208,California
Fresno,2021-04-16,9393,585748,4635,271673,4756,290624,2,23451,3887,112830,5467,249272,3894,362102,California
Fresno,2021-04-17,5561,591309,3718,275391,1843,292467,0,23451,2640,112572,2900,252172,2642,364744,California
Fresno,2021-04-18,1026,592335,558,275949,468,292935,0,23451,470,112491,551,252723,470,365214,California
Fresno,2021-04-19,5560,597895,3017,278966,2540,295475,3,23454,2246,111467,3276,255999,2252,367466,California
Fresno,2021-04-20,6901,604796,3428,282394,3464,298939,9,23463,2614,109827,4263,260262,2623,370089,California
Fresno,2021-04-21,6365,611161,3520,285914,2837,301776,8,23471,2651,108809,3681,263943,2663,372752,California
Fresno,2021-04-22,6350,617511,3160,289074,3189,304965,1,23472,2311,107145,3979,267922,2315,375067,California
Fresno,2021-04-23,7096,624607,3819,292893,3260,308225,17,23489,2717,105577,4290,272212,2722,377789,California
Fresno,2021-04-24,4163,628770,2490,295383,1673,309898,0,23489,1918,105263,2232,274444,1918,379707,California
Fresno,2021-04-25,1366,630136,549,295932,815,310713,2,23491,682,105269,678,275122,684,380391,California
Fresno,2021-04-26,4234,634370,2137,298069,2052,312765,45,23536,1803,104715,2401,277523,1847,382238,California
Fresno,2021-04-27,4822,639192,2442,300511,2255,315020,125,23661,1894,103827,2906,280429,2018,384256,California
Fresno,2021-04-28,4771,643963,2667,303178,1974,316994,130,23791,1985,103179,2764,283193,2116,386372,California
Fresno,2021-04-29,4781,648744,2653,305831,1992,318986,136,23927,1803,102169,2947,286140,1937,388309,California
Fresno,2021-04-30,5410,654154,3292,309123,1985,320971,133,24060,2159,101239,3221,289361,2291,390600,California
Fresno,2021-05-01,4181,658335,3449,312572,594,321565,138,24198,1236,99684,2927,292288,1372,391972,California
Fresno,2021-05-02,1248,659583,770,313342,427,321992,51,24249,614,99726,622,292910,664,392636,California
Fresno,2021-05-03,4018,663601,2691,316033,1135,323127,192,24441,1301,98524,2690,295600,1488,394124,California
Fresno,2021-05-04,4827,668428,2497,318530,2178,325305,152,24593,1547,96972,3253,298853,1701,395825,California
Fresno,2021-05-05,5083,673511,3142,321672,1716,327021,225,24818,1580,95296,3478,302331,1802,397627,California
Fresno,2021-05-06,4115,677626,2543,324215,1467,328488,105,24923,1401,94118,2684,305015,1506,399133,California
Fresno,2021-05-07,5006,682632,3285,327500,1555,330043,166,25089,1553,92404,3430,308445,1716,400849,California
Fresno,2021-05-08,3894,686526,2483,329983,1263,331306,148,25237,1172,91024,2701,311146,1321,402170,California
Fresno,2021-05-09,672,687198,345,330328,284,331590,43,25280,335,91071,331,311477,378,402548,California
Fresno,2021-05-10,2949,690147,1575,331903,1233,332823,141,25421,917,90105,2024,313501,1058,403606,California
Fresno,2021-05-11,3739,693886,1930,333833,1714,334537,95,25516,1206,88885,2521,316022,1301,404907,California
Fresno,2021-05-12,3987,697873,2557,336390,1266,335803,164,25680,1454,87995,2508,318530,1618,406525,California
Fresno,2021-05-13,3844,701717,2125,338515,1615,337418,104,25784,1740,87773,2066,320596,1844,408369,California
Fresno,2021-05-14,5008,706725,3010,341525,1814,339232,184,25968,2132,87246,2844,323440,2317,410686,California
Fresno,2021-05-15,3572,710297,2668,344193,774,340006,130,26098,1816,87445,1746,325186,1945,412631,California
Fresno,2021-05-16,1441,711738,944,345137,463,340469,34,26132,812,87668,624,325810,847,413478,California
Fresno,2021-05-17,4167,715905,2817,347954,1191,341660,159,26291,2242,88170,1898,327708,2400,415878,California
Fresno,2021-05-18,4101,720006,2536,350490,1412,343072,153,26444,2099,88440,1979,329687,2249,418127,California
Fresno,2021-05-19,4335,724341,2763,353253,1397,344469,175,26619,2107,88516,2205,331892,2281,420408,California
Fresno,2021-05-20,4079,728420,2435,355688,1458,345927,186,26805,1904,88445,2159,334051,2088,422496,California
Fresno,2021-05-21,4560,732980,2983,358671,1485,347412,92,26897,2070,88144,2462,336513,2161,424657,California
Fresno,2021-05-22,3932,736912,2915,361586,844,348256,173,27070,2265,88929,1651,338164,2436,427093,California
Fresno,2021-05-23,900,737812,570,362156,301,348557,29,27099,462,88992,428,338592,491,427584,California
Fresno,2021-05-24,3219,741031,2023,364179,1082,349639,114,27213,1494,88898,1702,340294,1608,429192,California
Fresno,2021-05-25,3201,744232,1926,366105,1151,350790,124,27337,1372,88579,1815,342109,1496,430688,California
Fresno,2021-05-26,3238,747470,2138,368243,994,351784,106,27443,1650,88764,1569,343678,1754,432442,California
Fresno,2021-05-27,3134,750604,1909,370152,1119,352903,106,27549,1414,88591,1694,345372,1521,433963,California
Fresno,2021-05-28,3405,754009,2204,372356,1106,354009,95,27644,1885,89071,1501,346873,1981,435944,California
Fresno,2021-05-29,2274,756283,1656,374012,547,354556,71,27715,1250,89379,1014,347887,1322,437266,California
Fresno,2021-05-30,887,757170,534,374546,318,354874,35,27750,428,89400,442,348329,463,437729,California
Fresno,2021-05-31,318,757488,159,374705,147,355021,12,27762,136,89370,176,348505,146,437875,California
Fresno,2021-06-01,3014,760502,1815,376520,1105,356126,94,27856,1223,88920,1767,350272,1317,439192,California
Fresno,2021-06-02,2651,763153,1710,378230,851,356977,90,27946,1085,88560,1536,351808,1176,440368,California
Fresno,2021-06-03,2930,766083,2014,380244,815,357792,101,28047,1194,88137,1716,353524,1293,441661,California
Fresno,2021-06-04,3228,769311,2345,382589,783,358575,100,28147,1117,87268,2087,355611,1218,442879,California
Fresno,2021-06-05,3092,772403,2291,384880,683,359258,118,28265,1249,86807,1824,357435,1363,444242,California
Fresno,2021-06-06,1166,773569,928,385808,201,359459,37,28302,413,86510,747,358182,450,444692,California
Fresno,2021-06-07,3073,776642,2422,388230,561,360020,90,28392,900,85349,2151,360333,990,445682,California
Fresno,2021-06-08,2603,779245,1944,390174,591,360611,68,28460,806,84435,1788,362121,874,446556,California
Fresno,2021-06-09,2379,781624,1764,391938,530,361141,85,28545,770,83691,1598,363719,854,447410,California
Fresno,2021-06-10,2129,783753,1542,393480,522,361663,65,28610,705,83056,1405,365124,770,448180,California
Fresno,2021-06-11,2108,785861,1418,394898,589,362252,101,28711,774,82621,1310,366434,875,449055,California
Fresno,2021-06-12,2287,788148,1892,396790,265,362517,130,28841,572,81617,1702,368136,698,449753,California
Fresno,2021-06-13,274,788422,137,396927,125,362642,12,28853,100,81556,173,368309,112,449865,California
Glenn,2020-12-17,1,1,1,1,0,0,0,0,1,1,0,0,1,1,California
Glenn,2020-12-20,1,2,1,2,0,0,0,0,1,2,0,0,1,2,California
Glenn,2020-12-21,11,13,11,13,0,0,0,0,11,13,0,0,11,13,California
Glenn,2020-12-22,61,74,61,74,0,0,0,0,61,74,0,0,61,74,California
Glenn,2020-12-23,28,102,28,102,0,0,0,0,28,102,0,0,28,102,California
Glenn,2020-12-24,9,111,9,111,0,0,0,0,9,111,0,0,9,111,California
Glenn,2020-12-26,2,113,2,113,0,0,0,0,2,113,0,0,2,113,California
Glenn,2020-12-27,4,117,4,117,0,0,0,0,4,117,0,0,4,117,California
Glenn,2020-12-28,20,137,20,137,0,0,0,0,20,137,0,0,20,137,California
Glenn,2020-12-29,81,218,81,218,0,0,0,0,81,218,0,0,81,218,California
Glenn,2020-12-30,127,345,104,322,23,23,0,0,127,345,0,0,127,345,California
Glenn,2020-12-31,38,383,9,331,29,52,0,0,38,383,0,0,38,383,California
Glenn,2021-01-02,4,387,4,335,0,52,0,0,4,387,0,0,4,387,California
Glenn,2021-01-04,7,394,5,340,2,54,0,0,7,394,0,0,7,394,California
Glenn,2021-01-05,12,406,9,349,3,57,0,0,12,406,0,0,12,406,California
Glenn,2021-01-06,59,465,8,357,51,108,0,0,59,465,0,0,59,465,California
Glenn,2021-01-07,65,530,11,368,54,162,0,0,64,528,1,1,64,529,California
Glenn,2021-01-08,12,542,9,377,3,165,0,0,12,540,0,1,12,541,California
Glenn,2021-01-10,1,543,1,378,0,165,0,0,0,539,1,2,0,541,California
Glenn,2021-01-11,29,572,29,407,0,165,0,0,12,534,17,19,12,553,California
Glenn,2021-01-12,44,616,39,446,5,170,0,0,14,518,30,49,14,567,California
Glenn,2021-01-13,221,837,158,604,63,233,0,0,176,650,45,94,177,744,California
Glenn,2021-01-14,116,953,28,632,88,321,0,0,106,746,10,104,106,850,California
Glenn,2021-01-15,41,994,34,666,7,328,0,0,36,777,5,109,36,886,California
Glenn,2021-01-16,33,1027,14,680,19,347,0,0,23,790,10,119,23,909,California
Glenn,2021-01-17,4,1031,2,682,2,349,0,0,2,790,2,121,2,911,California
Glenn,2021-01-18,17,1048,16,698,1,350,0,0,9,791,8,129,9,920,California
Glenn,2021-01-19,30,1078,20,718,10,360,0,0,13,787,17,146,13,933,California
Glenn,2021-01-20,162,1240,93,811,69,429,0,0,82,789,80,226,82,1015,California
Glenn,2021-01-21,121,1361,95,906,26,455,0,0,30,728,91,317,30,1045,California
Glenn,2021-01-22,342,1703,64,970,278,733,0,0,335,1056,7,324,335,1380,California
Glenn,2021-01-23,15,1718,9,979,6,739,0,0,11,1063,4,328,11,1391,California
Glenn,2021-01-24,2,1720,2,981,0,739,0,0,2,1065,0,328,2,1393,California
Glenn,2021-01-25,27,1747,9,990,18,757,0,0,24,1086,3,331,24,1417,California
Glenn,2021-01-26,31,1778,15,1005,16,773,0,0,24,1103,7,338,24,1441,California
Glenn,2021-01-27,187,1965,12,1017,175,948,0,0,165,1246,22,360,165,1606,California
Glenn,2021-01-28,148,2113,8,1025,140,1088,0,0,118,1334,30,390,118,1724,California
Glenn,2021-01-29,299,2412,12,1037,287,1375,0,0,285,1605,14,404,285,2009,California
Glenn,2021-01-30,3,2415,0,1037,3,1378,0,0,3,1608,0,404,3,2012,California
Glenn,2021-01-31,1,2416,0,1037,1,1379,0,0,1,1609,0,404,1,2013,California
Glenn,2021-02-01,30,2446,11,1048,19,1398,0,0,18,1615,12,416,18,2031,California
Glenn,2021-02-02,30,2476,15,1063,15,1413,0,0,20,1625,10,426,20,2051,California
Glenn,2021-02-03,274,2750,126,1189,148,1561,0,0,130,1612,144,570,131,2182,California
Glenn,2021-02-04,80,2830,14,1203,66,1627,0,0,25,1582,55,625,25,2207,California
Glenn,2021-02-05,326,3156,25,1228,301,1928,0,0,305,1866,21,646,305,2512,California
Glenn,2021-02-06,17,3173,2,1230,15,1943,0,0,16,1881,1,647,16,2528,California
Glenn,2021-02-07,2,3175,2,1232,0,1943,0,0,2,1883,0,647,2,2530,California
Glenn,2021-02-08,20,3195,17,1249,3,1946,0,0,4,1871,16,663,4,2534,California
Glenn,2021-02-09,49,3244,19,1268,30,1976,0,0,34,1890,15,678,34,2568,California
Glenn,2021-02-10,137,3381,19,1287,118,2094,0,0,66,1885,71,749,66,2634,California
Glenn,2021-02-11,234,3615,134,1421,100,2194,0,0,152,1954,83,832,152,2786,California
Glenn,2021-02-12,418,4033,98,1519,320,2514,0,0,354,2244,64,896,354,3140,California
Glenn,2021-02-13,36,4069,8,1527,28,2542,0,0,17,2242,19,915,17,3157,California
Glenn,2021-02-14,1,4070,0,1527,1,2543,0,0,1,2243,0,915,1,3158,California
Glenn,2021-02-15,8,4078,0,1527,8,2551,0,0,8,2251,0,915,8,3166,California
Glenn,2021-02-16,39,4117,9,1536,30,2581,0,0,21,2254,18,933,21,3187,California
Glenn,2021-02-17,380,4497,13,1549,367,2948,0,0,304,2482,76,1009,304,3491,California
Glenn,2021-02-18,136,4633,101,1650,35,2983,0,0,112,2570,24,1033,112,3603,California
Glenn,2021-02-19,306,4939,16,1666,290,3273,0,0,28,2320,278,1311,28,3631,California
Glenn,2021-02-20,8,4947,0,1666,8,3281,0,0,0,2312,8,1319,0,3631,California
Glenn,2021-02-21,1,4948,1,1667,0,3281,0,0,1,2313,0,1319,1,3632,California
Glenn,2021-02-22,34,4982,15,1682,19,3300,0,0,17,2313,17,1336,17,3649,California
Glenn,2021-02-23,39,5021,10,1692,29,3329,0,0,27,2328,12,1348,27,3676,California
Glenn,2021-02-24,251,5272,49,1741,202,3531,0,0,46,2169,205,1553,46,3722,California
Glenn,2021-02-25,232,5504,118,1859,114,3645,0,0,118,2173,114,1667,118,3840,California
Glenn,2021-02-26,308,5812,24,1883,284,3929,0,0,20,1906,287,1954,20,3860,California
Glenn,2021-02-27,13,5825,4,1887,9,3938,0,0,5,1904,7,1961,5,3865,California
Glenn,2021-02-28,6,5831,3,1890,3,3941,0,0,3,1905,2,1963,3,3868,California
Glenn,2021-03-01,28,5859,6,1896,22,3963,0,0,12,1901,16,1979,12,3880,California
Glenn,2021-03-02,35,5894,8,1904,27,3990,0,0,17,1900,18,1997,17,3897,California
Glenn,2021-03-03,192,6086,38,1942,154,4144,0,0,101,1912,89,2086,101,3998,California
Glenn,2021-03-04,519,6605,176,2118,343,4487,0,0,373,2139,146,2232,373,4371,California
Glenn,2021-03-05,361,6966,47,2165,314,4801,0,0,34,1846,327,2559,34,4405,California
Glenn,2021-03-06,29,6995,3,2168,25,4826,1,1,9,1836,20,2579,10,4415,California
Glenn,2021-03-07,5,7000,0,2168,5,4831,0,1,3,1838,1,2580,3,4418,California
Glenn,2021-03-08,20,7020,2,2170,17,4848,1,2,18,1855,2,2582,19,4437,California
Glenn,2021-03-09,82,7102,12,2182,67,4915,3,5,54,1883,28,2610,56,4493,California
Glenn,2021-03-10,172,7274,69,2251,101,5016,2,7,95,1903,77,2687,97,4590,California
Glenn,2021-03-11,585,7859,168,2419,394,5410,23,30,455,2251,130,2817,478,5068,California
Glenn,2021-03-12,417,8276,13,2432,342,5752,62,92,41,1978,376,3193,103,5171,California
Glenn,2021-03-13,13,8289,1,2433,4,5756,8,100,1,1975,12,3205,9,5180,California
Glenn,2021-03-14,2,8291,1,2434,1,5757,0,100,0,1973,2,3207,0,5180,California
Glenn,2021-03-15,76,8367,15,2449,56,5813,5,105,61,2024,15,3222,66,5246,California
Glenn,2021-03-16,109,8476,34,2483,65,5878,10,115,69,2063,40,3262,79,5325,California
Glenn,2021-03-17,420,8896,99,2582,314,6192,7,122,116,1880,304,3566,121,5446,California
Glenn,2021-03-18,521,9417,216,2798,49,6241,256,378,143,1900,378,3944,398,5844,California
Glenn,2021-03-19,97,9514,16,2814,75,6316,6,384,76,1962,20,3964,82,5926,California
Glenn,2021-03-20,132,9646,2,2816,129,6445,1,385,130,2091,2,3966,131,6057,California
Glenn,2021-03-21,6,9652,5,2821,0,6445,1,386,3,2093,2,3968,4,6061,California
Glenn,2021-03-22,122,9774,54,2875,61,6506,7,393,103,2186,17,3985,110,6171,California
Glenn,2021-03-23,175,9949,66,2941,60,6566,49,442,104,2270,69,4054,153,6324,California
Glenn,2021-03-24,209,10158,102,3043,102,6668,5,447,136,2339,72,4126,141,6465,California
Glenn,2021-03-25,472,10630,230,3273,148,6816,94,541,345,2652,126,4252,439,6904,California
Glenn,2021-03-26,240,10870,36,3309,168,6984,36,577,190,2828,50,4302,226,7130,California
Glenn,2021-03-27,162,11032,18,3327,138,7122,6,583,153,2978,9,4311,159,7289,California
Glenn,2021-03-28,15,11047,10,3337,5,7127,0,583,10,2983,5,4316,10,7299,California
Glenn,2021-03-29,61,11108,20,3357,38,7165,3,586,47,3019,14,4330,50,7349,California
Glenn,2021-03-30,72,11180,41,3398,30,7195,1,587,42,3034,28,4358,43,7392,California
Glenn,2021-03-31,123,11303,35,3433,87,7282,1,588,54,3021,68,4426,55,7447,California
Glenn,2021-04-01,655,11958,187,3620,459,7741,9,597,244,2866,408,4834,253,7700,California
Glenn,2021-04-02,168,12126,26,3646,131,7872,11,608,133,2975,35,4869,144,7844,California
Glenn,2021-04-03,96,12222,4,3650,85,7957,7,615,85,3056,11,4880,92,7936,California
Glenn,2021-04-04,9,12231,3,3653,4,7961,2,617,5,3059,4,4884,7,7943,California
Glenn,2021-04-05,65,12296,25,3678,27,7988,13,630,28,3063,37,4921,41,7984,California
Glenn,2021-04-06,144,12440,52,3730,53,8041,39,669,36,3030,107,5028,74,8058,California
Glenn,2021-04-07,162,12602,48,3778,60,8101,54,723,75,3072,87,5115,129,8187,California
Glenn,2021-04-08,644,13246,190,3968,420,8521,34,757,138,2740,504,5619,172,8359,California
Glenn,2021-04-09,158,13404,56,4024,86,8607,16,773,101,2800,57,5676,117,8476,California
Glenn,2021-04-10,77,13481,1,4025,61,8668,15,788,59,2857,17,5693,74,8550,California
Glenn,2021-04-11,16,13497,8,4033,3,8671,5,793,7,2860,9,5702,12,8562,California
Glenn,2021-04-12,115,13612,25,4058,61,8732,29,822,20,2814,95,5797,49,8611,California
Glenn,2021-04-13,119,13731,63,4121,56,8788,0,822,30,2756,88,5885,30,8641,California
Glenn,2021-04-14,121,13852,45,4166,76,8864,0,822,68,2771,53,5938,68,8709,California
Glenn,2021-04-15,361,14213,275,4441,86,8950,0,822,121,2652,240,6178,121,8830,California
Glenn,2021-04-16,167,14380,41,4482,126,9076,0,822,77,2640,90,6268,78,8908,California
Glenn,2021-04-17,166,14546,16,4498,150,9226,0,822,27,2536,131,6399,27,8935,California
Glenn,2021-04-18,16,14562,3,4501,13,9239,0,822,13,2546,3,6402,13,8948,California
Glenn,2021-04-19,83,14645,17,4518,66,9305,0,822,22,2508,60,6462,22,8970,California
Glenn,2021-04-20,127,14772,82,4600,45,9350,0,822,54,2489,73,6535,54,9024,California
Glenn,2021-04-21,411,15183,310,4910,101,9451,0,822,280,2638,131,6666,280,9304,California
Glenn,2021-04-22,211,15394,48,4958,163,9614,0,822,33,2494,177,6843,33,9337,California
Glenn,2021-04-23,180,15574,24,4982,156,9770,0,822,41,2397,138,6981,41,9378,California
Glenn,2021-04-24,180,15754,32,5014,148,9918,0,822,31,2279,149,7130,31,9409,California
Glenn,2021-04-25,30,15784,18,5032,12,9930,0,822,22,2293,8,7138,22,9431,California
Glenn,2021-04-26,48,15832,12,5044,36,9966,0,822,19,2283,29,7167,19,9450,California
Glenn,2021-04-27,63,15895,48,5092,10,9976,5,827,32,2288,31,7198,36,9486,California
Glenn,2021-04-28,259,16154,179,5271,69,10045,11,838,129,2299,129,7327,140,9626,California
Glenn,2021-04-29,183,16337,23,5294,158,10203,2,840,36,2190,147,7474,38,9664,California
Glenn,2021-04-30,157,16494,35,5329,120,10323,2,842,38,2111,119,7593,40,9704,California
Glenn,2021-05-01,108,16602,13,5342,94,10417,1,843,25,2054,83,7676,26,9730,California
Glenn,2021-05-02,30,16632,12,5354,9,10426,9,852,15,2063,15,7691,24,9754,California
Glenn,2021-05-03,38,16670,24,5378,13,10439,1,853,14,2054,24,7715,15,9769,California
Glenn,2021-05-04,56,16726,32,5410,19,10458,5,858,28,2059,28,7743,33,9802,California
Glenn,2021-05-05,121,16847,34,5444,77,10535,10,868,51,2050,70,7813,61,9863,California
Glenn,2021-05-06,111,16958,41,5485,65,10600,5,873,41,2026,70,7883,46,9909,California
Glenn,2021-05-07,119,17077,32,5517,78,10678,9,882,30,1977,88,7971,39,9948,California
Glenn,2021-05-08,66,17143,12,5529,50,10728,4,886,21,1958,44,8015,25,9973,California
Glenn,2021-05-09,17,17160,11,5540,6,10734,0,886,13,1967,4,8019,13,9986,California
Glenn,2021-05-10,37,17197,15,5555,17,10751,5,891,14,1963,23,8042,19,10005,California
Glenn,2021-05-11,79,17276,56,5611,14,10765,9,900,16,1925,63,8105,25,10030,California
Glenn,2021-05-12,334,17610,252,5863,68,10833,14,914,53,1711,281,8386,67,10097,California
Glenn,2021-05-13,157,17767,59,5922,80,10913,18,932,68,1708,89,8475,86,10183,California
Glenn,2021-05-14,105,17872,25,5947,75,10988,5,937,41,1690,64,8539,46,10229,California
Glenn,2021-05-15,69,17941,40,5987,26,11014,3,940,36,1696,32,8571,38,10267,California
Glenn,2021-05-16,31,17972,18,6005,13,11027,0,940,9,1683,22,8593,9,10276,California
Glenn,2021-05-17,86,18058,61,6066,21,11048,4,944,60,1721,26,8619,64,10340,California
Glenn,2021-05-18,68,18126,49,6115,14,11062,5,949,22,1702,46,8665,27,10367,California
Glenn,2021-05-19,194,18320,114,6229,68,11130,12,961,72,1664,121,8786,83,10450,California
Glenn,2021-05-20,120,18440,77,6306,41,11171,2,963,85,1716,35,8821,87,10537,California
Glenn,2021-05-21,70,18510,26,6332,43,11214,1,964,30,1707,40,8861,31,10568,California
Glenn,2021-05-22,54,18564,23,6355,31,11245,0,964,27,1707,27,8888,27,10595,California
Glenn,2021-05-23,28,18592,15,6370,13,11258,0,964,12,1704,15,8903,12,10607,California
Glenn,2021-05-24,29,18621,10,6380,15,11273,4,968,10,1700,18,8921,14,10621,California
Glenn,2021-05-25,46,18667,35,6415,9,11282,2,970,23,1702,23,8944,25,10646,California
Glenn,2021-05-26,73,18740,14,6429,55,11337,4,974,25,1683,48,8992,29,10675,California
Glenn,2021-05-27,101,18841,62,6491,38,11375,1,975,47,1679,52,9044,48,10723,California
Glenn,2021-05-28,62,18903,18,6509,37,11412,7,982,32,1688,30,9074,39,10762,California
Glenn,2021-05-29,47,18950,11,6520,32,11444,4,986,21,1687,26,9100,25,10787,California
Glenn,2021-05-30,21,18971,13,6533,8,11452,0,986,8,1683,12,9112,8,10795,California
Glenn,2021-05-31,4,18975,0,6533,4,11456,0,986,0,1679,4,9116,0,10795,California
Glenn,2021-06-01,57,19032,32,6565,22,11478,3,989,25,1675,32,9148,28,10823,California
Glenn,2021-06-02,97,19129,48,6613,46,11524,3,992,38,1657,59,9207,41,10864,California
Glenn,2021-06-03,76,19205,42,6655,27,11551,7,999,18,1626,56,9263,25,10889,California
Glenn,2021-06-04,77,19282,36,6691,37,11588,4,1003,41,1635,36,9299,45,10934,California
Glenn,2021-06-05,55,19337,30,6721,22,11610,3,1006,17,1617,38,9337,20,10954,California
Glenn,2021-06-06,31,19368,28,6749,2,11612,1,1007,15,1618,15,9352,16,10970,California
Glenn,2021-06-07,67,19435,59,6808,7,11619,1,1008,13,1579,53,9405,14,10984,California
Glenn,2021-06-08,35,19470,19,6827,11,11630,5,1013,16,1581,19,9424,21,11005,California
Glenn,2021-06-09,55,19525,28,6855,20,11650,7,1020,28,1589,27,9451,35,11040,California
Glenn,2021-06-10,107,19632,77,6932,24,11674,6,1026,27,1542,80,9531,33,11073,California
Glenn,2021-06-11,73,19705,45,6977,26,11700,2,1028,17,1505,56,9587,19,11092,California
Glenn,2021-06-12,28,19733,13,6990,12,11712,3,1031,11,1502,17,9604,14,11106,California
Glenn,2021-06-13,6,19739,6,6996,0,11712,0,1031,5,1506,1,9605,5,11111,California
Humboldt,2020-12-15,2,2,2,2,0,0,0,0,2,2,0,0,2,2,California
Humboldt,2020-12-16,16,18,16,18,0,0,0,0,16,18,0,0,16,18,California
Humboldt,2020-12-17,117,135,117,135,0,0,0,0,117,135,0,0,117,135,California
Humboldt,2020-12-18,177,312,177,312,0,0,0,0,177,312,0,0,177,312,California
Humboldt,2020-12-19,10,322,10,322,0,0,0,0,10,322,0,0,10,322,California
Humboldt,2020-12-20,27,349,27,349,0,0,0,0,27,349,0,0,27,349,California
Humboldt,2020-12-21,166,515,166,515,0,0,0,0,166,515,0,0,166,515,California
Humboldt,2020-12-22,335,850,335,850,0,0,0,0,335,850,0,0,335,850,California
Humboldt,2020-12-23,321,1171,264,1114,57,57,0,0,323,1173,0,0,323,1173,California
Humboldt,2020-12-24,25,1196,2,1116,23,80,0,0,25,1198,0,0,25,1198,California
Humboldt,2020-12-25,2,1198,2,1118,0,80,0,0,2,1200,0,0,2,1200,California
Humboldt,2020-12-26,6,1204,5,1123,1,81,0,0,6,1206,0,0,6,1206,California
Humboldt,2020-12-28,206,1410,148,1271,58,139,0,0,206,1412,0,0,206,1412,California
Humboldt,2020-12-29,181,1591,123,1394,58,197,0,0,182,1594,0,0,182,1594,California
Humboldt,2020-12-30,231,1822,126,1520,105,302,0,0,231,1825,0,0,231,1825,California
Humboldt,2020-12-31,245,2067,80,1600,165,467,0,0,245,2070,0,0,245,2070,California
Humboldt,2021-01-01,2,2069,1,1601,1,468,0,0,2,2072,0,0,2,2072,California
Humboldt,2021-01-02,39,2108,1,1602,38,506,0,0,39,2111,0,0,39,2111,California
Humboldt,2021-01-04,219,2327,143,1745,76,582,0,0,220,2331,0,0,220,2331,California
Humboldt,2021-01-05,133,2460,21,1766,112,694,0,0,133,2463,1,1,133,2464,California
Humboldt,2021-01-06,315,2775,216,1982,99,793,0,0,242,2644,61,62,242,2706,California
Humboldt,2021-01-07,436,3211,323,2305,113,906,0,0,319,2863,100,162,319,3025,California
Humboldt,2021-01-08,426,3637,287,2592,139,1045,0,0,287,3017,133,295,287,3312,California
Humboldt,2021-01-09,67,3704,43,2635,24,1069,0,0,65,3081,2,297,66,3378,California
Humboldt,2021-01-10,84,3788,84,2719,0,1069,0,0,4,3005,80,377,4,3382,California
Humboldt,2021-01-11,291,4079,280,2999,11,1080,0,0,71,2860,216,593,71,3453,California
Humboldt,2021-01-12,502,4581,338,3337,164,1244,0,0,285,2950,195,788,285,3738,California
Humboldt,2021-01-13,498,5079,280,3617,218,1462,0,0,319,3094,176,964,320,4058,California
Humboldt,2021-01-14,549,5628,167,3784,382,1844,0,0,493,3532,56,1020,494,4552,California
Humboldt,2021-01-15,359,5987,28,3812,331,2175,0,0,342,3857,17,1037,342,4894,California
Humboldt,2021-01-16,169,6156,5,3817,164,2339,0,0,168,4024,1,1038,168,5062,California
Humboldt,2021-01-17,6,6162,4,3821,2,2341,0,0,6,4030,0,1038,6,5068,California
Humboldt,2021-01-18,302,6464,267,4088,35,2376,0,0,151,4030,151,1189,151,5219,California
Humboldt,2021-01-19,651,7115,396,4484,255,2631,0,0,522,4429,123,1312,522,5741,California
Humboldt,2021-01-20,917,8032,388,4872,529,3160,0,0,754,5030,155,1467,756,6497,California
Humboldt,2021-01-21,963,8995,261,5133,702,3862,0,0,921,5909,42,1509,921,7418,California
Humboldt,2021-01-22,687,9682,380,5513,307,4169,0,0,677,6577,10,1519,678,8096,California
Humboldt,2021-01-23,924,10606,283,5796,641,4810,0,0,915,7484,9,1528,916,9012,California
Humboldt,2021-01-24,229,10835,1,5797,228,5038,0,0,228,7711,1,1529,228,9240,California
Humboldt,2021-01-25,352,11187,235,6032,117,5155,0,0,154,7667,198,1727,154,9394,California
Humboldt,2021-01-26,544,11731,149,6181,395,5550,0,0,480,8083,64,1791,480,9874,California
Humboldt,2021-01-27,1274,13005,586,6767,688,6238,0,0,1202,9223,64,1855,1204,11078,California
Humboldt,2021-01-28,1463,14468,636,7403,827,7065,0,0,1323,10411,137,1992,1325,12403,California
Humboldt,2021-01-29,1157,15625,548,7951,609,7674,0,0,691,10636,466,2458,691,13094,California
Humboldt,2021-01-30,988,16613,468,8419,520,8194,0,0,975,11599,13,2471,976,14070,California
Humboldt,2021-01-31,316,16929,314,8733,2,8196,0,0,315,11913,1,2472,315,14385,California
Humboldt,2021-02-01,338,17267,195,8928,143,8339,0,0,189,11953,149,2621,189,14574,California
Humboldt,2021-02-02,450,17717,79,9007,371,8710,0,0,345,12198,102,2723,347,14921,California
Humboldt,2021-02-03,672,18389,266,9273,406,9116,0,0,519,12564,153,2876,519,15440,California
Humboldt,2021-02-04,653,19042,260,9533,393,9509,0,0,444,12802,206,3082,444,15884,California
Humboldt,2021-02-05,810,19852,93,9626,717,10226,0,0,623,13238,187,3269,623,16507,California
Humboldt,2021-02-06,1078,20930,466,10092,612,10838,0,0,1033,14228,44,3313,1034,17541,California
Humboldt,2021-02-07,379,21309,9,10101,370,11208,0,0,374,14599,4,3317,375,17916,California
Humboldt,2021-02-08,337,21646,146,10247,191,11399,0,0,179,14621,157,3474,179,18095,California
Humboldt,2021-02-09,502,22148,228,10475,274,11673,0,0,176,14471,326,3800,176,18271,California
Humboldt,2021-02-10,563,22711,372,10847,191,11864,0,0,233,14379,325,4125,233,18504,California
Humboldt,2021-02-11,1315,24026,396,11243,919,12783,0,0,492,14053,820,4945,494,18998,California
Humboldt,2021-02-12,1156,25182,738,11981,418,13201,0,0,708,14313,448,5393,708,19706,California
Humboldt,2021-02-13,1545,26727,597,12578,948,14149,0,0,925,14620,618,6011,925,20631,California
Humboldt,2021-02-14,110,26837,4,12582,106,14255,0,0,107,14725,2,6013,107,20738,California
Humboldt,2021-02-15,294,27131,81,12663,213,14468,0,0,193,14818,100,6113,193,20931,California
Humboldt,2021-02-16,544,27675,121,12784,423,14891,0,0,252,14779,292,6405,253,21184,California
Humboldt,2021-02-17,449,28124,277,13061,172,15063,0,0,131,14593,317,6722,131,21315,California
Humboldt,2021-02-18,1020,29144,598,13659,422,15485,0,0,274,14123,744,7466,274,21589,California
Humboldt,2021-02-19,481,29625,435,14094,46,15531,0,0,90,13825,388,7854,90,21679,California
Humboldt,2021-02-20,1670,31295,1013,15107,657,16188,0,0,484,13129,1183,9037,487,22166,California
Humboldt,2021-02-21,479,31774,471,15578,8,16196,0,0,181,13013,298,9335,182,22348,California
Humboldt,2021-02-22,138,31912,94,15672,44,16240,0,0,29,12935,107,9442,29,22377,California
Humboldt,2021-02-23,181,32093,71,15743,110,16350,0,0,44,12844,135,9577,44,22421,California
Humboldt,2021-02-24,1213,33306,741,16484,472,16822,0,0,586,12804,626,10203,586,23007,California
Humboldt,2021-02-25,834,34140,319,16803,515,17337,0,0,231,12434,601,10804,231,23238,California
Humboldt,2021-02-26,2152,36292,107,16910,2045,19382,0,0,446,11181,1700,12504,447,23685,California
Humboldt,2021-02-27,1710,38002,1090,18000,620,20002,0,0,855,11187,853,13357,859,24544,California
Humboldt,2021-02-28,123,38125,11,18011,112,20114,0,0,117,11298,6,13363,117,24661,California
Humboldt,2021-03-01,257,38382,45,18056,212,20326,0,0,183,11407,74,13437,183,24844,California
Humboldt,2021-03-02,299,38681,50,18106,249,20575,0,0,163,11434,136,13573,163,25007,California
Humboldt,2021-03-03,1667,40348,1101,19207,566,21141,0,0,1223,12220,438,14011,1224,26231,California
Humboldt,2021-03-04,921,41269,112,19319,809,21950,0,0,296,11893,625,14636,298,26529,California
Humboldt,2021-03-05,946,42215,188,19507,747,22697,11,11,387,11735,556,15192,398,26927,California
Humboldt,2021-03-06,1799,44014,941,20448,809,23506,49,60,802,11590,996,16188,851,27778,California
Humboldt,2021-03-07,364,44378,293,20741,53,23559,18,78,157,11558,207,16395,175,27953,California
Humboldt,2021-03-08,278,44656,6,20747,193,23752,79,157,182,11724,95,16490,261,28214,California
Humboldt,2021-03-09,500,45156,207,20954,145,23897,148,305,245,11863,253,16743,392,28606,California
Humboldt,2021-03-10,692,45848,468,21422,70,23967,154,459,420,12164,271,17014,572,29178,California
Humboldt,2021-03-11,1472,47320,458,21880,914,24881,100,559,646,12088,821,17835,745,29923,California
Humboldt,2021-03-12,1748,49068,1083,22963,443,25324,222,781,1052,12677,688,18523,1277,31200,California
Humboldt,2021-03-13,1587,50655,1037,24000,498,25822,52,833,670,12488,911,19434,722,31922,California
Humboldt,2021-03-14,142,50797,19,24019,115,25937,8,841,30,12414,112,19546,38,31960,California
Humboldt,2021-03-15,277,51074,51,24070,204,26141,22,863,59,12277,218,19764,81,32041,California
Humboldt,2021-03-16,636,51710,201,24271,174,26315,261,1124,260,12421,375,20139,519,32560,California
Humboldt,2021-03-17,730,52440,394,24665,228,26543,108,1232,340,12480,389,20528,448,33008,California
Humboldt,2021-03-18,1739,54179,1170,25835,526,27069,43,1275,1041,12870,694,21222,1084,34092,California
Humboldt,2021-03-19,1075,55254,61,25896,700,27769,314,1589,441,12993,631,21853,754,34846,California
Humboldt,2021-03-20,1383,56637,755,26651,614,28383,14,1603,424,12475,957,22810,439,35285,California
Humboldt,2021-03-21,250,56887,33,26684,188,28571,29,1632,205,12663,45,22855,233,35518,California
Humboldt,2021-03-22,118,57005,15,26699,53,28624,50,1682,62,12721,54,22909,112,35630,California
Humboldt,2021-03-23,414,57419,42,26741,329,28953,43,1725,320,12992,92,23001,363,35993,California
Humboldt,2021-03-24,1415,58834,388,27129,979,29932,48,1773,1038,13708,369,23370,1085,37078,California
Humboldt,2021-03-25,1838,60672,1212,28341,564,30496,62,1835,947,13828,889,24259,1009,38087,California
Humboldt,2021-03-26,2041,62713,438,28779,1545,32041,58,1893,1594,15038,441,24700,1651,39738,California
Humboldt,2021-03-27,2079,64792,1498,30277,409,32450,172,2065,1101,15337,974,25674,1273,41011,California
Humboldt,2021-03-28,267,65059,81,30358,114,32564,72,2137,83,15310,183,25857,156,41167,California
Humboldt,2021-03-29,466,65525,124,30482,246,32810,96,2233,197,15334,268,26125,292,41459,California
Humboldt,2021-03-30,944,66469,305,30787,525,33335,114,2347,559,15626,380,26505,672,42131,California
Humboldt,2021-03-31,1869,68338,521,31308,1250,34585,98,2445,1410,16681,455,26960,1510,43641,California
Humboldt,2021-04-01,2112,70450,702,32010,1317,35902,93,2538,1481,17632,623,27583,1574,45215,California
Humboldt,2021-04-02,1721,72171,1111,33121,505,36407,105,2643,617,17256,1098,28681,722,45937,California
Humboldt,2021-04-03,1666,73837,1507,34628,145,36552,14,2657,670,16954,986,29667,684,46621,California
Humboldt,2021-04-04,484,74321,371,34999,104,36656,9,2666,403,17285,81,29748,412,47033,California
Humboldt,2021-04-05,778,75099,463,35462,267,36923,48,2714,442,17441,334,30082,490,47523,California
Humboldt,2021-04-06,844,75943,319,35781,391,37314,134,2848,587,17909,251,30333,719,48242,California
Humboldt,2021-04-07,1498,77441,1067,36848,291,37605,140,2988,994,18542,501,30834,1134,49376,California
Humboldt,2021-04-08,1751,79192,1097,37945,496,38101,158,3146,740,18431,1009,31843,898,50274,California
Humboldt,2021-04-09,1440,80632,439,38384,847,38948,154,3300,1152,19443,287,32130,1299,51573,California
Humboldt,2021-04-10,935,81567,138,38522,623,39571,174,3474,736,20154,197,32327,908,52481,California
Humboldt,2021-04-11,645,82212,138,38660,36,39607,471,3945,128,20235,517,32844,598,53079,California
Humboldt,2021-04-12,437,82649,227,38887,85,39692,125,4070,278,20479,159,33003,403,53482,California
Humboldt,2021-04-13,591,83240,325,39212,262,39954,4,4074,557,21008,31,33034,560,54042,California
Humboldt,2021-04-14,1436,84676,1035,40247,401,40355,0,4074,1323,22219,112,33146,1323,55365,California
Humboldt,2021-04-15,1823,86499,1198,41445,621,40976,4,4078,1255,22926,550,33696,1257,56622,California
Humboldt,2021-04-16,1135,87634,522,41967,613,41589,0,4078,549,22892,583,34279,549,57171,California
Humboldt,2021-04-17,1846,89480,1524,43491,322,41911,0,4078,1050,23152,790,35069,1050,58221,California
Humboldt,2021-04-18,660,90140,348,43839,311,42222,1,4079,82,22662,572,35641,82,58303,California
Humboldt,2021-04-19,202,90342,85,43924,117,42339,0,4079,87,22636,113,35754,87,58390,California
Humboldt,2021-04-20,488,90830,128,44052,360,42699,0,4079,242,22633,245,35999,242,58632,California
Humboldt,2021-04-21,1093,91923,382,44434,711,43410,0,4079,433,22416,651,36650,434,59066,California
Humboldt,2021-04-22,880,92803,527,44961,352,43762,1,4080,446,22431,431,37081,446,59512,California
Humboldt,2021-04-23,2165,94968,305,45266,1860,45622,0,4080,315,20900,1846,38927,315,59827,California
Humboldt,2021-04-24,1088,96056,883,46149,200,45822,5,4085,361,20542,724,39651,366,60193,California
Humboldt,2021-04-25,376,96432,240,46389,136,45958,0,4085,193,20555,180,39831,193,60386,California
Humboldt,2021-04-26,354,96786,251,46640,99,46057,4,4089,99,20403,253,40084,101,60487,California
Humboldt,2021-04-27,760,97546,262,46902,469,46526,29,4118,153,19980,605,40689,182,60669,California
Humboldt,2021-04-28,1541,99087,793,47695,703,47229,45,4163,397,19280,1142,41831,442,61111,California
Humboldt,2021-04-29,1739,100826,591,48286,1110,48339,38,4201,291,18165,1444,43275,329,61440,California
Humboldt,2021-04-30,1248,102074,392,48678,822,49161,34,4235,191,17337,1051,44326,223,61663,California
Humboldt,2021-05-01,467,102541,385,49063,60,49221,22,4257,289,17471,177,44503,311,61974,California
Humboldt,2021-05-02,230,102771,184,49247,37,49258,9,4266,115,17481,114,44617,124,62098,California
Humboldt,2021-05-03,612,103383,375,49622,213,49471,24,4290,99,17094,511,45128,124,62222,California
Humboldt,2021-05-04,822,104205,483,50105,293,49764,46,4336,252,16824,567,45695,297,62519,California
Humboldt,2021-05-05,1685,105890,1076,51181,552,50316,57,4393,178,15557,1500,47195,233,62752,California
Humboldt,2021-05-06,1690,107580,1073,52254,364,50680,253,4646,138,14399,1549,48744,391,63143,California
Humboldt,2021-05-07,1417,108997,301,52555,1057,51737,59,4705,237,13516,1177,49921,294,63437,California
Humboldt,2021-05-08,740,109737,146,52701,571,52308,23,4728,91,12982,648,50569,114,63551,California
Humboldt,2021-05-09,909,110646,857,53558,42,52350,10,4738,48,12179,861,51430,58,63609,California
Humboldt,2021-05-10,216,110862,36,53594,142,52492,38,4776,83,12167,133,51563,121,63730,California
Humboldt,2021-05-11,500,111362,148,53742,279,52771,73,4849,188,12116,312,51875,261,63991,California
Humboldt,2021-05-12,618,111980,140,53882,432,53203,46,4895,229,12002,388,52263,274,64265,California
Humboldt,2021-05-13,585,112565,290,54172,268,53471,27,4922,272,11990,311,52574,299,64564,California
Humboldt,2021-05-14,702,113267,140,54312,458,53929,104,5026,231,11856,468,53042,334,64898,California
Humboldt,2021-05-15,779,114046,640,54952,131,54060,8,5034,208,11502,570,53612,216,65114,California
Humboldt,2021-05-16,123,114169,54,55006,65,54125,4,5038,70,11523,53,53665,74,65188,California
Humboldt,2021-05-17,402,114571,214,55220,166,54291,22,5060,223,11591,177,53842,245,65433,California
Humboldt,2021-05-18,663,115234,323,55543,311,54602,29,5089,369,11695,294,54136,398,65831,California
Humboldt,2021-05-19,989,116223,548,56091,398,55000,43,5132,358,11467,627,54763,399,66230,California
Humboldt,2021-05-20,812,117035,605,56696,195,55195,12,5144,592,11855,217,54980,605,66835,California
Humboldt,2021-05-21,875,117910,290,56986,524,55719,61,5205,372,11785,503,55483,433,67268,California
Humboldt,2021-05-22,411,118321,318,57304,85,55804,8,5213,145,11674,264,55747,153,67421,California
Humboldt,2021-05-23,387,118708,320,57624,64,55868,3,5216,71,11432,316,56063,74,67495,California
Humboldt,2021-05-24,325,119033,172,57796,124,55992,29,5245,187,11511,137,56200,216,67711,California
Humboldt,2021-05-25,529,119562,337,58133,168,56160,24,5269,289,11587,237,56437,313,68024,California
Humboldt,2021-05-26,646,120208,310,58443,312,56472,24,5293,312,11590,333,56770,336,68360,California
Humboldt,2021-05-27,461,120669,244,58687,180,56652,37,5330,279,11724,182,56952,316,68676,California
Humboldt,2021-05-28,410,121079,194,58881,169,56821,47,5377,181,11724,228,57180,228,68904,California
Humboldt,2021-05-29,170,121249,101,58982,66,56887,3,5380,97,11751,73,57253,100,69004,California
Humboldt,2021-05-30,104,121353,45,59027,54,56941,5,5385,49,11751,54,57307,54,69058,California
Humboldt,2021-05-31,96,121449,50,59077,40,56981,6,5391,72,11805,23,57330,77,69135,California
Humboldt,2021-06-01,458,121907,269,59346,174,57155,15,5406,204,11771,253,57583,219,69354,California
Humboldt,2021-06-02,530,122437,249,59595,228,57383,53,5459,243,11784,281,57864,294,69648,California
Humboldt,2021-06-03,390,122827,226,59821,142,57525,22,5481,88,11620,274,58138,110,69758,California
Humboldt,2021-06-04,504,123331,314,60135,167,57692,23,5504,134,11450,326,58464,156,69914,California
Humboldt,2021-06-05,407,123738,312,60447,50,57742,45,5549,205,11553,147,58611,250,70164,California
Humboldt,2021-06-06,168,123906,116,60563,43,57785,9,5558,70,11539,93,58704,79,70243,California
Humboldt,2021-06-07,352,124258,216,60779,112,57897,24,5582,114,11440,237,58941,138,70381,California
Humboldt,2021-06-08,516,124774,303,61082,184,58081,29,5611,152,11258,363,59304,181,70562,California
Humboldt,2021-06-09,284,125058,133,61215,118,58199,33,5644,97,11203,185,59489,130,70692,California
Humboldt,2021-06-10,454,125512,379,61594,48,58247,27,5671,67,10910,385,59874,92,70784,California
Humboldt,2021-06-11,240,125752,117,61711,101,58348,22,5693,49,10791,190,60064,71,70855,California
Humboldt,2021-06-12,99,125851,73,61784,26,58374,0,5693,18,10729,80,60144,18,70873,California
Humboldt,2021-06-13,105,125956,76,61860,7,58381,22,5715,61,10768,44,60188,83,70956,California
Imperial,2020-12-16,1,1,1,1,0,0,0,0,1,1,0,0,1,1,California
Imperial,2020-12-17,4,5,4,5,0,0,0,0,4,5,0,0,4,5,California
Imperial,2020-12-18,12,17,12,17,0,0,0,0,12,17,0,0,12,17,California
Imperial,2020-12-20,3,20,3,20,0,0,0,0,3,20,0,0,3,20,California
Imperial,2020-12-21,186,206,186,206,0,0,0,0,186,206,0,0,186,206,California
Imperial,2020-12-22,241,447,239,445,2,2,0,0,241,447,0,0,241,447,California
Imperial,2020-12-23,211,658,210,655,1,3,0,0,210,657,0,0,210,657,California
Imperial,2020-12-24,5,663,5,660,0,3,0,0,5,662,0,0,5,662,California
Imperial,2020-12-26,2,665,1,661,1,4,0,0,2,664,0,0,2,664,California
Imperial,2020-12-27,62,727,0,661,62,66,0,0,62,726,0,0,62,726,California
Imperial,2020-12-28,214,941,114,775,100,166,0,0,214,940,0,0,214,940,California
Imperial,2020-12-29,189,1130,36,811,153,319,0,0,189,1129,0,0,189,1129,California
Imperial,2020-12-30,367,1497,50,861,317,636,0,0,367,1496,0,0,367,1496,California
Imperial,2020-12-31,198,1695,27,888,171,807,0,0,198,1694,0,0,198,1694,California
Imperial,2021-01-01,47,1742,5,893,42,849,0,0,47,1741,0,0,47,1741,California
Imperial,2021-01-02,4,1746,0,893,4,853,0,0,4,1745,0,0,4,1745,California
Imperial,2021-01-03,90,1836,0,893,90,943,0,0,90,1835,0,0,90,1835,California
Imperial,2021-01-04,87,1923,7,900,80,1023,0,0,87,1922,0,0,87,1922,California
Imperial,2021-01-05,172,2095,14,914,158,1181,0,0,172,2094,0,0,172,2094,California
Imperial,2021-01-06,190,2285,26,940,164,1345,0,0,189,2282,1,1,189,2283,California
Imperial,2021-01-07,324,2609,12,952,312,1657,0,0,321,2600,3,4,321,2604,California
Imperial,2021-01-08,194,2803,53,1005,141,1798,0,0,184,2774,10,14,184,2788,California
Imperial,2021-01-09,24,2827,21,1026,3,1801,0,0,24,2798,0,14,24,2812,California
Imperial,2021-01-10,5,2832,1,1027,4,1805,0,0,4,2801,1,15,4,2816,California
Imperial,2021-01-11,403,3235,244,1271,159,1964,0,0,175,2748,228,243,175,2991,California
Imperial,2021-01-12,409,3644,305,1576,104,2068,0,0,147,2634,261,504,147,3138,California
Imperial,2021-01-13,379,4023,133,1709,246,2314,0,0,279,2813,100,604,279,3417,California
Imperial,2021-01-14,259,4282,149,1858,110,2424,0,0,253,3061,5,609,253,3670,California
Imperial,2021-01-15,239,4521,181,2039,58,2482,0,0,232,3286,7,616,232,3902,California
Imperial,2021-01-16,80,4601,74,2113,6,2488,0,0,79,3364,1,617,79,3981,California
Imperial,2021-01-17,10,4611,2,2115,8,2496,0,0,10,3374,0,617,10,3991,California
Imperial,2021-01-18,1064,5675,399,2514,665,3161,0,0,966,4243,98,715,967,4958,California
Imperial,2021-01-19,169,5844,132,2646,37,3198,0,0,122,4318,47,762,122,5080,California
Imperial,2021-01-20,296,6140,198,2844,98,3296,0,0,258,4538,38,800,258,5338,California
Imperial,2021-01-21,435,6575,200,3044,235,3531,0,0,413,4929,22,822,413,5751,California
Imperial,2021-01-22,466,7041,192,3236,274,3805,0,0,457,5377,9,831,457,6208,California
Imperial,2021-01-23,1046,8087,294,3530,752,4557,0,0,1045,6421,1,832,1045,7253,California
Imperial,2021-01-24,11,8098,5,3535,6,4563,0,0,10,6430,1,833,10,7263,California
Imperial,2021-01-25,215,8313,5,3540,210,4773,0,0,34,6285,179,1012,34,7297,California
Imperial,2021-01-26,376,8689,190,3730,186,4959,0,0,232,6374,143,1155,232,7529,California
Imperial,2021-01-27,584,9273,169,3899,415,5374,0,0,249,6288,335,1490,249,7778,California
Imperial,2021-01-28,646,9919,165,4064,481,5855,0,0,536,6714,110,1600,536,8314,California
Imperial,2021-01-29,434,10353,301,4365,133,5988,0,0,384,7048,50,1650,384,8698,California
Imperial,2021-01-30,61,10414,34,4399,27,6015,0,0,44,7075,17,1667,44,8742,California
Imperial,2021-01-31,21,10435,11,4410,10,6025,0,0,20,7094,1,1668,20,8762,California
Imperial,2021-02-01,429,10864,58,4468,371,6396,0,0,218,7103,209,1877,218,8980,California
Imperial,2021-02-02,692,11556,62,4530,630,7026,0,0,508,7427,184,2061,508,9488,California
Imperial,2021-02-03,464,12020,52,4582,412,7438,0,0,268,7500,195,2256,268,9756,California
Imperial,2021-02-04,1732,13752,1212,5794,520,7958,0,0,1420,8609,311,2567,1420,11176,California
Imperial,2021-02-05,402,14154,242,6036,160,8118,0,0,169,8544,234,2801,169,11345,California
Imperial,2021-02-06,860,15014,837,6873,23,8141,0,0,825,9332,37,2838,825,12170,California
Imperial,2021-02-07,22,15036,9,6882,13,8154,0,0,21,9352,1,2839,21,12191,California
Imperial,2021-02-08,265,15301,57,6939,208,8362,0,0,196,9479,69,2908,196,12387,California
Imperial,2021-02-09,496,15797,170,7109,326,8688,0,0,333,9649,163,3071,333,12720,California
Imperial,2021-02-10,469,16266,63,7172,406,9094,0,0,106,9393,363,3434,107,12827,California
Imperial,2021-02-11,1049,17315,374,7546,675,9769,0,0,155,8659,889,4323,155,12982,California
Imperial,2021-02-12,2173,19488,1442,8988,731,10500,0,0,1818,10120,358,4681,1819,14801,California
Imperial,2021-02-13,48,19536,17,9005,31,10531,0,0,43,10156,8,4689,44,14845,California
Imperial,2021-02-14,24,19560,12,9017,12,10543,0,0,21,10174,3,4692,21,14866,California
Imperial,2021-02-15,115,19675,26,9043,89,10632,0,0,91,10241,24,4716,91,14957,California
Imperial,2021-02-16,530,20205,276,9319,254,10886,0,0,310,10331,220,4936,310,15267,California
Imperial,2021-02-17,446,20651,289,9608,157,11043,0,0,88,10061,358,5294,88,15355,California
Imperial,2021-02-18,657,21308,319,9927,338,11381,0,0,147,9699,509,5803,147,15502,California
Imperial,2021-02-19,778,22086,386,10313,392,11773,0,0,196,9314,581,6384,196,15698,California
Imperial,2021-02-20,1048,23134,196,10509,852,12625,0,0,330,8930,716,7100,332,16030,California
Imperial,2021-02-21,593,23727,559,11068,34,12659,0,0,581,9500,11,7111,581,16611,California
Imperial,2021-02-22,817,24544,576,11644,241,12900,0,0,767,10217,50,7161,767,17378,California
Imperial,2021-02-23,980,25524,409,12053,571,13471,0,0,923,11084,57,7218,924,18302,California
Imperial,2021-02-24,743,26267,305,12358,438,13909,0,0,640,11622,102,7320,640,18942,California
Imperial,2021-02-25,884,27151,346,12704,538,14447,0,0,509,11763,374,7694,515,19457,California
Imperial,2021-02-26,2300,29451,1357,14061,943,15390,0,0,1815,13095,484,8178,1816,21273,California
Imperial,2021-02-27,870,30321,812,14873,58,15448,0,0,136,12495,736,8914,136,21409,California
Imperial,2021-02-28,35,30356,22,14895,13,15461,0,0,25,12510,10,8924,25,21434,California
Imperial,2021-03-01,530,30886,307,15202,220,15681,3,3,456,12900,70,8994,460,21894,California
Imperial,2021-03-02,693,31579,253,15455,439,16120,1,4,395,13002,296,9290,398,22292,California
Imperial,2021-03-03,932,32511,53,15508,878,16998,1,5,562,13209,367,9657,574,22866,California
Imperial,2021-03-04,778,33289,90,15598,687,17685,1,6,509,13481,267,9924,539,23405,California
Imperial,2021-03-05,3112,36401,2222,17820,890,18575,0,6,1747,13862,1368,11292,1749,25154,California
Imperial,2021-03-06,703,37104,239,18059,464,19039,0,6,659,14484,41,11333,663,25817,California
Imperial,2021-03-07,85,37189,42,18101,43,19082,0,6,60,14521,24,11357,61,25878,California
Imperial,2021-03-08,430,37619,345,18446,50,19132,35,41,367,14860,63,11420,402,26280,California
Imperial,2021-03-09,711,38330,335,18781,129,19261,247,288,410,15215,301,11721,656,26936,California
Imperial,2021-03-10,707,39037,329,19110,273,19534,105,393,331,15276,375,12096,436,27372,California
Imperial,2021-03-11,1807,40844,488,19598,1128,20662,191,584,1200,16074,603,12699,1401,28773,California
Imperial,2021-03-12,4821,45665,3477,23075,1158,21820,186,770,3097,17639,1718,14417,3283,32056,California
Imperial,2021-03-13,1160,46825,95,23170,840,22660,225,995,863,18437,294,14711,1092,33148,California
Imperial,2021-03-14,179,47004,37,23207,127,22787,15,1010,141,18556,38,14749,157,33305,California
Imperial,2021-03-15,706,47710,237,23444,205,22992,264,1274,399,18914,305,15054,663,33968,California
Imperial,2021-03-16,1134,48844,287,23731,377,23369,470,1744,567,19385,565,15619,1036,35004,California
Imperial,2021-03-17,1623,50467,708,24439,778,24147,137,1881,1026,19960,589,16208,1164,36168,California
Imperial,2021-03-18,1839,52306,1218,25657,561,24708,60,1941,1300,20787,535,16743,1362,37530,California
Imperial,2021-03-19,3800,56106,2780,28437,1016,25724,4,1945,1921,20842,1871,18614,1926,39456,California
Imperial,2021-03-20,1774,57880,553,28990,1215,26939,6,1951,1322,21730,446,19060,1334,40790,California
Imperial,2021-03-21,218,58098,35,29025,179,27118,4,1955,160,21840,58,19118,168,40958,California
Imperial,2021-03-22,1075,59173,355,29380,711,27829,9,1964,635,22048,438,19556,646,41604,California
Imperial,2021-03-23,1470,60643,453,29833,1011,28840,6,1970,948,22485,518,20074,955,42559,California
Imperial,2021-03-24,2173,62816,578,30411,1169,30009,426,2396,1176,23092,994,21068,1601,44160,California
Imperial,2021-03-25,3228,66044,704,31115,901,30910,1623,4019,1216,23915,2006,23074,2829,46989,California
Imperial,2021-03-26,3230,69274,1185,32300,1053,31963,992,5011,928,23544,2290,25364,1919,48908,California
Imperial,2021-03-27,621,69895,288,32588,281,32244,52,5063,449,23876,169,25533,501,49409,California
Imperial,2021-03-28,219,70114,56,32644,161,32405,2,5065,177,24014,41,25574,179,49588,California
Imperial,2021-03-29,1491,71605,366,33010,401,32806,724,5789,338,23923,1150,26724,1059,50647,California
Imperial,2021-03-30,2121,73726,699,33709,607,33413,815,6604,700,24017,1419,28143,1513,52160,California
Imperial,2021-03-31,1558,75284,739,34448,813,34226,6,6610,1035,24537,520,28663,1040,53200,California
Imperial,2021-04-01,2063,77347,437,34885,1382,35608,244,6854,885,24493,1172,29835,1128,54328,California
Imperial,2021-04-02,1966,79313,489,35374,1402,37010,75,6929,1335,25276,625,30460,1408,55736,California
Imperial,2021-04-03,1529,80842,439,35813,1011,38021,79,7008,711,25251,815,31275,790,56526,California
Imperial,2021-04-04,91,80933,47,35860,27,38048,17,7025,25,25227,66,31341,42,56568,California
Imperial,2021-04-05,3416,84349,2326,38186,925,38973,165,7190,808,23602,2598,33939,973,57541,California
Imperial,2021-04-06,1335,85684,546,38732,596,39569,193,7383,698,23862,632,34571,892,58433,California
Imperial,2021-04-07,2174,87858,562,39294,1235,40804,377,7760,1565,25188,614,35185,1940,60373,California
Imperial,2021-04-08,2224,90082,1091,40385,836,41640,297,8057,1078,25419,1142,36327,1373,61746,California
Imperial,2021-04-09,3233,93315,1665,42050,949,42589,619,8676,1522,25856,1703,38030,2140,63886,California
Imperial,2021-04-10,1309,94624,205,42255,831,43420,273,8949,244,25306,1062,39092,512,64398,California
Imperial,2021-04-11,222,94846,32,42287,158,43578,32,8981,77,25270,145,39237,109,64507,California
Imperial,2021-04-12,1466,96312,787,43074,457,44035,222,9203,834,25700,626,39863,1056,65563,California
Imperial,2021-04-13,2954,99266,1915,44989,1037,45072,2,9205,2051,26855,899,40762,2054,67617,California
Imperial,2021-04-14,2067,101333,970,45959,1097,46169,0,9205,1401,27597,660,41422,1402,69019,California
Imperial,2021-04-15,1999,103332,914,46873,1085,47254,0,9205,1363,28331,631,42053,1365,70384,California
Imperial,2021-04-16,3458,106790,1804,48677,1654,48908,0,9205,2163,29213,1282,43335,2164,72548,California
Imperial,2021-04-17,1821,108611,937,49614,882,49790,2,9207,1417,30234,399,43734,1420,73968,California
Imperial,2021-04-18,259,108870,75,49689,184,49974,0,9207,91,30159,166,43900,91,74059,California
Imperial,2021-04-19,863,109733,277,49966,586,50560,0,9207,477,30257,383,44283,481,74540,California
Imperial,2021-04-20,1340,111073,541,50507,799,51359,0,9207,750,30420,588,44871,751,75291,California
Imperial,2021-04-21,1395,112468,348,50855,1046,52405,1,9208,807,30645,582,45453,807,76098,California
Imperial,2021-04-22,2361,114829,823,51678,1538,53943,0,9208,1626,31553,720,46173,1628,77726,California
Imperial,2021-04-23,2839,117668,539,52217,2300,56243,0,9208,1097,30943,1711,47884,1101,78827,California
Imperial,2021-04-24,562,118230,335,52552,227,56470,0,9208,206,30796,353,48237,206,79033,California
Imperial,2021-04-25,274,118504,103,52655,171,56641,0,9208,139,30802,133,48370,139,79172,California
Imperial,2021-04-26,1251,119755,498,53153,749,57390,4,9212,716,30992,529,48899,719,79891,California
Imperial,2021-04-27,1150,120905,381,53534,759,58149,10,9222,567,30992,577,49476,577,80468,California
Imperial,2021-04-28,1500,122405,653,54187,818,58967,29,9251,679,30885,815,50291,708,81176,California
Imperial,2021-04-29,1851,124256,868,55055,935,59902,48,9299,819,30731,1022,51313,868,82044,California
Imperial,2021-04-30,3274,127530,1682,56737,1558,61460,34,9333,1582,30667,1681,52994,1617,83661,California
Imperial,2021-05-01,342,127872,144,56881,195,61655,3,9336,164,30658,177,53171,168,83829,California
Imperial,2021-05-02,85,127957,26,56907,57,61712,2,9338,51,30678,34,53205,54,83883,California
Imperial,2021-05-03,1652,129609,556,57463,1048,62760,48,9386,378,29841,1262,54467,425,84308,California
Imperial,2021-05-04,1766,131375,973,58436,766,63526,27,9413,542,29194,1216,55683,569,84877,California
Imperial,2021-05-05,1511,132886,898,59334,592,64118,21,9434,446,28609,1053,56736,468,85345,California
Imperial,2021-05-06,1699,134585,1116,60450,541,64659,42,9476,549,28056,1144,57880,591,85936,California
Imperial,2021-05-07,2501,137086,1367,61817,1089,65748,45,9521,847,27315,1636,59516,895,86831,California
Imperial,2021-05-08,639,137725,503,62320,128,65876,8,9529,174,27035,462,59978,182,87013,California
Imperial,2021-05-09,96,137821,63,62383,32,65908,1,9530,29,27001,64,60042,30,87043,California
Imperial,2021-05-10,1157,138978,303,62686,731,66639,123,9653,341,26655,809,60851,463,87506,California
Imperial,2021-05-11,1479,140457,476,63162,984,67623,19,9672,496,26199,975,61826,519,88025,California
Imperial,2021-05-12,863,141320,273,63435,552,68175,38,9710,305,25988,553,62379,342,88367,California
Imperial,2021-05-13,1869,143189,1251,64686,546,68721,72,9782,820,25839,1040,63419,891,89258,California
Imperial,2021-05-14,1764,144953,973,65659,731,69452,60,9842,1157,26460,596,64015,1217,90475,California
Imperial,2021-05-15,1236,146189,478,66137,737,70189,21,9863,469,26189,761,64776,490,90965,California
Imperial,2021-05-16,123,146312,83,66220,37,70226,3,9866,50,26170,72,64848,53,91018,California
Imperial,2021-05-17,1923,148235,715,66935,1166,71392,42,9908,676,25648,1241,66089,719,91737,California
Imperial,2021-05-18,1679,149914,884,67819,723,72115,72,9980,915,25877,758,66847,987,92724,California
Imperial,2021-05-19,1287,151201,605,68424,613,72728,69,10049,611,25887,669,67516,679,93403,California
Imperial,2021-05-20,1604,152805,1013,69437,524,73252,67,10116,725,25813,867,68383,793,94196,California
Imperial,2021-05-21,1883,154688,1196,70633,623,73875,64,10180,935,25875,938,69321,1000,95196,California
Imperial,2021-05-22,288,154976,183,70816,89,73964,16,10196,150,25908,133,69454,166,95362,California
Imperial,2021-05-23,92,155068,32,70848,51,74015,9,10205,33,25893,57,69511,42,95404,California
Imperial,2021-05-24,1252,156320,614,71462,580,74595,58,10263,518,25742,727,70238,576,95980,California
Imperial,2021-05-25,1437,157757,473,71935,931,75526,33,10296,515,25378,913,71151,549,96529,California
Imperial,2021-05-26,1039,158796,542,72477,449,75975,48,10344,457,25304,579,71730,505,97034,California
Imperial,2021-05-27,1318,160114,725,73202,523,76498,70,10414,643,25348,669,72399,713,97747,California
Imperial,2021-05-28,1019,161133,584,73786,363,76861,72,10486,380,25170,630,73029,452,98199,California
Imperial,2021-05-29,225,161358,126,73912,93,76954,6,10492,115,25181,110,73139,121,98320,California
Imperial,2021-05-30,94,161452,27,73939,65,77019,2,10494,63,25215,31,73170,65,98385,California
Imperial,2021-05-31,77,161529,19,73958,52,77071,6,10500,34,25212,43,73213,40,98425,California
Imperial,2021-06-01,1185,162714,547,74505,573,77644,65,10565,473,25047,704,73917,539,98964,California
Imperial,2021-06-02,1091,163805,599,75104,401,78045,91,10656,560,25169,527,74444,649,99613,California
Imperial,2021-06-03,1243,165048,730,75834,420,78465,93,10749,595,25216,641,75085,688,100301,California
Imperial,2021-06-04,2208,167256,1582,77416,522,78987,104,10853,979,25080,1219,76304,1083,101384,California
Imperial,2021-06-05,363,167619,229,77645,119,79106,15,10868,177,25090,182,76486,192,101576,California
Imperial,2021-06-06,82,167701,46,77691,24,79130,12,10880,44,25108,38,76524,56,101632,California
Imperial,2021-06-07,990,168691,647,78338,278,79408,65,10945,495,25175,493,77017,560,102192,California
Imperial,2021-06-08,1342,170033,1018,79356,267,79675,57,11002,544,24982,794,77811,601,102793,California
Imperial,2021-06-09,937,170970,697,80053,183,79858,57,11059,431,24974,499,78310,491,103284,California
Imperial,2021-06-10,989,171959,688,80741,257,80115,44,11103,389,24809,597,78907,432,103716,California
Imperial,2021-06-11,1170,173129,826,81567,305,80420,39,11142,480,24647,681,79588,519,104235,California
Imperial,2021-06-12,166,173295,84,81651,71,80491,11,11153,66,24625,99,79687,77,104312,California
Imperial,2021-06-13,23,173318,7,81658,14,80505,2,11155,13,24630,10,79697,15,104327,California
Inyo,2020-12-19,85,85,85,85,0,0,0,0,85,85,0,0,85,85,California
Inyo,2020-12-20,59,144,59,144,0,0,0,0,59,144,0,0,59,144,California
Inyo,2020-12-21,88,232,85,229,3,3,0,0,88,232,0,0,88,232,California
Inyo,2020-12-22,102,334,102,331,0,3,0,0,102,334,0,0,102,334,California
Inyo,2020-12-23,68,402,65,396,3,6,0,0,68,402,0,0,68,402,California
Inyo,2020-12-24,16,418,16,412,0,6,0,0,16,418,0,0,16,418,California
Inyo,2020-12-25,1,419,0,412,1,7,0,0,1,419,0,0,1,419,California
Inyo,2020-12-26,74,493,74,486,0,7,0,0,74,493,0,0,74,493,California
Inyo,2020-12-28,48,541,36,522,12,19,0,0,48,541,0,0,48,541,California
Inyo,2020-12-29,19,560,19,541,0,19,0,0,19,560,0,0,19,560,California
Inyo,2020-12-30,56,616,54,595,2,21,0,0,56,616,0,0,56,616,California
Inyo,2020-12-31,29,645,0,595,29,50,0,0,29,645,0,0,29,645,California
Inyo,2021-01-01,1,646,0,595,1,51,0,0,1,646,0,0,1,646,California
Inyo,2021-01-03,1,647,0,595,1,52,0,0,1,647,0,0,1,647,California
Inyo,2021-01-04,2,649,1,596,1,53,0,0,2,649,0,0,2,649,California
Inyo,2021-01-05,34,683,0,596,34,87,0,0,34,683,0,0,34,683,California
Inyo,2021-01-06,61,744,0,596,61,148,0,0,61,744,0,0,61,744,California
Inyo,2021-01-07,31,775,1,597,30,178,0,0,31,775,0,0,31,775,California
Inyo,2021-01-08,9,784,8,605,1,179,0,0,4,775,5,5,5,780,California
Inyo,2021-01-09,86,870,86,691,0,179,0,0,0,689,86,91,0,780,California
Inyo,2021-01-10,53,923,53,744,0,179,0,0,0,636,53,144,0,780,California
Inyo,2021-01-11,97,1020,82,826,15,194,0,0,16,571,81,225,16,796,California
Inyo,2021-01-12,135,1155,114,940,21,215,0,0,27,490,108,333,27,823,California
Inyo,2021-01-13,85,1240,67,1007,18,233,0,0,21,448,64,397,22,845,California
Inyo,2021-01-14,58,1298,13,1020,45,278,0,0,48,486,10,407,48,893,California
Inyo,2021-01-15,156,1454,28,1048,128,406,0,0,156,642,0,407,156,1049,California
Inyo,2021-01-16,73,1527,73,1121,0,406,0,0,0,569,73,480,0,1049,California
Inyo,2021-01-18,58,1585,36,1157,22,428,0,0,19,549,39,519,19,1068,California
Inyo,2021-01-19,112,1697,71,1228,41,469,0,0,95,627,17,536,95,1163,California
Inyo,2021-01-20,146,1843,70,1298,76,545,0,0,92,665,54,590,92,1255,California
Inyo,2021-01-21,117,1960,57,1355,60,605,0,0,116,780,1,591,116,1371,California
Inyo,2021-01-22,62,2022,0,1355,62,667,0,0,61,840,1,592,61,1432,California
Inyo,2021-01-23,46,2068,45,1400,1,668,0,0,46,886,0,592,46,1478,California
Inyo,2021-01-25,47,2115,4,1404,43,711,0,0,35,909,12,604,35,1513,California
Inyo,2021-01-26,130,2245,49,1453,81,792,0,0,124,1027,6,610,124,1637,California
Inyo,2021-01-27,24,2269,2,1455,22,814,0,0,23,1049,1,611,23,1660,California
Inyo,2021-01-28,91,2360,2,1457,89,903,0,0,62,1082,29,640,62,1722,California
Inyo,2021-01-29,25,2385,3,1460,22,925,0,0,23,1103,2,642,23,1745,California
Inyo,2021-01-30,10,2395,0,1460,10,935,0,0,10,1113,0,642,10,1755,California
Inyo,2021-01-31,25,2420,3,1463,22,957,0,0,4,1095,22,664,4,1759,California
Inyo,2021-02-01,10,2430,9,1472,1,958,0,0,0,1085,10,674,0,1759,California
Inyo,2021-02-02,130,2560,14,1486,116,1074,0,0,104,1163,26,700,104,1863,California
Inyo,2021-02-03,114,2674,0,1486,114,1188,0,0,73,1195,41,741,73,1936,California
Inyo,2021-02-04,148,2822,32,1518,116,1304,0,0,89,1225,59,800,89,2025,California
Inyo,2021-02-05,109,2931,53,1571,56,1360,0,0,107,1330,2,802,107,2132,California
Inyo,2021-02-06,3,2934,2,1573,1,1361,0,0,3,1333,0,802,3,2135,California
Inyo,2021-02-07,4,2938,2,1575,2,1363,0,0,4,1337,0,802,4,2139,California
Inyo,2021-02-08,115,3053,6,1581,109,1472,0,0,96,1414,19,821,96,2235,California
Inyo,2021-02-09,194,3247,52,1633,142,1614,0,0,124,1468,70,891,124,2359,California
Inyo,2021-02-10,142,3389,16,1649,126,1740,0,0,109,1544,33,924,109,2468,California
Inyo,2021-02-11,220,3609,56,1705,164,1904,0,0,126,1576,94,1018,126,2594,California
Inyo,2021-02-12,291,3900,50,1755,241,2145,0,0,166,1617,125,1143,166,2760,California
Inyo,2021-02-13,50,3950,46,1801,4,2149,0,0,6,1579,44,1187,6,2766,California
Inyo,2021-02-14,1,3951,0,1801,1,2150,0,0,1,1580,0,1187,1,2767,California
Inyo,2021-02-15,26,3977,7,1808,19,2169,0,0,5,1564,21,1208,5,2772,California
Inyo,2021-02-16,173,4150,45,1853,128,2297,0,0,91,1574,81,1289,91,2863,California
Inyo,2021-02-17,38,4188,4,1857,34,2331,0,0,8,1552,30,1319,8,2871,California
Inyo,2021-02-18,119,4307,6,1863,113,2444,0,0,79,1591,40,1359,79,2950,California
Inyo,2021-02-19,52,4359,5,1868,47,2491,0,0,9,1557,43,1402,9,2959,California
Inyo,2021-02-20,505,4864,500,2368,5,2496,0,0,503,2058,2,1404,503,3462,California
Inyo,2021-02-21,439,5303,439,2807,0,2496,0,0,439,2497,0,1404,439,3901,California
Inyo,2021-02-22,60,5363,18,2825,42,2538,0,0,26,2489,34,1438,26,3927,California
Inyo,2021-02-23,193,5556,17,2842,176,2714,0,0,90,2477,102,1540,90,4017,California
Inyo,2021-02-24,117,5673,0,2842,117,2831,0,0,57,2474,60,1600,57,4074,California
Inyo,2021-02-25,129,5802,3,2845,126,2957,0,0,61,2467,68,1668,61,4135,California
Inyo,2021-02-26,96,5898,52,2897,44,3001,0,0,20,2411,76,1744,20,4155,California
Inyo,2021-02-27,14,5912,3,2900,11,3012,0,0,2,2401,12,1756,2,4157,California
Inyo,2021-02-28,3,5915,1,2901,2,3014,0,0,2,2402,1,1757,2,4159,California
Inyo,2021-03-01,19,5934,2,2903,17,3031,0,0,17,2417,2,1759,17,4176,California
Inyo,2021-03-02,193,6127,0,2903,193,3224,0,0,108,2440,85,1844,108,4284,California
Inyo,2021-03-03,83,6210,3,2906,80,3304,0,0,41,2439,42,1886,41,4325,California
Inyo,2021-03-04,124,6334,2,2908,122,3426,0,0,44,2403,80,1966,44,4369,California
Inyo,2021-03-05,138,6472,53,2961,85,3511,0,0,38,2341,100,2066,38,4407,California
Inyo,2021-03-06,20,6492,1,2962,19,3530,0,0,19,2359,1,2067,19,4426,California
Inyo,2021-03-07,6,6498,3,2965,3,3533,0,0,4,2361,2,2069,4,4430,California
Inyo,2021-03-08,171,6669,5,2970,166,3699,0,0,81,2352,90,2159,81,4511,California
Inyo,2021-03-09,189,6858,2,2972,187,3886,0,0,73,2309,116,2275,73,4584,California
Inyo,2021-03-10,72,6930,9,2981,62,3948,1,1,30,2298,42,2317,31,4615,California
Inyo,2021-03-11,204,7134,1,2982,198,4146,5,6,74,2247,130,2447,79,4694,California
Inyo,2021-03-12,174,7308,4,2986,165,4311,5,11,76,2230,98,2545,81,4775,California
Inyo,2021-03-13,572,7880,540,3526,23,4334,9,20,64,1796,507,3052,73,4848,California
Inyo,2021-03-14,439,8319,438,3964,1,4335,0,20,5,1368,433,3485,5,4853,California
Inyo,2021-03-15,50,8369,14,3978,34,4369,2,22,30,1380,20,3505,32,4885,California
Inyo,2021-03-16,162,8531,3,3981,153,4522,6,28,63,1351,98,3603,69,4954,California
Inyo,2021-03-17,108,8639,3,3984,98,4620,7,35,92,1434,16,3619,99,5053,California
Inyo,2021-03-18,182,8821,15,3999,160,4780,7,42,102,1463,80,3699,109,5162,California
Inyo,2021-03-19,44,8865,3,4002,37,4817,4,46,35,1493,9,3708,39,5201,California
Inyo,2021-03-20,19,8884,1,4003,9,4826,9,55,0,1483,19,3727,9,5210,California
Inyo,2021-03-22,58,8942,2,4005,51,4877,5,60,38,1506,20,3747,43,5253,California
Inyo,2021-03-23,192,9134,3,4008,185,5062,4,64,105,1528,87,3834,109,5362,California
Inyo,2021-03-24,140,9274,3,4011,133,5195,4,68,86,1564,54,3888,90,5452,California
Inyo,2021-03-25,330,9604,109,4120,218,5413,3,71,265,1767,65,3953,268,5720,California
Inyo,2021-03-26,92,9696,3,4123,85,5498,4,75,71,1821,21,3974,75,5795,California
Inyo,2021-03-27,48,9744,40,4163,5,5503,3,78,42,1860,6,3980,45,5840,California
Inyo,2021-03-28,3,9747,0,4163,2,5505,1,79,1,1860,2,3982,2,5842,California
Inyo,2021-03-29,108,9855,2,4165,101,5606,5,84,81,1920,26,4008,86,5928,California
Inyo,2021-03-30,218,10073,1,4166,212,5818,5,89,109,1925,109,4117,114,6042,California
Inyo,2021-03-31,149,10222,3,4169,140,5958,6,95,107,1996,42,4159,113,6155,California
Inyo,2021-04-01,166,10388,3,4172,162,6120,1,96,118,2067,48,4207,119,6274,California
Inyo,2021-04-02,78,10466,1,4173,75,6195,2,98,49,2089,29,4236,51,6325,California
Inyo,2021-04-03,75,10541,39,4212,23,6218,13,111,3,2034,70,4306,15,6340,California
Inyo,2021-04-04,5,10546,4,4216,0,6218,1,112,1,2032,4,4310,2,6342,California
Inyo,2021-04-05,106,10652,1,4217,101,6319,4,116,29,1988,77,4387,33,6375,California
Inyo,2021-04-06,234,10886,4,4221,167,6486,63,179,103,2023,131,4518,166,6541,California
Inyo,2021-04-07,206,11092,2,4223,76,6562,128,307,47,2039,159,4677,175,6716,California
Inyo,2021-04-08,181,11273,15,4238,149,6711,17,324,81,2037,100,4777,98,6814,California
Inyo,2021-04-09,122,11395,5,4243,94,6805,23,347,36,2011,85,4862,59,6873,California
Inyo,2021-04-10,39,11434,1,4244,21,6826,17,364,3,1995,36,4898,20,6893,California
Inyo,2021-04-11,1,11435,0,4244,1,6827,0,364,1,1996,0,4898,1,6894,California
Inyo,2021-04-12,79,11514,0,4244,74,6901,5,369,41,2004,38,4936,46,6940,California
Inyo,2021-04-13,121,11635,4,4248,114,7015,3,372,62,2011,58,4994,65,7005,California
Inyo,2021-04-14,131,11766,2,4250,129,7144,0,372,46,1972,85,5079,46,7051,California
Inyo,2021-04-15,272,12038,116,4366,156,7300,0,372,78,1856,194,5273,78,7129,California
Inyo,2021-04-16,45,12083,4,4370,41,7341,0,372,17,1845,28,5301,17,7146,California
Inyo,2021-04-17,2,12085,1,4371,1,7342,0,372,1,1845,1,5302,1,7147,California
Inyo,2021-04-19,120,12205,37,4408,83,7425,0,372,41,1807,79,5381,41,7188,California
Inyo,2021-04-20,163,12368,2,4410,161,7586,0,372,79,1802,84,5465,79,7267,California
Inyo,2021-04-21,112,12480,3,4413,109,7695,0,372,32,1754,80,5545,32,7299,California
Inyo,2021-04-22,196,12676,1,4414,195,7890,0,372,51,1660,145,5690,51,7350,California
Inyo,2021-04-23,95,12771,4,4418,91,7981,0,372,22,1609,73,5763,22,7372,California
Inyo,2021-04-24,309,13080,308,4726,1,7982,0,372,305,1910,4,5767,305,7677,California
Inyo,2021-04-25,133,13213,132,4858,1,7983,0,372,133,2043,0,5767,133,7810,California
Inyo,2021-04-26,92,13305,2,4860,89,8072,1,373,11,1975,80,5847,12,7822,California
Inyo,2021-04-27,183,13488,6,4866,172,8244,5,378,47,1891,136,5983,52,7874,California
Inyo,2021-04-28,121,13609,2,4868,117,8361,2,380,20,1812,101,6084,22,7896,California
Inyo,2021-04-29,171,13780,55,4923,116,8477,0,380,76,1793,95,6179,76,7972,California
Inyo,2021-04-30,82,13862,5,4928,76,8553,1,381,23,1758,59,6238,24,7996,California
Inyo,2021-05-01,11,13873,3,4931,8,8561,0,381,9,1765,2,6240,9,8005,California
Inyo,2021-05-02,6,13879,2,4933,2,8563,2,383,4,1769,2,6242,6,8011,California
Inyo,2021-05-03,38,13917,1,4934,33,8596,4,387,5,1745,33,6275,9,8020,California
Inyo,2021-05-04,122,14039,2,4936,116,8712,4,391,20,1667,102,6377,24,8044,California
Inyo,2021-05-05,36,14075,0,4936,34,8746,2,393,11,1655,25,6402,13,8057,California
Inyo,2021-05-06,92,14167,3,4939,81,8827,8,401,13,1597,79,6481,21,8078,California
Inyo,2021-05-07,48,14215,3,4942,37,8864,8,409,24,1606,23,6504,32,8110,California
Inyo,2021-05-08,11,14226,2,4944,4,8868,5,414,4,1608,7,6511,9,8119,California
Inyo,2021-05-09,1,14227,0,4944,1,8869,0,414,0,1607,1,6512,0,8119,California
Inyo,2021-05-10,69,14296,1,4945,66,8935,2,416,31,1602,39,6551,34,8153,California
Inyo,2021-05-11,87,14383,1,4946,83,9018,3,419,20,1558,67,6618,23,8176,California
Inyo,2021-05-12,43,14426,1,4947,40,9058,2,421,11,1539,32,6650,13,8189,California
Inyo,2021-05-13,75,14501,1,4948,73,9131,1,422,12,1489,63,6713,13,8202,California
Inyo,2021-05-14,25,14526,3,4951,17,9148,5,427,12,1493,13,6726,17,8219,California
Inyo,2021-05-15,374,14900,362,5313,10,9158,2,429,82,1285,292,7018,84,8303,California
Inyo,2021-05-16,199,15099,199,5512,0,9158,0,429,72,1230,127,7145,72,8375,California
Inyo,2021-05-17,62,15161,3,5515,55,9213,4,433,19,1211,42,7187,23,8398,California
Inyo,2021-05-18,83,15244,2,5517,80,9293,1,434,17,1163,66,7253,18,8416,California
Inyo,2021-05-19,47,15291,2,5519,40,9333,5,439,13,1147,34,7287,18,8434,California
Inyo,2021-05-20,143,15434,80,5599,62,9395,1,440,34,1073,109,7396,35,8469,California
Inyo,2021-05-21,48,15482,18,5617,25,9420,5,445,19,1068,29,7425,24,8493,California
Inyo,2021-05-22,24,15506,14,5631,7,9427,3,448,17,1081,7,7432,20,8513,California
Inyo,2021-05-23,2,15508,1,5632,0,9427,1,449,0,1080,2,7434,1,8514,California
Inyo,2021-05-24,33,15541,6,5638,24,9451,3,452,13,1076,20,7454,16,8530,California
Inyo,2021-05-25,82,15623,39,5677,41,9492,2,454,47,1090,35,7489,49,8579,California
Inyo,2021-05-26,37,15660,10,5687,25,9517,2,456,15,1085,22,7511,17,8596,California
Inyo,2021-05-27,39,15699,10,5697,21,9538,8,464,12,1079,26,7537,20,8616,California
Inyo,2021-05-28,26,15725,6,5703,15,9553,5,469,8,1074,18,7555,13,8629,California
Inyo,2021-05-29,15,15740,5,5708,10,9563,0,469,7,1073,8,7563,7,8636,California
Inyo,2021-05-30,2,15742,0,5708,2,9565,0,469,0,1071,2,7565,0,8636,California
Inyo,2021-06-01,54,15796,16,5724,32,9597,6,475,23,1069,31,7596,29,8665,California
Inyo,2021-06-02,10,15806,8,5732,1,9598,1,476,9,1078,1,7597,10,8675,California
Inyo,2021-06-03,26,15832,0,5732,18,9616,8,484,1,1062,25,7622,9,8684,California
Inyo,2021-06-04,32,15864,6,5738,22,9638,4,488,12,1058,20,7642,16,8700,California
Inyo,2021-06-05,17,15881,8,5746,8,9646,1,489,4,1050,13,7655,5,8705,California
Inyo,2021-06-06,1,15882,1,5747,0,9646,0,489,1,1051,0,7655,1,8706,California
Inyo,2021-06-07,51,15933,15,5762,33,9679,3,492,5,1013,46,7701,8,8714,California
Inyo,2021-06-08,53,15986,25,5787,25,9704,3,495,26,1016,27,7728,30,8744,California
Inyo,2021-06-09,103,16089,88,5875,13,9717,2,497,9,933,94,7822,11,8755,California
Inyo,2021-06-10,34,16123,25,5900,4,9721,5,502,8,920,26,7848,13,8768,California
Inyo,2021-06-11,15,16138,7,5907,6,9727,2,504,8,923,7,7855,10,8778,California
Inyo,2021-06-12,6,16144,2,5909,3,9730,1,505,1,920,5,7860,2,8780,California
Kern,2020-12-15,1,1,1,1,0,0,0,0,1,1,0,0,1,1,California
Kern,2020-12-16,19,20,19,20,0,0,0,0,19,20,0,0,19,20,California
Kern,2020-12-17,162,182,162,182,0,0,0,0,162,182,0,0,162,182,California
Kern,2020-12-18,322,504,322,504,0,0,0,0,322,504,0,0,322,504,California
Kern,2020-12-19,99,603,99,603,0,0,0,0,99,603,0,0,99,603,California
Kern,2020-12-20,61,664,61,664,0,0,0,0,61,664,0,0,61,664,California
Kern,2020-12-21,672,1336,671,1335,1,1,0,0,672,1336,0,0,672,1336,California
Kern,2020-12-22,531,1867,529,1864,2,3,0,0,531,1867,0,0,531,1867,California
Kern,2020-12-23,556,2423,418,2282,138,141,0,0,556,2423,0,0,556,2423,California
Kern,2020-12-24,123,2546,44,2326,79,220,0,0,123,2546,0,0,123,2546,California
Kern,2020-12-25,1,2547,1,2327,0,220,0,0,1,2547,0,0,1,2547,California
Kern,2020-12-26,33,2580,1,2328,32,252,0,0,33,2580,0,0,33,2580,California
Kern,2020-12-27,35,2615,3,2331,32,284,0,0,35,2615,0,0,35,2615,California
Kern,2020-12-28,828,3443,663,2994,165,449,0,0,828,3443,0,0,828,3443,California
Kern,2020-12-29,744,4187,451,3445,293,742,0,0,743,4185,1,1,743,4186,California
Kern,2020-12-30,1205,5392,913,4358,292,1034,0,0,1205,5390,0,1,1205,5391,California
Kern,2020-12-31,278,5670,99,4457,179,1213,0,0,278,5668,0,1,278,5669,California
Kern,2021-01-01,17,5687,9,4466,8,1221,0,0,17,5685,0,1,17,5686,California
Kern,2021-01-02,79,5766,18,4484,61,1282,0,0,79,5764,0,1,79,5765,California
Kern,2021-01-03,23,5789,4,4488,19,1301,0,0,23,5787,0,1,23,5788,California
Kern,2021-01-04,553,6342,361,4849,192,1493,0,0,553,6340,0,1,553,6341,California
Kern,2021-01-05,1134,7476,739,5588,395,1888,0,0,1122,7450,12,13,1122,7463,California
Kern,2021-01-06,1162,8638,448,6036,714,2602,0,0,1132,8552,30,43,1132,8595,California
Kern,2021-01-07,1406,10044,485,6521,921,3523,0,0,1239,9625,166,209,1239,9834,California
Kern,2021-01-08,1624,11668,766,7287,858,4381,0,0,1327,10654,298,507,1327,11161,California
Kern,2021-01-09,228,11896,78,7365,150,4531,0,0,193,10812,35,542,193,11354,California
Kern,2021-01-10,194,12090,149,7514,45,4576,0,0,153,10924,41,583,153,11507,California
Kern,2021-01-11,1559,13649,988,8502,571,5147,0,0,999,11363,560,1143,999,12506,California
Kern,2021-01-12,1871,15520,813,9315,1058,6205,0,0,1358,12208,513,1656,1358,13864,California
Kern,2021-01-13,1859,17379,875,10190,984,7189,0,0,1436,13221,423,2079,1436,15300,California
Kern,2021-01-14,2194,19573,649,10839,1545,8734,0,0,2148,15323,46,2125,2148,17448,California
Kern,2021-01-15,2712,22285,855,11694,1857,10591,0,0,2615,17844,95,2220,2616,20064,California
Kern,2021-01-16,673,22958,212,11906,461,11052,0,0,638,18447,35,2255,638,20702,California
Kern,2021-01-17,73,23031,7,11913,66,11118,0,0,71,18516,2,2257,71,20773,California
Kern,2021-01-18,1645,24676,657,12570,988,12106,0,0,1479,19829,166,2423,1479,22252,California
Kern,2021-01-19,1856,26532,1033,13603,823,12929,0,0,1391,20756,465,2888,1392,23644,California
Kern,2021-01-20,2618,29150,1682,15285,936,13865,0,0,1913,21971,700,3588,1915,25559,California
Kern,2021-01-21,2114,31264,867,16152,1247,15112,0,0,1918,23694,195,3783,1918,27477,California
Kern,2021-01-22,2715,33979,1301,17453,1414,16526,0,0,2437,25854,277,4060,2437,29914,California
Kern,2021-01-23,1247,35226,540,17993,707,17233,0,0,1201,27009,46,4106,1201,31115,California
Kern,2021-01-24,152,35378,11,18004,141,17374,0,0,146,27149,6,4112,146,31261,California
Kern,2021-01-25,2381,37759,1082,19086,1299,18673,0,0,1896,28562,484,4596,1897,33158,California
Kern,2021-01-26,2772,40531,1127,20213,1645,20318,0,0,1912,29615,859,5455,1912,35070,California
Kern,2021-01-27,3553,44084,1895,22108,1658,21976,0,0,2856,31777,694,6149,2856,37926,California
Kern,2021-01-28,2886,46970,1362,23470,1524,23500,0,0,2454,33807,427,6576,2457,40383,California
Kern,2021-01-29,3788,50758,1797,25267,1991,25491,0,0,3242,36506,543,7119,3242,43625,California
Kern,2021-01-30,1333,52091,501,25768,832,26323,0,0,1282,37739,49,7168,1282,44907,California
Kern,2021-01-31,402,52493,275,26043,127,26450,0,0,267,37871,135,7303,267,45174,California
Kern,2021-02-01,2597,55090,989,27032,1608,28058,0,0,1885,39048,709,8012,1886,47060,California
Kern,2021-02-02,2754,57844,798,27830,1956,30014,0,0,2051,40397,703,8715,2052,49112,California
Kern,2021-02-03,3674,61518,1553,29383,2121,32135,0,0,2704,42138,963,9678,2704,51816,California
Kern,2021-02-04,3806,65324,1451,30834,2355,34490,0,0,2587,43516,1209,10887,2587,54403,California
Kern,2021-02-05,4859,70183,1988,32822,2871,37361,0,0,3097,44870,1743,12630,3097,57500,California
Kern,2021-02-06,1742,71925,769,33591,973,38334,0,0,1516,46163,223,12853,1516,59016,California
Kern,2021-02-07,282,72207,150,33741,132,38466,0,0,265,46413,15,12868,265,59281,California
Kern,2021-02-08,2562,74769,784,34525,1778,40244,0,0,1256,46382,1288,14156,1257,60538,California
Kern,2021-02-09,3036,77805,986,35511,2050,42294,0,0,1462,46278,1566,15722,1462,62000,California
Kern,2021-02-10,3800,81605,1661,37172,2139,44433,0,0,1882,46259,1902,17624,1883,63883,California
Kern,2021-02-11,4265,85870,1532,38704,2733,47166,0,0,2222,46452,2030,19654,2223,66106,California
Kern,2021-02-12,4967,90837,1891,40595,3076,50242,0,0,2475,46449,2478,22132,2475,68581,California
Kern,2021-02-13,2008,92845,726,41321,1282,51524,0,0,1161,46765,845,22977,1161,69742,California
Kern,2021-02-14,350,93195,12,41333,338,51862,0,0,268,46952,81,23058,268,70010,California
Kern,2021-02-15,2744,95939,898,42231,1846,53708,0,0,1211,46638,1525,24583,1211,71221,California
Kern,2021-02-16,2946,98885,712,42943,2234,55942,0,0,1656,47014,1281,25864,1657,72878,California
Kern,2021-02-17,4073,102958,2076,45019,1997,57939,0,0,1924,46796,2143,28007,1925,74803,California
Kern,2021-02-18,3757,106715,1485,46504,2272,60211,0,0,1625,46299,2122,30129,1625,76428,California
Kern,2021-02-19,4193,110908,1915,48419,2278,62489,0,0,1737,45587,2449,32578,1737,78165,California
Kern,2021-02-20,2580,113488,966,49385,1614,64103,0,0,1348,45707,1228,33806,1348,79513,California
Kern,2021-02-21,257,113745,151,49536,106,64209,0,0,89,45630,166,33972,89,79602,California
Kern,2021-02-22,2673,116418,1153,50689,1520,65729,0,0,1433,45829,1234,35206,1433,81035,California
Kern,2021-02-23,3580,119998,1134,51823,2446,68175,0,0,1998,46248,1580,36786,1999,83034,California
Kern,2021-02-24,5211,125209,2289,54112,2922,71097,0,0,3106,47253,2101,38887,3106,86140,California
Kern,2021-02-25,5378,130587,2460,56572,2918,74015,0,0,3194,48284,2165,41052,3196,89336,California
Kern,2021-02-26,6926,137513,3537,60109,3389,77404,0,0,4362,50090,2557,43609,4363,93699,California
Kern,2021-02-27,3954,141467,1983,62092,1971,79375,0,0,2615,51374,1331,44940,2615,96314,California
Kern,2021-02-28,916,142383,503,62595,412,79787,1,1,696,51853,218,45158,697,97011,California
Kern,2021-03-01,4012,146395,1823,64418,2185,81972,4,5,2696,53247,1306,46464,2700,99711,California
Kern,2021-03-02,4485,150880,1410,65828,3071,85043,4,9,2951,54676,1523,47987,2952,102663,California
Kern,2021-03-03,5954,156834,2814,68642,3138,88181,2,11,3845,56427,2095,50082,3846,106509,California
Kern,2021-03-04,5625,162459,2210,70852,3410,91591,5,16,3630,58078,1981,52063,3632,110141,California
Kern,2021-03-05,6633,169092,2861,73713,3753,95344,19,35,4185,59844,2438,54501,4204,114345,California
Kern,2021-03-06,4756,173848,1925,75638,2724,98068,107,142,3479,62159,1270,55771,3585,117930,California
Kern,2021-03-07,2063,175911,1596,77234,411,98479,56,198,1865,63883,197,55968,1921,119851,California
Kern,2021-03-08,2902,178813,923,78157,1757,100236,222,420,1523,64250,1376,57344,1743,121594,California
Kern,2021-03-09,3725,182538,804,78961,2536,102772,385,805,2329,65571,1388,58732,2709,124303,California
Kern,2021-03-10,6149,188687,2562,81523,2512,105284,1075,1880,3599,67709,2534,61266,4672,128975,California
Kern,2021-03-11,6335,195022,2441,83964,2868,108152,1026,2906,3774,69954,2550,63816,4795,133770,California
Kern,2021-03-12,7847,202869,3077,87041,3417,111569,1353,4259,4325,72111,3509,67325,5666,139436,California
Kern,2021-03-13,4670,207539,2529,89570,1804,113373,337,4596,3248,74275,1415,68740,3579,143015,California
Kern,2021-03-14,2308,209847,1532,91102,534,113907,242,4838,1785,75776,523,69263,2024,145039,California
Kern,2021-03-15,4266,214113,1103,92205,2451,116358,712,5550,2197,76622,2056,71319,2902,147941,California
Kern,2021-03-16,4351,218464,1012,93217,2803,119161,536,6086,2330,77472,2011,73330,2861,150802,California
Kern,2021-03-17,7499,225963,4058,97275,2891,122052,550,6636,4528,79590,2958,76288,5076,155878,California
Kern,2021-03-18,7276,233239,3682,100957,3008,125060,586,7222,4406,81728,2850,79138,4988,160866,California
Kern,2021-03-19,8991,242230,4987,105944,3346,128406,658,7880,4715,82835,4259,83397,5366,166232,California
Kern,2021-03-20,6180,248410,3825,109769,2181,130587,174,8054,3920,84681,2249,85646,4095,170327,California
Kern,2021-03-21,3051,251461,1933,111702,236,130823,882,8936,1846,86210,1198,86844,2727,173054,California
Kern,2021-03-22,3987,255448,1566,113268,2067,132890,354,9290,1933,86460,2037,88881,2287,175341,California
Kern,2021-03-23,4743,260191,1676,114944,2868,135758,199,9489,2487,86917,2226,91107,2683,178024,California
Kern,2021-03-24,7188,267379,3678,118622,3033,138791,477,9966,3657,87535,3513,94620,4131,182155,California
Kern,2021-03-25,6784,274163,3006,121628,3447,142238,331,10297,3282,87660,3485,98105,3610,185765,California
Kern,2021-03-26,9869,284032,4412,126040,4200,146438,1257,11554,4724,88515,5125,103230,5980,191745,California
Kern,2021-03-27,5707,289739,3994,130034,1585,148023,128,11682,3447,89831,2258,105488,3574,195319,California
Kern,2021-03-28,4693,294432,4202,134236,477,148500,14,11696,2958,91070,1733,107221,2972,198291,California
Kern,2021-03-29,4261,298693,1683,135919,2301,150801,277,11973,2616,92328,1632,108853,2890,201181,California
Kern,2021-03-30,5597,304290,1872,137791,3340,154141,385,12358,3065,93249,2527,111380,3448,204629,California
Kern,2021-03-31,8411,312701,4539,142330,3224,157365,648,13006,4343,94188,4051,115431,4990,209619,California
Kern,2021-04-01,7898,320599,3873,146203,3725,161090,300,13306,4218,95051,3651,119082,4514,214133,California
Kern,2021-04-02,8457,329056,4466,150669,3382,164472,609,13915,4225,95661,4216,123298,4826,218959,California
Kern,2021-04-03,6000,335056,3672,154341,2146,166618,182,14097,2658,95164,3334,126632,2837,221796,California
Kern,2021-04-04,1336,336392,872,155213,380,166998,84,14181,474,94863,859,127491,558,222354,California
Kern,2021-04-05,5367,341759,2220,157433,2373,169371,774,14955,2896,96047,2457,129948,3641,225995,California
Kern,2021-04-06,7118,348877,2467,159900,3275,172646,1376,16331,3560,97445,3535,133483,4933,230928,California
Kern,2021-04-07,9378,358255,5467,165367,2947,175593,964,17295,4566,98179,4794,138277,5528,236456,California
Kern,2021-04-08,8665,366920,4797,170164,2955,178548,913,18208,3730,97900,4911,143188,4632,241088,California
Kern,2021-04-09,10270,377190,5142,175306,4135,182683,993,19201,4346,97340,5899,149087,5339,246427,California
Kern,2021-04-10,6589,383779,3466,178772,1876,184559,1247,20448,2137,96277,4442,153529,3379,249806,California
Kern,2021-04-11,3917,387696,2917,181689,358,184917,642,21090,1263,95535,2640,156169,1898,251704,California
Kern,2021-04-12,4403,392099,992,182681,2440,187357,971,22061,1579,95281,2802,158971,2548,254252,California
Kern,2021-04-13,4293,396392,1413,184094,2854,190211,26,22087,2113,95254,2165,161136,2138,256390,California
Kern,2021-04-14,6068,402460,2989,187083,3057,193268,22,22109,3001,95228,3049,164185,3023,259413,California
Kern,2021-04-15,5298,407758,2488,189571,2807,196075,3,22112,2529,95008,2752,166937,2532,261945,California
Kern,2021-04-16,7252,415010,3441,193012,3810,199885,1,22113,2957,93699,4270,171207,2961,264906,California
Kern,2021-04-17,5892,420902,3850,196862,2042,201927,0,22113,2095,92012,3783,174990,2096,267002,California
Kern,2021-04-18,3776,424678,3541,200403,235,202162,0,22113,911,90066,2857,177847,911,267913,California
Kern,2021-04-19,3817,428495,1730,202133,2085,204247,2,22115,1413,89096,2383,180230,1413,269326,California
Kern,2021-04-20,4352,432847,1574,203707,2777,207024,1,22116,1643,88047,2693,182923,1644,270970,California
Kern,2021-04-21,5861,438708,3145,206852,2711,209735,5,22121,2134,86480,3704,186627,2137,273107,California
Kern,2021-04-22,4807,443515,2328,209180,2479,212214,0,22121,1708,85113,3076,189703,1709,274816,California
Kern,2021-04-23,6143,449658,3026,212206,3116,215330,1,22122,1916,82842,4188,193891,1917,276733,California
Kern,2021-04-24,4008,453666,2802,215008,1195,216525,11,22133,1440,81743,2550,196441,1451,278184,California
Kern,2021-04-25,1394,455060,1116,216124,278,216803,0,22133,819,81993,569,197010,819,279003,California
Kern,2021-04-26,3868,458928,1832,217956,1984,218787,52,22185,1063,80315,2795,199805,1117,280120,California
Kern,2021-04-27,4777,463705,2314,220270,2355,221142,108,22293,1459,78575,3305,203110,1565,281685,California
Kern,2021-04-28,6302,470007,3717,223987,2461,223603,124,22417,1796,76005,4487,207597,1917,283602,California
Kern,2021-04-29,5509,475516,3062,227049,2347,225950,100,22517,1617,73852,3871,211468,1718,285320,California
Kern,2021-04-30,5589,481105,3119,230168,2311,228261,159,22676,1608,71653,3965,215433,1766,287086,California
Kern,2021-05-01,2716,483821,1932,232100,725,228986,59,22735,1082,71171,1622,217055,1140,288226,California
Kern,2021-05-02,1890,485711,1601,233701,267,229253,22,22757,692,70694,1191,218246,714,288940,California
Kern,2021-05-03,2543,488254,1031,234732,1379,230632,133,22890,786,69873,1741,219987,920,289860,California
Kern,2021-05-04,3661,491915,1303,236035,2248,232880,110,23000,1288,68912,2357,222344,1396,291256,California
Kern,2021-05-05,4160,496075,2145,238180,1864,234744,151,23151,1378,67673,2766,225110,1527,292783,California
Kern,2021-05-06,3598,499673,1630,239810,1822,236566,146,23297,1136,66510,2441,227551,1278,294061,California
Kern,2021-05-07,4617,504290,2317,242127,2126,238692,174,23471,1303,64703,3283,230834,1476,295537,California
Kern,2021-05-08,2893,507183,1824,243951,954,239646,115,23586,898,63734,1980,232814,1011,296548,California
Kern,2021-05-09,1351,508534,1177,245128,145,239791,29,23615,455,63331,887,233701,484,297032,California
Kern,2021-05-10,2263,510797,881,246009,1280,241071,102,23717,678,62542,1567,235268,778,297810,California
Kern,2021-05-11,2642,513439,923,246932,1594,242665,125,23842,960,61957,1671,236939,1086,298896,California
Kern,2021-05-12,3628,517067,1461,248393,2015,244680,152,23994,1169,60832,2446,239385,1321,300217,California
Kern,2021-05-13,3491,520558,1826,250219,1511,246191,154,24148,1629,60761,1849,241234,1778,301995,California
Kern,2021-05-14,4290,524848,2535,252754,1531,247722,224,24372,1984,60682,2286,243520,2207,304202,California
Kern,2021-05-15,2909,527757,1892,254646,929,248651,88,24460,1544,60962,1351,244871,1631,305833,California
Kern,2021-05-16,1544,529301,1322,255968,183,248834,39,24499,889,61240,650,245521,928,306761,California
Kern,2021-05-17,2329,531630,1009,256977,1175,250009,145,24644,1191,61449,1126,246647,1335,308096,California
Kern,2021-05-18,3178,534808,1461,258438,1585,251594,132,24776,1631,61679,1531,248178,1761,309857,California
Kern,2021-05-19,3828,538636,2387,260825,1314,252908,127,24903,1849,61686,1966,250144,1973,311830,California
Kern,2021-05-20,3098,541734,1685,262510,1271,254179,142,25045,1434,61617,1643,251787,1574,313404,California
Kern,2021-05-21,3627,545361,2196,264706,1296,255475,135,25180,1854,61857,1749,253536,1989,315393,California
Kern,2021-05-22,2942,548303,2290,266996,604,256079,48,25228,1417,61807,1513,255049,1463,316856,California
Kern,2021-05-23,1257,549560,1064,268060,167,256246,26,25254,668,61918,582,255631,693,317549,California
Kern,2021-05-24,1849,551409,783,268843,953,257199,113,25367,874,61935,969,256600,986,318535,California
Kern,2021-05-25,2393,553802,1105,269948,1201,258400,87,25454,1126,61895,1253,257853,1213,319748,California
Kern,2021-05-26,2770,556572,1595,271543,1071,259471,104,25558,1196,61634,1559,259412,1298,321046,California
Kern,2021-05-27,2335,558907,1168,272711,1064,260535,103,25661,1203,61829,1110,260522,1305,322351,California
Kern,2021-05-28,2723,561630,1385,274096,1227,261762,111,25772,1271,61769,1440,261962,1380,323731,California
Kern,2021-05-29,1896,563526,1259,275355,591,262353,46,25818,931,61795,951,262913,977,324708,California
Kern,2021-05-30,859,564385,703,276058,137,262490,19,25837,438,61837,414,263327,456,325164,California
Kern,2021-05-31,130,564515,40,276098,79,262569,11,25848,44,61808,83,263410,54,325218,California
Kern,2021-06-01,2285,566800,950,277048,1266,263835,69,25917,1002,61612,1267,264677,1071,326289,California
Kern,2021-06-02,2237,569037,1293,278341,839,264674,105,26022,945,61381,1281,265958,1050,327339,California
Kern,2021-06-03,2351,571388,1317,279658,882,265556,152,26174,872,60936,1468,267426,1023,328362,California
Kern,2021-06-04,2864,574252,1909,281567,846,266402,109,26283,886,59968,1960,269386,992,329354,California
Kern,2021-06-05,2526,576778,2043,283610,450,266852,33,26316,808,59100,1709,271095,841,330195,California
Kern,2021-06-06,1211,577989,1106,284716,82,266934,23,26339,431,58778,776,271871,454,330649,California
Kern,2021-06-07,1790,579779,1117,285833,583,267517,90,26429,676,58441,1101,272972,764,331413,California
Kern,2021-06-08,2112,581891,1226,287059,815,268332,71,26500,674,57765,1420,274392,744,332157,California
Kern,2021-06-09,2281,584172,1597,288656,615,268947,69,26569,716,56995,1554,275946,784,332941,California
Kern,2021-06-10,1974,586146,1228,289884,663,269610,83,26652,680,56471,1286,277232,762,333703,California
Kern,2021-06-11,2187,588333,1445,291329,690,270300,52,26704,830,56004,1349,278581,882,334585,California
Kern,2021-06-12,1453,589786,1077,292406,335,270635,41,26745,400,55395,1050,279631,441,335026,California
Kern,2021-06-13,588,590374,556,292962,28,270663,4,26749,168,55148,419,280050,172,335198,California
Kings,2020-12-16,1,1,1,1,0,0,0,0,1,1,0,0,1,1,California
Kings,2020-12-17,8,9,8,9,0,0,0,0,8,9,0,0,8,9,California
Kings,2020-12-18,12,21,12,21,0,0,0,0,12,21,0,0,12,21,California
Kings,2020-12-19,11,32,11,32,0,0,0,0,11,32,0,0,11,32,California
Kings,2020-12-20,13,45,13,45,0,0,0,0,13,45,0,0,13,45,California
Kings,2020-12-21,156,201,156,201,0,0,0,0,268,313,0,0,268,313,California
Kings,2020-12-22,143,344,143,344,0,0,0,0,140,453,0,0,140,453,California
Kings,2020-12-23,136,480,122,466,14,14,0,0,137,590,0,0,137,590,California
Kings,2020-12-24,11,491,9,475,2,16,0,0,11,601,0,0,11,601,California
Kings,2020-12-26,7,498,4,479,3,19,0,0,7,608,0,0,7,608,California
Kings,2020-12-27,4,502,4,483,0,19,0,0,4,612,0,0,4,612,California
Kings,2020-12-28,132,634,103,586,29,48,0,0,133,745,0,0,133,745,California
Kings,2020-12-29,82,716,54,640,28,76,0,0,83,828,0,0,83,828,California
Kings,2020-12-30,151,867,110,750,41,117,0,0,151,979,0,0,151,979,California
Kings,2020-12-31,47,914,5,755,42,159,0,0,47,1026,0,0,47,1026,California
Kings,2021-01-01,1,915,0,755,1,160,0,0,1,1027,0,0,1,1027,California
Kings,2021-01-02,11,926,10,765,1,161,0,0,11,1038,0,0,11,1038,California
Kings,2021-01-04,111,1037,41,806,70,231,0,0,111,1149,0,0,111,1149,California
Kings,2021-01-05,195,1232,40,846,155,386,0,0,195,1344,0,0,195,1344,California
Kings,2021-01-06,276,1508,179,1025,97,483,0,0,273,1614,3,3,273,1617,California
Kings,2021-01-07,181,1689,82,1107,99,582,0,0,173,1779,8,11,173,1790,California
Kings,2021-01-08,249,1938,56,1163,193,775,0,0,229,1988,20,31,229,2019,California
Kings,2021-01-09,63,2001,9,1172,54,829,0,0,55,2035,8,39,55,2074,California
Kings,2021-01-10,15,2016,3,1175,12,841,0,0,12,2044,3,42,12,2086,California
Kings,2021-01-11,516,2532,352,1527,164,1005,0,0,276,2081,240,282,277,2363,California
Kings,2021-01-12,347,2879,251,1778,96,1101,0,0,214,2165,130,412,214,2577,California
Kings,2021-01-13,421,3300,275,2053,146,1247,0,0,330,2404,91,503,330,2907,California
Kings,2021-01-14,211,3511,31,2084,180,1427,0,0,201,2585,21,524,202,3109,California
Kings,2021-01-15,420,3931,31,2115,389,1816,0,0,408,2981,12,536,408,3517,California
Kings,2021-01-16,28,3959,9,2124,19,1835,0,0,27,3007,1,537,27,3544,California
Kings,2021-01-17,10,3969,7,2131,3,1838,0,0,8,3013,2,539,8,3552,California
Kings,2021-01-18,173,4142,40,2171,133,1971,0,0,147,3134,26,565,147,3699,California
Kings,2021-01-19,382,4524,161,2332,221,2192,0,0,253,3258,129,694,253,3952,California
Kings,2021-01-20,236,4760,146,2478,90,2282,0,0,125,3277,106,800,125,4077,California
Kings,2021-01-21,212,4972,56,2534,156,2438,0,0,196,3455,18,818,196,4273,California
Kings,2021-01-22,110,5082,21,2555,89,2527,0,0,109,3559,5,823,109,4382,California
Kings,2021-01-23,27,5109,14,2569,13,2540,0,0,20,3572,7,830,20,4402,California
Kings,2021-01-24,4,5113,4,2573,0,2540,0,0,2,3572,2,832,2,4404,California
Kings,2021-01-25,133,5246,27,2600,106,2646,0,0,97,3633,36,868,97,4501,California
Kings,2021-01-26,154,5400,34,2634,120,2766,0,0,113,3705,41,909,113,4614,California
Kings,2021-01-27,329,5729,36,2670,293,3059,0,0,253,3883,75,984,253,4867,California
Kings,2021-01-28,336,6065,45,2715,291,3350,0,0,278,4103,58,1042,278,5145,California
Kings,2021-01-29,110,6175,26,2741,84,3434,0,0,93,4179,17,1059,93,5238,California
Kings,2021-01-30,1563,7738,25,2766,1538,4972,0,0,1560,5738,3,1062,1562,6800,California
Kings,2021-02-01,220,7958,65,2831,155,5127,0,0,91,5702,127,1189,91,6891,California
Kings,2021-02-02,246,8204,16,2847,230,5357,0,0,95,5647,150,1339,95,6986,California
Kings,2021-02-03,402,8606,192,3039,210,5567,0,0,246,5738,155,1494,246,7232,California
Kings,2021-02-04,424,9030,98,3137,326,5893,0,0,227,5769,196,1690,227,7459,California
Kings,2021-02-05,336,9366,54,3191,282,6175,0,0,176,5787,158,1848,176,7635,California
Kings,2021-02-06,61,9427,10,3201,51,6226,0,0,28,5782,33,1881,28,7663,California
Kings,2021-02-07,5,9432,3,3204,2,6228,0,0,3,5783,2,1883,3,7666,California
Kings,2021-02-08,173,9605,29,3233,144,6372,0,0,66,5742,107,1990,66,7732,California
Kings,2021-02-09,255,9860,57,3290,198,6570,0,0,111,5711,142,2132,111,7843,California
Kings,2021-02-10,376,10236,112,3402,264,6834,0,0,259,5853,117,2249,259,8102,California
Kings,2021-02-11,478,10714,65,3467,413,7247,0,0,361,6098,116,2365,361,8463,California
Kings,2021-02-12,634,11348,40,3507,594,7841,0,0,354,6173,279,2644,354,8817,California
Kings,2021-02-13,201,11549,7,3514,194,8035,0,0,174,6320,27,2671,174,8991,California
Kings,2021-02-14,103,11652,4,3518,99,8134,0,0,95,6407,8,2679,95,9086,California
Kings,2021-02-15,251,11903,5,3523,246,8380,0,0,138,6433,112,2791,138,9224,California
Kings,2021-02-16,547,12450,36,3559,511,8891,0,0,310,6507,236,3027,310,9534,California
Kings,2021-02-17,438,12888,26,3585,412,9303,0,0,300,6671,138,3165,302,9836,California
Kings,2021-02-18,238,13126,22,3607,216,9519,0,0,180,6793,58,3223,180,10016,California
Kings,2021-02-19,176,13302,25,3632,151,9670,0,0,120,6860,53,3276,120,10136,California
Kings,2021-02-20,168,13470,34,3666,134,9804,0,0,136,6964,32,3308,136,10272,California
Kings,2021-02-21,2,13472,1,3667,1,9805,0,0,2,6966,0,3308,2,10274,California
Kings,2021-02-22,114,13586,18,3685,96,9901,0,0,48,6948,66,3374,48,10322,California
Kings,2021-02-23,429,14015,70,3755,359,10260,0,0,312,7143,117,3491,312,10634,California
Kings,2021-02-24,735,14750,155,3910,580,10840,0,0,521,7450,214,3705,521,11155,California
Kings,2021-02-25,732,15482,135,4045,597,11437,0,0,511,7742,219,3924,511,11666,California
Kings,2021-02-26,834,16316,138,4183,696,12133,0,0,762,8432,72,3996,762,12428,California
Kings,2021-02-27,1528,17844,65,4248,1463,13596,0,0,585,8075,942,4938,585,13013,California
Kings,2021-02-28,1172,19016,598,4846,574,14170,0,0,675,8256,494,5432,675,13688,California
Kings,2021-03-01,286,19302,89,4935,197,14367,0,0,221,8412,65,5497,221,13909,California
Kings,2021-03-02,588,19890,259,5194,329,14696,0,0,516,8856,72,5569,516,14425,California
Kings,2021-03-03,737,20627,313,5507,424,15120,0,0,515,9151,220,5789,515,14940,California
Kings,2021-03-04,824,21451,357,5864,467,15587,0,0,696,9720,128,5917,697,15637,California
Kings,2021-03-05,1164,22615,369,6233,786,16373,9,9,1020,10609,144,6061,1033,16670,California
Kings,2021-03-06,520,23135,189,6422,318,16691,13,22,490,11082,30,6091,503,17173,California
Kings,2021-03-07,361,23496,220,6642,137,16828,4,26,353,11431,8,6099,357,17530,California
Kings,2021-03-08,373,23869,96,6738,224,17052,53,79,262,11635,111,6210,315,17845,California
Kings,2021-03-09,605,24474,306,7044,244,17296,55,134,493,12073,111,6321,549,18394,California
Kings,2021-03-10,629,25103,156,7200,380,17676,93,227,438,12413,190,6511,530,18924,California
Kings,2021-03-11,1126,26229,373,7573,642,18318,111,338,694,12789,430,6941,806,19730,California
Kings,2021-03-12,1466,27695,457,8030,916,19234,93,431,994,13408,470,7411,1089,20819,California
Kings,2021-03-13,675,28370,328,8358,306,19540,41,472,551,13878,124,7535,594,21413,California
Kings,2021-03-14,678,29048,104,8462,185,19725,389,861,204,13997,474,8009,593,22006,California
Kings,2021-03-15,708,29756,267,8729,324,20049,117,978,467,14344,240,8249,587,22593,California
Kings,2021-03-16,1097,30853,469,9198,566,20615,62,1040,745,14800,352,8601,808,23401,California
Kings,2021-03-17,1117,31970,426,9624,629,21244,62,1102,788,15329,329,8930,858,24259,California
Kings,2021-03-18,1136,33106,477,10101,436,21680,223,1325,776,15971,359,9289,1001,25260,California
Kings,2021-03-19,973,34079,468,10569,420,22100,85,1410,736,16571,236,9525,836,26096,California
Kings,2021-03-20,645,34724,256,10825,358,22458,31,1441,467,16901,176,9701,506,26602,California
Kings,2021-03-21,1420,36144,1088,11913,319,22777,13,1454,862,17218,558,10259,875,27477,California
Kings,2021-03-22,451,36595,202,12115,163,22940,86,1540,274,17406,176,10435,364,27841,California
Kings,2021-03-23,943,37538,511,12626,369,23309,63,1603,557,17647,384,10819,625,28466,California
Kings,2021-03-24,972,38510,488,13114,460,23769,24,1627,514,17731,456,11275,540,29006,California
Kings,2021-03-25,953,39463,469,13583,456,24225,28,1655,451,17710,500,11775,479,29485,California
Kings,2021-03-26,1306,40769,382,13965,839,25064,85,1740,521,17535,780,12555,605,30090,California
Kings,2021-03-27,651,41420,264,14229,375,25439,12,1752,161,17220,488,13043,173,30263,California
Kings,2021-03-28,673,42093,602,14831,64,25503,7,1759,406,17379,267,13310,426,30689,California
Kings,2021-03-29,473,42566,215,15046,197,25700,61,1820,262,17492,209,13519,322,31011,California
Kings,2021-03-30,871,43437,480,15526,352,26052,39,1859,433,17526,437,13956,471,31482,California
Kings,2021-03-31,782,44219,380,15906,329,26381,73,1932,426,17677,348,14304,499,31981,California
Kings,2021-04-01,852,45071,452,16358,311,26692,89,2021,359,17638,487,14791,448,32429,California
Kings,2021-04-02,1044,46115,454,16812,466,27158,124,2145,393,17509,645,15436,516,32945,California
Kings,2021-04-03,494,46609,347,17159,138,27296,9,2154,171,17373,317,15753,181,33126,California
Kings,2021-04-04,158,46767,84,17243,68,27364,6,2160,42,17306,115,15868,48,33174,California
Kings,2021-04-05,1062,47829,329,17572,481,27845,252,2412,242,16980,819,16687,493,33667,California
Kings,2021-04-06,1211,49040,459,18031,442,28287,310,2722,284,16649,924,17611,593,34260,California
Kings,2021-04-07,1377,50417,658,18689,531,28818,188,2910,359,16181,1015,18626,547,34807,California
Kings,2021-04-08,1632,52049,637,19326,741,29559,254,3164,377,15563,1248,19874,630,35437,California
Kings,2021-04-09,1160,53209,543,19869,437,29996,180,3344,234,15049,924,20798,410,35847,California
Kings,2021-04-10,599,53808,332,20201,163,30159,104,3448,175,14906,422,21220,279,36126,California
Kings,2021-04-11,358,54166,74,20275,277,30436,7,3455,199,14955,157,21377,206,36332,California
Kings,2021-04-12,705,54871,311,20586,191,30627,203,3658,194,14843,509,21886,397,36729,California
Kings,2021-04-13,918,55789,526,21112,392,31019,0,3658,293,14517,623,22509,297,37026,California
Kings,2021-04-14,1053,56842,581,21693,472,31491,0,3658,382,14229,671,23180,383,37409,California
Kings,2021-04-15,1064,57906,524,22217,539,32030,1,3659,455,14078,608,23788,457,37866,California
Kings,2021-04-16,776,58682,363,22580,413,32443,0,3659,259,13821,516,24304,259,38125,California
Kings,2021-04-17,469,59151,254,22834,215,32658,0,3659,193,13740,274,24578,193,38318,California
Kings,2021-04-18,564,59715,241,23075,323,32981,0,3659,39,13254,525,25103,39,38357,California
Kings,2021-04-19,535,60250,297,23372,238,33219,0,3659,288,13297,245,25348,288,38645,California
Kings,2021-04-20,749,60999,455,23827,294,33513,0,3659,240,13029,508,25856,240,38885,California
Kings,2021-04-21,646,61645,307,24134,339,33852,0,3659,222,12835,416,26272,222,39107,California
Kings,2021-04-22,560,62205,280,24414,280,34132,0,3659,206,12691,351,26623,207,39314,California
Kings,2021-04-23,673,62878,290,24704,383,34515,0,3659,328,12678,341,26964,328,39642,California
Kings,2021-04-24,248,63126,180,24884,67,34582,1,3660,120,12672,127,27091,121,39763,California
Kings,2021-04-25,202,63328,182,25066,20,34602,0,3660,165,12800,37,27128,165,39928,California
Kings,2021-04-26,315,63643,169,25235,143,34745,3,3663,198,12885,116,27244,201,40129,California
Kings,2021-04-27,424,64067,187,25422,218,34963,19,3682,180,12842,242,27486,199,40328,California
Kings,2021-04-28,515,64582,257,25679,238,35201,20,3702,270,12887,245,27731,290,40618,California
Kings,2021-04-29,290,64872,111,25790,166,35367,13,3715,133,12879,154,27885,146,40764,California
Kings,2021-04-30,368,65240,163,25953,188,35555,17,3732,152,12836,212,28097,169,40933,California
Kings,2021-05-01,226,65466,164,26117,52,35607,10,3742,71,12763,154,28251,81,41014,California
Kings,2021-05-02,169,65635,147,26264,22,35629,0,3742,127,12848,42,28293,127,41141,California
Kings,2021-05-03,474,66109,253,26517,208,35837,13,3755,121,12630,352,28645,134,41275,California
Kings,2021-05-04,520,66629,263,26780,237,36074,20,3775,159,12449,360,29005,179,41454,California
Kings,2021-05-05,551,67180,285,27065,246,36320,20,3795,135,12189,415,29420,155,41609,California
Kings,2021-05-06,550,67730,270,27335,257,36577,23,3818,124,11912,424,29844,147,41756,California
Kings,2021-05-07,364,68094,211,27546,137,36714,16,3834,145,11856,217,30061,161,41917,California
Kings,2021-05-08,232,68326,166,27712,54,36768,12,3846,73,11782,158,30219,84,42001,California
Kings,2021-05-09,191,68517,61,27773,130,36898,0,3846,40,11671,151,30370,40,42041,California
Kings,2021-05-10,340,68857,263,28036,67,36965,10,3856,115,11571,224,30594,124,42165,California
Kings,2021-05-11,386,69243,238,28274,118,37083,30,3886,120,11456,266,30860,151,42316,California
Kings,2021-05-12,398,69641,163,28437,221,37304,14,3900,170,11414,226,31086,184,42500,California
Kings,2021-05-13,393,70034,145,28582,240,37544,8,3908,155,11339,238,31324,163,42663,California
Kings,2021-05-14,463,70497,314,28896,118,37662,31,3939,241,11390,221,31545,272,42935,California
Kings,2021-05-15,354,70851,251,29147,84,37746,19,3958,196,11447,158,31703,215,43150,California
Kings,2021-05-16,248,71099,222,29369,25,37771,1,3959,76,11352,172,31875,77,43227,California
Kings,2021-05-17,404,71503,321,29690,66,37837,17,3976,215,11396,188,32063,232,43459,California
Kings,2021-05-18,396,71899,277,29967,106,37943,13,3989,226,11466,170,32233,240,43699,California
Kings,2021-05-19,576,72475,282,30249,270,38213,24,4013,229,11374,345,32578,253,43952,California
Kings,2021-05-20,447,72922,234,30483,186,38399,27,4040,266,11487,181,32759,294,44246,California
Kings,2021-05-21,517,73439,263,30746,244,38643,10,4050,265,11514,248,33007,275,44521,California
Kings,2021-05-22,304,73743,245,30991,47,38690,12,4062,217,11658,85,33092,229,44750,California
Kings,2021-05-23,233,73976,224,31215,9,38699,0,4062,109,11643,124,33216,109,44859,California
Kings,2021-05-24,249,74225,165,31380,70,38769,14,4076,119,11646,130,33346,133,44992,California
Kings,2021-05-25,405,74630,267,31647,105,38874,33,4109,239,11754,164,33510,272,45264,California
Kings,2021-05-26,304,74934,125,31772,162,39036,17,4126,129,11726,174,33684,146,45410,California
Kings,2021-05-27,328,75262,178,31950,132,39168,18,4144,179,11777,146,33830,197,45607,California
Kings,2021-05-28,286,75548,139,32089,130,39298,17,4161,139,11789,144,33974,156,45763,California
Kings,2021-05-29,172,75720,99,32188,62,39360,11,4172,91,11811,80,34054,102,45865,California
Kings,2021-05-30,131,75851,114,32302,15,39375,2,4174,71,11824,60,34114,73,45938,California
Kings,2021-05-31,42,75893,23,32325,16,39391,3,4177,15,11815,27,34141,18,45956,California
Kings,2021-06-01,315,76208,188,32513,111,39502,16,4193,121,11761,190,34331,136,46092,California
Kings,2021-06-02,271,76479,124,32637,140,39642,7,4200,85,11669,184,34515,92,46184,California
Kings,2021-06-03,228,76707,126,32763,91,39733,11,4211,86,11631,135,34650,97,46281,California
Kings,2021-06-04,424,77131,280,33043,131,39864,13,4224,158,11540,262,34912,171,46452,California
Kings,2021-06-05,252,77383,220,33263,26,39890,6,4230,63,11433,176,35088,69,46521,California
Kings,2021-06-06,161,77544,153,33416,3,39893,5,4235,80,11441,77,35165,85,46606,California
Kings,2021-06-07,290,77834,220,33636,57,39950,13,4248,94,11352,196,35361,107,46713,California
Kings,2021-06-08,310,78144,239,33875,51,40001,20,4268,84,11231,225,35586,104,46817,California
Kings,2021-06-09,349,78493,224,34099,116,40117,9,4277,90,11074,256,35842,99,46916,California
Kings,2021-06-10,307,78800,191,34290,103,40220,13,4290,73,10927,233,36075,86,47002,California
Kings,2021-06-11,290,79090,207,34497,79,40299,4,4294,105,10855,181,36256,109,47111,California
Kings,2021-06-12,226,79316,184,34681,38,40337,4,4298,49,10747,161,36417,53,47164,California
Kings,2021-06-13,86,79402,82,34763,4,40341,0,4298,28,10717,58,36475,28,47192,California
Lake,2020-12-17,4,4,4,4,0,0,0,0,4,4,0,0,4,4,California
Lake,2020-12-18,49,53,49,53,0,0,0,0,49,53,0,0,49,53,California
Lake,2020-12-19,3,56,3,56,0,0,0,0,3,56,0,0,3,56,California
Lake,2020-12-20,6,62,6,62,0,0,0,0,6,62,0,0,6,62,California
Lake,2020-12-21,87,149,87,149,0,0,0,0,87,149,0,0,87,149,California
Lake,2020-12-22,63,212,60,209,3,3,0,0,63,212,0,0,63,212,California
Lake,2020-12-23,125,337,116,325,9,12,0,0,125,337,0,0,125,337,California
Lake,2020-12-24,2,339,0,325,2,14,0,0,2,339,0,0,2,339,California
Lake,2020-12-26,2,341,2,327,0,14,0,0,2,341,0,0,2,341,California
Lake,2020-12-27,2,343,2,329,0,14,0,0,2,343,0,0,2,343,California
Lake,2020-12-28,53,396,44,373,9,23,0,0,53,396,0,0,53,396,California
Lake,2020-12-29,53,449,48,421,5,28,0,0,53,449,0,0,53,449,California
Lake,2020-12-30,131,580,124,545,7,35,0,0,131,580,0,0,131,580,California
Lake,2020-12-31,67,647,64,609,3,38,0,0,67,647,0,0,67,647,California
Lake,2021-01-01,1,648,0,609,1,39,0,0,1,648,0,0,1,648,California
Lake,2021-01-02,2,650,1,610,1,40,0,0,2,650,0,0,2,650,California
Lake,2021-01-04,91,741,21,631,70,110,0,0,91,741,0,0,91,741,California
Lake,2021-01-05,120,861,59,690,61,171,0,0,118,857,2,2,118,859,California
Lake,2021-01-06,103,964,64,754,39,210,0,0,101,956,2,4,101,960,California
Lake,2021-01-07,109,1073,85,839,24,234,0,0,100,1047,9,13,100,1060,California
Lake,2021-01-08,163,1236,134,973,29,263,0,0,112,1108,51,64,112,1172,California
Lake,2021-01-09,63,1299,61,1034,2,265,0,0,59,1163,4,68,59,1231,California
Lake,2021-01-10,3,1302,3,1037,0,265,0,0,0,1160,3,71,0,1231,California
Lake,2021-01-11,188,1490,148,1185,40,305,0,0,110,1192,78,149,110,1341,California
Lake,2021-01-12,82,1572,49,1234,33,338,0,0,58,1226,24,173,58,1399,California
Lake,2021-01-13,171,1743,116,1350,55,393,0,0,110,1275,61,234,110,1509,California
Lake,2021-01-14,147,1890,48,1398,99,492,0,0,125,1378,22,256,125,1634,California
Lake,2021-01-15,217,2107,94,1492,123,615,0,0,189,1539,28,284,189,1823,California
Lake,2021-01-16,133,2240,82,1574,51,666,0,0,131,1668,2,286,131,1954,California
Lake,2021-01-17,15,2255,6,1580,9,675,0,0,9,1671,6,292,9,1963,California
Lake,2021-01-18,245,2500,229,1809,16,691,0,0,122,1670,123,415,122,2085,California
Lake,2021-01-19,317,2817,121,1930,196,887,0,0,269,1892,48,463,270,2355,California
Lake,2021-01-20,425,3242,82,2012,343,1230,0,0,360,2188,64,527,360,2715,California
Lake,2021-01-21,439,3681,48,2060,391,1621,0,0,403,2555,36,563,403,3118,California
Lake,2021-01-22,321,4002,48,2108,273,1894,0,0,285,2804,36,599,285,3403,California
Lake,2021-01-23,123,4125,6,2114,117,2011,0,0,122,2925,1,600,122,3525,California
Lake,2021-01-24,5,4130,2,2116,3,2014,0,0,5,2930,0,600,5,3530,California
Lake,2021-01-25,256,4386,93,2209,163,2177,0,0,174,3022,82,682,174,3704,California
Lake,2021-01-26,430,4816,33,2242,397,2574,0,0,406,3404,24,706,406,4110,California
Lake,2021-01-27,362,5178,40,2282,322,2896,0,0,335,3713,27,733,336,4446,California
Lake,2021-01-28,494,5672,159,2441,335,3231,0,0,365,3949,129,862,365,4811,California
Lake,2021-01-29,659,6331,108,2549,551,3782,0,0,576,4442,83,945,576,5387,California
Lake,2021-01-30,555,6886,39,2588,516,4298,0,0,549,4985,6,951,549,5936,California
Lake,2021-01-31,13,6899,8,2596,5,4303,0,0,11,4994,2,953,11,5947,California
Lake,2021-02-01,176,7075,14,2610,162,4465,0,0,162,5142,14,967,162,6109,California
Lake,2021-02-02,560,7635,151,2761,409,4874,0,0,394,5370,166,1133,394,6503,California
Lake,2021-02-03,443,8078,32,2793,411,5285,0,0,337,5601,106,1239,337,6840,California
Lake,2021-02-04,121,8199,70,2863,51,5336,0,0,71,5622,50,1289,71,6911,California
Lake,2021-02-05,382,8581,71,2934,311,5647,0,0,289,5820,91,1380,289,7200,California
Lake,2021-02-06,275,8856,39,2973,236,5883,0,0,264,6073,11,1391,264,7464,California
Lake,2021-02-07,3,8859,2,2975,1,5884,0,0,3,6076,0,1391,3,7467,California
Lake,2021-02-08,276,9135,206,3181,70,5954,0,0,158,6116,118,1509,158,7625,California
Lake,2021-02-09,344,9479,23,3204,321,6275,0,0,300,6373,43,1552,300,7925,California
Lake,2021-02-10,350,9829,50,3254,300,6575,0,0,270,6563,80,1632,270,8195,California
Lake,2021-02-11,174,10003,18,3272,156,6731,0,0,57,6503,117,1749,57,8252,California
Lake,2021-02-12,371,10374,28,3300,343,7074,0,0,285,6703,85,1834,285,8537,California
Lake,2021-02-13,252,10626,9,3309,243,7317,0,0,242,6935,10,1844,242,8779,California
Lake,2021-02-14,16,10642,4,3313,12,7329,0,0,5,6929,11,1855,5,8784,California
Lake,2021-02-15,164,10806,8,3321,156,7485,0,0,8,6782,155,2010,8,8792,California
Lake,2021-02-16,425,11231,22,3343,403,7888,0,0,178,6713,247,2257,178,8970,California
Lake,2021-02-17,348,11579,53,3396,295,8183,0,0,69,6504,278,2535,69,9039,California
Lake,2021-02-18,458,12037,71,3467,387,8570,0,0,113,6272,345,2880,113,9152,California
Lake,2021-02-19,425,12462,24,3491,401,8971,0,0,90,6027,335,3215,90,9242,California
Lake,2021-02-20,290,12752,57,3548,233,9204,0,0,251,6240,38,3253,251,9493,California
Lake,2021-02-21,6,12758,6,3554,0,9204,0,0,0,6234,6,3259,0,9493,California
Lake,2021-02-22,133,12891,16,3570,117,9321,0,0,39,6179,94,3353,39,9532,California
Lake,2021-02-23,215,13106,16,3586,199,9520,0,0,29,6022,186,3539,29,9561,California
Lake,2021-02-24,1011,14117,430,4016,581,10101,0,0,470,5952,540,4079,470,10031,California
Lake,2021-02-25,731,14848,468,4484,263,10364,0,0,472,6168,256,4335,472,10503,California
Lake,2021-02-26,994,15842,303,4787,691,11055,0,0,348,5872,644,4979,348,10851,California
Lake,2021-02-27,408,16250,97,4884,311,11366,0,0,327,6118,81,5060,327,11178,California
Lake,2021-02-28,17,16267,10,4894,7,11373,0,0,11,6123,6,5066,11,11189,California
Lake,2021-03-01,596,16863,54,4948,542,11915,0,0,444,6415,152,5218,444,11633,California
Lake,2021-03-02,743,17606,18,4966,725,12640,0,0,288,6249,454,5672,288,11921,California
Lake,2021-03-03,365,17971,193,5159,172,12812,0,0,146,6176,219,5891,146,12067,California
Lake,2021-03-04,578,18549,506,5665,72,12884,0,0,561,6720,17,5908,561,12628,California
Lake,2021-03-05,1053,19602,52,5717,1001,13885,0,0,188,6047,861,6769,188,12816,California
Lake,2021-03-06,36,19638,10,5727,25,13910,1,1,22,6056,14,6783,23,12839,California
Lake,2021-03-07,6,19644,4,5731,2,13912,0,1,4,6058,2,6785,4,12843,California
Lake,2021-03-08,339,19983,267,5998,63,13975,9,10,299,6326,40,6825,308,13151,California
Lake,2021-03-09,928,20911,42,6040,868,14843,18,28,404,6225,523,7348,422,13573,California
Lake,2021-03-10,200,21111,56,6096,131,14974,13,41,134,6307,66,7414,148,13721,California
Lake,2021-03-11,588,21699,48,6144,62,15036,478,519,48,6293,540,7954,526,14247,California
Lake,2021-03-12,856,22555,204,6348,626,15662,26,545,364,6192,491,8445,390,14637,California
Lake,2021-03-13,279,22834,21,6369,22,15684,236,781,17,6183,261,8706,252,14889,California
Lake,2021-03-14,11,22845,2,6371,9,15693,0,781,7,6186,4,8710,7,14896,California
Lake,2021-03-15,640,23485,9,6380,613,16306,18,799,480,6524,160,8870,498,15394,California
Lake,2021-03-16,1121,24606,839,7219,265,16571,17,816,401,6225,716,9586,417,15811,California
Lake,2021-03-17,243,24849,119,7338,102,16673,22,838,89,6182,154,9740,111,15922,California
Lake,2021-03-18,747,25596,375,7713,336,17009,36,874,370,6213,374,10114,405,16327,California
Lake,2021-03-19,583,26179,313,8026,249,17258,21,895,479,6610,103,10217,500,16827,California
Lake,2021-03-20,249,26428,8,8034,238,17496,3,898,31,6428,216,10433,34,16861,California
Lake,2021-03-21,16,26444,11,8045,4,17500,1,899,11,6435,5,10438,12,16873,California
Lake,2021-03-22,339,26783,257,8302,67,17567,15,914,251,6613,88,10526,266,17139,California
Lake,2021-03-23,435,27218,23,8325,399,17966,13,927,368,6928,66,10592,381,17520,California
Lake,2021-03-24,422,27640,59,8384,355,18321,8,935,328,7172,93,10685,337,17857,California
Lake,2021-03-25,670,28310,481,8865,184,18505,5,940,173,6852,497,11182,177,18034,California
Lake,2021-03-26,67,28377,32,8897,34,18539,1,941,31,6848,36,11218,32,18066,California
Lake,2021-03-27,307,28684,7,8904,297,18836,3,944,16,6578,289,11507,19,18085,California
Lake,2021-03-28,15,28699,7,8911,8,18844,0,944,8,6579,7,11514,8,18093,California
Lake,2021-03-29,989,29688,287,9198,700,19544,2,946,205,6004,782,12296,207,18300,California
Lake,2021-03-30,467,30155,318,9516,147,19691,2,948,371,6282,95,12391,373,18673,California
Lake,2021-03-31,619,30774,59,9575,560,20251,0,948,435,6542,175,12566,435,19108,California
Lake,2021-04-01,451,31225,237,9812,202,20453,12,960,188,6483,259,12825,200,19308,California
Lake,2021-04-02,223,31448,39,9851,156,20609,28,988,95,6478,128,12953,123,19431,California
Lake,2021-04-03,32,31480,5,9856,24,20633,3,991,12,6473,20,12973,15,19446,California
Lake,2021-04-04,19,31499,11,9867,7,20640,1,992,15,6485,4,12977,16,19462,California
Lake,2021-04-05,646,32145,70,9937,556,21196,20,1012,407,6675,236,13213,426,19888,California
Lake,2021-04-06,478,32623,17,9954,435,21631,26,1038,307,6838,170,13383,333,20221,California
Lake,2021-04-07,522,33145,56,10010,415,22046,51,1089,352,7073,168,13551,403,20624,California
Lake,2021-04-08,607,33752,494,10504,47,22093,66,1155,103,6741,501,14052,169,20793,California
Lake,2021-04-09,279,34031,39,10543,172,22265,68,1223,47,6626,229,14281,114,20907,California
Lake,2021-04-10,254,34285,13,10556,14,22279,227,1450,9,6617,245,14526,236,21143,California
Lake,2021-04-11,22,34307,17,10573,3,22282,2,1452,7,6611,15,14541,9,21152,California
Lake,2021-04-12,1081,35388,234,10807,813,23095,34,1486,244,6053,836,15377,278,21430,California
Lake,2021-04-13,180,35568,109,10916,71,23166,0,1486,52,5977,128,15505,52,21482,California
Lake,2021-04-14,614,36182,35,10951,579,23745,0,1486,551,6465,63,15568,551,22033,California
Lake,2021-04-15,642,36824,192,11143,450,24195,0,1486,329,6482,313,15881,330,22363,California
Lake,2021-04-16,263,37087,25,11168,238,24433,0,1486,69,6358,193,16074,69,22432,California
Lake,2021-04-17,42,37129,11,11179,31,24464,0,1486,31,6378,11,16085,31,22463,California
Lake,2021-04-18,7,37136,4,11183,3,24467,0,1486,0,6371,7,16092,0,22463,California
Lake,2021-04-19,301,37437,40,11223,261,24728,0,1486,250,6570,51,16143,250,22713,California
Lake,2021-04-20,699,38136,281,11504,418,25146,0,1486,92,6057,606,16749,93,22806,California
Lake,2021-04-21,531,38667,61,11565,470,25616,0,1486,196,5918,335,17084,196,23002,California
Lake,2021-04-22,462,39129,46,11611,416,26032,0,1486,317,6091,144,17228,317,23319,California
Lake,2021-04-23,116,39245,58,11669,58,26090,0,1486,69,6114,46,17274,69,23388,California
Lake,2021-04-24,53,39298,8,11677,45,26135,0,1486,39,6139,14,17288,39,23427,California
Lake,2021-04-25,36,39334,19,11696,17,26152,0,1486,24,6151,12,17300,24,23451,California
Lake,2021-04-26,292,39626,81,11777,210,26362,1,1487,87,6034,205,17505,88,23539,California
Lake,2021-04-27,248,39874,22,11799,208,26570,18,1505,85,5974,163,17668,103,23642,California
Lake,2021-04-28,512,40386,48,11847,449,27019,15,1520,91,5660,419,18087,105,23747,California
Lake,2021-04-29,208,40594,81,11928,111,27130,16,1536,110,5687,98,18185,125,23872,California
Lake,2021-04-30,286,40880,43,11971,212,27342,31,1567,147,5726,139,18324,178,24050,California
Lake,2021-05-01,50,40930,28,11999,20,27362,2,1569,35,5749,14,18338,37,24087,California
Lake,2021-05-02,18,40948,9,12008,8,27370,1,1570,9,5750,9,18347,10,24097,California
Lake,2021-05-03,416,41364,28,12036,353,27723,35,1605,65,5500,350,18697,100,24197,California
Lake,2021-05-04,404,41768,216,12252,140,27863,48,1653,124,5393,279,18976,172,24369,California
Lake,2021-05-05,630,42398,44,12296,573,28436,13,1666,86,4950,541,19517,98,24467,California
Lake,2021-05-06,141,42539,19,12315,93,28529,29,1695,72,4981,69,19586,100,24567,California
Lake,2021-05-07,163,42702,27,12342,116,28645,20,1715,105,5050,56,19642,125,24692,California
Lake,2021-05-08,43,42745,7,12349,36,28681,0,1715,36,5079,7,19649,36,24728,California
Lake,2021-05-09,17,42762,2,12351,10,28691,5,1720,10,5087,7,19656,15,24743,California
Lake,2021-05-10,245,43007,11,12362,207,28898,27,1747,58,4986,186,19842,85,24828,California
Lake,2021-05-11,193,43200,25,12387,151,29049,17,1764,115,5041,78,19920,133,24961,California
Lake,2021-05-12,540,43740,32,12419,488,29537,20,1784,55,4630,485,20405,74,25035,California
Lake,2021-05-13,313,44053,66,12485,233,29770,14,1798,73,4479,238,20643,87,25122,California
Lake,2021-05-14,265,44318,81,12566,165,29935,19,1817,161,4556,102,20745,179,25301,California
Lake,2021-05-15,42,44360,16,12582,23,29958,3,1820,26,4569,16,20761,29,25330,California
Lake,2021-05-16,31,44391,18,12600,12,29970,1,1821,17,4573,14,20775,18,25348,California
Lake,2021-05-17,315,44706,41,12641,259,30229,15,1836,84,4444,228,21003,99,25447,California
Lake,2021-05-18,302,45008,65,12706,218,30447,19,1855,175,4512,126,21129,194,25641,California
Lake,2021-05-19,311,45319,57,12763,239,30686,15,1870,87,4391,223,21352,102,25743,California
Lake,2021-05-20,236,45555,60,12823,165,30851,11,1881,93,4352,143,21495,104,25847,California
Lake,2021-05-21,271,45826,50,12873,198,31049,23,1904,112,4330,157,21652,135,25982,California
Lake,2021-05-22,92,45918,51,12924,38,31087,3,1907,43,4327,49,21701,46,26028,California
Lake,2021-05-23,57,45975,28,12952,28,31115,1,1908,29,4329,28,21729,30,26058,California
Lake,2021-05-24,155,46130,35,12987,106,31221,14,1922,70,4328,85,21814,84,26142,California
Lake,2021-05-25,204,46334,55,13042,137,31358,12,1934,73,4283,130,21944,85,26227,California
Lake,2021-05-26,150,46484,44,13086,95,31453,11,1945,54,4254,94,22038,65,26292,California
Lake,2021-05-27,174,46658,47,13133,113,31566,14,1959,60,4215,113,22151,74,26366,California
Lake,2021-05-28,223,46881,20,13153,164,31730,39,1998,49,4131,171,22322,87,26453,California
Lake,2021-05-29,37,46918,10,13163,21,31751,6,2004,14,4128,23,22345,20,26473,California
Lake,2021-05-30,22,46940,6,13169,14,31765,2,2006,12,4132,10,22355,14,26487,California
Lake,2021-05-31,63,47003,21,13190,40,31805,2,2008,53,4177,10,22365,55,26542,California
Lake,2021-06-01,197,47200,37,13227,151,31956,9,2017,68,4126,128,22493,77,26619,California
Lake,2021-06-02,132,47332,45,13272,75,32031,12,2029,54,4114,78,22571,66,26685,California
Lake,2021-06-03,179,47511,55,13327,106,32137,18,2047,79,4111,100,22671,97,26782,California
Lake,2021-06-04,180,47691,51,13378,114,32251,15,2062,45,4038,133,22804,60,26842,California
Lake,2021-06-05,91,47782,56,13434,27,32278,8,2070,55,4065,36,22840,63,26905,California
Lake,2021-06-06,67,47849,37,13471,30,32308,0,2070,23,4044,44,22884,23,26928,California
Lake,2021-06-07,88,47937,29,13500,51,32359,8,2078,30,4025,57,22941,38,26966,California
Lake,2021-06-08,145,48082,43,13543,94,32453,8,2086,62,4012,83,23024,70,27036,California
Lake,2021-06-09,131,48213,14,13557,116,32569,1,2087,24,3931,106,23130,25,27061,California
Lake,2021-06-10,84,48297,37,13594,38,32607,9,2096,32,3920,52,23182,41,27102,California
Lake,2021-06-11,124,48421,25,13619,87,32694,12,2108,21,3851,102,23284,33,27135,California
Lake,2021-06-12,43,48464,28,13647,12,32706,3,2111,21,3853,22,23306,24,27159,California
Lake,2021-06-13,11,48475,1,13648,10,32716,0,2111,6,3854,5,23311,6,27165,California
Lassen,2020-12-16,4,4,4,4,0,0,0,0,4,4,0,0,4,4,California
Lassen,2020-12-17,1,5,1,5,0,0,0,0,1,5,0,0,1,5,California
Lassen,2020-12-18,1,6,1,6,0,0,0,0,1,6,0,0,1,6,California
Lassen,2020-12-19,5,11,5,11,0,0,0,0,5,11,0,0,5,11,California
Lassen,2020-12-20,2,13,2,13,0,0,0,0,2,13,0,0,2,13,California
Lassen,2020-12-21,11,24,11,24,0,0,0,0,11,24,0,0,11,24,California
Lassen,2020-12-22,20,44,20,44,0,0,0,0,20,44,0,0,20,44,California
Lassen,2020-12-23,5,49,5,49,0,0,0,0,5,49,0,0,5,49,California
Lassen,2020-12-24,5,54,5,54,0,0,0,0,5,54,0,0,5,54,California
Lassen,2020-12-28,3,57,2,56,1,1,0,0,3,57,0,0,3,57,California
Lassen,2020-12-29,34,91,34,90,0,1,0,0,34,91,0,0,34,91,California
Lassen,2020-12-30,28,119,27,117,1,2,0,0,28,119,0,0,28,119,California
Lassen,2020-12-31,49,168,42,159,7,9,0,0,49,168,0,0,49,168,California
Lassen,2021-01-02,1,169,0,159,1,10,0,0,1,169,0,0,1,169,California
Lassen,2021-01-04,14,183,2,161,12,22,0,0,14,183,0,0,14,183,California
Lassen,2021-01-05,189,372,51,212,138,160,0,0,189,372,0,0,189,372,California
Lassen,2021-01-06,89,461,38,250,51,211,0,0,84,452,5,5,85,457,California
Lassen,2021-01-07,38,499,2,252,36,247,0,0,37,488,1,6,37,494,California
Lassen,2021-01-08,49,548,2,254,47,294,0,0,49,537,0,6,49,543,California
Lassen,2021-01-09,12,560,6,260,6,300,0,0,12,549,0,6,12,555,California
Lassen,2021-01-11,27,587,5,265,22,322,0,0,27,576,0,6,27,582,California
Lassen,2021-01-12,46,633,26,291,20,342,0,0,29,588,17,23,29,611,California
Lassen,2021-01-13,159,792,16,307,143,485,0,0,146,721,13,36,146,757,California
Lassen,2021-01-14,154,946,12,319,142,627,0,0,147,861,7,43,147,904,California
Lassen,2021-01-15,22,968,3,322,19,646,0,0,22,883,0,43,22,926,California
Lassen,2021-01-16,34,1002,33,355,1,647,0,0,34,917,0,43,34,960,California
Lassen,2021-01-17,1,1003,0,355,1,648,0,0,1,918,0,43,1,961,California
Lassen,2021-01-18,4,1007,2,357,2,650,0,0,3,920,1,44,3,964,California
Lassen,2021-01-19,182,1189,34,391,148,798,0,0,154,1046,28,72,154,1118,California
Lassen,2021-01-20,161,1350,90,481,71,869,0,0,86,1072,60,132,86,1204,California
Lassen,2021-01-21,133,1483,88,569,45,914,0,0,109,1163,18,150,109,1313,California
Lassen,2021-01-22,28,1511,15,584,13,927,0,0,18,1171,10,160,18,1331,California
Lassen,2021-01-24,1,1512,0,584,1,928,0,0,1,1172,0,160,1,1332,California
Lassen,2021-01-25,10,1522,1,585,9,937,0,0,9,1180,1,161,9,1341,California
Lassen,2021-01-26,112,1634,3,588,109,1046,0,0,110,1288,2,163,110,1451,California
Lassen,2021-01-27,64,1698,19,607,45,1091,0,0,49,1322,15,178,49,1500,California
Lassen,2021-01-28,78,1776,11,618,67,1158,0,0,77,1398,1,179,77,1577,California
Lassen,2021-01-29,15,1791,3,621,12,1170,0,0,14,1411,1,180,14,1591,California
Lassen,2021-02-01,48,1839,2,623,46,1216,0,0,25,1413,23,203,25,1616,California
Lassen,2021-02-02,165,2004,6,629,159,1375,0,0,34,1316,131,334,34,1650,California
Lassen,2021-02-03,89,2093,17,646,72,1447,0,0,45,1317,44,378,45,1695,California
Lassen,2021-02-04,102,2195,8,654,94,1541,0,0,54,1323,48,426,54,1749,California
Lassen,2021-02-05,53,2248,6,660,47,1588,0,0,15,1300,38,464,15,1764,California
Lassen,2021-02-06,69,2317,34,694,35,1623,0,0,36,1304,32,496,36,1800,California
Lassen,2021-02-07,1,2318,1,695,0,1623,0,0,1,1305,0,496,1,1801,California
Lassen,2021-02-08,40,2358,4,699,36,1659,0,0,14,1293,26,522,14,1815,California
Lassen,2021-02-09,119,2477,4,703,115,1774,0,0,43,1260,76,598,43,1858,California
Lassen,2021-02-10,158,2635,15,718,143,1917,0,0,52,1206,106,704,52,1910,California
Lassen,2021-02-11,154,2789,8,726,146,2063,0,0,57,1167,96,800,57,1967,California
Lassen,2021-02-12,26,2815,5,731,21,2084,0,0,9,1159,17,817,9,1976,California
Lassen,2021-02-13,10,2825,2,733,8,2092,0,0,8,1165,2,819,8,1984,California
Lassen,2021-02-14,13,2838,0,733,13,2105,0,0,12,1176,1,820,12,1996,California
Lassen,2021-02-15,19,2857,2,735,17,2122,0,0,15,1188,3,823,15,2011,California
Lassen,2021-02-16,182,3039,3,738,179,2301,0,0,22,1052,158,981,22,2033,California
Lassen,2021-02-17,149,3188,79,817,70,2371,0,0,6,915,143,1124,6,2039,California
Lassen,2021-02-18,64,3252,13,830,51,2422,0,0,16,883,48,1172,16,2055,California
Lassen,2021-02-19,69,3321,51,881,18,2440,0,0,12,838,57,1229,12,2067,California
Lassen,2021-02-20,7,3328,0,881,7,2447,0,0,6,843,1,1230,6,2073,California
Lassen,2021-02-21,21,3349,1,882,20,2467,0,0,17,856,4,1234,17,2090,California
Lassen,2021-02-22,20,3369,10,892,10,2477,0,0,5,846,15,1249,5,2095,California
Lassen,2021-02-23,146,3515,6,898,140,2617,0,0,43,786,103,1352,43,2138,California
Lassen,2021-02-24,135,3650,10,908,125,2742,0,0,87,826,47,1399,87,2225,California
Lassen,2021-02-25,139,3789,14,922,125,2867,0,0,88,863,51,1450,88,2313,California
Lassen,2021-02-26,65,3854,12,934,53,2920,0,0,33,864,32,1482,33,2346,California
Lassen,2021-02-27,7,3861,7,941,0,2920,0,0,3,863,4,1486,3,2349,California
Lassen,2021-02-28,4,3865,1,942,3,2923,0,0,1,861,3,1489,1,2350,California
Lassen,2021-03-01,29,3894,3,945,26,2949,0,0,6,845,22,1511,6,2356,California
Lassen,2021-03-02,97,3991,5,950,92,3041,0,0,77,903,19,1530,77,2433,California
Lassen,2021-03-03,139,4130,6,956,133,3174,0,0,90,944,49,1579,90,2523,California
Lassen,2021-03-04,143,4273,14,970,129,3303,0,0,94,990,48,1627,94,2617,California
Lassen,2021-03-05,43,4316,4,974,15,3318,24,24,9,989,34,1661,33,2650,California
Lassen,2021-03-06,54,4370,3,977,29,3347,22,46,5,967,49,1710,27,2677,California
Lassen,2021-03-07,56,4426,1,978,0,3347,55,101,1,968,55,1765,56,2733,California
Lassen,2021-03-08,84,4510,2,980,4,3351,78,179,1,964,83,1848,79,2812,California
Lassen,2021-03-09,127,4637,4,984,106,3457,17,196,81,1016,46,1894,98,2910,California
Lassen,2021-03-10,132,4769,7,991,124,3581,1,197,74,1034,57,1951,75,2985,California
Lassen,2021-03-11,168,4937,10,1001,152,3733,6,203,99,1073,66,2017,105,3090,California
Lassen,2021-03-12,17,4954,7,1008,7,3740,3,206,5,1069,12,2029,8,3098,California
Lassen,2021-03-13,48,5002,0,1008,2,3742,46,252,1,1068,47,2076,46,3144,California
Lassen,2021-03-14,12,5014,0,1008,11,3753,1,253,1,1059,11,2087,2,3146,California
Lassen,2021-03-15,27,5041,2,1010,25,3778,0,253,12,1056,15,2102,12,3158,California
Lassen,2021-03-16,88,5129,2,1012,81,3859,5,258,72,1117,16,2118,77,3235,California
Lassen,2021-03-17,1084,6213,8,1020,1071,4930,5,263,1066,2170,18,2136,1071,4306,California
Lassen,2021-03-18,86,6299,7,1027,78,5008,1,264,75,2235,11,2147,76,4382,California
Lassen,2021-03-19,11,6310,7,1034,2,5010,2,266,5,2236,6,2153,7,4389,California
Lassen,2021-03-20,17,6327,3,1037,12,5022,2,268,11,2243,6,2159,13,4402,California
Lassen,2021-03-21,33,6360,0,1037,33,5055,0,268,13,2237,19,2178,13,4415,California
Lassen,2021-03-22,43,6403,1,1038,42,5097,0,268,40,2274,3,2181,40,4455,California
Lassen,2021-03-23,113,6516,7,1045,105,5202,1,269,60,2282,53,2234,61,4516,California
Lassen,2021-03-24,177,6693,8,1053,168,5370,1,270,93,2294,82,2316,94,4610,California
Lassen,2021-03-25,142,6835,15,1068,127,5497,0,270,62,2276,80,2396,62,4672,California
Lassen,2021-03-26,71,6906,8,1076,25,5522,38,308,15,2273,55,2451,52,4724,California
Lassen,2021-03-27,18,6924,2,1078,1,5523,15,323,2,2274,16,2467,17,4741,California
Lassen,2021-03-28,12,6936,2,1080,1,5524,9,332,1,2273,11,2478,10,4751,California
Lassen,2021-03-29,52,6988,0,1080,27,5551,25,357,20,2287,31,2509,45,4796,California
Lassen,2021-03-30,170,7158,3,1083,142,5693,25,382,50,2242,120,2629,75,4871,California
Lassen,2021-03-31,141,7299,10,1093,110,5803,21,403,57,2237,83,2712,78,4949,California
Lassen,2021-04-01,151,7450,9,1102,123,5926,19,422,43,2192,107,2819,62,5011,California
Lassen,2021-04-02,27,7477,3,1105,2,5928,22,444,1,2189,26,2845,23,5034,California
Lassen,2021-04-03,12,7489,0,1105,2,5930,10,454,0,2187,12,2857,10,5044,California
Lassen,2021-04-04,5,7494,1,1106,0,5930,4,458,1,2188,4,2861,5,5049,California
Lassen,2021-04-05,17,7511,1,1107,10,5940,6,464,10,2197,7,2868,16,5065,California
Lassen,2021-04-06,170,7681,5,1112,135,6075,30,494,50,2157,120,2988,80,5145,California
Lassen,2021-04-07,123,7804,5,1117,86,6161,32,526,32,2132,91,3079,66,5211,California
Lassen,2021-04-08,158,7962,7,1124,99,6260,52,578,28,2086,126,3205,80,5291,California
Lassen,2021-04-09,44,8006,6,1130,6,6266,32,610,8,2090,35,3240,39,5330,California
Lassen,2021-04-10,8,8014,0,1130,2,6268,6,616,0,2089,7,3247,6,5336,California
Lassen,2021-04-11,6,8020,2,1132,1,6269,3,619,3,2092,3,3250,6,5342,California
Lassen,2021-04-12,29,8049,4,1136,12,6281,13,632,4,2084,25,3275,17,5359,California
Lassen,2021-04-13,117,8166,3,1139,114,6395,0,632,28,2024,88,3363,28,5387,California
Lassen,2021-04-14,981,9147,8,1147,973,7368,0,632,47,1138,933,4296,47,5434,California
Lassen,2021-04-15,134,9281,12,1159,122,7490,0,632,12,1028,122,4418,12,5446,California
Lassen,2021-04-16,9,9290,2,1161,7,7497,0,632,5,1029,4,4422,5,5451,California
Lassen,2021-04-17,11,9301,2,1163,9,7506,0,632,3,1024,8,4430,3,5454,California
Lassen,2021-04-18,4,9305,1,1164,3,7509,0,632,1,1022,3,4433,1,5455,California
Lassen,2021-04-19,30,9335,0,1164,30,7539,0,632,14,1020,16,4449,14,5469,California
Lassen,2021-04-20,130,9465,6,1170,124,7663,0,632,47,984,83,4532,47,5516,California
Lassen,2021-04-21,140,9605,6,1176,134,7797,0,632,30,906,108,4640,30,5546,California
Lassen,2021-04-22,94,9699,14,1190,80,7877,0,632,28,868,66,4706,28,5574,California
Lassen,2021-04-23,21,9720,0,1190,21,7898,0,632,18,883,3,4709,18,5592,California
Lassen,2021-04-24,9,9729,5,1195,4,7902,0,632,3,880,6,4715,3,5595,California
Lassen,2021-04-25,5,9734,0,1195,4,7906,1,633,3,882,2,4717,4,5599,California
Lassen,2021-04-26,40,9774,1,1196,35,7941,4,637,8,862,32,4749,12,5611,California
Lassen,2021-04-27,107,9881,5,1201,99,8040,3,640,55,868,52,4801,58,5669,California
Lassen,2021-04-28,81,9962,6,1207,73,8113,2,642,29,847,52,4853,31,5700,California
Lassen,2021-04-29,59,10021,5,1212,51,8164,3,645,20,832,38,4891,23,5723,California
Lassen,2021-04-30,12,10033,7,1219,2,8166,3,648,3,829,9,4900,6,5729,California
Lassen,2021-05-01,4,10037,0,1219,3,8169,1,649,3,832,1,4901,4,5733,California
Lassen,2021-05-02,10,10047,6,1225,4,8173,0,649,6,834,4,4905,6,5739,California
Lassen,2021-05-03,17,10064,2,1227,9,8182,6,655,2,827,15,4920,8,5747,California
Lassen,2021-05-04,67,10131,2,1229,58,8240,7,662,19,805,48,4968,26,5773,California
Lassen,2021-05-05,80,10211,4,1233,65,8305,11,673,25,787,54,5022,36,5809,California
Lassen,2021-05-06,69,10280,17,1250,30,8335,22,695,17,774,52,5074,39,5848,California
Lassen,2021-05-07,48,10328,32,1282,11,8346,5,700,41,813,7,5081,46,5894,California
Lassen,2021-05-08,11,10339,0,1282,5,8351,6,706,4,816,7,5088,10,5904,California
Lassen,2021-05-09,1,10340,0,1282,0,8351,1,707,0,816,1,5089,1,5905,California
Lassen,2021-05-10,11,10351,1,1283,7,8358,3,710,5,818,6,5095,8,5913,California
Lassen,2021-05-11,57,10408,0,1283,49,8407,8,718,17,803,40,5135,25,5938,California
Lassen,2021-05-12,40,10448,3,1286,32,8439,5,723,13,794,27,5162,18,5956,California
Lassen,2021-05-13,25,10473,8,1294,12,8451,5,728,7,788,18,5180,12,5968,California
Lassen,2021-05-14,20,10493,3,1297,9,8460,8,736,11,798,9,5189,19,5987,California
Lassen,2021-05-15,16,10509,2,1299,4,8464,10,746,4,800,12,5201,14,6001,California
Lassen,2021-05-16,7,10516,2,1301,3,8467,2,748,2,800,4,5205,4,6005,California
Lassen,2021-05-17,34,10550,3,1304,19,8486,12,760,10,798,24,5229,22,6027,California
Lassen,2021-05-18,83,10633,6,1310,65,8551,12,772,23,773,60,5289,35,6062,California
Lassen,2021-05-19,52,10685,2,1312,41,8592,9,781,7,744,44,5333,15,6077,California
Lassen,2021-05-20,33,10718,8,1320,16,8608,9,790,12,744,21,5354,21,6098,California
Lassen,2021-05-21,62,10780,28,1348,20,8628,14,804,33,762,29,5383,47,6145,California
Lassen,2021-05-22,17,10797,2,1350,7,8635,8,812,7,767,10,5393,15,6160,California
Lassen,2021-05-23,5,10802,3,1353,1,8636,1,813,0,763,5,5398,1,6161,California
Lassen,2021-05-24,12,10814,1,1354,9,8645,2,815,6,766,5,5403,8,6169,California
Lassen,2021-05-25,90,10904,6,1360,75,8720,9,824,32,749,58,5461,41,6210,California
Lassen,2021-05-26,57,10961,0,1360,42,8762,15,839,11,729,46,5507,26,6236,California
Lassen,2021-05-27,41,11002,17,1377,18,8780,6,845,12,719,28,5535,18,6254,California
Lassen,2021-05-28,70,11072,44,1421,18,8798,8,853,29,715,41,5576,37,6291,California
Lassen,2021-05-29,15,11087,1,1422,12,8810,2,855,9,720,6,5582,11,6302,California
Lassen,2021-05-30,2,11089,0,1422,1,8811,1,856,1,721,1,5583,2,6304,California
Lassen,2021-05-31,7,11096,0,1422,6,8817,1,857,1,717,6,5589,2,6306,California
Lassen,2021-06-01,43,11139,1,1423,36,8853,6,863,16,712,27,5616,22,6328,California
Lassen,2021-06-02,51,11190,2,1425,35,8888,14,877,12,700,38,5654,26,6354,California
Lassen,2021-06-03,20,11210,2,1427,9,8897,9,886,7,703,13,5667,16,6370,California
Lassen,2021-06-04,36,11246,1,1428,23,8920,12,898,11,701,25,5692,23,6393,California
Lassen,2021-06-05,14,11260,3,1431,7,8927,4,902,4,699,10,5702,8,6401,California
Lassen,2021-06-06,5,11265,0,1431,2,8929,3,905,1,699,4,5706,4,6405,California
Lassen,2021-06-07,16,11281,0,1431,8,8937,8,913,3,697,13,5719,11,6416,California
Lassen,2021-06-08,35,11316,4,1435,27,8964,4,917,14,694,21,5740,18,6434,California
Lassen,2021-06-09,17,11333,1,1436,14,8978,2,919,7,694,9,5749,9,6443,California
Lassen,2021-06-10,19,11352,10,1446,7,8985,2,921,10,697,9,5758,12,6455,California
Lassen,2021-06-11,33,11385,24,1470,9,8994,0,921,8,680,25,5783,8,6463,California
Lassen,2021-06-12,4,11389,0,1470,4,8998,0,921,1,678,3,5786,1,6464,California
Los Angeles,2020-12-15,397,397,397,397,0,0,0,0,397,397,0,0,397,397,California
Los Angeles,2020-12-16,3581,3978,3581,3978,0,0,0,0,3581,3978,0,0,3581,3978,California
Los Angeles,2020-12-17,10402,14380,10402,14380,0,0,0,0,10403,14381,0,0,10403,14381,California
Los Angeles,2020-12-18,14595,28975,14572,28952,23,23,0,0,14595,28976,0,0,14595,28976,California
Los Angeles,2020-12-19,7230,36205,7221,36173,9,32,0,0,7233,36209,0,0,7233,36209,California
Los Angeles,2020-12-20,4620,40825,4611,40784,9,41,0,0,4622,40831,0,0,4622,40831,California
Los Angeles,2020-12-21,13737,54562,13720,54504,17,58,0,0,13737,54567,1,1,13737,54568,California
Los Angeles,2020-12-22,11570,66132,11176,65680,394,452,0,0,11570,66135,2,3,11570,66138,California
Los Angeles,2020-12-23,11988,78120,10212,75892,1776,2228,0,0,11989,78124,0,3,11989,78127,California
Los Angeles,2020-12-24,7054,85174,4275,80167,2779,5007,0,0,7057,85181,0,3,7057,85184,California
Los Angeles,2020-12-25,529,85703,422,80589,107,5114,0,0,530,85711,0,3,530,85714,California
Los Angeles,2020-12-26,2537,88240,2192,82781,345,5459,0,0,2536,88245,2,5,2536,88250,California
Los Angeles,2020-12-27,1775,90015,1036,83817,739,6198,0,0,1775,90020,0,5,1775,90025,California
Los Angeles,2020-12-28,10368,100383,6418,90235,3950,10148,0,0,10365,100384,1,6,10365,100390,California
Los Angeles,2020-12-29,11665,112048,6116,96351,5549,15697,0,0,11665,112049,0,6,11665,112055,California
Los Angeles,2020-12-30,14938,126986,8122,104473,6816,22513,0,0,14937,126986,0,6,14937,126992,California
Los Angeles,2020-12-31,7995,134981,2779,107252,5216,27729,0,0,7991,134974,3,9,7991,134983,California
Los Angeles,2021-01-01,1071,136052,309,107561,762,28491,0,0,1069,136041,2,11,1069,136052,California
Los Angeles,2021-01-02,4492,140544,1679,109240,2813,31304,0,0,4492,140533,0,11,4492,140544,California
Los Angeles,2021-01-03,964,141508,224,109464,740,32044,0,0,962,141493,2,13,962,141506,California
Los Angeles,2021-01-04,12734,154242,4895,114359,7839,39883,0,0,12719,154210,2,15,12719,154225,California
Los Angeles,2021-01-05,16115,170357,7122,121481,8993,48876,0,0,14195,166520,1891,1906,14201,168426,California
Los Angeles,2021-01-06,22777,193134,12122,133603,10655,59531,0,0,17112,178046,5596,7502,17122,185548,California
Los Angeles,2021-01-07,29450,222584,15846,149449,13604,73135,0,0,18866,186392,10536,18038,18882,204430,California
Los Angeles,2021-01-08,33246,255830,17966,167415,15280,88415,0,0,20951,195085,12269,30307,20962,225392,California
Los Angeles,2021-01-09,12437,268267,7109,174524,5328,93743,0,0,7544,197746,4890,35197,7551,232943,California
Los Angeles,2021-01-10,4707,272974,3650,178174,1057,94800,0,0,1969,196978,2738,37935,1970,234913,California
Los Angeles,2021-01-11,25912,298886,16308,194482,9604,104404,0,0,14934,200956,10966,48901,14944,249857,California
Los Angeles,2021-01-12,29437,328323,16241,210723,13196,117600,0,0,19276,210102,10144,59045,19290,269147,California
Los Angeles,2021-01-13,29398,357721,15682,226405,13716,131316,0,0,20401,221532,8978,68023,20408,289555,California
Los Angeles,2021-01-14,29373,387094,12742,239147,16631,147947,0,0,23816,239826,5536,73559,23830,313385,California
Los Angeles,2021-01-15,33973,421067,12399,251546,21574,169521,0,0,30381,266649,3567,77126,30390,343775,California
Los Angeles,2021-01-16,17690,438757,5000,256546,12690,182211,0,0,15894,280762,1787,78913,15900,359675,California
Los Angeles,2021-01-17,5232,443989,2335,258881,2897,185108,0,0,4984,285501,247,79160,4986,364661,California
Los Angeles,2021-01-18,15706,459695,10144,269025,5562,190670,0,0,10958,291726,4736,83896,10961,375622,California
Los Angeles,2021-01-19,38760,498455,20654,289679,18106,208776,0,0,30912,314845,7806,91702,30925,406547,California
Los Angeles,2021-01-20,46613,545068,24263,313942,22350,231126,0,0,39085,346446,7496,99198,39097,445644,California
Los Angeles,2021-01-21,49075,594143,22487,336429,26588,257714,0,0,44750,386959,4257,103455,44770,490414,California
Los Angeles,2021-01-22,48446,642589,22453,358882,25993,283707,0,0,44981,428537,3417,106872,44995,535409,California
Los Angeles,2021-01-23,34306,676895,15820,374702,18486,302193,0,0,32226,458728,2049,108921,32240,567649,California
Los Angeles,2021-01-24,15766,692661,12235,386937,3531,305724,0,0,15212,473398,545,109466,15215,582864,California
Los Angeles,2021-01-25,39640,732301,16742,403679,22898,328622,0,0,30961,495729,8646,118112,30977,613841,California
Los Angeles,2021-01-26,49918,782219,24793,428472,25125,353747,0,0,41654,529177,8227,126339,41675,655516,California
Los Angeles,2021-01-27,51382,833601,26121,454593,25261,379008,0,0,41930,561824,9310,135649,41957,697473,California
Los Angeles,2021-01-28,49386,882987,23730,478323,25656,404664,0,0,40898,594378,8365,144014,40919,738392,California
Los Angeles,2021-01-29,50093,933080,25911,504234,24182,428846,0,0,39955,624568,9783,153797,39973,778365,California
Los Angeles,2021-01-30,30652,963732,15880,520114,14772,443618,0,0,26314,646635,4256,158053,26323,804688,California
Los Angeles,2021-01-31,13259,976991,10586,530700,2673,446291,0,0,12433,658260,812,158865,12437,817125,California
Los Angeles,2021-02-01,38892,1015883,16686,547386,22206,468497,0,0,28315,676047,10539,169404,28326,845451,California
Los Angeles,2021-02-02,44922,1060805,18153,565539,26769,495266,0,0,32701,696576,12178,181582,32707,878158,California
Los Angeles,2021-02-03,52485,1113290,19753,585292,32732,527998,0,0,37548,719439,14692,196274,37555,915713,California
Los Angeles,2021-02-04,57426,1170716,20867,606159,36559,564557,0,0,39322,740982,17793,214067,39336,955049,California
Los Angeles,2021-02-05,61831,1232547,21322,627481,40509,605066,0,0,39730,759071,21653,235720,39742,994791,California
Los Angeles,2021-02-06,35940,1268487,13662,641143,22278,627344,0,0,27449,778130,8412,244132,27471,1022262,California
Los Angeles,2021-02-07,11131,1279618,8690,649833,2441,629785,0,0,8735,784492,2380,246512,8742,1031004,California
Los Angeles,2021-02-08,47575,1327193,22220,672053,25355,655140,0,0,31276,799609,16161,262673,31278,1062282,California
Los Angeles,2021-02-09,56151,1383344,24897,696950,31254,686394,0,0,28617,800783,27451,290124,28625,1090907,California
Los Angeles,2021-02-10,67178,1450522,29515,726465,37663,724057,0,0,30812,795625,35981,326105,30823,1121730,California
Los Angeles,2021-02-11,58551,1509073,31343,757808,27208,751265,0,0,28321,794173,29778,355883,28326,1150056,California
Los Angeles,2021-02-12,60041,1569114,29974,787782,30067,781332,0,0,26251,787022,33420,389303,26269,1176325,California
Los Angeles,2021-02-13,33923,1603037,19797,807579,14126,795458,0,0,15444,784118,18389,407692,15485,1191810,California
Los Angeles,2021-02-14,21851,1624888,14909,822488,6942,802400,0,0,8784,779902,13003,420695,8787,1200597,California
Los Angeles,2021-02-15,33069,1657957,16093,838581,16976,819376,0,0,18103,783112,14899,435594,18109,1218706,California
Los Angeles,2021-02-16,64631,1722588,32966,871547,31665,851041,0,0,29931,778460,34596,470190,29944,1248650,California
Los Angeles,2021-02-17,65359,1787947,34955,906502,30404,881445,0,0,26560,766422,38604,508794,26566,1275216,California
Los Angeles,2021-02-18,69065,1857012,35240,941742,33825,915270,0,0,28704,754965,40170,548964,28713,1303929,California
Los Angeles,2021-02-19,58843,1915855,36421,978163,22422,937692,0,0,28689,753628,30043,579007,28706,1332635,California
Los Angeles,2021-02-20,33326,1949181,24329,1002492,8997,946689,0,0,15949,752260,17326,596333,15958,1348593,California
Los Angeles,2021-02-21,22583,1971764,20904,1023396,1679,948368,0,0,11140,752027,11377,607710,11144,1359737,California
Los Angeles,2021-02-22,34852,2006616,25423,1048819,9429,957797,0,0,17918,753107,16850,624560,17930,1377667,California
Los Angeles,2021-02-23,55261,2061877,23944,1072763,31317,989114,0,0,21643,741266,33495,658055,21654,1399321,California
Los Angeles,2021-02-24,65362,2127239,29159,1101922,36203,1025317,0,0,28135,732374,37045,695100,28153,1427474,California
Los Angeles,2021-02-25,74533,2201772,34190,1136112,40343,1065660,0,0,38318,734660,36045,731145,38331,1465805,California
Los Angeles,2021-02-26,84103,2285875,38988,1175100,45115,1110775,0,0,47085,744990,36784,767929,47114,1512919,California
Los Angeles,2021-02-27,60671,2346546,26810,1201910,33854,1144629,7,7,30897,746317,29600,797529,30927,1543846,California
Los Angeles,2021-02-28,27159,2373705,18768,1220678,8388,1153017,3,10,18952,757178,8100,805629,18961,1562807,California
Los Angeles,2021-03-01,57513,2431218,32829,1253507,24651,1177668,33,43,34350,768606,22973,828602,34401,1597208,California
Los Angeles,2021-03-02,77955,2509173,37923,1291430,40027,1217695,5,48,49037,788889,28771,857373,49054,1646262,California
Los Angeles,2021-03-03,85051,2594224,43437,1334867,41599,1259294,15,63,53709,811477,31159,888532,53747,1700009,California
Los Angeles,2021-03-04,90982,2685206,46797,1381664,44171,1303465,14,77,57368,835455,33423,921955,57401,1757410,California
Los Angeles,2021-03-05,90241,2775447,44542,1426206,45666,1349131,33,110,60379,866246,29657,951612,60448,1817858,California
Los Angeles,2021-03-06,67476,2842923,34389,1460595,31256,1380387,1831,1941,43503,887757,23824,975436,45335,1863193,California
Los Angeles,2021-03-07,27313,2870236,20806,1481401,5671,1386058,836,2777,21146,903598,6135,981571,21976,1885169,California
Los Angeles,2021-03-08,52880,2923116,27943,1509344,22961,1409019,1976,4753,39930,932658,12842,994413,41902,1927071,California
Los Angeles,2021-03-09,81565,3004681,38759,1548103,39513,1448532,3293,8046,51921,958366,29493,1023906,55201,1982272,California
Los Angeles,2021-03-10,83243,3087924,40956,1589059,37400,1485932,4887,12933,52643,985427,30427,1054333,57488,2039760,California
Los Angeles,2021-03-11,92927,3180851,45393,1634452,40834,1526766,6700,19633,54390,1008131,38339,1092672,61043,2100803,California
Los Angeles,2021-03-12,99142,3279993,44670,1679122,40549,1567315,13923,33556,57744,1038550,41188,1133860,71607,2172410,California
Los Angeles,2021-03-13,75856,3355849,35849,1714971,28034,1595349,11973,45529,45324,1065377,30413,1164273,57240,2229650,California
Los Angeles,2021-03-14,39164,3395013,26323,1741294,10292,1605641,2549,48078,24041,1076889,15054,1179327,26566,2256216,California
Los Angeles,2021-03-15,75056,3470069,36641,1777935,32964,1638605,5451,53529,45456,1098360,29407,1208734,50878,2307094,California
Los Angeles,2021-03-16,100049,3570118,43796,1821731,50365,1688970,5888,59417,64774,1133896,35076,1243810,70612,2377706,California
Los Angeles,2021-03-17,97352,3667470,44133,1865864,44894,1733864,8325,67742,65106,1175159,32033,1275843,73296,2451002,California
Los Angeles,2021-03-18,102015,3769485,48777,1914641,47898,1781762,5340,73082,64730,1208221,36989,1312832,70051,2521053,California
Los Angeles,2021-03-19,109288,3878773,56992,1971633,47516,1829278,4780,77862,67340,1238618,41675,1354507,72072,2593125,California
Los Angeles,2021-03-20,76448,3955221,37780,2009413,34082,1863360,4586,82448,51875,1270678,24383,1378890,56443,2649568,California
Los Angeles,2021-03-21,34664,3989885,25778,2035191,7985,1871345,901,83349,22226,1281487,12316,1391206,23125,2672693,California
Los Angeles,2021-03-22,70966,4060851,41676,2076867,27116,1898461,2174,85523,49777,1312511,20921,1412127,51945,2724638,California
Los Angeles,2021-03-23,96510,4157361,52169,2129036,41095,1939556,3246,88769,58406,1336321,37828,1449955,61638,2786276,California
Los Angeles,2021-03-24,105109,4262470,55744,2184780,46199,1985755,3166,91935,60819,1356328,43963,1493918,63970,2850246,California
Los Angeles,2021-03-25,110795,4373265,59347,2244127,47541,2033296,3907,95842,62225,1374178,48260,1542178,66110,2916356,California
Los Angeles,2021-03-26,115404,4488669,63254,2307381,47972,2081268,4178,100020,63621,1390455,51491,1593669,67768,2984124,California
Los Angeles,2021-03-27,83664,4572333,44044,2351425,37486,2118754,2134,102154,42692,1394574,40703,1634372,44822,3028946,California
Los Angeles,2021-03-28,42265,4614598,28673,2380098,13007,2131761,585,102739,20072,1393165,22064,1656436,20655,3049601,California
Los Angeles,2021-03-29,83130,4697728,46735,2426833,34621,2166382,1774,104513,46123,1404264,36789,1693225,47888,3097489,California
Los Angeles,2021-03-30,109044,4806772,51977,2478810,51122,2217504,5945,110458,56955,1415280,51848,1745073,62864,3160353,California
Los Angeles,2021-03-31,122792,4929564,62042,2540852,51913,2269417,8837,119295,68631,1438849,53841,1798914,77410,3237763,California
Los Angeles,2021-04-01,133587,5063151,62467,2603319,55679,2325096,15441,134736,72030,1465037,61200,1860114,87388,3325151,California
Los Angeles,2021-04-02,132512,5195663,59038,2662357,57899,2382995,15575,150311,70483,1489367,61678,1921792,86008,3411159,California
Los Angeles,2021-04-03,98739,5294402,45216,2707573,39868,2422863,13655,163966,48545,1501497,49999,1971791,62129,3473288,California
Los Angeles,2021-04-04,39253,5333655,20546,2728119,12067,2434930,6640,170606,16375,1501679,22791,1994582,22973,3496261,California
Los Angeles,2021-04-05,94074,5427729,44479,2772598,39279,2474209,10316,180922,44578,1507219,49280,2043862,54820,3551081,California
Los Angeles,2021-04-06,121347,5549076,57107,2829705,43872,2518081,20368,201290,55573,1517524,65507,2109369,75812,3626893,California
Los Angeles,2021-04-07,120492,5669568,54563,2884268,44701,2562782,21228,222518,54468,1527334,65753,2175122,75563,3702456,California
Los Angeles,2021-04-08,133317,5802885,58534,2942802,50586,2613368,24197,246715,60215,1538799,72775,2247897,84240,3786696,California
Los Angeles,2021-04-09,131913,5934798,56970,2999772,50893,2664261,24050,270765,56537,1544177,75056,2322953,80434,3867130,California
Los Angeles,2021-04-10,101860,6036658,43032,3042804,34653,2698914,24175,294940,37292,1541191,64314,2387267,61328,3928458,California
Los Angeles,2021-04-11,41906,6078564,22644,3065448,9741,2708655,9521,304461,14299,1537431,27520,2414787,23760,3952218,California
Los Angeles,2021-04-12,79276,6157840,38699,3104147,34170,2742825,6407,310868,32443,1529605,46612,2461399,38786,3991004,California
Los Angeles,2021-04-13,117883,6275723,59238,3163385,58209,2801034,436,311304,62208,1536851,55416,2516815,62662,4053666,California
Los Angeles,2021-04-14,119540,6395263,59599,3222984,59808,2860842,133,311437,64840,1547424,54420,2571235,64993,4118659,California
Los Angeles,2021-04-15,130673,6525936,70483,3293467,59997,2920839,193,311630,74893,1566916,55488,2626723,74980,4193639,California
Los Angeles,2021-04-16,130412,6656348,68752,3362219,61516,2982355,144,311774,68648,1574194,61469,2688192,68747,4262386,California
Los Angeles,2021-04-17,98442,6754790,51443,3413662,46970,3029325,29,311803,56177,1588357,42041,2730233,56204,4318590,California
Los Angeles,2021-04-18,34155,6788945,22631,3436293,11523,3040848,1,311804,18681,1591655,15389,2745622,18687,4337277,California
Los Angeles,2021-04-19,75012,6863957,39739,3476032,35260,3076108,13,311817,33281,1583431,41527,2787149,33303,4370580,California
Los Angeles,2021-04-20,103021,6966978,50125,3526157,52874,3128982,22,311839,51124,1582933,51646,2838795,51148,4421728,California
Los Angeles,2021-04-21,109678,7076656,52450,3578607,57041,3186023,187,312026,48328,1570433,61015,2899810,48515,4470243,California
Los Angeles,2021-04-22,116502,7193158,59738,3638345,56731,3242754,33,312059,51338,1556968,64840,2964650,51375,4521618,California
Los Angeles,2021-04-23,114583,7307741,62502,3700847,52060,3294814,21,312080,54306,1551320,59973,3024623,54325,4575943,California
Los Angeles,2021-04-24,90256,7397997,57413,3758260,32803,3327617,40,312120,50447,1562241,39575,3064198,50496,4626439,California
Los Angeles,2021-04-25,37792,7435789,25029,3783289,12757,3340374,6,312126,20350,1565263,17333,3081531,20355,4646794,California
Los Angeles,2021-04-26,77717,7513506,40133,3823422,37077,3377451,507,312633,38438,1565141,39062,3120593,38940,4685734,California
Los Angeles,2021-04-27,92866,7606372,44369,3867791,46528,3423979,1969,314602,35382,1545282,57200,3177793,37341,4723075,California
Los Angeles,2021-04-28,86246,7692618,41134,3908925,43018,3466997,2094,316696,34055,1529564,51856,3229649,36138,4759213,California
Los Angeles,2021-04-29,91555,7784173,45254,3954179,44120,3511117,2181,318877,32434,1505437,58731,3288380,34604,4793817,California
Los Angeles,2021-04-30,99358,7883531,49014,4003193,47927,3559044,2417,321294,35820,1480546,63111,3351491,38220,4832037,California
Los Angeles,2021-05-01,75349,7958880,42136,4045329,31700,3590744,1513,322807,28348,1463707,46692,3398183,29853,4861890,California
Los Angeles,2021-05-02,27999,7986879,17975,4063304,9289,3600033,735,323542,10149,1456852,17735,3415918,10880,4872770,California
Los Angeles,2021-05-03,61353,8048232,29842,4093146,29338,3629371,2173,325715,21910,1441729,39192,3455110,24069,4896839,California
Los Angeles,2021-05-04,85659,8133891,47138,4140284,36275,3665646,2246,327961,26352,1411310,58999,3514109,28580,4925419,California
Los Angeles,2021-05-05,88690,8222581,51480,4191764,34870,3700516,2340,330301,24384,1374048,63976,3578085,26714,4952133,California
Los Angeles,2021-05-06,96415,8318996,57884,4249648,36018,3736534,2513,332814,22971,1326448,73065,3651150,25465,4977598,California
Los Angeles,2021-05-07,95765,8414761,56904,4306552,36514,3773048,2347,335161,26232,1285815,69184,3720334,28551,5006149,California
Los Angeles,2021-05-08,63872,8478633,42128,4348680,20131,3793179,1613,336774,17494,1258840,46070,3766404,19095,5025244,California
Los Angeles,2021-05-09,23672,8502305,18019,4366699,4915,3798094,738,337512,6034,1248064,17541,3783945,6765,5032009,California
Los Angeles,2021-05-10,48864,8551169,25659,4392358,21344,3819438,1861,339373,14885,1231043,33758,3817703,16737,5048746,California
Los Angeles,2021-05-11,68632,8619801,36700,4429058,29829,3849267,2103,341476,17801,1200345,50576,3868279,19878,5068624,California
Los Angeles,2021-05-12,70489,8690290,38208,4467266,30008,3879275,2273,343749,20464,1173331,49726,3918005,22712,5091336,California
Los Angeles,2021-05-13,75055,8765345,45402,4512668,27960,3907235,1693,345442,27221,1154771,47456,3965461,28896,5120232,California
Los Angeles,2021-05-14,86983,8852328,55120,4567788,30044,3937279,1819,347261,32864,1135650,53790,4019251,34669,5154901,California
Los Angeles,2021-05-15,73864,8926192,52191,4619979,20180,3957459,1493,348754,28441,1120417,45156,4064407,29923,5184824,California
Los Angeles,2021-05-16,30477,8956669,24101,4644080,5772,3963231,604,349358,12033,1114702,18349,4082756,12634,5197458,California
Los Angeles,2021-05-17,61248,9017917,39916,4683996,19590,3982821,1742,351100,25118,1105641,35897,4118653,26836,5224294,California
Los Angeles,2021-05-18,64379,9082296,38161,4722157,24429,4007250,1789,352889,25884,1095054,38227,4156880,27640,5251934,California
Los Angeles,2021-05-19,67109,9149405,40507,4762664,24778,4032028,1824,354713,29367,1088749,37480,4194360,31175,5283109,California
Los Angeles,2021-05-20,65702,9215107,36703,4799367,26928,4058956,2071,356784,25451,1076384,39880,4234240,27515,5310624,California
Los Angeles,2021-05-21,69511,9284618,42220,4841587,25235,4084191,2056,358840,27798,1064874,41353,4275593,29843,5340467,California
Los Angeles,2021-05-22,56772,9341390,37080,4878667,18046,4102237,1646,360486,23071,1056107,33474,4309067,24707,5365174,California
Los Angeles,2021-05-23,23332,9364722,16068,4894735,6427,4108664,837,361323,10422,1054569,12791,4321858,11253,5376427,California
Los Angeles,2021-05-24,48092,9412814,26407,4921142,19842,4128506,1843,363166,18195,1044935,29659,4351517,20025,5396452,California
Los Angeles,2021-05-25,49381,9462195,28624,4949766,19005,4147511,1752,364918,19285,1036107,29858,4381375,21030,5417482,California
Los Angeles,2021-05-26,46676,9508871,26414,4976180,18439,4165950,1823,366741,19846,1031244,26414,4407789,21551,5439033,California
Los Angeles,2021-05-27,45078,9553949,25186,5001366,18021,4183971,1871,368612,18979,1026176,25871,4433660,20803,5459836,California
Los Angeles,2021-05-28,51732,9605681,29359,5030725,20503,4204474,1870,370482,23249,1023076,28205,4461865,25105,5484941,California
Los Angeles,2021-05-29,30155,9635836,17451,5048176,11669,4216143,1035,371517,14233,1022596,15737,4477602,15257,5500198,California
Los Angeles,2021-05-30,12441,9648277,8178,5056354,3539,4219682,724,372241,5943,1022811,6446,4484048,6661,5506859,California
Los Angeles,2021-05-31,5985,9654262,3708,5060062,1973,4221655,304,372545,1709,1020596,4225,4488273,2010,5508869,California
Los Angeles,2021-06-01,45775,9700037,25687,5085749,18532,4240187,1556,374101,17731,1012143,27717,4515990,19264,5528133,California
Los Angeles,2021-06-02,38098,9738135,22071,5107820,14583,4254770,1444,375545,15324,1006392,22496,4538486,16745,5544878,California
Los Angeles,2021-06-03,42351,9780486,28008,5135828,12774,4267544,1569,377114,15263,996354,26834,4565320,16796,5561674,California
Los Angeles,2021-06-04,51677,9832163,34948,5170776,15076,4282620,1653,378767,17365,981377,33975,4599295,18998,5580672,California
Los Angeles,2021-06-05,42025,9874188,30186,5200962,10479,4293099,1360,380127,12872,966619,28974,4628269,14216,5594888,California
Los Angeles,2021-06-06,14578,9888766,12034,5212996,1816,4294915,728,380855,4083,961000,10424,4638693,4805,5599693,California
Los Angeles,2021-06-07,36288,9925054,25933,5238929,8926,4303841,1429,382284,11724,949763,24377,4663070,13140,5612833,California
Los Angeles,2021-06-08,37651,9962705,25910,5264839,10177,4314018,1564,383848,12847,939638,24520,4687590,14395,5627228,California
Los Angeles,2021-06-09,30353,9993058,21608,5286447,7579,4321597,1166,385014,8270,927182,21876,4709466,9420,5636648,California
Los Angeles,2021-06-10,26292,10019350,18320,5304767,6720,4328317,1252,386266,7977,918262,18136,4727602,9216,5645864,California
Los Angeles,2021-06-11,26727,10046077,17899,5322666,7554,4335871,1274,387540,8241,909512,18255,4745857,9505,5655369,California
Los Angeles,2021-06-12,23147,10069224,16807,5339473,5329,4341200,1011,388551,6369,900231,16655,4762512,7374,5662743,California
Los Angeles,2021-06-13,3909,10073133,3226,5342699,424,4341624,259,388810,762,898126,3122,4765634,1017,5663760,California
Madera,2020-12-16,21,21,21,21,0,0,0,0,21,21,0,0,21,21,California
Madera,2020-12-17,12,33,12,33,0,0,0,0,12,33,0,0,12,33,California
Madera,2020-12-18,60,93,60,93,0,0,0,0,60,93,0,0,60,93,California
Madera,2020-12-19,5,98,5,98,0,0,0,0,5,98,0,0,5,98,California
Madera,2020-12-20,13,111,13,111,0,0,0,0,13,111,0,0,13,111,California
Madera,2020-12-21,60,171,60,171,0,0,0,0,60,171,0,0,60,171,California
Madera,2020-12-22,94,265,92,263,2,2,0,0,94,265,0,0,94,265,California
Madera,2020-12-23,67,332,67,330,0,2,0,0,67,332,0,0,67,332,California
Madera,2020-12-24,43,375,38,368,5,7,0,0,43,375,0,0,43,375,California
Madera,2020-12-26,27,402,26,394,1,8,0,0,27,402,0,0,27,402,California
Madera,2020-12-27,27,429,12,406,15,23,0,0,27,429,0,0,27,429,California
Madera,2020-12-28,107,536,36,442,71,94,0,0,107,536,0,0,107,536,California
Madera,2020-12-29,174,710,37,479,137,231,0,0,174,710,0,0,174,710,California
Madera,2020-12-30,223,933,87,566,136,367,0,0,223,933,0,0,223,933,California
Madera,2020-12-31,202,1135,80,646,122,489,0,0,202,1135,0,0,202,1135,California
Madera,2021-01-01,2,1137,1,647,1,490,0,0,2,1137,0,0,2,1137,California
Madera,2021-01-02,88,1225,33,680,55,545,0,0,88,1225,0,0,88,1225,California
Madera,2021-01-03,4,1229,4,684,0,545,0,0,4,1229,0,0,4,1229,California
Madera,2021-01-04,128,1357,65,749,63,608,0,0,128,1357,0,0,128,1357,California
Madera,2021-01-05,279,1636,143,892,136,744,0,0,275,1628,4,4,275,1632,California
Madera,2021-01-06,183,1819,26,918,157,901,0,0,164,1773,19,23,164,1796,California
Madera,2021-01-07,398,2217,115,1033,283,1184,0,0,376,2128,22,45,377,2173,California
Madera,2021-01-08,420,2637,71,1104,349,1533,0,0,365,2440,54,99,366,2539,California
Madera,2021-01-09,36,2673,14,1118,22,1555,0,0,27,2458,9,108,27,2566,California
Madera,2021-01-10,17,2690,14,1132,3,1558,0,0,5,2451,12,120,5,2571,California
Madera,2021-01-11,240,2930,192,1324,48,1606,0,0,199,2609,41,161,199,2770,California
Madera,2021-01-12,387,3317,156,1480,231,1837,0,0,284,2790,103,264,284,3054,California
Madera,2021-01-13,180,3497,90,1570,90,1927,0,0,126,2863,54,318,127,3181,California
Madera,2021-01-14,552,4049,80,1650,472,2399,0,0,520,3351,32,350,520,3701,California
Madera,2021-01-15,597,4646,157,1807,440,2839,0,0,576,3906,21,371,576,4277,California
Madera,2021-01-16,385,5031,49,1856,336,3175,0,0,357,4235,28,399,357,4634,California
Madera,2021-01-17,336,5367,15,1871,321,3496,0,0,332,4563,4,403,332,4966,California
Madera,2021-01-18,78,5445,62,1933,16,3512,0,0,59,4604,18,421,59,5025,California
Madera,2021-01-19,571,6016,134,2067,437,3949,0,0,544,5122,27,448,545,5570,California
Madera,2021-01-20,238,6254,80,2147,158,4107,0,0,210,5305,27,475,210,5780,California
Madera,2021-01-21,238,6492,128,2275,110,4217,0,0,204,5477,32,507,204,5984,California
Madera,2021-01-22,257,6749,81,2356,176,4393,0,0,242,5704,15,522,242,6226,California
Madera,2021-01-23,100,6849,53,2409,47,4440,0,0,76,5756,24,546,76,6302,California
Madera,2021-01-24,97,6946,81,2490,16,4456,0,0,78,5815,19,565,78,6380,California
Madera,2021-01-25,271,7217,126,2616,145,4601,0,0,147,5838,124,689,147,6527,California
Madera,2021-01-26,491,7708,189,2805,302,4903,0,0,300,5949,190,879,301,6828,California
Madera,2021-01-27,742,8450,63,2868,679,5582,0,0,605,6419,137,1016,607,7435,California
Madera,2021-01-28,546,8996,108,2976,438,6020,0,0,441,6756,105,1121,442,7877,California
Madera,2021-01-29,468,9464,94,3070,374,6394,0,0,413,7114,55,1176,413,8290,California
Madera,2021-01-30,504,9968,16,3086,488,6882,0,0,451,7512,53,1229,451,8741,California
Madera,2021-01-31,9,9977,6,3092,3,6885,0,0,8,7519,1,1230,8,8749,California
Madera,2021-02-01,333,10310,147,3239,186,7071,0,0,207,7600,126,1356,207,8956,California
Madera,2021-02-02,256,10566,89,3328,167,7238,0,0,162,7670,93,1449,163,9119,California
Madera,2021-02-03,595,11161,461,3789,134,7372,0,0,476,8030,117,1566,477,9596,California
Madera,2021-02-04,395,11556,126,3915,269,7641,0,0,117,7871,277,1843,118,9714,California
Madera,2021-02-05,982,12538,302,4217,680,8321,0,0,376,7648,600,2443,377,10091,California
Madera,2021-02-06,365,12903,331,4548,34,8355,0,0,325,7934,39,2482,325,10416,California
Madera,2021-02-07,34,12937,6,4554,28,8383,0,0,29,7958,5,2487,29,10445,California
Madera,2021-02-08,387,13324,311,4865,76,8459,0,0,270,8112,116,2603,270,10715,California
Madera,2021-02-09,485,13809,118,4983,367,8826,0,0,203,8037,279,2882,204,10919,California
Madera,2021-02-10,434,14243,148,5131,286,9112,0,0,332,8267,102,2984,332,11251,California
Madera,2021-02-11,936,15179,308,5439,628,9740,0,0,404,8142,530,3514,405,11656,California
Madera,2021-02-12,839,16018,115,5554,724,10464,0,0,311,7934,522,4036,314,11970,California
Madera,2021-02-13,485,16503,44,5598,441,10905,0,0,138,7729,346,4382,141,12111,California
Madera,2021-02-14,400,16903,74,5672,326,11231,0,0,136,7602,264,4646,137,12248,California
Madera,2021-02-15,246,17149,100,5772,146,11377,0,0,175,7707,70,4716,175,12423,California
Madera,2021-02-16,776,17925,179,5951,597,11974,0,0,229,7392,545,5261,230,12653,California
Madera,2021-02-17,614,18539,277,6228,337,12311,0,0,342,7471,265,5526,344,12997,California
Madera,2021-02-18,1299,19838,538,6766,761,13072,0,0,1120,8414,178,5704,1121,14118,California
Madera,2021-02-19,858,20696,541,7307,317,13389,0,0,715,8987,143,5847,716,14834,California
Madera,2021-02-20,1075,21771,985,8292,90,13479,0,0,1003,9920,71,5918,1004,15838,California
Madera,2021-02-21,964,22735,822,9114,142,13621,0,0,959,10874,5,5923,959,16797,California
Madera,2021-02-22,914,23649,836,9950,78,13699,0,0,857,11674,57,5980,857,17654,California
Madera,2021-02-23,773,24422,500,10450,273,13972,0,0,545,11994,225,6205,545,18199,California
Madera,2021-02-24,917,25339,303,10753,614,14586,0,0,385,11848,531,6736,385,18584,California
Madera,2021-02-25,1036,26375,316,11069,720,15306,0,0,600,12014,434,7170,600,19184,California
Madera,2021-02-26,1083,27458,198,11267,885,16191,0,0,700,12333,381,7551,700,19884,California
Madera,2021-02-27,904,28362,266,11533,638,16829,0,0,477,12389,424,7975,480,20364,California
Madera,2021-02-28,193,28555,28,11561,165,16994,0,0,188,12572,5,7980,188,20552,California
Madera,2021-03-01,379,28934,120,11681,259,17253,0,0,197,12589,180,8160,197,20749,California
Madera,2021-03-02,753,29687,349,12030,404,17657,0,0,638,13116,113,8273,640,21389,California
Madera,2021-03-03,1354,31041,724,12754,630,18287,0,0,947,13686,404,8677,974,22363,California
Madera,2021-03-04,1208,32249,530,13284,678,18965,0,0,954,14388,255,8932,957,23320,California
Madera,2021-03-05,1369,33618,422,13706,934,19899,13,13,1086,15217,281,9213,1110,24430,California
Madera,2021-03-06,826,34444,643,14349,151,20050,32,45,505,15435,320,9533,538,24968,California
Madera,2021-03-07,154,34598,26,14375,106,20156,22,67,105,15513,49,9582,127,25095,California
Madera,2021-03-08,602,35200,336,14711,207,20363,59,126,306,15584,296,9878,367,25462,California
Madera,2021-03-09,604,35804,297,15008,273,20636,34,160,412,15846,190,10068,452,25914,California
Madera,2021-03-10,1196,37000,559,15567,558,21194,79,239,762,16259,429,10497,842,26756,California
Madera,2021-03-11,1688,38688,870,16437,490,21684,328,567,771,16454,915,11412,1110,27866,California
Madera,2021-03-12,1582,40270,818,17255,612,22296,152,719,802,16660,777,12189,983,28849,California
Madera,2021-03-13,1887,42157,1332,18587,358,22654,197,916,816,16622,1068,13257,1030,29879,California
Madera,2021-03-14,589,42746,451,19038,105,22759,33,949,296,16661,290,13547,329,30208,California
Madera,2021-03-15,745,43491,232,19270,469,23228,44,993,514,17026,228,13775,593,30801,California
Madera,2021-03-16,933,44424,528,19798,358,23586,47,1040,744,17648,186,13961,808,31609,California
Madera,2021-03-17,1475,45899,985,20783,427,24013,63,1103,911,18162,555,14516,1069,32678,California
Madera,2021-03-18,1953,47852,682,21465,1206,25219,65,1168,972,18313,976,15492,1127,33805,California
Madera,2021-03-19,1593,49445,588,22053,923,26142,82,1250,1036,18960,553,16045,1200,35005,California
Madera,2021-03-20,1192,50637,780,22833,361,26503,51,1301,607,19100,583,16628,723,35728,California
Madera,2021-03-21,1108,51745,904,23737,157,26660,47,1348,384,18811,721,17349,432,36160,California
Madera,2021-03-22,1364,53109,858,24595,441,27101,65,1413,686,18934,675,18024,798,36958,California
Madera,2021-03-23,1417,54526,862,25457,468,27569,87,1500,676,19041,740,18764,847,37805,California
Madera,2021-03-24,957,55483,513,25970,412,27981,32,1532,617,19357,337,19101,653,38458,California
Madera,2021-03-25,1179,56662,533,26503,622,28603,24,1556,650,19525,519,19620,687,39145,California
Madera,2021-03-26,1520,58182,581,27084,805,29408,134,1690,717,19581,799,20419,855,40000,California
Madera,2021-03-27,931,59113,606,27690,302,29710,23,1713,416,19510,511,20930,440,40440,California
Madera,2021-03-28,438,59551,150,27840,228,29938,60,1773,205,19637,232,21162,359,40799,California
Madera,2021-03-29,695,60246,184,28024,481,30419,30,1803,499,19978,192,21354,533,41332,California
Madera,2021-03-30,1075,61321,606,28630,438,30857,31,1834,481,19900,591,21945,513,41845,California
Madera,2021-03-31,1396,62717,545,29175,722,31579,129,1963,431,19502,959,22904,561,42406,California
Madera,2021-04-01,1394,64111,625,29800,718,32297,51,2014,485,19137,899,23803,534,42940,California
Madera,2021-04-02,1610,65721,461,30261,1090,33387,59,2073,479,18556,1120,24923,539,43479,California
Madera,2021-04-03,961,66682,763,31024,179,33566,19,2092,393,18413,566,25489,423,43902,California
Madera,2021-04-04,187,66869,65,31089,120,33686,2,2094,86,18401,101,25590,89,43991,California
Madera,2021-04-05,737,67606,257,31346,422,34108,58,2152,342,18421,394,25984,414,44405,California
Madera,2021-04-06,1717,69323,894,32240,468,34576,355,2507,537,18135,1178,27162,892,45297,California
Madera,2021-04-07,1232,70555,385,32625,699,35275,148,2655,423,17905,806,27968,576,45873,California
Madera,2021-04-08,1731,72286,668,33293,800,36075,263,2918,560,17570,1164,29132,829,46702,California
Madera,2021-04-09,1644,73930,694,33987,803,36878,147,3065,946,17975,693,29825,1098,47800,California
Madera,2021-04-10,981,74911,687,34674,225,37103,69,3134,713,18489,269,30094,783,48583,California
Madera,2021-04-11,813,75724,659,35333,75,37178,79,3213,287,18330,523,30617,364,48947,California
Madera,2021-04-12,782,76506,269,35602,436,37614,77,3290,300,18226,482,31099,378,49325,California
Madera,2021-04-13,1243,77749,611,36213,589,38203,43,3333,723,18483,518,31617,775,50100,California
Madera,2021-04-14,1390,79139,859,37072,531,38734,0,3333,573,18247,816,32433,580,50680,California
Madera,2021-04-15,1176,80315,508,37580,667,39401,1,3334,424,17936,740,33173,429,51109,California
Madera,2021-04-16,1323,81638,537,38117,786,40187,0,3334,364,17356,947,34120,367,51476,California
Madera,2021-04-17,1278,82916,1074,39191,204,40391,0,3334,761,17602,515,34635,761,52237,California
Madera,2021-04-18,246,83162,206,39397,40,40431,0,3334,88,17534,156,34791,88,52325,California
Madera,2021-04-19,809,83971,240,39637,568,40999,1,3335,277,17285,526,35317,277,52602,California
Madera,2021-04-20,871,84842,427,40064,444,41443,0,3335,216,16851,652,35969,218,52820,California
Madera,2021-04-21,860,85702,453,40517,407,41850,0,3335,292,16577,568,36537,294,53114,California
Madera,2021-04-22,1077,86779,513,41030,564,42414,0,3335,373,16251,700,37237,374,53488,California
Madera,2021-04-23,971,87750,307,41337,664,43078,0,3335,336,15957,630,37867,336,53824,California
Madera,2021-04-24,713,88463,469,41806,244,43322,0,3335,250,15749,459,38326,251,54075,California
Madera,2021-04-25,266,88729,159,41965,104,43426,3,3338,117,15725,145,38471,121,54196,California
Madera,2021-04-26,556,89285,99,42064,451,43877,6,3344,128,15434,425,38896,134,54330,California
Madera,2021-04-27,620,89905,274,42338,321,44198,25,3369,312,15465,307,39203,338,54668,California
Madera,2021-04-28,502,90407,197,42535,286,44484,19,3388,245,15473,255,39458,263,54931,California
Madera,2021-04-29,553,90960,245,42780,280,44764,28,3416,258,15472,288,39746,287,55218,California
Madera,2021-04-30,936,91896,504,43284,416,45180,16,3432,271,15100,659,40405,287,55505,California
Madera,2021-05-01,968,92864,869,44153,85,45265,14,3446,388,14923,579,40984,402,55907,California
Madera,2021-05-02,396,93260,349,44502,43,45308,4,3450,145,14821,251,41235,149,56056,California
Madera,2021-05-03,498,93758,197,44699,261,45569,40,3490,99,14564,396,41631,139,56195,California
Madera,2021-05-04,903,94661,433,45132,426,45995,44,3534,213,14131,690,42321,257,56452,California
Madera,2021-05-05,1010,95671,478,45610,471,46466,61,3595,280,13744,728,43049,341,56793,California
Madera,2021-05-06,698,96369,245,45855,422,46888,31,3626,153,13388,540,43589,184,56977,California
Madera,2021-05-07,807,97176,277,46132,509,47397,21,3647,194,12995,607,44196,214,57191,California
Madera,2021-05-08,971,98147,758,46890,202,47599,11,3658,186,12408,784,44980,197,57388,California
Madera,2021-05-09,145,98292,20,46910,114,47713,11,3669,35,12345,109,45089,46,57434,California
Madera,2021-05-10,361,98653,74,46984,275,47988,12,3681,100,12197,260,45349,112,57546,California
Madera,2021-05-11,529,99182,179,47163,341,48329,9,3690,171,12021,356,45705,180,57726,California
Madera,2021-05-12,508,99690,230,47393,242,48571,36,3726,128,11807,378,46083,164,57890,California
Madera,2021-05-13,506,100196,307,47700,167,48738,32,3758,176,11687,328,46411,208,58098,California
Madera,2021-05-14,527,100723,265,47965,238,48976,24,3782,235,11657,289,46700,259,58357,California
Madera,2021-05-15,562,101285,477,48442,77,49053,8,3790,363,11831,197,46897,371,58728,California
Madera,2021-05-16,255,101540,186,48628,37,49090,32,3822,104,11816,151,47048,136,58864,California
Madera,2021-05-17,455,101995,190,48818,236,49326,29,3851,209,11811,243,47291,238,59102,California
Madera,2021-05-18,548,102543,367,49185,158,49484,23,3874,289,11868,255,47546,312,59414,California
Madera,2021-05-19,485,103028,223,49408,240,49724,22,3896,213,11832,271,47817,235,59649,California
Madera,2021-05-20,590,103618,270,49678,282,50006,38,3934,233,11752,351,48168,271,59920,California
Madera,2021-05-21,502,104120,192,49870,282,50288,28,3962,192,11667,305,48473,220,60140,California
Madera,2021-05-22,904,105024,819,50689,73,50361,12,3974,533,11842,370,48843,545,60685,California
Madera,2021-05-23,263,105287,236,50925,17,50378,10,3984,139,11868,123,48966,149,60834,California
Madera,2021-05-24,300,105587,135,51060,124,50502,41,4025,117,11844,182,49148,158,60992,California
Madera,2021-05-25,380,105967,167,51227,180,50682,33,4058,153,11805,225,49373,186,61178,California
Madera,2021-05-26,444,106411,258,51485,164,50846,22,4080,236,11858,205,49578,258,61436,California
Madera,2021-05-27,378,106789,136,51621,204,51050,38,4118,137,11796,237,49815,175,61611,California
Madera,2021-05-28,451,107240,173,51794,250,51300,28,4146,180,11735,269,50084,208,61819,California
Madera,2021-05-29,306,107546,215,52009,73,51373,18,4164,167,11781,139,50223,185,62004,California
Madera,2021-05-30,62,107608,27,52036,31,51404,4,4168,29,11782,32,50255,33,62037,California
Madera,2021-05-31,26,107634,9,52045,13,51417,4,4172,12,11784,14,50269,16,62053,California
Madera,2021-06-01,292,107926,148,52193,121,51538,23,4195,111,11739,179,50448,134,62187,California
Madera,2021-06-02,385,108311,126,52319,236,51774,23,4218,117,11612,267,50715,140,62327,California
Madera,2021-06-03,279,108590,149,52468,115,51889,15,4233,91,11530,188,50903,106,62433,California
Madera,2021-06-04,363,108953,228,52696,125,52014,10,4243,135,11448,227,51130,145,62578,California
Madera,2021-06-05,511,109464,385,53081,113,52127,13,4256,148,11251,359,51489,162,62740,California
Madera,2021-06-06,134,109598,114,53195,13,52140,7,4263,38,11200,96,51585,45,62785,California
Madera,2021-06-07,252,109850,157,53352,74,52214,21,4284,46,11061,206,51791,67,62852,California
Madera,2021-06-08,382,110232,273,53625,88,52302,21,4305,99,10898,283,52074,120,62972,California
Madera,2021-06-09,345,110577,223,53848,95,52397,27,4332,131,10843,213,52287,158,63130,California
Madera,2021-06-10,297,110874,172,54020,109,52506,16,4348,101,10766,194,52481,117,63247,California
Madera,2021-06-11,310,111184,184,54204,96,52602,30,4378,146,10778,163,52644,175,63422,California
Madera,2021-06-12,425,111609,371,54575,38,52640,16,4394,88,10545,337,52981,104,63526,California
Madera,2021-06-13,152,111761,134,54709,14,52654,4,4398,47,10492,104,53085,51,63577,California
Marin,2020-12-15,2,2,2,2,0,0,0,0,2,2,0,0,2,2,California
Marin,2020-12-16,109,111,109,111,0,0,0,0,109,111,0,0,109,111,California
Marin,2020-12-17,272,383,272,383,0,0,0,0,272,383,0,0,272,383,California
Marin,2020-12-18,386,769,386,769,0,0,0,0,386,769,0,0,386,769,California
Marin,2020-12-19,348,1117,347,1116,1,1,0,0,348,1117,0,0,348,1117,California
Marin,2020-12-20,165,1282,164,1280,1,2,0,0,165,1282,0,0,165,1282,California
Marin,2020-12-21,238,1520,235,1515,3,5,0,0,238,1520,0,0,238,1520,California
Marin,2020-12-22,523,2043,318,1833,205,210,0,0,523,2043,0,0,523,2043,California
Marin,2020-12-23,731,2774,319,2152,412,622,0,0,731,2774,0,0,731,2774,California
Marin,2020-12-24,357,3131,160,2312,197,819,0,0,357,3131,0,0,357,3131,California
Marin,2020-12-25,26,3157,0,2312,26,845,0,0,26,3157,0,0,26,3157,California
Marin,2020-12-26,143,3300,94,2406,49,894,0,0,143,3300,0,0,143,3300,California
Marin,2020-12-27,90,3390,54,2460,36,930,0,0,90,3390,0,0,90,3390,California
Marin,2020-12-28,409,3799,98,2558,311,1241,0,0,409,3799,0,0,409,3799,California
Marin,2020-12-29,401,4200,88,2646,313,1554,0,0,401,4200,0,0,401,4200,California
Marin,2020-12-30,627,4827,389,3035,238,1792,0,0,627,4827,0,0,627,4827,California
Marin,2020-12-31,201,5028,35,3070,166,1958,0,0,200,5026,1,1,200,5027,California
Marin,2021-01-01,26,5054,13,3083,13,1971,0,0,26,5052,0,1,26,5053,California
Marin,2021-01-02,112,5166,106,3189,6,1977,0,0,112,5164,0,1,112,5165,California
Marin,2021-01-03,49,5215,31,3220,18,1995,0,0,45,5209,0,1,45,5210,California
Marin,2021-01-04,295,5510,193,3413,102,2097,0,0,294,5502,1,2,294,5504,California
Marin,2021-01-05,365,5875,218,3631,147,2244,0,0,322,5781,43,45,322,5826,California
Marin,2021-01-06,815,6690,316,3947,499,2743,0,0,634,6234,181,226,634,6460,California
Marin,2021-01-07,885,7575,496,4443,389,3132,0,0,529,6407,356,582,529,6989,California
Marin,2021-01-08,965,8540,510,4953,455,3587,0,0,582,6607,382,964,582,7571,California
Marin,2021-01-09,622,9162,223,5176,399,3986,0,0,492,6969,130,1094,492,8063,California
Marin,2021-01-10,130,9292,101,5277,29,4015,0,0,55,6949,75,1169,55,8118,California
Marin,2021-01-11,469,9761,326,5603,143,4158,0,0,247,6976,222,1391,249,8367,California
Marin,2021-01-12,938,10699,544,6147,394,4552,0,0,568,7178,366,1757,568,8935,California
Marin,2021-01-13,1171,11870,494,6641,677,5229,0,0,935,7877,236,1993,935,9870,California
Marin,2021-01-14,1067,12937,318,6959,749,5978,0,0,915,8643,150,2143,916,10786,California
Marin,2021-01-15,1155,14092,353,7312,802,6780,0,0,1025,9541,129,2272,1027,11813,California
Marin,2021-01-16,1122,15214,916,8228,206,6986,0,0,1046,10511,76,2348,1046,12859,California
Marin,2021-01-17,1235,16449,1114,9342,121,7107,0,0,1206,11692,28,2376,1209,14068,California
Marin,2021-01-18,361,16810,159,9501,202,7309,0,0,311,11953,50,2426,311,14379,California
Marin,2021-01-19,1154,17964,909,10410,245,7554,0,0,981,12762,172,2598,981,15360,California
Marin,2021-01-20,1793,19757,1208,11618,585,8139,0,0,1062,13106,719,3317,1063,16423,California
Marin,2021-01-21,1677,21434,1061,12679,616,8755,0,0,1323,14082,351,3668,1327,17750,California
Marin,2021-01-22,1708,23142,1092,13771,616,9371,0,0,1536,15447,172,3840,1537,19287,California
Marin,2021-01-23,1852,24994,1354,15125,498,9869,0,0,1765,17125,87,3927,1765,21052,California
Marin,2021-01-24,614,25608,165,15290,449,10318,0,0,582,17675,32,3959,582,21634,California
Marin,2021-01-25,1126,26734,230,15520,896,11214,0,0,689,17928,437,4396,690,22324,California
Marin,2021-01-26,1520,28254,780,16300,740,11954,0,0,1138,18685,381,4777,1138,23462,California
Marin,2021-01-27,1720,29974,887,17187,833,12787,0,0,1357,19682,361,5138,1358,24820,California
Marin,2021-01-28,2082,32056,1068,18255,1014,13801,0,0,1818,21240,263,5401,1821,26641,California
Marin,2021-01-29,2204,34260,1433,19688,771,14572,0,0,2007,23063,185,5586,2008,28649,California
Marin,2021-01-30,1723,35983,909,20597,814,15386,0,0,1644,24629,79,5665,1645,30294,California
Marin,2021-01-31,459,36442,323,20920,136,15522,0,0,433,25036,26,5691,433,30727,California
Marin,2021-02-01,1093,37535,416,21336,677,16199,0,0,895,25735,197,5888,896,31623,California
Marin,2021-02-02,1415,38950,494,21830,921,17120,0,0,752,25835,652,6540,752,32375,California
Marin,2021-02-03,1780,40730,422,22252,1358,18478,0,0,1276,26609,502,7042,1276,33651,California
Marin,2021-02-04,1525,42255,501,22753,1024,19502,0,0,928,26943,594,7636,928,34579,California
Marin,2021-02-05,2170,44425,675,23428,1495,20997,0,0,1333,27443,833,8469,1333,35912,California
Marin,2021-02-06,1428,45853,848,24276,580,21577,0,0,604,27224,823,9292,604,36516,California
Marin,2021-02-07,1289,47142,1005,25281,284,21861,0,0,488,26912,800,10092,488,37004,California
Marin,2021-02-08,1528,48670,752,26033,776,22637,0,0,729,26845,796,10888,729,37733,California
Marin,2021-02-09,1781,50451,1122,27155,659,23296,0,0,836,26736,945,11833,836,38569,California
Marin,2021-02-10,2333,52784,1488,28643,845,24141,0,0,1213,26832,1118,12951,1214,39783,California
Marin,2021-02-11,2864,55648,1637,30280,1227,25368,0,0,1445,26866,1414,14365,1448,41231,California
Marin,2021-02-12,3051,58699,1534,31814,1517,26885,0,0,1552,26923,1496,15861,1553,42784,California
Marin,2021-02-13,2329,61028,1243,33057,1086,27971,0,0,1124,26844,1203,17064,1124,43908,California
Marin,2021-02-14,812,61840,300,33357,512,28483,0,0,718,27469,94,17158,719,44627,California
Marin,2021-02-15,1219,63059,356,33713,863,29346,0,0,840,27932,378,17536,841,45468,California
Marin,2021-02-16,2471,65530,1053,34766,1418,30764,0,0,1503,28468,967,18503,1503,46971,California
Marin,2021-02-17,2095,67625,938,35704,1157,31921,0,0,1082,28539,1011,19514,1082,48053,California
Marin,2021-02-18,2413,70038,1587,37291,826,32747,0,0,1058,28244,1353,20867,1058,49111,California
Marin,2021-02-19,2782,72820,2171,39462,611,33358,0,0,1234,27944,1535,22402,1235,50346,California
Marin,2021-02-20,2622,75442,2154,41616,468,33826,0,0,1255,27841,1359,23761,1256,51602,California
Marin,2021-02-21,1330,76772,1129,42745,201,34027,0,0,945,28405,381,24142,945,52547,California
Marin,2021-02-22,1855,78627,1422,44167,433,34460,0,0,1225,29003,627,24769,1225,53772,California
Marin,2021-02-23,2896,81523,1668,45835,1228,35688,0,0,1942,30005,941,25710,1943,55715,California
Marin,2021-02-24,3536,85059,1634,47469,1902,37590,0,0,2265,31008,1263,26973,2266,57981,California
Marin,2021-02-25,4085,89144,1929,49398,2156,39746,0,0,2888,32710,1188,28161,2890,60871,California
Marin,2021-02-26,3670,92814,2001,51399,1669,41415,0,0,2646,34345,1012,29173,2647,63518,California
Marin,2021-02-27,2738,95552,1613,53012,1125,42540,0,0,1895,35403,839,30012,1897,65415,California
Marin,2021-02-28,1648,97200,923,53935,725,43265,0,0,1303,36364,342,30354,1303,66718,California
Marin,2021-03-01,2684,99884,1665,55600,1018,44283,1,1,1809,37308,866,31220,1810,68528,California
Marin,2021-03-02,2524,102408,1690,57290,833,45116,1,2,1726,38241,794,32014,1727,70255,California
Marin,2021-03-03,4351,106759,2418,59708,1929,47045,4,6,2815,39530,1530,33544,2819,73074,California
Marin,2021-03-04,3388,110147,1659,61367,1728,48773,1,7,2371,40894,1010,34554,2374,75448,California
Marin,2021-03-05,3064,113211,1166,62533,1886,50659,12,19,1796,41439,1263,35817,1808,77256,California
Marin,2021-03-06,3232,116443,2324,64857,831,51490,77,96,2657,43602,570,36387,2733,79989,California
Marin,2021-03-07,1390,117833,1172,66029,194,51684,24,120,996,44233,389,36776,1020,81009,California
Marin,2021-03-08,1887,119720,1388,67417,383,52067,116,236,1412,45289,472,37248,1528,82537,California
Marin,2021-03-09,2227,121947,1341,68758,775,52842,111,347,1547,46268,677,37925,1656,84193,California
Marin,2021-03-10,4465,126412,2511,71269,1660,54502,294,641,3222,48547,1238,39163,3517,87710,California
Marin,2021-03-11,4602,131014,1886,73155,2581,57083,135,776,3302,50691,1293,40456,3437,91147,California
Marin,2021-03-12,3967,134981,1541,74696,2077,59160,349,1125,1557,50198,2399,42855,1906,93053,California
Marin,2021-03-13,4102,139083,2867,77563,1164,60324,71,1196,2385,50934,1715,44570,2451,95504,California
Marin,2021-03-14,2288,141371,1105,78668,1066,61390,117,1313,702,50168,1583,46153,817,96321,California
Marin,2021-03-15,3240,144611,1772,80440,1420,62810,48,1361,1206,49399,2022,48175,1253,97574,California
Marin,2021-03-16,4297,148908,2318,82758,1613,64423,366,1727,1459,48388,2834,51009,1823,99397,California
Marin,2021-03-17,4204,153112,2279,85037,1875,66298,50,1777,2050,48346,2141,53150,2099,101496,California
Marin,2021-03-18,4478,157590,2261,87298,2142,68440,75,1852,2124,48205,2337,55487,2196,103692,California
Marin,2021-03-19,4474,162064,2288,89586,1966,70406,220,2072,2324,48607,2139,57626,2541,106233,California
Marin,2021-03-20,3597,165661,1995,91581,1488,71894,114,2186,1930,48995,1657,59283,2045,108278,California
Marin,2021-03-21,1537,167198,1138,92719,376,72270,23,2209,794,49072,740,60023,817,109095,California
Marin,2021-03-22,2472,169670,2138,94857,169,72439,165,2374,889,48549,1577,61600,1054,110149,California
Marin,2021-03-23,4246,173916,2201,97058,1916,74355,129,2503,1862,48164,2376,63976,1991,112140,California
Marin,2021-03-24,4453,178369,2905,99963,1437,75792,111,2614,1806,47445,2634,66610,1915,114055,California
Marin,2021-03-25,4659,183028,2845,102808,1741,77533,73,2687,2254,47379,2391,69001,2325,116380,California
Marin,2021-03-26,4309,187337,2345,105153,1750,79283,214,2901,2403,48106,1890,70891,2617,118997,California
Marin,2021-03-27,3702,191039,2663,107816,1022,80305,17,2918,1134,46698,2558,73449,1150,120147,California
Marin,2021-03-28,2390,193429,1726,109542,658,80963,6,2924,838,45997,1545,74994,844,120991,California
Marin,2021-03-29,2687,196116,2095,111637,567,81530,25,2949,1135,45608,1549,76543,1160,122151,California
Marin,2021-03-30,4662,200778,3652,115289,976,82506,34,2983,2954,46890,1706,78249,2988,125139,California
Marin,2021-03-31,5846,206624,4143,119432,1653,84159,50,3033,2551,46208,3283,81532,2601,127740,California
Marin,2021-04-01,4451,211075,2287,121719,1911,86070,253,3286,2109,46239,2330,83862,2361,130101,California
Marin,2021-04-02,3727,214802,1854,123573,1503,87573,370,3656,1990,46862,1729,85591,2352,132453,California
Marin,2021-04-03,3856,218658,2513,126086,966,88539,377,4033,1461,46317,2383,87974,1838,134291,California
Marin,2021-04-04,1643,220301,1239,127325,202,88741,202,4235,1197,47272,444,88418,1399,135690,California
Marin,2021-04-05,2209,222510,1536,128861,297,89038,376,4611,1268,47978,936,89354,1642,137332,California
Marin,2021-04-06,3970,226480,2108,130969,1306,90344,556,5167,2204,48975,1760,91114,2757,140089,California
Marin,2021-04-07,3959,230439,1997,132966,1319,91663,643,5810,1439,48546,2511,93625,2082,142171,California
Marin,2021-04-08,5059,235498,1976,134942,2476,94139,607,6417,2306,48708,2741,96366,2903,145074,California
Marin,2021-04-09,3996,239494,1558,136500,1706,95845,732,7149,1320,48086,2671,99037,2049,147123,California
Marin,2021-04-10,3218,242712,1486,137986,1300,97145,432,7581,1451,48213,1752,100789,1879,149002,California
Marin,2021-04-11,1057,243769,805,138791,91,97236,161,7742,472,48262,583,101372,632,149634,California
Marin,2021-04-12,1726,245495,1233,140024,336,97572,157,7899,917,48532,805,102177,1075,150709,California
Marin,2021-04-13,3753,249248,2295,142319,1451,99023,7,7906,1375,47547,2367,104544,1382,152091,California
Marin,2021-04-14,4229,253477,2536,144855,1690,100713,3,7909,1725,46795,2479,107023,1727,153818,California
Marin,2021-04-15,5597,259074,3961,148816,1636,102349,0,7909,3215,47645,2369,109392,3219,157037,California
Marin,2021-04-16,4264,263338,2239,151055,2022,104371,3,7912,2078,47557,2170,111562,2082,159119,California
Marin,2021-04-17,3533,266871,2155,153210,1378,105749,0,7912,1764,47557,1764,113326,1764,160883,California
Marin,2021-04-18,3162,270033,3067,156277,95,105844,0,7912,2529,49456,630,113956,2529,163412,California
Marin,2021-04-19,2027,272060,1862,158139,165,106009,0,7912,1150,49736,872,114828,1152,164564,California
Marin,2021-04-20,3677,275737,2547,160686,1130,107139,0,7912,1460,48988,2209,117037,1461,166025,California
Marin,2021-04-21,4006,279743,2938,163624,1065,108204,3,7915,1352,47703,2638,119675,1353,167378,California
Marin,2021-04-22,4218,283961,3220,166844,998,109202,0,7915,1482,46463,2725,122400,1485,168863,California
Marin,2021-04-23,3214,287175,1805,168649,1409,110611,0,7915,1223,45709,1978,124378,1224,170087,California
Marin,2021-04-24,2508,289683,1678,170327,830,111441,0,7915,916,45045,1580,125958,916,171003,California
Marin,2021-04-25,1377,291060,1263,171590,114,111555,0,7915,305,44287,1063,127021,305,171308,California
Marin,2021-04-26,1604,292664,1387,172977,214,111769,3,7918,377,43444,1224,128245,381,171689,California
Marin,2021-04-27,3038,295702,2196,175173,791,112560,51,7969,978,42418,2051,130296,1025,172714,California
Marin,2021-04-28,2306,298008,1586,176759,668,113228,52,8021,729,41623,1574,131870,779,173493,California
Marin,2021-04-29,2886,300894,1978,178737,846,114074,62,8083,794,40398,2081,133951,856,174349,California
Marin,2021-04-30,1949,302843,1274,180011,589,114663,86,8169,695,39934,1245,135196,781,175130,California
Marin,2021-05-01,1835,304678,1021,181032,791,115454,23,8192,542,39213,1285,136481,564,175694,California
Marin,2021-05-02,722,305400,583,181615,110,115564,29,8221,199,38923,517,136998,227,175921,California
Marin,2021-05-03,1209,306609,985,182600,167,115731,57,8278,257,38287,949,137947,313,176234,California
Marin,2021-05-04,2930,309539,1968,184568,871,116602,91,8369,474,36404,2448,140395,565,176799,California
Marin,2021-05-05,2726,312265,2001,186569,601,117203,124,8493,439,34686,2280,142675,562,177361,California
Marin,2021-05-06,3263,315528,2532,189101,643,117846,88,8581,427,32373,2826,145501,513,177874,California
Marin,2021-05-07,2035,317563,1543,190644,407,118253,85,8666,377,31181,1651,147152,459,178333,California
Marin,2021-05-08,2468,320031,1861,192505,485,118738,122,8788,343,29529,2117,149269,465,178798,California
Marin,2021-05-09,979,321010,895,193400,65,118803,19,8807,117,28807,859,150128,137,178935,California
Marin,2021-05-10,1404,322414,1149,194549,185,118988,70,8877,202,27880,1198,151326,271,179206,California
Marin,2021-05-11,2301,324715,1838,196387,407,119395,56,8933,293,26222,2006,153332,348,179554,California
Marin,2021-05-12,1428,326143,1046,197433,313,119708,69,9002,290,25446,1133,154465,357,179911,California
Marin,2021-05-13,2604,328747,2252,199685,298,120006,54,9056,1409,25720,1188,155653,1462,181373,California
Marin,2021-05-14,2202,330949,1451,201136,652,120658,99,9155,881,25384,1315,156968,979,182352,California
Marin,2021-05-15,2728,333677,2261,203397,387,121045,80,9235,1656,26049,1071,158039,1736,184088,California
Marin,2021-05-16,1645,335322,1592,204989,48,121093,5,9240,1332,27074,311,158350,1336,185424,California
Marin,2021-05-17,2123,337445,1979,206968,101,121194,43,9283,1699,28399,417,158767,1742,187166,California
Marin,2021-05-18,1524,338969,1185,208153,284,121478,55,9338,797,28529,721,159488,851,188017,California
Marin,2021-05-19,1535,340504,1238,209391,227,121705,70,9408,775,28619,754,160242,844,188861,California
Marin,2021-05-20,1811,342315,1486,210877,239,121944,86,9494,755,28412,1048,161290,841,189702,California
Marin,2021-05-21,1446,343761,842,211719,555,122499,49,9543,436,27894,1003,162293,485,190187,California
Marin,2021-05-22,1423,345184,1080,212799,286,122785,57,9600,960,28452,459,162752,1017,191204,California
Marin,2021-05-23,473,345657,419,213218,42,122827,12,9612,219,28432,252,163004,232,191436,California
Marin,2021-05-24,637,346294,489,213707,107,122934,41,9653,351,28540,283,163287,391,191827,California
Marin,2021-05-25,995,347289,625,214332,324,123258,46,9699,312,28221,675,163962,356,192183,California
Marin,2021-05-26,706,347995,484,214816,175,123433,47,9746,259,28084,443,164405,306,192489,California
Marin,2021-05-27,1028,349023,662,215478,287,123720,79,9825,343,27823,683,165088,422,192911,California
Marin,2021-05-28,1095,350118,713,216191,303,124023,79,9904,322,27453,769,165857,399,193310,California
Marin,2021-05-29,372,350490,215,216406,147,124170,10,9914,214,27519,158,166015,224,193534,California
Marin,2021-05-30,100,350590,59,216465,36,124206,5,9919,58,27541,41,166056,63,193597,California
Marin,2021-05-31,27,350617,13,216478,13,124219,1,9920,14,27543,13,166069,15,193612,California
Marin,2021-06-01,754,351371,549,217027,160,124379,45,9965,328,27491,424,166493,372,193984,California
Marin,2021-06-02,621,351992,473,217500,96,124475,52,10017,216,27356,401,166894,266,194250,California
Marin,2021-06-03,1497,353489,1324,218824,114,124589,59,10076,239,26400,1255,168149,299,194549,California
Marin,2021-06-04,1000,354489,846,219670,124,124713,30,10106,176,25784,822,168971,206,194755,California
Marin,2021-06-05,1914,356403,1700,221370,166,124879,48,10154,319,24563,1588,170559,367,195122,California
Marin,2021-06-06,1402,357805,1353,222723,15,124894,34,10188,201,23598,1200,171759,235,195357,California
Marin,2021-06-07,1939,359744,1821,224544,68,124962,50,10238,249,22210,1686,173445,298,195655,California
Marin,2021-06-08,979,360723,870,225414,68,125030,41,10279,236,21751,736,174181,277,195932,California
Marin,2021-06-09,618,361341,564,225978,47,125077,7,10286,108,21357,509,174690,115,196047,California
Marin,2021-06-10,751,362092,672,226650,35,125112,44,10330,142,20938,605,175295,186,196233,California
Marin,2021-06-11,474,362566,420,227070,31,125143,23,10353,95,20677,379,175674,118,196351,California
Marin,2021-06-12,466,363032,359,227429,74,125217,33,10386,110,20466,354,176028,143,196494,California
Marin,2021-06-13,343,363375,337,227766,0,125217,6,10392,53,20236,289,176317,59,196553,California
Mariposa,2020-12-17,36,36,36,36,0,0,0,0,38,38,0,0,38,38,California
Mariposa,2020-12-18,55,91,55,91,0,0,0,0,56,94,0,0,56,94,California
Mariposa,2020-12-20,2,93,2,93,0,0,0,0,2,96,0,0,2,96,California
Mariposa,2020-12-21,49,142,49,142,0,0,0,0,53,149,0,0,53,149,California
Mariposa,2020-12-22,6,148,6,148,0,0,0,0,6,155,0,0,6,155,California
Mariposa,2020-12-23,17,165,17,165,0,0,0,0,17,172,0,0,17,172,California
Mariposa,2020-12-24,1,166,0,165,1,1,0,0,0,172,1,1,1,173,California
Mariposa,2020-12-26,1,167,1,166,0,1,0,0,1,173,0,1,1,174,California
Mariposa,2020-12-27,1,168,0,166,1,2,0,0,1,174,0,1,1,175,California
Mariposa,2020-12-28,6,174,3,169,3,5,0,0,6,180,0,1,6,181,California
Mariposa,2020-12-29,33,207,3,172,30,35,0,0,33,213,0,1,33,214,California
Mariposa,2020-12-30,26,233,4,176,22,57,0,0,26,239,0,1,26,240,California
Mariposa,2020-12-31,17,250,0,176,17,74,0,0,17,256,0,1,17,257,California
Mariposa,2021-01-02,1,251,1,177,0,74,0,0,1,257,0,1,1,258,California
Mariposa,2021-01-04,11,262,2,179,9,83,0,0,11,268,0,1,11,269,California
Mariposa,2021-01-05,24,286,14,193,10,93,0,0,14,272,10,11,14,283,California
Mariposa,2021-01-06,8,294,5,198,3,96,0,0,5,274,3,14,5,288,California
Mariposa,2021-01-07,50,344,45,243,5,101,0,0,5,234,45,59,5,293,California
Mariposa,2021-01-08,109,453,79,322,30,131,0,0,34,193,75,134,34,327,California
Mariposa,2021-01-11,31,484,10,332,21,152,0,0,23,208,8,142,23,350,California
Mariposa,2021-01-12,19,503,4,336,15,167,0,0,15,219,4,146,15,365,California
Mariposa,2021-01-13,22,525,5,341,17,184,0,0,18,233,4,150,18,383,California
Mariposa,2021-01-14,74,599,7,348,67,251,0,0,68,295,6,156,68,451,California
Mariposa,2021-01-15,68,667,27,375,41,292,0,0,58,343,10,166,58,509,California
Mariposa,2021-01-16,14,681,2,377,12,304,0,0,13,355,1,167,13,522,California
Mariposa,2021-01-17,4,685,0,377,4,308,0,0,4,359,0,167,4,526,California
Mariposa,2021-01-18,4,689,4,381,0,308,0,0,2,359,2,169,2,528,California
Mariposa,2021-01-19,8,697,4,385,4,312,0,0,5,362,2,171,5,533,California
Mariposa,2021-01-20,23,720,1,386,22,334,0,0,22,383,1,172,22,555,California
Mariposa,2021-01-21,66,786,8,394,58,392,0,0,62,441,4,176,62,617,California
Mariposa,2021-01-22,56,842,2,396,54,446,0,0,56,497,0,176,56,673,California
Mariposa,2021-01-23,116,958,2,398,114,560,0,0,114,609,2,178,114,787,California
Mariposa,2021-01-24,2,960,2,400,0,560,0,0,2,611,0,178,2,789,California
Mariposa,2021-01-25,4,964,1,401,3,563,0,0,0,607,4,182,0,789,California
Mariposa,2021-01-26,38,1002,4,405,34,597,0,0,6,585,32,214,10,799,California
Mariposa,2021-01-27,26,1028,2,407,24,621,0,0,11,582,14,228,11,810,California
Mariposa,2021-01-28,126,1154,3,410,123,744,0,0,113,683,12,240,113,923,California
Mariposa,2021-01-29,83,1237,22,432,61,805,0,0,82,764,1,241,82,1005,California
Mariposa,2021-01-30,9,1246,1,433,8,813,0,0,8,771,1,242,8,1013,California
Mariposa,2021-01-31,1,1247,0,433,1,814,0,0,1,772,0,242,1,1014,California
Mariposa,2021-02-01,91,1338,32,465,59,873,0,0,69,819,22,264,69,1083,California
Mariposa,2021-02-02,15,1353,3,468,12,885,0,0,9,822,6,270,9,1092,California
Mariposa,2021-02-03,22,1375,1,469,21,906,0,0,13,827,8,278,13,1105,California
Mariposa,2021-02-04,99,1474,8,477,91,997,0,0,94,918,4,282,95,1200,California
Mariposa,2021-02-05,191,1665,4,481,187,1184,0,0,165,1057,26,308,165,1365,California
Mariposa,2021-02-06,11,1676,4,485,7,1191,0,0,10,1066,1,309,10,1375,California
Mariposa,2021-02-07,1,1677,0,485,1,1192,0,0,1,1067,0,309,1,1376,California
Mariposa,2021-02-08,41,1718,2,487,39,1231,0,0,22,1070,19,328,22,1398,California
Mariposa,2021-02-09,41,1759,24,511,17,1248,0,0,35,1099,6,334,35,1433,California
Mariposa,2021-02-10,29,1788,4,515,25,1273,0,0,17,1111,11,345,23,1456,California
Mariposa,2021-02-11,375,2163,5,520,370,1643,0,0,361,1461,14,359,364,1820,California
Mariposa,2021-02-12,184,2347,8,528,176,1819,0,0,140,1557,44,403,140,1960,California
Mariposa,2021-02-13,11,2358,3,531,8,1827,0,0,9,1564,2,405,9,1969,California
Mariposa,2021-02-14,10,2368,4,535,6,1833,0,0,5,1564,5,410,5,1974,California
Mariposa,2021-02-15,9,2377,3,538,6,1839,0,0,7,1569,2,412,7,1981,California
Mariposa,2021-02-16,57,2434,34,572,23,1862,0,0,34,1580,23,435,34,2015,California
Mariposa,2021-02-17,36,2470,8,580,28,1890,0,0,27,1600,8,443,28,2043,California
Mariposa,2021-02-18,59,2529,7,587,52,1942,0,0,22,1585,37,480,22,2065,California
Mariposa,2021-02-19,82,2611,3,590,79,2021,0,0,76,1655,6,486,76,2141,California
Mariposa,2021-02-20,256,2867,6,596,250,2271,0,0,226,1852,29,515,226,2367,California
Mariposa,2021-02-21,242,3109,5,601,237,2508,0,0,239,2089,2,517,239,2606,California
Mariposa,2021-02-22,23,3132,8,609,15,2523,0,0,20,2106,3,520,20,2626,California
Mariposa,2021-02-23,45,3177,38,647,7,2530,0,0,26,2113,19,539,26,2652,California
Mariposa,2021-02-24,21,3198,3,650,18,2548,0,0,8,2109,12,551,8,2660,California
Mariposa,2021-02-25,18,3216,9,659,9,2557,0,0,12,2115,6,557,12,2672,California
Mariposa,2021-02-26,429,3645,7,666,422,2979,0,0,369,2425,60,617,370,3042,California
Mariposa,2021-02-27,177,3822,4,670,173,3152,0,0,166,2580,11,628,166,3208,California
Mariposa,2021-02-28,2,3824,1,671,1,3153,0,0,0,2578,2,630,0,3208,California
Mariposa,2021-03-01,82,3906,26,697,56,3209,0,0,16,2529,65,695,16,3224,California
Mariposa,2021-03-02,19,3925,12,709,7,3216,0,0,11,2533,7,702,11,3235,California
Mariposa,2021-03-03,70,3995,4,713,66,3282,0,0,65,2594,5,707,66,3301,California
Mariposa,2021-03-04,41,4036,10,723,31,3313,0,0,20,2594,21,728,21,3322,California
Mariposa,2021-03-05,58,4094,9,732,49,3362,0,0,40,2622,18,746,46,3368,California
Mariposa,2021-03-06,15,4109,6,738,9,3371,0,0,7,2621,8,754,7,3375,California
Mariposa,2021-03-07,1,4110,1,739,0,3371,0,0,0,2620,1,755,0,3375,California
Mariposa,2021-03-08,41,4151,4,743,26,3397,11,11,11,2612,30,785,22,3397,California
Mariposa,2021-03-09,45,4196,18,761,17,3414,10,21,16,2609,29,814,26,3423,California
Mariposa,2021-03-10,32,4228,9,770,13,3427,10,31,10,2607,22,836,20,3443,California
Mariposa,2021-03-11,469,4697,6,776,443,3870,20,51,226,2614,242,1078,249,3692,California
Mariposa,2021-03-12,256,4953,8,784,222,4092,26,77,118,2619,138,1216,143,3835,California
Mariposa,2021-03-13,33,4986,8,792,10,4102,15,92,10,2620,23,1239,24,3859,California
Mariposa,2021-03-14,16,5002,2,794,3,4105,11,103,2,2619,14,1253,13,3872,California
Mariposa,2021-03-15,76,5078,7,801,31,4136,38,141,31,2643,45,1298,69,3941,California
Mariposa,2021-03-16,83,5161,33,834,15,4151,35,176,24,2643,59,1357,59,4000,California
Mariposa,2021-03-17,72,5233,9,843,55,4206,8,184,52,2683,19,1376,59,4059,California
Mariposa,2021-03-18,67,5300,15,858,43,4249,9,193,40,2705,27,1403,49,4108,California
Mariposa,2021-03-19,343,5643,12,870,324,4573,7,200,304,2978,39,1442,312,4420,California
Mariposa,2021-03-20,428,6071,4,874,422,4995,2,202,46,2645,382,1824,49,4469,California
Mariposa,2021-03-21,15,6086,8,882,6,5001,1,203,9,2650,5,1829,10,4479,California
Mariposa,2021-03-22,39,6125,8,890,23,5024,8,211,26,2673,13,1842,36,4515,California
Mariposa,2021-03-23,54,6179,34,924,10,5034,10,221,33,2695,21,1863,43,4558,California
Mariposa,2021-03-24,56,6235,5,929,49,5083,2,223,51,2743,5,1868,53,4611,California
Mariposa,2021-03-25,76,6311,15,944,53,5136,8,231,53,2783,21,1889,61,4672,California
Mariposa,2021-03-26,495,6806,9,953,485,5621,1,232,252,2793,243,2132,253,4925,California
Mariposa,2021-03-27,237,7043,8,961,229,5850,0,232,96,2750,141,2273,98,5023,California
Mariposa,2021-03-28,5,7048,0,961,2,5852,3,235,1,2750,4,2277,4,5027,California
Mariposa,2021-03-29,19,7067,6,967,13,5865,0,235,12,2755,7,2284,12,5039,California
Mariposa,2021-03-30,36,7103,13,980,7,5872,16,251,13,2761,23,2307,29,5068,California
Mariposa,2021-03-31,90,7193,15,995,68,5940,7,258,69,2816,21,2328,76,5144,California
Mariposa,2021-04-01,54,7247,11,1006,35,5975,8,266,35,2840,19,2347,43,5187,California
Mariposa,2021-04-02,350,7597,12,1018,335,6310,3,269,307,3108,42,2389,310,5497,California
Mariposa,2021-04-03,10,7607,7,1025,3,6313,0,269,5,3108,5,2394,5,5502,California
Mariposa,2021-04-04,2,7609,1,1026,0,6313,1,270,0,3107,2,2396,1,5503,California
Mariposa,2021-04-05,35,7644,22,1048,9,6322,4,274,16,3108,19,2415,20,5523,California
Mariposa,2021-04-06,46,7690,20,1068,10,6332,16,290,14,3107,31,2446,30,5553,California
Mariposa,2021-04-07,99,7789,7,1075,73,6405,19,309,29,3085,70,2516,48,5601,California
Mariposa,2021-04-08,284,8073,15,1090,250,6655,19,328,146,3115,136,2652,166,5767,California
Mariposa,2021-04-09,37,8110,9,1099,13,6668,15,343,10,3113,27,2679,25,5792,California
Mariposa,2021-04-10,203,8313,5,1104,188,6856,10,353,189,3299,12,2691,198,5990,California
Mariposa,2021-04-11,123,8436,3,1107,118,6974,2,355,58,3295,65,2756,61,6051,California
Mariposa,2021-04-12,42,8478,13,1120,27,7001,2,357,13,3281,29,2785,15,6066,California
Mariposa,2021-04-13,56,8534,48,1168,8,7009,0,357,35,3295,21,2806,35,6101,California
Mariposa,2021-04-14,114,8648,9,1177,105,7114,0,357,58,3298,55,2861,58,6159,California
Mariposa,2021-04-15,60,8708,17,1194,43,7157,0,357,45,3331,12,2873,45,6204,California
Mariposa,2021-04-16,382,9090,11,1205,371,7528,0,357,106,3161,276,3149,106,6310,California
Mariposa,2021-04-17,11,9101,7,1212,4,7532,0,357,8,3166,3,3152,8,6318,California
Mariposa,2021-04-18,7,9108,0,1212,7,7539,0,357,3,3165,4,3156,3,6321,California
Mariposa,2021-04-19,60,9168,27,1239,33,7572,0,357,32,3171,26,3182,32,6353,California
Mariposa,2021-04-20,62,9230,49,1288,13,7585,0,357,39,3189,21,3203,39,6392,California
Mariposa,2021-04-21,92,9322,14,1302,78,7663,0,357,43,3184,48,3251,43,6435,California
Mariposa,2021-04-22,49,9371,9,1311,40,7703,0,357,38,3212,10,3261,38,6473,California
Mariposa,2021-04-23,315,9686,70,1381,245,7948,0,357,144,3187,171,3432,146,6619,California
Mariposa,2021-04-24,108,9794,10,1391,98,8046,0,357,42,3164,65,3497,42,6661,California
Mariposa,2021-04-26,16,9810,11,1402,5,8051,0,357,5,3158,11,3508,5,6666,California
Mariposa,2021-04-27,33,9843,17,1419,14,8065,2,359,15,3160,15,3523,17,6683,California
Mariposa,2021-04-28,74,9917,14,1433,53,8118,7,366,27,3147,47,3570,34,6717,California
Mariposa,2021-04-29,84,10001,12,1445,71,8189,1,367,79,3222,5,3575,80,6797,California
Mariposa,2021-04-30,212,10213,4,1449,203,8392,5,372,62,3139,150,3725,67,6864,California
Mariposa,2021-05-01,4,10217,3,1452,1,8393,0,372,1,3137,3,3728,1,6865,California
Mariposa,2021-05-02,3,10220,2,1454,0,8393,1,373,0,3135,3,3731,1,6866,California
Mariposa,2021-05-03,16,10236,12,1466,3,8396,1,374,7,3134,9,3740,8,6874,California
Mariposa,2021-05-04,53,10289,32,1498,17,8413,4,378,37,3159,16,3756,41,6915,California
Mariposa,2021-05-05,57,10346,9,1507,46,8459,2,380,18,3140,39,3795,20,6935,California
Mariposa,2021-05-06,55,10401,36,1543,14,8473,5,385,39,3168,16,3811,44,6979,California
Mariposa,2021-05-07,27,10428,7,1550,17,8490,3,388,13,3170,14,3825,16,6995,California
Mariposa,2021-05-08,286,10714,9,1559,277,8767,0,388,33,2952,253,4078,35,7030,California
Mariposa,2021-05-09,3,10717,1,1560,2,8769,0,388,0,2949,3,4081,0,7030,California
Mariposa,2021-05-10,21,10738,10,1570,9,8778,2,390,5,2940,16,4097,7,7037,California
Mariposa,2021-05-11,29,10767,18,1588,10,8788,1,391,20,2953,8,4105,21,7058,California
Mariposa,2021-05-12,67,10834,4,1592,58,8846,5,396,6,2903,61,4166,11,7069,California
Mariposa,2021-05-13,49,10883,8,1600,39,8885,2,398,13,2882,36,4202,15,7084,California
Mariposa,2021-05-14,249,11132,121,1721,121,9006,7,405,117,2874,132,4334,124,7208,California
Mariposa,2021-05-15,19,11151,9,1730,8,9014,2,407,11,2880,6,4340,12,7220,California
Mariposa,2021-05-16,3,11154,1,1731,1,9015,1,408,1,2880,2,4342,2,7222,California
Mariposa,2021-05-17,18,11172,7,1738,7,9022,4,412,8,2881,10,4352,11,7233,California
Mariposa,2021-05-18,61,11233,41,1779,15,9037,5,417,44,2914,16,4368,49,7282,California
Mariposa,2021-05-19,70,11303,32,1811,37,9074,1,418,51,2948,18,4386,52,7334,California
Mariposa,2021-05-20,34,11337,18,1829,14,9088,2,420,13,2942,21,4407,15,7349,California
Mariposa,2021-05-21,92,11429,8,1837,82,9170,2,422,42,2938,48,4455,44,7393,California
Mariposa,2021-05-22,47,11476,6,1843,40,9210,1,423,17,2926,30,4485,18,7411,California
Mariposa,2021-05-23,4,11480,2,1845,1,9211,1,424,2,2927,2,4487,3,7414,California
Mariposa,2021-05-24,13,11493,7,1852,4,9215,2,426,8,2932,5,4492,10,7424,California
Mariposa,2021-05-25,27,11520,17,1869,10,9225,0,426,19,2943,8,4500,19,7443,California
Mariposa,2021-05-26,35,11555,4,1873,27,9252,4,430,28,2968,7,4507,32,7475,California
Mariposa,2021-05-27,119,11674,64,1937,55,9307,0,430,62,2973,57,4564,62,7537,California
Mariposa,2021-05-28,64,11738,4,1941,56,9363,4,434,23,2959,41,4605,27,7564,California
Mariposa,2021-05-29,8,11746,2,1943,5,9368,1,435,3,2960,3,4608,4,7568,California
Mariposa,2021-05-30,1,11747,0,1943,0,9368,1,436,0,2960,1,4609,1,7569,California
Mariposa,2021-05-31,2,11749,0,1943,1,9369,1,437,0,2959,2,4611,1,7570,California
Mariposa,2021-06-01,14,11763,3,1946,11,9380,0,437,5,2955,9,4620,5,7575,California
Mariposa,2021-06-02,26,11789,14,1960,7,9387,5,442,6,2947,19,4639,11,7586,California
Mariposa,2021-06-03,19,11808,10,1970,7,9394,2,444,7,2944,12,4651,9,7595,California
Mariposa,2021-06-04,89,11897,78,2048,9,9403,2,446,26,2910,61,4712,27,7622,California
Mariposa,2021-06-05,30,11927,4,2052,24,9427,2,448,7,2897,22,4734,9,7631,California
Mariposa,2021-06-06,4,11931,3,2055,0,9427,1,449,1,2896,3,4737,2,7633,California
Mariposa,2021-06-07,10,11941,5,2060,5,9432,0,449,4,2895,5,4742,4,7637,California
Mariposa,2021-06-08,39,11980,29,2089,9,9441,1,450,9,2875,30,4772,10,7647,California
Mariposa,2021-06-09,24,12004,17,2106,2,9443,5,455,4,2864,20,4792,9,7656,California
Mariposa,2021-06-10,15,12019,7,2113,5,9448,3,458,5,2863,10,4802,9,7665,California
Mariposa,2021-06-11,34,12053,4,2117,23,9471,7,465,3,2842,31,4833,10,7675,California
Mariposa,2021-06-12,8,12061,6,2123,1,9472,1,466,1,2836,7,4840,1,7676,California
Mariposa,2021-06-13,1,12062,0,2123,0,9472,1,467,0,2836,1,4841,1,7677,California
Mendocino,2020-12-17,70,70,70,70,0,0,0,0,70,70,0,0,70,70,California
Mendocino,2020-12-18,84,154,83,153,1,1,0,0,83,153,0,0,83,153,California
Mendocino,2020-12-19,3,157,3,156,0,1,0,0,3,156,0,0,3,156,California
Mendocino,2020-12-20,7,164,7,163,0,1,0,0,7,163,0,0,7,163,California
Mendocino,2020-12-21,239,403,239,402,0,1,0,0,77,240,0,0,77,240,California
Mendocino,2020-12-22,253,656,192,594,61,62,0,0,253,493,0,0,253,493,California
Mendocino,2020-12-23,271,927,48,642,223,285,0,0,270,763,0,0,270,763,California
Mendocino,2020-12-24,48,975,8,650,40,325,0,0,48,811,0,0,48,811,California
Mendocino,2020-12-25,1,976,0,650,1,326,0,0,1,812,0,0,1,812,California
Mendocino,2020-12-26,2,978,2,652,0,326,0,0,2,814,0,0,2,814,California
Mendocino,2020-12-27,1,979,0,652,1,327,0,0,1,815,0,0,1,815,California
Mendocino,2020-12-28,73,1052,8,660,65,392,0,0,73,888,0,0,73,888,California
Mendocino,2020-12-29,119,1171,59,719,60,452,0,0,119,1007,0,0,119,1007,California
Mendocino,2020-12-30,119,1290,66,785,53,505,0,0,119,1126,0,0,119,1126,California
Mendocino,2020-12-31,132,1422,97,882,35,540,0,0,132,1258,0,0,132,1258,California
Mendocino,2021-01-01,9,1431,6,888,3,543,0,0,9,1267,0,0,9,1267,California
Mendocino,2021-01-04,838,2269,18,906,820,1363,0,0,838,2105,0,0,838,2105,California
Mendocino,2021-01-05,74,2343,36,942,38,1401,0,0,61,2153,13,13,61,2166,California
Mendocino,2021-01-06,155,2498,133,1075,22,1423,0,0,146,2290,9,22,146,2312,California
Mendocino,2021-01-07,362,2860,239,1314,123,1546,0,0,299,2526,63,85,299,2611,California
Mendocino,2021-01-08,93,2953,80,1394,13,1559,0,0,40,2514,53,138,41,2652,California
Mendocino,2021-01-09,10,2963,6,1400,4,1563,0,0,8,2520,2,140,8,2660,California
Mendocino,2021-01-10,9,2972,8,1408,1,1564,0,0,2,2515,7,147,2,2662,California
Mendocino,2021-01-11,101,3073,92,1500,9,1573,0,0,43,2501,57,204,43,2705,California
Mendocino,2021-01-12,388,3461,378,1878,10,1583,0,0,271,2655,117,321,271,2976,California
Mendocino,2021-01-13,495,3956,149,2027,346,1929,0,0,450,3063,43,364,451,3427,California
Mendocino,2021-01-14,651,4607,20,2047,631,2560,0,0,642,3696,9,373,642,4069,California
Mendocino,2021-01-15,1872,6479,861,2908,1011,3571,0,0,1868,5561,4,377,1869,5938,California
Mendocino,2021-01-16,794,7273,49,2957,745,4316,0,0,792,6351,2,379,792,6730,California
Mendocino,2021-01-17,555,7828,1,2958,554,4870,0,0,554,6904,1,380,554,7284,California
Mendocino,2021-01-18,486,8314,461,3419,25,4895,0,0,476,7370,10,390,476,7760,California
Mendocino,2021-01-19,330,8644,145,3564,185,5080,0,0,156,7352,174,564,156,7916,California
Mendocino,2021-01-20,555,9199,407,3971,148,5228,0,0,449,7698,104,668,450,8366,California
Mendocino,2021-01-21,538,9737,226,4197,312,5540,0,0,352,7865,185,853,352,8718,California
Mendocino,2021-01-22,152,9889,59,4256,93,5633,0,0,113,7939,39,892,113,8831,California
Mendocino,2021-01-23,157,10046,85,4341,72,5705,0,0,151,8084,6,898,151,8982,California
Mendocino,2021-01-24,4,10050,2,4343,2,5707,0,0,4,8088,0,898,4,8986,California
Mendocino,2021-01-25,192,10242,18,4361,174,5881,0,0,122,8140,70,968,122,9108,California
Mendocino,2021-01-26,152,10394,53,4414,99,5980,0,0,94,8176,58,1026,94,9202,California
Mendocino,2021-01-27,442,10836,372,4786,70,6050,0,0,176,8093,259,1285,176,9378,California
Mendocino,2021-01-28,593,11429,529,5315,64,6114,0,0,499,8499,93,1378,499,9877,California
Mendocino,2021-01-29,392,11821,352,5667,40,6154,0,0,363,8834,29,1407,364,10241,California
Mendocino,2021-01-30,50,11871,32,5699,18,6172,0,0,44,8872,6,1413,44,10285,California
Mendocino,2021-01-31,276,12147,2,5701,274,6446,0,0,4,8604,272,1685,4,10289,California
Mendocino,2021-02-01,382,12529,52,5753,330,6776,0,0,59,8340,323,2008,59,10348,California
Mendocino,2021-02-02,739,13268,519,6272,220,6996,0,0,378,8357,361,2369,378,10726,California
Mendocino,2021-02-03,393,13661,208,6480,185,7181,0,0,222,8410,169,2538,222,10948,California
Mendocino,2021-02-04,628,14289,532,7012,96,7277,0,0,502,8786,126,2664,502,11450,California
Mendocino,2021-02-05,1307,15596,1216,8228,91,7368,0,0,586,8653,719,3383,586,12036,California
Mendocino,2021-02-06,553,16149,153,8381,400,7768,0,0,538,9176,15,3398,538,12574,California
Mendocino,2021-02-07,33,16182,29,8410,4,7772,0,0,33,9209,0,3398,33,12607,California
Mendocino,2021-02-08,747,16929,715,9125,32,7804,0,0,284,9030,463,3861,284,12891,California
Mendocino,2021-02-09,140,17069,58,9183,82,7886,0,0,88,9066,52,3913,88,12979,California
Mendocino,2021-02-10,1489,18558,926,10109,563,8449,0,0,742,9068,740,4653,742,13721,California
Mendocino,2021-02-11,1210,19768,207,10316,1003,9452,0,0,300,8458,910,5563,300,14021,California
Mendocino,2021-02-12,1459,21227,162,10478,1297,10749,0,0,659,8318,799,6362,659,14680,California
Mendocino,2021-02-13,502,21729,16,10494,486,11235,0,0,103,8028,398,6760,108,14788,California
Mendocino,2021-02-14,696,22425,4,10498,692,11927,0,0,135,7602,561,7321,135,14923,California
Mendocino,2021-02-15,330,22755,42,10540,288,12215,0,0,174,7620,156,7477,174,15097,California
Mendocino,2021-02-16,199,22954,52,10592,147,12362,0,0,128,7677,71,7548,128,15225,California
Mendocino,2021-02-17,1353,24307,1190,11782,163,12525,0,0,876,8078,475,8023,876,16101,California
Mendocino,2021-02-18,1789,26096,646,12428,1143,13668,0,0,1222,8735,565,8588,1222,17323,California
Mendocino,2021-02-19,755,26851,147,12575,608,14276,0,0,613,9207,142,8730,614,17937,California
Mendocino,2021-02-20,582,27433,556,13131,26,14302,0,0,549,9725,31,8761,549,18486,California
Mendocino,2021-02-21,325,27758,6,13137,319,14621,0,0,313,10027,11,8772,313,18799,California
Mendocino,2021-02-22,161,27919,29,13166,132,14753,0,0,69,10006,90,8862,69,18868,California
Mendocino,2021-02-23,860,28779,847,14013,13,14766,0,0,646,10440,212,9074,646,19514,California
Mendocino,2021-02-24,1854,30633,1771,15784,83,14849,0,0,1441,11475,408,9482,1443,20957,California
Mendocino,2021-02-25,1709,32342,534,16318,1175,16024,0,0,1285,12337,423,9905,1285,22242,California
Mendocino,2021-02-26,1415,33757,749,17067,666,16690,0,0,1052,13029,360,10265,1052,23294,California
Mendocino,2021-02-27,198,33955,146,17213,52,16742,0,0,77,12986,120,10385,77,23371,California
Mendocino,2021-02-28,34,33989,12,17225,22,16764,0,0,24,13000,10,10395,24,23395,California
Mendocino,2021-03-01,594,34583,551,17776,43,16807,0,0,554,13517,37,10432,554,23949,California
Mendocino,2021-03-02,73,34656,27,17803,46,16853,0,0,39,13523,33,10465,39,23988,California
Mendocino,2021-03-03,2039,36695,1339,19142,700,17553,0,0,1387,14261,649,11114,1387,25375,California
Mendocino,2021-03-04,1850,38545,147,19289,1703,19256,0,0,1633,15681,214,11328,1634,27009,California
Mendocino,2021-03-05,476,39021,417,19706,50,19306,9,9,372,15962,100,11428,381,27390,California
Mendocino,2021-03-06,246,39267,23,19729,197,19503,26,35,202,16147,43,11471,228,27618,California
Mendocino,2021-03-07,506,39773,8,19737,478,19981,20,55,117,15895,388,11859,136,27754,California
Mendocino,2021-03-08,123,39896,28,19765,57,20038,38,93,63,15938,58,11917,101,27855,California
Mendocino,2021-03-09,936,40832,600,20365,296,20334,40,133,831,16704,105,12022,871,28726,California
Mendocino,2021-03-10,1146,41978,983,21348,98,20432,65,198,271,16172,871,12893,339,29065,California
Mendocino,2021-03-11,844,42822,628,21976,163,20595,53,251,402,16188,439,13332,455,29520,California
Mendocino,2021-03-12,2071,44893,1058,23034,899,21494,114,365,1239,16716,825,14157,1353,30873,California
Mendocino,2021-03-13,706,45599,572,23606,76,21570,58,423,104,16280,598,14755,162,31035,California
Mendocino,2021-03-14,106,45705,4,23610,95,21665,7,430,12,16209,90,14845,19,31054,California
Mendocino,2021-03-15,606,46311,51,23661,496,22161,59,489,216,16095,388,15233,274,31328,California
Mendocino,2021-03-16,580,46891,386,24047,148,22309,46,535,117,15797,461,15694,163,31491,California
Mendocino,2021-03-17,1587,48478,1387,25434,51,22360,149,684,217,14803,1366,17060,372,31863,California
Mendocino,2021-03-18,1310,49788,248,25682,1025,23385,37,721,281,14099,1021,18081,317,32180,California
Mendocino,2021-03-19,1777,51565,855,26537,863,24248,59,780,332,13052,1440,19521,393,32573,California
Mendocino,2021-03-20,68,51633,10,26547,38,24286,20,800,11,13026,57,19578,31,32604,California
Mendocino,2021-03-21,8,51641,1,26548,2,24288,5,805,3,13029,5,19583,8,32612,California
Mendocino,2021-03-22,661,52302,617,27165,15,24303,29,834,146,12692,511,20094,174,32786,California
Mendocino,2021-03-23,161,52463,31,27196,100,24403,30,864,111,12783,50,20144,141,32927,California
Mendocino,2021-03-24,916,53379,845,28041,24,24427,47,911,108,12132,806,20950,155,33082,California
Mendocino,2021-03-25,2017,55396,53,28094,1944,26371,20,931,178,10495,1833,22783,196,33278,California
Mendocino,2021-03-26,546,55942,394,28488,126,26497,26,957,113,10201,432,23215,138,33416,California
Mendocino,2021-03-27,144,56086,13,28501,119,26616,12,969,80,10229,63,23278,91,33507,California
Mendocino,2021-03-28,24,56110,5,28506,15,26631,4,973,3,10216,20,23298,7,33514,California
Mendocino,2021-03-29,191,56301,99,28605,48,26679,44,1017,97,10263,94,23392,141,33655,California
Mendocino,2021-03-30,712,57013,629,29234,46,26725,37,1054,103,9796,607,23999,140,33795,California
Mendocino,2021-03-31,916,57929,281,29515,574,27299,61,1115,153,9249,761,24760,214,34009,California
Mendocino,2021-04-01,1750,59679,421,29936,1248,28547,81,1196,380,8349,1360,26120,460,34469,California
Mendocino,2021-04-02,1311,60990,1079,31015,159,28706,73,1269,157,7428,1151,27271,230,34699,California
Mendocino,2021-04-03,709,61699,10,31025,678,29384,21,1290,87,6919,617,27888,108,34807,California
Mendocino,2021-04-04,71,61770,35,31060,30,29414,6,1296,55,6964,16,27904,61,34868,California
Mendocino,2021-04-05,210,61980,140,31200,46,29460,24,1320,125,7025,85,27989,146,35014,California
Mendocino,2021-04-06,396,62376,123,31323,179,29639,94,1414,108,6939,288,28277,202,35216,California
Mendocino,2021-04-07,490,62866,179,31502,65,29704,246,1660,115,6927,372,28649,360,35576,California
Mendocino,2021-04-08,1503,64369,924,32426,465,30169,114,1774,1009,7564,487,29136,1124,36700,California
Mendocino,2021-04-09,763,65132,429,32855,173,30342,161,1935,399,7761,363,29499,560,37260,California
Mendocino,2021-04-10,408,65540,92,32947,271,30613,45,1980,99,7596,309,29808,144,37404,California
Mendocino,2021-04-11,121,65661,47,32994,19,30632,55,2035,59,7648,62,29870,114,37518,California
Mendocino,2021-04-12,622,66283,514,33508,48,30680,60,2095,406,7898,216,30086,466,37984,California
Mendocino,2021-04-13,288,66571,226,33734,62,30742,0,2095,222,8054,66,30152,222,38206,California
Mendocino,2021-04-14,520,67091,428,34162,92,30834,0,2095,422,8378,98,30250,422,38628,California
Mendocino,2021-04-15,660,67751,329,34491,331,31165,0,2095,388,8499,267,30517,388,39016,California
Mendocino,2021-04-16,125,67876,54,34545,70,31235,1,2096,77,8530,47,30564,78,39094,California
Mendocino,2021-04-17,195,68071,13,34558,182,31417,0,2096,68,8473,125,30689,68,39162,California
Mendocino,2021-04-18,14,68085,6,34564,8,31425,0,2096,7,8475,5,30694,7,39169,California
Mendocino,2021-04-19,537,68622,515,35079,21,31446,1,2097,425,8790,111,30805,426,39595,California
Mendocino,2021-04-20,418,69040,290,35369,128,31574,0,2097,263,8899,154,30959,263,39858,California
Mendocino,2021-04-21,190,69230,134,35503,55,31629,1,2098,115,8941,73,31032,115,39973,California
Mendocino,2021-04-22,486,69716,314,35817,171,31800,1,2099,313,9084,170,31202,313,40286,California
Mendocino,2021-04-23,851,70567,701,36518,150,31950,0,2099,696,9628,152,31354,696,40982,California
Mendocino,2021-04-24,107,70674,14,36532,93,32043,0,2099,100,9721,7,31361,100,41082,California
Mendocino,2021-04-25,57,70731,34,36566,19,32062,4,2103,19,9706,38,31399,23,41105,California
Mendocino,2021-04-26,307,71038,238,36804,64,32126,5,2108,201,9807,105,31504,206,41311,California
Mendocino,2021-04-27,206,71244,90,36894,89,32215,27,2135,94,9816,111,31615,120,41431,California
Mendocino,2021-04-28,225,71469,151,37045,55,32270,19,2154,129,9869,96,31711,149,41580,California
Mendocino,2021-04-29,1147,72616,843,37888,289,32559,15,2169,110,8962,1032,32743,125,41705,California
Mendocino,2021-04-30,606,73222,383,38271,214,32773,9,2178,227,8820,378,33121,236,41941,California
Mendocino,2021-05-01,472,73694,432,38703,33,32806,7,2185,367,9090,104,33225,374,42315,California
Mendocino,2021-05-02,55,73749,45,38748,7,32813,3,2188,8,9054,47,33272,11,42326,California
Mendocino,2021-05-03,148,73897,85,38833,41,32854,22,2210,43,9016,103,33375,65,42391,California
Mendocino,2021-05-04,378,74275,252,39085,92,32946,34,2244,140,8952,238,33613,174,42565,California
Mendocino,2021-05-05,875,75150,789,39874,71,33017,15,2259,220,8532,654,34267,234,42799,California
Mendocino,2021-05-06,631,75781,381,40255,228,33245,22,2281,154,8233,475,34742,176,42975,California
Mendocino,2021-05-07,184,75965,34,40289,126,33371,24,2305,120,8314,63,34805,144,43119,California
Mendocino,2021-05-08,126,76091,4,40293,121,33492,1,2306,110,8410,15,34820,111,43230,California
Mendocino,2021-05-09,20,76111,5,40298,14,33506,1,2307,3,8397,17,34837,4,43234,California
Mendocino,2021-05-10,242,76353,161,40459,76,33582,5,2312,149,8458,93,34930,154,43388,California
Mendocino,2021-05-11,278,76631,141,40600,119,33701,18,2330,130,8457,147,35077,146,43534,California
Mendocino,2021-05-12,142,76773,80,40680,54,33755,8,2338,44,8413,96,35173,52,43586,California
Mendocino,2021-05-13,1231,78004,1123,41803,91,33846,17,2355,322,7843,909,36082,339,43925,California
Mendocino,2021-05-14,717,78721,490,42293,163,34009,64,2419,246,7687,466,36548,310,44235,California
Mendocino,2021-05-15,82,78803,27,42320,51,34060,4,2423,38,7685,44,36592,42,44277,California
Mendocino,2021-05-16,115,78918,102,42422,11,34071,2,2425,98,7769,17,36609,101,44378,California
Mendocino,2021-05-17,168,79086,83,42505,69,34140,16,2441,93,7803,75,36684,109,44487,California
Mendocino,2021-05-18,244,79330,118,42623,98,34238,28,2469,107,7801,136,36820,134,44621,California
Mendocino,2021-05-19,331,79661,196,42819,114,34352,21,2490,244,7981,85,36905,265,44886,California
Mendocino,2021-05-20,292,79953,117,42936,133,34485,42,2532,106,7946,183,37088,148,45034,California
Mendocino,2021-05-21,644,80597,469,43405,160,34645,15,2547,501,8320,142,37230,516,45550,California
Mendocino,2021-05-22,782,81379,674,44079,100,34745,8,2555,242,8031,539,37769,250,45800,California
Mendocino,2021-05-23,28,81407,11,44090,10,34755,7,2562,15,8039,13,37782,21,45821,California
Mendocino,2021-05-24,126,81533,43,44133,62,34817,21,2583,59,8053,66,37848,80,45901,California
Mendocino,2021-05-25,294,81827,176,44309,89,34906,29,2612,134,8056,160,38008,163,46064,California
Mendocino,2021-05-26,322,82149,242,44551,68,34974,12,2624,130,8007,191,38199,142,46206,California
Mendocino,2021-05-27,244,82393,112,44663,110,35084,22,2646,102,7990,140,38339,123,46329,California
Mendocino,2021-05-28,235,82628,96,44759,127,35211,12,2658,154,8077,79,38418,166,46495,California
Mendocino,2021-05-29,47,82675,16,44775,26,35237,5,2663,27,8089,20,38438,32,46527,California
Mendocino,2021-05-30,15,82690,2,44777,12,35249,1,2664,10,8095,5,38443,11,46538,California
Mendocino,2021-05-31,5,82695,0,44777,4,35253,1,2665,2,8095,3,38446,3,46541,California
Mendocino,2021-06-01,296,82991,90,44867,197,35450,9,2674,80,7968,216,38662,89,46630,California
Mendocino,2021-06-02,156,83147,58,44925,90,35540,8,2682,55,7933,98,38760,63,46693,California
Mendocino,2021-06-03,558,83705,458,45383,91,35631,9,2691,122,7635,429,39189,131,46824,California
Mendocino,2021-06-04,312,84017,189,45572,101,35732,22,2713,82,7509,230,39419,104,46928,California
Mendocino,2021-06-05,158,84175,63,45635,77,35809,18,2731,59,7489,97,39516,77,47005,California
Mendocino,2021-06-06,63,84238,58,45693,2,35811,3,2734,2,7433,61,39577,5,47010,California
Mendocino,2021-06-07,148,84386,72,45765,64,35875,12,2746,59,7415,89,39666,71,47081,California
Mendocino,2021-06-08,216,84602,124,45889,79,35954,13,2759,94,7403,119,39785,107,47188,California
Mendocino,2021-06-09,265,84867,217,46106,41,35995,7,2766,85,7317,179,39964,93,47281,California
Mendocino,2021-06-10,69,84936,33,46139,31,36026,5,2771,34,7322,35,39999,40,47321,California
Mendocino,2021-06-11,531,85467,465,46604,52,36078,14,2785,46,6898,484,40483,60,47381,California
Mendocino,2021-06-12,44,85511,27,46631,12,36090,5,2790,14,6888,29,40512,19,47400,California
Mendocino,2021-06-13,3,85514,0,46631,1,36091,2,2792,1,6889,2,40514,3,47403,California
Merced,2020-12-16,3,3,3,3,0,0,0,0,3,3,0,0,3,3,California
Merced,2020-12-17,8,11,8,11,0,0,0,0,8,11,0,0,8,11,California
Merced,2020-12-18,144,155,144,155,0,0,0,0,144,155,0,0,144,155,California
Merced,2020-12-19,37,192,37,192,0,0,0,0,37,192,0,0,37,192,California
Merced,2020-12-20,18,210,18,210,0,0,0,0,18,210,0,0,18,210,California
Merced,2020-12-21,124,334,121,331,3,3,0,0,124,334,0,0,124,334,California
Merced,2020-12-22,152,486,152,483,0,3,0,0,152,486,0,0,152,486,California
Merced,2020-12-23,250,736,244,727,6,9,0,0,250,736,0,0,250,736,California
Merced,2020-12-24,72,808,72,799,0,9,0,0,72,808,0,0,72,808,California
Merced,2020-12-25,4,812,4,803,0,9,0,0,4,812,0,0,4,812,California
Merced,2020-12-26,6,818,3,806,3,12,0,0,6,818,0,0,6,818,California
Merced,2020-12-27,12,830,11,817,1,13,0,0,12,830,0,0,12,830,California
Merced,2020-12-28,122,952,97,914,25,38,0,0,122,952,0,0,122,952,California
Merced,2020-12-29,181,1133,124,1038,57,95,0,0,181,1133,0,0,181,1133,California
Merced,2020-12-30,215,1348,89,1127,126,221,0,0,215,1348,0,0,215,1348,California
Merced,2020-12-31,103,1451,34,1161,69,290,0,0,103,1451,0,0,103,1451,California
Merced,2021-01-01,5,1456,1,1162,4,294,0,0,5,1456,0,0,5,1456,California
Merced,2021-01-02,129,1585,118,1280,11,305,0,0,129,1585,0,0,129,1585,California
Merced,2021-01-03,9,1594,5,1285,4,309,0,0,9,1594,0,0,9,1594,California
Merced,2021-01-04,83,1677,43,1328,40,349,0,0,83,1677,0,0,83,1677,California
Merced,2021-01-05,321,1998,232,1560,89,438,0,0,315,1988,6,6,317,1994,California
Merced,2021-01-06,257,2255,105,1665,152,590,0,0,252,2235,5,11,252,2246,California
Merced,2021-01-07,186,2441,83,1748,103,693,0,0,175,2398,12,23,175,2421,California
Merced,2021-01-08,527,2968,393,2141,134,827,0,0,375,2622,151,174,375,2796,California
Merced,2021-01-09,22,2990,9,2150,13,840,0,0,17,2634,5,179,17,2813,California
Merced,2021-01-10,11,3001,7,2157,4,844,0,0,7,2637,4,183,7,2820,California
Merced,2021-01-11,229,3230,171,2328,58,902,0,0,102,2614,127,310,104,2924,California
Merced,2021-01-12,291,3521,168,2496,123,1025,0,0,243,2808,49,359,243,3167,California
Merced,2021-01-13,378,3899,175,2671,203,1228,0,0,226,2885,152,511,229,3396,California
Merced,2021-01-14,322,4221,201,2872,121,1349,0,0,156,2877,165,676,157,3553,California
Merced,2021-01-15,583,4804,129,3001,454,1803,0,0,544,3384,40,716,547,4100,California
Merced,2021-01-16,213,5017,129,3130,84,1887,0,0,196,3563,17,733,196,4296,California
Merced,2021-01-17,50,5067,12,3142,38,1925,0,0,49,3611,1,734,49,4345,California
Merced,2021-01-18,266,5333,127,3269,139,2064,0,0,243,3835,23,757,247,4592,California
Merced,2021-01-19,713,6046,589,3858,124,2188,0,0,540,4207,173,930,545,5137,California
Merced,2021-01-20,572,6618,467,4325,105,2293,0,0,515,4668,57,987,518,5655,California
Merced,2021-01-21,1011,7629,651,4976,360,2653,0,0,911,5482,100,1087,914,6569,California
Merced,2021-01-22,1314,8943,694,5670,620,3273,0,0,1286,6753,27,1114,1298,7867,California
Merced,2021-01-23,324,9267,198,5868,126,3399,0,0,217,6863,107,1221,217,8084,California
Merced,2021-01-24,37,9304,15,5883,22,3421,0,0,28,6883,8,1229,28,8112,California
Merced,2021-01-25,730,10034,241,6124,489,3910,0,0,669,7493,60,1289,670,8782,California
Merced,2021-01-26,918,10952,487,6611,431,4341,0,0,675,7953,216,1505,676,9458,California
Merced,2021-01-27,986,11938,589,7200,397,4738,0,0,816,8601,168,1673,816,10274,California
Merced,2021-01-28,1142,13080,596,7796,546,5284,0,0,1018,9497,123,1796,1019,11293,California
Merced,2021-01-29,850,13930,322,8118,528,5812,0,0,598,9859,239,2035,601,11894,California
Merced,2021-01-30,262,14192,28,8146,234,6046,0,0,244,10085,18,2053,244,12138,California
Merced,2021-01-31,47,14239,11,8157,36,6082,0,0,46,10130,1,2054,46,12184,California
Merced,2021-02-01,379,14618,55,8212,324,6406,0,0,327,10407,51,2105,328,12512,California
Merced,2021-02-02,298,14916,179,8391,119,6525,0,0,178,10469,117,2222,179,12691,California
Merced,2021-02-03,350,15266,72,8463,278,6803,0,0,170,10458,181,2403,170,12861,California
Merced,2021-02-04,370,15636,145,8608,225,7028,0,0,239,10568,130,2533,240,13101,California
Merced,2021-02-05,509,16145,169,8777,340,7368,0,0,271,10604,237,2770,273,13374,California
Merced,2021-02-06,388,16533,217,8994,171,7539,0,0,244,10708,141,2911,245,13619,California
Merced,2021-02-07,20,16553,12,9006,8,7547,0,0,13,10714,7,2918,13,13632,California
Merced,2021-02-08,283,16836,199,9205,84,7631,0,0,171,10776,110,3028,172,13804,California
Merced,2021-02-09,1216,18052,956,10161,260,7891,0,0,772,11113,436,3464,773,14577,California
Merced,2021-02-10,1857,19909,1433,11594,424,8315,0,0,1273,11812,574,4038,1273,15850,California
Merced,2021-02-11,2506,22415,2011,13605,495,8810,0,0,1816,12950,678,4716,1816,17666,California
Merced,2021-02-12,1720,24135,1020,14625,700,9510,0,0,746,12743,956,5672,749,18415,California
Merced,2021-02-13,362,24497,208,14833,154,9664,0,0,263,12913,95,5767,265,18680,California
Merced,2021-02-14,117,24614,25,14858,92,9756,0,0,95,12987,22,5789,96,18776,California
Merced,2021-02-15,274,24888,42,14900,232,9988,0,0,169,13059,98,5887,170,18946,California
Merced,2021-02-16,1217,26105,844,15744,373,10361,0,0,834,13533,364,6251,838,19784,California
Merced,2021-02-17,1886,27991,1641,17385,245,10606,0,0,1311,14294,559,6810,1320,21104,California
Merced,2021-02-18,1218,29209,825,18210,393,10999,0,0,407,13914,790,7600,410,21514,California
Merced,2021-02-19,1263,30472,414,18624,849,11848,0,0,537,13733,720,8320,539,22053,California
Merced,2021-02-20,278,30750,31,18655,247,12095,0,0,139,13735,137,8457,139,22192,California
Merced,2021-02-21,76,30826,62,18717,14,12109,0,0,30,13721,44,8501,30,22222,California
Merced,2021-02-22,833,31659,296,19013,537,12646,0,0,482,13855,349,8850,483,22705,California
Merced,2021-02-23,1080,32739,421,19434,659,13305,0,0,637,14056,437,9287,638,23343,California
Merced,2021-02-24,821,33560,303,19737,518,13823,0,0,450,14145,362,9649,451,23794,California
Merced,2021-02-25,1773,35333,881,20618,892,14715,0,0,1318,15014,452,10101,1321,25115,California
Merced,2021-02-26,2157,37490,1382,22000,775,15490,0,0,1742,16349,408,10509,1743,26858,California
Merced,2021-02-27,2610,40100,1183,23183,1427,16917,0,0,2325,18390,284,10793,2325,29183,California
Merced,2021-02-28,312,40412,73,23256,238,17155,1,1,258,18598,50,10843,258,29441,California
Merced,2021-03-01,1127,41539,284,23540,842,17997,1,2,783,19048,334,11177,784,30225,California
Merced,2021-03-02,1757,43296,910,24450,846,18843,1,3,1362,20026,387,11564,1365,31590,California
Merced,2021-03-03,2236,45532,1736,26186,499,19342,1,4,1473,20757,744,12308,1475,33065,California
Merced,2021-03-04,2901,48433,2275,28461,624,19966,2,6,1926,21729,957,13265,1929,34994,California
Merced,2021-03-05,2078,50511,1200,29661,854,20820,24,30,1533,22757,530,13795,1558,36552,California
Merced,2021-03-06,1168,51679,664,30325,482,21302,22,52,912,23436,255,14050,934,37486,California
Merced,2021-03-07,230,51909,68,30393,138,21440,24,76,202,23634,28,14078,226,37712,California
Merced,2021-03-08,1405,53314,807,31200,533,21973,65,141,1189,24672,215,14293,1253,38965,California
Merced,2021-03-09,1695,55009,1004,32204,583,22556,108,249,1097,25285,592,14885,1205,40170,California
Merced,2021-03-10,2711,57720,1876,34080,634,23190,201,450,1633,26059,1063,15948,1837,42007,California
Merced,2021-03-11,1947,59667,698,34778,1048,24238,201,651,1229,26808,703,16651,1452,43459,California
Merced,2021-03-12,2217,61884,903,35681,1041,25279,273,924,1497,27874,715,17366,1781,45240,California
Merced,2021-03-13,1007,62891,309,35990,457,25736,241,1165,703,28523,296,17662,945,46185,California
Merced,2021-03-14,251,63142,137,36127,84,25820,30,1195,150,28603,100,17762,180,46365,California
Merced,2021-03-15,1526,64668,498,36625,771,26591,257,1452,1004,29349,514,18276,1260,47625,California
Merced,2021-03-16,1473,66141,717,37342,529,27120,227,1679,980,30075,482,18758,1208,48833,California
Merced,2021-03-17,1973,68114,1068,38410,727,27847,178,1857,1515,31322,448,19206,1695,50528,California
Merced,2021-03-18,2129,70243,1254,39664,727,28574,148,2005,1395,32160,719,19925,1557,52085,California
Merced,2021-03-19,2673,72916,1458,41122,1018,29592,197,2202,1386,32467,1276,21201,1583,53668,California
Merced,2021-03-20,2453,75369,1525,42647,533,30125,395,2597,963,32345,1485,22686,1363,55031,California
Merced,2021-03-21,556,75925,343,42990,201,30326,12,2609,437,32677,119,22805,451,55482,California
Merced,2021-03-22,1265,77190,631,43621,557,30883,77,2686,886,33272,370,23175,965,56447,California
Merced,2021-03-23,1836,79026,1107,44728,666,31549,63,2749,1356,34218,473,23648,1419,57866,California
Merced,2021-03-24,1470,80496,930,45658,505,32054,35,2784,992,34773,472,24120,1027,58893,California
Merced,2021-03-25,3328,83824,2281,47939,1024,33078,23,2807,2087,35657,1229,25349,2113,61006,California
Merced,2021-03-26,1942,85766,1090,49029,818,33896,34,2841,895,35550,1035,26384,928,61934,California
Merced,2021-03-27,3564,89330,1908,50937,1239,35135,417,3258,1553,35524,1997,28381,1971,63905,California
Merced,2021-03-28,526,89856,217,51154,301,35436,8,3266,215,35439,308,28689,223,64128,California
Merced,2021-03-29,1830,91686,781,51935,882,36318,167,3433,669,35127,1152,29841,840,64968,California
Merced,2021-03-30,2149,93835,805,52740,1285,37603,59,3492,989,35023,1154,30995,1050,66018,California
Merced,2021-03-31,2151,95986,1413,54153,700,38303,38,3530,952,34833,1181,32176,991,67009,California
Merced,2021-04-01,2347,98333,1053,55206,1164,39467,130,3660,1046,34720,1289,33465,1176,68185,California
Merced,2021-04-02,2338,100671,642,55848,1291,40758,405,4065,786,34377,1535,35000,1192,69377,California
Merced,2021-04-03,979,101650,496,56344,468,41226,15,4080,567,34554,407,35407,584,69961,California
Merced,2021-04-04,369,102019,143,56487,223,41449,3,4083,142,34475,226,35633,147,70108,California
Merced,2021-04-05,1277,103296,608,57095,455,41904,214,4297,418,34254,852,36485,631,70739,California
Merced,2021-04-06,2420,105716,896,57991,696,42600,828,5125,890,34445,1525,38010,1716,72455,California
Merced,2021-04-07,1673,107389,897,58888,668,43268,108,5233,592,34084,1063,39073,702,73157,California
Merced,2021-04-08,2431,109820,1294,60182,920,44188,217,5450,942,33784,1457,40530,1157,74314,California
Merced,2021-04-09,1702,111522,475,60657,650,44838,577,6027,567,33813,1116,41646,1145,75459,California
Merced,2021-04-10,979,112501,368,61025,424,45262,187,6214,175,33375,798,42444,360,75819,California
Merced,2021-04-11,489,112990,283,61308,72,45334,134,6348,148,33319,339,42783,283,76102,California
Merced,2021-04-12,1503,114493,986,62294,392,45726,125,6473,868,33714,598,43381,993,77095,California
Merced,2021-04-13,2044,116537,1465,63759,577,46303,2,6475,939,33645,1014,44395,945,78040,California
Merced,2021-04-14,2099,118636,1264,65023,835,47138,0,6475,928,33536,1039,45434,930,78970,California
Merced,2021-04-15,3021,121657,1977,67000,1044,48182,0,6475,953,32661,1834,47268,959,79929,California
Merced,2021-04-16,2381,124038,1166,68166,1215,49397,0,6475,971,32320,1312,48580,971,80900,California
Merced,2021-04-17,2096,126134,1436,69602,659,50056,1,6476,685,31603,1404,49984,687,81587,California
Merced,2021-04-18,472,126606,248,69850,224,50280,0,6476,191,31541,253,50237,191,81778,California
Merced,2021-04-19,1337,127943,752,70602,585,50865,0,6476,706,31713,535,50772,707,82485,California
Merced,2021-04-20,1477,129420,741,71343,736,51601,0,6476,805,31915,603,51375,805,83290,California
Merced,2021-04-21,1504,130924,913,72256,591,52192,0,6476,762,32048,630,52005,763,84053,California
Merced,2021-04-22,1620,132544,743,72999,877,53069,0,6476,783,32076,756,52761,784,84837,California
Merced,2021-04-23,1651,134195,686,73685,965,54034,0,6476,886,32244,719,53480,887,85724,California
Merced,2021-04-24,874,135069,701,74386,173,54207,0,6476,600,32575,269,53749,600,86324,California
Merced,2021-04-25,327,135396,187,74573,140,54347,0,6476,192,32635,132,53881,192,86516,California
Merced,2021-04-26,1221,136617,535,75108,686,55033,0,6476,642,32733,546,54427,644,87160,California
Merced,2021-04-27,1770,138387,893,76001,865,55898,12,6488,713,32471,988,55415,726,87886,California
Merced,2021-04-28,1370,139757,680,76681,682,56580,8,6496,783,32699,564,55979,792,88678,California
Merced,2021-04-29,1441,141198,630,77311,786,57366,25,6521,684,32662,748,56727,711,89389,California
Merced,2021-04-30,1457,142655,615,77926,798,58164,44,6565,748,32753,702,57429,793,90182,California
Merced,2021-05-01,561,143216,241,78167,315,58479,5,6570,261,32722,296,57725,265,90447,California
Merced,2021-05-02,295,143511,120,78287,160,58639,15,6585,130,32705,164,57889,147,90594,California
Merced,2021-05-03,846,144357,555,78842,221,58860,70,6655,303,32540,539,58428,374,90968,California
Merced,2021-05-04,1018,145375,545,79387,421,59281,52,6707,376,32329,639,59067,428,91396,California
Merced,2021-05-05,1359,146734,859,80246,424,59705,76,6783,654,32367,693,59760,731,92127,California
Merced,2021-05-06,916,147650,479,80725,387,60092,50,6833,301,32111,607,60367,351,92478,California
Merced,2021-05-07,937,148587,293,81018,602,60694,42,6875,397,32017,536,60903,442,92920,California
Merced,2021-05-08,397,148984,202,81220,159,60853,36,6911,183,32023,213,61116,219,93139,California
Merced,2021-05-09,212,149196,105,81325,100,60953,7,6918,101,32021,110,61226,108,93247,California
Merced,2021-05-10,694,149890,357,81682,300,61253,37,6955,189,31745,503,61729,227,93474,California
Merced,2021-05-11,1143,151033,680,82362,406,61659,57,7012,438,31540,700,62429,495,93969,California
Merced,2021-05-12,1053,152086,587,82949,424,62083,42,7054,355,31243,695,63124,398,94367,California
Merced,2021-05-13,842,152928,439,83388,361,62444,42,7096,332,31111,506,63630,374,94741,California
Merced,2021-05-14,1025,153953,616,84004,369,62813,40,7136,535,31202,484,64114,575,95316,California
Merced,2021-05-15,757,154710,574,84578,164,62977,19,7155,449,31373,298,64412,469,95785,California
Merced,2021-05-16,348,155058,233,84811,107,63084,8,7163,199,31434,147,64559,208,95993,California
Merced,2021-05-17,1092,156150,712,85523,350,63434,30,7193,539,31457,547,65106,570,96563,California
Merced,2021-05-18,1269,157419,850,86373,388,63822,31,7224,719,31663,544,65650,750,97313,California
Merced,2021-05-19,1104,158523,756,87129,341,64163,7,7231,627,31827,474,66124,638,97951,California
Merced,2021-05-20,1032,159555,546,87675,431,64594,55,7286,393,31640,637,66761,450,98401,California
Merced,2021-05-21,1174,160729,670,88345,476,65070,28,7314,486,31477,678,67439,515,98916,California
Merced,2021-05-22,750,161479,537,88882,200,65270,13,7327,448,31642,299,67738,464,99380,California
Merced,2021-05-23,330,161809,232,89114,86,65356,12,7339,221,31767,108,67846,233,99613,California
Merced,2021-05-24,534,162343,248,89362,256,65612,30,7369,216,31700,314,68160,247,99860,California
Merced,2021-05-25,761,163104,431,89793,296,65908,34,7403,401,31778,357,68517,435,100295,California
Merced,2021-05-26,973,164077,551,90344,389,66297,33,7436,407,31654,564,69081,440,100735,California
Merced,2021-05-27,924,165001,654,90998,237,66534,33,7469,573,31913,348,69429,607,101342,California
Merced,2021-05-28,764,165765,345,91343,372,66906,47,7516,339,31883,417,69846,387,101729,California
Merced,2021-05-29,391,166156,271,91614,112,67018,8,7524,172,31848,216,70062,181,101910,California
Merced,2021-05-30,214,166370,146,91760,57,67075,11,7535,135,31916,78,70140,146,102056,California
Merced,2021-05-31,110,166480,24,91784,80,67155,6,7541,31,31877,77,70217,38,102094,California
Merced,2021-06-01,792,167272,470,92254,290,67445,32,7573,340,31802,447,70664,372,102466,California
Merced,2021-06-02,674,167946,479,92733,169,67614,26,7599,350,31861,317,70981,376,102842,California
Merced,2021-06-03,751,168697,478,93211,240,67854,33,7632,336,31820,409,71390,368,103210,California
Merced,2021-06-04,777,169474,435,93646,320,68174,22,7654,325,31722,446,71836,348,103558,California
Merced,2021-06-05,490,169964,387,94033,94,68268,9,7663,181,31608,304,72140,190,103748,California
Merced,2021-06-06,225,170189,189,94222,30,68298,6,7669,84,31557,141,72281,90,103838,California
Merced,2021-06-07,648,170837,518,94740,118,68416,12,7681,192,31307,456,72737,206,104044,California
Merced,2021-06-08,826,171663,625,95365,177,68593,24,7705,268,31044,555,73292,292,104336,California
Merced,2021-06-09,694,172357,591,95956,88,68681,15,7720,185,30743,501,73793,200,104536,California
Merced,2021-06-10,526,172883,359,96315,149,68830,18,7738,202,30646,317,74110,220,104756,California
Merced,2021-06-11,320,173203,191,96506,116,68946,13,7751,126,30595,192,74302,141,104897,California
Merced,2021-06-12,68,173271,28,96534,34,68980,6,7757,25,30584,42,74344,31,104928,California
Merced,2021-06-13,4,173275,1,96535,1,68981,2,7759,0,30582,4,74348,2,104930,California
Modoc,2020-12-16,2,2,2,2,0,0,0,0,2,2,0,0,2,2,California
Modoc,2020-12-21,99,101,99,101,0,0,0,0,99,101,0,0,99,101,California
Modoc,2020-12-22,14,115,14,115,0,0,0,0,14,115,0,0,14,115,California
Modoc,2020-12-23,4,119,4,119,0,0,0,0,4,119,0,0,4,119,California
Modoc,2020-12-24,1,120,1,120,0,0,0,0,1,120,0,0,1,120,California
Modoc,2020-12-28,2,122,2,122,0,0,0,0,2,122,0,0,2,122,California
Modoc,2020-12-29,9,131,1,123,8,8,0,0,9,131,0,0,9,131,California
Modoc,2020-12-30,8,139,1,124,7,15,0,0,8,139,0,0,8,139,California
Modoc,2021-01-02,3,142,1,125,2,17,0,0,3,142,0,0,3,142,California
Modoc,2021-01-04,8,150,0,125,8,25,0,0,8,150,0,0,8,150,California
Modoc,2021-01-05,3,153,2,127,1,26,0,0,3,153,0,0,3,153,California
Modoc,2021-01-06,4,157,3,130,1,27,0,0,2,153,2,2,2,155,California
Modoc,2021-01-07,72,229,0,130,72,99,0,0,72,225,0,2,72,227,California
Modoc,2021-01-08,106,335,0,130,106,205,0,0,106,331,0,2,106,333,California
Modoc,2021-01-10,1,336,1,131,0,205,0,0,0,330,1,3,0,333,California
Modoc,2021-01-11,90,426,81,212,9,214,0,0,19,278,71,74,19,352,California
Modoc,2021-01-12,94,520,25,237,69,283,0,0,68,320,26,100,68,420,California
Modoc,2021-01-13,24,544,4,241,20,303,0,0,22,340,2,102,22,442,California
Modoc,2021-01-14,129,673,6,247,123,426,0,0,124,459,5,107,124,566,California
Modoc,2021-01-15,5,678,1,248,4,430,0,0,5,464,0,107,5,571,California
Modoc,2021-01-16,2,680,1,249,1,431,0,0,2,466,0,107,2,573,California
Modoc,2021-01-18,3,683,1,250,2,433,0,0,3,469,0,107,3,576,California
Modoc,2021-01-19,5,688,3,253,2,435,0,0,3,470,2,109,3,579,California
Modoc,2021-01-20,13,701,3,256,10,445,0,0,12,481,1,110,12,591,California
Modoc,2021-01-21,160,861,2,258,158,603,0,0,160,641,0,110,160,751,California
Modoc,2021-01-22,4,865,2,260,2,605,0,0,4,645,0,110,4,755,California
Modoc,2021-01-25,12,877,0,260,12,617,0,0,12,657,0,110,12,767,California
Modoc,2021-01-26,109,986,1,261,108,725,0,0,109,766,0,110,109,876,California
Modoc,2021-01-27,45,1031,3,264,42,767,0,0,30,781,15,125,30,906,California
Modoc,2021-01-28,148,1179,4,268,144,911,0,0,147,927,1,126,147,1053,California
Modoc,2021-01-29,4,1183,1,269,3,914,0,0,4,931,0,126,4,1057,California
Modoc,2021-02-01,26,1209,13,282,13,927,0,0,12,929,14,140,12,1069,California
Modoc,2021-02-02,172,1381,2,284,170,1097,0,0,169,1095,3,143,169,1238,California
Modoc,2021-02-03,18,1399,13,297,5,1102,0,0,11,1099,7,150,11,1249,California
Modoc,2021-02-04,158,1557,3,300,155,1257,0,0,30,1001,128,278,30,1279,California
Modoc,2021-02-05,3,1560,2,302,1,1258,0,0,2,1002,1,279,2,1281,California
Modoc,2021-02-08,10,1570,1,303,9,1267,0,0,9,1010,1,280,9,1290,California
Modoc,2021-02-09,198,1768,11,314,187,1454,0,0,65,942,133,413,65,1355,California
Modoc,2021-02-10,6,1774,3,317,3,1457,0,0,4,944,2,415,4,1359,California
Modoc,2021-02-11,200,1974,2,319,198,1655,0,0,82,908,118,533,82,1441,California
Modoc,2021-02-12,8,1982,2,321,6,1661,0,0,3,906,5,538,3,1444,California
Modoc,2021-02-13,2,1984,0,321,2,1663,0,0,1,906,1,539,1,1445,California
Modoc,2021-02-16,147,2131,6,327,141,1804,0,0,141,1041,6,545,141,1586,California
Modoc,2021-02-17,24,2155,2,329,22,1826,0,0,11,1039,13,558,11,1597,California
Modoc,2021-02-18,192,2347,4,333,188,2014,0,0,23,896,168,726,25,1622,California
Modoc,2021-02-19,3,2350,3,336,0,2014,0,0,2,897,1,727,2,1624,California
Modoc,2021-02-20,1,2351,1,337,0,2014,0,0,0,896,1,728,0,1624,California
Modoc,2021-02-22,17,2368,9,346,8,2022,0,0,3,885,14,742,3,1627,California
Modoc,2021-02-23,73,2441,2,348,71,2093,0,0,9,830,64,806,9,1636,California
Modoc,2021-02-24,94,2535,2,350,92,2185,0,0,32,800,62,868,32,1668,California
Modoc,2021-02-25,171,2706,0,350,171,2356,0,0,12,653,159,1027,12,1680,California
Modoc,2021-02-26,2,2708,0,350,2,2358,0,0,1,653,1,1028,1,1681,California
Modoc,2021-02-27,3,2711,3,353,0,2358,0,0,2,654,1,1029,2,1683,California
Modoc,2021-03-01,5,2716,0,353,5,2363,0,0,0,650,4,1033,0,1683,California
Modoc,2021-03-02,194,2910,11,364,183,2546,0,0,26,508,168,1201,26,1709,California
Modoc,2021-03-03,12,2922,6,370,6,2552,0,0,2,500,10,1211,2,1711,California
Modoc,2021-03-04,175,3097,0,370,175,2727,0,0,147,619,28,1239,147,1858,California
Modoc,2021-03-05,3,3100,2,372,1,2728,0,0,2,620,1,1240,2,1860,California
Modoc,2021-03-06,11,3111,0,372,1,2729,10,10,1,621,10,1250,11,1871,California
Modoc,2021-03-07,8,3119,2,374,0,2729,6,16,2,623,6,1256,8,1879,California
Modoc,2021-03-08,9,3128,1,375,4,2733,4,20,1,621,7,1263,5,1884,California
Modoc,2021-03-09,127,3255,10,385,109,2842,8,28,61,624,66,1329,69,1953,California
Modoc,2021-03-10,9,3264,3,388,2,2844,4,32,4,627,5,1334,8,1961,California
Modoc,2021-03-11,208,3472,0,388,99,2943,109,141,22,572,186,1520,131,2092,California
Modoc,2021-03-12,10,3482,1,389,4,2947,5,146,4,575,6,1526,9,2101,California
Modoc,2021-03-13,4,3486,0,389,1,2948,3,149,1,576,3,1529,4,2105,California
Modoc,2021-03-15,14,3500,0,389,13,2961,1,150,12,587,2,1531,13,2118,California
Modoc,2021-03-16,173,3673,1,390,168,3129,4,154,42,501,131,1662,45,2163,California
Modoc,2021-03-17,11,3684,2,392,4,3133,5,159,2,499,9,1671,7,2170,California
Modoc,2021-03-18,67,3751,2,394,58,3191,7,166,36,511,31,1702,43,2213,California
Modoc,2021-03-19,5,3756,0,394,0,3191,5,171,0,511,5,1707,5,2218,California
Modoc,2021-03-20,5,3761,2,396,0,3191,3,174,0,509,5,1712,3,2221,California
Modoc,2021-03-21,3,3764,1,397,0,3191,2,176,1,510,2,1714,3,2224,California
Modoc,2021-03-22,17,3781,1,398,11,3202,5,181,12,522,5,1719,17,2241,California
Modoc,2021-03-23,58,3839,7,405,48,3250,3,184,42,551,16,1735,45,2286,California
Modoc,2021-03-24,29,3868,1,406,18,3268,10,194,1,534,28,1763,11,2297,California
Modoc,2021-03-25,79,3947,3,409,74,3342,2,196,47,551,32,1795,49,2346,California
Modoc,2021-03-26,8,3955,3,412,2,3344,3,199,3,552,5,1800,6,2352,California
Modoc,2021-03-27,2,3957,0,412,1,3345,1,200,1,553,1,1801,2,2354,California
Modoc,2021-03-28,1,3958,1,413,0,3345,0,200,0,552,1,1802,0,2354,California
Modoc,2021-03-29,15,3973,1,414,6,3351,8,208,6,557,9,1811,14,2368,California
Modoc,2021-03-30,54,4027,9,423,39,3390,6,214,21,551,33,1844,27,2395,California
Modoc,2021-03-31,10,4037,3,426,3,3393,4,218,4,553,6,1850,8,2403,California
Modoc,2021-04-01,169,4206,2,428,162,3555,5,223,34,457,135,1985,39,2442,California
Modoc,2021-04-02,5,4211,0,428,2,3557,3,226,1,458,3,1988,4,2446,California
Modoc,2021-04-03,4,4215,1,429,0,3557,3,229,1,459,2,1990,3,2449,California
Modoc,2021-04-05,10,4225,0,429,9,3566,1,230,9,468,1,1991,10,2459,California
Modoc,2021-04-06,23,4248,5,434,8,3574,10,240,5,465,18,2009,15,2474,California
Modoc,2021-04-07,12,4260,1,435,4,3578,7,247,3,466,9,2018,10,2484,California
Modoc,2021-04-08,96,4356,1,436,92,3670,3,250,26,425,70,2088,29,2513,California
Modoc,2021-04-09,11,4367,2,438,6,3676,3,253,2,420,9,2097,4,2517,California
Modoc,2021-04-10,5,4372,0,438,1,3677,4,257,0,419,5,2102,4,2521,California
Modoc,2021-04-11,2,4374,2,440,0,3677,0,257,1,419,1,2103,1,2522,California
Modoc,2021-04-12,14,4388,0,440,10,3687,4,261,1,413,11,2114,5,2527,California
Modoc,2021-04-13,34,4422,30,470,4,3691,0,261,22,423,12,2126,22,2549,California
Modoc,2021-04-14,2,4424,2,472,0,3691,0,261,1,423,1,2127,1,2550,California
Modoc,2021-04-15,102,4526,0,472,102,3793,0,261,29,379,73,2200,29,2579,California
Modoc,2021-04-16,6,4532,4,476,2,3795,0,261,5,383,1,2201,5,2584,California
Modoc,2021-04-17,2,4534,2,478,0,3795,0,261,2,385,0,2201,2,2586,California
Modoc,2021-04-18,1,4535,0,478,1,3796,0,261,1,386,0,2201,1,2587,California
Modoc,2021-04-19,6,4541,0,478,6,3802,0,261,1,382,5,2206,1,2588,California
Modoc,2021-04-20,43,4584,2,480,41,3843,0,261,9,357,34,2240,9,2597,California
Modoc,2021-04-21,3,4587,3,483,0,3843,0,261,1,356,2,2242,1,2598,California
Modoc,2021-04-22,97,4684,3,486,94,3937,0,261,38,335,59,2301,38,2636,California
Modoc,2021-04-23,4,4688,0,486,4,3941,0,261,3,337,1,2302,3,2639,California
Modoc,2021-04-24,2,4690,0,486,1,3942,1,262,1,338,1,2303,2,2641,California
Modoc,2021-04-25,1,4691,1,487,0,3942,0,262,1,339,0,2303,1,2642,California
Modoc,2021-04-26,8,4699,0,487,8,3950,0,262,2,335,6,2309,2,2644,California
Modoc,2021-04-27,6,4705,5,492,0,3950,1,263,1,332,5,2314,2,2646,California
Modoc,2021-04-28,6,4711,1,493,4,3954,1,264,2,331,4,2318,3,2649,California
Modoc,2021-04-29,66,4777,1,494,65,4019,0,264,21,307,45,2363,21,2670,California
Modoc,2021-04-30,3,4780,2,496,1,4020,0,264,1,306,2,2365,1,2671,California
Modoc,2021-05-01,1,4781,1,497,0,4020,0,264,0,305,1,2366,0,2671,California
Modoc,2021-05-02,4,4785,3,500,1,4021,0,264,3,307,1,2367,3,2674,California
Modoc,2021-05-03,14,4799,0,500,13,4034,1,265,4,302,10,2377,5,2679,California
Modoc,2021-05-04,9,4808,3,503,4,4038,2,267,4,303,5,2382,6,2685,California
Modoc,2021-05-05,28,4836,25,528,2,4040,1,268,8,292,20,2402,9,2694,California
Modoc,2021-05-06,55,4891,3,531,50,4090,2,270,21,281,34,2436,23,2717,California
Modoc,2021-05-07,8,4899,3,534,3,4093,2,272,2,279,6,2442,4,2721,California
Modoc,2021-05-08,3,4902,2,536,0,4093,1,273,1,279,2,2444,2,2723,California
Modoc,2021-05-09,1,4903,1,537,0,4093,0,273,0,278,1,2445,0,2723,California
Modoc,2021-05-10,2,4905,0,537,1,4094,1,274,1,279,1,2446,2,2725,California
Modoc,2021-05-11,3,4908,2,539,0,4094,1,275,0,277,3,2449,1,2726,California
Modoc,2021-05-12,3,4911,0,539,0,4094,3,278,0,277,3,2452,3,2729,California
Modoc,2021-05-13,44,4955,0,539,40,4134,4,282,14,265,30,2482,18,2747,California
Modoc,2021-05-14,9,4964,3,542,1,4135,5,287,4,269,5,2487,9,2756,California
Modoc,2021-05-15,4,4968,3,545,1,4136,0,287,4,273,0,2487,4,2760,California
Modoc,2021-05-16,2,4970,1,546,1,4137,0,287,0,271,2,2489,0,2760,California
Modoc,2021-05-17,7,4977,3,549,4,4141,0,287,4,272,3,2492,4,2764,California
Modoc,2021-05-18,26,5003,13,562,11,4152,2,289,14,276,12,2504,16,2780,California
Modoc,2021-05-19,8,5011,1,563,3,4155,4,293,4,280,4,2508,8,2788,California
Modoc,2021-05-20,58,5069,3,566,46,4201,9,302,8,247,50,2558,17,2805,California
Modoc,2021-05-21,5,5074,3,569,1,4202,1,303,2,247,3,2561,3,2808,California
Modoc,2021-05-22,2,5076,2,571,0,4202,0,303,1,247,1,2562,1,2809,California
Modoc,2021-05-23,2,5078,2,573,0,4202,0,303,0,245,2,2564,0,2809,California
Modoc,2021-05-24,4,5082,1,574,1,4203,2,305,2,247,2,2566,4,2813,California
Modoc,2021-05-25,2,5084,1,575,1,4204,0,305,1,247,1,2567,1,2814,California
Modoc,2021-05-26,35,5119,32,607,3,4207,0,305,25,263,10,2577,26,2840,California
Modoc,2021-05-27,31,5150,3,610,22,4229,6,311,8,254,23,2600,14,2854,California
Modoc,2021-05-28,8,5158,1,611,4,4233,3,314,3,255,5,2605,6,2860,California
Modoc,2021-05-29,1,5159,1,612,0,4233,0,314,0,254,1,2606,0,2860,California
Modoc,2021-06-01,7,5166,0,612,6,4239,1,315,2,252,5,2611,3,2863,California
Modoc,2021-06-02,11,5177,0,612,9,4248,2,317,5,253,6,2617,7,2870,California
Modoc,2021-06-03,24,5201,1,613,21,4269,2,319,4,239,20,2637,6,2876,California
Modoc,2021-06-04,5,5206,3,616,1,4270,1,320,0,235,5,2642,1,2877,California
Modoc,2021-06-05,1,5207,0,616,1,4271,0,320,0,234,1,2643,0,2877,California
Modoc,2021-06-07,4,5211,4,620,0,4271,0,320,1,232,3,2646,1,2878,California
Modoc,2021-06-08,26,5237,7,627,18,4289,1,321,19,245,7,2653,20,2898,California
Modoc,2021-06-09,3,5240,2,629,1,4290,0,321,2,246,1,2654,2,2900,California
Modoc,2021-06-10,20,5260,1,630,18,4308,1,322,7,241,13,2667,8,2908,California
Modoc,2021-06-11,5,5265,2,632,3,4311,0,322,4,244,1,2668,4,2912,California
Modoc,2021-06-12,2,5267,1,633,1,4312,0,322,0,242,2,2670,0,2912,California
Mono,2020-12-18,1,1,1,1,0,0,0,0,1,1,0,0,1,1,California
Mono,2020-12-19,5,6,5,6,0,0,0,0,5,6,0,0,5,6,California
Mono,2020-12-20,7,13,7,13,0,0,0,0,7,13,0,0,7,13,California
Mono,2020-12-21,24,37,17,30,7,7,0,0,24,37,0,0,24,37,California
Mono,2020-12-22,68,105,67,97,1,8,0,0,68,105,0,0,68,105,California
Mono,2020-12-23,73,178,45,142,28,36,0,0,73,178,0,0,73,178,California
Mono,2020-12-24,3,181,1,143,2,38,0,0,3,181,0,0,3,181,California
Mono,2020-12-26,3,184,3,146,0,38,0,0,3,184,0,0,3,184,California
Mono,2020-12-27,1,185,0,146,1,39,0,0,1,185,0,0,1,185,California
Mono,2020-12-28,93,278,62,208,31,70,0,0,93,278,0,0,93,278,California
Mono,2020-12-29,28,306,28,236,0,70,0,0,28,306,0,0,28,306,California
Mono,2020-12-30,77,383,36,272,41,111,0,0,77,383,0,0,77,383,California
Mono,2020-12-31,4,387,1,273,3,114,0,0,4,387,0,0,4,387,California
Mono,2021-01-01,4,391,4,277,0,114,0,0,4,391,0,0,4,391,California
Mono,2021-01-02,2,393,2,279,0,114,0,0,2,393,0,0,2,393,California
Mono,2021-01-04,2,395,0,279,2,116,0,0,2,395,0,0,2,395,California
Mono,2021-01-05,45,440,2,281,43,159,0,0,44,438,1,1,44,439,California
Mono,2021-01-06,51,491,0,281,51,210,0,0,51,489,0,1,51,490,California
Mono,2021-01-07,55,546,3,284,52,262,0,0,53,541,2,3,54,544,California
Mono,2021-01-08,2,548,1,285,1,263,0,0,1,541,1,4,1,545,California
Mono,2021-01-09,4,552,4,289,0,263,0,0,0,537,4,8,0,545,California
Mono,2021-01-10,5,557,5,294,0,263,0,0,0,532,5,13,0,545,California
Mono,2021-01-11,8,565,5,299,3,266,0,0,4,532,4,17,4,549,California
Mono,2021-01-12,286,851,78,377,208,474,0,0,220,687,65,82,220,769,California
Mono,2021-01-13,235,1086,74,451,161,635,0,0,179,810,56,138,179,948,California
Mono,2021-01-14,75,1161,72,523,3,638,0,0,74,883,1,139,74,1022,California
Mono,2021-01-15,70,1231,2,525,68,706,0,0,70,953,0,139,70,1092,California
Mono,2021-01-16,4,1235,3,528,1,707,0,0,1,951,3,142,1,1093,California
Mono,2021-01-18,63,1298,54,582,9,716,0,0,2,892,61,203,2,1095,California
Mono,2021-01-19,211,1509,209,791,2,718,0,0,173,1028,38,241,174,1269,California
Mono,2021-01-20,231,1740,199,990,32,750,0,0,171,1139,60,301,171,1440,California
Mono,2021-01-21,6,1746,3,993,3,753,0,0,6,1145,0,301,6,1446,California
Mono,2021-01-22,5,1751,0,993,5,758,0,0,5,1150,0,301,5,1451,California
Mono,2021-01-23,597,2348,597,1590,0,758,0,0,596,1745,1,302,596,2047,California
Mono,2021-01-24,1,2349,0,1590,1,759,0,0,0,1744,1,303,0,2047,California
Mono,2021-01-25,204,2553,166,1756,38,797,0,0,165,1870,39,342,165,2212,California
Mono,2021-01-26,510,3063,508,2264,2,799,0,0,504,2368,6,348,504,2716,California
Mono,2021-01-27,5,3068,1,2265,4,803,0,0,5,2373,0,348,5,2721,California
Mono,2021-01-28,6,3074,2,2267,4,807,0,0,2,2371,4,352,2,2723,California
Mono,2021-01-30,200,3274,198,2465,2,809,0,0,199,2569,1,353,199,2922,California
Mono,2021-01-31,249,3523,138,2603,111,920,0,0,139,2598,110,463,139,3061,California
Mono,2021-02-01,27,3550,27,2630,0,920,0,0,0,2571,27,490,0,3061,California
Mono,2021-02-02,5,3555,0,2630,5,925,0,0,2,2570,3,493,2,3063,California
Mono,2021-02-03,5,3560,2,2632,3,928,0,0,2,2569,3,496,2,3065,California
Mono,2021-02-04,212,3772,158,2790,54,982,0,0,91,2540,120,616,91,3156,California
Mono,2021-02-05,623,4395,617,3407,6,988,0,0,620,3157,3,619,620,3776,California
Mono,2021-02-06,138,4533,137,3544,1,989,0,0,137,3293,1,620,137,3913,California
Mono,2021-02-07,2,4535,0,3544,2,991,0,0,2,3295,0,620,2,3915,California
Mono,2021-02-08,174,4709,173,3717,1,992,0,0,16,3154,157,777,16,3931,California
Mono,2021-02-09,227,4936,6,3723,221,1213,0,0,14,2955,213,990,14,3945,California
Mono,2021-02-10,536,5472,187,3910,349,1562,0,0,192,2804,344,1334,193,4138,California
Mono,2021-02-11,8,5480,4,3914,4,1566,0,0,2,2800,6,1340,2,4140,California
Mono,2021-02-12,94,5574,22,3936,72,1638,0,0,28,2762,66,1406,28,4168,California
Mono,2021-02-13,591,6165,591,4527,0,1638,0,0,27,2226,563,1969,27,4195,California
Mono,2021-02-15,168,6333,166,4693,2,1640,0,0,3,2066,163,2132,3,4198,California
Mono,2021-02-16,523,6856,519,5212,4,1644,0,0,46,1638,474,2606,46,4244,California
Mono,2021-02-17,6,6862,2,5214,4,1648,0,0,2,1636,4,2610,2,4246,California
Mono,2021-02-18,6,6868,2,5216,4,1652,0,0,2,1634,4,2614,2,4248,California
Mono,2021-02-19,54,6922,53,5269,1,1653,0,0,54,1688,0,2614,54,4302,California
Mono,2021-02-20,5,6927,5,5274,0,1653,0,0,5,1693,0,2614,5,4307,California
Mono,2021-02-21,8,6935,8,5282,0,1653,0,0,6,1697,2,2616,6,4313,California
Mono,2021-02-22,283,7218,282,5564,1,1654,0,0,24,1463,258,2874,24,4337,California
Mono,2021-02-23,142,7360,119,5683,23,1677,0,0,26,1373,116,2990,26,4363,California
Mono,2021-02-24,12,7372,3,5686,9,1686,0,0,4,1369,8,2998,4,4367,California
Mono,2021-02-25,5,7377,2,5688,3,1689,0,0,3,1371,1,2999,3,4370,California
Mono,2021-02-26,604,7981,602,6290,2,1691,0,0,20,808,583,3582,20,4390,California
Mono,2021-02-27,141,8122,137,6427,4,1695,0,0,4,677,135,3717,4,4394,California
Mono,2021-02-28,1,8123,0,6427,0,1695,1,1,0,677,1,3718,1,4395,California
Mono,2021-03-01,2,8125,2,6429,0,1695,0,1,1,678,0,3718,1,4396,California
Mono,2021-03-02,8,8133,4,6433,4,1699,0,1,6,682,2,3720,6,4402,California
Mono,2021-03-03,114,8247,3,6436,111,1810,0,1,110,789,3,3723,110,4512,California
Mono,2021-03-04,6,8253,1,6437,5,1815,0,1,3,789,3,3726,3,4515,California
Mono,2021-03-05,40,8293,30,6467,10,1825,0,1,13,775,27,3753,13,4528,California
Mono,2021-03-06,518,8811,18,6485,500,2325,0,1,509,1278,7,3760,510,5038,California
Mono,2021-03-07,1,8812,0,6485,1,2326,0,1,0,1277,1,3761,0,5038,California
Mono,2021-03-08,547,9359,11,6496,533,2859,3,4,537,1807,10,3771,540,5578,California
Mono,2021-03-09,6,9365,2,6498,3,2862,1,5,3,1809,2,3773,4,5582,California
Mono,2021-03-10,285,9650,90,6588,192,3054,3,8,9,1548,273,4046,12,5594,California
Mono,2021-03-11,10,9660,0,6588,1,3055,9,17,0,1547,10,4056,9,5603,California
Mono,2021-03-12,7,9667,1,6589,1,3056,5,22,0,1545,7,4063,5,5608,California
Mono,2021-03-13,837,10504,396,6985,440,3496,1,23,826,2361,11,4074,827,6435,California
Mono,2021-03-14,6,10510,6,6991,0,3496,0,23,1,2357,5,4079,1,6436,California
Mono,2021-03-15,31,10541,23,7014,3,3499,5,28,14,2360,16,4095,19,6455,California
Mono,2021-03-16,17,10558,6,7020,5,3504,6,34,8,2365,9,4104,14,6469,California
Mono,2021-03-17,32,10590,4,7024,20,3524,8,42,20,2381,12,4116,28,6497,California
Mono,2021-03-18,21,10611,2,7026,11,3535,8,50,9,2386,12,4128,17,6514,California
Mono,2021-03-19,21,10632,1,7027,17,3552,3,53,17,2403,3,4131,20,6534,California
Mono,2021-03-20,5,10637,3,7030,1,3553,1,54,4,2407,1,4132,5,6539,California
Mono,2021-03-22,11,10648,0,7030,6,3559,5,59,5,2411,6,4138,10,6549,California
Mono,2021-03-23,45,10693,6,7036,34,3593,5,64,17,2405,28,4166,22,6571,California
Mono,2021-03-24,13,10706,1,7037,7,3600,5,69,5,2407,8,4174,10,6581,California
Mono,2021-03-25,18,10724,2,7039,12,3612,4,73,12,2417,6,4180,16,6597,California
Mono,2021-03-26,19,10743,3,7042,11,3623,5,78,10,2424,8,4188,15,6612,California
Mono,2021-03-27,361,11104,358,7400,3,3626,0,78,335,2733,26,4214,335,6947,California
Mono,2021-03-29,11,11115,3,7403,7,3633,1,79,9,2741,2,4216,10,6957,California
Mono,2021-03-30,14,11129,0,7403,10,3643,4,83,7,2745,7,4223,11,6968,California
Mono,2021-03-31,136,11265,8,7411,127,3770,1,84,24,2659,111,4334,25,6993,California
Mono,2021-04-01,8,11273,0,7411,8,3778,0,84,4,2659,4,4338,4,6997,California
Mono,2021-04-02,19,11292,2,7413,17,3795,0,84,8,2656,11,4349,8,7005,California
Mono,2021-04-03,885,12177,381,7794,504,4299,0,84,51,1875,832,5181,51,7056,California
Mono,2021-04-04,1,12178,1,7795,0,4299,0,84,0,1874,1,5182,0,7056,California
Mono,2021-04-05,544,12722,19,7814,524,4823,1,85,35,1402,508,5690,36,7092,California
Mono,2021-04-06,19,12741,1,7815,5,4828,13,98,1,1398,18,5708,14,7106,California
Mono,2021-04-07,23,12764,2,7817,2,4830,19,117,2,1398,21,5729,21,7127,California
Mono,2021-04-08,24,12788,4,7821,2,4832,18,135,5,1402,19,5748,23,7150,California
Mono,2021-04-09,38,12826,5,7826,4,4836,29,164,8,1409,30,5778,37,7187,California
Mono,2021-04-10,457,13283,2,7828,448,5284,7,171,31,1021,426,6204,38,7225,California
Mono,2021-04-12,6,13289,0,7828,3,5287,3,174,3,1024,3,6207,6,7231,California
Mono,2021-04-13,20,13309,2,7830,17,5304,1,175,14,1033,6,6213,15,7246,California
Mono,2021-04-14,25,13334,1,7831,24,5328,0,175,7,1022,18,6231,7,7253,California
Mono,2021-04-15,20,13354,5,7836,15,5343,0,175,11,1024,9,6240,11,7264,California
Mono,2021-04-16,17,13371,1,7837,16,5359,0,175,6,1019,11,6251,6,7270,California
Mono,2021-04-17,51,13422,2,7839,49,5408,0,175,44,1056,7,6258,44,7314,California
Mono,2021-04-18,1,13423,0,7839,1,5409,0,175,1,1057,0,6258,1,7315,California
Mono,2021-04-19,537,13960,326,8165,211,5620,0,175,204,930,331,6589,204,7519,California
Mono,2021-04-20,15,13975,2,8167,13,5633,0,175,10,935,5,6594,10,7529,California
Mono,2021-04-21,8,13983,1,8168,7,5640,0,175,2,931,6,6600,2,7531,California
Mono,2021-04-22,25,14008,11,8179,14,5654,0,175,11,928,14,6614,11,7542,California
Mono,2021-04-23,22,14030,2,8181,20,5674,0,175,12,930,10,6624,12,7554,California
Mono,2021-04-24,36,14066,22,8203,14,5688,0,175,21,936,15,6639,21,7575,California
Mono,2021-04-25,5,14071,4,8207,1,5689,0,175,5,941,0,6639,5,7580,California
Mono,2021-04-26,13,14084,2,8209,11,5700,0,175,3,934,10,6649,3,7583,California
Mono,2021-04-27,67,14151,41,8250,19,5719,7,182,51,976,16,6665,58,7641,California
Mono,2021-04-28,64,14215,40,8290,19,5738,5,187,48,1015,14,6679,53,7694,California
Mono,2021-04-29,10,14225,3,8293,4,5742,3,190,3,1014,7,6686,6,7700,California
Mono,2021-04-30,18,14243,3,8296,12,5754,3,193,8,1015,10,6696,11,7711,California
Mono,2021-05-01,109,14352,4,8300,105,5859,0,193,97,1100,12,6708,97,7808,California
Mono,2021-05-02,2,14354,2,8302,0,5859,0,193,1,1100,1,6709,1,7809,California
Mono,2021-05-03,1,14355,0,8302,1,5860,0,193,0,1099,1,6710,0,7809,California
Mono,2021-05-04,18,14373,0,8302,13,5873,5,198,10,1106,8,6718,15,7824,California
Mono,2021-05-05,52,14425,8,8310,40,5913,4,202,45,1148,7,6725,49,7873,California
Mono,2021-05-06,12,14437,2,8312,9,5922,1,203,8,1153,4,6729,9,7882,California
Mono,2021-05-07,29,14466,22,8334,7,5929,0,203,25,1174,4,6733,25,7907,California
Mono,2021-05-08,52,14518,7,8341,45,5974,0,203,22,1166,30,6763,22,7929,California
Mono,2021-05-09,1,14519,1,8342,0,5974,0,203,0,1166,0,6763,0,7929,California
Mono,2021-05-10,17,14536,1,8343,12,5986,4,207,9,1171,8,6771,13,7942,California
Mono,2021-05-11,16,14552,2,8345,11,5997,3,210,5,1168,11,6782,8,7950,California
Mono,2021-05-12,12,14564,0,8345,11,6008,1,211,4,1165,8,6790,5,7955,California
Mono,2021-05-13,47,14611,31,8376,15,6023,1,212,38,1195,9,6799,39,7994,California
Mono,2021-05-14,10,14621,1,8377,8,6031,1,213,5,1196,5,6804,6,8000,California
Mono,2021-05-15,70,14691,28,8405,35,6066,7,220,20,1173,50,6854,27,8027,California
Mono,2021-05-16,5,14696,4,8409,1,6067,0,220,2,1172,3,6857,2,8029,California
Mono,2021-05-17,251,14947,34,8443,210,6277,7,227,54,1038,196,7053,62,8091,California
Mono,2021-05-18,133,15080,109,8552,23,6300,1,228,87,1080,46,7099,88,8179,California
Mono,2021-05-19,118,15198,112,8664,1,6301,5,233,75,1117,43,7142,80,8259,California
Mono,2021-05-20,70,15268,55,8719,10,6311,5,238,53,1158,17,7159,58,8317,California
Mono,2021-05-21,24,15292,4,8723,17,6328,3,241,11,1159,13,7172,14,8331,California
Mono,2021-05-22,21,15313,11,8734,8,6336,2,243,15,1170,6,7178,17,8348,California
Mono,2021-05-23,2,15315,0,8734,2,6338,0,243,1,1170,1,7179,1,8349,California
Mono,2021-05-24,16,15331,2,8736,13,6351,1,244,9,1174,7,7186,11,8360,California
Mono,2021-05-25,14,15345,5,8741,9,6360,0,244,7,1174,7,7193,7,8367,California
Mono,2021-05-26,18,15363,2,8743,15,6375,1,245,7,1171,11,7204,8,8375,California
Mono,2021-05-27,9,15372,0,8743,9,6384,0,245,6,1175,2,7206,6,8381,California
Mono,2021-05-28,41,15413,28,8771,13,6397,0,245,10,1154,31,7237,10,8391,California
Mono,2021-05-29,129,15542,27,8798,99,6496,3,248,31,1090,98,7335,34,8425,California
Mono,2021-06-01,15,15557,7,8805,8,6504,0,248,8,1091,7,7342,8,8433,California
Mono,2021-06-02,47,15604,3,8808,44,6548,0,248,10,1064,37,7379,10,8443,California
Mono,2021-06-03,10,15614,1,8809,7,6555,2,250,1,1058,9,7388,3,8446,California
Mono,2021-06-04,13,15627,2,8811,10,6565,1,251,4,1054,9,7397,5,8451,California
Mono,2021-06-05,42,15669,23,8834,19,6584,0,251,5,1022,37,7434,5,8456,California
Mono,2021-06-06,1,15670,0,8834,1,6585,0,251,0,1021,1,7435,0,8456,California
Mono,2021-06-07,99,15769,87,8921,8,6593,4,255,12,950,87,7522,16,8472,California
Mono,2021-06-08,110,15879,100,9021,8,6601,2,257,11,864,99,7621,13,8485,California
Mono,2021-06-09,6,15885,3,9024,3,6604,0,257,1,860,5,7626,1,8486,California
Mono,2021-06-11,71,15956,61,9085,5,6609,5,262,6,806,65,7691,11,8497,California
Monterey,2020-12-16,6,6,6,6,0,0,0,0,6,6,0,0,6,6,California
Monterey,2020-12-17,89,95,89,95,0,0,0,0,89,95,0,0,89,95,California
Monterey,2020-12-18,492,587,492,587,0,0,0,0,492,587,0,0,492,587,California
Monterey,2020-12-19,582,1169,581,1168,1,1,0,0,581,1168,0,0,581,1168,California
Monterey,2020-12-20,422,1591,422,1590,0,1,0,0,422,1590,0,0,422,1590,California
Monterey,2020-12-21,726,2317,726,2316,0,1,0,0,726,2316,0,0,726,2316,California
Monterey,2020-12-22,544,2861,531,2847,13,14,0,0,544,2860,0,0,544,2860,California
Monterey,2020-12-23,445,3306,266,3113,179,193,0,0,445,3305,0,0,445,3305,California
Monterey,2020-12-24,86,3392,10,3123,76,269,0,0,86,3391,0,0,86,3391,California
Monterey,2020-12-25,6,3398,0,3123,6,275,0,0,6,3397,0,0,6,3397,California
Monterey,2020-12-26,92,3490,5,3128,87,362,0,0,92,3489,0,0,92,3489,California
Monterey,2020-12-27,6,3496,3,3131,3,365,0,0,6,3495,0,0,6,3495,California
Monterey,2020-12-28,488,3984,26,3157,462,827,0,0,488,3983,0,0,488,3983,California
Monterey,2020-12-29,911,4895,168,3325,743,1570,0,0,911,4894,0,0,911,4894,California
Monterey,2020-12-30,575,5470,100,3425,475,2045,0,0,575,5469,0,0,575,5469,California
Monterey,2020-12-31,33,5503,11,3436,22,2067,0,0,33,5502,0,0,33,5502,California
Monterey,2021-01-01,13,5516,3,3439,10,2077,0,0,13,5515,0,0,13,5515,California
Monterey,2021-01-02,138,5654,135,3574,3,2080,0,0,138,5653,0,0,138,5653,California
Monterey,2021-01-03,31,5685,30,3604,1,2081,0,0,31,5684,0,0,31,5684,California
Monterey,2021-01-04,416,6101,20,3624,396,2477,0,0,416,6100,0,0,416,6100,California
Monterey,2021-01-05,765,6866,335,3959,430,2907,0,0,751,6837,14,14,751,6851,California
Monterey,2021-01-06,669,7535,180,4139,489,3396,0,0,644,7456,25,39,644,7495,California
Monterey,2021-01-07,757,8292,577,4716,180,3576,0,0,429,7559,326,365,429,7924,California
Monterey,2021-01-08,1109,9401,747,5463,362,3938,0,0,403,7256,706,1071,403,8327,California
Monterey,2021-01-09,971,10372,935,6398,36,3974,0,0,319,6925,650,1721,319,8646,California
Monterey,2021-01-10,274,10646,272,6670,2,3976,0,0,8,6667,266,1987,8,8654,California
Monterey,2021-01-11,1078,11724,992,7662,86,4062,0,0,369,6327,709,2696,369,9023,California
Monterey,2021-01-12,480,12204,397,8059,83,4145,0,0,216,6279,264,2960,216,9239,California
Monterey,2021-01-13,1227,13431,594,8653,633,4778,0,0,1182,7416,45,3005,1182,10421,California
Monterey,2021-01-14,1133,14564,169,8822,964,5742,0,0,1114,8515,19,3024,1118,11539,California
Monterey,2021-01-15,1075,15639,45,8867,1030,6772,0,0,1063,9566,12,3036,1063,12602,California
Monterey,2021-01-16,367,16006,303,9170,64,6836,0,0,362,9923,5,3041,362,12964,California
Monterey,2021-01-17,312,16318,292,9462,20,6856,0,0,300,10211,12,3053,300,13264,California
Monterey,2021-01-18,412,16730,50,9512,362,7218,0,0,389,10577,23,3076,389,13653,California
Monterey,2021-01-19,587,17317,398,9910,189,7407,0,0,425,10842,160,3236,425,14078,California
Monterey,2021-01-20,556,17873,271,10181,285,7692,0,0,344,10974,212,3448,344,14422,California
Monterey,2021-01-21,891,18764,95,10276,796,8488,0,0,778,11643,113,3561,782,15204,California
Monterey,2021-01-22,1076,19840,201,10477,875,9363,0,0,1035,12637,41,3602,1035,16239,California
Monterey,2021-01-23,248,20088,176,10653,72,9435,0,0,123,12638,124,3726,125,16364,California
Monterey,2021-01-24,57,20145,38,10691,19,9454,0,0,23,12627,34,3760,23,16387,California
Monterey,2021-01-25,839,20984,182,10873,657,10111,0,0,200,12195,632,4392,200,16587,California
Monterey,2021-01-26,982,21966,230,11103,752,10863,0,0,274,11761,708,5100,274,16861,California
Monterey,2021-01-27,901,22867,314,11417,587,11450,0,0,413,11686,488,5588,413,17274,California
Monterey,2021-01-28,2066,24933,746,12163,1320,12770,0,0,1718,13058,348,5936,1720,18994,California
Monterey,2021-01-29,1304,26237,718,12881,586,13356,0,0,1185,14127,118,6054,1187,20181,California
Monterey,2021-01-30,486,26723,298,13179,188,13544,0,0,229,14099,257,6311,229,20410,California
Monterey,2021-01-31,509,27232,82,13261,427,13971,0,0,498,14587,11,6322,499,20909,California
Monterey,2021-02-01,1670,28902,1156,14417,514,14485,0,0,1101,15120,568,6890,1101,22010,California
Monterey,2021-02-02,2193,31095,463,14880,1730,16215,0,0,1580,16088,612,7502,1580,23590,California
Monterey,2021-02-03,2374,33469,1074,15954,1300,17515,0,0,1591,16900,779,8281,1591,25181,California
Monterey,2021-02-04,2829,36298,2103,18057,726,18241,0,0,2515,19104,311,8592,2515,27696,California
Monterey,2021-02-05,3724,40022,2868,20925,856,19097,0,0,3281,21947,438,9030,3281,30977,California
Monterey,2021-02-06,1132,41154,381,21306,751,19848,0,0,780,22377,350,9380,780,31757,California
Monterey,2021-02-07,324,41478,269,21575,55,19903,0,0,106,22265,218,9598,106,31863,California
Monterey,2021-02-08,533,42011,293,21868,240,20143,0,0,437,22606,96,9694,437,32300,California
Monterey,2021-02-09,915,42926,704,22572,211,20354,0,0,600,22893,315,10009,602,32902,California
Monterey,2021-02-10,2134,45060,1118,23690,1016,21370,0,0,1275,23311,859,10868,1277,34179,California
Monterey,2021-02-11,2531,47591,976,24666,1555,22925,0,0,1563,23910,966,11834,1565,35744,California
Monterey,2021-02-12,2641,50232,436,25102,2205,25130,0,0,1546,24363,1094,12928,1547,37291,California
Monterey,2021-02-13,1096,51328,47,25149,1049,26179,0,0,1005,25278,90,13018,1005,38296,California
Monterey,2021-02-14,623,51951,74,25223,549,26728,0,0,550,25755,73,13091,550,38846,California
Monterey,2021-02-15,1398,53349,166,25389,1232,27960,0,0,998,26356,398,13489,999,39845,California
Monterey,2021-02-16,1111,54460,247,25636,864,28824,0,0,882,27009,229,13718,882,40727,California
Monterey,2021-02-17,1997,56457,1184,26820,813,29637,0,0,1675,28367,319,14037,1677,42404,California
Monterey,2021-02-18,2283,58740,1183,28003,1100,30737,0,0,923,27946,1346,15383,925,43329,California
Monterey,2021-02-19,2985,61725,1547,29550,1438,32175,0,0,1373,27709,1611,16994,1374,44703,California
Monterey,2021-02-20,1089,62814,670,30220,419,32594,0,0,1025,28671,63,17057,1025,45728,California
Monterey,2021-02-21,1282,64096,1249,31469,33,32627,0,0,1202,29795,78,17135,1202,46930,California
Monterey,2021-02-22,1053,65149,890,32359,163,32790,0,0,665,30074,386,17521,665,47595,California
Monterey,2021-02-23,1007,66156,630,32989,377,33167,0,0,312,29693,694,18215,313,47908,California
Monterey,2021-02-24,2539,68695,1355,34344,1184,34351,0,0,1871,30902,663,18878,1872,49780,California
Monterey,2021-02-25,4491,73186,2460,36804,2031,36382,0,0,1520,29459,2964,21842,1521,51301,California
Monterey,2021-02-26,5349,78535,3111,39915,2238,38620,0,0,2651,29417,2695,24537,2653,53954,California
Monterey,2021-02-27,1060,79595,196,40111,864,39484,0,0,830,30022,225,24762,830,54784,California
Monterey,2021-02-28,1559,81154,87,40198,1472,40956,0,0,1087,30642,467,25229,1087,55871,California
Monterey,2021-03-01,1324,82478,169,40367,1152,42108,3,3,762,30851,557,25786,766,56637,California
Monterey,2021-03-02,2865,85343,1748,42115,1117,43225,0,3,1985,31960,876,26662,1985,58622,California
Monterey,2021-03-03,3259,88602,1252,43367,2007,45232,0,3,1308,31321,1948,28610,1309,59931,California
Monterey,2021-03-04,4680,93282,1492,44859,3188,48420,0,3,3032,32710,1643,30253,3032,62963,California
Monterey,2021-03-05,3706,96988,1633,46492,1795,50215,278,281,3028,35339,677,30930,3306,66269,California
Monterey,2021-03-06,5200,102188,1150,47642,3741,53956,309,590,4267,38983,930,31860,4574,70843,California
Monterey,2021-03-07,534,102722,106,47748,176,54132,252,842,232,39163,302,32162,482,71325,California
Monterey,2021-03-08,1676,104398,329,48077,959,55091,388,1230,1123,40119,553,32715,1509,72834,California
Monterey,2021-03-09,2025,106423,696,48773,1054,56145,275,1505,1517,41402,507,33222,1790,74624,California
Monterey,2021-03-10,3266,109689,1052,49825,1724,57869,490,1995,1504,41638,1758,34980,1994,76618,California
Monterey,2021-03-11,4216,113905,1421,51246,2418,60287,377,2372,2422,42649,1787,36767,2798,79416,California
Monterey,2021-03-12,4484,118389,2064,53310,2269,62556,151,2523,2764,43845,1717,38484,2913,82329,California
Monterey,2021-03-13,5399,123788,1018,54328,4031,66587,350,2873,4023,46843,1375,39859,4373,86702,California
Monterey,2021-03-14,2196,125984,1359,55687,812,67399,25,2898,591,45864,1595,41454,616,87318,California
Monterey,2021-03-15,4006,129990,1280,56967,2436,69835,290,3188,2290,46731,1712,43166,2579,89897,California
Monterey,2021-03-16,3574,133564,590,57557,2607,72442,377,3565,2140,47812,1432,44598,2513,92410,California
Monterey,2021-03-17,5940,139504,2417,59974,3266,75708,257,3822,4308,50757,1625,46223,4570,96980,California
Monterey,2021-03-18,4549,144053,2220,62194,2159,77867,170,3992,3155,52730,1389,47612,3362,100342,California
Monterey,2021-03-19,5556,149609,2584,64778,2817,80684,155,4147,4243,55821,1308,48920,4399,104741,California
Monterey,2021-03-20,3385,152994,434,65212,2257,82941,694,4841,2288,57710,1093,50013,2982,107723,California
Monterey,2021-03-21,644,153638,213,65425,422,83363,9,4850,568,58213,73,50086,576,108299,California
Monterey,2021-03-22,2515,156153,1456,66881,996,84359,63,4913,2292,60347,219,50305,2353,110652,California
Monterey,2021-03-23,4079,160232,2400,69281,1636,85995,43,4956,2591,61499,1482,51787,2634,113286,California
Monterey,2021-03-24,5220,165452,2196,71477,2706,88701,318,5274,3841,64279,1376,53163,4156,117442,California
Monterey,2021-03-25,5372,170824,1247,72724,3764,92465,361,5635,2698,64675,2664,55827,3060,120502,California
Monterey,2021-03-26,5529,176353,2665,75389,2786,95251,78,5713,2847,64931,2671,58498,2927,123429,California
Monterey,2021-03-27,4991,181344,1547,76936,3186,98437,258,5971,3170,66543,1818,60316,3430,126859,California
Monterey,2021-03-28,1134,182478,354,77290,771,99208,9,5980,638,66700,490,60806,647,127506,California
Monterey,2021-03-29,3265,185743,1438,78728,1813,101021,14,5994,2030,67522,1227,62033,2049,129555,California
Monterey,2021-03-30,4592,190335,2150,80878,2388,103409,54,6048,2804,68605,1778,63811,2861,132416,California
Monterey,2021-03-31,5529,195864,2477,83355,2252,105661,800,6848,3509,70888,2017,65828,4300,136716,California
Monterey,2021-04-01,6269,202133,2101,85456,3755,109416,413,7261,3158,71358,3096,68924,3566,140282,California
Monterey,2021-04-02,4786,206919,2229,87685,2485,111901,72,7333,3207,73065,1576,70500,3283,143565,California
Monterey,2021-04-03,6004,212923,1141,88826,3805,115706,1058,8391,1248,70617,4747,75247,2299,145864,California
Monterey,2021-04-04,786,213709,172,88998,601,116307,13,8404,504,70855,282,75529,520,146384,California
Monterey,2021-04-05,4045,217754,2498,91496,1310,117617,237,8641,1501,70052,2539,78068,1736,148120,California
Monterey,2021-04-06,3511,221265,1375,92871,1657,119274,479,9120,1211,69443,2297,80365,1688,149808,California
Monterey,2021-04-07,5736,227001,1417,94288,3795,123069,524,9644,2732,69701,2993,83358,3251,153059,California
Monterey,2021-04-08,6831,233832,3592,97880,2412,125481,827,10471,3384,70472,3441,86799,4212,157271,California
Monterey,2021-04-09,5832,239664,3476,101356,1709,127190,647,11118,2329,69944,3500,90299,2972,160243,California
Monterey,2021-04-10,10334,249998,5008,106364,3131,130321,2195,13313,5040,71892,5283,95582,7231,167474,California
Monterey,2021-04-11,5578,255576,4389,110753,577,130898,612,13925,4519,75964,1053,96635,5125,172599,California
Monterey,2021-04-12,4200,259776,1903,112656,1967,132865,330,14255,971,74175,3090,99725,1301,173900,California
Monterey,2021-04-13,3270,263046,757,113413,2508,135373,5,14260,1575,74080,1677,101402,1582,175482,California
Monterey,2021-04-14,6980,270026,3252,116665,3725,139098,3,14263,1892,70908,5068,106470,1896,177378,California
Monterey,2021-04-15,5977,276003,3946,120611,2031,141129,0,14263,3894,72750,2054,108524,3896,181274,California
Monterey,2021-04-16,4993,280996,2542,123153,2440,143569,11,14274,2330,72441,2651,111175,2342,183616,California
Monterey,2021-04-17,5810,286806,1375,124528,4435,148004,0,14274,3749,74143,2047,113222,3749,187365,California
Monterey,2021-04-18,856,287662,264,124792,592,148596,0,14274,240,73771,612,113834,240,187605,California
Monterey,2021-04-19,3767,291429,1307,126099,2460,151056,0,14274,1791,73594,1968,115802,1791,189396,California
Monterey,2021-04-20,3907,295336,1622,127721,2285,153341,0,14274,1600,72912,2283,118085,1601,190997,California
Monterey,2021-04-21,6081,301417,3289,131010,2792,156133,0,14274,2944,72758,3100,121185,2946,193943,California
Monterey,2021-04-22,4905,306322,1077,132087,3828,159961,0,14274,2028,71951,2835,124020,2028,195971,California
Monterey,2021-04-23,5694,312016,2657,134744,3036,162997,1,14275,2254,70790,3421,127441,2260,198231,California
Monterey,2021-04-24,4343,316359,598,135342,3745,166742,0,14275,1565,69596,2759,130200,1565,199796,California
Monterey,2021-04-25,1256,317615,625,135967,631,167373,0,14275,802,69954,444,130644,802,200598,California
Monterey,2021-04-26,3776,321391,2226,138193,1533,168906,17,14292,1002,68224,2749,133393,1019,201617,California
Monterey,2021-04-27,2908,324299,951,139144,1817,170723,140,14432,1248,67955,1656,135049,1387,203004,California
Monterey,2021-04-28,3705,328004,1422,140566,2130,172853,153,14585,2292,68996,1399,136448,2440,205444,California
Monterey,2021-04-29,4610,332614,2492,143058,2042,174895,76,14661,1691,67857,2907,139355,1768,207212,California
Monterey,2021-04-30,3232,335846,1673,144731,1484,176379,75,14736,820,66348,2402,141757,893,208105,California
Monterey,2021-05-01,5672,341518,4275,149006,1356,177735,41,14777,692,62120,4959,146716,731,208836,California
Monterey,2021-05-02,4400,345918,3969,152975,404,178139,27,14804,308,58377,4078,150794,335,209171,California
Monterey,2021-05-03,2562,348480,1583,154558,863,179002,116,14920,599,57139,1953,152747,715,209886,California
Monterey,2021-05-04,1842,350322,640,155198,1110,180112,92,15012,653,56710,1175,153922,746,210632,California
Monterey,2021-05-05,3391,353713,1246,156444,2059,182171,86,15098,1074,55565,2306,156228,1161,211793,California
Monterey,2021-05-06,4234,357947,2779,159223,1234,183405,221,15319,1144,53856,3073,159301,1364,213157,California
Monterey,2021-05-07,2048,359995,1022,160245,925,184330,101,15420,704,53324,1336,160637,804,213961,California
Monterey,2021-05-08,2626,362621,1389,161634,914,185244,323,15743,938,52907,1677,162314,1260,215221,California
Monterey,2021-05-09,404,363025,122,161756,256,185500,26,15769,145,52820,258,162572,171,215392,California
Monterey,2021-05-10,2819,365844,2073,163829,696,186196,50,15819,527,51117,2281,164853,578,215970,California
Monterey,2021-05-11,1893,367737,972,164801,841,187037,80,15899,775,50868,1105,165958,856,216826,California
Monterey,2021-05-12,3918,371655,2075,166876,1757,188794,86,15985,869,48789,3035,168993,956,217782,California
Monterey,2021-05-13,2622,374277,1536,168412,1030,189824,56,16041,1506,49245,1104,170097,1560,219342,California
Monterey,2021-05-14,1835,376112,539,168951,1195,191019,101,16142,729,48977,1097,171194,829,220171,California
Monterey,2021-05-15,3376,379488,828,169779,2281,193300,267,16409,955,47787,2408,173602,1218,221389,California
Monterey,2021-05-16,921,380409,563,170342,284,193584,74,16483,232,47409,683,174285,305,221694,California
Monterey,2021-05-17,2217,382626,1311,171653,826,194410,80,16563,1038,47360,1167,175452,1118,222812,California
Monterey,2021-05-18,1787,384413,713,172366,1028,195438,46,16609,827,47284,951,176403,875,223687,California
Monterey,2021-05-19,3679,388092,2384,174750,1206,196644,89,16698,1959,47621,1713,178116,2050,225737,California
Monterey,2021-05-20,2825,390917,1010,175760,1705,198349,110,16808,958,46839,1853,179969,1071,226808,California
Monterey,2021-05-21,3301,394218,1338,177098,1869,200218,94,16902,1038,45720,2250,182219,1131,227939,California
Monterey,2021-05-22,2139,396357,740,177838,1118,201336,281,17183,808,45485,1322,183541,1087,229026,California
Monterey,2021-05-23,842,397199,488,178326,338,201674,16,17199,483,45631,353,183894,499,229525,California
Monterey,2021-05-24,1684,398883,504,178830,1120,202794,60,17259,541,45094,1139,185033,602,230127,California
Monterey,2021-05-25,1459,400342,559,179389,831,203625,69,17328,572,44866,870,185903,642,230769,California
Monterey,2021-05-26,2713,403055,1055,180444,1604,205229,54,17382,1030,44286,1666,187569,1086,231855,California
Monterey,2021-05-27,2502,405557,1364,181808,1080,206309,58,17440,902,43664,1583,189152,961,232816,California
Monterey,2021-05-28,1741,407298,576,182384,1105,207414,60,17500,762,43519,968,190120,823,233639,California
Monterey,2021-05-29,982,408280,631,183015,321,207735,30,17530,412,43396,565,190685,442,234081,California
Monterey,2021-05-30,383,408663,164,183179,204,207939,15,17545,147,43323,235,190920,162,234243,California
Monterey,2021-05-31,185,408848,32,183211,144,208083,9,17554,53,43253,132,191052,62,234305,California
Monterey,2021-06-01,1733,410581,935,184146,665,208748,133,17687,549,42762,1169,192221,678,234983,California
Monterey,2021-06-02,1702,412283,981,185127,670,209418,51,17738,716,42548,981,193202,767,235750,California
Monterey,2021-06-03,2243,414526,1427,186554,780,210198,36,17774,570,41489,1664,194866,605,236355,California
Monterey,2021-06-04,1336,415862,696,187250,606,210804,34,17808,559,41312,770,195636,593,236948,California
Monterey,2021-06-05,1689,417551,852,188102,692,211496,145,17953,471,40718,1209,196845,615,237563,California
Monterey,2021-06-06,505,418056,419,188521,77,211573,9,17962,305,40832,199,197044,313,237876,California
Monterey,2021-06-07,935,418991,491,189012,401,211974,43,18005,396,40741,528,197572,437,238313,California
Monterey,2021-06-08,1181,420172,745,189757,412,212386,24,18029,423,40440,747,198319,446,238759,California
Monterey,2021-06-09,2610,422782,2036,191793,452,212838,122,18151,554,39063,2052,200371,675,239434,California
Monterey,2021-06-10,1181,423963,753,192546,368,213206,60,18211,422,38790,753,201124,480,239914,California
Monterey,2021-06-11,847,424810,414,192960,365,213571,68,18279,248,38510,593,201717,313,240227,California
Monterey,2021-06-12,445,425255,375,193335,54,213625,16,18295,232,38547,211,201928,248,240475,California
Monterey,2021-06-13,346,425601,329,193664,11,213636,6,18301,63,38334,282,202210,69,240544,California
Napa,2020-12-16,12,12,12,12,0,0,0,0,12,12,0,0,12,12,California
Napa,2020-12-17,47,59,47,59,0,0,0,0,47,59,0,0,47,59,California
Napa,2020-12-18,103,162,103,162,0,0,0,0,103,162,0,0,103,162,California
Napa,2020-12-19,223,385,223,385,0,0,0,0,223,385,0,0,223,385,California
Napa,2020-12-20,192,577,192,577,0,0,0,0,192,577,0,0,192,577,California
Napa,2020-12-21,318,895,318,895,0,0,0,0,319,896,0,0,319,896,California
Napa,2020-12-22,339,1234,330,1225,9,9,0,0,339,1235,0,0,339,1235,California
Napa,2020-12-23,440,1674,328,1553,112,121,0,0,440,1675,0,0,440,1675,California
Napa,2020-12-24,141,1815,79,1632,62,183,0,0,141,1816,0,0,141,1816,California
Napa,2020-12-25,1,1816,1,1633,0,183,0,0,1,1817,0,0,1,1817,California
Napa,2020-12-26,39,1855,11,1644,28,211,0,0,39,1856,0,0,39,1856,California
Napa,2020-12-27,31,1886,16,1660,15,226,0,0,31,1887,0,0,31,1887,California
Napa,2020-12-28,254,2140,187,1847,67,293,0,0,281,2168,0,0,281,2168,California
Napa,2020-12-29,275,2415,219,2066,56,349,0,0,308,2476,0,0,308,2476,California
Napa,2020-12-30,640,3055,490,2556,150,499,0,0,648,3124,0,0,648,3124,California
Napa,2020-12-31,460,3515,373,2929,87,586,0,0,460,3584,0,0,460,3584,California
Napa,2021-01-01,1,3516,1,2930,0,586,0,0,1,3585,0,0,1,3585,California
Napa,2021-01-02,97,3613,92,3022,5,591,0,0,97,3682,0,0,97,3682,California
Napa,2021-01-03,14,3627,12,3034,2,593,0,0,9,3691,0,0,9,3691,California
Napa,2021-01-04,108,3735,64,3098,44,637,0,0,108,3799,0,0,108,3799,California
Napa,2021-01-05,164,3899,87,3185,77,714,0,0,147,3922,24,24,147,3946,California
Napa,2021-01-06,464,4363,115,3300,349,1063,0,0,398,4256,64,88,398,4344,California
Napa,2021-01-07,505,4868,241,3541,264,1327,0,0,398,4548,106,194,398,4742,California
Napa,2021-01-08,444,5312,228,3769,216,1543,0,0,259,4623,184,378,259,5001,California
Napa,2021-01-09,329,5641,303,4072,26,1569,0,0,191,4676,138,516,191,5192,California
Napa,2021-01-10,184,5825,101,4173,83,1652,0,0,107,4706,77,593,107,5299,California
Napa,2021-01-11,886,6711,430,4603,456,2108,0,0,508,4837,379,972,510,5809,California
Napa,2021-01-12,1329,8040,378,4981,951,3059,0,0,1008,5524,321,1293,1008,6817,California
Napa,2021-01-13,1318,9358,268,5249,1050,4109,0,0,1153,6514,164,1457,1154,7971,California
Napa,2021-01-14,1055,10413,170,5419,885,4994,0,0,938,7337,115,1572,938,8909,California
Napa,2021-01-15,1471,11884,390,5809,1081,6075,0,0,1321,8501,158,1730,1322,10231,California
Napa,2021-01-16,359,12243,133,5942,226,6301,0,0,341,8824,18,1748,341,10572,California
Napa,2021-01-17,341,12584,177,6119,164,6465,0,0,331,9145,10,1758,331,10903,California
Napa,2021-01-18,1081,13665,196,6315,885,7350,0,0,990,10044,91,1849,990,11893,California
Napa,2021-01-19,1013,14678,410,6725,603,7953,0,0,768,10568,244,2093,768,12661,California
Napa,2021-01-20,834,15512,190,6915,644,8597,0,0,646,11028,186,2279,646,13307,California
Napa,2021-01-21,1328,16840,364,7279,964,9561,0,0,1073,11848,254,2533,1074,14381,California
Napa,2021-01-22,1547,18387,415,7694,1132,10693,0,0,1218,12739,328,2861,1219,15600,California
Napa,2021-01-23,402,18789,320,8014,82,10775,0,0,338,13013,64,2925,338,15938,California
Napa,2021-01-24,263,19052,186,8200,77,10852,0,0,205,13160,58,2983,205,16143,California
Napa,2021-01-25,1527,20579,229,8429,1298,12150,0,0,1437,14507,90,3073,1437,17580,California
Napa,2021-01-26,876,21455,282,8711,594,12744,0,0,782,15196,94,3167,783,18363,California
Napa,2021-01-27,631,22086,222,8933,409,13153,0,0,468,15501,164,3331,469,18832,California
Napa,2021-01-28,390,22476,176,9109,214,13367,0,0,197,15507,191,3522,197,19029,California
Napa,2021-01-29,261,22737,64,9173,197,13564,0,0,166,15578,95,3617,166,19195,California
Napa,2021-01-30,823,23560,710,9883,113,13677,0,0,654,16063,169,3786,654,19849,California
Napa,2021-01-31,696,24256,664,10547,32,13709,0,0,673,16713,23,3809,673,20522,California
Napa,2021-02-01,325,24581,113,10660,212,13921,0,0,165,16718,160,3969,165,20687,California
Napa,2021-02-02,613,25194,282,10942,331,14252,0,0,300,16708,310,4279,300,20987,California
Napa,2021-02-03,744,25938,309,11251,435,14687,0,0,429,16823,314,4593,429,21416,California
Napa,2021-02-04,788,26726,373,11624,415,15102,0,0,438,16913,348,4941,438,21854,California
Napa,2021-02-05,714,27440,309,11933,405,15507,0,0,340,16879,374,5315,340,22194,California
Napa,2021-02-06,437,27877,144,12077,293,15800,0,0,331,17104,106,5421,331,22525,California
Napa,2021-02-07,176,28053,163,12240,13,15813,0,0,69,17066,107,5528,69,22594,California
Napa,2021-02-08,838,28891,191,12431,647,16460,0,0,275,16780,561,6089,275,22869,California
Napa,2021-02-09,1089,29980,451,12882,638,17098,0,0,441,16574,647,6736,441,23310,California
Napa,2021-02-10,1735,31715,192,13074,1543,18641,0,0,453,15749,1279,8015,454,23764,California
Napa,2021-02-11,1487,33202,184,13258,1303,19944,0,0,400,15075,1074,9089,400,24164,California
Napa,2021-02-12,2156,35358,838,14096,1318,21262,0,0,716,14355,1436,10525,716,24880,California
Napa,2021-02-13,510,35868,55,14151,455,21717,0,0,321,14487,189,10714,321,25201,California
Napa,2021-02-14,332,36200,69,14220,263,21980,0,0,171,14497,161,10875,171,25372,California
Napa,2021-02-15,885,37085,183,14403,702,22682,0,0,229,14072,654,11529,229,25601,California
Napa,2021-02-16,1289,38374,596,14999,693,23375,0,0,616,14017,671,12200,616,26217,California
Napa,2021-02-17,1042,39416,525,15524,517,23892,0,0,474,13926,566,12766,475,26692,California
Napa,2021-02-18,1898,41314,478,16002,1420,25312,0,0,656,13343,1239,14005,656,27348,California
Napa,2021-02-19,1496,42810,589,16591,907,26219,0,0,682,13212,813,14818,682,28030,California
Napa,2021-02-20,867,43677,633,17224,234,26453,0,0,275,12895,592,15410,275,28305,California
Napa,2021-02-21,892,44569,824,18048,68,26521,0,0,193,12389,699,16109,193,28498,California
Napa,2021-02-22,476,45045,196,18244,280,26801,0,0,145,12203,331,16440,145,28643,California
Napa,2021-02-23,1152,46197,308,18552,844,27645,0,0,324,11699,828,17268,324,28967,California
Napa,2021-02-24,1163,47360,637,19189,526,28171,0,0,570,11678,591,17859,570,29537,California
Napa,2021-02-25,2586,49946,1245,20434,1341,29512,0,0,1872,12837,713,18572,1872,31409,California
Napa,2021-02-26,1551,51497,544,20978,1007,30519,0,0,616,12520,933,19505,616,32025,California
Napa,2021-02-27,1168,52665,427,21405,741,31260,0,0,908,13170,258,19763,908,32933,California
Napa,2021-02-28,724,53389,606,22011,118,31378,0,0,608,13664,114,19877,608,33541,California
Napa,2021-03-01,1174,54563,879,22890,295,31673,0,0,898,14287,275,20152,898,34439,California
Napa,2021-03-02,1510,56073,1052,23942,458,32131,0,0,1167,15112,342,20494,1167,35606,California
Napa,2021-03-03,1562,57635,688,24630,874,33005,0,0,1375,16301,186,20680,1375,36981,California
Napa,2021-03-04,1719,59354,792,25422,927,33932,0,0,1480,17545,236,20916,1480,38461,California
Napa,2021-03-05,1912,61266,787,26209,1121,35053,4,4,1494,18627,416,21332,1498,39959,California
Napa,2021-03-06,661,61927,292,26501,338,35391,31,35,549,19097,110,21442,580,40539,California
Napa,2021-03-07,508,62435,300,26801,193,35584,15,50,381,19367,126,21568,396,40935,California
Napa,2021-03-08,718,63153,337,27138,327,35911,54,104,540,19785,176,21744,594,41529,California
Napa,2021-03-09,1693,64846,611,27749,1036,36947,46,150,1252,20645,438,22182,1298,42827,California
Napa,2021-03-10,1502,66348,922,28671,486,37433,94,244,801,20840,697,22879,892,43719,California
Napa,2021-03-11,1887,68235,1065,29736,691,38124,131,375,995,21073,892,23771,1125,44844,California
Napa,2021-03-12,1507,69742,926,30662,491,38615,90,465,808,21274,697,24468,898,45742,California
Napa,2021-03-13,1177,70919,306,30968,847,39462,24,489,834,21791,341,24809,858,46600,California
Napa,2021-03-14,620,71539,336,31304,133,39595,151,640,208,21738,411,25220,358,46958,California
Napa,2021-03-15,964,72503,412,31716,482,40077,70,710,482,21810,480,25700,552,47510,California
Napa,2021-03-16,1853,74356,388,32104,1337,41414,128,838,1378,22845,472,26172,1507,49017,California
Napa,2021-03-17,2494,76850,1834,33938,482,41896,178,1016,1589,23708,904,27076,1767,50784,California
Napa,2021-03-18,2131,78981,939,34877,1179,43075,13,1029,1278,24149,850,27926,1291,52075,California
Napa,2021-03-19,1453,80434,879,35756,548,43623,26,1055,699,24123,751,28677,725,52800,California
Napa,2021-03-20,1009,81443,532,36288,324,43947,153,1208,382,24033,625,29302,535,53335,California
Napa,2021-03-21,711,82154,689,36977,20,43967,2,1210,218,23761,492,29794,220,53555,California
Napa,2021-03-22,1303,83457,1122,38099,169,44136,12,1222,439,23353,859,30653,451,54006,California
Napa,2021-03-23,1878,85335,1190,39289,672,44808,16,1238,992,23479,882,31535,1008,55014,California
Napa,2021-03-24,1701,87036,938,40227,754,45562,9,1247,811,23409,889,32424,819,55833,California
Napa,2021-03-25,1933,88969,1054,41281,825,46387,54,1301,766,23068,1161,33585,820,56653,California
Napa,2021-03-26,1317,90286,843,42124,468,46855,6,1307,590,22942,722,34307,596,57249,California
Napa,2021-03-27,934,91220,440,42564,467,47322,27,1334,298,22631,636,34943,325,57574,California
Napa,2021-03-28,490,91710,383,42947,100,47422,7,1341,180,22510,308,35251,187,57761,California
Napa,2021-03-29,1207,92917,878,43825,324,47746,5,1346,732,22773,474,35725,737,58498,California
Napa,2021-03-30,2802,95719,931,44756,1867,49613,4,1350,1975,23925,827,36552,1979,60477,California
Napa,2021-03-31,1985,97704,968,45724,947,50560,70,1420,810,23631,1172,37724,878,61355,California
Napa,2021-04-01,1755,99459,842,46566,797,51357,116,1536,484,22966,1264,38988,599,61954,California
Napa,2021-04-02,1877,101336,845,47411,891,52248,141,1677,480,22192,1394,40382,620,62574,California
Napa,2021-04-03,639,101975,370,47781,212,52460,57,1734,211,22032,427,40809,267,62841,California
Napa,2021-04-04,356,102331,143,47924,155,52615,58,1792,122,21979,233,41042,180,63021,California
Napa,2021-04-05,1274,103605,757,48681,297,52912,220,2012,568,22063,704,41746,788,63809,California
Napa,2021-04-06,2247,105852,560,49241,1425,54337,262,2274,520,21120,1724,43470,781,64590,California
Napa,2021-04-07,1752,107604,711,49952,820,55157,221,2495,526,20645,1220,44690,745,65335,California
Napa,2021-04-08,1863,109467,1064,51016,424,55581,375,2870,958,21077,900,45590,1332,66667,California
Napa,2021-04-09,1559,111026,935,51951,319,55900,305,3175,681,21186,876,46466,985,67652,California
Napa,2021-04-10,1038,112064,342,52293,594,56494,102,3277,239,20728,798,47264,340,67992,California
Napa,2021-04-11,386,112450,302,52595,62,56556,22,3299,159,20682,227,47491,181,68173,California
Napa,2021-04-12,791,113241,300,52895,366,56922,125,3424,290,20595,498,47989,411,68584,California
Napa,2021-04-13,2573,115814,866,53761,1707,58629,0,3424,937,19902,1631,49620,938,69522,California
Napa,2021-04-14,2098,117912,983,54744,1115,59744,0,3424,1028,19869,1062,50682,1029,70551,California
Napa,2021-04-15,2052,119964,525,55269,1527,61271,0,3424,877,19577,1169,51851,877,71428,California
Napa,2021-04-16,2978,122942,1638,56907,1340,62611,0,3424,2259,21120,716,52567,2259,73687,California
Napa,2021-04-17,1131,124073,273,57180,858,63469,0,3424,831,21652,299,52866,831,74518,California
Napa,2021-04-18,269,124342,177,57357,92,63561,0,3424,118,21619,151,53017,118,74636,California
Napa,2021-04-19,610,124952,339,57696,271,63832,0,3424,263,21536,346,53363,263,74899,California
Napa,2021-04-20,3044,127996,2070,59766,974,64806,0,3424,2095,22685,947,54310,2096,76995,California
Napa,2021-04-21,2932,130928,2170,61936,762,65568,0,3424,1869,23498,1057,55367,1870,78865,California
Napa,2021-04-22,1725,132653,1202,63138,523,66091,0,3424,836,23450,884,56251,836,79701,California
Napa,2021-04-23,1638,134291,1257,64395,379,66470,2,3426,1158,24132,476,56727,1158,80859,California
Napa,2021-04-24,563,134854,317,64712,246,66716,0,3426,283,24138,277,57004,283,81142,California
Napa,2021-04-25,248,135102,190,64902,58,66774,0,3426,129,24149,118,57122,129,81271,California
Napa,2021-04-26,537,135639,283,65185,254,67028,0,3426,273,24163,259,57381,273,81544,California
Napa,2021-04-27,1774,137413,459,65644,1303,68331,12,3438,582,23569,1188,58569,594,82138,California
Napa,2021-04-28,1006,138419,461,66105,528,68859,17,3455,338,23258,666,59235,355,82493,California
Napa,2021-04-29,704,139123,348,66453,337,69196,19,3474,247,23073,450,59685,265,82758,California
Napa,2021-04-30,607,139730,306,66759,237,69433,64,3538,249,23028,357,60042,312,83070,California
Napa,2021-05-01,320,140050,264,67023,45,69478,11,3549,120,22959,200,60242,131,83201,California
Napa,2021-05-02,237,140287,192,67215,39,69517,6,3555,98,22925,138,60380,104,83305,California
Napa,2021-05-03,615,140902,494,67709,87,69604,34,3589,100,22550,510,60890,135,83440,California
Napa,2021-05-04,1132,142034,719,68428,302,69906,111,3700,299,22131,829,61719,410,83850,California
Napa,2021-05-05,1018,143052,688,69116,293,70199,37,3737,253,21659,762,62481,290,84140,California
Napa,2021-05-06,714,143766,318,69434,373,70572,23,3760,366,21709,339,62820,389,84529,California
Napa,2021-05-07,1432,145198,1209,70643,160,70732,63,3823,295,20951,1115,63935,357,84886,California
Napa,2021-05-08,252,145450,161,70804,80,70812,11,3834,87,20885,164,64099,98,84984,California
Napa,2021-05-09,108,145558,77,70881,31,70843,0,3834,51,20879,57,64156,51,85035,California
Napa,2021-05-10,414,145972,142,71023,253,71096,19,3853,103,20691,310,64466,122,85157,California
Napa,2021-05-11,2189,148161,1805,72828,359,71455,25,3878,374,19281,1809,66275,399,85556,California
Napa,2021-05-12,2200,150361,1378,74206,766,72221,56,3934,304,17750,1891,68166,360,85916,California
Napa,2021-05-13,1887,152248,1190,75396,656,72877,41,3975,817,17546,1063,69229,859,86775,California
Napa,2021-05-14,1916,154164,1148,76544,682,73559,86,4061,509,16742,1400,70629,596,87371,California
Napa,2021-05-15,1063,155227,357,76901,694,74253,12,4073,267,16229,793,71422,280,87651,California
Napa,2021-05-16,242,155469,162,77063,78,74331,2,4075,69,16127,173,71595,71,87722,California
Napa,2021-05-17,879,156348,350,77413,499,74830,30,4105,305,15950,512,72107,335,88057,California
Napa,2021-05-18,1048,157396,548,77961,443,75273,57,4162,502,15968,541,72648,559,88616,California
Napa,2021-05-19,935,158331,555,78516,350,75623,30,4192,504,16073,428,73076,533,89149,California
Napa,2021-05-20,644,158975,434,78950,179,75802,31,4223,392,16244,252,73328,423,89572,California
Napa,2021-05-21,505,159480,269,79219,204,76006,32,4255,215,16202,290,73618,248,89820,California
Napa,2021-05-22,449,159929,264,79483,177,76183,8,4263,189,16140,260,73878,198,90018,California
Napa,2021-05-23,390,160319,345,79828,34,76217,11,4274,293,16347,97,73975,304,90322,California
Napa,2021-05-24,358,160677,177,80005,161,76378,20,4294,146,16302,211,74186,166,90488,California
Napa,2021-05-25,420,161097,175,80180,174,76552,71,4365,146,16245,273,74459,216,90704,California
Napa,2021-05-26,545,161642,354,80534,165,76717,26,4391,316,16361,226,74685,342,91046,California
Napa,2021-05-27,375,162017,163,80697,184,76901,28,4419,141,16296,234,74919,169,91215,California
Napa,2021-05-28,393,162410,206,80903,163,77064,24,4443,164,16257,225,75144,186,91401,California
Napa,2021-05-29,129,162539,79,80982,46,77110,4,4447,74,16281,54,75198,78,91479,California
Napa,2021-05-30,97,162636,60,81042,32,77142,5,4452,32,16255,63,75261,37,91516,California
Napa,2021-05-31,43,162679,17,81059,19,77161,7,4459,9,16237,34,75295,16,91532,California
Napa,2021-06-01,596,163275,309,81368,263,77424,24,4483,266,16202,324,75619,289,91821,California
Napa,2021-06-02,411,163686,243,81611,146,77570,22,4505,200,16215,209,75828,222,92043,California
Napa,2021-06-03,722,164408,435,82046,263,77833,24,4529,175,15868,544,76372,197,92240,California
Napa,2021-06-04,779,165187,601,82647,140,77973,38,4567,170,15469,607,76979,208,92448,California
Napa,2021-06-05,310,165497,252,82899,46,78019,12,4579,77,15327,231,77210,89,92537,California
Napa,2021-06-06,139,165636,121,83020,18,78037,0,4579,45,15278,94,77304,45,92582,California
Napa,2021-06-07,393,166029,285,83305,79,78116,29,4608,92,15098,301,77605,121,92703,California
Napa,2021-06-08,594,166623,466,83771,112,78228,16,4624,250,15024,340,77945,266,92969,California
Napa,2021-06-09,453,167076,373,84144,68,78296,12,4636,68,14721,383,78328,80,93049,California
Napa,2021-06-10,390,167466,315,84459,61,78357,14,4650,54,14453,336,78664,68,93117,California
Napa,2021-06-11,255,167721,148,84607,84,78441,23,4673,80,14381,175,78839,103,93220,California
Napa,2021-06-12,167,167888,136,84743,24,78465,7,4680,31,14285,134,78973,38,93258,California
Napa,2021-06-13,220,168108,212,84955,4,78469,4,4684,17,14103,203,79176,21,93279,California
Nevada,2020-12-16,3,3,3,3,0,0,0,0,3,3,0,0,3,3,California
Nevada,2020-12-17,6,9,6,9,0,0,0,0,6,9,0,0,6,9,California
Nevada,2020-12-18,58,67,58,67,0,0,0,0,58,67,0,0,58,67,California
Nevada,2020-12-19,55,122,55,122,0,0,0,0,55,122,0,0,55,122,California
Nevada,2020-12-20,15,137,15,137,0,0,0,0,15,137,0,0,15,137,California
Nevada,2020-12-21,69,206,69,206,0,0,0,0,69,206,0,0,69,206,California
Nevada,2020-12-22,90,296,88,294,2,2,0,0,90,296,0,0,90,296,California
Nevada,2020-12-23,242,538,209,503,33,35,0,0,242,538,0,0,242,538,California
Nevada,2020-12-24,14,552,11,514,3,38,0,0,14,552,0,0,14,552,California
Nevada,2020-12-25,3,555,3,517,0,38,0,0,3,555,0,0,3,555,California
Nevada,2020-12-26,7,562,5,522,2,40,0,0,7,562,0,0,7,562,California
Nevada,2020-12-27,92,654,91,613,1,41,0,0,92,654,0,0,92,654,California
Nevada,2020-12-28,173,827,93,706,80,121,0,0,173,827,0,0,173,827,California
Nevada,2020-12-29,101,928,71,777,30,151,0,0,101,928,0,0,101,928,California
Nevada,2020-12-30,88,1016,66,843,22,173,0,0,88,1016,0,0,88,1016,California
Nevada,2020-12-31,41,1057,8,851,33,206,0,0,41,1057,0,0,41,1057,California
Nevada,2021-01-01,2,1059,0,851,2,208,0,0,2,1059,0,0,2,1059,California
Nevada,2021-01-02,2,1061,1,852,1,209,0,0,2,1061,0,0,2,1061,California
Nevada,2021-01-03,132,1193,127,979,5,214,0,0,132,1193,0,0,132,1193,California
Nevada,2021-01-04,71,1264,43,1022,28,242,0,0,71,1264,0,0,71,1264,California
Nevada,2021-01-05,282,1546,131,1153,151,393,0,0,281,1544,1,1,281,1545,California
Nevada,2021-01-06,93,1639,43,1196,50,443,0,0,85,1621,8,9,85,1630,California
Nevada,2021-01-07,223,1862,46,1242,177,620,0,0,214,1828,8,17,215,1845,California
Nevada,2021-01-08,233,2095,132,1374,101,721,0,0,173,1942,60,77,174,2019,California
Nevada,2021-01-09,63,2158,56,1430,7,728,0,0,14,1907,49,126,14,2033,California
Nevada,2021-01-10,20,2178,10,1440,10,738,0,0,11,1909,9,135,11,2044,California
Nevada,2021-01-11,191,2369,132,1572,59,797,0,0,62,1842,129,264,62,2106,California
Nevada,2021-01-12,600,2969,453,2025,147,944,0,0,534,2310,66,330,534,2640,California
Nevada,2021-01-13,271,3240,153,2178,118,1062,0,0,133,2305,138,468,133,2773,California
Nevada,2021-01-14,245,3485,125,2303,120,1182,0,0,227,2515,17,485,227,3000,California
Nevada,2021-01-15,406,3891,171,2474,235,1417,0,0,306,2721,100,585,306,3306,California
Nevada,2021-01-16,325,4216,17,2491,308,1725,0,0,319,3034,6,591,319,3625,California
Nevada,2021-01-17,43,4259,39,2530,4,1729,0,0,40,3071,3,594,40,3665,California
Nevada,2021-01-18,157,4416,47,2577,110,1839,0,0,144,3202,13,607,144,3809,California
Nevada,2021-01-19,256,4672,95,2672,161,2000,0,0,234,3414,22,629,234,4043,California
Nevada,2021-01-20,278,4950,164,2836,114,2114,0,0,264,3664,14,643,264,4307,California
Nevada,2021-01-21,349,5299,205,3041,144,2258,0,0,335,3985,14,657,335,4642,California
Nevada,2021-01-22,380,5679,235,3276,145,2403,0,0,347,4299,33,690,347,4989,California
Nevada,2021-01-23,185,5864,106,3382,79,2482,0,0,185,4484,0,690,185,5174,California
Nevada,2021-01-24,113,5977,101,3483,12,2494,0,0,73,4517,40,730,73,5247,California
Nevada,2021-01-25,262,6239,129,3612,133,2627,0,0,198,4651,64,794,198,5445,California
Nevada,2021-01-26,421,6660,151,3763,270,2897,0,0,315,4860,106,900,315,5760,California
Nevada,2021-01-27,442,7102,265,4028,177,3074,0,0,416,5250,26,926,416,6176,California
Nevada,2021-01-28,489,7591,330,4358,159,3233,0,0,439,5640,49,975,439,6615,California
Nevada,2021-01-29,618,8209,400,4758,218,3451,0,0,590,6204,27,1002,591,7206,California
Nevada,2021-01-30,251,8460,119,4877,132,3583,0,0,248,6449,3,1005,248,7454,California
Nevada,2021-01-31,111,8571,93,4970,18,3601,0,0,107,6554,3,1008,108,7562,California
Nevada,2021-02-01,292,8863,75,5045,217,3818,0,0,278,6818,14,1022,278,7840,California
Nevada,2021-02-02,539,9402,192,5237,347,4165,0,0,334,6947,205,1227,334,8174,California
Nevada,2021-02-03,821,10223,563,5800,258,4423,0,0,762,7651,58,1285,762,8936,California
Nevada,2021-02-04,771,10994,398,6198,373,4796,0,0,517,7915,253,1538,517,9453,California
Nevada,2021-02-05,684,11678,386,6584,298,5094,0,0,487,8207,195,1733,487,9940,California
Nevada,2021-02-06,281,11959,92,6676,189,5283,0,0,253,8432,28,1761,253,10193,California
Nevada,2021-02-07,294,12253,236,6912,58,5341,0,0,233,8604,61,1822,233,10426,California
Nevada,2021-02-08,686,12939,418,7330,268,5609,0,0,578,9074,108,1930,578,11004,California
Nevada,2021-02-09,636,13575,363,7693,273,5882,0,0,489,9416,147,2077,489,11493,California
Nevada,2021-02-10,669,14244,336,8029,333,6215,0,0,441,9630,228,2305,442,11935,California
Nevada,2021-02-11,917,15161,524,8553,393,6608,0,0,580,9874,336,2641,580,12515,California
Nevada,2021-02-12,985,16146,453,9006,532,7140,0,0,652,10196,330,2971,652,13167,California
Nevada,2021-02-13,654,16800,256,9262,398,7538,0,0,412,10371,238,3209,413,13580,California
Nevada,2021-02-14,247,17047,132,9394,115,7653,0,0,213,10550,34,3243,213,13793,California
Nevada,2021-02-15,733,17780,448,9842,285,7938,0,0,559,10935,174,3417,559,14352,California
Nevada,2021-02-16,659,18439,225,10067,434,8372,0,0,484,11245,174,3591,484,14836,California
Nevada,2021-02-17,1223,19662,796,10863,427,8799,0,0,882,11786,341,3932,882,15718,California
Nevada,2021-02-18,1041,20703,574,11437,467,9266,0,0,617,11982,421,4353,617,16335,California
Nevada,2021-02-19,1040,21743,653,12090,387,9653,0,0,665,12275,373,4726,666,17001,California
Nevada,2021-02-20,318,22061,118,12208,200,9853,0,0,178,12314,139,4865,178,17179,California
Nevada,2021-02-21,107,22168,97,12305,10,9863,0,0,8,12226,96,4961,8,17187,California
Nevada,2021-02-22,508,22676,341,12646,167,10030,0,0,357,12433,150,5111,357,17544,California
Nevada,2021-02-23,508,23184,245,12891,263,10293,0,0,225,12378,280,5391,225,17769,California
Nevada,2021-02-24,489,23673,251,13142,238,10531,0,0,256,12404,232,5623,258,18027,California
Nevada,2021-02-25,893,24566,493,13635,400,10931,0,0,443,12399,448,6071,443,18470,California
Nevada,2021-02-26,1284,25850,894,14529,390,11321,0,0,446,12010,835,6906,446,18916,California
Nevada,2021-02-27,393,26243,123,14652,270,11591,0,0,207,12031,186,7092,207,19123,California
Nevada,2021-02-28,327,26570,198,14850,129,11720,0,0,141,11987,185,7277,141,19264,California
Nevada,2021-03-01,862,27432,451,15301,411,12131,0,0,380,11888,479,7756,380,19644,California
Nevada,2021-03-02,768,28200,309,15610,459,12590,0,0,521,12167,242,7998,521,20165,California
Nevada,2021-03-03,1006,29206,510,16120,495,13085,1,1,519,12203,485,8483,521,20686,California
Nevada,2021-03-04,1146,30352,634,16754,512,13597,0,1,485,12031,657,9140,485,21171,California
Nevada,2021-03-05,882,31234,500,17254,372,13969,10,11,395,11951,485,9625,405,21576,California
Nevada,2021-03-06,379,31613,132,17386,220,14189,27,38,150,11898,229,9854,176,21752,California
Nevada,2021-03-07,220,31833,115,17501,85,14274,20,58,72,11842,148,10002,92,21844,California
Nevada,2021-03-08,847,32680,567,18068,232,14506,48,106,379,11803,467,10469,428,22272,California
Nevada,2021-03-09,821,33501,421,18489,345,14851,55,161,465,11969,353,10822,519,22791,California
Nevada,2021-03-10,1035,34536,666,19155,311,15162,58,219,347,11691,682,11504,404,23195,California
Nevada,2021-03-11,1136,35672,736,19891,373,15535,27,246,550,11690,578,12082,577,23772,California
Nevada,2021-03-12,1234,36906,736,20627,467,16002,31,277,510,11510,720,12802,540,24312,California
Nevada,2021-03-13,302,37208,58,20685,238,16240,6,283,116,11446,184,12986,120,24432,California
Nevada,2021-03-14,164,37372,26,20711,132,16372,6,289,36,11360,128,13114,42,24474,California
Nevada,2021-03-15,872,38244,469,21180,391,16763,12,301,366,11235,503,13617,378,24852,California
Nevada,2021-03-16,1003,39247,468,21648,473,17236,62,363,642,11579,359,13976,703,25555,California
Nevada,2021-03-17,1029,40276,455,22103,564,17800,10,373,583,11729,443,14419,593,26148,California
Nevada,2021-03-18,1003,41279,547,22650,434,18234,22,395,489,11730,510,14929,511,26659,California
Nevada,2021-03-19,768,42047,451,23101,280,18514,37,432,369,11741,395,15324,406,27065,California
Nevada,2021-03-20,836,42883,95,23196,305,18819,436,868,230,11804,599,15923,662,27727,California
Nevada,2021-03-21,65,42948,36,23232,28,18847,1,869,46,11833,18,15941,47,27774,California
Nevada,2021-03-22,818,43766,526,23758,287,19134,5,874,542,12107,273,16214,547,28321,California
Nevada,2021-03-23,865,44631,397,24155,442,19576,26,900,623,12517,239,16453,649,28970,California
Nevada,2021-03-24,1036,45667,556,24711,473,20049,7,907,648,12791,380,16833,654,29624,California
Nevada,2021-03-25,931,46598,477,25188,426,20475,28,935,505,12899,424,17257,532,30156,California
Nevada,2021-03-26,1189,47787,463,25651,686,21161,40,975,838,13427,349,17606,877,31033,California
Nevada,2021-03-27,586,48373,71,25722,499,21660,16,991,389,13635,197,17803,405,31438,California
Nevada,2021-03-28,195,48568,51,25773,131,21791,13,1004,39,13534,153,17956,52,31490,California
Nevada,2021-03-29,850,49418,507,26280,321,22112,22,1026,381,13470,466,18422,402,31892,California
Nevada,2021-03-30,1076,50494,486,26766,556,22668,34,1060,492,13420,576,18998,526,32418,California
Nevada,2021-03-31,1197,51691,666,27432,514,23182,17,1077,687,13622,501,19499,703,33121,California
Nevada,2021-04-01,1256,52947,727,28159,477,23659,52,1129,556,13539,691,20190,608,33729,California
Nevada,2021-04-02,1319,54266,667,28826,618,24277,34,1163,791,13840,524,20714,825,34554,California
Nevada,2021-04-03,305,54571,94,28920,174,24451,37,1200,90,13753,214,20928,127,34681,California
Nevada,2021-04-04,136,54707,45,28965,84,24535,7,1207,80,13784,56,20984,87,34768,California
Nevada,2021-04-05,952,55659,630,29595,301,24836,21,1228,629,14114,319,21303,649,35417,California
Nevada,2021-04-06,1095,56754,674,30269,275,25111,146,1374,452,14075,636,21939,597,36014,California
Nevada,2021-04-07,1170,57924,832,31101,251,25362,87,1461,628,14254,535,22474,714,36728,California
Nevada,2021-04-08,1310,59234,905,32006,314,25676,91,1552,716,14472,589,23063,807,37535,California
Nevada,2021-04-09,1281,60515,871,32877,336,26012,74,1626,851,14969,428,23491,925,38460,California
Nevada,2021-04-10,283,60798,81,32958,125,26137,77,1703,114,14992,168,23659,191,38651,California
Nevada,2021-04-11,103,60901,36,32994,63,26200,4,1707,38,14969,65,23724,42,38693,California
Nevada,2021-04-12,770,61671,556,33550,197,26397,17,1724,330,14881,435,24159,347,39040,California
Nevada,2021-04-13,901,62572,368,33918,533,26930,0,1724,470,14925,427,24586,471,39511,California
Nevada,2021-04-14,1071,63643,587,34505,484,27414,0,1724,538,14937,526,25112,538,40049,California
Nevada,2021-04-15,1097,64740,716,35221,381,27795,0,1724,628,15108,457,25569,628,40677,California
Nevada,2021-04-16,919,65659,708,35929,211,28006,0,1724,529,15249,388,25957,529,41206,California
Nevada,2021-04-17,192,65851,50,35979,142,28148,0,1724,78,15215,112,26069,78,41284,California
Nevada,2021-04-18,193,66044,22,36001,171,28319,0,1724,106,15234,87,26156,106,41390,California
Nevada,2021-04-19,778,66822,499,36500,279,28598,0,1724,318,15101,451,26607,318,41708,California
Nevada,2021-04-20,796,67618,316,36816,480,29078,0,1724,306,14924,483,27090,306,42014,California
Nevada,2021-04-21,917,68535,505,37321,412,29490,0,1724,283,14582,625,27715,283,42297,California
Nevada,2021-04-22,1006,69541,622,37943,384,29874,0,1724,342,14272,652,28367,342,42639,California
Nevada,2021-04-23,1231,70772,556,38499,675,30549,0,1724,398,13849,821,29188,398,43037,California
Nevada,2021-04-24,524,71296,77,38576,447,30996,0,1724,170,13667,352,29540,170,43207,California
Nevada,2021-04-25,123,71419,62,38638,56,31052,5,1729,57,13663,65,29605,61,43268,California
Nevada,2021-04-26,760,72179,576,39214,175,31227,9,1738,219,13360,531,30136,228,43496,California
Nevada,2021-04-27,837,73016,395,39609,437,31664,5,1743,421,13378,408,30544,426,43922,California
Nevada,2021-04-28,1003,74019,588,40197,410,32074,5,1748,387,13159,611,31155,392,44314,California
Nevada,2021-04-29,1031,75050,719,40916,308,32382,4,1752,293,12720,736,31891,297,44611,California
Nevada,2021-04-30,1259,76309,744,41660,506,32888,9,1761,210,11892,1047,32938,219,44830,California
Nevada,2021-05-01,151,76460,64,41724,83,32971,4,1765,66,11879,83,33021,70,44900,California
Nevada,2021-05-02,63,76523,31,41755,28,32999,4,1769,22,11864,41,33062,26,44926,California
Nevada,2021-05-03,620,77143,416,42171,185,33184,19,1788,184,11634,432,33494,202,45128,California
Nevada,2021-05-04,594,77737,176,42347,399,33583,19,1807,332,11727,258,33752,351,45479,California
Nevada,2021-05-05,747,78484,390,42737,343,33926,14,1821,323,11649,415,34167,337,45816,California
Nevada,2021-05-06,812,79296,566,43303,235,34161,11,1832,204,11265,599,34766,215,46031,California
Nevada,2021-05-07,888,80184,494,43797,358,34519,36,1868,194,10806,689,35455,230,46261,California
Nevada,2021-05-08,172,80356,18,43815,135,34654,19,1887,79,10812,92,35547,98,46359,California
Nevada,2021-05-09,43,80399,7,43822,34,34688,2,1889,19,10809,24,35571,21,46380,California
Nevada,2021-05-10,405,80804,259,44081,121,34809,25,1914,78,10586,326,35897,103,46483,California
Nevada,2021-05-11,512,81316,158,44239,338,35147,16,1930,129,10356,375,36272,145,46628,California
Nevada,2021-05-12,534,81850,240,44479,283,35430,11,1941,151,10143,375,36647,162,46790,California
Nevada,2021-05-13,842,82692,554,45033,278,35708,10,1951,429,10177,405,37052,439,47229,California
Nevada,2021-05-14,778,83470,580,45613,181,35889,17,1968,425,10269,350,37402,442,47671,California
Nevada,2021-05-15,180,83650,89,45702,84,35973,7,1975,87,10271,92,37494,94,47765,California
Nevada,2021-05-16,158,83808,51,45753,107,36080,0,1975,52,10217,106,37600,52,47817,California
Nevada,2021-05-17,502,84310,319,46072,152,36232,31,2006,218,10193,273,37873,249,48066,California
Nevada,2021-05-18,421,84731,255,46327,161,36393,5,2011,221,10220,198,38071,225,48291,California
Nevada,2021-05-19,495,85226,353,46680,137,36530,5,2016,254,10247,232,38303,259,48550,California
Nevada,2021-05-20,613,85839,358,47038,243,36773,12,2028,213,10077,395,38698,225,48775,California
Nevada,2021-05-21,513,86352,332,47370,170,36943,11,2039,224,10027,285,38983,235,49010,California
Nevada,2021-05-22,246,86598,38,47408,120,37063,88,2127,56,9981,190,39173,144,49154,California
Nevada,2021-05-23,51,86649,18,47426,33,37096,0,2127,17,9965,33,39206,17,49171,California
Nevada,2021-05-24,314,86963,219,47645,80,37176,15,2142,105,9879,206,39412,120,49291,California
Nevada,2021-05-25,345,87308,82,47727,250,37426,13,2155,85,9722,255,39667,98,49389,California
Nevada,2021-05-26,445,87753,194,47921,242,37668,9,2164,128,9549,310,39977,137,49526,California
Nevada,2021-05-27,437,88190,232,48153,184,37852,21,2185,184,9505,249,40226,205,49731,California
Nevada,2021-05-28,345,88535,218,48371,113,37965,14,2199,199,9575,143,40369,213,49944,California
Nevada,2021-05-29,65,88600,13,48384,52,38017,0,2199,41,9592,24,40393,41,49985,California
Nevada,2021-05-30,41,88641,19,48403,20,38037,2,2201,27,9607,14,40407,29,50014,California
Nevada,2021-05-31,6,88647,4,48407,0,38037,2,2203,2,9607,4,40411,4,50018,California
Nevada,2021-06-01,417,89064,128,48535,270,38307,19,2222,101,9420,307,40718,120,50138,California
Nevada,2021-06-02,399,89463,163,48698,229,38536,7,2229,103,9241,289,41007,110,50248,California
Nevada,2021-06-03,559,90022,399,49097,155,38691,5,2234,99,8890,455,41462,104,50352,California
Nevada,2021-06-04,537,90559,432,49529,101,38792,4,2238,109,8579,424,41886,113,50465,California
Nevada,2021-06-05,165,90724,66,49595,97,38889,2,2240,62,8542,101,41987,64,50529,California
Nevada,2021-06-06,52,90776,40,49635,12,38901,0,2240,12,8514,40,42027,12,50541,California
Nevada,2021-06-07,261,91037,194,49829,38,38939,29,2269,58,8403,198,42225,87,50628,California
Nevada,2021-06-08,280,91317,188,50017,80,39019,12,2281,63,8270,208,42433,75,50703,California
Nevada,2021-06-09,271,91588,183,50200,82,39101,6,2287,67,8144,199,42632,73,50776,California
Nevada,2021-06-10,225,91813,145,50345,72,39173,8,2295,49,8031,169,42801,56,50832,California
Nevada,2021-06-11,250,92063,182,50527,51,39224,17,2312,46,7892,201,43002,62,50894,California
Nevada,2021-06-12,60,92123,31,50558,27,39251,2,2314,20,7874,40,43042,22,50916,California
Nevada,2021-06-13,4,92127,3,50561,1,39252,0,2314,2,7874,2,43044,2,50918,California
Orange,2020-12-15,16,16,16,16,0,0,0,0,16,16,0,0,16,16,California
Orange,2020-12-16,389,405,389,405,0,0,0,0,389,405,0,0,389,405,California
Orange,2020-12-17,3752,4157,3752,4157,0,0,0,0,3751,4156,0,0,3751,4156,California
Orange,2020-12-18,5048,9205,5040,9197,8,8,0,0,5046,9201,1,1,5046,9202,California
Orange,2020-12-19,2226,11431,2219,11416,7,15,0,0,2225,11426,0,1,2225,11427,California
Orange,2020-12-20,1984,13415,1981,13397,3,18,0,0,1985,13411,0,1,1985,13412,California
Orange,2020-12-21,4271,17686,4265,17662,6,24,0,0,4271,17682,0,1,4271,17683,California
Orange,2020-12-22,3978,21664,3944,21606,34,58,0,0,3978,21660,0,1,3978,21661,California
Orange,2020-12-23,3587,25251,3222,24828,365,423,0,0,3588,25248,0,1,3588,25249,California
Orange,2020-12-24,1377,26628,1077,25905,300,723,0,0,1377,26625,0,1,1377,26626,California
Orange,2020-12-25,19,26647,14,25919,5,728,0,0,19,26644,0,1,19,26645,California
Orange,2020-12-26,995,27642,420,26339,575,1303,0,0,995,27639,0,1,995,27640,California
Orange,2020-12-27,583,28225,276,26615,307,1610,0,0,583,28222,0,1,583,28223,California
Orange,2020-12-28,3616,31841,2634,29249,982,2592,0,0,3616,31838,0,1,3616,31839,California
Orange,2020-12-29,3509,35350,2493,31742,1016,3608,0,0,3508,35345,1,2,3508,35347,California
Orange,2020-12-30,5115,40465,3541,35283,1574,5182,0,0,5115,40460,0,2,5115,40462,California
Orange,2020-12-31,1512,41977,810,36093,702,5884,0,0,1509,41966,3,5,1509,41971,California
Orange,2021-01-01,663,42640,363,36456,300,6184,0,0,661,42625,2,7,661,42632,California
Orange,2021-01-02,1357,43997,842,37298,515,6699,0,0,1357,43982,0,7,1357,43989,California
Orange,2021-01-03,580,44577,322,37620,258,6957,0,0,580,44562,0,7,580,44569,California
Orange,2021-01-04,2758,47335,1567,39187,1191,8148,0,0,2759,47320,1,8,2759,47328,California
Orange,2021-01-05,3543,50878,2305,41492,1238,9386,0,0,3131,50045,409,417,3134,50462,California
Orange,2021-01-06,5003,55881,3456,44948,1547,10933,0,0,3640,52334,1351,1768,3640,54102,California
Orange,2021-01-07,9293,65174,5178,50126,4115,15048,0,0,5709,54479,3570,5338,5715,59817,California
Orange,2021-01-08,9423,74597,5255,55381,4168,19216,0,0,5663,56398,3748,9086,5667,65484,California
Orange,2021-01-09,5028,79625,1748,57129,3280,22496,0,0,3745,58860,1283,10369,3745,69229,California
Orange,2021-01-10,4251,83876,1044,58173,3207,25703,0,0,3371,61356,879,11248,3375,72604,California
Orange,2021-01-11,9472,93348,4911,63084,4561,30264,0,0,5847,63577,3628,14876,5849,78453,California
Orange,2021-01-12,8946,102294,4833,67917,4113,34377,0,0,5472,65578,3472,18348,5473,83926,California
Orange,2021-01-13,10260,112554,4918,72835,5342,39719,0,0,7052,69432,3205,21553,7059,90985,California
Orange,2021-01-14,10022,122576,3798,76633,6224,45943,0,0,8424,76266,1596,23149,8430,99415,California
Orange,2021-01-15,10214,132790,2645,79278,7569,53512,0,0,9329,84709,892,24041,9335,108750,California
Orange,2021-01-16,8719,141509,2088,81366,6631,60143,0,0,8322,92642,395,24436,8328,117078,California
Orange,2021-01-17,8176,149685,1488,82854,6688,66831,0,0,8023,100522,153,24589,8033,125111,California
Orange,2021-01-18,9709,159394,4409,87263,5300,72131,0,0,7447,105710,2262,26851,7450,132561,California
Orange,2021-01-19,7541,166935,5468,92731,2073,74204,0,0,4906,107983,2634,29485,4907,137468,California
Orange,2021-01-20,8407,175342,5922,98653,2485,76689,0,0,5347,110281,3057,32542,5355,142823,California
Orange,2021-01-21,11046,186388,4924,103577,6122,82811,0,0,10214,119679,829,33371,10227,153050,California
Orange,2021-01-22,13719,200107,5173,108750,8546,91357,0,0,12850,131676,861,34232,12858,165908,California
Orange,2021-01-23,13156,213263,6192,114942,6964,98321,0,0,12220,142971,934,35166,12229,178137,California
Orange,2021-01-24,9826,223089,4289,119231,5537,103858,0,0,9492,152136,331,35497,9496,187633,California
Orange,2021-01-25,10439,233528,5850,125081,4589,108447,0,0,7697,157104,2734,38231,7702,195335,California
Orange,2021-01-26,11909,245437,7697,132778,4212,112659,0,0,9728,164660,2176,40407,9732,205067,California
Orange,2021-01-27,13487,258924,7989,140767,5498,118157,0,0,10757,172705,2718,43125,10763,215830,California
Orange,2021-01-28,13122,272046,7239,148006,5883,124040,0,0,11219,182046,1887,45012,11228,227058,California
Orange,2021-01-29,13706,285752,8504,156510,5202,129242,0,0,10790,189942,2898,47910,10794,237852,California
Orange,2021-01-30,13076,298828,4509,161019,8567,137809,0,0,12285,201456,774,48684,12288,250140,California
Orange,2021-01-31,13701,312529,4918,165937,8783,146592,0,0,13252,214273,443,49127,13260,263400,California
Orange,2021-02-01,14899,327428,6533,172470,8366,154958,0,0,12413,224233,2459,51586,12419,275819,California
Orange,2021-02-02,15051,342479,7973,180443,7078,162036,0,0,12574,234368,2443,54029,12578,288397,California
Orange,2021-02-03,16621,359100,12427,192870,4194,166230,0,0,13664,245161,2877,56906,13670,302067,California
Orange,2021-02-04,19975,379075,13080,205950,6895,173125,0,0,14863,254952,5080,61986,14871,316938,California
Orange,2021-02-05,20793,399868,12032,217982,8761,181886,0,0,14464,263139,6282,68268,14469,331407,California
Orange,2021-02-06,16408,416276,10852,228834,5556,187442,0,0,11128,269221,5265,73533,11347,342754,California
Orange,2021-02-07,11570,427846,8135,236969,3435,190877,0,0,7583,273003,3970,77503,7752,350506,California
Orange,2021-02-08,15085,442931,8689,245658,6396,197273,0,0,9036,276019,6021,83524,9037,359543,California
Orange,2021-02-09,17807,460738,12124,257782,5683,202956,0,0,10753,279797,6981,90505,10759,370302,California
Orange,2021-02-10,20935,481673,11198,268980,9737,212693,0,0,12721,284405,8122,98627,12730,383032,California
Orange,2021-02-11,22221,503894,11567,280547,10654,223347,0,0,12449,287234,9637,108264,12466,395498,California
Orange,2021-02-12,24909,528803,12007,292554,12902,236249,0,0,14647,291692,10195,118459,14653,410151,California
Orange,2021-02-13,22015,550818,11910,304464,10105,246354,0,0,11147,292769,10711,129170,11788,421939,California
Orange,2021-02-14,16191,567009,6543,311007,9648,256002,0,0,9548,295703,6615,135785,9549,431488,California
Orange,2021-02-15,17289,584298,7406,318413,9883,265885,0,0,8917,296304,8327,144112,8928,440416,California
Orange,2021-02-16,20006,604304,9006,327419,11000,276885,0,0,10777,297931,9175,153287,10802,451218,California
Orange,2021-02-17,17985,622289,9389,336808,8596,285481,0,0,9225,298483,8704,161991,9256,460474,California
Orange,2021-02-18,15068,637357,9889,346697,5179,290660,0,0,6818,297117,8194,170185,6828,467302,California
Orange,2021-02-19,18214,655571,10898,357595,7316,297976,0,0,6928,292828,11229,181414,6940,474242,California
Orange,2021-02-20,7547,663118,5634,363229,1913,299889,0,0,3790,292897,3732,185146,3801,478043,California
Orange,2021-02-21,4593,667711,3902,367131,691,300580,0,0,930,290207,3620,188766,930,478973,California
Orange,2021-02-22,9736,677447,7943,375074,1793,302373,0,0,3926,288373,5775,194541,3941,482914,California
Orange,2021-02-23,13382,690829,7334,382408,6048,308421,0,0,3509,282088,9806,204347,3521,486435,California
Orange,2021-02-24,21204,712033,12868,395276,8336,316757,0,0,5384,271738,15752,220099,5402,491837,California
Orange,2021-02-25,22773,734806,12334,407610,10439,327196,0,0,7994,265044,14704,234803,8010,499847,California
Orange,2021-02-26,27897,762703,14118,421728,13779,340975,0,0,11248,259805,16511,251314,11272,511119,California
Orange,2021-02-27,25163,787866,10235,431963,14925,355900,3,3,7315,249410,17728,269042,7333,518452,California
Orange,2021-02-28,19164,807030,7438,439401,11726,367626,0,3,4836,240061,14202,283244,4853,523305,California
Orange,2021-03-01,18737,825767,8548,447949,10176,377802,13,16,7267,235991,11365,294609,7295,530600,California
Orange,2021-03-02,19370,845137,9351,457300,10016,387818,3,19,9466,235641,9847,304456,9497,540097,California
Orange,2021-03-03,20849,865986,9855,467155,10989,398807,5,24,11172,237244,9594,314050,11197,551294,California
Orange,2021-03-04,22636,888622,13035,480190,9587,408394,14,38,11696,238081,10898,324948,11735,563029,California
Orange,2021-03-05,21142,909764,11038,491228,10057,418451,47,85,12969,243033,8125,333073,13077,576106,California
Orange,2021-03-06,24211,933975,13331,504559,10004,428455,876,961,12792,245353,11371,344444,13691,589797,California
Orange,2021-03-07,15300,949275,8587,513146,6301,434756,412,1373,8949,248424,6310,350754,9381,599178,California
Orange,2021-03-08,16806,966081,7745,520891,7746,442502,1315,2688,10793,254601,5957,356711,12134,611312,California
Orange,2021-03-09,21134,987215,9756,530647,8897,451399,2481,5169,12493,260972,8598,365309,14969,626281,California
Orange,2021-03-10,24855,1012070,12198,542845,9186,460585,3471,8640,12546,264736,12243,377552,16007,642288,California
Orange,2021-03-11,29115,1041185,15743,558588,9136,469721,4236,12876,13489,266929,15525,393077,17718,660006,California
Orange,2021-03-12,29472,1070657,14334,572922,11257,480978,3881,16757,14796,271040,14585,407662,18696,678702,California
Orange,2021-03-13,27918,1098575,10266,583188,13691,494669,3961,20718,14114,275371,13740,421402,18071,696773,California
Orange,2021-03-14,18954,1117529,8234,591422,8171,502840,2549,23267,11843,282668,7078,428480,14375,711148,California
Orange,2021-03-15,23134,1140663,10181,601603,12189,515029,764,24031,14419,289217,8625,437105,15174,726322,California
Orange,2021-03-16,26463,1167126,11173,612776,15059,530088,231,24262,17168,297409,9212,446317,17404,743726,California
Orange,2021-03-17,27401,1194527,13590,626366,13222,543310,589,24851,19473,309617,7849,454166,20057,763783,California
Orange,2021-03-18,27822,1222349,13970,640336,13575,556885,277,25128,21644,325434,6109,460275,21926,785709,California
Orange,2021-03-19,33645,1255994,18454,658790,14738,571623,453,25581,24956,342286,8570,468845,25422,811131,California
Orange,2021-03-20,25850,1281844,13606,672396,12035,583658,209,25790,22030,360777,3754,472599,22245,833376,California
Orange,2021-03-21,18560,1300404,10721,683117,7100,590758,739,26529,15755,374498,2771,475370,16492,849868,California
Orange,2021-03-22,22768,1323172,11792,694909,10658,601416,318,26847,19173,390505,3493,478863,19500,869368,California
Orange,2021-03-23,26058,1349230,13542,708451,11872,613288,644,27491,20682,406541,5293,484156,21329,890697,California
Orange,2021-03-24,29253,1378483,16361,724812,11964,625252,928,28419,22053,422418,7105,491261,22982,913679,California
Orange,2021-03-25,32508,1410991,17261,742073,14535,639787,712,29131,24266,439257,8139,499400,24978,938657,California
Orange,2021-03-26,34955,1445946,18150,760223,15935,655722,870,30001,24879,455052,9958,509358,25753,964410,California
Orange,2021-03-27,28532,1474478,13663,773886,14552,670274,317,30318,19789,466511,8648,518006,20107,984517,California
Orange,2021-03-28,24919,1499397,12948,786834,11903,682177,68,30386,18619,478983,6219,524225,18691,1003208,California
Orange,2021-03-29,26562,1525959,12157,798991,13838,696015,567,30953,17794,488681,8666,532891,18364,1021572,California
Orange,2021-03-30,30910,1556869,13971,812962,16307,712322,632,31585,20429,499355,10386,543277,21060,1042632,California
Orange,2021-03-31,37180,1594049,19523,832485,16942,729264,715,32300,23769,510551,13291,556568,24487,1067119,California
Orange,2021-04-01,40640,1634689,21342,853827,17418,746682,1880,34180,26232,524416,14233,570801,28098,1095217,California
Orange,2021-04-02,40183,1674872,20277,874104,18088,764770,1818,35998,22701,531566,17373,588174,24523,1119740,California
Orange,2021-04-03,30235,1705107,15738,889842,12753,777523,1744,37742,14276,531704,15872,604046,16010,1135750,California
Orange,2021-04-04,18477,1723584,10732,900574,6979,784502,766,38508,8159,530367,10258,614304,8921,1144671,California
Orange,2021-04-05,30062,1753646,14044,914618,12614,797116,3404,41912,13805,531390,16170,630474,17193,1161864,California
Orange,2021-04-06,33460,1787106,15649,930267,14378,811494,3433,45345,14360,530158,19003,649477,17771,1179635,California
Orange,2021-04-07,36216,1823322,20165,950432,11463,822957,4588,49933,15981,530551,20142,669619,20535,1200170,California
Orange,2021-04-08,39242,1862564,21727,972159,12041,834998,5474,55407,19035,534937,20090,689709,24476,1224646,California
Orange,2021-04-09,41099,1903663,23909,996068,11954,846952,5236,60643,18173,535498,22818,712527,23379,1248025,California
Orange,2021-04-10,34645,1938308,18324,1014392,12077,859029,4244,64887,14369,533904,20179,732706,18585,1266610,California
Orange,2021-04-11,25772,1964080,14591,1028983,7905,866934,3276,68163,9877,531200,15838,748544,13134,1279744,California
Orange,2021-04-12,30659,1994739,15506,1044489,11553,878487,3600,71763,12061,528311,18519,767063,15630,1295374,California
Orange,2021-04-13,32650,2027389,18395,1062884,14186,892673,69,71832,15197,526228,17378,784441,15295,1310669,California
Orange,2021-04-14,34836,2062225,20443,1083327,14357,907030,36,71868,15190,521921,19539,803980,15232,1325901,California
Orange,2021-04-15,40560,2102785,24701,1108028,15845,922875,14,71882,18864,519234,21579,825559,18892,1344793,California
Orange,2021-04-16,41463,2144248,24366,1132394,17069,939944,28,71910,18685,515382,22663,848222,18811,1363604,California
Orange,2021-04-17,30246,2174494,17119,1149513,13120,953064,7,71917,13233,511739,16886,865108,13243,1376847,California
Orange,2021-04-18,21475,2195969,13001,1162514,8474,961538,0,71917,8484,507292,12935,878043,8488,1385335,California
Orange,2021-04-19,32431,2228400,17922,1180436,14506,976044,3,71920,14905,504777,17428,895471,14913,1400248,California
Orange,2021-04-20,35210,2263610,18296,1198732,16908,992952,6,71926,17621,504902,17502,912973,17627,1417875,California
Orange,2021-04-21,40699,2304309,23450,1222182,17240,1010192,9,71935,19300,502930,21284,934257,19312,1437187,California
Orange,2021-04-22,39246,2343555,20725,1242907,18512,1028704,9,71944,16303,496438,22808,957065,16316,1453503,California
Orange,2021-04-23,40179,2383734,20801,1263708,19371,1048075,7,71951,17925,492240,22134,979199,17936,1471439,California
Orange,2021-04-24,31983,2415717,16719,1280427,15232,1063307,32,71983,13405,487187,18492,997691,13439,1484878,California
Orange,2021-04-25,22931,2438648,12941,1293368,9975,1073282,15,71998,9793,483925,13075,1010766,9813,1494691,California
Orange,2021-04-26,28652,2467300,13979,1307347,14477,1087759,196,72194,12412,480407,16126,1026892,12608,1507299,California
Orange,2021-04-27,31105,2498405,14555,1321902,15920,1103679,630,72824,11776,473656,19162,1046054,12411,1519710,California
Orange,2021-04-28,30868,2529273,15460,1337362,14529,1118208,879,73703,12394,468579,18345,1064399,13268,1532978,California
Orange,2021-04-29,31884,2561157,17409,1354771,13515,1131723,960,74663,11326,460406,20450,1084849,12277,1545255,California
Orange,2021-04-30,29824,2590981,17021,1371792,11861,1143584,942,75605,12689,457000,17030,1101879,13624,1558879,California
Orange,2021-05-01,22849,2613830,15680,1387472,6185,1149769,984,76589,8739,452714,14000,1115879,9714,1568593,California
Orange,2021-05-02,15381,2629211,10234,1397706,4501,1154270,646,77235,5357,448755,9957,1125836,5998,1574591,California
Orange,2021-05-03,20572,2649783,12560,1410266,7254,1161524,758,77993,6466,441960,14017,1139853,7222,1581813,California
Orange,2021-05-04,23597,2673380,13472,1423738,9217,1170741,908,78901,8160,435686,15326,1155179,9052,1590865,California
Orange,2021-05-05,24721,2698101,13804,1437542,10022,1180763,895,79796,7989,427967,16602,1171781,8883,1599748,California
Orange,2021-05-06,26391,2724492,15966,1453508,9424,1190187,1001,80797,7270,417242,18988,1190769,8263,1608011,California
Orange,2021-05-07,28730,2753222,17224,1470732,10461,1200648,1045,81842,8040,405845,20478,1211247,9081,1617092,California
Orange,2021-05-08,18370,2771592,12141,1482873,5456,1206104,773,82615,5405,399171,12846,1224093,6172,1623264,California
Orange,2021-05-09,10957,2782549,8332,1491205,2254,1208358,371,82986,2876,394384,8034,1232127,3247,1626511,California
Orange,2021-05-10,18985,2801534,11559,1502764,6656,1215014,770,83756,4268,384797,14625,1246752,5038,1631549,California
Orange,2021-05-11,21844,2823378,12048,1514812,9073,1224087,723,84479,5286,374343,16457,1263209,6003,1637552,California
Orange,2021-05-12,23738,2847116,14708,1529520,8199,1232286,831,85310,6817,365193,16797,1280006,7647,1645199,California
Orange,2021-05-13,21666,2868782,13419,1542939,7668,1239954,579,85889,8136,360484,13426,1293432,8717,1653916,California
Orange,2021-05-14,25659,2894441,16752,1559691,8105,1248059,802,86691,10413,356544,15148,1308580,11208,1665124,California
Orange,2021-05-15,19891,2914332,14349,1574040,4992,1253051,550,87241,8033,353324,11796,1320376,8576,1673700,California
Orange,2021-05-16,15156,2929488,12465,1586505,2352,1255403,339,87580,6474,351505,8631,1329007,6812,1680512,California
Orange,2021-05-17,19295,2948783,12639,1599144,5960,1261363,696,88276,6907,346771,12324,1341331,7590,1688102,California
Orange,2021-05-18,20459,2969242,11907,1611051,7884,1269247,668,88944,8073,343208,12295,1353626,8732,1696834,California
Orange,2021-05-19,22422,2991664,12818,1623869,8936,1278183,668,89612,7904,337368,14404,1368030,8564,1705398,California
Orange,2021-05-20,22283,3013947,13051,1636920,8568,1286751,664,90276,7818,331488,14360,1382390,8480,1713878,California
Orange,2021-05-21,25294,3039241,14432,1651352,10144,1296895,718,90994,8391,323797,16799,1399189,9108,1722986,California
Orange,2021-05-22,18151,3057392,12062,1663414,5551,1302446,538,91532,6879,320032,11181,1410370,7416,1730402,California
Orange,2021-05-23,9741,3067133,6683,1670097,2785,1305231,273,91805,3442,317491,6257,1416627,3716,1734118,California
Orange,2021-05-24,15313,3082446,8990,1679087,5708,1310939,615,92420,5674,314226,9548,1426175,6283,1740401,California
Orange,2021-05-25,15571,3098017,9168,1688255,5883,1316822,520,92940,5619,310515,9845,1436020,6134,1746535,California
Orange,2021-05-26,15179,3113196,8511,1696766,6177,1322999,491,93431,5687,307281,9408,1445428,6174,1752709,California
Orange,2021-05-27,14338,3127534,8609,1705375,5173,1328172,556,93987,6379,306309,7891,1453319,6919,1759628,California
Orange,2021-05-28,16696,3144230,9835,1715210,6235,1334407,626,94613,7387,305095,9218,1462537,8004,1767632,California
Orange,2021-05-29,8933,3153163,5228,1720438,3349,1337756,356,94969,4126,304819,4752,1467289,4476,1772108,California
Orange,2021-05-30,5973,3159136,3881,1724319,1818,1339574,274,95243,2163,303477,3776,1471065,2434,1774542,California
Orange,2021-05-31,1703,3160839,1049,1725368,608,1340182,46,95289,556,302947,1132,1472197,602,1775144,California
Orange,2021-06-01,13323,3174162,7717,1733085,5120,1345302,486,95775,5149,300501,8076,1480273,5630,1780774,California
Orange,2021-06-02,12949,3187111,8022,1741107,4510,1349812,417,96192,4528,297164,8276,1488549,4939,1785713,California
Orange,2021-06-03,12791,3199902,8822,1749929,3518,1353330,451,96643,4483,293845,8245,1496794,4926,1790639,California
Orange,2021-06-04,16805,3216707,11861,1761790,4370,1357700,574,97217,5276,288244,11450,1508244,5849,1796488,California
Orange,2021-06-05,12815,3229522,9658,1771448,2781,1360481,376,97593,3971,283797,8792,1517036,4345,1800833,California
Orange,2021-06-06,5291,3234813,4506,1775954,595,1361076,190,97783,1934,282585,3336,1520372,2124,1802957,California
Orange,2021-06-07,10602,3245415,7475,1783429,2678,1363754,449,98232,3419,279329,7115,1527487,3859,1806816,California
Orange,2021-06-08,11846,3257261,8486,1791915,2875,1366629,485,98717,3728,275509,8034,1535521,4214,1811030,California
Orange,2021-06-09,8109,3265370,5374,1797289,2435,1369064,300,99017,2049,271860,5994,1541515,2345,1813375,California
Orange,2021-06-10,7909,3273279,5801,1803090,1798,1370862,310,99327,2204,268709,5663,1547178,2512,1815887,California
Orange,2021-06-11,8045,3281324,5267,1808357,2428,1373290,350,99677,2540,266148,5448,1552626,2887,1818774,California
Orange,2021-06-12,6638,3287962,5216,1813573,1189,1374479,233,99910,1669,263116,4933,1557559,1901,1820675,California
Orange,2021-06-13,839,3288801,677,1814250,121,1374600,41,99951,273,262872,557,1558116,313,1820988,California
Placer,2020-12-15,29,29,29,29,0,0,0,0,29,29,0,0,29,29,California
Placer,2020-12-16,54,83,54,83,0,0,0,0,54,83,0,0,54,83,California
Placer,2020-12-17,149,232,149,232,0,0,0,0,149,232,0,0,149,232,California
Placer,2020-12-18,426,658,426,658,0,0,0,0,426,658,0,0,426,658,California
Placer,2020-12-19,253,911,253,911,0,0,0,0,253,911,0,0,253,911,California
Placer,2020-12-20,229,1140,229,1140,0,0,0,0,229,1140,0,0,229,1140,California
Placer,2020-12-21,505,1645,503,1643,2,2,0,0,505,1645,0,0,505,1645,California
Placer,2020-12-22,679,2324,672,2315,7,9,0,0,679,2324,0,0,679,2324,California
Placer,2020-12-23,750,3074,662,2977,88,97,0,0,750,3074,0,0,750,3074,California
Placer,2020-12-24,409,3483,358,3335,51,148,0,0,409,3483,0,0,409,3483,California
Placer,2020-12-26,163,3646,118,3453,45,193,0,0,163,3646,0,0,163,3646,California
Placer,2020-12-27,182,3828,161,3614,21,214,0,0,182,3828,0,0,182,3828,California
Placer,2020-12-28,672,4500,548,4162,124,338,0,0,672,4500,0,0,672,4500,California
Placer,2020-12-29,769,5269,521,4683,248,586,0,0,769,5269,0,0,769,5269,California
Placer,2020-12-30,735,6004,460,5143,275,861,0,0,734,6003,0,0,734,6003,California
Placer,2020-12-31,546,6550,360,5503,186,1047,0,0,546,6549,0,0,546,6549,California
Placer,2021-01-01,16,6566,12,5515,4,1051,0,0,16,6565,0,0,16,6565,California
Placer,2021-01-02,190,6756,158,5673,32,1083,0,0,190,6755,0,0,190,6755,California
Placer,2021-01-03,154,6910,77,5750,77,1160,0,0,154,6909,0,0,154,6909,California
Placer,2021-01-04,627,7537,185,5935,442,1602,0,0,627,7536,0,0,627,7536,California
Placer,2021-01-05,722,8259,158,6093,564,2166,0,0,635,8086,86,86,636,8172,California
Placer,2021-01-06,761,9020,244,6337,517,2683,0,0,612,8549,149,235,612,8784,California
Placer,2021-01-07,982,10002,368,6705,614,3297,0,0,755,9077,227,462,755,9539,California
Placer,2021-01-08,1179,11181,527,7232,652,3949,0,0,787,9475,389,851,787,10326,California
Placer,2021-01-09,455,11636,323,7555,132,4081,0,0,237,9495,217,1068,237,10563,California
Placer,2021-01-10,335,11971,185,7740,150,4231,0,0,168,9496,167,1235,168,10731,California
Placer,2021-01-11,1434,13405,812,8552,622,4853,0,0,841,9745,593,1828,842,11573,California
Placer,2021-01-12,1660,15065,876,9428,784,5637,0,0,1058,10203,601,2429,1059,12632,California
Placer,2021-01-13,1640,16705,823,10251,817,6454,0,0,1215,10999,423,2852,1219,13851,California
Placer,2021-01-14,1810,18515,689,10940,1121,7575,0,0,1429,12054,378,3230,1433,15284,California
Placer,2021-01-15,1945,20460,730,11670,1215,8790,0,0,1588,13287,356,3586,1589,16873,California
Placer,2021-01-16,1450,21910,717,12387,733,9523,0,0,1328,14494,122,3708,1329,18202,California
Placer,2021-01-17,576,22486,397,12784,179,9702,0,0,437,14792,139,3847,437,18639,California
Placer,2021-01-18,992,23478,554,13338,438,10140,0,0,750,15301,242,4089,751,19390,California
Placer,2021-01-19,2644,26122,1977,15315,667,10807,0,0,2186,17030,458,4547,2187,21577,California
Placer,2021-01-20,2303,28425,1728,17043,575,11382,0,0,1963,18654,340,4887,1964,23541,California
Placer,2021-01-21,2592,31017,1141,18184,1451,12833,0,0,2193,20454,397,5284,2197,25738,California
Placer,2021-01-22,2363,33380,651,18835,1712,14545,0,0,2187,22468,174,5458,2188,27926,California
Placer,2021-01-23,1187,34567,385,19220,802,15347,0,0,1028,23337,159,5617,1028,28954,California
Placer,2021-01-24,501,35068,257,19477,244,15591,0,0,429,23695,72,5689,430,29384,California
Placer,2021-01-25,1692,36760,819,20296,873,16464,0,0,1395,24794,297,5986,1396,30780,California
Placer,2021-01-26,1869,38629,1035,21331,834,17298,0,0,1601,26127,268,6254,1601,32381,California
Placer,2021-01-27,1839,40468,1152,22483,687,17985,0,0,1589,27469,248,6502,1590,33971,California
Placer,2021-01-28,1806,42274,1120,23603,686,18671,0,0,1561,28787,243,6745,1561,35532,California
Placer,2021-01-29,1902,44176,1167,24770,735,19406,0,0,1707,30302,194,6939,1709,37241,California
Placer,2021-01-30,1724,45900,969,25739,755,20161,0,0,1603,31785,120,7059,1603,38844,California
Placer,2021-01-31,784,46684,623,26362,161,20322,0,0,712,32426,72,7131,713,39557,California
Placer,2021-02-01,2082,48766,1091,27453,991,21313,0,0,1763,33871,318,7449,1763,41320,California
Placer,2021-02-02,2387,51153,1541,28994,846,22159,0,0,1891,35269,493,7942,1891,43211,California
Placer,2021-02-03,2924,54077,1889,30883,1035,23194,0,0,2298,36945,622,8564,2298,45509,California
Placer,2021-02-04,2733,56810,1182,32065,1551,24745,0,0,1906,38029,823,9387,1907,47416,California
Placer,2021-02-05,2708,59518,1211,33276,1497,26242,0,0,1372,38070,1331,10718,1372,48788,California
Placer,2021-02-06,1948,61466,1315,34591,633,26875,0,0,1400,38922,548,11266,1400,50188,California
Placer,2021-02-07,1188,62654,873,35464,315,27190,0,0,899,39533,288,11554,899,51087,California
Placer,2021-02-08,3295,65949,1766,37230,1529,28719,0,0,1930,40106,1358,12912,1931,53018,California
Placer,2021-02-09,3541,69490,2175,39405,1366,30085,0,0,1614,39796,1924,14836,1614,54632,California
Placer,2021-02-10,3761,73251,2207,41612,1554,31639,0,0,1744,39528,2014,16850,1746,56378,California
Placer,2021-02-11,3697,76948,1913,43525,1784,33423,0,0,1555,38955,2129,18979,1556,57934,California
Placer,2021-02-12,2844,79792,1327,44852,1517,34940,0,0,1662,39473,1145,20124,1663,59597,California
Placer,2021-02-13,2502,82294,1458,46310,1044,35984,0,0,1875,40721,627,20751,1875,61472,California
Placer,2021-02-14,1090,83384,678,46988,412,36396,0,0,736,41105,352,21103,736,62208,California
Placer,2021-02-15,2239,85623,1034,48022,1205,37601,0,0,1521,41910,718,21821,1523,63731,California
Placer,2021-02-16,3563,89186,1775,49797,1788,39389,0,0,1571,41499,1983,23804,1572,65303,California
Placer,2021-02-17,3535,92721,1954,51751,1581,40970,0,0,1496,40961,2035,25839,1497,66800,California
Placer,2021-02-18,3804,96525,2054,53805,1750,42720,0,0,1611,40390,2183,28022,1612,68412,California
Placer,2021-02-19,3624,100149,1931,55736,1693,44413,0,0,1353,39477,2267,30289,1354,69766,California
Placer,2021-02-20,2028,102177,1270,57006,758,45171,0,0,921,39301,1100,31389,924,70690,California
Placer,2021-02-21,996,103173,735,57741,261,45432,0,0,291,38891,702,32091,292,70982,California
Placer,2021-02-22,2553,105726,1793,59534,760,46192,0,0,614,37566,1939,34030,614,71596,California
Placer,2021-02-23,2577,108303,1603,61137,974,47166,0,0,894,36778,1682,35712,894,72490,California
Placer,2021-02-24,3329,111632,1184,62321,2145,49311,0,0,1830,37120,1490,37202,1832,74322,California
Placer,2021-02-25,3732,115364,1540,63861,2192,51503,0,0,2053,37504,1671,38873,2055,76377,California
Placer,2021-02-26,4256,119620,2460,66321,1796,53299,0,0,2461,38174,1791,40664,2461,78838,California
Placer,2021-02-27,2880,122500,1518,67839,1362,54661,0,0,1479,38261,1395,42059,1482,80320,California
Placer,2021-02-28,1544,124044,845,68684,699,55360,0,0,723,38168,816,42875,723,81043,California
Placer,2021-03-01,3191,127235,2125,70809,1066,56426,0,0,1624,38233,1559,44434,1624,82667,California
Placer,2021-03-02,2871,130106,1766,72575,1105,57531,0,0,1885,39137,981,45415,1885,84552,California
Placer,2021-03-03,3332,133438,1440,74015,1892,59423,0,0,1820,39452,1506,46921,1821,86373,California
Placer,2021-03-04,3603,137041,1449,75464,2154,61577,0,0,1879,39619,1713,48634,1880,88253,California
Placer,2021-03-05,2979,140020,1025,76489,1933,63510,21,21,1797,40258,1179,49813,1818,90071,California
Placer,2021-03-06,2425,142445,1503,77992,825,64335,97,118,930,39798,1487,51300,1027,91098,California
Placer,2021-03-07,1317,143762,764,78756,515,64850,38,156,543,39608,771,52071,581,91679,California
Placer,2021-03-08,2889,146651,1816,80572,961,65811,112,268,1645,40123,1242,53313,1757,93436,California
Placer,2021-03-09,3168,149819,1690,82262,1393,67204,85,353,1834,40710,1332,54645,1919,95355,California
Placer,2021-03-10,3294,153113,1327,83589,1862,69066,105,458,1730,40987,1558,56203,1835,97190,California
Placer,2021-03-11,3635,156748,1653,85242,1855,70921,127,585,1751,40992,1875,58078,1880,99070,California
Placer,2021-03-12,3697,160445,1500,86742,1416,72337,781,1366,1252,40588,2438,60516,2034,101104,California
Placer,2021-03-13,2129,162574,746,87488,1260,73597,123,1489,1110,40805,1016,61532,1233,102337,California
Placer,2021-03-14,1657,164231,681,88169,826,74423,150,1639,901,41100,756,62288,1051,103388,California
Placer,2021-03-15,3196,167427,1542,89711,1523,75946,131,1770,1761,41562,1431,63719,1893,105281,California
Placer,2021-03-16,3595,171022,1933,91644,1528,77474,134,1904,2279,42670,1304,65023,2412,107693,California
Placer,2021-03-17,3472,174494,1756,93400,1612,79086,104,2008,2231,43768,1238,66261,2336,110029,California
Placer,2021-03-18,4102,178596,2335,95735,1728,80814,39,2047,2863,45437,1232,67493,2901,112930,California
Placer,2021-03-19,3457,182053,2072,97807,1120,81934,265,2312,2150,46551,1299,68792,2413,115343,California
Placer,2021-03-20,2153,184206,911,98718,1152,83086,90,2402,1319,47130,829,69621,1408,116751,California
Placer,2021-03-21,1267,185473,582,99300,675,83761,10,2412,879,47634,385,70006,889,117640,California
Placer,2021-03-22,3301,188774,2119,101419,1090,84851,92,2504,2141,48711,1156,71162,2233,119873,California
Placer,2021-03-23,3548,192322,2106,103525,1353,86204,89,2593,2528,50314,1015,72177,2618,122491,California
Placer,2021-03-24,3810,196132,1999,105524,1712,87916,99,2692,1934,50492,1855,74032,2033,124524,California
Placer,2021-03-25,3851,199983,1856,107380,1898,89814,97,2789,1725,50198,2115,76147,1821,126345,California
Placer,2021-03-26,3761,203744,1664,109044,1867,91681,230,3019,1506,49694,2240,78387,1736,128081,California
Placer,2021-03-27,1579,205323,465,109509,1094,92775,20,3039,603,49347,969,79356,622,128703,California
Placer,2021-03-28,1098,206421,530,110039,559,93334,9,3048,307,48877,786,80142,316,129019,California
Placer,2021-03-29,3566,209987,2003,112042,1529,94863,34,3082,1733,48823,1824,81966,1770,130789,California
Placer,2021-03-30,3983,213970,2102,114144,1837,96700,44,3126,2085,49067,1884,83850,2128,132917,California
Placer,2021-03-31,4109,218079,1837,115981,2196,98896,76,3202,1693,48426,2409,86259,1768,134685,California
Placer,2021-04-01,2982,221061,1441,117422,1493,100389,48,3250,1659,48815,1318,87577,1707,136392,California
Placer,2021-04-02,2840,223901,1471,118893,1304,101693,65,3315,1582,49210,1251,88828,1646,138038,California
Placer,2021-04-03,1844,225745,988,119881,727,102420,129,3444,888,49277,948,89776,1015,139053,California
Placer,2021-04-04,707,226452,358,120239,295,102715,54,3498,281,49189,423,90199,335,139388,California
Placer,2021-04-05,3021,229473,1911,122150,928,103643,182,3680,1755,49865,1260,91459,1936,141324,California
Placer,2021-04-06,4285,233758,2484,124634,1502,105145,299,3979,1511,48908,2766,94225,1809,143133,California
Placer,2021-04-07,4561,238319,2605,127239,1498,106643,458,4437,2070,48948,2484,96709,2524,145657,California
Placer,2021-04-08,4731,243050,2620,129859,1571,108214,540,4977,1584,47934,3136,99845,2122,147779,California
Placer,2021-04-09,4128,247178,2270,132129,1238,109452,620,5597,1239,46914,2881,102726,1861,149640,California
Placer,2021-04-10,2045,249223,894,133023,969,110421,182,5779,870,46793,1172,103898,1051,150691,California
Placer,2021-04-11,1372,250595,533,133556,807,111228,32,5811,461,46378,907,104805,492,151183,California
Placer,2021-04-12,4110,254705,2653,136209,1073,112301,384,6195,2475,47609,1627,106432,2858,154041,California
Placer,2021-04-13,4372,259077,3010,139219,1361,113662,1,6196,2216,47675,2152,108584,2218,156259,California
Placer,2021-04-14,4174,263251,2581,141800,1592,115254,1,6197,1875,47261,2289,110873,1875,158134,California
Placer,2021-04-15,4512,267763,2521,144321,1990,117244,1,6198,2361,47482,2141,113014,2362,160496,California
Placer,2021-04-16,3669,271432,2180,146501,1489,118733,0,6198,1424,46667,2239,115253,1424,161920,California
Placer,2021-04-17,2427,273859,841,147342,1586,120319,0,6198,1514,47273,908,116161,1514,163434,California
Placer,2021-04-18,1187,275046,256,147598,931,121250,0,6198,408,46904,777,116938,408,163842,California
Placer,2021-04-19,2938,277984,1803,149401,1135,122385,0,6198,1154,46279,1780,118718,1155,164997,California
Placer,2021-04-20,3818,281802,2468,151869,1350,123735,0,6198,2422,47314,1387,120105,2422,167419,California
Placer,2021-04-21,3670,285472,2404,154273,1265,125000,1,6199,2390,48428,1277,121382,2391,169810,California
Placer,2021-04-22,3661,289133,2275,156548,1386,126386,0,6199,1741,48252,1917,123299,1741,171551,California
Placer,2021-04-23,3509,292642,2320,158868,1188,127574,1,6200,1371,47493,2131,125430,1372,172923,California
Placer,2021-04-24,2086,294728,1265,160133,820,128394,1,6201,1216,47848,861,126291,1216,174139,California
Placer,2021-04-25,907,295635,501,160634,406,128800,0,6201,560,48061,347,126638,560,174699,California
Placer,2021-04-26,2481,298116,1330,161964,1128,129928,23,6224,1213,48037,1259,127897,1235,175934,California
Placer,2021-04-27,2729,300845,1421,163385,1259,131187,49,6273,1549,48459,1176,129073,1598,177532,California
Placer,2021-04-28,2999,303844,1884,165269,1078,132265,37,6310,1599,48705,1391,130464,1637,179169,California
Placer,2021-04-29,3367,307211,2180,167449,1133,133398,54,6364,1406,48210,1955,132419,1460,180629,California
Placer,2021-04-30,2971,310182,1794,169243,1128,134526,49,6413,1186,47666,1779,134198,1235,181864,California
Placer,2021-05-01,1325,311507,929,170172,370,134896,26,6439,602,47576,717,134915,627,182491,California
Placer,2021-05-02,734,312241,575,170747,137,135033,22,6461,334,47534,398,135313,356,182847,California
Placer,2021-05-03,1604,313845,985,171732,552,135585,67,6528,435,46869,1166,136479,501,183348,California
Placer,2021-05-04,2307,316152,1300,173032,843,136428,164,6692,865,46462,1436,137915,1029,184377,California
Placer,2021-05-05,3675,319827,2485,175517,1086,137514,104,6796,965,44828,2703,140618,1069,185446,California
Placer,2021-05-06,3090,322917,1892,177409,1121,138635,77,6873,811,43462,2254,142872,888,186334,California
Placer,2021-05-07,2809,325726,1895,179304,823,139458,91,6964,796,42346,2003,144875,887,187221,California
Placer,2021-05-08,1328,327054,712,180016,575,140033,41,7005,396,41850,931,145806,435,187656,California
Placer,2021-05-09,434,327488,203,180219,211,140244,20,7025,213,41861,221,146027,232,187888,California
Placer,2021-05-10,1914,329402,1020,181239,798,141042,96,7121,429,40905,1481,147508,525,188413,California
Placer,2021-05-11,2903,332305,2076,183315,711,141753,116,7237,617,39362,2276,149784,733,189146,California
Placer,2021-05-12,2886,335191,1994,185309,835,142588,57,7294,731,38003,2148,151932,789,189935,California
Placer,2021-05-13,2861,338052,1855,187164,958,143546,48,7342,1035,37261,1824,153756,1082,191017,California
Placer,2021-05-14,2749,340801,1825,188989,794,144340,130,7472,1352,37357,1383,155139,1479,192496,California
Placer,2021-05-15,2055,342856,1345,190334,686,145026,24,7496,909,37150,1140,156279,933,193429,California
Placer,2021-05-16,1009,343865,529,190863,461,145487,19,7515,345,36852,662,156941,364,193793,California
Placer,2021-05-17,2361,346226,1572,192435,714,146201,75,7590,1028,36626,1329,158270,1103,194896,California
Placer,2021-05-18,2485,348711,1673,194108,733,146934,79,7669,1127,36478,1354,159624,1206,196102,California
Placer,2021-05-19,2512,351223,1594,195702,872,147806,46,7715,880,35777,1627,161251,926,197028,California
Placer,2021-05-20,2509,353732,1634,197336,827,148633,48,7763,885,35092,1616,162867,931,197959,California
Placer,2021-05-21,2442,356174,1524,198860,772,149405,146,7909,1083,34968,1351,164218,1227,199186,California
Placer,2021-05-22,1595,357769,1050,199910,502,149907,43,7952,753,34927,837,165055,796,199982,California
Placer,2021-05-23,576,358345,326,200236,235,150142,15,7967,261,34890,314,165369,277,200259,California
Placer,2021-05-24,1478,359823,740,200976,603,150745,135,8102,426,34402,1049,166418,561,200820,California
Placer,2021-05-25,1780,361603,940,201916,742,151487,98,8200,647,34021,1126,167544,745,201565,California
Placer,2021-05-26,1577,363180,905,202821,631,152118,41,8241,619,33729,953,168497,661,202226,California
Placer,2021-05-27,1440,364620,708,203529,689,152807,43,8284,657,33655,774,169271,700,202926,California
Placer,2021-05-28,1681,366301,856,204385,732,153539,93,8377,721,33514,955,170226,814,203740,California
Placer,2021-05-29,725,367026,402,204787,292,153831,31,8408,362,33547,359,170585,392,204132,California
Placer,2021-05-30,339,367365,231,205018,94,153925,14,8422,219,33661,119,170704,233,204365,California
Placer,2021-05-31,145,367510,67,205085,61,153986,17,8439,28,33589,116,170820,44,204409,California
Placer,2021-06-01,1677,369187,882,205967,722,154708,73,8512,629,33248,1043,171863,702,205111,California
Placer,2021-06-02,1495,370682,762,206729,666,155374,67,8579,484,32789,1010,172873,551,205662,California
Placer,2021-06-03,1689,372371,1036,207765,595,155969,58,8637,430,32021,1255,174128,487,206149,California
Placer,2021-06-04,1864,374235,1325,209090,485,156454,54,8691,466,31150,1389,175517,518,206667,California
Placer,2021-06-05,1087,375322,771,209861,275,156729,41,8732,278,30664,805,176322,319,206986,California
Placer,2021-06-06,477,375799,339,210200,121,156850,17,8749,129,30463,347,176669,146,207132,California
Placer,2021-06-07,1011,376810,687,210887,260,157110,64,8813,221,29959,787,177456,283,207415,California
Placer,2021-06-08,1653,378463,1269,212156,336,157446,48,8861,419,29194,1231,178687,466,207881,California
Placer,2021-06-09,740,379203,530,212686,166,157612,44,8905,159,28818,579,179266,203,208084,California
Placer,2021-06-10,805,380008,538,213224,213,157825,54,8959,186,28441,616,179882,239,208323,California
Placer,2021-06-11,885,380893,640,213864,217,158042,28,8987,181,27948,701,180583,208,208531,California
Placer,2021-06-12,756,381649,611,214475,135,158177,10,8997,146,27495,609,181192,156,208687,California
Placer,2021-06-13,48,381697,38,214513,10,158187,0,8997,9,27466,38,181230,9,208696,California
Plumas,2020-12-18,4,4,4,4,0,0,0,0,4,4,0,0,4,4,California
Plumas,2020-12-19,1,5,1,5,0,0,0,0,1,5,0,0,1,5,California
Plumas,2020-12-21,45,50,45,50,0,0,0,0,45,50,0,0,45,50,California
Plumas,2020-12-22,94,144,94,144,0,0,0,0,94,144,0,0,94,144,California
Plumas,2020-12-23,50,194,50,194,0,0,0,0,50,194,0,0,50,194,California
Plumas,2020-12-24,7,201,7,201,0,0,0,0,7,201,0,0,7,201,California
Plumas,2020-12-28,8,209,0,201,8,8,0,0,8,209,0,0,8,209,California
Plumas,2020-12-29,33,242,23,224,10,18,0,0,33,242,0,0,33,242,California
Plumas,2020-12-30,23,265,1,225,22,40,0,0,23,265,0,0,23,265,California
Plumas,2020-12-31,4,269,1,226,3,43,0,0,4,269,0,0,4,269,California
Plumas,2021-01-01,1,270,0,226,1,44,0,0,1,270,0,0,1,270,California
Plumas,2021-01-02,1,271,0,226,1,45,0,0,1,271,0,0,1,271,California
Plumas,2021-01-04,10,281,3,229,7,52,0,0,10,281,0,0,10,281,California
Plumas,2021-01-05,24,305,1,230,23,75,0,0,24,305,0,0,24,305,California
Plumas,2021-01-06,121,426,5,235,116,191,0,0,121,426,0,0,121,426,California
Plumas,2021-01-07,52,478,2,237,50,241,0,0,51,476,1,1,51,477,California
Plumas,2021-01-08,12,490,5,242,7,248,0,0,8,480,4,5,8,485,California
Plumas,2021-01-09,1,491,1,243,0,248,0,0,0,479,1,6,0,485,California
Plumas,2021-01-11,58,549,50,293,8,256,0,0,11,443,47,53,11,496,California
Plumas,2021-01-12,157,706,88,381,69,325,0,0,71,428,86,139,71,567,California
Plumas,2021-01-13,55,761,50,431,5,330,0,0,9,391,46,185,9,576,California
Plumas,2021-01-14,99,860,15,446,84,414,0,0,93,478,6,191,93,669,California
Plumas,2021-01-15,62,922,7,453,55,469,0,0,60,536,2,193,60,729,California
Plumas,2021-01-16,58,980,1,454,57,526,0,0,58,594,0,193,58,787,California
Plumas,2021-01-18,2,982,1,455,1,527,0,0,2,596,0,193,2,789,California
Plumas,2021-01-19,37,1019,5,460,32,559,0,0,33,625,4,197,33,822,California
Plumas,2021-01-20,135,1154,3,463,132,691,0,0,132,754,3,200,132,954,California
Plumas,2021-01-21,112,1266,2,465,110,801,0,0,112,866,0,200,112,1066,California
Plumas,2021-01-22,5,1271,1,466,4,805,0,0,5,871,0,200,5,1071,California
Plumas,2021-01-23,96,1367,2,468,94,899,0,0,96,967,0,200,96,1167,California
Plumas,2021-01-24,1,1368,1,469,0,899,0,0,1,968,0,200,1,1168,California
Plumas,2021-01-25,9,1377,6,475,3,902,0,0,7,973,2,202,7,1175,California
Plumas,2021-01-26,60,1437,2,477,58,960,0,0,52,1017,8,210,52,1227,California
Plumas,2021-01-27,27,1464,22,499,5,965,0,0,7,1004,20,230,7,1234,California
Plumas,2021-01-28,25,1489,1,500,24,989,0,0,23,1025,2,232,23,1257,California
Plumas,2021-01-29,8,1497,2,502,6,995,0,0,7,1031,1,233,7,1264,California
Plumas,2021-01-30,7,1504,3,505,4,999,0,0,6,1036,1,234,6,1270,California
Plumas,2021-01-31,3,1507,3,508,0,999,0,0,3,1039,0,234,3,1273,California
Plumas,2021-02-01,17,1524,2,510,15,1014,0,0,8,1038,9,243,8,1281,California
Plumas,2021-02-02,24,1548,2,512,22,1036,0,0,3,1020,21,264,3,1284,California
Plumas,2021-02-03,127,1675,8,520,119,1155,0,0,14,922,112,376,14,1298,California
Plumas,2021-02-04,102,1777,9,529,93,1248,0,0,23,866,79,455,23,1321,California
Plumas,2021-02-05,27,1804,12,541,15,1263,0,0,12,863,15,470,12,1333,California
Plumas,2021-02-06,7,1811,0,541,7,1270,0,0,7,870,0,470,7,1340,California
Plumas,2021-02-08,14,1825,5,546,9,1279,0,0,2,860,12,482,2,1342,California
Plumas,2021-02-09,173,1998,3,549,170,1449,0,0,112,911,61,543,112,1454,California
Plumas,2021-02-10,105,2103,8,557,97,1546,0,0,99,1005,6,549,100,1554,California
Plumas,2021-02-11,340,2443,6,563,334,1880,0,0,280,1225,60,609,280,1834,California
Plumas,2021-02-12,124,2567,4,567,120,2000,0,0,118,1337,6,615,118,1952,California
Plumas,2021-02-13,76,2643,6,573,70,2070,0,0,16,1293,60,675,16,1968,California
Plumas,2021-02-14,8,2651,5,578,3,2073,0,0,8,1301,0,675,8,1976,California
Plumas,2021-02-15,28,2679,5,583,23,2096,0,0,25,1323,3,678,25,2001,California
Plumas,2021-02-16,80,2759,5,588,75,2171,0,0,16,1275,64,742,16,2017,California
Plumas,2021-02-17,150,2909,5,593,145,2316,0,0,12,1149,138,880,12,2029,California
Plumas,2021-02-18,132,3041,7,600,125,2441,0,0,22,1062,110,990,23,2052,California
Plumas,2021-02-19,43,3084,6,606,37,2478,0,0,8,1035,35,1025,8,2060,California
Plumas,2021-02-20,106,3190,7,613,99,2577,0,0,13,955,93,1118,13,2073,California
Plumas,2021-02-21,6,3196,5,618,1,2578,0,0,2,953,4,1122,2,2075,California
Plumas,2021-02-22,4,3200,1,619,3,2581,0,0,0,949,4,1126,0,2075,California
Plumas,2021-02-23,25,3225,5,624,20,2601,0,0,17,958,8,1134,17,2092,California
Plumas,2021-02-24,477,3702,9,633,468,3069,0,0,464,1409,13,1147,464,2556,California
Plumas,2021-02-25,237,3939,11,644,226,3295,0,0,174,1520,63,1210,174,2730,California
Plumas,2021-02-26,267,4206,8,652,259,3554,0,0,258,1770,9,1219,259,2989,California
Plumas,2021-02-27,41,4247,4,656,37,3591,0,0,33,1795,8,1227,33,3022,California
Plumas,2021-02-28,4,4251,0,656,4,3595,0,0,4,1799,0,1227,4,3026,California
Plumas,2021-03-01,17,4268,2,658,15,3610,0,0,11,1805,5,1232,11,3037,California
Plumas,2021-03-02,11,4279,1,659,10,3620,0,0,7,1809,3,1235,7,3044,California
Plumas,2021-03-03,171,4450,10,669,161,3781,0,0,155,1948,16,1251,155,3199,California
Plumas,2021-03-04,251,4701,8,677,243,4024,0,0,230,2157,21,1272,230,3429,California
Plumas,2021-03-05,398,5099,5,682,388,4412,5,5,388,2540,10,1282,393,3822,California
Plumas,2021-03-06,20,5119,3,685,9,4421,8,13,3,2534,17,1299,11,3833,California
Plumas,2021-03-07,14,5133,3,688,2,4423,9,22,4,2537,10,1309,13,3846,California
Plumas,2021-03-08,32,5165,3,691,4,4427,25,47,5,2540,27,1336,30,3876,California
Plumas,2021-03-09,135,5300,4,695,116,4543,15,62,19,2458,116,1452,34,3910,California
Plumas,2021-03-10,292,5592,3,698,275,4818,14,76,110,2401,181,1633,124,4034,California
Plumas,2021-03-11,185,5777,9,707,171,4989,5,81,149,2519,36,1669,154,4188,California
Plumas,2021-03-12,597,6374,7,714,303,5292,287,368,25,2259,572,2241,312,4500,California
Plumas,2021-03-13,26,6400,5,719,10,5302,11,379,5,2254,21,2262,16,4516,California
Plumas,2021-03-14,12,6412,3,722,4,5306,5,384,1,2250,10,2272,6,4522,California
Plumas,2021-03-15,35,6447,1,723,27,5333,7,391,7,2236,28,2300,14,4536,California
Plumas,2021-03-16,61,6508,3,726,57,5390,1,392,49,2274,12,2312,50,4586,California
Plumas,2021-03-17,73,6581,9,735,63,5453,1,393,56,2315,16,2328,57,4643,California
Plumas,2021-03-18,59,6640,5,740,38,5491,16,409,10,2292,49,2377,26,4669,California
Plumas,2021-03-19,163,6803,5,745,156,5647,2,411,155,2444,6,2383,158,4827,California
Plumas,2021-03-20,709,7512,4,749,704,6351,1,412,688,3114,19,2402,689,5516,California
Plumas,2021-03-21,2,7514,1,750,1,6352,0,412,1,3115,0,2402,1,5517,California
Plumas,2021-03-22,198,7712,2,752,196,6548,0,412,191,3299,7,2409,191,5708,California
Plumas,2021-03-23,28,7740,2,754,26,6574,0,412,14,3299,14,2423,14,5722,California
Plumas,2021-03-24,684,8424,6,760,677,7251,1,413,231,3079,452,2875,232,5954,California
Plumas,2021-03-25,308,8732,7,767,299,7550,2,415,164,3099,144,3019,164,6118,California
Plumas,2021-03-26,315,9047,8,775,307,7857,0,415,46,2877,268,3287,46,6164,California
Plumas,2021-03-27,12,9059,1,776,10,7867,1,416,3,2872,9,3296,4,6168,California
Plumas,2021-03-28,10,9069,4,780,5,7872,1,417,4,2871,6,3302,5,6173,California
Plumas,2021-03-29,12,9081,4,784,7,7879,1,418,4,2868,8,3310,5,6178,California
Plumas,2021-03-30,175,9256,4,788,169,8048,2,420,27,2749,148,3458,29,6207,California
Plumas,2021-03-31,290,9546,3,791,286,8334,1,421,269,2998,21,3479,270,6477,California
Plumas,2021-04-01,306,9852,11,802,293,8627,2,423,62,2820,241,3720,63,6540,California
Plumas,2021-04-02,377,10229,4,806,371,8998,2,425,30,2516,336,4056,32,6572,California
Plumas,2021-04-03,13,10242,2,808,5,9003,6,431,2,2513,11,4067,8,6580,California
Plumas,2021-04-04,3,10245,1,809,1,9004,1,432,0,2511,3,4070,1,6581,California
Plumas,2021-04-05,16,10261,6,815,8,9012,2,434,4,2506,11,4081,6,6587,California
Plumas,2021-04-06,129,10390,7,822,96,9108,26,460,15,2433,114,4195,41,6628,California
Plumas,2021-04-07,291,10681,8,830,103,9211,180,640,29,2380,262,4457,209,6837,California
Plumas,2021-04-08,153,10834,2,832,133,9344,18,658,36,2317,116,4573,53,6890,California
Plumas,2021-04-09,50,10884,9,841,24,9368,17,675,17,2317,33,4606,33,6923,California
Plumas,2021-04-10,22,10906,1,842,4,9372,17,692,3,2318,19,4625,20,6943,California
Plumas,2021-04-11,2,10908,1,843,0,9372,1,693,1,2319,1,4626,2,6945,California
Plumas,2021-04-12,12,10920,4,847,5,9377,3,696,6,2322,6,4632,9,6954,California
Plumas,2021-04-13,215,11135,5,852,210,9587,0,696,150,2407,65,4697,150,7104,California
Plumas,2021-04-14,110,11245,6,858,104,9691,0,696,56,2410,53,4750,56,7160,California
Plumas,2021-04-15,52,11297,2,860,50,9741,0,696,35,2428,17,4767,35,7195,California
Plumas,2021-04-16,144,11441,3,863,141,9882,0,696,3,2290,141,4908,3,7198,California
Plumas,2021-04-17,680,12121,2,865,678,10560,0,696,19,1650,659,5567,19,7217,California
Plumas,2021-04-18,3,12124,3,868,0,10560,0,696,0,1647,3,5570,0,7217,California
Plumas,2021-04-19,38,12162,2,870,36,10596,0,696,5,1619,33,5603,5,7222,California
Plumas,2021-04-20,44,12206,5,875,39,10635,0,696,28,1632,15,5618,28,7250,California
Plumas,2021-04-21,330,12536,5,880,324,10959,1,697,17,1336,313,5931,17,7267,California
Plumas,2021-04-22,279,12815,7,887,272,11231,0,697,132,1321,147,6078,132,7399,California
Plumas,2021-04-23,73,12888,4,891,69,11300,0,697,16,1280,57,6135,16,7415,California
Plumas,2021-04-24,170,13058,4,895,166,11466,0,697,144,1399,25,6160,144,7559,California
Plumas,2021-04-26,31,13089,4,899,27,11493,0,697,8,1385,22,6182,8,7567,California
Plumas,2021-04-27,103,13192,4,903,99,11592,0,697,64,1410,39,6221,64,7631,California
Plumas,2021-04-28,285,13477,4,907,281,11873,0,697,38,1203,245,6466,38,7669,California
Plumas,2021-04-29,173,13650,68,975,105,11978,0,697,119,1268,54,6520,119,7788,California
Plumas,2021-04-30,21,13671,10,985,11,11989,0,697,6,1259,15,6535,6,7794,California
Plumas,2021-05-01,4,13675,1,986,2,11991,1,698,1,1259,2,6537,2,7796,California
Plumas,2021-05-02,1,13676,1,987,0,11991,0,698,1,1260,0,6537,1,7797,California
Plumas,2021-05-03,19,13695,5,992,7,11998,7,705,5,1260,12,6549,12,7809,California
Plumas,2021-05-04,32,13727,4,996,21,12019,7,712,18,1272,13,6562,25,7834,California
Plumas,2021-05-05,48,13775,3,999,44,12063,1,713,22,1269,26,6588,23,7857,California
Plumas,2021-05-06,64,13839,1,1000,58,12121,5,718,21,1252,43,6631,26,7883,California
Plumas,2021-05-07,22,13861,5,1005,16,12137,1,719,8,1247,14,6645,9,7892,California
Plumas,2021-05-08,6,13867,0,1005,4,12141,2,721,4,1251,2,6647,6,7898,California
Plumas,2021-05-09,1,13868,0,1005,0,12141,1,722,0,1251,1,6648,1,7899,California
Plumas,2021-05-10,50,13918,0,1005,27,12168,23,745,23,1270,27,6675,46,7945,California
Plumas,2021-05-11,174,14092,3,1008,152,12320,19,764,15,1145,159,6834,34,7979,California
Plumas,2021-05-12,100,14192,1,1009,91,12411,8,772,36,1126,63,6897,44,8023,California
Plumas,2021-05-13,39,14231,3,1012,34,12445,2,774,14,1117,25,6922,16,8039,California
Plumas,2021-05-14,20,14251,3,1015,12,12457,5,779,9,1120,11,6933,14,8053,California
Plumas,2021-05-15,10,14261,4,1019,4,12461,2,781,4,1120,6,6939,6,8059,California
Plumas,2021-05-16,1,14262,1,1020,0,12461,0,781,1,1121,0,6939,1,8060,California
Plumas,2021-05-17,13,14275,0,1020,4,12465,9,790,3,1123,10,6949,12,8072,California
Plumas,2021-05-18,46,14321,7,1027,38,12503,1,791,26,1130,20,6969,27,8099,California
Plumas,2021-05-19,50,14371,3,1030,31,12534,16,807,12,1121,38,7007,29,8128,California
Plumas,2021-05-20,188,14559,133,1163,44,12578,11,818,77,1099,110,7117,88,8216,California
Plumas,2021-05-21,29,14588,8,1171,15,12593,6,824,15,1106,14,7131,21,8237,California
Plumas,2021-05-22,137,14725,2,1173,135,12728,0,824,7,985,128,7259,7,8244,California
Plumas,2021-05-23,1,14726,1,1174,0,12728,0,824,0,984,1,7260,0,8244,California
Plumas,2021-05-24,49,14775,36,1210,12,12740,1,825,41,1018,8,7268,42,8286,California
Plumas,2021-05-25,76,14851,3,1213,72,12812,1,826,16,975,60,7328,17,8303,California
Plumas,2021-05-26,42,14893,6,1219,28,12840,8,834,17,975,25,7353,25,8328,California
Plumas,2021-05-27,102,14995,26,1245,63,12903,13,847,42,971,59,7412,55,8383,California
Plumas,2021-05-28,42,15037,16,1261,24,12927,2,849,23,977,19,7431,25,8408,California
Plumas,2021-05-29,8,15045,0,1261,8,12935,0,849,6,982,2,7433,7,8415,California
Plumas,2021-05-30,1,15046,0,1261,1,12936,0,849,0,982,0,7433,0,8415,California
Plumas,2021-05-31,5,15051,0,1261,2,12938,3,852,0,981,4,7437,3,8418,California
Plumas,2021-06-01,34,15085,8,1269,20,12958,6,858,9,972,25,7462,16,8434,California
Plumas,2021-06-02,62,15147,4,1273,36,12994,22,880,11,954,51,7513,33,8467,California
Plumas,2021-06-03,65,15212,17,1290,38,13032,10,890,27,953,38,7551,37,8504,California
Plumas,2021-06-04,13,15225,3,1293,9,13041,1,891,8,957,5,7556,9,8513,California
Plumas,2021-06-05,7,15232,3,1296,4,13045,0,891,2,954,5,7561,2,8515,California
Plumas,2021-06-06,2,15234,1,1297,1,13046,0,891,0,952,2,7563,0,8515,California
Plumas,2021-06-07,38,15272,5,1302,25,13071,8,899,9,940,29,7592,17,8532,California
Plumas,2021-06-08,30,15302,9,1311,19,13090,2,901,8,928,22,7614,10,8542,California
Plumas,2021-06-09,38,15340,1,1312,34,13124,3,904,5,903,33,7647,8,8550,California
Plumas,2021-06-10,35,15375,15,1327,16,13140,4,908,12,896,23,7670,16,8566,California
Plumas,2021-06-11,14,15389,11,1338,2,13142,1,909,6,895,8,7678,7,8573,California
Plumas,2021-06-12,9,15398,3,1341,6,13148,0,909,4,894,5,7683,4,8577,California
Riverside,2020-12-15,5,5,5,5,0,0,0,0,5,5,0,0,5,5,California
Riverside,2020-12-16,68,73,68,73,0,0,0,0,68,73,0,0,68,73,California
Riverside,2020-12-17,815,888,815,888,0,0,0,0,815,888,0,0,815,888,California
Riverside,2020-12-18,1732,2620,1731,2619,1,1,0,0,1732,2620,0,0,1732,2620,California
Riverside,2020-12-19,1029,3649,1026,3645,3,4,0,0,1027,3646,1,1,1027,3647,California
Riverside,2020-12-20,1086,4735,1085,4730,1,5,0,0,1086,4732,0,1,1086,4733,California
Riverside,2020-12-21,2276,7011,2274,7004,2,7,0,0,2276,7008,0,1,2276,7009,California
Riverside,2020-12-22,2260,9271,2221,9225,39,46,0,0,2260,9268,0,1,2260,9269,California
Riverside,2020-12-23,2144,11415,1801,11026,343,389,0,0,2145,11413,0,1,2145,11414,California
Riverside,2020-12-24,818,12233,614,11640,204,593,0,0,818,12231,0,1,818,12232,California
Riverside,2020-12-25,30,12263,6,11646,24,617,0,0,29,12260,0,1,29,12261,California
Riverside,2020-12-26,401,12664,257,11903,144,761,0,0,401,12661,0,1,401,12662,California
Riverside,2020-12-27,368,13032,247,12150,121,882,0,0,367,13027,1,2,367,13029,California
Riverside,2020-12-28,1638,14670,1132,13282,506,1388,0,0,1639,14666,0,2,1639,14668,California
Riverside,2020-12-29,1745,16415,974,14256,771,2159,0,0,1745,16411,0,2,1745,16413,California
Riverside,2020-12-30,2582,18997,1685,15941,897,3056,0,0,2581,18991,1,3,2581,18994,California
Riverside,2020-12-31,1029,20026,397,16338,632,3688,0,0,1030,20020,1,4,1030,20024,California
Riverside,2021-01-01,124,20150,48,16386,76,3764,0,0,124,20144,0,4,124,20148,California
Riverside,2021-01-02,835,20985,694,17080,141,3905,0,0,835,20979,0,4,835,20983,California
Riverside,2021-01-03,346,21331,300,17380,46,3951,0,0,345,21324,0,4,345,21328,California
Riverside,2021-01-04,1265,22596,793,18173,472,4423,0,0,1265,22589,0,4,1265,22593,California
Riverside,2021-01-05,1995,24591,1371,19544,624,5047,0,0,1900,24399,90,94,1900,24493,California
Riverside,2021-01-06,2498,27089,1114,20658,1384,6431,0,0,2188,26281,306,400,2188,26681,California
Riverside,2021-01-07,2788,29877,1831,22489,957,7388,0,0,1720,26940,1062,1462,1721,28402,California
Riverside,2021-01-08,4076,33953,2943,25432,1133,8521,0,0,2255,27378,1817,3279,2255,30657,California
Riverside,2021-01-09,2076,36029,844,26276,1232,9753,0,0,1728,28759,347,3626,1728,32385,California
Riverside,2021-01-10,1671,37700,737,27013,934,10687,0,0,1067,29222,604,4230,1067,33452,California
Riverside,2021-01-11,4521,42221,3095,30108,1426,12113,0,0,2787,30277,1733,5963,2788,36240,California
Riverside,2021-01-12,3419,45640,2745,32853,674,12787,0,0,1722,30307,1692,7655,1722,37962,California
Riverside,2021-01-13,4465,50105,2942,35795,1523,14310,0,0,2852,31550,1610,9265,2853,40815,California
Riverside,2021-01-14,5525,55630,1915,37710,3610,17920,0,0,4946,35918,578,9843,4946,45761,California
Riverside,2021-01-15,6078,61708,1996,39706,4082,22002,0,0,5787,41415,290,10133,5787,51548,California
Riverside,2021-01-16,3623,65331,1024,40730,2599,24601,0,0,3374,44541,249,10382,3375,54923,California
Riverside,2021-01-17,3596,68927,588,41318,3008,27609,0,0,3397,47741,197,10579,3397,58320,California
Riverside,2021-01-18,3763,72690,2053,43371,1710,29319,0,0,2747,49473,1016,11595,2748,61068,California
Riverside,2021-01-19,7437,80127,2647,46018,4790,34109,0,0,6313,54663,1124,12719,6314,67382,California
Riverside,2021-01-20,8259,88386,3146,49164,5113,39222,0,0,6589,59600,1656,14375,6593,73975,California
Riverside,2021-01-21,8378,96764,3498,52662,4880,44102,0,0,7725,66674,653,15028,7727,81702,California
Riverside,2021-01-22,8751,105515,2970,55632,5781,49883,0,0,8317,74561,431,15459,8318,90020,California
Riverside,2021-01-23,5902,111417,2364,57996,3538,53421,0,0,5179,79020,721,16180,5180,95200,California
Riverside,2021-01-24,3045,114462,1437,59433,1608,55029,0,0,2829,81636,214,16394,2830,98030,California
Riverside,2021-01-25,7897,122359,4544,63977,3353,58382,0,0,6769,87280,1126,17520,6770,104800,California
Riverside,2021-01-26,9163,131522,5726,69703,3437,61819,0,0,7644,93410,1516,19036,7646,112446,California
Riverside,2021-01-27,10939,142461,6395,76098,4544,66363,0,0,9323,101126,1610,20646,9326,121772,California
Riverside,2021-01-28,11560,154021,6819,82917,4741,71104,0,0,10382,110341,1170,21816,10385,132157,California
Riverside,2021-01-29,11954,165975,7290,90207,4664,75768,0,0,10574,119566,1354,23170,10579,142736,California
Riverside,2021-01-30,9094,175069,4635,94842,4459,80227,0,0,8629,127734,462,23632,8630,151366,California
Riverside,2021-01-31,5172,180241,4257,99099,915,81142,0,0,5040,132647,131,23763,5044,156410,California
Riverside,2021-02-01,10988,191229,6790,105889,4198,85340,0,0,9135,139939,1846,25609,9138,165548,California
Riverside,2021-02-02,9487,200716,4821,110710,4666,90006,0,0,8015,146493,1464,27073,8018,173566,California
Riverside,2021-02-03,12196,212912,5150,115860,7046,97052,0,0,9826,153957,2362,29435,9826,183392,California
Riverside,2021-02-04,13519,226431,6006,121866,7513,104565,0,0,11430,163309,2081,31516,11433,194825,California
Riverside,2021-02-05,14312,240743,5381,127247,8931,113496,0,0,11271,171552,3032,34548,11275,206100,California
Riverside,2021-02-06,7237,247980,4268,131515,2969,116465,0,0,5595,175514,1636,36184,5598,211698,California
Riverside,2021-02-07,2170,250150,798,132313,1372,117837,0,0,1850,177047,318,36502,1851,213549,California
Riverside,2021-02-08,12475,262625,5549,137862,6926,124763,0,0,10155,184901,2305,38807,10159,223708,California
Riverside,2021-02-09,9621,272246,4504,142366,5117,129880,0,0,7676,190644,1938,40745,7681,231389,California
Riverside,2021-02-10,12101,284347,6982,149348,5119,134999,0,0,8925,196412,3166,43911,8934,240323,California
Riverside,2021-02-11,16645,300992,9067,158415,7578,142577,0,0,12125,204054,4498,48409,12140,252463,California
Riverside,2021-02-12,17717,318709,10782,169197,6935,149512,0,0,12828,212049,4845,53254,12840,265303,California
Riverside,2021-02-13,6306,325015,2133,171330,4173,153685,0,0,3086,211951,3205,56459,3107,268410,California
Riverside,2021-02-14,4924,329939,1118,172448,3806,157491,0,0,2181,211393,2739,59198,2181,270591,California
Riverside,2021-02-15,9812,339751,4992,177440,4820,162311,0,0,5397,212394,4404,63602,5405,275996,California
Riverside,2021-02-16,16136,355887,10117,187557,6019,168330,0,0,9252,214777,6877,70479,9260,285256,California
Riverside,2021-02-17,15037,370924,8214,195771,6823,175153,0,0,7448,214659,7575,78054,7457,292713,California
Riverside,2021-02-18,15561,386485,8988,204759,6573,181726,0,0,8020,215175,7519,85573,8035,300748,California
Riverside,2021-02-19,15317,401802,8227,212986,7090,188816,0,0,7228,214340,8071,93644,7236,307984,California
Riverside,2021-02-20,8321,410123,4505,217491,3816,192632,0,0,2164,210368,6140,99784,2168,310152,California
Riverside,2021-02-21,4415,414538,3890,221381,525,193157,0,0,1236,208440,3164,102948,1236,311388,California
Riverside,2021-02-22,12383,426921,7772,229153,4611,197768,0,0,5101,206280,7266,110214,5106,316494,California
Riverside,2021-02-23,11127,438048,7569,236722,3558,201326,0,0,5390,205964,5710,115924,5394,321888,California
Riverside,2021-02-24,14795,452843,8095,244817,6700,208026,0,0,6280,203784,8477,124401,6297,328185,California
Riverside,2021-02-25,17368,470211,7408,252225,9960,217986,0,0,8067,202599,9276,133677,8091,336276,California
Riverside,2021-02-26,18645,488856,6737,258962,11908,229894,0,0,9295,202638,9291,142968,9330,345606,California
Riverside,2021-02-27,12096,500952,5604,264566,6492,236386,0,0,5757,202115,6307,149275,5784,351390,California
Riverside,2021-02-28,4895,505847,3227,267793,1668,238054,0,0,2406,202052,2476,151751,2413,353803,California
Riverside,2021-03-01,14385,520232,6119,273912,8263,246317,3,3,8457,204651,5889,157640,8488,362291,California
Riverside,2021-03-02,15409,535641,7538,281450,7870,254187,1,4,9033,207360,6354,163994,9063,371354,California
Riverside,2021-03-03,16950,552591,8403,289853,8547,262734,0,4,7305,205199,9594,173588,7433,378787,California
Riverside,2021-03-04,18782,571373,7487,297340,11290,274024,5,9,8912,204440,9826,183414,9067,387854,California
Riverside,2021-03-05,18911,590284,7607,304947,11260,285284,44,53,9370,204640,9491,192905,9691,397545,California
Riverside,2021-03-06,9525,599809,5074,310021,3970,289254,481,534,4751,205138,4761,197666,5259,402804,California
Riverside,2021-03-07,4265,604074,2756,312777,1120,290374,389,923,2012,205299,2244,199910,2405,405209,California
Riverside,2021-03-08,11963,616037,4751,317528,6802,297176,410,1333,5341,204496,6601,206511,5798,411007,California
Riverside,2021-03-09,14792,630829,6891,324419,7399,304575,502,1835,5894,202153,8875,215386,6532,417539,California
Riverside,2021-03-10,15924,646753,8516,332935,6481,311056,927,2762,6216,199785,9663,225049,7295,424834,California
Riverside,2021-03-11,19325,666078,9476,342411,8000,319056,1849,4611,7617,197785,11673,236722,9673,434507,California
Riverside,2021-03-12,21200,687278,7926,350337,8527,327583,4747,9358,7041,195774,14122,250844,12111,446618,California
Riverside,2021-03-13,8526,695804,2548,352885,4747,332330,1231,10589,4376,197329,4128,254972,5683,452301,California
Riverside,2021-03-14,4750,700554,1618,354503,1760,334090,1372,11961,2088,198134,2651,257623,3456,455757,California
Riverside,2021-03-15,18705,719259,7868,362371,9172,343262,1665,13626,9210,199658,9451,267074,10975,466732,California
Riverside,2021-03-16,20890,740149,10137,372508,9940,353202,813,14439,11385,202480,9468,276542,12290,479022,California
Riverside,2021-03-17,21342,761491,10939,383447,9344,362546,1059,15498,12831,207951,8476,285018,13947,492969,California
Riverside,2021-03-18,22621,784112,11773,395220,9177,371723,1671,17169,12543,212147,10026,295044,14222,507191,California
Riverside,2021-03-19,24164,808276,12689,407909,10504,382227,971,18140,14106,217591,9998,305042,15442,522633,California
Riverside,2021-03-20,10679,818955,6891,414800,2604,384831,1184,19324,6868,221862,3780,308822,8051,530684,California
Riverside,2021-03-21,3751,822706,2926,417726,559,385390,266,19590,2558,223513,1174,309996,2825,533509,California
Riverside,2021-03-22,16645,839351,9926,427652,6167,391557,552,20142,10595,228662,5994,315990,11143,544652,California
Riverside,2021-03-23,18564,857915,10520,438172,7621,399178,423,20565,11927,234450,6576,322566,12364,557016,California
Riverside,2021-03-24,18734,876649,10455,448627,8157,407335,122,20687,12857,241610,5825,328391,12985,570001,California
Riverside,2021-03-25,21152,897801,11670,460297,9305,416640,177,20864,14170,249055,6907,335298,14352,584353,California
Riverside,2021-03-26,24147,921948,11950,472247,12040,428680,157,21021,15026,255224,9018,344316,15187,599540,California
Riverside,2021-03-27,9349,931297,4909,477156,3389,432069,1051,22072,4822,256597,4501,348817,5874,605414,California
Riverside,2021-03-28,4773,936070,3136,480292,1543,433612,94,22166,2839,257609,1921,350738,2933,608347,California
Riverside,2021-03-29,17653,953723,8444,488736,9090,442702,119,22285,10909,261952,6697,357435,11040,619387,California
Riverside,2021-03-30,18359,972082,9553,498289,8599,451301,207,22492,11700,267245,6616,364051,11909,631296,California
Riverside,2021-03-31,18153,990235,8446,506735,9400,460701,307,22799,11459,272374,6645,370696,11774,643070,California
Riverside,2021-04-01,25582,1015817,12500,519235,12303,473004,779,23578,16506,280655,9003,379699,17284,660354,California
Riverside,2021-04-02,26151,1041968,14077,533312,11121,484125,953,24531,16375,288492,9713,389412,17550,677904,California
Riverside,2021-04-03,9388,1051356,5967,539279,2827,486952,594,25125,6047,291808,3320,392732,6636,684540,California
Riverside,2021-04-04,3396,1054752,2066,541345,1088,488040,242,25367,1717,292098,1670,394402,1960,686500,California
Riverside,2021-04-05,18473,1073225,9458,550803,7153,495193,1862,27229,9937,295402,8494,402896,11798,698298,California
Riverside,2021-04-06,23792,1097017,12356,563159,9297,504490,2139,29368,13265,300321,10475,413371,15394,713692,California
Riverside,2021-04-07,24905,1121922,13436,576595,8946,513436,2523,31891,13863,305709,10993,424364,16381,730073,California
Riverside,2021-04-08,27480,1149402,15206,591801,9288,522724,2986,34877,16799,314863,10609,434973,19763,749836,California
Riverside,2021-04-09,26355,1175757,15493,607294,8395,531119,2467,37344,16083,323205,10225,445198,18567,768403,California
Riverside,2021-04-10,12027,1187784,6743,614037,3887,535006,1397,38741,5262,323133,6722,451920,6650,775053,California
Riverside,2021-04-11,4645,1192429,2766,616803,1260,536266,619,39360,2197,323511,2436,454356,2814,777867,California
Riverside,2021-04-12,20207,1212636,8992,625795,8565,544831,2650,42010,10117,326223,10051,464407,12763,790630,California
Riverside,2021-04-13,20079,1232715,11243,637038,8809,553640,27,42037,11492,329198,8548,472955,11523,802153,California
Riverside,2021-04-14,22274,1254989,12275,649313,9984,563624,15,42052,10951,328914,11254,484209,10970,813123,California
Riverside,2021-04-15,22080,1277069,12531,661844,9541,573165,8,42060,11648,330210,10365,494574,11661,824784,California
Riverside,2021-04-16,24935,1302004,14427,676271,10502,583667,6,42066,11534,328419,13345,507919,11554,836338,California
Riverside,2021-04-17,9862,1311866,6500,682771,3362,587029,0,42066,4953,328487,4892,512811,4960,841298,California
Riverside,2021-04-18,3850,1315716,2805,685576,1038,588067,7,42073,1808,328277,2028,514839,1818,843116,California
Riverside,2021-04-19,19451,1335167,11565,697141,7883,595950,3,42076,6950,322777,12458,527297,6958,850074,California
Riverside,2021-04-20,18869,1354036,9944,707085,8916,604866,9,42085,7725,319414,11100,538397,7737,857811,California
Riverside,2021-04-21,19847,1373883,11421,718506,8417,613283,9,42094,7981,315612,11798,550195,7996,865807,California
Riverside,2021-04-22,23232,1397115,13566,732072,9662,622945,4,42098,8658,309776,14503,564698,8667,874474,California
Riverside,2021-04-23,23306,1420421,13725,745797,9567,632512,14,42112,9135,304820,14113,578811,9157,883631,California
Riverside,2021-04-24,10467,1430888,7293,753090,3171,635683,3,42115,4811,304017,5618,584429,4815,888446,California
Riverside,2021-04-25,4219,1435107,2820,755910,1398,637081,1,42116,2188,304195,2012,586441,2190,890636,California
Riverside,2021-04-26,17082,1452189,10700,766610,6337,643418,45,42161,5813,298832,11225,597666,5862,896498,California
Riverside,2021-04-27,18269,1470458,10419,777029,7651,651069,199,42360,6351,293508,11874,609540,6550,903048,California
Riverside,2021-04-28,16471,1486929,8860,785889,7356,658425,255,42615,5544,288438,10869,620409,5799,908847,California
Riverside,2021-04-29,18712,1505641,11443,797332,6924,665349,345,42960,5371,280874,13277,633686,5713,914560,California
Riverside,2021-04-30,19783,1525424,11431,808763,7973,673322,379,43339,6371,274270,13357,647043,6753,921313,California
Riverside,2021-05-01,6766,1532190,4866,813629,1731,675053,169,43508,2332,272360,4408,651451,2498,923811,California
Riverside,2021-05-02,3357,1535547,2186,815815,962,676015,209,43717,1071,271377,2269,653720,1286,925097,California
Riverside,2021-05-03,17991,1553538,11058,826873,6444,682459,489,44206,4162,262258,13767,667487,4648,929745,California
Riverside,2021-05-04,17240,1570778,10945,837818,5878,688337,417,44623,4860,255218,12313,679800,5273,935018,California
Riverside,2021-05-05,15782,1586560,8932,846750,6490,694827,360,44983,4537,248931,11184,690984,4897,939915,California
Riverside,2021-05-06,17755,1604315,9941,856691,7405,702232,409,45392,4491,240640,13192,704176,4901,944816,California
Riverside,2021-05-07,20295,1624610,11567,868258,8298,710530,430,45822,5342,231533,14875,719051,5768,950584,California
Riverside,2021-05-08,6807,1631417,4531,872789,2046,712576,230,46052,2551,230087,4225,723276,2779,953363,California
Riverside,2021-05-09,2303,1633720,1511,874300,638,713214,154,46206,850,229646,1445,724721,1004,954367,California
Riverside,2021-05-10,10028,1643748,5139,879439,4520,717734,369,46575,2860,225757,7118,731839,3229,957596,California
Riverside,2021-05-11,13821,1657569,8322,887761,4981,722715,518,47093,3799,220134,9941,741780,4318,961914,California
Riverside,2021-05-12,12596,1670165,6327,894088,5936,728651,333,47426,3983,215887,8561,750341,4314,966228,California
Riverside,2021-05-13,14582,1684747,8759,902847,5550,734201,273,47699,5322,212277,9209,759550,5599,971827,California
Riverside,2021-05-14,17725,1702472,11199,914046,5735,739936,791,48490,6918,209245,10738,770288,7706,979533,California
Riverside,2021-05-15,9669,1712141,6922,920968,2349,742285,398,48888,4943,209887,4696,774984,5338,984871,California
Riverside,2021-05-16,3473,1715614,2525,923493,839,743124,109,48997,1713,209959,1748,776732,1820,986691,California
Riverside,2021-05-17,11745,1727359,7569,931062,3838,746962,338,49335,5140,208869,6572,783304,5482,992173,California
Riverside,2021-05-18,15026,1742385,9294,940356,5388,752350,344,49679,6112,206457,8867,792171,6455,998628,California
Riverside,2021-05-19,12130,1754515,7683,948039,4219,756569,228,49907,6002,206607,6081,798252,6231,1004859,California
Riverside,2021-05-20,11778,1766293,7377,955416,4145,760714,256,50163,5365,205869,6364,804616,5626,1010485,California
Riverside,2021-05-21,14372,1780665,8875,964291,5176,765890,321,50484,6186,204254,8123,812739,6508,1016993,California
Riverside,2021-05-22,7170,1787835,4858,969149,2117,768007,195,50679,3849,205014,3286,816025,4046,1021039,California
Riverside,2021-05-23,2550,1790385,1648,970797,827,768834,75,50754,1249,205048,1289,817314,1323,1022362,California
Riverside,2021-05-24,8613,1798998,5561,976358,2745,771579,307,51061,3836,204447,4743,822057,4142,1026504,California
Riverside,2021-05-25,9651,1808649,5747,982105,3641,775220,263,51324,3927,202950,5687,827744,4190,1030694,California
Riverside,2021-05-26,8839,1817488,5479,987584,3035,778255,325,51649,3984,202456,4805,832549,4311,1035005,California
Riverside,2021-05-27,8480,1825968,5079,992663,3169,781424,232,51881,4010,202276,4421,836970,4241,1039246,California
Riverside,2021-05-28,10625,1836593,6474,999137,3850,785274,301,52182,5026,202068,5537,842507,5329,1044575,California
Riverside,2021-05-29,4974,1841567,3385,1002522,1466,786740,123,52305,2835,202911,2117,844624,2960,1047535,California
Riverside,2021-05-30,1944,1843511,1403,1003925,477,787217,64,52369,1066,203170,871,845495,1130,1048665,California
Riverside,2021-05-31,867,1844378,491,1004416,343,787560,33,52402,332,203003,532,846027,365,1049030,California
Riverside,2021-06-01,9115,1853493,5634,1010050,3248,790808,233,52635,3601,201373,5464,851491,3834,1052864,California
Riverside,2021-06-02,7058,1860551,4290,1014340,2495,793303,273,52908,2860,200347,4158,855649,3132,1055996,California
Riverside,2021-06-03,7888,1868439,5269,1019609,2362,795665,257,53165,2867,198486,4982,860631,3121,1059117,California
Riverside,2021-06-04,10540,1878979,7549,1027158,2742,798407,249,53414,3874,195995,6616,867247,4125,1063242,California
Riverside,2021-06-05,6912,1885891,5094,1032252,1270,799677,548,53962,2278,194210,4611,871858,2826,1066068,California
Riverside,2021-06-06,2178,1888069,1851,1034103,276,799953,51,54013,795,193681,1376,873234,847,1066915,California
Riverside,2021-06-07,6827,1894896,5191,1039294,1413,801366,223,54236,2260,191628,4538,877772,2485,1069400,California
Riverside,2021-06-08,8709,1903605,6336,1045630,2110,803476,263,54499,2850,188939,5806,883578,3117,1072517,California
Riverside,2021-06-09,5786,1909391,4096,1049726,1437,804913,253,54752,1804,187052,3942,887520,2055,1074572,California
Riverside,2021-06-10,5711,1915102,3863,1053589,1646,806559,202,54954,1809,185184,3880,891400,2012,1076584,California
Riverside,2021-06-11,5773,1920875,3593,1057182,1968,808527,212,55166,1905,183470,3832,895232,2118,1078702,California
Riverside,2021-06-12,4125,1925000,3097,1060279,923,809450,105,55271,1190,181855,2910,898142,1295,1079997,California
Riverside,2021-06-13,419,1925419,246,1060525,152,809602,21,55292,113,181687,301,898443,133,1080130,California
Sacramento,2020-12-15,314,314,314,314,0,0,0,0,314,314,0,0,314,314,California
Sacramento,2020-12-16,648,962,648,962,0,0,0,0,648,962,0,0,648,962,California
Sacramento,2020-12-17,702,1664,702,1664,0,0,0,0,702,1664,0,0,702,1664,California
Sacramento,2020-12-18,1116,2780,1116,2780,0,0,0,0,1116,2780,0,0,1116,2780,California
Sacramento,2020-12-19,613,3393,613,3393,0,0,0,0,613,3393,0,0,613,3393,California
Sacramento,2020-12-20,637,4030,637,4030,0,0,0,0,637,4030,0,0,637,4030,California
Sacramento,2020-12-21,1669,5699,1669,5699,0,0,0,0,1670,5700,0,0,1670,5700,California
Sacramento,2020-12-22,2106,7805,2071,7770,35,35,0,0,2106,7806,0,0,2106,7806,California
Sacramento,2020-12-23,2257,10062,2083,9853,174,209,0,0,2257,10063,0,0,2257,10063,California
Sacramento,2020-12-24,1042,11104,829,10682,213,422,0,0,1042,11105,0,0,1042,11105,California
Sacramento,2020-12-25,1,11105,0,10682,1,423,0,0,1,11106,0,0,1,11106,California
Sacramento,2020-12-26,505,11610,287,10969,218,641,0,0,505,11611,0,0,505,11611,California
Sacramento,2020-12-27,354,11964,248,11217,106,747,0,0,354,11965,0,0,354,11965,California
Sacramento,2020-12-28,1906,13870,1322,12539,584,1331,0,0,1905,13869,1,1,1905,13870,California
Sacramento,2020-12-29,1966,15836,1201,13740,765,2096,0,0,1965,15833,1,2,1965,15835,California
Sacramento,2020-12-30,2553,18389,1452,15192,1101,3197,0,0,2554,18387,0,2,2554,18389,California
Sacramento,2020-12-31,1228,19617,692,15884,536,3733,0,0,1229,19616,0,2,1229,19618,California
Sacramento,2021-01-01,81,19698,70,15954,11,3744,0,0,81,19697,0,2,81,19699,California
Sacramento,2021-01-02,570,20268,367,16321,203,3947,0,0,570,20267,0,2,570,20269,California
Sacramento,2021-01-03,414,20682,225,16546,189,4136,0,0,414,20681,0,2,414,20683,California
Sacramento,2021-01-04,1939,22621,834,17380,1105,5241,0,0,1937,22617,1,3,1937,22620,California
Sacramento,2021-01-05,2215,24836,987,18367,1228,6469,0,0,1851,24111,364,367,1858,24478,California
Sacramento,2021-01-06,2728,27564,1618,19985,1110,7579,0,0,1930,25246,795,1162,1930,26408,California
Sacramento,2021-01-07,2840,30404,1515,21500,1325,8904,0,0,1909,26227,928,2090,1909,28317,California
Sacramento,2021-01-08,3287,33691,2084,23584,1203,10107,0,0,2168,27282,1115,3205,2170,30487,California
Sacramento,2021-01-09,1291,34982,805,24389,486,10593,0,0,893,27779,396,3601,893,31380,California
Sacramento,2021-01-10,1226,36208,712,25101,514,11107,0,0,756,28067,469,4070,757,32137,California
Sacramento,2021-01-11,4348,40556,2955,28056,1393,12500,0,0,2412,28556,1935,6005,2424,34561,California
Sacramento,2021-01-12,4594,45150,3211,31267,1383,13883,0,0,2612,29190,1982,7987,2616,37177,California
Sacramento,2021-01-13,3847,48997,2221,33488,1626,15509,0,0,2428,30201,1418,9405,2429,39606,California
Sacramento,2021-01-14,4621,53618,2325,35813,2296,17805,0,0,3713,33010,905,10310,3714,43320,California
Sacramento,2021-01-15,4438,58056,2255,38068,2183,19988,0,0,3726,36025,712,11022,3727,47047,California
Sacramento,2021-01-16,2086,60142,1285,39353,801,20789,0,0,1867,37673,219,11241,1867,48914,California
Sacramento,2021-01-17,1676,61818,983,40336,693,21482,0,0,1493,38986,183,11424,1496,50410,California
Sacramento,2021-01-18,2830,64648,1733,42069,1097,22579,0,0,2252,40663,576,12000,2253,52663,California
Sacramento,2021-01-19,4977,69625,3026,45095,1951,24530,0,0,3737,43162,1240,13240,3739,56402,California
Sacramento,2021-01-20,4832,74457,2858,47953,1974,26504,0,0,3605,45544,1229,14469,3611,60013,California
Sacramento,2021-01-21,5224,79681,3021,50974,2203,28707,0,0,4251,48830,967,15436,4253,64266,California
Sacramento,2021-01-22,5029,84710,2692,53666,2337,31044,0,0,4729,53261,299,15735,4730,68996,California
Sacramento,2021-01-23,3755,88465,1568,55234,2187,33231,0,0,3291,56088,464,16199,3291,72287,California
Sacramento,2021-01-24,1621,90086,1013,56247,608,33839,0,0,1378,57225,242,16441,1379,73666,California
Sacramento,2021-01-25,4411,94497,2157,58404,2254,36093,0,0,2940,58697,1471,17912,2943,76609,California
Sacramento,2021-01-26,4752,99249,2157,60561,2595,38688,0,0,3553,61055,1197,19109,3555,80164,California
Sacramento,2021-01-27,5862,105111,3051,63612,2811,41499,0,0,4239,63676,1620,20729,4241,84405,California
Sacramento,2021-01-28,5411,110522,2739,66351,2672,44171,0,0,4310,66887,1100,21829,4311,88716,California
Sacramento,2021-01-29,5415,115937,2939,69290,2476,46647,0,0,4394,70269,1012,22841,4394,93110,California
Sacramento,2021-01-30,4518,120455,2204,71494,2314,48961,0,0,4086,73925,430,23271,4086,97196,California
Sacramento,2021-01-31,2336,122791,2034,73528,302,49263,0,0,2056,75706,277,23548,2058,99254,California
Sacramento,2021-02-01,5938,128729,3034,76562,2904,52167,0,0,4253,78278,1681,25229,4253,103507,California
Sacramento,2021-02-02,7023,135752,3790,80352,3233,55400,0,0,4862,81000,2142,27371,4864,108371,California
Sacramento,2021-02-03,7143,142895,3605,83957,3538,58938,0,0,5283,84434,1851,29222,5285,113656,California
Sacramento,2021-02-04,7763,150658,3680,87637,4083,63021,0,0,5524,87728,2230,31452,5524,119180,California
Sacramento,2021-02-05,7859,158517,4481,92118,3378,66399,0,0,4921,89738,2915,34367,4925,124105,California
Sacramento,2021-02-06,8472,166989,3475,95593,4997,71396,0,0,7124,95518,1346,35713,7126,131231,California
Sacramento,2021-02-07,4064,171053,2198,97791,1866,73262,0,0,2885,97231,1174,36887,2887,134118,California
Sacramento,2021-02-08,6268,177321,3259,101050,3009,76271,0,0,3912,98792,2351,39238,3912,138030,California
Sacramento,2021-02-09,6777,184098,3555,104605,3222,79493,0,0,4002,100029,2766,42004,4003,142033,California
Sacramento,2021-02-10,7696,191794,4211,108816,3485,82978,0,0,4526,101401,3156,45160,4528,146561,California
Sacramento,2021-02-11,9609,201403,5738,114554,3871,86849,0,0,5509,102827,4085,49245,5511,152072,California
Sacramento,2021-02-12,10691,212094,4155,118709,6536,93385,0,0,6404,105009,4225,53470,6407,158479,California
Sacramento,2021-02-13,7682,219776,2992,121701,4690,98075,0,0,6086,109505,1591,55061,6087,164566,California
Sacramento,2021-02-14,3204,222980,1967,123668,1237,99312,0,0,2099,110505,1103,56164,2103,166669,California
Sacramento,2021-02-15,6006,228986,2055,125723,3951,103263,0,0,4175,112858,1825,57989,4178,170847,California
Sacramento,2021-02-16,9256,238242,4214,129937,5042,108305,0,0,5321,114255,3928,61917,5325,176172,California
Sacramento,2021-02-17,8855,247097,4998,134935,3857,112162,0,0,5150,115715,3694,65611,5154,181326,California
Sacramento,2021-02-18,9597,256694,5770,140705,3827,115989,0,0,5738,117608,3849,69460,5742,187068,California
Sacramento,2021-02-19,10080,266774,6183,146888,3897,119886,0,0,5976,119496,4094,73554,5982,193050,California
Sacramento,2021-02-20,7857,274631,5793,152681,2064,121950,0,0,4755,121156,3096,76650,4756,197806,California
Sacramento,2021-02-21,3063,277694,2421,155102,642,122592,0,0,1089,120277,1968,78618,1089,198895,California
Sacramento,2021-02-22,6322,284016,3820,158922,2502,125094,0,0,2787,119545,3523,82141,2791,201686,California
Sacramento,2021-02-23,7285,291301,4510,163432,2775,127869,0,0,3548,119377,3720,85861,3552,205238,California
Sacramento,2021-02-24,9845,301146,5430,168862,4415,132284,0,0,5379,120312,4450,90311,5385,210623,California
Sacramento,2021-02-25,11287,312433,6473,175335,4814,137098,0,0,6635,122311,4636,94947,6635,217258,California
Sacramento,2021-02-26,14416,326849,6794,182129,7622,144720,0,0,9884,127698,4501,99448,9888,227146,California
Sacramento,2021-02-27,11072,337921,6868,188997,4201,148921,3,3,8189,133030,2860,102308,8192,235338,California
Sacramento,2021-02-28,6206,344127,2340,191337,3866,152787,0,3,3106,133051,3086,105394,3107,238445,California
Sacramento,2021-03-01,8627,352754,3618,194955,5008,157795,1,4,4706,133861,3899,109293,4709,243154,California
Sacramento,2021-03-02,9312,362066,4047,199002,5264,163059,1,5,5713,135997,3581,112874,5717,248871,California
Sacramento,2021-03-03,10993,373059,5017,204019,5973,169032,3,8,6559,138148,4413,117287,6564,255435,California
Sacramento,2021-03-04,13478,386537,6193,210212,7281,176313,4,12,7492,139696,5954,123241,7502,262937,California
Sacramento,2021-03-05,10634,397171,4910,215122,5694,182007,30,42,7070,143254,3543,126784,7101,270038,California
Sacramento,2021-03-06,8123,405294,3114,218236,4887,186894,122,164,4117,143500,3992,130776,4238,274276,California
Sacramento,2021-03-07,7624,412918,2215,220451,5320,192214,89,253,3756,143480,3863,134639,3843,278119,California
Sacramento,2021-03-08,9126,422044,4270,224721,4633,196847,223,476,5962,146511,3152,137791,6183,284302,California
Sacramento,2021-03-09,9624,431668,4558,229279,4774,201621,292,768,5536,148268,4070,141861,5827,290129,California
Sacramento,2021-03-10,11792,443460,7538,236817,3900,205521,354,1122,6885,150639,4872,146733,7243,297372,California
Sacramento,2021-03-11,15064,458524,10009,246826,4229,209750,826,1948,8922,154281,6102,152835,9744,307116,California
Sacramento,2021-03-12,18068,476592,8348,255174,8857,218607,863,2811,8843,154821,9174,162009,9714,316830,California
Sacramento,2021-03-13,13032,489624,3582,258756,9021,227628,429,3240,7869,157963,5152,167161,8294,325124,California
Sacramento,2021-03-14,8401,498025,3474,262230,4298,231926,629,3869,4430,159074,3946,171107,5057,330181,California
Sacramento,2021-03-15,12230,510255,4871,267101,6705,238631,654,4523,7040,161604,5165,176272,7695,337876,California
Sacramento,2021-03-16,14023,524278,6217,273318,7154,245785,652,5175,8623,165511,5362,181634,9269,347145,California
Sacramento,2021-03-17,13761,538039,6618,279936,6510,252295,633,5808,8790,169990,4946,186580,9425,356570,California
Sacramento,2021-03-18,15680,553719,8218,288154,6871,259166,591,6399,9938,174810,5708,192288,10528,367098,California
Sacramento,2021-03-19,15628,569347,7992,296146,6265,265431,1371,7770,7900,176370,7702,199990,9262,376360,California
Sacramento,2021-03-20,12921,582268,7541,303687,5040,270471,340,8110,8040,179900,4852,204842,8382,384742,California
Sacramento,2021-03-21,5588,587856,2754,306441,2796,273267,38,8148,4855,184077,720,205562,4897,389639,California
Sacramento,2021-03-22,9375,597231,4799,311240,3725,276992,851,8999,6182,187945,3165,208727,7033,396672,California
Sacramento,2021-03-23,11355,608586,6757,317997,3788,280780,810,9809,7255,191949,4058,212785,8062,404734,California
Sacramento,2021-03-24,11865,620451,7269,325266,3967,284747,629,10438,6720,194235,5063,217848,7349,412083,California
Sacramento,2021-03-25,14173,634624,8345,333611,4991,289738,837,11275,8519,197977,5609,223457,9351,421434,California
Sacramento,2021-03-26,18280,652904,8924,342535,8850,298588,506,11781,9153,198579,9059,232516,9661,431095,California
Sacramento,2021-03-27,9685,662589,3574,346109,5823,304411,288,12069,5096,199401,4558,237074,5380,436475,California
Sacramento,2021-03-28,6529,669118,3222,349331,3058,307469,249,12318,2701,198537,3817,240891,2953,439428,California
Sacramento,2021-03-29,11033,680151,5901,355232,4757,312226,375,12693,4951,197811,6053,246944,5327,444755,California
Sacramento,2021-03-30,11844,691995,6078,361310,5379,317605,387,13080,6002,198381,5819,252763,6389,451144,California
Sacramento,2021-03-31,13435,705430,7861,369171,5181,322786,393,13473,5654,196669,7753,260516,6041,457185,California
Sacramento,2021-04-01,17462,722892,10474,379645,6752,329538,236,13709,7326,194145,10091,270607,7567,464752,California
Sacramento,2021-04-02,17139,740031,9696,389341,6699,336237,744,14453,9010,195801,8097,278704,9753,474505,California
Sacramento,2021-04-03,10453,750484,6241,395582,3662,339899,550,15003,6414,198751,4008,282712,6958,481463,California
Sacramento,2021-04-04,3729,754213,1533,397115,1991,341890,205,15208,1447,198122,2276,284988,1647,483110,California
Sacramento,2021-04-05,12056,766269,7568,404683,3651,345541,837,16045,5377,197688,6642,291630,6208,489318,California
Sacramento,2021-04-06,15646,781915,8860,413543,5444,350985,1342,17387,6916,197243,8697,300327,8252,497570,California
Sacramento,2021-04-07,14848,796763,8029,421572,5214,356199,1605,18992,7159,198347,7647,307974,8751,506321,California
Sacramento,2021-04-08,15059,811822,6778,428350,5305,361504,2976,21968,6004,198288,9019,316993,8960,515281,California
Sacramento,2021-04-09,18304,830126,9368,437718,6729,368233,2207,24175,7434,197088,10829,327822,9629,524910,California
Sacramento,2021-04-10,12878,843004,3839,441557,7820,376053,1219,25394,5348,196129,7500,335322,6541,531451,California
Sacramento,2021-04-11,10789,853793,4338,445895,6224,382277,227,25621,3844,193278,6921,342243,4070,535521,California
Sacramento,2021-04-12,12978,866771,5040,450935,6055,388332,1883,27504,4945,192120,7969,350212,6811,542332,California
Sacramento,2021-04-13,16266,883037,9946,460881,6317,394649,3,27507,7573,191036,8664,358876,7580,549912,California
Sacramento,2021-04-14,14967,898004,7973,468854,6992,401641,2,27509,5910,187927,9028,367904,5919,555831,California
Sacramento,2021-04-15,16369,914373,8413,477267,7953,409594,3,27512,6660,184926,9670,377574,6669,562500,California
Sacramento,2021-04-16,17401,931774,9609,486876,7792,417386,0,27512,7884,183337,9476,387050,7887,570387,California
Sacramento,2021-04-17,15289,947063,6143,493019,9146,426532,0,27512,11082,190236,4188,391238,11087,581474,California
Sacramento,2021-04-18,8433,955496,3066,496085,5367,431899,0,27512,3739,189301,4675,395913,3740,585214,California
Sacramento,2021-04-19,10551,966047,5712,501797,4834,436733,5,27517,4683,188143,5847,401760,4689,589903,California
Sacramento,2021-04-20,11093,977140,6733,508530,4357,441090,3,27520,5901,188880,5171,406931,5908,595811,California
Sacramento,2021-04-21,11480,988620,6639,515169,4839,445929,2,27522,6211,189849,5245,412176,6214,602025,California
Sacramento,2021-04-22,14814,1003434,9895,525064,4916,450845,3,27525,6810,188689,7975,420151,6815,608840,California
Sacramento,2021-04-23,15891,1019325,10005,535069,5886,456731,0,27525,7374,187584,8481,428632,7376,616216,California
Sacramento,2021-04-24,11322,1030647,7002,542071,4319,461050,1,27526,5924,188149,5361,433993,5926,622142,California
Sacramento,2021-04-25,8001,1038648,4476,546547,3525,464575,0,27526,4167,188497,3820,437813,4168,626310,California
Sacramento,2021-04-26,10604,1049252,6613,553160,3967,468542,24,27550,5008,187964,5565,443378,5032,631342,California
Sacramento,2021-04-27,12026,1061278,7893,561053,3979,472521,154,27704,5904,187935,6089,449467,6060,637402,California
Sacramento,2021-04-28,10477,1071755,5847,566900,4424,476945,206,27910,5817,189333,4630,454097,6028,643430,California
Sacramento,2021-04-29,10859,1082614,7308,574208,3248,480193,303,28213,6005,190822,4819,458916,6308,649738,California
Sacramento,2021-04-30,12452,1095066,7809,582017,4382,484575,261,28474,5864,190405,6543,465459,6126,655864,California
Sacramento,2021-05-01,7585,1102651,5477,587494,1933,486508,175,28649,2759,188546,4791,470250,2932,658796,California
Sacramento,2021-05-02,4988,1107639,4296,591790,541,487049,151,28800,2226,188184,2737,472987,2375,661171,California
Sacramento,2021-05-03,9112,1116751,7284,599074,1548,488597,280,29080,3967,187304,5123,478110,4243,665414,California
Sacramento,2021-05-04,9367,1126118,5694,604768,3364,491961,309,29389,3788,185863,5536,483646,4095,669509,California
Sacramento,2021-05-05,11054,1137172,5986,610754,4609,496570,459,29848,4506,184318,6505,490151,4960,674469,California
Sacramento,2021-05-06,11199,1148371,6204,616958,4688,501258,307,30155,4617,182980,6260,496411,4922,679391,California
Sacramento,2021-05-07,10610,1158981,6165,623123,4075,505333,370,30525,4471,181733,6089,502500,4842,684233,California
Sacramento,2021-05-08,8227,1167208,3815,626938,4182,509515,230,30755,2716,179198,5474,507974,2939,687172,California
Sacramento,2021-05-09,3148,1170356,1654,628592,1380,510895,114,30869,1174,178523,1963,509937,1288,688460,California
Sacramento,2021-05-10,8076,1178432,3734,632326,4073,514968,269,31138,1973,174695,6072,516009,2244,690704,California
Sacramento,2021-05-11,8273,1186705,5154,637480,2861,517829,258,31396,2881,172475,5359,521368,3139,693843,California
Sacramento,2021-05-12,8540,1195245,5141,642621,3144,520973,255,31651,3039,170300,5467,526835,3292,697135,California
Sacramento,2021-05-13,11664,1206909,7452,650073,3936,524909,276,31927,4464,167876,7163,533998,4739,701874,California
Sacramento,2021-05-14,12202,1219111,6907,656980,5006,529915,289,32216,5055,166125,7094,541092,5343,707217,California
Sacramento,2021-05-15,13070,1232181,7900,664880,5027,534942,143,32359,5795,164817,7242,548334,5934,713151,California
Sacramento,2021-05-16,7850,1240031,4098,668978,3639,538581,113,32472,2135,161375,5692,554026,2250,715401,California
Sacramento,2021-05-17,10385,1250416,6307,675285,3787,542368,291,32763,3979,159276,6372,560398,4273,719674,California
Sacramento,2021-05-18,9696,1260112,6085,681370,3402,545770,209,32972,3688,157210,5967,566365,3901,723575,California
Sacramento,2021-05-19,9735,1269847,6234,687604,3240,549010,261,33233,4516,156814,5179,571544,4783,728358,California
Sacramento,2021-05-20,10110,1279957,6670,694274,3179,552189,261,33494,3841,154697,6220,577764,4103,732461,California
Sacramento,2021-05-21,10663,1290620,6792,701066,3546,555735,325,33819,4557,153520,6065,583829,4888,737349,California
Sacramento,2021-05-22,7388,1298008,4580,705646,2637,558372,171,33990,3341,153018,4017,587846,3515,740864,California
Sacramento,2021-05-23,4158,1302166,2862,708508,1193,559565,103,34093,1911,152805,2228,590074,2015,742879,California
Sacramento,2021-05-24,7651,1309817,4566,713074,2755,562320,330,34423,2394,150313,5214,595288,2722,745601,California
Sacramento,2021-05-25,6657,1316474,3857,716931,2508,564828,292,34715,2382,148735,4251,599539,2673,748274,California
Sacramento,2021-05-26,8469,1324943,4689,721620,3450,568278,330,35045,2807,146256,5612,605151,3133,751407,California
Sacramento,2021-05-27,6652,1331595,3636,725256,2773,571051,243,35288,2965,145815,3649,608800,3208,754615,California
Sacramento,2021-05-28,8223,1339818,4567,729823,3287,574338,369,35657,3493,144986,4692,613492,3863,758478,California
Sacramento,2021-05-29,4360,1344178,2668,732491,1536,575874,156,35813,2226,145257,2111,615603,2382,760860,California
Sacramento,2021-05-30,1650,1345828,1036,733527,575,576449,39,35852,761,145174,883,616486,800,761660,California
Sacramento,2021-05-31,884,1346712,444,733971,427,576876,13,35865,315,144933,569,617055,328,761988,California
Sacramento,2021-06-01,6924,1353636,4163,738134,2555,579431,206,36071,2674,143601,4209,621264,2877,764865,California
Sacramento,2021-06-02,6072,1359708,3348,741482,2509,581940,215,36286,2318,142423,3709,624973,2531,767396,California
Sacramento,2021-06-03,7412,1367120,5056,746538,2174,584114,182,36468,2252,139736,5120,630093,2433,769829,California
Sacramento,2021-06-04,7016,1374136,4503,751041,2304,586418,209,36677,2277,137514,4708,634801,2486,772315,California
Sacramento,2021-06-05,6157,1380293,4528,755569,1490,587908,139,36816,1793,135108,4336,639137,1930,774245,California
Sacramento,2021-06-06,2331,1382624,1822,757391,452,588360,57,36873,792,134424,1533,640670,849,775094,California
Sacramento,2021-06-07,5534,1388158,3880,761271,1483,589843,171,37044,1600,132284,3908,644578,1768,776862,California
Sacramento,2021-06-08,5328,1393486,3658,764929,1493,591336,177,37221,1780,130722,3522,648100,1960,778822,California
Sacramento,2021-06-09,5167,1398653,3601,768530,1427,592763,139,37360,1261,128255,3869,651969,1402,780224,California
Sacramento,2021-06-10,4353,1403006,2765,771295,1435,594198,153,37513,1324,126745,2987,654956,1477,781701,California
Sacramento,2021-06-11,5867,1408873,4005,775300,1706,595904,156,37669,1371,123800,4471,659427,1526,783227,California
Sacramento,2021-06-12,3920,1412793,2613,777913,1228,597132,79,37748,986,121945,2920,662347,1065,784292,California
Sacramento,2021-06-13,988,1413781,792,778705,185,597317,11,37759,216,121407,764,663111,226,784518,California
San Benito,2020-12-16,29,29,29,29,0,0,0,0,29,29,0,0,29,29,California
San Benito,2020-12-17,47,76,47,76,0,0,0,0,47,76,0,0,47,76,California
San Benito,2020-12-18,72,148,72,148,0,0,0,0,72,148,0,0,72,148,California
San Benito,2020-12-19,47,195,47,195,0,0,0,0,47,195,0,0,47,195,California
San Benito,2020-12-20,23,218,23,218,0,0,0,0,23,218,0,0,23,218,California
San Benito,2020-12-21,78,296,78,296,0,0,0,0,78,296,0,0,78,296,California
San Benito,2020-12-22,104,400,104,400,0,0,0,0,104,400,0,0,104,400,California
San Benito,2020-12-23,85,485,74,474,11,11,0,0,85,485,0,0,85,485,California
San Benito,2020-12-24,13,498,5,479,8,19,0,0,13,498,0,0,13,498,California
San Benito,2020-12-25,3,501,3,482,0,19,0,0,3,501,0,0,3,501,California
San Benito,2020-12-26,12,513,4,486,8,27,0,0,12,513,0,0,12,513,California
San Benito,2020-12-27,8,521,7,493,1,28,0,0,8,521,0,0,8,521,California
San Benito,2020-12-28,64,585,37,530,27,55,0,0,64,585,0,0,64,585,California
San Benito,2020-12-29,50,635,21,551,29,84,0,0,50,635,0,0,50,635,California
San Benito,2020-12-30,59,694,37,588,22,106,0,0,59,694,0,0,59,694,California
San Benito,2020-12-31,17,711,2,590,15,121,0,0,17,711,0,0,17,711,California
San Benito,2021-01-02,24,735,23,613,1,122,0,0,24,735,0,0,24,735,California
San Benito,2021-01-03,3,738,1,614,2,124,0,0,3,738,0,0,3,738,California
San Benito,2021-01-04,62,800,24,638,38,162,0,0,62,800,0,0,62,800,California
San Benito,2021-01-05,121,921,37,675,84,246,0,0,118,915,3,3,118,918,California
San Benito,2021-01-06,101,1022,41,716,60,306,0,0,87,988,14,17,87,1005,California
San Benito,2021-01-07,105,1127,67,783,38,344,0,0,53,989,52,69,53,1058,California
San Benito,2021-01-08,184,1311,90,873,94,438,0,0,119,1043,65,134,119,1177,California
San Benito,2021-01-09,44,1355,32,905,12,450,0,0,30,1059,14,148,30,1207,California
San Benito,2021-01-10,16,1371,14,919,2,452,0,0,5,1053,11,159,5,1212,California
San Benito,2021-01-11,174,1545,109,1028,65,517,0,0,72,1023,102,261,72,1284,California
San Benito,2021-01-12,162,1707,58,1086,104,621,0,0,121,1103,41,302,121,1405,California
San Benito,2021-01-13,224,1931,66,1152,158,779,0,0,176,1231,48,350,176,1581,California
San Benito,2021-01-14,120,2051,25,1177,95,874,0,0,100,1312,20,370,101,1682,California
San Benito,2021-01-15,216,2267,21,1198,195,1069,0,0,202,1500,14,384,202,1884,California
San Benito,2021-01-16,25,2292,8,1206,17,1086,0,0,20,1515,5,389,20,1904,California
San Benito,2021-01-17,11,2303,5,1211,6,1092,0,0,8,1520,3,392,8,1912,California
San Benito,2021-01-18,35,2338,22,1233,13,1105,0,0,20,1525,15,407,20,1932,California
San Benito,2021-01-19,152,2490,66,1299,86,1191,0,0,124,1621,28,435,124,2056,California
San Benito,2021-01-20,276,2766,95,1394,181,1372,0,0,231,1808,44,479,231,2287,California
San Benito,2021-01-21,126,2892,32,1426,94,1466,0,0,101,1884,25,504,101,2388,California
San Benito,2021-01-22,238,3130,19,1445,219,1685,0,0,228,2102,10,514,228,2616,California
San Benito,2021-01-23,29,3159,16,1461,13,1698,0,0,12,2097,17,531,12,2628,California
San Benito,2021-01-24,8,3167,3,1464,5,1703,0,0,4,2097,4,535,4,2632,California
San Benito,2021-01-25,65,3232,24,1488,41,1744,0,0,19,2070,46,581,19,2651,California
San Benito,2021-01-26,138,3370,41,1529,97,1841,0,0,85,2102,53,634,85,2736,California
San Benito,2021-01-27,231,3601,70,1599,161,2002,0,0,191,2253,40,674,191,2927,California
San Benito,2021-01-28,150,3751,32,1631,118,2120,0,0,121,2346,28,702,121,3048,California
San Benito,2021-01-29,293,4044,33,1664,260,2380,0,0,269,2592,23,725,269,3317,California
San Benito,2021-01-30,51,4095,33,1697,18,2398,0,0,27,2595,24,749,27,3344,California
San Benito,2021-01-31,15,4110,4,1701,11,2409,0,0,10,2600,5,754,10,3354,California
San Benito,2021-02-01,134,4244,28,1729,106,2515,0,0,91,2648,43,797,91,3445,California
San Benito,2021-02-02,232,4476,49,1778,183,2698,0,0,138,2692,94,891,138,3583,California
San Benito,2021-02-03,343,4819,44,1822,299,2997,0,0,273,2895,70,961,273,3856,California
San Benito,2021-02-04,169,4988,25,1847,144,3141,0,0,123,2972,46,1007,123,3979,California
San Benito,2021-02-05,299,5287,41,1888,258,3399,0,0,235,3143,64,1071,235,4214,California
San Benito,2021-02-06,47,5334,8,1896,39,3438,0,0,31,3158,16,1087,31,4245,California
San Benito,2021-02-07,15,5349,6,1902,9,3447,0,0,14,3171,1,1088,14,4259,California
San Benito,2021-02-08,139,5488,16,1918,123,3570,0,0,93,3218,46,1134,93,4352,California
San Benito,2021-02-09,326,5814,61,1979,265,3835,0,0,193,3278,133,1267,193,4545,California
San Benito,2021-02-10,322,6136,87,2066,235,4070,0,0,113,3183,208,1475,113,4658,California
San Benito,2021-02-11,302,6438,33,2099,269,4339,0,0,201,3283,101,1576,201,4859,California
San Benito,2021-02-12,421,6859,31,2130,390,4729,0,0,213,3289,207,1783,213,5072,California
San Benito,2021-02-13,57,6916,6,2136,51,4780,0,0,46,3324,11,1794,46,5118,California
San Benito,2021-02-14,40,6956,5,2141,35,4815,0,0,30,3344,10,1804,30,5148,California
San Benito,2021-02-15,109,7065,10,2151,99,4914,0,0,99,3433,10,1814,99,5247,California
San Benito,2021-02-16,210,7275,11,2162,199,5113,0,0,106,3436,104,1918,107,5354,California
San Benito,2021-02-17,332,7607,31,2193,301,5414,0,0,282,3668,50,1968,282,5636,California
San Benito,2021-02-18,293,7900,38,2231,255,5669,0,0,70,3515,223,2191,70,5706,California
San Benito,2021-02-19,351,8251,49,2280,302,5971,0,0,180,3524,171,2362,180,5886,California
San Benito,2021-02-20,47,8298,25,2305,22,5993,0,0,37,3551,10,2372,37,5923,California
San Benito,2021-02-21,24,8322,11,2316,13,6006,0,0,17,3561,7,2379,17,5940,California
San Benito,2021-02-22,133,8455,33,2349,100,6106,0,0,98,3625,34,2413,98,6038,California
San Benito,2021-02-23,374,8829,94,2443,280,6386,0,0,259,3769,115,2528,259,6297,California
San Benito,2021-02-24,385,9214,68,2511,317,6703,0,0,245,3874,140,2668,245,6542,California
San Benito,2021-02-25,399,9613,71,2582,328,7031,0,0,277,4027,124,2792,277,6819,California
San Benito,2021-02-26,660,10273,75,2657,585,7616,0,0,413,4193,247,3039,413,7232,California
San Benito,2021-02-27,111,10384,45,2702,66,7682,0,0,93,4268,18,3057,93,7325,California
San Benito,2021-02-28,253,10637,28,2730,225,7907,0,0,244,4503,9,3066,244,7569,California
San Benito,2021-03-01,232,10869,60,2790,172,8079,0,0,161,4592,72,3138,161,7730,California
San Benito,2021-03-02,285,11154,93,2883,192,8271,0,0,214,4735,71,3209,214,7944,California
San Benito,2021-03-03,402,11556,56,2939,346,8617,0,0,227,4789,173,3382,227,8171,California
San Benito,2021-03-04,622,12178,129,3068,478,9095,15,15,436,5043,186,3568,440,8611,California
San Benito,2021-03-05,593,12771,311,3379,270,9365,12,27,377,5218,214,3782,389,9000,California
San Benito,2021-03-06,202,12973,73,3452,115,9480,14,41,150,5330,52,3834,164,9164,California
San Benito,2021-03-07,645,13618,602,4054,20,9500,23,64,613,5934,32,3866,636,9800,California
San Benito,2021-03-08,292,13910,68,4122,177,9677,47,111,168,6025,124,3990,215,10015,California
San Benito,2021-03-09,429,14339,84,4206,245,9922,100,211,139,5948,289,4279,212,10227,California
San Benito,2021-03-10,405,14744,117,4323,192,10114,96,307,233,6105,172,4451,329,10556,California
San Benito,2021-03-11,476,15220,122,4445,199,10313,155,462,210,6204,266,4717,365,10921,California
San Benito,2021-03-12,526,15746,122,4567,309,10622,95,557,233,6242,291,5008,329,11250,California
San Benito,2021-03-13,201,15947,99,4666,83,10705,19,576,128,6319,70,5078,147,11397,California
San Benito,2021-03-14,233,16180,40,4706,173,10878,20,596,179,6465,53,5131,199,11596,California
San Benito,2021-03-15,326,16506,99,4805,208,11086,19,615,192,6542,134,5265,211,11807,California
San Benito,2021-03-16,507,17013,221,5026,254,11340,32,647,353,6771,154,5419,383,12190,California
San Benito,2021-03-17,799,17812,481,5507,296,11636,22,669,565,7120,230,5649,579,12769,California
San Benito,2021-03-18,792,18604,534,6041,205,11841,53,722,574,7521,217,5866,618,13387,California
San Benito,2021-03-19,774,19378,404,6445,347,12188,23,745,572,7914,202,6068,595,13982,California
San Benito,2021-03-20,248,19626,152,6597,85,12273,11,756,187,8051,61,6129,198,14180,California
San Benito,2021-03-21,112,19738,58,6655,49,12322,5,761,82,8108,30,6159,87,14267,California
San Benito,2021-03-22,351,20089,172,6827,154,12476,25,786,219,8220,132,6291,244,14511,California
San Benito,2021-03-23,478,20567,202,7029,266,12742,10,796,219,8189,259,6550,228,14739,California
San Benito,2021-03-24,584,21151,310,7339,267,13009,7,803,365,8343,218,6768,372,15111,California
San Benito,2021-03-25,749,21900,445,7784,300,13309,4,807,445,8492,300,7068,449,15560,California
San Benito,2021-03-26,1032,22932,527,8311,500,13809,5,812,339,8144,692,7760,344,15904,California
San Benito,2021-03-27,346,23278,196,8507,117,13926,33,845,222,8275,124,7884,255,16159,California
San Benito,2021-03-28,731,24009,604,9111,121,14047,6,851,129,7808,602,8486,135,16294,California
San Benito,2021-03-29,344,24353,110,9221,214,14261,20,871,143,7769,201,8687,162,16456,California
San Benito,2021-03-30,588,24941,278,9499,214,14475,96,967,299,7875,289,8976,395,16851,California
San Benito,2021-03-31,603,25544,371,9870,208,14683,24,991,343,7985,257,9233,367,17218,California
San Benito,2021-04-01,960,26504,385,10255,536,15219,39,1030,570,8200,389,9622,604,17822,California
San Benito,2021-04-02,542,27046,260,10515,146,15365,136,1166,267,8329,274,9896,403,18225,California
San Benito,2021-04-03,260,27306,87,10602,108,15473,65,1231,74,8282,186,10082,139,18364,California
San Benito,2021-04-04,143,27449,107,10709,30,15503,6,1237,105,8355,38,10120,111,18475,California
San Benito,2021-04-05,361,27810,173,10882,145,15648,43,1280,150,8336,211,10331,192,18667,California
San Benito,2021-04-06,468,28278,165,11047,124,15772,179,1459,159,8365,309,10640,338,19005,California
San Benito,2021-04-07,948,29226,530,11577,229,16001,189,1648,266,8140,680,11320,455,19460,California
San Benito,2021-04-08,863,30089,430,12007,181,16182,252,1900,225,7980,637,11957,477,19937,California
San Benito,2021-04-09,853,30942,503,12510,258,16440,92,1992,295,7810,557,12514,387,20324,California
San Benito,2021-04-10,355,31297,213,12723,79,16519,63,2055,196,7911,159,12673,260,20584,California
San Benito,2021-04-11,477,31774,273,12996,170,16689,34,2089,270,7987,207,12880,283,20867,California
San Benito,2021-04-12,537,32311,284,13280,136,16825,117,2206,279,8122,257,13137,392,21259,California
San Benito,2021-04-13,756,33067,295,13575,438,17263,23,2229,524,8439,231,13368,548,21807,California
San Benito,2021-04-14,847,33914,669,14244,178,17441,0,2229,402,8402,439,13807,402,22209,California
San Benito,2021-04-15,954,34868,741,14985,212,17653,1,2230,478,8406,475,14282,479,22688,California
San Benito,2021-04-16,703,35571,368,15353,324,17977,11,2241,294,8306,406,14688,306,22994,California
San Benito,2021-04-17,322,35893,225,15578,97,18074,0,2241,130,8242,194,14882,130,23124,California
San Benito,2021-04-18,496,36389,413,15991,83,18157,0,2241,237,8222,259,15141,239,23363,California
San Benito,2021-04-19,741,37130,594,16585,147,18304,0,2241,424,8331,316,15457,425,23788,California
San Benito,2021-04-20,776,37906,406,16991,368,18672,2,2243,492,8545,279,15736,493,24281,California
San Benito,2021-04-21,960,38866,702,17693,258,18930,0,2243,522,8643,424,16160,522,24803,California
San Benito,2021-04-22,904,39770,691,18384,213,19143,0,2243,569,8885,327,16487,569,25372,California
San Benito,2021-04-23,634,40404,400,18784,233,19376,1,2244,344,8988,241,16728,344,25716,California
San Benito,2021-04-24,364,40768,202,18986,162,19538,0,2244,171,9004,155,16883,171,25887,California
San Benito,2021-04-25,206,40974,128,19114,78,19616,0,2244,95,9006,93,16976,95,25982,California
San Benito,2021-04-26,493,41467,391,19505,102,19718,0,2244,259,9092,173,17149,259,26241,California
San Benito,2021-04-27,554,42021,280,19785,267,19985,7,2251,408,9371,136,17285,415,26656,California
San Benito,2021-04-28,555,42576,391,20176,155,20140,9,2260,393,9615,157,17442,401,27057,California
San Benito,2021-04-29,635,43211,234,20410,391,20531,10,2270,254,9515,381,17823,281,27338,California
San Benito,2021-04-30,379,43590,211,20621,161,20692,7,2277,205,9555,172,17995,212,27550,California
San Benito,2021-05-01,202,43792,146,20767,47,20739,9,2286,66,9496,134,18129,75,27625,California
San Benito,2021-05-02,192,43984,164,20931,24,20763,4,2290,59,9426,133,18262,63,27688,California
San Benito,2021-05-03,362,44346,283,21214,69,20832,10,2300,90,9256,272,18534,102,27790,California
San Benito,2021-05-04,407,44753,246,21460,153,20985,8,2308,151,9160,254,18788,158,27948,California
San Benito,2021-05-05,607,45360,426,21886,165,21150,16,2324,210,8992,394,19182,226,28174,California
San Benito,2021-05-06,620,45980,490,22376,114,21264,16,2340,223,8838,393,19575,239,28413,California
San Benito,2021-05-07,449,46429,283,22659,155,21419,11,2351,174,8751,273,19848,186,28599,California
San Benito,2021-05-08,278,46707,226,22885,47,21466,5,2356,157,8792,121,19969,162,28761,California
San Benito,2021-05-09,103,46810,77,22962,23,21489,3,2359,48,8788,55,20024,51,28812,California
San Benito,2021-05-10,416,47226,327,23289,65,21554,24,2383,52,8501,364,20388,77,28889,California
San Benito,2021-05-11,822,48048,411,23700,395,21949,16,2399,183,8064,637,21025,200,29089,California
San Benito,2021-05-12,491,48539,389,24089,89,22038,13,2412,114,7816,376,21401,128,29217,California
San Benito,2021-05-13,687,49226,587,24676,90,22128,10,2422,174,7489,510,21911,183,29400,California
San Benito,2021-05-14,598,49824,443,25119,148,22276,7,2429,234,7367,363,22274,241,29641,California
San Benito,2021-05-15,228,50052,171,25290,51,22327,6,2435,125,7395,103,22377,131,29772,California
San Benito,2021-05-16,168,50220,140,25430,26,22353,2,2437,92,7413,76,22453,94,29866,California
San Benito,2021-05-17,391,50611,314,25744,67,22420,10,2447,178,7390,211,22664,188,30054,California
San Benito,2021-05-18,671,51282,351,26095,315,22735,5,2452,209,7143,462,23126,215,30269,California
San Benito,2021-05-19,577,51859,419,26514,150,22885,8,2460,232,7038,345,23471,240,30509,California
San Benito,2021-05-20,593,52452,468,26982,114,22999,11,2471,315,7087,277,23748,326,30835,California
San Benito,2021-05-21,472,52924,278,27260,177,23176,17,2488,216,7066,254,24002,233,31068,California
San Benito,2021-05-22,298,53222,223,27483,70,23246,5,2493,181,7138,115,24117,187,31255,California
San Benito,2021-05-23,91,53313,54,27537,33,23279,4,2497,34,7118,57,24174,37,31292,California
San Benito,2021-05-24,300,53613,252,27789,41,23320,7,2504,186,7197,114,24288,193,31485,California
San Benito,2021-05-25,527,54140,242,28031,278,23598,7,2511,172,7023,353,24641,179,31664,California
San Benito,2021-05-26,308,54448,190,28221,112,23710,6,2517,128,6977,179,24820,133,31797,California
San Benito,2021-05-27,405,54853,309,28530,73,23783,23,2540,149,6896,256,25076,175,31972,California
San Benito,2021-05-28,287,55140,177,28707,103,23886,7,2547,111,6839,175,25251,118,32090,California
San Benito,2021-05-29,148,55288,126,28833,20,23906,2,2549,63,6819,85,25336,65,32155,California
San Benito,2021-05-30,270,55558,255,29088,15,23921,0,2549,94,6738,175,25511,94,32249,California
San Benito,2021-05-31,102,55660,89,29177,11,23932,2,2551,45,6729,56,25567,47,32296,California
San Benito,2021-06-01,270,55930,122,29299,122,24054,26,2577,99,6683,170,25737,124,32420,California
San Benito,2021-06-02,321,56251,242,29541,76,24130,3,2580,119,6604,202,25939,123,32543,California
San Benito,2021-06-03,340,56591,288,29829,45,24175,7,2587,134,6542,203,26142,141,32684,California
San Benito,2021-06-04,269,56860,202,30031,67,24242,0,2587,87,6448,181,26323,87,32771,California
San Benito,2021-06-05,91,56951,73,30104,17,24259,1,2588,19,6397,71,26394,20,32791,California
San Benito,2021-06-06,59,57010,48,30152,8,24267,3,2591,15,6371,44,26438,18,32809,California
San Benito,2021-06-07,337,57347,298,30450,34,24301,5,2596,88,6217,247,26685,93,32902,California
San Benito,2021-06-08,306,57653,215,30665,76,24377,15,2611,97,6121,208,26893,112,33014,California
San Benito,2021-06-09,208,57861,162,30827,38,24415,8,2619,63,6047,145,27038,71,33085,California
San Benito,2021-06-10,318,58179,293,31120,18,24433,7,2626,55,5848,261,27299,62,33147,California
San Benito,2021-06-11,200,58379,170,31290,9,24442,21,2647,63,5796,136,27435,84,33231,California
San Benito,2021-06-12,91,58470,80,31370,8,24450,3,2650,30,5783,46,27481,33,33264,California
San Benito,2021-06-13,8,58478,6,31376,2,24452,0,2650,3,5781,5,27486,3,33267,California
San Bernardino,2020-12-15,13,13,13,13,0,0,0,0,13,13,0,0,13,13,California
San Bernardino,2020-12-16,114,127,114,127,0,0,0,0,114,127,0,0,114,127,California
San Bernardino,2020-12-17,2374,2501,2374,2501,0,0,0,0,2374,2501,0,0,2374,2501,California
San Bernardino,2020-12-18,3160,5661,3157,5658,3,3,0,0,3161,5662,0,0,3161,5662,California
San Bernardino,2020-12-19,1077,6738,1076,6734,1,4,0,0,1078,6740,0,0,1078,6740,California
San Bernardino,2020-12-20,1173,7911,1170,7904,3,7,0,0,1173,7913,0,0,1173,7913,California
San Bernardino,2020-12-21,2469,10380,2463,10367,6,13,0,0,2469,10382,0,0,2469,10382,California
San Bernardino,2020-12-22,2285,12665,2155,12522,130,143,0,0,2285,12667,0,0,2285,12667,California
San Bernardino,2020-12-23,2681,15346,1475,13997,1206,1349,0,0,2679,15346,0,0,2679,15346,California
San Bernardino,2020-12-24,1170,16516,590,14587,580,1929,0,0,1170,16515,1,1,1170,16516,California
San Bernardino,2020-12-25,74,16590,14,14601,60,1989,0,0,74,16589,0,1,74,16590,California
San Bernardino,2020-12-26,463,17053,254,14855,209,2198,0,0,463,17052,0,1,463,17053,California
San Bernardino,2020-12-27,348,17401,161,15016,187,2385,0,0,347,17398,1,2,347,17400,California
San Bernardino,2020-12-28,1579,18980,716,15732,863,3248,0,0,1580,18978,0,2,1580,18980,California
San Bernardino,2020-12-29,2224,21204,1047,16779,1177,4425,0,0,2224,21202,0,2,2224,21204,California
San Bernardino,2020-12-30,2898,24102,1455,18234,1443,5868,0,0,2898,24100,0,2,2898,24102,California
San Bernardino,2020-12-31,1367,25469,440,18674,927,6795,0,0,1365,25465,0,2,1365,25467,California
San Bernardino,2021-01-01,286,25755,153,18827,133,6928,0,0,285,25750,0,2,285,25752,California
San Bernardino,2021-01-02,480,26235,340,19167,140,7068,0,0,480,26230,0,2,480,26232,California
San Bernardino,2021-01-03,136,26371,86,19253,50,7118,0,0,136,26366,0,2,136,26368,California
San Bernardino,2021-01-04,2139,28510,1297,20550,842,7960,0,0,2138,28504,0,2,2138,28506,California
San Bernardino,2021-01-05,2340,30850,1463,22013,877,8837,0,0,2231,30627,108,110,2231,30737,California
San Bernardino,2021-01-06,3463,34313,2367,24380,1096,9933,0,0,2961,33093,496,606,2962,33699,California
San Bernardino,2021-01-07,5441,39754,4518,28898,923,10856,0,0,2487,32645,2935,3541,2487,36186,California
San Bernardino,2021-01-08,5375,45129,4450,33348,925,11781,0,0,2286,31848,3084,6625,2287,38473,California
San Bernardino,2021-01-09,1408,46537,1104,34452,304,12085,0,0,906,32252,502,7127,906,39379,California
San Bernardino,2021-01-10,1023,47560,597,35049,426,12511,0,0,575,32379,448,7575,575,39954,California
San Bernardino,2021-01-11,4987,52547,4082,39131,905,13416,0,0,2764,32924,2219,9794,2764,42718,California
San Bernardino,2021-01-12,4243,56790,3218,42349,1025,14441,0,0,2513,33710,1727,11521,2513,45231,California
San Bernardino,2021-01-13,4597,61387,2863,45212,1734,16175,0,0,3361,35848,1225,12746,3363,48594,California
San Bernardino,2021-01-14,4834,66221,2847,48059,1987,18162,0,0,4246,39510,584,13330,4246,52840,California
San Bernardino,2021-01-15,6019,72240,2996,51055,3023,21185,0,0,5621,44744,390,13720,5624,58464,California
San Bernardino,2021-01-16,2265,74505,1292,52347,973,22158,0,0,2121,46721,144,13864,2121,60585,California
San Bernardino,2021-01-17,1179,75684,505,52852,674,22832,0,0,1095,47735,83,13947,1097,61682,California
San Bernardino,2021-01-18,4276,79960,2643,55495,1633,24465,0,0,3653,50767,623,14570,3655,65337,California
San Bernardino,2021-01-19,6346,86306,3725,59220,2621,27086,0,0,5249,54923,1095,15665,5251,70588,California
San Bernardino,2021-01-20,6872,93178,3777,62997,3095,30181,0,0,4912,57886,1951,17616,4914,75502,California
San Bernardino,2021-01-21,6008,99186,3093,66090,2915,33096,0,0,4889,61669,1111,18727,4894,80396,California
San Bernardino,2021-01-22,6557,105743,3066,69156,3491,36587,0,0,5829,66773,726,19453,5830,86226,California
San Bernardino,2021-01-23,3129,108872,1901,71057,1228,37815,0,0,2735,69115,393,19846,2735,88961,California
San Bernardino,2021-01-24,1200,110072,461,71518,739,38554,0,0,1097,70109,103,19949,1097,90058,California
San Bernardino,2021-01-25,6903,116975,3413,74931,3490,42044,0,0,5055,73322,1845,21794,5058,95116,California
San Bernardino,2021-01-26,7064,124039,3505,78436,3559,45603,0,0,4952,76165,2111,23905,4954,100070,California
San Bernardino,2021-01-27,8549,132588,4159,82595,4390,49993,0,0,5722,79068,2819,26724,5722,105792,California
San Bernardino,2021-01-28,8606,141194,4084,86679,4522,54515,0,0,6278,83023,2323,29047,6278,112070,California
San Bernardino,2021-01-29,8224,149418,3786,90465,4438,58953,0,0,6242,87298,1968,31015,6243,118313,California
San Bernardino,2021-01-30,3093,152511,1889,92354,1204,60157,0,0,2802,89812,289,31304,2803,121116,California
San Bernardino,2021-01-31,928,153439,491,92845,437,60594,0,0,874,90633,53,31357,874,121990,California
San Bernardino,2021-02-01,7588,161027,4256,97101,3332,63926,0,0,4952,92953,2633,33990,4953,126943,California
San Bernardino,2021-02-02,10474,171501,3659,100760,6815,70741,0,0,8409,99302,2061,36051,8410,135353,California
San Bernardino,2021-02-03,9027,180528,4158,104918,4869,75610,0,0,6521,103325,2499,38550,6522,141875,California
San Bernardino,2021-02-04,10519,191047,5173,110091,5346,80956,0,0,7418,107653,3090,41640,7418,149293,California
San Bernardino,2021-02-05,11056,202103,5933,116024,5123,86079,0,0,7496,111602,3548,45188,7497,156790,California
San Bernardino,2021-02-06,5286,207389,2220,118244,3066,89145,0,0,3651,113645,1611,46799,3654,160444,California
San Bernardino,2021-02-07,843,208232,492,118736,351,89496,0,0,467,113740,373,47172,468,160912,California
San Bernardino,2021-02-08,7309,215541,3899,122635,3410,92906,0,0,5636,117704,1672,48844,5636,166548,California
San Bernardino,2021-02-09,10177,225718,5924,128559,4253,97159,0,0,6865,121262,3310,52154,6868,173416,California
San Bernardino,2021-02-10,12112,237830,6468,135027,5644,102803,0,0,7985,125130,4118,56272,7986,181402,California
San Bernardino,2021-02-11,12479,250309,7161,142188,5318,108121,0,0,7947,128572,4508,60780,7950,189352,California
San Bernardino,2021-02-12,10430,260739,5960,148148,4470,112591,0,0,5681,129521,4732,65512,5681,195033,California
San Bernardino,2021-02-13,6056,266795,4035,152183,2021,114612,0,0,3808,131102,2232,67744,3813,198846,California
San Bernardino,2021-02-14,1554,268349,651,152834,903,115515,0,0,876,131307,671,68415,876,199722,California
San Bernardino,2021-02-15,5488,273837,3001,155835,2487,118002,0,0,3068,131967,2408,70823,3068,202790,California
San Bernardino,2021-02-16,12603,286440,7348,163183,5255,123257,0,0,7970,135318,4620,75443,7971,210761,California
San Bernardino,2021-02-17,11822,298262,6471,169654,5351,128608,0,0,7153,137823,4650,80093,7155,217916,California
San Bernardino,2021-02-18,12500,310762,7592,177246,4908,133516,0,0,7708,140755,4777,84870,7709,225625,California
San Bernardino,2021-02-19,11565,322327,5966,183212,5599,139115,0,0,6838,142886,4707,89577,6838,232463,California
San Bernardino,2021-02-20,4532,326859,3476,186688,1056,140171,0,0,2046,142453,2481,92058,2048,234511,California
San Bernardino,2021-02-21,1148,328007,688,187376,460,140631,0,0,405,142115,743,92801,405,234916,California
San Bernardino,2021-02-22,8695,336702,5356,192732,3339,143970,0,0,4049,141530,4635,97436,4050,238966,California
San Bernardino,2021-02-23,9176,345878,5457,198189,3719,147689,0,0,4637,141653,4514,101950,4637,243603,California
San Bernardino,2021-02-24,12492,358370,7192,205381,5300,152989,0,0,6181,141544,6291,108241,6182,249785,California
San Bernardino,2021-02-25,13142,371512,6306,211687,6836,159825,0,0,7663,143749,5461,113702,7666,257451,California
San Bernardino,2021-02-26,13632,385144,6392,218079,7240,167065,0,0,7596,145374,5974,119676,7599,265050,California
San Bernardino,2021-02-27,6683,391827,3738,221817,2944,170009,1,1,4820,148341,1855,121531,4822,269872,California
San Bernardino,2021-02-28,1785,393612,746,222563,1039,171048,0,1,1143,148850,634,122165,1143,271015,California
San Bernardino,2021-03-01,8471,402083,4370,226933,4098,175146,3,4,3849,148113,4597,126762,3860,274875,California
San Bernardino,2021-03-02,13908,415991,5568,232501,8340,183486,0,4,6563,147365,7314,134076,6566,281441,California
San Bernardino,2021-03-03,12919,428910,6567,239068,6349,189835,3,7,6039,146555,6859,140935,6049,287490,California
San Bernardino,2021-03-04,13815,442725,6942,246010,6872,196707,1,8,6005,144776,7789,148724,6010,293500,California
San Bernardino,2021-03-05,14446,457171,7540,253550,6905,203612,1,9,7044,144469,7370,156094,7063,300563,California
San Bernardino,2021-03-06,9760,466931,5467,259017,4068,207680,225,234,4557,144064,5185,161279,4780,305343,California
San Bernardino,2021-03-07,1672,468603,1012,260029,589,208269,71,305,1053,144571,617,161896,1124,306467,California
San Bernardino,2021-03-08,8125,476728,3596,263625,4358,212627,171,476,3611,143851,4505,166401,3785,310252,California
San Bernardino,2021-03-09,13100,489828,7483,271108,5366,217993,251,727,5281,141579,7804,174205,5532,315784,California
San Bernardino,2021-03-10,14251,504079,7862,278970,5831,223824,558,1285,6384,140682,7840,182045,6943,322727,California
San Bernardino,2021-03-11,15641,519720,7247,286217,6801,230625,1593,2878,7398,141448,8220,190265,8986,331713,California
San Bernardino,2021-03-12,15583,535303,6948,293165,6587,237212,2048,4926,7365,142718,8187,198452,9457,341170,California
San Bernardino,2021-03-13,8423,543726,4587,297752,3314,240526,522,5448,4994,144817,3418,201870,5517,346687,California
San Bernardino,2021-03-14,3309,547035,1682,299434,1046,241572,581,6029,1850,145790,1452,203322,2425,349112,California
San Bernardino,2021-03-15,11432,558467,5387,304821,4012,245584,2033,8062,5611,147620,5806,209128,7636,356748,California
San Bernardino,2021-03-16,16258,574725,8045,312866,7270,252854,943,9005,9935,152199,6296,215424,10875,367623,California
San Bernardino,2021-03-17,17413,592138,8650,321516,8013,260867,750,9755,10557,156668,6838,222262,11307,378930,California
San Bernardino,2021-03-18,16692,608830,8260,329776,8044,268911,388,10143,9862,160112,6804,229066,10248,389178,California
San Bernardino,2021-03-19,17035,625865,8451,338227,7986,276897,598,10741,9780,163312,7229,236295,10429,399607,California
San Bernardino,2021-03-20,9481,635346,5983,344210,2903,279800,595,11336,5617,165679,3839,240134,6206,405813,California
San Bernardino,2021-03-21,2811,638157,2286,346496,474,280274,51,11387,2261,167454,537,240671,2312,408125,California
San Bernardino,2021-03-22,9642,647799,4529,351025,4676,284950,437,11824,6985,172240,2636,243307,7422,415547,California
San Bernardino,2021-03-23,15540,663339,8816,359841,6104,291054,620,12444,9614,176570,5903,249210,10233,425780,California
San Bernardino,2021-03-24,15219,678558,7845,367686,7069,298123,305,12749,10098,181888,5086,254296,10404,436184,California
San Bernardino,2021-03-25,17076,695634,8379,376065,8393,306516,304,13053,10816,186793,6209,260505,11114,447298,California
San Bernardino,2021-03-26,18256,713890,8689,384754,8796,315312,771,13824,10918,191175,7306,267811,11688,458986,California
San Bernardino,2021-03-27,10887,724777,7027,391781,3102,318414,758,14582,6206,193477,4661,272472,6963,465949,California
San Bernardino,2021-03-28,3644,728421,2560,394341,971,319385,113,14695,2530,195015,1104,273576,2642,468591,California
San Bernardino,2021-03-29,11817,740238,6138,400479,5278,324663,401,15096,7979,199575,3820,277396,8380,476971,California
San Bernardino,2021-03-30,17021,757259,9496,409975,6807,331470,718,15814,10543,204385,6442,283838,11252,488223,California
San Bernardino,2021-03-31,16629,773888,9368,419343,6622,338092,639,16453,10941,210306,5657,289495,11578,499801,California
San Bernardino,2021-04-01,19879,793767,10498,429841,7952,346044,1429,17882,12803,217497,7032,296527,14223,514024,California
San Bernardino,2021-04-02,18942,812709,9545,439386,8104,354148,1293,19175,11448,222813,7465,303992,12781,526805,California
San Bernardino,2021-04-03,11191,823900,7000,446386,3052,357200,1139,20314,6083,224940,5089,309081,7216,534021,California
San Bernardino,2021-04-04,2510,826410,1509,447895,750,357950,251,20565,1266,225221,1236,310317,1517,535538,California
San Bernardino,2021-04-05,11814,838224,5306,453201,4769,362719,1739,22304,6025,227211,5768,316085,7758,543296,California
San Bernardino,2021-04-06,19807,858031,11149,464350,6540,369259,2118,24422,10461,230480,9300,325385,12569,555865,California
San Bernardino,2021-04-07,21086,879117,11274,475624,7321,376580,2491,26913,11507,234915,9549,334934,13984,569849,California
San Bernardino,2021-04-08,22020,901137,11270,486894,8123,384703,2627,29540,12109,239759,9884,344818,14728,584577,California
San Bernardino,2021-04-09,21882,923019,11140,498034,8160,392863,2582,32122,11900,244285,9944,354762,14470,599047,California
San Bernardino,2021-04-10,15779,938798,8165,506199,3875,396738,3739,35861,7820,247892,7936,362698,11543,610590,California
San Bernardino,2021-04-11,4465,943263,2596,508795,895,397633,974,36835,2040,248480,2419,365117,3007,613597,California
San Bernardino,2021-04-12,13509,956772,6243,515038,5601,403234,1665,38500,6391,249433,7097,372214,8050,621647,California
San Bernardino,2021-04-13,19430,976202,11081,526119,8330,411564,19,38519,11135,252324,8267,380481,11158,632805,California
San Bernardino,2021-04-14,19443,995645,10400,536519,9040,420604,3,38522,11004,254927,8406,388887,11009,643814,California
San Bernardino,2021-04-15,20448,1016093,11436,547955,9006,429610,6,38528,10866,256260,9542,398429,10875,654689,California
San Bernardino,2021-04-16,18694,1034787,10599,558554,8094,437704,1,38529,9167,255958,9485,407914,9183,663872,California
San Bernardino,2021-04-17,11957,1046744,7868,566422,4089,441793,0,38529,6257,256550,5665,413579,6257,670129,California
San Bernardino,2021-04-18,2918,1049662,2005,568427,913,442706,0,38529,1283,256210,1623,415202,1283,671412,California
San Bernardino,2021-04-19,12554,1062216,6693,575120,5861,448567,0,38529,4869,253419,7664,422866,4873,676285,California
San Bernardino,2021-04-20,17646,1079862,9829,584949,7814,456381,3,38532,8061,251924,9560,432426,8065,684350,California
San Bernardino,2021-04-21,18145,1098007,10340,595289,7802,464183,3,38535,7941,249725,10143,442569,7944,692294,California
San Bernardino,2021-04-22,19246,1117253,10990,606279,8252,472435,4,38539,7818,246171,11376,453945,7822,700116,California
San Bernardino,2021-04-23,18521,1135774,10598,616877,7922,480357,1,38540,8051,243802,10423,464368,8054,708170,California
San Bernardino,2021-04-24,12887,1148661,9508,626385,3377,483734,2,38542,6929,244791,5942,470310,6931,715101,California
San Bernardino,2021-04-25,3399,1152060,2228,628613,1171,484905,0,38542,1671,244750,1713,472023,1672,716773,California
San Bernardino,2021-04-26,11124,1163184,5998,634611,5036,489941,90,38632,4760,243274,6324,478347,4848,721621,California
San Bernardino,2021-04-27,16509,1179693,9943,644554,6355,496296,211,38843,6777,240572,9688,488035,6986,728607,California
San Bernardino,2021-04-28,14728,1194421,8744,653298,5708,502004,276,39119,5281,236699,9421,497456,5548,734155,California
San Bernardino,2021-04-29,16239,1210660,9330,662628,6639,508643,270,39389,5374,231511,10828,508284,5640,739795,California
San Bernardino,2021-04-30,16566,1227226,10451,673079,5835,514478,280,39669,6096,227452,10433,518717,6374,746169,California
San Bernardino,2021-05-01,10782,1238008,8437,681516,2030,516508,315,39984,3728,224437,7053,525770,4038,750207,California
San Bernardino,2021-05-02,2933,1240941,2117,683633,684,517192,132,40116,1041,223724,1884,527654,1171,751378,California
San Bernardino,2021-05-03,10045,1250986,5763,689396,3880,521072,402,40518,2895,219884,7136,534790,3296,754674,California
San Bernardino,2021-05-04,15700,1266686,9545,698941,5701,526773,454,40972,4567,213811,11091,545881,5018,759692,California
San Bernardino,2021-05-05,15350,1282036,8828,707769,6110,532883,412,41384,4327,207568,10977,556858,4734,764426,California
San Bernardino,2021-05-06,15800,1297836,9002,716771,6385,539268,413,41797,4298,200815,11462,568320,4709,769135,California
San Bernardino,2021-05-07,15466,1313302,8677,725448,6415,545683,374,42171,4639,195051,10772,579092,5008,774143,California
San Bernardino,2021-05-08,9230,1322532,6137,731585,2847,548530,246,42417,3162,192424,6034,585126,3407,777550,California
San Bernardino,2021-05-09,1812,1324344,1116,732701,607,549137,89,42506,728,192164,1077,586203,817,778367,California
San Bernardino,2021-05-10,7432,1331776,3421,736122,3696,552833,315,42821,2280,189646,5110,591313,2592,780959,California
San Bernardino,2021-05-11,12147,1343923,6712,742834,5085,557918,350,43171,3836,185562,8271,599584,4187,785146,California
San Bernardino,2021-05-12,12638,1356561,6872,749706,5452,563370,314,43485,3746,180772,8845,608429,4055,789201,California
San Bernardino,2021-05-13,13206,1369767,7969,757675,4892,568262,345,43830,5201,178351,7962,616391,5541,794742,California
San Bernardino,2021-05-14,13612,1383379,9048,766723,4234,572496,330,44160,5680,176477,7883,624274,6009,800751,California
San Bernardino,2021-05-15,11267,1394646,8355,775078,2725,575221,187,44347,4529,174481,6707,630981,4711,805462,California
San Bernardino,2021-05-16,2780,1397426,2046,777124,672,575893,62,44409,1309,174398,1453,632434,1370,806832,California
San Bernardino,2021-05-17,10006,1407432,6758,783882,2956,578849,292,44701,4515,173745,5458,637892,4805,811637,California
San Bernardino,2021-05-18,13399,1420831,8808,792690,4343,583192,248,44949,6037,172693,7333,645225,6281,817918,California
San Bernardino,2021-05-19,11491,1432322,7192,799882,3922,587114,377,45326,5329,172270,6125,651350,5702,823620,California
San Bernardino,2021-05-20,11557,1443879,6919,806801,4324,591438,314,45640,5201,171467,6317,657667,5514,829134,California
San Bernardino,2021-05-21,12577,1456456,8330,815131,3868,595306,379,46019,5460,170238,7065,664732,5836,834970,California
San Bernardino,2021-05-22,8873,1465329,6640,821771,2024,597330,209,46228,4250,170115,4578,669310,4455,839425,California
San Bernardino,2021-05-23,2290,1467619,1415,823186,784,598114,91,46319,1087,170098,1194,670504,1177,840602,California
San Bernardino,2021-05-24,6592,1474211,4131,827317,2159,600273,302,46621,2883,169618,3665,674169,3185,843787,California
San Bernardino,2021-05-25,9269,1483480,5688,833005,3325,603598,256,46877,4136,168910,5102,679271,4394,848181,California
San Bernardino,2021-05-26,8184,1491664,5196,838201,2741,606339,247,47124,3791,168586,4358,683629,4034,852215,California
San Bernardino,2021-05-27,7605,1499269,4616,842817,2754,609093,235,47359,3489,168233,4076,687705,3723,855938,California
San Bernardino,2021-05-28,8760,1508029,5454,848271,3039,612132,267,47626,4397,168574,4321,692026,4662,860600,California
San Bernardino,2021-05-29,5013,1513042,3340,851611,1558,613690,115,47741,2630,168953,2365,694391,2744,863344,California
San Bernardino,2021-05-30,1756,1514798,1242,852853,432,614122,82,47823,911,169106,839,695230,992,864336,California
San Bernardino,2021-05-31,891,1515689,566,853419,309,614431,16,47839,321,168877,566,695796,337,864673,California
San Bernardino,2021-06-01,8605,1524294,5564,858983,2799,617230,242,48081,3536,167640,5013,700809,3776,868449,California
San Bernardino,2021-06-02,6807,1531101,4287,863270,2282,619512,238,48319,2963,167029,3810,704619,3199,871648,California
San Bernardino,2021-06-03,7885,1538986,5336,868606,2368,621880,181,48500,2767,164883,5094,709713,2948,874596,California
San Bernardino,2021-06-04,9055,1548041,6143,874749,2620,624500,292,48792,3259,162682,5750,715463,3549,878145,California
San Bernardino,2021-06-05,6481,1554522,4963,879712,1393,625893,125,48917,2335,161016,4123,719586,2457,880602,California
San Bernardino,2021-06-06,2015,1556537,1678,881390,273,626166,64,48981,846,160765,1161,720747,910,881512,California
San Bernardino,2021-06-07,6195,1562732,4835,886225,1151,627317,209,49190,1992,158781,4182,724929,2198,883710,California
San Bernardino,2021-06-08,8262,1570994,6009,892234,2037,629354,216,49406,2711,156219,5485,730414,2923,886633,California
San Bernardino,2021-06-09,5694,1576688,4004,896238,1535,630889,155,49561,1800,154318,3855,734269,1954,888587,California
San Bernardino,2021-06-10,5620,1582308,3979,900217,1476,632365,165,49726,1678,152256,3907,738176,1845,890432,California
San Bernardino,2021-06-11,5415,1587723,3560,903777,1671,634036,184,49910,1868,150787,3518,741694,2049,892481,California
San Bernardino,2021-06-12,4544,1592267,3695,907472,778,634814,71,49981,1196,148726,3327,745021,1266,893747,California
San Bernardino,2021-06-13,292,1592559,184,907656,97,634911,11,49992,110,148667,180,745201,121,893868,California
San Diego,2020-12-15,120,120,120,120,0,0,0,0,120,120,0,0,120,120,California
San Diego,2020-12-16,1105,1225,1105,1225,0,0,0,0,1105,1225,0,0,1105,1225,California
San Diego,2020-12-17,2351,3576,2351,3576,0,0,0,0,2351,3576,0,0,2351,3576,California
San Diego,2020-12-18,3674,7250,3673,7249,1,1,0,0,3674,7250,0,0,3674,7250,California
San Diego,2020-12-19,2313,9563,2313,9562,0,1,0,0,2313,9563,0,0,2313,9563,California
San Diego,2020-12-20,1188,10751,1187,10749,1,2,0,0,1188,10751,0,0,1188,10751,California
San Diego,2020-12-21,3524,14275,3522,14271,2,4,0,0,3524,14275,0,0,3524,14275,California
San Diego,2020-12-22,4064,18339,3420,17691,644,648,0,0,4064,18339,0,0,4064,18339,California
San Diego,2020-12-23,3180,21519,1978,19669,1202,1850,0,0,3180,21519,0,0,3180,21519,California
San Diego,2020-12-24,2736,24255,2219,21888,517,2367,0,0,2736,24255,0,0,2736,24255,California
San Diego,2020-12-25,876,25131,875,22763,1,2368,0,0,876,25131,0,0,876,25131,California
San Diego,2020-12-26,3289,28420,2141,24904,1148,3516,0,0,3289,28420,0,0,3289,28420,California
San Diego,2020-12-27,2511,30931,1619,26523,892,4408,0,0,2510,30929,1,1,2510,30930,California
San Diego,2020-12-28,5913,36844,4226,30749,1687,6095,0,0,5913,36842,0,1,5913,36843,California
San Diego,2020-12-29,5577,42421,3003,33752,2574,8669,0,0,5577,42419,0,1,5577,42420,California
San Diego,2020-12-30,5952,48373,3105,36857,2847,11516,0,0,5952,48371,0,1,5952,48372,California
San Diego,2020-12-31,3036,51409,1053,37910,1983,13499,0,0,3036,51407,0,1,3036,51408,California
San Diego,2021-01-01,1006,52415,452,38362,554,14053,0,0,1006,52413,0,1,1006,52414,California
San Diego,2021-01-02,3748,56163,1304,39666,2444,16497,0,0,3748,56161,0,1,3748,56162,California
San Diego,2021-01-03,858,57021,633,40299,225,16722,0,0,857,57018,0,1,857,57019,California
San Diego,2021-01-04,3708,60729,2055,42354,1653,18375,0,0,3701,60719,0,1,3701,60720,California
San Diego,2021-01-05,4382,65111,2186,44540,2196,20571,0,0,3766,63885,612,613,3778,64498,California
San Diego,2021-01-06,4947,70058,2290,46830,2657,23228,0,0,3713,66391,1211,1824,3717,68215,California
San Diego,2021-01-07,5669,75727,2985,49815,2684,25912,0,0,3507,67751,2155,3979,3515,71730,California
San Diego,2021-01-08,7865,83592,4943,54758,2922,28834,0,0,4077,68076,3771,7750,4096,75826,California
San Diego,2021-01-09,3502,87094,1942,56700,1560,30394,0,0,1952,68501,1538,9288,1963,77789,California
San Diego,2021-01-10,1882,88976,1295,57995,587,30981,0,0,778,68197,1092,10380,788,78577,California
San Diego,2021-01-11,10342,99318,5865,63860,4477,35458,0,0,6808,71497,3527,13907,6827,85404,California
San Diego,2021-01-12,11206,110524,5317,69177,5889,41347,0,0,7827,76067,3370,17277,7940,93344,California
San Diego,2021-01-13,11518,122042,5059,74236,6459,47806,0,0,8971,82528,2535,19812,8996,102340,California
San Diego,2021-01-14,12371,134413,4749,78985,7622,55428,0,0,10200,90602,2163,21975,10237,112577,California
San Diego,2021-01-15,15134,149547,5355,84340,9779,65207,0,0,12486,100515,2629,24604,12542,125119,California
San Diego,2021-01-16,10777,160324,3593,87933,7184,72391,0,0,9331,108437,1441,26045,9363,134482,California
San Diego,2021-01-17,8688,169012,2500,90433,6188,78579,0,0,7848,115465,840,26885,7868,142350,California
San Diego,2021-01-18,12884,181896,6318,96751,6566,85145,0,0,10034,122742,2818,29703,10095,152445,California
San Diego,2021-01-19,14609,196505,5677,102428,8932,94077,0,0,11493,131398,3106,32809,11762,164207,California
San Diego,2021-01-20,18334,214839,6390,108818,11944,106021,0,0,15005,143280,3309,36118,15191,179398,California
San Diego,2021-01-21,17307,232146,5782,114600,11525,117546,0,0,15920,157965,1378,37496,16063,195461,California
San Diego,2021-01-22,17580,249726,4651,119251,12929,130475,0,0,15545,171572,2021,39517,15628,211089,California
San Diego,2021-01-23,14485,264211,5271,124522,9214,139689,0,0,12126,181412,2348,41865,12188,223277,California
San Diego,2021-01-24,11860,276071,3299,127821,8561,148250,0,0,10883,191363,975,42840,10926,234203,California
San Diego,2021-01-25,12254,288325,5778,133599,6476,154726,0,0,9230,197735,3016,45856,9388,243591,California
San Diego,2021-01-26,15140,303465,7843,141442,7297,162023,0,0,11744,206274,3394,49250,11933,255524,California
San Diego,2021-01-27,20575,324040,7926,149368,12649,174672,0,0,17553,220958,3013,52263,17697,273221,California
San Diego,2021-01-28,21298,345338,7633,157001,13665,188337,0,0,19019,237798,2268,54531,19108,292329,California
San Diego,2021-01-29,19637,364975,6376,163377,13261,201598,0,0,17194,252610,2433,56964,17245,309574,California
San Diego,2021-01-30,15825,380800,3579,166956,12246,213844,0,0,13137,263169,2678,59642,13237,322811,California
San Diego,2021-01-31,14778,395578,5721,172677,9057,222901,0,0,14415,277259,359,60001,14449,337260,California
San Diego,2021-02-01,20846,416424,7545,180222,13301,236202,0,0,17283,291078,3550,63551,17369,354629,California
San Diego,2021-02-02,22918,439342,8375,188597,14543,250745,0,0,19643,307626,3266,66817,19814,374443,California
San Diego,2021-02-03,27448,466790,11538,200135,15910,266655,0,0,23129,326649,4300,71117,23323,397766,California
San Diego,2021-02-04,24160,490950,9792,209927,14368,281023,0,0,19524,341844,4619,75736,19814,417580,California
San Diego,2021-02-05,24886,515836,8839,218766,16047,297070,0,0,18183,353817,6678,82414,18651,436231,California
San Diego,2021-02-06,20759,536595,8534,227300,12225,309295,0,0,17506,368298,3250,85664,17731,453962,California
San Diego,2021-02-07,12141,548736,5376,232676,6765,316060,0,0,10255,376938,1875,87539,10515,464477,California
San Diego,2021-02-08,20117,568853,8520,241196,11597,327657,0,0,12659,382844,7447,94986,13353,477830,California
San Diego,2021-02-09,20501,589354,8328,249524,12173,339830,0,0,13188,389823,7292,102278,14271,492101,California
San Diego,2021-02-10,22964,612318,9328,258852,13636,353466,0,0,13831,395960,9079,111357,15216,507317,California
San Diego,2021-02-11,23852,636170,10184,269036,13668,367134,0,0,12762,399357,11063,122420,14460,521777,California
San Diego,2021-02-12,23825,659995,7428,276464,16397,383531,0,0,11849,401533,11959,134379,14135,535912,California
San Diego,2021-02-13,20024,680019,9017,285481,11007,394538,0,0,10890,404501,9127,143506,12095,548007,California
San Diego,2021-02-14,11188,691207,7431,292912,3757,398295,0,0,6319,407473,4865,148371,7837,555844,California
San Diego,2021-02-15,15253,706460,7740,300652,7513,405808,0,0,7805,410922,7426,155797,10875,566719,California
San Diego,2021-02-16,19306,725766,11278,311930,8028,413836,0,0,9217,413056,10077,165874,12211,578930,California
San Diego,2021-02-17,23422,749188,11003,322933,12419,426255,0,0,8113,408970,15295,181169,11209,590139,California
San Diego,2021-02-18,23580,772768,12006,334939,11574,437829,0,0,7760,405023,15809,196978,11862,602001,California
San Diego,2021-02-19,15913,788681,10919,345858,4994,442823,0,0,6618,404357,9277,206255,8611,610612,California
San Diego,2021-02-20,10265,798946,6363,352221,3902,446725,0,0,5787,407593,4475,210730,7711,618323,California
San Diego,2021-02-21,11580,810526,10165,362386,1415,448140,0,0,5180,407905,6394,217124,6706,625029,California
San Diego,2021-02-22,12461,822987,10596,372982,1865,450005,0,0,5751,408609,6704,223828,7408,632437,California
San Diego,2021-02-23,25860,848847,14482,387464,11378,461383,0,0,9599,407873,16251,240079,15515,647952,California
San Diego,2021-02-24,28949,877796,12756,400220,16193,477576,0,0,6825,400049,22104,262183,14280,662232,California
San Diego,2021-02-25,33190,910986,14706,414926,18484,496060,0,0,10092,395489,23078,285261,18518,680750,California
San Diego,2021-02-26,33488,944474,12404,427330,21084,517144,0,0,12096,393357,21362,306623,19230,699980,California
San Diego,2021-02-27,21243,965717,9683,437013,11560,528704,0,0,11429,399263,9808,316431,15714,715694,California
San Diego,2021-02-28,15281,980998,9986,446999,5295,533999,0,0,9507,405794,5773,322204,12304,727998,California
San Diego,2021-03-01,24256,1005254,14315,461314,9939,543938,2,2,14713,414925,9465,331669,18596,746594,California
San Diego,2021-03-02,26172,1031426,14087,475401,12085,556023,0,2,12734,420942,13427,345096,19444,766038,California
San Diego,2021-03-03,34036,1065462,15958,491359,18075,574098,3,5,14054,421971,19962,365058,20991,787029,California
San Diego,2021-03-04,28313,1093775,14110,505469,14203,588301,0,5,12593,425643,15698,380756,19370,806399,California
San Diego,2021-03-05,29008,1122783,14915,520384,14011,602312,82,87,13495,430476,15487,396243,20320,826719,California
San Diego,2021-03-06,23429,1146212,9584,529968,13144,615456,701,788,10324,433109,13094,409337,15727,842446,California
San Diego,2021-03-07,18239,1164451,9329,539297,8339,623795,571,1359,6909,432941,11322,420659,11154,853600,California
San Diego,2021-03-08,23105,1187556,11231,550528,10965,634760,909,2268,11442,438543,11642,432301,17244,870844,California
San Diego,2021-03-09,25892,1213448,11974,562502,12159,646919,1759,4027,10103,438576,15774,448075,15807,886651,California
San Diego,2021-03-10,25533,1238981,10787,573289,12348,659267,2398,6425,10076,439703,15442,463517,16569,903220,California
San Diego,2021-03-11,28626,1267607,11002,584291,14026,673293,3598,10023,9934,438549,18667,482184,17513,920733,California
San Diego,2021-03-12,27296,1294903,9568,593859,14589,687882,3139,13162,9984,438087,17300,499484,16838,937571,California
San Diego,2021-03-13,26220,1321123,7283,601142,17144,705026,1793,14955,10114,438078,16099,515583,16090,953661,California
San Diego,2021-03-14,13879,1335002,5496,606638,7643,712669,740,15695,4795,436881,9076,524659,7879,961540,California
San Diego,2021-03-15,22034,1357036,10168,616806,11083,723752,783,16478,9005,436770,13015,537674,12904,974444,California
San Diego,2021-03-16,30002,1387038,15789,632595,13802,737554,411,16889,15718,441711,14260,551934,19201,993645,California
San Diego,2021-03-17,26339,1413377,12245,644840,13374,750928,720,17609,16773,451714,9550,561484,19553,1013198,California
San Diego,2021-03-18,31531,1444908,17815,662655,12796,763724,920,18529,17012,456702,14483,575967,19471,1032669,California
San Diego,2021-03-19,30375,1475283,14413,677068,14917,778641,1045,19574,19405,467411,10949,586916,21658,1054327,California
San Diego,2021-03-20,27910,1503193,8460,685528,17646,796287,1804,21378,21433,485292,6466,593382,24347,1078674,California
San Diego,2021-03-21,16577,1519770,12101,697629,3759,800046,717,22095,7696,486173,8867,602249,9748,1088422,California
San Diego,2021-03-22,22562,1542332,13155,710784,9124,809170,283,22378,14330,495334,8221,610470,17382,1105804,California
San Diego,2021-03-23,26002,1568334,13636,724420,12082,821252,284,22662,17105,505888,8882,619352,19436,1125240,California
San Diego,2021-03-24,29588,1597922,19777,744197,9422,830674,389,23051,17087,512943,12488,631840,19543,1144783,California
San Diego,2021-03-25,30416,1628338,18323,762520,11403,842077,690,23741,17993,521349,12407,644247,20813,1165596,California
San Diego,2021-03-26,32173,1660511,17948,780468,13650,855727,575,24316,17493,527602,14653,658900,20906,1186502,California
San Diego,2021-03-27,25522,1686033,11050,791518,14079,869806,393,24709,15691,536130,9815,668715,18343,1204845,California
San Diego,2021-03-28,15092,1701125,9245,800763,5790,875596,57,24766,9266,541110,5819,674534,10799,1215644,California
San Diego,2021-03-29,26757,1727882,12937,813700,13187,888783,633,25399,16447,550348,10299,684833,19537,1235181,California
San Diego,2021-03-30,33259,1761141,17907,831607,14560,903343,792,26191,22019,563761,11227,696060,24640,1259821,California
San Diego,2021-03-31,30493,1791634,18807,850414,10978,914321,708,26899,20637,576372,9840,705900,22451,1282272,California
San Diego,2021-04-01,34361,1825995,20067,870481,12793,927114,1501,28400,23241,591340,11100,717000,26068,1308340,California
San Diego,2021-04-02,35822,1861817,20686,891167,12326,939440,2810,31210,24117,608018,11687,728687,28365,1336705,California
San Diego,2021-04-03,30894,1892711,14476,905643,11801,951241,4617,35827,19730,622418,11151,739838,25551,1362256,California
San Diego,2021-04-04,9062,1901773,5209,910852,2925,954166,928,36755,4815,624103,4242,744080,5927,1368183,California
San Diego,2021-04-05,29779,1931552,15415,926267,11710,965876,2654,39409,19390,638270,10374,754454,24541,1392724,California
San Diego,2021-04-06,38772,1970324,20397,946664,12455,978331,5920,45329,22328,652209,16427,770881,30366,1423090,California
San Diego,2021-04-07,35870,2006194,21997,968661,9295,987626,4578,49907,20317,662791,15531,786412,26113,1449203,California
San Diego,2021-04-08,35269,2041463,21383,990044,9713,997339,4173,54080,21302,676905,13950,800362,28064,1477267,California
San Diego,2021-04-09,38450,2079913,22937,1012981,10296,1007635,5217,59297,20782,688624,17603,817965,29322,1506589,California
San Diego,2021-04-10,29208,2109121,11790,1024771,13407,1021042,4011,63308,15096,696662,14103,832068,22141,1528730,California
San Diego,2021-04-11,16265,2125386,10080,1034851,3871,1024913,2314,65622,7231,700192,9030,841098,12560,1541290,California
San Diego,2021-04-12,30865,2156251,12869,1047720,13668,1038581,4328,69950,17161,711677,13690,854788,25175,1566465,California
San Diego,2021-04-13,37245,2193496,17804,1065524,19405,1057986,36,69986,24777,726888,12446,867234,27657,1594122,California
San Diego,2021-04-14,33099,2226595,18933,1084457,14153,1072139,13,69999,17880,733949,15209,882443,22270,1616392,California
San Diego,2021-04-15,39591,2266186,20392,1104849,19194,1091333,5,70004,24108,745469,15462,897905,26982,1643374,California
San Diego,2021-04-16,33855,2300041,18593,1123442,15259,1106592,3,70007,19612,753302,14183,912088,22016,1665390,California
San Diego,2021-04-17,27911,2327952,13541,1136983,14370,1120962,0,70007,12350,753254,15468,927556,15420,1680810,California
San Diego,2021-04-18,14497,2342449,8911,1145894,5583,1126545,3,70010,6745,755227,7738,935294,9711,1690521,California
San Diego,2021-04-19,26607,2369056,13581,1159475,13025,1139570,1,70011,12506,755417,14083,949377,14273,1704794,California
San Diego,2021-04-20,39096,2408152,17824,1177299,21270,1160840,2,70013,19914,759157,19163,968540,22903,1727697,California
San Diego,2021-04-21,35071,2443223,20945,1198244,14126,1174966,0,70013,16967,761087,18068,986608,19998,1747695,California
San Diego,2021-04-22,44697,2487920,22965,1221209,21728,1196694,4,70017,22421,764310,22241,1008849,25464,1773159,California
San Diego,2021-04-23,42294,2530214,26040,1247249,16252,1212946,2,70019,15766,756761,26497,1035346,18948,1792107,California
San Diego,2021-04-24,34981,2565195,18874,1266123,16092,1229038,15,70034,15609,756230,19334,1054680,18803,1810910,California
San Diego,2021-04-25,12658,2577853,7715,1273838,4943,1233981,0,70034,5918,756792,6731,1061411,7293,1818203,California
San Diego,2021-04-26,33262,2611115,16666,1290504,16465,1250446,131,70165,11647,751492,21597,1083008,16297,1834500,California
San Diego,2021-04-27,44756,2655871,24598,1315102,19608,1270054,550,70715,19713,749917,25003,1108011,23428,1857928,California
San Diego,2021-04-28,38356,2694227,22640,1337742,15042,1285096,674,71389,17355,749223,20967,1128978,20273,1878201,California
San Diego,2021-04-29,38163,2732390,24302,1362044,13208,1298304,653,72042,15433,744334,22692,1151670,17803,1896004,California
San Diego,2021-04-30,38208,2770598,23152,1385196,13971,1312275,1085,73127,14950,738977,23221,1174891,17864,1913868,California
San Diego,2021-05-01,24380,2794978,10745,1395941,12991,1325266,644,73771,9579,736560,14792,1189683,12375,1926243,California
San Diego,2021-05-02,10727,2805705,7539,1403480,2602,1327868,586,74357,3283,733324,7440,1197123,4204,1930447,California
San Diego,2021-05-03,25341,2831046,12476,1415956,11707,1339575,1158,75515,9359,728678,15963,1213086,11317,1941764,California
San Diego,2021-05-04,31987,2863033,17651,1433607,13007,1352582,1329,76844,11543,722243,20418,1233504,13983,1955747,California
San Diego,2021-05-05,27750,2890783,17040,1450647,9419,1362001,1291,78135,10603,717969,17126,1250630,12852,1968599,California
San Diego,2021-05-06,28465,2919248,18838,1469485,8712,1370713,915,79050,10834,714600,17605,1268235,14236,1982835,California
San Diego,2021-05-07,29749,2948997,19535,1489020,9163,1379876,1051,80101,11067,709278,18646,1286881,13324,1996159,California
San Diego,2021-05-08,22796,2971793,10757,1499777,11320,1391196,719,80820,7279,703209,15495,1302376,9426,2005585,California
San Diego,2021-05-09,7561,2979354,5686,1505463,1467,1392663,408,81228,2663,701816,4892,1307268,3499,2009084,California
San Diego,2021-05-10,21662,3001016,8451,1513914,12397,1405060,814,82042,5918,694102,15718,1322986,8004,2017088,California
San Diego,2021-05-11,28241,3029257,11596,1525510,15827,1420887,818,82860,9884,688171,18336,1341322,12405,2029493,California
San Diego,2021-05-12,23179,3052436,12633,1538143,9666,1430553,880,83740,8654,684383,14500,1355822,10712,2040205,California
San Diego,2021-05-13,31485,3083921,19096,1557239,11760,1442313,629,84369,13200,682659,18231,1374053,16507,2056712,California
San Diego,2021-05-14,30824,3114745,19732,1576971,10245,1452558,847,85216,14072,682950,16717,1390770,17008,2073720,California
San Diego,2021-05-15,26261,3141006,16491,1593462,8938,1461496,832,86048,10918,680342,15292,1406062,12684,2086404,California
San Diego,2021-05-16,13324,3154330,10051,1603513,2700,1464196,573,86621,6685,681353,6628,1412690,7639,2094043,California
San Diego,2021-05-17,21455,3175785,13030,1616543,7667,1471863,758,87379,9009,679575,12411,1425101,10633,2104676,California
San Diego,2021-05-18,34248,3210033,19373,1635916,13999,1485862,876,88255,13389,674458,20827,1445928,15710,2120386,California
San Diego,2021-05-19,28545,3238578,17941,1653857,9793,1495655,811,89066,12187,672249,16330,1462258,14121,2134507,California
San Diego,2021-05-20,34796,3273374,19262,1673119,14704,1510359,830,89896,11793,663642,22974,1485232,14367,2148874,California
San Diego,2021-05-21,26963,3300337,17270,1690389,8688,1519047,1005,90901,10985,661120,15945,1501177,13423,2162297,California
San Diego,2021-05-22,21007,3321344,12075,1702464,7783,1526830,1149,92050,8584,659808,12403,1513580,11091,2173388,California
San Diego,2021-05-23,7304,3328648,5174,1707638,1811,1528641,319,92369,3503,660365,3779,1517359,4336,2177724,California
San Diego,2021-05-24,17692,3346340,9012,1716650,6776,1535417,1904,94273,6377,658195,11297,1528656,9127,2186851,California
San Diego,2021-05-25,24244,3370584,13262,1729912,9151,1544568,1831,96104,8616,654192,15600,1544256,11597,2198448,California
San Diego,2021-05-26,19213,3389797,10672,1740584,6525,1551093,2016,98120,6679,651402,12504,1556760,9714,2208162,California
San Diego,2021-05-27,20641,3410438,12064,1752648,6180,1557273,2397,100517,7039,648513,13585,1570345,10696,2218858,California
San Diego,2021-05-28,21194,3431632,13288,1765936,7185,1564458,721,101238,8435,646245,12744,1583089,10476,2229334,California
San Diego,2021-05-29,12002,3443634,7648,1773584,3861,1568319,493,101731,5254,645866,6735,1589824,6356,2235690,California
San Diego,2021-05-30,4723,3448357,3229,1776813,1108,1569427,386,102117,2081,645982,2637,1592461,2753,2238443,California
San Diego,2021-05-31,2611,3450968,1765,1778578,674,1570101,172,102289,884,645461,1723,1594184,1202,2239645,California
San Diego,2021-06-01,21365,3472333,11431,1790009,8296,1578397,1638,103927,6103,639031,15239,1609423,8809,2248454,California
San Diego,2021-06-02,17084,3489417,8835,1798844,6172,1584569,2077,106004,5603,636112,11459,1620882,8540,2256994,California
San Diego,2021-06-03,19269,3508686,12077,1810921,5383,1589952,1809,107813,5320,630497,13929,1634811,8314,2265308,California
San Diego,2021-06-04,19855,3528541,13905,1824826,5335,1595287,615,108428,5963,625256,13862,1648673,8621,2273929,California
San Diego,2021-06-05,15848,3544389,12065,1836891,2994,1598281,789,109217,4569,620454,11262,1659935,6460,2280389,California
San Diego,2021-06-06,5506,3549895,4477,1841368,713,1598994,316,109533,1741,619665,3757,1663692,2968,2283357,California
San Diego,2021-06-07,12725,3562620,8003,1849371,3374,1602368,1348,110881,3558,616306,9150,1672842,5791,2289148,California
San Diego,2021-06-08,20343,3582963,14373,1863744,4079,1606447,1891,112772,5110,609338,15220,1688062,8252,2297400,California
San Diego,2021-06-09,13200,3596163,8355,1872099,3018,1609465,1827,114599,3186,605041,10003,1698065,5706,2303106,California
San Diego,2021-06-10,14007,3610170,8876,1880975,3177,1612642,1954,116553,3240,600362,10752,1708817,6073,2309179,California
San Diego,2021-06-11,9144,3619314,5503,1886478,2442,1615084,1199,117752,2321,597630,6808,1715625,4076,2313255,California
San Diego,2021-06-12,5609,3624923,4683,1891161,663,1615747,263,118015,1565,595825,4042,1719667,2237,2315492,California
San Diego,2021-06-13,28,3624951,13,1891174,11,1615758,4,118019,12,595836,15,1719682,26,2315518,California
San Francisco,2020-12-15,8,8,8,8,0,0,0,0,8,8,0,0,8,8,California
San Francisco,2020-12-16,231,239,231,239,0,0,0,0,231,239,0,0,231,239,California
San Francisco,2020-12-17,417,656,417,656,0,0,0,0,417,656,0,0,417,656,California
San Francisco,2020-12-18,911,1567,910,1566,1,1,0,0,911,1567,0,0,911,1567,California
San Francisco,2020-12-19,608,2175,608,2174,0,1,0,0,608,2175,0,0,608,2175,California
San Francisco,2020-12-20,481,2656,481,2655,0,1,0,0,481,2656,0,0,481,2656,California
San Francisco,2020-12-21,1163,3819,1163,3818,0,1,0,0,1163,3819,0,0,1163,3819,California
San Francisco,2020-12-22,1405,5224,1371,5189,34,35,0,0,1405,5224,0,0,1405,5224,California
San Francisco,2020-12-23,1359,6583,1059,6248,300,335,0,0,1359,6583,0,0,1359,6583,California
San Francisco,2020-12-24,845,7428,503,6751,342,677,0,0,845,7428,0,0,845,7428,California
San Francisco,2020-12-25,35,7463,28,6779,7,684,0,0,35,7463,0,0,35,7463,California
San Francisco,2020-12-26,250,7713,154,6933,96,780,0,0,250,7713,0,0,250,7713,California
San Francisco,2020-12-27,272,7985,58,6991,214,994,0,0,272,7985,0,0,272,7985,California
San Francisco,2020-12-28,1279,9264,692,7683,587,1581,0,0,1279,9264,0,0,1279,9264,California
San Francisco,2020-12-29,1259,10523,629,8312,630,2211,0,0,1259,10523,0,0,1259,10523,California
San Francisco,2020-12-30,1499,12022,784,9096,715,2926,0,0,1499,12022,0,0,1499,12022,California
San Francisco,2020-12-31,981,13003,414,9510,567,3493,0,0,980,13002,0,0,980,13002,California
San Francisco,2021-01-01,103,13106,76,9586,27,3520,0,0,103,13105,0,0,103,13105,California
San Francisco,2021-01-02,343,13449,308,9894,35,3555,0,0,343,13448,0,0,343,13448,California
San Francisco,2021-01-03,300,13749,106,10000,194,3749,0,0,299,13746,1,1,299,13747,California
San Francisco,2021-01-04,1847,15596,1360,11360,487,4236,0,0,1844,15587,3,4,1844,15591,California
San Francisco,2021-01-05,2237,17833,1423,12783,814,5050,0,0,2198,17748,39,43,2200,17791,California
San Francisco,2021-01-06,1878,19711,1166,13949,712,5762,0,0,1607,19087,269,312,1608,19399,California
San Francisco,2021-01-07,2077,21788,1208,15157,869,6631,0,0,1603,20219,471,783,1603,21002,California
San Francisco,2021-01-08,2346,24134,1648,16805,698,7329,0,0,1481,20840,860,1643,1481,22483,California
San Francisco,2021-01-09,1403,25537,903,17708,500,7829,0,0,892,21224,510,2153,894,23377,California
San Francisco,2021-01-10,922,26459,542,18250,380,8209,0,0,463,21229,458,2611,463,23840,California
San Francisco,2021-01-11,2514,28973,1876,20126,638,8847,0,0,1407,21528,1108,3719,1407,25247,California
San Francisco,2021-01-12,3104,32077,2064,22190,1040,9887,0,0,1901,22230,1203,4922,1905,27152,California
San Francisco,2021-01-13,2843,34920,1612,23802,1231,11118,0,0,2003,23393,840,5762,2003,29155,California
San Francisco,2021-01-14,2454,37374,1109,24911,1345,12463,0,0,1889,24723,565,6327,1895,31050,California
San Francisco,2021-01-15,2756,40130,1149,26060,1607,14070,0,0,2364,26699,390,6717,2366,33416,California
San Francisco,2021-01-16,2274,42404,973,27033,1301,15371,0,0,2104,28635,170,6887,2106,35522,California
San Francisco,2021-01-17,1943,44347,534,27567,1409,16780,0,0,1725,30142,218,7105,1725,37247,California
San Francisco,2021-01-18,1388,45735,602,28169,786,17566,0,0,1122,31000,265,7370,1123,38370,California
San Francisco,2021-01-19,2596,48331,1484,29653,1112,18678,0,0,1840,32084,756,8126,1840,40210,California
San Francisco,2021-01-20,2788,51119,1140,30793,1648,20326,0,0,2024,33348,761,8887,2025,42235,California
San Francisco,2021-01-21,3337,54456,944,31737,2393,22719,0,0,2499,35010,837,9724,2499,44734,California
San Francisco,2021-01-22,3220,57676,650,32387,2570,25289,0,0,2772,37336,446,10170,2772,47506,California
San Francisco,2021-01-23,3097,60773,612,32999,2485,27774,0,0,2724,39689,372,10542,2725,50231,California
San Francisco,2021-01-24,2438,63211,366,33365,2072,29846,0,0,2204,41662,231,10773,2204,52435,California
San Francisco,2021-01-25,4657,67868,1839,35204,2818,32664,0,0,3062,43132,1593,12366,3063,55498,California
San Francisco,2021-01-26,4750,72618,2187,37391,2563,35227,0,0,3096,44582,1651,14017,3101,58599,California
San Francisco,2021-01-27,4395,77013,1992,39383,2403,37630,0,0,3081,46353,1312,15329,3083,61682,California
San Francisco,2021-01-28,3800,80813,1567,40950,2233,39863,0,0,2628,47816,1167,16496,2630,64312,California
San Francisco,2021-01-29,4761,85574,1691,42641,3070,42933,0,0,3471,50006,1284,17780,3474,67786,California
San Francisco,2021-01-30,3826,89400,1854,44495,1972,44905,0,0,3361,52907,464,18244,3365,71151,California
San Francisco,2021-01-31,2367,91767,829,45324,1538,46443,0,0,2214,54970,152,18396,2215,73366,California
San Francisco,2021-02-01,3991,95758,1709,47033,2282,48725,0,0,2914,56808,1077,19473,2915,76281,California
San Francisco,2021-02-02,4519,100277,1808,48841,2711,51436,0,0,2924,58142,1590,21063,2924,79205,California
San Francisco,2021-02-03,5080,105357,2385,51226,2695,54131,0,0,3763,60591,1315,22378,3764,82969,California
San Francisco,2021-02-04,5035,110392,2429,53655,2606,56737,0,0,3865,63288,1168,23546,3865,86834,California
San Francisco,2021-02-05,6007,116399,3247,56902,2760,59497,0,0,4651,66586,1354,24900,4652,91486,California
San Francisco,2021-02-06,5540,121939,3719,60621,1821,61318,0,0,4634,70320,902,25802,4636,96122,California
San Francisco,2021-02-07,4413,126352,3263,63884,1150,62468,0,0,3833,73579,577,26379,3836,99958,California
San Francisco,2021-02-08,6844,133196,4729,68613,2115,64583,0,0,5609,77972,1219,27598,5612,105570,California
San Francisco,2021-02-09,6006,139202,4056,72669,1950,66533,0,0,4445,80854,1564,29162,4446,110016,California
San Francisco,2021-02-10,6944,146146,4239,76908,2705,69238,0,0,5132,84183,1806,30968,5135,115151,California
San Francisco,2021-02-11,6791,152937,4042,80950,2749,71987,0,0,4958,87316,1828,32796,4961,120112,California
San Francisco,2021-02-12,5369,158306,2708,83658,2661,74648,0,0,3520,88986,1850,34646,3520,123632,California
San Francisco,2021-02-13,4415,162721,2592,86250,1823,76471,0,0,3072,90717,1343,35989,3074,126706,California
San Francisco,2021-02-14,3445,166166,2265,88515,1180,77651,0,0,2313,91901,1131,37120,2315,129021,California
San Francisco,2021-02-15,2781,168947,1509,90024,1272,78923,0,0,1673,92468,1106,38226,1673,130694,California
San Francisco,2021-02-16,5116,174063,2822,92846,2294,81217,0,0,2991,93347,2118,40344,2997,133691,California
San Francisco,2021-02-17,5339,179402,2606,95452,2733,83950,0,0,2956,93931,2373,42717,2957,136648,California
San Francisco,2021-02-18,5392,184794,2629,98081,2763,86713,0,0,2802,94149,2587,45304,2805,139453,California
San Francisco,2021-02-19,5683,190477,2664,100745,3019,89732,0,0,2946,94364,2732,48036,2947,142400,California
San Francisco,2021-02-20,4555,195032,2190,102935,2365,92097,0,0,1710,93239,2836,50872,1711,144111,California
San Francisco,2021-02-21,2902,197934,1530,104465,1372,93469,0,0,1287,92921,1606,52478,1288,145399,California
San Francisco,2021-02-22,5201,203135,3242,107707,1959,95428,0,0,2616,92965,2575,55053,2619,148018,California
San Francisco,2021-02-23,5617,208752,3200,110907,2417,97845,0,0,2869,93093,2741,57794,2869,150887,California
San Francisco,2021-02-24,9146,217898,5176,116083,3970,101815,0,0,4885,93730,4249,62043,4886,155773,California
San Francisco,2021-02-25,10054,227952,7028,123111,3026,104841,0,0,6458,96597,3593,65636,6460,162233,California
San Francisco,2021-02-26,12415,240367,8072,131183,4343,109184,0,0,7330,98846,5082,70718,7331,169564,California
San Francisco,2021-02-27,9437,249804,6083,137266,3352,112536,2,2,4689,98803,4734,75452,4691,174255,California
San Francisco,2021-02-28,7972,257776,5710,142976,2262,114798,0,2,3880,98595,4089,79541,3881,178136,California
San Francisco,2021-03-01,11477,269253,7762,150738,3710,118508,5,7,5568,98288,5882,85423,5575,183711,California
San Francisco,2021-03-02,10055,279308,6792,157530,3263,121771,0,7,5670,99585,4374,89797,5671,189382,California
San Francisco,2021-03-03,11348,290656,6611,164141,4736,126507,1,8,6167,100590,5166,94963,6171,195553,California
San Francisco,2021-03-04,8853,299509,5576,169717,3277,129784,0,8,4982,101712,3860,98823,4982,200535,California
San Francisco,2021-03-05,9267,308776,5698,175415,3565,133349,4,12,5787,104040,3464,102287,5792,206327,California
San Francisco,2021-03-06,7163,315939,4698,180113,2258,135607,207,219,4464,105997,2711,104998,4668,210995,California
San Francisco,2021-03-07,5437,321376,4247,184360,1130,136737,60,279,3127,106862,2322,107320,3187,214182,California
San Francisco,2021-03-08,7562,328938,5494,189854,1879,138616,189,468,5979,111415,1614,108934,6167,220349,California
San Francisco,2021-03-09,8356,337294,5539,195393,2442,141058,375,843,6097,115621,2261,111195,6467,226816,California
San Francisco,2021-03-10,11268,348562,6627,202020,4140,145198,501,1344,7070,119016,4176,115371,7571,234387,California
San Francisco,2021-03-11,10139,358701,6390,208410,2783,147981,966,2310,6659,123170,3463,118834,7617,242004,California
San Francisco,2021-03-12,10904,369605,6375,214785,3183,151164,1346,3656,6079,125786,4804,123638,7420,249424,California
San Francisco,2021-03-13,6727,376332,3948,218733,1717,152881,1062,4718,4188,128503,2530,126168,5247,254671,California
San Francisco,2021-03-14,7592,383924,4939,223672,2408,155289,245,4963,3985,129142,3589,129757,4228,258899,California
San Francisco,2021-03-15,12147,396071,9296,232968,1906,157195,945,5908,8417,134778,3713,133470,9349,268248,California
San Francisco,2021-03-16,12258,408329,8357,241325,3441,160636,460,6368,8828,140658,3407,136877,9287,277535,California
San Francisco,2021-03-17,13389,421718,8300,249625,4521,165157,568,6936,9626,147114,3733,140610,10189,287724,California
San Francisco,2021-03-18,10124,431842,6880,256505,2620,167777,624,7560,5730,149090,4370,144980,6346,294070,California
San Francisco,2021-03-19,12441,444283,9086,265591,2885,170662,470,8030,6461,150060,5953,150933,6923,300993,California
San Francisco,2021-03-20,8916,453199,6559,272150,1889,172551,468,8498,5177,152000,3707,154640,5647,306640,California
San Francisco,2021-03-21,6634,459833,6078,278228,418,172969,138,8636,3735,152990,2881,157521,3871,310511,California
San Francisco,2021-03-22,9895,469728,6870,285098,2179,175148,846,9482,5076,154109,4794,162315,5913,316424,California
San Francisco,2021-03-23,11308,481036,7498,292596,3158,178306,652,10134,6271,156020,5007,167322,6918,323342,California
San Francisco,2021-03-24,12420,493456,9518,302114,2364,180670,538,10672,6193,156559,6184,173506,6723,330065,California
San Francisco,2021-03-25,12006,505462,8769,310883,2670,183340,567,11239,5829,156846,6105,179611,6392,336457,California
San Francisco,2021-03-26,12057,517519,8369,319252,3455,186795,233,11472,5841,156735,6181,185792,6070,342527,California
San Francisco,2021-03-27,8816,526335,5919,325171,2547,189342,350,11822,3763,155814,5033,190825,4112,346639,California
San Francisco,2021-03-28,6701,533036,5353,330524,1306,190648,42,11864,2997,155172,3678,194503,3036,349675,California
San Francisco,2021-03-29,11645,544681,8024,338548,3436,194084,185,12049,4813,153367,6801,201304,4996,354671,California
San Francisco,2021-03-30,11687,556368,7327,345875,4070,198154,290,12339,5519,153033,6143,207447,5809,360480,California
San Francisco,2021-03-31,12324,568692,8208,354083,3815,201969,301,12640,4962,150963,7327,214774,5257,365737,California
San Francisco,2021-04-01,14019,582711,7444,361527,4873,206842,1702,14342,6017,150702,7962,222736,7701,373438,California
San Francisco,2021-04-02,14907,597618,6591,368118,6426,213268,1890,16232,6968,151633,7914,230650,8845,382283,California
San Francisco,2021-04-03,10611,608229,4926,373044,3859,217127,1826,18058,4862,152588,5729,236379,6684,388967,California
San Francisco,2021-04-04,9063,617292,4803,377847,2598,219725,1662,19720,3575,152348,5473,241852,5233,394200,California
San Francisco,2021-04-05,16097,633389,9861,387708,4344,224069,1892,21612,6261,150688,9806,251658,8146,402346,California
San Francisco,2021-04-06,16128,649517,9554,397262,4509,228578,2065,23677,6270,149184,9830,261488,8326,410672,California
San Francisco,2021-04-07,16901,666418,10056,407318,4606,233184,2239,25916,7008,148545,9867,271355,9228,419900,California
San Francisco,2021-04-08,14253,680671,6766,414084,3045,236229,4442,30358,4634,148009,9582,280937,9046,428946,California
San Francisco,2021-04-09,15895,696566,7675,421759,4845,241074,3375,33733,6612,148726,9250,290187,9967,438913,California
San Francisco,2021-04-10,13348,709914,5700,427459,5885,246959,1763,35496,7116,151386,6205,296392,8865,447778,California
San Francisco,2021-04-11,10065,719979,7540,434999,1349,248308,1176,36672,5213,152931,4838,301230,6383,454161,California
San Francisco,2021-04-12,10632,730611,6902,441901,2576,250884,1154,37826,4862,153195,5747,306977,6011,460172,California
San Francisco,2021-04-13,10870,741481,7368,449269,3490,254374,12,37838,5490,153349,5354,312331,5508,465680,California
San Francisco,2021-04-14,13365,754846,8053,457322,5311,259685,1,37839,6438,152903,6888,319219,6442,472122,California
San Francisco,2021-04-15,13837,768683,9591,466913,4245,263930,1,37840,8158,155417,5648,324867,8162,480284,California
San Francisco,2021-04-16,12987,781670,8727,475640,4216,268146,44,37884,7657,157823,5301,330168,7707,487991,California
San Francisco,2021-04-17,10143,791813,7326,482966,2816,270962,1,37885,7149,162001,2976,333144,7154,495145,California
San Francisco,2021-04-18,6609,798422,5047,488013,1560,272522,2,37887,4088,163590,2503,335647,4092,499237,California
San Francisco,2021-04-19,10899,809321,8190,496203,2704,275226,5,37892,6999,166721,3883,339530,7014,506251,California
San Francisco,2021-04-20,12359,821680,7240,503443,5117,280343,2,37894,8524,171439,3809,343339,8527,514778,California
San Francisco,2021-04-21,10604,832284,7579,511022,3020,283363,5,37899,6462,173794,4116,347455,6471,521249,California
San Francisco,2021-04-22,10476,842760,7747,518769,2728,286091,1,37900,6043,175438,4407,351862,6051,527300,California
San Francisco,2021-04-23,10364,853124,5938,524707,4426,290517,0,37900,6154,177420,4179,356041,6161,533461,California
San Francisco,2021-04-24,7959,861083,5483,530190,2476,292993,0,37900,4704,178899,3233,359274,4712,538173,California
San Francisco,2021-04-25,5049,866132,4348,534538,695,293688,6,37906,2953,179778,2084,361358,2963,541136,California
San Francisco,2021-04-26,8191,874323,5795,540333,2384,296072,12,37918,4073,179784,4091,365449,4097,545233,California
San Francisco,2021-04-27,8710,883033,5852,546185,2688,298760,170,38088,4344,179968,4340,369789,4524,549757,California
San Francisco,2021-04-28,9495,892528,6568,552753,2737,301497,190,38278,4974,180648,4489,374278,5169,554926,California
San Francisco,2021-04-29,9381,901909,5451,558204,3737,305234,193,38471,4605,180707,4751,379029,4810,559736,California
San Francisco,2021-04-30,10884,912793,5194,563398,5489,310723,201,38672,3973,178018,6868,385897,4179,563915,California
San Francisco,2021-05-01,6947,919740,3588,566986,3244,313967,115,38787,1703,174627,5209,391106,1818,565733,California
San Francisco,2021-05-02,5318,925058,3081,570067,2139,316106,98,38885,964,171348,4345,395451,1066,566799,California
San Francisco,2021-05-03,9685,934743,6598,576665,2925,319031,162,39047,2459,166779,7197,402648,2628,569427,California
San Francisco,2021-05-04,9375,944118,6004,582669,3121,322152,250,39297,2287,162266,7055,409703,2542,571969,California
San Francisco,2021-05-05,8765,952883,6125,588794,2332,324484,308,39605,2143,158143,6577,416280,2454,574423,California
San Francisco,2021-05-06,10735,963618,8577,597371,1685,326169,473,40078,1843,151602,8858,425138,2317,576740,California
San Francisco,2021-05-07,10111,973729,6477,603848,3362,329531,272,40350,1633,145053,8452,433590,1903,578643,California
San Francisco,2021-05-08,8378,982107,3565,607413,4683,334214,130,40480,974,138786,7372,440962,1105,579748,California
San Francisco,2021-05-09,6689,988796,5828,613241,779,334993,82,40562,1216,134628,5450,446412,1292,581040,California
San Francisco,2021-05-10,6984,995780,4955,618196,1778,336771,251,40813,1044,130009,5912,452324,1293,582333,California
San Francisco,2021-05-11,7387,1003167,5310,623506,1859,338630,218,41031,1445,125762,5909,458233,1662,583995,California
San Francisco,2021-05-12,8110,1011277,5914,629420,1740,340370,456,41487,1853,121842,6224,464457,2304,586299,California
San Francisco,2021-05-13,11056,1022333,8117,637537,2713,343083,226,41713,4181,119407,6847,471304,4412,590711,California
San Francisco,2021-05-14,9290,1031623,6577,644114,2541,345624,172,41885,3006,116340,6254,477558,3187,593898,California
San Francisco,2021-05-15,7900,1039523,6254,650368,1590,347214,56,41941,3104,114732,4780,482338,3172,597070,California
San Francisco,2021-05-16,4971,1044494,4189,654557,723,347937,59,42000,1844,113527,3108,485446,1903,598973,California
San Francisco,2021-05-17,7238,1051732,5389,659946,1683,349620,166,42166,2468,111413,4751,490197,2637,601610,California
San Francisco,2021-05-18,8684,1060416,4973,664919,3536,353156,175,42341,1958,106867,6680,496877,2134,603744,California
San Francisco,2021-05-19,7454,1067870,5535,670454,1688,354844,231,42572,2435,104539,4991,501868,2663,606407,California
San Francisco,2021-05-20,5941,1073811,4001,674455,1689,356533,251,42823,1638,102157,4267,506135,1885,608292,California
San Francisco,2021-05-21,7186,1080997,4070,678525,2931,359464,185,43008,1832,98860,5309,511444,2012,610304,California
San Francisco,2021-05-22,4764,1085761,3610,682135,1066,360530,88,43096,2173,98550,2570,514014,2260,612564,California
San Francisco,2021-05-23,1824,1087585,1388,683523,362,360892,74,43170,834,98475,983,514997,908,613472,California
San Francisco,2021-05-24,4034,1091619,2854,686377,1017,361909,163,43333,1197,97023,2812,517809,1360,614832,California
San Francisco,2021-05-25,3690,1095309,2405,688782,1064,362973,221,43554,1098,95764,2574,520383,1315,616147,California
San Francisco,2021-05-26,3928,1099237,2540,691322,1242,364215,146,43700,1142,94290,2762,523145,1288,617435,California
San Francisco,2021-05-27,3698,1102935,2137,693459,1384,365599,177,43877,1200,93180,2487,525632,1377,618812,California
San Francisco,2021-05-28,3766,1106701,2152,695611,1453,367052,161,44038,1345,92289,2396,528028,1505,620317,California
San Francisco,2021-05-29,2020,1108721,1464,697075,456,367508,100,44138,880,92143,1120,529148,974,621291,California
San Francisco,2021-05-30,961,1109682,691,697766,233,367741,37,44175,399,92021,558,529706,436,621727,California
San Francisco,2021-05-31,254,1109936,207,697973,40,367781,7,44182,85,91945,168,529874,92,621819,California
San Francisco,2021-06-01,3564,1113500,2154,700127,1223,369004,187,44369,1249,91079,2299,532173,1433,623252,California
San Francisco,2021-06-02,2427,1115927,1752,701879,552,369556,123,44492,894,90570,1521,533694,1012,624264,California
San Francisco,2021-06-03,3963,1119890,2724,704603,1035,370591,204,44696,1053,88930,2892,536586,1252,625516,California
San Francisco,2021-06-04,5700,1125590,4827,709430,737,371328,136,44832,1395,86184,4272,540858,1526,627042,California
San Francisco,2021-06-05,3680,1129270,3111,712541,422,371750,147,44979,956,84573,2710,543568,1099,628141,California
San Francisco,2021-06-06,2314,1131584,2165,714706,111,371861,38,45017,508,83319,1800,545368,546,628687,California
San Francisco,2021-06-07,3621,1135205,3006,717712,481,372342,134,45151,954,81754,2650,548018,1085,629772,California
San Francisco,2021-06-08,2795,1138000,2198,719910,431,372773,166,45317,845,80826,1933,549951,1005,630777,California
San Francisco,2021-06-09,1930,1139930,1586,721496,236,373009,108,45425,566,80150,1348,551299,672,631449,California
San Francisco,2021-06-10,2104,1142034,1650,723146,294,373303,160,45585,684,79583,1409,552708,842,632291,California
San Francisco,2021-06-11,2151,1144185,1727,724873,302,373605,122,45707,637,78843,1499,554207,759,633050,California
San Francisco,2021-06-12,2679,1146864,2398,727271,198,373803,83,45790,605,77466,2061,556268,684,633734,California
San Francisco,2021-06-13,501,1147365,477,727748,5,373808,19,45809,150,77288,347,556615,169,633903,California
San Joaquin,2020-12-15,14,14,14,14,0,0,0,0,14,14,0,0,14,14,California
San Joaquin,2020-12-16,308,322,308,322,0,0,0,0,308,322,0,0,308,322,California
San Joaquin,2020-12-17,320,642,320,642,0,0,0,0,320,642,0,0,320,642,California
San Joaquin,2020-12-18,535,1177,531,1173,4,4,0,0,535,1177,0,0,535,1177,California
San Joaquin,2020-12-19,189,1366,189,1362,0,4,0,0,189,1366,0,0,189,1366,California
San Joaquin,2020-12-20,116,1482,115,1477,1,5,0,0,116,1482,0,0,116,1482,California
San Joaquin,2020-12-21,496,1978,495,1972,1,6,0,0,496,1978,0,0,496,1978,California
San Joaquin,2020-12-22,975,2953,856,2828,119,125,0,0,974,2952,0,0,974,2952,California
San Joaquin,2020-12-23,986,3939,927,3755,59,184,0,0,983,3935,2,2,985,3937,California
San Joaquin,2020-12-24,218,4157,189,3944,29,213,0,0,217,4152,1,3,218,4155,California
San Joaquin,2020-12-25,15,4172,15,3959,0,213,0,0,15,4167,0,3,15,4170,California
San Joaquin,2020-12-26,103,4275,31,3990,72,285,0,0,103,4270,0,3,103,4273,California
San Joaquin,2020-12-27,44,4319,31,4021,13,298,0,0,44,4314,0,3,44,4317,California
San Joaquin,2020-12-28,630,4949,425,4446,205,503,0,0,630,4944,0,3,630,4947,California
San Joaquin,2020-12-29,793,5742,664,5110,129,632,0,0,793,5737,0,3,793,5740,California
San Joaquin,2020-12-30,1012,6754,718,5828,294,926,0,0,1010,6747,2,5,1012,6752,California
San Joaquin,2020-12-31,456,7210,203,6031,253,1179,0,0,456,7203,1,6,457,7209,California
San Joaquin,2021-01-01,23,7233,13,6044,10,1189,0,0,23,7226,0,6,23,7232,California
San Joaquin,2021-01-02,268,7501,245,6289,23,1212,0,0,268,7494,0,6,268,7500,California
San Joaquin,2021-01-03,37,7538,20,6309,17,1229,0,0,36,7529,1,7,36,7536,California
San Joaquin,2021-01-04,480,8018,339,6648,141,1370,0,0,478,8006,1,8,478,8014,California
San Joaquin,2021-01-05,986,9004,651,7299,335,1705,0,0,815,8687,171,179,852,8866,California
San Joaquin,2021-01-06,1227,10231,711,8010,516,2221,0,0,922,9313,300,479,926,9792,California
San Joaquin,2021-01-07,1087,11318,688,8698,399,2620,0,0,789,9808,295,774,790,10582,California
San Joaquin,2021-01-08,1207,12525,825,9523,382,3002,0,0,713,10032,493,1267,717,11299,California
San Joaquin,2021-01-09,379,12904,300,9823,79,3081,0,0,247,10148,132,1399,248,11547,California
San Joaquin,2021-01-10,224,13128,116,9939,108,3189,0,0,171,10267,52,1451,171,11718,California
San Joaquin,2021-01-11,1534,14662,1326,11265,208,3397,0,0,867,10536,666,2117,935,12653,California
San Joaquin,2021-01-12,1485,16147,1070,12335,415,3812,0,0,698,10523,783,2900,770,13423,California
San Joaquin,2021-01-13,1543,17690,905,13240,638,4450,0,0,961,10912,579,3479,968,14391,California
San Joaquin,2021-01-14,1758,19448,975,14215,783,5233,0,0,1412,12017,325,3804,1430,15821,California
San Joaquin,2021-01-15,1535,20983,547,14762,988,6221,0,0,1302,13119,218,4022,1320,17141,California
San Joaquin,2021-01-16,1135,22118,181,14943,954,7175,0,0,1103,14191,31,4053,1103,18244,California
San Joaquin,2021-01-17,1629,23747,138,15081,1491,8666,0,0,1585,15735,43,4096,1587,19831,California
San Joaquin,2021-01-18,741,24488,238,15319,503,9169,0,0,620,16238,117,4213,620,20451,California
San Joaquin,2021-01-19,1880,26368,902,16221,978,10147,0,0,1197,16765,678,4891,1205,21656,California
San Joaquin,2021-01-20,2094,28462,1287,17508,807,10954,0,0,1445,17574,642,5533,1451,23107,California
San Joaquin,2021-01-21,1982,30444,901,18409,1081,12035,0,0,1583,18774,392,5925,1592,24699,California
San Joaquin,2021-01-22,1956,32400,895,19304,1061,13096,0,0,1814,20453,137,6062,1816,26515,California
San Joaquin,2021-01-23,900,33300,400,19704,500,13596,0,0,612,20780,287,6349,614,27129,California
San Joaquin,2021-01-24,352,33652,136,19840,216,13812,0,0,329,21089,20,6369,329,27458,California
San Joaquin,2021-01-25,2002,35654,1146,20986,856,14668,0,0,1432,21957,567,6936,1435,28893,California
San Joaquin,2021-01-26,2159,37813,1113,22099,1046,15714,0,0,1539,22889,613,7549,1545,30438,California
San Joaquin,2021-01-27,1743,39556,771,22870,972,16686,0,0,1241,23640,497,8046,1248,31686,California
San Joaquin,2021-01-28,2054,41610,775,23645,1279,17965,0,0,1391,24381,659,8705,1400,33086,California
San Joaquin,2021-01-29,2169,43779,1051,24696,1118,19083,0,0,1817,25861,346,9051,1826,34912,California
San Joaquin,2021-01-30,2175,45954,356,25052,1819,20902,0,0,1996,27681,178,9229,1998,36910,California
San Joaquin,2021-01-31,1557,47511,179,25231,1378,22280,0,0,1492,29110,64,9293,1493,38403,California
San Joaquin,2021-02-01,2532,50043,1341,26572,1191,23471,0,0,1769,30119,763,10056,1772,40175,California
San Joaquin,2021-02-02,2587,52630,1154,27726,1433,24904,0,0,1976,31548,551,10607,1980,42155,California
San Joaquin,2021-02-03,3079,55709,1213,28939,1866,26770,0,0,2208,32900,864,11471,2216,44371,California
San Joaquin,2021-02-04,3550,59259,1818,30757,1732,28502,0,0,2650,34662,894,12365,2656,47027,California
San Joaquin,2021-02-05,3170,62429,1806,32563,1364,29866,0,0,2341,36199,818,13183,2355,49382,California
San Joaquin,2021-02-06,1088,63517,748,33311,340,30206,0,0,945,37005,140,13323,946,50328,California
San Joaquin,2021-02-07,622,64139,493,33804,129,30335,0,0,418,37225,199,13522,419,50747,California
San Joaquin,2021-02-08,1789,65928,1037,34841,752,31087,0,0,1446,38357,320,13842,1452,52199,California
San Joaquin,2021-02-09,2132,68060,1159,36000,973,32060,0,0,1585,39468,477,14319,1588,53787,California
San Joaquin,2021-02-10,2574,70634,1250,37250,1324,33384,0,0,1346,39609,1206,15525,1347,55134,California
San Joaquin,2021-02-11,2922,73556,1486,38736,1436,34820,0,0,1703,40132,1187,16712,1710,56844,California
San Joaquin,2021-02-12,2825,76381,1130,39866,1695,36515,0,0,1604,40541,1200,17912,1609,58453,California
San Joaquin,2021-02-13,2118,78499,397,40263,1721,38236,0,0,851,40145,1253,19165,857,59310,California
San Joaquin,2021-02-14,1910,80409,260,40523,1650,39886,0,0,692,39652,1186,20351,693,60003,California
San Joaquin,2021-02-15,1985,82394,827,41350,1158,41044,0,0,1189,40079,766,21117,1193,61196,California
San Joaquin,2021-02-16,3165,85559,1377,42727,1788,42832,0,0,1750,40440,1400,22517,1761,62957,California
San Joaquin,2021-02-17,3284,88843,1269,43996,2015,44847,0,0,1870,40914,1400,23917,1874,64831,California
San Joaquin,2021-02-18,3355,92198,1383,45379,1972,46819,0,0,1915,41432,1403,25320,1921,66752,California
San Joaquin,2021-02-19,4276,96474,2418,47797,1858,48677,0,0,2393,41997,1828,27148,2393,69145,California
San Joaquin,2021-02-20,1560,98034,664,48461,896,49573,0,0,1061,42561,497,27645,1061,70206,California
San Joaquin,2021-02-21,674,98708,509,48970,165,49738,0,0,424,42740,247,27892,426,70632,California
San Joaquin,2021-02-22,3556,102264,2509,51479,1047,50785,0,0,2540,44297,987,28879,2544,73176,California
San Joaquin,2021-02-23,4321,106585,2625,54104,1696,52481,0,0,2656,45325,1634,30513,2662,75838,California
San Joaquin,2021-02-24,5776,112361,3431,57535,2345,54826,0,0,4147,47873,1603,32116,4151,79989,California
San Joaquin,2021-02-25,6383,118744,3950,61485,2433,57259,0,0,4117,49776,2224,34340,4127,84116,California
San Joaquin,2021-02-26,5526,124270,2862,64347,2664,59923,0,0,3793,51877,1698,36038,3799,87915,California
San Joaquin,2021-02-27,5490,129760,1634,65981,3856,63779,0,0,2653,51764,2778,38816,2665,90580,California
San Joaquin,2021-02-28,3113,132873,1126,67107,1987,65766,0,0,2053,52787,1032,39848,2055,92635,California
San Joaquin,2021-03-01,4144,137017,1825,68932,2316,68082,3,3,2350,53373,1776,41624,2362,94997,California
San Joaquin,2021-03-02,4229,141246,1685,70617,2544,70626,0,3,2654,54530,1552,43176,2709,97706,California
San Joaquin,2021-03-03,5813,147059,3452,74069,2359,72985,2,5,4191,57125,1597,44773,4192,101898,California
San Joaquin,2021-03-04,5728,152787,2273,76342,3452,76437,3,8,3744,58905,1968,46741,3748,105646,California
San Joaquin,2021-03-05,4472,157259,1905,78247,2562,78999,5,13,3088,60635,1367,48108,3097,108743,California
San Joaquin,2021-03-06,3306,160565,2176,80423,1000,79999,130,143,2724,62914,578,48686,2857,111600,California
San Joaquin,2021-03-07,1221,161786,563,80986,610,80609,48,191,935,63614,268,48954,968,112568,California
San Joaquin,2021-03-08,3149,164935,1259,82245,1766,82375,124,315,2141,64883,995,49949,2264,114832,California
San Joaquin,2021-03-09,4036,168971,1830,84075,2075,84450,131,446,2677,66354,1342,51291,2813,117645,California
San Joaquin,2021-03-10,4657,173628,2475,86550,2042,86492,140,586,3426,68705,1215,52506,3566,121211,California
San Joaquin,2021-03-11,4962,178590,2362,88912,2000,88492,600,1186,2944,70248,2005,54511,3548,124759,California
San Joaquin,2021-03-12,6302,184892,3149,92061,2815,91307,338,1524,4163,72643,2113,56624,4508,129267,California
San Joaquin,2021-03-13,3073,187965,1460,93521,1489,92796,124,1648,2289,74288,776,57400,2421,131688,California
San Joaquin,2021-03-14,2169,190134,676,94197,1189,93985,304,1952,1028,74490,1134,58534,1336,133024,California
San Joaquin,2021-03-15,6094,196228,3505,97702,2185,96170,404,2356,3183,75213,2877,61411,3600,136624,California
San Joaquin,2021-03-16,6868,203096,3908,101610,2702,98872,258,2614,4044,76720,2800,64211,4307,140931,California
San Joaquin,2021-03-17,7824,210920,4690,106300,3064,101936,70,2684,4345,77709,3435,67646,4424,145355,California
San Joaquin,2021-03-18,7659,218579,4505,110805,2648,104584,506,3190,3770,78148,3845,71491,4284,149639,California
San Joaquin,2021-03-19,7959,226538,4667,115472,2748,107332,544,3734,4806,80427,3129,74620,5408,155047,California
San Joaquin,2021-03-20,3693,230231,2131,117603,1319,108651,243,3977,1832,80672,1842,76462,2087,157134,California
San Joaquin,2021-03-21,2128,232359,1510,119113,411,109062,207,4184,1163,81162,952,77414,1442,158576,California
San Joaquin,2021-03-22,3988,236347,2045,121158,1527,110589,416,4600,2353,82318,1619,79033,2775,161351,California
San Joaquin,2021-03-23,5397,241744,2647,123805,2582,113171,168,4768,3718,84554,1657,80690,3893,165244,California
San Joaquin,2021-03-24,6860,248604,4253,128058,2518,115689,89,4857,3018,83866,3803,84493,3115,168359,California
San Joaquin,2021-03-25,5580,254184,3317,131375,2219,117908,44,4901,3301,84963,2256,86749,3353,171712,California
San Joaquin,2021-03-26,6202,260386,2569,133944,3482,121390,151,5052,3238,85436,2937,89686,3410,175122,California
San Joaquin,2021-03-27,4678,265064,2626,136570,1978,123368,74,5126,1806,84479,2848,92534,1891,177013,California
San Joaquin,2021-03-28,2739,267803,1811,138381,903,124271,25,5151,1266,84432,1453,93987,1406,178419,California
San Joaquin,2021-03-29,4056,271859,2191,140572,1842,126113,23,5174,2025,84481,2015,96002,2064,180483,California
San Joaquin,2021-03-30,6243,278102,3182,143754,2968,129081,93,5267,3435,85251,2778,98780,3548,184031,California
San Joaquin,2021-03-31,6610,284712,4162,147916,2388,131469,60,5327,3344,85433,3246,102026,3428,187459,California
San Joaquin,2021-04-01,6443,291155,2992,150908,3361,134830,90,5417,2849,84862,3569,105595,2998,190457,California
San Joaquin,2021-04-02,6358,297513,2886,153794,2978,137808,494,5911,2536,84127,3796,109391,3061,193518,California
San Joaquin,2021-04-03,4154,301667,2343,156137,1486,139294,325,6236,2006,84338,2132,111523,2343,195861,California
San Joaquin,2021-04-04,2291,303958,1365,157502,719,140013,207,6443,1546,85375,735,112258,1772,197633,California
San Joaquin,2021-04-05,4797,308755,2841,160343,1715,141728,241,6684,2643,86129,2141,114399,2895,200528,California
San Joaquin,2021-04-06,7076,315831,4545,164888,2255,143983,276,6960,3346,86067,3700,118099,3638,204166,California
San Joaquin,2021-04-07,8344,324175,4536,169424,2222,146205,1586,8546,3501,86341,4826,122925,5100,209266,California
San Joaquin,2021-04-08,8787,332962,4709,174133,1943,148148,2135,10681,3316,86349,5443,128368,5451,214717,California
San Joaquin,2021-04-09,8897,341859,4289,178422,3041,151189,1567,12248,3220,85501,5653,134021,4805,219522,California
San Joaquin,2021-04-10,5228,347087,1633,180055,1685,152874,1910,14158,1765,85723,3451,137472,3673,223195,California
San Joaquin,2021-04-11,4089,351176,1559,181614,1364,154238,1166,15324,1772,86349,2307,139779,2933,226128,California
San Joaquin,2021-04-12,6007,357183,2389,184003,2067,156305,1551,16875,2339,86598,3647,143426,3896,230024,California
San Joaquin,2021-04-13,7484,364667,4301,188304,3174,159479,9,16884,4586,88324,2875,146301,4601,234625,California
San Joaquin,2021-04-14,7562,372229,3814,192118,3746,163225,2,16886,4547,89891,2994,149295,4561,239186,California
San Joaquin,2021-04-15,7840,380069,4630,196748,3210,166435,0,16886,4384,90862,3422,152717,4393,243579,California
San Joaquin,2021-04-16,7653,387722,4090,200838,3560,169995,3,16889,4583,92417,3042,155759,4597,248176,California
San Joaquin,2021-04-17,5174,392896,2795,203633,2377,172372,2,16891,3673,94620,1490,157249,3693,251869,California
San Joaquin,2021-04-18,2485,395381,1382,205015,1103,173475,0,16891,1320,94798,1150,158399,1328,253197,California
San Joaquin,2021-04-19,5195,400576,2807,207822,2388,175863,0,16891,2767,95174,2401,160800,2777,255974,California
San Joaquin,2021-04-20,6248,406824,3303,211125,2945,178808,0,16891,2953,94870,3268,164068,2964,258938,California
San Joaquin,2021-04-21,5661,412485,3137,214262,2524,181332,0,16891,2925,95119,2684,166752,2933,261871,California
San Joaquin,2021-04-22,5316,417801,3145,217407,2169,183501,2,16893,3072,95994,2217,168969,3092,264963,California
San Joaquin,2021-04-23,5940,423741,2841,220248,3098,186599,1,16894,3760,97602,2159,171128,3767,268730,California
San Joaquin,2021-04-24,5264,429005,3627,223875,1636,188235,1,16895,3428,99229,1809,172937,3436,272166,California
San Joaquin,2021-04-25,3063,432068,2578,226453,485,188720,0,16895,2030,100256,1010,173947,2037,274203,California
San Joaquin,2021-04-26,4051,436119,2653,229106,1394,190114,4,16899,2163,100553,1876,175823,2173,276376,California
San Joaquin,2021-04-27,4626,440745,2665,231771,1899,192013,62,16961,1974,99966,2630,178453,2043,278419,California
San Joaquin,2021-04-28,5578,446323,3356,235127,2142,194155,80,17041,2767,100042,2782,181235,2858,281277,California
San Joaquin,2021-04-29,4916,451239,2879,238006,1980,196135,57,17098,2524,100263,2372,183607,2593,283870,California
San Joaquin,2021-04-30,4978,456217,2430,240436,2481,198616,67,17165,2580,100540,2381,185988,2658,286528,California
San Joaquin,2021-05-01,3354,459571,1916,242352,1379,199995,59,17224,2139,101545,1206,187194,2211,288739,California
San Joaquin,2021-05-02,2300,461871,1600,243952,644,200639,56,17280,1173,101652,1123,188317,1230,289969,California
San Joaquin,2021-05-03,3328,465199,2256,246208,999,201638,73,17353,1405,101231,1906,190223,1485,291454,California
San Joaquin,2021-05-04,4850,470049,3299,249507,1395,203033,156,17509,1786,100140,3044,193267,1953,293407,California
San Joaquin,2021-05-05,5063,475112,3502,253009,1398,204431,163,17672,2246,99768,2789,196056,2417,295824,California
San Joaquin,2021-05-06,4665,479777,3125,256134,1410,205841,130,17802,2034,99328,2615,198671,2175,297999,California
San Joaquin,2021-05-07,5117,484894,2954,259088,2010,207851,153,17955,1914,98224,3181,201852,2077,300076,California
San Joaquin,2021-05-08,3279,488173,2107,261195,1071,208922,101,18056,1213,97497,2050,203902,1323,301399,California
San Joaquin,2021-05-09,1484,489657,850,262045,564,209486,70,18126,592,97276,889,204791,668,302067,California
San Joaquin,2021-05-10,2815,492472,1479,263524,1211,210697,125,18251,931,96470,1867,206658,1061,303128,California
San Joaquin,2021-05-11,4197,496669,2212,265736,1864,212561,121,18372,1344,95130,2837,209495,1497,304625,California
San Joaquin,2021-05-12,4394,501063,2097,267833,2173,214734,124,18496,1461,93813,2917,212412,1600,306225,California
San Joaquin,2021-05-13,4707,505770,2732,270565,1886,216620,89,18585,1831,92886,2862,215274,1935,308160,California
San Joaquin,2021-05-14,5740,511510,3420,273985,2212,218832,108,18693,2424,92137,3289,218563,2540,310700,California
San Joaquin,2021-05-15,5231,516741,3110,277095,2042,220874,79,18772,1643,90304,3559,222122,1726,312426,California
San Joaquin,2021-05-16,3549,520290,2774,279869,726,221600,49,18821,1437,89698,2100,224222,1494,313920,California
San Joaquin,2021-05-17,4135,524425,2468,282337,1570,223170,97,18918,1794,89273,2326,226548,1901,315821,California
San Joaquin,2021-05-18,3940,528365,2273,284610,1548,224718,119,19037,1877,89222,2047,228595,1996,317817,California
San Joaquin,2021-05-19,4745,533110,2756,287366,1855,226573,134,19171,2096,88844,2618,231213,2240,320057,California
San Joaquin,2021-05-20,3933,537043,2359,289725,1471,228044,103,19274,1764,88566,2149,233362,1871,321928,California
San Joaquin,2021-05-21,4946,541989,2880,292605,1942,229986,124,19398,2271,88325,2645,236007,2404,324332,California
San Joaquin,2021-05-22,3979,545968,2471,295076,1414,231400,94,19492,1774,88012,2191,238198,1878,326210,California
San Joaquin,2021-05-23,2378,548346,1927,297003,408,231808,43,19535,1403,88495,968,239166,1451,327661,California
San Joaquin,2021-05-24,2942,551288,1681,298684,1169,232977,92,19627,1368,88403,1557,240723,1465,329126,California
San Joaquin,2021-05-25,3086,554374,1918,300602,1018,233995,150,19777,1464,88413,1603,242326,1613,330739,California
San Joaquin,2021-05-26,3544,557918,2060,302662,1409,235404,75,19852,1541,88042,1992,244318,1621,332360,California
San Joaquin,2021-05-27,2911,560829,1490,304152,1336,236740,85,19937,1137,87507,1760,246078,1225,333585,California
San Joaquin,2021-05-28,3031,563860,1595,305747,1347,238087,89,20026,1408,87414,1601,247679,1508,335093,California
San Joaquin,2021-05-29,2126,565986,1170,306917,920,239007,36,20062,955,87242,1167,248846,995,336088,California
San Joaquin,2021-05-30,970,566956,518,307435,426,239433,26,20088,408,87122,557,249403,437,336525,California
San Joaquin,2021-05-31,618,567574,258,307693,353,239786,7,20095,237,86990,377,249780,245,336770,California
San Joaquin,2021-06-01,2416,569990,1467,309160,855,240641,94,20189,1161,87006,1246,251026,1262,338032,California
San Joaquin,2021-06-02,2704,572694,1602,310762,1047,241688,55,20244,1145,86667,1542,252568,1203,339235,California
San Joaquin,2021-06-03,2801,575495,1736,312498,1011,242699,54,20298,1083,86102,1706,254274,1141,340376,California
San Joaquin,2021-06-04,3107,578602,1910,314408,1090,243789,107,20405,1080,85287,2001,256275,1186,341562,California
San Joaquin,2021-06-05,2314,580916,1776,316184,493,244282,45,20450,1078,85270,1145,257420,1128,342690,California
San Joaquin,2021-06-06,1066,581982,855,317039,177,244459,34,20484,433,85123,614,258034,467,343157,California
San Joaquin,2021-06-07,2790,584772,2073,319112,676,245135,41,20525,975,84341,1808,259842,1026,344183,California
San Joaquin,2021-06-08,2609,587381,1954,321066,612,245747,43,20568,841,83473,1755,261597,887,345070,California
San Joaquin,2021-06-09,2352,589733,1667,322733,656,246403,29,20597,768,82704,1570,263167,801,345871,California
San Joaquin,2021-06-10,2174,591907,1643,324376,487,246890,44,20641,823,82224,1346,264513,866,346737,California
San Joaquin,2021-06-11,1840,593747,1187,325563,608,247498,45,20686,558,81554,1275,265788,605,347342,California
San Joaquin,2021-06-12,847,594594,668,326231,165,247663,14,20700,259,81246,585,266373,277,347619,California
San Joaquin,2021-06-13,23,594617,15,326246,6,247669,2,20702,10,81245,13,266386,12,347631,California
San Luis Obispo,2020-12-16,4,4,4,4,0,0,0,0,4,4,0,0,4,4,California
San Luis Obispo,2020-12-17,196,200,196,200,0,0,0,0,196,200,0,0,196,200,California
San Luis Obispo,2020-12-18,225,425,225,425,0,0,0,0,225,425,0,0,225,425,California
San Luis Obispo,2020-12-19,164,589,164,589,0,0,0,0,164,589,0,0,164,589,California
San Luis Obispo,2020-12-20,215,804,215,804,0,0,0,0,215,804,0,0,215,804,California
San Luis Obispo,2020-12-21,549,1353,548,1352,1,1,0,0,549,1353,0,0,549,1353,California
San Luis Obispo,2020-12-22,310,1663,306,1658,4,5,0,0,310,1663,0,0,310,1663,California
San Luis Obispo,2020-12-23,681,2344,367,2025,314,319,0,0,681,2344,0,0,681,2344,California
San Luis Obispo,2020-12-24,194,2538,19,2044,175,494,0,0,194,2538,0,0,194,2538,California
San Luis Obispo,2020-12-25,2,2540,1,2045,1,495,0,0,2,2540,0,0,2,2540,California
San Luis Obispo,2020-12-26,90,2630,13,2058,77,572,0,0,90,2630,0,0,90,2630,California
San Luis Obispo,2020-12-27,76,2706,0,2058,76,648,0,0,76,2706,0,0,76,2706,California
San Luis Obispo,2020-12-28,881,3587,432,2490,449,1097,0,0,881,3587,0,0,881,3587,California
San Luis Obispo,2020-12-29,903,4490,503,2993,400,1497,0,0,903,4490,0,0,903,4490,California
San Luis Obispo,2020-12-30,1172,5662,679,3672,493,1990,0,0,1172,5662,0,0,1172,5662,California
San Luis Obispo,2020-12-31,108,5770,4,3676,104,2094,0,0,108,5770,0,0,108,5770,California
San Luis Obispo,2021-01-01,15,5785,9,3685,6,2100,0,0,15,5785,0,0,15,5785,California
San Luis Obispo,2021-01-02,34,5819,8,3693,26,2126,0,0,34,5819,0,0,34,5819,California
San Luis Obispo,2021-01-03,17,5836,6,3699,11,2137,0,0,17,5836,0,0,17,5836,California
San Luis Obispo,2021-01-04,682,6518,524,4223,158,2295,0,0,682,6518,0,0,682,6518,California
San Luis Obispo,2021-01-05,973,7491,752,4975,221,2516,0,0,971,7487,2,2,971,7489,California
San Luis Obispo,2021-01-06,726,8217,479,5454,247,2763,0,0,718,8198,7,9,718,8207,California
San Luis Obispo,2021-01-07,1128,9345,950,6404,178,2941,0,0,684,8438,444,453,684,8891,California
San Luis Obispo,2021-01-08,879,10224,801,7205,78,3019,0,0,511,8582,367,820,511,9402,California
San Luis Obispo,2021-01-09,206,10430,196,7401,10,3029,0,0,28,8432,178,998,28,9430,California
San Luis Obispo,2021-01-10,12,10442,8,7409,4,3033,0,0,8,8436,4,1002,8,9438,California
San Luis Obispo,2021-01-11,561,11003,510,7919,51,3084,0,0,299,8474,261,1263,299,9737,California
San Luis Obispo,2021-01-12,598,11601,382,8301,216,3300,0,0,318,8512,280,1543,318,10055,California
San Luis Obispo,2021-01-13,886,12487,258,8559,628,3928,0,0,649,8926,235,1778,649,10704,California
San Luis Obispo,2021-01-14,729,13216,239,8798,490,4418,0,0,607,9420,113,1891,607,11311,California
San Luis Obispo,2021-01-15,735,13951,293,9091,442,4860,0,0,556,9802,174,2065,556,11867,California
San Luis Obispo,2021-01-16,100,14051,81,9172,19,4879,0,0,94,9890,6,2071,94,11961,California
San Luis Obispo,2021-01-17,64,14115,57,9229,7,4886,0,0,64,9954,0,2071,64,12025,California
San Luis Obispo,2021-01-18,1374,15489,390,9619,984,5870,0,0,1109,10798,265,2336,1109,13134,California
San Luis Obispo,2021-01-19,1577,17066,415,10034,1162,7032,0,0,1170,11562,407,2743,1171,14305,California
San Luis Obispo,2021-01-20,1892,18958,601,10635,1291,8323,0,0,1300,12273,590,3333,1301,15606,California
San Luis Obispo,2021-01-21,1575,20533,469,11104,1106,9429,0,0,1203,13109,368,3701,1204,16810,California
San Luis Obispo,2021-01-22,1521,22054,506,11610,1015,10444,0,0,1206,14002,313,4014,1206,18016,California
San Luis Obispo,2021-01-23,315,22369,296,11906,19,10463,0,0,299,14285,16,4030,299,18315,California
San Luis Obispo,2021-01-24,249,22618,241,12147,8,10471,0,0,243,14522,6,4036,243,18558,California
San Luis Obispo,2021-01-25,2077,24695,601,12748,1476,11947,0,0,1247,14939,830,4866,1247,19805,California
San Luis Obispo,2021-01-26,2003,26698,700,13448,1303,13250,0,0,1141,15219,862,5728,1142,20947,California
San Luis Obispo,2021-01-27,1618,28316,290,13738,1328,14578,0,0,1161,15923,457,6185,1161,22108,California
San Luis Obispo,2021-01-28,1501,29817,344,14082,1157,15735,0,0,1237,16898,262,6447,1237,23345,California
San Luis Obispo,2021-01-29,1744,31561,682,14764,1062,16797,0,0,1457,18068,287,6734,1457,24802,California
San Luis Obispo,2021-01-30,36,31597,18,14782,18,16815,0,0,25,18083,10,6744,25,24827,California
San Luis Obispo,2021-01-31,27,31624,19,14801,8,16823,0,0,25,18106,2,6746,25,24852,California
San Luis Obispo,2021-02-01,1710,33334,743,15544,967,17790,0,0,1404,19205,305,7051,1404,26256,California
San Luis Obispo,2021-02-02,1900,35234,679,16223,1221,19011,0,0,1524,20354,376,7427,1525,27781,California
San Luis Obispo,2021-02-03,1714,36948,731,16954,983,19994,0,0,1298,21236,416,7843,1298,29079,California
San Luis Obispo,2021-02-04,1663,38611,802,17756,861,20855,0,0,1095,21763,568,8411,1095,30174,California
San Luis Obispo,2021-02-05,1607,40218,715,18471,892,21747,0,0,1061,22278,547,8958,1062,31236,California
San Luis Obispo,2021-02-06,174,40392,107,18578,67,21814,0,0,94,22292,80,9038,94,31330,California
San Luis Obispo,2021-02-07,124,40516,79,18657,45,21859,0,0,72,22313,52,9090,73,31403,California
San Luis Obispo,2021-02-08,863,41379,473,19130,390,22249,0,0,503,22457,359,9449,503,31906,California
San Luis Obispo,2021-02-09,1127,42506,449,19579,678,22927,0,0,544,22431,577,10026,551,32457,California
San Luis Obispo,2021-02-10,1444,43950,492,20071,952,23879,0,0,529,22050,913,10939,532,32989,California
San Luis Obispo,2021-02-11,1333,45283,846,20917,487,24366,0,0,656,22031,675,11614,656,33645,California
San Luis Obispo,2021-02-12,784,46067,364,21281,420,24786,0,0,415,22077,369,11983,415,34060,California
San Luis Obispo,2021-02-13,388,46455,127,21408,261,25047,0,0,280,22250,107,12090,280,34340,California
San Luis Obispo,2021-02-14,318,46773,41,21449,277,25324,0,0,282,22497,36,12126,283,34623,California
San Luis Obispo,2021-02-15,730,47503,140,21589,590,25914,0,0,474,22716,255,12381,474,35097,California
San Luis Obispo,2021-02-16,2967,50470,1197,22786,1770,27684,0,0,1360,22469,1607,13988,1360,36457,California
San Luis Obispo,2021-02-17,2788,53258,1251,24037,1537,29221,0,0,1030,21748,1751,15739,1030,37487,California
San Luis Obispo,2021-02-18,2826,56084,1459,25496,1367,30588,0,0,1133,21198,1684,17423,1134,38621,California
San Luis Obispo,2021-02-19,1466,57550,1345,26841,121,30709,0,0,1139,22012,325,17748,1139,39760,California
San Luis Obispo,2021-02-20,253,57803,79,26920,174,30883,0,0,215,22189,38,17786,215,39975,California
San Luis Obispo,2021-02-21,57,57860,53,26973,4,30887,0,0,32,22196,25,17811,32,40007,California
San Luis Obispo,2021-02-22,2418,60278,1869,28842,549,31436,0,0,1468,22715,950,18761,1469,41476,California
San Luis Obispo,2021-02-23,1860,62138,1745,30587,115,31551,0,0,1365,23587,494,19255,1366,42842,California
San Luis Obispo,2021-02-24,2642,64780,1299,31886,1343,32894,0,0,836,22620,1803,21058,836,43678,California
San Luis Obispo,2021-02-25,2134,66914,1242,33128,892,33786,0,0,1206,22904,923,21981,1207,44885,California
San Luis Obispo,2021-02-26,2653,69567,1152,34280,1501,35287,0,0,1329,22919,1314,23295,1329,46214,California
San Luis Obispo,2021-02-27,579,70146,353,34633,226,35513,0,0,530,23400,49,23344,530,46744,California
San Luis Obispo,2021-02-28,194,70340,67,34700,127,35640,0,0,160,23527,33,23377,160,46904,California
San Luis Obispo,2021-03-01,3012,73352,1883,36583,1127,36767,2,2,2081,24679,932,24309,2084,48988,California
San Luis Obispo,2021-03-02,3038,76390,1911,38494,1127,37894,0,2,1884,25415,1149,25458,1885,50873,California
San Luis Obispo,2021-03-03,2346,78736,339,38833,2007,39901,0,2,848,24772,1492,26950,849,51722,California
San Luis Obispo,2021-03-04,2202,80938,1164,39997,1038,40939,0,2,1187,24949,1012,27962,1189,52911,California
San Luis Obispo,2021-03-05,2304,83242,1022,41019,1212,42151,70,72,1299,25327,991,28953,1369,54280,California
San Luis Obispo,2021-03-06,841,84083,310,41329,423,42574,108,180,620,25828,221,29174,722,55002,California
San Luis Obispo,2021-03-07,201,84284,31,41360,85,42659,85,265,72,25857,128,29302,157,55159,California
San Luis Obispo,2021-03-08,2743,87027,760,42120,1667,44326,316,581,1546,26527,1192,30494,1862,57021,California
San Luis Obispo,2021-03-09,2952,89979,969,43089,1735,46061,248,829,1525,26877,1423,31917,1773,58794,California
San Luis Obispo,2021-03-10,3201,93180,1240,44329,1678,47739,283,1112,1815,27594,1381,33298,2098,60892,California
San Luis Obispo,2021-03-11,3298,96478,1272,45601,1704,49443,322,1434,1806,28239,1482,34780,2127,63019,California
San Luis Obispo,2021-03-12,3256,99734,1284,46885,1632,51075,340,1774,1619,28570,1631,36411,1962,64981,California
San Luis Obispo,2021-03-13,798,100532,262,47147,428,51503,108,1882,431,28742,366,36777,538,65519,California
San Luis Obispo,2021-03-14,513,101045,53,47200,350,51853,110,1992,134,28608,378,37155,244,65763,California
San Luis Obispo,2021-03-15,3059,104104,1099,48299,1863,53716,97,2089,1532,28714,1524,38679,1630,67393,California
San Luis Obispo,2021-03-16,2852,106956,1511,49810,1231,54947,110,2199,1435,28848,1410,40089,1544,68937,California
San Luis Obispo,2021-03-17,3441,110397,1447,51257,1732,56679,262,2461,1995,29669,1435,41524,2256,71193,California
San Luis Obispo,2021-03-18,2819,113216,1449,52706,1156,57835,214,2675,1346,29760,1468,42992,1559,72752,California
San Luis Obispo,2021-03-19,2602,115818,1572,54278,707,58542,323,2998,963,29417,1631,44623,1288,74040,California
San Luis Obispo,2021-03-20,840,116658,502,54780,301,58843,37,3035,386,29387,453,45076,423,74463,California
San Luis Obispo,2021-03-21,188,116846,45,54825,140,58983,3,3038,158,29519,29,45105,161,74624,California
San Luis Obispo,2021-03-22,2707,119553,1173,55998,1486,60469,48,3086,1873,30610,830,45935,1921,76545,California
San Luis Obispo,2021-03-23,3388,122941,2212,58210,1146,61615,30,3116,2270,31797,1113,47048,2300,78845,California
San Luis Obispo,2021-03-24,3535,126476,2150,60360,1299,62914,86,3202,2628,33610,900,47948,2713,81558,California
San Luis Obispo,2021-03-25,3689,130165,2306,62666,1371,64285,12,3214,2637,35210,1048,48996,2648,84206,California
San Luis Obispo,2021-03-26,3261,133426,1805,64471,1023,65308,433,3647,1827,36041,1429,50425,2260,86466,California
San Luis Obispo,2021-03-27,993,134419,507,64978,395,65703,91,3738,452,36045,539,50964,543,87009,California
San Luis Obispo,2021-03-28,445,134864,151,65129,238,65941,56,3794,245,36147,199,51163,301,87310,California
San Luis Obispo,2021-03-29,2625,137489,1321,66450,1170,67111,134,3928,1680,37031,931,52094,1815,89125,California
San Luis Obispo,2021-03-30,3529,141018,1936,68386,1451,68562,142,4070,2343,38335,1179,53273,2483,91608,California
San Luis Obispo,2021-03-31,3890,144908,2476,70862,1268,69830,146,4216,2508,39617,1371,54644,2653,94261,California
San Luis Obispo,2021-04-01,3893,148801,2464,73326,1311,71141,118,4334,2720,41294,1159,55803,2836,97097,California
San Luis Obispo,2021-04-02,1752,150553,687,74013,750,71891,315,4649,948,41752,802,56605,1260,98357,California
San Luis Obispo,2021-04-03,1111,151664,556,74569,428,72319,127,4776,492,41756,615,57220,619,98976,California
San Luis Obispo,2021-04-04,390,152054,135,74704,215,72534,40,4816,241,41888,149,57369,281,99257,California
San Luis Obispo,2021-04-05,3613,155667,1938,76642,1564,74098,111,4927,2015,42418,1594,58963,2124,101381,California
San Luis Obispo,2021-04-06,4057,159724,2160,78802,1572,75670,325,5252,1937,42567,2112,61075,2261,103642,California
San Luis Obispo,2021-04-07,4309,164033,2347,81149,1596,77266,366,5618,2460,43556,1834,62909,2823,106465,California
San Luis Obispo,2021-04-08,4066,168099,2216,83365,1444,78710,406,6024,2163,44231,1894,64803,2569,109034,California
San Luis Obispo,2021-04-09,3690,171789,1758,85123,1172,79882,760,6784,1512,44330,2167,66970,2266,111300,California
San Luis Obispo,2021-04-10,1595,173384,567,85690,357,80239,671,7455,496,44396,1099,68069,1165,112465,California
San Luis Obispo,2021-04-11,313,173697,61,85751,186,80425,66,7521,123,44397,188,68257,189,112654,California
San Luis Obispo,2021-04-12,3411,177108,1714,87465,1535,81960,162,7683,1422,43991,1989,70246,1583,114237,California
San Luis Obispo,2021-04-13,3678,180786,2128,89593,1549,83509,1,7684,1982,44286,1693,71939,1988,116225,California
San Luis Obispo,2021-04-14,3571,184357,2030,91623,1536,85045,5,7689,1788,44308,1768,73707,1790,118015,California
San Luis Obispo,2021-04-15,3705,188062,2411,94034,1293,86338,1,7690,1993,44611,1693,75400,1996,120011,California
San Luis Obispo,2021-04-16,3653,191715,2230,96264,1419,87757,4,7694,1777,44521,1869,77269,1779,121790,California
San Luis Obispo,2021-04-17,1094,192809,433,96697,659,88416,2,7696,709,44848,384,77653,711,122501,California
San Luis Obispo,2021-04-18,319,193128,97,96794,221,88637,1,7697,109,44750,207,77860,109,122610,California
San Luis Obispo,2021-04-19,3191,196319,1348,98142,1805,90442,38,7735,1098,43798,2089,79949,1137,123747,California
San Luis Obispo,2021-04-20,3620,199939,2010,100152,1610,92052,0,7735,1329,42846,2281,82230,1329,125076,California
San Luis Obispo,2021-04-21,3939,203878,1815,101967,2124,94176,0,7735,1581,42092,2338,84568,1584,126660,California
San Luis Obispo,2021-04-22,4590,208468,2067,104034,2523,96699,0,7735,1413,40346,3161,87729,1415,128075,California
San Luis Obispo,2021-04-23,1461,209929,844,104878,613,97312,4,7739,705,40311,751,88480,716,128791,California
San Luis Obispo,2021-04-24,1083,211012,440,105318,624,97936,19,7758,508,40256,582,89062,527,129318,California
San Luis Obispo,2021-04-25,346,211358,161,105479,185,98121,0,7758,112,40136,232,89294,112,129430,California
San Luis Obispo,2021-04-26,1080,212438,397,105876,666,98787,17,7775,395,39874,673,89967,411,129841,California
San Luis Obispo,2021-04-27,3918,216356,1987,107863,1851,100638,80,7855,1542,39127,2368,92335,1621,131462,California
San Luis Obispo,2021-04-28,3807,220163,2100,109963,1636,102274,71,7926,1355,38113,2440,94775,1426,132888,California
San Luis Obispo,2021-04-29,3715,223878,2121,112084,1527,103801,67,7993,1250,36982,2449,97224,1318,134206,California
San Luis Obispo,2021-04-30,2980,226858,1667,113751,1239,105040,74,8067,926,35944,2036,99260,998,135204,California
San Luis Obispo,2021-05-01,470,227328,160,113911,274,105314,36,8103,98,35709,368,99628,133,135337,California
San Luis Obispo,2021-05-02,171,227499,52,113963,99,105413,20,8123,42,35642,129,99757,62,135399,California
San Luis Obispo,2021-05-03,895,228394,288,114251,497,105910,110,8233,224,35305,669,100426,332,135731,California
San Luis Obispo,2021-05-04,2946,231340,1902,116153,973,106883,71,8304,871,34177,2068,102494,940,136671,California
San Luis Obispo,2021-05-05,2812,234152,1856,118009,890,107773,66,8370,684,32813,2116,104610,752,137423,California
San Luis Obispo,2021-05-06,2828,236980,1905,119914,860,108633,63,8433,730,31525,2081,106691,793,138216,California
San Luis Obispo,2021-05-07,2338,239318,1764,121678,507,109140,67,8500,610,30496,1707,108398,678,138894,California
San Luis Obispo,2021-05-08,568,239886,333,122011,211,109351,24,8524,192,30354,358,108756,216,139110,California
San Luis Obispo,2021-05-09,162,240048,39,122050,104,109455,19,8543,46,30304,115,108871,65,139175,California
San Luis Obispo,2021-05-10,725,240773,155,122205,520,109975,50,8593,155,29942,565,109436,203,139378,California
San Luis Obispo,2021-05-11,1188,241961,595,122800,518,110493,75,8668,361,29557,821,110257,436,139814,California
San Luis Obispo,2021-05-12,2423,244384,1599,124399,741,111234,83,8751,672,28577,1735,111992,755,140569,California
San Luis Obispo,2021-05-13,1141,245525,712,125111,367,111601,62,8813,474,28449,663,112655,535,141104,California
San Luis Obispo,2021-05-14,2231,247756,1635,126746,545,112146,51,8864,921,28128,1292,113947,971,142075,California
San Luis Obispo,2021-05-15,989,248745,456,127202,499,112645,34,8898,465,28107,521,114468,500,142575,California
San Luis Obispo,2021-05-16,304,249049,164,127366,134,112779,6,8904,173,28156,130,114598,179,142754,California
San Luis Obispo,2021-05-17,1670,250719,973,128339,645,113424,52,8956,663,27873,998,115596,715,143469,California
San Luis Obispo,2021-05-18,1894,252613,1156,129495,707,114131,31,8987,723,27463,1165,116761,755,144224,California
San Luis Obispo,2021-05-19,1449,254062,624,130119,763,114894,62,9049,409,26899,1034,117795,470,144694,California
San Luis Obispo,2021-05-20,1132,255194,502,130621,598,115492,32,9081,339,26488,782,118577,371,145065,California
San Luis Obispo,2021-05-21,1078,256272,575,131196,462,115954,41,9122,511,26482,558,119135,552,145617,California
San Luis Obispo,2021-05-22,669,256941,324,131520,322,116276,23,9145,331,26505,331,119466,354,145971,California
San Luis Obispo,2021-05-23,143,257084,65,131585,72,116348,6,9151,49,26467,93,119559,55,146026,California
San Luis Obispo,2021-05-24,566,257650,266,131851,266,116614,34,9185,205,26347,359,119918,239,146265,California
San Luis Obispo,2021-05-25,874,258524,432,132283,415,117029,27,9212,349,26206,517,120435,376,146641,California
San Luis Obispo,2021-05-26,2141,260665,989,133272,1097,118126,55,9267,671,25467,1464,121899,725,147366,California
San Luis Obispo,2021-05-27,1871,262536,660,133932,1178,119304,33,9300,480,24593,1386,123285,512,147878,California
San Luis Obispo,2021-05-28,881,263417,451,134383,409,119713,21,9321,464,24662,416,123701,485,148363,California
San Luis Obispo,2021-05-29,374,263791,150,134533,213,119926,11,9332,211,24723,162,123863,223,148586,California
San Luis Obispo,2021-05-30,89,263880,36,134569,45,119971,8,9340,34,24710,54,123917,41,148627,California
San Luis Obispo,2021-05-31,43,263923,5,134574,24,119995,14,9354,16,24714,25,123942,29,148656,California
San Luis Obispo,2021-06-01,750,264673,326,134900,393,120388,31,9385,271,24541,475,124417,302,148958,California
San Luis Obispo,2021-06-02,628,265301,286,135186,303,120691,39,9424,186,24330,436,124853,225,149183,California
San Luis Obispo,2021-06-03,900,266201,442,135628,427,121118,31,9455,244,23952,653,125506,275,149458,California
San Luis Obispo,2021-06-04,2468,268669,1519,137147,909,122027,40,9495,701,22936,1755,127261,739,150197,California
San Luis Obispo,2021-06-05,659,269328,287,137434,351,122378,21,9516,321,22940,338,127599,342,150539,California
San Luis Obispo,2021-06-06,185,269513,132,137566,44,122422,9,9525,46,22856,139,127738,55,150594,California
San Luis Obispo,2021-06-07,549,270062,358,137924,150,122572,41,9566,157,22664,390,128128,198,150792,California
San Luis Obispo,2021-06-08,783,270845,525,138449,217,122789,41,9607,245,22416,534,128662,286,151078,California
San Luis Obispo,2021-06-09,386,271231,190,138639,176,122965,20,9627,115,22282,269,128931,135,151213,California
San Luis Obispo,2021-06-10,491,271722,174,138813,289,123254,28,9655,141,22102,349,129280,169,151382,California
San Luis Obispo,2021-06-11,485,272207,183,138996,284,123538,18,9673,150,21939,332,129612,169,151551,California
San Luis Obispo,2021-06-12,249,272456,168,139164,77,123615,4,9677,116,21927,132,129744,120,151671,California
San Luis Obispo,2021-06-13,21,272477,2,139166,19,123634,0,9677,2,21910,19,129763,2,151673,California
San Mateo,2020-12-15,27,27,27,27,0,0,0,0,27,27,0,0,27,27,California
San Mateo,2020-12-16,110,137,110,137,0,0,0,0,110,137,0,0,110,137,California
San Mateo,2020-12-17,172,309,172,309,0,0,0,0,172,309,0,0,172,309,California
San Mateo,2020-12-18,774,1083,772,1081,2,2,0,0,774,1083,0,0,774,1083,California
San Mateo,2020-12-19,504,1587,504,1585,0,2,0,0,504,1587,0,0,504,1587,California
San Mateo,2020-12-20,502,2089,501,2086,1,3,0,0,502,2089,0,0,502,2089,California
San Mateo,2020-12-21,1137,3226,1136,3222,1,4,0,0,1137,3226,0,0,1137,3226,California
San Mateo,2020-12-22,1512,4738,1504,4726,8,12,0,0,1511,4737,0,0,1511,4737,California
San Mateo,2020-12-23,1554,6292,1367,6093,187,199,0,0,1554,6291,0,0,1554,6291,California
San Mateo,2020-12-24,860,7152,607,6700,253,452,0,0,860,7151,0,0,860,7151,California
San Mateo,2020-12-25,115,7267,112,6812,3,455,0,0,115,7266,0,0,115,7266,California
San Mateo,2020-12-26,556,7823,413,7225,143,598,0,0,556,7822,0,0,556,7822,California
San Mateo,2020-12-27,306,8129,176,7401,130,728,0,0,306,8128,0,0,306,8128,California
San Mateo,2020-12-28,1053,9182,710,8111,343,1071,0,0,1053,9181,0,0,1053,9181,California
San Mateo,2020-12-29,1127,10309,708,8819,419,1490,0,0,1127,10308,0,0,1127,10308,California
San Mateo,2020-12-30,1255,11564,757,9576,498,1988,0,0,1255,11563,0,0,1255,11563,California
San Mateo,2020-12-31,708,12272,231,9807,477,2465,0,0,707,12269,1,1,707,12270,California
San Mateo,2021-01-01,111,12383,75,9882,36,2501,0,0,111,12380,0,1,111,12381,California
San Mateo,2021-01-02,395,12778,268,10150,127,2628,0,0,395,12775,0,1,395,12776,California
San Mateo,2021-01-03,285,13063,209,10359,76,2704,0,0,282,13054,3,4,282,13058,California
San Mateo,2021-01-04,1048,14111,674,11033,374,3078,0,0,1048,14102,0,4,1048,14106,California
San Mateo,2021-01-05,1214,15325,715,11748,499,3577,0,0,1182,15253,32,36,1183,15289,California
San Mateo,2021-01-06,1458,16783,960,12708,498,4075,0,0,1265,16329,190,226,1266,16555,California
San Mateo,2021-01-07,1455,18238,815,13523,640,4715,0,0,1146,17174,302,528,1147,17702,California
San Mateo,2021-01-08,1849,20087,1201,14724,648,5363,0,0,1139,17609,704,1232,1139,18841,California
San Mateo,2021-01-09,1170,21257,773,15497,397,5760,0,0,712,17864,457,1689,712,19553,California
San Mateo,2021-01-10,703,21960,577,16074,126,5886,0,0,263,17687,440,2129,263,19816,California
San Mateo,2021-01-11,2595,24555,1491,17565,1104,6990,0,0,1528,18149,1068,3197,1530,21346,California
San Mateo,2021-01-12,3436,27991,1924,19489,1512,8502,0,0,2219,19173,1207,4404,2231,23577,California
San Mateo,2021-01-13,3406,31397,1665,21154,1741,10243,0,0,2364,20505,1042,5446,2374,25951,California
San Mateo,2021-01-14,3809,35206,1617,22771,2192,12435,0,0,3106,22933,703,6149,3131,29082,California
San Mateo,2021-01-15,4311,39517,1702,24473,2609,15044,0,0,3786,26198,523,6672,3788,32870,California
San Mateo,2021-01-16,3086,42603,769,25242,2317,17361,0,0,2756,28629,329,7001,2760,35630,California
San Mateo,2021-01-17,1308,43911,306,25548,1002,18363,0,0,1101,29523,207,7208,1101,36731,California
San Mateo,2021-01-18,1360,45271,536,26084,824,19187,0,0,982,30130,375,7583,982,37713,California
San Mateo,2021-01-19,2799,48070,1795,27879,1004,20191,0,0,1995,31324,801,8384,1995,39708,California
San Mateo,2021-01-20,2795,50865,1543,29422,1252,21443,0,0,1951,32435,841,9225,1952,41660,California
San Mateo,2021-01-21,2858,53723,1296,30718,1562,23005,0,0,2273,34128,583,9808,2276,43936,California
San Mateo,2021-01-22,2809,56532,1143,31861,1666,24671,0,0,2515,36352,292,10100,2516,46452,California
San Mateo,2021-01-23,2872,59404,1675,33536,1197,25868,0,0,2512,38505,360,10460,2513,48965,California
San Mateo,2021-01-24,1508,60912,376,33912,1132,27000,0,0,1199,39397,308,10768,1200,50165,California
San Mateo,2021-01-25,4403,65315,3138,37050,1265,28265,0,0,3505,42011,895,11663,3509,53674,California
San Mateo,2021-01-26,4315,69630,3003,40053,1312,29577,0,0,3385,44470,928,12591,3387,57061,California
San Mateo,2021-01-27,2811,72441,1481,41534,1330,30907,0,0,1803,45273,1002,13593,1805,58866,California
San Mateo,2021-01-28,2801,75242,1356,42890,1445,32352,0,0,1946,46379,840,14433,1946,60812,California
San Mateo,2021-01-29,3005,78247,1359,44249,1646,33998,0,0,2160,47699,842,15275,2162,62974,California
San Mateo,2021-01-30,3471,81718,1488,45737,1983,35981,0,0,3014,50258,456,15731,3015,65989,California
San Mateo,2021-01-31,1683,83401,898,46635,785,36766,0,0,1521,51618,161,15892,1521,67510,California
San Mateo,2021-02-01,2931,86332,1354,47989,1577,38343,0,0,2208,53108,719,16611,2209,69719,California
San Mateo,2021-02-02,3210,89542,1732,49721,1478,39821,0,0,2180,54262,1026,17637,2180,71899,California
San Mateo,2021-02-03,4994,94536,2057,51778,2937,42758,0,0,3850,56972,1141,18778,3851,75750,California
San Mateo,2021-02-04,6188,100724,2505,54283,3683,46441,0,0,4904,60601,1279,20057,4908,80658,California
San Mateo,2021-02-05,6780,107504,2548,56831,4232,50673,0,0,4960,63759,1802,21859,4960,85618,California
San Mateo,2021-02-06,3268,110772,1910,58741,1358,52031,0,0,2614,65723,652,22511,2616,88234,California
San Mateo,2021-02-07,1887,112659,1345,60086,542,52573,0,0,1699,67234,188,22699,1699,89933,California
San Mateo,2021-02-08,5291,117950,2267,62353,3024,55597,0,0,3115,68237,2112,24811,3115,93048,California
San Mateo,2021-02-09,6161,124111,3214,65567,2947,58544,0,0,3323,68728,2832,27643,3323,96371,California
San Mateo,2021-02-10,6522,130633,3283,68850,3239,61783,0,0,3430,69077,3081,30724,3430,99801,California
San Mateo,2021-02-11,7040,137673,3580,72430,3460,65243,0,0,3790,69628,3241,33965,3792,103593,California
San Mateo,2021-02-12,6634,144307,2986,75416,3648,68891,0,0,4699,72399,1930,35895,4701,108294,California
San Mateo,2021-02-13,6120,150427,4033,79449,2087,70978,0,0,2647,71578,3468,39363,2647,110941,California
San Mateo,2021-02-14,4632,155059,3028,82477,1604,72582,0,0,1975,70904,2650,42013,1976,112917,California
San Mateo,2021-02-15,3136,158195,1443,83920,1693,74275,0,0,1770,71315,1360,43373,1771,114688,California
San Mateo,2021-02-16,7136,165331,1884,85804,5252,79527,0,0,5267,74717,1867,45240,5269,119957,California
San Mateo,2021-02-17,7069,172400,1950,87754,5119,84646,0,0,5038,77733,2024,47264,5040,124997,California
San Mateo,2021-02-18,6650,179050,4592,92346,2058,86704,0,0,4418,79926,2228,49492,4421,129418,California
San Mateo,2021-02-19,7798,186848,5597,97943,2201,88905,0,0,5777,83689,2014,51506,5777,135195,California
San Mateo,2021-02-20,3780,190628,2431,100374,1349,90254,0,0,2340,84596,1433,52939,2340,137535,California
San Mateo,2021-02-21,2629,193257,1789,102163,840,91094,0,0,1573,85120,1049,53988,1573,139108,California
San Mateo,2021-02-22,4450,197707,3237,105400,1213,92307,0,0,2816,86309,1628,55616,2817,141925,California
San Mateo,2021-02-23,4356,202063,3131,108531,1225,93532,0,0,2546,87054,1801,57417,2546,144471,California
San Mateo,2021-02-24,7355,209418,3309,111840,4046,97578,0,0,4886,89481,2460,59877,4887,149358,California
San Mateo,2021-02-25,9288,218706,4136,115976,5152,102730,0,0,6128,92468,3142,63019,6129,155487,California
San Mateo,2021-02-26,10021,228727,3865,119841,6156,108886,0,0,6946,96358,3060,66079,6950,162437,California
San Mateo,2021-02-27,6951,235678,3569,123410,3382,112268,0,0,3731,96882,3213,69292,3737,166174,California
San Mateo,2021-02-28,4440,240118,2745,126155,1695,113963,0,0,2666,97783,1766,71058,2667,168841,California
San Mateo,2021-03-01,6006,246124,3791,129946,2212,116175,3,3,2972,97739,3019,74077,2975,171816,California
San Mateo,2021-03-02,6232,252356,4427,134373,1804,117979,1,4,3580,98677,2644,76721,3582,175398,California
San Mateo,2021-03-03,8440,260796,3964,138337,4474,122453,2,6,3631,97513,4797,81518,3633,179031,California
San Mateo,2021-03-04,8506,269302,3999,142336,4504,126957,3,9,3831,96695,4654,86172,3836,182867,California
San Mateo,2021-03-05,9339,278641,6232,148568,3103,130060,4,13,6538,100460,2780,88952,6545,189412,California
San Mateo,2021-03-06,7968,286609,5563,154131,2230,132290,175,188,5842,104361,2115,91067,6016,195428,California
San Mateo,2021-03-07,3580,290189,2439,156570,1070,133360,71,259,2105,105066,1471,92538,2176,197604,California
San Mateo,2021-03-08,4509,294698,2559,159129,1733,135093,217,476,3296,107371,1206,93744,3511,201115,California
San Mateo,2021-03-09,5379,300077,2856,161985,2248,137341,275,751,3784,109845,1583,95327,4057,205172,California
San Mateo,2021-03-10,7184,307261,2892,164877,4008,141349,284,1035,4805,112568,2364,97691,5087,210259,California
San Mateo,2021-03-11,9096,316357,5730,170607,2975,144324,391,1426,3695,111282,5369,103060,4083,214342,California
San Mateo,2021-03-12,10584,326941,6688,177295,3513,147837,383,1809,3580,108260,6985,110045,3963,218305,California
San Mateo,2021-03-13,8222,335163,3497,180792,3094,150931,1631,3440,3985,109643,4224,114269,5607,223912,California
San Mateo,2021-03-14,4992,340155,3376,184168,1510,152441,106,3546,2645,110054,2339,116608,2750,226662,California
San Mateo,2021-03-15,7169,347324,4633,188801,2361,154802,175,3721,3752,110571,3411,120019,3928,230590,California
San Mateo,2021-03-16,11946,359270,4389,193190,7435,162237,122,3843,4791,108350,7136,127155,4915,235505,California
San Mateo,2021-03-17,10836,370106,4412,197602,6298,168535,126,3969,4860,107392,5946,133101,4988,240493,California
San Mateo,2021-03-18,7270,377376,4088,201690,2996,171531,186,4155,4295,108905,2967,136068,4480,244973,California
San Mateo,2021-03-19,7455,384831,4833,206523,1948,173479,674,4829,3555,109245,3889,139957,4229,249202,California
San Mateo,2021-03-20,8467,393298,6552,213075,1576,175055,339,5168,5405,111942,3046,143003,5743,254945,California
San Mateo,2021-03-21,4243,397541,3223,216298,791,175846,229,5397,2275,112486,1957,144960,2501,257446,California
San Mateo,2021-03-22,5261,402802,3589,219887,1250,177096,422,5819,2751,113164,2494,147454,3172,260618,California
San Mateo,2021-03-23,9801,412603,4483,224370,5123,182219,195,6014,4375,112340,5394,152848,4570,265188,California
San Mateo,2021-03-24,9500,422103,5479,229849,3877,186096,144,6158,4047,111146,5382,158230,4188,269376,California
San Mateo,2021-03-25,10138,432241,4953,234802,4884,190980,301,6459,4396,110209,5637,163867,4700,274076,California
San Mateo,2021-03-26,11265,443506,7763,242565,3333,194313,169,6628,4290,107735,6933,170800,4459,278535,California
San Mateo,2021-03-27,10596,454102,8136,250701,2358,196671,102,6730,4697,106653,5880,176680,4798,283333,California
San Mateo,2021-03-28,4276,458378,2781,253482,1385,198056,110,6840,2002,106505,2264,178944,2116,285449,California
San Mateo,2021-03-29,6041,464419,3762,257244,2026,200082,253,7093,2688,106113,3333,182277,2941,288390,California
San Mateo,2021-03-30,7152,471571,4078,261322,2921,203003,153,7246,3835,106801,3300,185577,3988,292378,California
San Mateo,2021-03-31,7275,478846,4598,265920,2536,205539,141,7387,3839,107364,3417,188994,3980,296358,California
San Mateo,2021-04-01,10615,489461,5249,271169,4154,209693,1212,8599,5703,109411,4865,193859,6912,303270,California
San Mateo,2021-04-02,10876,500337,5187,276356,4041,213734,1648,10247,5668,111535,5186,199045,7310,310580,California
San Mateo,2021-04-03,10012,510349,5732,282088,2465,216199,1815,12062,5081,113509,4922,203967,6896,317476,California
San Mateo,2021-04-04,5433,515782,2613,284701,1565,217764,1255,13317,1697,112737,3721,207688,2949,320425,California
San Mateo,2021-04-05,8940,524722,4764,289465,2446,220210,1730,15047,3814,113168,5109,212797,5540,325965,California
San Mateo,2021-04-06,13264,537986,8248,297713,3160,223370,1856,16903,7513,116806,5735,218532,9373,335338,California
San Mateo,2021-04-07,11381,549367,5240,302953,4454,227824,1687,18590,4811,116748,6549,225081,6491,341829,California
San Mateo,2021-04-08,10144,559511,5032,307985,2509,230333,2603,21193,4484,118180,5642,230723,7074,348903,California
San Mateo,2021-04-09,11364,570875,5537,313522,3349,233682,2478,23671,5104,119497,6257,236980,7574,356477,California
San Mateo,2021-04-10,11328,582203,5732,319254,4144,237826,1452,25123,4674,118994,6623,243603,6120,362597,California
San Mateo,2021-04-11,6673,588876,3296,322550,873,238699,2504,27627,2308,119443,4358,247961,4807,367404,California
San Mateo,2021-04-12,7332,596208,4470,327020,1890,240589,972,28599,3548,120196,3763,251724,4516,371920,California
San Mateo,2021-04-13,8229,604437,5123,332143,3095,243684,11,28610,4378,120748,3840,255564,4392,376312,California
San Mateo,2021-04-14,8374,612811,5436,337579,2937,246621,1,28611,4329,121059,4027,259591,4338,380650,California
San Mateo,2021-04-15,11192,624003,7442,345021,3748,250369,2,28613,7347,124589,3820,263411,7350,388000,California
San Mateo,2021-04-16,9972,633975,6880,351901,3076,253445,16,28629,6342,127345,3608,267019,6364,394364,California
San Mateo,2021-04-17,9784,643759,6497,358398,3285,256730,2,28631,6126,129831,3648,270667,6134,400498,California
San Mateo,2021-04-18,5437,649196,2599,360997,2838,259568,0,28631,3663,131739,1761,272428,3669,404167,California
San Mateo,2021-04-19,8354,657550,5435,366432,2919,262487,0,28631,5438,134285,2901,275329,5447,409614,California
San Mateo,2021-04-20,10288,667838,5748,372180,4539,267026,1,28632,6622,137274,3644,278973,6633,416247,California
San Mateo,2021-04-21,9029,676867,6101,378281,2926,269952,2,28634,5585,139442,3424,282397,5592,421839,California
San Mateo,2021-04-22,9594,686461,6415,384696,3178,273130,1,28635,5309,140506,4251,286648,5315,427154,California
San Mateo,2021-04-23,9425,695886,6199,390895,3226,276356,0,28635,5284,141690,4115,290763,5299,432453,California
San Mateo,2021-04-24,11294,707180,8039,398934,3255,279611,0,28635,5840,142107,5431,296194,5848,438301,California
San Mateo,2021-04-25,5544,712724,3853,402787,1689,281300,2,28637,3957,144502,1571,297765,3966,442267,California
San Mateo,2021-04-26,6634,719358,4798,407585,1828,283128,8,28645,3874,145649,2747,300512,3894,446161,California
San Mateo,2021-04-27,11341,730699,7980,415565,3206,286334,155,28800,4636,143770,6674,307186,4795,450956,California
San Mateo,2021-04-28,7869,738568,4489,420054,3175,289509,205,29005,4217,144558,3638,310824,4426,455382,California
San Mateo,2021-04-29,8077,746645,3739,423793,4165,293674,173,29178,3660,144015,4388,315212,3845,459227,California
San Mateo,2021-04-30,8051,754696,5056,428849,2842,296516,153,29331,3415,142986,4611,319823,3582,462809,California
San Mateo,2021-05-01,6162,760858,4126,432975,1918,298434,118,29449,2685,142341,3459,323282,2814,465623,California
San Mateo,2021-05-02,3186,764044,1742,434717,1374,299808,70,29519,1155,141547,2023,325305,1229,466852,California
San Mateo,2021-05-03,6011,770055,4495,439212,1372,301180,144,29663,1840,139368,4163,329468,1984,468836,California
San Mateo,2021-05-04,7286,777341,4947,444159,2168,303348,171,29834,2493,137265,4779,334247,2676,471512,California
San Mateo,2021-05-05,6901,784242,4520,448679,2223,305571,158,29992,2391,135336,4481,338728,2552,474064,California
San Mateo,2021-05-06,8586,792828,6701,455380,1709,307280,176,30168,1751,130451,6816,345544,1931,475995,California
San Mateo,2021-05-07,8210,801038,5865,461245,2060,309340,285,30453,1822,126206,6363,351907,2118,478113,California
San Mateo,2021-05-08,6642,807680,4014,465259,2389,311729,239,30692,1843,123506,4787,356694,2087,480200,California
San Mateo,2021-05-09,3125,810805,2430,467689,621,312350,74,30766,1065,122595,2051,358745,1140,481340,California
San Mateo,2021-05-10,4623,815428,3328,471017,1124,313474,171,30937,760,119681,3853,362598,939,482279,California
San Mateo,2021-05-11,6677,822105,4986,476003,1562,315036,129,31066,1738,116624,4926,367524,1869,484148,California
San Mateo,2021-05-12,6932,829037,5048,481051,1669,316705,215,31281,1794,113510,5125,372649,2011,486159,California
San Mateo,2021-05-13,9540,838577,7130,488181,2314,319019,96,31377,3556,111221,5952,378601,3663,489822,California
San Mateo,2021-05-14,8325,846902,6156,494337,2057,321076,112,31489,2703,108435,5608,384209,2822,492644,California
San Mateo,2021-05-15,10394,857296,8110,502447,2183,323259,101,31590,4563,107303,5817,390026,4685,497329,California
San Mateo,2021-05-16,7168,864464,5097,507544,2003,325262,68,31658,2184,104591,4966,394992,2254,499583,California
San Mateo,2021-05-17,7060,871524,5002,512546,1950,327212,108,31766,2146,101950,4899,399891,2258,501841,California
San Mateo,2021-05-18,8449,879973,5830,518376,2522,329734,97,31863,3099,99926,5224,405115,3200,505041,California
San Mateo,2021-05-19,7870,887843,5891,524267,1858,331592,121,31984,3688,99601,4135,409250,3810,508851,California
San Mateo,2021-05-20,5600,893443,3447,527714,2018,333610,135,32119,2248,98657,3329,412579,2385,511236,California
San Mateo,2021-05-21,6981,900424,4762,532476,2075,335685,144,32263,2041,95922,4920,417499,2185,513421,California
San Mateo,2021-05-22,6145,906569,4115,536591,1963,337648,67,32330,2422,94710,3704,421203,2492,515913,California
San Mateo,2021-05-23,2987,909556,1646,538237,1252,338900,89,32419,1149,94121,1827,423030,1238,517151,California
San Mateo,2021-05-24,3394,912950,2230,540467,1015,339915,149,32568,1110,93111,2266,425296,1256,518407,California
San Mateo,2021-05-25,4762,917712,2997,543464,1585,341500,180,32748,1599,91749,3143,428439,1781,520188,California
San Mateo,2021-05-26,5636,923348,3039,546503,2481,343981,116,32864,1774,89796,3843,432282,1890,522078,California
San Mateo,2021-05-27,3775,927123,2198,548701,1479,345460,98,32962,1245,88630,2505,434787,1339,523417,California
San Mateo,2021-05-28,3457,930580,2184,550885,1187,346647,86,33048,1326,87948,2092,436879,1410,524827,California
San Mateo,2021-05-29,3232,933812,2299,553184,881,347528,52,33100,1328,87448,1879,438758,1379,526206,California
San Mateo,2021-05-30,1653,935465,1120,554304,472,348000,61,33161,671,87207,973,439731,732,526938,California
San Mateo,2021-05-31,498,935963,333,554637,156,348156,9,33170,222,87164,274,440005,231,527169,California
San Mateo,2021-06-01,3392,939355,2035,556672,1260,349416,97,33267,1120,86120,2260,442265,1216,528385,California
San Mateo,2021-06-02,2769,942124,1841,558513,850,350266,78,33345,1128,85698,1626,443891,1204,529589,California
San Mateo,2021-06-03,3813,945937,2996,561509,703,350969,114,33459,886,83779,2915,446806,996,530585,California
San Mateo,2021-06-04,4163,950100,3216,564725,852,351821,95,33554,1248,82213,2896,449702,1330,531915,California
San Mateo,2021-06-05,5131,955231,4501,569226,532,352353,98,33652,1096,79402,4005,453707,1194,533109,California
San Mateo,2021-06-06,2489,957720,2050,571276,378,352731,61,33713,554,78098,1915,455622,611,533720,California
San Mateo,2021-06-07,3105,960825,2603,573879,419,353150,83,33796,791,76663,2307,457929,872,534592,California
San Mateo,2021-06-08,4032,964857,3407,577286,524,353674,101,33897,1001,74768,2997,460926,1102,535694,California
San Mateo,2021-06-09,3300,968157,2905,580191,346,354020,49,33946,513,72550,2778,463704,560,536254,California
San Mateo,2021-06-10,2253,970410,1874,582065,302,354322,77,34023,602,71586,1643,465347,679,536933,California
San Mateo,2021-06-11,1750,972160,1398,583463,282,354604,70,34093,604,71117,1142,466489,673,537606,California
San Mateo,2021-06-12,2638,974798,2432,585895,146,354750,60,34153,805,70158,1824,468313,865,538471,California
San Mateo,2021-06-13,654,975452,452,586347,172,354922,30,34183,177,69890,474,468787,206,538677,California
Santa Barbara,2020-12-15,2,2,2,2,0,0,0,0,2,2,0,0,2,2,California
Santa Barbara,2020-12-16,2,4,2,4,0,0,0,0,2,4,0,0,2,4,California
Santa Barbara,2020-12-17,56,60,56,60,0,0,0,0,56,60,0,0,56,60,California
Santa Barbara,2020-12-18,379,439,378,438,1,1,0,0,379,439,0,0,379,439,California
Santa Barbara,2020-12-19,325,764,325,763,0,1,0,0,325,764,0,0,325,764,California
Santa Barbara,2020-12-20,235,999,235,998,0,1,0,0,235,999,0,0,235,999,California
Santa Barbara,2020-12-21,653,1652,651,1649,2,3,0,0,653,1652,0,0,653,1652,California
Santa Barbara,2020-12-22,246,1898,244,1893,2,5,0,0,246,1898,0,0,246,1898,California
Santa Barbara,2020-12-23,325,2223,207,2100,118,123,0,0,325,2223,0,0,325,2223,California
Santa Barbara,2020-12-24,88,2311,40,2140,48,171,0,0,88,2311,0,0,88,2311,California
Santa Barbara,2020-12-26,326,2637,66,2206,260,431,0,0,326,2637,0,0,326,2637,California
Santa Barbara,2020-12-27,62,2699,1,2207,61,492,0,0,62,2699,0,0,62,2699,California
Santa Barbara,2020-12-28,358,3057,225,2432,133,625,0,0,358,3057,0,0,358,3057,California
Santa Barbara,2020-12-29,561,3618,359,2791,202,827,0,0,561,3618,0,0,561,3618,California
Santa Barbara,2020-12-30,577,4195,395,3186,182,1009,0,0,577,4195,0,0,577,4195,California
Santa Barbara,2020-12-31,240,4435,114,3300,126,1135,0,0,240,4435,0,0,240,4435,California
Santa Barbara,2021-01-01,116,4551,110,3410,6,1141,0,0,116,4551,0,0,116,4551,California
Santa Barbara,2021-01-02,599,5150,233,3643,366,1507,0,0,599,5150,0,0,599,5150,California
Santa Barbara,2021-01-03,23,5173,15,3658,8,1515,0,0,23,5173,0,0,23,5173,California
Santa Barbara,2021-01-04,305,5478,242,3900,63,1578,0,0,304,5477,0,0,304,5477,California
Santa Barbara,2021-01-05,752,6230,380,4280,372,1950,0,0,724,6173,28,28,724,6201,California
Santa Barbara,2021-01-06,657,6887,277,4557,380,2330,0,0,596,6709,60,88,596,6797,California
Santa Barbara,2021-01-07,1032,7919,709,5266,323,2653,0,0,528,6737,500,588,528,7325,California
Santa Barbara,2021-01-08,1204,9123,845,6111,359,3012,0,0,709,6951,495,1083,709,8034,California
Santa Barbara,2021-01-09,565,9688,293,6404,272,3284,0,0,319,7024,246,1329,319,8353,California
Santa Barbara,2021-01-10,62,9750,50,6454,12,3296,0,0,46,7054,16,1345,46,8399,California
Santa Barbara,2021-01-11,838,10588,670,7124,168,3464,0,0,613,7443,224,1569,613,9012,California
Santa Barbara,2021-01-12,1440,12028,646,7770,794,4258,0,0,1281,8565,159,1728,1281,10293,California
Santa Barbara,2021-01-13,1219,13247,270,8040,949,5207,0,0,1092,9530,127,1855,1092,11385,California
Santa Barbara,2021-01-14,1254,14501,136,8176,1118,6325,0,0,1199,10676,54,1909,1200,12585,California
Santa Barbara,2021-01-15,1808,16309,426,8602,1382,7707,0,0,1726,12321,81,1990,1726,14311,California
Santa Barbara,2021-01-16,1280,17589,202,8804,1078,8785,0,0,1240,13522,39,2029,1240,15551,California
Santa Barbara,2021-01-17,125,17714,22,8826,103,8888,0,0,122,13641,3,2032,122,15673,California
Santa Barbara,2021-01-18,1156,18870,419,9245,737,9625,0,0,970,14425,186,2218,970,16643,California
Santa Barbara,2021-01-19,1640,20510,572,9817,1068,10693,0,0,1360,15507,278,2496,1360,18003,California
Santa Barbara,2021-01-20,2108,22618,549,10366,1559,12252,0,0,1753,16906,354,2850,1753,19756,California
Santa Barbara,2021-01-21,3200,25818,1921,12287,1279,13531,0,0,3040,19787,160,3010,3041,22797,California
Santa Barbara,2021-01-22,2933,28751,1780,14067,1153,14684,0,0,2769,22396,161,3171,2770,25567,California
Santa Barbara,2021-01-23,1731,30482,1101,15168,630,15314,0,0,1214,23094,516,3687,1214,26781,California
Santa Barbara,2021-01-24,844,31326,752,15920,92,15406,0,0,835,23920,9,3696,835,27616,California
Santa Barbara,2021-01-25,1241,32567,496,16416,745,16151,0,0,1005,24689,236,3932,1005,28621,California
Santa Barbara,2021-01-26,2081,34648,499,16915,1582,17733,0,0,1697,26004,382,4314,1697,30318,California
Santa Barbara,2021-01-27,1169,35817,400,17315,769,18502,0,0,906,26651,262,4576,909,31227,California
Santa Barbara,2021-01-28,894,36711,297,17612,597,19099,0,0,680,27120,211,4787,680,31907,California
Santa Barbara,2021-01-29,1331,38042,531,18143,800,19899,0,0,977,27748,351,5138,979,32886,California
Santa Barbara,2021-01-30,1907,39949,1422,19565,485,20384,0,0,1491,28826,413,5551,1491,34377,California
Santa Barbara,2021-01-31,1455,41404,1217,20782,238,20622,0,0,1416,30203,39,5590,1416,35793,California
Santa Barbara,2021-02-01,954,42358,527,21309,427,21049,0,0,556,30361,398,5988,556,36349,California
Santa Barbara,2021-02-02,1808,44166,679,21988,1129,22178,0,0,1039,30634,766,6754,1039,37388,California
Santa Barbara,2021-02-03,1946,46112,1080,23068,866,23044,0,0,1505,31709,430,7184,1505,38893,California
Santa Barbara,2021-02-04,2781,48893,1869,24937,912,23956,0,0,2483,33900,292,7476,2483,41376,California
Santa Barbara,2021-02-05,2902,51795,2058,26995,844,24800,0,0,2258,35516,642,8118,2258,43634,California
Santa Barbara,2021-02-06,1201,52996,338,27333,863,25663,0,0,792,35899,409,8527,792,44426,California
Santa Barbara,2021-02-07,303,53299,264,27597,39,25702,0,0,267,36131,35,8562,267,44693,California
Santa Barbara,2021-02-08,954,54253,309,27906,645,26347,0,0,666,36509,288,8850,666,45359,California
Santa Barbara,2021-02-09,2435,56688,313,28219,2122,28469,0,0,1118,36319,1308,10158,1118,46477,California
Santa Barbara,2021-02-10,2758,59446,1496,29715,1262,29731,0,0,776,35121,1974,12132,776,47253,California
Santa Barbara,2021-02-11,4192,63638,2810,32525,1382,31113,0,0,628,32195,3554,15686,628,47881,California
Santa Barbara,2021-02-12,3311,66949,948,33473,2363,33476,0,0,777,30444,2528,18214,777,48658,California
Santa Barbara,2021-02-13,1232,68181,339,33812,893,34369,0,0,561,30336,669,18883,561,49219,California
Santa Barbara,2021-02-14,337,68518,41,33853,296,34665,0,0,289,30577,48,18931,289,49508,California
Santa Barbara,2021-02-15,971,69489,340,34193,631,35296,0,0,496,30601,472,19403,496,50004,California
Santa Barbara,2021-02-16,2151,71640,437,34630,1714,37010,0,0,722,29898,1425,20828,722,50726,California
Santa Barbara,2021-02-17,1436,73076,319,34949,1117,38127,0,0,520,29506,912,21740,520,51246,California
Santa Barbara,2021-02-18,3261,76337,2655,37604,606,38733,0,0,1524,29329,1701,23441,1524,52770,California
Santa Barbara,2021-02-19,3586,79923,2634,40238,952,39685,0,0,2323,30392,1260,24701,2323,55093,California
Santa Barbara,2021-02-20,2229,82152,1444,41682,785,40470,0,0,1670,31513,549,25250,1670,56763,California
Santa Barbara,2021-02-21,138,82290,109,41791,29,40499,0,0,61,31499,75,25325,61,56824,California
Santa Barbara,2021-02-22,933,83223,243,42034,690,41189,0,0,269,31106,662,25987,269,57093,California
Santa Barbara,2021-02-23,3190,86413,1046,43080,2144,43333,0,0,420,28760,2766,28753,420,57513,California
Santa Barbara,2021-02-24,3222,89635,1100,44180,2122,45455,0,0,722,26991,2491,31244,722,58235,California
Santa Barbara,2021-02-25,3458,93093,1921,46101,1537,46992,0,0,991,25524,2459,33703,992,59227,California
Santa Barbara,2021-02-26,3664,96757,2179,48280,1485,48477,0,0,1973,25814,1683,35386,1973,61200,California
Santa Barbara,2021-02-27,1536,98293,562,48842,974,49451,0,0,856,25996,676,36062,858,62058,California
Santa Barbara,2021-02-28,1086,99379,221,49063,865,50316,0,0,893,26703,187,36249,894,62952,California
Santa Barbara,2021-03-01,1652,101031,472,49535,1178,51494,2,2,1092,27255,543,36792,1095,64047,California
Santa Barbara,2021-03-02,2661,103692,424,49959,2237,53731,0,2,2160,28928,488,37280,2161,66208,California
Santa Barbara,2021-03-03,4633,108325,2099,52058,2532,56263,2,4,4037,32385,585,37865,4042,70250,California
Santa Barbara,2021-03-04,3418,111743,2280,54338,1138,57401,0,4,2864,34704,545,38410,2864,73114,California
Santa Barbara,2021-03-05,3820,115563,2164,56502,1597,58998,59,63,3093,37134,722,39132,3152,76266,California
Santa Barbara,2021-03-06,2433,117996,727,57229,1487,60485,219,282,1669,38260,759,39891,1885,78151,California
Santa Barbara,2021-03-07,566,118562,124,57353,311,60796,131,413,385,38597,180,40071,517,78668,California
Santa Barbara,2021-03-08,1578,120140,378,57731,857,61653,343,756,794,38956,778,40849,1137,79805,California
Santa Barbara,2021-03-09,2805,122945,349,58080,1683,63336,773,1529,742,38407,2060,42909,1511,81316,California
Santa Barbara,2021-03-10,2767,125712,554,58634,1162,64498,1051,2580,1045,38783,1717,44626,2093,83409,California
Santa Barbara,2021-03-11,5589,131301,3034,61668,1436,65934,1119,3699,2278,38876,3297,47923,3390,86799,California
Santa Barbara,2021-03-12,3687,134988,2101,63769,1156,67090,430,4129,2184,39991,1496,49419,2611,89410,California
Santa Barbara,2021-03-13,3498,138486,1938,65707,1351,68441,209,4338,2699,42103,796,50215,2908,92318,California
Santa Barbara,2021-03-14,804,139290,389,66096,360,68801,55,4393,484,42323,319,50534,539,92857,California
Santa Barbara,2021-03-15,2117,141407,697,66793,1128,69929,292,4685,1269,43042,840,51374,1559,94416,California
Santa Barbara,2021-03-16,3723,145130,1173,67966,2208,72137,342,5027,2736,45137,983,52357,3078,97494,California
Santa Barbara,2021-03-17,3315,148445,976,68942,1934,74071,405,5432,2323,46871,990,53347,2724,100218,California
Santa Barbara,2021-03-18,5221,153666,2794,71736,2225,76296,202,5634,3999,49866,1206,54553,4201,104419,California
Santa Barbara,2021-03-19,4449,158115,2770,74506,1346,77642,333,5967,3055,51863,1390,55943,3387,107806,California
Santa Barbara,2021-03-20,2180,160295,835,75341,1329,78971,16,5983,1332,52365,845,56788,1347,109153,California
Santa Barbara,2021-03-21,1168,161463,384,75725,753,79724,31,6014,840,52910,326,57114,871,110024,California
Santa Barbara,2021-03-22,2777,164240,1914,77639,819,80543,44,6058,2221,54628,547,57661,2265,112289,California
Santa Barbara,2021-03-23,4486,168726,2261,79900,2124,82667,101,6159,3711,57674,765,58426,3811,116100,California
Santa Barbara,2021-03-24,5421,174147,3154,83054,1515,84182,752,6911,2973,58970,2425,60851,3721,119821,California
Santa Barbara,2021-03-25,5567,179714,3275,86329,2100,86282,192,7103,2789,59189,2762,63613,2981,122802,California
Santa Barbara,2021-03-26,5095,184809,3229,89558,1567,87849,299,7402,2245,58901,2832,66445,2544,125346,California
Santa Barbara,2021-03-27,2960,187769,1225,90783,1692,89541,43,7445,1625,59236,1331,67776,1666,127012,California
Santa Barbara,2021-03-28,2783,190552,1658,92441,1097,90638,28,7473,1895,60277,884,68660,1925,128937,California
Santa Barbara,2021-03-29,4040,194592,2083,94524,1886,92524,71,7544,3228,62768,808,69468,3299,132236,California
Santa Barbara,2021-03-30,6805,201397,3514,98038,3140,95664,151,7695,4538,65202,2252,71720,4686,136922,California
Santa Barbara,2021-03-31,8697,210094,5537,103575,3094,98758,66,7761,5058,66708,3618,75338,5124,142046,California
Santa Barbara,2021-04-01,7055,217149,5219,108794,1577,100335,259,8020,4187,68303,2849,78187,4444,146490,California
Santa Barbara,2021-04-02,6651,223800,4566,113360,1491,101826,594,8614,3426,69105,3217,81404,4019,150509,California
Santa Barbara,2021-04-03,3812,227612,2115,115475,1631,103457,66,8680,2519,70402,1287,82691,2584,153093,California
Santa Barbara,2021-04-04,899,228511,443,115918,416,103873,40,8720,498,70541,399,83090,538,153631,California
Santa Barbara,2021-04-05,3467,231978,2293,118211,916,104789,258,8978,2171,71683,1287,84377,2429,156060,California
Santa Barbara,2021-04-06,5492,237470,2831,121042,2123,106912,538,9516,3364,73470,2112,86489,3899,159959,California
Santa Barbara,2021-04-07,6027,243497,3293,124335,2191,109103,543,10059,4091,76176,1927,88416,4633,164592,California
Santa Barbara,2021-04-08,7424,250921,5051,129386,646,109749,1727,11786,3436,77353,3983,92399,5160,169752,California
Santa Barbara,2021-04-09,7342,258263,4886,134272,1094,110843,1362,13148,3311,77999,4022,96421,4668,174420,California
Santa Barbara,2021-04-10,6726,264989,4665,138937,1446,112289,615,13763,4583,81061,2134,98555,5196,179616,California
Santa Barbara,2021-04-11,2686,267675,1971,140908,412,112701,303,14066,1860,82399,820,99375,2158,181774,California
Santa Barbara,2021-04-12,4425,272100,2850,143758,1022,113723,553,14619,1919,82370,2499,101874,2470,184244,California
Santa Barbara,2021-04-13,6386,278486,4195,147953,2185,115908,6,14625,2663,81320,3718,105592,2668,186912,California
Santa Barbara,2021-04-14,6785,285271,4416,152369,2367,118275,2,14627,4236,83024,2538,108130,4242,191154,California
Santa Barbara,2021-04-15,6981,292252,4106,156475,2874,121149,1,14628,3782,83620,3188,111318,3784,194938,California
Santa Barbara,2021-04-16,6399,298651,3758,160233,2630,123779,11,14639,4402,86057,1981,113299,4418,199356,California
Santa Barbara,2021-04-17,5313,303964,3859,164092,1454,125233,0,14639,4094,88944,1207,114506,4094,203450,California
Santa Barbara,2021-04-18,2130,306094,1479,165571,651,125884,0,14639,370,87559,1756,116262,371,203821,California
Santa Barbara,2021-04-19,3232,309326,2226,167797,1000,126884,6,14645,1028,86395,2199,118461,1035,204856,California
Santa Barbara,2021-04-20,5873,315199,3951,171748,1921,128805,1,14646,1650,83836,4209,122670,1650,206506,California
Santa Barbara,2021-04-21,5479,320678,3635,175383,1844,130649,0,14646,1738,81846,3728,126398,1738,208244,California
Santa Barbara,2021-04-22,5092,325770,2555,177938,2536,133185,1,14647,1452,79677,3624,130022,1455,209699,California
Santa Barbara,2021-04-23,5585,331355,3877,181815,1708,134893,0,14647,1963,78031,3609,133631,1963,211662,California
Santa Barbara,2021-04-24,4430,335785,2877,184692,1548,136441,5,14652,1632,76890,2779,136410,1638,213300,California
Santa Barbara,2021-04-25,1838,337623,1186,185878,652,137093,0,14652,499,76059,1330,137740,499,213799,California
Santa Barbara,2021-04-26,3240,340863,1972,187850,1247,138340,21,14673,558,73963,2675,140415,579,214378,California
Santa Barbara,2021-04-27,3957,344820,2163,190013,1690,140030,104,14777,1164,72447,2783,143198,1267,215645,California
Santa Barbara,2021-04-28,4907,349727,2859,192872,1931,141961,117,14894,1396,70465,3498,146696,1516,217161,California
Santa Barbara,2021-04-29,5254,354981,3802,196674,1225,143186,227,15121,1438,68328,3800,150496,1663,218824,California
Santa Barbara,2021-04-30,4949,359930,3697,200371,1088,144274,164,15285,1411,66380,3522,154018,1574,220398,California
Santa Barbara,2021-05-01,5258,365188,4072,204443,1152,145426,34,15319,890,62951,4354,158372,925,221323,California
Santa Barbara,2021-05-02,1134,366322,667,205110,339,145765,128,15447,308,62561,826,159198,436,221759,California
Santa Barbara,2021-05-03,2203,368525,1476,206586,588,146353,139,15586,440,61382,1756,160954,577,222336,California
Santa Barbara,2021-05-04,3290,371815,1666,208252,1552,147905,72,15658,1144,60464,2133,163087,1215,223551,California
Santa Barbara,2021-05-05,5433,377248,3675,211927,1611,149516,147,15805,622,56437,4798,167885,771,224322,California
Santa Barbara,2021-05-06,5060,382308,3918,215845,1038,150554,104,15909,966,53429,4078,171963,1070,225392,California
Santa Barbara,2021-05-07,4663,386971,3652,219497,831,151385,180,16089,1000,50953,3653,175616,1177,226569,California
Santa Barbara,2021-05-08,4240,391211,3161,222658,981,152366,98,16187,889,48602,3338,178954,987,227556,California
Santa Barbara,2021-05-09,699,391910,110,222768,549,152915,40,16227,466,48877,232,179186,507,228063,California
Santa Barbara,2021-05-10,1318,393228,621,223389,614,153529,83,16310,363,48369,953,180139,445,228508,California
Santa Barbara,2021-05-11,1869,395097,784,224173,789,154318,296,16606,425,47651,1436,181575,718,229226,California
Santa Barbara,2021-05-12,1659,396756,737,224910,698,155016,224,16830,481,47186,1170,182745,705,229931,California
Santa Barbara,2021-05-13,3727,400483,2787,227697,745,155761,195,17025,1233,46131,2483,185228,1428,231359,California
Santa Barbara,2021-05-14,4139,404622,2521,230218,1524,157285,94,17119,1627,45352,2498,187726,1719,233078,California
Santa Barbara,2021-05-15,3505,408127,2564,232782,922,158207,19,17138,1841,45560,1653,189379,1861,234939,California
Santa Barbara,2021-05-16,1065,409192,467,233249,483,158690,115,17253,469,45552,592,189971,584,235523,California
Santa Barbara,2021-05-17,1632,410824,929,234178,640,159330,63,17316,863,45714,763,190734,925,236448,California
Santa Barbara,2021-05-18,1843,412667,1161,235339,586,159916,96,17412,973,45930,854,191588,1070,237518,California
Santa Barbara,2021-05-19,1752,414419,965,236304,747,160663,40,17452,812,45849,932,192520,851,238369,California
Santa Barbara,2021-05-20,1713,416132,938,237242,656,161319,119,17571,863,45992,838,193358,981,239350,California
Santa Barbara,2021-05-21,3463,419595,2342,239584,1067,162386,54,17625,1275,45148,2174,195532,1330,240680,California
Santa Barbara,2021-05-22,2468,422063,1709,241293,715,163101,44,17669,1394,45521,1066,196598,1439,242119,California
Santa Barbara,2021-05-23,747,422810,327,241620,392,163493,28,17697,409,45621,337,196935,437,242556,California
Santa Barbara,2021-05-24,998,423808,583,242203,352,163845,63,17760,481,45652,513,197448,544,243100,California
Santa Barbara,2021-05-25,1398,425206,568,242771,761,164606,69,17829,460,45249,932,198380,529,243629,California
Santa Barbara,2021-05-26,3006,428212,1708,244479,1178,165784,120,17949,834,44045,2157,200537,953,244582,California
Santa Barbara,2021-05-27,1952,430164,1210,245689,599,166383,143,18092,824,43892,1121,201658,968,245550,California
Santa Barbara,2021-05-28,1509,431673,704,246393,653,167036,152,18244,622,43783,884,202542,775,246325,California
Santa Barbara,2021-05-29,896,432569,315,246708,544,167580,37,18281,366,43659,527,203069,403,246728,California
Santa Barbara,2021-05-30,499,433068,179,246887,223,167803,97,18378,186,43630,311,203380,282,247010,California
Santa Barbara,2021-05-31,95,433163,43,246930,42,167845,10,18388,23,43591,71,203451,32,247042,California
Santa Barbara,2021-06-01,1128,434291,591,247521,479,168324,58,18446,461,43448,662,204113,519,247561,California
Santa Barbara,2021-06-02,980,435271,585,248106,312,168636,83,18529,433,43420,543,204656,515,248076,California
Santa Barbara,2021-06-03,2050,437321,1542,249648,452,169088,56,18585,614,42658,1431,206087,669,248745,California
Santa Barbara,2021-06-04,1447,438768,661,250309,646,169734,140,18725,483,42322,956,207043,620,249365,California
Santa Barbara,2021-06-05,2913,441681,2208,252517,653,170387,52,18777,497,40466,2404,209447,548,249913,California
Santa Barbara,2021-06-06,904,442585,476,252993,409,170796,19,18796,254,40092,647,210094,273,250186,California
Santa Barbara,2021-06-07,1155,443740,826,253819,281,171077,48,18844,302,39591,851,210945,350,250536,California
Santa Barbara,2021-06-08,1093,444833,704,254523,357,171434,32,18876,290,39114,798,211743,321,250857,California
Santa Barbara,2021-06-09,654,445487,404,254927,170,171604,80,18956,217,38977,434,212177,297,251154,California
Santa Barbara,2021-06-10,2017,447504,1788,256715,165,171769,64,19020,405,37836,1610,213787,469,251623,California
Santa Barbara,2021-06-11,819,448323,266,256981,457,172226,96,19116,236,37587,581,214368,332,251955,California
Santa Barbara,2021-06-12,548,448871,358,257339,175,172401,15,19131,122,37300,423,214791,136,252091,California
Santa Barbara,2021-06-13,259,449130,148,257487,16,172417,95,19226,54,37245,204,214995,149,252240,California
Santa Clara,2020-12-15,68,68,68,68,0,0,0,0,68,68,0,0,68,68,California
Santa Clara,2020-12-16,150,218,150,218,0,0,0,0,150,218,0,0,150,218,California
Santa Clara,2020-12-17,409,627,409,627,0,0,0,0,409,627,0,0,409,627,California
Santa Clara,2020-12-18,1761,2388,1761,2388,0,0,0,0,1761,2388,0,0,1761,2388,California
Santa Clara,2020-12-19,2085,4473,2085,4473,0,0,0,0,2084,4472,0,0,2084,4472,California
Santa Clara,2020-12-20,1899,6372,1898,6371,1,1,0,0,1896,6368,0,0,1896,6368,California
Santa Clara,2020-12-21,2672,9044,2672,9043,0,1,0,0,2670,9037,1,1,2670,9038,California
Santa Clara,2020-12-22,3114,12158,3107,12150,7,8,0,0,3110,12147,0,1,3110,12148,California
Santa Clara,2020-12-23,3275,15433,3082,15232,193,201,0,0,3274,15421,0,1,3274,15422,California
Santa Clara,2020-12-24,1895,17328,1704,16936,191,392,0,0,1888,17307,2,3,1888,17310,California
Santa Clara,2020-12-25,345,17673,344,17280,1,393,0,0,345,17652,0,3,345,17655,California
Santa Clara,2020-12-26,1258,18931,1023,18303,235,628,0,0,1257,18909,0,3,1257,18912,California
Santa Clara,2020-12-27,651,19582,508,18811,143,771,0,0,651,19560,0,3,651,19563,California
Santa Clara,2020-12-28,2352,21934,1735,20546,617,1388,0,0,2352,21912,0,3,2352,21915,California
Santa Clara,2020-12-29,2375,24309,1506,22052,869,2257,0,0,2374,24286,0,3,2374,24289,California
Santa Clara,2020-12-30,3001,27310,1898,23950,1103,3360,0,0,2999,27283,2,5,2999,27288,California
Santa Clara,2020-12-31,1229,28539,391,24341,838,4198,0,0,1228,28510,1,6,1228,28516,California
Santa Clara,2021-01-01,148,28687,12,24353,136,4334,0,0,147,28656,1,7,147,28663,California
Santa Clara,2021-01-02,1098,29785,822,25175,276,4610,0,0,1098,29754,0,7,1098,29761,California
Santa Clara,2021-01-03,585,30370,368,25543,217,4827,0,0,580,30331,3,10,580,30341,California
Santa Clara,2021-01-04,2486,32856,1677,27220,809,5636,0,0,2483,32814,0,10,2483,32824,California
Santa Clara,2021-01-05,3097,35953,2029,29249,1068,6704,0,0,2903,35530,193,203,2909,35733,California
Santa Clara,2021-01-06,3364,39317,1989,31238,1375,8079,0,0,2754,37681,605,808,2756,38489,California
Santa Clara,2021-01-07,4246,43563,2572,33810,1674,9753,0,0,3155,39761,1081,1889,3161,41650,California
Santa Clara,2021-01-08,5892,49455,3852,37662,2040,11793,0,0,3775,41427,2109,3998,3775,45425,California
Santa Clara,2021-01-09,3022,52477,1901,39563,1121,12914,0,0,1697,41805,1322,5320,1700,47125,California
Santa Clara,2021-01-10,1978,54455,1525,41088,453,13367,0,0,758,41344,1219,6539,758,47883,California
Santa Clara,2021-01-11,5988,60443,3781,44869,2207,15574,0,0,3392,42148,2593,9132,3397,51280,California
Santa Clara,2021-01-12,6890,67333,3489,48358,3401,18975,0,0,4565,44426,2311,11443,4589,55869,California
Santa Clara,2021-01-13,7459,74792,3107,51465,4352,23327,0,0,5236,47463,2220,13663,5257,61126,California
Santa Clara,2021-01-14,8344,83136,2894,54359,5450,28777,0,0,6535,52250,1804,15467,6591,67717,California
Santa Clara,2021-01-15,9499,92635,2686,57045,6813,35590,0,0,8173,59105,1323,16790,8178,75895,California
Santa Clara,2021-01-16,4331,96966,1237,58282,3094,38684,0,0,3490,61766,837,17627,3498,79393,California
Santa Clara,2021-01-17,3248,100214,613,58895,2635,41319,0,0,2743,64008,501,18128,2743,82136,California
Santa Clara,2021-01-18,5144,105358,1182,60077,3962,45281,0,0,4581,68027,563,18691,4582,86718,California
Santa Clara,2021-01-19,8536,113894,2699,62776,5837,51118,0,0,6840,73177,1693,20384,6843,93561,California
Santa Clara,2021-01-20,8154,122048,4156,66932,3998,55116,0,0,6595,78218,1554,21938,6595,100156,California
Santa Clara,2021-01-21,8772,130820,3807,70739,4965,60081,0,0,7556,84562,1214,23152,7558,107714,California
Santa Clara,2021-01-22,8686,139506,3254,73993,5432,65513,0,0,8107,92095,577,23729,8110,115824,California
Santa Clara,2021-01-23,3816,143322,1699,75692,2117,67630,0,0,2843,93966,973,24702,2844,118668,California
Santa Clara,2021-01-24,2854,146176,1426,77118,1428,69058,0,0,2364,95843,487,25189,2364,121032,California
Santa Clara,2021-01-25,8432,154608,3809,80927,4623,73681,0,0,6345,100111,2079,27268,6347,127379,California
Santa Clara,2021-01-26,8366,162974,3825,84752,4541,78222,0,0,6212,104183,2144,29412,6216,133595,California
Santa Clara,2021-01-27,8821,171795,3883,88635,4938,83160,0,0,6880,109147,1921,31333,6885,140480,California
Santa Clara,2021-01-28,9615,181410,3869,92504,5746,88906,0,0,7624,114806,1970,33303,7629,148109,California
Santa Clara,2021-01-29,9613,191023,3961,96465,5652,94558,0,0,7422,120050,2180,35483,7424,155533,California
Santa Clara,2021-01-30,4138,195161,2076,98541,2062,96620,0,0,2917,121755,1214,36697,2919,158452,California
Santa Clara,2021-01-31,2194,197355,1308,99849,886,97506,0,0,1595,122755,595,37292,1595,160047,California
Santa Clara,2021-02-01,7885,205240,3523,103372,4362,101868,0,0,6169,127218,1708,39000,6171,166218,California
Santa Clara,2021-02-02,8652,213892,2900,106272,5752,107620,0,0,6626,131828,2019,41019,6629,172847,California
Santa Clara,2021-02-03,9250,223142,3506,109778,5744,113364,0,0,6953,136498,2289,43308,6959,179806,California
Santa Clara,2021-02-04,11027,234169,4174,113952,6853,120217,0,0,8717,142918,2300,45608,8720,188526,California
Santa Clara,2021-02-05,11992,246161,4366,118318,7626,127843,0,0,8517,147975,3461,49069,8518,197044,California
Santa Clara,2021-02-06,5253,251414,2858,121176,2395,130238,0,0,4073,150873,1177,50246,4075,201119,California
Santa Clara,2021-02-07,3510,254924,2360,123536,1150,131388,0,0,3050,153465,459,50705,3051,204170,California
Santa Clara,2021-02-08,10093,265017,3533,127069,6560,137948,0,0,7366,158119,2713,53418,7367,211537,California
Santa Clara,2021-02-09,11223,276240,3841,130910,7382,145330,0,0,7710,162334,3499,56917,7714,219251,California
Santa Clara,2021-02-10,12720,288960,4962,135872,7758,153088,0,0,6868,163364,5841,62758,6871,226122,California
Santa Clara,2021-02-11,13656,302616,4788,140660,8868,161956,0,0,7763,165250,5878,68636,7764,233886,California
Santa Clara,2021-02-12,14643,317259,4503,145163,10140,172096,0,0,7024,164678,7598,76234,7026,240912,California
Santa Clara,2021-02-13,6123,323382,1475,146638,4648,176744,0,0,2239,163042,3877,80111,2241,243153,California
Santa Clara,2021-02-14,4638,328020,1154,147792,3484,180228,0,0,1483,161374,3153,83264,1485,244638,California
Santa Clara,2021-02-15,6300,334320,2802,150594,3498,183726,0,0,2721,160522,3573,86837,2721,247359,California
Santa Clara,2021-02-16,13876,348196,4055,154649,9821,193547,0,0,6961,160584,6900,93737,6962,254321,California
Santa Clara,2021-02-17,14141,362337,5533,160182,8608,202155,0,0,7061,160587,7063,100800,7066,261387,California
Santa Clara,2021-02-18,14354,376691,8477,168659,5877,208032,0,0,7311,160900,7002,107802,7315,268702,California
Santa Clara,2021-02-19,14996,391687,9618,178277,5378,213410,0,0,8739,163404,6240,114042,8744,277446,California
Santa Clara,2021-02-20,6971,398658,5208,183485,1763,215173,0,0,3760,163963,3201,117243,3760,281206,California
Santa Clara,2021-02-21,3405,402063,2522,186007,883,216056,0,0,1261,163090,2136,119379,1263,282469,California
Santa Clara,2021-02-22,10376,412439,6206,192213,4170,220226,0,0,4830,162387,5534,124913,4831,287300,California
Santa Clara,2021-02-23,12090,424529,7825,200038,4265,224491,0,0,6838,163992,5238,130151,6843,294143,California
Santa Clara,2021-02-24,14336,438865,9254,209292,5082,229573,0,0,8863,167399,5456,135607,8863,303006,California
Santa Clara,2021-02-25,15137,454002,9665,218957,5472,235045,0,0,8251,168795,6861,142468,8257,311263,California
Santa Clara,2021-02-26,15057,469059,8729,227686,6328,241373,0,0,8219,170204,6813,149281,8222,319485,California
Santa Clara,2021-02-27,8274,477333,5749,233435,2524,243897,1,1,4646,171241,3617,152898,4654,324139,California
Santa Clara,2021-02-28,5404,482737,3691,237126,1713,245610,0,1,2680,171208,2714,155612,2681,326820,California
Santa Clara,2021-03-01,14607,497344,8407,245533,6195,251805,5,6,9064,174754,5523,161135,9069,335889,California
Santa Clara,2021-03-02,16178,513522,9580,255113,6597,258402,1,7,10316,179235,5837,166972,10318,346207,California
Santa Clara,2021-03-03,18611,532133,9168,264281,9439,267841,4,11,11541,183752,7032,174004,11549,357756,California
Santa Clara,2021-03-04,16631,548764,9071,273352,7557,275398,3,14,9669,186546,6880,180884,9674,367430,California
Santa Clara,2021-03-05,16680,565444,9286,282638,7268,282666,126,140,9270,188559,7388,188272,9401,376831,California
Santa Clara,2021-03-06,9506,574950,6348,288986,2706,285372,452,592,7123,193762,2371,190643,7574,384405,California
Santa Clara,2021-03-07,6866,581816,4489,293475,2133,287505,244,836,5461,198070,1396,192039,5704,390109,California
Santa Clara,2021-03-08,12987,594803,6765,300240,5645,293150,577,1413,8337,202351,4632,196671,8913,399022,California
Santa Clara,2021-03-09,15283,610086,6547,306787,7399,300549,1337,2750,6841,202100,8422,205093,8171,407193,California
Santa Clara,2021-03-10,15200,625286,6632,313419,6445,306994,2123,4873,6240,201505,8932,214025,8337,415530,California
Santa Clara,2021-03-11,17151,642437,7802,321221,7837,314831,1512,6385,6071,198020,11051,225076,7566,423096,California
Santa Clara,2021-03-12,17822,660259,9149,330370,7095,321926,1578,7963,5984,193764,11795,236871,7539,430635,California
Santa Clara,2021-03-13,10804,671063,6264,336634,3043,324969,1497,9460,4777,194012,6003,242874,6251,436886,California
Santa Clara,2021-03-14,6555,677618,3390,340024,1852,326821,1313,10773,3172,195119,3366,246240,4473,441359,California
Santa Clara,2021-03-15,12881,690499,6586,346610,6021,332842,274,11047,5983,194502,6873,253113,6256,447615,California
Santa Clara,2021-03-16,18295,708794,10355,356965,7732,340574,208,11255,8839,194119,9428,262541,9045,456660,California
Santa Clara,2021-03-17,20022,728816,11329,368294,8525,349099,168,11423,10299,194908,9672,272213,10461,467121,California
Santa Clara,2021-03-18,19210,748026,8989,377283,9045,358144,1176,12599,8978,194879,10176,282389,10147,477268,California
Santa Clara,2021-03-19,19428,767454,9985,387268,8435,366579,1008,13607,9889,196286,9479,291868,10886,488154,California
Santa Clara,2021-03-20,11508,778962,6353,393621,4321,370900,834,14441,6677,198993,4801,296669,7508,495662,California
Santa Clara,2021-03-21,8358,787320,3787,397408,3164,374064,1407,15848,5332,202705,3012,299681,6724,502386,California
Santa Clara,2021-03-22,16422,803742,9178,406586,6889,380953,355,16203,9017,204695,7378,307059,9368,511754,California
Santa Clara,2021-03-23,19321,823063,12285,418871,6510,387463,526,16729,11107,208159,8165,315224,11629,523383,California
Santa Clara,2021-03-24,22706,845769,14632,433503,7657,395120,417,17146,14643,215200,8021,323245,15062,538445,California
Santa Clara,2021-03-25,23025,868794,13214,446717,8846,403966,965,18111,14778,222744,8182,331427,15726,554171,California
Santa Clara,2021-03-26,22044,890838,14030,460747,7624,411590,390,18501,13516,228152,8490,339917,13898,568069,California
Santa Clara,2021-03-27,15767,906605,10479,471226,4516,416106,772,19273,8428,230053,7294,347211,9195,577264,California
Santa Clara,2021-03-28,12122,918727,8401,479627,3004,419110,717,19990,6502,231674,5593,352804,7214,584478,California
Santa Clara,2021-03-29,20683,939410,12682,492309,7272,426382,729,20719,11157,234068,9484,362288,11878,596356,California
Santa Clara,2021-03-30,25766,965176,15314,507623,8497,434879,1955,22674,16198,242684,9526,371814,18142,614498,California
Santa Clara,2021-03-31,20592,985768,11970,519593,7488,442367,1134,23808,12641,248535,7907,379721,13758,628256,California
Santa Clara,2021-04-01,31952,1017720,19922,539515,8954,451321,3076,26884,20161,260018,11722,391443,23205,651461,California
Santa Clara,2021-04-02,25318,1043038,14449,553964,8725,460046,2144,29028,16560,269992,8713,400156,18687,670148,California
Santa Clara,2021-04-03,15345,1058383,9307,563271,3537,463583,2501,31529,8548,274250,6775,406931,11033,681181,California
Santa Clara,2021-04-04,7688,1066071,4068,567339,2447,466030,1173,32702,3991,275722,3686,410617,5158,686339,California
Santa Clara,2021-04-05,21988,1088059,14645,581984,4853,470883,2490,35192,14359,284956,7602,418219,16836,703175,California
Santa Clara,2021-04-06,29682,1117741,16368,598352,7823,478706,5491,40683,17844,296478,11787,430006,23309,726484,California
Santa Clara,2021-04-07,31042,1148783,16001,614353,8508,487214,6533,47216,18952,309891,12032,442038,25445,751929,California
Santa Clara,2021-04-08,30121,1178904,16462,630815,6011,493225,7648,54864,16422,320289,13626,455664,24024,775953,California
Santa Clara,2021-04-09,28200,1207104,13956,644771,6929,500154,7315,62179,14404,328236,13728,469392,21675,797628,California
Santa Clara,2021-04-10,21562,1228666,12471,657242,3764,503918,5327,67506,11535,335055,9993,479385,16812,814440,California
Santa Clara,2021-04-11,16078,1244744,9643,666885,2678,506596,3757,71263,8351,339445,7693,487078,12083,826523,California
Santa Clara,2021-04-12,27126,1271870,19064,685949,5592,512188,2470,73733,18485,351803,8581,495659,20939,847462,California
Santa Clara,2021-04-13,34511,1306381,27124,713073,7356,519544,31,73764,26591,370601,7844,503503,26642,874104,California
Santa Clara,2021-04-14,36988,1343369,28001,741074,8983,528527,4,73768,26293,386302,10630,514133,26331,900435,California
Santa Clara,2021-04-15,44312,1387681,34327,775401,9980,538507,5,73773,34173,410477,10031,524164,34206,934641,California
Santa Clara,2021-04-16,38562,1426243,26377,801778,12182,550689,3,73776,27639,427281,10860,535024,27664,962305,California
Santa Clara,2021-04-17,22017,1448260,15032,816810,6983,557672,2,73778,15126,435587,6838,541862,15144,977449,California
Santa Clara,2021-04-18,16438,1464698,10696,827506,5742,563414,0,73778,10256,439701,6154,548016,10268,987717,California
Santa Clara,2021-04-19,28853,1493551,20874,848380,7978,571392,1,73779,17266,445479,11519,559535,17297,1005014,California
Santa Clara,2021-04-20,36970,1530521,22480,870860,14489,585881,1,73780,22566,453780,14297,573832,22598,1027612,California
Santa Clara,2021-04-21,36853,1567374,21376,892236,15475,601356,2,73782,24362,465772,12403,586235,24395,1052007,California
Santa Clara,2021-04-22,37276,1604650,24847,917083,12428,613784,1,73783,17605,463868,19576,605811,17672,1069679,California
Santa Clara,2021-04-23,32113,1636763,19520,936603,12592,626376,1,73784,15058,462025,16954,622765,15111,1084790,California
Santa Clara,2021-04-24,21154,1657917,15486,952089,5667,632043,1,73785,11979,464935,9100,631865,12010,1096800,California
Santa Clara,2021-04-25,13629,1671546,9870,961959,3753,635796,6,73791,8687,468754,4899,636764,8718,1105518,California
Santa Clara,2021-04-26,24980,1696526,19256,981215,5666,641462,58,73849,10365,464684,14517,651281,10447,1115965,California
Santa Clara,2021-04-27,27543,1724069,19573,1000788,7588,649050,382,74231,12005,461667,15446,666727,12429,1128394,California
Santa Clara,2021-04-28,26001,1750070,19267,1020055,6296,655346,438,74669,11035,458314,14884,681611,11531,1139925,California
Santa Clara,2021-04-29,23918,1773988,17500,1037555,6020,661366,398,75067,8969,452870,14876,696487,9432,1149357,California
Santa Clara,2021-04-30,23026,1797014,15760,1053315,6901,668267,365,75432,9761,449890,13179,709666,10199,1159556,California
Santa Clara,2021-05-01,17481,1814495,14531,1067846,2690,670957,260,75692,5463,443686,11969,721635,5765,1165321,California
Santa Clara,2021-05-02,11302,1825797,9380,1077226,1690,672647,232,75924,3482,439643,7778,729413,3735,1169056,California
Santa Clara,2021-05-03,22842,1848639,19394,1096620,3016,675663,432,76356,5130,427603,17637,747050,5597,1174653,California
Santa Clara,2021-05-04,30522,1879161,23864,1120484,6113,681776,545,76901,5462,408688,24961,772011,6046,1180699,California
Santa Clara,2021-05-05,32123,1911284,24372,1144856,7204,688980,547,77448,5417,388065,26611,798622,5988,1186687,California
Santa Clara,2021-05-06,35411,1946695,29514,1174370,5422,694402,475,77923,4673,362626,30607,829229,5168,1191855,California
Santa Clara,2021-05-07,32544,1979239,26172,1200542,5880,700282,492,78415,4641,340027,27772,857001,5173,1197028,California
Santa Clara,2021-05-08,16475,1995714,13405,1213947,2648,702930,422,78837,3484,331045,12905,869906,3923,1200951,California
Santa Clara,2021-05-09,10481,2006195,9116,1223063,1178,704108,187,79024,2460,325722,7983,877889,2660,1203611,California
Santa Clara,2021-05-10,20811,2027006,16673,1239736,3735,707843,403,79427,2737,310888,17995,895884,3161,1206772,California
Santa Clara,2021-05-11,22148,2049154,16611,1256347,5093,712936,444,79871,4006,297295,18051,913935,4458,1211230,California
Santa Clara,2021-05-12,21017,2070171,15373,1271720,5132,718068,512,80383,4523,285943,16403,930338,5051,1216281,California
Santa Clara,2021-05-13,28044,2098215,22714,1294434,5029,723097,301,80684,11248,280783,16714,947052,11554,1227835,California
Santa Clara,2021-05-14,27606,2125821,19248,1313682,7972,731069,386,81070,9675,273017,17838,964890,10072,1237907,California
Santa Clara,2021-05-15,20758,2146579,16644,1330326,3833,734902,281,81351,8083,268795,12592,977482,8370,1246277,California
Santa Clara,2021-05-16,16040,2162619,13045,1343371,2818,737720,177,81528,5231,263477,10729,988211,5411,1251688,California
Santa Clara,2021-05-17,20165,2182784,15852,1359223,3948,741668,365,81893,6882,257513,13212,1001423,7248,1258936,California
Santa Clara,2021-05-18,26058,2208842,16613,1375836,9030,750698,415,82308,7297,246601,18625,1020048,7713,1266649,California
Santa Clara,2021-05-19,24564,2233406,14346,1390182,9796,760494,422,82730,7485,237546,16970,1037018,7915,1274564,California
Santa Clara,2021-05-20,18333,2251739,12029,1402211,5854,766348,450,83180,6169,232083,12078,1049096,6615,1281179,California
Santa Clara,2021-05-21,22287,2274026,14812,1417023,6981,773329,494,83674,7658,225726,14524,1063620,8167,1289346,California
Santa Clara,2021-05-22,12812,2286838,9701,1426724,2763,776092,348,84022,5586,224505,7159,1070779,5938,1295284,California
Santa Clara,2021-05-23,8146,2294984,6025,1432749,1920,778012,201,84223,3271,223150,4829,1075608,3474,1298758,California
Santa Clara,2021-05-24,10275,2305259,7279,1440028,2546,780558,450,84673,3548,220481,6667,1082275,3998,1302756,California
Santa Clara,2021-05-25,11432,2316691,7918,1447946,3095,783653,419,85092,4453,218446,6905,1089180,4870,1307626,California
Santa Clara,2021-05-26,10358,2327049,6724,1454670,3301,786954,333,85425,3990,216498,6267,1095447,4319,1311945,California
Santa Clara,2021-05-27,9353,2336402,5995,1460665,2885,789839,473,85898,3587,214851,5700,1101147,4053,1315998,California
Santa Clara,2021-05-28,10687,2347089,6908,1467573,3356,793195,423,86321,4340,213330,6285,1107432,4764,1320762,California
Santa Clara,2021-05-29,6292,2353381,4301,1471874,1710,794905,281,86602,2887,213128,3366,1110798,3164,1323926,California
Santa Clara,2021-05-30,3794,2357175,2846,1474720,738,795643,210,86812,1825,213219,1943,1112741,2034,1325960,California
Santa Clara,2021-05-31,1095,2358270,631,1475351,355,795998,109,86921,444,213127,645,1113386,553,1326513,California
Santa Clara,2021-06-01,9036,2367306,6370,1481721,2286,798284,380,87301,3278,211096,5688,1119074,3657,1330170,California
Santa Clara,2021-06-02,7628,2374934,5499,1487220,1777,800061,352,87653,2958,209780,4617,1123691,3301,1333471,California
Santa Clara,2021-06-03,12216,2387150,10129,1497349,1720,801781,367,88020,2788,203564,9374,1133065,3158,1336629,California
Santa Clara,2021-06-04,13552,2400702,11374,1508723,1856,803637,322,88342,3397,197182,10094,1143159,3712,1340341,California
Santa Clara,2021-06-05,10119,2410821,8669,1517392,1192,804829,258,88600,2239,191847,7830,1150989,2495,1342836,California
Santa Clara,2021-06-06,6213,2417034,5468,1522860,593,805422,152,88752,1394,188627,4766,1155755,1546,1344382,California
Santa Clara,2021-06-07,9682,2426716,8139,1530999,1292,806714,251,89003,2385,183999,7260,1163015,2632,1347014,California
Santa Clara,2021-06-08,8758,2435474,7123,1538122,1365,808079,270,89273,2448,180459,6254,1169269,2714,1349728,California
Santa Clara,2021-06-09,8060,2443534,6876,1544998,980,809059,204,89477,1909,176470,6098,1175367,2109,1351837,California
Santa Clara,2021-06-10,6867,2450401,5819,1550817,769,809828,279,89756,1900,173724,4925,1180292,2179,1354016,California
Santa Clara,2021-06-11,7234,2457635,6212,1557029,807,810635,215,89971,1676,170089,5528,1185820,1893,1355909,California
Santa Clara,2021-06-12,5900,2463535,5106,1562135,672,811307,122,90093,1340,167021,4529,1190349,1461,1357370,California
Santa Clara,2021-06-13,1813,2465348,1432,1563567,302,811609,79,90172,497,166292,1305,1191654,576,1357946,California
Santa Cruz,2020-12-15,2,2,2,2,0,0,0,0,2,2,0,0,2,2,California
Santa Cruz,2020-12-16,55,57,55,57,0,0,0,0,55,57,0,0,55,57,California
Santa Cruz,2020-12-17,383,440,383,440,0,0,0,0,383,440,0,0,383,440,California
Santa Cruz,2020-12-18,448,888,448,888,0,0,0,0,448,888,0,0,448,888,California
Santa Cruz,2020-12-19,170,1058,169,1057,1,1,0,0,170,1058,0,0,170,1058,California
Santa Cruz,2020-12-20,90,1148,90,1147,0,1,0,0,90,1148,0,0,90,1148,California
Santa Cruz,2020-12-21,428,1576,427,1574,1,2,0,0,428,1576,0,0,428,1576,California
Santa Cruz,2020-12-22,409,1985,408,1982,1,3,0,0,409,1985,0,0,409,1985,California
Santa Cruz,2020-12-23,349,2334,311,2293,38,41,0,0,349,2334,0,0,349,2334,California
Santa Cruz,2020-12-24,120,2454,46,2339,74,115,0,0,120,2454,0,0,120,2454,California
Santa Cruz,2020-12-25,8,2462,8,2347,0,115,0,0,8,2462,0,0,8,2462,California
Santa Cruz,2020-12-26,59,2521,42,2389,17,132,0,0,59,2521,0,0,59,2521,California
Santa Cruz,2020-12-27,31,2552,26,2415,5,137,0,0,31,2552,0,0,31,2552,California
Santa Cruz,2020-12-28,466,3018,103,2518,363,500,0,0,466,3018,0,0,466,3018,California
Santa Cruz,2020-12-29,776,3794,362,2880,414,914,0,0,776,3794,0,0,776,3794,California
Santa Cruz,2020-12-30,337,4131,156,3036,181,1095,0,0,337,4131,0,0,337,4131,California
Santa Cruz,2020-12-31,308,4439,10,3046,298,1393,0,0,308,4439,0,0,308,4439,California
Santa Cruz,2021-01-01,33,4472,1,3047,32,1425,0,0,33,4472,0,0,33,4472,California
Santa Cruz,2021-01-02,63,4535,50,3097,13,1438,0,0,63,4535,0,0,63,4535,California
Santa Cruz,2021-01-03,14,4549,6,3103,8,1446,0,0,14,4549,0,0,14,4549,California
Santa Cruz,2021-01-04,271,4820,120,3223,151,1597,0,0,269,4818,0,0,269,4818,California
Santa Cruz,2021-01-05,551,5371,423,3646,128,1725,0,0,253,4773,298,298,253,5071,California
Santa Cruz,2021-01-06,782,6153,653,4299,129,1854,0,0,454,4900,327,625,454,5525,California
Santa Cruz,2021-01-07,519,6672,204,4503,315,2169,0,0,368,5118,151,776,369,5894,California
Santa Cruz,2021-01-08,903,7575,545,5048,358,2527,0,0,471,5158,432,1208,472,6366,California
Santa Cruz,2021-01-09,453,8028,120,5168,333,2860,0,0,400,5505,53,1261,400,6766,California
Santa Cruz,2021-01-10,70,8098,61,5229,9,2869,0,0,19,5473,51,1312,19,6785,California
Santa Cruz,2021-01-11,702,8800,573,5802,129,2998,0,0,182,5136,520,1832,183,6968,California
Santa Cruz,2021-01-12,708,9508,517,6319,191,3189,0,0,467,5362,241,2073,467,7435,California
Santa Cruz,2021-01-13,493,10001,223,6542,270,3459,0,0,414,5700,76,2149,414,7849,California
Santa Cruz,2021-01-14,521,10522,99,6641,422,3881,0,0,459,6099,62,2211,461,8310,California
Santa Cruz,2021-01-15,1411,11933,69,6710,1342,5223,0,0,1352,7394,59,2270,1354,9664,California
Santa Cruz,2021-01-16,410,12343,48,6758,362,5585,0,0,393,7771,17,2287,394,10058,California
Santa Cruz,2021-01-17,291,12634,40,6798,251,5836,0,0,267,8014,24,2311,267,10325,California
Santa Cruz,2021-01-18,975,13609,95,6893,880,6716,0,0,918,8875,57,2368,918,11243,California
Santa Cruz,2021-01-19,1591,15200,511,7404,1080,7796,0,0,1249,9785,340,2708,1250,12493,California
Santa Cruz,2021-01-20,1216,16416,169,7573,1047,8843,0,0,1024,10620,189,2897,1024,13517,California
Santa Cruz,2021-01-21,1657,18073,192,7765,1465,10308,0,0,1554,12073,103,3000,1556,15073,California
Santa Cruz,2021-01-22,1744,19817,509,8274,1235,11543,0,0,1642,13617,99,3099,1643,16716,California
Santa Cruz,2021-01-23,385,20202,137,8411,248,11791,0,0,331,13895,53,3152,331,17047,California
Santa Cruz,2021-01-24,107,20309,16,8427,91,11882,0,0,90,13968,17,3169,90,17137,California
Santa Cruz,2021-01-25,1016,21325,353,8780,663,12545,0,0,523,13998,493,3662,523,17660,California
Santa Cruz,2021-01-26,1634,22959,237,9017,1397,13942,0,0,1139,14642,495,4157,1139,18799,California
Santa Cruz,2021-01-27,1611,24570,435,9452,1176,15118,0,0,1233,15500,376,4533,1234,20033,California
Santa Cruz,2021-01-28,1705,26275,277,9729,1428,16546,0,0,1436,16668,269,4802,1437,21470,California
Santa Cruz,2021-01-29,1700,27975,479,10208,1221,17767,0,0,1573,18115,126,4928,1573,23043,California
Santa Cruz,2021-01-30,1051,29026,308,10516,743,18510,0,0,919,18902,132,5060,919,23962,California
Santa Cruz,2021-01-31,212,29238,108,10624,104,18614,0,0,198,19086,14,5074,198,24160,California
Santa Cruz,2021-02-01,1197,30435,736,11360,461,19075,0,0,807,19503,390,5464,807,24967,California
Santa Cruz,2021-02-02,951,31386,116,11476,835,19910,0,0,805,20164,144,5608,805,25772,California
Santa Cruz,2021-02-03,2156,33542,920,12396,1236,21146,0,0,1853,21717,300,5908,1853,27625,California
Santa Cruz,2021-02-04,1775,35317,738,13134,1037,22183,0,0,1447,22837,327,6235,1447,29072,California
Santa Cruz,2021-02-05,3062,38379,739,13873,2323,24506,0,0,2760,25296,301,6536,2760,31832,California
Santa Cruz,2021-02-06,2519,40898,144,14017,2375,26881,0,0,2181,27139,338,6874,2181,34013,California
Santa Cruz,2021-02-07,886,41784,119,14136,767,27648,0,0,869,27991,17,6891,869,34882,California
Santa Cruz,2021-02-08,672,42456,191,14327,481,28129,0,0,484,28288,187,7078,484,35366,California
Santa Cruz,2021-02-09,2299,44755,1030,15357,1269,29398,0,0,2045,30079,254,7332,2045,37411,California
Santa Cruz,2021-02-10,2095,46850,544,15901,1551,30949,0,0,1427,30850,657,7989,1428,38839,California
Santa Cruz,2021-02-11,1764,48614,292,16193,1472,32421,0,0,1278,31644,484,8473,1278,40117,California
Santa Cruz,2021-02-12,3092,51706,402,16595,2690,35111,0,0,1726,32015,1357,9830,1728,41845,California
Santa Cruz,2021-02-13,1648,53354,117,16712,1531,36642,0,0,1251,32869,397,10227,1251,43096,California
Santa Cruz,2021-02-14,1368,54722,67,16779,1301,37943,0,0,1110,33721,258,10485,1110,44206,California
Santa Cruz,2021-02-15,1526,56248,271,17050,1255,39198,0,0,535,33266,991,11476,536,44742,California
Santa Cruz,2021-02-16,1635,57883,195,17245,1440,40638,0,0,499,32651,1114,12590,499,45241,California
Santa Cruz,2021-02-17,2821,60704,941,18186,1880,42518,0,0,1152,32150,1656,14246,1155,46396,California
Santa Cruz,2021-02-18,2782,63486,604,18790,2178,44696,0,0,1191,31754,1587,15833,1191,47587,California
Santa Cruz,2021-02-19,3151,66637,1094,19884,2057,46753,0,0,1936,32478,1212,17045,1936,49523,California
Santa Cruz,2021-02-20,2297,68934,1436,21320,861,47614,0,0,1806,33793,491,17536,1806,51329,California
Santa Cruz,2021-02-21,811,69745,350,21670,461,48075,0,0,684,34352,125,17661,684,52013,California
Santa Cruz,2021-02-22,1172,70917,904,22574,268,48343,0,0,500,34182,670,18331,500,52513,California
Santa Cruz,2021-02-23,2022,72939,900,23474,1122,49465,0,0,678,33517,1343,19674,678,53191,California
Santa Cruz,2021-02-24,3083,76022,1609,25083,1474,50939,0,0,1167,32773,1911,21585,1167,54358,California
Santa Cruz,2021-02-25,3116,79138,1359,26442,1757,52696,0,0,1720,33106,1388,22973,1721,56079,California
Santa Cruz,2021-02-26,2649,81787,722,27164,1927,54623,0,0,1510,33483,1134,24107,1511,57590,California
Santa Cruz,2021-02-27,2582,84369,903,28067,1679,56302,0,0,1805,34513,775,24882,1805,59395,California
Santa Cruz,2021-02-28,1258,85627,351,28418,907,57209,0,0,1057,35372,198,25080,1057,60452,California
Santa Cruz,2021-03-01,1843,87470,1210,29628,633,57842,0,0,677,34885,1164,26244,677,61129,California
Santa Cruz,2021-03-02,1453,88923,338,29966,1115,58957,0,0,816,35068,636,26880,819,61948,California
Santa Cruz,2021-03-03,2257,91180,594,30560,1663,60620,0,0,1227,35268,1027,27907,1227,63175,California
Santa Cruz,2021-03-04,2855,94035,1363,31923,1491,62111,1,1,1918,36262,926,28833,1920,65095,California
Santa Cruz,2021-03-05,2554,96589,457,32380,2080,64191,17,18,1104,35936,1447,30280,1121,66216,California
Santa Cruz,2021-03-06,3680,100269,1229,33609,2352,66543,99,117,2020,36394,1660,31940,2118,68334,California
Santa Cruz,2021-03-07,1316,101585,117,33726,1130,67673,69,186,543,36234,772,32712,612,68946,California
Santa Cruz,2021-03-08,1050,102635,208,33934,714,68387,128,314,635,36580,415,33127,761,69707,California
Santa Cruz,2021-03-09,1697,104332,241,34175,1311,69698,145,459,667,36365,1027,34154,812,70519,California
Santa Cruz,2021-03-10,3746,108078,2050,36225,1555,71253,141,600,1955,36674,1789,35943,2098,72617,California
Santa Cruz,2021-03-11,2730,110808,1192,37417,1370,72623,168,768,1517,37149,1212,37155,1687,74304,California
Santa Cruz,2021-03-12,2640,113448,847,38264,1516,74139,277,1045,890,36569,1746,38901,1166,75470,California
Santa Cruz,2021-03-13,2202,115650,1271,39535,894,75033,37,1082,1132,36673,1067,39968,1171,76641,California
Santa Cruz,2021-03-14,862,116512,187,39722,662,75695,13,1095,416,36657,444,40412,428,77069,California
Santa Cruz,2021-03-15,1259,117771,445,40167,781,76476,33,1128,541,36518,714,41126,575,77644,California
Santa Cruz,2021-03-16,2211,119982,1047,41214,1123,77599,41,1169,1277,36906,929,42055,1317,78961,California
Santa Cruz,2021-03-17,3787,123769,2245,43459,1532,79131,10,1179,2491,38120,1291,43346,2505,81466,California
Santa Cruz,2021-03-18,3715,127484,1992,45451,1607,80738,116,1295,1977,38478,1735,45081,2093,83559,California
Santa Cruz,2021-03-19,3245,130729,1264,46715,1768,82506,213,1508,1688,38826,1552,46633,1900,85459,California
Santa Cruz,2021-03-20,2116,132845,1588,48303,492,82998,36,1544,1054,38855,1061,47694,1090,86549,California
Santa Cruz,2021-03-21,795,133640,421,48724,251,83249,123,1667,416,39018,377,48071,540,87089,California
Santa Cruz,2021-03-22,1279,134919,787,49511,470,83719,22,1689,895,39555,381,48452,918,88007,California
Santa Cruz,2021-03-23,2446,137365,1359,50870,1038,84757,49,1738,1625,40409,820,49272,1674,89681,California
Santa Cruz,2021-03-24,2952,140317,2002,52872,929,85686,21,1759,1948,41379,998,50270,1968,91649,California
Santa Cruz,2021-03-25,2528,142845,1272,54144,1224,86910,32,1791,1279,41445,1245,51515,1311,92960,California
Santa Cruz,2021-03-26,2988,145833,1731,55875,1231,88141,26,1817,2044,42577,937,52452,2069,95029,California
Santa Cruz,2021-03-27,3049,148882,1884,57759,1140,89281,25,1842,1433,42430,1606,54058,1459,96488,California
Santa Cruz,2021-03-28,887,149769,541,58300,332,89613,14,1856,459,42479,424,54482,473,96961,California
Santa Cruz,2021-03-29,1904,151673,828,59128,1009,90622,67,1923,1205,43055,696,55178,1272,98233,California
Santa Cruz,2021-03-30,2570,154243,772,59900,1647,92269,151,2074,1649,43935,919,56097,1799,100032,California
Santa Cruz,2021-03-31,4026,158269,2739,62639,1243,93512,44,2118,2108,44172,1915,58012,2152,102184,California
Santa Cruz,2021-04-01,3862,162131,2077,64716,1679,95191,106,2224,1953,44330,1902,59914,2060,104244,California
Santa Cruz,2021-04-02,3167,165298,1349,66065,1647,96838,171,2395,1788,44913,1376,61290,1959,106203,California
Santa Cruz,2021-04-03,2166,167464,1191,67256,856,97694,119,2514,847,44560,1317,62607,964,107167,California
Santa Cruz,2021-04-04,899,168363,468,67724,377,98071,54,2568,526,44767,373,62980,580,107747,California
Santa Cruz,2021-04-05,2183,170546,733,68457,1289,99360,161,2729,1351,45449,831,63811,1513,109260,California
Santa Cruz,2021-04-06,3262,173808,1586,70043,1309,100669,367,3096,1897,46352,1355,65166,2258,111518,California
Santa Cruz,2021-04-07,3981,177789,1564,71607,2077,102746,340,3436,1713,46139,2265,67431,2052,113570,California
Santa Cruz,2021-04-08,4091,181880,2229,73836,1374,104120,488,3924,2406,47355,1676,69107,2892,116462,California
Santa Cruz,2021-04-09,3604,185484,1446,75282,1773,105893,385,4309,2027,48198,1570,70677,2413,118875,California
Santa Cruz,2021-04-10,2149,187633,1014,76296,905,106798,230,4539,1004,48290,1141,71818,1233,120108,California
Santa Cruz,2021-04-11,931,188564,473,76769,369,107167,89,4628,432,48312,499,72317,521,120629,California
Santa Cruz,2021-04-12,2214,190778,769,77538,1041,108208,404,5032,1069,48654,1131,73448,1473,122102,California
Santa Cruz,2021-04-13,2813,193591,1393,78931,1419,109627,1,5033,1602,49055,1202,74650,1603,123705,California
Santa Cruz,2021-04-14,4488,198079,2135,81066,2353,111980,0,5033,2224,49035,2254,76904,2234,125939,California
Santa Cruz,2021-04-15,4874,202953,3084,84150,1790,113770,0,5033,3103,50379,1759,78663,3103,129042,California
Santa Cruz,2021-04-16,4304,207257,2344,86494,1958,115728,2,5035,2345,50777,1951,80614,2349,131391,California
Santa Cruz,2021-04-17,2149,209406,845,87339,1304,117032,0,5035,1426,51482,721,81335,1426,132817,California
Santa Cruz,2021-04-18,1016,210422,482,87821,533,117565,1,5036,573,51615,441,81776,574,133391,California
Santa Cruz,2021-04-19,2451,212873,1452,89273,998,118563,1,5037,1562,52291,886,82662,1562,134953,California
Santa Cruz,2021-04-20,3010,215883,1582,90855,1428,119991,0,5037,1747,52785,1254,83916,1748,136701,California
Santa Cruz,2021-04-21,4047,219930,2704,93559,1343,121334,0,5037,2183,53123,1846,85762,2184,138885,California
Santa Cruz,2021-04-22,4134,224064,2794,96353,1340,122674,0,5037,2329,53656,1796,87558,2329,141214,California
Santa Cruz,2021-04-23,3062,227126,1645,97998,1416,124090,1,5038,1329,53262,1723,89281,1329,142543,California
Santa Cruz,2021-04-24,2158,229284,1043,99041,1112,125202,3,5041,673,52463,1475,90756,676,143219,California
Santa Cruz,2021-04-25,1045,230329,665,99706,368,125570,12,5053,425,52287,612,91368,436,143655,California
Santa Cruz,2021-04-26,2022,232351,975,100681,1033,126603,14,5067,848,51986,1164,92532,863,144518,California
Santa Cruz,2021-04-27,2871,235222,916,101597,1874,128477,81,5148,1436,52075,1427,93959,1516,146034,California
Santa Cruz,2021-04-28,3317,238539,1836,103433,1407,129884,74,5222,1748,52336,1558,95517,1819,147853,California
Santa Cruz,2021-04-29,3627,242166,2409,105842,1157,131041,61,5283,1276,51333,2341,97858,1338,149191,California
Santa Cruz,2021-04-30,2293,244459,1156,106998,1094,132135,43,5326,974,51039,1312,99170,1018,150209,California
Santa Cruz,2021-05-01,1224,245683,968,107966,224,132359,32,5358,587,51024,634,99804,619,150828,California
Santa Cruz,2021-05-02,586,246269,410,108376,151,132510,25,5383,203,50870,383,100187,229,151057,California
Santa Cruz,2021-05-03,1856,248125,939,109315,853,133363,64,5447,645,50380,1200,101387,710,151767,California
Santa Cruz,2021-05-04,2575,250700,1481,110796,1027,134390,67,5514,849,49571,1723,103110,914,152681,California
Santa Cruz,2021-05-05,2641,253341,1293,112089,1269,135659,79,5593,695,48444,1905,105015,778,153459,California
Santa Cruz,2021-05-06,3714,257055,2358,114447,1143,136802,213,5806,842,46641,2855,107870,1052,154511,California
Santa Cruz,2021-05-07,2619,259674,1152,115599,1388,138190,79,5885,422,44951,2192,110062,502,155013,California
Santa Cruz,2021-05-08,1310,260984,646,116245,636,138826,28,5913,366,44402,944,111006,395,155408,California
Santa Cruz,2021-05-09,503,261487,320,116565,161,138987,22,5935,158,44239,343,111349,180,155588,California
Santa Cruz,2021-05-10,1996,263483,1180,117745,755,139742,61,5996,400,43112,1588,112937,461,156049,California
Santa Cruz,2021-05-11,2298,265781,1279,119024,935,140677,84,6080,627,42154,1668,114605,710,156759,California
Santa Cruz,2021-05-12,3042,268823,1272,120296,1693,142370,77,6157,547,40292,2487,117092,625,157384,California
Santa Cruz,2021-05-13,3786,272609,2542,122838,1152,143522,92,6249,1352,39308,2430,119522,1446,158830,California
Santa Cruz,2021-05-14,2880,275489,1566,124404,1277,144799,37,6286,1112,38699,1760,121282,1151,159981,California
Santa Cruz,2021-05-15,2215,277704,1287,125691,917,145716,11,6297,1086,38670,1126,122408,1097,161078,California
Santa Cruz,2021-05-16,691,278395,351,126042,321,146037,19,6316,201,38402,489,122897,221,161299,California
Santa Cruz,2021-05-17,1470,279865,756,126798,649,146686,65,6381,516,38030,953,123850,581,161880,California
Santa Cruz,2021-05-18,2214,282079,1353,128151,838,147524,23,6404,1076,37999,1130,124980,1099,162979,California
Santa Cruz,2021-05-19,2999,285078,1817,129968,1147,148671,35,6439,1293,37629,1698,126678,1328,164307,California
Santa Cruz,2021-05-20,3287,288365,2364,132332,776,149447,147,6586,1542,37580,1738,128416,1689,165996,California
Santa Cruz,2021-05-21,1707,290072,885,133217,737,150184,85,6671,599,37162,1102,129518,684,166680,California
Santa Cruz,2021-05-22,1695,291767,1316,134533,369,150553,10,6681,595,36672,1096,130614,606,167286,California
Santa Cruz,2021-05-23,441,292208,249,134782,173,150726,19,6700,143,36538,296,130910,162,167448,California
Santa Cruz,2021-05-24,1131,293339,650,135432,404,151130,77,6777,296,36084,827,131737,373,167821,California
Santa Cruz,2021-05-25,2229,295568,1283,136715,901,152031,45,6822,460,34965,1623,133360,504,168325,California
Santa Cruz,2021-05-26,1673,297241,784,137499,846,152877,43,6865,474,34295,1187,134547,517,168842,California
Santa Cruz,2021-05-27,1247,298488,660,138159,486,153363,101,6966,455,34065,786,135333,556,169398,California
Santa Cruz,2021-05-28,834,299322,370,138529,434,153797,30,6996,365,34001,460,135793,396,169794,California
Santa Cruz,2021-05-29,569,299891,324,138853,235,154032,10,7006,324,34092,244,136037,335,170129,California
Santa Cruz,2021-05-30,229,300120,117,138970,100,154132,12,7018,93,34063,133,136170,104,170233,California
Santa Cruz,2021-05-31,143,300263,63,139033,79,154211,1,7019,46,34014,96,136266,47,170280,California
Santa Cruz,2021-06-01,886,301149,542,139575,334,154545,10,7029,332,33804,552,136818,342,170622,California
Santa Cruz,2021-06-02,883,302032,525,140100,319,154864,39,7068,351,33667,527,137345,390,171012,California
Santa Cruz,2021-06-03,2211,304243,1504,141604,669,155533,38,7106,526,32556,1675,139020,564,171576,California
Santa Cruz,2021-06-04,1024,305267,708,142312,285,155818,31,7137,245,32059,774,139794,277,171853,California
Santa Cruz,2021-06-05,979,306246,798,143110,177,155995,4,7141,180,31447,796,140590,184,172037,California
Santa Cruz,2021-06-06,372,306618,275,143385,80,156075,17,7158,126,31347,243,140833,143,172180,California
Santa Cruz,2021-06-07,753,307371,553,143938,170,156245,30,7188,172,30969,580,141413,202,172382,California
Santa Cruz,2021-06-08,1370,308741,1102,145040,248,156493,20,7208,287,30198,1079,142492,308,172690,California
Santa Cruz,2021-06-09,853,309594,629,145669,208,156701,16,7224,192,29749,658,143150,209,172899,California
Santa Cruz,2021-06-10,1389,310983,1114,146783,216,156917,59,7283,255,28929,1131,144281,311,173210,California
Santa Cruz,2021-06-11,473,311456,262,147045,185,157102,26,7309,163,28807,309,144590,187,173397,California
Santa Cruz,2021-06-12,801,312257,744,147789,56,157158,1,7310,127,28262,673,145263,128,173525,California
Santa Cruz,2021-06-13,44,312301,39,147828,4,157162,1,7311,7,28233,37,145300,8,173533,California
Shasta,2020-12-15,1,1,1,1,0,0,0,0,1,1,0,0,1,1,California
Shasta,2020-12-16,132,133,132,133,0,0,0,0,132,133,0,0,132,133,California
Shasta,2020-12-17,421,554,421,554,0,0,0,0,421,554,0,0,421,554,California
Shasta,2020-12-18,164,718,164,718,0,0,0,0,164,718,0,0,164,718,California
Shasta,2020-12-19,1,719,1,719,0,0,0,0,1,719,0,0,1,719,California
Shasta,2020-12-21,69,788,69,788,0,0,0,0,69,788,0,0,69,788,California
Shasta,2020-12-22,185,973,180,968,5,5,0,0,185,973,0,0,185,973,California
Shasta,2020-12-23,170,1143,166,1134,4,9,0,0,170,1143,0,0,170,1143,California
Shasta,2020-12-24,23,1166,23,1157,0,9,0,0,23,1166,0,0,23,1166,California
Shasta,2020-12-26,4,1170,1,1158,3,12,0,0,4,1170,0,0,4,1170,California
Shasta,2020-12-27,2,1172,1,1159,1,13,0,0,2,1172,0,0,2,1172,California
Shasta,2020-12-28,37,1209,28,1187,9,22,0,0,37,1209,0,0,37,1209,California
Shasta,2020-12-29,178,1387,177,1364,1,23,0,0,178,1387,0,0,178,1387,California
Shasta,2020-12-30,180,1567,171,1535,9,32,0,0,180,1567,0,0,180,1567,California
Shasta,2020-12-31,83,1650,2,1537,81,113,0,0,83,1650,0,0,83,1650,California
Shasta,2021-01-02,2,1652,0,1537,2,115,0,0,2,1652,0,0,2,1652,California
Shasta,2021-01-03,1,1653,1,1538,0,115,0,0,1,1653,0,0,1,1653,California
Shasta,2021-01-04,361,2014,302,1840,59,174,0,0,362,2015,0,0,362,2015,California
Shasta,2021-01-05,333,2347,313,2153,20,194,0,0,253,2188,80,80,253,2268,California
Shasta,2021-01-06,462,2809,391,2544,71,265,0,0,201,2129,260,340,201,2469,California
Shasta,2021-01-07,129,2938,42,2586,87,352,0,0,102,2204,27,367,102,2571,California
Shasta,2021-01-08,518,3456,443,3029,75,427,0,0,312,2310,206,573,312,2883,California
Shasta,2021-01-09,73,3529,64,3093,9,436,0,0,70,2377,3,576,70,2953,California
Shasta,2021-01-10,5,3534,0,3093,5,441,0,0,3,2380,2,578,5,2958,California
Shasta,2021-01-11,397,3931,180,3273,217,658,0,0,367,2717,30,608,367,3325,California
Shasta,2021-01-12,474,4405,317,3590,157,815,0,0,308,2859,166,774,308,3633,California
Shasta,2021-01-13,593,4998,266,3856,327,1142,0,0,425,3117,168,942,426,4059,California
Shasta,2021-01-14,493,5491,57,3913,436,1578,0,0,471,3566,22,964,471,4530,California
Shasta,2021-01-15,664,6155,135,4048,529,2107,0,0,663,4228,1,965,663,5193,California
Shasta,2021-01-16,887,7042,53,4101,834,2941,0,0,884,5109,3,968,884,6077,California
Shasta,2021-01-17,27,7069,6,4107,21,2962,0,0,23,5128,4,972,23,6100,California
Shasta,2021-01-18,595,7664,127,4234,468,3430,0,0,588,5709,7,979,588,6688,California
Shasta,2021-01-19,1052,8716,393,4627,659,4089,0,0,909,6475,143,1122,909,7597,California
Shasta,2021-01-20,669,9385,413,5040,256,4345,0,0,481,6773,183,1305,481,8078,California
Shasta,2021-01-21,618,10003,280,5320,338,4683,0,0,597,7349,21,1326,597,8675,California
Shasta,2021-01-22,431,10434,177,5497,254,4937,0,0,425,7768,6,1332,425,9100,California
Shasta,2021-01-23,61,10495,5,5502,56,4993,0,0,60,7827,1,1333,60,9160,California
Shasta,2021-01-24,23,10518,2,5504,21,5014,0,0,22,7848,1,1334,22,9182,California
Shasta,2021-01-25,740,11258,485,5989,255,5269,0,0,457,8023,282,1616,457,9639,California
Shasta,2021-01-26,697,11955,339,6328,358,5627,0,0,462,8252,233,1849,462,10101,California
Shasta,2021-01-27,451,12406,191,6519,260,5887,0,0,403,8607,48,1897,403,10504,California
Shasta,2021-01-28,868,13274,570,7089,298,6185,0,0,650,9039,218,2115,650,11154,California
Shasta,2021-01-29,807,14081,327,7416,480,6665,0,0,620,9473,187,2302,621,11775,California
Shasta,2021-01-30,606,14687,15,7431,591,7256,0,0,595,10057,11,2313,595,12370,California
Shasta,2021-01-31,26,14713,3,7434,23,7279,0,0,25,10081,1,2314,25,12395,California
Shasta,2021-02-01,534,15247,149,7583,385,7664,0,0,393,10333,141,2455,393,12788,California
Shasta,2021-02-02,983,16230,499,8082,484,8148,0,0,892,11136,89,2544,892,13680,California
Shasta,2021-02-03,697,16927,210,8292,487,8635,0,0,465,11369,232,2776,465,14145,California
Shasta,2021-02-04,1088,18015,680,8972,408,9043,0,0,898,12078,189,2965,898,15043,California
Shasta,2021-02-05,1251,19266,166,9138,1085,10128,0,0,1044,12916,206,3171,1044,16087,California
Shasta,2021-02-06,1736,21002,40,9178,1696,11824,0,0,1713,14606,23,3194,1713,17800,California
Shasta,2021-02-07,25,21027,3,9181,22,11846,0,0,23,14627,2,3196,23,17823,California
Shasta,2021-02-08,588,21615,167,9348,421,12267,0,0,303,14645,285,3481,303,18126,California
Shasta,2021-02-09,1116,22731,642,9990,474,12741,0,0,729,14988,387,3868,730,18856,California
Shasta,2021-02-10,1117,23848,791,10781,326,13067,0,0,599,15069,519,4387,600,19456,California
Shasta,2021-02-11,869,24717,183,10964,686,13753,0,0,356,14917,508,4895,356,19812,California
Shasta,2021-02-12,1761,26478,1202,12166,559,14312,0,0,1224,15604,537,5432,1224,21036,California
Shasta,2021-02-13,1354,27832,364,12530,990,15302,0,0,552,15354,803,6235,553,21589,California
Shasta,2021-02-14,148,27980,4,12534,144,15446,0,0,125,15456,23,6258,125,21714,California
Shasta,2021-02-15,376,28356,97,12631,279,15725,0,0,209,15498,167,6425,209,21923,California
Shasta,2021-02-16,1189,29545,515,13146,674,16399,0,0,421,15152,767,7192,421,22344,California
Shasta,2021-02-17,1034,30579,451,13597,583,16982,0,0,418,14954,616,7808,418,22762,California
Shasta,2021-02-18,939,31518,472,14069,467,17449,0,0,455,14926,484,8292,456,23218,California
Shasta,2021-02-19,1328,32846,948,15017,380,17829,0,0,872,15342,456,8748,872,24090,California
Shasta,2021-02-20,787,33633,87,15104,700,18529,0,0,295,15145,492,9240,295,24385,California
Shasta,2021-02-21,29,33662,3,15107,26,18555,0,0,9,15134,20,9260,9,24394,California
Shasta,2021-02-22,432,34094,81,15188,351,18906,0,0,182,15067,249,9509,182,24576,California
Shasta,2021-02-23,909,35003,468,15656,441,19347,0,0,325,14808,584,10093,325,24901,California
Shasta,2021-02-24,859,35862,498,16154,361,19708,0,0,264,14478,594,10687,264,25165,California
Shasta,2021-02-25,515,36377,179,16333,336,20044,0,0,169,14302,345,11032,169,25334,California
Shasta,2021-02-26,772,37149,98,16431,674,20718,0,0,334,14199,437,11469,334,25668,California
Shasta,2021-02-27,797,37946,26,16457,771,21489,0,0,186,13777,608,12077,186,25854,California
Shasta,2021-02-28,176,38122,4,16461,172,21661,0,0,127,13855,49,12126,127,25981,California
Shasta,2021-03-01,591,38713,57,16518,534,22195,0,0,297,13859,293,12419,297,26278,California
Shasta,2021-03-02,1027,39740,472,16990,555,22750,0,0,338,13509,688,13107,338,26616,California
Shasta,2021-03-03,673,40413,176,17166,497,23247,0,0,241,13318,432,13539,241,26857,California
Shasta,2021-03-04,2977,43390,2396,19562,581,23828,0,0,1719,13782,1256,14795,1720,28577,California
Shasta,2021-03-05,1535,44925,159,19721,1347,25175,29,29,775,13825,761,15556,804,29381,California
Shasta,2021-03-06,2714,47639,381,20102,2288,27463,45,74,848,12854,1864,17420,893,30274,California
Shasta,2021-03-07,92,47731,4,20106,56,27519,32,106,38,12870,54,17474,70,30344,California
Shasta,2021-03-08,569,48300,54,20160,377,27896,138,244,156,12753,411,17885,294,30638,California
Shasta,2021-03-09,1230,49530,595,20755,461,28357,174,418,675,13047,554,18439,848,31486,California
Shasta,2021-03-10,794,50324,255,21010,337,28694,202,620,140,12734,653,19092,340,31826,California
Shasta,2021-03-11,1521,51845,468,21478,792,29486,261,881,918,13313,600,19692,1179,33005,California
Shasta,2021-03-12,1542,53387,847,22325,452,29938,243,1124,400,12813,1141,20833,641,33646,California
Shasta,2021-03-13,749,54136,423,22748,226,30164,100,1224,473,13109,275,21108,571,34217,California
Shasta,2021-03-14,1005,55141,8,22756,975,31139,22,1246,868,13863,137,21245,891,35108,California
Shasta,2021-03-15,487,55628,39,22795,353,31492,95,1341,209,13888,278,21523,303,35411,California
Shasta,2021-03-16,1116,56744,142,22937,906,32398,68,1409,834,14508,282,21805,902,36313,California
Shasta,2021-03-17,711,57455,181,23118,472,32870,58,1467,375,14612,329,22134,433,36746,California
Shasta,2021-03-18,1520,58975,582,23700,835,33705,103,1570,1097,15393,419,22553,1200,37946,California
Shasta,2021-03-19,626,59601,196,23896,373,34078,57,1627,390,15605,235,22788,447,38393,California
Shasta,2021-03-20,733,60334,482,24378,240,34318,11,1638,591,16065,142,22930,602,38995,California
Shasta,2021-03-21,313,60647,298,24676,4,34322,11,1649,286,16336,26,22956,297,39292,California
Shasta,2021-03-22,338,60985,34,24710,269,34591,35,1684,195,16424,142,23098,230,39522,California
Shasta,2021-03-23,1305,62290,651,25361,595,35186,59,1743,757,16697,543,23641,816,40338,California
Shasta,2021-03-24,609,62899,161,25522,411,35597,37,1780,368,16862,240,23881,405,40743,California
Shasta,2021-03-25,1107,64006,424,25946,662,36259,21,1801,793,17365,312,24193,815,41558,California
Shasta,2021-03-26,1793,65799,1369,27315,393,36652,31,1832,1436,18476,357,24550,1468,43026,California
Shasta,2021-03-27,1547,67346,372,27687,312,36964,863,2695,540,18870,1005,25555,1399,44425,California
Shasta,2021-03-28,400,67746,297,27984,93,37057,10,2705,299,19080,99,25654,309,44734,California
Shasta,2021-03-29,416,68162,40,28024,365,37422,11,2716,162,19000,253,25907,173,44907,California
Shasta,2021-03-30,1220,69382,751,28775,452,37874,17,2733,606,19012,611,26518,623,45530,California
Shasta,2021-03-31,609,69991,199,28974,403,38277,7,2740,369,19152,236,26754,376,45906,California
Shasta,2021-04-01,870,70861,229,29203,629,38906,12,2752,547,19390,321,27075,559,46465,California
Shasta,2021-04-02,724,71585,180,29383,491,39397,53,2805,391,19503,331,27406,444,46909,California
Shasta,2021-04-03,505,72090,361,29744,127,39524,17,2822,385,19785,120,27526,402,47311,California
Shasta,2021-04-04,288,72378,173,29917,95,39619,20,2842,215,19947,73,27599,235,47546,California
Shasta,2021-04-05,430,72808,67,29984,307,39926,56,2898,249,20071,181,27780,305,47851,California
Shasta,2021-04-06,1124,73932,483,30467,476,40402,165,3063,536,20188,583,28363,700,48551,California
Shasta,2021-04-07,634,74566,194,30661,281,40683,159,3222,242,20200,388,28751,400,48951,California
Shasta,2021-04-08,1126,75692,257,30918,713,41396,156,3378,207,19646,916,29667,362,49313,California
Shasta,2021-04-09,2557,78249,2053,32971,298,41694,206,3584,1991,21281,559,30226,2194,51507,California
Shasta,2021-04-10,863,79112,581,33552,154,41848,128,3712,259,21062,604,30830,385,51892,California
Shasta,2021-04-11,1239,80351,396,33948,823,42671,20,3732,142,20131,1093,31923,162,52054,California
Shasta,2021-04-12,332,80683,7,33955,265,42936,60,3792,95,20049,236,32159,154,52208,California
Shasta,2021-04-13,1248,81931,361,34316,885,43821,2,3794,339,19484,905,33064,340,52548,California
Shasta,2021-04-14,580,82511,149,34465,429,44250,2,3796,220,19347,359,33423,222,52770,California
Shasta,2021-04-15,1051,83562,249,34714,801,45051,1,3797,297,18894,750,34173,297,53067,California
Shasta,2021-04-16,2281,85843,1811,36525,470,45521,0,3797,923,18461,1356,35529,923,53990,California
Shasta,2021-04-17,611,86454,389,36914,222,45743,0,3797,177,18205,434,35963,178,54168,California
Shasta,2021-04-18,263,86717,238,37152,25,45768,0,3797,31,18006,230,36193,31,54199,California
Shasta,2021-04-19,374,87091,28,37180,346,46114,0,3797,160,17952,214,36407,160,54359,California
Shasta,2021-04-20,971,88062,222,37402,749,46863,0,3797,362,17706,608,37015,362,54721,California
Shasta,2021-04-21,577,88639,198,37600,379,47242,0,3797,298,17725,279,37294,298,55019,California
Shasta,2021-04-22,939,89578,262,37862,677,47919,0,3797,296,17380,641,37935,296,55315,California
Shasta,2021-04-23,627,90205,242,38104,385,48304,0,3797,318,17390,308,38243,318,55633,California
Shasta,2021-04-24,593,90798,355,38459,237,48541,1,3798,106,17011,485,38728,106,55739,California
Shasta,2021-04-25,207,91005,177,38636,29,48570,1,3799,36,16877,171,38899,37,55776,California
Shasta,2021-04-26,492,91497,53,38689,434,49004,5,3804,348,17087,142,39041,352,56128,California
Shasta,2021-04-27,534,92031,171,38860,325,49329,38,3842,300,17191,231,39272,335,56463,California
Shasta,2021-04-28,560,92591,137,38997,391,49720,32,3874,251,17164,309,39581,282,56745,California
Shasta,2021-04-29,753,93344,108,39105,623,50343,22,3896,178,16790,574,40155,200,56945,California
Shasta,2021-04-30,2232,95576,1813,40918,389,50732,30,3926,255,15099,1976,42131,285,57230,California
Shasta,2021-05-01,218,95794,19,40937,126,50858,73,3999,95,15144,123,42254,168,57398,California
Shasta,2021-05-02,46,95840,16,40953,17,50875,13,4012,19,15149,27,42281,32,57430,California
Shasta,2021-05-03,346,96186,93,41046,228,51103,25,4037,109,15047,236,42517,134,57564,California
Shasta,2021-05-04,519,96705,192,41238,290,51393,37,4074,251,15070,265,42782,288,57852,California
Shasta,2021-05-05,427,97132,137,41375,273,51666,17,4091,197,15054,230,43012,214,58066,California
Shasta,2021-05-06,682,97814,258,41633,387,52053,37,4128,289,14994,384,43396,324,58390,California
Shasta,2021-05-07,1092,98906,725,42358,329,52382,38,4166,297,14535,794,44190,335,58725,California
Shasta,2021-05-08,163,99069,80,42438,73,52455,10,4176,95,14571,68,44258,104,58829,California
Shasta,2021-05-09,63,99132,14,42452,44,52499,5,4181,33,14579,30,44288,38,58867,California
Shasta,2021-05-10,251,99383,20,42472,184,52683,47,4228,110,14595,138,44426,154,59021,California
Shasta,2021-05-11,503,99886,145,42617,210,52893,148,4376,180,14601,322,44748,328,59349,California
Shasta,2021-05-12,390,100276,140,42757,227,53120,23,4399,130,14495,259,45007,153,59502,California
Shasta,2021-05-13,576,100852,239,42996,322,53442,15,4414,223,14382,351,45358,238,59740,California
Shasta,2021-05-14,631,101483,267,43263,339,53781,25,4439,290,14358,340,45698,316,60056,California
Shasta,2021-05-15,378,101861,119,43382,160,53941,99,4538,157,14393,220,45918,255,60311,California
Shasta,2021-05-16,220,102081,154,43536,56,53997,10,4548,162,14507,58,45976,172,60483,California
Shasta,2021-05-17,528,102609,243,43779,227,54224,58,4606,281,14600,246,46222,339,60822,California
Shasta,2021-05-18,606,103215,292,44071,290,54514,24,4630,324,14666,282,46504,348,61170,California
Shasta,2021-05-19,586,103801,276,44347,243,54757,67,4697,285,14721,297,46801,352,61522,California
Shasta,2021-05-20,562,104363,252,44599,291,55048,19,4716,264,14709,295,47096,283,61805,California
Shasta,2021-05-21,634,104997,283,44882,332,55380,19,4735,337,14770,295,47391,356,62161,California
Shasta,2021-05-22,231,105228,130,45012,92,55472,9,4744,143,14836,86,47477,152,62313,California
Shasta,2021-05-23,111,105339,48,45060,55,55527,8,4752,68,14869,43,47520,76,62389,California
Shasta,2021-05-24,521,105860,162,45222,329,55856,30,4782,184,14747,336,47856,214,62603,California
Shasta,2021-05-25,461,106321,196,45418,220,56076,45,4827,158,14650,299,48155,202,62805,California
Shasta,2021-05-26,371,106692,143,45561,203,56279,25,4852,147,14599,223,48378,172,62977,California
Shasta,2021-05-27,416,107108,154,45715,253,56532,9,4861,156,14507,257,48635,165,63142,California
Shasta,2021-05-28,435,107543,196,45911,211,56743,28,4889,204,14511,228,48863,232,63374,California
Shasta,2021-05-29,221,107764,62,45973,129,56872,30,4919,92,14502,129,48992,120,63494,California
Shasta,2021-05-30,83,107847,48,46021,33,56905,2,4921,55,14531,28,49020,57,63551,California
Shasta,2021-05-31,35,107882,9,46030,25,56930,1,4922,12,14522,22,49042,13,63564,California
Shasta,2021-06-01,521,108403,152,46182,225,57155,144,5066,134,14421,380,49422,279,63843,California
Shasta,2021-06-02,290,108693,117,46299,164,57319,9,5075,120,14382,168,49590,129,63972,California
Shasta,2021-06-03,365,109058,156,46455,200,57519,9,5084,117,14261,247,49837,126,64098,California
Shasta,2021-06-04,565,109623,283,46738,255,57774,27,5111,203,14130,361,50198,230,64328,California
Shasta,2021-06-05,248,109871,143,46881,88,57862,17,5128,80,14061,167,50365,98,64426,California
Shasta,2021-06-06,160,110031,126,47007,32,57894,2,5130,47,13997,113,50478,49,64475,California
Shasta,2021-06-07,397,110428,232,47239,148,58042,17,5147,106,13830,290,50768,123,64598,California
Shasta,2021-06-08,494,110922,297,47536,153,58195,44,5191,145,13671,348,51116,189,64787,California
Shasta,2021-06-09,376,111298,203,47739,90,58285,83,5274,66,13512,307,51423,148,64935,California
Shasta,2021-06-10,316,111614,186,47925,105,58390,25,5299,94,13414,217,51640,119,65054,California
Shasta,2021-06-11,285,111899,186,48111,81,58471,18,5317,75,13296,210,51850,92,65146,California
Shasta,2021-06-12,160,112059,108,48219,49,58520,3,5320,59,13257,101,51951,62,65208,California
Shasta,2021-06-13,16,112075,6,48225,10,58530,0,5320,5,13251,11,51962,5,65213,California
Sierra,2020-12-18,1,1,1,1,0,0,0,0,1,1,0,0,1,1,California
Sierra,2020-12-21,2,3,2,3,0,0,0,0,2,3,0,0,2,3,California
Sierra,2020-12-22,12,15,12,15,0,0,0,0,12,15,0,0,12,15,California
Sierra,2020-12-23,4,19,4,19,0,0,0,0,4,19,0,0,4,19,California
Sierra,2020-12-28,1,20,0,19,1,1,0,0,1,20,0,0,1,20,California
Sierra,2020-12-29,49,69,7,26,42,43,0,0,49,69,0,0,49,69,California
Sierra,2020-12-30,2,71,0,26,2,45,0,0,2,71,0,0,2,71,California
Sierra,2020-12-31,13,84,0,26,13,58,0,0,13,84,0,0,13,84,California
Sierra,2021-01-01,1,85,1,27,0,58,0,0,1,85,0,0,1,85,California
Sierra,2021-01-05,63,148,2,29,61,119,0,0,63,148,0,0,63,148,California
Sierra,2021-01-06,1,149,1,30,0,119,0,0,1,149,0,0,1,149,California
Sierra,2021-01-07,20,169,1,31,19,138,0,0,19,167,1,1,19,168,California
Sierra,2021-01-11,3,172,3,34,0,138,0,0,0,164,3,4,0,168,California
Sierra,2021-01-12,38,210,12,46,26,164,0,0,26,178,12,16,26,194,California
Sierra,2021-01-13,3,213,3,49,0,164,0,0,0,175,3,19,0,194,California
Sierra,2021-01-14,35,248,2,51,33,197,0,0,35,210,0,19,35,229,California
Sierra,2021-01-15,3,251,1,52,2,199,0,0,3,213,0,19,3,232,California
Sierra,2021-01-18,3,254,0,52,3,202,0,0,3,216,0,19,3,235,California
Sierra,2021-01-19,34,288,0,52,34,236,0,0,34,250,0,19,34,269,California
Sierra,2021-01-20,1,289,1,53,0,236,0,0,1,251,0,19,1,270,California
Sierra,2021-01-21,53,342,0,53,53,289,0,0,53,304,0,19,53,323,California
Sierra,2021-01-22,2,344,0,53,2,291,0,0,2,306,0,19,2,325,California
Sierra,2021-01-23,2,346,0,53,2,293,0,0,2,308,0,19,2,327,California
Sierra,2021-01-26,62,408,0,53,62,355,0,0,24,294,38,57,24,351,California
Sierra,2021-01-27,4,412,4,57,0,355,0,0,0,290,4,61,0,351,California
Sierra,2021-01-28,53,465,0,57,53,408,0,0,43,323,10,71,43,394,California
Sierra,2021-01-29,1,466,0,57,1,409,0,0,1,324,0,71,1,395,California
Sierra,2021-01-30,2,468,2,59,0,409,0,0,2,326,0,71,2,397,California
Sierra,2021-02-01,1,469,0,59,1,410,0,0,0,325,1,72,0,397,California
Sierra,2021-02-02,58,527,1,60,57,467,0,0,20,307,38,110,20,417,California
Sierra,2021-02-03,5,532,5,65,0,467,0,0,5,312,0,110,5,422,California
Sierra,2021-02-04,100,632,3,68,97,564,0,0,51,314,49,159,51,473,California
Sierra,2021-02-05,5,637,3,71,2,566,0,0,4,317,1,160,4,477,California
Sierra,2021-02-09,56,693,0,71,56,622,0,0,53,367,3,163,53,530,California
Sierra,2021-02-10,2,695,0,71,2,624,0,0,2,369,0,163,2,532,California
Sierra,2021-02-11,194,889,1,72,193,817,0,0,134,443,60,223,134,666,California
Sierra,2021-02-12,20,909,0,72,20,837,0,0,20,463,0,223,20,686,California
Sierra,2021-02-15,2,911,2,74,0,837,0,0,0,461,2,225,0,686,California
Sierra,2021-02-16,45,956,0,74,45,882,0,0,10,436,35,260,10,696,California
Sierra,2021-02-17,4,960,0,74,4,886,0,0,1,434,3,263,1,697,California
Sierra,2021-02-18,144,1104,0,74,144,1030,0,0,94,478,50,313,94,791,California
Sierra,2021-02-19,1,1105,0,74,1,1031,0,0,0,477,1,314,0,791,California
Sierra,2021-02-20,3,1108,2,76,1,1032,0,0,1,476,2,316,1,792,California
Sierra,2021-02-23,4,1112,0,76,4,1036,0,0,4,480,0,316,4,796,California
Sierra,2021-02-24,1,1113,0,76,1,1037,0,0,1,481,0,316,1,797,California
Sierra,2021-02-25,125,1238,1,77,124,1161,0,0,59,475,65,381,59,856,California
Sierra,2021-02-26,11,1249,6,83,5,1166,0,0,4,472,7,388,4,860,California
Sierra,2021-02-27,1,1250,1,84,0,1166,0,0,0,471,1,389,0,860,California
Sierra,2021-03-01,1,1251,1,85,0,1166,0,0,0,470,1,390,0,860,California
Sierra,2021-03-02,58,1309,0,85,58,1224,0,0,39,490,19,409,39,899,California
Sierra,2021-03-03,1,1310,1,86,0,1224,0,0,0,489,1,410,0,899,California
Sierra,2021-03-04,108,1418,0,86,108,1332,0,0,60,501,48,458,60,959,California
Sierra,2021-03-05,12,1430,0,86,12,1344,0,0,10,509,2,460,10,969,California
Sierra,2021-03-08,2,1432,2,88,0,1344,0,0,2,511,0,460,2,971,California
Sierra,2021-03-09,60,1492,0,88,60,1404,0,0,11,473,49,509,11,982,California
Sierra,2021-03-10,6,1498,0,88,6,1410,0,0,4,475,2,511,4,986,California
Sierra,2021-03-11,176,1674,1,89,175,1585,0,0,44,387,132,643,44,1030,California
Sierra,2021-03-12,19,1693,0,89,19,1604,0,0,0,368,19,662,0,1030,California
Sierra,2021-03-13,28,1721,0,89,28,1632,0,0,28,396,0,662,28,1058,California
Sierra,2021-03-15,2,1723,0,89,0,1632,2,2,0,396,2,664,2,1060,California
Sierra,2021-03-16,36,1759,0,89,35,1667,1,3,22,405,14,678,23,1083,California
Sierra,2021-03-17,1,1760,0,89,1,1668,0,3,0,404,1,679,0,1083,California
Sierra,2021-03-18,161,1921,0,89,161,1829,0,3,65,373,96,775,65,1148,California
Sierra,2021-03-19,3,1924,1,90,2,1831,0,3,0,370,3,778,0,1148,California
Sierra,2021-03-20,2,1926,0,90,2,1833,0,3,1,370,1,779,1,1149,California
Sierra,2021-03-23,22,1948,0,90,22,1855,0,3,13,374,9,788,13,1162,California
Sierra,2021-03-24,2,1950,0,90,2,1857,0,3,1,374,1,789,1,1163,California
Sierra,2021-03-25,99,2049,1,91,98,1955,0,3,50,375,49,838,50,1213,California
Sierra,2021-03-26,11,2060,0,91,11,1966,0,3,8,380,3,841,8,1221,California
Sierra,2021-03-27,1,2061,0,91,1,1967,0,3,0,379,1,842,0,1221,California
Sierra,2021-03-29,1,2062,1,92,0,1967,0,3,0,378,1,843,0,1221,California
Sierra,2021-03-30,58,2120,1,93,57,2024,0,3,25,370,33,876,25,1246,California
Sierra,2021-03-31,8,2128,0,93,8,2032,0,3,8,378,0,876,8,1254,California
Sierra,2021-04-01,63,2191,1,94,62,2094,0,3,5,327,56,932,5,1259,California
Sierra,2021-04-02,3,2194,2,96,1,2095,0,3,2,328,1,933,2,1261,California
Sierra,2021-04-04,1,2195,0,96,1,2096,0,3,0,328,0,933,0,1261,California
Sierra,2021-04-06,11,2206,0,96,11,2107,0,3,1,319,10,943,1,1262,California
Sierra,2021-04-07,14,2220,3,99,6,2113,5,8,3,317,10,953,8,1270,California
Sierra,2021-04-08,52,2272,2,101,50,2163,0,8,16,297,36,989,16,1286,California
Sierra,2021-04-09,1,2273,1,102,0,2163,0,8,1,298,0,989,1,1287,California
Sierra,2021-04-10,27,2300,0,102,27,2190,0,8,0,271,27,1016,0,1287,California
Sierra,2021-04-12,1,2301,0,102,0,2190,1,9,0,271,1,1017,1,1288,California
Sierra,2021-04-13,45,2346,0,102,45,2235,0,9,5,236,40,1057,5,1293,California
Sierra,2021-04-14,1,2347,0,102,1,2236,0,9,1,237,0,1057,1,1294,California
Sierra,2021-04-15,50,2397,2,104,48,2284,0,9,2,191,48,1105,2,1296,California
Sierra,2021-04-17,2,2399,1,105,1,2285,0,9,1,191,1,1106,1,1297,California
Sierra,2021-04-18,1,2400,0,105,1,2286,0,9,0,191,0,1106,0,1297,California
Sierra,2021-04-19,2,2402,1,106,1,2287,0,9,1,191,1,1107,1,1298,California
Sierra,2021-04-20,33,2435,1,107,32,2319,0,9,6,170,27,1134,6,1304,California
Sierra,2021-04-21,2,2437,1,108,1,2320,0,9,1,170,1,1135,1,1305,California
Sierra,2021-04-22,64,2501,1,109,63,2383,0,9,5,117,58,1193,5,1310,California
Sierra,2021-04-23,12,2513,0,109,12,2395,0,9,4,113,8,1201,4,1314,California
Sierra,2021-04-24,4,2517,0,109,4,2399,0,9,4,117,0,1201,4,1318,California
Sierra,2021-04-26,1,2518,0,109,1,2400,0,9,1,118,0,1201,1,1319,California
Sierra,2021-04-27,30,2548,0,109,30,2430,0,9,4,96,26,1227,4,1323,California
Sierra,2021-04-28,11,2559,3,112,8,2438,0,9,2,89,9,1236,2,1325,California
Sierra,2021-04-29,20,2579,2,114,18,2456,0,9,14,97,6,1242,14,1339,California
Sierra,2021-04-30,3,2582,1,115,2,2458,0,9,1,96,2,1244,1,1340,California
Sierra,2021-05-03,1,2583,1,116,0,2458,0,9,1,97,0,1244,1,1341,California
Sierra,2021-05-04,2,2585,0,116,1,2459,1,10,0,96,2,1246,1,1342,California
Sierra,2021-05-05,23,2608,1,117,22,2481,0,10,8,89,15,1261,8,1350,California
Sierra,2021-05-06,1,2609,1,118,0,2481,0,10,0,88,1,1262,0,1350,California
Sierra,2021-05-08,1,2610,0,118,0,2481,1,11,0,88,1,1263,1,1351,California
Sierra,2021-05-11,11,2621,0,118,4,2485,7,18,0,84,11,1274,7,1358,California
Sierra,2021-05-12,11,2632,1,119,10,2495,0,18,8,89,3,1277,8,1366,California
Sierra,2021-05-13,3,2635,2,121,1,2496,0,18,2,90,1,1278,2,1368,California
Sierra,2021-05-14,3,2638,1,122,2,2498,0,18,3,93,0,1278,3,1371,California
Sierra,2021-05-15,1,2639,0,122,0,2498,1,19,0,93,1,1279,1,1372,California
Sierra,2021-05-17,1,2640,1,123,0,2498,0,19,1,94,0,1279,1,1373,California
Sierra,2021-05-18,1,2641,0,123,0,2498,1,20,0,94,1,1280,1,1374,California
Sierra,2021-05-19,7,2648,4,127,3,2501,0,20,2,91,5,1285,2,1376,California
Sierra,2021-05-20,9,2657,8,135,0,2501,1,21,8,99,1,1286,9,1385,California
Sierra,2021-05-21,3,2660,1,136,2,2503,0,21,1,98,2,1288,1,1386,California
Sierra,2021-05-22,4,2664,0,136,4,2507,0,21,0,94,4,1292,0,1386,California
Sierra,2021-05-23,1,2665,0,136,1,2508,0,21,1,95,0,1292,1,1387,California
Sierra,2021-05-24,3,2668,1,137,2,2510,0,21,2,96,1,1293,2,1389,California
Sierra,2021-05-25,3,2671,0,137,3,2513,0,21,1,95,2,1295,1,1390,California
Sierra,2021-05-26,8,2679,0,137,8,2521,0,21,4,95,4,1299,4,1394,California
Sierra,2021-05-27,9,2688,1,138,7,2528,1,22,2,91,7,1306,3,1397,California
Sierra,2021-05-28,3,2691,1,139,2,2530,0,22,2,92,1,1307,2,1399,California
Sierra,2021-05-29,2,2693,0,139,2,2532,0,22,2,94,0,1307,2,1401,California
Sierra,2021-05-30,1,2694,1,140,0,2532,0,22,1,95,0,1307,1,1402,California
Sierra,2021-06-01,1,2695,0,140,1,2533,0,22,0,94,1,1308,0,1402,California
Sierra,2021-06-02,23,2718,0,140,21,2554,2,24,0,74,22,1330,2,1404,California
Sierra,2021-06-03,2,2720,2,142,0,2554,0,24,0,72,2,1332,0,1404,California
Sierra,2021-06-04,2,2722,2,144,0,2554,0,24,1,72,1,1333,1,1405,California
Sierra,2021-06-08,1,2723,1,145,0,2554,0,24,1,73,0,1333,1,1406,California
Sierra,2021-06-09,8,2731,1,146,5,2559,2,26,0,67,8,1341,2,1408,California
Sierra,2021-06-10,8,2739,8,154,0,2559,0,26,4,67,4,1345,4,1412,California
Sierra,2021-06-11,1,2740,1,155,0,2559,0,26,0,66,1,1346,0,1412,California
Sierra,2021-06-13,1,2741,1,156,0,2559,0,26,0,65,1,1347,0,1412,California
Siskiyou,2020-12-16,2,2,2,2,0,0,0,0,2,2,0,0,2,2,California
Siskiyou,2020-12-17,4,6,4,6,0,0,0,0,4,6,0,0,4,6,California
Siskiyou,2020-12-18,2,8,2,8,0,0,0,0,2,8,0,0,2,8,California
Siskiyou,2020-12-19,4,12,4,12,0,0,0,0,4,12,0,0,4,12,California
Siskiyou,2020-12-20,1,13,1,13,0,0,0,0,1,13,0,0,1,13,California
Siskiyou,2020-12-21,131,144,131,144,0,0,0,0,131,144,0,0,131,144,California
Siskiyou,2020-12-22,158,302,158,302,0,0,0,0,158,302,0,0,158,302,California
Siskiyou,2020-12-23,142,444,142,444,0,0,0,0,142,444,0,0,142,444,California
Siskiyou,2020-12-24,5,449,5,449,0,0,0,0,5,449,0,0,5,449,California
Siskiyou,2020-12-26,2,451,0,449,2,2,0,0,2,451,0,0,2,451,California
Siskiyou,2020-12-27,2,453,0,449,2,4,0,0,2,453,0,0,2,453,California
Siskiyou,2020-12-28,3,456,1,450,2,6,0,0,3,456,0,0,3,456,California
Siskiyou,2020-12-29,6,462,2,452,4,10,0,0,6,462,0,0,6,462,California
Siskiyou,2020-12-30,100,562,3,455,97,107,0,0,100,562,0,0,100,562,California
Siskiyou,2020-12-31,12,574,0,455,12,119,0,0,12,574,0,0,12,574,California
Siskiyou,2021-01-02,1,575,1,456,0,119,0,0,1,575,0,0,1,575,California
Siskiyou,2021-01-03,1,576,0,456,1,120,0,0,1,576,0,0,1,576,California
Siskiyou,2021-01-04,129,705,3,459,126,246,0,0,129,705,0,0,129,705,California
Siskiyou,2021-01-05,119,824,4,463,115,361,0,0,117,821,2,2,118,823,California
Siskiyou,2021-01-06,60,884,7,470,53,414,0,0,56,873,4,6,56,879,California
Siskiyou,2021-01-07,175,1059,4,474,171,585,0,0,174,1046,1,7,174,1053,California
Siskiyou,2021-01-08,40,1099,3,477,37,622,0,0,38,1082,2,9,38,1091,California
Siskiyou,2021-01-09,2,1101,2,479,0,622,0,0,0,1080,2,11,0,1091,California
Siskiyou,2021-01-11,225,1326,64,543,161,783,0,0,163,1181,62,73,163,1254,California
Siskiyou,2021-01-12,324,1650,274,817,50,833,0,0,91,1040,233,306,92,1346,California
Siskiyou,2021-01-13,158,1808,137,954,21,854,0,0,24,930,134,440,24,1370,California
Siskiyou,2021-01-14,35,1843,1,955,34,888,0,0,34,963,1,441,34,1404,California
Siskiyou,2021-01-15,55,1898,3,958,52,940,0,0,55,1018,0,441,55,1459,California
Siskiyou,2021-01-16,7,1905,2,960,5,945,0,0,7,1025,0,441,7,1466,California
Siskiyou,2021-01-17,1,1906,1,961,0,945,0,0,0,1024,1,442,0,1466,California
Siskiyou,2021-01-18,75,1981,3,964,72,1017,0,0,73,1095,2,444,73,1539,California
Siskiyou,2021-01-19,41,2022,1,965,40,1057,0,0,40,1134,1,445,40,1579,California
Siskiyou,2021-01-20,67,2089,35,1000,32,1089,0,0,63,1193,4,449,63,1642,California
Siskiyou,2021-01-21,67,2156,1,1001,66,1155,0,0,67,1260,0,449,67,1709,California
Siskiyou,2021-01-22,1341,3497,1174,2175,167,1322,0,0,1341,2601,0,449,1341,3050,California
Siskiyou,2021-01-23,6,3503,2,2177,4,1326,0,0,3,2601,3,452,3,3053,California
Siskiyou,2021-01-25,208,3711,8,2185,200,1526,0,0,204,2801,4,456,204,3257,California
Siskiyou,2021-01-26,108,3819,3,2188,105,1631,0,0,100,2893,8,464,100,3357,California
Siskiyou,2021-01-27,200,4019,2,2190,198,1829,0,0,135,2964,64,528,135,3492,California
Siskiyou,2021-01-28,260,4279,118,2308,142,1971,0,0,235,3180,19,547,235,3727,California
Siskiyou,2021-01-29,272,4551,3,2311,269,2240,0,0,253,3414,19,566,253,3980,California
Siskiyou,2021-01-30,4,4555,3,2314,1,2241,0,0,4,3418,0,566,4,3984,California
Siskiyou,2021-02-01,214,4769,3,2317,211,2452,0,0,114,3432,100,666,114,4098,California
Siskiyou,2021-02-02,314,5083,45,2362,269,2721,0,0,161,3440,153,819,161,4259,California
Siskiyou,2021-02-03,334,5417,1,2363,333,3054,0,0,264,3634,70,889,264,4523,California
Siskiyou,2021-02-04,360,5777,7,2370,353,3407,0,0,221,3716,139,1028,221,4744,California
Siskiyou,2021-02-05,544,6321,4,2374,540,3947,0,0,370,3912,174,1202,370,5114,California
Siskiyou,2021-02-06,15,6336,0,2374,15,3962,0,0,15,3927,0,1202,15,5129,California
Siskiyou,2021-02-07,3,6339,2,2376,1,3963,0,0,3,3930,0,1202,3,5132,California
Siskiyou,2021-02-08,239,6578,4,2380,235,4198,0,0,214,4119,25,1227,214,5346,California
Siskiyou,2021-02-09,244,6822,2,2382,242,4440,0,0,191,4257,53,1280,191,5537,California
Siskiyou,2021-02-10,389,7211,41,2423,348,4788,0,0,319,4507,69,1349,319,5856,California
Siskiyou,2021-02-11,214,7425,1,2424,213,5001,0,0,185,4663,29,1378,185,6041,California
Siskiyou,2021-02-12,1703,9128,1199,3623,504,5505,0,0,498,3956,1205,2583,498,6539,California
Siskiyou,2021-02-13,37,9165,2,3625,35,5540,0,0,32,3983,5,2588,32,6571,California
Siskiyou,2021-02-14,6,9171,2,3627,4,5544,0,0,6,3989,0,2588,6,6577,California
Siskiyou,2021-02-15,99,9270,2,3629,97,5641,0,0,97,4084,2,2590,97,6674,California
Siskiyou,2021-02-16,136,9406,2,3631,134,5775,0,0,100,4148,36,2626,100,6774,California
Siskiyou,2021-02-17,286,9692,5,3636,281,6056,0,0,251,4364,35,2661,251,7025,California
Siskiyou,2021-02-18,268,9960,88,3724,180,6236,0,0,127,4350,141,2802,127,7152,California
Siskiyou,2021-02-19,95,10055,34,3758,61,6297,0,0,35,4327,58,2860,35,7187,California
Siskiyou,2021-02-20,22,10077,3,3761,19,6316,0,0,17,4339,5,2865,17,7204,California
Siskiyou,2021-02-21,1,10078,1,3762,0,6316,0,0,1,4340,0,2865,1,7205,California
Siskiyou,2021-02-22,206,10284,2,3764,204,6520,0,0,74,4282,132,2997,74,7279,California
Siskiyou,2021-02-23,288,10572,15,3779,273,6793,0,0,186,4366,102,3099,186,7465,California
Siskiyou,2021-02-24,172,10744,5,3784,167,6960,0,0,49,4292,123,3222,49,7514,California
Siskiyou,2021-02-25,300,11044,15,3799,285,7245,0,0,146,4285,153,3375,146,7660,California
Siskiyou,2021-02-26,670,11714,9,3808,661,7906,0,0,366,4347,304,3679,366,8026,California
Siskiyou,2021-02-27,32,11746,5,3813,27,7933,0,0,28,4371,4,3683,28,8054,California
Siskiyou,2021-02-28,5,11751,5,3818,0,7933,0,0,3,4372,2,3685,3,8057,California
Siskiyou,2021-03-01,290,12041,5,3823,285,8218,0,0,49,4180,241,3926,49,8106,California
Siskiyou,2021-03-02,208,12249,1,3824,207,8425,0,0,70,4112,138,4064,70,8176,California
Siskiyou,2021-03-03,346,12595,10,3834,336,8761,0,0,152,4070,194,4258,152,8328,California
Siskiyou,2021-03-04,818,13413,617,4451,201,8962,0,0,642,4536,176,4434,642,8970,California
Siskiyou,2021-03-05,347,13760,5,4456,331,9293,11,11,106,4415,238,4672,117,9087,California
Siskiyou,2021-03-06,42,13802,3,4459,32,9325,7,18,27,4434,15,4687,34,9121,California
Siskiyou,2021-03-07,11,13813,3,4462,0,9325,8,26,1,4433,10,4697,9,9130,California
Siskiyou,2021-03-08,360,14173,22,4484,304,9629,34,60,68,4243,292,4989,102,9232,California
Siskiyou,2021-03-09,175,14348,2,4486,118,9747,55,115,42,4207,133,5122,97,9329,California
Siskiyou,2021-03-10,220,14568,6,4492,184,9931,30,145,24,4065,196,5318,54,9383,California
Siskiyou,2021-03-11,493,15061,206,4698,241,10172,46,191,284,4187,208,5526,330,9713,California
Siskiyou,2021-03-12,652,15713,141,4839,472,10644,39,230,184,3944,466,5992,223,9936,California
Siskiyou,2021-03-13,429,16142,380,5219,26,10670,23,253,380,4298,49,6041,403,10339,California
Siskiyou,2021-03-14,20,16162,1,5220,3,10673,16,269,2,4298,18,6059,18,10357,California
Siskiyou,2021-03-15,495,16657,258,5478,173,10846,64,333,319,4505,176,6235,383,10740,California
Siskiyou,2021-03-16,258,16915,34,5512,208,11054,16,349,141,4546,116,6351,157,10897,California
Siskiyou,2021-03-17,199,17114,8,5520,183,11237,8,357,33,4421,166,6517,41,10938,California
Siskiyou,2021-03-18,924,18038,786,6306,126,11363,12,369,808,5125,116,6633,820,11758,California
Siskiyou,2021-03-19,65,18103,7,6313,45,11408,13,382,18,5109,47,6680,31,11789,California
Siskiyou,2021-03-20,29,18132,7,6320,18,11426,4,386,6,5096,23,6703,10,11799,California
Siskiyou,2021-03-21,10,18142,4,6324,1,11427,5,391,4,5099,6,6709,9,11808,California
Siskiyou,2021-03-22,209,18351,20,6344,166,11593,23,414,146,5208,60,6769,169,11977,California
Siskiyou,2021-03-23,172,18523,19,6363,144,11737,9,423,125,5295,47,6816,134,12111,California
Siskiyou,2021-03-24,143,18666,47,6410,96,11833,0,423,116,5384,27,6843,116,12227,California
Siskiyou,2021-03-25,564,19230,314,6724,247,12080,3,426,394,5611,170,7013,397,12624,California
Siskiyou,2021-03-26,303,19533,34,6758,269,12349,0,426,103,5516,198,7211,103,12727,California
Siskiyou,2021-03-27,39,19572,6,6764,28,12377,5,431,11,5504,28,7239,16,12743,California
Siskiyou,2021-03-28,7,19579,6,6770,1,12378,0,431,5,5507,2,7241,5,12748,California
Siskiyou,2021-03-29,94,19673,10,6780,82,12460,2,433,44,5503,50,7291,46,12794,California
Siskiyou,2021-03-30,101,19774,6,6786,94,12554,1,434,40,5483,61,7352,41,12835,California
Siskiyou,2021-03-31,177,19951,9,6795,165,12719,3,437,48,5408,127,7479,52,12887,California
Siskiyou,2021-04-01,827,20778,669,7464,158,12877,0,437,214,5009,613,8092,214,13101,California
Siskiyou,2021-04-02,347,21125,197,7661,146,13023,4,441,65,4798,280,8372,69,13170,California
Siskiyou,2021-04-03,26,21151,5,7666,14,13037,7,448,5,4789,21,8393,12,13182,California
Siskiyou,2021-04-04,2,21153,1,7667,1,13038,0,448,1,4789,1,8394,1,13183,California
Siskiyou,2021-04-05,437,21590,332,7999,80,13118,25,473,27,4432,409,8803,52,13235,California
Siskiyou,2021-04-06,220,21810,36,8035,131,13249,53,526,126,4518,92,8895,178,13413,California
Siskiyou,2021-04-07,113,21923,10,8045,62,13311,41,567,64,4574,49,8944,105,13518,California
Siskiyou,2021-04-08,343,22266,175,8220,125,13436,43,610,62,4398,281,9225,105,13623,California
Siskiyou,2021-04-09,545,22811,377,8597,130,13566,38,648,84,4061,460,9685,123,13746,California
Siskiyou,2021-04-10,46,22857,6,8603,3,13569,37,685,7,4066,39,9724,44,13790,California
Siskiyou,2021-04-11,7,22864,5,8608,1,13570,1,686,2,4064,5,9729,3,13793,California
Siskiyou,2021-04-12,128,22992,24,8632,103,13673,1,687,48,4033,80,9809,49,13842,California
Siskiyou,2021-04-13,205,23197,37,8669,167,13840,1,688,82,3993,123,9932,83,13925,California
Siskiyou,2021-04-14,156,23353,64,8733,92,13932,0,688,85,4009,69,10001,85,14010,California
Siskiyou,2021-04-15,1114,24467,956,9689,158,14090,0,688,435,3765,679,10680,435,14445,California
Siskiyou,2021-04-16,299,24766,208,9897,91,14181,0,688,268,4003,30,10710,268,14713,California
Siskiyou,2021-04-17,11,24777,8,9905,3,14184,0,688,6,4004,5,10715,6,14719,California
Siskiyou,2021-04-18,5,24782,3,9908,2,14186,0,688,1,4001,4,10719,1,14720,California
Siskiyou,2021-04-19,128,24910,24,9932,104,14290,0,688,45,3963,83,10802,45,14765,California
Siskiyou,2021-04-20,217,25127,4,9936,213,14503,0,688,91,3928,126,10928,91,14856,California
Siskiyou,2021-04-21,96,25223,11,9947,85,14588,0,688,26,3884,70,10998,26,14882,California
Siskiyou,2021-04-22,408,25631,296,10243,112,14700,0,688,50,3576,358,11356,50,14932,California
Siskiyou,2021-04-23,180,25811,15,10258,165,14865,0,688,158,3713,21,11377,158,15090,California
Siskiyou,2021-04-24,28,25839,4,10262,24,14889,0,688,20,3725,8,11385,20,15110,California
Siskiyou,2021-04-25,2,25841,0,10262,2,14891,0,688,2,3727,0,11385,2,15112,California
Siskiyou,2021-04-26,100,25941,5,10267,90,14981,5,693,25,3682,75,11460,30,15142,California
Siskiyou,2021-04-27,113,26054,4,10271,107,15088,2,695,86,3745,25,11485,88,15230,California
Siskiyou,2021-04-28,110,26164,7,10278,95,15183,8,703,53,3749,57,11542,61,15291,California
Siskiyou,2021-04-29,144,26308,14,10292,129,15312,1,704,28,3662,116,11658,29,15320,California
Siskiyou,2021-04-30,103,26411,21,10313,81,15393,1,705,45,3652,55,11713,45,15365,California
Siskiyou,2021-05-01,11,26422,7,10320,1,15394,3,708,7,3658,4,11717,10,15375,California
Siskiyou,2021-05-02,10,26432,4,10324,6,15400,0,708,8,3664,2,11719,8,15383,California
Siskiyou,2021-05-03,107,26539,24,10348,81,15481,2,710,45,3649,62,11781,47,15430,California
Siskiyou,2021-05-04,121,26660,6,10354,113,15594,2,712,60,3651,60,11841,62,15492,California
Siskiyou,2021-05-05,114,26774,19,10373,86,15680,9,721,39,3625,74,11915,48,15540,California
Siskiyou,2021-05-06,365,27139,296,10669,63,15743,6,727,190,3646,175,12090,196,15736,California
Siskiyou,2021-05-07,308,27447,219,10888,84,15827,5,732,32,3408,275,12365,37,15773,California
Siskiyou,2021-05-08,24,27471,3,10891,20,15847,1,733,18,3421,6,12371,19,15792,California
Siskiyou,2021-05-09,1,27472,0,10891,1,15848,0,733,0,3420,1,12372,0,15792,California
Siskiyou,2021-05-10,100,27572,68,10959,31,15879,1,734,22,3365,78,12450,23,15815,California
Siskiyou,2021-05-11,87,27659,8,10967,74,15953,5,739,51,3385,36,12486,56,15871,California
Siskiyou,2021-05-12,56,27715,4,10971,47,16000,5,744,15,3364,41,12527,20,15891,California
Siskiyou,2021-05-13,81,27796,34,11005,38,16038,9,753,37,3366,44,12571,46,15937,California
Siskiyou,2021-05-14,173,27969,81,11086,91,16129,1,754,106,3407,66,12637,107,16044,California
Siskiyou,2021-05-15,43,28012,13,11099,28,16157,2,756,36,3439,6,12643,38,16082,California
Siskiyou,2021-05-16,6,28018,2,11101,4,16161,0,756,4,3441,2,12645,4,16086,California
Siskiyou,2021-05-17,63,28081,2,11103,38,16199,23,779,11,3423,52,12697,34,16120,California
Siskiyou,2021-05-18,216,28297,81,11184,131,16330,4,783,122,3456,93,12790,126,16246,California
Siskiyou,2021-05-19,155,28452,97,11281,57,16387,1,784,124,3550,31,12821,125,16371,California
Siskiyou,2021-05-20,503,28955,421,11702,80,16467,2,786,233,3515,270,13091,235,16606,California
Siskiyou,2021-05-21,197,29152,95,11797,102,16569,0,786,109,3537,87,13178,109,16715,California
Siskiyou,2021-05-22,41,29193,19,11816,22,16591,0,786,26,3548,15,13193,26,16741,California
Siskiyou,2021-05-23,4,29197,3,11819,1,16592,0,786,2,3548,2,13195,2,16743,California
Siskiyou,2021-05-24,18,29215,3,11822,15,16607,0,786,5,3541,12,13207,5,16748,California
Siskiyou,2021-05-25,156,29371,16,11838,120,16727,20,806,50,3507,104,13311,70,16818,California
Siskiyou,2021-05-26,76,29447,19,11857,57,16784,0,806,41,3513,35,13346,41,16859,California
Siskiyou,2021-05-27,128,29575,92,11949,35,16819,1,807,55,3496,73,13419,56,16915,California
Siskiyou,2021-05-28,154,29729,57,12006,96,16915,1,808,102,3548,51,13470,103,17018,California
Siskiyou,2021-05-29,16,29745,9,12015,4,16919,3,811,5,3545,11,13481,8,17026,California
Siskiyou,2021-05-31,2,29747,1,12016,0,16919,1,812,1,3546,1,13482,2,17028,California
Siskiyou,2021-06-01,86,29833,20,12036,66,16985,0,812,29,3519,56,13538,29,17057,California
Siskiyou,2021-06-02,120,29953,35,12071,85,17070,0,812,44,3487,76,13614,44,17101,California
Siskiyou,2021-06-03,150,30103,103,12174,42,17112,5,817,34,3410,116,13730,39,17140,California
Siskiyou,2021-06-04,99,30202,77,12251,22,17134,0,817,20,3351,79,13809,20,17160,California
Siskiyou,2021-06-05,37,30239,17,12268,19,17153,1,818,16,3347,21,13830,17,17177,California
Siskiyou,2021-06-06,3,30242,2,12270,0,17153,1,819,0,3345,3,13833,1,17178,California
Siskiyou,2021-06-07,34,30276,4,12274,30,17183,0,819,26,3363,8,13841,26,17204,California
Siskiyou,2021-06-08,178,30454,93,12367,84,17267,1,820,48,3282,130,13971,49,17253,California
Siskiyou,2021-06-09,104,30558,84,12451,19,17286,1,821,26,3231,78,14049,27,17280,California
Siskiyou,2021-06-10,155,30713,141,12592,14,17300,0,821,59,3194,96,14145,59,17339,California
Siskiyou,2021-06-11,99,30812,55,12647,38,17338,6,827,15,3152,63,14208,21,17360,California
Siskiyou,2021-06-12,23,30835,2,12649,21,17359,0,827,6,3141,17,14225,6,17366,California
Siskiyou,2021-06-13,3,30838,1,12650,2,17361,0,827,0,3138,3,14228,0,17366,California
Solano,2020-12-15,4,4,4,4,0,0,0,0,4,4,0,0,4,4,California
Solano,2020-12-16,69,73,69,73,0,0,0,0,69,73,0,0,69,73,California
Solano,2020-12-17,170,243,170,243,0,0,0,0,170,243,0,0,170,243,California
Solano,2020-12-18,475,718,474,717,1,1,0,0,475,718,0,0,475,718,California
Solano,2020-12-19,521,1239,521,1238,0,1,0,0,521,1239,0,0,521,1239,California
Solano,2020-12-20,350,1589,348,1586,2,3,0,0,350,1589,0,0,350,1589,California
Solano,2020-12-21,575,2164,573,2159,2,5,0,0,575,2164,0,0,575,2164,California
Solano,2020-12-22,661,2825,628,2787,33,38,0,0,661,2825,0,0,661,2825,California
Solano,2020-12-23,855,3680,764,3551,91,129,0,0,854,3678,1,1,854,3679,California
Solano,2020-12-24,417,4097,166,3717,251,380,0,0,417,4095,0,1,417,4096,California
Solano,2020-12-25,9,4106,1,3718,8,388,0,0,9,4104,0,1,9,4105,California
Solano,2020-12-26,172,4278,46,3764,126,514,0,0,172,4276,0,1,172,4277,California
Solano,2020-12-27,107,4385,29,3793,78,592,0,0,107,4383,0,1,107,4384,California
Solano,2020-12-28,870,5255,425,4218,445,1037,0,0,870,5253,0,1,870,5254,California
Solano,2020-12-29,909,6164,372,4590,537,1574,0,0,909,6162,0,1,909,6163,California
Solano,2020-12-30,1229,7393,595,5185,634,2208,0,0,1229,7391,0,1,1229,7392,California
Solano,2020-12-31,543,7936,139,5324,404,2612,0,0,543,7934,0,1,543,7935,California
Solano,2021-01-01,15,7951,14,5338,1,2613,0,0,15,7949,0,1,15,7950,California
Solano,2021-01-02,214,8165,165,5503,49,2662,0,0,214,8163,0,1,214,8164,California
Solano,2021-01-03,55,8220,39,5542,16,2678,0,0,49,8212,0,1,49,8213,California
Solano,2021-01-04,443,8663,237,5779,206,2884,0,0,434,8644,2,3,434,8647,California
Solano,2021-01-05,732,9395,378,6157,354,3238,0,0,573,9063,154,157,573,9220,California
Solano,2021-01-06,847,10242,435,6592,412,3650,0,0,577,9372,268,425,577,9797,California
Solano,2021-01-07,1061,11303,678,7270,383,4033,0,0,588,9490,471,896,589,10386,California
Solano,2021-01-08,1144,12447,777,8047,367,4400,0,0,547,9460,579,1475,549,10935,California
Solano,2021-01-09,889,13336,763,8810,126,4526,0,0,431,9436,455,1930,431,11366,California
Solano,2021-01-10,260,13596,193,9003,67,4593,0,0,159,9494,101,2031,159,11525,California
Solano,2021-01-11,1337,14933,1122,10125,215,4808,0,0,819,9795,518,2549,819,12344,California
Solano,2021-01-12,1566,16499,1166,11291,400,5208,0,0,1021,10273,544,3093,1022,13366,California
Solano,2021-01-13,1464,17963,1001,12292,463,5671,0,0,1208,11227,254,3347,1208,14574,California
Solano,2021-01-14,1898,19861,812,13104,1086,6757,0,0,1584,12499,313,3660,1585,16159,California
Solano,2021-01-15,1713,21574,1057,14161,656,7413,0,0,1417,13620,296,3956,1417,17576,California
Solano,2021-01-16,1298,22872,909,15070,389,7802,0,0,1125,14572,173,4129,1125,18701,California
Solano,2021-01-17,1054,23926,760,15830,294,8096,0,0,1034,15587,20,4149,1035,19736,California
Solano,2021-01-18,1428,25354,855,16685,573,8669,0,0,1311,16782,117,4266,1312,21048,California
Solano,2021-01-19,1656,27010,1340,18025,316,8985,0,0,1387,17901,268,4534,1387,22435,California
Solano,2021-01-20,2046,29056,1431,19456,615,9600,0,0,1560,18978,483,5017,1560,23995,California
Solano,2021-01-21,3229,32285,1022,20478,2207,11807,0,0,2877,21504,352,5369,2878,26873,California
Solano,2021-01-22,1785,34070,853,21331,932,12739,0,0,1588,22895,197,5566,1588,28461,California
Solano,2021-01-23,735,34805,240,21571,495,13234,0,0,533,23226,203,5769,534,28995,California
Solano,2021-01-24,404,35209,60,21631,344,13578,0,0,336,23494,68,5837,336,29331,California
Solano,2021-01-25,1678,36887,631,22262,1047,14625,0,0,1119,24057,558,6395,1121,30452,California
Solano,2021-01-26,1810,38697,749,23011,1061,15686,0,0,1169,24586,641,7036,1170,31622,California
Solano,2021-01-27,1809,40506,724,23735,1085,16771,0,0,1193,25167,612,7648,1193,32815,California
Solano,2021-01-28,1972,42478,712,24447,1260,18031,0,0,1380,25957,591,8239,1381,34196,California
Solano,2021-01-29,1721,44199,787,25234,934,18965,0,0,1356,26950,363,8602,1356,35552,California
Solano,2021-01-30,962,45161,459,25693,503,19468,0,0,617,27223,345,8947,618,36170,California
Solano,2021-01-31,250,45411,158,25851,92,19560,0,0,173,27319,77,9024,173,36343,California
Solano,2021-02-01,1556,46967,1033,26884,523,20083,0,0,776,27319,776,9800,776,37119,California
Solano,2021-02-02,3379,50346,1094,27978,2285,22368,0,0,2565,29074,810,10610,2565,39684,California
Solano,2021-02-03,2272,52618,1312,29290,960,23328,0,0,1171,29147,1098,11708,1171,40855,California
Solano,2021-02-04,1810,54428,906,30196,904,24232,0,0,1077,29496,728,12436,1077,41932,California
Solano,2021-02-05,3119,57547,1420,31616,1699,25931,0,0,2112,30608,1000,13436,2112,44044,California
Solano,2021-02-06,3086,60633,1176,32792,1910,27841,0,0,2262,32050,820,14256,2262,46306,California
Solano,2021-02-07,854,61487,785,33577,69,27910,0,0,236,31669,617,14873,236,46542,California
Solano,2021-02-08,1765,63252,1237,34814,528,28438,0,0,719,31344,1044,15917,719,47261,California
Solano,2021-02-09,1951,65203,1492,36306,459,28897,0,0,695,30784,1255,17172,695,47956,California
Solano,2021-02-10,2278,67481,1505,37811,773,29670,0,0,830,30166,1448,18620,830,48786,California
Solano,2021-02-11,2526,70007,1496,39307,1030,30700,0,0,1198,30047,1317,19937,1198,49984,California
Solano,2021-02-12,4269,74276,1633,40940,2636,33336,0,0,2915,31615,1347,21284,2915,52899,California
Solano,2021-02-13,2872,77148,244,41184,2628,35964,0,0,2456,33659,412,21696,2456,55355,California
Solano,2021-02-14,729,77877,205,41389,524,36488,0,0,409,33751,318,22014,410,55765,California
Solano,2021-02-15,1331,79208,329,41718,1002,37490,0,0,683,33787,647,22661,683,56448,California
Solano,2021-02-16,2567,81775,1390,43108,1177,38667,0,0,1668,34558,898,23559,1669,58117,California
Solano,2021-02-17,3234,85009,1449,44557,1785,40452,0,0,2191,35710,1040,24599,2192,60309,California
Solano,2021-02-18,2918,87927,840,45397,2078,42530,0,0,855,34509,2057,26656,856,61165,California
Solano,2021-02-19,2477,90404,1454,46851,1023,43553,0,0,1174,34387,1298,27954,1176,62341,California
Solano,2021-02-20,2747,93151,388,47239,2359,45912,0,0,2235,36109,513,28467,2235,64576,California
Solano,2021-02-21,2318,95469,1997,49236,321,46233,0,0,1999,37793,315,28782,1999,66575,California
Solano,2021-02-22,1806,97275,1063,50299,743,46976,0,0,943,37876,861,29643,944,67519,California
Solano,2021-02-23,2904,100179,1091,51390,1813,48789,0,0,1975,38926,925,30568,1975,69494,California
Solano,2021-02-24,2538,102717,1266,52656,1272,50061,0,0,1411,39213,1125,31693,1412,70906,California
Solano,2021-02-25,2570,105287,1566,54222,1004,51065,0,0,1422,39492,1143,32836,1422,72328,California
Solano,2021-02-26,3418,108705,2172,56394,1246,52311,0,0,1974,40027,1439,34275,1974,74302,California
Solano,2021-02-27,3991,112696,1536,57930,2454,54765,1,1,3226,42498,756,35031,3227,77529,California
Solano,2021-02-28,1935,114631,1561,59491,373,55138,1,2,1605,43778,326,35357,1606,79135,California
Solano,2021-03-01,2726,117357,1224,60715,1501,56639,1,3,2056,45172,663,36020,2057,81192,California
Solano,2021-03-02,2282,119639,1409,62124,873,57512,0,3,1295,45481,986,37006,1295,82487,California
Solano,2021-03-03,2250,121889,1263,63387,987,58499,0,3,1387,46015,854,37860,1388,83875,California
Solano,2021-03-04,4383,126272,3434,66821,947,59446,2,5,3152,47951,1221,39081,3157,87032,California
Solano,2021-03-05,4950,131222,1684,68505,3261,62707,5,10,3978,50972,962,40043,3983,91015,California
Solano,2021-03-06,3871,135093,831,69336,3001,65708,39,49,2660,52472,1199,41242,2699,93714,California
Solano,2021-03-07,3600,138693,763,70099,2827,68535,10,59,1968,52832,1619,42861,1979,95693,California
Solano,2021-03-08,2136,140829,1342,71441,525,69060,269,328,1615,54197,517,43378,1882,97575,California
Solano,2021-03-09,3229,144058,1569,73010,1606,70666,54,382,2331,55680,898,44276,2381,99956,California
Solano,2021-03-10,2426,146484,1762,74772,579,71245,85,467,1275,55893,1146,45422,1359,101315,California
Solano,2021-03-11,6036,152520,1755,76527,4027,75272,254,721,4986,60088,1046,46468,5241,106556,California
Solano,2021-03-12,6047,158567,1569,78096,4299,79571,179,900,3169,60561,2874,49342,3347,109903,California
Solano,2021-03-13,4599,163166,811,78907,3708,83279,80,980,2242,60535,2350,51692,2324,112227,California
Solano,2021-03-14,4018,167184,3139,82046,418,83697,461,1441,1544,60068,2469,54161,2002,114229,California
Solano,2021-03-15,4034,171218,2463,84509,1242,84939,329,1770,2513,61394,1514,55675,2840,117069,California
Solano,2021-03-16,3063,174281,1312,85821,1516,86455,235,2005,1547,61663,1512,57187,1781,118850,California
Solano,2021-03-17,6473,180754,1660,87481,4722,91177,91,2096,4938,65160,1532,58719,5029,123879,California
Solano,2021-03-18,5229,185983,1845,89326,3344,94521,40,2136,3755,67490,1466,60185,3796,127675,California
Solano,2021-03-19,3583,189566,2646,91972,860,95381,77,2213,1709,67411,1866,62051,1787,129462,California
Solano,2021-03-20,5608,195174,1684,93656,3872,99253,52,2265,2651,67167,2947,64998,2703,132165,California
Solano,2021-03-21,1677,196851,1573,95229,79,99332,25,2290,370,66257,1303,66301,393,132558,California
Solano,2021-03-22,2664,199515,2036,97265,578,99910,50,2340,1539,66723,1119,67420,1585,134143,California
Solano,2021-03-23,3578,203093,1689,98954,1846,101756,43,2383,1405,66001,2169,69589,1447,135590,California
Solano,2021-03-24,2827,205920,1765,100719,1027,102783,35,2418,1359,65931,1462,71051,1392,136982,California
Solano,2021-03-25,4882,210802,4007,104726,840,103623,35,2453,2275,65638,2602,73653,2309,139291,California
Solano,2021-03-26,3243,214045,2110,106836,1095,104718,38,2491,1743,65930,1490,75143,1782,141073,California
Solano,2021-03-27,4221,218266,1156,107992,3027,107745,38,2529,1662,65075,2553,77696,1698,142771,California
Solano,2021-03-28,1423,219689,1117,109109,289,108034,17,2546,541,64755,878,78574,558,143329,California
Solano,2021-03-29,3530,223219,2048,111157,1465,109499,17,2563,1560,64374,1958,80532,1577,144906,California
Solano,2021-03-30,3046,226265,2012,113169,936,110435,98,2661,1899,65225,1145,81677,1996,146902,California
Solano,2021-03-31,3144,229409,2143,115312,844,111279,157,2818,1839,65915,1302,82979,1992,148894,California
Solano,2021-04-01,5558,234967,2110,117422,3296,114575,152,2970,3512,67546,2033,85012,3664,152558,California
Solano,2021-04-02,6631,241598,2221,119643,4243,118818,167,3137,2544,66185,4071,89083,2710,155268,California
Solano,2021-04-03,1527,243125,967,120610,407,119225,153,3290,568,65948,957,90040,720,155988,California
Solano,2021-04-04,777,243902,287,120897,188,119413,302,3592,237,65951,536,90576,539,156527,California
Solano,2021-04-05,2981,246883,2044,122941,730,120143,207,3799,1512,66201,1467,92043,1717,158244,California
Solano,2021-04-06,6095,252978,1639,124580,3969,124112,487,4286,1653,63905,4434,96477,2138,160382,California
Solano,2021-04-07,5986,258964,4630,129210,953,125065,403,4689,3415,65171,2551,99028,3817,164199,California
Solano,2021-04-08,6477,265441,1791,131001,3814,128879,872,5561,1805,63198,4642,103670,2669,166868,California
Solano,2021-04-09,6308,271749,1665,132666,3783,132662,860,6421,1516,60801,4768,108438,2371,169239,California
Solano,2021-04-10,1755,273504,967,133633,455,133117,333,6754,809,60999,945,109383,1143,170382,California
Solano,2021-04-11,1206,274710,767,134400,327,133444,112,6866,644,61196,559,109942,756,171138,California
Solano,2021-04-12,3283,277993,1692,136092,1226,134670,365,7231,1357,60994,1921,111863,1719,172857,California
Solano,2021-04-13,2532,280525,1100,137192,1431,136101,1,7232,1322,61111,1207,113070,1324,174181,California
Solano,2021-04-14,6507,287032,1959,139151,4548,140649,0,7232,1841,58297,4658,117728,1844,176025,California
Solano,2021-04-15,5720,292752,2157,141308,3562,144211,1,7233,1739,56070,3967,121695,1740,177765,California
Solano,2021-04-16,3687,296439,2597,143905,1088,145299,2,7235,2287,56968,1393,123088,2291,180056,California
Solano,2021-04-17,3262,299701,1057,144962,2205,147504,0,7235,1110,55935,2144,125232,1111,181167,California
Solano,2021-04-18,1002,300703,614,145576,388,147892,0,7235,526,55986,475,125707,526,181693,California
Solano,2021-04-19,2139,302842,1155,146731,984,148876,0,7235,1170,56195,963,126670,1172,182865,California
Solano,2021-04-20,3003,305845,1828,148559,1175,150051,0,7235,1663,56524,1334,128004,1663,184528,California
Solano,2021-04-21,3821,309666,2333,150892,1488,151539,0,7235,2013,56737,1800,129804,2013,186541,California
Solano,2021-04-22,2991,312657,1478,152370,1513,153052,0,7235,1789,57326,1200,131004,1789,188330,California
Solano,2021-04-23,4150,316807,2096,154466,2054,155106,0,7235,2507,58196,1638,132642,2508,190838,California
Solano,2021-04-24,3886,320693,2340,156806,1544,156650,2,7237,2580,59558,1220,133862,2582,193420,California
Solano,2021-04-25,1429,322122,1113,157919,316,156966,0,7237,1131,60398,291,134153,1131,194551,California
Solano,2021-04-26,2589,324711,1668,159587,917,157883,4,7241,1429,60684,1147,135300,1433,195984,California
Solano,2021-04-27,2587,327298,1291,160878,1266,159149,30,7271,1465,61068,1112,136412,1496,197480,California
Solano,2021-04-28,6038,333336,4995,165873,997,160146,46,7317,3772,62631,2255,138667,3818,201298,California
Solano,2021-04-29,4533,337869,1442,167315,3059,163205,32,7349,2047,62232,2478,141145,2079,203377,California
Solano,2021-04-30,4116,341985,2183,169498,1792,164997,141,7490,1901,62075,2199,143344,2042,205419,California
Solano,2021-05-01,2179,344164,1677,171175,301,165298,201,7691,1294,62690,880,144224,1495,206914,California
Solano,2021-05-02,1204,345368,947,172122,231,165529,26,7717,668,62853,531,144755,694,207608,California
Solano,2021-05-03,1454,346822,1009,173131,358,165887,87,7804,594,62677,858,145613,682,208290,California
Solano,2021-05-04,1794,348616,1040,174171,687,166574,67,7871,808,62567,985,146598,875,209165,California
Solano,2021-05-05,2275,350891,1418,175589,743,167317,114,7985,1092,62592,1179,147777,1204,210369,California
Solano,2021-05-06,2004,352895,1192,176781,601,167918,211,8196,730,62269,1263,149040,940,211309,California
Solano,2021-05-07,2819,355714,1966,178747,733,168651,120,8316,972,61520,1839,150879,1090,212399,California
Solano,2021-05-08,1441,357155,899,179646,426,169077,116,8432,548,61294,890,151769,664,213063,California
Solano,2021-05-09,442,357597,265,179911,166,169243,11,8443,177,61221,262,152031,189,213252,California
Solano,2021-05-10,1330,358927,608,180519,616,169859,106,8549,389,60779,936,152967,494,213746,California
Solano,2021-05-11,2268,361195,1141,181660,1038,170897,89,8638,641,59887,1622,154589,730,214476,California
Solano,2021-05-12,2126,363321,1206,182866,744,171641,176,8814,700,59348,1412,156001,873,215349,California
Solano,2021-05-13,3027,366348,2069,184935,746,172387,212,9026,1597,59730,1427,157428,1809,217158,California
Solano,2021-05-14,2415,368763,1630,186565,664,173051,121,9147,1005,59455,1401,158829,1126,218284,California
Solano,2021-05-15,3131,371894,2478,189043,568,173619,85,9232,1198,58816,1921,160750,1282,219566,California
Solano,2021-05-16,1491,373385,1092,190135,367,173986,32,9264,248,57855,1240,161990,279,219845,California
Solano,2021-05-17,2446,375831,1399,191534,961,174947,86,9350,867,57245,1559,163549,949,220794,California
Solano,2021-05-18,2907,378738,1617,193151,1201,176148,89,9439,1454,57347,1441,164990,1543,222337,California
Solano,2021-05-19,5095,383833,3557,196708,1432,177580,106,9545,1961,56291,3124,168114,2068,224405,California
Solano,2021-05-20,2596,386429,1562,198270,975,178555,59,9604,949,55661,1638,169752,1008,225413,California
Solano,2021-05-21,3539,389968,1863,200133,1609,180164,67,9671,1393,54986,2135,171887,1460,226873,California
Solano,2021-05-22,2379,392347,1777,201910,535,180699,67,9738,985,54653,1385,173272,1052,227925,California
Solano,2021-05-23,1362,393709,1120,203030,219,180918,23,9761,728,54773,631,173903,751,228676,California
Solano,2021-05-24,1836,395545,1039,204069,725,181643,72,9833,615,54244,1215,175118,686,229362,California
Solano,2021-05-25,1622,397167,816,204885,746,182389,60,9893,586,53861,1028,176146,645,230007,California
Solano,2021-05-26,1882,399049,1083,205968,744,183133,55,9948,709,53457,1168,177314,764,230771,California
Solano,2021-05-27,2135,401184,944,206912,1116,184249,75,10023,890,53185,1236,178550,964,231735,California
Solano,2021-05-28,2023,403207,1035,207947,937,185186,51,10074,769,52760,1246,179796,821,232556,California
Solano,2021-05-29,649,403856,321,208268,298,185484,30,10104,321,52784,326,180122,350,232906,California
Solano,2021-05-30,323,404179,155,208423,143,185627,25,10129,119,52727,201,180323,144,233050,California
Solano,2021-05-31,127,404306,18,208441,100,185727,9,10138,24,52657,103,180426,33,233083,California
Solano,2021-06-01,1829,406135,1172,209613,579,186306,78,10216,761,52432,1063,181489,838,233921,California
Solano,2021-06-02,1710,407845,1174,210787,471,186777,65,10281,845,52480,859,182348,907,234828,California
Solano,2021-06-03,2003,409848,1550,212337,372,187149,81,10362,595,51754,1403,183751,677,235505,California
Solano,2021-06-04,1651,411499,1148,213485,439,187588,64,10426,556,51283,1091,184842,620,236125,California
Solano,2021-06-05,1392,412891,999,214484,342,187930,51,10477,472,50892,914,185756,523,236648,California
Solano,2021-06-06,528,413419,422,214906,85,188015,21,10498,264,50914,263,186019,285,236933,California
Solano,2021-06-07,1240,414659,943,215849,234,188249,63,10561,419,50579,817,186836,482,237415,California
Solano,2021-06-08,1718,416377,1208,217057,476,188725,34,10595,461,49822,1252,188088,495,237910,California
Solano,2021-06-09,1168,417545,938,217995,182,188907,48,10643,333,49370,833,188921,381,238291,California
Solano,2021-06-10,899,418444,610,218605,229,189136,60,10703,300,49137,594,189515,361,238652,California
Solano,2021-06-11,870,419314,611,219216,216,189352,43,10746,337,48985,532,190047,380,239032,California
Solano,2021-06-12,947,420261,771,219987,121,189473,55,10801,151,48399,792,190839,206,239238,California
Solano,2021-06-13,134,420395,109,220096,24,189497,1,10802,60,48386,74,190913,61,239299,California
Sonoma,2020-12-15,4,4,4,4,0,0,0,0,4,4,0,0,4,4,California
Sonoma,2020-12-16,28,32,28,32,0,0,0,0,28,32,0,0,28,32,California
Sonoma,2020-12-17,109,141,109,141,0,0,0,0,109,141,0,0,109,141,California
Sonoma,2020-12-18,438,579,438,579,0,0,0,0,438,579,0,0,438,579,California
Sonoma,2020-12-19,111,690,110,689,1,1,0,0,111,690,0,0,111,690,California
Sonoma,2020-12-20,176,866,176,865,0,1,0,0,176,866,0,0,176,866,California
Sonoma,2020-12-21,911,1777,909,1774,2,3,0,0,910,1776,0,0,910,1776,California
Sonoma,2020-12-22,1356,3133,1266,3040,90,93,0,0,1356,3132,0,0,1356,3132,California
Sonoma,2020-12-23,1606,4739,1233,4273,373,466,0,0,1607,4739,0,0,1607,4739,California
Sonoma,2020-12-24,311,5050,102,4375,209,675,0,0,311,5050,0,0,311,5050,California
Sonoma,2020-12-25,9,5059,2,4377,7,682,0,0,9,5059,0,0,9,5059,California
Sonoma,2020-12-26,268,5327,257,4634,11,693,0,0,268,5327,0,0,268,5327,California
Sonoma,2020-12-27,96,5423,81,4715,15,708,0,0,96,5423,0,0,96,5423,California
Sonoma,2020-12-28,982,6405,548,5263,434,1142,0,0,955,6378,0,0,955,6378,California
Sonoma,2020-12-29,1132,7537,780,6043,352,1494,0,0,1098,7476,0,0,1098,7476,California
Sonoma,2020-12-30,1094,8631,479,6522,615,2109,0,0,1086,8562,0,0,1086,8562,California
Sonoma,2020-12-31,520,9151,70,6592,450,2559,0,0,521,9083,0,0,521,9083,California
Sonoma,2021-01-01,46,9197,24,6616,22,2581,0,0,46,9129,0,0,46,9129,California
Sonoma,2021-01-02,133,9330,127,6743,6,2587,0,0,133,9262,0,0,133,9262,California
Sonoma,2021-01-03,25,9355,10,6753,15,2602,0,0,25,9287,0,0,25,9287,California
Sonoma,2021-01-04,340,9695,105,6858,235,2837,0,0,339,9626,0,0,339,9626,California
Sonoma,2021-01-05,430,10125,99,6957,331,3168,0,0,404,10014,16,16,404,10030,California
Sonoma,2021-01-06,947,11072,432,7389,515,3683,0,0,834,10741,107,123,834,10864,California
Sonoma,2021-01-07,1031,12103,537,7926,494,4177,0,0,856,11423,174,297,856,11720,California
Sonoma,2021-01-08,1803,13906,1241,9167,562,4739,0,0,1317,12256,484,781,1317,13037,California
Sonoma,2021-01-09,642,14548,402,9569,240,4979,0,0,595,12804,47,828,595,13632,California
Sonoma,2021-01-10,475,15023,464,10033,11,4990,0,0,278,12885,197,1025,278,13910,California
Sonoma,2021-01-11,1388,16411,1241,11274,147,5137,0,0,415,12332,968,1993,415,14325,California
Sonoma,2021-01-12,1547,17958,1293,12567,254,5391,0,0,396,11579,1149,3142,396,14721,California
Sonoma,2021-01-13,2048,20006,1372,13939,676,6067,0,0,1179,11893,866,4008,1180,15901,California
Sonoma,2021-01-14,1541,21547,807,14746,734,6801,0,0,1312,12977,229,4237,1313,17214,California
Sonoma,2021-01-15,1562,23109,627,15373,935,7736,0,0,1340,14105,213,4450,1341,18555,California
Sonoma,2021-01-16,1148,24257,615,15988,533,8269,0,0,902,14765,242,4692,902,19457,California
Sonoma,2021-01-17,672,24929,551,16539,121,8390,0,0,592,15277,80,4772,592,20049,California
Sonoma,2021-01-18,1104,26033,934,17473,170,8560,0,0,615,15404,489,5261,616,20665,California
Sonoma,2021-01-19,2100,28133,1000,18473,1100,9660,0,0,1388,16083,710,5971,1389,22054,California
Sonoma,2021-01-20,2110,30243,633,19106,1477,11137,0,0,1438,16860,662,6633,1439,23493,California
Sonoma,2021-01-21,2298,32541,648,19754,1650,12787,0,0,2074,18714,222,6855,2076,25569,California
Sonoma,2021-01-22,2757,35298,1052,20806,1705,14492,0,0,2609,21176,147,7002,2609,28178,California
Sonoma,2021-01-23,765,36063,592,21398,173,14665,0,0,656,21724,108,7110,656,28834,California
Sonoma,2021-01-24,849,36912,718,22116,131,14796,0,0,831,22537,18,7128,831,29665,California
Sonoma,2021-01-25,2182,39094,518,22634,1664,16460,0,0,1692,23739,490,7618,1692,31357,California
Sonoma,2021-01-26,2057,41151,303,22937,1754,18214,0,0,1597,24877,459,8077,1597,32954,California
Sonoma,2021-01-27,3761,44912,1288,24225,2473,20687,0,0,3180,27480,579,8656,3182,36136,California
Sonoma,2021-01-28,4147,49059,1850,26075,2297,22984,0,0,3467,30272,677,9333,3469,39605,California
Sonoma,2021-01-29,3024,52083,1424,27499,1600,24584,0,0,2176,31603,846,10179,2177,41782,California
Sonoma,2021-01-30,2596,54679,2405,29904,191,24775,0,0,2250,33509,345,10524,2251,44033,California
Sonoma,2021-01-31,809,55488,694,30598,115,24890,0,0,577,33855,231,10755,577,44610,California
Sonoma,2021-02-01,2488,57976,854,31452,1634,26524,0,0,2108,35586,377,11132,2108,46718,California
Sonoma,2021-02-02,3605,61581,1401,32853,2204,28728,0,0,3025,38034,577,11709,3025,49743,California
Sonoma,2021-02-03,4056,65637,1330,34183,2726,31454,0,0,3118,40218,934,12643,3118,52861,California
Sonoma,2021-02-04,4222,69859,1727,35910,2495,33949,0,0,3426,42851,794,13437,3427,56288,California
Sonoma,2021-02-05,4834,74693,1751,37661,3083,37032,0,0,3805,45632,1025,14462,3806,60094,California
Sonoma,2021-02-06,2668,77361,2303,39964,365,37397,0,0,2134,47233,533,14995,2134,62228,California
Sonoma,2021-02-07,1553,78914,1414,41378,139,37536,0,0,1297,48274,256,15251,1297,63525,California
Sonoma,2021-02-08,3278,82192,1041,42419,2237,39773,0,0,2685,50367,592,15843,2685,66210,California
Sonoma,2021-02-09,3585,85777,1704,44123,1881,41654,0,0,3106,52997,477,16320,3107,69317,California
Sonoma,2021-02-10,4562,90339,2491,46614,2071,43725,0,0,3556,55554,1000,17320,3557,72874,California
Sonoma,2021-02-11,5603,95942,3036,49650,2567,46292,0,0,4413,58780,1187,18507,4413,77287,California
Sonoma,2021-02-12,5947,101889,3270,52920,2677,48969,0,0,4502,61845,1441,19948,4506,81793,California
Sonoma,2021-02-13,1996,103885,1155,54075,841,49810,0,0,1201,62254,792,20740,1201,82994,California
Sonoma,2021-02-14,2334,106219,1838,55913,496,50306,0,0,1590,63104,740,21480,1590,84584,California
Sonoma,2021-02-15,2151,108370,800,56713,1351,51657,0,0,1610,64173,541,22021,1610,86194,California
Sonoma,2021-02-16,4921,113291,2058,58771,2863,54520,0,0,3648,66554,1268,23289,3649,89843,California
Sonoma,2021-02-17,5636,118927,2925,61696,2711,57231,0,0,3590,68110,2037,25326,3593,93436,California
Sonoma,2021-02-18,6977,125904,3147,64843,3830,61061,0,0,4022,69190,2943,28269,4023,97459,California
Sonoma,2021-02-19,5587,131491,1683,66526,3904,64965,0,0,3457,70524,2125,30394,3459,100918,California
Sonoma,2021-02-20,3128,134619,2838,69364,290,65255,0,0,1213,69828,1909,32303,1213,102131,California
Sonoma,2021-02-21,534,135153,423,69787,111,65366,0,0,137,69574,391,32694,137,102268,California
Sonoma,2021-02-22,2962,138115,1407,71194,1555,66921,0,0,1232,69081,1725,34419,1232,103500,California
Sonoma,2021-02-23,3455,141570,2121,73315,1334,68255,0,0,1613,68857,1837,36256,1613,105113,California
Sonoma,2021-02-24,5732,147302,2584,75899,3148,71403,0,0,2939,69012,2786,39042,2941,108054,California
Sonoma,2021-02-25,6022,153324,2353,78252,3669,75072,0,0,3239,69491,2760,41802,3239,111293,California
Sonoma,2021-02-26,6653,159977,2942,81194,3711,78783,0,0,4227,71299,2419,44221,4227,115520,California
Sonoma,2021-02-27,4221,164198,1970,83164,2251,81034,0,0,2834,72748,1385,45606,2834,118354,California
Sonoma,2021-02-28,2511,166709,1857,85021,653,81687,1,1,765,71777,1737,47343,766,119120,California
Sonoma,2021-03-01,4127,170836,1310,86331,2816,84503,1,2,2167,71997,1949,49292,2169,121289,California
Sonoma,2021-03-02,4429,175265,1521,87852,2907,87410,1,3,2563,72702,1859,51151,2564,123853,California
Sonoma,2021-03-03,5071,180336,2643,90495,2428,89838,0,3,2331,72301,2732,53883,2331,126184,California
Sonoma,2021-03-04,5995,186331,2697,93192,3298,93136,0,3,2604,71528,3377,57260,2604,128788,California
Sonoma,2021-03-05,6504,192835,2875,96067,3614,96750,15,18,2737,70528,3753,61013,2753,131541,California
Sonoma,2021-03-06,2802,195637,1229,97296,1437,98187,136,154,1924,71716,871,61884,2059,133600,California
Sonoma,2021-03-07,1756,197393,1423,98719,297,98484,36,190,398,70794,1356,63240,434,134034,California
Sonoma,2021-03-08,4087,201480,659,99378,3253,101737,175,365,2406,71703,1670,64910,2579,136613,California
Sonoma,2021-03-09,5630,207110,3102,102480,2259,103996,269,634,2775,71888,2846,67756,3031,139644,California
Sonoma,2021-03-10,6045,213155,3206,105686,2489,106485,350,984,2438,71081,3593,71349,2786,142430,California
Sonoma,2021-03-11,7565,220720,3032,108718,3710,110195,823,1807,2567,69484,4985,76334,3388,145818,California
Sonoma,2021-03-12,7429,228149,2260,110978,3796,113991,1373,3180,2098,67639,5311,81645,3466,149284,California
Sonoma,2021-03-13,3436,231585,1695,112673,1499,115490,242,3422,2011,68464,1424,83069,2249,151533,California
Sonoma,2021-03-14,1384,232969,380,113053,862,116352,142,3564,846,68916,535,83604,987,152520,California
Sonoma,2021-03-15,5257,238226,1520,114573,3350,119702,387,3951,2171,68397,3075,86679,2556,155076,California
Sonoma,2021-03-16,6314,244540,2258,116831,3824,123526,232,4183,2903,68127,3403,90082,3133,158209,California
Sonoma,2021-03-17,6814,251354,3569,120400,3062,126588,183,4366,3290,68088,3510,93592,3471,161680,California
Sonoma,2021-03-18,7157,258511,2948,123348,3593,130181,616,4982,3124,67801,4023,97615,3736,165416,California
Sonoma,2021-03-19,7533,266044,3271,126619,4034,134215,228,5210,3058,66636,4455,102070,3290,168706,California
Sonoma,2021-03-20,3719,269763,1753,128372,1137,135352,829,6039,2016,67780,1696,103766,2840,171546,California
Sonoma,2021-03-21,1386,271149,598,128970,753,136105,35,6074,1202,68838,179,103945,1237,172783,California
Sonoma,2021-03-22,4582,275731,3122,132092,1360,137465,100,6174,3341,71044,1235,105180,3441,176224,California
Sonoma,2021-03-23,5881,281612,3645,135737,2165,139630,71,6245,4443,74130,1428,106608,4514,180738,California
Sonoma,2021-03-24,6851,288463,4304,140041,2473,142103,74,6319,4185,75742,2645,109253,4257,184995,California
Sonoma,2021-03-25,7150,295613,4212,144253,2826,144929,112,6431,4295,77322,2828,112081,4408,189403,California
Sonoma,2021-03-26,7464,303077,3472,147725,3899,148828,93,6524,3819,77611,3622,115703,3911,193314,California
Sonoma,2021-03-27,3901,306978,1508,149233,2024,150852,369,6893,1044,76175,2847,118550,1411,194725,California
Sonoma,2021-03-28,1515,308493,947,150180,540,151392,28,6921,798,76287,713,119263,825,195550,California
Sonoma,2021-03-29,2975,311468,1107,151287,1835,153227,33,6954,1534,76421,1433,120696,1567,197117,California
Sonoma,2021-03-30,5889,317357,3235,154522,2592,155819,62,7016,3054,76711,2826,123522,3116,200233,California
Sonoma,2021-03-31,5624,322981,3405,157927,2002,157821,217,7233,3249,77816,2361,125883,3466,203699,California
Sonoma,2021-04-01,6961,329942,4076,162003,2539,160360,346,7579,3775,78768,3159,129042,4111,207810,California
Sonoma,2021-04-02,5960,335902,3569,165572,2282,162642,109,7688,3586,80098,2364,131406,3694,211504,California
Sonoma,2021-04-03,3651,339553,1823,167395,1603,164245,225,7913,1604,79891,2034,133440,1827,213331,California
Sonoma,2021-04-04,1068,340621,693,168088,284,164529,91,8004,653,80225,410,133850,744,214075,California
Sonoma,2021-04-05,4448,345069,647,168735,3455,167984,346,8350,1671,79471,2770,136620,2016,216091,California
Sonoma,2021-04-06,6940,352009,3514,172249,3019,171003,407,8757,4038,81026,2888,139508,4443,220534,California
Sonoma,2021-04-07,6871,358880,3882,176131,2150,173153,839,9596,3346,81692,3512,143020,4178,224712,California
Sonoma,2021-04-08,7671,366551,4146,180277,2749,175902,776,10372,4208,83217,3454,146474,4979,229691,California
Sonoma,2021-04-09,6864,373415,3831,184108,2142,178044,891,11263,3539,84329,3311,149785,4423,234114,California
Sonoma,2021-04-10,3925,377340,1704,185812,1661,179705,560,11823,1152,83272,2762,152547,1705,235819,California
Sonoma,2021-04-11,1284,378624,605,186417,598,180303,81,11904,439,82948,844,153391,520,236339,California
Sonoma,2021-04-12,4973,383597,2068,188485,2419,182722,486,12390,1852,82170,3109,156500,2331,238670,California
Sonoma,2021-04-13,7925,391522,4666,193151,3256,185978,3,12393,3033,80330,4881,161381,3041,241711,California
Sonoma,2021-04-14,6638,398160,3781,196932,2836,188814,21,12414,2555,78834,4070,165451,2574,244285,California
Sonoma,2021-04-15,7355,405515,4175,201107,3180,191994,0,12414,3611,78717,3731,169182,3614,247899,California
Sonoma,2021-04-16,6817,412332,3415,204522,3400,195394,2,12416,3861,79634,2946,172128,3863,251762,California
Sonoma,2021-04-17,3206,415538,1565,206087,1641,197035,0,12416,1551,79546,1640,173768,1552,253314,California
Sonoma,2021-04-18,1287,416825,895,206982,392,197427,0,12416,453,79166,833,174601,453,253767,California
Sonoma,2021-04-19,3319,420144,1883,208865,1435,198862,1,12417,1447,78746,1868,176469,1448,255215,California
Sonoma,2021-04-20,6283,426427,3471,212336,2811,201673,1,12418,2333,77144,3937,180406,2335,257550,California
Sonoma,2021-04-21,6628,433055,4235,216571,2391,204064,2,12420,3047,76632,3560,183966,3048,260598,California
Sonoma,2021-04-22,6257,439312,4484,221055,1773,205837,0,12420,2524,75440,3716,187682,2524,263122,California
Sonoma,2021-04-23,7439,446751,4633,225688,2800,208637,6,12426,3637,75296,3788,191470,3644,266766,California
Sonoma,2021-04-24,2774,449525,1504,227192,1255,209892,15,12441,1543,75628,1226,192696,1558,268324,California
Sonoma,2021-04-25,1086,450611,790,227982,296,210188,0,12441,429,75403,654,193350,429,268753,California
Sonoma,2021-04-26,2933,453544,1407,229389,1498,211686,28,12469,1616,75738,1309,194659,1644,270397,California
Sonoma,2021-04-27,5488,459032,3727,233116,1638,213324,123,12592,2251,74886,3226,197885,2374,272771,California
Sonoma,2021-04-28,4902,463934,3230,236346,1475,214799,197,12789,2093,74378,2793,200678,2285,275056,California
Sonoma,2021-04-29,5095,469029,3586,239932,1364,216163,145,12934,1920,73280,3163,203841,2065,277121,California
Sonoma,2021-04-30,5467,474496,3632,243564,1540,217703,295,13229,1813,71750,3638,207479,2108,279229,California
Sonoma,2021-05-01,2483,476979,1785,245349,593,218296,105,13334,1235,71846,1240,208719,1336,280565,California
Sonoma,2021-05-02,870,477849,650,245999,169,218465,51,13385,554,72136,316,209035,606,281171,California
Sonoma,2021-05-03,3189,481038,1686,247685,1358,219823,145,13530,1053,71206,2126,211161,1196,282367,California
Sonoma,2021-05-04,4591,485629,2404,250089,2009,221832,178,13708,1457,69726,3110,214271,1630,283997,California
Sonoma,2021-05-05,3674,489303,2176,252265,1303,223135,195,13903,1309,68875,2353,216624,1502,285499,California
Sonoma,2021-05-06,4561,493864,2407,254672,2028,225163,126,14029,1312,67124,3186,219810,1435,286934,California
Sonoma,2021-05-07,3609,497473,2319,256991,1165,226328,125,14154,1089,65827,2510,222320,1213,288147,California
Sonoma,2021-05-08,1859,499332,1259,258250,508,226836,92,14246,743,65557,1105,223425,835,288982,California
Sonoma,2021-05-09,503,499835,287,258537,175,227011,41,14287,169,65437,330,223755,210,289192,California
Sonoma,2021-05-10,2320,502155,1045,259582,1141,228152,134,14421,291,63844,2015,225770,422,289614,California
Sonoma,2021-05-11,3553,505708,1907,261489,1522,229674,124,14545,930,62292,2606,228376,1054,290668,California
Sonoma,2021-05-12,4006,509714,2478,263967,1376,231050,152,14697,852,60153,3142,231518,1003,291671,California
Sonoma,2021-05-13,4934,514648,2840,266807,1964,233014,130,14827,1664,58687,3258,234776,1792,293463,California
Sonoma,2021-05-14,5795,520443,3597,270404,2061,235075,137,14964,2207,57459,3573,238349,2345,295808,California
Sonoma,2021-05-15,2918,523361,2145,272549,712,235787,61,15025,1844,58297,1066,239415,1904,297712,California
Sonoma,2021-05-16,1310,524671,1093,273642,158,235945,59,15084,976,59002,330,239745,1035,298747,California
Sonoma,2021-05-17,2439,527110,1814,275456,530,236475,95,15179,896,58453,1538,241283,989,299736,California
Sonoma,2021-05-18,4330,531440,2855,278311,1366,237841,109,15288,1475,57199,2837,244120,1583,301319,California
Sonoma,2021-05-19,3745,535185,2409,280720,1221,239062,115,15403,1492,56566,2240,246360,1607,302926,California
Sonoma,2021-05-20,3376,538561,2243,282963,1039,240101,94,15497,1344,55980,2019,248379,1433,304359,California
Sonoma,2021-05-21,4210,542771,2397,285360,1684,241785,129,15626,1508,54921,2681,251060,1622,305981,California
Sonoma,2021-05-22,2334,545105,1278,286638,1016,242801,40,15666,666,53971,1656,252716,706,306687,California
Sonoma,2021-05-23,1466,546571,1198,287836,252,243053,16,15682,758,54043,702,253418,774,307461,California
Sonoma,2021-05-24,1966,548537,1249,289085,586,243639,131,15813,646,53529,1291,254709,777,308238,California
Sonoma,2021-05-25,2923,551460,1800,290885,1035,244674,88,15901,741,52188,2169,256878,828,309066,California
Sonoma,2021-05-26,2480,553940,1733,292618,637,245311,110,16011,1001,51828,1468,258346,1108,310174,California
Sonoma,2021-05-27,2083,556023,1139,293757,848,246159,96,16107,702,51252,1373,259719,797,310971,California
Sonoma,2021-05-28,2145,558168,1127,294884,925,247084,93,16200,620,50452,1513,261232,713,311684,California
Sonoma,2021-05-29,1335,559503,914,295798,353,247437,68,16268,646,50487,679,261911,714,312398,California
Sonoma,2021-05-30,339,559842,210,296008,119,247556,10,16278,135,50432,200,262111,145,312543,California
Sonoma,2021-05-31,70,559912,26,296034,43,247599,1,16279,17,50397,53,262164,18,312561,California
Sonoma,2021-06-01,1936,561848,1114,297148,745,248344,77,16356,707,49961,1216,263380,780,313341,California
Sonoma,2021-06-02,1575,563423,965,298113,496,248840,114,16470,667,49838,903,264283,780,314121,California
Sonoma,2021-06-03,1995,565418,1389,299502,527,249367,79,16549,444,48817,1543,265826,522,314643,California
Sonoma,2021-06-04,2691,568109,2201,301703,383,249750,107,16656,520,47281,2162,267988,626,315269,California
Sonoma,2021-06-05,1795,569904,1483,303186,281,250031,31,16687,291,46103,1500,269488,322,315591,California
Sonoma,2021-06-06,1009,570913,933,304119,68,250099,8,16695,157,45419,849,270337,165,315756,California
Sonoma,2021-06-07,1470,572383,1241,305360,175,250274,54,16749,333,44674,1129,271466,384,316140,California
Sonoma,2021-06-08,1864,574247,1503,306863,321,250595,40,16789,515,43891,1337,272803,554,316694,California
Sonoma,2021-06-09,1116,575363,889,307752,176,250771,51,16840,273,43384,831,273634,324,317018,California
Sonoma,2021-06-10,1523,576886,1254,309006,187,250958,82,16922,484,42919,1030,274664,565,317583,California
Sonoma,2021-06-11,1489,578375,1260,310266,157,251115,72,16994,372,42250,1113,275777,444,318027,California
Sonoma,2021-06-12,908,579283,702,310968,165,251280,41,17035,284,41955,620,276397,325,318352,California
Sonoma,2021-06-13,47,579330,37,311005,7,251287,3,17038,10,41931,37,276434,13,318365,California
Stanislaus,2020-12-15,4,4,4,4,0,0,0,0,4,4,0,0,4,4,California
Stanislaus,2020-12-16,36,40,36,40,0,0,0,0,36,40,0,0,36,40,California
Stanislaus,2020-12-17,74,114,74,114,0,0,0,0,74,114,0,0,74,114,California
Stanislaus,2020-12-18,342,456,336,450,6,6,0,0,342,456,0,0,342,456,California
Stanislaus,2020-12-19,132,588,132,582,0,6,0,0,132,588,0,0,132,588,California
Stanislaus,2020-12-20,86,674,86,668,0,6,0,0,86,674,0,0,86,674,California
Stanislaus,2020-12-21,996,1670,995,1663,1,7,0,0,995,1669,1,1,996,1670,California
Stanislaus,2020-12-22,793,2463,781,2444,12,19,0,0,793,2462,0,1,793,2463,California
Stanislaus,2020-12-23,447,2910,429,2873,18,37,0,0,446,2908,1,2,447,2910,California
Stanislaus,2020-12-24,96,3006,88,2961,8,45,0,0,96,3004,0,2,96,3006,California
Stanislaus,2020-12-26,52,3058,9,2970,43,88,0,0,52,3056,0,2,52,3058,California
Stanislaus,2020-12-27,11,3069,6,2976,5,93,0,0,11,3067,0,2,11,3069,California
Stanislaus,2020-12-28,487,3556,394,3370,93,186,0,0,487,3554,0,2,487,3556,California
Stanislaus,2020-12-29,495,4051,415,3785,80,266,0,0,495,4049,0,2,495,4051,California
Stanislaus,2020-12-30,535,4586,281,4066,254,520,0,0,534,4582,1,3,534,4585,California
Stanislaus,2020-12-31,278,4864,157,4223,121,641,0,0,278,4860,0,3,278,4863,California
Stanislaus,2021-01-01,15,4879,6,4229,9,650,0,0,15,4875,0,3,15,4878,California
Stanislaus,2021-01-02,33,4912,26,4255,7,657,0,0,33,4908,0,3,33,4911,California
Stanislaus,2021-01-03,90,5002,87,4342,3,660,0,0,90,4998,0,3,90,5001,California
Stanislaus,2021-01-04,231,5233,153,4495,78,738,0,0,231,5229,0,3,231,5232,California
Stanislaus,2021-01-05,840,6073,347,4842,493,1231,0,0,815,6028,24,27,823,6055,California
Stanislaus,2021-01-06,1000,7073,599,5441,401,1632,0,0,926,6887,71,98,930,6985,California
Stanislaus,2021-01-07,1079,8152,705,6146,374,2006,0,0,885,7587,188,286,888,7873,California
Stanislaus,2021-01-08,1273,9425,718,6864,555,2561,0,0,928,8179,342,628,934,8807,California
Stanislaus,2021-01-09,290,9715,142,7006,148,2709,0,0,201,8291,89,717,201,9008,California
Stanislaus,2021-01-10,48,9763,21,7027,27,2736,0,0,29,8301,19,736,29,9037,California
Stanislaus,2021-01-11,1494,11257,1212,8239,282,3018,0,0,571,7973,917,1653,589,9626,California
Stanislaus,2021-01-12,1473,12730,867,9106,606,3624,0,0,829,8173,640,2293,840,10466,California
Stanislaus,2021-01-13,1447,14177,688,9794,759,4383,0,0,1122,8983,324,2617,1134,11600,California
Stanislaus,2021-01-14,2245,16422,286,10080,1959,6342,0,0,2070,10954,172,2789,2143,13743,California
Stanislaus,2021-01-15,2824,19246,1157,11237,1667,8009,0,0,2665,13549,155,2944,2750,16493,California
Stanislaus,2021-01-16,473,19719,50,11287,423,8432,0,0,454,13987,18,2962,456,16949,California
Stanislaus,2021-01-17,244,19963,202,11489,42,8474,0,0,237,14218,6,2968,237,17186,California
Stanislaus,2021-01-18,2188,22151,1021,12510,1167,9641,0,0,1793,15699,390,3358,1871,19057,California
Stanislaus,2021-01-19,1253,23404,723,13233,530,10171,0,0,802,16055,447,3805,803,19860,California
Stanislaus,2021-01-20,1013,24417,490,13723,523,10694,0,0,718,16479,294,4099,718,20578,California
Stanislaus,2021-01-21,3691,28108,2978,16701,713,11407,0,0,3353,19614,334,4433,3469,24047,California
Stanislaus,2021-01-22,1100,29208,309,17010,791,12198,0,0,1056,20633,40,4473,1059,25106,California
Stanislaus,2021-01-23,357,29565,42,17052,315,12513,0,0,298,20874,58,4531,299,25405,California
Stanislaus,2021-01-24,302,29867,100,17152,202,12715,0,0,236,21046,66,4597,238,25643,California
Stanislaus,2021-01-25,3159,33026,228,17380,2931,15646,0,0,2823,23725,300,4897,2979,28622,California
Stanislaus,2021-01-26,1729,34755,748,18128,981,16627,0,0,1299,24618,423,5320,1316,29938,California
Stanislaus,2021-01-27,1894,36649,1051,19179,843,17470,0,0,1187,25146,660,5980,1188,31126,California
Stanislaus,2021-01-28,2209,38858,1512,20691,697,18167,0,0,1716,26442,484,6464,1780,32906,California
Stanislaus,2021-01-29,2447,41305,1198,21889,1249,19416,0,0,1911,27916,490,6954,1964,34870,California
Stanislaus,2021-01-30,294,41599,134,22023,160,19576,0,0,230,28093,53,7007,230,35100,California
Stanislaus,2021-01-31,368,41967,314,22337,54,19630,0,0,353,28434,12,7019,353,35453,California
Stanislaus,2021-02-01,1295,43262,584,22921,711,20341,0,0,940,29031,344,7363,941,36394,California
Stanislaus,2021-02-02,1210,44472,346,23267,864,21205,0,0,773,29381,425,7788,775,37169,California
Stanislaus,2021-02-03,2615,47087,1235,24502,1380,22585,0,0,1916,30618,694,8482,1931,39100,California
Stanislaus,2021-02-04,2090,49177,710,25212,1380,23965,0,0,1581,31711,494,8976,1587,40687,California
Stanislaus,2021-02-05,2849,52026,1467,26679,1382,25347,0,0,1591,32121,1194,10170,1604,42291,California
Stanislaus,2021-02-06,886,52912,299,26978,587,25934,0,0,693,32625,191,10361,695,42986,California
Stanislaus,2021-02-07,231,53143,206,27184,25,25959,0,0,42,32482,186,10547,43,43029,California
Stanislaus,2021-02-08,2039,55182,1338,28522,701,26660,0,0,1100,32712,896,11443,1126,44155,California
Stanislaus,2021-02-09,1840,57022,783,29305,1057,27717,0,0,1045,32996,771,12214,1055,45210,California
Stanislaus,2021-02-10,1938,58960,534,29839,1404,29121,0,0,1012,33108,902,13116,1014,46224,California
Stanislaus,2021-02-11,5402,64362,3274,33113,2128,31249,0,0,1231,30399,3946,17062,1237,47461,California
Stanislaus,2021-02-12,3303,67665,916,34029,2387,33636,0,0,1453,30094,1767,18829,1462,48923,California
Stanislaus,2021-02-13,1352,69017,650,34679,702,34338,0,0,982,30717,363,19192,986,49909,California
Stanislaus,2021-02-14,416,69433,164,34843,252,34590,0,0,349,31001,65,19257,349,50258,California
Stanislaus,2021-02-15,1816,71249,229,35072,1587,36177,0,0,578,30461,1122,20379,582,50840,California
Stanislaus,2021-02-16,1363,72612,423,35495,940,37117,0,0,579,30270,772,21151,581,51421,California
Stanislaus,2021-02-17,2758,75370,1689,37184,1069,38186,0,0,1920,31369,833,21984,1932,53353,California
Stanislaus,2021-02-18,3365,78735,1904,39088,1461,39647,0,0,1779,31691,1495,23479,1817,55170,California
Stanislaus,2021-02-19,2772,81507,1075,40163,1697,41344,0,0,1515,32020,1210,24689,1539,56709,California
Stanislaus,2021-02-20,751,82258,382,40545,369,41713,0,0,475,32240,256,24945,476,57185,California
Stanislaus,2021-02-21,905,83163,691,41236,214,41927,0,0,544,32458,337,25282,555,57740,California
Stanislaus,2021-02-22,2348,85511,1695,42931,653,42580,0,0,1631,33393,697,25979,1632,59372,California
Stanislaus,2021-02-23,3748,89259,680,43611,3068,45648,0,0,1742,33306,1840,27819,1753,61125,California
Stanislaus,2021-02-24,4186,93445,2853,46464,1333,46981,0,0,3122,35389,1042,28861,3125,64250,California
Stanislaus,2021-02-25,3951,97396,2715,49179,1236,48217,0,0,3146,37753,785,29646,3149,67399,California
Stanislaus,2021-02-26,4214,101610,1214,50393,3000,51217,0,0,2836,39279,1322,30968,2848,70247,California
Stanislaus,2021-02-27,2091,103701,712,51105,1378,52595,1,1,1858,40935,204,31172,1860,72107,California
Stanislaus,2021-02-28,824,104525,261,51366,563,53158,0,1,775,41673,38,31210,776,72883,California
Stanislaus,2021-03-01,2791,107316,1645,53011,1144,54302,2,3,1639,42217,1109,32319,1653,74536,California
Stanislaus,2021-03-02,2395,109711,1425,54436,969,55271,1,4,1659,43158,721,33040,1662,76198,California
Stanislaus,2021-03-03,3715,113426,2232,56668,1479,56750,4,8,2904,45272,793,33833,2907,79105,California
Stanislaus,2021-03-04,5440,118866,3107,59775,2317,59067,16,24,4188,48253,1219,35052,4200,83305,California
Stanislaus,2021-03-05,4085,122951,1120,60895,2949,62016,16,40,3087,50385,970,36022,3102,86407,California
Stanislaus,2021-03-06,3573,126524,2226,63121,1254,63270,93,133,2719,52349,850,36872,2814,89221,California
Stanislaus,2021-03-07,853,127377,387,63508,430,63700,36,169,667,52871,181,37053,703,89924,California
Stanislaus,2021-03-08,1991,129368,862,64370,1040,64740,89,258,1332,53651,640,37693,1420,91344,California
Stanislaus,2021-03-09,2178,131546,904,65274,1182,65922,92,350,1632,54846,534,38227,1729,93073,California
Stanislaus,2021-03-10,5069,136615,2504,67778,2339,68261,226,576,3736,57509,1312,39539,3975,97048,California
Stanislaus,2021-03-11,5715,142330,3140,70918,2099,70360,476,1052,4115,60677,1428,40967,4596,101644,California
Stanislaus,2021-03-12,5775,148105,1231,72149,2620,72980,1924,2976,2916,62682,2833,43800,4838,106482,California
Stanislaus,2021-03-13,3396,151501,2179,74328,1147,74127,70,3046,2699,64768,690,44490,2776,109258,California
Stanislaus,2021-03-14,988,152489,595,74923,342,74469,51,3097,485,64806,500,44990,538,109796,California
Stanislaus,2021-03-15,3688,156177,1974,76897,1353,75822,361,3458,1602,64787,1989,46979,1970,111766,California
Stanislaus,2021-03-16,4941,161118,2460,79357,2067,77889,414,3872,3550,67381,1369,48348,3963,115729,California
Stanislaus,2021-03-17,4717,165835,2848,82205,1691,79580,178,4050,2875,68630,1810,50158,3059,118788,California
Stanislaus,2021-03-18,5423,171258,3421,85626,1936,81516,66,4116,2931,69293,2339,52497,3002,121790,California
Stanislaus,2021-03-19,5921,177179,1540,87166,2861,84377,1520,5636,3104,71137,2777,55274,4621,126411,California
Stanislaus,2021-03-20,3843,181022,3012,90178,763,85140,68,5704,3367,74104,469,55743,3436,129847,California
Stanislaus,2021-03-21,1009,182031,905,91083,39,85179,65,5769,768,74700,237,55980,833,130680,California
Stanislaus,2021-03-22,2819,184850,1326,92409,769,85948,724,6493,1236,75109,1554,57534,1963,132643,California
Stanislaus,2021-03-23,3940,188790,2018,94427,1664,87612,258,6751,2800,77063,1123,58657,3077,135720,California
Stanislaus,2021-03-24,4560,193350,3221,97648,1266,88878,73,6824,2637,77900,1876,60533,2713,138433,California
Stanislaus,2021-03-25,4249,197599,2924,100572,1309,90187,16,6840,1814,77375,2356,62889,1831,140264,California
Stanislaus,2021-03-26,4757,202356,1334,101906,3349,93536,74,6914,2385,77508,2339,65228,2472,142736,California
Stanislaus,2021-03-27,4395,206751,2739,104645,1574,95110,82,6996,1377,75975,3000,68228,1467,144203,California
Stanislaus,2021-03-28,1105,207856,437,105082,560,95670,108,7104,317,75630,776,69004,431,144634,California
Stanislaus,2021-03-29,2977,210833,1826,106908,1112,96782,39,7143,1979,76666,988,69992,2024,146658,California
Stanislaus,2021-03-30,3679,214512,2066,108974,1587,98369,26,7169,2232,77492,1438,71430,2264,148922,California
Stanislaus,2021-03-31,5429,219941,3851,112825,1458,99827,120,7289,2774,77756,2634,74064,2898,151820,California
Stanislaus,2021-04-01,5735,225676,3839,116664,1807,101634,89,7378,2628,77401,3083,77147,2728,154548,California
Stanislaus,2021-04-02,5020,230696,1211,117875,3655,105289,154,7532,2242,77122,2687,79834,2408,156956,California
Stanislaus,2021-04-03,4541,235237,3300,121175,1205,106494,36,7568,2242,77123,2290,82124,2291,159247,California
Stanislaus,2021-04-04,1325,236562,472,121647,823,107317,30,7598,649,77138,668,82792,683,159930,California
Stanislaus,2021-04-05,3634,240196,2530,124177,856,108173,248,7846,2357,78481,1267,84059,2610,162540,California
Stanislaus,2021-04-06,5751,245947,4173,128350,1303,109476,275,8121,3077,79181,2659,86718,3359,165899,California
Stanislaus,2021-04-07,6353,252300,3602,131952,2326,111802,425,8546,2832,78943,3503,90221,3265,169164,California
Stanislaus,2021-04-08,5686,257986,3330,135282,1923,113725,433,8979,2776,79268,2886,93107,3211,172375,California
Stanislaus,2021-04-09,4822,262808,2103,137385,2345,116070,374,9353,2181,79220,2616,95723,2568,174943,California
Stanislaus,2021-04-10,6499,269307,3986,141371,874,116944,1639,10992,1997,78374,4476,100199,3630,178573,California
Stanislaus,2021-04-11,1516,270823,845,142216,538,117482,133,11125,663,78321,850,101049,797,179370,California
Stanislaus,2021-04-12,3590,274413,2044,144260,1101,118583,445,11570,1872,78949,1697,102746,2325,181695,California
Stanislaus,2021-04-13,5197,279610,3421,147681,1763,120346,13,11583,2919,79640,2236,104982,2927,184622,California
Stanislaus,2021-04-14,4680,284290,3275,150956,1403,121749,2,11585,2286,79574,2359,107341,2293,186915,California
Stanislaus,2021-04-15,5384,289674,3314,154270,2067,123816,3,11588,3228,80692,2114,109455,3232,190147,California
Stanislaus,2021-04-16,4307,293981,988,155258,3318,127134,1,11589,1818,80066,2447,111902,1821,191968,California
Stanislaus,2021-04-17,3164,297145,2130,157388,1034,128168,0,11589,1839,80596,1312,113214,1842,193810,California
Stanislaus,2021-04-18,534,297679,217,157605,315,128483,2,11591,409,80890,118,113332,412,194222,California
Stanislaus,2021-04-19,3456,301135,2448,160053,1007,129490,1,11592,1636,80746,1788,115120,1644,195866,California
Stanislaus,2021-04-20,3967,305102,2406,162459,1561,131051,0,11592,1727,80265,2210,117330,1729,197595,California
Stanislaus,2021-04-21,3827,308929,2558,165017,1268,132319,1,11593,1596,79678,2190,119520,1603,199198,California
Stanislaus,2021-04-22,3958,312887,2414,167431,1544,133863,0,11593,1579,78929,2333,121853,1584,200782,California
Stanislaus,2021-04-23,3594,316481,843,168274,2750,136613,1,11594,1467,78370,2034,123887,1475,202257,California
Stanislaus,2021-04-24,3795,320276,2940,171214,855,137468,0,11594,1796,78190,1981,125868,1801,204058,California
Stanislaus,2021-04-25,938,321214,481,171695,457,137925,0,11594,689,78640,243,126111,693,204751,California
Stanislaus,2021-04-26,3360,324574,2360,174055,994,138919,6,11600,1050,77413,2288,128399,1061,205812,California
Stanislaus,2021-04-27,4039,328613,2802,176857,1189,140108,48,11648,1173,75798,2840,131239,1225,207037,California
Stanislaus,2021-04-28,4259,332872,3024,179881,1173,141281,62,11710,1838,75306,2401,133640,1909,208946,California
Stanislaus,2021-04-29,3638,336510,2260,182141,1330,142611,48,11758,1448,74635,2177,135817,1506,210452,California
Stanislaus,2021-04-30,4495,341005,2039,184180,2372,144983,84,11842,1774,73794,2707,138524,1866,212318,California
Stanislaus,2021-05-01,2707,343712,1926,186106,740,145723,41,11883,1016,73176,1683,140207,1065,213383,California
Stanislaus,2021-05-02,1075,344787,615,186721,424,146147,36,11919,522,73193,547,140754,564,213947,California
Stanislaus,2021-05-03,2411,347198,1925,188646,414,146561,72,11991,909,72687,1490,142244,984,214931,California
Stanislaus,2021-05-04,3468,350666,2469,191115,909,147470,90,12081,1062,71454,2394,144638,1161,216092,California
Stanislaus,2021-05-05,3194,353860,2136,193251,983,148453,75,12156,1085,70528,2089,146727,1163,217255,California
Stanislaus,2021-05-06,3518,357378,2696,195947,698,149151,124,12280,1055,69272,2442,149169,1186,218441,California
Stanislaus,2021-05-07,2307,359685,878,196825,1266,150417,163,12443,935,69011,1361,150530,1100,219541,California
Stanislaus,2021-05-08,1956,361641,1339,198164,584,151001,33,12476,712,68535,1228,151758,752,220293,California
Stanislaus,2021-05-09,712,362353,342,198506,344,151345,26,12502,308,68468,402,152160,335,220628,California
Stanislaus,2021-05-10,1684,364037,1140,199646,448,151793,96,12598,453,67800,1219,153379,551,221179,California
Stanislaus,2021-05-11,2373,366410,1501,201147,713,152506,159,12757,677,66957,1684,155063,841,222020,California
Stanislaus,2021-05-12,2274,368684,1334,202481,832,153338,108,12865,905,66618,1355,156418,1016,223036,California
Stanislaus,2021-05-13,2006,370690,1155,203636,734,154072,117,12982,915,66571,1082,157500,1035,224071,California
Stanislaus,2021-05-14,2612,373302,1162,204798,1314,155386,136,13118,1205,66522,1391,158891,1342,225413,California
Stanislaus,2021-05-15,2478,375780,1767,206565,661,156047,50,13168,1202,66516,1266,160157,1260,226673,California
Stanislaus,2021-05-16,1024,376804,668,207233,348,156395,8,13176,557,66622,463,160620,569,227242,California
Stanislaus,2021-05-17,1924,378728,1291,208524,552,156947,81,13257,920,66630,998,161618,1006,228248,California
Stanislaus,2021-05-18,2201,380929,1504,210028,583,157530,114,13371,1143,66839,1047,162665,1256,229504,California
Stanislaus,2021-05-19,3027,383956,2064,212092,809,158339,154,13525,1353,66687,1664,164329,1512,231016,California
Stanislaus,2021-05-20,2103,386059,1132,213224,868,159207,103,13628,859,66420,1234,165563,967,231983,California
Stanislaus,2021-05-21,2333,388392,1126,214350,1111,160318,96,13724,956,66114,1361,166924,1055,233038,California
Stanislaus,2021-05-22,1934,390326,1196,215546,669,160987,69,13793,863,65983,1064,167988,933,233971,California
Stanislaus,2021-05-23,1031,391357,664,216210,352,161339,15,13808,487,65946,539,168527,502,234473,California
Stanislaus,2021-05-24,1575,392932,1081,217291,419,161758,75,13883,606,65668,966,169493,688,235161,California
Stanislaus,2021-05-25,1695,394627,1163,218454,435,162193,97,13980,826,65729,865,170358,926,236087,California
Stanislaus,2021-05-26,1884,396511,1179,219633,655,162848,50,14030,900,65704,975,171333,950,237037,California
Stanislaus,2021-05-27,1714,398225,942,220575,697,163545,75,14105,642,65359,1062,172395,717,237754,California
Stanislaus,2021-05-28,1951,400176,886,221461,986,164531,79,14184,857,65208,1087,173482,936,238690,California
Stanislaus,2021-05-29,1310,401486,843,222304,426,164957,41,14225,611,65167,695,174177,654,239344,California
Stanislaus,2021-05-30,453,401939,273,222577,146,165103,34,14259,214,65179,236,174413,248,239592,California
Stanislaus,2021-05-31,259,402198,122,222699,130,165233,7,14266,97,65122,161,174574,104,239696,California
Stanislaus,2021-06-01,1542,403740,972,223671,518,165751,52,14318,617,64876,918,175492,672,240368,California
Stanislaus,2021-06-02,1709,405449,1092,224763,551,166302,66,14384,741,64726,958,176450,808,241176,California
Stanislaus,2021-06-03,1305,406754,770,225533,489,166791,46,14430,521,64525,771,177221,570,241746,California
Stanislaus,2021-06-04,1889,408643,1134,226667,685,167476,70,14500,718,64163,1160,178381,798,242544,California
Stanislaus,2021-06-05,1370,410013,1046,227713,298,167774,26,14526,472,63771,891,179272,499,243043,California
Stanislaus,2021-06-06,502,410515,412,228125,82,167856,8,14534,205,63689,297,179569,215,243258,California
Stanislaus,2021-06-07,1354,411869,1028,229153,281,168137,45,14579,509,63405,839,180408,555,243813,California
Stanislaus,2021-06-08,1787,413656,1355,230508,372,168509,60,14639,653,62998,1121,181529,714,244527,California
Stanislaus,2021-06-09,1452,415108,1012,231520,365,168874,75,14714,480,62585,968,182497,555,245082,California
Stanislaus,2021-06-10,1060,416168,635,232155,370,169244,55,14769,413,62413,638,183135,466,245548,California
Stanislaus,2021-06-11,927,417095,486,232641,395,169639,46,14815,306,62162,608,183743,357,245905,California
Stanislaus,2021-06-12,338,417433,244,232885,75,169714,19,14834,122,62095,209,183952,142,246047,California
Stanislaus,2021-06-13,5,417438,4,232889,1,169715,0,14834,1,62092,4,183956,1,246048,California
Sutter,2020-12-15,1,1,1,1,0,0,0,0,1,1,0,0,1,1,California
Sutter,2020-12-16,4,5,4,5,0,0,0,0,4,5,0,0,4,5,California
Sutter,2020-12-17,2,7,2,7,0,0,0,0,2,7,0,0,2,7,California
Sutter,2020-12-18,21,28,21,28,0,0,0,0,21,28,0,0,21,28,California
Sutter,2020-12-19,44,72,44,72,0,0,0,0,44,72,0,0,44,72,California
Sutter,2020-12-20,43,115,43,115,0,0,0,0,43,115,0,0,43,115,California
Sutter,2020-12-21,100,215,100,215,0,0,0,0,100,215,0,0,100,215,California
Sutter,2020-12-22,171,386,171,386,0,0,0,0,171,386,0,0,171,386,California
Sutter,2020-12-23,117,503,112,498,5,5,0,0,117,503,0,0,117,503,California
Sutter,2020-12-24,17,520,11,509,6,11,0,0,17,520,0,0,17,520,California
Sutter,2020-12-26,38,558,34,543,4,15,0,0,38,558,0,0,38,558,California
Sutter,2020-12-27,24,582,23,566,1,16,0,0,24,582,0,0,24,582,California
Sutter,2020-12-28,84,666,56,622,28,44,0,0,84,666,0,0,84,666,California
Sutter,2020-12-29,103,769,14,636,89,133,0,0,103,769,0,0,103,769,California
Sutter,2020-12-30,137,906,34,670,103,236,0,0,137,906,0,0,137,906,California
Sutter,2020-12-31,68,974,6,676,62,298,0,0,68,974,0,0,68,974,California
Sutter,2021-01-01,3,977,3,679,0,298,0,0,3,977,0,0,3,977,California
Sutter,2021-01-02,131,1108,129,808,2,300,0,0,131,1108,0,0,131,1108,California
Sutter,2021-01-03,1,1109,0,808,1,301,0,0,1,1109,0,0,1,1109,California
Sutter,2021-01-04,247,1356,138,946,109,410,0,0,247,1356,0,0,247,1356,California
Sutter,2021-01-05,100,1456,57,1003,43,453,0,0,97,1450,3,3,97,1453,California
Sutter,2021-01-06,204,1660,50,1053,154,607,0,0,199,1644,5,8,199,1652,California
Sutter,2021-01-07,253,1913,151,1204,102,709,0,0,244,1880,8,16,244,1896,California
Sutter,2021-01-08,151,2064,41,1245,110,819,0,0,133,1995,18,34,133,2029,California
Sutter,2021-01-09,44,2108,43,1288,1,820,0,0,3,1957,41,75,3,2032,California
Sutter,2021-01-10,396,2504,37,1325,359,1179,0,0,358,2278,37,112,358,2390,California
Sutter,2021-01-11,133,2637,116,1441,17,1196,0,0,25,2195,108,220,25,2415,California
Sutter,2021-01-12,200,2837,163,1604,37,1233,0,0,58,2111,142,362,58,2473,California
Sutter,2021-01-13,165,3002,101,1705,64,1297,0,0,73,2093,91,453,73,2546,California
Sutter,2021-01-14,146,3148,51,1756,95,1392,0,0,127,2201,19,472,127,2673,California
Sutter,2021-01-15,438,3586,132,1888,306,1698,0,0,423,2609,15,487,423,3096,California
Sutter,2021-01-16,385,3971,41,1929,344,2042,0,0,355,2934,30,517,355,3451,California
Sutter,2021-01-17,27,3998,24,1953,3,2045,0,0,11,2929,16,533,11,3462,California
Sutter,2021-01-18,120,4118,64,2017,56,2101,0,0,71,2951,49,582,71,3533,California
Sutter,2021-01-19,105,4223,42,2059,63,2164,0,0,81,3008,24,606,81,3614,California
Sutter,2021-01-20,271,4494,208,2267,63,2227,0,0,251,3239,20,626,251,3865,California
Sutter,2021-01-21,491,4985,319,2586,172,2399,0,0,472,3692,19,645,472,4337,California
Sutter,2021-01-22,244,5229,54,2640,190,2589,0,0,234,3917,9,654,234,4571,California
Sutter,2021-01-23,398,5627,39,2679,359,2948,0,0,372,4263,26,680,372,4943,California
Sutter,2021-01-24,16,5643,14,2693,2,2950,0,0,14,4275,2,682,14,4957,California
Sutter,2021-01-25,309,5952,196,2889,113,3063,0,0,153,4274,155,837,154,5111,California
Sutter,2021-01-26,249,6201,107,2996,142,3205,0,0,143,4312,105,942,143,5254,California
Sutter,2021-01-27,388,6589,256,3252,132,3337,0,0,322,4568,66,1008,322,5576,California
Sutter,2021-01-28,586,7175,361,3613,225,3562,0,0,411,4805,174,1182,411,5987,California
Sutter,2021-01-29,364,7539,85,3698,279,3841,0,0,245,4931,119,1301,245,6232,California
Sutter,2021-01-30,783,8322,38,3736,745,4586,0,0,772,5692,11,1312,772,7004,California
Sutter,2021-01-31,27,8349,26,3762,1,4587,0,0,27,5719,0,1312,27,7031,California
Sutter,2021-02-01,170,8519,51,3813,119,4706,0,0,137,5824,32,1344,137,7168,California
Sutter,2021-02-02,241,8760,24,3837,217,4923,0,0,208,5999,33,1377,208,7376,California
Sutter,2021-02-03,447,9207,39,3876,408,5331,0,0,212,5977,234,1611,212,7588,California
Sutter,2021-02-04,677,9884,365,4241,312,5643,0,0,624,6548,53,1664,624,8212,California
Sutter,2021-02-05,291,10175,32,4273,259,5902,0,0,140,6537,151,1815,140,8352,California
Sutter,2021-02-06,738,10913,30,4303,708,6610,0,0,718,7235,20,1835,718,9070,California
Sutter,2021-02-07,23,10936,19,4322,4,6614,0,0,19,7250,4,1839,19,9089,California
Sutter,2021-02-08,134,11070,29,4351,105,6719,0,0,99,7314,35,1874,99,9188,California
Sutter,2021-02-09,247,11317,45,4396,202,6921,0,0,185,7437,62,1936,185,9373,California
Sutter,2021-02-10,821,12138,383,4779,438,7359,0,0,179,6975,641,2577,179,9552,California
Sutter,2021-02-11,602,12740,270,5049,332,7691,0,0,343,7059,259,2836,343,9895,California
Sutter,2021-02-12,638,13378,67,5116,571,8262,0,0,312,7046,325,3161,312,10207,California
Sutter,2021-02-13,905,14283,48,5164,857,9119,0,0,789,7719,116,3277,789,10996,California
Sutter,2021-02-14,96,14379,26,5190,70,9189,0,0,84,7791,12,3289,84,11080,California
Sutter,2021-02-15,203,14582,73,5263,130,9319,0,0,123,7834,80,3369,123,11203,California
Sutter,2021-02-16,291,14873,45,5308,246,9565,0,0,207,7958,83,3452,207,11410,California
Sutter,2021-02-17,827,15700,430,5738,397,9962,0,0,132,7396,694,4146,132,11542,California
Sutter,2021-02-18,709,16409,58,5796,651,10613,0,0,494,7676,214,4360,494,12036,California
Sutter,2021-02-19,667,17076,379,6175,288,10901,0,0,463,7937,202,4562,463,12499,California
Sutter,2021-02-20,623,17699,56,6231,567,11468,0,0,519,8353,103,4665,519,13018,California
Sutter,2021-02-21,28,17727,26,6257,2,11470,0,0,8,8341,20,4685,8,13026,California
Sutter,2021-02-22,210,17937,123,6380,87,11557,0,0,89,8309,121,4806,89,13115,California
Sutter,2021-02-23,222,18159,32,6412,190,11747,0,0,97,8282,124,4930,97,13212,California
Sutter,2021-02-24,974,19133,348,6760,626,12373,0,0,198,7705,775,5705,198,13410,California
Sutter,2021-02-25,791,19924,502,7262,289,12662,0,0,607,8131,181,5886,607,14017,California
Sutter,2021-02-26,378,20302,62,7324,316,12978,0,0,155,8065,221,6107,155,14172,California
Sutter,2021-02-27,878,21180,48,7372,830,13808,0,0,714,8615,164,6271,714,14886,California
Sutter,2021-02-28,88,21268,44,7416,44,13852,0,0,68,8664,19,6290,68,14954,California
Sutter,2021-03-01,250,21518,61,7477,189,14041,0,0,153,8720,97,6387,153,15107,California
Sutter,2021-03-02,339,21857,60,7537,279,14320,0,0,163,8709,174,6561,163,15270,California
Sutter,2021-03-03,1386,23243,514,8051,872,15192,0,0,643,8615,737,7298,643,15913,California
Sutter,2021-03-04,1259,24502,862,8913,397,15589,0,0,947,9254,308,7606,947,16860,California
Sutter,2021-03-05,339,24841,79,8992,259,15848,1,1,209,9334,130,7736,210,17070,California
Sutter,2021-03-06,1028,25869,49,9041,974,16822,5,6,861,10033,167,7903,866,17936,California
Sutter,2021-03-07,65,25934,23,9064,41,16863,1,7,43,10055,22,7925,44,17980,California
Sutter,2021-03-08,229,26163,80,9144,137,17000,12,19,159,10156,70,7995,171,18151,California
Sutter,2021-03-09,391,26554,140,9284,238,17238,13,32,188,10154,203,8198,201,18352,California
Sutter,2021-03-10,1583,28137,684,9968,836,18074,63,95,526,9690,1053,9251,589,18941,California
Sutter,2021-03-11,894,29031,443,10411,434,18508,17,112,648,10112,243,9494,665,19606,California
Sutter,2021-03-12,683,29714,111,10522,388,18896,184,296,200,10014,480,9974,382,19988,California
Sutter,2021-03-13,1001,30715,756,11278,227,19123,18,314,787,10606,212,10186,804,20792,California
Sutter,2021-03-14,135,30850,22,11300,102,19225,11,325,45,10572,90,10276,56,20848,California
Sutter,2021-03-15,329,31179,67,11367,213,19438,49,374,156,10606,171,10447,205,21053,California
Sutter,2021-03-16,396,31575,86,11453,263,19701,47,421,214,10684,182,10629,260,21313,California
Sutter,2021-03-17,1500,33075,562,12015,917,20618,21,442,314,9841,1177,11806,334,21647,California
Sutter,2021-03-18,971,34046,176,12191,595,21213,200,642,566,10203,403,12209,765,22412,California
Sutter,2021-03-19,463,34509,164,12355,270,21483,29,671,284,10339,177,12386,313,22725,California
Sutter,2021-03-20,949,35458,116,12471,822,22305,11,682,857,11116,91,12477,868,23593,California
Sutter,2021-03-21,70,35528,49,12520,18,22323,3,685,32,11113,38,12515,35,23628,California
Sutter,2021-03-22,290,35818,120,12640,143,22466,27,712,212,11275,77,12592,239,23867,California
Sutter,2021-03-23,375,36193,115,12755,228,22694,32,744,253,11438,121,12713,284,24151,California
Sutter,2021-03-24,1687,37880,769,13524,848,23542,70,814,316,10468,1356,14069,386,24537,California
Sutter,2021-03-25,1046,38926,682,14206,320,23862,44,858,369,10207,674,14743,413,24950,California
Sutter,2021-03-26,496,39422,177,14383,302,24164,17,875,295,10321,198,14941,312,25262,California
Sutter,2021-03-27,926,40348,63,14446,861,25025,2,877,817,11035,105,15046,819,26081,California
Sutter,2021-03-28,124,40472,71,14517,53,25078,0,877,77,11067,45,15091,77,26158,California
Sutter,2021-03-29,426,40898,143,14660,227,25305,56,933,223,11145,201,15292,279,26437,California
Sutter,2021-03-30,479,41377,161,14821,308,25613,10,943,319,11314,160,15452,329,26766,California
Sutter,2021-03-31,1259,42636,180,15001,1064,26677,15,958,457,10996,789,16241,471,27237,California
Sutter,2021-04-01,1388,44024,740,15741,460,27137,188,1146,428,10659,952,17193,615,27852,California
Sutter,2021-04-02,519,44543,102,15843,299,27436,118,1264,206,10668,311,17504,320,28172,California
Sutter,2021-04-03,917,45460,79,15922,210,27646,628,1892,122,10626,792,18296,750,28922,California
Sutter,2021-04-04,117,45577,22,15944,89,27735,6,1898,54,10623,63,18359,60,28982,California
Sutter,2021-04-05,370,45947,145,16089,189,27924,36,1934,178,10648,189,18548,214,29196,California
Sutter,2021-04-06,514,46461,199,16288,259,28183,56,1990,276,10743,237,18785,332,29528,California
Sutter,2021-04-07,1487,47948,889,17177,522,28705,76,2066,611,10563,867,19652,687,30215,California
Sutter,2021-04-08,1051,48999,582,17759,355,29060,114,2180,580,10787,468,20120,692,30907,California
Sutter,2021-04-09,573,49572,249,18008,259,29319,65,2245,241,10765,328,20448,306,31213,California
Sutter,2021-04-10,832,50404,108,18116,93,29412,631,2876,112,10784,716,21164,735,31948,California
Sutter,2021-04-11,115,50519,28,18144,41,29453,46,2922,34,10782,81,21245,79,32027,California
Sutter,2021-04-12,347,50866,95,18239,199,29652,53,2975,141,10772,204,21449,194,32221,California
Sutter,2021-04-13,437,51303,129,18368,308,29960,0,2975,216,10769,219,21668,216,32437,California
Sutter,2021-04-14,1330,52633,161,18529,1168,31128,1,2976,225,9900,1098,22766,229,32666,California
Sutter,2021-04-15,537,53170,172,18701,365,31493,0,2976,214,9794,320,23086,214,32880,California
Sutter,2021-04-16,396,53566,123,18824,273,31766,0,2976,184,9767,211,23297,184,33064,California
Sutter,2021-04-17,574,54140,83,18907,491,32257,0,2976,503,10200,70,23367,503,33567,California
Sutter,2021-04-18,70,54210,12,18919,58,32315,0,2976,42,10216,26,23393,42,33609,California
Sutter,2021-04-19,289,54499,110,19029,179,32494,0,2976,119,10167,168,23561,119,33728,California
Sutter,2021-04-20,411,54910,134,19163,277,32771,0,2976,203,10162,208,23769,203,33931,California
Sutter,2021-04-21,1236,56146,420,19583,816,33587,0,2976,476,9888,750,24519,476,34407,California
Sutter,2021-04-22,499,56645,163,19746,336,33923,0,2976,253,9897,244,24763,253,34660,California
Sutter,2021-04-23,401,57046,119,19865,282,34205,0,2976,186,9870,213,24976,186,34846,California
Sutter,2021-04-24,329,57375,107,19972,221,34426,1,2977,187,9916,141,25117,187,35033,California
Sutter,2021-04-25,158,57533,76,20048,82,34508,0,2977,87,9934,69,25186,87,35120,California
Sutter,2021-04-26,305,57838,89,20137,214,34722,2,2979,133,9899,170,25356,135,35255,California
Sutter,2021-04-27,539,58377,265,20402,270,34992,4,2983,250,9868,285,25641,254,35509,California
Sutter,2021-04-28,814,59191,342,20744,464,35456,8,2991,254,9575,555,26196,262,35771,California
Sutter,2021-04-29,778,59969,140,20884,637,36093,1,2992,312,9425,463,26659,313,36084,California
Sutter,2021-04-30,361,60330,109,20993,239,36332,13,3005,145,9369,213,26872,157,36241,California
Sutter,2021-05-01,296,60626,106,21099,150,36482,40,3045,128,9372,165,27037,168,36409,California
Sutter,2021-05-02,82,60708,54,21153,26,36508,2,3047,46,9384,36,27073,48,36457,California
Sutter,2021-05-03,220,60928,111,21264,100,36608,9,3056,88,9349,132,27205,97,36554,California
Sutter,2021-05-04,541,61469,237,21501,240,36848,64,3120,226,9326,312,27517,289,36843,California
Sutter,2021-05-05,534,62003,143,21644,383,37231,8,3128,155,9116,373,27890,163,37006,California
Sutter,2021-05-06,425,62428,228,21872,179,37410,18,3146,191,9091,234,28124,209,37215,California
Sutter,2021-05-07,412,62840,145,22017,246,37656,21,3167,154,9010,256,28380,175,37390,California
Sutter,2021-05-08,196,63036,50,22067,141,37797,5,3172,106,9031,90,28470,111,37501,California
Sutter,2021-05-09,82,63118,53,22120,24,37821,5,3177,56,9066,26,28496,61,37562,California
Sutter,2021-05-10,190,63308,42,22162,130,37951,18,3195,48,8992,140,28636,66,37628,California
Sutter,2021-05-11,446,63754,219,22381,206,38157,21,3216,184,8938,257,28893,203,37831,California
Sutter,2021-05-12,442,64196,242,22623,189,38346,11,3227,162,8835,276,29169,173,38004,California
Sutter,2021-05-13,486,64682,262,22885,202,38548,22,3249,200,8773,284,29453,222,38226,California
Sutter,2021-05-14,438,65120,188,23073,234,38782,16,3265,215,8786,218,29671,231,38457,California
Sutter,2021-05-15,841,65961,308,23381,502,39284,31,3296,306,8589,534,30205,337,38794,California
Sutter,2021-05-16,139,66100,83,23464,48,39332,8,3304,75,8609,63,30268,83,38877,California
Sutter,2021-05-17,293,66393,116,23580,163,39495,14,3318,155,8641,137,30405,169,39046,California
Sutter,2021-05-18,544,66937,313,23893,226,39721,5,3323,299,8703,242,30647,304,39350,California
Sutter,2021-05-19,465,67402,267,24160,191,39912,7,3330,246,8740,216,30863,253,39603,California
Sutter,2021-05-20,456,67858,239,24399,205,40117,12,3342,224,8747,229,31092,236,39839,California
Sutter,2021-05-21,490,68348,221,24620,257,40374,12,3354,236,8743,251,31343,247,40086,California
Sutter,2021-05-22,365,68713,200,24820,162,40536,3,3357,184,8753,176,31519,186,40272,California
Sutter,2021-05-23,181,68894,85,24905,87,40623,9,3366,92,8771,83,31602,101,40373,California
Sutter,2021-05-24,240,69134,88,24993,129,40752,23,3389,100,8756,138,31740,123,40496,California
Sutter,2021-05-25,400,69534,195,25188,192,40944,13,3402,166,8705,229,31969,178,40674,California
Sutter,2021-05-26,318,69852,157,25345,152,41096,9,3411,118,8636,196,32165,127,40801,California
Sutter,2021-05-27,433,70285,115,25460,298,41394,20,3431,125,8477,304,32469,145,40946,California
Sutter,2021-05-28,336,70621,164,25624,157,41551,15,3446,179,8519,152,32621,194,41140,California
Sutter,2021-05-29,252,70873,118,25742,119,41670,15,3461,139,8564,109,32730,154,41294,California
Sutter,2021-05-30,85,70958,61,25803,21,41691,3,3464,50,8583,34,32764,53,41347,California
Sutter,2021-05-31,19,70977,2,25805,13,41704,4,3468,5,8578,14,32778,9,41356,California
Sutter,2021-06-01,308,71285,133,25938,167,41871,8,3476,127,8533,180,32958,135,41491,California
Sutter,2021-06-02,281,71566,120,26058,155,42026,6,3482,111,8485,165,33123,117,41608,California
Sutter,2021-06-03,340,71906,225,26283,106,42132,9,3491,118,8396,216,33339,127,41735,California
Sutter,2021-06-04,339,72245,197,26480,135,42267,7,3498,120,8308,215,33554,127,41862,California
Sutter,2021-06-05,435,72680,366,26846,66,42333,3,3501,155,8191,275,33829,158,42020,California
Sutter,2021-06-06,137,72817,118,26964,16,42349,3,3504,57,8173,78,33907,60,42080,California
Sutter,2021-06-07,162,72979,106,27070,48,42397,8,3512,56,8132,105,34012,64,42144,California
Sutter,2021-06-08,366,73345,206,27276,148,42545,12,3524,158,8096,206,34218,170,42314,California
Sutter,2021-06-09,329,73674,217,27493,107,42652,5,3529,112,7998,215,34433,117,42431,California
Sutter,2021-06-10,348,74022,258,27751,81,42733,9,3538,135,7932,210,34643,144,42575,California
Sutter,2021-06-11,202,74224,104,27855,95,42828,3,3541,55,7846,143,34786,57,42632,California
Sutter,2021-06-12,196,74420,149,28004,34,42862,13,3554,52,7767,144,34930,65,42697,California
Sutter,2021-06-13,11,74431,7,28011,4,42866,0,3554,4,7764,7,34937,4,42701,California
Tehama,2020-12-16,4,4,4,4,0,0,0,0,4,4,0,0,4,4,California
Tehama,2020-12-17,17,21,17,21,0,0,0,0,17,21,0,0,17,21,California
Tehama,2020-12-18,4,25,4,25,0,0,0,0,5,26,0,0,5,26,California
Tehama,2020-12-21,43,68,43,68,0,0,0,0,43,69,0,0,43,69,California
Tehama,2020-12-22,76,144,70,138,6,6,0,0,76,145,0,0,76,145,California
Tehama,2020-12-23,52,196,44,182,8,14,0,0,52,197,0,0,52,197,California
Tehama,2020-12-24,5,201,3,185,2,16,0,0,5,202,0,0,5,202,California
Tehama,2020-12-26,4,205,3,188,1,17,0,0,4,206,0,0,4,206,California
Tehama,2020-12-27,2,207,2,190,0,17,0,0,2,208,0,0,2,208,California
Tehama,2020-12-28,59,266,46,236,13,30,0,0,59,267,0,0,59,267,California
Tehama,2020-12-29,40,306,40,276,0,30,0,0,40,307,0,0,40,307,California
Tehama,2020-12-30,61,367,43,319,18,48,0,0,60,367,0,0,60,367,California
Tehama,2020-12-31,14,381,4,323,10,58,0,0,14,381,0,0,14,381,California
Tehama,2021-01-01,2,383,0,323,2,60,0,0,2,383,0,0,2,383,California
Tehama,2021-01-04,45,428,14,337,31,91,0,0,45,428,0,0,45,428,California
Tehama,2021-01-05,75,503,46,383,29,120,0,0,70,493,5,5,70,498,California
Tehama,2021-01-06,81,584,29,412,52,172,0,0,68,549,12,17,68,566,California
Tehama,2021-01-07,60,644,7,419,53,225,0,0,59,607,1,18,59,625,California
Tehama,2021-01-08,39,683,28,447,11,236,0,0,32,632,7,25,32,657,California
Tehama,2021-01-09,7,690,5,452,2,238,0,0,6,637,1,26,6,663,California
Tehama,2021-01-10,1,691,0,452,1,239,0,0,1,638,0,26,1,664,California
Tehama,2021-01-11,59,750,52,504,7,246,0,0,20,619,39,65,20,684,California
Tehama,2021-01-12,147,897,127,631,20,266,0,0,93,658,54,119,93,777,California
Tehama,2021-01-13,84,981,60,691,24,290,0,0,34,642,50,169,34,811,California
Tehama,2021-01-14,239,1220,50,741,189,479,0,0,237,877,2,171,237,1048,California
Tehama,2021-01-15,282,1502,76,817,206,685,0,0,278,1151,4,175,278,1326,California
Tehama,2021-01-16,273,1775,20,837,253,938,0,0,270,1418,3,178,270,1596,California
Tehama,2021-01-17,6,1781,2,839,4,942,0,0,4,1420,2,180,4,1600,California
Tehama,2021-01-18,14,1795,7,846,7,949,0,0,8,1422,6,186,8,1608,California
Tehama,2021-01-19,306,2101,75,921,231,1180,0,0,244,1604,62,248,244,1852,California
Tehama,2021-01-20,331,2432,99,1020,232,1412,0,0,276,1826,54,302,276,2128,California
Tehama,2021-01-21,241,2673,19,1039,222,1634,0,0,226,2037,15,317,226,2354,California
Tehama,2021-01-22,244,2917,21,1060,223,1857,0,0,241,2275,3,320,241,2595,California
Tehama,2021-01-23,267,3184,7,1067,260,2117,0,0,266,2540,1,321,266,2861,California
Tehama,2021-01-24,3,3187,1,1068,2,2119,0,0,3,2543,0,321,3,2864,California
Tehama,2021-01-25,43,3230,19,1087,24,2143,0,0,21,2542,22,343,21,2885,California
Tehama,2021-01-26,350,3580,44,1131,306,2449,0,0,312,2816,38,381,312,3197,California
Tehama,2021-01-27,332,3912,24,1155,308,2757,0,0,309,3102,23,404,309,3506,California
Tehama,2021-01-28,366,4278,39,1194,327,3084,0,0,346,3428,20,424,346,3852,California
Tehama,2021-01-29,351,4629,23,1217,328,3412,0,0,332,3741,19,443,332,4184,California
Tehama,2021-01-30,112,4741,2,1219,110,3522,0,0,111,3851,1,444,111,4295,California
Tehama,2021-01-31,1,4742,0,1219,1,3523,0,0,1,3852,0,444,1,4296,California
Tehama,2021-02-01,84,4826,22,1241,62,3585,0,0,37,3842,47,491,37,4333,California
Tehama,2021-02-02,368,5194,70,1311,298,3883,0,0,269,4012,99,590,269,4602,California
Tehama,2021-02-03,430,5624,16,1327,414,4297,0,0,378,4338,52,642,378,4980,California
Tehama,2021-02-04,519,6143,104,1431,415,4712,0,0,434,4688,85,727,435,5415,California
Tehama,2021-02-05,195,6338,75,1506,120,4832,0,0,130,4753,65,792,130,5545,California
Tehama,2021-02-06,37,6375,15,1521,22,4854,0,0,25,4766,12,804,25,5570,California
Tehama,2021-02-07,5,6380,4,1525,1,4855,0,0,2,4765,3,807,2,5572,California
Tehama,2021-02-08,48,6428,14,1539,34,4889,0,0,33,4783,15,822,33,5605,California
Tehama,2021-02-09,93,6521,45,1584,48,4937,0,0,51,4792,42,864,51,5656,California
Tehama,2021-02-10,253,6774,70,1654,183,5120,0,0,163,4865,90,954,163,5819,California
Tehama,2021-02-11,242,7016,18,1672,224,5344,0,0,91,4807,149,1103,91,5910,California
Tehama,2021-02-12,405,7421,78,1750,327,5671,0,0,188,4778,217,1320,188,6098,California
Tehama,2021-02-13,409,7830,17,1767,392,6063,0,0,162,4693,247,1567,162,6260,California
Tehama,2021-02-14,37,7867,2,1769,35,6098,0,0,34,4724,3,1570,34,6294,California
Tehama,2021-02-15,62,7929,10,1779,52,6150,0,0,54,4770,8,1578,54,6348,California
Tehama,2021-02-16,259,8188,21,1800,238,6388,0,0,70,4651,189,1767,70,6418,California
Tehama,2021-02-17,310,8498,19,1819,291,6679,0,0,61,4463,249,2016,61,6479,California
Tehama,2021-02-18,387,8885,34,1853,353,7032,0,0,147,4370,240,2256,147,6626,California
Tehama,2021-02-19,236,9121,26,1879,210,7242,0,0,50,4234,186,2442,50,6676,California
Tehama,2021-02-20,286,9407,8,1887,278,7520,0,0,32,4012,254,2696,32,6708,California
Tehama,2021-02-21,4,9411,1,1888,3,7523,0,0,2,4012,2,2698,2,6710,California
Tehama,2021-02-22,45,9456,15,1903,30,7553,0,0,27,4021,18,2716,27,6737,California
Tehama,2021-02-23,54,9510,23,1926,31,7584,0,0,27,4021,27,2743,27,6764,California
Tehama,2021-02-24,339,9849,25,1951,314,7898,0,0,37,3756,302,3045,37,6801,California
Tehama,2021-02-25,399,10248,60,2011,339,8237,0,0,42,3441,357,3402,42,6843,California
Tehama,2021-02-26,487,10735,21,2032,466,8703,0,0,76,3106,411,3813,76,6919,California
Tehama,2021-02-27,324,11059,6,2038,318,9021,0,0,36,2854,288,4101,36,6955,California
Tehama,2021-02-28,23,11082,2,2040,21,9042,0,0,20,2871,3,4104,20,6975,California
Tehama,2021-03-01,67,11149,7,2047,60,9102,0,0,32,2868,35,4139,32,7007,California
Tehama,2021-03-02,159,11308,21,2068,138,9240,0,0,34,2778,124,4263,34,7041,California
Tehama,2021-03-03,167,11475,33,2101,134,9374,0,0,55,2721,112,4375,55,7096,California
Tehama,2021-03-04,699,12174,57,2158,642,10016,0,0,247,2523,445,4820,247,7343,California
Tehama,2021-03-05,432,12606,24,2182,408,10424,0,0,226,2544,205,5025,226,7569,California
Tehama,2021-03-06,327,12933,18,2200,307,10731,2,2,87,2395,239,5264,90,7659,California
Tehama,2021-03-07,6,12939,1,2201,5,10736,0,2,4,2398,1,5265,4,7663,California
Tehama,2021-03-08,66,13005,11,2212,39,10775,16,18,26,2401,39,5304,42,7705,California
Tehama,2021-03-09,397,13402,13,2225,361,11136,23,41,336,2699,61,5365,359,8064,California
Tehama,2021-03-10,367,13769,21,2246,325,11461,21,62,74,2502,292,5657,95,8159,California
Tehama,2021-03-11,538,14307,24,2270,455,11916,59,121,375,2773,163,5820,434,8593,California
Tehama,2021-03-12,336,14643,28,2298,237,12153,71,192,195,2898,141,5961,266,8859,California
Tehama,2021-03-13,55,14698,9,2307,38,12191,8,200,7,2865,48,6009,15,8874,California
Tehama,2021-03-14,62,14760,3,2310,50,12241,9,209,20,2852,42,6051,29,8903,California
Tehama,2021-03-15,166,14926,21,2331,120,12361,25,234,85,2881,81,6132,110,9013,California
Tehama,2021-03-16,444,15370,19,2350,387,12748,38,272,337,3150,106,6238,375,9388,California
Tehama,2021-03-17,463,15833,31,2381,401,13149,31,303,376,3472,85,6323,407,9795,California
Tehama,2021-03-18,521,16354,36,2417,460,13609,25,328,337,3652,182,6505,362,10157,California
Tehama,2021-03-19,342,16696,27,2444,302,13911,13,341,298,3919,44,6549,311,10468,California
Tehama,2021-03-20,53,16749,15,2459,33,13944,5,346,37,3945,16,6565,42,10510,California
Tehama,2021-03-21,12,16761,5,2464,7,13951,0,346,12,3957,0,6565,12,10522,California
Tehama,2021-03-22,101,16862,10,2474,74,14025,17,363,56,3985,45,6610,73,10595,California
Tehama,2021-03-23,103,16965,33,2507,62,14087,8,371,76,4042,27,6637,84,10679,California
Tehama,2021-03-24,94,17059,16,2523,75,14162,3,374,60,4071,34,6671,63,10742,California
Tehama,2021-03-25,557,17616,386,2909,158,14320,13,387,505,4539,50,6721,518,11260,California
Tehama,2021-03-26,558,18174,438,3347,108,14428,12,399,473,4942,82,6803,485,11745,California
Tehama,2021-03-27,504,18678,395,3742,76,14504,33,432,427,5326,76,6879,460,12205,California
Tehama,2021-03-28,40,18718,15,3757,25,14529,0,432,24,5334,16,6895,24,12229,California
Tehama,2021-03-29,129,18847,30,3787,97,14626,2,434,82,5371,46,6941,83,12312,California
Tehama,2021-03-30,411,19258,246,4033,163,14789,2,436,276,5514,135,7076,278,12590,California
Tehama,2021-03-31,422,19680,314,4347,105,14894,3,439,340,5775,81,7157,342,12932,California
Tehama,2021-04-01,558,20238,267,4614,285,15179,6,445,418,6060,139,7296,424,13356,California
Tehama,2021-04-02,489,20727,234,4848,247,15426,8,453,296,6170,193,7489,303,13659,California
Tehama,2021-04-03,73,20800,7,4855,59,15485,7,460,37,6178,36,7525,44,13703,California
Tehama,2021-04-04,39,20839,8,4863,28,15513,3,463,25,6192,14,7539,28,13731,California
Tehama,2021-04-05,128,20967,22,4885,74,15587,32,495,65,6226,63,7602,97,13828,California
Tehama,2021-04-06,537,21504,117,5002,359,15946,61,556,147,6044,390,7992,208,14036,California
Tehama,2021-04-07,448,21952,304,5306,93,16039,51,607,323,6292,124,8116,372,14408,California
Tehama,2021-04-08,647,22599,190,5496,415,16454,42,649,242,6172,404,8520,284,14692,California
Tehama,2021-04-09,476,23075,219,5715,218,16672,39,688,238,6212,237,8757,277,14969,California
Tehama,2021-04-10,96,23171,23,5738,42,16714,31,719,50,6247,46,8803,81,15050,California
Tehama,2021-04-11,45,23216,9,5747,25,16739,11,730,10,6233,35,8838,21,15071,California
Tehama,2021-04-12,119,23335,6,5753,91,16830,22,752,43,6222,76,8914,65,15136,California
Tehama,2021-04-13,415,23750,73,5826,342,17172,0,752,68,5943,347,9261,68,15204,California
Tehama,2021-04-14,426,24176,54,5880,372,17544,0,752,49,5617,375,9636,49,15253,California
Tehama,2021-04-15,544,24720,204,6084,340,17884,0,752,82,5237,462,10098,82,15335,California
Tehama,2021-04-16,657,25377,380,6464,277,18161,0,752,87,4754,570,10668,87,15422,California
Tehama,2021-04-17,380,25757,291,6755,89,18250,0,752,52,4480,327,10995,53,15475,California
Tehama,2021-04-18,19,25776,5,6760,14,18264,0,752,13,4487,6,11001,13,15488,California
Tehama,2021-04-19,101,25877,7,6767,94,18358,0,752,42,4470,59,11060,42,15530,California
Tehama,2021-04-20,571,26448,473,7240,98,18456,0,752,164,4232,404,11464,166,15696,California
Tehama,2021-04-21,530,26978,451,7691,79,18535,0,752,171,4046,357,11821,171,15867,California
Tehama,2021-04-22,547,27525,386,8077,161,18696,0,752,154,3810,390,12211,154,16021,California
Tehama,2021-04-23,477,28002,370,8447,107,18803,0,752,208,3751,268,12479,209,16230,California
Tehama,2021-04-24,112,28114,21,8468,91,18894,0,752,27,3693,85,12564,27,16257,California
Tehama,2021-04-25,30,28144,19,8487,11,18905,0,752,10,3683,20,12584,10,16267,California
Tehama,2021-04-26,94,28238,12,8499,82,18987,0,752,53,3695,41,12625,53,16320,California
Tehama,2021-04-27,270,28508,218,8717,50,19037,2,754,101,3629,169,12794,103,16423,California
Tehama,2021-04-28,421,28929,342,9059,60,19097,19,773,71,3369,350,13144,90,16513,California
Tehama,2021-04-29,385,29314,182,9241,196,19293,7,780,75,3142,309,13453,82,16595,California
Tehama,2021-04-30,366,29680,270,9511,89,19382,7,787,128,3039,238,13691,135,16730,California
Tehama,2021-05-01,77,29757,4,9515,67,19449,6,793,14,2996,63,13754,20,16750,California
Tehama,2021-05-02,46,29803,24,9539,10,19459,12,805,26,3014,20,13774,38,16788,California
Tehama,2021-05-03,125,29928,40,9579,76,19535,9,814,65,3028,60,13834,74,16862,California
Tehama,2021-05-04,168,30096,58,9637,101,19636,9,823,70,3009,98,13932,79,16941,California
Tehama,2021-05-05,92,30188,25,9662,57,19693,10,833,41,3009,51,13983,51,16992,California
Tehama,2021-05-06,175,30363,96,9758,62,19755,17,850,108,3067,67,14050,125,17117,California
Tehama,2021-05-07,192,30555,81,9839,99,19854,12,862,54,2997,136,14186,66,17183,California
Tehama,2021-05-08,54,30609,8,9847,44,19898,2,864,15,2975,39,14225,17,17200,California
Tehama,2021-05-09,18,30627,4,9851,14,19912,0,864,8,2973,10,14235,8,17208,California
Tehama,2021-05-10,84,30711,6,9857,69,19981,9,873,39,2976,44,14279,47,17255,California
Tehama,2021-05-11,183,30894,130,9987,40,20021,13,886,33,2872,150,14429,46,17301,California
Tehama,2021-05-12,215,31109,137,10124,68,20089,10,896,49,2766,165,14594,59,17360,California
Tehama,2021-05-13,255,31364,168,10292,77,20166,10,906,116,2754,138,14732,126,17486,California
Tehama,2021-05-14,257,31621,141,10433,95,20261,21,927,63,2645,193,14925,84,17570,California
Tehama,2021-05-15,243,31864,141,10574,61,20322,41,968,169,2782,73,14998,210,17780,California
Tehama,2021-05-16,28,31892,7,10581,18,20340,3,971,16,2789,12,15010,19,17799,California
Tehama,2021-05-17,123,32015,32,10613,74,20414,17,988,59,2802,63,15073,76,17875,California
Tehama,2021-05-18,159,32174,82,10695,61,20475,16,1004,50,2761,107,15180,66,17941,California
Tehama,2021-05-19,133,32307,58,10753,64,20539,11,1015,45,2729,88,15268,56,17997,California
Tehama,2021-05-20,338,32645,247,11000,68,20607,23,1038,236,2887,101,15369,259,18256,California
Tehama,2021-05-21,234,32879,109,11109,112,20719,13,1051,78,2825,153,15522,91,18347,California
Tehama,2021-05-22,67,32946,33,11142,30,20749,4,1055,39,2840,28,15550,43,18390,California
Tehama,2021-05-23,49,32995,24,11166,15,20764,10,1065,14,2829,35,15585,24,18414,California
Tehama,2021-05-24,103,33098,29,11195,65,20829,9,1074,32,2799,71,15656,41,18455,California
Tehama,2021-05-25,78,33176,19,11214,51,20880,8,1082,46,2821,31,15687,53,18508,California
Tehama,2021-05-26,82,33258,32,11246,47,20927,3,1085,53,2849,28,15715,56,18564,California
Tehama,2021-05-27,160,33418,100,11346,56,20983,4,1089,52,2799,106,15821,56,18620,California
Tehama,2021-05-28,142,33560,38,11384,96,21079,8,1097,66,2798,75,15896,74,18694,California
Tehama,2021-05-29,56,33616,9,11393,41,21120,6,1103,36,2820,20,15916,42,18736,California
Tehama,2021-05-30,15,33631,4,11397,10,21130,1,1104,7,2820,8,15924,8,18744,California
Tehama,2021-05-31,17,33648,1,11398,15,21145,1,1105,4,2812,13,15937,5,18749,California
Tehama,2021-06-01,103,33751,20,11418,64,21209,19,1124,35,2798,68,16005,54,18803,California
Tehama,2021-06-02,91,33842,32,11450,54,21263,5,1129,38,2788,53,16058,43,18846,California
Tehama,2021-06-03,141,33983,103,11553,27,21290,11,1140,32,2722,109,16167,43,18889,California
Tehama,2021-06-04,145,34128,34,11587,96,21386,15,1155,60,2711,84,16251,73,18962,California
Tehama,2021-06-05,159,34287,133,11720,22,21408,4,1159,30,2617,128,16379,34,18996,California
Tehama,2021-06-06,19,34306,9,11729,2,21410,8,1167,4,2614,15,16394,12,19008,California
Tehama,2021-06-07,73,34379,28,11757,43,21453,2,1169,21,2585,52,16446,23,19031,California
Tehama,2021-06-08,105,34484,34,11791,61,21514,10,1179,43,2577,61,16507,53,19084,California
Tehama,2021-06-09,80,34564,42,11833,35,21549,3,1182,39,2578,41,16548,42,19126,California
Tehama,2021-06-10,255,34819,213,12046,32,21581,10,1192,34,2402,220,16768,44,19170,California
Tehama,2021-06-11,130,34949,61,12107,64,21645,5,1197,47,2374,80,16848,52,19222,California
Tehama,2021-06-12,55,35004,33,12140,22,21667,0,1197,21,2361,34,16882,21,19243,California
Tehama,2021-06-13,11,35015,2,12142,4,21671,5,1202,2,2359,9,16891,7,19250,California
Trinity,2020-12-17,4,4,4,4,0,0,0,0,4,4,0,0,4,4,California
Trinity,2020-12-18,2,6,2,6,0,0,0,0,2,6,0,0,2,6,California
Trinity,2020-12-21,39,45,39,45,0,0,0,0,39,45,0,0,39,45,California
Trinity,2020-12-22,4,49,4,49,0,0,0,0,4,49,0,0,4,49,California
Trinity,2020-12-23,6,55,5,54,1,1,0,0,6,55,0,0,6,55,California
Trinity,2020-12-28,31,86,31,85,0,1,0,0,31,86,0,0,31,86,California
Trinity,2020-12-29,8,94,7,92,1,2,0,0,8,94,0,0,8,94,California
Trinity,2020-12-30,10,104,8,100,2,4,0,0,10,104,0,0,10,104,California
Trinity,2020-12-31,2,106,1,101,1,5,0,0,2,106,0,0,2,106,California
Trinity,2021-01-04,28,134,0,101,28,33,0,0,27,133,0,0,27,133,California
Trinity,2021-01-05,2,136,1,102,1,34,0,0,2,135,0,0,2,135,California
Trinity,2021-01-06,24,160,4,106,20,54,0,0,20,151,4,4,20,155,California
Trinity,2021-01-08,49,209,2,108,47,101,0,0,48,197,2,6,48,203,California
Trinity,2021-01-11,41,250,38,146,3,104,0,0,4,164,37,43,4,207,California
Trinity,2021-01-12,9,259,6,152,3,107,0,0,4,163,5,48,4,211,California
Trinity,2021-01-13,7,266,4,156,3,110,0,0,4,164,3,51,4,215,California
Trinity,2021-01-14,4,270,1,157,3,113,0,0,4,168,0,51,4,219,California
Trinity,2021-01-15,5,275,0,157,5,118,0,0,5,173,0,51,5,224,California
Trinity,2021-01-16,2,277,0,157,2,120,0,0,2,175,0,51,2,226,California
Trinity,2021-01-18,31,308,31,188,0,120,0,0,0,144,31,82,0,226,California
Trinity,2021-01-19,34,342,15,203,19,139,0,0,20,150,14,96,20,246,California
Trinity,2021-01-20,20,362,3,206,17,156,0,0,17,164,3,99,17,263,California
Trinity,2021-01-21,18,380,7,213,11,167,0,0,18,182,0,99,18,281,California
Trinity,2021-01-22,5,385,1,214,4,171,0,0,5,187,0,99,5,286,California
Trinity,2021-01-23,7,392,3,217,4,175,0,0,7,194,0,99,7,293,California
Trinity,2021-01-25,14,406,1,218,13,188,0,0,13,206,1,100,13,306,California
Trinity,2021-01-26,10,416,1,219,9,197,0,0,9,214,1,101,9,315,California
Trinity,2021-01-27,12,428,0,219,12,209,0,0,12,226,0,101,12,327,California
Trinity,2021-01-28,13,441,3,222,10,219,0,0,10,233,3,104,10,337,California
Trinity,2021-01-29,2,443,0,222,2,221,0,0,1,233,1,105,1,338,California
Trinity,2021-01-30,12,455,11,233,1,222,0,0,12,245,0,105,12,350,California
Trinity,2021-02-01,2,457,1,234,1,223,0,0,1,245,1,106,1,351,California
Trinity,2021-02-02,15,472,3,237,12,235,0,0,14,258,1,107,14,365,California
Trinity,2021-02-03,6,478,1,238,5,240,0,0,4,260,2,109,4,369,California
Trinity,2021-02-04,41,519,32,270,9,249,0,0,34,287,7,116,34,403,California
Trinity,2021-02-05,351,870,0,270,351,600,0,0,320,576,31,147,320,723,California
Trinity,2021-02-06,210,1080,5,275,205,805,0,0,203,772,7,154,203,926,California
Trinity,2021-02-07,1,1081,0,275,1,806,0,0,1,773,0,154,1,927,California
Trinity,2021-02-08,28,1109,1,276,27,833,0,0,16,777,12,166,16,943,California
Trinity,2021-02-09,27,1136,2,278,25,858,0,0,11,772,16,182,11,954,California
Trinity,2021-02-10,122,1258,10,288,112,970,0,0,102,854,20,202,102,1056,California
Trinity,2021-02-11,339,1597,2,290,337,1307,0,0,332,1179,7,209,332,1388,California
Trinity,2021-02-12,19,1616,10,300,9,1316,0,0,14,1188,5,214,14,1402,California
Trinity,2021-02-13,11,1627,6,306,5,1321,0,0,6,1189,5,219,6,1408,California
Trinity,2021-02-14,2,1629,2,308,0,1321,0,0,2,1191,0,219,2,1410,California
Trinity,2021-02-15,47,1676,0,308,47,1368,0,0,47,1238,0,219,47,1457,California
Trinity,2021-02-16,4,1680,1,309,3,1371,0,0,2,1238,2,221,2,1459,California
Trinity,2021-02-17,94,1774,2,311,92,1463,0,0,84,1312,10,231,84,1543,California
Trinity,2021-02-18,4,1778,0,311,4,1467,0,0,1,1310,3,234,1,1544,California
Trinity,2021-02-19,307,2085,2,313,305,1772,0,0,293,1589,14,248,293,1837,California
Trinity,2021-02-20,142,2227,14,327,128,1900,0,0,114,1675,28,276,114,1951,California
Trinity,2021-02-21,1,2228,1,328,0,1900,0,0,1,1676,0,276,1,1952,California
Trinity,2021-02-22,8,2236,0,328,8,1908,0,0,5,1678,3,279,5,1957,California
Trinity,2021-02-23,10,2246,3,331,7,1915,0,0,5,1678,5,284,5,1962,California
Trinity,2021-02-24,30,2276,8,339,22,1937,0,0,7,1662,23,307,7,1969,California
Trinity,2021-02-25,37,2313,23,362,14,1951,0,0,5,1635,32,339,5,1974,California
Trinity,2021-02-26,11,2324,1,363,10,1961,0,0,5,1634,6,345,5,1979,California
Trinity,2021-02-27,10,2334,8,371,2,1963,0,0,4,1632,6,351,4,1983,California
Trinity,2021-03-01,10,2344,0,371,10,1973,0,0,5,1632,5,356,5,1988,California
Trinity,2021-03-02,9,2353,3,374,6,1979,0,0,2,1627,7,363,2,1990,California
Trinity,2021-03-03,5,2358,0,374,5,1984,0,0,4,1630,1,364,4,1994,California
Trinity,2021-03-04,23,2381,19,393,4,1988,0,0,10,1627,13,377,10,2004,California
Trinity,2021-03-05,388,2769,1,394,387,2375,0,0,121,1485,263,640,121,2125,California
Trinity,2021-03-06,203,2972,7,401,196,2571,0,0,27,1336,176,816,27,2152,California
Trinity,2021-03-07,4,2976,3,404,1,2572,0,0,3,1338,1,817,3,2155,California
Trinity,2021-03-08,4,2980,0,404,3,2575,1,1,1,1337,3,820,2,2157,California
Trinity,2021-03-09,99,3079,1,405,96,2671,2,3,93,1426,6,826,95,2252,California
Trinity,2021-03-10,126,3205,3,408,120,2791,3,6,38,1379,88,914,41,2293,California
Trinity,2021-03-11,16,3221,4,412,10,2801,2,8,5,1375,11,925,7,2300,California
Trinity,2021-03-12,399,3620,5,417,388,3189,6,14,97,1176,302,1227,103,2403,California
Trinity,2021-03-13,12,3632,7,424,3,3192,2,16,7,1180,5,1232,9,2412,California
Trinity,2021-03-14,4,3636,1,425,3,3195,0,16,3,1182,1,1233,3,2415,California
Trinity,2021-03-15,68,3704,0,425,67,3262,1,17,15,1145,53,1286,16,2431,California
Trinity,2021-03-16,115,3819,7,432,108,3370,0,17,102,1234,13,1299,102,2533,California
Trinity,2021-03-17,100,3919,3,435,97,3467,0,17,26,1186,74,1373,26,2559,California
Trinity,2021-03-18,9,3928,1,436,5,3472,3,20,4,1188,5,1378,7,2566,California
Trinity,2021-03-19,461,4389,4,440,347,3819,110,130,36,909,425,1803,146,2712,California
Trinity,2021-03-20,108,4497,7,447,101,3920,0,130,72,946,35,1838,72,2784,California
Trinity,2021-03-21,4,4501,0,447,3,3923,1,131,3,949,1,1839,4,2788,California
Trinity,2021-03-22,2,4503,0,447,2,3925,0,131,2,951,0,1839,2,2790,California
Trinity,2021-03-23,96,4599,2,449,94,4019,0,131,78,1011,18,1857,78,2868,California
Trinity,2021-03-24,12,4611,1,450,11,4030,0,131,9,1017,3,1860,9,2877,California
Trinity,2021-03-25,111,4722,8,458,97,4127,6,137,85,1082,26,1886,91,2968,California
Trinity,2021-03-26,84,4806,8,466,76,4203,0,137,77,1152,7,1893,77,3045,California
Trinity,2021-03-27,20,4826,4,470,7,4210,9,146,9,1159,11,1904,18,3063,California
Trinity,2021-03-28,5,4831,3,473,2,4212,0,146,1,1156,4,1908,1,3064,California
Trinity,2021-03-29,5,4836,0,473,5,4217,0,146,2,1155,3,1911,2,3066,California
Trinity,2021-03-30,78,4914,6,479,72,4289,0,146,67,1211,11,1922,67,3133,California
Trinity,2021-03-31,56,4970,5,484,18,4307,33,179,20,1227,36,1958,52,3185,California
Trinity,2021-04-01,40,5010,10,494,19,4326,11,190,21,1240,19,1977,32,3217,California
Trinity,2021-04-02,257,5267,5,499,177,4503,75,265,84,1227,172,2149,159,3376,California
Trinity,2021-04-03,17,5284,12,511,5,4508,0,265,7,1224,10,2159,7,3383,California
Trinity,2021-04-04,10,5294,8,519,2,4510,0,265,8,1230,2,2161,8,3391,California
Trinity,2021-04-05,60,5354,6,525,51,4561,3,268,54,1281,6,2167,57,3448,California
Trinity,2021-04-06,122,5476,15,540,104,4665,3,271,29,1220,93,2260,32,3480,California
Trinity,2021-04-07,26,5502,11,551,10,4675,5,276,19,1237,7,2267,24,3504,California
Trinity,2021-04-08,90,5592,11,562,77,4752,2,278,53,1255,37,2304,55,3559,California
Trinity,2021-04-09,166,5758,18,580,144,4896,4,282,88,1269,78,2382,92,3651,California
Trinity,2021-04-10,12,5770,7,587,5,4901,0,282,11,1279,1,2383,11,3662,California
Trinity,2021-04-11,10,5780,5,592,3,4904,2,284,4,1279,6,2389,6,3668,California
Trinity,2021-04-12,78,5858,5,597,72,4976,1,285,64,1330,13,2402,64,3732,California
Trinity,2021-04-13,104,5962,5,602,99,5075,0,285,11,1248,93,2495,11,3743,California
Trinity,2021-04-14,10,5972,5,607,5,5080,0,285,6,1250,4,2499,6,3749,California
Trinity,2021-04-15,44,6016,10,617,34,5114,0,285,14,1235,29,2528,14,3763,California
Trinity,2021-04-16,156,6172,13,630,143,5257,0,285,81,1242,74,2602,81,3844,California
Trinity,2021-04-17,11,6183,5,635,6,5263,0,285,9,1249,2,2604,9,3853,California
Trinity,2021-04-18,3,6186,1,636,2,5265,0,285,0,1246,3,2607,0,3853,California
Trinity,2021-04-19,67,6253,2,638,65,5330,0,285,66,1311,1,2608,66,3919,California
Trinity,2021-04-20,93,6346,8,646,85,5415,0,285,21,1260,72,2680,21,3940,California
Trinity,2021-04-21,22,6368,9,655,13,5428,0,285,9,1256,13,2693,9,3949,California
Trinity,2021-04-22,92,6460,5,660,87,5515,0,285,14,1192,78,2771,14,3963,California
Trinity,2021-04-23,181,6641,6,666,175,5690,0,285,112,1235,69,2840,112,4075,California
Trinity,2021-04-24,23,6664,12,678,11,5701,0,285,6,1224,17,2857,6,4081,California
Trinity,2021-04-25,10,6674,9,687,1,5702,0,285,3,1221,6,2863,3,4084,California
Trinity,2021-04-26,48,6722,9,696,39,5741,0,285,40,1253,8,2871,40,4124,California
Trinity,2021-04-27,87,6809,11,707,76,5817,0,285,23,1212,64,2935,23,4147,California
Trinity,2021-04-28,33,6842,11,718,22,5839,0,285,12,1203,21,2956,12,4159,California
Trinity,2021-04-29,34,6876,13,731,21,5860,0,285,12,1193,22,2978,12,4171,California
Trinity,2021-04-30,26,6902,21,752,5,5865,0,285,10,1188,15,2993,10,4181,California
Trinity,2021-05-01,14,6916,8,760,1,5866,5,290,4,1187,10,3003,9,4190,California
Trinity,2021-05-02,8,6924,5,765,1,5867,2,292,2,1185,6,3009,4,4194,California
Trinity,2021-05-03,58,6982,13,778,44,5911,1,293,9,1147,48,3057,10,4204,California
Trinity,2021-05-04,27,7009,11,789,15,5926,1,294,8,1137,19,3076,9,4213,California
Trinity,2021-05-05,11,7020,7,796,4,5930,0,294,4,1134,7,3083,4,4217,California
Trinity,2021-05-06,75,7095,11,807,62,5992,2,296,16,1093,59,3142,18,4235,California
Trinity,2021-05-07,180,7275,12,819,134,6126,34,330,14,975,166,3308,48,4283,California
Trinity,2021-05-08,7,7282,2,821,5,6131,0,330,2,972,5,3313,2,4285,California
Trinity,2021-05-09,11,7293,8,829,3,6134,0,330,7,975,4,3317,7,4292,California
Trinity,2021-05-10,15,7308,5,834,9,6143,1,331,8,977,7,3324,9,4301,California
Trinity,2021-05-11,8,7316,4,838,4,6147,0,331,6,981,2,3326,6,4307,California
Trinity,2021-05-12,19,7335,16,854,2,6149,1,332,14,991,5,3331,15,4322,California
Trinity,2021-05-13,15,7350,10,864,4,6153,1,333,9,995,6,3337,10,4332,California
Trinity,2021-05-14,141,7491,19,883,94,6247,28,361,39,960,102,3439,67,4399,California
Trinity,2021-05-15,15,7506,10,893,4,6251,1,362,7,961,7,3446,8,4407,California
Trinity,2021-05-16,7,7513,6,899,1,6252,0,362,5,964,2,3448,5,4412,California
Trinity,2021-05-17,108,7621,20,919,86,6338,2,364,42,942,66,3514,44,4456,California
Trinity,2021-05-18,37,7658,7,926,29,6367,1,365,11,928,26,3540,12,4468,California
Trinity,2021-05-19,150,7808,16,942,105,6472,29,394,31,870,118,3658,60,4528,California
Trinity,2021-05-20,28,7836,21,963,4,6476,3,397,17,879,11,3669,20,4548,California
Trinity,2021-05-21,21,7857,13,976,8,6484,0,397,11,880,10,3679,11,4559,California
Trinity,2021-05-22,17,7874,14,990,3,6487,0,397,13,889,4,3683,13,4572,California
Trinity,2021-05-23,6,7880,4,994,2,6489,0,397,2,887,4,3687,2,4574,California
Trinity,2021-05-24,109,7989,12,1006,96,6585,1,398,8,796,100,3787,9,4583,California
Trinity,2021-05-25,38,8027,13,1019,25,6610,0,398,16,790,22,3809,16,4599,California
Trinity,2021-05-26,11,8038,5,1024,6,6616,0,398,3,785,8,3817,3,4602,California
Trinity,2021-05-27,30,8068,13,1037,12,6628,5,403,7,774,23,3840,12,4614,California
Trinity,2021-05-28,13,8081,10,1047,2,6630,1,404,6,774,7,3847,7,4621,California
Trinity,2021-05-29,10,8091,7,1054,2,6632,1,405,7,779,3,3850,8,4629,California
Trinity,2021-05-30,5,8096,4,1058,1,6633,0,405,0,774,5,3855,0,4629,California
Trinity,2021-05-31,4,8100,3,1061,1,6634,0,405,2,774,2,3857,2,4631,California
Trinity,2021-06-01,15,8115,8,1069,5,6639,2,407,4,770,10,3867,6,4637,California
Trinity,2021-06-02,24,8139,19,1088,3,6642,2,409,9,766,15,3882,11,4648,California
Trinity,2021-06-03,39,8178,13,1101,26,6668,0,409,13,753,26,3908,13,4661,California
Trinity,2021-06-04,29,8207,21,1122,8,6676,0,409,8,740,21,3929,8,4669,California
Trinity,2021-06-05,19,8226,18,1140,1,6677,0,409,13,747,6,3935,13,4682,California
Trinity,2021-06-06,9,8235,6,1146,2,6679,1,410,2,743,7,3942,3,4685,California
Trinity,2021-06-07,28,8263,19,1165,8,6687,1,411,12,740,16,3958,13,4698,California
Trinity,2021-06-08,15,8278,13,1178,1,6688,1,412,4,734,11,3969,5,4703,California
Trinity,2021-06-09,9,8287,7,1185,0,6688,2,414,0,727,9,3978,2,4705,California
Trinity,2021-06-10,8,8295,8,1193,0,6688,0,414,2,723,6,3984,2,4707,California
Trinity,2021-06-11,29,8324,0,1193,29,6717,0,414,9,712,20,4004,9,4716,California
Trinity,2021-06-12,2,8326,2,1195,0,6717,0,414,1,712,1,4005,1,4717,California
Tulare,2020-12-15,1,1,1,1,0,0,0,0,1,1,0,0,1,1,California
Tulare,2020-12-16,4,5,4,5,0,0,0,0,4,5,0,0,4,5,California
Tulare,2020-12-17,110,115,110,115,0,0,0,0,110,115,0,0,110,115,California
Tulare,2020-12-18,290,405,289,404,1,1,0,0,290,405,0,0,290,405,California
Tulare,2020-12-19,325,730,325,729,0,1,0,0,325,730,0,0,325,730,California
Tulare,2020-12-20,165,895,165,894,0,1,0,0,165,895,0,0,165,895,California
Tulare,2020-12-21,421,1316,421,1315,0,1,0,0,441,1336,0,0,441,1336,California
Tulare,2020-12-22,472,1788,470,1785,2,3,0,0,471,1807,0,0,471,1807,California
Tulare,2020-12-23,327,2115,319,2104,8,11,0,0,325,2132,0,0,325,2132,California
Tulare,2020-12-24,18,2133,16,2120,2,13,0,0,18,2150,0,0,18,2150,California
Tulare,2020-12-26,7,2140,6,2126,1,14,0,0,7,2157,0,0,7,2157,California
Tulare,2020-12-27,16,2156,12,2138,4,18,0,0,16,2173,0,0,16,2173,California
Tulare,2020-12-28,482,2638,469,2607,13,31,0,0,481,2654,0,0,481,2654,California
Tulare,2020-12-29,549,3187,477,3084,72,103,0,0,549,3203,0,0,549,3203,California
Tulare,2020-12-30,469,3656,425,3509,44,147,0,0,469,3672,0,0,469,3672,California
Tulare,2020-12-31,101,3757,23,3532,78,225,0,0,101,3773,0,0,101,3773,California
Tulare,2021-01-01,3,3760,1,3533,2,227,0,0,3,3776,0,0,3,3776,California
Tulare,2021-01-02,33,3793,20,3553,13,240,0,0,33,3809,0,0,33,3809,California
Tulare,2021-01-03,23,3816,9,3562,14,254,0,0,23,3832,0,0,23,3832,California
Tulare,2021-01-04,93,3909,16,3578,77,331,0,0,93,3925,0,0,93,3925,California
Tulare,2021-01-05,468,4377,279,3857,189,520,0,0,466,4389,2,2,466,4391,California
Tulare,2021-01-06,867,5244,633,4490,234,754,0,0,857,5236,10,12,857,5248,California
Tulare,2021-01-07,786,6030,588,5078,198,952,0,0,679,5808,107,119,679,5927,California
Tulare,2021-01-08,1296,7326,573,5651,723,1675,0,0,959,6431,336,455,959,6886,California
Tulare,2021-01-09,802,8128,202,5853,600,2275,0,0,615,6859,187,642,615,7501,California
Tulare,2021-01-10,50,8178,43,5896,7,2282,0,0,12,6833,38,680,12,7513,California
Tulare,2021-01-11,1275,9453,771,6667,504,2786,0,0,838,7234,437,1117,838,8351,California
Tulare,2021-01-12,1455,10908,506,7173,949,3735,0,0,1044,7869,410,1527,1045,9396,California
Tulare,2021-01-13,427,11335,200,7373,227,3962,0,0,352,8146,75,1602,352,9748,California
Tulare,2021-01-14,495,11830,145,7518,350,4312,0,0,469,8600,15,1617,469,10217,California
Tulare,2021-01-15,1702,13532,161,7679,1541,5853,0,0,1692,10282,10,1627,1692,11909,California
Tulare,2021-01-16,1927,15459,121,7800,1806,7659,0,0,1913,12181,14,1641,1913,13822,California
Tulare,2021-01-17,142,15601,122,7922,20,7679,0,0,132,12303,10,1651,132,13954,California
Tulare,2021-01-18,694,16295,662,8584,32,7711,0,0,295,12199,399,2050,295,14249,California
Tulare,2021-01-19,1021,17316,692,9276,329,8040,0,0,594,12366,427,2477,594,14843,California
Tulare,2021-01-20,2440,19756,614,9890,1826,9866,0,0,2027,14006,387,2864,2027,16870,California
Tulare,2021-01-21,1584,21340,184,10074,1400,11266,0,0,1557,15541,22,2886,1557,18427,California
Tulare,2021-01-22,1075,22415,191,10265,884,12150,0,0,1047,16561,27,2913,1047,19474,California
Tulare,2021-01-23,442,22857,158,10423,284,12434,0,0,421,16961,21,2934,421,19895,California
Tulare,2021-01-24,30,22887,27,10450,3,12437,0,0,28,16987,2,2936,28,19923,California
Tulare,2021-01-25,1352,24239,984,11434,368,12805,0,0,1303,18241,49,2985,1303,21226,California
Tulare,2021-01-26,1514,25753,1100,12534,414,13219,0,0,1175,19078,338,3323,1175,22401,California
Tulare,2021-01-27,1501,27254,1073,13607,428,13647,0,0,921,19420,579,3902,921,23322,California
Tulare,2021-01-28,1217,28471,776,14383,441,14088,0,0,817,19837,400,4302,817,24139,California
Tulare,2021-01-29,1136,29607,724,15107,412,14500,0,0,825,20351,311,4613,825,24964,California
Tulare,2021-01-30,1685,31292,1590,16697,95,14595,0,0,1662,21991,23,4636,1663,26627,California
Tulare,2021-01-31,68,31360,63,16760,5,14600,0,0,65,22053,3,4639,65,26692,California
Tulare,2021-02-01,1196,32556,919,17679,277,14877,0,0,833,22524,362,5001,833,27525,California
Tulare,2021-02-02,703,33259,349,18028,354,15231,0,0,457,22738,244,5245,458,27983,California
Tulare,2021-02-03,574,33833,242,18270,332,15563,0,0,327,22838,227,5472,327,28310,California
Tulare,2021-02-04,571,34404,170,18440,401,15964,0,0,280,22829,290,5762,281,28591,California
Tulare,2021-02-05,1241,35645,237,18677,1004,16968,0,0,403,22396,836,6598,403,28994,California
Tulare,2021-02-06,842,36487,164,18841,678,17646,0,0,208,21972,632,7230,208,29202,California
Tulare,2021-02-07,83,36570,70,18911,13,17659,0,0,22,21933,61,7291,22,29224,California
Tulare,2021-02-08,948,37518,329,19240,619,18278,0,0,242,21471,704,7995,242,29466,California
Tulare,2021-02-09,1435,38953,337,19577,1098,19376,0,0,356,20754,1073,9068,356,29822,California
Tulare,2021-02-10,2478,41431,1990,21567,488,19864,0,0,2079,22435,398,9466,2079,31901,California
Tulare,2021-02-11,1337,42768,379,21946,958,20822,0,0,915,22928,422,9888,915,32816,California
Tulare,2021-02-12,2791,45559,575,22521,2216,23038,0,0,1191,22526,1593,11481,1191,34007,California
Tulare,2021-02-13,2484,48043,158,22679,2326,25364,0,0,652,21350,1828,13309,652,34659,California
Tulare,2021-02-14,335,48378,39,22718,296,25660,0,0,298,21611,37,13346,298,34957,California
Tulare,2021-02-15,921,49299,292,23010,629,26289,0,0,662,22015,258,13604,662,35619,California
Tulare,2021-02-16,2852,52151,1603,24613,1249,27538,0,0,1091,21346,1760,15364,1091,36710,California
Tulare,2021-02-17,2724,54875,518,25131,2206,29744,0,0,463,19554,2255,17619,463,37173,California
Tulare,2021-02-18,2337,57212,456,25587,1881,31625,0,0,640,18505,1689,19308,640,37813,California
Tulare,2021-02-19,2333,59545,880,26467,1453,33078,0,0,957,18088,1374,20682,957,38770,California
Tulare,2021-02-20,3002,62547,1896,28363,1106,34184,0,0,1267,17625,1730,22412,1267,40037,California
Tulare,2021-02-21,95,62642,92,28455,3,34187,0,0,48,17627,46,22458,48,40085,California
Tulare,2021-02-22,1112,63754,705,29160,407,34594,0,0,212,16940,899,23357,212,40297,California
Tulare,2021-02-23,1969,65723,952,30112,1017,35611,0,0,1472,17917,495,23852,1472,41769,California
Tulare,2021-02-24,2493,68216,1556,31668,937,36548,0,0,2119,19664,373,24225,2120,43889,California
Tulare,2021-02-25,3536,71752,1989,33657,1547,38095,0,0,3118,22368,414,24639,3118,47007,California
Tulare,2021-02-26,3878,75630,1901,35558,1977,40072,0,0,3409,25310,467,25106,3409,50416,California
Tulare,2021-02-27,3020,78650,1507,37065,1513,41585,0,0,2885,28072,123,25229,2885,53301,California
Tulare,2021-02-28,1313,79963,1041,38106,272,41857,0,0,1293,29348,17,25246,1293,54594,California
Tulare,2021-03-01,1798,81761,804,38910,994,42851,0,0,1601,30754,195,25441,1601,56195,California
Tulare,2021-03-02,2784,84545,1277,40187,1507,44358,0,0,2610,33193,172,25613,2611,58806,California
Tulare,2021-03-03,3990,88535,2635,42822,1354,45712,1,1,2035,33280,1952,27565,2039,60845,California
Tulare,2021-03-04,2986,91521,1348,44170,1638,47350,0,1,2642,35583,339,27904,2642,63487,California
Tulare,2021-03-05,3459,94980,1771,45941,1673,49023,15,16,2941,38027,515,28419,2959,66446,California
Tulare,2021-03-06,3103,98083,1448,47389,1595,50618,60,76,2849,40683,251,28670,2907,69353,California
Tulare,2021-03-07,1141,99224,704,48093,416,51034,21,97,1101,41766,39,28709,1122,70475,California
Tulare,2021-03-08,1728,100952,1011,49104,548,51582,169,266,1400,43011,323,29032,1568,72043,California
Tulare,2021-03-09,3286,104238,2256,51360,881,52463,149,415,2860,45594,425,29457,3008,75051,California
Tulare,2021-03-10,2985,107223,1412,52772,1399,53862,174,589,2582,47954,394,29851,2754,77805,California
Tulare,2021-03-11,4237,111460,2000,54772,1931,55793,306,895,3279,50582,958,30809,3586,81391,California
Tulare,2021-03-12,4441,115901,2435,57207,1652,57445,354,1249,3152,52807,1281,32090,3506,84897,California
Tulare,2021-03-13,4179,120080,1959,59166,2115,59560,105,1354,3223,55185,950,33040,3328,88225,California
Tulare,2021-03-14,1862,121942,988,60154,654,60214,220,1574,1337,56215,524,33564,1554,89779,California
Tulare,2021-03-15,2767,124709,1643,61797,1007,61221,117,1691,1989,57547,775,34339,2107,91886,California
Tulare,2021-03-16,3463,128172,2126,63923,1257,62478,80,1771,1895,57961,1564,35903,1978,93864,California
Tulare,2021-03-17,4075,132247,2651,66574,1349,63827,75,1846,2320,58614,1749,37652,2402,96266,California
Tulare,2021-03-18,4665,136912,3401,69975,1191,65018,73,1919,2466,58967,2191,39843,2544,98810,California
Tulare,2021-03-19,5128,142040,3370,73345,1561,66579,197,2116,2738,59533,2371,42214,2937,101747,California
Tulare,2021-03-20,4513,146553,2811,76156,1329,67908,373,2489,2073,59551,2432,44646,2450,104197,California
Tulare,2021-03-21,1999,148552,1710,77866,263,68171,26,2515,1055,59691,940,45586,1080,105277,California
Tulare,2021-03-22,2570,151122,1780,79646,679,68850,111,2626,1694,60627,870,46456,1806,107083,California
Tulare,2021-03-23,3761,154883,2160,81806,1550,70400,51,2677,2062,61056,1689,48145,2118,109201,California
Tulare,2021-03-24,3224,158107,2004,83810,1178,71578,42,2719,1811,61505,1405,49550,1854,111055,California
Tulare,2021-03-25,3496,161603,1822,85632,1504,73082,170,2889,1693,61575,1795,51345,1865,112920,California
Tulare,2021-03-26,5290,166893,3156,88788,2024,75106,110,2999,2560,61533,2712,54057,2670,115590,California
Tulare,2021-03-27,3554,170447,1823,90611,1632,76738,99,3098,996,60077,2550,56607,1094,116684,California
Tulare,2021-03-28,1475,171922,1070,91681,374,77112,31,3129,676,59997,797,57404,717,117401,California
Tulare,2021-03-29,2899,174821,1678,93359,1110,78222,111,3240,1233,59681,1662,59066,1346,118747,California
Tulare,2021-03-30,4864,179685,2803,96162,1828,80050,233,3473,1538,58129,3316,62382,1764,120511,California
Tulare,2021-03-31,3986,183671,2357,98519,1515,81565,114,3587,1577,57420,2401,64783,1692,122203,California
Tulare,2021-04-01,4542,188213,2462,100981,2014,83579,66,3653,1562,56079,2970,67753,1629,123832,California
Tulare,2021-04-02,5381,193594,3075,104056,2184,85763,122,3775,1593,54023,3772,71525,1716,125548,California
Tulare,2021-04-03,3646,197240,2109,106165,1163,86926,374,4149,842,52471,2766,74291,1214,126762,California
Tulare,2021-04-04,1637,198877,1149,107314,481,87407,7,4156,360,51565,1273,75564,367,127129,California
Tulare,2021-04-05,3373,202250,2352,109666,752,88159,269,4425,855,50185,2505,78069,1125,128254,California
Tulare,2021-04-06,3449,205699,1474,111140,1477,89636,498,4923,930,49104,2511,80580,1430,129684,California
Tulare,2021-04-07,3926,209625,1855,112995,1633,91269,438,5361,1191,48000,2724,83304,1620,131304,California
Tulare,2021-04-08,4820,214445,2636,115631,1718,92987,466,5827,1542,46739,3265,86569,2004,133308,California
Tulare,2021-04-09,4870,219315,3009,118640,1420,94407,441,6268,1838,45995,3023,89592,2279,135587,California
Tulare,2021-04-10,3874,223189,2092,120732,1459,95866,323,6591,949,44347,2916,92508,1268,136855,California
Tulare,2021-04-11,1594,224783,1055,121787,465,96331,74,6665,495,43819,1097,93605,569,137424,California
Tulare,2021-04-12,3419,228202,2131,123918,690,97021,598,7263,1070,43148,2340,95945,1669,139093,California
Tulare,2021-04-13,2419,230621,1593,125511,816,97837,10,7273,906,42564,1502,97447,918,140011,California
Tulare,2021-04-14,2881,233502,1696,127207,1185,99022,0,7273,924,41535,1953,99400,924,140935,California
Tulare,2021-04-15,3317,236819,2160,129367,1157,100179,0,7273,1487,41203,1819,101219,1487,142422,California
Tulare,2021-04-16,3668,240487,2219,131586,1449,101628,0,7273,1479,40505,2178,103397,1480,143902,California
Tulare,2021-04-17,2220,242707,1303,132889,917,102545,0,7273,1173,40636,1043,104440,1174,145076,California
Tulare,2021-04-18,1523,244230,1193,134082,330,102875,0,7273,817,40748,705,105145,817,145893,California
Tulare,2021-04-19,2134,246364,1224,135306,908,103783,2,7275,898,40416,1232,106377,900,146793,California
Tulare,2021-04-20,2340,248704,1317,136623,1023,104806,0,7275,993,40075,1334,107711,993,147786,California
Tulare,2021-04-21,2215,250919,1335,137958,880,105686,0,7275,812,39524,1364,109075,813,148599,California
Tulare,2021-04-22,2117,253036,1178,139136,939,106625,0,7275,728,38882,1370,110445,728,149327,California
Tulare,2021-04-23,2596,255632,1589,140725,1006,107631,1,7276,1021,38339,1564,112009,1021,150348,California
Tulare,2021-04-24,1648,257280,1056,141781,590,108221,2,7278,852,38402,791,112800,854,151202,California
Tulare,2021-04-25,700,257980,527,142308,173,108394,0,7278,268,38238,432,113232,268,151470,California
Tulare,2021-04-26,1526,259506,919,143227,588,108982,19,7297,639,38014,880,114112,656,152126,California
Tulare,2021-04-27,1670,261176,679,143906,952,109934,39,7336,714,37814,952,115064,752,152878,California
Tulare,2021-04-28,1714,262890,974,144880,698,110632,42,7378,674,37495,1035,116099,716,153594,California
Tulare,2021-04-29,2011,264901,1202,146082,769,111401,40,7418,779,37091,1221,117320,817,154411,California
Tulare,2021-04-30,2452,267353,1785,147867,617,112018,50,7468,906,36508,1538,118858,955,155366,California
Tulare,2021-05-01,1427,268780,1228,149095,187,112205,12,7480,728,36559,689,119547,740,156106,California
Tulare,2021-05-02,590,269370,501,149596,73,112278,16,7496,189,36366,398,119945,205,156311,California
Tulare,2021-05-03,1625,270995,1098,150694,402,112680,125,7621,350,35573,1268,121213,475,156786,California
Tulare,2021-05-04,1562,272557,835,151529,657,113337,70,7691,629,35344,925,122138,696,157482,California
Tulare,2021-05-05,1284,273841,621,152150,573,113910,90,7781,447,35055,826,122964,537,158019,California
Tulare,2021-05-06,1970,275811,1326,153476,595,114505,49,7830,592,34326,1370,124334,641,158660,California
Tulare,2021-05-07,1839,277650,1248,154724,523,115028,68,7898,526,33613,1306,125640,593,159253,California
Tulare,2021-05-08,1233,278883,807,155531,401,115429,25,7923,526,33464,700,126340,551,159804,California
Tulare,2021-05-09,594,279477,469,156000,104,115533,21,7944,117,33130,473,126813,139,159943,California
Tulare,2021-05-10,1025,280502,593,156593,366,115899,66,8010,310,32793,713,127526,376,160319,California
Tulare,2021-05-11,1254,281756,634,157227,538,116437,82,8092,521,32670,726,128252,603,160922,California
Tulare,2021-05-12,1579,283335,1016,158243,505,116942,58,8150,429,32021,1135,129387,486,161408,California
Tulare,2021-05-13,1556,284891,986,159229,531,117473,39,8189,696,31899,856,130243,734,162142,California
Tulare,2021-05-14,1930,286821,1242,160471,624,118097,64,8253,861,31766,1057,131300,924,163066,California
Tulare,2021-05-15,1570,288391,885,161356,639,118736,46,8299,672,31589,890,132190,713,163779,California
Tulare,2021-05-16,698,289089,558,161914,128,118864,12,8311,325,31554,372,132562,337,164116,California
Tulare,2021-05-17,1544,290633,958,162872,513,119377,73,8384,740,31570,797,133359,813,164929,California
Tulare,2021-05-18,1585,292218,857,163729,673,120050,55,8439,794,31631,786,134145,847,165776,California
Tulare,2021-05-19,1481,293699,957,164686,491,120541,33,8472,773,31735,702,134847,806,166582,California
Tulare,2021-05-20,1587,295286,1071,165757,429,120970,87,8559,766,31771,817,135664,853,167435,California
Tulare,2021-05-21,1951,297237,1429,167186,481,121451,41,8600,1071,32011,872,136536,1112,168547,California
Tulare,2021-05-22,1604,298841,1145,168331,436,121887,23,8623,605,31649,991,137527,629,169176,California
Tulare,2021-05-23,393,299234,312,168643,72,121959,9,8632,198,31663,193,137720,207,169383,California
Tulare,2021-05-24,905,300139,551,169194,294,122253,60,8692,404,31628,499,138219,464,169847,California
Tulare,2021-05-25,1188,301327,710,169904,446,122699,32,8724,509,31496,673,138892,541,170388,California
Tulare,2021-05-26,881,302208,487,170391,352,123051,42,8766,401,31463,475,139367,442,170830,California
Tulare,2021-05-27,1275,303483,808,171199,436,123487,31,8797,594,31412,678,140045,627,171457,California
Tulare,2021-05-28,1186,304669,660,171859,477,123964,49,8846,631,31542,549,140594,679,172136,California
Tulare,2021-05-29,870,305539,643,172502,208,124172,19,8865,500,31693,368,140962,519,172655,California
Tulare,2021-05-30,285,305824,206,172708,71,124243,8,8873,165,31748,118,141080,173,172828,California
Tulare,2021-05-31,131,305955,51,172759,69,124312,11,8884,55,31739,75,141155,66,172894,California
Tulare,2021-06-01,1051,307006,625,173384,395,124707,31,8915,405,31538,637,141792,436,173330,California
Tulare,2021-06-02,795,307801,468,173852,295,125002,32,8947,363,31511,420,142212,393,173723,California
Tulare,2021-06-03,1142,308943,810,174662,274,125276,58,9005,420,31286,702,142914,477,174200,California
Tulare,2021-06-04,1164,310107,833,175495,298,125574,33,9038,393,30945,767,143681,426,174626,California
Tulare,2021-06-05,875,310982,696,176191,164,125738,15,9053,298,30684,574,144255,313,174939,California
Tulare,2021-06-06,418,311400,354,176545,46,125784,18,9071,138,30561,279,144534,156,175095,California
Tulare,2021-06-07,881,312281,693,177238,151,125935,37,9108,287,30293,591,145125,323,175418,California
Tulare,2021-06-08,1047,313328,773,178011,213,126148,61,9169,352,30016,690,145815,413,175831,California
Tulare,2021-06-09,898,314226,621,178632,248,126396,29,9198,276,29701,618,146433,303,176134,California
Tulare,2021-06-10,956,315182,765,179397,156,126552,35,9233,320,29422,633,147066,354,176488,California
Tulare,2021-06-11,915,316097,624,180021,259,126811,32,9265,264,29075,643,147709,296,176784,California
Tulare,2021-06-12,778,316875,630,180651,138,126949,10,9275,273,28859,499,148208,283,177067,California
Tulare,2021-06-13,142,317017,102,180753,39,126988,1,9276,40,28799,101,148309,41,177108,California
Tuolumne,2020-12-16,47,47,47,47,0,0,0,0,47,47,0,0,47,47,California
Tuolumne,2020-12-17,18,65,18,65,0,0,0,0,18,65,0,0,18,65,California
Tuolumne,2020-12-18,101,166,100,165,1,1,0,0,101,166,0,0,101,166,California
Tuolumne,2020-12-19,4,170,4,169,0,1,0,0,4,170,0,0,4,170,California
Tuolumne,2020-12-20,2,172,2,171,0,1,0,0,2,172,0,0,2,172,California
Tuolumne,2020-12-21,115,287,101,272,14,15,0,0,115,287,0,0,115,287,California
Tuolumne,2020-12-22,171,458,171,443,0,15,0,0,171,458,0,0,171,458,California
Tuolumne,2020-12-23,184,642,182,625,2,17,0,0,184,642,0,0,184,642,California
Tuolumne,2020-12-26,2,644,2,627,0,17,0,0,2,644,0,0,2,644,California
Tuolumne,2020-12-28,77,721,75,702,2,19,0,0,77,721,0,0,77,721,California
Tuolumne,2020-12-29,102,823,39,741,63,82,0,0,102,823,0,0,102,823,California
Tuolumne,2020-12-30,80,903,22,763,58,140,0,0,80,903,0,0,80,903,California
Tuolumne,2020-12-31,27,930,20,783,7,147,0,0,27,930,0,0,27,930,California
Tuolumne,2021-01-01,6,936,5,788,1,148,0,0,6,936,0,0,6,936,California
Tuolumne,2021-01-02,118,1054,116,904,2,150,0,0,118,1054,0,0,118,1054,California
Tuolumne,2021-01-03,2,1056,2,906,0,150,0,0,2,1056,0,0,2,1056,California
Tuolumne,2021-01-04,69,1125,26,932,43,193,0,0,69,1125,0,0,69,1125,California
Tuolumne,2021-01-05,93,1218,27,959,66,259,0,0,90,1213,3,3,91,1216,California
Tuolumne,2021-01-06,132,1350,71,1030,61,320,0,0,68,1217,64,67,68,1284,California
Tuolumne,2021-01-07,119,1469,63,1093,56,376,0,0,64,1226,55,122,64,1348,California
Tuolumne,2021-01-08,104,1573,81,1174,23,399,0,0,26,1176,77,199,27,1375,California
Tuolumne,2021-01-09,2,1575,0,1174,2,401,0,0,2,1178,0,199,2,1377,California
Tuolumne,2021-01-10,3,1578,1,1175,2,403,0,0,3,1181,0,199,3,1380,California
Tuolumne,2021-01-11,114,1692,88,1263,26,429,0,0,34,1135,80,279,34,1414,California
Tuolumne,2021-01-12,102,1794,86,1349,16,445,0,0,18,1069,84,363,18,1432,California
Tuolumne,2021-01-13,231,2025,125,1474,106,551,0,0,182,1203,49,412,183,1615,California
Tuolumne,2021-01-14,148,2173,108,1582,40,591,0,0,43,1142,104,516,43,1658,California
Tuolumne,2021-01-15,476,2649,74,1656,402,993,0,0,414,1496,61,577,415,2073,California
Tuolumne,2021-01-16,7,2656,3,1659,4,997,0,0,6,1501,1,578,6,2079,California
Tuolumne,2021-01-17,7,2663,4,1663,3,1000,0,0,7,1508,0,578,7,2086,California
Tuolumne,2021-01-18,46,2709,38,1701,8,1008,0,0,9,1481,36,614,9,2095,California
Tuolumne,2021-01-19,479,3188,74,1775,405,1413,0,0,433,1868,46,660,433,2528,California
Tuolumne,2021-01-20,76,3264,58,1833,18,1431,0,0,24,1841,51,711,24,2552,California
Tuolumne,2021-01-21,56,3320,23,1856,33,1464,0,0,40,1865,16,727,40,2592,California
Tuolumne,2021-01-22,169,3489,16,1872,153,1617,0,0,162,2020,7,734,162,2754,California
Tuolumne,2021-01-23,653,4142,134,2006,519,2136,0,0,546,2472,107,841,559,3313,California
Tuolumne,2021-01-24,523,4665,2,2008,521,2657,0,0,520,2991,3,844,522,3835,California
Tuolumne,2021-01-25,50,4715,28,2036,22,2679,0,0,24,2990,26,870,25,3860,California
Tuolumne,2021-01-26,80,4795,68,2104,12,2691,0,0,40,2991,40,910,41,3901,California
Tuolumne,2021-01-27,61,4856,4,2108,57,2748,0,0,8,2947,52,962,8,3909,California
Tuolumne,2021-01-28,27,4883,7,2115,20,2768,0,0,18,2956,9,971,18,3927,California
Tuolumne,2021-01-29,70,4953,5,2120,65,2833,0,0,32,2950,38,1009,32,3959,California
Tuolumne,2021-01-30,711,5664,553,2673,158,2991,0,0,689,3634,22,1031,706,4665,California
Tuolumne,2021-01-31,7,5671,2,2675,5,2996,0,0,4,3635,3,1034,4,4669,California
Tuolumne,2021-02-01,27,5698,7,2682,20,3016,0,0,24,3656,3,1037,24,4693,California
Tuolumne,2021-02-02,649,6347,42,2724,607,3623,0,0,637,4283,10,1047,637,5330,California
Tuolumne,2021-02-03,241,6588,112,2836,129,3752,0,0,87,4216,154,1201,87,5417,California
Tuolumne,2021-02-04,123,6711,13,2849,110,3862,0,0,61,4215,62,1263,61,5478,California
Tuolumne,2021-02-05,102,6813,15,2864,87,3949,0,0,36,4186,65,1328,36,5514,California
Tuolumne,2021-02-06,858,7671,582,3446,276,4225,0,0,849,5032,9,1337,855,6369,California
Tuolumne,2021-02-07,8,7679,4,3450,4,4229,0,0,4,5032,4,1341,4,6373,California
Tuolumne,2021-02-08,92,7771,41,3491,51,4280,0,0,68,5076,24,1365,68,6441,California
Tuolumne,2021-02-09,865,8636,52,3543,813,5093,0,0,822,5855,43,1408,822,7263,California
Tuolumne,2021-02-10,92,8728,17,3560,75,5168,0,0,31,5826,60,1468,31,7294,California
Tuolumne,2021-02-11,143,8871,68,3628,75,5243,0,0,78,5839,65,1533,78,7372,California
Tuolumne,2021-02-12,650,9521,20,3648,630,5873,0,0,208,5606,441,1974,208,7580,California
Tuolumne,2021-02-13,151,9672,41,3689,110,5983,0,0,121,5698,29,2003,121,7701,California
Tuolumne,2021-02-14,152,9824,14,3703,138,6121,0,0,150,5846,2,2005,150,7851,California
Tuolumne,2021-02-15,188,10012,10,3713,178,6299,0,0,179,6016,9,2014,179,8030,California
Tuolumne,2021-02-16,531,10543,18,3731,513,6812,0,0,122,5735,405,2419,124,8154,California
Tuolumne,2021-02-17,111,10654,63,3794,48,6860,0,0,61,5747,49,2468,61,8215,California
Tuolumne,2021-02-18,681,11335,26,3820,655,7515,0,0,630,6327,51,2519,631,8846,California
Tuolumne,2021-02-19,142,11477,22,3842,120,7635,0,0,42,6269,100,2619,42,8888,California
Tuolumne,2021-02-20,905,12382,341,4183,564,8199,0,0,384,6149,506,3125,386,9274,California
Tuolumne,2021-02-21,978,13360,39,4222,939,9138,0,0,469,6116,506,3631,473,9747,California
Tuolumne,2021-02-22,80,13440,57,4279,23,9161,0,0,46,6129,33,3664,46,9793,California
Tuolumne,2021-02-23,48,13488,24,4303,24,9185,0,0,26,6134,21,3685,26,9819,California
Tuolumne,2021-02-24,104,13592,58,4361,46,9231,0,0,42,6115,61,3746,42,9861,California
Tuolumne,2021-02-25,1051,14643,35,4396,1016,10247,0,0,1020,7104,31,3777,1020,10881,California
Tuolumne,2021-02-26,151,14794,11,4407,140,10387,0,0,125,7204,26,3803,126,11007,California
Tuolumne,2021-02-27,955,15749,579,4986,376,10763,0,0,250,6770,687,4490,253,11260,California
Tuolumne,2021-02-28,56,15805,4,4990,52,10815,0,0,52,6819,3,4493,52,11312,California
Tuolumne,2021-03-01,115,15920,22,5012,92,10907,1,1,77,6861,37,4530,79,11391,California
Tuolumne,2021-03-02,708,16628,75,5087,633,11540,0,1,107,6367,601,5131,107,11498,California
Tuolumne,2021-03-03,95,16723,21,5108,74,11614,0,1,67,6407,27,5158,67,11565,California
Tuolumne,2021-03-04,1173,17896,75,5183,1098,12712,0,1,1108,7450,65,5223,1108,12673,California
Tuolumne,2021-03-05,90,17986,10,5193,80,12792,0,1,52,7466,37,5260,53,12726,California
Tuolumne,2021-03-06,1059,19045,606,5799,451,13243,2,3,204,6826,849,6109,209,12935,California
Tuolumne,2021-03-07,40,19085,12,5811,14,13257,14,17,18,6836,22,6131,32,12967,California
Tuolumne,2021-03-08,197,19282,90,5901,100,13357,7,24,139,6924,58,6189,146,13113,California
Tuolumne,2021-03-09,860,20142,16,5917,833,14190,11,35,68,6218,786,6975,80,13193,California
Tuolumne,2021-03-10,79,20221,12,5929,56,14246,11,46,54,6258,25,7000,65,13258,California
Tuolumne,2021-03-11,1282,21503,37,5966,1240,15486,5,51,1255,7493,27,7027,1262,14520,California
Tuolumne,2021-03-12,298,21801,34,6000,249,15735,15,66,189,7592,108,7135,207,14727,California
Tuolumne,2021-03-13,114,21915,13,6013,101,15836,0,66,84,7648,29,7164,85,14812,California
Tuolumne,2021-03-14,148,22063,10,6023,129,15965,9,75,7,7528,141,7305,21,14833,California
Tuolumne,2021-03-15,302,22365,82,6105,217,16182,3,78,104,7446,197,7502,115,14948,California
Tuolumne,2021-03-16,806,23171,41,6146,754,16936,11,89,668,7988,137,7639,679,15627,California
Tuolumne,2021-03-17,153,23324,33,6179,107,17043,13,102,79,8007,73,7712,92,15719,California
Tuolumne,2021-03-18,948,24272,27,6206,908,17951,13,115,317,7710,627,8339,330,16049,California
Tuolumne,2021-03-19,135,24407,18,6224,87,18038,30,145,73,7752,61,8400,103,16152,California
Tuolumne,2021-03-20,95,24502,8,6232,77,18115,10,155,41,7749,53,8453,50,16202,California
Tuolumne,2021-03-21,833,25335,389,6621,434,18549,10,165,41,7019,782,9235,52,16254,California
Tuolumne,2021-03-22,164,25499,73,6694,72,18621,19,184,97,7069,66,9301,116,16370,California
Tuolumne,2021-03-23,713,26212,638,7332,61,18682,14,198,674,7717,39,9340,687,17057,California
Tuolumne,2021-03-24,110,26322,20,7352,72,18754,18,216,76,7778,33,9373,94,17151,California
Tuolumne,2021-03-25,1300,27622,24,7376,1273,20027,3,219,327,7136,972,10345,330,17481,California
Tuolumne,2021-03-26,275,27897,16,7392,236,20263,23,242,115,7126,149,10494,139,17620,California
Tuolumne,2021-03-27,581,28478,54,7446,527,20790,0,242,316,7181,263,10757,318,17938,California
Tuolumne,2021-03-28,46,28524,5,7451,41,20831,0,242,7,7151,38,10795,8,17946,California
Tuolumne,2021-03-29,206,28730,83,7534,123,20954,0,242,109,7166,94,10889,109,18055,California
Tuolumne,2021-03-30,162,28892,9,7543,152,21106,1,243,118,7242,43,10932,119,18174,California
Tuolumne,2021-03-31,94,28986,13,7556,79,21185,2,245,37,7226,55,10987,39,18213,California
Tuolumne,2021-04-01,1250,30236,29,7585,1221,22406,0,245,227,6433,1020,12007,227,18440,California
Tuolumne,2021-04-02,164,30400,9,7594,129,22535,26,271,90,6477,72,12079,116,18556,California
Tuolumne,2021-04-03,427,30827,35,7629,391,22926,1,272,239,6530,186,12265,239,18795,California
Tuolumne,2021-04-04,33,30860,3,7632,30,22956,0,272,20,6539,11,12276,20,18815,California
Tuolumne,2021-04-05,133,30993,19,7651,107,23063,7,279,59,6532,73,12349,66,18881,California
Tuolumne,2021-04-06,651,31644,516,8167,108,23171,27,306,516,6942,134,12483,544,19425,California
Tuolumne,2021-04-07,128,31772,37,8204,75,23246,16,322,50,6930,78,12561,66,19491,California
Tuolumne,2021-04-08,1447,33219,33,8237,1399,24645,15,337,248,5999,1194,13755,263,19754,California
Tuolumne,2021-04-09,274,33493,42,8279,189,24834,43,380,132,6036,142,13897,179,19933,California
Tuolumne,2021-04-10,55,33548,2,8281,33,24867,20,400,22,6046,32,13929,42,19975,California
Tuolumne,2021-04-11,18,33566,3,8284,12,24879,3,403,12,6055,6,13935,15,19990,California
Tuolumne,2021-04-12,173,33739,66,8350,102,24981,5,408,90,6072,78,14013,95,20085,California
Tuolumne,2021-04-13,788,34527,35,8385,753,25734,0,408,171,5635,608,14621,171,20256,California
Tuolumne,2021-04-14,157,34684,30,8415,127,25861,0,408,79,5641,74,14695,80,20336,California
Tuolumne,2021-04-15,345,35029,21,8436,324,26185,0,408,60,5423,278,14973,60,20396,California
Tuolumne,2021-04-16,253,35282,50,8486,203,26388,0,408,141,5461,104,15077,142,20538,California
Tuolumne,2021-04-17,44,35326,5,8491,39,26427,0,408,27,5471,17,15094,27,20565,California
Tuolumne,2021-04-18,9,35335,2,8493,7,26434,0,408,5,5473,4,15098,6,20571,California
Tuolumne,2021-04-19,176,35511,78,8571,98,26532,0,408,99,5497,75,15173,99,20670,California
Tuolumne,2021-04-20,710,36221,615,9186,95,26627,0,408,75,4945,627,15800,75,20745,California
Tuolumne,2021-04-21,118,36339,25,9211,93,26720,0,408,62,4956,51,15851,62,20807,California
Tuolumne,2021-04-22,710,37049,45,9256,665,27385,0,408,430,5116,271,16122,431,21238,California
Tuolumne,2021-04-23,172,37221,29,9285,143,27528,0,408,81,5109,89,16211,82,21320,California
Tuolumne,2021-04-24,78,37299,17,9302,61,27589,0,408,49,5129,29,16240,49,21369,California
Tuolumne,2021-04-25,25,37324,9,9311,16,27605,0,408,22,5148,3,16243,22,21391,California
Tuolumne,2021-04-26,157,37481,56,9367,101,27706,0,408,73,5139,83,16326,74,21465,California
Tuolumne,2021-04-27,139,37620,22,9389,110,27816,7,415,64,5138,72,16398,71,21536,California
Tuolumne,2021-04-28,111,37731,21,9410,79,27895,11,426,59,5157,51,16449,70,21606,California
Tuolumne,2021-04-29,277,38008,16,9426,253,28148,8,434,54,4999,220,16669,62,21668,California
Tuolumne,2021-04-30,366,38374,23,9449,331,28479,12,446,71,4791,291,16960,83,21751,California
Tuolumne,2021-05-01,25,38399,7,9456,13,28492,5,451,16,4803,9,16969,21,21772,California
Tuolumne,2021-05-02,26,38425,3,9459,21,28513,2,453,19,4817,7,16976,21,21793,California
Tuolumne,2021-05-03,111,38536,14,9473,92,28605,5,458,36,4785,73,17049,41,21834,California
Tuolumne,2021-05-04,707,39243,600,10073,103,28708,4,462,215,4512,491,17540,218,22052,California
Tuolumne,2021-05-05,108,39351,25,10098,77,28785,6,468,56,4525,49,17589,62,22114,California
Tuolumne,2021-05-06,287,39638,12,10110,259,29044,16,484,41,4339,242,17831,56,22170,California
Tuolumne,2021-05-07,329,39967,26,10136,295,29339,8,492,71,4161,257,18088,79,22249,California
Tuolumne,2021-05-08,46,40013,6,10142,36,29375,4,496,31,4181,15,18103,35,22284,California
Tuolumne,2021-05-09,17,40030,2,10144,13,29388,2,498,3,4172,14,18117,5,22289,California
Tuolumne,2021-05-10,113,40143,44,10188,63,29451,6,504,32,4130,80,18197,38,22327,California
Tuolumne,2021-05-11,202,40345,62,10250,128,29579,12,516,55,4051,146,18343,67,22394,California
Tuolumne,2021-05-12,130,40475,20,10270,106,29685,4,520,49,4023,81,18424,53,22447,California
Tuolumne,2021-05-13,116,40591,18,10288,90,29775,8,528,72,4058,44,18468,79,22526,California
Tuolumne,2021-05-14,206,40797,76,10364,120,29895,10,538,107,4078,97,18565,117,22643,California
Tuolumne,2021-05-15,57,40854,14,10378,36,29931,7,545,19,4067,38,18603,27,22670,California
Tuolumne,2021-05-16,26,40880,8,10386,16,29947,2,547,13,4069,13,18616,15,22685,California
Tuolumne,2021-05-17,110,40990,29,10415,78,30025,3,550,47,4057,63,18679,51,22736,California
Tuolumne,2021-05-18,177,41167,53,10468,77,30102,47,597,59,4046,117,18796,106,22842,California
Tuolumne,2021-05-19,119,41286,20,10488,66,30168,33,630,47,4055,71,18867,80,22922,California
Tuolumne,2021-05-20,405,41691,18,10506,382,30550,5,635,52,3761,351,19218,57,22979,California
Tuolumne,2021-05-21,197,41888,91,10597,101,30651,5,640,119,3808,77,19295,124,23103,California
Tuolumne,2021-05-22,56,41944,18,10615,33,30684,5,645,24,3805,31,19326,28,23131,California
Tuolumne,2021-05-23,27,41971,7,10622,19,30703,1,646,10,3799,17,19343,11,23142,California
Tuolumne,2021-05-24,134,42105,41,10663,87,30790,6,652,51,3774,82,19425,57,23199,California
Tuolumne,2021-05-25,293,42398,219,10882,68,30858,6,658,110,3708,182,19607,116,23315,California
Tuolumne,2021-05-26,87,42485,23,10905,62,30920,2,660,37,3697,50,19657,39,23354,California
Tuolumne,2021-05-27,73,42558,13,10918,57,30977,3,663,29,3686,43,19700,32,23386,California
Tuolumne,2021-05-28,111,42669,53,10971,57,31034,1,664,65,3708,44,19744,66,23452,California
Tuolumne,2021-05-29,38,42707,7,10978,25,31059,6,670,17,3710,21,19765,23,23475,California
Tuolumne,2021-05-30,18,42725,1,10979,14,31073,3,673,4,3703,14,19779,7,23482,California
Tuolumne,2021-05-31,10,42735,2,10981,7,31080,1,674,2,3698,8,19787,3,23485,California
Tuolumne,2021-06-01,76,42811,20,11001,52,31132,4,678,22,3671,53,19840,26,23511,California
Tuolumne,2021-06-02,73,42884,7,11008,58,31190,8,686,23,3653,49,19889,31,23542,California
Tuolumne,2021-06-03,75,42959,25,11033,35,31225,15,701,23,3640,51,19940,38,23580,California
Tuolumne,2021-06-04,132,43091,62,11095,67,31292,3,704,38,3589,92,20032,41,23621,California
Tuolumne,2021-06-05,40,43131,10,11105,28,31320,2,706,16,3584,23,20055,18,23639,California
Tuolumne,2021-06-06,19,43150,5,11110,7,31327,7,713,5,3582,14,20069,12,23651,California
Tuolumne,2021-06-07,59,43209,14,11124,37,31364,8,721,26,3583,33,20102,34,23685,California
Tuolumne,2021-06-08,65,43274,14,11138,50,31414,1,722,22,3565,41,20143,23,23708,California
Tuolumne,2021-06-09,73,43347,41,11179,26,31440,6,728,37,3573,35,20178,43,23751,California
Tuolumne,2021-06-10,74,43421,7,11186,60,31500,7,735,16,3538,58,20236,23,23774,California
Tuolumne,2021-06-11,78,43499,38,11224,37,31537,3,738,15,3494,62,20298,18,23792,California
Tuolumne,2021-06-12,35,43534,12,11236,7,31544,16,754,8,3492,26,20324,24,23816,California
Ventura,2020-12-15,5,5,5,5,0,0,0,0,5,5,0,0,5,5,California
Ventura,2020-12-16,74,79,74,79,0,0,0,0,74,79,0,0,74,79,California
Ventura,2020-12-17,250,329,250,329,0,0,0,0,250,329,0,0,250,329,California
Ventura,2020-12-18,1412,1741,1412,1741,0,0,0,0,1412,1741,0,0,1412,1741,California
Ventura,2020-12-19,913,2654,913,2654,0,0,0,0,913,2654,0,0,913,2654,California
Ventura,2020-12-20,429,3083,429,3083,0,0,0,0,429,3083,0,0,429,3083,California
Ventura,2020-12-21,1464,4547,1464,4547,0,0,0,0,1464,4547,0,0,1464,4547,California
Ventura,2020-12-22,1104,5651,1100,5647,4,4,0,0,1104,5651,0,0,1104,5651,California
Ventura,2020-12-23,1032,6683,982,6629,50,54,0,0,1032,6683,0,0,1032,6683,California
Ventura,2020-12-24,474,7157,377,7006,97,151,0,0,474,7157,0,0,474,7157,California
Ventura,2020-12-25,12,7169,7,7013,5,156,0,0,12,7169,0,0,12,7169,California
Ventura,2020-12-26,116,7285,95,7108,21,177,0,0,116,7285,0,0,116,7285,California
Ventura,2020-12-27,60,7345,29,7137,31,208,0,0,60,7345,0,0,60,7345,California
Ventura,2020-12-28,1070,8415,929,8066,141,349,0,0,1070,8415,0,0,1070,8415,California
Ventura,2020-12-29,1179,9594,771,8837,408,757,0,0,1179,9594,0,0,1179,9594,California
Ventura,2020-12-30,1990,11584,1527,10364,463,1220,0,0,1990,11584,0,0,1990,11584,California
Ventura,2020-12-31,479,12063,162,10526,317,1537,0,0,474,12053,5,5,474,12058,California
Ventura,2021-01-01,34,12097,13,10539,21,1558,0,0,34,12087,0,5,34,12092,California
Ventura,2021-01-02,172,12269,77,10616,95,1653,0,0,172,12259,0,5,172,12264,California
Ventura,2021-01-03,18,12287,8,10624,10,1663,0,0,18,12277,0,5,18,12282,California
Ventura,2021-01-04,1099,13386,556,11180,543,2206,0,0,1098,13375,0,5,1098,13380,California
Ventura,2021-01-05,1379,14765,782,11962,597,2803,0,0,1334,14664,45,50,1334,14714,California
Ventura,2021-01-06,2046,16811,1167,13129,879,3682,0,0,1620,15869,417,467,1622,16336,California
Ventura,2021-01-07,2063,18874,1319,14448,744,4426,0,0,1179,16168,881,1348,1180,17516,California
Ventura,2021-01-08,2196,21070,1474,15922,722,5148,0,0,906,15787,1288,2636,907,18423,California
Ventura,2021-01-09,718,21788,497,16419,221,5369,0,0,316,15701,402,3038,316,18739,California
Ventura,2021-01-10,341,22129,324,16743,17,5386,0,0,127,15614,214,3252,127,18866,California
Ventura,2021-01-11,2445,24574,1492,18235,953,6339,0,0,1489,16151,956,4208,1493,20359,California
Ventura,2021-01-12,3040,27614,1609,19844,1431,7770,0,0,2011,17133,1029,5237,2011,22370,California
Ventura,2021-01-13,2930,30544,1434,21278,1496,9266,0,0,2040,18287,887,6124,2041,24411,California
Ventura,2021-01-14,2728,33272,1053,22331,1675,10941,0,0,2284,20129,443,6567,2285,26696,California
Ventura,2021-01-15,2885,36157,965,23296,1920,12861,0,0,2670,22585,215,6782,2671,29367,California
Ventura,2021-01-16,479,36636,187,23483,292,13153,0,0,400,22906,79,6861,400,29767,California
Ventura,2021-01-17,263,36899,144,23627,119,13272,0,0,254,23152,8,6869,254,30021,California
Ventura,2021-01-18,2214,39113,1671,25298,543,13815,0,0,1667,24274,546,7415,1668,31689,California
Ventura,2021-01-19,3046,42159,2128,27426,918,14733,0,0,2148,25527,898,8313,2151,33840,California
Ventura,2021-01-20,4093,46252,3150,30576,943,15676,0,0,3034,27506,1056,9369,3035,36875,California
Ventura,2021-01-21,3853,50105,2695,33271,1158,16834,0,0,3175,30013,670,10039,3177,40052,California
Ventura,2021-01-22,3584,53689,2476,35747,1108,17942,0,0,3419,33268,165,10204,3420,43472,California
Ventura,2021-01-23,1146,54835,630,36377,516,18458,0,0,1049,34223,96,10300,1051,44523,California
Ventura,2021-01-24,451,55286,135,36512,316,18774,0,0,438,34648,13,10313,438,44961,California
Ventura,2021-01-25,3118,58404,2010,38522,1108,19882,0,0,2564,36660,553,10866,2565,47526,California
Ventura,2021-01-26,3687,62091,2208,40730,1479,21361,0,0,2681,38339,1003,11869,2682,50208,California
Ventura,2021-01-27,3443,65534,1550,42280,1893,23254,0,0,2693,40287,747,12616,2695,52903,California
Ventura,2021-01-28,3833,69367,1984,44264,1849,25103,0,0,3212,42895,606,13222,3214,56117,California
Ventura,2021-01-29,4256,73623,2523,46787,1733,26836,0,0,3757,46166,487,13709,3758,59875,California
Ventura,2021-01-30,3034,76657,1971,48758,1063,27899,0,0,2864,48865,166,13875,2865,62740,California
Ventura,2021-01-31,809,77466,426,49184,383,28282,0,0,722,49501,86,13961,722,63462,California
Ventura,2021-02-01,3957,81423,2114,51298,1843,30125,0,0,3175,51903,775,14736,3177,66639,California
Ventura,2021-02-02,4381,85804,2346,53644,2035,32160,0,0,3353,54234,1024,15760,3355,69994,California
Ventura,2021-02-03,4421,90225,2079,55723,2342,34502,0,0,3412,56643,1004,16764,3413,73407,California
Ventura,2021-02-04,4783,95008,2289,58012,2494,36996,0,0,3505,58882,1270,18034,3509,76916,California
Ventura,2021-02-05,4833,99841,2326,60338,2507,39503,0,0,3336,60736,1484,19518,3338,80254,California
Ventura,2021-02-06,2806,102647,1501,61839,1305,40808,0,0,2408,62747,397,19915,2408,82662,California
Ventura,2021-02-07,712,103359,238,62077,474,41282,0,0,583,63202,129,20044,584,83246,California
Ventura,2021-02-08,3531,106890,1642,63719,1889,43171,0,0,2437,64551,1089,21133,2438,85684,California
Ventura,2021-02-09,4698,111588,1963,65682,2735,45906,0,0,2449,64757,2246,23379,2452,88136,California
Ventura,2021-02-10,4682,116270,2220,67902,2462,48368,0,0,2374,64836,2296,25675,2375,90511,California
Ventura,2021-02-11,4645,120915,1862,69764,2783,51151,0,0,2428,65058,2209,27884,2431,92942,California
Ventura,2021-02-12,6282,127197,2647,72411,3635,54786,0,0,3218,65219,3057,30941,3218,96160,California
Ventura,2021-02-13,3264,130461,1813,74224,1451,56237,0,0,1826,65613,1434,32375,1828,97988,California
Ventura,2021-02-14,1205,131666,122,74346,1083,57320,0,0,995,66399,210,32585,996,98984,California
Ventura,2021-02-15,3967,135633,1785,76131,2182,59502,0,0,2104,66643,1860,34445,2104,101088,California
Ventura,2021-02-16,5524,141157,2693,78824,2831,62333,0,0,2996,67121,2518,36963,2996,104084,California
Ventura,2021-02-17,5270,146427,1903,80727,3367,65700,0,0,3326,68512,1935,38898,3326,107410,California
Ventura,2021-02-18,5753,152180,1814,82541,3939,69639,0,0,3637,70046,2103,41001,3637,111047,California
Ventura,2021-02-19,6455,158635,3756,86297,2699,72338,0,0,3003,69606,3446,44447,3006,114053,California
Ventura,2021-02-20,4922,163557,3167,89464,1755,74093,0,0,2753,70203,2160,46607,2757,116810,California
Ventura,2021-02-21,1075,164632,790,90254,285,74378,0,0,443,70019,627,47234,443,117253,California
Ventura,2021-02-22,5398,170030,2410,92664,2988,77366,0,0,3461,71553,1928,49162,3462,120715,California
Ventura,2021-02-23,5920,175950,2942,95606,2978,80344,0,0,3412,72477,2490,51652,3414,124129,California
Ventura,2021-02-24,7048,182998,2610,98216,4438,84782,0,0,4254,73956,2777,54429,4256,128385,California
Ventura,2021-02-25,7538,190536,2559,100775,4979,89761,0,0,4575,75583,2950,57379,4577,132962,California
Ventura,2021-02-26,9422,199958,2765,103540,6657,96418,0,0,6176,78542,3221,60600,6180,139142,California
Ventura,2021-02-27,10555,210513,5267,108807,5288,101706,0,0,7945,83904,2593,63193,7955,147097,California
Ventura,2021-02-28,2523,213036,1615,110422,907,102613,1,1,2064,85518,450,63643,2064,149161,California
Ventura,2021-03-01,7118,220154,2832,113254,4284,106897,2,3,4726,87883,2376,66019,4741,153902,California
Ventura,2021-03-02,7691,227845,4031,117285,3658,110555,2,5,5392,90987,2288,68307,5392,159294,California
Ventura,2021-03-03,8635,236480,3900,121185,4732,115287,3,8,6097,94571,2520,70827,6104,165398,California
Ventura,2021-03-04,8234,244714,3873,125058,4361,119648,0,8,5545,97446,2672,73499,5547,170945,California
Ventura,2021-03-05,10075,254789,4817,129875,5248,124896,10,18,7189,101783,2870,76369,7207,178152,California
Ventura,2021-03-06,7734,262523,4392,134267,3189,128085,153,171,5783,105778,1943,78312,5938,184090,California
Ventura,2021-03-07,1646,264169,609,134876,937,129022,100,271,1236,106704,410,78722,1336,185426,California
Ventura,2021-03-08,6833,271002,3439,138315,3240,132262,154,425,4726,109487,2100,80822,4883,190309,California
Ventura,2021-03-09,6828,277830,3014,141329,3620,135882,194,619,3966,110802,2849,83671,4164,194473,California
Ventura,2021-03-10,6998,284828,3014,144343,3744,139626,240,859,4681,113420,2302,85973,4920,199393,California
Ventura,2021-03-11,6507,291335,2886,147229,3309,142935,312,1171,3550,114339,2941,88914,3860,203253,California
Ventura,2021-03-12,8666,300001,3039,150268,4783,147718,844,2015,4244,115020,4405,93319,5086,208339,California
Ventura,2021-03-13,7227,307228,2499,152767,3890,151608,838,2853,4302,117243,2916,96235,5139,213478,California
Ventura,2021-03-14,2105,309333,465,153232,1140,152748,500,3353,705,117051,1398,97633,1206,214684,California
Ventura,2021-03-15,7055,316388,2036,155268,3669,156417,1350,4703,3120,117604,3912,101545,4465,219149,California
Ventura,2021-03-16,8102,324490,2450,157718,4538,160955,1114,5817,4171,118969,3918,105463,5283,224432,California
Ventura,2021-03-17,7691,332181,2770,160488,4576,165531,345,6162,4686,121018,2983,108446,5032,229464,California
Ventura,2021-03-18,7375,339556,3263,163751,3964,169495,148,6310,4810,123423,2552,110998,4957,234421,California
Ventura,2021-03-19,8627,348183,3784,167535,4732,174227,111,6421,5230,125390,3372,114370,5339,239760,California
Ventura,2021-03-20,8685,356868,5739,173274,2923,177150,23,6444,4425,125602,4237,118607,4449,244209,California
Ventura,2021-03-21,2781,359649,1516,174790,893,178043,372,6816,1310,125823,1457,120064,1678,245887,California
Ventura,2021-03-22,7395,367044,3677,178467,3615,181658,103,6919,4884,128320,2492,122556,4989,250876,California
Ventura,2021-03-23,8212,375256,3908,182375,4232,185890,72,6991,4603,129413,3580,126136,4673,255549,California
Ventura,2021-03-24,8925,384181,3406,185781,5443,191333,76,7067,4472,129541,4422,130558,4550,260099,California
Ventura,2021-03-25,8814,392995,3903,189684,4810,196143,101,7168,4460,129767,4335,134893,4561,264660,California
Ventura,2021-03-26,9927,402922,3364,193048,5907,202050,656,7824,3977,128478,5920,140813,4631,269291,California
Ventura,2021-03-27,8475,411397,3923,196971,4514,206564,38,7862,2400,124872,6045,146858,2439,271730,California
Ventura,2021-03-28,2506,413903,1407,198378,1091,207655,8,7870,1355,125090,1145,148003,1363,273093,California
Ventura,2021-03-29,8577,422480,4320,202698,4211,211866,46,7916,4258,125104,4290,152293,4304,277397,California
Ventura,2021-03-30,8976,431456,4457,207155,4391,216257,128,8044,4372,125014,4589,156882,4499,281896,California
Ventura,2021-03-31,10775,442231,4862,212017,5287,221544,626,8670,4665,124219,6084,162966,5289,287185,California
Ventura,2021-04-01,10844,453075,5279,217296,4687,226231,878,9548,5491,125271,5311,168277,6363,293548,California
Ventura,2021-04-02,11773,464848,4631,221927,5804,232035,1338,10886,5625,126122,6114,174391,6965,300513,California
Ventura,2021-04-03,8090,472938,4017,225944,2899,234934,1174,12060,3419,126048,4659,179050,4585,305098,California
Ventura,2021-04-04,1705,474643,953,226897,617,235551,135,12195,1145,126774,554,179604,1280,306378,California
Ventura,2021-04-05,9381,484024,4847,231744,3420,238971,1114,13309,4776,128069,4593,184197,5888,312266,California
Ventura,2021-04-06,10920,494944,5562,237306,3868,242839,1490,14799,5627,129917,5266,189463,7114,319380,California
Ventura,2021-04-07,11472,506416,5392,242698,4577,247416,1503,16302,5258,130476,6195,195658,6754,326134,California
Ventura,2021-04-08,10432,516848,5275,247973,4173,251589,984,17286,5204,131450,5205,200863,6179,332313,California
Ventura,2021-04-09,11326,528174,4363,252336,5235,256824,1728,19014,4947,131763,6354,207217,6667,338980,California
Ventura,2021-04-10,9571,537745,3884,256220,3522,260346,2165,21179,3149,130669,6403,213620,5309,344289,California
Ventura,2021-04-11,2439,540184,853,257073,1010,261356,576,21755,682,130178,1747,215367,1256,345545,California
Ventura,2021-04-12,9027,549211,4498,261571,3695,265051,834,22589,3773,129544,5237,220604,4603,350148,California
Ventura,2021-04-13,8875,558086,4499,266070,4370,269421,6,22595,3769,128255,5067,225671,3778,353926,California
Ventura,2021-04-14,8802,566888,4113,270183,4674,274095,15,22610,3389,126293,5375,231046,3413,357339,California
Ventura,2021-04-15,9389,576277,4554,274737,4810,278905,25,22635,4113,125195,5248,236294,4150,361489,California
Ventura,2021-04-16,10098,586375,4437,279174,5659,284564,2,22637,4760,124655,5320,241614,4780,366269,California
Ventura,2021-04-17,8749,595124,5313,284487,3422,287986,14,22651,5078,126093,3654,245268,5092,371361,California
Ventura,2021-04-18,2116,597240,1002,285489,1114,289100,0,22651,903,125789,1207,246475,903,372264,California
Ventura,2021-04-19,8053,605293,4834,290323,3217,292317,2,22653,4631,127023,3399,249874,4633,376897,California
Ventura,2021-04-20,9279,614572,4906,295229,4368,296685,5,22658,4364,126500,4892,254766,4369,381266,California
Ventura,2021-04-21,8909,623481,4562,299791,4342,301027,5,22663,4239,126089,4656,259422,4245,385511,California
Ventura,2021-04-22,10047,633528,5487,305278,4560,305587,0,22663,4473,125009,5554,264976,4474,389985,California
Ventura,2021-04-23,10835,644363,5375,310653,5459,311046,1,22664,5414,125030,5394,270370,5415,395400,California
Ventura,2021-04-24,10430,654793,5884,316537,4546,315592,0,22664,6136,126889,4278,274648,6137,401537,California
Ventura,2021-04-25,2453,657246,1697,318234,756,316348,0,22664,1143,126725,1307,275955,1143,402680,California
Ventura,2021-04-26,7880,665126,4508,322742,3305,319653,67,22731,3287,125511,4563,280518,3349,406029,California
Ventura,2021-04-27,9083,674209,5066,327808,3792,323445,225,22956,3414,123496,5652,286170,3637,409666,California
Ventura,2021-04-28,8302,682511,4816,332624,3168,326613,318,23274,3264,122063,5016,291186,3583,413249,California
Ventura,2021-04-29,7812,690323,4213,336837,3335,329948,264,23538,2790,120121,4995,296181,3053,416302,California
Ventura,2021-04-30,9370,699693,5432,342269,3664,333612,274,23812,3895,118837,5442,301623,4158,420460,California
Ventura,2021-05-01,5021,704714,3616,345885,1302,334914,103,23915,1947,117835,3051,304674,2049,422509,California
Ventura,2021-05-02,2115,706829,1419,347304,608,335522,88,24003,1025,117863,1086,305760,1114,423623,California
Ventura,2021-05-03,6237,713066,3859,351163,2099,337621,279,24282,1965,115853,4253,310013,2243,425866,California
Ventura,2021-05-04,6295,719361,3286,354449,2716,340337,293,24575,2300,114465,3981,313994,2593,428459,California
Ventura,2021-05-05,5324,724685,2979,357428,2087,342424,258,24833,1916,113251,3382,317376,2168,430627,California
Ventura,2021-05-06,6194,730879,3203,360631,2723,345147,268,25101,2004,111353,4171,321547,2273,432900,California
Ventura,2021-05-07,6742,737621,3356,363987,3116,348263,270,25371,2330,109569,4384,325931,2600,435500,California
Ventura,2021-05-08,5286,742907,4102,368089,1030,349293,154,25525,1216,106881,4056,329987,1368,436868,California
Ventura,2021-05-09,1030,743937,724,368813,260,349553,46,25571,388,106678,636,330623,433,437301,California
Ventura,2021-05-10,6063,750000,4065,372878,1787,351340,211,25782,1394,103624,4658,335281,1604,438905,California
Ventura,2021-05-11,5247,755247,3247,376125,1775,353115,225,26007,1538,101687,3699,338980,1762,440667,California
Ventura,2021-05-12,4933,760180,2861,378986,1855,354970,217,26224,1554,100095,3364,342344,1772,442439,California
Ventura,2021-05-13,6222,766402,3749,382735,2262,357232,211,26435,2234,98568,3974,346318,2447,444886,California
Ventura,2021-05-14,7244,773646,4457,387192,2584,359816,203,26638,2758,97059,4467,350785,2958,447844,California
Ventura,2021-05-15,6618,780264,5355,392547,1178,360994,85,26723,2837,96221,3761,354546,2923,450767,California
Ventura,2021-05-16,2163,782427,1674,394221,436,361430,53,26776,1029,96174,1129,355675,1082,451849,California
Ventura,2021-05-17,5832,788259,3546,397767,2072,363502,214,26990,2450,95473,3364,359039,2663,454512,California
Ventura,2021-05-18,5361,793620,3167,400934,2015,365517,179,27169,2178,94666,3163,362202,2356,456868,California
Ventura,2021-05-19,5794,799414,3519,404453,2065,367582,210,27379,2389,93882,3379,365581,2595,459463,California
Ventura,2021-05-20,5427,804841,3022,407475,2247,369829,158,27537,2156,92949,3243,368824,2310,461773,California
Ventura,2021-05-21,7905,812746,4457,411932,3273,373102,175,27712,2617,90483,5257,374081,2791,464564,California
Ventura,2021-05-22,5601,818347,2845,414777,2681,375783,75,27787,1788,88542,3804,377885,1863,466427,California
Ventura,2021-05-23,1931,820278,1473,416250,387,376170,71,27858,730,88148,1195,379080,801,467228,California
Ventura,2021-05-24,4507,824785,2434,418684,1907,378077,166,28024,1454,86729,3036,382116,1617,468845,California
Ventura,2021-05-25,4268,829053,2208,420892,1908,379985,152,28176,1430,85490,2820,384936,1581,470426,California
Ventura,2021-05-26,4258,833311,2268,423160,1827,381812,163,28339,1665,84744,2574,387510,1828,472254,California
Ventura,2021-05-27,3848,837159,1895,425055,1826,383638,127,28466,1394,83824,2440,389950,1520,473774,California
Ventura,2021-05-28,4495,841654,2475,427530,1828,385466,192,28658,1983,83498,2498,392448,2172,475946,California
Ventura,2021-05-29,2139,843793,1335,428865,737,386203,67,28725,1050,83537,1078,393526,1117,477063,California
Ventura,2021-05-30,900,844693,578,429443,269,386472,53,28778,372,83436,526,394052,425,477488,California
Ventura,2021-05-31,254,844947,136,429579,108,386580,10,28788,60,83312,194,394246,70,477558,California
Ventura,2021-06-01,3914,848861,2270,431849,1479,388059,165,28953,1306,82192,2591,396837,1471,479029,California
Ventura,2021-06-02,2930,851791,1625,433474,1170,389229,135,29088,1027,81464,1890,398727,1162,480191,California
Ventura,2021-06-03,3203,854994,1990,435464,1061,390290,152,29240,920,80263,2273,401000,1072,481263,California
Ventura,2021-06-04,4528,859522,3000,438464,1368,391658,160,29400,1491,78890,3024,404024,1651,482914,California
Ventura,2021-06-05,3799,863321,3171,441635,565,392223,63,29463,1169,77505,2617,406641,1232,484146,California
Ventura,2021-06-06,1243,864564,1060,442695,138,392361,45,29508,293,76902,940,407581,337,484483,California
Ventura,2021-06-07,3136,867700,2334,445029,697,393058,105,29613,958,75801,2164,409745,1063,485546,California
Ventura,2021-06-08,2934,870634,1948,446977,859,393917,127,29740,877,74756,2049,411794,1004,486550,California
Ventura,2021-06-09,1888,872522,1168,448145,641,394558,79,29819,510,73973,1371,413165,588,487138,California
Ventura,2021-06-10,1983,874505,1287,449432,624,395182,72,29891,559,73186,1417,414582,630,487768,California
Ventura,2021-06-11,1936,876441,1163,450595,709,395891,64,29955,555,72431,1374,415956,619,488387,California
Ventura,2021-06-12,1299,877740,1030,451625,242,396133,27,29982,299,71759,998,416954,326,488713,California
Ventura,2021-06-13,445,878185,383,452008,32,396165,30,30012,109,71562,336,417290,139,488852,California
Yolo,2020-12-15,39,39,39,39,0,0,0,0,39,39,0,0,39,39,California
Yolo,2020-12-16,78,117,78,117,0,0,0,0,78,117,0,0,78,117,California
Yolo,2020-12-17,106,223,106,223,0,0,0,0,106,223,0,0,106,223,California
Yolo,2020-12-18,229,452,229,452,0,0,0,0,229,452,0,0,229,452,California
Yolo,2020-12-19,86,538,86,538,0,0,0,0,86,538,0,0,86,538,California
Yolo,2020-12-20,103,641,103,641,0,0,0,0,103,641,0,0,103,641,California
Yolo,2020-12-21,253,894,253,894,0,0,0,0,253,894,0,0,253,894,California
Yolo,2020-12-22,384,1278,383,1277,1,1,0,0,384,1278,0,0,384,1278,California
Yolo,2020-12-23,438,1716,419,1696,19,20,0,0,438,1716,0,0,438,1716,California
Yolo,2020-12-24,154,1870,96,1792,58,78,0,0,154,1870,0,0,154,1870,California
Yolo,2020-12-25,1,1871,1,1793,0,78,0,0,1,1871,0,0,1,1871,California
Yolo,2020-12-26,75,1946,25,1818,50,128,0,0,75,1946,0,0,75,1946,California
Yolo,2020-12-27,47,1993,20,1838,27,155,0,0,47,1993,0,0,47,1993,California
Yolo,2020-12-28,353,2346,181,2019,172,327,0,0,353,2346,0,0,353,2346,California
Yolo,2020-12-29,491,2837,268,2287,223,550,0,0,491,2837,0,0,491,2837,California
Yolo,2020-12-30,630,3467,260,2547,370,920,0,0,630,3467,0,0,630,3467,California
Yolo,2020-12-31,186,3653,94,2641,92,1012,0,0,186,3653,0,0,186,3653,California
Yolo,2021-01-01,57,3710,55,2696,2,1014,0,0,57,3710,0,0,57,3710,California
Yolo,2021-01-02,70,3780,27,2723,43,1057,0,0,70,3780,0,0,70,3780,California
Yolo,2021-01-03,45,3825,19,2742,26,1083,0,0,45,3825,0,0,45,3825,California
Yolo,2021-01-04,190,4015,39,2781,151,1234,0,0,190,4015,0,0,190,4015,California
Yolo,2021-01-05,616,4631,238,3019,378,1612,0,0,554,4507,62,62,554,4569,California
Yolo,2021-01-06,485,5116,184,3203,301,1913,0,0,345,4712,140,202,345,4914,California
Yolo,2021-01-07,718,5834,231,3434,487,2400,0,0,529,5053,188,390,529,5443,California
Yolo,2021-01-08,634,6468,312,3746,322,2722,0,0,410,5240,223,613,410,5853,California
Yolo,2021-01-09,419,6887,69,3815,350,3072,0,0,373,5567,46,659,373,6226,California
Yolo,2021-01-10,403,7290,79,3894,324,3396,0,0,333,5830,70,729,333,6559,California
Yolo,2021-01-11,565,7855,328,4222,237,3633,0,0,289,5845,276,1005,291,6850,California
Yolo,2021-01-12,487,8342,370,4592,117,3750,0,0,175,5709,312,1317,176,7026,California
Yolo,2021-01-13,771,9113,312,4904,459,4209,0,0,520,5978,251,1568,520,7546,California
Yolo,2021-01-14,381,9494,182,5086,199,4408,0,0,277,6151,104,1672,277,7823,California
Yolo,2021-01-15,631,10125,324,5410,307,4715,0,0,549,6619,82,1754,550,8373,California
Yolo,2021-01-16,745,10870,92,5502,653,5368,0,0,714,7302,31,1785,714,9087,California
Yolo,2021-01-17,187,11057,118,5620,69,5437,0,0,180,7475,7,1792,180,9267,California
Yolo,2021-01-18,486,11543,306,5926,180,5617,0,0,381,7751,105,1897,381,9648,California
Yolo,2021-01-19,557,12100,371,6297,186,5803,0,0,383,7960,174,2071,383,10031,California
Yolo,2021-01-20,659,12759,380,6677,279,6082,0,0,472,8246,186,2257,472,10503,California
Yolo,2021-01-21,648,13407,385,7062,263,6345,0,0,462,8522,186,2443,462,10965,California
Yolo,2021-01-22,751,14158,252,7314,499,6844,0,0,635,9043,114,2557,635,11600,California
Yolo,2021-01-23,614,14772,123,7437,491,7335,0,0,566,9561,48,2605,566,12166,California
Yolo,2021-01-24,208,14980,123,7560,85,7420,0,0,167,9687,41,2646,167,12333,California
Yolo,2021-01-25,733,15713,158,7718,575,7995,0,0,512,9978,221,2867,512,12845,California
Yolo,2021-01-26,830,16543,329,8047,501,8496,0,0,434,10016,396,3263,434,13279,California
Yolo,2021-01-27,554,17097,220,8267,334,8830,0,0,377,10216,177,3440,377,13656,California
Yolo,2021-01-28,1052,18149,566,8833,486,9316,0,0,926,11017,125,3565,926,14582,California
Yolo,2021-01-29,900,19049,266,9099,634,9950,0,0,812,11743,87,3652,813,15395,California
Yolo,2021-01-30,1529,20578,929,10028,600,10550,0,0,1407,13034,116,3768,1407,16802,California
Yolo,2021-01-31,239,20817,201,10229,38,10588,0,0,212,13220,26,3794,212,17014,California
Yolo,2021-02-01,847,21664,361,10590,486,11074,0,0,613,13603,230,4024,613,17627,California
Yolo,2021-02-02,1342,23006,756,11346,586,11660,0,0,931,14124,411,4435,932,18559,California
Yolo,2021-02-03,1524,24530,399,11745,1125,12785,0,0,1183,14969,338,4773,1183,19742,California
Yolo,2021-02-04,1793,26323,281,12026,1512,14297,0,0,1235,15658,547,5320,1236,20978,California
Yolo,2021-02-05,1596,27919,909,12935,687,14984,0,0,1194,16452,401,5721,1195,22173,California
Yolo,2021-02-06,1950,29869,1265,14200,685,15669,0,0,1577,17657,373,6094,1578,23751,California
Yolo,2021-02-07,527,30396,247,14447,280,15949,0,0,169,17469,357,6451,169,23920,California
Yolo,2021-02-08,945,31341,326,14773,619,16568,0,0,603,17733,339,6790,603,24523,California
Yolo,2021-02-09,860,32201,387,15160,473,17041,0,0,575,18023,285,7075,575,25098,California
Yolo,2021-02-10,1467,33668,477,15637,990,18031,0,0,829,18216,638,7713,831,25929,California
Yolo,2021-02-11,1577,35245,809,16446,768,18799,0,0,1183,19005,394,8107,1183,27112,California
Yolo,2021-02-12,1922,37167,763,17209,1159,19958,0,0,1445,19977,473,8580,1445,28557,California
Yolo,2021-02-13,2058,39225,712,17921,1346,21304,0,0,1384,20687,674,9254,1384,29941,California
Yolo,2021-02-14,562,39787,151,18072,411,21715,0,0,437,21000,124,9378,437,30378,California
Yolo,2021-02-15,545,40332,204,18276,341,22056,0,0,274,21004,271,9649,275,30653,California
Yolo,2021-02-16,1130,41462,425,18701,705,22761,0,0,805,21485,325,9974,806,31459,California
Yolo,2021-02-17,1385,42847,701,19402,684,23445,0,0,992,22084,393,10367,992,32451,California
Yolo,2021-02-18,2486,45333,811,20213,1675,25120,0,0,1716,23032,769,11136,1717,34168,California
Yolo,2021-02-19,1751,47084,747,20960,1004,26124,0,0,1128,23539,621,11757,1128,35296,California
Yolo,2021-02-20,2458,49542,956,21916,1502,27626,0,0,1373,23833,1080,12837,1374,36670,California
Yolo,2021-02-21,289,49831,228,22144,61,27687,0,0,75,23695,213,13050,75,36745,California
Yolo,2021-02-22,1369,51200,598,22742,771,28458,0,0,696,23719,672,13722,696,37441,California
Yolo,2021-02-23,1141,52341,854,23596,287,28745,0,0,441,23461,699,14421,441,37882,California
Yolo,2021-02-24,2087,54428,594,24190,1493,30238,0,0,1382,24140,703,15124,1382,39264,California
Yolo,2021-02-25,1393,55821,486,24676,907,31145,0,0,920,24588,472,15596,920,40184,California
Yolo,2021-02-26,2616,58437,1025,25701,1591,32736,0,0,1378,24731,1235,16831,1378,41562,California
Yolo,2021-02-27,1688,60125,790,26491,898,33634,0,0,1233,25509,455,17286,1233,42795,California
Yolo,2021-02-28,1834,61959,1534,28025,300,33934,0,0,718,25114,1114,18400,719,43514,California
Yolo,2021-03-01,1134,63093,371,28396,763,34697,0,0,684,25350,448,18848,684,44198,California
Yolo,2021-03-02,1476,64569,694,29090,782,35479,0,0,943,25760,533,19381,943,45141,California
Yolo,2021-03-03,1854,66423,635,29725,1219,36698,0,0,830,25569,1022,20403,831,45972,California
Yolo,2021-03-04,2919,69342,1475,31200,1444,38142,0,0,1567,25787,1349,21752,1567,47539,California
Yolo,2021-03-05,2358,71700,1412,32612,935,39077,11,11,1467,26376,889,22641,1478,49017,California
Yolo,2021-03-06,1497,73197,1149,33761,319,39396,29,40,854,26618,641,23282,883,49900,California
Yolo,2021-03-07,916,74113,682,34443,220,39616,14,54,783,27282,133,23415,797,50697,California
Yolo,2021-03-08,1109,75222,498,34941,568,40184,43,97,764,27747,343,23758,808,51505,California
Yolo,2021-03-09,1270,76492,679,35620,528,40712,63,160,779,28100,489,24247,842,52347,California
Yolo,2021-03-10,1821,78313,1061,36681,470,41182,290,450,753,28072,1064,25311,1036,53383,California
Yolo,2021-03-11,2347,80660,1610,38291,670,41852,67,517,1610,29014,736,26047,1678,55061,California
Yolo,2021-03-12,2902,83562,1351,39642,1470,43322,81,598,1369,28938,1525,27572,1449,56510,California
Yolo,2021-03-13,1844,85406,728,40370,940,44262,176,774,998,29269,843,28415,1174,57684,California
Yolo,2021-03-14,1016,86422,207,40577,660,44922,149,923,539,29475,476,28891,682,58366,California
Yolo,2021-03-15,1320,87742,769,41346,369,45291,182,1105,710,29756,608,29499,889,59255,California
Yolo,2021-03-16,1883,89625,723,42069,1088,46379,72,1177,1117,30179,766,30265,1189,60444,California
Yolo,2021-03-17,2507,92132,980,43049,1454,47833,73,1250,1718,31216,786,31051,1823,62267,California
Yolo,2021-03-18,3028,95160,1037,44086,1771,49604,220,1470,1256,30924,1768,32819,1476,63743,California
Yolo,2021-03-19,2093,97253,870,44956,1154,50758,69,1539,1088,31083,998,33817,1157,64900,California
Yolo,2021-03-20,2775,100028,823,45779,1908,52666,44,1583,1090,30540,1679,35496,1136,66036,California
Yolo,2021-03-21,315,100343,213,45992,94,52760,8,1591,207,30648,107,35603,215,66251,California
Yolo,2021-03-22,1405,101748,490,46482,856,53616,59,1650,920,31144,482,36085,978,67229,California
Yolo,2021-03-23,1735,103483,936,47418,743,54359,56,1706,1063,31591,671,36756,1118,68347,California
Yolo,2021-03-24,2874,106357,1408,48826,1416,55775,50,1756,1401,31582,1461,38217,1452,69799,California
Yolo,2021-03-25,2549,108906,1417,50243,1104,56879,28,1784,1250,31572,1288,39505,1278,71077,California
Yolo,2021-03-26,2390,111296,1258,51501,1114,57993,18,1802,1019,31245,1363,40868,1036,72113,California
Yolo,2021-03-27,1656,112952,465,51966,1174,59167,17,1819,751,31109,904,41772,768,72881,California
Yolo,2021-03-28,1111,114063,868,52834,225,59392,18,1837,250,30520,856,42628,267,73148,California
Yolo,2021-03-29,2015,116078,817,53651,1168,60560,30,1867,960,30459,1051,43679,990,74138,California
Yolo,2021-03-30,2275,118353,1085,54736,1171,61731,19,1886,1167,30542,1103,44782,1186,75324,California
Yolo,2021-03-31,2356,120709,1228,55964,1091,62822,37,1923,1189,30602,1166,45948,1226,76550,California
Yolo,2021-04-01,3853,124562,1863,57827,1516,64338,474,2397,1613,30451,2237,48185,2086,78636,California
Yolo,2021-04-02,3389,127951,1519,59346,1723,66061,147,2544,2105,31425,1278,49463,2252,80888,California
Yolo,2021-04-03,1825,129776,1102,60448,504,66565,219,2763,817,31454,1007,50470,1036,81924,California
Yolo,2021-04-04,394,130170,156,60604,176,66741,62,2825,146,31414,248,50718,208,82132,California
Yolo,2021-04-05,1919,132089,734,61338,1085,67826,100,2925,1017,31635,897,51615,1118,83250,California
Yolo,2021-04-06,2581,134670,1322,62660,1089,68915,170,3095,1300,31834,1272,52887,1471,84721,California
Yolo,2021-04-07,2989,137659,1526,64186,1108,70023,355,3450,1927,33064,1056,53943,2286,87007,California
Yolo,2021-04-08,2422,140081,1003,65189,945,70968,474,3924,1025,33165,1394,55337,1495,88502,California
Yolo,2021-04-09,2574,142655,922,66111,1086,72054,566,4490,852,32858,1718,57055,1411,89913,California
Yolo,2021-04-10,1760,144415,826,66937,751,72805,183,4673,1042,33367,715,57770,1224,91137,California
Yolo,2021-04-11,927,145342,287,67224,579,73384,61,4734,373,33249,551,58321,433,91570,California
Yolo,2021-04-12,1775,147117,526,67750,1105,74489,144,4878,1103,33827,669,58990,1247,92817,California
Yolo,2021-04-13,1983,149100,910,68660,1073,75562,0,4878,1043,33931,939,59929,1043,93860,California
Yolo,2021-04-14,2792,151892,768,69428,2024,77586,0,4878,1378,33901,1408,61337,1378,95238,California
Yolo,2021-04-15,3332,155224,1135,70563,2197,79783,0,4878,2289,35153,1037,62374,2289,97527,California
Yolo,2021-04-16,3046,158270,1969,72532,1077,80860,0,4878,1952,36017,1088,63462,1952,99479,California
Yolo,2021-04-17,1598,159868,468,73000,1130,81990,0,4878,828,36078,767,64229,828,100307,California
Yolo,2021-04-18,632,160500,303,73303,329,82319,0,4878,353,36156,275,64504,353,100660,California
Yolo,2021-04-19,1664,162164,713,74016,950,83269,1,4879,763,36024,896,65400,764,101424,California
Yolo,2021-04-20,2007,164171,1019,75035,988,84257,0,4879,1081,36181,924,66324,1081,102505,California
Yolo,2021-04-21,1971,166142,982,76017,989,85246,0,4879,1066,36347,900,67224,1066,103571,California
Yolo,2021-04-22,1933,168075,871,76888,1062,86308,0,4879,963,36346,965,68189,964,104535,California
Yolo,2021-04-23,2613,170688,1530,78418,1083,87391,0,4879,1157,36058,1445,69634,1157,105692,California
Yolo,2021-04-24,1164,171852,644,79062,518,87909,2,4881,460,35823,697,70331,462,106154,California
Yolo,2021-04-25,949,172801,407,79469,542,88451,0,4881,728,36331,220,70551,728,106882,California
Yolo,2021-04-26,1229,174030,485,79954,741,89192,3,4884,526,36161,700,71251,530,107412,California
Yolo,2021-04-27,1544,175574,724,80678,801,89993,19,4903,606,35850,938,72189,627,108039,California
Yolo,2021-04-28,2045,177619,1010,81688,1008,91001,27,4930,737,35310,1304,73493,764,108803,California
Yolo,2021-04-29,1754,179373,816,82504,856,91857,82,5012,696,35032,1055,74548,777,109580,California
Yolo,2021-04-30,2013,181386,995,83499,960,92817,58,5070,965,35012,1042,75590,1022,110602,California
Yolo,2021-05-01,1284,182670,995,84494,269,93086,20,5090,372,34493,911,76501,392,110994,California
Yolo,2021-05-02,520,183190,429,84923,68,93154,23,5113,324,34644,196,76697,347,111341,California
Yolo,2021-05-03,1120,184310,407,85330,680,93834,33,5146,299,34156,819,77516,331,111672,California
Yolo,2021-05-04,1447,185757,668,85998,755,94589,24,5170,502,33741,941,78457,526,112198,California
Yolo,2021-05-05,1555,187312,426,86424,1065,95654,64,5234,446,33149,1102,79559,510,112708,California
Yolo,2021-05-06,1494,188806,694,87118,720,96374,80,5314,485,32717,997,80556,565,113273,California
Yolo,2021-05-07,2310,191116,1391,88509,868,97242,51,5365,463,31390,1839,82395,512,113785,California
Yolo,2021-05-08,840,191956,358,88867,426,97668,56,5421,312,31232,525,82920,367,114152,California
Yolo,2021-05-09,395,192351,163,89030,219,97887,13,5434,89,31029,305,83225,102,114254,California
Yolo,2021-05-10,897,193248,352,89382,500,98387,45,5479,150,30478,745,83970,194,114448,California
Yolo,2021-05-11,1151,194399,664,90046,465,98852,22,5501,278,29908,870,84840,300,114748,California
Yolo,2021-05-12,1565,195964,700,90746,834,99686,31,5532,314,29008,1248,86088,348,115096,California
Yolo,2021-05-13,2170,198134,848,91594,1267,100953,55,5587,646,28189,1520,87608,701,115797,California
Yolo,2021-05-14,2033,200167,1517,93111,485,101438,31,5618,1156,28502,874,88482,1187,116984,California
Yolo,2021-05-15,1246,201413,710,93821,489,101927,47,5665,647,28597,599,89081,694,117678,California
Yolo,2021-05-16,1409,202822,1199,95020,204,102131,6,5671,989,29177,415,89496,995,118673,California
Yolo,2021-05-17,1079,203901,392,95412,668,102799,19,5690,315,28751,760,90256,334,119007,California
Yolo,2021-05-18,1685,205586,1105,96517,561,103360,19,5709,911,28912,769,91025,930,119937,California
Yolo,2021-05-19,996,206582,580,97097,380,103740,36,5745,486,28926,508,91533,522,120459,California
Yolo,2021-05-20,1089,207671,691,97788,372,104112,26,5771,389,28647,694,92227,415,120874,California
Yolo,2021-05-21,1436,209107,934,98722,476,104588,26,5797,374,27988,1057,93284,398,121272,California
Yolo,2021-05-22,816,209923,537,99259,271,104859,8,5805,281,27747,530,93814,289,121561,California
Yolo,2021-05-23,617,210540,164,99423,436,105295,17,5822,108,27364,508,94322,125,121686,California
Yolo,2021-05-24,706,211246,346,99769,340,105635,20,5842,221,27124,482,94804,242,121928,California
Yolo,2021-05-25,876,212122,507,100276,347,105982,22,5864,342,26960,528,95332,364,122292,California
Yolo,2021-05-26,808,212930,265,100541,510,106492,33,5897,255,26700,548,95880,288,122580,California
Yolo,2021-05-27,756,213686,379,100920,328,106820,49,5946,304,26605,448,96328,353,122933,California
Yolo,2021-05-28,862,214548,390,101310,444,107264,28,5974,371,26516,487,96815,398,123331,California
Yolo,2021-05-29,591,215139,341,101651,213,107477,37,6011,272,26506,317,97132,307,123638,California
Yolo,2021-05-30,126,215265,69,101720,51,107528,6,6017,54,26496,70,97202,60,123698,California
Yolo,2021-05-31,70,215335,18,101738,48,107576,4,6021,16,26461,54,97256,19,123717,California
Yolo,2021-06-01,746,216081,320,102058,401,107977,25,6046,254,26254,486,97742,279,123996,California
Yolo,2021-06-02,756,216837,301,102359,434,108411,21,6067,235,25992,518,98260,256,124252,California
Yolo,2021-06-03,916,217753,589,102948,304,108715,23,6090,216,25534,697,98957,239,124491,California
Yolo,2021-06-04,1493,219246,1216,104164,254,108969,23,6113,382,24831,1107,100064,404,124895,California
Yolo,2021-06-05,721,219967,551,104715,153,109122,17,6130,167,24461,554,100618,184,125079,California
Yolo,2021-06-06,1108,221075,1044,105759,57,109179,7,6137,175,23711,932,101550,182,125261,California
Yolo,2021-06-07,517,221592,271,106030,226,109405,20,6157,175,23567,338,101888,194,125455,California
Yolo,2021-06-08,1036,222628,807,106837,210,109615,19,6176,198,22947,837,102725,217,125672,California
Yolo,2021-06-09,704,223332,438,107275,240,109855,26,6202,227,22725,475,103200,253,125925,California
Yolo,2021-06-10,487,223819,310,107585,150,110005,27,6229,138,22543,347,103547,165,126090,California
Yolo,2021-06-11,513,224332,345,107930,147,110152,21,6250,142,22336,370,103917,163,126253,California
Yolo,2021-06-12,376,224708,237,108167,122,110274,17,6267,93,22165,281,104198,110,126363,California
Yolo,2021-06-13,79,224787,67,108234,12,110286,0,6267,49,22184,30,104228,49,126412,California
Yuba,2020-12-16,4,4,4,4,0,0,0,0,4,4,0,0,4,4,California
Yuba,2020-12-17,4,8,4,8,0,0,0,0,4,8,0,0,4,8,California
Yuba,2020-12-18,7,15,7,15,0,0,0,0,7,15,0,0,7,15,California
Yuba,2020-12-19,12,27,12,27,0,0,0,0,12,27,0,0,12,27,California
Yuba,2020-12-20,19,46,19,46,0,0,0,0,19,46,0,0,19,46,California
Yuba,2020-12-21,40,86,40,86,0,0,0,0,40,86,0,0,40,86,California
Yuba,2020-12-22,85,171,85,171,0,0,0,0,85,171,0,0,85,171,California
Yuba,2020-12-23,65,236,63,234,2,2,0,0,65,236,0,0,65,236,California
Yuba,2020-12-24,21,257,11,245,10,12,0,0,21,257,0,0,21,257,California
Yuba,2020-12-26,14,271,13,258,1,13,0,0,14,271,0,0,14,271,California
Yuba,2020-12-27,15,286,15,273,0,13,0,0,15,286,0,0,15,286,California
Yuba,2020-12-28,50,336,34,307,16,29,0,0,50,336,0,0,50,336,California
Yuba,2020-12-29,75,411,10,317,65,94,0,0,75,411,0,0,75,411,California
Yuba,2020-12-30,66,477,21,338,45,139,0,0,66,477,0,0,66,477,California
Yuba,2020-12-31,37,514,6,344,31,170,0,0,37,514,0,0,37,514,California
Yuba,2021-01-02,23,537,22,366,1,171,0,0,23,537,0,0,23,537,California
Yuba,2021-01-03,10,547,6,372,4,175,0,0,10,547,0,0,10,547,California
Yuba,2021-01-04,92,639,23,395,69,244,0,0,92,639,0,0,92,639,California
Yuba,2021-01-05,72,711,38,433,34,278,0,0,71,709,1,1,71,710,California
Yuba,2021-01-06,154,865,76,509,78,356,0,0,148,851,6,7,148,858,California
Yuba,2021-01-07,77,942,20,529,57,413,0,0,74,921,4,11,74,932,California
Yuba,2021-01-08,73,1015,24,553,49,462,0,0,67,982,6,17,67,999,California
Yuba,2021-01-09,18,1033,16,569,2,464,0,0,10,984,8,25,10,1009,California
Yuba,2021-01-10,115,1148,22,591,93,557,0,0,93,1055,22,47,93,1102,California
Yuba,2021-01-11,72,1220,50,641,22,579,0,0,32,1047,40,87,32,1134,California
Yuba,2021-01-12,108,1328,78,719,30,609,0,0,44,1027,64,151,44,1178,California
Yuba,2021-01-13,120,1448,73,792,47,656,0,0,54,1016,65,216,54,1232,California
Yuba,2021-01-14,114,1562,43,835,71,727,0,0,102,1106,12,228,102,1334,California
Yuba,2021-01-15,202,1764,86,921,116,843,0,0,191,1286,11,239,191,1525,California
Yuba,2021-01-16,187,1951,21,942,166,1009,0,0,174,1447,13,252,174,1699,California
Yuba,2021-01-17,13,1964,9,951,4,1013,0,0,7,1448,6,258,7,1706,California
Yuba,2021-01-18,61,2025,31,982,30,1043,0,0,37,1461,24,282,37,1743,California
Yuba,2021-01-19,83,2108,33,1015,50,1093,0,0,67,1512,16,298,67,1810,California
Yuba,2021-01-20,137,2245,87,1102,50,1143,0,0,114,1603,23,321,114,1924,California
Yuba,2021-01-21,217,2462,98,1200,119,1262,0,0,209,1804,8,329,209,2133,California
Yuba,2021-01-22,105,2567,6,1206,99,1361,0,0,96,1891,9,338,96,2229,California
Yuba,2021-01-23,202,2769,7,1213,195,1556,0,0,200,2089,2,340,200,2429,California
Yuba,2021-01-24,10,2779,7,1220,3,1559,0,0,8,2095,2,342,8,2437,California
Yuba,2021-01-25,86,2865,30,1250,56,1615,0,0,53,2116,32,374,53,2490,California
Yuba,2021-01-26,147,3012,39,1289,108,1723,0,0,90,2149,57,431,90,2580,California
Yuba,2021-01-27,186,3198,131,1420,55,1778,0,0,117,2197,69,500,117,2697,California
Yuba,2021-01-28,227,3425,92,1512,135,1913,0,0,173,2316,54,554,173,2870,California
Yuba,2021-01-29,154,3579,47,1559,107,2020,0,0,114,2390,40,594,114,2984,California
Yuba,2021-01-30,415,3994,24,1583,391,2411,0,0,404,2783,11,605,404,3388,California
Yuba,2021-01-31,18,4012,12,1595,6,2417,0,0,16,2797,2,607,16,3404,California
Yuba,2021-02-01,155,4167,75,1670,80,2497,0,0,131,2906,23,630,132,3536,California
Yuba,2021-02-02,124,4291,21,1691,103,2600,0,0,101,2984,23,653,101,3637,California
Yuba,2021-02-03,228,4519,30,1721,198,2798,0,0,116,2989,111,764,116,3753,California
Yuba,2021-02-04,294,4813,118,1839,176,2974,0,0,250,3195,44,808,250,4003,California
Yuba,2021-02-05,150,4963,33,1872,117,3091,0,0,73,3191,77,885,73,4076,California
Yuba,2021-02-06,451,5414,24,1896,427,3518,0,0,444,3628,7,892,444,4520,California
Yuba,2021-02-07,19,5433,13,1909,6,3524,0,0,15,3639,4,896,15,4535,California
Yuba,2021-02-08,98,5531,37,1946,61,3585,0,0,69,3679,29,925,69,4604,California
Yuba,2021-02-09,158,5689,59,2005,99,3684,0,0,87,3695,71,996,87,4691,California
Yuba,2021-02-10,361,6050,174,2179,187,3871,0,0,123,3581,237,1233,123,4814,California
Yuba,2021-02-11,402,6452,67,2246,335,4206,0,0,303,3787,97,1330,303,5117,California
Yuba,2021-02-12,264,6716,26,2272,238,4444,0,0,150,3823,114,1444,150,5267,California
Yuba,2021-02-13,434,7150,36,2308,398,4842,0,0,383,4155,51,1495,383,5650,California
Yuba,2021-02-14,51,7201,10,2318,41,4883,0,0,46,4196,5,1500,46,5696,California
Yuba,2021-02-15,90,7291,37,2355,53,4936,0,0,70,4246,20,1520,70,5766,California
Yuba,2021-02-16,201,7492,52,2407,149,5085,0,0,142,4330,58,1578,142,5908,California
Yuba,2021-02-17,382,7874,157,2564,225,5310,0,0,102,4153,279,1857,102,6010,California
Yuba,2021-02-18,317,8191,48,2612,269,5579,0,0,194,4224,123,1980,194,6204,California
Yuba,2021-02-19,223,8414,79,2691,144,5723,0,0,138,4277,85,2065,138,6342,California
Yuba,2021-02-20,392,8806,31,2722,361,6084,0,0,337,4559,55,2120,337,6679,California
Yuba,2021-02-21,17,8823,14,2736,3,6087,0,0,7,4556,10,2130,7,6686,California
Yuba,2021-02-22,129,8952,79,2815,50,6137,0,0,40,4508,88,2218,40,6726,California
Yuba,2021-02-23,116,9068,26,2841,90,6227,0,0,49,4491,66,2284,49,6775,California
Yuba,2021-02-24,484,9552,137,2978,347,6574,0,0,105,4217,379,2663,105,6880,California
Yuba,2021-02-25,342,9894,136,3114,206,6780,0,0,217,4309,125,2788,217,7097,California
Yuba,2021-02-26,264,10158,71,3185,193,6973,0,0,147,4341,115,2903,147,7244,California
Yuba,2021-02-27,466,10624,47,3232,419,7392,0,0,383,4641,83,2986,383,7627,California
Yuba,2021-02-28,73,10697,23,3255,50,7442,0,0,52,4672,21,3007,52,7679,California
Yuba,2021-03-01,163,10860,45,3300,118,7560,0,0,82,4674,80,3087,82,7761,California
Yuba,2021-03-02,164,11024,39,3339,125,7685,0,0,83,4676,81,3168,83,7844,California
Yuba,2021-03-03,636,11660,160,3499,476,8161,0,0,203,4447,432,3600,203,8047,California
Yuba,2021-03-04,473,12133,273,3772,200,8361,0,0,327,4629,145,3745,327,8374,California
Yuba,2021-03-05,323,12456,58,3830,264,8625,1,1,255,4817,68,3813,256,8630,California
Yuba,2021-03-06,476,12932,33,3863,439,9064,4,5,369,5084,106,3919,373,9003,California
Yuba,2021-03-07,53,12985,29,3892,23,9087,1,6,39,5110,14,3933,40,9043,California
Yuba,2021-03-08,164,13149,51,3943,97,9184,16,22,102,5166,62,3995,118,9161,California
Yuba,2021-03-09,179,13328,45,3988,114,9298,20,42,84,5175,95,4090,104,9265,California
Yuba,2021-03-10,741,14069,237,4225,474,9772,30,72,238,4940,503,4593,268,9533,California
Yuba,2021-03-11,441,14510,196,4421,232,10004,13,85,295,5102,146,4739,308,9841,California
Yuba,2021-03-12,464,14974,83,4504,326,10330,55,140,153,4999,311,5050,208,10049,California
Yuba,2021-03-13,460,15434,341,4845,104,10434,15,155,362,5279,97,5147,377,10426,California
Yuba,2021-03-14,107,15541,20,4865,77,10511,10,165,48,5279,58,5205,58,10484,California
Yuba,2021-03-15,198,15739,53,4918,129,10640,16,181,104,5305,94,5299,120,10604,California
Yuba,2021-03-16,304,16043,77,4995,203,10843,24,205,190,5406,113,5412,214,10818,California
Yuba,2021-03-17,748,16791,165,5160,552,11395,31,236,196,5083,550,5962,227,11045,California
Yuba,2021-03-18,588,17379,159,5319,313,11708,116,352,356,5322,232,6194,471,11516,California
Yuba,2021-03-19,329,17708,119,5438,159,11867,51,403,185,5415,143,6337,236,11752,California
Yuba,2021-03-20,561,18269,82,5520,461,12328,18,421,479,5831,81,6418,497,12249,California
Yuba,2021-03-21,65,18334,39,5559,26,12354,0,421,50,5866,15,6433,50,12299,California
Yuba,2021-03-22,197,18531,72,5631,118,12472,7,428,154,5984,43,6476,161,12460,California
Yuba,2021-03-23,269,18800,80,5711,161,12633,28,456,181,6107,86,6562,209,12669,California
Yuba,2021-03-24,769,19569,258,5969,431,13064,80,536,189,5798,578,7140,269,12938,California
Yuba,2021-03-25,514,20083,271,6240,221,13285,22,558,255,5816,259,7399,277,13215,California
Yuba,2021-03-26,399,20482,141,6381,228,13513,30,588,229,5906,169,7568,259,13474,California
Yuba,2021-03-27,462,20944,29,6410,430,13943,3,591,408,6263,53,7621,410,13884,California
Yuba,2021-03-28,104,21048,43,6453,57,14000,4,595,34,6231,70,7691,38,13922,California
Yuba,2021-03-29,300,21348,89,6542,179,14179,32,627,183,6329,117,7808,215,14137,California
Yuba,2021-03-30,276,21624,68,6610,200,14379,8,635,189,6439,87,7895,197,14334,California
Yuba,2021-03-31,683,22307,115,6725,556,14935,12,647,242,6254,439,8334,254,14588,California
Yuba,2021-04-01,627,22934,291,7016,308,15243,28,675,292,6239,335,8669,320,14908,California
Yuba,2021-04-02,512,23446,98,7114,329,15572,85,760,192,6196,319,8988,276,15184,California
Yuba,2021-04-03,659,24105,56,7170,117,15689,486,1246,88,6200,570,9558,574,15758,California
Yuba,2021-04-04,61,24166,11,7181,43,15732,7,1253,32,6210,29,9587,39,15797,California
Yuba,2021-04-05,254,24420,86,7267,146,15878,22,1275,126,6231,126,9713,147,15944,California
Yuba,2021-04-06,355,24775,116,7383,179,16057,60,1335,170,6276,184,9897,229,16173,California
Yuba,2021-04-07,797,25572,413,7796,329,16386,55,1390,362,6260,432,10329,416,16589,California
Yuba,2021-04-08,755,26327,294,8090,195,16581,266,1656,281,6333,473,10802,546,17135,California
Yuba,2021-04-09,407,26734,171,8261,168,16749,68,1724,170,6335,236,11038,238,17373,California
Yuba,2021-04-10,600,27334,72,8333,79,16828,449,2173,71,6327,527,11565,519,17892,California
Yuba,2021-04-11,107,27441,27,8360,68,16896,12,2185,46,6325,60,11625,58,17950,California
Yuba,2021-04-12,215,27656,47,8407,137,17033,31,2216,79,6300,135,11760,110,18060,California
Yuba,2021-04-13,402,28058,104,8511,298,17331,0,2216,202,6303,199,11959,202,18262,California
Yuba,2021-04-14,716,28774,109,8620,607,17938,0,2216,125,5839,589,12548,125,18387,California
Yuba,2021-04-15,347,29121,133,8753,214,18152,0,2216,154,5801,193,12741,155,18542,California
Yuba,2021-04-16,338,29459,97,8850,241,18393,0,2216,181,5826,156,12897,181,18723,California
Yuba,2021-04-17,411,29870,60,8910,351,18744,0,2216,337,6090,73,12970,337,19060,California
Yuba,2021-04-18,56,29926,10,8920,46,18790,0,2216,26,6086,30,13000,26,19086,California
Yuba,2021-04-19,251,30177,106,9026,145,18935,0,2216,104,6043,147,13147,104,19190,California
Yuba,2021-04-20,323,30500,80,9106,243,19178,0,2216,181,6084,141,13288,182,19372,California
Yuba,2021-04-21,699,31199,279,9385,420,19598,0,2216,294,5973,405,13693,294,19666,California
Yuba,2021-04-22,363,31562,138,9523,225,19823,0,2216,202,6014,161,13854,202,19868,California
Yuba,2021-04-23,355,31917,115,9638,240,20063,0,2216,167,5995,186,14040,167,20035,California
Yuba,2021-04-24,221,32138,70,9708,151,20214,0,2216,126,6026,95,14135,126,20161,California
Yuba,2021-04-25,73,32211,30,9738,43,20257,0,2216,36,6025,37,14172,36,20197,California
Yuba,2021-04-26,241,32452,57,9795,180,20437,4,2220,109,6006,132,14304,113,20310,California
Yuba,2021-04-27,481,32933,163,9958,308,20745,10,2230,241,6019,238,14542,251,20561,California
Yuba,2021-04-28,436,33369,177,10135,254,20999,5,2235,149,5892,281,14823,154,20715,California
Yuba,2021-04-29,440,33809,73,10208,366,21365,1,2236,153,5760,286,15109,154,20869,California
Yuba,2021-04-30,327,34136,89,10297,208,21573,30,2266,137,5739,188,15297,167,21036,California
Yuba,2021-05-01,207,34343,92,10389,96,21669,19,2285,93,5738,113,15410,112,21148,California
Yuba,2021-05-02,72,34415,42,10431,26,21695,4,2289,37,5744,35,15445,41,21189,California
Yuba,2021-05-03,163,34578,65,10496,90,21785,8,2297,52,5695,109,15554,60,21249,California
Yuba,2021-05-04,327,34905,94,10590,212,21997,21,2318,149,5687,178,15732,170,21419,California
Yuba,2021-05-05,316,35221,77,10667,232,22229,7,2325,113,5604,203,15935,120,21539,California
Yuba,2021-05-06,279,35500,102,10769,138,22367,39,2364,91,5549,185,16120,130,21669,California
Yuba,2021-05-07,356,35856,92,10861,236,22603,28,2392,118,5456,238,16358,145,21814,California
Yuba,2021-05-08,108,35964,31,10892,71,22674,6,2398,46,5446,62,16420,52,21866,California
Yuba,2021-05-09,53,36017,24,10916,26,22700,3,2401,38,5472,15,16435,41,21907,California
Yuba,2021-05-10,171,36188,55,10971,98,22798,18,2419,54,5428,116,16551,72,21979,California
Yuba,2021-05-11,383,36571,172,11143,198,22996,13,2432,146,5351,235,16786,158,22137,California
Yuba,2021-05-12,272,36843,141,11284,124,23120,7,2439,114,5314,158,16944,121,22258,California
Yuba,2021-05-13,366,37209,196,11480,127,23247,43,2482,119,5232,244,17188,162,22420,California
Yuba,2021-05-14,367,37576,139,11619,207,23454,21,2503,160,5205,207,17395,180,22600,California
Yuba,2021-05-15,441,38017,112,11731,308,23762,21,2524,112,5010,327,17722,132,22732,California
Yuba,2021-05-16,139,38156,44,11775,86,23848,9,2533,85,5051,53,17775,94,22826,California
Yuba,2021-05-17,215,38371,90,11865,105,23953,20,2553,92,5042,121,17896,112,22938,California
Yuba,2021-05-18,389,38760,160,12025,220,24173,9,2562,165,4992,224,18120,174,23112,California
Yuba,2021-05-19,261,39021,144,12169,111,24284,6,2568,135,5007,126,18246,141,23253,California
Yuba,2021-05-20,427,39448,298,12467,117,24401,12,2580,266,5125,160,18406,278,23531,California
Yuba,2021-05-21,512,39960,269,12736,237,24638,6,2586,314,5249,196,18602,320,23851,California
Yuba,2021-05-22,230,40190,123,12859,96,24734,11,2597,92,5214,138,18740,103,23954,California
Yuba,2021-05-23,65,40255,32,12891,31,24765,2,2599,34,5219,31,18771,36,23990,California
Yuba,2021-05-24,155,40410,47,12938,91,24856,17,2616,44,5170,110,18881,61,24051,California
Yuba,2021-05-25,317,40727,110,13048,191,25047,16,2632,115,5100,201,19082,131,24182,California
Yuba,2021-05-26,232,40959,100,13148,116,25163,16,2648,90,5065,141,19223,106,24288,California
Yuba,2021-05-27,247,41206,75,13223,160,25323,12,2660,108,5049,136,19359,120,24408,California
Yuba,2021-05-28,244,41450,111,13334,129,25452,4,2664,121,5053,121,19480,125,24533,California
Yuba,2021-05-29,164,41614,66,13400,76,25528,22,2686,94,5100,69,19549,116,24649,California
Yuba,2021-05-30,50,41664,20,13420,25,25553,5,2691,20,5095,30,19579,25,24674,California
Yuba,2021-05-31,31,41695,3,13423,21,25574,7,2698,11,5093,20,19599,18,24692,California
Yuba,2021-06-01,248,41943,106,13529,135,25709,7,2705,87,5029,157,19756,93,24785,California
Yuba,2021-06-02,200,42143,79,13608,114,25823,7,2712,63,4963,136,19892,70,24855,California
Yuba,2021-06-03,175,42318,101,13709,69,25892,5,2717,63,4919,112,20004,68,24923,California
Yuba,2021-06-04,244,42562,120,13829,115,26007,9,2726,81,4846,163,20167,90,25013,California
Yuba,2021-06-05,198,42760,149,13978,43,26050,6,2732,91,4837,106,20273,97,25110,California
Yuba,2021-06-06,106,42866,90,14068,13,26063,3,2735,23,4781,82,20355,26,25136,California
Yuba,2021-06-07,115,42981,49,14117,52,26115,14,2749,38,4756,77,20432,52,25188,California
Yuba,2021-06-08,239,43220,109,14226,121,26236,9,2758,70,4668,167,20599,79,25267,California
Yuba,2021-06-09,142,43362,87,14313,49,26285,6,2764,59,4650,83,20682,65,25332,California
Yuba,2021-06-10,357,43719,295,14608,57,26342,5,2769,87,4474,268,20950,92,25424,California
Yuba,2021-06-11,267,43986,194,14802,66,26408,7,2776,51,4316,216,21166,58,25482,California
Yuba,2021-06-12,112,44098,81,14883,26,26434,5,2781,28,4265,84,21250,33,25515,California
Yuba,2021-06-13,11,44109,1,14884,9,26443,1,2782,2,4260,8,21258,3,25518,California
