vemquartile,administered_date,total_doses,cumulative_total_doses,pfizer_doses,cumulative_pfizer_doses,moderna_doses,cumulative_moderna_doses,jj_doses,cumulative_jj_doses,partially_vaccinated,total_partially_vaccinated,pct_age12pop_partially_vaccinated,fully_vaccinated,cumulative_fully_vaccinated,pct_age12pop_fully_vaccinated,at_least_one_dose,cumulative_at_least_one_dose,pct_age12pop_at_least_one_dose,age12_population
1,2020-12-15,156,156,156,156,0,0,0,0,156,156,1.8e-05,0,0,0.0,156,156,1.8e-05,8700223
1,2020-12-16,1240,1396,1240,1396,0,0,0,0,1240,1396,0.00016,0,0,0.0,1240,1396,0.00016,8700223
1,2020-12-17,4196,5592,4196,5592,0,0,0,0,4198,5594,0.000643,0,0,0.0,4198,5594,0.000643,8700223
1,2020-12-18,6406,11998,6382,11974,24,24,0,0,6410,12003,0.00138,1,1,0.0,6410,12004,0.00138,8700223
1,2020-12-19,2892,14890,2889,14863,3,27,0,0,2891,14893,0.001712,1,2,0.0,2891,14895,0.001712,8700223
1,2020-12-20,2142,17032,2132,16995,10,37,0,0,2143,17036,0.001958,0,2,0.0,2143,17038,0.001958,8700223
1,2020-12-21,7705,24737,7684,24679,21,58,0,0,7755,24791,0.002849,1,3,0.0,7756,24794,0.00285,8700223
1,2020-12-22,7369,32106,7025,31704,344,402,0,0,7369,32158,0.003696,2,5,1e-06,7369,32163,0.003697,8700223
1,2020-12-23,7908,40014,6641,38345,1267,1669,0,0,7905,40062,0.004605,2,7,1e-06,7906,40069,0.004606,8700223
1,2020-12-24,3320,43334,2374,40719,946,2615,0,0,3322,43384,0.004987,0,7,1e-06,3322,43391,0.004987,8700223
1,2020-12-25,242,43576,158,40877,84,2699,0,0,242,43626,0.005014,0,7,1e-06,242,43633,0.005015,8700223
1,2020-12-26,1375,44951,980,41857,395,3094,0,0,1374,44999,0.005172,1,8,1e-06,1374,45007,0.005173,8700223
1,2020-12-27,879,45830,545,42402,334,3428,0,0,879,45877,0.005273,1,9,1e-06,879,45886,0.005274,8700223
1,2020-12-28,7143,52973,4795,47197,2348,5776,0,0,7140,53017,0.006094,0,9,1e-06,7140,53026,0.006095,8700223
1,2020-12-29,9076,62049,5068,52265,4008,9784,0,0,9072,62087,0.007136,2,11,1e-06,9072,62098,0.007138,8700223
1,2020-12-30,11779,73828,6556,58821,5223,15007,0,0,11777,73863,0.00849,1,12,1e-06,11777,73875,0.008491,8700223
1,2020-12-31,6044,79872,1973,60794,4071,19078,0,0,6042,79902,0.009184,4,16,2e-06,6043,79918,0.009186,8700223
1,2021-01-01,619,80491,249,61043,370,19448,0,0,615,80515,0.009254,2,18,2e-06,615,80533,0.009256,8700223
1,2021-01-02,2933,83424,1773,62816,1160,20608,0,0,2933,83448,0.009591,0,18,2e-06,2933,83466,0.009594,8700223
1,2021-01-03,1057,84481,552,63368,505,21113,0,0,1055,84500,0.009712,3,21,2e-06,1055,84521,0.009715,8700223
1,2021-01-04,7430,91911,3625,66993,3805,24918,0,0,7432,91930,0.010566,2,23,3e-06,7432,91953,0.010569,8700223
1,2021-01-05,10981,102892,5287,72280,5694,30612,0,0,10177,101343,0.011648,786,809,9.3e-05,10199,102152,0.011741,8700223
1,2021-01-06,14164,117056,7103,79383,7061,37673,0,0,12219,111670,0.012835,1908,2717,0.000312,12235,114387,0.013148,8700223
1,2021-01-07,17661,134717,9198,88581,8463,46136,0,0,13116,120345,0.013832,4452,7169,0.000824,13127,127514,0.014656,8700223
1,2021-01-08,20269,154986,10519,99100,9750,55886,0,0,14291,128689,0.014791,5962,13131,0.001509,14306,141820,0.016301,8700223
1,2021-01-09,6713,161699,3413,102513,3300,59186,0,0,4838,131662,0.015133,1869,15000,0.001724,4842,146662,0.016857,8700223
1,2021-01-10,3112,164811,1772,104285,1340,60526,0,0,1920,132395,0.015217,1188,16188,0.001861,1921,148583,0.017078,8700223
1,2021-01-11,18230,183041,11912,116197,6318,66844,0,0,11611,137443,0.015798,6608,22796,0.00262,11656,160239,0.018418,8700223
1,2021-01-12,19212,202253,11002,127199,8210,75054,0,0,13184,144671,0.016628,5999,28795,0.00331,13227,173466,0.019938,8700223
1,2021-01-13,19920,222173,10782,137981,9138,84192,0,0,14743,154278,0.017733,5155,33950,0.003902,14762,188228,0.021635,8700223
1,2021-01-14,22244,244417,9564,147545,12680,96872,0,0,19399,170954,0.019649,2783,36733,0.004222,19459,207687,0.023871,8700223
1,2021-01-15,25294,269711,9262,156807,16032,112904,0,0,23341,192446,0.02212,1916,38649,0.004442,23408,231095,0.026562,8700223
1,2021-01-16,13961,283672,4572,161379,9389,122293,0,0,13061,204615,0.023518,896,39545,0.004545,13065,244160,0.028064,8700223
1,2021-01-17,5233,288905,2042,163421,3191,125484,0,0,4857,209100,0.024034,375,39920,0.004588,4860,249020,0.028622,8700223
1,2021-01-18,14401,303306,8638,172059,5763,131247,0,0,11184,217138,0.024958,3203,43123,0.004957,11241,260261,0.029914,8700223
1,2021-01-19,24888,328194,12894,184953,11994,143241,0,0,19595,231519,0.026611,5270,48393,0.005562,19651,279912,0.032173,8700223
1,2021-01-20,29519,357713,14779,199732,14740,157981,0,0,23551,249228,0.028646,5886,54279,0.006239,23595,303507,0.034885,8700223
1,2021-01-21,31403,389116,14788,214520,16615,174596,0,0,28037,274067,0.031501,3301,57580,0.006618,28140,331647,0.038119,8700223
1,2021-01-22,28490,417606,11314,225834,17176,191772,0,0,26395,298466,0.034306,2026,59606,0.006851,26425,358072,0.041157,8700223
1,2021-01-23,18760,436366,8208,234042,10552,202324,0,0,16795,313336,0.036015,1935,61541,0.007073,16805,374877,0.043088,8700223
1,2021-01-24,6711,443077,4177,238219,2534,204858,0,0,6047,318731,0.036635,658,62199,0.007149,6053,380930,0.043784,8700223
1,2021-01-25,25643,468720,10565,248784,15078,219936,0,0,19779,332809,0.038253,5813,68012,0.007817,19891,400821,0.04607,8700223
1,2021-01-26,28972,497692,13562,262346,15410,235346,0,0,22180,348288,0.040032,6729,74741,0.008591,22208,423029,0.048623,8700223
1,2021-01-27,32791,530483,15609,277955,17182,252528,0,0,24566,364786,0.041928,8158,82899,0.009528,24656,447685,0.051457,8700223
1,2021-01-28,35120,565603,16500,294455,18620,271148,0,0,28045,385951,0.044361,7006,89905,0.010334,28171,475856,0.054695,8700223
1,2021-01-29,33869,599472,16532,310987,17337,288485,0,0,27161,406646,0.04674,6563,96468,0.011088,27258,503114,0.057828,8700223
1,2021-01-30,20213,619685,8743,319730,11470,299955,0,0,17983,422517,0.048564,2198,98666,0.011341,18069,521183,0.059905,8700223
1,2021-01-31,7728,627413,5022,324752,2706,302661,0,0,7004,428808,0.049287,716,99382,0.011423,7007,528190,0.06071,8700223
1,2021-02-01,29177,656590,12580,337332,16597,319258,0,0,21297,442288,0.050836,7826,107208,0.012322,21306,549496,0.063159,8700223
1,2021-02-02,32872,689462,11866,349198,21006,340264,0,0,24548,458638,0.052716,8237,115445,0.013269,24587,574083,0.065985,8700223
1,2021-02-03,39792,729254,15301,364499,24491,364755,0,0,28561,476238,0.054739,11061,126506,0.014541,28661,602744,0.069279,8700223
1,2021-02-04,44202,773456,17215,381714,26987,391742,0,0,31776,495824,0.05699,12303,138809,0.015955,31889,634633,0.072944,8700223
1,2021-02-05,47057,820513,17200,398914,29857,421599,0,0,30715,510469,0.058673,16187,154996,0.017815,30832,665465,0.076488,8700223
1,2021-02-06,26664,847177,10540,409454,16124,437723,0,0,20679,525283,0.060376,5937,160933,0.018498,20751,686216,0.078873,8700223
1,2021-02-07,6303,853480,4054,413508,2249,439972,0,0,4647,528314,0.060724,1635,162568,0.018685,4666,690882,0.07941,8700223
1,2021-02-08,31764,885244,14485,427993,17279,457251,0,0,21141,539029,0.061956,10526,173094,0.019895,21241,712123,0.081851,8700223
1,2021-02-09,38678,923922,16998,444991,21680,478931,0,0,23803,548153,0.063004,14793,187887,0.021596,23917,736040,0.0846,8700223
1,2021-02-10,47514,971436,22243,467234,25271,504202,0,0,27005,554878,0.063777,20377,208264,0.023938,27102,763142,0.087715,8700223
1,2021-02-11,52177,1023613,25519,492753,26658,530860,0,0,31021,565185,0.064962,20838,229102,0.026333,31145,794287,0.091295,8700223
1,2021-02-12,50246,1073859,21619,514372,28627,559487,0,0,28822,572896,0.065848,21256,250358,0.028776,28967,823254,0.094624,8700223
1,2021-02-13,26534,1100393,11552,525924,14982,574469,0,0,15322,577159,0.066338,11138,261496,0.030056,15401,838655,0.096395,8700223
1,2021-02-14,11811,1112204,5578,531502,6233,580702,0,0,6709,578865,0.066535,5071,266567,0.030639,6777,845432,0.097174,8700223
1,2021-02-15,24027,1136231,9442,540944,14585,595287,0,0,14602,584284,0.067157,9299,275866,0.031708,14718,860150,0.098865,8700223
1,2021-02-16,47289,1183520,22549,563493,24740,620027,0,0,27495,592195,0.068067,19704,295570,0.033973,27615,887765,0.102039,8700223
1,2021-02-17,48628,1232148,24625,588118,24003,644030,0,0,26142,596164,0.068523,22325,317895,0.036539,26294,914059,0.105062,8700223
1,2021-02-18,51316,1283464,25667,613785,25649,669679,0,0,26523,598393,0.068779,24538,342433,0.039359,26767,940826,0.108138,8700223
1,2021-02-19,46752,1330216,25346,639131,21406,691085,0,0,26143,604154,0.069441,20443,362876,0.041709,26204,967030,0.11115,8700223
1,2021-02-20,27834,1358050,16902,656033,10932,702017,0,0,15866,608206,0.069907,11899,374775,0.043076,15951,982981,0.112983,8700223
1,2021-02-21,12437,1370487,10696,666729,1741,703758,0,0,7463,610812,0.070206,4909,379684,0.043641,7515,990496,0.113847,8700223
1,2021-02-22,31774,1402261,20876,687605,10898,714656,0,0,18254,615756,0.070775,13418,393102,0.045183,18362,1008858,0.115958,8700223
1,2021-02-23,46011,1448272,22356,709961,23655,738311,0,0,25246,620908,0.071367,20461,413563,0.047535,25613,1034471,0.118902,8700223
1,2021-02-24,56060,1504332,27085,737046,28975,767286,0,0,30808,627180,0.072088,24994,438557,0.050408,31266,1065737,0.122495,8700223
1,2021-02-25,68704,1573036,33352,770398,35352,802638,0,0,42450,644113,0.074034,26020,464577,0.053398,42953,1108690,0.127432,8700223
1,2021-02-26,76747,1649783,35927,806325,40820,843458,0,0,50105,668365,0.076822,26337,490914,0.056425,50589,1159279,0.133247,8700223
1,2021-02-27,52831,1702614,24249,830574,28572,872030,10,10,34648,685329,0.078771,17965,508879,0.05849,34929,1194208,0.137262,8700223
1,2021-02-28,20291,1722905,12045,842619,8244,880274,2,12,14847,694969,0.079879,5353,514232,0.059106,14993,1209201,0.138985,8700223
1,2021-03-01,46337,1769242,21426,864045,24850,905124,61,73,29746,708627,0.081449,16397,530629,0.06099,30055,1239256,0.14244,8700223
1,2021-03-02,64945,1834187,28081,892126,36852,941976,12,85,41294,727122,0.083575,23458,554087,0.063687,41953,1281209,0.147262,8700223
1,2021-03-03,72227,1906414,34355,926481,37841,979817,31,116,43904,743576,0.085466,28094,582181,0.066916,44548,1325757,0.152382,8700223
1,2021-03-04,80218,1986632,37628,964109,42553,1022370,37,153,51404,766973,0.088156,28560,610741,0.070198,51957,1377714,0.158354,8700223
1,2021-03-05,79226,2065858,35721,999830,43297,1065667,208,361,52806,794527,0.091323,26111,636852,0.0732,53665,1431379,0.164522,8700223
1,2021-03-06,58102,2123960,27626,1027456,29126,1094793,1350,1711,39320,816923,0.093897,18636,655488,0.075342,41032,1472411,0.169238,8700223
1,2021-03-07,21007,2144967,13057,1040513,6754,1101547,1196,2907,15533,828451,0.095222,5447,660935,0.075968,16975,1489386,0.171189,8700223
1,2021-03-08,46167,2191134,22543,1063056,21664,1123211,1960,4867,32334,849353,0.097624,13724,674659,0.077545,34626,1524012,0.175169,8700223
1,2021-03-09,66925,2258059,32375,1095431,32034,1155245,2516,7383,41171,867796,0.099744,25575,700234,0.080485,44018,1568030,0.180229,8700223
1,2021-03-10,74263,2332322,37003,1132434,32759,1188004,4501,11884,45726,889979,0.102294,28399,728633,0.083749,50582,1618612,0.186043,8700223
1,2021-03-11,90462,2422784,41622,1174056,40824,1228828,8016,19900,52646,913523,0.105,37561,766194,0.088066,61105,1679717,0.193066,8700223
1,2021-03-12,99348,2522132,43788,1217844,43110,1271938,12450,32350,57958,943205,0.108412,41152,807346,0.092796,70834,1750551,0.201208,8700223
1,2021-03-13,65470,2587602,29577,1247421,28191,1300129,7702,40052,41692,969256,0.111406,23636,830982,0.095513,49687,1800238,0.206919,8700223
1,2021-03-14,27946,2615548,14945,1262366,9433,1309562,3568,43620,15654,976443,0.112232,12214,843196,0.096917,19401,1819639,0.209149,8700223
1,2021-03-15,65393,2680941,28845,1291211,29794,1339356,6754,50374,38437,995249,0.114394,26723,869919,0.099988,45529,1865168,0.214382,8700223
1,2021-03-16,85929,2766870,39175,1330386,41105,1380461,5649,56023,53219,1021977,0.117466,32477,902396,0.103721,59205,1924373,0.221187,8700223
1,2021-03-17,93381,2860251,45575,1375961,41261,1421722,6545,62568,60053,1055845,0.121358,33073,935469,0.107522,66941,1991314,0.228881,8700223
1,2021-03-18,99033,2959284,51098,1427059,42216,1463938,5719,68287,59865,1083113,0.124493,38796,974265,0.111982,66064,2057378,0.236474,8700223
1,2021-03-19,103968,3063252,53822,1480881,43841,1507779,6305,74592,60667,1107607,0.127308,42985,1017250,0.116922,67479,2124857,0.24423,8700223
1,2021-03-20,72963,3136215,37369,1518250,30373,1538152,5221,79813,46869,1134067,0.130349,25897,1043147,0.119899,52357,2177214,0.250248,8700223
1,2021-03-21,27377,3163592,19084,1537334,6484,1544636,1809,81622,17030,1142746,0.131347,10247,1053394,0.121077,18926,2196140,0.252423,8700223
1,2021-03-22,59390,3222982,30670,1568004,25415,1570051,3305,84927,39924,1167112,0.134147,19230,1072624,0.123287,43596,2239736,0.257434,8700223
1,2021-03-23,83620,3306602,42586,1610590,37398,1607449,3636,88563,51253,1190351,0.136818,32103,1104727,0.126977,55342,2295078,0.263795,8700223
1,2021-03-24,88518,3395120,44764,1655354,39384,1646833,4370,92933,52709,1212081,0.139316,35503,1140230,0.131058,57233,2352311,0.270374,8700223
1,2021-03-25,97387,3492507,49813,1705167,41724,1688557,5850,98783,53876,1228845,0.141243,43166,1183396,0.136019,59930,2412241,0.277262,8700223
1,2021-03-26,105656,3598163,51264,1756431,48062,1736619,6330,105113,56582,1243362,0.142912,48689,1232085,0.141615,63206,2475447,0.284527,8700223
1,2021-03-27,74457,3672620,38524,1794955,31721,1768340,4212,109325,38195,1249940,0.143668,36023,1268108,0.145756,42601,2518048,0.289423,8700223
1,2021-03-28,32862,3705482,21505,1816460,10130,1778470,1227,110552,16440,1251749,0.143876,16308,1284416,0.14763,18117,2536165,0.291506,8700223
1,2021-03-29,68771,3774253,33881,1850341,31721,1810191,3169,113721,37905,1262405,0.1451,30626,1315042,0.15115,41282,2577447,0.296251,8700223
1,2021-03-30,93558,3867811,45721,1896062,41429,1851620,6408,120129,48075,1271714,0.14617,45244,1360286,0.156351,54553,2632000,0.302521,8700223
1,2021-03-31,102154,3969965,53154,1949216,42749,1894369,6251,126380,55926,1288057,0.148049,45881,1406167,0.161624,62224,2694224,0.309673,8700223
1,2021-04-01,113797,4083762,54357,2003573,50608,1944977,8832,135212,57765,1299140,0.149323,55545,1461712,0.168009,66628,2760852,0.317331,8700223
1,2021-04-02,112971,4196733,51440,2055013,51781,1996758,9750,144962,57348,1311262,0.150716,55170,1516882,0.17435,67292,2828144,0.325066,8700223
1,2021-04-03,78831,4275564,39644,2094657,29481,2026239,9706,154668,37015,1316413,0.151308,41616,1558498,0.179133,46767,2874911,0.330441,8700223
1,2021-04-04,23824,4299388,11849,2106506,8495,2034734,3480,158148,9942,1316014,0.151262,13808,1572306,0.18072,13409,2888320,0.331982,8700223
1,2021-04-05,77773,4377161,37051,2143557,31320,2066054,9402,167550,35027,1318066,0.151498,42517,1614823,0.185607,44569,2932889,0.337105,8700223
1,2021-04-06,104989,4482150,49743,2193300,38537,2104591,16709,184259,47526,1325158,0.152313,57139,1671962,0.192175,64231,2997120,0.344488,8700223
1,2021-04-07,113064,4595214,54819,2248119,40552,2145143,17693,201952,50999,1332106,0.153112,61737,1733699,0.199271,68685,3065805,0.352382,8700223
1,2021-04-08,123374,4718588,58397,2306516,43845,2188988,21132,223084,54573,1339474,0.153959,68356,1802055,0.207127,75724,3141529,0.361086,8700223
1,2021-04-09,124538,4843126,56776,2363292,46833,2235821,20929,244013,54695,1345648,0.154668,69465,1871520,0.215112,75639,3217168,0.36978,8700223
1,2021-04-10,97455,4940581,43456,2406748,30940,2266761,23059,267072,38577,1348558,0.155003,58645,1930165,0.221852,61555,3278723,0.376855,8700223
1,2021-04-11,36775,4977356,20419,2427167,9456,2276217,6900,273972,14867,1348579,0.155005,21836,1952001,0.224362,21857,3300580,0.379367,8700223
1,2021-04-12,75084,5052440,33507,2460674,31517,2307734,10060,284032,31876,1347741,0.154909,42903,1994904,0.229293,42065,3342645,0.384202,8700223
1,2021-04-13,98404,5150844,52581,2513255,45480,2353214,343,284375,53152,1356649,0.155933,44934,2039838,0.234458,53842,3396487,0.390391,8700223
1,2021-04-14,105332,5256176,54532,2567787,50721,2403935,79,284454,53491,1359146,0.15622,51443,2091281,0.240371,53940,3450427,0.396591,8700223
1,2021-04-15,106072,5362248,57572,2625359,48407,2452342,93,284547,56234,1366420,0.157056,49229,2140510,0.246029,56503,3506930,0.403085,8700223
1,2021-04-16,111142,5473390,56858,2682217,54194,2506536,90,284637,55470,1367055,0.157129,55115,2195625,0.252364,55750,3562680,0.409493,8700223
1,2021-04-17,83579,5556969,45382,2727599,38185,2544721,12,284649,46570,1377049,0.158277,36752,2232377,0.256588,46746,3609426,0.414866,8700223
1,2021-04-18,30588,5587557,20702,2748301,9879,2554600,7,284656,15333,1377438,0.158322,15159,2247536,0.258331,15548,3624974,0.416653,8700223
1,2021-04-19,67295,5654852,34060,2782361,33222,2587822,13,284669,30323,1371315,0.157618,36589,2284125,0.262536,30466,3655440,0.420155,8700223
1,2021-04-20,88585,5743437,44576,2826937,43985,2631807,24,284693,41305,1365944,0.157001,46901,2331026,0.267927,41530,3696970,0.424928,8700223
1,2021-04-21,98047,5841484,51141,2878078,46802,2678609,104,284797,43755,1356352,0.155899,53694,2384720,0.274099,44102,3741072,0.429997,8700223
1,2021-04-22,97927,5939411,51200,2929278,46708,2725317,19,284816,44803,1348811,0.155032,52583,2437303,0.280143,45042,3786114,0.435174,8700223
1,2021-04-23,102852,6042263,53130,2982408,49694,2775011,28,284844,48817,1344407,0.154526,53488,2490791,0.28629,49084,3835198,0.440816,8700223
1,2021-04-24,76581,6118844,47499,3029907,29055,2804066,27,284871,43088,1354454,0.15568,33329,2524120,0.290121,43376,3878574,0.445802,8700223
1,2021-04-25,27413,6146257,17453,3047360,9946,2814012,14,284885,15625,1358574,0.156154,11661,2535781,0.291462,15781,3894355,0.447616,8700223
1,2021-04-26,66611,6212868,34961,3082321,31244,2845256,406,285291,31418,1355867,0.155843,34867,2570648,0.295469,32160,3926515,0.451312,8700223
1,2021-04-27,81951,6294819,43566,3125887,37079,2882335,1306,286597,35344,1346562,0.154773,46294,2616942,0.30079,36989,3963504,0.455563,8700223
1,2021-04-28,81766,6376585,43507,3169394,36741,2919076,1518,288115,35711,1338332,0.153827,45682,2662624,0.306041,37452,4000956,0.459868,8700223
1,2021-04-29,85191,6461776,46881,3216275,36678,2955754,1632,289747,34651,1324636,0.152253,50144,2712768,0.311804,36448,4037404,0.464058,8700223
1,2021-04-30,92851,6554627,50271,3266546,40690,2996444,1890,291637,38569,1311334,0.150724,53919,2766687,0.318002,40617,4078021,0.468726,8700223
1,2021-05-01,64037,6618664,41287,3307833,21315,3017759,1435,293072,26952,1303128,0.149781,36808,2803495,0.322233,28602,4106623,0.472014,8700223
1,2021-05-02,23546,6642210,16678,3324511,6287,3024046,581,293653,9474,1299249,0.149335,13961,2817456,0.323837,10082,4116705,0.473172,8700223
1,2021-05-03,56497,6698707,31334,3355845,23312,3047358,1851,295504,20459,1285841,0.147794,35770,2853226,0.327949,22362,4139067,0.475743,8700223
1,2021-05-04,76098,6774805,43851,3399696,30145,3077503,2102,297606,27227,1266698,0.145594,48550,2901776,0.333529,29407,4168474,0.479123,8700223
1,2021-05-05,78512,6853317,45509,3445205,30696,3108199,2307,299913,26573,1244092,0.142995,51565,2953341,0.339456,28959,4197433,0.482451,8700223
1,2021-05-06,80015,6933332,48585,3493790,29243,3137442,2187,302100,24955,1216742,0.139852,54644,3007985,0.345737,27294,4224727,0.485588,8700223
1,2021-05-07,83603,7016935,47573,3541363,33832,3171274,2198,304298,27896,1191670,0.13697,55228,3063213,0.352084,30156,4254883,0.489054,8700223
1,2021-05-08,57514,7074449,36085,3577448,19776,3191050,1653,305951,19532,1175308,0.135089,37631,3100844,0.35641,21269,4276152,0.491499,8700223
1,2021-05-09,18363,7092812,13174,3590622,4710,3195760,479,306430,5568,1168678,0.134327,12712,3113556,0.357871,6082,4282234,0.492198,8700223
1,2021-05-10,44361,7137173,22437,3613059,20090,3215850,1834,308264,14823,1156183,0.132891,29240,3142796,0.361232,16745,4298979,0.494123,8700223
1,2021-05-11,62936,7200109,34225,3647284,26548,3242398,2163,310427,20669,1137162,0.130705,41961,3184757,0.366055,22940,4321919,0.49676,8700223
1,2021-05-12,63056,7263165,33508,3680792,27482,3269880,2066,312493,20704,1117987,0.128501,42008,3226765,0.370883,22833,4344752,0.499384,8700223
1,2021-05-13,67318,7330483,39504,3720296,25823,3295703,1991,314484,25626,1104600,0.126962,41287,3268052,0.375629,27900,4372652,0.502591,8700223
1,2021-05-14,76907,7407390,46374,3766670,28127,3323830,2406,316890,31053,1092907,0.125618,45429,3313481,0.38085,33736,4406388,0.506468,8700223
1,2021-05-15,66875,7474265,43919,3810589,21187,3345017,1769,318659,26629,1081467,0.124303,39905,3353386,0.385437,28465,4434853,0.50974,8700223
1,2021-05-16,25131,7499396,18530,3829119,5981,3350998,620,319279,10242,1077611,0.12386,14764,3368150,0.387134,10908,4445761,0.510994,8700223
1,2021-05-17,54467,7553863,33291,3862410,19393,3370391,1783,321062,23081,1071426,0.123149,31106,3399256,0.390709,24921,4470682,0.513858,8700223
1,2021-05-18,65292,7619155,39345,3901755,24105,3394496,1842,322904,28316,1064988,0.122409,36684,3435940,0.394926,30246,4500928,0.517335,8700223
1,2021-05-19,66689,7685844,40620,3942375,24128,3418624,1941,324845,29836,1060292,0.12187,36548,3472488,0.399126,31852,4532780,0.520996,8700223
1,2021-05-20,64975,7750819,37704,3980079,25038,3443662,2233,327078,26724,1051558,0.120866,37890,3510378,0.403481,29156,4561936,0.524347,8700223
1,2021-05-21,70631,7821450,42249,4022328,26505,3470167,1877,328955,29126,1041571,0.119718,41082,3551460,0.408203,31095,4593031,0.527921,8700223
1,2021-05-22,56532,7877982,37194,4059522,17607,3487774,1731,330686,24582,1036314,0.119113,31662,3583122,0.411843,26405,4619436,0.530956,8700223
1,2021-05-23,20533,7898515,14360,4073882,5586,3493360,587,331273,9513,1035525,0.119023,10913,3594035,0.413097,10124,4629560,0.53212,8700223
1,2021-05-24,44286,7942801,24715,4098597,17723,3511083,1848,333121,17930,1029293,0.118307,26089,3620124,0.416096,19857,4649417,0.534402,8700223
1,2021-05-25,51361,7994162,29590,4128187,20060,3531143,1711,334832,21318,1022674,0.117546,29744,3649868,0.419514,23125,4672542,0.53706,8700223
1,2021-05-26,48750,8042912,27644,4155831,19200,3550343,1906,336738,20662,1017515,0.116953,27766,3677634,0.422706,22607,4695149,0.539658,8700223
1,2021-05-27,47192,8090104,26470,4182301,18804,3569147,1918,338656,20216,1013087,0.116444,26676,3704310,0.425772,22248,4717397,0.542216,8700223
1,2021-05-28,52825,8142929,29491,4211792,21494,3590641,1840,340496,23646,1009867,0.116074,28830,3733140,0.429086,25610,4743007,0.545159,8700223
1,2021-05-29,30744,8173673,18618,4230410,11159,3601800,967,341463,14620,1009543,0.116036,15966,3749106,0.430921,15642,4758649,0.546957,8700223
1,2021-05-30,11733,8185406,7585,4237995,3588,3605388,560,342023,5536,1009542,0.116036,6121,3755227,0.431624,6120,4764769,0.547661,8700223
1,2021-05-31,5786,8191192,3289,4241284,2237,3607625,260,342283,2015,1008122,0.115873,3706,3758933,0.43205,2286,4767055,0.547923,8700223
1,2021-06-01,46127,8237319,26093,4267377,18451,3626076,1583,343866,17444,998898,0.114813,28314,3787247,0.435305,19090,4786145,0.550118,8700223
1,2021-06-02,40130,8277449,23281,4290658,15334,3641410,1515,345381,16172,993016,0.114137,23650,3810897,0.438023,17768,4803913,0.55216,8700223
1,2021-06-03,41632,8319081,26078,4316736,13831,3655241,1723,347104,15869,985231,0.113242,25452,3836349,0.440948,17667,4821580,0.55419,8700223
1,2021-06-04,50360,8369441,32218,4348954,16325,3671566,1817,348921,18000,973141,0.111852,31985,3868334,0.444625,19895,4841475,0.556477,8700223
1,2021-06-05,40473,8409914,27611,4376565,10853,3682419,2009,350930,14179,963308,0.110722,26072,3894406,0.447621,16239,4857714,0.558344,8700223
1,2021-06-06,13259,8423173,10616,4387181,2128,3684547,515,351445,4572,959856,0.110325,8601,3903007,0.44861,5149,4862863,0.558935,8700223
1,2021-06-07,34068,8457241,23476,4410657,9223,3693770,1369,352814,12070,951570,0.109373,21777,3924784,0.451113,13491,4876354,0.560486,8700223
1,2021-06-08,42351,8499592,29304,4439961,11385,3705155,1662,354476,14725,940704,0.108124,27343,3952127,0.454256,16477,4892831,0.56238,8700223
1,2021-06-09,42264,8541856,29308,4469269,11307,3716462,1649,356125,13741,927944,0.106657,28205,3980332,0.457498,15445,4908276,0.564155,8700223
1,2021-06-10,39244,8581100,26420,4495689,11114,3727576,1710,357835,13371,917516,0.105459,25610,4005942,0.460441,15182,4923458,0.5659,8700223
1,2021-06-11,44201,8625301,29300,4524989,13209,3740785,1692,359527,15679,906763,0.104223,28202,4034144,0.463683,17449,4940907,0.567906,8700223
1,2021-06-12,33900,8659201,24514,4549503,8166,3748951,1220,360747,11110,896589,0.103054,22570,4056714,0.466277,12396,4953303,0.569331,8700223
1,2021-06-13,11650,8670851,8471,4557974,2699,3751650,480,361227,3389,892304,0.102561,8187,4064901,0.467218,3902,4957205,0.569779,8700223
1,2021-06-14,31058,8701909,20905,4578879,8830,3760480,1323,362550,11554,885915,0.101827,19294,4084195,0.469436,12905,4970110,0.571262,8700223
1,2021-06-15,37497,8739406,24570,4603449,11060,3771540,1867,364417,13886,878436,0.100967,23320,4107515,0.472116,15841,4985951,0.573083,8700223
1,2021-06-16,35645,8775051,24087,4627536,9715,3781255,1843,366260,13384,871734,0.100197,21984,4129499,0.474643,15282,5001233,0.57484,8700223
1,2021-06-17,33774,8808825,22324,4649860,9488,3790743,1962,368222,13165,866587,0.099605,20360,4149859,0.476983,15213,5016446,0.576588,8700223
1,2021-06-18,39866,8848691,25900,4675760,11098,3801841,2868,371090,15466,860865,0.098947,24108,4173967,0.479754,18386,5034832,0.578701,8700223
1,2021-06-19,24105,8872796,16724,4692484,6180,3808021,1201,372291,9800,857776,0.098592,14129,4188096,0.481378,11040,5045872,0.57997,8700223
1,2021-06-20,8170,8880966,5985,4698469,1908,3809929,277,372568,3241,856448,0.09844,4857,4192953,0.481936,3529,5049401,0.580376,8700223
1,2021-06-21,21058,8902024,11915,4710384,6945,3816874,2198,374766,10964,859682,0.098811,9976,4202929,0.483083,13210,5062611,0.581894,8700223
1,2021-06-22,30947,8932971,20204,4730588,8590,3825464,2153,376919,12965,857099,0.098515,17763,4220692,0.485125,15180,5077791,0.583639,8700223
1,2021-06-23,29522,8962493,19829,4750417,7868,3833332,1825,378744,12877,855404,0.09832,16421,4237113,0.487012,14726,5092517,0.585332,8700223
1,2021-06-24,28527,8991020,18991,4769408,7854,3841186,1682,380426,12095,853027,0.098047,16222,4253335,0.488877,13845,5106362,0.586923,8700223
1,2021-06-25,31883,9022903,21575,4790983,8895,3850081,1413,381839,14002,850863,0.097798,17636,4270971,0.490904,15472,5121834,0.588701,8700223
1,2021-06-26,22554,9045457,16753,4807736,4960,3855041,841,382680,9848,849022,0.097586,12580,4283551,0.49235,10739,5132573,0.589936,8700223
1,2021-06-27,9209,9054666,6859,4814595,1915,3856956,435,383115,4076,848487,0.097525,5062,4288613,0.492931,4527,5137100,0.590456,8700223
1,2021-06-28,21281,9075947,15811,4830406,4215,3861171,1255,384370,9854,848417,0.097517,11226,4299839,0.494222,11156,5148256,0.591738,8700223
1,2021-06-29,27030,9102977,18495,4848901,7140,3868311,1395,385765,11919,846869,0.097339,14919,4314758,0.495936,13371,5161627,0.593275,8700223
1,2021-06-30,26267,9129244,18172,4867073,7033,3875344,1062,386827,12480,846922,0.097345,13562,4328320,0.497495,13615,5175242,0.59484,8700223
1,2021-07-01,24089,9153333,16736,4883809,6049,3881393,1304,388131,11154,846685,0.097318,12771,4341091,0.498963,12534,5187776,0.596281,8700223
1,2021-07-02,26803,9180136,18412,4902221,7341,3888734,1050,389181,12528,846269,0.09727,14075,4355166,0.500581,13659,5201435,0.597851,8700223
1,2021-07-03,14883,9195019,10392,4912613,4037,3892771,454,389635,7085,846179,0.097259,7663,4362829,0.501462,7573,5209008,0.598721,8700223
1,2021-07-04,1291,9196310,728,4913341,496,3893267,67,389702,623,846217,0.097264,657,4363486,0.501537,695,5209703,0.598801,8700223
1,2021-07-05,11157,9207467,7726,4921067,3067,3896334,364,390066,5293,846127,0.097253,5795,4369281,0.502203,5705,5215408,0.599457,8700223
1,2021-07-06,27542,9235009,19460,4940527,6931,3903265,1151,391217,11010,842042,0.096784,16347,4385628,0.504082,12262,5227670,0.600866,8700223
1,2021-07-07,24061,9259070,16834,4957361,6060,3909325,1167,392384,10363,840148,0.096566,13508,4399136,0.505635,11614,5239284,0.602201,8700223
1,2021-07-08,23024,9282094,15913,4973274,6014,3915339,1097,393481,9952,838351,0.09636,12935,4412071,0.507122,11138,5250422,0.603481,8700223
1,2021-07-09,27226,9309320,19252,4992526,6801,3922140,1173,394654,12261,837052,0.09621,14788,4426859,0.508821,13489,5263911,0.605032,8700223
1,2021-07-10,17978,9327298,12975,5005501,4231,3926371,772,395426,7999,836018,0.096092,9852,4436711,0.509954,8818,5272729,0.606045,8700223
1,2021-07-11,6803,9334101,4979,5010480,1619,3927990,205,395631,3283,836057,0.096096,3467,4440178,0.510352,3506,5276235,0.606448,8700223
1,2021-07-12,20332,9354433,14606,5025086,4829,3932819,897,396528,9003,834864,0.095959,11186,4451364,0.511638,9993,5286228,0.607597,8700223
1,2021-07-13,22498,9376931,15705,5040791,5977,3938796,816,397344,10521,834460,0.095912,11828,4463192,0.512997,11424,5297652,0.60891,8700223
1,2021-07-14,22514,9399445,15465,5056256,6061,3944857,988,398332,10119,833440,0.095795,12238,4475430,0.514404,11218,5308870,0.610199,8700223
1,2021-07-15,21940,9421385,15549,5071805,5657,3950514,734,399066,10603,833693,0.095824,11189,4486619,0.51569,11442,5320312,0.611514,8700223
1,2021-07-16,26958,9448343,18842,5090647,7111,3957625,1005,400071,13356,834705,0.095941,13434,4500053,0.517234,14446,5334758,0.613175,8700223
1,2021-07-17,18745,9467088,13540,5104187,4500,3962125,705,400776,9212,835257,0.096004,9401,4509454,0.518315,9953,5344711,0.614319,8700223
1,2021-07-18,7491,9474579,5529,5109716,1676,3963801,286,401062,3837,835801,0.096067,3595,4513049,0.518728,4139,5348850,0.614795,8700223
1,2021-07-19,20929,9495508,15165,5124881,4931,3968732,833,401895,10498,836932,0.096197,10295,4523344,0.519911,11426,5360276,0.616108,8700223
1,2021-07-20,24992,9520500,17285,5142166,6819,3975551,888,402783,12844,838792,0.09641,11963,4535307,0.521286,13823,5374099,0.617697,8700223
1,2021-07-21,25355,9545855,17813,5159979,6332,3981883,1210,403993,12965,840853,0.096647,12231,4547538,0.522692,14292,5388391,0.619339,8700223
1,2021-07-22,24451,9570306,17286,5177265,6321,3988204,844,404837,13328,844175,0.097029,10941,4558479,0.52395,14263,5402654,0.620979,8700223
1,2021-07-23,29118,9599424,20582,5197847,7514,3995718,1022,405859,16233,848810,0.097562,12687,4571166,0.525408,17322,5419976,0.62297,8700223
1,2021-07-24,18191,9617615,12836,5210683,4788,4000506,567,406426,10710,852751,0.098015,7362,4578528,0.526254,11303,5431279,0.624269,8700223
1,2021-07-25,7500,9625115,5394,5216077,1989,4002495,117,406543,5597,856619,0.098459,1867,4580395,0.526469,5735,5437014,0.624928,8700223
1,2021-07-26,21437,9646552,14826,5230903,5848,4008343,763,407306,13859,863854,0.099291,7458,4587853,0.527326,14693,5451707,0.626617,8700223
1,2021-07-27,27093,9673645,19338,5250241,6814,4015157,941,408247,15968,869862,0.099982,10957,4598810,0.528585,16965,5468672,0.628567,8700223
1,2021-07-28,28102,9701747,19935,5270176,7294,4022451,873,409120,17254,877401,0.100848,10658,4609468,0.52981,18197,5486869,0.630658,8700223
1,2021-07-29,26738,9728485,18971,5289147,6973,4029424,794,409914,16731,885155,0.101739,9833,4619301,0.530941,17587,5504456,0.63268,8700223
1,2021-07-30,31195,9759680,22304,5311451,7986,4037410,905,410819,19089,893294,0.102675,11893,4631194,0.532308,20032,5524488,0.634982,8700223
1,2021-07-31,19987,9779667,14503,5325954,4943,4042353,541,411360,12450,898929,0.103323,7380,4638574,0.533156,13015,5537503,0.636478,8700223
1,2021-08-01,8883,9788550,6695,5332649,2061,4044414,127,411487,6096,902440,0.103726,2741,4641315,0.533471,6252,5543755,0.637197,8700223
1,2021-08-02,24894,9813444,18531,5351180,5657,4050071,706,412193,16214,910883,0.104697,8525,4649840,0.534451,16968,5560723,0.639147,8700223
1,2021-08-03,28574,9842018,20667,5371847,6994,4057065,913,413106,17905,919258,0.105659,10479,4660319,0.535655,18854,5579577,0.641314,8700223
1,2021-08-04,27608,9869626,20058,5391905,6672,4063737,878,413984,17546,927868,0.106649,9858,4670177,0.536788,18468,5598045,0.643437,8700223
1,2021-08-05,27293,9896919,19994,5411899,6401,4070138,898,414882,17207,936110,0.107596,9886,4680063,0.537924,18128,5616173,0.645521,8700223
1,2021-08-06,33717,9930636,24823,5436722,7921,4078059,973,415855,21023,945691,0.108697,12461,4692524,0.539357,22042,5638215,0.648054,8700223
1,2021-08-07,21717,9952353,16282,5453004,4866,4082925,569,416424,13544,951777,0.109397,8040,4700564,0.540281,14126,5652341,0.649678,8700223
1,2021-08-08,10515,9962868,7679,5460683,2636,4085561,200,416624,6842,955227,0.109793,3601,4704165,0.540695,7051,5659392,0.650488,8700223
1,2021-08-09,27801,9990669,20836,5481519,6165,4091726,800,417424,17206,962867,0.110672,10400,4714565,0.54189,18040,5677432,0.652562,8700223
1,2021-08-10,29224,10019893,21491,5503010,6869,4098595,864,418288,17429,969626,0.111448,11586,4726151,0.543222,18345,5695777,0.65467,8700223
1,2021-08-11,26729,10046622,19677,5522687,6145,4104740,907,419195,15760,975559,0.11213,10761,4736912,0.544459,16694,5712471,0.656589,8700223
1,2021-08-12,28360,10074982,20382,5543069,6947,4111687,1031,420226,16923,982384,0.112915,11150,4748062,0.54574,17975,5730446,0.658655,8700223
1,2021-08-13,35440,10110422,25780,5568849,8629,4120316,1031,421257,20648,989616,0.113746,14494,4762556,0.547406,21726,5752172,0.661152,8700223
1,2021-08-14,23538,10133960,17877,5586726,5119,4125435,542,421799,13486,994058,0.114257,9604,4772160,0.54851,14046,5766218,0.662767,8700223
1,2021-08-15,10452,10144412,7704,5594430,2603,4128038,145,421944,6043,996159,0.114498,4108,4776268,0.548982,6209,5772427,0.66348,8700223
1,2021-08-16,28522,10172934,20211,5614641,7532,4135570,779,422723,15793,1000876,0.11504,11883,4788151,0.550348,16600,5789027,0.665388,8700223
1,2021-08-17,30947,10203881,21967,5636608,8104,4143674,876,423599,16294,1004337,0.115438,13747,4801898,0.551928,17208,5806235,0.667366,8700223
1,2021-08-18,29238,10233119,21159,5657767,7233,4150907,846,424445,14819,1006737,0.115714,13312,4815210,0.553458,15712,5821947,0.669172,8700223
1,2021-08-19,17142,10250261,12108,5669875,4189,4155096,845,425290,8666,1008492,0.115916,7780,4822990,0.554352,9535,5831482,0.670268,8700223
2,2020-12-15,262,262,262,262,0,0,0,0,262,262,3.1e-05,0,0,0.0,262,262,3.1e-05,8407551
2,2020-12-16,2269,2531,2269,2531,0,0,0,0,2268,2530,0.000301,0,0,0.0,2268,2530,0.000301,8407551
2,2020-12-17,6987,9518,6987,9518,0,0,0,0,6986,9516,0.001132,0,0,0.0,6986,9516,0.001132,8407551
2,2020-12-18,11171,20689,11150,20668,21,21,0,0,11173,20689,0.002461,0,0,0.0,11173,20689,0.002461,8407551
2,2020-12-19,5640,26329,5633,26301,7,28,0,0,5641,26330,0.003132,0,0,0.0,5641,26330,0.003132,8407551
2,2020-12-20,4264,30593,4250,30551,14,42,0,0,4259,30588,0.003638,1,1,0.0,4259,30589,0.003638,8407551
2,2020-12-21,12890,43483,12860,43411,30,72,0,0,12845,43433,0.005166,0,1,0.0,12845,43434,0.005166,8407551
2,2020-12-22,12251,55734,11723,55134,528,600,0,0,12250,55683,0.006623,0,1,0.0,12250,55684,0.006623,8407551
2,2020-12-23,11815,67549,9570,64704,2245,2845,0,0,11815,67497,0.008028,2,3,0.0,11816,67500,0.008028,8407551
2,2020-12-24,5929,73478,3507,68211,2422,5267,0,0,5924,73420,0.008733,3,6,1e-06,5926,73426,0.008733,8407551
2,2020-12-25,501,73979,418,68629,83,5350,0,0,504,73924,0.008793,0,6,1e-06,504,73930,0.008793,8407551
2,2020-12-26,2587,76566,1672,70301,915,6265,0,0,2588,76511,0.0091,1,7,1e-06,2588,76518,0.009101,8407551
2,2020-12-27,2247,78813,1221,71522,1026,7291,0,0,2244,78753,0.009367,2,9,1e-06,2244,78762,0.009368,8407551
2,2020-12-28,11157,89970,7243,78765,3914,11205,0,0,11157,89908,0.010694,2,11,1e-06,11157,89919,0.010695,8407551
2,2020-12-29,12991,102961,7313,86078,5678,16883,0,0,12997,102905,0.01224,0,11,1e-06,12997,102916,0.012241,8407551
2,2020-12-30,15754,118715,8850,94928,6904,23787,0,0,15749,118651,0.014112,5,16,2e-06,15751,118667,0.014114,8407551
2,2020-12-31,7632,126347,2845,97773,4787,28574,0,0,7624,126270,0.015019,5,21,2e-06,7624,126291,0.015021,8407551
2,2021-01-01,1418,127765,683,98456,735,29309,0,0,1414,127680,0.015186,4,25,3e-06,1414,127705,0.015189,8407551
2,2021-01-02,4887,132652,2786,101242,2101,31410,0,0,4883,132561,0.015767,2,27,3e-06,4883,132588,0.01577,8407551
2,2021-01-03,1430,134082,808,102050,622,32032,0,0,1422,133979,0.015936,4,31,4e-06,1422,134010,0.015939,8407551
2,2021-01-04,11813,145895,5629,107679,6184,38216,0,0,11801,145776,0.017339,4,35,4e-06,11801,145811,0.017343,8407551
2,2021-01-05,14029,159924,7036,114715,6993,45209,0,0,12784,157356,0.018716,1239,1274,0.000152,12819,158630,0.018868,8407551
2,2021-01-06,19255,179179,10655,125370,8600,53809,0,0,15297,168769,0.020074,3897,5171,0.000615,15310,173940,0.020689,8407551
2,2021-01-07,23467,202646,13228,138598,10239,64048,0,0,15732,176779,0.021026,7739,12910,0.001536,15749,189689,0.022562,8407551
2,2021-01-08,27117,229763,16355,154953,10762,74810,0,0,16684,183120,0.02178,10374,23284,0.002769,16715,206404,0.02455,8407551
2,2021-01-09,9905,239668,5794,160747,4111,78921,0,0,6315,185860,0.022106,3585,26869,0.003196,6325,212729,0.025302,8407551
2,2021-01-10,5366,245034,2990,163737,2376,81297,0,0,3091,186684,0.022204,2273,29142,0.003466,3097,215826,0.02567,8407551
2,2021-01-11,26205,271239,18123,181860,8082,89379,0,0,15021,190578,0.022667,11181,40323,0.004796,15075,230901,0.027464,8407551
2,2021-01-12,26573,297812,16509,198369,10064,99443,0,0,16861,197819,0.023529,9714,50037,0.005951,16955,247856,0.02948,8407551
2,2021-01-13,28780,326592,15278,213647,13502,112945,0,0,20708,210518,0.025039,8051,58088,0.006909,20750,268606,0.031948,8407551
2,2021-01-14,30745,357337,11769,225416,18976,131921,0,0,26414,232680,0.027675,4334,62422,0.007425,26496,295102,0.0351,8407551
2,2021-01-15,35293,392630,12781,238197,22512,154433,0,0,31956,261402,0.031091,3328,65750,0.00782,32050,327152,0.038912,8407551
2,2021-01-16,18395,411025,6151,244348,12244,166677,0,0,16969,276940,0.032939,1441,67191,0.007992,16979,344131,0.040931,8407551
2,2021-01-17,10610,421635,3582,247930,7028,173705,0,0,9855,286036,0.034021,770,67961,0.008083,9866,353997,0.042105,8407551
2,2021-01-18,19885,441520,11120,259050,8765,182470,0,0,14993,296185,0.035228,4909,72870,0.008667,15058,369055,0.043896,8407551
2,2021-01-19,32914,474434,17121,276171,15793,198263,0,0,24699,312786,0.037203,8213,81083,0.009644,24814,393869,0.046847,8407551
2,2021-01-20,37817,512251,19059,295230,18758,217021,0,0,29100,333291,0.039642,8689,89772,0.010678,29194,423063,0.050319,8407551
2,2021-01-21,41322,553573,17586,312816,23736,240757,0,0,36714,365622,0.043487,4573,94345,0.011221,36904,459967,0.054709,8407551
2,2021-01-22,39835,593408,16648,329464,23187,263944,0,0,36422,398640,0.047415,3432,97777,0.01163,36450,496417,0.059044,8407551
2,2021-01-23,24319,617727,10820,340284,13499,277443,0,0,21320,417014,0.0496,2977,100754,0.011984,21351,517768,0.061584,8407551
2,2021-01-24,12513,630240,6131,346415,6382,283825,0,0,11580,427696,0.05087,917,101671,0.012093,11599,529367,0.062963,8407551
2,2021-01-25,34178,664418,15720,362135,18458,302283,0,0,25230,444181,0.052831,8895,110566,0.013151,25380,554747,0.065982,8407551
2,2021-01-26,40628,705046,19865,382000,20763,323046,0,0,31268,466208,0.055451,9331,119897,0.014261,31358,586105,0.069712,8407551
2,2021-01-27,45957,751003,22773,404773,23184,346230,0,0,35470,491383,0.058445,10363,130260,0.015493,35538,621643,0.073939,8407551
2,2021-01-28,48369,799372,22572,427345,25797,372027,0,0,39506,522178,0.062108,8792,139052,0.016539,39587,661230,0.078647,8407551
2,2021-01-29,45978,845350,22127,449472,23851,395878,0,0,37085,550578,0.065486,8765,147817,0.017581,37165,698395,0.083068,8407551
2,2021-01-30,31530,876880,13359,462831,18171,414049,0,0,28084,575301,0.068427,3405,151222,0.017986,28128,726523,0.086413,8407551
2,2021-01-31,17321,894201,10236,473067,7085,421134,0,0,16090,590206,0.0702,1209,152431,0.01813,16114,742637,0.08833,8407551
2,2021-02-01,41615,935816,19930,492997,21685,442819,0,0,30347,609395,0.072482,11204,163635,0.019463,30393,773030,0.091945,8407551
2,2021-02-02,48254,984070,19623,512620,28631,471450,0,0,36578,634497,0.075468,11577,175212,0.02084,36679,809709,0.096307,8407551
2,2021-02-03,54360,1038430,23910,536530,30450,501900,0,0,39977,660298,0.078536,14278,189490,0.022538,40079,849788,0.101074,8407551
2,2021-02-04,56566,1094996,24274,560804,32292,534192,0,0,41118,686184,0.081615,15337,204827,0.024362,41223,891011,0.105977,8407551
2,2021-02-05,60625,1155621,26337,587141,34288,568480,0,0,40901,707778,0.084184,19505,224332,0.026682,41099,932110,0.110866,8407551
2,2021-02-06,39624,1195245,18440,605581,21184,589664,0,0,31508,731360,0.086988,8036,232368,0.027638,31618,963728,0.114626,8407551
2,2021-02-07,15778,1211023,10443,616024,5335,594999,0,0,11948,739585,0.087967,3796,236164,0.02809,12021,975749,0.116056,8407551
2,2021-02-08,43306,1254329,21946,637970,21360,616359,0,0,29617,755881,0.089905,13538,249702,0.0297,29834,1005583,0.119605,8407551
2,2021-02-09,49848,1304177,23529,661499,26319,642678,0,0,30750,768205,0.091371,18791,268493,0.031935,31115,1036698,0.123306,8407551
2,2021-02-10,59870,1364047,27998,689497,31872,674550,0,0,34505,778018,0.092538,25067,293560,0.034916,34880,1071578,0.127454,8407551
2,2021-02-11,64596,1428643,29682,719179,34914,709464,0,0,35918,786160,0.093506,28300,321860,0.038282,36442,1108020,0.131789,8407551
2,2021-02-12,66306,1494949,28599,747778,37707,747171,0,0,35393,791636,0.094158,30593,352453,0.041921,36069,1144089,0.136079,8407551
2,2021-02-13,38294,1533243,15945,763723,22349,769520,0,0,22050,797934,0.094907,16135,368588,0.04384,22433,1166522,0.138747,8407551
2,2021-02-14,20214,1553457,9407,773130,10807,780327,0,0,11212,800575,0.095221,8945,377533,0.044904,11586,1178108,0.140125,8407551
2,2021-02-15,33470,1586927,15055,788185,18415,798742,0,0,18532,805178,0.095768,14793,392326,0.046664,19396,1197504,0.142432,8407551
2,2021-02-16,56689,1643616,27763,815948,28926,827668,0,0,29781,808867,0.096207,26782,419108,0.049849,30471,1227975,0.146056,8407551
2,2021-02-17,62083,1705699,31922,847870,30161,857829,0,0,30756,809225,0.09625,31222,450330,0.053563,31580,1259555,0.149812,8407551
2,2021-02-18,66727,1772426,33633,881503,33094,890923,0,0,32420,808770,0.096196,34031,484361,0.05761,33576,1293131,0.153806,8407551
2,2021-02-19,60075,1832501,33215,914718,26860,917783,0,0,29760,809015,0.096225,30108,514469,0.061191,30353,1323484,0.157416,8407551
2,2021-02-20,38028,1870529,24646,939364,13382,931165,0,0,20611,813025,0.096702,17303,531772,0.063249,21313,1344797,0.159951,8407551
2,2021-02-21,21918,1892447,17710,957074,4208,935373,0,0,10803,813660,0.096777,11005,542777,0.064558,11640,1356437,0.161336,8407551
2,2021-02-22,39846,1932293,27219,984293,12627,948000,0,0,18865,812420,0.09663,20815,563592,0.067034,19575,1376012,0.163664,8407551
2,2021-02-23,54220,1986513,27667,1011960,26553,974553,0,0,23759,807913,0.096094,30180,593772,0.070624,25673,1401685,0.166717,8407551
2,2021-02-24,71605,2058118,36832,1048792,34773,1009326,0,0,32762,804477,0.095685,38609,632381,0.075216,35173,1436858,0.170901,8407551
2,2021-02-25,77625,2135743,36712,1085504,40913,1050239,0,0,39332,808666,0.096183,38005,670386,0.079736,42194,1479052,0.175919,8407551
2,2021-02-26,86249,2221992,36964,1122468,49285,1099524,0,0,46315,817589,0.097245,39601,709987,0.084446,48524,1527576,0.181691,8407551
2,2021-02-27,63170,2285162,29336,1151804,33826,1133350,8,8,34137,824303,0.098043,28778,738765,0.087869,35492,1563068,0.185912,8407551
2,2021-02-28,31115,2316277,18618,1170422,12496,1145846,1,9,18008,830197,0.098744,12971,751736,0.089412,18865,1581933,0.188156,8407551
2,2021-03-01,59289,2375566,30891,1201313,28322,1174168,76,85,32290,837142,0.09957,26661,778397,0.092583,33606,1615539,0.192153,8407551
2,2021-03-02,70944,2446510,34063,1235376,36866,1211034,15,100,39692,848172,0.100882,31052,809449,0.096276,42082,1657621,0.197159,8407551
2,2021-03-03,81999,2528509,39522,1274898,42458,1253492,19,119,46250,861583,0.102477,35510,844959,0.1005,48921,1706542,0.202977,8407551
2,2021-03-04,89826,2618335,44014,1318912,45779,1299271,33,152,51396,877261,0.104342,38164,883123,0.105039,53842,1760384,0.209381,8407551
2,2021-03-05,83435,2701770,39133,1358045,43981,1343252,321,473,50636,898072,0.106817,32549,915672,0.108911,53360,1813744,0.215728,8407551
2,2021-03-06,63616,2765386,31049,1389094,30851,1374103,1716,2189,38968,915680,0.108912,24505,940177,0.111825,42113,1855857,0.220737,8407551
2,2021-03-07,28839,2794225,16371,1405465,10920,1385023,1548,3737,18245,926080,0.110149,10514,950691,0.113076,20914,1876771,0.223224,8407551
2,2021-03-08,51184,2845409,23456,1428921,25151,1410174,2577,6314,32131,943493,0.11222,18930,969621,0.115327,36343,1913114,0.227547,8407551
2,2021-03-09,71115,2916524,32369,1461290,34872,1445046,3874,10188,39332,956410,0.113756,31629,1001250,0.119089,44546,1957660,0.232845,8407551
2,2021-03-10,79065,2995589,37382,1498672,35086,1480132,6597,16785,41887,969266,0.115285,36942,1038192,0.123483,49798,2007458,0.238768,8407551
2,2021-03-11,93740,3089329,43263,1541935,42072,1522204,8405,25190,48839,983312,0.116956,44570,1082762,0.128784,58616,2066074,0.24574,8407551
2,2021-03-12,94716,3184045,39009,1580944,43704,1565908,12003,37193,46970,996172,0.118485,47476,1130238,0.134431,60336,2126410,0.252917,8407551
2,2021-03-13,69555,3253600,29093,1610037,32436,1598344,8026,45219,38135,1012324,0.120407,31268,1161506,0.13815,47420,2173830,0.258557,8407551
2,2021-03-14,37147,3290747,18362,1628399,14263,1612607,4522,49741,18650,1017840,0.121063,18385,1179891,0.140337,23901,2197731,0.2614,8407551
2,2021-03-15,67813,3358560,30621,1659020,32168,1644775,5024,54765,37317,1031022,0.12263,30255,1210146,0.143936,43437,2241168,0.266566,8407551
2,2021-03-16,86790,3445350,38442,1697462,44312,1689087,4036,58801,52327,1054259,0.125394,34244,1244390,0.148009,57481,2298649,0.273403,8407551
2,2021-03-17,93389,3538739,44745,1742207,44431,1733518,4213,63014,59111,1084397,0.128979,33984,1278374,0.152051,64122,2362771,0.28103,8407551
2,2021-03-18,98707,3637446,47104,1789311,46977,1780495,4626,67640,59835,1110874,0.132128,38526,1316900,0.156633,65003,2427774,0.288761,8407551
2,2021-03-19,97986,3735432,46395,1835706,45423,1825918,6168,73808,57787,1135451,0.135051,39871,1356771,0.161375,64448,2492222,0.296427,8407551
2,2021-03-20,70392,3805824,34078,1869784,32307,1858225,4007,77815,45847,1161354,0.138132,24294,1381065,0.164265,50197,2542419,0.302397,8407551
2,2021-03-21,33766,3839590,21751,1891535,10007,1868232,2008,79823,20165,1170527,0.139223,13434,1394499,0.165863,22607,2565026,0.305086,8407551
2,2021-03-22,63241,3902831,34812,1926347,25783,1894015,2646,82469,41792,1194670,0.142095,21192,1415691,0.168383,45335,2610361,0.310478,8407551
2,2021-03-23,84347,3987178,44827,1971174,36587,1930602,2933,85402,52282,1218961,0.144984,31760,1447451,0.172161,56051,2666412,0.317145,8407551
2,2021-03-24,92327,4079505,49605,2020779,39538,1970140,3184,88586,53789,1238571,0.147317,38177,1485628,0.176702,57787,2724199,0.324018,8407551
2,2021-03-25,102019,4181524,51444,2072223,46638,2016778,3937,92523,57266,1256179,0.149411,44363,1529991,0.181978,61971,2786170,0.331389,8407551
2,2021-03-26,104083,4285607,51583,2123806,49001,2065779,3499,96022,56503,1270058,0.151062,47167,1577158,0.187588,61046,2847216,0.33865,8407551
2,2021-03-27,76122,4361729,37983,2161789,34823,2100602,3316,99338,37898,1274192,0.151553,37944,1615102,0.192101,42078,2889294,0.343655,8407551
2,2021-03-28,38010,4399739,23484,2185273,13714,2114316,812,100150,20220,1278430,0.152057,17647,1632749,0.1942,21885,2911179,0.346258,8407551
2,2021-03-29,72173,4471912,36660,2221933,33229,2147545,2284,102434,40737,1291241,0.153581,31199,1663948,0.197911,44010,2955189,0.351492,8407551
2,2021-03-30,92689,4564601,45398,2267331,42900,2190445,4391,106825,51766,1307335,0.155495,40691,1704639,0.202751,56785,3011974,0.358246,8407551
2,2021-03-31,101819,4666420,52485,2319816,44198,2234643,5136,111961,57501,1326367,0.157759,43983,1748622,0.207982,63015,3074989,0.365741,8407551
2,2021-04-01,118554,4784974,57258,2377074,51969,2286612,9327,121288,64281,1346559,0.160161,53812,1802434,0.214383,74004,3148993,0.374543,8407551
2,2021-04-02,112357,4897331,51755,2428829,50341,2336953,10261,131549,59984,1365310,0.162391,51947,1854381,0.220561,70698,3219691,0.382952,8407551
2,2021-04-03,77200,4974531,37943,2466772,29377,2366330,9880,141429,38187,1374957,0.163538,38787,1893168,0.225175,48434,3268125,0.388713,8407551
2,2021-04-04,29127,5003658,14988,2481760,10259,2376589,3880,145309,13049,1375948,0.163656,15961,1909129,0.227073,16952,3285077,0.390729,8407551
2,2021-04-05,79688,5083346,39029,2520789,31756,2408345,8903,154212,38351,1382807,0.164472,41142,1950271,0.231967,48001,3333078,0.396439,8407551
2,2021-04-06,104494,5187840,50898,2571687,38825,2447170,14771,168983,49401,1392586,0.165635,54795,2005066,0.238484,64574,3397652,0.404119,8407551
2,2021-04-07,111239,5299079,55510,2627197,39380,2486550,16349,185332,52164,1402561,0.166822,58761,2063827,0.245473,68736,3466388,0.412295,8407551
2,2021-04-08,119906,5418985,57707,2684904,43357,2529907,18842,204174,55589,1413577,0.168132,63931,2127758,0.253077,74947,3541335,0.421209,8407551
2,2021-04-09,119464,5538449,57452,2742356,43774,2573681,18238,222412,56402,1426373,0.169654,62667,2190425,0.260531,75463,3616798,0.430184,8407551
2,2021-04-10,87927,5626376,37917,2780273,31509,2605190,18501,240913,36190,1430247,0.170115,51464,2241889,0.266652,55338,3672136,0.436766,8407551
2,2021-04-11,44638,5671014,23148,2803421,12986,2618176,8504,249417,18255,1431486,0.170262,26225,2268114,0.269771,27464,3699600,0.440033,8407551
2,2021-04-12,80488,5751502,37466,2840887,33544,2651720,9478,258895,35804,1433348,0.170483,44394,2312508,0.275051,46256,3745856,0.445535,8407551
2,2021-04-13,102326,5853828,53117,2894004,48942,2700662,267,259162,55894,1444269,0.171782,46136,2358644,0.280539,57057,3802913,0.452321,8407551
2,2021-04-14,107236,5961064,56185,2950189,50991,2751653,60,259222,54654,1448168,0.172246,52254,2410898,0.286754,56153,3859066,0.459,8407551
2,2021-04-15,113590,6074654,60279,3010468,53214,2804867,97,259319,59143,1454451,0.172993,54032,2464930,0.29318,60315,3919381,0.466174,8407551
2,2021-04-16,111206,6185860,57646,3068114,53501,2858368,59,259378,56362,1457258,0.173327,54470,2519400,0.299659,57277,3976658,0.472986,8407551
2,2021-04-17,83823,6269683,42638,3110752,41169,2899537,16,259394,46747,1468085,0.174615,36806,2556206,0.304037,47633,4024291,0.478652,8407551
2,2021-04-18,36051,6305734,21911,3132663,14129,2913666,11,259405,17063,1467311,0.174523,18842,2575048,0.306278,18068,4042359,0.480801,8407551
2,2021-04-19,75114,6380848,40444,3173107,34651,2948317,19,259424,34067,1461252,0.173802,40759,2615807,0.311126,34700,4077059,0.484928,8407551
2,2021-04-20,97830,6478678,49489,3222596,48313,2996630,28,259452,47171,1458910,0.173524,50289,2666096,0.317107,47947,4125006,0.490631,8407551
2,2021-04-21,104284,6582962,56478,3279074,47737,3044367,69,259521,49154,1454491,0.172998,54624,2720720,0.323604,50205,4175211,0.496603,8407551
2,2021-04-22,108812,6691774,56297,3335371,52487,3096854,28,259549,47558,1442163,0.171532,60794,2781514,0.330835,48466,4223677,0.502367,8407551
2,2021-04-23,108391,6800165,57714,3393085,50658,3147512,19,259568,49986,1435132,0.170696,57965,2839479,0.33773,50934,4274611,0.508425,8407551
2,2021-04-24,81242,6881407,47827,3440912,33372,3180884,43,259611,42230,1439709,0.17124,38641,2878120,0.342326,43218,4317829,0.513566,8407551
2,2021-04-25,36720,6918127,22610,3463522,14094,3194978,16,259627,19944,1443526,0.171694,16617,2894737,0.344302,20434,4338263,0.515996,8407551
2,2021-04-26,74598,6992725,41343,3504865,32939,3227917,316,259943,34173,1439341,0.171196,40130,2934867,0.349075,35945,4374208,0.520271,8407551
2,2021-04-27,88662,7081387,46808,3551673,40481,3268398,1373,261316,37936,1429575,0.170035,50323,2985190,0.355061,40557,4414765,0.525095,8407551
2,2021-04-28,88621,7170008,47384,3599057,39357,3307755,1880,263196,38995,1422105,0.169146,49266,3034456,0.36092,41796,4456561,0.530066,8407551
2,2021-04-29,91621,7261629,49926,3648983,39975,3347730,1720,264916,35513,1404247,0.167022,55695,3090151,0.367545,37837,4494398,0.534567,8407551
2,2021-04-30,95273,7356902,52644,3701627,40617,3388347,2012,266928,36936,1386006,0.164853,57846,3147997,0.374425,39605,4534003,0.539277,8407551
2,2021-05-01,62982,7419884,38414,3740041,22964,3411311,1604,268532,24536,1374903,0.163532,38097,3186094,0.378956,26994,4560997,0.542488,8407551
2,2021-05-02,29389,7449273,20461,3760502,7951,3419262,977,269509,11154,1369034,0.162834,18089,3204183,0.381108,12220,4573217,0.543942,8407551
2,2021-05-03,60876,7510149,36163,3796665,22646,3441908,2067,271576,20417,1351610,0.160761,40169,3244352,0.385885,22745,4595962,0.546647,8407551
2,2021-05-04,80315,7590464,47951,3844616,29956,3471864,2408,273984,26024,1326511,0.157776,53921,3298273,0.392299,28822,4624784,0.550075,8407551
2,2021-05-05,80950,7671414,48234,3892850,30352,3502216,2364,276348,25294,1299289,0.154538,55248,3353521,0.39887,28026,4652810,0.553408,8407551
2,2021-05-06,83363,7754777,50627,3943477,29802,3532018,2934,279282,25353,1270704,0.151138,57504,3411025,0.40571,28919,4681729,0.556848,8407551
2,2021-05-07,84131,7838908,48572,3992049,33123,3565141,2436,281718,25852,1241576,0.147674,57867,3468892,0.412592,28739,4710468,0.560266,8407551
2,2021-05-08,55918,7894826,33919,4025968,20271,3585412,1728,283446,17479,1223320,0.145503,38192,3507084,0.417135,19936,4730404,0.562638,8407551
2,2021-05-09,21929,7916755,15789,4041757,5391,3590803,749,284195,6327,1215119,0.144527,15507,3522591,0.418979,7306,4737710,0.563507,8407551
2,2021-05-10,50493,7967248,27525,4069282,21078,3611881,1890,286085,14226,1195846,0.142235,35991,3558582,0.42326,16718,4754428,0.565495,8407551
2,2021-05-11,66617,8033865,36117,4105399,28362,3640243,2138,288223,20044,1172468,0.139454,46249,3604831,0.428761,22871,4777299,0.568215,8407551
2,2021-05-12,65526,8099391,34929,4140328,28358,3668601,2239,290462,19252,1148423,0.136594,45948,3650779,0.434226,21903,4799202,0.57082,8407551
2,2021-05-13,71346,8170737,41451,4181779,27940,3696541,1955,292417,26068,1132218,0.134667,44967,3695746,0.439575,28762,4827964,0.574241,8407551
2,2021-05-14,80312,8251049,48150,4229929,29886,3726427,2276,294693,30827,1116857,0.13284,49104,3744850,0.445415,33743,4861707,0.578255,8407551
2,2021-05-15,66831,8317880,43898,4273827,21210,3747637,1723,296416,25902,1104223,0.131337,40663,3785513,0.450252,28029,4889736,0.581589,8407551
2,2021-05-16,31811,8349691,23806,4297633,7079,3754716,926,297342,12940,1099493,0.130774,18728,3804241,0.452479,13998,4903734,0.583254,8407551
2,2021-05-17,58266,8407957,36921,4334554,19382,3774098,1963,299305,22940,1089692,0.129609,35068,3839309,0.45665,25267,4929001,0.586259,8407551
2,2021-05-18,70440,8478397,41211,4375765,27257,3801355,1972,301277,27921,1077892,0.128205,42233,3881542,0.461673,30433,4959434,0.589879,8407551
2,2021-05-19,69189,8547586,40944,4416709,26224,3827579,2021,303298,27351,1066223,0.126817,41512,3923054,0.466611,29843,4989277,0.593428,8407551
2,2021-05-20,69940,8617526,40597,4457306,27148,3854727,2195,305493,26598,1052626,0.1252,42992,3966046,0.471724,29395,5018672,0.596924,8407551
2,2021-05-21,73502,8691028,43410,4500716,27919,3882646,2173,307666,27926,1038084,0.12347,45202,4011248,0.477101,30660,5049332,0.600571,8407551
2,2021-05-22,53909,8744937,34235,4534951,17899,3900545,1775,309441,22495,1031722,0.122714,31172,4042420,0.480808,24810,5074142,0.603522,8407551
2,2021-05-23,24467,8769404,16695,4551646,7046,3907591,726,310167,10259,1028770,0.122363,14078,4056498,0.482483,11126,5085268,0.604845,8407551
2,2021-05-24,45211,8814615,25713,4577359,17710,3925301,1788,311955,17372,1020673,0.1214,27599,4084097,0.485765,19502,5104770,0.607165,8407551
2,2021-05-25,51151,8865766,29976,4607335,19300,3944601,1875,313830,19440,1011130,0.120265,31397,4115494,0.4895,21854,5126624,0.609764,8407551
2,2021-05-26,48975,8914741,27459,4634794,19824,3964425,1692,315522,19136,1002803,0.119274,29495,4144989,0.493008,21168,5147792,0.612282,8407551
2,2021-05-27,46742,8961483,26499,4661293,18508,3982933,1735,317257,18636,995823,0.118444,27855,4172844,0.496321,20875,5168667,0.614765,8407551
2,2021-05-28,50346,9011829,27848,4689141,20518,4003451,1980,319237,21109,990376,0.117796,28971,4201815,0.499767,23524,5192191,0.617563,8407551
2,2021-05-29,29085,9040914,17428,4706569,10594,4014045,1063,320300,13257,989210,0.117657,15664,4217479,0.50163,14498,5206689,0.619287,8407551
2,2021-05-30,12699,9053613,8183,4714752,3748,4017793,768,321068,5536,988481,0.117571,7099,4224578,0.502474,6370,5213059,0.620045,8407551
2,2021-05-31,5932,9059545,3476,4718228,2151,4019944,305,321373,1849,986661,0.117354,4022,4228600,0.502953,2202,5215261,0.620307,8407551
2,2021-06-01,44975,9104520,25828,4744056,17482,4037426,1665,323038,15625,975298,0.116003,29023,4257623,0.506405,17660,5232921,0.622407,8407551
2,2021-06-02,38330,9142850,22533,4766589,14374,4051800,1423,324461,14974,968912,0.115243,23084,4280707,0.50915,16698,5249619,0.624393,8407551
2,2021-06-03,41477,9184327,26699,4793288,13301,4065101,1477,325938,13946,957438,0.113878,27283,4307990,0.512395,15809,5265428,0.626274,8407551
2,2021-06-04,48146,9232473,31442,4824730,15158,4080259,1546,327484,15499,942671,0.112122,32335,4340325,0.516241,17568,5282996,0.628363,8407551
2,2021-06-05,37961,9270434,27085,4851815,9407,4089666,1469,328953,11797,930436,0.110667,25925,4366250,0.519325,13690,5296686,0.629992,8407551
2,2021-06-06,14950,9285384,12268,4864083,2103,4091769,579,329532,4655,925634,0.110096,10229,4376479,0.520541,5427,5302113,0.630637,8407551
2,2021-06-07,33337,9318721,23323,4887406,8734,4100503,1280,330812,10822,915617,0.108904,22359,4398838,0.523201,12342,5314455,0.632105,8407551
2,2021-06-08,40660,9359381,28772,4916178,10520,4111023,1368,332180,12451,901861,0.107268,27960,4426798,0.526526,14204,5328659,0.633794,8407551
2,2021-06-09,38171,9397552,26647,4942825,10024,4121047,1500,333680,11522,888758,0.105709,26451,4453249,0.529673,13348,5342007,0.635382,8407551
2,2021-06-10,37803,9435355,26291,4969116,9982,4131029,1530,335210,11564,876286,0.104226,26042,4479291,0.53277,13570,5355577,0.636996,8407551
2,2021-06-11,41318,9476673,27426,4996542,12221,4143250,1671,336881,13176,863559,0.102712,27877,4507168,0.536086,15150,5370727,0.638798,8407551
2,2021-06-12,29522,9506195,21739,5018281,6867,4150117,916,337797,8648,852625,0.101412,20730,4527898,0.538551,9796,5380523,0.639963,8407551
2,2021-06-13,12221,9518416,8923,5027204,2679,4152796,619,338416,3090,847435,0.100795,9067,4536965,0.53963,3877,5384400,0.640424,8407551
2,2021-06-14,29928,9548344,21236,5048440,7490,4160286,1202,339618,10315,839714,0.099876,19441,4556406,0.541942,11720,5396120,0.641818,8407551
2,2021-06-15,35663,9584007,23738,5072178,9873,4170159,2052,341670,11961,830657,0.098799,23451,4579857,0.544731,14394,5410514,0.64353,8407551
2,2021-06-16,33056,9617063,22817,5094995,8435,4178594,1804,343474,11382,822657,0.097847,21500,4601357,0.547289,13500,5424014,0.645136,8407551
2,2021-06-17,30874,9647937,20631,5115626,8441,4187035,1802,345276,10894,815756,0.097027,19804,4621161,0.549644,12903,5436917,0.646671,8407551
2,2021-06-18,34792,9682729,22928,5138554,9986,4197021,1878,347154,12633,808583,0.096173,21937,4643098,0.552253,14764,5451681,0.648427,8407551
2,2021-06-19,20975,9703704,14614,5153168,5102,4202123,1259,348413,7921,805071,0.095756,12890,4655988,0.553786,9378,5461059,0.649542,8407551
2,2021-06-20,8296,9712000,5933,5159101,1898,4204021,465,348878,3065,803483,0.095567,5188,4661176,0.554404,3600,5464659,0.64997,8407551
2,2021-06-21,19349,9731349,11841,5170942,6186,4210207,1322,350200,9872,805505,0.095807,9354,4670530,0.555516,11376,5476035,0.651323,8407551
2,2021-06-22,26910,9758259,18435,5189377,7094,4217301,1381,351581,10539,801498,0.095331,16200,4686730,0.557443,12193,5488228,0.652774,8407551
2,2021-06-23,25935,9784194,17902,5207279,6405,4223706,1628,353209,10552,798732,0.095002,15240,4701970,0.559256,12474,5500702,0.654257,8407551
2,2021-06-24,25361,9809555,17261,5224540,6579,4230285,1521,354730,10443,796162,0.094696,14767,4716737,0.561012,12197,5512899,0.655708,8407551
2,2021-06-25,28770,9838325,19493,5244033,7783,4238068,1494,356224,11999,793284,0.094354,16610,4733347,0.562988,13732,5526631,0.657341,8407551
2,2021-06-26,18657,9856982,13731,5257764,3995,4242063,931,357155,7604,791113,0.094096,10963,4744310,0.564292,8792,5535423,0.658387,8407551
2,2021-06-27,8799,9865781,6718,5264482,1633,4243696,448,357603,3524,789987,0.093962,5222,4749532,0.564913,4096,5539519,0.658874,8407551
2,2021-06-28,19808,9885589,15044,5279526,3518,4247214,1246,358849,8722,789189,0.093867,10956,4760488,0.566216,10158,5549677,0.660082,8407551
2,2021-06-29,22776,9908365,15851,5295377,5851,4253065,1074,359923,9730,787318,0.093644,12908,4773396,0.567751,11037,5560714,0.661395,8407551
2,2021-06-30,22004,9930369,15595,5310972,5386,4258451,1023,360946,9789,786290,0.093522,12070,4785466,0.569187,11042,5571756,0.662709,8407551
2,2021-07-01,19892,9950261,14039,5325011,4964,4263415,889,361835,8822,785264,0.0934,10940,4796406,0.570488,9914,5581670,0.663888,8407551
2,2021-07-02,22879,9973140,15762,5340773,6091,4269506,1026,362861,10123,784019,0.093252,12595,4809001,0.571986,11350,5593020,0.665238,8407551
2,2021-07-03,12538,9985678,9025,5349798,3038,4272544,475,363336,5723,783620,0.093204,6718,4815719,0.572785,6319,5599339,0.665989,8407551
2,2021-07-04,1012,9986690,595,5350393,350,4272894,67,363403,434,783577,0.093199,567,4816286,0.572852,524,5599863,0.666052,8407551
2,2021-07-05,11058,9997748,8095,5358488,2554,4275448,409,363812,5061,783244,0.09316,5931,4822217,0.573558,5598,5605461,0.666717,8407551
2,2021-07-06,23703,10021451,17218,5375706,5504,4280952,981,364793,9165,779273,0.092687,14388,4836605,0.575269,10417,5615878,0.667956,8407551
2,2021-07-07,20566,10042017,14659,5390365,4805,4285757,1102,365895,8736,777685,0.092498,11688,4848293,0.576659,10100,5625978,0.669158,8407551
2,2021-07-08,19161,10061178,13341,5403706,4780,4290537,1040,366935,8067,776003,0.092298,10992,4859285,0.577967,9310,5635288,0.670265,8407551
2,2021-07-09,22475,10083653,15558,5419264,5665,4296202,1252,368187,9496,774109,0.092073,12841,4872126,0.579494,10947,5646235,0.671567,8407551
2,2021-07-10,14257,10097910,10509,5429773,3064,4299266,684,368871,6256,773300,0.091977,7908,4880034,0.580435,7099,5653334,0.672412,8407551
2,2021-07-11,6545,10104455,4810,5434583,1386,4300652,349,369220,3075,773369,0.091985,3426,4883460,0.580842,3495,5656829,0.672827,8407551
2,2021-07-12,18157,10122612,13346,5447929,3941,4304593,870,370090,7802,771999,0.091822,10241,4893701,0.58206,8871,5665700,0.673882,8407551
2,2021-07-13,19483,10142095,13746,5461675,4855,4309448,882,370972,8709,771154,0.091722,10630,4904331,0.583325,9785,5675485,0.675046,8407551
2,2021-07-14,18650,10160745,13302,5474977,4561,4314009,787,371759,8320,770271,0.091617,10201,4914532,0.584538,9318,5684803,0.676154,8407551
2,2021-07-15,18771,10179516,13615,5488592,4461,4318470,695,372454,8530,769587,0.091535,10124,4924656,0.585742,9440,5694243,0.677277,8407551
2,2021-07-16,22782,10202298,16375,5504967,5579,4324049,828,373282,10932,769832,0.091564,11719,4936375,0.587136,11964,5706207,0.6787,8407551
2,2021-07-17,14337,10216635,10436,5515403,3368,4327417,533,373815,6916,770084,0.091594,7331,4943706,0.588008,7583,5713790,0.679602,8407551
2,2021-07-18,6975,10223610,5209,5520612,1438,4328855,328,374143,3529,770606,0.091656,3403,4947109,0.588413,3925,5717715,0.680069,8407551
2,2021-07-19,18374,10241984,13688,5534300,3946,4332801,740,374883,9129,771530,0.091766,9128,4956237,0.589498,10052,5727767,0.681265,8407551
2,2021-07-20,20818,10262802,14815,5549115,5167,4337968,836,375719,10545,772990,0.09194,10139,4966376,0.590704,11599,5739366,0.682644,8407551
2,2021-07-21,20333,10283135,14781,5563896,4785,4342753,767,376486,10541,774826,0.092158,9668,4976044,0.591854,11504,5750870,0.684013,8407551
2,2021-07-22,20248,10303383,14462,5578358,4936,4347689,850,377336,10827,777399,0.092464,9278,4985322,0.592958,11851,5762721,0.685422,8407551
2,2021-07-23,24311,10327694,17016,5595374,6250,4353939,1045,378381,13232,780954,0.092887,10921,4996243,0.594257,14476,5777197,0.687144,8407551
2,2021-07-24,14758,10342452,10629,5606003,3635,4357574,494,378875,8249,783409,0.093179,6401,5002644,0.595018,8856,5786053,0.688197,8407551
2,2021-07-25,6675,10349127,4911,5610914,1624,4359198,140,379015,4940,786835,0.093587,1693,5004337,0.595219,5119,5791172,0.688806,8407551
2,2021-07-26,18927,10368054,13356,5624270,4801,4363999,770,379785,11995,792911,0.094309,6815,5011152,0.59603,12891,5804063,0.690339,8407551
2,2021-07-27,22741,10390795,16456,5640726,5430,4369429,855,380640,13331,797994,0.094914,9254,5020406,0.597131,14337,5818400,0.692045,8407551
2,2021-07-28,22557,10413352,16123,5656849,5533,4374962,901,381541,13347,803377,0.095554,9047,5029453,0.598207,14430,5832830,0.693761,8407551
2,2021-07-29,21367,10434719,15315,5672164,5138,4380100,914,382455,12919,809050,0.096229,8307,5037760,0.599195,13980,5846810,0.695424,8407551
2,2021-07-30,26148,10460867,18619,5690783,6575,4386675,954,383409,15656,815562,0.097004,10300,5048060,0.60042,16812,5863622,0.697423,8407551
2,2021-07-31,15724,10476591,11591,5702374,3624,4390299,509,383918,9520,819646,0.097489,6079,5054139,0.601143,10163,5873785,0.698632,8407551
2,2021-08-01,8023,10484614,6176,5708550,1678,4391977,169,384087,5263,822442,0.097822,2699,5056838,0.601464,5495,5879280,0.699286,8407551
2,2021-08-02,21208,10505822,15951,5724501,4503,4396480,754,384841,13456,829156,0.09862,7610,5064448,0.602369,14324,5893604,0.700989,8407551
2,2021-08-03,24011,10529833,17491,5741992,5509,4401989,1011,385852,14937,836305,0.099471,8927,5073375,0.603431,16076,5909680,0.702901,8407551
2,2021-08-04,22619,10552452,16742,5758734,5013,4407002,864,386716,14087,842963,0.100263,8390,5081765,0.604429,15048,5924728,0.704691,8407551
2,2021-08-05,22986,10575438,16876,5775610,5214,4412216,896,387612,14229,849615,0.101054,8586,5090351,0.60545,15238,5939966,0.706504,8407551
2,2021-08-06,27577,10603015,20192,5795802,6400,4418616,985,388597,16807,856947,0.101926,10584,5100935,0.606709,17916,5957882,0.708635,8407551
2,2021-08-07,16848,10619863,12519,5808321,3742,4422358,587,389184,10361,861598,0.102479,6379,5107314,0.607468,11030,5968912,0.709947,8407551
2,2021-08-08,9362,10629225,7090,5815411,2044,4424402,228,389412,5860,864313,0.102802,3415,5110729,0.607874,6130,5975042,0.710676,8407551
2,2021-08-09,23202,10652427,17797,5833208,4645,4429047,760,390172,14059,870273,0.103511,8986,5119715,0.608942,14946,5989988,0.712453,8407551
2,2021-08-10,24228,10676655,17861,5851069,5528,4434575,839,391011,14251,875699,0.104156,9803,5129518,0.610108,15229,6005217,0.714265,8407551
2,2021-08-11,21866,10698521,16320,5867389,4651,4439226,895,391906,12715,880430,0.104719,8974,5138492,0.611176,13705,6018922,0.715895,8407551
2,2021-08-12,23679,10722200,16966,5884355,5683,4444909,1030,392936,13812,885715,0.105348,9657,5148149,0.612324,14942,6033864,0.717672,8407551
2,2021-08-13,29515,10751715,21346,5905701,7148,4452057,1021,393957,17068,891842,0.106076,12094,5160243,0.613763,18221,6052085,0.719839,8407551
2,2021-08-14,18622,10770337,13725,5919426,4398,4456455,499,394456,10459,895358,0.106495,7577,5167820,0.614664,11093,6063178,0.721159,8407551
2,2021-08-15,9679,10780016,7254,5926680,2242,4458697,183,394639,5314,896980,0.106687,3945,5171765,0.615133,5567,6068745,0.721821,8407551
2,2021-08-16,24453,10804469,17319,5943999,6308,4465005,826,395465,12766,900262,0.107078,10454,5182219,0.616377,13736,6082481,0.723455,8407551
2,2021-08-17,25461,10829930,18077,5962076,6480,4471485,904,396369,12651,902540,0.107349,11402,5193621,0.617733,13680,6096161,0.725082,8407551
2,2021-08-18,24253,10854183,17318,5979394,6134,4477619,801,397170,11794,904416,0.107572,10861,5204482,0.619025,12737,6108898,0.726597,8407551
2,2021-08-19,14175,10868358,9626,5989020,3723,4481342,826,397996,6881,905933,0.107752,6275,5210757,0.619771,7792,6116690,0.727523,8407551
3,2020-12-15,339,339,339,339,0,0,0,0,339,339,4.2e-05,0,0,0.0,339,339,4.2e-05,8129050
3,2020-12-16,2518,2857,2518,2857,0,0,0,0,2519,2858,0.000352,0,0,0.0,2519,2858,0.000352,8129050
3,2020-12-17,7937,10794,7937,10794,0,0,0,0,7937,10795,0.001328,0,0,0.0,7937,10795,0.001328,8129050
3,2020-12-18,13553,24347,13532,24326,21,21,0,0,13549,24344,0.002995,0,0,0.0,13549,24344,0.002995,8129050
3,2020-12-19,7273,31620,7260,31586,13,34,0,0,7335,31678,0.003897,1,1,0.0,7335,31679,0.003897,8129050
3,2020-12-20,5682,37302,5669,37255,13,47,0,0,5729,37406,0.004602,1,2,0.0,5729,37408,0.004602,8129050
3,2020-12-21,14448,51750,14420,51675,28,75,0,0,14512,51917,0.006387,1,3,0.0,14512,51920,0.006387,8129050
3,2020-12-22,14930,66680,14332,66007,598,673,0,0,14967,66881,0.008227,3,6,1e-06,14967,66887,0.008228,8129050
3,2020-12-23,14970,81650,12330,78337,2640,3313,0,0,14986,81866,0.010071,2,8,1e-06,14987,81874,0.010072,8129050
3,2020-12-24,6833,88483,4888,83225,1945,5258,0,0,6830,88694,0.010911,2,10,1e-06,6830,88704,0.010912,8129050
3,2020-12-25,737,89220,676,83901,61,5319,0,0,734,89428,0.011001,0,10,1e-06,734,89438,0.011002,8129050
3,2020-12-26,4649,93869,3013,86914,1636,6955,0,0,4647,94075,0.011573,0,10,1e-06,4647,94085,0.011574,8129050
3,2020-12-27,3022,96891,1869,88783,1153,8108,0,0,3022,97097,0.011944,0,10,1e-06,3022,97107,0.011946,8129050
3,2020-12-28,13773,110664,8810,97593,4963,13071,0,0,13796,110892,0.013641,1,11,1e-06,13796,110903,0.013643,8129050
3,2020-12-29,15435,126099,8745,106338,6690,19761,0,0,15461,126351,0.015543,2,13,2e-06,15461,126364,0.015545,8129050
3,2020-12-30,18409,144508,10326,116664,8083,27844,0,0,18415,144765,0.017808,2,15,2e-06,18416,144780,0.01781,8129050
3,2020-12-31,8523,153031,3262,119926,5261,33105,0,0,8523,153286,0.018857,2,17,2e-06,8523,153303,0.018859,8129050
3,2021-01-01,1829,154860,877,120803,952,34057,0,0,1824,155109,0.019081,1,18,2e-06,1824,155127,0.019083,8129050
3,2021-01-02,4986,159846,2449,123252,2537,36594,0,0,4985,160094,0.019694,0,18,2e-06,4985,160112,0.019696,8129050
3,2021-01-03,1636,161482,862,124114,774,37368,0,0,1627,161719,0.019894,2,20,2e-06,1627,161739,0.019896,8129050
3,2021-01-04,12162,173644,6043,130157,6119,43487,0,0,12131,173841,0.021385,9,29,4e-06,12131,173870,0.021389,8129050
3,2021-01-05,15888,189532,8244,138401,7644,51131,0,0,14182,186368,0.022926,1688,1717,0.000211,14215,188085,0.023137,8129050
3,2021-01-06,20756,210288,11009,149410,9747,60878,0,0,16134,197940,0.02435,4573,6290,0.000774,16145,204230,0.025123,8129050
3,2021-01-07,26832,237120,15361,164771,11471,72349,0,0,17268,205703,0.025305,9525,15815,0.001945,17288,221518,0.02725,8129050
3,2021-01-08,30890,268010,18889,183660,12001,84350,0,0,18295,211455,0.026012,12570,28385,0.003492,18322,239840,0.029504,8129050
3,2021-01-09,12544,280554,7084,190744,5460,89810,0,0,7998,214923,0.026439,4539,32924,0.00405,8007,247847,0.030489,8129050
3,2021-01-10,7275,287829,4512,195256,2763,92573,0,0,4102,215861,0.026554,3171,36095,0.00444,4109,251956,0.030995,8129050
3,2021-01-11,29355,317184,19223,214479,10132,102705,0,0,16617,219802,0.027039,12727,48822,0.006006,16668,268624,0.033045,8129050
3,2021-01-12,32838,350022,19594,234073,13244,115949,0,0,20117,227373,0.02797,12698,61520,0.007568,20269,288893,0.035538,8129050
3,2021-01-13,34822,384844,18187,252260,16635,132584,0,0,24518,241637,0.029725,10284,71804,0.008833,24548,313441,0.038558,8129050
3,2021-01-14,34980,419824,14298,266558,20682,153266,0,0,29019,264776,0.032572,5920,77724,0.009561,29059,342500,0.042133,8129050
3,2021-01-15,39283,459107,14559,281117,24724,177990,0,0,34542,294679,0.03625,4716,82440,0.010141,34619,377119,0.046392,8129050
3,2021-01-16,22030,481137,7509,288626,14521,192511,0,0,19646,311976,0.038378,2372,84812,0.010433,19669,396788,0.048811,8129050
3,2021-01-17,13210,494347,4490,293116,8720,201231,0,0,12117,323017,0.039736,1093,85905,0.010568,12134,408922,0.050304,8129050
3,2021-01-18,24975,519322,13053,306169,11922,213153,0,0,19270,336644,0.041412,5693,91598,0.011268,19320,428242,0.05268,8129050
3,2021-01-19,41528,560850,21105,327274,20423,233576,0,0,32116,359478,0.044221,9373,100971,0.012421,32207,460449,0.056642,8129050
3,2021-01-20,46509,607359,23155,350429,23354,256930,0,0,36797,386700,0.04757,9662,110633,0.01361,36884,497333,0.06118,8129050
3,2021-01-21,48498,655857,21044,371473,27454,284384,0,0,42862,424079,0.052168,5568,116201,0.014295,42947,540280,0.066463,8129050
3,2021-01-22,50130,705987,19969,391442,30161,314545,0,0,45816,465686,0.057287,4283,120484,0.014821,45890,586170,0.072108,8129050
3,2021-01-23,30629,736616,12871,404313,17758,332303,0,0,27303,489733,0.060245,3316,123800,0.015229,27363,613533,0.075474,8129050
3,2021-01-24,18070,754686,8529,412842,9541,341844,0,0,16872,505442,0.062177,1194,124994,0.015376,16903,630436,0.077553,8129050
3,2021-01-25,41228,795914,18375,431217,22853,364697,0,0,31098,526536,0.064772,10100,135094,0.016619,31194,661630,0.081391,8129050
3,2021-01-26,47679,843593,22771,453988,24908,389605,0,0,37328,553656,0.068108,10318,145412,0.017888,37438,699068,0.085996,8129050
3,2021-01-27,51931,895524,24702,478690,27229,416834,0,0,41111,584100,0.071853,10750,156162,0.01921,41194,740262,0.091064,8129050
3,2021-01-28,52591,948115,24370,503060,28221,445055,0,0,43510,618678,0.076107,8993,165155,0.020317,43571,783833,0.096424,8129050
3,2021-01-29,51617,999732,24688,527748,26929,471984,0,0,41714,650722,0.080049,9721,174876,0.021512,41765,825598,0.101561,8129050
3,2021-01-30,37828,1037560,17813,545561,20015,491999,0,0,33071,679185,0.08355,4701,179577,0.022091,33164,858762,0.105641,8129050
3,2021-01-31,22880,1060440,12857,558418,10023,502022,0,0,21435,699218,0.086015,1427,181004,0.022266,21460,880222,0.108281,8129050
3,2021-02-01,46536,1106976,21272,579690,25264,527286,0,0,35446,723679,0.089024,11027,192031,0.023623,35488,915710,0.112647,8129050
3,2021-02-02,54978,1161954,22939,602629,32039,559325,0,0,42378,753617,0.092707,12495,204526,0.02516,42433,958143,0.117867,8129050
3,2021-02-03,60474,1222428,26858,629487,33616,592941,0,0,44942,783238,0.09635,15397,219923,0.027054,45018,1003161,0.123404,8129050
3,2021-02-04,64885,1287313,28096,657583,36789,629730,0,0,47505,813688,0.100096,17182,237105,0.029168,47632,1050793,0.129264,8129050
3,2021-02-05,71129,1358442,29932,687515,41197,670927,0,0,49169,841328,0.103496,21715,258820,0.031839,49355,1100148,0.135335,8129050
3,2021-02-06,44025,1402467,21061,708576,22964,693891,0,0,34280,866105,0.106544,9696,268516,0.033032,34473,1134621,0.139576,8129050
3,2021-02-07,19902,1422369,12662,721238,7240,701131,0,0,15274,876898,0.107872,4609,273125,0.033599,15402,1150023,0.141471,8129050
3,2021-02-08,51919,1474288,25058,746296,26861,727992,0,0,34005,893331,0.109894,17773,290898,0.035785,34206,1184229,0.145679,8129050
3,2021-02-09,59210,1533498,28666,774962,30544,758536,0,0,34589,903936,0.111198,24342,315240,0.038779,34947,1219176,0.149978,8129050
3,2021-02-10,68853,1602351,32050,807012,36803,795339,0,0,36866,909647,0.111901,31682,346922,0.042677,37393,1256569,0.154578,8129050
3,2021-02-11,71286,1673637,35006,842018,36280,831619,0,0,37824,914923,0.11255,33106,380028,0.046749,38382,1294951,0.159299,8129050
3,2021-02-12,76271,1749908,32784,874802,43487,875106,0,0,42072,923888,0.113653,33886,413914,0.050918,42851,1337802,0.164571,8129050
3,2021-02-13,45533,1795441,20607,895409,24926,900032,0,0,26083,931233,0.114556,19331,433245,0.053296,26676,1364478,0.167852,8129050
3,2021-02-14,27588,1823029,13757,909166,13831,913863,0,0,15295,934773,0.114992,12225,445470,0.0548,15765,1380243,0.169791,8129050
3,2021-02-15,40537,1863566,17469,926635,23068,936931,0,0,22348,940009,0.115636,18070,463540,0.057023,23306,1403549,0.172658,8129050
3,2021-02-16,70852,1934418,33518,960153,37334,974265,0,0,36693,943745,0.116095,34010,497550,0.061206,37746,1441295,0.177302,8129050
3,2021-02-17,72648,2007066,36680,996833,35968,1010233,0,0,34362,941143,0.115775,38037,535587,0.065886,35435,1476730,0.181661,8129050
3,2021-02-18,77820,2084886,40623,1037456,37197,1047430,0,0,35879,936653,0.115223,41725,577312,0.071018,37235,1513965,0.186241,8129050
3,2021-02-19,69878,2154764,40268,1077724,29610,1077040,0,0,35205,938038,0.115393,34501,611813,0.075263,35886,1549851,0.190656,8129050
3,2021-02-20,43476,2198240,27420,1105144,16056,1093096,0,0,22593,940411,0.115685,20757,632570,0.077816,23130,1572981,0.193501,8129050
3,2021-02-21,24477,2222717,19650,1124794,4827,1097923,0,0,11791,940040,0.11564,12580,645150,0.079364,12209,1585190,0.195003,8129050
3,2021-02-22,47941,2270658,31207,1156001,16734,1114657,0,0,22416,937594,0.115339,25366,670516,0.082484,22920,1608110,0.197823,8129050
3,2021-02-23,64076,2334734,34803,1190804,29273,1143930,0,0,27897,931575,0.114598,35929,706445,0.086904,29910,1638020,0.201502,8129050
3,2021-02-24,80248,2414982,39420,1230224,40828,1184758,0,0,35317,924778,0.113762,44662,751107,0.092398,37865,1675885,0.20616,8129050
3,2021-02-25,90033,2505015,43863,1274087,46170,1230928,0,0,44680,927054,0.114042,45030,796137,0.097937,47306,1723191,0.211979,8129050
3,2021-02-26,101062,2606077,46219,1320306,54843,1285771,0,0,53125,934923,0.11501,47492,843629,0.10378,55361,1778552,0.21879,8129050
3,2021-02-27,71657,2677734,32900,1353206,38753,1324524,4,4,37563,939973,0.115631,33848,877477,0.107943,38898,1817450,0.223575,8129050
3,2021-02-28,41808,2719542,24141,1377347,17662,1342186,5,9,21154,941667,0.11584,20438,897915,0.110458,22132,1839582,0.226297,8129050
3,2021-03-01,70692,2790234,37461,1414808,33177,1375363,54,63,39227,951131,0.117004,31196,929111,0.114295,40660,1880242,0.231299,8129050
3,2021-03-02,82125,2872359,40507,1455315,41604,1416967,14,77,47297,965936,0.118825,34645,963756,0.118557,49450,1929692,0.237382,8129050
3,2021-03-03,92060,2964419,44048,1499363,47978,1464945,34,111,51336,979157,0.120452,40465,1004221,0.123535,53686,1983378,0.243986,8129050
3,2021-03-04,96524,3060943,47209,1546572,49290,1514235,25,136,54553,994354,0.122321,41703,1045924,0.128665,56900,2040278,0.250986,8129050
3,2021-03-05,92790,3153733,45335,1591907,47155,1561390,300,436,56010,1016445,0.125039,36482,1082406,0.133153,58573,2098851,0.258191,8129050
3,2021-03-06,66426,3220159,33669,1625576,30587,1591977,2170,2606,37845,1029503,0.126645,28413,1110819,0.136648,41471,2140322,0.263293,8129050
3,2021-03-07,39479,3259638,22779,1648355,14784,1606761,1916,4522,22173,1037529,0.127632,17223,1128042,0.138767,25249,2165571,0.266399,8129050
3,2021-03-08,60617,3320255,28867,1677222,28727,1635488,3023,7545,38304,1058249,0.130181,22135,1150177,0.14149,42855,2208426,0.271671,8129050
3,2021-03-09,77922,3398177,35977,1713199,37447,1672935,4498,12043,41814,1069756,0.131597,35935,1186112,0.14591,47442,2255868,0.277507,8129050
3,2021-03-10,84020,3482197,41813,1755012,36044,1708979,6163,18206,43835,1081181,0.133002,39938,1226050,0.150823,51363,2307231,0.283825,8129050
3,2021-03-11,98308,3580505,48099,1803111,41526,1750505,8683,26889,48041,1088971,0.13396,49966,1276016,0.15697,57756,2364987,0.29093,8129050
3,2021-03-12,103013,3683518,46016,1849127,45062,1795567,11935,38824,46984,1093177,0.134478,55757,1331773,0.163829,59963,2424950,0.298307,8129050
3,2021-03-13,71012,3754530,29902,1879029,33807,1829374,7303,46127,37483,1105885,0.136041,33373,1365146,0.167934,46081,2471031,0.303975,8129050
3,2021-03-14,41564,3796094,21704,1900733,16286,1845660,3574,49701,20933,1110473,0.136606,20531,1385677,0.17046,25119,2496150,0.307065,8129050
3,2021-03-15,76355,3872449,36216,1936949,35549,1881209,4590,54291,40198,1120331,0.137818,35899,1421576,0.174876,45757,2541907,0.312694,8129050
3,2021-03-16,95815,3968264,44193,1981142,47246,1928455,4376,58667,53755,1137562,0.139938,41781,1463357,0.180016,59012,2600919,0.319954,8129050
3,2021-03-17,99177,4067441,48162,2029304,46440,1974895,4575,63242,60110,1164077,0.1432,38800,1502157,0.184789,65315,2666234,0.327988,8129050
3,2021-03-18,104508,4171949,53101,2082405,46817,2021712,4590,67832,59771,1184546,0.145718,44412,1546569,0.190252,64881,2731115,0.33597,8129050
3,2021-03-19,104074,4276023,55848,2138253,43729,2065441,4497,72329,57795,1201395,0.14779,45966,1592535,0.195907,62815,2793930,0.343697,8129050
3,2021-03-20,72503,4348526,37363,2175616,31427,2096868,3713,76042,44531,1222359,0.150369,27743,1620278,0.199319,48707,2842637,0.349689,8129050
3,2021-03-21,36606,4385132,24865,2200481,10221,2107089,1520,77562,21968,1231815,0.151532,14512,1634790,0.201105,23968,2866605,0.352637,8129050
3,2021-03-22,71140,4456272,41804,2242285,26800,2133889,2536,80098,45154,1254800,0.15436,25717,1660507,0.204268,48702,2915307,0.358628,8129050
3,2021-03-23,90619,4546891,50120,2292405,37911,2171800,2588,82686,55148,1278052,0.15722,35174,1695681,0.208595,58426,2973733,0.365816,8129050
3,2021-03-24,99542,4646433,57274,2349679,39305,2211105,2963,85649,56201,1294863,0.159288,42946,1738627,0.213878,59757,3033490,0.373167,8129050
3,2021-03-25,108294,4754727,60125,2409804,45131,2256236,3038,88687,60547,1311713,0.161361,47370,1785997,0.219706,64220,3097710,0.381067,8129050
3,2021-03-26,111664,4866391,59885,2469689,48403,2304639,3376,92063,57101,1318836,0.162237,54189,1840186,0.226372,61312,3159022,0.388609,8129050
3,2021-03-27,75201,4941592,38227,2507916,34412,2339051,2562,94625,36150,1319413,0.162308,38792,1878978,0.231144,39369,3198391,0.393452,8129050
3,2021-03-28,44748,4986340,28196,2536112,15731,2354782,821,95446,22434,1321133,0.16252,22180,1901158,0.233872,23900,3222291,0.396392,8129050
3,2021-03-29,81549,5067889,42595,2578707,37088,2391870,1866,97312,44292,1331169,0.163755,36969,1938127,0.23842,47005,3269296,0.402174,8129050
3,2021-03-30,101179,5169068,49720,2628427,47752,2439622,3707,101019,56254,1347097,0.165714,44631,1982758,0.24391,60559,3329855,0.409624,8129050
3,2021-03-31,105838,5274906,57070,2685497,43875,2483497,4893,105912,56235,1359212,0.167204,49323,2032081,0.249978,61438,3391293,0.417182,8129050
3,2021-04-01,124856,5399762,63093,2748590,51901,2535398,9862,115774,66908,1378737,0.169606,57471,2089552,0.257048,76996,3468289,0.426654,8129050
3,2021-04-02,118758,5518520,57932,2806522,50383,2585781,10443,126217,62254,1395658,0.171688,56173,2145725,0.263958,73094,3541383,0.435645,8129050
3,2021-04-03,76577,5595097,39174,2845696,28111,2613892,9292,135509,38036,1404894,0.172824,38362,2184087,0.268677,47598,3588981,0.441501,8129050
3,2021-04-04,32615,5627712,17437,2863133,10928,2624820,4250,139759,14237,1405083,0.172847,18286,2202373,0.270926,18475,3607456,0.443773,8129050
3,2021-04-05,90278,5717990,45809,2908942,35136,2659956,9333,149092,43710,1412588,0.17377,46315,2248688,0.276624,53820,3661276,0.450394,8129050
3,2021-04-06,114238,5832228,55587,2964529,43341,2703297,15310,164402,53462,1421542,0.174872,60465,2309153,0.284062,69419,3730695,0.458934,8129050
3,2021-04-07,117067,5949295,60562,3025091,40114,2743411,16391,180793,56317,1434026,0.176408,60457,2369610,0.291499,72941,3803636,0.467907,8129050
3,2021-04-08,122148,6071443,60814,3085905,41037,2784448,20297,201090,56499,1446209,0.177906,65306,2434916,0.299533,77489,3881125,0.477439,8129050
3,2021-04-09,119292,6190735,59380,3145285,40608,2825056,19304,220394,52220,1451829,0.178598,66783,2501699,0.307748,72403,3953528,0.486346,8129050
3,2021-04-10,84864,6275599,38080,3183365,31410,2856466,15374,235768,34477,1452253,0.17865,50180,2551879,0.313921,50604,4004132,0.492571,8129050
3,2021-04-11,45522,6321121,24364,3207729,13070,2869536,8088,243856,17275,1450272,0.178406,28139,2580018,0.317382,26158,4030290,0.495789,8129050
3,2021-04-12,84516,6405637,42675,3250404,32957,2902493,8884,252740,38077,1452124,0.178634,46170,2626188,0.323062,48022,4078312,0.501696,8129050
3,2021-04-13,106067,6511704,57426,3307830,48429,2950922,212,252952,55704,1458845,0.179461,50084,2676272,0.329223,56805,4135117,0.508684,8129050
3,2021-04-14,108240,6619944,59182,3367012,48949,2999871,109,253061,53694,1459867,0.179586,54219,2730491,0.335893,55241,4190358,0.515479,8129050
3,2021-04-15,119928,6739872,67425,3434437,52418,3052289,85,253146,63766,1468739,0.180678,55797,2786288,0.342757,64669,4255027,0.523435,8129050
3,2021-04-16,116125,6855997,65077,3499514,50950,3103239,98,253244,60360,1474442,0.181379,55423,2841711,0.349575,61126,4316153,0.530954,8129050
3,2021-04-17,79903,6935900,43551,3543065,36337,3139576,15,253259,44372,1484525,0.18262,35280,2876991,0.353915,45363,4361516,0.536535,8129050
3,2021-04-18,39056,6974956,23606,3566671,15441,3155017,9,253268,18271,1483038,0.182437,20649,2897640,0.356455,19162,4380678,0.538892,8129050
3,2021-04-19,79606,7054562,44291,3610962,35255,3190272,60,253328,35671,1475580,0.181519,43704,2941344,0.361831,36246,4416924,0.543351,8129050
3,2021-04-20,101289,7155851,53304,3664266,47963,3238235,22,253350,48779,1473211,0.181228,52212,2993556,0.368254,49843,4466767,0.549482,8129050
3,2021-04-21,106511,7262362,59809,3724075,46621,3284856,81,253431,50127,1468541,0.180653,55969,3049525,0.375139,51299,4518066,0.555793,8129050
3,2021-04-22,112656,7375018,63314,3787389,49313,3334169,29,253460,48264,1453795,0.178839,63999,3113524,0.383012,49253,4567319,0.561852,8129050
3,2021-04-23,106942,7481960,61187,3848576,45723,3379892,32,253492,46715,1441726,0.177355,59837,3173361,0.390373,47768,4615087,0.567728,8129050
3,2021-04-24,74380,7556340,45884,3894460,28423,3408315,73,253565,36154,1441038,0.17727,37927,3211288,0.395039,37239,4652326,0.572309,8129050
3,2021-04-25,37168,7593508,23723,3918183,13427,3421742,18,253583,18931,1442326,0.177429,18067,3229355,0.397261,19355,4671681,0.57469,8129050
3,2021-04-26,74437,7667945,42071,3960254,31948,3453690,418,254001,31671,1433302,0.176319,42467,3271822,0.402485,33443,4705124,0.578804,8129050
3,2021-04-27,91652,7759597,48120,4008374,41773,3495463,1759,255760,36242,1417005,0.174314,55074,3326896,0.40926,38777,4743901,0.583574,8129050
3,2021-04-28,87443,7847040,49692,4058066,35598,3531061,2153,257913,35596,1403776,0.172686,51523,3378419,0.415598,38294,4782195,0.588285,8129050
3,2021-04-29,89767,7936807,51295,4109361,36236,3567297,2236,260149,31969,1381042,0.16989,57425,3435844,0.422662,34691,4816886,0.592552,8129050
3,2021-04-30,91340,8028147,51557,4160918,37287,3604584,2496,262645,33933,1360926,0.167415,57009,3492853,0.429675,36893,4853779,0.597091,8129050
3,2021-05-01,55932,8084079,35064,4195982,19376,3623960,1492,264137,20136,1347553,0.16577,35489,3528342,0.434041,22116,4875895,0.599811,8129050
3,2021-05-02,27121,8111200,18515,4214497,7583,3631543,1023,265160,9926,1341525,0.165029,17077,3545419,0.436142,11049,4886944,0.60117,8129050
3,2021-05-03,60173,8171373,35336,4249833,22453,3653996,2384,267544,17536,1319237,0.162287,42387,3587806,0.441356,20099,4907043,0.603643,8129050
3,2021-05-04,78044,8249417,45115,4294948,30234,3684230,2695,270239,22639,1289764,0.158661,55082,3642888,0.448132,25609,4932652,0.606793,8129050
3,2021-05-05,79590,8329007,47777,4342725,29091,3713321,2722,272961,22005,1257575,0.154701,57214,3700102,0.45517,25025,4957677,0.609872,8129050
3,2021-05-06,83901,8412908,53100,4395825,28257,3741578,2544,275505,20708,1218683,0.149917,62686,3762788,0.462882,23794,4981471,0.612799,8129050
3,2021-05-07,82898,8495806,51640,4447465,28607,3770185,2651,278156,21980,1183071,0.145536,60542,3823330,0.470329,24930,5006401,0.615865,8129050
3,2021-05-08,52950,8548756,32823,4480288,18399,3788584,1728,279884,14002,1160400,0.142747,38666,3861996,0.475086,15995,5022396,0.617833,8129050
3,2021-05-09,21081,8569837,15411,4495699,4876,3793460,794,280678,5499,1151278,0.141625,15482,3877478,0.47699,6360,5028756,0.618615,8129050
3,2021-05-10,48430,8618267,26057,4521756,20454,3813914,1919,282597,11219,1127681,0.138722,36988,3914466,0.48154,13391,5042147,0.620263,8129050
3,2021-05-11,64495,8682762,36182,4557938,26081,3839995,2232,284829,16209,1098572,0.135141,48016,3962482,0.487447,18907,5061054,0.622589,8129050
3,2021-05-12,65220,8747982,37478,4595416,25326,3865321,2416,287245,16633,1069641,0.131583,48298,4010780,0.493389,19367,5080421,0.624971,8129050
3,2021-05-13,75880,8823862,47817,4643233,26133,3891454,1930,289175,27672,1051929,0.129404,47942,4058722,0.499286,30230,5110651,0.62869,8129050
3,2021-05-14,80821,8904683,51029,4694262,27633,3919087,2159,291334,31279,1036743,0.127536,49227,4107949,0.505342,34041,5144692,0.632877,8129050
3,2021-05-15,62517,8967200,43112,4737374,18182,3937269,1223,292557,25833,1027575,0.126408,36457,4144406,0.509827,27289,5171981,0.636234,8129050
3,2021-05-16,33326,9000526,24920,4762294,7714,3944983,692,293249,13446,1022054,0.125729,19753,4164159,0.512257,14232,5186213,0.637985,8129050
3,2021-05-17,57246,9057772,36452,4798746,18933,3963916,1861,295110,21085,1009336,0.124164,35873,4200032,0.516669,23155,5209368,0.640834,8129050
3,2021-05-18,64774,9122546,38240,4836986,24660,3988576,1874,296984,24316,995754,0.122493,40171,4240203,0.521611,26589,5235957,0.644104,8129050
3,2021-05-19,64231,9186777,39036,4876022,23434,4012010,1761,298745,24836,983501,0.120986,39131,4279334,0.526425,26878,5262835,0.647411,8129050
3,2021-05-20,62094,9248871,36337,4912359,23897,4035907,1860,300605,22275,968465,0.119136,39512,4318846,0.531285,24476,5287311,0.650422,8129050
3,2021-05-21,66433,9315304,40380,4952739,23938,4059845,2115,302720,23735,952265,0.117143,42358,4361204,0.536496,26158,5313469,0.65364,8129050
3,2021-05-22,45964,9361268,30467,4983206,14021,4073866,1476,304196,19125,946516,0.116436,26607,4387811,0.539769,20858,5334327,0.656205,8129050
3,2021-05-23,21768,9383036,15064,4998270,6050,4079916,654,304850,9194,943996,0.116126,12481,4400292,0.541305,9961,5344288,0.657431,8129050
3,2021-05-24,39859,9422895,23328,5021598,14759,4094675,1772,306622,14787,935892,0.115129,24862,4425154,0.544363,16758,5361046,0.659492,8129050
3,2021-05-25,43034,9465929,24205,5045803,17139,4111814,1690,308312,15252,925576,0.11386,27492,4452646,0.547745,17176,5378222,0.661605,8129050
3,2021-05-26,42637,9508566,24397,5070200,16499,4128313,1741,310053,15976,917079,0.112815,26348,4478994,0.550986,17851,5396073,0.663801,8129050
3,2021-05-27,39507,9548073,22151,5092351,15598,4143911,1758,311811,15449,910654,0.112025,23884,4502878,0.553924,17459,5413532,0.665949,8129050
3,2021-05-28,43050,9591123,24329,5116680,16915,4160826,1806,313617,17882,905717,0.111417,24948,4527826,0.556993,20011,5433543,0.668411,8129050
3,2021-05-29,23508,9614631,14358,5131038,8308,4169134,842,314459,10973,905272,0.111363,12393,4540219,0.558518,11948,5445491,0.66988,8129050
3,2021-05-30,10651,9625282,6907,5137945,3107,4172241,637,315096,4474,904332,0.111247,6095,4546314,0.559268,5155,5450646,0.670515,8129050
3,2021-05-31,4689,9629971,2713,5140658,1709,4173950,267,315363,1468,902929,0.111074,3168,4549482,0.559657,1765,5452411,0.670732,8129050
3,2021-06-01,37867,9667838,21792,5162450,14624,4188574,1451,316814,13221,893405,0.109903,24390,4573872,0.562658,14866,5467277,0.67256,8129050
3,2021-06-02,31556,9699394,18132,5180582,12005,4200579,1419,318233,11665,886950,0.109109,19680,4593552,0.565079,13225,5480502,0.674187,8129050
3,2021-06-03,39727,9739121,27165,5207747,11122,4211701,1440,319673,11460,872007,0.10727,28081,4621633,0.568533,13138,5493640,0.675803,8129050
3,2021-06-04,46273,9785394,32724,5240471,11999,4223700,1550,321223,13142,854240,0.105085,32881,4654514,0.572578,15114,5508754,0.677663,8129050
3,2021-06-05,34400,9819794,25923,5266394,7289,4230989,1188,322411,8711,838862,0.103193,25475,4679989,0.575712,10097,5518851,0.678905,8129050
3,2021-06-06,14678,9834472,12244,5278638,1848,4232837,586,322997,3698,832398,0.102398,10915,4690904,0.577054,4451,5523302,0.679452,8129050
3,2021-06-07,30447,9864919,22125,5300763,7037,4239874,1285,324282,8714,820936,0.100988,21582,4712486,0.579709,10120,5533422,0.680697,8129050
3,2021-06-08,34382,9899301,24680,5325443,8408,4248282,1294,325576,9944,808175,0.099418,24226,4736712,0.582689,11465,5544887,0.682108,8129050
3,2021-06-09,33015,9932316,23942,5349385,7767,4256049,1306,326882,8860,794538,0.097741,23969,4760681,0.585638,10332,5555219,0.683379,8129050
3,2021-06-10,32552,9964868,23465,5372850,7551,4263600,1536,328418,8947,781777,0.096171,23443,4784124,0.588522,10682,5565901,0.684693,8129050
3,2021-06-11,35625,10000493,25181,5398031,9069,4272669,1375,329793,10560,769027,0.094602,24862,4808986,0.59158,12112,5578013,0.686183,8129050
3,2021-06-12,25251,10025744,19032,5417063,5325,4277994,894,330687,6674,758297,0.093282,18460,4827446,0.593851,7730,5585743,0.687134,8129050
3,2021-06-13,10150,10035894,7594,5424657,2066,4280060,490,331177,2359,753485,0.09269,7737,4835183,0.594803,2925,5588668,0.687493,8129050
3,2021-06-14,25850,10061744,18519,5443176,5902,4285962,1429,332606,8073,745489,0.091707,17641,4852824,0.596973,9645,5598313,0.68868,8129050
3,2021-06-15,28813,10090557,19497,5462673,7801,4293763,1515,334121,9672,737938,0.090778,18907,4871731,0.599299,11356,5609669,0.690077,8129050
3,2021-06-16,25941,10116498,18424,5481097,6097,4299860,1420,335541,8730,731214,0.089951,17027,4888758,0.601394,10303,5619972,0.691344,8129050
3,2021-06-17,24888,10141386,17821,5498918,5773,4305633,1294,336835,8624,725164,0.089206,16106,4904864,0.603375,10056,5630028,0.692581,8129050
3,2021-06-18,28061,10169447,19817,5518735,6670,4312303,1574,338409,9817,718712,0.088413,18009,4922873,0.60559,11557,5641585,0.694003,8129050
3,2021-06-19,16042,10185489,11781,5530516,3399,4315702,862,339271,5752,715275,0.08799,10160,4933033,0.60684,6723,5648308,0.69483,8129050
3,2021-06-20,6894,10192383,5171,5535687,1421,4317123,302,339573,2608,714010,0.087834,4228,4937261,0.60736,2963,5651271,0.695195,8129050
3,2021-06-21,16258,10208641,10262,5545949,4595,4321718,1401,340974,8091,715552,0.088024,8072,4945333,0.608353,9614,5660885,0.696377,8129050
3,2021-06-22,22110,10230751,15501,5561450,5310,4327028,1299,342273,8264,711556,0.087532,13715,4959048,0.61004,9719,5670604,0.697573,8129050
3,2021-06-23,20292,10251043,14209,5575659,4742,4331770,1341,343614,8029,708920,0.087208,12144,4971192,0.611534,9508,5680112,0.698742,8129050
3,2021-06-24,19979,10271022,13907,5589566,4619,4336389,1453,345067,7791,706264,0.086881,12008,4983200,0.613011,9352,5689464,0.699893,8129050
3,2021-06-25,23324,10294346,16547,5606113,5354,4341743,1423,346490,9108,702843,0.086461,14078,4997278,0.614743,10657,5700121,0.701204,8129050
3,2021-06-26,14028,10308374,10419,5616532,2834,4344577,775,347265,5855,701565,0.086303,8067,5005345,0.615736,6789,5706910,0.702039,8129050
3,2021-06-27,6708,10315082,5192,5621724,1207,4345784,309,347574,2863,700972,0.08623,3800,5009145,0.616203,3207,5710117,0.702433,8129050
3,2021-06-28,16001,10331083,12302,5634026,2615,4348399,1084,348658,6736,699778,0.086084,9121,5018266,0.617325,7927,5718044,0.703409,8129050
3,2021-06-29,18087,10349170,12743,5646769,4336,4352735,1008,349666,7394,697764,0.085836,10547,5028813,0.618622,8533,5726577,0.704458,8129050
3,2021-06-30,17067,10366237,12092,5658861,3933,4356668,1042,350708,7340,696726,0.085708,9569,5038382,0.6198,8531,5735108,0.705508,8129050
3,2021-07-01,16326,10382563,11629,5670490,3625,4360293,1072,351780,6860,695428,0.085548,9329,5047711,0.620947,8031,5743139,0.706496,8129050
3,2021-07-02,18457,10401020,13123,5683613,4231,4364524,1103,352883,7871,694033,0.085377,10466,5058177,0.622235,9071,5752210,0.707612,8129050
3,2021-07-03,10106,10411126,7301,5690914,2366,4366890,439,353322,4332,693210,0.085276,5697,5063874,0.622936,4874,5757084,0.708211,8129050
3,2021-07-04,727,10411853,427,5691341,213,4367103,87,353409,280,693153,0.085269,440,5064314,0.62299,383,5757467,0.708258,8129050
3,2021-07-05,9538,10421391,6973,5698314,2141,4369244,424,353833,4310,692793,0.085224,5157,5069471,0.623624,4797,5762264,0.708848,8129050
3,2021-07-06,19072,10440463,13826,5712140,4128,4373372,1118,354951,6901,688940,0.08475,11996,5081467,0.6251,8143,5770407,0.70985,8129050
3,2021-07-07,15747,10456210,11177,5723317,3456,4376828,1114,356065,6352,687257,0.084543,9256,5090723,0.626238,7573,5777980,0.710782,8129050
3,2021-07-08,15318,10471528,11058,5734375,3264,4380092,996,357061,6213,685576,0.084337,8980,5099703,0.627343,7299,5785279,0.71168,8129050
3,2021-07-09,17615,10489143,12275,5746650,4120,4384212,1220,358281,7278,683983,0.084141,10202,5109905,0.628598,8609,5793888,0.712739,8129050
3,2021-07-10,10850,10499993,7986,5754636,2199,4386411,665,358946,4600,683156,0.084039,6181,5116086,0.629358,5354,5799242,0.713397,8129050
3,2021-07-11,5121,10505114,3791,5758427,1055,4387466,275,359221,2311,683001,0.08402,2761,5118847,0.629698,2606,5801848,0.713718,8129050
3,2021-07-12,14324,10519438,10444,5768871,2878,4390344,1002,360223,5712,681249,0.083804,8534,5127381,0.630748,6782,5808630,0.714552,8129050
3,2021-07-13,15113,10534551,10679,5779550,3524,4393868,910,361133,6639,680503,0.083712,8377,5135758,0.631778,7631,5816261,0.715491,8129050
3,2021-07-14,14394,10548945,10216,5789766,3263,4397131,915,362048,6419,680024,0.083654,7874,5143632,0.632747,7395,5823656,0.716401,8129050
3,2021-07-15,14714,10563659,10636,5800402,3239,4400370,839,362887,6732,679785,0.083624,7885,5151517,0.633717,7646,5831302,0.717341,8129050
3,2021-07-16,17721,10581380,12738,5813140,4093,4404463,890,363777,8466,680065,0.083659,9146,5160663,0.634842,9426,5840728,0.718501,8129050
3,2021-07-17,11260,10592640,8249,5821389,2479,4406942,532,364309,5355,680184,0.083673,5835,5166498,0.63556,5954,5846682,0.719233,8129050
3,2021-07-18,5742,10598382,4335,5825724,1156,4408098,251,364560,2825,680412,0.083701,2874,5169372,0.635913,3102,5849784,0.719615,8129050
3,2021-07-19,14857,10613239,10871,5836595,3109,4411207,877,365437,7291,681187,0.083797,7466,5176838,0.636832,8241,5858025,0.720628,8129050
3,2021-07-20,16510,10629749,11490,5848085,4117,4415324,903,366340,8493,682764,0.083991,7900,5184738,0.637804,9477,5867502,0.721794,8129050
3,2021-07-21,15934,10645683,11281,5859366,3786,4419110,867,367207,8014,683931,0.084134,7792,5192530,0.638762,8959,5876461,0.722896,8129050
3,2021-07-22,16319,10662002,11534,5870900,3822,4422932,963,368170,8481,685723,0.084355,7712,5200242,0.639711,9504,5885965,0.724066,8129050
3,2021-07-23,19219,10681221,13699,5884599,4509,4427441,1011,369181,10330,688406,0.084685,8745,5208987,0.640787,11428,5897393,0.725471,8129050
3,2021-07-24,11554,10692775,8324,5892923,2651,4430092,579,369760,6370,690287,0.084916,5105,5214092,0.641415,6986,5904379,0.726331,8129050
3,2021-07-25,5636,10698411,4226,5897149,1200,4431292,210,369970,4076,693110,0.085263,1513,5215605,0.641601,4336,5908715,0.726864,8129050
3,2021-07-26,15410,10713821,10711,5907860,3734,4435026,965,370935,9307,697452,0.085797,5991,5221596,0.642338,10333,5919048,0.728135,8129050
3,2021-07-27,17442,10731263,12340,5920200,4129,4439155,973,371908,9996,701181,0.086256,7314,5228910,0.643238,11043,5930091,0.729494,8129050
3,2021-07-28,17020,10748283,12188,5932388,3795,4442950,1037,372945,9823,705035,0.08673,7056,5235966,0.644106,10910,5941001,0.730836,8129050
3,2021-07-29,16822,10765105,12104,5944492,3687,4446637,1031,373976,9916,709325,0.087258,6730,5242696,0.644933,11020,5952021,0.732191,8129050
3,2021-07-30,19560,10784665,13811,5958303,4671,4451308,1078,375054,11350,713837,0.087813,8003,5250699,0.645918,12515,5964536,0.733731,8129050
3,2021-07-31,12203,10796868,8840,5967143,2708,4454016,655,375709,7107,716712,0.088167,4954,5255653,0.646527,7829,5972365,0.734694,8129050
3,2021-08-01,6484,10803352,4940,5972083,1287,4455303,257,375966,4199,718979,0.088446,2224,5257877,0.646801,4491,5976856,0.735247,8129050
3,2021-08-02,16603,10819955,12054,5984137,3619,4458922,930,376896,10332,724162,0.089083,6144,5264021,0.647557,11327,5988183,0.73664,8129050
3,2021-08-03,18401,10838356,13276,5997413,4020,4462942,1105,378001,10978,729052,0.089685,7246,5271267,0.648448,12136,6000319,0.738133,8129050
3,2021-08-04,17569,10855925,12616,6010029,3939,4466881,1014,379015,10471,733652,0.090251,6935,5278202,0.649301,11535,6011854,0.739552,8129050
3,2021-08-05,17926,10873851,12956,6022985,3821,4470702,1149,380164,10825,738759,0.090879,6937,5285139,0.650155,12044,6023898,0.741033,8129050
3,2021-08-06,21696,10895547,15729,6038714,4814,4475516,1153,381317,12817,744115,0.091538,8681,5293820,0.651222,14037,6037935,0.74276,8129050
3,2021-08-07,12749,10908296,9490,6048204,2640,4478156,619,381936,7470,747113,0.091907,5142,5298962,0.651855,8140,6046075,0.743762,8129050
3,2021-08-08,7572,10915868,5795,6053999,1536,4479692,241,382177,4682,749265,0.092171,2807,5301769,0.6522,4959,6051034,0.744372,8129050
3,2021-08-09,18282,10934150,13684,6067683,3538,4483230,1060,383237,10357,752990,0.09263,7764,5309533,0.653155,11489,6062523,0.745785,8129050
3,2021-08-10,18491,10952641,13552,6081235,3946,4487176,993,384230,10432,756565,0.093069,7892,5317425,0.654126,11467,6073990,0.747196,8129050
3,2021-08-11,16515,10969156,11958,6093193,3535,4490711,1022,385252,9202,759730,0.093459,7115,5324540,0.655002,10280,6084270,0.74846,8129050
3,2021-08-12,18054,10987210,12740,6105933,4243,4494954,1071,386323,9921,762847,0.093842,7923,5332463,0.655976,11040,6095310,0.749818,8129050
3,2021-08-13,22459,11009669,15947,6121880,5361,4500315,1151,387474,12248,766535,0.094296,9782,5342245,0.657179,13470,6108780,0.751475,8129050
3,2021-08-14,14621,11024290,10294,6132174,3720,4504035,607,388081,7625,768735,0.094566,6084,5348329,0.657928,8284,6117064,0.752494,8129050
3,2021-08-15,8319,11032609,6035,6138209,1999,4506034,285,388366,4173,769850,0.094704,3369,5351698,0.658342,4484,6121548,0.753046,8129050
3,2021-08-16,20560,11053169,14161,6152370,5413,4511447,986,389352,9754,771790,0.094942,8886,5360584,0.659435,10826,6132374,0.754378,8129050
3,2021-08-17,20918,11074087,14191,6166561,5705,4517152,1022,390374,9612,773390,0.095139,9142,5369726,0.66056,10742,6143116,0.755699,8129050
3,2021-08-18,19646,11093733,13140,6179701,5541,4522693,965,391339,8769,774805,0.095313,8419,5378145,0.661596,9834,6152950,0.756909,8129050
3,2021-08-19,11735,11105468,7369,6187070,3469,4526162,897,392236,4879,775456,0.095393,5194,5383339,0.662235,5845,6158795,0.757628,8129050
4,2020-12-15,471,471,471,471,0,0,0,0,471,471,5.9e-05,0,0,0.0,471,471,5.9e-05,8037679
4,2020-12-16,3090,3561,3090,3561,0,0,0,0,3090,3561,0.000443,0,0,0.0,3090,3561,0.000443,8037679
4,2020-12-17,9074,12635,9074,12635,0,0,0,0,9075,12636,0.001572,0,0,0.0,9075,12636,0.001572,8037679
4,2020-12-18,16339,28974,16326,28961,13,13,0,0,16338,28974,0.003605,0,0,0.0,16338,28974,0.003605,8037679
4,2020-12-19,10442,39416,10432,39393,10,23,0,0,10378,39352,0.004896,0,0,0.0,10378,39352,0.004896,8037679
4,2020-12-20,7486,46902,7472,46865,14,37,0,0,7441,46793,0.005822,0,0,0.0,7441,46793,0.005822,8037679
4,2020-12-21,16514,63416,16482,63347,32,69,0,0,16446,63238,0.007868,1,1,0.0,16446,63239,0.007868,8037679
4,2020-12-22,17312,80728,16548,79895,764,833,0,0,17267,80501,0.010015,4,5,1e-06,17267,80506,0.010016,8037679
4,2020-12-23,17278,98006,14480,94375,2798,3631,0,0,17257,97756,0.012162,2,7,1e-06,17257,97763,0.012163,8037679
4,2020-12-24,8637,106643,6006,100381,2631,6262,0,0,8636,106392,0.013237,0,7,1e-06,8636,106399,0.013238,8037679
4,2020-12-25,913,107556,808,101189,105,6367,0,0,913,107305,0.01335,0,7,1e-06,913,107312,0.013351,8037679
4,2020-12-26,6253,113809,3920,105109,2333,8700,0,0,6253,113558,0.014128,0,7,1e-06,6253,113565,0.014129,8037679
4,2020-12-27,3478,117287,2010,107119,1468,10168,0,0,3478,117036,0.014561,0,7,1e-06,3478,117043,0.014562,8037679
4,2020-12-28,15321,132608,9458,116577,5863,16031,0,0,15294,132327,0.016463,3,10,1e-06,15294,132337,0.016465,8037679
4,2020-12-29,15933,148541,8948,125525,6985,23016,0,0,15899,148225,0.018441,1,11,1e-06,15899,148236,0.018443,8037679
4,2020-12-30,19481,168022,11421,136946,8060,31076,0,0,19470,167693,0.020863,2,13,2e-06,19470,167706,0.020865,8037679
4,2020-12-31,8384,176406,3385,140331,4999,36075,0,0,8371,176055,0.021904,9,22,3e-06,8371,176077,0.021906,8037679
4,2021-01-01,1828,178234,836,141167,992,37067,0,0,1821,177872,0.02213,4,26,3e-06,1821,177898,0.022133,8037679
4,2021-01-02,5788,184022,3265,144432,2523,39590,0,0,5786,183657,0.02285,1,27,3e-06,5786,183684,0.022853,8037679
4,2021-01-03,2173,186195,1280,145712,893,40483,0,0,2159,185813,0.023118,3,30,4e-06,2159,185843,0.023121,8037679
4,2021-01-04,13123,199318,7086,152798,6037,46520,0,0,13074,198860,0.024741,27,57,7e-06,13074,198917,0.024748,8037679
4,2021-01-05,17100,216418,10126,162924,6974,53494,0,0,14848,211502,0.026314,2223,2280,0.000284,14865,213782,0.026597,8037679
4,2021-01-06,21855,238273,13393,176317,8462,61956,0,0,15664,221041,0.027501,6142,8422,0.001048,15681,229463,0.028548,8037679
4,2021-01-07,28235,266508,17227,193544,11008,72964,0,0,16817,226523,0.028183,11357,19779,0.002461,16839,246302,0.030643,8037679
4,2021-01-08,33190,299698,21313,214857,11877,84841,0,0,18470,230367,0.028661,14654,34433,0.004284,18498,264800,0.032945,8037679
4,2021-01-09,16424,316122,9717,224574,6707,91548,0,0,9535,233037,0.028993,6878,41311,0.00514,9548,274348,0.034133,8037679
4,2021-01-10,8853,324975,5713,230287,3140,94688,0,0,4212,232628,0.028942,4630,45941,0.005716,4221,278569,0.034658,8037679
4,2021-01-11,33852,358827,22233,252520,11619,106307,0,0,19069,236991,0.029485,14754,60695,0.007551,19117,297686,0.037036,8037679
4,2021-01-12,38910,397737,22445,274965,16465,122772,0,0,24475,247138,0.030747,14378,75073,0.00934,24525,322211,0.040088,8037679
4,2021-01-13,39242,436979,19453,294418,19789,142561,0,0,27781,263530,0.032787,11418,86491,0.010761,27810,350021,0.043548,8037679
4,2021-01-14,39790,476769,15344,309762,24446,167007,0,0,32510,288831,0.035935,7242,93733,0.011662,32543,382564,0.047596,8037679
4,2021-01-15,45900,522669,16075,325837,29825,196832,0,0,40199,323428,0.040239,5628,99361,0.012362,40225,422789,0.052601,8037679
4,2021-01-16,29050,551719,9443,335280,19607,216439,0,0,25869,346164,0.043068,3149,102510,0.012754,25885,448674,0.055821,8037679
4,2021-01-17,19110,570829,6619,341899,12491,228930,0,0,17438,361964,0.045033,1650,104160,0.012959,17450,466124,0.057992,8037679
4,2021-01-18,29702,600531,13756,355655,15946,244876,0,0,23641,379644,0.047233,5994,110154,0.013705,23674,489798,0.060938,8037679
4,2021-01-19,46706,647237,23347,379002,23359,268235,0,0,36905,406868,0.05062,9754,119908,0.014918,36978,526776,0.065538,8037679
4,2021-01-20,53118,700355,28363,407365,24755,292990,0,0,42387,438689,0.054579,10631,130539,0.016241,42452,569228,0.07082,8037679
4,2021-01-21,58447,758802,26278,433643,32169,325159,0,0,51515,483409,0.060143,6846,137385,0.017093,51566,620794,0.077235,8037679
4,2021-01-22,55921,814723,22430,456073,33491,358650,0,0,50636,528864,0.065798,5213,142598,0.017741,50668,671462,0.083539,8037679
4,2021-01-23,39994,854717,17432,473505,22562,381212,0,0,35605,560121,0.069687,4379,146977,0.018286,35636,707098,0.087973,8037679
4,2021-01-24,24270,878987,10563,484068,13707,394919,0,0,22352,580589,0.072233,1907,148884,0.018523,22375,729473,0.090757,8037679
4,2021-01-25,48501,927488,22388,506456,26113,421032,0,0,37174,606527,0.07546,11295,160179,0.019929,37233,766706,0.095389,8037679
4,2021-01-26,57448,984936,29272,535728,28176,449208,0,0,44998,639175,0.079522,12413,172592,0.021473,45061,811767,0.100995,8037679
4,2021-01-27,56938,1041874,27036,562764,29902,479110,0,0,45680,673731,0.083822,11180,183772,0.022864,45736,857503,0.106685,8037679
4,2021-01-28,57603,1099477,26015,588779,31588,510698,0,0,47315,710910,0.088447,10185,193957,0.024131,47364,904867,0.112578,8037679
4,2021-01-29,57410,1156887,27436,616215,29974,540672,0,0,46802,747341,0.09298,10406,204363,0.025426,46837,951704,0.118405,8037679
4,2021-01-30,38712,1195599,17361,633576,21351,562023,0,0,33263,775246,0.096451,5391,209754,0.026096,33296,985000,0.122548,8037679
4,2021-01-31,24504,1220103,12772,646348,11732,573755,0,0,22772,796327,0.099074,1709,211463,0.026309,22790,1007790,0.125383,8037679
4,2021-02-01,50404,1270507,24247,670595,26157,599912,0,0,38541,823116,0.102407,11799,223262,0.027777,38588,1046378,0.130184,8037679
4,2021-02-02,56267,1326774,25834,696429,30433,630345,0,0,43157,853303,0.106163,13024,236286,0.029397,43211,1089589,0.13556,8037679
4,2021-02-03,62823,1389597,30819,727248,32004,662349,0,0,48101,886896,0.110342,14568,250854,0.03121,48161,1137750,0.141552,8037679
4,2021-02-04,68303,1457900,31710,758958,36593,698942,0,0,51269,921424,0.114638,16857,267711,0.033307,51385,1189135,0.147945,8037679
4,2021-02-05,73944,1531844,34226,793184,39718,738660,0,0,51281,950465,0.118251,22379,290090,0.036091,51420,1240555,0.154342,8037679
4,2021-02-06,49168,1581012,26383,819567,22785,761445,0,0,37506,976583,0.121501,11592,301682,0.037533,37710,1278265,0.159034,8037679
4,2021-02-07,26732,1607744,17655,837222,9077,770522,0,0,20164,990461,0.123227,6531,308213,0.038346,20409,1298674,0.161573,8037679
4,2021-02-08,59288,1667032,30452,867674,28836,799358,0,0,38442,1008464,0.125467,20702,328915,0.040922,38705,1337379,0.166389,8037679
4,2021-02-09,67955,1734987,34412,902086,33543,832901,0,0,39716,1020587,0.126975,28041,356956,0.04441,40164,1377543,0.171386,8037679
4,2021-02-10,78181,1813168,39115,941201,39066,871967,0,0,40995,1025211,0.127551,36928,393884,0.049005,41552,1419095,0.176555,8037679
4,2021-02-11,82423,1895591,43015,984216,39408,911375,0,0,41846,1027446,0.127829,40294,434178,0.054018,42529,1461624,0.181847,8037679
4,2021-02-12,85382,1980973,38281,1022497,47101,958476,0,0,43818,1030775,0.128243,41284,475462,0.059154,44613,1506237,0.187397,8037679
4,2021-02-13,59398,2040371,30031,1052528,29367,987843,0,0,30126,1032692,0.128481,29120,504582,0.062777,31037,1537274,0.191258,8037679
4,2021-02-14,37202,2077573,19329,1071857,17873,1005716,0,0,18978,1034178,0.128666,18160,522742,0.065036,19646,1556920,0.193703,8037679
4,2021-02-15,46787,2124360,21942,1093799,24845,1030561,0,0,23918,1036517,0.128957,22777,545519,0.06787,25116,1582036,0.196827,8037679
4,2021-02-16,81171,2205531,37253,1131052,43918,1074479,0,0,41113,1038954,0.12926,39901,585420,0.072834,42338,1624374,0.202095,8037679
4,2021-02-17,82521,2288052,39021,1170073,43500,1117979,0,0,39099,1036003,0.128893,43195,628615,0.078209,40244,1664618,0.207102,8037679
4,2021-02-18,84501,2372553,46524,1216597,37977,1155956,0,0,38902,1030994,0.12827,45382,673997,0.083855,40373,1704991,0.212125,8037679
4,2021-02-19,83775,2456328,52767,1269364,31008,1186964,0,0,41718,1031533,0.128337,41863,715860,0.089063,42402,1747393,0.2174,8037679
4,2021-02-20,50200,2506528,33411,1302775,16789,1203753,0,0,27009,1036157,0.128912,23098,738958,0.091937,27722,1775115,0.220849,8037679
4,2021-02-21,30583,2537111,24255,1327030,6328,1210081,0,0,14641,1035265,0.128801,15848,754806,0.093908,14956,1790071,0.22271,8037679
4,2021-02-22,55990,2593101,38438,1365468,17552,1227633,0,0,26914,1033760,0.128614,28893,783699,0.097503,27388,1817459,0.226117,8037679
4,2021-02-23,77646,2670747,43052,1408520,34594,1262227,0,0,33989,1026009,0.12765,43431,827130,0.102907,35680,1853139,0.230556,8037679
4,2021-02-24,92839,2763586,49076,1457596,43763,1305990,0,0,41639,1018916,0.126767,50914,878044,0.109241,43821,1896960,0.236008,8037679
4,2021-02-25,104497,2868083,54686,1512282,49811,1355801,0,0,49635,1016509,0.126468,54619,932663,0.116036,52212,1949172,0.242504,8037679
4,2021-02-26,110577,2978660,55866,1568148,54711,1410512,0,0,56198,1021009,0.127028,54059,986722,0.122762,58559,2007731,0.24979,8037679
4,2021-02-27,80688,3059348,43882,1612030,36794,1447306,12,12,42619,1027321,0.127813,37831,1024553,0.127469,44143,2051874,0.255282,8037679
4,2021-02-28,49859,3109207,30753,1642783,19099,1466405,7,19,27140,1032880,0.128505,22499,1047052,0.130268,28058,2079932,0.258773,8037679
4,2021-03-01,81558,3190765,47730,1690513,33773,1500178,55,74,44861,1042710,0.129728,36326,1083378,0.134787,46156,2126088,0.264515,8037679
4,2021-03-02,90385,3281150,51793,1742306,38581,1538759,11,85,52769,1059916,0.131868,37398,1120776,0.13944,54604,2180692,0.271309,8037679
4,2021-03-03,104344,3385494,55426,1797732,48898,1587657,20,105,58012,1073657,0.133578,46088,1166864,0.145174,59829,2240521,0.278752,8037679
4,2021-03-04,102605,3488099,57133,1854865,45452,1633109,20,125,55775,1084682,0.13495,46567,1213431,0.150968,57592,2298113,0.285917,8037679
4,2021-03-05,98688,3586787,53248,1908113,45112,1678221,328,453,57712,1103950,0.137347,40736,1254167,0.156036,60004,2358117,0.293383,8037679
4,2021-03-06,77694,3664481,43754,1951867,31290,1709511,2650,3103,47466,1125290,0.140002,30084,1284251,0.159779,51424,2409541,0.299781,8037679
4,2021-03-07,45229,3709710,27707,1979574,15299,1724810,2223,5326,26342,1136107,0.141348,18795,1303046,0.162117,29612,2439153,0.303465,8037679
4,2021-03-08,68726,3778436,35894,2015468,29424,1754234,3408,8734,45050,1162318,0.144609,23529,1326575,0.165045,49740,2488893,0.309653,8037679
4,2021-03-09,82815,3861251,41796,2057264,35715,1789949,5304,14038,44612,1175236,0.146216,38002,1364577,0.169773,50920,2539813,0.315988,8037679
4,2021-03-10,92800,3954051,47867,2105131,37360,1827309,7573,21611,46637,1184336,0.147348,45938,1410515,0.175488,55038,2594851,0.322836,8037679
4,2021-03-11,101806,4055857,53363,2158494,39884,1867193,8559,30170,46925,1186154,0.147574,54596,1465111,0.18228,56414,2651265,0.329855,8037679
4,2021-03-12,105627,4161484,52001,2210495,43241,1910434,10385,40555,45169,1182268,0.147091,60147,1525258,0.189763,56261,2707526,0.336854,8037679
4,2021-03-13,82265,4243749,38089,2248584,35622,1946056,8554,49109,38905,1187468,0.147738,43208,1568466,0.195139,48408,2755934,0.342877,8037679
4,2021-03-14,50221,4293970,28603,2277187,17960,1964016,3658,52767,23461,1188487,0.147864,26652,1595118,0.198455,27671,2783605,0.34632,8037679
4,2021-03-15,84403,4378373,45394,2322581,34703,1998719,4306,57073,42769,1194987,0.148673,41326,1636444,0.203597,47826,2831431,0.35227,8037679
4,2021-03-16,108728,4487101,56562,2379143,48715,2047434,3451,60524,57073,1204758,0.149889,51373,1687817,0.209988,61144,2892575,0.359877,8037679
4,2021-03-17,108240,4595341,58272,2437415,46448,2093882,3520,64044,63131,1227068,0.152664,44813,1732630,0.215563,67123,2959698,0.368228,8037679
4,2021-03-18,108100,4703441,59974,2497389,44392,2138274,3734,67778,60963,1245281,0.15493,46838,1779468,0.221391,65051,3024749,0.376321,8037679
4,2021-03-19,112535,4815976,64745,2562134,42542,2180816,5248,73026,63671,1265960,0.157503,48556,1828024,0.227432,69235,3093984,0.384935,8037679
4,2021-03-20,84996,4900972,49771,2611905,32175,2212991,3050,76076,51794,1288050,0.160251,33008,1861032,0.231538,55098,3149082,0.39179,8037679
4,2021-03-21,48643,4949615,35247,2647152,11135,2224126,2261,78337,28330,1298800,0.161589,20163,1881195,0.234047,30913,3179995,0.395636,8037679
4,2021-03-22,83354,5032969,54392,2701544,26203,2250329,2759,81096,51373,1321910,0.164464,31699,1912894,0.237991,54809,3234804,0.402455,8037679
4,2021-03-23,105976,5138945,63459,2765003,40349,2290678,2168,83264,62060,1343047,0.167094,43614,1956508,0.243417,64751,3299555,0.410511,8037679
4,2021-03-24,114657,5253602,73916,2838919,38291,2328969,2450,85714,63721,1359157,0.169098,50464,2006972,0.249695,66574,3366129,0.418794,8037679
4,2021-03-25,118302,5371904,72767,2911686,43087,2372056,2448,88162,66293,1376863,0.171301,51498,2058470,0.256103,69204,3435333,0.427404,8037679
4,2021-03-26,121056,5492960,73383,2985069,44615,2416671,3058,91220,65196,1390222,0.172963,55451,2113921,0.263001,68810,3504143,0.435965,8037679
4,2021-03-27,92941,5585901,54754,3039823,36369,2453040,1818,93038,46810,1393449,0.173365,45854,2159775,0.268706,49081,3553224,0.442071,8037679
4,2021-03-28,56338,5642239,37233,3077056,18227,2471267,878,93916,29638,1397822,0.173909,26507,2186282,0.272004,30880,3584104,0.445913,8037679
4,2021-03-29,94798,5737037,56755,3133811,35932,2507199,2111,96027,50686,1407350,0.175094,43812,2230094,0.277455,53340,3637444,0.452549,8037679
4,2021-03-30,118356,5855393,64612,3198423,49542,2556741,4202,100229,69601,1433051,0.178292,48476,2278570,0.283486,74177,3711621,0.461778,8037679
4,2021-03-31,122129,5977522,72068,3270491,43724,2600465,6337,106566,68015,1453841,0.180878,53720,2332290,0.29017,74510,3786131,0.471048,8037679
4,2021-04-01,143853,6121375,81957,3352448,48491,2648956,13405,119971,84316,1492352,0.18567,58976,2391266,0.297507,97487,3883618,0.483177,8037679
4,2021-04-02,137738,6259113,73591,3426039,50478,2699434,13669,133640,79162,1526935,0.189972,58246,2449512,0.304754,92829,3976447,0.494726,8037679
4,2021-04-03,101826,6360939,54419,3480458,33890,2733324,13517,147157,53042,1544895,0.192207,48558,2498070,0.310795,66518,4042965,0.503002,8037679
4,2021-04-04,47142,6408081,24898,3505356,14696,2748020,7548,154705,20533,1546312,0.192383,26487,2524557,0.31409,27904,4070869,0.506473,8037679
4,2021-04-05,110519,6518600,62004,3567360,35571,2783591,12944,167649,57252,1563860,0.194566,53012,2577569,0.320686,70560,4141429,0.515252,8037679
4,2021-04-06,139876,6658476,78705,3646065,41259,2824850,19912,187561,72410,1589356,0.197738,67199,2644768,0.329046,92695,4234124,0.526784,8037679
4,2021-04-07,138563,6797039,78532,3724597,39185,2864035,20846,208407,71589,1615169,0.20095,66687,2711455,0.337343,92500,4326624,0.538293,8037679
4,2021-04-08,141023,6938062,78579,3803176,36847,2900882,25597,234004,70240,1640819,0.204141,70452,2781907,0.346108,96102,4422726,0.550249,8037679
4,2021-04-09,138652,7076714,75983,3879159,39473,2940355,23196,257200,66178,1658757,0.206373,72188,2854095,0.355089,90126,4512852,0.561462,8037679
4,2021-04-10,104454,7181168,51496,3930655,33939,2974294,19019,276219,47145,1668676,0.207607,57074,2911169,0.36219,66993,4579845,0.569797,8037679
4,2021-04-11,63019,7244187,38243,3968898,13516,2987810,11260,287479,27564,1673089,0.208156,35329,2946498,0.366586,39742,4619587,0.574741,8037679
4,2021-04-12,103542,7347729,62906,4031804,30336,3018146,10300,297779,52111,1685543,0.209705,51099,2997597,0.372943,63553,4683140,0.582648,8037679
4,2021-04-13,131230,7478959,82360,4114164,48700,3066846,170,297949,78357,1712387,0.213045,52548,3050145,0.379481,79392,4762532,0.592526,8037679
4,2021-04-14,136783,7615742,87275,4201439,49427,3116273,81,298030,75621,1728513,0.215051,60809,3110954,0.387046,76935,4839467,0.602098,8037679
4,2021-04-15,156911,7772653,104307,4305746,52528,3168801,76,298106,95905,1764707,0.219554,60580,3171534,0.394583,96774,4936241,0.614138,8037679
4,2021-04-16,144279,7916932,91433,4397179,52765,3221566,81,298187,83567,1788737,0.222544,60352,3231886,0.402092,84382,5020623,0.624636,8037679
4,2021-04-17,101932,8018864,63990,4461169,37914,3259480,28,298215,59562,1807429,0.22487,42066,3273952,0.407326,60758,5081381,0.632195,8037679
4,2021-04-18,57298,8076162,38776,4499945,18517,3277997,5,298220,32145,1815544,0.225879,24997,3298949,0.410436,33112,5114493,0.636315,8037679
4,2021-04-19,101666,8177828,66963,4566908,34681,3312678,22,298242,51388,1817546,0.226128,50011,3348960,0.416658,52013,5166506,0.642786,8037679
4,2021-04-20,131989,8309817,78574,4645482,53396,3366074,19,298261,68281,1823590,0.22688,63346,3412306,0.424539,69390,5235896,0.651419,8037679
4,2021-04-21,135181,8444998,88223,4733705,46896,3412970,62,298323,67904,1825848,0.227161,66831,3479137,0.432853,69089,5304985,0.660015,8037679
4,2021-04-22,142285,8587283,94414,4828119,47846,3460816,25,298348,63422,1812014,0.22544,78423,3557560,0.44261,64589,5369574,0.66805,8037679
4,2021-04-23,135704,8722987,88288,4916407,47390,3508206,26,298374,58710,1795361,0.223368,76595,3634155,0.45214,59942,5429516,0.675508,8037679
4,2021-04-24,99306,8822293,67032,4983439,32222,3540428,52,298426,45643,1788796,0.222551,53344,3687499,0.458777,46779,5476295,0.681328,8037679
4,2021-04-25,50584,8872877,35656,5019095,14902,3555330,26,298452,26374,1791607,0.222901,24049,3711548,0.461769,26860,5503155,0.68467,8037679
4,2021-04-26,92544,8965421,60717,5079812,31424,3586754,403,298855,36281,1773705,0.220674,55930,3767478,0.468727,38028,5541183,0.689401,8037679
4,2021-04-27,114393,9079814,69932,5149744,42133,3628887,2328,301183,41107,1745002,0.217103,72946,3840424,0.477803,44243,5585426,0.694905,8037679
4,2021-04-28,104991,9184805,68582,5218326,33859,3662746,2550,303733,38308,1720219,0.214019,66314,3906738,0.486053,41531,5626957,0.700072,8037679
4,2021-04-29,106415,9291220,67959,5286285,35913,3698659,2543,306276,34285,1685899,0.209749,71754,3978492,0.49498,37434,5664391,0.70473,8037679
4,2021-04-30,106111,9397331,67206,5353491,36186,3734845,2719,308995,36399,1656395,0.206079,69289,4047781,0.503601,39785,5704176,0.709679,8037679
4,2021-05-01,70040,9467371,46476,5399967,21775,3756620,1789,310784,20412,1629914,0.202784,49311,4097092,0.509736,22830,5727006,0.71252,8037679
4,2021-05-02,37847,9505218,26860,5426827,9687,3766307,1300,312084,10595,1614823,0.200907,27124,4124216,0.51311,12033,5739039,0.714017,8037679
4,2021-05-03,79636,9584854,55540,5482367,21594,3787901,2502,314586,19287,1576900,0.196188,60070,4184286,0.520584,22147,5761186,0.716772,8037679
4,2021-05-04,101845,9686699,69715,5552082,29342,3817243,2788,317374,22717,1523992,0.189606,78797,4263083,0.530387,25889,5787075,0.719993,8037679
4,2021-05-05,102710,9789409,72397,5624479,27554,3844797,2759,320133,21869,1468441,0.182695,80483,4343566,0.540401,24932,5812007,0.723095,8037679
4,2021-05-06,112512,9901921,84304,5708783,25253,3870050,2955,323088,19650,1399819,0.174157,92350,4435916,0.55189,23728,5835735,0.726047,8037679
4,2021-05-07,105423,10007344,75787,5784570,26946,3896996,2690,325778,20725,1339351,0.166634,84293,4520209,0.562377,23825,5859560,0.729011,8037679
4,2021-05-08,70183,10077527,48406,5832976,19842,3916838,1935,327713,13834,1299365,0.161659,56100,4576309,0.569357,16114,5875674,0.731016,8037679
4,2021-05-09,34487,10112014,28214,5861190,5324,3922162,949,328662,7424,1280885,0.15936,26946,4603255,0.572709,8466,5884140,0.73207,8037679
4,2021-05-10,65424,10177438,43804,5904994,19289,3941451,2331,330993,11059,1240444,0.154329,54130,4657385,0.579444,13689,5897829,0.733773,8037679
4,2021-05-11,83625,10261063,52343,5957337,29082,3970533,2200,333193,15864,1191556,0.148246,67494,4724879,0.587841,18606,5916435,0.736087,8037679
4,2021-05-12,80125,10341188,53274,6010611,24371,3994904,2480,335673,16631,1147942,0.14282,63175,4788054,0.595701,19561,5935996,0.738521,8037679
4,2021-05-13,105124,10446312,77372,6087983,26214,4021118,1538,337211,40667,1127100,0.140227,64104,4852158,0.603677,43262,5979258,0.743904,8037679
4,2021-05-14,105438,10551750,74436,6162419,28865,4049983,2137,339348,40547,1105778,0.137574,64544,4916702,0.611707,43222,6022480,0.749281,8037679
4,2021-05-15,86073,10637823,66540,6228959,18195,4068178,1338,340686,37950,1097506,0.136545,47861,4964563,0.617661,39589,6062069,0.754206,8037679
4,2021-05-16,51834,10689657,41758,6270717,9357,4077535,719,341405,21251,1089197,0.135511,30421,4994984,0.621446,22112,6084181,0.756957,8037679
4,2021-05-17,71469,10761126,52204,6322921,17420,4094955,1845,343250,28206,1076446,0.133925,43041,5038025,0.626801,30290,6114471,0.760726,8037679
4,2021-05-18,82101,10843227,53365,6376286,26980,4121935,1756,345006,29297,1055445,0.131312,52428,5090453,0.633324,31427,6145898,0.764636,8037679
4,2021-05-19,77169,10920396,52151,6428437,23064,4144999,1954,346960,30963,1042765,0.129735,45882,5136335,0.639032,33202,6179100,0.768767,8037679
4,2021-05-20,69401,10989797,44617,6473054,22777,4167776,2007,348967,25708,1027440,0.127828,43389,5179724,0.64443,28064,6207164,0.772258,8037679
4,2021-05-21,74110,11063907,48848,6521902,23378,4191154,1884,350851,26111,1008024,0.125412,47678,5227402,0.650362,28262,6235426,0.775774,8037679
4,2021-05-22,50167,11114074,35188,6557090,13702,4204856,1277,352128,21771,1003088,0.124798,28223,5255625,0.653873,23287,6258713,0.778672,8037679
4,2021-05-23,24002,11138076,17117,6574207,6160,4211016,725,352853,9732,999515,0.124354,14142,5269767,0.655633,10569,6269282,0.779987,8037679
4,2021-05-24,43289,11181365,27521,6601728,12752,4223768,3016,355869,15142,989961,0.123165,27913,5297680,0.659106,18359,6287641,0.782271,8037679
4,2021-05-25,45146,11226511,28074,6629802,14235,4238003,2837,358706,15954,980040,0.121931,28936,5326616,0.662706,19015,6306656,0.784636,8037679
4,2021-05-26,44858,11271369,26894,6656696,15352,4253355,2612,361318,15935,970065,0.12069,28693,5355309,0.666276,18718,6325374,0.786965,8037679
4,2021-05-27,39034,11310403,23401,6680097,12490,4265845,3143,364461,14685,963918,0.119925,24138,5379447,0.669279,17991,6343365,0.789204,8037679
4,2021-05-28,43521,11353924,27687,6707784,14221,4280066,1613,366074,18929,960368,0.119483,24310,5403757,0.672303,20760,6364125,0.791786,8037679
4,2021-05-29,23740,11377664,15393,6723177,7412,4287478,935,367009,10864,959581,0.119385,12719,5416476,0.673886,11932,6376057,0.793271,8037679
4,2021-05-30,12106,11389770,8500,6731677,3076,4290554,530,367539,5020,958186,0.119212,7011,5423487,0.674758,5616,6381673,0.79397,8037679
4,2021-05-31,3631,11393401,2307,6733984,1160,4291714,164,367703,1161,957122,0.119079,2410,5425897,0.675058,1346,6383019,0.794137,8037679
4,2021-06-01,39552,11432953,24574,6758558,12527,4304241,2451,370154,13014,946501,0.117758,26300,5452197,0.67833,15679,6398698,0.796088,8037679
4,2021-06-02,32691,11465644,20404,6778962,9475,4313716,2812,372966,10880,938718,0.11679,21619,5473816,0.681019,13836,6412534,0.797809,8037679
4,2021-06-03,48189,11513833,36962,6815924,8763,4322479,2464,375430,10345,914178,0.113737,37663,5511479,0.685705,13123,6425657,0.799442,8037679
4,2021-06-04,54906,11568739,44189,6860113,9386,4331865,1331,376761,12714,887095,0.110367,41941,5553420,0.690923,14858,6440515,0.80129,8037679
4,2021-06-05,44899,11613638,38443,6898556,5460,4337325,996,377757,8733,861121,0.107136,36005,5589425,0.695403,10031,6450546,0.802538,8037679
4,2021-06-06,21261,11634899,18964,6917520,1732,4339057,565,378322,3914,848762,0.105598,17237,5606662,0.697547,4878,6455424,0.803145,8037679
4,2021-06-07,38758,11673657,31352,6948872,5472,4344529,1934,380256,8387,829144,0.103157,30231,5636893,0.701309,10613,6466037,0.804466,8037679
4,2021-06-08,40665,11714322,31896,6980768,6220,4350749,2549,382805,9420,810405,0.100826,31049,5667942,0.705171,12310,6478347,0.805997,8037679
4,2021-06-09,38974,11753296,30890,7011658,5717,4356466,2367,385172,7914,790157,0.098307,30883,5698825,0.709014,10635,6488982,0.80732,8037679
4,2021-06-10,37181,11790477,29285,7040943,5269,4361735,2627,387799,8380,772792,0.096146,28635,5727460,0.712576,11270,6500252,0.808723,8037679
4,2021-06-11,38345,11828822,30081,7071024,6247,4367982,2017,389816,9849,756680,0.094142,28329,5755789,0.716101,12217,6512469,0.810242,8037679
4,2021-06-12,26598,11855420,22118,7093142,3766,4371748,714,390530,6014,743156,0.092459,20472,5776261,0.718648,6948,6519417,0.811107,8037679
4,2021-06-13,10836,11866256,8562,7101704,1797,4373545,477,391007,2263,737501,0.091755,8504,5784765,0.719706,2849,6522266,0.811461,8037679
4,2021-06-14,28605,11894861,21394,7123098,4406,4377951,2805,393812,7770,727601,0.090524,20692,5805457,0.72228,10792,6533058,0.812804,8037679
4,2021-06-15,30005,11924866,21198,7144296,5394,4383345,3413,397225,8278,717994,0.089329,21551,5827008,0.724962,11944,6545002,0.81429,8037679
4,2021-06-16,26606,11951472,20040,7164336,3941,4387286,2625,399850,7997,710401,0.088384,18424,5845432,0.727254,10831,6555833,0.815638,8037679
4,2021-06-17,25160,11976632,18568,7182904,3695,4390981,2897,402747,7597,703717,0.087552,17371,5862803,0.729415,10687,6566520,0.816967,8037679
4,2021-06-18,26768,12003400,21103,7204007,4431,4395412,1234,403981,8237,695112,0.086482,18323,5881126,0.731695,9718,6576238,0.818176,8037679
4,2021-06-19,15783,12019183,12767,7216774,2309,4397721,707,404688,5063,690482,0.085906,10571,5891697,0.73301,5941,6582179,0.818915,8037679
4,2021-06-20,7366,12026549,6064,7222838,995,4398716,307,404995,2617,688800,0.085696,4690,5896387,0.733593,3008,6585187,0.81929,8037679
4,2021-06-21,14603,12041152,10551,7233389,2910,4401626,1142,406137,7333,690259,0.085878,7177,5903564,0.734486,8636,6593823,0.820364,8037679
4,2021-06-22,20514,12061666,15973,7249362,3462,4405088,1079,407216,7117,685343,0.085266,13263,5916827,0.736136,8347,6602170,0.821403,8037679
4,2021-06-23,18432,12080098,14459,7263821,2976,4408064,997,408213,6710,681595,0.0848,11580,5928407,0.737577,7832,6610002,0.822377,8037679
4,2021-06-24,17612,12097710,13616,7277437,3006,4411070,990,409203,6572,678409,0.084404,10883,5939290,0.738931,7697,6617699,0.823335,8037679
4,2021-06-25,21597,12119307,16962,7294399,3585,4414655,1050,410253,7813,673801,0.08383,13641,5952931,0.740628,9033,6626732,0.824458,8037679
4,2021-06-26,13095,12132402,10660,7305059,1817,4416472,618,410871,4814,671187,0.083505,8157,5961088,0.741643,5543,6632275,0.825148,8037679
4,2021-06-27,6851,12139253,5548,7310607,960,4417432,343,411214,2876,670527,0.083423,3934,5965022,0.742132,3274,6635549,0.825555,8037679
4,2021-06-28,15091,12154344,12666,7323273,1568,4419000,857,412071,6041,668601,0.083183,8951,5973973,0.743246,7025,6642574,0.826429,8037679
4,2021-06-29,16488,12170832,12788,7336061,2888,4421888,812,412883,6347,665863,0.082843,10019,5983992,0.744493,7281,6649855,0.827335,8037679
4,2021-06-30,14607,12185439,11388,7347449,2482,4424370,737,413620,6058,664361,0.082656,8415,5992407,0.745539,6913,6656768,0.828195,8037679
4,2021-07-01,14490,12199929,11415,7358864,2329,4426699,746,414366,5933,662745,0.082455,8432,6000839,0.746589,6816,6663584,0.829043,8037679
4,2021-07-02,16797,12216726,13319,7372183,2713,4429412,765,415131,6863,660672,0.082197,9829,6010668,0.747811,7756,6671340,0.830008,8037679
4,2021-07-03,9182,12225908,7286,7379469,1486,4430898,410,415541,3974,659986,0.082112,5127,6015795,0.748449,4441,6675781,0.830561,8037679
4,2021-07-04,444,12226352,278,7379747,106,4431004,60,415601,196,660011,0.082115,242,6016037,0.748479,267,6676048,0.830594,8037679
4,2021-07-05,9185,12235537,7469,7387216,1300,4432304,416,416017,4164,659698,0.082076,4942,6020979,0.749094,4629,6680677,0.83117,8037679
4,2021-07-06,16473,12252010,12970,7400186,2701,4435005,802,416819,6061,656387,0.081664,10285,6031264,0.750374,6974,6687651,0.832038,8037679
4,2021-07-07,13754,12265764,10730,7410916,2245,4437250,779,417598,5188,654022,0.08137,8454,6039718,0.751426,6089,6693740,0.832795,8037679
4,2021-07-08,13210,12278974,10316,7421232,2065,4439315,829,418427,5181,652218,0.081145,7904,6047622,0.752409,6100,6699840,0.833554,8037679
4,2021-07-09,15424,12294398,11827,7433059,2661,4441976,936,419363,6265,650525,0.080934,9010,6056632,0.75353,7317,6707157,0.834464,8037679
4,2021-07-10,8840,12303238,6992,7440051,1447,4443423,401,419764,3710,649653,0.080826,5043,6061675,0.754157,4171,6711328,0.834983,8037679
4,2021-07-11,4974,12308212,3980,7444031,793,4444216,201,419965,2225,649404,0.080795,2705,6064380,0.754494,2456,6713784,0.835289,8037679
4,2021-07-12,13035,12321247,10318,7454349,1996,4446212,721,420686,5058,647387,0.080544,7898,6072278,0.755477,5881,6719665,0.836021,8037679
4,2021-07-13,12832,12334079,9821,7464170,2375,4448587,636,421322,5456,646306,0.08041,7269,6079547,0.756381,6188,6725853,0.83679,8037679
4,2021-07-14,11728,12345807,9225,7473395,1948,4450535,555,421877,5074,645441,0.080302,6562,6086109,0.757197,5697,6731550,0.837499,8037679
4,2021-07-15,12419,12358226,9863,7483258,1968,4452503,588,422465,5639,645087,0.080258,6654,6092763,0.758025,6300,6737850,0.838283,8037679
4,2021-07-16,14991,12373217,11695,7494953,2628,4455131,668,423133,6914,644803,0.080223,7974,6100737,0.759017,7690,6745540,0.83924,8037679
4,2021-07-17,9356,12382573,7397,7502350,1634,4456765,325,423458,4429,644773,0.080219,4827,6105564,0.759618,4797,6750337,0.839837,8037679
4,2021-07-18,5350,12387923,4309,7506659,840,4457605,201,423659,2526,644756,0.080217,2765,6108329,0.759962,2748,6753085,0.840178,8037679
4,2021-07-19,12821,12400744,10154,7516813,2011,4459616,656,424315,6092,644945,0.08024,6637,6114966,0.760788,6826,6759911,0.841028,8037679
4,2021-07-20,13765,12414509,10607,7527420,2494,4462110,664,424979,6791,645653,0.080328,6829,6121795,0.761637,7537,6767448,0.841965,8037679
4,2021-07-21,12827,12427336,9947,7537367,2230,4464340,650,425629,6386,646442,0.080426,6304,6128099,0.762421,7093,6774541,0.842848,8037679
4,2021-07-22,13485,12440821,10521,7547888,2306,4466646,658,426287,7028,647869,0.080604,6322,6134421,0.763208,7749,6782290,0.843812,8037679
4,2021-07-23,15704,12456525,12122,7560010,2889,4469535,693,426980,8240,649596,0.080819,7294,6141715,0.764115,9021,6791311,0.844934,8037679
4,2021-07-24,9576,12466101,7502,7567512,1747,4471282,327,427307,4937,650408,0.08092,4502,6146217,0.764676,5314,6796625,0.845595,8037679
4,2021-07-25,4762,12470863,3747,7571259,857,4472139,158,427465,3355,652587,0.081191,1349,6147566,0.764843,3528,6800153,0.846034,8037679
4,2021-07-26,12975,12483838,10159,7581418,2135,4474274,681,428146,7560,655611,0.081567,5272,6152838,0.765499,8296,6808449,0.847067,8037679
4,2021-07-27,14327,12498165,10982,7592400,2587,4476861,758,428904,7742,657722,0.08183,6429,6159267,0.766299,8540,6816989,0.848129,8037679
4,2021-07-28,13226,12511391,10098,7602498,2426,4479287,702,429606,7347,660118,0.082128,5709,6164976,0.767009,8105,6825094,0.849137,8037679
4,2021-07-29,13482,12524873,10485,7612983,2285,4481572,712,430318,7570,662793,0.082461,5685,6170661,0.767717,8360,6833454,0.850178,8037679
4,2021-07-30,15782,12540655,12101,7625084,2890,4484462,791,431109,8575,665420,0.082788,6844,6177505,0.768568,9471,6842925,0.851356,8037679
4,2021-07-31,9755,12550410,7616,7632700,1717,4486179,422,431531,5522,667370,0.08303,4034,6181539,0.76907,5984,6848909,0.8521,8037679
4,2021-08-01,5427,12555837,4483,7637183,776,4486955,168,431699,3209,668669,0.083192,2112,6183651,0.769333,3411,6852320,0.852525,8037679
4,2021-08-02,14057,12569894,11224,7648407,2093,4489048,740,432439,8207,672046,0.083612,5639,6189290,0.770034,9016,6861336,0.853646,8037679
4,2021-08-03,14679,12584573,11284,7659691,2634,4491682,761,433200,8451,675330,0.084021,6003,6195293,0.770781,9287,6870623,0.854802,8037679
4,2021-08-04,13365,12597938,10415,7670106,2260,4493942,690,433890,7563,678034,0.084357,5590,6200883,0.771477,8294,6878917,0.855834,8037679
4,2021-08-05,14336,12612274,11319,7681425,2251,4496193,766,434656,8064,680894,0.084713,6020,6206903,0.772226,8880,6887797,0.856939,8037679
4,2021-08-06,17204,12629478,13209,7694634,3129,4499322,866,435522,9589,684123,0.085114,7295,6214198,0.773133,10524,6898321,0.858248,8037679
4,2021-08-07,10176,12639654,8092,7702726,1644,4500966,440,435962,5553,685714,0.085312,4443,6218641,0.773686,6034,6904355,0.858999,8037679
4,2021-08-08,6241,12645895,4963,7707689,1076,4502042,202,436164,3604,687049,0.085479,2501,6221142,0.773997,3836,6908191,0.859476,8037679
4,2021-08-09,14584,12660479,11815,7719504,2026,4504068,743,436907,7802,689119,0.085736,6553,6227695,0.774813,8623,6916814,0.860549,8037679
4,2021-08-10,14791,12675270,11405,7730909,2633,4506701,753,437660,7820,691033,0.085974,6724,6234419,0.775649,8638,6925452,0.861623,8037679
4,2021-08-11,12571,12687841,9638,7740547,2168,4508869,765,438425,6551,692621,0.086172,5759,6240178,0.776366,7347,6932799,0.862537,8037679
4,2021-08-12,14099,12701940,10756,7751303,2600,4511469,743,439168,7271,694192,0.086367,6489,6246667,0.777173,8060,6940859,0.86354,8037679
4,2021-08-13,17689,12719629,13116,7764419,3685,4515154,888,440056,8725,695572,0.086539,8304,6254971,0.778206,9684,6950543,0.864745,8037679
4,2021-08-14,12223,12731852,8722,7773141,2996,4518150,505,440561,5568,696740,0.086684,4969,6259940,0.778824,6137,6956680,0.865509,8037679
4,2021-08-15,7459,12739311,5454,7778595,1786,4519936,219,440780,3307,697402,0.086767,2908,6262848,0.779186,3570,6960250,0.865953,8037679
4,2021-08-16,17999,12757310,12463,7791058,4691,4524627,845,441625,7460,698381,0.086888,7407,6270255,0.780108,8386,6968636,0.866996,8037679
4,2021-08-17,18204,12775514,12389,7803447,4980,4529607,835,442460,7232,699132,0.086982,7396,6277651,0.781028,8147,6976783,0.86801,8037679
4,2021-08-18,16844,12792358,11398,7814845,4699,4534306,747,443207,6442,699908,0.087078,6497,6284148,0.781836,7273,6984056,0.868915,8037679
4,2021-08-19,10153,12802511,6444,7821289,3052,4537358,657,443864,3518,700168,0.087111,3969,6288117,0.78233,4229,6988285,0.869441,8037679
