vemquartile,administered_date,total_doses,cumulative_total_doses,pfizer_doses,cumulative_pfizer_doses,moderna_doses,cumulative_moderna_doses,jj_doses,cumulative_jj_doses,partially_vaccinated,total_partially_vaccinated,pct_age12pop_partially_vaccinated,fully_vaccinated,cumulative_fully_vaccinated,pct_age12pop_fully_vaccinated,at_least_one_dose,cumulative_at_least_one_dose,pct_age12pop_at_least_one_dose,age12_population
1,2020-12-15,148,148,148,148,0,0,0,0,148,148,1.7e-05,0,0,0.0,148,148,1.7e-05,8700223
1,2020-12-16,1178,1326,1178,1326,0,0,0,0,1178,1326,0.000152,0,0,0.0,1178,1326,0.000152,8700223
1,2020-12-17,4127,5453,4127,5453,0,0,0,0,4128,5454,0.000627,0,0,0.0,4128,5454,0.000627,8700223
1,2020-12-18,6263,11716,6243,11696,20,20,0,0,6264,11718,0.001347,0,0,0.0,6264,11718,0.001347,8700223
1,2020-12-19,2867,14583,2866,14562,1,21,0,0,2865,14582,0.001676,1,1,0.0,2865,14583,0.001676,8700223
1,2020-12-20,2112,16695,2107,16669,5,26,0,0,2113,16695,0.001919,0,1,0.0,2113,16696,0.001919,8700223
1,2020-12-21,7625,24320,7612,24281,13,39,0,0,7677,24372,0.002801,0,1,0.0,7677,24373,0.002801,8700223
1,2020-12-22,7286,31606,6944,31225,342,381,0,0,7289,31660,0.003639,1,2,0.0,7289,31662,0.003639,8700223
1,2020-12-23,7815,39421,6581,37806,1234,1615,0,0,7809,39469,0.004537,0,2,0.0,7809,39471,0.004537,8700223
1,2020-12-24,3298,42719,2359,40165,939,2554,0,0,3300,42769,0.004916,0,2,0.0,3300,42771,0.004916,8700223
1,2020-12-25,233,42952,150,40315,83,2637,0,0,233,43002,0.004943,0,2,0.0,233,43004,0.004943,8700223
1,2020-12-26,1359,44311,968,41283,391,3028,0,0,1358,44359,0.005099,1,3,0.0,1358,44362,0.005099,8700223
1,2020-12-27,863,45174,530,41813,333,3361,0,0,863,45222,0.005198,0,3,0.0,863,45225,0.005198,8700223
1,2020-12-28,7016,52190,4748,46561,2268,5629,0,0,7015,52237,0.006004,0,3,0.0,7015,52240,0.006004,8700223
1,2020-12-29,8806,60996,4946,51507,3860,9489,0,0,8803,61039,0.007016,1,4,0.0,8803,61043,0.007016,8700223
1,2020-12-30,11563,72559,6437,57944,5126,14615,0,0,11563,72602,0.008345,0,4,0.0,11563,72606,0.008345,8700223
1,2020-12-31,5930,78489,1952,59896,3978,18593,0,0,5929,78530,0.009026,1,5,1e-06,5929,78535,0.009027,8700223
1,2021-01-01,537,79026,182,60078,355,18948,0,0,537,79067,0.009088,0,5,1e-06,537,79072,0.009089,8700223
1,2021-01-02,2888,81914,1798,61876,1090,20038,0,0,2890,81957,0.00942,0,5,1e-06,2890,81962,0.009421,8700223
1,2021-01-03,1018,82932,593,62469,425,20463,0,0,1017,82973,0.009537,1,6,1e-06,1017,82979,0.009538,8700223
1,2021-01-04,7315,90247,3605,66074,3710,24173,0,0,7320,90292,0.010378,1,7,1e-06,7320,90299,0.010379,8700223
1,2021-01-05,10742,100989,5269,71343,5473,29646,0,0,9994,99576,0.011445,733,740,8.5e-05,10017,100316,0.01153,8700223
1,2021-01-06,13951,114940,7071,78414,6880,36526,0,0,12075,109818,0.012622,1839,2579,0.000296,12081,112397,0.012919,8700223
1,2021-01-07,17364,132304,9102,87516,8262,44788,0,0,12929,118417,0.013611,4337,6916,0.000795,12936,125333,0.014406,8700223
1,2021-01-08,20051,152355,10412,97928,9639,54427,0,0,14184,126754,0.014569,5852,12768,0.001468,14189,139522,0.016037,8700223
1,2021-01-09,6676,159031,3388,101316,3288,57715,0,0,4834,129766,0.014915,1826,14594,0.001677,4838,144360,0.016593,8700223
1,2021-01-10,3060,162091,1767,103083,1293,59008,0,0,1874,130471,0.014996,1170,15764,0.001812,1875,146235,0.016808,8700223
1,2021-01-11,18025,180116,11808,114891,6217,65225,0,0,11507,135523,0.015577,6492,22256,0.002558,11544,157779,0.018135,8700223
1,2021-01-12,18892,199008,10729,125620,8163,73388,0,0,12939,142585,0.016389,5912,28168,0.003238,12974,170753,0.019626,8700223
1,2021-01-13,19693,218701,10652,136272,9041,82429,0,0,14577,152084,0.01748,5092,33260,0.003823,14591,185344,0.021303,8700223
1,2021-01-14,21871,240572,9410,145682,12461,94890,0,0,19136,168587,0.019377,2676,35936,0.00413,19179,204523,0.023508,8700223
1,2021-01-15,25049,265621,9233,154915,15816,110706,0,0,23123,189881,0.021825,1877,37813,0.004346,23171,227694,0.026171,8700223
1,2021-01-16,13839,279460,4528,159443,9311,120017,0,0,12981,202008,0.023219,856,38669,0.004445,12983,240677,0.027663,8700223
1,2021-01-17,5178,284638,1990,161433,3188,123205,0,0,4811,206461,0.023731,363,39032,0.004486,4816,245493,0.028217,8700223
1,2021-01-18,14211,298849,8542,169975,5669,128874,0,0,11058,214422,0.024646,3141,42173,0.004847,11102,256595,0.029493,8700223
1,2021-01-19,24527,323376,12853,182828,11674,140548,0,0,19357,228675,0.026284,5155,47328,0.00544,19408,276003,0.031724,8700223
1,2021-01-20,28504,351880,14018,196846,14486,155034,0,0,22893,246044,0.02828,5559,52887,0.006079,22928,298931,0.034359,8700223
1,2021-01-21,30574,382454,14235,211081,16339,171373,0,0,27439,270484,0.031089,3077,55964,0.006432,27517,326448,0.037522,8700223
1,2021-01-22,28037,410491,11118,222199,16919,188292,0,0,26071,294655,0.033868,1926,57890,0.006654,26097,352545,0.040521,8700223
1,2021-01-23,18630,429121,8181,230380,10449,198741,0,0,16712,309472,0.035571,1904,59794,0.006873,16721,369266,0.042443,8700223
1,2021-01-24,6655,435776,4155,234535,2500,201241,0,0,6006,314840,0.036188,643,60437,0.006947,6011,375277,0.043134,8700223
1,2021-01-25,25001,460777,10392,244927,14609,215850,0,0,19375,328697,0.03778,5604,66041,0.007591,19461,394738,0.045371,8700223
1,2021-01-26,28345,489122,13306,258233,15039,230889,0,0,21803,344019,0.039541,6497,72538,0.008337,21819,416557,0.047879,8700223
1,2021-01-27,31479,520601,15318,273551,16161,247050,0,0,23600,359828,0.041358,7815,80353,0.009236,23624,440181,0.050594,8700223
1,2021-01-28,34397,554998,16166,289717,18231,265281,0,0,27663,380864,0.043776,6678,87031,0.010003,27714,467895,0.05378,8700223
1,2021-01-29,33231,588229,16311,306028,16920,282201,0,0,26814,401426,0.04614,6285,93316,0.010726,26847,494742,0.056865,8700223
1,2021-01-30,20095,608324,8743,314771,11352,293553,0,0,18010,417382,0.047974,2061,95377,0.010963,18017,512759,0.058936,8700223
1,2021-01-31,7531,615855,4926,319697,2605,296158,0,0,6890,423635,0.048692,640,96017,0.011036,6893,519652,0.059729,8700223
1,2021-02-01,28460,644315,12408,332105,16052,312210,0,0,20850,436922,0.05022,7568,103585,0.011906,20855,540507,0.062126,8700223
1,2021-02-02,31901,676216,11473,343578,20428,332638,0,0,24045,453208,0.052092,7792,111377,0.012802,24078,564585,0.064893,8700223
1,2021-02-03,39023,715239,14974,358552,24049,356687,0,0,28231,470806,0.054114,10664,122041,0.014027,28262,592847,0.068142,8700223
1,2021-02-04,43485,758724,16938,375490,26547,383234,0,0,31634,490739,0.056405,11747,133788,0.015378,31680,624527,0.071783,8700223
1,2021-02-05,46645,805369,17315,392805,29330,412564,0,0,30722,505708,0.058126,15805,149593,0.017194,30774,655301,0.07532,8700223
1,2021-02-06,26424,831793,10457,403262,15967,428531,0,0,20606,520548,0.059832,5783,155376,0.017859,20623,675924,0.07769,8700223
1,2021-02-07,6200,837993,3977,407239,2223,430754,0,0,4617,523616,0.060184,1567,156943,0.018039,4635,680559,0.078223,8700223
1,2021-02-08,31074,869067,14102,421341,16972,447726,0,0,20776,534242,0.061406,10237,167180,0.019216,20863,701422,0.080621,8700223
1,2021-02-09,38186,907253,16783,438124,21403,469129,0,0,23682,543442,0.062463,14554,181734,0.020888,23754,725176,0.083351,8700223
1,2021-02-10,46573,953826,21890,460014,24683,493812,0,0,26900,550824,0.063311,19594,201328,0.023141,26976,752152,0.086452,8700223
1,2021-02-11,51144,1004970,25101,485115,26043,519855,0,0,30832,561715,0.064563,20039,221367,0.025444,30930,783082,0.090007,8700223
1,2021-02-12,49280,1054250,21264,506379,28016,547871,0,0,28444,569549,0.065464,20741,242108,0.027828,28575,811657,0.093292,8700223
1,2021-02-13,26068,1080318,11337,517716,14731,562602,0,0,15145,573914,0.065965,10856,252964,0.029076,15221,826878,0.095041,8700223
1,2021-02-14,11586,1091904,5465,523181,6121,568723,0,0,6611,575641,0.066164,4949,257913,0.029644,6676,833554,0.095808,8700223
1,2021-02-15,23510,1115414,9247,532428,14263,582986,0,0,14352,581051,0.066786,9058,266971,0.030686,14468,848022,0.097471,8700223
1,2021-02-16,46359,1161773,22102,554530,24257,607243,0,0,27414,589693,0.067779,18884,285855,0.032856,27526,875548,0.100635,8700223
1,2021-02-17,47724,1209497,24068,578598,23656,630899,0,0,25999,594221,0.0683,21615,307470,0.03534,26143,901691,0.10364,8700223
1,2021-02-18,50137,1259634,24960,603558,25177,656076,0,0,26195,596879,0.068605,23749,331219,0.03807,26407,928098,0.106675,8700223
1,2021-02-19,45397,1305031,24565,628123,20832,676908,0,0,25757,603154,0.069326,19544,350763,0.040317,25819,953917,0.109643,8700223
1,2021-02-20,26804,1331835,16318,644441,10486,687394,0,0,15435,607333,0.069807,11332,362095,0.041619,15511,969428,0.111426,8700223
1,2021-02-21,11362,1343197,10127,654568,1235,688629,0,0,6797,609663,0.070074,4523,366618,0.042139,6853,976281,0.112213,8700223
1,2021-02-22,29870,1373067,19588,674156,10282,698911,0,0,17638,615219,0.070713,12181,378799,0.043539,17737,994018,0.114252,8700223
1,2021-02-23,42763,1415830,20877,695033,21886,720797,0,0,24020,620975,0.071375,18622,397421,0.045679,24378,1018396,0.117054,8700223
1,2021-02-24,52778,1468608,25552,720585,27226,748023,0,0,29796,628326,0.07222,22892,420313,0.048311,30243,1048639,0.12053,8700223
1,2021-02-25,64868,1533476,31504,752089,33364,781387,0,0,40900,645850,0.074234,23875,444188,0.051055,41399,1090038,0.125289,8700223
1,2021-02-26,72733,1606209,34133,786222,38600,819987,0,0,48360,670451,0.077061,24230,468418,0.05384,48831,1138869,0.130901,8700223
1,2021-02-27,49739,1655948,22940,809162,26793,846780,6,6,33158,687403,0.07901,16476,484894,0.055734,33428,1172297,0.134743,8700223
1,2021-02-28,19075,1675023,11358,820520,7716,854496,1,7,14099,696723,0.080081,4921,489815,0.056299,14241,1186538,0.13638,8700223
1,2021-03-01,43610,1718633,20063,840583,23525,878021,22,29,28332,710138,0.081623,15169,504984,0.058043,28584,1215122,0.139666,8700223
1,2021-03-02,61444,1780077,26761,867344,34679,912700,4,33,39710,728835,0.083772,21626,526610,0.060528,40323,1255445,0.1443,8700223
1,2021-03-03,68620,1848697,32468,899812,36139,948839,13,46,41816,744570,0.085581,26688,553298,0.063596,42423,1297868,0.149176,8700223
1,2021-03-04,77022,1925719,36109,935921,40880,989719,33,79,49646,767534,0.08822,27223,580521,0.066725,50187,1348055,0.154945,8700223
1,2021-03-05,76232,2001951,34655,970576,41374,1031093,203,282,51287,794903,0.091366,24751,605272,0.06957,52120,1400175,0.160936,8700223
1,2021-03-06,56891,2058842,27157,997733,28407,1059500,1327,1609,38764,817292,0.093939,18066,623338,0.071646,40455,1440630,0.165585,8700223
1,2021-03-07,20043,2078885,12798,1010531,6443,1065943,802,2411,15065,828461,0.095223,4960,628298,0.072216,16129,1456759,0.167439,8700223
1,2021-03-08,43970,2122855,21066,1031597,21050,1086993,1854,4265,30883,848521,0.097529,13015,641313,0.073712,33075,1489834,0.171241,8700223
1,2021-03-09,65455,2188310,31574,1063171,31410,1118403,2471,6736,40488,866961,0.099648,24863,666176,0.07657,43303,1533137,0.176218,8700223
1,2021-03-10,72070,2260380,36065,1099236,31641,1150044,4364,11100,44785,889324,0.102219,27157,693333,0.079691,49520,1582657,0.18191,8700223
1,2021-03-11,88518,2348898,40420,1139656,40178,1190222,7920,19020,51946,913303,0.104975,36357,729690,0.08387,60336,1642993,0.188845,8700223
1,2021-03-12,97029,2445927,42541,1182197,42155,1232377,12333,31353,56899,943087,0.108398,39953,769643,0.088462,69737,1712730,0.19686,8700223
1,2021-03-13,64277,2510204,29297,1211494,27225,1259602,7755,39108,40967,968980,0.111374,23206,792849,0.09113,49099,1761829,0.202504,8700223
1,2021-03-14,27491,2537695,14837,1226331,9101,1268703,3553,42661,15646,976586,0.112248,11795,804644,0.092485,19401,1781230,0.204734,8700223
1,2021-03-15,64240,2601935,28091,1254422,29481,1298184,6668,49329,38078,995682,0.114443,26003,830647,0.095474,45099,1826329,0.209917,8700223
1,2021-03-16,84618,2686553,38360,1292782,40713,1338897,5545,54874,52787,1022720,0.117551,31666,862313,0.099114,58704,1885033,0.216665,8700223
1,2021-03-17,91411,2777964,44094,1336876,40769,1379666,6548,61422,58964,1056308,0.121412,32293,894606,0.102826,65881,1950914,0.224237,8700223
1,2021-03-18,97279,2875243,49980,1386856,41693,1421359,5606,67028,59701,1084802,0.124687,37271,931877,0.10711,65765,2016679,0.231796,8700223
1,2021-03-19,102420,2977663,52950,1439806,43350,1464709,6120,73148,60820,1110865,0.127682,41357,973234,0.111863,67420,2084099,0.239545,8700223
1,2021-03-20,71799,3049462,36905,1476711,29660,1494369,5234,78382,46422,1137550,0.13075,25228,998462,0.114763,51913,2136012,0.245512,8700223
1,2021-03-21,26836,3076298,18739,1495450,6294,1500663,1803,80185,17390,1147451,0.131888,9378,1007840,0.115841,19279,2155291,0.247728,8700223
1,2021-03-22,58473,3134771,30063,1525513,25145,1525808,3265,83450,39796,1172364,0.134751,18504,1026344,0.117968,43417,2198708,0.252719,8700223
1,2021-03-23,81907,3216678,41529,1567042,36776,1562584,3602,87052,51010,1196714,0.13755,30718,1057062,0.121498,55068,2253776,0.259048,8700223
1,2021-03-24,86852,3303530,43831,1610873,38686,1601270,4335,91387,52818,1220229,0.140253,33816,1090878,0.125385,57331,2311107,0.265638,8700223
1,2021-03-25,95391,3398921,48497,1659370,41113,1642383,5781,97168,53901,1238918,0.142401,41220,1132098,0.130123,59909,2371016,0.272524,8700223
1,2021-03-26,103408,3502329,50466,1709836,46657,1689040,6285,103453,56261,1254898,0.144237,46869,1178967,0.13551,62849,2433865,0.279747,8700223
1,2021-03-27,73350,3575679,38118,1747954,31062,1720102,4170,107623,38239,1262588,0.145121,34920,1213887,0.139524,42610,2476475,0.284645,8700223
1,2021-03-28,32325,3608004,21152,1769106,9973,1730075,1200,108823,16626,1265147,0.145415,15599,1229486,0.141317,18158,2494633,0.286732,8700223
1,2021-03-29,66110,3674114,33209,1802315,29809,1759884,3092,111915,36943,1276382,0.146707,29013,1258499,0.144651,40248,2534881,0.291358,8700223
1,2021-03-30,90563,3764677,44651,1846966,39639,1799523,6273,118188,47210,1286758,0.147899,43219,1301718,0.149619,53595,2588476,0.297518,8700223
1,2021-03-31,99308,3863985,52042,1899008,41352,1840875,5914,124102,55194,1304096,0.149892,43862,1345580,0.15466,61200,2649676,0.304553,8700223
1,2021-04-01,109427,3973412,52795,1951803,48268,1889143,8364,132466,56643,1316716,0.151343,52481,1398061,0.160693,65101,2714777,0.312035,8700223
1,2021-04-02,109052,4082464,49964,2001767,49550,1938693,9538,142004,56040,1329901,0.152858,52653,1450714,0.166744,65838,2780615,0.319603,8700223
1,2021-04-03,77123,4159587,38665,2040432,28879,1967572,9579,151583,36003,1334598,0.153398,40971,1491685,0.171454,45668,2826283,0.324852,8700223
1,2021-04-04,23626,4183213,11762,2052194,8410,1975982,3454,155037,9951,1334368,0.153372,13629,1505314,0.17302,13399,2839682,0.326392,8700223
1,2021-04-05,75150,4258363,36180,2088374,29941,2005923,9029,164066,34347,1337310,0.15371,40633,1545947,0.177691,43575,2883257,0.3314,8700223
1,2021-04-06,102275,4360638,48462,2136836,37385,2043308,16428,180494,46506,1344802,0.154571,55547,1601494,0.184075,63039,2946296,0.338646,8700223
1,2021-04-07,109375,4470013,52815,2189651,39255,2082563,17305,197799,49944,1352984,0.155511,59212,1660706,0.190881,67394,3013690,0.346392,8700223
1,2021-04-08,119401,4589414,56200,2245851,42699,2125262,20502,218301,52848,1360258,0.156347,66245,1726951,0.198495,73519,3087209,0.354843,8700223
1,2021-04-09,120319,4709733,55067,2300918,44981,2170243,20271,238572,53192,1367089,0.157133,66826,1793777,0.206176,73657,3160866,0.363309,8700223
1,2021-04-10,93654,4803387,41803,2342721,29473,2199716,22378,260950,36673,1369346,0.157392,56824,1850601,0.212707,59081,3219947,0.370099,8700223
1,2021-04-11,35725,4839112,19944,2362665,9243,2208959,6538,267488,14552,1369429,0.157402,21131,1871732,0.215136,21214,3241161,0.372538,8700223
1,2021-04-12,72505,4911617,32190,2394855,30460,2239419,9855,277343,30800,1368764,0.157325,41486,1913218,0.219904,40821,3281982,0.37723,8700223
1,2021-04-13,95404,5007021,51027,2445882,44046,2283465,331,277674,51497,1377256,0.158301,43679,1956897,0.224925,52171,3334153,0.383226,8700223
1,2021-04-14,102338,5109359,52849,2498731,49422,2332887,67,277741,52129,1379922,0.158608,49898,2006795,0.23066,52564,3386717,0.389268,8700223
1,2021-04-15,103867,5213226,56250,2554981,47533,2380420,84,277825,55635,1388071,0.159544,47736,2054531,0.236147,55885,3442602,0.395691,8700223
1,2021-04-16,108271,5321497,55785,2610766,52397,2432817,89,277914,54408,1389288,0.159684,53458,2107989,0.242291,54675,3497277,0.401976,8700223
1,2021-04-17,81038,5402535,43929,2654695,37101,2469918,8,277922,45539,1399683,0.160879,35314,2143303,0.24635,45709,3542986,0.407229,8700223
1,2021-04-18,28586,5431121,19135,2673830,9445,2479363,6,277928,14471,1400312,0.160951,14046,2157349,0.247965,14675,3557661,0.408916,8700223
1,2021-04-19,64398,5495519,32798,2706628,31588,2510951,12,277940,29236,1394807,0.160319,34877,2192226,0.251974,29372,3587033,0.412292,8700223
1,2021-04-20,85446,5580965,42551,2749179,42876,2553827,19,277959,40587,1391006,0.159882,44607,2236833,0.257101,40806,3627839,0.416982,8700223
1,2021-04-21,91252,5672217,46484,2795663,44675,2598502,93,278052,40851,1382200,0.158869,49958,2286791,0.262843,41152,3668991,0.421712,8700223
1,2021-04-22,93891,5766108,48475,2844138,45400,2643902,16,278068,43244,1375431,0.158091,50243,2337034,0.268618,43474,3712465,0.426709,8700223
1,2021-04-23,97705,5863813,50140,2894278,47540,2691442,25,278093,46458,1371252,0.157611,50878,2387912,0.274466,46699,3759164,0.432077,8700223
1,2021-04-24,72822,5936635,45890,2940168,26919,2718361,13,278106,41156,1381139,0.158748,31536,2419448,0.27809,41423,3800587,0.436838,8700223
1,2021-04-25,26776,5963411,17122,2957290,9645,2728006,9,278115,15396,1385379,0.159235,11295,2430743,0.279389,15535,3816122,0.438623,8700223
1,2021-04-26,59793,6023204,32248,2989538,27192,2755198,353,278468,28026,1382559,0.158911,31530,2462273,0.283013,28710,3844832,0.441923,8700223
1,2021-04-27,75306,6098510,40379,3029917,33804,2789002,1123,279591,32337,1373636,0.157885,42718,2504991,0.287923,33795,3878627,0.445808,8700223
1,2021-04-28,77036,6175546,40881,3070798,34725,2823727,1430,281021,33569,1365653,0.156968,43206,2548197,0.292889,35223,3913850,0.449856,8700223
1,2021-04-29,80054,6255600,44117,3114915,34386,2858113,1551,282572,32370,1352328,0.155436,47405,2595602,0.298337,34080,3947930,0.453773,8700223
1,2021-04-30,87857,6343457,47855,3162770,38207,2896320,1795,284367,36547,1339811,0.153997,51028,2646630,0.304203,38511,3986441,0.4582,8700223
1,2021-05-01,61149,6404606,39755,3202525,20029,2916349,1365,285732,25791,1332016,0.153101,35181,2681811,0.308246,27386,4013827,0.461348,8700223
1,2021-05-02,22438,6427044,15717,3218242,6200,2922549,521,286253,9364,1328964,0.152751,12968,2694779,0.309737,9916,4023743,0.462487,8700223
1,2021-05-03,53780,6480824,30128,3248370,21881,2944430,1771,288024,19470,1316156,0.151278,34106,2728885,0.313657,21298,4045041,0.464935,8700223
1,2021-05-04,72081,6552905,41444,3289814,28628,2973058,2009,290033,25937,1298319,0.149228,45868,2774753,0.318929,28031,4073072,0.468157,8700223
1,2021-05-05,73422,6626327,42167,3331981,29033,3002091,2222,292255,24877,1277227,0.146804,48260,2823013,0.324476,27168,4100240,0.47128,8700223
1,2021-05-06,75298,6701625,45154,3377135,28011,3030102,2133,294388,23722,1252009,0.143905,51233,2874246,0.330365,26015,4126255,0.47427,8700223
1,2021-05-07,78816,6780441,44999,3422134,31689,3061791,2128,296516,26536,1228820,0.14124,51917,2926163,0.336332,28728,4154983,0.477572,8700223
1,2021-05-08,53878,6834319,33647,3455781,18701,3080492,1530,298046,18290,1213482,0.139477,35253,2961416,0.340384,19915,4174898,0.479861,8700223
1,2021-05-09,17609,6851928,12487,3468268,4651,3085143,471,298517,5441,1207372,0.138775,12055,2973471,0.34177,5945,4180843,0.480544,8700223
1,2021-05-10,41412,6893340,20783,3489051,18902,3104045,1727,300244,13825,1195715,0.137435,27302,3000773,0.344908,15645,4196488,0.482343,8700223
1,2021-05-11,57813,6951153,31067,3520118,24749,3128794,1997,302241,18843,1177937,0.135392,38743,3039516,0.349361,20965,4217453,0.484752,8700223
1,2021-05-12,56883,7008036,29927,3550045,25093,3153887,1863,304104,18720,1160691,0.133409,37904,3077420,0.353717,20658,4238111,0.487127,8700223
1,2021-05-13,59263,7067299,34537,3584582,22845,3176732,1881,305985,22392,1148716,0.132033,36529,3113949,0.357916,24554,4262665,0.489949,8700223
1,2021-05-14,72577,7139876,43870,3628452,26439,3203171,2268,308253,29554,1138118,0.130815,42725,3156674,0.362827,32127,4294792,0.493642,8700223
1,2021-05-15,62830,7202706,41635,3670087,19544,3222715,1651,309904,25130,1127502,0.129595,37478,3194152,0.367134,26862,4321654,0.496729,8700223
1,2021-05-16,23413,7226119,17377,3687464,5428,3228143,608,310512,9729,1124292,0.129226,13588,3207740,0.368696,10378,4332032,0.497922,8700223
1,2021-05-17,52315,7278434,32256,3719720,18392,3246535,1667,312179,23379,1120677,0.12881,28721,3236461,0.371997,25106,4357138,0.500808,8700223
1,2021-05-18,62661,7341095,38053,3757773,22863,3269398,1745,313924,28599,1117300,0.128422,33806,3270267,0.375883,30429,4387567,0.504305,8700223
1,2021-05-19,64527,7405622,39538,3797311,23158,3292556,1831,315755,29782,1114499,0.1281,34499,3304766,0.379848,31698,4419265,0.507948,8700223
1,2021-05-20,53642,7459264,31503,3828814,20230,3312786,1909,317664,23104,1109402,0.127514,30287,3335053,0.38333,25190,4444455,0.510844,8700223
1,2021-05-21,58644,7517908,35551,3864365,21411,3334197,1682,319346,25453,1103725,0.126862,32899,3367952,0.387111,27222,4471677,0.513973,8700223
1,2021-05-22,45144,7563052,30386,3894751,13223,3347420,1535,320881,20638,1101653,0.126624,24337,3392289,0.389908,22265,4493942,0.516532,8700223
1,2021-05-23,13628,7576680,10506,3905257,2651,3350071,471,321352,7118,1102811,0.126757,6444,3398733,0.390649,7602,4501544,0.517406,8700223
1,2021-05-24,38907,7615587,21748,3927005,15499,3365570,1660,323012,16469,1098737,0.126288,22237,3420970,0.393205,18163,4519707,0.519493,8700223
1,2021-05-25,26231,7641818,15919,3942924,9296,3374866,1016,324028,10298,1094253,0.125773,15806,3436776,0.395022,11322,4531029,0.520795,8700223
2,2020-12-15,234,234,234,234,0,0,0,0,234,234,2.8e-05,0,0,0.0,234,234,2.8e-05,8407551
2,2020-12-16,2083,2317,2083,2317,0,0,0,0,2082,2316,0.000275,0,0,0.0,2082,2316,0.000275,8407551
2,2020-12-17,6708,9025,6708,9025,0,0,0,0,6709,9025,0.001073,0,0,0.0,6709,9025,0.001073,8407551
2,2020-12-18,10840,19865,10821,19846,19,19,0,0,10842,19867,0.002363,0,0,0.0,10842,19867,0.002363,8407551
2,2020-12-19,5583,25448,5577,25423,6,25,0,0,5585,25452,0.003027,0,0,0.0,5585,25452,0.003027,8407551
2,2020-12-20,4215,29663,4206,29629,9,34,0,0,4211,29663,0.003528,0,0,0.0,4211,29663,0.003528,8407551
2,2020-12-21,12763,42426,12739,42368,24,58,0,0,12717,42380,0.005041,0,0,0.0,12717,42380,0.005041,8407551
2,2020-12-22,12079,54505,11568,53936,511,569,0,0,12079,54459,0.006477,0,0,0.0,12079,54459,0.006477,8407551
2,2020-12-23,11697,66202,9492,63428,2205,2774,0,0,11700,66159,0.007869,0,0,0.0,11700,66159,0.007869,8407551
2,2020-12-24,5850,72052,3490,66918,2360,5134,0,0,5847,72006,0.008564,0,0,0.0,5847,72006,0.008564,8407551
2,2020-12-25,478,72530,401,67319,77,5211,0,0,479,72485,0.008621,0,0,0.0,479,72485,0.008621,8407551
2,2020-12-26,2574,75104,1672,68991,902,6113,0,0,2575,75060,0.008928,0,0,0.0,2575,75060,0.008928,8407551
2,2020-12-27,2225,77329,1206,70197,1019,7132,0,0,2223,77282,0.009192,1,1,0.0,2223,77283,0.009192,8407551
2,2020-12-28,10962,88291,7142,77339,3820,10952,0,0,10962,88243,0.010496,1,2,0.0,10962,88245,0.010496,8407551
2,2020-12-29,12634,100925,7118,84457,5516,16468,0,0,12639,100882,0.011999,0,2,0.0,12639,100884,0.011999,8407551
2,2020-12-30,15333,116258,8629,93086,6704,23172,0,0,15350,116231,0.013825,1,3,0.0,15350,116234,0.013825,8407551
2,2020-12-31,7504,123762,2806,95892,4698,27870,0,0,7502,123732,0.014717,1,4,0.0,7502,123736,0.014717,8407551
2,2021-01-01,1122,124884,538,96430,584,28454,0,0,1124,124855,0.01485,1,5,1e-06,1124,124860,0.014851,8407551
2,2021-01-02,4804,129688,2793,99223,2011,30465,0,0,4802,129657,0.015421,0,5,1e-06,4802,129662,0.015422,8407551
2,2021-01-03,1380,131068,841,100064,539,31004,0,0,1375,131029,0.015585,3,8,1e-06,1375,131037,0.015586,8407551
2,2021-01-04,11614,142682,5586,105650,6028,37032,0,0,11602,142627,0.016964,4,12,1e-06,11602,142639,0.016966,8407551
2,2021-01-05,13819,156501,6981,112631,6838,43870,0,0,12636,154118,0.018331,1176,1188,0.000141,12667,155306,0.018472,8407551
2,2021-01-06,18936,175437,10489,123120,8447,52317,0,0,15214,165664,0.019704,3674,4862,0.000578,15220,170526,0.020282,8407551
2,2021-01-07,22923,198360,12908,136028,10015,62332,0,0,15560,173857,0.020679,7380,12242,0.001456,15573,186099,0.022135,8407551
2,2021-01-08,26364,224724,15997,152025,10367,72699,0,0,16325,180191,0.021432,10007,22249,0.002646,16341,202440,0.024078,8407551
2,2021-01-09,9729,234453,5683,157708,4046,76745,0,0,6239,182924,0.021757,3511,25760,0.003064,6244,208684,0.024821,8407551
2,2021-01-10,5278,239731,2972,160680,2306,79051,0,0,3067,183762,0.021857,2233,27993,0.00333,3071,211755,0.025186,8407551
2,2021-01-11,25911,265642,17804,178484,8107,87158,0,0,14984,187834,0.022341,10961,38954,0.004633,15033,226788,0.026974,8407551
2,2021-01-12,26086,291728,16241,194725,9845,97003,0,0,16619,195028,0.023197,9495,48449,0.005763,16689,243477,0.028959,8407551
2,2021-01-13,28444,320172,15095,209820,13349,110352,0,0,20536,207684,0.024702,7902,56351,0.006702,20558,264035,0.031405,8407551
2,2021-01-14,30084,350256,11432,221252,18652,129004,0,0,25891,229412,0.027286,4218,60569,0.007204,25946,289981,0.034491,8407551
2,2021-01-15,34954,385210,12764,234016,22190,151194,0,0,31721,257962,0.030682,3243,63812,0.00759,31793,321774,0.038272,8407551
2,2021-01-16,17545,402755,5600,239616,11945,163139,0,0,16237,272874,0.032456,1335,65147,0.007749,16247,338021,0.040204,8407551
2,2021-01-17,10610,413365,3584,243200,7026,170165,0,0,9907,282060,0.033548,729,65876,0.007835,9915,347936,0.041384,8407551
2,2021-01-18,19634,432999,10988,254188,8646,178811,0,0,14870,292196,0.034754,4781,70657,0.008404,14917,362853,0.043158,8407551
2,2021-01-19,32298,465297,16878,271066,15420,194231,0,0,24365,308737,0.036721,7937,78594,0.009348,24478,387331,0.046069,8407551
2,2021-01-20,36946,502243,18538,289604,18408,212639,0,0,28359,328616,0.039086,8567,87161,0.010367,28446,415777,0.049453,8407551
2,2021-01-21,40375,542618,17143,306747,23232,235871,0,0,35965,360353,0.042861,4386,91547,0.010889,36123,451900,0.053749,8407551
2,2021-01-22,39155,581773,16385,323132,22770,258641,0,0,35875,392970,0.04674,3282,94829,0.011279,35899,487799,0.058019,8407551
2,2021-01-23,23950,605723,10799,333931,13151,271792,0,0,21014,411098,0.048896,2913,97742,0.011626,21041,508840,0.060522,8407551
2,2021-01-24,12448,618171,6155,340086,6293,278085,0,0,11537,421747,0.050163,898,98640,0.011732,11547,520387,0.061895,8407551
2,2021-01-25,33641,651812,15613,355699,18028,296113,0,0,24917,438116,0.05211,8672,107312,0.012764,25041,545428,0.064874,8407551
2,2021-01-26,40084,691896,19802,375501,20282,316395,0,0,31143,460413,0.054762,8923,116235,0.013825,31220,576648,0.068587,8407551
2,2021-01-27,44922,736818,22872,398373,22050,338445,0,0,34979,485610,0.057759,9837,126072,0.014995,35034,611682,0.072754,8407551
2,2021-01-28,47947,784765,22707,421080,25240,363685,0,0,39402,516583,0.061443,8492,134564,0.016005,39465,651147,0.077448,8407551
2,2021-01-29,45444,830209,22288,443368,23156,386841,0,0,36912,545119,0.064837,8430,142994,0.017008,36966,688113,0.081845,8407551
2,2021-01-30,31371,861580,13742,457110,17629,404470,0,0,28071,569957,0.067791,3261,146255,0.017396,28099,716212,0.085187,8407551
2,2021-01-31,17398,878978,10500,467610,6898,411368,0,0,16245,585084,0.06959,1137,147392,0.017531,16264,732476,0.087121,8407551
2,2021-02-01,40911,919889,19888,487498,21023,432391,0,0,30197,604633,0.071915,10680,158072,0.018801,30229,762705,0.090717,8407551
2,2021-02-02,47450,967339,19376,506874,28074,460465,0,0,36171,629688,0.074896,11211,169283,0.020135,36266,798971,0.09503,8407551
2,2021-02-03,53942,1021281,24134,531008,29808,490273,0,0,39954,655840,0.078006,13890,183173,0.021787,40042,839013,0.099793,8407551
2,2021-02-04,55786,1077067,24222,555230,31564,521837,0,0,40868,681974,0.081114,14826,197999,0.02355,40960,879973,0.104665,8407551
2,2021-02-05,59477,1136544,26299,581529,33178,555015,0,0,40331,703490,0.083674,18975,216974,0.025807,40491,920464,0.109481,8407551
2,2021-02-06,38839,1175383,18171,599700,20668,575683,0,0,31232,727271,0.086502,7537,224511,0.026703,31318,951782,0.113206,8407551
2,2021-02-07,15939,1191322,10680,610380,5259,580942,0,0,12124,735667,0.087501,3794,228305,0.027155,12190,963972,0.114656,8407551
2,2021-02-08,43296,1234618,22385,632765,20911,601853,0,0,29875,752453,0.089497,13283,241588,0.028735,30069,994041,0.118232,8407551
2,2021-02-09,49224,1283842,23494,656259,25730,627583,0,0,30682,765162,0.091009,18289,259877,0.03091,30998,1025039,0.121919,8407551
2,2021-02-10,59317,1343159,28083,684342,31234,658817,0,0,34624,775715,0.092264,24420,284297,0.033814,34973,1060012,0.126079,8407551
2,2021-02-11,63880,1407039,29682,714024,34198,693015,0,0,36048,784674,0.09333,27575,311872,0.037094,36534,1096546,0.130424,8407551
2,2021-02-12,64822,1471861,28085,742109,36737,729752,0,0,34590,789951,0.093957,29960,341832,0.040658,35237,1131783,0.134615,8407551
2,2021-02-13,37468,1509329,15733,757842,21735,751487,0,0,21728,796394,0.094724,15661,357493,0.04252,22104,1153887,0.137244,8407551
2,2021-02-14,19908,1529237,9325,767167,10583,762070,0,0,11215,799312,0.095071,8654,366147,0.04355,11572,1165459,0.138621,8407551
2,2021-02-15,32970,1562207,14915,782082,18055,780125,0,0,18330,803964,0.095624,14528,380675,0.045278,19180,1184639,0.140902,8407551
2,2021-02-16,55889,1618096,27644,809726,28245,808370,0,0,29483,807791,0.096079,26323,406998,0.048409,30150,1214789,0.144488,8407551
2,2021-02-17,61154,1679250,31655,841381,29499,837869,0,0,30447,808401,0.096152,30653,437651,0.052055,31263,1246052,0.148206,8407551
2,2021-02-18,65708,1744958,33401,874782,32307,870176,0,0,32073,808178,0.096125,33429,471080,0.056031,33206,1279258,0.152156,8407551
2,2021-02-19,58791,1803749,32789,907571,26002,896178,0,0,29244,808607,0.096176,29405,500485,0.059528,29834,1309092,0.155704,8407551
2,2021-02-20,37004,1840753,24193,931764,12811,908989,0,0,20135,812624,0.096654,16793,517278,0.061525,20810,1329902,0.158179,8407551
2,2021-02-21,20632,1861385,17189,948953,3443,912432,0,0,9908,812681,0.096661,10656,527934,0.062793,10713,1340615,0.159454,8407551
2,2021-02-22,37235,1898620,25596,974549,11639,924071,0,0,17830,811869,0.096564,19322,547256,0.065091,18510,1359125,0.161655,8407551
2,2021-02-23,51367,1949987,26392,1000941,24975,949046,0,0,22678,807925,0.096095,28514,575770,0.068482,24570,1383695,0.164578,8407551
2,2021-02-24,68109,2018096,35136,1036077,32973,982019,0,0,31461,805229,0.095775,36514,612284,0.072825,33818,1417513,0.1686,8407551
2,2021-02-25,73572,2091668,34645,1070722,38927,1020946,0,0,37620,809898,0.09633,35754,648038,0.077078,40423,1457936,0.173408,8407551
2,2021-02-26,81678,2173346,34938,1105660,46740,1067686,0,0,44445,819538,0.097476,36992,685030,0.081478,46632,1504568,0.178954,8407551
2,2021-02-27,59674,2233020,27685,1133345,31984,1099670,5,5,32519,826422,0.098295,26969,711999,0.084686,33853,1538421,0.182981,8407551
2,2021-02-28,28959,2261979,17390,1150735,11568,1111238,1,6,16884,832140,0.098975,11990,723989,0.086112,17708,1556129,0.185087,8407551
2,2021-03-01,55917,2317896,29592,1180327,26301,1137539,24,30,30509,838665,0.099751,25191,749180,0.089108,31716,1587845,0.188859,8407551
2,2021-03-02,67426,2385322,32597,1212924,34824,1172363,5,35,38262,850221,0.101126,29048,778228,0.092563,40604,1628449,0.193689,8407551
2,2021-03-03,78738,2464060,38213,1251137,40515,1212878,10,45,44490,863186,0.102668,34084,812312,0.096617,47049,1675498,0.199285,8407551
2,2021-03-04,86732,2550792,42960,1294097,43745,1256623,27,72,50120,879270,0.104581,36434,848746,0.10095,52518,1728016,0.205531,8407551
2,2021-03-05,80172,2630964,38170,1332267,41702,1298325,300,372,49378,900683,0.107128,30619,879365,0.104592,52032,1780048,0.21172,8407551
2,2021-03-06,61918,2692882,30416,1362683,29839,1328164,1663,2035,38083,918129,0.109203,23735,903100,0.107415,41181,1821229,0.216618,8407551
2,2021-03-07,27456,2720338,16126,1378809,10382,1338546,948,2983,17718,928225,0.110404,9681,912781,0.108567,19777,1841006,0.218971,8407551
2,2021-03-08,49521,2769859,22860,1401669,24228,1362774,2433,5416,31396,945662,0.112478,18037,930818,0.110712,35474,1876480,0.22319,8407551
2,2021-03-09,69216,2839075,31763,1433432,33685,1396459,3768,9184,38648,958971,0.114061,30462,961280,0.114335,43771,1920251,0.228396,8407551
2,2021-03-10,77005,2916080,36666,1470098,33812,1430271,6527,15711,41112,972233,0.115638,35727,997007,0.118585,48989,1969240,0.234223,8407551
2,2021-03-11,91895,3007975,42450,1512548,41113,1471384,8332,24043,48333,987001,0.117395,43309,1040316,0.123736,58077,2027317,0.241131,8407551
2,2021-03-12,92682,3100657,38336,1550884,42385,1513769,11961,36004,46599,1001071,0.119068,45893,1086209,0.129194,59963,2087280,0.248263,8407551
2,2021-03-13,67968,3168625,28758,1579642,31313,1545082,7897,43901,37528,1017490,0.121021,30329,1116538,0.132802,46748,2134028,0.253823,8407551
2,2021-03-14,36460,3205085,18222,1597864,13742,1558824,4496,48397,18704,1023775,0.121769,17674,1134212,0.134904,23959,2157987,0.256672,8407551
2,2021-03-15,66666,3271751,30185,1628049,31500,1590324,4981,53378,37039,1037445,0.123394,29454,1163666,0.138407,43124,2201111,0.261802,8407551
2,2021-03-16,85550,3357301,37902,1665951,43673,1633997,3975,57353,52231,1061609,0.126269,33173,1196839,0.142353,57337,2258448,0.268621,8407551
2,2021-03-17,91577,3448878,43925,1709876,43532,1677529,4120,61473,58486,1092185,0.129905,32880,1229719,0.146264,63456,2321904,0.276169,8407551
2,2021-03-18,96840,3545718,46293,1756169,46091,1723620,4456,65929,59790,1120209,0.133238,36788,1266507,0.150639,64812,2386716,0.283878,8407551
2,2021-03-19,96582,3642300,45703,1801872,44792,1768412,6087,72016,58000,1146474,0.136362,38338,1304845,0.155199,64603,2451319,0.291562,8407551
2,2021-03-20,69043,3711343,33339,1835211,31807,1800219,3897,75913,45578,1173036,0.139522,23266,1328111,0.157966,49828,2501147,0.297488,8407551
2,2021-03-21,32920,3744263,21301,1856512,9650,1809869,1969,77882,20801,1184207,0.14085,12021,1340132,0.159396,23192,2524339,0.300247,8407551
2,2021-03-22,62180,3806443,34181,1890693,25367,1835236,2632,80514,41729,1209196,0.143823,20261,1360393,0.161806,45250,2569589,0.305629,8407551
2,2021-03-23,82974,3889417,44104,1934797,35991,1871227,2879,83393,52384,1234943,0.146885,30356,1390749,0.165417,56103,2625692,0.312302,8407551
2,2021-03-24,90889,3980306,49076,1983873,38690,1909917,3123,86516,54016,1256308,0.149426,36601,1427350,0.16977,57966,2683658,0.319196,8407551
2,2021-03-25,100506,4080812,50752,2034625,45894,1955811,3860,90376,57476,1275669,0.151729,42743,1470093,0.174854,62104,2745762,0.326583,8407551
2,2021-03-26,102637,4183449,51129,2085754,48048,2003859,3460,93836,56720,1291306,0.153589,45598,1515691,0.180277,61235,2806997,0.333866,8407551
2,2021-03-27,74708,4258157,37396,2123150,34016,2037875,3296,97132,37990,1296942,0.154259,36512,1552203,0.18462,42148,2849145,0.338879,8407551
2,2021-03-28,37347,4295504,23068,2146218,13477,2051352,802,97934,20426,1302085,0.154871,16816,1569019,0.18662,21959,2871104,0.341491,8407551
2,2021-03-29,70684,4366188,36136,2182354,32314,2083666,2234,100168,40705,1316098,0.156538,29822,1598841,0.190167,43835,2914939,0.346705,8407551
2,2021-03-30,91259,4457447,44800,2227154,42148,2125814,4311,104479,51649,1333236,0.158576,39434,1638275,0.194858,56572,2971511,0.353434,8407551
2,2021-03-31,100603,4558050,51972,2279126,43568,2169382,5063,109542,57801,1353906,0.161035,42552,1680827,0.199919,63222,3034733,0.360953,8407551
2,2021-04-01,116510,4674560,56405,2335531,51025,2220407,9080,118622,63971,1375161,0.163563,52244,1733071,0.206133,73499,3108232,0.369695,8407551
2,2021-04-02,110817,4785377,51216,2386747,49547,2269954,10054,128676,60050,1395326,0.165961,50448,1783519,0.212133,70613,3178845,0.378094,8407551
2,2021-04-03,76191,4861568,37391,2424138,29066,2299020,9734,138410,37963,1405381,0.167157,38051,1821570,0.216659,48106,3226951,0.383816,8407551
2,2021-04-04,28936,4890504,14870,2439008,10232,2309252,3834,142244,13114,1406628,0.167305,15746,1837316,0.218532,16993,3243944,0.385837,8407551
2,2021-04-05,78413,4968917,38527,2477535,31241,2340493,8645,150889,38330,1414441,0.168235,39948,1877264,0.223283,47761,3291705,0.391518,8407551
2,2021-04-06,103040,5071957,50236,2527771,38198,2378691,14606,165495,49134,1424960,0.169486,53682,1930946,0.229668,64201,3355906,0.399154,8407551
2,2021-04-07,109473,5181430,54719,2582490,38672,2417363,16082,181577,51915,1436020,0.170801,57309,1988255,0.236484,68369,3424275,0.407286,8407551
2,2021-04-08,117857,5299287,56754,2639244,42625,2459988,18478,200055,54898,1447390,0.172154,62689,2050944,0.243941,74059,3498334,0.416094,8407551
2,2021-04-09,117126,5416413,56435,2695679,42811,2502799,17880,217935,55575,1460559,0.17372,61246,2112190,0.251225,74415,3572749,0.424945,8407551
2,2021-04-10,85637,5502050,37160,2732839,30580,2533379,17897,235832,35618,1464974,0.174245,49798,2161988,0.257148,54213,3626962,0.431393,8407551
2,2021-04-11,43880,5545930,22715,2755554,12668,2546047,8497,244329,17920,1466278,0.1744,25838,2187826,0.260222,27142,3654104,0.434622,8407551
2,2021-04-12,78860,5624790,36748,2792302,32867,2578914,9245,253574,35369,1468624,0.174679,43262,2231088,0.265367,45608,3699712,0.440046,8407551
2,2021-04-13,100505,5725295,52081,2844383,48174,2627088,250,253824,55209,1479871,0.176017,45092,2276180,0.27073,56339,3756051,0.446747,8407551
2,2021-04-14,105078,5830373,55139,2899522,49890,2676978,49,253873,54114,1484726,0.176594,50722,2326902,0.276763,55577,3811628,0.453358,8407551
2,2021-04-15,111646,5942019,59495,2959017,52085,2729063,66,253939,58744,1491996,0.177459,52573,2379475,0.283016,59843,3871471,0.460475,8407551
2,2021-04-16,108974,6050993,56681,3015698,52243,2781306,50,253989,55534,1495248,0.177846,53163,2432638,0.28934,56415,3927886,0.467186,8407551
2,2021-04-17,81704,6132697,41542,3057240,40148,2821454,14,254003,45970,1506548,0.17919,35535,2468173,0.293566,46835,3974721,0.472756,8407551
2,2021-04-18,33921,6166618,20289,3077529,13627,2835081,5,254008,16223,1506145,0.179142,17594,2485767,0.295659,17191,3991912,0.474801,8407551
2,2021-04-19,73480,6240098,39686,3117215,33783,2868864,11,254019,33679,1500866,0.178514,39581,2525348,0.300367,34302,4026214,0.478881,8407551
2,2021-04-20,94762,6334860,47344,3164559,47395,2916259,23,254042,46264,1499657,0.17837,48222,2573570,0.306102,47013,4073227,0.484472,8407551
2,2021-04-21,98873,6433733,52581,3217140,46239,2962498,53,254095,46841,1495726,0.177903,51693,2625263,0.312251,47762,4120989,0.490153,8407551
2,2021-04-22,105199,6538932,53896,3271036,51284,3013782,19,254114,46218,1484176,0.176529,58652,2683915,0.319227,47102,4168091,0.495756,8407551
2,2021-04-23,104442,6643374,55148,3326184,49278,3063060,16,254130,48375,1477749,0.175765,55716,2739631,0.325854,49289,4217380,0.501618,8407551
2,2021-04-24,78881,6722255,46749,3372933,32094,3095154,38,254168,41296,1482699,0.176353,37293,2776924,0.330289,42243,4259623,0.506643,8407551
2,2021-04-25,35919,6758174,22263,3395196,13642,3108796,14,254182,19665,1486691,0.176828,16140,2793064,0.332209,20132,4279755,0.509037,8407551
2,2021-04-26,67756,6825930,37823,3433019,29644,3138440,289,254471,31005,1482838,0.17637,36531,2829595,0.336554,32678,4312433,0.512924,8407551
2,2021-04-27,82185,6908115,43339,3476358,37713,3176153,1133,255604,35284,1473784,0.175293,46637,2876232,0.342101,37583,4350016,0.517394,8407551
2,2021-04-28,84829,6992944,44933,3521291,38054,3214207,1842,257446,37171,1466279,0.1744,47403,2923635,0.347739,39898,4389914,0.522139,8407551
2,2021-04-29,87227,7080171,47053,3568344,38508,3252715,1666,259112,33541,1448678,0.172307,53395,2977030,0.35409,35794,4425708,0.526397,8407551
2,2021-04-30,91544,7171715,50531,3618875,39078,3291793,1935,261047,35449,1430927,0.170195,55765,3032795,0.360723,38014,4463722,0.530918,8407551
2,2021-05-01,60482,7232197,36864,3655739,22079,3313872,1539,262586,23836,1420715,0.168981,36424,3069219,0.365055,26212,4489934,0.534036,8407551
2,2021-05-02,28758,7260955,19859,3675598,7930,3321802,969,263555,11066,1415264,0.168332,17575,3086794,0.367145,12124,4502058,0.535478,8407551
2,2021-05-03,59153,7320108,35160,3710758,21966,3343768,2027,265582,19849,1398286,0.166313,39107,3125901,0.371797,22129,4524187,0.53811,8407551
2,2021-05-04,77417,7397525,45921,3756679,29161,3372929,2335,267917,25249,1374331,0.163464,51925,3177826,0.377973,27970,4552157,0.541437,8407551
2,2021-05-05,77634,7475159,45935,3802614,29391,3402320,2308,270225,24298,1348248,0.160362,53024,3230850,0.38428,26941,4579098,0.544641,8407551
2,2021-05-06,79936,7555095,48097,3850711,28974,3431294,2865,273090,24526,1321258,0.157151,55005,3285855,0.390822,28015,4607113,0.547973,8407551
2,2021-05-07,80710,7635805,46485,3897196,31831,3463125,2394,275484,24977,1293645,0.153867,55430,3341285,0.397415,27817,4634930,0.551282,8407551
2,2021-05-08,52822,7688627,31934,3929130,19241,3482366,1647,277131,16590,1276571,0.151836,35993,3377278,0.401696,18919,4653849,0.553532,8407551
2,2021-05-09,21165,7709792,15145,3944275,5279,3487645,741,277872,6348,1269184,0.150958,14697,3391975,0.403444,7310,4661159,0.554402,8407551
2,2021-05-10,48463,7758255,26310,3970585,20334,3507979,1819,279691,13890,1251120,0.148809,34357,3426332,0.40753,16293,4677452,0.556339,8407551
2,2021-05-11,61829,7820084,32857,4003442,27000,3534979,1972,281663,18654,1229455,0.146232,42936,3469268,0.412637,21271,4698723,0.558869,8407551
2,2021-05-12,60240,7880324,31765,4035207,26467,3561446,2008,283671,18034,1207885,0.143667,41972,3511240,0.417629,20402,4719125,0.561296,8407551
2,2021-05-13,64128,7944452,37208,4072415,25072,3586518,1848,285519,23481,1193479,0.141953,40411,3551651,0.422436,26005,4745130,0.564389,8407551
2,2021-05-14,76368,8020820,45712,4118127,28560,3615078,2096,287615,29781,1179712,0.140316,46282,3597933,0.427941,32515,4777645,0.568256,8407551
2,2021-05-15,64254,8085074,42282,4160409,20318,3635396,1654,289269,24897,1167488,0.138862,39141,3637074,0.432596,26917,4804562,0.571458,8407551
2,2021-05-16,29673,8114747,22391,4182800,6373,3641769,909,290178,12252,1163464,0.138383,17311,3654385,0.434655,13287,4817849,0.573038,8407551
2,2021-05-17,56538,8171285,36060,4218860,18596,3660365,1882,292060,23688,1156726,0.137582,32664,3687049,0.43854,25926,4843775,0.576122,8407551
2,2021-05-18,68361,8239646,40134,4258994,26295,3686660,1932,293992,28593,1148253,0.136574,39524,3726573,0.443241,31051,4874826,0.579815,8407551
2,2021-05-19,67215,8306861,40033,4299027,25282,3711942,1900,295892,27954,1139569,0.135541,38990,3765563,0.447879,30306,4905132,0.58342,8407551
2,2021-05-20,57717,8364578,33174,4332201,22607,3734549,1936,297828,22754,1130022,0.134406,34738,3800301,0.45201,25191,4930323,0.586416,8407551
2,2021-05-21,60314,8424892,35732,4367933,22691,3757240,1891,299719,24096,1120455,0.133268,35999,3836300,0.456292,26432,4956755,0.58956,8407551
2,2021-05-22,43035,8467927,27586,4395519,13882,3771122,1567,301286,18690,1116942,0.13285,24204,3860504,0.459171,20691,4977446,0.592021,8407551
2,2021-05-23,16617,8484544,12193,4407712,3838,3774960,586,301872,7618,1116274,0.13277,8934,3869438,0.460234,8266,4985712,0.593004,8407551
2,2021-05-24,37755,8522299,21791,4429503,14404,3789364,1560,303432,15016,1110524,0.132087,22558,3891996,0.462917,16808,5002520,0.595003,8407551
2,2021-05-25,22365,8544664,13552,4443055,7840,3797204,973,304405,7715,1104708,0.131395,14549,3906545,0.464647,8733,5011253,0.596042,8407551
3,2020-12-15,304,304,304,304,0,0,0,0,304,304,3.7e-05,0,0,0.0,304,304,3.7e-05,8129050
3,2020-12-16,2308,2612,2308,2612,0,0,0,0,2309,2613,0.000321,0,0,0.0,2309,2613,0.000321,8129050
3,2020-12-17,7660,10272,7660,10272,0,0,0,0,7660,10273,0.001264,0,0,0.0,7660,10273,0.001264,8129050
3,2020-12-18,13093,23365,13080,23352,13,13,0,0,13092,23365,0.002874,0,0,0.0,13092,23365,0.002874,8129050
3,2020-12-19,7190,30555,7179,30531,11,24,0,0,7254,30619,0.003767,0,0,0.0,7254,30619,0.003767,8129050
3,2020-12-20,5629,36184,5622,36153,7,31,0,0,5676,36294,0.004465,1,1,0.0,5676,36295,0.004465,8129050
3,2020-12-21,14314,50498,14290,50443,24,55,0,0,14377,50670,0.006233,1,2,0.0,14377,50672,0.006233,8129050
3,2020-12-22,14744,65242,14170,64613,574,629,0,0,14783,65453,0.008052,0,2,0.0,14783,65455,0.008052,8129050
3,2020-12-23,14774,80016,12177,76790,2597,3226,0,0,14800,80253,0.009872,0,2,0.0,14800,80255,0.009873,8129050
3,2020-12-24,6784,86800,4869,81659,1915,5141,0,0,6782,87034,0.010707,1,3,0.0,6782,87037,0.010707,8129050
3,2020-12-25,721,87521,665,82324,56,5197,0,0,720,87754,0.010795,0,3,0.0,720,87757,0.010795,8129050
3,2020-12-26,4616,92137,2992,85316,1624,6821,0,0,4614,92368,0.011363,0,3,0.0,4614,92371,0.011363,8129050
3,2020-12-27,2963,95100,1840,87156,1123,7944,0,0,2964,95332,0.011727,0,3,0.0,2964,95335,0.011728,8129050
3,2020-12-28,13524,108624,8659,95815,4865,12809,0,0,13552,108883,0.013394,1,4,0.0,13552,108887,0.013395,8129050
3,2020-12-29,14915,123539,8418,104233,6497,19306,0,0,14942,123823,0.015232,2,6,1e-06,14942,123829,0.015233,8129050
3,2020-12-30,17944,141483,9983,114216,7961,27267,0,0,17931,141754,0.017438,0,6,1e-06,17931,141760,0.017439,8129050
3,2020-12-31,8377,149860,3215,117431,5162,32429,0,0,8376,150129,0.018468,1,7,1e-06,8376,150136,0.018469,8129050
3,2021-01-01,1209,151069,554,117985,655,33084,0,0,1206,151335,0.018617,0,7,1e-06,1206,151342,0.018617,8129050
3,2021-01-02,4937,156006,2461,120446,2476,35560,0,0,4937,156272,0.019224,0,7,1e-06,4937,156279,0.019225,8129050
3,2021-01-03,1597,157603,881,121327,716,36276,0,0,1588,157856,0.019419,4,11,1e-06,1588,157867,0.01942,8129050
3,2021-01-04,11962,169565,6010,127337,5952,42228,0,0,11935,169784,0.020886,7,18,2e-06,11935,169802,0.020888,8129050
3,2021-01-05,15612,185177,8158,135495,7454,49682,0,0,14011,182233,0.022418,1587,1605,0.000197,14036,183838,0.022615,8129050
3,2021-01-06,20471,205648,10834,146329,9637,59319,0,0,16057,193923,0.023856,4374,5979,0.000736,16064,199902,0.024591,8129050
3,2021-01-07,26363,232011,15082,161411,11281,70600,0,0,17167,201937,0.024841,9167,15146,0.001863,17181,217083,0.026705,8129050
3,2021-01-08,30245,262256,18494,179905,11751,82351,0,0,18078,207890,0.025574,12146,27292,0.003357,18099,235182,0.028931,8129050
3,2021-01-09,12338,274594,6988,186893,5350,87701,0,0,7852,211270,0.02599,4480,31772,0.003908,7860,243042,0.029898,8129050
3,2021-01-10,7157,281751,4515,191408,2642,90343,0,0,4018,212155,0.026098,3137,34909,0.004294,4022,247064,0.030393,8129050
3,2021-01-11,28798,310549,18864,210272,9934,100277,0,0,16288,215981,0.026569,12505,47414,0.005833,16331,263395,0.032402,8129050
3,2021-01-12,32160,342709,19261,229533,12899,113176,0,0,19769,223460,0.027489,12375,59789,0.007355,19854,283249,0.034844,8129050
3,2021-01-13,34257,376966,17900,247433,16357,129533,0,0,24175,237570,0.029225,10083,69872,0.008595,24193,307442,0.03782,8129050
3,2021-01-14,34441,411407,14167,261600,20274,149807,0,0,28570,260335,0.032025,5839,75711,0.009314,28604,336046,0.041339,8129050
3,2021-01-15,38615,450022,14353,275953,24262,174069,0,0,34012,289814,0.035652,4594,80305,0.009879,34073,370119,0.04553,8129050
3,2021-01-16,21711,471733,7576,283529,14135,188204,0,0,19403,306944,0.037759,2294,82599,0.010161,19424,389543,0.04792,8129050
3,2021-01-17,13049,484782,4401,287930,8648,196852,0,0,12025,317965,0.039115,1023,83622,0.010287,12044,401587,0.049401,8129050
3,2021-01-18,24616,509398,12845,300775,11771,208623,0,0,19092,331556,0.040787,5542,89164,0.010969,19133,420720,0.051755,8129050
3,2021-01-19,40745,550143,20833,321608,19912,228535,0,0,31717,354350,0.043591,9003,98167,0.012076,31797,452517,0.055667,8129050
3,2021-01-20,44800,594943,22054,343662,22746,251281,0,0,35533,380736,0.046836,9224,107391,0.013211,35610,488127,0.060047,8129050
3,2021-01-21,47396,642339,20528,364190,26868,278149,0,0,41980,417436,0.051351,5344,112735,0.013868,42044,530171,0.065219,8129050
3,2021-01-22,49340,691679,19689,383879,29651,307800,0,0,45227,458606,0.056416,4119,116854,0.014375,45289,575460,0.070791,8129050
3,2021-01-23,30012,721691,12736,396615,17276,325076,0,0,26755,482161,0.059313,3247,120101,0.014774,26802,602262,0.074088,8129050
3,2021-01-24,17608,739299,8479,405094,9129,334205,0,0,16463,497507,0.061201,1143,121244,0.014915,16489,618751,0.076116,8129050
3,2021-01-25,40432,779731,18120,423214,22312,356517,0,0,30552,518280,0.063757,9862,131106,0.016128,30635,649386,0.079885,8129050
3,2021-01-26,46708,826439,22370,445584,24338,380855,0,0,36727,545137,0.06706,9971,141077,0.017355,36828,686214,0.084415,8129050
3,2021-01-27,50291,876730,24315,469899,25976,406831,0,0,39849,574686,0.070695,10375,151452,0.018631,39924,726138,0.089326,8129050
3,2021-01-28,51318,928048,23851,493750,27467,434298,0,0,42489,608476,0.074852,8748,160200,0.019707,42538,768676,0.094559,8129050
3,2021-01-29,50305,978353,24275,518025,26030,460328,0,0,40799,640000,0.07873,9320,169520,0.020854,40844,809520,0.099584,8129050
3,2021-01-30,36793,1015146,17557,535582,19236,479564,0,0,32113,667564,0.082121,4628,174148,0.021423,32192,841712,0.103544,8129050
3,2021-01-31,22027,1037173,12636,548218,9391,488955,0,0,20699,686962,0.084507,1318,175466,0.021585,20716,862428,0.106092,8129050
3,2021-02-01,45464,1082637,20815,569033,24649,513604,0,0,34774,711122,0.087479,10649,186115,0.022895,34809,897237,0.110374,8129050
3,2021-02-02,53763,1136400,22389,591422,31374,544978,0,0,41461,740414,0.091082,12219,198334,0.024398,41511,938748,0.115481,8129050
3,2021-02-03,59650,1196050,26624,618046,33026,578004,0,0,44379,769747,0.094691,15114,213448,0.026257,44447,983195,0.120948,8129050
3,2021-02-04,63948,1259998,27801,645847,36147,614151,0,0,46965,800018,0.098415,16798,230246,0.028324,47069,1030264,0.126739,8129050
3,2021-02-05,69736,1329734,29672,675519,40064,654215,0,0,48256,827166,0.101754,21268,251514,0.03094,48416,1078680,0.132694,8129050
3,2021-02-06,43418,1373152,21129,696648,22289,676504,0,0,33722,851402,0.104736,9666,261180,0.032129,33902,1112582,0.136865,8129050
3,2021-02-07,19436,1392588,12317,708965,7119,683623,0,0,14970,862044,0.106045,4454,265634,0.032677,15096,1127678,0.138722,8129050
3,2021-02-08,50815,1443403,24535,733500,26280,709903,0,0,33374,878264,0.10804,17337,282971,0.03481,33557,1161235,0.14285,8129050
3,2021-02-09,58153,1501556,28319,761819,29834,739737,0,0,34177,888978,0.109358,23807,306778,0.037738,34521,1195756,0.147097,8129050
3,2021-02-10,67427,1568983,31366,793185,36061,775798,0,0,36618,895538,0.110165,30586,337364,0.041501,37146,1232902,0.151666,8129050
3,2021-02-11,70137,1639120,34628,827813,35509,811307,0,0,37622,901511,0.1109,32178,369542,0.045459,38151,1271053,0.156359,8129050
3,2021-02-12,74790,1713910,32417,860230,42373,853680,0,0,41419,910601,0.112018,33088,402630,0.04953,42178,1313231,0.161548,8129050
3,2021-02-13,44556,1758466,20252,880482,24304,877984,0,0,25746,918213,0.112955,18714,421344,0.051832,26326,1339557,0.164786,8129050
3,2021-02-14,27063,1785529,13502,893984,13561,891545,0,0,15122,921887,0.113406,11896,433240,0.053295,15570,1355127,0.166702,8129050
3,2021-02-15,39737,1825266,17121,911105,22616,914161,0,0,22050,927268,0.114068,17604,450844,0.055461,22985,1378112,0.169529,8129050
3,2021-02-16,69460,1894726,32854,943959,36606,950767,0,0,36227,931415,0.114579,33104,483948,0.059533,37251,1415363,0.174112,8129050
3,2021-02-17,71175,1965901,36016,979975,35159,985926,0,0,33985,929489,0.114342,36982,520930,0.064083,35056,1450419,0.178424,8129050
3,2021-02-18,76229,2042130,39806,1019781,36423,1022349,0,0,35420,925576,0.11386,40671,561601,0.069086,36758,1487177,0.182946,8129050
3,2021-02-19,67956,2110086,39187,1058968,28769,1051118,0,0,34457,927318,0.114075,33403,595004,0.073195,35145,1522322,0.187269,8129050
3,2021-02-20,41575,2151661,26346,1085314,15229,1066347,0,0,22069,930460,0.114461,19420,614424,0.075584,22562,1544884,0.190045,8129050
3,2021-02-21,22409,2174070,18648,1103962,3761,1070108,0,0,10721,929940,0.114397,11626,626050,0.077014,11106,1555990,0.191411,8129050
3,2021-02-22,44863,2218933,29254,1133216,15609,1085717,0,0,21280,928198,0.114183,23508,649558,0.079906,21766,1577756,0.194089,8129050
3,2021-02-23,60307,2279240,32964,1166180,27343,1113060,0,0,26722,923457,0.1136,33445,683003,0.08402,28704,1606460,0.19762,8129050
3,2021-02-24,76197,2355437,37313,1203493,38884,1151944,0,0,34185,918288,0.112964,41856,724859,0.089169,36687,1643147,0.202133,8129050
3,2021-02-25,85142,2440579,41390,1244883,43752,1195696,0,0,42869,921679,0.113381,42055,766914,0.094342,45446,1688593,0.207723,8129050
3,2021-02-26,95487,2536066,43531,1288414,51956,1247652,0,0,51130,930967,0.114523,44037,810951,0.09976,53325,1741918,0.214283,8129050
3,2021-02-27,67504,2603570,31120,1319534,36381,1284033,3,3,35887,936713,0.11523,31445,842396,0.103628,37191,1779109,0.218858,8129050
3,2021-02-28,37648,2641218,21883,1341417,15764,1299797,1,4,19538,939233,0.11554,17967,860363,0.105838,20487,1799596,0.221378,8129050
3,2021-03-01,65781,2706999,35020,1376437,30744,1330541,17,21,36806,948563,0.116688,28823,889186,0.109384,38153,1837749,0.226072,8129050
3,2021-03-02,77428,2784427,38368,1414805,39056,1369597,4,25,45462,964240,0.118617,31850,921036,0.113302,47527,1885276,0.231918,8129050
3,2021-03-03,87754,2872181,41966,1456771,45774,1415371,14,39,49093,977119,0.120201,38489,959525,0.118037,51368,1936644,0.238237,8129050
3,2021-03-04,92316,2964497,45424,1502195,46877,1462248,15,54,52602,992473,0.12209,39529,999054,0.122899,54883,1991527,0.244989,8129050
3,2021-03-05,88811,3053308,43733,1545928,44788,1507036,290,344,54383,1015151,0.124879,34217,1033271,0.127108,56895,2048422,0.251988,8129050
3,2021-03-06,64527,3117835,32724,1578652,29666,1536702,2137,2481,37056,1028473,0.126518,27341,1060612,0.130472,40663,2089085,0.25699,8129050
3,2021-03-07,37243,3155078,22272,1600924,13862,1550564,1109,3590,21508,1036569,0.127514,15684,1076296,0.132401,23780,2112865,0.259915,8129050
3,2021-03-08,58454,3213532,27991,1628915,27642,1578206,2821,6411,37207,1057034,0.130032,21115,1097411,0.134999,41580,2154445,0.26503,8129050
3,2021-03-09,75950,3289482,35340,1664255,36273,1614479,4337,10748,41093,1068896,0.131491,34747,1132158,0.139273,46609,2201054,0.270764,8129050
3,2021-03-10,82005,3371487,41155,1705410,34823,1649302,6027,16775,43014,1080524,0.132921,38819,1170977,0.144048,50447,2251501,0.27697,8129050
3,2021-03-11,96055,3467542,47002,1752412,40532,1689834,8521,25296,47291,1088909,0.133953,48541,1219518,0.15002,56926,2308427,0.283973,8129050
3,2021-03-12,101133,3568675,45193,1797605,44095,1733929,11845,37141,46625,1094226,0.134607,54330,1273848,0.156703,59647,2368074,0.29131,8129050
3,2021-03-13,69254,3637929,29553,1827158,32502,1766431,7199,44340,36485,1106659,0.136136,32667,1306515,0.160722,45100,2413174,0.296858,8129050
3,2021-03-14,40645,3678574,21502,1848660,15620,1782051,3523,47863,20893,1112021,0.136796,19692,1326207,0.163144,25054,2438228,0.29994,8129050
3,2021-03-15,74925,3753499,35643,1884303,34763,1816814,4519,52382,39738,1122263,0.138056,35023,1361230,0.167453,45265,2483493,0.305508,8129050
3,2021-03-16,94325,3847824,43538,1927841,46496,1863310,4291,56673,53444,1140226,0.140266,40697,1401927,0.172459,58660,2542153,0.312724,8129050
3,2021-03-17,96986,3944810,47169,1975010,45374,1908684,4443,61116,59350,1167253,0.14359,37439,1439366,0.177064,64466,2606619,0.320655,8129050
3,2021-03-18,102235,4047045,52009,2027019,45828,1954512,4398,65514,59555,1189307,0.146303,42455,1481821,0.182287,64509,2671128,0.32859,8129050
3,2021-03-19,102242,4149287,54856,2081875,42974,1997486,4412,69926,57982,1208219,0.14863,44026,1525847,0.187703,62938,2734066,0.336333,8129050
3,2021-03-20,70941,4220228,36631,2118506,30726,2028212,3584,73510,44298,1230119,0.151324,26482,1552329,0.190961,48382,2782448,0.342285,8129050
3,2021-03-21,35762,4255990,24404,2142910,9871,2038083,1487,74997,23121,1242629,0.152863,12568,1564897,0.192507,25078,2807526,0.34537,8129050
3,2021-03-22,69780,4325770,41057,2183967,26220,2064303,2503,77500,45254,1267058,0.155868,24341,1589238,0.195501,48770,2856296,0.351369,8129050
3,2021-03-23,88975,4414745,49145,2233112,37325,2101628,2505,80005,55133,1291786,0.15891,33615,1622853,0.199636,58343,2914639,0.358546,8129050
3,2021-03-24,97997,4512742,56541,2289653,38607,2140235,2849,82854,56628,1310807,0.16125,41067,1663920,0.204688,60088,2974727,0.365938,8129050
3,2021-03-25,106575,4619317,59392,2349045,44270,2184505,2913,85767,60791,1329659,0.163569,45502,1709422,0.210286,64354,3039081,0.373854,8129050
3,2021-03-26,109735,4729052,59038,2408083,47458,2231963,3239,89006,57469,1339220,0.164745,51994,1761416,0.216682,61555,3100636,0.381427,8129050
3,2021-03-27,73754,4802806,37563,2445646,33655,2265618,2536,91542,36432,1341723,0.165053,37140,1798556,0.22125,39643,3140279,0.386303,8129050
3,2021-03-28,43864,4846670,27757,2473403,15302,2280920,805,92347,22730,1344720,0.165422,21037,1819593,0.223838,24034,3164313,0.38926,8129050
3,2021-03-29,80081,4926751,41949,2515352,36303,2317223,1829,94176,44591,1356659,0.16689,35285,1854878,0.228179,47224,3211537,0.395069,8129050
3,2021-03-30,99386,5026137,48991,2564343,46790,2364013,3605,97781,56038,1373776,0.168996,43131,1898009,0.233485,60248,3271785,0.402481,8129050
3,2021-03-31,104398,5130535,56482,2620825,43123,2407136,4793,102574,56401,1387489,0.170683,47823,1945832,0.239368,61536,3333321,0.41005,8129050
3,2021-04-01,122566,5253101,62195,2683020,50773,2457909,9598,112172,66745,1408660,0.173287,55533,2001365,0.246199,76704,3410025,0.419486,8129050
3,2021-04-02,117129,5370230,57281,2740301,49638,2507547,10210,122382,62297,1427111,0.175557,54600,2055965,0.252916,73051,3483076,0.428473,8129050
3,2021-04-03,75667,5445897,38706,2779007,27788,2535335,9173,131555,37867,1436813,0.17675,37686,2093651,0.257552,47388,3530464,0.434302,8129050
3,2021-04-04,32274,5478171,17255,2796262,10841,2546176,4178,135733,14236,1437297,0.17681,17971,2111622,0.259762,18455,3548919,0.436572,8129050
3,2021-04-05,88410,5566581,44981,2841243,34454,2580630,8975,144708,43530,1445948,0.177874,44705,2156327,0.265262,53356,3602275,0.443136,8129050
3,2021-04-06,112468,5679049,54859,2896102,42562,2623192,15047,159755,53189,1455903,0.179099,59049,2215376,0.272526,69004,3671279,0.451625,8129050
3,2021-04-07,115303,5794352,59962,2956064,39202,2662394,16139,175894,56108,1469513,0.180773,58989,2274365,0.279782,72599,3743878,0.460555,8129050
3,2021-04-08,120123,5914475,60102,3016166,40169,2702563,19852,195746,55972,1482253,0.18234,63905,2338270,0.287644,76645,3820523,0.469984,8129050
3,2021-04-09,116879,6031354,58455,3074621,39544,2742107,18880,214626,51526,1488456,0.183103,65156,2403426,0.295659,71359,3891882,0.478762,8129050
3,2021-04-10,82604,6113958,37480,3112101,30099,2772206,15025,229651,33781,1489428,0.183223,48681,2452107,0.301647,49653,3941535,0.48487,8129050
3,2021-04-11,44614,6158572,23987,3136088,12683,2784889,7944,237595,16995,1487663,0.183006,27540,2479647,0.305035,25775,3967310,0.488041,8129050
3,2021-04-12,82894,6241466,41992,3178080,32310,2817199,8592,246187,37849,1490312,0.183332,44865,2524512,0.310554,47514,4014824,0.493886,8129050
3,2021-04-13,104248,6345714,56539,3234619,47502,2864701,207,246394,55239,1497799,0.184253,48828,2573340,0.316561,56315,4071139,0.500814,8129050
3,2021-04-14,105407,6451121,57808,3292427,47508,2912209,91,246485,53065,1500267,0.184556,52106,2625446,0.322971,54574,4125713,0.507527,8129050
3,2021-04-15,117820,6568941,66405,3358832,51359,2963568,56,246541,63494,1510507,0.185816,54094,2679540,0.329625,64334,4190047,0.515441,8129050
3,2021-04-16,113742,6682683,63903,3422735,49749,3013317,90,246631,59610,1516963,0.18661,53895,2733435,0.336255,60351,4250398,0.522865,8129050
3,2021-04-17,77868,6760551,42539,3465274,35318,3048635,11,246642,43453,1527128,0.187861,34250,2767685,0.340468,44415,4294813,0.528329,8129050
3,2021-04-18,36874,6797425,21849,3487123,15022,3063657,3,246645,17360,1525909,0.187711,19437,2787122,0.342859,18218,4313031,0.53057,8129050
3,2021-04-19,77896,6875321,43622,3530745,34223,3097880,51,246696,35251,1519227,0.186889,42513,2829635,0.348089,35831,4348862,0.534978,8129050
3,2021-04-20,97788,6973109,50731,3581476,47044,3144924,13,246709,47723,1518127,0.186753,49874,2879509,0.354225,48774,4397636,0.540978,8129050
3,2021-04-21,100691,7073800,55571,3637047,45056,3189980,64,246773,47668,1514063,0.186253,52753,2932262,0.360714,48689,4446325,0.546967,8129050
3,2021-04-22,108584,7182384,60606,3697653,47957,3237937,21,246794,46926,1500556,0.184592,61389,2993651,0.368266,47882,4494207,0.552858,8129050
3,2021-04-23,102844,7285228,58395,3756048,44427,3282364,22,246816,45114,1489242,0.1832,57441,3051092,0.375332,46127,4540334,0.558532,8129050
3,2021-04-24,72589,7357817,45040,3801088,27491,3309855,58,246874,35483,1488870,0.183154,36875,3087967,0.379868,36503,4576837,0.563022,8129050
3,2021-04-25,36156,7393973,23361,3824449,12781,3322636,14,246888,18690,1490601,0.183367,17355,3105322,0.382003,19086,4595923,0.56537,8129050
3,2021-04-26,67276,7461249,37972,3862421,28924,3351560,380,247268,28670,1482526,0.182374,38408,3143730,0.386728,30333,4626256,0.569102,8129050
3,2021-04-27,84671,7545920,44425,3906846,38838,3390398,1408,248676,33894,1468036,0.180591,50521,3194251,0.392943,36031,4662287,0.573534,8129050
3,2021-04-28,83518,7629438,47088,3953934,34350,3424748,2080,250756,33846,1455038,0.178992,49450,3243701,0.399026,36452,4698739,0.578018,8129050
3,2021-04-29,85356,7714794,48486,4002420,34718,3459466,2152,252908,29863,1432279,0.176193,55245,3298946,0.405822,32486,4731225,0.582015,8129050
3,2021-04-30,87971,7802765,49508,4051928,36025,3495491,2438,255346,32675,1412778,0.173794,55057,3354003,0.412595,35556,4766781,0.586388,8129050
3,2021-05-01,54205,7856970,34275,4086203,18498,3513989,1432,256778,19551,1399724,0.172188,34511,3388514,0.41684,21457,4788238,0.589028,8129050
3,2021-05-02,26489,7883459,18012,4104215,7470,3521459,1007,257785,9793,1393977,0.171481,16647,3405161,0.418888,10900,4799138,0.590369,8129050
3,2021-05-03,58671,7942130,34485,4138700,21861,3543320,2325,260110,17194,1372358,0.168821,41313,3446474,0.42397,19694,4818832,0.592792,8129050
3,2021-05-04,75336,8017466,43120,4181820,29595,3572915,2621,262731,22025,1344215,0.165359,53065,3499539,0.430498,24922,4843754,0.595857,8129050
3,2021-05-05,76247,8093713,45507,4227327,28097,3601012,2643,265374,20998,1313132,0.161536,54983,3554522,0.437262,23900,4867654,0.598797,8129050
3,2021-05-06,80924,8174637,51055,4278382,27420,3628432,2449,267823,20276,1276133,0.156984,60273,3614795,0.444676,23274,4890928,0.60166,8129050
3,2021-05-07,79562,8254199,49300,4327682,27691,3656123,2571,270394,21348,1242415,0.152836,57930,3672725,0.451802,24212,4915140,0.604639,8129050
3,2021-05-08,50127,8304326,30951,4358633,17546,3673669,1630,272024,13409,1221276,0.150236,36424,3709149,0.456283,15285,4930425,0.606519,8129050
3,2021-05-09,20340,8324666,14712,4373345,4842,3678511,786,272810,5606,1213121,0.149233,14614,3723763,0.458081,6459,4936884,0.607314,8129050
3,2021-05-10,46317,8370983,24819,4398164,19619,3698130,1879,274689,11036,1191202,0.146536,35087,3758850,0.462397,13168,4950052,0.608934,8129050
3,2021-05-11,59610,8430593,32860,4431024,24720,3722850,2030,276719,15117,1164479,0.143249,44298,3803148,0.467847,17575,4967627,0.611096,8129050
3,2021-05-12,59235,8489828,33739,4464763,23336,3746186,2160,278879,15624,1139125,0.14013,43406,3846554,0.473186,18052,4985679,0.613316,8129050
3,2021-05-13,67576,8557404,42497,4507260,23305,3769491,1774,280653,24589,1123293,0.138183,42764,3889318,0.478447,26932,5012611,0.616629,8129050
3,2021-05-14,77507,8634911,49079,4556339,26341,3795832,2087,282740,30644,1109986,0.136546,46624,3935942,0.484182,33317,5045928,0.620728,8129050
3,2021-05-15,60337,8695248,41581,4597920,17570,3813402,1186,283926,25036,1101281,0.135475,35136,3971078,0.488505,26431,5072359,0.623979,8129050
3,2021-05-16,29978,8725226,22986,4620906,6317,3819719,675,284601,12179,1096498,0.134886,17711,3988789,0.490683,12928,5085287,0.62557,8129050
3,2021-05-17,55306,8780532,35488,4656394,18054,3837773,1764,286365,21924,1087238,0.133747,33147,4021936,0.494761,23887,5109174,0.628508,8129050
3,2021-05-18,62735,8843267,37361,4693755,23555,3861328,1819,288184,24978,1076890,0.132474,37521,4059457,0.499377,27173,5136347,0.631851,8129050
3,2021-05-19,61876,8905143,37802,4731557,22402,3883730,1672,289856,25465,1068092,0.131392,36191,4095648,0.503829,27393,5163740,0.635221,8129050
3,2021-05-20,50587,8955730,29812,4761369,19201,3902931,1574,291430,19235,1058028,0.130154,31141,4126789,0.507659,21077,5184817,0.637813,8129050
3,2021-05-21,53981,9009711,33099,4794468,19091,3922022,1791,293221,19881,1046046,0.12868,33876,4160665,0.511827,21894,5206711,0.640507,8129050
3,2021-05-22,35999,9045710,24267,4818735,10484,3932506,1248,294469,15705,1043005,0.128306,20159,4180824,0.514307,17118,5223829,0.642612,8129050
3,2021-05-23,14077,9059787,10603,4829338,2981,3935487,493,294962,6534,1042592,0.128255,7489,4188313,0.515228,7076,5230905,0.643483,8129050
3,2021-05-24,33437,9093224,19814,4849152,12103,3947590,1520,296482,12679,1036254,0.127475,20618,4208931,0.517764,14280,5245185,0.64524,8129050
3,2021-05-25,18798,9112022,10606,4859758,7407,3954997,785,297267,5682,1029726,0.126672,13021,4221952,0.519366,6493,5251678,0.646038,8129050
4,2020-12-15,445,445,445,445,0,0,0,0,445,445,5.5e-05,0,0,0.0,445,445,5.5e-05,8037679
4,2020-12-16,2980,3425,2980,3425,0,0,0,0,2980,3425,0.000426,0,0,0.0,2980,3425,0.000426,8037679
4,2020-12-17,8549,11974,8549,11974,0,0,0,0,8549,11974,0.00149,0,0,0.0,8549,11974,0.00149,8037679
4,2020-12-18,15415,27389,15406,27380,9,9,0,0,15415,27389,0.003408,0,0,0.0,15415,27389,0.003408,8037679
4,2020-12-19,10244,37633,10237,37617,7,16,0,0,10179,37568,0.004674,0,0,0.0,10179,37568,0.004674,8037679
4,2020-12-20,7359,44992,7352,44969,7,23,0,0,7314,44882,0.005584,0,0,0.0,7314,44882,0.005584,8037679
4,2020-12-21,16296,61288,16273,61242,23,46,0,0,16230,61112,0.007603,0,0,0.0,16230,61112,0.007603,8037679
4,2020-12-22,17131,78419,16398,77640,733,779,0,0,17087,78199,0.009729,0,0,0.0,17087,78199,0.009729,8037679
4,2020-12-23,17023,95442,14328,91968,2695,3474,0,0,16995,95194,0.011843,0,0,0.0,16995,95194,0.011843,8037679
4,2020-12-24,8549,103991,5966,97934,2583,6057,0,0,8549,103743,0.012907,0,0,0.0,8549,103743,0.012907,8037679
4,2020-12-25,902,104893,798,98732,104,6161,0,0,902,104645,0.013019,0,0,0.0,902,104645,0.013019,8037679
4,2020-12-26,6213,111106,3877,102609,2336,8497,0,0,6213,110858,0.013792,0,0,0.0,6213,110858,0.013792,8037679
4,2020-12-27,3422,114528,1997,104606,1425,9922,0,0,3422,114280,0.014218,0,0,0.0,3422,114280,0.014218,8037679
4,2020-12-28,14966,129494,9251,113857,5715,15637,0,0,14936,129215,0.016076,1,1,0.0,14936,129216,0.016076,8037679
4,2020-12-29,15248,144742,8436,122293,6812,22449,0,0,15215,144430,0.017969,0,1,0.0,15215,144431,0.017969,8037679
4,2020-12-30,18852,163594,11029,133322,7823,30272,0,0,18840,163268,0.020313,2,3,0.0,18840,163271,0.020313,8037679
4,2020-12-31,8198,171792,3321,136643,4877,35149,0,0,8192,171457,0.021332,3,6,1e-06,8192,171463,0.021332,8037679
4,2021-01-01,1282,173074,546,137189,736,35885,0,0,1280,172735,0.021491,2,8,1e-06,1280,172743,0.021492,8037679
4,2021-01-02,5674,178748,3227,140416,2447,38332,0,0,5673,178407,0.022196,1,9,1e-06,5673,178416,0.022197,8037679
4,2021-01-03,2123,180871,1278,141694,845,39177,0,0,2109,180512,0.022458,4,13,2e-06,2109,180525,0.02246,8037679
4,2021-01-04,12966,193837,7084,148778,5882,45059,0,0,12918,193400,0.024062,30,43,5e-06,12918,193443,0.024067,8037679
4,2021-01-05,16798,210635,9992,158770,6806,51865,0,0,14771,206176,0.025651,2006,2049,0.000255,14782,208225,0.025906,8037679
4,2021-01-06,21471,232106,13169,171939,8302,60167,0,0,15612,215994,0.026873,5807,7856,0.000977,15625,223850,0.02785,8037679
4,2021-01-07,27779,259885,16950,188889,10829,70996,0,0,16978,222244,0.02765,10744,18600,0.002314,16994,240844,0.029964,8037679
4,2021-01-08,32635,292520,20937,209826,11698,82694,0,0,18486,226669,0.028201,14080,32680,0.004066,18505,259349,0.032267,8037679
4,2021-01-09,16169,308689,9567,219393,6602,89296,0,0,9424,229382,0.028538,6722,39402,0.004902,9435,268784,0.03344,8037679
4,2021-01-10,8714,317403,5660,225053,3054,92350,0,0,4111,228919,0.028481,4582,43984,0.005472,4119,272903,0.033953,8037679
4,2021-01-11,33282,350685,21813,246866,11469,103819,0,0,18782,233282,0.029024,14458,58442,0.007271,18821,291724,0.036295,8037679
4,2021-01-12,38265,388950,22032,268898,16233,120052,0,0,24247,243600,0.030307,13969,72411,0.009009,24287,316011,0.039316,8037679
4,2021-01-13,38452,427402,18930,287828,19522,139574,0,0,27244,259715,0.032312,11154,83565,0.010397,27269,343280,0.042709,8037679
4,2021-01-14,38961,466363,14892,302720,24069,163643,0,0,31913,284656,0.035415,7001,90566,0.011268,31942,375222,0.046683,8037679
4,2021-01-15,45108,511471,15610,318330,29498,193141,0,0,39595,318815,0.039665,5456,96022,0.011946,39615,414837,0.051612,8037679
4,2021-01-16,28528,539999,9328,327658,19200,212341,0,0,25421,341182,0.042448,3070,99092,0.012328,25437,440274,0.054776,8037679
4,2021-01-17,18962,558961,6655,334313,12307,224648,0,0,17452,357164,0.044436,1485,100577,0.012513,17467,457741,0.056949,8037679
4,2021-01-18,29373,588334,13602,347915,15771,240419,0,0,23409,374730,0.046622,5869,106446,0.013243,23435,481176,0.059865,8037679
4,2021-01-19,45942,634276,23112,371027,22830,263249,0,0,36634,402184,0.050037,9253,115699,0.014395,36707,517883,0.064432,8037679
4,2021-01-20,51595,685871,27354,398381,24241,287490,0,0,41217,433174,0.053893,10281,125980,0.015674,41271,559154,0.069567,8037679
4,2021-01-21,56286,742157,24876,423257,31410,318900,0,0,49901,476793,0.05932,6324,132304,0.01646,49943,609097,0.07578,8037679
4,2021-01-22,54853,797010,22045,445302,32808,351708,0,0,49772,521607,0.064895,4986,137290,0.017081,49800,658897,0.081976,8037679
4,2021-01-23,39373,836383,17391,462693,21982,373690,0,0,35079,552429,0.06873,4285,141575,0.017614,35107,694004,0.086344,8037679
4,2021-01-24,23907,860290,10490,473183,13417,387107,0,0,22038,572622,0.071242,1861,143436,0.017845,22054,716058,0.089088,8037679
4,2021-01-25,47695,907985,22065,495248,25630,412737,0,0,36641,598293,0.074436,11024,154460,0.019217,36695,752753,0.093653,8037679
4,2021-01-26,56308,964293,28749,523997,27559,440296,0,0,44187,630471,0.078439,12067,166527,0.020718,44245,796998,0.099158,8037679
4,2021-01-27,55090,1019383,26572,550569,28518,468814,0,0,44257,664019,0.082613,10762,177289,0.022057,44310,841308,0.104671,8037679
4,2021-01-28,56134,1075517,25375,575944,30759,499573,0,0,46269,700552,0.087158,9777,187066,0.023274,46310,887618,0.110432,8037679
4,2021-01-29,56093,1131610,27011,602955,29082,528655,0,0,45834,736296,0.091606,10119,197185,0.024533,45863,933481,0.116138,8037679
4,2021-01-30,37531,1169141,17109,620064,20422,549077,0,0,32244,763322,0.094968,5242,202427,0.025185,32268,965749,0.120153,8037679
4,2021-01-31,23780,1192921,12487,632551,11293,560370,0,0,22189,783952,0.097535,1574,204001,0.025381,22204,987953,0.122915,8037679
4,2021-02-01,49630,1242551,24104,656655,25526,585896,0,0,38061,810519,0.10084,11531,215532,0.026815,38098,1026051,0.127655,8037679
4,2021-02-02,54856,1297407,25324,681979,29532,615428,0,0,42159,840084,0.104518,12636,228168,0.028387,42201,1068252,0.132906,8037679
4,2021-02-03,61732,1359139,30325,712304,31407,646835,0,0,47557,873632,0.108692,14064,242232,0.030137,47612,1115864,0.138829,8037679
4,2021-02-04,67261,1426400,31345,743649,35916,682751,0,0,50643,907912,0.112957,16469,258701,0.032186,50749,1166613,0.145143,8037679
4,2021-02-05,72732,1499132,33705,777354,39027,721778,0,0,50802,937158,0.116596,21688,280389,0.034884,50934,1217547,0.15148,8037679
4,2021-02-06,48067,1547199,26046,803400,22021,743799,0,0,36645,962613,0.119763,11390,291779,0.036301,36845,1254392,0.156064,8037679
4,2021-02-07,26323,1573522,17380,820780,8943,752742,0,0,19938,976428,0.121481,6359,298138,0.037093,20174,1274566,0.158574,8037679
4,2021-02-08,58199,1631721,29911,850691,28288,781030,0,0,37910,994430,0.123721,20165,318303,0.039601,38167,1312733,0.163322,8037679
4,2021-02-09,66919,1698640,34098,884789,32821,813851,0,0,39311,1006602,0.125235,27540,345843,0.043028,39712,1352445,0.168263,8037679
4,2021-02-10,76865,1775505,38452,923241,38413,852264,0,0,40860,1012225,0.125935,35778,381621,0.047479,41401,1393846,0.173414,8037679
4,2021-02-11,80712,1856217,42109,965350,38603,890867,0,0,41764,1015918,0.126394,38733,420354,0.052298,42426,1436272,0.178692,8037679
4,2021-02-12,83828,1940045,37571,1002921,46257,937124,0,0,43254,1019564,0.126848,40393,460747,0.057323,44039,1480311,0.184171,8037679
4,2021-02-13,58402,1998447,29626,1032547,28776,965900,0,0,29826,1021830,0.12713,28457,489204,0.060864,30723,1511034,0.187994,8037679
4,2021-02-14,36581,2035028,18973,1051520,17608,983508,0,0,18828,1023610,0.127351,17705,506909,0.063067,19485,1530519,0.190418,8037679
4,2021-02-15,45908,2080936,21498,1073018,24410,1007918,0,0,23663,1026267,0.127682,22180,529089,0.065826,24837,1555356,0.193508,8037679
4,2021-02-16,79543,2160479,36411,1109429,43132,1051050,0,0,40639,1029312,0.128061,38809,567898,0.070654,41854,1597210,0.198715,8037679
4,2021-02-17,80918,2241397,38175,1147604,42743,1093793,0,0,38672,1027023,0.127776,42090,609988,0.075891,39801,1637011,0.203667,8037679
4,2021-02-18,82681,2324078,45495,1193099,37186,1130979,0,0,38324,1022612,0.127227,44209,654197,0.081391,39798,1676809,0.208619,8037679
4,2021-02-19,81717,2405795,51405,1244504,30312,1161291,0,0,41035,1023791,0.127374,40547,694744,0.086436,41726,1718535,0.21381,8037679
4,2021-02-20,48273,2454068,32237,1276741,16036,1177327,0,0,26438,1029131,0.128038,21784,716528,0.089146,27124,1745659,0.217184,8037679
4,2021-02-21,28793,2482861,23171,1299912,5622,1182949,0,0,13914,1028510,0.127961,14820,731348,0.09099,14199,1759858,0.218951,8037679
4,2021-02-22,52377,2535238,36088,1336000,16289,1199238,0,0,25504,1027674,0.127857,26787,758135,0.094323,25951,1785809,0.22218,8037679
4,2021-02-23,73147,2608385,40601,1376601,32546,1231784,0,0,32421,1021152,0.127046,40605,798740,0.099374,34083,1819892,0.22642,8037679
4,2021-02-24,87951,2696336,46404,1423005,41547,1273331,0,0,39976,1015499,0.126342,47777,846517,0.105319,42124,1862016,0.231661,8037679
4,2021-02-25,98204,2794540,51154,1474159,47050,1320381,0,0,47196,1014381,0.126203,50860,897377,0.111646,49742,1911758,0.23785,8037679
4,2021-02-26,104163,2898703,52541,1526700,51622,1372003,0,0,53924,1020619,0.126979,50022,947399,0.11787,56260,1968018,0.244849,8037679
4,2021-02-27,75634,2974337,41298,1567998,34330,1406333,6,6,40521,1027631,0.127852,34989,982388,0.122223,42001,2010019,0.250075,8037679
4,2021-02-28,45064,3019401,27946,1595944,17116,1423449,2,8,25108,1033796,0.128619,19825,1002213,0.124689,25990,2036009,0.253308,8037679
4,2021-03-01,75396,3094797,44291,1640235,31084,1454533,21,29,41723,1043263,0.129797,33458,1035671,0.128852,42925,2078934,0.258649,8037679
4,2021-03-02,84532,3179329,48726,1688961,35801,1490334,5,34,50277,1061218,0.13203,34109,1069780,0.133096,52064,2130998,0.265126,8037679
4,2021-03-03,98925,3278254,52503,1741464,46410,1536744,12,46,55191,1074647,0.133701,43545,1113325,0.138513,56974,2187972,0.272214,8037679
4,2021-03-04,96159,3374413,53485,1794949,42658,1579402,16,62,52925,1086314,0.135153,43043,1156368,0.143868,54710,2242682,0.279021,8037679
4,2021-03-05,93816,3468229,50720,1845669,42784,1622186,312,374,55740,1106402,0.137652,37888,1194256,0.148582,57976,2300658,0.286234,8037679
4,2021-03-06,75711,3543940,42758,1888427,30350,1652536,2603,2977,46554,1127851,0.14032,29051,1223307,0.152197,50500,2351158,0.292517,8037679
4,2021-03-07,42385,3586325,27152,1915579,14071,1666607,1162,4139,25452,1138677,0.141667,16875,1240182,0.154296,27701,2378859,0.295963,8037679
4,2021-03-08,65932,3652257,34589,1950168,28174,1694781,3169,7308,43616,1164587,0.144891,22216,1262398,0.15706,48126,2426985,0.301951,8037679
4,2021-03-09,80738,3732995,41049,1991217,34587,1729368,5102,12410,43709,1177646,0.146516,36881,1299279,0.161649,49940,2476925,0.308164,8037679
4,2021-03-10,90334,3823329,46780,2037997,36149,1765517,7405,19815,45778,1187399,0.147729,44403,1343682,0.167173,54156,2531081,0.314902,8037679
4,2021-03-11,99989,3923318,52628,2090625,38999,1804516,8362,28177,46326,1189755,0.148022,53464,1397146,0.173825,55820,2586901,0.321847,8037679
4,2021-03-12,104044,4027362,51415,2142040,42380,1846896,10249,38426,44660,1186482,0.147615,59166,1456312,0.181186,55893,2642794,0.328801,8037679
4,2021-03-13,80450,4107812,37608,2179648,34464,1881360,8378,46804,37843,1191390,0.148226,42491,1498803,0.186472,47399,2690193,0.334698,8037679
4,2021-03-14,49441,4157253,28297,2207945,17538,1898898,3606,50410,23351,1192976,0.148423,26010,1524813,0.189708,27596,2717789,0.338131,8037679
4,2021-03-15,83435,4240688,44850,2252795,34361,1933259,4224,54634,42913,1200630,0.149375,40324,1565137,0.194725,47978,2765767,0.3441,8037679
4,2021-03-16,107069,4347757,55729,2308524,47958,1981217,3382,58016,57015,1211888,0.150776,49845,1614982,0.200926,61103,2826870,0.351702,8037679
4,2021-03-17,105696,4453453,56912,2365436,45358,2026575,3426,61442,62208,1234831,0.15363,43263,1658245,0.206309,66206,2893076,0.359939,8037679
4,2021-03-18,105904,4559357,58730,2424166,43533,2070108,3641,65083,60688,1254625,0.156093,44974,1703219,0.211904,64768,2957844,0.367997,8037679
4,2021-03-19,110339,4669696,63454,2487620,41729,2111837,5156,70239,63650,1277374,0.158923,46470,1749689,0.217686,69219,3027063,0.376609,8037679
4,2021-03-20,82918,4752614,48569,2536189,31369,2143206,2980,73219,51263,1300395,0.161787,31537,1781226,0.221609,54558,3081621,0.383397,8037679
4,2021-03-21,47783,4800397,34653,2570842,10870,2154076,2260,75479,29032,1313388,0.163404,18654,1799880,0.22393,31647,3113268,0.387334,8037679
4,2021-03-22,81512,4881909,53373,2624215,25439,2179515,2700,78179,51475,1338437,0.16652,29844,1829724,0.227643,54893,3168161,0.394164,8037679
4,2021-03-23,103702,4985611,61960,2686175,39602,2219117,2140,80319,62045,1361742,0.16942,41411,1871135,0.232795,64716,3232877,0.402215,8037679
4,2021-03-24,112803,5098414,72908,2759083,37519,2256636,2376,82695,64174,1380522,0.171756,48229,1919364,0.238796,67009,3299886,0.410552,8037679
4,2021-03-25,116206,5214620,71666,2830749,42182,2298818,2358,85053,67070,1401718,0.174393,48712,1968076,0.244856,69908,3369794,0.41925,8037679
4,2021-03-26,118944,5333564,72316,2903065,43606,2342424,3022,88075,65631,1417974,0.176416,53004,2021080,0.251451,69260,3439054,0.427867,8037679
4,2021-03-27,90816,5424380,53951,2957016,35081,2377505,1784,89859,46487,1422595,0.176991,44129,2065209,0.256941,48750,3487804,0.433932,8037679
4,2021-03-28,55431,5479811,36635,2993651,17929,2395434,867,90726,30037,1428556,0.177732,25263,2090472,0.260084,31224,3519028,0.437816,8037679
4,2021-03-29,92895,5572706,55894,3049545,34941,2430375,2060,92786,50898,1440272,0.17919,41795,2132267,0.265284,53511,3572539,0.444474,8037679
4,2021-03-30,116571,5689277,63702,3113247,48729,2479104,4140,96926,69394,1467270,0.182549,46984,2179251,0.271129,73982,3646521,0.453678,8037679
4,2021-03-31,120341,5809618,71214,3184461,42847,2521951,6280,103206,67987,1489702,0.18534,52066,2231317,0.277607,74498,3721019,0.462947,8037679
4,2021-04-01,141532,5951150,80952,3265413,47432,2569383,13148,116354,83781,1529455,0.190286,57423,2288740,0.284751,97176,3818195,0.475037,8037679
4,2021-04-02,135715,6086865,72678,3338091,49559,2618942,13478,129832,78684,1565239,0.194738,56777,2345517,0.291815,92561,3910756,0.486553,8037679
4,2021-04-03,100799,6187664,53879,3391970,33575,2652517,13345,143177,52709,1583662,0.19703,47922,2393439,0.297777,66345,3977101,0.494807,8037679
4,2021-04-04,46710,6234374,24659,3416629,14557,2667074,7494,150671,20486,1585556,0.197265,26138,2419577,0.301029,28032,4005133,0.498295,8037679
4,2021-04-05,108667,6343041,61255,3477884,34737,2701811,12675,163346,56896,1604135,0.199577,51594,2471171,0.307448,70173,4075306,0.507025,8037679
4,2021-04-06,137852,6480893,77739,3555623,40487,2742298,19626,182972,71799,1630400,0.202845,65851,2537022,0.315641,92116,4167422,0.518486,8037679
4,2021-04-07,136501,6617394,77531,3633154,38401,2780699,20569,203541,70913,1656891,0.20614,65379,2602401,0.323775,91870,4259292,0.529916,8037679
4,2021-04-08,138623,6756017,77509,3710663,35919,2816618,25195,228736,69087,1682577,0.209336,69295,2671696,0.332396,94981,4354273,0.541733,8037679
4,2021-04-09,136061,6892078,74751,3785414,38625,2855243,22685,251421,65084,1700651,0.211585,70792,2742488,0.341204,88866,4443139,0.552789,8037679
4,2021-04-10,101966,6994044,50514,3835928,32937,2888180,18515,269936,45972,1710401,0.212798,55814,2798302,0.348148,65564,4508703,0.560946,8037679
4,2021-04-11,61847,7055891,37694,3873622,13049,2901229,11104,281040,27117,1715062,0.213378,34647,2832949,0.352459,39308,4548011,0.565836,8037679
4,2021-04-12,101598,7157489,61777,3935399,29825,2931054,9996,291036,51312,1727558,0.214932,50033,2882982,0.358683,62529,4610540,0.573616,8037679
4,2021-04-13,128912,7286401,80870,4016269,47887,2978941,155,291191,77353,1754599,0.218297,51315,2934297,0.365068,78356,4688896,0.583364,8037679
4,2021-04-14,133854,7420255,85292,4101561,48489,3027430,73,291264,74526,1771330,0.220378,59066,2993363,0.372416,75797,4764693,0.592795,8037679
4,2021-04-15,154226,7574481,102775,4204336,51417,3078847,34,291298,95137,1808450,0.224997,58789,3052152,0.379731,95909,4860602,0.604727,8037679
4,2021-04-16,141635,7716116,89956,4294292,51604,3130451,75,291373,82810,1833427,0.228104,58605,3110757,0.387022,83582,4944184,0.615126,8037679
4,2021-04-17,99685,7815801,62950,4357242,36727,3167178,8,291381,58555,1852197,0.230439,40914,3151671,0.392112,59684,5003868,0.622551,8037679
4,2021-04-18,53845,7869646,35991,4393233,17851,3185029,3,291384,30657,1860706,0.231498,23091,3174762,0.394985,31600,5035468,0.626483,8037679
4,2021-04-19,100018,7969664,66108,4459341,33897,3218926,13,291397,51279,1864037,0.231912,48545,3223307,0.401025,51876,5087344,0.632937,8037679
4,2021-04-20,126982,8096646,74546,4533887,52428,3271354,8,291405,66700,1871749,0.232872,60033,3283340,0.408494,67745,5155089,0.641365,8037679
4,2021-04-21,126914,8223560,81467,4615354,45397,3316751,50,291455,64153,1874453,0.233208,62497,3345837,0.416269,65201,5220290,0.649477,8037679
4,2021-04-22,136800,8360360,90136,4705490,46646,3363397,18,291473,61347,1861748,0.231628,75156,3420993,0.42562,62451,5282741,0.657247,8037679
4,2021-04-23,130098,8490458,84113,4789603,45964,3409361,21,291494,56538,1846153,0.229687,73281,3494274,0.434737,57686,5340427,0.664424,8037679
4,2021-04-24,97001,8587459,65893,4855496,31057,3440418,51,291545,44667,1839816,0.228899,52094,3546368,0.441218,45757,5386184,0.670117,8037679
4,2021-04-25,49298,8636757,35048,4890544,14226,3454644,24,291569,26056,1843192,0.229319,23129,3569497,0.444095,26505,5412689,0.673414,8037679
4,2021-04-26,83387,8720144,55200,4945744,27813,3482457,374,291943,32921,1827522,0.227369,50232,3619729,0.450345,34562,5447251,0.677714,8037679
4,2021-04-27,105652,8825796,65025,5010769,38834,3521291,1793,293736,38334,1801322,0.22411,67056,3686785,0.458688,40856,5488107,0.682797,8037679
4,2021-04-28,99321,8925117,64497,5075266,32343,3553634,2481,296217,35589,1776510,0.221023,63500,3750285,0.466588,38688,5526795,0.687611,8037679
4,2021-04-29,100602,9025719,63713,5138979,34397,3588031,2492,298709,31506,1742246,0.21676,68830,3819115,0.475151,34566,5561361,0.691911,8037679
4,2021-04-30,101325,9127044,63750,5202729,34936,3622967,2639,301348,34507,1713499,0.213183,66505,3885620,0.483426,37758,5599119,0.696609,8037679
4,2021-05-01,68213,9195257,45479,5248208,20993,3643960,1741,303089,19852,1687522,0.209951,48191,3933811,0.489421,22214,5621333,0.699373,8037679
4,2021-05-02,37144,9232401,26319,5274527,9554,3653514,1271,304360,10506,1672895,0.208132,26541,3960352,0.492723,11914,5633247,0.700855,8037679
4,2021-05-03,77564,9309965,54264,5328791,20855,3674369,2445,306805,19083,1636480,0.203601,58280,4018632,0.499974,21865,5655112,0.703575,8037679
4,2021-05-04,97968,9407933,66529,5395320,28716,3703085,2723,309528,22237,1586316,0.19736,75483,4094115,0.509365,25319,5680431,0.706725,8037679
4,2021-05-05,98629,9506562,69203,5464523,26725,3729810,2701,312229,21481,1533902,0.190839,76872,4170987,0.518929,24458,5704889,0.709768,8037679
4,2021-05-06,108793,9615355,81414,5545937,24482,3754292,2897,315126,19399,1468310,0.182678,89001,4259988,0.530002,23409,5728298,0.712681,8037679
4,2021-05-07,102367,9717722,73482,5619419,26221,3780513,2664,317790,20244,1409807,0.1754,81810,4341798,0.540181,23307,5751605,0.71558,8037679
4,2021-05-08,65882,9783604,45071,5664490,18951,3799464,1860,319650,13126,1372561,0.170766,52562,4394360,0.54672,15316,5766921,0.717486,8037679
4,2021-05-09,33196,9816800,27071,5691561,5190,3804654,935,320585,7842,1356176,0.168727,25251,4419611,0.549862,8866,5775787,0.718589,8037679
4,2021-05-10,62294,9879094,41526,5733087,18502,3823156,2266,322851,10804,1318224,0.164006,51318,4470929,0.556246,13366,5789153,0.720252,8037679
4,2021-05-11,76566,9955660,46872,5779959,27683,3850839,2011,324862,14919,1274126,0.158519,61444,4532373,0.563891,17346,5806499,0.72241,8037679
4,2021-05-12,72675,10028335,47805,5827764,22622,3873461,2248,327110,15975,1236180,0.153798,56480,4588853,0.570918,18534,5825033,0.724716,8037679
4,2021-05-13,94944,10123279,69891,5897655,23640,3897101,1413,328523,36509,1216873,0.151396,58164,4647017,0.578154,38857,5863890,0.72955,8037679
4,2021-05-14,100934,10224213,71049,5968704,27798,3924899,2087,330610,39300,1197402,0.148974,61368,4708385,0.585789,41897,5905787,0.734763,8037679
4,2021-05-15,82582,10306795,63755,6032459,17534,3942433,1293,331903,36331,1189238,0.147958,46058,4754443,0.591519,37894,5943681,0.739477,8037679
4,2021-05-16,47048,10353843,38383,6070842,7977,3950410,688,332591,19123,1181374,0.146979,27803,4782246,0.594978,19939,5963620,0.741958,8037679
4,2021-05-17,68900,10422743,50331,6121173,16769,3967179,1800,334391,28702,1172069,0.145822,40026,4822272,0.599958,30721,5994341,0.74578,8037679
4,2021-05-18,79230,10501973,51467,6172640,26037,3993216,1726,336117,29757,1154767,0.143669,49137,4871409,0.606072,31835,6026176,0.749741,8037679
4,2021-05-19,74220,10576193,49970,6222610,22358,4015574,1892,338009,31676,1146290,0.142615,42312,4913721,0.611336,33835,6060011,0.75395,8037679
4,2021-05-20,56450,10632643,36416,6259026,18375,4033949,1659,339668,22175,1136282,0.141369,34073,4947794,0.615575,24065,6084076,0.756944,8037679
4,2021-05-21,61131,10693774,40856,6299882,18735,4052684,1540,341208,21887,1120867,0.139452,39027,4986821,0.62043,23612,6107688,0.759882,8037679
4,2021-05-22,39802,10733576,28499,6328381,10244,4062928,1059,342267,17624,1117619,0.139047,22065,5008886,0.623176,18817,6126505,0.762223,8037679
4,2021-05-23,15647,10749223,12070,6340451,3069,4065997,508,342775,6605,1115798,0.138821,8985,5017871,0.624294,7164,6133669,0.763114,8037679
4,2021-05-24,37488,10786711,23661,6364112,11014,4077011,2813,345588,13507,1108336,0.137893,23825,5041696,0.627258,16363,6150032,0.76515,8037679
4,2021-05-25,22084,10808795,13852,6377964,6302,4083313,1930,347518,6248,1100782,0.136953,15750,5057446,0.629217,8196,6158228,0.76617,8037679
