vemquartile,administered_date,total_doses,cumulative_total_doses,pfizer_doses,cumulative_pfizer_doses,moderna_doses,cumulative_moderna_doses,jj_doses,cumulative_jj_doses,partially_vaccinated,total_partially_vaccinated,pct_age12pop_partially_vaccinated,fully_vaccinated,cumulative_fully_vaccinated,pct_age12pop_fully_vaccinated,at_least_one_dose,cumulative_at_least_one_dose,pct_age12pop_at_least_one_dose,age12_population
1,2020-12-15,148,148,148,148,0,0,0,0,148,148,1.7e-05,0,0,0.0,148,148,1.7e-05,8700223
1,2020-12-16,1179,1327,1179,1327,0,0,0,0,1179,1327,0.000153,0,0,0.0,1179,1327,0.000153,8700223
1,2020-12-17,4132,5459,4132,5459,0,0,0,0,4133,5460,0.000628,0,0,0.0,4133,5460,0.000628,8700223
1,2020-12-18,6265,11724,6245,11704,20,20,0,0,6266,11726,0.001348,0,0,0.0,6266,11726,0.001348,8700223
1,2020-12-19,2867,14591,2866,14570,1,21,0,0,2865,14590,0.001677,1,1,0.0,2865,14591,0.001677,8700223
1,2020-12-20,2114,16705,2109,16679,5,26,0,0,2115,16705,0.00192,0,1,0.0,2115,16706,0.00192,8700223
1,2020-12-21,7628,24333,7615,24294,13,39,0,0,7680,24385,0.002803,1,2,0.0,7681,24387,0.002803,8700223
1,2020-12-22,7289,31622,6947,31241,342,381,0,0,7292,31676,0.003641,1,3,0.0,7292,31679,0.003641,8700223
1,2020-12-23,7821,39443,6586,37827,1235,1616,0,0,7816,39492,0.004539,1,4,0.0,7817,39496,0.00454,8700223
1,2020-12-24,3300,42743,2361,40188,939,2555,0,0,3302,42794,0.004919,0,4,0.0,3302,42798,0.004919,8700223
1,2020-12-25,235,42978,151,40339,84,2639,0,0,235,43029,0.004946,0,4,0.0,235,43033,0.004946,8700223
1,2020-12-26,1360,44338,969,41308,391,3030,0,0,1359,44387,0.005102,1,5,1e-06,1359,44392,0.005102,8700223
1,2020-12-27,864,45202,530,41838,334,3364,0,0,864,45251,0.005201,0,5,1e-06,864,45256,0.005202,8700223
1,2020-12-28,7025,52227,4750,46588,2275,5639,0,0,7024,52275,0.006008,0,5,1e-06,7024,52280,0.006009,8700223
1,2020-12-29,8811,61038,4947,51535,3864,9503,0,0,8809,61083,0.007021,1,6,1e-06,8809,61089,0.007022,8700223
1,2020-12-30,11569,72607,6439,57974,5130,14633,0,0,11569,72652,0.008351,0,6,1e-06,11569,72658,0.008351,8700223
1,2020-12-31,5932,78539,1953,59927,3979,18612,0,0,5931,78582,0.009032,2,8,1e-06,5932,78590,0.009033,8700223
1,2021-01-01,544,79083,186,60113,358,18970,0,0,544,79126,0.009095,0,8,1e-06,544,79134,0.009096,8700223
1,2021-01-02,2892,81975,1800,61913,1092,20062,0,0,2894,82020,0.009427,0,8,1e-06,2894,82028,0.009428,8700223
1,2021-01-03,1020,82995,593,62506,427,20489,0,0,1019,83038,0.009544,1,9,1e-06,1019,83047,0.009545,8700223
1,2021-01-04,7320,90315,3609,66115,3711,24200,0,0,7325,90362,0.010386,1,10,1e-06,7325,90372,0.010387,8700223
1,2021-01-05,10749,101064,5274,71389,5475,29675,0,0,9999,99649,0.011454,735,745,8.6e-05,10022,100394,0.011539,8700223
1,2021-01-06,13959,115023,7072,78461,6887,36562,0,0,12080,109896,0.012631,1842,2587,0.000297,12089,112483,0.012929,8700223
1,2021-01-07,17372,132395,9106,87567,8266,44828,0,0,12934,118499,0.01362,4340,6927,0.000796,12943,125426,0.014416,8700223
1,2021-01-08,20067,152462,10416,97983,9651,54479,0,0,14198,126848,0.01458,5854,12781,0.001469,14203,139629,0.016049,8700223
1,2021-01-09,6680,159142,3392,101375,3288,57767,0,0,4836,129862,0.014926,1828,14609,0.001679,4842,144471,0.016605,8700223
1,2021-01-10,3062,162204,1768,103143,1294,59061,0,0,1876,130569,0.015008,1170,15779,0.001814,1877,146348,0.016821,8700223
1,2021-01-11,18036,180240,11815,114958,6221,65282,0,0,11512,135622,0.015588,6497,22276,0.00256,11550,157898,0.018149,8700223
1,2021-01-12,18900,199140,10733,125691,8167,73449,0,0,12950,142699,0.016402,5909,28185,0.00324,12986,170884,0.019641,8700223
1,2021-01-13,19708,218848,10659,136350,9049,82498,0,0,14582,152195,0.017493,5102,33287,0.003826,14598,185482,0.021319,8700223
1,2021-01-14,21898,240746,9415,145765,12483,94981,0,0,19165,168730,0.019394,2675,35962,0.004133,19210,204692,0.023527,8700223
1,2021-01-15,25080,265826,9237,155002,15843,110824,0,0,23153,190054,0.021845,1878,37840,0.004349,23202,227894,0.026194,8700223
1,2021-01-16,13853,279679,4531,159533,9322,120146,0,0,12993,202191,0.02324,858,38698,0.004448,12995,240889,0.027688,8700223
1,2021-01-17,5180,284859,1991,161524,3189,123335,0,0,4813,206646,0.023752,363,39061,0.00449,4818,245707,0.028241,8700223
1,2021-01-18,14219,299078,8544,170068,5675,129010,0,0,11061,214608,0.024667,3146,42207,0.004851,11108,256815,0.029518,8700223
1,2021-01-19,24617,323695,12862,182930,11755,140765,0,0,19444,228945,0.026315,5159,47366,0.005444,19496,276311,0.031759,8700223
1,2021-01-20,28600,352295,14035,196965,14565,155330,0,0,22986,246407,0.028322,5561,52927,0.006083,23023,299334,0.034405,8700223
1,2021-01-21,30645,382940,14243,211208,16402,171732,0,0,27506,270913,0.031139,3081,56008,0.006438,27587,326921,0.037576,8700223
1,2021-01-22,28089,411029,11127,222335,16962,188694,0,0,26119,295130,0.033922,1929,57937,0.006659,26146,353067,0.040581,8700223
1,2021-01-23,18675,429704,8182,230517,10493,199187,0,0,16757,309994,0.035631,1904,59841,0.006878,16768,369835,0.042509,8700223
1,2021-01-24,6658,436362,4156,234673,2502,201689,0,0,6009,315365,0.036248,643,60484,0.006952,6014,375849,0.0432,8700223
1,2021-01-25,25143,461505,10399,245072,14744,216433,0,0,19507,329352,0.037856,5614,66098,0.007597,19601,395450,0.045453,8700223
1,2021-01-26,28435,489940,13313,258385,15122,231555,0,0,21882,344746,0.039625,6506,72604,0.008345,21900,417350,0.04797,8700223
1,2021-01-27,32186,522126,15324,273709,16862,248417,0,0,24250,361153,0.041511,7871,80475,0.00925,24278,441628,0.050761,8700223
1,2021-01-28,34511,556637,16167,289876,18344,266761,0,0,27734,382219,0.043932,6721,87196,0.010022,27787,469415,0.053954,8700223
1,2021-01-29,33300,589937,16307,306183,16993,283754,0,0,26876,402837,0.046302,6291,93487,0.010745,26909,496324,0.057047,8700223
1,2021-01-30,20127,610064,8745,314928,11382,295136,0,0,18039,418818,0.048139,2065,95552,0.010983,18046,514370,0.059121,8700223
1,2021-01-31,7538,617602,4931,319859,2607,297743,0,0,6897,425078,0.048858,640,96192,0.011056,6900,521270,0.059915,8700223
1,2021-02-01,28553,646155,12417,332276,16136,313879,0,0,20945,438465,0.050397,7567,103759,0.011926,20954,542224,0.062323,8700223
1,2021-02-02,31991,678146,11478,343754,20513,334392,0,0,24130,454831,0.052278,7797,111556,0.012822,24163,566387,0.0651,8700223
1,2021-02-03,39058,717204,14987,358741,24071,358463,0,0,28256,472457,0.054304,10674,122230,0.014049,28300,594687,0.068353,8700223
1,2021-02-04,43508,760712,16947,375688,26561,385024,0,0,31647,492397,0.056596,11756,133986,0.0154,31696,626383,0.071996,8700223
1,2021-02-05,46670,807382,17323,393011,29347,414371,0,0,30736,507374,0.058317,15815,149801,0.017218,30792,657175,0.075535,8700223
1,2021-02-06,26431,833813,10456,403467,15975,430346,0,0,20606,522210,0.060023,5788,155589,0.017883,20624,677799,0.077906,8700223
1,2021-02-07,6206,840019,3982,407449,2224,432570,0,0,4622,525283,0.060376,1567,157156,0.018063,4640,682439,0.078439,8700223
1,2021-02-08,31099,871118,14111,421560,16988,449558,0,0,20790,535920,0.061598,10247,167403,0.019241,20884,703323,0.08084,8700223
1,2021-02-09,38204,909322,16788,438348,21416,470974,0,0,23674,545088,0.062652,14580,181983,0.020917,23748,727071,0.083569,8700223
1,2021-02-10,46607,955929,21898,460246,24709,495683,0,0,26889,552420,0.063495,19637,201620,0.023174,26969,754040,0.086669,8700223
1,2021-02-11,51199,1007128,25129,485375,26070,521753,0,0,30856,563312,0.064747,20063,221683,0.02548,30955,784995,0.090227,8700223
1,2021-02-12,49358,1056486,21275,506650,28083,549836,0,0,28499,571187,0.065652,20762,242445,0.027867,28637,813632,0.093519,8700223
1,2021-02-13,26079,1082565,11339,517989,14740,564576,0,0,15149,575550,0.066153,10862,253307,0.029115,15225,828857,0.095268,8700223
1,2021-02-14,11592,1094157,5465,523454,6127,570703,0,0,6620,577292,0.066354,4946,258253,0.029683,6688,835545,0.096037,8700223
1,2021-02-15,23528,1117685,9251,532705,14277,584980,0,0,14365,582715,0.066977,9061,267314,0.030725,14484,850029,0.097702,8700223
1,2021-02-16,46377,1164062,22113,554818,24264,609244,0,0,27361,591241,0.067957,18949,286263,0.032903,27475,877504,0.10086,8700223
1,2021-02-17,47753,1211815,24077,578895,23676,632920,0,0,25969,595686,0.068468,21670,307933,0.035394,26115,903619,0.103862,8700223
1,2021-02-18,50174,1261989,24974,603869,25200,658120,0,0,26182,598289,0.068767,23797,331730,0.038129,26400,930019,0.106896,8700223
1,2021-02-19,45424,1307413,24577,628446,20847,678967,0,0,25768,604564,0.069488,19559,351289,0.040377,25834,955853,0.109865,8700223
1,2021-02-20,26816,1334229,16328,644774,10488,689455,0,0,15447,608761,0.069971,11330,362619,0.041679,15527,971380,0.11165,8700223
1,2021-02-21,11373,1345602,10138,654912,1235,690690,0,0,6804,611096,0.070239,4527,367146,0.0422,6862,978242,0.112439,8700223
1,2021-02-22,29895,1375497,19598,674510,10297,700987,0,0,17647,616651,0.070878,12195,379341,0.043601,17750,995992,0.114479,8700223
1,2021-02-23,42806,1418303,20882,695392,21924,722911,0,0,23999,622328,0.07153,18682,398023,0.045749,24359,1020351,0.117279,8700223
1,2021-02-24,52816,1471119,25564,720956,27252,750163,0,0,29666,629386,0.072341,23056,421079,0.048399,30114,1050465,0.12074,8700223
1,2021-02-25,64948,1536067,31557,752513,33391,783554,0,0,40753,646545,0.074314,24098,445177,0.051168,41257,1091722,0.125482,8700223
1,2021-02-26,72802,1608869,34153,786666,38649,822203,0,0,48057,670476,0.077064,24599,469776,0.053996,48530,1140252,0.13106,8700223
1,2021-02-27,49878,1658747,23014,809680,26857,849060,7,7,33231,687439,0.079014,16540,486316,0.055897,33503,1173755,0.134911,8700223
1,2021-02-28,19095,1677842,11369,821049,7725,856785,1,8,14108,696757,0.080085,4931,491247,0.056464,14249,1188004,0.136549,8700223
1,2021-03-01,43692,1721534,20091,841140,23576,880361,25,33,28374,710186,0.081628,15202,506449,0.058211,28631,1216635,0.13984,8700223
1,2021-03-02,61540,1783074,26790,867930,34745,915106,5,38,39714,728804,0.083768,21714,528163,0.060707,40332,1256967,0.144475,8700223
1,2021-03-03,68759,1851833,32547,900477,36196,951302,16,54,41893,744570,0.085581,26744,554907,0.063781,42510,1299477,0.149361,8700223
1,2021-03-04,77104,1928937,36140,936617,40931,992233,33,87,49687,767539,0.088221,27263,582170,0.066914,50232,1349709,0.155135,8700223
1,2021-03-05,76512,2005449,34693,971310,41616,1033849,203,290,51417,794895,0.091365,24897,607067,0.069776,52253,1401962,0.161141,8700223
1,2021-03-06,57033,2062482,27234,998544,28464,1062313,1335,1625,38883,817388,0.09395,18089,625156,0.071855,40582,1442544,0.165805,8700223
1,2021-03-07,20072,2082554,12804,1011348,6458,1068771,810,2435,15083,828572,0.095236,4971,630127,0.072427,16155,1458699,0.167662,8700223
1,2021-03-08,44086,2126640,21076,1032424,21143,1089914,1867,4302,30917,848601,0.097538,13095,643222,0.073932,33124,1491823,0.17147,8700223
1,2021-03-09,65533,2192173,31592,1064016,31470,1121384,2471,6773,40522,867033,0.099656,24907,668129,0.076794,43339,1535162,0.176451,8700223
1,2021-03-10,72283,2264456,36099,1100115,31818,1153202,4366,11139,44952,889523,0.102241,27201,695330,0.079921,49691,1584853,0.182162,8700223
1,2021-03-11,88692,2353148,40442,1140557,40323,1193525,7927,19066,52034,913516,0.104999,36436,731766,0.084109,60429,1645282,0.189108,8700223
1,2021-03-12,97249,2450397,42609,1183166,42307,1235832,12333,31399,57074,943446,0.108439,39996,771762,0.088706,69926,1715208,0.197145,8700223
1,2021-03-13,64609,2515006,29313,1212479,27536,1263368,7760,39159,41270,969635,0.111449,23234,794996,0.091377,49423,1764631,0.202826,8700223
1,2021-03-14,27525,2542531,14846,1227325,9112,1272480,3567,42726,15663,977256,0.112325,11812,806808,0.092734,19433,1784064,0.20506,8700223
1,2021-03-15,64301,2606832,28116,1255441,29514,1301994,6671,49397,38115,996372,0.114523,26021,832829,0.095725,45137,1829201,0.210248,8700223
1,2021-03-16,84702,2691534,38378,1293819,40777,1342771,5547,54944,52851,1023467,0.117637,31683,864512,0.099367,58778,1887979,0.217004,8700223
1,2021-03-17,91511,2783045,44131,1337950,40830,1383601,6550,61494,59024,1057091,0.121502,32327,896839,0.103082,65951,1953930,0.224584,8700223
1,2021-03-18,97436,2880481,50095,1388045,41732,1425333,5609,67103,59712,1085461,0.124762,37415,934254,0.107383,65785,2019715,0.232145,8700223
1,2021-03-19,102501,2982982,52982,1441027,43394,1468727,6125,73228,60866,1111545,0.127761,41387,975641,0.11214,67471,2087186,0.2399,8700223
1,2021-03-20,71896,3054878,36986,1478013,29674,1498401,5236,78464,46489,1138270,0.130832,25255,1000896,0.115043,51980,2139166,0.245875,8700223
1,2021-03-21,26870,3081748,18765,1496778,6301,1504702,1804,80268,17413,1148188,0.131972,9385,1010281,0.116121,19303,2158469,0.248094,8700223
1,2021-03-22,58521,3140269,30083,1526861,25168,1529870,3270,83538,39821,1173117,0.134838,18519,1028800,0.11825,43448,2201917,0.253087,8700223
1,2021-03-23,81953,3222222,41551,1568412,36798,1566668,3604,87142,51029,1197470,0.137637,30737,1059537,0.121783,55090,2257007,0.259419,8700223
1,2021-03-24,86910,3309132,43867,1612279,38703,1605371,4340,91482,52831,1220969,0.140338,33857,1093394,0.125674,57356,2314363,0.266012,8700223
1,2021-03-25,95478,3404610,48537,1660816,41151,1646522,5790,97272,53945,1239673,0.142487,41261,1134655,0.130417,59965,2374328,0.272904,8700223
1,2021-03-26,103505,3508115,50503,1711319,46710,1693232,6292,103564,56297,1255648,0.144324,46929,1181584,0.135811,62904,2437232,0.280134,8700223
1,2021-03-27,73440,3581555,38155,1749474,31112,1724344,4173,107737,38242,1263266,0.145199,35007,1216591,0.139834,42625,2479857,0.285034,8700223
1,2021-03-28,32405,3613960,21226,1770700,9975,1734319,1204,108941,16669,1265842,0.145495,15636,1232227,0.141632,18212,2498069,0.287127,8700223
1,2021-03-29,66170,3680130,33237,1803937,29836,1764155,3097,112038,36969,1277089,0.146788,29044,1261271,0.14497,40291,2538360,0.291758,8700223
1,2021-03-30,90634,3770764,44690,1848627,39669,1803824,6275,118313,47224,1287437,0.147977,43270,1304541,0.149943,53618,2591978,0.297921,8700223
1,2021-03-31,99472,3870236,52132,1900759,41423,1845247,5917,124230,55270,1304787,0.149972,43947,1348488,0.154995,61297,2653275,0.304966,8700223
1,2021-04-01,109862,3980098,52872,1953631,48607,1893854,8383,132613,56784,1317313,0.151411,52766,1401254,0.16106,65292,2718567,0.312471,8700223
1,2021-04-02,109493,4089591,50063,2003694,49870,1943724,9560,142173,56270,1330571,0.152935,52857,1454111,0.167135,66115,2784682,0.32007,8700223
1,2021-04-03,77296,4166887,38719,2042413,28986,1972710,9591,151764,36130,1335374,0.153487,41015,1495126,0.171849,45818,2830500,0.325336,8700223
1,2021-04-04,23644,4190531,11770,2054183,8418,1981128,3456,155220,9951,1335133,0.15346,13646,1508772,0.173418,13405,2843905,0.326877,8700223
1,2021-04-05,75368,4265899,36284,2090467,29984,2011112,9100,164320,34436,1338138,0.153805,40759,1549531,0.178102,43764,2887669,0.331907,8700223
1,2021-04-06,102501,4368400,48554,2139021,37465,2048577,16482,180802,46610,1345701,0.154674,55663,1605194,0.1845,63226,2950895,0.339175,8700223
1,2021-04-07,109843,4478243,53074,2192095,39412,2087989,17357,198159,50098,1353847,0.155611,59515,1664709,0.191341,67661,3018556,0.346952,8700223
1,2021-04-08,120546,4598789,56854,2248949,42969,2130958,20723,218882,53418,1361556,0.156497,66816,1731525,0.199021,74525,3093081,0.355517,8700223
1,2021-04-09,121245,4720034,55516,2304465,45336,2176294,20393,239275,53726,1368877,0.157338,67218,1798743,0.206747,74539,3167620,0.364085,8700223
1,2021-04-10,94511,4814545,42099,2346564,29916,2206210,22496,261771,36997,1371210,0.157606,57355,1856098,0.213339,59688,3227308,0.370945,8700223
1,2021-04-11,35859,4850404,20023,2366587,9279,2215489,6557,268328,14624,1371356,0.157623,21192,1877290,0.215775,21338,3248646,0.373398,8700223
1,2021-04-12,72755,4923159,32308,2398895,30557,2246046,9890,278218,30930,1370804,0.15756,41598,1918888,0.220556,41046,3289692,0.378116,8700223
1,2021-04-13,95654,5018813,51151,2450046,44172,2290218,331,278549,51624,1379347,0.158542,43802,1962690,0.225591,52345,3342037,0.384132,8700223
1,2021-04-14,102597,5121410,52992,2503038,49537,2339755,68,278617,52256,1382055,0.158853,50026,2012716,0.231341,52734,3394771,0.390194,8700223
1,2021-04-15,104124,5225534,56464,2559502,47576,2387331,84,278701,55851,1390404,0.159812,47764,2060480,0.236831,56113,3450884,0.396643,8700223
1,2021-04-16,108407,5333941,55844,2615346,52474,2439805,89,278790,54459,1391604,0.15995,53535,2114015,0.242984,54735,3505619,0.402934,8700223
1,2021-04-17,81415,5415356,44233,2659579,37174,2476979,8,278798,45712,1401978,0.161143,35517,2149532,0.247066,45891,3551510,0.408209,8700223
1,2021-04-18,28645,5444001,19187,2678766,9451,2486430,7,278805,14487,1402589,0.161213,14090,2163622,0.248686,14701,3566211,0.409899,8700223
1,2021-04-19,64460,5508461,32828,2711594,31620,2518050,12,278817,29254,1397074,0.160579,34916,2198538,0.252699,29401,3595612,0.413278,8700223
1,2021-04-20,85502,5593963,42571,2754165,42912,2560962,19,278836,40626,1393308,0.160146,44619,2243157,0.257828,40853,3636465,0.417974,8700223
1,2021-04-21,91702,5685665,46849,2801014,44759,2605721,94,278930,41195,1384764,0.159164,50045,2293202,0.26358,41501,3677966,0.422744,8700223
1,2021-04-22,94034,5779699,48555,2849569,45463,2651184,16,278946,43324,1378029,0.15839,50301,2343503,0.269361,43566,3721532,0.427751,8700223
1,2021-04-23,97960,5877659,50271,2899840,47663,2698847,26,278972,46547,1373836,0.157908,50991,2394494,0.275222,46798,3768330,0.43313,8700223
1,2021-04-24,73106,5950765,46043,2945883,27049,2725896,14,278986,41258,1383663,0.159038,31707,2426201,0.278867,41534,3809864,0.437904,8700223
1,2021-04-25,26863,5977628,17130,2963013,9724,2735620,9,278995,15432,1387903,0.159525,11343,2437544,0.28017,15583,3825447,0.439695,8700223
1,2021-04-26,59997,6037625,32352,2995365,27282,2762902,363,279358,28111,1385079,0.1592,31634,2469178,0.283806,28810,3854257,0.443007,8700223
1,2021-04-27,75711,6113336,40556,3035921,34013,2796915,1142,280500,32547,1376198,0.15818,42911,2512089,0.288738,34030,3888287,0.446918,8700223
1,2021-04-28,77343,6190679,41028,3076949,34875,2831790,1440,281940,33701,1368193,0.15726,43377,2555466,0.293724,35372,3923659,0.450984,8700223
1,2021-04-29,80480,6271159,44214,3121163,34705,2866495,1561,283501,32501,1354726,0.155712,47697,2603163,0.299206,34230,3957889,0.454918,8700223
1,2021-04-30,88132,6359291,47951,3169114,38372,2904867,1809,285310,36602,1342051,0.154255,51256,2654419,0.305098,38581,3996470,0.459353,8700223
1,2021-05-01,61463,6420754,39873,3208987,20224,2925091,1366,286676,25838,1334045,0.153335,35441,2689860,0.309171,27435,4023905,0.462506,8700223
1,2021-05-02,23119,6443873,16353,3225340,6207,2931298,559,287235,9408,1330444,0.152921,13601,2703461,0.310735,10000,4033905,0.463655,8700223
1,2021-05-03,53922,6497795,30148,3255488,21999,2953297,1775,289010,19557,1317662,0.151452,34176,2737637,0.314663,21394,4055299,0.466114,8700223
1,2021-05-04,72228,6570023,41496,3296984,28714,2982011,2018,291028,26031,1299870,0.149407,45935,2783572,0.319943,28143,4083442,0.469349,8700223
1,2021-05-05,73699,6643722,42315,3339299,29155,3011166,2229,293257,25050,1278864,0.146992,48357,2831929,0.325501,27351,4110793,0.472493,8700223
1,2021-05-06,75609,6719331,45290,3384589,28165,3039331,2154,295411,23895,1253717,0.144102,51362,2883291,0.331404,26215,4137008,0.475506,8700223
1,2021-05-07,79214,6798545,45155,3429744,31916,3071247,2143,297554,26691,1230454,0.141428,52159,2935450,0.337399,28896,4165904,0.478827,8700223
1,2021-05-08,54017,6852562,33694,3463438,18788,3090035,1535,299089,18364,1215148,0.139669,35303,2970753,0.341457,19997,4185901,0.481126,8700223
1,2021-05-09,17616,6870178,12493,3475931,4652,3094687,471,299560,5445,1209042,0.138967,12058,2982811,0.342843,5952,4191853,0.48181,8700223
1,2021-05-10,41580,6911758,20857,3496788,18994,3113681,1729,301289,13927,1197432,0.137632,27366,3010177,0.345988,15756,4207609,0.483621,8700223
1,2021-05-11,58041,6969799,31122,3527910,24905,3138586,2014,303303,18927,1179609,0.135584,38890,3049067,0.350458,21067,4228676,0.486042,8700223
1,2021-05-12,57273,7027072,29966,3557876,25438,3164024,1869,305172,18872,1162285,0.133593,38141,3087208,0.354842,20817,4249493,0.488435,8700223
1,2021-05-13,59673,7086745,34639,3592515,23146,3187170,1888,307060,22558,1150254,0.13221,36772,3123980,0.359069,24741,4274234,0.491279,8700223
1,2021-05-14,73079,7159824,44102,3636617,26684,3213854,2293,309353,29751,1139597,0.130985,43020,3167000,0.364014,32363,4306597,0.494998,8700223
1,2021-05-15,62971,7222795,41658,3678275,19654,3233508,1659,311012,25164,1128927,0.129758,37583,3204583,0.368333,26913,4333510,0.498092,8700223
1,2021-05-16,23860,7246655,17405,3695680,5842,3239350,613,311625,9772,1125368,0.129349,13992,3218575,0.369942,10433,4343943,0.499291,8700223
1,2021-05-17,52838,7299493,32510,3728190,18642,3257992,1686,313311,23698,1121936,0.128955,28921,3247496,0.373266,25489,4369432,0.502221,8700223
1,2021-05-18,63175,7362668,38277,3766467,23134,3281126,1764,315075,28798,1118469,0.128556,34121,3281617,0.377188,30654,4400086,0.505744,8700223
1,2021-05-19,65123,7427791,39832,3806299,23395,3304521,1896,316971,30081,1115751,0.128244,34786,3316403,0.381186,32068,4432154,0.50943,8700223
1,2021-05-20,54373,7482164,31779,3838078,20588,3325109,2006,318977,23448,1110723,0.127666,30667,3347070,0.384711,25639,4457793,0.512377,8700223
1,2021-05-21,59671,7541835,36071,3874149,21882,3346991,1718,320695,25974,1105122,0.127022,33384,3380454,0.388548,27783,4485576,0.51557,8700223
1,2021-05-22,45939,7587774,30754,3904903,13624,3360615,1561,322256,21053,1103123,0.126792,24706,3405160,0.391388,22707,4508283,0.51818,8700223
1,2021-05-23,13871,7601645,10658,3915561,2716,3363331,497,322753,7226,1104291,0.126927,6576,3411736,0.392144,7744,4516027,0.51907,8700223
1,2021-05-24,41948,7643593,23300,3938861,16871,3380202,1777,324530,17772,1099955,0.126428,23966,3435702,0.394898,19630,4535657,0.521327,8700223
1,2021-05-25,49879,7693472,29115,3967976,19145,3399347,1619,326149,21663,1095347,0.125899,27986,3463688,0.398115,23378,4559035,0.524014,8700223
1,2021-05-26,46809,7740281,26746,3994722,18260,3417607,1803,327952,20481,1091628,0.125471,26065,3489753,0.401111,22346,4581381,0.526582,8700223
1,2021-05-27,45899,7786180,25924,4020646,18196,3435803,1779,329731,20466,1088805,0.125147,25181,3514934,0.404005,22358,4603739,0.529152,8700223
1,2021-05-28,50895,7837075,28475,4049121,20707,3456510,1713,331444,23148,1086290,0.124858,27500,3542434,0.407166,24985,4628724,0.532024,8700223
1,2021-05-29,28866,7865941,17729,4066850,10235,3466745,902,332346,13913,1086322,0.124861,14838,3557272,0.408871,14870,4643594,0.533733,8700223
1,2021-05-30,11305,7877246,7351,4074201,3470,3470215,484,332830,5550,1086668,0.124901,5715,3562987,0.409528,6061,4649655,0.534429,8700223
1,2021-05-31,5615,7882861,3225,4077426,2143,3472358,247,333077,1984,1085319,0.124746,3592,3566579,0.409941,2243,4651898,0.534687,8700223
1,2021-06-01,41002,7923863,22461,4099887,17165,3489523,1376,334453,16183,1078377,0.123948,24576,3591155,0.412766,17634,4669532,0.536714,8700223
1,2021-06-02,22015,7945878,13025,4112912,7968,3497491,1022,335475,8570,1074728,0.123529,13284,3604439,0.414293,9635,4679167,0.537822,8700223
2,2020-12-15,236,236,236,236,0,0,0,0,236,236,2.8e-05,0,0,0.0,236,236,2.8e-05,8407551
2,2020-12-16,2084,2320,2084,2320,0,0,0,0,2083,2319,0.000276,0,0,0.0,2083,2319,0.000276,8407551
2,2020-12-17,6712,9032,6712,9032,0,0,0,0,6713,9032,0.001074,0,0,0.0,6713,9032,0.001074,8407551
2,2020-12-18,10843,19875,10824,19856,19,19,0,0,10845,19877,0.002364,0,0,0.0,10845,19877,0.002364,8407551
2,2020-12-19,5584,25459,5578,25434,6,25,0,0,5586,25463,0.003029,0,0,0.0,5586,25463,0.003029,8407551
2,2020-12-20,4219,29678,4210,29644,9,34,0,0,4215,29678,0.00353,0,0,0.0,4215,29678,0.00353,8407551
2,2020-12-21,12769,42447,12745,42389,24,58,0,0,12723,42401,0.005043,0,0,0.0,12723,42401,0.005043,8407551
2,2020-12-22,12093,54540,11582,53971,511,569,0,0,12093,54494,0.006482,0,0,0.0,12093,54494,0.006482,8407551
2,2020-12-23,11726,66266,9518,63489,2208,2777,0,0,11729,66223,0.007877,1,1,0.0,11730,66224,0.007877,8407551
2,2020-12-24,5855,72121,3495,66984,2360,5137,0,0,5852,72075,0.008573,2,3,0.0,5854,72078,0.008573,8407551
2,2020-12-25,480,72601,403,67387,77,5214,0,0,481,72556,0.00863,0,3,0.0,481,72559,0.00863,8407551
2,2020-12-26,2576,75177,1672,69059,904,6118,0,0,2577,75133,0.008936,0,3,0.0,2577,75136,0.008937,8407551
2,2020-12-27,2225,77402,1206,70265,1019,7137,0,0,2223,77355,0.009201,1,4,0.0,2223,77359,0.009201,8407551
2,2020-12-28,10978,88380,7148,77413,3830,10967,0,0,10978,88332,0.010506,1,5,1e-06,10978,88337,0.010507,8407551
2,2020-12-29,12637,101017,7118,84531,5519,16486,0,0,12642,100974,0.01201,0,5,1e-06,12642,100979,0.012011,8407551
2,2020-12-30,15338,116355,8632,93163,6706,23192,0,0,15355,116328,0.013836,3,8,1e-06,15357,116336,0.013837,8407551
2,2020-12-31,7508,123863,2807,95970,4701,27893,0,0,7506,123833,0.014729,1,9,1e-06,7506,123842,0.01473,8407551
2,2021-01-01,1132,124995,542,96512,590,28483,0,0,1134,124966,0.014864,1,10,1e-06,1134,124976,0.014865,8407551
2,2021-01-02,4808,129803,2796,99308,2012,30495,0,0,4806,129772,0.015435,0,10,1e-06,4806,129782,0.015436,8407551
2,2021-01-03,1380,131183,841,100149,539,31034,0,0,1375,131144,0.015598,3,13,2e-06,1375,131157,0.0156,8407551
2,2021-01-04,11616,142799,5586,105735,6030,37064,0,0,11604,142744,0.016978,4,17,2e-06,11604,142761,0.01698,8407551
2,2021-01-05,13827,156626,6985,112720,6842,43906,0,0,12645,154244,0.018346,1176,1193,0.000142,12676,155437,0.018488,8407551
2,2021-01-06,18942,175568,10493,123213,8449,52355,0,0,15220,165799,0.01972,3674,4867,0.000579,15229,170666,0.020299,8407551
2,2021-01-07,22931,198499,12911,136124,10020,62375,0,0,15566,174005,0.020696,7382,12249,0.001457,15588,186254,0.022153,8407551
2,2021-01-08,26377,224876,16002,152126,10375,72750,0,0,16336,180359,0.021452,10008,22257,0.002647,16362,202616,0.024099,8407551
2,2021-01-09,9757,234633,5689,157815,4068,76818,0,0,6259,183105,0.021779,3519,25776,0.003066,6265,208881,0.024844,8407551
2,2021-01-10,5280,239913,2974,160789,2306,79124,0,0,3070,183947,0.021879,2232,28008,0.003331,3074,211955,0.02521,8407551
2,2021-01-11,25924,265837,17810,178599,8114,87238,0,0,14997,188039,0.022365,10961,38969,0.004635,15053,227008,0.027,8407551
2,2021-01-12,26093,291930,16242,194841,9851,97089,0,0,16630,195258,0.023224,9491,48460,0.005764,16710,243718,0.028988,8407551
2,2021-01-13,28462,320392,15102,209943,13360,110449,0,0,20555,207942,0.024733,7900,56360,0.006703,20584,264302,0.031436,8407551
2,2021-01-14,30105,350497,11438,221381,18667,129116,0,0,25911,229696,0.02732,4218,60578,0.007205,25972,290274,0.034525,8407551
2,2021-01-15,34976,385473,12767,234148,22209,151325,0,0,31739,258261,0.030718,3247,63825,0.007591,31812,322086,0.038309,8407551
2,2021-01-16,17556,403029,5602,239750,11954,163279,0,0,16248,273186,0.032493,1335,65160,0.00775,16260,338346,0.040243,8407551
2,2021-01-17,10613,413642,3585,243335,7028,170307,0,0,9908,282371,0.033585,731,65891,0.007837,9916,348262,0.041423,8407551
2,2021-01-18,19640,433282,10990,254325,8650,178957,0,0,14882,292533,0.034794,4775,70666,0.008405,14937,363199,0.043199,8407551
2,2021-01-19,32339,465621,16886,271211,15453,194410,0,0,24407,309122,0.036767,7936,78602,0.009349,24525,387724,0.046116,8407551
2,2021-01-20,36999,502620,18563,289774,18436,212846,0,0,28413,329061,0.039139,8566,87168,0.010368,28505,416229,0.049507,8407551
2,2021-01-21,40412,543032,17149,306923,23263,236109,0,0,36001,360834,0.042918,4387,91555,0.01089,36160,452389,0.053807,8407551
2,2021-01-22,39184,582216,16387,323310,22797,258906,0,0,35902,393477,0.0468,3283,94838,0.01128,35926,488315,0.058081,8407551
2,2021-01-23,23978,606194,10802,334112,13176,272082,0,0,21041,411634,0.04896,2914,97752,0.011627,21071,509386,0.060587,8407551
2,2021-01-24,12448,618642,6155,340267,6293,278375,0,0,11536,422282,0.050227,898,98650,0.011734,11546,520932,0.06196,8407551
2,2021-01-25,33735,652377,15606,355873,18129,296504,0,0,25014,438760,0.052186,8669,107319,0.012765,25147,546079,0.064951,8407551
2,2021-01-26,40125,692502,19805,375678,20320,316824,0,0,31183,461108,0.054845,8922,116241,0.013826,31270,577349,0.06867,8407551
2,2021-01-27,45499,738001,22880,398558,22619,339443,0,0,35504,486801,0.0579,9886,126127,0.015002,35579,612928,0.072902,8407551
2,2021-01-28,47977,785978,22700,421258,25277,364720,0,0,39428,517805,0.061588,8495,134622,0.016012,39499,652427,0.0776,8407551
2,2021-01-29,45496,831474,22271,443529,23225,387945,0,0,36973,546438,0.064994,8420,143042,0.017014,37053,689480,0.082007,8407551
2,2021-01-30,31391,862865,13739,457268,17652,405597,0,0,28088,571294,0.06795,3266,146308,0.017402,28122,717602,0.085352,8407551
2,2021-01-31,17396,880261,10495,467763,6901,412498,0,0,16242,586418,0.069749,1138,147446,0.017537,16262,733864,0.087286,8407551
2,2021-02-01,40918,921179,19863,487626,21055,433553,0,0,30248,606151,0.072096,10635,158081,0.018802,30368,764232,0.090898,8407551
2,2021-02-02,47493,968672,19382,507008,28111,461664,0,0,36225,631282,0.075085,11200,169281,0.020134,36331,800563,0.09522,8407551
2,2021-02-03,53921,1022593,24100,531108,29821,491485,0,0,39982,657556,0.07821,13842,183123,0.021781,40116,840679,0.099991,8407551
2,2021-02-04,55795,1078388,24214,555322,31581,523066,0,0,40896,683765,0.081327,14807,197930,0.023542,41016,881695,0.104869,8407551
2,2021-02-05,59500,1137888,26291,581613,33209,556275,0,0,40388,705440,0.083906,18940,216870,0.025795,40615,922310,0.1097,8407551
2,2021-02-06,38866,1176754,18178,599791,20688,576963,0,0,31249,729230,0.086735,7547,224417,0.026692,31337,953647,0.113427,8407551
2,2021-02-07,15950,1192704,10686,610477,5264,582227,0,0,12137,737647,0.087736,3791,228208,0.027143,12208,965855,0.114879,8407551
2,2021-02-08,43306,1236010,22387,632864,20919,603146,0,0,29902,754502,0.089741,13264,241472,0.028721,30119,995974,0.118462,8407551
2,2021-02-09,49240,1285250,23497,656361,25743,628889,0,0,30705,767269,0.09126,18280,259752,0.030895,31047,1027021,0.122155,8407551
2,2021-02-10,59342,1344592,28086,684447,31256,660145,0,0,34649,777877,0.092521,24419,284171,0.033799,35027,1062048,0.126321,8407551
2,2021-02-11,63885,1408477,29666,714113,34219,694364,0,0,36056,786878,0.093592,27568,311739,0.037078,36569,1098617,0.13067,8407551
2,2021-02-12,64853,1473330,28085,742198,36768,731132,0,0,34622,792228,0.094228,29957,341696,0.040642,35307,1133924,0.13487,8407551
2,2021-02-13,37490,1510820,15739,757937,21751,752883,0,0,21751,798704,0.094998,15661,357357,0.042504,22137,1156061,0.137503,8407551
2,2021-02-14,19917,1530737,9328,767265,10589,763472,0,0,11238,801672,0.095351,8639,365996,0.043532,11607,1167668,0.138883,8407551
2,2021-02-15,32981,1563718,14919,782184,18062,781534,0,0,18364,806416,0.095916,14504,380500,0.045257,19248,1186916,0.141173,8407551
2,2021-02-16,55915,1619633,27649,809833,28266,809800,0,0,29518,810338,0.096382,26311,406811,0.048386,30233,1217149,0.144769,8407551
2,2021-02-17,61207,1680840,31674,841507,29533,839333,0,0,30475,810973,0.096458,30677,437488,0.052035,31312,1248461,0.148493,8407551
2,2021-02-18,65737,1746577,33410,874917,32327,871660,0,0,32115,810868,0.096445,33414,470902,0.056009,33309,1281770,0.152455,8407551
2,2021-02-19,58816,1805393,32794,907711,26022,897682,0,0,29276,811403,0.096509,29396,500298,0.059506,29931,1311701,0.156015,8407551
2,2021-02-20,37034,1842427,24211,931922,12823,910505,0,0,20168,815480,0.096994,16788,517086,0.061503,20865,1332566,0.158496,8407551
2,2021-02-21,20654,1863081,17207,949129,3447,913952,0,0,9928,815585,0.097006,10658,527744,0.06277,10763,1343329,0.159776,8407551
2,2021-02-22,37320,1900401,25607,974736,11713,925665,0,0,17904,814917,0.096927,19331,547075,0.065069,18663,1361992,0.161996,8407551
2,2021-02-23,51446,1951847,26396,1001132,25050,950715,0,0,22685,810931,0.096453,28582,575657,0.068469,24596,1386588,0.164922,8407551
2,2021-02-24,68170,2020017,35152,1036284,33018,983733,0,0,31420,808142,0.096121,36610,612267,0.072823,33821,1420409,0.168944,8407551
2,2021-02-25,73679,2093696,34693,1070977,38986,1022719,0,0,37486,812475,0.096636,35989,648256,0.077104,40322,1460731,0.17374,8407551
2,2021-02-26,81843,2175539,34951,1105928,46892,1069611,0,0,44287,821665,0.097729,37309,685565,0.081542,46499,1507230,0.179271,8407551
2,2021-02-27,59900,2235439,27705,1133633,32189,1101800,6,6,32669,828633,0.098558,27041,712606,0.084758,34009,1541239,0.183316,8407551
2,2021-02-28,28976,2264415,17397,1151030,11578,1113378,1,7,16887,834349,0.099238,12003,724609,0.086186,17719,1558958,0.185424,8407551
2,2021-03-01,56046,2320461,29619,1180649,26401,1139779,26,33,30590,840943,0.100022,25225,749834,0.089186,31819,1590777,0.189208,8407551
2,2021-03-02,67525,2387986,32616,1213265,34904,1174683,5,38,38308,852522,0.1014,29093,778927,0.092646,40672,1631449,0.194046,8407551
2,2021-03-03,78837,2466823,38211,1251476,40615,1215298,11,49,44530,865494,0.102942,34142,813069,0.096707,47114,1678563,0.199649,8407551
2,2021-03-04,86807,2553630,42951,1294427,43828,1259126,28,77,50149,881598,0.104858,36474,849543,0.101045,52578,1731141,0.205903,8407551
2,2021-03-05,80301,2633931,38145,1332572,41855,1300981,301,378,49437,903036,0.107408,30684,880227,0.104695,52122,1783263,0.212103,8407551
2,2021-03-06,62342,2696273,30496,1363068,30164,1331145,1682,2060,38454,920834,0.109525,23788,904015,0.107524,41586,1824849,0.217049,8407551
2,2021-03-07,27506,2723779,16142,1379210,10399,1341544,965,3025,17744,930953,0.110728,9705,913720,0.108678,19824,1844673,0.219407,8407551
2,2021-03-08,49644,2773423,22870,1402080,24320,1365864,2454,5479,31481,948471,0.112812,18070,931790,0.110828,35588,1880261,0.22364,8407551
2,2021-03-09,69300,2842723,31765,1433845,33766,1399630,3769,9248,38722,961867,0.114405,30470,962260,0.114452,43866,1924127,0.228857,8407551
2,2021-03-10,77137,2919860,36684,1470529,33922,1433552,6531,15779,41209,975214,0.115993,35757,998017,0.118705,49104,1973231,0.234697,8407551
2,2021-03-11,92035,3011895,42489,1513018,41212,1474764,8334,24113,48438,990078,0.117761,43339,1041356,0.12386,58203,2031434,0.24162,8407551
2,2021-03-12,92958,3104853,38422,1551440,42570,1517334,11966,36079,46769,1004314,0.119454,45995,1087351,0.12933,60231,2091665,0.248784,8407551
2,2021-03-13,68257,3173110,28781,1580221,31574,1548908,7902,43981,37795,1021010,0.12144,30352,1117703,0.13294,47048,2138713,0.25438,8407551
2,2021-03-14,36505,3209615,18230,1598451,13758,1562666,4517,48498,18723,1027327,0.122191,17697,1135400,0.135045,24014,2162727,0.257236,8407551
2,2021-03-15,66784,3276399,30209,1628660,31590,1594256,4985,53483,37140,1041112,0.123831,29467,1164867,0.13855,43252,2205979,0.262381,8407551
2,2021-03-16,85668,3362067,37929,1666589,43762,1638018,3977,57460,52324,1065361,0.126715,33194,1198061,0.142498,57443,2263422,0.269213,8407551
2,2021-03-17,91713,3453780,43971,1710560,43621,1681639,4121,61581,58582,1096012,0.13036,32916,1230977,0.146413,63567,2326989,0.276774,8407551
2,2021-03-18,96950,3550730,46310,1756870,46178,1727817,4462,66043,59852,1124073,0.133698,36837,1267814,0.150795,64898,2391887,0.284493,8407551
2,2021-03-19,96719,3647449,45722,1802592,44893,1772710,6104,72147,58124,1150517,0.136843,38342,1306156,0.155355,64786,2456673,0.292198,8407551
2,2021-03-20,69279,3716728,33544,1836136,31826,1804536,3909,76056,45794,1177300,0.140029,23285,1329441,0.158125,50068,2506741,0.298154,8407551
2,2021-03-21,32955,3749683,21325,1857461,9661,1814197,1969,78025,20833,1188519,0.141363,12017,1341458,0.159554,23236,2529977,0.300917,8407551
2,2021-03-22,62237,3811920,34187,1891648,25415,1839612,2635,80660,41761,1213549,0.14434,20281,1361739,0.161966,45311,2575288,0.306307,8407551
2,2021-03-23,82990,3894910,44088,1935736,36014,1875626,2888,83548,52358,1239261,0.147399,30394,1392133,0.165581,56106,2631394,0.31298,8407551
2,2021-03-24,90933,3985843,49059,1984795,38736,1914362,3138,86686,54057,1260711,0.14995,36596,1428729,0.169934,58046,2689440,0.319884,8407551
2,2021-03-25,100559,4086402,50759,2035554,45923,1960285,3877,90563,57550,1280242,0.152273,42721,1471450,0.175015,62252,2751692,0.327288,8407551
2,2021-03-26,102677,4189079,51097,2086651,48114,2008399,3466,94029,56812,1296120,0.154161,45542,1516992,0.180432,61420,2813112,0.334594,8407551
2,2021-03-27,74898,4263977,37461,2124112,34137,2042536,3300,97329,38029,1301726,0.154828,36657,1553649,0.184792,42263,2855375,0.33962,8407551
2,2021-03-28,37400,4301377,23105,2147217,13492,2056028,803,98132,20494,1307000,0.155455,16797,1570446,0.18679,22071,2877446,0.342245,8407551
2,2021-03-29,70763,4372140,36151,2183368,32364,2088392,2248,100380,40736,1321041,0.157126,29869,1600315,0.190343,43910,2921356,0.347468,8407551
2,2021-03-30,91345,4463485,44825,2228193,42191,2130583,4329,104709,51695,1338236,0.159171,39468,1639783,0.195037,56663,2978019,0.354208,8407551
2,2021-03-31,100732,4564217,52019,2280212,43632,2174215,5081,109790,57876,1358981,0.161638,42602,1682385,0.200104,63347,3041366,0.361742,8407551
2,2021-04-01,116730,4680947,56483,2336695,51139,2225354,9108,118898,64085,1380333,0.164178,52338,1734723,0.206329,73690,3115056,0.370507,8407551
2,2021-04-02,111086,4792033,51314,2388009,49683,2275037,10089,128987,60184,1400575,0.166585,50578,1785301,0.212345,70820,3185876,0.37893,8407551
2,2021-04-03,76300,4868333,37427,2425436,29118,2304155,9755,138742,38043,1410722,0.167792,38078,1823379,0.216874,48225,3234101,0.384666,8407551
2,2021-04-04,28958,4897291,14883,2440319,10239,2314394,3836,142578,13130,1412002,0.167945,15748,1839127,0.218747,17028,3251129,0.386692,8407551
2,2021-04-05,78614,4975905,38617,2478936,31291,2345685,8706,151284,38413,1419899,0.168884,40062,1879189,0.223512,47959,3299088,0.392396,8407551
2,2021-04-06,103265,5079170,50292,2529228,38327,2384012,14646,165930,49281,1430599,0.170156,53759,1932948,0.229906,64459,3363547,0.400063,8407551
2,2021-04-07,109741,5188911,54824,2584052,38790,2422802,16127,182057,52089,1441923,0.171503,57401,1990349,0.236734,68725,3432272,0.408237,8407551
2,2021-04-08,118610,5307521,57136,2641188,42875,2465677,18599,200656,55380,1453932,0.172932,62957,2053306,0.244222,74966,3507238,0.417153,8407551
2,2021-04-09,118024,5425545,56867,2698055,43161,2508838,17996,218652,56076,1467623,0.17456,61639,2114945,0.251553,75330,3582568,0.426113,8407551
2,2021-04-10,86626,5512171,37551,2735606,30858,2539696,18217,236869,36063,1472473,0.175137,50338,2165283,0.25754,55188,3637756,0.432677,8407551
2,2021-04-11,44066,5556237,22817,2758423,12729,2552425,8520,245389,18059,1474045,0.175324,25886,2191169,0.260619,27458,3665214,0.435943,8407551
2,2021-04-12,79080,5635317,36828,2795251,32964,2585389,9288,254677,35568,1476704,0.17564,43282,2234451,0.265767,45941,3711155,0.441407,8407551
2,2021-04-13,100762,5736079,52238,2847489,48270,2633659,254,254931,55418,1488244,0.177013,45135,2279586,0.271136,56675,3767830,0.448148,8407551
2,2021-04-14,105262,5841341,55204,2902693,50008,2683667,50,254981,54246,1493315,0.177616,50773,2330359,0.277175,55844,3823674,0.45479,8407551
2,2021-04-15,111773,5953114,59551,2962244,52156,2735823,66,255047,58849,1500742,0.178499,52593,2382952,0.28343,60020,3883694,0.461929,8407551
2,2021-04-16,109079,6062193,56695,3018939,52334,2788157,50,255097,55658,1504238,0.178915,53140,2436092,0.28975,56636,3940330,0.468666,8407551
2,2021-04-17,81842,6144035,41582,3060521,40246,2828403,14,255111,46101,1515766,0.180286,35534,2471626,0.293977,47062,3987392,0.474263,8407551
2,2021-04-18,33941,6177976,20301,3080822,13635,2842038,5,255116,16301,1515596,0.180266,17532,2489158,0.296062,17362,4004754,0.476328,8407551
2,2021-04-19,73554,6251530,39702,3120524,33840,2875878,12,255128,33798,1510553,0.179666,39533,2528691,0.300764,34490,4039244,0.480431,8407551
2,2021-04-20,94808,6346338,47360,3167884,47423,2923301,25,255153,46355,1509562,0.179548,48166,2576857,0.306493,47175,4086419,0.486042,8407551
2,2021-04-21,99025,6445363,52671,3220555,46300,2969601,54,255207,47023,1505938,0.179117,51660,2628517,0.312638,48036,4134455,0.491755,8407551
2,2021-04-22,105306,6550669,53939,3274494,51347,3020948,20,255227,46338,1494617,0.177771,58639,2687156,0.319612,47318,4181773,0.497383,8407551
2,2021-04-23,104653,6655322,55197,3329691,49439,3070387,17,255244,48528,1488413,0.177033,55767,2742923,0.326245,49563,4231336,0.503278,8407551
2,2021-04-24,79157,6734479,46880,3376571,32239,3102626,38,255282,41482,1493583,0.177648,37382,2780305,0.330691,42552,4273888,0.508339,8407551
2,2021-04-25,36022,6770501,22328,3398899,13680,3116306,14,255296,19818,1497873,0.178158,16087,2796392,0.332605,20377,4294265,0.510763,8407551
2,2021-04-26,67989,6838490,37861,3436760,29838,3146144,290,255586,31151,1494120,0.177712,36613,2833005,0.33696,32860,4327125,0.514671,8407551
2,2021-04-27,82598,6921088,43493,3480253,37945,3184089,1160,256746,35502,1485177,0.176648,46819,2879824,0.342528,37876,4365001,0.519176,8407551
2,2021-04-28,85101,7006189,45084,3525337,38171,3222260,1846,258592,37348,1477804,0.175771,47493,2927317,0.348177,40120,4405121,0.523948,8407551
2,2021-04-29,87703,7093892,47269,3572606,38759,3261019,1675,260267,33718,1460147,0.173671,53688,2981005,0.354563,36031,4441152,0.528234,8407551
2,2021-04-30,91823,7185715,50602,3623208,39268,3300287,1953,262220,35583,1442490,0.171571,55883,3036888,0.36121,38226,4479378,0.53278,8407551
2,2021-05-01,61009,7246724,37265,3660473,22204,3322491,1540,263760,23955,1432033,0.170327,36817,3073705,0.365589,26360,4505738,0.535916,8407551
2,2021-05-02,29049,7275773,20138,3680611,7938,3330429,973,264733,11109,1426408,0.169658,17815,3091520,0.367708,12190,4517928,0.537366,8407551
2,2021-05-03,59316,7335089,35207,3715818,22082,3352511,2027,266760,19942,1409534,0.167651,39143,3130663,0.372363,22269,4540197,0.540014,8407551
2,2021-05-04,77606,7412695,46000,3761818,29255,3381766,2351,269111,25340,1385677,0.164813,51983,3182646,0.378546,28126,4568323,0.54336,8407551
2,2021-05-05,77833,7490528,46006,3807824,29503,3411269,2324,271435,24439,1359737,0.161728,53079,3235725,0.384859,27139,4595462,0.546587,8407551
2,2021-05-06,80120,7570648,48149,3855973,29089,3440358,2882,274317,24603,1332778,0.158522,55119,3290844,0.391415,28160,4623622,0.549937,8407551
2,2021-05-07,81130,7651778,46654,3902627,32069,3472427,2407,276724,25132,1305136,0.155234,55689,3346533,0.398039,28047,4651669,0.553273,8407551
2,2021-05-08,52922,7704700,31982,3934609,19291,3491718,1649,278373,16654,1288143,0.153213,36032,3382565,0.402325,19039,4670708,0.555537,8407551
2,2021-05-09,21174,7725874,15153,3949762,5280,3496998,741,279114,6361,1280786,0.152338,14693,3397258,0.404072,7336,4678044,0.55641,8407551
2,2021-05-10,48620,7774494,26338,3976100,20455,3517453,1827,280941,13960,1262770,0.150195,34443,3431701,0.408169,16427,4694471,0.558364,8407551
2,2021-05-11,62070,7836564,32892,4008992,27193,3544646,1985,282926,18759,1241138,0.147622,43057,3474758,0.41329,21425,4715896,0.560912,8407551
2,2021-05-12,60496,7897060,31823,4040815,26657,3571303,2016,284942,18131,1219560,0.145055,42124,3516882,0.4183,20546,4736442,0.563356,8407551
2,2021-05-13,64319,7961379,37244,4078059,25223,3596526,1852,286794,23549,1205149,0.143341,40527,3557409,0.423121,26116,4762558,0.566462,8407551
2,2021-05-14,76977,8038356,45995,4124054,28808,3625334,2174,288968,30044,1191430,0.14171,46626,3604035,0.428666,32907,4795465,0.570376,8407551
2,2021-05-15,64383,8102739,42304,4166358,20421,3645755,1658,290626,24966,1179259,0.140262,39197,3643232,0.433329,27026,4822491,0.57359,8407551
2,2021-05-16,30285,8133024,22482,4188840,6883,3652638,920,291546,12369,1174907,0.139744,17805,3661037,0.435446,13453,4835944,0.575191,8407551
2,2021-05-17,57006,8190030,36194,4225034,18896,3671534,1916,293462,23864,1168161,0.138942,32954,3693991,0.439366,26208,4862152,0.578308,8407551
2,2021-05-18,68841,8258871,40314,4265348,26582,3698116,1945,295407,28753,1159610,0.137925,39840,3733831,0.444104,31289,4893441,0.582029,8407551
2,2021-05-19,67620,8326491,40141,4305489,25527,3723643,1952,297359,28171,1151068,0.136909,39172,3773003,0.448764,30630,4924071,0.585672,8407551
2,2021-05-20,58477,8384968,33628,4339117,22852,3746495,1997,299356,23152,1141668,0.135791,35090,3808093,0.452937,25690,4949761,0.588728,8407551
2,2021-05-21,61431,8446399,36173,4375290,23309,3769804,1949,301305,24574,1132048,0.134647,36615,3844708,0.457292,26995,4976756,0.591939,8407551
2,2021-05-22,43818,8490217,27958,4403248,14274,3784078,1586,302891,18926,1128272,0.134197,24740,3869448,0.460235,20964,4997720,0.594432,8407551
2,2021-05-23,16864,8507081,12333,4415581,3934,3788012,597,303488,7718,1127594,0.134117,9077,3878525,0.461314,8399,5006119,0.595431,8407551
2,2021-05-24,43035,8550116,24214,4439795,17083,3805095,1738,305226,17042,1120945,0.133326,25794,3904319,0.464382,19145,5025264,0.597708,8407551
2,2021-05-25,49739,8599855,29200,4468995,18717,3823812,1822,307048,19648,1113143,0.132398,29818,3934137,0.467929,22016,5047280,0.600327,8407551
2,2021-05-26,47274,8647129,26690,4495685,19008,3842820,1576,308624,19176,1106416,0.131598,27823,3961960,0.471238,21096,5068376,0.602836,8407551
2,2021-05-27,45256,8692385,25691,4521376,17914,3860734,1651,310275,18657,1100810,0.130931,26401,3988361,0.474378,20795,5089171,0.60531,8407551
2,2021-05-28,48391,8740776,26890,4548266,19578,3880312,1923,312198,20490,1095985,0.130357,27676,4016037,0.47767,22851,5112022,0.608027,8407551
2,2021-05-29,27698,8768474,16694,4564960,10002,3890314,1002,313200,12891,1095369,0.130284,14677,4030714,0.479416,14061,5126083,0.6097,8407551
2,2021-05-30,12364,8780838,7992,4572952,3641,3893955,731,313931,5551,1094949,0.130234,6772,4037486,0.480221,6352,5132435,0.610455,8407551
2,2021-05-31,5797,8786635,3403,4576355,2100,3896055,294,314225,1850,1093229,0.130029,3916,4041402,0.480687,2196,5134631,0.610717,8407551
2,2021-06-01,40202,8826837,22409,4598764,16329,3912384,1464,315689,14392,1083862,0.128915,25574,4066976,0.483729,16207,5150838,0.612644,8407551
2,2021-06-02,19328,8846165,11620,4610384,6752,3919136,956,316645,7168,1080132,0.128472,12044,4079020,0.485161,8314,5159152,0.613633,8407551
3,2020-12-15,304,304,304,304,0,0,0,0,304,304,3.7e-05,0,0,0.0,304,304,3.7e-05,8129050
3,2020-12-16,2311,2615,2311,2615,0,0,0,0,2312,2616,0.000322,0,0,0.0,2312,2616,0.000322,8129050
3,2020-12-17,7661,10276,7661,10276,0,0,0,0,7661,10277,0.001264,0,0,0.0,7661,10277,0.001264,8129050
3,2020-12-18,13099,23375,13086,23362,13,13,0,0,13098,23375,0.002875,0,0,0.0,13098,23375,0.002875,8129050
3,2020-12-19,7191,30566,7180,30542,11,24,0,0,7255,30630,0.003768,0,0,0.0,7255,30630,0.003768,8129050
3,2020-12-20,5642,36208,5635,36177,7,31,0,0,5689,36318,0.004468,1,1,0.0,5689,36319,0.004468,8129050
3,2020-12-21,14335,50543,14310,50487,25,56,0,0,14398,50715,0.006239,1,2,0.0,14398,50717,0.006239,8129050
3,2020-12-22,14767,65310,14191,64678,576,632,0,0,14806,65521,0.00806,0,2,0.0,14806,65523,0.00806,8129050
3,2020-12-23,14799,80109,12199,76877,2600,3232,0,0,14824,80345,0.009884,1,3,0.0,14825,80348,0.009884,8129050
3,2020-12-24,6793,86902,4876,81753,1917,5149,0,0,6791,87135,0.010719,1,4,0.0,6791,87139,0.010719,8129050
3,2020-12-25,725,87627,669,82422,56,5205,0,0,724,87859,0.010808,0,4,0.0,724,87863,0.010809,8129050
3,2020-12-26,4617,92244,2992,85414,1625,6830,0,0,4615,92474,0.011376,0,4,0.0,4615,92478,0.011376,8129050
3,2020-12-27,2964,95208,1841,87255,1123,7953,0,0,2965,95439,0.01174,0,4,0.0,2965,95443,0.011741,8129050
3,2020-12-28,13543,108751,8662,95917,4881,12834,0,0,13571,109009,0.01341,1,5,1e-06,13571,109014,0.01341,8129050
3,2020-12-29,14918,123669,8419,104336,6499,19333,0,0,14945,123952,0.015248,2,7,1e-06,14945,123959,0.015249,8129050
3,2020-12-30,17950,141619,9988,114324,7962,27295,0,0,17937,141889,0.017455,1,8,1e-06,17938,141897,0.017456,8129050
3,2020-12-31,8380,149999,3215,117539,5165,32460,0,0,8379,150267,0.018485,1,9,1e-06,8379,150276,0.018486,8129050
3,2021-01-01,1233,151232,565,118104,668,33128,0,0,1230,151497,0.018636,0,9,1e-06,1230,151506,0.018638,8129050
3,2021-01-02,4939,156171,2463,120567,2476,35604,0,0,4939,156436,0.019244,0,9,1e-06,4939,156445,0.019245,8129050
3,2021-01-03,1599,157770,882,121449,717,36321,0,0,1590,158022,0.019439,4,13,2e-06,1590,158035,0.019441,8129050
3,2021-01-04,11965,169735,6012,127461,5953,42274,0,0,11938,169953,0.020907,7,20,2e-06,11938,169973,0.020909,8129050
3,2021-01-05,15619,185354,8160,135621,7459,49733,0,0,14018,182409,0.022439,1588,1608,0.000198,14044,184017,0.022637,8129050
3,2021-01-06,20478,205832,10838,146459,9640,59373,0,0,16066,194114,0.023879,4372,5980,0.000736,16077,200094,0.024615,8129050
3,2021-01-07,26389,232221,15101,161560,11288,70661,0,0,17181,202133,0.024866,9179,15159,0.001865,17198,217292,0.02673,8129050
3,2021-01-08,30305,262526,18524,180084,11781,82442,0,0,18111,208100,0.0256,12173,27332,0.003362,18140,235432,0.028962,8129050
3,2021-01-09,12325,274851,6990,187074,5335,87777,0,0,7839,211467,0.026014,4480,31812,0.003913,7847,243279,0.029927,8129050
3,2021-01-10,7161,282012,4517,191591,2644,90421,0,0,4022,212356,0.026123,3137,34949,0.004299,4026,247305,0.030422,8129050
3,2021-01-11,28881,310893,18917,210508,9964,100385,0,0,16327,216184,0.026594,12548,47497,0.005843,16376,263681,0.032437,8129050
3,2021-01-12,32169,343062,19267,229775,12902,113287,0,0,19774,223669,0.027515,12379,59876,0.007366,19864,283545,0.03488,8129050
3,2021-01-13,34298,377360,17935,247710,16363,129650,0,0,24201,237794,0.029252,10098,69974,0.008608,24223,307768,0.03786,8129050
3,2021-01-14,34460,411820,14177,261887,20283,149933,0,0,28590,260582,0.032056,5838,75812,0.009326,28626,336394,0.041382,8129050
3,2021-01-15,38636,450456,14356,276243,24280,174213,0,0,34032,290084,0.035685,4595,80407,0.009891,34097,370491,0.045576,8129050
3,2021-01-16,21719,472175,7578,283821,14141,188354,0,0,19410,307220,0.037793,2295,82702,0.010174,19431,389922,0.047966,8129050
3,2021-01-17,13051,485226,4402,288223,8649,197003,0,0,12027,318243,0.039149,1023,83725,0.010299,12046,401968,0.049448,8129050
3,2021-01-18,24631,509857,12855,301078,11776,208779,0,0,19109,331858,0.040824,5540,89265,0.010981,19155,421123,0.051805,8129050
3,2021-01-19,40789,550646,20842,321920,19947,228726,0,0,31762,354701,0.043634,9001,98266,0.012088,31844,452967,0.055722,8129050
3,2021-01-20,44860,595506,22077,343997,22783,251509,0,0,35589,381143,0.046887,9227,107493,0.013223,35669,488636,0.06011,8129050
3,2021-01-21,47429,642935,20538,364535,26891,278400,0,0,42013,417879,0.051406,5344,112837,0.013881,42080,530716,0.065286,8129050
3,2021-01-22,49375,692310,19689,384224,29686,308086,0,0,45263,459086,0.056475,4118,116955,0.014387,45325,576041,0.070862,8129050
3,2021-01-23,30045,722355,12746,396970,17299,325385,0,0,26782,482666,0.059375,3253,120208,0.014787,26833,602874,0.074163,8129050
3,2021-01-24,17604,739959,8475,405445,9129,334514,0,0,16456,498005,0.061262,1146,121354,0.014928,16485,619359,0.076191,8129050
3,2021-01-25,40560,780519,18124,423569,22436,356950,0,0,30676,518910,0.063834,9866,131220,0.016142,30771,650130,0.079976,8129050
3,2021-01-26,46752,827271,22379,445948,24373,381323,0,0,36760,545798,0.067142,9982,141202,0.01737,36870,687000,0.084512,8129050
3,2021-01-27,50965,878236,24327,470275,26638,407961,0,0,40477,575942,0.07085,10420,151622,0.018652,40564,727564,0.089502,8129050
3,2021-01-28,51368,929604,23857,494132,27511,435472,0,0,42528,609771,0.075011,8759,160381,0.019729,42588,770152,0.094741,8129050
3,2021-01-29,50388,979992,24277,518409,26111,461583,0,0,40874,641370,0.078899,9328,169709,0.020877,40927,811079,0.099775,8129050
3,2021-01-30,36801,1016793,17555,535964,19246,480829,0,0,32119,668940,0.08229,4630,174339,0.021446,32200,843279,0.103736,8129050
3,2021-01-31,22026,1038819,12632,548596,9394,490223,0,0,20696,688332,0.084676,1320,175659,0.021609,20712,863991,0.106284,8129050
3,2021-02-01,45507,1084326,20828,569424,24679,514902,0,0,34862,712673,0.08767,10604,186263,0.022913,34945,898936,0.110583,8129050
3,2021-02-02,53809,1138135,22403,591827,31406,546308,0,0,41521,742068,0.091286,12204,198467,0.024415,41599,940535,0.1157,8129050
3,2021-02-03,59643,1197778,26600,618427,33043,579351,0,0,44409,771530,0.09491,15076,213543,0.026269,44538,985073,0.121179,8129050
3,2021-02-04,63960,1261738,27801,646228,36159,615510,0,0,46982,801834,0.098638,16791,230334,0.028335,47095,1032168,0.126973,8129050
3,2021-02-05,69755,1331493,29677,675905,40078,655588,0,0,48301,829086,0.101991,21239,251573,0.030947,48491,1080659,0.132938,8129050
3,2021-02-06,43424,1374917,21133,697038,22291,677879,0,0,33734,853346,0.104975,9659,261232,0.032136,33919,1114578,0.13711,8129050
3,2021-02-07,19451,1394368,12326,709364,7125,685004,0,0,14987,864010,0.106287,4452,265684,0.032683,15116,1129694,0.13897,8129050
3,2021-02-08,50840,1445208,24546,733910,26294,711298,0,0,33392,880263,0.108286,17344,283028,0.034817,33597,1163291,0.143103,8129050
3,2021-02-09,58170,1503378,28326,762236,29844,741142,0,0,34196,891013,0.109609,23805,306833,0.037745,34555,1197846,0.147354,8129050
3,2021-02-10,67476,1570854,31386,793622,36090,777232,0,0,36669,897651,0.110425,30585,337418,0.041508,37223,1235069,0.151933,8129050
3,2021-02-11,70156,1641010,34633,828255,35523,812755,0,0,37639,903658,0.111164,32178,369596,0.045466,38185,1273254,0.15663,8129050
3,2021-02-12,74835,1715845,32427,860682,42408,855163,0,0,41447,912780,0.112286,33103,402699,0.049538,42225,1315479,0.161824,8129050
3,2021-02-13,44574,1760419,20259,880941,24315,879478,0,0,25752,920393,0.113223,18726,421425,0.051842,26339,1341818,0.165065,8129050
3,2021-02-14,27079,1787498,13509,894450,13570,893048,0,0,15165,924176,0.113688,11868,433293,0.053302,15651,1357469,0.16699,8129050
3,2021-02-15,39750,1827248,17126,911576,22624,915672,0,0,22065,929579,0.114353,17602,450895,0.055467,23005,1380474,0.16982,8129050
3,2021-02-16,69481,1896729,32871,944447,36610,952282,0,0,36225,933727,0.114863,33126,484021,0.059542,37274,1417748,0.174405,8129050
3,2021-02-17,71215,1967944,36031,980478,35184,987466,0,0,33987,931778,0.114623,37018,521039,0.064096,35069,1452817,0.178719,8129050
3,2021-02-18,76262,2044206,39823,1020301,36439,1023905,0,0,35418,927845,0.114139,40704,561743,0.069103,36771,1489588,0.183243,8129050
3,2021-02-19,67988,2112194,39194,1059495,28794,1052699,0,0,34478,929624,0.114358,33412,595155,0.073213,35191,1524779,0.187572,8129050
3,2021-02-20,41601,2153795,26363,1085858,15238,1067937,0,0,22099,932836,0.114753,19415,614570,0.075602,22627,1547406,0.190355,8129050
3,2021-02-21,22432,2176227,18666,1104524,3766,1071703,0,0,10746,932359,0.114695,11623,626193,0.077032,11146,1558552,0.191726,8129050
3,2021-02-22,44900,2221127,29276,1133800,15624,1087327,0,0,21295,930623,0.114481,23530,649723,0.079926,21794,1580346,0.194407,8129050
3,2021-02-23,60358,2281485,32982,1166782,27376,1114703,0,0,26712,925831,0.113892,33505,683228,0.084048,28713,1609059,0.197939,8129050
3,2021-02-24,76250,2357735,37329,1204111,38921,1153624,0,0,34073,920429,0.113227,42019,725247,0.089217,36617,1645676,0.202444,8129050
3,2021-02-25,85210,2442945,41408,1245519,43802,1197426,0,0,42703,923460,0.1136,42282,767529,0.094418,45313,1690989,0.208018,8129050
3,2021-02-26,95583,2538528,43560,1289079,52023,1249449,0,0,50840,932087,0.114661,44420,811949,0.099882,53047,1744036,0.214544,8129050
3,2021-02-27,67623,2606151,31138,1320217,36482,1285931,3,3,35929,937822,0.115367,31515,843464,0.103759,37250,1781286,0.219126,8129050
3,2021-02-28,37670,2643821,21898,1342115,15771,1301702,1,4,19538,940324,0.115675,17986,861450,0.105972,20488,1801774,0.221646,8129050
3,2021-03-01,65947,2709768,35077,1377192,30851,1332553,19,23,36926,949747,0.116834,28862,890312,0.109522,38285,1840059,0.226356,8129050
3,2021-03-02,77533,2787301,38409,1415601,39119,1371672,5,28,45516,965436,0.118764,31899,922211,0.113446,47588,1887647,0.23221,8129050
3,2021-03-03,87900,2875201,42031,1457632,45854,1417526,15,43,49181,978366,0.120354,38546,960757,0.118188,51476,1939123,0.238542,8129050
3,2021-03-04,92444,2967645,45464,1503096,46964,1464490,16,59,52692,993784,0.122251,39563,1000320,0.123055,54981,1994104,0.245306,8129050
3,2021-03-05,88958,3056603,43759,1546855,44909,1509399,290,349,54447,1016454,0.12504,34297,1034617,0.127274,56967,2051071,0.252314,8129050
3,2021-03-06,64793,3121396,32823,1579678,29824,1539223,2146,2495,37277,1029968,0.126702,27386,1062003,0.130643,40900,2091971,0.257345,8129050
3,2021-03-07,37311,3158707,22291,1601969,13886,1553109,1134,3629,21533,1038081,0.1277,15727,1077730,0.132578,23840,2115811,0.260278,8129050
3,2021-03-08,58601,3217308,28015,1629984,27750,1580859,2836,6465,37294,1058593,0.130223,21175,1098905,0.135182,41687,2157498,0.265406,8129050
3,2021-03-09,76076,3293384,35362,1665346,36370,1617229,4344,10809,41173,1070510,0.131689,34792,1133697,0.139462,46709,2204207,0.271152,8129050
3,2021-03-10,82199,3375583,41196,1706542,34954,1652183,6049,16858,43118,1082188,0.133126,38902,1172599,0.144248,50580,2254787,0.277374,8129050
3,2021-03-11,96247,3471830,47061,1753603,40656,1692839,8530,25388,47414,1090655,0.134168,48603,1221202,0.150227,57070,2311857,0.284394,8129050
3,2021-03-12,101404,3573234,45313,1798916,44242,1737081,11849,37237,46786,1096082,0.134835,54433,1275635,0.156923,59860,2371717,0.291758,8129050
3,2021-03-13,69439,3642673,29579,1828495,32658,1769739,7202,44439,36652,1108686,0.136386,32683,1308318,0.160944,45287,2417004,0.297329,8129050
3,2021-03-14,40700,3683373,21518,1850013,15634,1785373,3548,47987,20913,1114069,0.137048,19726,1328044,0.16337,25109,2442113,0.300418,8129050
3,2021-03-15,75029,3758402,35679,1885692,34826,1820199,4524,52511,39809,1124370,0.138315,35048,1363092,0.167682,45349,2487462,0.305997,8129050
3,2021-03-16,94444,3852846,43570,1929262,46578,1866777,4296,56807,53533,1142418,0.140535,40721,1403813,0.172691,58769,2546231,0.313226,8129050
3,2021-03-17,97226,3950072,47245,1976507,45526,1912303,4455,61262,59518,1169565,0.143875,37507,1441320,0.177305,64654,2610885,0.32118,8129050
3,2021-03-18,102335,4052407,52044,2028551,45886,1958189,4405,65667,59615,1191665,0.146593,42489,1483809,0.182532,64589,2675474,0.329125,8129050
3,2021-03-19,102358,4154765,54897,2083448,43044,2001233,4417,70084,58071,1210660,0.14893,44050,1527859,0.18795,63045,2738519,0.336881,8129050
3,2021-03-20,71141,4225906,36786,2120234,30766,2031999,3589,73673,44474,1232735,0.151646,26502,1554361,0.191211,48577,2787096,0.342856,8129050
3,2021-03-21,35796,4261702,24425,2144659,9877,2041876,1494,75167,23138,1245263,0.153187,12582,1566943,0.192758,25110,2812206,0.345945,8129050
3,2021-03-22,69862,4331564,41094,2185753,26262,2068138,2506,77673,45304,1269738,0.156198,24364,1591307,0.195756,48839,2861045,0.351953,8129050
3,2021-03-23,89069,4420633,49195,2234948,37360,2105498,2514,80187,55196,1294521,0.159246,33644,1624951,0.199894,58427,2919472,0.359141,8129050
3,2021-03-24,98068,4518701,56560,2291508,38647,2144145,2861,83048,56661,1313583,0.161591,41096,1666047,0.20495,60158,2979630,0.366541,8129050
3,2021-03-25,106663,4625364,59420,2350928,44322,2188467,2921,85969,60842,1332509,0.163919,45528,1711575,0.21055,64454,3044084,0.37447,8129050
3,2021-03-26,109829,4735193,59076,2410004,47505,2235972,3248,89217,57544,1342184,0.16511,52006,1763581,0.216948,61681,3105765,0.382058,8129050
3,2021-03-27,73891,4809084,37629,2447633,33726,2269698,2536,91753,36459,1344642,0.165412,37248,1800829,0.22153,39706,3145471,0.386942,8129050
3,2021-03-28,43893,4852977,27775,2475408,15312,2285010,806,92559,22761,1347712,0.16579,21031,1821860,0.224117,24101,3169572,0.389907,8129050
3,2021-03-29,80197,4933174,41989,2517397,36367,2321377,1841,94400,44625,1359646,0.167258,35359,1857219,0.228467,47293,3216865,0.395725,8129050
3,2021-03-30,99556,5032730,49010,2566407,46935,2368312,3611,98011,56193,1376941,0.169385,43139,1900358,0.233774,60434,3277299,0.403159,8129050
3,2021-03-31,104515,5137245,56526,2622933,43187,2411499,4802,102813,56458,1390706,0.171079,47881,1948239,0.239664,61646,3338945,0.410742,8129050
3,2021-04-01,122855,5260100,62279,2685212,50952,2462451,9624,112437,66888,1411953,0.173692,55668,2003907,0.246512,76915,3415860,0.420204,8129050
3,2021-04-02,117396,5377496,57398,2742610,49766,2512217,10232,122669,62427,1430467,0.17597,54732,2058639,0.253245,73246,3489106,0.429214,8129050
3,2021-04-03,75761,5453257,38750,2781360,27830,2540047,9181,131850,37926,1440225,0.17717,37719,2096358,0.257885,47477,3536583,0.435055,8129050
3,2021-04-04,32292,5485549,17266,2798626,10846,2550893,4180,136030,14243,1440722,0.177231,17982,2114340,0.260097,18479,3555062,0.437328,8129050
3,2021-04-05,88584,5574133,45076,2843702,34503,2585396,9005,145035,43612,1449441,0.178304,44790,2159130,0.265607,53509,3608571,0.443911,8129050
3,2021-04-06,112715,5686848,54947,2898649,42693,2628089,15075,160110,53323,1459525,0.179544,59154,2218284,0.272884,69238,3677809,0.452428,8129050
3,2021-04-07,115600,5802448,60112,2958761,39309,2667398,16179,176289,56286,1473336,0.181243,59105,2277389,0.280154,72916,3750725,0.461398,8129050
3,2021-04-08,120801,5923249,60442,3019203,40396,2707794,19963,196252,56398,1486551,0.182869,64151,2341540,0.288046,77366,3828091,0.470915,8129050
3,2021-04-09,117615,6040864,58812,3078015,39825,2747619,18978,215230,51934,1493130,0.183678,65481,2407021,0.296101,72060,3900151,0.479779,8129050
3,2021-04-10,83207,6124071,37792,3115807,30273,2777892,15142,230372,34090,1494389,0.183833,48973,2455994,0.302126,50232,3950383,0.485959,8129050
3,2021-04-11,44814,6168885,24098,3139905,12750,2790642,7966,238338,17120,1492807,0.183639,27615,2483609,0.305523,26033,3976416,0.489161,8129050
3,2021-04-12,83142,6252027,42092,3181997,32412,2823054,8638,246976,37995,1495625,0.183985,44959,2528568,0.311053,47777,4024193,0.495039,8129050
3,2021-04-13,104460,6356487,56654,3238651,47599,2870653,207,247183,55393,1503271,0.184926,48880,2577448,0.317066,56526,4080719,0.501992,8129050
3,2021-04-14,106177,6462664,58143,3296794,47941,2918594,93,247276,53213,1505343,0.185181,52721,2630169,0.323552,54793,4135512,0.508733,8129050
3,2021-04-15,117929,6580593,66464,3363258,51408,2970002,57,247333,63594,1515732,0.186459,54090,2684259,0.330206,64479,4199991,0.516664,8129050
3,2021-04-16,113837,6694430,63932,3427190,49815,3019817,90,247423,59679,1522296,0.187266,53916,2738175,0.336838,60480,4260471,0.524104,8129050
3,2021-04-17,78005,6772435,42591,3469781,35403,3055220,11,247434,43595,1532665,0.188542,34242,2772417,0.341051,44611,4305082,0.529592,8129050
3,2021-04-18,36911,6809346,21880,3491661,15028,3070248,3,247437,17402,1531555,0.188405,19429,2791846,0.343441,18319,4323401,0.531846,8129050
3,2021-04-19,77952,6887298,43649,3535310,34252,3104500,51,247488,35306,1524992,0.187598,42507,2834353,0.34867,35944,4359345,0.536267,8129050
3,2021-04-20,97870,6985168,50760,3586070,47097,3151597,13,247501,47790,1524004,0.187476,49882,2884235,0.354806,48894,4408239,0.542282,8129050
3,2021-04-21,100903,7086071,55672,3641742,45167,3196764,64,247565,47865,1520202,0.187009,52761,2936996,0.361296,48959,4457198,0.548305,8129050
3,2021-04-22,108733,7194804,60684,3702426,48028,3244792,21,247586,47017,1506785,0.185358,61442,2998438,0.368855,48025,4505223,0.554213,8129050
3,2021-04-23,103068,7297872,58449,3760875,44596,3289388,23,247609,45276,1495644,0.183988,57497,3055935,0.375928,46356,4551579,0.559915,8129050
3,2021-04-24,72807,7370679,45164,3806039,27585,3316973,58,247667,35633,1495453,0.183964,36939,3092874,0.380472,36748,4588327,0.564436,8129050
3,2021-04-25,36201,7406880,23377,3829416,12809,3329782,15,247682,18750,1497328,0.184195,17338,3110212,0.382605,19213,4607540,0.566799,8129050
3,2021-04-26,67391,7474271,38009,3867425,28999,3358781,383,248065,28722,1489288,0.183206,38465,3148677,0.387336,30425,4637965,0.570542,8129050
3,2021-04-27,85090,7559361,44617,3912042,39029,3397810,1444,249509,33993,1474653,0.181405,50839,3199516,0.39359,36204,4674169,0.574996,8129050
3,2021-04-28,83770,7643131,47230,3959272,34436,3432246,2104,251613,33987,1461759,0.179819,49552,3249068,0.399686,36658,4710827,0.579505,8129050
3,2021-04-29,85582,7728713,48548,4007820,34861,3467107,2173,253786,29901,1438906,0.177008,55422,3304490,0.406504,32569,4743396,0.583512,8129050
3,2021-04-30,88164,7816877,49544,4057364,36170,3503277,2450,256236,32772,1419450,0.174614,55155,3359645,0.413289,35699,4779095,0.587903,8129050
3,2021-05-01,54393,7871270,34361,4091725,18597,3521874,1435,257671,19635,1406407,0.17301,34611,3394256,0.417546,21568,4800663,0.590556,8129050
3,2021-05-02,26701,7897971,18212,4109937,7478,3529352,1011,258682,9825,1400531,0.172287,16827,3411083,0.419616,10951,4811614,0.591904,8129050
3,2021-05-03,58748,7956719,34507,4144444,21911,3551263,2330,261012,17258,1378978,0.169636,41339,3452422,0.424702,19786,4831400,0.594338,8129050
3,2021-05-04,75440,8032159,43182,4187626,29627,3580890,2631,263643,22083,1350882,0.16618,53108,3505530,0.431235,25012,4856412,0.597414,8129050
3,2021-05-05,76563,8108722,45746,4233372,28163,3609053,2654,266297,21258,1320042,0.162386,55035,3560565,0.438005,24195,4880607,0.600391,8129050
3,2021-05-06,81046,8189768,51098,4284470,27482,3636535,2466,268763,20293,1283016,0.157831,60371,3620936,0.445432,23345,4903952,0.603263,8129050
3,2021-05-07,80045,8269813,49655,4334125,27796,3664331,2594,271357,21456,1249088,0.153657,58289,3679225,0.452602,24361,4928313,0.606259,8129050
3,2021-05-08,50209,8320022,30993,4365118,17586,3681917,1630,272987,13454,1227991,0.151062,36457,3715682,0.457087,15360,4943673,0.608149,8129050
3,2021-05-09,20351,8340373,14721,4379839,4843,3686760,787,273774,5621,1219866,0.150063,14608,3730290,0.458884,6483,4950156,0.608946,8129050
3,2021-05-10,46616,8386989,24842,4404681,19892,3706652,1882,275656,11094,1197810,0.147349,35324,3765614,0.463229,13268,4963424,0.610579,8129050
3,2021-05-11,59992,8446981,32933,4437614,25013,3731665,2046,277702,15206,1170921,0.144042,44591,3810205,0.468715,17702,4981126,0.612756,8129050
3,2021-05-12,59647,8506628,33837,4471451,23641,3755306,2169,279871,15707,1145353,0.140896,43730,3853935,0.474094,18162,4999288,0.61499,8129050
3,2021-05-13,68007,8574635,42603,4514054,23622,3778928,1782,281653,24693,1129334,0.138926,43085,3897020,0.479394,27066,5026354,0.61832,8129050
3,2021-05-14,77939,8652574,49297,4563351,26544,3805472,2098,283751,30800,1115954,0.13728,46895,3943915,0.485163,33515,5059869,0.622443,8129050
3,2021-05-15,60566,8713140,41704,4605055,17675,3823147,1187,284938,25146,1107260,0.13621,35250,3979165,0.489499,26556,5086425,0.62571,8129050
3,2021-05-16,31376,8744516,23467,4628522,7225,3830372,684,285622,12661,1102074,0.135572,18622,3997787,0.49179,13436,5099861,0.627362,8129050
3,2021-05-17,56076,8800592,35809,4664331,18460,3848832,1807,287429,22066,1092422,0.134385,33771,4031558,0.495945,24119,5123980,0.630329,8129050
3,2021-05-18,63232,8863824,37544,4701875,23865,3872697,1823,289252,25117,1081884,0.133089,37867,4069425,0.500603,27329,5151309,0.633691,8129050
3,2021-05-19,62422,8926246,38162,4740037,22557,3895254,1703,290955,25721,1073115,0.13201,36476,4105901,0.50509,27707,5179016,0.6371,8129050
3,2021-05-20,51168,8977414,30113,4770150,19452,3914706,1603,292558,19429,1062920,0.130756,31517,4137418,0.508967,21322,5200338,0.639723,8129050
3,2021-05-21,54973,9032387,33636,4803786,19517,3934223,1820,294378,20351,1050941,0.129282,34389,4171807,0.513197,22410,5222748,0.64248,8129050
3,2021-05-22,36519,9068906,24558,4828344,10696,3944919,1265,295643,15873,1047747,0.128889,20507,4192314,0.51572,17313,5240061,0.644609,8129050
3,2021-05-23,14429,9083335,10825,4839169,3100,3948019,504,296147,6683,1047300,0.128834,7690,4200004,0.516666,7243,5247304,0.6455,8129050
3,2021-05-24,38039,9121374,22090,4861259,14253,3962272,1696,297843,14672,1040660,0.128017,23208,4223212,0.519521,16568,5263872,0.647538,8129050
3,2021-05-25,41757,9163131,23553,4884812,16576,3978848,1628,299471,15497,1031978,0.126949,26038,4249250,0.522724,17356,5281228,0.649673,8129050
3,2021-05-26,40574,9203705,22997,4907809,15917,3994765,1660,301131,15708,1024870,0.126075,24616,4273866,0.525752,17508,5298736,0.651827,8129050
3,2021-05-27,38306,9242011,21361,4929170,15242,4010007,1703,302834,15512,1019664,0.125435,22655,4296521,0.528539,17449,5316185,0.653974,8129050
3,2021-05-28,41470,9283481,23520,4952690,16277,4026284,1673,304507,17466,1015260,0.124893,23847,4320368,0.531473,19443,5335628,0.656366,8129050
3,2021-05-29,22487,9305968,13759,4966449,7930,4034214,798,305305,10726,1015246,0.124891,11655,4332023,0.532906,11641,5347269,0.657798,8129050
3,2021-05-30,10261,9316229,6699,4973148,2979,4037193,583,305888,4444,1014562,0.124807,5757,4337780,0.533615,5073,5352342,0.658422,8129050
3,2021-05-31,4524,9320753,2640,4975788,1659,4038852,225,306113,1473,1013256,0.124646,3029,4340809,0.533987,1723,5354065,0.658634,8129050
3,2021-06-01,33776,9354529,18726,4994514,13748,4052600,1302,307415,12220,1005571,0.123701,21402,4362211,0.53662,13717,5367782,0.660321,8129050
3,2021-06-02,14180,9368709,8131,5002645,5255,4057855,794,308209,5108,1002551,0.123329,8972,4371183,0.537724,5952,5373734,0.661053,8129050
4,2020-12-15,447,447,447,447,0,0,0,0,447,447,5.6e-05,0,0,0.0,447,447,5.6e-05,8037679
4,2020-12-16,2985,3432,2985,3432,0,0,0,0,2985,3432,0.000427,0,0,0.0,2985,3432,0.000427,8037679
4,2020-12-17,8552,11984,8552,11984,0,0,0,0,8552,11984,0.001491,0,0,0.0,8552,11984,0.001491,8037679
4,2020-12-18,15424,27408,15415,27399,9,9,0,0,15424,27408,0.00341,0,0,0.0,15424,27408,0.00341,8037679
4,2020-12-19,10246,37654,10238,37637,8,17,0,0,10181,37589,0.004677,0,0,0.0,10181,37589,0.004677,8037679
4,2020-12-20,7395,45049,7388,45025,7,24,0,0,7350,44939,0.005591,0,0,0.0,7350,44939,0.005591,8037679
4,2020-12-21,16415,61464,16392,61417,23,47,0,0,16349,61288,0.007625,0,0,0.0,16349,61288,0.007625,8037679
4,2020-12-22,17260,78724,16526,77943,734,781,0,0,17216,78504,0.009767,0,0,0.0,17216,78504,0.009767,8037679
4,2020-12-23,17129,95853,14431,92374,2698,3479,0,0,17101,95604,0.011894,1,1,0.0,17101,95605,0.011895,8037679
4,2020-12-24,8622,104475,6036,98410,2586,6065,0,0,8622,104226,0.012967,0,1,0.0,8622,104227,0.012967,8037679
4,2020-12-25,919,105394,814,99224,105,6170,0,0,919,105145,0.013082,0,1,0.0,919,105146,0.013082,8037679
4,2020-12-26,6228,111622,3878,103102,2350,8520,0,0,6228,111373,0.013856,0,1,0.0,6228,111374,0.013856,8037679
4,2020-12-27,3425,115047,1997,105099,1428,9948,0,0,3425,114798,0.014282,0,1,0.0,3425,114799,0.014283,8037679
4,2020-12-28,14982,130029,9259,114358,5723,15671,0,0,14952,129749,0.016143,1,2,0.0,14952,129751,0.016143,8037679
4,2020-12-29,15257,145286,8442,122800,6815,22486,0,0,15224,144973,0.018037,0,2,0.0,15224,144975,0.018037,8037679
4,2020-12-30,18858,164144,11034,133834,7824,30310,0,0,18846,163817,0.020381,2,4,0.0,18846,163821,0.020382,8037679
4,2020-12-31,8198,172342,3320,137154,4878,35188,0,0,8192,172006,0.0214,3,7,1e-06,8192,172013,0.021401,8037679
4,2021-01-01,1327,173669,573,137727,754,35942,0,0,1325,173329,0.021565,2,9,1e-06,1325,173338,0.021566,8037679
4,2021-01-02,5679,179348,3230,140957,2449,38391,0,0,5678,179006,0.022271,1,10,1e-06,5678,179016,0.022272,8037679
4,2021-01-03,2125,181473,1279,142236,846,39237,0,0,2111,181113,0.022533,4,14,2e-06,2111,181127,0.022535,8037679
4,2021-01-04,12973,194446,7086,149322,5887,45124,0,0,12925,194008,0.024137,30,44,5e-06,12925,194052,0.024143,8037679
4,2021-01-05,16808,211254,9998,159320,6810,51934,0,0,14777,206788,0.025727,2008,2052,0.000255,14788,208840,0.025983,8037679
4,2021-01-06,21484,232738,13178,172498,8306,60240,0,0,15620,216611,0.026949,5812,7864,0.000978,15635,224475,0.027928,8037679
4,2021-01-07,27794,260532,16957,189455,10837,71077,0,0,16993,222888,0.02773,10743,18607,0.002315,17020,241495,0.030045,8037679
4,2021-01-08,32656,293188,20951,210406,11705,82782,0,0,18502,227334,0.028284,14085,32692,0.004067,18531,260026,0.032351,8037679
4,2021-01-09,16180,309368,9573,219979,6607,89389,0,0,9434,230058,0.028622,6723,39415,0.004904,9447,269473,0.033526,8037679
4,2021-01-10,8719,318087,5663,225642,3056,92445,0,0,4118,229609,0.028567,4580,43995,0.005474,4131,273604,0.03404,8037679
4,2021-01-11,33303,351390,21829,247471,11474,103919,0,0,18794,233984,0.029111,14467,58462,0.007273,18842,292446,0.036384,8037679
4,2021-01-12,38281,389671,22044,269515,16237,120156,0,0,24260,244320,0.030397,13972,72434,0.009012,24308,316754,0.039409,8037679
4,2021-01-13,38477,428148,18942,288457,19535,139691,0,0,27270,260467,0.032406,11153,83587,0.010399,27300,344054,0.042805,8037679
4,2021-01-14,38985,467133,14898,303355,24087,163778,0,0,31936,285434,0.035512,7001,90588,0.01127,31968,376022,0.046782,8037679
4,2021-01-15,45123,512256,15613,318968,29510,193288,0,0,39609,319607,0.039764,5457,96045,0.011949,39630,415652,0.051713,8037679
4,2021-01-16,28541,540797,9333,328301,19208,212496,0,0,25432,341985,0.042548,3072,99117,0.012332,25450,441102,0.054879,8037679
4,2021-01-17,18970,559767,6659,334960,12311,224807,0,0,17460,357975,0.044537,1485,100602,0.012516,17475,458577,0.057053,8037679
4,2021-01-18,29390,589157,13611,348571,15779,240586,0,0,23425,375560,0.046725,5870,106472,0.013247,23455,482032,0.059972,8037679
4,2021-01-19,45983,635140,23124,371695,22859,263445,0,0,36668,403045,0.050144,9261,115733,0.014399,36746,518778,0.064543,8037679
4,2021-01-20,51644,686784,27370,399065,24274,287719,0,0,41262,434079,0.054006,10285,126018,0.015678,41319,560097,0.069684,8037679
4,2021-01-21,56333,743117,24887,423952,31446,319165,0,0,49943,477737,0.059437,6329,132347,0.016466,49987,610084,0.075903,8037679
4,2021-01-22,54884,798001,22051,446003,32833,351998,0,0,49801,522579,0.065016,4988,137335,0.017086,49830,659914,0.082103,8037679
4,2021-01-23,39397,837398,17393,463396,22004,374002,0,0,35108,553443,0.068856,4280,141615,0.017619,35144,695058,0.086475,8037679
4,2021-01-24,23907,861305,10487,473883,13420,387422,0,0,22037,573634,0.071368,1863,143478,0.017851,22054,717112,0.089219,8037679
4,2021-01-25,47812,909117,22072,495955,25740,413162,0,0,36758,599439,0.074579,11023,154501,0.019222,36828,753940,0.093801,8037679
4,2021-01-26,56356,965473,28767,524722,27589,440751,0,0,44245,631702,0.078593,12057,166558,0.020722,44320,798260,0.099315,8037679
4,2021-01-27,55734,1021207,26581,551303,29153,469904,0,0,44884,665870,0.082844,10778,177336,0.022063,44946,843206,0.104907,8037679
4,2021-01-28,56185,1077392,25386,576689,30799,500703,0,0,46323,702467,0.087397,9774,187110,0.023279,46371,889577,0.110676,8037679
4,2021-01-29,56140,1133532,27006,603695,29134,529837,0,0,45876,738255,0.091849,10124,197234,0.024539,45912,935489,0.116388,8037679
4,2021-01-30,37532,1171064,17099,620794,20433,550270,0,0,32236,765265,0.09521,5250,202484,0.025192,32260,967749,0.120402,8037679
4,2021-01-31,23779,1194843,12486,633280,11293,561563,0,0,22183,785885,0.097775,1579,204063,0.025388,22199,989948,0.123163,8037679
4,2021-02-01,49628,1244471,24072,657352,25556,587119,0,0,38088,812555,0.101093,11500,215563,0.026819,38170,1028118,0.127912,8037679
4,2021-02-02,54914,1299385,25338,682690,29576,616695,0,0,42222,842229,0.104785,12630,228193,0.02839,42304,1070422,0.133176,8037679
4,2021-02-03,61732,1361117,30307,712997,31425,648120,0,0,47572,875854,0.108969,14049,242242,0.030138,47674,1118096,0.139107,8037679
4,2021-02-04,67267,1428384,31335,744332,35932,684052,0,0,50699,910292,0.113253,16419,258661,0.032181,50857,1168953,0.145434,8037679
4,2021-02-05,72748,1501132,33705,778037,39043,723095,0,0,50818,939574,0.116896,21688,280349,0.034879,50970,1219923,0.151776,8037679
4,2021-02-06,48085,1549217,26056,804093,22029,745124,0,0,36667,965074,0.120069,11386,291735,0.036296,36886,1256809,0.156365,8037679
4,2021-02-07,26340,1575557,17390,821483,8950,754074,0,0,19956,978908,0.12179,6358,298093,0.037087,20192,1277001,0.158877,8037679
4,2021-02-08,58213,1633770,29917,851400,28296,782370,0,0,38062,997353,0.124085,20026,318119,0.039578,38471,1315472,0.163663,8037679
4,2021-02-09,66941,1700711,34108,885508,32833,815203,0,0,39325,1009538,0.125601,27548,345667,0.043006,39733,1355205,0.168607,8037679
4,2021-02-10,76908,1777619,38463,923971,38445,853648,0,0,40905,1015235,0.126309,35773,381440,0.047456,41470,1396675,0.173766,8037679
4,2021-02-11,80748,1858367,42122,966093,38626,892274,0,0,41783,1018947,0.126771,38748,420188,0.052277,42460,1439135,0.179049,8037679
4,2021-02-12,83889,1942256,37590,1003683,46299,938573,0,0,43299,1022644,0.127231,40403,460591,0.057304,44100,1483235,0.184535,8037679
4,2021-02-13,58419,2000675,29633,1033316,28786,967359,0,0,29858,1024985,0.127523,28440,489031,0.060842,30781,1514016,0.188365,8037679
4,2021-02-14,36597,2037272,18980,1052296,17617,984976,0,0,18850,1026817,0.12775,17698,506729,0.063044,19530,1533546,0.190795,8037679
4,2021-02-15,45915,2083187,21499,1073795,24416,1009392,0,0,23674,1029512,0.128086,22174,528903,0.065803,24869,1558415,0.193889,8037679
4,2021-02-16,79592,2162779,36428,1110223,43164,1052556,0,0,40662,1032570,0.128466,38834,567737,0.070634,41892,1600307,0.199101,8037679
4,2021-02-17,80982,2243761,38189,1148412,42793,1095349,0,0,38701,1030295,0.128183,42124,609861,0.075875,39849,1640156,0.204058,8037679
4,2021-02-18,82725,2326486,45515,1193927,37210,1132559,0,0,38361,1025945,0.127642,44213,654074,0.081376,39863,1680019,0.209018,8037679
4,2021-02-19,81757,2408243,51428,1245355,30329,1162888,0,0,41119,1027342,0.127816,40503,694577,0.086415,41900,1721919,0.214231,8037679
4,2021-02-20,48290,2456533,32245,1277600,16045,1178933,0,0,26473,1032776,0.128492,21765,716342,0.089123,27199,1749118,0.217615,8037679
4,2021-02-21,28815,2485348,23192,1300792,5623,1184556,0,0,13925,1032174,0.128417,14828,731170,0.090968,14226,1763344,0.219385,8037679
4,2021-02-22,52417,2537765,36105,1336897,16312,1200868,0,0,25543,1031437,0.128325,26787,757957,0.0943,26050,1789394,0.222626,8037679
4,2021-02-23,73196,2610961,40624,1377521,32572,1233440,0,0,32404,1024852,0.127506,40668,798625,0.09936,34083,1823477,0.226866,8037679
4,2021-02-24,88032,2698993,46420,1423941,41612,1275052,0,0,39898,1018995,0.126777,47932,846557,0.105324,42075,1865552,0.232101,8037679
4,2021-02-25,98280,2797273,51171,1475112,47109,1322161,0,0,47063,1017571,0.1266,51068,897625,0.111677,49644,1915196,0.238277,8037679
4,2021-02-26,104262,2901535,52563,1527675,51699,1373860,0,0,53668,1023217,0.127303,50376,948001,0.117945,56022,1971218,0.245247,8037679
4,2021-02-27,75967,2977502,41323,1568998,34638,1408498,6,6,40790,1030453,0.128203,35044,983045,0.122305,42280,2013498,0.250507,8037679
4,2021-02-28,45093,3022595,27959,1596957,17132,1425630,2,8,25121,1036621,0.12897,19840,1002885,0.124773,26008,2039506,0.253743,8037679
4,2021-03-01,75632,3098227,44352,1641309,31255,1456885,25,33,41892,1046229,0.130166,33513,1036398,0.128942,43121,2082627,0.259108,8037679
4,2021-03-02,84661,3182888,48750,1690059,35906,1492791,5,38,50328,1064174,0.132398,34184,1070582,0.133195,52129,2134756,0.265594,8037679
4,2021-03-03,99136,3282024,52607,1742666,46516,1539307,13,51,55311,1077646,0.134074,43632,1114214,0.138624,57104,2191860,0.272698,8037679
4,2021-03-04,96370,3378394,53577,1796243,42776,1582083,17,68,53066,1089396,0.135536,43112,1157326,0.143988,54862,2246722,0.279524,8037679
4,2021-03-05,94044,3472438,50822,1847065,42908,1624991,314,382,55902,1109607,0.138051,37949,1195275,0.148709,58160,2304882,0.28676,8037679
4,2021-03-06,75948,3548386,42853,1889918,30477,1655468,2618,3000,46737,1131210,0.140738,29103,1224378,0.15233,50706,2355588,0.293068,8037679
4,2021-03-07,42451,3590837,27170,1917088,14105,1669573,1176,4176,25504,1142097,0.142093,16888,1241266,0.154431,27775,2383363,0.296524,8037679
4,2021-03-08,66080,3656917,34612,1951700,28288,1697861,3180,7356,43722,1168087,0.145326,22255,1263521,0.1572,48245,2431608,0.302526,8037679
4,2021-03-09,80881,3737798,41073,1992773,34691,1732552,5117,12473,43800,1181212,0.146959,36930,1300451,0.161794,50055,2481663,0.308754,8037679
4,2021-03-10,90635,3828433,46823,2039596,36384,1768936,7428,19901,45925,1190986,0.148175,44555,1345006,0.167338,54329,2535992,0.315513,8037679
4,2021-03-11,100207,3928640,52678,2092274,39159,1808095,8370,28271,46477,1193453,0.148482,53523,1398529,0.173997,55990,2591982,0.322479,8037679
4,2021-03-12,104244,4032884,51475,2143749,42515,1850610,10254,38525,44799,1190313,0.148092,59224,1457753,0.181365,56084,2648066,0.329457,8037679
4,2021-03-13,80797,4113681,37666,2181415,34744,1885354,8387,46912,38160,1195545,0.148743,42520,1500273,0.186655,47752,2695818,0.335398,8037679
4,2021-03-14,49489,4163170,28319,2209734,17553,1902907,3617,50529,23395,1197191,0.148947,26013,1526286,0.189891,27659,2723477,0.338839,8037679
4,2021-03-15,83582,4246752,44896,2254630,34454,1937361,4232,54761,43034,1204974,0.149916,40343,1566629,0.194911,48126,2771603,0.344826,8037679
4,2021-03-16,107237,4353989,55771,2310401,48076,1985437,3390,58151,57122,1216297,0.151324,49905,1616534,0.20112,61228,2832831,0.352444,8037679
4,2021-03-17,105935,4459924,56990,2367391,45511,2030948,3434,61585,62373,1239350,0.154193,43336,1659870,0.206511,66389,2899220,0.360704,8037679
4,2021-03-18,106036,4565960,58784,2426175,43611,2074559,3641,65226,60779,1259212,0.156664,45011,1704881,0.212111,64873,2964093,0.368775,8037679
4,2021-03-19,110493,4676453,63505,2489680,41824,2116383,5164,70390,63777,1282095,0.159511,46491,1751372,0.217895,69374,3033467,0.377406,8037679
4,2021-03-20,83133,4759586,48752,2538432,31396,2147779,2985,73375,51453,1305294,0.162397,31560,1782932,0.221822,54759,3088226,0.384219,8037679
4,2021-03-21,47833,4807419,34685,2573117,10882,2158661,2266,75641,29068,1318328,0.164018,18665,1801597,0.224144,31699,3119925,0.388162,8037679
4,2021-03-22,81649,4889068,53427,2626544,25508,2184169,2714,78355,51560,1343435,0.167142,29890,1831487,0.227863,54997,3174922,0.395005,8037679
4,2021-03-23,103821,4992889,62057,2688601,39622,2223791,2142,80497,62127,1366809,0.17005,41445,1872932,0.233019,64819,3239741,0.403069,8037679
4,2021-03-24,112897,5105786,72973,2761574,37545,2261336,2379,82876,64191,1385558,0.172383,48304,1921236,0.239029,67053,3306794,0.411412,8037679
4,2021-03-25,116357,5222143,71726,2833300,42266,2303602,2365,85241,67129,1406769,0.175022,48799,1970035,0.2451,70010,3376804,0.420122,8037679
4,2021-03-26,119085,5341228,72404,2905704,43655,2347257,3026,88267,65673,1423015,0.177043,53097,2023132,0.251706,69343,3446147,0.428749,8037679
4,2021-03-27,91041,5432269,53996,2959700,35259,2382516,1786,90053,46508,1427496,0.177601,44328,2067460,0.257221,48809,3494956,0.434822,8037679
4,2021-03-28,55456,5487725,36652,2996352,17937,2400453,867,90920,30063,1433508,0.178349,25258,2092718,0.260363,31270,3526226,0.438712,8037679
4,2021-03-29,93080,5580805,55922,3052274,35085,2435538,2073,92993,50932,1445151,0.179797,41940,2134658,0.265581,53583,3579809,0.445378,8037679
4,2021-03-30,116668,5697473,63734,3116008,48792,2484330,4142,97135,69444,1472183,0.18316,47025,2181683,0.271432,74057,3653866,0.454592,8037679
4,2021-03-31,120472,5817945,71272,3187280,42906,2527236,6294,103429,68019,1494605,0.18595,52152,2233835,0.27792,74574,3728440,0.46387,8037679
4,2021-04-01,141791,5959736,81057,3268337,47567,2574803,13167,116596,83886,1534395,0.1909,57553,2291388,0.285081,97343,3825783,0.475981,8037679
4,2021-04-02,135939,6095675,72807,3341144,49634,2624437,13498,130094,78813,1570272,0.195364,56869,2348257,0.292156,92746,3918529,0.48752,8037679
4,2021-04-03,100891,6196566,53929,3395073,33607,2658044,13355,143449,52761,1588762,0.197664,47953,2396210,0.298122,66443,3984972,0.495786,8037679
4,2021-04-04,46739,6243305,24673,3419746,14570,2672614,7496,150945,20498,1590683,0.197903,26150,2422360,0.301376,28071,4013043,0.499279,8037679
4,2021-04-05,108841,6352146,61347,3481093,34775,2707389,12719,163664,56981,1609338,0.200224,51681,2474041,0.307805,70336,4083379,0.50803,8037679
4,2021-04-06,138160,6490306,77880,3558973,40618,2748007,19662,183326,71990,1635792,0.203515,65967,2540008,0.316013,92421,4175800,0.519528,8037679
4,2021-04-07,136721,6627027,77639,3636612,38472,2786479,20610,203936,71000,1662369,0.206822,65506,2605514,0.324162,92083,4267883,0.530985,8037679
4,2021-04-08,139174,6766201,77787,3714399,36103,2822582,25284,229220,69384,1688364,0.210056,69547,2675061,0.332815,95542,4363425,0.542871,8037679
4,2021-04-09,136870,6903071,75163,3789562,38910,2861492,22797,252017,65591,1706952,0.212369,71088,2746149,0.341659,89676,4453101,0.554028,8037679
4,2021-04-10,102709,7005780,50864,3840426,33117,2894609,18728,270745,46302,1717004,0.213619,56226,2802375,0.348655,66278,4519379,0.562274,8037679
4,2021-04-11,62087,7067867,37871,3878297,13087,2907696,11129,281874,27272,1721877,0.214226,34731,2837106,0.352976,39604,4558983,0.567201,8037679
4,2021-04-12,101907,7169774,61941,3940238,29912,2937608,10054,291928,51496,1734560,0.215804,50153,2887259,0.359216,62836,4621819,0.575019,8037679
4,2021-04-13,129140,7298914,81013,4021251,47971,2985579,156,292084,77544,1761865,0.219201,51348,2938607,0.365604,78653,4700472,0.584805,8037679
4,2021-04-14,134026,7432940,85383,4106634,48568,3034147,75,292159,74604,1778703,0.221296,59151,2997758,0.372963,75989,4776461,0.594259,8037679
4,2021-04-15,154344,7587284,102838,4209472,51470,3085617,36,292195,95253,1816018,0.225938,58786,3056544,0.380277,96101,4872562,0.606215,8037679
4,2021-04-16,141753,7729037,90005,4299477,51672,3137289,76,292271,82910,1841160,0.229066,58618,3115162,0.38757,83760,4956322,0.616636,8037679
4,2021-04-17,99800,7828837,63011,4362488,36780,3174069,9,292280,58688,1860150,0.231429,40891,3156053,0.392657,59881,5016203,0.624086,8037679
4,2021-04-18,53887,7882724,36029,4398517,17855,3191924,3,292283,30719,1868788,0.232503,23070,3179123,0.395527,31708,5047911,0.628031,8037679
4,2021-04-19,100070,7982794,66134,4464651,33922,3225846,14,292297,51356,1872293,0.23294,48513,3227636,0.401563,52018,5099929,0.634503,8037679
4,2021-04-20,127049,8109843,74587,4539238,52452,3278298,10,292307,66802,1880231,0.233927,59996,3287632,0.409028,67934,5167863,0.642955,8037679
4,2021-04-21,127056,8236899,81541,4620779,45464,3323762,51,292358,64307,1883186,0.234295,62474,3350106,0.4168,65429,5233292,0.651095,8037679
4,2021-04-22,136909,8373808,90199,4710978,46689,3370451,21,292379,61484,1870764,0.232749,75122,3425228,0.426146,62700,5295992,0.658896,8037679
4,2021-04-23,130263,8504071,84154,4795132,46087,3416538,22,292401,56664,1855355,0.230832,73313,3498541,0.435268,57904,5353896,0.6661,8037679
4,2021-04-24,97099,8601170,65935,4861067,31112,3447650,52,292453,44762,1849207,0.230067,52086,3550627,0.441748,45938,5399834,0.671815,8037679
4,2021-04-25,49329,8650499,35067,4896134,14238,3461888,24,292477,26111,1852722,0.230505,23103,3573730,0.444622,26618,5426452,0.675127,8037679
4,2021-04-26,83514,8734013,55251,4951385,27881,3489769,382,292859,32989,1837120,0.228563,50289,3624019,0.450879,34687,5461139,0.679442,8037679
4,2021-04-27,106186,8840199,65271,5016656,39069,3528838,1846,294705,38535,1810884,0.225299,67387,3691406,0.459263,41151,5502290,0.684562,8037679
4,2021-04-28,99483,8939682,64583,5081239,32416,3561254,2484,297189,35727,1786255,0.222235,63520,3754926,0.467165,38891,5541181,0.689401,8037679
4,2021-04-29,100767,9040449,63769,5145008,34492,3595746,2506,299695,31593,1752067,0.217982,68905,3823831,0.475738,34717,5575898,0.69372,8037679
4,2021-04-30,101479,9141928,63797,5208805,35028,3630774,2654,302349,34588,1723385,0.214413,66572,3890403,0.484021,37890,5613788,0.698434,8037679
4,2021-05-01,68341,9210269,45553,5254358,21041,3651815,1747,304096,19896,1697414,0.211182,48260,3938663,0.490025,22289,5636077,0.701207,8037679
4,2021-05-02,37329,9247598,26494,5280852,9562,3661377,1273,305369,10534,1682679,0.209349,26699,3965362,0.493347,11964,5648041,0.702696,8037679
4,2021-05-03,77696,9325294,54280,5335132,20967,3682344,2449,307818,19148,1646299,0.204823,58336,4023698,0.500604,21956,5669997,0.705427,8037679
4,2021-05-04,98047,9423341,66566,5401698,28745,3711089,2736,310554,22302,1596221,0.198592,75512,4099210,0.509999,25434,5695431,0.708591,8037679
4,2021-05-05,98854,9522195,69379,5471077,26763,3737852,2712,313266,21609,1543876,0.19208,76965,4176175,0.519575,24620,5720051,0.711655,8037679
4,2021-05-06,108892,9631087,81476,5552553,24509,3762361,2907,316173,19427,1478296,0.183921,89063,4265238,0.530655,23483,5743534,0.714576,8037679
4,2021-05-07,102508,9733595,73575,5626128,26264,3788625,2669,318842,20330,1419872,0.176652,81860,4347098,0.54084,23436,5766970,0.717492,8037679
4,2021-05-08,65952,9799547,45131,5671259,18959,3807584,1862,320704,13150,1382640,0.17202,52613,4399711,0.547386,15381,5782351,0.719406,8037679
4,2021-05-09,33226,9832773,27098,5698357,5192,3812776,936,321640,7857,1366270,0.169983,25267,4424978,0.550529,8897,5791248,0.720512,8037679
4,2021-05-10,62572,9895345,41545,5739902,18756,3831532,2271,323911,10843,1328153,0.165241,51556,4476534,0.556944,13439,5804687,0.722184,8037679
4,2021-05-11,76899,9972244,46943,5786845,27938,3859470,2018,325929,14992,1283910,0.159736,61703,4538237,0.56462,17460,5822147,0.724357,8037679
4,2021-05-12,73027,10045271,47912,5834757,22862,3882332,2253,328182,16070,1245834,0.154999,56729,4594966,0.571678,18653,5840800,0.726677,8037679
4,2021-05-13,95487,10140758,70111,5904868,23952,3906284,1424,329606,36722,1226462,0.152589,58486,4653452,0.578955,39114,5879914,0.731544,8037679
4,2021-05-14,101806,10242564,71728,5976596,27978,3934262,2100,331706,39979,1207528,0.150233,61560,4715012,0.586614,42626,5922540,0.736847,8037679
4,2021-05-15,83339,10325903,64403,6040999,17636,3951898,1300,333006,36834,1199657,0.149254,46308,4761320,0.592375,38437,5960977,0.741629,8037679
4,2021-05-16,48431,10374334,39204,6080203,8538,3960436,689,333695,19956,1192129,0.148318,28348,4789668,0.595902,20820,5981797,0.744219,8037679
4,2021-05-17,69650,10443984,50855,6131058,16967,3977403,1828,335523,28929,1182593,0.147131,40543,4830211,0.600946,31007,6012804,0.748077,8037679
4,2021-05-18,80165,10524149,52187,6183245,26236,4003639,1742,337265,30080,1165052,0.144949,49744,4879955,0.607135,32203,6045007,0.752084,8037679
4,2021-05-19,74945,10599094,50581,6233826,22446,4026085,1918,339183,32138,1156835,0.143926,42570,4922525,0.612431,34353,6079360,0.756358,8037679
4,2021-05-20,57224,10656318,36964,6270790,18579,4044664,1681,340864,22520,1146784,0.142676,34497,4957022,0.616723,24446,6103806,0.759399,8037679
4,2021-05-21,62044,10718362,41486,6312276,18988,4063652,1570,342434,22391,1131520,0.140777,39428,4996450,0.621628,24164,6127970,0.762405,8037679
4,2021-05-22,40381,10758743,28959,6341235,10351,4074003,1071,343505,17891,1128260,0.140371,22369,5018819,0.624411,19109,6147079,0.764783,8037679
4,2021-05-23,16021,10774764,12277,6353512,3225,4077228,519,344024,6789,1126471,0.140149,9159,5027978,0.625551,7370,6154449,0.7657,8037679
4,2021-05-24,41127,10815891,25829,6379341,12347,4089575,2951,346975,15133,1118944,0.139212,25822,5053800,0.628764,18295,6172744,0.767976,8037679
4,2021-05-25,43706,10859597,27074,6406415,13888,4103463,2744,349719,16323,1111062,0.138232,27190,5080990,0.632146,19308,6192052,0.770378,8037679
4,2021-05-26,43139,10902736,25782,6432197,14811,4118274,2546,352265,16014,1102856,0.137211,26954,5107944,0.6355,18748,6210800,0.772711,8037679
4,2021-05-27,37927,10940663,22713,6454910,12109,4130383,3105,355370,14982,1098343,0.136649,22780,5130724,0.638334,18267,6229067,0.774983,8037679
4,2021-05-28,42117,10982780,26819,6481729,13755,4144138,1543,356913,18618,1095422,0.136286,23305,5154029,0.641233,20384,6249451,0.777519,8037679
4,2021-05-29,22867,11005647,14848,6496577,7113,4151251,906,357819,10875,1095440,0.136288,11887,5165916,0.642712,11905,6261356,0.779001,8037679
4,2021-05-30,11735,11017382,8251,6504828,2972,4154223,512,358331,5038,1094422,0.136161,6645,5172561,0.643539,5627,6266983,0.779701,8037679
4,2021-05-31,3536,11020918,2275,6507103,1101,4155324,160,358491,1180,1093459,0.136042,2327,5174888,0.643829,1364,6268347,0.77987,8037679
4,2021-06-01,35118,11056036,20973,6528076,11791,4167115,2354,360845,12134,1085322,0.135029,22816,5197704,0.646667,14679,6283026,0.781697,8037679
4,2021-06-02,15133,11071169,9028,6537104,3940,4171055,2165,363010,4456,1081381,0.134539,10601,5208305,0.647986,6660,6289686,0.782525,8037679
