vemquartile,administered_date,total_doses,cumulative_total_doses,pfizer_doses,cumulative_pfizer_doses,moderna_doses,cumulative_moderna_doses,jj_doses,cumulative_jj_doses,partially_vaccinated,total_partially_vaccinated,pct_age16pop_partially_vaccinated,fully_vaccinated,cumulative_fully_vaccinated,pct_age16pop_fully_vaccinated,at_least_one_dose,cumulative_at_least_one_dose,pct_age16pop_at_least_one_dose,age16_population
1,2020-12-15,148,148,148,148,0,0,0,0,148,148,1.8e-05,0,0,0.0,148,148,1.8e-05,8051741
1,2020-12-16,1154,1302,1154,1302,0,0,0,0,1154,1302,0.000162,0,0,0.0,1154,1302,0.000162,8051741
1,2020-12-17,4108,5410,4108,5410,0,0,0,0,4109,5411,0.000672,0,0,0.0,4109,5411,0.000672,8051741
1,2020-12-18,6246,11656,6225,11635,21,21,0,0,6248,11659,0.001448,0,0,0.0,6248,11659,0.001448,8051741
1,2020-12-19,2865,14521,2864,14499,1,22,0,0,2863,14521,0.001803,1,1,0.0,2863,14522,0.001804,8051741
1,2020-12-20,2103,16624,2098,16597,5,27,0,0,2104,16625,0.002065,0,1,0.0,2104,16626,0.002065,8051741
1,2020-12-21,7599,24223,7588,24185,11,38,0,0,7650,24275,0.003015,0,1,0.0,7650,24276,0.003015,8051741
1,2020-12-22,7270,31493,6931,31116,339,377,0,0,7273,31547,0.003918,1,2,0.0,7273,31549,0.003918,8051741
1,2020-12-23,7776,39269,6557,37673,1219,1596,0,0,7771,39318,0.004883,0,2,0.0,7771,39320,0.004883,8051741
1,2020-12-24,3294,42563,2358,40031,936,2532,0,0,3296,42614,0.005293,0,2,0.0,3296,42616,0.005293,8051741
1,2020-12-25,232,42795,149,40180,83,2615,0,0,232,42846,0.005321,0,2,0.0,232,42848,0.005322,8051741
1,2020-12-26,1355,44150,966,41146,389,3004,0,0,1354,44199,0.005489,1,3,0.0,1354,44202,0.00549,8051741
1,2020-12-27,854,45004,527,41673,327,3331,0,0,854,45053,0.005595,0,3,0.0,854,45056,0.005596,8051741
1,2020-12-28,7003,52007,4742,46415,2261,5592,0,0,7002,52055,0.006465,0,3,0.0,7002,52058,0.006465,8051741
1,2020-12-29,8826,60833,4973,51388,3853,9445,0,0,8823,60877,0.007561,1,4,0.0,8823,60881,0.007561,8051741
1,2020-12-30,11581,72414,6471,57859,5110,14555,0,0,11581,72458,0.008999,0,4,0.0,11581,72462,0.009,8051741
1,2020-12-31,5924,78338,1951,59810,3973,18528,0,0,5923,78380,0.009735,1,5,1e-06,5923,78385,0.009735,8051741
1,2021-01-01,531,78869,179,59989,352,18880,0,0,531,78911,0.0098,0,5,1e-06,531,78916,0.009801,8051741
1,2021-01-02,2881,81750,1745,61734,1136,20016,0,0,2883,81794,0.010159,0,5,1e-06,2883,81799,0.010159,8051741
1,2021-01-03,1017,82767,543,62277,474,20490,0,0,1015,82808,0.010284,1,6,1e-06,1015,82814,0.010285,8051741
1,2021-01-04,7307,90074,3563,65840,3744,24234,0,0,7312,90119,0.011192,1,7,1e-06,7312,90126,0.011193,8051741
1,2021-01-05,10715,100789,5160,71000,5555,29789,0,0,9972,99383,0.012343,730,737,9.2e-05,9994,100120,0.012435,8051741
1,2021-01-06,13938,114727,7020,78020,6918,36707,0,0,12072,109633,0.013616,1828,2565,0.000319,12078,112198,0.013935,8051741
1,2021-01-07,17352,132079,9070,87090,8282,44989,0,0,12931,118248,0.014686,4323,6888,0.000855,12938,125136,0.015541,8051741
1,2021-01-08,20025,152104,10386,97476,9639,54628,0,0,14178,126600,0.015723,5831,12719,0.00158,14183,139319,0.017303,8051741
1,2021-01-09,6621,158725,3354,100830,3267,57895,0,0,4788,129574,0.016093,1818,14537,0.001805,4792,144111,0.017898,8051741
1,2021-01-10,3054,161779,1737,102567,1317,59212,0,0,1867,130271,0.016179,1171,15708,0.001951,1868,145979,0.01813,8051741
1,2021-01-11,17990,179769,11781,114348,6209,65421,0,0,11482,135308,0.016805,6482,22190,0.002756,11519,157498,0.019561,8051741
1,2021-01-12,18784,198553,10625,124973,8159,73580,0,0,12829,142257,0.017668,5914,28104,0.00349,12863,170361,0.021158,8051741
1,2021-01-13,19621,218174,10562,135535,9059,82639,0,0,14495,151662,0.018836,5103,33207,0.004124,14508,184869,0.02296,8051741
1,2021-01-14,21918,240092,9462,144997,12456,95095,0,0,19185,168215,0.020892,2674,35881,0.004456,19227,204096,0.025348,8051741
1,2021-01-15,25100,265192,9291,154288,15809,110904,0,0,23182,189575,0.023545,1868,37749,0.004688,23228,227324,0.028233,8051741
1,2021-01-16,13845,279037,4540,158828,9305,120209,0,0,13005,201744,0.025056,838,38587,0.004792,13007,240331,0.029848,8051741
1,2021-01-17,5167,284204,1987,160815,3180,123389,0,0,4801,206188,0.025608,362,38949,0.004837,4806,245137,0.030445,8051741
1,2021-01-18,14172,298376,8524,169339,5648,129037,0,0,11036,214142,0.026596,3124,42073,0.005225,11078,256215,0.031821,8051741
1,2021-01-19,24532,322908,12782,182121,11750,140787,0,0,19407,228488,0.028377,5110,47183,0.00586,19456,275671,0.034237,8051741
1,2021-01-20,28303,351211,13893,196014,14410,155197,0,0,22709,245690,0.030514,5541,52724,0.006548,22743,298414,0.037062,8051741
1,2021-01-21,30559,381770,14215,210229,16344,171541,0,0,27446,270146,0.033551,3059,55783,0.006928,27515,325929,0.040479,8051741
1,2021-01-22,28042,409812,11137,221366,16905,188446,0,0,26077,294325,0.036554,1924,57707,0.007167,26103,352032,0.043721,8051741
1,2021-01-23,18619,428431,8183,229549,10436,198882,0,0,16701,309132,0.038393,1906,59613,0.007404,16713,368745,0.045797,8051741
1,2021-01-24,6648,435079,4154,233703,2494,201376,0,0,5999,314492,0.039059,643,60256,0.007484,6003,374748,0.046542,8051741
1,2021-01-25,24757,459836,10256,243959,14501,215877,0,0,19316,328470,0.040795,5422,65678,0.008157,19400,394148,0.048952,8051741
1,2021-01-26,28282,488118,13305,257264,14977,230854,0,0,21803,343853,0.042705,6436,72114,0.008956,21819,415967,0.051662,8051741
1,2021-01-27,31450,519568,15330,272594,16120,246974,0,0,23599,359688,0.044672,7788,79902,0.009924,23623,439590,0.054596,8051741
1,2021-01-28,34291,553859,16027,288621,18264,265238,0,0,27595,380687,0.04728,6642,86544,0.010748,27641,467231,0.058029,8051741
1,2021-01-29,33208,587067,16312,304933,16896,282134,0,0,26790,401215,0.04983,6294,92838,0.01153,26822,494053,0.06136,8051741
1,2021-01-30,19961,607028,8621,313554,11340,293474,0,0,17976,417236,0.051819,1962,94800,0.011774,17983,512036,0.063593,8051741
1,2021-01-31,7592,614620,4991,318545,2601,296075,0,0,6856,423360,0.05258,734,95534,0.011865,6858,518894,0.064445,8051741
1,2021-02-01,28104,642724,12136,330681,15968,312043,0,0,20736,436776,0.054246,7326,102860,0.012775,20742,539636,0.067021,8051741
1,2021-02-02,31804,674528,11469,342150,20335,332378,0,0,23934,452932,0.056253,7810,110670,0.013745,23966,563602,0.069998,8051741
1,2021-02-03,38895,713423,14863,357013,24032,356410,0,0,28186,470575,0.058444,10571,121241,0.015058,28214,591816,0.073502,8051741
1,2021-02-04,43587,757010,17064,374077,26523,382933,0,0,31640,490418,0.060908,11842,133083,0.016528,31685,623501,0.077437,8051741
1,2021-02-05,46611,803621,17327,391404,29284,412217,0,0,30689,505342,0.062762,15810,148893,0.018492,30734,654235,0.081254,8051741
1,2021-02-06,26437,830058,10454,401858,15983,428200,0,0,20631,520225,0.06461,5762,154655,0.019208,20645,674880,0.083818,8051741
1,2021-02-07,6173,836231,3956,405814,2217,430417,0,0,4603,523294,0.064991,1551,156206,0.0194,4620,679500,0.084392,8051741
1,2021-02-08,30972,867203,14025,419839,16947,447364,0,0,20666,533834,0.0663,10207,166413,0.020668,20747,700247,0.086968,8051741
1,2021-02-09,37856,905059,16572,436411,21284,468648,0,0,23252,542668,0.067398,14488,180901,0.022467,23322,723569,0.089865,8051741
1,2021-02-10,46504,951563,22016,458427,24488,493136,0,0,26807,549991,0.068307,19558,200459,0.024896,26881,750450,0.093203,8051741
1,2021-02-11,50370,1001933,24782,483209,25588,518724,0,0,30666,561256,0.069706,19498,219957,0.027318,30763,781213,0.097024,8051741
1,2021-02-12,49270,1051203,21288,504497,27982,546706,0,0,28396,569037,0.070673,20744,240701,0.029894,28525,809738,0.100567,8051741
1,2021-02-13,26026,1077229,11307,515804,14719,561425,0,0,15107,573370,0.071211,10850,251551,0.031242,15183,824921,0.102453,8051741
1,2021-02-14,11582,1088811,5465,521269,6117,567542,0,0,6607,575096,0.071425,4946,256497,0.031856,6672,831593,0.103281,8051741
1,2021-02-15,23287,1112098,9214,530483,14073,581615,0,0,14182,580386,0.072082,9008,265505,0.032975,14298,845891,0.105057,8051741
1,2021-02-16,46283,1158381,22081,552564,24202,605817,0,0,27401,589073,0.073161,18822,284327,0.035312,27509,873400,0.108473,8051741
1,2021-02-17,47583,1205964,23996,576560,23587,629404,0,0,25914,593554,0.073717,21569,305896,0.037991,26050,899450,0.111709,8051741
1,2021-02-18,49992,1255956,24920,601480,25072,654476,0,0,26124,596207,0.074047,23671,329567,0.040931,26324,925774,0.114978,8051741
1,2021-02-19,45202,1301158,24486,625966,20716,675192,0,0,25644,602448,0.074822,19464,349031,0.043349,25705,951479,0.118171,8051741
1,2021-02-20,26665,1327823,16213,642179,10452,685644,0,0,15323,606542,0.075331,11305,360336,0.044753,15399,966878,0.120083,8051741
1,2021-02-21,9950,1337773,8721,650900,1229,686873,0,0,5939,608555,0.075581,3974,364310,0.045246,5987,972865,0.120827,8051741
1,2021-02-22,29695,1367468,19492,670392,10203,697076,0,0,17510,614019,0.076259,12141,376451,0.046754,17605,990470,0.123013,8051741
1,2021-02-23,41876,1409344,20105,690497,21771,718847,0,0,23303,619215,0.076904,18458,394909,0.049046,23654,1014124,0.125951,8051741
1,2021-02-24,52358,1461702,25320,715817,27038,745885,0,0,29528,626454,0.077804,22736,417645,0.05187,29975,1044099,0.129674,8051741
1,2021-02-25,63694,1525396,30670,746487,33024,778909,0,0,39775,642898,0.079846,23828,441473,0.05483,40272,1084371,0.134675,8051741
1,2021-02-26,71449,1596845,33632,780119,37817,816726,0,0,47425,666912,0.082828,23879,465352,0.057795,47893,1132264,0.140623,8051741
1,2021-02-27,48366,1645211,21631,801750,26730,843456,5,5,31955,682826,0.084805,16308,481660,0.059821,32222,1164486,0.144625,8051741
1,2021-02-28,19005,1664216,11303,813053,7702,851158,0,5,14041,692097,0.085956,4912,486572,0.060431,14183,1178669,0.146387,8051741
1,2021-03-01,43083,1707299,19667,832720,23403,874561,13,18,28100,705551,0.087627,14885,501457,0.062279,28339,1207008,0.149906,8051741
1,2021-03-02,58354,1765653,23941,856661,34408,908969,5,23,37152,722215,0.089697,21100,522557,0.0649,37764,1244772,0.154597,8051741
1,2021-03-03,67704,1833357,31795,888456,35897,944866,12,35,41093,737410,0.091584,26499,549056,0.068191,41694,1286466,0.159775,8051741
1,2021-03-04,75419,1908776,34757,923213,40629,985495,33,68,48310,759293,0.094302,26964,576020,0.07154,48847,1335313,0.165842,8051741
1,2021-03-05,73944,1982720,32857,956070,40886,1026381,201,269,49228,784827,0.097473,24524,600544,0.074586,50058,1385371,0.172059,8051741
1,2021-03-06,56195,2038915,26629,982699,28240,1054621,1326,1595,38209,806800,0.100202,17926,618470,0.076812,39899,1425270,0.177014,8051741
1,2021-03-07,19401,2058316,12237,994936,6374,1060995,790,2385,14529,817525,0.101534,4856,623326,0.077415,15581,1440851,0.178949,8051741
1,2021-03-08,43213,2101529,20465,1015401,20895,1081890,1853,4238,30196,836967,0.103949,12947,636273,0.079023,32389,1473240,0.182972,8051741
1,2021-03-09,59731,2161260,25992,1041393,31277,1113167,2462,6700,35787,851708,0.105779,23849,660122,0.081985,38590,1511830,0.187764,8051741
1,2021-03-10,70330,2231590,34552,1075945,31445,1144612,4333,11033,43428,873062,0.108431,26785,686907,0.085312,48139,1559969,0.193743,8051741
1,2021-03-11,87936,2319526,40164,1116109,39865,1184477,7907,18940,51604,896920,0.111395,36120,723027,0.089798,59978,1619947,0.201192,8051741
1,2021-03-12,94737,2414263,40872,1156981,41585,1226062,12280,31220,55061,925240,0.114912,39510,762537,0.094705,67830,1687777,0.209616,8051741
1,2021-03-13,62878,2477141,28166,1185147,27031,1253093,7681,38901,39936,950356,0.118031,22846,785383,0.097542,47962,1735739,0.215573,8051741
1,2021-03-14,26794,2503935,14268,1199415,9030,1262123,3496,42397,15863,959027,0.119108,10887,796270,0.098894,19558,1755297,0.218002,8051741
1,2021-03-15,63343,2567278,27497,1226912,29265,1291388,6581,48978,37593,977964,0.12146,25595,821865,0.102073,44532,1799829,0.223533,8051741
1,2021-03-16,83583,2650861,37597,1264509,40502,1331890,5484,54462,52698,1005793,0.124916,30727,852592,0.105889,58556,1858385,0.230805,8051741
1,2021-03-17,89971,2740832,43169,1307678,40304,1372194,6498,60960,58009,1038869,0.129024,31824,884416,0.109842,64900,1923285,0.238866,8051741
1,2021-03-18,95364,2836196,48544,1356222,41325,1413519,5495,66455,59149,1068061,0.13265,35916,920332,0.114302,65108,1988393,0.246952,8051741
1,2021-03-19,100234,2936430,51451,1407673,42721,1456240,6062,72517,59993,1094594,0.135945,40000,960332,0.11927,66533,2054926,0.255215,8051741
1,2021-03-20,69790,3006220,35918,1443591,28694,1484934,5178,77695,45910,1122199,0.139373,23743,984075,0.122219,51348,2106274,0.261592,8051741
1,2021-03-21,25804,3032024,17786,1461377,6256,1491190,1762,79457,16758,1131827,0.140569,8980,993055,0.123334,18608,2124882,0.263903,8051741
1,2021-03-22,57603,3089627,29529,1490906,24880,1516070,3194,82651,39471,1156873,0.14368,17974,1011029,0.125567,43020,2167902,0.269246,8051741
1,2021-03-23,80834,3170461,40769,1531675,36555,1552625,3510,86161,52590,1185358,0.147218,28073,1039102,0.129053,56558,2224460,0.276271,8051741
1,2021-03-24,85111,3255572,42805,1574480,38076,1590701,4230,90391,52148,1209153,0.150173,32761,1071863,0.133122,56556,2281016,0.283295,8051741
1,2021-03-25,93610,3349182,47396,1621876,40628,1631329,5586,95977,54444,1230484,0.152822,38923,1110786,0.137956,60254,2341270,0.290778,8051741
1,2021-03-26,100883,3450065,48894,1670770,45854,1677183,6135,102112,56684,1249661,0.155204,43944,1154730,0.143414,63121,2404391,0.298618,8051741
1,2021-03-27,71267,3521332,36846,1707616,30647,1707830,3774,105886,37658,1257868,0.156223,33430,1188160,0.147566,41637,2446028,0.303789,8051741
1,2021-03-28,31287,3552619,20145,1727761,9942,1717772,1200,107086,16645,1261487,0.156673,14557,1202717,0.149374,18176,2464204,0.306046,8051741
1,2021-03-29,64937,3617556,32469,1760230,29689,1747461,2779,109865,37042,1273764,0.158197,27761,1230478,0.152821,40038,2504242,0.311019,8051741
1,2021-03-30,89017,3706573,43637,1803867,39454,1786915,5926,115791,50739,1292386,0.16051,38156,1268634,0.15756,56778,2561020,0.31807,8051741
1,2021-03-31,97059,3803632,50678,1854545,40655,1827570,5726,121517,55593,1312563,0.163016,41234,1309868,0.162681,61411,2622431,0.325697,8051741
1,2021-04-01,107291,3910923,51523,1906068,47771,1875341,7997,129514,55825,1325287,0.164596,51188,1361056,0.169039,63912,2686343,0.333635,8051741
1,2021-04-02,106266,4017189,48588,1954656,48496,1923837,9182,138696,54921,1338636,0.166254,51005,1412061,0.175373,64354,2750697,0.341628,8051741
1,2021-04-03,75276,4092465,37467,1992123,28564,1952401,9245,147941,35730,1344309,0.166959,39406,1451467,0.180267,45079,2795776,0.347226,8051741
1,2021-04-04,23457,4115922,11662,2003785,8363,1960764,3432,151373,10173,1344664,0.167003,13243,1464710,0.181912,13598,2809374,0.348915,8051741
1,2021-04-05,73514,4189436,35137,2038922,29491,1990255,8886,160259,34207,1348801,0.167517,39155,1503865,0.186775,43292,2852666,0.354292,8051741
1,2021-04-06,101639,4291075,48183,2087105,37139,2027394,16317,176576,46781,1357312,0.168574,54660,1558525,0.193564,63171,2915837,0.362137,8051741
1,2021-04-07,107981,4399056,51988,2139093,38850,2066244,17143,193719,49986,1366706,0.16974,57796,1616321,0.200742,67190,2983027,0.370482,8051741
1,2021-04-08,118285,4517341,55543,2194636,42324,2108568,20418,214137,53313,1375871,0.170879,64687,1681008,0.208776,73852,3056879,0.379654,8051741
1,2021-04-09,117937,4635278,53230,2247866,44498,2153066,20209,234346,52759,1384079,0.171898,64892,1745900,0.216835,73100,3129979,0.388733,8051741
1,2021-04-10,93365,4728643,41783,2289649,29260,2182326,22322,256668,37103,1387415,0.172312,56125,1802025,0.223806,59461,3189440,0.396118,8051741
1,2021-04-11,35503,4764146,19805,2309454,9221,2191547,6477,263145,15063,1388681,0.17247,20401,1822426,0.226339,21667,3211107,0.398809,8051741
1,2021-04-12,72206,4836352,32035,2341489,30326,2221873,9845,272990,31084,1388862,0.172492,40919,1863345,0.231421,41100,3252207,0.403914,8051741
1,2021-04-13,94962,4931314,50761,2392250,43872,2265745,329,273319,51569,1397920,0.173617,43182,1906527,0.236784,52240,3304447,0.410402,8051741
1,2021-04-14,100411,5031725,51978,2444228,48369,2314114,64,273383,51505,1401231,0.174028,48622,1955149,0.242823,51933,3356380,0.416851,8051741
1,2021-04-15,101614,5133339,55063,2499291,46467,2360581,84,273467,54607,1409558,0.175063,46537,2001686,0.248603,54864,3411244,0.423665,8051741
1,2021-04-16,105523,5238862,54602,2553893,50835,2411416,86,273553,53247,1411159,0.175261,51909,2053595,0.25505,53510,3464754,0.430311,8051741
1,2021-04-17,79576,5318438,43058,2596951,36511,2447927,7,273560,44914,1421746,0.176576,34496,2088091,0.259334,45083,3509837,0.43591,8051741
1,2021-04-18,28499,5346937,19098,2616049,9395,2457322,6,273566,14776,1423065,0.17674,13660,2101751,0.261031,14979,3524816,0.437771,8051741
1,2021-04-19,64044,5410981,32719,2648768,31315,2488637,10,273576,29281,1417995,0.17611,34486,2136237,0.265314,29416,3554232,0.441424,8051741
1,2021-04-20,83987,5494968,42094,2690862,41875,2530512,18,273594,39970,1414427,0.175667,43752,2179989,0.270748,40184,3594416,0.446415,8051741
1,2021-04-21,90786,5585754,46293,2737155,44403,2574915,90,273684,41267,1406888,0.174731,49103,2229092,0.276846,41564,3635980,0.451577,8051741
1,2021-04-22,92653,5678407,48253,2785408,44381,2619296,19,273703,42878,1400612,0.173951,49384,2278476,0.282979,43108,3679088,0.456931,8051741
1,2021-04-23,96408,5774815,49992,2835400,46391,2665687,25,273728,46561,1397956,0.173622,49458,2327934,0.289122,46802,3725890,0.462743,8051741
1,2021-04-24,72534,5847349,46085,2881485,26438,2692125,11,273739,41499,1408895,0.17498,30829,2358763,0.292951,41768,3767658,0.467931,8051741
1,2021-04-25,26747,5874096,17120,2898605,9618,2701743,9,273748,15417,1413201,0.175515,11249,2370012,0.294348,15555,3783213,0.469863,8051741
1,2021-04-26,58095,5932191,31181,2929786,26561,2728304,353,274101,27351,1410721,0.175207,30514,2400526,0.298138,28034,3811247,0.473344,8051741
1,2021-04-27,73083,6005274,38689,2968475,33277,2761581,1117,275218,31345,1402057,0.174131,41460,2441986,0.303287,32796,3844043,0.477418,8051741
1,2021-04-28,76542,6081816,40714,3009189,34416,2795997,1412,276630,33432,1394280,0.173165,42847,2484833,0.308608,35070,3879113,0.481773,8051741
1,2021-04-29,79549,6161365,44018,3053207,33988,2829985,1543,278173,32243,1381224,0.171544,47005,2531838,0.314446,33949,3913062,0.48599,8051741
1,2021-04-30,85974,6247339,46938,3100145,37260,2867245,1776,279949,35971,1369432,0.170079,49711,2581549,0.32062,37919,3950981,0.490699,8051741
1,2021-05-01,60869,6308208,39595,3139740,19933,2887178,1341,281290,25643,1361585,0.169104,35065,2616614,0.324975,27218,3978199,0.494079,8051741
1,2021-05-02,22406,6330614,15688,3155428,6195,2893373,523,281813,9361,1358549,0.168727,12952,2629566,0.326584,9916,3988115,0.495311,8051741
1,2021-05-03,53065,6383679,29730,3185158,21611,2914984,1724,283537,19074,1345620,0.167122,33812,2663378,0.330783,20883,4008998,0.497904,8051741
1,2021-05-04,71236,6454915,40973,3226131,28271,2943255,1992,285529,25736,1328184,0.164956,45255,2708633,0.336403,27819,4036817,0.50136,8051741
1,2021-05-05,66571,6521486,39693,3265824,24717,2967972,2161,287690,23040,1310170,0.162719,43288,2751921,0.34178,25274,4062091,0.504498,8051741
1,2021-05-06,67650,6589136,41866,3307690,23739,2991711,2045,289735,22057,1289126,0.160105,45306,2797227,0.347406,24262,4086353,0.507512,8051741
1,2021-05-07,70453,6659589,41545,3349235,26812,3018523,2096,291831,24157,1269446,0.157661,45997,2843224,0.353119,26317,4112670,0.51078,8051741
1,2021-05-08,49356,6708945,31396,3380631,16465,3034988,1495,293326,16887,1255752,0.15596,32172,2875396,0.357115,18478,4131148,0.513075,8051741
1,2021-05-09,17023,6725968,12284,3392915,4258,3039246,481,293807,5397,1250137,0.155263,11528,2886924,0.358547,5913,4137061,0.513809,8051741
1,2021-05-10,34822,6760790,18399,3411314,14788,3054034,1635,295442,12143,1241561,0.154198,22450,2909374,0.361335,13874,4150935,0.515533,8051741
1,2021-05-11,44657,6805447,24846,3436160,18375,3072409,1436,296878,14740,1228042,0.152519,29753,2939127,0.36503,16234,4167169,0.517549,8051741
1,2021-05-12,33921,6839368,19627,3455787,13114,3085523,1180,298058,9926,1215299,0.150936,23877,2963004,0.367995,11134,4178303,0.518932,8051741
2,2020-12-15,233,233,233,233,0,0,0,0,233,233,3e-05,0,0,0.0,233,233,3e-05,7897587
2,2020-12-16,1926,2159,1926,2159,0,0,0,0,1926,2159,0.000273,0,0,0.0,1926,2159,0.000273,7897587
2,2020-12-17,6662,8821,6662,8821,0,0,0,0,6663,8822,0.001117,0,0,0.0,6663,8822,0.001117,7897587
2,2020-12-18,10831,19652,10812,19633,19,19,0,0,10832,19654,0.002489,0,0,0.0,10832,19654,0.002489,7897587
2,2020-12-19,5575,25227,5570,25203,5,24,0,0,5578,25232,0.003195,0,0,0.0,5578,25232,0.003195,7897587
2,2020-12-20,4215,29442,4207,29410,8,32,0,0,4212,29444,0.003728,0,0,0.0,4212,29444,0.003728,7897587
2,2020-12-21,12765,42207,12741,42151,24,56,0,0,12720,42164,0.005339,0,0,0.0,12720,42164,0.005339,7897587
2,2020-12-22,12050,54257,11540,53691,510,566,0,0,12050,54214,0.006865,0,0,0.0,12050,54214,0.006865,7897587
2,2020-12-23,11611,65868,9420,63111,2191,2757,0,0,11614,65828,0.008335,0,0,0.0,11614,65828,0.008335,7897587
2,2020-12-24,5838,71706,3485,66596,2353,5110,0,0,5835,71663,0.009074,0,0,0.0,5835,71663,0.009074,7897587
2,2020-12-25,478,72184,401,66997,77,5187,0,0,479,72142,0.009135,0,0,0.0,479,72142,0.009135,7897587
2,2020-12-26,2563,74747,1667,68664,896,6083,0,0,2565,74707,0.009459,0,0,0.0,2565,74707,0.009459,7897587
2,2020-12-27,2210,76957,1197,69861,1013,7096,0,0,2208,76914,0.009739,1,1,0.0,2208,76915,0.009739,7897587
2,2020-12-28,10904,87861,7085,76946,3819,10915,0,0,10904,87817,0.011119,1,2,0.0,10904,87819,0.01112,7897587
2,2020-12-29,12682,100543,7182,84128,5500,16415,0,0,12686,100503,0.012726,0,2,0.0,12686,100505,0.012726,7897587
2,2020-12-30,15337,115880,8641,92769,6696,23111,0,0,15353,115855,0.01467,1,3,0.0,15353,115858,0.01467,7897587
2,2020-12-31,7497,123377,2805,95574,4692,27803,0,0,7494,123348,0.015618,1,4,1e-06,7494,123352,0.015619,7897587
2,2021-01-01,1113,124490,534,96108,579,28382,0,0,1115,124462,0.015759,1,5,1e-06,1115,124467,0.01576,7897587
2,2021-01-02,4814,129304,2753,98861,2061,30443,0,0,4812,129274,0.016369,0,5,1e-06,4812,129279,0.016369,7897587
2,2021-01-03,1378,130682,786,99647,592,31035,0,0,1374,130645,0.016542,3,8,1e-06,1374,130653,0.016543,7897587
2,2021-01-04,11606,142288,5549,105196,6057,37092,0,0,11593,142234,0.01801,4,12,2e-06,11593,142246,0.018011,7897587
2,2021-01-05,13797,156085,6880,112076,6917,44009,0,0,12624,153721,0.019464,1166,1178,0.000149,12653,154899,0.019613,7897587
2,2021-01-06,18924,175009,10443,122519,8481,52490,0,0,15212,165272,0.020927,3666,4844,0.000613,15217,170116,0.02154,7897587
2,2021-01-07,22881,197890,12845,135364,10036,62526,0,0,15541,173468,0.021965,7358,12202,0.001545,15554,185670,0.02351,7897587
2,2021-01-08,26338,224228,15959,151323,10379,72905,0,0,16309,179795,0.022766,9998,22200,0.002811,16325,201995,0.025577,7897587
2,2021-01-09,9697,233925,5662,156985,4035,76940,0,0,6210,182501,0.023108,3508,25708,0.003255,6214,208209,0.026364,7897587
2,2021-01-10,5270,239195,2915,159900,2355,79295,0,0,3063,183338,0.023214,2230,27938,0.003538,3067,211276,0.026752,7897587
2,2021-01-11,25938,265133,17836,177736,8102,87397,0,0,15011,187434,0.023733,10961,38899,0.004925,15057,226333,0.028659,7897587
2,2021-01-12,25940,291073,16105,193841,9835,97232,0,0,16487,194508,0.024629,9481,48380,0.006126,16555,242888,0.030755,7897587
2,2021-01-13,28230,319303,14877,208718,13353,110585,0,0,20332,206970,0.026207,7892,56272,0.007125,20354,263242,0.033332,7897587
2,2021-01-14,30049,349352,11429,220147,18620,129205,0,0,25867,228680,0.028956,4208,60480,0.007658,25918,289160,0.036614,7897587
2,2021-01-15,35117,384469,12951,233098,22166,151371,0,0,31897,257413,0.032594,3233,63713,0.008067,31966,321126,0.040661,7897587
2,2021-01-16,17548,402017,5612,238710,11936,163307,0,0,16240,272329,0.034483,1334,65047,0.008236,16250,337376,0.042719,7897587
2,2021-01-17,10552,412569,3521,242231,7031,170338,0,0,9850,281460,0.035639,727,65774,0.008328,9858,347234,0.043967,7897587
2,2021-01-18,19649,432218,11007,253238,8642,178980,0,0,14924,291689,0.036934,4741,70515,0.008929,14970,362204,0.045863,7897587
2,2021-01-19,32204,464422,16793,270031,15411,194391,0,0,24237,308065,0.039007,7971,78486,0.009938,24347,386551,0.048945,7897587
2,2021-01-20,36612,501034,18223,288254,18389,212780,0,0,28110,327776,0.041503,8483,86969,0.011012,28194,414745,0.052515,7897587
2,2021-01-21,40485,541519,17237,305491,23248,236028,0,0,36081,359631,0.045537,4383,91352,0.011567,36238,450983,0.057104,7897587
2,2021-01-22,39123,580642,16377,321868,22746,258774,0,0,35832,392204,0.049661,3293,94645,0.011984,35866,486849,0.061645,7897587
2,2021-01-23,23928,604570,10827,332695,13101,271875,0,0,20971,410273,0.051949,2931,97576,0.012355,21000,507849,0.064304,7897587
2,2021-01-24,12442,617012,6161,338856,6281,278156,0,0,11531,420918,0.053297,896,98472,0.012469,11541,519390,0.065766,7897587
2,2021-01-25,33548,650560,15568,354424,17980,296136,0,0,24860,437264,0.055367,8636,107108,0.013562,24982,544372,0.068929,7897587
2,2021-01-26,40043,690603,19803,374227,20240,316376,0,0,31139,459598,0.058195,8882,115990,0.014687,31216,575588,0.072882,7897587
2,2021-01-27,44940,735543,22908,397135,22032,338408,0,0,34990,484814,0.061388,9828,125818,0.015931,35044,610632,0.077319,7897587
2,2021-01-28,47848,783391,22571,419706,25277,363685,0,0,39357,515797,0.065311,8433,134251,0.016999,39416,650048,0.08231,7897587
2,2021-01-29,45445,828836,22294,442000,23151,386836,0,0,36928,544355,0.068927,8416,142667,0.018065,36974,687022,0.086991,7897587
2,2021-01-30,31256,860092,13655,455655,17601,404437,0,0,28025,569218,0.072075,3190,145857,0.018469,28053,715075,0.090543,7897587
2,2021-01-31,17552,877644,10656,466311,6896,411333,0,0,16332,584363,0.073993,1206,147063,0.018621,16351,731426,0.092614,7897587
2,2021-02-01,40103,917747,19169,485480,20934,432267,0,0,29748,603819,0.076456,10323,157386,0.019928,29779,761205,0.096385,7897587
2,2021-02-02,47754,965501,19745,505225,28009,460276,0,0,36338,628912,0.079633,11341,168727,0.021364,36434,797639,0.100998,7897587
2,2021-02-03,53632,1019133,23871,529096,29761,490037,0,0,39727,654912,0.082926,13811,182538,0.023113,39811,837450,0.106039,7897587
2,2021-02-04,55771,1074904,24259,553355,31512,521549,0,0,40840,681000,0.086229,14840,197378,0.024992,40928,878378,0.111221,7897587
2,2021-02-05,59458,1134362,26333,579688,33125,554674,0,0,40301,702470,0.088947,18986,216364,0.027396,40456,918834,0.116344,7897587
2,2021-02-06,38768,1173130,18141,597829,20627,575301,0,0,31234,726319,0.091967,7469,223833,0.028342,31318,950152,0.120309,7897587
2,2021-02-07,15985,1189115,10734,608563,5251,580552,0,0,12128,734679,0.093026,3834,227667,0.028827,12194,962346,0.121853,7897587
2,2021-02-08,43212,1232327,22325,630888,20887,601439,0,0,29873,751509,0.095157,13234,240901,0.030503,30064,992410,0.12566,7897587
2,2021-02-09,49165,1281492,23497,654385,25668,627107,0,0,30878,764498,0.096801,18203,259104,0.032808,31192,1023602,0.129609,7897587
2,2021-02-10,59310,1340802,28114,682499,31196,658303,0,0,34682,775124,0.098147,24405,283509,0.035898,35031,1058633,0.134045,7897587
2,2021-02-11,63686,1404488,29595,712094,34091,692394,0,0,35960,784145,0.099289,27427,310936,0.039371,36448,1095081,0.13866,7897587
2,2021-02-12,64640,1469128,27972,740066,36668,729062,0,0,34560,789486,0.099965,29867,340803,0.043153,35208,1130289,0.143118,7897587
2,2021-02-13,37454,1506582,15720,755786,21734,750796,0,0,21705,795902,0.100778,15664,356467,0.045136,22080,1152369,0.145914,7897587
2,2021-02-14,19891,1526473,9323,765109,10568,761364,0,0,11205,798814,0.101147,8651,365118,0.046232,11563,1163932,0.147378,7897587
2,2021-02-15,32859,1559332,14898,780007,17961,779325,0,0,18293,803505,0.101741,14454,379572,0.048062,19145,1183077,0.149802,7897587
2,2021-02-16,55779,1615111,27588,807595,28191,807516,0,0,29419,807310,0.102222,26278,405850,0.051389,30083,1213160,0.153611,7897587
2,2021-02-17,60896,1676007,31486,839081,29410,836926,0,0,30334,807944,0.102303,30513,436363,0.055253,31147,1244307,0.157555,7897587
2,2021-02-18,65581,1741588,33343,872424,32238,869164,0,0,32079,807848,0.10229,33298,469661,0.059469,33202,1277509,0.161759,7897587
2,2021-02-19,58679,1800267,32746,905170,25933,895097,0,0,29173,808244,0.102341,29365,499026,0.063187,29761,1307270,0.165528,7897587
2,2021-02-20,36910,1837177,24125,929295,12785,907882,0,0,20092,812266,0.10285,16743,515769,0.065307,20765,1328035,0.168157,7897587
2,2021-02-21,18148,1855325,14709,944004,3439,911321,0,0,8835,812659,0.1029,9241,525010,0.066477,9634,1337669,0.169377,7897587
2,2021-02-22,37143,1892468,25515,969519,11628,922949,0,0,17820,811926,0.102807,19225,544235,0.068912,18492,1356161,0.171718,7897587
2,2021-02-23,50673,1943141,25806,995325,24867,947816,0,0,22375,808070,0.102319,28120,572355,0.072472,24264,1380425,0.174791,7897587
2,2021-02-24,67750,2010891,34885,1030210,32865,980681,0,0,31350,805512,0.101995,36267,608622,0.077064,33709,1414134,0.179059,7897587
2,2021-02-25,73211,2084102,34413,1064623,38798,1019479,0,0,37365,810017,0.102565,35652,644274,0.081579,40157,1454291,0.184144,7897587
2,2021-02-26,81155,2165257,34812,1099435,46343,1065822,0,0,44035,819337,0.103745,36889,681163,0.08625,46209,1500500,0.189995,7897587
2,2021-02-27,58808,2224065,26882,1126317,31922,1097744,4,4,32009,826055,0.104596,26619,707782,0.08962,33337,1533837,0.194216,7897587
2,2021-02-28,28982,2253047,17418,1143735,11563,1109307,1,5,16917,831816,0.105325,11980,719762,0.091137,17741,1551578,0.196462,7897587
2,2021-03-01,55252,2308299,29020,1172755,26211,1135518,21,26,30290,838545,0.106177,24761,744523,0.094272,31490,1583068,0.20045,7897587
2,2021-03-02,64509,2372808,29921,1202676,34583,1170101,5,31,36020,848519,0.10744,28381,772904,0.097866,38355,1621423,0.205306,7897587
2,2021-03-03,77723,2450531,37665,1240341,40051,1210152,7,38,43689,860881,0.109006,33873,806777,0.102155,46235,1667658,0.21116,7897587
2,2021-03-04,86021,2536552,42464,1282805,43530,1253682,27,65,49763,876940,0.111039,36090,842867,0.106725,52149,1719807,0.217764,7897587
2,2021-03-05,78402,2614954,36732,1319537,41372,1295054,298,363,47949,897245,0.11361,30284,873151,0.110559,50589,1770396,0.224169,7897587
2,2021-03-06,61314,2676268,29887,1349424,29763,1324817,1664,2027,37645,914413,0.115784,23570,896721,0.113544,40738,1811134,0.229328,7897587
2,2021-03-07,26790,2703058,15488,1364912,10355,1335172,947,2974,17156,924047,0.117004,9579,906300,0.114757,19213,1830347,0.23176,7897587
2,2021-03-08,48874,2751932,22287,1387199,24164,1359336,2423,5397,30794,940929,0.119141,17976,924276,0.117033,34858,1865205,0.236174,7897587
2,2021-03-09,63638,2815570,26368,1413567,33513,1392849,3757,9154,34032,950564,0.120361,29504,953780,0.120769,39139,1904344,0.24113,7897587
2,2021-03-10,74998,2890568,35045,1448612,33453,1426302,6500,15654,39613,962803,0.121911,35218,988998,0.125228,47457,1951801,0.247139,7897587
2,2021-03-11,91471,2982039,42276,1490888,40879,1467181,8316,23970,48153,977616,0.123787,43068,1032066,0.130681,57881,2009682,0.254468,7897587
2,2021-03-12,91744,3073783,37746,1528634,42115,1509296,11883,35853,46032,991367,0.125528,45542,1077608,0.136448,59293,2068975,0.261976,7897587
2,2021-03-13,67224,3141007,28158,1556792,31186,1540482,7880,43733,37012,1007452,0.127565,30108,1107716,0.14026,46193,2115168,0.267825,7897587
2,2021-03-14,35930,3176937,17781,1574573,13689,1554171,4460,48193,19185,1015198,0.128545,16665,1124381,0.14237,24411,2139579,0.270916,7897587
2,2021-03-15,66125,3243062,29809,1604382,31377,1585548,4939,53132,36771,1028842,0.130273,29167,1153548,0.146063,42811,2182390,0.276336,7897587
2,2021-03-16,84972,3328034,37504,1641886,43528,1629076,3940,57072,52131,1053344,0.133375,32695,1186243,0.150203,57197,2239587,0.283579,7897587
2,2021-03-17,90622,3418656,43390,1685276,43158,1672234,4074,61146,57882,1083623,0.137209,32527,1218770,0.154322,62806,2302393,0.291531,7897587
2,2021-03-18,96140,3514796,45810,1731086,45914,1718148,4416,65562,59515,1111759,0.140772,36362,1255132,0.158926,64498,2366891,0.299698,7897587
2,2021-03-19,95330,3610126,44927,1776013,44367,1762515,6036,71598,57419,1138059,0.144102,37669,1292801,0.163696,63969,2430860,0.307798,7897587
2,2021-03-20,68374,3678500,32809,1808822,31701,1794216,3864,75462,45615,1165314,0.147553,22571,1315372,0.166554,49826,2480686,0.314107,7897587
2,2021-03-21,32479,3710979,20884,1829706,9644,1803860,1951,77413,20628,1176553,0.148976,11762,1327134,0.168043,23001,2503687,0.317019,7897587
2,2021-03-22,61656,3772635,33743,1863449,25331,1829191,2582,79995,41669,1201875,0.152183,19816,1346950,0.170552,45138,2548825,0.322735,7897587
2,2021-03-23,82271,3854906,43522,1906971,35916,1865107,2833,82828,54072,1231638,0.155951,27975,1374925,0.174094,57738,2606563,0.330045,7897587
2,2021-03-24,90064,3944970,48434,1955405,38564,1903671,3066,85894,53963,1253648,0.158738,35845,1410770,0.178633,57855,2664418,0.337371,7897587
2,2021-03-25,99603,4044573,50200,2005605,45620,1949291,3783,89677,57587,1274040,0.16132,41742,1452512,0.183918,62134,2726552,0.345239,7897587
2,2021-03-26,100988,4145561,50203,2055808,47370,1996661,3415,93092,57137,1292101,0.163607,43544,1496056,0.189432,61605,2788157,0.353039,7897587
2,2021-03-27,73909,4219470,36732,2092540,33913,2030574,3264,96356,38133,1298767,0.164451,35583,1531639,0.193938,42249,2830406,0.358389,7897587
2,2021-03-28,36773,4256243,22501,2115041,13470,2044044,802,97158,20731,1305078,0.16525,15945,1547584,0.195957,22256,2852662,0.361207,7897587
2,2021-03-29,69895,4326138,35606,2150647,32097,2076141,2192,99350,40965,1320341,0.167183,28782,1576366,0.199601,44045,2896707,0.366784,7897587
2,2021-03-30,90490,4416628,44156,2194803,42070,2118211,4264,103614,55361,1345604,0.170382,34964,1611330,0.204028,60227,2956934,0.37441,7897587
2,2021-03-31,99187,4515815,51062,2245865,43130,2161341,4995,108609,58566,1369129,0.17336,40405,1651735,0.209144,63930,3020864,0.382505,7897587
2,2021-04-01,115063,4630878,55538,2301403,50646,2211987,8879,117488,63402,1390459,0.176061,51405,1703140,0.215653,72735,3093599,0.391714,7897587
2,2021-04-02,109030,4739908,50289,2351692,48938,2260925,9803,127291,59387,1410799,0.178637,49341,1752481,0.221901,69681,3163280,0.400538,7897587
2,2021-04-03,75120,4815028,36721,2388413,28894,2289819,9505,136796,37663,1421097,0.179941,37287,1789768,0.226622,47585,3210865,0.406563,7897587
2,2021-04-04,28752,4843780,14777,2403190,10167,2299986,3808,140604,13233,1422737,0.180148,15447,1805215,0.228578,17087,3227952,0.408726,7897587
2,2021-04-05,77992,4921772,38346,2441536,31051,2331037,8595,149199,38374,1430984,0.181193,39495,1844710,0.233579,47742,3275694,0.414771,7897587
2,2021-04-06,102557,5024329,50023,2491559,38027,2369064,14507,163706,49292,1442152,0.182607,53055,1897765,0.240297,64223,3339917,0.422903,7897587
2,2021-04-07,108567,5132896,54318,2545877,38280,2407344,15969,179675,51926,1453931,0.184098,56417,1954182,0.24744,68196,3408113,0.431539,7897587
2,2021-04-08,117088,5249984,56459,2602336,42212,2449556,18417,198092,54789,1465723,0.185591,62037,2016219,0.255296,73829,3481942,0.440887,7897587
2,2021-04-09,116420,5366404,56188,2658524,42438,2491994,17794,215886,55556,1479400,0.187323,60570,2076789,0.262965,74247,3556189,0.450288,7897587
2,2021-04-10,85401,5451805,37137,2695661,30433,2522427,17831,233717,35819,1484367,0.187952,49381,2126170,0.269218,54348,3610537,0.45717,7897587
2,2021-04-11,43834,5495639,22688,2718349,12663,2535090,8483,242200,18075,1486012,0.18816,25645,2151815,0.272465,27290,3637827,0.460625,7897587
2,2021-04-12,78674,5574313,36668,2755017,32777,2567867,9229,251429,35596,1488976,0.188536,42851,2194666,0.277891,45815,3683642,0.466426,7897587
2,2021-04-13,100304,5674617,52017,2807034,48044,2615911,243,251672,55353,1500702,0.19002,44752,2239418,0.283557,56478,3740120,0.473578,7897587
2,2021-04-14,104460,5779077,54827,2861861,49586,2665497,47,251719,54133,1506196,0.190716,50099,2289517,0.289901,55593,3795713,0.480617,7897587
2,2021-04-15,110902,5889979,59183,2921044,51655,2717152,64,251783,58498,1513686,0.191664,52105,2341622,0.296498,59595,3855308,0.488163,7897587
2,2021-04-16,108001,5997980,56266,2977310,51683,2768835,52,251835,55315,1517430,0.192138,52450,2394072,0.30314,56194,3911502,0.495278,7897587
2,2021-04-17,81083,6079063,41448,3018758,39622,2808457,13,251848,45711,1528791,0.193577,35210,2429282,0.307598,46571,3958073,0.501175,7897587
2,2021-04-18,33713,6112776,20218,3038976,13492,2821949,3,251851,16310,1528747,0.193571,17321,2446603,0.309791,17277,3975350,0.503363,7897587
2,2021-04-19,72848,6185624,39472,3078448,33366,2855315,10,251861,33500,1523694,0.192932,39172,2485775,0.314751,34119,4009469,0.507683,7897587
2,2021-04-20,93980,6279604,46958,3125406,47003,2902318,19,251880,46035,1522747,0.192812,47726,2533501,0.320794,46779,4056248,0.513606,7897587
2,2021-04-21,98195,6377799,52224,3177630,45918,2948236,53,251933,46848,1519454,0.192395,51053,2584554,0.327259,47760,4104008,0.519653,7897587
2,2021-04-22,104452,6482251,53582,3231212,50850,2999086,20,251953,45929,1508048,0.19095,58217,2642771,0.33463,46811,4150819,0.525581,7897587
2,2021-04-23,103564,6585815,54779,3285991,48771,3047857,14,251967,48129,1501929,0.190176,55155,2697926,0.341614,49036,4199855,0.53179,7897587
2,2021-04-24,78089,6663904,46458,3332449,31595,3079452,36,252003,41177,1507339,0.190861,36711,2734637,0.346262,42121,4241976,0.537123,7897587
2,2021-04-25,35785,6699689,22157,3354606,13614,3093066,14,252017,19566,1511256,0.191357,16113,2750750,0.348303,20030,4262006,0.539659,7897587
2,2021-04-26,65394,6765083,36311,3390917,28799,3121865,284,252301,29947,1507595,0.190893,35274,2786024,0.352769,31613,4293619,0.543662,7897587
2,2021-04-27,79831,6844914,41726,3432643,36973,3158838,1132,253433,34153,1498576,0.189751,45465,2831489,0.358526,36446,4330065,0.548277,7897587
2,2021-04-28,84252,6929166,44577,3477220,37864,3196702,1811,255244,36896,1491029,0.188796,47138,2878627,0.364494,39591,4369656,0.55329,7897587
2,2021-04-29,86802,7015968,46936,3524156,38224,3234926,1642,256886,33457,1473609,0.18659,53106,2931733,0.371219,35686,4405342,0.557809,7897587
2,2021-04-30,90843,7106811,50124,3574280,38798,3273724,1921,258807,35207,1456009,0.184361,55358,2987091,0.378228,37758,4443100,0.56259,7897587
2,2021-05-01,60407,7167218,36827,3611107,22042,3295766,1538,260345,23822,1445812,0.18307,36396,3023487,0.382837,26199,4469299,0.565907,7897587
2,2021-05-02,28693,7195911,19816,3630923,7907,3303673,970,261315,11029,1440340,0.182377,17560,3041047,0.38506,12088,4481387,0.567437,7897587
2,2021-05-03,58823,7254734,34937,3665860,21857,3325530,2029,263344,19671,1423332,0.180224,38964,3080011,0.389994,21956,4503343,0.570218,7897587
2,2021-05-04,76891,7331625,45621,3711481,28962,3354492,2308,265652,25031,1399442,0.177199,51623,3131634,0.39653,27733,4531076,0.573729,7897587
2,2021-05-05,71247,7402872,43476,3754957,25503,3379995,2268,267920,22552,1376168,0.174252,48426,3180060,0.402662,25152,4556228,0.576914,7897587
2,2021-05-06,72963,7475835,45113,3800070,25059,3405054,2791,270711,22728,1352426,0.171245,49889,3229949,0.408979,26147,4582375,0.580225,7897587
2,2021-05-07,73521,7549356,43450,3843520,27729,3432783,2342,273053,22985,1327953,0.168147,50250,3280199,0.415342,25777,4608152,0.583489,7897587
2,2021-05-08,49054,7598410,30059,3873579,17366,3450149,1629,274682,15439,1312302,0.166165,33402,3313601,0.419571,17751,4625903,0.585736,7897587
2,2021-05-09,20462,7618872,14630,3888209,5085,3455234,747,275429,6229,1305383,0.165289,14122,3327723,0.421359,7203,4633106,0.586648,7897587
2,2021-05-10,42198,7661070,23586,3911795,16881,3472115,1731,277160,12328,1290333,0.163383,29698,3357421,0.42512,14648,4647754,0.588503,7897587
2,2021-05-11,47799,7708869,25794,3937589,20771,3492886,1234,278394,14264,1272951,0.161182,33364,3390785,0.429344,15982,4663736,0.590527,7897587
2,2021-05-12,35545,7744414,19933,3957522,14563,3507449,1049,279443,8624,1256015,0.159038,26784,3417569,0.432736,9848,4673584,0.591774,7897587
3,2020-12-15,303,303,303,303,0,0,0,0,303,303,3.9e-05,0,0,0.0,303,303,3.9e-05,7688185
3,2020-12-16,2207,2510,2207,2510,0,0,0,0,2207,2510,0.000326,0,0,0.0,2207,2510,0.000326,7688185
3,2020-12-17,7603,10113,7603,10113,0,0,0,0,7603,10113,0.001315,0,0,0.0,7603,10113,0.001315,7688185
3,2020-12-18,12809,22922,12798,22911,11,11,0,0,12808,22921,0.002981,0,0,0.0,12808,22921,0.002981,7688185
3,2020-12-19,7041,29963,7030,29941,11,22,0,0,7105,30026,0.003905,0,0,0.0,7105,30026,0.003905,7688185
3,2020-12-20,5483,35446,5476,35417,7,29,0,0,5530,35555,0.004625,1,1,0.0,5530,35556,0.004625,7688185
3,2020-12-21,14265,49711,14242,49659,23,52,0,0,14330,49884,0.006488,1,2,0.0,14330,49886,0.006489,7688185
3,2020-12-22,14626,64337,14059,63718,567,619,0,0,14665,64549,0.008396,0,2,0.0,14665,64551,0.008396,7688185
3,2020-12-23,14659,78996,12075,75793,2584,3203,0,0,14686,79235,0.010306,0,2,0.0,14686,79237,0.010306,7688185
3,2020-12-24,6764,85760,4855,80648,1909,5112,0,0,6762,85996,0.011185,1,3,0.0,6762,85999,0.011186,7688185
3,2020-12-25,719,86479,663,81311,56,5168,0,0,718,86714,0.011279,0,3,0.0,718,86717,0.011279,7688185
3,2020-12-26,4594,91073,2984,84295,1610,6778,0,0,4592,91306,0.011876,0,3,0.0,4592,91309,0.011877,7688185
3,2020-12-27,2951,94024,1833,86128,1118,7896,0,0,2952,94258,0.01226,0,3,0.0,2952,94261,0.012261,7688185
3,2020-12-28,13467,107491,8611,94739,4856,12752,0,0,13495,107752,0.014015,1,4,1e-06,13495,107756,0.014016,7688185
3,2020-12-29,14902,122393,8426,103165,6476,19228,0,0,14932,122682,0.015957,2,6,1e-06,14932,122688,0.015958,7688185
3,2020-12-30,17942,140335,10049,113214,7893,27121,0,0,17932,140614,0.01829,0,6,1e-06,17932,140620,0.01829,7688185
3,2020-12-31,8317,148652,3211,116425,5106,32227,0,0,8317,148930,0.019371,1,7,1e-06,8317,148937,0.019372,7688185
3,2021-01-01,1177,149829,535,116960,642,32869,0,0,1174,150104,0.019524,0,7,1e-06,1174,150111,0.019525,7688185
3,2021-01-02,4992,154821,2474,119434,2518,35387,0,0,4992,155096,0.020173,0,7,1e-06,4992,155103,0.020174,7688185
3,2021-01-03,1595,156416,839,120273,756,36143,0,0,1586,156678,0.020379,4,11,1e-06,1586,156689,0.02038,7688185
3,2021-01-04,11970,168386,5991,126264,5979,42122,0,0,11944,168615,0.021932,7,18,2e-06,11944,168633,0.021934,7688185
3,2021-01-05,15569,183955,8030,134294,7539,49661,0,0,13969,181023,0.023546,1585,1603,0.000209,13993,182626,0.023754,7688185
3,2021-01-06,20088,204043,10506,144800,9582,59243,0,0,15847,192675,0.025061,4201,5804,0.000755,15853,198479,0.025816,7688185
3,2021-01-07,26036,230079,14824,159624,11212,70455,0,0,16996,200672,0.026101,9013,14817,0.001927,17010,215489,0.028029,7688185
3,2021-01-08,30010,260089,18342,177966,11668,82123,0,0,17926,206554,0.026866,12064,26881,0.003496,17946,233435,0.030363,7688185
3,2021-01-09,12302,272391,6955,184921,5347,87470,0,0,7821,209908,0.027303,4475,31356,0.004078,7829,241264,0.031381,7688185
3,2021-01-10,7162,279553,4462,189383,2700,90170,0,0,4025,210802,0.027419,3135,34491,0.004486,4029,245293,0.031905,7688185
3,2021-01-11,28678,308231,18764,208147,9914,100084,0,0,16222,214617,0.027915,12450,46941,0.006106,16265,261558,0.034021,7688185
3,2021-01-12,31885,340116,19073,227220,12812,112896,0,0,19512,221856,0.028857,12357,59298,0.007713,19596,281154,0.03657,7688185
3,2021-01-13,34316,374432,17967,245187,16349,129245,0,0,24241,236039,0.030702,10075,69373,0.009023,24258,305412,0.039725,7688185
3,2021-01-14,34285,408717,14115,259302,20170,149415,0,0,28427,258672,0.033645,5827,75200,0.009781,28460,333872,0.043427,7688185
3,2021-01-15,38531,447248,14409,273711,24122,173537,0,0,33933,288076,0.03747,4589,79789,0.010378,33993,367865,0.047848,7688185
3,2021-01-16,21745,468993,7610,281321,14135,187672,0,0,19440,305246,0.039703,2291,82080,0.010676,19461,387326,0.050379,7688185
3,2021-01-17,13109,482102,4469,285790,8640,196312,0,0,12085,316326,0.041144,1023,83103,0.010809,12103,399429,0.051954,7688185
3,2021-01-18,24538,506640,12771,298561,11767,208079,0,0,19053,329916,0.042912,5503,88606,0.011525,19093,418522,0.054437,7688185
3,2021-01-19,40660,547300,20770,319331,19890,227969,0,0,31633,352627,0.045866,9001,97607,0.012696,31712,450234,0.058562,7688185
3,2021-01-20,44717,592017,22039,341370,22678,250647,0,0,35444,378917,0.049286,9230,106837,0.013896,35520,485754,0.063182,7688185
3,2021-01-21,47111,639128,20317,361687,26794,277441,0,0,41709,415360,0.054026,5328,112165,0.014589,41771,527525,0.068615,7688185
3,2021-01-22,49168,688296,19605,381292,29563,307004,0,0,45062,456377,0.059361,4114,116279,0.015124,45131,572656,0.074485,7688185
3,2021-01-23,29970,718266,12715,394007,17255,324259,0,0,26657,479777,0.062404,3302,119581,0.015554,26702,599358,0.077958,7688185
3,2021-01-24,17605,735871,8487,402494,9118,333377,0,0,16462,495121,0.0644,1141,120722,0.015702,16485,615843,0.080103,7688185
3,2021-01-25,40243,776114,18007,420501,22236,355613,0,0,30436,515849,0.067096,9789,130511,0.016976,30517,646360,0.084072,7688185
3,2021-01-26,46483,822597,22182,442683,24301,379914,0,0,36575,542624,0.070579,9902,140413,0.018263,36677,683037,0.088842,7688185
3,2021-01-27,50407,873004,24483,467166,25924,405838,0,0,39916,572196,0.074425,10415,150828,0.019618,39987,723024,0.094044,7688185
3,2021-01-28,51276,924280,23801,490967,27475,433313,0,0,42487,606017,0.078824,8710,159538,0.020751,42531,765555,0.099576,7688185
3,2021-01-29,50154,974434,24160,515127,25994,459307,0,0,40744,637580,0.08293,9224,168762,0.021951,40787,806342,0.104881,7688185
3,2021-01-30,36570,1011004,17345,532472,19225,478532,0,0,32029,665195,0.086522,4492,173254,0.022535,32107,838449,0.109057,7688185
3,2021-01-31,22199,1033203,12811,545283,9388,487920,0,0,20719,684462,0.089028,1470,174724,0.022726,20737,859186,0.111754,7688185
3,2021-02-01,44796,1077999,20225,565508,24571,512491,0,0,34655,709054,0.092226,10100,184824,0.02404,34692,893878,0.116266,7688185
3,2021-02-02,54123,1132122,22830,588338,31293,543784,0,0,41423,737911,0.09598,12613,197437,0.025681,41470,935348,0.12166,7688185
3,2021-02-03,59529,1191651,26540,614878,32989,576773,0,0,44342,767284,0.0998,15032,212469,0.027636,44405,979753,0.127436,7688185
3,2021-02-04,63919,1255570,27799,642677,36120,612893,0,0,46913,797484,0.103729,16817,229286,0.029823,47017,1026770,0.133552,7688185
3,2021-02-05,69718,1325288,29697,672374,40021,652914,0,0,48245,824621,0.107258,21263,250549,0.032589,48400,1075170,0.139847,7688185
3,2021-02-06,43421,1368709,21152,693526,22269,675183,0,0,33674,848762,0.110398,9715,260264,0.033852,33856,1109026,0.144251,7688185
3,2021-02-07,19401,1388110,12284,705810,7117,682300,0,0,14922,859341,0.111774,4469,264733,0.034434,15048,1124074,0.146208,7688185
3,2021-02-08,50680,1438790,24417,730227,26263,708563,0,0,33298,875560,0.113884,17262,281995,0.036679,33481,1157555,0.150563,7688185
3,2021-02-09,58040,1496830,28244,758471,29796,738359,0,0,34106,886249,0.115274,23761,305756,0.03977,34450,1192005,0.155044,7688185
3,2021-02-10,67313,1564143,31304,789775,36009,774368,0,0,36544,892776,0.116123,30541,336297,0.043742,37068,1229073,0.159865,7688185
3,2021-02-11,69907,1634050,34487,824262,35420,809788,0,0,37663,899059,0.11694,31909,368206,0.047892,38192,1267265,0.164833,7688185
3,2021-02-12,74579,1708629,32275,856537,42304,852092,0,0,41356,908229,0.118133,32940,401146,0.052177,42110,1309375,0.17031,7688185
3,2021-02-13,44483,1753112,20202,876739,24281,876373,0,0,25682,915834,0.119122,18657,419803,0.054604,26262,1335637,0.173726,7688185
3,2021-02-14,27062,1780174,13530,890269,13532,889905,0,0,15147,919556,0.119606,11870,431673,0.056148,15592,1351229,0.175754,7688185
3,2021-02-15,39567,1819741,17084,907353,22483,912388,0,0,21927,924859,0.120296,17555,449228,0.058431,22858,1374087,0.178727,7688185
3,2021-02-16,69287,1889028,32760,940113,36527,948915,0,0,36180,929076,0.120845,32979,482207,0.062721,37196,1411283,0.183565,7688185
3,2021-02-17,70991,1960019,35949,976062,35042,983957,0,0,33856,927066,0.120583,36937,519144,0.067525,34927,1446210,0.188108,7688185
3,2021-02-18,76054,2036073,39750,1015812,36304,1020261,0,0,35563,923597,0.120132,40368,559512,0.072776,36899,1483109,0.192908,7688185
3,2021-02-19,67856,2103929,39162,1054974,28694,1048955,0,0,34435,925391,0.120365,33330,592842,0.077111,35124,1518233,0.197476,7688185
3,2021-02-20,41506,2145435,26296,1081270,15210,1064165,0,0,22058,928577,0.12078,19362,612204,0.079629,22548,1540781,0.200409,7688185
3,2021-02-21,19963,2165398,16217,1097487,3746,1067911,0,0,9298,927650,0.120659,10600,622804,0.081008,9673,1550454,0.201667,7688185
3,2021-02-22,44683,2210081,29120,1126607,15563,1083474,0,0,21187,925899,0.120431,23417,646221,0.084054,21666,1572120,0.204485,7688185
3,2021-02-23,59584,2269665,32355,1158962,27229,1110703,0,0,26323,921070,0.119803,33132,679353,0.088363,28303,1600423,0.208167,7688185
3,2021-02-24,75867,2345532,37063,1196025,38804,1149507,0,0,34047,915953,0.119138,41661,721014,0.093782,36544,1636967,0.21292,7688185
3,2021-02-25,84616,2430148,40921,1236946,43695,1193202,0,0,42617,919347,0.119579,41788,762802,0.099217,45182,1682149,0.218797,7688185
3,2021-02-26,94947,2525095,43315,1280261,51632,1244834,0,0,50723,928343,0.120749,43910,806712,0.104929,52906,1735055,0.225678,7688185
3,2021-02-27,66637,2591732,30308,1310569,36326,1281160,3,3,35275,933716,0.121448,31198,837910,0.108987,36571,1771626,0.230435,7688185
3,2021-02-28,37565,2629297,21815,1332384,15749,1296909,1,4,19506,936252,0.121778,17919,855829,0.111317,20455,1792081,0.233095,7688185
3,2021-03-01,65142,2694439,34488,1366872,30640,1327549,14,18,36506,945610,0.122995,28488,884317,0.115023,37846,1829927,0.238018,7688185
3,2021-03-02,74298,2768737,35452,1402324,38843,1366392,3,21,42956,959396,0.124788,31230,915547,0.119085,45016,1874943,0.243873,7688185
3,2021-03-03,86814,2855551,41243,1443567,45558,1411950,13,34,48427,971858,0.126409,38227,953774,0.124057,50689,1925632,0.250466,7688185
3,2021-03-04,91420,2946971,44721,1488288,46684,1458634,15,49,52060,987015,0.128381,39174,992948,0.129152,54331,1979963,0.257533,7688185
3,2021-03-05,87303,3034274,42449,1530737,44566,1503200,288,337,53194,1008815,0.131216,33898,1026846,0.133562,55698,2035661,0.264778,7688185
3,2021-03-06,63814,3098088,32053,1562790,29627,1532827,2134,2471,36546,1021815,0.132907,27148,1053994,0.137093,40148,2075809,0.27,7688185
3,2021-03-07,36398,3134486,21496,1584286,13795,1546622,1107,3578,20852,1029434,0.133898,15499,1069493,0.139109,23118,2098927,0.273007,7688185
3,2021-03-08,57749,3192235,27367,1611653,27565,1574187,2817,6395,36598,1049344,0.136488,21047,1090540,0.141846,40957,2139884,0.278334,7688185
3,2021-03-09,70149,3262384,29749,1641402,36068,1610255,4332,10727,36473,1057756,0.137582,33574,1124114,0.146213,41986,2181870,0.283795,7688185
3,2021-03-10,79994,3342378,39402,1680804,34566,1644821,6026,16753,41431,1068217,0.138943,38400,1162514,0.151208,48861,2230731,0.290151,7688185
3,2021-03-11,95637,3438015,46816,1727620,40316,1685137,8505,25258,47146,1076722,0.140049,48266,1210780,0.157486,56771,2287502,0.297535,7688185
3,2021-03-12,100216,3538231,44575,1772195,43862,1728999,11779,37037,46023,1081647,0.14069,54021,1264801,0.164512,58946,2346448,0.305202,7688185
3,2021-03-13,68600,3606831,29035,1801230,32383,1761382,7182,44219,36063,1093838,0.142275,32441,1297242,0.168732,44632,2391080,0.311007,7688185
3,2021-03-14,40198,3647029,21126,1822356,15589,1776971,3483,47702,21860,1101536,0.143276,18283,1315525,0.17111,25981,2417061,0.314386,7688185
3,2021-03-15,74412,3721441,35279,1857635,34639,1811610,4494,52196,39606,1111984,0.144635,34654,1350179,0.175617,45102,2462163,0.320253,7688185
3,2021-03-16,93826,3815267,43214,1900849,46363,1857973,4249,56445,53547,1130608,0.147058,40099,1390278,0.180833,58723,2520886,0.327891,7688185
3,2021-03-17,96322,3911589,46790,1947639,45145,1903118,4387,60832,59062,1157648,0.150575,37077,1427355,0.185656,64117,2585003,0.336231,7688185
3,2021-03-18,101619,4013208,51557,1999196,45710,1948828,4352,65184,59529,1180195,0.153508,41888,1469243,0.191104,64435,2649438,0.344612,7688185
3,2021-03-19,101020,4114228,53942,2053138,42696,1991524,4382,69566,57535,1199390,0.156004,43267,1512510,0.196732,62462,2711900,0.352736,7688185
3,2021-03-20,70299,4184527,36202,2089340,30544,2022068,3553,73119,44462,1222220,0.158974,25684,1538194,0.200072,48514,2760414,0.359046,7688185
3,2021-03-21,35365,4219892,24036,2113376,9870,2031938,1459,74578,22998,1234843,0.160616,12303,1550497,0.201673,24926,2785340,0.362288,7688185
3,2021-03-22,69273,4289165,40664,2154040,26144,2058082,2465,77043,45238,1259690,0.163848,23864,1574361,0.204777,48711,2834051,0.368624,7688185
3,2021-03-23,88546,4377711,48779,2202819,37313,2095395,2454,79497,57291,1289092,0.167672,31046,1605407,0.208815,60448,2894499,0.376487,7688185
3,2021-03-24,97514,4475225,56216,2259035,38510,2133905,2788,82285,57005,1309274,0.170297,40218,1645625,0.214046,60400,2954899,0.384343,7688185
3,2021-03-25,105578,4580803,58861,2317896,43882,2177787,2835,85120,61080,1329610,0.172942,44231,1689856,0.219799,64567,3019466,0.392741,7688185
3,2021-03-26,108518,4689321,58276,2376172,47035,2224822,3207,88327,58001,1341396,0.174475,50269,1740125,0.226338,62055,3081521,0.400813,7688185
3,2021-03-27,73126,4762447,37033,2413205,33566,2258388,2527,90854,36676,1344996,0.174943,36279,1776404,0.231056,39879,3121400,0.406,7688185
3,2021-03-28,43234,4805681,27141,2440346,15291,2273679,802,91656,23101,1349351,0.17551,20044,1796448,0.233663,24399,3145799,0.409173,7688185
3,2021-03-29,79440,4885121,41497,2481843,36172,2309851,1771,93427,44945,1362565,0.177228,34301,1830749,0.238125,47515,3193314,0.415353,7688185
3,2021-03-30,98680,4983801,48522,2530365,46624,2356475,3534,96961,59828,1387883,0.180522,38647,1869396,0.243152,63965,3257279,0.423673,7688185
3,2021-03-31,103421,5087222,55824,2586189,42871,2399346,4726,101687,57353,1404393,0.182669,45914,1915310,0.249124,62424,3319703,0.431793,7688185
3,2021-04-01,121319,5208541,61460,2647649,50475,2449821,9384,111071,66295,1425648,0.185434,54780,1970090,0.256249,76035,3395738,0.441683,7688185
3,2021-04-02,115720,5324261,56557,2704206,49179,2499000,9984,121055,61750,1444139,0.187839,53756,2023846,0.263241,72247,3467985,0.45108,7688185
3,2021-04-03,74799,5399060,38141,2742347,27668,2526668,8990,130045,37640,1454068,0.18913,37051,2060897,0.26806,46980,3514965,0.45719,7688185
3,2021-04-04,32099,5431159,17161,2759508,10786,2537454,4152,134197,14350,1454926,0.189242,17692,2078589,0.270361,18550,3533515,0.459603,7688185
3,2021-04-05,87856,5519015,44669,2804177,34278,2571732,8909,143106,43555,1464077,0.190432,44148,2122737,0.276104,53299,3586814,0.466536,7688185
3,2021-04-06,112024,5631039,54686,2858863,42363,2614095,14975,158081,53348,1474671,0.19181,58459,2181196,0.283708,69053,3655867,0.475518,7688185
3,2021-04-07,114638,5745677,59657,2918520,38963,2653058,16018,174099,56103,1488755,0.193642,58335,2239531,0.291295,72419,3728286,0.484937,7688185
3,2021-04-08,119673,5865350,59935,2978455,39950,2693008,19788,193887,55987,1501880,0.195349,63454,2302985,0.299549,76579,3804865,0.494898,7688185
3,2021-04-09,116353,5981703,58182,3036637,39335,2732343,18836,212723,51653,1508777,0.196246,64517,2367502,0.30794,71414,3876279,0.504186,7688185
3,2021-04-10,82510,6064213,37452,3074089,30055,2762398,15003,227726,33998,1510244,0.196437,48371,2415873,0.314232,49838,3926117,0.510669,7688185
3,2021-04-11,44529,6108742,23948,3098037,12656,2775054,7925,235651,17111,1508776,0.196246,27344,2443217,0.317789,25876,3951993,0.514035,7688185
3,2021-04-12,82712,6191454,41930,3139967,32221,2807275,8561,244212,37971,1511813,0.196641,44569,2487786,0.323586,47606,3999599,0.520227,7688185
3,2021-04-13,104126,6295580,56540,3196507,47381,2854656,205,244417,55351,1519634,0.197658,48603,2536389,0.329907,56424,4056023,0.527566,7688185
3,2021-04-14,104907,6400487,57550,3254057,47267,2901923,90,244507,53019,1522503,0.198032,51654,2588043,0.336626,54523,4110546,0.534658,7688185
3,2021-04-15,117093,6517580,65928,3319985,51110,2953033,55,244562,63157,1532790,0.19937,53710,2641753,0.343612,63997,4174543,0.542982,7688185
3,2021-04-16,113141,6630721,63567,3383552,49485,3002518,89,244651,59587,1539789,0.20028,53330,2695083,0.350549,60329,4234872,0.550829,7688185
3,2021-04-17,77514,6708235,42442,3425994,35060,3037578,12,244663,43371,1550113,0.201623,34006,2729089,0.354972,44330,4279202,0.556595,7688185
3,2021-04-18,36715,6744950,21782,3447776,14930,3052508,3,244666,17403,1549133,0.201495,19239,2748328,0.357474,18259,4297461,0.55897,7688185
3,2021-04-19,77502,6822452,43335,3491111,34115,3086623,52,244718,35194,1542731,0.200663,42172,2790500,0.36296,35770,4333231,0.563622,7688185
3,2021-04-20,97347,6919799,50419,3541530,46919,3133542,9,244727,47646,1541889,0.200553,49530,2840030,0.369402,48688,4381919,0.569955,7688185
3,2021-04-21,100254,7020053,55317,3596847,44876,3178418,61,244788,47713,1538323,0.200089,52291,2892321,0.376203,48725,4430644,0.576293,7688185
3,2021-04-22,108038,7128091,60371,3657218,47648,3226066,19,244807,46766,1525028,0.19836,61013,2953334,0.384139,47718,4478362,0.582499,7688185
3,2021-04-23,102297,7230388,58243,3715461,44034,3270100,20,244827,45047,1514128,0.196942,56957,3010291,0.391548,46057,4524419,0.58849,7688185
3,2021-04-24,72153,7302541,44828,3760289,27268,3297368,57,244884,35392,1513998,0.196925,36537,3046828,0.3963,36407,4560826,0.593225,7688185
3,2021-04-25,35963,7338504,23249,3783538,12702,3310070,12,244896,18549,1515628,0.197137,17313,3064141,0.398552,18943,4579769,0.595689,7688185
3,2021-04-26,64746,7403250,36390,3819928,27993,3338063,363,245259,27525,1507778,0.196116,37017,3101158,0.403367,29167,4608936,0.599483,7688185
3,2021-04-27,81774,7485024,42576,3862504,37810,3375873,1388,246647,32583,1493521,0.194262,48957,3150115,0.409735,34700,4643636,0.603996,7688185
3,2021-04-28,83236,7568260,46933,3909437,34237,3410110,2066,248713,33735,1480558,0.192576,49286,3199401,0.416145,36323,4679959,0.608721,7688185
3,2021-04-29,85084,7653344,48423,3957860,34523,3444633,2138,250851,29775,1457869,0.189625,55077,3254478,0.423309,32388,4712347,0.612934,7688185
3,2021-04-30,87383,7740727,49218,4007078,35750,3480383,2415,253266,32529,1438642,0.187124,54612,3309090,0.430412,35385,4747732,0.617536,7688185
3,2021-05-01,54072,7794799,34200,4041278,18449,3498832,1423,254689,19472,1425567,0.185423,34447,3343537,0.434893,21372,4769104,0.620316,7688185
3,2021-05-02,26356,7821155,17991,4059269,7360,3506192,1005,255694,9645,1419671,0.184656,16645,3360182,0.437058,10749,4779853,0.621714,7688185
3,2021-05-03,58241,7879396,34208,4093477,21728,3527920,2305,257999,17017,1398114,0.181852,41058,3401240,0.442398,19501,4799354,0.624251,7688185
3,2021-05-04,74943,7954339,42885,4136362,29474,3557394,2584,260583,21852,1369977,0.178193,52855,3454095,0.449273,24718,4824072,0.627466,7688185
3,2021-05-05,70877,8025216,43395,4179757,24906,3582300,2576,263159,19557,1341309,0.174464,51067,3505162,0.455915,22399,4846471,0.630379,7688185
3,2021-05-06,75419,8100635,48713,4228470,24300,3606600,2406,265565,18830,1306865,0.169984,56226,3561388,0.463229,21782,4868253,0.633212,7688185
3,2021-05-07,73456,8174091,46818,4275288,24128,3630728,2510,268075,19688,1275850,0.165949,53511,3614899,0.470189,22496,4890749,0.636138,7688185
3,2021-05-08,47574,8221665,29590,4304878,16420,3647148,1564,269639,12660,1255680,0.163326,34650,3649549,0.474696,14480,4905229,0.638022,7688185
3,2021-05-09,19636,8241301,14347,4319225,4537,3651685,752,270391,5371,1247713,0.16229,14159,3663708,0.476537,6192,4911421,0.638827,7688185
3,2021-05-10,41070,8282371,22681,4341906,16560,3668245,1829,272220,9859,1228615,0.159806,31051,3694759,0.480576,11953,4923374,0.640382,7688185
3,2021-05-11,45245,8327616,25215,4367121,18807,3687052,1223,273443,11164,1207296,0.157033,33944,3728703,0.484991,12625,4935999,0.642024,7688185
3,2021-05-12,32939,8360555,20019,4387140,11907,3698959,1013,274456,6250,1188061,0.154531,26568,3755271,0.488447,7333,4943332,0.642978,7688185
4,2020-12-15,444,444,444,444,0,0,0,0,444,444,5.9e-05,0,0,0.0,444,444,5.9e-05,7584050
4,2020-12-16,2958,3402,2958,3402,0,0,0,0,2958,3402,0.000449,0,0,0.0,2958,3402,0.000449,7584050
4,2020-12-17,8524,11926,8524,11926,0,0,0,0,8524,11926,0.001573,0,0,0.0,8524,11926,0.001573,7584050
4,2020-12-18,15384,27310,15375,27301,9,9,0,0,15384,27310,0.003601,0,0,0.0,15384,27310,0.003601,7584050
4,2020-12-19,10235,37545,10228,37529,7,16,0,0,10170,37480,0.004942,0,0,0.0,10170,37480,0.004942,7584050
4,2020-12-20,7356,44901,7348,44877,8,24,0,0,7310,44790,0.005906,0,0,0.0,7310,44790,0.005906,7584050
4,2020-12-21,16278,61179,16255,61132,23,47,0,0,16211,61001,0.008043,0,0,0.0,16211,61001,0.008043,7584050
4,2020-12-22,17086,78265,16357,77489,729,776,0,0,17042,78043,0.01029,0,0,0.0,17042,78043,0.01029,7584050
4,2020-12-23,16914,95179,14229,91718,2685,3461,0,0,16885,94928,0.012517,0,0,0.0,16885,94928,0.012517,7584050
4,2020-12-24,8537,103716,5955,97673,2582,6043,0,0,8537,103465,0.013642,0,0,0.0,8537,103465,0.013642,7584050
4,2020-12-25,900,104616,796,98469,104,6147,0,0,900,104365,0.013761,0,0,0.0,900,104365,0.013761,7584050
4,2020-12-26,6166,110782,3865,102334,2301,8448,0,0,6166,110531,0.014574,0,0,0.0,6166,110531,0.014574,7584050
4,2020-12-27,3414,114196,1995,104329,1419,9867,0,0,3414,113945,0.015024,0,0,0.0,3414,113945,0.015024,7584050
4,2020-12-28,14950,129146,9238,113567,5712,15579,0,0,14920,128864,0.016991,1,1,0.0,14920,128865,0.016992,7584050
4,2020-12-29,15235,144381,8434,122001,6801,22380,0,0,15201,144065,0.018996,0,1,0.0,15201,144066,0.018996,7584050
4,2020-12-30,18867,163248,11055,133056,7812,30192,0,0,18856,162919,0.021482,2,3,0.0,18856,162922,0.021482,7584050
4,2020-12-31,8188,171436,3319,136375,4869,35061,0,0,8183,171100,0.022561,2,5,1e-06,8183,171105,0.022561,7584050
4,2021-01-01,1229,172665,521,136896,708,35769,0,0,1227,172325,0.022722,2,7,1e-06,1227,172332,0.022723,7584050
4,2021-01-02,5666,178331,3204,140100,2462,38231,0,0,5665,177989,0.023469,1,8,1e-06,5665,177997,0.02347,7584050
4,2021-01-03,2120,180451,1256,141356,864,39095,0,0,2106,180091,0.023746,4,12,2e-06,2106,180103,0.023748,7584050
4,2021-01-04,12942,193393,7058,148414,5884,44979,0,0,12894,192954,0.025442,31,43,6e-06,12894,192997,0.025448,7584050
4,2021-01-05,16757,210150,9902,158316,6855,51834,0,0,14733,205695,0.027122,2003,2046,0.00027,14744,207741,0.027392,7584050
4,2021-01-06,21470,231620,13163,171479,8307,60141,0,0,15632,215551,0.028422,5787,7833,0.001033,15643,223384,0.029454,7584050
4,2021-01-07,27744,259364,16921,188400,10823,70964,0,0,16969,221813,0.029247,10720,18553,0.002446,16982,240366,0.031694,7584050
4,2021-01-08,32620,291984,20931,209331,11689,82653,0,0,18483,226245,0.029832,14068,32621,0.004301,18500,258866,0.034133,7584050
4,2021-01-09,16151,308135,9557,218888,6594,89247,0,0,9418,228963,0.03019,6711,39332,0.005186,9429,268295,0.035376,7584050
4,2021-01-10,8702,316837,5621,224509,3081,92328,0,0,4104,228498,0.030129,4577,43909,0.00579,4112,272407,0.035918,7584050
4,2021-01-11,33235,350072,21770,246279,11465,103793,0,0,18745,232832,0.0307,14450,58359,0.007695,18784,291191,0.038395,7584050
4,2021-01-12,38024,388096,21815,268094,16209,120002,0,0,24014,242924,0.032031,13961,72320,0.009536,24053,315244,0.041567,7584050
4,2021-01-13,38390,426486,18898,286992,19492,139494,0,0,27207,259026,0.034154,11130,83450,0.011003,27232,342476,0.045157,7584050
4,2021-01-14,38863,465349,14845,301837,24018,163512,0,0,31823,283885,0.037432,6991,90441,0.011925,31850,374326,0.049357,7584050
4,2021-01-15,45044,510393,15589,317426,29455,192967,0,0,39529,317975,0.041927,5459,95900,0.012645,39549,413875,0.054572,7584050
4,2021-01-16,28514,538907,9335,326761,19179,212146,0,0,25411,340333,0.044875,3067,98967,0.013049,25425,439300,0.057924,7584050
4,2021-01-17,18940,557847,6646,333407,12294,224440,0,0,17431,356294,0.046979,1484,100451,0.013245,17445,456745,0.060224,7584050
4,2021-01-18,29125,586972,13369,346776,15756,240196,0,0,23178,373655,0.049269,5849,106300,0.014016,23210,479955,0.063285,7584050
4,2021-01-19,45998,632970,23194,369970,22804,263000,0,0,36699,401180,0.052898,9244,115544,0.015235,36769,516724,0.068133,7584050
4,2021-01-20,51505,684475,27323,397293,24182,287182,0,0,41116,432053,0.056969,10293,125837,0.016592,41166,557890,0.073561,7584050
4,2021-01-21,56220,740695,24858,422151,31362,318544,0,0,49852,475639,0.062716,6308,132145,0.017424,49894,607784,0.08014,7584050
4,2021-01-22,54795,795490,22022,444173,32773,351317,0,0,49726,520421,0.06862,4974,137119,0.01808,49756,657540,0.0867,7584050
4,2021-01-23,39370,834860,17405,461578,21965,373282,0,0,35078,551243,0.072685,4284,141403,0.018645,35106,692646,0.091329,7584050
4,2021-01-24,23893,858753,10495,472073,13398,386680,0,0,22024,571423,0.075345,1861,143264,0.01889,22041,714687,0.094236,7584050
4,2021-01-25,47556,906309,21963,494036,25593,412273,0,0,36565,597081,0.078729,10961,154225,0.020335,36619,751306,0.099064,7584050
4,2021-01-26,56197,962506,28676,522712,27521,439794,0,0,44139,629273,0.082973,12003,166228,0.021918,44195,795501,0.104891,7584050
4,2021-01-27,55163,1017669,26681,549393,28482,468276,0,0,44223,662742,0.087386,10804,177032,0.023343,44273,839774,0.110729,7584050
4,2021-01-28,56052,1073721,25299,574692,30753,499029,0,0,46210,699241,0.092199,9752,186784,0.024629,46251,886025,0.116827,7584050
4,2021-01-29,56007,1129728,26934,601626,29073,528102,0,0,45761,734924,0.096904,10104,196888,0.025961,45787,931812,0.122865,7584050
4,2021-01-30,37468,1167196,17066,618692,20402,548504,0,0,32234,761992,0.100473,5189,202077,0.026645,32257,964069,0.127118,7584050
4,2021-01-31,23786,1190982,12501,631193,11285,559789,0,0,22186,782608,0.103191,1584,203661,0.026854,22200,986269,0.130045,7584050
4,2021-02-01,48158,1239140,22711,653904,25447,585236,0,0,37899,810319,0.106845,10229,213890,0.028203,37940,1024209,0.135048,7584050
4,2021-02-02,55828,1294968,26329,680233,29499,614735,0,0,42147,838960,0.110622,13547,227437,0.029989,42188,1066397,0.14061,7584050
4,2021-02-03,61723,1356691,30340,710573,31383,646118,0,0,47562,872524,0.115047,14054,241491,0.031842,47618,1114015,0.146889,7584050
4,2021-02-04,67249,1423940,31371,741944,35878,681996,0,0,50633,906803,0.119567,16460,257951,0.034012,50739,1164754,0.153579,7584050
4,2021-02-05,72613,1496553,33645,775589,38968,720964,0,0,50730,936023,0.12342,21642,279593,0.036866,50862,1215616,0.160286,7584050
4,2021-02-06,47962,1544515,25969,801558,21993,742957,0,0,36545,961379,0.126763,11389,290982,0.038368,36745,1252361,0.165131,7584050
4,2021-02-07,26249,1570764,17317,818875,8932,751889,0,0,19887,975174,0.128582,6328,297310,0.039202,20123,1272484,0.167784,7584050
4,2021-02-08,58084,1628848,29809,848684,28275,780164,0,0,37841,993159,0.130954,20111,317421,0.041854,38096,1310580,0.172807,7584050
4,2021-02-09,66789,1695637,34013,882697,32776,812940,0,0,39282,1005396,0.132567,27443,344864,0.045472,39680,1350260,0.178039,7584050
4,2021-02-10,76845,1772482,38483,921180,38362,851302,0,0,40853,1011023,0.133309,35760,380624,0.050187,41387,1391647,0.183497,7584050
4,2021-02-11,80574,1853056,42010,963190,38564,889866,0,0,41786,1014897,0.13382,38571,419195,0.055273,42445,1434092,0.189093,7584050
4,2021-02-12,83739,1936795,37516,1000706,46223,936089,0,0,43233,1018578,0.134305,40334,459529,0.060592,44015,1478107,0.194897,7584050
4,2021-02-13,58293,1995088,29545,1030251,28748,964837,0,0,29811,1020908,0.134613,28369,487898,0.064332,30699,1508806,0.198945,7584050
4,2021-02-14,36617,2031705,19033,1049284,17584,982421,0,0,18818,1022625,0.134839,17756,505654,0.066673,19473,1528279,0.201512,7584050
4,2021-02-15,45802,2077507,21487,1070771,24315,1006736,0,0,23598,1025258,0.135186,22138,527792,0.069592,24771,1553050,0.204778,7584050
4,2021-02-16,79372,2156879,36326,1107097,43046,1049782,0,0,40589,1028362,0.135595,38691,566483,0.074694,41795,1594845,0.210289,7584050
4,2021-02-17,80605,2237484,37957,1145054,42648,1092430,0,0,38507,1026047,0.13529,41945,608428,0.080225,39630,1634475,0.215515,7584050
4,2021-02-18,82542,2320026,45434,1190488,37108,1129538,0,0,38369,1021852,0.134737,44032,652460,0.086031,39837,1674312,0.220768,7584050
4,2021-02-19,81567,2401593,51321,1241809,30246,1159784,0,0,40964,1023036,0.134893,40470,692930,0.091367,41654,1715966,0.22626,7584050
4,2021-02-20,48209,2449802,32192,1274001,16017,1175801,0,0,26405,1028372,0.135597,21754,714684,0.094235,27090,1743056,0.229832,7584050
4,2021-02-21,25719,2475521,20116,1294117,5603,1181404,0,0,11668,1026328,0.135327,13992,728676,0.09608,11948,1755004,0.231407,7584050
4,2021-02-22,52143,2527664,35882,1329999,16261,1197665,0,0,25372,1025449,0.135211,26687,755363,0.099599,25808,1780812,0.23481,7584050
4,2021-02-23,72319,2599983,39883,1369882,32436,1230101,0,0,31841,1018580,0.134306,40368,795731,0.104922,33499,1814311,0.239227,7584050
4,2021-02-24,87545,2687528,46090,1415972,41455,1271556,0,0,39764,1012894,0.133556,47593,843324,0.111197,41907,1856218,0.244753,7584050
4,2021-02-25,97797,2785325,50828,1466800,46969,1318525,0,0,46991,1011759,0.133406,50662,893986,0.117877,49527,1905745,0.251283,7584050
4,2021-02-26,103907,2889232,52367,1519167,51540,1370065,0,0,53747,1017892,0.134215,49945,943931,0.124463,56078,1961823,0.258677,7584050
4,2021-02-27,74724,2963956,40413,1559580,34305,1404370,6,6,39960,1024682,0.13511,34646,978577,0.129031,41436,2003259,0.264141,7584050
4,2021-02-28,44952,3008908,27854,1587434,17097,1421467,1,7,25057,1030852,0.135924,19766,998343,0.131637,25936,2029195,0.267561,7584050
4,2021-03-01,74509,3083417,43524,1630958,30971,1452438,14,21,41269,1040268,0.137165,33044,1031387,0.135994,42460,2071655,0.273159,7584050
4,2021-03-02,80531,3163948,44925,1675883,35602,1488040,4,25,47217,1056094,0.139252,33174,1064561,0.140368,49000,2120655,0.27962,7584050
4,2021-03-03,97926,3261874,51676,1727559,46239,1534279,11,36,54470,1069068,0.140963,43274,1107835,0.146074,56248,2176903,0.287037,7584050
4,2021-03-04,95470,3357344,52960,1780519,42496,1576775,14,50,52443,1080452,0.142464,42840,1150675,0.151723,54224,2231127,0.294187,7584050
4,2021-03-05,92320,3449664,49364,1829883,42645,1619420,311,361,54682,1099887,0.145026,37472,1188147,0.156664,56907,2288034,0.30169,7584050
4,2021-03-06,74844,3524508,41930,1871813,30313,1649733,2601,2962,45799,1120680,0.147768,28949,1217096,0.160481,49742,2337776,0.308249,7584050
4,2021-03-07,41381,3565889,26230,1898043,13992,1663725,1159,4121,24555,1130707,0.14909,16771,1233867,0.162692,26798,2364574,0.311782,7584050
4,2021-03-08,64996,3630885,33710,1931753,28120,1691845,3166,7287,42712,1155750,0.152392,22181,1256048,0.165617,47224,2411798,0.318009,7584050
4,2021-03-09,73690,3704575,34127,1965880,34472,1726317,5091,12378,38214,1164858,0.153593,35334,1291382,0.170276,44442,2456240,0.323869,7584050
4,2021-03-10,88032,3792607,44656,2010536,35991,1762308,7385,19763,44096,1173528,0.154736,43786,1335168,0.176049,52456,2508696,0.330786,7584050
4,2021-03-11,99748,3892355,52483,2063019,38915,1801223,8350,28113,46251,1175959,0.155057,53303,1388471,0.183078,55734,2564430,0.338135,7584050
4,2021-03-12,103340,3995695,50885,2113904,42264,1843487,10191,38304,44307,1172586,0.154612,58824,1447295,0.190834,55451,2619881,0.345446,7584050
4,2021-03-13,79870,4075565,37153,2151057,34369,1877856,8348,46652,37575,1177487,0.155258,42183,1489478,0.196396,47084,2666965,0.351654,7584050
4,2021-03-14,48993,4124558,27901,2178958,17512,1895368,3580,50232,25139,1183065,0.155994,23780,1513258,0.199532,29358,2696323,0.355525,7584050
4,2021-03-15,82907,4207465,44389,2223347,34323,1929691,4195,54427,42858,1191107,0.157054,39854,1553112,0.204787,47896,2744219,0.361841,7584050
4,2021-03-16,106559,4314024,55314,2278661,47893,1977584,3352,57779,57332,1203471,0.158684,49023,1602135,0.211251,61387,2805606,0.369935,7584050
4,2021-03-17,105078,4419102,56473,2335134,45214,2022798,3391,61170,62034,1226643,0.16174,42829,1644964,0.216898,66001,2871607,0.378638,7584050
4,2021-03-18,105276,4524378,58281,2393415,43388,2066186,3607,64777,60590,1246822,0.164401,44458,1689422,0.22276,64637,2936244,0.38716,7584050
4,2021-03-19,109195,4633573,62493,2455908,41601,2107787,5101,69878,63360,1270058,0.167464,45632,1735054,0.228777,68868,3005112,0.396241,7584050
4,2021-03-20,82292,4715865,48050,2503958,31294,2139081,2948,72826,51490,1294119,0.170637,30688,1765742,0.232823,54749,3059861,0.40346,7584050
4,2021-03-21,47296,4763161,34226,2538184,10845,2149926,2225,75051,28888,1307269,0.172371,18317,1784059,0.235238,31467,3091328,0.407609,7584050
4,2021-03-22,81030,4844191,52939,2591123,25447,2175373,2644,77695,51640,1333063,0.175772,29205,1813264,0.239089,54999,3146327,0.414861,7584050
4,2021-03-23,103178,4947369,61495,2652618,39589,2214962,2094,79789,64586,1361923,0.179577,38352,1851616,0.244146,67212,3213539,0.423723,7584050
4,2021-03-24,112190,5059559,72442,2725060,37445,2252407,2303,82092,64537,1381951,0.182218,47268,1898884,0.250379,67296,3280835,0.432597,7584050
4,2021-03-25,115474,5175033,71150,2796210,42022,2294429,2302,84394,67291,1404248,0.185158,47775,1946659,0.256678,70072,3350907,0.441836,7584050
4,2021-03-26,118041,5293074,71630,2867840,43418,2337847,2993,87387,66251,1422598,0.187578,51493,1998152,0.263468,69843,3420750,0.451045,7584050
4,2021-03-27,90120,5383194,53340,2921180,35001,2372848,1779,89166,46939,1428798,0.188395,42993,2041145,0.269137,49193,3469943,0.457532,7584050
4,2021-03-28,54917,5438111,36125,2957305,17926,2390774,866,90032,30706,1436598,0.189424,24092,2065237,0.272313,31892,3501835,0.461737,7584050
4,2021-03-29,92321,5530432,55462,3012767,34844,2425618,2015,92047,51595,1450215,0.191219,40534,2105771,0.277658,54151,3555986,0.468877,7584050
4,2021-03-30,115812,5646244,63106,3075873,48618,2474236,4088,96135,74063,1487246,0.196102,41568,2147339,0.283139,78599,3634585,0.479241,7584050
4,2021-03-31,119465,5765709,70617,3146490,42654,2516890,6194,102329,69205,1512878,0.199482,49995,2197334,0.289731,75627,3710212,0.489212,7584050
4,2021-04-01,140265,5905974,80272,3226762,47142,2564032,12851,115180,83350,1552709,0.204733,56642,2253976,0.2972,96473,3806685,0.501933,7584050
4,2021-04-02,134429,6040403,72047,3298809,49241,2613273,13141,128321,78227,1588498,0.209452,55979,2309955,0.304581,91768,3898453,0.514033,7584050
4,2021-04-03,99811,6140214,53266,3352075,33432,2646705,13113,141434,52328,1606906,0.21188,47333,2357288,0.310822,65741,3964194,0.522701,7584050
4,2021-04-04,46460,6186674,24510,3376585,14495,2661200,7455,148889,20584,1609196,0.212182,25800,2383088,0.314224,28090,3992284,0.526405,7584050
4,2021-04-05,108222,6294896,61019,3437604,34576,2695776,12627,161516,56876,1628110,0.214676,51187,2434275,0.320973,70101,4062385,0.535648,7584050
4,2021-04-06,137403,6432299,77522,3515126,40326,2736102,19555,181071,71860,1654844,0.218201,65354,2499629,0.32959,92088,4154473,0.547791,7584050
4,2021-04-07,135742,6568041,77155,3592281,38149,2774251,20438,201509,70716,1681520,0.221718,64824,2564453,0.338138,91500,4245973,0.559856,7584050
4,2021-04-08,137994,6706035,77225,3669506,35681,2809932,25088,226597,68887,1707296,0.225117,68882,2633335,0.34722,94658,4340631,0.572337,7584050
4,2021-04-09,135481,6841516,74432,3743938,38441,2848373,22608,249205,65066,1725788,0.227555,70242,2703577,0.356482,88734,4429365,0.584037,7584050
4,2021-04-10,101829,6943345,50434,3794372,32898,2881271,18497,267702,46151,1735997,0.228901,55517,2759094,0.363802,65726,4495091,0.592703,7584050
4,2021-04-11,61857,7005202,37687,3832059,13067,2894338,11103,278805,27310,1741030,0.229565,34470,2793564,0.368347,39503,4534594,0.597912,7584050
4,2021-04-12,101385,7106587,61695,3893754,29779,2924117,9911,288716,51408,1753827,0.231252,49740,2843304,0.374906,62537,4597131,0.606158,7584050
4,2021-04-13,128850,7235437,80798,3974552,47899,2972016,153,288869,77487,1781171,0.234857,51144,2894448,0.381649,78488,4675619,0.616507,7584050
4,2021-04-14,133447,7368884,85043,4059595,48335,3020351,69,288938,74511,1798263,0.237111,58686,2953134,0.389387,75778,4751397,0.626499,7584050
4,2021-04-15,153747,7522631,102517,4162112,51197,3071548,33,288971,95036,1835653,0.242041,58418,3011552,0.39709,95808,4847205,0.639131,7584050
4,2021-04-16,141368,7663999,89916,4252028,51378,3122926,74,289045,82856,1861001,0.245384,58271,3069823,0.404774,83619,4930824,0.650157,7584050
4,2021-04-17,99338,7763337,62769,4314797,36561,3159487,8,289053,58416,1879832,0.247867,40712,3110535,0.410142,59543,4990367,0.658008,7584050
4,2021-04-18,53510,7816847,35881,4350678,17626,3177113,3,289056,30457,1888277,0.24898,22952,3133487,0.413168,31397,5021764,0.662148,7584050
4,2021-04-19,99296,7916143,65592,4416270,33692,3210805,12,289068,50923,1891597,0.249418,48194,3181681,0.419523,51514,5073278,0.66894,7584050
4,2021-04-20,126269,8042412,74005,4490275,52259,3263064,5,289073,66365,1899353,0.25044,59646,3241327,0.427387,67402,5140680,0.677828,7584050
4,2021-04-21,126512,8168924,81282,4571557,45181,3308245,49,289122,64087,1902313,0.250831,62166,3303493,0.435584,65126,5205806,0.686415,7584050
4,2021-04-22,136251,8305175,89844,4661401,46389,3354634,18,289140,61114,1889673,0.249164,74854,3378347,0.445454,62214,5268020,0.694618,7584050
4,2021-04-23,129715,8434890,83964,4745365,45729,3400363,22,289162,56463,1874308,0.247138,72969,3451316,0.455076,57604,5325624,0.702214,7584050
4,2021-04-24,96364,8531254,65425,4810790,30887,3431250,52,289214,44445,1868151,0.246326,51690,3503006,0.461891,45533,5371157,0.708218,7584050
4,2021-04-25,48789,8580043,34669,4845459,14097,3445347,23,289237,25624,1871162,0.246723,23060,3526066,0.464932,26071,5397228,0.711655,7584050
4,2021-04-26,79918,8659961,52663,4898122,26896,3472243,359,289596,31237,1855546,0.244664,48467,3574533,0.471322,32851,5430079,0.715987,7584050
4,2021-04-27,101782,8761743,62175,4960297,37831,3510074,1776,291372,36612,1829736,0.241261,64911,3639444,0.479881,39101,5469180,0.721142,7584050
4,2021-04-28,99038,8860781,64295,5024592,32276,3542350,2467,293839,35415,1804833,0.237977,63398,3702842,0.488241,38495,5507675,0.726218,7584050
4,2021-04-29,100352,8961133,63617,5088209,34258,3576608,2477,296316,31464,1770706,0.233478,68633,3771475,0.49729,34506,5542181,0.730768,7584050
4,2021-04-30,100758,9061891,63412,5151621,34733,3611341,2613,298929,34411,1742265,0.229728,66063,3837538,0.506001,37622,5579803,0.735729,7584050
4,2021-05-01,68062,9129953,45379,5197000,20933,3632274,1750,300679,19802,1716335,0.226309,48104,3885642,0.512344,22174,5601977,0.738652,7584050
4,2021-05-02,37138,9167091,26314,5223314,9556,3641830,1268,301947,10497,1701693,0.224378,26542,3912184,0.515844,11900,5613877,0.740222,7584050
4,2021-05-03,77339,9244430,54129,5277443,20772,3662602,2438,304385,19027,1665371,0.219589,58119,3970303,0.523507,21797,5635674,0.743096,7584050
4,2021-05-04,97611,9342041,66337,5343780,28587,3691189,2687,307072,22089,1615203,0.212974,75297,4045600,0.533435,25129,5660803,0.746409,7584050
4,2021-05-05,95591,9437632,68034,5411814,24866,3716055,2691,309763,20680,1564196,0.206248,74652,4120252,0.543279,23645,5684448,0.749527,7584050
4,2021-05-06,105022,9542654,79539,5491353,22654,3738709,2829,312592,18392,1500273,0.19782,86257,4206509,0.554652,22334,5706782,0.752472,7584050
4,2021-05-07,98313,9640967,71483,5562836,24198,3762907,2632,315224,19296,1443874,0.190383,78721,4285230,0.565032,22322,5729104,0.755415,7584050
4,2021-05-08,64003,9704970,43886,5606722,18268,3781175,1849,317073,12442,1407135,0.185539,51367,4336597,0.571805,14628,5743732,0.757344,7584050
4,2021-05-09,32354,9737324,26348,5633070,5066,3786241,940,318013,7670,1391245,0.183444,24589,4361186,0.575047,8699,5752431,0.758491,7584050
4,2021-05-10,56691,9794015,38002,5671072,16513,3802754,2176,320189,9888,1356958,0.178923,46648,4407834,0.581198,12361,5764792,0.760121,7584050
4,2021-05-11,56582,9850597,33690,5704762,21904,3824658,988,321177,10633,1323030,0.174449,45811,4453645,0.587238,11883,5776675,0.761687,7584050
4,2021-05-12,40976,9891573,26821,5731583,13212,3837870,943,322120,5504,1294197,0.170647,35346,4488991,0.591899,6513,5783188,0.762546,7584050
