vemquartile,administered_date,total_doses,cumulative_total_doses,pfizer_doses,cumulative_pfizer_doses,moderna_doses,cumulative_moderna_doses,jj_doses,cumulative_jj_doses,partially_vaccinated,total_partially_vaccinated,pct_age12pop_partially_vaccinated,fully_vaccinated,cumulative_fully_vaccinated,pct_age12pop_fully_vaccinated,at_least_one_dose,cumulative_at_least_one_dose,pct_age12pop_at_least_one_dose,age12_population
1,2020-12-15,154,154,154,154,0,0,0,0,154,154,1.8e-05,0,0,0.0,154,154,1.8e-05,8700223
1,2020-12-16,1252,1406,1252,1406,0,0,0,0,1251,1405,0.000161,0,0,0.0,1251,1405,0.000161,8700223
1,2020-12-17,4183,5589,4183,5589,0,0,0,0,4185,5590,0.000643,0,0,0.0,4185,5590,0.000643,8700223
1,2020-12-18,6397,11986,6373,11962,24,24,0,0,6401,11990,0.001378,1,1,0.0,6401,11991,0.001378,8700223
1,2020-12-19,2890,14876,2887,14849,3,27,0,0,2889,14878,0.00171,1,2,0.0,2889,14880,0.00171,8700223
1,2020-12-20,2140,17016,2129,16978,11,38,0,0,2142,17020,0.001956,0,2,0.0,2142,17022,0.001957,8700223
1,2020-12-21,7702,24718,7681,24659,21,59,0,0,7752,24772,0.002847,1,3,0.0,7753,24775,0.002848,8700223
1,2020-12-22,7378,32096,7028,31687,350,409,0,0,7378,32148,0.003695,2,5,1e-06,7378,32153,0.003696,8700223
1,2020-12-23,7916,40012,6647,38334,1269,1678,0,0,7913,40060,0.004604,2,7,1e-06,7914,40067,0.004605,8700223
1,2020-12-24,3311,43323,2368,40702,943,2621,0,0,3313,43373,0.004985,0,7,1e-06,3313,43380,0.004986,8700223
1,2020-12-25,240,43563,157,40859,83,2704,0,0,240,43613,0.005013,0,7,1e-06,240,43620,0.005014,8700223
1,2020-12-26,1374,44937,979,41838,395,3099,0,0,1373,44985,0.005171,1,8,1e-06,1373,44993,0.005171,8700223
1,2020-12-27,881,45818,547,42385,334,3433,0,0,881,45865,0.005272,1,9,1e-06,881,45874,0.005273,8700223
1,2020-12-28,7143,52961,4793,47178,2350,5783,0,0,7140,53005,0.006092,0,9,1e-06,7140,53014,0.006093,8700223
1,2020-12-29,9074,62035,5065,52243,4009,9792,0,0,9070,62073,0.007135,2,11,1e-06,9070,62084,0.007136,8700223
1,2020-12-30,11783,73818,6558,58801,5225,15017,0,0,11781,73853,0.008489,1,12,1e-06,11781,73865,0.00849,8700223
1,2020-12-31,6053,79871,1972,60773,4081,19098,0,0,6050,79899,0.009184,5,17,2e-06,6051,79916,0.009186,8700223
1,2021-01-01,629,80500,253,61026,376,19474,0,0,625,80522,0.009255,2,19,2e-06,625,80541,0.009257,8700223
1,2021-01-02,2932,83432,1773,62799,1159,20633,0,0,2932,83454,0.009592,0,19,2e-06,2932,83473,0.009594,8700223
1,2021-01-03,1058,84490,553,63352,505,21138,0,0,1056,84507,0.009713,3,22,3e-06,1056,84529,0.009716,8700223
1,2021-01-04,7428,91918,3616,66968,3812,24950,0,0,7431,91936,0.010567,2,24,3e-06,7431,91960,0.01057,8700223
1,2021-01-05,10982,102900,5286,72254,5696,30646,0,0,10179,101355,0.01165,784,808,9.3e-05,10203,102163,0.011743,8700223
1,2021-01-06,14168,117068,7102,79356,7066,37712,0,0,12214,111668,0.012835,1918,2726,0.000313,12231,114394,0.013148,8700223
1,2021-01-07,17653,134721,9183,88539,8470,46182,0,0,13119,120356,0.013834,4442,7168,0.000824,13130,127524,0.014658,8700223
1,2021-01-08,20279,155000,10518,99057,9761,55943,0,0,14301,128713,0.014794,5960,13128,0.001509,14317,141841,0.016303,8700223
1,2021-01-09,6715,161715,3419,102476,3296,59239,0,0,4835,131678,0.015135,1874,15002,0.001724,4839,146680,0.016859,8700223
1,2021-01-10,3120,164835,1779,104255,1341,60580,0,0,1923,132409,0.015219,1193,16195,0.001861,1924,148604,0.01708,8700223
1,2021-01-11,18225,183060,11904,116159,6321,66901,0,0,11604,137451,0.015799,6608,22803,0.002621,11650,160254,0.01842,8700223
1,2021-01-12,19235,202295,11009,127168,8226,75127,0,0,13192,144673,0.016629,6013,28816,0.003312,13235,173489,0.019941,8700223
1,2021-01-13,19911,222206,10777,137945,9134,84261,0,0,14733,154269,0.017732,5156,33972,0.003905,14752,188241,0.021636,8700223
1,2021-01-14,22229,244435,9557,147502,12672,96933,0,0,19388,170940,0.019648,2779,36751,0.004224,19450,207691,0.023872,8700223
1,2021-01-15,25305,269740,9272,156774,16033,112966,0,0,23345,192432,0.022118,1921,38672,0.004445,23413,231104,0.026563,8700223
1,2021-01-16,13959,283699,4569,161343,9390,122356,0,0,13058,204600,0.023517,895,39567,0.004548,13063,244167,0.028064,8700223
1,2021-01-17,5231,288930,2045,163388,3186,125542,0,0,4852,209077,0.024031,378,39945,0.004591,4855,249022,0.028622,8700223
1,2021-01-18,14409,303339,8644,172032,5765,131307,0,0,11197,217135,0.024957,3197,43142,0.004959,11255,260277,0.029916,8700223
1,2021-01-19,24877,328216,12949,184981,11928,143235,0,0,19585,231507,0.026609,5269,48411,0.005564,19641,279918,0.032174,8700223
1,2021-01-20,29544,357760,14792,199773,14752,157987,0,0,23570,249230,0.028646,5891,54302,0.006241,23614,303532,0.034888,8700223
1,2021-01-21,31412,389172,14798,214571,16614,174601,0,0,28025,274041,0.031498,3318,57620,0.006623,28129,331661,0.038121,8700223
1,2021-01-22,28509,417681,11326,225897,17183,191784,0,0,26402,298436,0.034302,2038,59658,0.006857,26433,358094,0.041159,8700223
1,2021-01-23,18743,436424,8205,234102,10538,202322,0,0,16781,313293,0.03601,1935,61593,0.007079,16792,374886,0.043089,8700223
1,2021-01-24,6714,443138,4174,238276,2540,204862,0,0,6051,318692,0.03663,657,62250,0.007155,6056,380942,0.043785,8700223
1,2021-01-25,25632,468770,10567,248843,15065,219927,0,0,19768,332758,0.038247,5814,68064,0.007823,19880,400822,0.04607,8700223
1,2021-01-26,28959,497729,13566,262409,15393,235320,0,0,22160,348211,0.040023,6735,74799,0.008597,22188,423010,0.048621,8700223
1,2021-01-27,32797,530526,15607,278016,17190,252510,0,0,24563,364696,0.041918,8167,82966,0.009536,24652,447662,0.051454,8700223
1,2021-01-28,35109,565635,16499,294515,18610,271120,0,0,28023,385831,0.044347,7015,89981,0.010342,28150,475812,0.05469,8700223
1,2021-01-29,33882,599517,16532,311047,17350,288470,0,0,27154,406502,0.046723,6581,96562,0.011099,27252,503064,0.057822,8700223
1,2021-01-30,20227,619744,8749,319796,11478,299948,0,0,17995,422384,0.048549,2199,98761,0.011352,18081,521145,0.0599,8700223
1,2021-01-31,7723,627467,5019,324815,2704,302652,0,0,7000,428672,0.049271,715,99476,0.011434,7003,528148,0.060705,8700223
1,2021-02-01,29192,656659,12592,337407,16600,319252,0,0,21303,442149,0.05082,7836,107312,0.012334,21313,549461,0.063155,8700223
1,2021-02-02,32876,689535,11874,349281,21002,340254,0,0,24546,458493,0.052699,8241,115553,0.013282,24585,574046,0.065981,8700223
1,2021-02-03,39800,729335,15309,364590,24491,364745,0,0,28550,476066,0.054719,11077,126630,0.014555,28650,602696,0.069274,8700223
1,2021-02-04,44227,773562,17229,381819,26998,391743,0,0,31785,495649,0.05697,12317,138947,0.015971,31900,634596,0.07294,8700223
1,2021-02-05,47079,820641,17203,399022,29876,421619,0,0,30715,510272,0.05865,16210,155157,0.017834,30833,665429,0.076484,8700223
1,2021-02-06,26675,847316,10551,409573,16124,437743,0,0,20688,525094,0.060354,5939,161096,0.018516,20761,686190,0.07887,8700223
1,2021-02-07,6309,853625,4057,413630,2252,439995,0,0,4651,528128,0.060703,1636,162732,0.018704,4670,690860,0.079407,8700223
1,2021-02-08,31774,885399,14488,428118,17286,457281,0,0,21137,538828,0.061933,10539,173271,0.019916,21239,712099,0.081848,8700223
1,2021-02-09,38715,924114,17070,445188,21645,478926,0,0,23802,547863,0.062971,14881,188152,0.021626,23916,736015,0.084597,8700223
1,2021-02-10,47527,971641,22227,467415,25300,504226,0,0,26989,554548,0.06374,20401,208553,0.023971,27086,763101,0.087711,8700223
1,2021-02-11,52197,1023838,25537,492952,26660,530886,0,0,31032,564855,0.064924,20849,229402,0.026367,31156,794257,0.091292,8700223
1,2021-02-12,50276,1074114,21637,514589,28639,559525,0,0,28820,572530,0.065806,21291,250693,0.028815,28966,823223,0.094621,8700223
1,2021-02-13,26547,1100661,11551,526140,14996,574521,0,0,15331,576795,0.066297,11145,261838,0.030096,15410,838633,0.096392,8700223
1,2021-02-14,11825,1112486,5590,531730,6235,580756,0,0,6715,578499,0.066492,5080,266918,0.030679,6784,845417,0.097172,8700223
1,2021-02-15,24042,1136528,9444,541174,14598,595354,0,0,14608,583916,0.067115,9308,276226,0.031749,14725,860142,0.098864,8700223
1,2021-02-16,47269,1183797,22545,563719,24724,620078,0,0,27472,591805,0.068022,19705,295931,0.034014,27594,887736,0.102036,8700223
1,2021-02-17,48637,1232434,24637,588356,24000,644078,0,0,26130,595742,0.068474,22346,318277,0.036583,26283,914019,0.105057,8700223
1,2021-02-18,51306,1283740,25668,614024,25638,669716,0,0,26507,597948,0.068728,24546,342823,0.039404,26752,940771,0.108132,8700223
1,2021-02-19,46804,1330544,25363,639387,21441,691157,0,0,26156,603690,0.069388,20478,363301,0.041758,26220,966991,0.111146,8700223
1,2021-02-20,27857,1358401,16919,656306,10938,702095,0,0,15866,607721,0.069851,11920,375221,0.043128,15951,982942,0.112979,8700223
1,2021-02-21,12458,1370859,10701,667007,1757,703852,0,0,7470,610320,0.07015,4924,380145,0.043694,7523,990465,0.113844,8700223
1,2021-02-22,31796,1402655,20881,687888,10915,714767,0,0,18262,615261,0.070718,13430,393575,0.045237,18371,1008836,0.115955,8700223
1,2021-02-23,46019,1448674,22364,710252,23655,738422,0,0,25237,620387,0.071307,20479,414054,0.047591,25605,1034441,0.118898,8700223
1,2021-02-24,56062,1504736,27103,737355,28959,767381,0,0,30818,626675,0.07203,24988,439042,0.050463,31276,1065717,0.122493,8700223
1,2021-02-25,68695,1573431,33358,770713,35337,802718,0,0,42457,643630,0.073979,26004,465046,0.053452,42959,1108676,0.127431,8700223
1,2021-02-26,76772,1650203,35943,806656,40829,843547,0,0,50107,667869,0.076765,26353,491399,0.056481,50592,1159268,0.133246,8700223
1,2021-02-27,52848,1703051,24265,830921,28572,872119,11,11,34647,684813,0.078712,17985,509384,0.058548,34929,1194197,0.137261,8700223
1,2021-02-28,20303,1723354,12052,842973,8249,880368,2,13,14852,694453,0.07982,5358,514742,0.059164,14998,1209195,0.138984,8700223
1,2021-03-01,46376,1769730,21445,864418,24868,905236,63,76,29770,708129,0.081392,16407,531149,0.06105,30083,1239278,0.142442,8700223
1,2021-03-02,65004,1834734,28113,892531,36879,942115,12,88,41333,726645,0.08352,23478,554627,0.063749,41994,1281272,0.147269,8700223
1,2021-03-03,72310,1907044,34421,926952,37858,979973,31,119,43929,743072,0.085408,28148,582775,0.066984,44575,1325847,0.152392,8700223
1,2021-03-04,80266,1987310,37657,964609,42571,1022544,38,157,51431,766482,0.088099,28578,611353,0.070269,51988,1377835,0.158368,8700223
1,2021-03-05,79290,2066600,35732,1000341,43350,1065894,208,365,52833,794027,0.091265,26146,637499,0.073274,53691,1431526,0.164539,8700223
1,2021-03-06,58109,2124709,27631,1027972,29128,1095022,1350,1715,39308,816395,0.093836,18652,656151,0.075418,41020,1472546,0.169254,8700223
1,2021-03-07,21024,2145733,13063,1041035,6765,1101787,1196,2911,15544,827928,0.095162,5452,661603,0.076044,16985,1489531,0.171206,8700223
1,2021-03-08,46187,2191920,22551,1063586,21676,1123463,1960,4871,32330,848808,0.097562,13742,675345,0.077624,34622,1524153,0.175186,8700223
1,2021-03-09,67052,2258972,32485,1096071,32052,1155515,2515,7386,41256,867295,0.099687,25614,700959,0.080568,44101,1568254,0.180254,8700223
1,2021-03-10,74318,2333290,37022,1133093,32790,1188305,4506,11892,45744,889464,0.102235,28433,729392,0.083836,50602,1618856,0.186071,8700223
1,2021-03-11,90489,2423779,41626,1174719,40836,1229141,8027,19919,52646,912984,0.104938,37587,766979,0.088156,61107,1679963,0.193094,8700223
1,2021-03-12,99372,2523151,43792,1218511,43123,1272264,12457,32376,57966,942659,0.108349,41163,808142,0.092888,70838,1750801,0.201236,8700223
1,2021-03-13,65492,2588643,29588,1248099,28196,1300460,7708,40084,41693,968694,0.111341,23655,831797,0.095606,49690,1800491,0.206948,8700223
1,2021-03-14,27969,2616612,14966,1263065,9438,1309898,3565,43649,15662,975871,0.112166,12227,844024,0.097012,19404,1819895,0.209178,8700223
1,2021-03-15,65403,2682015,28847,1291912,29803,1339701,6753,50402,38442,994670,0.114327,26730,870754,0.100084,45529,1865424,0.214411,8700223
1,2021-03-16,86013,2768028,39210,1331122,41133,1380834,5670,56072,53256,1021409,0.1174,32521,903275,0.103822,59260,1924684,0.221222,8700223
1,2021-03-17,93443,2861471,45632,1376754,41260,1422094,6551,62623,60063,1055241,0.121289,33122,936397,0.107629,66954,1991638,0.228918,8700223
1,2021-03-18,99100,2960571,51122,1427876,42258,1464352,5720,68343,59877,1082470,0.124419,38846,975243,0.112094,66075,2057713,0.236513,8700223
1,2021-03-19,104016,3064587,53844,1481720,43861,1508213,6311,74654,60669,1106930,0.12723,43026,1018269,0.117039,67486,2125199,0.244269,8700223
1,2021-03-20,72970,3137557,37383,1519103,30371,1538584,5216,79870,46862,1133369,0.130269,25908,1044177,0.120017,52347,2177546,0.250286,8700223
1,2021-03-21,27436,3164993,19093,1538196,6533,1545117,1810,81680,17073,1142076,0.13127,10262,1054439,0.121197,18969,2196515,0.252467,8700223
1,2021-03-22,59431,3224424,30681,1568877,25441,1570558,3309,84989,39931,1166413,0.134067,19267,1073706,0.123411,43604,2240119,0.257478,8700223
1,2021-03-23,83670,3308094,42613,1611490,37418,1607976,3639,88628,51269,1189639,0.136737,32130,1105836,0.127104,55356,2295475,0.263841,8700223
1,2021-03-24,88603,3396697,44829,1656319,39399,1647375,4375,93003,52749,1211374,0.139235,35543,1141379,0.13119,57278,2352753,0.270424,8700223
1,2021-03-25,97498,3494195,49903,1706222,41742,1689117,5853,98856,53938,1228155,0.141164,43209,1184588,0.136156,59990,2412743,0.27732,8700223
1,2021-03-26,105805,3600000,51387,1757609,48087,1737204,6331,105187,56693,1242748,0.142841,48722,1233310,0.141756,63315,2476058,0.284597,8700223
1,2021-03-27,74631,3674631,38557,1796166,31861,1769065,4213,109400,38342,1249448,0.143611,36046,1269356,0.145899,42746,2518804,0.28951,8700223
1,2021-03-28,32876,3707507,21502,1817668,10145,1779210,1229,110629,16443,1251253,0.143818,16316,1285672,0.147775,18121,2536925,0.291593,8700223
1,2021-03-29,68784,3776291,33882,1851550,31731,1810941,3171,113800,37898,1261888,0.145041,30643,1316315,0.151297,41278,2578203,0.296338,8700223
1,2021-03-30,93671,3869962,45794,1897344,41460,1852401,6417,120217,48083,1271108,0.146101,45346,1361661,0.156509,54566,2632769,0.302609,8700223
1,2021-03-31,102259,3972221,53230,1950574,42772,1895173,6257,126474,55996,1287489,0.147983,45914,1407575,0.161786,62295,2695064,0.30977,8700223
1,2021-04-01,113852,4086073,54372,2004946,50643,1945816,8837,135311,57778,1298556,0.149255,55571,1463146,0.168173,66638,2761702,0.317429,8700223
1,2021-04-02,113016,4199089,51452,2056398,51803,1997619,9761,145072,57328,1310609,0.150641,55230,1518376,0.174522,67283,2828985,0.325162,8700223
1,2021-04-03,78861,4277950,39657,2096055,29489,2027108,9715,154787,37017,1315742,0.151231,41643,1560019,0.179308,46776,2875761,0.330539,8700223
1,2021-04-04,23845,4301795,11861,2107916,8498,2035606,3486,158273,9934,1315313,0.151182,13835,1573854,0.180898,13406,2889167,0.33208,8700223
1,2021-04-05,77846,4379641,37073,2144989,31345,2066951,9428,167701,35038,1317336,0.151414,42579,1616433,0.185792,44602,2933769,0.337206,8700223
1,2021-04-06,105030,4484671,49758,2194747,38557,2105508,16715,184416,47539,1324419,0.152228,57163,1673596,0.192362,64246,2998015,0.344591,8700223
1,2021-04-07,113101,4597772,54843,2249590,40562,2146070,17696,202112,50998,1331321,0.153021,61768,1735364,0.199462,68670,3066685,0.352483,8700223
1,2021-04-08,123449,4721221,58417,2308007,43889,2189959,21143,223255,54601,1338674,0.153867,68402,1803766,0.207324,75755,3142440,0.361191,8700223
1,2021-04-09,124598,4845819,56802,2364809,46855,2236814,20941,244196,54702,1344810,0.154572,69510,1873276,0.215314,75646,3218086,0.369885,8700223
1,2021-04-10,97467,4943286,43457,2408266,30944,2267758,23066,267262,38575,1347709,0.154905,58653,1931929,0.222055,61552,3279638,0.37696,8700223
1,2021-04-11,36787,4980073,20424,2428690,9458,2277216,6905,274167,14868,1347728,0.154907,21845,1953774,0.224566,21864,3301502,0.379473,8700223
1,2021-04-12,75121,5055194,33523,2462213,31532,2308748,10066,284233,31880,1346869,0.154809,42930,1996704,0.2295,42071,3343573,0.384309,8700223
1,2021-04-13,98444,5153638,52598,2514811,45502,2354250,344,284577,53156,1355751,0.155829,44966,2041670,0.234669,53848,3397421,0.390498,8700223
1,2021-04-14,105436,5259074,54625,2569436,50731,2404981,80,284657,53563,1358295,0.156122,51471,2093141,0.240585,54015,3451436,0.396707,8700223
1,2021-04-15,106234,5365308,57716,2627152,48425,2453406,93,284750,56300,1365543,0.156955,49321,2142462,0.246254,56569,3508005,0.403209,8700223
1,2021-04-16,111286,5476594,56985,2684137,54211,2507617,90,284840,55571,1366246,0.157036,55149,2197611,0.252592,55852,3563857,0.409628,8700223
1,2021-04-17,83610,5560204,45402,2729539,38196,2545813,12,284852,46600,1376279,0.158189,36744,2234355,0.256816,46777,3610634,0.415005,8700223
1,2021-04-18,30609,5590813,20719,2750258,9883,2555696,7,284859,15309,1376601,0.158226,15203,2249558,0.258563,15525,3626159,0.416789,8700223
1,2021-04-19,67332,5658145,34063,2784321,33256,2588952,13,284872,30318,1370435,0.157517,36628,2286186,0.262773,30462,3656621,0.42029,8700223
1,2021-04-20,88606,5746751,44577,2828898,44005,2632957,24,284896,41282,1365003,0.156893,46939,2333125,0.268168,41507,3698128,0.425061,8700223
1,2021-04-21,98093,5844844,51177,2880075,46812,2679769,104,285000,43769,1355396,0.155789,53723,2386848,0.274343,44116,3742244,0.430132,8700223
1,2021-04-22,97925,5942769,51204,2931279,46702,2726471,19,285019,44793,1347839,0.15492,52589,2439437,0.280388,45032,3787276,0.435308,8700223
1,2021-04-23,102947,6045716,53167,2984446,49751,2776222,29,285048,48841,1343398,0.15441,53550,2492987,0.286543,49109,3836385,0.440952,8700223
1,2021-04-24,76746,6122462,47519,3031965,29200,2805422,27,285075,43102,1353317,0.15555,33472,2526459,0.29039,43391,3879776,0.44594,8700223
1,2021-04-25,27437,6149899,17465,3049430,9956,2815378,16,285091,15629,1357428,0.156022,11677,2538136,0.291732,15788,3895564,0.447755,8700223
1,2021-04-26,66654,6216553,34983,3084413,31263,2846641,408,285499,31434,1354714,0.15571,34891,2573027,0.295743,32177,3927741,0.451453,8700223
1,2021-04-27,82003,6298556,43598,3128011,37100,2883741,1305,286804,35366,1345405,0.15464,46320,2619347,0.301067,37011,3964752,0.455707,8700223
1,2021-04-28,81802,6380358,43528,3171539,36756,2920497,1518,288322,35725,1337175,0.153694,45697,2665044,0.306319,37467,4002219,0.460013,8700223
1,2021-04-29,85275,6465633,46909,3218448,36733,2957230,1633,289955,34677,1323454,0.152117,50197,2715241,0.312089,36476,4038695,0.464206,8700223
1,2021-04-30,92924,6558557,50301,3268749,40726,2997956,1897,291852,38598,1310149,0.150588,53958,2769199,0.318291,40653,4079348,0.468879,8700223
1,2021-05-01,64081,6622638,41310,3310059,21334,3019290,1437,293289,26965,1301930,0.149643,36833,2806032,0.322524,28614,4107962,0.472167,8700223
1,2021-05-02,23569,6646207,16695,3326754,6291,3025581,583,293872,9476,1298041,0.149196,13975,2820007,0.32413,10086,4118048,0.473327,8700223
1,2021-05-03,56545,6702752,31346,3358100,23343,3048924,1856,295728,20469,1284618,0.147653,35799,2855806,0.328245,22376,4140424,0.475899,8700223
1,2021-05-04,76119,6778871,43856,3401956,30161,3079085,2102,297830,27220,1265443,0.145449,48574,2904380,0.333828,29399,4169823,0.479278,8700223
1,2021-05-05,78538,6857409,45529,3447485,30702,3109787,2307,300137,26527,1242725,0.142838,51632,2956012,0.339763,28914,4198737,0.482601,8700223
1,2021-05-06,80063,6937472,48619,3496104,29258,3139045,2186,302323,24881,1215189,0.139673,54757,3010769,0.346057,27221,4225958,0.48573,8700223
1,2021-05-07,83644,7021116,47581,3543685,33865,3172910,2198,304521,27783,1189859,0.136762,55375,3066144,0.352421,30045,4256003,0.489183,8700223
1,2021-05-08,57533,7078649,36102,3579787,19778,3192688,1653,306174,19519,1173458,0.134877,37657,3103801,0.35675,21256,4277259,0.491626,8700223
1,2021-05-09,18373,7097022,13187,3592974,4708,3197396,478,306652,5568,1166818,0.134114,12720,3116521,0.358212,6080,4283339,0.492325,8700223
1,2021-05-10,44390,7141412,22454,3615428,20102,3217498,1834,308486,14818,1154291,0.132674,29269,3145790,0.361576,16742,4300081,0.49425,8700223
1,2021-05-11,62983,7204395,34243,3649671,26571,3244069,2169,310655,20681,1135253,0.130486,41995,3187785,0.366403,22957,4323038,0.496888,8700223
1,2021-05-12,63131,7267526,33550,3683221,27510,3271579,2071,312726,20721,1116048,0.128278,42059,3229844,0.371237,22854,4345892,0.499515,8700223
1,2021-05-13,67404,7334930,39559,3722780,25854,3297433,1991,314717,25663,1102649,0.126738,41334,3271178,0.375988,27935,4373827,0.502726,8700223
1,2021-05-14,76954,7411884,46385,3769165,28159,3325592,2410,317127,31041,1090894,0.125387,45483,3316661,0.381216,33728,4407555,0.506603,8700223
1,2021-05-15,66912,7478796,43934,3813099,21208,3346800,1770,318897,26633,1079426,0.124069,39939,3356600,0.385806,28471,4436026,0.509875,8700223
1,2021-05-16,25140,7503936,18533,3831632,5986,3352786,621,319518,10244,1075569,0.123625,14768,3371368,0.387504,10911,4446937,0.511129,8700223
1,2021-05-17,54486,7558422,33285,3864917,19418,3372204,1783,321301,23070,1069346,0.12291,31132,3402500,0.391082,24909,4471846,0.513992,8700223
1,2021-05-18,65349,7623771,39381,3904298,24124,3396328,1844,323145,28335,1062902,0.12217,36712,3439212,0.395302,30268,4502114,0.517471,8700223
1,2021-05-19,66717,7690488,40631,3944929,24144,3420472,1942,325087,29837,1058187,0.121628,36568,3475780,0.399505,31853,4533967,0.521132,8700223
1,2021-05-20,65064,7755552,37768,3982697,25060,3445532,2236,327323,26751,1049428,0.120621,37944,3513724,0.403866,29185,4563152,0.524487,8700223
1,2021-05-21,70726,7826278,42301,4024998,26546,3472078,1879,329202,29145,1039393,0.119467,41151,3554875,0.408596,31116,4594268,0.528063,8700223
1,2021-05-22,56599,7882877,37238,4062236,17629,3489707,1732,330934,24598,1034112,0.11886,31703,3586578,0.41224,26422,4620690,0.5311,8700223
1,2021-05-23,20565,7903442,14383,4076619,5595,3495302,587,331521,9528,1033328,0.11877,10924,3597502,0.413495,10140,4630830,0.532266,8700223
1,2021-05-24,44319,7947761,24732,4101351,17736,3513038,1851,333372,17936,1027091,0.118053,26103,3623605,0.416496,19866,4650696,0.534549,8700223
1,2021-05-25,51549,7999310,29703,4131054,20121,3533159,1725,335097,21410,1020488,0.117294,29829,3653434,0.419924,23226,4673922,0.537219,8700223
1,2021-05-26,48936,8048246,27737,4158791,19287,3552446,1912,337009,20754,1015337,0.116702,27856,3681290,0.423126,22705,4696627,0.539828,8700223
1,2021-05-27,47490,8095736,26671,4185462,18896,3571342,1923,338932,20354,1010900,0.116192,26824,3708114,0.426209,22387,4719014,0.542401,8700223
1,2021-05-28,53231,8148967,29741,4215203,21637,3592979,1853,340785,23854,1007715,0.115826,29017,3737131,0.429544,25832,4744846,0.545371,8700223
1,2021-05-29,30910,8179877,18732,4233935,11202,3604181,976,341761,14676,1007360,0.115786,16063,3753194,0.431391,15708,4760554,0.547176,8700223
1,2021-05-30,11736,8191613,7586,4241521,3590,3607771,560,342321,5531,1007347,0.115784,6129,3759323,0.432095,6116,4766670,0.547879,8700223
1,2021-05-31,5821,8197434,3310,4244831,2250,3610021,261,342582,2037,1005938,0.115622,3718,3763041,0.432522,2309,4768979,0.548144,8700223
1,2021-06-01,46464,8243898,26321,4271152,18555,3628576,1588,344170,17614,996735,0.114564,28468,3791509,0.435794,19265,4788244,0.550359,8700223
1,2021-06-02,40499,8284397,23515,4294667,15468,3644044,1516,345686,16357,990871,0.11389,23817,3815326,0.438532,17953,4806197,0.552422,8700223
1,2021-06-03,42012,8326409,26340,4321007,13935,3657979,1737,347423,16077,983146,0.113002,25613,3840939,0.441476,17888,4824085,0.554478,8700223
1,2021-06-04,50816,8377225,32543,4353550,16446,3674425,1827,349250,18243,971109,0.111619,32184,3873123,0.445175,20147,4844232,0.556794,8700223
1,2021-06-05,40708,8417933,27777,4381327,10911,3685336,2020,351270,14258,961218,0.110482,26221,3899344,0.448189,16330,4860562,0.558671,8700223
1,2021-06-06,13262,8431195,10620,4391947,2126,3687462,516,351786,4570,957763,0.110085,8602,3907946,0.449178,5147,4865709,0.559263,8700223
1,2021-06-07,34346,8465541,23693,4415640,9279,3696741,1374,353160,12290,949659,0.109153,21823,3929769,0.451686,13719,4879428,0.560839,8700223
1,2021-06-08,42476,8508017,29391,4445031,11420,3708161,1665,354825,14787,938805,0.107906,27395,3957164,0.454835,16541,4895969,0.562741,8700223
1,2021-06-09,42370,8550387,29379,4474410,11338,3719499,1653,356478,13791,926050,0.10644,28255,3985419,0.458082,15500,4911469,0.564522,8700223
1,2021-06-10,39360,8589747,26497,4500907,11147,3730646,1716,358194,13420,915614,0.10524,25672,4011091,0.461033,15236,4926705,0.566273,8700223
1,2021-06-11,44608,8634355,29607,4530514,13298,3743944,1703,359897,15906,904928,0.104012,28374,4039465,0.464294,17688,4944393,0.568306,8700223
1,2021-06-12,34064,8668419,24629,4555143,8214,3752158,1221,361118,11179,894735,0.10284,22659,4062124,0.466899,12466,4956859,0.569739,8700223
1,2021-06-13,11705,8680124,8514,4563657,2709,3754867,482,361600,3416,890453,0.102348,8213,4070337,0.467843,3931,4960790,0.570191,8700223
1,2021-06-14,31338,8711462,21116,4584773,8886,3763753,1336,362936,11698,884092,0.101617,19424,4089761,0.470075,13063,4973853,0.571693,8700223
1,2021-06-15,37867,8749329,24841,4609614,11155,3774908,1871,364807,14098,876686,0.100766,23463,4113224,0.472772,16057,4989910,0.573538,8700223
1,2021-06-16,35945,8785274,24315,4633929,9780,3784688,1850,366657,13568,870076,0.100006,22085,4135309,0.475311,15475,5005385,0.575317,8700223
1,2021-06-17,33970,8819244,22469,4656398,9533,3794221,1968,368625,13269,864961,0.099418,20436,4155745,0.47766,15321,5020706,0.577078,8700223
1,2021-06-18,39911,8859155,25934,4682332,11107,3805328,2870,371495,15455,859180,0.098754,24158,4179903,0.480436,18377,5039083,0.57919,8700223
1,2021-06-19,24118,8883273,16738,4699070,6178,3811506,1202,372697,9801,856081,0.098398,14140,4194043,0.482062,11041,5050124,0.580459,8700223
1,2021-06-20,8173,8891446,5988,4705058,1908,3813414,277,372974,3235,854739,0.098243,4864,4198907,0.482621,3522,5053646,0.580864,8700223
1,2021-06-21,21081,8912527,11932,4716990,6950,3820364,2199,375173,10970,857969,0.098615,9987,4208894,0.483769,13217,5066863,0.582383,8700223
1,2021-06-22,30994,8943521,20233,4737223,8602,3828966,2159,377332,12939,855300,0.098308,17829,4226723,0.485818,15160,5082023,0.584126,8700223
1,2021-06-23,29538,8973059,19841,4757064,7870,3836836,1827,379159,12848,853535,0.098105,16464,4243187,0.48771,14699,5096722,0.585815,8700223
1,2021-06-24,28635,9001694,19082,4776146,7873,3844709,1680,380839,12127,851113,0.097827,16295,4259482,0.489583,13873,5110595,0.58741,8700223
1,2021-06-25,31970,9033664,21630,4797776,8918,3853627,1422,382261,14011,848895,0.097572,17706,4277188,0.491618,15488,5126083,0.58919,8700223
1,2021-06-26,22657,9056321,16829,4814605,4985,3858612,843,383104,9888,847037,0.097358,12637,4289825,0.493071,10779,5136862,0.590429,8700223
1,2021-06-27,9291,9065612,6924,4821529,1928,3860540,439,383543,4112,846500,0.097296,5104,4294929,0.493657,4567,5141429,0.590954,8700223
1,2021-06-28,21449,9087061,15940,4837469,4247,3864787,1262,384805,9945,846457,0.097291,11295,4306224,0.494956,11252,5152681,0.592247,8700223
1,2021-06-29,27166,9114227,18599,4856068,7166,3871953,1401,386206,12001,844944,0.097118,14973,4321197,0.496677,13460,5166141,0.593794,8700223
1,2021-06-30,26451,9140678,18317,4874385,7065,3879018,1069,387275,12609,845080,0.097133,13615,4334812,0.498241,13751,5179892,0.595375,8700223
1,2021-07-01,24281,9164959,16879,4891264,6090,3885108,1312,388587,11271,844899,0.097112,12838,4347650,0.499717,12657,5192549,0.596829,8700223
1,2021-07-02,27059,9192018,18596,4909860,7406,3892514,1057,389644,12670,844531,0.09707,14175,4361825,0.501346,13807,5206356,0.598416,8700223
1,2021-07-03,14994,9207012,10470,4920330,4070,3896584,454,390098,7161,844491,0.097065,7690,4369515,0.50223,7650,5214006,0.599296,8700223
1,2021-07-04,1296,9208308,729,4921059,499,3897083,68,390166,629,844537,0.097071,656,4370171,0.502306,702,5214708,0.599376,8700223
1,2021-07-05,11245,9219553,7796,4928855,3083,3900166,366,390532,5344,844470,0.097063,5825,4375996,0.502975,5758,5220466,0.600038,8700223
1,2021-07-06,27766,9247319,19626,4948481,6984,3907150,1156,391688,11099,840361,0.096591,16465,4392461,0.504868,12356,5232822,0.601458,8700223
1,2021-07-07,24140,9271459,16890,4965371,6079,3913229,1171,392859,10388,838445,0.096371,13559,4406020,0.506426,11643,5244465,0.602797,8700223
1,2021-07-08,23188,9294647,16068,4981439,6021,3919250,1099,393958,9965,836578,0.096156,13018,4419038,0.507922,11151,5255616,0.604078,8700223
1,2021-07-09,27303,9321950,19308,5000747,6821,3926071,1174,395132,12300,835287,0.096008,14820,4433858,0.509626,13529,5269145,0.605633,8700223
1,2021-07-10,18053,9340003,13026,5013773,4253,3930324,774,395906,8035,834256,0.095889,9886,4443744,0.510762,8855,5278000,0.606651,8700223
1,2021-07-11,6811,9346814,4983,5018756,1621,3931945,207,396113,3288,834298,0.095894,3471,4447215,0.511161,3513,5281513,0.607055,8700223
1,2021-07-12,20432,9367246,14685,5033441,4844,3936789,903,397016,9060,833127,0.095759,11226,4458441,0.512451,10055,5291568,0.608211,8700223
1,2021-07-13,22645,9389891,15803,5049244,6019,3942808,823,397839,10606,832755,0.095717,11887,4470328,0.513818,11515,5303083,0.609534,8700223
1,2021-07-14,22607,9412498,15530,5064774,6086,3948894,991,398830,10180,831767,0.095603,12268,4482596,0.515228,11280,5314363,0.610831,8700223
1,2021-07-15,22009,9434507,15599,5080373,5675,3954569,735,399565,10649,832044,0.095635,11212,4493808,0.516516,11489,5325852,0.612151,8700223
1,2021-07-16,27102,9461609,18944,5099317,7150,3961719,1008,400573,13440,833085,0.095754,13492,4507300,0.518067,14533,5340385,0.613822,8700223
1,2021-07-17,18813,9480422,13592,5112909,4515,3966234,706,401279,9256,833661,0.095821,9422,4516722,0.51915,9998,5350383,0.614971,8700223
1,2021-07-18,7510,9487932,5545,5118454,1679,3967913,286,401565,3838,834189,0.095881,3612,4520334,0.519565,4140,5354523,0.615447,8700223
1,2021-07-19,21017,9508949,15223,5133677,4958,3972871,836,402401,10532,835307,0.09601,10345,4530679,0.520754,11463,5365986,0.616764,8700223
1,2021-07-20,25060,9534009,17326,5151003,6845,3979716,889,403290,12880,837173,0.096224,11993,4542672,0.522133,13859,5379845,0.618357,8700223
1,2021-07-21,25423,9559432,17862,5168865,6348,3986064,1213,404503,12996,839234,0.096461,12265,4554937,0.523543,14326,5394171,0.620004,8700223
1,2021-07-22,24483,9583915,17309,5186174,6329,3992393,845,405348,13339,842548,0.096842,10961,4565898,0.524802,14275,5408446,0.621645,8700223
1,2021-07-23,29210,9613125,20650,5206824,7535,3999928,1025,406373,16280,847192,0.097376,12727,4578625,0.526265,17371,5425817,0.623641,8700223
1,2021-07-24,18196,9631321,12840,5219664,4787,4004715,569,406942,10703,851115,0.097827,7374,4585999,0.527113,11297,5437114,0.62494,8700223
1,2021-07-25,7498,9638819,5391,5225055,1990,4006705,117,407059,5590,854974,0.09827,1868,4587867,0.527328,5727,5442841,0.625598,8700223
1,2021-07-26,21566,9660385,14916,5239971,5887,4012592,763,407822,13951,862269,0.099109,7491,4595358,0.528189,14786,5457627,0.627297,8700223
1,2021-07-27,27125,9687510,19364,5259335,6820,4019412,941,408763,15974,868260,0.099797,10978,4606336,0.52945,16969,5474596,0.629248,8700223
1,2021-07-28,28166,9715676,19974,5279309,7314,4026726,878,409641,17284,875797,0.100664,10696,4617032,0.53068,18233,5492829,0.631343,8700223
1,2021-07-29,26787,9742463,19008,5298317,6981,4033707,798,410439,16762,883571,0.101557,9848,4626880,0.531812,17622,5510451,0.633369,8700223
1,2021-07-30,31293,9773756,22395,5320712,7993,4041700,905,411344,19153,891739,0.102496,11928,4638808,0.533183,20096,5530547,0.635679,8700223
1,2021-07-31,20010,9793766,14520,5335232,4948,4046648,542,411886,12454,897364,0.103143,7395,4646203,0.534033,13020,5543567,0.637175,8700223
1,2021-08-01,8884,9802650,6692,5341924,2065,4048713,127,412013,6090,900863,0.103545,2746,4648949,0.534348,6245,5549812,0.637893,8700223
1,2021-08-02,24970,9827620,18594,5360518,5665,4054378,711,412724,16253,909320,0.104517,8556,4657505,0.535332,17013,5566825,0.639849,8700223
1,2021-08-03,28855,9856475,20912,5381430,7006,4061384,937,413661,18121,917867,0.105499,10544,4668049,0.536544,19091,5585916,0.642043,8700223
1,2021-08-04,27657,9884132,20092,5401522,6685,4068069,880,414541,17575,926493,0.106491,9875,4677924,0.537679,18501,5604417,0.644169,8700223
1,2021-08-05,27477,9911609,20163,5421685,6413,4074482,901,415442,17347,934839,0.10745,9924,4687848,0.538819,18270,5622687,0.646269,8700223
1,2021-08-06,33830,9945439,24914,5446599,7939,4082421,977,416419,21098,944466,0.108557,12492,4700340,0.540255,22119,5644806,0.648812,8700223
1,2021-08-07,21750,9967189,16310,5462909,4872,4087293,568,416987,13546,950522,0.109253,8071,4708411,0.541183,14127,5658933,0.650435,8700223
1,2021-08-08,10518,9977707,7682,5470591,2636,4089929,200,417187,6841,953965,0.109648,3607,4712018,0.541597,7050,5665983,0.651246,8700223
1,2021-08-09,27852,10005559,20859,5491450,6179,4096108,814,418001,17212,961579,0.110523,10446,4722464,0.542798,18060,5684043,0.653322,8700223
1,2021-08-10,29309,10034868,21543,5512993,6896,4103004,870,418871,17460,968323,0.111299,11640,4734104,0.544136,18384,5702427,0.655435,8700223
1,2021-08-11,27027,10061895,19899,5532892,6211,4109215,917,419788,15935,974319,0.111988,10883,4744987,0.545387,16879,5719306,0.657375,8700223
1,2021-08-12,28665,10090560,20601,5553493,7019,4116234,1045,420833,17128,981267,0.112786,11247,4756234,0.54668,18195,5737501,0.659466,8700223
1,2021-08-13,35927,10126487,26129,5579622,8754,4124988,1044,421877,20914,988561,0.113625,14710,4770944,0.54837,22004,5759505,0.661995,8700223
1,2021-08-14,23865,10150352,18149,5597771,5165,4130153,551,422428,13674,993065,0.114142,9739,4780683,0.54949,14243,5773748,0.663632,8700223
1,2021-08-15,10555,10160907,7782,5605553,2616,4132769,157,422585,6110,995210,0.114389,4143,4784826,0.549966,6288,5780036,0.664355,8700223
1,2021-08-16,28978,10189885,20575,5626128,7613,4140382,790,423375,16012,999946,0.114933,12097,4796923,0.551356,16833,5796869,0.66629,8700223
1,2021-08-17,31499,10221384,22360,5648488,8228,4148610,911,424286,16589,1003505,0.115342,13981,4810904,0.552963,17540,5814409,0.668306,8700223
1,2021-08-18,31366,10252750,22501,5670989,7986,4156596,879,425165,15947,1006143,0.115646,14234,4825138,0.554599,16872,5831281,0.670245,8700223
1,2021-08-19,30547,10283297,21777,5692766,7769,4164365,1001,426166,15615,1009098,0.115985,13698,4838836,0.556174,16653,5847934,0.672159,8700223
1,2021-08-20,37600,10320897,27358,5720124,9306,4173671,936,427102,19062,1012119,0.116333,17009,4855845,0.558129,20030,5867964,0.674461,8700223
1,2021-08-21,22851,10343748,17101,5737225,5189,4178860,561,427663,11188,1012958,0.116429,10925,4866770,0.559385,11764,5879728,0.675813,8700223
1,2021-08-22,11829,10355577,8660,5745885,2967,4181827,202,427865,5950,1013633,0.116507,5491,4872261,0.560016,6166,5885894,0.676522,8700223
1,2021-08-23,30648,10386225,22778,5768663,7146,4188973,724,428589,14824,1014511,0.116607,14730,4886991,0.561709,15608,5901502,0.678316,8700223
1,2021-08-24,31179,10417404,23668,5792331,6693,4195666,818,429407,14764,1014918,0.116654,15239,4902230,0.56346,15646,5917148,0.680115,8700223
1,2021-08-25,30305,10447709,23014,5815345,6586,4202252,705,430112,14092,1014720,0.116631,15040,4917270,0.565189,14842,5931990,0.68182,8700223
1,2021-08-26,17138,10464847,12674,5828019,3724,4205976,740,430852,7929,1015149,0.116681,8267,4925537,0.566139,8696,5940686,0.68282,8700223
2,2020-12-15,263,263,263,263,0,0,0,0,263,263,3.1e-05,0,0,0.0,263,263,3.1e-05,8407551
2,2020-12-16,2267,2530,2267,2530,0,0,0,0,2268,2531,0.000301,0,0,0.0,2268,2531,0.000301,8407551
2,2020-12-17,7014,9544,7014,9544,0,0,0,0,7012,9543,0.001135,0,0,0.0,7012,9543,0.001135,8407551
2,2020-12-18,11174,20718,11153,20697,21,21,0,0,11178,20721,0.002465,0,0,0.0,11178,20721,0.002465,8407551
2,2020-12-19,5647,26365,5640,26337,7,28,0,0,5649,26370,0.003136,0,0,0.0,5649,26370,0.003136,8407551
2,2020-12-20,4266,30631,4249,30586,17,45,0,0,4259,30628,0.003643,1,1,0.0,4259,30629,0.003643,8407551
2,2020-12-21,12896,43527,12866,43452,30,75,0,0,12851,43479,0.005171,0,1,0.0,12851,43480,0.005172,8407551
2,2020-12-22,12307,55834,11776,55228,531,606,0,0,12305,55784,0.006635,0,1,0.0,12305,55785,0.006635,8407551
2,2020-12-23,11834,67668,9569,64797,2265,2871,0,0,11836,67619,0.008043,2,3,0.0,11837,67622,0.008043,8407551
2,2020-12-24,5921,73589,3504,68301,2417,5288,0,0,5917,73535,0.008746,3,6,1e-06,5919,73541,0.008747,8407551
2,2020-12-25,504,74093,420,68721,84,5372,0,0,507,74042,0.008807,0,6,1e-06,507,74048,0.008807,8407551
2,2020-12-26,2591,76684,1676,70397,915,6287,0,0,2592,76633,0.009115,1,7,1e-06,2592,76640,0.009116,8407551
2,2020-12-27,2247,78931,1222,71619,1025,7312,0,0,2244,78875,0.009381,2,9,1e-06,2244,78884,0.009383,8407551
2,2020-12-28,11150,90081,7232,78851,3918,11230,0,0,11150,90022,0.010707,3,12,1e-06,11150,90034,0.010709,8407551
2,2020-12-29,13012,103093,7320,86171,5692,16922,0,0,13017,103039,0.012256,0,12,1e-06,13017,103051,0.012257,8407551
2,2020-12-30,15773,118866,8857,95028,6916,23838,0,0,15767,118803,0.014131,5,17,2e-06,15769,118820,0.014133,8407551
2,2020-12-31,7647,126513,2848,97876,4799,28637,0,0,7638,126435,0.015038,6,23,3e-06,7638,126458,0.015041,8407551
2,2021-01-01,1448,127961,701,98577,747,29384,0,0,1443,127874,0.015209,4,27,3e-06,1443,127901,0.015213,8407551
2,2021-01-02,4891,132852,2787,101364,2104,31488,0,0,4886,132758,0.01579,2,29,3e-06,4886,132787,0.015794,8407551
2,2021-01-03,1435,134287,813,102177,622,32110,0,0,1427,134181,0.01596,4,33,4e-06,1427,134214,0.015964,8407551
2,2021-01-04,11824,146111,5634,107811,6190,38300,0,0,11810,145987,0.017364,4,37,4e-06,11810,146024,0.017368,8407551
2,2021-01-05,14047,160158,7040,114851,7007,45307,0,0,12800,157578,0.018742,1242,1279,0.000152,12833,158857,0.018895,8407551
2,2021-01-06,19271,179429,10659,125510,8612,53919,0,0,15301,168986,0.020099,3908,5187,0.000617,15316,174173,0.020716,8407551
2,2021-01-07,23497,202926,13253,138763,10244,64163,0,0,15738,176978,0.02105,7765,12952,0.001541,15757,189930,0.02259,8407551
2,2021-01-08,27144,230070,16365,155128,10779,74942,0,0,16697,183316,0.021804,10390,23342,0.002776,16728,206658,0.02458,8407551
2,2021-01-09,9911,239981,5802,160930,4109,79051,0,0,6313,186047,0.022129,3593,26935,0.003204,6324,212982,0.025332,8407551
2,2021-01-10,5366,245347,2987,163917,2379,81430,0,0,3097,186883,0.022228,2267,29202,0.003473,3103,216085,0.025701,8407551
2,2021-01-11,26236,271583,18141,182058,8095,89525,0,0,15042,190785,0.022692,11194,40396,0.004805,15096,231181,0.027497,8407551
2,2021-01-12,26605,298188,16530,198588,10075,99600,0,0,16866,197992,0.023549,9753,50149,0.005965,16960,248141,0.029514,8407551
2,2021-01-13,28795,326983,15288,213876,13507,113107,0,0,20722,210699,0.025061,8056,58205,0.006923,20763,268904,0.031984,8407551
2,2021-01-14,30768,357751,11784,225660,18984,132091,0,0,26427,232863,0.027697,4347,62552,0.00744,26511,295415,0.035137,8407551
2,2021-01-15,35333,393084,12806,238466,22527,154618,0,0,31995,261622,0.031118,3330,65882,0.007836,32089,327504,0.038954,8407551
2,2021-01-16,18404,411488,6162,244628,12242,166860,0,0,16973,277158,0.032965,1446,67328,0.008008,16982,344486,0.040973,8407551
2,2021-01-17,10622,422110,3591,248219,7031,173891,0,0,9865,286264,0.034048,771,68099,0.0081,9877,354363,0.042148,8407551
2,2021-01-18,19898,442008,11131,259350,8767,182658,0,0,14995,296405,0.035255,4920,73019,0.008685,15061,369424,0.04394,8407551
2,2021-01-19,32941,474949,17205,276555,15736,198394,0,0,24712,313007,0.037229,8227,81246,0.009663,24829,394253,0.046893,8407551
2,2021-01-20,37852,512801,19085,295640,18767,217161,0,0,29114,333508,0.039668,8710,89956,0.010699,29211,423464,0.050367,8407551
2,2021-01-21,41360,554161,17603,313243,23757,240918,0,0,36726,365825,0.043511,4602,94558,0.011247,36919,460383,0.054758,8407551
2,2021-01-22,39839,594000,16665,329908,23174,264092,0,0,36428,398852,0.04744,3431,97989,0.011655,36458,496841,0.059095,8407551
2,2021-01-23,24361,618361,10843,340751,13518,277610,0,0,21361,417268,0.04963,2976,100965,0.012009,21392,518233,0.061639,8407551
2,2021-01-24,12523,630884,6136,346887,6387,283997,0,0,11587,427955,0.050901,920,101885,0.012118,11607,529840,0.06302,8407551
2,2021-01-25,34214,665098,15734,362621,18480,302477,0,0,25245,444435,0.052861,8915,110800,0.013179,25395,555235,0.06604,8407551
2,2021-01-26,40675,705773,19894,382515,20781,323258,0,0,31301,466483,0.055484,9345,120145,0.01429,31393,586628,0.069774,8407551
2,2021-01-27,45981,751754,22774,405289,23207,346465,0,0,35468,491630,0.058475,10389,130534,0.015526,35536,622164,0.074001,8407551
2,2021-01-28,48424,800178,22583,427872,25841,372306,0,0,39527,522413,0.062136,8828,139362,0.016576,39611,661775,0.078712,8407551
2,2021-01-29,46011,846189,22133,450005,23878,396184,0,0,37090,550794,0.065512,8792,148154,0.017622,37173,698948,0.083133,8407551
2,2021-01-30,31536,877725,13359,463364,18177,414361,0,0,28077,575501,0.06845,3415,151569,0.018028,28122,727070,0.086478,8407551
2,2021-01-31,17314,895039,10233,473597,7081,421442,0,0,16077,590387,0.070221,1215,152784,0.018172,16101,743171,0.088393,8407551
2,2021-02-01,41647,936686,19934,493531,21713,443155,0,0,30362,609578,0.072504,11221,164005,0.019507,30412,773583,0.092011,8407551
2,2021-02-02,48279,984965,19629,513160,28650,471805,0,0,36591,634681,0.075489,11590,175595,0.020885,36693,810276,0.096375,8407551
2,2021-02-03,54377,1039342,23904,537064,30473,502278,0,0,39986,660479,0.078558,14290,189885,0.022585,40088,850364,0.101143,8407551
2,2021-02-04,56617,1095959,24273,561337,32344,534622,0,0,41116,686313,0.081631,15387,205272,0.024415,41221,891585,0.106046,8407551
2,2021-02-05,60679,1156638,26344,587681,34335,568957,0,0,40926,707913,0.0842,19526,224798,0.026738,41126,932711,0.110937,8407551
2,2021-02-06,39643,1196281,18413,606094,21230,590187,0,0,31514,731488,0.087004,8048,232846,0.027695,31623,964334,0.114699,8407551
2,2021-02-07,15799,1212080,10455,616549,5344,595531,0,0,11958,739711,0.087982,3808,236654,0.028148,12031,976365,0.11613,8407551
2,2021-02-08,43329,1255409,21942,638491,21387,616918,0,0,29615,755981,0.089917,13562,250216,0.029761,29832,1006197,0.119678,8407551
2,2021-02-09,49850,1305259,23593,662084,26257,643175,0,0,30717,768166,0.091366,18898,269114,0.032009,31083,1037280,0.123375,8407551
2,2021-02-10,59903,1365162,28007,690091,31896,675071,0,0,34518,777977,0.092533,25085,294199,0.034992,34896,1072176,0.127525,8407551
2,2021-02-11,64652,1429814,29693,719784,34959,710030,0,0,35932,786099,0.093499,28332,322531,0.038362,36454,1108630,0.131861,8407551
2,2021-02-12,66368,1496182,28630,748414,37738,747768,0,0,35421,791552,0.094148,30644,353175,0.042007,36097,1144727,0.136155,8407551
2,2021-02-13,38332,1534514,15954,764368,22378,770146,0,0,22064,797837,0.094895,16162,369337,0.043929,22447,1167174,0.138824,8407551
2,2021-02-14,20241,1554755,9425,773793,10816,780962,0,0,11228,800483,0.09521,8956,378293,0.044994,11602,1178776,0.140204,8407551
2,2021-02-15,33493,1588248,15059,788852,18434,799396,0,0,18516,805043,0.095752,14827,393120,0.046758,19387,1198163,0.14251,8407551
2,2021-02-16,56722,1644970,27786,816638,28936,828332,0,0,29786,808711,0.096189,26810,419930,0.049947,30478,1228641,0.146135,8407551
2,2021-02-17,62106,1707076,31922,848560,30184,858516,0,0,30757,809047,0.096229,31244,451174,0.053663,31580,1260221,0.149892,8407551
2,2021-02-18,66797,1773873,33659,882219,33138,891654,0,0,32447,808582,0.096173,34069,485243,0.057715,33604,1293825,0.153888,8407551
2,2021-02-19,60112,1833985,33201,915420,26911,918565,0,0,29775,808827,0.096202,30124,515367,0.061298,30369,1324194,0.157501,8407551
2,2021-02-20,38036,1872021,24648,940068,13388,931953,0,0,20609,812828,0.096678,17310,532677,0.063357,21311,1345505,0.160035,8407551
2,2021-02-21,21937,1893958,17717,957785,4220,936173,0,0,10813,813466,0.096754,11013,543690,0.064667,11651,1357156,0.161421,8407551
2,2021-02-22,39859,1933817,27230,985015,12629,948802,0,0,18893,812267,0.096612,20802,564492,0.067141,19603,1376759,0.163753,8407551
2,2021-02-23,54249,1988066,27665,1012680,26584,975386,0,0,23774,807765,0.096076,30193,594685,0.070732,25691,1402450,0.166808,8407551
2,2021-02-24,71633,2059699,36835,1049515,34798,1010184,0,0,32760,804302,0.095664,38635,633320,0.075328,35172,1437622,0.170992,8407551
2,2021-02-25,77694,2137393,36742,1086257,40952,1051136,0,0,39358,808487,0.096162,38042,671362,0.079852,42227,1479849,0.176014,8407551
2,2021-02-26,86276,2223669,36984,1123241,49292,1100428,0,0,46316,817391,0.097221,39626,710988,0.084565,48530,1528379,0.181786,8407551
2,2021-02-27,63158,2286827,29322,1152563,33828,1134256,8,8,34136,824117,0.098021,28768,739756,0.087987,35494,1563873,0.186008,8407551
2,2021-02-28,31160,2317987,18651,1171214,12508,1146764,1,9,18026,830004,0.098721,12995,752751,0.089533,18882,1582755,0.188254,8407551
2,2021-03-01,59350,2377337,30921,1202135,28349,1175113,80,89,32332,836984,0.099551,26676,779427,0.092706,33656,1616411,0.192257,8407551
2,2021-03-02,71042,2448379,34093,1236228,36933,1212046,16,105,39723,847989,0.10086,31113,810540,0.096406,42118,1658529,0.197267,8407551
2,2021-03-03,82078,2530457,39571,1275799,42487,1254533,20,125,46292,861409,0.102457,35545,846085,0.100634,48965,1707494,0.203091,8407551
2,2021-03-04,89934,2620391,44067,1319866,45834,1300367,33,158,51447,877088,0.104321,38216,884301,0.105179,53895,1761389,0.209501,8407551
2,2021-03-05,83620,2704011,39196,1359062,44102,1344469,322,480,50714,897883,0.106795,32643,916944,0.109062,53438,1814827,0.215857,8407551
2,2021-03-06,63692,2767703,31069,1390131,30900,1375369,1723,2203,38975,915440,0.108883,24570,941514,0.111984,42127,1856954,0.220867,8407551
2,2021-03-07,28891,2796594,16401,1406532,10936,1386305,1554,3757,18259,925825,0.110118,10550,952064,0.113239,20935,1877889,0.223357,8407551
2,2021-03-08,51262,2847856,23494,1430026,25186,1411491,2582,6339,32168,943241,0.11219,18968,971032,0.115495,36384,1914273,0.227685,8407551
2,2021-03-09,71189,2919045,32409,1462435,34895,1446386,3885,10224,39358,956148,0.113725,31675,1002707,0.119263,44582,1958855,0.232988,8407551
2,2021-03-10,79109,2998154,37386,1499821,35126,1481512,6597,16821,41873,968930,0.115245,36998,1039705,0.123663,49780,2008635,0.238908,8407551
2,2021-03-11,93847,3092001,43321,1543142,42110,1523622,8416,25237,48868,982932,0.116911,44647,1084352,0.128974,58649,2067284,0.245884,8407551
2,2021-03-12,94772,3186773,39030,1582172,43733,1567355,12009,37246,46975,995743,0.118434,47524,1131876,0.134626,60335,2127619,0.25306,8407551
2,2021-03-13,69594,3256367,29106,1611278,32457,1599812,8031,45277,38130,1011852,0.12035,31309,1163185,0.13835,47418,2175037,0.2587,8407551
2,2021-03-14,37161,3293528,18375,1629653,14263,1614075,4523,49800,18653,1017360,0.121006,18395,1181580,0.140538,23903,2198940,0.261543,8407551
2,2021-03-15,67903,3361431,30676,1660329,32200,1646275,5027,54827,37341,1030508,0.122569,30315,1211895,0.144144,43463,2242403,0.266713,8407551
2,2021-03-16,86823,3448254,38461,1698790,44324,1690599,4038,58865,52327,1053717,0.12533,34271,1246166,0.14822,57480,2299883,0.27355,8407551
2,2021-03-17,93498,3541752,44800,1743590,44486,1735085,4212,63077,59183,1083889,0.128919,34017,1280183,0.152266,64189,2364072,0.281184,8407551
2,2021-03-18,98811,3640563,47169,1790759,47008,1782093,4634,67711,59855,1110312,0.132061,38605,1318788,0.156858,65028,2429100,0.288919,8407551
2,2021-03-19,98081,3738644,46466,1837225,45443,1827536,6172,73883,57815,1134858,0.134981,39934,1358722,0.161607,64480,2493580,0.296588,8407551
2,2021-03-20,70419,3809063,34105,1871330,32306,1859842,4008,77891,45855,1160747,0.13806,24313,1383035,0.164499,50202,2543782,0.302559,8407551
2,2021-03-21,33850,3842913,21773,1893103,10068,1869910,2009,79900,20223,1169952,0.139155,13459,1396494,0.1661,22664,2566446,0.305255,8407551
2,2021-03-22,63292,3906205,34844,1927947,25802,1895712,2646,82546,41813,1194088,0.142026,21219,1417713,0.168624,45355,2611801,0.310649,8407551
2,2021-03-23,84384,3990589,44843,1972790,36605,1932317,2936,85482,52282,1218347,0.144911,31796,1449509,0.172406,56055,2667856,0.317317,8407551
2,2021-03-24,92490,4083079,49713,2022503,39593,1971910,3184,88666,53891,1237998,0.147248,38238,1487747,0.176954,57889,2725745,0.324202,8407551
2,2021-03-25,102112,4185191,51515,2074018,46666,2018576,3931,92597,57293,1255561,0.149337,44428,1532175,0.182238,61991,2787736,0.331575,8407551
2,2021-03-26,104198,4289389,51661,2125679,49036,2067612,3501,96098,56567,1269452,0.15099,47211,1579386,0.187853,61102,2848838,0.338843,8407551
2,2021-03-27,76191,4365580,38014,2163693,34853,2102465,3324,99422,37929,1273588,0.151481,37980,1617366,0.192371,42116,2890954,0.343852,8407551
2,2021-03-28,38035,4403615,23506,2187199,13716,2116181,813,100235,20207,1277787,0.151981,17674,1635040,0.194473,21873,2912827,0.346454,8407551
2,2021-03-29,72226,4475841,36707,2223906,33234,2149415,2285,102520,40739,1290555,0.1535,31248,1666288,0.198189,44016,2956843,0.351689,8407551
2,2021-03-30,92758,4568599,45440,2269346,42922,2192337,4396,106916,51758,1306566,0.155404,40768,1707056,0.203038,56779,3013622,0.358442,8407551
2,2021-03-31,101884,4670483,52513,2321859,44232,2236569,5139,112055,57516,1325572,0.157664,44025,1751081,0.208275,63031,3076653,0.365939,8407551
2,2021-04-01,118660,4789143,57316,2379175,51997,2288566,9347,121402,64291,1345698,0.160058,53898,1804979,0.214685,74024,3150677,0.374744,8407551
2,2021-04-02,112416,4901559,51785,2430960,50360,2338926,10271,131673,59967,1364367,0.162279,52016,1856995,0.220872,70685,3221362,0.383151,8407551
2,2021-04-03,77246,4978805,37959,2468919,29397,2368323,9890,141563,38197,1373994,0.163424,38820,1895815,0.22549,48447,3269809,0.388913,8407551
2,2021-04-04,29153,5007958,15006,2483925,10265,2378588,3882,145445,13066,1374992,0.163543,15970,1911785,0.227389,16968,3286777,0.390932,8407551
2,2021-04-05,79769,5087727,39066,2522991,31791,2410379,8912,154357,38360,1381792,0.164351,41208,1952993,0.23229,48008,3334785,0.396642,8407551
2,2021-04-06,104566,5192293,50921,2573912,38853,2449232,14792,169149,49399,1391513,0.165508,54862,2007855,0.238816,64583,3399368,0.404323,8407551
2,2021-04-07,111291,5303584,55537,2629449,39396,2488628,16358,185507,52157,1401429,0.166687,58817,2066672,0.245811,68733,3468101,0.412498,8407551
2,2021-04-08,119987,5423571,57738,2687187,43392,2532020,18857,204364,55612,1412414,0.167994,63986,2130658,0.253422,74971,3543072,0.421415,8407551
2,2021-04-09,119514,5543085,57468,2744655,43787,2575807,18259,222623,56396,1425158,0.169509,62716,2193374,0.260881,75460,3618532,0.430391,8407551
2,2021-04-10,88014,5631099,37955,2782610,31535,2607342,18524,241147,36216,1429011,0.169968,51518,2244892,0.267009,55371,3673903,0.436977,8407551
2,2021-04-11,44665,5675764,23153,2805763,12997,2620339,8515,249662,18262,1430245,0.170114,26245,2271137,0.270131,27479,3701382,0.440245,8407551
2,2021-04-12,80545,5756309,37499,2843262,33556,2653895,9490,259152,35808,1432072,0.170332,44445,2315582,0.275417,46272,3747654,0.445749,8407551
2,2021-04-13,102386,5858695,53152,2896414,48968,2702863,266,259418,55909,1442970,0.171628,46174,2361756,0.280909,57072,3804726,0.452537,8407551
2,2021-04-14,107382,5966077,56290,2952704,51029,2753892,63,259481,54668,1446762,0.172079,52376,2414132,0.287139,56168,3860894,0.459217,8407551
2,2021-04-15,113780,6079857,60435,3013139,53246,2807138,99,259580,59254,1453094,0.172832,54102,2468234,0.293573,60434,3921328,0.466405,8407551
2,2021-04-16,111371,6191228,57795,3070934,53517,2860655,59,259639,56468,1455951,0.173172,54526,2522760,0.300059,57383,3978711,0.473231,8407551
2,2021-04-17,83873,6275101,42686,3113620,41171,2901826,16,259655,46769,1466777,0.174459,36829,2559589,0.304439,47655,4026366,0.478899,8407551
2,2021-04-18,36065,6311166,21914,3135534,14139,2915965,12,259667,17029,1465921,0.174358,18890,2578479,0.306686,18034,4044400,0.481044,8407551
2,2021-04-19,75125,6386291,40447,3175981,34659,2950624,19,259686,34038,1459801,0.17363,40794,2619273,0.311538,34674,4079074,0.485168,8407551
2,2021-04-20,97850,6484141,49503,3225484,48318,2998942,29,259715,47148,1457396,0.173344,50331,2669604,0.317525,47926,4127000,0.490868,8407551
2,2021-04-21,104335,6588476,56503,3281987,47762,3046704,70,259785,49147,1452922,0.172812,54673,2724277,0.324027,50199,4177199,0.496839,8407551
2,2021-04-22,108864,6697340,56328,3338315,52508,3099212,28,259813,47557,1440553,0.17134,60833,2785110,0.331263,48464,4225663,0.502603,8407551
2,2021-04-23,108468,6805808,57750,3396065,50698,3149910,20,259833,50008,1433489,0.1705,58020,2843130,0.338164,50956,4276619,0.508664,8407551
2,2021-04-24,81315,6887123,47861,3443926,33410,3183320,44,259877,42225,1437987,0.171035,38716,2881846,0.342769,43214,4319833,0.513804,8407551
2,2021-04-25,36737,6923860,22625,3466551,14095,3197415,17,259894,19943,1441787,0.171487,16632,2898478,0.344747,20432,4340265,0.516234,8407551
2,2021-04-26,74635,6998495,41368,3507919,32949,3230364,318,260212,34189,1437606,0.17099,40146,2938624,0.349522,35965,4376230,0.520512,8407551
2,2021-04-27,88716,7087211,46829,3554748,40513,3270877,1374,261586,37954,1427831,0.169827,50352,2988976,0.355511,40577,4416807,0.525338,8407551
2,2021-04-28,88679,7175890,47420,3602168,39377,3310254,1882,263468,39008,1420341,0.168936,49300,3038276,0.361375,41810,4458617,0.530311,8407551
2,2021-04-29,91683,7267573,49956,3652124,40006,3350260,1721,265189,35529,1402465,0.16681,55730,3094006,0.368003,37854,4496471,0.534813,8407551
2,2021-04-30,95337,7362910,52673,3704797,40651,3390911,2013,267202,36944,1384183,0.164636,57897,3151903,0.37489,39615,4536086,0.539525,8407551
2,2021-05-01,63049,7425959,38445,3743242,22998,3413909,1606,268808,24567,1373088,0.163316,38126,3190029,0.379424,27031,4563117,0.54274,8407551
2,2021-05-02,29407,7455366,20473,3763715,7957,3421866,977,269785,11161,1367214,0.162617,18100,3208129,0.381577,12226,4575343,0.544194,8407551
2,2021-05-03,60914,7516280,36179,3799894,22667,3444533,2068,271853,20422,1349769,0.160542,40196,3248325,0.386358,22751,4598094,0.546901,8407551
2,2021-05-04,80364,7596644,47983,3847877,29972,3474505,2409,274262,26039,1324653,0.157555,53952,3302277,0.392775,28836,4626930,0.55033,8407551
2,2021-05-05,80980,7677624,48249,3896126,30366,3504871,2365,276627,25259,1297341,0.154307,55305,3357582,0.399353,27993,4654923,0.55366,8407551
2,2021-05-06,83418,7761042,50676,3946802,29806,3534677,2936,279563,25267,1268531,0.15088,57644,3415226,0.406209,28834,4683757,0.557089,8407551
2,2021-05-07,84176,7845218,48601,3995403,33140,3567817,2435,281998,25735,1239126,0.147383,58025,3473251,0.413111,28620,4712377,0.560493,8407551
2,2021-05-08,55956,7901174,33940,4029343,20288,3588105,1728,283726,17466,1220811,0.145204,38239,3511490,0.417659,19924,4732301,0.562863,8407551
2,2021-05-09,21938,7923112,15795,4045138,5395,3593500,748,284474,6326,1212599,0.144227,15516,3527006,0.419505,7304,4739605,0.563732,8407551
2,2021-05-10,50530,7973642,27559,4072697,21077,3614577,1894,286368,14220,1193282,0.14193,36032,3563038,0.42379,16715,4756320,0.56572,8407551
2,2021-05-11,66645,8040287,36127,4108824,28377,3642954,2141,288509,20046,1169890,0.139148,46268,3609306,0.429293,22876,4779196,0.568441,8407551
2,2021-05-12,65554,8105841,34949,4143773,28367,3671321,2238,290747,19256,1145833,0.136286,45963,3655269,0.43476,21906,4801102,0.571046,8407551
2,2021-05-13,71388,8177229,41475,4185248,27959,3699280,1954,292701,26075,1129602,0.134356,44999,3700268,0.440112,28768,4829870,0.574468,8407551
2,2021-05-14,80353,8257582,48176,4233424,29904,3729184,2273,294974,30817,1114181,0.132521,49152,3749420,0.445959,33731,4863601,0.57848,8407551
2,2021-05-15,66850,8324432,43918,4277342,21210,3750394,1722,296696,25890,1101509,0.131014,40689,3790109,0.450798,28017,4891618,0.581812,8407551
2,2021-05-16,31827,8356259,23823,4301165,7078,3757472,926,297622,12944,1096770,0.130451,18742,3808851,0.453027,14003,4905621,0.583478,8407551
2,2021-05-17,58260,8414519,36911,4338076,19385,3776857,1964,299586,22915,1086930,0.12928,35086,3843937,0.457201,25246,4930867,0.586481,8407551
2,2021-05-18,70462,8484981,41220,4379296,27271,3804128,1971,301557,27918,1075109,0.127874,42251,3886188,0.462226,30430,4961297,0.5901,8407551
2,2021-05-19,69231,8554212,40967,4420263,26238,3830366,2026,303583,27358,1063426,0.126485,41538,3927726,0.467166,29855,4991152,0.593651,8407551
2,2021-05-20,70007,8624219,40635,4460898,27173,3857539,2199,305782,26609,1049794,0.124863,43044,3970770,0.472286,29412,5020564,0.597149,8407551
2,2021-05-21,73584,8697803,43458,4504356,27952,3885491,2174,307956,27951,1035226,0.123131,45254,4016024,0.477669,30686,5051250,0.600799,8407551
2,2021-05-22,53962,8751765,34273,4538629,17913,3903404,1776,309732,22513,1028850,0.122372,31206,4047230,0.48138,24830,5076080,0.603753,8407551
2,2021-05-23,24514,8776279,16726,4555355,7062,3910466,726,310458,10271,1025880,0.122019,14109,4061339,0.483059,11139,5087219,0.605077,8407551
2,2021-05-24,45223,8821502,25723,4581078,17714,3928180,1786,312244,17377,1017783,0.121056,27603,4088942,0.486342,19506,5106725,0.607397,8407551
2,2021-05-25,51271,8872773,30050,4611128,19345,3947525,1876,314120,19497,1008243,0.119921,31452,4120394,0.490083,21912,5128637,0.610004,8407551
2,2021-05-26,49088,8921861,27520,4638648,19873,3967398,1695,315815,19195,999929,0.118932,29546,4149940,0.493597,21232,5149869,0.612529,8407551
2,2021-05-27,47016,8968877,26695,4665343,18577,3985975,1744,317559,18763,992945,0.118102,27994,4177934,0.496926,21010,5170879,0.615028,8407551
2,2021-05-28,50603,9019480,27985,4693328,20631,4006606,1987,319546,21212,987460,0.117449,29119,4207053,0.50039,23634,5194513,0.617839,8407551
2,2021-05-29,29250,9048730,17529,4710857,10653,4017259,1068,320614,13319,986266,0.117307,15760,4222813,0.502264,14566,5209079,0.619572,8407551
2,2021-05-30,12711,9061441,8190,4719047,3751,4021010,770,321384,5537,985534,0.11722,7105,4229918,0.503109,6373,5215452,0.62033,8407551
2,2021-05-31,5953,9067394,3491,4722538,2157,4023167,305,321689,1858,983713,0.117004,4032,4233950,0.503589,2211,5217663,0.620592,8407551
2,2021-06-01,45246,9112640,26001,4748539,17571,4040738,1674,323363,15733,972321,0.115649,29168,4263118,0.507058,17776,5235439,0.622707,8407551
2,2021-06-02,38589,9151229,22714,4771253,14448,4055186,1427,324790,15106,965951,0.114891,23203,4286321,0.509818,16833,5252272,0.624709,8407551
2,2021-06-03,41803,9193032,26941,4798194,13381,4068567,1481,326271,14101,954469,0.113525,27450,4313771,0.513083,15968,5268240,0.626608,8407551
2,2021-06-04,48603,9241635,31768,4829962,15277,4083844,1558,327829,15729,939729,0.111772,32553,4346324,0.516955,17813,5286053,0.628727,8407551
2,2021-06-05,38138,9279773,27228,4857190,9439,4093283,1471,329300,11858,927449,0.110311,26033,4372357,0.520051,13753,5299806,0.630363,8407551
2,2021-06-06,14967,9294740,12281,4869471,2107,4095390,579,329879,4661,922646,0.10974,10239,4382596,0.521269,5436,5305242,0.631009,8407551
2,2021-06-07,33568,9328308,23504,4892975,8777,4104167,1287,331166,11005,912782,0.108567,22394,4404990,0.523933,12530,5317772,0.6325,8407551
2,2021-06-08,40729,9369037,28818,4921793,10540,4114707,1371,332537,12487,899037,0.106932,27986,4432976,0.527261,14241,5332013,0.634193,8407551
2,2021-06-09,38225,9407262,26686,4948479,10037,4124744,1502,334039,11545,885932,0.105373,26479,4459455,0.530411,13374,5345387,0.635784,8407551
2,2021-06-10,37923,9445185,26375,4974854,10013,4134757,1535,335574,11616,873452,0.103889,26106,4485561,0.533516,13626,5359013,0.637405,8407551
2,2021-06-11,41588,9486773,27637,5002491,12271,4147028,1680,337254,13310,860740,0.102377,28004,4513565,0.536847,15292,5374305,0.639224,8407551
2,2021-06-12,29643,9516416,21827,5024318,6898,4153926,918,338172,8695,849786,0.101074,20802,4534367,0.539321,9848,5384153,0.640395,8407551
2,2021-06-13,12260,9528676,8958,5033276,2680,4156606,622,338794,3116,844611,0.100459,9080,4543447,0.540401,3905,5388058,0.640859,8407551
2,2021-06-14,30138,9558814,21406,5054682,7520,4164126,1212,340006,10421,836907,0.099542,19540,4562987,0.542725,11836,5399894,0.642267,8407551
2,2021-06-15,35934,9594748,23950,5078632,9926,4174052,2058,342064,12086,827855,0.098466,23574,4586561,0.545529,14522,5414416,0.643994,8407551
2,2021-06-16,33314,9628062,23021,5101653,8482,4182534,1811,343875,11530,819906,0.09752,21604,4608165,0.548098,13655,5428071,0.645619,8407551
2,2021-06-17,31037,9659099,20746,5122399,8484,4191018,1807,345682,10995,813059,0.096706,19856,4628021,0.55046,13009,5441080,0.647166,8407551
2,2021-06-18,34809,9693908,22940,5145339,9987,4201005,1882,347564,12615,805838,0.095847,21968,4649989,0.553073,14747,5455827,0.64892,8407551
2,2021-06-19,20985,9714893,14622,5159961,5103,4206108,1260,348824,7910,802297,0.095426,12910,4662899,0.554608,9369,5465196,0.650034,8407551
2,2021-06-20,8307,9723200,5940,5165901,1902,4208010,465,349289,3066,800703,0.095236,5195,4668094,0.555226,3601,5468797,0.650463,8407551
2,2021-06-21,19359,9742559,11853,5177754,6184,4214194,1322,350611,9872,802713,0.095475,9365,4677459,0.55634,11375,5480172,0.651815,8407551
2,2021-06-22,26926,9769485,18443,5196197,7099,4221293,1384,351995,10528,798675,0.094995,16223,4693682,0.55827,12185,5492357,0.653265,8407551
2,2021-06-23,25960,9795445,17914,5214111,6417,4227710,1629,353624,10529,795842,0.094658,15284,4708966,0.560088,12451,5504808,0.654746,8407551
2,2021-06-24,25445,9820890,17333,5231444,6585,4234295,1527,355151,10473,793255,0.09435,14819,4723785,0.56185,12232,5517040,0.656201,8407551
2,2021-06-25,28837,9849727,19543,5250987,7796,4242091,1498,356649,11996,790309,0.094,16679,4740464,0.563834,13733,5530773,0.657834,8407551
2,2021-06-26,18739,9868466,13796,5264783,4005,4246096,938,357587,7640,788138,0.093742,11004,4751468,0.565143,8833,5539606,0.658885,8407551
2,2021-06-27,8880,9877346,6782,5271565,1647,4247743,451,358038,3571,787033,0.09361,5251,4756719,0.565767,4146,5543752,0.659378,8407551
2,2021-06-28,19966,9897312,15164,5286729,3552,4251295,1250,359288,8808,786262,0.093519,11019,4767738,0.567078,10248,5554000,0.660597,8407551
2,2021-06-29,22862,9920174,15922,5302651,5862,4257157,1078,360366,9791,784434,0.093301,12931,4780669,0.568616,11103,5565103,0.661917,8407551
2,2021-06-30,22105,9942279,15675,5318326,5402,4262559,1028,361394,9862,783459,0.093185,12094,4792763,0.570055,11119,5576222,0.66324,8407551
2,2021-07-01,20056,9962335,14171,5332497,4985,4267544,900,362294,8927,782492,0.09307,10996,4803759,0.571362,10029,5586251,0.664433,8407551
2,2021-07-02,23067,9985402,15900,5348397,6137,4273681,1030,363324,10236,781300,0.092928,12660,4816419,0.572868,11468,5597719,0.665797,8407551
2,2021-07-03,12617,9998019,9087,5357484,3054,4276735,476,363800,5779,780936,0.092885,6740,4823159,0.57367,6376,5604095,0.666555,8407551
2,2021-07-04,1015,9999034,595,5358079,353,4277088,67,363867,434,780891,0.09288,569,4823728,0.573738,524,5604619,0.666617,8407551
2,2021-07-05,11120,10010154,8147,5366226,2564,4279652,409,364276,5093,780566,0.092841,5956,4829684,0.574446,5631,5610250,0.667287,8407551
2,2021-07-06,23890,10034044,17339,5383565,5541,4285193,1010,365286,9234,776588,0.092368,14492,4844176,0.57617,10514,5620764,0.668538,8407551
2,2021-07-07,20623,10054667,14700,5398265,4817,4290010,1106,366392,8749,774975,0.092176,11730,4855906,0.577565,10117,5630881,0.669741,8407551
2,2021-07-08,19218,10073885,13388,5411653,4786,4294796,1044,367436,8066,773250,0.091971,11037,4866943,0.578878,9312,5640193,0.670849,8407551
2,2021-07-09,22552,10096437,15613,5427266,5684,4300480,1255,368691,9546,771384,0.091749,12866,4879809,0.580408,11000,5651193,0.672157,8407551
2,2021-07-10,14307,10110744,10551,5437817,3070,4303550,686,369377,6288,770592,0.091655,7924,4887733,0.58135,7132,5658325,0.673005,8407551
2,2021-07-11,6562,10117306,4824,5442641,1389,4304939,349,369726,3088,770670,0.091664,3430,4891163,0.581758,3508,5661833,0.673422,8407551
2,2021-07-12,18228,10135534,13409,5456050,3948,4308887,871,370597,7848,769326,0.091504,10262,4901425,0.582979,8918,5670751,0.674483,8407551
2,2021-07-13,19575,10155109,13823,5469873,4869,4313756,883,371480,8780,768539,0.091411,10646,4912071,0.584245,9859,5680610,0.675656,8407551
2,2021-07-14,18708,10173817,13356,5483229,4563,4318319,789,372269,8356,767674,0.091308,10221,4922292,0.585461,9356,5689966,0.676769,8407551
2,2021-07-15,18849,10192666,13664,5496893,4482,4322801,703,372972,8566,766993,0.091227,10164,4932456,0.58667,9483,5699449,0.677896,8407551
2,2021-07-16,22910,10215576,16483,5513376,5594,4328395,833,373805,10988,767233,0.091255,11787,4944243,0.588072,12027,5711476,0.679327,8407551
2,2021-07-17,14385,10229961,10480,5523856,3371,4331766,534,374339,6945,767496,0.091287,7351,4951594,0.588946,7614,5719090,0.680233,8407551
2,2021-07-18,6991,10236952,5221,5529077,1441,4333207,329,374668,3534,768013,0.091348,3414,4955008,0.589352,3931,5723021,0.6807,8407551
2,2021-07-19,18431,10255383,13723,5542800,3962,4337169,746,375414,9149,768925,0.091456,9166,4964174,0.590442,10078,5733099,0.681899,8407551
2,2021-07-20,20848,10276231,14837,5557637,5174,4342343,837,376251,10562,770391,0.091631,10151,4974325,0.59165,11617,5744716,0.683281,8407551
2,2021-07-21,20382,10296613,14821,5572458,4791,4347134,770,377021,10563,772227,0.091849,9692,4984017,0.592802,11528,5756244,0.684652,8407551
2,2021-07-22,20266,10316879,14478,5586936,4938,4352072,850,377871,10821,774774,0.092152,9299,4993316,0.593908,11846,5768090,0.686061,8407551
2,2021-07-23,24379,10341258,17070,5604006,6263,4358335,1046,378917,13260,778320,0.092574,10959,5004275,0.595212,14505,5782595,0.687786,8407551
2,2021-07-24,14755,10356013,10628,5614634,3633,4361968,494,379411,8241,780763,0.092864,6406,5010681,0.595974,8849,5791444,0.688838,8407551
2,2021-07-25,6682,10362695,4923,5619557,1619,4363587,140,379551,4947,784197,0.093273,1692,5012373,0.596175,5126,5796570,0.689448,8407551
2,2021-07-26,18997,10381692,13399,5632956,4820,4368407,778,380329,12028,790280,0.093996,6848,5019221,0.59699,12931,5809501,0.690986,8407551
2,2021-07-27,22776,10404468,16480,5649436,5439,4373846,857,381186,13346,795360,0.094601,9273,5028494,0.598093,14353,5823854,0.692693,8407551
2,2021-07-28,22591,10427059,16155,5665591,5533,4379379,903,382089,13358,800738,0.09524,9066,5037560,0.599171,14444,5838298,0.694411,8407551
2,2021-07-29,21384,10448443,15315,5680906,5149,4384528,920,383009,12909,806385,0.095912,8330,5045890,0.600162,13977,5852275,0.696074,8407551
2,2021-07-30,26212,10474655,18678,5699584,6575,4391103,959,383968,15697,812926,0.09669,10317,5056207,0.601389,16858,5869133,0.698079,8407551
2,2021-07-31,15738,10490393,11602,5711186,3626,4394729,510,384478,9522,817004,0.097175,6089,5062296,0.602113,10167,5879300,0.699288,8407551
2,2021-08-01,8053,10498446,6201,5717387,1681,4396410,171,384649,5284,819814,0.097509,2709,5065005,0.602435,5519,5884819,0.699944,8407551
2,2021-08-02,21284,10519730,16004,5733391,4518,4400928,762,385411,13503,826558,0.098311,7635,5072640,0.603343,14379,5899198,0.701655,8407551
2,2021-08-03,24073,10543803,17545,5750936,5514,4406442,1014,386425,14964,833710,0.099162,8957,5081597,0.604409,16109,5915307,0.703571,8407551
2,2021-08-04,22748,10566551,16861,5767797,5017,4411459,870,387295,14185,840441,0.099963,8419,5090016,0.60541,15150,5930457,0.705373,8407551
2,2021-08-05,23097,10589648,16949,5784746,5227,4416686,921,388216,14291,847133,0.100759,8633,5098649,0.606437,15325,5945782,0.707195,8407551
2,2021-08-06,27626,10617274,20221,5804967,6417,4423103,988,389204,16818,854447,0.101629,10618,5109267,0.6077,17932,5963714,0.709328,8407551
2,2021-08-07,16871,10634145,12536,5817503,3740,4426843,595,389799,10358,859079,0.102179,6403,5115670,0.608461,11035,5974749,0.710641,8407551
2,2021-08-08,9370,10643515,7096,5824599,2046,4428889,228,390027,5856,861779,0.102501,3426,5119096,0.608869,6126,5980875,0.711369,8407551
2,2021-08-09,23228,10666743,17807,5842406,4656,4433545,765,390792,14066,867734,0.103209,9003,5128099,0.60994,14958,5995833,0.713149,8407551
2,2021-08-10,24321,10691064,17918,5860324,5555,4439100,848,391640,14300,873175,0.103856,9846,5137945,0.611111,15287,6011120,0.714967,8407551
2,2021-08-11,21922,10712986,16348,5876672,4669,4443769,905,392545,12737,877902,0.104418,9011,5146956,0.612183,13738,6024858,0.716601,8407551
2,2021-08-12,23815,10736801,17034,5893706,5709,4449478,1072,393617,13892,883254,0.105055,9711,5156667,0.613338,15063,6039921,0.718392,8407551
2,2021-08-13,29741,10766542,21508,5915214,7192,4456670,1041,394658,17196,889434,0.10579,12188,5168855,0.614787,18368,6058289,0.720577,8407551
2,2021-08-14,18702,10785244,13786,5929000,4414,4461084,502,395160,10502,892961,0.106209,7614,5176469,0.615693,11141,6069430,0.721902,8407551
2,2021-08-15,9717,10794961,7288,5936288,2245,4463329,184,395344,5329,894582,0.106402,3963,5180432,0.616164,5584,6075014,0.722566,8407551
2,2021-08-16,24682,10819643,17481,5953769,6357,4469686,844,396188,12880,897889,0.106796,10563,5190995,0.617421,13870,6088884,0.724216,8407551
2,2021-08-17,25836,10845479,18313,5972082,6593,4476279,930,397118,12829,900206,0.107071,11568,5202563,0.618796,13885,6102769,0.725868,8407551
2,2021-08-18,26094,10871573,18530,5990612,6681,4482960,883,398001,12781,902422,0.107335,11597,5214160,0.620176,13813,6116582,0.727511,8407551
2,2021-08-19,25862,10897435,17860,6008472,6984,4489944,1018,399019,12840,905202,0.107665,11199,5225359,0.621508,13979,6130561,0.729173,8407551
2,2021-08-20,32237,10929672,22669,6031141,8542,4498486,1026,400045,15155,906837,0.10786,14691,5240050,0.623255,16326,6146887,0.731115,8407551
2,2021-08-21,18951,10948623,13992,6045133,4417,4502903,542,400587,9034,907699,0.107962,8849,5248899,0.624308,9711,6156598,0.73227,8407551
2,2021-08-22,10666,10959289,7891,6053024,2562,4505465,213,400800,5268,908421,0.108048,4836,5253735,0.624883,5558,6162156,0.732931,8407551
2,2021-08-23,26392,10985681,19291,6072315,6389,4511854,712,401512,12350,909436,0.108169,12263,5265998,0.626341,13278,6175434,0.73451,8407551
2,2021-08-24,26980,11012661,20092,6092407,6048,4517902,840,402352,11930,909203,0.108141,13206,5279204,0.627912,12973,6188407,0.736053,8407551
2,2021-08-25,25652,11038313,19465,6111872,5485,4523387,702,403054,11670,909502,0.108177,12273,5291477,0.629372,12572,6200979,0.737549,8407551
2,2021-08-26,14194,11052507,10528,6122400,2987,4526374,679,403733,6083,909479,0.108174,6892,5298369,0.630192,6869,6207848,0.738366,8407551
3,2020-12-15,341,341,341,341,0,0,0,0,341,341,4.2e-05,0,0,0.0,341,341,4.2e-05,8129050
3,2020-12-16,2523,2864,2523,2864,0,0,0,0,2523,2864,0.000352,0,0,0.0,2523,2864,0.000352,8129050
3,2020-12-17,7940,10804,7940,10804,0,0,0,0,7941,10805,0.001329,0,0,0.0,7941,10805,0.001329,8129050
3,2020-12-18,13582,24386,13561,24365,21,21,0,0,13576,24381,0.002999,0,0,0.0,13576,24381,0.002999,8129050
3,2020-12-19,7278,31664,7266,31631,12,33,0,0,7335,31714,0.003901,2,2,0.0,7335,31716,0.003902,8129050
3,2020-12-20,5689,37353,5676,37307,13,46,0,0,5737,37450,0.004607,1,3,0.0,5737,37453,0.004607,8129050
3,2020-12-21,14483,51836,14455,51762,28,74,0,0,14547,51996,0.006396,1,4,0.0,14547,52000,0.006397,8129050
3,2020-12-22,15008,66844,14394,66156,614,688,0,0,15044,67037,0.008247,3,7,1e-06,15044,67044,0.008247,8129050
3,2020-12-23,15011,81855,12354,78510,2657,3345,0,0,15033,82069,0.010096,2,9,1e-06,15034,82078,0.010097,8129050
3,2020-12-24,6841,88696,4893,83403,1948,5293,0,0,6838,88905,0.010937,2,11,1e-06,6838,88916,0.010938,8129050
3,2020-12-25,741,89437,679,84082,62,5355,0,0,738,89643,0.011027,0,11,1e-06,738,89654,0.011029,8129050
3,2020-12-26,4651,94088,3015,87097,1636,6991,0,0,4649,94292,0.011599,0,11,1e-06,4649,94303,0.011601,8129050
3,2020-12-27,3025,97113,1872,88969,1153,8144,0,0,3025,97317,0.011972,0,11,1e-06,3025,97328,0.011973,8129050
3,2020-12-28,13790,110903,8819,97788,4971,13115,0,0,13812,111127,0.01367,2,13,2e-06,13812,111140,0.013672,8129050
3,2020-12-29,15438,126341,8746,106534,6692,19807,0,0,15465,126590,0.015573,2,15,2e-06,15465,126605,0.015574,8129050
3,2020-12-30,18430,144771,10340,116874,8090,27897,0,0,18436,145025,0.01784,2,17,2e-06,18437,145042,0.017842,8129050
3,2020-12-31,8528,153299,3261,120135,5267,33164,0,0,8528,153551,0.018889,2,19,2e-06,8528,153570,0.018892,8129050
3,2021-01-01,1886,155185,904,121039,982,34146,0,0,1881,155431,0.01912,1,20,2e-06,1881,155451,0.019123,8129050
3,2021-01-02,4994,160179,2456,123495,2538,36684,0,0,4993,160424,0.019735,0,20,2e-06,4993,160444,0.019737,8129050
3,2021-01-03,1641,161820,863,124358,778,37462,0,0,1632,162054,0.019935,2,22,3e-06,1632,162076,0.019938,8129050
3,2021-01-04,12176,173996,6051,130409,6125,43587,0,0,12146,174191,0.021428,9,31,4e-06,12146,174222,0.021432,8129050
3,2021-01-05,15937,189933,8279,138688,7658,51245,0,0,14224,186754,0.022974,1694,1725,0.000212,14257,188479,0.023186,8129050
3,2021-01-06,20787,210720,11032,149720,9755,61000,0,0,16152,198330,0.024398,4587,6312,0.000776,16163,204642,0.025174,8129050
3,2021-01-07,26864,237584,15373,165093,11491,72491,0,0,17291,206109,0.025355,9534,15846,0.001949,17313,221955,0.027304,8129050
3,2021-01-08,30919,268503,18893,183986,12026,84517,0,0,18295,211832,0.026059,12600,28446,0.003499,18323,240278,0.029558,8129050
3,2021-01-09,12574,281077,7101,191087,5473,89990,0,0,8015,215306,0.026486,4551,32997,0.004059,8025,248303,0.030545,8129050
3,2021-01-10,7282,288359,4513,195600,2769,92759,0,0,4105,216244,0.026601,3175,36172,0.00445,4113,252416,0.031051,8129050
3,2021-01-11,29412,317771,19265,214865,10147,102906,0,0,16630,220155,0.027083,12769,48941,0.006021,16680,269096,0.033103,8129050
3,2021-01-12,32910,350681,19634,234499,13276,116182,0,0,20140,227696,0.02801,12752,61693,0.007589,20293,289389,0.035599,8129050
3,2021-01-13,34881,385562,18225,252724,16656,132838,0,0,24560,241972,0.029766,10315,72008,0.008858,24591,313980,0.038624,8129050
3,2021-01-14,35025,420587,14312,267036,20713,153551,0,0,29059,265140,0.032616,5934,77942,0.009588,29102,343082,0.042204,8129050
3,2021-01-15,39327,459914,14594,281630,24733,178284,0,0,34590,295092,0.036301,4717,82659,0.010168,34669,377751,0.046469,8129050
3,2021-01-16,22049,481963,7519,289149,14530,192814,0,0,19658,312394,0.038429,2380,85039,0.010461,19682,397433,0.04889,8129050
3,2021-01-17,13202,495165,4490,293639,8712,201526,0,0,12107,323425,0.039786,1094,86133,0.010596,12125,409558,0.050382,8129050
3,2021-01-18,24986,520151,13060,306699,11926,213452,0,0,19296,337068,0.041465,5705,91838,0.011298,19348,428906,0.052762,8129050
3,2021-01-19,41572,561723,21195,327894,20377,233829,0,0,32160,359936,0.044278,9383,101221,0.012452,32251,461157,0.05673,8129050
3,2021-01-20,46552,608275,23181,351075,23371,257200,0,0,36819,387157,0.047626,9685,110906,0.013643,36906,498063,0.06127,8129050
3,2021-01-21,48561,656836,21093,372168,27468,284668,0,0,42903,424571,0.052229,5576,116482,0.014329,42990,541053,0.066558,8129050
3,2021-01-22,50167,707003,20003,392171,30164,314832,0,0,45862,466207,0.057351,4302,120784,0.014858,45938,586991,0.072209,8129050
3,2021-01-23,30657,737660,12881,405052,17776,332608,0,0,27322,490268,0.060311,3323,124107,0.015267,27384,614375,0.075578,8129050
3,2021-01-24,18077,755737,8530,413582,9547,342155,0,0,16877,505982,0.062244,1196,125303,0.015414,16910,631285,0.077658,8129050
3,2021-01-25,41276,797013,18397,431979,22879,365034,0,0,31129,527082,0.064839,10124,135427,0.01666,31224,662509,0.081499,8129050
3,2021-01-26,47714,844727,22795,454774,24919,389953,0,0,37360,554213,0.068177,10340,145767,0.017932,37471,699980,0.086108,8129050
3,2021-01-27,52027,896754,24759,479533,27268,417221,0,0,41172,584689,0.071926,10783,156550,0.019258,41259,741239,0.091184,8129050
3,2021-01-28,52665,949419,24420,503953,28245,445466,0,0,43555,619289,0.076182,9016,165566,0.020367,43616,784855,0.096549,8129050
3,2021-01-29,51662,1001081,24709,528662,26953,472419,0,0,41736,651348,0.080126,9729,175295,0.021564,41788,826643,0.10169,8129050
3,2021-01-30,37839,1038920,17820,546482,20019,492438,0,0,33072,679802,0.083626,4713,180008,0.022144,33167,859810,0.10577,8129050
3,2021-01-31,22911,1061831,12882,559364,10029,502467,0,0,21463,699861,0.086094,1430,181438,0.02232,21489,881299,0.108414,8129050
3,2021-02-01,46635,1108466,21343,580707,25292,527759,0,0,35519,724372,0.089109,11051,192489,0.023679,35562,916861,0.112788,8129050
3,2021-02-02,55017,1163483,22952,603659,32065,559824,0,0,42395,754301,0.092791,12520,205009,0.025219,42449,959310,0.11801,8129050
3,2021-02-03,60571,1224054,26929,630588,33642,593466,0,0,44966,783903,0.096432,15441,220450,0.027119,45043,1004353,0.123551,8129050
3,2021-02-04,64976,1289030,28148,658736,36828,630294,0,0,47528,814326,0.100175,17233,237683,0.029239,47656,1052009,0.129414,8129050
3,2021-02-05,71259,1360289,30032,688768,41227,671521,0,0,49180,841910,0.103568,21818,259501,0.031923,49402,1101411,0.135491,8129050
3,2021-02-06,44057,1404346,21083,709851,22974,694495,0,0,34297,866694,0.106617,9711,269212,0.033117,34495,1135906,0.139734,8129050
3,2021-02-07,19927,1424273,12678,722529,7249,701744,0,0,15293,877501,0.107946,4615,273827,0.033685,15422,1151328,0.141631,8129050
3,2021-02-08,51979,1476252,25099,747628,26880,728624,0,0,34013,893893,0.109963,17825,291652,0.035878,34217,1185545,0.145841,8129050
3,2021-02-09,59274,1535526,28763,776391,30511,759135,0,0,34593,904378,0.111253,24468,316120,0.038888,34953,1220498,0.15014,8129050
3,2021-02-10,68902,1604428,32072,808463,36830,795965,0,0,36861,910034,0.111948,31735,347855,0.042792,37391,1257889,0.15474,8129050
3,2021-02-11,71429,1675857,35103,843566,36326,832291,0,0,37833,915233,0.112588,33192,381047,0.046875,38391,1296280,0.159463,8129050
3,2021-02-12,76417,1752274,32907,876473,43510,875801,0,0,42101,924150,0.113685,33966,415013,0.051053,42883,1339163,0.164738,8129050
3,2021-02-13,45549,1797823,20615,897088,24934,900735,0,0,26078,931474,0.114586,19350,434363,0.053433,26674,1365837,0.168019,8129050
3,2021-02-14,27587,1825410,13753,910841,13834,914569,0,0,15292,935012,0.115021,12225,446588,0.054937,15763,1381600,0.169958,8129050
3,2021-02-15,40569,1865979,17479,928320,23090,937659,0,0,22358,940237,0.115664,18092,464680,0.057163,23317,1404917,0.172827,8129050
3,2021-02-16,70970,1936949,33588,961908,37382,975041,0,0,36725,943939,0.116119,34078,498758,0.061355,37780,1442697,0.177474,8129050
3,2021-02-17,72724,2009673,36734,998642,35990,1011031,0,0,34352,941261,0.11579,38104,536862,0.066042,35426,1478123,0.181832,8129050
3,2021-02-18,77883,2087556,40683,1039325,37200,1048231,0,0,35891,936734,0.115233,41775,578637,0.071181,37248,1515371,0.186414,8129050
3,2021-02-19,69956,2157512,40302,1079627,29654,1077885,0,0,35242,938124,0.115404,34534,613171,0.07543,35924,1551295,0.190833,8129050
3,2021-02-20,43534,2201046,27452,1107079,16082,1093967,0,0,22627,940512,0.115698,20780,633951,0.077986,23168,1574463,0.193684,8129050
3,2021-02-21,24513,2225559,19681,1126760,4832,1098799,0,0,11785,940102,0.115647,12618,646569,0.079538,12208,1586671,0.195185,8129050
3,2021-02-22,47983,2273542,31238,1157998,16745,1115544,0,0,22416,937615,0.115341,25407,671976,0.082664,22920,1609591,0.198005,8129050
3,2021-02-23,64168,2337710,34831,1192829,29337,1144881,0,0,27894,931508,0.11459,36022,707998,0.087095,29915,1639506,0.201685,8129050
3,2021-02-24,80352,2418062,39496,1232325,40856,1185737,0,0,35309,924605,0.113741,44767,752765,0.092602,37864,1677370,0.206343,8129050
3,2021-02-25,90068,2508130,43883,1276208,46185,1231922,0,0,44677,926849,0.114017,45065,797830,0.098146,47309,1724679,0.212162,8129050
3,2021-02-26,101118,2609248,46235,1322443,54883,1286805,0,0,53136,934686,0.114981,47534,845364,0.103993,55371,1780050,0.218974,8129050
3,2021-02-27,71699,2680947,32923,1355366,38772,1325577,4,4,37577,939730,0.115601,33870,879234,0.10816,38914,1818964,0.223761,8129050
3,2021-02-28,41832,2722779,24166,1379532,17661,1343238,5,9,21147,941385,0.115805,20474,899708,0.110678,22129,1841093,0.226483,8129050
3,2021-03-01,70838,2793617,37531,1417063,33250,1376488,57,66,39315,950894,0.116975,31246,930954,0.114522,40755,1881848,0.231497,8129050
3,2021-03-02,82228,2875845,40543,1457606,41670,1418158,15,81,47340,965687,0.118795,34705,965659,0.118791,49498,1931346,0.237586,8129050
3,2021-03-03,92203,2968048,44128,1501734,48038,1466196,37,118,51410,978914,0.120422,40533,1006192,0.123777,53760,1985106,0.244199,8129050
3,2021-03-04,96649,3064697,47271,1549005,49353,1515549,25,143,54611,994108,0.122291,41765,1047957,0.128915,56959,2042065,0.251206,8129050
3,2021-03-05,93011,3157708,45428,1594433,47280,1562829,303,446,56101,1016173,0.125005,36606,1084563,0.133418,58671,2100736,0.258423,8129050
3,2021-03-06,66512,3224220,33712,1628145,30627,1593456,2173,2619,37869,1029201,0.126608,28474,1113037,0.136921,41502,2142238,0.263529,8129050
3,2021-03-07,39535,3263755,22803,1650948,14810,1608266,1922,4541,22216,1037261,0.127599,17234,1130271,0.139041,25294,2167532,0.26664,8129050
3,2021-03-08,60706,3324461,28903,1679851,28773,1637039,3030,7571,38344,1057979,0.130148,22181,1152452,0.14177,42899,2210431,0.271918,8129050
3,2021-03-09,78013,3402474,36015,1715866,37500,1674539,4498,12069,41866,1069497,0.131565,35970,1188422,0.146194,47488,2257919,0.277759,8129050
3,2021-03-10,84153,3486627,41857,1757723,36126,1710665,6170,18239,43890,1080901,0.132968,40015,1228437,0.151117,51419,2309338,0.284085,8129050
3,2021-03-11,98355,3584982,48129,1805852,41537,1752202,8689,26928,48063,1088697,0.133927,49985,1278422,0.157266,57781,2367119,0.291193,8129050
3,2021-03-12,103120,3688102,46073,1851925,45112,1797314,11935,38863,47002,1092830,0.134435,55839,1334261,0.164135,59972,2427091,0.29857,8129050
3,2021-03-13,71059,3759161,29933,1881858,33815,1831129,7311,46174,37490,1105514,0.135995,33410,1367671,0.168245,46094,2473185,0.30424,8129050
3,2021-03-14,41604,3800765,21730,1903588,16296,1847425,3578,49752,20953,1110103,0.13656,20549,1388220,0.170773,25138,2498323,0.307333,8129050
3,2021-03-15,76421,3877186,36240,1939828,35583,1883008,4598,54350,40213,1119930,0.137769,35944,1424164,0.175194,45771,2544094,0.312963,8129050
3,2021-03-16,95905,3973091,44233,1984061,47284,1930292,4388,58738,53790,1137156,0.139888,41832,1465996,0.18034,59058,2603152,0.320228,8129050
3,2021-03-17,99250,4072341,48199,2032260,46465,1976757,4586,63324,60145,1163677,0.14315,38835,1504831,0.185118,65356,2668508,0.328268,8129050
3,2021-03-18,104585,4176926,53125,2085385,46859,2023616,4601,67925,59789,1184110,0.145664,44474,1549305,0.190589,64907,2733415,0.336253,8129050
3,2021-03-19,104182,4281108,55910,2141295,43772,2067388,4500,72425,57870,1200999,0.147742,45998,1595303,0.196247,62887,2796302,0.343989,8129050
3,2021-03-20,72574,4353682,37399,2178694,31450,2098838,3725,76150,44554,1221949,0.150319,27788,1623091,0.199666,48738,2845040,0.349984,8129050
3,2021-03-21,36636,4390318,24869,2203563,10242,2109080,1525,77675,21988,1231416,0.151483,14519,1637610,0.201452,23986,2869026,0.352935,8129050
3,2021-03-22,71186,4461504,41831,2245394,26809,2135889,2546,80221,45167,1254389,0.154309,25743,1663353,0.204618,48716,2917742,0.358928,8129050
3,2021-03-23,90648,4552152,50141,2295535,37918,2173807,2589,82810,55135,1277597,0.157164,35208,1698561,0.20895,58416,2976158,0.366114,8129050
3,2021-03-24,99628,4651780,57338,2352873,39330,2213137,2960,85770,56224,1294368,0.159227,43006,1741567,0.21424,59777,3035935,0.373467,8129050
3,2021-03-25,108370,4760150,60177,2413050,45150,2258287,3043,88813,60538,1311135,0.16129,47442,1789009,0.220076,64209,3100144,0.381366,8129050
3,2021-03-26,111763,4871913,59937,2472987,48443,2306730,3383,92196,57107,1318177,0.162156,54274,1843283,0.226753,61316,3161460,0.388909,8129050
3,2021-03-27,75283,4947196,38275,2511262,34447,2341177,2561,94757,36176,1318728,0.162224,38846,1882129,0.231531,39397,3200857,0.393755,8129050
3,2021-03-28,44773,4991969,28220,2539482,15730,2356907,823,95580,22438,1320436,0.162434,22201,1904330,0.234262,23909,3224766,0.396697,8129050
3,2021-03-29,81619,5073588,42624,2582106,37127,2394034,1868,97448,44286,1330391,0.163659,37048,1941378,0.23882,47003,3271769,0.402479,8129050
3,2021-03-30,101245,5174833,49762,2631868,47769,2441803,3714,101162,56264,1346270,0.165612,44691,1986069,0.244317,60570,3332339,0.40993,8129050
3,2021-03-31,105905,5280738,57113,2688981,43893,2485696,4899,106061,56220,1358299,0.167092,49401,2035470,0.250395,61430,3393769,0.417487,8129050
3,2021-04-01,125011,5405749,63162,2752143,51977,2537673,9872,115933,66966,1377797,0.169491,57557,2093027,0.257475,77055,3470824,0.426966,8129050
3,2021-04-02,118842,5524591,57967,2810110,50418,2588091,10457,126390,62250,1394638,0.171562,56257,2149284,0.264395,73098,3543922,0.435958,8129050
3,2021-04-03,76619,5601210,39199,2849309,28120,2616211,9300,135690,38044,1403853,0.172696,38394,2187678,0.269119,47609,3591531,0.441814,8129050
3,2021-04-04,32651,5633861,17457,2866766,10942,2627153,4252,139942,14250,1404027,0.172717,18308,2205986,0.271371,18482,3610013,0.444088,8129050
3,2021-04-05,90372,5724233,45856,2912622,35169,2662322,9347,149289,43735,1411490,0.173635,46382,2252368,0.277076,53845,3663858,0.450712,8129050
3,2021-04-06,114318,5838551,55638,2968260,43366,2705688,15314,164603,53500,1420432,0.174735,60508,2312876,0.28452,69450,3733308,0.459255,8129050
3,2021-04-07,117159,5955710,60618,3028878,40135,2745823,16406,181009,56337,1432879,0.176266,60522,2373398,0.291965,72969,3806277,0.468231,8129050
3,2021-04-08,122220,6077930,60827,3089705,41074,2786897,20319,201328,56500,1445011,0.177759,65376,2438774,0.300007,77508,3883785,0.477766,8129050
3,2021-04-09,119372,6197302,59414,3149119,40641,2827538,19317,220645,52244,1450534,0.178438,66841,2505615,0.30823,72364,3956149,0.486668,8129050
3,2021-04-10,84921,6282223,38105,3187224,31430,2858968,15386,236031,34498,1450955,0.17849,50209,2555824,0.314406,50630,4006779,0.492896,8129050
3,2021-04-11,45548,6327771,24375,3211599,13076,2872044,8097,244128,17273,1448949,0.178243,28166,2583990,0.317871,26160,4032939,0.496114,8129050
3,2021-04-12,84592,6412363,42712,3254311,32978,2905022,8902,253030,38095,1450782,0.178469,46218,2630208,0.323557,48051,4080990,0.502025,8129050
3,2021-04-13,106122,6518485,57453,3311764,48456,2953478,213,253243,55722,1457481,0.179293,50125,2680333,0.329723,56824,4137814,0.509016,8129050
3,2021-04-14,108359,6626844,59258,3371022,48991,3002469,110,253353,53739,1458486,0.179417,54287,2734620,0.336401,55292,4193106,0.515817,8129050
3,2021-04-15,120076,6746920,67544,3438566,52446,3054915,86,253439,63849,1467390,0.180512,55852,2790472,0.343272,64756,4257862,0.523783,8129050
3,2021-04-16,116257,6863177,65196,3503762,50963,3105878,98,253537,60440,1473121,0.181217,55476,2845948,0.350096,61207,4319069,0.531313,8129050
3,2021-04-17,79947,6943124,43583,3547345,36348,3142226,16,253553,44371,1483161,0.182452,35324,2881272,0.354441,45364,4364433,0.536893,8129050
3,2021-04-18,39097,6982221,23638,3570983,15450,3157676,9,253562,18273,1481642,0.182265,20684,2901956,0.356986,19165,4383598,0.539251,8129050
3,2021-04-19,79643,7061864,44310,3615293,35273,3192949,60,253622,35682,1474176,0.181347,43725,2945681,0.362365,36259,4419857,0.543711,8129050
3,2021-04-20,101334,7163198,53340,3668633,47972,3240921,22,253644,48769,1471750,0.181048,52261,2997942,0.368794,49835,4469692,0.549842,8129050
3,2021-04-21,106571,7269769,59836,3728469,46653,3287574,82,253726,50133,1467044,0.180469,56014,3053956,0.375684,51308,4521000,0.556154,8129050
3,2021-04-22,112702,7382471,63340,3791809,49333,3336907,29,253755,48262,1452252,0.17865,64043,3117999,0.383563,49251,4570251,0.562212,8129050
3,2021-04-23,107005,7489476,61224,3853033,45749,3382656,32,253787,46711,1440114,0.177156,59903,3177902,0.390932,47765,4618016,0.568088,8129050
3,2021-04-24,74435,7563911,45917,3898950,28444,3411100,74,253861,36155,1439375,0.177066,37979,3215881,0.395604,37240,4655256,0.572669,8129050
3,2021-04-25,37182,7601093,23725,3922675,13439,3424539,18,253879,18926,1440640,0.177221,18084,3233965,0.397828,19349,4674605,0.575049,8129050
3,2021-04-26,74499,7675592,42105,3964780,31975,3456514,419,254298,31676,1431570,0.176105,42519,3276484,0.403059,33449,4708054,0.579164,8129050
3,2021-04-27,91728,7767320,48152,4012932,41815,3498329,1761,256059,36251,1415218,0.174094,55141,3331625,0.409842,38789,4746843,0.583936,8129050
3,2021-04-28,87512,7854832,49733,4062665,35623,3533952,2156,258215,35604,1401944,0.172461,51581,3383206,0.416187,38307,4785150,0.588648,8129050
3,2021-04-29,89834,7944666,51330,4113995,36266,3570218,2238,260453,31976,1379162,0.169658,57483,3440689,0.423258,34701,4819851,0.592917,8129050
3,2021-04-30,91388,8036054,51576,4165571,37317,3607535,2495,262948,33936,1359009,0.167179,57050,3497739,0.430276,36897,4856748,0.597456,8129050
3,2021-05-01,56024,8092078,35103,4200674,19429,3626964,1492,264440,20170,1345627,0.165533,35537,3533276,0.434648,22155,4878903,0.600181,8129050
3,2021-05-02,27152,8119230,18535,4219209,7592,3634556,1025,265465,9939,1339597,0.164791,17094,3550370,0.436751,11064,4889967,0.601542,8129050
3,2021-05-03,60212,8179442,35365,4254574,22463,3657019,2384,267849,17509,1317221,0.162039,42449,3592819,0.441973,20073,4910040,0.604012,8129050
3,2021-05-04,78077,8257519,45136,4299710,30246,3687265,2695,270544,22629,1287689,0.158406,55127,3647946,0.448754,25595,4935635,0.60716,8129050
3,2021-05-05,79619,8337138,47798,4347508,29094,3716359,2727,273271,21971,1255408,0.154435,57276,3705222,0.4558,24995,4960630,0.610235,8129050
3,2021-05-06,83941,8421079,53119,4400627,28275,3744634,2547,275818,20654,1216376,0.149633,62774,3767996,0.463522,23742,4984372,0.613156,8129050
3,2021-05-07,82958,8504037,51687,4452314,28618,3773252,2653,278471,21886,1180529,0.145223,60685,3828681,0.470988,24838,5009210,0.616211,8129050
3,2021-05-08,52995,8557032,32854,4485168,18410,3791662,1731,280202,14007,1157832,0.142431,38701,3867382,0.475748,16004,5025214,0.61818,8129050
3,2021-05-09,21097,8578129,15425,4500593,4876,3796538,796,280998,5489,1148680,0.141306,15505,3882887,0.477656,6353,5031567,0.618961,8129050
3,2021-05-10,48461,8626590,26088,4526681,20454,3816992,1919,282917,11210,1125034,0.138397,37029,3919916,0.482211,13383,5044950,0.620608,8129050
3,2021-05-11,64553,8691143,36220,4562901,26099,3843091,2234,285151,16216,1095884,0.134811,48066,3967982,0.488124,18916,5063866,0.622935,8129050
3,2021-05-12,65274,8756417,37512,4600413,25344,3868435,2418,287569,16640,1066921,0.131248,48341,4016323,0.49407,19378,5083244,0.625318,8129050
3,2021-05-13,75915,8832332,47841,4648254,26144,3894579,1930,289499,27671,1049177,0.129065,47972,4064295,0.499972,30228,5113472,0.629037,8129050
3,2021-05-14,80859,8913191,51051,4699305,27649,3922228,2159,291658,31282,1033963,0.127194,49257,4113552,0.506031,34043,5147515,0.633225,8129050
3,2021-05-15,62541,8975732,43126,4742431,18188,3940416,1227,292885,25832,1024777,0.126064,36479,4150031,0.510519,27293,5174808,0.636582,8129050
3,2021-05-16,33340,9009072,24936,4767367,7711,3948127,693,293578,13454,1019262,0.125385,19756,4169787,0.512949,14241,5189049,0.638334,8129050
3,2021-05-17,57257,9066329,36452,4803819,18943,3967070,1862,295440,21073,1006512,0.123817,35894,4205681,0.517364,23144,5212193,0.641181,8129050
3,2021-05-18,64815,9131144,38254,4842073,24683,3991753,1878,297318,24333,992926,0.122145,40194,4245875,0.522309,26608,5238801,0.644454,8129050
3,2021-05-19,64283,9195427,39064,4881137,23453,4015206,1766,299084,24851,980659,0.120636,39165,4285040,0.527127,26898,5265699,0.647763,8129050
3,2021-05-20,62154,9257581,36366,4917503,23926,4039132,1862,300946,22292,965597,0.118783,39557,4324597,0.531993,24495,5290194,0.650776,8129050
3,2021-05-21,66508,9324089,40426,4957929,23965,4063097,2117,303063,23767,949394,0.11679,42396,4366993,0.537208,26193,5316387,0.653999,8129050
3,2021-05-22,46024,9370113,30506,4988435,14042,4077139,1476,304539,19143,943624,0.11608,26645,4393638,0.540486,20875,5337262,0.656567,8129050
3,2021-05-23,21830,9391943,15099,5003534,6076,4083215,655,305194,9230,941118,0.115772,12504,4406142,0.542024,9998,5347260,0.657796,8129050
3,2021-05-24,39900,9431843,23349,5026883,14777,4097992,1774,306968,14792,932986,0.114772,24897,4431039,0.545087,16765,5364025,0.659859,8129050
3,2021-05-25,43120,9474963,24264,5051147,17161,4115153,1695,308663,15299,922689,0.113505,27524,4458563,0.548473,17227,5381252,0.661978,8129050
3,2021-05-26,42724,9517687,24451,5075598,16529,4131682,1744,310407,16003,914162,0.112456,26411,4484974,0.551722,17884,5399136,0.664178,8129050
3,2021-05-27,39668,9557355,22246,5097844,15663,4147345,1759,312166,15514,907713,0.111663,23973,4508947,0.554671,17524,5416660,0.666334,8129050
3,2021-05-28,43214,9600569,24437,5122281,16965,4164310,1812,313978,17967,902788,0.111057,25025,4533972,0.557749,20100,5436760,0.668806,8129050
3,2021-05-29,23615,9624184,14432,5136713,8342,4172652,841,314819,11005,902308,0.110998,12460,4546432,0.559282,11980,5448740,0.67028,8129050
3,2021-05-30,10661,9634845,6910,5143623,3114,4175766,637,315456,4475,901360,0.110881,6104,4552536,0.560033,5156,5453896,0.670914,8129050
3,2021-05-31,4703,9639548,2725,5146348,1711,4177477,267,315723,1472,899953,0.110708,3175,4555711,0.560424,1768,5455664,0.671132,8129050
3,2021-06-01,38061,9677609,21906,5168254,14695,4192172,1460,317183,13308,890423,0.109536,24491,4580202,0.563436,14961,5470625,0.672972,8129050
3,2021-06-02,31755,9709364,18281,5186535,12051,4204223,1423,318606,11762,883971,0.108742,19778,4599980,0.565869,13326,5483951,0.674612,8129050
3,2021-06-03,39910,9749274,27307,5213842,11159,4215382,1444,320050,11533,868998,0.1069,28190,4628170,0.569337,13217,5497168,0.676237,8129050
3,2021-06-04,46589,9795863,32961,5246803,12075,4227457,1553,321603,13284,851212,0.104712,33044,4661214,0.573402,15258,5512426,0.678114,8129050
3,2021-06-05,34547,9830410,26045,5272848,7312,4234769,1190,322793,8765,835797,0.102816,25568,4686782,0.576547,10153,5522579,0.679363,8129050
3,2021-06-06,14698,9845108,12265,5285113,1846,4236615,587,323380,3703,829325,0.10202,10930,4697712,0.577892,4458,5527037,0.679912,8129050
3,2021-06-07,30664,9875772,22287,5307400,7088,4243703,1289,324669,8885,818003,0.100627,21615,4719327,0.580551,10293,5537330,0.681178,8129050
3,2021-06-08,34441,9910213,24710,5332110,8432,4252135,1299,325968,9956,805216,0.099054,24269,4743596,0.583536,11482,5548812,0.68259,8129050
3,2021-06-09,33095,9943308,23999,5356109,7785,4259920,1311,327279,8886,791559,0.097374,24020,4767616,0.586491,10363,5559175,0.683865,8129050
3,2021-06-10,32621,9975929,23524,5379633,7559,4267479,1538,328817,8974,778787,0.095803,23484,4791100,0.58938,10712,5569887,0.685183,8129050
3,2021-06-11,35826,10011755,25342,5404975,9104,4276583,1380,330197,10648,766020,0.094232,24972,4816072,0.592452,12205,5582092,0.686684,8129050
3,2021-06-12,25349,10037104,19105,5424080,5348,4281931,896,331093,6705,755263,0.092909,18522,4834594,0.594731,7765,5589857,0.68764,8129050
3,2021-06-13,10210,10047314,7649,5431729,2069,4284000,492,331585,2387,750448,0.092317,7769,4842363,0.595686,2954,5592811,0.688003,8129050
3,2021-06-14,26018,10073332,18663,5450392,5918,4289918,1437,333022,8149,742448,0.091333,17729,4860092,0.597867,9729,5602540,0.6892,8129050
3,2021-06-15,28992,10102324,19620,5470012,7846,4297764,1526,334548,9745,734884,0.090402,19004,4879096,0.600205,11440,5613980,0.690607,8129050
3,2021-06-16,26139,10128463,18584,5488596,6128,4303892,1427,335975,8847,728203,0.08958,17106,4896202,0.602309,10425,5624405,0.69189,8129050
3,2021-06-17,25010,10153473,17906,5506502,5804,4309696,1300,337275,8690,722178,0.088839,16155,4912357,0.604297,10130,5634535,0.693136,8129050
3,2021-06-18,28076,10181549,19821,5526323,6681,4316377,1574,338849,9807,715691,0.088041,18035,4930392,0.606515,11548,5646083,0.694556,8129050
3,2021-06-19,16049,10197598,11788,5538111,3400,4319777,861,339710,5743,712228,0.087615,10176,4940568,0.607767,6713,5652796,0.695382,8129050
3,2021-06-20,6892,10204490,5168,5543279,1422,4321199,302,340012,2611,710971,0.087461,4223,4944791,0.608286,2966,5655762,0.695747,8129050
3,2021-06-21,16266,10220756,10263,5553542,4599,4325798,1404,341416,8092,712509,0.08765,8080,4952871,0.60928,9618,5665380,0.69693,8129050
3,2021-06-22,22120,10242876,15508,5569050,5312,4331110,1300,342716,8253,708484,0.087155,13733,4966604,0.61097,9708,5675088,0.698124,8129050
3,2021-06-23,20311,10263187,14217,5583267,4750,4335860,1344,344060,8022,705820,0.086827,12168,4978772,0.612467,9504,5684592,0.699294,8129050
3,2021-06-24,20016,10283203,13930,5597197,4628,4340488,1458,345518,7809,703171,0.086501,12023,4990795,0.613946,9374,5693966,0.700447,8129050
3,2021-06-25,23379,10306582,16588,5613785,5367,4345855,1424,346942,9128,699739,0.086079,14112,5004907,0.615682,10680,5704646,0.70176,8129050
3,2021-06-26,14054,10320636,10440,5624225,2839,4348694,775,347717,5866,698457,0.085921,8081,5012988,0.616676,6799,5711445,0.702597,8129050
3,2021-06-27,6760,10327396,5238,5629463,1214,4349908,308,348025,2893,697873,0.085849,3820,5016808,0.617146,3236,5714681,0.702995,8129050
3,2021-06-28,16119,10343515,12404,5641867,2630,4352538,1085,349110,6783,696661,0.0857,9187,5025995,0.618276,7975,5722656,0.703976,8129050
3,2021-06-29,18155,10361670,12791,5654658,4353,4356891,1011,350121,7436,694671,0.085455,10569,5036564,0.619576,8579,5731235,0.705031,8129050
3,2021-06-30,17153,10378823,12163,5666821,3946,4360837,1044,351165,7400,693676,0.085333,9587,5046151,0.620755,8592,5739827,0.706088,8129050
3,2021-07-01,16450,10395273,11725,5678546,3646,4364483,1079,352244,6940,692427,0.085179,9369,5055520,0.621908,8120,5747947,0.707087,8129050
3,2021-07-02,18588,10413861,13216,5691762,4267,4368750,1105,353349,7958,691077,0.085013,10508,5066028,0.6232,9158,5757105,0.708214,8129050
3,2021-07-03,10156,10424017,7341,5699103,2375,4371125,440,353789,4360,690261,0.084913,5718,5071746,0.623904,4902,5762007,0.708817,8129050
3,2021-07-04,731,10424748,430,5699533,214,4371339,87,353876,282,690206,0.084906,440,5072186,0.623958,385,5762392,0.708864,8129050
3,2021-07-05,9578,10434326,7011,5706544,2143,4373482,424,354300,4328,689843,0.084861,5178,5077364,0.624595,4815,5767207,0.709456,8129050
3,2021-07-06,19190,10453516,13913,5720457,4152,4377634,1125,355425,6951,685985,0.084387,12057,5089421,0.626078,8199,5775406,0.710465,8129050
3,2021-07-07,15789,10469305,11204,5731661,3462,4381096,1123,356548,6360,684287,0.084178,9288,5098709,0.627221,7590,5782996,0.711399,8129050
3,2021-07-08,15389,10484694,11128,5742789,3262,4384358,999,357547,6211,682559,0.083965,9027,5107736,0.628331,7299,5790295,0.712297,8129050
3,2021-07-09,17652,10502346,12311,5755100,4121,4388479,1220,358767,7298,680970,0.08377,10218,5117954,0.629588,8629,5798924,0.713358,8129050
3,2021-07-10,10888,10513234,8018,5763118,2203,4390682,667,359434,4620,680150,0.083669,6197,5124151,0.630351,5377,5804301,0.71402,8129050
3,2021-07-11,5132,10518366,3801,5766919,1056,4391738,275,359709,2314,679991,0.08365,2768,5126919,0.630691,2609,5806910,0.714341,8129050
3,2021-07-12,14358,10532724,10478,5777397,2876,4394614,1004,360713,5735,678255,0.083436,8543,5135462,0.631742,6807,5813717,0.715178,8129050
3,2021-07-13,15172,10547896,10719,5788116,3541,4398155,912,361625,6673,677520,0.083346,8400,5143862,0.632775,7665,5821382,0.716121,8129050
3,2021-07-14,14458,10562354,10264,5798380,3274,4401429,920,362545,6463,677069,0.08329,7894,5151756,0.633746,7443,5828825,0.717036,8129050
3,2021-07-15,14761,10577115,10672,5809052,3247,4404676,842,363387,6755,676835,0.083261,7904,5159660,0.634719,7670,5836495,0.71798,8129050
3,2021-07-16,17785,10594900,12785,5821837,4103,4408779,897,364284,8494,677116,0.083296,9181,5168841,0.635848,9462,5845957,0.719144,8129050
3,2021-07-17,11289,10606189,8267,5830104,2489,4411268,533,364817,5373,677245,0.083312,5843,5174684,0.636567,5972,5851929,0.719879,8129050
3,2021-07-18,5752,10611941,4344,5834448,1157,4412425,251,365068,2826,677466,0.083339,2882,5177566,0.636921,3103,5855032,0.72026,8129050
3,2021-07-19,14908,10626849,10910,5845358,3118,4415543,880,365948,7313,678239,0.083434,7493,5185059,0.637843,8266,5863298,0.721277,8129050
3,2021-07-20,16537,10643386,11509,5856867,4125,4419668,903,366851,8500,679804,0.083627,7919,5192978,0.638817,9484,5872782,0.722444,8129050
3,2021-07-21,15975,10659361,11311,5868178,3796,4423464,868,367719,8031,680967,0.08377,7813,5200791,0.639778,8976,5881758,0.723548,8129050
3,2021-07-22,16320,10675681,11526,5879704,3831,4427295,963,368682,8464,682726,0.083986,7730,5208521,0.640729,9489,5891247,0.724715,8129050
3,2021-07-23,19257,10694938,13727,5893431,4519,4431814,1011,369693,10343,685402,0.084315,8766,5217287,0.641808,11442,5902689,0.726123,8129050
3,2021-07-24,11575,10706513,8336,5901767,2660,4434474,579,370272,6390,687304,0.084549,5104,5222391,0.642436,7006,5909695,0.726985,8129050
3,2021-07-25,5643,10712156,4227,5905994,1206,4435680,210,370482,4077,690122,0.084896,1519,5223910,0.642622,4337,5914032,0.727518,8129050
3,2021-07-26,15447,10727603,10743,5916737,3736,4439416,968,371450,9332,694476,0.085431,6007,5229917,0.643361,10361,5924393,0.728793,8129050
3,2021-07-27,17466,10745069,12349,5929086,4139,4443555,978,372428,10000,698194,0.085889,7333,5237250,0.644263,11051,5935444,0.730152,8129050
3,2021-07-28,17054,10762123,12204,5941290,3814,4447369,1036,373464,9846,702061,0.086364,7065,5244315,0.645133,10932,5946376,0.731497,8129050
3,2021-07-29,16865,10778988,12144,5953434,3689,4451058,1032,374496,9949,706376,0.086895,6739,5251054,0.645962,11054,5957430,0.732857,8129050
3,2021-07-30,19629,10798617,13860,5967294,4678,4455736,1091,375587,11391,710918,0.087454,8029,5259083,0.646949,12571,5970001,0.734403,8129050
3,2021-07-31,12216,10810833,8855,5976149,2705,4458441,656,376243,7115,713796,0.087808,4958,5264041,0.647559,7836,5977837,0.735367,8129050
3,2021-08-01,6506,10817339,4956,5981105,1290,4459731,260,376503,4207,716064,0.088087,2234,5266275,0.647834,4502,5982339,0.735921,8129050
3,2021-08-02,16600,10833939,12049,5993154,3619,4463350,932,377435,10319,721223,0.088722,6155,5272430,0.648591,11314,5993653,0.737313,8129050
3,2021-08-03,18440,10852379,13304,6006458,4024,4467374,1112,378547,10985,726096,0.089321,7276,5279706,0.649486,12149,6005802,0.738807,8129050
3,2021-08-04,17584,10869963,12631,6019089,3938,4471312,1015,379562,10476,730690,0.089886,6946,5286652,0.650341,11540,6017342,0.740227,8129050
3,2021-08-05,17970,10887933,12989,6032078,3827,4475139,1154,380716,10846,735800,0.090515,6959,5293611,0.651197,12069,6029411,0.741712,8129050
3,2021-08-06,21747,10909680,15755,6047833,4831,4479970,1161,381877,12844,741168,0.091175,8704,5302315,0.652267,14072,6043483,0.743443,8129050
3,2021-08-07,12797,10922477,9510,6057343,2655,4482625,632,382509,7489,744172,0.091545,5168,5307483,0.652903,8172,6051655,0.744448,8129050
3,2021-08-08,7585,10930062,5805,6063148,1538,4484163,242,382751,4681,746312,0.091808,2819,5310302,0.65325,4959,6056614,0.745058,8129050
3,2021-08-09,18358,10948420,13729,6076877,3535,4487698,1094,383845,10371,750025,0.092265,7825,5318127,0.654213,11538,6068152,0.746477,8129050
3,2021-08-10,18572,10966992,13592,6090469,3967,4491665,1013,384858,10467,753609,0.092706,7935,5326062,0.655189,11519,6079671,0.747894,8129050
3,2021-08-11,16575,10983567,11995,6102464,3544,4495209,1036,385894,9224,756776,0.093095,7148,5333210,0.656068,10315,6089986,0.749163,8129050
3,2021-08-12,18135,11001702,12787,6115251,4256,4499465,1092,386986,9954,759902,0.09348,7968,5341178,0.657048,11094,6101080,0.750528,8129050
3,2021-08-13,22622,11024324,16045,6131296,5402,4504867,1175,388161,12330,763626,0.093938,9851,5351029,0.65826,13575,6114655,0.752198,8129050
3,2021-08-14,14705,11039029,10353,6141649,3730,4508597,622,388783,7664,765846,0.094211,6118,5357147,0.659013,8338,6122993,0.753224,8129050
3,2021-08-15,8365,11047394,6073,6147722,2008,4510605,284,389067,4203,766985,0.094351,3375,5360522,0.659428,4514,6127507,0.753779,8129050
3,2021-08-16,20687,11068081,14258,6161980,5437,4516042,992,390059,9809,768943,0.094592,8930,5369452,0.660526,10888,6138395,0.755118,8129050
3,2021-08-17,21292,11089373,14464,6176444,5774,4521816,1054,391113,9775,770587,0.094794,9295,5378747,0.66167,10939,6149334,0.756464,8129050
3,2021-08-18,21134,11110507,14096,6190540,6028,4527844,1010,392123,9510,772170,0.094989,9027,5387774,0.66278,10610,6159944,0.757769,8129050
3,2021-08-19,21182,11131689,13989,6204529,6108,4533952,1085,393208,9213,773489,0.095151,9043,5396817,0.663893,10362,6170306,0.759044,8129050
3,2021-08-20,26626,11158315,17944,6222473,7547,4541499,1135,394343,11203,774102,0.095227,11823,5408640,0.665347,12436,6182742,0.760574,8129050
3,2021-08-21,15500,11173815,11177,6233650,3736,4545235,587,394930,6497,774102,0.095227,7154,5415794,0.666227,7154,6189896,0.761454,8129050
3,2021-08-22,8839,11182654,6312,6239962,2301,4547536,226,395156,3963,774562,0.095283,3779,5419573,0.666692,4239,6194135,0.761975,8129050
3,2021-08-23,22559,11205213,15786,6255748,5847,4553383,926,396082,9679,775472,0.095395,9848,5429421,0.667904,10758,6204893,0.763299,8129050
3,2021-08-24,22277,11227490,16044,6271792,5365,4558748,868,396950,9217,775620,0.095413,10070,5439491,0.669142,10218,6215111,0.764556,8129050
3,2021-08-25,21093,11248583,15074,6286866,5152,4563900,867,397817,8757,775907,0.095449,9461,5448952,0.670306,9748,6224859,0.765755,8129050
3,2021-08-26,12245,11260828,8248,6295114,3139,4567039,858,398675,4555,775854,0.095442,5537,5454489,0.670987,5484,6230343,0.766429,8129050
4,2020-12-15,473,473,473,473,0,0,0,0,473,473,5.9e-05,0,0,0.0,473,473,5.9e-05,8037679
4,2020-12-16,3101,3574,3101,3574,0,0,0,0,3101,3574,0.000445,0,0,0.0,3101,3574,0.000445,8037679
4,2020-12-17,9104,12678,9104,12678,0,0,0,0,9105,12679,0.001577,0,0,0.0,9105,12679,0.001577,8037679
4,2020-12-18,16380,29058,16367,29045,13,13,0,0,16379,29058,0.003615,0,0,0.0,16379,29058,0.003615,8037679
4,2020-12-19,10461,39519,10451,39496,10,23,0,0,10400,39458,0.004909,0,0,0.0,10400,39458,0.004909,8037679
4,2020-12-20,7506,47025,7492,46988,14,37,0,0,7461,46919,0.005837,0,0,0.0,7461,46919,0.005837,8037679
4,2020-12-21,16544,63569,16510,63498,34,71,0,0,16476,63394,0.007887,1,1,0.0,16476,63395,0.007887,8037679
4,2020-12-22,17320,80889,16551,80049,769,840,0,0,17276,80665,0.010036,5,6,1e-06,17276,80671,0.010037,8037679
4,2020-12-23,17289,98178,14482,94531,2807,3647,0,0,17260,97923,0.012183,2,8,1e-06,17260,97931,0.012184,8037679
4,2020-12-24,8670,106848,6015,100546,2655,6302,0,0,8668,106590,0.013261,1,9,1e-06,8668,106599,0.013262,8037679
4,2020-12-25,917,107765,812,101358,105,6407,0,0,916,107505,0.013375,1,10,1e-06,916,107515,0.013376,8037679
4,2020-12-26,6268,114033,3928,105286,2340,8747,0,0,6268,113773,0.014155,0,10,1e-06,6268,113783,0.014156,8037679
4,2020-12-27,3487,117520,2010,107296,1477,10224,0,0,3487,117260,0.014589,0,10,1e-06,3487,117270,0.01459,8037679
4,2020-12-28,15344,132864,9465,116761,5879,16103,0,0,15317,132574,0.016494,3,13,2e-06,15317,132587,0.016496,8037679
4,2020-12-29,15975,148839,8962,125723,7013,23116,0,0,15941,148514,0.018477,1,14,2e-06,15941,148528,0.018479,8037679
4,2020-12-30,19500,168339,11419,137142,8081,31197,0,0,19490,168002,0.020902,2,16,2e-06,19490,168018,0.020904,8037679
4,2020-12-31,8402,176741,3393,140535,5009,36206,0,0,8389,176382,0.021944,9,25,3e-06,8389,176407,0.021948,8037679
4,2021-01-01,1869,178610,860,141395,1009,37215,0,0,1862,178240,0.022176,4,29,4e-06,1862,178269,0.022179,8037679
4,2021-01-02,5803,184413,3273,144668,2530,39745,0,0,5801,184040,0.022897,1,30,4e-06,5801,184070,0.022901,8037679
4,2021-01-03,2177,186590,1281,145949,896,40641,0,0,2163,186200,0.023166,3,33,4e-06,2163,186233,0.02317,8037679
4,2021-01-04,13142,199732,7089,153038,6053,46694,0,0,13093,199266,0.024791,27,60,7e-06,13093,199326,0.024799,8037679
4,2021-01-05,17127,216859,10139,163177,6988,53682,0,0,14867,211920,0.026366,2231,2291,0.000285,14885,214211,0.026651,8037679
4,2021-01-06,21889,238748,13414,176591,8475,62157,0,0,15678,221452,0.027552,6164,8455,0.001052,15696,229907,0.028604,8037679
4,2021-01-07,28296,267044,17282,193873,11014,73171,0,0,16832,226906,0.02823,11402,19857,0.00247,16856,246763,0.030701,8037679
4,2021-01-08,33251,300295,21354,215227,11897,85068,0,0,18490,230728,0.028706,14696,34553,0.004299,18518,265281,0.033005,8037679
4,2021-01-09,16443,316738,9718,224945,6725,91793,0,0,9552,233414,0.02904,6880,41433,0.005155,9566,274847,0.034195,8037679
4,2021-01-10,8869,325607,5729,230674,3140,94933,0,0,4214,232997,0.028988,4641,46074,0.005732,4224,279071,0.03472,8037679
4,2021-01-11,33913,359520,22277,252951,11636,106569,0,0,19096,237355,0.02953,14788,60862,0.007572,19146,298217,0.037102,8037679
4,2021-01-12,38935,398455,22476,275427,16459,123028,0,0,24483,247493,0.030792,14396,75258,0.009363,24534,322751,0.040155,8037679
4,2021-01-13,39276,437731,19460,294887,19816,142844,0,0,27793,263891,0.032832,11424,86682,0.010784,27822,350573,0.043616,8037679
4,2021-01-14,39850,477581,15367,310254,24483,167327,0,0,32549,289223,0.035983,7251,93933,0.011687,32583,383156,0.04767,8037679
4,2021-01-15,45967,523548,16099,326353,29868,197195,0,0,40255,323868,0.040294,5636,99569,0.012388,40281,423437,0.052682,8037679
4,2021-01-16,29049,552597,9443,335796,19606,216801,0,0,25872,346612,0.043123,3145,102714,0.012779,25889,449326,0.055902,8037679
4,2021-01-17,19118,571715,6618,342414,12500,229301,0,0,17445,362419,0.04509,1650,104364,0.012984,17457,466783,0.058074,8037679
4,2021-01-18,29745,601460,13791,356205,15954,245255,0,0,23653,380109,0.047291,5997,110361,0.01373,23687,490470,0.061021,8037679
4,2021-01-19,46764,648224,23476,379681,23288,268543,0,0,36922,407322,0.050677,9783,120144,0.014948,36996,527466,0.065624,8037679
4,2021-01-20,53181,701405,28386,408067,24795,293338,0,0,42423,439155,0.054637,10655,130799,0.016273,42488,569954,0.07091,8037679
4,2021-01-21,58508,759913,26310,434377,32198,325536,0,0,51567,483908,0.060205,6866,137665,0.017127,51619,621573,0.077332,8037679
4,2021-01-22,55984,815897,22468,456845,33516,359052,0,0,50646,529350,0.065859,5236,142901,0.017779,50678,672251,0.083637,8037679
4,2021-01-23,40032,855929,17444,474289,22588,381640,0,0,35636,560632,0.06975,4386,147287,0.018325,35668,707919,0.088075,8037679
4,2021-01-24,24292,880221,10569,484858,13723,395363,0,0,22371,581117,0.072299,1909,149196,0.018562,22394,730313,0.090861,8037679
4,2021-01-25,48578,928799,22422,507280,26156,421519,0,0,37221,607080,0.075529,11317,160513,0.01997,37280,767593,0.095499,8037679
4,2021-01-26,57543,986342,29320,536600,28223,449742,0,0,45042,639741,0.079593,12447,172960,0.021519,45108,812701,0.101111,8037679
4,2021-01-27,56975,1043317,27053,563653,29922,479664,0,0,45696,674289,0.083891,11205,184165,0.022913,45753,858454,0.106804,8037679
4,2021-01-28,57668,1100985,26030,589683,31638,511302,0,0,47350,711464,0.088516,10224,194389,0.024185,47399,905853,0.112701,8037679
4,2021-01-29,57452,1158437,27450,617133,30002,541304,0,0,46828,747880,0.093047,10448,204837,0.025485,46864,952717,0.118531,8037679
4,2021-01-30,38748,1197185,17372,634505,21376,562680,0,0,33285,775792,0.096519,5407,210244,0.026157,33319,986036,0.122677,8037679
4,2021-01-31,24522,1221707,12788,647293,11734,574414,0,0,22785,796882,0.099143,1714,211958,0.026371,22804,1008840,0.125514,8037679
4,2021-02-01,50470,1272177,24274,671567,26196,600610,0,0,38565,823654,0.102474,11840,223798,0.027844,38612,1047452,0.130318,8037679
4,2021-02-02,56353,1328530,25880,697447,30473,631083,0,0,43205,853852,0.106231,13061,236859,0.029469,43259,1090711,0.1357,8037679
4,2021-02-03,62838,1391368,30801,728248,32037,663120,0,0,48126,887445,0.110411,14593,251452,0.031284,48186,1138897,0.141695,8037679
4,2021-02-04,68392,1459760,31785,760033,36607,699727,0,0,51363,922056,0.114717,16871,268323,0.033383,51482,1190379,0.1481,8037679
4,2021-02-05,74006,1533766,34226,794259,39780,739507,0,0,51322,951090,0.118329,22429,290752,0.036174,51463,1241842,0.154503,8037679
4,2021-02-06,49214,1582980,26396,820655,22818,762325,0,0,37533,977217,0.12158,11610,302362,0.037618,37737,1279579,0.159198,8037679
4,2021-02-07,26754,1609734,17672,838327,9082,771407,0,0,20157,991061,0.123302,6562,308924,0.038434,20406,1299985,0.161736,8037679
4,2021-02-08,59326,1669060,30448,868775,28878,800285,0,0,38466,1009075,0.125543,20716,329640,0.041012,38730,1338715,0.166555,8037679
4,2021-02-09,67997,1737057,34540,903315,33457,833742,0,0,39738,1021101,0.127039,28161,357801,0.044515,40187,1378902,0.171555,8037679
4,2021-02-10,78292,1815349,39179,942494,39113,872855,0,0,41051,1025720,0.127614,36993,394794,0.049118,41612,1420514,0.176732,8037679
4,2021-02-11,82433,1897782,42985,985479,39448,912303,0,0,41847,1027894,0.127884,40355,435149,0.054139,42529,1463043,0.182023,8037679
4,2021-02-12,85336,1983118,38200,1023679,47136,959439,0,0,43783,1031133,0.128287,41340,476489,0.059282,44579,1507622,0.187569,8037679
4,2021-02-13,59442,2042560,30036,1053715,29406,988845,0,0,30154,1033068,0.128528,29134,505623,0.062907,31069,1538691,0.191435,8037679
4,2021-02-14,37230,2079790,19342,1073057,17888,1006733,0,0,18975,1034526,0.12871,18192,523815,0.06517,19650,1558341,0.193879,8037679
4,2021-02-15,46816,2126606,21957,1095014,24859,1031592,0,0,23909,1036818,0.128995,22813,546628,0.068008,25105,1583446,0.197003,8037679
4,2021-02-16,81178,2207784,37229,1132243,43949,1075541,0,0,41081,1039170,0.129287,39958,586586,0.07298,42310,1625756,0.202267,8037679
4,2021-02-17,82574,2290358,39033,1171276,43541,1119082,0,0,39122,1036194,0.128917,43245,629831,0.07836,40269,1666025,0.207277,8037679
4,2021-02-18,84547,2374905,46536,1217812,38011,1157093,0,0,38902,1031143,0.128289,45426,675257,0.084011,40375,1706400,0.2123,8037679
4,2021-02-19,83856,2458761,52819,1270631,31037,1188130,0,0,41738,1031639,0.12835,41926,717183,0.089228,42422,1748822,0.217578,8037679
4,2021-02-20,50243,2509004,33430,1304061,16813,1204943,0,0,27026,1036261,0.128925,23121,740304,0.092104,27743,1776565,0.22103,8037679
4,2021-02-21,30634,2539638,24288,1328349,6346,1211289,0,0,14640,1035324,0.128809,15897,756201,0.094082,14960,1791525,0.222891,8037679
4,2021-02-22,56046,2595684,38477,1366826,17569,1228858,0,0,26936,1033813,0.128621,28928,785129,0.097681,27417,1818942,0.226302,8037679
4,2021-02-23,77741,2673425,43103,1409929,34638,1263496,0,0,34017,1026025,0.127652,43494,828623,0.103092,35706,1854648,0.230744,8037679
4,2021-02-24,92872,2766297,49086,1459015,43786,1307282,0,0,41628,1018878,0.126763,50959,879582,0.109432,43812,1898460,0.236195,8037679
4,2021-02-25,104658,2870955,54805,1513820,49853,1357135,0,0,49629,1016391,0.126453,54785,934367,0.116248,52298,1950758,0.242702,8037679
4,2021-02-26,110681,2981636,55913,1569733,54768,1411903,0,0,56203,1020803,0.127002,54154,988521,0.122986,58566,2009324,0.249988,8037679
4,2021-02-27,80759,3062395,43913,1613646,36832,1448735,14,14,42632,1027068,0.127782,37891,1026412,0.1277,44156,2053480,0.255482,8037679
4,2021-02-28,49901,3112296,30775,1644421,19119,1467854,7,21,27149,1032605,0.128471,22532,1048944,0.130503,28069,2081549,0.258974,8037679
4,2021-03-01,81684,3193980,47804,1692225,33824,1501678,56,77,44919,1042448,0.129695,36385,1085329,0.13503,46228,2127777,0.264725,8037679
4,2021-03-02,90591,3284571,51908,1744133,38671,1540349,12,89,52850,1059624,0.131832,37527,1122856,0.139699,54703,2182480,0.271531,8037679
4,2021-03-03,104507,3389078,55504,1799637,48983,1589332,20,109,58084,1073347,0.133539,46180,1169036,0.145444,59903,2242383,0.278984,8037679
4,2021-03-04,102789,3491867,57224,1856861,45547,1634879,18,127,55875,1084391,0.134913,46646,1215682,0.151248,57690,2300073,0.286161,8037679
4,2021-03-05,98896,3590763,53332,1910193,45235,1680114,329,456,57792,1103628,0.137307,40849,1256531,0.15633,60086,2360159,0.293637,8037679
4,2021-03-06,77796,3668559,43807,1954000,31337,1711451,2652,3108,47511,1124954,0.13996,30138,1286669,0.16008,51464,2411623,0.30004,8037679
4,2021-03-07,45327,3713886,27744,1981744,15359,1726810,2224,5332,26414,1135819,0.141312,18819,1305488,0.162421,29684,2441307,0.303733,8037679
4,2021-03-08,68863,3782749,35939,2017683,29506,1756316,3418,8750,45136,1162057,0.144576,23582,1329070,0.165355,49820,2491127,0.309931,8037679
4,2021-03-09,82938,3865687,41861,2059544,35762,1792078,5315,14065,44661,1174954,0.146181,38071,1367141,0.170092,50968,2542095,0.316272,8037679
4,2021-03-10,92912,3958599,47906,2107450,37430,1829508,7576,21641,46677,1184019,0.147309,46009,1413150,0.175816,55074,2597169,0.323124,8037679
4,2021-03-11,101895,4060494,53403,2160853,39932,1869440,8560,30201,46960,1185805,0.147531,54646,1467796,0.182614,56432,2653601,0.330145,8037679
4,2021-03-12,105751,4166245,52049,2212902,43293,1912733,10409,40610,45210,1181877,0.147042,60230,1528026,0.190108,56302,2709903,0.33715,8037679
4,2021-03-13,82335,4248580,38112,2251014,35666,1948399,8557,49167,38926,1187035,0.147684,43257,1571283,0.19549,48415,2758318,0.343173,8037679
4,2021-03-14,50244,4298824,28609,2279623,17975,1966374,3660,52827,23472,1188045,0.147809,26664,1597947,0.198807,27674,2785992,0.346616,8037679
4,2021-03-15,84469,4383293,45440,2325063,34712,2001086,4317,57144,42803,1194549,0.148619,41358,1639305,0.203953,47862,2833854,0.352571,8037679
4,2021-03-16,108821,4492114,56628,2381691,48745,2049831,3448,60592,57143,1204356,0.149839,51398,1690703,0.210347,61205,2895059,0.360186,8037679
4,2021-03-17,108385,4600499,58348,2440039,46502,2096333,3535,64127,63224,1226716,0.152621,44858,1735561,0.215928,67218,2962277,0.368549,8037679
4,2021-03-18,108194,4708693,60035,2500074,44415,2140748,3744,67871,61012,1244934,0.154887,46886,1782447,0.221761,65104,3027381,0.376649,8037679
4,2021-03-19,112656,4821349,64816,2564890,42584,2183332,5256,73127,63739,1265629,0.157462,48606,1831053,0.227809,69301,3096682,0.385271,8037679
4,2021-03-20,85070,4906419,49795,2614685,32221,2215553,3054,76181,51833,1287730,0.160212,33037,1864090,0.231919,55138,3151820,0.392131,8037679
4,2021-03-21,48679,4955098,35277,2649962,11139,2226692,2263,78444,28350,1298484,0.16155,20177,1884267,0.234429,30931,3182751,0.395979,8037679
4,2021-03-22,83399,5038497,54419,2704381,26224,2252916,2756,81200,51398,1321589,0.164424,31718,1915985,0.238375,54823,3237574,0.4028,8037679
4,2021-03-23,106059,5144556,63512,2767893,40364,2293280,2183,83383,62069,1342674,0.167047,43688,1959673,0.243811,64773,3302347,0.410858,8037679
4,2021-03-24,114756,5259312,73975,2841868,38323,2331603,2458,85841,63762,1358769,0.16905,50520,2010193,0.250096,66615,3368962,0.419146,8037679
4,2021-03-25,118427,5377739,72845,2914713,43122,2374725,2460,88301,66341,1376455,0.17125,51572,2061765,0.256512,69258,3438220,0.427763,8037679
4,2021-03-26,121131,5498870,73429,2988142,44639,2419364,3063,91364,65198,1389742,0.172903,55518,2117283,0.26342,68805,3507025,0.436323,8037679
4,2021-03-27,93002,5591872,54797,3042939,36387,2455751,1818,93182,46812,1392908,0.173297,45915,2163198,0.269132,49081,3556106,0.442429,8037679
4,2021-03-28,56377,5648249,37255,3080194,18239,2473990,883,94065,29645,1397260,0.173839,26538,2189736,0.272434,30890,3586996,0.446273,8037679
4,2021-03-29,94868,5743117,56802,3136996,35956,2509946,2110,96175,50684,1406713,0.175015,43884,2233620,0.277894,53337,3640333,0.452908,8037679
4,2021-03-30,118474,5861591,64667,3201663,49602,2559548,4205,100380,69618,1432335,0.178203,48572,2282192,0.283937,74194,3714527,0.462139,8037679
4,2021-03-31,122209,5983800,72105,3273768,43761,2603309,6343,106723,68027,1453073,0.180783,53787,2335979,0.290629,74525,3789052,0.471411,8037679
4,2021-04-01,144000,6127800,82020,3355788,48561,2651870,13419,120142,84376,1491534,0.185568,59058,2395037,0.297976,97519,3886571,0.483544,8037679
4,2021-04-02,137838,6265638,73649,3429437,50515,2702385,13674,133816,79193,1526053,0.189862,58313,2453350,0.305231,92832,3979403,0.495094,8037679
4,2021-04-03,101877,6367515,54437,3483874,33909,2736294,13531,147347,53084,1544024,0.192098,48564,2501914,0.311273,66535,4045938,0.503371,8037679
4,2021-04-04,47163,6414678,24910,3508784,14696,2750990,7557,154904,20534,1545396,0.192269,26505,2528419,0.314571,27877,4073815,0.50684,8037679
4,2021-04-05,110653,6525331,62082,3570866,35602,2786592,12969,167873,57304,1562912,0.194448,53090,2581509,0.321176,70606,4144421,0.515624,8037679
4,2021-04-06,140022,6665353,78788,3649654,41302,2827894,19932,187805,72480,1588389,0.197618,67276,2648785,0.329546,92753,4237174,0.527164,8037679
4,2021-04-07,138668,6804021,78591,3728245,39210,2867104,20867,208672,71626,1614161,0.200824,66754,2715539,0.337851,92526,4329700,0.538675,8037679
4,2021-04-08,141198,6945219,78670,3806915,36894,2903998,25634,234306,70337,1639824,0.204017,70522,2786061,0.346625,96185,4425885,0.550642,8037679
4,2021-04-09,138773,7083992,76037,3882952,39517,2943515,23219,257525,66230,1657720,0.206244,72252,2858313,0.355614,90148,4516033,0.561858,8037679
4,2021-04-10,104525,7188517,51514,3934466,33972,2977487,19039,276564,47174,1667633,0.207477,57113,2915426,0.36272,67026,4583059,0.570197,8037679
4,2021-04-11,63062,7251579,38272,3972738,13522,2991009,11268,287832,27590,1672057,0.208027,35341,2950767,0.367117,39765,4622824,0.575144,8037679
4,2021-04-12,103618,7355197,62934,4035672,30370,3021379,10314,298146,52134,1684496,0.209575,51145,3001912,0.37348,63584,4686408,0.583055,8037679
4,2021-04-13,131292,7486489,82403,4118075,48723,3070102,166,298312,78349,1711265,0.212905,52614,3054526,0.380026,79383,4765791,0.592931,8037679
4,2021-04-14,136861,7623350,87337,4205412,49443,3119545,81,298393,75612,1727309,0.214901,60885,3115411,0.387601,76929,4842720,0.602502,8037679
4,2021-04-15,157040,7780390,104400,4309812,52561,3172106,79,298472,95948,1763470,0.2194,60664,3176075,0.395148,96825,4939545,0.614549,8037679
4,2021-04-16,144390,7924780,91504,4401316,52803,3224909,83,298555,83598,1787448,0.222384,60432,3236507,0.402667,84410,5023955,0.62505,8037679
4,2021-04-17,102006,8026786,64032,4465348,37946,3262855,28,298583,59583,1806113,0.224706,42116,3278623,0.407907,60781,5084736,0.632612,8037679
4,2021-04-18,57387,8084173,38853,4504201,18529,3281384,5,298588,32184,1814220,0.225714,25048,3303671,0.411023,33155,5117891,0.636737,8037679
4,2021-04-19,101691,8185864,66958,4571159,34711,3316095,22,298610,51365,1816157,0.225955,50054,3353725,0.41725,51991,5169882,0.643206,8037679
4,2021-04-20,132013,8317877,78595,4649754,53396,3369491,22,298632,68256,1822142,0.2267,63388,3417113,0.425137,69373,5239255,0.651837,8037679
4,2021-04-21,135281,8453158,88282,4738036,46933,3416424,66,298698,67905,1824314,0.22697,66926,3484039,0.433463,69098,5308353,0.660434,8037679
4,2021-04-22,142367,8595525,94467,4832503,47875,3464299,25,298723,63427,1810413,0.225241,78498,3562537,0.44323,64597,5372950,0.66847,8037679
4,2021-04-23,135782,8731307,88348,4920851,47408,3511707,26,298749,58716,1793698,0.223161,76666,3639203,0.452768,59951,5432901,0.675929,8037679
4,2021-04-24,99362,8830669,67063,4987914,32247,3543954,52,298801,45637,1787070,0.222337,53406,3692609,0.459412,46778,5479679,0.681749,8037679
4,2021-04-25,50621,8881290,35686,5023600,14909,3558863,26,298827,26380,1789860,0.222684,24083,3716692,0.462409,26873,5506552,0.685092,8037679
4,2021-04-26,92613,8973903,60752,5084352,31455,3590318,406,299233,36278,1771893,0.220448,56001,3772693,0.469376,38034,5544586,0.689824,8037679
4,2021-04-27,114452,9088355,69977,5154329,42143,3632461,2332,301565,41094,1743118,0.216868,73013,3845706,0.47846,44238,5588824,0.695328,8037679
4,2021-04-28,105102,9193457,68633,5222962,33917,3666378,2552,304117,38329,1718275,0.213778,66399,3912105,0.486721,41556,5630380,0.700498,8037679
4,2021-04-29,106526,9299983,68034,5290996,35949,3702327,2543,306660,34288,1683858,0.209496,71856,3983961,0.495661,37439,5667819,0.705156,8037679
4,2021-04-30,106237,9406220,67272,5358268,36242,3738569,2723,309383,36410,1654265,0.205814,69395,4053356,0.504294,39802,5707621,0.710108,8037679
4,2021-05-01,70143,9476363,46530,5404798,21823,3760392,1790,311173,20443,1627753,0.202515,49378,4102734,0.510438,22866,5730487,0.712953,8037679
4,2021-05-02,37854,9514217,26869,5431667,9685,3770077,1300,312473,10591,1612652,0.200637,27131,4129865,0.513813,12030,5742517,0.71445,8037679
4,2021-05-03,79676,9593893,55547,5487214,21623,3791700,2506,314979,19263,1574645,0.195908,60132,4189997,0.521294,22125,5764642,0.717202,8037679
4,2021-05-04,101891,9695784,69741,5556955,29360,3821060,2790,317769,22692,1521651,0.189315,78863,4268860,0.531106,25869,5790511,0.720421,8037679
4,2021-05-05,102736,9798520,72414,5629369,27563,3848623,2759,320528,21841,1466024,0.182394,80529,4349389,0.541125,24902,5815413,0.723519,8037679
4,2021-05-06,112550,9911070,84330,5713699,25262,3873885,2958,323486,19610,1397288,0.173842,92427,4441816,0.552624,23691,5839104,0.726466,8037679
4,2021-05-07,105457,10016527,75810,5789509,26958,3900843,2689,326175,20667,1336669,0.1663,84386,4526202,0.563123,23767,5862871,0.729423,8037679
4,2021-05-08,70205,10086732,48419,5837928,19852,3920695,1934,328109,13825,1296641,0.16132,56133,4582335,0.570107,16105,5878976,0.731427,8037679
4,2021-05-09,34517,10121249,28235,5866163,5333,3926028,949,329058,7403,1278088,0.159012,26997,4609332,0.573466,8444,5887420,0.732478,8037679
4,2021-05-10,65445,10186694,43808,5909971,19300,3945328,2337,331395,11051,1237618,0.153977,54154,4663486,0.580203,13684,5901104,0.73418,8037679
4,2021-05-11,83671,10270365,52379,5962350,29090,3974418,2202,333597,15855,1188670,0.147887,67548,4731034,0.588607,18600,5919704,0.736494,8037679
4,2021-05-12,80170,10350535,53312,6015662,24376,3998794,2482,336079,16636,1145022,0.142457,63216,4794250,0.596472,19568,5939272,0.738929,8037679
4,2021-05-13,105186,10455721,77401,6093063,26244,4025038,1541,337620,40662,1124114,0.139856,64169,4858419,0.604455,43261,5982533,0.744311,8037679
4,2021-05-14,105518,10561239,74455,6167518,28923,4053961,2140,339760,40546,1102714,0.137193,64622,4923041,0.612495,43222,6025755,0.749688,8037679
4,2021-05-15,86101,10647340,66549,6234067,18213,4072174,1339,341099,37933,1094389,0.136157,47900,4970941,0.618455,39575,6065330,0.754612,8037679
4,2021-05-16,51873,10699213,41779,6275846,9375,4081549,719,341818,21257,1086056,0.135121,30452,5001393,0.622243,22119,6087449,0.757364,8037679
4,2021-05-17,71455,10770668,52213,6328059,17396,4098945,1846,343664,28191,1073292,0.133533,43041,5044434,0.627598,30277,6117726,0.761131,8037679
4,2021-05-18,82149,10852817,53405,6381464,26988,4125933,1756,345420,29313,1052281,0.130919,52456,5096890,0.634125,31445,6149171,0.765043,8037679
4,2021-05-19,77221,10930038,52178,6433642,23088,4149021,1955,347375,30972,1039569,0.129337,45923,5142813,0.639838,33211,6182382,0.769175,8037679
4,2021-05-20,69459,10999497,44658,6478300,22795,4171816,2006,349381,25726,1024228,0.127428,43423,5186236,0.64524,28082,6210464,0.772669,8037679
4,2021-05-21,74184,11073681,48889,6527189,23407,4195223,1888,351269,26115,1004756,0.125006,47740,5233976,0.65118,28268,6238732,0.776186,8037679
4,2021-05-22,50212,11123893,35221,6562410,13714,4208937,1277,352546,21780,999798,0.124389,28255,5262231,0.654695,23297,6262029,0.779084,8037679
4,2021-05-23,24022,11147915,17131,6579541,6166,4215103,725,353271,9738,996218,0.123943,14155,5276386,0.656456,10575,6272604,0.7804,8037679
4,2021-05-24,43322,11191237,27539,6607080,12767,4227870,3016,356287,15155,986658,0.122754,27933,5304319,0.659932,18373,6290977,0.782686,8037679
4,2021-05-25,45206,11236443,28119,6635199,14249,4242119,2838,359125,15980,976740,0.12152,28962,5333281,0.663535,19044,6310021,0.785055,8037679
4,2021-05-26,44947,11281390,26945,6662144,15388,4257507,2614,361739,15960,966738,0.120276,28747,5362028,0.667111,18745,6328766,0.787387,8037679
4,2021-05-27,39158,11320548,23490,6685634,12521,4270028,3147,364886,14734,960578,0.119509,24206,5386234,0.670123,18046,6346812,0.789632,8037679
4,2021-05-28,43664,11364212,27781,6713415,14268,4284296,1615,366501,18989,957014,0.119066,24386,5410620,0.673157,20822,6367634,0.792223,8037679
4,2021-05-29,23827,11388039,15464,6728879,7429,4291725,934,367435,10896,956206,0.118965,12773,5423393,0.674746,11965,6379599,0.793712,8037679
4,2021-05-30,12114,11400153,8508,6737387,3077,4294802,529,367964,5018,954802,0.118791,7018,5430411,0.675619,5614,6385213,0.79441,8037679
4,2021-05-31,3642,11403795,2317,6739704,1161,4295963,164,368128,1163,953733,0.118658,2417,5432828,0.67592,1348,6386561,0.794578,8037679
4,2021-06-01,39711,11443506,24684,6764388,12570,4308533,2457,370585,13083,943106,0.117336,26382,5459210,0.679202,15755,6402316,0.796538,8037679
4,2021-06-02,32889,11476395,20530,6784918,9538,4318071,2821,373406,10970,935319,0.116367,21722,5480932,0.681905,13935,6416251,0.798272,8037679
4,2021-06-03,48461,11524856,37186,6822104,8804,4326875,2471,375877,10451,910730,0.113308,37822,5518754,0.68661,13233,6429484,0.799918,8037679
4,2021-06-04,55266,11580122,44495,6866599,9436,4336311,1335,377212,12873,883617,0.109934,42137,5560891,0.691853,15024,6444508,0.801787,8037679
4,2021-06-05,45044,11625166,38572,6905171,5475,4341786,997,378209,8771,857578,0.106695,36110,5597001,0.696345,10071,6454579,0.80304,8037679
4,2021-06-06,21281,11646447,18982,6924153,1733,4343519,566,378775,3915,845205,0.105155,17253,5614254,0.698492,4880,6459459,0.803647,8037679
4,2021-06-07,38964,11685411,31524,6955677,5499,4349018,1941,380716,8526,825672,0.102725,30292,5644546,0.702261,10759,6470218,0.804986,8037679
4,2021-06-08,40717,11726128,31941,6987618,6227,4355245,2549,383265,9440,806925,0.100393,31077,5675623,0.706127,12330,6482548,0.80652,8037679
4,2021-06-09,39036,11765164,30939,7018557,5726,4360971,2371,385636,7931,786655,0.097871,30926,5706549,0.709975,10656,6493204,0.807846,8037679
4,2021-06-10,37263,11802427,29356,7047913,5280,4366251,2627,388263,8410,769273,0.095708,28682,5735231,0.713543,11300,6504504,0.809252,8037679
4,2021-06-11,38498,11840925,30202,7078115,6279,4372530,2017,390280,9920,753161,0.093704,28400,5763631,0.717077,12288,6516792,0.81078,8037679
4,2021-06-12,26670,11867595,22179,7100294,3774,4376304,717,390997,6048,739639,0.092021,20507,5784138,0.719628,6985,6523777,0.811649,8037679
4,2021-06-13,10884,11878479,8600,7108894,1804,4378108,480,391477,2283,733979,0.091317,8532,5792670,0.720689,2872,6526649,0.812007,8037679
4,2021-06-14,28751,11907230,21511,7130405,4429,4382537,2811,394288,7843,724090,0.090087,20760,5813430,0.723272,10871,6537520,0.813359,8037679
4,2021-06-15,30144,11937374,21322,7151727,5410,4387947,3412,397700,8347,714487,0.088892,21615,5835045,0.725961,12012,6549532,0.814854,8037679
4,2021-06-16,26792,11964166,20204,7171931,3961,4391908,2627,400327,8086,706894,0.087948,18516,5853561,0.728265,10923,6560455,0.816213,8037679
4,2021-06-17,25261,11989427,18661,7190592,3702,4395610,2898,403225,7668,700257,0.087122,17396,5870957,0.730429,10759,6571214,0.817551,8037679
4,2021-06-18,26774,12016201,21103,7211695,4436,4400046,1235,404460,8229,691634,0.086049,18335,5889292,0.732711,9712,6580926,0.818759,8037679
4,2021-06-19,15794,12031995,12771,7224466,2313,4402359,710,405170,5064,686996,0.085472,10580,5899872,0.734027,5942,6586868,0.819499,8037679
4,2021-06-20,7375,12039370,6070,7230536,997,4403356,308,405478,2618,685310,0.085262,4696,5904568,0.734611,3010,6589878,0.819873,8037679
4,2021-06-21,14616,12053986,10561,7241097,2909,4406265,1146,406624,7332,686759,0.085442,7190,5911758,0.735506,8639,6598517,0.820948,8037679
4,2021-06-22,20527,12074513,15985,7257082,3463,4409728,1079,407703,7100,681797,0.084825,13291,5925049,0.737159,8329,6606846,0.821984,8037679
4,2021-06-23,18447,12092960,14470,7271552,2977,4412705,1000,408703,6706,678031,0.084357,11598,5936647,0.738602,7832,6614678,0.822959,8037679
4,2021-06-24,17658,12110618,13657,7285209,3009,4415714,992,409695,6568,674797,0.083954,10930,5947577,0.739962,7696,6622374,0.823916,8037679
4,2021-06-25,21657,12132275,17014,7302223,3592,4419306,1051,410746,7817,670140,0.083375,13694,5961271,0.741666,9037,6631411,0.825041,8037679
4,2021-06-26,13128,12145403,10687,7312910,1823,4421129,618,411364,4835,667536,0.083051,8169,5969440,0.742682,5565,6636976,0.825733,8037679
4,2021-06-27,6889,12152292,5580,7318490,967,4422096,342,411706,2895,666876,0.082969,3952,5973392,0.743174,3292,6640268,0.826142,8037679
4,2021-06-28,15185,12167477,12745,7331235,1580,4423676,860,412566,6094,664969,0.082731,8988,5982380,0.744292,7081,6647349,0.827023,8037679
4,2021-06-29,16536,12184013,12830,7344065,2893,4426569,813,413379,6378,662252,0.082393,10029,5992409,0.74554,7312,6654661,0.827933,8037679
4,2021-06-30,14661,12198674,11432,7355497,2491,4429060,738,414117,6088,660759,0.082208,8438,6000847,0.74659,6945,6661606,0.828797,8037679
4,2021-07-01,14589,12213263,11499,7366996,2342,4431402,748,414865,6001,659187,0.082012,8458,6009305,0.747642,6886,6668492,0.829654,8037679
4,2021-07-02,16937,12230200,13421,7380417,2743,4434145,773,415638,6956,657174,0.081762,9870,6019175,0.74887,7857,6676349,0.830631,8037679
4,2021-07-03,9231,12239431,7328,7387745,1492,4435637,411,416049,3999,656492,0.081677,5149,6024324,0.74951,4467,6680816,0.831187,8037679
4,2021-07-04,445,12239876,279,7388024,106,4435743,60,416109,197,656518,0.08168,242,6024566,0.749541,268,6681084,0.831221,8037679
4,2021-07-05,9230,12249106,7508,7395532,1306,4437049,416,416525,4183,656200,0.08164,4966,6029532,0.750158,4648,6685732,0.831799,8037679
4,2021-07-06,16593,12265699,13074,7408606,2712,4439761,807,417332,6124,652903,0.08123,10337,6039869,0.751444,7040,6692772,0.832675,8037679
4,2021-07-07,13779,12279478,10748,7419354,2249,4442010,782,418114,5189,650521,0.080934,8475,6048344,0.752499,6093,6698865,0.833433,8037679
4,2021-07-08,13244,12292722,10338,7429692,2075,4444085,831,418945,5189,648706,0.080708,7926,6056270,0.753485,6111,6704976,0.834193,8037679
4,2021-07-09,15452,12308174,11851,7441543,2664,4446749,937,419882,6274,647007,0.080497,9027,6065297,0.754608,7328,6712304,0.835105,8037679
4,2021-07-10,8873,12317047,7020,7448563,1450,4448199,403,420285,3733,646151,0.08039,5051,6070348,0.755236,4195,6716499,0.835627,8037679
4,2021-07-11,4980,12322027,3986,7452549,794,4448993,200,420485,2231,645908,0.08036,2704,6073052,0.755573,2461,6718960,0.835933,8037679
4,2021-07-12,13073,12335100,10352,7462901,1997,4450990,724,421209,5076,643892,0.080109,7917,6080969,0.756558,5901,6724861,0.836667,8037679
4,2021-07-13,12870,12347970,9851,7472752,2378,4453368,641,421850,5479,642820,0.079976,7286,6088255,0.757464,6214,6731075,0.83744,8037679
4,2021-07-14,11780,12359750,9269,7482021,1954,4455322,557,422407,5105,641970,0.07987,6580,6094835,0.758283,5730,6736805,0.838153,8037679
4,2021-07-15,12458,12372208,9894,7491915,1975,4457297,589,422996,5670,641641,0.079829,6663,6101498,0.759112,6334,6743139,0.838941,8037679
4,2021-07-16,15046,12387254,11735,7503650,2642,4459939,669,423665,6952,641380,0.079797,7990,6109488,0.760106,7729,6750868,0.839903,8037679
4,2021-07-17,9370,12396624,7413,7511063,1633,4461572,324,423989,4433,641342,0.079792,4839,6114327,0.760708,4801,6755669,0.8405,8037679
4,2021-07-18,5369,12401993,4326,7515389,843,4462415,200,424189,2537,641327,0.07979,2773,6117100,0.761053,2758,6758427,0.840843,8037679
4,2021-07-19,12849,12414842,10180,7525569,2012,4464427,657,424846,6102,641511,0.079813,6652,6123752,0.761881,6836,6765263,0.841694,8037679
4,2021-07-20,13801,12428643,10634,7536203,2503,4466930,664,425510,6812,642226,0.079902,6843,6130595,0.762732,7558,6772821,0.842634,8037679
4,2021-07-21,12842,12441485,9956,7546159,2236,4469166,650,426160,6394,643017,0.08,6309,6136904,0.763517,7100,6779921,0.843517,8037679
4,2021-07-22,13505,12454990,10534,7556693,2309,4471475,662,426822,7024,644422,0.080175,6343,6143247,0.764306,7748,6787669,0.844481,8037679
4,2021-07-23,15750,12470740,12139,7568832,2912,4474387,699,427521,8259,646147,0.08039,7320,6150567,0.765217,9045,6796714,0.845607,8037679
4,2021-07-24,9585,12480325,7505,7576337,1752,4476139,328,427849,4936,646948,0.080489,4513,6155080,0.765778,5314,6802028,0.846268,8037679
4,2021-07-25,4773,12485098,3750,7580087,865,4477004,158,428007,3361,649128,0.080761,1354,6156434,0.765947,3534,6805562,0.846707,8037679
4,2021-07-26,13001,12498099,10175,7590262,2142,4479146,684,428691,7566,652144,0.081136,5287,6161721,0.766605,8303,6813865,0.84774,8037679
4,2021-07-27,14358,12512457,11003,7601265,2593,4481739,762,429453,7754,654254,0.081398,6447,6168168,0.767407,8557,6822422,0.848805,8037679
4,2021-07-28,13235,12525692,10090,7611355,2442,4484181,703,430156,7345,656640,0.081695,5718,6173886,0.768118,8104,6830526,0.849813,8037679
4,2021-07-29,13510,12539202,10495,7621850,2301,4486482,714,430870,7587,659323,0.082029,5695,6179581,0.768827,8378,6838904,0.850856,8037679
4,2021-07-30,15813,12555015,12100,7633950,2908,4489390,805,431675,8576,661942,0.082355,6865,6186446,0.769681,9484,6848388,0.852036,8037679
4,2021-07-31,9765,12564780,7617,7641567,1721,4491111,427,432102,5519,663882,0.082596,4046,6190492,0.770184,5986,6854374,0.85278,8037679
4,2021-08-01,5438,12570218,4490,7646057,778,4491889,170,432272,3209,665179,0.082758,2116,6192608,0.770447,3413,6857787,0.853205,8037679
4,2021-08-02,14093,12584311,11255,7657312,2098,4493987,740,433012,8231,668568,0.083179,5652,6198260,0.77115,9041,6866828,0.85433,8037679
4,2021-08-03,14704,12599015,11300,7668612,2638,4496625,766,433778,8460,671843,0.083587,6026,6204286,0.7719,9301,6876129,0.855487,8037679
4,2021-08-04,13383,12612398,10424,7679036,2265,4498890,694,434472,7560,674528,0.083921,5611,6209897,0.772598,8296,6884425,0.856519,8037679
4,2021-08-05,14344,12626742,11324,7690360,2254,4501144,766,435238,8063,677375,0.084275,6032,6215929,0.773349,8879,6893304,0.857624,8037679
4,2021-08-06,17244,12643986,13226,7703586,3144,4504288,874,436112,9594,680592,0.084675,7318,6223247,0.774259,10535,6903839,0.858934,8037679
4,2021-08-07,10187,12654173,8096,7711682,1649,4505937,442,436554,5558,682185,0.084873,4448,6227695,0.774813,6041,6909880,0.859686,8037679
4,2021-08-08,6248,12660421,4969,7716651,1076,4507013,203,436757,3599,683504,0.085037,2513,6230208,0.775125,3832,6913712,0.860163,8037679
4,2021-08-09,14676,12675097,11889,7728540,2041,4509054,746,437503,7852,685584,0.085296,6594,6236802,0.775946,8674,6922386,0.861242,8037679
4,2021-08-10,14863,12689960,11437,7739977,2660,4511714,766,438269,7841,687485,0.085533,6771,6243573,0.776788,8672,6931058,0.862321,8037679
4,2021-08-11,12614,12702574,9670,7749647,2177,4513891,767,439036,6577,689085,0.085732,5775,6249348,0.777507,7375,6938433,0.863238,8037679
4,2021-08-12,14164,12716738,10780,7760427,2623,4516514,761,439797,7284,690650,0.085927,6525,6255873,0.778318,8090,6946523,0.864245,8037679
4,2021-08-13,17806,12734544,13175,7773602,3725,4520239,906,440703,8783,692054,0.086101,8356,6264229,0.779358,9760,6956283,0.865459,8037679
4,2021-08-14,12274,12746818,8755,7782357,3001,4523240,518,441221,5582,693224,0.086247,4993,6269222,0.779979,6163,6962446,0.866226,8037679
4,2021-08-15,7485,12754303,5475,7787832,1787,4525027,223,441444,3315,693889,0.08633,2918,6272140,0.780342,3583,6966029,0.866672,8037679
4,2021-08-16,18139,12772442,12564,7800396,4698,4529725,877,442321,7507,694868,0.086451,7485,6279625,0.781273,8464,6974493,0.867725,8037679
4,2021-08-17,18440,12790882,12537,7812933,5046,4534771,857,443178,7309,695620,0.086545,7497,6287122,0.782206,8249,6982742,0.868751,8037679
4,2021-08-18,18055,12808937,12161,7825094,5104,4539875,790,443968,6880,696381,0.08664,6988,6294110,0.783076,7749,6990491,0.869715,8037679
4,2021-08-19,18374,12827311,12239,7837333,5345,4545220,790,444758,6809,697214,0.086743,6848,6300958,0.783928,7681,6998172,0.870671,8037679
4,2021-08-20,23139,12850450,15658,7852991,6643,4551863,838,445596,8269,697284,0.086752,9152,6310110,0.785066,9222,7007394,0.871818,8037679
4,2021-08-21,14614,12865064,10209,7863200,4006,4555869,399,445995,4943,696906,0.086705,5786,6315896,0.785786,5408,7012802,0.872491,8037679
4,2021-08-22,8643,12873707,6134,7869334,2349,4558218,160,446155,3419,697355,0.086761,3181,6319077,0.786182,3630,7016432,0.872943,8037679
4,2021-08-23,20274,12893981,14240,7883574,5331,4563549,703,446858,7364,697647,0.086797,7942,6327019,0.78717,8234,7024666,0.873967,8037679
4,2021-08-24,19504,12913485,13801,7897375,5049,4568598,654,447512,6884,697564,0.086787,7754,6334773,0.788135,7671,7032337,0.874921,8037679
4,2021-08-25,17802,12931287,12553,7909928,4645,4573243,604,448116,6419,697901,0.086829,6844,6341617,0.788986,7181,7039518,0.875815,8037679
4,2021-08-26,9901,12941188,6961,7916889,2416,4575659,524,448640,3082,697518,0.086781,4045,6345662,0.789489,3662,7043180,0.87627,8037679
