vemquartile,administered_date,total_doses,cumulative_total_doses,pfizer_doses,cumulative_pfizer_doses,moderna_doses,cumulative_moderna_doses,jj_doses,cumulative_jj_doses,partially_vaccinated,total_partially_vaccinated,pct_age12pop_partially_vaccinated,fully_vaccinated,cumulative_fully_vaccinated,pct_age12pop_fully_vaccinated,at_least_one_dose,cumulative_at_least_one_dose,pct_age12pop_at_least_one_dose,age12_population
1,2020-12-15,153,153,153,153,0,0,0,0,153,153,1.8e-05,0,0,0.0,153,153,1.8e-05,8700223
1,2020-12-16,1257,1410,1257,1410,0,0,0,0,1256,1409,0.000162,0,0,0.0,1256,1409,0.000162,8700223
1,2020-12-17,4160,5570,4160,5570,0,0,0,0,4162,5571,0.00064,0,0,0.0,4162,5571,0.00064,8700223
1,2020-12-18,6398,11968,6374,11944,24,24,0,0,6403,11973,0.001376,1,1,0.0,6403,11974,0.001376,8700223
1,2020-12-19,2889,14857,2886,14830,3,27,0,0,2888,14860,0.001708,1,2,0.0,2888,14862,0.001708,8700223
1,2020-12-20,2135,16992,2123,16953,12,39,0,0,2137,16997,0.001954,0,2,0.0,2137,16999,0.001954,8700223
1,2020-12-21,7699,24691,7679,24632,20,59,0,0,7747,24744,0.002844,1,3,0.0,7748,24747,0.002844,8700223
1,2020-12-22,7360,32051,7010,31642,350,409,0,0,7360,32102,0.00369,2,5,1e-06,7360,32107,0.00369,8700223
1,2020-12-23,7927,39978,6649,38291,1278,1687,0,0,7925,40026,0.004601,2,7,1e-06,7926,40033,0.004601,8700223
1,2020-12-24,3312,43290,2362,40653,950,2637,0,0,3312,43338,0.004981,0,7,1e-06,3312,43345,0.004982,8700223
1,2020-12-25,239,43529,155,40808,84,2721,0,0,239,43577,0.005009,0,7,1e-06,239,43584,0.00501,8700223
1,2020-12-26,1378,44907,980,41788,398,3119,0,0,1377,44953,0.005167,1,8,1e-06,1377,44961,0.005168,8700223
1,2020-12-27,883,45790,547,42335,336,3455,0,0,883,45835,0.005268,1,9,1e-06,883,45844,0.005269,8700223
1,2020-12-28,7136,52926,4793,47128,2343,5798,0,0,7133,52968,0.006088,0,9,1e-06,7133,52977,0.006089,8700223
1,2020-12-29,9078,62004,5054,52182,4024,9822,0,0,9074,62040,0.007131,2,11,1e-06,9074,62051,0.007132,8700223
1,2020-12-30,11768,73772,6549,58731,5219,15041,0,0,11764,73801,0.008483,3,14,2e-06,11764,73815,0.008484,8700223
1,2020-12-31,6050,79822,1969,60700,4081,19122,0,0,6047,79844,0.009177,5,19,2e-06,6048,79863,0.009179,8700223
1,2021-01-01,648,80470,264,60964,384,19506,0,0,644,80486,0.009251,2,21,2e-06,644,80507,0.009253,8700223
1,2021-01-02,2939,83409,1776,62740,1163,20669,0,0,2939,83425,0.009589,0,21,2e-06,2939,83446,0.009591,8700223
1,2021-01-03,1064,84473,557,63297,507,21176,0,0,1062,84484,0.009711,3,24,3e-06,1062,84508,0.009713,8700223
1,2021-01-04,7412,91885,3609,66906,3803,24979,0,0,7415,91897,0.010563,2,26,3e-06,7415,91923,0.010566,8700223
1,2021-01-05,10990,102875,5302,72208,5688,30667,0,0,10188,101327,0.011646,783,809,9.3e-05,10213,102136,0.011739,8700223
1,2021-01-06,14172,117047,7101,79309,7071,37738,0,0,12218,111646,0.012833,1917,2726,0.000313,12236,114372,0.013146,8700223
1,2021-01-07,17633,134680,9165,88474,8468,46206,0,0,13116,120350,0.013833,4425,7151,0.000822,13129,127501,0.014655,8700223
1,2021-01-08,20229,154909,10467,98941,9762,55968,0,0,14255,128668,0.014789,5956,13107,0.001507,14274,141775,0.016296,8700223
1,2021-01-09,6709,161618,3417,102358,3292,59260,0,0,4828,131625,0.015129,1874,14981,0.001722,4831,146606,0.016851,8700223
1,2021-01-10,3112,164730,1774,104132,1338,60598,0,0,1911,132349,0.015212,1188,16169,0.001858,1912,148518,0.017071,8700223
1,2021-01-11,18220,182950,11904,116036,6316,66914,0,0,11585,137363,0.015788,6615,22784,0.002619,11629,160147,0.018407,8700223
1,2021-01-12,19242,202192,11013,127049,8229,75143,0,0,13179,144564,0.016616,6024,28808,0.003311,13225,173372,0.019927,8700223
1,2021-01-13,19911,222103,10766,137815,9145,84288,0,0,14730,154159,0.017719,5155,33963,0.003904,14750,188122,0.021623,8700223
1,2021-01-14,22195,244298,9536,147351,12659,96947,0,0,19350,170798,0.019631,2775,36738,0.004223,19414,207536,0.023854,8700223
1,2021-01-15,25300,269598,9269,156620,16031,112978,0,0,23332,192276,0.0221,1924,38662,0.004444,23402,230938,0.026544,8700223
1,2021-01-16,13959,283557,4575,161195,9384,122362,0,0,13057,204444,0.023499,894,39556,0.004547,13062,244000,0.028045,8700223
1,2021-01-17,5214,288771,2042,163237,3172,125534,0,0,4837,208908,0.024012,376,39932,0.00459,4840,248840,0.028602,8700223
1,2021-01-18,14425,303196,8661,171898,5764,131298,0,0,11205,216966,0.024938,3206,43138,0.004958,11264,260104,0.029896,8700223
1,2021-01-19,24833,328029,12942,184840,11891,143189,0,0,19534,231285,0.026584,5273,48411,0.005564,19592,279696,0.032148,8700223
1,2021-01-20,29510,357539,14777,199617,14733,157922,0,0,23538,248980,0.028618,5887,54298,0.006241,23582,303278,0.034859,8700223
1,2021-01-21,31391,388930,14808,214425,16583,174505,0,0,27990,273747,0.031464,3329,57627,0.006624,28096,331374,0.038088,8700223
1,2021-01-22,28505,417435,11343,225768,17162,191667,0,0,26394,298125,0.034266,2046,59673,0.006859,26424,357798,0.041125,8700223
1,2021-01-23,18731,436166,8210,233978,10521,202188,0,0,16757,312949,0.03597,1944,61617,0.007082,16768,374566,0.043052,8700223
1,2021-01-24,6682,442848,4168,238146,2514,204702,0,0,6017,318314,0.036587,657,62274,0.007158,6022,380588,0.043745,8700223
1,2021-01-25,25587,468435,10571,248717,15016,219718,0,0,19722,332335,0.038198,5816,68090,0.007826,19837,400425,0.046025,8700223
1,2021-01-26,28940,497375,13578,262295,15362,235080,0,0,22115,347714,0.039966,6763,74853,0.008604,22142,422567,0.04857,8700223
1,2021-01-27,32812,530187,15625,277920,17187,252267,0,0,24569,364200,0.041861,8173,83026,0.009543,24659,447226,0.051404,8700223
1,2021-01-28,35087,565274,16531,294451,18556,270823,0,0,28000,385314,0.044288,7017,90043,0.01035,28131,475357,0.054637,8700223
1,2021-01-29,33858,599132,16552,311003,17306,288129,0,0,27121,405945,0.046659,6588,96631,0.011107,27219,502576,0.057766,8700223
1,2021-01-30,20231,619363,8757,319760,11474,299603,0,0,17997,421827,0.048485,2201,98832,0.01136,18083,520659,0.059844,8700223
1,2021-01-31,7727,627090,5023,324783,2704,302307,0,0,7001,428114,0.049207,717,99549,0.011442,7004,527663,0.060649,8700223
1,2021-02-01,29235,656325,12624,337407,16611,318918,0,0,21319,441578,0.050755,7865,107414,0.012346,21329,548992,0.063101,8700223
1,2021-02-02,32887,689212,11884,349291,21003,339921,0,0,24542,457903,0.052631,8255,115669,0.013295,24580,573572,0.065926,8700223
1,2021-02-03,39768,728980,15292,364583,24476,364397,0,0,28510,475431,0.054646,11084,126753,0.014569,28612,602184,0.069215,8700223
1,2021-02-04,44227,773207,17221,381804,27006,391403,0,0,31776,495002,0.056895,12321,139074,0.015985,31892,634076,0.07288,8700223
1,2021-02-05,47092,820299,17208,399012,29884,421287,0,0,30718,509619,0.058575,16220,155294,0.017849,30837,664913,0.076425,8700223
1,2021-02-06,26689,846988,10563,409575,16126,437413,0,0,20691,524435,0.060278,5948,161242,0.018533,20764,685677,0.078811,8700223
1,2021-02-07,6325,853313,4072,413647,2253,439666,0,0,4666,527484,0.060629,1636,162878,0.018721,4685,690362,0.07935,8700223
1,2021-02-08,31820,885133,14516,428163,17304,456970,0,0,21141,538157,0.061856,10573,173451,0.019936,21246,711608,0.081792,8700223
1,2021-02-09,38688,923821,17057,445220,21631,478601,0,0,23763,547150,0.062889,14886,188337,0.021647,23879,735487,0.084537,8700223
1,2021-02-10,47500,971321,22211,467431,25289,503890,0,0,26954,553799,0.063653,20402,208739,0.023992,27051,762538,0.087646,8700223
1,2021-02-11,52217,1023538,25532,492963,26685,530575,0,0,31033,564092,0.064836,20866,229605,0.026391,31159,793697,0.091227,8700223
1,2021-02-12,50251,1073789,21624,514587,28627,559202,0,0,28780,571719,0.065713,21298,250903,0.028839,28925,822622,0.094552,8700223
1,2021-02-13,26516,1100305,11541,526128,14975,574177,0,0,15279,575913,0.066195,11166,262069,0.030122,15360,837982,0.096317,8700223
1,2021-02-14,11811,1112116,5583,531711,6228,580405,0,0,6711,577624,0.066392,5070,267139,0.030705,6781,844763,0.097097,8700223
1,2021-02-15,24047,1136163,9446,541157,14601,595006,0,0,14602,583025,0.067013,9318,276457,0.031776,14719,859482,0.098789,8700223
1,2021-02-16,47326,1183489,22563,563720,24763,619769,0,0,27489,590895,0.067917,19744,296201,0.034045,27614,887096,0.101962,8700223
1,2021-02-17,48656,1232145,24658,588378,23998,643767,0,0,26108,594769,0.068363,22387,318588,0.036618,26261,913357,0.104981,8700223
1,2021-02-18,51309,1283454,25702,614080,25607,669374,0,0,26502,596966,0.068615,24548,343136,0.03944,26745,940102,0.108055,8700223
1,2021-02-19,46792,1330246,25371,639451,21421,690795,0,0,26126,602660,0.069269,20496,363632,0.041796,26190,966292,0.111065,8700223
1,2021-02-20,27877,1358123,16923,656374,10954,701749,0,0,15863,606667,0.06973,11943,375575,0.043168,15950,982242,0.112898,8700223
1,2021-02-21,12472,1370595,10707,667081,1765,703514,0,0,7475,609263,0.070028,4932,380507,0.043735,7528,989770,0.113764,8700223
1,2021-02-22,31729,1402324,20812,687893,10917,714431,0,0,18171,614094,0.070584,13450,393957,0.045281,18281,1008051,0.115865,8700223
1,2021-02-23,45917,1448241,22363,710256,23554,737985,0,0,25139,619128,0.071162,20477,414434,0.047635,25511,1033562,0.118797,8700223
1,2021-02-24,55952,1504193,27009,737265,28943,766928,0,0,30716,625318,0.071874,24984,439418,0.050507,31174,1064736,0.12238,8700223
1,2021-02-25,68628,1572821,33366,770631,35262,802190,0,0,42411,642256,0.073821,25977,465395,0.053492,42915,1107651,0.127313,8700223
1,2021-02-26,76696,1649517,35968,806599,40728,842918,0,0,50012,666391,0.076595,26363,491758,0.056522,50498,1158149,0.133117,8700223
1,2021-02-27,52867,1702384,24306,830905,28551,871469,10,10,34645,683314,0.07854,18004,509762,0.058592,34927,1193076,0.137132,8700223
1,2021-02-28,20327,1722711,12085,842990,8240,879709,2,12,14847,692925,0.079645,5382,515144,0.05921,14993,1208069,0.138855,8700223
1,2021-03-01,46452,1769163,21493,864483,24895,904604,64,76,29793,706580,0.081214,16453,531597,0.061102,30108,1238177,0.142316,8700223
1,2021-03-02,64953,1834116,28073,892556,36869,941473,11,87,41279,725037,0.083335,23483,555080,0.063801,41940,1280117,0.147136,8700223
1,2021-03-03,72226,1906342,34358,926914,37836,979309,32,119,43845,741386,0.085215,28142,583222,0.067035,44491,1324608,0.15225,8700223
1,2021-03-04,80166,1986508,37551,964465,42578,1021887,37,156,51310,764648,0.087888,28603,611825,0.070323,51865,1376473,0.158211,8700223
1,2021-03-05,79310,2065818,35774,1000239,43328,1065215,208,364,52807,792124,0.091046,26190,638015,0.073333,53666,1430139,0.16438,8700223
1,2021-03-06,58003,2123821,27502,1027741,29154,1094369,1347,1711,39168,814314,0.093597,18688,656703,0.075481,40878,1471017,0.169078,8700223
1,2021-03-07,21021,2144842,13060,1040801,6763,1101132,1198,2909,15534,825834,0.094921,5461,662164,0.076109,16981,1487998,0.17103,8700223
1,2021-03-08,46228,2191070,22546,1063347,21723,1122855,1959,4868,32331,846672,0.097316,13783,675947,0.077693,34621,1522619,0.175009,8700223
1,2021-03-09,67118,2258188,32519,1095866,32079,1154934,2520,7388,41274,865133,0.099438,25659,701606,0.080642,44120,1566739,0.18008,8700223
1,2021-03-10,74081,2332269,36831,1132697,32740,1187674,4510,11898,45491,887033,0.101955,28442,730048,0.083911,50342,1617081,0.185867,8700223
1,2021-03-11,90353,2422622,41458,1174155,40860,1228534,8035,19933,52440,910285,0.104628,37657,767705,0.08824,60909,1677990,0.192867,8700223
1,2021-03-12,99215,2521837,43776,1217931,43121,1271655,12318,32251,57880,939805,0.108021,41092,808797,0.092963,70612,1748602,0.200984,8700223
1,2021-03-13,65359,2587196,29404,1247335,28233,1299888,7722,39973,41503,965607,0.110986,23709,832506,0.095688,49511,1798113,0.206674,8700223
1,2021-03-14,27998,2615194,14985,1262320,9444,1309332,3569,43542,15668,972774,0.11181,12246,844752,0.097095,19413,1817526,0.208906,8700223
1,2021-03-15,65322,2680516,28786,1291106,29786,1339118,6750,50292,38414,991599,0.113974,26674,871426,0.100161,45499,1863025,0.214135,8700223
1,2021-03-16,85846,2766362,39092,1330198,41095,1380213,5659,55951,53080,1018138,0.117024,32536,903962,0.103901,59075,1922100,0.220925,8700223
1,2021-03-17,93319,2859681,45511,1375709,41258,1421471,6550,62501,59949,1051870,0.120901,33111,937073,0.107707,66843,1988943,0.228608,8700223
1,2021-03-18,98953,2958634,51009,1426718,42223,1463694,5721,68222,59703,1078899,0.124008,38870,975943,0.112174,65899,2054842,0.236183,8700223
1,2021-03-19,103893,3062527,53847,1480565,43827,1507521,6219,74441,60582,1103224,0.126804,42986,1018929,0.117115,67311,2122153,0.243919,8700223
1,2021-03-20,72808,3135335,37190,1517755,30397,1537918,5221,79662,46650,1129404,0.129813,25957,1044886,0.120099,52137,2174290,0.249912,8700223
1,2021-03-21,27423,3162758,19065,1536820,6546,1544464,1812,81474,17043,1138070,0.130809,10275,1055161,0.12128,18941,2193231,0.252089,8700223
1,2021-03-22,59342,3222100,30683,1567503,25382,1569846,3277,84751,39844,1162288,0.133593,19266,1074427,0.123494,43484,2236715,0.257087,8700223
1,2021-03-23,83648,3305748,42597,1610100,37396,1607242,3655,88406,51177,1185372,0.136246,32194,1106621,0.127195,55278,2291993,0.263441,8700223
1,2021-03-24,88582,3394330,44739,1654839,39455,1646697,4388,92794,52662,1206981,0.13873,35592,1142213,0.131285,57201,2349194,0.270015,8700223
1,2021-03-25,97576,3491906,49880,1704719,41821,1688518,5875,98669,53951,1223739,0.140656,43263,1185476,0.136258,60021,2409215,0.276914,8700223
1,2021-03-26,105933,3597839,51503,1756222,48084,1736602,6346,105015,56696,1238227,0.142321,48846,1234322,0.141872,63334,2472549,0.284194,8700223
1,2021-03-27,74581,3672420,38463,1794685,31888,1768490,4230,109245,38323,1244960,0.143095,36010,1270332,0.146011,42743,2515292,0.289107,8700223
1,2021-03-28,32911,3705331,21524,1816209,10165,1778655,1222,110467,16458,1246754,0.143301,16333,1286665,0.147889,18127,2533419,0.29119,8700223
1,2021-03-29,68788,3774119,33872,1850081,31751,1810406,3165,113632,37839,1257263,0.144509,30704,1317369,0.151418,41213,2574632,0.295927,8700223
1,2021-03-30,93737,3867856,45821,1895902,41488,1851894,6428,120060,48047,1266355,0.145554,45443,1362812,0.156641,54535,2629167,0.302195,8700223
1,2021-03-31,102127,3969983,53057,1948959,42811,1894705,6259,126319,55930,1282742,0.147438,45839,1408651,0.16191,62226,2691393,0.309348,8700223
1,2021-04-01,113750,4083733,54202,2003161,50691,1945396,8857,135176,57679,1293751,0.148703,55545,1464196,0.168294,66554,2757947,0.316997,8700223
1,2021-04-02,112990,4196723,51480,2054641,51736,1997132,9774,144950,57261,1305710,0.150078,55279,1519475,0.174648,67238,2825185,0.324726,8700223
1,2021-04-03,78585,4275308,39372,2094013,29487,2026619,9726,154676,36834,1310771,0.150659,41543,1561018,0.179423,46604,2871789,0.330082,8700223
1,2021-04-04,23815,4299123,11867,2105880,8462,2035081,3486,158162,9905,1310320,0.150608,13827,1574845,0.181012,13376,2885165,0.33162,8700223
1,2021-04-05,77779,4376902,36932,2142812,31414,2066495,9433,167595,34886,1312119,0.150814,42654,1617499,0.185915,44453,2929618,0.336729,8700223
1,2021-04-06,104817,4481719,49484,2192296,38581,2105076,16752,184347,47352,1319082,0.151615,57130,1674629,0.192481,64093,2993711,0.344096,8700223
1,2021-04-07,112953,4594672,54639,2246935,40594,2145670,17720,202067,50872,1325922,0.152401,61731,1736360,0.199576,68571,3062282,0.351977,8700223
1,2021-04-08,123374,4718046,58276,2305211,43919,2189589,21179,223246,54460,1333102,0.153226,68463,1804823,0.207446,75643,3137925,0.360672,8700223
1,2021-04-09,124437,4842483,56659,2361870,46834,2236423,20944,244190,54552,1339107,0.153916,69486,1874309,0.215432,75491,3213416,0.369349,8700223
1,2021-04-10,97069,4939552,43188,2405058,30965,2267388,22916,267106,38471,1342041,0.154254,58362,1932671,0.22214,61296,3274712,0.376394,8700223
1,2021-04-11,36770,4976322,20429,2425487,9450,2276838,6891,273997,14879,1342089,0.154259,21811,1954482,0.224647,21859,3296571,0.378906,8700223
1,2021-04-12,75322,5051644,33607,2459094,31622,2308460,10093,284090,31986,1341272,0.154165,43016,1997498,0.229592,42199,3338770,0.383757,8700223
1,2021-04-13,98393,5150037,52532,2511626,45523,2353983,338,284428,53040,1349983,0.155166,45024,2042522,0.234767,53735,3392505,0.389933,8700223
1,2021-04-14,105267,5255304,54442,2566068,50745,2404728,80,284508,53415,1352410,0.155445,51438,2093960,0.240679,53865,3446370,0.396124,8700223
1,2021-04-15,105971,5361275,57547,2623615,48332,2453060,92,284600,56074,1359480,0.156258,49277,2143237,0.246343,56347,3502717,0.402601,8700223
1,2021-04-16,111226,5472501,57000,2680615,54135,2507195,91,284691,55454,1360021,0.15632,55198,2198435,0.252687,55739,3558456,0.409007,8700223
1,2021-04-17,83528,5556029,45332,2725947,38184,2545379,12,284703,46489,1369921,0.157458,36768,2235203,0.256913,46668,3605124,0.414371,8700223
1,2021-04-18,30584,5586613,20701,2746648,9876,2555255,7,284710,15288,1370226,0.157493,15200,2250403,0.25866,15505,3620629,0.416154,8700223
1,2021-04-19,67061,5653674,33898,2780546,33149,2588404,14,284724,30146,1363996,0.156777,36519,2286922,0.262858,30289,3650918,0.419635,8700223
1,2021-04-20,88365,5742039,44431,2824977,43909,2632313,25,284749,41041,1358332,0.156126,46931,2333853,0.268252,41267,3692185,0.424378,8700223
1,2021-04-21,97856,5839895,50982,2875959,46770,2679083,104,284853,43560,1348568,0.155004,53678,2387531,0.274422,43914,3736099,0.429426,8700223
1,2021-04-22,97680,5937575,50995,2926954,46666,2725749,19,284872,44617,1340908,0.154123,52517,2440048,0.280458,44857,3780956,0.434582,8700223
1,2021-04-23,102883,6040458,53112,2980066,49742,2775491,29,284901,48765,1336390,0.153604,53552,2493600,0.286613,49034,3829990,0.440217,8700223
1,2021-04-24,76733,6117191,47508,3027574,29197,2804688,28,284929,43154,1346438,0.154759,33399,2526999,0.290452,43447,3873437,0.445211,8700223
1,2021-04-25,27443,6144634,17466,3045040,9961,2814649,16,284945,15616,1350519,0.155228,11693,2538692,0.291796,15774,3889211,0.447024,8700223
1,2021-04-26,66443,6211077,34796,3079836,31239,2845888,408,285353,31364,1347889,0.154926,34740,2573432,0.295789,32110,3921321,0.450715,8700223
1,2021-04-27,81800,6292877,43410,3123246,37084,2882972,1306,286659,35315,1338695,0.153869,46160,2619592,0.301095,36966,3958287,0.454964,8700223
1,2021-04-28,81583,6374460,43317,3166563,36756,2919728,1510,288169,35609,1330449,0.152921,45589,2665181,0.306335,37343,3995630,0.459256,8700223
1,2021-04-29,85116,6459576,46783,3213346,36702,2956430,1631,289800,34516,1316579,0.151327,50187,2715368,0.312103,36317,4031947,0.46343,8700223
1,2021-04-30,92717,6552293,50134,3263480,40681,2997111,1902,291702,38481,1303266,0.149797,53852,2769220,0.318293,40539,4072486,0.46809,8700223
1,2021-05-01,63909,6616202,41127,3304607,21346,3018457,1436,293138,26898,1295096,0.148858,36718,2805938,0.322513,28548,4101034,0.471371,8700223
1,2021-05-02,23514,6639716,16660,3321267,6271,3024728,583,293721,9432,1291176,0.148407,13964,2819902,0.324118,10044,4111078,0.472526,8700223
1,2021-05-03,56493,6696209,31259,3352526,23376,3048104,1858,295579,20436,1277743,0.146863,35778,2855680,0.328231,22345,4133423,0.475094,8700223
1,2021-05-04,75919,6772128,43674,3396200,30147,3078251,2098,297677,27120,1258577,0.14466,48463,2904143,0.333801,29297,4162720,0.478461,8700223
1,2021-05-05,78540,6850668,45501,3441701,30733,3108984,2306,299983,26509,1235827,0.142045,51646,2955789,0.339737,28896,4191616,0.481783,8700223
1,2021-05-06,80133,6930801,48668,3490369,29282,3138266,2183,302166,24870,1208196,0.13887,54838,3010627,0.34604,27207,4218823,0.48491,8700223
1,2021-05-07,83686,7014487,47620,3537989,33870,3172136,2196,304362,27763,1182787,0.135949,55435,3066062,0.352412,30026,4248849,0.488361,8700223
1,2021-05-08,57643,7072130,36187,3574176,19800,3191936,1656,306018,19536,1166319,0.134056,37746,3103808,0.35675,21278,4270127,0.490807,8700223
1,2021-05-09,18375,7090505,13187,3587363,4708,3196644,480,306498,5555,1159660,0.133291,12731,3116539,0.358214,6072,4276199,0.491505,8700223
1,2021-05-10,44441,7134946,22477,3609840,20132,3216776,1832,308330,14801,1147051,0.131842,29333,3145872,0.361585,16724,4292923,0.493427,8700223
1,2021-05-11,63010,7197956,34256,3644096,26592,3243368,2162,310492,20659,1127953,0.129646,42035,3187907,0.366417,22937,4315860,0.496063,8700223
1,2021-05-12,63170,7261126,33562,3677658,27531,3270899,2077,312569,20718,1108718,0.127436,42090,3229997,0.371255,22855,4338715,0.49869,8700223
1,2021-05-13,67444,7328570,39586,3717244,25868,3296767,1990,314559,25642,1095244,0.125887,41391,3271388,0.376012,27917,4366632,0.501899,8700223
1,2021-05-14,77093,7405663,46451,3763695,28226,3324993,2416,316975,31082,1083449,0.124531,45575,3316963,0.38125,33780,4400412,0.505782,8700223
1,2021-05-15,67014,7472677,44000,3807695,21242,3346235,1772,318747,26669,1071958,0.12321,40002,3356965,0.385848,28511,4428923,0.509059,8700223
1,2021-05-16,25160,7497837,18549,3826244,5991,3352226,620,319367,10253,1068101,0.122767,14777,3371742,0.387547,10920,4439843,0.510314,8700223
1,2021-05-17,54644,7552481,33353,3859597,19506,3371732,1785,321152,23107,1061806,0.122044,31244,3402986,0.391138,24949,4464792,0.513181,8700223
1,2021-05-18,65482,7617963,39436,3899033,24202,3395934,1844,322996,28353,1055277,0.121293,36817,3439803,0.39537,30288,4495080,0.516663,8700223
1,2021-05-19,66907,7684870,40754,3939787,24204,3420138,1949,324945,29919,1050553,0.12075,36666,3476469,0.399584,31942,4527022,0.520334,8700223
1,2021-05-20,65128,7749998,37807,3977594,25083,3445221,2238,327183,26766,1041774,0.119741,37986,3514455,0.40395,29207,4556229,0.523691,8700223
1,2021-05-21,70846,7820844,42365,4019959,26597,3471818,1884,329067,29193,1031723,0.118586,41221,3555676,0.408688,31170,4587399,0.527274,8700223
1,2021-05-22,56637,7877481,37267,4057226,17638,3489456,1732,330799,24603,1026418,0.117976,31733,3587409,0.412335,26428,4613827,0.530311,8700223
1,2021-05-23,20586,7898067,14393,4071619,5606,3495062,587,331386,9531,1025619,0.117884,10943,3598352,0.413593,10144,4623971,0.531477,8700223
1,2021-05-24,44352,7942419,24752,4096371,17746,3512808,1854,333240,17948,1019380,0.117167,26124,3624476,0.416596,19885,4643856,0.533763,8700223
1,2021-05-25,51715,7994134,29834,4126205,20155,3532963,1726,334966,21518,1012855,0.116417,29861,3654337,0.420028,23336,4667192,0.536445,8700223
1,2021-05-26,49009,8043143,27776,4153981,19301,3552264,1932,336898,20780,1007707,0.115825,27901,3682238,0.423235,22753,4689945,0.53906,8700223
1,2021-05-27,47565,8090708,26718,4180699,18917,3571181,1930,338828,20371,1003242,0.115312,26880,3709118,0.426324,22415,4712360,0.541637,8700223
1,2021-05-28,53361,8144069,29811,4210510,21687,3592868,1863,340691,23921,1000081,0.114949,29071,3738189,0.429666,25910,4738270,0.544615,8700223
1,2021-05-29,30953,8175022,18751,4229261,11223,3604091,979,341670,14685,999706,0.114906,16093,3754282,0.431516,15718,4753988,0.546421,8700223
1,2021-05-30,11740,8186762,7591,4236852,3587,3607678,562,342232,5528,999687,0.114904,6135,3760417,0.432221,6116,4760104,0.547124,8700223
1,2021-05-31,5831,8192593,3319,4240171,2251,3609929,261,342493,2040,998281,0.114742,3719,3764136,0.432648,2313,4762417,0.54739,8700223
1,2021-06-01,46534,8239127,26361,4266532,18585,3628514,1588,344081,17633,989053,0.113681,28513,3792649,0.435925,19285,4781702,0.549607,8700223
1,2021-06-02,40627,8279754,23618,4290150,15490,3644004,1519,345600,16410,983177,0.113006,23888,3816537,0.438671,18012,4799714,0.551677,8700223
1,2021-06-03,42182,8321936,26459,4316609,13978,3657982,1745,347345,16109,975355,0.112107,25752,3842289,0.441631,17930,4817644,0.553738,8700223
1,2021-06-04,51055,8372991,32692,4349301,16531,3674513,1832,349177,18365,963341,0.110726,32288,3874577,0.445342,20274,4837918,0.556068,8700223
1,2021-06-05,40863,8413854,27907,4377208,10935,3685448,2021,351198,14313,953413,0.109585,26316,3900893,0.448367,16388,4854306,0.557952,8700223
1,2021-06-06,13269,8427123,10620,4387828,2130,3687578,519,351717,4560,949933,0.109185,8620,3909513,0.449358,5140,4859446,0.558543,8700223
1,2021-06-07,34399,8461522,23751,4411579,9271,3696849,1377,353094,12303,941808,0.108251,21859,3931372,0.45187,13734,4873180,0.560121,8700223
1,2021-06-08,42533,8504055,29428,4441007,11439,3708288,1666,354760,14799,930921,0.107,27440,3958812,0.455024,16553,4889733,0.562024,8700223
1,2021-06-09,42500,8546555,29480,4470487,11360,3719648,1660,356420,13838,918142,0.105531,28334,3987146,0.458281,15555,4905288,0.563812,8700223
1,2021-06-10,39487,8586042,26605,4497092,11163,3730811,1719,358139,13490,907723,0.104333,25727,4012873,0.461238,15308,4920596,0.565571,8700223
1,2021-06-11,44876,8630918,29781,4526873,13382,3744193,1713,359852,16063,897101,0.103112,28476,4041349,0.464511,17854,4938450,0.567623,8700223
1,2021-06-12,34340,8665258,24861,4551734,8250,3752443,1229,361081,11285,886854,0.101935,22828,4064177,0.467135,12581,4951031,0.569069,8700223
1,2021-06-13,11719,8676977,8523,4560257,2714,3755157,482,361563,3415,882558,0.101441,8227,4072404,0.46808,3931,4954962,0.569521,8700223
1,2021-06-14,31456,8708433,21209,4581466,8910,3764067,1337,362900,11747,876185,0.100708,19487,4091891,0.47032,13114,4968076,0.571029,8700223
1,2021-06-15,37954,8746387,24899,4606365,11179,3775246,1876,364776,14090,868685,0.099846,23554,4115445,0.473028,16054,4984130,0.572874,8700223
1,2021-06-16,36142,8782529,24459,4630824,9825,3785071,1858,366634,13643,862047,0.099083,22196,4137641,0.475579,15558,4999688,0.574662,8700223
1,2021-06-17,34039,8816568,22517,4653341,9548,3794619,1974,368608,13285,856907,0.098493,20484,4158125,0.477933,15344,5015032,0.576426,8700223
1,2021-06-18,39989,8856557,25979,4679320,11139,3805758,2871,371479,15454,851046,0.097819,24236,4182361,0.480719,18375,5033407,0.578538,8700223
1,2021-06-19,24136,8880693,16755,4696075,6179,3811937,1202,372681,9811,847952,0.097463,14147,4196508,0.482345,11053,5044460,0.579808,8700223
1,2021-06-20,8172,8888865,5984,4702059,1911,3813848,277,372958,3226,846592,0.097307,4874,4201382,0.482905,3514,5047974,0.580212,8700223
1,2021-06-21,21124,8909989,11951,4714010,6973,3820821,2200,375158,10994,849827,0.097679,10008,4211390,0.484055,13243,5061217,0.581734,8700223
1,2021-06-22,31056,8941045,20255,4734265,8625,3829446,2176,377334,12940,847120,0.097368,17886,4229276,0.486111,15179,5076396,0.583479,8700223
1,2021-06-23,29597,8970642,19877,4754142,7884,3837330,1836,379170,12865,845339,0.097163,16507,4245783,0.488009,14726,5091122,0.585171,8700223
1,2021-06-24,28662,8999304,19107,4773249,7872,3845202,1683,380853,12117,842873,0.096879,16331,4262114,0.489886,13865,5104987,0.586765,8700223
1,2021-06-25,32075,9031379,21715,4794964,8935,3854137,1425,382278,14034,840601,0.096618,17786,4279900,0.49193,15514,5120501,0.588548,8700223
1,2021-06-26,22689,9054068,16849,4811813,4990,3859127,850,383128,9882,838711,0.096401,12669,4292569,0.493386,10779,5131280,0.589787,8700223
1,2021-06-27,9288,9063356,6926,4818739,1924,3861051,438,383566,4112,838176,0.09634,5103,4297672,0.493973,4568,5135848,0.590312,8700223
1,2021-06-28,21506,9084862,15987,4834726,4256,3865307,1263,384829,9961,838113,0.096332,11333,4309005,0.495275,11270,5147118,0.591608,8700223
1,2021-06-29,27311,9112173,18713,4853439,7198,3872505,1400,386229,12119,836698,0.09617,14995,4324000,0.496999,13580,5160698,0.593168,8700223
1,2021-06-30,26706,9138879,18511,4871950,7121,3879626,1074,387303,12761,836893,0.096192,13715,4337715,0.498575,13910,5174608,0.594767,8700223
1,2021-07-01,24401,9163280,16964,4888914,6123,3885749,1314,388617,11325,836711,0.096171,12896,4350611,0.500057,12714,5187322,0.596229,8700223
1,2021-07-02,27302,9190582,18786,4907700,7456,3893205,1060,389677,12769,836304,0.096124,14317,4364928,0.501703,13910,5201232,0.597827,8700223
1,2021-07-03,15106,9205688,10566,4918266,4080,3897285,460,390137,7200,836232,0.096116,7764,4372692,0.502595,7692,5208924,0.598712,8700223
1,2021-07-04,1305,9206993,736,4919002,501,3897786,68,390205,637,836285,0.096122,657,4373349,0.502671,710,5209634,0.598793,8700223
1,2021-07-05,11308,9218301,7828,4926830,3113,3900899,367,390572,5394,836254,0.096119,5839,4379188,0.503342,5808,5215442,0.599461,8700223
1,2021-07-06,27972,9246273,19780,4946610,7033,3907932,1159,391731,11186,832125,0.095644,16576,4395764,0.505247,12447,5227889,0.600891,8700223
1,2021-07-07,24375,9270648,17088,4963698,6109,3914041,1178,392909,10493,830197,0.095422,13684,4409448,0.50682,11756,5239645,0.602243,8700223
1,2021-07-08,23329,9293977,16185,4979883,6037,3920078,1107,394016,10041,828347,0.09521,13083,4422531,0.508324,11233,5250878,0.603534,8700223
1,2021-07-09,27589,9321566,19524,4999407,6885,3926963,1180,395196,12475,827132,0.09507,14928,4437459,0.51004,13713,5264591,0.60511,8700223
1,2021-07-10,18239,9339805,13172,5012579,4290,3931253,777,395973,8148,826148,0.094957,9957,4447416,0.511184,8973,5273564,0.606141,8700223
1,2021-07-11,6846,9346651,5005,5017584,1633,3932886,208,396181,3316,826211,0.094964,3479,4450895,0.511584,3542,5277106,0.606548,8700223
1,2021-07-12,20503,9367154,14736,5032320,4865,3937751,902,397083,9103,825061,0.094832,11250,4462145,0.512877,10100,5287206,0.607709,8700223
1,2021-07-13,22791,9389945,15909,5048229,6057,3943808,825,397908,10682,824706,0.094791,11949,4474094,0.51425,11594,5298800,0.609042,8700223
1,2021-07-14,22723,9412668,15626,5063855,6102,3949910,995,398903,10258,823767,0.094683,12302,4486396,0.515664,11363,5310163,0.610348,8700223
1,2021-07-15,22134,9434802,15685,5079540,5712,3955622,737,399640,10729,824089,0.09472,11251,4497647,0.516958,11573,5321736,0.611678,8700223
1,2021-07-16,27227,9462029,19024,5098564,7191,3962813,1012,400652,13510,825156,0.094843,13540,4511187,0.518514,14607,5336343,0.613357,8700223
1,2021-07-17,18940,9480969,13697,5112261,4535,3967348,708,401360,9349,825796,0.094917,9453,4520640,0.5196,10093,5346436,0.614517,8700223
1,2021-07-18,7539,9488508,5562,5117823,1691,3969039,286,401646,3857,826334,0.094978,3622,4524262,0.520017,4160,5350596,0.614995,8700223
1,2021-07-19,21146,9509654,15314,5133137,4991,3974030,841,402487,10601,827468,0.095109,10405,4534667,0.521213,11539,5362135,0.616322,8700223
1,2021-07-20,25332,9534986,17518,5150655,6914,3980944,900,403387,13054,829428,0.095334,12085,4546752,0.522602,14045,5376180,0.617936,8700223
1,2021-07-21,25640,9560626,18010,5168665,6409,3987353,1221,404608,13117,831533,0.095576,12350,4559102,0.524021,14455,5390635,0.619597,8700223
1,2021-07-22,24778,9585404,17549,5186214,6382,3993735,847,405455,13519,834930,0.095967,11061,4570163,0.525293,14458,5405093,0.621259,8700223
1,2021-07-23,29535,9614939,20902,5207116,7607,4001342,1026,406481,16469,839637,0.096508,12860,4583023,0.526771,17567,5422660,0.623278,8700223
1,2021-07-24,18420,9633359,13023,5220139,4819,4006161,578,407059,10830,843603,0.096963,7468,4590491,0.527629,11434,5434094,0.624592,8700223
1,2021-07-25,7614,9640973,5478,5225617,2019,4008180,117,407176,5678,847529,0.097415,1889,4592380,0.527846,5815,5439909,0.625261,8700223
1,2021-07-26,21816,9662789,15101,5240718,5949,4014129,766,407942,14112,854918,0.098264,7559,4599939,0.528715,14948,5454857,0.626979,8700223
1,2021-07-27,27488,9690277,19663,5260381,6875,4021004,950,408892,16205,861025,0.098966,11101,4611040,0.529991,17208,5472065,0.628957,8700223
1,2021-07-28,28431,9718708,20176,5280557,7374,4028378,881,409773,17453,868646,0.099842,10785,4621825,0.531231,18406,5490471,0.631072,8700223
1,2021-07-29,27039,9745747,19199,5299756,7044,4035422,796,410569,16923,876490,0.100743,9939,4631764,0.532373,17783,5508254,0.633116,8700223
1,2021-07-30,31501,9777248,22544,5322300,8043,4043465,914,411483,19254,884672,0.101684,12023,4643787,0.533755,20205,5528459,0.635439,8700223
1,2021-07-31,20018,9797266,14530,5336830,4946,4048411,542,412025,12428,890243,0.102324,7424,4651211,0.534608,12995,5541454,0.636932,8700223
1,2021-08-01,8895,9806161,6706,5343536,2063,4050474,126,412151,6092,893735,0.102726,2753,4653964,0.534925,6245,5547699,0.63765,8700223
1,2021-08-02,25066,9831227,18655,5362191,5696,4056170,715,412866,16303,902204,0.103699,8597,4662561,0.535913,17066,5564765,0.639612,8700223
1,2021-08-03,28959,9860186,20979,5383170,7032,4063202,948,413814,18180,910781,0.104685,10585,4673146,0.537129,19162,5583927,0.641814,8700223
1,2021-08-04,27807,9887993,20225,5403395,6704,4069906,878,414692,17671,919449,0.105681,9929,4683075,0.538271,18597,5602524,0.643952,8700223
1,2021-08-05,27591,9915584,20236,5423631,6440,4076346,915,415607,17392,927792,0.10664,9986,4693061,0.539418,18329,5620853,0.646058,8700223
1,2021-08-06,34033,9949617,25079,5448710,7978,4084324,976,416583,21234,937491,0.107755,12554,4705615,0.540861,22253,5643106,0.648616,8700223
1,2021-08-07,21813,9971430,16377,5465087,4867,4089191,569,417152,13588,943563,0.108453,8099,4713714,0.541792,14171,5657277,0.650245,8700223
1,2021-08-08,10535,9981965,7695,5472782,2638,4091829,202,417354,6852,947012,0.108849,3615,4717329,0.542208,7064,5664341,0.651057,8700223
1,2021-08-09,27974,10009939,20975,5493757,6187,4098016,812,418166,17293,954665,0.109729,10489,4727818,0.543413,18142,5682483,0.653142,8700223
1,2021-08-10,29459,10039398,21677,5515434,6912,4104928,870,419036,17570,961479,0.110512,11681,4739499,0.544756,18495,5700978,0.655268,8700223
1,2021-08-11,27371,10066769,20226,5535660,6225,4111153,920,419956,16201,967670,0.111224,10956,4750455,0.546015,17147,5718125,0.657239,8700223
1,2021-08-12,28929,10095698,20833,5556493,7048,4118201,1048,421004,17250,974609,0.112021,11386,4761841,0.547324,18325,5736450,0.659345,8700223
1,2021-08-13,36268,10131966,26384,5582877,8827,4127028,1057,422061,21122,982003,0.112871,14832,4776673,0.549029,22226,5758676,0.6619,8700223
1,2021-08-14,23942,10155908,18178,5601055,5206,4132234,558,422619,13665,986422,0.113379,9822,4786495,0.550158,14241,5772917,0.663537,8700223
1,2021-08-15,10592,10166500,7822,5608877,2608,4134842,162,422781,6117,988554,0.113624,4170,4790665,0.550637,6302,5779219,0.664261,8700223
1,2021-08-16,29143,10195643,20696,5629573,7653,4142495,794,423575,16053,993237,0.114162,12194,4802859,0.552039,16877,5796096,0.666201,8700223
1,2021-08-17,31729,10227372,22482,5652055,8304,4150799,943,424518,16678,996796,0.114571,14102,4816961,0.553659,17661,5813757,0.668231,8700223
1,2021-08-18,31817,10259189,22815,5674870,8108,4158907,894,425412,16189,999511,0.114883,14416,4831377,0.555316,17131,5830888,0.6702,8700223
1,2021-08-19,31058,10290247,22156,5697026,7889,4166796,1013,426425,15884,1002520,0.115229,13928,4845305,0.556917,16937,5847825,0.672147,8700223
1,2021-08-20,38215,10328462,27743,5724769,9516,4176312,956,427381,19370,1005601,0.115583,17277,4862582,0.558903,20358,5868183,0.674487,8700223
1,2021-08-21,23119,10351581,17296,5742065,5260,4181572,563,427944,11338,1006479,0.115684,11038,4873620,0.560172,11916,5880099,0.675856,8700223
1,2021-08-22,11882,10363463,8703,5750768,2977,4184549,202,428146,5976,1007153,0.115762,5518,4879138,0.560806,6192,5886291,0.676568,8700223
1,2021-08-23,31146,10394609,23109,5773877,7288,4191837,749,428895,15002,1007995,0.115859,14977,4894115,0.562528,15819,5902110,0.678386,8700223
1,2021-08-24,31846,10426455,24136,5798013,6873,4198710,837,429732,15085,1008437,0.115909,15543,4909658,0.564314,15985,5918095,0.680223,8700223
1,2021-08-25,31484,10457939,23891,5821904,6852,4205562,741,430473,14739,1008455,0.115911,15519,4925177,0.566098,15537,5933632,0.682009,8700223
1,2021-08-26,31420,10489359,23416,5845320,7115,4212677,889,431362,14861,1009128,0.115989,15124,4940301,0.567836,15797,5949429,0.683825,8700223
1,2021-08-27,38773,10528132,29765,5875085,8198,4220875,810,432172,17656,1008256,0.115889,19415,4959716,0.570068,18543,5967972,0.685956,8700223
1,2021-08-28,24717,10552849,19332,5894417,4954,4225829,431,432603,10745,1006274,0.115661,13206,4972922,0.571586,11224,5979196,0.687246,8700223
1,2021-08-29,12057,10564906,9061,5903478,2850,4228679,146,432749,5585,1005994,0.115629,6042,4978964,0.57228,5762,5984958,0.687909,8700223
1,2021-08-30,28878,10593784,21196,5924674,6760,4235439,922,433671,12455,1004267,0.11543,15161,4994125,0.574023,13434,5998392,0.689453,8700223
1,2021-08-31,29150,10622934,21778,5946452,6611,4242050,761,434432,12382,1002022,0.115172,15432,5009557,0.575796,13187,6011579,0.690968,8700223
1,2021-09-01,28542,10651476,21209,5967661,6664,4248714,669,435101,12948,1001630,0.115127,14080,5023637,0.577415,13688,6025267,0.692542,8700223
1,2021-09-02,27449,10678925,20332,5987993,6422,4255136,695,435796,11959,1000332,0.114978,14001,5037638,0.579024,12703,6037970,0.694002,8700223
1,2021-09-03,34163,10713088,25640,6013633,7867,4263003,656,436452,14220,997006,0.114595,18279,5055917,0.581125,14953,6052923,0.69572,8700223
1,2021-09-04,19633,10732721,15174,6028807,4191,4267194,268,436720,8209,994760,0.114337,10771,5066688,0.582363,8525,6061448,0.6967,8700223
1,2021-09-05,10097,10742818,7412,6036219,2612,4269806,73,436793,4716,994563,0.114315,5010,5071698,0.582939,4813,6066261,0.697254,8700223
1,2021-09-06,5977,10748795,4034,6040253,1890,4271696,53,436846,2607,994070,0.114258,3159,5074857,0.583302,2666,6068927,0.69756,8700223
1,2021-09-07,15365,10764160,11181,6051434,3638,4275334,546,437392,5112,990226,0.113816,9525,5084382,0.584397,5681,6074608,0.698213,8700223
2,2020-12-15,265,265,265,265,0,0,0,0,265,265,3.2e-05,0,0,0.0,265,265,3.2e-05,8407551
2,2020-12-16,2335,2600,2335,2600,0,0,0,0,2336,2601,0.000309,0,0,0.0,2336,2601,0.000309,8407551
2,2020-12-17,7259,9859,7259,9859,0,0,0,0,7258,9859,0.001173,0,0,0.0,7258,9859,0.001173,8407551
2,2020-12-18,11196,21055,11175,21034,21,21,0,0,11198,21057,0.002505,0,0,0.0,11198,21057,0.002505,8407551
2,2020-12-19,5656,26711,5648,26682,8,29,0,0,5660,26717,0.003178,0,0,0.0,5660,26717,0.003178,8407551
2,2020-12-20,4270,30981,4253,30935,17,46,0,0,4262,30978,0.003685,1,1,0.0,4262,30979,0.003685,8407551
2,2020-12-21,12906,43887,12875,43810,31,77,0,0,12863,43840,0.005214,1,2,0.0,12863,43842,0.005215,8407551
2,2020-12-22,12300,56187,11763,55573,537,614,0,0,12298,56138,0.006677,0,2,0.0,12298,56140,0.006677,8407551
2,2020-12-23,11885,68072,9588,65161,2297,2911,0,0,11884,68020,0.00809,3,5,1e-06,11885,68025,0.008091,8407551
2,2020-12-24,5926,73998,3507,68668,2419,5330,0,0,5923,73941,0.008795,4,9,1e-06,5925,73950,0.008796,8407551
2,2020-12-25,506,74504,422,69090,84,5414,0,0,509,74450,0.008855,0,9,1e-06,509,74459,0.008856,8407551
2,2020-12-26,2605,77109,1676,70766,929,6343,0,0,2605,77053,0.009165,2,11,1e-06,2605,77064,0.009166,8407551
2,2020-12-27,2240,79349,1217,71983,1023,7366,0,0,2238,79289,0.009431,2,13,2e-06,2238,79302,0.009432,8407551
2,2020-12-28,11217,90566,7276,79259,3941,11307,0,0,11215,90499,0.010764,5,18,2e-06,11215,90517,0.010766,8407551
2,2020-12-29,13053,103619,7347,86606,5706,17013,0,0,13057,103555,0.012317,1,19,2e-06,13057,103574,0.012319,8407551
2,2020-12-30,15758,119377,8824,95430,6934,23947,0,0,15752,119304,0.01419,5,24,3e-06,15754,119328,0.014193,8407551
2,2020-12-31,7636,127013,2832,98262,4804,28751,0,0,7628,126927,0.015097,5,29,3e-06,7628,126956,0.0151,8407551
2,2021-01-01,1458,128471,703,98965,755,29506,0,0,1453,128376,0.015269,4,33,4e-06,1453,128409,0.015273,8407551
2,2021-01-02,4891,133362,2783,101748,2108,31614,0,0,4886,133260,0.01585,2,35,4e-06,4886,133295,0.015854,8407551
2,2021-01-03,1443,134805,814,102562,629,32243,0,0,1436,134693,0.01602,3,38,5e-06,1436,134731,0.016025,8407551
2,2021-01-04,11866,146671,5670,108232,6196,38439,0,0,11853,146541,0.01743,5,43,5e-06,11853,146584,0.017435,8407551
2,2021-01-05,14076,160747,7068,115300,7008,45447,0,0,12820,158142,0.01881,1253,1296,0.000154,12854,159438,0.018964,8407551
2,2021-01-06,19310,180057,10670,125970,8640,54087,0,0,15269,169445,0.020154,3981,5277,0.000628,15284,174722,0.020782,8407551
2,2021-01-07,23545,203602,13273,139243,10272,64359,0,0,15747,177403,0.0211,7810,13087,0.001557,15768,190490,0.022657,8407551
2,2021-01-08,27231,230833,16452,155695,10779,75138,0,0,16636,183530,0.021829,10543,23630,0.002811,16670,207160,0.02464,8407551
2,2021-01-09,9921,240754,5813,161508,4108,79246,0,0,6309,186246,0.022152,3605,27235,0.003239,6321,213481,0.025392,8407551
2,2021-01-10,5363,246117,2994,164502,2369,81615,0,0,3096,187070,0.02225,2277,29512,0.00351,3101,216582,0.02576,8407551
2,2021-01-11,26261,272378,18154,182656,8107,89722,0,0,15063,190970,0.022714,11214,40726,0.004844,15114,231696,0.027558,8407551
2,2021-01-12,26648,299026,16564,199220,10084,99806,0,0,16913,198219,0.023576,9758,50484,0.006005,17007,248703,0.029581,8407551
2,2021-01-13,28860,327886,15310,214530,13550,113356,0,0,20773,210957,0.025091,8077,58561,0.006965,20815,269518,0.032057,8407551
2,2021-01-14,30812,358698,11809,226339,19003,132359,0,0,26469,233169,0.027733,4341,62902,0.007482,26553,296071,0.035215,8407551
2,2021-01-15,35425,394123,12885,239224,22540,154899,0,0,32093,262027,0.031166,3331,66233,0.007878,32189,328260,0.039043,8407551
2,2021-01-16,18407,412530,6149,245373,12258,167157,0,0,16980,277572,0.033015,1443,67676,0.008049,16988,345248,0.041064,8407551
2,2021-01-17,10617,423147,3599,248972,7018,174175,0,0,9850,286652,0.034095,781,68457,0.008142,9861,355109,0.042237,8407551
2,2021-01-18,19908,443055,11133,260105,8775,182950,0,0,14998,296790,0.0353,4926,73383,0.008728,15064,370173,0.044029,8407551
2,2021-01-19,33014,476069,17248,277353,15766,198716,0,0,24771,313437,0.03728,8244,81627,0.009709,24891,395064,0.046989,8407551
2,2021-01-20,37898,513967,19085,296438,18813,217529,0,0,29135,333932,0.039718,8738,90365,0.010748,29233,424297,0.050466,8407551
2,2021-01-21,41377,555344,17602,314040,23775,241304,0,0,36722,366222,0.043559,4625,94990,0.011298,36915,461212,0.054857,8407551
2,2021-01-22,39809,595153,16639,330679,23170,264474,0,0,36387,399201,0.047481,3439,98429,0.011707,36418,497630,0.059188,8407551
2,2021-01-23,24394,619547,10843,341522,13551,278025,0,0,21394,417650,0.049676,2977,101406,0.012061,21426,519056,0.061737,8407551
2,2021-01-24,12514,632061,6132,347654,6382,284407,0,0,11571,428313,0.050944,928,102334,0.012172,11591,530647,0.063116,8407551
2,2021-01-25,34252,666313,15748,363402,18504,302911,0,0,25241,444750,0.052899,8958,111292,0.013237,25395,556042,0.066136,8407551
2,2021-01-26,40683,706996,19877,383279,20806,323717,0,0,31288,466765,0.055517,9367,120659,0.014351,31382,587424,0.069869,8407551
2,2021-01-27,45997,752993,22748,406027,23249,346966,0,0,35454,491868,0.058503,10423,131082,0.015591,35526,622950,0.074094,8407551
2,2021-01-28,48411,801404,22550,428577,25861,372827,0,0,39501,522614,0.06216,8841,139923,0.016643,39587,662537,0.078803,8407551
2,2021-01-29,46043,847447,22130,450707,23913,396740,0,0,37093,550974,0.065533,8819,148742,0.017691,37179,699716,0.083225,8407551
2,2021-01-30,31534,878981,13347,464054,18187,414927,0,0,28069,575669,0.06847,3423,152165,0.018099,28118,727834,0.086569,8407551
2,2021-01-31,17302,896283,10220,474274,7082,422009,0,0,16062,590536,0.070239,1218,153383,0.018243,16085,743919,0.088482,8407551
2,2021-02-01,41670,937953,19936,494210,21734,443743,0,0,30369,609717,0.07252,11239,164622,0.01958,30420,774339,0.0921,8407551
2,2021-02-02,48292,986245,19620,513830,28672,472415,0,0,36574,634771,0.0755,11623,176245,0.020963,36677,811016,0.096463,8407551
2,2021-02-03,54413,1040658,23893,537723,30520,502935,0,0,39969,660503,0.078561,14340,190585,0.022668,40072,851088,0.101229,8407551
2,2021-02-04,56683,1097341,24265,561988,32418,535353,0,0,41129,686300,0.081629,15442,206027,0.024505,41239,892327,0.106134,8407551
2,2021-02-05,60698,1158039,26317,588305,34381,569734,0,0,40904,707842,0.084191,19567,225594,0.026832,41109,933436,0.111024,8407551
2,2021-02-06,39603,1197642,18361,606666,21242,590976,0,0,31471,731375,0.08699,8051,233645,0.02779,31584,965020,0.11478,8407551
2,2021-02-07,15803,1213445,10436,617102,5367,596343,0,0,11949,739577,0.087966,3821,237466,0.028244,12023,977043,0.11621,8407551
2,2021-02-08,43343,1256788,21918,639020,21425,617768,0,0,29582,755768,0.089892,13610,251076,0.029863,29801,1006844,0.119755,8407551
2,2021-02-09,49925,1306713,23620,662640,26305,644073,0,0,30716,767877,0.091332,18975,270051,0.03212,31084,1037928,0.123452,8407551
2,2021-02-10,59940,1366653,28010,690650,31930,676003,0,0,34501,777617,0.09249,25142,295193,0.03511,34882,1072810,0.127601,8407551
2,2021-02-11,64716,1431369,29703,720353,35013,711016,0,0,35925,785659,0.093447,28407,323600,0.038489,36449,1109259,0.131936,8407551
2,2021-02-12,66361,1497730,28609,748962,37752,748768,0,0,35383,791041,0.094087,30681,354281,0.042138,36063,1145322,0.136225,8407551
2,2021-02-13,38361,1536091,15956,764918,22405,771173,0,0,22047,797268,0.094828,16203,370484,0.044066,22430,1167752,0.138893,8407551
2,2021-02-14,20227,1556318,9413,774331,10814,781987,0,0,11209,799893,0.09514,8961,379445,0.045131,11586,1179338,0.140271,8407551
2,2021-02-15,33494,1589812,15047,789378,18447,800434,0,0,18513,804447,0.095681,14833,394278,0.046896,19387,1198725,0.142577,8407551
2,2021-02-16,56755,1646567,27764,817142,28991,829425,0,0,29785,808082,0.096114,26844,421122,0.050089,30479,1229204,0.146202,8407551
2,2021-02-17,62097,1708664,31877,849019,30220,859645,0,0,30748,808422,0.096154,31236,452358,0.053804,31576,1260780,0.149958,8407551
2,2021-02-18,66816,1775480,33646,882665,33170,892815,0,0,32432,807917,0.096094,34099,486457,0.05786,33594,1294374,0.153954,8407551
2,2021-02-19,60143,1835623,33207,915872,26936,919751,0,0,29785,808156,0.096123,30142,516599,0.061445,30381,1324755,0.157567,8407551
2,2021-02-20,38037,1873660,24644,940516,13393,933144,0,0,20605,812151,0.096598,17314,533913,0.063504,21309,1346064,0.160102,8407551
2,2021-02-21,21948,1895608,17708,958224,4240,937384,0,0,10824,812806,0.096676,11011,544924,0.064814,11666,1357730,0.161489,8407551
2,2021-02-22,39781,1935389,27135,985359,12646,950030,0,0,18820,811546,0.096526,20794,565718,0.067287,19534,1377264,0.163813,8407551
2,2021-02-23,54232,1989621,27666,1013025,26566,976596,0,0,23734,806992,0.095984,30206,595924,0.07088,25652,1402916,0.166864,8407551
2,2021-02-24,71584,2061205,36723,1049748,34861,1011457,0,0,32674,803421,0.095559,38663,634587,0.075478,35092,1438008,0.171038,8407551
2,2021-02-25,77686,2138891,36705,1086453,40981,1052438,0,0,39339,807580,0.096054,38054,672641,0.080004,42213,1480221,0.176059,8407551
2,2021-02-26,86312,2225203,37004,1123457,49308,1101746,0,0,46298,816420,0.097106,39677,712318,0.084724,48517,1528738,0.181829,8407551
2,2021-02-27,63142,2288345,29296,1152753,33837,1135583,9,9,34152,823199,0.097912,28733,741051,0.088141,35512,1564250,0.186053,8407551
2,2021-02-28,31146,2319491,18664,1171417,12481,1148064,1,10,18040,829133,0.098618,12965,754016,0.089683,18899,1583149,0.188301,8407551
2,2021-03-01,59413,2378904,30931,1202348,28399,1176463,83,93,32421,836238,0.099463,26643,780659,0.092852,33748,1616897,0.192315,8407551
2,2021-03-02,71151,2450055,34149,1236497,36986,1213449,16,109,39772,847241,0.100771,31168,811827,0.096559,42171,1659068,0.197331,8407551
2,2021-03-03,82134,2532189,39549,1276046,42564,1256013,21,130,46288,860602,0.102361,35601,847428,0.100794,48962,1708030,0.203154,8407551
2,2021-03-04,89993,2622182,44086,1320132,45873,1301886,34,164,51394,876129,0.104207,38319,885747,0.105351,53846,1761876,0.209559,8407551
2,2021-03-05,83691,2705873,39282,1359414,44083,1345969,326,490,50655,896750,0.10666,32767,918514,0.109249,53388,1815264,0.215909,8407551
2,2021-03-06,63744,2769617,31033,1390447,30982,1376951,1729,2219,38933,914182,0.108733,24658,943172,0.112182,42090,1857354,0.220915,8407551
2,2021-03-07,28935,2798552,16412,1406859,10975,1387926,1548,3767,18299,924593,0.109972,10564,953736,0.113438,20975,1878329,0.22341,8407551
2,2021-03-08,51367,2849919,23534,1430393,25242,1413168,2591,6358,32209,942000,0.112042,19031,972767,0.115702,36438,1914767,0.227744,8407551
2,2021-03-09,71293,2921212,32463,1462856,34943,1448111,3887,10245,39407,954909,0.113578,31729,1004496,0.119475,44638,1959405,0.233053,8407551
2,2021-03-10,79028,3000240,37306,1500162,35120,1483231,6602,16847,41737,967499,0.115075,37049,1041545,0.123882,49639,2009044,0.238957,8407551
2,2021-03-11,93778,3094018,43182,1543344,42171,1525402,8425,25272,48710,981261,0.116712,44732,1086277,0.129203,58494,2067538,0.245914,8407551
2,2021-03-12,94726,3188744,39058,1582402,43718,1569120,11950,37222,46889,993890,0.118214,47556,1133833,0.134859,60185,2127723,0.253073,8407551
2,2021-03-13,69566,3258310,29026,1611428,32492,1601612,8048,45270,38030,1009833,0.12011,31378,1165211,0.138591,47321,2175044,0.258701,8407551
2,2021-03-14,37202,3295512,18415,1629843,14263,1615875,4524,49794,18671,1015339,0.120765,18414,1183625,0.140781,23920,2198964,0.261546,8407551
2,2021-03-15,67866,3363378,30619,1660462,32212,1648087,5035,54829,37308,1028465,0.122326,30306,1213931,0.144386,43432,2242396,0.266712,8407551
2,2021-03-16,86776,3450154,38436,1698898,44291,1692378,4049,58878,52222,1051523,0.125069,34325,1248256,0.148468,57383,2299779,0.273537,8407551
2,2021-03-17,93459,3543613,44725,1743623,44519,1736897,4215,63093,59121,1081621,0.128649,34033,1282289,0.152516,64131,2363910,0.281165,8407551
2,2021-03-18,98837,3642450,47124,1790747,47028,1783925,4685,67778,59783,1107924,0.131777,38705,1320994,0.15712,65008,2428918,0.288897,8407551
2,2021-03-19,97937,3740387,46478,1837225,45347,1829272,6112,73890,57650,1132224,0.134668,39951,1360945,0.161872,64251,2493169,0.296539,8407551
2,2021-03-20,70312,3810699,33970,1871195,32324,1861596,4018,77908,45713,1157954,0.137728,24342,1385287,0.164767,50072,2543241,0.302495,8407551
2,2021-03-21,33905,3844604,21801,1892996,10087,1871683,2017,79925,20229,1167125,0.138819,13506,1398793,0.166373,22677,2565918,0.305192,8407551
2,2021-03-22,63330,3907934,34876,1927872,25828,1897511,2626,82551,41816,1191216,0.141684,21247,1420040,0.168901,45338,2611256,0.310585,8407551
2,2021-03-23,84426,3992360,44877,1972749,36613,1934124,2936,85487,52198,1215275,0.144546,31912,1451952,0.172696,55971,2667227,0.317242,8407551
2,2021-03-24,92580,4084940,49666,2022415,39712,1973836,3202,88689,53852,1234789,0.146867,38358,1490310,0.177259,57872,2725099,0.324125,8407551
2,2021-03-25,102282,4187222,51596,2074011,46739,2020575,3947,92636,57374,1252367,0.148957,44512,1534822,0.182553,62090,2787189,0.33151,8407551
2,2021-03-26,104385,4291607,51839,2125850,49031,2069606,3515,96151,56580,1266117,0.150593,47382,1582204,0.188188,61132,2848321,0.338781,8407551
2,2021-03-27,76220,4367827,38006,2163856,34878,2104484,3336,99487,37946,1270282,0.151088,37978,1620182,0.192706,42143,2890464,0.343794,8407551
2,2021-03-28,38120,4405947,23565,2187421,13736,2118220,819,100306,20250,1274496,0.151589,17711,1637893,0.194812,21925,2912389,0.346402,8407551
2,2021-03-29,72327,4478274,36731,2224152,33313,2151533,2283,102589,40727,1287150,0.153095,31354,1669247,0.198541,44008,2956397,0.351636,8407551
2,2021-03-30,92930,4571204,45526,2269678,42993,2194526,4411,107000,51788,1303073,0.154988,40903,1710150,0.203406,56826,3013223,0.358395,8407551
2,2021-03-31,102102,4673306,52617,2322295,44331,2238857,5154,112154,57670,1322196,0.157263,44079,1754229,0.208649,63202,3076425,0.365912,8407551
2,2021-04-01,118615,4791921,57187,2379482,52052,2290909,9376,121530,64205,1342239,0.159647,53924,1808153,0.215063,73967,3150392,0.37471,8407551
2,2021-04-02,112342,4904263,51843,2431325,50203,2341112,10296,131826,59858,1360792,0.161854,52038,1860191,0.221252,70591,3220983,0.383106,8407551
2,2021-04-03,77007,4981270,37742,2469067,29377,2370489,9888,141714,38005,1370279,0.162982,38766,1898957,0.225863,48253,3269236,0.388845,8407551
2,2021-04-04,29139,5010409,15008,2484075,10247,2380736,3884,145598,13027,1371215,0.163093,15988,1914945,0.227765,16924,3286160,0.390858,8407551
2,2021-04-05,79769,5090178,39022,2523097,31818,2412554,8929,154527,38255,1377826,0.16388,41307,1956252,0.232678,47918,3334078,0.396558,8407551
2,2021-04-06,104476,5194654,50789,2573886,38871,2451425,14816,169343,49233,1387335,0.165011,54932,2011184,0.239212,64441,3398519,0.404222,8407551
2,2021-04-07,111233,5305887,55435,2629321,39414,2490839,16384,185727,52093,1397203,0.166184,58819,2070003,0.246208,68687,3467206,0.412392,8407551
2,2021-04-08,120058,5425945,57691,2687012,43436,2534275,18931,204658,55542,1408047,0.167474,64116,2134119,0.253834,74960,3542166,0.421308,8407551
2,2021-04-09,119429,5545374,57438,2744450,43719,2577994,18272,222930,56283,1420664,0.168975,62737,2196856,0.261296,75354,3617520,0.43027,8407551
2,2021-04-10,87848,5633222,37825,2782275,31545,2609539,18478,241408,36200,1424596,0.169442,51360,2248216,0.267404,55292,3672812,0.436847,8407551
2,2021-04-11,44718,5677940,23192,2805467,13000,2622539,8526,249934,18300,1425867,0.169594,26255,2274471,0.270527,27526,3700338,0.440121,8407551
2,2021-04-12,80597,5758537,37508,2842975,33606,2656145,9483,259417,35812,1427647,0.169805,44493,2318964,0.275819,46273,3746611,0.445625,8407551
2,2021-04-13,102198,5860735,53017,2895992,48917,2705062,264,259681,55759,1438442,0.171089,46133,2365097,0.281306,56928,3803539,0.452396,8407551
2,2021-04-14,107279,5968014,56181,2952173,51036,2756098,62,259743,54559,1442134,0.171528,52374,2417471,0.287536,56066,3859605,0.459064,8407551
2,2021-04-15,113715,6081729,60343,3012516,53274,2809372,98,259841,59117,1448271,0.172258,54165,2471636,0.293978,60302,3919907,0.466236,8407551
2,2021-04-16,111249,6192978,57836,3070352,53352,2862724,61,259902,56353,1451031,0.172587,54510,2526146,0.300462,57270,3977177,0.473048,8407551
2,2021-04-17,83855,6276833,42669,3113021,41170,2903894,16,259918,46711,1461772,0.173864,36862,2563008,0.304846,47603,4024780,0.47871,8407551
2,2021-04-18,36095,6312928,21948,3134969,14135,2918029,12,259930,17010,1460853,0.173755,18936,2581944,0.307098,18017,4042797,0.480853,8407551
2,2021-04-19,74989,6387917,40295,3175264,34674,2952703,20,259950,33896,1454596,0.173011,40793,2622737,0.31195,34536,4077333,0.484961,8407551
2,2021-04-20,97664,6485581,49362,3224626,48270,3000973,32,259982,46964,1452020,0.172704,50324,2673061,0.317936,47748,4125081,0.49064,8407551
2,2021-04-21,104211,6589792,56384,3281010,47756,3048729,71,260053,48915,1447214,0.172133,54776,2727837,0.324451,49970,4175051,0.496583,8407551
2,2021-04-22,108728,6698520,56188,3337198,52511,3101240,29,260082,47420,1434727,0.170647,60819,2788656,0.331685,48332,4223383,0.502332,8407551
2,2021-04-23,108355,6806875,57749,3394947,50585,3151825,21,260103,49870,1427507,0.169789,58044,2846700,0.338588,50824,4274207,0.508377,8407551
2,2021-04-24,81220,6888095,47759,3442706,33417,3185242,44,260147,42202,1432060,0.17033,38639,2885339,0.343184,43192,4317399,0.513514,8407551
2,2021-04-25,36742,6924837,22631,3465337,14094,3199336,17,260164,19929,1435836,0.170779,16647,2901986,0.345164,20423,4337822,0.515944,8407551
2,2021-04-26,74559,6999396,41289,3506626,32952,3232288,318,260482,34168,1431699,0.170287,40090,2942076,0.349933,35953,4373775,0.52022,8407551
2,2021-04-27,88569,7087965,46693,3553319,40498,3272786,1378,261860,37887,1421958,0.169129,50264,2992340,0.355911,40523,4414298,0.52504,8407551
2,2021-04-28,88542,7176507,47278,3600597,39381,3312167,1883,263743,38892,1414386,0.168228,49270,3041610,0.361771,41698,4455996,0.529999,8407551
2,2021-04-29,91692,7268199,49865,3650462,40103,3352270,1724,265467,35514,1396485,0.166099,55753,3097363,0.368403,37852,4493848,0.534501,8407551
2,2021-04-30,95126,7363325,52543,3703005,40566,3392836,2017,267484,36830,1378196,0.163924,57795,3155158,0.375277,39506,4533354,0.5392,8407551
2,2021-05-01,63010,7426335,38365,3741370,23031,3415867,1614,269098,24540,1367110,0.162605,38108,3193266,0.379809,27022,4560376,0.542414,8407551
2,2021-05-02,29396,7455731,20470,3761840,7947,3423814,979,270077,11148,1361226,0.161905,18100,3211366,0.381962,12216,4572592,0.543867,8407551
2,2021-05-03,60878,7516609,36138,3797978,22663,3446477,2077,272154,20363,1343711,0.159822,40218,3251584,0.386746,22703,4595295,0.546568,8407551
2,2021-05-04,80206,7596815,47856,3845834,29939,3476416,2411,274565,25939,1318556,0.15683,53895,3305479,0.393156,28740,4624035,0.549986,8407551
2,2021-05-05,80967,7677782,48185,3894019,30420,3506836,2362,276927,25204,1291145,0.15357,55342,3360821,0.399738,27931,4651966,0.553308,8407551
2,2021-05-06,83422,7761204,50675,3944694,29816,3536652,2931,279858,25208,1262217,0.150129,57705,3418526,0.406602,28777,4680743,0.556731,8407551
2,2021-05-07,84234,7845438,48647,3993341,33154,3569806,2433,282291,25722,1232740,0.146623,58085,3476611,0.413511,28608,4709351,0.560134,8407551
2,2021-05-08,55938,7901376,33928,4027269,20279,3590085,1731,284022,17432,1214374,0.144438,38261,3514872,0.418061,19895,4729246,0.5625,8407551
2,2021-05-09,21965,7923341,15818,4043087,5396,3595481,751,284773,6323,1206137,0.143459,15543,3530415,0.41991,7306,4736552,0.563369,8407551
2,2021-05-10,50513,7973854,27542,4070629,21081,3616562,1890,286663,14170,1186740,0.141152,36059,3566474,0.424199,16662,4753214,0.565351,8407551
2,2021-05-11,66675,8040529,36142,4106771,28387,3644949,2146,288809,19996,1163227,0.138355,46348,3612822,0.429712,22835,4776049,0.568067,8407551
2,2021-05-12,65584,8106113,34936,4141707,28406,3673355,2242,291051,19242,1139120,0.135488,46008,3658830,0.435184,21901,4797950,0.570672,8407551
2,2021-05-13,71392,8177505,41439,4183146,27997,3701352,1956,293007,26032,1122806,0.133547,45044,3703874,0.440541,28730,4826680,0.574089,8407551
2,2021-05-14,80418,8257923,48186,4231332,29956,3731308,2276,295283,30794,1107285,0.131701,49240,3753114,0.446398,33719,4860399,0.578099,8407551
2,2021-05-15,66916,8324839,43946,4275278,21248,3752556,1722,297005,25892,1094564,0.130188,40746,3793860,0.451244,28025,4888424,0.581433,8407551
2,2021-05-16,31860,8356699,23841,4299119,7088,3759644,931,297936,12952,1089820,0.129624,18763,3812623,0.453476,14019,4902443,0.5831,8407551
2,2021-05-17,58359,8415058,36977,4336096,19416,3779060,1966,299902,22932,1079920,0.128446,35169,3847792,0.457659,25269,4927712,0.586106,8407551
2,2021-05-18,70568,8485626,41269,4377365,27330,3806390,1969,301871,27932,1068027,0.127032,42338,3890130,0.462695,30445,4958157,0.589727,8407551
2,2021-05-19,69426,8555052,41075,4418440,26282,3832672,2069,303940,27404,1056285,0.125635,41685,3931815,0.467653,29943,4988100,0.593288,8407551
2,2021-05-20,70132,8625184,40719,4459159,27216,3859888,2197,306137,26653,1042623,0.12401,43118,3974933,0.472781,29456,5017556,0.596792,8407551
2,2021-05-21,73680,8698864,43531,4502690,27969,3887857,2180,308317,27962,1028002,0.122271,45331,4020264,0.478173,30710,5048266,0.600444,8407551
2,2021-05-22,54016,8752880,34295,4536985,17943,3905800,1778,310095,22516,1021583,0.121508,31255,4051519,0.481891,24836,5073102,0.603398,8407551
2,2021-05-23,24531,8777411,16744,4553729,7063,3912863,724,310819,10284,1018625,0.121156,14110,4065629,0.483569,11152,5084254,0.604725,8407551
2,2021-05-24,45266,8822677,25744,4579473,17733,3930596,1789,312608,17342,1010421,0.12018,27679,4093308,0.486861,19475,5103729,0.607041,8407551
2,2021-05-25,51375,8874052,30100,4609573,19391,3949987,1884,314492,19538,1000872,0.119044,31509,4124817,0.490609,21960,5125689,0.609653,8407551
2,2021-05-26,49145,8923197,27551,4637124,19889,3969876,1705,316197,19205,992541,0.118054,29582,4154399,0.494127,21251,5146940,0.612181,8407551
2,2021-05-27,47113,8970310,26727,4663851,18640,3988516,1746,317943,18765,985475,0.117213,28081,4182480,0.497467,21015,5167955,0.61468,8407551
2,2021-05-28,50698,9021008,28041,4691892,20663,4009179,1994,319937,21241,979970,0.116558,29178,4211658,0.500938,23673,5191628,0.617496,8407551
2,2021-05-29,29293,9050301,17545,4709437,10677,4019856,1071,321008,13319,978744,0.116412,15801,4227459,0.502817,14575,5206203,0.619229,8407551
2,2021-05-30,12726,9063027,8197,4717634,3759,4023615,770,321778,5539,978002,0.116324,7117,4234576,0.503663,6375,5212578,0.619988,8407551
2,2021-05-31,5960,9068987,3499,4721133,2155,4025770,306,322084,1858,976179,0.116107,4036,4238612,0.504143,2213,5214791,0.620251,8407551
2,2021-06-01,45293,9114280,26024,4747157,17593,4043363,1676,323760,15735,964761,0.114749,29200,4267812,0.507617,17782,5232573,0.622366,8407551
2,2021-06-02,38653,9152933,22756,4769913,14472,4057835,1425,325185,15118,958355,0.113987,23252,4291064,0.510382,16846,5249419,0.62437,8407551
2,2021-06-03,41911,9194844,27013,4796926,13414,4071249,1484,326669,14136,946842,0.112618,27522,4318586,0.513656,16009,5265428,0.626274,8407551
2,2021-06-04,48762,9243606,31868,4828794,15325,4086574,1569,328238,15762,932024,0.110856,32676,4351262,0.517542,17858,5283286,0.628398,8407551
2,2021-06-05,38254,9281860,27315,4856109,9465,4096039,1474,329712,11896,919713,0.109391,26108,4377370,0.520647,13797,5297083,0.630039,8407551
2,2021-06-06,14983,9296843,12292,4868401,2110,4098149,581,330293,4658,914890,0.108818,10258,4387628,0.521868,5435,5302518,0.630685,8407551
2,2021-06-07,33583,9330426,23511,4891912,8784,4106933,1288,331581,10993,904990,0.10764,22418,4410046,0.524534,12518,5315036,0.632174,8407551
2,2021-06-08,40756,9371182,28830,4920742,10551,4117484,1375,332956,12485,891220,0.106002,28015,4438061,0.527866,14245,5329281,0.633868,8407551
2,2021-06-09,38283,9409465,26732,4947474,10049,4127533,1502,334458,11566,878101,0.104442,26510,4464571,0.531019,13391,5342672,0.635461,8407551
2,2021-06-10,38009,9447474,26433,4973907,10039,4137572,1537,335995,11631,865575,0.102952,26176,4490747,0.534133,13650,5356322,0.637085,8407551
2,2021-06-11,41724,9489198,27724,5001631,12321,4149893,1679,337674,13357,852830,0.101436,28087,4518834,0.537473,15342,5371664,0.638909,8407551
2,2021-06-12,29809,9519007,21966,5023597,6922,4156815,921,338595,8729,841784,0.100122,20932,4539766,0.539963,9886,5381550,0.640085,8407551
2,2021-06-13,12278,9531285,8972,5032569,2683,4159498,623,339218,3121,836608,0.099507,9089,4548855,0.541044,3913,5385463,0.640551,8407551
2,2021-06-14,30238,9561523,21468,5054037,7552,4167050,1218,340436,10440,828853,0.098584,19616,4568471,0.543377,11861,5397324,0.641961,8407551
2,2021-06-15,36053,9597576,24044,5078081,9943,4176993,2066,342502,12125,819776,0.097505,23643,4592114,0.546189,14566,5411890,0.643694,8407551
2,2021-06-16,33436,9631012,23104,5101185,8519,4185512,1813,344315,11559,811774,0.096553,21690,4613804,0.548769,13688,5425578,0.645322,8407551
2,2021-06-17,31083,9662095,20766,5121951,8509,4194021,1808,346123,10990,804875,0.095732,19905,4633709,0.551137,13006,5438584,0.646869,8407551
2,2021-06-18,34834,9696929,22962,5144913,9990,4204011,1882,348005,12607,797619,0.094869,22000,4655709,0.553753,14744,5453328,0.648623,8407551
2,2021-06-19,21013,9717942,14638,5159551,5112,4209123,1263,349268,7920,794073,0.094448,12927,4668636,0.555291,9381,5462709,0.649738,8407551
2,2021-06-20,8312,9726254,5943,5165494,1903,4211026,466,349734,3070,792484,0.094259,5195,4673831,0.555909,3606,5466315,0.650167,8407551
2,2021-06-21,19381,9745635,11869,5177363,6185,4217211,1327,351061,9881,794500,0.094498,9372,4683203,0.557023,11388,5477703,0.651522,8407551
2,2021-06-22,26930,9772565,18442,5195805,7104,4224315,1384,352445,10515,790434,0.094015,16240,4699443,0.558955,12174,5489877,0.65297,8407551
2,2021-06-23,25975,9798540,17923,5213728,6420,4230735,1632,354077,10521,787578,0.093675,15303,4714746,0.560775,12447,5502324,0.65445,8407551
2,2021-06-24,25455,9823995,17334,5231062,6590,4237325,1531,355608,10453,784948,0.093362,14845,4729591,0.562541,12215,5514539,0.655903,8407551
2,2021-06-25,28911,9852906,19589,5250651,7820,4245145,1502,357110,12011,781968,0.093008,16734,4746325,0.564531,13754,5528293,0.657539,8407551
2,2021-06-26,18765,9871671,13821,5264472,4007,4249152,937,358047,7638,779765,0.092746,11034,4757359,0.565844,8831,5537124,0.658589,8407551
2,2021-06-27,8889,9880560,6789,5271261,1649,4250801,451,358498,3571,778652,0.092613,5259,4762618,0.566469,4146,5541270,0.659083,8407551
2,2021-06-28,19993,9900553,15186,5286447,3556,4254357,1251,359749,8823,777891,0.092523,11030,4773648,0.567781,10269,5551539,0.660304,8407551
2,2021-06-29,22958,9923511,15992,5302439,5885,4260242,1081,360830,9849,776090,0.092309,12966,4786614,0.569323,11165,5562704,0.661632,8407551
2,2021-06-30,22235,9945746,15779,5318218,5425,4265667,1031,361861,9948,775165,0.092199,12134,4798748,0.570766,11209,5573913,0.662965,8407551
2,2021-07-01,20153,9965899,14247,5332465,5008,4270675,898,362759,8978,774210,0.092085,11034,4809782,0.572079,10079,5583992,0.664164,8407551
2,2021-07-02,23191,9989090,16004,5348469,6156,4276831,1031,363790,10282,772992,0.09194,12736,4822518,0.573594,11518,5595510,0.665534,8407551
2,2021-07-03,12677,10001767,9137,5357606,3062,4279893,478,364268,5810,772635,0.091898,6768,4829286,0.574399,6411,5601921,0.666296,8407551
2,2021-07-04,1019,10002786,598,5358204,354,4280247,67,364335,437,772592,0.091893,570,4829856,0.574466,527,5602448,0.666359,8407551
2,2021-07-05,11177,10013963,8183,5366387,2584,4282831,410,364745,5140,772309,0.091859,5962,4835818,0.575176,5679,5608127,0.667035,8407551
2,2021-07-06,24028,10037991,17445,5383832,5567,4288398,1016,365761,9289,768316,0.091384,14570,4850388,0.576909,10577,5618704,0.668293,8407551
2,2021-07-07,20731,10058722,14783,5398615,4837,4293235,1111,366872,8780,766665,0.091188,11803,4862191,0.578312,10152,5628856,0.6695,8407551
2,2021-07-08,19305,10078027,13444,5412059,4804,4298039,1057,367929,8097,764929,0.090981,11095,4873286,0.579632,9359,5638215,0.670613,8407551
2,2021-07-09,22734,10100761,15760,5427819,5705,4303744,1269,369198,9659,763122,0.090766,12935,4886221,0.581171,11128,5649343,0.671937,8407551
2,2021-07-10,14427,10115188,10647,5438466,3091,4306835,689,369887,6376,762389,0.090679,7955,4894176,0.582117,7222,5656565,0.672796,8407551
2,2021-07-11,6584,10121772,4843,5443309,1391,4308226,350,370237,3104,762477,0.09069,3436,4897612,0.582525,3524,5660089,0.673215,8407551
2,2021-07-12,18281,10140053,13439,5456748,3967,4312193,875,371112,7870,761137,0.09053,10288,4907900,0.583749,8948,5669037,0.674279,8407551
2,2021-07-13,19645,10159698,13878,5470626,4880,4317073,887,371999,8812,760352,0.090437,10681,4918581,0.585019,9896,5678933,0.675456,8407551
2,2021-07-14,18790,10178488,13422,5484048,4581,4321654,787,372786,8417,759527,0.090339,10241,4928822,0.586238,9416,5688349,0.676576,8407551
2,2021-07-15,18922,10197410,13715,5497763,4502,4326156,705,373491,8605,758857,0.090259,10197,4939019,0.58745,9527,5697876,0.677709,8407551
2,2021-07-16,22966,10220376,16524,5514287,5607,4331763,835,374326,11023,759113,0.090289,11808,4950827,0.588855,12064,5709940,0.679144,8407551
2,2021-07-17,14446,10234822,10526,5524813,3386,4335149,534,374860,6985,759400,0.090324,7367,4958194,0.589731,7654,5717594,0.680055,8407551
2,2021-07-18,7013,10241835,5239,5530052,1445,4336594,329,375189,3542,759915,0.090385,3427,4961621,0.590139,3942,5721536,0.680523,8407551
2,2021-07-19,18485,10260320,13774,5543826,3963,4340557,748,375937,9174,760824,0.090493,9193,4970814,0.591232,10102,5731638,0.681725,8407551
2,2021-07-20,21036,10281356,14983,5558809,5204,4345761,849,376786,10682,762359,0.090676,10216,4981030,0.592447,11751,5743389,0.683123,8407551
2,2021-07-21,20536,10301892,14955,5573764,4806,4350567,775,377561,10657,764240,0.090899,9747,4990777,0.593607,11628,5755017,0.684506,8407551
2,2021-07-22,20455,10322347,14606,5588370,4979,4355546,870,378431,10924,766825,0.091207,9382,5000159,0.594722,11967,5766984,0.685929,8407551
2,2021-07-23,24623,10346970,17253,5605623,6307,4361853,1063,379494,13404,770430,0.091635,11060,5011219,0.596038,14665,5781649,0.687673,8407551
2,2021-07-24,14921,10361891,10757,5616380,3661,4365514,503,379997,8339,772916,0.091931,6470,5017689,0.596807,8956,5790605,0.688739,8407551
2,2021-07-25,6744,10368635,4973,5621353,1628,4367142,143,380140,4985,776373,0.092342,1710,5019399,0.597011,5167,5795772,0.689353,8407551
2,2021-07-26,19217,10387852,13578,5634931,4855,4371997,784,380924,12170,782543,0.093076,6909,5026308,0.597833,13079,5808851,0.690909,8407551
2,2021-07-27,23040,10410892,16687,5651618,5487,4377484,866,381790,13487,787664,0.093685,9383,5035691,0.598949,14504,5823355,0.692634,8407551
2,2021-07-28,22767,10433659,16293,5667911,5569,4383053,905,382695,13481,793121,0.094334,9115,5044806,0.600033,14572,5837927,0.694367,8407551
2,2021-07-29,21552,10455211,15462,5683373,5175,4388228,915,383610,13029,798842,0.095015,8377,5053183,0.601029,14098,5852025,0.696044,8407551
2,2021-07-30,26351,10481562,18771,5702144,6615,4394843,965,384575,15780,805417,0.095797,10371,5063554,0.602263,16946,5868971,0.69806,8407551
2,2021-07-31,15774,10497336,11620,5713764,3645,4398488,509,385084,9551,809517,0.096285,6097,5069651,0.602988,10197,5879168,0.699272,8407551
2,2021-08-01,8066,10505402,6205,5719969,1689,4400177,172,385256,5283,812320,0.096618,2717,5072368,0.603311,5520,5884688,0.699929,8407551
2,2021-08-02,21300,10526702,16013,5735982,4522,4404699,765,386021,13501,819044,0.097418,7657,5080025,0.604222,14381,5899069,0.701639,8407551
2,2021-08-03,24166,10550868,17624,5753606,5522,4410221,1020,387041,15021,826226,0.098272,8992,5089017,0.605291,16174,5915243,0.703563,8407551
2,2021-08-04,22816,10573684,16898,5770504,5035,4415256,883,387924,14211,832960,0.099073,8458,5097475,0.606297,15192,5930435,0.70537,8407551
2,2021-08-05,23187,10596871,16992,5787496,5245,4420501,950,388874,14343,839693,0.099874,8673,5106148,0.607329,15406,5945841,0.707202,8407551
2,2021-08-06,27738,10624609,20315,5807811,6433,4426934,990,389864,16897,847052,0.100749,10656,5116804,0.608596,18015,5963856,0.709345,8407551
2,2021-08-07,16913,10641522,12578,5820389,3738,4430672,597,390461,10387,851703,0.101302,6414,5123218,0.609359,11065,5974921,0.710661,8407551
2,2021-08-08,9379,10650901,7102,5827491,2048,4432720,229,390690,5857,854395,0.101622,3436,5126654,0.609768,6128,5981049,0.71139,8407551
2,2021-08-09,23327,10674228,17892,5845383,4669,4437389,766,391456,14109,860348,0.10233,9053,5135707,0.610845,15006,5996055,0.713175,8407551
2,2021-08-10,24408,10698636,17980,5863363,5574,4442963,854,392310,14334,865780,0.102976,9895,5145602,0.612022,15327,6011382,0.714998,8407551
2,2021-08-11,22073,10720709,16480,5879843,4679,4447642,914,393224,12809,870516,0.10354,9085,5154687,0.613102,13821,6025203,0.716642,8407551
2,2021-08-12,23894,10744603,17085,5896928,5725,4453367,1084,394308,13914,875848,0.104174,9768,5164455,0.614264,15100,6040303,0.718438,8407551
2,2021-08-13,29959,10774562,21680,5918608,7232,4460599,1047,395355,17319,882069,0.104914,12280,5176735,0.615724,18501,6058804,0.720638,8407551
2,2021-08-14,18763,10793325,13834,5932442,4420,4465019,509,395864,10517,885584,0.105332,7651,5184386,0.616634,11166,6069970,0.721966,8407551
2,2021-08-15,9766,10803091,7330,5939772,2245,4467264,191,396055,5347,887205,0.105525,3989,5188375,0.617109,5610,6075580,0.722634,8407551
2,2021-08-16,24748,10827839,17503,5957275,6401,4473665,844,396899,12893,890474,0.105914,10613,5198988,0.618371,13882,6089462,0.724285,8407551
2,2021-08-17,26014,10853853,18407,5975682,6665,4480330,942,397841,12906,892798,0.10619,11654,5210642,0.619757,13978,6103440,0.725947,8407551
2,2021-08-18,26260,10880113,18645,5994327,6713,4487043,902,398743,12843,895008,0.106453,11684,5222326,0.621147,13894,6117334,0.7276,8407551
2,2021-08-19,26043,10906156,17985,6012312,7035,4494078,1023,399766,12910,897778,0.106782,11294,5233620,0.62249,14064,6131398,0.729273,8407551
2,2021-08-20,32508,10938664,22831,6035143,8633,4502711,1044,400810,15276,899435,0.106979,14814,5248434,0.624252,16471,6147869,0.731232,8407551
2,2021-08-21,19045,10957709,14054,6049197,4441,4507152,550,401360,9071,900309,0.107083,8882,5257316,0.625309,9756,6157625,0.732392,8407551
2,2021-08-22,10705,10968414,7920,6057117,2571,4509723,214,401574,5276,901027,0.107169,4850,5262166,0.625886,5568,6163193,0.733054,8407551
2,2021-08-23,26702,10995116,19527,6076644,6449,4516172,726,402300,12482,902060,0.107292,12423,5274589,0.627363,13456,6176649,0.734655,8407551
2,2021-08-24,27419,11022535,20404,6097048,6138,4522310,877,403177,12118,901842,0.107266,13430,5288019,0.628961,13212,6189861,0.736226,8407551
2,2021-08-25,26272,11048807,19921,6116969,5611,4527921,740,403917,11949,902172,0.107305,12572,5300591,0.630456,12902,6202763,0.737761,8407551
2,2021-08-26,26437,11075244,19711,6136680,5908,4533829,818,404735,11819,902300,0.10732,12702,5313293,0.631967,12830,6215593,0.739287,8407551
2,2021-08-27,32475,11107719,24136,6160816,7434,4541263,905,405640,13501,900591,0.107117,16399,5329692,0.633917,14690,6230283,0.741034,8407551
2,2021-08-28,19144,11126863,14623,6175439,4152,4545415,369,406009,8115,899436,0.10698,9825,5339517,0.635086,8670,6238953,0.742065,8407551
2,2021-08-29,11162,11138025,8536,6183975,2474,4547889,152,406161,4821,898826,0.106907,5708,5345225,0.635765,5098,6244051,0.742672,8407551
2,2021-08-30,25825,11163850,19261,6203236,5883,4553772,681,406842,10569,897095,0.106701,13242,5358467,0.63734,11511,6255562,0.744041,8407551
2,2021-08-31,25441,11189291,18539,6221775,6198,4559970,704,407546,10292,895361,0.106495,12970,5371437,0.638882,11236,6266798,0.745377,8407551
2,2021-09-01,24705,11213996,18015,6239790,5982,4565952,708,408254,10689,895195,0.106475,11791,5383228,0.640285,11625,6278423,0.74676,8407551
2,2021-09-02,23809,11237805,17115,6256905,6042,4571994,652,408906,9720,893977,0.10633,11771,5394999,0.641685,10553,6288976,0.748015,8407551
2,2021-09-03,29944,11267749,21778,6278683,7470,4579464,696,409602,11465,890695,0.10594,15665,5410664,0.643548,12383,6301359,0.749488,8407551
2,2021-09-04,16487,11284236,12504,6291187,3730,4583194,253,409855,6669,889002,0.105739,8774,5419438,0.644592,7081,6308440,0.75033,8407551
2,2021-09-05,9388,11293624,7019,6298206,2304,4585498,65,409920,4288,888877,0.105724,4564,5424002,0.645135,4439,6312879,0.750858,8407551
2,2021-09-06,4741,11298365,3232,6301438,1473,4586971,36,409956,1963,888410,0.105668,2517,5426519,0.645434,2050,6314929,0.751102,8407551
2,2021-09-07,11926,11310291,8600,6310038,2752,4589723,574,410530,3789,885753,0.105352,7104,5433623,0.646279,4447,6319376,0.751631,8407551
3,2020-12-15,342,342,342,342,0,0,0,0,342,342,4.2e-05,0,0,0.0,342,342,4.2e-05,8129050
3,2020-12-16,2543,2885,2543,2885,0,0,0,0,2543,2885,0.000355,0,0,0.0,2543,2885,0.000355,8129050
3,2020-12-17,7970,10855,7970,10855,0,0,0,0,7971,10856,0.001335,0,0,0.0,7971,10856,0.001335,8129050
3,2020-12-18,13586,24441,13565,24420,21,21,0,0,13581,24437,0.003006,0,0,0.0,13581,24437,0.003006,8129050
3,2020-12-19,7290,31731,7278,31698,12,33,0,0,7343,31778,0.003909,2,2,0.0,7343,31780,0.003909,8129050
3,2020-12-20,5707,37438,5692,37390,15,48,0,0,5755,37532,0.004617,1,3,0.0,5755,37535,0.004617,8129050
3,2020-12-21,14531,51969,14502,51892,29,77,0,0,14594,52125,0.006412,1,4,0.0,14594,52129,0.006413,8129050
3,2020-12-22,15018,66987,14402,66294,616,693,0,0,15052,67172,0.008263,5,9,1e-06,15052,67181,0.008264,8129050
3,2020-12-23,15051,82038,12386,78680,2665,3358,0,0,15071,82242,0.010117,2,11,1e-06,15072,82253,0.010118,8129050
3,2020-12-24,6889,88927,4924,83604,1965,5323,0,0,6885,89124,0.010964,3,14,2e-06,6885,89138,0.010965,8129050
3,2020-12-25,748,89675,686,84290,62,5385,0,0,743,89865,0.011055,2,16,2e-06,743,89881,0.011057,8129050
3,2020-12-26,4638,94313,3012,87302,1626,7011,0,0,4636,94501,0.011625,0,16,2e-06,4636,94517,0.011627,8129050
3,2020-12-27,3035,97348,1874,89176,1161,8172,0,0,3034,97535,0.011998,0,16,2e-06,3034,97551,0.012,8129050
3,2020-12-28,13861,111209,8867,98043,4994,13166,0,0,13876,111402,0.013704,9,25,3e-06,13876,111427,0.013707,8129050
3,2020-12-29,15509,126718,8787,106830,6722,19888,0,0,15534,126933,0.015615,3,28,3e-06,15534,126961,0.015618,8129050
3,2020-12-30,18429,145147,10340,117170,8089,27977,0,0,18434,145365,0.017882,3,31,4e-06,18435,145396,0.017886,8129050
3,2020-12-31,8557,153704,3260,120430,5297,33274,0,0,8557,153920,0.018935,2,33,4e-06,8557,153953,0.018939,8129050
3,2021-01-01,1937,155641,933,121363,1004,34278,0,0,1931,155849,0.019172,2,35,4e-06,1931,155884,0.019176,8129050
3,2021-01-02,5012,160653,2471,123834,2541,36819,0,0,5009,160857,0.019788,1,36,4e-06,5009,160893,0.019792,8129050
3,2021-01-03,1643,162296,864,124698,779,37598,0,0,1634,162489,0.019989,2,38,5e-06,1634,162527,0.019993,8129050
3,2021-01-04,12212,174508,6061,130759,6151,43749,0,0,12180,174660,0.021486,9,47,6e-06,12180,174707,0.021492,8129050
3,2021-01-05,15974,190482,8298,139057,7676,51425,0,0,14255,187250,0.023035,1699,1746,0.000215,14289,188996,0.023249,8129050
3,2021-01-06,20811,211293,11031,150088,9780,61205,0,0,16146,198789,0.024454,4618,6364,0.000783,16157,205153,0.025237,8129050
3,2021-01-07,26916,238209,15389,165477,11527,72732,0,0,17314,206559,0.02541,9564,15928,0.001959,17334,222487,0.027369,8129050
3,2021-01-08,30915,269124,18855,184332,12060,84792,0,0,18272,212243,0.026109,12618,28546,0.003512,18302,240789,0.029621,8129050
3,2021-01-09,12620,281744,7129,191461,5491,90283,0,0,8034,215709,0.026536,4578,33124,0.004075,8044,248833,0.03061,8129050
3,2021-01-10,7287,289031,4516,195977,2771,93054,0,0,4098,216629,0.026649,3186,36310,0.004467,4106,252939,0.031115,8129050
3,2021-01-11,29503,318534,19295,215272,10208,103262,0,0,16683,220556,0.027132,12806,49116,0.006042,16733,269672,0.033174,8129050
3,2021-01-12,33087,351621,19670,234942,13417,116679,0,0,20271,228187,0.028071,12793,61909,0.007616,20424,290096,0.035686,8129050
3,2021-01-13,35060,386681,18286,253228,16774,133453,0,0,24670,242501,0.029831,10383,72292,0.008893,24697,314793,0.038724,8129050
3,2021-01-14,35100,421781,14351,267579,20749,154202,0,0,29111,265741,0.03269,5913,78205,0.00962,29153,343946,0.042311,8129050
3,2021-01-15,39427,461208,14666,282245,24761,178963,0,0,34670,295757,0.036383,4734,82939,0.010203,34750,378696,0.046586,8129050
3,2021-01-16,22057,483265,7525,289770,14532,193495,0,0,19666,313067,0.038512,2379,85318,0.010495,19689,398385,0.049008,8129050
3,2021-01-17,13228,496493,4501,294271,8727,202222,0,0,12132,324121,0.039872,1096,86414,0.01063,12150,410535,0.050502,8129050
3,2021-01-18,24992,521485,13051,307322,11941,214163,0,0,19290,337746,0.041548,5716,92130,0.011333,19341,429876,0.052881,8129050
3,2021-01-19,41605,563090,21215,328537,20390,234553,0,0,32163,360587,0.044358,9414,101544,0.012491,32255,462131,0.056849,8129050
3,2021-01-20,46615,609705,23215,351752,23400,257953,0,0,36851,387809,0.047707,9720,111264,0.013687,36942,499073,0.061394,8129050
3,2021-01-21,48673,658378,21160,372912,27513,285466,0,0,42987,425283,0.052316,5602,116866,0.014376,43076,542149,0.066693,8129050
3,2021-01-22,50269,708647,20046,392958,30223,315689,0,0,45931,466957,0.057443,4332,121198,0.014909,46006,588155,0.072352,8129050
3,2021-01-23,30694,739341,12913,405871,17781,333470,0,0,27356,491049,0.060407,3327,124525,0.015319,27419,615574,0.075725,8129050
3,2021-01-24,18107,757448,8560,414431,9547,343017,0,0,16905,506789,0.062343,1198,125723,0.015466,16938,632512,0.077809,8129050
3,2021-01-25,41348,798796,18419,432850,22929,365946,0,0,31166,527893,0.064939,10158,135881,0.016715,31262,663774,0.081655,8129050
3,2021-01-26,47815,846611,22840,455690,24975,390921,0,0,37421,555051,0.06828,10378,146259,0.017992,37536,701310,0.086272,8129050
3,2021-01-27,52120,898731,24809,480499,27311,418232,0,0,41237,585565,0.072034,10812,157071,0.019322,41326,742636,0.091356,8129050
3,2021-01-28,52751,951482,24441,504940,28310,446542,0,0,43579,620129,0.076286,9079,166150,0.020439,43643,786279,0.096725,8129050
3,2021-01-29,51705,1003187,24729,529669,26976,473518,0,0,41754,652184,0.080229,9756,175906,0.021639,41811,828090,0.101868,8129050
3,2021-01-30,37854,1041041,17825,547494,20029,493547,0,0,33069,680622,0.083727,4730,180636,0.022221,33168,861258,0.105948,8129050
3,2021-01-31,22969,1064010,12936,560430,10033,503580,0,0,21510,700720,0.086199,1440,182076,0.022398,21538,882796,0.108598,8129050
3,2021-02-01,46717,1110727,21364,581794,25353,528933,0,0,35557,725231,0.089215,11091,193167,0.023763,35602,918398,0.112977,8129050
3,2021-02-02,55128,1165855,22991,604785,32137,561070,0,0,42451,755160,0.092896,12577,205744,0.02531,42506,960904,0.118206,8129050
3,2021-02-03,60628,1226483,26940,631725,33688,594758,0,0,44984,784739,0.096535,15483,221227,0.027214,45062,1005966,0.12375,8129050
3,2021-02-04,65073,1291556,28158,659883,36915,631673,0,0,47543,815095,0.100269,17317,238544,0.029345,47673,1053639,0.129614,8129050
3,2021-02-05,71347,1362903,30049,689932,41298,672971,0,0,49139,842504,0.103641,21945,260489,0.032044,49354,1102993,0.135685,8129050
3,2021-02-06,44106,1407009,21093,711025,23013,695984,0,0,34292,867228,0.106683,9765,270254,0.033245,34489,1137482,0.139928,8129050
3,2021-02-07,19947,1426956,12705,723730,7242,703226,0,0,15312,878053,0.108014,4617,274871,0.033813,15442,1152924,0.141828,8129050
3,2021-02-08,52003,1478959,25102,748832,26901,730127,0,0,33974,894336,0.110017,17889,292760,0.036014,34172,1187096,0.146031,8129050
3,2021-02-09,59354,1538313,28795,777627,30559,760686,0,0,34620,904794,0.111304,24524,317284,0.039031,34982,1222078,0.150335,8129050
3,2021-02-10,69036,1607349,32109,809736,36927,797613,0,0,36847,910284,0.111979,31883,349167,0.042953,37373,1259451,0.154932,8129050
3,2021-02-11,71573,1678922,35183,844919,36390,834003,0,0,37874,915422,0.112611,33294,382461,0.047049,38432,1297883,0.15966,8129050
3,2021-02-12,76477,1755399,32933,877852,43544,877547,0,0,42049,924172,0.113688,34078,416539,0.051241,42828,1340711,0.164928,8129050
3,2021-02-13,45561,1800960,20641,898493,24920,902467,0,0,26048,931425,0.11458,19391,435930,0.053626,26644,1367355,0.168206,8129050
3,2021-02-14,27663,1828623,13807,912300,13856,916323,0,0,15316,934936,0.115012,12276,448206,0.055136,15787,1383142,0.170148,8129050
3,2021-02-15,40625,1869248,17507,929807,23118,939441,0,0,22378,940144,0.115652,18130,466336,0.057367,23338,1406480,0.173019,8129050
3,2021-02-16,71022,1940270,33621,963428,37401,976842,0,0,36709,943764,0.116098,34144,500480,0.061567,37764,1444244,0.177665,8129050
3,2021-02-17,72821,2013091,36776,1000204,36045,1012887,0,0,34357,941006,0.115758,38192,538672,0.066265,35434,1479678,0.182023,8129050
3,2021-02-18,77951,2091042,40703,1040907,37248,1050135,0,0,35890,936414,0.115194,41843,580515,0.071412,37251,1516929,0.186606,8129050
3,2021-02-19,70063,2161105,40344,1081251,29719,1079854,0,0,35264,937751,0.115358,34614,615129,0.07567,35951,1552880,0.191028,8129050
3,2021-02-20,43597,2204702,27495,1108746,16102,1095956,0,0,22656,940138,0.115652,20809,635938,0.07823,23196,1576076,0.193882,8129050
3,2021-02-21,24599,2229301,19750,1128496,4849,1100805,0,0,11796,939670,0.115594,12691,648629,0.079791,12223,1588299,0.195386,8129050
3,2021-02-22,48030,2277331,31245,1159741,16785,1117590,0,0,22421,937149,0.115284,25451,674080,0.082922,22930,1611229,0.198206,8129050
3,2021-02-23,64283,2341614,34880,1194621,29403,1146993,0,0,27929,931004,0.114528,36097,710177,0.087363,29952,1641181,0.201891,8129050
3,2021-02-24,80468,2422082,39553,1234174,40915,1187908,0,0,35335,924045,0.113672,44849,755026,0.09288,37890,1679071,0.206552,8129050
3,2021-02-25,90191,2512273,43912,1278086,46279,1234187,0,0,44717,926252,0.113943,45143,800169,0.098433,47350,1726421,0.212377,8129050
3,2021-02-26,101191,2613464,46265,1324351,54926,1289113,0,0,53142,934032,0.114901,47604,847773,0.104289,55384,1781805,0.21919,8129050
3,2021-02-27,71740,2685204,32961,1357312,38774,1327887,5,5,37606,939102,0.115524,33880,881653,0.108457,38950,1820755,0.223981,8129050
3,2021-02-28,41910,2727114,24222,1381534,17683,1345570,5,10,21176,940737,0.115725,20525,902178,0.110982,22160,1842915,0.226707,8129050
3,2021-03-01,71019,2798133,37610,1419144,33346,1378916,63,73,39431,950314,0.116903,31303,933481,0.114833,40880,1883795,0.231736,8129050
3,2021-03-02,82431,2880564,40621,1459765,41794,1420710,16,89,47438,965105,0.118723,34806,968287,0.119114,49597,1933392,0.237837,8129050
3,2021-03-03,92430,2972994,44231,1503996,48159,1468869,40,129,51526,978356,0.120353,40634,1008921,0.124113,53885,1987277,0.244466,8129050
3,2021-03-04,96834,3069828,47368,1551364,49439,1518308,27,156,54661,993472,0.122213,41896,1050817,0.129267,57012,2044289,0.251479,8129050
3,2021-03-05,93292,3163120,45550,1596914,47434,1565742,308,464,56221,1015509,0.124923,36759,1087576,0.133789,58796,2103085,0.258712,8129050
3,2021-03-06,66655,3229775,33772,1630686,30707,1596449,2176,2640,37908,1028479,0.126519,28572,1116148,0.137304,41542,2144627,0.263823,8129050
3,2021-03-07,39643,3269418,22837,1653523,14876,1611325,1930,4570,22272,1036551,0.127512,17286,1133434,0.13943,25358,2169985,0.266942,8129050
3,2021-03-08,60901,3330319,28969,1682492,28889,1640214,3043,7613,38448,1057285,0.130063,22273,1155707,0.14217,43007,2212992,0.272233,8129050
3,2021-03-09,78180,3408499,36068,1718560,37604,1677818,4508,12121,41936,1068785,0.131477,36061,1191768,0.146606,47561,2260553,0.278083,8129050
3,2021-03-10,84305,3492804,41909,1760469,36214,1714032,6182,18303,43942,1080150,0.132875,40108,1231876,0.15154,51473,2312026,0.284415,8129050
3,2021-03-11,98525,3591329,48203,1808672,41613,1755645,8709,27012,48133,1087929,0.133832,50085,1281961,0.157701,57864,2369890,0.291533,8129050
3,2021-03-12,103313,3694642,46128,1854800,45237,1800882,11948,38960,47044,1091970,0.134329,55978,1337939,0.164587,60019,2429909,0.298917,8129050
3,2021-03-13,71208,3765850,29975,1884775,33923,1834805,7310,46270,37496,1104516,0.135873,33549,1371488,0.168714,46095,2476004,0.304587,8129050
3,2021-03-14,41665,3807515,21757,1906532,16324,1851129,3584,49854,20975,1109092,0.136436,20590,1392078,0.171247,25166,2501170,0.307683,8129050
3,2021-03-15,76514,3884029,36291,1942823,35631,1886760,4592,54446,40253,1118902,0.137642,35995,1428073,0.175675,45805,2546975,0.313318,8129050
3,2021-03-16,95981,3980010,44249,1987072,47351,1934111,4381,58827,53826,1136113,0.13976,41870,1469943,0.180826,59081,2606056,0.320586,8129050
3,2021-03-17,99381,4079391,48252,2035324,46530,1980641,4599,63426,60198,1162618,0.14302,38914,1508857,0.185613,65419,2671475,0.328633,8129050
3,2021-03-18,104673,4184064,53188,2088512,46885,2027526,4600,68026,59817,1183014,0.145529,44532,1553389,0.191091,64928,2736403,0.33662,8129050
3,2021-03-19,104328,4288392,55986,2144498,43836,2071362,4506,72532,57916,1199847,0.1476,46097,1599486,0.196762,62930,2799333,0.344362,8129050
3,2021-03-20,72659,4361051,37429,2181927,31489,2102851,3741,76273,44582,1220786,0.150176,27841,1627327,0.200187,48780,2848113,0.350362,8129050
3,2021-03-21,36692,4397743,24901,2206828,10257,2113108,1534,77807,22005,1230244,0.151339,14553,1641880,0.201977,24011,2872124,0.353316,8129050
3,2021-03-22,71239,4468982,41855,2248683,26829,2139937,2555,80362,45160,1253156,0.154158,25802,1667682,0.205151,48714,2920838,0.359309,8129050
3,2021-03-23,90842,4559824,50260,2298943,37992,2177929,2590,82952,55192,1276291,0.157004,35343,1703025,0.209499,58478,2979316,0.366502,8129050
3,2021-03-24,99941,4659765,57514,2356457,39455,2217384,2972,85924,56356,1293045,0.159065,43171,1746196,0.214809,59925,3039241,0.373874,8129050
3,2021-03-25,108652,4768417,60356,2416813,45234,2262618,3062,88986,60633,1309751,0.16112,47616,1793812,0.220667,64322,3103563,0.381787,8129050
3,2021-03-26,111992,4880409,60086,2476899,48504,2311122,3402,92388,57156,1316705,0.161975,54437,1848249,0.227363,61391,3164954,0.389339,8129050
3,2021-03-27,75434,4955843,38374,2515273,34484,2345606,2576,94964,36233,1317240,0.162041,38933,1887182,0.232153,39468,3204422,0.394194,8129050
3,2021-03-28,44870,5000713,28283,2543556,15763,2361369,824,95788,22467,1318918,0.162247,22263,1909445,0.234892,23941,3228363,0.397139,8129050
3,2021-03-29,81824,5082537,42745,2586301,37209,2398578,1870,97658,44329,1328765,0.163459,37206,1946651,0.239468,47053,3275416,0.402927,8129050
3,2021-03-30,101530,5184067,49894,2636195,47910,2446488,3726,101384,56366,1344582,0.165405,44862,1991513,0.244987,60679,3336095,0.410392,8129050
3,2021-03-31,106183,5290250,57259,2693454,44018,2490506,4906,106290,56327,1356576,0.16688,49558,2041071,0.251084,61552,3397647,0.417964,8129050
3,2021-04-01,125216,5415466,63291,2756745,52032,2542538,9893,116183,67029,1376022,0.169272,57686,2098757,0.25818,77132,3474779,0.427452,8129050
3,2021-04-02,119013,5534479,58035,2814780,50493,2593031,10485,126668,62257,1392730,0.171328,56410,2155167,0.265119,73118,3547897,0.436447,8129050
3,2021-04-03,76651,5611130,39213,2853993,28130,2621161,9308,135976,38049,1401930,0.172459,38417,2193584,0.269845,47617,3595514,0.442304,8129050
3,2021-04-04,32659,5643789,17467,2871460,10934,2632095,4258,140234,14208,1402020,0.17247,18355,2211939,0.272103,18445,3613959,0.444573,8129050
3,2021-04-05,90597,5734386,45970,2917430,35258,2667353,9369,149603,43783,1409383,0.173376,46550,2258489,0.277829,53913,3667872,0.451205,8129050
3,2021-04-06,114481,5848867,55683,2973113,43457,2710810,15341,164944,53543,1418270,0.174469,60626,2319115,0.285287,69513,3737385,0.459757,8129050
3,2021-04-07,117300,5966167,60694,3033807,40184,2750994,16422,181366,56377,1430682,0.175996,60611,2379726,0.292743,73023,3810408,0.46874,8129050
3,2021-04-08,122373,6088540,60921,3094728,41109,2792103,20343,201709,56583,1442839,0.177492,65443,2445169,0.300794,77600,3888008,0.478286,8129050
3,2021-04-09,119523,6208063,59505,3154233,40680,2832783,19338,221047,52266,1448266,0.178159,66961,2512130,0.309031,72388,3960396,0.487191,8129050
3,2021-04-10,85149,6293212,38239,3192472,31475,2864258,15435,236482,34614,1448742,0.178218,50309,2562439,0.31522,50785,4011181,0.493438,8129050
3,2021-04-11,45630,6338842,24410,3216882,13111,2877369,8109,244591,17308,1446736,0.177971,28209,2590648,0.31869,26203,4037384,0.496661,8129050
3,2021-04-12,84774,6423616,42780,3259662,33068,2910437,8926,253517,38166,1448557,0.178195,46324,2636972,0.324389,48145,4085529,0.502584,8129050
3,2021-04-13,106312,6529928,57568,3317230,48531,2958968,213,253730,55740,1455115,0.179002,50286,2687258,0.330575,56844,4142373,0.509577,8129050
3,2021-04-14,108494,6638422,59347,3376577,49034,3008002,113,253843,53718,1455958,0.179106,54432,2741690,0.337271,55275,4197648,0.516376,8129050
3,2021-04-15,120147,6758569,67594,3444171,52466,3060468,87,253930,63797,1464696,0.18018,55970,2797660,0.344156,64708,4262356,0.524336,8129050
3,2021-04-16,116318,6874887,65220,3509391,50998,3111466,100,254030,60409,1470314,0.180872,55561,2853221,0.350991,61179,4323535,0.531862,8129050
3,2021-04-17,80086,6954973,43698,3553089,36373,3147839,15,254045,44454,1480387,0.182111,35382,2888603,0.355343,45455,4368990,0.537454,8129050
3,2021-04-18,39142,6994115,23684,3576773,15448,3163287,10,254055,18281,1478854,0.181922,20714,2909317,0.357891,19181,4388171,0.539814,8129050
3,2021-04-19,79624,7073739,44302,3621075,35261,3198548,61,254116,35621,1471296,0.180992,43759,2953076,0.363274,36201,4424372,0.544267,8129050
3,2021-04-20,101339,7175078,53327,3674402,47988,3246536,24,254140,48675,1468693,0.180672,52347,3005423,0.369714,49744,4474116,0.550386,8129050
3,2021-04-21,106664,7281742,59903,3734305,46679,3293215,82,254222,50088,1463824,0.180073,56137,3061560,0.37662,51268,4525384,0.556693,8129050
3,2021-04-22,112718,7394460,63337,3797642,49352,3342567,29,254251,48205,1448919,0.17824,64106,3125666,0.384506,49201,4574585,0.562745,8129050
3,2021-04-23,107050,7501510,61234,3858876,45783,3388350,33,254284,46681,1436688,0.176735,59974,3185640,0.391883,47743,4622328,0.568618,8129050
3,2021-04-24,74514,7576024,45981,3904857,28459,3416809,74,254358,36179,1435926,0.176641,38030,3223670,0.396562,37268,4659596,0.573203,8129050
3,2021-04-25,37220,7613244,23748,3928605,13454,3430263,18,254376,18941,1437188,0.176797,18100,3241770,0.398788,19362,4678958,0.575585,8129050
3,2021-04-26,74627,7687871,42210,3970815,31995,3462258,422,254798,31732,1428114,0.17568,42588,3284358,0.404027,33514,4712472,0.579708,8129050
3,2021-04-27,91780,7779651,48204,4019019,41813,3504071,1763,256561,36253,1411721,0.173664,55188,3339546,0.410816,38795,4751267,0.58448,8129050
3,2021-04-28,87627,7867278,49769,4068788,35699,3539770,2159,258720,35606,1398342,0.172018,51691,3391237,0.417175,38312,4789579,0.589193,8129050
3,2021-04-29,89972,7957250,51388,4120176,36339,3576109,2245,260965,31952,1375390,0.169194,57642,3448879,0.424266,34690,4824269,0.59346,8129050
3,2021-04-30,91496,8048746,51613,4171789,37390,3613499,2493,263458,33970,1355207,0.166712,57113,3505992,0.431292,36930,4861199,0.598003,8129050
3,2021-05-01,56118,8104864,35136,4206925,19487,3632986,1495,264953,20191,1341788,0.165061,35600,3541592,0.435671,22181,4883380,0.600732,8129050
3,2021-05-02,27164,8132028,18547,4225472,7592,3640578,1025,265978,9949,1335767,0.16432,17096,3558688,0.437774,11075,4894455,0.602094,8129050
3,2021-05-03,60357,8192385,35466,4260938,22503,3663081,2388,268366,17503,1313248,0.16155,42591,3601279,0.443014,20072,4914527,0.604564,8129050
3,2021-05-04,78111,8270496,45150,4306088,30263,3693344,2698,271064,22597,1283623,0.157906,55191,3656470,0.449803,25566,4940093,0.607709,8129050
3,2021-05-05,79664,8350160,47820,4353908,29112,3722456,2732,273796,21941,1251255,0.153924,57343,3713813,0.456857,24975,4965068,0.610781,8129050
3,2021-05-06,83935,8434095,53104,4407012,28282,3750738,2549,276345,20582,1212096,0.149107,62834,3776647,0.464587,23675,4988743,0.613693,8129050
3,2021-05-07,83001,8517096,51718,4458730,28627,3779365,2656,279001,21871,1176190,0.14469,60734,3837381,0.472058,24828,5013571,0.616747,8129050
3,2021-05-08,53044,8570140,32890,4491620,18423,3797788,1731,280732,14005,1153444,0.141892,38752,3876133,0.476825,16006,5029577,0.618716,8129050
3,2021-05-09,21124,8591264,15444,4507064,4886,3802674,794,281526,5486,1144260,0.140762,15534,3891667,0.478736,6350,5035927,0.619498,8129050
3,2021-05-10,48473,8639737,26086,4533150,20464,3823138,1923,283449,11186,1120564,0.137847,37061,3928728,0.483295,13365,5049292,0.621142,8129050
3,2021-05-11,64596,8704333,36250,4569400,26112,3849250,2234,285683,16180,1091308,0.134248,48141,3976869,0.489217,18885,5068177,0.623465,8129050
3,2021-05-12,65338,8769671,37549,4606949,25373,3874623,2416,288099,16637,1062283,0.130677,48398,4025267,0.495171,19373,5087550,0.625848,8129050
3,2021-05-13,75996,8845667,47896,4654845,26167,3900790,1933,290032,27684,1044487,0.128488,48040,4073307,0.50108,30244,5117794,0.629569,8129050
3,2021-05-14,80996,8926663,51120,4705965,27713,3928503,2163,292195,31315,1029215,0.12661,49352,4122659,0.507151,34080,5151874,0.633761,8129050
3,2021-05-15,62618,8989281,43151,4749116,18235,3946738,1232,293427,25859,1020015,0.125478,36528,4159187,0.511645,27328,5179202,0.637123,8129050
3,2021-05-16,33381,9022662,24970,4774086,7717,3954455,694,294121,13469,1014490,0.124798,19782,4178969,0.514078,14257,5193459,0.638876,8129050
3,2021-05-17,57358,9080020,36516,4810602,18977,3973432,1865,295986,21094,1001690,0.123224,35970,4214939,0.518503,23170,5216629,0.641727,8129050
3,2021-05-18,64946,9144966,38345,4848947,24719,3998151,1882,297868,24346,988006,0.12154,40307,4255246,0.523462,26623,5243252,0.645002,8129050
3,2021-05-19,64473,9209439,39190,4888137,23510,4021661,1773,299641,24920,975702,0.120027,39277,4294523,0.528293,26973,5270225,0.64832,8129050
3,2021-05-20,62237,9271676,36427,4924564,23944,4045605,1866,301507,22277,960536,0.118161,39652,4334175,0.533171,24486,5294711,0.651332,8129050
3,2021-05-21,66626,9338302,40499,4965063,24008,4069613,2119,303626,23767,944225,0.116154,42506,4376681,0.5384,26195,5320906,0.654554,8129050
3,2021-05-22,46088,9384390,30550,4995613,14059,4083672,1479,305105,19144,938401,0.115438,26703,4403384,0.541685,20879,5341785,0.657123,8129050
3,2021-05-23,21871,9406261,15136,5010749,6079,4089751,656,305761,9244,935883,0.115128,12531,4415915,0.543226,10013,5351798,0.658355,8129050
3,2021-05-24,39955,9446216,23395,5034144,14785,4104536,1775,307536,14741,927601,0.114109,24998,4440913,0.546302,16716,5368514,0.660411,8129050
3,2021-05-25,43173,9489389,24289,5058433,17186,4121722,1698,309234,15303,917263,0.112838,27572,4468485,0.549693,17234,5385748,0.662531,8129050
3,2021-05-26,42769,9532158,24469,5082902,16549,4138271,1751,310985,16017,908728,0.111788,26443,4494928,0.552946,17908,5403656,0.664734,8129050
3,2021-05-27,39705,9571863,22260,5105162,15684,4153955,1761,312746,15502,902230,0.110988,24012,4518940,0.5559,17514,5421170,0.666889,8129050
3,2021-05-28,43312,9615175,24492,5129654,17006,4170961,1814,314560,17983,897248,0.110376,25104,4544044,0.558988,20122,5441292,0.669364,8129050
3,2021-05-29,23655,9638830,14463,5144117,8352,4179313,840,315400,10998,896715,0.11031,12506,4556550,0.560527,11973,5453265,0.670837,8129050
3,2021-05-30,10686,9649516,6929,5151046,3121,4182434,636,316036,4483,895756,0.110192,6121,4562671,0.56128,5162,5458427,0.671472,8129050
3,2021-05-31,4712,9654228,2728,5153774,1717,4184151,267,316303,1474,894347,0.110019,3179,4565850,0.561671,1770,5460197,0.671689,8129050
3,2021-06-01,38092,9692320,21929,5175703,14704,4198855,1459,317762,13319,884819,0.108847,24498,4590348,0.564684,14970,5475167,0.673531,8129050
3,2021-06-02,31798,9724118,18316,5194019,12059,4210914,1423,319185,11752,878310,0.108046,19825,4610173,0.567123,13316,5488483,0.675169,8129050
3,2021-06-03,40044,9764162,27410,5221429,11186,4222100,1448,320633,11560,863263,0.106195,28295,4638468,0.570604,13248,5501731,0.676799,8129050
3,2021-06-04,46734,9810896,33076,5254505,12104,4234204,1554,322187,13310,845389,0.103996,33159,4671627,0.574683,15285,5517016,0.678679,8129050
3,2021-06-05,34640,9845536,26124,5280629,7324,4241528,1192,323379,8774,829910,0.102092,25643,4697270,0.577838,10164,5527180,0.679929,8129050
3,2021-06-06,14725,9860261,12289,5292918,1850,4243378,586,323965,3702,823416,0.101293,10953,4708223,0.579185,4459,5531639,0.680478,8129050
3,2021-06-07,30688,9890949,22303,5315221,7092,4250470,1293,325258,8873,812050,0.099895,21649,4729872,0.581848,10283,5541922,0.681743,8129050
3,2021-06-08,34463,9925412,24722,5339943,8439,4258909,1302,326560,9947,799232,0.098318,24295,4754167,0.584837,11477,5553399,0.683155,8129050
3,2021-06-09,33158,9958570,24054,5363997,7796,4266705,1308,327868,8897,785532,0.096633,24074,4778241,0.587798,10374,5563773,0.684431,8129050
3,2021-06-10,32666,9991236,23557,5387554,7569,4274274,1540,329408,8990,772755,0.095061,23508,4801749,0.59069,10731,5574504,0.685751,8129050
3,2021-06-11,35910,10027146,25400,5412954,9126,4283400,1384,330792,10677,759973,0.093489,25021,4826770,0.593768,12239,5586743,0.687257,8129050
3,2021-06-12,25502,10052648,19235,5432189,5367,4288767,900,331692,6747,749160,0.092158,18629,4845399,0.59606,7816,5594559,0.688218,8129050
3,2021-06-13,10230,10062878,7668,5439857,2068,4290835,494,332186,2384,744319,0.091563,7793,4853192,0.597018,2952,5597511,0.688581,8129050
3,2021-06-14,26094,10088972,18713,5458570,5930,4296765,1451,333637,8151,736263,0.090572,17802,4870994,0.599208,9746,5607257,0.68978,8129050
3,2021-06-15,29075,10118047,19680,5478250,7868,4304633,1527,335164,9763,728660,0.089637,19063,4890057,0.601553,11460,5618717,0.69119,8129050
3,2021-06-16,26215,10144262,18648,5496898,6134,4310767,1433,336597,8868,721951,0.088811,17159,4907216,0.603664,10450,5629167,0.692475,8129050
3,2021-06-17,25018,10169280,17909,5514807,5805,4316572,1304,337901,8681,715907,0.088068,16169,4923385,0.605653,10125,5639292,0.693721,8129050
3,2021-06-18,28081,10197361,19819,5534626,6689,4323261,1573,339474,9784,709371,0.087264,18061,4941446,0.607875,11525,5650817,0.695139,8129050
3,2021-06-19,16071,10213432,11808,5546434,3400,4326661,863,340337,5745,705891,0.086836,10197,4951643,0.609129,6717,5657534,0.695965,8129050
3,2021-06-20,6907,10220339,5184,5551618,1421,4328082,302,340639,2618,704633,0.086681,4231,4955874,0.60965,2973,5660507,0.696331,8129050
3,2021-06-21,16278,10236617,10274,5561892,4597,4332679,1407,342046,8091,706162,0.086869,8089,4963963,0.610645,9618,5670125,0.697514,8129050
3,2021-06-22,22148,10258765,15516,5577408,5322,4338001,1310,343356,8246,702108,0.08637,13765,4977728,0.612338,9711,5679836,0.698708,8129050
3,2021-06-23,20331,10279096,14231,5591639,4754,4342755,1346,344702,8034,699449,0.086043,12179,4989907,0.613836,9520,5689356,0.69988,8129050
3,2021-06-24,20039,10299135,13947,5605586,4632,4347387,1460,346162,7812,696789,0.085716,12042,5001949,0.615318,9382,5698738,0.701034,8129050
3,2021-06-25,23432,10322567,16626,5622212,5379,4352766,1427,347589,9131,693315,0.085289,14160,5016109,0.61706,10686,5709424,0.702348,8129050
3,2021-06-26,14058,10336625,10443,5632655,2841,4355607,774,348363,5866,692032,0.085131,8081,5024190,0.618054,6798,5716222,0.703185,8129050
3,2021-06-27,6766,10343391,5240,5637895,1219,4356826,307,348670,2890,691437,0.085058,3828,5028018,0.618525,3233,5719455,0.703582,8129050
3,2021-06-28,16146,10359537,12414,5650309,2644,4359470,1088,349758,6788,690214,0.084907,9205,5037223,0.619657,7982,5727437,0.704564,8129050
3,2021-06-29,18206,10377743,12823,5663132,4368,4363838,1015,350773,7477,688261,0.084667,10578,5047801,0.620958,8625,5736062,0.705625,8129050
3,2021-06-30,17272,10395015,12251,5675383,3970,4367808,1051,351824,7459,687284,0.084547,9634,5057435,0.622143,8657,5744719,0.70669,8129050
3,2021-07-01,16527,10411542,11775,5687158,3673,4371481,1079,352903,6977,686036,0.084393,9405,5066840,0.6233,8157,5752876,0.707694,8129050
3,2021-07-02,18666,10430208,13277,5700435,4281,4375762,1108,354011,7976,684650,0.084223,10565,5077405,0.6246,9179,5762055,0.708823,8129050
3,2021-07-03,10190,10440398,7368,5707803,2381,4378143,441,354452,4367,683817,0.08412,5743,5083148,0.625307,4910,5766965,0.709427,8129050
3,2021-07-04,733,10441131,432,5708235,214,4378357,87,354539,284,683764,0.084114,440,5083588,0.625361,387,5767352,0.709474,8129050
3,2021-07-05,9609,10450740,7024,5715259,2159,4380516,426,354965,4356,683432,0.084073,5179,5088767,0.625998,4847,5772199,0.710071,8129050
3,2021-07-06,19259,10469999,13951,5729210,4177,4384693,1131,356096,6971,679555,0.083596,12102,5100869,0.627486,8225,5780424,0.711082,8129050
3,2021-07-07,15862,10485861,11250,5740460,3485,4388178,1127,357223,6375,677817,0.083382,9347,5110216,0.628636,7609,5788033,0.712018,8129050
3,2021-07-08,15451,10501312,11170,5751630,3278,4391456,1003,358226,6232,676078,0.083168,9063,5119279,0.629751,7324,5795357,0.712919,8129050
3,2021-07-09,17758,10519070,12397,5764027,4137,4395593,1224,359450,7364,674523,0.082977,10253,5129532,0.631012,8698,5804055,0.713989,8129050
3,2021-07-10,10988,10530058,8098,5772125,2220,4397813,670,360120,4678,673728,0.082879,6232,5135764,0.631779,5437,5809492,0.714658,8129050
3,2021-07-11,5166,10535224,3827,5775952,1062,4398875,277,360397,2339,673588,0.082862,2776,5138540,0.632121,2636,5812128,0.714982,8129050
3,2021-07-12,14393,10549617,10506,5786458,2882,4401757,1005,361402,5757,671865,0.08265,8554,5147094,0.633173,6831,5818959,0.715823,8129050
3,2021-07-13,15220,10564837,10748,5797206,3555,4405312,917,362319,6688,671123,0.082559,8427,5155521,0.63421,7685,5826644,0.716768,8129050
3,2021-07-14,14506,10579343,10304,5807510,3276,4408588,926,363245,6484,670672,0.082503,7921,5163442,0.635184,7470,5834114,0.717687,8129050
3,2021-07-15,14817,10594160,10711,5818221,3263,4411851,843,364088,6793,670459,0.082477,7925,5171367,0.636159,7712,5841826,0.718636,8129050
3,2021-07-16,17836,10611996,12820,5831041,4121,4415972,895,364983,8519,670742,0.082512,9206,5180573,0.637291,9489,5851315,0.719803,8129050
3,2021-07-17,11334,10623330,8307,5839348,2490,4418462,537,365520,5397,670880,0.082529,5862,5186435,0.638012,6000,5857315,0.720541,8129050
3,2021-07-18,5771,10629101,4362,5843710,1158,4419620,251,365771,2843,671116,0.082558,2884,5189319,0.638367,3120,5860435,0.720925,8129050
3,2021-07-19,14951,10644052,10940,5854650,3128,4422748,883,366654,7328,671879,0.082652,7522,5196841,0.639293,8285,5868720,0.721944,8129050
3,2021-07-20,16672,10660724,11613,5866263,4152,4426900,907,367561,8572,673467,0.082847,7973,5204814,0.640273,9561,5878281,0.72312,8129050
3,2021-07-21,16057,10676781,11371,5877634,3815,4430715,871,368432,8085,674663,0.082994,7840,5212654,0.641238,9036,5887317,0.724232,8129050
3,2021-07-22,16462,10693243,11632,5889266,3864,4434579,966,369398,8539,676435,0.083212,7797,5220451,0.642197,9569,5896886,0.725409,8129050
3,2021-07-23,19358,10712601,13804,5903070,4540,4439119,1014,370412,10389,679110,0.083541,8818,5229269,0.643282,11493,5908379,0.726823,8129050
3,2021-07-24,11672,10724273,8415,5911485,2674,4441793,583,370995,6454,681047,0.083779,5139,5234408,0.643914,7076,5915455,0.727693,8129050
3,2021-07-25,5699,10729972,4272,5915757,1215,4443008,212,371207,4114,683889,0.084129,1535,5235943,0.644103,4377,5919832,0.728232,8129050
3,2021-07-26,15609,10745581,10872,5926629,3761,4446769,976,372183,9440,688321,0.084674,6046,5241989,0.644846,10478,5930310,0.729521,8129050
3,2021-07-27,17612,10763193,12460,5939089,4170,4450939,982,373165,10088,692079,0.085137,7385,5249374,0.645755,11143,5941453,0.730891,8129050
3,2021-07-28,17167,10780360,12294,5951383,3834,4454773,1039,374204,9919,695987,0.085617,7100,5256474,0.646628,11008,5952461,0.732246,8129050
3,2021-07-29,16975,10797335,12223,5963606,3715,4458488,1037,375241,10025,700355,0.086155,6765,5263239,0.647461,11133,5963594,0.733615,8129050
3,2021-07-30,19709,10817044,13922,5977528,4696,4463184,1091,376332,11435,704911,0.086715,8059,5271298,0.648452,12615,5976209,0.735167,8129050
3,2021-07-31,12246,10829290,8866,5986394,2722,4465906,658,376990,7131,707793,0.08707,4970,5276268,0.649063,7852,5984061,0.736133,8129050
3,2021-08-01,6517,10835807,4963,5991357,1293,4467199,261,377251,4212,710062,0.087349,2239,5278507,0.649339,4508,5988569,0.736687,8129050
3,2021-08-02,16617,10852424,12053,6003410,3633,4470832,931,378182,10332,715230,0.087984,6159,5284666,0.650096,11327,5999896,0.738081,8129050
3,2021-08-03,18495,10870919,13340,6016750,4038,4474870,1117,379299,11018,720121,0.088586,7297,5291963,0.650994,12188,6012084,0.73958,8129050
3,2021-08-04,17596,10888515,12649,6029399,3931,4478801,1016,380315,10469,724688,0.089148,6967,5298930,0.651851,11534,6023618,0.740999,8129050
3,2021-08-05,18001,10906516,13000,6042399,3840,4482641,1161,381476,10863,729808,0.089778,6973,5305903,0.652709,12093,6035711,0.742487,8129050
3,2021-08-06,21835,10928351,15812,6058211,4862,4487503,1161,382637,12912,735229,0.090445,8719,5314622,0.653781,14140,6049851,0.744226,8129050
3,2021-08-07,12831,10941182,9522,6067733,2677,4490180,632,383269,7502,738227,0.090813,5187,5319809,0.65442,8185,6058036,0.745233,8129050
3,2021-08-08,7597,10948779,5811,6073544,1544,4491724,242,383511,4680,740353,0.091075,2833,5322642,0.654768,4959,6062995,0.745843,8129050
3,2021-08-09,18399,10967178,13775,6087319,3527,4495251,1097,384608,10383,744054,0.09153,7855,5330497,0.655734,11556,6074551,0.747265,8129050
3,2021-08-10,18619,10985797,13628,6100947,3968,4499219,1023,385631,10480,747633,0.091971,7961,5338458,0.656714,11540,6086091,0.748684,8129050
3,2021-08-11,16644,11002441,12052,6112999,3550,4502769,1042,386673,9269,750825,0.092363,7174,5345632,0.657596,10366,6096457,0.749959,8129050
3,2021-08-12,18218,11020659,12854,6125853,4264,4507033,1100,387773,10008,753981,0.092751,7999,5353631,0.65858,11155,6107612,0.751332,8129050
3,2021-08-13,22700,11043359,16086,6141939,5434,4512467,1180,388953,12356,757690,0.093208,9896,5363527,0.659798,13605,6121217,0.753005,8129050
3,2021-08-14,14742,11058101,10359,6152298,3737,4516204,646,389599,7654,759881,0.093477,6163,5369690,0.660556,8354,6129571,0.754033,8129050
3,2021-08-15,8395,11066496,6088,6158386,2017,4518221,290,389889,4213,761016,0.093617,3396,5373086,0.660973,4531,6134102,0.75459,8129050
3,2021-08-16,20748,11087244,14320,6172706,5433,4523654,995,390884,9833,762968,0.093857,8964,5382050,0.662076,10916,6145018,0.755933,8129050
3,2021-08-17,21372,11108616,14521,6187227,5793,4529447,1058,391942,9800,764600,0.094058,9336,5391386,0.663225,10968,6155986,0.757282,8129050
3,2021-08-18,21202,11129818,14125,6201352,6063,4535510,1014,392956,9528,766181,0.094252,9052,5400438,0.664338,10633,6166619,0.75859,8129050
3,2021-08-19,21289,11151107,14053,6215405,6144,4541654,1092,394048,9247,767511,0.094416,9076,5409514,0.665455,10406,6177025,0.75987,8129050
3,2021-08-20,26829,11177936,18068,6233473,7608,4549262,1153,395201,11288,768166,0.094496,11892,5421406,0.666918,12547,6189572,0.761414,8129050
3,2021-08-21,15564,11193500,11226,6244699,3749,4553011,589,395790,6524,768175,0.094498,7176,5428582,0.6678,7185,6196757,0.762298,8129050
3,2021-08-22,8858,11202358,6311,6251010,2320,4555331,227,396017,3959,768628,0.094553,3782,5432364,0.668266,4235,6200992,0.762819,8129050
3,2021-08-23,22750,11225108,15903,6266913,5899,4561230,948,396965,9738,769557,0.094668,9942,5442306,0.669489,10871,6211863,0.764156,8129050
3,2021-08-24,22649,11247757,16311,6283224,5439,4566669,899,397864,9359,769710,0.094686,10239,5452545,0.670748,10392,6222255,0.765434,8129050
3,2021-08-25,21659,11269416,15443,6298667,5305,4571974,911,398775,8997,770050,0.094728,9694,5462239,0.671941,10034,6232289,0.766669,8129050
3,2021-08-26,22256,11291672,15666,6314333,5589,4577563,1001,399776,8905,770197,0.094746,9879,5472118,0.673156,10026,6242315,0.767902,8129050
3,2021-08-27,27199,11318871,19600,6333933,6572,4584135,1027,400803,10476,769013,0.094601,12896,5485014,0.674742,11712,6254027,0.769343,8129050
3,2021-08-28,15726,11334597,11530,6345463,3733,4587868,463,401266,6272,768277,0.09451,7590,5492604,0.675676,6854,6260881,0.770186,8129050
3,2021-08-29,9108,11343705,6765,6352228,2187,4590055,156,401422,3619,767776,0.094448,4352,5496956,0.676211,3851,6264732,0.77066,8129050
3,2021-08-30,21806,11365511,15337,6367565,5636,4595691,833,402255,8188,766620,0.094306,10339,5507295,0.677483,9183,6273915,0.771789,8129050
3,2021-08-31,20913,11386424,14444,6382009,5691,4601382,778,403033,7332,764896,0.094094,9984,5517279,0.678711,8260,6282175,0.772806,8129050
3,2021-09-01,20259,11406683,13933,6395942,5497,4606879,829,403862,7756,764616,0.09406,9030,5526309,0.679822,8750,6290925,0.773882,8129050
3,2021-09-02,19714,11426397,13327,6409269,5568,4612447,819,404681,6933,763464,0.093918,9033,5535342,0.680933,7881,6298806,0.774851,8129050
3,2021-09-03,24796,11451193,17474,6426743,6490,4618937,832,405513,8586,760792,0.093589,12286,5547628,0.682445,9614,6308420,0.776034,8129050
3,2021-09-04,12793,11463986,9421,6436164,2992,4621929,380,405893,4627,759291,0.093405,6594,5554222,0.683256,5093,6313513,0.776661,8129050
3,2021-09-05,7856,11471842,5811,6441975,1956,4623885,89,405982,3233,758968,0.093365,3694,5557916,0.68371,3371,6316884,0.777075,8129050
3,2021-09-06,3866,11475708,2590,6444565,1189,4625074,87,406069,1511,758681,0.09333,1901,5559817,0.683944,1614,6318498,0.777274,8129050
3,2021-09-07,10172,11485880,6767,6451332,2713,4627787,692,406761,2901,756729,0.093089,5609,5565426,0.684634,3657,6322155,0.777724,8129050
4,2020-12-15,476,476,476,476,0,0,0,0,476,476,5.9e-05,0,0,0.0,476,476,5.9e-05,8037679
4,2020-12-16,3123,3599,3123,3599,0,0,0,0,3123,3599,0.000448,0,0,0.0,3123,3599,0.000448,8037679
4,2020-12-17,9133,12732,9133,12732,0,0,0,0,9133,12732,0.001584,0,0,0.0,9133,12732,0.001584,8037679
4,2020-12-18,16452,29184,16438,29170,14,14,0,0,16451,29183,0.003631,0,0,0.0,16451,29183,0.003631,8037679
4,2020-12-19,10489,39673,10478,39648,11,25,0,0,10430,39613,0.004928,0,0,0.0,10430,39613,0.004928,8037679
4,2020-12-20,7524,47197,7508,47156,16,41,0,0,7480,47093,0.005859,0,0,0.0,7480,47093,0.005859,8037679
4,2020-12-21,16589,63786,16554,63710,35,76,0,0,16520,63611,0.007914,2,2,0.0,16520,63613,0.007914,8037679
4,2020-12-22,17385,81171,16608,80318,777,853,0,0,17342,80949,0.010071,4,6,1e-06,17342,80955,0.010072,8037679
4,2020-12-23,17339,98510,14506,94824,2833,3686,0,0,17313,98260,0.012225,2,8,1e-06,17313,98268,0.012226,8037679
4,2020-12-24,8695,107205,6015,100839,2680,6366,0,0,8693,106952,0.013306,1,9,1e-06,8693,106961,0.013307,8037679
4,2020-12-25,918,108123,812,101651,106,6472,0,0,917,107868,0.01342,1,10,1e-06,917,107878,0.013422,8037679
4,2020-12-26,6296,114419,3948,105599,2348,8820,0,0,6294,114160,0.014203,2,12,1e-06,6294,114172,0.014205,8037679
4,2020-12-27,3496,117915,2015,107614,1481,10301,0,0,3496,117656,0.014638,0,12,1e-06,3496,117668,0.01464,8037679
4,2020-12-28,15392,133307,9488,117102,5904,16205,0,0,15362,133012,0.016549,6,18,2e-06,15362,133030,0.016551,8037679
4,2020-12-29,16037,149344,8996,126098,7041,23246,0,0,16004,149015,0.01854,1,19,2e-06,16004,149034,0.018542,8037679
4,2020-12-30,19572,168916,11442,137540,8130,31376,0,0,19562,168575,0.020973,2,21,3e-06,19562,168596,0.020976,8037679
4,2020-12-31,8430,177346,3401,140941,5029,36405,0,0,8415,176980,0.022019,10,31,4e-06,8415,177011,0.022023,8037679
4,2021-01-01,1903,179249,870,141811,1033,37438,0,0,1896,178873,0.022254,3,34,4e-06,1896,178907,0.022259,8037679
4,2021-01-02,5819,185068,3282,145093,2537,39975,0,0,5817,184689,0.022978,1,35,4e-06,5817,184724,0.022982,8037679
4,2021-01-03,2180,187248,1283,146376,897,40872,0,0,2165,186850,0.023247,4,39,5e-06,2165,186889,0.023252,8037679
4,2021-01-04,13192,200440,7107,153483,6085,46957,0,0,13143,199966,0.024879,27,66,8e-06,13143,200032,0.024887,8037679
4,2021-01-05,17195,217635,10180,163663,7015,53972,0,0,14916,212649,0.026457,2251,2317,0.000288,14934,214966,0.026745,8037679
4,2021-01-06,21940,239575,13445,177108,8495,62467,0,0,15705,222183,0.027643,6189,8506,0.001058,15723,230689,0.028701,8037679
4,2021-01-07,28358,267933,17336,194444,11022,73489,0,0,16832,227580,0.028314,11463,19969,0.002484,16860,247549,0.030799,8037679
4,2021-01-08,33367,301300,21433,215877,11934,85423,0,0,18513,231336,0.028781,14787,34756,0.004324,18543,266092,0.033106,8037679
4,2021-01-09,16477,317777,9740,225617,6737,92160,0,0,9567,234017,0.029115,6900,41656,0.005183,9581,275673,0.034298,8037679
4,2021-01-10,8877,326654,5740,231357,3137,95297,0,0,4206,233579,0.029061,4652,46308,0.005761,4214,279887,0.034822,8037679
4,2021-01-11,33983,360637,22312,253669,11671,106968,0,0,19120,237927,0.029601,14824,61132,0.007606,19172,299059,0.037207,8037679
4,2021-01-12,39026,399663,22530,276199,16496,123464,0,0,24509,248045,0.03086,14442,75574,0.009402,24560,323619,0.040263,8037679
4,2021-01-13,39371,439034,19523,295722,19848,143312,0,0,27828,264413,0.032897,11483,87057,0.010831,27851,351470,0.043728,8037679
4,2021-01-14,39923,478957,15411,311133,24512,167824,0,0,32582,289774,0.036052,7255,94312,0.011734,32616,384086,0.047786,8037679
4,2021-01-15,46038,524995,16129,327262,29909,197733,0,0,40299,324441,0.040365,5658,99970,0.012438,40325,424411,0.052803,8037679
4,2021-01-16,29098,554093,9471,336733,19627,217360,0,0,25901,347197,0.043196,3163,103133,0.012831,25919,450330,0.056027,8037679
4,2021-01-17,19138,573231,6626,343359,12512,229872,0,0,17456,363007,0.045163,1659,104792,0.013038,17469,467799,0.058201,8037679
4,2021-01-18,29791,603022,13825,357184,15966,245838,0,0,23685,380718,0.047367,6012,110804,0.013786,23723,491522,0.061152,8037679
4,2021-01-19,46863,649885,23528,380712,23335,269173,0,0,36960,407912,0.05075,9841,120645,0.01501,37035,528557,0.06576,8037679
4,2021-01-20,53306,703191,28462,409174,24844,294017,0,0,42507,439789,0.054716,10695,131340,0.016341,42572,571129,0.071056,8037679
4,2021-01-21,58594,761785,26309,435483,32285,326302,0,0,51637,484593,0.06029,6886,138226,0.017197,51690,622819,0.077487,8037679
4,2021-01-22,56075,817860,22495,457978,33580,359882,0,0,50715,530084,0.06595,5258,143484,0.017851,50749,673568,0.083801,8037679
4,2021-01-23,40077,857937,17458,475436,22619,382501,0,0,35670,561390,0.069845,4399,147883,0.018399,35705,709273,0.088244,8037679
4,2021-01-24,24315,882252,10581,486017,13734,396235,0,0,22397,581905,0.072397,1905,149788,0.018636,22420,731693,0.091033,8037679
4,2021-01-25,48695,930947,22455,508472,26240,422475,0,0,37283,607874,0.075628,11371,161159,0.02005,37340,769033,0.095678,8037679
4,2021-01-26,57665,988612,29377,537849,28288,450763,0,0,45115,640559,0.079695,12498,173657,0.021605,45183,814216,0.1013,8037679
4,2021-01-27,57082,1045694,27101,564950,29981,480744,0,0,45740,675089,0.083991,11268,184925,0.023007,45798,860014,0.106998,8037679
4,2021-01-28,57801,1103495,26084,591034,31717,512461,0,0,47431,712293,0.088619,10278,195203,0.024286,47482,907496,0.112905,8037679
4,2021-01-29,57569,1161064,27504,618538,30065,542526,0,0,46893,748722,0.093152,10502,205705,0.025593,46931,954427,0.118744,8037679
4,2021-01-30,38832,1199896,17435,635973,21397,563923,0,0,33352,776686,0.096631,5424,211129,0.026267,33388,987815,0.122898,8037679
4,2021-01-31,24573,1224469,12813,648786,11760,575683,0,0,22830,797817,0.09926,1719,212848,0.026481,22850,1010665,0.125741,8037679
4,2021-02-01,50583,1275052,24351,673137,26232,601915,0,0,38628,824605,0.102592,11887,224735,0.02796,38675,1049340,0.130553,8037679
4,2021-02-02,56436,1331488,25927,699064,30509,632424,0,0,43230,854769,0.106345,13122,237857,0.029593,43286,1092626,0.135938,8037679
4,2021-02-03,62924,1394412,30826,729890,32098,664522,0,0,48159,888342,0.110522,14646,252503,0.031415,48219,1140845,0.141937,8037679
4,2021-02-04,68493,1462905,31838,761728,36655,701177,0,0,51412,922951,0.114828,16927,269430,0.033521,51536,1192381,0.148349,8037679
4,2021-02-05,74111,1537016,34262,795990,39849,741026,0,0,51346,951924,0.118433,22517,291947,0.036322,51490,1243871,0.154755,8037679
4,2021-02-06,49266,1586282,26399,822389,22867,763893,0,0,37553,978038,0.121682,11643,303590,0.037771,37757,1281628,0.159452,8037679
4,2021-02-07,26772,1613054,17688,840077,9084,772977,0,0,20166,991880,0.123404,6573,310163,0.038589,20415,1302043,0.161992,8037679
4,2021-02-08,59468,1672522,30518,870595,28950,801927,0,0,38506,1009836,0.125638,20817,330980,0.041179,38773,1340816,0.166816,8037679
4,2021-02-09,68079,1740601,34590,905185,33489,835416,0,0,39763,1021829,0.12713,28219,359199,0.044689,40212,1381028,0.171819,8037679
4,2021-02-10,78431,1819032,39238,944423,39193,874609,0,0,41075,1026355,0.127693,37111,396310,0.049307,41637,1422665,0.176999,8037679
4,2021-02-11,82527,1901559,43016,987439,39511,914120,0,0,41862,1028451,0.127954,40452,436762,0.054339,42548,1465213,0.182293,8037679
4,2021-02-12,85426,1986985,38219,1025658,47207,961327,0,0,43796,1031625,0.128349,41422,478184,0.059493,44596,1509809,0.187841,8037679
4,2021-02-13,59410,2046395,30020,1055678,29390,990717,0,0,30107,1033498,0.128582,29151,507335,0.06312,31024,1540833,0.191701,8037679
4,2021-02-14,37269,2083664,19364,1075042,17905,1008622,0,0,18970,1034916,0.128758,18234,525569,0.065388,19652,1560485,0.194146,8037679
4,2021-02-15,46855,2130519,21977,1097019,24878,1033500,0,0,23913,1037179,0.12904,22848,548417,0.068231,25111,1585596,0.19727,8037679
4,2021-02-16,81316,2211835,37314,1134333,44002,1077502,0,0,41115,1039465,0.129324,40065,588482,0.073215,42351,1627947,0.202539,8037679
4,2021-02-17,82684,2294519,39097,1173430,43587,1121089,0,0,39133,1036406,0.128943,43346,631828,0.078608,40287,1668234,0.207552,8037679
4,2021-02-18,84610,2379129,46511,1219941,38099,1159188,0,0,38844,1031184,0.128294,45548,677376,0.084275,40326,1708560,0.212569,8037679
4,2021-02-19,83914,2463043,52793,1272734,31121,1190309,0,0,41682,1031513,0.128335,42041,719417,0.089506,42370,1750930,0.21784,8037679
4,2021-02-20,50356,2513399,33501,1306235,16855,1207164,0,0,27030,1036038,0.128898,23228,742645,0.092395,27753,1778683,0.221293,8037679
4,2021-02-21,30703,2544102,24335,1330570,6368,1213532,0,0,14656,1035066,0.128777,15949,758594,0.09438,14977,1793660,0.223156,8037679
4,2021-02-22,56163,2600265,38524,1369094,17639,1231171,0,0,26939,1033451,0.128576,29038,787632,0.097992,27423,1821083,0.226568,8037679
4,2021-02-23,77866,2678131,43149,1412243,34717,1265888,0,0,34037,1025588,0.127598,43595,831227,0.103416,35732,1856815,0.231014,8037679
4,2021-02-24,92975,2771106,49121,1461364,43854,1309742,0,0,41663,1018409,0.126704,51025,882252,0.109765,43846,1900661,0.236469,8037679
4,2021-02-25,104827,2875933,54871,1516235,49956,1359698,0,0,49684,1015873,0.126389,54894,937146,0.116594,52358,1953019,0.242983,8037679
4,2021-02-26,110811,2986744,55971,1572206,54840,1414538,0,0,56233,1020221,0.12693,54248,991394,0.123343,58596,2011615,0.250273,8037679
4,2021-02-27,80875,3067619,43983,1616189,36878,1451416,14,14,42678,1026464,0.127707,37962,1029356,0.128066,44205,2055820,0.255773,8037679
4,2021-02-28,50021,3117640,30852,1647041,19162,1470578,7,21,27156,1031901,0.128383,22638,1051994,0.130883,28075,2083895,0.259266,8037679
4,2021-03-01,81872,3199512,47891,1694932,33918,1504496,63,84,45053,1041833,0.129619,36439,1088433,0.135416,46371,2130266,0.265035,8037679
4,2021-03-02,90926,3290438,52074,1747006,38840,1543336,12,96,52998,1058974,0.131751,37711,1126144,0.140108,54852,2185118,0.271859,8037679
4,2021-03-03,104817,3395255,55664,1802670,49131,1592467,22,118,58212,1072652,0.133453,46359,1172503,0.145876,60037,2245155,0.279329,8037679
4,2021-03-04,103070,3498325,57374,1860044,45677,1638144,19,137,56013,1083696,0.134827,46789,1219292,0.151697,57833,2302988,0.286524,8037679
4,2021-03-05,99326,3597651,53569,1913613,45426,1683570,331,468,58036,1103002,0.137229,41032,1260324,0.156802,60338,2363326,0.294031,8037679
4,2021-03-06,78008,3675659,43916,1957529,31437,1715007,2655,3123,47646,1124383,0.139889,30213,1290537,0.160561,51594,2414920,0.30045,8037679
4,2021-03-07,45565,3721224,27842,1985371,15470,1730477,2253,5376,26588,1135381,0.141257,18881,1309418,0.16291,29879,2444799,0.304167,8037679
4,2021-03-08,69157,3790381,36070,2021441,29660,1760137,3427,8803,45318,1161693,0.144531,23689,1333107,0.165857,50001,2494800,0.310388,8037679
4,2021-03-09,83160,3873541,41994,2063435,35848,1795985,5318,14121,44761,1174568,0.146133,38188,1371295,0.170608,51063,2545863,0.316741,8037679
4,2021-03-10,93130,3966671,47997,2111432,37541,1833526,7592,21713,46773,1183617,0.147259,46130,1417425,0.176348,55179,2601042,0.323606,8037679
4,2021-03-11,102112,4068783,53502,2164934,40038,1873564,8572,30285,47062,1185384,0.147478,54756,1472181,0.18316,56523,2657565,0.330638,8037679
4,2021-03-12,106009,4174792,52139,2217073,43420,1916984,10450,40735,45313,1181416,0.146985,60381,1532562,0.190672,56413,2713978,0.337657,8037679
4,2021-03-13,82500,4257292,38173,2255246,35751,1952735,8576,49311,38986,1186529,0.147621,43356,1575918,0.196066,48469,2762447,0.343687,8037679
4,2021-03-14,50280,4307572,28641,2283887,17976,1970711,3663,52974,23479,1187514,0.147743,26691,1602609,0.199387,27676,2790123,0.34713,8037679
4,2021-03-15,84636,4392208,45515,2329402,34788,2005499,4333,57307,42897,1194046,0.148556,41426,1644035,0.204541,47958,2838081,0.353097,8037679
4,2021-03-16,108997,4501205,56746,2386148,48803,2054302,3448,60755,57246,1203883,0.14978,51464,1695499,0.210944,61301,2899382,0.360724,8037679
4,2021-03-17,108575,4609780,58417,2444565,46616,2100918,3542,64297,63341,1226284,0.152567,44934,1740433,0.216534,67335,2966717,0.369101,8037679
4,2021-03-18,108388,4718168,60106,2504671,44529,2145447,3753,68050,61115,1244516,0.154835,46975,1787408,0.222379,65207,3031924,0.377214,8037679
4,2021-03-19,112763,4830931,64867,2569538,42636,2188083,5260,73310,63775,1265173,0.157405,48675,1836083,0.228434,69332,3101256,0.38584,8037679
4,2021-03-20,85180,4916111,49881,2619419,32239,2220322,3060,76370,51871,1287243,0.160151,33104,1869187,0.232553,55174,3156430,0.392704,8037679
4,2021-03-21,48695,4964806,35297,2654716,11141,2231463,2257,78627,28373,1298014,0.161491,20172,1889359,0.235063,30943,3187373,0.396554,8037679
4,2021-03-22,83504,5048310,54478,2709194,26266,2257729,2760,81387,51457,1321133,0.164367,31762,1921121,0.239014,54881,3242254,0.403382,8037679
4,2021-03-23,106303,5154613,63670,2772864,40444,2298173,2189,83576,62140,1342120,0.166979,43857,1964978,0.244471,64844,3307098,0.411449,8037679
4,2021-03-24,115078,5269691,74213,2847077,38394,2336567,2471,86047,63914,1358213,0.168981,50685,2015663,0.250777,66778,3373876,0.419757,8037679
4,2021-03-25,118831,5388522,73094,2920171,43259,2379826,2478,88525,66475,1375778,0.171166,51841,2067504,0.257226,69406,3443282,0.428393,8037679
4,2021-03-26,121524,5510046,73679,2993850,44756,2424582,3089,91614,65320,1388950,0.172805,55786,2123290,0.264167,68958,3512240,0.436972,8037679
4,2021-03-27,93242,5603288,54944,3048794,36466,2461048,1832,93446,46929,1392121,0.173199,46038,2169328,0.269895,49209,3561449,0.443094,8037679
4,2021-03-28,56509,5659797,37344,3086138,18277,2479325,888,94334,29677,1396420,0.173734,26630,2195958,0.273208,30929,3592378,0.446942,8037679
4,2021-03-29,95166,5754963,56963,3143101,36085,2515410,2118,96452,50783,1405776,0.174898,44084,2240042,0.278693,53440,3645818,0.453591,8037679
4,2021-03-30,118829,5873792,64861,3207962,49739,2565149,4229,100681,69705,1431241,0.178066,48833,2288875,0.284768,74298,3720116,0.462835,8037679
4,2021-03-31,122566,5996358,72332,3280294,43876,2609025,6358,107039,68183,1451944,0.180642,53987,2342862,0.291485,74690,3794806,0.472127,8037679
4,2021-04-01,144296,6140654,82171,3362465,48665,2657690,13460,120499,84489,1490358,0.185421,59232,2402094,0.298854,97646,3892452,0.484276,8037679
4,2021-04-02,138081,6278735,73787,3436252,50597,2708287,13697,134196,79240,1524738,0.189699,58500,2460594,0.306132,92880,3985332,0.495831,8037679
4,2021-04-03,102015,6380750,54516,3490768,33948,2742235,13551,147747,53132,1542663,0.191929,48651,2509245,0.312185,66576,4051908,0.504114,8037679
4,2021-04-04,47226,6427976,24944,3515712,14721,2756956,7561,155308,20524,1543936,0.192087,26569,2535814,0.315491,27842,4079750,0.507578,8037679
4,2021-04-05,110947,6538923,62235,3577947,35713,2792669,12999,168307,57374,1561304,0.194248,53307,2589121,0.322123,70675,4150425,0.516371,8037679
4,2021-04-06,140253,6679176,78912,3656859,41361,2834030,19980,188287,72546,1586717,0.19741,67435,2656556,0.330513,92848,4243273,0.527923,8037679
4,2021-04-07,139033,6818209,78794,3735653,39324,2873354,20915,209202,71779,1612460,0.200613,66963,2723519,0.338844,92706,4335979,0.539457,8037679
4,2021-04-08,141490,6959699,78816,3814469,36977,2910331,25697,234899,70490,1638151,0.203809,70648,2794167,0.347634,96339,4432318,0.551443,8037679
4,2021-04-09,139027,7098726,76164,3890633,39603,2949934,23260,258159,66309,1655974,0.206026,72420,2866587,0.356644,90243,4522561,0.56267,8037679
4,2021-04-10,104718,7203444,51624,3942257,34020,2983954,19074,277233,47250,1665851,0.207255,57227,2923814,0.363763,67104,4589665,0.571019,8037679
4,2021-04-11,63177,7266621,38357,3980614,13528,2997482,11292,288525,27642,1670286,0.207807,35401,2959215,0.368168,39836,4629501,0.575975,8037679
4,2021-04-12,103837,7370458,63045,4043659,30454,3027936,10338,298863,52211,1682693,0.209351,51277,3010492,0.374547,63684,4693185,0.583898,8037679
4,2021-04-13,131495,7501953,82482,4126141,48847,3076783,166,299029,78383,1709345,0.212666,52773,3063265,0.381113,79425,4772610,0.59378,8037679
4,2021-04-14,137055,7639008,87434,4213575,49540,3126323,81,299110,75627,1725247,0.214645,61050,3124315,0.388709,76952,4849562,0.603354,8037679
4,2021-04-15,157270,7796278,104517,4318092,52671,3178994,82,299192,95976,1761250,0.219124,60862,3185177,0.396281,96865,4946427,0.615405,8037679
4,2021-04-16,144510,7940788,91582,4409674,52843,3231837,85,299277,83599,1785117,0.222094,60549,3245726,0.403814,84416,5030843,0.625907,8037679
4,2021-04-17,102109,8042897,64141,4473815,37940,3269777,28,299305,59609,1803748,0.224412,42185,3287911,0.409062,60816,5091659,0.633474,8037679
4,2021-04-18,57526,8100423,38970,4512785,18551,3288328,5,299310,32242,1811839,0.225418,25123,3313034,0.412188,33214,5124873,0.637606,8037679
4,2021-04-19,101749,8202172,66994,4579779,34733,3323061,22,299332,51351,1813702,0.22565,50118,3363152,0.418423,51981,5176854,0.644073,8037679
4,2021-04-20,132086,8334258,78641,4658420,53420,3376481,25,299357,68225,1819562,0.226379,63489,3426641,0.426322,69349,5246203,0.652701,8037679
4,2021-04-21,135418,8469676,88376,4746796,46975,3423456,67,299424,67874,1821546,0.226626,67090,3493731,0.434669,69074,5315277,0.661295,8037679
4,2021-04-22,142493,8612169,94559,4841355,47909,3471365,25,299449,63395,1807461,0.224873,78653,3572384,0.444455,64568,5379845,0.669328,8037679
4,2021-04-23,135880,8748049,88430,4929785,47424,3518789,26,299475,58682,1790589,0.222774,76798,3649182,0.454009,59926,5439771,0.676784,8037679
4,2021-04-24,99467,8847516,67138,4996923,32275,3551064,54,299529,45628,1783854,0.221936,53512,3702694,0.460667,46777,5486548,0.682604,8037679
4,2021-04-25,50666,8898182,35730,5032653,14909,3565973,27,299556,26374,1786594,0.222277,24132,3726826,0.463669,26872,5513420,0.685947,8037679
4,2021-04-26,92720,8990902,60830,5093483,31480,3597453,410,299966,36291,1768558,0.220033,56088,3782914,0.470648,38052,5551472,0.690681,8037679
4,2021-04-27,114535,9105437,70033,5163516,42171,3639624,2331,302297,41069,1739654,0.216437,73122,3856036,0.479745,44218,5595690,0.696182,8037679
4,2021-04-28,105265,9210702,68748,5232264,33963,3673587,2554,304851,38328,1714663,0.213328,66563,3922599,0.488026,41572,5637262,0.701354,8037679
4,2021-04-29,106741,9317443,68166,5300430,36028,3709615,2547,307398,34279,1680019,0.209018,72079,3994678,0.496994,37435,5674697,0.706012,8037679
4,2021-04-30,106443,9423886,67375,5367805,36339,3745954,2729,310127,36431,1650279,0.205318,69574,4064252,0.50565,39834,5714531,0.710968,8037679
4,2021-05-01,70297,9494183,46609,5414414,21893,3767847,1795,311922,20465,1623678,0.202008,49498,4113750,0.511808,22897,5737428,0.713817,8037679
4,2021-05-02,37899,9532082,26897,5441311,9697,3777544,1305,313227,10558,1608479,0.200117,27202,4140952,0.515193,12003,5749431,0.71531,8037679
4,2021-05-03,79753,9611835,55614,5496925,21632,3799176,2507,315734,19217,1570317,0.195369,60243,4201195,0.522688,22081,5771512,0.718057,8037679
4,2021-05-04,101975,9713810,69786,5566711,29395,3828571,2794,318528,22658,1517188,0.188759,78976,4280171,0.532513,25847,5797359,0.721273,8037679
4,2021-05-05,102794,9816604,72463,5639174,27570,3856141,2761,321289,21794,1461415,0.181821,80631,4360802,0.542545,24858,5822217,0.724365,8037679
4,2021-05-06,112640,9929244,84393,5723567,25284,3881425,2963,324252,19567,1392525,0.17325,92548,4453350,0.554059,23658,5845875,0.727309,8037679
4,2021-05-07,105535,10034779,75854,5799421,26987,3908412,2694,326946,20629,1331770,0.165691,84495,4537845,0.564572,23740,5869615,0.730262,8037679
4,2021-05-08,70256,10105035,48457,5847878,19859,3928271,1940,328886,13795,1291651,0.1607,56203,4594048,0.571564,16084,5885699,0.732264,8037679
4,2021-05-09,34558,10139593,28263,5876141,5343,3933614,952,329838,7355,1272965,0.158375,27085,4621133,0.574934,8399,5894098,0.733308,8037679
4,2021-05-10,65514,10205107,43848,5919989,19322,3952936,2344,332182,11048,1232429,0.153331,54224,4675357,0.58168,13688,5907786,0.735011,8037679
4,2021-05-11,83767,10288874,52436,5972425,29125,3982061,2206,334388,15815,1183315,0.147221,67680,4743037,0.5901,18566,5926352,0.737321,8037679
4,2021-05-12,80249,10369123,53354,6025779,24411,4006472,2484,336872,16620,1139566,0.141778,63304,4806341,0.597976,19555,5945907,0.739754,8037679
4,2021-05-13,105299,10474422,77449,6103228,26298,4032770,1552,338424,40676,1118589,0.139168,64263,4870604,0.605971,43286,5989193,0.74514,8037679
4,2021-05-14,105590,10580012,74485,6177713,28963,4061733,2142,340566,40556,1097142,0.1365,64680,4935284,0.614019,43233,6032426,0.750518,8037679
4,2021-05-15,86222,10666234,66627,6244340,18254,4079987,1341,341907,37965,1088768,0.135458,47988,4983272,0.619989,39614,6072040,0.755447,8037679
4,2021-05-16,51920,10718154,41812,6286152,9388,4089375,720,342627,21263,1080404,0.134417,30490,5013762,0.623782,22126,6094166,0.7582,8037679
4,2021-05-17,71558,10789712,52276,6338428,17433,4106808,1849,344476,28200,1067564,0.13282,43130,5056892,0.629148,30290,6124456,0.761968,8037679
4,2021-05-18,82261,10871973,53494,6391922,27006,4133814,1761,346237,29346,1046517,0.130201,52531,5109423,0.635684,31484,6155940,0.765885,8037679
4,2021-05-19,77420,10949393,52342,6444264,23119,4156933,1959,348196,31070,1033807,0.12862,46020,5155443,0.641409,33310,6189250,0.77003,8037679
4,2021-05-20,69526,11018919,44704,6488968,22811,4179744,2011,350207,25728,1018409,0.126704,43486,5198929,0.64682,28088,6217338,0.773524,8037679
4,2021-05-21,74251,11093170,48937,6537905,23421,4203165,1893,352100,26122,998893,0.124276,47795,5246724,0.652766,28279,6245617,0.777042,8037679
4,2021-05-22,50248,11143418,35246,6573151,13726,4216891,1276,353376,21775,993895,0.123654,28289,5275013,0.656286,23291,6268908,0.77994,8037679
4,2021-05-23,24028,11167446,17137,6590288,6165,4223056,726,354102,9736,990307,0.123208,14161,5289174,0.658047,10573,6279481,0.781256,8037679
4,2021-05-24,43352,11210798,27554,6617842,12780,4235836,3018,357120,15144,980703,0.122013,27967,5317141,0.661527,18363,6297844,0.78354,8037679
4,2021-05-25,45290,11256088,28174,6646016,14273,4250109,2843,359963,16024,970797,0.120781,28996,5346137,0.665134,19090,6316934,0.785915,8037679
4,2021-05-26,44984,11301072,26961,6672977,15405,4265514,2618,362581,15960,960765,0.119533,28782,5374919,0.668715,18750,6335684,0.788248,8037679
4,2021-05-27,39199,11340271,23506,6696483,12543,4278057,3150,365731,14727,954554,0.11876,24253,5399172,0.671733,18042,6353726,0.790493,8037679
4,2021-05-28,43719,11383990,27811,6724294,14288,4292345,1620,367351,18982,950931,0.118309,24444,5423616,0.674774,20821,6374547,0.793083,8037679
4,2021-05-29,23847,11407837,15474,6739768,7439,4299784,934,368285,10879,950074,0.118203,12807,5436423,0.676367,11950,6386497,0.79457,8037679
4,2021-05-30,12119,11419956,8512,6748280,3077,4302861,530,368815,5011,948657,0.118026,7027,5443450,0.677242,5610,6392107,0.795268,8037679
4,2021-05-31,3655,11423611,2328,6750608,1163,4304024,164,368979,1165,947583,0.117893,2424,5445874,0.677543,1350,6393457,0.795436,8037679
4,2021-06-01,39755,11463366,24703,6775311,12591,4316615,2461,371440,13079,936918,0.116566,26420,5472294,0.68083,15755,6409212,0.797396,8037679
4,2021-06-02,32928,11496294,20558,6795869,9546,4326161,2824,374264,10983,929124,0.115596,21746,5494040,0.683536,13952,6423164,0.799132,8037679
4,2021-06-03,48586,11544880,37283,6833152,8825,4334986,2478,376742,10475,904470,0.112529,37919,5531959,0.688253,13265,6436429,0.800782,8037679
4,2021-06-04,55405,11600285,44615,6877767,9453,4344439,1337,378079,12899,877273,0.109145,42249,5574208,0.69351,15052,6451481,0.802655,8037679
4,2021-06-05,45166,11645451,38683,6916450,5484,4349923,999,379078,8802,851179,0.105899,36197,5610405,0.698013,10103,6461584,0.803912,8037679
4,2021-06-06,21306,11666757,19006,6935456,1732,4351655,568,379646,3915,838783,0.104356,17278,5627683,0.700163,4882,6466466,0.804519,8037679
4,2021-06-07,38983,11705740,31537,6966993,5503,4357158,1943,381589,8518,819220,0.101922,30316,5657999,0.703934,10753,6477219,0.805857,8037679
4,2021-06-08,40756,11746496,31969,6998962,6235,4363393,2552,384141,9449,800451,0.099587,31107,5689106,0.707805,12338,6489557,0.807392,8037679
4,2021-06-09,39101,11785597,30993,7029955,5735,4369128,2373,386514,7922,780108,0.097056,30995,5720101,0.711661,10652,6500209,0.808717,8037679
4,2021-06-10,37326,11822923,29397,7059352,5302,4374430,2627,389141,8429,762702,0.094891,28724,5748825,0.715234,11318,6511527,0.810125,8037679
4,2021-06-11,38591,11861514,30275,7089627,6296,4380726,2020,391161,9959,746584,0.092886,28449,5777274,0.718774,12331,6523858,0.811659,8037679
4,2021-06-12,26817,11888331,22314,7111941,3784,4384510,719,391880,6106,733034,0.0912,20594,5797868,0.721336,7044,6530902,0.812536,8037679
4,2021-06-13,10894,11899225,8611,7120552,1803,4386313,480,392360,2282,727363,0.090494,8542,5806410,0.722399,2871,6533773,0.812893,8037679
4,2021-06-14,28794,11928019,21542,7142094,4442,4390755,2810,395170,7850,717446,0.08926,20795,5827205,0.724986,10878,6544651,0.814246,8037679
4,2021-06-15,30229,11958248,21398,7163492,5419,4396174,3412,398582,8365,707797,0.08806,21679,5848884,0.727683,12030,6556681,0.815743,8037679
4,2021-06-16,26850,11985098,20252,7183744,3971,4400145,2627,401209,8114,700208,0.087116,18541,5867425,0.72999,10952,6567633,0.817106,8037679
4,2021-06-17,25276,12010374,18671,7202415,3704,4403849,2901,404110,7664,693553,0.086288,17411,5884836,0.732156,10756,6578389,0.818444,8037679
4,2021-06-18,26804,12037178,21124,7223539,4443,4408292,1237,405347,8227,684900,0.085211,18365,5903201,0.734441,9712,6588101,0.819652,8037679
4,2021-06-19,15799,12052977,12775,7236314,2314,4410606,710,406057,5059,680245,0.084632,10591,5913792,0.735759,5936,6594037,0.820391,8037679
4,2021-06-20,7382,12060359,6075,7242389,1001,4411607,306,406363,2619,678555,0.084422,4700,5918492,0.736343,3010,6597047,0.820765,8037679
4,2021-06-21,14628,12074987,10572,7252961,2907,4414514,1149,407512,7336,680001,0.084602,7198,5925690,0.737239,8644,6605691,0.821841,8037679
4,2021-06-22,20554,12095541,16008,7268969,3464,4417978,1082,408594,7097,675014,0.083981,13318,5939008,0.738896,8331,6614022,0.822877,8037679
4,2021-06-23,18477,12114018,14495,7283464,2980,4420958,1002,409596,6710,671232,0.083511,11621,5950629,0.740342,7839,6621861,0.823852,8037679
4,2021-06-24,17669,12131687,13667,7297131,3012,4423970,990,410586,6565,667985,0.083107,10940,5961569,0.741703,7693,6629554,0.82481,8037679
4,2021-06-25,21710,12153397,17057,7314188,3600,4427570,1053,411639,7832,663310,0.082525,13729,5975298,0.743411,9054,6638608,0.825936,8037679
4,2021-06-26,13147,12166544,10704,7324892,1825,4429395,618,412257,4840,660698,0.0822,8182,5983480,0.744429,5570,6644178,0.826629,8037679
4,2021-06-27,6902,12173446,5595,7330487,965,4430360,342,412599,2904,660040,0.082118,3958,5987438,0.744921,3300,6647478,0.827039,8037679
4,2021-06-28,15214,12188660,12769,7343256,1584,4431944,861,413460,6097,658113,0.081878,9014,5996452,0.746043,7087,6654565,0.827921,8037679
4,2021-06-29,16600,12205260,12884,7356140,2900,4434844,816,414276,6419,655417,0.081543,10052,6006504,0.747293,7356,6661921,0.828836,8037679
4,2021-06-30,14727,12219987,11486,7367626,2502,4437346,739,415015,6124,653936,0.081359,8464,6014968,0.748346,6983,6668904,0.829705,8037679
4,2021-07-01,14676,12234663,11561,7379187,2363,4439709,752,415767,6037,652359,0.081163,8503,6023471,0.749404,6926,6675830,0.830567,8037679
4,2021-07-02,17022,12251685,13490,7392677,2754,4442463,778,416545,6976,650304,0.080907,9937,6033408,0.750641,7882,6683712,0.831548,8037679
4,2021-07-03,9288,12260973,7377,7400054,1497,4443960,414,416959,4011,649594,0.080819,5193,6038601,0.751287,4483,6688195,0.832105,8037679
4,2021-07-04,449,12261422,280,7400334,108,4444068,61,417020,199,649622,0.080822,243,6038844,0.751317,271,6688466,0.832139,8037679
4,2021-07-05,9274,12270696,7540,7407874,1318,4445386,416,417436,4215,649328,0.080786,4974,6043818,0.751936,4680,6693146,0.832721,8037679
4,2021-07-06,16651,12287347,13127,7421001,2714,4448100,810,418246,6140,646013,0.080373,10374,6054192,0.753226,7059,6700205,0.833599,8037679
4,2021-07-07,13826,12301173,10788,7431789,2254,4450354,784,419030,5203,643616,0.080075,8505,6062697,0.754285,6108,6706313,0.834359,8037679
4,2021-07-08,13321,12314494,10397,7442186,2084,4452438,840,419870,5233,641821,0.079852,7958,6070655,0.755275,6163,6712476,0.835126,8037679
4,2021-07-09,15553,12330047,11919,7454105,2694,4455132,940,420810,6322,640126,0.079641,9075,6079730,0.756404,7380,6719856,0.836044,8037679
4,2021-07-10,8929,12338976,7068,7461173,1457,4456589,404,421214,3772,639291,0.079537,5070,6084800,0.757034,4235,6724091,0.836571,8037679
4,2021-07-11,4996,12343972,3998,7465171,798,4457387,200,421414,2240,639049,0.079507,2712,6087512,0.757372,2470,6726561,0.836879,8037679
4,2021-07-12,13119,12357091,10389,7475560,2001,4459388,729,422143,5095,637033,0.079256,7941,6095453,0.75836,5925,6732486,0.837616,8037679
4,2021-07-13,12900,12369991,9875,7485435,2386,4461774,639,422782,5494,635962,0.079123,7300,6102753,0.759268,6229,6738715,0.838391,8037679
4,2021-07-14,11811,12381802,9287,7494722,1965,4463739,559,423341,5115,635103,0.079016,6601,6109354,0.760089,5742,6744457,0.839105,8037679
4,2021-07-15,12498,12394300,9924,7504646,1981,4465720,593,423934,5689,634781,0.078976,6680,6116034,0.76092,6358,6750815,0.839896,8037679
4,2021-07-16,15077,12409377,11758,7516404,2649,4468369,670,424604,6954,634496,0.07894,8017,6124051,0.761918,7732,6758547,0.840858,8037679
4,2021-07-17,9403,12418780,7437,7523841,1640,4470009,326,424930,4447,634457,0.078935,4857,6128908,0.762522,4818,6763365,0.841457,8037679
4,2021-07-18,5388,12424168,4339,7528180,849,4470858,200,425130,2546,634440,0.078933,2784,6131692,0.762868,2767,6766132,0.841802,8037679
4,2021-07-19,12873,12437041,10200,7538380,2014,4472872,659,425789,6117,634633,0.078957,6660,6138352,0.763697,6853,6772985,0.842654,8037679
4,2021-07-20,13929,12450970,10732,7549112,2528,4475400,669,426458,6887,635378,0.07905,6893,6145245,0.764555,7638,6780623,0.843605,8037679
4,2021-07-21,12913,12463883,10013,7559125,2245,4477645,655,427113,6434,636182,0.07915,6339,6151584,0.765343,7143,6787766,0.844493,8037679
4,2021-07-22,13608,12477491,10621,7569746,2321,4479966,666,427779,7077,637600,0.079326,6388,6157972,0.766138,7806,6795572,0.845464,8037679
4,2021-07-23,15849,12493340,12216,7581962,2927,4482893,706,428485,8293,639303,0.079538,7382,6165354,0.767057,9085,6804657,0.846595,8037679
4,2021-07-24,9659,12502999,7559,7589521,1767,4484660,333,428818,4968,640102,0.079638,4552,6169906,0.767623,5351,6810008,0.847261,8037679
4,2021-07-25,4813,12507812,3782,7593303,871,4485531,160,428978,3390,642303,0.079912,1364,6171270,0.767793,3565,6813573,0.847704,8037679
4,2021-07-26,13096,12520908,10254,7603557,2154,4487685,688,429666,7613,645334,0.080289,5323,6176593,0.768455,8354,6821927,0.848743,8037679
4,2021-07-27,14494,12535402,11112,7614669,2616,4490301,766,430432,7829,647469,0.080554,6500,6183093,0.769263,8635,6830562,0.849818,8037679
4,2021-07-28,13315,12548717,10150,7624819,2461,4492762,704,431136,7388,649871,0.080853,5746,6188839,0.769978,8148,6838710,0.850831,8037679
4,2021-07-29,13613,12562330,10575,7635394,2315,4495077,723,431859,7640,652574,0.081189,5738,6194577,0.770692,8441,6847151,0.851882,8037679
4,2021-07-30,15899,12578229,12154,7647548,2935,4498012,810,432669,8625,655217,0.081518,6895,6201472,0.77155,9538,6856689,0.853068,8037679
4,2021-07-31,9765,12587994,7616,7655164,1722,4499734,427,433096,5507,657136,0.081757,4056,6205528,0.772055,5975,6862664,0.853812,8037679
4,2021-08-01,5455,12593449,4498,7659662,787,4500521,170,433266,3219,658440,0.081919,2119,6207647,0.772318,3423,6866087,0.854238,8037679
4,2021-08-02,14124,12607573,11271,7670933,2106,4502627,747,434013,8243,661823,0.08234,5672,6213319,0.773024,9055,6875142,0.855364,8037679
4,2021-08-03,14726,12622299,11309,7682242,2651,4505278,766,434779,8465,665091,0.082747,6038,6219357,0.773775,9306,6884448,0.856522,8037679
4,2021-08-04,13402,12635701,10438,7692680,2267,4507545,697,435476,7567,667776,0.083081,5620,6224977,0.774474,8305,6892753,0.857555,8037679
4,2021-08-05,14367,12650068,11339,7704019,2260,4509805,768,436244,8066,670613,0.083434,6048,6231025,0.775227,8885,6901638,0.858661,8037679
4,2021-08-06,17290,12667358,13262,7717281,3152,4512957,876,437120,9616,673831,0.083834,7340,6238365,0.77614,10558,6912196,0.859974,8037679
4,2021-08-07,10213,12677571,8122,7725403,1648,4514605,443,437563,5568,675418,0.084031,4465,6242830,0.776696,6052,6918248,0.860727,8037679
4,2021-08-08,6250,12683821,4974,7730377,1072,4515677,204,437767,3597,676733,0.084195,2515,6245345,0.777009,3830,6922078,0.861204,8037679
4,2021-08-09,14725,12698546,11926,7742303,2050,4517727,749,438516,7887,678843,0.084458,6601,6251946,0.77783,8711,6930789,0.862287,8037679
4,2021-08-10,14883,12713429,11451,7753754,2662,4520389,770,439286,7849,680746,0.084694,6783,6258729,0.778674,8686,6939475,0.863368,8037679
4,2021-08-11,12691,12726120,9729,7763483,2186,4522575,776,440062,6621,682366,0.084896,5807,6264536,0.779396,7427,6946902,0.864292,8037679
4,2021-08-12,14217,12740337,10821,7774304,2631,4525206,765,440827,7309,683941,0.085092,6544,6271080,0.78021,8119,6955021,0.865302,8037679
4,2021-08-13,17900,12758237,13252,7787556,3739,4528945,909,441736,8815,685334,0.085265,8404,6279484,0.781256,9797,6964818,0.866521,8037679
4,2021-08-14,12280,12770517,8757,7796313,3001,4531946,522,442258,5571,686483,0.085408,5005,6284489,0.781879,6154,6970972,0.867287,8037679
4,2021-08-15,7513,12778030,5498,7801811,1791,4533737,224,442482,3327,687160,0.085492,2919,6287408,0.782242,3596,6974568,0.867734,8037679
4,2021-08-16,18189,12796219,12596,7814407,4713,4538450,880,443362,7509,688120,0.085612,7507,6294915,0.783176,8467,6983035,0.868787,8037679
4,2021-08-17,18503,12814722,12576,7826983,5065,4543515,862,444224,7325,688870,0.085705,7517,6302432,0.784111,8267,6991302,0.869816,8037679
4,2021-08-18,18090,12832812,12173,7839156,5123,4548638,794,445018,6866,689594,0.085795,7016,6309448,0.784984,7740,6999042,0.870779,8037679
4,2021-08-19,18485,12851297,12311,7851467,5380,4554018,794,445812,6820,690407,0.085896,6882,6316330,0.78584,7695,7006737,0.871736,8037679
4,2021-08-20,23329,12874626,15748,7867215,6731,4560749,850,446662,8301,690468,0.085904,9205,6325535,0.786985,9266,7016003,0.872889,8037679
4,2021-08-21,14693,12889319,10259,7877474,4030,4564779,404,447066,4948,690083,0.085856,5802,6331337,0.787707,5417,7021420,0.873563,8037679
4,2021-08-22,8686,12898005,6146,7883620,2379,4567158,161,447227,3415,690518,0.08591,3190,6334527,0.788104,3625,7025045,0.874014,8037679
4,2021-08-23,20424,12918429,14371,7897991,5346,4572504,707,447934,7424,690847,0.085951,7994,6342521,0.789099,8323,7033368,0.87505,8037679
4,2021-08-24,19806,12938235,13999,7911990,5134,4577638,673,448607,6968,690781,0.085943,7862,6350383,0.790077,7796,7041164,0.87602,8037679
4,2021-08-25,18218,12956453,12849,7924839,4740,4582378,629,449236,6549,691139,0.085987,6987,6357370,0.790946,7345,7048509,0.876933,8037679
4,2021-08-26,18750,12975203,13213,7938052,4909,4587287,628,449864,6418,690924,0.085961,7390,6364760,0.791865,7175,7055684,0.877826,8037679
4,2021-08-27,23069,12998272,16469,7954521,5927,4593214,673,450537,7665,689768,0.085817,9702,6374462,0.793072,8546,7064230,0.878889,8037679
4,2021-08-28,14243,13012515,10180,7964701,3702,4596916,361,450898,4765,689088,0.085732,5920,6380382,0.793809,5240,7069470,0.879541,8037679
4,2021-08-29,8414,13020929,6005,7970706,2303,4599219,106,451004,2919,688719,0.085686,3468,6383850,0.79424,3099,7072569,0.879927,8037679
4,2021-08-30,18914,13039843,13215,7983921,5067,4604286,632,451636,6071,687809,0.085573,7772,6391622,0.795207,6862,7079431,0.880781,8037679
4,2021-08-31,18959,13058802,12939,7996860,5473,4609759,547,452183,5622,686580,0.08542,7534,6399156,0.796145,6305,7085736,0.881565,8037679
4,2021-09-01,17161,13075963,11799,8008659,4858,4614617,504,452687,5548,686466,0.085406,6291,6405447,0.796927,6177,7091913,0.882333,8037679
4,2021-09-02,17193,13093156,11775,8020434,4911,4619528,507,453194,5265,685925,0.085339,6425,6411872,0.797727,5884,7097797,0.883065,8037679
4,2021-09-03,21097,13114253,14634,8035068,5826,4625354,637,453831,6399,684157,0.085119,9019,6420891,0.798849,7251,7105048,0.883968,8037679
4,2021-09-04,11532,13125785,8336,8043404,2915,4628269,281,454112,3620,682944,0.084968,5210,6426101,0.799497,3997,7109045,0.884465,8037679
4,2021-09-05,7494,13133279,5360,8048764,2040,4630309,94,454206,2651,682756,0.084944,3005,6429106,0.799871,2817,7111862,0.884815,8037679
4,2021-09-06,2603,13135882,1686,8050450,869,4631178,48,454254,962,682695,0.084937,1081,6430187,0.800005,1020,7112882,0.884942,8037679
4,2021-09-07,8649,13144531,5781,8056231,2448,4633626,420,454674,2057,681188,0.084749,4019,6434206,0.800505,2512,7115394,0.885255,8037679
