vemquartile,administered_date,total_doses,cumulative_total_doses,pfizer_doses,cumulative_pfizer_doses,moderna_doses,cumulative_moderna_doses,jj_doses,cumulative_jj_doses,partially_vaccinated,total_partially_vaccinated,pct_age12pop_partially_vaccinated,fully_vaccinated,cumulative_fully_vaccinated,pct_age12pop_fully_vaccinated,at_least_one_dose,cumulative_at_least_one_dose,pct_age12pop_at_least_one_dose,age12_population
1,2020-12-15,150,150,150,150,0,0,0,0,150,150,1.7e-05,0,0,0.0,150,150,1.7e-05,8700223
1,2020-12-16,1181,1331,1181,1331,0,0,0,0,1181,1331,0.000153,0,0,0.0,1181,1331,0.000153,8700223
1,2020-12-17,4160,5491,4160,5491,0,0,0,0,4161,5492,0.000631,0,0,0.0,4161,5492,0.000631,8700223
1,2020-12-18,6329,11820,6309,11800,20,20,0,0,6331,11822,0.001359,1,1,0.0,6331,11823,0.001359,8700223
1,2020-12-19,2873,14693,2872,14672,1,21,0,0,2872,14693,0.001689,1,2,0.0,2872,14695,0.001689,8700223
1,2020-12-20,2130,16823,2123,16795,7,28,0,0,2131,16824,0.001934,0,2,0.0,2131,16826,0.001934,8700223
1,2020-12-21,7640,24463,7626,24421,14,42,0,0,7689,24513,0.002818,1,3,0.0,7690,24516,0.002818,8700223
1,2020-12-22,7280,31743,6936,31357,344,386,0,0,7282,31793,0.003654,2,5,1e-06,7282,31798,0.003655,8700223
1,2020-12-23,7836,39579,6581,37938,1255,1641,0,0,7830,39622,0.004554,2,7,1e-06,7831,39629,0.004555,8700223
1,2020-12-24,3300,42879,2365,40303,935,2576,0,0,3302,42924,0.004934,0,7,1e-06,3302,42931,0.004934,8700223
1,2020-12-25,236,43115,152,40455,84,2660,0,0,236,43160,0.004961,0,7,1e-06,236,43167,0.004962,8700223
1,2020-12-26,1359,44474,967,41422,392,3052,0,0,1358,44517,0.005117,1,8,1e-06,1358,44525,0.005118,8700223
1,2020-12-27,870,45344,534,41956,336,3388,0,0,870,45386,0.005217,1,9,1e-06,870,45395,0.005218,8700223
1,2020-12-28,7092,52436,4766,46722,2326,5714,0,0,7090,52476,0.006032,0,9,1e-06,7090,52485,0.006033,8700223
1,2020-12-29,8875,61311,4982,51704,3893,9607,0,0,8872,61346,0.007051,2,11,1e-06,8872,61357,0.007052,8700223
1,2020-12-30,11584,72895,6447,58151,5137,14744,0,0,11583,72929,0.008382,0,11,1e-06,11583,72940,0.008384,8700223
1,2020-12-31,5948,78843,1958,60109,3990,18734,0,0,5946,78873,0.009066,3,14,2e-06,5947,78887,0.009067,8700223
1,2021-01-01,569,79412,197,60306,372,19106,0,0,568,79440,0.009131,1,15,2e-06,568,79455,0.009133,8700223
1,2021-01-02,2905,82317,1760,62066,1145,20251,0,0,2907,82347,0.009465,0,15,2e-06,2907,82362,0.009467,8700223
1,2021-01-03,1020,83337,546,62612,474,20725,0,0,1018,83363,0.009582,2,17,2e-06,1018,83380,0.009584,8700223
1,2021-01-04,7340,90677,3578,66190,3762,24487,0,0,7344,90706,0.010426,1,18,2e-06,7344,90724,0.010428,8700223
1,2021-01-05,10797,101474,5201,71391,5596,30083,0,0,10042,100030,0.011497,740,758,8.7e-05,10064,100788,0.011585,8700223
1,2021-01-06,14011,115485,7038,78429,6973,37056,0,0,12116,110296,0.012677,1859,2617,0.000301,12125,112913,0.012978,8700223
1,2021-01-07,17469,132954,9112,87541,8357,45413,0,0,12986,118908,0.013667,4385,7002,0.000805,12997,125910,0.014472,8700223
1,2021-01-08,20122,153076,10423,97964,9699,55112,0,0,14220,127250,0.014626,5884,12886,0.001481,14226,140136,0.016107,8700223
1,2021-01-09,6686,159762,3369,101333,3317,58429,0,0,4836,130255,0.014971,1835,14721,0.001692,4840,144976,0.016663,8700223
1,2021-01-10,3075,162837,1753,103086,1322,59751,0,0,1882,130959,0.015052,1179,15900,0.001828,1883,146859,0.01688,8700223
1,2021-01-11,18056,180893,11829,114915,6227,65978,0,0,11512,135993,0.015631,6517,22417,0.002577,11551,158410,0.018208,8700223
1,2021-01-12,19093,199986,10904,125819,8189,74167,0,0,13118,143213,0.016461,5933,28350,0.003259,13153,171563,0.019719,8700223
1,2021-01-13,19876,219862,10779,136598,9097,83264,0,0,14721,152823,0.017565,5130,33480,0.003848,14740,186303,0.021414,8700223
1,2021-01-14,22070,241932,9550,146148,12520,95784,0,0,19312,169488,0.019481,2699,36179,0.004158,19364,205667,0.023639,8700223
1,2021-01-15,25163,267095,9233,155381,15930,111714,0,0,23217,190864,0.021938,1897,38076,0.004376,23273,228940,0.026314,8700223
1,2021-01-16,13883,280978,4555,159936,9328,121042,0,0,13017,203022,0.023335,863,38939,0.004476,13021,241961,0.027811,8700223
1,2021-01-17,5192,286170,2000,161936,3192,124234,0,0,4822,207483,0.023848,365,39304,0.004518,4826,246787,0.028366,8700223
1,2021-01-18,14297,300467,8586,170522,5711,129945,0,0,11116,215482,0.024767,3169,42473,0.004882,11168,257955,0.029649,8700223
1,2021-01-19,24666,325133,12828,183350,11838,141783,0,0,19517,229920,0.026427,5133,47606,0.005472,19571,277526,0.031899,8700223
1,2021-01-20,29440,354573,14747,198097,14693,156476,0,0,23527,247647,0.028464,5837,53443,0.006143,23564,301090,0.034607,8700223
1,2021-01-21,31208,385781,14569,212666,16639,173115,0,0,27943,272483,0.031319,3197,56640,0.00651,28033,329123,0.037829,8700223
1,2021-01-22,28313,414094,11216,223882,17097,190212,0,0,26302,296853,0.03412,1961,58601,0.006736,26331,355454,0.040856,8700223
1,2021-01-23,18738,432832,8195,232077,10543,200755,0,0,16805,311751,0.035833,1917,60518,0.006956,16815,372269,0.042788,8700223
1,2021-01-24,6666,439498,4156,236233,2510,203265,0,0,6008,317111,0.036449,653,61171,0.007031,6013,378282,0.04348,8700223
1,2021-01-25,25319,464817,10452,246685,14867,218132,0,0,19593,331104,0.038057,5700,66871,0.007686,19693,397975,0.045743,8700223
1,2021-01-26,28577,493394,13333,260018,15244,233376,0,0,21954,346512,0.039828,6571,73442,0.008441,21979,419954,0.048269,8700223
1,2021-01-27,32410,525804,15394,275412,17016,250392,0,0,24336,362872,0.041708,8003,81445,0.009361,24363,444317,0.05107,8700223
1,2021-01-28,34735,560539,16254,291666,18481,268873,0,0,27844,383961,0.044132,6822,88267,0.010145,27911,472228,0.054278,8700223
1,2021-01-29,33431,593970,16319,307985,17112,285985,0,0,26912,404535,0.046497,6375,94642,0.010878,26949,499177,0.057375,8700223
1,2021-01-30,20098,614068,8677,316662,11421,297406,0,0,18010,420491,0.048331,2062,96704,0.011115,18018,517195,0.059446,8700223
1,2021-01-31,7537,621605,4870,321532,2667,300073,0,0,6836,426629,0.049037,700,97404,0.011196,6838,524033,0.060232,8700223
1,2021-02-01,28723,650328,12353,333885,16370,316443,0,0,20985,439933,0.050566,7687,105091,0.012079,20991,545024,0.062645,8700223
1,2021-02-02,32354,682682,11603,345488,20751,337194,0,0,24242,456178,0.052433,8035,113126,0.013003,24280,569304,0.065436,8700223
1,2021-02-03,39507,722189,15169,360657,24338,361532,0,0,28537,473939,0.054474,10813,123939,0.014245,28574,597878,0.06872,8700223
1,2021-02-04,44016,766205,17195,377852,26821,388353,0,0,31888,493870,0.056765,12006,135945,0.015625,31937,629815,0.072391,8700223
1,2021-02-05,46855,813060,17355,395207,29500,417853,0,0,30738,508682,0.058468,15982,151927,0.017462,30794,660609,0.07593,8700223
1,2021-02-06,26478,839538,10489,405696,15989,433842,0,0,20587,523432,0.060163,5855,157782,0.018135,20605,681214,0.078298,8700223
1,2021-02-07,6225,845763,3991,409687,2234,436076,0,0,4627,526498,0.060515,1579,159361,0.018317,4645,685859,0.078832,8700223
1,2021-02-08,31276,877039,14157,423844,17119,453195,0,0,20833,537053,0.061729,10372,169733,0.019509,20927,706786,0.081238,8700223
1,2021-02-09,38302,915341,16784,440628,21518,474713,0,0,23617,546021,0.062759,14725,184458,0.021202,23693,730479,0.083961,8700223
1,2021-02-10,46987,962328,22002,462630,24985,499698,0,0,26675,552562,0.063511,20215,204673,0.023525,26756,757235,0.087036,8700223
1,2021-02-11,51552,1013880,25198,487828,26354,526052,0,0,30834,563099,0.064722,20407,225080,0.025871,30944,788179,0.090593,8700223
1,2021-02-12,49827,1063707,21414,509242,28413,554465,0,0,28650,570833,0.065611,21060,246140,0.028291,28794,816973,0.093903,8700223
1,2021-02-13,26242,1089949,11481,520723,14761,569226,0,0,15182,575098,0.066102,10993,257133,0.029555,15258,832231,0.095656,8700223
1,2021-02-14,11703,1101652,5529,526252,6174,575400,0,0,6661,576812,0.066299,5013,262146,0.030131,6727,838958,0.096429,8700223
1,2021-02-15,23718,1125370,9343,535595,14375,589775,0,0,14449,582220,0.06692,9161,271307,0.031184,14569,853527,0.098104,8700223
1,2021-02-16,46713,1172083,22249,557844,24464,614239,0,0,27475,590647,0.067889,19167,290474,0.033387,27594,881121,0.101276,8700223
1,2021-02-17,47996,1220079,24229,582073,23767,638006,0,0,25985,594907,0.068378,21881,312355,0.035902,26141,907262,0.10428,8700223
1,2021-02-18,50783,1270862,25177,607250,25606,663612,0,0,26411,597392,0.068664,24156,336511,0.038678,26641,933903,0.107342,8700223
1,2021-02-19,45849,1316711,24719,631969,21130,684742,0,0,25883,603482,0.069364,19863,356374,0.040961,25953,959856,0.110325,8700223
1,2021-02-20,27050,1343761,16480,648449,10570,695312,0,0,15573,607707,0.06985,11433,367807,0.042276,15658,975514,0.112125,8700223
1,2021-02-21,11474,1355235,10220,658669,1254,696566,0,0,6851,610035,0.070117,4577,372384,0.042802,6905,982419,0.112919,8700223
1,2021-02-22,30123,1385358,19716,678385,10407,706973,0,0,17714,615498,0.070745,12353,384737,0.044222,17816,1000235,0.114967,8700223
1,2021-02-23,43368,1428726,21145,699530,22223,729196,0,0,24281,621206,0.071401,18943,403680,0.046399,24651,1024886,0.1178,8700223
1,2021-02-24,53099,1481825,25712,725242,27387,756583,0,0,29762,628194,0.072204,23229,426909,0.049069,30217,1055103,0.121273,8700223
1,2021-02-25,65291,1547116,31700,756942,33591,790174,0,0,40909,645344,0.074176,24275,451184,0.051859,41425,1096528,0.126034,8700223
1,2021-02-26,73361,1620477,34422,791364,38939,829113,0,0,48370,669374,0.076938,24829,476013,0.054713,48859,1145387,0.13165,8700223
1,2021-02-27,50135,1670612,23177,814541,26950,856063,8,8,33375,686388,0.078893,16640,492653,0.056625,33654,1179041,0.135518,8700223
1,2021-02-28,19387,1689999,11496,826037,7889,863952,2,10,14317,695840,0.07998,5008,497661,0.057201,14460,1193501,0.137181,8700223
1,2021-03-01,44369,1734368,20355,846392,23975,887927,39,49,28678,709268,0.081523,15553,513214,0.058989,28981,1222482,0.140512,8700223
1,2021-03-02,62098,1796466,26991,873383,35099,923026,8,57,40107,728149,0.083693,21861,535075,0.061501,40742,1263224,0.145194,8700223
1,2021-03-03,69840,1866306,33298,906681,36520,959546,22,79,42709,744489,0.085571,26992,562067,0.064604,43332,1306556,0.150175,8700223
1,2021-03-04,78065,1944371,36679,943360,41351,1000897,35,114,50422,767983,0.088272,27482,589549,0.067763,50976,1357532,0.156034,8700223
1,2021-03-05,77070,2021441,34855,978215,42009,1042906,206,320,51699,795368,0.091419,25156,614705,0.070654,52541,1410073,0.162073,8700223
1,2021-03-06,57249,2078690,27361,1005576,28548,1071454,1340,1660,38988,817872,0.094006,18196,632901,0.072745,40700,1450773,0.166751,8700223
1,2021-03-07,20152,2098842,12852,1018428,6489,1077943,811,2471,15157,829129,0.0953,4975,637876,0.073317,16232,1467005,0.168617,8700223
1,2021-03-08,45583,2144425,22414,1040842,21298,1099241,1871,4342,32047,849952,0.097693,13451,651327,0.074863,34274,1501279,0.172556,8700223
1,2021-03-09,66294,2210719,32039,1072881,31779,1131020,2476,6818,40888,868379,0.099811,25293,676620,0.07777,43720,1544999,0.177582,8700223
1,2021-03-10,72984,2283703,36447,1109328,32152,1163172,4385,11203,45177,890662,0.102372,27667,704287,0.08095,49950,1594949,0.183323,8700223
1,2021-03-11,89617,2373320,41111,1150439,40578,1203750,7928,19131,52493,914665,0.105131,36887,741174,0.08519,60890,1655839,0.190321,8700223
1,2021-03-12,98403,2471723,43312,1193751,42730,1246480,12361,31492,57614,944532,0.108564,40601,781775,0.089857,70468,1726307,0.198421,8700223
1,2021-03-13,65136,2536859,29443,1223194,27929,1274409,7764,39256,41516,970644,0.111565,23508,805283,0.092559,49620,1775927,0.204124,8700223
1,2021-03-14,27604,2564463,14895,1238089,9138,1283547,3571,42827,15654,978172,0.112431,11895,817178,0.093926,19423,1795350,0.206357,8700223
1,2021-03-15,64980,2629443,28575,1266664,29708,1313255,6697,49524,38478,997393,0.11464,26319,843497,0.096951,45540,1840890,0.211591,8700223
1,2021-03-16,85456,2714899,38865,1305529,40980,1354235,5611,55135,53317,1024738,0.117783,31950,875447,0.100624,59295,1900185,0.218406,8700223
1,2021-03-17,92398,2807297,44909,1350438,40964,1395199,6525,61660,59671,1058762,0.121694,32552,907999,0.104365,66576,1966761,0.226059,8700223
1,2021-03-18,98465,2905762,50753,1401191,41985,1437184,5727,67387,60239,1087322,0.124976,37904,945903,0.108722,66464,2033225,0.233698,8700223
1,2021-03-19,103163,3008925,53485,1454676,43524,1480708,6154,73541,61102,1113294,0.127962,41804,987707,0.113527,67776,2101001,0.241488,8700223
1,2021-03-20,72160,3081085,37148,1491824,29763,1510471,5249,78790,46559,1139965,0.131027,25425,1013132,0.116449,52096,2153097,0.247476,8700223
1,2021-03-21,27091,3108176,18946,1510770,6331,1516802,1814,80604,17440,1149747,0.132151,9571,1022703,0.117549,19353,2172450,0.2497,8700223
1,2021-03-22,59207,3167383,30511,1541281,25422,1542224,3274,83878,40282,1174952,0.135048,18730,1041433,0.119702,43935,2216385,0.25475,8700223
1,2021-03-23,82872,3250255,42145,1583426,37111,1579335,3616,87494,51444,1199299,0.137847,31217,1072650,0.12329,55564,2271949,0.261137,8700223
1,2021-03-24,87547,3337802,44223,1627649,38966,1618301,4358,91852,52890,1222312,0.140492,34417,1107067,0.127246,57430,2329379,0.267738,8700223
1,2021-03-25,96305,3434107,49093,1676742,41389,1659690,5823,97675,54067,1240474,0.14258,41948,1149015,0.132067,60110,2389489,0.274647,8700223
1,2021-03-26,104049,3538156,50716,1727458,47036,1706726,6297,103972,56497,1256337,0.144403,47248,1196263,0.137498,63111,2452600,0.281901,8700223
1,2021-03-27,73834,3611990,38157,1765615,31497,1738223,4180,108152,38261,1263630,0.145241,35360,1231623,0.141562,42653,2495253,0.286803,8700223
1,2021-03-28,32520,3644510,21307,1786922,10007,1748230,1206,109358,16491,1265833,0.145494,15930,1247553,0.143393,18133,2513386,0.288888,8700223
1,2021-03-29,66675,3711185,33152,1820074,30438,1778668,3085,112443,37144,1276915,0.146768,29359,1276912,0.146768,40441,2553827,0.293536,8700223
1,2021-03-30,91531,3802716,45118,1865192,40104,1818772,6309,118752,47340,1286646,0.147887,44026,1320938,0.151828,53757,2607584,0.299715,8700223
1,2021-03-31,100170,3902886,52439,1917631,41789,1860561,5942,124694,55268,1303319,0.149803,44628,1365566,0.156958,61301,2668885,0.306761,8700223
1,2021-04-01,111222,4014108,53383,1971014,49373,1909934,8466,133160,57036,1315096,0.151157,53808,1419374,0.163142,65585,2734470,0.314299,8700223
1,2021-04-02,110664,4124772,50735,2021749,50332,1960266,9597,142757,56425,1327512,0.152584,53851,1473225,0.169332,66267,2800737,0.321916,8700223
1,2021-04-03,77904,4202676,39198,2060947,29089,1989355,9617,152374,36488,1332463,0.153153,41248,1514473,0.174073,46199,2846936,0.327226,8700223
1,2021-04-04,23696,4226372,11807,2072754,8429,1997784,3460,155834,9938,1332153,0.153117,13700,1528173,0.175648,13390,2860326,0.328765,8700223
1,2021-04-05,75956,4302328,36565,2109319,30216,2028000,9175,165009,34472,1334704,0.15341,41298,1569471,0.180394,43849,2904175,0.333805,8700223
1,2021-04-06,103247,4405575,48987,2158306,37731,2065731,16529,181538,46821,1341956,0.154244,56170,1625641,0.18685,63422,2967597,0.341094,8700223
1,2021-04-07,111172,4516747,54021,2212327,39700,2105431,17451,198989,50366,1349298,0.155088,60544,1686185,0.193809,67886,3035483,0.348897,8700223
1,2021-04-08,121825,4638572,57749,2270076,43232,2148663,20844,219833,53930,1356632,0.155931,67531,1753716,0.201571,74865,3110348,0.357502,8700223
1,2021-04-09,122817,4761389,56224,2326300,46026,2194689,20567,240400,54145,1363119,0.156676,68326,1822042,0.209425,74813,3185161,0.366101,8700223
1,2021-04-10,95359,4856748,42408,2368708,30318,2225007,22633,263033,37230,1365047,0.156898,57938,1879980,0.216084,59866,3245027,0.372982,8700223
1,2021-04-11,36245,4892993,20274,2388982,9337,2234344,6634,269667,14833,1365277,0.156924,21355,1901335,0.218539,21585,3266612,0.375463,8700223
1,2021-04-12,74110,4967103,33174,2422156,30975,2265319,9961,279628,31405,1364386,0.156822,42429,1943764,0.223415,41538,3308150,0.380237,8700223
1,2021-04-13,97036,5064139,51993,2474149,44704,2310023,339,279967,52453,1373236,0.157839,44314,1988078,0.228509,53164,3361314,0.386348,8700223
1,2021-04-14,104834,5168973,54329,2528478,50435,2360458,70,280037,53430,1376077,0.158166,51058,2039136,0.234377,53899,3415213,0.392543,8700223
1,2021-04-15,106028,5275001,57724,2586202,48213,2408671,91,280128,56781,1384480,0.159132,48688,2087824,0.239974,57091,3472304,0.399105,8700223
1,2021-04-16,110365,5385366,56784,2642986,53493,2462164,88,280216,55410,1385734,0.159276,54454,2142278,0.246233,55708,3528012,0.405508,8700223
1,2021-04-17,83218,5468584,45245,2688231,37961,2500125,12,280228,46879,1396691,0.160535,36126,2178404,0.250385,47083,3575095,0.41092,8700223
1,2021-04-18,29941,5498525,20240,2708471,9694,2509819,7,280235,15190,1397423,0.160619,14668,2193072,0.252071,15400,3590495,0.41269,8700223
1,2021-04-19,66958,5565483,33834,2742305,33111,2542930,13,280248,30469,1391904,0.159985,36156,2229228,0.256227,30637,3621132,0.416211,8700223
1,2021-04-20,88097,5653580,44399,2786704,43674,2586604,24,280272,41507,1387409,0.159468,46268,2275496,0.261545,41773,3662905,0.421013,8700223
1,2021-04-21,96553,5750133,50157,2836861,46298,2632902,98,280370,43547,1378812,0.15848,52489,2327985,0.267578,43892,3706797,0.426058,8700223
1,2021-04-22,96243,5846376,50222,2887083,46005,2678907,16,280386,44211,1371723,0.157665,51574,2379559,0.273506,44485,3751282,0.431171,8700223
1,2021-04-23,101041,5947417,52138,2939221,48878,2727785,25,280411,48336,1368099,0.157249,52231,2431790,0.279509,48607,3799889,0.436758,8700223
1,2021-04-24,75256,6022673,46673,2985894,28558,2756343,25,280436,42691,1378612,0.158457,32472,2464262,0.283241,42985,3842874,0.441698,8700223
1,2021-04-25,26915,6049588,17145,3003039,9757,2766100,13,280449,15414,1382781,0.158936,11397,2475659,0.284551,15566,3858440,0.443487,8700223
1,2021-04-26,65765,6115353,34540,3037579,30825,2796925,400,280849,31439,1380937,0.158724,34048,2509707,0.288465,32204,3890644,0.447189,8700223
1,2021-04-27,80969,6196322,43034,3080613,36640,2833565,1295,282144,35422,1372741,0.157782,45278,2554985,0.293669,37082,3927726,0.451451,8700223
1,2021-04-28,80419,6276741,42733,3123346,36202,2869767,1484,283628,35550,1365492,0.156949,44554,2599539,0.29879,37305,3965031,0.455739,8700223
1,2021-04-29,83542,6360283,45905,3169251,36032,2905799,1605,285233,34496,1353049,0.155519,48727,2648266,0.304391,36284,4001315,0.459909,8700223
1,2021-04-30,91274,6451557,49483,3218734,39943,2945742,1848,287081,38535,1341197,0.154157,52437,2700703,0.310418,40585,4041900,0.464574,8700223
1,2021-05-01,62012,6513569,40124,3258858,20511,2966253,1377,288458,26178,1333341,0.153254,35637,2736340,0.314514,27781,4069681,0.467767,8700223
1,2021-05-02,23175,6536744,16374,3275232,6231,2972484,570,289028,9391,1329660,0.152831,13681,2750021,0.316086,10000,4079681,0.468917,8700223
1,2021-05-03,55538,6592282,30666,3305898,23038,2995522,1834,290862,20552,1317351,0.151416,34767,2784788,0.320082,22458,4102139,0.471498,8700223
1,2021-05-04,74713,6666995,43033,3348931,29600,3025122,2080,292942,27161,1299417,0.149354,47279,2832067,0.325517,29345,4131484,0.474871,8700223
1,2021-05-05,76930,6743925,44612,3393543,30027,3055149,2291,295233,26322,1277813,0.146871,50298,2882365,0.331298,28694,4160178,0.478169,8700223
1,2021-05-06,77756,6821681,46907,3440450,28681,3083830,2168,297401,24321,1251377,0.143833,53087,2935452,0.3374,26651,4186829,0.481232,8700223
1,2021-05-07,82222,6903903,46727,3487177,33313,3117143,2182,299583,27590,1226981,0.141029,54235,2989687,0.343633,29839,4216668,0.484662,8700223
1,2021-05-08,55669,6959572,34961,3522138,19092,3136235,1616,301199,18748,1210826,0.139172,36617,3026304,0.347842,20462,4237130,0.487014,8700223
1,2021-05-09,18120,6977692,13039,3535177,4608,3140843,473,301672,5574,1204438,0.138438,12471,3038775,0.349276,6083,4243213,0.487713,8700223
1,2021-05-10,42939,7020631,21647,3556824,19513,3160356,1779,303451,14370,1192359,0.137049,28324,3067099,0.352531,16245,4259458,0.48958,8700223
1,2021-05-11,61459,7082090,33366,3590190,25965,3186321,2128,305579,20358,1174128,0.134954,40841,3107940,0.357225,22610,4282068,0.492179,8700223
1,2021-05-12,62021,7144111,33067,3623257,26948,3213269,2006,307585,20487,1155449,0.132807,41244,3149184,0.361966,22565,4304633,0.494773,8700223
1,2021-05-13,65866,7209977,38628,3661885,25262,3238531,1976,309561,25061,1142316,0.131297,40452,3189636,0.366615,27319,4331952,0.497913,8700223
1,2021-05-14,75493,7285470,45546,3707431,27565,3266096,2382,311943,30631,1131112,0.13001,44495,3234131,0.37173,33291,4365243,0.501739,8700223
1,2021-05-15,64850,7350320,42553,3749984,20606,3286702,1691,313634,25655,1119606,0.128687,38926,3273057,0.376204,27420,4392663,0.504891,8700223
1,2021-05-16,24672,7374992,18150,3768134,5902,3292604,620,314254,10113,1115933,0.128265,14451,3287508,0.377865,10778,4403441,0.50613,8700223
1,2021-05-17,53815,7428807,32934,3801068,19127,3311731,1754,316008,22938,1110056,0.127589,30632,3318140,0.381386,24755,4428196,0.508975,8700223
1,2021-05-18,64553,7493360,38945,3840013,23791,3335522,1817,317825,28114,1103892,0.126881,36181,3354321,0.385544,30017,4458213,0.512425,8700223
1,2021-05-19,65789,7559149,40123,3880136,23749,3359271,1917,319742,29472,1099317,0.126355,36051,3390372,0.389688,31476,4489689,0.516043,8700223
1,2021-05-20,63653,7622802,37002,3917138,24487,3383758,2164,321906,26327,1091000,0.125399,37010,3427382,0.393942,28693,4518382,0.519341,8700223
1,2021-05-21,69446,7692248,41494,3958632,26103,3409861,1849,323755,28778,1081447,0.124301,40281,3467663,0.398572,30728,4549110,0.522873,8700223
1,2021-05-22,55293,7747541,36460,3995092,17126,3426987,1707,325462,24175,1076552,0.123738,30873,3498536,0.40212,25978,4575088,0.525859,8700223
1,2021-05-23,19997,7767538,14052,4009144,5359,3432346,586,326048,9336,1075936,0.123668,10562,3509098,0.403334,9946,4585034,0.527002,8700223
1,2021-05-24,43349,7810887,24147,4033291,17386,3449732,1816,327864,17614,1069950,0.12298,25500,3534598,0.406265,19514,4604548,0.529245,8700223
1,2021-05-25,50448,7861335,29103,4062394,19689,3469421,1656,329520,20981,1063487,0.122237,29198,3563796,0.409621,22735,4627283,0.531858,8700223
1,2021-05-26,48145,7909480,27344,4089738,18921,3488342,1880,331400,20492,1058554,0.12167,27352,3591148,0.412765,22419,4649702,0.534435,8700223
1,2021-05-27,46613,7956093,26226,4115964,18512,3506854,1875,333275,20175,1054567,0.121211,26158,3617306,0.415772,22171,4671873,0.536983,8700223
1,2021-05-28,51979,8008072,28970,4144934,21224,3528078,1785,335060,23377,1051548,0.120864,28305,3645611,0.419025,25286,4697159,0.539889,8700223
1,2021-05-29,30187,8038259,18279,4163213,10978,3539056,930,335990,14437,1051373,0.120844,15600,3661211,0.420818,15425,4712584,0.541662,8700223
1,2021-05-30,11521,8049780,7440,4170653,3536,3542592,545,336535,5455,1051401,0.120848,5997,3667208,0.421507,6025,4718609,0.542355,8700223
1,2021-05-31,5655,8055435,3227,4173880,2182,3544774,246,336781,1981,1050019,0.120689,3622,3670830,0.421924,2240,4720849,0.542612,8700223
1,2021-06-01,45387,8100822,25696,4199576,18186,3562960,1505,338286,17375,1041261,0.119682,27715,3698545,0.425109,18957,4739806,0.544791,8700223
1,2021-06-02,39618,8140440,23025,4222601,15128,3578088,1465,339751,16039,1035539,0.119024,23298,3721843,0.427787,17576,4757382,0.546812,8700223
1,2021-06-03,40948,8181388,25694,4248295,13607,3591695,1647,341398,15763,1028131,0.118173,24892,3746735,0.430648,17484,4774866,0.548821,8700223
1,2021-06-04,49676,8231064,31912,4280207,16019,3607714,1745,343143,17891,1016376,0.116822,31469,3778204,0.434265,19714,4794580,0.551087,8700223
1,2021-06-05,39686,8270750,27115,4307322,10632,3618346,1939,345082,14207,1007315,0.11578,25263,3803467,0.437169,16202,4810782,0.552949,8700223
1,2021-06-06,13004,8283754,10417,4317739,2087,3620433,500,345582,4539,1004028,0.115403,8388,3811855,0.438133,5101,4815883,0.553536,8700223
1,2021-06-07,33693,8317447,23238,4340977,9113,3629546,1342,346924,11991,995914,0.11447,21502,3833357,0.440604,13388,4829271,0.555074,8700223
1,2021-06-08,41812,8359259,28991,4369968,11227,3640773,1594,348518,14585,985216,0.11324,26971,3860328,0.443704,16273,4845544,0.556945,8700223
1,2021-06-09,41613,8400872,28969,4398937,11045,3651818,1599,350117,13544,972630,0.111794,27792,3888120,0.446899,15206,4860750,0.558693,8700223
1,2021-06-10,38623,8439495,26122,4425059,10865,3662683,1636,351753,13315,962608,0.110642,25083,3913203,0.449782,15061,4875811,0.560424,8700223
1,2021-06-11,43201,8482696,28690,4453749,12886,3675569,1625,353378,15315,952038,0.109427,27591,3940794,0.452953,17021,4892832,0.56238,8700223
1,2021-06-12,33413,8516109,24189,4477938,8045,3683614,1179,354557,11007,942090,0.108283,22204,3962998,0.455505,12256,4905088,0.563789,8700223
1,2021-06-13,11539,8527648,8381,4486319,2683,3686297,475,355032,3398,937926,0.107805,8074,3971072,0.456433,3910,4908998,0.564238,8700223
1,2021-06-14,30469,8558117,20519,4506838,8663,3694960,1287,356319,11438,931838,0.107105,18852,3989924,0.4586,12764,4921762,0.565705,8700223
1,2021-06-15,36848,8594965,24212,4531050,10819,3705779,1817,358136,13687,924518,0.106264,22917,4012841,0.461234,15597,4937359,0.567498,8700223
1,2021-06-16,34947,8629912,23640,4554690,9507,3715286,1800,359936,13159,917994,0.105514,21548,4034389,0.463711,15024,4952383,0.569225,8700223
1,2021-06-17,33170,8663082,21967,4576657,9280,3724566,1923,361859,13025,913115,0.104953,19916,4054305,0.466,15037,4967420,0.570953,8700223
1,2021-06-18,38949,8702031,25287,4601944,10850,3735416,2812,364671,15114,907517,0.10431,23583,4077888,0.468711,17985,4985405,0.57302,8700223
1,2021-06-19,23548,8725579,16322,4618266,6042,3741458,1184,365855,9738,904836,0.104001,13638,4091526,0.470278,10957,4996362,0.57428,8700223
1,2021-06-20,8048,8733627,5874,4624140,1903,3743361,271,366126,3194,903518,0.10385,4793,4096319,0.470829,3475,4999837,0.574679,8700223
1,2021-06-21,20684,8754311,11699,4635839,6816,3750177,2169,368295,10782,906722,0.104218,9796,4106115,0.471955,13000,5012837,0.576173,8700223
1,2021-06-22,30297,8784608,19827,4655666,8376,3758553,2094,370389,12771,904326,0.103943,17335,4123450,0.473948,14939,5027776,0.57789,8700223
1,2021-06-23,27763,8812371,18556,4674222,7477,3766030,1730,372119,12146,902801,0.103768,15434,4138884,0.475722,13909,5041685,0.579489,8700223
1,2021-06-24,25944,8838315,17357,4691579,7075,3773105,1512,373631,10906,900422,0.103494,14862,4153746,0.47743,12483,5054168,0.580924,8700223
1,2021-06-25,29229,8867544,19946,4711525,8041,3781146,1242,374873,12814,898318,0.103252,16214,4169960,0.479293,14110,5068278,0.582546,8700223
1,2021-06-26,18887,8886431,13763,4725288,4486,3785632,638,375511,8065,896345,0.103026,10722,4180682,0.480526,8749,5077027,0.583551,8700223
1,2021-06-27,6144,8892575,4265,4729553,1607,3787239,272,375783,2605,895724,0.102954,3506,4184188,0.480929,2885,5079912,0.583883,8700223
2,2020-12-15,241,241,241,241,0,0,0,0,241,241,2.9e-05,0,0,0.0,241,241,2.9e-05,8407551
2,2020-12-16,2078,2319,2078,2319,0,0,0,0,2077,2318,0.000276,0,0,0.0,2077,2318,0.000276,8407551
2,2020-12-17,6839,9158,6839,9158,0,0,0,0,6840,9158,0.001089,0,0,0.0,6840,9158,0.001089,8407551
2,2020-12-18,11068,20226,11048,20206,20,20,0,0,11067,20225,0.002406,0,0,0.0,11067,20225,0.002406,8407551
2,2020-12-19,5622,25848,5616,25822,6,26,0,0,5623,25848,0.003074,0,0,0.0,5623,25848,0.003074,8407551
2,2020-12-20,4251,30099,4242,30064,9,35,0,0,4247,30095,0.00358,0,0,0.0,4247,30095,0.00358,8407551
2,2020-12-21,12779,42878,12754,42818,25,60,0,0,12734,42829,0.005094,0,0,0.0,12734,42829,0.005094,8407551
2,2020-12-22,12151,55029,11638,54456,513,573,0,0,12151,54980,0.006539,0,0,0.0,12151,54980,0.006539,8407551
2,2020-12-23,11686,66715,9472,63928,2214,2787,0,0,11689,66669,0.00793,1,1,0.0,11690,66670,0.00793,8407551
2,2020-12-24,5910,72625,3500,67428,2410,5197,0,0,5906,72574,0.008632,3,4,0.0,5908,72578,0.008632,8407551
2,2020-12-25,480,73105,403,67831,77,5274,0,0,482,73056,0.008689,0,4,0.0,482,73060,0.00869,8407551
2,2020-12-26,2564,75669,1671,69502,893,6167,0,0,2565,75620,0.008994,1,5,1e-06,2565,75625,0.008995,8407551
2,2020-12-27,2221,77890,1207,70709,1014,7181,0,0,2218,77836,0.009258,2,7,1e-06,2218,77843,0.009259,8407551
2,2020-12-28,11012,88902,7174,77883,3838,11019,0,0,11012,88847,0.010568,1,8,1e-06,11012,88855,0.010568,8407551
2,2020-12-29,12710,101612,7145,85028,5565,16584,0,0,12714,101561,0.01208,0,8,1e-06,12714,101569,0.012081,8407551
2,2020-12-30,15394,117006,8660,93688,6734,23318,0,0,15408,116966,0.013912,5,13,2e-06,15410,116979,0.013914,8407551
2,2020-12-31,7561,124567,2821,96509,4740,28058,0,0,7554,124515,0.01481,5,18,2e-06,7554,124533,0.014812,8407551
2,2021-01-01,1198,125765,582,97091,616,28674,0,0,1198,125710,0.014952,3,21,2e-06,1198,125731,0.014955,8407551
2,2021-01-02,4844,130609,2765,99856,2079,30753,0,0,4839,130547,0.015527,2,23,3e-06,4839,130570,0.01553,8407551
2,2021-01-03,1384,131993,788,100644,596,31349,0,0,1379,131923,0.015691,3,26,3e-06,1379,131949,0.015694,8407551
2,2021-01-04,11639,143632,5552,106196,6087,37436,0,0,11627,143547,0.017074,3,29,3e-06,11627,143576,0.017077,8407551
2,2021-01-05,13868,157500,6923,113119,6945,44381,0,0,12673,155065,0.018444,1188,1217,0.000145,12706,156282,0.018588,8407551
2,2021-01-06,18969,176469,10455,123574,8514,52895,0,0,15207,166567,0.019812,3714,4931,0.000586,15216,171498,0.020398,8407551
2,2021-01-07,23119,199588,13021,136595,10098,62993,0,0,15570,174587,0.020765,7564,12495,0.001486,15584,187082,0.022252,8407551
2,2021-01-08,26433,226021,15982,152577,10451,73444,0,0,16333,180875,0.021513,10067,22562,0.002684,16355,203437,0.024197,8407551
2,2021-01-09,9763,235784,5679,158256,4084,77528,0,0,6262,183623,0.02184,3521,26083,0.003102,6269,209706,0.024943,8407551
2,2021-01-10,5291,241075,2926,161182,2365,79893,0,0,3074,184464,0.02194,2238,28321,0.003369,3079,212785,0.025309,8407551
2,2021-01-11,25975,267050,17853,179035,8122,88015,0,0,15007,188521,0.022423,11000,39321,0.004677,15057,227842,0.0271,8407551
2,2021-01-12,26265,293315,16368,195403,9897,97912,0,0,16653,195616,0.023267,9640,48961,0.005823,16735,244577,0.02909,8407551
2,2021-01-13,28566,321881,15171,210574,13395,111307,0,0,20613,208308,0.024776,7948,56909,0.006769,20640,265217,0.031545,8407551
2,2021-01-14,30241,352122,11508,222082,18733,130040,0,0,26005,230119,0.027371,4261,61170,0.007276,26072,291289,0.034646,8407551
2,2021-01-15,35129,387251,12828,234910,22301,152341,0,0,31861,258786,0.03078,3279,64449,0.007666,31946,323235,0.038446,8407551
2,2021-01-16,17629,404880,5629,240539,12000,164341,0,0,16304,273750,0.03256,1351,65800,0.007826,16315,339550,0.040386,8407551
2,2021-01-17,10671,415551,3629,244168,7042,171383,0,0,9957,282973,0.033657,742,66542,0.007915,9965,349515,0.041572,8407551
2,2021-01-18,19686,435237,11014,255182,8672,180055,0,0,14889,293104,0.034862,4815,71357,0.008487,14946,364461,0.043349,8407551
2,2021-01-19,32458,467695,16942,272124,15516,195571,0,0,24476,309711,0.036837,7983,79340,0.009437,24590,389051,0.046274,8407551
2,2021-01-20,37607,505302,18991,291115,18616,214187,0,0,28999,330218,0.039276,8583,87923,0.010458,29090,418141,0.049734,8407551
2,2021-01-21,40885,546187,17406,308521,23479,237666,0,0,36427,362379,0.043102,4435,92358,0.010985,36596,454737,0.054087,8407551
2,2021-01-22,39528,585715,16558,325079,22970,260636,0,0,36186,395245,0.047011,3346,95704,0.011383,36212,490949,0.058394,8407551
2,2021-01-23,24113,609828,10796,335875,13317,273953,0,0,21146,413476,0.049179,2943,98647,0.011733,21174,512123,0.060912,8407551
2,2021-01-24,12426,622254,6110,341985,6316,280269,0,0,11506,424090,0.050442,904,99551,0.011841,11518,523641,0.062282,8407551
2,2021-01-25,33883,656137,15658,357643,18225,298494,0,0,25086,440572,0.052402,8740,108291,0.01288,25222,548863,0.065282,8407551
2,2021-01-26,40447,696584,19943,377586,20504,318998,0,0,31362,462954,0.055064,9064,117355,0.013958,31446,580309,0.069022,8407551
2,2021-01-27,45861,742445,22922,400508,22939,341937,0,0,35648,488570,0.058111,10091,127446,0.015159,35707,616016,0.073269,8407551
2,2021-01-28,48160,790605,22744,423252,25416,367353,0,0,39512,519563,0.061797,8590,136036,0.01618,39583,655599,0.077977,8407551
2,2021-01-29,45691,836296,22253,445505,23438,390791,0,0,37012,548062,0.065187,8575,144611,0.0172,37074,692673,0.082387,8407551
2,2021-01-30,31603,867899,13696,459201,17907,408698,0,0,28240,573012,0.068154,3325,147936,0.017596,28275,720948,0.08575,8407551
2,2021-01-31,17494,885393,10534,469735,6960,415658,0,0,16295,588146,0.069954,1181,149117,0.017736,16315,737263,0.087691,8407551
2,2021-02-01,41133,926526,19889,489624,21244,436902,0,0,30183,607460,0.072252,10908,160025,0.019033,30222,767485,0.091285,8407551
2,2021-02-02,47805,974331,19490,509114,28315,465217,0,0,36398,632617,0.075244,11338,171363,0.020382,36495,803980,0.095626,8407551
2,2021-02-03,54299,1028630,24239,533353,30060,495277,0,0,40170,658850,0.078364,14031,185394,0.022051,40264,844244,0.100415,8407551
2,2021-02-04,56186,1084816,24323,557676,31863,527140,0,0,41098,685060,0.081482,14988,200382,0.023834,41198,885442,0.105315,8407551
2,2021-02-05,59935,1144751,26414,584090,33521,560661,0,0,40576,706638,0.084048,19173,219555,0.026114,40751,926193,0.110162,8407551
2,2021-02-06,38906,1183657,18173,602263,20733,581394,0,0,31235,730371,0.086871,7593,227148,0.027017,31326,957519,0.113888,8407551
2,2021-02-07,15998,1199655,10709,612972,5289,586683,0,0,12142,738747,0.087867,3834,230982,0.027473,12210,969729,0.11534,8407551
2,2021-02-08,43418,1243073,22398,635370,21020,607703,0,0,29885,755454,0.089854,13387,244369,0.029065,30094,999823,0.11892,8407551
2,2021-02-09,49401,1292474,23533,658903,25868,633571,0,0,30635,767911,0.091336,18508,262877,0.031267,30965,1030788,0.122603,8407551
2,2021-02-10,59744,1352218,28183,687086,31561,665132,0,0,34552,777912,0.092525,24904,287781,0.034229,34905,1065693,0.126754,8407551
2,2021-02-11,64292,1416510,29777,716863,34515,699647,0,0,35951,786313,0.093525,28047,315828,0.037565,36448,1102141,0.131089,8407551
2,2021-02-12,65330,1481840,28242,745105,37088,736735,0,0,34713,791367,0.094126,30321,346149,0.041171,35375,1137516,0.135297,8407551
2,2021-02-13,37847,1519687,15901,761006,21946,758681,0,0,21899,797785,0.094889,15859,362008,0.043057,22277,1159793,0.137947,8407551
2,2021-02-14,20055,1539742,9420,770426,10635,769316,0,0,11256,800646,0.095229,8755,370763,0.044099,11616,1171409,0.139328,8407551
2,2021-02-15,33245,1572987,15087,785513,18158,787474,0,0,18393,805170,0.095767,14727,385490,0.04585,19251,1190660,0.141618,8407551
2,2021-02-16,56238,1629225,27773,813286,28465,815939,0,0,29621,808938,0.096216,26527,412017,0.049006,30295,1220955,0.145221,8407551
2,2021-02-17,61732,1690957,31935,845221,29797,845736,0,0,30593,809301,0.096259,31069,443086,0.052701,31432,1252387,0.14896,8407551
2,2021-02-18,66283,1757240,33638,878859,32645,878381,0,0,32206,808813,0.096201,33845,476931,0.056727,33357,1285744,0.152927,8407551
2,2021-02-19,59442,1816682,33183,912042,26259,904640,0,0,29411,808963,0.096219,29873,506804,0.06028,30023,1315767,0.156498,8407551
2,2021-02-20,37533,1854215,24563,936605,12970,917610,0,0,20311,812825,0.096678,17137,523941,0.062318,20999,1336766,0.158996,8407551
2,2021-02-21,20912,1875127,17428,954033,3484,921094,0,0,9993,812777,0.096672,10844,534785,0.063608,10796,1347562,0.16028,8407551
2,2021-02-22,37711,1912838,25815,979848,11896,932990,0,0,18049,811935,0.096572,19572,554357,0.065936,18730,1366292,0.162508,8407551
2,2021-02-23,51944,1964782,26643,1006491,25301,958291,0,0,22905,807905,0.096093,28843,583200,0.069366,24813,1391105,0.165459,8407551
2,2021-02-24,68590,2033372,35348,1041839,33242,991533,0,0,31567,804963,0.095743,36877,620077,0.073752,33935,1425040,0.169495,8407551
2,2021-02-25,74466,2107838,35095,1076934,39371,1030904,0,0,37960,809448,0.096276,36293,656370,0.078069,40778,1465818,0.174345,8407551
2,2021-02-26,82677,2190515,35330,1112264,47347,1078251,0,0,44717,818676,0.097374,37698,694068,0.082553,46926,1512744,0.179927,8407551
2,2021-02-27,60391,2250906,27986,1140250,32398,1110649,7,7,32981,825797,0.098221,27206,721274,0.085789,34327,1547071,0.18401,8407551
2,2021-02-28,29824,2280730,17926,1158176,11897,1122546,1,8,17522,831948,0.098952,12203,733477,0.08724,18354,1565425,0.186193,8407551
2,2021-03-01,57129,2337859,30062,1188238,27030,1149576,37,45,31060,838451,0.099726,25803,759280,0.090309,32306,1597731,0.190035,8407551
2,2021-03-02,67959,2405818,32738,1220976,35214,1184790,7,52,38501,849987,0.101098,29317,788597,0.093796,40853,1638584,0.194894,8407551
2,2021-03-03,79839,2485657,38769,1259745,41056,1225846,14,66,45146,863211,0.102671,34507,823104,0.097901,47731,1686315,0.200571,8407551
2,2021-03-04,87409,2573066,43125,1302870,44254,1270100,30,96,50442,879310,0.104586,36762,859866,0.102273,52861,1739176,0.206859,8407551
2,2021-03-05,80748,2653814,38286,1341156,42157,1312257,305,401,49594,900630,0.107122,30961,890827,0.105956,52281,1791457,0.213077,8407551
2,2021-03-06,62514,2716328,30559,1371715,30267,1342524,1688,2089,38507,918380,0.109233,23890,914717,0.108797,41640,1833097,0.21803,8407551
2,2021-03-07,27627,2743955,16186,1387901,10467,1352991,974,3063,17836,928570,0.110445,9731,924448,0.109954,19921,1853018,0.220399,8407551
2,2021-03-08,49992,2793947,23056,1410957,24468,1377459,2468,5531,31638,946074,0.112527,18251,942699,0.112125,35755,1888773,0.224652,8407551
2,2021-03-09,69945,2863892,32006,1442963,34155,1411614,3784,9315,38835,959070,0.114072,30992,973691,0.115811,43988,1932761,0.229884,8407551
2,2021-03-10,77790,2941682,36940,1479903,34302,1445916,6548,15863,41376,972136,0.115627,36217,1009908,0.120119,49283,1982044,0.235746,8407551
2,2021-03-11,92711,3034393,42854,1522757,41504,1487420,8353,24216,48511,986510,0.117336,43916,1053824,0.125343,58290,2040334,0.242679,8407551
2,2021-03-12,93650,3128043,38590,1561347,43066,1530486,11994,36210,46702,999924,0.118932,46736,1100560,0.130901,60150,2100484,0.249833,8407551
2,2021-03-13,68652,3196695,28901,1590248,31835,1562321,7916,44126,37766,1016158,0.120863,30764,1131324,0.13456,46998,2147482,0.255423,8407551
2,2021-03-14,36592,3233287,18279,1608527,13786,1576107,4527,48653,18658,1022257,0.121588,17845,1149169,0.136683,23944,2171426,0.258271,8407551
2,2021-03-15,67200,3300487,30402,1638929,31752,1607859,5046,53699,37207,1035828,0.123202,29792,1178961,0.140226,43363,2214789,0.263429,8407551
2,2021-03-16,86103,3386590,38117,1677046,43974,1651833,4012,57711,52414,1059863,0.126061,33528,1212489,0.144214,57563,2272352,0.270275,8407551
2,2021-03-17,92372,3478962,44265,1721311,43950,1695783,4157,61868,58863,1090472,0.129702,33265,1245754,0.148171,63874,2336226,0.277872,8407551
2,2021-03-18,97787,3576749,46696,1768007,46510,1742293,4581,66449,59986,1118089,0.132986,37517,1283271,0.152633,65134,2401360,0.285619,8407551
2,2021-03-19,97188,3673937,46016,1814023,45035,1787328,6137,72586,58054,1143951,0.136062,38866,1322137,0.157256,64728,2466088,0.293318,8407551
2,2021-03-20,69527,3743464,33717,1847740,31887,1819215,3923,76509,45696,1170335,0.1392,23605,1345742,0.160063,49989,2516077,0.299264,8407551
2,2021-03-21,33190,3776654,21508,1869248,9700,1828915,1982,78491,20516,1180715,0.140435,12555,1358297,0.161557,22935,2539012,0.301992,8407551
2,2021-03-22,62653,3839307,34485,1903733,25524,1854439,2644,81135,41762,1205355,0.143366,20677,1378974,0.164016,45317,2584329,0.307382,8407551
2,2021-03-23,83585,3922892,44475,1948208,36202,1890641,2908,84043,52510,1230791,0.146391,30826,1409800,0.167683,56262,2640591,0.314074,8407551
2,2021-03-24,91356,4014248,49142,1997350,39064,1929705,3150,87193,53932,1251574,0.148863,37125,1446925,0.172098,57908,2698499,0.320961,8407551
2,2021-03-25,100951,4115199,50907,2048257,46145,1975850,3899,91092,57492,1270584,0.151124,43149,1490074,0.17723,62159,2760658,0.328355,8407551
2,2021-03-26,103041,4218240,51150,2099407,48399,2024249,3492,94584,56783,1286005,0.152958,45913,1535987,0.182691,61334,2821992,0.33565,8407551
2,2021-03-27,75258,4293498,37548,2136955,34402,2058651,3308,97892,37921,1290981,0.15355,37116,1573103,0.187106,42092,2864084,0.340656,8407551
2,2021-03-28,37508,4331006,23159,2160114,13540,2072191,809,98701,20258,1295719,0.154114,17131,1590234,0.189144,21869,2885953,0.343257,8407551
2,2021-03-29,71047,4402053,36166,2196280,32612,2104803,2269,100970,40676,1309383,0.155739,30187,1620421,0.192734,43851,2929804,0.348473,8407551
2,2021-03-30,91646,4493699,44830,2241110,42461,2147264,4355,105325,51708,1326317,0.157753,39745,1660166,0.197461,56679,2986483,0.355214,8407551
2,2021-03-31,101051,4594750,52076,2293186,43864,2191128,5111,110436,57640,1346304,0.16013,43115,1703281,0.202589,63102,3049585,0.36272,8407551
2,2021-04-01,117267,4712017,56640,2349826,51443,2242571,9184,119620,64116,1367254,0.162622,52805,1756086,0.20887,73755,3123340,0.371492,8407551
2,2021-04-02,111451,4823468,51383,2401209,49924,2292495,10144,129764,60211,1387210,0.164996,50888,1806974,0.214923,70844,3194184,0.379918,8407551
2,2021-04-03,76646,4900114,37598,2438807,29236,2321731,9812,139576,38063,1397119,0.166174,38383,1845357,0.219488,48292,3242476,0.385662,8407551
2,2021-04-04,29019,4929133,14908,2453715,10259,2331990,3852,143428,13083,1398249,0.166309,15848,1861205,0.221373,16978,3259454,0.387682,8407551
2,2021-04-05,78872,5008005,38701,2492416,31398,2363388,8773,152201,38344,1405764,0.167203,40371,1901576,0.226175,47886,3307340,0.393377,8407551
2,2021-04-06,103764,5111769,50527,2542943,38547,2401935,14690,166891,49396,1416163,0.168439,54116,1955692,0.232611,64515,3371855,0.401051,8407551
2,2021-04-07,110229,5221998,55014,2597957,38988,2440923,16227,183118,52114,1426960,0.169724,57847,2013539,0.239492,68644,3440499,0.409215,8407551
2,2021-04-08,119242,5341240,57396,2655353,43135,2484058,18711,201829,55457,1438288,0.171071,63456,2076995,0.247039,74784,3515283,0.41811,8407551
2,2021-04-09,118688,5459928,57086,2712439,43460,2527518,18142,219971,56177,1451347,0.172624,62157,2139152,0.254432,75216,3590499,0.427056,8407551
2,2021-04-10,87141,5547069,37772,2750211,31038,2558556,18331,238302,36081,1455646,0.173136,50808,2189960,0.260475,55107,3645606,0.433611,8407551
2,2021-04-11,44363,5591432,23031,2773242,12866,2571422,8466,246768,18261,1457135,0.173313,25972,2215932,0.263565,27461,3673067,0.436877,8407551
2,2021-04-12,79934,5671366,37227,2810469,33329,2604751,9378,256146,35844,1459549,0.1736,43830,2259762,0.268778,46244,3719311,0.442377,8407551
2,2021-04-13,101865,5773231,52839,2863308,48766,2653517,260,256406,55935,1470970,0.174958,45687,2305449,0.274212,57108,3776419,0.44917,8407551
2,2021-04-14,106661,5879892,55835,2919143,50775,2704292,51,256457,54689,1475474,0.175494,51684,2357133,0.280359,56188,3832607,0.455853,8407551
2,2021-04-15,113291,5993183,60203,2979346,53013,2757305,75,256532,59432,1482593,0.176341,53486,2410619,0.286721,60605,3893212,0.463061,8407551
2,2021-04-16,110611,6103794,57480,3036826,53081,2810386,50,256582,56358,1485941,0.176739,53919,2464538,0.293134,57267,3950479,0.469873,8407551
2,2021-04-17,83205,6186999,42341,3079167,40847,2851233,17,256599,46790,1497449,0.178108,36164,2500702,0.297435,47672,3998151,0.475543,8407551
2,2021-04-18,35370,6222369,21536,3100703,13828,2865061,6,256605,16913,1497023,0.178057,18321,2519023,0.299614,17895,4016046,0.477671,8407551
2,2021-04-19,74654,6297023,40224,3140927,34416,2899477,14,256619,34144,1491574,0.177409,40242,2559265,0.304401,34793,4050839,0.48181,8407551
2,2021-04-20,97299,6394322,49256,3190183,48017,2947494,26,256645,47319,1490012,0.177223,49660,2608925,0.310307,48098,4098937,0.48753,8407551
2,2021-04-21,103001,6497323,55673,3245856,47273,2994767,55,256700,48912,1486222,0.176772,53664,2662589,0.31669,49874,4148811,0.493462,8407551
2,2021-04-22,107164,6604487,55453,3301309,51690,3046457,21,256721,46992,1474356,0.175361,59794,2722383,0.323802,47928,4196739,0.499163,8407551
2,2021-04-23,106555,6711042,56664,3357973,49873,3096330,18,256739,49255,1467662,0.174565,56906,2779289,0.330571,50212,4246951,0.505135,8407551
2,2021-04-24,79604,6790646,47030,3405003,32534,3128864,40,256779,41591,1472522,0.175143,37702,2816991,0.335055,42562,4289513,0.510198,8407551
2,2021-04-25,36072,6826718,22262,3427265,13795,3142659,15,256794,19690,1476430,0.175608,16259,2833250,0.336989,20167,4309680,0.512596,8407551
2,2021-04-26,73472,6900190,40711,3467976,32458,3175117,303,257097,33872,1472730,0.175168,39347,2872597,0.341669,35647,4345327,0.516836,8407551
2,2021-04-27,87592,6987782,46155,3514131,40074,3215191,1363,258460,37670,1463435,0.174062,49571,2922168,0.347565,40276,4385603,0.521627,8407551
2,2021-04-28,87337,7075119,46683,3560814,38793,3253984,1861,260321,38590,1456380,0.173223,48438,2970606,0.353326,41383,4426986,0.526549,8407551
2,2021-04-29,90060,7165179,49026,3609840,39339,3293323,1695,262016,35035,1439043,0.171161,54679,3025285,0.35983,37342,4464328,0.53099,8407551
2,2021-04-30,93536,7258715,51695,3661535,39859,3333182,1982,263998,36374,1421321,0.169053,56752,3082037,0.36658,39030,4503358,0.535633,8407551
2,2021-05-01,61653,7320368,37646,3699181,22448,3355630,1559,265557,23997,1410364,0.16775,37370,3119407,0.371024,26413,4529771,0.538774,8407551
2,2021-05-02,29100,7349468,20189,3719370,7939,3363569,972,266529,11074,1404617,0.167066,17889,3137296,0.373152,12142,4541913,0.540218,8407551
2,2021-05-03,59793,7409261,35399,3754769,22351,3385920,2043,268572,20110,1387632,0.165046,39418,3176714,0.377841,22433,4564346,0.542887,8407551
2,2021-05-04,79270,7488531,47313,3802082,29587,3415507,2370,270942,25780,1363018,0.162118,53175,3229889,0.384165,28561,4592907,0.546284,8407551
2,2021-05-05,79656,7568187,47442,3849524,29876,3445383,2338,273280,24980,1336388,0.158951,54305,3284194,0.390624,27675,4620582,0.549575,8407551
2,2021-05-06,81821,7650008,49486,3899010,29434,3474817,2901,276181,25024,1308594,0.155645,56365,3340559,0.397328,28571,4649153,0.552974,8407551
2,2021-05-07,82884,7732892,47765,3946775,32696,3507513,2423,278604,25552,1280044,0.152249,56996,3397555,0.404108,28446,4677599,0.556357,8407551
2,2021-05-08,54854,7787746,33315,3980090,19833,3527346,1706,280310,17206,1262261,0.150134,37423,3434978,0.408559,19640,4697239,0.558693,8407551
2,2021-05-09,21677,7809423,15642,3995732,5294,3532640,741,281051,6347,1254327,0.149191,15253,3450231,0.410373,7319,4704558,0.559563,8407551
2,2021-05-10,49608,7859031,27072,4022804,20677,3553317,1859,282910,14031,1235475,0.146948,35355,3485586,0.414578,16503,4721061,0.561526,8407551
2,2021-05-11,65372,7924403,35240,4058044,28030,3581347,2102,285012,19856,1212883,0.144261,45241,3530827,0.419959,22649,4743710,0.56422,8407551
2,2021-05-12,64429,7988832,34438,4092482,27792,3609139,2199,287211,19077,1189483,0.141478,45064,3575891,0.425319,21664,4765374,0.566797,8407551
2,2021-05-13,70180,8059012,40885,4133367,27360,3636499,1935,289146,25815,1173864,0.13962,44097,3619988,0.430564,28478,4793852,0.570184,8407551
2,2021-05-14,78913,8137925,47366,4180733,29311,3665810,2236,291382,30400,1158989,0.137851,48159,3668147,0.436292,33284,4827136,0.574143,8407551
2,2021-05-15,65765,8203690,43196,4223929,20856,3686666,1713,293095,25470,1146493,0.136365,40071,3708218,0.441058,27575,4854711,0.577423,8407551
2,2021-05-16,31337,8235027,23487,4247416,6927,3693593,923,294018,12807,1141938,0.135823,18414,3726632,0.443248,13859,4868570,0.579071,8407551
2,2021-05-17,57546,8292573,36462,4283878,19145,3712738,1939,295957,22730,1132367,0.134685,34605,3761237,0.447364,25034,4893604,0.582049,8407551
2,2021-05-18,69686,8362259,40773,4324651,26951,3739689,1962,297919,27732,1120895,0.13332,41704,3802941,0.452324,30232,4923836,0.585644,8407551
2,2021-05-19,68212,8430471,40405,4365056,25824,3765513,1983,299902,27127,1109664,0.131984,40805,3843746,0.457178,29574,4953410,0.589162,8407551
2,2021-05-20,68622,8499093,39743,4404799,26705,3792218,2174,302076,26104,1096313,0.130396,42219,3885965,0.462199,28868,4982278,0.592596,8407551
2,2021-05-21,71970,8571063,42431,4447230,27410,3819628,2129,304205,27550,1082453,0.128748,44089,3930054,0.467443,30229,5012507,0.596191,8407551
2,2021-05-22,53035,8624098,33567,4480797,17708,3837336,1760,305965,22131,1076179,0.128001,30700,3960754,0.471095,24426,5036933,0.599096,8407551
2,2021-05-23,23939,8648037,16457,4497254,6760,3844096,722,306687,10122,1073463,0.127678,13694,3974448,0.472724,10978,5047911,0.600402,8407551
2,2021-05-24,44408,8692445,25241,4522495,17405,3861501,1762,308449,17121,1065605,0.126744,27079,4001527,0.475944,19221,5067132,0.602688,8407551
2,2021-05-25,50458,8742903,29564,4552059,19033,3880534,1861,310310,19225,1056285,0.125635,30949,4032476,0.479626,21629,5088761,0.605261,8407551
2,2021-05-26,48507,8791410,27212,4579271,19631,3900165,1664,311974,19017,1048139,0.124666,29172,4061648,0.483095,21026,5109787,0.607762,8407551
2,2021-05-27,46407,8837817,26278,4605549,18386,3918551,1743,313717,18628,1041461,0.123872,27551,4089199,0.486372,20873,5130660,0.610244,8407551
2,2021-05-28,49680,8887497,27431,4632980,20300,3938851,1949,315666,20925,1036244,0.123252,28512,4117711,0.489763,23295,5153955,0.613015,8407551
2,2021-05-29,28850,8916347,17257,4650237,10548,3949399,1045,316711,13232,1035215,0.123129,15472,4133183,0.491604,14443,5168398,0.614733,8407551
2,2021-05-30,12506,8928853,8045,4658282,3705,3953104,756,317467,5476,1034529,0.123048,6984,4140167,0.492434,6298,5174696,0.615482,8407551
2,2021-05-31,5862,8934715,3417,4661699,2143,3955247,302,317769,1823,1032712,0.122831,3992,4144159,0.492909,2175,5176871,0.615741,8407551
2,2021-06-01,44432,8979147,25583,4687282,17276,3972523,1573,319342,15555,1021619,0.121512,28601,4172760,0.496311,17508,5194379,0.617823,8407551
2,2021-06-02,38034,9017181,22354,4709636,14290,3986813,1390,320732,14984,1015478,0.120782,22807,4195567,0.499024,16666,5211045,0.619805,8407551
2,2021-06-03,41184,9058365,26567,4736203,13174,3999987,1443,322175,13932,1004211,0.119442,27022,4222589,0.502238,15755,5226800,0.621679,8407551
2,2021-06-04,47741,9106106,31140,4767343,15071,4015058,1530,323705,15474,989748,0.117721,31990,4254579,0.506043,17527,5244327,0.623764,8407551
2,2021-06-05,37469,9143575,26731,4794074,9302,4024360,1436,325141,11775,977892,0.116311,25478,4280057,0.509073,13622,5257949,0.625384,8407551
2,2021-06-06,14704,9158279,12039,4806113,2084,4026444,581,325722,4636,973279,0.115762,10011,4290068,0.510264,5398,5263347,0.626026,8407551
2,2021-06-07,32994,9191273,23068,4829181,8657,4035101,1269,326991,10738,963409,0.114589,22120,4312188,0.512895,12250,5275597,0.627483,8407551
2,2021-06-08,40357,9231630,28570,4857751,10428,4045529,1359,328350,12442,949901,0.112982,27677,4339865,0.516187,14169,5289766,0.629168,8407551
2,2021-06-09,37833,9269463,26458,4884209,9885,4055414,1490,329840,11491,937050,0.111453,26154,4366019,0.519297,13303,5303069,0.630751,8407551
2,2021-06-10,37476,9306939,26085,4910294,9881,4065295,1510,331350,11706,925152,0.110038,25573,4391592,0.522339,13675,5316744,0.632377,8407551
2,2021-06-11,40950,9347889,27181,4937475,12109,4077404,1660,333010,13195,912795,0.108568,27501,4419093,0.52561,15144,5331888,0.634178,8407551
2,2021-06-12,29181,9377070,21476,4958951,6794,4084198,911,333921,8684,902234,0.107312,20366,4439459,0.528032,9805,5341693,0.635345,8407551
2,2021-06-13,12070,9389140,8807,4967758,2656,4086854,607,334528,3076,897152,0.106708,8932,4448391,0.529095,3850,5345543,0.635803,8407551
2,2021-06-14,29651,9418791,21021,4988779,7453,4094307,1177,335705,10288,889613,0.105811,19209,4467600,0.531379,11670,5357213,0.637191,8407551
2,2021-06-15,35316,9454107,23524,5012303,9758,4104065,2034,337739,12020,880971,0.104783,23069,4490669,0.534123,14427,5371640,0.638907,8407551
2,2021-06-16,32697,9486804,22572,5034875,8350,4112415,1775,339514,11321,873160,0.103854,21211,4511880,0.536646,13400,5385040,0.6405,8407551
2,2021-06-17,30473,9517277,20390,5055265,8308,4120723,1775,341289,10800,866440,0.103055,19501,4531381,0.538966,12781,5397821,0.642021,8407551
2,2021-06-18,34172,9551449,22509,5077774,9803,4130526,1860,343149,12492,859577,0.102239,21476,4552857,0.54152,14613,5412434,0.643759,8407551
2,2021-06-19,20711,9572160,14424,5092198,5040,4135566,1247,344396,7875,856218,0.101839,12663,4565520,0.543026,9304,5421738,0.644865,8407551
2,2021-06-20,8170,9580330,5823,5098021,1883,4137449,464,344860,3036,854694,0.101658,5091,4570611,0.543632,3567,5425305,0.64529,8407551
2,2021-06-21,19082,9599412,11672,5109693,6115,4143564,1295,346155,9826,856856,0.101915,9140,4579751,0.544719,11302,5436607,0.646634,8407551
2,2021-06-22,26534,9625946,18200,5127893,6995,4150559,1339,347494,10457,853002,0.101457,15912,4595663,0.546611,12058,5448665,0.648068,8407551
2,2021-06-23,24875,9650821,17188,5145081,6151,4156710,1536,349030,10173,850422,0.10115,14570,4610233,0.548344,11990,5460655,0.649494,8407551
2,2021-06-24,23952,9674773,16404,5161485,6171,4162881,1377,350407,9927,848071,0.10087,13878,4624111,0.549995,11527,5472182,0.650865,8407551
2,2021-06-25,26766,9701539,18306,5179791,7104,4169985,1356,351763,11241,845509,0.100565,15378,4639489,0.551824,12816,5484998,0.65239,8407551
2,2021-06-26,16124,9717663,11630,5191421,3683,4173668,811,352574,6469,843381,0.100312,9583,4649072,0.552964,7455,5492453,0.653276,8407551
2,2021-06-27,5737,9723400,4118,5195539,1294,4174962,325,352899,2242,842566,0.100215,3461,4652533,0.553376,2646,5495099,0.653591,8407551
3,2020-12-15,304,304,304,304,0,0,0,0,304,304,3.7e-05,0,0,0.0,304,304,3.7e-05,8129050
3,2020-12-16,2311,2615,2311,2615,0,0,0,0,2312,2616,0.000322,0,0,0.0,2312,2616,0.000322,8129050
3,2020-12-17,7789,10404,7789,10404,0,0,0,0,7789,10405,0.00128,0,0,0.0,7789,10405,0.00128,8129050
3,2020-12-18,13388,23792,13375,23779,13,13,0,0,13388,23793,0.002927,0,0,0.0,13388,23793,0.002927,8129050
3,2020-12-19,7218,31010,7207,30986,11,24,0,0,7282,31075,0.003823,0,0,0.0,7282,31075,0.003823,8129050
3,2020-12-20,5655,36665,5648,36634,7,31,0,0,5702,36776,0.004524,1,1,0.0,5702,36777,0.004524,8129050
3,2020-12-21,14341,51006,14316,50950,25,56,0,0,14404,51179,0.006296,1,2,0.0,14404,51181,0.006296,8129050
3,2020-12-22,14776,65782,14196,65146,580,636,0,0,14814,65992,0.008118,1,3,0.0,14814,65995,0.008118,8129050
3,2020-12-23,14826,80608,12217,77363,2609,3245,0,0,14854,80846,0.009945,1,4,0.0,14855,80850,0.009946,8129050
3,2020-12-24,6782,87390,4867,82230,1915,5160,0,0,6780,87625,0.010779,1,5,1e-06,6780,87630,0.01078,8129050
3,2020-12-25,723,88113,666,82896,57,5217,0,0,721,88346,0.010868,0,5,1e-06,721,88351,0.010869,8129050
3,2020-12-26,4616,92729,2997,85893,1619,6836,0,0,4614,92960,0.011436,0,5,1e-06,4614,92965,0.011436,8129050
3,2020-12-27,2979,95708,1849,87742,1130,7966,0,0,2979,95939,0.011802,0,5,1e-06,2979,95944,0.011803,8129050
3,2020-12-28,13626,109334,8728,96470,4898,12864,0,0,13652,109590,0.013481,1,6,1e-06,13652,109596,0.013482,8129050
3,2020-12-29,15000,124334,8464,104934,6536,19400,0,0,15027,124615,0.01533,2,8,1e-06,15027,124623,0.015331,8129050
3,2020-12-30,18013,142347,10021,114955,7992,27392,0,0,17999,142613,0.017544,2,10,1e-06,18000,142623,0.017545,8129050
3,2020-12-31,8439,150786,3234,118189,5205,32597,0,0,8439,151051,0.018582,1,11,1e-06,8439,151062,0.018583,8129050
3,2021-01-01,1366,152152,636,118825,730,33327,0,0,1362,152412,0.018749,1,12,1e-06,1362,152424,0.018751,8129050
3,2021-01-02,4942,157094,2425,121250,2517,35844,0,0,4942,157354,0.019357,0,12,1e-06,4942,157366,0.019358,8129050
3,2021-01-03,1611,158705,847,122097,764,36608,0,0,1600,158950,0.019553,4,16,2e-06,1600,158966,0.019555,8129050
3,2021-01-04,11981,170686,5948,128045,6033,42641,0,0,11955,170898,0.021023,7,23,3e-06,11955,170921,0.021026,8129050
3,2021-01-05,15660,186346,8100,136145,7560,50201,0,0,14034,183347,0.022555,1612,1635,0.000201,14061,184982,0.022756,8129050
3,2021-01-06,20522,206868,10814,146959,9708,59909,0,0,16054,194982,0.023986,4427,6062,0.000746,16062,201044,0.024732,8129050
3,2021-01-07,26491,233359,15142,162101,11349,71258,0,0,17109,202756,0.024942,9351,15413,0.001896,17125,218169,0.026838,8129050
3,2021-01-08,30385,263744,18549,180650,11836,83094,0,0,18030,208476,0.025646,12332,27745,0.003413,18052,236221,0.029059,8129050
3,2021-01-09,12372,276116,6990,187640,5382,88476,0,0,7858,211835,0.026059,4508,32253,0.003968,7867,244088,0.030027,8129050
3,2021-01-10,7169,283285,4463,192103,2706,91182,0,0,4028,212729,0.026169,3139,35392,0.004354,4033,248121,0.030523,8129050
3,2021-01-11,28964,312249,18964,211067,10000,101182,0,0,16384,216583,0.026643,12573,47965,0.0059,16427,264548,0.032544,8129050
3,2021-01-12,32344,344593,19399,230466,12945,114127,0,0,19821,223987,0.027554,12504,60469,0.007439,19908,284456,0.034993,8129050
3,2021-01-13,34439,379032,18007,248473,16432,130559,0,0,24243,238054,0.029284,10196,70665,0.008693,24263,308719,0.037977,8129050
3,2021-01-14,34640,413672,14245,262718,20395,150954,0,0,28746,260969,0.032103,5867,76532,0.009415,28782,337501,0.041518,8129050
3,2021-01-15,38833,452505,14460,277178,24373,175327,0,0,34162,290538,0.035741,4659,81191,0.009988,34228,371729,0.045728,8129050
3,2021-01-16,21815,474320,7601,284779,14214,189541,0,0,19495,307748,0.037858,2307,83498,0.010272,19517,391246,0.048129,8129050
3,2021-01-17,13117,487437,4432,289211,8685,198226,0,0,12079,318810,0.039219,1036,84534,0.010399,12098,403344,0.049618,8129050
3,2021-01-18,24691,512128,12888,302099,11803,210029,0,0,19114,332375,0.040887,5592,90126,0.011087,19157,422501,0.051974,8129050
3,2021-01-19,40919,553047,20883,322982,20036,230065,0,0,31825,355219,0.043697,9068,99194,0.012202,31912,454413,0.0559,8129050
3,2021-01-20,45863,598910,22820,345802,23043,253108,0,0,36337,382154,0.047011,9484,108678,0.013369,36419,490832,0.06038,8129050
3,2021-01-21,48006,646916,20875,366677,27131,280239,0,0,42500,419294,0.05158,5431,114109,0.014037,42571,533403,0.065617,8129050
3,2021-01-22,49702,696618,19813,386490,29889,310128,0,0,45529,460722,0.056676,4174,118283,0.014551,45602,579005,0.071227,8129050
3,2021-01-23,30318,726936,12798,399288,17520,327648,0,0,27025,484516,0.059603,3283,121566,0.014955,27077,606082,0.074558,8129050
3,2021-01-24,17814,744750,8475,407763,9339,336987,0,0,16642,500021,0.06151,1168,122734,0.015098,16673,622755,0.076609,8129050
3,2021-01-25,40676,785426,18130,425893,22546,359533,0,0,30738,520933,0.064083,9912,132646,0.016318,30824,653579,0.0804,8129050
3,2021-01-26,47024,832450,22483,448376,24541,384074,0,0,36934,547896,0.0674,10077,142723,0.017557,37040,690619,0.084957,8129050
3,2021-01-27,51207,883657,24371,472747,26836,410910,0,0,40611,578064,0.071111,10525,153248,0.018852,40693,731312,0.089963,8129050
3,2021-01-28,51561,935218,23917,496664,27644,438554,0,0,42628,611903,0.075274,8847,162095,0.01994,42686,773998,0.095214,8129050
3,2021-01-29,50678,985896,24322,520986,26356,464910,0,0,41021,643505,0.079161,9467,171562,0.021105,41069,815067,0.100266,8129050
3,2021-01-30,37192,1023088,17577,538563,19615,484525,0,0,32489,671428,0.082596,4649,176211,0.021677,32572,847639,0.104273,8129050
3,2021-01-31,22252,1045340,12625,551188,9627,494152,0,0,20851,690912,0.084993,1387,177598,0.021847,20871,868510,0.10684,8129050
3,2021-02-01,45669,1091009,20840,572028,24829,518981,0,0,34853,715027,0.087959,10771,188369,0.023172,34886,903396,0.111132,8129050
3,2021-02-02,54267,1145276,22567,594595,31700,550681,0,0,41842,744582,0.091595,12336,200705,0.02469,41891,945287,0.116285,8129050
3,2021-02-03,60021,1205297,26777,621372,33244,583925,0,0,44625,774047,0.09522,15234,215939,0.026564,44699,989986,0.121784,8129050
3,2021-02-04,64335,1269632,27951,649323,36384,620309,0,0,47166,804361,0.098949,16963,232902,0.028651,47277,1037263,0.1276,8129050
3,2021-02-05,70164,1339796,29852,679175,40312,660621,0,0,48454,831532,0.102291,21456,254358,0.03129,48627,1085890,0.133581,8129050
3,2021-02-06,43520,1383316,21179,700354,22341,682962,0,0,33786,855806,0.105277,9694,264052,0.032483,33968,1119858,0.13776,8129050
3,2021-02-07,19505,1402821,12362,712716,7143,690105,0,0,15009,866460,0.106588,4482,268534,0.033034,15136,1134994,0.139622,8129050
3,2021-02-08,51013,1453834,24608,737324,26405,716510,0,0,33430,882620,0.108576,17455,285989,0.035181,33615,1168609,0.143757,8129050
3,2021-02-09,58340,1512174,28375,765699,29965,746475,0,0,34195,893194,0.109877,23969,309958,0.03813,34543,1203152,0.148006,8129050
3,2021-02-10,67852,1580026,31539,797238,36313,782788,0,0,36447,899009,0.110592,31164,341122,0.041963,36979,1240131,0.152555,8129050
3,2021-02-11,70537,1650563,34773,832011,35764,818552,0,0,37422,904223,0.111234,32746,373868,0.045992,37960,1278091,0.157225,8129050
3,2021-02-12,75372,1725935,32664,864675,42708,861260,0,0,41586,913102,0.112326,33485,407353,0.050111,42364,1320455,0.162437,8129050
3,2021-02-13,44810,1770745,20442,885117,24368,885628,0,0,25774,920528,0.113239,18932,426285,0.05244,26358,1346813,0.165679,8129050
3,2021-02-14,27237,1797982,13618,898735,13619,899247,0,0,15167,924122,0.113681,12021,438306,0.053918,15615,1362428,0.1676,8129050
3,2021-02-15,39974,1837956,17187,915922,22787,922034,0,0,22125,929421,0.114333,17762,456068,0.056103,23061,1385489,0.170437,8129050
3,2021-02-16,69841,1907797,33048,948970,36793,958827,0,0,36317,933381,0.11482,33388,489456,0.060211,37348,1422837,0.175031,8129050
3,2021-02-17,71547,1979344,36228,985198,35319,994146,0,0,34051,931228,0.114556,37283,526739,0.064797,35130,1457967,0.179353,8129050
3,2021-02-18,76687,2056031,40074,1025272,36613,1030759,0,0,35540,927122,0.11405,40991,567730,0.06984,36885,1494852,0.18389,8129050
3,2021-02-19,68539,2124570,39527,1064799,29012,1059771,0,0,34644,928680,0.114242,33782,601512,0.073995,35340,1530192,0.188237,8129050
3,2021-02-20,42206,2166776,26707,1091506,15499,1075270,0,0,22294,931668,0.11461,19811,621323,0.076432,22799,1552991,0.191042,8129050
3,2021-02-21,22819,2189595,18972,1110478,3847,1079117,0,0,10891,931093,0.114539,11849,633172,0.07789,11274,1564265,0.192429,8129050
3,2021-02-22,45358,2234953,29546,1140024,15812,1094929,0,0,21497,929298,0.114318,23775,656947,0.080815,21980,1586245,0.195133,8129050
3,2021-02-23,60984,2295937,33246,1173270,27738,1122667,0,0,26890,924233,0.113695,33949,690896,0.084991,28884,1615129,0.198686,8129050
3,2021-02-24,76731,2372668,37602,1210872,39129,1161796,0,0,34248,918681,0.113012,42317,733213,0.090197,36765,1651894,0.203209,8129050
3,2021-02-25,86174,2458842,41957,1252829,44217,1206013,0,0,43212,921780,0.113393,42715,775928,0.095451,45814,1697708,0.208845,8129050
3,2021-02-26,96992,2555834,44368,1297197,52624,1258637,0,0,51558,930454,0.11446,45087,821015,0.100998,53761,1751469,0.215458,8129050
3,2021-02-27,68456,2624290,31565,1328762,36888,1295525,3,3,36416,936332,0.115183,31856,852871,0.104916,37734,1789203,0.2201,8129050
3,2021-02-28,39593,2663883,22951,1351713,16639,1312164,3,6,20721,939285,0.115547,18720,871591,0.107219,21673,1810876,0.222766,8129050
3,2021-03-01,67535,2731418,35866,1387579,31646,1343810,23,29,37794,948884,0.116728,29565,901156,0.110856,39164,1850040,0.227584,8129050
3,2021-03-02,78017,2809435,38565,1426144,39444,1383254,8,37,45699,964476,0.118646,32184,933340,0.114815,47776,1897816,0.233461,8129050
3,2021-03-03,89001,2898436,42713,1468857,46269,1429523,19,56,49957,977870,0.120293,38851,972191,0.119595,52245,1950061,0.239888,8129050
3,2021-03-04,92975,2991411,45587,1514444,47368,1476891,20,76,52955,993308,0.122192,39814,1012005,0.124492,55252,2005313,0.246685,8129050
3,2021-03-05,89390,3080801,43946,1558390,45154,1522045,290,366,54618,1015893,0.124971,34554,1046559,0.128743,57139,2062452,0.253714,8129050
3,2021-03-06,64969,3145770,32925,1591315,29899,1551944,2145,2511,37328,1029336,0.126624,27508,1074067,0.132127,40951,2103403,0.258751,8129050
3,2021-03-07,37486,3183256,22382,1613697,13959,1565903,1145,3656,21627,1037476,0.127626,15803,1089870,0.134071,23943,2127346,0.261697,8129050
3,2021-03-08,58956,3242212,28218,1641915,27875,1593778,2863,6519,37451,1057998,0.13015,21356,1111226,0.136698,41878,2169224,0.266848,8129050
3,2021-03-09,76425,3318637,35463,1677378,36594,1630372,4368,10887,41215,1069671,0.131586,35091,1146317,0.141015,46764,2215988,0.272601,8129050
3,2021-03-10,82555,3401192,41305,1718683,35175,1665547,6075,16962,43156,1081116,0.132994,39197,1185514,0.145837,50642,2266630,0.278831,8129050
3,2021-03-11,96754,3497946,47417,1766100,40784,1706331,8553,25515,47489,1089249,0.133995,49016,1234530,0.151866,57149,2323779,0.285861,8129050
3,2021-03-12,101687,3599633,45398,1811498,44445,1750776,11844,37359,46592,1093983,0.134577,54883,1289413,0.158618,59617,2383396,0.293195,8129050
3,2021-03-13,69840,3669473,29663,1841161,32948,1783724,7229,44588,36755,1106366,0.1361,32977,1322390,0.162675,45360,2428756,0.298775,8129050
3,2021-03-14,40794,3710267,21556,1862717,15678,1799402,3560,48148,20821,1111480,0.136729,19902,1342292,0.165123,25016,2453772,0.301852,8129050
3,2021-03-15,75366,3785633,35822,1898539,35007,1834409,4537,52685,39838,1121532,0.137966,35334,1377626,0.169469,45386,2499158,0.307435,8129050
3,2021-03-16,94834,3880467,43765,1942304,46753,1881162,4316,57001,53633,1139424,0.140167,40989,1418615,0.174512,58881,2558039,0.314679,8129050
3,2021-03-17,97999,3978466,47696,1990000,45800,1926962,4503,61504,59816,1166466,0.143494,37959,1456574,0.179181,65001,2623040,0.322675,8129050
3,2021-03-18,103351,4081817,52663,2042663,46192,1973154,4496,66000,59821,1188073,0.146152,43278,1499852,0.184505,64885,2687925,0.330657,8129050
3,2021-03-19,102917,4184734,55277,2097940,43200,2016354,4440,70440,57864,1206151,0.148375,44798,1544650,0.190016,62876,2750801,0.338391,8129050
3,2021-03-20,71395,4256129,36939,2134879,30843,2047197,3613,74053,44286,1227625,0.151017,26935,1571585,0.193329,48409,2799210,0.344347,8129050
3,2021-03-21,36080,4292209,24660,2159539,9918,2057115,1502,75555,22539,1238694,0.152379,13449,1585034,0.194984,24518,2823728,0.347363,8129050
3,2021-03-22,70381,4362590,41407,2200946,26459,2083574,2515,78070,45194,1262443,0.1553,24980,1610014,0.198057,48729,2872457,0.353357,8129050
3,2021-03-23,89560,4452150,49592,2250538,37453,2121027,2515,80585,55309,1286969,0.158317,34009,1644023,0.20224,58535,2930992,0.360558,8129050
3,2021-03-24,98482,4550632,56715,2307253,38879,2159906,2888,83473,56483,1305283,0.16057,41664,1685687,0.207366,59978,2990970,0.367936,8129050
3,2021-03-25,107057,4657689,59521,2366774,44593,2204499,2943,86416,60763,1323657,0.16283,45980,1731667,0.213022,64354,3055324,0.375853,8129050
3,2021-03-26,110185,4767874,59199,2425973,47726,2252225,3260,89676,57396,1332674,0.16394,52491,1784158,0.219479,61508,3116832,0.383419,8129050
3,2021-03-27,74236,4842110,37857,2463830,33836,2286061,2543,92219,36179,1334213,0.164129,37855,1822013,0.224136,39394,3156226,0.388265,8129050
3,2021-03-28,44145,4886255,27822,2491652,15512,2301573,811,93030,22528,1336601,0.164423,21510,1843523,0.226782,23898,3180124,0.391205,8129050
3,2021-03-29,80451,4966706,42043,2533695,36564,2338137,1844,94874,44340,1347720,0.165791,35880,1879403,0.231196,46999,3227123,0.396986,8129050
3,2021-03-30,99987,5066693,49137,2582832,47234,2385371,3616,98490,56243,1364682,0.167877,43503,1922906,0.236547,60465,3287588,0.404425,8129050
3,2021-03-31,104839,5171532,56558,2639390,43452,2428823,4829,103319,56175,1377563,0.169462,48463,1971369,0.242509,61344,3348932,0.411971,8129050
3,2021-04-01,123345,5294877,62405,2701795,51237,2480060,9703,113022,66796,1398210,0.172002,56192,2027561,0.249422,76839,3425771,0.421423,8129050
3,2021-04-02,117745,5412622,57518,2759313,49937,2529997,10290,123312,62464,1416440,0.174244,55024,2082585,0.25619,73254,3499025,0.430435,8129050
3,2021-04-03,75984,5488606,38850,2798163,27916,2557913,9218,132530,37943,1426026,0.175423,37907,2120492,0.260854,47493,3546518,0.436277,8129050
3,2021-04-04,32381,5520987,17304,2815467,10869,2568782,4208,136738,14230,1426427,0.175473,18072,2138564,0.263077,18473,3564991,0.43855,8129050
3,2021-04-05,88923,5609910,45154,2860621,34663,2603445,9106,145844,43556,1434761,0.176498,45165,2183729,0.268633,53499,3618490,0.445131,8129050
3,2021-04-06,113255,5723165,55127,2915748,42978,2646423,15150,160994,53456,1444546,0.177702,59547,2243276,0.275958,69332,3687822,0.45366,8129050
3,2021-04-07,116110,5839275,60112,2975860,39718,2686141,16280,177274,56378,1457994,0.179356,59491,2302767,0.283276,72939,3760761,0.462632,8129050
3,2021-04-08,121320,5960595,60398,3036258,40802,2726943,20120,197394,56374,1470622,0.180909,64659,2367426,0.29123,77287,3838048,0.47214,8129050
3,2021-04-09,118213,6078808,58953,3095211,40155,2767098,19105,216499,52027,1476730,0.181661,65954,2433380,0.299344,72062,3910110,0.481005,8129050
3,2021-04-10,83764,6162572,37851,3133062,30686,2797784,15227,231726,34183,1477554,0.181762,49421,2482801,0.305423,50245,3960355,0.487185,8129050
3,2021-04-11,45103,6207675,24278,3157340,12862,2810646,7963,239689,17280,1475897,0.181558,27738,2510539,0.308835,26081,3986436,0.490394,8129050
3,2021-04-12,83892,6291567,42409,3199749,32721,2843367,8762,248451,38208,1478502,0.181879,45462,2556001,0.314428,48067,4034503,0.496307,8129050
3,2021-04-13,105381,6396948,57102,3256851,48064,2891431,215,248666,55790,1486026,0.182804,49372,2605373,0.320502,56896,4091399,0.503306,8129050
3,2021-04-14,107579,6504527,58814,3315665,48668,2940099,97,248763,53605,1487475,0.182983,53701,2659074,0.327108,55150,4146549,0.51009,8129050
3,2021-04-15,119345,6623872,67173,3382838,52101,2992200,71,248834,64000,1497327,0.184195,55046,2714120,0.333879,64898,4211447,0.518074,8129050
3,2021-04-16,115392,6739264,64738,3447576,50559,3042759,95,248929,60360,1503717,0.184981,54743,2768863,0.340613,61133,4272580,0.525594,8129050
3,2021-04-17,79000,6818264,43249,3490825,35739,3078498,12,248941,44066,1514038,0.18625,34728,2803591,0.344885,45049,4317629,0.531136,8129050
3,2021-04-18,38474,6856738,23267,3514092,15204,3093702,3,248944,18196,1512932,0.186114,20181,2823772,0.347368,19075,4336704,0.533482,8129050
3,2021-04-19,79099,6935837,44086,3558178,34960,3128662,53,248997,35793,1506159,0.185281,43140,2866912,0.352675,36367,4373071,0.537956,8129050
3,2021-04-20,100718,7036555,52976,3611154,47726,3176388,16,249013,48963,1504651,0.185096,51520,2918432,0.359013,50012,4423083,0.544108,8129050
3,2021-04-21,105265,7141820,59064,3670218,46134,3222522,67,249080,49890,1500570,0.184594,55043,2973475,0.365784,50962,4474045,0.550377,8129050
3,2021-04-22,111044,7252864,62362,3732580,48662,3271184,20,249100,47857,1486553,0.182869,62865,3036340,0.373517,48848,4522893,0.556386,8129050
3,2021-04-23,105423,7358287,60308,3792888,45090,3316274,25,249125,46289,1475061,0.181456,58817,3095157,0.380753,47325,4570218,0.562208,8129050
3,2021-04-24,73053,7431340,45222,3838110,27767,3344041,64,249189,35665,1474640,0.181404,37142,3132299,0.385322,36721,4606939,0.566725,8129050
3,2021-04-25,36498,7467838,23391,3861501,13090,3357131,17,249206,18738,1476158,0.18159,17627,3149926,0.38749,19145,4626084,0.569081,8129050
3,2021-04-26,73376,7541214,41382,3902883,31591,3388722,403,249609,31420,1467626,0.180541,41711,3191637,0.392621,33179,4659263,0.573162,8129050
3,2021-04-27,90604,7631818,47541,3950424,41326,3430048,1737,251346,36047,1451923,0.178609,54270,3245907,0.399297,38567,4697830,0.577906,8129050
3,2021-04-28,86209,7718027,48905,3999329,35180,3465228,2124,253470,35366,1439380,0.177066,50579,3296486,0.405519,38036,4735866,0.582585,8129050
3,2021-04-29,88322,7806349,50498,4049827,35631,3500859,2193,255663,31570,1417186,0.174336,56453,3352939,0.412464,34259,4770125,0.5868,8129050
3,2021-04-30,89957,7896306,50753,4100580,36725,3537584,2479,258142,33511,1397511,0.171916,56148,3409087,0.419371,36473,4806598,0.591287,8129050
3,2021-05-01,54810,7951116,34475,4135055,18882,3556466,1453,259595,19743,1384321,0.170293,34871,3443958,0.423661,21681,4828279,0.593954,8129050
3,2021-05-02,26790,7977906,18277,4153332,7502,3563968,1011,260606,9828,1378376,0.169562,16884,3460842,0.425738,10939,4839218,0.595299,8129050
3,2021-05-03,59134,8037040,34547,4187879,22235,3586203,2352,262958,17373,1356699,0.166895,41585,3502427,0.430853,19908,4859126,0.597748,8129050
3,2021-05-04,77144,8114184,44578,4232457,29917,3616120,2649,265607,22468,1327703,0.163328,54405,3556832,0.437546,25409,4884535,0.600874,8129050
3,2021-05-05,78589,8192773,47186,4279643,28715,3644835,2688,268295,21875,1296114,0.159442,56417,3613249,0.444486,24828,4909363,0.603928,8129050
3,2021-05-06,82582,8275355,52127,4331770,27938,3672773,2517,270812,20615,1258273,0.154787,61527,3674776,0.452055,23686,4933049,0.606842,8129050
3,2021-05-07,81834,8357189,50946,4382716,28274,3701047,2614,273426,21758,1223195,0.150472,59755,3734531,0.459406,24677,4957726,0.609878,8129050
3,2021-05-08,51858,8409047,32242,4414958,17919,3718966,1697,275123,13798,1201138,0.147759,37817,3772348,0.464058,15760,4973486,0.611816,8129050
3,2021-05-09,20835,8429882,15249,4430207,4801,3723767,785,275908,5532,1192304,0.146672,15218,3787566,0.46593,6384,4979870,0.612602,8129050
3,2021-05-10,47609,8477491,25586,4455793,20125,3743892,1898,277806,11138,1169317,0.143844,36286,3823852,0.470393,13299,4993169,0.614238,8129050
3,2021-05-11,63524,8541015,35519,4491312,25800,3769692,2205,280011,16154,1141000,0.140361,47146,3870998,0.476193,18829,5011998,0.616554,8129050
3,2021-05-12,64218,8605233,36962,4528274,24865,3794557,2391,282402,16533,1112765,0.136887,47457,3918455,0.482031,19222,5031220,0.618919,8129050
3,2021-05-13,74491,8679724,47088,4575362,25510,3820067,1893,284295,27391,1095797,0.1348,46866,3965321,0.487796,29898,5061118,0.622596,8129050
3,2021-05-14,79510,8759234,50381,4625743,27006,3847073,2123,286418,30964,1081202,0.133005,48284,4013605,0.493736,33689,5094807,0.626741,8129050
3,2021-05-15,61600,8820834,42509,4668252,17887,3864960,1204,287622,25502,1072210,0.131899,35915,4049520,0.498154,26923,5121730,0.630053,8129050
3,2021-05-16,32619,8853453,24586,4692838,7347,3872307,686,288308,13284,1067036,0.131262,19229,4068749,0.50052,14055,5135785,0.631782,8129050
3,2021-05-17,56595,8910048,36021,4728859,18746,3891053,1828,290136,20929,1054582,0.12973,35413,4104162,0.504876,22959,5158744,0.634606,8129050
3,2021-05-18,64084,8974132,37929,4766788,24314,3915367,1841,291977,24220,1041429,0.128112,39605,4143767,0.509748,26452,5185196,0.63786,8129050
3,2021-05-19,63203,9037335,38527,4805315,22947,3938314,1729,293706,24673,1029804,0.126682,38298,4182065,0.514459,26673,5211869,0.641141,8129050
3,2021-05-20,60934,9098269,35714,4841029,23405,3961719,1815,295521,21983,1015264,0.124893,38685,4220750,0.519218,24145,5236014,0.644111,8129050
3,2021-05-21,65269,9163538,39702,4880731,23487,3985206,2080,297601,23433,999527,0.122957,41550,4262300,0.524329,25813,5261827,0.647287,8129050
3,2021-05-22,45329,9208867,30040,4910771,13830,3999036,1459,299060,18934,993970,0.122274,26206,4288506,0.527553,20649,5282476,0.649827,8129050
3,2021-05-23,21227,9230094,14889,4925660,5691,4004727,647,299707,9093,991768,0.122003,12052,4300558,0.529036,9850,5292326,0.651039,8129050
3,2021-05-24,39239,9269333,22939,4948599,14562,4019289,1738,301445,14603,983852,0.121029,24463,4325021,0.532045,16547,5308873,0.653074,8129050
3,2021-05-25,42456,9311789,23910,4972509,16892,4036181,1654,303099,15130,973775,0.11979,27083,4352104,0.535377,17006,5325879,0.655166,8129050
3,2021-05-26,42083,9353872,24109,4996618,16264,4052445,1710,304809,15841,965492,0.118771,25964,4378068,0.538571,17681,5343560,0.657341,8129050
3,2021-05-27,39171,9393043,21957,5018575,15472,4067917,1742,306551,15454,959358,0.118016,23567,4401635,0.54147,17433,5360993,0.659486,8129050
3,2021-05-28,42478,9435521,24017,5042592,16680,4084597,1781,308332,17694,954559,0.117426,24599,4426234,0.544496,19800,5380793,0.661922,8129050
3,2021-05-29,23284,9458805,14211,5056803,8242,4092839,831,309163,10908,954158,0.117376,12260,4438494,0.546004,11859,5392652,0.66338,8129050
3,2021-05-30,10510,9469315,6812,5063615,3065,4095904,633,309796,4418,953224,0.117261,6025,4444519,0.546745,5091,5397743,0.664007,8129050
3,2021-05-31,4608,9473923,2657,5066272,1683,4097587,268,310064,1450,951840,0.117091,3129,4447648,0.54713,1745,5399488,0.664221,8129050
3,2021-06-01,37489,9511412,21600,5087872,14466,4112053,1423,311487,13138,942451,0.115936,24145,4471793,0.5501,14756,5414244,0.666036,8129050
3,2021-06-02,31356,9542768,18002,5105874,11940,4123993,1414,312901,11617,936066,0.115151,19539,4491332,0.552504,13154,5427398,0.667655,8129050
3,2021-06-03,39382,9582150,26937,5132811,11024,4135017,1421,314322,11475,921448,0.113352,27735,4519067,0.555916,13117,5440515,0.669268,8129050
3,2021-06-04,45926,9628076,32497,5165308,11900,4146917,1529,315851,13113,903907,0.111195,32586,4551653,0.559924,15045,5455560,0.671119,8129050
3,2021-06-05,34060,9662136,25678,5190986,7204,4154121,1178,317029,8681,888764,0.109332,25181,4576834,0.563022,10038,5465598,0.672354,8129050
3,2021-06-06,14433,9676569,12045,5203031,1810,4155931,578,317607,3702,882527,0.108565,10677,4587511,0.564335,4440,5470038,0.6729,8129050
3,2021-06-07,30172,9706741,21938,5224969,6970,4162901,1264,318871,8677,871225,0.107174,21362,4608873,0.566963,10060,5480098,0.674138,8129050
3,2021-06-08,34169,9740910,24541,5249510,8348,4171249,1280,320151,9959,858671,0.10563,24000,4632873,0.569916,11446,5491544,0.675546,8129050
3,2021-06-09,32750,9773660,23763,5273273,7705,4178954,1282,321433,8845,845213,0.103974,23742,4656615,0.572836,10284,5501828,0.676811,8129050
3,2021-06-10,32252,9805912,23285,5296558,7445,4186399,1522,322955,9007,832827,0.102451,23108,4679723,0.575679,10722,5512550,0.67813,8129050
3,2021-06-11,35181,9841093,24845,5321403,8982,4195381,1354,324309,10458,820277,0.100907,24538,4704261,0.578698,11988,5524538,0.679604,8129050
3,2021-06-12,25009,9866102,18855,5340258,5259,4200640,895,325204,6710,809842,0.099623,18187,4722448,0.580935,7752,5532290,0.680558,8129050
3,2021-06-13,10032,9876134,7490,5347748,2050,4202690,492,325696,2332,805082,0.099038,7652,4730100,0.581876,2892,5535182,0.680914,8129050
3,2021-06-14,25606,9901740,18325,5366073,5882,4208572,1399,327095,8055,797246,0.098074,17426,4747526,0.58402,9590,5544772,0.682093,8129050
3,2021-06-15,28476,9930216,19281,5385354,7707,4216279,1488,328583,9659,789948,0.097176,18602,4766128,0.586308,11304,5556076,0.683484,8129050
3,2021-06-16,25540,9955756,18093,5403447,6062,4222341,1385,329968,8694,783504,0.096383,16676,4782804,0.58836,10232,5566308,0.684743,8129050
3,2021-06-17,24572,9980328,17625,5421072,5698,4228039,1249,331217,8572,777608,0.095658,15851,4798655,0.590309,9955,5576263,0.685967,8129050
3,2021-06-18,27651,10007979,19519,5440591,6582,4234621,1550,332767,9720,771315,0.094884,17722,4816377,0.59249,11429,5587692,0.687373,8129050
3,2021-06-19,15816,10023795,11589,5452180,3373,4237994,854,333621,5702,768000,0.094476,9975,4826352,0.593717,6660,5594352,0.688193,8129050
3,2021-06-20,6827,10030622,5129,5457309,1401,4239395,297,333918,2602,766774,0.094325,4177,4830529,0.59423,2951,5597303,0.688556,8129050
3,2021-06-21,16060,10046682,10162,5467471,4536,4243931,1362,335280,8048,768376,0.094522,7929,4838458,0.595206,9531,5606834,0.689728,8129050
3,2021-06-22,21790,10068472,15313,5482784,5250,4249181,1227,336507,8215,764503,0.094046,13464,4851922,0.596862,9591,5616425,0.690908,8129050
3,2021-06-23,19663,10088135,13823,5496607,4564,4253745,1276,337783,7837,762030,0.093742,11722,4863644,0.598304,9249,5625674,0.692046,8129050
3,2021-06-24,19095,10107230,13270,5509877,4431,4258176,1394,339177,7411,759382,0.093416,11561,4875205,0.599726,8913,5634587,0.693142,8129050
3,2021-06-25,22418,10129648,15956,5525833,5105,4263281,1357,340534,8787,756131,0.093016,13519,4888724,0.601389,10268,5644855,0.694405,8129050
3,2021-06-26,12310,10141958,8936,5534769,2677,4265958,697,341231,5088,754855,0.092859,7168,4895892,0.602271,5892,5650747,0.69513,8129050
3,2021-06-27,4418,10146376,3206,5537975,1002,4266960,210,341441,1879,754448,0.092809,2513,4898405,0.60258,2106,5652853,0.695389,8129050
4,2020-12-15,454,454,454,454,0,0,0,0,454,454,5.6e-05,0,0,0.0,454,454,5.6e-05,8037679
4,2020-12-16,3006,3460,3006,3460,0,0,0,0,3006,3460,0.00043,0,0,0.0,3006,3460,0.00043,8037679
4,2020-12-17,8894,12354,8894,12354,0,0,0,0,8894,12354,0.001537,0,0,0.0,8894,12354,0.001537,8037679
4,2020-12-18,16115,28469,16104,28458,11,11,0,0,16115,28469,0.003542,0,0,0.0,16115,28469,0.003542,8037679
4,2020-12-19,10346,38815,10337,38795,9,20,0,0,10281,38750,0.004821,0,0,0.0,10281,38750,0.004821,8037679
4,2020-12-20,7392,46207,7385,46180,7,27,0,0,7347,46097,0.005735,0,0,0.0,7347,46097,0.005735,8037679
4,2020-12-21,16352,62559,16326,62506,26,53,0,0,16286,62382,0.007761,1,1,0.0,16286,62383,0.007761,8037679
4,2020-12-22,17164,79723,16428,78934,736,789,0,0,17116,79495,0.00989,3,4,0.0,17116,79499,0.009891,8037679
4,2020-12-23,17066,96789,14360,93294,2706,3495,0,0,17034,96527,0.012009,2,6,1e-06,17034,96533,0.01201,8037679
4,2020-12-24,8522,105311,5951,99245,2571,6066,0,0,8521,105047,0.013069,1,7,1e-06,8521,105054,0.01307,8037679
4,2020-12-25,905,106216,799,100044,106,6172,0,0,905,105952,0.013182,0,7,1e-06,905,105959,0.013183,8037679
4,2020-12-26,6164,112380,3887,103931,2277,8449,0,0,6164,112116,0.013949,0,7,1e-06,6164,112123,0.01395,8037679
4,2020-12-27,3433,115813,2000,105931,1433,9882,0,0,3433,115549,0.014376,0,7,1e-06,3433,115556,0.014377,8037679
4,2020-12-28,15075,130888,9313,115244,5762,15644,0,0,15047,130595,0.016248,1,8,1e-06,15047,130603,0.016249,8037679
4,2020-12-29,15343,146231,8501,123745,6842,22486,0,0,15309,145904,0.018153,0,8,1e-06,15309,145912,0.018153,8037679
4,2020-12-30,18916,165147,11066,134811,7850,30336,0,0,18905,164807,0.020504,2,10,1e-06,18905,164817,0.020506,8037679
4,2020-12-31,8265,173412,3352,138163,4913,35249,0,0,8253,173051,0.02153,9,19,2e-06,8253,173070,0.021532,8037679
4,2021-01-01,1475,174887,649,138812,826,36075,0,0,1473,174522,0.021713,2,21,3e-06,1473,174543,0.021716,8037679
4,2021-01-02,5711,180598,3222,142034,2489,38564,0,0,5710,180231,0.022423,1,22,3e-06,5710,180253,0.022426,8037679
4,2021-01-03,2135,182733,1264,143298,871,39435,0,0,2119,182346,0.022686,4,26,3e-06,2119,182372,0.02269,8037679
4,2021-01-04,12919,195652,6995,150293,5924,45359,0,0,12871,195188,0.024284,29,55,7e-06,12871,195243,0.024291,8037679
4,2021-01-05,16870,212522,9992,160285,6878,52237,0,0,14685,207727,0.025844,2159,2214,0.000275,14698,209941,0.02612,8037679
4,2021-01-06,21561,234083,13215,173500,8346,60583,0,0,15501,217235,0.027027,6007,8221,0.001023,15515,225456,0.02805,8037679
4,2021-01-07,27899,261982,16998,190498,10901,71484,0,0,16676,222766,0.027715,11163,19384,0.002412,16694,242150,0.030127,8037679
4,2021-01-08,32753,294735,21016,211514,11737,83221,0,0,18266,226636,0.028197,14415,33799,0.004205,18285,260435,0.032402,8037679
4,2021-01-09,16266,311001,9628,221142,6638,89859,0,0,9451,229308,0.028529,6790,40589,0.00505,9462,269897,0.033579,8037679
4,2021-01-10,8744,319745,5648,226790,3096,92955,0,0,4129,228852,0.028472,4593,45182,0.005621,4137,274034,0.034094,8037679
4,2021-01-11,33391,353136,21886,248676,11505,104460,0,0,18817,233181,0.029011,14531,59713,0.007429,18860,292894,0.03644,8037679
4,2021-01-12,38522,391658,22222,270898,16300,120760,0,0,24224,243219,0.03026,14226,73939,0.009199,24264,317158,0.039459,8037679
4,2021-01-13,38762,430420,19173,290071,19589,140349,0,0,27385,259313,0.032262,11320,85259,0.010607,27414,344572,0.04287,8037679
4,2021-01-14,39256,469676,15115,305186,24141,164490,0,0,32079,284297,0.035371,7125,92384,0.011494,32109,376681,0.046864,8037679
4,2021-01-15,45305,514981,15728,320914,29577,194067,0,0,39670,318413,0.039615,5576,97960,0.012188,39692,416373,0.051803,8037679
4,2021-01-16,28627,543608,9339,330253,19288,213355,0,0,25476,340795,0.0424,3112,101072,0.012575,25494,441867,0.054974,8037679
4,2021-01-17,19047,562655,6667,336920,12380,225735,0,0,17518,356826,0.044394,1501,102573,0.012762,17532,459399,0.057156,8037679
4,2021-01-18,29435,592090,13632,350552,15803,241538,0,0,23435,374378,0.046578,5909,108482,0.013497,23461,482860,0.060075,8037679
4,2021-01-19,46094,638184,23165,373717,22929,264467,0,0,36729,401871,0.049998,9309,117791,0.014655,36802,519662,0.064653,8037679
4,2021-01-20,52595,690779,28180,401897,24415,288882,0,0,42054,433544,0.053939,10441,128232,0.015954,42114,561776,0.069893,8037679
4,2021-01-21,57528,748307,25878,427775,31650,320532,0,0,50776,477681,0.05943,6682,134914,0.016785,50819,612595,0.076215,8037679
4,2021-01-22,55325,803632,22242,450017,33083,353615,0,0,50162,522803,0.065044,5067,139981,0.017416,50189,662784,0.08246,8037679
4,2021-01-23,39645,843277,17406,467423,22239,375854,0,0,35309,553814,0.068902,4327,144308,0.017954,35338,698122,0.086856,8037679
4,2021-01-24,23943,867220,10475,477898,13468,389322,0,0,22040,573978,0.071411,1893,146201,0.018189,22057,720179,0.0896,8037679
4,2021-01-25,47935,915155,22109,500007,25826,415148,0,0,36820,599776,0.074621,11077,157278,0.019568,36875,757054,0.094188,8037679
4,2021-01-26,56775,971930,28903,528910,27872,443020,0,0,44509,632134,0.078646,12211,169489,0.021087,44569,801623,0.099733,8037679
4,2021-01-27,56143,1028073,26693,555603,29450,472470,0,0,45142,666402,0.08291,10926,180415,0.022446,45194,846817,0.105356,8037679
4,2021-01-28,56502,1084575,25483,581086,31019,503489,0,0,46507,703045,0.087469,9909,190324,0.023679,46552,893369,0.111148,8037679
4,2021-01-29,56529,1141104,27120,608206,29409,532898,0,0,46119,738965,0.091938,10232,200556,0.024952,46152,939521,0.11689,8037679
4,2021-01-30,38006,1179110,17126,625332,20880,553778,0,0,32652,766343,0.095344,5298,205854,0.025611,32676,972197,0.120955,8037679
4,2021-01-31,23900,1203010,12537,637869,11363,565141,0,0,22205,786890,0.0979,1675,207529,0.02582,22222,994419,0.12372,8037679
4,2021-02-01,49738,1252748,24033,661902,25705,590846,0,0,38074,813386,0.101197,11618,219147,0.027265,38114,1032533,0.128462,8037679
4,2021-02-02,55416,1308164,25461,687363,29955,620801,0,0,42559,843199,0.104906,12789,231936,0.028856,42602,1075135,0.133762,8037679
4,2021-02-03,62050,1370214,30449,717812,31601,652402,0,0,47745,876807,0.109087,14192,246128,0.030622,47800,1122935,0.139709,8037679
4,2021-02-04,67646,1437860,31495,749307,36151,688553,0,0,50856,911133,0.113358,16634,262762,0.032691,50960,1173895,0.146049,8037679
4,2021-02-05,73022,1510882,33788,783095,39234,727787,0,0,50908,940321,0.116989,21856,284618,0.03541,51044,1224939,0.1524,8037679
4,2021-02-06,48187,1559069,26094,809189,22093,749880,0,0,36713,965830,0.120163,11404,296022,0.036829,36913,1261852,0.156992,8037679
4,2021-02-07,26361,1585430,17388,826577,8973,758853,0,0,19974,979681,0.121886,6359,302381,0.03762,20210,1282062,0.159506,8037679
4,2021-02-08,58464,1643894,30060,856637,28404,787257,0,0,38013,997638,0.12412,20317,322698,0.040148,38274,1320336,0.164268,8037679
4,2021-02-09,67139,1711033,34158,890795,32981,820238,0,0,39365,1009717,0.125623,27691,350389,0.043593,39770,1360106,0.169216,8037679
4,2021-02-10,77358,1788391,38666,929461,38692,858930,0,0,40590,1014324,0.126196,36529,386918,0.048138,41136,1401242,0.174334,8037679
4,2021-02-11,81197,1869588,42324,971785,38873,897803,0,0,41361,1016743,0.126497,39611,426529,0.053066,42030,1443272,0.179563,8037679
4,2021-02-12,84494,1954082,37868,1009653,46626,944429,0,0,43394,1020040,0.126907,40889,467418,0.058153,44186,1487458,0.185061,8037679
4,2021-02-13,58617,2012699,29760,1039413,28857,973286,0,0,29858,1022170,0.127172,28629,496047,0.061715,30759,1518217,0.188887,8037679
4,2021-02-14,36767,2049466,19076,1058489,17691,990977,0,0,18855,1023825,0.127378,17858,513905,0.063937,19513,1537730,0.191315,8037679
4,2021-02-15,46168,2095634,21609,1080098,24559,1015536,0,0,23716,1026336,0.127691,22383,536288,0.066722,24894,1562624,0.194412,8037679
4,2021-02-16,79957,2175591,36618,1116716,43339,1058875,0,0,40717,1029137,0.128039,39138,575426,0.071591,41939,1604563,0.19963,8037679
4,2021-02-17,81297,2256888,38385,1155101,42912,1101787,0,0,38674,1026488,0.12771,42451,617877,0.076873,39802,1644365,0.204582,8037679
4,2021-02-18,83159,2340047,45726,1200827,37433,1139220,0,0,38480,1021936,0.127143,44512,662389,0.08241,39960,1684325,0.209554,8037679
4,2021-02-19,82471,2422518,51856,1252683,30615,1169835,0,0,41276,1022854,0.127257,41049,703438,0.087518,41967,1726292,0.214775,8037679
4,2021-02-20,48976,2471494,32653,1285336,16323,1186158,0,0,26763,1028164,0.127918,22147,725585,0.090273,27457,1753749,0.218191,8037679
4,2021-02-21,29305,2500799,23536,1308872,5769,1191927,0,0,14126,1027462,0.127831,15113,740698,0.092153,14411,1768160,0.219984,8037679
4,2021-02-22,53084,2553883,36447,1345319,16637,1208564,0,0,25764,1026451,0.127705,27222,767920,0.09554,26211,1794371,0.223245,8037679
4,2021-02-23,73896,2627779,40935,1386254,32961,1241525,0,0,32554,1019475,0.126837,41204,809124,0.100666,34228,1828599,0.227503,8037679
4,2021-02-24,88625,2716404,46779,1433033,41846,1283371,0,0,40059,1013332,0.126073,48358,857482,0.106683,42215,1870814,0.232756,8037679
4,2021-02-25,99817,2816221,52099,1485132,47718,1331089,0,0,47847,1011929,0.125898,51813,909295,0.113129,50410,1921224,0.239027,8037679
4,2021-02-26,106311,2922532,53671,1538803,52640,1383729,0,0,54519,1017240,0.126559,51562,960857,0.119544,56873,1978097,0.246103,8037679
4,2021-02-27,76955,2999487,41901,1580704,35047,1418776,7,7,41329,1024569,0.127471,35484,996341,0.123959,42813,2020910,0.25143,8037679
4,2021-02-28,47368,3046855,29386,1610090,17975,1436751,7,14,26538,1031316,0.12831,20683,1017024,0.126532,27430,2048340,0.254842,8037679
4,2021-03-01,77719,3124574,45628,1655718,32054,1468805,37,51,42931,1040945,0.129508,34530,1051554,0.130828,44159,2092499,0.260336,8037679
4,2021-03-02,85092,3209666,48965,1704683,36119,1504924,8,59,50349,1058511,0.131694,34581,1086135,0.13513,52147,2144646,0.266824,8037679
4,2021-03-03,100175,3309841,53313,1757996,46848,1551772,14,73,56005,1072336,0.133414,43962,1130097,0.1406,57787,2202433,0.274014,8037679
4,2021-03-04,97001,3406842,53823,1811819,43160,1594932,18,91,53404,1084150,0.134883,43384,1173481,0.145997,55198,2257631,0.280881,8037679
4,2021-03-05,94334,3501176,50923,1862742,43096,1638028,315,406,55989,1104247,0.137384,38135,1211616,0.150742,58232,2315863,0.288126,8037679
4,2021-03-06,76153,3577329,42931,1905673,30605,1668633,2617,3023,46858,1125883,0.140076,29181,1240797,0.154373,50817,2366680,0.294448,8037679
4,2021-03-07,42663,3619992,27251,1932924,14224,1682857,1188,4211,25612,1136781,0.141432,16987,1257784,0.156486,27885,2394565,0.297917,8037679
4,2021-03-08,66483,3686475,34890,1967814,28400,1711257,3193,7404,43928,1162807,0.144669,22433,1280217,0.159277,48459,2443024,0.303946,8037679
4,2021-03-09,81160,3767635,41169,2008983,34856,1746113,5135,12539,43832,1175724,0.146277,37166,1317383,0.163901,50083,2493107,0.310177,8037679
4,2021-03-10,90971,3858606,46968,2055951,36573,1782686,7430,19969,45966,1185250,0.147462,44837,1362220,0.169479,54363,2547470,0.316941,8037679
4,2021-03-11,100534,3959140,52860,2108811,39283,1821969,8391,28360,46507,1187468,0.147738,53802,1416022,0.176173,56020,2603490,0.323911,8037679
4,2021-03-12,104516,4063656,51548,2160359,42712,1864681,10256,38616,44652,1183736,0.147273,59616,1475638,0.18359,55884,2659374,0.330863,8037679
4,2021-03-13,81090,4144746,37819,2198178,34867,1899548,8404,47020,38127,1188570,0.147875,42840,1518478,0.18892,47674,2707048,0.336795,8037679
4,2021-03-14,49577,4194323,28386,2226564,17568,1917116,3623,50643,23269,1189879,0.148038,26221,1544699,0.192182,27530,2734578,0.34022,8037679
4,2021-03-15,83601,4277924,45010,2271574,34346,1951462,4245,54888,42694,1196975,0.14892,40690,1585389,0.197245,47786,2782364,0.346165,8037679
4,2021-03-16,107557,4385481,55922,2327496,48239,1999701,3396,58284,57142,1208022,0.150295,50195,1635584,0.20349,61242,2843606,0.353784,8037679
4,2021-03-17,106701,4492182,57545,2385041,45666,2045367,3490,61774,62705,1231033,0.153158,43748,1679332,0.208932,66759,2910365,0.36209,8037679
4,2021-03-18,106999,4599181,59358,2444399,43959,2089326,3682,65456,61026,1250468,0.155576,45710,1725042,0.214619,65145,2975510,0.370195,8037679
4,2021-03-19,111406,4710587,64113,2508512,42108,2131434,5185,70641,63744,1272371,0.158301,47431,1772473,0.220521,69334,3044844,0.378821,8037679
4,2021-03-20,83476,4794063,49013,2557525,31468,2162902,2995,73636,51284,1294910,0.161105,32056,1804529,0.224509,54595,3099439,0.385614,8037679
4,2021-03-21,48103,4842166,34926,2592451,10921,2173823,2256,75892,28501,1306537,0.162552,19488,1824017,0.226933,31115,3130554,0.389485,8037679
4,2021-03-22,82395,4924561,53872,2646323,25790,2199613,2733,78625,51365,1330541,0.165538,30813,1854830,0.230767,54817,3185371,0.396305,8037679
4,2021-03-23,104757,5029318,62721,2709044,39881,2239494,2155,80780,62614,1353971,0.168453,41882,1896712,0.235978,65312,3250683,0.404431,8037679
4,2021-03-24,113386,5142704,73208,2782252,37769,2277263,2409,83189,64167,1372202,0.170721,48804,1945516,0.242049,67035,3317718,0.412771,8037679
4,2021-03-25,116950,5259654,72017,2854269,42545,2319808,2388,85577,67148,1392876,0.173293,49345,1994861,0.248189,70019,3387737,0.421482,8037679
4,2021-03-26,119595,5379249,72615,2926884,43943,2363751,3037,88614,65653,1408561,0.175245,53604,2048465,0.254858,69289,3457026,0.430103,8037679
4,2021-03-27,91531,5470780,54244,2981128,35501,2399252,1786,90400,46428,1412397,0.175722,44865,2093330,0.26044,48701,3505727,0.436162,8037679
4,2021-03-28,55592,5526372,36728,3017856,17996,2417248,868,91268,29636,1417440,0.176349,25794,2119124,0.263649,30837,3536564,0.439998,8037679
4,2021-03-29,93467,5619839,56026,3073882,35364,2452612,2077,93345,50814,1428460,0.17772,42424,2161548,0.268927,53444,3590008,0.446647,8037679
4,2021-03-30,117028,5736867,63833,3137715,49033,2501645,4162,97507,69599,1455441,0.181077,47217,2208765,0.274801,74198,3664206,0.455879,8037679
4,2021-03-31,120911,5857778,71367,3209082,43222,2544867,6322,103829,67904,1477209,0.183786,52676,2261441,0.281355,74444,3738650,0.46514,8037679
4,2021-04-01,142351,6000129,81230,3290312,47917,2592784,13204,117033,83957,1516601,0.188686,57983,2319424,0.288569,97375,3836025,0.477255,8037679
4,2021-04-02,136488,6136617,72960,3363272,49986,2642770,13542,130575,79053,1552390,0.193139,57153,2376577,0.29568,92942,3928967,0.488819,8037679
4,2021-04-03,101141,6237758,54083,3417355,33673,2676443,13385,143960,52701,1570499,0.195392,48247,2424824,0.301682,66356,3995323,0.497074,8037679
4,2021-04-04,46836,6284594,24720,3442075,14599,2691042,7517,151477,20441,1572205,0.195604,26291,2451115,0.304953,27997,4023320,0.500557,8037679
4,2021-04-05,109188,6393782,61432,3503507,34986,2726028,12770,164247,57027,1590634,0.197897,51966,2503081,0.311418,70395,4093715,0.509316,8037679
4,2021-04-06,138672,6532454,78067,3581574,40886,2766914,19719,183966,72164,1616872,0.201162,66284,2569365,0.319665,92522,4186237,0.520827,8037679
4,2021-04-07,137344,6669798,77856,3659430,38801,2805715,20687,204653,71207,1643189,0.204436,65896,2635261,0.327863,92213,4278450,0.532299,8037679
4,2021-04-08,139868,6809666,77987,3737417,36470,2842185,25411,230064,69567,1668794,0.207621,70020,2705281,0.336575,95625,4374075,0.544196,8037679
4,2021-04-09,137491,6947157,75500,3812917,39057,2881242,22934,252998,65686,1686877,0.209871,71589,2776870,0.345482,89672,4463747,0.555353,8037679
4,2021-04-10,103217,7050374,51181,3864098,33211,2914453,18825,271823,46427,1696618,0.211083,56583,2833453,0.352521,66324,4530071,0.563604,8037679
4,2021-04-11,62328,7112702,38023,3902121,13147,2927600,11158,282981,27361,1701358,0.211673,34869,2868322,0.356859,39609,4569680,0.568532,8037679
4,2021-04-12,102665,7215367,62444,3964565,30094,2957694,10127,293108,51779,1713890,0.213232,50599,2918921,0.363155,63131,4632811,0.576387,8037679
4,2021-04-13,130166,7345533,81666,4046231,48336,3006030,164,293272,78007,1741039,0.21661,51883,2970804,0.36961,79032,4711843,0.586219,8037679
4,2021-04-14,135325,7480858,86241,4132472,49009,3055039,75,293347,74987,1757312,0.218634,60018,3030822,0.377077,76291,4788134,0.595711,8037679
4,2021-04-15,156042,7636900,103898,4236370,52080,3107119,64,293411,95872,1794185,0.223222,59824,3090646,0.38452,96697,4884831,0.607741,8037679
4,2021-04-16,143388,7780288,90935,4327305,52375,3159494,78,293489,83488,1818863,0.226292,59610,3150256,0.391936,84288,4969119,0.618228,8037679
4,2021-04-17,100830,7881118,63682,4390987,37124,3196618,24,293513,59209,1837887,0.228659,41357,3191613,0.397081,60381,5029500,0.62574,8037679
4,2021-04-18,56248,7937366,38234,4429221,18011,3214629,3,293516,31972,1846661,0.229751,24156,3215769,0.400087,32930,5062430,0.629837,8037679
4,2021-04-19,101261,8038627,66772,4495993,34471,3249100,18,293534,51770,1849790,0.23014,49259,3265028,0.406215,52388,5114818,0.636355,8037679
4,2021-04-20,131380,8170007,78365,4574358,52999,3302099,16,293550,68679,1857153,0.231056,62410,3327438,0.41398,69773,5184591,0.645036,8037679
4,2021-04-21,133663,8303670,87285,4661643,46325,3348424,53,293603,67606,1860173,0.231432,65696,3393134,0.422153,68716,5253307,0.653585,8037679
4,2021-04-22,140334,8444004,93203,4754846,47109,3395533,22,293625,62925,1847177,0.229815,77065,3470199,0.431741,64069,5317376,0.661556,8037679
4,2021-04-23,133873,8577877,87218,4842064,46631,3442164,24,293649,58232,1831307,0.22784,75317,3545516,0.441112,59447,5376823,0.668952,8037679
4,2021-04-24,97418,8675295,66061,4908125,31307,3473471,50,293699,44818,1824915,0.227045,52326,3597842,0.447622,45934,5422757,0.674667,8037679
4,2021-04-25,49610,8724905,35261,4943386,14324,3487795,25,293724,26194,1828295,0.227466,23281,3621123,0.450518,26661,5449418,0.677984,8037679
4,2021-04-26,91463,8816368,59965,5003351,31101,3518896,397,294121,36066,1810983,0.225312,55114,3676237,0.457375,37802,5487220,0.682687,8037679
4,2021-04-27,113252,8929620,69204,5072555,41746,3560642,2302,296423,40915,1782960,0.221825,72041,3748278,0.466338,44018,5531238,0.688164,8037679
4,2021-04-28,103472,9033092,67612,5140167,33351,3593993,2509,298932,38006,1758964,0.21884,65176,3813454,0.474447,41180,5572418,0.693287,8037679
4,2021-04-29,104926,9138018,67044,5207211,35364,3629357,2518,301450,34014,1725511,0.214678,70594,3884048,0.48323,37141,5609559,0.697908,8037679
4,2021-04-30,104531,9242549,66289,5273500,35571,3664928,2671,304121,36035,1696742,0.211099,68141,3952189,0.491708,39372,5648931,0.702806,8037679
4,2021-05-01,68778,9311327,45743,5319243,21283,3686211,1752,305873,19998,1670579,0.207843,48554,4000743,0.497749,22391,5671322,0.705592,8037679
4,2021-05-02,37391,9348718,26532,5345775,9580,3695791,1279,307152,10496,1655710,0.205994,26788,4027531,0.501081,11919,5683241,0.707075,8037679
4,2021-05-03,78172,9426890,54410,5400185,21296,3717087,2466,309618,19170,1618948,0.20142,58767,4086298,0.508393,22005,5705246,0.709813,8037679
4,2021-05-04,100660,9527550,68909,5469094,28997,3746084,2754,312372,22710,1567113,0.194971,77686,4163984,0.518058,25851,5731097,0.713029,8037679
4,2021-05-05,101355,9628905,71479,5540573,27156,3773240,2720,315092,22054,1513192,0.188262,78985,4242969,0.527885,25064,5756161,0.716147,8037679
4,2021-05-06,110920,9739825,83144,5623717,24853,3798093,2923,318015,19671,1446101,0.179915,90808,4333777,0.539183,23717,5779878,0.719098,8037679
4,2021-05-07,104057,9843882,74851,5698568,26530,3824623,2676,320691,20591,1386658,0.17252,83127,4416904,0.549525,23684,5803562,0.722045,8037679
4,2021-05-08,68660,9912542,47637,5746205,19102,3843725,1921,322612,13678,1347847,0.167691,54767,4471671,0.556339,15956,5819518,0.72403,8037679
4,2021-05-09,34042,9946584,27882,5774087,5222,3848947,938,323550,7501,1329943,0.165464,26439,4498110,0.559628,8535,5828053,0.725092,8037679
4,2021-05-10,64395,10010979,43120,5817207,18967,3867914,2308,325858,11009,1290379,0.160541,53196,4551306,0.566246,13632,5841685,0.726788,8037679
4,2021-05-11,82042,10093021,51223,5868430,28643,3896557,2176,328034,15822,1242876,0.154631,66001,4617307,0.574458,18498,5860183,0.729089,8037679
4,2021-05-12,79049,10172070,52666,5921096,23890,3920447,2493,330527,16659,1200283,0.149332,62122,4679429,0.582187,19529,5879712,0.731519,8037679
4,2021-05-13,103747,10275817,76484,5997580,25743,3946190,1520,332047,40299,1179969,0.146805,63140,4742569,0.590042,42826,5922538,0.736847,8037679
4,2021-05-14,104049,10379866,73542,6071122,28376,3974566,2131,334178,40126,1159116,0.14421,63635,4806204,0.597959,42782,5965320,0.742169,8037679
4,2021-05-15,84912,10464778,65680,6136802,17912,3992478,1320,335498,37513,1151066,0.143209,47173,4853377,0.603828,39123,6004443,0.747037,8037679
4,2021-05-16,50632,10515410,41209,6178011,8714,4001192,709,336207,20894,1143204,0.142231,29602,4882979,0.607511,21740,6026183,0.749742,8037679
4,2021-05-17,70704,10586114,51677,6229688,17185,4018377,1842,338049,27987,1130730,0.140679,42527,4925506,0.612802,30053,6056236,0.753481,8037679
4,2021-05-18,81147,10667261,52818,6282506,26587,4044964,1742,339791,29084,1110200,0.138124,51717,4977223,0.619236,31187,6087423,0.757361,8037679
4,2021-05-19,76150,10743411,51530,6334036,22678,4067642,1942,341733,30751,1098040,0.136612,45137,5022360,0.624852,32977,6120400,0.761464,8037679
4,2021-05-20,68310,10811721,43876,6377912,22447,4090089,1987,343720,25311,1082949,0.134734,42730,5065090,0.630168,27639,6148039,0.764902,8037679
4,2021-05-21,73025,10884746,48198,6426110,22967,4113056,1860,345580,25815,1063946,0.13237,46941,5112031,0.636008,27938,6175977,0.768378,8037679
4,2021-05-22,49332,10934078,34608,6460718,13445,4126501,1279,346859,21486,1059229,0.131783,27700,5139731,0.639455,22983,6198960,0.771238,8037679
4,2021-05-23,23430,10957508,16943,6477661,5769,4132270,718,347577,9677,1056098,0.131393,13634,5153365,0.641151,10503,6209463,0.772544,8037679
4,2021-05-24,42830,11000338,27268,6504929,12572,4144842,2990,350567,15025,1046711,0.130226,27603,5180968,0.644585,18216,6227679,0.774811,8037679
4,2021-05-25,44660,11044998,27765,6532694,14083,4158925,2812,353379,15866,1037043,0.129023,28578,5209546,0.648141,18910,6246589,0.777163,8037679
4,2021-05-26,44256,11089254,26587,6559281,15082,4174007,2587,355966,15760,1027263,0.127806,28300,5237846,0.651662,18520,6265109,0.779467,8037679
4,2021-05-27,38669,11127923,23248,6582529,12298,4186305,3123,359089,14585,1021236,0.127056,23904,5261750,0.654635,17877,6282986,0.781692,8037679
4,2021-05-28,43036,11170959,27451,6609980,13991,4200296,1594,360683,18802,1017854,0.126635,24002,5285752,0.657622,20620,6303606,0.784257,8037679
4,2021-05-29,23472,11194431,15272,6625252,7266,4207562,934,361617,10815,1017193,0.126553,12540,5298292,0.659182,11879,6315485,0.785735,8037679
4,2021-05-30,11920,11206351,8368,6633620,3028,4210590,524,362141,4964,1015850,0.126386,6899,5305191,0.66004,5556,6321041,0.786426,8037679
4,2021-05-31,3535,11209886,2245,6635865,1132,4211722,158,362299,1131,1014789,0.126254,2372,5307563,0.660335,1311,6322352,0.786589,8037679
4,2021-06-01,39235,11249121,24395,6660260,12400,4224122,2440,364739,13012,1004430,0.124965,26028,5333591,0.663574,15669,6338021,0.788539,8037679
4,2021-06-02,32329,11281450,20210,6680470,9341,4233463,2778,367517,10819,996830,0.12402,21345,5354936,0.666229,13745,6351766,0.790249,8037679
4,2021-06-03,47752,11329202,36640,6717110,8662,4242125,2450,369967,10380,972740,0.121022,37225,5392161,0.67086,13135,6364901,0.791883,8037679
4,2021-06-04,54439,11383641,43840,6760950,9280,4251405,1319,371286,12792,946220,0.117723,41431,5433592,0.676015,14911,6379812,0.793738,8037679
4,2021-06-05,44414,11428055,38042,6798992,5379,4256784,993,372279,8738,920695,0.114547,35530,5469122,0.680435,10005,6389817,0.794983,8037679
4,2021-06-06,20995,11449050,18733,6817725,1706,4258490,556,372835,3972,908685,0.113053,16923,5486045,0.682541,4913,6394730,0.795594,8037679
4,2021-06-07,38410,11487460,31085,6848810,5416,4263906,1909,374744,8423,889426,0.110657,29864,5515909,0.686256,10605,6405335,0.796914,8037679
4,2021-06-08,40277,11527737,31617,6880427,6134,4270040,2526,377270,9463,871117,0.108379,30632,5546541,0.690067,12323,6417658,0.798447,8037679
4,2021-06-09,38679,11566416,30675,6911102,5654,4275694,2350,379620,7941,851186,0.105899,30577,5577118,0.693872,10646,6428304,0.799771,8037679
4,2021-06-10,36888,11603304,29080,6940182,5205,4280899,2603,382223,8568,834446,0.103817,28172,5605290,0.697377,11432,6439736,0.801193,8037679
4,2021-06-11,37993,11641297,29837,6970019,6147,4287046,2009,384232,9849,818651,0.101852,27997,5633287,0.70086,12202,6451938,0.802712,8037679
4,2021-06-12,26347,11667644,21941,6991960,3699,4290745,707,384939,6090,805505,0.100216,20156,5653443,0.703368,7010,6458948,0.803584,8037679
4,2021-06-13,10725,11678369,8463,7000423,1785,4292530,477,385416,2274,799966,0.099527,8394,5661837,0.704412,2855,6461803,0.803939,8037679
4,2021-06-14,28376,11706745,21238,7021661,4347,4296877,2791,388207,7759,790243,0.098317,20489,5682326,0.706961,10766,6472569,0.805278,8037679
4,2021-06-15,29724,11736469,21035,7042696,5298,4302175,3391,391598,8288,780872,0.097151,21300,5703626,0.709611,11929,6484498,0.806762,8037679
4,2021-06-16,26303,11762772,19810,7062506,3897,4306072,2596,394194,8024,773577,0.096244,18118,5721744,0.711865,10823,6495321,0.808109,8037679
4,2021-06-17,24874,11787646,18371,7080877,3640,4309712,2863,397057,7558,767043,0.095431,17136,5738880,0.713997,10602,6505923,0.809428,8037679
4,2021-06-18,26341,11813987,20775,7101652,4363,4314075,1203,398260,8175,758697,0.094393,17972,5756852,0.716233,9626,6515549,0.810626,8037679
4,2021-06-19,15629,11829616,12650,7114302,2289,4316364,690,398950,5040,754150,0.093827,10442,5767294,0.717532,5895,6521444,0.811359,8037679
4,2021-06-20,7331,11836947,6042,7120344,983,4317347,306,399256,2625,752508,0.093623,4650,5771944,0.718111,3008,6524452,0.811733,8037679
4,2021-06-21,14381,11851328,10411,7130755,2847,4320194,1123,400379,7300,754081,0.093818,7006,5778950,0.718982,8579,6533031,0.812801,8037679
4,2021-06-22,20227,11871555,15786,7146541,3389,4323583,1052,401431,7047,749265,0.093219,13066,5792016,0.720608,8250,6541281,0.813827,8037679
4,2021-06-23,18053,11889608,14176,7160717,2911,4326494,966,402397,6612,745643,0.092768,11329,5803345,0.722018,7707,6548988,0.814786,8037679
4,2021-06-24,16961,11906569,13187,7173904,2818,4329312,956,403353,6287,742472,0.092374,10550,5813895,0.72333,7379,6556367,0.815704,8037679
4,2021-06-25,20854,11927423,16433,7190337,3421,4332733,1000,404353,7556,738013,0.091819,13177,5827072,0.724969,8718,6565085,0.816789,8037679
4,2021-06-26,11498,11938921,9240,7199577,1706,4334439,552,404905,4159,735571,0.091515,7249,5834321,0.725871,4807,6569892,0.817387,8037679
4,2021-06-27,4327,11943248,3326,7202903,791,4335230,210,405115,1848,735190,0.091468,2459,5836780,0.726177,2078,6571970,0.817645,8037679
