hpiquartile,administered_date,total_doses,cumulative_total_doses,pfizer_doses,cumulative_pfizer_doses,moderna_doses,cumulative_moderna_doses,jj_doses,cumulative_jj_doses,partially_vaccinated,total_partially_vaccinated,pct_age16pop_partially_vaccinated,fully_vaccinated,cumulative_fully_vaccinated,pct_age16pop_fully_vaccinated,at_least_one_dose,cumulative_at_least_one_dose,pct_age16pop_at_least_one_dose,age16_population
1,2020-12-15,144,144,144,144,0,0,0,0,144,144,1.8e-05,0,0,0.0,144,144,1.8e-05,8051741
1,2020-12-16,1277,1421,1277,1421,0,0,0,0,1277,1421,0.000176,0,0,0.0,1277,1421,0.000176,8051741
1,2020-12-17,4101,5522,4101,5522,0,0,0,0,4102,5523,0.000686,0,0,0.0,4102,5523,0.000686,8051741
1,2020-12-18,6074,11596,6032,11554,42,42,0,0,6079,11602,0.001441,0,0,0.0,6079,11602,0.001441,8051741
1,2020-12-19,2782,14378,2781,14335,1,43,0,0,2782,14383,0.001786,1,1,0.0,2782,14384,0.001786,8051741
1,2020-12-20,2030,16408,2027,16362,3,46,0,0,2032,16415,0.002039,0,1,0.0,2032,16416,0.002039,8051741
1,2020-12-21,7854,24262,7841,24203,13,59,0,0,7910,24325,0.003021,0,1,0.0,7910,24326,0.003021,8051741
1,2020-12-22,7388,31650,6945,31148,443,502,0,0,7392,31716,0.003939,1,2,0.0,7392,31718,0.003939,8051741
1,2020-12-23,7587,39237,6324,37472,1263,1765,0,0,7585,39301,0.004881,0,2,0.0,7585,39303,0.004881,8051741
1,2020-12-24,3267,42504,2323,39795,944,2709,0,0,3268,42569,0.005287,0,2,0.0,3268,42571,0.005287,8051741
1,2020-12-25,230,42734,147,39942,83,2792,0,0,230,42799,0.005315,0,2,0.0,230,42801,0.005316,8051741
1,2020-12-26,1328,44062,966,40908,362,3154,0,0,1328,44126,0.00548,1,3,0.0,1328,44129,0.005481,8051741
1,2020-12-27,852,44914,527,41435,325,3479,0,0,853,44979,0.005586,0,3,0.0,853,44982,0.005587,8051741
1,2020-12-28,7182,52096,4974,46409,2208,5687,0,0,7181,52160,0.006478,0,3,0.0,7181,52163,0.006478,8051741
1,2020-12-29,8727,60823,4961,51370,3766,9453,0,0,8722,60880,0.007561,2,5,1e-06,8722,60885,0.007562,8051741
1,2020-12-30,11281,72104,6254,57624,5027,14480,0,0,11302,72182,0.008965,0,5,1e-06,11302,72187,0.008965,8051741
1,2020-12-31,5762,77866,1878,59502,3884,18364,0,0,5939,78121,0.009702,0,5,1e-06,5939,78126,0.009703,8051741
1,2021-01-01,486,78352,159,59661,327,18691,0,0,486,78607,0.009763,0,5,1e-06,486,78612,0.009763,8051741
1,2021-01-02,2725,81077,1616,61277,1109,19800,0,0,2824,81431,0.010113,0,5,1e-06,2824,81436,0.010114,8051741
1,2021-01-03,995,82072,532,61809,463,20263,0,0,995,82425,0.010237,1,6,1e-06,995,82431,0.010238,8051741
1,2021-01-04,7266,89338,3535,65344,3731,23994,0,0,7293,89717,0.011143,1,7,1e-06,7293,89724,0.011143,8051741
1,2021-01-05,10864,100202,5213,70557,5651,29645,0,0,10131,99127,0.012311,782,789,9.8e-05,10192,99916,0.012409,8051741
1,2021-01-06,14009,114211,7115,77672,6894,36539,0,0,12211,109555,0.013606,1789,2578,0.00032,12217,112133,0.013927,8051741
1,2021-01-07,17673,131884,9265,86937,8408,44947,0,0,13309,118637,0.014734,4233,6811,0.000846,13315,125448,0.01558,8051741
1,2021-01-08,20066,151950,10322,97259,9744,54691,0,0,14356,127290,0.015809,5708,12519,0.001555,14361,139809,0.017364,8051741
1,2021-01-09,6489,158439,3261,100520,3228,57919,0,0,4788,130324,0.016186,1757,14276,0.001773,4791,144600,0.017959,8051741
1,2021-01-10,3002,161441,1706,102226,1296,59215,0,0,1850,131029,0.016273,1146,15422,0.001915,1851,146451,0.018189,8051741
1,2021-01-11,18326,179767,12071,114297,6255,65470,0,0,11432,135740,0.016858,6763,22185,0.002755,11474,157925,0.019614,8051741
1,2021-01-12,19200,198967,10760,125057,8440,73910,0,0,13129,142892,0.017747,6054,28239,0.003507,13206,171131,0.021254,8051741
1,2021-01-13,19790,218757,10462,135519,9328,83238,0,0,14829,152753,0.018971,4985,33224,0.004126,14846,185977,0.023098,8051741
1,2021-01-14,22312,241069,9327,144846,12985,96223,0,0,19641,169855,0.021095,2596,35820,0.004449,19698,205675,0.025544,8051741
1,2021-01-15,25342,266411,9500,154346,15842,112065,0,0,23371,191324,0.023762,1968,37788,0.004693,23437,229112,0.028455,8051741
1,2021-01-16,14118,280529,4510,158856,9608,121673,0,0,13370,203856,0.025318,840,38628,0.004797,13372,242484,0.030116,8051741
1,2021-01-17,5952,286481,1931,160787,4021,125694,0,0,5758,209250,0.025988,369,38997,0.004843,5763,248247,0.030831,8051741
1,2021-01-18,14811,301292,8974,169761,5837,131531,0,0,11488,217479,0.02701,3321,42318,0.005256,11550,259797,0.032266,8051741
1,2021-01-19,24158,325450,12844,182605,11314,142845,0,0,19038,231455,0.028746,5108,47426,0.00589,19084,278881,0.034636,8051741
1,2021-01-20,27444,352894,13283,195888,14161,157006,0,0,22110,248278,0.030835,5314,52740,0.00655,22137,301018,0.037385,8051741
1,2021-01-21,30987,383881,14976,210864,16011,173017,0,0,28164,273652,0.033987,2883,55623,0.006908,28257,329275,0.040895,8051741
1,2021-01-22,27219,411100,10890,221754,16329,189346,0,0,25392,297189,0.03691,1874,57497,0.007141,25411,354686,0.044051,8051741
1,2021-01-23,18291,429391,8079,229833,10212,199558,0,0,16462,311820,0.038727,1842,59339,0.00737,16473,371159,0.046097,8051741
1,2021-01-24,6432,435823,4081,233914,2351,201909,0,0,5803,316987,0.039369,640,59979,0.007449,5807,376966,0.046818,8051741
1,2021-01-25,25346,461169,10139,244053,15207,217116,0,0,19885,331498,0.041171,5520,65499,0.008135,20031,396997,0.049306,8051741
1,2021-01-26,28325,489494,13295,257348,15030,232146,0,0,21785,346786,0.04307,6531,72030,0.008946,21819,418816,0.052016,8051741
1,2021-01-27,30823,520317,15300,272648,15523,247669,0,0,23070,362091,0.044971,7789,79819,0.009913,23094,441910,0.054884,8051741
1,2021-01-28,34262,554579,16236,288884,18026,265695,0,0,27808,383252,0.047599,6700,86519,0.010745,27861,469771,0.058344,8051741
1,2021-01-29,33583,588162,16432,305316,17151,282846,0,0,27525,404499,0.050237,6325,92844,0.011531,27572,497343,0.061768,8051741
1,2021-01-30,20514,608676,8594,313910,11920,294766,0,0,18543,421078,0.052297,1972,94816,0.011776,18551,515894,0.064072,8051741
1,2021-01-31,8384,617060,5165,319075,3219,297985,0,0,7958,428303,0.053194,735,95551,0.011867,7960,523854,0.065061,8051741
1,2021-02-01,27865,644925,12047,331122,15818,313803,0,0,20813,441876,0.05488,7244,102795,0.012767,20817,544671,0.067646,8051741
1,2021-02-02,31369,676294,11325,342447,20044,333847,0,0,23644,457805,0.056858,7747,110542,0.013729,23676,568347,0.070587,8051741
1,2021-02-03,38844,715138,14690,357137,24154,358001,0,0,28264,475493,0.059055,10605,121147,0.015046,28293,596640,0.074101,8051741
1,2021-02-04,43917,759055,16993,374130,26924,384925,0,0,32074,495666,0.06156,11946,133093,0.01653,32119,628759,0.07809,8051741
1,2021-02-05,46513,805568,17259,391389,29254,414179,0,0,30817,510768,0.063436,15763,148856,0.018487,30865,659624,0.081923,8051741
1,2021-02-06,26163,831731,10496,401885,15667,429846,0,0,20382,525424,0.065256,5741,154597,0.0192,20397,680021,0.084456,8051741
1,2021-02-07,6019,837750,3834,405719,2185,432031,0,0,4489,528412,0.065627,1520,156117,0.019389,4508,684529,0.085016,8051741
1,2021-02-08,30888,868638,14036,419755,16852,448883,0,0,20578,538682,0.066903,10384,166501,0.020679,20654,705183,0.087581,8051741
1,2021-02-09,37762,906400,16347,436102,21415,470298,0,0,22970,546886,0.067921,14847,181348,0.022523,23051,728234,0.090444,8051741
1,2021-02-10,46206,952606,21677,457779,24529,494827,0,0,26915,554452,0.068861,19427,200775,0.024936,26993,755227,0.093797,8051741
1,2021-02-11,51096,1003702,25513,483292,25583,520410,0,0,30674,564465,0.070105,20758,221533,0.027514,30771,785998,0.097618,8051741
1,2021-02-12,49292,1052994,21014,504306,28278,548688,0,0,28661,572582,0.071113,20670,242203,0.030081,28787,814785,0.101194,8051741
1,2021-02-13,26572,1079566,11007,515313,15565,564253,0,0,15213,576570,0.071608,11305,253508,0.031485,15293,830078,0.103093,8051741
1,2021-02-14,12161,1091727,5297,520610,6864,571117,0,0,6482,577508,0.071725,5656,259164,0.032187,6594,836672,0.103912,8051741
1,2021-02-15,23385,1115112,9167,529777,14218,585335,0,0,14217,582712,0.072371,9180,268344,0.033327,14384,851056,0.105698,8051741
1,2021-02-16,45238,1160350,21605,551382,23633,608968,0,0,27175,591882,0.07351,18205,286549,0.035588,27375,878431,0.109098,8051741
1,2021-02-17,47185,1207535,24043,575425,23142,632110,0,0,26302,597483,0.074205,20920,307469,0.038187,26521,904952,0.112392,8051741
1,2021-02-18,49890,1257425,24817,600242,25073,657183,0,0,26411,600689,0.074604,23512,330981,0.041107,26718,931670,0.11571,8051741
1,2021-02-19,45206,1302631,24442,624684,20764,677947,0,0,26656,608826,0.075614,18590,349571,0.043416,26727,958397,0.11903,8051741
1,2021-02-20,25538,1328169,15537,640221,10001,687948,0,0,14972,613057,0.07614,10819,360390,0.044759,15050,973447,0.120899,8051741
1,2021-02-21,9375,1337544,8299,648520,1076,689024,0,0,5858,615368,0.076427,3702,364092,0.045219,6013,979460,0.121646,8051741
1,2021-02-22,30441,1367985,20653,669173,9788,698812,0,0,19104,622894,0.077361,11769,375861,0.046681,19295,998755,0.124042,8051741
1,2021-02-23,42738,1410723,20536,689709,22202,721014,0,0,24303,629155,0.078139,18448,394309,0.048972,24709,1023464,0.127111,8051741
1,2021-02-24,54192,1464915,26935,716644,27257,748271,0,0,32333,639843,0.079466,22144,416453,0.051722,32832,1056296,0.131189,8051741
1,2021-02-25,64811,1529726,31696,748340,33115,781386,0,0,41233,657823,0.081699,23800,440253,0.054678,41780,1098076,0.136377,8051741
1,2021-02-26,72284,1602010,33711,782051,38573,819959,0,0,48882,683341,0.084869,23831,464084,0.057638,49349,1147425,0.142506,8051741
1,2021-02-27,48323,1650333,20747,802798,27573,847532,3,3,31938,698761,0.086784,16792,480876,0.059723,32212,1179637,0.146507,8051741
1,2021-02-28,18704,1669037,10869,813667,7835,855367,0,3,13720,707309,0.087845,5407,486283,0.060395,13955,1193592,0.14824,8051741
1,2021-03-01,42984,1712021,19292,832959,23686,879053,6,9,28310,720814,0.089523,15108,501391,0.062271,28613,1222205,0.151794,8051741
1,2021-03-02,57281,1769302,23338,856297,33941,912994,2,11,37016,738072,0.091666,20525,521916,0.06482,37783,1259988,0.156486,8051741
1,2021-03-03,68659,1837961,33162,889459,35486,948480,11,22,41833,754067,0.093653,26629,548545,0.068128,42624,1302612,0.16178,8051741
1,2021-03-04,75254,1913215,35165,924624,40060,988540,29,51,48552,776652,0.096458,26547,575092,0.071425,49132,1351744,0.167882,8051741
1,2021-03-05,74183,1987398,32784,957408,41203,1029743,196,247,50012,803754,0.099824,23942,599034,0.074398,51044,1402788,0.174222,8051741
1,2021-03-06,55661,2043059,27190,984598,27163,1056906,1308,1555,38741,827468,0.102769,16931,615965,0.076501,40645,1443433,0.17927,8051741
1,2021-03-07,19080,2062139,12162,996760,6129,1063035,789,2344,14339,838177,0.104099,4722,620687,0.077087,15431,1458864,0.181186,8051741
1,2021-03-08,42028,2104167,20159,1016919,20025,1083060,1844,4188,29276,857030,0.10644,12600,633287,0.078652,31453,1490317,0.185093,8051741
1,2021-03-09,58657,2162824,25512,1042431,30718,1113778,2427,6615,35800,873167,0.108444,22774,656061,0.081481,38911,1529228,0.189925,8051741
1,2021-03-10,70835,2233659,35057,1077488,31679,1145457,4099,10714,44709,896518,0.111345,26001,682062,0.08471,49352,1578580,0.196054,8051741
1,2021-03-11,86234,2319893,39942,1117430,38975,1184432,7317,18031,51638,921702,0.114472,34359,716421,0.088977,59543,1638123,0.20345,8051741
1,2021-03-12,95253,2415146,41568,1158998,40820,1225252,12865,30896,54773,949461,0.11792,40367,756788,0.093991,68126,1706249,0.211911,8051741
1,2021-03-13,62432,2477578,28789,1187787,26086,1251338,7557,38453,40183,975409,0.121143,22163,778951,0.096743,48111,1754360,0.217886,8051741
1,2021-03-14,26687,2504265,14244,1202031,8853,1260191,3590,42043,15751,984028,0.122213,10936,789887,0.098101,19555,1773915,0.220314,8051741
1,2021-03-15,65276,2569541,29625,1231656,28952,1289143,6699,48742,37906,1001963,0.124441,27112,816999,0.101469,45047,1818962,0.225909,8051741
1,2021-03-16,85129,2654670,39343,1270999,40322,1329465,5464,54206,53631,1030216,0.127949,31358,848357,0.105363,59611,1878573,0.233313,8051741
1,2021-03-17,92699,2747369,45790,1316789,40523,1369988,6386,60592,58932,1062412,0.131948,33641,881998,0.109541,65837,1944410,0.241489,8051741
1,2021-03-18,95056,2842425,49638,1366427,39725,1409713,5693,66285,57808,1089798,0.135349,36921,918919,0.114127,64307,2008717,0.249476,8051741
1,2021-03-19,102499,2944924,53286,1419713,42824,1452537,6389,72674,61087,1116706,0.138691,41169,960088,0.11924,68077,2076794,0.257931,8051741
1,2021-03-20,68321,3013245,35733,1455446,27685,1480222,4903,77577,45098,1143937,0.142073,23113,983201,0.12211,50344,2127138,0.264184,8051741
1,2021-03-21,25983,3039228,18019,1473465,6228,1486450,1736,79313,16736,1153513,0.143263,9154,992355,0.123247,18730,2145868,0.26651,8051741
1,2021-03-22,57096,3096324,29999,1503464,24187,1510637,2910,82223,39271,1178405,0.146354,17710,1010065,0.125447,42602,2188470,0.271801,8051741
1,2021-03-23,81787,3178111,41846,1545310,36632,1547269,3309,85532,54007,1208746,0.150122,27624,1037689,0.128878,57965,2246435,0.279,8051741
1,2021-03-24,87208,3265319,45071,1590381,38018,1585287,4119,89651,52901,1232067,0.153019,34139,1071828,0.133118,57460,2303895,0.286136,8051741
1,2021-03-25,92702,3358021,48013,1638394,39359,1624646,5330,94981,53683,1252635,0.155573,38784,1110612,0.137934,59352,2363247,0.293508,8051741
1,2021-03-26,102292,3460313,49467,1687861,46719,1671365,6106,101087,57550,1272207,0.158004,44504,1155116,0.143462,64076,2427323,0.301466,8051741
1,2021-03-27,71155,3531468,37698,1725559,29847,1701212,3610,104697,36854,1278744,0.158816,34136,1189252,0.147701,40673,2467996,0.306517,8051741
1,2021-03-28,31347,3562815,20554,1746113,9584,1710796,1209,105906,16996,1282995,0.159344,14287,1203539,0.149476,18538,2486534,0.308819,8051741
1,2021-03-29,63774,3626589,32362,1778475,28873,1739669,2539,108445,36862,1295937,0.160951,26793,1230332,0.152803,39735,2526269,0.313754,8051741
1,2021-03-30,89246,3715835,44426,1822901,39372,1779041,5448,113893,52013,1316407,0.163493,37225,1267557,0.157426,57695,2583964,0.32092,8051741
1,2021-03-31,98135,3813970,52380,1875281,40051,1819092,5704,119597,56495,1337309,0.166089,41427,1308984,0.162572,62329,2646293,0.328661,8051741
1,2021-04-01,106755,3920725,51795,1927076,47077,1866169,7883,127480,56572,1351988,0.167913,49959,1358943,0.168776,64638,2710931,0.336689,8051741
1,2021-04-02,106002,4026727,48124,1975200,48864,1915033,9014,136494,54817,1365265,0.169561,50839,1409782,0.17509,64116,2775047,0.344652,8051741
1,2021-04-03,75340,4102067,38735,2013935,27804,1942837,8801,145295,36355,1371731,0.170365,38855,1448637,0.179916,45321,2820368,0.350281,8051741
1,2021-04-04,22421,4124488,11291,2025226,8066,1950903,3064,148359,9717,1371860,0.170381,12671,1461308,0.18149,12800,2833168,0.35187,8051741
1,2021-04-05,72145,4196633,35565,2060791,27822,1978725,8758,157117,34843,1378573,0.171214,37181,1498489,0.186107,43894,2877062,0.357322,8051741
1,2021-04-06,102018,4298651,49376,2110167,36703,2015428,15939,173056,47352,1387653,0.172342,54463,1552952,0.192872,63543,2940605,0.365214,8051741
1,2021-04-07,107989,4406640,52464,2162631,38987,2054415,16538,189594,50334,1397386,0.173551,57464,1610416,0.200008,67197,3007802,0.373559,8051741
1,2021-04-08,115490,4522130,55031,2217662,40074,2094489,20385,209979,52705,1408062,0.174877,62608,1673024,0.207784,73284,3081086,0.382661,8051741
1,2021-04-09,103198,4625328,44900,2262562,39883,2134372,18415,228394,46136,1415995,0.175862,56847,1729871,0.214844,64780,3145866,0.390706,8051741
1,2021-04-10,84044,4709372,37814,2300376,23874,2158246,22356,250750,32505,1419586,0.176308,51415,1781286,0.22123,55006,3200872,0.397538,8051741
1,2021-04-11,34538,4743910,18667,2319043,8868,2167114,7003,257753,14184,1420764,0.176454,20297,1801583,0.223751,21475,3222347,0.400205,8051741
1,2021-04-12,55734,4799644,23281,2342324,24919,2192033,7534,265287,24425,1421771,0.176579,31154,1832737,0.22762,32161,3254508,0.404199,8051741
1,2021-04-13,45158,4844802,21365,2363689,23706,2215739,87,265374,23913,1424848,0.176961,21150,1853887,0.230247,24227,3278735,0.407208,8051741
2,2020-12-15,227,227,227,227,0,0,0,0,233,233,3e-05,0,0,0.0,233,233,3e-05,7897587
2,2020-12-16,1908,2135,1908,2135,0,0,0,0,1917,2150,0.000272,0,0,0.0,1917,2150,0.000272,7897587
2,2020-12-17,6601,8736,6601,8736,0,0,0,0,6645,8795,0.001114,0,0,0.0,6645,8795,0.001114,7897587
2,2020-12-18,10794,19530,10773,19509,21,21,0,0,10855,19650,0.002488,0,0,0.0,10855,19650,0.002488,7897587
2,2020-12-19,5547,25077,5543,25052,4,25,0,0,5549,25199,0.003191,0,0,0.0,5549,25199,0.003191,7897587
2,2020-12-20,4237,29314,4231,29283,6,31,0,0,4233,29432,0.003727,0,0,0.0,4233,29432,0.003727,7897587
2,2020-12-21,12441,41755,12403,41686,38,69,0,0,12432,41864,0.005301,0,0,0.0,12432,41864,0.005301,7897587
2,2020-12-22,11769,53524,11321,53007,448,517,0,0,11772,53636,0.006791,0,0,0.0,11772,53636,0.006791,7897587
2,2020-12-23,11499,65023,9338,62345,2161,2678,0,0,11509,65145,0.008249,0,0,0.0,11509,65145,0.008249,7897587
2,2020-12-24,5770,70793,3416,65761,2354,5032,0,0,5769,70914,0.008979,0,0,0.0,5769,70914,0.008979,7897587
2,2020-12-25,477,71270,401,66162,76,5108,0,0,478,71392,0.00904,0,0,0.0,478,71392,0.00904,7897587
2,2020-12-26,2530,73800,1662,67824,868,5976,0,0,2533,73925,0.00936,0,0,0.0,2533,73925,0.00936,7897587
2,2020-12-27,2204,76004,1193,69017,1011,6987,0,0,2203,76127,0.009639,1,1,0.0,2203,76128,0.009639,7897587
2,2020-12-28,10609,86613,6911,75928,3698,10685,0,0,10611,86737,0.010983,1,2,0.0,10611,86739,0.010983,7897587
2,2020-12-29,12633,99246,7158,83086,5475,16160,0,0,12639,99376,0.012583,0,2,0.0,12639,99378,0.012583,7897587
2,2020-12-30,15405,114651,8755,91841,6650,22810,0,0,15465,114841,0.014541,0,2,0.0,15465,114843,0.014542,7897587
2,2020-12-31,7414,122065,2804,94645,4610,27420,0,0,7503,122343,0.015491,1,3,0.0,7503,122346,0.015492,7897587
2,2021-01-01,1057,123122,509,95154,548,27968,0,0,1060,123402,0.015625,1,4,1e-06,1060,123406,0.015626,7897587
2,2021-01-02,4833,127955,2791,97945,2042,30010,0,0,4830,128232,0.016237,0,4,1e-06,4830,128236,0.016237,7897587
2,2021-01-03,1403,129358,777,98722,626,30636,0,0,1383,129612,0.016412,3,7,1e-06,1383,129619,0.016412,7897587
2,2021-01-04,11589,140947,5490,104212,6099,36735,0,0,11577,141184,0.017877,5,12,2e-06,11577,141196,0.017878,7897587
2,2021-01-05,13471,154418,6816,111028,6655,43390,0,0,12353,152410,0.019298,1136,1148,0.000145,12362,153558,0.019444,7897587
2,2021-01-06,18493,172911,10250,121278,8243,51633,0,0,14851,163599,0.020715,3668,4816,0.00061,14857,168415,0.021325,7897587
2,2021-01-07,22562,195473,12623,133901,9939,61572,0,0,15360,171695,0.02174,7276,12092,0.001531,15372,183787,0.023271,7897587
2,2021-01-08,25740,221213,15814,149715,9926,71498,0,0,15833,177668,0.022496,9874,21966,0.002781,15847,199634,0.025278,7897587
2,2021-01-09,9358,230571,5388,155103,3970,75468,0,0,6103,180475,0.022852,3300,25266,0.003199,6107,205741,0.026051,7897587
2,2021-01-10,5239,235810,2905,158008,2334,77802,0,0,3035,181283,0.022954,2231,27497,0.003482,3039,208780,0.026436,7897587
2,2021-01-11,25437,261247,17474,175482,7963,85765,0,0,14986,185658,0.023508,10627,38124,0.004827,15002,223782,0.028335,7897587
2,2021-01-12,25307,286554,15832,191314,9475,95240,0,0,16121,192535,0.024379,9281,47405,0.006002,16158,239940,0.030381,7897587
2,2021-01-13,27524,314078,14586,205900,12938,108178,0,0,19811,204590,0.025905,7774,55179,0.006987,19829,259769,0.032892,7897587
2,2021-01-14,28951,343029,11236,217136,17715,125893,0,0,24931,225462,0.028548,4074,59253,0.007503,24946,284715,0.036051,7897587
2,2021-01-15,33913,376942,12524,229660,21389,147282,0,0,30791,253114,0.03205,3165,62418,0.007903,30817,315532,0.039953,7897587
2,2021-01-16,17291,394233,5545,235205,11746,159028,0,0,16062,267857,0.033916,1329,63747,0.008072,16072,331604,0.041988,7897587
2,2021-01-17,9945,404178,3507,238712,6438,165466,0,0,9269,276415,0.035,716,64463,0.008162,9274,340878,0.043162,7897587
2,2021-01-18,18754,422932,10559,249271,8195,173661,0,0,14241,286087,0.036225,4591,69054,0.008744,14263,355141,0.044968,7897587
2,2021-01-19,31386,454318,16574,265845,14812,188473,0,0,23602,301941,0.038232,7858,76912,0.009739,23712,378853,0.047971,7897587
2,2021-01-20,36133,490451,18001,283846,18132,206605,0,0,27605,321065,0.040654,8570,85482,0.010824,27694,406547,0.051477,7897587
2,2021-01-21,39028,529479,16112,299958,22916,229521,0,0,34563,351280,0.044479,4472,89954,0.01139,34687,441234,0.055869,7897587
2,2021-01-22,38768,568247,16206,316164,22562,252083,0,0,35526,383585,0.04857,3253,93207,0.011802,35558,476792,0.060372,7897587
2,2021-01-23,23810,592057,10761,326925,13049,265132,0,0,20908,401639,0.050856,2882,96089,0.012167,20936,497728,0.063023,7897587
2,2021-01-24,12244,604301,6050,332975,6194,271326,0,0,11351,412116,0.052183,884,96973,0.012279,11361,509089,0.064461,7897587
2,2021-01-25,31913,636214,15433,348408,16480,287806,0,0,23474,427202,0.054093,8450,105423,0.013349,23536,532625,0.067441,7897587
2,2021-01-26,38947,675161,19501,367909,19446,307252,0,0,30252,448820,0.05683,8709,114132,0.014452,30327,562952,0.071282,7897587
2,2021-01-27,43945,719106,22454,390363,21491,328743,0,0,34336,473670,0.059977,9532,123664,0.015658,34382,597334,0.075635,7897587
2,2021-01-28,46729,765835,21921,412284,24808,353551,0,0,38434,503837,0.063796,8316,131980,0.016711,38483,635817,0.080508,7897587
2,2021-01-29,44115,809950,21653,433937,22462,376013,0,0,35807,531354,0.067281,8322,140302,0.017765,35839,671656,0.085046,7897587
2,2021-01-30,30723,840673,13479,447416,17244,393257,0,0,27586,555853,0.070383,3114,143416,0.018159,27613,699269,0.088542,7897587
2,2021-01-31,16798,857471,10451,457867,6347,399604,0,0,15608,570300,0.072212,1178,144594,0.018309,15625,714894,0.090521,7897587
2,2021-02-01,39408,896879,19154,477021,20254,419858,0,0,29110,589077,0.074589,10364,154958,0.019621,29141,744035,0.09421,7897587
2,2021-02-02,47170,944049,19823,496844,27347,447205,0,0,35985,613907,0.077733,11250,166208,0.021045,36080,780115,0.098779,7897587
2,2021-02-03,52816,996865,23748,520592,29068,476273,0,0,39516,640104,0.081051,13397,179605,0.022742,39594,819709,0.103792,7897587
2,2021-02-04,54866,1051731,24003,544595,30863,507136,0,0,40323,665883,0.084315,14632,194237,0.024594,40411,860120,0.108909,7897587
2,2021-02-05,58147,1109878,25685,570280,32462,539598,0,0,39809,687482,0.08705,18404,212641,0.026925,40003,900123,0.113974,7897587
2,2021-02-06,38993,1148871,18094,588374,20899,560497,0,0,31535,711693,0.090115,7403,220044,0.027862,31614,931737,0.117977,7897587
2,2021-02-07,15779,1164650,10546,598920,5233,565730,0,0,11943,719877,0.091152,3823,223867,0.028346,12007,943744,0.119498,7897587
2,2021-02-08,41983,1206633,21462,620382,20521,586251,0,0,29213,736495,0.093256,12783,236650,0.029965,29401,973145,0.123221,7897587
2,2021-02-09,47869,1254502,22811,643193,25058,611309,0,0,30331,749484,0.0949,17660,254310,0.032201,30649,1003794,0.127101,7897587
2,2021-02-10,58672,1313174,27720,670913,30952,642261,0,0,34940,760963,0.096354,23810,278120,0.035216,35289,1039083,0.13157,7897587
2,2021-02-11,60353,1373527,27392,698305,32961,675222,0,0,35079,771252,0.097657,25266,303386,0.038415,35555,1074638,0.136072,7897587
2,2021-02-12,63072,1436599,27579,725884,35493,710715,0,0,34270,777249,0.098416,28918,332304,0.042077,34915,1109553,0.140493,7897587
2,2021-02-13,36676,1473275,15406,741290,21270,731985,0,0,21500,783761,0.099241,15367,347671,0.044022,21879,1131432,0.143263,7897587
2,2021-02-14,19156,1492431,9150,750440,10006,741991,0,0,11308,787432,0.099705,8062,355733,0.045043,11733,1143165,0.144749,7897587
2,2021-02-15,31944,1524375,14474,764914,17470,759461,0,0,18173,792733,0.100377,13711,369444,0.046779,19012,1162177,0.147156,7897587
2,2021-02-16,55071,1579446,27500,792414,27571,787032,0,0,29377,797380,0.100965,25644,395088,0.050026,30291,1192468,0.150991,7897587
2,2021-02-17,59808,1639254,30952,823366,28856,815888,0,0,29763,798145,0.101062,30173,425261,0.053847,30938,1223406,0.154909,7897587
2,2021-02-18,63784,1703038,32506,855872,31278,847166,0,0,31318,798410,0.101095,32589,457850,0.057973,32854,1256260,0.159069,7897587
2,2021-02-19,56686,1759724,31821,887693,24865,872031,0,0,28143,798533,0.101111,28740,486590,0.061612,28863,1285123,0.162724,7897587
2,2021-02-20,36437,1796161,23710,911403,12727,884758,0,0,20037,803016,0.101679,16576,503166,0.063711,21059,1306182,0.16539,7897587
2,2021-02-21,17358,1813519,13910,925313,3448,888206,0,0,8724,804401,0.101854,8782,511948,0.064823,10167,1316349,0.166677,7897587
2,2021-02-22,35225,1848744,24143,949456,11082,899288,0,0,16507,803403,0.101728,18778,530726,0.067201,17780,1334129,0.168929,7897587
2,2021-02-23,48001,1896745,25008,974464,22993,922281,0,0,21285,800321,0.101337,27172,557898,0.070642,24090,1358219,0.171979,7897587
2,2021-02-24,64948,1961693,33008,1007472,31940,954221,0,0,29457,797503,0.100981,35666,593564,0.075158,32848,1391067,0.176138,7897587
2,2021-02-25,70500,2032193,32485,1039957,38015,992236,0,0,35834,801999,0.10155,35022,628586,0.079592,39518,1430585,0.181142,7897587
2,2021-02-26,78507,2110700,33843,1073800,44664,1036900,0,0,42525,810649,0.102645,36166,664752,0.084172,44816,1475401,0.186817,7897587
2,2021-02-27,57000,2167700,26193,1099993,30803,1067703,4,4,31640,817922,0.103566,25876,690628,0.087448,33149,1508550,0.191014,7897587
2,2021-02-28,27641,2195341,17003,1116996,10638,1078341,0,4,16580,824630,0.104415,11508,702136,0.088905,18216,1526766,0.193321,7897587
2,2021-03-01,53412,2248753,27952,1144948,25448,1103789,12,16,29715,832224,0.105377,24045,726181,0.09195,31639,1558405,0.197327,7897587
2,2021-03-02,60603,2309356,28156,1173104,32443,1136232,4,20,34797,843875,0.106852,26265,752446,0.095275,37916,1596321,0.202128,7897587
2,2021-03-03,74709,2384065,35298,1208402,39409,1175641,2,22,41363,855123,0.108276,33327,785773,0.099495,44575,1640896,0.207772,7897587
2,2021-03-04,80510,2464575,38281,1246683,42206,1217847,23,45,46952,871362,0.110333,33556,819329,0.103744,49795,1690691,0.214077,7897587
2,2021-03-05,75383,2539958,35539,1282222,39553,1257400,291,336,45804,890667,0.112777,29518,848847,0.107482,48823,1739514,0.220259,7897587
2,2021-03-06,58050,2598008,28346,1310568,28068,1285468,1636,1972,35303,906799,0.11482,22681,871528,0.110354,38813,1778327,0.225173,7897587
2,2021-03-07,26778,2624786,15467,1326035,10381,1295849,930,2902,17100,916756,0.116081,9661,881189,0.111577,19618,1797945,0.227658,7897587
2,2021-03-08,47469,2672255,21573,1347608,23507,1319356,2389,5291,30288,933858,0.118246,17216,898405,0.113757,34318,1832263,0.232003,7897587
2,2021-03-09,61195,2733450,24689,1372297,32792,1352148,3714,9005,32524,943540,0.119472,28585,926990,0.117376,38267,1870530,0.236848,7897587
2,2021-03-10,72207,2805657,32926,1405223,33235,1385383,6046,15051,38239,955861,0.121032,33873,960863,0.121665,46194,1916724,0.242697,7897587
2,2021-03-11,88420,2894077,39945,1445168,40862,1426245,7613,22664,46920,971078,0.122959,41359,1002222,0.126902,56576,1973300,0.249861,7897587
2,2021-03-12,88742,2982819,36180,1481348,41575,1467820,10987,33651,45228,985334,0.124764,43355,1045577,0.132392,57611,2030911,0.257156,7897587
2,2021-03-13,65698,3048517,27092,1508440,30830,1498650,7776,41427,36287,1001303,0.126786,29415,1074992,0.136117,45384,2076295,0.262902,7897587
2,2021-03-14,35323,3083840,17708,1526148,13263,1511913,4352,45779,18794,1008811,0.127737,16427,1091419,0.138197,23935,2100230,0.265933,7897587
2,2021-03-15,64258,3148098,28078,1554226,31400,1543313,4780,50559,36243,1023443,0.129589,27978,1119397,0.141739,42610,2142840,0.271328,7897587
2,2021-03-16,83694,3231792,36350,1590576,43410,1586723,3934,54493,51413,1048543,0.132768,32149,1151546,0.14581,57249,2200089,0.278577,7897587
2,2021-03-17,87770,3319562,41645,1632221,42265,1628988,3860,58353,56817,1079723,0.136716,30794,1182340,0.149709,61974,2262063,0.286425,7897587
2,2021-03-18,93196,3412758,43572,1675793,45349,1674337,4275,62628,58184,1108998,0.140422,34861,1217201,0.154123,64136,2326199,0.294546,7897587
2,2021-03-19,92464,3505222,43559,1719352,43145,1717482,5760,68388,56251,1135885,0.143827,36035,1253236,0.158686,62922,2389121,0.302513,7897587
2,2021-03-20,68042,3573264,32165,1751517,32031,1749513,3846,72234,45676,1163816,0.147363,22260,1275496,0.161505,50191,2439312,0.308868,7897587
2,2021-03-21,32753,3606017,21082,1772599,9699,1759212,1972,74206,21051,1176333,0.148948,11737,1287233,0.162991,24254,2463566,0.311939,7897587
2,2021-03-22,61272,3667289,33320,1805919,24908,1784120,3044,77250,41225,1202093,0.15221,19905,1307138,0.165511,45665,2509231,0.317721,7897587
2,2021-03-23,80511,3747800,42369,1848288,35171,1819291,2971,80221,53360,1233013,0.156125,26968,1334106,0.168926,57888,2567119,0.325051,7897587
2,2021-03-24,87338,3835138,46416,1894704,37623,1856914,3299,83520,53336,1257650,0.159245,33814,1367920,0.173207,58451,2625570,0.332452,7897587
2,2021-03-25,97268,3932406,48066,1942770,45526,1902440,3676,87196,56882,1279345,0.161992,40186,1408106,0.178296,61881,2687451,0.340288,7897587
2,2021-03-26,97666,4030072,47990,1990760,46312,1948752,3364,90560,55323,1297569,0.164299,42077,1450183,0.183624,60301,2747752,0.347923,7897587
2,2021-03-27,71990,4102062,35196,2025956,33604,1982356,3190,93750,37613,1305031,0.165244,34222,1484405,0.187957,41684,2789436,0.353201,7897587
2,2021-03-28,36412,4138474,22148,2048104,13487,1995843,777,94527,20607,1311405,0.166051,15747,1500152,0.189951,22121,2811557,0.356002,7897587
2,2021-03-29,68455,4206929,34883,2082987,31316,2027159,2256,96783,40343,1327524,0.168092,27969,1528121,0.193492,44088,2855645,0.361584,7897587
2,2021-03-30,88083,4295012,42516,2125503,41682,2068841,3885,100668,54750,1353990,0.171444,33205,1561326,0.197697,59671,2915316,0.36914,7897587
2,2021-03-31,97037,4392049,49150,2174653,43097,2111938,4790,105458,58525,1379355,0.174655,38347,1599673,0.202552,63712,2979028,0.377207,7897587
2,2021-04-01,111842,4503891,52915,2227568,50432,2162370,8495,113953,62442,1401997,0.177522,49188,1648861,0.20878,71830,3050858,0.386303,7897587
2,2021-04-02,105373,4609264,48925,2276493,47081,2209451,9367,123320,58530,1423809,0.180284,46626,1695487,0.214684,68438,3119296,0.394968,7897587
2,2021-04-03,73054,4682318,34775,2311268,28988,2238439,9291,132611,37248,1435244,0.181732,35691,1731178,0.219203,47126,3166422,0.400935,7897587
2,2021-04-04,28523,4710841,14202,2325470,10644,2249083,3677,136288,13179,1436884,0.18194,15303,1746481,0.221141,16943,3183365,0.403081,7897587
2,2021-04-05,76460,4787301,37297,2362767,30812,2279895,8351,144639,37961,1445736,0.18306,38399,1784880,0.226003,47251,3230616,0.409064,7897587
2,2021-04-06,98981,4886282,47786,2410553,37296,2317191,13899,158538,48012,1457751,0.184582,50781,1835661,0.232433,62796,3293412,0.417015,7897587
2,2021-04-07,104717,4990999,51889,2462442,37665,2354856,15163,173701,50456,1470339,0.186176,54117,1889778,0.239285,66705,3360117,0.425461,7897587
2,2021-04-08,112097,5103096,53905,2516347,41033,2395889,17159,190860,52652,1481852,0.187634,59225,1949003,0.246785,70738,3430855,0.434418,7897587
2,2021-04-09,101048,5204144,47620,2563967,38383,2434272,15045,205905,48071,1493565,0.189117,52771,2001774,0.253467,64484,3495339,0.442583,7897587
2,2021-04-10,74397,5278541,32929,2596896,26255,2460527,15213,221118,31022,1497721,0.189643,43246,2045020,0.258942,47402,3542741,0.448585,7897587
2,2021-04-11,41617,5320158,21608,2618504,12382,2472909,7627,228745,17554,1499789,0.189905,23989,2069009,0.26198,26057,3568798,0.451885,7897587
2,2021-04-12,61291,5381449,26153,2644657,28232,2501141,6906,235651,28906,1504214,0.190465,32202,2101211,0.266057,36627,3605425,0.456522,7897587
2,2021-04-13,48460,5429909,22265,2666922,26075,2527216,120,235771,27178,1510970,0.19132,21171,2122382,0.268738,27927,3633352,0.460058,7897587
3,2020-12-15,299,299,299,299,0,0,0,0,299,299,3.9e-05,0,0,0.0,299,299,3.9e-05,7688185
3,2020-12-16,2102,2401,2102,2401,0,0,0,0,2102,2401,0.000312,0,0,0.0,2102,2401,0.000312,7688185
3,2020-12-17,7472,9873,7472,9873,0,0,0,0,7472,9873,0.001284,0,0,0.0,7472,9873,0.001284,7688185
3,2020-12-18,12651,22524,12641,22514,10,10,0,0,12649,22522,0.002929,0,0,0.0,12649,22522,0.002929,7688185
3,2020-12-19,6935,29459,6924,29438,11,21,0,0,6999,29521,0.00384,0,0,0.0,6999,29521,0.00384,7688185
3,2020-12-20,5430,34889,5422,34860,8,29,0,0,5478,34998,0.004552,1,1,0.0,5478,34999,0.004552,7688185
3,2020-12-21,14019,48908,14008,48868,11,40,0,0,14084,49081,0.006384,1,2,0.0,14084,49083,0.006384,7688185
3,2020-12-22,14205,63113,13674,62542,531,571,0,0,14243,63324,0.008237,0,2,0.0,14243,63326,0.008237,7688185
3,2020-12-23,14344,77457,11792,74334,2552,3123,0,0,14373,77697,0.010106,0,2,0.0,14373,77699,0.010106,7688185
3,2020-12-24,6716,84173,4817,79151,1899,5022,0,0,6714,84410,0.010979,1,3,0.0,6714,84413,0.01098,7688185
3,2020-12-25,717,84890,663,79814,54,5076,0,0,716,85126,0.011072,0,3,0.0,716,85129,0.011073,7688185
3,2020-12-26,4567,89457,2981,82795,1586,6662,0,0,4565,89691,0.011666,0,3,0.0,4565,89694,0.011666,7688185
3,2020-12-27,2945,92402,1829,84624,1116,7778,0,0,2946,92637,0.012049,0,3,0.0,2946,92640,0.01205,7688185
3,2020-12-28,13235,105637,8468,93092,4767,12545,0,0,13262,105898,0.013774,1,4,1e-06,13262,105902,0.013775,7688185
3,2020-12-29,14720,120357,8297,101389,6423,18968,0,0,14752,120649,0.015693,1,5,1e-06,14752,120654,0.015693,7688185
3,2020-12-30,17704,138061,9918,111307,7786,26754,0,0,17693,138342,0.017994,0,5,1e-06,17693,138347,0.017995,7688185
3,2020-12-31,8004,146065,3012,114319,4992,31746,0,0,8002,146342,0.019035,2,7,1e-06,8002,146349,0.019036,7688185
3,2021-01-01,1094,147159,489,114808,605,32351,0,0,1091,147433,0.019177,0,7,1e-06,1091,147440,0.019177,7688185
3,2021-01-02,4896,152055,2409,117217,2487,34838,0,0,4897,152330,0.019814,0,7,1e-06,4897,152337,0.019814,7688185
3,2021-01-03,1550,153605,838,118055,712,35550,0,0,1557,153883,0.020016,4,11,1e-06,1557,153894,0.020017,7688185
3,2021-01-04,11723,165328,5901,123956,5822,41372,0,0,11698,165575,0.021536,6,17,2e-06,11698,165592,0.021539,7688185
3,2021-01-05,15283,180611,7878,131834,7405,48777,0,0,13761,177839,0.023131,1501,1518,0.000197,13765,179357,0.023329,7688185
3,2021-01-06,19634,200245,10245,142079,9389,58166,0,0,15510,189271,0.024618,4083,5601,0.000729,15515,194872,0.025347,7688185
3,2021-01-07,25446,225691,14517,156596,10929,69095,0,0,16562,196987,0.025622,8859,14460,0.001881,16575,211447,0.027503,7688185
3,2021-01-08,29544,255235,18110,174706,11434,80529,0,0,17600,202685,0.026363,11921,26381,0.003431,17619,229066,0.029795,7688185
3,2021-01-09,11894,267129,6685,181391,5209,85738,0,0,7664,206131,0.026811,4223,30604,0.003981,7669,236735,0.030792,7688185
3,2021-01-10,7112,274241,4440,185831,2672,88410,0,0,3988,207001,0.026925,3122,33726,0.004387,3992,240727,0.031311,7688185
3,2021-01-11,28108,302349,18329,204160,9779,98189,0,0,15952,210817,0.027421,12150,45876,0.005967,15966,256693,0.033388,7688185
3,2021-01-12,31301,333650,18640,222800,12661,110850,0,0,19208,218013,0.028357,12076,57952,0.007538,19272,275965,0.035895,7688185
3,2021-01-13,33783,367433,17735,240535,16048,126898,0,0,23922,232010,0.030177,9941,67893,0.008831,23938,299903,0.039008,7688185
3,2021-01-14,33730,401163,13938,254473,19792,146690,0,0,27989,254294,0.033076,5732,73625,0.009576,28016,327919,0.042652,7688185
3,2021-01-15,37909,439072,14211,268684,23698,170388,0,0,33396,283235,0.03684,4506,78131,0.010162,33447,361366,0.047003,7688185
3,2021-01-16,21333,460405,7574,276258,13759,184147,0,0,19039,300014,0.039023,2280,80411,0.010459,19059,380425,0.049482,7688185
3,2021-01-17,12595,473000,4451,280709,8144,192291,0,0,11581,310598,0.040399,1014,81425,0.010591,11598,392023,0.05099,7688185
3,2021-01-18,24362,497362,12659,293368,11703,203994,0,0,18950,324150,0.042162,5432,86857,0.011297,18984,411007,0.05346,7688185
3,2021-01-19,39799,537161,20523,313891,19276,223270,0,0,30946,346345,0.045049,8830,95687,0.012446,31025,442032,0.057495,7688185
3,2021-01-20,43821,580982,21568,335459,22253,245523,0,0,34736,372097,0.048399,9050,104737,0.013623,34802,476834,0.062022,7688185
3,2021-01-21,45963,626945,19696,355155,26267,271790,0,0,40778,407808,0.053043,5118,109855,0.014289,40829,517663,0.067332,7688185
3,2021-01-22,48205,675150,19219,374374,28986,300776,0,0,44168,447988,0.05827,4053,113908,0.014816,44233,561896,0.073086,7688185
3,2021-01-23,29580,704730,12616,386990,16964,317740,0,0,26306,471069,0.061272,3263,117171,0.01524,26344,588240,0.076512,7688185
3,2021-01-24,17246,721976,8408,395398,8838,326578,0,0,16113,486075,0.063224,1130,118301,0.015387,16136,604376,0.078611,7688185
3,2021-01-25,39478,761454,17597,412995,21881,348459,0,0,29847,506382,0.065865,9618,127919,0.016638,29925,634301,0.082503,7688185
3,2021-01-26,45657,807111,21836,434831,23821,372280,0,0,35920,532676,0.069285,9734,137653,0.017904,36028,670329,0.087189,7688185
3,2021-01-27,49269,856380,23924,458755,25345,397625,0,0,39065,561686,0.073058,10122,147775,0.019221,39132,709461,0.092279,7688185
3,2021-01-28,50081,906461,23365,482120,26716,424341,0,0,41556,594831,0.077369,8450,156225,0.02032,41595,751056,0.09769,7688185
3,2021-01-29,49148,955609,23729,505849,25419,449760,0,0,39926,625714,0.081386,9084,165309,0.021502,39967,791023,0.102888,7688185
3,2021-01-30,35664,991273,17110,522959,18554,468314,0,0,31431,652797,0.084909,4418,169727,0.022076,31501,822524,0.106985,7688185
3,2021-01-31,21710,1012983,12746,535705,8964,477278,0,0,20268,671643,0.08736,1435,171162,0.022263,20281,842805,0.109623,7688185
3,2021-02-01,44061,1057044,19920,555625,24141,501419,0,0,34136,695925,0.090519,9889,181051,0.023549,34171,876976,0.114068,7688185
3,2021-02-02,52722,1109766,22296,577921,30426,531845,0,0,40352,723958,0.094165,12365,193416,0.025158,40398,917374,0.119323,7688185
3,2021-02-03,58742,1168508,26274,604195,32468,564313,0,0,43869,753136,0.09796,14753,208169,0.027076,43931,961305,0.125037,7688185
3,2021-02-04,62689,1231197,27431,631626,35258,599571,0,0,46163,782877,0.101829,16519,224688,0.029225,46260,1007565,0.131054,7688185
3,2021-02-05,68654,1299851,29290,660916,39364,638935,0,0,47738,809894,0.105343,20885,245573,0.031942,47902,1055467,0.137284,7688185
3,2021-02-06,43026,1342877,20932,681848,22094,661029,0,0,33385,833851,0.108459,9615,255188,0.033192,33572,1089039,0.141651,7688185
3,2021-02-07,19244,1362121,12145,693993,7099,668128,0,0,14806,844356,0.109825,4426,259614,0.033768,14931,1103970,0.143593,7688185
3,2021-02-08,49979,1412100,23958,717951,26021,694149,0,0,32980,860430,0.111916,17093,276707,0.035991,33167,1137137,0.147907,7688185
3,2021-02-09,56840,1468940,27760,745711,29080,723229,0,0,33327,870595,0.113238,23504,300211,0.039048,33669,1170806,0.152286,7688185
3,2021-02-10,65575,1534515,30845,776556,34730,757959,0,0,35508,876641,0.114024,29979,330190,0.042948,36025,1206831,0.156972,7688185
3,2021-02-11,67982,1602497,33471,810027,34511,792470,0,0,36721,882807,0.114826,31085,361275,0.046991,37251,1244082,0.161817,7688185
3,2021-02-12,73030,1675527,31636,841663,41394,833864,0,0,40734,892035,0.116027,32256,393531,0.051186,41484,1285566,0.167213,7688185
3,2021-02-13,43603,1719130,20030,861693,23573,857437,0,0,25332,899819,0.117039,18136,411667,0.053545,25920,1311486,0.170585,7688185
3,2021-02-14,26441,1745571,13408,875101,13033,870470,0,0,15025,903931,0.117574,11374,423041,0.055025,15486,1326972,0.172599,7688185
3,2021-02-15,39122,1784693,16844,891945,22278,892748,0,0,21798,909418,0.118288,17266,440307,0.057271,22753,1349725,0.175558,7688185
3,2021-02-16,67632,1852325,32306,924251,35326,928074,0,0,35570,913978,0.118881,32061,472368,0.061441,36621,1386346,0.180322,7688185
3,2021-02-17,69149,1921474,35211,959462,33938,962012,0,0,33142,912375,0.118672,35873,508241,0.066107,34270,1420616,0.184779,7688185
3,2021-02-18,73732,1995206,38723,998185,35009,997021,0,0,34457,909000,0.118233,39207,547448,0.071206,35832,1456448,0.18944,7688185
3,2021-02-19,65672,2060878,37978,1036163,27694,1024715,0,0,33653,911240,0.118525,32108,579556,0.075383,34348,1490796,0.193907,7688185
3,2021-02-20,40361,2101239,25629,1061792,14732,1039447,0,0,21584,914613,0.118963,18705,598261,0.077816,22078,1512874,0.196779,7688185
3,2021-02-21,18875,2120114,15473,1077265,3402,1042849,0,0,8902,914040,0.118889,9915,608176,0.079105,9342,1522216,0.197994,7688185
3,2021-02-22,43296,2163410,28093,1105358,15203,1058052,0,0,20253,911849,0.118604,23004,631180,0.082097,20813,1543029,0.200701,7688185
3,2021-02-23,57411,2220821,31294,1136652,26117,1084169,0,0,25143,906817,0.117949,32218,663398,0.086288,27186,1570215,0.204237,7688185
3,2021-02-24,73317,2294138,35584,1172236,37733,1121902,0,0,32352,900843,0.117172,40888,704286,0.091606,34914,1605129,0.208779,7688185
3,2021-02-25,81292,2375430,39133,1211369,42159,1164061,0,0,40530,903414,0.117507,40591,744877,0.096886,43162,1648291,0.214393,7688185
3,2021-02-26,92867,2468297,42251,1253620,50616,1214677,0,0,49265,911530,0.118562,43336,788213,0.102523,51452,1699743,0.221085,7688185
3,2021-02-27,64919,2533216,29445,1283065,35471,1250148,3,3,34613,917270,0.119309,30188,818401,0.106449,35928,1735671,0.225758,7688185
3,2021-02-28,36519,2569735,21425,1304490,15094,1265242,0,3,18942,919747,0.119631,17470,835871,0.108721,19947,1755618,0.228353,7688185
3,2021-03-01,63516,2633251,33719,1338209,29794,1295036,3,6,35514,928793,0.120808,27885,863756,0.112348,36931,1792549,0.233156,7688185
3,2021-03-02,70395,2703646,33905,1372114,36489,1331525,1,7,41328,943284,0.122693,28955,892711,0.116115,43446,1835995,0.238807,7688185
3,2021-03-03,83733,2787379,39492,1411606,44230,1375755,11,18,46100,954245,0.124118,37489,930200,0.120991,48450,1884445,0.245109,7688185
3,2021-03-04,86892,2874271,42652,1454258,44225,1419980,15,33,49575,969003,0.126038,37164,967364,0.125825,51922,1936367,0.251863,7688185
3,2021-03-05,84427,2958698,41115,1495373,43030,1463010,282,315,51670,990674,0.128857,32581,999945,0.130063,54252,1990619,0.258919,7688185
3,2021-03-06,61264,3019962,30668,1526041,28493,1491503,2103,2418,34995,1003159,0.130481,26173,1026118,0.133467,38658,2029277,0.263947,7688185
3,2021-03-07,36168,3056130,21299,1547340,13785,1505288,1084,3502,20806,1011442,0.131558,15323,1041441,0.13546,23606,2052883,0.267018,7688185
3,2021-03-08,56015,3112145,26707,1574047,26540,1531828,2768,6270,35436,1030755,0.13407,20486,1061927,0.138125,39799,2092682,0.272195,7688185
3,2021-03-09,67412,3179557,28686,1602733,34438,1566266,4288,10558,35077,1039714,0.135235,32263,1094190,0.142321,41222,2133904,0.277556,7688185
3,2021-03-10,77128,3256685,37878,1640611,33462,1599728,5788,16346,40310,1051165,0.136725,36698,1130888,0.147094,48149,2182053,0.283819,7688185
3,2021-03-11,91400,3348085,44851,1685462,38481,1638209,8068,24414,44916,1059460,0.137804,46308,1177196,0.153118,54603,2236656,0.290921,7688185
3,2021-03-12,97317,3445402,43187,1728649,42618,1680827,11512,35926,44405,1063762,0.138363,52771,1229967,0.159981,57073,2293729,0.298345,7688185
3,2021-03-13,66704,3512106,28115,1756764,31523,1712350,7066,42992,35207,1076006,0.139956,31427,1261394,0.164069,43671,2337400,0.304025,7688185
3,2021-03-14,39606,3551712,20884,1777648,15296,1727646,3426,46418,21610,1083836,0.140974,17948,1279342,0.166404,25778,2363178,0.307378,7688185
3,2021-03-15,72708,3624420,34138,1811786,34210,1761856,4360,50778,38855,1094698,0.142387,33735,1313077,0.170792,44597,2407775,0.313179,7688185
3,2021-03-16,90901,3715321,41677,1853463,45166,1807022,4058,54836,52036,1113545,0.144838,38718,1351795,0.175828,57565,2465340,0.320666,7688185
3,2021-03-17,93635,3808956,45029,1898492,44326,1851348,4280,59116,57867,1140916,0.148399,35616,1387411,0.18046,62987,2528327,0.328859,7688185
3,2021-03-18,97365,3906321,49049,1947541,44123,1895471,4193,63309,57255,1163892,0.151387,39936,1427347,0.185655,62912,2591239,0.337042,7688185
3,2021-03-19,97619,4003940,51711,1999252,41729,1937200,4179,67488,55706,1182743,0.153839,41746,1469093,0.191085,60597,2651836,0.344924,7688185
3,2021-03-20,69262,4073202,35605,2034857,30180,1967380,3477,70965,43900,1205613,0.156814,25220,1494313,0.194365,48090,2699926,0.351179,7688185
3,2021-03-21,34647,4107849,23614,2058471,9617,1976997,1416,72381,22663,1218913,0.158544,11920,1506233,0.195915,25220,2725146,0.354459,7688185
3,2021-03-22,67504,4175353,39474,2097945,25792,2002789,2238,74619,44536,1244347,0.161852,22827,1529060,0.198884,48261,2773407,0.360736,7688185
3,2021-03-23,86103,4261456,47436,2145381,36330,2039119,2337,76956,56342,1274848,0.165819,29592,1558652,0.202733,60093,2833500,0.368553,7688185
3,2021-03-24,94960,4356416,54938,2200319,37541,2076660,2481,79437,56404,1296816,0.168676,38315,1596967,0.207717,60283,2893783,0.376394,7688185
3,2021-03-25,102331,4458747,56844,2257163,42732,2119392,2755,82192,59438,1317587,0.171378,42654,1639621,0.213265,63425,2957208,0.384643,7688185
3,2021-03-26,105939,4564686,57106,2314269,45679,2165071,3154,85346,56919,1330338,0.173037,48797,1688418,0.219612,61548,3018756,0.392649,7688185
3,2021-03-27,71745,4636431,36121,2350390,33111,2198182,2513,87859,36269,1334480,0.173575,35327,1723745,0.224207,39469,3058225,0.397782,7688185
3,2021-03-28,42531,4678962,26733,2377123,15008,2213190,790,88649,22781,1338876,0.174147,19676,1743421,0.226766,24072,3082297,0.400913,7688185
3,2021-03-29,77610,4756572,40687,2417810,35232,2248422,1691,90340,44601,1353748,0.176082,32842,1776263,0.231038,47714,3130011,0.40712,7688185
3,2021-03-30,96874,4853446,47714,2465524,45882,2294304,3278,93618,59702,1380717,0.179589,37001,1813264,0.235851,63970,3193981,0.41544,7688185
3,2021-03-31,101655,4955101,54743,2520267,42221,2336525,4691,98309,57437,1399130,0.181984,44068,1857332,0.241583,62481,3256462,0.423567,7688185
3,2021-04-01,117598,5072699,59455,2579722,48926,2385451,9217,107526,65390,1422537,0.185029,52037,1909369,0.248351,75444,3331906,0.43338,7688185
3,2021-04-02,112352,5185051,55060,2634782,47707,2433158,9585,117111,61104,1442725,0.187655,51058,1960427,0.254992,71246,3403152,0.442647,7688185
3,2021-04-03,73303,5258354,37189,2671971,27305,2460463,8809,125920,37404,1453622,0.189072,35770,1996197,0.259645,46667,3449819,0.448717,7688185
3,2021-04-04,31238,5289592,16766,2688737,10593,2471056,3879,129799,13926,1454230,0.189151,17263,2013460,0.26189,17871,3467690,0.451041,7688185
3,2021-04-05,86031,5375623,43850,2732587,33496,2504552,8685,138484,43387,1464683,0.190511,42520,2055980,0.267421,52973,3520663,0.457932,7688185
3,2021-04-06,107399,5483022,52531,2785118,40487,2545039,14381,152865,51843,1476539,0.192053,55370,2111350,0.274623,67226,3587889,0.466676,7688185
3,2021-04-07,109713,5592735,57020,2842138,37761,2582800,14932,167797,54103,1490803,0.193908,55422,2166772,0.281831,69686,3657575,0.47574,7688185
3,2021-04-08,112509,5705244,57005,2899143,37344,2620144,18160,185957,53558,1504777,0.195726,58743,2225515,0.289472,72717,3730292,0.485198,7688185
3,2021-04-09,99673,5804917,49425,2948568,34384,2654528,15864,201821,44942,1512158,0.196686,54566,2280081,0.296569,61947,3792239,0.493255,7688185
3,2021-04-10,70606,5875523,31853,2980421,25752,2680280,13001,214822,28748,1513296,0.196834,41724,2321805,0.301997,42862,3835101,0.49883,7688185
3,2021-04-11,41461,5916984,22185,3002606,12193,2692473,7083,221905,15908,1511631,0.196617,25493,2347298,0.305312,23828,3858929,0.50193,7688185
3,2021-04-12,63495,5980479,29552,3032158,27305,2719778,6638,228543,29960,1515758,0.197154,33397,2380695,0.309656,37524,3896453,0.506811,7688185
3,2021-04-13,46994,6027473,22744,3054902,24183,2743961,67,228610,25100,1519577,0.197651,21790,2402485,0.312491,25609,3922062,0.510141,7688185
4,2020-12-15,444,444,444,444,0,0,0,0,444,444,5.9e-05,0,0,0.0,444,444,5.9e-05,7584050
4,2020-12-16,2916,3360,2916,3360,0,0,0,0,2916,3360,0.000443,0,0,0.0,2916,3360,0.000443,7584050
4,2020-12-17,8429,11789,8429,11789,0,0,0,0,8429,11789,0.001554,0,0,0.0,8429,11789,0.001554,7584050
4,2020-12-18,15246,27035,15237,27026,9,9,0,0,15245,27033,0.003564,1,1,0.0,15245,27034,0.003565,7584050
4,2020-12-19,10165,37200,10159,37185,6,15,0,0,10100,37133,0.004896,0,1,0.0,10100,37134,0.004896,7584050
4,2020-12-20,7337,44537,7325,44510,12,27,0,0,7290,44423,0.005857,0,1,0.0,7290,44424,0.005858,7584050
4,2020-12-21,16140,60677,16120,60630,20,47,0,0,16073,60496,0.007977,0,1,0.0,16073,60497,0.007977,7584050
4,2020-12-22,16941,77618,16233,76863,708,755,0,0,16899,77395,0.010205,0,1,0.0,16899,77396,0.010205,7584050
4,2020-12-23,16743,94361,14083,90946,2660,3415,0,0,16713,94108,0.012409,0,1,0.0,16713,94109,0.012409,7584050
4,2020-12-24,8484,102845,5919,96865,2565,5980,0,0,8484,102592,0.013527,0,1,0.0,8484,102593,0.013527,7584050
4,2020-12-25,896,103741,791,97656,105,6085,0,0,895,103486,0.013645,1,2,0.0,895,103488,0.013645,7584050
4,2020-12-26,6155,109896,3860,101516,2295,8380,0,0,6154,109640,0.014457,0,2,0.0,6154,109642,0.014457,7584050
4,2020-12-27,3408,113304,1991,103507,1417,9797,0,0,3408,113048,0.014906,0,2,0.0,3408,113050,0.014906,7584050
4,2020-12-28,14856,128160,9192,112699,5664,15461,0,0,14827,127874,0.016861,1,3,0.0,14827,127877,0.016861,7584050
4,2020-12-29,15138,143298,8384,121083,6754,22215,0,0,15103,142977,0.018852,0,3,0.0,15103,142980,0.018853,7584050
4,2020-12-30,18750,162048,11016,132099,7734,29949,0,0,18739,161714,0.021323,2,5,1e-06,18739,161719,0.021324,7584050
4,2020-12-31,8129,170177,3302,135401,4827,34776,0,0,8124,169836,0.022394,2,7,1e-06,8124,169843,0.022395,7584050
4,2021-01-01,1105,171282,458,135859,647,35423,0,0,1105,170941,0.02254,0,7,1e-06,1105,170948,0.02254,7584050
4,2021-01-02,5616,176898,3178,139037,2438,37861,0,0,5615,176555,0.02328,1,8,1e-06,5615,176563,0.023281,7584050
4,2021-01-03,2098,178996,1246,140283,852,38713,0,0,2084,178635,0.023554,4,12,2e-06,2084,178647,0.023556,7584050
4,2021-01-04,12865,191861,7016,147299,5849,44562,0,0,12817,191421,0.02524,31,43,6e-06,12817,191464,0.025246,7584050
4,2021-01-05,16556,208417,9796,157095,6760,51322,0,0,14566,204030,0.026903,1966,2009,0.000265,14575,206039,0.027167,7584050
4,2021-01-06,21289,229706,13065,170160,8224,59546,0,0,15509,213825,0.028194,5725,7734,0.00102,15520,221559,0.029214,7584050
4,2021-01-07,27473,257179,16739,186899,10734,70280,0,0,16910,220139,0.029027,10609,18343,0.002419,16923,238482,0.031445,7584050
4,2021-01-08,32399,289578,20790,207689,11609,81889,0,0,18374,224567,0.02961,13960,32303,0.004259,18388,256870,0.03387,7584050
4,2021-01-09,15939,305517,9404,217093,6535,88424,0,0,9346,227351,0.029978,6572,38875,0.005126,9356,266226,0.035103,7584050
4,2021-01-10,8665,314182,5600,222693,3065,91489,0,0,4076,226866,0.029914,4567,43442,0.005728,4082,270308,0.035642,7584050
4,2021-01-11,32991,347173,21564,244257,11427,102916,0,0,18634,231202,0.030485,14317,57759,0.007616,18653,288961,0.038101,7584050
4,2021-01-12,37686,384859,21564,265821,16122,119038,0,0,23827,241204,0.031804,13861,71620,0.009444,23863,312824,0.041248,7584050
4,2021-01-13,38113,422972,18748,284569,19365,138403,0,0,27038,257241,0.033919,11022,82642,0.010897,27059,339883,0.044816,7584050
4,2021-01-14,38600,461572,14730,299299,23870,162273,0,0,31593,281898,0.03717,6964,89606,0.011815,31621,371504,0.048985,7584050
4,2021-01-15,44757,506329,15501,314800,29256,191529,0,0,39289,315796,0.041639,5413,95019,0.012529,39311,410815,0.054168,7584050
4,2021-01-16,28365,534694,9287,324087,19078,210607,0,0,25269,338020,0.04457,3059,98078,0.012932,25283,436098,0.057502,7584050
4,2021-01-17,18842,553536,6620,330707,12222,222829,0,0,17339,353895,0.046663,1478,99556,0.013127,17353,453451,0.05979,7584050
4,2021-01-18,29020,582556,13329,344036,15691,238520,0,0,23088,371177,0.048942,5836,105392,0.013897,23118,476569,0.062838,7584050
4,2021-01-19,45575,628131,23100,367136,22475,260995,0,0,36349,398427,0.052535,9170,114562,0.015106,36420,512989,0.067641,7584050
4,2021-01-20,50866,678997,26904,394040,23962,284957,0,0,40594,428889,0.056551,10180,124742,0.016448,40642,553631,0.072999,7584050
4,2021-01-21,55611,734608,24544,418584,31067,316024,0,0,49352,472076,0.062246,6198,130940,0.017265,49385,603016,0.079511,7584050
4,2021-01-22,54293,788901,21819,440403,32474,348498,0,0,49265,516444,0.068096,4926,135866,0.017915,49294,652310,0.086011,7584050
4,2021-01-23,39224,828125,17362,457765,21862,370360,0,0,34962,547181,0.072149,4253,140119,0.018475,34990,687300,0.090624,7584050
4,2021-01-24,23697,851822,10397,468162,13300,383660,0,0,21844,567192,0.074787,1847,141966,0.018719,21858,709158,0.093507,7584050
4,2021-01-25,47110,898932,21746,489908,25364,409024,0,0,36219,592598,0.078137,10866,152832,0.020152,36272,745430,0.098289,7584050
4,2021-01-26,55664,954596,28448,518356,27216,436240,0,0,43733,624535,0.082348,11875,164707,0.021718,43812,789242,0.104066,7584050
4,2021-01-27,54517,1009113,26394,544750,28123,464363,0,0,43713,657629,0.086712,10667,175374,0.023124,43761,833003,0.109836,7584050
4,2021-01-28,55670,1064783,25260,570010,30410,494773,0,0,45879,693845,0.091487,9703,185077,0.024403,45919,878922,0.115891,7584050
4,2021-01-29,55537,1120320,26699,596709,28838,523611,0,0,45387,729242,0.096155,10012,195089,0.025724,45409,924331,0.121878,7584050
4,2021-01-30,37218,1157538,16949,613658,20269,543880,0,0,32025,756143,0.099702,5146,200235,0.026402,32047,956378,0.126104,7584050
4,2021-01-31,23681,1181219,12441,626099,11240,555120,0,0,22112,776709,0.102413,1555,201790,0.026607,22121,978499,0.129021,7584050
4,2021-02-01,47762,1228981,22580,648679,25182,580302,0,0,37590,804186,0.106036,10152,211942,0.027946,37629,1016128,0.133982,7584050
4,2021-02-02,55392,1284373,26319,674998,29073,609375,0,0,41786,832534,0.109774,13476,225418,0.029723,41824,1057952,0.139497,7584050
4,2021-02-03,61336,1345709,30185,705183,31151,640526,0,0,47308,865973,0.114183,13923,239341,0.031558,47362,1105314,0.145742,7584050
4,2021-02-04,66674,1412383,31151,736334,35523,676049,0,0,50195,899943,0.118663,16325,255666,0.033711,50295,1155609,0.152374,7584050
4,2021-02-05,71974,1484357,33388,769722,38586,714635,0,0,50300,928944,0.122487,21434,277100,0.036537,50435,1206044,0.159024,7584050
4,2021-02-06,47818,1532175,25883,795605,21935,736570,0,0,36461,954281,0.125827,11331,288431,0.038031,36668,1242712,0.163859,7584050
4,2021-02-07,26159,1558334,17246,812851,8913,745483,0,0,19837,968065,0.127645,6286,294717,0.03886,20070,1262782,0.166505,7584050
4,2021-02-08,57533,1615867,29549,842400,27984,773467,0,0,37413,985741,0.129976,19996,314713,0.041497,37672,1300454,0.171472,7584050
4,2021-02-09,66220,1682087,33837,876237,32383,805850,0,0,38856,997685,0.13155,27308,342021,0.045097,39252,1339706,0.176648,7584050
4,2021-02-10,76297,1758384,38236,914473,38061,843911,0,0,40768,1003672,0.13234,35309,377330,0.049753,41296,1381002,0.182093,7584050
4,2021-02-11,79639,1838023,41529,956002,38110,882021,0,0,41357,1007602,0.132858,38085,415415,0.054775,42015,1423017,0.187633,7584050
4,2021-02-12,83097,1921120,37235,993237,45862,927883,0,0,42993,1011416,0.133361,39955,455370,0.060043,43769,1466786,0.193404,7584050
4,2021-02-13,57965,1979085,29418,1022655,28547,956430,0,0,29682,1013767,0.133671,28221,483591,0.063764,30572,1497358,0.197435,7584050
4,2021-02-14,36394,2015479,18930,1041585,17464,973894,0,0,18803,1015645,0.133919,17598,501189,0.066085,19476,1516834,0.200003,7584050
4,2021-02-15,45454,2060933,21277,1062862,24177,998071,0,0,23534,1018520,0.134298,21861,523050,0.068967,24736,1541570,0.203265,7584050
4,2021-02-16,78649,2139582,36048,1098910,42601,1040672,0,0,40370,1021960,0.134751,38205,561255,0.074005,41645,1583215,0.208756,7584050
4,2021-02-17,79643,2219225,37603,1136513,42040,1082712,0,0,38309,1020248,0.134525,41199,602454,0.079437,39487,1622702,0.213962,7584050
4,2021-02-18,81685,2300910,45144,1181657,36541,1119253,0,0,38087,1016368,0.134014,43465,645919,0.085168,39585,1662287,0.219182,7584050
4,2021-02-19,80228,2381138,50547,1232204,29681,1148934,0,0,40556,1018079,0.134239,39546,685465,0.090382,41257,1703544,0.224622,7584050
4,2021-02-20,47419,2428557,31930,1264134,15489,1164423,0,0,26309,1023914,0.135009,21169,706634,0.093174,27004,1730548,0.228183,7584050
4,2021-02-21,25307,2453864,19817,1283951,5490,1169913,0,0,11651,1022147,0.134776,13749,720383,0.094987,11982,1742530,0.229762,7584050
4,2021-02-22,51586,2505450,35585,1319536,16001,1185914,0,0,25122,1021399,0.134677,26390,746773,0.098466,25642,1768172,0.233144,7584050
4,2021-02-23,71433,2576883,39564,1359100,31869,1217783,0,0,31457,1014719,0.133796,39877,786650,0.103724,33197,1801369,0.237521,7584050
4,2021-02-24,86501,2663384,45451,1404551,41050,1258833,0,0,39272,1009121,0.133058,47064,833714,0.10993,41466,1842835,0.242988,7584050
4,2021-02-25,96373,2759757,50160,1454711,46213,1305046,0,0,46213,1007897,0.132897,50026,883740,0.116526,48802,1891637,0.249423,7584050
4,2021-02-26,102733,2862490,51718,1506429,51015,1356061,0,0,53032,1013758,0.13367,49507,933247,0.123054,55368,1947005,0.256724,7584050
4,2021-02-27,74076,2936566,40129,1546558,33942,1390003,5,5,39657,1020536,0.134563,34369,967616,0.127586,41147,1988152,0.262149,7584050
4,2021-02-28,44506,2981072,27639,1574197,16866,1406869,1,6,24839,1026712,0.135378,19612,987228,0.130172,25788,2013940,0.265549,7584050
4,2021-03-01,73445,3054517,42850,1617047,30592,1437461,3,9,40697,1036074,0.136612,32594,1019822,0.134469,41956,2055896,0.271082,7584050
4,2021-03-02,76490,3131007,42823,1659870,33664,1471125,3,12,45842,1053234,0.138875,30527,1050349,0.138494,47687,2103583,0.277369,7584050
4,2021-03-03,95442,3226449,50363,1710233,45074,1516199,5,17,52578,1064941,0.140419,42703,1093052,0.144125,54410,2157993,0.284544,7584050
4,2021-03-04,92988,3319437,51728,1761961,41248,1557447,12,29,51311,1076558,0.14195,41518,1134570,0.149599,53135,2211128,0.29155,7584050
4,2021-03-05,90346,3409783,48323,1810284,41719,1599166,304,333,53546,1095908,0.144502,36656,1171226,0.154433,56006,2267134,0.298934,7584050
4,2021-03-06,72466,3482249,40720,1851004,29165,1628331,2581,2914,44264,1116096,0.147164,28122,1199348,0.158141,48310,2315444,0.305304,7584050
4,2021-03-07,40973,3523222,26061,1877065,13783,1642114,1129,4043,24260,1126715,0.148564,16657,1216005,0.160337,27276,2342720,0.308901,7584050
4,2021-03-08,64060,3587282,33196,1910261,27775,1669889,3089,7132,42183,1151544,0.151838,21791,1237796,0.16321,46620,2389340,0.315048,7584050
4,2021-03-09,72131,3659413,33339,1943600,33736,1703625,5056,12188,37272,1160776,0.153055,34733,1272529,0.16779,43965,2433305,0.320845,7584050
4,2021-03-10,86673,3746086,44102,1987702,35356,1738981,7215,19403,43383,1169690,0.15423,43182,1315711,0.173484,52096,2485401,0.327714,7584050
4,2021-03-11,97984,3844070,51602,2039304,38395,1777376,7987,27390,45301,1172076,0.154545,52506,1368217,0.180407,54892,2540293,0.334952,7584050
4,2021-03-12,101398,3945468,50008,2089312,41433,1818809,9957,37347,43362,1168515,0.154075,57853,1426070,0.188035,54292,2594585,0.342111,7584050
4,2021-03-13,78078,4023546,36426,2125738,33467,1852276,8185,45532,36504,1172916,0.154656,41467,1467537,0.193503,45868,2640453,0.348159,7584050
4,2021-03-14,48558,4072104,27804,2153542,17222,1869498,3532,49064,24851,1178310,0.155367,23649,1491186,0.196621,29043,2669496,0.351988,7584050
4,2021-03-15,82159,4154263,43865,2197407,34155,1903653,4139,53203,42454,1187179,0.156536,39562,1530748,0.201838,48431,2717927,0.358374,7584050
4,2021-03-16,104757,4259020,54428,2251835,47019,1950672,3310,56513,56124,1199821,0.158203,48458,1579206,0.208227,61100,2779027,0.36643,7584050
4,2021-03-17,103049,4362069,55462,2307297,44258,1994930,3329,59842,60490,1221942,0.16112,42381,1621587,0.213815,64502,2843529,0.374935,7584050
4,2021-03-18,102712,4464781,57066,2364363,42100,2037030,3546,63388,58763,1242251,0.163798,43758,1665345,0.219585,64067,2907596,0.383383,7584050
4,2021-03-19,106670,4571451,61034,2425397,40599,2077629,5037,68425,61499,1264364,0.166714,44979,1710324,0.225516,67092,2974688,0.392229,7584050
4,2021-03-20,81266,4652717,47507,2472904,30794,2108423,2965,71390,50622,1287978,0.169827,30486,1740810,0.229536,54100,3028788,0.399363,7584050
4,2021-03-21,46674,4699391,33749,2506653,10663,2119086,2262,73652,28351,1301931,0.171667,18218,1759028,0.231938,32171,3060959,0.403605,7584050
4,2021-03-22,79298,4778689,52150,2558803,24635,2143721,2513,76165,50582,1328058,0.175112,28567,1787595,0.235705,54694,3115653,0.410817,7584050
4,2021-03-23,101025,4879714,60236,2619039,38771,2182492,2018,78183,63434,1357681,0.179018,37386,1824981,0.240634,67009,3182662,0.419652,7584050
4,2021-03-24,109672,4989386,71050,2690089,36393,2218885,2229,80412,63153,1378329,0.18174,46221,1871202,0.246729,66869,3249531,0.428469,7584050
4,2021-03-25,112537,5101923,69042,2759131,41238,2260123,2257,82669,65452,1400577,0.184674,46727,1917929,0.25289,68975,3318506,0.437564,7584050
4,2021-03-26,115503,5217426,70114,2829245,42416,2302539,2973,85642,64722,1419215,0.187132,50539,1968468,0.259554,69177,3387683,0.446685,7584050
4,2021-03-27,88718,5306144,52403,2881648,34541,2337080,1774,87416,46229,1425388,0.187945,42319,2010787,0.265134,48492,3436175,0.453079,7584050
4,2021-03-28,54044,5360188,35499,2917147,17679,2354759,866,88282,30119,1432854,0.18893,23835,2034622,0.268276,31301,3467476,0.457206,7584050
4,2021-03-29,90785,5450973,54524,2971671,34291,2389050,1970,90252,50758,1447353,0.190842,39865,2074487,0.273533,54364,3521840,0.464375,7584050
4,2021-03-30,113663,5564636,61835,3033506,47852,2436902,3976,94228,73212,1485278,0.195842,40301,2114788,0.278847,78226,3600066,0.474689,7584050
4,2021-03-31,117685,5682321,69587,3103093,42001,2478903,6097,100325,69111,1512389,0.199417,48350,2163138,0.285222,75461,3675527,0.484639,7584050
4,2021-04-01,137385,5819706,78379,3181472,46313,2525216,12693,113018,82219,1553207,0.204799,54966,2218104,0.29247,95784,3771311,0.497269,7584050
4,2021-04-02,131644,5951350,70643,3252115,48310,2573526,12691,125709,77457,1589817,0.209626,53997,2272101,0.299589,90607,3861918,0.509216,7584050
4,2021-04-03,97776,6049126,52000,3304115,32900,2606426,12876,138585,52165,1609802,0.212262,45483,2317584,0.305587,65468,3927386,0.517848,7584050
4,2021-04-04,45143,6094269,23841,3327956,14245,2620671,7057,145642,19829,1611506,0.212486,25258,2342842,0.308917,26962,3954348,0.521403,7584050
4,2021-04-05,105071,6199340,59506,3387462,33421,2654092,12144,157786,55448,1630304,0.214965,49508,2392350,0.315445,68306,4022654,0.53041,7584050
4,2021-04-06,132822,6332162,74159,3461621,39502,2693594,19161,176947,69124,1656072,0.218362,63536,2455886,0.323822,89304,4111958,0.542185,7584050
4,2021-04-07,131268,6463430,74191,3535812,37329,2730923,19748,196695,68028,1681449,0.221709,63064,2518950,0.332138,88441,4200399,0.553846,7584050
4,2021-04-08,131398,6594828,73400,3609212,34418,2765341,23580,220275,65654,1706003,0.224946,65543,2584493,0.34078,90097,4290496,0.565726,7584050
4,2021-04-09,117597,6712425,63578,3672790,34672,2800013,19347,239622,56891,1723002,0.227188,60546,2645039,0.348763,77545,4368041,0.575951,7584050
4,2021-04-10,88063,6800488,43141,3715931,28792,2828805,16130,255752,39039,1730587,0.228188,48904,2693943,0.355212,56489,4424530,0.583399,7584050
4,2021-04-11,57635,6858123,34632,3750563,12755,2841560,10248,266000,25236,1734613,0.228719,32343,2726286,0.359476,36369,4460899,0.588195,7584050
4,2021-04-12,80245,6938368,45648,3796211,26489,2868049,8108,274108,41263,1746054,0.230227,38780,2765066,0.36459,50221,4511120,0.594817,7584050
4,2021-04-13,65625,7003993,37875,3834086,27691,2895740,59,274167,41198,1763540,0.232533,24324,2789390,0.367797,41810,4552930,0.60033,7584050
